#taxonomy	k__Bacteria;p__Bacteroidetes;c__Bacteroidia;o__Bacteroidales;f__Bacteroidaceae;g__Bacteroides;s__Bacteroides_vulgatus	k__Bacteria;p__Bacteroidetes;c__Bacteroidia;o__Bacteroidales;f__Bacteroidaceae;g__Bacteroides;s__Bacteroides_uniformis	k__Bacteria;p__Bacteroidetes;c__Bacteroidia;o__Bacteroidales;f__Rikenellaceae;g__Alistipes;s__Alistipes_putredinis	k__Bacteria;p__Bacteroidetes;c__Bacteroidia;o__Bacteroidales;f__Prevotellaceae;g__Prevotella;s__Prevotella_copri	k__Bacteria;p__Bacteroidetes;c__Bacteroidia;o__Bacteroidales;f__Bacteroidaceae;g__Bacteroides;s__Bacteroides_stercoris	k__Bacteria;p__Bacteroidetes;c__Bacteroidia;o__Bacteroidales;f__Bacteroidaceae;g__Bacteroides;s__Bacteroides_ovatus	k__Bacteria;p__Bacteroidetes;c__Bacteroidia;o__Bacteroidales;f__Rikenellaceae;g__Alistipes;s__Alistipes_shahii	k__Bacteria;p__Firmicutes;c__Clostridia;o__Clostridiales;f__Ruminococcaceae;g__Faecalibacterium;s__Faecalibacterium_prausnitzii	k__Bacteria;p__Bacteroidetes;c__Bacteroidia;o__Bacteroidales;f__Rikenellaceae;g__Alistipes;s__Alistipes_finegoldii	k__Bacteria;p__Bacteroidetes;c__Bacteroidia;o__Bacteroidales;f__Porphyromonadaceae;g__Parabacteroides;s__Parabacteroides_distasonis	k__Bacteria;p__Bacteroidetes;c__Bacteroidia;o__Bacteroidales;f__Bacteroidaceae;g__Bacteroides;s__Bacteroides_thetaiotaomicron	k__Bacteria;p__Bacteroidetes;c__Bacteroidia;o__Bacteroidales;f__Bacteroidaceae;g__Bacteroides;s__Bacteroides_coprocola	k__Bacteria;p__Bacteroidetes;c__Bacteroidia;o__Bacteroidales;f__Bacteroidaceae;g__Bacteroides;s__Bacteroides_cellulosilyticus	k__Bacteria;p__Bacteroidetes;c__Bacteroidia;o__Bacteroidales;f__Rikenellaceae;g__Alistipes;s__Alistipes_obesi	k__Bacteria;p__Firmicutes;c__Clostridia;o__Clostridiales;f__Lachnospiraceae;g__;s__[Eubacterium]_rectale	k__Bacteria;p__Bacteroidetes;c__Bacteroidia;o__Bacteroidales;f__Bacteroidaceae;g__Bacteroides;s__Bacteroides_plebeius	k__Bacteria;p__Bacteroidetes;c__Bacteroidia;o__Bacteroidales;f__Bacteroidaceae;g__Bacteroides;s__Bacteroides_fragilis	k__Bacteria;p__Proteobacteria;c__Betaproteobacteria;o__Burkholderiales;f__Sutterellaceae;g__Sutterella;s__Sutterella_wadsworthensis	k__Bacteria;p__Bacteroidetes;c__Bacteroidia;o__Bacteroidales;f__Porphyromonadaceae;g__Barnesiella;s__Barnesiella_intestinihominis	k__Bacteria;p__Bacteroidetes;c__Bacteroidia;o__Bacteroidales;f__Odoribacteraceae;g__Odoribacter;s__Odoribacter_splanchnicus	k__Bacteria;p__Bacteroidetes;c__Bacteroidia;o__Bacteroidales;f__Bacteroidaceae;g__Bacteroides;s__Bacteroides_salyersiae	k__Bacteria;p__Firmicutes;c__Clostridia;o__Clostridiales;f__Ruminococcaceae;g__Ruminiclostridium;s__[Eubacterium]_siraeum	k__Bacteria;p__Proteobacteria;c__Betaproteobacteria;o__Burkholderiales;f__Sutterellaceae;g__Parasutterella;s__Parasutterella_excrementihominis	k__Bacteria;p__Actinobacteria;c__Actinobacteria;o__Bifidobacteriales;f__Bifidobacteriaceae;g__Bifidobacterium;s__Bifidobacterium_adolescentis	k__Bacteria;p__Firmicutes;c__Clostridia;o__Clostridiales;f__Oscillospiraceae;g__Oscillibacter;s__Oscillibacter_sp._KLE_1745	k__Bacteria;p__Bacteroidetes;c__Bacteroidia;o__Bacteroidales;f__Bacteroidaceae;g__Bacteroides;s__Bacteroides_coprophilus	k__Bacteria;p__Firmicutes;c__Clostridia;o__Clostridiales;f__Lachnospiraceae;g__Roseburia;s__Roseburia_intestinalis	k__Bacteria;p__Firmicutes;c__Clostridia;o__Clostridiales;f__Lachnospiraceae;g__Roseburia;s__Roseburia_hominis	k__Bacteria;p__Bacteroidetes;c__Bacteroidia;o__Bacteroidales;f__Porphyromonadaceae;g__Parabacteroides;s__Parabacteroides_johnsonii	k__Bacteria;p__Actinobacteria;c__Actinobacteria;o__Bifidobacteriales;f__Bifidobacteriaceae;g__Bifidobacterium;s__Bifidobacterium_longum	k__Bacteria;p__Firmicutes;c__Clostridia;o__Clostridiales;f__;g__Flavonifractor;s__Flavonifractor_plautii	k__Bacteria;p__Firmicutes;c__Clostridia;o__Clostridiales;f__Clostridiaceae;g__Clostridium;s__Clostridium_phoceensis	k__Bacteria;p__Verrucomicrobia;c__Verrucomicrobiae;o__Verrucomicrobiales;f__Akkermansiaceae;g__Akkermansia;s__Akkermansia_muciniphila	k__Bacteria;p__Bacteroidetes;c__Bacteroidia;o__Bacteroidales;f__Prevotellaceae;g__Paraprevotella;s__Paraprevotella_xylaniphila	k__Bacteria;p__Firmicutes;c__Clostridia;o__Clostridiales;f__Ruminococcaceae;g__Ruminococcus;s__Ruminococcus_callidus	k__Bacteria;p__Bacteroidetes;c__Bacteroidia;o__Bacteroidales;f__Rikenellaceae;g__Alistipes;s__Alistipes_senegalensis	k__Bacteria;p__Firmicutes;c__Clostridia;o__Clostridiales;f__Lachnospiraceae;g__Blautia;s__Blautia_sp._KLE_1732	k__Bacteria;p__Bacteroidetes;c__Bacteroidia;o__Bacteroidales;f__Bacteroidaceae;g__Bacteroides;s__Bacteroides_oleiciplenus	k__Bacteria;p__Firmicutes;c__Clostridia;o__Clostridiales;f__Ruminococcaceae;g__Ruminococcus;s__Ruminococcus_bicirculans	k__Bacteria;p__Bacteroidetes;c__Bacteroidia;o__Bacteroidales;f__Bacteroidaceae;g__Bacteroides;s__Bacteroides_fluxus	k__Bacteria;p__Bacteroidetes;c__Bacteroidia;o__Bacteroidales;f__Prevotellaceae;g__Prevotella;s__Prevotella_stercorea	k__Bacteria;p__Firmicutes;c__Clostridia;o__Clostridiales;f__Lachnospiraceae;g__Dorea;s__Dorea_longicatena	k__Bacteria;p__Firmicutes;c__Clostridia;o__Clostridiales;f__Eubacteriaceae;g__Eubacterium;s__[Eubacterium]_eligens	k__Bacteria;p__Firmicutes;c__Clostridia;o__Clostridiales;f__Ruminococcaceae;g__;s__Ruminococcaceae_bacterium_D16	k__Bacteria;p__Firmicutes;c__Clostridia;o__Clostridiales;f__Lachnospiraceae;g__Coprococcus;s__Coprococcus_comes	k__Bacteria;p__Proteobacteria;c__Gammaproteobacteria;o__Enterobacterales;f__Enterobacteriaceae;g__Escherichia;s__Escherichia_coli	k__Bacteria;p__Firmicutes;c__Clostridia;o__Clostridiales;f__Ruminococcaceae;g__Anaerotruncus;s__Anaerotruncus_colihominis	k__Bacteria;p__Firmicutes;c__Clostridia;o__Clostridiales;f__Lachnospiraceae;g__Blautia;s__Blautia_obeum	k__Bacteria;p__Bacteroidetes;c__Bacteroidia;o__Bacteroidales;f__Odoribacteraceae;g__Odoribacter;s__Odoribacter_laneus	k__Bacteria;p__Firmicutes;c__Clostridia;o__Clostridiales;f__Ruminococcaceae;g__Ruminiclostridium;s__[Clostridium]_leptum	k__Bacteria;p__Bacteroidetes;c__Bacteroidia;o__Bacteroidales;f__Porphyromonadaceae;g__Parabacteroides;s__Parabacteroides_goldsteinii	k__Bacteria;p__Firmicutes;c__Clostridia;o__Clostridiales;f__Lachnospiraceae;g__Anaerostipes;s__Anaerostipes_hadrus	k__Bacteria;p__Firmicutes;c__Clostridia;o__Clostridiales;f__Ruminococcaceae;g__Ruminococcus;s__Ruminococcus_lactaris	k__Bacteria;p__Firmicutes;c__Clostridia;o__Clostridiales;f__Clostridiaceae;g__Clostridium;s__Clostridium_sp._L2-50	k__Bacteria;p__Firmicutes;c__Clostridia;o__Clostridiales;f__Clostridiaceae;g__Clostridium;s__Clostridium_sp._M62/1	k__Bacteria;p__Firmicutes;c__Clostridia;o__Clostridiales;f__;g__Intestinimonas;s__Intestinimonas_butyriciproducens	k__Bacteria;p__Actinobacteria;c__Actinobacteria;o__Bifidobacteriales;f__Bifidobacteriaceae;g__Bifidobacterium;s__Bifidobacterium_bifidum	k__Bacteria;p__Firmicutes;c__Negativicutes;o__Veillonellales;f__Veillonellaceae;g__Dialister;s__Dialister_invisus	k__Bacteria;p__Bacteroidetes;c__Bacteroidia;o__Bacteroidales;f__Bacteroidaceae;g__Bacteroides;s__Bacteroides_salanitronis
k__Bacteria;p__Bacteroidetes;c__Bacteroidia;o__Bacteroidales;f__Bacteroidaceae;g__Bacteroides;s__Bacteroides_vulgatus	1.0	-0.0726718121468	0.0342592691388	-0.0885520548728	-0.00395909867317	0.0265966978782	0.00713242107498	-0.0289540111891	-0.0131934210982	-0.0685357866581	0.0268047866265	-0.00944664278558	-0.0215599446573	0.0131669014483	0.00617041633946	-0.00452554637259	0.0045848364774	0.0641302329094	0.0193374948867	0.0534065164748	0.011365421668	-0.0731722045366	-0.0535477792576	0.0567000880144	0.0120823694877	-0.0625090782485	-0.062875835066	-0.0163624346961	0.0273772487772	-0.00923750642698	-0.051747723965	-0.0165065298651	-0.0601521632648	0.0149716894191	-0.0488356776975	0.0187495185	0.0182902892127	0.025250158712	-0.021483320043	0.0570884869816	0.031683885596	-0.0127457752912	-0.0406079272297	0.0116946862549	-0.0453920004952	-0.0645051740322	0.081523865266	-0.0037868699832	-0.0528310489916	-0.028555273196	-0.00841523705074	0.0218816877926	-0.0255443086254	-0.0138851666407	0.0593093602962	0.0616293787695	0.0197760374688	0.0436687650229	-0.0523873255277
k__Bacteria;p__Bacteroidetes;c__Bacteroidia;o__Bacteroidales;f__Bacteroidaceae;g__Bacteroides;s__Bacteroides_uniformis	-0.0726718121468	1.0	0.045606615497	-0.00774144958874	-0.0216800856354	-0.012755991472	-0.0165864307533	-0.0523786343525	-0.00319682210498	-0.0324241387463	0.0267367623887	-0.0245887403599	-0.0170521382754	0.089501207753	-0.0187265239954	0.0313228462045	0.0392416047854	0.0097613257448	-0.0624687731191	0.0849314334877	0.0249090221823	-0.00136189459792	-0.044933316775	-0.0604097147809	-0.0742976179831	-0.0195078949297	-0.0299491912787	-0.0421388965236	-0.0394361081868	0.0468910499288	-0.021376198527	-0.0466809665461	0.0175306132877	-0.0481500184051	-0.0123341773013	-0.061444339814	-0.0693546088986	0.05343329019	-0.0372388104836	-0.0438950004704	0.0388136704366	0.0247039703673	0.0970422705206	0.00570355555806	-0.0127582640745	0.0111259624877	0.0161218453817	-0.00797878309984	-0.0510721713734	-0.0344146806545	0.00809495639952	0.0104861679931	-0.0128043426837	0.0111921448375	0.0295585129353	0.0136292462683	0.0138458659554	0.0665307925236	-0.00177000950889
k__Bacteria;p__Bacteroidetes;c__Bacteroidia;o__Bacteroidales;f__Rikenellaceae;g__Alistipes;s__Alistipes_putredinis	0.0342592691388	0.045606615497	1.0	-0.0272729049192	-0.0242676435344	0.0114443844767	0.0485991486912	-0.0674659142401	-0.0492908189281	0.073116632547	-0.0366573660663	-0.0945792183951	-0.010183366198	0.0469377578608	0.00339682012297	-0.00483470215236	0.000544353892707	0.00322539708543	-0.025439807642	0.0139160767456	0.00197672017431	-0.00383961994733	0.0211178406373	0.00543025863338	-0.0549824823324	0.0243942453602	0.0225529339216	-0.0344548441695	0.0293530692365	0.010543185928	0.0278597705788	-0.0339246226685	-0.0332948330718	-0.0973116115268	-0.0203669085112	-0.0193346010119	0.00351482610796	-0.0296958823976	-0.0216992489674	0.0306975098833	0.0173561519423	0.038464340943	-0.000463579927575	-0.0278393014333	-0.0311067236307	0.0366105084603	0.0316106630094	-0.00521123627299	-0.0446084893077	0.0163095735825	0.0320535483022	-0.0319833671922	-0.0432170587149	0.00295066043631	-0.0673831573822	0.0287372590582	-0.067226298494	-0.0202451147361	0.00106886283616
k__Bacteria;p__Bacteroidetes;c__Bacteroidia;o__Bacteroidales;f__Prevotellaceae;g__Prevotella;s__Prevotella_copri	-0.0885520548728	-0.00774144958874	-0.0272729049192	1.0	-0.0419793201242	-0.0219336935086	0.0044474886299	0.0337746046935	0.0247780489864	0.00335387584121	0.0505797186167	0.0336338447429	-0.0496363922797	-0.0287575460776	0.0674527178675	0.00763522710103	-0.0160389626231	0.0205963852659	0.00078183221336	-0.0433157755597	-0.0455762489378	0.0446196228258	-0.0399762815781	-0.00964533164151	-0.00529069558128	-0.0215046967817	0.00795527313772	-0.00795319973377	0.00353766761278	-0.0320018233033	-0.00945971890433	-0.0584293886262	-0.00446206085706	-0.0335273799511	0.0202594955319	-0.050878186941	-0.0331266970177	-0.0769650394512	0.000191834426512	0.0811964938615	-0.0130591922078	-0.0476297581755	0.0242762349655	-0.0516093671605	-0.000461647622292	0.0521561503698	-0.0533397119914	-0.00318983948336	0.0439871931299	0.0594129945169	0.0408008695908	-0.0577182182056	0.00363235619598	0.0264406838038	-0.0325883709273	0.023632533221	-0.0177915838809	0.0473880587805	0.0529353745417
k__Bacteria;p__Bacteroidetes;c__Bacteroidia;o__Bacteroidales;f__Bacteroidaceae;g__Bacteroides;s__Bacteroides_stercoris	-0.00395909867317	-0.0216800856354	-0.0242676435344	-0.0419793201242	1.0	-0.00921840357166	-0.0514763877169	-0.0464210817945	0.00365570510788	0.0022756566414	0.0270638118281	-0.0107294360347	-0.0117048985036	-0.0237147602638	-0.0615389053732	-0.0598542797835	0.0350199473514	-0.0834120204985	-0.0590573758935	-0.0596655561521	0.0178263309125	0.0186445481592	0.0997233487376	-0.0313643806629	-0.0116719074991	-0.0284210762604	0.0233612563733	0.0391484219931	-0.00378561579713	0.00859802436644	-0.0383376682889	0.0102493701661	-0.00533217083034	0.0181308058257	0.00528886819264	0.0440821970057	-0.0234420029951	-0.00449044623413	-0.0331827383304	-0.0313036004993	0.0462740380441	0.00577530881243	0.0403122815501	-0.0326752867366	0.0375142476145	-0.0347779994962	-0.0827308058549	0.0272745849073	-0.0104127819002	-0.045680616595	-0.0157339704742	-0.016082700988	-0.0113696120288	0.0202764323639	0.0511118986314	0.00817186583228	-0.0377864299283	-0.0200401352228	0.0185936939835
k__Bacteria;p__Bacteroidetes;c__Bacteroidia;o__Bacteroidales;f__Bacteroidaceae;g__Bacteroides;s__Bacteroides_ovatus	0.0265966978782	-0.012755991472	0.0114443844767	-0.0219336935086	-0.00921840357166	1.0	0.00788002736424	0.054270271198	-0.0645715269035	0.0340526328888	-0.062473671851	-0.0507550386936	-0.0138425751758	-0.0743448625229	-0.0308474726933	-0.0948302256179	-0.0525771580736	0.0274214520181	0.0508929771564	-0.0640830097592	0.00619895366193	-0.0230529388149	0.0197450787498	0.0502653395579	0.00772861913078	-0.0517839561942	-0.0333148875401	-0.0142279874364	-0.0239246747802	-0.0268723293261	0.0289718545849	-0.0641618986043	0.00843834551055	-0.0677113865824	-0.0152897990404	0.0453469056866	0.0167001347092	-0.0537016194898	-0.0478777339655	0.037725017344	0.0472141051319	-0.0307942168675	-0.0163124846771	-0.0505063608978	0.0198060185892	0.00467374202905	-0.0107885429815	-0.0598282496896	-0.0127348438221	0.00497227708327	-0.047654640336	-0.0196638320164	-0.0281858755252	0.0263920756199	-0.0308114474676	0.0454962853312	-0.0447502542317	-0.0362746584952	-0.0310453442666
k__Bacteria;p__Bacteroidetes;c__Bacteroidia;o__Bacteroidales;f__Rikenellaceae;g__Alistipes;s__Alistipes_shahii	0.00713242107498	-0.0165864307533	0.0485991486912	0.0044474886299	-0.0514763877169	0.00788002736424	1.0	0.0329158529746	-0.0179383909154	-0.0773392136593	0.0524255311564	0.131052595337	-0.00900580405353	-0.045877391555	-0.010774263383	0.0327261246181	0.0196332148007	-0.00564790127776	-0.0842152605808	-0.0227014733582	0.0247092308333	-0.0145861122318	0.0250299843618	-0.0473242886601	-0.0768479487033	-0.0449968103401	-0.00323269301618	0.0126012545593	0.000685329957992	-0.0133815136949	0.0257394418495	0.000271899441576	-0.0061510468268	0.0341561276158	-0.044411187026	-0.00951435007192	-0.0426877663595	-0.000652276171144	0.0269370091662	0.10920180714	-0.0101782363301	-0.0120506929046	-0.0344033951358	0.0419144250922	0.0580850551279	-0.0177330846093	0.00368274336357	0.000689693189041	-0.0117845348412	-0.0325266586597	-0.00510749038586	0.0153082919297	0.066357915382	0.0182849256979	0.00595106337505	-0.0785926039144	0.00388933629481	0.00703349928317	-0.0850327642174
k__Bacteria;p__Firmicutes;c__Clostridia;o__Clostridiales;f__Ruminococcaceae;g__Faecalibacterium;s__Faecalibacterium_prausnitzii	-0.0289540111891	-0.0523786343525	-0.0674659142401	0.0337746046935	-0.0464210817945	0.054270271198	0.0329158529746	1.0	-0.00487875808832	-0.0264142287139	0.0294169043462	0.11286320746	-0.0572721624632	0.0273696384799	-0.0940867943592	-0.00253572856546	0.000125643694879	0.0100456366716	0.0142915168356	0.00691712950872	-0.0667475919409	-0.0307914244317	-0.0468067748291	0.0108512215864	0.0438216233905	0.0314907993976	0.035582932932	0.022249682937	-0.0706426489235	0.000936028644652	-0.00762230355873	0.0095733911177	-0.0193697198742	-0.0202439090855	0.0171202710504	0.0302929939882	0.0532756186995	0.0197748621618	0.0446883216224	-0.0431563755362	-0.0207397446027	-0.0707112039742	-0.0156488692276	-0.0783870713874	0.00763932225152	-0.0299934992248	-0.0341118896291	0.00106020794434	-0.025527818699	-0.0260351083728	-0.00337011070519	0.0746208970369	0.063304424864	-0.0322374812255	0.00620484541492	0.0305897657696	-0.0172017221016	-0.0403985131308	0.0456267269103
k__Bacteria;p__Bacteroidetes;c__Bacteroidia;o__Bacteroidales;f__Rikenellaceae;g__Alistipes;s__Alistipes_finegoldii	-0.0131934210982	-0.00319682210498	-0.0492908189281	0.0247780489864	0.00365570510788	-0.0645715269035	-0.0179383909154	-0.00487875808832	1.0	0.0241717660516	0.049141784926	-0.0314335811785	-0.0251413696697	-0.0149244727785	0.0238837356563	-0.032141073087	0.0187366275884	-0.0332500822334	-0.0159101303403	0.0448988939495	0.0289244823107	-0.0134468452693	-0.0377255167224	-0.0374029880303	-0.0245244658203	-0.00111194100451	0.0904065861361	-0.0628178497523	-0.0115582726011	-0.0170784381058	-0.0189756507576	-0.0167425862389	0.000539658238647	-0.0539128304202	-0.0856680568143	-0.0385117230219	-0.030016813577	-0.0841111110861	-0.0281489237408	-0.0223915255826	-0.0271064986371	-0.038295318732	-0.0153635718833	-0.0652697180036	-0.0112752102229	0.101969867791	-0.0910650630087	0.107360939311	0.0191282092831	0.0238204311223	0.0055129017986	0.0344694489366	0.0194224949031	0.00941304181502	-0.00266907093565	0.0328175164377	0.0193220501802	-0.0160770171347	-0.0126845528687
k__Bacteria;p__Bacteroidetes;c__Bacteroidia;o__Bacteroidales;f__Porphyromonadaceae;g__Parabacteroides;s__Parabacteroides_distasonis	-0.0685357866581	-0.0324241387463	0.073116632547	0.00335387584121	0.0022756566414	0.0340526328888	-0.0773392136593	-0.0264142287139	0.0241717660516	1.0	0.0289777232746	0.0274295608987	0.00248478981822	0.0376765357462	-0.0249942601617	0.0394332749845	0.000183926876244	-0.0247644460322	0.0338379377641	0.0160413432406	-0.0646260363535	-0.0750345060851	-0.0721294372411	0.0643622217321	-0.00651164226296	-0.0102809042933	-0.0616081362793	-0.0289839482875	-0.117663931518	0.0342234048437	-0.0264435131338	-0.0625017094384	-0.00311470304994	-0.0522982806664	-0.0318643381867	0.0902046903329	0.0477732137963	-0.0621371820296	0.00626955146229	-0.0356761906232	0.0586220144416	-0.0135092627104	-0.0126096710026	-0.00247157316165	-0.0639943758086	-0.0414281897189	-0.0217103092295	0.0321578371104	0.0208337811333	-0.0312611988783	-0.0329334190153	0.0256450829879	0.0073176142008	-0.0541100540737	-0.0147194125375	0.0404837156898	-0.0469851789042	-0.0153309432509	-0.0278195346151
k__Bacteria;p__Bacteroidetes;c__Bacteroidia;o__Bacteroidales;f__Bacteroidaceae;g__Bacteroides;s__Bacteroides_thetaiotaomicron	0.0268047866265	0.0267367623887	-0.0366573660663	0.0505797186167	0.0270638118281	-0.062473671851	0.0524255311564	0.0294169043462	0.049141784926	0.0289777232746	1.0	-0.0618415051363	-0.0033419371871	0.0335876172787	-0.00788647262048	0.0550820480612	0.01952552803	-0.0226148618488	-0.0775278396595	0.01087824986	-0.0184079048529	-0.0407780506967	0.0563670879429	0.0150822609232	-0.0507198351184	-0.0407358296915	-0.0327520565206	-0.0884625904089	-0.0546186036063	-0.0373659371561	-0.0729414197383	-0.00231864783107	0.0433524526132	0.0236521518868	0.0244440190345	-0.00818709645654	-0.0277515526092	-0.0391504758587	-0.00916765231308	-0.0256206399317	0.0704127722109	0.0298745918255	-0.0370662998977	-0.0597252701583	-0.0415331864241	-0.0203397318435	-0.00831493017096	-0.097298924175	0.0137675303161	-0.00468105503067	-0.00939656323814	-0.0299891162485	-0.0199099322609	0.0163081733371	-0.00960402922368	0.00359985612327	-0.0606584001135	-0.023188079502	-0.075314953979
k__Bacteria;p__Bacteroidetes;c__Bacteroidia;o__Bacteroidales;f__Bacteroidaceae;g__Bacteroides;s__Bacteroides_coprocola	-0.00944664278558	-0.0245887403599	-0.0945792183951	0.0336338447429	-0.0107294360347	-0.0507550386936	0.131052595337	0.11286320746	-0.0314335811785	0.0274295608987	-0.0618415051363	1.0	-0.0528255714479	-0.00953666106513	-0.015708901905	-0.0506918209274	0.0235255640767	-0.023453209743	-0.0199433163298	-0.00103060458472	-0.0250463115583	-0.0979467511508	-0.0281204378669	0.0166656023192	-0.0555009906079	0.00516326768826	0.0116597905775	0.0215001481403	-0.0770439880184	0.00747359533431	-0.00124593173889	0.0032133727646	0.0265416486241	-0.0189431627456	-0.0101988616455	0.0372157913247	-0.0070350177832	0.00428457096735	-0.00831032412396	0.0339994071177	-0.0384417139727	-0.0309056152309	-0.0804155828595	-0.069670951249	-0.0160932877675	0.0139221272806	0.0337236509466	-0.0478397624089	-0.027877524262	0.0599392320972	-0.0582042130629	0.00271064509456	0.0181464925256	-0.00275948174587	0.0145508168664	-0.0347779115632	-0.0368723582155	-0.0158282126197	0.0834966286482
k__Bacteria;p__Bacteroidetes;c__Bacteroidia;o__Bacteroidales;f__Bacteroidaceae;g__Bacteroides;s__Bacteroides_cellulosilyticus	-0.0215599446573	-0.0170521382754	-0.010183366198	-0.0496363922797	-0.0117048985036	-0.0138425751758	-0.00900580405353	-0.0572721624632	-0.0251413696697	0.00248478981822	-0.0033419371871	-0.0528255714479	1.0	-0.00563990840068	0.000671080671583	0.0155079030135	0.0270635095246	-0.0339183590756	-0.00333484385836	0.030929910978	0.00964641764263	-0.0177472984406	0.0383519474527	0.0334640015131	0.0145225377585	0.0188186605174	-0.0401755674212	0.0415684336183	0.022458315289	0.0104096137398	-0.0124658378438	-0.0895245108899	0.0357995788065	-0.0631699539876	0.0327732649531	-0.00571740515023	-0.000634145644015	-0.0235313579117	0.00964277299633	0.0312708574222	-0.0150843932178	-0.0398133129263	-0.0134146638566	-0.0111149926884	0.026787838085	-0.018013616712	-0.000192603457183	0.0537690040131	0.0144271098464	-0.00524516945728	0.0285311050054	0.00899687304714	-0.0536390065085	-0.0423274397305	0.0200996932102	-0.0564536421593	0.0145178446301	-0.0500243166237	-0.0315454844875
k__Bacteria;p__Bacteroidetes;c__Bacteroidia;o__Bacteroidales;f__Rikenellaceae;g__Alistipes;s__Alistipes_obesi	0.0131669014483	0.089501207753	0.0469377578608	-0.0287575460776	-0.0237147602638	-0.0743448625229	-0.045877391555	0.0273696384799	-0.0149244727785	0.0376765357462	0.0335876172787	-0.00953666106513	-0.00563990840068	1.0	-0.00988680782454	-0.0125285683	-0.00665453740119	-0.0647662165408	0.00224876355605	-0.00103899303596	-0.0361164584462	-0.00152501330366	0.050235560295	-0.0423811450465	-0.0410943693292	-0.055906875815	-0.00955902211095	0.0586596562172	0.0445676506524	-0.0442879299246	0.0389526521351	0.0580527304217	-0.0326382487679	0.00257054135277	-0.0313855328043	-0.0759372174632	-0.0285054096816	0.0328259234386	-0.0265244541262	0.0247974949634	-0.00837339096652	-0.0420950272906	-0.0474943872799	-0.0126113636186	-0.0257831847304	-0.0120364641737	0.0190112320581	-0.0417909898547	0.00154127890737	-0.0125462317396	0.0316343851038	0.0133139364049	-0.0300690025347	-0.0716447615579	-0.019187125382	0.0265283882976	0.0834625349085	-0.0140831839651	-0.0217294012886
k__Bacteria;p__Firmicutes;c__Clostridia;o__Clostridiales;f__Lachnospiraceae;g__;s__[Eubacterium]_rectale	0.00617041633946	-0.0187265239954	0.00339682012297	0.0674527178675	-0.0615389053732	-0.0308474726933	-0.010774263383	-0.0940867943592	0.0238837356563	-0.0249942601617	-0.00788647262048	-0.015708901905	0.000671080671583	-0.00988680782454	1.0	-0.108830319851	-0.0338763841175	-0.0477594172281	0.0110473774036	0.00178194319595	-0.0760327303925	0.004014785518	0.0542092940718	0.00561076522569	-0.10211654587	0.00197058383555	-0.0331740378263	-0.0439254398311	-0.0571306582871	0.0170115770392	-0.0438619370602	-0.0532317308064	0.0373268546774	-0.00928070516581	0.065409820238	-0.031206065871	0.0448478643059	-0.0429526835466	-0.0322851426175	-0.0310224986389	0.0168368899966	-0.0120042257534	0.0143275999278	0.0116746500723	0.0318820776405	0.00890329799764	-0.0594099941704	0.0087991459868	-0.0449826821981	-0.0499399162247	0.02295870776	-0.074329876166	0.108982828179	-0.0352083044692	-0.0165151340486	0.00447808894571	0.0239905458581	0.0140765292125	-0.0437897196703
k__Bacteria;p__Bacteroidetes;c__Bacteroidia;o__Bacteroidales;f__Bacteroidaceae;g__Bacteroides;s__Bacteroides_plebeius	-0.00452554637259	0.0313228462045	-0.00483470215236	0.00763522710103	-0.0598542797835	-0.0948302256179	0.0327261246181	-0.00253572856546	-0.032141073087	0.0394332749845	0.0550820480612	-0.0506918209274	0.0155079030135	-0.0125285683	-0.108830319851	1.0	0.000271632221683	-0.00949397764584	-0.0378316018486	0.0132676241962	0.0512302469072	-0.0319724979802	0.00413152006678	-0.0175185621028	0.00676390357836	0.0852683063685	0.0381018118746	-0.0455268606405	-0.0327661804758	0.0578829232217	-0.0208618916091	0.0353595806006	-0.00359738979718	0.0496179891369	0.0199054488023	0.00468099102653	-0.000555090306895	0.0586784866589	0.00911269335731	-0.115544504329	-0.0249911942509	-0.0935589683984	0.00520203759941	-0.0371542703352	0.0568577526551	-0.100154044138	0.00274531693297	-0.039772550955	0.010547986673	-0.0347089545648	-0.056684945091	-0.0544519346573	-0.00977604819772	0.00278183236733	-0.0858587055291	0.0826029296652	-0.0332114713059	-0.0808476091101	-0.0266366944549
k__Bacteria;p__Bacteroidetes;c__Bacteroidia;o__Bacteroidales;f__Bacteroidaceae;g__Bacteroides;s__Bacteroides_fragilis	0.0045848364774	0.0392416047854	0.000544353892707	-0.0160389626231	0.0350199473514	-0.0525771580736	0.0196332148007	0.000125643694879	0.0187366275884	0.000183926876244	0.01952552803	0.0235255640767	0.0270635095246	-0.00665453740119	-0.0338763841175	0.000271632221683	1.0	0.0202415515326	-0.106465787101	-0.0227846936247	0.00791508973476	-0.0479332943159	-0.0464585242756	0.0484114284154	-0.0181688106675	-0.0650539696177	0.0124797063153	0.0026480384752	-0.0187336996399	-0.00296928688478	0.0114359226655	-0.0566869335398	0.0730112186013	-0.0432089058258	-0.0134007603686	-0.0468799718306	-0.0790381353054	-0.0467325404597	-0.077592369284	0.00186558315485	-0.0129274521285	0.0431366997824	0.0248745602352	-0.0568079712738	-0.00755390153999	0.0450036900318	0.0205942120199	-0.0782791197963	-0.0149239792321	0.028312896214	-0.012845434338	-0.0288683271899	-0.00542879738545	-0.0406805371433	-0.0746047699926	-0.000110420650495	0.0615967140497	0.00490298207693	-0.000431494120887
k__Bacteria;p__Proteobacteria;c__Betaproteobacteria;o__Burkholderiales;f__Sutterellaceae;g__Sutterella;s__Sutterella_wadsworthensis	0.0641302329094	0.0097613257448	0.00322539708543	0.0205963852659	-0.0834120204985	0.0274214520181	-0.00564790127776	0.0100456366716	-0.0332500822334	-0.0247644460322	-0.0226148618488	-0.023453209743	-0.0339183590756	-0.0647662165408	-0.0477594172281	-0.00949397764584	0.0202415515326	1.0	0.0244983432203	0.0465479306231	0.0320027639331	-0.000237836561199	0.0391830850083	0.000730478691117	-0.013798326718	0.0149812904262	-0.0462523672173	-0.0889568897306	0.0019995437032	-0.0322412859875	0.029197632963	-0.0485930469179	0.00529475871188	0.0348984800247	-0.0296093821348	-0.0771235914518	-0.0185582328174	0.00572357624456	-0.0810878223743	-0.0568730728834	-0.0156318805328	0.00424175850243	-0.0376233757591	0.0123400157198	-0.0669745451746	-0.0438877533906	0.0964423080743	-0.00323280916251	-0.00227318358923	0.000941288757548	-0.00998494392702	-0.0441836554233	-0.0276426801709	0.0512688899059	0.0166646872652	-0.015237416568	-0.0153101308596	0.0481283698599	-0.00339927998187
k__Bacteria;p__Bacteroidetes;c__Bacteroidia;o__Bacteroidales;f__Porphyromonadaceae;g__Barnesiella;s__Barnesiella_intestinihominis	0.0193374948867	-0.0624687731191	-0.025439807642	0.00078183221336	-0.0590573758935	0.0508929771564	-0.0842152605808	0.0142915168356	-0.0159101303403	0.0338379377641	-0.0775278396595	-0.0199433163298	-0.00333484385836	0.00224876355605	0.0110473774036	-0.0378316018486	-0.106465787101	0.0244983432203	1.0	-0.0256571873825	0.000722876935759	-0.0168381147373	0.0366816764744	-0.0154558197039	0.0372430741934	-0.059223513803	0.0132455458355	-0.0563705684106	-0.0360963389734	0.0181066868312	-0.005322430301	-0.0348762213887	-0.0242347566031	-0.041002583163	-0.00932249039664	0.0444775099575	-0.0524973066646	-0.026130489244	-0.0212510645457	-0.0464125002678	-0.0270905153959	0.00841532023195	-0.0335283248481	-0.0170219778901	-0.0455256800681	-0.0186807283158	-0.00550432857355	-0.0559317022883	-0.0466724794087	0.00685476784154	-0.0257573067118	0.0486070587229	-0.0573822398404	-0.0330314592531	0.00363010462503	0.0759974125025	0.0441984025518	0.0626273720258	0.0334544696258
k__Bacteria;p__Bacteroidetes;c__Bacteroidia;o__Bacteroidales;f__Odoribacteraceae;g__Odoribacter;s__Odoribacter_splanchnicus	0.0534065164748	0.0849314334877	0.0139160767456	-0.0433157755597	-0.0596655561521	-0.0640830097592	-0.0227014733582	0.00691712950872	0.0448988939495	0.0160413432406	0.01087824986	-0.00103060458472	0.030929910978	-0.00103899303596	0.00178194319595	0.0132676241962	-0.0227846936247	0.0465479306231	-0.0256571873825	1.0	-0.059377079566	-0.00872536088264	0.0025956597083	-0.00163244924234	-0.0298281976942	-0.0197699555701	0.0250058874852	-0.0328507254486	0.0586343364425	-0.0840486028244	-0.0817438098254	0.0655459719833	-0.0903378421113	0.0398950950077	-0.0227128475492	-0.0244962484607	-0.0266508425243	-0.0552293644131	-0.0271377186257	0.0222146029004	0.0169422802177	-0.0073570855041	-0.0409445833295	-0.0582089444138	0.0305091072489	-0.00351451454721	-0.0112482388	0.00881203774572	-0.0149185622774	-0.0199391393362	0.0337038421139	-0.0279883139173	-0.0298456808873	0.0213777912485	0.0238180654551	-0.0383932007413	0.0223697221273	0.0675472422044	0.00338225294401
k__Bacteria;p__Bacteroidetes;c__Bacteroidia;o__Bacteroidales;f__Bacteroidaceae;g__Bacteroides;s__Bacteroides_salyersiae	0.011365421668	0.0249090221823	0.00197672017431	-0.0455762489378	0.0178263309125	0.00619895366193	0.0247092308333	-0.0667475919409	0.0289244823107	-0.0646260363535	-0.0184079048529	-0.0250463115583	0.00964641764263	-0.0361164584462	-0.0760327303925	0.0512302469072	0.00791508973476	0.0320027639331	0.000722876935759	-0.059377079566	1.0	-0.0111203905429	-0.081814388859	-0.0546180581236	0.0246878723375	-0.0525440143731	0.0495135322821	0.0328647444656	-0.0287854886543	0.0336686041645	-0.0502003223007	-0.00910751108839	0.000296556512863	-0.0595685954654	0.00224790499955	-0.0053599251652	-0.0787370352733	-0.0175957045238	0.0550909818117	-0.01272853131	-0.00600882769408	-0.0381064027508	-0.0335424515069	0.0323412817043	-0.0470229273594	-0.00444137497973	-0.0121946788346	-0.0126180937906	0.00779697207093	-0.0164098571185	-0.0555340325669	-0.0628046215522	-0.0475903717082	0.00135916626842	0.0147834704304	-0.0280633647139	-0.0442628827714	-0.040509023028	-0.0624633258908
k__Bacteria;p__Firmicutes;c__Clostridia;o__Clostridiales;f__Ruminococcaceae;g__Ruminiclostridium;s__[Eubacterium]_siraeum	-0.0731722045366	-0.00136189459792	-0.00383961994733	0.0446196228258	0.0186445481592	-0.0230529388149	-0.0145861122318	-0.0307914244317	-0.0134468452693	-0.0750345060851	-0.0407780506967	-0.0979467511508	-0.0177472984406	-0.00152501330366	0.004014785518	-0.0319724979802	-0.0479332943159	-0.000237836561199	-0.0168381147373	-0.00872536088264	-0.0111203905429	1.0	0.00262146011065	-0.0229743309465	-0.0346972660088	-0.0230944404011	-0.024142106155	0.0849918373021	0.016120684927	0.0231245785666	0.0291230249783	-0.0606964089183	0.0443646376186	0.0244431653508	-0.0816087281533	-0.0501286040054	0.0663836876903	0.0271611403872	-0.0379102817049	-0.00432533150778	-0.000442494157299	-0.0124389520397	0.0273404452253	-0.00832378184255	0.036241324115	-0.073559210355	0.0115945477284	0.0224788494824	0.0751799269525	0.0514176578382	0.0101494525592	-0.0221681054367	-0.0207357239537	-0.00659748943498	0.0159697250068	-0.0218080655752	-0.0476521775573	-0.0458268326896	0.010766858491
k__Bacteria;p__Proteobacteria;c__Betaproteobacteria;o__Burkholderiales;f__Sutterellaceae;g__Parasutterella;s__Parasutterella_excrementihominis	-0.0535477792576	-0.044933316775	0.0211178406373	-0.0399762815781	0.0997233487376	0.0197450787498	0.0250299843618	-0.0468067748291	-0.0377255167224	-0.0721294372411	0.0563670879429	-0.0281204378669	0.0383519474527	0.050235560295	0.0542092940718	0.00413152006678	-0.0464585242756	0.0391830850083	0.0366816764744	0.0025956597083	-0.081814388859	0.00262146011065	1.0	0.0634942414018	-0.0232575289709	0.0243281880743	0.00173632601578	0.00421368769956	-0.10463369449	-0.00428635575963	-0.00524608837769	0.00624956929257	-0.0391515650675	0.0202713462843	-0.0227155456982	-0.100784628184	0.00587873603831	-0.0239044157983	0.0371960898997	-0.0251947997693	-0.0139602717202	0.0434498970937	-0.0188915302363	-0.0061692022009	-0.017312433717	-0.0659959777619	-0.014846910619	-0.0386174713791	-0.123939803429	-0.0482126240458	0.0186565189909	-0.0163592075047	-0.0219410824936	-0.0342672302054	-0.0489654106061	-0.0727767903013	0.0589917929283	0.0299589390354	0.0631584575513
k__Bacteria;p__Actinobacteria;c__Actinobacteria;o__Bifidobacteriales;f__Bifidobacteriaceae;g__Bifidobacterium;s__Bifidobacterium_adolescentis	0.0567000880144	-0.0604097147809	0.00543025863338	-0.00964533164151	-0.0313643806629	0.0502653395579	-0.0473242886601	0.0108512215864	-0.0374029880303	0.0643622217321	0.0150822609232	0.0166656023192	0.0334640015131	-0.0423811450465	0.00561076522569	-0.0175185621028	0.0484114284154	0.000730478691117	-0.0154558197039	-0.00163244924234	-0.0546180581236	-0.0229743309465	0.0634942414018	1.0	0.0687922606741	-0.0101814188264	-0.00486467849345	-0.050556452495	0.034941287612	-0.0200614335414	-0.0259559881829	-0.0328273807601	0.0120936764034	0.0462121259331	0.0497197403472	-0.0321332857439	0.001575951728	0.0315455907729	-0.0685723540835	0.00526121571112	-0.0495869647786	-0.0263748540622	-0.042276597743	-0.0511697784781	-0.0518891988294	-0.0136056541577	0.025487507036	0.0264194278209	-0.0611304955636	-0.0197903221893	-0.0793834352012	-0.0175415240021	-0.0111961747196	0.045241411445	0.0311945272183	0.00125249370679	-0.049729496388	-0.00886273391567	0.0433614681657
k__Bacteria;p__Firmicutes;c__Clostridia;o__Clostridiales;f__Oscillospiraceae;g__Oscillibacter;s__Oscillibacter_sp._KLE_1745	0.0120823694877	-0.0742976179831	-0.0549824823324	-0.00529069558128	-0.0116719074991	0.00772861913078	-0.0768479487033	0.0438216233905	-0.0245244658203	-0.00651164226296	-0.0507198351184	-0.0555009906079	0.0145225377585	-0.0410943693292	-0.10211654587	0.00676390357836	-0.0181688106675	-0.013798326718	0.0372430741934	-0.0298281976942	0.0246878723375	-0.0346972660088	-0.0232575289709	0.0687922606741	1.0	-0.0437563431136	0.0375649881518	-0.0492860030097	0.0622533061056	0.0439791377985	-0.0508072217786	-0.0235105089473	-0.0272961079193	-0.0266652416187	-0.0850608006683	0.00672344759954	-0.0176615205734	0.0148925908084	0.0240675107672	0.0213816932654	-0.0157906897877	-0.0508086735112	-0.0245150409485	0.0594774881674	-0.0285599695415	-0.0592470877641	-0.119599762098	0.0617856208995	0.0104345244251	0.0479406815568	-0.0487787886581	-0.00281943739243	-0.00670142255563	-0.0195805802652	0.0106428128416	0.0435984282614	0.0864186181571	0.0322269961727	0.0204014676925
k__Bacteria;p__Bacteroidetes;c__Bacteroidia;o__Bacteroidales;f__Bacteroidaceae;g__Bacteroides;s__Bacteroides_coprophilus	-0.0625090782485	-0.0195078949297	0.0243942453602	-0.0215046967817	-0.0284210762604	-0.0517839561942	-0.0449968103401	0.0314907993976	-0.00111194100451	-0.0102809042933	-0.0407358296915	0.00516326768826	0.0188186605174	-0.055906875815	0.00197058383555	0.0852683063685	-0.0650539696177	0.0149812904262	-0.059223513803	-0.0197699555701	-0.0525440143731	-0.0230944404011	0.0243281880743	-0.0101814188264	-0.0437563431136	1.0	-0.0281551875972	0.0409986274883	-0.00288952450006	-0.0518991509099	-0.0269003219066	-0.0434043777371	-0.0100162362164	0.0121841403962	-0.00389351519075	-0.00905621819014	0.0175591235052	-0.015918175257	0.00467426769486	-0.0261444657534	-0.0691377755856	0.0544793507618	-0.040917761276	0.0342891764858	-0.0962744528421	-0.0354627568387	-0.00907367037997	-0.0238970457865	0.015597884674	0.00346936904504	0.0293096341655	-0.0252821577712	-0.0568483992262	0.024515735072	-0.0352958882091	-0.0485461192786	0.0425012425664	-0.0418943228363	-0.0388125605769
k__Bacteria;p__Firmicutes;c__Clostridia;o__Clostridiales;f__Lachnospiraceae;g__Roseburia;s__Roseburia_intestinalis	-0.062875835066	-0.0299491912787	0.0225529339216	0.00795527313772	0.0233612563733	-0.0333148875401	-0.00323269301618	0.035582932932	0.0904065861361	-0.0616081362793	-0.0327520565206	0.0116597905775	-0.0401755674212	-0.00955902211095	-0.0331740378263	0.0381018118746	0.0124797063153	-0.0462523672173	0.0132455458355	0.0250058874852	0.0495135322821	-0.024142106155	0.00173632601578	-0.00486467849345	0.0375649881518	-0.0281551875972	1.0	0.0173259318546	0.0540866434979	-0.0395065270753	0.000103172943538	-0.0300484740092	-0.0247490607744	-0.00959864329224	-0.0189797838868	-0.0716894236841	-0.0424073843106	-0.00646777531797	0.0194395184716	-0.0230948806232	-0.0547164589702	-0.0433030029238	-0.0622720752653	0.00986762575639	0.0328315452353	-0.0721431295556	-0.02720303408	-0.0702992655089	-0.0594569774725	0.0608385719668	0.0449664566814	0.0636021939795	0.00379197516921	0.00677390270838	0.00864780500903	-0.0928002572807	0.00761061281205	-0.0312570950283	0.0648554390186
k__Bacteria;p__Firmicutes;c__Clostridia;o__Clostridiales;f__Lachnospiraceae;g__Roseburia;s__Roseburia_hominis	-0.0163624346961	-0.0421388965236	-0.0344548441695	-0.00795319973377	0.0391484219931	-0.0142279874364	0.0126012545593	0.022249682937	-0.0628178497523	-0.0289839482875	-0.0884625904089	0.0215001481403	0.0415684336183	0.0586596562172	-0.0439254398311	-0.0455268606405	0.0026480384752	-0.0889568897306	-0.0563705684106	-0.0328507254486	0.0328647444656	0.0849918373021	0.00421368769956	-0.050556452495	-0.0492860030097	0.0409986274883	0.0173259318546	1.0	0.0130536488664	-0.0407340668027	-0.0154141467468	0.0465130886202	0.0108963724235	-0.0424561331643	0.0845301663309	-0.00450769956096	0.0554643940347	0.0149654616677	-0.0130525636458	-0.0256068022732	0.0024059557019	0.0299966403258	-0.0916990623646	-0.0320292737464	0.0220934674528	-0.0054996701091	0.0118403473848	-0.0240900939322	0.00522794717376	-0.0167641230884	0.044382990186	-0.0306456187128	0.0244144368369	-0.0357542287144	-0.0541275669726	0.0122150031317	-0.0496301144517	0.00596573405039	-0.0510477643805
k__Bacteria;p__Bacteroidetes;c__Bacteroidia;o__Bacteroidales;f__Porphyromonadaceae;g__Parabacteroides;s__Parabacteroides_johnsonii	0.0273772487772	-0.0394361081868	0.0293530692365	0.00353766761278	-0.00378561579713	-0.0239246747802	0.000685329957992	-0.0706426489235	-0.0115582726011	-0.117663931518	-0.0546186036063	-0.0770439880184	0.022458315289	0.0445676506524	-0.0571306582871	-0.0327661804758	-0.0187336996399	0.0019995437032	-0.0360963389734	0.0586343364425	-0.0287854886543	0.016120684927	-0.10463369449	0.034941287612	0.0622533061056	-0.00288952450006	0.0540866434979	0.0130536488664	1.0	-0.045020572779	0.0223952934442	-0.00637174808238	-0.0251078028004	-0.0124758251847	-0.0798244669367	0.0262289520496	-0.0391367305973	-0.00593624691872	-0.0044908459084	0.06271127545	-0.00337323444983	-0.0854640371267	-0.00635218577368	-0.0275914496571	-0.0122034676641	0.0483739963376	0.0325715576658	-0.00732904845759	0.0890714982455	-0.0843076390572	0.0819171614277	0.031379502824	0.0343618584338	-0.0808814379403	-0.0793251834588	0.00932833057204	0.0184774312651	0.027184979851	-0.0103777627944
k__Bacteria;p__Actinobacteria;c__Actinobacteria;o__Bifidobacteriales;f__Bifidobacteriaceae;g__Bifidobacterium;s__Bifidobacterium_longum	-0.00923750642698	0.0468910499288	0.010543185928	-0.0320018233033	0.00859802436644	-0.0268723293261	-0.0133815136949	0.000936028644652	-0.0170784381058	0.0342234048437	-0.0373659371561	0.00747359533431	0.0104096137398	-0.0442879299246	0.0170115770392	0.0578829232217	-0.00296928688478	-0.0322412859875	0.0181066868312	-0.0840486028244	0.0336686041645	0.0231245785666	-0.00428635575963	-0.0200614335414	0.0439791377985	-0.0518991509099	-0.0395065270753	-0.0407340668027	-0.045020572779	1.0	-0.0364728413141	-0.0532672865664	0.0070513226523	-0.0199361718641	0.0231486520274	-0.044593780237	0.0248602791389	-0.012248740564	-0.0493043315918	-0.0176584677732	-0.0647762255255	0.0170844775126	-0.00106748050954	-0.0740011501444	0.00946204604649	-0.0878441616998	-0.0648151437278	-0.00428704460737	0.0672098297625	-0.0219859362219	-0.0369404075986	0.0359248863581	-0.0325071680502	-0.0365676185217	0.0113026736258	0.0108052108682	-0.0751245336329	-0.0833094158044	-0.0551623510871
