#taxonomy	k__Bacteria;p__Bacteroidetes;c__Bacteroidia;o__Bacteroidales;f__Bacteroidaceae;g__Bacteroides;s__Bacteroides_vulgatus	k__Bacteria;p__Bacteroidetes;c__Bacteroidia;o__Bacteroidales;f__Bacteroidaceae;g__Bacteroides;s__Bacteroides_uniformis	k__Bacteria;p__Bacteroidetes;c__Bacteroidia;o__Bacteroidales;f__Rikenellaceae;g__Alistipes;s__Alistipes_putredinis	k__Bacteria;p__Bacteroidetes;c__Bacteroidia;o__Bacteroidales;f__Prevotellaceae;g__Prevotella;s__Prevotella_copri	k__Bacteria;p__Bacteroidetes;c__Bacteroidia;o__Bacteroidales;f__Bacteroidaceae;g__Bacteroides;s__Bacteroides_stercoris	k__Bacteria;p__Bacteroidetes;c__Bacteroidia;o__Bacteroidales;f__Bacteroidaceae;g__Bacteroides;s__Bacteroides_ovatus	k__Bacteria;p__Bacteroidetes;c__Bacteroidia;o__Bacteroidales;f__Rikenellaceae;g__Alistipes;s__Alistipes_shahii	k__Bacteria;p__Firmicutes;c__Clostridia;o__Clostridiales;f__Ruminococcaceae;g__Faecalibacterium;s__Faecalibacterium_prausnitzii	k__Bacteria;p__Bacteroidetes;c__Bacteroidia;o__Bacteroidales;f__Rikenellaceae;g__Alistipes;s__Alistipes_finegoldii	k__Bacteria;p__Bacteroidetes;c__Bacteroidia;o__Bacteroidales;f__Porphyromonadaceae;g__Parabacteroides;s__Parabacteroides_distasonis	k__Bacteria;p__Bacteroidetes;c__Bacteroidia;o__Bacteroidales;f__Bacteroidaceae;g__Bacteroides;s__Bacteroides_thetaiotaomicron	k__Bacteria;p__Bacteroidetes;c__Bacteroidia;o__Bacteroidales;f__Bacteroidaceae;g__Bacteroides;s__Bacteroides_coprocola	k__Bacteria;p__Bacteroidetes;c__Bacteroidia;o__Bacteroidales;f__Bacteroidaceae;g__Bacteroides;s__Bacteroides_cellulosilyticus	k__Bacteria;p__Bacteroidetes;c__Bacteroidia;o__Bacteroidales;f__Rikenellaceae;g__Alistipes;s__Alistipes_obesi	k__Bacteria;p__Firmicutes;c__Clostridia;o__Clostridiales;f__Lachnospiraceae;g__;s__[Eubacterium]_rectale	k__Bacteria;p__Bacteroidetes;c__Bacteroidia;o__Bacteroidales;f__Bacteroidaceae;g__Bacteroides;s__Bacteroides_plebeius	k__Bacteria;p__Bacteroidetes;c__Bacteroidia;o__Bacteroidales;f__Bacteroidaceae;g__Bacteroides;s__Bacteroides_fragilis	k__Bacteria;p__Proteobacteria;c__Betaproteobacteria;o__Burkholderiales;f__Sutterellaceae;g__Sutterella;s__Sutterella_wadsworthensis	k__Bacteria;p__Bacteroidetes;c__Bacteroidia;o__Bacteroidales;f__Porphyromonadaceae;g__Barnesiella;s__Barnesiella_intestinihominis	k__Bacteria;p__Bacteroidetes;c__Bacteroidia;o__Bacteroidales;f__Odoribacteraceae;g__Odoribacter;s__Odoribacter_splanchnicus	k__Bacteria;p__Bacteroidetes;c__Bacteroidia;o__Bacteroidales;f__Bacteroidaceae;g__Bacteroides;s__Bacteroides_salyersiae	k__Bacteria;p__Firmicutes;c__Clostridia;o__Clostridiales;f__Ruminococcaceae;g__Ruminiclostridium;s__[Eubacterium]_siraeum	k__Bacteria;p__Proteobacteria;c__Betaproteobacteria;o__Burkholderiales;f__Sutterellaceae;g__Parasutterella;s__Parasutterella_excrementihominis	k__Bacteria;p__Actinobacteria;c__Actinobacteria;o__Bifidobacteriales;f__Bifidobacteriaceae;g__Bifidobacterium;s__Bifidobacterium_adolescentis	k__Bacteria;p__Firmicutes;c__Clostridia;o__Clostridiales;f__Oscillospiraceae;g__Oscillibacter;s__Oscillibacter_sp._KLE_1745	k__Bacteria;p__Bacteroidetes;c__Bacteroidia;o__Bacteroidales;f__Bacteroidaceae;g__Bacteroides;s__Bacteroides_coprophilus	k__Bacteria;p__Firmicutes;c__Clostridia;o__Clostridiales;f__Lachnospiraceae;g__Roseburia;s__Roseburia_intestinalis	k__Bacteria;p__Firmicutes;c__Clostridia;o__Clostridiales;f__Lachnospiraceae;g__Roseburia;s__Roseburia_hominis	k__Bacteria;p__Bacteroidetes;c__Bacteroidia;o__Bacteroidales;f__Porphyromonadaceae;g__Parabacteroides;s__Parabacteroides_johnsonii	k__Bacteria;p__Actinobacteria;c__Actinobacteria;o__Bifidobacteriales;f__Bifidobacteriaceae;g__Bifidobacterium;s__Bifidobacterium_longum	k__Bacteria;p__Firmicutes;c__Clostridia;o__Clostridiales;f__;g__Flavonifractor;s__Flavonifractor_plautii	k__Bacteria;p__Firmicutes;c__Clostridia;o__Clostridiales;f__Clostridiaceae;g__Clostridium;s__Clostridium_phoceensis	k__Bacteria;p__Verrucomicrobia;c__Verrucomicrobiae;o__Verrucomicrobiales;f__Akkermansiaceae;g__Akkermansia;s__Akkermansia_muciniphila	k__Bacteria;p__Bacteroidetes;c__Bacteroidia;o__Bacteroidales;f__Prevotellaceae;g__Paraprevotella;s__Paraprevotella_xylaniphila	k__Bacteria;p__Firmicutes;c__Clostridia;o__Clostridiales;f__Ruminococcaceae;g__Ruminococcus;s__Ruminococcus_callidus	k__Bacteria;p__Bacteroidetes;c__Bacteroidia;o__Bacteroidales;f__Rikenellaceae;g__Alistipes;s__Alistipes_senegalensis	k__Bacteria;p__Firmicutes;c__Clostridia;o__Clostridiales;f__Lachnospiraceae;g__Blautia;s__Blautia_sp._KLE_1732	k__Bacteria;p__Bacteroidetes;c__Bacteroidia;o__Bacteroidales;f__Bacteroidaceae;g__Bacteroides;s__Bacteroides_oleiciplenus	k__Bacteria;p__Firmicutes;c__Clostridia;o__Clostridiales;f__Ruminococcaceae;g__Ruminococcus;s__Ruminococcus_bicirculans	k__Bacteria;p__Bacteroidetes;c__Bacteroidia;o__Bacteroidales;f__Bacteroidaceae;g__Bacteroides;s__Bacteroides_fluxus	k__Bacteria;p__Bacteroidetes;c__Bacteroidia;o__Bacteroidales;f__Prevotellaceae;g__Prevotella;s__Prevotella_stercorea	k__Bacteria;p__Firmicutes;c__Clostridia;o__Clostridiales;f__Lachnospiraceae;g__Dorea;s__Dorea_longicatena	k__Bacteria;p__Firmicutes;c__Clostridia;o__Clostridiales;f__Eubacteriaceae;g__Eubacterium;s__[Eubacterium]_eligens	k__Bacteria;p__Firmicutes;c__Clostridia;o__Clostridiales;f__Ruminococcaceae;g__;s__Ruminococcaceae_bacterium_D16	k__Bacteria;p__Firmicutes;c__Clostridia;o__Clostridiales;f__Lachnospiraceae;g__Coprococcus;s__Coprococcus_comes	k__Bacteria;p__Proteobacteria;c__Gammaproteobacteria;o__Enterobacterales;f__Enterobacteriaceae;g__Escherichia;s__Escherichia_coli	k__Bacteria;p__Firmicutes;c__Clostridia;o__Clostridiales;f__Ruminococcaceae;g__Anaerotruncus;s__Anaerotruncus_colihominis	k__Bacteria;p__Firmicutes;c__Clostridia;o__Clostridiales;f__Lachnospiraceae;g__Blautia;s__Blautia_obeum	k__Bacteria;p__Bacteroidetes;c__Bacteroidia;o__Bacteroidales;f__Odoribacteraceae;g__Odoribacter;s__Odoribacter_laneus	k__Bacteria;p__Firmicutes;c__Clostridia;o__Clostridiales;f__Ruminococcaceae;g__Ruminiclostridium;s__[Clostridium]_leptum	k__Bacteria;p__Bacteroidetes;c__Bacteroidia;o__Bacteroidales;f__Porphyromonadaceae;g__Parabacteroides;s__Parabacteroides_goldsteinii	k__Bacteria;p__Firmicutes;c__Clostridia;o__Clostridiales;f__Lachnospiraceae;g__Anaerostipes;s__Anaerostipes_hadrus	k__Bacteria;p__Firmicutes;c__Clostridia;o__Clostridiales;f__Ruminococcaceae;g__Ruminococcus;s__Ruminococcus_lactaris	k__Bacteria;p__Firmicutes;c__Clostridia;o__Clostridiales;f__Clostridiaceae;g__Clostridium;s__Clostridium_sp._L2-50	k__Bacteria;p__Firmicutes;c__Clostridia;o__Clostridiales;f__Clostridiaceae;g__Clostridium;s__Clostridium_sp._M62/1	k__Bacteria;p__Firmicutes;c__Clostridia;o__Clostridiales;f__;g__Intestinimonas;s__Intestinimonas_butyriciproducens	k__Bacteria;p__Actinobacteria;c__Actinobacteria;o__Bifidobacteriales;f__Bifidobacteriaceae;g__Bifidobacterium;s__Bifidobacterium_bifidum	k__Bacteria;p__Firmicutes;c__Negativicutes;o__Veillonellales;f__Veillonellaceae;g__Dialister;s__Dialister_invisus	k__Bacteria;p__Bacteroidetes;c__Bacteroidia;o__Bacteroidales;f__Bacteroidaceae;g__Bacteroides;s__Bacteroides_salanitronis
k__Bacteria;p__Bacteroidetes;c__Bacteroidia;o__Bacteroidales;f__Bacteroidaceae;g__Bacteroides;s__Bacteroides_vulgatus	1.0	-0.0120835126676	0.0165182574745	0.00658717941558	0.0105335788937	0.0154264172114	-0.0591504752736	-0.00592486147723	-0.0680376215643	0.020383193295	-0.0535461604287	-0.0336031386025	-0.0370864282691	-0.049474664868	-2.96890680854e-05	0.0128959583817	-0.0397822721649	0.0395557866581	0.026154370533	0.0159229191609	-0.0162931684654	0.0102336817297	-0.0451771828477	0.0510661890611	0.0611782193235	-0.0219371734648	-0.0365442117661	-0.0758058332093	0.0741850611326	0.00584783037654	0.0408503871231	-0.0250971527739	0.0314861922474	0.0139635933282	-0.0451784742236	0.00176580753548	-0.0299801656162	-0.00334748943724	0.0422335965846	-0.0523053898716	-0.0223769591886	0.027414681487	-0.0321162753432	-0.0361919277874	0.0254657480418	0.0298951808999	0.00824415656138	0.036959424113	0.00996769917645	-0.0261618332009	-0.0445546043414	-0.0145805270617	-0.0115286852839	0.0313576867007	-0.00881187672759	-0.0447256670425	-0.0113742890857	-0.0352626956004	-0.0631812094861
k__Bacteria;p__Bacteroidetes;c__Bacteroidia;o__Bacteroidales;f__Bacteroidaceae;g__Bacteroides;s__Bacteroides_uniformis	-0.0120835126676	1.0	0.0563034164743	-0.0109925020659	0.060526885338	-0.0101999559596	0.0269727772458	0.0087691316434	-0.0517709158031	0.00198297691296	0.0152356454935	-0.00919554209665	0.0186236081876	-0.0231038167172	-0.060648825403	0.0197386904569	-0.0607337533171	-0.0199030600152	-0.0649878148392	0.00462920822723	-0.0494568272301	0.0753576950533	-0.0215155102627	-0.0229603156229	0.029337566878	-0.0303209146227	0.0329311504063	-0.0440719147836	-0.0265269981612	0.0164192102727	-0.00584246174955	0.0146329431856	-0.0526659500124	-0.0557656284372	-0.0255345737983	-0.0155961029602	0.0109941805541	-0.0283024164897	0.0268199567513	-0.0197826135881	-0.0104943399078	0.0187654824362	-0.0622302543921	-0.041970293695	-0.00993652832872	-0.0422191191928	-0.0181050065005	-0.012470408376	0.0152350596603	-0.0268563338259	0.0114768509291	-0.0133323103598	0.0152054383106	-0.00529228468458	-0.0526545167155	0.0348208442626	0.0208091397765	-0.0410547649935	-0.00158041666078
k__Bacteria;p__Bacteroidetes;c__Bacteroidia;o__Bacteroidales;f__Rikenellaceae;g__Alistipes;s__Alistipes_putredinis	0.0165182574745	0.0563034164743	1.0	-0.0251153937042	0.0499536295803	0.0454602825609	-0.0750505732752	-0.0775546778131	-0.0154037454232	0.0265518803419	-0.0114728357978	0.0278355001296	-0.00883315428803	-0.123176155692	0.0185600818049	0.0420301452687	-0.0386388363649	-0.0689734509137	-0.0407413586297	0.00871828769251	-0.0244216172011	0.00417917549015	0.0011386477044	0.035505138677	-0.0211648420624	-0.0412847726478	-0.0122570280692	0.0397305114585	-0.0425353662456	-0.039621812632	0.0052932759414	-0.0579389466295	0.00170542997365	0.0394260911922	-0.0238695126622	-0.0273219058395	0.0125149925911	-0.0638772666239	-0.0130476565286	0.0208988625851	-0.0080642604477	0.0183448080652	0.0154767608813	0.00921409064774	-0.00597152611187	-0.0220347102329	-0.0360961125963	0.019618865147	0.00085955733114	-0.00623426049575	0.0256429861283	0.0536979099324	-0.0104278931526	-0.0336495713737	-0.0498915271609	-0.0329506232463	-0.0546824253226	-0.0550317856282	0.0345193905485
k__Bacteria;p__Bacteroidetes;c__Bacteroidia;o__Bacteroidales;f__Prevotellaceae;g__Prevotella;s__Prevotella_copri	0.00658717941558	-0.0109925020659	-0.0251153937042	1.0	0.00927930667496	-0.0370049203278	-0.0454101273253	-0.0263718632138	-0.00837865378547	0.0252453313746	-0.0521252037622	0.00847344888417	-0.0149101801691	0.0184562950819	-0.0115525096799	0.00883655208249	-0.0489123511446	0.0122403635477	-0.0370969586556	-0.0492017390374	-0.0429781625019	-0.0300637071055	-0.00454833758326	-0.0929487310738	0.0114378478095	0.0641959677765	-0.0242207778689	-0.0176963759064	0.00776956440507	0.0584684180683	-0.0384244569304	-0.0551869477529	0.0113250204781	0.0327396014966	-0.0733364447053	-0.00495836582137	-0.0446562587254	-0.043722000062	-0.0158907656143	-0.0115550658014	0.0264421130853	0.0522951463925	-0.00884492391272	0.0632183138578	0.0268521942081	0.00661067238578	-0.0198604316643	0.08793848638	-0.0694635159554	0.00743515456193	-0.0221852920254	-0.0123078339864	0.00278011050092	0.0228940616598	0.0179906566519	-0.0348682080208	0.0466630348654	-0.0292571336258	-0.0248782809836
k__Bacteria;p__Bacteroidetes;c__Bacteroidia;o__Bacteroidales;f__Bacteroidaceae;g__Bacteroides;s__Bacteroides_stercoris	0.0105335788937	0.060526885338	0.0499536295803	0.00927930667496	1.0	-0.0320271330901	0.0467409282154	0.00196367000178	-0.00270162915574	-0.0889172589241	0.0204809772836	-0.064805781468	-0.0225285252393	0.0364881402116	-0.0440579938317	0.0129730557134	0.0267600569584	0.00576700803566	-0.0376370135437	0.0206170289684	-0.0159091676147	-0.044685169211	-0.00532216907285	-0.051557076393	0.0566951151061	0.00212618487438	-0.0395834465277	-0.0286166687521	0.00904531222039	0.0331179474945	0.0133278297339	-0.0171285285669	0.0581911941566	0.00345805475931	-0.0534279323409	-0.0252759096719	-0.0163919565549	-0.0385864038552	-0.0125655647027	-0.046477338125	-0.0487062982402	-0.0186307506611	-0.0626315241627	-0.0807394306673	-0.0507479661645	-0.0033325712655	0.0347837345466	-0.0332681782692	0.0907319569074	0.0119348041398	0.0621910626654	-0.0568566983582	-0.0458778814543	0.0225258712973	-0.0603369022556	-0.0885145998841	-0.0115064988236	0.0254640369264	0.0521690057304
k__Bacteria;p__Bacteroidetes;c__Bacteroidia;o__Bacteroidales;f__Bacteroidaceae;g__Bacteroides;s__Bacteroides_ovatus	0.0154264172114	-0.0101999559596	0.0454602825609	-0.0370049203278	-0.0320271330901	1.0	0.0443382512566	-0.021519629185	-0.0546654710541	-0.018094858397	-0.016824974479	-0.0275671063682	0.00239767376927	0.00815132505759	0.0579332986161	0.0343221502907	-0.0283373502116	-0.0852068716207	0.0346590997304	0.0203045138271	0.044996537187	-0.102969267115	0.00329893624829	0.00472435595333	0.00651710718355	0.0454758815574	-0.0496513452102	-0.0278098086734	0.025828354479	0.00246133293933	-0.0566713484344	-0.0460316716246	-0.0147281218392	-0.0075964654099	0.0523813835605	-0.0436346050777	0.0209340392178	-0.0294818719083	0.00311434703423	-0.0408656840751	-0.036110075712	-0.0698917430714	-0.0361829001611	-0.0117663473057	0.00145470936749	0.0336294229612	-0.0268653350323	-0.0499192173114	-0.0590774147467	0.0169541636553	-0.0328461976351	-0.0486746089008	-0.018424442648	-0.0597265328227	0.0628103509282	-0.00447888045865	0.0390547409018	-0.0182283692823	0.0139943008712
k__Bacteria;p__Bacteroidetes;c__Bacteroidia;o__Bacteroidales;f__Rikenellaceae;g__Alistipes;s__Alistipes_shahii	-0.0591504752736	0.0269727772458	-0.0750505732752	-0.0454101273253	0.0467409282154	0.0443382512566	1.0	-0.0170005495443	-0.0062545659262	-0.011386710315	0.0220410065767	-0.0361571914091	0.00875663124496	0.0592758566403	-0.0149031818619	-0.0228895361675	0.0342075714841	0.0249817129771	-0.0865544911006	0.0644974562678	-0.0255791129811	-0.0752068339743	0.040555098189	0.0288242205461	-0.0350451747038	0.0528624274952	-0.0203242161011	0.0174401090287	-0.0538018040869	0.0879512082322	-0.0511665653149	-0.00605517254109	-0.000249592386112	-0.00277847551942	-0.11682300423	-0.0316259435524	-0.0637058033974	0.0159757810794	-0.030804176663	-0.0321345003029	0.0360478218014	-0.0741777029351	-0.0941526895835	0.0450880801423	-0.0237565177518	-0.0215596640028	-0.00523872083919	-0.0844501929276	-0.0406454282122	-0.056414719499	-0.00781762069962	-0.0449838763313	-0.0514742536309	0.00573942645554	-0.0194269694764	0.0203611369816	0.0604203510093	-0.0193169338635	-0.0642397300447
k__Bacteria;p__Firmicutes;c__Clostridia;o__Clostridiales;f__Ruminococcaceae;g__Faecalibacterium;s__Faecalibacterium_prausnitzii	-0.00592486147723	0.0087691316434	-0.0775546778131	-0.0263718632138	0.00196367000178	-0.021519629185	-0.0170005495443	1.0	-0.000408559489976	-0.0103805978929	0.0323896491336	-0.0512945803353	-0.00233313358561	0.0249607369629	-0.0953867182522	-0.0140458116831	-0.0467860834822	-0.0166596995834	-0.027066816461	0.00489069698481	0.0302343173176	0.0101460317783	0.00806906116777	-0.00917815288023	0.0666248067736	-0.0369057840424	-0.0151162631807	0.00609418866063	0.0182445040051	0.116867704257	0.0245208628405	-0.0651053792795	-0.0162172708591	0.00613264565561	-0.0540313615031	0.0154106705719	0.00914165182907	-0.0531013152268	0.0106128347332	-0.0843224134787	-0.0240080391297	-0.0638867381595	-0.00884471266748	-0.0102005488634	0.0244223173913	0.00111532621866	-0.0158183833254	-0.0373874010656	0.0168007793307	-0.00575741432807	-0.00933171293556	0.0800150055068	-0.0725201490135	0.00995964927407	-0.0355481052177	0.022398040028	0.0249592118397	0.000322290873619	-0.039901192227
k__Bacteria;p__Bacteroidetes;c__Bacteroidia;o__Bacteroidales;f__Rikenellaceae;g__Alistipes;s__Alistipes_finegoldii	-0.0680376215643	-0.0517709158031	-0.0154037454232	-0.00837865378547	-0.00270162915574	-0.0546654710541	-0.0062545659262	-0.000408559489976	1.0	-0.00385954498785	-0.0168946129996	-0.00195069795863	0.0210413680548	-0.0596547410625	-0.0200642849916	-0.0210440173673	-0.00456399161126	0.0645393645782	-0.0415029075249	-0.0128220380787	-0.0541665518795	-0.02480903698	-0.0447644928406	-0.0236408582009	-0.041225740064	0.0245526413675	0.00109864628457	0.025201961004	0.072997901011	-0.0352284557458	-0.0132219731528	0.0271832642247	0.0549773635964	0.0247055742982	-0.00894130208267	-0.0312735434259	-0.018749001701	-0.0595974057299	0.020476817939	-0.00215179324115	0.00585646617763	-0.0249979974563	-0.0185803065165	0.00596978057691	-0.0182156080364	-0.0593212136632	-0.0603042641394	-0.0793022749275	-0.0105673933581	-0.00639091277697	0.0678038878168	-0.0180360255647	0.0280168133916	0.0691241863381	0.0106029771355	-0.0308132225801	-0.00874737528876	-0.0385738474398	-0.0132577062887
k__Bacteria;p__Bacteroidetes;c__Bacteroidia;o__Bacteroidales;f__Porphyromonadaceae;g__Parabacteroides;s__Parabacteroides_distasonis	0.020383193295	0.00198297691296	0.0265518803419	0.0252453313746	-0.0889172589241	-0.018094858397	-0.011386710315	-0.0103805978929	-0.00385954498785	1.0	0.0146645955873	0.0296616275609	-0.0272092377936	-0.0217952170795	0.0491381715241	-0.0619764607293	0.027506631414	-0.00811150287173	0.0252837270771	0.0181985437993	0.0101866425191	0.03008145566	-0.0419138384882	0.026855192996	-0.0205948755466	-0.0596949823726	-0.0641696688538	-0.052278199888	-0.0181680870768	-0.0712219269746	-0.0112953756078	-0.0266620813971	0.0105567526063	-0.0152424451104	0.117848873435	0.00570456689963	0.0236361710662	-0.00256608582203	-0.00359666255969	-0.0368523327345	-0.0545745281414	-0.0534946474151	-0.0322291454661	0.00998289104412	-0.00175040848632	-0.00526159563074	0.0190321286223	-0.00272113181896	0.0458773620773	-0.023986023105	-0.0665594128452	-0.0316901950403	-0.0455400782694	-0.017555694522	0.0224175014429	-0.0556635370809	-0.0325126423066	-0.0527458070554	-0.00232536574405
k__Bacteria;p__Bacteroidetes;c__Bacteroidia;o__Bacteroidales;f__Bacteroidaceae;g__Bacteroides;s__Bacteroides_thetaiotaomicron	-0.0535461604287	0.0152356454935	-0.0114728357978	-0.0521252037622	0.0204809772836	-0.016824974479	0.0220410065767	0.0323896491336	-0.0168946129996	0.0146645955873	1.0	0.0212444952157	-0.0109570319783	-0.0304779283803	0.0264682816778	0.0114946736601	0.0193322660815	-0.0546634538137	-0.0492898862177	0.0267381511409	0.0911397467386	-0.0175086363233	-0.0932868234759	-0.00151458849347	-0.0643315589787	-0.00554096946385	0.038015891911	-0.0204297211581	-0.0537974573009	-0.0212089334234	-0.0010584976857	0.0265955830524	0.0162690651399	-0.0640052146015	-0.0117171960333	-0.0521678860153	0.0182718202875	0.0161587129229	-0.0473838402645	-0.0369995918473	-0.0012110500148	0.00365045948678	-0.00718162777818	-0.0351574007754	-0.0198530332248	-0.0913234996051	-0.0957527639379	-0.0394394439129	0.0391995786563	-0.0296903627674	-0.0470454231198	-0.019448825053	-0.0465387984772	-0.0472779376274	-0.0344004696783	-0.0288906954862	0.0564335286515	0.00305850851562	0.0196677410291
k__Bacteria;p__Bacteroidetes;c__Bacteroidia;o__Bacteroidales;f__Bacteroidaceae;g__Bacteroides;s__Bacteroides_coprocola	-0.0336031386025	-0.00919554209665	0.0278355001296	0.00847344888417	-0.064805781468	-0.0275671063682	-0.0361571914091	-0.0512945803353	-0.00195069795863	0.0296616275609	0.0212444952157	1.0	-0.031830559195	0.0185850608253	-0.0596564288794	-0.0347543904623	-0.0405368464185	0.0308591276439	0.00345517383977	-0.00349562179163	-0.0302920540359	0.0122781724614	-0.00275884448148	-0.000103732679253	-0.0158346455865	-0.0266461865581	-0.00952034589548	-0.00117154377581	-0.0123322778049	0.0249604187136	-0.0341991181545	-0.0273172802792	-0.0219948552651	0.00661157150459	-0.0280675332823	0.0305003794507	0.0170777882742	-0.0328920080791	-0.0214462643371	-0.0141811506753	-0.0479922967619	0.00214308479777	-0.0103994452848	0.012567240697	0.0600205845474	0.0733210236935	0.069740886092	0.055494147064	-0.00535241618782	-0.0472149376151	-0.0313888490221	-0.100726706288	-0.0713258250664	-0.121754759002	-0.0446021927608	-0.0812629621451	0.00876738652715	-0.0571175700978	-0.0471031215063
k__Bacteria;p__Bacteroidetes;c__Bacteroidia;o__Bacteroidales;f__Bacteroidaceae;g__Bacteroides;s__Bacteroides_cellulosilyticus	-0.0370864282691	0.0186236081876	-0.00883315428803	-0.0149101801691	-0.0225285252393	0.00239767376927	0.00875663124496	-0.00233313358561	0.0210413680548	-0.0272092377936	-0.0109570319783	-0.031830559195	1.0	-0.036528355443	-0.05665531112	-0.00357804882042	-0.0779296584528	0.0332321310676	-0.0472900087187	-0.0161171937459	-0.0241489880768	-0.0311535590636	-0.04793467561	-0.0495670605913	0.021393450595	0.0349933897199	-0.044534877223	-0.00626420756051	-0.0274311510506	0.0248546613646	0.0230216650495	-0.0154631243648	0.0240450045123	-0.0304324712277	0.069033810423	-0.0297194919968	-0.0665814128919	-0.0466443584909	-0.0631714114009	-0.0463450368963	-0.0427676599666	-0.00575632797902	-0.05165730493	0.0150378574914	-0.0087484949276	-0.0612667257083	-0.0567739924557	-0.0059492996198	-0.0524316535506	0.0439710250768	0.000190823521868	-0.0108781963034	0.0382637088206	-0.0172449215957	-0.000446149209818	0.00482995189776	-0.0259289413944	-0.0333263271336	0.00057082167493
k__Bacteria;p__Bacteroidetes;c__Bacteroidia;o__Bacteroidales;f__Rikenellaceae;g__Alistipes;s__Alistipes_obesi	-0.049474664868	-0.0231038167172	-0.123176155692	0.0184562950819	0.0364881402116	0.00815132505759	0.0592758566403	0.0249607369629	-0.0596547410625	-0.0217952170795	-0.0304779283803	0.0185850608253	-0.036528355443	1.0	-0.0406675363093	0.0495136064874	-0.0211825895548	-0.00524179968529	0.0433572056326	0.0150387410744	0.0839893024533	-0.0585154368438	0.0160650854313	-0.0110227838107	-0.0238771783707	-0.0909528432384	-0.025445289472	-0.093342482111	0.00232389782511	0.0434274249221	-0.0767463386071	-0.0536551815007	0.0240258740328	-0.0248158263813	0.025598587259	-0.0474618040474	-0.00106949468636	-0.0347654184414	0.0291149093602	0.0838174124845	0.00158660206724	-0.0155467359926	0.0339597630643	0.00610194467112	-0.0409613736564	-0.0120507158157	-0.0692310302778	-0.0339124645447	-0.00725084586455	0.0839375130632	-0.00535438746344	-0.0463925960862	0.0105641374685	-0.0197142501229	0.0349328845129	0.0048192605283	0.0394707349548	-0.101040728503	0.027649203022
k__Bacteria;p__Firmicutes;c__Clostridia;o__Clostridiales;f__Lachnospiraceae;g__;s__[Eubacterium]_rectale	-2.96890680854e-05	-0.060648825403	0.0185600818049	-0.0115525096799	-0.0440579938317	0.0579332986161	-0.0149031818619	-0.0953867182522	-0.0200642849916	0.0491381715241	0.0264682816778	-0.0596564288794	-0.05665531112	-0.0406675363093	1.0	-0.0154641735416	0.0062508361935	-0.00982184893911	-0.0406861212489	0.0461561558807	0.0150738575966	-0.0590989452727	-0.0650707942371	-0.0529914756132	-0.0125811981294	-0.00198944814062	-0.00450975784022	-0.0175429727469	-0.0177154068705	-0.0651927050216	-0.0241939741433	0.0546379251021	0.0478472942879	0.00153342046699	0.0225722518674	0.0258297738879	0.0347476935225	0.0114424901904	-0.00954028976728	-0.0505397780035	-0.000734996750882	0.0202062647739	-0.0319404670776	-0.0264830499626	0.035335356542	0.0174328237736	0.00990156686139	0.0106458701216	-0.064243812617	-0.00209226614498	-0.0258121187305	-0.0311373371927	-0.0297226172632	0.0115283108571	-0.0667077938028	0.0491727720247	0.039970424648	0.0182574632742	-0.0224062402365
k__Bacteria;p__Bacteroidetes;c__Bacteroidia;o__Bacteroidales;f__Bacteroidaceae;g__Bacteroides;s__Bacteroides_plebeius	0.0128959583817	0.0197386904569	0.0420301452687	0.00883655208249	0.0129730557134	0.0343221502907	-0.0228895361675	-0.0140458116831	-0.0210440173673	-0.0619764607293	0.0114946736601	-0.0347543904623	-0.00357804882042	0.0495136064874	-0.0154641735416	1.0	-0.0146125540317	0.0303071766858	0.0198290391203	0.00243520174423	-0.0199336343829	0.0509773760174	-0.00668567402893	0.0725127513657	0.0451604191246	-0.0938257329868	0.0385371195884	-0.0163661353396	-0.0101695296317	0.025843862074	0.0479698926014	-0.0422826274237	-0.0150441957561	-0.0375425245799	0.046283112551	-0.089974606798	0.0500788310406	-0.018616310704	0.0282973250617	-0.00297179078361	-0.0120204762163	-0.0298365639184	0.00541982709939	0.0155756147893	0.0391113365531	-0.0978461818878	-0.0712553709748	-0.0427112089712	-0.0597149455767	-0.0720421149403	0.0618633844915	-0.0547529665984	0.0322770663767	-0.00256547467947	0.0507774350538	-0.00615767137133	-0.0378596033457	-0.0389017195307	-0.0067625571355
k__Bacteria;p__Bacteroidetes;c__Bacteroidia;o__Bacteroidales;f__Bacteroidaceae;g__Bacteroides;s__Bacteroides_fragilis	-0.0397822721649	-0.0607337533171	-0.0386388363649	-0.0489123511446	0.0267600569584	-0.0283373502116	0.0342075714841	-0.0467860834822	-0.00456399161126	0.027506631414	0.0193322660815	-0.0405368464185	-0.0779296584528	-0.0211825895548	0.0062508361935	-0.0146125540317	1.0	0.000406890979991	0.0177036759704	-0.0289770723627	0.0528805170071	-0.0145776585412	0.0799355423927	0.00688248167	-0.0498212349738	0.00258801525535	-0.0621108357063	-0.0304483228156	-0.040804665602	0.0332849266928	0.024844232897	-0.0307848865433	0.00673027610267	-0.00765469248362	0.0051743097757	-0.0726521194899	-0.0231984516047	-0.0286080927618	0.0251556364033	-0.0374903877393	-0.0141789163109	0.0324882497827	-0.0598567053563	-0.0271265816126	-0.0211466071274	-0.0208818566285	-0.0636037494868	0.0600218683968	-0.0400381632428	-0.0239222327551	-0.0509967108061	-0.0456603973168	-0.0783019249897	-0.0142521776839	0.0152617887781	0.0331166979216	-0.0126188665766	0.0536075981675	-0.0213412053992
k__Bacteria;p__Proteobacteria;c__Betaproteobacteria;o__Burkholderiales;f__Sutterellaceae;g__Sutterella;s__Sutterella_wadsworthensis	0.0395557866581	-0.0199030600152	-0.0689734509137	0.0122403635477	0.00576700803566	-0.0852068716207	0.0249817129771	-0.0166596995834	0.0645393645782	-0.00811150287173	-0.0546634538137	0.0308591276439	0.0332321310676	-0.00524179968529	-0.00982184893911	0.0303071766858	0.000406890979991	1.0	-0.0402823172733	-0.029320947636	-0.0203540107578	0.105951317168	-0.0436000242327	0.0486221726729	-0.02966186174	-0.0167236333134	0.0621584548372	0.0149813857026	-0.0835516597051	-0.00883765198144	0.0251152957942	-0.0668474587197	-0.0212832593548	-0.00531634392334	0.0310369636199	0.0118588015455	-0.0599937189958	-0.0509657186047	-0.00990569012205	-0.0421223124669	-0.0177948382395	-0.00775244208922	-0.0256299017906	-0.0186627900751	-0.0636958183215	0.0237119403865	0.0093728184613	-0.038745758036	0.0498677876907	0.13248423914	0.00473272396178	0.00390836954794	-0.0386717343532	-0.0407964679129	0.00606714847214	-0.00913727257497	-0.0344912767403	-0.0470591245285	-0.065540597759
k__Bacteria;p__Bacteroidetes;c__Bacteroidia;o__Bacteroidales;f__Porphyromonadaceae;g__Barnesiella;s__Barnesiella_intestinihominis	0.026154370533	-0.0649878148392	-0.0407413586297	-0.0370969586556	-0.0376370135437	0.0346590997304	-0.0865544911006	-0.027066816461	-0.0415029075249	0.0252837270771	-0.0492898862177	0.00345517383977	-0.0472900087187	0.0433572056326	-0.0406861212489	0.0198290391203	0.0177036759704	-0.0402823172733	1.0	-0.0471471179054	-0.00937100111669	0.0561178352413	0.00134107967263	0.0136769293256	0.0486851472632	0.0380741629342	0.0226944487916	-0.0124724626019	-0.0303552435256	0.00776104726502	0.0270841131911	0.0340139805704	0.0356799132742	-0.0722785354534	0.00941397595783	-0.0480367281023	-0.0288052051761	-0.0215866925586	-0.0107162575296	0.0111279983713	0.058193774198	-0.105947640362	0.00684861903734	0.0655962511962	-0.0144711549011	-0.0103386362736	0.040167721173	-0.052829607676	-0.0621167170634	-0.0609464032988	-0.0495617689297	-0.0467749705824	0.00627483087084	-0.0629610765323	0.0323635672307	0.0488756245686	-0.0115396389803	0.0273913756892	0.0281321219767
k__Bacteria;p__Bacteroidetes;c__Bacteroidia;o__Bacteroidales;f__Odoribacteraceae;g__Odoribacter;s__Odoribacter_splanchnicus	0.0159229191609	0.00462920822723	0.00871828769251	-0.0492017390374	0.0206170289684	0.0203045138271	0.0644974562678	0.00489069698481	-0.0128220380787	0.0181985437993	0.0267381511409	-0.00349562179163	-0.0161171937459	0.0150387410744	0.0461561558807	0.00243520174423	-0.0289770723627	-0.029320947636	-0.0471471179054	1.0	0.00156608793689	-0.0129113700641	0.0847131930508	-0.0207828336112	0.00519121170444	0.0163127603855	0.0350205261522	-0.0690807667295	-0.0543033153592	-0.0479077601082	-0.0988632717818	0.0123831157728	-0.0350118814845	-0.00338899399028	-0.0507728757707	0.0229659421223	-0.0588646925729	-0.0353108290582	-0.0105894532343	-0.0713081173029	0.0551933921643	-0.0115782181563	-0.0213901852196	0.016083745646	0.00581496120707	-0.0212627107035	-0.0375012448065	0.0244662189229	-0.0757684162145	-0.0118788151857	0.0471284031467	0.0145579331	-0.0841465558778	-0.0403256195618	-0.070782928809	-0.0439095101523	0.0504679695065	-0.015314904004	0.0366893623604
k__Bacteria;p__Bacteroidetes;c__Bacteroidia;o__Bacteroidales;f__Bacteroidaceae;g__Bacteroides;s__Bacteroides_salyersiae	-0.0162931684654	-0.0494568272301	-0.0244216172011	-0.0429781625019	-0.0159091676147	0.044996537187	-0.0255791129811	0.0302343173176	-0.0541665518795	0.0101866425191	0.0911397467386	-0.0302920540359	-0.0241489880768	0.0839893024533	0.0150738575966	-0.0199336343829	0.0528805170071	-0.0203540107578	-0.00937100111669	0.00156608793689	1.0	-0.0431866658074	-0.0452848113202	-0.0168431907319	0.00610780571868	-0.0159696530624	-0.0249406508129	-0.0626702192608	0.0307491489121	0.0212780799186	-0.0211840493267	-0.00874416086	-0.0313026235576	0.0140230429426	-0.000741203693917	0.0307406472749	-0.105776655355	0.0261720096863	0.0378680067448	-0.0382517176537	0.00693256813007	0.0210900762921	0.0316879120108	-0.083923956635	-0.00670209928347	-0.0192032529823	0.0662212502828	-0.0860387692381	0.02176496698	0.0701056801873	-0.0331168777744	0.0261212040443	0.0729174868444	-0.108498080932	-0.0156422516585	0.0593499833863	0.000626271071417	-0.0247912663703	-0.0576061931384
k__Bacteria;p__Firmicutes;c__Clostridia;o__Clostridiales;f__Ruminococcaceae;g__Ruminiclostridium;s__[Eubacterium]_siraeum	0.0102336817297	0.0753576950533	0.00417917549015	-0.0300637071055	-0.044685169211	-0.102969267115	-0.0752068339743	0.0101460317783	-0.02480903698	0.03008145566	-0.0175086363233	0.0122781724614	-0.0311535590636	-0.0585154368438	-0.0590989452727	0.0509773760174	-0.0145776585412	0.105951317168	0.0561178352413	-0.0129113700641	-0.0431866658074	1.0	-0.00568579863326	-0.000406521407844	-0.0705766204785	-0.0932155511703	-0.0517828665394	0.0462393462406	-0.0277596693747	0.0111625514774	0.060745777787	-0.0316557178441	-0.00931331009214	0.0101313539492	0.0332289986026	-0.00980003932507	0.0119334361909	0.090271507668	-0.0010460884813	-0.028149409748	0.0103866892539	-0.0260156934084	-0.0152752304867	-0.0714441531212	-0.0158424950089	-0.0712346108279	-0.059414495883	0.0589195224568	-0.0157221956644	-0.0792186202224	-0.00753565710716	0.0368643643325	-0.0074771790931	-0.103106066033	-0.0135924120086	0.0210335369296	-0.0221931680776	-0.036286109598	0.0401320181256
k__Bacteria;p__Proteobacteria;c__Betaproteobacteria;o__Burkholderiales;f__Sutterellaceae;g__Parasutterella;s__Parasutterella_excrementihominis	-0.0451771828477	-0.0215155102627	0.0011386477044	-0.00454833758326	-0.00532216907285	0.00329893624829	0.040555098189	0.00806906116777	-0.0447644928406	-0.0419138384882	-0.0932868234759	-0.00275884448148	-0.04793467561	0.0160650854313	-0.0650707942371	-0.00668567402893	0.0799355423927	-0.0436000242327	0.00134107967263	0.0847131930508	-0.0452848113202	-0.00568579863326	1.0	-0.0692772397979	-0.0278527236497	-0.0571839741292	-0.00381017747016	-0.0097594942781	0.00852433027824	-0.0328665529719	0.0277660932069	-0.0461329297166	-0.0280568808794	0.047915891262	-0.0227131174049	-0.0131237840516	0.0182374978584	0.0418218177691	0.0352372157879	0.00840911893144	0.00920126065277	-0.0379893593801	-0.0264909382805	-0.000413053026992	0.0430050390069	-0.010161567276	0.0724462178529	0.0278966484107	0.0179110298327	0.0451085777893	0.0168530231765	-0.0394198076547	-0.0332197052275	0.00817279493187	-0.0118479712974	-0.0474022341377	0.00751548555073	-0.0915100278721	0.018801414415
k__Bacteria;p__Actinobacteria;c__Actinobacteria;o__Bifidobacteriales;f__Bifidobacteriaceae;g__Bifidobacterium;s__Bifidobacterium_adolescentis	0.0510661890611	-0.0229603156229	0.035505138677	-0.0929487310738	-0.051557076393	0.00472435595333	0.0288242205461	-0.00917815288023	-0.0236408582009	0.026855192996	-0.00151458849347	-0.000103732679253	-0.0495670605913	-0.0110227838107	-0.0529914756132	0.0725127513657	0.00688248167	0.0486221726729	0.0136769293256	-0.0207828336112	-0.0168431907319	-0.000406521407844	-0.0692772397979	1.0	-0.0284197966319	-0.0973435522459	-0.0316629484591	0.0682724522505	-0.0412984259341	0.0266581954269	-0.0604081197249	0.0205001860656	0.0620381235871	0.00635203904148	-0.02295094461	-0.0350055462047	-0.028219758263	-0.018779277924	-0.0709891918413	0.01186889673	-0.0151918847637	-0.0635354060486	0.000285675842741	-0.0124835784346	-0.0640663100179	-0.00527780976014	-0.0129998148145	-0.0481251684854	-0.00618878234308	0.0298937436843	0.0488515888787	-0.00547243308469	0.0354594218171	0.0361594439602	0.0242939267779	-0.0253815557902	-0.0685821218817	-0.0139859764966	-0.0571278540847
k__Bacteria;p__Firmicutes;c__Clostridia;o__Clostridiales;f__Oscillospiraceae;g__Oscillibacter;s__Oscillibacter_sp._KLE_1745	0.0611782193235	0.029337566878	-0.0211648420624	0.0114378478095	0.0566951151061	0.00651710718355	-0.0350451747038	0.0666248067736	-0.041225740064	-0.0205948755466	-0.0643315589787	-0.0158346455865	0.021393450595	-0.0238771783707	-0.0125811981294	0.0451604191246	-0.0498212349738	-0.02966186174	0.0486851472632	0.00519121170444	0.00610780571868	-0.0705766204785	-0.0278527236497	-0.0284197966319	1.0	-0.0166035920281	0.0374187675788	0.0121074258879	-0.0178638804237	0.0586269144643	-0.0452069752156	-0.00753001709838	-0.0637097808869	0.0269073851136	-0.0487487703801	-0.0329519567704	-0.05987293639	-0.0150941513524	-0.0282844829698	0.038450950758	0.0452801732376	-0.0202310302303	0.0586796958635	-0.0515435363295	0.0973372047015	-0.0203162881286	-0.00577105650275	-0.0304200916224	-0.00287863009281	0.0280705543961	0.0326674483236	-0.0189900167763	0.0142807320557	-0.0458335836088	0.088557303385	-0.0350005046828	-0.0429023564932	0.0134039056098	-0.0883849933668
k__Bacteria;p__Bacteroidetes;c__Bacteroidia;o__Bacteroidales;f__Bacteroidaceae;g__Bacteroides;s__Bacteroides_coprophilus	-0.0219371734648	-0.0303209146227	-0.0412847726478	0.0641959677765	0.00212618487438	0.0454758815574	0.0528624274952	-0.0369057840424	0.0245526413675	-0.0596949823726	-0.00554096946385	-0.0266461865581	0.0349933897199	-0.0909528432384	-0.00198944814062	-0.0938257329868	0.00258801525535	-0.0167236333134	0.0380741629342	0.0163127603855	-0.0159696530624	-0.0932155511703	-0.0571839741292	-0.0973435522459	-0.0166035920281	1.0	0.0376884062348	-0.0382636350307	-0.02057570281	-0.0560437100474	0.00685227700541	-0.0131995573389	0.00243125684271	-0.0435473292805	0.0226293392958	-0.0306117793062	-0.0451811896568	0.031536696484	0.00343279869305	0.0266302770169	0.066469480696	-0.0704706801592	-0.0740901552157	-0.0503369730211	-0.00601410901285	0.0799764787555	-0.017445513254	-0.00820970856603	0.0593334126833	0.0276450866074	-0.00935507583441	0.0410212655501	0.0318075615694	-0.0293223014262	0.0278146705462	0.0203956030866	-0.0160526301917	-0.057781224337	-0.0170916080172
k__Bacteria;p__Firmicutes;c__Clostridia;o__Clostridiales;f__Lachnospiraceae;g__Roseburia;s__Roseburia_intestinalis	-0.0365442117661	0.0329311504063	-0.0122570280692	-0.0242207778689	-0.0395834465277	-0.0496513452102	-0.0203242161011	-0.0151162631807	0.00109864628457	-0.0641696688538	0.038015891911	-0.00952034589548	-0.044534877223	-0.025445289472	-0.00450975784022	0.0385371195884	-0.0621108357063	0.0621584548372	0.0226944487916	0.0350205261522	-0.0249406508129	-0.0517828665394	-0.00381017747016	-0.0316629484591	0.0374187675788	0.0376884062348	1.0	-0.116983001456	-0.035100675354	-0.0271309814451	-0.0214272971656	-0.0161257408922	0.0217799672237	0.0122944808705	-0.00567179296999	0.068762515626	-0.0307719621285	-0.0290166682402	0.00988990309704	-0.0169935215688	-0.00918957566503	-0.0163872674836	0.043384098853	0.00147997155153	0.0313858198604	0.011149144668	-0.0138176462459	0.00944226390357	0.0439298341684	-0.0632662622271	-0.0038725188164	-0.00173085055419	-0.049205380969	0.0550206557131	-0.0258069114829	-0.0293274457677	-0.0427508616548	-0.0617446968993	0.0593756846766
k__Bacteria;p__Firmicutes;c__Clostridia;o__Clostridiales;f__Lachnospiraceae;g__Roseburia;s__Roseburia_hominis	-0.0758058332093	-0.0440719147836	0.0397305114585	-0.0176963759064	-0.0286166687521	-0.0278098086734	0.0174401090287	0.00609418866063	0.025201961004	-0.052278199888	-0.0204297211581	-0.00117154377581	-0.00626420756051	-0.093342482111	-0.0175429727469	-0.0163661353396	-0.0304483228156	0.0149813857026	-0.0124724626019	-0.0690807667295	-0.0626702192608	0.0462393462406	-0.0097594942781	0.0682724522505	0.0121074258879	-0.0382636350307	-0.116983001456	1.0	-0.026667038926	0.0351070865295	0.00327338544831	0.0198313070397	-0.00749160557053	0.0363197787722	0.00503934104859	-0.0126169555871	0.00334880810387	0.078951080977	0.0170359055621	0.0122813154879	-0.0691530434363	-0.0211485689826	-0.0516792331012	-0.0131789655422	-0.0495572880392	-0.00758634195157	-0.0843531016899	-0.0651083707917	0.0267019322971	0.00109958420463	0.0395656822179	0.000198644687066	-0.0192369920213	-0.0627622553901	-0.0022846788643	-0.0145984021566	-0.0333810075616	0.0447821509235	-0.00943445223624
k__Bacteria;p__Bacteroidetes;c__Bacteroidia;o__Bacteroidales;f__Porphyromonadaceae;g__Parabacteroides;s__Parabacteroides_johnsonii	0.0741850611326	-0.0265269981612	-0.0425353662456	0.00776956440507	0.00904531222039	0.025828354479	-0.0538018040869	0.0182445040051	0.072997901011	-0.0181680870768	-0.0537974573009	-0.0123322778049	-0.0274311510506	0.00232389782511	-0.0177154068705	-0.0101695296317	-0.040804665602	-0.0835516597051	-0.0303552435256	-0.0543033153592	0.0307491489121	-0.0277596693747	0.00852433027824	-0.0412984259341	-0.0178638804237	-0.02057570281	-0.035100675354	-0.026667038926	1.0	-0.0246386237104	-0.0266409790344	-0.0803432573953	-0.015317941918	-0.00547531440643	0.00625840031214	-0.0110917032629	0.0579370930656	0.0199478848623	0.0882717363707	-0.0176752035406	-0.00785841633544	0.00973999964086	-0.0730261251363	0.0473032184261	-0.0284782314551	-0.0207629575107	-0.0159434258539	0.0123517525355	0.0226068616919	0.0280239737574	-0.00719301737006	-0.0216312752925	0.0415393693346	0.0827819965393	0.0658963016987	-0.0356949589073	0.0729249754111	-0.0310365656737	-0.0404955807726
k__Bacteria;p__Actinobacteria;c__Actinobacteria;o__Bifidobacteriales;f__Bifidobacteriaceae;g__Bifidobacterium;s__Bifidobacterium_longum	0.00584783037654	0.0164192102727	-0.039621812632	0.0584684180683	0.0331179474945	0.00246133293933	0.0879512082322	0.116867704257	-0.0352284557458	-0.0712219269746	-0.0212089334234	0.0249604187136	0.0248546613646	0.0434274249221	-0.0651927050216	0.025843862074	0.0332849266928	-0.00883765198144	0.00776104726502	-0.0479077601082	0.0212780799186	0.0111625514774	-0.0328665529719	0.0266581954269	0.0586269144643	-0.0560437100474	-0.0271309814451	0.0351070865295	-0.0246386237104	1.0	0.0333667207418	-0.0295712746684	-0.0354344723883	-0.00827582697297	-0.0405076118926	-0.0254312072524	-0.0758047040972	0.000840938094932	-0.0422708660242	0.0154497969302	-0.0334160821628	-0.0792374941292	0.0233237435551	-0.0691264110615	-0.0144962982576	-0.0552756221345	-0.0339645495887	-0.0664552564277	0.0413079323518	0.0452515754365	-0.0286591360105	0.0500589443341	0.0234171288866	-0.0470220832828	-0.028599754969	-0.0261329379161	0.0447853711515	0.05085001704	-0.0459405714046
