#taxonomy	k__Bacteria;p__Bacteroidetes;c__Bacteroidia;o__Bacteroidales;f__Bacteroidaceae;g__Bacteroides;s__Bacteroides_vulgatus	k__Bacteria;p__Bacteroidetes;c__Bacteroidia;o__Bacteroidales;f__Bacteroidaceae;g__Bacteroides;s__Bacteroides_uniformis	k__Bacteria;p__Bacteroidetes;c__Bacteroidia;o__Bacteroidales;f__Rikenellaceae;g__Alistipes;s__Alistipes_putredinis	k__Bacteria;p__Bacteroidetes;c__Bacteroidia;o__Bacteroidales;f__Prevotellaceae;g__Prevotella;s__Prevotella_copri	k__Bacteria;p__Bacteroidetes;c__Bacteroidia;o__Bacteroidales;f__Bacteroidaceae;g__Bacteroides;s__Bacteroides_stercoris	k__Bacteria;p__Bacteroidetes;c__Bacteroidia;o__Bacteroidales;f__Bacteroidaceae;g__Bacteroides;s__Bacteroides_ovatus	k__Bacteria;p__Bacteroidetes;c__Bacteroidia;o__Bacteroidales;f__Rikenellaceae;g__Alistipes;s__Alistipes_shahii	k__Bacteria;p__Firmicutes;c__Clostridia;o__Clostridiales;f__Ruminococcaceae;g__Faecalibacterium;s__Faecalibacterium_prausnitzii	k__Bacteria;p__Bacteroidetes;c__Bacteroidia;o__Bacteroidales;f__Rikenellaceae;g__Alistipes;s__Alistipes_finegoldii	k__Bacteria;p__Bacteroidetes;c__Bacteroidia;o__Bacteroidales;f__Porphyromonadaceae;g__Parabacteroides;s__Parabacteroides_distasonis	k__Bacteria;p__Bacteroidetes;c__Bacteroidia;o__Bacteroidales;f__Bacteroidaceae;g__Bacteroides;s__Bacteroides_thetaiotaomicron	k__Bacteria;p__Bacteroidetes;c__Bacteroidia;o__Bacteroidales;f__Bacteroidaceae;g__Bacteroides;s__Bacteroides_coprocola	k__Bacteria;p__Bacteroidetes;c__Bacteroidia;o__Bacteroidales;f__Bacteroidaceae;g__Bacteroides;s__Bacteroides_cellulosilyticus	k__Bacteria;p__Bacteroidetes;c__Bacteroidia;o__Bacteroidales;f__Rikenellaceae;g__Alistipes;s__Alistipes_obesi	k__Bacteria;p__Firmicutes;c__Clostridia;o__Clostridiales;f__Lachnospiraceae;g__;s__[Eubacterium]_rectale	k__Bacteria;p__Bacteroidetes;c__Bacteroidia;o__Bacteroidales;f__Bacteroidaceae;g__Bacteroides;s__Bacteroides_plebeius	k__Bacteria;p__Bacteroidetes;c__Bacteroidia;o__Bacteroidales;f__Bacteroidaceae;g__Bacteroides;s__Bacteroides_fragilis	k__Bacteria;p__Proteobacteria;c__Betaproteobacteria;o__Burkholderiales;f__Sutterellaceae;g__Sutterella;s__Sutterella_wadsworthensis	k__Bacteria;p__Bacteroidetes;c__Bacteroidia;o__Bacteroidales;f__Porphyromonadaceae;g__Barnesiella;s__Barnesiella_intestinihominis	k__Bacteria;p__Bacteroidetes;c__Bacteroidia;o__Bacteroidales;f__Odoribacteraceae;g__Odoribacter;s__Odoribacter_splanchnicus	k__Bacteria;p__Bacteroidetes;c__Bacteroidia;o__Bacteroidales;f__Bacteroidaceae;g__Bacteroides;s__Bacteroides_salyersiae	k__Bacteria;p__Firmicutes;c__Clostridia;o__Clostridiales;f__Ruminococcaceae;g__Ruminiclostridium;s__[Eubacterium]_siraeum	k__Bacteria;p__Proteobacteria;c__Betaproteobacteria;o__Burkholderiales;f__Sutterellaceae;g__Parasutterella;s__Parasutterella_excrementihominis	k__Bacteria;p__Actinobacteria;c__Actinobacteria;o__Bifidobacteriales;f__Bifidobacteriaceae;g__Bifidobacterium;s__Bifidobacterium_adolescentis	k__Bacteria;p__Firmicutes;c__Clostridia;o__Clostridiales;f__Oscillospiraceae;g__Oscillibacter;s__Oscillibacter_sp._KLE_1745	k__Bacteria;p__Bacteroidetes;c__Bacteroidia;o__Bacteroidales;f__Bacteroidaceae;g__Bacteroides;s__Bacteroides_coprophilus	k__Bacteria;p__Firmicutes;c__Clostridia;o__Clostridiales;f__Lachnospiraceae;g__Roseburia;s__Roseburia_intestinalis	k__Bacteria;p__Firmicutes;c__Clostridia;o__Clostridiales;f__Lachnospiraceae;g__Roseburia;s__Roseburia_hominis	k__Bacteria;p__Bacteroidetes;c__Bacteroidia;o__Bacteroidales;f__Porphyromonadaceae;g__Parabacteroides;s__Parabacteroides_johnsonii	k__Bacteria;p__Actinobacteria;c__Actinobacteria;o__Bifidobacteriales;f__Bifidobacteriaceae;g__Bifidobacterium;s__Bifidobacterium_longum	k__Bacteria;p__Firmicutes;c__Clostridia;o__Clostridiales;f__;g__Flavonifractor;s__Flavonifractor_plautii	k__Bacteria;p__Firmicutes;c__Clostridia;o__Clostridiales;f__Clostridiaceae;g__Clostridium;s__Clostridium_phoceensis	k__Bacteria;p__Verrucomicrobia;c__Verrucomicrobiae;o__Verrucomicrobiales;f__Akkermansiaceae;g__Akkermansia;s__Akkermansia_muciniphila	k__Bacteria;p__Bacteroidetes;c__Bacteroidia;o__Bacteroidales;f__Prevotellaceae;g__Paraprevotella;s__Paraprevotella_xylaniphila	k__Bacteria;p__Firmicutes;c__Clostridia;o__Clostridiales;f__Ruminococcaceae;g__Ruminococcus;s__Ruminococcus_callidus	k__Bacteria;p__Bacteroidetes;c__Bacteroidia;o__Bacteroidales;f__Rikenellaceae;g__Alistipes;s__Alistipes_senegalensis	k__Bacteria;p__Firmicutes;c__Clostridia;o__Clostridiales;f__Lachnospiraceae;g__Blautia;s__Blautia_sp._KLE_1732	k__Bacteria;p__Bacteroidetes;c__Bacteroidia;o__Bacteroidales;f__Bacteroidaceae;g__Bacteroides;s__Bacteroides_oleiciplenus	k__Bacteria;p__Firmicutes;c__Clostridia;o__Clostridiales;f__Ruminococcaceae;g__Ruminococcus;s__Ruminococcus_bicirculans	k__Bacteria;p__Bacteroidetes;c__Bacteroidia;o__Bacteroidales;f__Bacteroidaceae;g__Bacteroides;s__Bacteroides_fluxus	k__Bacteria;p__Bacteroidetes;c__Bacteroidia;o__Bacteroidales;f__Prevotellaceae;g__Prevotella;s__Prevotella_stercorea	k__Bacteria;p__Firmicutes;c__Clostridia;o__Clostridiales;f__Lachnospiraceae;g__Dorea;s__Dorea_longicatena	k__Bacteria;p__Firmicutes;c__Clostridia;o__Clostridiales;f__Eubacteriaceae;g__Eubacterium;s__[Eubacterium]_eligens	k__Bacteria;p__Firmicutes;c__Clostridia;o__Clostridiales;f__Ruminococcaceae;g__;s__Ruminococcaceae_bacterium_D16	k__Bacteria;p__Firmicutes;c__Clostridia;o__Clostridiales;f__Lachnospiraceae;g__Coprococcus;s__Coprococcus_comes	k__Bacteria;p__Proteobacteria;c__Gammaproteobacteria;o__Enterobacterales;f__Enterobacteriaceae;g__Escherichia;s__Escherichia_coli	k__Bacteria;p__Firmicutes;c__Clostridia;o__Clostridiales;f__Ruminococcaceae;g__Anaerotruncus;s__Anaerotruncus_colihominis	k__Bacteria;p__Firmicutes;c__Clostridia;o__Clostridiales;f__Lachnospiraceae;g__Blautia;s__Blautia_obeum	k__Bacteria;p__Bacteroidetes;c__Bacteroidia;o__Bacteroidales;f__Odoribacteraceae;g__Odoribacter;s__Odoribacter_laneus	k__Bacteria;p__Firmicutes;c__Clostridia;o__Clostridiales;f__Ruminococcaceae;g__Ruminiclostridium;s__[Clostridium]_leptum	k__Bacteria;p__Bacteroidetes;c__Bacteroidia;o__Bacteroidales;f__Porphyromonadaceae;g__Parabacteroides;s__Parabacteroides_goldsteinii	k__Bacteria;p__Firmicutes;c__Clostridia;o__Clostridiales;f__Lachnospiraceae;g__Anaerostipes;s__Anaerostipes_hadrus	k__Bacteria;p__Firmicutes;c__Clostridia;o__Clostridiales;f__Ruminococcaceae;g__Ruminococcus;s__Ruminococcus_lactaris	k__Bacteria;p__Firmicutes;c__Clostridia;o__Clostridiales;f__Clostridiaceae;g__Clostridium;s__Clostridium_sp._L2-50	k__Bacteria;p__Firmicutes;c__Clostridia;o__Clostridiales;f__Clostridiaceae;g__Clostridium;s__Clostridium_sp._M62/1	k__Bacteria;p__Firmicutes;c__Clostridia;o__Clostridiales;f__;g__Intestinimonas;s__Intestinimonas_butyriciproducens	k__Bacteria;p__Actinobacteria;c__Actinobacteria;o__Bifidobacteriales;f__Bifidobacteriaceae;g__Bifidobacterium;s__Bifidobacterium_bifidum	k__Bacteria;p__Firmicutes;c__Negativicutes;o__Veillonellales;f__Veillonellaceae;g__Dialister;s__Dialister_invisus	k__Bacteria;p__Bacteroidetes;c__Bacteroidia;o__Bacteroidales;f__Bacteroidaceae;g__Bacteroides;s__Bacteroides_salanitronis
k__Bacteria;p__Bacteroidetes;c__Bacteroidia;o__Bacteroidales;f__Bacteroidaceae;g__Bacteroides;s__Bacteroides_vulgatus	1.0	-0.0237528784303	-0.0238815234138	0.0472129589955	0.0295566307464	-0.0293888170914	0.00943620653838	-0.0282548900724	-0.0477658938036	0.0015645612157	-0.0551792275031	-0.00898633612822	0.0038589909046	-0.0406872389418	0.046971957076	-0.026593325343	0.0303880440473	0.0641388155014	-0.000979085864453	-0.00844384028596	0.00155664466842	0.0328781367396	-0.0168329618	0.0267474908707	-0.0315675291294	-0.00907560005825	-0.0586397267449	-0.0109295751187	0.0126066736473	-0.0721970286152	-0.0902051932054	0.0341390803745	0.0417378323293	0.00730590670638	-0.0663597692358	-0.016153259299	0.0321119920852	0.0140752228079	0.0103712643744	0.0423762599035	-0.0641239696343	0.0271502698655	-0.00106951342702	-0.0375185795754	0.0134769315072	0.0412051058287	0.009197403993	0.0470333538862	0.0212927400727	-0.0237391255297	0.0123721969418	-0.0469166617986	-0.00460564244775	-0.0142175341535	-0.0266415709913	0.0328136075434	-0.0274478475679	-0.0286675707303	-0.0310714798686
k__Bacteria;p__Bacteroidetes;c__Bacteroidia;o__Bacteroidales;f__Bacteroidaceae;g__Bacteroides;s__Bacteroides_uniformis	-0.0237528784303	1.0	-0.0792449898958	-0.0535907318431	-0.066342511834	0.00950545041261	0.00237988882681	-0.00136878508762	0.00417736126422	-0.00817060970691	0.00812311941362	-0.0126709998612	0.00187064035177	-0.00158915346359	0.0371834730706	0.0577316810316	0.0408171053164	0.0729374287094	-0.0642454460866	-0.0667995718098	-0.0784237156418	0.00275127604659	-0.0403538621537	-0.0425585480814	0.0153690318092	0.0160495677605	-0.000450808221609	0.0101321455818	0.016710221654	-0.00394893131954	0.0862434340555	0.037081811583	-0.0214604740864	-0.00466569783605	0.0297061632512	-0.0215641561753	-0.0195450157705	-0.0156883239268	0.0354761707127	0.0024583270502	0.0356590906918	0.0131162055367	-0.0880753360227	-0.0372683334034	0.0293474829954	0.0151213820624	-0.0687183158155	0.0177186294775	-0.0716259996544	0.00791375156278	-0.0375441466403	-0.0252717223351	-0.0391936253898	-0.0178768477383	0.00284728471653	-0.0457556134245	0.0472421440554	0.0316027481224	-0.0369535642346
k__Bacteria;p__Bacteroidetes;c__Bacteroidia;o__Bacteroidales;f__Rikenellaceae;g__Alistipes;s__Alistipes_putredinis	-0.0238815234138	-0.0792449898958	1.0	-0.0115891420795	-0.0448962533281	-0.0573531680825	-0.0190325059077	0.0131206812724	-0.0185433223339	-0.012601132547	-0.0216654380052	-0.0374920996431	-0.0307740800006	0.0276702962795	-0.0725664732881	0.00522312494545	0.0541507095851	-0.0221552415263	-0.0173802076057	0.0216122488542	0.0422506539238	0.0414326324212	0.0786191040744	-0.0487025904564	-0.0572910365986	-0.0720408411579	0.0142926073485	-0.0496218318186	-0.0104421062165	-0.0249626740144	-0.0209075863842	0.0328085918038	-0.0736788050581	0.0666408039911	0.0337504936976	0.0402556565685	-0.0801975227477	-0.0820026106614	0.0359810476795	0.00069371067281	0.0082030943504	-0.00227856542289	-0.0120953214663	0.0225380964607	-0.0382513664113	0.0204784417315	-0.0861081824404	-0.0746398270056	0.0381544555588	-0.0160120083135	-0.0236260145389	-0.0277730696311	0.0530997109605	0.00480291290837	-0.0167043388612	0.0237916859719	0.0218262181619	-0.0565984763599	1.20942562059e-05
k__Bacteria;p__Bacteroidetes;c__Bacteroidia;o__Bacteroidales;f__Prevotellaceae;g__Prevotella;s__Prevotella_copri	0.0472129589955	-0.0535907318431	-0.0115891420795	1.0	-0.00084254922232	-0.0696115133965	-0.0123175648712	0.029257914902	0.0653131698947	-0.00968535659493	-0.0685209475849	-0.0495875468307	5.1555482805e-05	-0.0322189530742	-0.0217856179829	0.0217859902835	-0.0196057638715	-0.129847176397	0.035214467452	-0.0218344109145	-0.0322467506233	0.00056316805864	-0.0418913753884	0.0245244333361	-0.0125114939332	-0.00079374333406	-0.0103232810878	-0.0109364778867	0.010508316527	-0.0510143148459	0.0311144550855	0.00426238590035	-0.00610260762874	-0.0472433228716	0.0355001607003	0.000506307539933	0.0377913718723	0.0252664204706	-0.0199335459557	-0.0518248888507	0.0149412600632	0.0229195825376	0.0441936037511	0.0726282034755	-0.0543518382455	-0.0310474777833	0.0330980222177	-0.0306758839473	-0.0151712847289	0.0278988007745	-0.00523181323581	-0.0150444134079	-0.00843433855138	-0.0253913032517	-0.0186215541209	-0.0264932189332	-0.030992703163	0.0234455365193	0.0601842147232
k__Bacteria;p__Bacteroidetes;c__Bacteroidia;o__Bacteroidales;f__Bacteroidaceae;g__Bacteroides;s__Bacteroides_stercoris	0.0295566307464	-0.066342511834	-0.0448962533281	-0.00084254922232	1.0	-0.0640289734727	0.0592046556579	-0.0801311322689	0.0252926161338	0.0782934808656	0.0630028944327	0.0240688795752	-0.0468588190799	-0.0330531921287	-0.0338286970288	-0.0144064767348	0.0332427102183	-0.0268878503972	0.0477494457334	0.000446345122916	0.0681951839635	-0.0681005129932	-0.0496775525769	-0.0587014158313	-0.0342395383611	-0.0758357647156	0.0155137494964	0.0570529228939	-0.0521180873073	0.0696932153406	0.0535236489323	-0.0391419927233	-0.0458668854109	-0.0221750867418	0.0363564817785	0.026789294605	-0.02596087789	0.0717217671363	-0.0220497595586	-0.031748056832	-0.0132053919592	0.0194956838269	-0.0256527025527	-0.0181862682795	-0.0686742787286	0.0514014838528	-0.0269116430645	-0.00943757657193	0.0407684327745	-0.00173525876615	-0.0406587377527	0.0181126440779	0.00362838428108	-0.0153104826999	-0.0182688198499	-0.00745348645168	-0.0345122533221	-0.021081552506	-0.0475220390181
k__Bacteria;p__Bacteroidetes;c__Bacteroidia;o__Bacteroidales;f__Bacteroidaceae;g__Bacteroides;s__Bacteroides_ovatus	-0.0293888170914	0.00950545041261	-0.0573531680825	-0.0696115133965	-0.0640289734727	1.0	0.0190966967253	0.0357093168073	0.0634346160648	-0.00229503894793	-0.00259562484463	-0.0733720745391	-0.0779909160153	-0.0660306652292	0.0192288398929	-0.0222195003004	-0.0630075917796	0.0566620491538	0.00719711079429	-0.0408433807994	-0.0793323809726	0.0334073966272	-0.097749463361	0.0243086134305	0.0348341808691	-0.002734858844	0.0220934598723	-0.0285417964439	-0.00978854052932	0.0719653279212	-0.08761007368	-0.0410272717501	-0.0353422617276	0.0213521672254	-0.0730418832808	0.00556421390553	0.031761392608	0.0325516096028	0.0532524766507	-0.0326209097677	0.0173720155841	-0.00599806548758	0.0727251791374	0.00291164349974	0.0162723995702	0.0337605126183	-0.0120075541749	0.0115676024806	-0.0778400640926	0.0197179756319	-0.038682283053	-0.0367821657247	-0.0439215166718	-0.000931819186133	-0.105872453189	0.00191456220614	0.0396111750063	0.0144475833055	0.0409297912196
k__Bacteria;p__Bacteroidetes;c__Bacteroidia;o__Bacteroidales;f__Rikenellaceae;g__Alistipes;s__Alistipes_shahii	0.00943620653838	0.00237988882681	-0.0190325059077	-0.0123175648712	0.0592046556579	0.0190966967253	1.0	0.0596891167529	0.00842048752477	-0.0408708679217	0.0231117678471	-0.000359018555602	-0.0995700206132	-0.0298852345276	-0.0269109705433	-0.0799203061793	-0.0525618018033	0.0587122230452	0.0680944339252	0.0707834340166	0.0549796094178	0.0281942248525	-0.0809874384059	-0.0314060674055	-0.0497963567365	0.015318698711	-0.01391927695	0.0455499701087	-0.02023898524	-0.00559022941841	-0.0581145982748	0.0202624841546	0.0060800665909	0.0119503758939	0.0263761253918	-0.0443741647405	-0.0231761519285	0.0198051508121	-0.00191196161021	-0.0108041925924	-0.108294314589	-0.00446565798405	-0.000817096092888	-0.0669692875484	-0.048882485699	-0.0347594352	0.1151717018	-0.00228988063658	-0.0585836616289	-0.0177642823159	0.0863275801415	-0.00462139847107	0.0355420656952	-0.0191771139069	-0.0285546256195	-0.0377615479848	-0.0243397120021	-0.0241025811595	-0.000665520358811
k__Bacteria;p__Firmicutes;c__Clostridia;o__Clostridiales;f__Ruminococcaceae;g__Faecalibacterium;s__Faecalibacterium_prausnitzii	-0.0282548900724	-0.00136878508762	0.0131206812724	0.029257914902	-0.0801311322689	0.0357093168073	0.0596891167529	1.0	-0.0705830995182	0.000567064845512	-0.0603200487584	0.0391376292116	-0.00796831051432	-0.0110573874868	-0.0787829048559	0.00204301529506	-0.0527294565281	0.0339972587881	0.0187611929814	0.0529235935874	-0.000566576504738	0.0304851920355	-0.0179282190782	0.00446988658499	0.0026372617509	0.0365727734716	-0.015027804415	-0.0661322204034	0.0128328713767	-0.000619121383302	-0.035344759263	-0.0874249639495	-0.0734423297141	0.0267695342324	0.00299208122041	0.0162823277641	-0.0161711778319	-0.00556098521763	0.00924717698824	0.0399876143449	0.00916471679261	-0.00480332384652	0.0345426264793	-0.0181427468194	0.014894366046	0.0141283614168	-0.0459786217214	-0.0479649607493	-0.0492177139932	-0.0506324447507	0.00372970573498	0.0576339831367	-0.00985831904212	-0.0243458906146	-0.0393271883634	-0.0338220238352	0.00855838495106	0.00636977919068	-0.0317174759062
k__Bacteria;p__Bacteroidetes;c__Bacteroidia;o__Bacteroidales;f__Rikenellaceae;g__Alistipes;s__Alistipes_finegoldii	-0.0477658938036	0.00417736126422	-0.0185433223339	0.0653131698947	0.0252926161338	0.0634346160648	0.00842048752477	-0.0705830995182	1.0	0.0140925876707	-0.0436737666947	-0.0162816154429	0.0084002990536	-0.00168433863852	-0.00810257268131	-0.0151461599787	-0.059058820153	-0.0416181755514	-0.0154412812414	-0.0484530502632	0.0137958749837	0.0225853611921	-0.0686765564007	-0.0120074570189	-0.0193860893395	0.0443133766305	0.00076658930859	-0.00368453346545	0.030322778629	-0.0608181986349	-0.0326155537896	-0.0178818924126	-0.0494766182463	-0.0673553083711	-0.0105159795678	0.0265162091768	-0.0211556527423	0.018143012011	-0.0304597245905	-0.0699545193919	-0.037096925475	-0.0510253786373	0.0678897930186	-0.04620205312	0.0377559524804	0.0155066156615	-0.0369902015112	-0.0428402562812	-0.0469310543415	-0.0644187433975	-0.0379606762891	-0.00267474747545	-0.0551620192845	-0.0287936367636	0.0251492818531	-0.00416788592691	-0.0290438528037	0.0122119735044	0.01825390469
k__Bacteria;p__Bacteroidetes;c__Bacteroidia;o__Bacteroidales;f__Porphyromonadaceae;g__Parabacteroides;s__Parabacteroides_distasonis	0.0015645612157	-0.00817060970691	-0.012601132547	-0.00968535659493	0.0782934808656	-0.00229503894793	-0.0408708679217	0.000567064845512	0.0140925876707	1.0	-0.0336057543334	-0.0249814037857	0.0365823863752	0.0268236929096	0.0531407780362	0.0326632574928	0.00764681437989	0.01532067786	-0.00620506857322	0.0559493952366	-0.00399047340822	-0.0055467126169	-0.0706154016775	-0.0781847343854	0.00877327297244	-0.0451632641086	-0.0123852747556	0.0235523254029	-0.1002363452	-0.0150727725663	-0.0364185211174	-0.0504986561147	-0.00273688192746	0.034828419836	-0.00254020614119	-0.0029805684267	0.0312966288868	0.0691033896944	-0.00809681999842	-0.0570219621769	-0.0301174468401	0.0150850481718	-0.0498710171101	0.0404337812332	0.0274084260525	0.00137430606068	-0.035253474534	-0.0709932032401	0.000462054971869	-0.095729873527	0.0346409320024	-0.010444477572	-0.0212549417193	0.00145916025509	0.0459085181735	-0.0136800895993	-0.016445351919	-0.0998502870647	-0.0292259890914
k__Bacteria;p__Bacteroidetes;c__Bacteroidia;o__Bacteroidales;f__Bacteroidaceae;g__Bacteroides;s__Bacteroides_thetaiotaomicron	-0.0551792275031	0.00812311941362	-0.0216654380052	-0.0685209475849	0.0630028944327	-0.00259562484463	0.0231117678471	-0.0603200487584	-0.0436737666947	-0.0336057543334	1.0	-0.0528620485103	-0.0362948943809	-0.0271929703768	-0.0313554309839	-0.0562454816945	-0.0241328043554	-0.00120489541264	-0.00495185552631	-0.0418512233696	0.00579547006497	-0.0205043818395	0.00240639572136	0.0167046833911	-0.0102298261615	0.0172826600124	-0.0307389325511	-0.109893680523	-0.0524880664304	0.063882036436	0.00153628726523	-0.0129102207232	-0.0436280753796	-0.00864543851201	0.0460698378278	0.0167699925132	-0.0665120737146	-0.0430543504222	-0.0151997278336	-0.0433133119709	-0.0365124098531	0.0245125413653	-0.0283516688174	-0.017327338632	-0.0625723600794	-0.0145964721854	0.0207232073548	-0.0360859930833	-0.0376044503898	0.0195652121747	0.0384800888115	0.0178900837023	0.0323128632899	0.00037956669767	0.0174121842976	0.0151466061495	-0.0154364385538	-0.0100189923343	0.00614328664956
k__Bacteria;p__Bacteroidetes;c__Bacteroidia;o__Bacteroidales;f__Bacteroidaceae;g__Bacteroides;s__Bacteroides_coprocola	-0.00898633612822	-0.0126709998612	-0.0374920996431	-0.0495875468307	0.0240688795752	-0.0733720745391	-0.000359018555602	0.0391376292116	-0.0162816154429	-0.0249814037857	-0.0528620485103	1.0	0.0162984987714	-0.0984689531687	0.00728688043083	0.033817836196	-0.105234168428	-0.0482538149258	-0.0258522255656	-0.0286617613964	0.00554446843284	-0.0025457295201	0.00724445794571	-0.0256479031541	-0.042750770315	0.019490555022	0.0250830448931	0.010640692402	0.00898792849266	-0.0177394739989	0.0246660578905	-0.0601615596604	-0.0291529283098	-0.0207882941299	0.0149502728524	-0.0680130185365	-0.0133797898597	-0.0258932014541	0.0230564561502	-0.0388021697217	0.00704991708783	0.0146634038617	0.00302253121248	-0.003916578997	-0.0476752360639	-0.0277605622289	0.00517434369915	-0.0213392114475	-0.015643530333	-0.0286020596909	0.0393767921038	-0.00881756605136	0.040741127508	0.0380373330381	-0.021500929551	-0.0553278865175	-0.0125898118548	0.0168557839913	-0.0249226978313
k__Bacteria;p__Bacteroidetes;c__Bacteroidia;o__Bacteroidales;f__Bacteroidaceae;g__Bacteroides;s__Bacteroides_cellulosilyticus	0.0038589909046	0.00187064035177	-0.0307740800006	5.15554828049e-05	-0.0468588190799	-0.0779909160153	-0.0995700206132	-0.00796831051432	0.0084002990536	0.0365823863752	-0.0362948943809	0.0162984987714	1.0	-0.0053790611703	0.0267051108319	-0.0743893501522	0.00480650033246	-0.00481236476024	-0.0177341649996	-0.0257764986225	-0.00681083984137	-0.0464880394636	0.0241988614747	0.0116458003605	0.0157489569229	-0.0254094628131	-0.0242534594861	-0.0204258803078	0.0287713221886	-0.033073712882	0.0642743505501	0.0676801293568	-0.0378490572472	0.046639670696	-0.0113107472921	-0.00299048846842	0.024784042508	-0.0323633936506	-0.0137790337881	0.0483461839105	-0.0837143526418	-0.0675899046763	-0.035169341559	0.00735518806927	0.0427041161451	-0.0896317180678	-0.0088673539615	0.0158956075671	0.012540782457	-0.015094947845	0.0263693053641	0.0953070361048	-0.0272027558498	-0.0158640471952	-0.00978011106792	0.0134353864255	-0.0218399665462	-0.000798196367535	-0.0206890286507
k__Bacteria;p__Bacteroidetes;c__Bacteroidia;o__Bacteroidales;f__Rikenellaceae;g__Alistipes;s__Alistipes_obesi	-0.0406872389418	-0.00158915346359	0.0276702962795	-0.0322189530742	-0.0330531921287	-0.0660306652292	-0.0298852345276	-0.0110573874868	-0.00168433863852	0.0268236929096	-0.0271929703768	-0.0984689531687	-0.0053790611703	1.0	-0.0644047165806	-0.0187145732103	0.00233913773565	0.0730066516714	-0.0491615200046	-0.00527221719986	-0.0287406508815	0.0073943816993	-0.0503115675307	0.0183885414386	0.0633580012156	0.00971633883592	0.0441213081975	0.0475574491561	0.0820086595658	-0.0104341386275	0.0389836099384	-0.0542991584909	-0.0938455489455	-0.0239516010243	0.00206306529383	0.0548282967841	0.00677767978167	0.0134050569618	0.00706318800968	0.0219992369069	0.0438605981074	-0.00993692765851	-0.0152796994489	-0.0770165339496	0.0101181243325	-0.0280891716665	-0.063017848031	-0.0645467093011	-0.0153376579582	0.0730742758608	-0.0286793201652	0.0564140114257	-0.0272377841558	-0.0385801799972	0.0274094869028	-0.0346018057827	-0.0134422035802	0.0422675357025	-0.0318203363767
k__Bacteria;p__Firmicutes;c__Clostridia;o__Clostridiales;f__Lachnospiraceae;g__;s__[Eubacterium]_rectale	0.046971957076	0.0371834730706	-0.0725664732881	-0.0217856179829	-0.0338286970288	0.0192288398929	-0.0269109705433	-0.0787829048559	-0.00810257268131	0.0531407780362	-0.0313554309839	0.00728688043083	0.0267051108319	-0.0644047165806	1.0	-0.0281229212242	0.0347577096006	-0.0236141436877	-0.0033102396829	-0.013405658406	-0.0351607840028	0.0204814744378	0.0526985819402	-0.00211340287818	-0.0226858456371	-0.0601793014388	0.00997638326495	0.0181747621485	-0.0376684212151	0.0785450389444	-0.0346898529614	0.0987194342652	-0.0263754459654	-0.00673316436312	-0.0827131650708	-0.101013477977	0.0523148774129	-0.0244652239941	0.0114096652346	-0.0156167871098	-0.0613235972323	0.00778576261624	-0.0451673646715	-0.0548133421649	-0.0161717100612	-0.0546966238105	-0.0330150178567	0.0130943776465	8.06286533294e-05	-0.00604813368501	0.0561389365164	0.0561731532701	-0.00807296778921	0.00872614626474	-0.0189460450336	0.0256129625031	-0.0772814878512	-0.0182989267366	0.0247670571872
k__Bacteria;p__Bacteroidetes;c__Bacteroidia;o__Bacteroidales;f__Bacteroidaceae;g__Bacteroides;s__Bacteroides_plebeius	-0.026593325343	0.0577316810316	0.00522312494545	0.0217859902835	-0.0144064767348	-0.0222195003004	-0.0799203061793	0.00204301529506	-0.0151461599787	0.0326632574928	-0.0562454816945	0.033817836196	-0.0743893501522	-0.0187145732103	-0.0281229212242	1.0	0.0354855235221	-0.0185138190106	0.0159384025221	0.0415696662029	-0.0125569104446	-0.0253563196331	-0.00532342718654	-0.0134244737348	0.0140782658267	-0.0853544950793	0.00142943962149	0.0214627998985	-0.0172775611078	-0.0256682067597	-0.0055549969764	0.055538731143	-0.0187783608885	-0.022417105601	-0.0241037956109	-0.00932775734043	-0.0540830842208	0.00740559714219	0.00650008257822	0.0326833665605	0.00798759343394	0.0656790632937	-0.0138100270298	-0.0207009385378	-0.0145689601835	0.00960818746206	0.0377443086098	0.0613064822705	-0.0356820163359	-0.0073168820284	0.0724051869531	-0.0899163525507	-0.00502286909126	-0.005476474727	-0.0167955846959	-0.0346219949776	-0.0525690912282	0.0282349001129	-0.134887274424
k__Bacteria;p__Bacteroidetes;c__Bacteroidia;o__Bacteroidales;f__Bacteroidaceae;g__Bacteroides;s__Bacteroides_fragilis	0.0303880440473	0.0408171053164	0.0541507095851	-0.0196057638715	0.0332427102183	-0.0630075917796	-0.0525618018033	-0.0527294565281	-0.059058820153	0.00764681437989	-0.0241328043554	-0.105234168428	0.00480650033246	0.00233913773565	0.0347577096006	0.0354855235221	1.0	-0.0130321961953	0.00865691757026	-0.00966635822734	0.0531278207012	-0.0109068571449	0.00654386200596	-0.0564087358355	0.0174673952551	-0.0181335105727	-0.0108662113871	0.0251728169187	-0.0454072611627	0.00257929449425	0.0518727974908	-0.0605728860883	-0.0210821722908	0.0087183373355	-0.0220502738117	0.00219030316871	0.00557272254164	0.0506205791659	-0.0204035930797	0.0142956032822	-0.0160767204003	0.015623142147	-0.0172394615202	-0.0405841474881	-0.0091271700997	0.0386801691856	-0.022165505303	-0.0203919841685	0.0583339250859	-0.043248873573	-0.00283981824111	-0.0138428493064	-0.0178278880626	-0.0490466139665	-0.0086500539001	-0.0126677486776	0.0225226923482	-0.0198393266998	0.0177586266527
k__Bacteria;p__Proteobacteria;c__Betaproteobacteria;o__Burkholderiales;f__Sutterellaceae;g__Sutterella;s__Sutterella_wadsworthensis	0.0641388155014	0.0729374287094	-0.0221552415263	-0.129847176397	-0.0268878503972	0.0566620491538	0.0587122230452	0.0339972587881	-0.0416181755514	0.01532067786	-0.00120489541264	-0.0482538149258	-0.00481236476024	0.0730066516714	-0.0236141436877	-0.0185138190106	-0.0130321961953	1.0	-0.0290085088583	0.0173450758534	-0.0277343473608	0.00794848408824	-0.036249412614	0.0140216445744	0.0462644949535	0.0125649339347	0.0107615017335	-0.0754309988051	-0.0351364447118	-0.00797954321519	-0.029460936592	-0.0086841765535	-0.0512257968128	0.0677121691945	-0.0731953981257	-0.0601228954109	-0.000610243749399	0.0675417402104	-0.0227486745837	-0.0125305987216	-0.0377963168034	0.0271708300923	0.00771539571726	-0.0309488654505	0.0423379451695	-0.0408177879596	-0.0157227213309	0.0100774318808	-0.0234230992697	-0.078548530848	-0.00777572141578	-0.00472344157296	-0.0700993513811	-0.0506657645348	-0.0704556241346	-0.038449471984	0.0260073264116	-0.0408461380388	-0.0173207105067
k__Bacteria;p__Bacteroidetes;c__Bacteroidia;o__Bacteroidales;f__Porphyromonadaceae;g__Barnesiella;s__Barnesiella_intestinihominis	-0.000979085864453	-0.0642454460866	-0.0173802076057	0.035214467452	0.0477494457334	0.00719711079429	0.0680944339252	0.0187611929814	-0.0154412812414	-0.00620506857322	-0.00495185552631	-0.0258522255656	-0.0177341649996	-0.0491615200046	-0.0033102396829	0.0159384025221	0.00865691757026	-0.0290085088583	1.0	-0.043437487687	-0.0382023788778	-0.0609889133862	-0.0304534456093	-0.0492547037126	-0.00880491233725	0.051453870596	-0.0610596216428	0.00385843295547	-0.0326942586599	-0.0035067578464	-0.0696941625753	0.0419075424211	0.0235961491397	-0.0661748629364	-0.0279510171808	-0.00429495203002	-0.0400657525133	0.0234318267816	-0.0321071302932	0.0722848412475	-0.0288136982299	0.00494556521539	0.0102840499667	-0.0214639281233	0.00962040486838	-0.0185635969323	-0.00836729325546	0.0132113404093	-0.029384272719	-0.0398923139274	-0.0398014969651	0.0318450451558	0.0109353912838	0.0900748283028	0.0062575332699	-0.0192631836695	-0.0569615565354	-0.0795351890658	-0.0718675644043
k__Bacteria;p__Bacteroidetes;c__Bacteroidia;o__Bacteroidales;f__Odoribacteraceae;g__Odoribacter;s__Odoribacter_splanchnicus	-0.00844384028596	-0.0667995718098	0.0216122488542	-0.0218344109145	0.000446345122916	-0.0408433807994	0.0707834340166	0.0529235935874	-0.0484530502632	0.0559493952366	-0.0418512233696	-0.0286617613964	-0.0257764986225	-0.00527221719986	-0.013405658406	0.0415696662029	-0.00966635822734	0.0173450758534	-0.043437487687	1.0	0.038042012223	-0.0115334678628	-0.077269688283	-0.0302159533413	0.00690323050603	0.00553957814756	-0.0093358772901	-0.0451400179421	0.0237987497545	0.0467579907483	-0.0492534459014	0.00441351951835	-0.0327125420924	-0.054957141093	-0.00876596299531	0.00987938034945	0.000142730395424	-0.00692050726208	0.00510117623842	0.0727007738668	0.00461374129439	-0.076359304227	0.0460450018247	-0.0237531577482	-0.0641283819199	-0.00499613077626	-0.0448114193981	-0.0373940080991	0.0439440903933	-0.0168610106547	0.033385145645	0.00225319942413	-0.00979926430538	-0.0402639417509	-0.00148291761299	-0.035887927412	0.0228993596991	-0.0487863353423	-0.0287291926646
k__Bacteria;p__Bacteroidetes;c__Bacteroidia;o__Bacteroidales;f__Bacteroidaceae;g__Bacteroides;s__Bacteroides_salyersiae	0.00155664466842	-0.0784237156418	0.0422506539238	-0.0322467506233	0.0681951839635	-0.0793323809726	0.0549796094178	-0.000566576504738	0.0137958749837	-0.00399047340822	0.00579547006497	0.00554446843284	-0.00681083984137	-0.0287406508815	-0.0351607840028	-0.0125569104446	0.0531278207012	-0.0277343473608	-0.0382023788778	0.038042012223	1.0	-0.0116778843854	0.0206434568552	-0.0668119128274	-0.0373220841331	-0.00138294537653	0.0217897363348	-0.0321659510161	-0.0526365623935	-0.0419109445452	-0.00208532419259	-0.0646705570347	-0.04136668701	0.0628785377151	-0.0658543465254	0.0220293659824	0.00280401539603	-0.0156394548438	0.0120072149428	0.0251863720185	-0.0189799844413	-0.0132028351112	0.00519449562162	-0.0592170493476	0.0471723596554	0.00763487085232	-0.0219065630008	-0.0548441383041	-0.049952782505	0.04121662629	0.0347988037387	-0.0436646240903	-0.0865166868143	-0.00822000613861	-0.0279109604218	0.0119616013174	-0.101557967318	0.0473869672056	0.0342431657886
k__Bacteria;p__Firmicutes;c__Clostridia;o__Clostridiales;f__Ruminococcaceae;g__Ruminiclostridium;s__[Eubacterium]_siraeum	0.0328781367396	0.00275127604659	0.0414326324212	0.00056316805864	-0.0681005129932	0.0334073966272	0.0281942248525	0.0304851920355	0.0225853611921	-0.0055467126169	-0.0205043818395	-0.0025457295201	-0.0464880394636	0.0073943816993	0.0204814744378	-0.0253563196331	-0.0109068571449	0.00794848408824	-0.0609889133862	-0.0115334678628	-0.0116778843854	1.0	0.106948290119	-0.038567661127	0.019938185542	-0.110088004675	0.0549631300271	-0.0463190006184	-0.048255249992	-0.0204444090161	0.00887464823195	0.016067650145	-0.0301124310813	0.0596439964385	-0.0251452841713	-0.0617115522476	0.0348904212036	-0.0594267679523	-0.00101782266816	-0.0111764900485	-0.00115832721045	-0.00758463934588	-0.0304752396715	0.0288763961686	0.022231056563	0.0459963496672	-0.0273908703129	-0.0130934991124	-0.0791410244886	0.0327349448563	-0.0120449804754	0.0113859338348	-0.0467965097598	0.00605302539124	0.016482964864	-0.0975152061924	0.0230702829752	0.0145033729026	-0.0335389494788
k__Bacteria;p__Proteobacteria;c__Betaproteobacteria;o__Burkholderiales;f__Sutterellaceae;g__Parasutterella;s__Parasutterella_excrementihominis	-0.0168329618	-0.0403538621537	0.0786191040744	-0.0418913753884	-0.0496775525769	-0.097749463361	-0.0809874384059	-0.0179282190782	-0.0686765564007	-0.0706154016775	0.00240639572136	0.00724445794571	0.0241988614747	-0.0503115675307	0.0526985819402	-0.00532342718654	0.00654386200596	-0.036249412614	-0.0304534456093	-0.077269688283	0.0206434568552	0.106948290119	1.0	-0.0431890889702	-0.0295459419726	-0.00296222013879	0.0279070085809	0.0423092516836	-0.0218123940964	-0.0241668597287	-0.0410699993901	0.0795329648887	0.0146814371882	-0.00541889789869	0.00975883771864	-0.048458779515	-0.0223646953051	-0.0136535031054	0.0288904935604	-0.0412159033689	-0.0327981573749	-0.00239592162729	-0.0237642915668	-0.0177285587045	-0.0221020380769	0.0242103069757	0.0268531076107	0.016723108394	-0.0195836988321	-0.0227391599079	-0.0334528639942	0.00941254239341	-0.0144733830444	0.0149941941801	0.0684455518057	-0.0239491388754	0.0302526793392	-0.0219970304788	0.0226094136714
k__Bacteria;p__Actinobacteria;c__Actinobacteria;o__Bifidobacteriales;f__Bifidobacteriaceae;g__Bifidobacterium;s__Bifidobacterium_adolescentis	0.0267474908707	-0.0425585480814	-0.0487025904564	0.0245244333361	-0.0587014158313	0.0243086134305	-0.0314060674055	0.00446988658499	-0.0120074570189	-0.0781847343854	0.0167046833911	-0.0256479031541	0.0116458003605	0.0183885414386	-0.00211340287818	-0.0134244737348	-0.0564087358355	0.0140216445744	-0.0492547037126	-0.0302159533413	-0.0668119128274	-0.038567661127	-0.0431890889702	1.0	-0.053453482234	-0.0275794225294	0.0379419861346	0.0344260723146	-0.00823428127322	0.00205997089546	0.0385362618956	-0.0107662148308	-0.0154876777894	0.0668601653144	0.0252426525168	-0.0401611191216	0.0450324713252	-0.070578644778	-0.0738012393917	0.00475506672572	0.00931438342671	-0.00460827848925	0.0329594384671	0.0850515320393	0.0638505414531	-0.0191310646245	-0.0283854874059	-0.0099647470192	0.00518061556814	0.0349032034418	0.0193059716296	0.0331595489703	-0.0103378325751	-0.0334483970052	0.01756292679	-0.00898444472423	0.017354728084	0.0405392291163	-0.0710990819223
k__Bacteria;p__Firmicutes;c__Clostridia;o__Clostridiales;f__Oscillospiraceae;g__Oscillibacter;s__Oscillibacter_sp._KLE_1745	-0.0315675291294	0.0153690318092	-0.0572910365986	-0.0125114939332	-0.0342395383611	0.0348341808691	-0.0497963567365	0.0026372617509	-0.0193860893395	0.00877327297244	-0.0102298261615	-0.042750770315	0.0157489569229	0.0633580012156	-0.0226858456371	0.0140782658267	0.0174673952551	0.0462644949535	-0.00880491233725	0.00690323050603	-0.0373220841331	0.019938185542	-0.0295459419726	-0.053453482234	1.0	0.0227043474834	-0.0796328032751	-0.0242147134391	-0.0132086482468	-0.0251135245484	-0.0248391695212	0.0126605068577	-0.0234258991782	-0.0320915225943	-0.0224747805308	0.00769900819714	0.0272262994943	0.0443721850241	-0.0296643854296	-0.125386658899	0.00593379689413	-0.054425731084	-0.00807869255092	-0.0195101319803	-0.0213409270701	-0.0334013024405	-0.00913313308907	-0.0139504054918	0.0208682874336	-0.0301968813016	0.0459431410083	-0.0978035493959	-0.0188787475691	-0.0050552044275	0.0115367233905	0.0439706021094	-0.0265788801429	0.0298651869841	0.0017059230851
k__Bacteria;p__Bacteroidetes;c__Bacteroidia;o__Bacteroidales;f__Bacteroidaceae;g__Bacteroides;s__Bacteroides_coprophilus	-0.00907560005825	0.0160495677605	-0.0720408411579	-0.00079374333406	-0.0758357647156	-0.002734858844	0.015318698711	0.0365727734716	0.0443133766305	-0.0451632641086	0.0172826600124	0.019490555022	-0.0254094628131	0.00971633883592	-0.0601793014388	-0.0853544950793	-0.0181335105727	0.0125649339347	0.051453870596	0.00553957814756	-0.00138294537653	-0.110088004675	-0.00296222013879	-0.0275794225294	0.0227043474834	1.0	0.0602020653036	0.0252057267778	0.0245435078832	-0.00378108254426	-0.0654072267572	-0.0027103435912	0.0155650332947	-0.0493951082416	0.0158234694656	-0.0585616247439	-0.0455604945493	0.0455839251158	0.00484077777542	0.00783669791657	0.0678591718216	-0.0211469210448	0.0198388429438	-0.000241084541377	0.0265923335032	0.00136337128379	0.0460254711221	-0.000153286177748	-0.0562483584199	0.019824197747	-0.00013881368671	0.114188419044	-0.0313596777041	0.0534940262838	-0.00154852328328	-0.0955457170173	0.0034903576389	-0.039055885928	-0.0192641622087
k__Bacteria;p__Firmicutes;c__Clostridia;o__Clostridiales;f__Lachnospiraceae;g__Roseburia;s__Roseburia_intestinalis	-0.0586397267449	-0.000450808221609	0.0142926073485	-0.0103232810878	0.0155137494964	0.0220934598723	-0.01391927695	-0.015027804415	0.00076658930859	-0.0123852747556	-0.0307389325511	0.0250830448931	-0.0242534594861	0.0441213081975	0.00997638326495	0.00142943962149	-0.0108662113871	0.0107615017335	-0.0610596216428	-0.0093358772901	0.0217897363348	0.0549631300271	0.0279070085809	0.0379419861346	-0.0796328032751	0.0602020653036	1.0	-0.0165057851163	0.011159778174	-0.0199308173074	-0.0367830470285	-0.0403261023577	-0.0341437683099	-0.0565126873686	-0.0420908016493	-0.0121191166293	0.0498133125502	-0.0912870187059	0.0247949506877	-0.00421156595995	0.02674230119	0.0164255363596	0.0741377459014	0.0140936173557	-0.0240019694695	-0.00634319761567	-0.0833783242148	0.0394885953504	0.0241384272189	0.00169212943179	0.0125346238655	0.0233077944767	0.0315278855971	-0.083620222022	0.0265257803922	0.00185148915617	-0.0653111591499	-0.00463720763464	-0.00468737242086
k__Bacteria;p__Firmicutes;c__Clostridia;o__Clostridiales;f__Lachnospiraceae;g__Roseburia;s__Roseburia_hominis	-0.0109295751187	0.0101321455818	-0.0496218318186	-0.0109364778867	0.0570529228939	-0.0285417964439	0.0455499701087	-0.0661322204034	-0.00368453346545	0.0235523254029	-0.109893680523	0.010640692402	-0.0204258803078	0.0475574491561	0.0181747621485	0.0214627998985	0.0251728169187	-0.0754309988051	0.00385843295547	-0.0451400179421	-0.0321659510161	-0.0463190006184	0.0423092516836	0.0344260723146	-0.0242147134391	0.0252057267778	-0.0165057851163	1.0	-0.0793955938285	-0.052771696352	-0.0523982672837	0.0140905770126	-0.0343669797192	-0.000964803250653	-0.0285383446611	-0.00617038552564	0.0741930783079	0.0667045543951	0.0275556063926	-0.100862565211	0.0398200225539	0.039813094719	-0.0152746476025	-0.0230945645926	-0.0606285884749	0.0149090782392	0.0332351077732	-0.0757649607339	0.0084635634532	-0.0628739662347	0.0935093840346	0.0460222399792	0.00308279429234	-0.0889222606541	0.0283976024608	0.0130099684951	0.0272056531548	0.0917034009039	-0.0689487657141
k__Bacteria;p__Bacteroidetes;c__Bacteroidia;o__Bacteroidales;f__Porphyromonadaceae;g__Parabacteroides;s__Parabacteroides_johnsonii	0.0126066736473	0.016710221654	-0.0104421062165	0.010508316527	-0.0521180873073	-0.00978854052932	-0.02023898524	0.0128328713767	0.030322778629	-0.1002363452	-0.0524880664304	0.00898792849266	0.0287713221886	0.0820086595658	-0.0376684212151	-0.0172775611078	-0.0454072611627	-0.0351364447118	-0.0326942586599	0.0237987497545	-0.0526365623935	-0.048255249992	-0.0218123940964	-0.00823428127322	-0.0132086482468	0.0245435078832	0.011159778174	-0.0793955938285	1.0	0.0314819155452	-0.0235232063721	0.0155387595844	-0.0311751862734	-0.010117766628	-0.0463764320182	-0.0858068696708	0.0769289397379	0.0318646162694	-0.0337811042476	0.00618960913674	-0.0206901680351	0.0254432013891	-0.00513731453958	0.0810928913122	-0.00865589420821	-0.0390952231751	-0.0185076523241	-0.0753108251582	-0.0978803064841	0.026854959417	-0.055248679462	0.0106397228968	-0.0391302498893	-0.0573770461353	0.0393353529926	-0.00399743285338	0.0173444402482	0.0105726903732	0.0489641945482
k__Bacteria;p__Actinobacteria;c__Actinobacteria;o__Bifidobacteriales;f__Bifidobacteriaceae;g__Bifidobacterium;s__Bifidobacterium_longum	-0.0721970286152	-0.00394893131954	-0.0249626740144	-0.0510143148459	0.0696932153406	0.0719653279212	-0.00559022941841	-0.000619121383302	-0.0608181986349	-0.0150727725663	0.063882036436	-0.0177394739989	-0.033073712882	-0.0104341386275	0.0785450389444	-0.0256682067597	0.00257929449425	-0.00797954321519	-0.0035067578464	0.0467579907483	-0.0419109445452	-0.0204444090161	-0.0241668597287	0.00205997089546	-0.0251135245484	-0.00378108254426	-0.0199308173074	-0.052771696352	0.0314819155452	1.0	-0.0372287306354	-0.0258400141572	-0.0389154121318	-0.0491907804788	-0.0736331215404	0.05178409857	0.0459717461218	-0.0122116039853	-0.042390991372	-0.0677871913694	0.00623796313945	-0.0633161456148	0.0668098056028	-0.0533838195886	-0.0492614655547	-0.0583956200433	-0.0101166293332	-0.0324956014969	-0.026165582818	-0.0640678019948	-0.0442864514462	0.0269641348515	-0.0072507997068	0.0488789298773	-0.0793786483116	-0.00730892481478	-0.0404157821568	-0.0438238798216	0.0242914377774
