#taxonomy	k__Bacteria;p__Bacteroidetes;c__Bacteroidia;o__Bacteroidales;f__Bacteroidaceae;g__Bacteroides;s__Bacteroides_vulgatus	k__Bacteria;p__Bacteroidetes;c__Bacteroidia;o__Bacteroidales;f__Bacteroidaceae;g__Bacteroides;s__Bacteroides_uniformis	k__Bacteria;p__Bacteroidetes;c__Bacteroidia;o__Bacteroidales;f__Rikenellaceae;g__Alistipes;s__Alistipes_putredinis	k__Bacteria;p__Bacteroidetes;c__Bacteroidia;o__Bacteroidales;f__Prevotellaceae;g__Prevotella;s__Prevotella_copri	k__Bacteria;p__Bacteroidetes;c__Bacteroidia;o__Bacteroidales;f__Bacteroidaceae;g__Bacteroides;s__Bacteroides_stercoris	k__Bacteria;p__Bacteroidetes;c__Bacteroidia;o__Bacteroidales;f__Bacteroidaceae;g__Bacteroides;s__Bacteroides_ovatus	k__Bacteria;p__Bacteroidetes;c__Bacteroidia;o__Bacteroidales;f__Rikenellaceae;g__Alistipes;s__Alistipes_shahii	k__Bacteria;p__Firmicutes;c__Clostridia;o__Clostridiales;f__Ruminococcaceae;g__Faecalibacterium;s__Faecalibacterium_prausnitzii	k__Bacteria;p__Bacteroidetes;c__Bacteroidia;o__Bacteroidales;f__Rikenellaceae;g__Alistipes;s__Alistipes_finegoldii	k__Bacteria;p__Bacteroidetes;c__Bacteroidia;o__Bacteroidales;f__Porphyromonadaceae;g__Parabacteroides;s__Parabacteroides_distasonis	k__Bacteria;p__Bacteroidetes;c__Bacteroidia;o__Bacteroidales;f__Bacteroidaceae;g__Bacteroides;s__Bacteroides_thetaiotaomicron	k__Bacteria;p__Bacteroidetes;c__Bacteroidia;o__Bacteroidales;f__Bacteroidaceae;g__Bacteroides;s__Bacteroides_coprocola	k__Bacteria;p__Bacteroidetes;c__Bacteroidia;o__Bacteroidales;f__Bacteroidaceae;g__Bacteroides;s__Bacteroides_cellulosilyticus	k__Bacteria;p__Bacteroidetes;c__Bacteroidia;o__Bacteroidales;f__Rikenellaceae;g__Alistipes;s__Alistipes_obesi	k__Bacteria;p__Firmicutes;c__Clostridia;o__Clostridiales;f__Lachnospiraceae;g__;s__[Eubacterium]_rectale	k__Bacteria;p__Bacteroidetes;c__Bacteroidia;o__Bacteroidales;f__Bacteroidaceae;g__Bacteroides;s__Bacteroides_plebeius	k__Bacteria;p__Bacteroidetes;c__Bacteroidia;o__Bacteroidales;f__Bacteroidaceae;g__Bacteroides;s__Bacteroides_fragilis	k__Bacteria;p__Proteobacteria;c__Betaproteobacteria;o__Burkholderiales;f__Sutterellaceae;g__Sutterella;s__Sutterella_wadsworthensis	k__Bacteria;p__Bacteroidetes;c__Bacteroidia;o__Bacteroidales;f__Porphyromonadaceae;g__Barnesiella;s__Barnesiella_intestinihominis	k__Bacteria;p__Bacteroidetes;c__Bacteroidia;o__Bacteroidales;f__Odoribacteraceae;g__Odoribacter;s__Odoribacter_splanchnicus	k__Bacteria;p__Bacteroidetes;c__Bacteroidia;o__Bacteroidales;f__Bacteroidaceae;g__Bacteroides;s__Bacteroides_salyersiae	k__Bacteria;p__Firmicutes;c__Clostridia;o__Clostridiales;f__Ruminococcaceae;g__Ruminiclostridium;s__[Eubacterium]_siraeum	k__Bacteria;p__Proteobacteria;c__Betaproteobacteria;o__Burkholderiales;f__Sutterellaceae;g__Parasutterella;s__Parasutterella_excrementihominis	k__Bacteria;p__Actinobacteria;c__Actinobacteria;o__Bifidobacteriales;f__Bifidobacteriaceae;g__Bifidobacterium;s__Bifidobacterium_adolescentis	k__Bacteria;p__Firmicutes;c__Clostridia;o__Clostridiales;f__Oscillospiraceae;g__Oscillibacter;s__Oscillibacter_sp._KLE_1745	k__Bacteria;p__Bacteroidetes;c__Bacteroidia;o__Bacteroidales;f__Bacteroidaceae;g__Bacteroides;s__Bacteroides_coprophilus	k__Bacteria;p__Firmicutes;c__Clostridia;o__Clostridiales;f__Lachnospiraceae;g__Roseburia;s__Roseburia_intestinalis	k__Bacteria;p__Firmicutes;c__Clostridia;o__Clostridiales;f__Lachnospiraceae;g__Roseburia;s__Roseburia_hominis	k__Bacteria;p__Bacteroidetes;c__Bacteroidia;o__Bacteroidales;f__Porphyromonadaceae;g__Parabacteroides;s__Parabacteroides_johnsonii	k__Bacteria;p__Actinobacteria;c__Actinobacteria;o__Bifidobacteriales;f__Bifidobacteriaceae;g__Bifidobacterium;s__Bifidobacterium_longum	k__Bacteria;p__Firmicutes;c__Clostridia;o__Clostridiales;f__;g__Flavonifractor;s__Flavonifractor_plautii	k__Bacteria;p__Firmicutes;c__Clostridia;o__Clostridiales;f__Clostridiaceae;g__Clostridium;s__Clostridium_phoceensis	k__Bacteria;p__Verrucomicrobia;c__Verrucomicrobiae;o__Verrucomicrobiales;f__Akkermansiaceae;g__Akkermansia;s__Akkermansia_muciniphila	k__Bacteria;p__Bacteroidetes;c__Bacteroidia;o__Bacteroidales;f__Prevotellaceae;g__Paraprevotella;s__Paraprevotella_xylaniphila	k__Bacteria;p__Firmicutes;c__Clostridia;o__Clostridiales;f__Ruminococcaceae;g__Ruminococcus;s__Ruminococcus_callidus	k__Bacteria;p__Bacteroidetes;c__Bacteroidia;o__Bacteroidales;f__Rikenellaceae;g__Alistipes;s__Alistipes_senegalensis	k__Bacteria;p__Firmicutes;c__Clostridia;o__Clostridiales;f__Lachnospiraceae;g__Blautia;s__Blautia_sp._KLE_1732	k__Bacteria;p__Bacteroidetes;c__Bacteroidia;o__Bacteroidales;f__Bacteroidaceae;g__Bacteroides;s__Bacteroides_oleiciplenus	k__Bacteria;p__Firmicutes;c__Clostridia;o__Clostridiales;f__Ruminococcaceae;g__Ruminococcus;s__Ruminococcus_bicirculans	k__Bacteria;p__Bacteroidetes;c__Bacteroidia;o__Bacteroidales;f__Bacteroidaceae;g__Bacteroides;s__Bacteroides_fluxus	k__Bacteria;p__Bacteroidetes;c__Bacteroidia;o__Bacteroidales;f__Prevotellaceae;g__Prevotella;s__Prevotella_stercorea	k__Bacteria;p__Firmicutes;c__Clostridia;o__Clostridiales;f__Lachnospiraceae;g__Dorea;s__Dorea_longicatena	k__Bacteria;p__Firmicutes;c__Clostridia;o__Clostridiales;f__Eubacteriaceae;g__Eubacterium;s__[Eubacterium]_eligens	k__Bacteria;p__Firmicutes;c__Clostridia;o__Clostridiales;f__Ruminococcaceae;g__;s__Ruminococcaceae_bacterium_D16	k__Bacteria;p__Firmicutes;c__Clostridia;o__Clostridiales;f__Lachnospiraceae;g__Coprococcus;s__Coprococcus_comes	k__Bacteria;p__Proteobacteria;c__Gammaproteobacteria;o__Enterobacterales;f__Enterobacteriaceae;g__Escherichia;s__Escherichia_coli	k__Bacteria;p__Firmicutes;c__Clostridia;o__Clostridiales;f__Ruminococcaceae;g__Anaerotruncus;s__Anaerotruncus_colihominis	k__Bacteria;p__Firmicutes;c__Clostridia;o__Clostridiales;f__Lachnospiraceae;g__Blautia;s__Blautia_obeum	k__Bacteria;p__Bacteroidetes;c__Bacteroidia;o__Bacteroidales;f__Odoribacteraceae;g__Odoribacter;s__Odoribacter_laneus	k__Bacteria;p__Firmicutes;c__Clostridia;o__Clostridiales;f__Ruminococcaceae;g__Ruminiclostridium;s__[Clostridium]_leptum	k__Bacteria;p__Bacteroidetes;c__Bacteroidia;o__Bacteroidales;f__Porphyromonadaceae;g__Parabacteroides;s__Parabacteroides_goldsteinii	k__Bacteria;p__Firmicutes;c__Clostridia;o__Clostridiales;f__Lachnospiraceae;g__Anaerostipes;s__Anaerostipes_hadrus	k__Bacteria;p__Firmicutes;c__Clostridia;o__Clostridiales;f__Ruminococcaceae;g__Ruminococcus;s__Ruminococcus_lactaris	k__Bacteria;p__Firmicutes;c__Clostridia;o__Clostridiales;f__Clostridiaceae;g__Clostridium;s__Clostridium_sp._L2-50	k__Bacteria;p__Firmicutes;c__Clostridia;o__Clostridiales;f__Clostridiaceae;g__Clostridium;s__Clostridium_sp._M62/1	k__Bacteria;p__Firmicutes;c__Clostridia;o__Clostridiales;f__;g__Intestinimonas;s__Intestinimonas_butyriciproducens	k__Bacteria;p__Actinobacteria;c__Actinobacteria;o__Bifidobacteriales;f__Bifidobacteriaceae;g__Bifidobacterium;s__Bifidobacterium_bifidum	k__Bacteria;p__Firmicutes;c__Negativicutes;o__Veillonellales;f__Veillonellaceae;g__Dialister;s__Dialister_invisus	k__Bacteria;p__Bacteroidetes;c__Bacteroidia;o__Bacteroidales;f__Bacteroidaceae;g__Bacteroides;s__Bacteroides_salanitronis
k__Bacteria;p__Bacteroidetes;c__Bacteroidia;o__Bacteroidales;f__Bacteroidaceae;g__Bacteroides;s__Bacteroides_vulgatus	1.0	0.0903100136929	-0.0550486156965	0.00187280608449	0.000782963868743	0.0224216761309	0.0316136333652	0.00287577422857	0.0170007374407	0.0732434305079	-0.028528966901	-0.0262715099205	-0.0274571270749	0.0377221706945	-0.0223822048259	-0.00010828791315	-0.0167294355155	0.0328680538094	-0.0453844580963	-0.0768429442105	-0.0379348523069	-0.0348322351037	-0.0255515699379	0.00690592752465	-0.0951834232371	0.00489312806891	-0.0557896519717	0.0490483529682	0.0362703433644	0.0361111743143	0.0080468317335	-0.0867844819264	-0.0137873500711	-0.0320296369948	-0.0261715739642	-0.0159490452639	-0.108181248073	0.0354498717202	0.0407665821656	0.0142014471734	-0.0912771858161	-0.0139104235454	0.0259519034802	0.0147209850716	-0.0117930554219	-0.0139315072958	-0.0663312857915	0.0316963934672	-0.03167248598	-0.0758247002844	-0.0616730375713	0.0269376998556	-0.0523716180158	-0.0816033720317	-0.0040356587263	0.0259810630824	-0.0418080447902	-0.0391192626636	-0.0515079696081
k__Bacteria;p__Bacteroidetes;c__Bacteroidia;o__Bacteroidales;f__Bacteroidaceae;g__Bacteroides;s__Bacteroides_uniformis	0.0903100136929	1.0	-0.0671014273391	-0.0580447661664	-0.00571771128755	-0.0176089776039	-0.0145425217734	0.0443860939729	0.0203801368709	0.00547100200868	0.0311333395591	-0.0441175696834	-0.0657679020672	-0.0091125283323	-0.00697001837049	-0.0332956816903	0.0188830990279	-0.0261972248869	-0.0573673548341	0.036274928227	-0.0141689748964	0.0121356404574	-0.0527305321588	0.018734518324	0.0126625344049	-0.0168803985088	-0.02863421798	-0.0260792858374	0.0186805983348	-0.038975710359	-0.00312736409054	0.0227534133512	-0.0718477486705	0.0585734299281	-0.00819722454261	0.0348469904657	-0.0407726965541	0.00582693532781	-0.0735354568099	0.00565861338594	-0.0238225994839	0.0333289547354	0.0189894669847	0.0148086908162	-0.0396081183641	0.0389984707622	-0.0948634879879	-0.00915252168598	0.0565354482464	0.0347984243155	-0.0181881681287	-0.0171721979359	-0.0234202222423	-0.0101237785967	-0.0183699619066	-0.0508935014347	-0.0124479632851	0.022001512999	-0.0549307863793
k__Bacteria;p__Bacteroidetes;c__Bacteroidia;o__Bacteroidales;f__Rikenellaceae;g__Alistipes;s__Alistipes_putredinis	-0.0550486156965	-0.0671014273391	1.0	-0.0178788095246	-0.0269833235246	-0.0405885592458	-0.0179823481516	-0.0534995526416	-0.0197042726811	0.0285511743262	-0.0446456175082	-0.0450577275044	-0.0235562661957	-0.0278517983926	0.0281983563977	-0.0355566381079	-0.0412195786107	0.0486568623948	-0.0377564475979	0.0142715846195	-0.0462054768192	-0.0481835283133	-0.0874376818116	-0.0568002189635	-0.030059113501	-0.0534248016382	0.0295799620995	-0.0128005284481	0.0574272805975	-0.0103939104407	-0.0556441028406	-0.0131773014243	0.0402339362061	-0.111025390893	-0.0791451071741	0.0457973122263	0.0493466259409	-0.0445499980153	-0.0496396420824	0.0626976145338	-0.00672064133365	-0.0384335908894	0.00995828905774	-0.0601446836652	0.0219540158588	-0.000708123662386	0.0559008240299	-0.0153263779769	0.0208068357276	-0.00464768851656	-0.050332095346	0.0440242033629	0.0945335883758	0.00209461890788	0.0639963571767	-0.0143172354679	-0.0417754899139	0.0236798108718	-0.0326327101783
k__Bacteria;p__Bacteroidetes;c__Bacteroidia;o__Bacteroidales;f__Prevotellaceae;g__Prevotella;s__Prevotella_copri	0.00187280608449	-0.0580447661664	-0.0178788095246	1.0	0.00545032925381	0.0167510954742	-0.0166847481416	-0.0383712115257	0.0655450089657	-0.0711537042518	-0.0225233573779	0.00463722949183	-0.052743450709	-0.0440909478775	0.0309079778983	0.0606750320033	-0.0132907742489	-0.0268129345277	0.0267387353711	-0.00773726588635	-0.0264938537815	-0.0213591258277	-0.0501528157151	-0.0251561018093	-0.0246678051079	-0.00995315795443	0.0103506501789	0.0687486941783	-0.0982952025069	-0.0113651270892	-0.00070095773909	0.0489959507309	0.0492208394202	0.0219724020037	0.0146282677803	0.0517519538378	0.015902044974	-0.0492433376709	0.0429848460276	0.031987745399	0.0185083868811	0.0558346170078	0.0183708571131	-0.0565778307475	-0.0540566103191	0.0577813613907	0.04147053356	0.0189609450418	-0.0309194187296	0.017665688091	-0.0219100814641	0.00851345358033	-0.0725473624498	0.0550879172225	0.0338729646999	-0.00756827734825	-0.0880601406816	0.00078658401905	-0.0246687470996
k__Bacteria;p__Bacteroidetes;c__Bacteroidia;o__Bacteroidales;f__Bacteroidaceae;g__Bacteroides;s__Bacteroides_stercoris	0.000782963868743	-0.00571771128755	-0.0269833235246	0.00545032925381	1.0	-0.0184692286075	-0.069830672346	-0.0283790442179	-0.00621641836273	-0.0475125702399	-0.0582101060951	0.0185827205192	-0.0169617682208	0.0392112007836	0.034196396403	-0.0507797231107	-0.0358121660412	-0.0557245881545	-0.019191408283	0.00341573072587	-0.0537336745528	0.0601438440217	-0.00716465870215	-0.0236158172422	-0.0672814245349	0.00646531660357	-0.0181776456406	0.0374260695924	-0.108930177733	-0.0208049909117	-0.0468633206417	0.0178349864841	-0.0488975883644	-0.00958749717596	0.0372724792766	-0.00138335103371	-0.0102834295229	-0.0273754786805	-0.123647829972	0.0693616261702	-0.00309081226701	-0.00307222840739	-0.0216450772274	0.0266677774486	-0.0120071034604	0.0212446353902	-0.00307201708892	-0.00304313124818	0.0180747621424	0.0349339360482	-0.0344770531703	-0.0524070830023	-0.0164392582595	-0.0196100623849	-0.0397362574562	0.00288244957879	0.0355421156678	-0.0900967305452	0.0340636552924
k__Bacteria;p__Bacteroidetes;c__Bacteroidia;o__Bacteroidales;f__Bacteroidaceae;g__Bacteroides;s__Bacteroides_ovatus	0.0224216761309	-0.0176089776039	-0.0405885592458	0.0167510954742	-0.0184692286075	1.0	-0.0519330956985	-0.0423901454952	-0.0286171736175	-0.0215956610199	0.0571017774543	-0.101574508268	-0.0193176249124	0.0752837107071	-0.0546584293662	0.0125013230453	-0.0149480735496	-0.0754534970366	0.101475359111	-0.0654420159998	-0.0218816223923	0.0394766395696	-0.035670915268	-0.038745945804	0.038310865535	0.00860671252976	0.00397522416611	0.00995794544119	-0.0165222021586	-0.0138079048491	-0.00406964520924	-0.0389457828611	-0.0296163836733	0.00953001954836	0.0585164907775	0.0419103591452	-0.0338913203331	0.00411439261843	-0.0106723447351	-0.0526604595582	-0.00319269044478	0.0369436601372	-0.00107703223556	0.037348856594	-0.0275518987754	-0.0555478317685	0.0371961114016	0.020832050899	0.00849181690583	-0.0330896415424	-0.0552292593875	-0.0365214860618	-0.0312802524247	0.00252383378564	-0.0985806373674	-0.0482068640473	0.115246512994	-0.0289645422065	-0.0457194896162
k__Bacteria;p__Bacteroidetes;c__Bacteroidia;o__Bacteroidales;f__Rikenellaceae;g__Alistipes;s__Alistipes_shahii	0.0316136333652	-0.0145425217734	-0.0179823481516	-0.0166847481416	-0.069830672346	-0.0519330956985	1.0	0.00770321718469	-0.0215285143293	-0.0022801118148	-0.0115792263544	-0.00295945032594	0.0126045323383	-0.0158625372382	-0.0297257876072	0.0114637717892	-0.0700462390155	-0.00174307694601	-0.0639650566515	-0.100673615243	0.00619078145464	-0.0464531825535	0.064408111288	-0.000754276734479	-0.0117168016399	-0.0318744641947	0.00213165746038	0.0134304141022	-0.0365520149827	-0.0209782369489	0.0295644497558	0.0323333161547	-0.0260739294619	0.03523715563	-0.0396901573025	0.0358067723948	-0.00739704106473	-0.0118193058759	-0.00295514914241	-0.0132741012049	0.0963010575372	0.0286072216511	-0.0254980613624	-0.0447763059877	-0.0136989728627	0.000757107604675	0.019587487594	0.0315469121529	-0.0268769016773	0.000910210402005	0.0262545717918	-0.0105635807282	0.00106780261347	0.0383317047286	-0.0777603431451	-0.00832833045791	-0.0264761523625	0.0244959446487	-0.00533029060558
k__Bacteria;p__Firmicutes;c__Clostridia;o__Clostridiales;f__Ruminococcaceae;g__Faecalibacterium;s__Faecalibacterium_prausnitzii	0.00287577422857	0.0443860939729	-0.0534995526416	-0.0383712115257	-0.0283790442179	-0.0423901454952	0.00770321718469	1.0	-0.0420294842552	-0.00916168816938	0.0067506687559	0.0099171193382	-0.0399720322706	0.0684167170843	-0.0138621077971	-0.0214995551487	-0.0592382834589	0.00477011482542	-0.0208102030841	-0.0443598497555	0.0273521257193	-0.0549410465213	-0.0223920206956	0.0186300064221	-0.0125229122822	0.014003340687	-0.059388454906	-0.066458587197	-0.0775554010938	-0.012572800954	-0.012927315232	0.0163694734602	-0.000911766606689	0.0468205683876	-0.0176142271725	-0.013341291188	0.0318730427882	-0.0486221726143	-0.0401627132563	-0.0627568892734	-0.0183668185241	0.0261519362246	0.0460520146982	-0.00597476688242	-0.0622376636452	0.0570158887547	-0.00453354815972	-0.02009050451	0.0288349083237	-0.0323323912304	0.0680371649081	0.0203828078348	-0.0287953980498	0.00220693793704	-0.0385677457392	-0.00224151103602	0.0505351548873	0.00703469823401	0.0081300706152
k__Bacteria;p__Bacteroidetes;c__Bacteroidia;o__Bacteroidales;f__Rikenellaceae;g__Alistipes;s__Alistipes_finegoldii	0.0170007374407	0.0203801368709	-0.0197042726811	0.0655450089657	-0.00621641836273	-0.0286171736175	-0.0215285143293	-0.0420294842552	1.0	0.0257400741968	0.0224607509739	0.0293475822277	0.0521231547325	-0.0509109452793	-0.00631562173352	-0.00147049874588	-0.0212334005166	-0.00332852716063	0.00331909742354	0.000456172476542	-0.0254616169183	-0.0150929206624	-0.0185001938889	-0.103666825981	-0.0469863301933	-0.00190715814878	-0.0285201325542	0.0166821541456	0.000828973171529	-0.0461551838589	-0.00239380820161	0.014470536843	-0.0059884203075	-0.0562735822958	-0.0494090930482	0.00504042320483	-0.0060845073798	0.00348581596376	0.0170010786659	0.0319621595602	0.0244170274853	-0.0025602335798	-0.00128094652891	-0.0530497003263	0.00121864518526	0.0118321391565	-0.020976888765	0.00749898555516	-0.04681334197	0.0199787566489	0.0136125735041	-0.0208337703988	0.00146199430061	0.0157724932899	0.0140026078658	0.0122560659311	-0.0184981748498	0.0482842459369	-0.00803890145024
k__Bacteria;p__Bacteroidetes;c__Bacteroidia;o__Bacteroidales;f__Porphyromonadaceae;g__Parabacteroides;s__Parabacteroides_distasonis	0.0732434305079	0.00547100200868	0.0285511743262	-0.0711537042518	-0.0475125702399	-0.0215956610199	-0.0022801118148	-0.00916168816938	0.0257400741968	1.0	-0.00184155687577	-0.0565221881203	-0.030857920743	-0.0265937638452	-0.0590172911617	-0.00106991024721	0.0258186550926	-0.00798260545446	0.0258114677913	-0.0280000776247	-0.00502310103403	-0.0246097715837	0.0158326795862	0.0221267149659	0.0223054547834	0.0376475784588	-0.00393130181564	-0.00303502649674	-0.0134436153355	-0.0104481794916	-0.0238917698763	0.0696937018436	-0.0483376334265	0.022184918348	-0.0516768378176	0.00201309068544	0.029246974133	0.0516030279033	-0.0357624397413	-0.00674524285174	0.00205832595407	-0.0829844709778	0.00860784277107	0.00833975894233	0.0418052739556	-0.0876048728483	0.00705906968859	-0.0238341792013	-0.0283737061286	0.0350445692893	-0.0384456761569	-0.0639843800647	0.00461093568797	0.0180321913818	-0.0230138892407	-0.0330392632269	0.00704928480319	-0.00547193708503	-0.0112979409255
k__Bacteria;p__Bacteroidetes;c__Bacteroidia;o__Bacteroidales;f__Bacteroidaceae;g__Bacteroides;s__Bacteroides_thetaiotaomicron	-0.028528966901	0.0311333395591	-0.0446456175082	-0.0225233573779	-0.0582101060951	0.0571017774543	-0.0115792263544	0.0067506687559	0.0224607509739	-0.00184155687577	1.0	-0.0484856462509	-0.0268096723007	-0.0497436509264	0.0202455270868	-0.0582953660564	0.0310809467778	-0.00634868287021	-0.00655576628257	0.0266424995488	-0.00728202649807	-0.0420226369636	0.0360703402504	-0.0694615723821	0.0473294104074	-0.00240560328858	0.0049917360729	-0.00409769618899	-0.00246793273369	-0.047600176835	0.0166682038293	0.0162094601584	-0.00981684316966	-0.0175790253321	0.0534728605565	0.00540692810022	-0.0358149181965	-0.0118800346344	-0.0119998758233	0.0129078658216	-0.0208034039315	-0.019190980483	-0.00859415828185	0.0406145997044	0.0177259014196	0.0683119574481	0.102795076936	-0.0218370435633	0.00876511248991	0.00170194207672	-0.0305661597883	-0.0261644473851	-0.0322160745325	-0.047496541439	0.0578736648122	-0.019712207199	-0.0534338136741	0.0518326406913	0.0439738854462
k__Bacteria;p__Bacteroidetes;c__Bacteroidia;o__Bacteroidales;f__Bacteroidaceae;g__Bacteroides;s__Bacteroides_coprocola	-0.0262715099205	-0.0441175696834	-0.0450577275044	0.00463722949183	0.0185827205192	-0.101574508268	-0.00295945032594	0.0099171193382	0.0293475822277	-0.0565221881203	-0.0484856462509	1.0	-0.0171050991764	0.0309356134455	-0.0215969630791	0.0285279451548	0.0616952976925	-0.0158859268166	0.0269373402957	0.0235679791087	0.00532679833856	0.0396534974623	-0.0265138082733	0.0150224901484	0.00207573954717	-0.0585035160357	0.00301633294923	-0.00567432319137	0.0221165174875	-0.0285548428535	0.00167000383503	0.0309474207973	0.0486595482753	0.0148498588243	0.00565456408137	-0.00836481259301	-0.048760395228	-0.0448445880318	-0.0619803482119	-0.014191048709	-0.0247974767648	0.00690903789493	-0.0653073637698	0.0278981040219	0.00290953600941	-0.0739436439311	-0.0426473735019	-0.0839980656225	0.00679287674377	0.00432907882985	0.0159794382774	-0.0133219787013	-0.0643889207495	-0.0936412531812	0.0560919262733	-0.00800186587184	0.0488240395995	0.00922088555939	-0.00219488217699
k__Bacteria;p__Bacteroidetes;c__Bacteroidia;o__Bacteroidales;f__Bacteroidaceae;g__Bacteroides;s__Bacteroides_cellulosilyticus	-0.0274571270749	-0.0657679020672	-0.0235562661957	-0.052743450709	-0.0169617682208	-0.0193176249124	0.0126045323383	-0.0399720322706	0.0521231547325	-0.030857920743	-0.0268096723007	-0.0171050991764	1.0	-0.00954540484689	0.0252878739487	-0.0336331796658	-0.0128218265812	0.0110050152184	-0.00718680620801	-0.0607528236813	0.0216779589997	0.0457243524703	0.00555738120089	0.0136450213228	0.0157584998441	0.00287065706298	-0.0264229983244	0.0271436912648	0.011594623621	-0.00903512796912	-0.0375399704901	0.0259325680983	-0.0726941894951	-0.038321578741	-0.0827548053259	-0.0302675445451	-0.0632665880234	0.0494745941329	0.0342974263082	0.0291658813185	-0.0326201810271	0.0432986489371	-0.00232785158071	-0.0124869774263	-0.0180979163933	-0.00576481429754	0.000106750424866	-0.035335161864	-0.0539746837282	-0.0413426298845	0.0787171985524	-0.0146508895924	0.0753955217937	0.025992642577	0.0253768224788	-0.0886560497961	-0.00416728916567	0.0133660767082	-0.104801702809
k__Bacteria;p__Bacteroidetes;c__Bacteroidia;o__Bacteroidales;f__Rikenellaceae;g__Alistipes;s__Alistipes_obesi	0.0377221706945	-0.0091125283323	-0.0278517983926	-0.0440909478775	0.0392112007836	0.0752837107071	-0.0158625372382	0.0684167170843	-0.0509109452793	-0.0265937638452	-0.0497436509264	0.0309356134455	-0.00954540484689	1.0	0.0134174592412	0.0444982999548	0.0741145292792	0.0728272101894	-0.036762760456	-0.0121899328291	0.015908955475	0.0129344466958	-0.00689049402632	-0.0253427469957	0.0140898373334	0.016691189537	0.00478116990188	-0.0667986323368	-0.0186201449627	-0.00978529735286	-0.0445155394387	-0.00945251182926	-0.0756321977014	0.00107694487031	0.0268670941497	-0.0570821516973	-0.00655501585644	0.019493455541	-0.0421442855275	0.0313783066737	0.0779300959169	-0.0646454832911	-0.0671322733931	0.0336219254855	0.00768043906288	-0.092018886362	-0.06984841311	-0.0296283127683	-0.0366885347761	0.0224178587092	0.00539722899857	0.125324391772	-0.0176532907401	-0.0776310742222	-0.0637150724083	-0.0241038282623	0.0990813999928	-0.0633416503854	-0.0306530591578
k__Bacteria;p__Firmicutes;c__Clostridia;o__Clostridiales;f__Lachnospiraceae;g__;s__[Eubacterium]_rectale	-0.0223822048259	-0.00697001837049	0.0281983563977	0.0309079778983	0.034196396403	-0.0546584293662	-0.0297257876072	-0.0138621077971	-0.00631562173352	-0.0590172911617	0.0202455270868	-0.0215969630791	0.0252878739487	0.0134174592412	1.0	-0.0187937830768	-0.0603625868694	-0.0483792814868	-0.0146273143782	-0.0521518017959	-0.0578252368834	-0.0156991948682	0.0882778959544	-0.0510377218931	-0.0567980269493	0.0355912395045	-0.0271390903062	0.0389440262679	-0.0452018888375	-0.0363390571509	-0.021970105059	0.0171478900921	0.0392688822999	-0.0566910223082	-0.0949004812426	-0.0574804091856	-0.0430718929008	-0.0172848666534	0.00756519105332	-0.00441000005329	-0.0764773701777	-0.0243781370961	0.017196141416	-0.0252229766263	0.0349245165227	-0.00727808885829	-0.0219798091966	-0.0400736252278	-0.00268407373319	-0.0268172633827	-0.0156960571125	0.0224194204615	0.0259874611646	-0.0760629095358	-0.0384325891865	0.0200041017924	-0.0121109518653	0.00470638388753	-0.0226665059535
k__Bacteria;p__Bacteroidetes;c__Bacteroidia;o__Bacteroidales;f__Bacteroidaceae;g__Bacteroides;s__Bacteroides_plebeius	-0.00010828791315	-0.0332956816903	-0.0355566381079	0.0606750320033	-0.0507797231107	0.0125013230453	0.0114637717892	-0.0214995551487	-0.00147049874588	-0.00106991024721	-0.0582953660564	0.0285279451548	-0.0336331796658	0.0444982999548	-0.0187937830768	1.0	0.0813922160245	0.0793328598265	-0.0242191492404	-0.0760040200825	-0.0224179510547	-0.0250719922736	-0.0129699322874	0.0275171926482	-0.0742457117869	-0.0650240598752	0.0155012818501	-0.00937180627479	0.0241515858564	0.00961699358562	-0.0216107328622	-0.0308897147283	0.089387390294	0.0144106071198	0.0359096204628	-0.0741963622183	-0.0202610144003	0.0244217928307	0.0174824176586	0.021023195961	-0.017096791935	-0.011932628554	-0.0279090531521	0.0323610284037	-0.0149712798042	0.023261889314	-0.00113926684746	-0.0413344077576	-0.0437867758735	0.00319368527975	-0.0134353457371	-0.0215648022047	0.035798860716	-0.0135403541793	-0.00462583824555	-0.035569664581	0.0261807868259	-0.00835559665293	0.0160532379948
k__Bacteria;p__Bacteroidetes;c__Bacteroidia;o__Bacteroidales;f__Bacteroidaceae;g__Bacteroides;s__Bacteroides_fragilis	-0.0167294355155	0.0188830990279	-0.0412195786107	-0.0132907742489	-0.0358121660412	-0.0149480735496	-0.0700462390155	-0.0592382834589	-0.0212334005166	0.0258186550926	0.0310809467778	0.0616952976925	-0.0128218265812	0.0741145292792	-0.0603625868694	0.0813922160245	1.0	-0.00499119417086	-0.026028353418	-0.051963113341	-0.00890600251261	-0.0538510866777	0.010367516703	0.0489350583249	-0.0665727535861	0.0195920448544	-0.0277604599161	-0.0434347797235	-0.0125515501093	-0.0254478973805	-0.13120960708	0.0417855114096	0.0538127109079	0.042563854719	-0.0628208258565	0.00175122988836	-0.00279289412436	-0.00109124610109	0.0289389354468	0.0226204596223	0.0466332594632	-0.0524400809299	-0.0761697345542	-0.0444612537836	-0.0247495696385	0.0461590827936	-0.0370565940989	-0.0093785427384	-0.00742770908556	-0.0410228821034	-0.00108007049937	0.0134744574056	0.0391630852039	0.000598652187756	-0.0284056320381	-0.0785023820764	0.0248873223942	0.0107576132075	-0.00701824757016
k__Bacteria;p__Proteobacteria;c__Betaproteobacteria;o__Burkholderiales;f__Sutterellaceae;g__Sutterella;s__Sutterella_wadsworthensis	0.0328680538094	-0.0261972248869	0.0486568623948	-0.0268129345277	-0.0557245881545	-0.0754534970366	-0.00174307694601	0.00477011482542	-0.00332852716063	-0.00798260545446	-0.00634868287021	-0.0158859268166	0.0110050152184	0.0728272101894	-0.0483792814868	0.0793328598265	-0.00499119417086	1.0	-0.0378853491012	-0.0429324861023	0.0427837337031	-0.0855387174722	-0.0319150218515	0.0481486793463	0.0145426150042	-0.00586772169454	-0.00438844887709	-0.0971989214875	-0.0354668317684	0.0222778702223	0.00977817852152	-0.0806617436323	-0.0211043347174	0.0268667546704	0.0411083039361	0.057422342006	0.0167277598232	-0.0429468297084	0.0193252454577	0.00565537000199	0.0203901827582	-0.0120611132007	-0.0669600644383	0.00517345725128	-0.0203786232313	-0.00646320165766	0.00898015384703	0.0538037055025	0.00294173555753	0.0111420230856	-0.0451858543466	-0.0405513445018	-0.0392851694996	-0.0556184137159	-0.0324822646534	0.0389726244796	-0.0128912577647	0.0219329413833	-0.0463285045603
k__Bacteria;p__Bacteroidetes;c__Bacteroidia;o__Bacteroidales;f__Porphyromonadaceae;g__Barnesiella;s__Barnesiella_intestinihominis	-0.0453844580963	-0.0573673548341	-0.0377564475979	0.0267387353711	-0.0191914082831	0.101475359111	-0.0639650566515	-0.0208102030841	0.00331909742354	0.0258114677913	-0.00655576628257	0.0269373402957	-0.00718680620801	-0.036762760456	-0.0146273143782	-0.0242191492404	-0.026028353418	-0.0378853491012	1.0	-0.0609243375828	0.0114986200947	0.0100474257186	-0.00945184314282	0.00724321778475	-0.0151934673	0.0402118863865	0.00152977536897	-0.0266803080302	0.00430522300406	-0.00328286860736	0.0203749881067	-0.0485802502324	-0.0639893390806	-0.0431953699608	0.012510777946	-0.0152411289387	-0.00967217590472	-0.054171432454	-0.0295876102459	0.0681055209604	0.051997181002	0.0155770377581	0.00125348870245	0.05865901761	0.00143405312036	-0.0444133420435	-0.0552299780371	0.00910380381928	-0.112743233167	-0.029054854034	-0.0628757065135	-0.00978419182295	0.0177898516763	-0.0504673481866	-0.0195562069163	0.025628105579	0.00841431514469	0.0437479136547	-0.0163890122356
k__Bacteria;p__Bacteroidetes;c__Bacteroidia;o__Bacteroidales;f__Odoribacteraceae;g__Odoribacter;s__Odoribacter_splanchnicus	-0.0768429442105	0.036274928227	0.0142715846195	-0.00773726588635	0.00341573072587	-0.0654420159998	-0.100673615243	-0.0443598497555	0.000456172476542	-0.0280000776247	0.0266424995488	0.0235679791087	-0.0607528236813	-0.0121899328291	-0.0521518017959	-0.0760040200825	-0.051963113341	-0.0429324861023	-0.0609243375828	1.0	0.00253462371857	0.00740458978455	0.0321205762883	-0.0612328943389	-0.0397865046624	-0.0341618691786	0.0437940712208	0.023187302596	0.00590861381984	-0.0888987609412	-0.0415182937268	-0.061988925585	0.00556174268583	-0.0355104931048	0.0214202887127	-0.0937860245803	0.0390001328449	-0.0172501958913	-0.00857124214814	-0.0738687807461	-0.00202084417165	0.0157438093851	-0.00126875433606	-0.0309690542089	0.00344881242185	0.0519152582442	-0.0219532187289	-0.0169679179413	0.061570689724	-0.00163329949238	-0.0172743499519	0.00969095689277	0.0459100991768	-0.0424466798195	-0.036209446482	-0.0474921983419	-0.0463715122122	-0.0132389326956	-0.0100493944753
k__Bacteria;p__Bacteroidetes;c__Bacteroidia;o__Bacteroidales;f__Bacteroidaceae;g__Bacteroides;s__Bacteroides_salyersiae	-0.0379348523069	-0.0141689748964	-0.0462054768192	-0.0264938537815	-0.0537336745528	-0.0218816223923	0.00619078145464	0.0273521257193	-0.0254616169183	-0.00502310103403	-0.00728202649807	0.00532679833856	0.0216779589997	0.015908955475	-0.0578252368834	-0.0224179510547	-0.00890600251261	0.0427837337031	0.0114986200947	0.00253462371857	1.0	0.0640226466969	0.00797234745541	-0.0410992263526	0.0316109134295	-0.0285334877602	-0.10037722817	-0.067436278966	-0.0232595186595	0.0421361825302	-0.0115997723115	0.0510565028505	-0.0322088771433	0.0294952679253	0.0275729558163	-0.0219745620141	-0.0545471302096	-0.00890674489762	-0.0542987417797	-0.0705510322883	0.0340651801145	0.0246984191459	-0.023804912821	-0.016731109747	-0.112103851039	-0.0372530855497	0.00662023541669	0.0186247917444	0.0206610810129	-0.0495180488358	-0.0425844010709	0.00509362950579	-0.0029593238568	0.0496816783434	-0.0345461000017	0.00927426776375	0.0189626385553	0.00940844285558	-0.0144182237744
k__Bacteria;p__Firmicutes;c__Clostridia;o__Clostridiales;f__Ruminococcaceae;g__Ruminiclostridium;s__[Eubacterium]_siraeum	-0.0348322351037	0.0121356404574	-0.0481835283133	-0.0213591258277	0.0601438440217	0.0394766395696	-0.0464531825535	-0.0549410465213	-0.0150929206624	-0.0246097715837	-0.0420226369636	0.0396534974623	0.0457243524703	0.0129344466958	-0.0156991948682	-0.0250719922736	-0.0538510866777	-0.0855387174722	0.0100474257186	0.00740458978455	0.0640226466969	1.0	-0.0260746311698	-0.0156069521322	-0.00132187166863	0.08171594556	-0.0864640106954	-0.00949096657258	0.027861049446	-0.00571183253855	0.0377788048225	0.0208628395909	-0.081201977072	-0.0293623025546	0.0607433877444	-0.0280487149505	-0.0231218138813	0.0625156149438	-0.0271370748056	-0.0271221409886	-0.0366234277314	0.0380236830353	0.0548902676706	0.037098180644	-0.0136017224875	0.00238603244154	-0.00380337282797	-0.0230735010643	-0.0226045096855	-0.00338133859421	0.00822673117341	-0.00978663206736	-0.0159364112544	0.0486887476762	-0.0962285855702	-0.0444387392947	0.0375978182586	-0.054457016703	0.120734262649
k__Bacteria;p__Proteobacteria;c__Betaproteobacteria;o__Burkholderiales;f__Sutterellaceae;g__Parasutterella;s__Parasutterella_excrementihominis	-0.0255515699379	-0.0527305321588	-0.0874376818116	-0.0501528157151	-0.00716465870215	-0.035670915268	0.064408111288	-0.0223920206956	-0.0185001938889	0.0158326795862	0.0360703402504	-0.0265138082733	0.00555738120089	-0.00689049402632	0.0882778959544	-0.0129699322874	0.010367516703	-0.0319150218515	-0.00945184314282	0.0321205762883	0.00797234745541	-0.0260746311698	1.0	0.0593003568814	-0.00874180342254	-0.0279893982304	0.0329044722056	0.0347033222979	0.0562136082885	0.014829003438	0.188195059982	-0.0351691231237	-0.0202731627786	-0.0856457622694	0.0145676315191	0.0666315346952	-0.0521873819489	-0.00321719944062	-0.0129729991515	0.0319740358988	-0.0141558844519	0.0849150031753	-0.0625137235553	-0.0687683421528	-0.000411525581193	0.02449700073	-0.0632371222898	-0.0276574852451	-0.0418982436856	0.0166341987083	-0.0268480807822	-0.0623281042254	0.0181139898931	-0.0330580339431	-0.0395538272625	0.0118207694475	0.0753123402735	0.0413530083781	-0.00328591936704
k__Bacteria;p__Actinobacteria;c__Actinobacteria;o__Bifidobacteriales;f__Bifidobacteriaceae;g__Bifidobacterium;s__Bifidobacterium_adolescentis	0.00690592752465	0.018734518324	-0.0568002189635	-0.0251561018093	-0.0236158172422	-0.038745945804	-0.000754276734479	0.0186300064221	-0.103666825981	0.0221267149659	-0.0694615723821	0.0150224901484	0.0136450213228	-0.0253427469957	-0.0510377218931	0.0275171926482	0.0489350583249	0.0481486793463	0.00724321778475	-0.0612328943389	-0.0410992263526	-0.0156069521322	0.0593003568814	1.0	0.0308164903665	0.0473346226599	-0.0184059444894	-0.0454494589759	0.0369929591725	-0.0312563526584	-0.0449867136171	-0.0606687669858	0.0125448872964	0.0185683491518	0.0167255119047	0.0477994110868	-0.0604844550261	-0.00720662995521	-0.0265028187943	-0.036234935393	0.0279510068048	-0.00573691828007	0.0121525564515	-0.0407052877413	0.0274554204924	0.00927498000102	-0.055891870113	-0.0356295426643	-0.0400160108672	-0.0403743776863	-0.0162276629871	-0.00316160792614	-0.0136794555244	-0.0132233591712	-0.00128115825007	-0.0579904492265	-0.0397982408039	0.00933136031947	-0.0774374341666
k__Bacteria;p__Firmicutes;c__Clostridia;o__Clostridiales;f__Oscillospiraceae;g__Oscillibacter;s__Oscillibacter_sp._KLE_1745	-0.0951834232371	0.0126625344049	-0.030059113501	-0.0246678051079	-0.0672814245349	0.038310865535	-0.0117168016399	-0.0125229122822	-0.0469863301933	0.0223054547834	0.0473294104074	0.00207573954717	0.0157584998441	0.0140898373334	-0.0567980269493	-0.0742457117869	-0.0665727535861	0.0145426150042	-0.0151934673	-0.0397865046624	0.0316109134295	-0.00132187166863	-0.00874180342255	0.0308164903665	1.0	-0.117162193959	0.0329293708022	-0.00451721293208	-0.0365891214109	-0.0650165159652	0.0724091082964	-0.0076025304248	-0.0441284884755	-0.0246066703904	-0.0930535417374	0.0109189533096	-0.0566627677885	0.0225472815333	0.00434144155301	-0.0802106271726	-0.0719815888964	-0.0727341642302	-0.00623228016918	0.0496412870004	-0.055103806107	0.0170517525681	0.0192251278396	0.0362894301171	0.051117578977	0.0347631884573	-0.0270352262392	-0.00583503266131	-0.0701499533744	-0.0324346925081	-0.0295556489328	0.0855585107876	-0.0352433134364	0.0134365629646	0.116223196412
k__Bacteria;p__Bacteroidetes;c__Bacteroidia;o__Bacteroidales;f__Bacteroidaceae;g__Bacteroides;s__Bacteroides_coprophilus	0.00489312806891	-0.0168803985088	-0.0534248016382	-0.00995315795443	0.00646531660357	0.00860671252976	-0.0318744641947	0.014003340687	-0.00190715814878	0.0376475784588	-0.00240560328858	-0.0585035160357	0.00287065706298	0.016691189537	0.0355912395045	-0.0650240598752	0.0195920448544	-0.00586772169454	0.0402118863865	-0.0341618691786	-0.0285334877602	0.08171594556	-0.0279893982304	0.0473346226599	-0.117162193959	1.0	-0.0523279048704	-0.0605958850855	0.00852869296271	0.0538609257458	-0.00155257568264	-0.111262769794	-0.0441007304283	0.0240010622256	-0.0427729145761	-0.0134908562617	-0.0278720789498	-0.0527849128357	-0.0281193183652	-0.0695754813811	0.00725045230757	-0.0412730965915	0.00943269382717	0.010335407481	0.0316931173829	-0.0412646508181	-0.010839631354	0.0200286593885	-0.0349066976813	-0.00075673491391	-0.0473986839345	-0.0333832433389	-0.017689686016	0.0478625409887	-0.0595193114554	0.00836664204815	-0.0546558468369	-0.0826795043859	-0.0298623090465
k__Bacteria;p__Firmicutes;c__Clostridia;o__Clostridiales;f__Lachnospiraceae;g__Roseburia;s__Roseburia_intestinalis	-0.0557896519717	-0.02863421798	0.0295799620995	0.0103506501789	-0.0181776456406	0.00397522416611	0.00213165746038	-0.059388454906	-0.0285201325542	-0.00393130181564	0.0049917360729	0.00301633294923	-0.0264229983244	0.00478116990188	-0.0271390903062	0.0155012818501	-0.0277604599161	-0.00438844887709	0.00152977536897	0.0437940712208	-0.10037722817	-0.0864640106954	0.0329044722056	-0.0184059444894	0.0329293708022	-0.0523279048704	1.0	-0.0483370476183	0.0542784522854	0.0180850284966	-0.0431143498489	-0.0162516859819	-0.0513546271946	-0.0101097379172	-0.00405226263863	0.000734940112852	-0.0141983536997	-0.0451410038557	0.00145267529407	-0.00972671834828	-0.0131985154947	0.043733011199	0.049153477156	-0.00392939982678	0.0375013615855	-0.0630269659845	0.0222658330594	-0.0162025994698	0.00793983917488	-0.0154101030146	-0.0402750481793	-0.017355077526	-0.0292288298996	0.0136446449661	0.0171318348667	-0.0526833120307	-0.0210598939051	-0.0309959683794	-0.0221117571063
k__Bacteria;p__Firmicutes;c__Clostridia;o__Clostridiales;f__Lachnospiraceae;g__Roseburia;s__Roseburia_hominis	0.0490483529682	-0.0260792858374	-0.0128005284481	0.0687486941783	0.0374260695924	0.00995794544119	0.0134304141022	-0.066458587197	0.0166821541456	-0.00303502649674	-0.00409769618899	-0.00567432319137	0.0271436912648	-0.0667986323368	0.0389440262679	-0.00937180627479	-0.0434347797235	-0.0971989214875	-0.0266803080302	0.023187302596	-0.067436278966	-0.00949096657258	0.0347033222979	-0.0454494589759	-0.00451721293208	-0.0605958850855	-0.0483370476183	1.0	0.00954260300484	-0.0723526820851	-0.0127881730287	0.0210733160066	0.00671294250109	0.0067598620733	0.00710507583832	-0.0385810585067	0.0288455661898	0.029518505145	0.00204021985829	0.0161656143178	-0.0253708590832	-0.000358429228602	0.0464848323898	0.0215374819715	-0.0379165997884	-0.0876234122776	0.047330774341	-0.00838062520119	-0.0510831216015	0.00552868667687	0.0765447208391	-0.0197773398426	-0.0289676532277	-0.0851960800734	-0.00208459601761	-0.0113810346445	0.0255591093976	0.0300634111059	-0.0378696986496
k__Bacteria;p__Bacteroidetes;c__Bacteroidia;o__Bacteroidales;f__Porphyromonadaceae;g__Parabacteroides;s__Parabacteroides_johnsonii	0.0362703433644	0.0186805983348	0.0574272805975	-0.0982952025069	-0.108930177733	-0.0165222021586	-0.0365520149827	-0.0775554010938	0.000828973171529	-0.0134436153355	-0.00246793273369	0.0221165174875	0.011594623621	-0.0186201449627	-0.0452018888375	0.0241515858564	-0.0125515501093	-0.0354668317684	0.00430522300406	0.00590861381984	-0.0232595186595	0.027861049446	0.0562136082885	0.0369929591725	-0.0365891214109	0.00852869296271	0.0542784522854	0.00954260300484	1.0	0.0447293444007	0.0423134878388	0.0384876724248	-0.0484826586913	0.0456187753942	-0.00630699831509	0.00997145928814	-0.00460246038617	-0.00643328611274	-0.107394332909	-0.039540121605	0.0554692445143	-0.000934389711011	0.00020863930605	0.00344610436881	-0.0165039951908	0.0503171651262	-0.00651261851529	-0.0853118746892	0.0530122054273	-0.0713884742804	-0.0412678263726	0.0593946946852	-0.0392863315218	-0.00829232697699	0.00239078703262	-0.0197910514661	0.00217220435291	-0.0834913579367	0.0233965084296
k__Bacteria;p__Actinobacteria;c__Actinobacteria;o__Bifidobacteriales;f__Bifidobacteriaceae;g__Bifidobacterium;s__Bifidobacterium_longum	0.0361111743143	-0.038975710359	-0.0103939104407	-0.0113651270892	-0.0208049909117	-0.0138079048491	-0.0209782369489	-0.012572800954	-0.0461551838589	-0.0104481794916	-0.047600176835	-0.0285548428535	-0.00903512796912	-0.00978529735286	-0.0363390571509	0.00961699358562	-0.0254478973805	0.0222778702223	-0.00328286860736	-0.0888987609412	0.0421361825302	-0.00571183253855	0.014829003438	-0.0312563526584	-0.0650165159652	0.0538609257458	0.0180850284966	-0.0723526820851	0.0447293444007	1.0	0.0256263311544	-0.0739305773214	0.0274158684848	0.0183389746171	0.0542055912976	0.0247112405176	-0.0436340246196	0.0116584275517	0.0033452909599	-0.0011713696809	0.0108075631527	-0.0570839600896	-0.0156370999862	-0.0411726996613	0.0427418995185	-0.0133592692582	-0.000456018289389	-0.0165574051132	-0.046363373086	-0.0339133529532	-0.0237590616813	0.0146744688313	0.0221756399718	0.0457468361782	0.0637006968362	-0.0270699941094	-0.00588946585476	-0.0811650318114	0.0321806267882
