#taxonomy	k__Bacteria;p__Bacteroidetes;c__Bacteroidia;o__Bacteroidales;f__Bacteroidaceae;g__Bacteroides;s__Bacteroides_vulgatus	k__Bacteria;p__Bacteroidetes;c__Bacteroidia;o__Bacteroidales;f__Bacteroidaceae;g__Bacteroides;s__Bacteroides_uniformis	k__Bacteria;p__Bacteroidetes;c__Bacteroidia;o__Bacteroidales;f__Rikenellaceae;g__Alistipes;s__Alistipes_putredinis	k__Bacteria;p__Bacteroidetes;c__Bacteroidia;o__Bacteroidales;f__Prevotellaceae;g__Prevotella;s__Prevotella_copri	k__Bacteria;p__Bacteroidetes;c__Bacteroidia;o__Bacteroidales;f__Bacteroidaceae;g__Bacteroides;s__Bacteroides_stercoris	k__Bacteria;p__Bacteroidetes;c__Bacteroidia;o__Bacteroidales;f__Bacteroidaceae;g__Bacteroides;s__Bacteroides_ovatus	k__Bacteria;p__Bacteroidetes;c__Bacteroidia;o__Bacteroidales;f__Rikenellaceae;g__Alistipes;s__Alistipes_shahii	k__Bacteria;p__Firmicutes;c__Clostridia;o__Clostridiales;f__Ruminococcaceae;g__Faecalibacterium;s__Faecalibacterium_prausnitzii	k__Bacteria;p__Bacteroidetes;c__Bacteroidia;o__Bacteroidales;f__Rikenellaceae;g__Alistipes;s__Alistipes_finegoldii	k__Bacteria;p__Bacteroidetes;c__Bacteroidia;o__Bacteroidales;f__Porphyromonadaceae;g__Parabacteroides;s__Parabacteroides_distasonis	k__Bacteria;p__Bacteroidetes;c__Bacteroidia;o__Bacteroidales;f__Bacteroidaceae;g__Bacteroides;s__Bacteroides_thetaiotaomicron	k__Bacteria;p__Bacteroidetes;c__Bacteroidia;o__Bacteroidales;f__Bacteroidaceae;g__Bacteroides;s__Bacteroides_coprocola	k__Bacteria;p__Bacteroidetes;c__Bacteroidia;o__Bacteroidales;f__Bacteroidaceae;g__Bacteroides;s__Bacteroides_cellulosilyticus	k__Bacteria;p__Bacteroidetes;c__Bacteroidia;o__Bacteroidales;f__Rikenellaceae;g__Alistipes;s__Alistipes_obesi	k__Bacteria;p__Firmicutes;c__Clostridia;o__Clostridiales;f__Lachnospiraceae;g__;s__[Eubacterium]_rectale	k__Bacteria;p__Bacteroidetes;c__Bacteroidia;o__Bacteroidales;f__Bacteroidaceae;g__Bacteroides;s__Bacteroides_plebeius	k__Bacteria;p__Bacteroidetes;c__Bacteroidia;o__Bacteroidales;f__Bacteroidaceae;g__Bacteroides;s__Bacteroides_fragilis	k__Bacteria;p__Proteobacteria;c__Betaproteobacteria;o__Burkholderiales;f__Sutterellaceae;g__Sutterella;s__Sutterella_wadsworthensis	k__Bacteria;p__Bacteroidetes;c__Bacteroidia;o__Bacteroidales;f__Porphyromonadaceae;g__Barnesiella;s__Barnesiella_intestinihominis	k__Bacteria;p__Bacteroidetes;c__Bacteroidia;o__Bacteroidales;f__Odoribacteraceae;g__Odoribacter;s__Odoribacter_splanchnicus	k__Bacteria;p__Bacteroidetes;c__Bacteroidia;o__Bacteroidales;f__Bacteroidaceae;g__Bacteroides;s__Bacteroides_salyersiae	k__Bacteria;p__Firmicutes;c__Clostridia;o__Clostridiales;f__Ruminococcaceae;g__Ruminiclostridium;s__[Eubacterium]_siraeum	k__Bacteria;p__Proteobacteria;c__Betaproteobacteria;o__Burkholderiales;f__Sutterellaceae;g__Parasutterella;s__Parasutterella_excrementihominis	k__Bacteria;p__Actinobacteria;c__Actinobacteria;o__Bifidobacteriales;f__Bifidobacteriaceae;g__Bifidobacterium;s__Bifidobacterium_adolescentis	k__Bacteria;p__Firmicutes;c__Clostridia;o__Clostridiales;f__Oscillospiraceae;g__Oscillibacter;s__Oscillibacter_sp._KLE_1745	k__Bacteria;p__Bacteroidetes;c__Bacteroidia;o__Bacteroidales;f__Bacteroidaceae;g__Bacteroides;s__Bacteroides_coprophilus	k__Bacteria;p__Firmicutes;c__Clostridia;o__Clostridiales;f__Lachnospiraceae;g__Roseburia;s__Roseburia_intestinalis	k__Bacteria;p__Firmicutes;c__Clostridia;o__Clostridiales;f__Lachnospiraceae;g__Roseburia;s__Roseburia_hominis	k__Bacteria;p__Bacteroidetes;c__Bacteroidia;o__Bacteroidales;f__Porphyromonadaceae;g__Parabacteroides;s__Parabacteroides_johnsonii	k__Bacteria;p__Actinobacteria;c__Actinobacteria;o__Bifidobacteriales;f__Bifidobacteriaceae;g__Bifidobacterium;s__Bifidobacterium_longum	k__Bacteria;p__Firmicutes;c__Clostridia;o__Clostridiales;f__;g__Flavonifractor;s__Flavonifractor_plautii	k__Bacteria;p__Firmicutes;c__Clostridia;o__Clostridiales;f__Clostridiaceae;g__Clostridium;s__Clostridium_phoceensis	k__Bacteria;p__Verrucomicrobia;c__Verrucomicrobiae;o__Verrucomicrobiales;f__Akkermansiaceae;g__Akkermansia;s__Akkermansia_muciniphila	k__Bacteria;p__Bacteroidetes;c__Bacteroidia;o__Bacteroidales;f__Prevotellaceae;g__Paraprevotella;s__Paraprevotella_xylaniphila	k__Bacteria;p__Firmicutes;c__Clostridia;o__Clostridiales;f__Ruminococcaceae;g__Ruminococcus;s__Ruminococcus_callidus	k__Bacteria;p__Bacteroidetes;c__Bacteroidia;o__Bacteroidales;f__Rikenellaceae;g__Alistipes;s__Alistipes_senegalensis	k__Bacteria;p__Firmicutes;c__Clostridia;o__Clostridiales;f__Lachnospiraceae;g__Blautia;s__Blautia_sp._KLE_1732	k__Bacteria;p__Bacteroidetes;c__Bacteroidia;o__Bacteroidales;f__Bacteroidaceae;g__Bacteroides;s__Bacteroides_oleiciplenus	k__Bacteria;p__Firmicutes;c__Clostridia;o__Clostridiales;f__Ruminococcaceae;g__Ruminococcus;s__Ruminococcus_bicirculans	k__Bacteria;p__Bacteroidetes;c__Bacteroidia;o__Bacteroidales;f__Bacteroidaceae;g__Bacteroides;s__Bacteroides_fluxus	k__Bacteria;p__Bacteroidetes;c__Bacteroidia;o__Bacteroidales;f__Prevotellaceae;g__Prevotella;s__Prevotella_stercorea	k__Bacteria;p__Firmicutes;c__Clostridia;o__Clostridiales;f__Lachnospiraceae;g__Dorea;s__Dorea_longicatena	k__Bacteria;p__Firmicutes;c__Clostridia;o__Clostridiales;f__Eubacteriaceae;g__Eubacterium;s__[Eubacterium]_eligens	k__Bacteria;p__Firmicutes;c__Clostridia;o__Clostridiales;f__Ruminococcaceae;g__;s__Ruminococcaceae_bacterium_D16	k__Bacteria;p__Firmicutes;c__Clostridia;o__Clostridiales;f__Lachnospiraceae;g__Coprococcus;s__Coprococcus_comes	k__Bacteria;p__Proteobacteria;c__Gammaproteobacteria;o__Enterobacterales;f__Enterobacteriaceae;g__Escherichia;s__Escherichia_coli	k__Bacteria;p__Firmicutes;c__Clostridia;o__Clostridiales;f__Ruminococcaceae;g__Anaerotruncus;s__Anaerotruncus_colihominis	k__Bacteria;p__Firmicutes;c__Clostridia;o__Clostridiales;f__Lachnospiraceae;g__Blautia;s__Blautia_obeum	k__Bacteria;p__Bacteroidetes;c__Bacteroidia;o__Bacteroidales;f__Odoribacteraceae;g__Odoribacter;s__Odoribacter_laneus	k__Bacteria;p__Firmicutes;c__Clostridia;o__Clostridiales;f__Ruminococcaceae;g__Ruminiclostridium;s__[Clostridium]_leptum	k__Bacteria;p__Bacteroidetes;c__Bacteroidia;o__Bacteroidales;f__Porphyromonadaceae;g__Parabacteroides;s__Parabacteroides_goldsteinii	k__Bacteria;p__Firmicutes;c__Clostridia;o__Clostridiales;f__Lachnospiraceae;g__Anaerostipes;s__Anaerostipes_hadrus	k__Bacteria;p__Firmicutes;c__Clostridia;o__Clostridiales;f__Ruminococcaceae;g__Ruminococcus;s__Ruminococcus_lactaris	k__Bacteria;p__Firmicutes;c__Clostridia;o__Clostridiales;f__Clostridiaceae;g__Clostridium;s__Clostridium_sp._L2-50	k__Bacteria;p__Firmicutes;c__Clostridia;o__Clostridiales;f__Clostridiaceae;g__Clostridium;s__Clostridium_sp._M62/1	k__Bacteria;p__Firmicutes;c__Clostridia;o__Clostridiales;f__;g__Intestinimonas;s__Intestinimonas_butyriciproducens	k__Bacteria;p__Actinobacteria;c__Actinobacteria;o__Bifidobacteriales;f__Bifidobacteriaceae;g__Bifidobacterium;s__Bifidobacterium_bifidum	k__Bacteria;p__Firmicutes;c__Negativicutes;o__Veillonellales;f__Veillonellaceae;g__Dialister;s__Dialister_invisus	k__Bacteria;p__Bacteroidetes;c__Bacteroidia;o__Bacteroidales;f__Bacteroidaceae;g__Bacteroides;s__Bacteroides_salanitronis
k__Bacteria;p__Bacteroidetes;c__Bacteroidia;o__Bacteroidales;f__Bacteroidaceae;g__Bacteroides;s__Bacteroides_vulgatus	1.0	0.00593089897697	0.0171624902267	0.0550227111061	0.00191402177909	-0.00504017636491	-0.00169321504667	-0.0140551893709	-0.0467799513173	0.00820395741703	-0.00383249540801	-0.0259151946717	-0.0376442829683	0.0315991676694	-0.0329934508744	-0.0366046100704	-0.0165432659719	0.0459366689722	-0.00323416961279	0.0135011684702	-0.0389404002297	0.0514190448799	-0.00535436355233	0.015941635005	-0.0143226992998	-0.0460483850725	0.0121710821873	0.0281708229104	-0.0107744728034	0.0508487672458	-0.0506212834612	-0.00405284696812	0.00487640599193	0.0153870473911	-0.00657851801926	0.00847247961306	-0.0796444351812	0.0118027257657	-0.0166292270188	-0.0382495495849	-0.0935196764078	0.0309504830647	0.0168713124685	-0.0514033837017	0.00319502529506	-0.00409572723691	-0.0423822684103	-0.0635267059932	-0.0319212676342	-0.0873247034208	0.0765001777933	0.0281019275795	-0.0121371259607	-0.049276798482	0.0988254795016	-0.106460830712	0.0642480870551	0.0209568880189	-0.0332981450295
k__Bacteria;p__Bacteroidetes;c__Bacteroidia;o__Bacteroidales;f__Bacteroidaceae;g__Bacteroides;s__Bacteroides_uniformis	0.00593089897697	1.0	-0.0650180914707	-0.0484965275117	0.00744305395199	0.0551214513344	-0.0504593411669	0.045834467506	0.0273465826338	-0.00314228556697	0.0374977725519	0.012568945109	0.00790101191997	-0.0144642863587	-0.012809334707	-0.0270530960384	-0.00136817869815	0.0703687121858	-0.0324944231794	-0.0671940948741	-0.0437528491663	0.0426140338439	0.00517971413268	-0.0361437746502	-0.022776022499	-0.0566727426602	0.0909780423063	-0.0821880690898	0.029105712838	-0.0139720717892	0.0123813439509	-0.0158732306205	-0.0220193143123	-0.00462109331987	-0.0306754990026	0.00771787254747	-0.0359325655565	0.0573824578928	-0.0106104816805	0.0434118351315	0.0283804660654	-0.0187415712311	-0.0185415287992	-0.0212882404553	0.036577352756	-0.0232762845043	-0.0545497287932	0.0586462492346	0.00102147022034	-0.00197916894989	-0.0451003652943	-0.0315354926585	0.00937154506922	0.0296447048161	-0.0686090123472	0.0148370912056	-0.0801097171544	-0.00425130512293	-0.102686208307
k__Bacteria;p__Bacteroidetes;c__Bacteroidia;o__Bacteroidales;f__Rikenellaceae;g__Alistipes;s__Alistipes_putredinis	0.0171624902267	-0.0650180914707	1.0	0.0398918529558	0.0308529292146	-0.0337909045966	-0.0603356945483	-0.01972343044	-0.0286718834403	-0.0532845497673	0.0843519722759	0.0673548068928	0.0180365019009	-0.0382427370686	0.0237955081984	0.0833982643634	-0.0420001229427	-0.0112264103576	0.0172830791009	-0.0314690070134	-0.0584889489641	-0.0210374836836	0.0289922823923	0.0581902780176	-0.0143036625246	0.0275508443447	-0.0628048274954	0.0876264139757	0.00764742789849	-0.0630504424375	0.00773313653849	-0.00311733945128	-0.00927643064411	-0.0679041093991	0.0144163622265	0.0655574483618	-0.0108226701124	-0.0244294845981	-0.0395172056251	-0.0411688307135	0.0329225226975	-0.0599522901296	-0.0193781601502	-0.015788349619	-0.0167026659241	0.0336705976705	-0.0188222402597	-0.0150943692828	-0.0356244734095	-0.0668673227107	-0.0659093427559	-0.0421948501752	0.000442137225284	0.00412566898307	0.0199514856988	-0.0401646625935	0.0800732516201	0.02080856799	-0.0522417328902
k__Bacteria;p__Bacteroidetes;c__Bacteroidia;o__Bacteroidales;f__Prevotellaceae;g__Prevotella;s__Prevotella_copri	0.0550227111061	-0.0484965275117	0.0398918529558	1.0	-0.0038358359491	-0.00534826912384	-0.0366197188131	0.0384612744417	-0.044087158978	-0.0362817243247	-0.0211081391128	-0.0494422819187	0.0378005053608	-0.0484406679602	0.0323777550114	-0.0224363434299	0.00463393530635	-0.0398958354245	-0.0283749225005	-0.0327546978778	-0.0162838502462	0.0020980441579	-0.0279216935724	0.00397523265481	-0.0263634563602	0.0127201501209	-0.0387434194504	0.0169978049587	0.00552424944595	0.101235045963	-0.0540553323584	0.0703189619013	-0.0324944666414	0.0508860294248	-0.00890195023221	-0.0258826601547	-0.0447640184788	0.063664750583	-0.0517853477998	0.0513469532202	-0.0112655952027	-0.0366469216168	0.00828978749936	0.0282759698099	0.0248157187228	0.00292875709793	-0.0264621318664	-0.00731316438051	-0.0267548564082	-0.0137697310812	0.0358622172428	-0.0510698591449	-0.0655190736624	-0.0178469544278	-0.117568085785	-0.0068522578574	-0.0431110926955	0.01992913313	0.0155955424508
k__Bacteria;p__Bacteroidetes;c__Bacteroidia;o__Bacteroidales;f__Bacteroidaceae;g__Bacteroides;s__Bacteroides_stercoris	0.00191402177909	0.00744305395199	0.0308529292146	-0.0038358359491	1.0	-0.100875243203	-0.0644353282287	-0.0504712486591	0.0149978743464	0.00294655437113	0.000171053730489	-0.0445968483564	0.0799934759776	-0.00933371947857	0.0212206141017	0.0270029248959	0.0614021085077	0.000773187754836	0.00269444151109	0.00803913027593	-0.0265434267254	0.00734808656471	0.0288950142933	0.015739759838	0.036180736552	-0.037275020383	0.0339231803014	0.0258784532812	-0.0117042655602	-0.0314442075905	-0.0229213902331	0.0140177399539	-0.0928905246845	-0.00701157848268	0.0695173622088	0.0158767203783	-0.0180320302033	-0.058055662669	-0.0331319843389	0.0851059241193	-0.0432182056781	0.00459809426587	0.0206312947607	0.000260679779839	-0.022898241363	-0.0119094100486	-0.043326092614	-0.0300255947782	-0.00628118492184	-0.0283862576775	-0.0480980798682	0.0391722670444	0.00308336735149	-0.0310311439531	-0.036570487175	0.0427740568884	-0.0125204524806	-0.0323699752327	0.0172534517748
k__Bacteria;p__Bacteroidetes;c__Bacteroidia;o__Bacteroidales;f__Bacteroidaceae;g__Bacteroides;s__Bacteroides_ovatus	-0.00504017636491	0.0551214513344	-0.0337909045966	-0.00534826912384	-0.100875243203	1.0	0.00840974132854	0.00692972129426	-0.0185622546845	-0.0562798432683	0.0467353250962	0.00119696742165	-0.0117006305259	-0.0385358420961	-0.00704615510789	0.016254221143	0.0154299865772	-0.0519419095127	0.040984306131	0.00730160545432	-0.0393491470386	-0.0652048858715	-0.0335144875142	0.0155950408545	0.00509724075811	0.0109242212355	-0.0869422753841	-0.0273670966502	-0.0751769521332	-0.0146104415575	-0.0527715778772	-0.00977236389303	0.0645860725272	-0.0136448249782	0.0352975059476	-0.0389873399317	0.00188845111803	-0.0289467283038	0.0295198428725	0.0181662833364	0.0635916424933	0.00656164489482	-0.00336732481291	0.0881680494368	-0.0143160926136	0.0120583362405	0.0648474696797	0.0262572139922	0.00550546240453	-0.0300222541618	-0.0130561822762	0.000563267304227	-0.0199537555276	-0.0641597057193	-0.0496761027416	-0.0543610164043	0.00780580411878	-0.0360852202034	-0.0298227062407
k__Bacteria;p__Bacteroidetes;c__Bacteroidia;o__Bacteroidales;f__Rikenellaceae;g__Alistipes;s__Alistipes_shahii	-0.00169321504667	-0.0504593411669	-0.0603356945483	-0.0366197188131	-0.0644353282287	0.00840974132854	1.0	0.027075832798	-0.0729454173873	0.039778566462	-0.0132937799719	-0.0793095965507	0.0621888169366	-0.00877947197923	-0.00134089043606	0.0121529896212	-0.0733511220474	0.04051980974	0.0614249656722	0.0987106321672	0.0290841259604	0.0286228793864	-0.0504097455564	0.00984806409741	-0.061781175395	0.0462211390237	0.0353584619422	0.00250233344561	0.0661700147016	0.0196395713911	-0.029726965114	-0.00236039331791	0.0629607540372	-0.0122236034304	-0.0307005733379	0.0395036634707	0.0109583076852	-0.0251081333644	-0.0182170086784	-0.0311264640787	0.00175952645579	-0.0292529719908	0.0348993675619	0.00106911369548	-0.0244214228135	-0.0112748639611	-0.0856372830486	-0.00249888591753	-0.0306767812229	0.00037196055	-0.0271139514591	-0.0189989231748	-0.0789791569799	0.0618529942258	0.0535221883255	-0.00968147417812	-0.000559669512355	-0.0185957286025	-0.116442108986
k__Bacteria;p__Firmicutes;c__Clostridia;o__Clostridiales;f__Ruminococcaceae;g__Faecalibacterium;s__Faecalibacterium_prausnitzii	-0.0140551893709	0.045834467506	-0.01972343044	0.0384612744417	-0.0504712486591	0.00692972129426	0.027075832798	1.0	-0.050781402162	0.00248713647975	0.0303290020476	0.0987625058195	-0.00840570480329	-0.0511795896731	-0.06865297163	0.024023956535	-0.00348079281327	0.0169258750302	-0.00643356792812	-0.0120413012029	0.0203558194252	-0.0531037390567	-0.0212446699978	-0.00602365242695	-0.0441102984851	-0.0118361911593	-0.0350694443316	-0.0429261214867	-0.0751754699286	0.010375616145	-0.0671695813922	0.0535311899416	0.0480180634161	0.00199601058798	-0.00688832769288	-0.0659796921106	0.00395774274214	0.00495971903377	-0.0959118808816	-0.0377276052808	0.013930103027	-0.00425974320809	-0.0472739198455	-0.0741719373383	0.0293943853709	-0.0310520595928	0.000611379704941	-0.0888153474806	0.0762634689327	-0.116355648176	0.00959269079463	-0.0224296624573	0.0124337528345	-0.0101389080906	-0.0374692482781	-0.0122302174695	0.0802670637059	0.0626999648254	-0.0115380616855
k__Bacteria;p__Bacteroidetes;c__Bacteroidia;o__Bacteroidales;f__Rikenellaceae;g__Alistipes;s__Alistipes_finegoldii	-0.0467799513173	0.0273465826338	-0.0286718834403	-0.044087158978	0.0149978743464	-0.0185622546845	-0.0729454173873	-0.050781402162	1.0	-0.00217271425877	-0.0247969473244	-0.0481180364157	-0.0281745685564	-0.0943172019024	0.0158450062866	0.00793791924918	0.0800031074689	0.0177375624323	-0.024116616065	0.00380994510073	-0.0332513071027	-0.0028210835865	0.0225111465729	-0.0285481463347	-0.0180619061024	0.00175606399955	0.0111643873616	-0.0590002193965	-0.0088343431104	-0.0185263839777	-0.0203818637029	-0.0344015636788	-0.00921447730457	-0.0078209240427	-0.0216790476896	0.0641205724729	0.0699028351891	-0.0212387449097	0.0116741095583	-0.0312953999822	0.0173048055736	-0.00482363539382	0.0523005797343	-0.0887349321399	-0.0275277596119	0.0169858914565	0.0777528178767	0.0521194667566	0.00940795138729	0.0390541961661	-0.0295516527531	0.0623386215484	-0.0483250493335	0.02346473623	-0.0320704791073	-0.0104333511437	-0.0347991067123	-0.0504954614419	-0.0137526442006
k__Bacteria;p__Bacteroidetes;c__Bacteroidia;o__Bacteroidales;f__Porphyromonadaceae;g__Parabacteroides;s__Parabacteroides_distasonis	0.00820395741703	-0.00314228556697	-0.0532845497673	-0.0362817243247	0.00294655437113	-0.0562798432683	0.039778566462	0.00248713647975	-0.00217271425877	1.0	-0.019801782443	0.0177690106668	0.0297618957067	0.022332756317	-0.0248009785993	-0.0232494641241	-0.0468026966701	-0.0467915801555	0.0162481511056	0.037072650498	0.0515564178734	-0.0291071146042	-0.0109284195298	0.0724553499962	-0.002662550199	0.0125375081482	0.0423483662559	0.000973647967362	-0.0513234218348	-0.0253855381872	-0.0324136698453	-0.00430359585093	-0.0686951773367	0.0132323036402	-0.0539037522491	-0.0688238707312	-0.0837834543773	-0.0243055230226	-0.0389548505387	-0.0275354394351	0.0448796246616	-0.0303327172875	-0.0159978235492	-0.10158820067	-0.0219653241981	-0.0461299138807	-0.0235418850133	-0.08509904488	0.0318466935682	-0.0165450638287	0.0377125389565	-0.0131649034891	-0.0696264955706	-0.00435545053061	-0.0325063879383	0.0060079657007	-0.042341729565	-0.0375548149624	0.0696229985294
k__Bacteria;p__Bacteroidetes;c__Bacteroidia;o__Bacteroidales;f__Bacteroidaceae;g__Bacteroides;s__Bacteroides_thetaiotaomicron	-0.00383249540801	0.0374977725519	0.0843519722759	-0.0211081391128	0.000171053730489	0.0467353250962	-0.0132937799719	0.0303290020476	-0.0247969473244	-0.019801782443	1.0	-0.0136040574354	-0.0232431827534	0.0215551304002	0.011526332131	-0.0231294391385	0.0226126905157	-0.00631024103654	-0.0289101688182	-1.89008281193e-05	0.0680427106683	-0.0352787265704	-0.0503958844596	0.090505396068	-0.0114129727793	0.00793869486164	-0.0318383486549	0.0463501517725	-0.0934318197267	-0.00184333058415	-0.00122826780606	0.0107644711392	0.0731688507072	-0.026052236281	-0.0339743560884	-0.0738554351092	-0.0244375568669	-0.0500803868222	-0.0450507260563	-0.00366823886244	-0.0237702458232	-0.0271716765779	0.0136402063822	-0.0528215131686	0.0195551370659	-0.0209123185401	-0.0287913050576	0.016309036509	-0.0133373309896	-0.0621934037537	-0.0121174360102	-0.00853207599746	-0.0694309837561	0.00555661417287	0.0329109845238	-0.039991631153	-0.0063430413752	0.00546422238816	-0.0260836440578
k__Bacteria;p__Bacteroidetes;c__Bacteroidia;o__Bacteroidales;f__Bacteroidaceae;g__Bacteroides;s__Bacteroides_coprocola	-0.0259151946717	0.012568945109	0.0673548068928	-0.0494422819187	-0.0445968483564	0.00119696742165	-0.0793095965507	0.0987625058195	-0.0481180364157	0.0177690106668	-0.0136040574354	1.0	-0.0274323218841	0.033044399078	0.0235507658441	-0.00483234696154	-0.0705712643343	0.0519471337598	-0.00966631907377	-0.0123358245564	-0.0218637541257	-0.0165309743847	0.0176743856357	-0.0596619546489	0.0107248239084	0.0580664156362	0.0473068480875	-0.0431763889556	0.00994707983811	-0.0385733286367	-0.0322520935313	-0.067364120045	0.00131798255326	0.0332793860633	-0.0550692503755	0.0448123941641	0.0427217365437	-0.0318014226272	0.0629180724609	-0.0274339483545	-0.00435077504889	0.00468751396728	-0.0300656715291	-0.0119633344201	-0.0195267959839	-0.0362176409311	-0.0105788202168	0.0495182277542	-0.0272018299844	0.037261529941	-0.0311525408341	-0.0289328663651	0.0061588490632	0.0244758727222	-0.00755184484408	0.00132750525967	-0.118318519917	-0.0172948661716	-0.0183667007295
k__Bacteria;p__Bacteroidetes;c__Bacteroidia;o__Bacteroidales;f__Bacteroidaceae;g__Bacteroides;s__Bacteroides_cellulosilyticus	-0.0376442829683	0.00790101191997	0.0180365019009	0.0378005053608	0.0799934759776	-0.0117006305259	0.0621888169366	-0.00840570480329	-0.0281745685564	0.0297618957067	-0.0232431827534	-0.0274323218841	1.0	-0.0201164363037	0.0202621541115	-0.0493742936512	0.0587821904044	0.0576414686154	0.0551590051638	0.0151600050667	0.0396287682536	0.0456641331819	-0.00512053020824	-0.0184692647869	0.0173465647381	-0.0482745932339	-0.0426086117496	0.0371951476788	-0.0215867478193	-0.0177784651029	-0.0125722315419	0.0278936804737	-0.0931753517626	-0.0207810359561	0.00766266990238	-0.0221452269579	0.00346576892735	0.0456560443699	-0.103072085676	0.0316554917255	-0.0073614445735	0.0504901323922	-0.0367935850226	-0.0261157391918	-0.0561076446223	-0.0584901818541	-0.0252357830311	-0.0724840187501	0.0158109371351	-0.0304692607212	-0.0960902963791	-0.0235437199655	-0.0600482554985	-0.00997860951218	-0.0110740185394	0.0397796704269	-0.0115687605034	0.0621712468135	-0.0502188806154
k__Bacteria;p__Bacteroidetes;c__Bacteroidia;o__Bacteroidales;f__Rikenellaceae;g__Alistipes;s__Alistipes_obesi	0.0315991676694	-0.0144642863587	-0.0382427370686	-0.0484406679602	-0.00933371947857	-0.0385358420961	-0.00877947197923	-0.0511795896731	-0.0943172019024	0.022332756317	0.0215551304002	0.033044399078	-0.0201164363037	1.0	0.0287174719951	-0.0118389410556	-0.0124569259357	0.00389605767125	-0.0279561214575	-0.050852464583	-0.0495072089587	0.0502262150204	-0.0143784407333	-0.0543791687331	-0.0239666459189	-0.106659569319	0.0279939178172	0.0647535592392	0.0108000964361	0.016025254024	0.00272357409265	0.0281882937097	-0.0205986616286	-0.0168385421607	-0.0096152464247	0.0288288831536	0.0823720269975	0.0231226021775	0.004460750881	-0.0183347951862	-0.0401812046142	0.0107126502336	-0.00998513640778	0.0221849438652	-0.00214375222988	-0.0677148199811	0.00841017203393	-0.00330182089064	0.0416148052921	0.0415494203601	0.0109715957856	-0.0412525939047	0.0487371094715	-0.0816457234998	-0.0851594844858	0.0276357783978	0.0335294246369	-0.053129226036	0.0035359238657
k__Bacteria;p__Firmicutes;c__Clostridia;o__Clostridiales;f__Lachnospiraceae;g__;s__[Eubacterium]_rectale	-0.0329934508744	-0.012809334707	0.0237955081984	0.0323777550114	0.0212206141017	-0.00704615510789	-0.00134089043606	-0.06865297163	0.0158450062866	-0.0248009785993	0.011526332131	0.0235507658441	0.0202621541115	0.0287174719951	1.0	-0.0242654020752	-0.0762260841788	0.037245094513	0.0154676872354	-0.0286718476832	-0.0226564245678	-0.0456226426128	-0.0392073228956	-0.0342177198971	0.0491075734755	0.00839035915027	-0.0407118024495	-0.0511990179821	0.0215799413616	0.00677901921802	-0.037600733329	0.0100574429317	-0.00759595024187	-0.062987170737	0.00645597659209	-0.054094794678	-0.00890150242009	-0.00652626064524	-0.0802913968347	0.00687258766682	0.0425352236456	-0.007856313605	-0.00552607250523	0.0301231099458	0.0527234328695	0.0490279081634	0.00931645080458	-0.0748940199687	-0.0347790457903	-0.0183467283301	0.0342130275935	-0.0690692319404	-0.00303790917645	0.00720056767587	-0.0353963036791	0.0464892230796	-0.020447784165	-0.0222803666011	-0.0186713684928
k__Bacteria;p__Bacteroidetes;c__Bacteroidia;o__Bacteroidales;f__Bacteroidaceae;g__Bacteroides;s__Bacteroides_plebeius	-0.0366046100704	-0.0270530960384	0.0833982643634	-0.0224363434299	0.0270029248959	0.016254221143	0.0121529896212	0.024023956535	0.00793791924918	-0.0232494641241	-0.0231294391385	-0.00483234696154	-0.0493742936512	-0.0118389410556	-0.0242654020752	1.0	-0.0384397489068	-0.00681815116202	-0.0245996798533	-0.000715064555253	-0.046269708109	-0.0353249586928	-0.0361952264579	-0.0114856634176	0.0103435327235	-0.0760886341026	-0.0728243881566	0.0499711823338	0.073452383097	-0.0123052247238	0.0329314254429	3.4144764017e-05	0.0230483831869	-0.102388981453	0.0361633938921	0.0184254087213	-0.0601948776806	0.0146751727777	0.0072784316928	0.0459955153314	-0.0241777198245	-0.00199686089699	0.00870986168062	-0.0137442612547	-0.0349711769261	0.024607631408	-0.0801138454768	-0.00921653968726	-0.016399500777	0.0458922904175	-0.0565563449287	0.0433592880476	0.0126821018232	-0.00750501144023	-0.0312877452535	0.0528262630652	0.0174321961271	-0.0622734442114	0.0130239452964
k__Bacteria;p__Bacteroidetes;c__Bacteroidia;o__Bacteroidales;f__Bacteroidaceae;g__Bacteroides;s__Bacteroides_fragilis	-0.0165432659719	-0.00136817869815	-0.0420001229427	0.00463393530635	0.0614021085077	0.0154299865772	-0.0733511220474	-0.00348079281327	0.0800031074689	-0.0468026966701	0.0226126905157	-0.0705712643343	0.0587821904044	-0.0124569259357	-0.0762260841788	-0.0384397489068	1.0	0.0180252729151	-0.0150868581736	-0.0603431203185	-0.00474294388623	-0.0512890674794	0.0619232148498	0.0140551327104	0.0258912450572	-0.0325760849078	-0.0684889664913	-0.00195938790315	-0.0406891658282	-0.0159323307079	-0.0197106781942	-0.043178334003	-0.0388519117732	0.0449017334604	-0.00152077063113	-0.0575970959771	-0.00124231184178	-0.0238118554275	0.0232435992406	-0.00283480342673	-0.00645468110294	0.0159384166882	0.014800936813	-0.0219400026067	-0.0327305951651	-0.00484950927174	0.0173584759037	-0.0554865770327	0.0174788992392	0.0326525262627	-0.0265330186892	-0.0072640555804	0.020958139467	-0.0203981478179	-0.00238913672864	-0.0416115893266	-0.00616895032513	-0.026332003784	-0.0516272042551
k__Bacteria;p__Proteobacteria;c__Betaproteobacteria;o__Burkholderiales;f__Sutterellaceae;g__Sutterella;s__Sutterella_wadsworthensis	0.0459366689722	0.0703687121858	-0.0112264103576	-0.0398958354245	0.000773187754836	-0.0519419095127	0.04051980974	0.0169258750302	0.0177375624323	-0.0467915801555	-0.00631024103654	0.0519471337598	0.0576414686154	0.00389605767125	0.037245094513	-0.00681815116202	0.0180252729151	1.0	-0.0312822578095	-0.0142772432226	0.0270339883514	0.032429173788	-0.062075757318	-0.0721423039367	-0.0816361817027	0.0219591829661	-0.0312192669158	-0.0441520198939	-0.0114621223283	-0.00710711035805	-0.0197048936882	-0.0368581854637	-0.070394832443	0.00688408422412	-0.025048773565	-0.0284589782165	0.0196291834044	-0.00457615162802	-0.0220928147376	-0.025714012219	-0.00996987364085	0.00396139850881	0.0143556243956	-0.01648728749	-0.0757265470549	-0.0255023361291	-0.0401842852162	-0.0917609085351	-0.0331078958461	-0.0374887011933	-0.0411825725469	0.0280944444732	0.0443451101976	-0.0368534815896	-0.0115145878407	-0.0556466013584	-0.00647377948543	0.00585280669655	-0.0090509276393
k__Bacteria;p__Bacteroidetes;c__Bacteroidia;o__Bacteroidales;f__Porphyromonadaceae;g__Barnesiella;s__Barnesiella_intestinihominis	-0.00323416961279	-0.0324944231794	0.0172830791009	-0.0283749225005	0.00269444151109	0.040984306131	0.0614249656722	-0.00643356792812	-0.024116616065	0.0162481511056	-0.0289101688182	-0.00966631907377	0.0551590051638	-0.0279561214575	0.0154676872354	-0.0245996798533	-0.0150868581736	-0.0312822578095	1.0	-0.0138828278178	-0.0508994902965	0.00153199782049	-0.045134551534	0.0358389189718	-0.00665864708398	-0.063508331821	-0.0447709972911	-0.0783051378601	-0.0254425621345	-0.0186353917855	-0.0273648915549	0.031887397164	0.0551336733103	-0.0417260637862	-0.0554973990073	-0.0537825638227	0.0320479334132	-0.0030396096249	0.00384285074799	0.0264579202321	-0.0131564285991	-0.0172675822846	0.0150454698755	-0.00459543260098	-0.000902413805325	-0.0465348500572	-0.0437196098702	0.0266408157459	-0.0618853204033	0.00661897898074	-0.0196592335501	-0.0211111493003	0.018099378622	0.00535405885628	-0.00426888701777	0.00370778478521	0.0568488127872	0.00558452155973	-0.00930588009886
k__Bacteria;p__Bacteroidetes;c__Bacteroidia;o__Bacteroidales;f__Odoribacteraceae;g__Odoribacter;s__Odoribacter_splanchnicus	0.0135011684702	-0.0671940948741	-0.0314690070134	-0.0327546978778	0.00803913027593	0.00730160545432	0.0987106321672	-0.0120413012029	0.00380994510073	0.037072650498	-1.89008281193e-05	-0.0123358245564	0.0151600050667	-0.050852464583	-0.0286718476832	-0.000715064555253	-0.0603431203185	-0.0142772432226	-0.0138828278178	1.0	0.0552786183963	-0.0276936787747	-0.0383095496285	-0.0140442477586	0.0413412923398	-0.0421997809878	0.00346909833671	-0.0870703824986	-0.0143227701663	-0.0284003690861	0.0539033680948	-0.0119060508726	0.0454614179243	0.00935737424448	-0.0826854953964	-0.0162373669263	0.024738103253	-0.0699241567112	-0.0449121416197	-0.0359232320324	0.0315664537135	-0.0548013700637	0.0282352639009	-0.00221390864342	0.00323428174548	0.035589139472	0.00118908563035	-0.0456778473237	-0.03409626827	-0.0447452125951	-0.066263294174	0.0324072858325	0.0149948068521	-0.0710218232767	-0.0213819510805	0.0837102807996	0.0172720689763	0.0271550826818	0.0643771362941
k__Bacteria;p__Bacteroidetes;c__Bacteroidia;o__Bacteroidales;f__Bacteroidaceae;g__Bacteroides;s__Bacteroides_salyersiae	-0.0389404002297	-0.0437528491663	-0.0584889489641	-0.0162838502462	-0.0265434267254	-0.0393491470386	0.0290841259604	0.0203558194252	-0.0332513071027	0.0515564178734	0.0680427106683	-0.0218637541257	0.0396287682536	-0.0495072089587	-0.0226564245678	-0.046269708109	-0.00474294388623	0.0270339883514	-0.0508994902965	0.0552786183963	1.0	-0.0456649840207	-0.0433593514994	-0.0469845535724	0.0218063388055	-0.0152426477236	0.0714102711651	-0.0321671067896	-0.0490338927281	-0.0506610383568	0.00496995006951	-0.0143283987875	-0.052378665891	0.0257898703142	-0.0324539561975	-0.0118525987047	-0.0233038171706	-0.00447083143261	0.0226689087165	-0.05316377008	0.0203250393325	-0.0531321009674	-0.023877818835	0.0253023826541	0.0137178066615	-0.0642603970176	0.0361330087139	-0.0155494417736	-0.0467245702689	0.0516555768418	-0.0832566110804	-0.0039899365106	-0.0336457124109	-0.00767642269603	0.000740594826896	0.0402686684742	-0.0437170142494	0.000328812189078	0.0155014798905
k__Bacteria;p__Firmicutes;c__Clostridia;o__Clostridiales;f__Ruminococcaceae;g__Ruminiclostridium;s__[Eubacterium]_siraeum	0.0514190448799	0.0426140338439	-0.0210374836836	0.0020980441579	0.00734808656471	-0.0652048858715	0.0286228793864	-0.0531037390567	-0.0028210835865	-0.0291071146042	-0.0352787265704	-0.0165309743847	0.0456641331819	0.0502262150204	-0.0456226426128	-0.0353249586928	-0.0512890674794	0.032429173788	0.00153199782049	-0.0276936787747	-0.0456649840207	1.0	0.0410308283197	0.0809528174788	-0.0223320736635	0.0255569337871	-0.00360191126548	0.0337902909569	-0.0223929942053	0.00575118127908	-0.0427215226419	-0.0559871832343	0.0839262258826	-0.0314467477985	0.0207713291425	-0.0390730139001	0.0267780112794	-0.0152973072277	-0.0311923307112	-0.0750510657202	-0.072678449145	0.027704721022	0.00964910333562	-0.118167948663	-0.00838721064397	0.00604181341208	0.0282042313009	-0.00988233088766	-0.0609644925045	-0.0502937469854	-0.0453911904602	-0.0316552973851	0.024446781635	-0.0697396070653	-0.0123692007622	0.0301622438227	0.0142939851532	0.00125247955886	0.0647933343942
k__Bacteria;p__Proteobacteria;c__Betaproteobacteria;o__Burkholderiales;f__Sutterellaceae;g__Parasutterella;s__Parasutterella_excrementihominis	-0.00535436355233	0.00517971413268	0.0289922823923	-0.0279216935724	0.0288950142933	-0.0335144875142	-0.0504097455564	-0.0212446699978	0.0225111465729	-0.0109284195298	-0.0503958844596	0.0176743856357	-0.00512053020824	-0.0143784407333	-0.0392073228956	-0.0361952264579	0.0619232148498	-0.062075757318	-0.045134551534	-0.0383095496285	-0.0433593514994	0.0410308283197	1.0	-0.0104728089968	-0.0277999403281	0.0228495552753	-0.0273418864506	0.060532286673	0.0639449210628	-0.026742874157	-0.0696951029003	0.0226370218809	-0.0567994854841	0.0590387662089	-0.0017044178032	-0.0168803989544	0.0191234627688	-0.0728229193637	0.0295443707272	0.0194014277463	-0.0404213063224	-0.00246304293408	0.0595715133749	-0.0557889542245	-0.0575851932981	-0.0286985975671	0.0329174621941	-0.0475381961208	0.0387619002339	0.0242457500402	0.0518795629149	-0.0488906598544	0.0655857844355	0.0105419717972	-0.0538633466221	-0.00259027337879	0.0194178101671	-0.0595232485058	-0.0479913644996
k__Bacteria;p__Actinobacteria;c__Actinobacteria;o__Bifidobacteriales;f__Bifidobacteriaceae;g__Bifidobacterium;s__Bifidobacterium_adolescentis	0.015941635005	-0.0361437746502	0.0581902780176	0.00397523265481	0.015739759838	0.0155950408545	0.00984806409741	-0.00602365242695	-0.0285481463347	0.0724553499962	0.090505396068	-0.0596619546489	-0.0184692647869	-0.0543791687331	-0.0342177198971	-0.0114856634176	0.0140551327104	-0.0721423039367	0.0358389189718	-0.0140442477586	-0.0469845535724	0.0809528174788	-0.0104728089968	1.0	-0.0184607816048	-0.044317597439	0.00239231847667	-0.0445377842138	-0.0311207047121	-0.00911660250034	0.0220893135175	-0.0385456620902	0.0369660613128	-0.0633382578358	0.0229710091376	-0.0736919534817	-0.00272384120715	0.0559393848024	0.00628483509385	0.0172229820251	0.0178152058154	-0.0674283851631	0.048406848073	-0.0583949902471	-0.0631716075474	0.0120303283361	-0.0369883518153	-0.0146372103222	-0.00977127587533	0.0151059568836	0.0343420340923	-0.0433876768809	0.00920052564301	-0.0914600202439	-0.0444471292453	-0.000664060328757	-0.00573894812968	-0.0108315810992	-0.0309263917317
k__Bacteria;p__Firmicutes;c__Clostridia;o__Clostridiales;f__Oscillospiraceae;g__Oscillibacter;s__Oscillibacter_sp._KLE_1745	-0.0143226992998	-0.022776022499	-0.0143036625246	-0.0263634563602	0.036180736552	0.00509724075811	-0.061781175395	-0.0441102984851	-0.0180619061024	-0.002662550199	-0.0114129727793	0.0107248239084	0.0173465647381	-0.0239666459189	0.0491075734755	0.0103435327235	0.0258912450572	-0.0816361817027	-0.00665864708398	0.0413412923398	0.0218063388055	-0.0223320736635	-0.0277999403281	-0.0184607816048	1.0	0.0175110275953	-0.026830967432	0.0143928668148	-0.0608358609606	-0.0450374336155	0.0216685693275	0.012969779175	-0.0444499884293	-0.042140916635	0.0415937207164	-0.0469317437453	0.000639007312059	0.00510637936792	0.00750289226875	-0.0481813845928	-0.00552990903234	-0.00471207024355	-0.0625993416941	-0.0832197745822	0.00597425012989	0.0244767267649	0.0476209976667	-0.0282252797114	0.0637208376041	0.0155883633729	0.000413201969928	-0.00612388072276	0.0231267630439	-0.0204616390762	-0.0131522149546	-0.00692193821016	-0.0136222348225	0.0395350282969	-0.00847565029242
k__Bacteria;p__Bacteroidetes;c__Bacteroidia;o__Bacteroidales;f__Bacteroidaceae;g__Bacteroides;s__Bacteroides_coprophilus	-0.0460483850725	-0.0566727426602	0.0275508443447	0.0127201501209	-0.037275020383	0.0109242212355	0.0462211390237	-0.0118361911593	0.00175606399955	0.0125375081482	0.00793869486164	0.0580664156362	-0.0482745932339	-0.106659569319	0.00839035915028	-0.0760886341026	-0.0325760849078	0.0219591829661	-0.063508331821	-0.0421997809878	-0.0152426477236	0.0255569337871	0.0228495552753	-0.044317597439	0.0175110275953	1.0	0.0595908429964	-0.0429393941002	0.0115466606722	0.03566203871	-0.0624373287848	0.00677056501857	-0.0490060269847	0.0159079200347	0.0308302018051	-0.0530472423708	-0.0291381680869	0.0140791227009	-0.000840578417472	0.00932184483016	0.0519928133236	-0.0464520249656	0.0210447823092	0.0167652808714	-0.0387386361732	0.0356881554505	-0.017913798519	-0.0616979597217	-0.0472795583443	-0.065741238502	0.0243685903149	-0.043853210574	-0.0663354960966	-0.0535589436164	0.0192404358364	-0.0633042859599	-0.0375655059527	-0.0152419705117	-0.0756662937721
k__Bacteria;p__Firmicutes;c__Clostridia;o__Clostridiales;f__Lachnospiraceae;g__Roseburia;s__Roseburia_intestinalis	0.0121710821873	0.0909780423063	-0.0628048274954	-0.0387434194504	0.0339231803014	-0.0869422753841	0.0353584619422	-0.0350694443316	0.0111643873616	0.0423483662559	-0.0318383486549	0.0473068480875	-0.0426086117496	0.0279939178172	-0.0407118024495	-0.0728243881566	-0.0684889664913	-0.0312192669158	-0.0447709972911	0.00346909833671	0.0714102711651	-0.00360191126548	-0.0273418864506	0.00239231847667	-0.026830967432	0.0595908429964	1.0	0.0496294599608	0.00700048391245	-0.0160948199557	0.00318223134256	-0.00150469394538	-0.0478263555907	-0.011507951547	0.040953364839	0.0015373270563	-0.0543207691451	-0.00863588029209	0.0106183443064	0.000461425548375	-0.00679049531919	-0.0467945594642	-0.0307013236056	0.0472655611065	-0.0331188579665	0.0745877210179	-0.0703241262952	-0.0320972849314	-0.00506634355286	-0.0467630903661	0.0221485158423	-0.0432364583678	-0.00191305314642	0.059682591189	-0.0368542152896	-0.0274503582503	-0.0554736447183	0.00844849780619	-0.041102409196
k__Bacteria;p__Firmicutes;c__Clostridia;o__Clostridiales;f__Lachnospiraceae;g__Roseburia;s__Roseburia_hominis	0.0281708229104	-0.0821880690898	0.0876264139757	0.0169978049587	0.0258784532812	-0.0273670966502	0.00250233344561	-0.0429261214867	-0.0590002193965	0.000973647967362	0.0463501517725	-0.0431763889556	0.0371951476788	0.0647535592392	-0.0511990179821	0.0499711823338	-0.00195938790315	-0.0441520198939	-0.0783051378602	-0.0870703824986	-0.0321671067896	0.0337902909569	0.060532286673	-0.0445377842138	0.0143928668148	-0.0429393941002	0.0496294599608	1.0	0.0661798693513	-0.0397251263222	-0.00739167965363	-0.0339154675341	-0.00526506987168	-0.0219879318616	-0.0213876656195	-0.0274954997721	-0.106880498427	0.0397677091935	-0.0254036238443	-0.0497716713375	-0.0204656195288	-0.00728402354089	-0.0728747673396	-0.0112491629508	-0.0549499145144	-0.0617713870022	-0.0196193590136	-0.00570814889548	-0.00474119844106	-0.0339731387976	0.00300501928507	-0.0431665185375	-0.0287273438536	0.0467158289002	-0.00279389357478	-0.0729801867656	0.0380569426111	-0.0486738672482	-0.0345511902454
k__Bacteria;p__Bacteroidetes;c__Bacteroidia;o__Bacteroidales;f__Porphyromonadaceae;g__Parabacteroides;s__Parabacteroides_johnsonii	-0.0107744728034	0.029105712838	0.00764742789849	0.00552424944595	-0.0117042655602	-0.0751769521332	0.0661700147016	-0.0751754699286	-0.0088343431104	-0.0513234218348	-0.0934318197267	0.00994707983811	-0.0215867478193	0.0108000964361	0.0215799413616	0.073452383097	-0.0406891658282	-0.0114621223283	-0.0254425621345	-0.0143227701663	-0.0490338927281	-0.0223929942053	0.0639449210628	-0.0311207047121	-0.0608358609606	0.0115466606722	0.00700048391245	0.0661798693513	1.0	-0.00996102050982	-0.0335248642896	0.0255906722342	0.043175742442	-0.0172487816708	0.0194708573451	0.0483319177689	0.0651947853938	-0.0252774227706	-0.008711481417	-0.00550656383058	-0.0700193723229	-0.0354937796617	-0.0283958509469	0.0229893651885	-0.00303762211101	-0.0476407845359	0.0254708129207	-0.0359598674971	-0.0213505096219	0.0549351220569	0.0178341780422	0.0286600861448	-0.0516961091981	-0.00362202995613	-0.00174405576704	0.00323596911583	-0.0153857408593	-0.00855419070695	0.0220999137356
k__Bacteria;p__Actinobacteria;c__Actinobacteria;o__Bifidobacteriales;f__Bifidobacteriaceae;g__Bifidobacterium;s__Bifidobacterium_longum	0.0508487672458	-0.0139720717892	-0.0630504424375	0.101235045963	-0.0314442075905	-0.0146104415575	0.0196395713911	0.010375616145	-0.0185263839777	-0.0253855381872	-0.00184333058415	-0.0385733286367	-0.0177784651029	0.016025254024	0.00677901921802	-0.0123052247238	-0.0159323307079	-0.00710711035805	-0.0186353917855	-0.0284003690861	-0.0506610383568	0.00575118127908	-0.026742874157	-0.00911660250034	-0.0450374336155	0.03566203871	-0.0160948199557	-0.0397251263222	-0.00996102050982	1.0	0.020009605323	2.99386296081e-05	-0.0516411841502	-0.0505246048866	-0.0412626187043	-0.0372287746396	-0.0536642657966	0.0466300870351	0.026760165893	-0.0464564132052	0.0117716867663	0.0584341697265	0.013476625878	0.0281893371678	-0.000664645560801	0.0776729707019	-0.0270072814371	0.026764528721	-0.0195107978519	0.0653290052426	-0.0328629758593	-0.0230241066399	0.0200900957447	-0.00273486328005	-0.0579605848704	-0.00763761517398	-0.005514189123	-0.0271137161543	-0.0549484969288
