#taxonomy	k__Bacteria;p__Bacteroidetes;c__Bacteroidia;o__Bacteroidales;f__Bacteroidaceae;g__Bacteroides;s__Bacteroides_vulgatus	k__Bacteria;p__Bacteroidetes;c__Bacteroidia;o__Bacteroidales;f__Bacteroidaceae;g__Bacteroides;s__Bacteroides_uniformis	k__Bacteria;p__Bacteroidetes;c__Bacteroidia;o__Bacteroidales;f__Rikenellaceae;g__Alistipes;s__Alistipes_putredinis	k__Bacteria;p__Bacteroidetes;c__Bacteroidia;o__Bacteroidales;f__Prevotellaceae;g__Prevotella;s__Prevotella_copri	k__Bacteria;p__Bacteroidetes;c__Bacteroidia;o__Bacteroidales;f__Bacteroidaceae;g__Bacteroides;s__Bacteroides_stercoris	k__Bacteria;p__Bacteroidetes;c__Bacteroidia;o__Bacteroidales;f__Bacteroidaceae;g__Bacteroides;s__Bacteroides_ovatus	k__Bacteria;p__Bacteroidetes;c__Bacteroidia;o__Bacteroidales;f__Rikenellaceae;g__Alistipes;s__Alistipes_shahii	k__Bacteria;p__Firmicutes;c__Clostridia;o__Clostridiales;f__Ruminococcaceae;g__Faecalibacterium;s__Faecalibacterium_prausnitzii	k__Bacteria;p__Bacteroidetes;c__Bacteroidia;o__Bacteroidales;f__Rikenellaceae;g__Alistipes;s__Alistipes_finegoldii	k__Bacteria;p__Bacteroidetes;c__Bacteroidia;o__Bacteroidales;f__Porphyromonadaceae;g__Parabacteroides;s__Parabacteroides_distasonis	k__Bacteria;p__Bacteroidetes;c__Bacteroidia;o__Bacteroidales;f__Bacteroidaceae;g__Bacteroides;s__Bacteroides_thetaiotaomicron	k__Bacteria;p__Bacteroidetes;c__Bacteroidia;o__Bacteroidales;f__Bacteroidaceae;g__Bacteroides;s__Bacteroides_coprocola	k__Bacteria;p__Bacteroidetes;c__Bacteroidia;o__Bacteroidales;f__Bacteroidaceae;g__Bacteroides;s__Bacteroides_cellulosilyticus	k__Bacteria;p__Bacteroidetes;c__Bacteroidia;o__Bacteroidales;f__Rikenellaceae;g__Alistipes;s__Alistipes_obesi	k__Bacteria;p__Firmicutes;c__Clostridia;o__Clostridiales;f__Lachnospiraceae;g__;s__[Eubacterium]_rectale	k__Bacteria;p__Bacteroidetes;c__Bacteroidia;o__Bacteroidales;f__Bacteroidaceae;g__Bacteroides;s__Bacteroides_plebeius	k__Bacteria;p__Bacteroidetes;c__Bacteroidia;o__Bacteroidales;f__Bacteroidaceae;g__Bacteroides;s__Bacteroides_fragilis	k__Bacteria;p__Proteobacteria;c__Betaproteobacteria;o__Burkholderiales;f__Sutterellaceae;g__Sutterella;s__Sutterella_wadsworthensis	k__Bacteria;p__Bacteroidetes;c__Bacteroidia;o__Bacteroidales;f__Porphyromonadaceae;g__Barnesiella;s__Barnesiella_intestinihominis	k__Bacteria;p__Bacteroidetes;c__Bacteroidia;o__Bacteroidales;f__Odoribacteraceae;g__Odoribacter;s__Odoribacter_splanchnicus	k__Bacteria;p__Bacteroidetes;c__Bacteroidia;o__Bacteroidales;f__Bacteroidaceae;g__Bacteroides;s__Bacteroides_salyersiae	k__Bacteria;p__Firmicutes;c__Clostridia;o__Clostridiales;f__Ruminococcaceae;g__Ruminiclostridium;s__[Eubacterium]_siraeum	k__Bacteria;p__Proteobacteria;c__Betaproteobacteria;o__Burkholderiales;f__Sutterellaceae;g__Parasutterella;s__Parasutterella_excrementihominis	k__Bacteria;p__Actinobacteria;c__Actinobacteria;o__Bifidobacteriales;f__Bifidobacteriaceae;g__Bifidobacterium;s__Bifidobacterium_adolescentis	k__Bacteria;p__Firmicutes;c__Clostridia;o__Clostridiales;f__Oscillospiraceae;g__Oscillibacter;s__Oscillibacter_sp._KLE_1745	k__Bacteria;p__Bacteroidetes;c__Bacteroidia;o__Bacteroidales;f__Bacteroidaceae;g__Bacteroides;s__Bacteroides_coprophilus	k__Bacteria;p__Firmicutes;c__Clostridia;o__Clostridiales;f__Lachnospiraceae;g__Roseburia;s__Roseburia_intestinalis	k__Bacteria;p__Firmicutes;c__Clostridia;o__Clostridiales;f__Lachnospiraceae;g__Roseburia;s__Roseburia_hominis	k__Bacteria;p__Bacteroidetes;c__Bacteroidia;o__Bacteroidales;f__Porphyromonadaceae;g__Parabacteroides;s__Parabacteroides_johnsonii	k__Bacteria;p__Actinobacteria;c__Actinobacteria;o__Bifidobacteriales;f__Bifidobacteriaceae;g__Bifidobacterium;s__Bifidobacterium_longum	k__Bacteria;p__Firmicutes;c__Clostridia;o__Clostridiales;f__;g__Flavonifractor;s__Flavonifractor_plautii	k__Bacteria;p__Firmicutes;c__Clostridia;o__Clostridiales;f__Clostridiaceae;g__Clostridium;s__Clostridium_phoceensis	k__Bacteria;p__Verrucomicrobia;c__Verrucomicrobiae;o__Verrucomicrobiales;f__Akkermansiaceae;g__Akkermansia;s__Akkermansia_muciniphila	k__Bacteria;p__Bacteroidetes;c__Bacteroidia;o__Bacteroidales;f__Prevotellaceae;g__Paraprevotella;s__Paraprevotella_xylaniphila	k__Bacteria;p__Firmicutes;c__Clostridia;o__Clostridiales;f__Ruminococcaceae;g__Ruminococcus;s__Ruminococcus_callidus	k__Bacteria;p__Bacteroidetes;c__Bacteroidia;o__Bacteroidales;f__Rikenellaceae;g__Alistipes;s__Alistipes_senegalensis	k__Bacteria;p__Firmicutes;c__Clostridia;o__Clostridiales;f__Lachnospiraceae;g__Blautia;s__Blautia_sp._KLE_1732	k__Bacteria;p__Bacteroidetes;c__Bacteroidia;o__Bacteroidales;f__Bacteroidaceae;g__Bacteroides;s__Bacteroides_oleiciplenus	k__Bacteria;p__Firmicutes;c__Clostridia;o__Clostridiales;f__Ruminococcaceae;g__Ruminococcus;s__Ruminococcus_bicirculans	k__Bacteria;p__Bacteroidetes;c__Bacteroidia;o__Bacteroidales;f__Bacteroidaceae;g__Bacteroides;s__Bacteroides_fluxus	k__Bacteria;p__Bacteroidetes;c__Bacteroidia;o__Bacteroidales;f__Prevotellaceae;g__Prevotella;s__Prevotella_stercorea	k__Bacteria;p__Firmicutes;c__Clostridia;o__Clostridiales;f__Lachnospiraceae;g__Dorea;s__Dorea_longicatena	k__Bacteria;p__Firmicutes;c__Clostridia;o__Clostridiales;f__Eubacteriaceae;g__Eubacterium;s__[Eubacterium]_eligens	k__Bacteria;p__Firmicutes;c__Clostridia;o__Clostridiales;f__Ruminococcaceae;g__;s__Ruminococcaceae_bacterium_D16	k__Bacteria;p__Firmicutes;c__Clostridia;o__Clostridiales;f__Lachnospiraceae;g__Coprococcus;s__Coprococcus_comes	k__Bacteria;p__Proteobacteria;c__Gammaproteobacteria;o__Enterobacterales;f__Enterobacteriaceae;g__Escherichia;s__Escherichia_coli	k__Bacteria;p__Firmicutes;c__Clostridia;o__Clostridiales;f__Ruminococcaceae;g__Anaerotruncus;s__Anaerotruncus_colihominis	k__Bacteria;p__Firmicutes;c__Clostridia;o__Clostridiales;f__Lachnospiraceae;g__Blautia;s__Blautia_obeum	k__Bacteria;p__Bacteroidetes;c__Bacteroidia;o__Bacteroidales;f__Odoribacteraceae;g__Odoribacter;s__Odoribacter_laneus	k__Bacteria;p__Firmicutes;c__Clostridia;o__Clostridiales;f__Ruminococcaceae;g__Ruminiclostridium;s__[Clostridium]_leptum	k__Bacteria;p__Bacteroidetes;c__Bacteroidia;o__Bacteroidales;f__Porphyromonadaceae;g__Parabacteroides;s__Parabacteroides_goldsteinii	k__Bacteria;p__Firmicutes;c__Clostridia;o__Clostridiales;f__Lachnospiraceae;g__Anaerostipes;s__Anaerostipes_hadrus	k__Bacteria;p__Firmicutes;c__Clostridia;o__Clostridiales;f__Ruminococcaceae;g__Ruminococcus;s__Ruminococcus_lactaris	k__Bacteria;p__Firmicutes;c__Clostridia;o__Clostridiales;f__Clostridiaceae;g__Clostridium;s__Clostridium_sp._L2-50	k__Bacteria;p__Firmicutes;c__Clostridia;o__Clostridiales;f__Clostridiaceae;g__Clostridium;s__Clostridium_sp._M62/1	k__Bacteria;p__Firmicutes;c__Clostridia;o__Clostridiales;f__;g__Intestinimonas;s__Intestinimonas_butyriciproducens	k__Bacteria;p__Actinobacteria;c__Actinobacteria;o__Bifidobacteriales;f__Bifidobacteriaceae;g__Bifidobacterium;s__Bifidobacterium_bifidum	k__Bacteria;p__Firmicutes;c__Negativicutes;o__Veillonellales;f__Veillonellaceae;g__Dialister;s__Dialister_invisus	k__Bacteria;p__Bacteroidetes;c__Bacteroidia;o__Bacteroidales;f__Bacteroidaceae;g__Bacteroides;s__Bacteroides_salanitronis
k__Bacteria;p__Bacteroidetes;c__Bacteroidia;o__Bacteroidales;f__Bacteroidaceae;g__Bacteroides;s__Bacteroides_vulgatus	1.0	0.00312577294091	0.0306114019394	-0.0570831734973	0.0132173279467	0.00275932755181	0.0606216027272	-0.0307517096988	0.0771652474859	-0.0418318153928	-0.0682467337986	-0.0196011005117	0.0740213817987	-0.00305515507663	0.0196255793959	-0.0272968878442	0.0489674392862	0.0245601450572	-0.0250926241279	-0.030488915036	-0.0214642520832	0.00634164476923	0.0197987245353	4.52425337843e-05	-0.0534926655435	-0.0238235107889	-0.0492419381963	-0.0743620351529	0.00214309489583	0.045230965305	-0.0189763682156	-0.0256647058388	-0.00324025541989	0.0229108918663	0.0647369080975	-0.0473704331186	-0.00577499816676	0.0326591470075	0.0393683281484	-0.00743316153162	-0.0858332303518	-0.0427336001153	-0.0858746353615	0.0622682096637	-0.0331210580494	-0.0520575734361	-0.0219952041385	-0.0323683088433	-0.0658087037821	0.0125093107641	0.00563929004766	-0.00853891428531	0.00361222490277	-0.0307001990697	-0.0237857605874	-0.0655471087313	-0.0436133906205	-0.0239385457083	-0.0126784031925
k__Bacteria;p__Bacteroidetes;c__Bacteroidia;o__Bacteroidales;f__Bacteroidaceae;g__Bacteroides;s__Bacteroides_uniformis	0.00312577294091	1.0	0.00545979357237	0.0107761500539	0.0124981408518	0.0324627182493	-0.0153580575379	0.0175753100392	-0.0168471902453	0.0110638804581	0.0321330119837	-0.0385261378038	0.057594562848	0.0265954330637	0.0540185894442	-0.043409286211	-0.0355677739292	-0.0851659119458	0.070597983472	0.10767615165	-0.0839483034332	0.0182956298256	0.0546756849966	-0.0555921496534	-0.0691237044518	-0.0404302493166	-0.00898624050256	0.0726612090759	0.0120030877111	-0.017941223789	-0.0202843262032	-0.00707384994698	-0.0390045040051	0.000117156297593	0.0545393683668	-0.0300800097852	0.0372704280715	-0.0386403415127	-0.0789554241566	0.0381870470092	-0.0727720360342	-0.0191629671365	-0.0345291268217	-0.0460181884479	-0.0145638724021	-0.00439032584297	0.0618416916334	-0.0515035679647	-0.027414060374	-0.0151836135216	-0.0215018586919	-0.0317266110433	-0.0644395495885	-0.0450567508072	-0.0526314183561	0.0144143726469	-0.0278584506703	0.0491592270653	0.0129086106403
k__Bacteria;p__Bacteroidetes;c__Bacteroidia;o__Bacteroidales;f__Rikenellaceae;g__Alistipes;s__Alistipes_putredinis	0.0306114019394	0.00545979357237	1.0	-0.013263286874	-0.107134736037	0.00941788909117	-0.0282382293842	-0.0084385463614	0.0132463823109	-0.0345815509941	-0.0378613252172	0.0490108346494	0.0706938180237	-0.0101486362706	-0.0697613683113	0.0384411279454	-0.0353808511496	0.00666400653892	0.0286635150106	0.0766734366773	-0.0489123899947	-0.00385964589365	0.0302144566102	0.010116958269	0.0639503612396	-0.0129191557876	0.00462200548322	-0.0201742655906	0.0186925845592	-0.0636394081312	0.0866227025573	-0.0085016796969	-0.0508998381156	-0.0502855302729	0.061798620674	0.0717184248428	0.0461943121419	-0.0511940051775	-0.0402242846045	-0.0104255764137	-0.0216505289852	-0.0329024832356	-0.0580034125643	-0.00869893305173	0.0540118985339	0.0613868425811	-0.0850459375187	-0.0436405844032	-0.0307173784187	-0.0364402221726	-0.0540464437074	0.000287875379276	-0.0468609658628	0.0396108346793	-0.0903917692225	0.0548707002478	0.013995083524	-0.0291641469297	0.0257717967987
k__Bacteria;p__Bacteroidetes;c__Bacteroidia;o__Bacteroidales;f__Prevotellaceae;g__Prevotella;s__Prevotella_copri	-0.0570831734973	0.0107761500539	-0.013263286874	1.0	-0.000507017001317	0.0272390181816	-0.0160608945887	-0.0492060597972	0.0226646611352	0.0074853284089	0.0660525426284	0.022381589825	-0.00480576388201	0.0228509867191	0.0219577043183	0.0418553475726	-0.0267993990316	0.00396307802013	-0.0395059836129	-0.00503825667499	0.024259055177	-0.053412798741	-0.0614129840074	-0.0611500953464	0.00802841810271	0.025886789045	-0.0537720079285	0.000783857430907	0.0155981173893	-0.0254677099196	0.0123928493794	0.00318715257224	0.00861698988647	-0.0268518044435	-0.0408031650551	0.0326588588742	-0.0329311181403	-0.000122009611301	0.000368246559571	0.0354783327951	0.0275035239321	0.0206686363758	-0.0449202133147	0.000943349684138	-0.0185870887814	-0.00273674756784	0.000564235930602	0.00158920596615	0.000551951433536	0.00512523565854	-0.0867177034353	-0.0287760754331	0.0462667049398	-0.0640809339309	0.0104406287262	-0.0646715111875	-0.0329600224381	0.0288822644529	-0.000706169475051
k__Bacteria;p__Bacteroidetes;c__Bacteroidia;o__Bacteroidales;f__Bacteroidaceae;g__Bacteroides;s__Bacteroides_stercoris	0.0132173279467	0.0124981408518	-0.107134736037	-0.000507017001318	1.0	-0.0481748760115	0.0441584111017	0.0684196607195	-0.0468716330037	-0.0195043816435	-0.0248893491718	0.00617143562763	-0.0233239890688	0.0552077534324	0.0203379999087	-0.00240436805395	0.0355549534629	-0.0413416179805	-0.0599938302475	-0.0549189346956	-0.0471374415647	-0.0408333050187	0.0366094058657	-0.0424208360474	-0.084516543488	0.0569921232043	-0.0530322587371	-0.0234238998861	0.0220246354313	0.104256508027	-0.0403579899796	0.050354932586	0.000751843903443	0.0837564144868	0.0694294944995	-0.00962181237322	-0.0380482282384	0.00713896408353	0.0141026599937	-0.0726275501466	-0.0194076316139	-0.029148126696	-0.0262767497831	-0.0496380669034	-0.00826341530443	-0.0333679568689	-0.0631998643247	0.0661793293369	-0.0433479668436	-0.00129689380699	-0.0321244562042	-0.111425281666	0.0195981259353	-0.0368964911155	-0.0137289723465	0.0102816079877	0.0542775407482	0.0380095492393	0.0475880952078
k__Bacteria;p__Bacteroidetes;c__Bacteroidia;o__Bacteroidales;f__Bacteroidaceae;g__Bacteroides;s__Bacteroides_ovatus	0.00275932755181	0.0324627182493	0.00941788909118	0.0272390181816	-0.0481748760115	1.0	-0.0045959973888	-0.0835414743427	-0.0333432094061	-0.00191189561555	0.0321705301991	-0.0236738809589	-0.00867098921241	-0.0126049757818	0.0104213126896	-0.0159175478097	0.000765660035233	0.0369489868444	0.00156303981389	-0.0567378044965	0.000873537438589	-0.00810212160424	-0.0168463799584	0.0195786382835	-0.05036354002	-0.0502865589261	-0.0108662430145	-0.0160695178186	-0.00929115438625	0.0364975302461	-0.000215553487796	-0.0108872621165	-0.0418630410279	0.0327906444082	-0.021212253193	-0.0731982466126	0.00726573580894	-0.043464438102	-0.0424301043613	0.0613608903331	-0.0875560357943	0.0358952332053	0.110002630393	0.0258653162814	0.0225138967711	-0.0233724901152	0.0128538052141	-0.0197672235436	-0.0447661735194	-0.0241059690088	0.126805747136	1.23569723857e-06	-0.0251754291273	-0.0292999179888	-0.0236393767919	-0.00348343546833	0.0580366029631	-0.0113764132347	0.0230616778904
k__Bacteria;p__Bacteroidetes;c__Bacteroidia;o__Bacteroidales;f__Rikenellaceae;g__Alistipes;s__Alistipes_shahii	0.0606216027272	-0.0153580575379	-0.0282382293842	-0.0160608945887	0.0441584111017	-0.0045959973888	1.0	-0.0522772622352	-0.100188382083	-0.00348046516887	0.0112718138449	0.030670314405	-0.0473934023303	-0.0443087168904	0.0274387024256	-0.0015178849947	0.0420293543958	-0.026907631448	-0.0663213214885	0.0614966706847	-0.0559705938177	0.0148424396067	0.0129277584178	-0.028003020459	-0.0342882046906	-0.0286648409886	-0.000668558213218	-0.0670760173672	0.000291056359127	0.0083678349816	0.0110342121182	0.0878324546909	0.0364685340284	-0.019955818966	0.0365863421041	-0.029446568944	-0.0160370731202	-0.0359446927242	-0.0503263917461	0.0191892738129	0.0423976526945	0.0632225836826	-0.0172035601703	-0.00860643510784	0.0148845236258	-0.00141243779421	0.0484851229351	0.00826481731032	-0.0618463475645	-0.0455787149737	0.0364111799442	-0.0758260939971	-0.0252194922719	0.0631866122001	0.00155728144285	-0.0446984942084	-0.00142809116749	-0.0906792660689	0.0203236898371
k__Bacteria;p__Firmicutes;c__Clostridia;o__Clostridiales;f__Ruminococcaceae;g__Faecalibacterium;s__Faecalibacterium_prausnitzii	-0.0307517096988	0.0175753100392	-0.0084385463614	-0.0492060597972	0.0684196607195	-0.0835414743427	-0.0522772622352	1.0	0.0177094648541	0.102142656787	-0.0473677102	-0.0285922474702	-0.0463885818685	0.0277939814339	0.0168453724416	-0.0362117768221	-0.0582340795588	-0.0122550704939	0.0591994549514	-0.0530927949263	0.0456085934429	0.0635069335776	-0.00940704365545	0.0215209544212	-0.0388944888421	-0.0220564552672	-0.0250613877296	-0.0418099447452	-0.0178751109715	-0.0693754197228	0.0240381450815	0.000106775952846	-0.00205289737176	-0.0165853851068	-0.0251439254883	0.00610138027104	0.0359072048803	0.00376442176165	0.000334468075028	-0.101596843087	-0.0347954103898	0.0165046861853	0.0437765934086	-0.00787719275864	-0.00213181442524	-0.0319864341293	-0.0693862962186	-0.0319859714918	-0.0243405997554	-0.0930871064379	-0.00534818709974	-0.00505074885733	0.0516270698066	-0.0616522995314	-0.0185967814343	-0.0160722980439	-0.0137517024244	0.04118044216	-0.0314086694489
k__Bacteria;p__Bacteroidetes;c__Bacteroidia;o__Bacteroidales;f__Rikenellaceae;g__Alistipes;s__Alistipes_finegoldii	0.0771652474859	-0.0168471902453	0.0132463823109	0.0226646611352	-0.0468716330037	-0.0333432094061	-0.100188382083	0.0177094648541	1.0	0.0343295954544	0.00908992843237	-0.0723006136749	-0.0803740478164	-0.00675422913567	0.00652286164708	-0.0131909897287	-0.0962150445656	-0.0126274727083	0.00341000643929	0.0325352447189	-0.0571339551273	0.0599407774908	-0.00776364780387	0.00823070187142	0.0544363807796	0.00295033565932	-0.0883761788322	-0.0232168621587	-0.040414919377	-0.0303363974507	-0.00912513374396	-0.00508986797037	-0.0239561583775	-0.00929663192542	-0.0339265935809	0.0459591148041	-0.0522656776051	-0.00733900727736	-0.00111165381232	0.032720827993	-0.00132431222808	-0.0548435331035	0.022442048613	-0.0611080739865	-0.0382917081555	-0.0106900061205	-0.036099219332	-0.0261687487924	-0.0929213102295	-0.0284071860037	-0.00614171625091	0.0920699044785	0.0392389815071	0.135163077076	-0.0591151600969	-0.0469062002714	0.0408744554406	0.021822338374	-0.0166915504935
k__Bacteria;p__Bacteroidetes;c__Bacteroidia;o__Bacteroidales;f__Porphyromonadaceae;g__Parabacteroides;s__Parabacteroides_distasonis	-0.0418318153928	0.0110638804581	-0.0345815509941	0.0074853284089	-0.0195043816435	-0.00191189561555	-0.00348046516887	0.102142656787	0.0343295954544	1.0	0.0470565381042	0.0188361703937	-0.0465152881128	-0.0342837758534	0.0352269461075	0.048533211338	-0.0068837479805	-0.00774866660844	0.00401139631537	0.038599934429	-0.0643873917647	0.0692749863755	-0.000251029314826	0.0178057513864	-0.0794490284695	-0.0231520672555	-0.026583107151	-0.00346799564256	-0.0292078988542	-0.01564493602	-0.00869696577981	-0.0572181163106	-0.0725797833106	-0.0377807590287	0.0339582257554	-0.069134797322	-0.0207223926157	-0.0265155436323	-0.00256681621551	-0.0830929767647	0.0168917915023	0.0429082243521	-0.000844211797071	0.0389381717985	-0.00478980667184	-0.0533402474007	0.0121859988659	0.00224093668975	0.016455228769	-0.0633267636612	0.0585149978614	0.0343115368828	-0.0049406875742	0.0626192986272	0.0482941169513	-0.00766034613643	0.0580026310443	-0.0276602789196	-0.0607256498682
k__Bacteria;p__Bacteroidetes;c__Bacteroidia;o__Bacteroidales;f__Bacteroidaceae;g__Bacteroides;s__Bacteroides_thetaiotaomicron	-0.0682467337986	0.0321330119837	-0.0378613252172	0.0660525426284	-0.0248893491718	0.0321705301991	0.0112718138449	-0.0473677102	0.00908992843237	0.0470565381042	1.0	-0.0265483258598	-0.0690809213422	0.051499230915	-0.0160769385919	0.0173715354685	-0.103228286343	-0.0486330864842	-0.0652060517481	0.0512984525011	-0.0410324826418	0.00368784936649	-0.00174987622685	-0.0630511823689	-0.0614481078542	0.0413761408086	-0.00127363581373	-0.0344287831813	-0.0449228153385	-0.0188243538895	-0.0617929027726	-0.0252855119112	-0.0597502311405	0.00259537393512	-0.0414330550449	0.0562176561925	0.067587576675	0.000148954709764	-0.0789100203704	0.127421505942	0.0574236524232	0.0209379497324	0.0130669903902	-0.0799573180899	-0.0534774298952	-0.0620746780836	0.0605623209894	0.028728136688	-0.00332335247234	-0.0141559737661	-0.0411877428199	-0.026882895889	-0.00487215916137	-0.0727782103367	-3.49671393327e-05	0.0228307895906	0.00954247747067	0.0252660869202	0.0235926111481
k__Bacteria;p__Bacteroidetes;c__Bacteroidia;o__Bacteroidales;f__Bacteroidaceae;g__Bacteroides;s__Bacteroides_coprocola	-0.0196011005117	-0.0385261378038	0.0490108346494	0.022381589825	0.00617143562763	-0.0236738809589	0.030670314405	-0.0285922474702	-0.0723006136749	0.0188361703937	-0.0265483258598	1.0	-0.0382277292018	-0.0343441626636	-0.0440030390158	0.0187642570838	0.0828065661449	0.0365577248963	-0.0114004852861	0.0687183114838	-0.0880708366764	-0.0818570264939	0.00839545573207	-0.0140711868266	-0.0122004447752	-0.0110587641651	0.00522856978644	-0.045019415021	0.016387779932	0.0512146380719	-0.0438750162473	-0.0327557450898	-0.0486775582161	-0.0171410863146	-0.044711030921	-0.071112331939	0.0452406320596	-0.0273697243458	0.0428561578206	0.0491367062389	-0.0485619563492	0.000589517007157	-0.0652452076559	-0.00376932675496	0.0199620051753	0.029907442943	0.0401095057025	0.0522478663017	0.0381241596585	0.070800784906	-0.0209316883911	-0.0146194610605	-0.0320512548563	-0.0380668809712	-0.0172654439307	-0.0627475422184	-0.043840850733	-0.0749617491323	0.0296744631359
k__Bacteria;p__Bacteroidetes;c__Bacteroidia;o__Bacteroidales;f__Bacteroidaceae;g__Bacteroides;s__Bacteroides_cellulosilyticus	0.0740213817987	0.057594562848	0.0706938180237	-0.00480576388201	-0.0233239890688	-0.00867098921241	-0.0473934023303	-0.0463885818685	-0.0803740478164	-0.0465152881128	-0.0690809213422	-0.0382277292018	1.0	-0.0202029348194	-0.0710822760249	-0.0263486756784	-0.0375714108914	0.00495566355162	-0.0478413449095	-0.0652427723078	-0.0203501560974	0.0128324140189	-0.0832169268352	0.0785533716809	-0.003693782995	0.0575163030395	-0.0733046079852	0.0146921783451	0.000310333836245	-0.00380416635075	0.00829870094746	-0.0215353757592	-0.00216197150087	0.0148105275889	-0.0350361104337	0.0186414186058	-0.0685745673219	-0.0776494525024	0.000719280055256	-0.0109280402531	0.00547306839836	-0.00884402475869	0.0675394897187	-0.0401822354144	0.0153024492559	0.0172220182602	0.00445272783116	0.0643073698964	0.0612670177478	0.0131084052001	-0.0918579604773	0.0166098596491	-0.0699007614208	-0.0412021105225	-0.0479322672856	0.0336048794353	-0.0767301135092	-0.000397045220544	-0.0600974837085
k__Bacteria;p__Bacteroidetes;c__Bacteroidia;o__Bacteroidales;f__Rikenellaceae;g__Alistipes;s__Alistipes_obesi	-0.00305515507663	0.0265954330637	-0.0101486362706	0.0228509867191	0.0552077534324	-0.0126049757818	-0.0443087168904	0.0277939814339	-0.00675422913567	-0.0342837758534	0.051499230915	-0.0343441626636	-0.0202029348194	1.0	0.00937839844183	-0.0139267574569	0.00992357168715	-0.0111471496592	0.0215705358278	0.0336428253206	0.012812904096	-0.0787586547211	-0.0449900199394	-0.0192984816829	0.0328589763605	-0.0824313199862	-0.0609017646958	0.0286701068616	0.0526747551526	0.0487261059033	-0.0578068992618	-0.0615679030295	0.0117170220855	-0.015726493619	-0.00221654045426	-0.037790348702	-0.0715135360663	-0.00956884019473	0.019822148555	0.0409396967461	0.0558600037481	-0.00637776393064	0.0407522370985	-0.0122000399358	0.00397888917662	-0.026152965621	0.0059881349709	-0.00864970573679	-0.073234959335	-0.00716879317814	-0.0643009533813	-0.0128164259426	0.0400701503375	0.00432264018488	-0.0368417581388	0.0569240794317	-0.0471274396445	-0.0356158836215	0.0116904101824
k__Bacteria;p__Firmicutes;c__Clostridia;o__Clostridiales;f__Lachnospiraceae;g__;s__[Eubacterium]_rectale	0.0196255793959	0.0540185894442	-0.0697613683113	0.0219577043183	0.0203379999087	0.0104213126896	0.0274387024256	0.0168453724416	0.00652286164708	0.0352269461075	-0.0160769385919	-0.0440030390158	-0.0710822760249	0.00937839844183	1.0	-0.0563240359761	0.029831319552	-0.0505805870784	-0.017820328632	-0.091569176584	0.102423381924	0.023454229684	0.0486687190264	-0.0641314541424	-0.0466538908245	-0.0721799221439	0.00341007350085	-0.0118278576676	-0.0203194346407	-0.0132850287865	0.0650997691301	0.0315637728206	-0.0136694807025	0.0251081273794	-0.0121085518481	0.021005273955	-0.0550640913269	-0.0100233655531	-0.0951428374377	-0.0245273633835	-0.0615983262005	0.054502835029	0.0242963625542	0.0375725485137	-0.0120559794922	0.0419407477991	0.0511648540924	-0.0360677135976	-0.0678478783144	-0.0594163531466	0.0153574230187	-0.0542325611236	0.00078911944077	-0.0172915464534	-0.035491132939	0.00159597868412	0.0450844423182	-0.0137166894238	0.0188863820041
k__Bacteria;p__Bacteroidetes;c__Bacteroidia;o__Bacteroidales;f__Bacteroidaceae;g__Bacteroides;s__Bacteroides_plebeius	-0.0272968878442	-0.043409286211	0.0384411279454	0.0418553475726	-0.00240436805395	-0.0159175478097	-0.0015178849947	-0.0362117768221	-0.0131909897287	0.048533211338	0.0173715354685	0.0187642570838	-0.0263486756784	-0.0139267574569	-0.0563240359761	1.0	-0.052231815622	-0.0101940433211	-0.0168468479147	0.0614647636057	-0.0368293503138	0.0438794708348	-0.0154984916805	-0.0316579767846	-0.0141324644822	-0.027223342192	-0.0507158476084	0.00892904459141	0.0508917275876	0.0177088323677	-0.0456396258166	-0.013137089574	-0.0806772195694	-0.011001341197	0.0290993164681	0.019282936801	-0.0266337885359	0.0347536649257	-0.00250950763775	-0.0852020903245	-0.00200128985044	-0.0112938308271	-4.80950444279e-05	0.0301619298546	0.0832012474789	-0.0276295696011	-0.0583455502312	-0.0554450258816	0.0246074074058	-0.0292686470805	-0.0157089868132	-0.0239499891356	-0.0274544903178	-0.0809683266338	-0.0736374997986	0.0748324998215	-0.015569608034	0.0192036935688	0.00504449401467
k__Bacteria;p__Bacteroidetes;c__Bacteroidia;o__Bacteroidales;f__Bacteroidaceae;g__Bacteroides;s__Bacteroides_fragilis	0.0489674392862	-0.0355677739292	-0.0353808511496	-0.0267993990316	0.0355549534629	0.000765660035233	0.0420293543958	-0.0582340795588	-0.0962150445656	-0.0068837479805	-0.103228286343	0.0828065661449	-0.0375714108914	0.00992357168715	0.029831319552	-0.052231815622	1.0	0.00955503403809	-0.0413366842477	-0.0476761936581	0.0287128118451	-0.024676552949	0.0411725614341	-0.0667119230075	0.0166864069346	0.0768676650273	0.0191728225345	0.00142703265892	-0.0203816755897	0.0295371731516	-0.057055688609	0.0781702962053	-0.0495924189294	-0.0384983419483	-0.0184039727751	-0.0792133370604	0.0040587844512	0.0235284737301	0.0165341262383	0.0183923535208	-0.0242501448705	-0.00459255126691	0.0133551707869	-0.0477350431847	-0.0430861224648	0.0149038957112	-0.00195410614404	-0.0358367923545	-0.043181298706	-0.0166963841712	-0.0398988066468	-0.026949443869	-0.0335260085366	-0.021529085482	0.0447674218568	-0.0175144434058	0.053511191668	0.0121957460311	-0.0622398190764
k__Bacteria;p__Proteobacteria;c__Betaproteobacteria;o__Burkholderiales;f__Sutterellaceae;g__Sutterella;s__Sutterella_wadsworthensis	0.0245601450572	-0.0851659119458	0.00666400653892	0.00396307802013	-0.0413416179805	0.0369489868444	-0.026907631448	-0.0122550704939	-0.0126274727083	-0.00774866660844	-0.0486330864842	0.0365577248963	0.00495566355162	-0.0111471496592	-0.0505805870784	-0.0101940433211	0.00955503403809	1.0	-0.0132405177351	0.0207427942031	-0.0982692354368	-0.0167093475236	-0.0442987644042	0.000466615092599	-0.0320297624468	-0.0406636308919	-0.0184484116011	-0.0381366845444	-0.046411641868	-0.0171241406656	0.0179036484333	-0.00686404033956	-0.0519742844706	0.024904968823	0.0010961003772	-0.0243298354534	-0.00309422537825	0.0152671990611	0.0146832667267	0.0202129808117	-0.0338356108773	-0.0646798097942	0.0252034497283	0.0049883872002	0.0109098636984	0.0270337305832	0.0339537592758	0.00754736817399	-0.0319098303585	-0.00696972043471	-0.0381369964087	0.0332806379748	0.00582946654653	0.0368433108504	0.0447932613253	-0.00714019589452	0.0483349488743	0.0739297105599	-0.0328904610585
k__Bacteria;p__Bacteroidetes;c__Bacteroidia;o__Bacteroidales;f__Porphyromonadaceae;g__Barnesiella;s__Barnesiella_intestinihominis	-0.0250926241279	0.070597983472	0.0286635150106	-0.0395059836129	-0.0599938302475	0.00156303981389	-0.0663213214885	0.0591994549514	0.00341000643929	0.00401139631537	-0.0652060517481	-0.0114004852861	-0.0478413449095	0.0215705358278	-0.017820328632	-0.0168468479147	-0.0413366842477	-0.0132405177351	1.0	-0.0241709871004	-0.0292912976101	0.0227302697928	-0.021666512015	-0.0140981744279	0.000817056392428	0.0166744817394	0.0342253271653	0.00460222048545	0.00388401002067	-0.00175509850701	-0.0432512533373	-0.0609600997785	0.0403489846205	-0.113593260829	-0.0480447112903	-0.0641729892621	0.00532549989322	0.0353123315523	-0.0379786294816	-0.0277132061967	0.0100954420137	0.0244661547961	0.0104328522185	0.0127567284778	0.0224529999251	-0.0157065999865	0.0135099123705	-0.0239876883066	0.0092462491354	-0.0319339860583	-0.0576917818414	-0.015977542555	-0.0133614123175	0.0863293016542	-0.0492611386753	0.00993141943624	-0.0647438320521	-0.0278482080657	0.06539083431
k__Bacteria;p__Bacteroidetes;c__Bacteroidia;o__Bacteroidales;f__Odoribacteraceae;g__Odoribacter;s__Odoribacter_splanchnicus	-0.030488915036	0.10767615165	0.0766734366773	-0.00503825667499	-0.0549189346956	-0.0567378044965	0.0614966706847	-0.0530927949263	0.0325352447189	0.038599934429	0.0512984525011	0.0687183114838	-0.0652427723078	0.0336428253206	-0.091569176584	0.0614647636057	-0.0476761936581	0.0207427942031	-0.0241709871004	1.0	-0.00935972342696	-0.0601183129415	-0.0274575275378	-0.000983619578006	-0.0462265129953	-0.0203547503241	0.0122657113717	0.0668506217207	-0.0139163931604	-0.0528754442673	0.000850768630382	-0.0482027056965	-0.0173493806856	-0.034121933459	-0.0174021879998	-0.0314081197711	0.00721067469227	0.00124898620631	-0.00488416827996	0.0362331876878	0.0474358141113	0.0324524635856	-0.0740062513551	0.00971862821063	-0.0841631403891	-0.0305628130359	-0.0475090373594	-0.0312381981374	0.0176369137725	0.0290832691655	0.0206064091817	-0.0148234470209	0.022050499777	-0.0250884183095	-0.00227268080293	0.0241606311848	-0.0458567683418	-0.0151874279669	0.011457268308
k__Bacteria;p__Bacteroidetes;c__Bacteroidia;o__Bacteroidales;f__Bacteroidaceae;g__Bacteroides;s__Bacteroides_salyersiae	-0.0214642520832	-0.0839483034332	-0.0489123899947	0.024259055177	-0.0471374415647	0.000873537438589	-0.0559705938177	0.0456085934429	-0.0571339551273	-0.0643873917647	-0.0410324826418	-0.0880708366764	-0.0203501560974	0.012812904096	0.102423381924	-0.0368293503138	0.0287128118451	-0.0982692354368	-0.0292912976101	-0.00935972342696	1.0	0.0107693751895	0.00741602924186	-0.0558388290786	-0.0423870287835	-0.0463464203599	0.0412822404077	-0.0375197858149	-0.0100180670147	0.0208384772063	-0.0205972967823	0.0391745545046	-0.00491445519688	0.043501174477	0.0305787226415	-0.0147946103115	0.0014900860624	-0.0156213183632	-0.00464590862453	-0.0680672021813	0.0368885041487	0.10634514989	0.0572570872914	-0.0291664934016	0.0203471998651	-0.00730408030283	-0.0218682772085	0.00975780890346	-0.0716589569682	0.0191588671989	-0.051672483887	-0.0256641879072	0.081956852874	0.0351656458011	0.0265679796877	0.0195438182625	-0.0205090506168	-0.0031613040168	-0.0784488439554
k__Bacteria;p__Firmicutes;c__Clostridia;o__Clostridiales;f__Ruminococcaceae;g__Ruminiclostridium;s__[Eubacterium]_siraeum	0.00634164476923	0.0182956298256	-0.00385964589365	-0.053412798741	-0.0408333050187	-0.00810212160424	0.0148424396067	0.0635069335776	0.0599407774908	0.0692749863755	0.00368784936649	-0.0818570264939	0.0128324140189	-0.0787586547211	0.023454229684	0.0438794708348	-0.024676552949	-0.0167093475236	0.0227302697928	-0.0601183129415	0.0107693751895	1.0	-0.0502241928358	-0.0319741740768	0.0203295739908	-0.0190160586177	-0.0476622770686	-0.0105899604003	-0.0410117981985	0.00131544757364	0.0492903752025	0.0474020681508	-0.0617273940618	-0.00314966377145	0.0480451797386	0.0375344363396	0.00880183731581	0.0160247028722	-0.018636372527	-0.0122332752606	0.0388018727723	-0.0202896341428	-0.0317920421432	-0.0561300810221	-0.0634438286238	-0.0687315994419	-0.0530401319719	0.00529500878933	0.0154743883161	-0.0143770019702	0.0129045550828	0.051021689919	-0.0661290201325	-0.0635609159908	-0.0398944094747	0.0253937537782	-0.0161776390274	0.00270471165861	0.0803383533313
k__Bacteria;p__Proteobacteria;c__Betaproteobacteria;o__Burkholderiales;f__Sutterellaceae;g__Parasutterella;s__Parasutterella_excrementihominis	0.0197987245353	0.0546756849966	0.0302144566102	-0.0614129840074	0.0366094058657	-0.0168463799584	0.0129277584178	-0.00940704365545	-0.00776364780387	-0.000251029314826	-0.00174987622685	0.00839545573207	-0.0832169268352	-0.0449900199394	0.0486687190264	-0.0154984916805	0.0411725614341	-0.0442987644042	-0.021666512015	-0.0274575275378	0.00741602924186	-0.0502241928358	1.0	0.00498803033427	0.00628713911363	0.0417955786103	-0.037755178337	-0.0359159632596	-0.0453448967335	0.0274841079728	-0.0176964245939	0.0503909037122	-0.0618864952319	0.061994999404	-0.0406673077581	0.0395202101973	0.0213915806898	0.0242301217851	0.049121876781	-0.00757057868814	-0.101484517909	-0.0214992038712	-0.0559354640205	0.0439523393729	-0.0787415299842	0.0352508084646	0.0150281061386	1.8547770919e-05	-0.066574287395	0.0460471366065	0.0576474281573	0.00657857977436	0.013862460045	0.00420370060809	-0.0500273720009	0.0164540283106	-0.0816899768005	-0.0139860909429	0.0283085037113
k__Bacteria;p__Actinobacteria;c__Actinobacteria;o__Bifidobacteriales;f__Bifidobacteriaceae;g__Bifidobacterium;s__Bifidobacterium_adolescentis	4.52425337843e-05	-0.0555921496534	0.010116958269	-0.0611500953464	-0.0424208360474	0.0195786382835	-0.028003020459	0.0215209544212	0.00823070187142	0.0178057513864	-0.0630511823689	-0.0140711868266	0.0785533716809	-0.0192984816829	-0.0641314541424	-0.0316579767846	-0.0667119230075	0.000466615092599	-0.0140981744279	-0.000983619578006	-0.0558388290786	-0.0319741740768	0.00498803033427	1.0	0.0121481965906	0.00847530372767	-0.0182421697149	-0.0286834311967	-0.0421157079199	-0.0296516520777	0.0198797033302	-0.0531465352655	-0.0752183142952	-0.0365506244073	-0.000468650636868	-0.0335241005164	-0.00542545877797	0.061807185576	-0.0490346894949	0.0332159769013	-0.0377698483114	0.0103574703889	0.0104920948957	0.0335089184453	-0.0269796804624	0.0465273932138	-0.0555961998197	0.000249485128286	0.00614315616686	-0.0322833262696	0.0319708459178	-0.0248065951769	0.0685552040568	-0.00486911683126	0.00118278788856	-0.0247931526135	-0.0512966486284	-0.0592731802374	0.037227998445
k__Bacteria;p__Firmicutes;c__Clostridia;o__Clostridiales;f__Oscillospiraceae;g__Oscillibacter;s__Oscillibacter_sp._KLE_1745	-0.0534926655435	-0.0691237044518	0.0639503612396	0.00802841810271	-0.084516543488	-0.05036354002	-0.0342882046906	-0.0388944888421	0.0544363807796	-0.0794490284695	-0.0614481078542	-0.0122004447752	-0.003693782995	0.0328589763605	-0.0466538908245	-0.0141324644822	0.0166864069346	-0.0320297624468	0.000817056392428	-0.0462265129953	-0.0423870287835	0.0203295739908	0.00628713911363	0.0121481965906	1.0	-0.0119912035238	-0.00819348443414	-0.0113024198241	-0.0361883399863	0.0261615712787	0.0196254836424	0.00993631732331	0.0185452349986	0.0477098774465	-0.0255040590833	-0.00650955286113	-0.05052678003	0.00700311418156	-0.00197747049437	-0.0962205813695	-0.0687900669812	-0.00620814722946	0.0105778717787	-0.0336955855776	-0.0488232112834	0.00455662043632	-0.00568532079667	0.0238956578315	-0.0378540546111	-0.0252887214433	-0.0507956829537	-0.0533176178768	0.0377732872525	-0.0250295013775	-0.0325403674316	0.0392791285885	-0.0272646223914	-0.0206088521101	0.0114901967406
k__Bacteria;p__Bacteroidetes;c__Bacteroidia;o__Bacteroidales;f__Bacteroidaceae;g__Bacteroides;s__Bacteroides_coprophilus	-0.0238235107889	-0.0404302493166	-0.0129191557876	0.025886789045	0.0569921232043	-0.0502865589261	-0.0286648409886	-0.0220564552672	0.00295033565931	-0.0231520672555	0.0413761408086	-0.0110587641651	0.0575163030395	-0.0824313199862	-0.0721799221439	-0.027223342192	0.0768676650273	-0.0406636308919	0.0166744817394	-0.0203547503241	-0.0463464203599	-0.0190160586177	0.0417955786103	0.00847530372767	-0.0119912035238	1.0	0.0361456455416	-0.05785425736	0.0148695073021	-0.0133310410577	-0.0325239220501	0.0391346088962	-7.58356948131e-05	-0.0142895297451	-0.00406479062759	0.0260310933642	-0.0811617242648	0.0201500167608	0.00188049966333	-0.0215096799728	0.072360221113	0.0238436216971	-0.0203846540901	-0.103915568313	0.00754467071574	-0.0234554328251	-0.0877016810882	-0.0341266107079	-0.00565517408801	-0.0701820324972	-0.0344189432883	0.0562293987554	0.015016107882	0.000586791534287	0.0290463942653	0.0157921105128	-0.0250453482438	-0.0297827261488	-0.0197364997776
k__Bacteria;p__Firmicutes;c__Clostridia;o__Clostridiales;f__Lachnospiraceae;g__Roseburia;s__Roseburia_intestinalis	-0.0492419381963	-0.00898624050256	0.00462200548322	-0.0537720079285	-0.0530322587371	-0.0108662430145	-0.000668558213218	-0.0250613877296	-0.0883761788322	-0.026583107151	-0.00127363581373	0.00522856978644	-0.0733046079852	-0.0609017646958	0.00341007350085	-0.0507158476084	0.0191728225345	-0.0184484116011	0.0342253271653	0.0122657113717	0.0412822404077	-0.0476622770686	-0.037755178337	-0.0182421697149	-0.00819348443414	0.0361456455416	1.0	-0.0130155281952	0.0133495272025	0.00497644605566	-0.0162984425933	-0.0429857044816	0.00764892634969	-0.0302611165768	-0.0912632871881	0.0218814456897	0.0644142921025	-0.0666690887563	-0.00381389087445	-0.111103945799	-0.0122156200643	-0.0320001344587	0.034352462462	-0.00562163585753	0.000801697366672	0.0245722399063	0.0464502671981	-0.000450981547905	0.00885007965723	-0.00928118895063	-0.0106300991154	-0.0251210650287	0.0831928317062	0.000271337913627	-0.0126355794692	-0.0110261733704	0.0244447283732	-0.0114170358747	0.023053657181
k__Bacteria;p__Firmicutes;c__Clostridia;o__Clostridiales;f__Lachnospiraceae;g__Roseburia;s__Roseburia_hominis	-0.0743620351529	0.0726612090759	-0.0201742655906	0.000783857430907	-0.0234238998861	-0.0160695178186	-0.0670760173672	-0.0418099447452	-0.0232168621587	-0.00346799564256	-0.0344287831813	-0.045019415021	0.0146921783451	0.0286701068616	-0.0118278576676	0.00892904459141	0.00142703265892	-0.0381366845444	0.00460222048545	0.0668506217207	-0.0375197858149	-0.0105899604003	-0.0359159632596	-0.0286834311967	-0.0113024198241	-0.05785425736	-0.0130155281952	1.0	-0.0180508560371	-0.0471678337483	-0.0500908967645	0.00732534871346	-0.0114692339187	-0.0415743133486	-0.0247670571639	-0.0119683998109	0.0547543844395	-0.12876886832	0.0458952952706	0.0202750540864	0.0223287342925	-0.0368757496121	-0.0746034662237	0.0372687369426	-0.0365737417848	0.0300387908027	0.0571493626414	-0.0435569988005	0.0410333975568	0.0204203385069	-0.0576351436199	-0.0125561211199	-0.0243352047281	-0.0520097886024	-0.063809022337	0.010748959369	0.0120779171478	-0.0262630059719	-0.0129424267724
k__Bacteria;p__Bacteroidetes;c__Bacteroidia;o__Bacteroidales;f__Porphyromonadaceae;g__Parabacteroides;s__Parabacteroides_johnsonii	0.00214309489583	0.0120030877111	0.0186925845592	0.0155981173893	0.0220246354313	-0.00929115438625	0.000291056359127	-0.0178751109715	-0.040414919377	-0.0292078988542	-0.0449228153385	0.016387779932	0.000310333836245	0.0526747551526	-0.0203194346407	0.0508917275876	-0.0203816755897	-0.046411641868	0.00388401002067	-0.0139163931604	-0.0100180670147	-0.0410117981985	-0.0453448967335	-0.0421157079199	-0.0361883399863	0.0148695073021	0.0133495272025	-0.0180508560371	1.0	0.00842100053649	-0.0255745616514	0.00303673015671	-0.0335126762505	-0.0515478871646	0.0149628300814	-0.0684860520209	-0.0297630813897	-0.0448815397266	0.0547596172467	-0.00757907539451	0.0291195019932	-0.0496474210337	0.0249864267481	-0.00995922548516	0.0509474508401	0.0637530879515	-0.0186507222254	0.0332502752945	0.00769165310332	-0.0419844027277	-0.0327669337755	-0.0334926922282	-0.0494546617891	-0.0265409467065	-0.00612894417102	-0.00718410995288	-0.0163617771679	-0.0684739520586	-0.0196827399487
k__Bacteria;p__Actinobacteria;c__Actinobacteria;o__Bifidobacteriales;f__Bifidobacteriaceae;g__Bifidobacterium;s__Bifidobacterium_longum	0.045230965305	-0.017941223789	-0.0636394081312	-0.0254677099196	0.104256508027	0.0364975302461	0.0083678349816	-0.0693754197228	-0.0303363974507	-0.01564493602	-0.0188243538895	0.0512146380719	-0.00380416635075	0.0487261059033	-0.0132850287865	0.0177088323677	0.0295371731516	-0.0171241406656	-0.00175509850701	-0.0528754442673	0.0208384772063	0.00131544757364	0.0274841079728	-0.0296516520777	0.0261615712787	-0.0133310410577	0.00497644605566	-0.0471678337483	0.00842100053649	1.0	0.0517771473976	0.0106717805827	-0.0383300785312	0.0550832475316	-0.0646900568752	-0.0779254280293	0.0333062848594	-0.0143976210037	-0.0599973010328	0.0280382195743	-0.000390274432637	-0.00476514374199	-0.00948025501915	0.00591859109506	0.051316375325	-0.106798904224	-0.0189192041491	0.0743268342855	-0.00610976852025	0.0270685307935	-0.0182381127211	-0.0152123645457	-0.054439300359	0.0559940416613	0.0227073585306	-0.00769642880553	0.00282415917428	-0.0339922616127	0.0371548108934
