#taxonomy	k__Bacteria;p__Bacteroidetes;c__Bacteroidia;o__Bacteroidales;f__Bacteroidaceae;g__Bacteroides;s__Bacteroides_vulgatus	k__Bacteria;p__Bacteroidetes;c__Bacteroidia;o__Bacteroidales;f__Bacteroidaceae;g__Bacteroides;s__Bacteroides_uniformis	k__Bacteria;p__Bacteroidetes;c__Bacteroidia;o__Bacteroidales;f__Rikenellaceae;g__Alistipes;s__Alistipes_putredinis	k__Bacteria;p__Bacteroidetes;c__Bacteroidia;o__Bacteroidales;f__Prevotellaceae;g__Prevotella;s__Prevotella_copri	k__Bacteria;p__Bacteroidetes;c__Bacteroidia;o__Bacteroidales;f__Bacteroidaceae;g__Bacteroides;s__Bacteroides_stercoris	k__Bacteria;p__Bacteroidetes;c__Bacteroidia;o__Bacteroidales;f__Bacteroidaceae;g__Bacteroides;s__Bacteroides_ovatus	k__Bacteria;p__Bacteroidetes;c__Bacteroidia;o__Bacteroidales;f__Rikenellaceae;g__Alistipes;s__Alistipes_shahii	k__Bacteria;p__Firmicutes;c__Clostridia;o__Clostridiales;f__Ruminococcaceae;g__Faecalibacterium;s__Faecalibacterium_prausnitzii	k__Bacteria;p__Bacteroidetes;c__Bacteroidia;o__Bacteroidales;f__Rikenellaceae;g__Alistipes;s__Alistipes_finegoldii	k__Bacteria;p__Bacteroidetes;c__Bacteroidia;o__Bacteroidales;f__Porphyromonadaceae;g__Parabacteroides;s__Parabacteroides_distasonis	k__Bacteria;p__Bacteroidetes;c__Bacteroidia;o__Bacteroidales;f__Bacteroidaceae;g__Bacteroides;s__Bacteroides_thetaiotaomicron	k__Bacteria;p__Bacteroidetes;c__Bacteroidia;o__Bacteroidales;f__Bacteroidaceae;g__Bacteroides;s__Bacteroides_coprocola	k__Bacteria;p__Bacteroidetes;c__Bacteroidia;o__Bacteroidales;f__Bacteroidaceae;g__Bacteroides;s__Bacteroides_cellulosilyticus	k__Bacteria;p__Bacteroidetes;c__Bacteroidia;o__Bacteroidales;f__Rikenellaceae;g__Alistipes;s__Alistipes_obesi	k__Bacteria;p__Firmicutes;c__Clostridia;o__Clostridiales;f__Lachnospiraceae;g__;s__[Eubacterium]_rectale	k__Bacteria;p__Bacteroidetes;c__Bacteroidia;o__Bacteroidales;f__Bacteroidaceae;g__Bacteroides;s__Bacteroides_plebeius	k__Bacteria;p__Bacteroidetes;c__Bacteroidia;o__Bacteroidales;f__Bacteroidaceae;g__Bacteroides;s__Bacteroides_fragilis	k__Bacteria;p__Proteobacteria;c__Betaproteobacteria;o__Burkholderiales;f__Sutterellaceae;g__Sutterella;s__Sutterella_wadsworthensis	k__Bacteria;p__Bacteroidetes;c__Bacteroidia;o__Bacteroidales;f__Porphyromonadaceae;g__Barnesiella;s__Barnesiella_intestinihominis	k__Bacteria;p__Bacteroidetes;c__Bacteroidia;o__Bacteroidales;f__Odoribacteraceae;g__Odoribacter;s__Odoribacter_splanchnicus	k__Bacteria;p__Bacteroidetes;c__Bacteroidia;o__Bacteroidales;f__Bacteroidaceae;g__Bacteroides;s__Bacteroides_salyersiae	k__Bacteria;p__Firmicutes;c__Clostridia;o__Clostridiales;f__Ruminococcaceae;g__Ruminiclostridium;s__[Eubacterium]_siraeum	k__Bacteria;p__Proteobacteria;c__Betaproteobacteria;o__Burkholderiales;f__Sutterellaceae;g__Parasutterella;s__Parasutterella_excrementihominis	k__Bacteria;p__Actinobacteria;c__Actinobacteria;o__Bifidobacteriales;f__Bifidobacteriaceae;g__Bifidobacterium;s__Bifidobacterium_adolescentis	k__Bacteria;p__Firmicutes;c__Clostridia;o__Clostridiales;f__Oscillospiraceae;g__Oscillibacter;s__Oscillibacter_sp._KLE_1745	k__Bacteria;p__Bacteroidetes;c__Bacteroidia;o__Bacteroidales;f__Bacteroidaceae;g__Bacteroides;s__Bacteroides_coprophilus	k__Bacteria;p__Firmicutes;c__Clostridia;o__Clostridiales;f__Lachnospiraceae;g__Roseburia;s__Roseburia_intestinalis	k__Bacteria;p__Firmicutes;c__Clostridia;o__Clostridiales;f__Lachnospiraceae;g__Roseburia;s__Roseburia_hominis	k__Bacteria;p__Bacteroidetes;c__Bacteroidia;o__Bacteroidales;f__Porphyromonadaceae;g__Parabacteroides;s__Parabacteroides_johnsonii	k__Bacteria;p__Actinobacteria;c__Actinobacteria;o__Bifidobacteriales;f__Bifidobacteriaceae;g__Bifidobacterium;s__Bifidobacterium_longum	k__Bacteria;p__Firmicutes;c__Clostridia;o__Clostridiales;f__;g__Flavonifractor;s__Flavonifractor_plautii	k__Bacteria;p__Firmicutes;c__Clostridia;o__Clostridiales;f__Clostridiaceae;g__Clostridium;s__Clostridium_phoceensis	k__Bacteria;p__Verrucomicrobia;c__Verrucomicrobiae;o__Verrucomicrobiales;f__Akkermansiaceae;g__Akkermansia;s__Akkermansia_muciniphila	k__Bacteria;p__Bacteroidetes;c__Bacteroidia;o__Bacteroidales;f__Prevotellaceae;g__Paraprevotella;s__Paraprevotella_xylaniphila	k__Bacteria;p__Firmicutes;c__Clostridia;o__Clostridiales;f__Ruminococcaceae;g__Ruminococcus;s__Ruminococcus_callidus	k__Bacteria;p__Bacteroidetes;c__Bacteroidia;o__Bacteroidales;f__Rikenellaceae;g__Alistipes;s__Alistipes_senegalensis	k__Bacteria;p__Firmicutes;c__Clostridia;o__Clostridiales;f__Lachnospiraceae;g__Blautia;s__Blautia_sp._KLE_1732	k__Bacteria;p__Bacteroidetes;c__Bacteroidia;o__Bacteroidales;f__Bacteroidaceae;g__Bacteroides;s__Bacteroides_oleiciplenus	k__Bacteria;p__Firmicutes;c__Clostridia;o__Clostridiales;f__Ruminococcaceae;g__Ruminococcus;s__Ruminococcus_bicirculans	k__Bacteria;p__Bacteroidetes;c__Bacteroidia;o__Bacteroidales;f__Bacteroidaceae;g__Bacteroides;s__Bacteroides_fluxus	k__Bacteria;p__Bacteroidetes;c__Bacteroidia;o__Bacteroidales;f__Prevotellaceae;g__Prevotella;s__Prevotella_stercorea	k__Bacteria;p__Firmicutes;c__Clostridia;o__Clostridiales;f__Lachnospiraceae;g__Dorea;s__Dorea_longicatena	k__Bacteria;p__Firmicutes;c__Clostridia;o__Clostridiales;f__Eubacteriaceae;g__Eubacterium;s__[Eubacterium]_eligens	k__Bacteria;p__Firmicutes;c__Clostridia;o__Clostridiales;f__Ruminococcaceae;g__;s__Ruminococcaceae_bacterium_D16	k__Bacteria;p__Firmicutes;c__Clostridia;o__Clostridiales;f__Lachnospiraceae;g__Coprococcus;s__Coprococcus_comes	k__Bacteria;p__Proteobacteria;c__Gammaproteobacteria;o__Enterobacterales;f__Enterobacteriaceae;g__Escherichia;s__Escherichia_coli	k__Bacteria;p__Firmicutes;c__Clostridia;o__Clostridiales;f__Ruminococcaceae;g__Anaerotruncus;s__Anaerotruncus_colihominis	k__Bacteria;p__Firmicutes;c__Clostridia;o__Clostridiales;f__Lachnospiraceae;g__Blautia;s__Blautia_obeum	k__Bacteria;p__Bacteroidetes;c__Bacteroidia;o__Bacteroidales;f__Odoribacteraceae;g__Odoribacter;s__Odoribacter_laneus	k__Bacteria;p__Firmicutes;c__Clostridia;o__Clostridiales;f__Ruminococcaceae;g__Ruminiclostridium;s__[Clostridium]_leptum	k__Bacteria;p__Bacteroidetes;c__Bacteroidia;o__Bacteroidales;f__Porphyromonadaceae;g__Parabacteroides;s__Parabacteroides_goldsteinii	k__Bacteria;p__Firmicutes;c__Clostridia;o__Clostridiales;f__Lachnospiraceae;g__Anaerostipes;s__Anaerostipes_hadrus	k__Bacteria;p__Firmicutes;c__Clostridia;o__Clostridiales;f__Ruminococcaceae;g__Ruminococcus;s__Ruminococcus_lactaris	k__Bacteria;p__Firmicutes;c__Clostridia;o__Clostridiales;f__Clostridiaceae;g__Clostridium;s__Clostridium_sp._L2-50	k__Bacteria;p__Firmicutes;c__Clostridia;o__Clostridiales;f__Clostridiaceae;g__Clostridium;s__Clostridium_sp._M62/1	k__Bacteria;p__Firmicutes;c__Clostridia;o__Clostridiales;f__;g__Intestinimonas;s__Intestinimonas_butyriciproducens	k__Bacteria;p__Actinobacteria;c__Actinobacteria;o__Bifidobacteriales;f__Bifidobacteriaceae;g__Bifidobacterium;s__Bifidobacterium_bifidum	k__Bacteria;p__Firmicutes;c__Negativicutes;o__Veillonellales;f__Veillonellaceae;g__Dialister;s__Dialister_invisus	k__Bacteria;p__Bacteroidetes;c__Bacteroidia;o__Bacteroidales;f__Bacteroidaceae;g__Bacteroides;s__Bacteroides_salanitronis
k__Bacteria;p__Bacteroidetes;c__Bacteroidia;o__Bacteroidales;f__Bacteroidaceae;g__Bacteroides;s__Bacteroides_vulgatus	1.0	0.036652965615	-0.0197145710653	-0.0439474412567	0.00942964625748	0.00085737975387	0.0595667536593	-0.0729775607886	-0.034311127591	0.0381008443544	0.0574428635019	-0.0503001306541	0.0450176445767	0.00443059706731	-0.0227317126449	0.0118226805387	0.0274993480974	0.0118626820472	0.0385301920212	-0.0824675894025	-0.0327583393805	-0.00559497284943	0.0226037332612	0.00199929824326	-0.00460170953178	0.00593035331725	-0.023018827991	0.0436587951485	0.0261347032369	0.00326271769482	-0.00824601179903	-0.0449094324644	0.0257736509538	0.0158794142451	-0.0847239554241	-0.0142769264457	-0.0118535625805	-0.0486820091304	0.0103895120258	-0.00677586605846	0.0304525015862	0.0165134393131	0.00412511193584	-0.0146526508925	-0.0879787359585	0.0211978956578	-0.00737883273048	-0.00943708484866	-0.0184846864517	0.0831483617608	-0.0237890311078	-0.088576310361	-0.0462063300477	-0.0195724993797	-0.0264338202897	-0.00322086935691	0.00354740919678	0.0138076750871	-0.0308148059833
k__Bacteria;p__Bacteroidetes;c__Bacteroidia;o__Bacteroidales;f__Bacteroidaceae;g__Bacteroides;s__Bacteroides_uniformis	0.036652965615	1.0	0.00679477028974	-0.0484076104285	-0.00412622102787	-0.0105072650454	0.0198011450672	-0.00475518626993	-0.037221442413	0.0358688560889	-0.0338390901442	0.0681818983428	0.0168827025527	0.0345364756153	-0.00130429484115	-0.0326021882662	-0.00486951482283	0.023611174376	0.0751683400217	0.0112095919964	-0.0529577137723	-0.00836530741709	-0.0102051749207	0.0310953201894	-0.0319008460806	0.0350931857185	-0.0120296759748	-0.0226316130375	-0.0240567648444	0.0303695563276	-0.00582775126627	-0.0379261173327	-0.0022546581397	0.0142266345901	-0.0338894596699	-0.0384652549825	-0.0281210931681	-0.0504018227365	-0.0375696526684	0.0796349353418	0.00357371768799	-0.0233666083573	0.0687309391773	-0.0372574665928	-0.0716580385565	0.100721734433	0.00679615207698	-0.0931520979957	0.0176138198224	-0.0926781264449	0.00775617480685	0.0256419599421	-0.0469830351673	-0.0488731232352	-0.0823239109537	0.0285263447115	-0.0610535724328	-0.0381001851126	-0.00309463882004
k__Bacteria;p__Bacteroidetes;c__Bacteroidia;o__Bacteroidales;f__Rikenellaceae;g__Alistipes;s__Alistipes_putredinis	-0.0197145710653	0.00679477028974	1.0	0.00425634118082	-0.0634640421824	0.00208449390992	0.0050863216913	0.0113970182029	-0.00498606277871	0.0415471478809	0.0325269427665	0.00539921445017	0.0498327535836	0.0750501294352	-0.0825404600936	-0.034169093582	0.0634162181038	0.0188370127056	0.0365759330264	0.0126579527582	-0.0477097860659	-0.0646493503969	0.00406089566465	0.0829804189402	0.0915045712702	-0.025912072744	-0.0672573945543	-0.0226567247238	-0.0647064112891	0.00795848029477	-0.00734560318899	0.0201872270202	-0.0369074444752	-0.0298610491598	-0.0413367894956	-0.0473203997965	-0.0140609676082	0.00225208750515	0.028107292428	0.101186430703	-0.0136824486905	-0.0271784350318	-0.0512700499634	-0.0540854929358	-0.0531676172688	-0.0602656624682	0.0408584420873	-0.00621073817693	-0.00896442011013	-0.0266793618634	0.00389613188482	-0.0562557209546	-0.0206682665942	-0.0568466399574	-0.0359774248169	-0.0551916518149	0.0311114690836	0.0250204070422	0.0133646391775
k__Bacteria;p__Bacteroidetes;c__Bacteroidia;o__Bacteroidales;f__Prevotellaceae;g__Prevotella;s__Prevotella_copri	-0.0439474412567	-0.0484076104285	0.00425634118082	1.0	-0.00725476390948	0.0121232119659	-0.0582938628715	0.0394502728199	-0.00928265307828	0.0772325574599	-0.0130127573195	0.018229944095	0.0387551889769	-0.0695192283846	-0.0199537819312	-0.0230782253011	-0.0466585577552	-0.0952486312835	-0.00792841379221	-0.023040033193	0.0414243071476	-0.0163802522633	0.0366668026625	0.0590000134691	-0.0156549304514	-0.0450854939882	0.0221014884494	0.0287029801298	-0.000376608546295	0.00934661410134	-0.0735174904345	-0.0206851472605	0.0298773976365	0.0576064291596	-0.00758442588595	-0.0287731392125	0.0283288415683	-0.0151745933196	-0.0331350466223	0.0098962302677	-0.0811721886842	0.00782271553995	0.0111303138929	-0.0801579951786	-0.0149179511946	0.0195461931641	-0.0679849616447	-0.0817771417818	-0.0318974386601	0.00465943443107	0.0636479175738	0.087048713442	0.0696221298146	0.0424651071877	-0.0091780427069	0.00276745406116	-0.058631996524	0.00720944371522	0.043044703072
k__Bacteria;p__Bacteroidetes;c__Bacteroidia;o__Bacteroidales;f__Bacteroidaceae;g__Bacteroides;s__Bacteroides_stercoris	0.00942964625748	-0.00412622102787	-0.0634640421824	-0.00725476390948	1.0	-0.124871559764	-0.0137452282429	-0.000964714258348	0.0770938465562	-0.0197169993151	0.0218738896072	0.0345873757417	-0.0160852286694	0.0186197101133	0.00190723716153	0.0542647023545	-0.0309529795152	-0.0783640811333	0.0861271880004	-0.0066473096954	-0.00978602014194	-0.0107689361931	0.00261172573718	-0.0266457656332	-0.0141150959938	-0.0611493767491	-0.0180475082582	-0.0227059584234	-0.0147933192583	-0.00783681286575	-0.0451556248167	-0.0285789405601	0.025614809573	-0.0172404348753	-0.0527716949852	-0.011641777872	0.030535777327	-0.0693881272848	0.0411521646539	-0.00946736585917	-0.0181549678421	-0.012323799026	-0.000537452368976	0.0699996523059	0.00486119223646	-0.0575052276741	0.0688118524401	-0.0389066021395	0.000447509599746	0.0339526758698	-0.0762330971033	0.0125248961091	-0.00694811323069	-0.0563128986698	-0.00520470155681	0.00102791978607	-0.00799624465985	0.044854513096	0.0874917391809
k__Bacteria;p__Bacteroidetes;c__Bacteroidia;o__Bacteroidales;f__Bacteroidaceae;g__Bacteroides;s__Bacteroides_ovatus	0.00085737975387	-0.0105072650454	0.00208449390992	0.0121232119659	-0.124871559764	1.0	0.0246415427374	0.00548275800872	0.0197544187803	-0.0429488118984	-0.0392318409829	-0.0275896328067	-0.0873575466805	-0.0599605516633	-0.0065711233436	-0.00777535243846	-0.028144957839	0.0490845678933	-0.0451786888955	-0.0139122735918	-0.0512562413006	0.0231423394991	0.0758067966794	0.000999431283473	0.00104407677398	-0.0257762134746	-0.00866214069653	-0.028850879572	-0.0484978724868	-0.0380132695789	0.0244762803495	0.0229004061824	-0.0267143167922	-0.0327452813439	-0.0348327110218	0.0444471370669	0.0258264992447	-0.00909762615797	0.0163987500737	-0.0161554771676	0.0157763016565	0.0304162928046	0.0259229506993	-0.0133274986017	-0.0177399455007	-0.0442734779388	0.0235199066355	0.0415406658981	0.00891942195427	0.0228028537249	-0.011298483332	-0.0545376324997	0.0358898097121	0.0312585836744	-0.0242617784714	0.00339031920461	-0.107824868877	-0.0359738868578	-0.0449167867355
k__Bacteria;p__Bacteroidetes;c__Bacteroidia;o__Bacteroidales;f__Rikenellaceae;g__Alistipes;s__Alistipes_shahii	0.0595667536593	0.0198011450672	0.0050863216913	-0.0582938628715	-0.0137452282429	0.0246415427374	1.0	0.0906560151799	-0.0270353742609	-0.0440261076471	-0.0279521190363	-0.0972908553312	0.00170117326121	-0.000193584142761	-0.00780736905884	-0.0129792499998	0.0394777542394	-0.0394276590727	0.024380597924	-0.0240378836173	0.00601406008497	0.0723518551795	-0.0291076251362	0.0162807609451	0.035551753865	-0.0547334258526	0.0537240178758	-0.0558760797956	0.0233926439486	-0.0558494228163	-0.0230427241663	0.0204253631861	-0.0299204865097	-0.00326667410372	0.012954439008	0.0229399809174	0.0143010853889	-0.00794420479244	0.056809946815	0.0344188694185	-0.00938659198186	-0.0516072073721	-0.0342300622422	0.0410049209923	-0.0276962996231	0.0491955490471	0.0104763033268	-0.0113875836819	-0.0312008170796	-0.000387125080006	-0.00165592684538	0.0161899380873	-0.132761602523	-0.00425147467084	-0.0251301685058	-0.0143977612556	-0.0373602555559	-0.00363225709291	0.030774420748
k__Bacteria;p__Firmicutes;c__Clostridia;o__Clostridiales;f__Ruminococcaceae;g__Faecalibacterium;s__Faecalibacterium_prausnitzii	-0.0729775607886	-0.00475518626993	0.0113970182029	0.0394502728199	-0.000964714258348	0.00548275800872	0.0906560151799	1.0	0.0424416363762	0.0130440907714	0.0635339928359	0.0130181795803	-0.0798953389272	-0.00941893264209	0.0243976554903	-0.0215042731829	-0.0506505543063	0.0149557779601	-0.00817908254882	0.036429752103	0.0336337519295	-0.0600636939581	-0.0291927852705	0.019500987708	-0.0198078834189	0.00130882139352	-0.00335369001536	-0.0108266433408	-0.0408641072186	0.0182855462278	-0.0671491578701	0.0747042188058	0.01929325483	-0.0224178452075	0.00461997505264	-0.105975279774	-0.0200244585584	-0.038670232366	-0.0139841508251	-0.0281384715955	-0.0102736711772	-0.0149582112588	-0.0066520624701	-0.0456298768401	-0.00419613049272	0.0185080206247	-0.0103757774884	0.00861618285804	-0.0217788036153	-0.0636318993586	-0.0930816802231	-0.0083930478233	-0.00803345172455	0.0403178589896	0.0153182733469	0.00876302070701	-0.0334251945033	-0.0249238098642	-0.0175806247547
k__Bacteria;p__Bacteroidetes;c__Bacteroidia;o__Bacteroidales;f__Rikenellaceae;g__Alistipes;s__Alistipes_finegoldii	-0.034311127591	-0.037221442413	-0.00498606277871	-0.00928265307828	0.0770938465562	0.0197544187803	-0.0270353742609	0.0424416363762	1.0	-0.000754628807851	-0.00501193446978	-0.0243575496383	0.0388947643914	0.039228650237	-0.0176005024707	-0.0379727314511	-0.055545910082	-0.0207701662362	0.011229247166	0.0122080837021	0.0050519407535	-0.0231753196245	0.0197996898665	-0.0304608213371	-0.0491972325286	-0.0102488331641	-0.0796178692174	-0.0264746450591	0.0207207139917	-0.0635037833214	-0.0221179482166	0.0532809700362	-0.016376434556	-0.0384208498264	-0.0267506368896	-0.0917948540188	0.0233397184444	-0.0441419828251	-0.0514336290104	-0.0424596233329	0.0324978540762	0.0405188992581	-0.00412504752484	-0.0887119075306	-0.0130402781318	0.0387136753982	0.0267542667364	-0.0246450769396	-0.0137185199053	0.0179585030873	-0.0428748886462	0.0152293262316	0.0416271986832	-0.0544774840761	0.0258183308758	-0.011042442698	-0.0686170705033	-0.103592857687	-0.0790088275231
k__Bacteria;p__Bacteroidetes;c__Bacteroidia;o__Bacteroidales;f__Porphyromonadaceae;g__Parabacteroides;s__Parabacteroides_distasonis	0.0381008443544	0.0358688560889	0.0415471478809	0.0772325574599	-0.0197169993151	-0.0429488118984	-0.0440261076471	0.0130440907714	-0.000754628807851	1.0	-0.0100331563332	-0.0333206376647	-0.0135618131908	0.0752244085261	0.0198857524359	0.0222330811068	0.0440874900565	-0.00957312884309	-0.128754928814	0.00321718963501	-0.0868952967099	-0.0291491892779	-0.0214557772858	-0.000828829533087	-0.0399893853386	-0.0308022056829	0.00187263871991	0.00329205911996	-0.0476103885973	-0.0534780354133	-0.0424596579765	-0.0200917798704	-0.0223275350183	-0.0140880252189	0.046539547971	-0.0328441025663	0.0170610654423	-0.0351723387168	0.0142875146265	-0.0158657384766	-0.0204688982726	-0.0139659335513	-0.0482321691462	-0.0935367027342	0.0391053577724	-0.0116995254208	-0.0389760114104	-0.0452182424551	-0.00151359936841	-0.0409690821393	-0.0141563375144	0.0276781934106	-0.00247479617306	0.00923691799368	0.0344794668628	-0.155097732949	-0.0191884135871	0.051639696611	0.106530831838
k__Bacteria;p__Bacteroidetes;c__Bacteroidia;o__Bacteroidales;f__Bacteroidaceae;g__Bacteroides;s__Bacteroides_thetaiotaomicron	0.0574428635019	-0.0338390901442	0.0325269427665	-0.0130127573195	0.0218738896072	-0.0392318409829	-0.0279521190363	0.0635339928359	-0.00501193446978	-0.0100331563332	1.0	-0.00559670407318	0.00857861708748	0.0290934316004	-0.0718376293683	0.0303565414922	-0.0577109272692	0.0163927103692	-0.013551207589	-0.046112899378	-0.0111366872372	-0.038260973012	0.0331490745035	0.0266926291334	-0.00244250680091	-0.039709331388	0.0329030477842	-0.0144092088825	-0.0514192927706	-0.00327086398601	0.0177434748874	0.00506795633057	-0.00126941272877	0.0190363914924	-0.00180459611724	-0.0170693039042	0.086930675351	0.00323390695244	0.00661426938163	-0.00631036857488	-0.0183513521956	-0.0414465158464	-0.0177716834886	0.0517609377663	0.015019673092	-0.0569542648765	0.0303252436757	-0.00165736421741	-0.0449245857938	0.043108192944	0.0222066223866	0.0260439016396	-0.0339398549052	0.0690158652966	0.00315658905139	-0.0215420108332	-0.00492426033125	-0.052370463968	0.0427572415871
k__Bacteria;p__Bacteroidetes;c__Bacteroidia;o__Bacteroidales;f__Bacteroidaceae;g__Bacteroides;s__Bacteroides_coprocola	-0.0503001306541	0.0681818983428	0.00539921445017	0.018229944095	0.0345873757417	-0.0275896328067	-0.0972908553312	0.0130181795803	-0.0243575496383	-0.0333206376647	-0.00559670407318	1.0	0.00592945660274	0.031408365836	-0.0303862924848	-0.00431854988444	0.0189782412174	0.00191801979944	-0.0371759178659	0.00493164440753	0.0402194575886	-0.00160450709394	0.00114600063691	-0.021351778526	-0.0176877327983	-0.00715549892498	-0.0480132048922	-0.00182840416089	0.00133533819151	0.0236152306593	-0.0765252458011	-0.0536822133283	0.000463039230267	0.0386292371202	-0.00906584653271	-0.0196097676996	7.55205722692e-05	0.0490982015375	-0.0355383203728	0.00408992114659	-0.0594205369655	-0.0584546386118	-0.0831191368622	0.0154895909236	0.00072016893128	-0.0406852987749	0.0259530615113	-0.00582940499151	0.00473950143121	-0.0429760897395	0.0443685577832	-0.0794006114115	0.0158196633353	-0.0285719038516	-0.01392566712	-0.0633305709147	0.0164123169439	0.00643588364887	-0.00149924194342
k__Bacteria;p__Bacteroidetes;c__Bacteroidia;o__Bacteroidales;f__Bacteroidaceae;g__Bacteroides;s__Bacteroides_cellulosilyticus	0.0450176445767	0.0168827025527	0.0498327535836	0.0387551889769	-0.0160852286694	-0.0873575466805	0.00170117326121	-0.0798953389272	0.0388947643914	-0.0135618131908	0.00857861708748	0.00592945660274	1.0	-0.00641403880144	0.0210431473154	-0.0415512712815	-0.0818431298077	-0.0180963971716	-0.0395334344232	0.0583994032392	-0.0195106309468	-0.0129560984342	0.0045575121618	-0.029201313853	-0.0212454282644	-0.0406075322009	0.000826584811197	0.0299536064092	-0.015681763576	-0.0547552198118	-0.0677472554174	0.000851076229534	0.0103506934412	-0.0104187601791	0.0168129114047	-0.0193976617601	-0.0258627232642	-0.0456413038281	-0.0101769358896	-0.0108393383321	-0.0347231567783	-0.0482428653275	-0.0704868714632	0.058751036917	-0.0102487077835	0.037540630369	-0.0122366135003	-0.0417661990774	-0.0105009958629	0.0368591945797	0.013833301537	0.00307081494296	-0.0290542150717	-0.000174571448667	0.0157389202878	0.00892640876938	-0.062913401319	-0.0776343845464	-0.0691800800834
k__Bacteria;p__Bacteroidetes;c__Bacteroidia;o__Bacteroidales;f__Rikenellaceae;g__Alistipes;s__Alistipes_obesi	0.00443059706731	0.0345364756153	0.0750501294352	-0.0695192283846	0.0186197101133	-0.0599605516633	-0.000193584142761	-0.00941893264209	0.039228650237	0.0752244085261	0.0290934316004	0.031408365836	-0.00641403880144	1.0	-0.0502270544814	-0.0892645499414	-0.0125347970152	-0.00692309027609	-0.074766056904	0.0534199575126	-0.0517996708306	0.00096454448599	-0.0235531440463	-0.0435580728333	-0.0592484415749	-0.0720922969505	-0.0475769085142	0.00505340509543	0.027652075548	-0.013087912311	-0.00971726838113	0.0300461206365	-0.0146089237524	0.00392075525257	-0.00696293139016	-0.0232247717749	0.0131697233411	0.0163089279446	0.0764819632384	0.00832687362949	0.0363827777774	-0.0749851392094	-0.0305319783561	0.0244888447315	-0.0610971144016	0.0120498858866	-0.127195836838	0.0788679952677	0.00842940313378	0.0544365488392	-0.00538226443305	-0.0604564885333	-0.0420994498597	-0.062631895622	-0.00904504426721	0.0174673029924	-0.0416688861113	-0.0376824447274	0.0067701851005
k__Bacteria;p__Firmicutes;c__Clostridia;o__Clostridiales;f__Lachnospiraceae;g__;s__[Eubacterium]_rectale	-0.0227317126449	-0.00130429484115	-0.0825404600936	-0.0199537819312	0.00190723716153	-0.0065711233436	-0.00780736905884	0.0243976554903	-0.0176005024707	0.0198857524359	-0.0718376293683	-0.0303862924848	0.0210431473154	-0.0502270544814	1.0	0.001519477443	-0.0117023111046	-0.0557726479651	-0.0977734317793	0.0393996495983	-0.0389154940366	-0.106627723725	-0.0304890287592	0.00100420223092	0.00572077547792	-0.00292950974723	-0.0339025771505	0.0889625426628	-0.000925711338232	-0.0301765009855	-0.0183126495887	0.042927401405	0.0358024468374	0.0526584498456	-0.0454538961091	0.0290425279608	-0.0573006916704	-0.0122544978646	0.079755425281	-0.0655152816173	-0.0447932188639	-0.000207383589896	-0.00693996363051	-0.0252633405173	0.00534171024146	-0.0801405344728	0.0329186726605	0.0120605591378	-0.0056453400334	-0.0395062496265	-0.0372493616485	-0.00654119127343	0.0434497075117	0.0396498118425	0.00623115389508	0.0483763281814	0.0620326989391	-0.0123629850785	-0.0664377661713
k__Bacteria;p__Bacteroidetes;c__Bacteroidia;o__Bacteroidales;f__Bacteroidaceae;g__Bacteroides;s__Bacteroides_plebeius	0.0118226805387	-0.0326021882662	-0.034169093582	-0.0230782253011	0.0542647023545	-0.00777535243846	-0.0129792499998	-0.0215042731829	-0.0379727314511	0.0222330811068	0.0303565414922	-0.00431854988444	-0.0415512712815	-0.0892645499414	0.001519477443	1.0	-0.0150229633063	-0.0420935329402	-0.0371139208265	-0.00730403857814	0.0189525254094	0.0354815734156	-0.0302301241246	-0.00191448864634	0.00847556766828	-0.0224450225473	-0.0750152957722	-0.0373164293165	-0.0124463897425	-0.0797751653158	0.0581841793912	-0.00696407548777	0.00492939755412	-0.0128689099249	-0.0184056530029	-0.00307777011567	0.0468672935087	-0.0409062042838	-0.0449013195991	0.00349022876985	0.0483527918864	0.0207243681288	-0.0324123080616	-0.0363832735773	-0.00640471133098	0.0392221817163	-0.0589185231099	-0.00252009389245	-0.0214747214304	0.00418277606511	-0.027767767431	0.0658441748088	-0.019622486769	-0.0164266430751	0.0175999287269	0.0280024806806	0.0130880730502	-0.0867801066317	0.000807456379793
k__Bacteria;p__Bacteroidetes;c__Bacteroidia;o__Bacteroidales;f__Bacteroidaceae;g__Bacteroides;s__Bacteroides_fragilis	0.0274993480974	-0.00486951482283	0.0634162181038	-0.0466585577552	-0.0309529795152	-0.028144957839	0.0394777542394	-0.0506505543063	-0.055545910082	0.0440874900565	-0.0577109272692	0.0189782412174	-0.0818431298077	-0.0125347970152	-0.0117023111046	-0.0150229633063	1.0	-0.00503615961656	-0.0752567885562	0.00419661193492	0.0216971428798	-0.00686131948183	0.0572497845408	-0.0261748769527	-0.0548440914085	0.0154832843427	-0.0281113707469	-0.0341035113267	-0.000841006281342	0.0331674323785	-0.0122204026684	-0.0167163794964	0.0119464623399	-0.034010782483	0.0249644288916	0.00918439804942	0.0238398025971	-0.0224016214345	-0.022095023686	-0.0710217771935	0.0180684813604	-0.0345163045788	0.056006922963	-0.0386918026148	0.0407100503374	-0.0865025764946	-0.0320565345578	0.0328686928863	-0.0327830497424	-0.0704049774081	-0.0181103963696	0.000954738502513	-0.0230915120117	0.0756851844412	0.0314756975153	0.00715632680518	0.0317244082803	-0.0502697197311	0.0351719553707
k__Bacteria;p__Proteobacteria;c__Betaproteobacteria;o__Burkholderiales;f__Sutterellaceae;g__Sutterella;s__Sutterella_wadsworthensis	0.0118626820472	0.023611174376	0.0188370127056	-0.0952486312835	-0.0783640811333	0.0490845678933	-0.0394276590727	0.0149557779601	-0.0207701662362	-0.00957312884309	0.0163927103692	0.00191801979944	-0.0180963971716	-0.00692309027609	-0.0557726479651	-0.0420935329402	-0.00503615961656	1.0	0.0353313620374	0.0409216432274	0.0990344485129	0.070344188324	0.0519985505645	0.0321160412182	0.0522003768329	-0.0597508877072	-0.0162465363926	0.038106403169	-0.120848202862	-0.0434127440088	-0.00795339468411	0.00284275449313	-0.00266729165107	-0.0196257017046	-0.0193322544171	-0.0239288420323	-0.0334755813494	-0.00246307725625	-0.0213440352416	-0.0608161519863	-0.0530043206015	-0.0237457038166	-0.0321222147368	0.0386391185736	-0.0261801395679	-0.0412927080231	0.0580846937676	0.0490656544918	0.0725192282384	-0.00342917652494	0.0334164722941	-0.0375750555285	0.00861628631956	0.0763494244731	-0.0165899618584	0.0160687739855	-0.0268750055084	-0.0100620578687	0.068600206703
k__Bacteria;p__Bacteroidetes;c__Bacteroidia;o__Bacteroidales;f__Porphyromonadaceae;g__Barnesiella;s__Barnesiella_intestinihominis	0.0385301920212	0.0751683400217	0.0365759330264	-0.00792841379221	0.0861271880004	-0.0451786888955	0.024380597924	-0.00817908254882	0.011229247166	-0.128754928814	-0.013551207589	-0.0371759178659	-0.0395334344232	-0.074766056904	-0.0977734317793	-0.0371139208265	-0.0752567885562	0.0353313620374	1.0	0.0267538344092	-0.032033847361	-0.0160493540388	0.00449266421952	0.00151876070111	0.00280374217751	-0.0150716645358	0.00114483195228	9.67949615356e-05	-0.0612227967529	-0.0405196896144	0.0189034740597	0.00213276896683	-0.0372932279533	-0.0277816842632	0.00775431450148	-0.0206964913045	0.00536232817209	-0.00377456266594	0.0287269909256	-0.0313349837332	-0.0206995694753	0.022382111958	0.027258278201	-0.0247372414892	0.0275897504745	-0.00928810397877	0.0104381407001	-0.0642189137952	-0.0062561131147	0.0314075523851	-0.00578909059708	0.0173358276939	0.00444168113184	-0.0702112036967	-0.0291305860703	-0.036218274304	0.0134496871847	-0.0393417406875	-0.00184127741036
k__Bacteria;p__Bacteroidetes;c__Bacteroidia;o__Bacteroidales;f__Odoribacteraceae;g__Odoribacter;s__Odoribacter_splanchnicus	-0.0824675894025	0.0112095919964	0.0126579527582	-0.023040033193	-0.0066473096954	-0.0139122735918	-0.0240378836173	0.036429752103	0.0122080837021	0.00321718963501	-0.046112899378	0.00493164440753	0.0583994032392	0.0534199575126	0.0393996495983	-0.00730403857814	0.00419661193492	0.0409216432274	0.0267538344092	1.0	-0.0211658318929	0.0785455486682	0.00477852813004	0.0182780367866	-0.0724826898147	-0.022926588644	-0.0190553868448	0.0130125320199	0.0164589810145	-0.00579451662317	-0.0526616683895	-0.0425649711944	0.0528687345622	0.0578542995862	-0.0406024650854	-0.0755929214782	-0.0484405233206	0.00765177535998	-0.0197525340744	0.061018669999	0.0477206705083	-0.0707326022425	-0.0335770810067	-0.0332421022363	-0.014541124332	-0.0034477786859	-0.0635104487817	0.0329866630504	-0.0288602228533	0.0543638878297	-0.0107561401172	-0.0547489836866	0.00232914669098	-0.0372857361646	-0.0234023148568	0.0723795644182	-0.0619040780507	0.000334947898789	-0.0150082130116
k__Bacteria;p__Bacteroidetes;c__Bacteroidia;o__Bacteroidales;f__Bacteroidaceae;g__Bacteroides;s__Bacteroides_salyersiae	-0.0327583393805	-0.0529577137723	-0.0477097860659	0.0414243071476	-0.00978602014194	-0.0512562413006	0.00601406008497	0.0336337519295	0.0050519407535	-0.0868952967099	-0.0111366872372	0.0402194575886	-0.0195106309468	-0.0517996708306	-0.0389154940366	0.0189525254094	0.0216971428798	0.0990344485129	-0.032033847361	-0.0211658318929	1.0	-0.0695062291093	-0.0282126106011	0.0134271780944	0.0166496947859	0.0532396146819	-0.0105792352215	-0.00496527938138	0.0513144771629	0.0170023759095	0.0259235111846	-0.0107080989892	0.00144713025683	-0.0281443872838	0.0191764222769	-0.0609139885558	-0.00135482278049	-0.018871206915	-0.0264662761947	-0.0102066776435	0.0213990841629	-0.0212108870206	0.00862015747233	-0.0643833591512	0.0391762799944	-0.0191983220819	-0.0564329220723	0.00932371997697	-0.0368396769538	-0.0269390464121	-0.000807038535828	0.0408993799313	-0.0189846136368	-0.0101105984846	0.0621417581644	0.0140909378619	0.0547589755929	0.055187130828	-0.0783885460269
k__Bacteria;p__Firmicutes;c__Clostridia;o__Clostridiales;f__Ruminococcaceae;g__Ruminiclostridium;s__[Eubacterium]_siraeum	-0.00559497284943	-0.00836530741709	-0.0646493503969	-0.0163802522633	-0.0107689361931	0.0231423394991	0.0723518551795	-0.0600636939581	-0.0231753196245	-0.0291491892779	-0.038260973012	-0.00160450709394	-0.0129560984342	0.00096454448599	-0.106627723725	0.0354815734156	-0.00686131948183	0.070344188324	-0.0160493540388	0.0785455486682	-0.0695062291093	1.0	-0.0130140563062	-0.01961990412	-0.000920856182641	-0.00667153049804	0.0609124029527	-0.00497513124255	-0.0223273011045	0.0228678329844	0.0350865017461	-0.000750185554128	-0.06532120254	0.0454948359881	0.0283843679715	-0.0399639194086	0.0485561477577	-0.037111405073	0.0384501535911	0.0181350500952	-0.016618225611	0.0449320906273	0.00589371042133	-0.029784683479	-0.0571163205137	0.0303285055502	-0.0377717029412	-0.0374683820793	0.0382739151629	0.0422019954017	0.0161836446027	-0.0319000853921	-0.0113652992718	0.0412785231578	-0.0270296704603	0.0318560944877	-0.0315218111521	-0.00845551536754	-0.0125118176423
k__Bacteria;p__Proteobacteria;c__Betaproteobacteria;o__Burkholderiales;f__Sutterellaceae;g__Parasutterella;s__Parasutterella_excrementihominis	0.0226037332612	-0.0102051749207	0.00406089566465	0.0366668026625	0.00261172573718	0.0758067966794	-0.0291076251362	-0.0291927852705	0.0197996898665	-0.0214557772858	0.0331490745035	0.00114600063691	0.0045575121618	-0.0235531440463	-0.0304890287592	-0.0302301241246	0.0572497845408	0.0519985505645	0.00449266421952	0.00477852813004	-0.0282126106011	-0.0130140563062	1.0	-0.044598373694	-0.0753959643678	-0.0695790664158	0.00135961294191	-0.00770597472716	0.0130615394705	-0.0351486447664	-0.0428231126514	-0.0503945028179	0.00740291597554	0.00318875799477	0.0309780276561	-0.028350145258	0.102819196932	-0.00706323535302	-0.00733693175218	0.0124329605352	-0.0317215260462	0.0402703366269	-0.09833621422	0.0162376120029	0.00565940954188	-0.032962553274	-0.0676520792067	0.0444749442777	0.0327041793529	-0.0728636702479	-0.0574133790093	0.0265364001023	-0.144200001386	0.0192078513137	0.020882905594	-0.0208641543806	-0.0103960374987	-0.0117540364859	0.0167773913625
k__Bacteria;p__Actinobacteria;c__Actinobacteria;o__Bifidobacteriales;f__Bifidobacteriaceae;g__Bifidobacterium;s__Bifidobacterium_adolescentis	0.00199929824326	0.0310953201894	0.0829804189402	0.0590000134691	-0.0266457656332	0.000999431283473	0.0162807609451	0.019500987708	-0.0304608213371	-0.000828829533087	0.0266926291334	-0.021351778526	-0.029201313853	-0.0435580728333	0.00100420223092	-0.00191448864634	-0.0261748769527	0.0321160412182	0.00151876070111	0.0182780367866	0.0134271780944	-0.01961990412	-0.044598373694	1.0	-0.0386542356127	-0.00654531102731	0.00890949411578	-0.0556294425685	-0.0113385751592	-0.0369992489472	-0.0411454662638	0.0195091331013	-0.0424466078929	-0.0443764467591	0.00694117254668	-0.0186097390788	-0.0235350541189	-0.0146228291864	-0.0281661288918	0.0301617976751	-0.0346371283884	-0.0353077339029	-0.0466284806292	-0.0159565015475	0.0107981807208	-0.0687013800125	0.0415698160063	0.0043189270792	-0.0518477181077	-0.010299233622	-0.0265453041696	-0.0231303525753	0.00607869099575	-0.11339237347	-0.0450411860398	-0.0543121367651	-0.0119584021616	-0.0317726832855	-0.0192171987377
k__Bacteria;p__Firmicutes;c__Clostridia;o__Clostridiales;f__Oscillospiraceae;g__Oscillibacter;s__Oscillibacter_sp._KLE_1745	-0.00460170953178	-0.0319008460806	0.0915045712702	-0.0156549304514	-0.0141150959938	0.00104407677398	0.035551753865	-0.0198078834189	-0.0491972325286	-0.0399893853386	-0.00244250680091	-0.0176877327983	-0.0212454282644	-0.0592484415749	0.00572077547792	0.00847556766828	-0.0548440914085	0.0522003768329	0.00280374217751	-0.0724826898147	0.0166496947859	-0.000920856182642	-0.0753959643678	-0.0386542356127	1.0	0.05479982075	-0.0109215189623	0.0130933939235	-0.0566385107473	-0.0378869521727	0.0148642582404	-0.0237322360544	0.0299427870032	0.0778914457269	-0.00692028733541	-0.0242705849748	-0.0979231201533	0.0154090878203	0.020781994035	-0.0414783819116	-0.0516485190053	0.0322800486868	-0.0216354859884	-0.0703865264288	-0.0485691999414	-0.0171822699913	-0.0432012569095	-0.0733678113186	-0.027273242104	-0.0149119118125	-0.0263314829626	0.0372601501409	-0.00236849724628	-0.0126497165548	-0.026672899998	-0.0296531154419	0.004820449486	-0.0895230759555	0.067073538551
k__Bacteria;p__Bacteroidetes;c__Bacteroidia;o__Bacteroidales;f__Bacteroidaceae;g__Bacteroides;s__Bacteroides_coprophilus	0.00593035331725	0.0350931857185	-0.025912072744	-0.0450854939882	-0.0611493767491	-0.0257762134746	-0.0547334258526	0.00130882139352	-0.0102488331641	-0.0308022056829	-0.039709331388	-0.00715549892498	-0.0406075322009	-0.0720922969505	-0.00292950974723	-0.0224450225473	0.0154832843427	-0.0597508877072	-0.0150716645358	-0.022926588644	0.0532396146819	-0.00667153049804	-0.0695790664158	-0.00654531102731	0.05479982075	1.0	0.00390049630862	0.00970621368609	0.0303573763784	0.0412792446395	-0.00986798967781	-0.0402524726897	0.0484654776208	-0.01231855096	-0.0365012642227	-0.0527444999263	0.0177154551281	-0.0266599781544	-0.061708708615	0.0371078937565	-0.0178866706884	0.00281110501198	0.0256466741983	0.0381308252951	0.0250617284883	0.0711667598234	-0.0232643102258	0.0340741901359	-0.0513840037631	-0.0795828112237	0.0585771369569	-0.0523046597394	-0.00582099652851	0.0101606788889	-0.0126572178227	-0.0512136581009	-0.0246812239906	0.00294076459825	0.0140854216383
k__Bacteria;p__Firmicutes;c__Clostridia;o__Clostridiales;f__Lachnospiraceae;g__Roseburia;s__Roseburia_intestinalis	-0.023018827991	-0.0120296759748	-0.0672573945543	0.0221014884494	-0.0180475082582	-0.00866214069653	0.0537240178758	-0.00335369001536	-0.0796178692174	0.00187263871991	0.0329030477842	-0.0480132048922	0.000826584811197	-0.0475769085142	-0.0339025771505	-0.0750152957722	-0.0281113707469	-0.0162465363926	0.00114483195228	-0.0190553868448	-0.0105792352215	0.0609124029527	0.00135961294191	0.00890949411578	-0.0109215189623	0.00390049630862	1.0	-0.0723613270708	-0.0957504609994	0.02769354345	0.000344094720445	-0.0159912285726	-0.0261586841873	0.0331638901889	-0.0150705036398	0.0454495021269	0.000820568417824	-0.00868912296857	-0.0374923776103	0.00473109305035	-0.00549701060978	-0.0323054511253	0.0529933695244	-0.0460331264942	-0.047410175616	-0.0226097450098	-0.0557959913569	-0.0583406409985	-0.0374237164368	-0.043094618737	0.0490481259711	0.000642529146526	0.00756380599342	0.0167132805859	0.0379346400975	-0.0298595884762	-0.0280863999906	0.0340977367875	-0.0155167187732
k__Bacteria;p__Firmicutes;c__Clostridia;o__Clostridiales;f__Lachnospiraceae;g__Roseburia;s__Roseburia_hominis	0.0436587951485	-0.0226316130375	-0.0226567247238	0.0287029801298	-0.0227059584234	-0.028850879572	-0.0558760797956	-0.0108266433408	-0.0264746450591	0.00329205911996	-0.0144092088825	-0.00182840416089	0.0299536064092	0.00505340509543	0.0889625426628	-0.0373164293165	-0.0341035113267	0.038106403169	9.67949615355e-05	0.0130125320199	-0.00496527938138	-0.00497513124255	-0.00770597472716	-0.0556294425685	0.0130933939235	0.00970621368609	-0.0723613270708	1.0	0.0704425357222	0.000136358730992	-0.028318021282	-0.065967872268	0.00123700340871	-0.0706128805847	-0.0582089360818	-0.0366634421361	-0.0181295165336	-0.0135879780525	0.0697083106032	-0.0356318634766	0.00847797075739	0.0168035130945	-0.0583006343767	0.0221692640445	-0.0212073865136	0.0324573694444	0.0408409294123	0.00768490741364	-0.0243500159137	0.0763736967277	-0.0796402258848	-0.0451811040027	-0.0505156605702	0.0155723601735	0.034274959213	-0.029493308979	0.0113905485543	-0.000382907165117	-0.0445593052446
k__Bacteria;p__Bacteroidetes;c__Bacteroidia;o__Bacteroidales;f__Porphyromonadaceae;g__Parabacteroides;s__Parabacteroides_johnsonii	0.0261347032369	-0.0240567648444	-0.0647064112891	-0.000376608546295	-0.0147933192583	-0.0484978724868	0.0233926439486	-0.0408641072186	0.0207207139917	-0.0476103885973	-0.0514192927706	0.00133533819151	-0.015681763576	0.027652075548	-0.000925711338232	-0.0124463897425	-0.000841006281342	-0.120848202862	-0.0612227967529	0.0164589810145	0.0513144771629	-0.0223273011045	0.0130615394705	-0.0113385751592	-0.0566385107473	0.0303573763784	-0.0957504609994	0.0704425357222	1.0	0.050447477153	-0.0111611281634	0.0201246390113	0.0269742383897	0.0238834432221	0.0195118609633	0.0121739002467	-0.0651287351446	-0.0449211533477	0.0119870891799	0.0307920728694	-0.0320117904332	0.0386416419646	0.0248647920967	-0.0181613946036	-0.00490643779046	-0.00407122320737	-0.0561670765812	0.0060896340275	-0.00429393620752	-0.00544321964695	-0.0567431410151	0.016911195792	-0.0522798847945	-0.0698251689221	0.0250364197221	0.0538502117086	-0.020805283193	-0.0310965569952	0.0441522822119
k__Bacteria;p__Actinobacteria;c__Actinobacteria;o__Bifidobacteriales;f__Bifidobacteriaceae;g__Bifidobacterium;s__Bifidobacterium_longum	0.00326271769482	0.0303695563276	0.00795848029477	0.00934661410134	-0.00783681286575	-0.0380132695789	-0.0558494228163	0.0182855462278	-0.0635037833214	-0.0534780354133	-0.00327086398601	0.0236152306593	-0.0547552198118	-0.013087912311	-0.0301765009855	-0.0797751653158	0.0331674323785	-0.0434127440088	-0.0405196896144	-0.00579451662317	0.0170023759095	0.0228678329844	-0.0351486447664	-0.0369992489472	-0.0378869521727	0.0412792446395	0.02769354345	0.000136358730992	0.050447477153	1.0	0.0249789903782	-0.0649662075215	0.00541357438783	0.0115068994173	-0.0307170097201	-0.0575239997125	0.0523455042403	0.0397811283561	-0.0434131436737	0.0268443906903	0.00911287894205	-0.0114992835864	0.00748174195899	0.00582891318505	0.00477579182679	0.049536719408	0.0251361165494	-0.0127055856	-0.00361706005803	-0.0505415576493	0.0248810981591	0.0729321267859	0.00147928433454	-0.00219620892149	-0.0147680537752	-0.084294641868	-0.0590227816444	-0.0132053706341	-0.0155537190102
