#taxonomy	k__Bacteria;p__Bacteroidetes;c__Bacteroidia;o__Bacteroidales;f__Bacteroidaceae;g__Bacteroides;s__Bacteroides_vulgatus	k__Bacteria;p__Bacteroidetes;c__Bacteroidia;o__Bacteroidales;f__Bacteroidaceae;g__Bacteroides;s__Bacteroides_uniformis	k__Bacteria;p__Bacteroidetes;c__Bacteroidia;o__Bacteroidales;f__Rikenellaceae;g__Alistipes;s__Alistipes_putredinis	k__Bacteria;p__Bacteroidetes;c__Bacteroidia;o__Bacteroidales;f__Prevotellaceae;g__Prevotella;s__Prevotella_copri	k__Bacteria;p__Bacteroidetes;c__Bacteroidia;o__Bacteroidales;f__Bacteroidaceae;g__Bacteroides;s__Bacteroides_stercoris	k__Bacteria;p__Bacteroidetes;c__Bacteroidia;o__Bacteroidales;f__Bacteroidaceae;g__Bacteroides;s__Bacteroides_ovatus	k__Bacteria;p__Bacteroidetes;c__Bacteroidia;o__Bacteroidales;f__Rikenellaceae;g__Alistipes;s__Alistipes_shahii	k__Bacteria;p__Firmicutes;c__Clostridia;o__Clostridiales;f__Ruminococcaceae;g__Faecalibacterium;s__Faecalibacterium_prausnitzii	k__Bacteria;p__Bacteroidetes;c__Bacteroidia;o__Bacteroidales;f__Rikenellaceae;g__Alistipes;s__Alistipes_finegoldii	k__Bacteria;p__Bacteroidetes;c__Bacteroidia;o__Bacteroidales;f__Porphyromonadaceae;g__Parabacteroides;s__Parabacteroides_distasonis	k__Bacteria;p__Bacteroidetes;c__Bacteroidia;o__Bacteroidales;f__Bacteroidaceae;g__Bacteroides;s__Bacteroides_thetaiotaomicron	k__Bacteria;p__Bacteroidetes;c__Bacteroidia;o__Bacteroidales;f__Bacteroidaceae;g__Bacteroides;s__Bacteroides_coprocola	k__Bacteria;p__Bacteroidetes;c__Bacteroidia;o__Bacteroidales;f__Bacteroidaceae;g__Bacteroides;s__Bacteroides_cellulosilyticus	k__Bacteria;p__Bacteroidetes;c__Bacteroidia;o__Bacteroidales;f__Rikenellaceae;g__Alistipes;s__Alistipes_obesi	k__Bacteria;p__Firmicutes;c__Clostridia;o__Clostridiales;f__Lachnospiraceae;g__;s__[Eubacterium]_rectale	k__Bacteria;p__Bacteroidetes;c__Bacteroidia;o__Bacteroidales;f__Bacteroidaceae;g__Bacteroides;s__Bacteroides_plebeius	k__Bacteria;p__Bacteroidetes;c__Bacteroidia;o__Bacteroidales;f__Bacteroidaceae;g__Bacteroides;s__Bacteroides_fragilis	k__Bacteria;p__Proteobacteria;c__Betaproteobacteria;o__Burkholderiales;f__Sutterellaceae;g__Sutterella;s__Sutterella_wadsworthensis	k__Bacteria;p__Bacteroidetes;c__Bacteroidia;o__Bacteroidales;f__Porphyromonadaceae;g__Barnesiella;s__Barnesiella_intestinihominis	k__Bacteria;p__Bacteroidetes;c__Bacteroidia;o__Bacteroidales;f__Odoribacteraceae;g__Odoribacter;s__Odoribacter_splanchnicus	k__Bacteria;p__Bacteroidetes;c__Bacteroidia;o__Bacteroidales;f__Bacteroidaceae;g__Bacteroides;s__Bacteroides_salyersiae	k__Bacteria;p__Firmicutes;c__Clostridia;o__Clostridiales;f__Ruminococcaceae;g__Ruminiclostridium;s__[Eubacterium]_siraeum	k__Bacteria;p__Proteobacteria;c__Betaproteobacteria;o__Burkholderiales;f__Sutterellaceae;g__Parasutterella;s__Parasutterella_excrementihominis	k__Bacteria;p__Actinobacteria;c__Actinobacteria;o__Bifidobacteriales;f__Bifidobacteriaceae;g__Bifidobacterium;s__Bifidobacterium_adolescentis	k__Bacteria;p__Firmicutes;c__Clostridia;o__Clostridiales;f__Oscillospiraceae;g__Oscillibacter;s__Oscillibacter_sp._KLE_1745	k__Bacteria;p__Bacteroidetes;c__Bacteroidia;o__Bacteroidales;f__Bacteroidaceae;g__Bacteroides;s__Bacteroides_coprophilus	k__Bacteria;p__Firmicutes;c__Clostridia;o__Clostridiales;f__Lachnospiraceae;g__Roseburia;s__Roseburia_intestinalis	k__Bacteria;p__Firmicutes;c__Clostridia;o__Clostridiales;f__Lachnospiraceae;g__Roseburia;s__Roseburia_hominis	k__Bacteria;p__Bacteroidetes;c__Bacteroidia;o__Bacteroidales;f__Porphyromonadaceae;g__Parabacteroides;s__Parabacteroides_johnsonii	k__Bacteria;p__Actinobacteria;c__Actinobacteria;o__Bifidobacteriales;f__Bifidobacteriaceae;g__Bifidobacterium;s__Bifidobacterium_longum	k__Bacteria;p__Firmicutes;c__Clostridia;o__Clostridiales;f__;g__Flavonifractor;s__Flavonifractor_plautii	k__Bacteria;p__Firmicutes;c__Clostridia;o__Clostridiales;f__Clostridiaceae;g__Clostridium;s__Clostridium_phoceensis	k__Bacteria;p__Verrucomicrobia;c__Verrucomicrobiae;o__Verrucomicrobiales;f__Akkermansiaceae;g__Akkermansia;s__Akkermansia_muciniphila	k__Bacteria;p__Bacteroidetes;c__Bacteroidia;o__Bacteroidales;f__Prevotellaceae;g__Paraprevotella;s__Paraprevotella_xylaniphila	k__Bacteria;p__Firmicutes;c__Clostridia;o__Clostridiales;f__Ruminococcaceae;g__Ruminococcus;s__Ruminococcus_callidus	k__Bacteria;p__Bacteroidetes;c__Bacteroidia;o__Bacteroidales;f__Rikenellaceae;g__Alistipes;s__Alistipes_senegalensis	k__Bacteria;p__Firmicutes;c__Clostridia;o__Clostridiales;f__Lachnospiraceae;g__Blautia;s__Blautia_sp._KLE_1732	k__Bacteria;p__Bacteroidetes;c__Bacteroidia;o__Bacteroidales;f__Bacteroidaceae;g__Bacteroides;s__Bacteroides_oleiciplenus	k__Bacteria;p__Firmicutes;c__Clostridia;o__Clostridiales;f__Ruminococcaceae;g__Ruminococcus;s__Ruminococcus_bicirculans	k__Bacteria;p__Bacteroidetes;c__Bacteroidia;o__Bacteroidales;f__Bacteroidaceae;g__Bacteroides;s__Bacteroides_fluxus	k__Bacteria;p__Bacteroidetes;c__Bacteroidia;o__Bacteroidales;f__Prevotellaceae;g__Prevotella;s__Prevotella_stercorea	k__Bacteria;p__Firmicutes;c__Clostridia;o__Clostridiales;f__Lachnospiraceae;g__Dorea;s__Dorea_longicatena	k__Bacteria;p__Firmicutes;c__Clostridia;o__Clostridiales;f__Eubacteriaceae;g__Eubacterium;s__[Eubacterium]_eligens	k__Bacteria;p__Firmicutes;c__Clostridia;o__Clostridiales;f__Ruminococcaceae;g__;s__Ruminococcaceae_bacterium_D16	k__Bacteria;p__Firmicutes;c__Clostridia;o__Clostridiales;f__Lachnospiraceae;g__Coprococcus;s__Coprococcus_comes	k__Bacteria;p__Proteobacteria;c__Gammaproteobacteria;o__Enterobacterales;f__Enterobacteriaceae;g__Escherichia;s__Escherichia_coli	k__Bacteria;p__Firmicutes;c__Clostridia;o__Clostridiales;f__Ruminococcaceae;g__Anaerotruncus;s__Anaerotruncus_colihominis	k__Bacteria;p__Firmicutes;c__Clostridia;o__Clostridiales;f__Lachnospiraceae;g__Blautia;s__Blautia_obeum	k__Bacteria;p__Bacteroidetes;c__Bacteroidia;o__Bacteroidales;f__Odoribacteraceae;g__Odoribacter;s__Odoribacter_laneus	k__Bacteria;p__Firmicutes;c__Clostridia;o__Clostridiales;f__Ruminococcaceae;g__Ruminiclostridium;s__[Clostridium]_leptum	k__Bacteria;p__Bacteroidetes;c__Bacteroidia;o__Bacteroidales;f__Porphyromonadaceae;g__Parabacteroides;s__Parabacteroides_goldsteinii	k__Bacteria;p__Firmicutes;c__Clostridia;o__Clostridiales;f__Lachnospiraceae;g__Anaerostipes;s__Anaerostipes_hadrus	k__Bacteria;p__Firmicutes;c__Clostridia;o__Clostridiales;f__Ruminococcaceae;g__Ruminococcus;s__Ruminococcus_lactaris	k__Bacteria;p__Firmicutes;c__Clostridia;o__Clostridiales;f__Clostridiaceae;g__Clostridium;s__Clostridium_sp._L2-50	k__Bacteria;p__Firmicutes;c__Clostridia;o__Clostridiales;f__Clostridiaceae;g__Clostridium;s__Clostridium_sp._M62/1	k__Bacteria;p__Firmicutes;c__Clostridia;o__Clostridiales;f__;g__Intestinimonas;s__Intestinimonas_butyriciproducens	k__Bacteria;p__Actinobacteria;c__Actinobacteria;o__Bifidobacteriales;f__Bifidobacteriaceae;g__Bifidobacterium;s__Bifidobacterium_bifidum	k__Bacteria;p__Firmicutes;c__Negativicutes;o__Veillonellales;f__Veillonellaceae;g__Dialister;s__Dialister_invisus	k__Bacteria;p__Bacteroidetes;c__Bacteroidia;o__Bacteroidales;f__Bacteroidaceae;g__Bacteroides;s__Bacteroides_salanitronis
k__Bacteria;p__Bacteroidetes;c__Bacteroidia;o__Bacteroidales;f__Bacteroidaceae;g__Bacteroides;s__Bacteroides_vulgatus	1.0	0.050403523658	0.0745487105926	0.0167514779934	-0.0157899038804	-0.027307133284	0.0551030683741	0.038232886219	-0.059147260499	0.00821912862737	0.0493717041124	-0.0606010124905	-0.0287430125965	0.028023506087	-0.0550264175442	-0.0122341181879	0.0208591120537	-0.0467264191565	-0.0292483100225	-0.0527166530023	-0.0862534905303	-0.0641647557386	-0.0155504713763	-0.00518089145872	-0.0439608886148	0.0622236510265	-0.0232155830451	0.0527634819076	0.0234841755373	-0.0175898315764	0.00847387567368	0.00852944684827	-0.0371589085388	-0.0202495743263	0.0241429463931	-0.0462752663697	-0.0267553593489	0.0197905488768	-0.0530923162702	-0.0187551068199	-0.0337989140471	-0.0929848327951	-0.0317030048688	-0.00488621180438	-0.0216100610604	0.0384901246812	-0.0233783868138	-0.0303159508819	-0.00459026744343	-0.0419338323563	-0.0195310959529	-0.00588218443367	-0.0043039703538	0.035530124603	-0.0116773757727	-0.0136212610981	-0.0292154637163	-0.0616076635472	0.012836452629
k__Bacteria;p__Bacteroidetes;c__Bacteroidia;o__Bacteroidales;f__Bacteroidaceae;g__Bacteroides;s__Bacteroides_uniformis	0.050403523658	1.0	-0.0231081640451	-0.105867067195	-0.0353191471335	-0.0256495133142	-0.00557961253196	0.0319340255721	0.0265386244708	-0.0263881954019	0.00505963568819	0.0436501312357	-0.0179418813108	-0.0682056107536	0.00847979095013	0.0158098169044	0.0099578691122	-0.00565726806295	0.0198956483092	-0.0790707693549	-0.0062558643124	0.0139979412322	-0.033104900847	0.0451568595922	-0.0215637881854	-0.0083029855488	0.0323657040489	-0.0672932425198	-0.0168241162164	-0.0605377852949	0.0184802368886	0.0416514973843	-0.0167979308741	0.0342659527032	0.0187270882907	-0.0272370239691	-0.0956821391382	-0.0364408211296	-0.007910948672	0.0327433206226	-0.062627381339	0.0872368780721	-0.0149226884836	0.0199683078678	-0.0387911691913	-0.00639795203699	0.0163981347401	-0.0402888230816	-0.0480288655349	0.0119659851837	-0.00900248144541	0.0531373012303	-0.0365704679298	-0.00465118500287	-0.0248859343839	-0.0505707854401	-0.0805530050698	0.0426990371605	-0.0151730824904
k__Bacteria;p__Bacteroidetes;c__Bacteroidia;o__Bacteroidales;f__Rikenellaceae;g__Alistipes;s__Alistipes_putredinis	0.0745487105926	-0.0231081640451	1.0	-0.0338367144791	0.00616732989278	0.00821751236802	0.0735197204684	0.0276860064173	0.0101463440652	-0.0208360450186	-0.0312186859197	-0.0268549123822	0.0693269770673	-0.087182999309	-0.0205483357046	0.0583802369408	-0.0788890817265	0.0156433669285	-0.0272235477664	-0.0526122243619	-0.070111922235	-0.00532776749417	-0.0227371166367	-0.0232400747997	-0.00176053195154	0.000184216869636	-0.0329352694408	-0.0818421571741	-0.0130930133043	-0.00520053280978	-0.0019701533287	-0.0472489662185	0.0511510462278	0.0170936594396	-0.0516471061551	-0.0197920201312	-0.0189006499615	-0.104672713332	0.0275129512132	0.0384017869257	0.0581986375391	-0.0551083484339	0.0485672123525	-0.0168936496023	0.00697910518196	-0.048517024343	-0.00756016917337	-0.0283319480949	-0.0663825852054	-0.0550496334885	0.0264472745474	-0.0639450614434	0.0357668735524	-0.0306404761791	-0.0437663179775	-0.0302759584041	0.0315463357839	-0.134094335208	-0.0644588786695
k__Bacteria;p__Bacteroidetes;c__Bacteroidia;o__Bacteroidales;f__Prevotellaceae;g__Prevotella;s__Prevotella_copri	0.0167514779934	-0.105867067195	-0.0338367144791	1.0	-0.0218649679112	0.000983043929444	-0.0550163276899	-0.0583263807055	0.0343013320787	-0.0135783446318	0.0292949233839	-0.0131794585732	0.00951468595902	0.0158744397795	-0.0188872664301	-0.0259485230646	-0.0446030233107	0.111171339725	-0.0126896340121	-0.0480128056878	0.0040141937959	0.00187119493004	0.0238980695803	0.00804884733114	-0.0211467687301	-0.0761554212783	-0.0358533720051	0.0208829506378	-0.0492980119345	0.0176675805925	-0.0195363356996	-0.0287558024308	-0.0178530837673	0.0257970288796	0.0534802536971	-0.000873470647312	-0.0303678675566	-0.100870700503	-0.0827311952993	0.0378560262243	-0.0149608353343	-0.0260909784341	0.0124598848938	-0.0598510922489	0.00722802400346	-0.0585261678528	-0.0265736067876	-0.0589976718768	-0.0175988800005	0.0568925211188	0.0642777177055	-0.0232520314229	0.0669875614925	-0.100987791289	0.0156483664956	-0.0819825011179	-0.0275942785938	-0.064284651179	-0.00138904321676
k__Bacteria;p__Bacteroidetes;c__Bacteroidia;o__Bacteroidales;f__Bacteroidaceae;g__Bacteroides;s__Bacteroides_stercoris	-0.0157899038804	-0.0353191471335	0.00616732989278	-0.0218649679112	1.0	-0.0464400579201	0.00784460794702	-0.0306837207087	0.0106398268715	-0.00992083829455	0.00426877234878	0.0254138179647	-0.0420954799165	0.0207732156646	-0.0383942666867	-0.0304770685077	-0.0421677250723	-0.019005571939	0.00926819638888	-0.0288348773338	0.0499084223755	-0.0252017121142	-0.0403056190917	-0.013173691643	0.0472628259851	0.0699587463817	-0.0226183009294	-0.0415150126499	-0.0515786314543	-0.00155612896778	-0.0426128189601	-0.0412628434609	0.0148781272232	0.0334147473904	-0.0158278626482	0.0162174680125	-0.0034208006258	0.0151600029956	-0.0208833741402	-0.00917060852101	-0.0419362421121	0.0114607810896	-0.00816628583179	0.0197145154057	0.00439170324977	-0.00267314027564	-0.0586944963917	-0.0217124778448	0.0407537485419	-0.0150873011198	-0.0202476000332	-0.0264748413579	-0.0101326516111	0.0175776208256	-0.0236561975406	-0.0183117305949	-0.0504168530164	-0.0677967914011	-0.0323953318031
k__Bacteria;p__Bacteroidetes;c__Bacteroidia;o__Bacteroidales;f__Bacteroidaceae;g__Bacteroides;s__Bacteroides_ovatus	-0.027307133284	-0.0256495133142	0.00821751236802	0.000983043929444	-0.0464400579201	1.0	-0.0554632347934	-0.0308254569436	-0.0554709818543	-0.0205113466292	-0.0677497983668	-0.0854274891168	-0.0150881717526	0.0636194785878	0.0333033185314	-0.0140919540243	0.00663795535411	0.0164403542866	-0.0412244804355	-0.0485213446603	-0.0382637760024	-0.00384669448337	-0.0430148837975	0.0213114869964	-0.0280015598988	0.00708851297536	0.0174609084905	0.0327832811299	0.0350137311654	-0.0484955874137	-0.0175012873948	-0.0532710421256	-0.0389404186812	0.0505879409752	0.0228583706407	-0.0439039360632	0.0475518730346	-0.0348564091136	-0.0205745791999	-0.0395140466279	-0.0214282249929	0.0702391891554	0.00641878190996	-7.53032430394e-05	0.00577140786533	0.0111633936404	-0.0323184011521	0.0747963039488	0.0636108763513	0.0462399632033	-0.0295983154696	0.0251017213249	0.0084273839489	-0.0328586374158	-0.0172819570553	0.0041527886974	-0.0168009992533	0.0408907163167	0.0120388342966
k__Bacteria;p__Bacteroidetes;c__Bacteroidia;o__Bacteroidales;f__Rikenellaceae;g__Alistipes;s__Alistipes_shahii	0.0551030683741	-0.00557961253196	0.0735197204684	-0.0550163276899	0.00784460794702	-0.0554632347934	1.0	-0.0798210606737	0.0486879369786	0.0268410847097	-0.0197850848652	-0.00587715501403	0.0618687916501	-0.0327599820491	-0.033574380633	0.0115314743063	0.0593381286402	-0.025952638187	0.00628276267124	-0.0477265312226	-0.00832326417078	0.0360024202799	0.0523770971944	0.027473408886	-0.00390904092858	-0.0324914787037	0.0282245489739	-0.0430711231235	0.00609095482675	0.0253194839697	-0.0255061409177	-0.113193917163	0.072564334259	0.02543453576	0.0292152074257	0.0170491012402	-0.000901756961576	0.0577540611498	-0.0453260273113	-0.0458534505878	-0.0195832123999	-0.0246971990854	0.0211595354472	-0.0396844125001	0.0113909347712	0.0258299981144	0.00266265417859	-0.0468269349902	0.0336854162893	0.00788245996175	-0.0205668527009	-0.0151078748336	-0.027628390412	0.0299849282413	0.0510244006321	-0.0920210709491	-0.061396908778	0.0346522038614	-0.0848931811271
k__Bacteria;p__Firmicutes;c__Clostridia;o__Clostridiales;f__Ruminococcaceae;g__Faecalibacterium;s__Faecalibacterium_prausnitzii	0.038232886219	0.0319340255721	0.0276860064173	-0.0583263807055	-0.0306837207087	-0.0308254569436	-0.0798210606737	1.0	0.0620893533245	-0.0410032941821	0.0609820373234	-0.0402059064206	0.0183534789445	0.00874825430313	0.0312101097966	-0.0105383598446	0.0187030850502	-0.0502224765966	-0.044257344602	-0.00711311886724	-0.0299868983416	-0.0169759209509	-0.0262172483996	-0.0111341039305	-0.0391761618547	-0.0319482923372	-0.041770936247	0.0430454347356	0.0520077884188	0.0355413766408	-0.0308981637722	0.072920430868	0.0136195064994	0.00508522222149	-0.0443312037982	-0.0412722390167	0.0502346790223	0.000707522444114	0.0211474142418	0.0379834204188	0.119306082183	-0.0915561507369	-0.00467767141218	-0.0350401267677	-0.0981468629519	-0.0875887849703	-0.0291682903891	-0.0380433987617	0.0311583083337	-0.0107418500203	0.0456014382512	-0.0228207467919	-0.00281091698433	0.0491261977829	-0.0274399808461	-0.00165160305019	0.0222299464395	-0.0263724592808	0.0309158173749
k__Bacteria;p__Bacteroidetes;c__Bacteroidia;o__Bacteroidales;f__Rikenellaceae;g__Alistipes;s__Alistipes_finegoldii	-0.059147260499	0.0265386244708	0.0101463440652	0.0343013320787	0.0106398268715	-0.0554709818543	0.0486879369786	0.0620893533245	1.0	-0.0307523585687	0.000325348308926	0.0196591228409	-0.073850726856	0.0605727073701	-0.0650922930011	0.0661598229198	0.0348831302561	0.0164865822989	0.0559297614254	-0.0907389079726	-0.136735971486	-0.0346073718663	0.0112081698593	0.0110401666133	-0.0437819865286	-0.0593815485613	-0.0696395800352	-0.0333343091317	0.00367341353663	-0.0910392965832	-0.0390913913746	-0.0401679142981	-0.0308996563582	0.0367366840111	0.0109975719135	0.00737488360986	0.0532381246629	-0.041544364816	-0.0359310002551	-0.0242306168893	-0.0138360667268	0.0635912735607	0.0067113603589	-0.0217505648924	0.00437368631365	0.033547977867	-0.052421720615	-0.029754950504	-0.0404393078789	-0.0241846196886	-0.0482836122739	-0.0446846170032	-0.04885887738	-0.021434405531	-0.05795508498	0.0580952738155	0.0119332120938	-0.0117169842042	-0.0372706113715
k__Bacteria;p__Bacteroidetes;c__Bacteroidia;o__Bacteroidales;f__Porphyromonadaceae;g__Parabacteroides;s__Parabacteroides_distasonis	0.00821912862737	-0.0263881954019	-0.0208360450186	-0.0135783446318	-0.00992083829455	-0.0205113466292	0.0268410847097	-0.0410032941821	-0.0307523585687	1.0	-0.0469538200467	-0.0098526848193	-0.0298362746031	0.0288460820787	-0.0258604728592	0.0696221394378	0.00572092143188	-0.0335339378038	0.0642669097944	0.0125376366699	-0.006465855544	-0.0206025164608	0.0216029206305	0.00163102348613	-0.107009659727	0.0215581633139	0.011154410457	-0.00589424973409	-0.0343667836567	0.0038567211668	-0.0536219159189	-0.0222031925894	-0.0170254334626	-0.0875577657441	-0.00518644497628	0.0098699352561	0.0366362485056	-0.0352958535129	-0.0132549958232	0.0331206233435	0.0766095941381	-0.00537991667113	-0.00325162654543	-0.0395706744499	-0.0229291228516	-0.00201951106165	0.00920926637182	-0.00136827231751	-0.064848565977	-0.0608434472732	-0.01408700328	0.0393167014704	-0.0235692552672	0.0677823062334	0.0316193107352	-0.0593098495995	0.0404747090728	0.0397469412259	0.048638379759
k__Bacteria;p__Bacteroidetes;c__Bacteroidia;o__Bacteroidales;f__Bacteroidaceae;g__Bacteroides;s__Bacteroides_thetaiotaomicron	0.0493717041124	0.00505963568819	-0.0312186859197	0.0292949233839	0.00426877234878	-0.0677497983668	-0.0197850848652	0.0609820373234	0.000325348308926	-0.0469538200467	1.0	0.0361729186152	-0.00061620964801	-0.0764291783458	0.015622866409	-0.0125024780168	0.0593278997248	0.0337261566528	-0.0198852922519	0.0565941239712	0.0228619218992	-0.00409476415978	-0.00500687687692	-0.00386710804174	-0.0120474778823	0.0200043950279	-0.0340296674435	-0.00208650619347	0.0639437116061	-0.0590027084763	0.038540260147	0.0376850880394	-0.000157294687867	0.0360184739565	0.0048138910225	0.0123844285001	-0.0567920065194	0.0733015346923	-0.0178121503737	0.022474296424	0.0604224498198	0.0218651126895	-0.0298990002181	0.0124628575673	-0.00653285511168	-0.0351798404936	-0.0384076077062	0.012276712574	0.0455050536802	0.0206355746355	-0.0423388222892	-0.0490901458425	0.0775396101093	-0.0535388900166	0.0108117524409	0.00138122841649	0.0160945310242	-0.0408456159981	-0.0228011139875
k__Bacteria;p__Bacteroidetes;c__Bacteroidia;o__Bacteroidales;f__Bacteroidaceae;g__Bacteroides;s__Bacteroides_coprocola	-0.0606010124905	0.0436501312357	-0.0268549123822	-0.0131794585732	0.0254138179647	-0.0854274891168	-0.00587715501403	-0.0402059064206	0.0196591228409	-0.0098526848193	0.0361729186152	1.0	-0.000371357656908	0.0179333494077	-0.0181313123115	0.0438265879249	-0.00825512949889	0.031734981885	-0.0301165546751	-0.0215827716372	0.02319551178	-0.0600327832281	-0.0376761550849	0.0492539262922	-0.0215959558772	0.0286055010268	-0.0317960533329	-0.0942379637119	0.0255998375011	-0.0218056762697	0.0134229162763	0.0495101127761	-0.0681322869751	0.00236464942688	-0.0258719735925	-0.0573241903517	-0.0187030938712	0.0338696967578	-0.066301621554	0.0493648257562	-0.0454504256809	0.0524364980577	-0.0228154945527	-0.068384874379	-0.0637052165223	-0.0269542487881	-0.0245085541536	0.0282352095917	-0.0265444919278	0.0439609108785	0.0219305939465	0.0267341304606	-0.0117163370331	-0.043521804201	0.0155266364169	0.0865512763734	-0.0240138687068	-0.0277988092883	-0.0319899706822
k__Bacteria;p__Bacteroidetes;c__Bacteroidia;o__Bacteroidales;f__Bacteroidaceae;g__Bacteroides;s__Bacteroides_cellulosilyticus	-0.0287430125965	-0.0179418813108	0.0693269770673	0.00951468595902	-0.0420954799165	-0.0150881717526	0.0618687916501	0.0183534789445	-0.073850726856	-0.0298362746031	-0.00061620964801	-0.000371357656908	1.0	-0.0641552353253	-0.0204160705481	0.0612798585111	0.0122056072077	0.0488307619122	-0.0455888350263	0.0760653236307	-0.0174620811009	-0.0116063168069	-0.0173739670065	-0.0275760748801	-0.08430951691	0.00287670003325	0.0242998412532	-0.0450269389685	-0.00227978980092	0.0473766386972	-0.00904899194111	-0.00814588597113	-0.018847701065	-0.0478621294784	-0.0173810432181	0.0279415130639	-0.0133641108099	-0.0044920633913	-0.0349474800643	-0.0274299277287	-0.0130325843166	0.0489991241689	-0.0657982826218	0.0090412134707	0.0621494225791	0.0846663353039	0.016930652052	-0.0828847870227	-0.0170893560562	-0.0318039288475	-0.0403277055024	-0.0217282700598	-0.00455925033151	-0.00485045911186	0.0240906837032	-0.00594634049965	-0.027041442945	0.0233659988649	0.00483927589053
k__Bacteria;p__Bacteroidetes;c__Bacteroidia;o__Bacteroidales;f__Rikenellaceae;g__Alistipes;s__Alistipes_obesi	0.028023506087	-0.0682056107536	-0.087182999309	0.0158744397795	0.0207732156646	0.0636194785878	-0.0327599820491	0.00874825430313	0.0605727073701	0.0288460820787	-0.0764291783458	0.0179333494077	-0.0641552353253	1.0	-0.0510159602625	-0.00897239569153	0.00222060378879	0.0412882218675	-0.013830821197	0.0287326250043	-0.0263973594071	-0.0106400476213	0.0335360486316	0.0396350578299	-0.0110348315983	-0.0453355061868	-0.0561712329872	0.0158144582356	-0.0792463315376	-0.0164108678791	0.00301047685684	-0.00551366791464	-0.0697188247015	-0.0294402520827	0.00378263963842	-0.0295896735196	-0.00904770404337	0.00934119709631	0.0259627097243	-0.0241108614364	0.0359591799528	-0.0466080195677	-0.00130710317324	-0.0258981071996	-0.0154428893868	0.00155925397781	-0.00954829078925	-0.00876181710326	-0.0497562151678	-0.0319629134216	0.0025626536222	0.0481645535155	0.0228942128656	-0.12414048791	0.0321682572603	0.0162044818003	0.00129942980314	0.00757254062678	0.0262346349279
k__Bacteria;p__Firmicutes;c__Clostridia;o__Clostridiales;f__Lachnospiraceae;g__;s__[Eubacterium]_rectale	-0.0550264175442	0.00847979095013	-0.0205483357046	-0.0188872664301	-0.0383942666867	0.0333033185314	-0.033574380633	0.0312101097966	-0.0650922930011	-0.0258604728592	0.015622866409	-0.0181313123115	-0.0204160705481	-0.0510159602625	1.0	-0.0485978886536	0.0457270366922	-0.0239583278885	0.0373722306509	0.0156955285596	-0.0109364471542	-0.0041616820676	0.0353654620252	0.0283714747233	0.0128173794248	-0.0140043660778	-0.0143513766531	0.0736800294708	-0.0373306482179	-0.0202025264819	0.0205710928446	0.0412399094133	0.00827963874294	0.0204885986689	-0.0149638353633	0.0383788149498	0.0259642964675	-0.00713792143477	-0.00400580661953	-0.00361597334219	0.0358969247196	0.00437516236133	-0.0620699964587	0.052614875438	-0.0015140776526	-0.0107890998891	0.0270560975986	0.0037967956958	-0.0612382048585	-0.00313014847787	0.011625608887	-0.0546067986808	-0.0150715912614	-0.0794536602045	0.0139097329472	-0.0360208593786	-0.101902325403	-0.0307817320583	-0.0103034939924
k__Bacteria;p__Bacteroidetes;c__Bacteroidia;o__Bacteroidales;f__Bacteroidaceae;g__Bacteroides;s__Bacteroides_plebeius	-0.0122341181879	0.0158098169044	0.0583802369408	-0.0259485230646	-0.0304770685077	-0.0140919540243	0.0115314743063	-0.0105383598446	0.0661598229198	0.0696221394378	-0.0125024780168	0.0438265879249	0.0612798585111	-0.00897239569153	-0.0485978886536	1.0	-0.0212457392681	-0.00750196124122	0.0263812883068	-0.0266143407293	-0.0511308752314	-0.0342513899204	-0.00761662817662	0.00361099547714	0.0491227559142	-0.0158200066978	-0.0036244638127	-0.0368361752122	0.0313427120605	0.0331054977957	0.021807325377	-0.0655053272306	0.0389681675446	-0.0358986358472	-0.0374261548999	-0.056429957794	0.00716887925949	-0.0627789653212	0.0117909396523	-0.0152830290108	0.0549439146908	-0.00337142733608	-0.0472066939091	0.00570988214058	0.0467838849426	0.0285372734681	-0.0099482692995	-0.0146331933595	-0.0229870481666	-0.118226441306	-0.0498239742152	0.0397579782757	0.017595881967	-0.0441930601738	0.0133219542136	-0.0331991308286	0.0848320648331	-0.026074993978	0.0533189538203
k__Bacteria;p__Bacteroidetes;c__Bacteroidia;o__Bacteroidales;f__Bacteroidaceae;g__Bacteroides;s__Bacteroides_fragilis	0.0208591120537	0.0099578691122	-0.0788890817265	-0.0446030233107	-0.0421677250723	0.00663795535411	0.0593381286402	0.0187030850502	0.0348831302561	0.00572092143188	0.0593278997248	-0.00825512949889	0.0122056072077	0.00222060378879	0.0457270366922	-0.0212457392681	1.0	0.0318941505768	0.0778607881801	-0.0241039224507	0.00337122979301	0.0740281557931	0.00609535017616	-0.0628423339592	-0.0145737591992	0.00906616343694	-0.0251984148006	-0.0201885441159	-0.00766887021225	-0.00398532575672	-0.024466198967	0.013423779991	0.0061903071178	0.0701286119911	-0.0596115344112	-0.0473403733609	-0.0292876106476	-0.0637929413849	-0.0265364360655	0.0183123668117	-0.0021518055771	0.0257247786446	-0.0339852268672	-0.0285595824906	0.00437420040162	0.0598544383141	0.0485280602458	-0.0412024865603	-0.0500472573141	0.00334854620546	-0.0793716113995	-0.0280401019784	-0.0906203688331	-0.00319147904985	-0.0353128597412	-0.0229526375091	-0.0559817680633	-0.00946446996829	-0.0449569757808
k__Bacteria;p__Proteobacteria;c__Betaproteobacteria;o__Burkholderiales;f__Sutterellaceae;g__Sutterella;s__Sutterella_wadsworthensis	-0.0467264191565	-0.00565726806295	0.0156433669285	0.111171339725	-0.019005571939	0.0164403542866	-0.025952638187	-0.0502224765966	0.0164865822989	-0.0335339378038	0.0337261566528	0.031734981885	0.0488307619122	0.0412882218675	-0.0239583278885	-0.00750196124122	0.0318941505768	1.0	-0.0561457076563	0.0420593479455	0.0464359272821	-0.040241349015	0.0308297889749	-0.0799520812911	-0.0576014704248	-0.0410828721566	0.0158030714989	-0.0267815865446	-0.0174569598385	0.00327877687814	-0.0156331002804	-0.00687049412689	-0.0333111109373	-0.0131430219395	0.0205933244907	-0.0103965800741	0.0149609859962	-0.0562407063921	0.00889556118471	0.0275024494311	0.0296795539214	0.0293340382368	0.0261715925254	-0.0402888487671	0.0628159368663	0.0473963052273	0.00385576483158	-0.0206513659254	0.00809484442271	0.0171872178466	-0.014987516547	-0.0265379400586	-0.0391503897039	-0.062743384399	-0.0453368580369	-0.0436225307491	0.00917029409062	0.031713266804	0.0257949277773
k__Bacteria;p__Bacteroidetes;c__Bacteroidia;o__Bacteroidales;f__Porphyromonadaceae;g__Barnesiella;s__Barnesiella_intestinihominis	-0.0292483100225	0.0198956483092	-0.0272235477664	-0.0126896340121	0.00926819638888	-0.0412244804355	0.00628276267124	-0.044257344602	0.0559297614254	0.0642669097944	-0.0198852922519	-0.0301165546751	-0.0455888350263	-0.013830821197	0.0373722306509	0.0263812883068	0.0778607881801	-0.0561457076563	1.0	-0.0473183718272	-0.0524159039497	0.0688014545879	0.106500459196	0.0213788587966	-0.0540611183832	0.0414493334869	-0.0148561989943	-0.0372425716667	-0.0169899155829	0.0365224398211	0.0168677150865	-0.024700331196	0.0475523340565	-0.0120322787663	-0.112328522131	-0.0687868930105	-0.0444181161224	0.0951994889776	-0.016228754984	-0.0612765508173	0.0285908447653	-0.0040248775667	-0.0160527520821	-0.0841626023446	-0.0229433957175	0.0328593131719	-0.0282093764227	-0.0546978053077	-0.0263673717709	-0.00926389718396	0.0299364402422	0.0127255528722	-0.0247340139443	0.0201639300888	-0.0554371656437	0.0250591027747	-0.0316586136672	0.0131358902301	0.00857165258362
k__Bacteria;p__Bacteroidetes;c__Bacteroidia;o__Bacteroidales;f__Odoribacteraceae;g__Odoribacter;s__Odoribacter_splanchnicus	-0.0527166530023	-0.0790707693549	-0.0526122243619	-0.0480128056878	-0.0288348773338	-0.0485213446603	-0.0477265312226	-0.00711311886724	-0.0907389079726	0.0125376366699	0.0565941239712	-0.0215827716372	0.0760653236307	0.0287326250043	0.0156955285596	-0.0266143407293	-0.0241039224507	0.0420593479455	-0.0473183718272	1.0	0.0427769922135	-0.0166787623792	-0.0675181563207	0.0349032162028	0.00731621256713	-0.0487190029102	-0.0162097078337	0.0212585067819	-0.0347108758867	-0.0271200325129	0.0164324679119	0.0196049303996	-0.0999260737139	0.00395903327879	-0.0208424886696	-0.0295642820624	-0.00879667478789	0.00779787451393	0.0287770348624	0.000805577854588	0.044850989193	0.0469650604027	-0.0262361198769	-0.0314141059542	0.0404275379635	-0.00500263601285	-0.00618884535064	0.0664753854339	0.0199194027566	0.0130469316764	0.092027923364	-0.0665115940754	0.0188312468336	-0.0548096059996	-0.0203174206538	0.0225660417545	-0.0262568543886	-0.0043293512435	-0.0152171382614
k__Bacteria;p__Bacteroidetes;c__Bacteroidia;o__Bacteroidales;f__Bacteroidaceae;g__Bacteroides;s__Bacteroides_salyersiae	-0.0862534905303	-0.0062558643124	-0.070111922235	0.0040141937959	0.0499084223755	-0.0382637760024	-0.00832326417078	-0.0299868983416	-0.136735971486	-0.006465855544	0.0228619218992	0.02319551178	-0.0174620811009	-0.0263973594071	-0.0109364471542	-0.0511308752314	0.00337122979301	0.0464359272821	-0.0524159039497	0.0427769922135	1.0	-0.00943200862019	0.0466341319167	0.0606901375598	0.016997006566	0.0255222999704	-0.00120345919186	-0.00612123951324	-0.028435023868	0.0515512441591	0.0184625447334	-0.00348599790261	-0.081524753773	0.00300424450902	0.0253177753717	0.0336738473257	-0.00648877174644	-0.0330935901465	0.0880351080702	0.0605206643349	-0.004503691618	0.0434735222163	0.0585657316602	-0.0488561162198	-0.0534913042373	-0.0345497116557	-0.0606809288959	-0.0102921387019	-0.0431221921252	-0.00230111075299	0.0061316366367	-0.075359190372	0.0526231947459	-0.0182544578213	0.01736367088	-0.0283602644853	9.27744339802e-05	-0.076952380345	-0.0417960122216
k__Bacteria;p__Firmicutes;c__Clostridia;o__Clostridiales;f__Ruminococcaceae;g__Ruminiclostridium;s__[Eubacterium]_siraeum	-0.0641647557386	0.0139979412322	-0.00532776749417	0.00187119493004	-0.0252017121142	-0.00384669448337	0.0360024202799	-0.0169759209509	-0.0346073718663	-0.0206025164608	-0.00409476415978	-0.0600327832281	-0.0116063168069	-0.0106400476213	-0.0041616820676	-0.0342513899204	0.0740281557931	-0.040241349015	0.0688014545879	-0.0166787623792	-0.00943200862019	1.0	0.0108384051065	0.0484477496623	-0.0644246227615	0.0105843027364	-0.101125860763	0.0286529845854	-0.0389355971793	0.0108014299789	-0.0680761548014	-0.0298402856801	-0.019195474674	0.0123507393857	0.0278034124731	-0.00718378628437	-0.00149242613456	0.0473613332526	-0.000158319325395	-0.0224149432702	-0.0568679325845	-0.0368577836404	-0.00368741485741	-0.067014047241	0.0319481256199	0.0528797344946	0.000178346600191	-0.10378952382	-0.0191907665986	-0.0183153425673	-0.0725430922237	0.114695997217	-0.0128455162242	-0.00524489769213	-0.0167130180731	-0.0229821966497	0.0607413033875	0.0127152508227	0.0127272916556
k__Bacteria;p__Proteobacteria;c__Betaproteobacteria;o__Burkholderiales;f__Sutterellaceae;g__Parasutterella;s__Parasutterella_excrementihominis	-0.0155504713763	-0.033104900847	-0.0227371166367	0.0238980695803	-0.0403056190917	-0.0430148837975	0.0523770971944	-0.0262172483996	0.0112081698593	0.0216029206305	-0.00500687687692	-0.0376761550849	-0.0173739670065	0.0335360486316	0.0353654620252	-0.00761662817662	0.00609535017616	0.0308297889749	0.106500459196	-0.0675181563207	0.0466341319167	0.0108384051065	1.0	-0.0320065059825	0.00516920528317	-0.032510596664	0.0202613145815	-0.000289826529132	-0.100679115731	-0.00984847667074	-0.0583929430435	-0.00869639990849	0.00202775632731	0.0292914513888	0.0158981187658	-0.0665700381407	-0.0441545831494	0.00130633442295	-0.0349866052445	0.00628119863746	0.0396318234675	0.0657309281856	-0.0561771668199	-0.00693756784578	-0.0537809812702	0.00575208999995	-0.0272031087978	0.049256410219	-0.0139188124981	0.00331402688128	0.00522854525643	0.0125352203536	0.0255677601393	0.0130244363917	-0.0216169093643	-0.0191279614156	-0.0160681858276	-0.0366765809678	0.055200229807
k__Bacteria;p__Actinobacteria;c__Actinobacteria;o__Bifidobacteriales;f__Bifidobacteriaceae;g__Bifidobacterium;s__Bifidobacterium_adolescentis	-0.00518089145872	0.0451568595922	-0.0232400747997	0.00804884733114	-0.013173691643	0.0213114869964	0.027473408886	-0.0111341039305	0.0110401666133	0.00163102348613	-0.00386710804174	0.0492539262922	-0.0275760748801	0.0396350578299	0.0283714747233	0.00361099547714	-0.0628423339592	-0.0799520812911	0.0213788587966	0.0349032162028	0.0606901375598	0.0484477496623	-0.0320065059825	1.0	0.0144194271596	0.0246153644346	-0.0188142273094	-0.0494877634144	0.0394183306956	0.0319531594344	-0.0165779121172	-0.0866654295433	-0.0388479124043	-0.0592087660617	-0.0240116480201	0.00202371496888	0.0175974618975	0.0876183976583	-0.00511331542824	-0.0211267690042	0.0190156915238	0.0379690502727	-0.0557418246987	0.020440796416	0.0246362072866	0.0861221191099	0.0462315143713	-0.0481819671056	0.012899990908	0.0156632818679	-0.0378855408145	-0.0218346310489	-0.0614837900959	-0.0550321963514	-0.049469472462	0.0719806376299	0.0228916061289	-0.0378463697685	-0.117464632384
k__Bacteria;p__Firmicutes;c__Clostridia;o__Clostridiales;f__Oscillospiraceae;g__Oscillibacter;s__Oscillibacter_sp._KLE_1745	-0.0439608886148	-0.0215637881854	-0.00176053195154	-0.0211467687301	0.0472628259851	-0.0280015598988	-0.00390904092858	-0.0391761618547	-0.0437819865286	-0.107009659727	-0.0120474778823	-0.0215959558772	-0.08430951691	-0.0110348315983	0.0128173794248	0.0491227559142	-0.0145737591992	-0.0576014704248	-0.0540611183832	0.00731621256713	0.016997006566	-0.0644246227615	0.00516920528317	0.0144194271596	1.0	0.0721130151391	-0.0268530269595	-0.0243976718527	-0.0594083645223	-0.0371552563317	0.0093998494082	-0.0535854160441	0.0271089654828	0.0366829777739	-0.0206830946922	0.0172427004012	-0.0313600949583	0.0180803819645	0.0937233069072	-0.032336256291	-0.0547077429806	-0.0426369443913	-0.0271923387047	0.114328452479	0.00990354869192	0.0268461953051	0.0433856216118	0.0302235487993	0.0273361703476	-0.0360961230554	-0.0229770306149	-0.0413304787146	0.0157113510425	-0.0511092961684	0.0643306868692	-0.0743257251699	0.000600154164068	-0.0682282603343	-0.0898979730162
k__Bacteria;p__Bacteroidetes;c__Bacteroidia;o__Bacteroidales;f__Bacteroidaceae;g__Bacteroides;s__Bacteroides_coprophilus	0.0622236510265	-0.0083029855488	0.000184216869636	-0.0761554212783	0.0699587463817	0.00708851297536	-0.0324914787037	-0.0319482923372	-0.0593815485613	0.0215581633139	0.0200043950279	0.0286055010268	0.00287670003325	-0.0453355061868	-0.0140043660778	-0.0158200066978	0.00906616343694	-0.0410828721566	0.0414493334869	-0.0487190029102	0.0255222999704	0.0105843027364	-0.032510596664	0.0246153644346	0.0721130151391	1.0	-0.00855430734637	0.0983598182722	0.0179665326375	-0.0167545492994	-0.0258414579028	0.0197757103278	0.0235781030553	-0.0308718010986	-0.0468700743001	-0.00274986679402	-0.0434429971041	-0.118884603374	0.0277465196946	0.0074180766585	0.0174421028539	0.0215689862273	0.0119320795209	0.0670808972955	0.0486659735374	-0.00631970397118	0.0122130077577	0.00239297164181	-0.0835400922789	0.0468373515063	-0.0284405208129	-0.0125837150559	0.0384560697441	-0.0264442182353	-0.0512104491438	-0.0147704364442	-0.0118189797064	-0.0842439534239	-0.00857222537913
k__Bacteria;p__Firmicutes;c__Clostridia;o__Clostridiales;f__Lachnospiraceae;g__Roseburia;s__Roseburia_intestinalis	-0.0232155830451	0.0323657040489	-0.0329352694408	-0.0358533720051	-0.0226183009294	0.0174609084905	0.0282245489739	-0.041770936247	-0.0696395800352	0.011154410457	-0.0340296674435	-0.0317960533329	0.0242998412532	-0.0561712329872	-0.0143513766531	-0.0036244638127	-0.0251984148006	0.0158030714989	-0.0148561989943	-0.0162097078337	-0.00120345919186	-0.101125860763	0.0202613145815	-0.0188142273094	-0.0268530269595	-0.00855430734637	1.0	0.0113708724223	0.0299401179423	-0.0427379241349	0.0132537813552	0.0483866548314	-0.0566761924874	-0.0387090602809	0.0292423303516	-0.0184772294139	-0.00436991885459	-0.00595479169742	0.021475605333	-0.0134750892473	-0.0764064707952	-0.0575052731072	0.0136489428673	0.0491782955876	0.0280666331862	-0.0439822394692	-0.0421282090565	-0.0428546583519	0.00581028557382	-0.0591932170109	-0.0309324486318	0.0994809012398	-0.00898329450095	-0.0119302834876	-0.010957201928	0.00240014040984	-0.0375675764572	0.0776081012265	0.0703356347644
k__Bacteria;p__Firmicutes;c__Clostridia;o__Clostridiales;f__Lachnospiraceae;g__Roseburia;s__Roseburia_hominis	0.0527634819076	-0.0672932425198	-0.0818421571741	0.0208829506378	-0.0415150126499	0.0327832811299	-0.0430711231235	0.0430454347356	-0.0333343091317	-0.00589424973409	-0.00208650619347	-0.0942379637119	-0.0450269389685	0.0158144582356	0.0736800294708	-0.0368361752122	-0.0201885441159	-0.0267815865446	-0.0372425716667	0.0212585067819	-0.00612123951324	0.0286529845854	-0.000289826529132	-0.0494877634144	-0.0243976718527	0.0983598182722	0.0113708724223	1.0	-0.00389308525661	-0.0101926567492	0.0030568358414	0.0269374533327	0.0265439068073	-0.0288219765863	0.0027884336682	-0.052237117653	-0.0666633176257	0.00230235462434	-0.0126889946234	-0.0169750896752	0.00199166269837	-0.0776729807336	0.0428799417966	0.0311594986183	-0.0496537097162	-0.0167190505325	0.00851521744844	-0.029330805563	0.00784836877173	-0.0359548682354	0.00800397211675	-0.0550157953085	-0.0321777177526	-0.0349961635023	-0.0192015885978	0.00385020959326	0.0362534288172	0.010250755114	-0.0260353111062
k__Bacteria;p__Bacteroidetes;c__Bacteroidia;o__Bacteroidales;f__Porphyromonadaceae;g__Parabacteroides;s__Parabacteroides_johnsonii	0.0234841755373	-0.0168241162164	-0.0130930133043	-0.0492980119345	-0.0515786314543	0.0350137311654	0.00609095482675	0.0520077884188	0.00367341353663	-0.0343667836567	0.0639437116061	0.0255998375011	-0.00227978980092	-0.0792463315376	-0.0373306482179	0.0313427120605	-0.00766887021225	-0.0174569598385	-0.0169899155829	-0.0347108758867	-0.028435023868	-0.0389355971793	-0.100679115731	0.0394183306956	-0.0594083645223	0.0179665326375	0.0299401179423	-0.00389308525661	1.0	-0.0339293592882	0.00761970257548	-0.0398859123623	-0.0115903883943	-0.0331879405549	0.0301239313008	-0.0444539951884	0.0258788734395	0.0295819896729	-0.000530750662854	-0.0069084244829	-0.00433443294895	-0.070357442742	0.02354549554	-0.00883312805869	0.0300895775473	-0.0160492445343	-0.0778817005149	-0.00235097108164	0.0154699543707	-0.00927910683013	0.00513515311172	0.00526727397751	-0.0382470441297	0.0836073710709	0.0268397146484	-0.0282392958488	-0.0793736417814	-0.0113509387472	-0.0346302690542
k__Bacteria;p__Actinobacteria;c__Actinobacteria;o__Bifidobacteriales;f__Bifidobacteriaceae;g__Bifidobacterium;s__Bifidobacterium_longum	-0.0175898315764	-0.0605377852949	-0.00520053280978	0.0176675805925	-0.00155612896778	-0.0484955874137	0.0253194839697	0.0355413766408	-0.0910392965832	0.0038567211668	-0.0590027084763	-0.0218056762697	0.0473766386972	-0.0164108678791	-0.0202025264819	0.0331054977957	-0.00398532575672	0.00327877687814	0.0365224398211	-0.0271200325129	0.0515512441591	0.0108014299789	-0.00984847667074	0.0319531594344	-0.0371552563317	-0.0167545492994	-0.0427379241349	-0.0101926567492	-0.0339293592882	1.0	-0.0703199592022	-0.0371237582356	-0.041484475021	0.012427164567	0.0326946233637	0.013609415196	-0.0366251284838	-0.021939742641	0.0194237213195	0.0171665061033	-0.0211225221637	0.00328016816626	0.0262910780441	-0.0201391789695	-0.0229990600071	0.011432517471	-0.028601628848	0.0792900490208	-0.112810225018	0.0614864782206	-0.00105591333576	-0.033491208496	-0.00507710795	0.0216760315086	-0.0257263783088	-0.0210446140928	0.0225909812627	0.0319314467016	-0.066057761932
