#taxonomy	k__Bacteria;p__Bacteroidetes;c__Bacteroidia;o__Bacteroidales;f__Bacteroidaceae;g__Bacteroides;s__Bacteroides_vulgatus	k__Bacteria;p__Bacteroidetes;c__Bacteroidia;o__Bacteroidales;f__Bacteroidaceae;g__Bacteroides;s__Bacteroides_uniformis	k__Bacteria;p__Bacteroidetes;c__Bacteroidia;o__Bacteroidales;f__Rikenellaceae;g__Alistipes;s__Alistipes_putredinis	k__Bacteria;p__Bacteroidetes;c__Bacteroidia;o__Bacteroidales;f__Prevotellaceae;g__Prevotella;s__Prevotella_copri	k__Bacteria;p__Bacteroidetes;c__Bacteroidia;o__Bacteroidales;f__Bacteroidaceae;g__Bacteroides;s__Bacteroides_stercoris	k__Bacteria;p__Bacteroidetes;c__Bacteroidia;o__Bacteroidales;f__Bacteroidaceae;g__Bacteroides;s__Bacteroides_ovatus	k__Bacteria;p__Bacteroidetes;c__Bacteroidia;o__Bacteroidales;f__Rikenellaceae;g__Alistipes;s__Alistipes_shahii	k__Bacteria;p__Firmicutes;c__Clostridia;o__Clostridiales;f__Ruminococcaceae;g__Faecalibacterium;s__Faecalibacterium_prausnitzii	k__Bacteria;p__Bacteroidetes;c__Bacteroidia;o__Bacteroidales;f__Rikenellaceae;g__Alistipes;s__Alistipes_finegoldii	k__Bacteria;p__Bacteroidetes;c__Bacteroidia;o__Bacteroidales;f__Porphyromonadaceae;g__Parabacteroides;s__Parabacteroides_distasonis	k__Bacteria;p__Bacteroidetes;c__Bacteroidia;o__Bacteroidales;f__Bacteroidaceae;g__Bacteroides;s__Bacteroides_thetaiotaomicron	k__Bacteria;p__Bacteroidetes;c__Bacteroidia;o__Bacteroidales;f__Bacteroidaceae;g__Bacteroides;s__Bacteroides_coprocola	k__Bacteria;p__Bacteroidetes;c__Bacteroidia;o__Bacteroidales;f__Bacteroidaceae;g__Bacteroides;s__Bacteroides_cellulosilyticus	k__Bacteria;p__Bacteroidetes;c__Bacteroidia;o__Bacteroidales;f__Rikenellaceae;g__Alistipes;s__Alistipes_obesi	k__Bacteria;p__Firmicutes;c__Clostridia;o__Clostridiales;f__Lachnospiraceae;g__;s__[Eubacterium]_rectale	k__Bacteria;p__Bacteroidetes;c__Bacteroidia;o__Bacteroidales;f__Bacteroidaceae;g__Bacteroides;s__Bacteroides_plebeius	k__Bacteria;p__Bacteroidetes;c__Bacteroidia;o__Bacteroidales;f__Bacteroidaceae;g__Bacteroides;s__Bacteroides_fragilis	k__Bacteria;p__Proteobacteria;c__Betaproteobacteria;o__Burkholderiales;f__Sutterellaceae;g__Sutterella;s__Sutterella_wadsworthensis	k__Bacteria;p__Bacteroidetes;c__Bacteroidia;o__Bacteroidales;f__Porphyromonadaceae;g__Barnesiella;s__Barnesiella_intestinihominis	k__Bacteria;p__Bacteroidetes;c__Bacteroidia;o__Bacteroidales;f__Odoribacteraceae;g__Odoribacter;s__Odoribacter_splanchnicus	k__Bacteria;p__Bacteroidetes;c__Bacteroidia;o__Bacteroidales;f__Bacteroidaceae;g__Bacteroides;s__Bacteroides_salyersiae	k__Bacteria;p__Firmicutes;c__Clostridia;o__Clostridiales;f__Ruminococcaceae;g__Ruminiclostridium;s__[Eubacterium]_siraeum	k__Bacteria;p__Proteobacteria;c__Betaproteobacteria;o__Burkholderiales;f__Sutterellaceae;g__Parasutterella;s__Parasutterella_excrementihominis	k__Bacteria;p__Actinobacteria;c__Actinobacteria;o__Bifidobacteriales;f__Bifidobacteriaceae;g__Bifidobacterium;s__Bifidobacterium_adolescentis	k__Bacteria;p__Firmicutes;c__Clostridia;o__Clostridiales;f__Oscillospiraceae;g__Oscillibacter;s__Oscillibacter_sp._KLE_1745	k__Bacteria;p__Bacteroidetes;c__Bacteroidia;o__Bacteroidales;f__Bacteroidaceae;g__Bacteroides;s__Bacteroides_coprophilus	k__Bacteria;p__Firmicutes;c__Clostridia;o__Clostridiales;f__Lachnospiraceae;g__Roseburia;s__Roseburia_intestinalis	k__Bacteria;p__Firmicutes;c__Clostridia;o__Clostridiales;f__Lachnospiraceae;g__Roseburia;s__Roseburia_hominis	k__Bacteria;p__Bacteroidetes;c__Bacteroidia;o__Bacteroidales;f__Porphyromonadaceae;g__Parabacteroides;s__Parabacteroides_johnsonii	k__Bacteria;p__Actinobacteria;c__Actinobacteria;o__Bifidobacteriales;f__Bifidobacteriaceae;g__Bifidobacterium;s__Bifidobacterium_longum	k__Bacteria;p__Firmicutes;c__Clostridia;o__Clostridiales;f__;g__Flavonifractor;s__Flavonifractor_plautii	k__Bacteria;p__Firmicutes;c__Clostridia;o__Clostridiales;f__Clostridiaceae;g__Clostridium;s__Clostridium_phoceensis	k__Bacteria;p__Verrucomicrobia;c__Verrucomicrobiae;o__Verrucomicrobiales;f__Akkermansiaceae;g__Akkermansia;s__Akkermansia_muciniphila	k__Bacteria;p__Bacteroidetes;c__Bacteroidia;o__Bacteroidales;f__Prevotellaceae;g__Paraprevotella;s__Paraprevotella_xylaniphila	k__Bacteria;p__Firmicutes;c__Clostridia;o__Clostridiales;f__Ruminococcaceae;g__Ruminococcus;s__Ruminococcus_callidus	k__Bacteria;p__Bacteroidetes;c__Bacteroidia;o__Bacteroidales;f__Rikenellaceae;g__Alistipes;s__Alistipes_senegalensis	k__Bacteria;p__Firmicutes;c__Clostridia;o__Clostridiales;f__Lachnospiraceae;g__Blautia;s__Blautia_sp._KLE_1732	k__Bacteria;p__Bacteroidetes;c__Bacteroidia;o__Bacteroidales;f__Bacteroidaceae;g__Bacteroides;s__Bacteroides_oleiciplenus	k__Bacteria;p__Firmicutes;c__Clostridia;o__Clostridiales;f__Ruminococcaceae;g__Ruminococcus;s__Ruminococcus_bicirculans	k__Bacteria;p__Bacteroidetes;c__Bacteroidia;o__Bacteroidales;f__Bacteroidaceae;g__Bacteroides;s__Bacteroides_fluxus	k__Bacteria;p__Bacteroidetes;c__Bacteroidia;o__Bacteroidales;f__Prevotellaceae;g__Prevotella;s__Prevotella_stercorea	k__Bacteria;p__Firmicutes;c__Clostridia;o__Clostridiales;f__Lachnospiraceae;g__Dorea;s__Dorea_longicatena	k__Bacteria;p__Firmicutes;c__Clostridia;o__Clostridiales;f__Eubacteriaceae;g__Eubacterium;s__[Eubacterium]_eligens	k__Bacteria;p__Firmicutes;c__Clostridia;o__Clostridiales;f__Ruminococcaceae;g__;s__Ruminococcaceae_bacterium_D16	k__Bacteria;p__Firmicutes;c__Clostridia;o__Clostridiales;f__Lachnospiraceae;g__Coprococcus;s__Coprococcus_comes	k__Bacteria;p__Proteobacteria;c__Gammaproteobacteria;o__Enterobacterales;f__Enterobacteriaceae;g__Escherichia;s__Escherichia_coli	k__Bacteria;p__Firmicutes;c__Clostridia;o__Clostridiales;f__Ruminococcaceae;g__Anaerotruncus;s__Anaerotruncus_colihominis	k__Bacteria;p__Firmicutes;c__Clostridia;o__Clostridiales;f__Lachnospiraceae;g__Blautia;s__Blautia_obeum	k__Bacteria;p__Bacteroidetes;c__Bacteroidia;o__Bacteroidales;f__Odoribacteraceae;g__Odoribacter;s__Odoribacter_laneus	k__Bacteria;p__Firmicutes;c__Clostridia;o__Clostridiales;f__Ruminococcaceae;g__Ruminiclostridium;s__[Clostridium]_leptum	k__Bacteria;p__Bacteroidetes;c__Bacteroidia;o__Bacteroidales;f__Porphyromonadaceae;g__Parabacteroides;s__Parabacteroides_goldsteinii	k__Bacteria;p__Firmicutes;c__Clostridia;o__Clostridiales;f__Lachnospiraceae;g__Anaerostipes;s__Anaerostipes_hadrus	k__Bacteria;p__Firmicutes;c__Clostridia;o__Clostridiales;f__Ruminococcaceae;g__Ruminococcus;s__Ruminococcus_lactaris	k__Bacteria;p__Firmicutes;c__Clostridia;o__Clostridiales;f__Clostridiaceae;g__Clostridium;s__Clostridium_sp._L2-50	k__Bacteria;p__Firmicutes;c__Clostridia;o__Clostridiales;f__Clostridiaceae;g__Clostridium;s__Clostridium_sp._M62/1	k__Bacteria;p__Firmicutes;c__Clostridia;o__Clostridiales;f__;g__Intestinimonas;s__Intestinimonas_butyriciproducens	k__Bacteria;p__Actinobacteria;c__Actinobacteria;o__Bifidobacteriales;f__Bifidobacteriaceae;g__Bifidobacterium;s__Bifidobacterium_bifidum	k__Bacteria;p__Firmicutes;c__Negativicutes;o__Veillonellales;f__Veillonellaceae;g__Dialister;s__Dialister_invisus	k__Bacteria;p__Bacteroidetes;c__Bacteroidia;o__Bacteroidales;f__Bacteroidaceae;g__Bacteroides;s__Bacteroides_salanitronis
k__Bacteria;p__Bacteroidetes;c__Bacteroidia;o__Bacteroidales;f__Bacteroidaceae;g__Bacteroides;s__Bacteroides_vulgatus	1.0	0.0280041875595	-0.025661067998	-0.0663728292926	0.0414480413427	0.0191036117081	0.0354445222442	-0.0169825150938	-0.0394784489934	-0.0327637232379	0.0680044792799	-0.0187317638239	-0.00367666274413	-0.00521831333423	-0.0202282072769	-0.00876059278448	-0.0219323466451	-0.0244742651918	-0.0306108268199	0.0374319146918	-0.063618926681	-0.0830046752818	0.0258252358054	-0.0220821089716	-0.00200742283605	0.0441692717561	-0.00205282566753	0.0428539116685	-0.0695906061597	-0.0197547695329	-0.0541309622498	-0.00937359246532	-0.0796063454082	-0.0187673258232	0.00333280979426	0.0176416681001	-0.0205781034039	-0.0513217391477	-0.00956579731542	-0.0490767019783	0.0585624581767	0.0464687959206	0.00202200968032	0.0858330545977	0.0379769580757	-0.0189495419329	0.0110234880504	0.00864367975523	0.00193872449634	0.0213135976366	0.0377224166945	-0.0241748010581	0.0258217655834	0.0171148494692	0.0256284679347	-0.0441782147931	0.00443884429889	0.0175043634352	0.073661696474
k__Bacteria;p__Bacteroidetes;c__Bacteroidia;o__Bacteroidales;f__Bacteroidaceae;g__Bacteroides;s__Bacteroides_uniformis	0.0280041875595	1.0	0.0172441892465	-0.0315481297422	0.0649998362392	-0.0222060163436	-0.00416319132496	0.0387650942389	-0.0100399802873	0.0124455987218	-0.0476622217925	0.00806357360536	-0.0778923566749	-0.00180101041425	0.0112669414566	-0.0512345757172	-0.0072672811437	-0.0366828626696	-0.0463985116565	-0.0425011162745	-0.0417446749019	0.0281833448629	-0.0638438183151	-0.0218806732627	-0.0057523546202	0.0376986193986	0.0153618990693	-0.00288395689653	-0.045321427529	0.0173141378368	-0.0496941784388	0.0203404306005	-0.0800805890387	-0.0915891440766	-0.0117512719711	-0.0176472053178	0.032644691663	0.0581130333365	0.018137187169	-0.00640299375468	-0.0204109928702	-0.0404487658596	0.0138060113171	0.0011937792667	-0.0263160639197	-0.0663605363546	0.0304616824633	0.0205573321164	-0.0186774913555	-0.0592101633302	-0.0425040055963	-0.052018991407	-0.0065412351995	0.00435153933093	-0.0275710090932	-0.0288748580843	0.0573369746813	-0.0570529814599	0.0489960836558
k__Bacteria;p__Bacteroidetes;c__Bacteroidia;o__Bacteroidales;f__Rikenellaceae;g__Alistipes;s__Alistipes_putredinis	-0.025661067998	0.0172441892465	1.0	0.0443817458342	0.0805035930365	-0.0119905834978	-0.0350854100924	-0.00338382729084	0.0520555643171	-0.0498035351849	0.0109035122895	-0.0172199500451	-0.0303514901592	0.034783116357	-0.0286891408762	-0.0253683613445	-0.00568903810337	0.0573655305584	0.0508407177744	-0.00877348309816	-0.0227074224827	-0.0389258813487	-0.0858844932709	-0.021625474341	0.0438740499574	-0.0365788687747	-0.0360507774594	-0.040394759166	-0.0517226144216	0.120447911608	-0.0159446899453	0.0254013031761	-0.0146666658241	-0.0840345354398	-0.0734462236155	0.0136356410886	0.00623694463572	-0.0137995821814	-0.00377523771244	-0.0269917285022	-0.00276800519311	0.0618438227706	0.019938782414	-0.0616634270083	-0.0443713930789	-0.0255487115415	-0.00134803770856	-0.0730696839958	-0.0222782572951	-0.037188654775	0.000469321360726	0.0640109213196	-0.033584782705	-0.0228286384397	0.00512038364416	-0.0710772972743	-0.0718747786083	0.021113513797	-0.0510520770906
k__Bacteria;p__Bacteroidetes;c__Bacteroidia;o__Bacteroidales;f__Prevotellaceae;g__Prevotella;s__Prevotella_copri	-0.0663728292926	-0.0315481297422	0.0443817458342	1.0	-0.040716473676	-0.00342665290078	0.0272610761381	0.0460300926094	-0.0323508974574	-0.04681881216	-0.0189671595824	-0.0806994534371	0.0529119269488	0.0749174269306	-0.0278423312335	-0.00964077286954	-0.0513824629312	-0.00513967489295	-0.0339844654143	-0.0283912873296	-0.0602571061082	0.00469736652619	-0.0167377042113	-0.0419160643798	0.00805140021867	0.0784724367789	-0.0404272216259	0.0416473246505	0.0683713164878	0.0167291199248	-0.007176874274	0.0213673080455	-0.0597074719539	0.0576777607039	-0.0163894256592	0.0783716472229	-0.0262381882031	-0.00273198361547	0.0748906263753	-0.0228796283083	-0.0490162362822	-0.0423462364571	-0.00761487841117	-0.101519758587	0.0501833921396	0.0273391995242	-0.00562987598059	-0.0622410820967	-0.0122674477399	-0.0447652534468	-0.0296954061192	0.0229360816609	0.017748006516	-0.0212160676321	-0.0394235999135	0.0125282380207	-0.0395622522286	-0.00751321276731	-0.0731508066946
k__Bacteria;p__Bacteroidetes;c__Bacteroidia;o__Bacteroidales;f__Bacteroidaceae;g__Bacteroides;s__Bacteroides_stercoris	0.0414480413427	0.0649998362392	0.0805035930365	-0.040716473676	1.0	-0.0208378243638	0.0161950470264	-0.0457736270913	-0.0253885195679	0.0564850120934	0.00201167667999	-0.0470422419595	-0.00401311873457	-0.0391638841299	-0.0962983256672	0.0617646678665	-0.0376933932843	0.00852277371165	0.039957157237	-0.0620861510381	-0.0219420716028	0.0174594806036	-0.0812953438801	-0.0128399719443	-0.0439676140014	-0.0416475319006	0.043484371418	-0.0518672497715	-0.0260253007758	-0.0205563454291	0.0924021744455	0.0514478187909	0.0029972434519	-0.0204767389239	-0.0553236663883	0.0293176788789	0.0109562232752	0.0272971089602	0.0277222167146	-0.00975634595382	0.0286524543131	-0.00743880514756	0.0468517043687	-0.0392632179063	-0.0699738924863	-0.031536870665	0.00255019143401	-0.0181381504161	0.0239633094068	-0.0279775954776	-0.0475367091274	0.0198826545983	-0.0348817764362	-0.0258146907827	-0.00435412966675	0.0663365451293	0.000277065310489	0.0614306929797	-0.107065891763
k__Bacteria;p__Bacteroidetes;c__Bacteroidia;o__Bacteroidales;f__Bacteroidaceae;g__Bacteroides;s__Bacteroides_ovatus	0.0191036117081	-0.0222060163436	-0.0119905834978	-0.00342665290078	-0.0208378243638	1.0	-0.0588453874924	-0.00245034919406	0.00942800750947	0.013668733191	-0.039546052911	-0.0316286721966	0.0180426940634	0.08720539775	-0.0114041288482	-0.036201874495	0.0535290693775	0.00104835064263	-0.0157712357042	0.042341565629	-0.0519661225821	0.00241140659505	-0.00673216977561	-0.0165674161484	0.00430509728652	0.00866608716188	-0.0281449649131	0.0109102257775	-0.00851137233618	0.0021373167788	-0.024490074117	-0.0193874251194	0.0422579779075	0.0190963595322	0.0108796502857	-0.0592891514596	-0.0162259857506	-0.0086495484994	0.0164977908888	0.0122781644523	0.0697636307804	-0.0523919803377	0.00249892935841	0.00504207002302	-0.0736750448195	0.0289655398268	-0.018888262384	-0.0494994283968	0.0245643006878	-0.0498327135541	0.0185856248068	-0.0215400803699	-0.00791492719477	-0.0294353758337	0.0225949709567	0.0332664097536	-0.0497722466203	-0.0558695842837	-0.0367960351938
k__Bacteria;p__Bacteroidetes;c__Bacteroidia;o__Bacteroidales;f__Rikenellaceae;g__Alistipes;s__Alistipes_shahii	0.0354445222442	-0.00416319132496	-0.0350854100924	0.0272610761381	0.0161950470264	-0.0588453874924	1.0	-0.011802015802	-0.0160704809049	-0.0247677698974	0.030341431284	-0.0295100261398	0.00785518453239	0.0115722910188	-0.0138936265509	0.00682038963212	-0.0351852503866	0.0437556866644	-0.0247486746383	0.0273430062121	-0.0258001684001	0.0274019788652	-0.0201521048795	-0.027151751489	-0.0313304314836	0.00401264174645	-0.0781362004112	-0.109232023228	0.0725501712002	-0.111243474252	-0.0390092035249	-0.0491754694999	0.0294581560924	-0.0186535614889	0.00588736950401	-0.0805914022207	0.0500805099545	0.0271750511899	-0.00706881271481	-0.0197709219362	-0.0704803684231	-0.0514470931112	0.00903602037465	-0.0045244762676	0.0288696260423	-0.0148377356199	0.0252623742479	-0.0443197284129	-0.0108816136377	-0.00338001126786	-0.0255899833865	0.036660520033	-0.0137764056746	-0.00311568602581	0.0259809714774	0.0382929622269	-0.0283759063613	-0.013029061407	-0.0835526534647
k__Bacteria;p__Firmicutes;c__Clostridia;o__Clostridiales;f__Ruminococcaceae;g__Faecalibacterium;s__Faecalibacterium_prausnitzii	-0.0169825150938	0.0387650942389	-0.00338382729084	0.0460300926094	-0.0457736270913	-0.00245034919406	-0.011802015802	1.0	-0.00910889505568	0.0461982445698	-0.0102220741318	-0.0600805639722	0.0155657276208	-0.0230852565576	0.0209627423793	0.0174871987827	-0.0914538189494	-0.00439875492405	0.0360261636459	-0.0602865890824	-0.0326291301246	-0.0505096478025	0.0467967095529	-0.0529359023351	0.0568965722172	0.0156568468232	0.00559504251061	0.0250095435036	0.0231063317967	-0.0376103702442	-0.0284569275615	0.0564410887191	-0.0386664627787	0.0087822759377	-0.018421856194	-0.0295064338984	-0.084785183595	-0.0227296280814	-0.0309175492469	0.0272388410244	0.0326483204608	-0.0100579391955	0.0559579629095	0.0100082441651	-0.0782855161239	-0.0317712208023	-0.045256867095	-0.0656730964704	-0.00954978818834	-0.0700639991946	0.0506931122019	0.0340649948138	-0.0567925184254	0.0490503064747	0.00162957399202	-0.0658095038853	0.0633149805575	-0.0129281354193	0.0355490947695
k__Bacteria;p__Bacteroidetes;c__Bacteroidia;o__Bacteroidales;f__Rikenellaceae;g__Alistipes;s__Alistipes_finegoldii	-0.0394784489934	-0.0100399802873	0.0520555643171	-0.0323508974574	-0.0253885195679	0.00942800750947	-0.0160704809049	-0.00910889505568	1.0	-0.0405708612131	-0.0264623815272	-0.0418539588759	-0.0662202544073	-0.040137007439	-0.0797666244935	-0.0250076663644	-0.0131504443884	-0.0328344676468	-0.0265017510549	0.0516877959061	-0.00174330718668	0.0535264380433	0.00925596353217	0.0441044442705	0.0314479851778	-0.0489668977185	-0.0120408278425	-0.0845869854961	-0.0140614844206	0.0265961844577	0.0117389905568	-0.0523264491547	-0.0292322735939	-0.0484309453508	-0.0373766881881	-0.0612863485683	0.0119423714221	-0.000430913889785	0.000716193437278	-0.0265074433904	-0.0708154340594	0.0133386325441	-0.00638104574014	0.0430577773529	0.0395052075139	0.0389126315206	-0.00549664795952	-0.0523372248515	0.0635267778305	0.108641640605	-0.00852865385913	-0.0541610190028	0.0224437423601	-0.0354713806622	-0.0172032714645	0.0122021590688	0.00381609536189	0.023392039462	0.00549377657468
k__Bacteria;p__Bacteroidetes;c__Bacteroidia;o__Bacteroidales;f__Porphyromonadaceae;g__Parabacteroides;s__Parabacteroides_distasonis	-0.0327637232379	0.0124455987218	-0.0498035351849	-0.04681881216	0.0564850120934	0.013668733191	-0.0247677698974	0.0461982445698	-0.0405708612131	1.0	0.00660689496759	0.034871492073	-0.0644258616175	0.0347498695829	-0.0107852228968	-0.025647163469	-0.0749433034955	-0.018843203208	0.0433710761332	-0.00773341646392	0.0625991364575	-0.105587663331	-0.031460971978	0.0213445574041	-0.0427630117066	-0.0275346097037	-0.0152120351357	-0.047623088293	-0.00449636055807	-0.00597425707775	-0.0663834857848	-0.0050113585218	0.0517189729738	-0.00308215476997	-0.0464724933808	-0.0014771694575	-0.0538605466957	-0.0244761828365	0.00476777325741	0.0371204536967	0.0256435906783	-0.0951529605832	-0.0500513505083	-0.0590427539252	-0.0790936040074	0.0451691560373	-0.0585316334613	-0.00679950311527	-0.0719307508718	0.0225993022098	0.0376033154603	-0.0479400784971	0.0211644573201	0.0174273387224	-0.000441173626595	-0.0448570551002	0.00972080446161	-0.00022166828302	0.0489674534879
k__Bacteria;p__Bacteroidetes;c__Bacteroidia;o__Bacteroidales;f__Bacteroidaceae;g__Bacteroides;s__Bacteroides_thetaiotaomicron	0.0680044792799	-0.0476622217925	0.0109035122895	-0.0189671595824	0.00201167667999	-0.039546052911	0.030341431284	-0.0102220741318	-0.0264623815272	0.00660689496759	1.0	-0.0560880050041	-0.0391620119521	-0.0342522996931	0.023935546036	-0.0819555589356	-0.020430348629	0.0685331014191	-0.00911303543415	0.0564541518828	-0.0339385447274	-0.00987326204501	-0.0664098516041	0.018199681214	0.00155852869833	-0.00900300150881	0.00484823502588	-0.00668755662295	0.0211130071966	-0.0476567056847	-0.00800008441481	-0.0277713351012	0.0343089261067	-0.0299278099681	0.00578345512939	0.00956219441389	0.0660461657808	-0.0167292267568	-0.0227903728438	-0.0432336942086	-0.0561672315312	-0.050594650465	0.0196014681671	-0.0363142022136	0.0161428974161	-0.0448382266374	-0.00999070917992	-0.0296167217648	0.0221896697095	-0.0525230502042	0.00195427817089	0.119432342374	0.023517259128	-0.0364899402656	0.0826933787282	-0.00602050788686	-0.0421123343735	-0.0741057259783	-0.00644270809458
k__Bacteria;p__Bacteroidetes;c__Bacteroidia;o__Bacteroidales;f__Bacteroidaceae;g__Bacteroides;s__Bacteroides_coprocola	-0.0187317638239	0.00806357360536	-0.0172199500451	-0.0806994534371	-0.0470422419595	-0.0316286721966	-0.0295100261398	-0.0600805639722	-0.0418539588759	0.034871492073	-0.0560880050041	1.0	-0.0241657209052	0.0395774688273	0.0465012836017	0.0844466715584	-0.0466513413884	-0.0288687182149	-0.0083587816614	0.0609192416333	0.0145574141526	0.00709414872268	-0.0144581667433	0.0502487080121	-0.019611078394	-0.0173826006062	-0.00833160692747	-0.0592200048298	-0.0307586784527	0.048370297423	-0.0283713525243	0.0252556762624	0.0359752664024	0.00609227504865	-0.0191843123145	-0.066949402875	-0.0214848423143	0.0189227946866	-0.0359859731429	0.00903555254623	-0.0653688516469	-0.0229781742401	0.0333070897979	-0.0131349522818	0.0431366124873	-0.0112817028598	0.0149295887453	-0.00676101987599	-0.0133989670311	-0.022517076026	-0.0685460069419	0.0251005393986	-0.0177873522717	0.0856113751177	-0.0206415317253	0.00289791350403	-0.0222847984707	-0.0744781137228	-0.0312849468226
k__Bacteria;p__Bacteroidetes;c__Bacteroidia;o__Bacteroidales;f__Bacteroidaceae;g__Bacteroides;s__Bacteroides_cellulosilyticus	-0.00367666274413	-0.0778923566749	-0.0303514901592	0.0529119269488	-0.00401311873457	0.0180426940634	0.00785518453239	0.0155657276208	-0.0662202544073	-0.0644258616175	-0.0391620119521	-0.0241657209052	1.0	0.0175305312713	-0.00428652097258	-0.0549457260971	0.0200135119424	-0.0424731024317	-0.0172716581138	-0.071844378485	-0.0185590958967	0.0463293530502	0.0222046437062	-0.0273560736266	-0.0240344752907	-0.00925972853363	0.00772273679523	-0.00456058961639	0.00504926968519	0.0252719539286	-0.0489319529745	-0.0338581656667	-0.029277571324	0.0158721549856	-0.0203746096431	0.0363939225892	0.0122078209444	-0.00207044218057	-0.0427474062525	0.0337721367207	-0.00803910523411	0.0186372966613	-0.00697455938895	-0.0599450214639	0.0148616529242	0.00258890106843	-0.0330771200913	0.027970393888	0.02707682096	0.0594693523098	-0.110533694487	0.0216770947051	0.0165529013675	0.0563256763982	-0.00557948272086	-0.0618583581854	-0.0701595172622	-0.019880910606	0.0135981606064
k__Bacteria;p__Bacteroidetes;c__Bacteroidia;o__Bacteroidales;f__Rikenellaceae;g__Alistipes;s__Alistipes_obesi	-0.00521831333423	-0.00180101041425	0.034783116357	0.0749174269306	-0.0391638841299	0.08720539775	0.0115722910188	-0.0230852565576	-0.040137007439	0.0347498695829	-0.0342522996931	0.0395774688273	0.0175305312713	1.0	-0.0365363262799	0.0130060509767	0.0185432444395	-0.0273258896287	-0.0126084580081	0.0276246966278	-0.0197736088956	-0.0620469215316	0.0322855807463	0.0297007437805	-0.0272888020335	0.0112430179434	-0.000823721379055	0.0146360904683	0.0215011881317	-0.0266966498254	-0.0190701590418	0.00130050929532	-0.00559736133868	-0.074032264155	0.00215724455253	-0.064247809819	-0.023114984584	-0.0549599393571	0.00716658436993	-0.0140907537806	-0.00466923536962	-0.0373463492253	0.0144229856255	-0.0276615261188	0.00336398240744	-0.0639696146259	0.0596081846276	0.0352161586187	-0.0587812335054	0.0201659570085	0.0296207907936	-0.00862368461126	-0.0012046856378	-0.0221124072473	-0.00983697801059	0.0413525165103	-0.0114934930836	-0.0172337303043	-0.0302658365872
k__Bacteria;p__Firmicutes;c__Clostridia;o__Clostridiales;f__Lachnospiraceae;g__;s__[Eubacterium]_rectale	-0.0202282072769	0.0112669414566	-0.0286891408762	-0.0278423312335	-0.0962983256672	-0.0114041288482	-0.0138936265509	0.0209627423793	-0.0797666244935	-0.0107852228968	0.023935546036	0.0465012836017	-0.00428652097258	-0.0365363262799	1.0	0.0611026047283	-0.0381103642304	-0.0608403924237	0.011922113005	-0.0636614661453	-0.025017646873	-0.0177137247969	-0.028418288125	0.0421127376151	0.00512543584119	0.0118654151	-0.0444819055575	-0.0148670331347	-0.0206627594528	-0.024257756782	0.030921731997	-0.0100458343055	-0.0258827995261	0.00959598275952	-0.0377089264916	0.024219162085	0.0187126245023	-0.0720228762971	-0.0474756199205	-0.042456142813	-0.0257642082157	0.014983077695	0.00856186726198	-0.0205226161326	0.00238553404926	0.119838364403	0.0675440171604	0.0218395019494	0.026562862939	0.00884918013638	-0.0178736421798	-0.00862399452804	-0.0309660169365	0.0313458432539	-0.0155516584221	-0.0113363212329	-0.0624476089562	0.0194318340917	-0.00138154485349
k__Bacteria;p__Bacteroidetes;c__Bacteroidia;o__Bacteroidales;f__Bacteroidaceae;g__Bacteroides;s__Bacteroides_plebeius	-0.00876059278448	-0.0512345757172	-0.0253683613445	-0.00964077286954	0.0617646678665	-0.036201874495	0.00682038963212	0.0174871987827	-0.0250076663644	-0.025647163469	-0.0819555589356	0.0844466715584	-0.0549457260971	0.0130060509767	0.0611026047283	1.0	0.00133223008808	0.040680847549	-0.0356598129303	0.00461887628699	-0.0087142354766	-0.0263247566867	-0.0215372438662	-0.0727573537784	-0.0233053871211	-0.00366531147169	-0.0215681762128	-0.00177846575562	-0.0352994010406	-0.0503689023549	-0.0233383093267	-0.0163857825776	0.0408942808042	-0.0320290582281	-0.0457463961649	-0.0067850305325	0.108619542473	0.0274199195507	0.0127808589985	0.0546894968488	0.0386757731701	0.00118073720291	-0.0457904669524	-0.00461706406655	0.0823846367127	-0.00362680679217	-0.0285878563527	-0.0162398774656	-0.00157767203037	0.053843905821	-0.00531285024825	-0.0341728094381	-0.016779473628	0.0489677496563	-0.0716306719864	-0.00956809656589	-0.00774033997804	0.0180594077022	-0.0229702181775
k__Bacteria;p__Bacteroidetes;c__Bacteroidia;o__Bacteroidales;f__Bacteroidaceae;g__Bacteroides;s__Bacteroides_fragilis	-0.0219323466451	-0.0072672811437	-0.00568903810337	-0.0513824629312	-0.0376933932843	0.0535290693775	-0.0351852503866	-0.0914538189494	-0.0131504443884	-0.0749433034955	-0.020430348629	-0.0466513413884	0.0200135119424	0.0185432444395	-0.0381103642304	0.00133223008808	1.0	0.0773661789777	0.043061194737	-0.048007214966	-0.0607211650306	-0.0292002109546	-0.052802742147	0.021483610703	0.0505345287117	0.0323433574455	0.0245539161622	0.0122925809714	0.025023779058	-0.00766880427281	0.026811253203	-0.0503363356311	0.00241774457469	0.0171182568172	0.0264259028361	-0.0972151728101	0.0121334310403	-0.0547181933394	-0.0489782158643	0.0170501877736	0.016184006711	0.00762092370362	-0.0220583668451	0.0232355101344	-0.0395287651841	-0.0598042344183	0.0339632323807	-0.0828393304622	-0.0113443948776	-0.081496727248	0.029407586286	-0.0380622810947	-0.0030512322187	-0.0373635578717	-0.0207795905551	-0.0276188569245	0.00200051801691	0.0229724985071	-0.10363632417
k__Bacteria;p__Proteobacteria;c__Betaproteobacteria;o__Burkholderiales;f__Sutterellaceae;g__Sutterella;s__Sutterella_wadsworthensis	-0.0244742651918	-0.0366828626696	0.0573655305584	-0.00513967489295	0.00852277371165	0.00104835064263	0.0437556866644	-0.00439875492405	-0.0328344676468	-0.018843203208	0.0685331014191	-0.0288687182149	-0.0424731024317	-0.0273258896287	-0.0608403924237	0.040680847549	0.0773661789777	1.0	-0.0188035817365	-0.0692659018847	0.10446071472	0.0494971637917	-0.051704601054	0.00799692363316	-0.0591143518952	-0.0133780797506	-0.011493550313	-0.00305367738376	0.0469868544657	0.00394974430165	-0.0153647167689	0.0339337242042	0.0119542157554	-0.0503012056427	-0.0417199792464	-0.0890890805247	0.0139353615073	0.0513834582682	0.0475728973	-0.0268352314064	-0.00344121389304	-0.0619533048932	0.0180177842781	-0.00895972251139	-0.11029892481	-0.00665150668418	-0.00234287895678	0.039817691006	-0.0351527984226	0.0266642999587	-0.0706498056607	-0.00419662481806	0.000816569160611	-0.0317932034603	0.0335346641514	-0.0230581380168	-0.0313081174946	-0.053113476609	-0.0429015113323
k__Bacteria;p__Bacteroidetes;c__Bacteroidia;o__Bacteroidales;f__Porphyromonadaceae;g__Barnesiella;s__Barnesiella_intestinihominis	-0.0306108268199	-0.0463985116565	0.0508407177744	-0.0339844654143	0.039957157237	-0.0157712357042	-0.0247486746383	0.0360261636459	-0.0265017510549	0.0433710761332	-0.00911303543415	-0.0083587816614	-0.0172716581138	-0.0126084580081	0.011922113005	-0.0356598129303	0.043061194737	-0.0188035817365	1.0	0.0321268190883	-0.0709430509487	0.0562903370108	0.015823003623	0.0345454768198	-0.0189157656473	0.0138591103001	-0.0503270475049	-0.0604197324827	0.0420052966163	0.0329684454548	0.0215513080076	0.0340257120067	-0.0209526975128	-0.0128712578366	0.0253151722391	-0.0382331712426	0.0296189915102	0.00222561838091	-0.0112954013717	0.0292201970101	0.0354985475028	-0.0349235647275	-0.0203864807576	0.00430282787342	-0.0499017137664	0.00616672256158	-0.0245641589268	0.000921687101169	-0.0442062368525	-0.0519124523808	0.00435338000046	0.0440009305169	-0.0617852593558	-0.0267374510624	0.0383208893467	-0.00170851216491	-0.0227841367169	-0.0339589184465	-0.0124598515229
k__Bacteria;p__Bacteroidetes;c__Bacteroidia;o__Bacteroidales;f__Odoribacteraceae;g__Odoribacter;s__Odoribacter_splanchnicus	0.0374319146918	-0.0425011162745	-0.00877348309816	-0.0283912873296	-0.0620861510381	0.042341565629	0.0273430062121	-0.0602865890824	0.0516877959061	-0.00773341646392	0.0564541518828	0.0609192416333	-0.071844378485	0.0276246966278	-0.0636614661453	0.00461887628699	-0.048007214966	-0.0692659018847	0.0321268190883	1.0	0.0497973946711	-0.00134191540152	-0.0336552149893	0.0209349432947	0.00040876348317	-0.00990507326201	-0.00680694349873	0.014248710971	0.0164907457124	-0.00371698503212	-0.036682141518	-0.0321989462352	0.00068221150676	-0.00999296212136	-0.0319621869537	0.0465939364176	0.0280079168805	-0.00373367097225	0.0303710284313	-0.00379072526462	0.00482958385945	0.00560507467867	0.00158968250653	0.0242900627971	0.00553951618892	0.0136774023691	-0.0864746879728	-0.00913849029898	-0.0319077541897	-0.0156950735913	0.0139032195534	-0.0681919787962	0.0173164162215	-0.037093626898	-0.0328949316774	0.0515819324119	0.0345587674213	-0.0169180695027	0.0109130624784
k__Bacteria;p__Bacteroidetes;c__Bacteroidia;o__Bacteroidales;f__Bacteroidaceae;g__Bacteroides;s__Bacteroides_salyersiae	-0.063618926681	-0.0417446749019	-0.0227074224827	-0.0602571061082	-0.0219420716028	-0.0519661225821	-0.0258001684001	-0.0326291301246	-0.00174330718668	0.0625991364575	-0.0339385447274	0.0145574141526	-0.0185590958967	-0.0197736088956	-0.025017646873	-0.0087142354766	-0.0607211650306	0.10446071472	-0.0709430509487	0.0497973946711	1.0	-0.061861125038	0.053471094062	-0.0193029484157	0.0624339297601	-0.0172549944576	0.043393205233	0.0323957623613	0.0741734019402	-0.010210132473	-0.0743231265243	-0.0305745858742	0.03311920378	-0.00509237823814	-0.0866031707323	0.0172043350013	-0.0106890446535	-0.0290634872575	0.0501759276338	0.0239158637575	-0.00721432632706	0.0607203953427	-0.0166712500376	0.0314391939091	0.0173972581074	-0.0479494643209	-0.026355236023	-0.0873562969149	-0.0202290912765	0.0241449012444	0.0272271060044	-0.00720361258132	0.0182577316371	-0.0151097761178	0.00600662985887	0.0151064377244	-0.0657619907777	-0.0785873005079	0.0413363980017
k__Bacteria;p__Firmicutes;c__Clostridia;o__Clostridiales;f__Ruminococcaceae;g__Ruminiclostridium;s__[Eubacterium]_siraeum	-0.0830046752818	0.0281833448629	-0.0389258813487	0.00469736652619	0.0174594806036	0.00241140659505	0.0274019788652	-0.0505096478025	0.0535264380433	-0.105587663331	-0.00987326204501	0.00709414872268	0.0463293530502	-0.0620469215316	-0.0177137247969	-0.0263247566867	-0.0292002109546	0.0494971637917	0.0562903370108	-0.00134191540152	-0.061861125038	1.0	-0.0479235785743	0.0357940834784	-0.0196406237789	-0.0193119005795	-0.0357767095431	-0.0339255290595	-0.0389053940102	-0.0401317030911	0.065573530505	-0.00367420788874	0.000441538616244	0.00194539182377	0.0249767454272	0.00691661830713	0.0199576422482	-0.0220017737533	0.0361264508788	-0.00622798696077	-0.0102749961423	-0.102544098751	-0.0376699775445	-0.00795327420604	0.0142859110133	-0.0495641507668	-0.0202069334204	-0.0583103820775	-0.0139865155664	0.0291391508012	-0.0409116324908	-0.0294714313598	-0.0174431836342	-0.0686715887136	0.0125652861747	-0.0624358798989	-0.044577745833	-0.00204034505725	-0.00801881296306
k__Bacteria;p__Proteobacteria;c__Betaproteobacteria;o__Burkholderiales;f__Sutterellaceae;g__Parasutterella;s__Parasutterella_excrementihominis	0.0258252358054	-0.0638438183151	-0.0858844932709	-0.0167377042113	-0.0812953438801	-0.00673216977561	-0.0201521048795	0.0467967095529	0.00925596353217	-0.031460971978	-0.0664098516041	-0.0144581667433	0.0222046437062	0.0322855807463	-0.028418288125	-0.0215372438662	-0.052802742147	-0.051704601054	0.015823003623	-0.0336552149893	0.053471094062	-0.0479235785743	1.0	0.0205164178504	-0.0392083533936	-0.0341680428415	-0.0112561135313	0.00554888203748	0.0389042524492	-0.00130757516915	-0.0521396310789	-0.0516547388558	0.0325834055761	-0.00375143495226	-0.025558265631	-0.0279597228201	-0.00971921913907	0.0469916941246	0.0467042336637	0.00196397195086	0.0288163768134	0.0206893813928	-0.0318375825543	0.0411965265145	-0.0854288290777	0.0132433589323	0.00259523208963	-0.0132016461462	0.087200529809	-0.016732937926	-0.0809440551525	-0.0639297381583	-0.0462101301576	0.0482135589203	0.0387819845278	-0.0578745677696	-0.0625542116474	0.0153209970315	-0.00227466716015
k__Bacteria;p__Actinobacteria;c__Actinobacteria;o__Bifidobacteriales;f__Bifidobacteriaceae;g__Bifidobacterium;s__Bifidobacterium_adolescentis	-0.0220821089716	-0.0218806732627	-0.021625474341	-0.0419160643798	-0.0128399719443	-0.0165674161484	-0.027151751489	-0.0529359023351	0.0441044442705	0.0213445574041	0.018199681214	0.0502487080121	-0.0273560736266	0.0297007437805	0.0421127376151	-0.0727573537784	0.021483610703	0.00799692363316	0.0345454768198	0.0209349432947	-0.0193029484157	0.0357940834784	0.0205164178504	1.0	-0.00552656718306	-0.065466584971	-0.0758237369195	0.039382263175	-0.016367935338	0.00186305337825	0.00802384319505	0.0280795716508	-0.0244011328844	-0.062436370037	0.00174906668275	-0.0561678221225	0.0493365647912	-0.0934854216751	-0.0252609694152	0.012220280408	0.00557698972402	-0.0107956551944	-0.0439047900299	-0.044158215812	0.0239413169487	-0.0232113704999	0.0725488415278	-0.0510235036601	0.0141830927334	-0.0398801860998	0.0278616893064	-0.0124061393624	0.0241625287772	0.0370495672195	-0.0182036968986	-0.0176193380743	-0.0278178186592	-0.0123343921727	0.0492793779066
k__Bacteria;p__Firmicutes;c__Clostridia;o__Clostridiales;f__Oscillospiraceae;g__Oscillibacter;s__Oscillibacter_sp._KLE_1745	-0.00200742283605	-0.0057523546202	0.0438740499574	0.00805140021867	-0.0439676140014	0.00430509728652	-0.0313304314836	0.0568965722172	0.0314479851778	-0.0427630117066	0.00155852869833	-0.019611078394	-0.0240344752907	-0.0272888020335	0.00512543584119	-0.0233053871211	0.0505345287117	-0.0591143518952	-0.0189157656473	0.00040876348317	0.0624339297601	-0.0196406237789	-0.0392083533936	-0.00552656718306	1.0	0.0226657169061	0.00480929394382	-0.021357238503	-0.0553754689208	-0.0622005250707	0.0440640554591	-0.0375786788548	0.0302112090467	-0.0673612906971	0.0217034739626	0.00246260895482	-0.0404268889437	0.000720991898649	-0.0278034987079	-0.0215193168692	0.00358546007089	-0.0126363676336	-0.0153269970711	-0.0184063807662	-0.0112868324784	-0.0355239346912	-0.0647059680028	0.0375360472476	-0.044562976728	0.00749663587882	-0.0362851455113	0.00180264639249	-0.0207284849696	-0.0144156620962	0.0203171122452	-0.0138942164983	0.0865259990924	-0.0477568747204	-0.00787789037333
k__Bacteria;p__Bacteroidetes;c__Bacteroidia;o__Bacteroidales;f__Bacteroidaceae;g__Bacteroides;s__Bacteroides_coprophilus	0.0441692717561	0.0376986193986	-0.0365788687747	0.0784724367789	-0.0416475319006	0.00866608716188	0.00401264174645	0.0156568468232	-0.0489668977185	-0.0275346097037	-0.00900300150881	-0.0173826006062	-0.00925972853363	0.0112430179434	0.0118654151	-0.00366531147169	0.0323433574455	-0.0133780797506	0.0138591103001	-0.00990507326201	-0.0172549944576	-0.0193119005795	-0.0341680428415	-0.065466584971	0.0226657169061	1.0	-0.00628873516313	-0.00419560381515	0.00487733807938	0.0266360297035	0.0272383157605	-0.0813360508371	-0.00110844849829	-0.0162880750578	-0.0279805584425	0.0125462852226	-0.0714418324649	-0.0965697729684	-0.00928858039257	-0.00307065129225	-0.0219670672572	0.0225493257526	-0.0677397875094	0.00906618555519	0.0400632788928	-0.00451075542357	-0.0940813662968	0.0580539837533	-0.0454524612479	0.0193646764543	0.00718312581217	0.00768396428703	0.0553947524877	-0.0414924829541	-0.0371368903364	-0.0674986467839	0.0177484693482	-0.0617022075572	0.0317214113854
k__Bacteria;p__Firmicutes;c__Clostridia;o__Clostridiales;f__Lachnospiraceae;g__Roseburia;s__Roseburia_intestinalis	-0.00205282566753	0.0153618990693	-0.0360507774594	-0.0404272216259	0.043484371418	-0.0281449649131	-0.0781362004112	0.00559504251061	-0.0120408278425	-0.0152120351357	0.00484823502588	-0.00833160692747	0.00772273679523	-0.000823721379055	-0.0444819055575	-0.0215681762128	0.0245539161622	-0.011493550313	-0.0503270475049	-0.00680694349873	0.043393205233	-0.0357767095431	-0.0112561135313	-0.0758237369195	0.00480929394382	-0.00628873516313	1.0	0.0303175610361	-0.0289503437455	-0.0454278197281	-0.0361312236473	0.00458658932645	0.0261423737148	-0.00402895931777	-0.0751232139108	0.0673814085201	0.0299191089249	0.0231787724005	-0.0592160138964	0.00453015750789	-0.0418593599226	0.0263233105936	0.0121551133465	0.00146982033274	-0.0212345455187	-0.0892369603197	-0.000928934181702	-0.00571585251509	0.0241564036574	-0.0115638811086	0.0356373344717	-0.0104307558037	0.0991554614649	0.0417597031185	-0.0617005192774	0.0113548104003	-0.0621526691581	-0.0406570607952	0.0147090274419
k__Bacteria;p__Firmicutes;c__Clostridia;o__Clostridiales;f__Lachnospiraceae;g__Roseburia;s__Roseburia_hominis	0.0428539116685	-0.00288395689653	-0.040394759166	0.0416473246505	-0.0518672497715	0.0109102257775	-0.109232023228	0.0250095435036	-0.0845869854961	-0.047623088293	-0.00668755662295	-0.0592200048298	-0.00456058961639	0.0146360904683	-0.0148670331347	-0.00177846575562	0.0122925809714	-0.00305367738376	-0.0604197324827	0.014248710971	0.0323957623613	-0.0339255290595	0.00554888203748	0.039382263175	-0.021357238503	-0.00419560381515	0.0303175610361	1.0	0.0193803482308	0.0474921019266	-0.0221925842651	-0.0341947856285	-0.00565423898449	-0.0964192565885	-0.00851942886926	0.026055115146	-0.036166213611	-0.0249132205758	-0.0584395229924	-0.019130805515	0.00639347692644	0.0352022818907	-0.0339736722636	-0.00580835867851	-0.0225834272327	0.00978022841807	-0.00504892904331	-0.0361098449134	-0.0101332028951	0.0135740127105	-0.0357243242522	-0.0159732216205	-0.00982284301478	-0.00726779285258	0.0121751986082	-0.0423150025803	-0.0120625626267	-0.0263465046249	0.0426596827032
k__Bacteria;p__Bacteroidetes;c__Bacteroidia;o__Bacteroidales;f__Porphyromonadaceae;g__Parabacteroides;s__Parabacteroides_johnsonii	-0.0695906061597	-0.045321427529	-0.0517226144216	0.0683713164878	-0.0260253007758	-0.00851137233618	0.0725501712002	0.0231063317967	-0.0140614844206	-0.00449636055807	0.0211130071966	-0.0307586784527	0.00504926968519	0.0215011881317	-0.0206627594528	-0.0352994010406	0.025023779058	0.0469868544657	0.0420052966163	0.0164907457124	0.0741734019402	-0.0389053940102	0.0389042524492	-0.016367935338	-0.0553754689208	0.00487733807938	-0.0289503437455	0.0193803482308	1.0	-0.00453999920203	-0.0675484019435	-0.0771289655753	0.0208358313237	-0.0237269100601	0.0484996830483	0.0344200348599	-0.0376224122155	0.00293820210618	-0.0383294130433	-0.0191805347505	-0.00793423548457	0.00511794392374	0.0660930118385	-0.0435408198391	0.042699112488	0.0287614395446	-0.00805846880616	-0.0522101521447	0.0692144572288	-0.0103781971703	-0.0616478616818	0.0273754941883	-0.0387525158712	-0.0677340787177	0.00939542110755	-0.0442120998531	0.0332051283562	-0.0281895935527	-0.0313418113038
k__Bacteria;p__Actinobacteria;c__Actinobacteria;o__Bifidobacteriales;f__Bifidobacteriaceae;g__Bifidobacterium;s__Bifidobacterium_longum	-0.0197547695329	0.0173141378368	0.120447911608	0.0167291199248	-0.0205563454291	0.0021373167788	-0.111243474252	-0.0376103702442	0.0265961844577	-0.00597425707775	-0.0476567056847	0.048370297423	0.0252719539286	-0.0266966498254	-0.024257756782	-0.0503689023549	-0.00766880427281	0.00394974430165	0.0329684454548	-0.00371698503212	-0.010210132473	-0.0401317030911	-0.00130757516915	0.00186305337825	-0.0622005250707	0.0266360297035	-0.0454278197281	0.0474921019266	-0.00453999920203	1.0	0.00658874010189	-0.0449304887419	0.0207272778437	-0.0296128842162	-0.0486775071091	-0.0444178274158	-0.0374938028422	-0.0353455723171	-0.000553166339402	-0.0258479197958	-0.0415851350311	-0.0257741881519	-0.0297882618686	-0.0338453855058	-0.043465298172	-0.0475903226262	-0.00457896075232	-0.0586880052418	0.0439235923328	0.0165785381841	-0.0249780565781	-0.0274621889524	0.0096970216945	-0.0293131885597	-0.00357354851	0.0215257629619	0.0249576559917	-0.0211600118816	0.00473970606218
