#taxonomy	k__Bacteria;p__Bacteroidetes;c__Bacteroidia;o__Bacteroidales;f__Bacteroidaceae;g__Bacteroides;s__Bacteroides_vulgatus	k__Bacteria;p__Bacteroidetes;c__Bacteroidia;o__Bacteroidales;f__Bacteroidaceae;g__Bacteroides;s__Bacteroides_uniformis	k__Bacteria;p__Bacteroidetes;c__Bacteroidia;o__Bacteroidales;f__Rikenellaceae;g__Alistipes;s__Alistipes_putredinis	k__Bacteria;p__Bacteroidetes;c__Bacteroidia;o__Bacteroidales;f__Prevotellaceae;g__Prevotella;s__Prevotella_copri	k__Bacteria;p__Bacteroidetes;c__Bacteroidia;o__Bacteroidales;f__Bacteroidaceae;g__Bacteroides;s__Bacteroides_stercoris	k__Bacteria;p__Bacteroidetes;c__Bacteroidia;o__Bacteroidales;f__Bacteroidaceae;g__Bacteroides;s__Bacteroides_ovatus	k__Bacteria;p__Bacteroidetes;c__Bacteroidia;o__Bacteroidales;f__Rikenellaceae;g__Alistipes;s__Alistipes_shahii	k__Bacteria;p__Firmicutes;c__Clostridia;o__Clostridiales;f__Ruminococcaceae;g__Faecalibacterium;s__Faecalibacterium_prausnitzii	k__Bacteria;p__Bacteroidetes;c__Bacteroidia;o__Bacteroidales;f__Rikenellaceae;g__Alistipes;s__Alistipes_finegoldii	k__Bacteria;p__Bacteroidetes;c__Bacteroidia;o__Bacteroidales;f__Porphyromonadaceae;g__Parabacteroides;s__Parabacteroides_distasonis	k__Bacteria;p__Bacteroidetes;c__Bacteroidia;o__Bacteroidales;f__Bacteroidaceae;g__Bacteroides;s__Bacteroides_thetaiotaomicron	k__Bacteria;p__Bacteroidetes;c__Bacteroidia;o__Bacteroidales;f__Bacteroidaceae;g__Bacteroides;s__Bacteroides_coprocola	k__Bacteria;p__Bacteroidetes;c__Bacteroidia;o__Bacteroidales;f__Bacteroidaceae;g__Bacteroides;s__Bacteroides_cellulosilyticus	k__Bacteria;p__Bacteroidetes;c__Bacteroidia;o__Bacteroidales;f__Rikenellaceae;g__Alistipes;s__Alistipes_obesi	k__Bacteria;p__Firmicutes;c__Clostridia;o__Clostridiales;f__Lachnospiraceae;g__;s__[Eubacterium]_rectale	k__Bacteria;p__Bacteroidetes;c__Bacteroidia;o__Bacteroidales;f__Bacteroidaceae;g__Bacteroides;s__Bacteroides_plebeius	k__Bacteria;p__Bacteroidetes;c__Bacteroidia;o__Bacteroidales;f__Bacteroidaceae;g__Bacteroides;s__Bacteroides_fragilis	k__Bacteria;p__Proteobacteria;c__Betaproteobacteria;o__Burkholderiales;f__Sutterellaceae;g__Sutterella;s__Sutterella_wadsworthensis	k__Bacteria;p__Bacteroidetes;c__Bacteroidia;o__Bacteroidales;f__Porphyromonadaceae;g__Barnesiella;s__Barnesiella_intestinihominis	k__Bacteria;p__Bacteroidetes;c__Bacteroidia;o__Bacteroidales;f__Odoribacteraceae;g__Odoribacter;s__Odoribacter_splanchnicus	k__Bacteria;p__Bacteroidetes;c__Bacteroidia;o__Bacteroidales;f__Bacteroidaceae;g__Bacteroides;s__Bacteroides_salyersiae	k__Bacteria;p__Firmicutes;c__Clostridia;o__Clostridiales;f__Ruminococcaceae;g__Ruminiclostridium;s__[Eubacterium]_siraeum	k__Bacteria;p__Proteobacteria;c__Betaproteobacteria;o__Burkholderiales;f__Sutterellaceae;g__Parasutterella;s__Parasutterella_excrementihominis	k__Bacteria;p__Actinobacteria;c__Actinobacteria;o__Bifidobacteriales;f__Bifidobacteriaceae;g__Bifidobacterium;s__Bifidobacterium_adolescentis	k__Bacteria;p__Firmicutes;c__Clostridia;o__Clostridiales;f__Oscillospiraceae;g__Oscillibacter;s__Oscillibacter_sp._KLE_1745	k__Bacteria;p__Bacteroidetes;c__Bacteroidia;o__Bacteroidales;f__Bacteroidaceae;g__Bacteroides;s__Bacteroides_coprophilus	k__Bacteria;p__Firmicutes;c__Clostridia;o__Clostridiales;f__Lachnospiraceae;g__Roseburia;s__Roseburia_intestinalis	k__Bacteria;p__Firmicutes;c__Clostridia;o__Clostridiales;f__Lachnospiraceae;g__Roseburia;s__Roseburia_hominis	k__Bacteria;p__Bacteroidetes;c__Bacteroidia;o__Bacteroidales;f__Porphyromonadaceae;g__Parabacteroides;s__Parabacteroides_johnsonii	k__Bacteria;p__Actinobacteria;c__Actinobacteria;o__Bifidobacteriales;f__Bifidobacteriaceae;g__Bifidobacterium;s__Bifidobacterium_longum	k__Bacteria;p__Firmicutes;c__Clostridia;o__Clostridiales;f__;g__Flavonifractor;s__Flavonifractor_plautii	k__Bacteria;p__Firmicutes;c__Clostridia;o__Clostridiales;f__Clostridiaceae;g__Clostridium;s__Clostridium_phoceensis	k__Bacteria;p__Verrucomicrobia;c__Verrucomicrobiae;o__Verrucomicrobiales;f__Akkermansiaceae;g__Akkermansia;s__Akkermansia_muciniphila	k__Bacteria;p__Bacteroidetes;c__Bacteroidia;o__Bacteroidales;f__Prevotellaceae;g__Paraprevotella;s__Paraprevotella_xylaniphila	k__Bacteria;p__Firmicutes;c__Clostridia;o__Clostridiales;f__Ruminococcaceae;g__Ruminococcus;s__Ruminococcus_callidus	k__Bacteria;p__Bacteroidetes;c__Bacteroidia;o__Bacteroidales;f__Rikenellaceae;g__Alistipes;s__Alistipes_senegalensis	k__Bacteria;p__Firmicutes;c__Clostridia;o__Clostridiales;f__Lachnospiraceae;g__Blautia;s__Blautia_sp._KLE_1732	k__Bacteria;p__Bacteroidetes;c__Bacteroidia;o__Bacteroidales;f__Bacteroidaceae;g__Bacteroides;s__Bacteroides_oleiciplenus	k__Bacteria;p__Firmicutes;c__Clostridia;o__Clostridiales;f__Ruminococcaceae;g__Ruminococcus;s__Ruminococcus_bicirculans	k__Bacteria;p__Bacteroidetes;c__Bacteroidia;o__Bacteroidales;f__Bacteroidaceae;g__Bacteroides;s__Bacteroides_fluxus	k__Bacteria;p__Bacteroidetes;c__Bacteroidia;o__Bacteroidales;f__Prevotellaceae;g__Prevotella;s__Prevotella_stercorea	k__Bacteria;p__Firmicutes;c__Clostridia;o__Clostridiales;f__Lachnospiraceae;g__Dorea;s__Dorea_longicatena	k__Bacteria;p__Firmicutes;c__Clostridia;o__Clostridiales;f__Eubacteriaceae;g__Eubacterium;s__[Eubacterium]_eligens	k__Bacteria;p__Firmicutes;c__Clostridia;o__Clostridiales;f__Ruminococcaceae;g__;s__Ruminococcaceae_bacterium_D16	k__Bacteria;p__Firmicutes;c__Clostridia;o__Clostridiales;f__Lachnospiraceae;g__Coprococcus;s__Coprococcus_comes	k__Bacteria;p__Proteobacteria;c__Gammaproteobacteria;o__Enterobacterales;f__Enterobacteriaceae;g__Escherichia;s__Escherichia_coli	k__Bacteria;p__Firmicutes;c__Clostridia;o__Clostridiales;f__Ruminococcaceae;g__Anaerotruncus;s__Anaerotruncus_colihominis	k__Bacteria;p__Firmicutes;c__Clostridia;o__Clostridiales;f__Lachnospiraceae;g__Blautia;s__Blautia_obeum	k__Bacteria;p__Bacteroidetes;c__Bacteroidia;o__Bacteroidales;f__Odoribacteraceae;g__Odoribacter;s__Odoribacter_laneus	k__Bacteria;p__Firmicutes;c__Clostridia;o__Clostridiales;f__Ruminococcaceae;g__Ruminiclostridium;s__[Clostridium]_leptum	k__Bacteria;p__Bacteroidetes;c__Bacteroidia;o__Bacteroidales;f__Porphyromonadaceae;g__Parabacteroides;s__Parabacteroides_goldsteinii	k__Bacteria;p__Firmicutes;c__Clostridia;o__Clostridiales;f__Lachnospiraceae;g__Anaerostipes;s__Anaerostipes_hadrus	k__Bacteria;p__Firmicutes;c__Clostridia;o__Clostridiales;f__Ruminococcaceae;g__Ruminococcus;s__Ruminococcus_lactaris	k__Bacteria;p__Firmicutes;c__Clostridia;o__Clostridiales;f__Clostridiaceae;g__Clostridium;s__Clostridium_sp._L2-50	k__Bacteria;p__Firmicutes;c__Clostridia;o__Clostridiales;f__Clostridiaceae;g__Clostridium;s__Clostridium_sp._M62/1	k__Bacteria;p__Firmicutes;c__Clostridia;o__Clostridiales;f__;g__Intestinimonas;s__Intestinimonas_butyriciproducens	k__Bacteria;p__Actinobacteria;c__Actinobacteria;o__Bifidobacteriales;f__Bifidobacteriaceae;g__Bifidobacterium;s__Bifidobacterium_bifidum	k__Bacteria;p__Firmicutes;c__Negativicutes;o__Veillonellales;f__Veillonellaceae;g__Dialister;s__Dialister_invisus	k__Bacteria;p__Bacteroidetes;c__Bacteroidia;o__Bacteroidales;f__Bacteroidaceae;g__Bacteroides;s__Bacteroides_salanitronis
k__Bacteria;p__Bacteroidetes;c__Bacteroidia;o__Bacteroidales;f__Bacteroidaceae;g__Bacteroides;s__Bacteroides_vulgatus	1.0	-0.0325846918626	0.0476561286649	-0.0265806765548	0.0304469086842	0.0450926531815	-0.0547589861702	-0.0194865424034	-0.0286860392326	-0.0260104529403	-0.0245246502777	-0.0196448247511	0.0164289556147	-0.00148428730499	0.0291139373431	-0.0373411524196	0.010740604537	-0.0061792816152	-0.0677925227589	0.00173249192963	-0.0400032155603	-0.0352017452405	0.0156312792907	-0.022799275054	0.0284399445447	0.00770941842108	-0.0171036612538	0.0758871835655	0.0169066089848	0.00477249674576	0.0269276621266	-0.0364547772094	-0.0386256097812	0.0288582996285	0.0247811806634	-0.0504897225413	0.0455049409134	0.0788885692646	0.00404610839199	0.00116208223584	-0.00593594662378	0.00151272670103	0.00157133383861	0.036749555229	0.0400160347523	-0.0210975917872	-0.00842542535959	-0.0456307875594	-0.0182023382502	-0.0524878788688	-0.0364513967829	-0.0733155376734	0.00566639605696	0.0132503700518	0.0225618680909	-0.0134952228159	0.0421542937865	-0.00418556763976	-0.055800434359
k__Bacteria;p__Bacteroidetes;c__Bacteroidia;o__Bacteroidales;f__Bacteroidaceae;g__Bacteroides;s__Bacteroides_uniformis	-0.0325846918626	1.0	-0.0431571042411	0.0348860563398	0.041502247632	0.015654112435	0.00792868457759	-0.0529862538101	0.0168713568485	-0.0945651338144	-0.115314253724	-0.00960764339535	-0.0417928299851	0.044249202736	-0.000988848645737	-0.0191968840377	0.0185239013694	-0.018207086396	0.0418698775418	0.0460774609465	-0.00743657499161	0.0357653748703	-0.039542285024	0.00669733129005	-0.0870604126419	-0.00827858217827	-0.0207423851003	0.0495447581577	0.0571614963105	-0.0426256345734	-0.0106640999797	0.00318871245358	-0.0497796118247	-0.0295100305568	-0.0135209954401	-0.0264372215497	0.00321043437265	0.0490777367439	-0.0282899690414	-0.0122316744782	0.000824391712622	-0.0823744648399	-0.00973445159142	-0.017127091885	-0.0115589181169	0.00854031072227	0.0297246706286	0.0188843368231	0.0501219881264	0.00757541817131	0.0493287386947	0.0535238346919	-0.0799102366527	-0.0149271666143	0.0992634351984	-0.0556554501432	-0.00695471015257	0.00361351814684	0.0164067634918
k__Bacteria;p__Bacteroidetes;c__Bacteroidia;o__Bacteroidales;f__Rikenellaceae;g__Alistipes;s__Alistipes_putredinis	0.0476561286649	-0.0431571042411	1.0	0.00307827380751	-0.0939699973154	-0.0423995331035	-0.0104942812229	0.0139169902697	0.0136474464572	0.0439425402822	-0.0332618357309	0.00775440074699	0.0297448893566	-0.0567266447311	0.00252723125043	-0.00635839197871	0.0684534900303	0.0111478731772	0.050227188789	0.000885546856833	-0.00337678113274	0.0212371704589	-0.00376406798805	0.057600961122	0.00649829570407	0.0156704826024	0.0118600958742	0.00171749117183	-0.0421962026938	0.0148020677132	0.00970108322043	0.00712317870378	-0.0322859248413	0.0533160633767	0.0137027947078	0.0280701852314	0.0162174747836	-0.0584477281838	-0.0252155325255	-0.0343010760655	0.00253833043498	-0.152286931326	-0.0244983021951	0.0541078915115	-0.0100142074031	-0.0343422662488	-0.0616235830398	-0.0280137103461	0.0208293579536	-0.0367821517548	-0.00994936513162	-0.0640033891608	-0.0307455686393	-0.0170878358802	0.075116258089	-0.108781685305	-0.0738943303266	-0.00260567074053	-0.0828809194076
k__Bacteria;p__Bacteroidetes;c__Bacteroidia;o__Bacteroidales;f__Prevotellaceae;g__Prevotella;s__Prevotella_copri	-0.0265806765548	0.0348860563398	0.00307827380751	1.0	0.0577207474835	-0.0357027598143	-0.0226342653936	-0.0091598897021	0.0187002603065	-0.0403495143204	0.00350909742776	-0.0277999324073	-0.0504754123191	0.0580681623945	0.0565532877671	-0.0582453457776	0.105238100027	-0.0242943222452	0.000313997986644	0.0254786562041	-0.116653284038	-0.0157417415477	-0.0649953244914	0.0471316740199	0.0646338457473	0.0245029630354	0.0129956314771	0.0776264020739	-0.0213250276463	-0.00409676441229	-0.0721111865949	0.0231746792854	-0.0324671167106	-0.0399400938931	-0.026831650263	-0.0544986012688	0.00917932857909	0.0028676566468	0.00837665505299	-0.021660033824	-0.0304531451308	-0.0577585027285	0.0269992513681	-0.0721499617229	-0.0084442908333	0.00479621847867	-0.0399950848352	-0.0419071222074	-0.0299342677461	0.0145366198193	-0.00903709184788	-0.0379225323099	-0.050818490121	-0.0508709969028	-0.0837318112295	-0.0534356547399	-0.0246415046222	-0.0205811381954	0.116901990735
k__Bacteria;p__Bacteroidetes;c__Bacteroidia;o__Bacteroidales;f__Bacteroidaceae;g__Bacteroides;s__Bacteroides_stercoris	0.0304469086843	0.041502247632	-0.0939699973154	0.0577207474835	1.0	-0.0861680283929	0.0293326286923	-0.0156614873366	0.0429529217233	-0.0672735086339	0.0478523938969	0.031931117635	0.031019534495	0.0440937098836	-0.0395128132451	0.0477125846851	-0.0220169261662	0.00559046123255	-0.00545330167947	-0.0344689830054	-0.086342666008	0.0346427924435	0.00725115112758	-0.0504679589241	-0.0294566430694	0.0110124586101	0.0266164427975	0.000361124655612	0.00245524536595	-0.0759848121699	-0.062557159192	0.0324937373712	-0.0466071336577	0.000659328518766	0.000735174484833	-0.0155828321321	-0.0360898134437	-0.0218078118811	-0.0253690831214	-0.00438668858887	-0.0300523397979	0.0188696918739	-0.10747993025	0.0280669626209	-0.0197715911306	-0.0231080510762	-0.0116323428069	-0.051575004116	0.0163676133319	0.0250052228529	-0.0665255773802	-0.00231650054742	0.00682408252673	-0.0133237940758	-0.00437577329969	-0.0388522419902	0.0166579302621	-0.0160845544897	0.0686876272619
k__Bacteria;p__Bacteroidetes;c__Bacteroidia;o__Bacteroidales;f__Bacteroidaceae;g__Bacteroides;s__Bacteroides_ovatus	0.0450926531815	0.015654112435	-0.0423995331035	-0.0357027598143	-0.0861680283929	1.0	-0.00926891257336	0.02006758078	-0.0186086034344	-0.0572156187044	-0.0429517862309	-0.034436393478	0.0575104048773	0.088367063492	-0.00742271350562	-0.0786395676672	0.00664026177902	-0.00509723398392	-0.0198615834139	-0.00737890061573	-0.0116641964114	-0.0262142562129	-0.0405523536693	-0.0300500284523	-0.050077158824	-0.105226319917	-0.0135880340304	0.0105665888209	0.0515793932038	0.0932933773056	-0.0664328098822	-0.0485446886521	0.0212548139472	0.0360662717965	-0.00662899921575	0.0239411277883	0.0653435811203	-0.0352046851338	0.0110484381693	0.0471620939662	-0.0252869545268	0.0432683045255	-0.00793098874658	0.0319677351078	-0.0337941260471	-0.0203284351521	-0.0088299419921	-0.0297381805634	-0.0199990960983	-0.11184096815	-0.0359081324912	-0.0060815487671	0.0163313160587	0.00736835132493	-0.0356571950825	-0.0360001600703	0.0143467576734	-0.00924819938932	-0.0923975254147
k__Bacteria;p__Bacteroidetes;c__Bacteroidia;o__Bacteroidales;f__Rikenellaceae;g__Alistipes;s__Alistipes_shahii	-0.0547589861702	0.00792868457759	-0.0104942812229	-0.0226342653936	0.0293326286923	-0.00926891257336	1.0	-0.0636205902083	-0.0445305727612	-0.0252196873055	0.0525032247588	-0.0339614091539	-0.0050352985944	0.00845652479118	0.0438677583099	-0.0418447349656	-0.0329597107059	-0.00587908828823	-0.0526856624496	-0.023008388433	-0.0125120201543	-0.000828964787539	0.00777715556404	0.0429473810231	0.013315494176	0.022581062239	-0.041943514734	-0.0179830118252	-0.0180491169877	-0.0671876459212	-0.0233104274763	0.0333034314797	0.0731239896578	0.0229879583111	0.0428313662652	-0.0137352364761	-0.0974997419435	0.00641284583808	-0.0221563211034	-0.00648802537188	-0.0299547154892	0.017801644886	-0.0639518396943	-0.0300335333437	-0.00303212931432	-0.0582171843508	-0.019563558612	0.0543489580634	0.0523335718198	0.0179021491112	-0.002610368303	-0.0266366668284	-0.0100756922671	0.0106788526523	-0.00355998535002	-0.019776744056	-0.001341287289	-0.00235215579459	0.0349889085391
k__Bacteria;p__Firmicutes;c__Clostridia;o__Clostridiales;f__Ruminococcaceae;g__Faecalibacterium;s__Faecalibacterium_prausnitzii	-0.0194865424034	-0.0529862538101	0.0139169902697	-0.0091598897021	-0.0156614873366	0.02006758078	-0.0636205902083	1.0	0.0319217641064	-0.00965207459982	0.0127746315737	-0.0314963039807	-0.0158845743736	0.0305580262843	-0.000663931126788	-0.0345261267162	0.0338904490613	0.00179165183852	0.00599354424362	0.00619954690303	-0.00159072342593	0.0459343743217	-0.0850563608973	-0.0223367694824	-0.0351886913656	-0.0587473655563	0.00624064967234	0.0250289571123	0.030526760826	-0.0391967776144	0.0779058951587	-0.047848297789	0.0327511486967	-0.0279709538852	-0.0017891667555	-0.0519532109213	0.0020622120714	-0.0385262710769	-0.0245890427518	0.0261941596825	0.00270475147333	0.00328892525963	-0.0191457298029	-0.0370199657695	-0.0144777441496	0.00797784787647	-0.0256435874091	0.0100567239038	-0.0370870901486	0.0200834207544	0.0170645955804	-0.00571960659086	-0.0114573280097	-0.00587256391258	-0.0541690876436	-0.00819607321878	-0.0659619688089	0.00232119729999	-0.00141941879331
k__Bacteria;p__Bacteroidetes;c__Bacteroidia;o__Bacteroidales;f__Rikenellaceae;g__Alistipes;s__Alistipes_finegoldii	-0.0286860392326	0.0168713568485	0.0136474464572	0.0187002603065	0.0429529217233	-0.0186086034344	-0.0445305727612	0.0319217641064	1.0	-0.055177223046	0.0323649513961	0.00340464100176	0.0324199210276	-0.0104091910719	-0.0251489314671	-0.028268733552	-0.0463285521702	-0.00811869698849	0.0078922474872	0.0609717593767	0.0249677499068	-0.0180255943805	-0.0487465588699	0.0141855062573	0.0129182859813	-0.109739961064	-0.00253317111929	0.0212162528675	-0.0142093805493	0.0369300813839	-0.072823706765	0.0584833937803	0.0065601947128	-0.0149600350142	-0.0031745515296	-0.0293825853256	-0.101992642726	-0.09659857068	-0.0197928678585	-0.0419340883902	-0.0367512812321	0.0380306899527	-0.0203445284377	-0.00887246144164	0.0624968202824	-0.0250416605322	0.0177598303832	0.0101088514564	-0.0486874170117	-0.045912435532	0.0298650757085	-0.0314569215111	0.00149033293284	0.0311433867358	-0.0192054848459	-0.0415394710786	-0.0244955813493	-0.0442654057872	-0.0250001285794
k__Bacteria;p__Bacteroidetes;c__Bacteroidia;o__Bacteroidales;f__Porphyromonadaceae;g__Parabacteroides;s__Parabacteroides_distasonis	-0.0260104529403	-0.0945651338144	0.0439425402822	-0.0403495143204	-0.0672735086339	-0.0572156187044	-0.0252196873055	-0.00965207459982	-0.055177223046	1.0	-0.0685803375289	-0.0225526925535	0.0138833297659	0.00612573834422	0.0122422239585	0.035775800735	-0.0178997644647	0.0118457869864	0.0648539473974	-0.0363625749397	0.0295754094012	-0.00874126175001	-0.00819796528223	-0.0570283746471	0.0126282069383	-0.102998348997	0.00349138080261	-0.00800044686549	-0.0993930364467	0.0103941070103	0.0388906307698	-0.033494208644	0.00732256058896	-0.0319720888754	0.0273336944953	-0.0363308505265	-0.000860557268881	0.0477033386652	0.0486538923065	0.0594564105515	-0.0700950887825	-0.0695227991629	0.0166681565492	0.0322375384523	-0.0554110861686	0.0176965401378	0.0869850905966	-0.0148347672693	-0.032382225633	0.0106401596275	0.00108617630209	0.0171433242992	0.0347769819782	0.0472462732965	0.0283676008653	-0.0513367523126	0.0460488567958	-0.00531642812921	0.0106861112209
k__Bacteria;p__Bacteroidetes;c__Bacteroidia;o__Bacteroidales;f__Bacteroidaceae;g__Bacteroides;s__Bacteroides_thetaiotaomicron	-0.0245246502777	-0.115314253724	-0.0332618357309	0.00350909742776	0.0478523938969	-0.0429517862309	0.0525032247588	0.0127746315737	0.0323649513961	-0.0685803375289	1.0	0.0554812183806	-0.0491755843548	0.0562742807351	-0.0126485386603	-0.0190391557869	-0.00378728068078	0.0310770373001	0.051611013571	-0.0429154473133	0.0308025044103	-0.0361667750352	0.0465402378282	0.0449598718367	-0.0395121917857	0.017494502787	-0.0161536608863	-0.0159983285029	-0.00701461213887	-0.0213684168232	-0.0230250289583	-0.0491603628589	-0.00911509716887	0.0473817804319	-0.0583291318467	0.0458753117616	-0.0554398309577	0.00646576133778	-0.0405561719624	0.0134010223611	-0.0073771889575	-0.0182519218536	0.0272852784538	-0.0188797160533	0.0156506903887	-0.0478736184935	-0.053104849822	0.00094051245995	-0.00794326858517	0.0041308001458	-0.0324198355125	-0.000444266115887	-0.0692368841533	-0.00578537269805	-0.0783160968519	0.0699162311945	-0.0055883898737	-0.0354257511232	-0.0355311442031
k__Bacteria;p__Bacteroidetes;c__Bacteroidia;o__Bacteroidales;f__Bacteroidaceae;g__Bacteroides;s__Bacteroides_coprocola	-0.0196448247511	-0.00960764339535	0.00775440074699	-0.0277999324073	0.031931117635	-0.034436393478	-0.0339614091539	-0.0314963039807	0.00340464100176	-0.0225526925535	0.0554812183806	1.0	-0.0436019398886	-0.0381933428911	-0.0173702960114	-0.0477812613156	-0.0133393862862	0.00666335811327	0.0251317509392	-0.065129588107	-0.00693200947141	-0.0558223159825	-0.0602078429739	0.0252059007698	-0.050740451111	-0.0436854124274	0.0297047775322	0.0671209883036	-0.0404574438074	-0.0507341994693	0.0419938943389	0.035430237769	0.063024293541	-0.0408767673105	0.0231270322895	-0.0279628402929	-0.0480606300516	-0.00536748883091	-0.00101758151885	0.00302991479169	0.0678853353366	0.0150260042789	-0.00975827551971	-0.0310527877478	0.0531349571469	-0.0547074947649	-0.00824037525512	-0.0590478211807	0.0138863583494	0.0390547064705	0.0244765925728	-0.00316609589026	0.00199113792177	-0.0534392690608	0.0373783234872	0.0549635373449	-0.0121961843491	-0.00736092407983	-0.0357503088691
k__Bacteria;p__Bacteroidetes;c__Bacteroidia;o__Bacteroidales;f__Bacteroidaceae;g__Bacteroides;s__Bacteroides_cellulosilyticus	0.0164289556147	-0.0417928299851	0.0297448893566	-0.0504754123191	0.031019534495	0.0575104048773	-0.0050352985944	-0.0158845743736	0.0324199210276	0.0138833297659	-0.0491755843548	-0.0436019398886	1.0	0.0405002487884	-0.0144339480193	-0.0251899745503	0.0299393621753	-0.0718943983221	-0.0528529765851	0.0430538052737	-0.0638116309633	0.0263423946902	-0.0131608201698	-0.0273874116915	0.0355407242579	0.0215531089103	0.00659052164107	-0.03202713107	-0.0353739616877	-0.0626437509595	-0.0311170414989	-0.00333227683714	0.00711801930618	-0.0261712866558	-0.11226480206	-0.0748595673154	-0.00737748182729	-0.0606805301929	-0.0126138378282	-0.000766862113823	-0.052588994837	-0.00402263524797	-0.0546157453982	0.0554926146961	-0.0304161192413	-0.0203128199898	0.0188256677907	0.0403761523967	0.00527410588054	0.0283033434422	0.00267852828756	-0.0310046804755	-0.0364707656192	-0.0160778613135	-0.050540086157	0.0396775703696	0.0301296030926	0.00349286887535	0.0087721032534
k__Bacteria;p__Bacteroidetes;c__Bacteroidia;o__Bacteroidales;f__Rikenellaceae;g__Alistipes;s__Alistipes_obesi	-0.00148428730499	0.044249202736	-0.0567266447311	0.0580681623945	0.0440937098836	0.088367063492	0.00845652479118	0.0305580262843	-0.0104091910719	0.00612573834422	0.0562742807351	-0.0381933428911	0.0405002487884	1.0	0.0735744741649	0.0676690584262	0.0188741598377	0.0179229956347	-0.0459114324817	0.00421594942802	0.0191142680806	0.000503608256341	0.0120587552425	-0.0805510240221	0.0111625821744	-0.0098767967279	-0.0146113826915	-0.0195905348792	-0.0347162998054	-0.00591408190827	-0.0547347532381	0.0119075953793	-0.0376325753232	0.0114063697397	-0.0680182633707	-0.0193641041948	0.0569967845344	0.00451539829072	-0.00882054197138	0.0466212151981	-0.0341738150533	-0.00809413328947	0.0460708146369	0.00325425422992	-0.0842979836469	-0.0422962487409	0.0188586247634	0.0212845021284	-0.0546906116868	-0.0256828567921	0.071404685124	-0.0559405850372	-0.0667144763966	0.00715846155588	-0.0766152668478	0.0228531626707	-0.0305723520986	-0.00339394997435	-0.0133812763101
k__Bacteria;p__Firmicutes;c__Clostridia;o__Clostridiales;f__Lachnospiraceae;g__;s__[Eubacterium]_rectale	0.0291139373431	-0.000988848645737	0.00252723125043	0.0565532877671	-0.0395128132451	-0.00742271350562	0.0438677583099	-0.000663931126788	-0.0251489314671	0.0122422239585	-0.0126485386603	-0.0173702960114	-0.0144339480193	0.0735744741649	1.0	0.0487615855986	-0.00796275220599	-0.0617437109216	-0.0176651497215	-0.041067124372	0.0466498779911	-0.015640557825	-0.0248752029741	-0.0181646088671	-0.0164630053904	-0.0253053267025	-0.0703607754259	0.0198530999529	0.0366142890847	0.00352322555287	-0.00415366551671	-0.109918005311	0.0283750584884	-0.0224346900891	0.0447764766865	-0.0173842205641	-0.0319638065733	0.0224592221958	-0.031043139988	-0.0109925844734	-0.0536117893366	0.0333206903071	-0.00874047965347	-0.0114269052031	-0.0451959969925	-0.0169655483903	-0.0756826386212	-0.00252043450633	0.0182473552237	-0.080340502906	-0.0614440706585	-0.0306998691536	-0.0443036262223	0.0139792217962	-0.0225757870834	-0.0295006243596	0.0108354810508	-0.00556917058258	-0.0451607469885
k__Bacteria;p__Bacteroidetes;c__Bacteroidia;o__Bacteroidales;f__Bacteroidaceae;g__Bacteroides;s__Bacteroides_plebeius	-0.0373411524196	-0.0191968840377	-0.00635839197871	-0.0582453457776	0.0477125846851	-0.0786395676672	-0.0418447349656	-0.0345261267162	-0.028268733552	0.035775800735	-0.0190391557869	-0.0477812613156	-0.0251899745503	0.0676690584262	0.0487615855986	1.0	0.073978031937	-0.0255431936738	0.0287530878961	-0.0272126959496	-0.00419595279861	0.0847355040371	0.0486788452569	-0.0241172575764	0.054904109119	-0.0258174799405	0.00144160248884	-0.0486651697681	-0.0428807784441	-0.0688306557489	-0.0136345674552	-0.0117830447013	-0.102395665494	-0.0625894825004	0.0170853455882	0.0122650848509	0.0342945313916	0.0137958181772	-0.00519542113622	-0.0214242836891	-0.00742384886554	-0.0162179864325	0.0510902956234	0.0614728207137	0.0277537985883	0.0829724051143	0.0289439519901	-0.00340455301433	-0.0648043921991	-0.0258994196901	-0.0818184476822	-0.0277208381854	-0.115023412984	-0.040591232134	-0.0447018065824	0.0189271177856	-0.0574103153948	-0.0250106214155	0.0570768210012
k__Bacteria;p__Bacteroidetes;c__Bacteroidia;o__Bacteroidales;f__Bacteroidaceae;g__Bacteroides;s__Bacteroides_fragilis	0.010740604537	0.0185239013694	0.0684534900303	0.105238100027	-0.0220169261662	0.00664026177902	-0.0329597107059	0.0338904490613	-0.0463285521702	-0.0178997644647	-0.00378728068078	-0.0133393862862	0.0299393621753	0.0188741598377	-0.00796275220599	0.073978031937	1.0	-0.0201581320583	0.00938252670185	0.011857461498	0.00625377804169	-0.0268095963001	-0.0300711655984	0.012178593665	-0.0488040795835	0.0140738709589	-0.034461598414	0.0310870809083	0.0528458628145	0.0372863991006	-0.0532834904499	-0.0091618377506	-0.0669968692196	-0.0272613839432	0.0253940571932	-0.0136852439705	-0.075115240306	0.0402160513996	0.0208960886348	-0.00104990481963	-0.0108541199314	-8.99911334167e-05	0.0277394437268	-0.032376086986	-0.00479437751375	-0.0167599768955	0.0260606565444	-0.0331329808192	-0.0110645206536	0.0183847913895	-0.0559278916991	0.0110748774674	-0.0872916491849	0.0453179765084	0.0397851913681	-0.0106675083301	0.0177101882172	-0.00554515842868	-0.00491064763338
k__Bacteria;p__Proteobacteria;c__Betaproteobacteria;o__Burkholderiales;f__Sutterellaceae;g__Sutterella;s__Sutterella_wadsworthensis	-0.0061792816152	-0.018207086396	0.0111478731772	-0.0242943222452	0.00559046123255	-0.00509723398392	-0.00587908828823	0.00179165183852	-0.00811869698849	0.0118457869864	0.0310770373001	0.00666335811327	-0.0718943983221	0.0179229956347	-0.0617437109216	-0.0255431936738	-0.0201581320583	1.0	0.0390183126072	-0.027014337068	-0.00258830482973	-0.0332381538884	0.056245098826	-0.0329027552844	0.0422155991908	-0.0769503009283	-0.00791672739548	-0.0703833762959	-0.0443668747768	-0.0160166951068	0.0484638489604	-0.0326729336216	0.0181647350679	-0.0196796133247	-0.0851788655043	0.0209898875938	-0.0217085019236	0.0608736106863	-0.00571287638963	-0.0299133421558	-0.00566452275948	-0.0058444256902	0.0208311989148	-0.0314775262613	-0.0257802114883	-0.0118920304301	-0.0104559286522	0.0459674396733	-0.00935360675808	-0.0944790829998	0.053310713648	-0.00241430835368	0.0271879614365	-0.0235103902265	-0.00580454864659	-0.0411644523206	0.0104317469046	-0.026414516039	-0.0694670790006
k__Bacteria;p__Bacteroidetes;c__Bacteroidia;o__Bacteroidales;f__Porphyromonadaceae;g__Barnesiella;s__Barnesiella_intestinihominis	-0.0677925227589	0.0418698775418	0.050227188789	0.000313997986644	-0.00545330167947	-0.0198615834139	-0.0526856624496	0.00599354424362	0.0078922474872	0.0648539473974	0.051611013571	0.0251317509392	-0.0528529765851	-0.0459114324817	-0.0176651497215	0.0287530878961	0.00938252670185	0.0390183126072	1.0	-0.0338199181728	0.0166618668261	0.030805935762	-0.022723520646	-0.0188418314446	0.00786567974661	-0.0719268291628	-0.0237891731142	-0.0761693279716	0.0400262528646	-0.0330199557673	-0.0238474727293	-0.0771261808547	0.0542130173528	-0.0340718257599	-0.0435061758519	-0.0694695803341	-0.0348749143926	0.0213509207623	-0.00578491482102	0.00705066407919	0.0193378844165	-0.0200191249409	-0.0658599491748	-0.047079815752	0.021196777191	-0.0615787022418	-0.0165395741581	-0.0341327119017	-0.0469348535192	0.0131534841283	0.0290533722221	-0.0142467280445	-0.00452140784167	0.00203421503839	-0.0415397633268	-0.045230007601	-0.0811131194133	0.0620207065517	0.0196502091584
k__Bacteria;p__Bacteroidetes;c__Bacteroidia;o__Bacteroidales;f__Odoribacteraceae;g__Odoribacter;s__Odoribacter_splanchnicus	0.00173249192963	0.0460774609465	0.000885546856833	0.0254786562041	-0.0344689830054	-0.00737890061573	-0.023008388433	0.00619954690303	0.0609717593767	-0.0363625749397	-0.0429154473133	-0.065129588107	0.0430538052737	0.00421594942802	-0.041067124372	-0.0272126959496	0.011857461498	-0.027014337068	-0.0338199181728	1.0	0.000263863104857	-0.00798265597624	-0.0221025030361	-0.0112982094275	0.030323212379	0.0423477139897	-0.0370014756171	-0.0340337259777	0.0044346972496	-0.0406808541107	0.0384062042714	-0.0411792216265	-0.0532101092995	-0.0186705006397	0.017238315812	0.0655047626661	0.039971820596	-0.024327905325	0.0334092176426	-0.0278166324118	-0.0584183915925	-0.0214065888665	0.0889062737004	0.00546392205924	0.008583523996	-0.0494278012839	-0.0698259746581	0.00208857567257	-0.0531600606877	-0.0101896764328	0.00171859744098	0.0922464074453	0.0135599415202	-0.0426149875057	0.00150840873215	-0.0650644309316	0.0351708625528	-0.0445449995694	0.0543680220258
k__Bacteria;p__Bacteroidetes;c__Bacteroidia;o__Bacteroidales;f__Bacteroidaceae;g__Bacteroides;s__Bacteroides_salyersiae	-0.0400032155603	-0.00743657499161	-0.00337678113274	-0.116653284038	-0.086342666008	-0.0116641964114	-0.0125120201543	-0.00159072342593	0.0249677499068	0.0295754094012	0.0308025044103	-0.00693200947141	-0.0638116309633	0.0191142680806	0.0466498779911	-0.00419595279861	0.00625377804169	-0.00258830482973	0.0166618668261	0.000263863104857	1.0	-0.0182330290042	-0.00837304818059	-0.0726213543134	-0.102182897151	0.0657762842995	0.0458487157845	-0.0827822808986	-0.0372736511943	0.00666801682488	0.0363706398491	0.0394959731392	-0.030045232776	0.0406797501226	0.00913436108296	0.0696115879068	0.0301840489348	-0.0312382497995	-0.0259995204337	-0.0227649294928	0.0345266152601	-0.00924135262752	0.019566062501	-0.00210968139202	-0.00288006666235	-0.0271204679535	-0.0990936499604	-0.0707584865543	0.0431330215502	-0.0888478564856	-0.0180344694148	0.0414182347996	-0.0438380856369	0.0730311672362	0.0230818463802	-0.0175375890201	-0.0267791257234	0.0502845661621	-0.0282776767318
k__Bacteria;p__Firmicutes;c__Clostridia;o__Clostridiales;f__Ruminococcaceae;g__Ruminiclostridium;s__[Eubacterium]_siraeum	-0.0352017452405	0.0357653748703	0.0212371704589	-0.0157417415477	0.0346427924435	-0.0262142562129	-0.000828964787539	0.0459343743217	-0.0180255943805	-0.00874126175001	-0.0361667750352	-0.0558223159825	0.0263423946902	0.000503608256341	-0.015640557825	0.0847355040371	-0.0268095963001	-0.0332381538884	0.030805935762	-0.00798265597624	-0.0182330290042	1.0	-0.024901147463	-0.0397130410497	-0.0112941751048	-0.0735635067788	0.0156037575239	-0.0236650116259	-0.0258400233722	0.0269280217121	-0.0451109766881	-0.00438039679864	-0.0166778934715	0.0169187713081	0.0152100663606	-0.00276588143714	-0.0629558688872	-0.0308130371963	-0.0861721522307	0.0268463001089	0.0331980391023	-0.0233474212629	-0.0370782081215	-0.00906347263106	0.0278522748944	0.036517637076	-0.0657196027866	-0.0722364407024	-0.0158677335612	-0.0503321322044	0.0101106539993	0.0637845947408	-0.00101928949147	-0.0465464442366	0.0186834431463	-0.0179103131245	-0.0299643017636	0.00285744202616	-0.0129373452076
k__Bacteria;p__Proteobacteria;c__Betaproteobacteria;o__Burkholderiales;f__Sutterellaceae;g__Parasutterella;s__Parasutterella_excrementihominis	0.0156312792907	-0.039542285024	-0.00376406798805	-0.0649953244914	0.00725115112758	-0.0405523536693	0.00777715556404	-0.0850563608973	-0.0487465588699	-0.00819796528223	0.0465402378282	-0.0602078429739	-0.0131608201698	0.0120587552425	-0.0248752029741	0.0486788452569	-0.0300711655984	0.056245098826	-0.022723520646	-0.0221025030361	-0.00837304818059	-0.024901147463	1.0	-0.0574301403588	-0.0274060365698	0.0059154527243	-0.0140703867272	-0.0194160263715	-0.0156981278619	0.0884698014588	-0.0375169586431	-0.0518663180362	0.0441079780477	0.0528186331565	-0.0180268677413	-0.031208267129	0.0267359896208	-0.0205167932099	-0.0519405891651	-0.00587057110733	-0.0164026415833	0.0190181081133	0.0104278487682	-0.0327343898479	-0.0289853217647	0.00595817904494	-0.0378621662422	-0.00955307111499	-0.0257833312118	0.0465622576512	-0.0375072174953	-0.000919897032107	-0.00384720792602	0.00107166363882	0.0589524368156	0.00044392176664	0.00762783953054	0.0598488487545	-0.00510745218361
k__Bacteria;p__Actinobacteria;c__Actinobacteria;o__Bifidobacteriales;f__Bifidobacteriaceae;g__Bifidobacterium;s__Bifidobacterium_adolescentis	-0.022799275054	0.00669733129005	0.057600961122	0.0471316740199	-0.0504679589241	-0.0300500284523	0.0429473810231	-0.0223367694824	0.0141855062573	-0.0570283746471	0.0449598718367	0.0252059007698	-0.0273874116915	-0.0805510240221	-0.0181646088671	-0.0241172575764	0.012178593665	-0.0329027552844	-0.0188418314446	-0.0112982094275	-0.0726213543134	-0.0397130410497	-0.0574301403588	1.0	-0.00752740863901	-0.00596537941912	-0.0148832412407	0.0333474327375	0.0220786839475	0.0120182354582	0.00397174233611	-0.0443880564952	0.00077334328715	-0.0420228784647	-0.0576298652311	0.0084494780813	-0.0157913007625	-0.0732474851028	-0.0375235428537	0.0471754213552	-0.0640360342577	-0.0721220830216	-0.0285285514383	-0.0420774720976	0.0603354821962	-0.0405172167495	-0.0170471689484	0.0691099336302	0.0570821077174	-0.0488748523574	0.0229524732862	-0.0454802598034	-0.0908383980139	0.0202039967575	0.0433663622452	0.0185142441642	-7.9526597752e-05	-0.0435197430332	0.00501937524157
k__Bacteria;p__Firmicutes;c__Clostridia;o__Clostridiales;f__Oscillospiraceae;g__Oscillibacter;s__Oscillibacter_sp._KLE_1745	0.0284399445447	-0.0870604126419	0.00649829570407	0.0646338457473	-0.0294566430694	-0.050077158824	0.013315494176	-0.0351886913656	0.0129182859813	0.0126282069383	-0.0395121917857	-0.050740451111	0.0355407242579	0.0111625821744	-0.0164630053904	0.054904109119	-0.0488040795835	0.0422155991908	0.00786567974661	0.030323212379	-0.102182897151	-0.0112941751048	-0.0274060365698	-0.00752740863901	1.0	0.0219086167003	-0.0289363202377	0.0338117924148	0.000812082831113	0.00126410265324	0.0215738315152	-0.0389962613849	-0.0321486765134	0.0190893564719	-0.0332247716527	-0.0336081162814	-0.0418649504951	0.0116646665569	0.0505252526586	-0.0265016907574	-0.00526456748433	0.00616176095121	-0.0115102104905	0.0419904381283	-0.0735060295179	-0.0505691241439	-0.0640759000551	0.0847728147358	-0.0341329547499	-0.0128959920935	-0.0487759812776	-0.0967400957779	-0.00937561060832	-0.0151169311438	-0.068967346557	-0.0196934310389	0.0428923877102	0.0366639318402	0.0520169759073
k__Bacteria;p__Bacteroidetes;c__Bacteroidia;o__Bacteroidales;f__Bacteroidaceae;g__Bacteroides;s__Bacteroides_coprophilus	0.00770941842108	-0.00827858217827	0.0156704826024	0.0245029630354	0.0110124586101	-0.105226319917	0.022581062239	-0.0587473655563	-0.109739961064	-0.102998348997	0.017494502787	-0.0436854124274	0.0215531089103	-0.0098767967279	-0.0253053267025	-0.0258174799405	0.0140738709589	-0.0769503009283	-0.0719268291628	0.0423477139897	0.0657762842995	-0.0735635067788	0.0059154527243	-0.00596537941912	0.0219086167003	1.0	0.0627952094652	-0.0227280596004	-0.0237786142442	-0.0340063645958	-0.0198806932004	0.0218425230431	0.0723413783968	0.00019208931497	-0.0776031287848	-0.0325894327091	-0.0739397421438	-0.0376767822	0.02684896733	-0.0369279802067	-0.0231139792293	0.0847412188835	-0.00219123650456	-0.0326476867868	-0.00781518540521	-0.00555981448807	-0.00152736095483	0.00872447583452	0.0536004191254	0.0326789403635	0.029171720359	0.0210506500377	0.040157095439	-0.00384595125136	-0.0291900370783	0.0607923425071	0.0210006757193	-0.00722654083583	0.0390714014991
k__Bacteria;p__Firmicutes;c__Clostridia;o__Clostridiales;f__Lachnospiraceae;g__Roseburia;s__Roseburia_intestinalis	-0.0171036612538	-0.0207423851003	0.0118600958742	0.0129956314771	0.0266164427975	-0.0135880340304	-0.041943514734	0.00624064967234	-0.00253317111929	0.00349138080261	-0.0161536608863	0.0297047775322	0.00659052164107	-0.0146113826915	-0.0703607754259	0.00144160248884	-0.034461598414	-0.00791672739548	-0.0237891731142	-0.0370014756171	0.0458487157845	0.0156037575239	-0.0140703867272	-0.0148832412407	-0.0289363202377	0.0627952094652	1.0	0.0360750490689	-0.0444252634285	-0.0559199684429	0.00462058918944	0.000259271311817	-0.00205552499829	0.0092750262793	-0.036342549726	-0.00468400862447	-0.0827102661148	-0.0711341745991	-0.0569572128962	-0.0610943466946	0.00831802352104	-0.0483039255264	-0.0400789810794	0.0415573332125	-0.0119454156455	0.00316024936068	-0.0399280256809	-0.0144916143175	0.0249041990402	0.0194309155311	-0.0143667361249	-0.0405744463281	0.0412424572272	-0.0164920059351	0.0702119448873	-0.0849570681296	0.0454608266528	0.0025168758535	-0.104955773392
k__Bacteria;p__Firmicutes;c__Clostridia;o__Clostridiales;f__Lachnospiraceae;g__Roseburia;s__Roseburia_hominis	0.0758871835655	0.0495447581577	0.00171749117183	0.0776264020739	0.000361124655612	0.0105665888209	-0.0179830118252	0.0250289571123	0.0212162528675	-0.00800044686549	-0.0159983285029	0.0671209883036	-0.03202713107	-0.0195905348792	0.0198530999529	-0.0486651697681	0.0310870809083	-0.0703833762959	-0.0761693279716	-0.0340337259777	-0.0827822808986	-0.0236650116259	-0.0194160263715	0.0333474327375	0.0338117924148	-0.0227280596004	0.0360750490689	1.0	-0.0806648752091	0.0258195311712	-0.027423459134	0.0296674175889	-0.0335720930846	-0.0438630147998	0.0162002795813	-0.0360815754103	-0.0898937878312	-0.0393391934361	0.0123241832562	-0.0167703059969	-0.0840602575619	-0.00859080721116	0.0416159967101	0.0315799165493	-0.0389111645889	-0.0460721898282	0.0518443001887	0.0932795707765	0.00913788719328	0.0342294578382	0.00847721941021	-0.0103822131436	0.00460132934948	-0.0814176799086	-0.0187874576888	-0.0396546498542	0.0175104225087	0.0137826777016	-0.0629265615044
k__Bacteria;p__Bacteroidetes;c__Bacteroidia;o__Bacteroidales;f__Porphyromonadaceae;g__Parabacteroides;s__Parabacteroides_johnsonii	0.0169066089848	0.0571614963105	-0.0421962026938	-0.0213250276463	0.00245524536595	0.0515793932038	-0.0180491169877	0.030526760826	-0.0142093805493	-0.0993930364467	-0.00701461213887	-0.0404574438074	-0.0353739616877	-0.0347162998054	0.0366142890847	-0.0428807784441	0.0528458628145	-0.0443668747768	0.0400262528646	0.0044346972496	-0.0372736511943	-0.0258400233722	-0.0156981278619	0.0220786839475	0.000812082831113	-0.0237786142442	-0.0444252634285	-0.0806648752091	1.0	-0.0199342851743	-0.0441873502709	-0.0624542460808	-0.0213627653107	0.0815719524187	-0.0268432567658	-0.0647011274038	-0.0338158654932	0.0318602780905	-0.0653756950413	-0.00941550915117	-0.033711319852	-0.0115080683365	0.0106152903215	-0.0572951029482	-0.0212032643507	0.0230879185308	-0.00223510420592	0.0173739967747	0.067098839574	0.0533020103137	-0.0618858003997	0.0299121843077	-0.0629073075214	-0.037008457741	0.0592058266691	-0.019362605145	-0.0583552185404	-0.052529182212	-0.00138763138958
k__Bacteria;p__Actinobacteria;c__Actinobacteria;o__Bifidobacteriales;f__Bifidobacteriaceae;g__Bifidobacterium;s__Bifidobacterium_longum	0.00477249674576	-0.0426256345734	0.0148020677132	-0.00409676441229	-0.0759848121699	0.0932933773056	-0.0671876459212	-0.0391967776144	0.0369300813839	0.0103941070103	-0.0213684168232	-0.0507341994693	-0.0626437509595	-0.00591408190827	0.00352322555287	-0.0688306557489	0.0372863991006	-0.0160166951068	-0.0330199557673	-0.0406808541107	0.00666801682488	0.0269280217121	0.0884698014588	0.0120182354582	0.00126410265324	-0.0340063645958	-0.0559199684429	0.0258195311712	-0.0199342851743	1.0	-0.0170207881825	-0.0641452759279	0.0125491541203	-0.0137272317302	0.0774660483053	0.0226673374932	0.025476286706	0.000146987699805	0.084726735616	0.0229122721619	0.0534845464565	-0.00859313173513	0.0243816043261	0.0143065958358	-0.0187473053861	-0.0314236706942	-0.0358292523748	-0.0344868367141	-0.0260468831053	-0.0587916129838	-0.0475016514511	-0.0145786369092	-0.00538290314084	0.0184362337774	0.00940616752676	-0.0814313776804	0.0148714420394	0.0159057662628	0.00908069795608
