#taxonomy	k__Bacteria;p__Bacteroidetes;c__Bacteroidia;o__Bacteroidales;f__Bacteroidaceae;g__Bacteroides;s__Bacteroides_vulgatus	k__Bacteria;p__Bacteroidetes;c__Bacteroidia;o__Bacteroidales;f__Bacteroidaceae;g__Bacteroides;s__Bacteroides_uniformis	k__Bacteria;p__Bacteroidetes;c__Bacteroidia;o__Bacteroidales;f__Rikenellaceae;g__Alistipes;s__Alistipes_putredinis	k__Bacteria;p__Bacteroidetes;c__Bacteroidia;o__Bacteroidales;f__Prevotellaceae;g__Prevotella;s__Prevotella_copri	k__Bacteria;p__Bacteroidetes;c__Bacteroidia;o__Bacteroidales;f__Bacteroidaceae;g__Bacteroides;s__Bacteroides_stercoris	k__Bacteria;p__Bacteroidetes;c__Bacteroidia;o__Bacteroidales;f__Bacteroidaceae;g__Bacteroides;s__Bacteroides_ovatus	k__Bacteria;p__Bacteroidetes;c__Bacteroidia;o__Bacteroidales;f__Rikenellaceae;g__Alistipes;s__Alistipes_shahii	k__Bacteria;p__Firmicutes;c__Clostridia;o__Clostridiales;f__Ruminococcaceae;g__Faecalibacterium;s__Faecalibacterium_prausnitzii	k__Bacteria;p__Bacteroidetes;c__Bacteroidia;o__Bacteroidales;f__Rikenellaceae;g__Alistipes;s__Alistipes_finegoldii	k__Bacteria;p__Bacteroidetes;c__Bacteroidia;o__Bacteroidales;f__Porphyromonadaceae;g__Parabacteroides;s__Parabacteroides_distasonis	k__Bacteria;p__Bacteroidetes;c__Bacteroidia;o__Bacteroidales;f__Bacteroidaceae;g__Bacteroides;s__Bacteroides_thetaiotaomicron	k__Bacteria;p__Bacteroidetes;c__Bacteroidia;o__Bacteroidales;f__Bacteroidaceae;g__Bacteroides;s__Bacteroides_coprocola	k__Bacteria;p__Bacteroidetes;c__Bacteroidia;o__Bacteroidales;f__Bacteroidaceae;g__Bacteroides;s__Bacteroides_cellulosilyticus	k__Bacteria;p__Bacteroidetes;c__Bacteroidia;o__Bacteroidales;f__Rikenellaceae;g__Alistipes;s__Alistipes_obesi	k__Bacteria;p__Firmicutes;c__Clostridia;o__Clostridiales;f__Lachnospiraceae;g__;s__[Eubacterium]_rectale	k__Bacteria;p__Bacteroidetes;c__Bacteroidia;o__Bacteroidales;f__Bacteroidaceae;g__Bacteroides;s__Bacteroides_plebeius	k__Bacteria;p__Bacteroidetes;c__Bacteroidia;o__Bacteroidales;f__Bacteroidaceae;g__Bacteroides;s__Bacteroides_fragilis	k__Bacteria;p__Proteobacteria;c__Betaproteobacteria;o__Burkholderiales;f__Sutterellaceae;g__Sutterella;s__Sutterella_wadsworthensis	k__Bacteria;p__Bacteroidetes;c__Bacteroidia;o__Bacteroidales;f__Porphyromonadaceae;g__Barnesiella;s__Barnesiella_intestinihominis	k__Bacteria;p__Bacteroidetes;c__Bacteroidia;o__Bacteroidales;f__Odoribacteraceae;g__Odoribacter;s__Odoribacter_splanchnicus	k__Bacteria;p__Bacteroidetes;c__Bacteroidia;o__Bacteroidales;f__Bacteroidaceae;g__Bacteroides;s__Bacteroides_salyersiae	k__Bacteria;p__Firmicutes;c__Clostridia;o__Clostridiales;f__Ruminococcaceae;g__Ruminiclostridium;s__[Eubacterium]_siraeum	k__Bacteria;p__Proteobacteria;c__Betaproteobacteria;o__Burkholderiales;f__Sutterellaceae;g__Parasutterella;s__Parasutterella_excrementihominis	k__Bacteria;p__Actinobacteria;c__Actinobacteria;o__Bifidobacteriales;f__Bifidobacteriaceae;g__Bifidobacterium;s__Bifidobacterium_adolescentis	k__Bacteria;p__Firmicutes;c__Clostridia;o__Clostridiales;f__Oscillospiraceae;g__Oscillibacter;s__Oscillibacter_sp._KLE_1745	k__Bacteria;p__Bacteroidetes;c__Bacteroidia;o__Bacteroidales;f__Bacteroidaceae;g__Bacteroides;s__Bacteroides_coprophilus	k__Bacteria;p__Firmicutes;c__Clostridia;o__Clostridiales;f__Lachnospiraceae;g__Roseburia;s__Roseburia_intestinalis	k__Bacteria;p__Firmicutes;c__Clostridia;o__Clostridiales;f__Lachnospiraceae;g__Roseburia;s__Roseburia_hominis	k__Bacteria;p__Bacteroidetes;c__Bacteroidia;o__Bacteroidales;f__Porphyromonadaceae;g__Parabacteroides;s__Parabacteroides_johnsonii	k__Bacteria;p__Actinobacteria;c__Actinobacteria;o__Bifidobacteriales;f__Bifidobacteriaceae;g__Bifidobacterium;s__Bifidobacterium_longum	k__Bacteria;p__Firmicutes;c__Clostridia;o__Clostridiales;f__;g__Flavonifractor;s__Flavonifractor_plautii	k__Bacteria;p__Firmicutes;c__Clostridia;o__Clostridiales;f__Clostridiaceae;g__Clostridium;s__Clostridium_phoceensis	k__Bacteria;p__Verrucomicrobia;c__Verrucomicrobiae;o__Verrucomicrobiales;f__Akkermansiaceae;g__Akkermansia;s__Akkermansia_muciniphila	k__Bacteria;p__Bacteroidetes;c__Bacteroidia;o__Bacteroidales;f__Prevotellaceae;g__Paraprevotella;s__Paraprevotella_xylaniphila	k__Bacteria;p__Firmicutes;c__Clostridia;o__Clostridiales;f__Ruminococcaceae;g__Ruminococcus;s__Ruminococcus_callidus	k__Bacteria;p__Bacteroidetes;c__Bacteroidia;o__Bacteroidales;f__Rikenellaceae;g__Alistipes;s__Alistipes_senegalensis	k__Bacteria;p__Firmicutes;c__Clostridia;o__Clostridiales;f__Lachnospiraceae;g__Blautia;s__Blautia_sp._KLE_1732	k__Bacteria;p__Bacteroidetes;c__Bacteroidia;o__Bacteroidales;f__Bacteroidaceae;g__Bacteroides;s__Bacteroides_oleiciplenus	k__Bacteria;p__Firmicutes;c__Clostridia;o__Clostridiales;f__Ruminococcaceae;g__Ruminococcus;s__Ruminococcus_bicirculans	k__Bacteria;p__Bacteroidetes;c__Bacteroidia;o__Bacteroidales;f__Bacteroidaceae;g__Bacteroides;s__Bacteroides_fluxus	k__Bacteria;p__Bacteroidetes;c__Bacteroidia;o__Bacteroidales;f__Prevotellaceae;g__Prevotella;s__Prevotella_stercorea	k__Bacteria;p__Firmicutes;c__Clostridia;o__Clostridiales;f__Lachnospiraceae;g__Dorea;s__Dorea_longicatena	k__Bacteria;p__Firmicutes;c__Clostridia;o__Clostridiales;f__Eubacteriaceae;g__Eubacterium;s__[Eubacterium]_eligens	k__Bacteria;p__Firmicutes;c__Clostridia;o__Clostridiales;f__Ruminococcaceae;g__;s__Ruminococcaceae_bacterium_D16	k__Bacteria;p__Firmicutes;c__Clostridia;o__Clostridiales;f__Lachnospiraceae;g__Coprococcus;s__Coprococcus_comes	k__Bacteria;p__Proteobacteria;c__Gammaproteobacteria;o__Enterobacterales;f__Enterobacteriaceae;g__Escherichia;s__Escherichia_coli	k__Bacteria;p__Firmicutes;c__Clostridia;o__Clostridiales;f__Ruminococcaceae;g__Anaerotruncus;s__Anaerotruncus_colihominis	k__Bacteria;p__Firmicutes;c__Clostridia;o__Clostridiales;f__Lachnospiraceae;g__Blautia;s__Blautia_obeum	k__Bacteria;p__Bacteroidetes;c__Bacteroidia;o__Bacteroidales;f__Odoribacteraceae;g__Odoribacter;s__Odoribacter_laneus	k__Bacteria;p__Firmicutes;c__Clostridia;o__Clostridiales;f__Ruminococcaceae;g__Ruminiclostridium;s__[Clostridium]_leptum	k__Bacteria;p__Bacteroidetes;c__Bacteroidia;o__Bacteroidales;f__Porphyromonadaceae;g__Parabacteroides;s__Parabacteroides_goldsteinii	k__Bacteria;p__Firmicutes;c__Clostridia;o__Clostridiales;f__Lachnospiraceae;g__Anaerostipes;s__Anaerostipes_hadrus	k__Bacteria;p__Firmicutes;c__Clostridia;o__Clostridiales;f__Ruminococcaceae;g__Ruminococcus;s__Ruminococcus_lactaris	k__Bacteria;p__Firmicutes;c__Clostridia;o__Clostridiales;f__Clostridiaceae;g__Clostridium;s__Clostridium_sp._L2-50	k__Bacteria;p__Firmicutes;c__Clostridia;o__Clostridiales;f__Clostridiaceae;g__Clostridium;s__Clostridium_sp._M62/1	k__Bacteria;p__Firmicutes;c__Clostridia;o__Clostridiales;f__;g__Intestinimonas;s__Intestinimonas_butyriciproducens	k__Bacteria;p__Actinobacteria;c__Actinobacteria;o__Bifidobacteriales;f__Bifidobacteriaceae;g__Bifidobacterium;s__Bifidobacterium_bifidum	k__Bacteria;p__Firmicutes;c__Negativicutes;o__Veillonellales;f__Veillonellaceae;g__Dialister;s__Dialister_invisus	k__Bacteria;p__Bacteroidetes;c__Bacteroidia;o__Bacteroidales;f__Bacteroidaceae;g__Bacteroides;s__Bacteroides_salanitronis
k__Bacteria;p__Bacteroidetes;c__Bacteroidia;o__Bacteroidales;f__Bacteroidaceae;g__Bacteroides;s__Bacteroides_vulgatus	1.0	-0.00237596725341	-0.0122805225175	-0.034391194318	-0.0109027876256	-0.0185123851993	-0.107631882919	-0.000114287766799	0.0526695261283	-0.0538312267815	-0.00413130140575	-0.0254457231489	0.0171427444329	0.0536442162607	-0.0320123350964	0.0172702873385	-0.0477965290258	0.0419456789609	0.07951987817	0.0121310517229	-0.0124549820106	0.0391462329255	0.00802639279076	0.0370129043218	-0.0414157158384	0.0056518132091	-0.0190290059354	-0.0850918917723	-0.0489940080849	-0.0135870887102	-0.0605549607082	-0.074277073965	-0.07508169241	0.029202430501	-0.0282085698365	0.0134648069154	-0.0531542791703	0.0237083342287	0.0199992838086	-0.00175035403206	0.0213980746226	-0.0685372181673	0.0344722131536	-0.0238553153552	-0.0547392202507	0.0186503992978	-0.0236248932019	0.00740529518951	-0.010001017468	-0.0140546596519	-0.0140884197074	0.0332375968181	-0.0387370251742	-0.0543154844818	-0.0636817694738	-0.0688378119873	0.00679428057582	0.015471741391	0.0357630367429
k__Bacteria;p__Bacteroidetes;c__Bacteroidia;o__Bacteroidales;f__Bacteroidaceae;g__Bacteroides;s__Bacteroides_uniformis	-0.00237596725341	1.0	-0.0433489723323	-0.0582753992729	-0.0300821478183	0.0270550375251	-0.0348371537518	0.0527487192957	-0.0275766210287	0.0587636228169	-0.0139000529447	0.0382537501572	-0.0692155911756	-0.059025653414	-0.00477520831077	-0.0207171336582	0.0445961030569	0.0350656176902	-0.008217164861	0.0357275153562	-0.0343619706988	-0.0515325628816	-0.0505321773854	0.0231393785443	-0.012528733434	0.00990747835037	0.00220611976112	-0.01848988463	-0.0839066131412	-0.0468425499989	0.0156259621814	0.0191693738673	0.0506527358214	0.0136245698929	0.0925103008246	-0.0885653156284	-0.0729624199896	-0.0498716269573	-0.0485160756894	-0.0410984599875	-0.0161389966621	-0.0144235524418	0.0416190635799	-0.0066027251048	-0.0377945704885	-0.050380353988	-0.0194931199608	-0.00256236895879	0.0188279631711	-0.000272433225752	0.0397343315769	-0.0959010643024	0.0163370635082	0.0131120900953	-0.0738330744066	0.0278951104228	-0.0184629055503	-0.00797664971089	0.0438153964434
k__Bacteria;p__Bacteroidetes;c__Bacteroidia;o__Bacteroidales;f__Rikenellaceae;g__Alistipes;s__Alistipes_putredinis	-0.0122805225175	-0.0433489723323	1.0	-0.026798097765	0.0583465988835	-0.0559746552684	-0.0406466740163	-0.0451461877313	0.0635114547683	0.000207835001274	-0.0118060032873	-0.0123269694391	0.0143675202463	-0.0404147526039	-0.0774505949949	0.06028006012	0.00904281115834	-0.0109942734344	0.0215129228533	-0.0359848050048	0.0164438090169	0.0426917381417	0.027220925882	-0.0875242318817	-0.00351189559869	-0.00409055027161	-0.00441625405857	-0.0216946624048	-0.0259399422372	-0.0269608718638	0.0132495297912	0.0153206145086	-0.00209974965418	0.0326664710381	0.00631123365788	-0.0559144266552	0.0105804230314	-0.0542383045601	-0.0090188035741	0.0291006892946	0.0176748335817	-0.0522430788709	-0.0273317108608	-0.0642265263725	-0.0205418412179	-0.0139439767719	-0.001111575981	-0.00589069012369	0.0701060510306	-0.0691152316187	0.00689261748827	0.0358090842382	0.0607751381403	-0.0382739688312	-0.0425215708211	-0.00831084460828	-0.0354499005815	0.0061550244976	-0.0525148652394
k__Bacteria;p__Bacteroidetes;c__Bacteroidia;o__Bacteroidales;f__Prevotellaceae;g__Prevotella;s__Prevotella_copri	-0.034391194318	-0.0582753992729	-0.026798097765	1.0	0.0229475576947	0.0303460280103	-0.0342362404182	0.0894996890182	-0.0620820403159	0.0682431992398	-0.0588324870574	0.0180894961655	-0.0322952347309	-0.0227200689313	-0.042691883196	-0.0395520526045	0.0229920693827	0.0809736676896	-0.101454750039	-0.0918635082708	-0.0458951697874	-0.0512412578195	0.0637541611002	-0.0426479223654	-0.00717791216913	-0.0168607223431	-0.0277263134769	-0.061876679427	-4.53896719583e-05	-0.0285609857033	0.00636917597328	-0.0391969760199	0.0169481902653	0.0564654319481	-0.0246408399899	0.068112460778	-0.027453410876	-0.0425581928408	-0.0742793384775	-0.073789669973	-0.00283635735741	-0.0168920305109	0.00281128568168	-0.00851236309848	-0.0451846452256	-0.00400637600382	-0.000412133622759	-0.00826039044656	0.0398334116755	-0.0536404480062	0.00160504346862	0.0407168322725	-0.0201948667549	-0.0412540923762	0.0116447861572	-0.0627174245782	0.0117351256586	0.0221519561737	0.0295119531897
k__Bacteria;p__Bacteroidetes;c__Bacteroidia;o__Bacteroidales;f__Bacteroidaceae;g__Bacteroides;s__Bacteroides_stercoris	-0.0109027876256	-0.0300821478183	0.0583465988835	0.0229475576947	1.0	-0.0457416161987	-0.00109287796168	-0.0185465532932	-0.0805133184613	0.0578660751488	0.0143947033159	0.0580805509829	0.00734188086325	-0.0177845796834	0.0496884532609	-0.0252002653877	0.065228410468	-0.0791979027263	-0.0162519053123	-0.0414262386628	0.0327052764694	-0.0999482427803	-0.0165617315137	-0.00614956571215	0.0647206195396	0.00388731972392	-0.00670378933294	0.00661183293448	-0.0422782115536	-0.0265523479324	-0.0595020916697	-0.00633253773082	-0.0391894555874	0.00859678740997	-0.0169539975995	-0.0155311141347	0.0203464363555	-0.0740172087597	-0.03437427262	-0.0776902477718	-0.0386599095329	-0.0719193045055	-0.00928019094587	-0.0391267388439	0.0242411182019	-0.0432300594251	0.0414687889032	0.0015615777076	-0.00799454517438	-0.0442095675102	-0.0158520195007	0.0455105859496	0.0159159966078	0.0496485343679	-0.0118629021076	-0.0522372909941	-0.0079780258462	0.011450849267	0.0425847979679
k__Bacteria;p__Bacteroidetes;c__Bacteroidia;o__Bacteroidales;f__Bacteroidaceae;g__Bacteroides;s__Bacteroides_ovatus	-0.0185123851993	0.0270550375251	-0.0559746552684	0.0303460280103	-0.0457416161987	1.0	0.0080192386406	0.047873514174	-0.0523458596676	-0.0275624731079	0.00848736280141	0.00517781439753	0.00013441085874	-0.028512206976	0.0138073909881	0.0256260427598	-0.0572132858974	-0.0111960409075	0.0313147269635	0.0326294239127	-0.0374578045545	-0.0204776997468	-0.0237683333667	-0.0115307535178	0.0551380407179	-0.00401440130339	0.00383389967398	0.00180969359081	-0.0206642327272	0.00635883686699	-0.0128559302244	-0.0302144657151	0.00362096977857	0.0425668793694	0.037334433968	-0.00588464396005	-0.00790720608198	-0.0350356159597	-0.000384070141878	-0.00478120939981	-0.0578702536698	-0.0528726286128	-0.0227066219182	0.0563886227713	0.0181982145112	-0.000523187442224	-0.0288978935812	0.00232090338768	-0.010434123569	0.00454539634616	-0.0773205626533	-0.118183509903	0.0346908935163	-0.0356577195333	-0.00165236853975	0.049299957571	0.0119804973093	-0.103526237823	0.0539753276744
k__Bacteria;p__Bacteroidetes;c__Bacteroidia;o__Bacteroidales;f__Rikenellaceae;g__Alistipes;s__Alistipes_shahii	-0.107631882919	-0.0348371537518	-0.0406466740163	-0.0342362404182	-0.00109287796168	0.0080192386406	1.0	-0.0245155167396	-0.0203982219067	0.0389707094068	-0.0569551427777	-0.0260963962322	-0.00271713348755	0.0180939610841	-0.0358538536375	-0.0502305279611	0.00511990301233	-0.0609561659552	0.0275027113453	-0.0398602532571	-0.0359225017182	-0.0408533698885	0.00373839971806	0.0562642594091	0.0321206352289	0.00406999478433	0.0191987835616	0.037954810819	-0.0643354777144	0.0444344197786	0.019300283368	-0.0245641879054	-0.048789247932	-0.0146209986582	0.0132896605823	-0.0537887828295	-0.0551544336225	-0.0138195021138	-0.0342874018533	0.0230679425003	0.0553949627475	-0.0575357516576	-0.0558460363069	0.0219756407377	-0.0459083003801	0.0298836010474	0.00874740834642	-0.0484551977448	-0.00135710033436	-0.0449239552481	0.0311552191168	-0.00224380426496	-0.0392060771298	0.00133823725778	0.00438182359321	-0.0296841794188	-0.0164704250279	0.0303177564612	0.0281582025973
k__Bacteria;p__Firmicutes;c__Clostridia;o__Clostridiales;f__Ruminococcaceae;g__Faecalibacterium;s__Faecalibacterium_prausnitzii	-0.000114287766799	0.0527487192957	-0.0451461877313	0.0894996890182	-0.0185465532932	0.047873514174	-0.0245155167396	1.0	0.0178708980696	-0.0693513001479	-0.00790744256127	-0.123408763465	0.0354006167772	-0.0449601672751	0.0185255876136	-0.110611602645	0.0175071135735	-0.00565933507665	-0.0578844802032	-0.0753402050828	-0.0167792467829	0.0202825117394	0.0354677514338	-0.00344198585299	0.0120511893433	-0.0843132130061	-0.0181102405798	-0.0517352117947	-0.0934548553814	0.0226328469846	-0.00434557843859	0.0751801049577	0.0673837596124	-0.000140810835506	-0.0537367205978	0.00116039121274	0.00123703036517	0.00146165350497	0.0446382508366	0.0343371632935	0.0380928494342	0.0608720172824	-0.0269714557707	0.0429359610993	0.0317055845359	0.0104130457692	-0.0738473546297	0.00213058007518	0.0100483241287	-0.0112767475456	0.0319211217258	0.0165926242738	-0.00505331085381	-0.0185862242939	0.0981778652882	0.060976834822	-0.0392255928889	-0.0280541291486	-0.0212101095205
k__Bacteria;p__Bacteroidetes;c__Bacteroidia;o__Bacteroidales;f__Rikenellaceae;g__Alistipes;s__Alistipes_finegoldii	0.0526695261283	-0.0275766210287	0.0635114547683	-0.0620820403159	-0.0805133184613	-0.0523458596676	-0.0203982219067	0.0178708980696	1.0	-0.0203612721164	0.0530100916781	-0.0710701740522	-0.0348574248898	0.011096268701	0.01225689838	-0.0761807966274	0.0258195592856	0.00718591541994	-0.0126673765889	0.00974797148405	0.00169894311245	0.0359839585332	-0.0289302698142	-0.0197756713613	-0.00757426438064	-0.0848159891375	-0.0985839836348	-0.0633313889626	0.046084108982	-0.0486530871631	-0.00289608613134	-0.00338006204266	0.044034474841	0.00787419739156	0.000893992977823	-0.0755376025652	-0.0212236666494	-0.035952829468	-0.00233935447163	-0.0482900672334	0.0498422471949	-0.015667529837	-0.0356069553386	-0.0242276640835	-0.069064660049	-0.0184348424519	0.000662165478651	-0.0478621816338	-0.00230604117698	0.0739180130124	0.0939199805908	0.0147747445705	0.0154004571004	-0.061374332404	-0.0528411016234	0.0359185829899	0.0130866550572	-0.00181566659148	-0.0351825613377
k__Bacteria;p__Bacteroidetes;c__Bacteroidia;o__Bacteroidales;f__Porphyromonadaceae;g__Parabacteroides;s__Parabacteroides_distasonis	-0.0538312267815	0.0587636228169	0.000207835001274	0.0682431992398	0.0578660751488	-0.0275624731079	0.0389707094068	-0.0693513001479	-0.0203612721164	1.0	0.00154598979455	0.0055063807238	0.00949410422414	-0.0340458413786	-0.0354615535719	-0.0226046320266	-0.0475129732222	-0.0209495787621	-0.0366263414144	-0.0217038690187	0.0386762727453	-0.00954808176976	-0.0196932543528	-0.0276467288778	0.0281319737281	-0.0384396543835	-0.0051258737726	-0.0664875916788	-0.0067438653184	0.0523301118812	-0.0411231027201	0.00102511625917	0.0271875778289	-0.0168437814231	-0.00039486888894	-0.0249687787866	-0.0356768956149	-0.0412380852145	-0.00269360004278	-0.0314382294776	-0.020288647012	0.0469783626643	0.0616034127923	0.0167963170996	-0.00701847976052	-0.0326131554976	0.00907389454569	0.0196926256189	-0.0339912110666	-0.0416317961732	-0.0451311010703	-0.0851155221659	-0.0656122387346	0.00914717768511	-0.0182600302116	-0.0285098039793	0.0107806716768	0.0113226346807	0.012510558574
k__Bacteria;p__Bacteroidetes;c__Bacteroidia;o__Bacteroidales;f__Bacteroidaceae;g__Bacteroides;s__Bacteroides_thetaiotaomicron	-0.00413130140575	-0.0139000529447	-0.0118060032873	-0.0588324870574	0.0143947033159	0.00848736280141	-0.0569551427777	-0.00790744256127	0.0530100916781	0.00154598979455	1.0	-0.0154334867387	-0.0254687974054	-0.00757986327342	-0.00240652254763	-0.00299349152529	0.0296449539428	0.0317407531533	-0.073308736956	0.0124861871389	-0.0167325903208	-0.0532212455902	-0.025338243532	-0.034517985506	-0.0900460420051	0.00148185200091	0.00341283407081	-0.0522724221214	0.0212479478471	-0.00780703879826	-0.0210558195223	0.043423326974	-0.0462517308951	-0.0628706347974	0.0345106256217	-0.0436487042564	-0.0772187108745	-0.0572340971324	0.0717020266367	-0.0580416092887	0.0300226349994	0.00528593667086	0.0589785041471	-0.0204955626415	-0.0201618894231	-0.0127542901513	0.031754786568	-0.0385448946098	-0.0149218482511	0.0171060181659	-0.018287227235	-0.0114996422128	-0.0652950414855	0.00873891580298	-0.055217237542	-0.0127694456404	-0.0364084158404	-0.0470435681789	0.0217015612856
k__Bacteria;p__Bacteroidetes;c__Bacteroidia;o__Bacteroidales;f__Bacteroidaceae;g__Bacteroides;s__Bacteroides_coprocola	-0.0254457231489	0.0382537501572	-0.0123269694391	0.0180894961655	0.0580805509829	0.00517781439753	-0.0260963962322	-0.123408763465	-0.0710701740522	0.0055063807238	-0.0154334867387	1.0	0.0450426803292	0.056701628795	0.00628482173674	-0.0375974771518	-0.0800770135192	0.00911849439298	-0.06608408758	0.0556901681269	0.0164877014787	-0.0572231172468	0.0125707712719	-0.00142530502736	-0.041955341564	0.0496136711942	0.00379737352432	0.00161035713085	0.00386983700381	-0.0302925499847	0.000473703139351	0.00107326226068	0.0294953464877	-0.0634684145048	-0.0164111035433	-0.035576410175	0.00231949098237	0.000140279991495	0.0152503713566	0.0104005229112	-0.0209668354215	-0.0190089775683	0.00424581848939	-0.125708677374	-0.0399037331483	0.0141601510504	-0.0351094145972	-0.0768447688142	0.0454198462926	-0.0439376653898	0.0107179004861	0.0275780831548	-0.0049485914765	-0.0196233496945	-0.0484625872511	-0.0602643135593	0.00642083376756	-0.0390232906136	-0.00665145814916
k__Bacteria;p__Bacteroidetes;c__Bacteroidia;o__Bacteroidales;f__Bacteroidaceae;g__Bacteroides;s__Bacteroides_cellulosilyticus	0.0171427444329	-0.0692155911756	0.0143675202463	-0.0322952347309	0.00734188086325	0.000134410858739	-0.00271713348755	0.0354006167772	-0.0348574248898	0.00949410422414	-0.0254687974054	0.0450426803292	1.0	0.010905754583	0.0255005121871	-0.0176104509325	0.0353943588763	-0.0915481317751	-0.0454001824624	0.0145353666137	0.0346969691246	0.00406073134432	-0.0305148141566	0.013905000837	0.0246464113078	0.00759464640656	0.017830019198	-0.0210077057108	0.0111929629115	-0.0790399340572	-0.0548012270114	-0.0636941195932	0.0850645352458	-0.0785409347338	0.0591009533284	0.00956487055686	-0.0313900142239	0.0196061390893	-0.0377327227008	-0.0384217632942	0.0307314260431	-0.0573896704102	0.028949372726	-0.033166714591	-0.0287107076325	0.00246228678087	-0.0175527756168	-0.10034639367	0.0345692971993	0.0290993827892	0.0893725433727	-0.0374075509495	-0.0566745734492	0.0134505610999	-0.0672840905157	-0.0496632765341	-0.0118830247064	-0.020119128216	-0.0885340276203
k__Bacteria;p__Bacteroidetes;c__Bacteroidia;o__Bacteroidales;f__Rikenellaceae;g__Alistipes;s__Alistipes_obesi	0.0536442162607	-0.059025653414	-0.0404147526039	-0.0227200689313	-0.0177845796834	-0.028512206976	0.0180939610841	-0.0449601672751	0.011096268701	-0.0340458413786	-0.00757986327342	0.056701628795	0.010905754583	1.0	-0.0511015149043	0.0161019741666	-0.0408619668493	-0.00925736043091	-0.0155280884213	-0.0342431185525	0.0104268524145	-0.0133025594329	-0.0110694863983	0.0746014093563	0.0386749825517	0.0159473803904	-0.0312155087475	0.0736824911313	-0.0586113592667	-0.00218217748254	-0.0413879621677	0.0281618176835	0.067435235005	-0.0265416782769	-0.0272819965659	-0.0710348142261	0.07245883453	-0.0026636283247	-0.00623031315007	-0.0219733799802	-0.0274807036521	-0.00907147212197	-0.00144764622974	-0.0207197330492	0.0631151775876	0.0234365968903	0.0372044987582	-0.012114752171	0.0130826825433	-0.0168867741991	-0.0398827504632	-0.044936708963	0.0114686675638	0.0520177752398	0.0621030667122	-0.0673074312366	0.00302465991587	-0.090337832025	-0.0555568344411
k__Bacteria;p__Firmicutes;c__Clostridia;o__Clostridiales;f__Lachnospiraceae;g__;s__[Eubacterium]_rectale	-0.0320123350964	-0.00477520831077	-0.0774505949949	-0.042691883196	0.0496884532609	0.0138073909881	-0.0358538536375	0.0185255876136	0.01225689838	-0.0354615535719	-0.00240652254763	0.00628482173674	0.0255005121871	-0.0511015149043	1.0	-0.0500826641263	0.00546674372115	0.0379387956315	-0.0432525350162	-0.0363616198107	-0.032046518753	-0.0276327030314	-0.0373237852881	-0.000540395935756	-0.00176519378303	0.00912654913154	0.0220313162977	0.0136359873733	-0.022027308315	-0.028742313145	0.0187025341101	-0.0122281458244	0.0204707689367	-0.0387283391656	0.00526507401349	-0.00586912867999	0.0116559753651	0.000801895715951	-0.0652747539566	-0.0128548741382	0.0072917722343	0.0207244192984	-0.0205626461451	-0.00942016259188	-0.0280283895389	-0.0207481436974	-0.0336885036898	0.0692764350096	0.00542653387963	0.0419696998961	-0.00594417142461	0.0586784662916	0.0228658218757	0.118768025663	-0.0159325391276	0.0195106951376	-0.0860343767159	0.000821158453861	-0.0453569566667
k__Bacteria;p__Bacteroidetes;c__Bacteroidia;o__Bacteroidales;f__Bacteroidaceae;g__Bacteroides;s__Bacteroides_plebeius	0.0172702873385	-0.0207171336582	0.06028006012	-0.0395520526045	-0.0252002653877	0.0256260427598	-0.0502305279611	-0.110611602645	-0.0761807966274	-0.0226046320266	-0.00299349152529	-0.0375974771518	-0.0176104509325	0.0161019741666	-0.0500826641263	1.0	-0.00131762723154	-0.0471502251432	0.0884600932478	-0.00192991771208	0.0236467368653	0.00687135686105	0.00885447256587	-0.0383942077901	-0.0414321718287	0.0439808182823	0.0206663236824	0.0957213137903	0.0107785041712	0.0240018949141	0.0148344979473	0.0422362285506	-0.0314334130338	-0.0452680033264	-0.0193316257155	0.0219542535436	4.08781334669e-05	0.0106438789785	0.0175550400195	-0.0555391683813	-0.0445196732636	-0.0205498619922	0.0196317656385	-0.00028439512121	-0.104997183325	-0.0149853205225	-0.0304020406654	-0.0357437228038	0.0258713217646	0.0400946294431	-0.0138566283875	0.0771405723294	-0.0177892640008	-0.0605154512652	-0.0680098688115	-0.0728984212388	0.0239375948856	-0.0103470807646	0.036956081305
k__Bacteria;p__Bacteroidetes;c__Bacteroidia;o__Bacteroidales;f__Bacteroidaceae;g__Bacteroides;s__Bacteroides_fragilis	-0.0477965290258	0.0445961030569	0.00904281115834	0.0229920693827	0.065228410468	-0.0572132858974	0.00511990301233	0.0175071135735	0.0258195592856	-0.0475129732222	0.0296449539428	-0.0800770135192	0.0353943588763	-0.0408619668493	0.00546674372115	-0.00131762723154	1.0	0.0125054499273	-0.00348392300725	-0.0142372025597	0.00725341404129	0.00222113872311	0.0329764929833	-0.00580001478617	-0.0231459271474	0.0438707720919	0.0160197317693	0.0155853305932	0.0236804397049	-0.0719277314003	-0.0109158185844	0.038706075172	-0.00969856651883	0.0667172769747	0.0526656348963	0.0164759880017	-0.0308745937832	0.0348229210857	-0.0225912059011	-0.109995282385	0.0167034952881	-0.0389120818914	0.0523365145875	-0.00650218682686	-0.11071236798	-0.0693288177338	0.0172571544359	0.00341457474334	-0.066505911109	-0.0315690702885	0.0510393192901	-0.0312672047578	-0.00917055228693	-0.00107849311018	0.00624690560586	-0.0638308640415	-0.00447787768078	-0.0558207970245	0.00899385613449
k__Bacteria;p__Proteobacteria;c__Betaproteobacteria;o__Burkholderiales;f__Sutterellaceae;g__Sutterella;s__Sutterella_wadsworthensis	0.0419456789609	0.0350656176902	-0.0109942734344	0.0809736676896	-0.0791979027263	-0.0111960409075	-0.0609561659552	-0.00565933507665	0.00718591541994	-0.0209495787621	0.0317407531533	0.00911849439298	-0.0915481317751	-0.00925736043091	0.0379387956315	-0.0471502251432	0.0125054499273	1.0	-0.0144832071942	0.00162324498767	-0.0257134560617	0.0899576590585	-0.0506446846699	0.00615243475477	-0.0194130647806	0.0180406191413	-0.111846933387	-0.0820676921732	0.0553415657004	0.044833906203	0.0142403720696	0.00310958359149	0.0494338302438	-0.0790243123736	-0.0755427657903	-0.011900437577	0.0310891733988	0.00496291238548	-0.0232164784515	0.00315578431018	-0.0550380697432	-0.0186357178936	0.0386163904514	-0.0375203404387	-0.0763829162181	-0.0319552403983	-0.0930260195782	0.0121179613869	-0.021379825887	-0.0242422796333	0.0304097132466	0.0153593737813	-0.00575205491069	0.0659756209752	-0.0358839880491	0.00181425379396	-0.0156436387844	0.0648954803426	-0.00274865944454
k__Bacteria;p__Bacteroidetes;c__Bacteroidia;o__Bacteroidales;f__Porphyromonadaceae;g__Barnesiella;s__Barnesiella_intestinihominis	0.07951987817	-0.008217164861	0.0215129228533	-0.101454750039	-0.0162519053123	0.0313147269635	0.0275027113453	-0.0578844802032	-0.0126673765889	-0.0366263414144	-0.073308736956	-0.06608408758	-0.0454001824624	-0.0155280884213	-0.0432525350162	0.0884600932478	-0.00348392300725	-0.0144832071942	1.0	-0.012400635267	-0.0323676567227	-0.0392474998305	-0.0463041185134	0.00534997498891	0.0968887320685	-0.00385378435802	-0.00501509177104	0.0429610358983	-0.0246738244179	-0.00598303145699	0.00350055351877	0.0388837077379	-0.015449075214	-0.0560296533742	-0.0688535199134	0.0275305481563	-0.0176124193796	0.0298771404891	0.0342142096354	-0.0415446895328	-0.0310408206413	-0.0834185492535	-0.06777129106	-0.002747807398	-0.00706375070904	-0.0422678557225	-0.0336854300203	0.0196506419164	0.00387820218799	0.0145455378536	0.0260254623518	-0.0258291504949	-0.00168521017073	-0.0872608464011	-0.0294914750249	0.000999561406699	0.0471617047661	-0.0424992665281	-0.0345642079847
k__Bacteria;p__Bacteroidetes;c__Bacteroidia;o__Bacteroidales;f__Odoribacteraceae;g__Odoribacter;s__Odoribacter_splanchnicus	0.0121310517229	0.0357275153562	-0.0359848050048	-0.0918635082708	-0.0414262386628	0.0326294239127	-0.0398602532571	-0.0753402050828	0.00974797148405	-0.0217038690187	0.0124861871389	0.0556901681269	0.0145353666137	-0.0342431185525	-0.0363616198107	-0.00192991771208	-0.0142372025597	0.00162324498767	-0.012400635267	1.0	-0.0280877595458	-0.0346033975134	-0.0728208712751	-0.0838566419228	-0.0231406813515	-0.0203671072702	-0.0197524286125	-0.0380320806887	0.0556045701845	0.0129320563546	-0.0806553490351	-0.00853323437401	0.00470519233759	-0.0163343183632	-0.0187133775529	-0.0516331698047	-0.0285539485666	-0.0977192010734	-0.0282108730795	0.00957825692753	0.0305994727104	0.0093337687285	0.0729740022601	0.0358509954214	-0.0409407160496	-0.043186390041	-0.0115038040559	0.0502866634945	-0.0458073264869	0.0116856489116	-0.021118389523	-0.0442809655623	-0.0398607265303	0.00370904006305	0.0186715738766	0.0645179326785	0.0507146057262	-0.0572855029445	-0.00452700717119
k__Bacteria;p__Bacteroidetes;c__Bacteroidia;o__Bacteroidales;f__Bacteroidaceae;g__Bacteroides;s__Bacteroides_salyersiae	-0.0124549820106	-0.0343619706988	0.0164438090169	-0.0458951697874	0.0327052764694	-0.0374578045545	-0.0359225017182	-0.0167792467829	0.00169894311245	0.0386762727453	-0.0167325903208	0.0164877014787	0.0346969691246	0.0104268524145	-0.032046518753	0.0236467368653	0.00725341404129	-0.0257134560617	-0.0323676567227	-0.0280877595458	1.0	0.0133671581022	0.0339033852115	0.0248140395672	0.00875661164992	-0.0609650805485	0.0135949893309	0.0209642153367	-0.0400102258271	-0.012251111615	-0.0778448269172	-0.0479161066132	-0.0490895052888	0.0657539566506	-0.102987599274	-2.84587461962e-05	0.00440832073698	-0.013860632213	-0.0107295526002	0.0472692400456	0.0418573276694	-0.0238916229009	-0.0181179441294	-0.0365266329876	-0.0300405748117	-0.0262832103726	0.0705094820121	-0.0368539155108	-0.0475567421278	-0.0549864119185	-0.0768332245369	-0.102201962918	-0.00311125690534	-0.0550666105209	-0.0305428864029	0.0137814258815	0.0527732004443	-0.027882442237	0.00837912895427
k__Bacteria;p__Firmicutes;c__Clostridia;o__Clostridiales;f__Ruminococcaceae;g__Ruminiclostridium;s__[Eubacterium]_siraeum	0.0391462329255	-0.0515325628816	0.0426917381417	-0.0512412578195	-0.0999482427803	-0.0204776997468	-0.0408533698885	0.0202825117394	0.0359839585332	-0.00954808176976	-0.0532212455902	-0.0572231172468	0.00406073134432	-0.0133025594329	-0.0276327030314	0.00687135686105	0.00222113872311	0.0899576590585	-0.0392474998305	-0.0346033975134	0.0133671581022	1.0	-0.0389717271692	0.0103549050852	-0.0109545329754	-0.0729880724408	0.00193522602327	-0.0187025386328	-0.00465504069838	-0.0578625402693	-0.0223951232565	-0.0240944121331	0.0370785022407	0.019427856418	-0.0310386456317	-0.0292010269498	-0.0423716421272	0.0202433093544	0.0340792033807	-0.0107841372796	-0.0277185782498	-0.056750321516	-0.012580012744	-0.00112076349332	0.0430323738017	-0.0168977645346	-0.0868979874452	0.0349588477808	-0.0136935356408	0.025659477885	-0.0577400916401	0.0534102157848	0.00745805593283	0.0702154917862	-0.0206002605607	0.0417775760298	0.10317125321	-0.071159462624	0.0204393295168
k__Bacteria;p__Proteobacteria;c__Betaproteobacteria;o__Burkholderiales;f__Sutterellaceae;g__Parasutterella;s__Parasutterella_excrementihominis	0.00802639279076	-0.0505321773854	0.027220925882	0.0637541611002	-0.0165617315137	-0.0237683333667	0.00373839971806	0.0354677514338	-0.0289302698142	-0.0196932543528	-0.025338243532	0.0125707712719	-0.0305148141566	-0.0110694863983	-0.0373237852881	0.00885447256587	0.0329764929833	-0.0506446846699	-0.0463041185134	-0.0728208712751	0.0339033852115	-0.0389717271692	1.0	-0.0456823203432	-0.00921260998687	-0.0103200954326	-0.0465066970912	0.0547472232967	-0.00871415624614	-0.0309495827932	0.00515727291762	-0.0580531358826	0.0211701449428	-0.0680521718032	-0.029128141474	-0.00376178480603	-0.00546601369976	0.00723506392349	-0.142111848885	-0.0270232819959	-0.00738554186479	0.0529294136405	-0.0308451999855	-0.0115393370484	-0.0337855861615	-0.0103161648628	-0.0265521664182	-0.0282070334927	-0.0134827926504	-0.0518397965032	0.0111683206289	0.0402180891653	0.0121519960099	-0.0497672151065	0.0528008907544	0.000698590839672	-0.0673208755938	0.0405791648147	0.0614709047002
k__Bacteria;p__Actinobacteria;c__Actinobacteria;o__Bifidobacteriales;f__Bifidobacteriaceae;g__Bifidobacterium;s__Bifidobacterium_adolescentis	0.0370129043218	0.0231393785443	-0.0875242318817	-0.0426479223654	-0.00614956571215	-0.0115307535178	0.0562642594091	-0.00344198585299	-0.0197756713613	-0.0276467288778	-0.034517985506	-0.00142530502736	0.013905000837	0.0746014093563	-0.000540395935756	-0.0383942077901	-0.00580001478617	0.00615243475477	0.00534997498891	-0.0838566419228	0.0248140395672	0.0103549050852	-0.0456823203432	1.0	0.0288974842815	0.0393086108548	0.024393355578	-0.0239891696702	-0.0563408621216	-0.0805412058863	-0.0239139068965	0.0173989475517	0.0159145473365	-0.0446887299469	0.0229956139196	0.0671498189824	-0.0865110897238	0.0107838118492	-0.0463402861159	0.029998191141	0.011362387032	-0.022548261932	-0.0361034165374	0.0184115289582	-0.0566728873629	0.0716553869066	-0.0232665911665	-0.0299483345351	0.00394786794134	-0.0555338715009	0.0557222024482	0.0414517403248	-0.0104330522555	-0.0364118187432	-0.00529976664655	0.0253235079726	0.0405857865522	-0.045164393515	0.0216117489573
k__Bacteria;p__Firmicutes;c__Clostridia;o__Clostridiales;f__Oscillospiraceae;g__Oscillibacter;s__Oscillibacter_sp._KLE_1745	-0.0414157158384	-0.012528733434	-0.00351189559869	-0.00717791216913	0.0647206195396	0.0551380407179	0.0321206352289	0.0120511893433	-0.00757426438064	0.0281319737281	-0.0900460420051	-0.041955341564	0.0246464113078	0.0386749825517	-0.00176519378303	-0.0414321718287	-0.0231459271474	-0.0194130647806	0.0968887320685	-0.0231406813515	0.00875661164992	-0.0109545329754	-0.00921260998687	0.0288974842815	1.0	-0.0106534148715	0.0100631471993	-0.0117710891687	-0.0130207031757	-0.0726407021607	-0.00185832249284	0.00471721409562	0.0333973140536	-0.0395042362064	-0.0565542885757	-0.00621699743108	-0.0299512923029	-0.0547630667969	0.07532215728	-0.0259835785301	-0.0633398322832	-0.0221264940011	-0.048151680238	-0.027832225512	-0.0997072093234	0.000579480553529	-0.0414470879813	0.0333949062422	0.00378745238476	0.0022136774537	-0.117673319599	-0.00932604208372	0.00140652626375	0.00467978954887	-0.0318125644392	0.00773403748733	-0.0148958329806	-0.0579137418722	-0.0735954368346
k__Bacteria;p__Bacteroidetes;c__Bacteroidia;o__Bacteroidales;f__Bacteroidaceae;g__Bacteroides;s__Bacteroides_coprophilus	0.0056518132091	0.00990747835037	-0.00409055027161	-0.0168607223431	0.00388731972392	-0.00401440130339	0.00406999478433	-0.0843132130061	-0.0848159891375	-0.0384396543835	0.00148185200091	0.0496136711942	0.00759464640656	0.0159473803904	0.00912654913154	0.0439808182823	0.0438707720919	0.0180406191413	-0.00385378435802	-0.0203671072702	-0.0609650805485	-0.0729880724408	-0.0103200954326	0.0393086108548	-0.0106534148715	1.0	-0.00938368544578	0.00673801475334	-0.0172550840192	0.000292291403712	-0.0135402076299	-0.111264231909	-0.00381915755163	-0.00486059193939	-0.00702642133112	-0.0111095487177	0.0812723085057	-0.0491493977725	-0.00515062652581	-0.0213169039909	-0.0514005098622	-0.0312867652763	-0.0209911504585	0.0211224089452	-0.0143640790836	-0.0102048443716	0.0124401025172	-0.0909955404895	-0.0119303716073	-0.0547855640672	-0.0228938954136	-0.000595444155694	-0.0201787096056	-0.023611804403	0.030813495634	-0.0896913686001	-0.0751974646061	-0.0174592993767	0.0153505325854
k__Bacteria;p__Firmicutes;c__Clostridia;o__Clostridiales;f__Lachnospiraceae;g__Roseburia;s__Roseburia_intestinalis	-0.0190290059354	0.00220611976112	-0.00441625405857	-0.0277263134769	-0.00670378933294	0.00383389967398	0.0191987835616	-0.0181102405798	-0.0985839836348	-0.0051258737726	0.00341283407081	0.00379737352432	0.017830019198	-0.0312155087475	0.0220313162977	0.0206663236824	0.0160197317693	-0.111846933387	-0.00501509177104	-0.0197524286125	0.0135949893309	0.00193522602327	-0.0465066970912	0.024393355578	0.0100631471993	-0.00938368544578	1.0	-0.0411346708403	-0.0365921271629	0.0104500586868	-0.0170415460013	0.00830024707247	-0.0510084430867	0.00530627302304	-0.0205433372824	-0.0434921669883	0.0924758896237	-0.0353265994469	-0.0109512474093	-0.0800639472985	-0.00641825716863	-0.0587715952776	-0.0668415077276	0.0267870329511	0.0349240878666	0.0174440798859	0.0209251088535	-0.0540513211387	0.0144815586222	-0.00112418200643	0.00427854538475	0.00743811801135	-0.00189526335005	0.0272495304322	-0.0369355111878	0.0243086934885	-0.107899300675	0.0214621213651	0.0205385520376
k__Bacteria;p__Firmicutes;c__Clostridia;o__Clostridiales;f__Lachnospiraceae;g__Roseburia;s__Roseburia_hominis	-0.0850918917723	-0.01848988463	-0.0216946624048	-0.061876679427	0.00661183293448	0.00180969359081	0.037954810819	-0.0517352117947	-0.0633313889626	-0.0664875916788	-0.0522724221214	0.00161035713085	-0.0210077057108	0.0736824911313	0.0136359873733	0.0957213137903	0.0155853305932	-0.0820676921732	0.0429610358983	-0.0380320806887	0.0209642153367	-0.0187025386328	0.0547472232967	-0.0239891696702	-0.0117710891687	0.00673801475334	-0.0411346708403	1.0	-0.0477416068439	-0.00465534914873	-0.0261025659802	0.00721850437068	-0.000614066647309	-0.0595026119472	-0.0417714109435	0.0259251669858	0.000808461097911	-0.046339567226	-0.0417151237008	-0.0432035955483	-0.0196384919348	-0.0494216959799	-0.0943473257612	-0.0247554202031	-0.0384704522877	-0.0915224453247	-0.0171944084196	-0.0233709939187	0.0026715894261	0.0726059446907	-0.00865849524419	0.0418771344001	-0.00221581655298	-0.0344509671275	-0.0302939703741	0.00159142489917	0.0138164120538	-0.0233846360252	0.040782098021
k__Bacteria;p__Bacteroidetes;c__Bacteroidia;o__Bacteroidales;f__Porphyromonadaceae;g__Parabacteroides;s__Parabacteroides_johnsonii	-0.0489940080849	-0.0839066131412	-0.0259399422372	-4.53896719583e-05	-0.0422782115536	-0.0206642327272	-0.0643354777144	-0.0934548553814	0.046084108982	-0.0067438653184	0.0212479478471	0.00386983700381	0.0111929629115	-0.0586113592667	-0.022027308315	0.0107785041712	0.0236804397049	0.0553415657004	-0.0246738244179	0.0556045701845	-0.0400102258271	-0.00465504069838	-0.00871415624614	-0.0563408621216	-0.0130207031757	-0.0172550840192	-0.0365921271629	-0.0477416068439	1.0	0.0269484264337	0.0257018555075	-0.0238183145354	-0.0315889136522	-0.015716407312	0.0344906192097	-0.0653087498397	-0.00478588346566	0.0322568379457	0.0215745134468	-0.00431799483152	0.0300746439848	-0.0622105345177	0.00200406323373	-0.0176095519881	-0.072934928692	-0.0318049612361	-0.0307597959744	0.0542368822813	-0.00403429690144	0.00634731987797	0.0143565402064	0.0563833767486	0.00162898357442	0.0390585051179	-0.0547435738596	-0.0731578533934	0.0292727407845	0.035726517267	-0.0358344252172
k__Bacteria;p__Actinobacteria;c__Actinobacteria;o__Bifidobacteriales;f__Bifidobacteriaceae;g__Bifidobacterium;s__Bifidobacterium_longum	-0.0135870887102	-0.0468425499989	-0.0269608718638	-0.0285609857033	-0.0265523479324	0.00635883686699	0.0444344197786	0.0226328469846	-0.0486530871631	0.0523301118812	-0.00780703879826	-0.0302925499847	-0.0790399340572	-0.00218217748254	-0.028742313145	0.0240018949141	-0.0719277314003	0.044833906203	-0.00598303145699	0.0129320563546	-0.012251111615	-0.0578625402693	-0.0309495827932	-0.0805412058863	-0.0726407021607	0.000292291403711	0.0104500586868	-0.00465534914873	0.0269484264337	1.0	-0.0181753596538	-0.0327516475058	0.00406917835365	0.0528432601101	0.0321311514987	-0.0118520957884	0.0612394312005	-0.00541640756329	-0.0283933958851	0.0201943759992	-0.0415144520126	-0.0342865793372	-0.0829199623896	0.028269930733	0.0179276360354	-0.0631007268419	0.00178533380456	0.0150832666038	0.0341044674354	-0.0246322441369	-0.0336349573354	0.00678282276468	-0.0352362534586	-0.0434905442862	0.0110808228191	0.0486979693085	0.015619769441	0.00284949635086	0.0143063866138
