#taxonomy	k__Bacteria;p__Bacteroidetes;c__Bacteroidia;o__Bacteroidales;f__Bacteroidaceae;g__Bacteroides;s__Bacteroides_vulgatus	k__Bacteria;p__Bacteroidetes;c__Bacteroidia;o__Bacteroidales;f__Bacteroidaceae;g__Bacteroides;s__Bacteroides_uniformis	k__Bacteria;p__Bacteroidetes;c__Bacteroidia;o__Bacteroidales;f__Rikenellaceae;g__Alistipes;s__Alistipes_putredinis	k__Bacteria;p__Bacteroidetes;c__Bacteroidia;o__Bacteroidales;f__Prevotellaceae;g__Prevotella;s__Prevotella_copri	k__Bacteria;p__Bacteroidetes;c__Bacteroidia;o__Bacteroidales;f__Bacteroidaceae;g__Bacteroides;s__Bacteroides_stercoris	k__Bacteria;p__Bacteroidetes;c__Bacteroidia;o__Bacteroidales;f__Bacteroidaceae;g__Bacteroides;s__Bacteroides_ovatus	k__Bacteria;p__Bacteroidetes;c__Bacteroidia;o__Bacteroidales;f__Rikenellaceae;g__Alistipes;s__Alistipes_shahii	k__Bacteria;p__Firmicutes;c__Clostridia;o__Clostridiales;f__Ruminococcaceae;g__Faecalibacterium;s__Faecalibacterium_prausnitzii	k__Bacteria;p__Bacteroidetes;c__Bacteroidia;o__Bacteroidales;f__Rikenellaceae;g__Alistipes;s__Alistipes_finegoldii	k__Bacteria;p__Bacteroidetes;c__Bacteroidia;o__Bacteroidales;f__Porphyromonadaceae;g__Parabacteroides;s__Parabacteroides_distasonis	k__Bacteria;p__Bacteroidetes;c__Bacteroidia;o__Bacteroidales;f__Bacteroidaceae;g__Bacteroides;s__Bacteroides_thetaiotaomicron	k__Bacteria;p__Bacteroidetes;c__Bacteroidia;o__Bacteroidales;f__Bacteroidaceae;g__Bacteroides;s__Bacteroides_coprocola	k__Bacteria;p__Bacteroidetes;c__Bacteroidia;o__Bacteroidales;f__Bacteroidaceae;g__Bacteroides;s__Bacteroides_cellulosilyticus	k__Bacteria;p__Bacteroidetes;c__Bacteroidia;o__Bacteroidales;f__Rikenellaceae;g__Alistipes;s__Alistipes_obesi	k__Bacteria;p__Firmicutes;c__Clostridia;o__Clostridiales;f__Lachnospiraceae;g__;s__[Eubacterium]_rectale	k__Bacteria;p__Bacteroidetes;c__Bacteroidia;o__Bacteroidales;f__Bacteroidaceae;g__Bacteroides;s__Bacteroides_plebeius	k__Bacteria;p__Bacteroidetes;c__Bacteroidia;o__Bacteroidales;f__Bacteroidaceae;g__Bacteroides;s__Bacteroides_fragilis	k__Bacteria;p__Proteobacteria;c__Betaproteobacteria;o__Burkholderiales;f__Sutterellaceae;g__Sutterella;s__Sutterella_wadsworthensis	k__Bacteria;p__Bacteroidetes;c__Bacteroidia;o__Bacteroidales;f__Porphyromonadaceae;g__Barnesiella;s__Barnesiella_intestinihominis	k__Bacteria;p__Bacteroidetes;c__Bacteroidia;o__Bacteroidales;f__Odoribacteraceae;g__Odoribacter;s__Odoribacter_splanchnicus	k__Bacteria;p__Bacteroidetes;c__Bacteroidia;o__Bacteroidales;f__Bacteroidaceae;g__Bacteroides;s__Bacteroides_salyersiae	k__Bacteria;p__Firmicutes;c__Clostridia;o__Clostridiales;f__Ruminococcaceae;g__Ruminiclostridium;s__[Eubacterium]_siraeum	k__Bacteria;p__Proteobacteria;c__Betaproteobacteria;o__Burkholderiales;f__Sutterellaceae;g__Parasutterella;s__Parasutterella_excrementihominis	k__Bacteria;p__Actinobacteria;c__Actinobacteria;o__Bifidobacteriales;f__Bifidobacteriaceae;g__Bifidobacterium;s__Bifidobacterium_adolescentis	k__Bacteria;p__Firmicutes;c__Clostridia;o__Clostridiales;f__Oscillospiraceae;g__Oscillibacter;s__Oscillibacter_sp._KLE_1745	k__Bacteria;p__Bacteroidetes;c__Bacteroidia;o__Bacteroidales;f__Bacteroidaceae;g__Bacteroides;s__Bacteroides_coprophilus	k__Bacteria;p__Firmicutes;c__Clostridia;o__Clostridiales;f__Lachnospiraceae;g__Roseburia;s__Roseburia_intestinalis	k__Bacteria;p__Firmicutes;c__Clostridia;o__Clostridiales;f__Lachnospiraceae;g__Roseburia;s__Roseburia_hominis	k__Bacteria;p__Bacteroidetes;c__Bacteroidia;o__Bacteroidales;f__Porphyromonadaceae;g__Parabacteroides;s__Parabacteroides_johnsonii	k__Bacteria;p__Actinobacteria;c__Actinobacteria;o__Bifidobacteriales;f__Bifidobacteriaceae;g__Bifidobacterium;s__Bifidobacterium_longum	k__Bacteria;p__Firmicutes;c__Clostridia;o__Clostridiales;f__;g__Flavonifractor;s__Flavonifractor_plautii	k__Bacteria;p__Firmicutes;c__Clostridia;o__Clostridiales;f__Clostridiaceae;g__Clostridium;s__Clostridium_phoceensis	k__Bacteria;p__Verrucomicrobia;c__Verrucomicrobiae;o__Verrucomicrobiales;f__Akkermansiaceae;g__Akkermansia;s__Akkermansia_muciniphila	k__Bacteria;p__Bacteroidetes;c__Bacteroidia;o__Bacteroidales;f__Prevotellaceae;g__Paraprevotella;s__Paraprevotella_xylaniphila	k__Bacteria;p__Firmicutes;c__Clostridia;o__Clostridiales;f__Ruminococcaceae;g__Ruminococcus;s__Ruminococcus_callidus	k__Bacteria;p__Bacteroidetes;c__Bacteroidia;o__Bacteroidales;f__Rikenellaceae;g__Alistipes;s__Alistipes_senegalensis	k__Bacteria;p__Firmicutes;c__Clostridia;o__Clostridiales;f__Lachnospiraceae;g__Blautia;s__Blautia_sp._KLE_1732	k__Bacteria;p__Bacteroidetes;c__Bacteroidia;o__Bacteroidales;f__Bacteroidaceae;g__Bacteroides;s__Bacteroides_oleiciplenus	k__Bacteria;p__Firmicutes;c__Clostridia;o__Clostridiales;f__Ruminococcaceae;g__Ruminococcus;s__Ruminococcus_bicirculans	k__Bacteria;p__Bacteroidetes;c__Bacteroidia;o__Bacteroidales;f__Bacteroidaceae;g__Bacteroides;s__Bacteroides_fluxus	k__Bacteria;p__Bacteroidetes;c__Bacteroidia;o__Bacteroidales;f__Prevotellaceae;g__Prevotella;s__Prevotella_stercorea	k__Bacteria;p__Firmicutes;c__Clostridia;o__Clostridiales;f__Lachnospiraceae;g__Dorea;s__Dorea_longicatena	k__Bacteria;p__Firmicutes;c__Clostridia;o__Clostridiales;f__Eubacteriaceae;g__Eubacterium;s__[Eubacterium]_eligens	k__Bacteria;p__Firmicutes;c__Clostridia;o__Clostridiales;f__Ruminococcaceae;g__;s__Ruminococcaceae_bacterium_D16	k__Bacteria;p__Firmicutes;c__Clostridia;o__Clostridiales;f__Lachnospiraceae;g__Coprococcus;s__Coprococcus_comes	k__Bacteria;p__Proteobacteria;c__Gammaproteobacteria;o__Enterobacterales;f__Enterobacteriaceae;g__Escherichia;s__Escherichia_coli	k__Bacteria;p__Firmicutes;c__Clostridia;o__Clostridiales;f__Ruminococcaceae;g__Anaerotruncus;s__Anaerotruncus_colihominis	k__Bacteria;p__Firmicutes;c__Clostridia;o__Clostridiales;f__Lachnospiraceae;g__Blautia;s__Blautia_obeum	k__Bacteria;p__Bacteroidetes;c__Bacteroidia;o__Bacteroidales;f__Odoribacteraceae;g__Odoribacter;s__Odoribacter_laneus	k__Bacteria;p__Firmicutes;c__Clostridia;o__Clostridiales;f__Ruminococcaceae;g__Ruminiclostridium;s__[Clostridium]_leptum	k__Bacteria;p__Bacteroidetes;c__Bacteroidia;o__Bacteroidales;f__Porphyromonadaceae;g__Parabacteroides;s__Parabacteroides_goldsteinii	k__Bacteria;p__Firmicutes;c__Clostridia;o__Clostridiales;f__Lachnospiraceae;g__Anaerostipes;s__Anaerostipes_hadrus	k__Bacteria;p__Firmicutes;c__Clostridia;o__Clostridiales;f__Ruminococcaceae;g__Ruminococcus;s__Ruminococcus_lactaris	k__Bacteria;p__Firmicutes;c__Clostridia;o__Clostridiales;f__Clostridiaceae;g__Clostridium;s__Clostridium_sp._L2-50	k__Bacteria;p__Firmicutes;c__Clostridia;o__Clostridiales;f__Clostridiaceae;g__Clostridium;s__Clostridium_sp._M62/1	k__Bacteria;p__Firmicutes;c__Clostridia;o__Clostridiales;f__;g__Intestinimonas;s__Intestinimonas_butyriciproducens	k__Bacteria;p__Actinobacteria;c__Actinobacteria;o__Bifidobacteriales;f__Bifidobacteriaceae;g__Bifidobacterium;s__Bifidobacterium_bifidum	k__Bacteria;p__Firmicutes;c__Negativicutes;o__Veillonellales;f__Veillonellaceae;g__Dialister;s__Dialister_invisus	k__Bacteria;p__Bacteroidetes;c__Bacteroidia;o__Bacteroidales;f__Bacteroidaceae;g__Bacteroides;s__Bacteroides_salanitronis
k__Bacteria;p__Bacteroidetes;c__Bacteroidia;o__Bacteroidales;f__Bacteroidaceae;g__Bacteroides;s__Bacteroides_vulgatus	1.0	-0.0450542953786	0.0789195059939	-0.0498929287494	-0.0191145099894	0.00762701287307	-0.0237454548973	0.0256673826061	0.00162365348932	0.0932285609725	-0.0178592440364	-0.0347208217992	-0.0836395258633	-0.0502800561397	0.0316762287347	0.0263000113704	-0.0432242865381	-0.0155377618327	-0.0468140007	-0.0253930332279	0.0257219692977	0.0194384535828	-0.0304995089307	-0.0293787722412	-0.08537101528	-0.0109024182011	0.0956225229601	0.0381995446762	-0.0243778024478	-0.0290790231195	0.0440464931136	-0.0469322484527	-0.109338648526	-0.0321143465197	-0.0711019074036	-0.0382543781366	-0.00749579303442	-0.0500687150107	-0.0322316031278	-0.0268413912845	-0.0376206514105	0.0292569001368	0.0223557153212	0.00198289781609	-0.0120989624534	-0.0322453135003	0.0696117089802	-0.0464601908227	0.0273291031216	0.00225888835427	-0.00211434143576	-0.0226835073559	-0.0108028057886	0.0391742048586	0.0357285108158	0.0216013520534	0.0868521208955	-0.0619323773176	0.0478763927115
k__Bacteria;p__Bacteroidetes;c__Bacteroidia;o__Bacteroidales;f__Bacteroidaceae;g__Bacteroides;s__Bacteroides_uniformis	-0.0450542953786	1.0	-0.0130967755843	0.0291133022943	0.00474021794499	-0.0334027781202	0.0405500278043	-0.10388779422	0.0712548789783	0.0144608685825	0.0669135876704	-0.0294929803648	0.00511575029073	-0.0226152553018	-0.0177926263505	0.057814925939	-0.0156169898855	0.00167820046417	0.0186905115249	0.00863671249431	-0.0465603271928	0.0068846185599	-0.00432574252925	0.0102490505623	-0.0403798188209	0.0206539239997	0.034908196255	-0.0804002610067	0.0428530594677	-0.0449316396439	-0.00658061854207	-0.022983470963	0.060663307394	0.0567548325437	-0.0317335192231	-0.0570829425026	0.0418465376856	-0.0490431994105	-0.0269700674851	-0.0378131855112	-0.0334476137417	-0.0198519368745	-0.0303000000204	0.0170627014237	0.00683580374065	-0.0076783929522	-0.0388027012722	-0.0196396527033	0.0138938345284	-0.0817329644978	0.04442965195	-0.0498948671955	0.0310325014	-0.025944939556	0.0167359616288	-0.0515127014319	-0.0101243075897	-0.0618374306421	0.0220793526286
k__Bacteria;p__Bacteroidetes;c__Bacteroidia;o__Bacteroidales;f__Rikenellaceae;g__Alistipes;s__Alistipes_putredinis	0.0789195059939	-0.0130967755843	1.0	0.00093889293201	0.0120784993512	0.00468549523206	-0.0895846657314	0.00746846209223	-0.0850054506606	-0.07276625401	-0.0124745124062	-0.0125218576976	0.0107478730191	-0.0242257153233	0.00298225641689	0.0396394171025	-0.00524192806921	0.0333694503202	0.0136270339529	0.00322848810575	-0.00998653864807	-0.0582407253192	-0.0339541520539	-0.032000308388	0.0500793388233	0.0223148248974	-0.0592027021354	0.010615804399	-0.0908480392384	0.012944480754	0.0494396134246	-0.0121355422456	-0.0251491615834	-0.00478544266679	-0.0567677894299	-0.0699106546829	0.00902594033842	-0.0970521933456	-0.0341806417677	-0.0476349763567	0.000167626605753	-0.0203371135571	-0.0838871982911	-0.0549675143452	0.0028771857293	-0.0140516652807	-0.0591606702517	0.0454171799156	-0.00789877839696	0.00663252299714	-0.0456119120948	-0.0147270151627	0.0436796932286	-0.0789274831271	0.0297543041156	0.0401229554505	0.059813520667	-0.0736848948474	-0.0607562597159
k__Bacteria;p__Bacteroidetes;c__Bacteroidia;o__Bacteroidales;f__Prevotellaceae;g__Prevotella;s__Prevotella_copri	-0.0498929287494	0.0291133022943	0.00093889293201	1.0	-0.0308495555145	-0.025124994765	-0.0189451663021	0.0269896587424	-0.0298832241115	0.0323789402752	-0.00877716972823	0.00670378503364	-0.0104896814314	0.0724924117245	-0.0644472638295	0.0543867934354	0.00726945842585	0.0484708709982	-0.0329377584245	0.0382749726321	-0.0527373764126	0.0424737835256	0.0734608401762	0.0352673652432	-0.075140787616	-0.0321486819594	-0.0221622453905	-0.0434200708647	0.0540065404188	-0.0210340413364	-0.11148097692	-0.0359199191757	-0.101798982547	-0.0372833757066	0.00885961606038	0.000306142287629	0.079950019355	-0.0717655973168	-0.00667835316324	0.00749324681701	-0.0478751765139	-0.0323848350597	-0.0614489744178	-0.0650374797481	-0.0202771549826	-0.0455096244121	-0.00462665525767	-0.0230055497008	-0.0336453863021	-0.0107410355261	-0.0453185875501	0.0374784534597	-0.0617735374945	0.00314724028505	-0.0336833804424	-0.0289811159761	0.0203624873011	-0.0457919638577	-0.0265692222091
k__Bacteria;p__Bacteroidetes;c__Bacteroidia;o__Bacteroidales;f__Bacteroidaceae;g__Bacteroides;s__Bacteroides_stercoris	-0.0191145099894	0.00474021794499	0.0120784993512	-0.0308495555145	1.0	0.025431065656	-0.00691234775488	-0.0445092009436	-0.0245103839245	-0.122518278394	-0.00759685298046	-0.0178345340586	-0.0131472488801	0.0127412075105	-0.0997990479652	-0.03788128551	0.000101717510771	0.0784660619545	-0.00844886525361	0.0447406227009	-0.00388260386274	-0.00703815542007	-0.0584314245195	-0.0835723125022	0.0199257779435	0.0439474126364	-0.00711389246954	0.0276583435126	-0.0259177551593	0.0107958620759	-0.00102615661828	0.00365100845504	-0.0188468559465	0.0139101496997	-0.0423013069443	-0.0652824244702	-0.0628157379794	-0.0121189407991	-0.0295612082426	0.0104878250004	-0.0987567347096	-0.027726954373	-0.00867944655587	-0.0949638946586	-0.0283997836801	-0.018601963945	-0.0147699975616	0.0231167833131	0.0517630559644	0.0476375825839	0.0145817202709	-0.0232141819076	0.00775068104223	0.078675680973	-0.0614728663498	0.00971328815793	-0.0490215163861	-0.0275040351569	0.00666403102493
k__Bacteria;p__Bacteroidetes;c__Bacteroidia;o__Bacteroidales;f__Bacteroidaceae;g__Bacteroides;s__Bacteroides_ovatus	0.00762701287307	-0.0334027781202	0.00468549523206	-0.025124994765	0.025431065656	1.0	-0.0035554075861	-0.0260427927189	-0.036428413722	-0.0259695789293	-0.0328964357156	0.0133550526383	-0.0510855626112	-0.00992217954095	0.00849697726185	-0.0255810194629	-0.0304061945702	-0.0219470010556	-0.0417329134861	0.0491369909199	-0.0121359841827	0.0229748223895	-0.0388986737424	0.0472957790073	0.0692683948273	-0.00350874536165	-0.0548652322641	-0.000212645291161	0.022631397446	-0.0189767239998	0.0328641742696	-0.0371278622703	0.00769763619715	0.0568592543065	-0.0100185303439	-0.0415443254647	-0.0235787286614	0.0475464116432	-0.073380333338	-0.0318133301631	-0.0144063392481	-0.0178411275443	-0.0425905218675	0.0152445364047	0.026050596049	-0.0133627034095	0.0912463913844	0.0084268951407	-0.0145113641297	-0.0204481215455	-0.0015558415753	-0.0284129707408	2.99321093681e-05	-0.0554254991561	0.016030977266	-0.0763960918672	-0.0331174816794	-0.0750979225326	0.0087771797642
k__Bacteria;p__Bacteroidetes;c__Bacteroidia;o__Bacteroidales;f__Rikenellaceae;g__Alistipes;s__Alistipes_shahii	-0.0237454548973	0.0405500278043	-0.0895846657314	-0.0189451663021	-0.00691234775488	-0.0035554075861	1.0	-0.00614531087282	0.0543610777157	-0.0299153453462	-0.00731272836251	-0.0244103569191	-0.0916240804652	-0.0115395292831	0.0395389112182	-0.0324752362932	-0.0678321341248	-0.00580928952655	0.0418269690285	-0.0404823550629	-0.015641593619	0.0208512225823	0.057092065069	0.00968713030246	-0.0316838069133	-0.0220305017055	-0.0204307197373	0.0384004458676	0.0308445957051	0.00321550412341	-0.000445950811246	-0.0334062525141	0.0316222751092	-0.0232027754348	0.0336520236432	0.0396231749979	0.0349707037878	0.00328213584474	0.0121320759306	-0.0235772878357	-0.0256695599705	0.020329352895	0.0112776948325	-0.0526461644107	-0.0246443851738	0.0241025629452	-0.0379864553898	-0.0574953521571	-0.066069630787	-0.0321812025429	0.0268684323346	-0.0321444030636	-0.0093233488235	0.00326051426483	0.000860614225718	0.025374526934	0.00975490926604	0.0801838923966	0.0141903428603
k__Bacteria;p__Firmicutes;c__Clostridia;o__Clostridiales;f__Ruminococcaceae;g__Faecalibacterium;s__Faecalibacterium_prausnitzii	0.0256673826061	-0.10388779422	0.00746846209223	0.0269896587424	-0.0445092009436	-0.0260427927189	-0.00614531087282	1.0	-0.118152496438	-0.0705370175082	-0.00900163403936	0.0172664508266	-0.0346531337115	0.00128003443814	0.087230231996	-0.0178294160055	-0.0396230013547	0.0739075068329	-0.0244550721598	-0.0070139210738	-0.0654295031837	-0.0124154663209	-0.0158910832147	-0.0325276516913	0.0209527355354	-0.0228261785932	-0.00218914779642	-0.0388139326995	-0.0214297906692	0.00898822371892	0.00354917899847	-0.0514231954907	0.0322907821001	-0.00931902913387	0.0318990291609	0.0109814233397	0.00174280074608	-0.00969579572766	0.0444288055766	-0.0803175804203	0.0012041745574	0.0577007938424	0.0509824941314	-0.0202621080359	-0.00892881125843	0.027921457829	0.0367825281667	0.0340689214245	0.0699138238669	-0.0167928888143	-0.0105607821884	0.0174336263091	-0.058356274373	0.0243942375109	-0.0420035106288	-0.0378243492872	-0.060551749754	0.055970367074	-0.0220779599186
k__Bacteria;p__Bacteroidetes;c__Bacteroidia;o__Bacteroidales;f__Rikenellaceae;g__Alistipes;s__Alistipes_finegoldii	0.00162365348932	0.0712548789783	-0.0850054506606	-0.0298832241115	-0.0245103839245	-0.036428413722	0.0543610777157	-0.118152496438	1.0	0.0181575429286	-0.0450671363486	0.0135655149378	-0.070403645279	0.00101754500417	0.0268730038992	-0.00500932239514	-0.0133265387852	-0.0865448716262	0.0236325238379	0.0246810400606	-0.0371302176881	0.0196561956097	-0.0301636990064	0.0396879239327	0.0163298490773	0.0273221034998	0.000140170231624	-0.0295684712902	-0.0480617668543	0.00432040178513	-0.0369786959683	-0.068299692218	-0.0147957466739	0.00958563354077	0.0201091008911	0.0179697009109	0.0125742977049	-0.0536971877001	0.0451674804905	-0.0248967466969	-0.00013681688488	-0.0128522894838	-0.0299218523685	-0.00916252369246	0.0206091906839	-0.0598359375409	-0.00539340195928	-0.00863766653238	-0.0100800735421	0.0350203070284	-0.0408831287866	-0.054118716623	0.0521454796365	0.00182657125342	0.00539651648836	-0.0277845900608	-0.0117317149078	0.0146319137116	-0.0495956678579
k__Bacteria;p__Bacteroidetes;c__Bacteroidia;o__Bacteroidales;f__Porphyromonadaceae;g__Parabacteroides;s__Parabacteroides_distasonis	0.0932285609725	0.0144608685825	-0.07276625401	0.0323789402752	-0.122518278394	-0.0259695789293	-0.0299153453462	-0.0705370175082	0.0181575429286	1.0	-0.0646341033797	-0.0554777932166	0.029507456574	-0.0497132103012	-0.0215990869114	0.0462700668015	-0.0319209398001	-0.00975855551011	0.0396235897284	0.016367325201	0.0374179118383	0.0228725869322	-0.028629184712	-0.0676483317393	0.0519855729497	-0.00100275050662	-0.0341216206054	-0.0606543613284	-0.00137022024629	0.0120526621177	0.020633733279	-0.027299815562	-0.0500906217901	-0.0311941546176	-0.0668475971925	0.0110098196063	0.0593234929794	0.0441049990559	-0.122136598871	0.0208689043164	-0.0693225667537	0.0248647433541	-0.000222615502614	0.00252313386448	-0.0442550718613	-0.00718096074995	-0.000785216031889	0.0278027394481	0.0210216486868	-0.00863330059211	-0.0137957306982	0.0341252101372	-0.018787775684	-0.0405863576171	0.0110781569984	-0.0559717198155	-0.00815517050603	-0.0166367565801	-0.0193827352711
k__Bacteria;p__Bacteroidetes;c__Bacteroidia;o__Bacteroidales;f__Bacteroidaceae;g__Bacteroides;s__Bacteroides_thetaiotaomicron	-0.0178592440364	0.0669135876704	-0.0124745124062	-0.00877716972823	-0.00759685298046	-0.0328964357156	-0.00731272836251	-0.00900163403936	-0.0450671363486	-0.0646341033797	1.0	-0.0395928773623	0.0262712364108	-0.0585545115743	0.033888728908	-0.0187443184972	-0.0356503239658	0.0242867632676	0.0113555064885	0.0791815710732	-0.0574927259383	-0.0572152744631	-0.0619130451722	0.0185931670493	-0.0156457887882	-0.0996408598889	0.00380040150826	-0.0250232808587	-0.0659764627476	-0.00609774757071	-0.00112082598383	0.028999112054	-0.0256326723841	-0.00186200950439	0.00657347149299	-0.0595319470529	0.0210219034497	0.0191009259717	-0.0195951413533	0.00781064459241	-0.0011263711655	-0.0376969977248	0.0496832363202	-0.0335998974648	-0.0400041771498	-0.081892349211	-0.0387755383282	-0.0733328397212	-0.0160884398749	-0.00654805132611	0.0115746748055	-0.0556404373537	0.0677680289502	-0.0214429196426	-0.0551065121171	0.0282200538324	-0.0302210574224	-0.0639957800839	0.0548539073342
k__Bacteria;p__Bacteroidetes;c__Bacteroidia;o__Bacteroidales;f__Bacteroidaceae;g__Bacteroides;s__Bacteroides_coprocola	-0.0347208217992	-0.0294929803648	-0.0125218576976	0.00670378503364	-0.0178345340586	0.0133550526383	-0.0244103569191	0.0172664508266	0.0135655149378	-0.0554777932166	-0.0395928773623	1.0	-0.00560168748544	-0.0115466663456	-0.0548891400981	-0.000756663425767	0.00304713929734	0.0495105321323	-0.0266670617422	-0.032031463477	0.0229696147901	-0.0641791739505	0.0571839487395	-0.0605043542811	-0.0199199620065	-0.0235780493197	0.035307813878	0.0717746351097	-0.017470659807	-0.0124738593859	-0.029057739788	-0.0242464328255	-0.0183732799268	0.0150848824881	-0.00602990363406	-0.0625237166276	0.0199636381736	-0.0555728119419	-0.0201895054018	-0.00690089520037	-0.0190640571997	-0.0323748365252	-0.0723285593826	0.00396964412845	0.0398598770843	-0.028639190329	0.00106011881696	-0.0298643673984	0.00321341869238	-0.00680017187113	-0.0166490351373	-0.0417560066702	-0.0490272527672	-0.0189557665829	0.0525829724211	0.0493045758024	0.00993790587966	0.0731733687496	0.0303341369811
k__Bacteria;p__Bacteroidetes;c__Bacteroidia;o__Bacteroidales;f__Bacteroidaceae;g__Bacteroides;s__Bacteroides_cellulosilyticus	-0.0836395258633	0.00511575029073	0.0107478730191	-0.0104896814314	-0.0131472488801	-0.0510855626112	-0.0916240804652	-0.0346531337115	-0.070403645279	0.029507456574	0.0262712364108	-0.00560168748544	1.0	0.0248914940239	0.0289362664254	0.0284939561261	0.0170473622412	0.0103590201411	-0.01580905209	-0.0263585991167	0.0622117367731	0.0121035355806	0.00173304769478	-0.0297961334575	-0.00056904738839	-3.53274522291e-05	-0.00913021820029	-0.00161045705378	-0.0691815074984	-0.0796092999834	-0.0406825013159	0.0201492237177	-0.0166129331262	-0.0210825875834	-0.0222091602234	0.00699975879101	0.050755341063	-0.0206882028022	0.0249919397618	-5.37516699979e-05	0.0306960240434	-0.00909352515206	-0.0592365552722	0.0605619188761	-0.0191225762529	0.0343277452481	-0.0408429490022	-0.0469591538424	-0.0387884185671	0.0239292171262	-0.089913120303	0.0568721273785	0.0104971201395	-0.0157394760591	0.0239349828118	0.0102796910991	-0.00816299935366	-0.033478827526	-0.0513735749199
k__Bacteria;p__Bacteroidetes;c__Bacteroidia;o__Bacteroidales;f__Rikenellaceae;g__Alistipes;s__Alistipes_obesi	-0.0502800561397	-0.0226152553018	-0.0242257153233	0.0724924117245	0.0127412075105	-0.00992217954095	-0.0115395292831	0.00128003443814	0.00101754500417	-0.0497132103012	-0.0585545115743	-0.0115466663456	0.0248914940239	1.0	-0.0415511710168	0.105863851709	-0.0261460942673	0.0923745843007	-0.0021600336664	-0.0206813780361	0.00307044995995	0.0345541001445	-0.0308213145935	-0.0539869839833	-0.0148227465033	0.0111948542815	0.0488669225819	-0.060120789919	-0.0145986968045	0.0085136981593	-0.0227066571654	0.00633811329208	0.00525431698308	0.0264848996531	0.0335346909549	0.0046044956179	-0.0263288119382	-0.0298395618209	-0.0561153769551	0.0209382590871	0.0491459241368	0.00665219585428	-0.0365029100436	-0.052468440284	0.0502625120687	-0.0315750953172	-0.0343175518142	-0.0609768892792	-0.011391987914	-0.00867595597362	-0.0225189025046	-0.0654723686922	-0.00347840895618	-0.0417054648725	0.000446780159107	0.0292148971974	-0.0266069031644	-0.0788985545982	0.0657750891808
k__Bacteria;p__Firmicutes;c__Clostridia;o__Clostridiales;f__Lachnospiraceae;g__;s__[Eubacterium]_rectale	0.0316762287347	-0.0177926263505	0.00298225641689	-0.0644472638295	-0.0997990479652	0.00849697726185	0.0395389112182	0.087230231996	0.0268730038992	-0.0215990869114	0.033888728908	-0.0548891400981	0.0289362664254	-0.0415511710168	1.0	-0.00299971063453	-0.0676054167755	0.0292966719288	0.000871145021207	0.0001197063831	-0.0264489978926	-0.0360066753096	0.0752068840499	-0.026955453822	-0.0126086546971	-0.0146255038012	0.00433716784013	-0.0043138318016	0.00963982148874	-0.0863987602214	-0.000709786347749	-0.078939977153	0.0104031487095	-0.0888358741582	-0.00593255306834	-0.0271706060723	0.0096756546652	-0.0145509850724	0.00813734327004	-0.0466749050004	-0.0910429816357	-0.00201761120815	0.0257308304158	-0.0423698812094	0.050446236081	0.00844486682416	0.0346186460508	-0.00556061491327	-0.00867959896984	0.0206755738178	-0.074940682214	0.00940222165093	-0.0059265858787	0.0485884708443	-0.00383723235373	-0.0291857721756	0.0091718951157	-0.0142207118446	-0.00362659138377
k__Bacteria;p__Bacteroidetes;c__Bacteroidia;o__Bacteroidales;f__Bacteroidaceae;g__Bacteroides;s__Bacteroides_plebeius	0.0263000113704	0.057814925939	0.0396394171025	0.0543867934354	-0.03788128551	-0.0255810194629	-0.0324752362932	-0.0178294160055	-0.00500932239514	0.0462700668015	-0.0187443184972	-0.000756663425766	0.0284939561261	0.105863851709	-0.00299971063453	1.0	0.00973528819526	-0.0341749848101	0.0367633381726	-0.0304487020813	-0.0567327984059	-0.0119773979164	-0.00147006468831	-0.0491172759422	-0.043052115398	-0.0478026422797	0.000958788106985	-0.0249036695903	-0.0170135143889	-0.0442282805431	0.016730772665	-0.00234813728936	-0.0134070147852	-0.0189299651976	-0.028001569321	-0.0101277864713	-0.0553924870602	0.0161102403106	-0.0233640977954	-0.0894167617023	-0.0316210177522	0.0234600742917	-0.0146576133108	0.0103372499202	-0.0424836001231	-0.020641855442	-0.055464879195	-0.00209902289773	0.0421439931496	0.0805915507569	0.00178844730126	-0.0360088064859	-0.00970306294704	-0.0842398123733	-0.0191176931022	-0.040595201168	0.00929078610263	-0.0297502573014	-0.0429987619662
k__Bacteria;p__Bacteroidetes;c__Bacteroidia;o__Bacteroidales;f__Bacteroidaceae;g__Bacteroides;s__Bacteroides_fragilis	-0.0432242865381	-0.0156169898855	-0.00524192806921	0.00726945842585	0.000101717510771	-0.0304061945702	-0.0678321341248	-0.0396230013547	-0.0133265387852	-0.0319209398001	-0.0356503239658	0.00304713929734	0.0170473622412	-0.0261460942673	-0.0676054167755	0.00973528819526	1.0	-0.0168582438132	-0.00654329937979	0.061932295664	0.0356792330945	-0.00951710073418	0.0290870069755	-0.00659168470369	0.01375982706	0.0347668160989	-0.0207065560255	0.00713863196745	-0.0110488801457	0.0450031404037	0.00771784269685	0.0109613881128	0.0343277306478	0.0260776816092	0.0295769387145	-0.0411079188049	0.0364893447682	0.00908912700027	0.0105964478351	-0.026519207724	0.012347805402	-0.0308766209547	-0.0191519666111	-0.038889853103	-0.0472472467876	0.0301088161	-0.0410597114132	-0.0357211151384	0.0138178790469	-0.00395067593002	-0.0222453895916	0.0437920724012	0.0128211228085	0.0369954031685	-0.0156147952794	-0.0260872789754	0.0395087591058	0.0399915854738	-0.025961197042
k__Bacteria;p__Proteobacteria;c__Betaproteobacteria;o__Burkholderiales;f__Sutterellaceae;g__Sutterella;s__Sutterella_wadsworthensis	-0.0155377618327	0.00167820046417	0.0333694503202	0.0484708709982	0.0784660619545	-0.0219470010556	-0.00580928952655	0.0739075068329	-0.0865448716262	-0.00975855551011	0.0242867632676	0.0495105321323	0.0103590201411	0.0923745843007	0.0292966719288	-0.0341749848101	-0.0168582438132	1.0	-0.0539657692749	-0.047926688292	0.0227729164956	0.0021793528868	-0.0381679570941	-0.0390001494118	-0.0269922481455	-0.0205893618291	-0.0307950322112	0.0364681617055	-0.0310751808615	0.00815929589088	0.00104805281231	0.0365040268413	-0.0453713668211	0.0458401015511	0.0239005495362	0.0447170869115	-0.0240228166335	0.00111818806121	-0.0189158373583	-0.0244748117349	0.015191225799	0.0092734195588	0.0141863485202	-0.0210835650889	-0.0272544813223	-0.0852610075539	-0.0893254353667	-0.0125231890035	-0.0446131569515	-0.0662188694596	-0.121128362007	0.0246865952538	0.0181350370027	-0.00434321372185	-0.00336566994847	-0.0310158560547	0.000822788928191	-0.0175835138674	-0.0270715764632
k__Bacteria;p__Bacteroidetes;c__Bacteroidia;o__Bacteroidales;f__Porphyromonadaceae;g__Barnesiella;s__Barnesiella_intestinihominis	-0.0468140007	0.0186905115249	0.0136270339529	-0.0329377584245	-0.00844886525361	-0.0417329134861	0.0418269690285	-0.0244550721598	0.0236325238379	0.0396235897284	0.0113555064885	-0.0266670617422	-0.01580905209	-0.0021600336664	0.000871145021207	0.0367633381726	-0.00654329937979	-0.0539657692749	1.0	0.0173402937021	-0.00440449822429	-0.00739134692906	0.00714895911892	0.0373859253295	-0.0597247213479	0.0167593454028	0.018407023985	-0.0573266402881	-0.00533512467657	0.0590396145296	-0.0648676727745	0.0497963867268	0.000335698148373	0.00861011018544	0.0197500834139	-0.0278122230453	-0.0617644059084	0.00888729009288	-0.170120737017	-0.0294131365805	-0.00376846931882	-0.047689171076	0.0199343535857	-0.03380975116	0.00803096901967	-0.0450962002161	0.0186894097409	-0.0399877219432	-0.0589968791516	-0.0219550272534	-0.0242685810273	-0.0181852406193	-0.0712426423419	-0.0631041328456	-0.0177021491104	0.0167496369938	-0.0373948859365	-0.0024357014641	-0.0313396513468
k__Bacteria;p__Bacteroidetes;c__Bacteroidia;o__Bacteroidales;f__Odoribacteraceae;g__Odoribacter;s__Odoribacter_splanchnicus	-0.0253930332279	0.00863671249431	0.00322848810575	0.0382749726321	0.0447406227009	0.0491369909199	-0.0404823550629	-0.0070139210738	0.0246810400606	0.016367325201	0.0791815710732	-0.032031463477	-0.0263585991167	-0.0206813780361	0.0001197063831	-0.0304487020813	0.061932295664	-0.047926688292	0.0173402937021	1.0	-0.0288043410645	-0.13072338409	-0.0952003071666	-0.0380191674157	-0.0339538488447	0.0256861590793	0.0351029741324	-0.0222549051568	-0.0157184102999	-0.0353320007058	0.0918942135544	-0.0328388775768	0.00766028647345	0.0523536636273	-0.00991622166431	-0.0842011109969	0.0338981062502	-0.0371624832294	-0.0138155430054	-0.0266768915598	-0.0904497866902	-0.0298316806954	0.0193480897589	0.000521767300826	-0.00867791376573	-0.0405752486766	0.0556394682629	-0.015370901447	0.0227130702135	-0.0156126893776	0.0346712751584	0.0174152720665	-0.00987372075937	-0.0746648304795	-0.0143528087672	-0.0173588019275	-0.0735875171814	-0.0159968409381	-0.0154844099727
k__Bacteria;p__Bacteroidetes;c__Bacteroidia;o__Bacteroidales;f__Bacteroidaceae;g__Bacteroides;s__Bacteroides_salyersiae	0.0257219692977	-0.0465603271928	-0.00998653864807	-0.0527373764126	-0.00388260386274	-0.0121359841827	-0.015641593619	-0.0654295031837	-0.0371302176881	0.0374179118383	-0.0574927259383	0.0229696147901	0.0622117367731	0.00307044995995	-0.0264489978926	-0.0567327984059	0.0356792330945	0.0227729164956	-0.00440449822429	-0.0288043410645	1.0	-0.0714878522219	-0.0246576465684	-0.0511199631059	0.00444165908358	0.0408369074138	0.00186993491819	0.00950290708227	-0.0400210299607	0.059163858815	-0.0252206800368	0.00504628874508	-0.0358403619561	0.0100476764985	-0.102506003949	-0.107774987699	0.0423087749912	0.0042227887714	0.0154491016363	0.0602996996748	-0.024044371579	-0.0543171570079	0.0301985337873	-0.0951826354782	-0.0126594293497	0.011344676313	-0.00199842748685	0.0519886629737	0.0123782523272	0.0499598839656	-0.0657852598398	0.0328767155311	-0.0104663208276	0.0139347824898	-0.074334048703	0.0297685859496	0.0444998525896	0.0831322093702	-0.0459611300587
k__Bacteria;p__Firmicutes;c__Clostridia;o__Clostridiales;f__Ruminococcaceae;g__Ruminiclostridium;s__[Eubacterium]_siraeum	0.0194384535828	0.0068846185599	-0.0582407253192	0.0424737835256	-0.00703815542007	0.0229748223895	0.0208512225823	-0.0124154663209	0.0196561956097	0.0228725869322	-0.0572152744631	-0.0641791739505	0.0121035355806	0.0345541001445	-0.0360066753096	-0.0119773979164	-0.00951710073418	0.0021793528868	-0.00739134692906	-0.13072338409	-0.0714878522219	1.0	0.0321648699206	-0.063129870279	0.0355700578545	0.00807345578904	-0.048621926125	-0.0142490094862	0.0724243265757	-0.0123845356517	-0.00322494309694	-0.0648707690082	-0.022490086088	-0.00143367840646	0.0271486108542	-0.028836073668	-0.012242144778	-0.0532684132839	-0.039834825056	-0.00298678384812	0.0543525783358	-0.0161227955808	-0.0607987838107	0.0428359660552	-0.0722804359667	-0.0037613664395	0.0342763031607	0.0131456329743	-0.0541966980717	0.0276557766458	-0.0464449363339	-0.00272294086388	-0.018370164294	0.0178695303331	0.0272230250265	0.0104039632009	-0.0255659857824	0.0556719720384	-0.0245590323097
k__Bacteria;p__Proteobacteria;c__Betaproteobacteria;o__Burkholderiales;f__Sutterellaceae;g__Parasutterella;s__Parasutterella_excrementihominis	-0.0304995089307	-0.00432574252925	-0.0339541520539	0.0734608401762	-0.0584314245195	-0.0388986737424	0.057092065069	-0.0158910832147	-0.0301636990064	-0.028629184712	-0.0619130451722	0.0571839487395	0.00173304769478	-0.0308213145935	0.0752068840499	-0.00147006468831	0.0290870069755	-0.0381679570941	0.00714895911892	-0.0952003071666	-0.0246576465684	0.0321648699206	1.0	0.0293350325895	0.0367932477374	-0.0332150505725	-0.000658591329938	-0.0308463467189	-0.0347314168675	-0.0923253559669	0.00451917091126	-0.00446617761619	-0.0316214583593	0.0449088480223	-0.0433149524553	-0.0309772776989	-0.0250717161907	-0.0715410160753	0.0162034862179	0.0446215159047	0.0114337233912	0.012567611779	0.00824892292816	-0.0092281363445	0.00364009345282	-0.0156666874902	-0.00272350367138	0.0585037978144	-0.0533257686163	-0.0380668346164	-0.031730923874	-0.00118283752125	-0.00197999984208	0.0101002932883	0.00451474091379	0.00225146171954	-0.0627258036256	-0.020770415202	-0.010873573295
k__Bacteria;p__Actinobacteria;c__Actinobacteria;o__Bifidobacteriales;f__Bifidobacteriaceae;g__Bifidobacterium;s__Bifidobacterium_adolescentis	-0.0293787722412	0.0102490505623	-0.032000308388	0.0352673652432	-0.0835723125022	0.0472957790073	0.00968713030246	-0.0325276516913	0.0396879239327	-0.0676483317393	0.0185931670493	-0.0605043542811	-0.0297961334575	-0.0539869839833	-0.026955453822	-0.0491172759422	-0.00659168470369	-0.0390001494118	0.0373859253295	-0.0380191674157	-0.0511199631059	-0.063129870279	0.0293350325895	1.0	0.0440236558259	-0.047546483835	0.0604101271177	-0.0176293104377	5.97448042243e-05	-0.0294330412291	-0.00730829895541	-0.0500496965239	0.055470418154	-0.0702420473662	-0.0657938622092	0.0748480139572	-0.0392285716977	-0.0362047508708	-0.0105143005158	0.0380358942958	-0.00271381037276	0.0404760379379	0.059244195064	-0.0477861498297	-0.0585757105464	-0.0192917279858	-0.0373115033484	-0.0596683419777	0.0452485973258	0.0321123992873	0.00162181645683	0.0333859422517	-0.0107104228561	0.0712392464096	-0.0161242964111	-0.0319886811047	-0.0568933414277	0.0352523245322	0.0122409869445
k__Bacteria;p__Firmicutes;c__Clostridia;o__Clostridiales;f__Oscillospiraceae;g__Oscillibacter;s__Oscillibacter_sp._KLE_1745	-0.08537101528	-0.0403798188209	0.0500793388233	-0.075140787616	0.0199257779435	0.0692683948273	-0.0316838069133	0.0209527355354	0.0163298490773	0.0519855729497	-0.0156457887882	-0.0199199620065	-0.00056904738839	-0.0148227465033	-0.0126086546971	-0.043052115398	0.01375982706	-0.0269922481455	-0.0597247213479	-0.0339538488447	0.00444165908358	0.0355700578545	0.0367932477374	0.0440236558259	1.0	-0.0078433809079	-0.066006956163	-0.0594455929895	-0.0322104306512	-0.0671203705499	-0.00158400614024	0.0458051435211	0.0439583007052	-0.0171948619321	-0.049256231706	-0.044926016659	-0.022798259222	-0.0355669814728	-0.00894526485052	0.0510949072514	-0.0838819220727	0.0235805767597	-0.00759120398698	-0.0388029469186	-0.0730854417637	-0.0252620195416	-0.0571295946769	0.0214535005464	-0.0033303331747	-0.0518986145019	-0.0298994697528	-0.000177343681559	-0.0123711202953	0.0178504801179	-0.0685560599164	0.0799170708577	-0.0221065715089	-0.0522222613186	0.0496411841184
k__Bacteria;p__Bacteroidetes;c__Bacteroidia;o__Bacteroidales;f__Bacteroidaceae;g__Bacteroides;s__Bacteroides_coprophilus	-0.0109024182011	0.0206539239997	0.0223148248974	-0.0321486819594	0.0439474126364	-0.00350874536165	-0.0220305017055	-0.0228261785932	0.0273221034998	-0.00100275050662	-0.0996408598889	-0.0235780493197	-3.53274522291e-05	0.0111948542815	-0.0146255038012	-0.0478026422797	0.0347668160989	-0.0205893618291	0.0167593454028	0.0256861590793	0.0408369074138	0.00807345578904	-0.0332150505725	-0.047546483835	-0.0078433809079	1.0	-0.0440798198508	0.0181846169157	-0.0635561477733	0.0023188626771	0.0237979582301	0.00811623470934	0.00483967642937	-0.0196397883396	-0.0158752203984	-0.0583828974281	-0.0298075285434	-0.0904673178834	-0.0413672039355	0.0599585504344	0.0165701433055	0.0316571457777	-0.0481724628075	0.0391557216628	-0.00565089042026	0.0124240214605	-0.0428488943732	0.00419346451403	-0.0107661071742	0.0216021904436	0.0125006975452	-0.103904667505	-0.00617526797746	-0.0828811243528	0.00595455953611	-0.0256318037485	-0.0217745519119	0.100376651058	0.00842578473478
k__Bacteria;p__Firmicutes;c__Clostridia;o__Clostridiales;f__Lachnospiraceae;g__Roseburia;s__Roseburia_intestinalis	0.0956225229601	0.034908196255	-0.0592027021354	-0.0221622453905	-0.00711389246954	-0.0548652322641	-0.0204307197373	-0.00218914779642	0.000140170231624	-0.0341216206054	0.00380040150826	0.035307813878	-0.00913021820029	0.0488669225819	0.00433716784013	0.000958788106985	-0.0207065560255	-0.0307950322112	0.018407023985	0.0351029741324	0.00186993491819	-0.048621926125	-0.000658591329938	0.0604101271177	-0.066006956163	-0.0440798198508	1.0	0.0193370017084	-0.00862788546853	-0.0376938060272	-0.0493027769225	0.0321100151246	0.0486077376434	-0.00635022892283	-0.0244298998267	-0.0424001863891	-0.0135036603247	-0.0206010468403	0.0124695938135	0.063261516719	-0.013433048483	-0.0766948289457	-0.0763864547674	-0.109431340335	-0.0173326541608	-0.0480043584706	0.0709347967849	0.0409829104428	0.0594795666458	-0.112570405567	0.00528105391357	-0.0151893496945	-0.0216419222004	0.0117849576642	-0.0948512551338	-0.00688608998117	-0.075929879138	-0.00253055986436	-0.0185866510341
k__Bacteria;p__Firmicutes;c__Clostridia;o__Clostridiales;f__Lachnospiraceae;g__Roseburia;s__Roseburia_hominis	0.0381995446762	-0.0804002610067	0.010615804399	-0.0434200708647	0.0276583435126	-0.000212645291161	0.0384004458676	-0.0388139326995	-0.0295684712902	-0.0606543613284	-0.0250232808587	0.0717746351097	-0.00161045705378	-0.060120789919	-0.0043138318016	-0.0249036695903	0.00713863196745	0.0364681617055	-0.0573266402881	-0.0222549051568	0.00950290708227	-0.0142490094862	-0.0308463467189	-0.0176293104377	-0.0594455929895	0.0181846169157	0.0193370017084	1.0	-0.0254260922786	-0.0354311773957	-0.0660528534492	-0.0655983924834	-0.0217949801779	0.0173420969727	-0.0219584474555	-0.0668888344378	-0.0320814574401	0.0953475855436	0.029110088358	-0.0555769102591	-0.00561241831865	0.0217040954094	-0.0747173711861	0.0182742554013	0.0473069070366	-0.0483873752308	0.0220024705319	-0.047809300885	0.0348617274853	0.00574558153122	-0.0314233936684	-0.0200043727714	0.00580073070453	-0.0184515556055	-0.0290690463748	-0.0198144860739	-0.00804641196265	-0.0402269653206	-0.0715450328156
k__Bacteria;p__Bacteroidetes;c__Bacteroidia;o__Bacteroidales;f__Porphyromonadaceae;g__Parabacteroides;s__Parabacteroides_johnsonii	-0.0243778024478	0.0428530594677	-0.0908480392384	0.0540065404188	-0.0259177551593	0.022631397446	0.0308445957051	-0.0214297906692	-0.0480617668543	-0.00137022024629	-0.0659764627476	-0.017470659807	-0.0691815074984	-0.0145986968045	0.00963982148874	-0.0170135143889	-0.0110488801457	-0.0310751808615	-0.00533512467657	-0.0157184102999	-0.0400210299607	0.0724243265757	-0.0347314168675	5.97448042241e-05	-0.0322104306512	-0.0635561477733	-0.00862788546853	-0.0254260922786	1.0	0.0103817953738	0.0527739597474	-0.0235144766112	-0.0686729475759	-0.00306683031054	0.0276322011715	-0.043026356291	0.0364134573163	0.0350963611824	0.00812949664971	-0.0198487970791	-0.0431003843443	0.0493490743403	-0.00909837346463	0.0290214085011	0.00421774913432	-0.00554336902809	-0.0346646218082	-0.00505377170314	-0.0502642986082	-0.0315174030694	0.0477035303313	0.0240459270532	-0.0375816735438	0.00328759688839	0.0446092898099	-0.0535204962744	-0.0130184756882	-0.016102004936	-0.0208194761512
k__Bacteria;p__Actinobacteria;c__Actinobacteria;o__Bifidobacteriales;f__Bifidobacteriaceae;g__Bifidobacterium;s__Bifidobacterium_longum	-0.0290790231195	-0.0449316396439	0.012944480754	-0.0210340413364	0.0107958620759	-0.0189767239998	0.00321550412341	0.00898822371892	0.00432040178513	0.0120526621177	-0.00609774757071	-0.0124738593859	-0.0796092999834	0.0085136981593	-0.0863987602214	-0.0442282805431	0.0450031404037	0.00815929589088	0.0590396145296	-0.0353320007058	0.059163858815	-0.0123845356517	-0.0923253559669	-0.0294330412291	-0.0671203705499	0.0023188626771	-0.0376938060272	-0.0354311773957	0.0103817953738	1.0	-0.120789338273	0.0240914407385	0.0623893743676	-0.101924790126	-0.00560120286185	-0.0417787947568	-0.0319892402057	0.0203937336377	0.00199192524802	-0.0101680453577	0.0334637689807	-0.0193563208769	-0.0381577114996	-0.036394035712	-0.0239263796657	-0.026391938539	-0.0727859886844	0.00148232813399	0.024508072326	-0.0307644233693	0.0324951813864	0.0373858042931	-0.0312744353006	0.00140552290124	-0.0343523439042	-0.0567693132971	0.00711854267249	0.0208430267116	-0.00962029758461
