#taxonomy	k__Bacteria;p__Bacteroidetes;c__Bacteroidia;o__Bacteroidales;f__Bacteroidaceae;g__Bacteroides;s__Bacteroides_vulgatus	k__Bacteria;p__Bacteroidetes;c__Bacteroidia;o__Bacteroidales;f__Bacteroidaceae;g__Bacteroides;s__Bacteroides_uniformis	k__Bacteria;p__Bacteroidetes;c__Bacteroidia;o__Bacteroidales;f__Rikenellaceae;g__Alistipes;s__Alistipes_putredinis	k__Bacteria;p__Bacteroidetes;c__Bacteroidia;o__Bacteroidales;f__Prevotellaceae;g__Prevotella;s__Prevotella_copri	k__Bacteria;p__Bacteroidetes;c__Bacteroidia;o__Bacteroidales;f__Bacteroidaceae;g__Bacteroides;s__Bacteroides_stercoris	k__Bacteria;p__Bacteroidetes;c__Bacteroidia;o__Bacteroidales;f__Bacteroidaceae;g__Bacteroides;s__Bacteroides_ovatus	k__Bacteria;p__Bacteroidetes;c__Bacteroidia;o__Bacteroidales;f__Rikenellaceae;g__Alistipes;s__Alistipes_shahii	k__Bacteria;p__Firmicutes;c__Clostridia;o__Clostridiales;f__Ruminococcaceae;g__Faecalibacterium;s__Faecalibacterium_prausnitzii	k__Bacteria;p__Bacteroidetes;c__Bacteroidia;o__Bacteroidales;f__Rikenellaceae;g__Alistipes;s__Alistipes_finegoldii	k__Bacteria;p__Bacteroidetes;c__Bacteroidia;o__Bacteroidales;f__Porphyromonadaceae;g__Parabacteroides;s__Parabacteroides_distasonis	k__Bacteria;p__Bacteroidetes;c__Bacteroidia;o__Bacteroidales;f__Bacteroidaceae;g__Bacteroides;s__Bacteroides_thetaiotaomicron	k__Bacteria;p__Bacteroidetes;c__Bacteroidia;o__Bacteroidales;f__Bacteroidaceae;g__Bacteroides;s__Bacteroides_coprocola	k__Bacteria;p__Bacteroidetes;c__Bacteroidia;o__Bacteroidales;f__Bacteroidaceae;g__Bacteroides;s__Bacteroides_cellulosilyticus	k__Bacteria;p__Bacteroidetes;c__Bacteroidia;o__Bacteroidales;f__Rikenellaceae;g__Alistipes;s__Alistipes_obesi	k__Bacteria;p__Firmicutes;c__Clostridia;o__Clostridiales;f__Lachnospiraceae;g__;s__[Eubacterium]_rectale	k__Bacteria;p__Bacteroidetes;c__Bacteroidia;o__Bacteroidales;f__Bacteroidaceae;g__Bacteroides;s__Bacteroides_plebeius	k__Bacteria;p__Bacteroidetes;c__Bacteroidia;o__Bacteroidales;f__Bacteroidaceae;g__Bacteroides;s__Bacteroides_fragilis	k__Bacteria;p__Proteobacteria;c__Betaproteobacteria;o__Burkholderiales;f__Sutterellaceae;g__Sutterella;s__Sutterella_wadsworthensis	k__Bacteria;p__Bacteroidetes;c__Bacteroidia;o__Bacteroidales;f__Porphyromonadaceae;g__Barnesiella;s__Barnesiella_intestinihominis	k__Bacteria;p__Bacteroidetes;c__Bacteroidia;o__Bacteroidales;f__Odoribacteraceae;g__Odoribacter;s__Odoribacter_splanchnicus	k__Bacteria;p__Bacteroidetes;c__Bacteroidia;o__Bacteroidales;f__Bacteroidaceae;g__Bacteroides;s__Bacteroides_salyersiae	k__Bacteria;p__Firmicutes;c__Clostridia;o__Clostridiales;f__Ruminococcaceae;g__Ruminiclostridium;s__[Eubacterium]_siraeum	k__Bacteria;p__Proteobacteria;c__Betaproteobacteria;o__Burkholderiales;f__Sutterellaceae;g__Parasutterella;s__Parasutterella_excrementihominis	k__Bacteria;p__Actinobacteria;c__Actinobacteria;o__Bifidobacteriales;f__Bifidobacteriaceae;g__Bifidobacterium;s__Bifidobacterium_adolescentis	k__Bacteria;p__Firmicutes;c__Clostridia;o__Clostridiales;f__Oscillospiraceae;g__Oscillibacter;s__Oscillibacter_sp._KLE_1745	k__Bacteria;p__Bacteroidetes;c__Bacteroidia;o__Bacteroidales;f__Bacteroidaceae;g__Bacteroides;s__Bacteroides_coprophilus	k__Bacteria;p__Firmicutes;c__Clostridia;o__Clostridiales;f__Lachnospiraceae;g__Roseburia;s__Roseburia_intestinalis	k__Bacteria;p__Firmicutes;c__Clostridia;o__Clostridiales;f__Lachnospiraceae;g__Roseburia;s__Roseburia_hominis	k__Bacteria;p__Bacteroidetes;c__Bacteroidia;o__Bacteroidales;f__Porphyromonadaceae;g__Parabacteroides;s__Parabacteroides_johnsonii	k__Bacteria;p__Actinobacteria;c__Actinobacteria;o__Bifidobacteriales;f__Bifidobacteriaceae;g__Bifidobacterium;s__Bifidobacterium_longum	k__Bacteria;p__Firmicutes;c__Clostridia;o__Clostridiales;f__;g__Flavonifractor;s__Flavonifractor_plautii	k__Bacteria;p__Firmicutes;c__Clostridia;o__Clostridiales;f__Clostridiaceae;g__Clostridium;s__Clostridium_phoceensis	k__Bacteria;p__Verrucomicrobia;c__Verrucomicrobiae;o__Verrucomicrobiales;f__Akkermansiaceae;g__Akkermansia;s__Akkermansia_muciniphila	k__Bacteria;p__Bacteroidetes;c__Bacteroidia;o__Bacteroidales;f__Prevotellaceae;g__Paraprevotella;s__Paraprevotella_xylaniphila	k__Bacteria;p__Firmicutes;c__Clostridia;o__Clostridiales;f__Ruminococcaceae;g__Ruminococcus;s__Ruminococcus_callidus	k__Bacteria;p__Bacteroidetes;c__Bacteroidia;o__Bacteroidales;f__Rikenellaceae;g__Alistipes;s__Alistipes_senegalensis	k__Bacteria;p__Firmicutes;c__Clostridia;o__Clostridiales;f__Lachnospiraceae;g__Blautia;s__Blautia_sp._KLE_1732	k__Bacteria;p__Bacteroidetes;c__Bacteroidia;o__Bacteroidales;f__Bacteroidaceae;g__Bacteroides;s__Bacteroides_oleiciplenus	k__Bacteria;p__Firmicutes;c__Clostridia;o__Clostridiales;f__Ruminococcaceae;g__Ruminococcus;s__Ruminococcus_bicirculans	k__Bacteria;p__Bacteroidetes;c__Bacteroidia;o__Bacteroidales;f__Bacteroidaceae;g__Bacteroides;s__Bacteroides_fluxus	k__Bacteria;p__Bacteroidetes;c__Bacteroidia;o__Bacteroidales;f__Prevotellaceae;g__Prevotella;s__Prevotella_stercorea	k__Bacteria;p__Firmicutes;c__Clostridia;o__Clostridiales;f__Lachnospiraceae;g__Dorea;s__Dorea_longicatena	k__Bacteria;p__Firmicutes;c__Clostridia;o__Clostridiales;f__Eubacteriaceae;g__Eubacterium;s__[Eubacterium]_eligens	k__Bacteria;p__Firmicutes;c__Clostridia;o__Clostridiales;f__Ruminococcaceae;g__;s__Ruminococcaceae_bacterium_D16	k__Bacteria;p__Firmicutes;c__Clostridia;o__Clostridiales;f__Lachnospiraceae;g__Coprococcus;s__Coprococcus_comes	k__Bacteria;p__Proteobacteria;c__Gammaproteobacteria;o__Enterobacterales;f__Enterobacteriaceae;g__Escherichia;s__Escherichia_coli	k__Bacteria;p__Firmicutes;c__Clostridia;o__Clostridiales;f__Ruminococcaceae;g__Anaerotruncus;s__Anaerotruncus_colihominis	k__Bacteria;p__Firmicutes;c__Clostridia;o__Clostridiales;f__Lachnospiraceae;g__Blautia;s__Blautia_obeum	k__Bacteria;p__Bacteroidetes;c__Bacteroidia;o__Bacteroidales;f__Odoribacteraceae;g__Odoribacter;s__Odoribacter_laneus	k__Bacteria;p__Firmicutes;c__Clostridia;o__Clostridiales;f__Ruminococcaceae;g__Ruminiclostridium;s__[Clostridium]_leptum	k__Bacteria;p__Bacteroidetes;c__Bacteroidia;o__Bacteroidales;f__Porphyromonadaceae;g__Parabacteroides;s__Parabacteroides_goldsteinii	k__Bacteria;p__Firmicutes;c__Clostridia;o__Clostridiales;f__Lachnospiraceae;g__Anaerostipes;s__Anaerostipes_hadrus	k__Bacteria;p__Firmicutes;c__Clostridia;o__Clostridiales;f__Ruminococcaceae;g__Ruminococcus;s__Ruminococcus_lactaris	k__Bacteria;p__Firmicutes;c__Clostridia;o__Clostridiales;f__Clostridiaceae;g__Clostridium;s__Clostridium_sp._L2-50	k__Bacteria;p__Firmicutes;c__Clostridia;o__Clostridiales;f__Clostridiaceae;g__Clostridium;s__Clostridium_sp._M62/1	k__Bacteria;p__Firmicutes;c__Clostridia;o__Clostridiales;f__;g__Intestinimonas;s__Intestinimonas_butyriciproducens	k__Bacteria;p__Actinobacteria;c__Actinobacteria;o__Bifidobacteriales;f__Bifidobacteriaceae;g__Bifidobacterium;s__Bifidobacterium_bifidum	k__Bacteria;p__Firmicutes;c__Negativicutes;o__Veillonellales;f__Veillonellaceae;g__Dialister;s__Dialister_invisus	k__Bacteria;p__Bacteroidetes;c__Bacteroidia;o__Bacteroidales;f__Bacteroidaceae;g__Bacteroides;s__Bacteroides_salanitronis
k__Bacteria;p__Bacteroidetes;c__Bacteroidia;o__Bacteroidales;f__Bacteroidaceae;g__Bacteroides;s__Bacteroides_vulgatus	1.0	-0.0820088431526	-0.0431776833814	-0.000203477304568	-0.0277656367753	0.0279246408613	0.0376650813343	-0.0293880207194	0.00875364129433	-0.014608563067	-0.093255808808	0.0312907419842	-0.0757392802109	-0.0281450210281	-0.000998887360534	-0.046868048865	-0.0552939055916	-0.00437315663202	-0.0618251980946	-0.0415298602836	-0.0214702464809	0.0222022547826	-0.0684154999846	-0.0687182137866	0.0360475426458	0.0278800788191	0.0184618340574	-0.0396300324889	-0.0295937354945	-0.018070259522	0.024652069219	-0.0630081449567	-0.0151698303278	0.0481228091051	-0.0408979086429	-0.00939815263784	-0.0328110183397	-0.0140863320882	-0.026370162394	0.00922500218712	-0.00194262156567	0.0387622179168	-0.0011381351548	-0.0132436864464	0.00524228127009	0.00321565749891	-0.0194417564345	-0.00618638154642	-0.0751951397226	-0.0449833322568	0.00861130486757	-0.00706591077872	0.00437812750093	0.0211808800909	0.021763951701	-0.0227284891301	-0.0851685059974	0.0799499901018	-0.0172775380809
k__Bacteria;p__Bacteroidetes;c__Bacteroidia;o__Bacteroidales;f__Bacteroidaceae;g__Bacteroides;s__Bacteroides_uniformis	-0.0820088431526	1.0	-0.0348971674643	-0.0630056614591	0.00536102332944	-0.016120452147	-0.104434711043	-0.013756359115	-0.00459698749368	-0.0341171579268	-0.0023925502676	0.00356697355529	0.049077017831	-0.0302314651293	-0.0567901678718	0.0144126017775	-0.0268323996189	0.0441548725302	0.0870357939448	-0.0438442724746	0.02483985326	-0.0946079350247	0.00685528355801	-0.036963650428	0.0845139128267	0.019985155757	-0.020259051705	-0.037926211767	-0.0413409106677	0.00164626509228	0.020945868229	0.00659836324149	0.00332998876952	0.0220270816388	0.0276250193584	0.0331736651523	0.0241685118837	-0.0518141248197	-0.0443308517014	0.0549133094768	0.0366551208647	-0.0362856226139	-0.0392992421395	-0.0687770760051	-0.0568218443451	0.00962422269748	0.0133400313572	0.000816758160518	0.00492654423853	0.0039219771994	-0.0257400635979	0.0133407521737	-0.0317894718428	-0.0123861813538	-0.00619847987771	-0.0334235565636	-0.0113676226239	-0.0603323564835	0.0408672787032
k__Bacteria;p__Bacteroidetes;c__Bacteroidia;o__Bacteroidales;f__Rikenellaceae;g__Alistipes;s__Alistipes_putredinis	-0.0431776833814	-0.0348971674643	1.0	0.0244033256844	0.0305540975387	-0.0254997055698	0.0481872619393	0.0881125547001	0.00234067545773	0.0593453663492	-0.00939465836505	-0.0377828472938	0.0561667150487	0.0591794337639	-0.028337645765	-0.0634097544248	-0.00854769211894	-0.0516045382019	-0.0238857190014	0.0230452945828	0.0592598566778	0.00124650712432	0.00174244078135	-0.0666994748121	0.0199387538784	-0.0805876294326	0.0679370009787	-0.0194719312705	-0.0505257020415	-0.0145164750188	0.00495399969789	0.0272750922637	-0.0461890762684	0.0123192645529	-0.0631486836406	-0.00413749974823	0.0297020921552	0.0305148113459	-0.00162088662991	-0.0276590705329	-0.0225369077207	0.0238161111247	-0.0263780708304	-0.0422051750738	0.00614411142103	-0.101271147258	-0.00147157268335	-0.0157940870435	0.0614333484983	-0.00484751748537	0.0104495074521	-0.0263472159835	-0.0109876932064	-0.0361053270232	-0.071259796382	-0.00528807332525	0.0177744266938	0.0484307086654	-0.0181370932463
k__Bacteria;p__Bacteroidetes;c__Bacteroidia;o__Bacteroidales;f__Prevotellaceae;g__Prevotella;s__Prevotella_copri	-0.000203477304568	-0.0630056614591	0.0244033256844	1.0	0.00319369774631	-0.000802144084759	-0.0112212089059	-0.0039761685556	-0.0516910000932	-0.032067788771	-0.0458961961169	-0.0364033105342	0.0881242665175	0.0349110288763	0.0474028796171	-0.0264936253336	-0.0385966398706	0.0302255138874	0.0773897543577	0.0353403321312	-0.0336485962449	0.0311171861441	-0.0247348680823	-0.00643704773309	0.00794807466521	-0.00869330978628	-0.0297982198897	0.0411927784298	0.13261368839	-0.0090759042817	-0.0303655316336	0.0381358241291	0.0803298087043	-0.0130807017344	0.00647641489216	0.0165512852025	-0.0477715184082	0.0219908643144	-0.0269549226477	-0.0220536938166	-0.0364248874705	0.0210010915904	-0.0540827092686	0.0279445489971	0.0128326837178	0.0354911378243	-0.0288220000682	-0.102833500388	0.0160196122748	0.03717098373	-0.0279961086234	-0.0760050497022	0.00224311963531	0.0142899768187	-0.00912676011538	-0.0451322132639	-0.0111257810945	-0.0425360389282	-0.0123765436286
k__Bacteria;p__Bacteroidetes;c__Bacteroidia;o__Bacteroidales;f__Bacteroidaceae;g__Bacteroides;s__Bacteroides_stercoris	-0.0277656367753	0.00536102332944	0.0305540975387	0.00319369774631	1.0	0.0221795965894	0.024300445663	0.0367568070882	0.0697240953921	0.0272752860968	0.0289828546632	-0.0541353710461	-0.0500596143734	0.067298727977	-0.0293361131043	-0.0439828615075	-0.0457239198016	-0.0293377189938	-0.0269843116419	0.00160329710676	-0.0430512745226	-0.0519557512131	0.06110242727	0.0283445940274	0.00568517791685	-0.0887914761694	-0.00915011735651	0.0114116436491	0.00221932758838	-0.0567881805932	-0.103874888144	-0.0348520419096	-0.0227030650244	0.0304202097978	-0.0137483351094	-0.0529046279032	-0.0321547086175	-0.0366783148809	-0.0453615403049	-0.0765577195136	-0.0635441500634	0.0576811518591	-0.0469240035323	-0.0109815870212	0.0117115178147	0.01903619319	0.023000235588	-0.00778779556009	-0.0047260789934	0.00897949232937	-0.000598036761699	-0.0174399637378	0.0286216623456	0.0535148850447	0.00145407857203	0.00880031310323	-0.00792363210927	-0.0456179146735	-0.00368866196776
k__Bacteria;p__Bacteroidetes;c__Bacteroidia;o__Bacteroidales;f__Bacteroidaceae;g__Bacteroides;s__Bacteroides_ovatus	0.0279246408613	-0.016120452147	-0.0254997055698	-0.000802144084759	0.0221795965894	1.0	-0.0284375047921	-0.0746615924271	-0.0515112801666	-0.0371632244944	-0.0120934245613	-0.0472737657695	-0.01145043153	0.00286012126262	-0.0267706151537	-0.041824245925	-0.00372232163111	-0.0403073040077	-0.0441152330554	0.0413836809296	-0.127883607691	-0.0698038281858	0.00608167512509	0.0387495371289	0.0318901570465	0.0281171725233	0.0354230965182	-0.0200766048111	0.0248316746369	0.00860837615551	0.0152269045659	-0.0126335104912	-0.025359827808	0.01806803731	-0.091584352809	0.00739048801715	0.0116578165318	0.027250748387	-0.00874732048755	-0.0219185397523	-0.0296904677299	0.0346693944762	-0.00380255118516	-0.0413229930931	0.00695252061178	-0.0109505780609	-0.0397349713489	-0.0113054672171	-0.00869887156756	-0.0088186191777	-0.0159416852225	-0.0278200562142	0.0381174836808	-0.0242162582729	0.00969368651925	-0.0614169713481	0.034363827188	-0.118239516305	0.0426857393368
k__Bacteria;p__Bacteroidetes;c__Bacteroidia;o__Bacteroidales;f__Rikenellaceae;g__Alistipes;s__Alistipes_shahii	0.0376650813343	-0.104434711043	0.0481872619393	-0.0112212089059	0.024300445663	-0.0284375047921	1.0	0.024996616708	-0.0398003721818	0.0596465214717	0.0176589277799	-0.00491182278171	-0.0086156017804	-0.0664160385746	0.0144393237889	-0.0279570507643	0.0399319382134	0.0128942299287	0.0373300590386	0.0416908399925	-0.0228977573387	0.0295508203133	0.0189386218085	-0.0667473521078	-0.0141942110199	-0.0206461412012	0.000671973568533	-0.01386486403	0.0199528817829	0.00799725051208	-0.0184510331735	-0.100730093962	0.0388672639988	-0.0209693044977	-0.0414118491084	-0.124254520509	-0.00989413172466	-0.0623175305333	-0.00425840097136	0.0329402439889	-0.0267185746213	-0.0172334898984	-0.0140895168171	0.00182903795711	-0.00618104145525	0.0062924833344	0.00461303350664	-0.0172552957671	0.046725308625	-0.0256929403276	-0.00574426629271	0.0185541089088	-0.0316819626125	-0.0460178493382	-0.0191094510472	-0.0465425096781	0.0661261709646	-0.031746935185	-0.0404921566033
k__Bacteria;p__Firmicutes;c__Clostridia;o__Clostridiales;f__Ruminococcaceae;g__Faecalibacterium;s__Faecalibacterium_prausnitzii	-0.0293880207194	-0.013756359115	0.0881125547001	-0.0039761685556	0.0367568070882	-0.0746615924271	0.024996616708	1.0	-0.0579903419092	0.0445847848432	-0.01767821172	0.0347745310159	0.00429533096302	-0.0487449685184	-0.00159875882583	-0.0564339731618	-0.048299935408	-0.0342822178151	-0.0524785664986	-0.0321784272395	0.0400031779018	0.0530453942333	-0.0441331664991	0.0225060154459	0.0414580912676	-0.0257250012255	-0.0239968104177	-0.0560107124883	0.00380059203246	-0.0484267216191	0.00873244615653	0.0321776759105	-0.00235669805887	-0.000945662798447	-0.0696551390175	-0.0278686535762	-0.0556494020241	0.0121276776898	-0.0580186658807	-0.0279539337022	-0.0110245158418	0.0533655997089	-0.0333509105632	0.0329816606683	-0.0562905707837	-0.0240204806104	-0.0197610707923	-0.00131372559001	0.00806335401502	0.00623705490438	-0.0498842081547	-0.0322224737276	0.0519833975689	-0.0171817187416	-0.019720757285	-0.0567287608268	0.0140096082801	0.00339641661326	0.0109064288098
k__Bacteria;p__Bacteroidetes;c__Bacteroidia;o__Bacteroidales;f__Rikenellaceae;g__Alistipes;s__Alistipes_finegoldii	0.00875364129433	-0.00459698749368	0.00234067545773	-0.0516910000932	0.0697240953921	-0.0515112801666	-0.0398003721818	-0.0579903419092	1.0	-0.0411791642482	0.0584368269961	-0.0127252001004	0.00497054452939	0.0217784563939	-0.00882284668709	-0.00610453724602	-0.0415825615303	-0.0400081695397	0.0191304175589	-0.0205229169015	-0.001873157763	0.00411699296796	-0.0810011498582	-0.00566348488046	-0.0213099148761	-0.0516318542668	0.0157624806144	-0.0025016240455	-0.00742423345605	-0.0171071228226	-0.0222074928306	0.00646917759282	-0.0511553817316	0.0444164550401	-0.000848411321488	-0.0468379783331	0.0510690732609	0.0164540486985	-0.0146276820559	-0.066901190292	0.0272949890013	-0.0453897841321	-0.0215637234358	-0.00290460715757	0.016221139104	0.01232820537	0.0623416587752	0.0636026314384	0.0117995661186	0.0144888187772	0.0546467985107	0.0152875789583	0.00215675227115	-0.0161143066086	-0.00166233401607	-0.0585633254749	-0.026905444715	0.00522739579725	-0.0361932371258
k__Bacteria;p__Bacteroidetes;c__Bacteroidia;o__Bacteroidales;f__Porphyromonadaceae;g__Parabacteroides;s__Parabacteroides_distasonis	-0.014608563067	-0.0341171579268	0.0593453663492	-0.032067788771	0.0272752860968	-0.0371632244944	0.0596465214717	0.0445847848432	-0.0411791642482	1.0	-0.0653654989053	-0.0432311118145	0.016050933114	0.000821708828676	-0.00968219278344	0.00107208508971	-0.00893132654555	0.00544354315423	-0.00408243283341	0.00677937102993	-0.0170147295163	0.00618258392747	-0.0316439435895	-1.40925370305e-05	-0.0108659860932	0.0345768510925	0.0677973279002	0.0135537229051	-0.00500644503502	-0.00151037455234	0.0412579667949	0.017150242145	0.0508391260307	-0.022450039193	0.0290993049076	-0.0455751217422	-0.0139934142814	-0.00781242369881	-0.0414287200804	-0.00069772420218	-0.0398200510119	-0.0273694265844	-0.0242216003805	-0.109506909852	-0.0372791166638	-0.0389646362526	-0.0673002345809	-0.015034714015	0.0134644496685	-0.0383720657251	-0.00494798143016	-0.0124896705567	-0.0486071577406	-0.0561800697374	-0.0281146015483	-0.0434980673882	-0.0325691146224	0.00475027270924	-0.0645832846962
k__Bacteria;p__Bacteroidetes;c__Bacteroidia;o__Bacteroidales;f__Bacteroidaceae;g__Bacteroides;s__Bacteroides_thetaiotaomicron	-0.093255808808	-0.0023925502676	-0.00939465836505	-0.0458961961169	0.0289828546632	-0.0120934245613	0.0176589277799	-0.01767821172	0.0584368269961	-0.0653654989053	1.0	-0.0362537235038	-0.0690736291178	0.00128813353813	-0.0416080663823	-0.0106181418681	0.0850697838719	-0.00599449658	0.000869722703997	-0.00313752994426	-0.00662777585492	0.0538303897629	-0.00778092719868	0.0346141547056	0.0999286963033	-0.0408938649019	0.0572847259423	0.00596542068188	0.0226248181756	0.0370184949892	-0.0277493408626	-0.0622076280088	-0.0617469069513	-0.0443894064434	0.0156758325975	0.00701205579651	-0.0429902399746	-0.0743310265813	0.0353208407494	-0.00179949581491	0.0139545183026	0.011832807453	0.001514155819	-0.00871953127574	-0.0029478108437	-0.0301221179432	-0.0197162617991	0.0426479961627	-0.0587936214639	0.00594041283885	0.00208281628157	0.0469147224606	-0.039208797558	-0.0645634909738	-0.0148047334298	0.0331768711538	-0.00817520308133	0.117032552208	0.00348888123848
k__Bacteria;p__Bacteroidetes;c__Bacteroidia;o__Bacteroidales;f__Bacteroidaceae;g__Bacteroides;s__Bacteroides_coprocola	0.0312907419842	0.00356697355529	-0.0377828472938	-0.0364033105342	-0.0541353710461	-0.0472737657695	-0.00491182278171	0.0347745310159	-0.0127252001004	-0.0432311118145	-0.0362537235038	1.0	-0.0235571253142	-0.0705845178932	-0.0174001263043	0.0465910963017	0.0943111636009	-0.012937844876	0.0962190701013	-0.0429733454165	-0.0397080119223	0.0161126200059	-0.0376949425775	-0.028576491405	0.0144941631039	0.0242394871868	0.00573202701726	0.0419566671798	-0.0640960722298	0.0398841248923	-0.0551285655069	0.0476761862	-0.0356449833314	-0.0214718995899	-0.0343849212958	-0.00661499820539	0.019111091507	-0.04495160559	0.0597293958588	0.0156666204667	-0.0760033343651	0.00126721184149	-0.0652147887732	-0.0207669907306	-0.0456627711353	-0.0272145848036	-0.0215243025236	-0.0697745151294	0.0244075997176	-0.0752064487051	-0.0039776846965	0.0464615148278	-0.0163079689611	-0.00128891019001	-0.0127594974137	0.0592230460327	0.0072582023297	-0.0137228452233	0.0376543585673
k__Bacteria;p__Bacteroidetes;c__Bacteroidia;o__Bacteroidales;f__Bacteroidaceae;g__Bacteroides;s__Bacteroides_cellulosilyticus	-0.0757392802109	0.049077017831	0.0561667150487	0.0881242665175	-0.0500596143734	-0.01145043153	-0.0086156017804	0.00429533096302	0.00497054452939	0.016050933114	-0.0690736291178	-0.0235571253142	1.0	0.0729331958316	-0.0139697299721	0.0573762549692	-0.0180239076214	0.0204980283921	-0.00742210517529	-0.0623276921457	-0.0317284284278	-0.0645465781956	-0.00167292261223	-0.00353427827459	-0.0905193134476	-0.0539920231858	-0.015715812296	-0.0167267446064	-0.0592947633568	-0.00935461264337	-0.0430108991054	-0.0497611806466	0.00882297571561	-0.00840473772347	0.0109717504797	-0.0145047392201	0.0414449415665	-0.00371986613073	0.0285714269778	-0.0238678416437	-0.0407545990939	-0.0763426259826	0.0578422681347	0.0197688692748	-0.00450327822447	0.0437491086679	-0.0115139364984	0.0315161765231	0.010742149337	-0.039788198381	-0.0187626272519	-0.0283576770852	0.00350586061992	0.0210866591748	-0.034024665768	-0.0322474791935	0.00118514929101	-0.0824006770069	0.00603432832359
k__Bacteria;p__Bacteroidetes;c__Bacteroidia;o__Bacteroidales;f__Rikenellaceae;g__Alistipes;s__Alistipes_obesi	-0.0281450210281	-0.0302314651293	0.0591794337639	0.0349110288763	0.067298727977	0.00286012126262	-0.0664160385746	-0.0487449685184	0.0217784563939	0.000821708828676	0.00128813353813	-0.0705845178932	0.0729331958316	1.0	-0.0374384739878	0.0256967516547	0.043131328916	-0.0734853678887	-0.130932233526	-0.00861619354587	0.0107980074408	0.0309848880184	0.0180552824895	0.0153066357698	0.007120861661	0.00688466499685	-0.0245916250827	0.0276575888962	-0.0328384475857	0.0446603902972	-0.0132681403619	-0.0281785259273	0.000701925396733	0.0616863921358	-0.015511643091	-0.0135381118246	-0.0124810634117	0.0237542753679	-0.00748019547724	0.024668430191	-0.00700002984751	0.00684130820398	0.114755361584	-0.0268444299247	0.000219795836375	0.00675125691346	-0.0467433528681	-0.00588320184497	-0.0359435000606	-0.0393867806283	-0.112919772972	-0.0112197386532	0.0193535442835	0.0256074763044	-0.024366863524	0.0104298140977	-0.105051548768	-0.0508370901605	-0.0219632236743
k__Bacteria;p__Firmicutes;c__Clostridia;o__Clostridiales;f__Lachnospiraceae;g__;s__[Eubacterium]_rectale	-0.000998887360534	-0.0567901678718	-0.028337645765	0.0474028796171	-0.0293361131043	-0.0267706151537	0.0144393237889	-0.00159875882583	-0.00882284668709	-0.00968219278344	-0.0416080663823	-0.0174001263043	-0.0139697299721	-0.0374384739878	1.0	-0.0280157893029	-0.0616087665449	-0.0360148456007	-0.0422473258183	0.0240118367729	-0.0621491868545	-0.0232091519461	0.0351715263377	-0.0503018935916	0.0311962993726	0.0264155322127	0.00521617239524	-0.0220833154628	0.0649896592407	-0.00702151119438	-0.0494742741734	-0.0213702733508	0.0184152173077	0.00304853826637	-0.0334039825365	-0.00184116878835	-0.0537727187382	-0.0157402741182	0.0145919541119	-0.0568330374936	0.0510402322679	-0.0311190128514	0.0221021807833	0.0420808549158	-0.00699722719619	0.0449816083427	-0.0216636194734	-0.0110637349734	-0.0870557830981	-0.0192517124052	0.0212731724276	0.0365039563945	0.00939990013375	0.0254706373988	-0.0166794740707	0.0233427935882	0.00437283655359	0.0124546736817	-0.0349278556098
k__Bacteria;p__Bacteroidetes;c__Bacteroidia;o__Bacteroidales;f__Bacteroidaceae;g__Bacteroides;s__Bacteroides_plebeius	-0.046868048865	0.0144126017775	-0.0634097544248	-0.0264936253336	-0.0439828615075	-0.041824245925	-0.0279570507643	-0.0564339731618	-0.00610453724602	0.00107208508971	-0.0106181418681	0.0465910963017	0.0573762549692	0.0256967516547	-0.0280157893029	1.0	0.0424743660309	-0.0116279523637	0.0042068377646	0.0252374967771	-0.029853639251	-0.0819582394454	-0.0638528105215	0.0315381089758	-0.00448202221329	0.057090853787	0.0354191188034	0.017466188776	-0.029448387937	0.0452591347052	-0.0246224453657	-0.0285236744393	0.00194302051173	-0.00590659238474	-0.0581670687734	-0.0500845029251	0.0233829205559	-0.0642332574167	-0.00726556026234	0.00173039414194	-0.0393829103129	-0.0413641130223	0.0743119373035	0.000996997554432	-0.0191241016747	-0.0718103880278	-0.0597515533265	-0.015714390475	-0.0454981396291	-0.0609845283201	-0.00411425319746	0.0280933530348	-0.0455808191516	0.00983838664783	0.0819996024366	0.0147376911006	-0.0200960661481	0.00849238006155	-0.0627125131918
k__Bacteria;p__Bacteroidetes;c__Bacteroidia;o__Bacteroidales;f__Bacteroidaceae;g__Bacteroides;s__Bacteroides_fragilis	-0.0552939055916	-0.0268323996189	-0.00854769211894	-0.0385966398706	-0.0457239198016	-0.00372232163111	0.0399319382134	-0.048299935408	-0.0415825615303	-0.00893132654555	0.0850697838719	0.0943111636009	-0.0180239076214	0.043131328916	-0.0616087665449	0.0424743660309	1.0	-0.0252609814461	-0.0537495156197	-0.0574249866412	-0.0350230136523	-0.0277608917685	-0.00995100565171	0.11509099814	0.0303872050876	-0.0258275453393	0.0306626164698	0.0158445336152	-0.0227053545568	-0.0214876044002	0.0737295700629	0.0408270139908	-0.0501050819865	0.013147101811	-0.0323877901118	-0.011410639329	-0.0397421781729	0.00630899550598	0.0385757327454	-0.0198558916423	0.0390319806962	-0.0277476079585	-0.0612052826905	-0.0458645399915	0.0358967713617	-0.0884625926875	-0.0188244086569	0.0485024449295	-0.0263861490487	-0.0117717381363	-0.130327900097	-0.00437752123303	-0.025406546165	-0.0463382111906	0.0516083626234	-0.00570958046922	-0.0379630756155	-0.0373482386402	-0.0183445396973
k__Bacteria;p__Proteobacteria;c__Betaproteobacteria;o__Burkholderiales;f__Sutterellaceae;g__Sutterella;s__Sutterella_wadsworthensis	-0.00437315663202	0.0441548725302	-0.0516045382019	0.0302255138874	-0.0293377189938	-0.0403073040077	0.0128942299287	-0.0342822178151	-0.0400081695397	0.00544354315423	-0.00599449658	-0.012937844876	0.0204980283921	-0.0734853678887	-0.0360148456007	-0.0116279523637	-0.0252609814461	1.0	0.0714697721837	-0.00685766525768	-0.014687838072	-0.0634990995125	0.00837978457026	0.013745273265	0.0354172339497	-0.0569032921372	0.0457676883137	-0.0901111613182	-0.0423073783794	0.0112992892606	0.047359172594	-0.0116109317212	0.0336684769255	-0.0133428977819	0.0433711732297	-0.0772964716402	0.0354716191668	-0.0629370224519	0.00705370240667	0.0556392839354	-0.0880392134485	-0.0675367299645	0.023957378779	0.00871569706742	-0.0435359611368	0.0281589535062	-0.0565144391153	-0.0189173801043	0.0254860172375	0.0349454805352	-0.0837583454838	-0.0404528848	0.0451720861756	-0.0461160678365	-0.0400931609221	0.0678837828994	-0.00723479561616	0.0357022124948	-0.0754442179629
k__Bacteria;p__Bacteroidetes;c__Bacteroidia;o__Bacteroidales;f__Porphyromonadaceae;g__Barnesiella;s__Barnesiella_intestinihominis	-0.0618251980946	0.0870357939448	-0.0238857190014	0.0773897543577	-0.0269843116419	-0.0441152330554	0.0373300590386	-0.0524785664986	0.0191304175589	-0.00408243283341	0.000869722703997	0.0962190701013	-0.00742210517529	-0.130932233526	-0.0422473258183	0.0042068377646	-0.0537495156197	0.0714697721837	1.0	0.0524635906301	0.0216524030244	0.00993572168765	-0.0558172528448	0.018585792978	-0.0194225658702	0.0353255006725	-0.0326847940479	-0.0478468599833	0.00209364257326	-0.0287328772298	0.0192704173274	0.0303141588324	0.0243343092266	0.0501825608262	0.0473667652766	0.0414476981428	0.032427830954	0.00925495783368	-0.0451002888518	-0.0339143836776	-0.054043353398	0.0388091674024	-0.0457162465062	-0.0674501234741	-0.0512131955651	-0.0209601757683	0.0408755765933	-0.00304632116189	-0.0124147861552	0.036835062667	-0.0437042448209	0.0138181348519	-0.0884361090225	0.0123674026117	-0.0402761753902	-0.00213521361299	0.0177072514102	0.0136041700527	-0.0725613470613
k__Bacteria;p__Bacteroidetes;c__Bacteroidia;o__Bacteroidales;f__Odoribacteraceae;g__Odoribacter;s__Odoribacter_splanchnicus	-0.0415298602836	-0.0438442724746	0.0230452945828	0.0353403321312	0.00160329710676	0.0413836809296	0.0416908399925	-0.0321784272395	-0.0205229169015	0.00677937102993	-0.00313752994426	-0.0429733454165	-0.0623276921457	-0.00861619354587	0.0240118367729	0.0252374967771	-0.0574249866412	-0.00685766525768	0.0524635906301	1.0	-0.0750372249189	0.027198397819	0.0456161010797	0.0500440889561	-0.0627171682552	0.00340550407786	0.039780477573	-0.0180636717633	0.0114935609234	-0.00804880596326	-0.0301984465345	-0.0255377296618	-0.048101094508	-0.00318205586828	-0.0697172734058	-0.0379749641632	0.0202149276649	0.0462312905813	0.0119986171142	-0.0246467923786	-0.0462014201864	-0.0106181541027	-0.0611089488697	-0.0116028037458	-0.0138115229558	0.0252400300745	-0.1005126719	-0.0031280801939	-0.0139516915503	-0.026357106989	-0.0175659080337	-0.0038603465084	-0.00963083176608	0.112862465552	0.0340601804669	-0.000855583050022	0.0247052400157	0.00146664819239	0.0116896694487
k__Bacteria;p__Bacteroidetes;c__Bacteroidia;o__Bacteroidales;f__Bacteroidaceae;g__Bacteroides;s__Bacteroides_salyersiae	-0.0214702464809	0.02483985326	0.0592598566778	-0.0336485962449	-0.0430512745226	-0.127883607691	-0.0228977573387	0.0400031779018	-0.001873157763	-0.0170147295163	-0.00662777585492	-0.0397080119223	-0.0317284284278	0.0107980074408	-0.0621491868545	-0.029853639251	-0.0350230136523	-0.014687838072	0.0216524030244	-0.0750372249189	1.0	0.032788125214	0.0169305420241	-0.0813738636155	-0.00262960689578	0.0181553646939	-0.014593540482	-3.52630719065e-05	-0.039588234851	0.0138025465991	0.00779774818326	0.0242660329386	-0.079071318623	0.00371281495908	-0.0538927940334	0.0759741063918	0.0247886400995	-0.0116937039808	-0.0264227918595	-0.0361174979011	-0.050710886005	-0.00858361332973	0.0462671233565	0.00583337185404	-0.017301442881	-0.109869382098	-0.00745376080639	0.010434681656	-0.0701587757995	-0.0149898853319	-0.0234363217911	0.0693453319702	0.0186384847361	0.0304953864233	0.0279119320066	-0.0225132834934	0.0403200317133	-0.0110507086358	-0.0448335590026
k__Bacteria;p__Firmicutes;c__Clostridia;o__Clostridiales;f__Ruminococcaceae;g__Ruminiclostridium;s__[Eubacterium]_siraeum	0.0222022547826	-0.0946079350247	0.00124650712432	0.0311171861441	-0.0519557512131	-0.0698038281858	0.0295508203133	0.0530453942333	0.00411699296796	0.00618258392747	0.0538303897629	0.0161126200059	-0.0645465781956	0.0309848880184	-0.0232091519461	-0.0819582394454	-0.0277608917685	-0.0634990995125	0.00993572168765	0.027198397819	0.032788125214	1.0	0.0619416867379	0.0439339999263	-0.0681283536101	0.0253364722185	-0.0316453505539	0.0258254923377	-0.018712588993	-0.026610665733	-0.0263910225812	-0.00715712288597	-0.0502948856522	-0.0437393076305	-0.00788767421047	-0.0397374311261	0.0135022357289	0.0338371620178	0.0163790968588	-0.0417727700109	-0.0880547296881	-0.0451494704107	-0.0130893465914	0.00413850782374	-0.0578554268378	-0.0421487817098	0.0655556511791	0.0156703976788	-0.061420104473	0.000619854034071	0.0348506753429	0.0247446779651	-0.0369855325049	0.0173912332561	-0.0266858679952	-0.0103724525899	-0.0185290936481	-0.0213009346005	-0.0237466662381
k__Bacteria;p__Proteobacteria;c__Betaproteobacteria;o__Burkholderiales;f__Sutterellaceae;g__Parasutterella;s__Parasutterella_excrementihominis	-0.0684154999846	0.00685528355801	0.00174244078135	-0.0247348680823	0.06110242727	0.00608167512509	0.0189386218085	-0.0441331664991	-0.0810011498582	-0.0316439435895	-0.00778092719868	-0.0376949425775	-0.00167292261223	0.0180552824895	0.0351715263377	-0.0638528105215	-0.00995100565171	0.00837978457026	-0.0558172528448	0.0456161010797	0.0169305420241	0.0619416867379	1.0	-0.0280084811861	-0.0816331366203	-0.0433522547532	0.0930598490153	-0.0649241115347	-0.0226583879559	0.0202265680422	-0.0148919268189	-0.044129087469	-0.056178415592	-0.0459387742001	-0.01846662409	-0.0479359241049	-0.00543305889763	-0.0492954080408	0.00895185369114	-0.00609958420189	0.0774026476501	0.00608703763075	0.0205056595208	0.00503424560412	0.0184029450489	-0.0310466259752	0.0271379915625	0.0255832264052	0.0016304870844	-0.00956123275587	0.00629171604902	-0.033353925548	-0.0270012442936	-0.0360318438702	-0.040480552556	-0.0016115634378	-0.0115162039388	0.0198082753306	0.0264444250773
k__Bacteria;p__Actinobacteria;c__Actinobacteria;o__Bifidobacteriales;f__Bifidobacteriaceae;g__Bifidobacterium;s__Bifidobacterium_adolescentis	-0.0687182137866	-0.036963650428	-0.0666994748121	-0.00643704773309	0.0283445940274	0.0387495371289	-0.0667473521078	0.0225060154459	-0.00566348488046	-1.40925370306e-05	0.0346141547056	-0.028576491405	-0.00353427827459	0.0153066357698	-0.0503018935916	0.0315381089758	0.11509099814	0.013745273265	0.018585792978	0.0500440889561	-0.0813738636155	0.0439339999263	-0.0280084811861	1.0	-0.0109129490701	-0.00555573741649	-0.0302223953099	-0.00291210309154	-0.0221765786966	-0.0456621470956	0.020786929642	0.0331987811358	0.0332820532804	-0.0223677496432	0.0560704625616	0.0156811870473	-0.0594778799354	-0.0887566134785	-0.0021158729935	-0.0907057722329	0.0118395834462	-0.0757575108994	-0.0858205662815	-0.0751389731067	-0.0269087813581	0.0526693197071	0.0543495935789	-0.0670215604902	-0.08937917333	-0.00390102030034	-0.0090658335206	-0.041265288747	-0.036779722265	-0.0167819548233	0.0162320052543	0.0405361654435	-0.00184228244051	-0.0310004017357	-0.01869241641
k__Bacteria;p__Firmicutes;c__Clostridia;o__Clostridiales;f__Oscillospiraceae;g__Oscillibacter;s__Oscillibacter_sp._KLE_1745	0.0360475426458	0.0845139128267	0.0199387538784	0.00794807466521	0.00568517791685	0.0318901570465	-0.0141942110199	0.0414580912676	-0.0213099148761	-0.0108659860932	0.0999286963033	0.0144941631039	-0.0905193134476	0.007120861661	0.0311962993726	-0.00448202221329	0.0303872050876	0.0354172339497	-0.0194225658702	-0.0627171682552	-0.00262960689578	-0.0681283536101	-0.0816331366203	-0.0109129490701	1.0	-0.0561913774257	-0.0184858597211	0.0205343133655	-0.0300325805533	-0.0263248469238	-0.110862811376	-0.0246744606463	-0.0533109086147	0.0091276774759	-0.00627629052247	0.00987342127029	0.0530055320635	0.0169708040199	-0.0230325219358	0.026966873366	-0.0184826377042	0.012336445986	-0.0114179308951	-0.0135921340902	-0.0247699667091	0.0554355132572	0.0736155974804	-0.0270124379325	-0.0301513343725	-0.0118573340506	-0.0551703529889	-0.0611385259805	-0.000651389655809	0.0549067211333	-0.0147913081861	0.00814822124783	-0.0156882281569	0.00413171289768	-0.0152508314706
k__Bacteria;p__Bacteroidetes;c__Bacteroidia;o__Bacteroidales;f__Bacteroidaceae;g__Bacteroides;s__Bacteroides_coprophilus	0.0278800788191	0.019985155757	-0.0805876294326	-0.00869330978628	-0.0887914761694	0.0281171725233	-0.0206461412012	-0.0257250012255	-0.0516318542668	0.0345768510925	-0.0408938649019	0.0242394871868	-0.0539920231858	0.00688466499685	0.0264155322127	0.057090853787	-0.0258275453393	-0.0569032921372	0.0353255006725	0.00340550407786	0.0181553646939	0.0253364722185	-0.0433522547532	-0.00555573741649	-0.0561913774257	1.0	0.0497895445025	0.00780700162667	0.0468533019613	-0.0555720114388	0.000418824284172	-0.0134243347788	0.0128874634358	-0.0340107805308	0.00712515059673	-0.0152436324994	-0.100042501608	-0.0613431573063	-0.0111234472966	-0.042663660097	0.019986968181	0.0661137801788	0.0957368506397	0.00512101828719	-0.0502086780415	-0.00680194072036	0.0256313159159	0.00320303969766	0.0113581445529	0.0211911353417	0.0785432926244	0.0467226158796	0.0319516735902	-0.0140933715158	0.0152125798697	-0.000986554151436	-0.0771856299062	0.00436394738453	-0.0595845625361
k__Bacteria;p__Firmicutes;c__Clostridia;o__Clostridiales;f__Lachnospiraceae;g__Roseburia;s__Roseburia_intestinalis	0.0184618340574	-0.020259051705	0.0679370009787	-0.0297982198897	-0.00915011735651	0.0354230965182	0.000671973568533	-0.0239968104177	0.0157624806144	0.0677973279002	0.0572847259423	0.00573202701726	-0.015715812296	-0.0245916250827	0.00521617239524	0.0354191188034	0.0306626164698	0.0457676883137	-0.0326847940479	0.039780477573	-0.014593540482	-0.0316453505539	0.0930598490153	-0.0302223953099	-0.0184858597211	0.0497895445025	1.0	0.0146027823569	0.0309538277436	-0.0466382110581	-0.00283568678747	-0.0283928802665	0.0268530578854	0.0136524989811	-0.028909459793	0.00359610657232	0.0436871382636	-0.0917688230782	-0.0187751928257	-0.0530876829804	0.0585274458251	-0.0411962384058	-0.0746729534532	-0.0843198626902	0.081747577031	-0.0458269707407	-0.0885909292337	0.031759084538	0.113181725161	0.0148631571953	0.0441706685881	-0.01048714482	-0.0464692145899	-0.0205112002551	-0.0519322758623	-0.00688252440394	-0.0169139473021	0.0473553859569	-0.0584335836881
k__Bacteria;p__Firmicutes;c__Clostridia;o__Clostridiales;f__Lachnospiraceae;g__Roseburia;s__Roseburia_hominis	-0.0396300324889	-0.037926211767	-0.0194719312705	0.0411927784298	0.0114116436491	-0.0200766048111	-0.01386486403	-0.0560107124883	-0.0025016240455	0.0135537229051	0.00596542068188	0.0419566671798	-0.0167267446064	0.0276575888962	-0.0220833154628	0.017466188776	0.0158445336152	-0.0901111613182	-0.0478468599833	-0.0180636717633	-3.52630719061e-05	0.0258254923377	-0.0649241115347	-0.00291210309154	0.0205343133655	0.00780700162667	0.0146027823569	1.0	0.0136210569699	0.0014279070434	-0.00967476721538	-0.0620032520289	-0.019035888704	-0.0874434619884	0.0157842610698	0.0267961467131	-0.0690447951216	0.00411404405746	0.0327775407324	-0.00955425490925	0.0657066813931	-0.0333851956799	-0.0264719107616	-0.0135338373958	0.0193076834296	-0.0670319454489	-0.0108152105259	-0.0625882721217	-0.040847045722	0.0424484314783	0.0122465456198	0.0305292816407	0.0576942135859	-0.0374246219374	0.0193204049593	-0.0182193637148	-0.0378409745149	-0.00325065030542	0.0393164899909
k__Bacteria;p__Bacteroidetes;c__Bacteroidia;o__Bacteroidales;f__Porphyromonadaceae;g__Parabacteroides;s__Parabacteroides_johnsonii	-0.0295937354945	-0.0413409106677	-0.0505257020415	0.13261368839	0.00221932758838	0.0248316746369	0.0199528817829	0.00380059203246	-0.00742423345605	-0.00500644503502	0.0226248181756	-0.0640960722298	-0.0592947633568	-0.0328384475857	0.0649896592407	-0.029448387937	-0.0227053545568	-0.0423073783794	0.00209364257326	0.0114935609234	-0.039588234851	-0.018712588993	-0.0226583879559	-0.0221765786966	-0.0300325805533	0.0468533019613	0.0309538277436	0.0136210569699	1.0	-0.0693356695654	-0.00722483058853	0.00352826821137	-0.0153093843741	-0.105244414113	-0.0289417898381	0.0182117796906	-0.0109789038885	-0.00758580430065	0.0764498748138	-0.0358642872937	0.0140871547927	0.0173213531962	-0.119035932657	0.0422322834502	0.0572482178424	-0.00247361063227	0.0760574720535	-0.0293047647442	-0.00266186776504	0.0149102955015	0.017641799954	-0.0337658935195	-0.0332505537481	-0.0181696105952	-0.00826068666186	-0.0291688489564	-0.0716276910339	-0.0197153240907	-0.0127666158847
k__Bacteria;p__Actinobacteria;c__Actinobacteria;o__Bifidobacteriales;f__Bifidobacteriaceae;g__Bifidobacterium;s__Bifidobacterium_longum	-0.018070259522	0.00164626509228	-0.0145164750188	-0.0090759042817	-0.0567881805932	0.00860837615551	0.00799725051208	-0.0484267216191	-0.0171071228226	-0.00151037455234	0.0370184949892	0.0398841248923	-0.00935461264337	0.0446603902972	-0.00702151119438	0.0452591347052	-0.0214876044002	0.0112992892606	-0.0287328772298	-0.00804880596326	0.0138025465991	-0.026610665733	0.0202265680422	-0.0456621470956	-0.0263248469238	-0.0555720114388	-0.0466382110581	0.0014279070434	-0.0693356695654	1.0	-0.0414089118228	-0.0666491850356	0.0304221790895	0.00332244029127	-0.0218005091144	-0.0331133478979	0.00534047928022	-0.00602581099244	0.0359011747787	0.0166754377236	-0.0451139052245	0.0128535339468	0.0151046064045	-0.0454646187436	-0.00761017080405	0.0592858530497	-0.00283654943317	0.000487843383326	0.00325280234187	-0.0626619914059	-0.0367786863679	0.0405676482538	-0.0133350915858	-0.0562529257988	-0.0399265073409	-0.0391265268123	-0.0294295863338	-0.00798457160614	-0.00307466370594
