#taxonomy	k__Bacteria;p__Bacteroidetes;c__Bacteroidia;o__Bacteroidales;f__Bacteroidaceae;g__Bacteroides;s__Bacteroides_vulgatus	k__Bacteria;p__Bacteroidetes;c__Bacteroidia;o__Bacteroidales;f__Bacteroidaceae;g__Bacteroides;s__Bacteroides_uniformis	k__Bacteria;p__Bacteroidetes;c__Bacteroidia;o__Bacteroidales;f__Rikenellaceae;g__Alistipes;s__Alistipes_putredinis	k__Bacteria;p__Bacteroidetes;c__Bacteroidia;o__Bacteroidales;f__Prevotellaceae;g__Prevotella;s__Prevotella_copri	k__Bacteria;p__Bacteroidetes;c__Bacteroidia;o__Bacteroidales;f__Bacteroidaceae;g__Bacteroides;s__Bacteroides_stercoris	k__Bacteria;p__Bacteroidetes;c__Bacteroidia;o__Bacteroidales;f__Bacteroidaceae;g__Bacteroides;s__Bacteroides_ovatus	k__Bacteria;p__Bacteroidetes;c__Bacteroidia;o__Bacteroidales;f__Rikenellaceae;g__Alistipes;s__Alistipes_shahii	k__Bacteria;p__Firmicutes;c__Clostridia;o__Clostridiales;f__Ruminococcaceae;g__Faecalibacterium;s__Faecalibacterium_prausnitzii	k__Bacteria;p__Bacteroidetes;c__Bacteroidia;o__Bacteroidales;f__Rikenellaceae;g__Alistipes;s__Alistipes_finegoldii	k__Bacteria;p__Bacteroidetes;c__Bacteroidia;o__Bacteroidales;f__Porphyromonadaceae;g__Parabacteroides;s__Parabacteroides_distasonis	k__Bacteria;p__Bacteroidetes;c__Bacteroidia;o__Bacteroidales;f__Bacteroidaceae;g__Bacteroides;s__Bacteroides_thetaiotaomicron	k__Bacteria;p__Bacteroidetes;c__Bacteroidia;o__Bacteroidales;f__Bacteroidaceae;g__Bacteroides;s__Bacteroides_coprocola	k__Bacteria;p__Bacteroidetes;c__Bacteroidia;o__Bacteroidales;f__Bacteroidaceae;g__Bacteroides;s__Bacteroides_cellulosilyticus	k__Bacteria;p__Bacteroidetes;c__Bacteroidia;o__Bacteroidales;f__Rikenellaceae;g__Alistipes;s__Alistipes_obesi	k__Bacteria;p__Firmicutes;c__Clostridia;o__Clostridiales;f__Lachnospiraceae;g__;s__[Eubacterium]_rectale	k__Bacteria;p__Bacteroidetes;c__Bacteroidia;o__Bacteroidales;f__Bacteroidaceae;g__Bacteroides;s__Bacteroides_plebeius	k__Bacteria;p__Bacteroidetes;c__Bacteroidia;o__Bacteroidales;f__Bacteroidaceae;g__Bacteroides;s__Bacteroides_fragilis	k__Bacteria;p__Proteobacteria;c__Betaproteobacteria;o__Burkholderiales;f__Sutterellaceae;g__Sutterella;s__Sutterella_wadsworthensis	k__Bacteria;p__Bacteroidetes;c__Bacteroidia;o__Bacteroidales;f__Porphyromonadaceae;g__Barnesiella;s__Barnesiella_intestinihominis	k__Bacteria;p__Bacteroidetes;c__Bacteroidia;o__Bacteroidales;f__Odoribacteraceae;g__Odoribacter;s__Odoribacter_splanchnicus	k__Bacteria;p__Bacteroidetes;c__Bacteroidia;o__Bacteroidales;f__Bacteroidaceae;g__Bacteroides;s__Bacteroides_salyersiae	k__Bacteria;p__Firmicutes;c__Clostridia;o__Clostridiales;f__Ruminococcaceae;g__Ruminiclostridium;s__[Eubacterium]_siraeum	k__Bacteria;p__Proteobacteria;c__Betaproteobacteria;o__Burkholderiales;f__Sutterellaceae;g__Parasutterella;s__Parasutterella_excrementihominis	k__Bacteria;p__Actinobacteria;c__Actinobacteria;o__Bifidobacteriales;f__Bifidobacteriaceae;g__Bifidobacterium;s__Bifidobacterium_adolescentis	k__Bacteria;p__Firmicutes;c__Clostridia;o__Clostridiales;f__Oscillospiraceae;g__Oscillibacter;s__Oscillibacter_sp._KLE_1745	k__Bacteria;p__Bacteroidetes;c__Bacteroidia;o__Bacteroidales;f__Bacteroidaceae;g__Bacteroides;s__Bacteroides_coprophilus	k__Bacteria;p__Firmicutes;c__Clostridia;o__Clostridiales;f__Lachnospiraceae;g__Roseburia;s__Roseburia_intestinalis	k__Bacteria;p__Firmicutes;c__Clostridia;o__Clostridiales;f__Lachnospiraceae;g__Roseburia;s__Roseburia_hominis	k__Bacteria;p__Bacteroidetes;c__Bacteroidia;o__Bacteroidales;f__Porphyromonadaceae;g__Parabacteroides;s__Parabacteroides_johnsonii	k__Bacteria;p__Actinobacteria;c__Actinobacteria;o__Bifidobacteriales;f__Bifidobacteriaceae;g__Bifidobacterium;s__Bifidobacterium_longum	k__Bacteria;p__Firmicutes;c__Clostridia;o__Clostridiales;f__;g__Flavonifractor;s__Flavonifractor_plautii	k__Bacteria;p__Firmicutes;c__Clostridia;o__Clostridiales;f__Clostridiaceae;g__Clostridium;s__Clostridium_phoceensis	k__Bacteria;p__Verrucomicrobia;c__Verrucomicrobiae;o__Verrucomicrobiales;f__Akkermansiaceae;g__Akkermansia;s__Akkermansia_muciniphila	k__Bacteria;p__Bacteroidetes;c__Bacteroidia;o__Bacteroidales;f__Prevotellaceae;g__Paraprevotella;s__Paraprevotella_xylaniphila	k__Bacteria;p__Firmicutes;c__Clostridia;o__Clostridiales;f__Ruminococcaceae;g__Ruminococcus;s__Ruminococcus_callidus	k__Bacteria;p__Bacteroidetes;c__Bacteroidia;o__Bacteroidales;f__Rikenellaceae;g__Alistipes;s__Alistipes_senegalensis	k__Bacteria;p__Firmicutes;c__Clostridia;o__Clostridiales;f__Lachnospiraceae;g__Blautia;s__Blautia_sp._KLE_1732	k__Bacteria;p__Bacteroidetes;c__Bacteroidia;o__Bacteroidales;f__Bacteroidaceae;g__Bacteroides;s__Bacteroides_oleiciplenus	k__Bacteria;p__Firmicutes;c__Clostridia;o__Clostridiales;f__Ruminococcaceae;g__Ruminococcus;s__Ruminococcus_bicirculans	k__Bacteria;p__Bacteroidetes;c__Bacteroidia;o__Bacteroidales;f__Bacteroidaceae;g__Bacteroides;s__Bacteroides_fluxus	k__Bacteria;p__Bacteroidetes;c__Bacteroidia;o__Bacteroidales;f__Prevotellaceae;g__Prevotella;s__Prevotella_stercorea	k__Bacteria;p__Firmicutes;c__Clostridia;o__Clostridiales;f__Lachnospiraceae;g__Dorea;s__Dorea_longicatena	k__Bacteria;p__Firmicutes;c__Clostridia;o__Clostridiales;f__Eubacteriaceae;g__Eubacterium;s__[Eubacterium]_eligens	k__Bacteria;p__Firmicutes;c__Clostridia;o__Clostridiales;f__Ruminococcaceae;g__;s__Ruminococcaceae_bacterium_D16	k__Bacteria;p__Firmicutes;c__Clostridia;o__Clostridiales;f__Lachnospiraceae;g__Coprococcus;s__Coprococcus_comes	k__Bacteria;p__Proteobacteria;c__Gammaproteobacteria;o__Enterobacterales;f__Enterobacteriaceae;g__Escherichia;s__Escherichia_coli	k__Bacteria;p__Firmicutes;c__Clostridia;o__Clostridiales;f__Ruminococcaceae;g__Anaerotruncus;s__Anaerotruncus_colihominis	k__Bacteria;p__Firmicutes;c__Clostridia;o__Clostridiales;f__Lachnospiraceae;g__Blautia;s__Blautia_obeum	k__Bacteria;p__Bacteroidetes;c__Bacteroidia;o__Bacteroidales;f__Odoribacteraceae;g__Odoribacter;s__Odoribacter_laneus	k__Bacteria;p__Firmicutes;c__Clostridia;o__Clostridiales;f__Ruminococcaceae;g__Ruminiclostridium;s__[Clostridium]_leptum	k__Bacteria;p__Bacteroidetes;c__Bacteroidia;o__Bacteroidales;f__Porphyromonadaceae;g__Parabacteroides;s__Parabacteroides_goldsteinii	k__Bacteria;p__Firmicutes;c__Clostridia;o__Clostridiales;f__Lachnospiraceae;g__Anaerostipes;s__Anaerostipes_hadrus	k__Bacteria;p__Firmicutes;c__Clostridia;o__Clostridiales;f__Ruminococcaceae;g__Ruminococcus;s__Ruminococcus_lactaris	k__Bacteria;p__Firmicutes;c__Clostridia;o__Clostridiales;f__Clostridiaceae;g__Clostridium;s__Clostridium_sp._L2-50	k__Bacteria;p__Firmicutes;c__Clostridia;o__Clostridiales;f__Clostridiaceae;g__Clostridium;s__Clostridium_sp._M62/1	k__Bacteria;p__Firmicutes;c__Clostridia;o__Clostridiales;f__;g__Intestinimonas;s__Intestinimonas_butyriciproducens	k__Bacteria;p__Actinobacteria;c__Actinobacteria;o__Bifidobacteriales;f__Bifidobacteriaceae;g__Bifidobacterium;s__Bifidobacterium_bifidum	k__Bacteria;p__Firmicutes;c__Negativicutes;o__Veillonellales;f__Veillonellaceae;g__Dialister;s__Dialister_invisus	k__Bacteria;p__Bacteroidetes;c__Bacteroidia;o__Bacteroidales;f__Bacteroidaceae;g__Bacteroides;s__Bacteroides_salanitronis
k__Bacteria;p__Bacteroidetes;c__Bacteroidia;o__Bacteroidales;f__Bacteroidaceae;g__Bacteroides;s__Bacteroides_vulgatus	1.0	-0.0383821518897	0.025453055279	-0.0288573444648	-0.0145545807913	-0.0563900795072	-0.0575244744669	-0.00691338108094	0.0554525233303	-0.0434727157222	-0.00236464526829	0.0109187346732	-0.0298055656563	0.00157263760706	0.00329194408041	0.0398788488753	0.0196593922867	0.00436097424742	-0.102175391745	-0.0233098536191	-0.00212413097268	-0.0288729675341	-0.0138720275257	0.0217875333992	0.0680467888186	-0.0542026688043	-0.0146303272286	-0.0104236707508	0.0186913461662	-0.0779756353873	0.0259456785815	0.00879412461088	-0.0213787547037	-0.00140144451331	-0.0581562093828	-0.0074947092403	0.0167631463237	-0.0137415599998	-0.0639759655451	0.051543443545	-0.0556943709489	0.00426635193034	-0.0593131792393	0.0319068837754	0.00321303566071	-0.0479519978145	-0.0593243971179	-0.0310784659298	-0.110498425973	-0.0302738673085	0.00361692278343	-0.0386306833711	0.0362435159562	-0.0275433492476	-0.0111055474638	-0.0327508152034	0.0345495743045	0.0326800055383	0.0544880246198
k__Bacteria;p__Bacteroidetes;c__Bacteroidia;o__Bacteroidales;f__Bacteroidaceae;g__Bacteroides;s__Bacteroides_uniformis	-0.0383821518897	1.0	0.000113096056292	-0.02026790665	-0.0310076693579	-0.0190235178365	-0.02225026589	0.0328388225518	0.00108725731938	0.067166235756	-0.0528430511876	-0.051365291797	-0.0641007203289	0.0637880634308	0.000644966495826	0.0391335002132	-0.001986779545	-0.000202451054529	-0.00273189887493	-0.0623896772191	0.0306345541281	0.0228918297307	-0.0684656120865	-0.0393302905781	-0.0698700060186	-0.0169127824234	0.0562543834436	0.0544508232024	-0.0478403821034	0.00790740126314	-0.142828662431	0.0628055343728	-0.00392247016083	0.0259849060847	0.00488343862265	0.0511183482186	0.00123256262698	-0.0813759383446	-0.0331182668519	-0.00082886067246	0.0112946581442	0.0128530188539	-0.00804589750885	-0.0768887678034	-0.068679650989	-0.0480439938023	-0.0309572720975	-0.0197936879028	-0.00202334723007	0.0228430573983	-0.0447090453175	-0.00299990426104	0.0119485663901	0.0444605117353	0.0128161521343	0.0206589249529	-0.00648176374473	-0.0423801567914	-0.0456056920265
k__Bacteria;p__Bacteroidetes;c__Bacteroidia;o__Bacteroidales;f__Rikenellaceae;g__Alistipes;s__Alistipes_putredinis	0.025453055279	0.000113096056292	1.0	-0.0460624380415	0.000570159964206	0.0456779978024	-0.00391389942684	0.0109134482397	-0.0700605913172	0.0392597162796	-0.0619439881517	-0.0915396993268	-0.0786437210462	0.0169347975456	0.0526424500446	0.0153319385924	-0.0257955358542	0.0194594490139	-0.0641178250294	-0.00092612058947	-0.0312785133798	-0.0319350116979	0.0546266305811	-0.022920384149	0.0563251773493	0.0409988340708	0.0132915933855	-0.0733389391264	-0.01750294115	0.0445812933597	0.0287053101486	0.0111105819797	-0.00829197501267	-0.00591470907571	0.0193500837891	-0.0492071747686	-0.00689436842523	0.0433325637723	0.0272625383786	0.0222240442181	-0.0482500446139	-0.0181664522941	0.0512362243255	-0.0290685736353	-0.0939165515779	-0.105422717803	-0.0310415190651	0.0206868117096	-0.000474891784723	-0.00719895575128	-0.00185191647035	-0.0671163493666	0.0414084806645	-0.00769549654236	0.012045214179	-0.0806790737155	0.0205739485296	0.0447390638599	-0.0384958746284
k__Bacteria;p__Bacteroidetes;c__Bacteroidia;o__Bacteroidales;f__Prevotellaceae;g__Prevotella;s__Prevotella_copri	-0.0288573444648	-0.02026790665	-0.0460624380415	1.0	-0.0656303463814	0.0934899691126	-0.0122563684852	-0.0705961941119	-0.0200571101066	-0.0132267724247	-0.0287332490038	0.0182555715413	0.0200931900985	-0.0723456391592	0.0316215001443	0.00571227534839	-0.00780512606609	-0.0357349940776	-0.0183155034939	0.0503164188519	0.00426940430438	0.0276607649325	0.0221037044005	0.0104281085537	-0.0398846214502	-0.00236174249822	-0.0467684357074	-0.0318609429717	-0.0684343163087	-0.0413945149925	0.00570094336566	0.0366874945547	0.00664510045289	-0.0741413709058	5.87409303486e-06	0.0516426007616	0.0805724999925	-0.0404851441524	0.00145941516318	-0.00490746737089	0.0492151898366	0.0105026495588	-0.0526488572161	-0.0171051069906	-0.0755402357608	0.00764921105974	0.00166616676173	-0.0116304583539	0.0208216073121	0.0419949990189	-0.0153303657727	0.0122840625706	0.0446030190695	-0.000812873265265	0.0366503119777	-0.0555951352121	0.0168907804282	0.0450259782378	0.0016600468661
k__Bacteria;p__Bacteroidetes;c__Bacteroidia;o__Bacteroidales;f__Bacteroidaceae;g__Bacteroides;s__Bacteroides_stercoris	-0.0145545807913	-0.0310076693579	0.000570159964206	-0.0656303463814	1.0	-0.044834736289	-0.0288888172213	0.0238407441455	-0.0574322714314	0.0237535001776	-0.0167274762845	-0.024731415211	0.0612100536873	-0.0508101870381	0.0163831332309	0.0266817971302	-0.0567653209352	-0.0310548881596	-0.025108448916	0.0184995429774	0.02642500817	0.00432543952944	-0.0424239938048	0.0275984606527	-0.0758764500738	-0.0838783926607	0.0479395446782	-0.02730635	0.0013928399839	-0.0441994993703	0.0536171214906	-0.0312247393692	-0.0182736885953	0.0222613115783	-0.0396916537623	-0.0188077949961	-0.0748259553266	0.0370593650081	-0.0342230422594	-0.00712536852024	0.0374533825673	-0.00521492214555	-0.0799128776404	0.000451316684988	0.0344438328311	0.0574079447308	0.0228559584066	0.0169124752643	0.0579843032951	-0.00267672550909	0.00273018753041	0.0242374830505	-0.00323868750589	-0.0105061505098	-0.0294297089425	0.0310832378339	-0.00430231738458	-0.0348605707185	0.054352154309
k__Bacteria;p__Bacteroidetes;c__Bacteroidia;o__Bacteroidales;f__Bacteroidaceae;g__Bacteroides;s__Bacteroides_ovatus	-0.0563900795072	-0.0190235178365	0.0456779978024	0.0934899691126	-0.044834736289	1.0	0.031152578752	-0.025446992346	-0.0409016090983	0.0144287267842	-0.0102590048481	-0.0718985573106	-0.100533123269	0.0145346405006	0.00134092690973	-0.0141646943371	-0.00322866174063	-0.0597647969562	0.0320055326266	-0.061016822158	-0.0238755732983	0.0233707249797	0.011254251929	0.0148877950808	-0.0338027332233	-0.0285829070734	-0.00955962296834	0.0471003918991	0.0325673825387	-0.0411842486965	0.0056754039567	0.0166724851826	0.0180769171298	-0.0138905910784	-0.0337595519714	-0.000736837113464	-0.00175487697624	0.0465063971865	0.0474513846636	-0.0438737456516	-0.0179490742	-0.0549853517951	-0.0489914507588	-0.0403976719465	-0.0152567744306	-0.0163434716088	0.0412862080653	-0.0130863187431	0.000717528367143	-0.0260534988237	-0.00539288454147	0.0247545265781	-0.0299165007947	-0.0283982415738	-0.0303552820882	0.00567487340198	-0.00198472924404	-0.0848509567129	-0.00940818882636
k__Bacteria;p__Bacteroidetes;c__Bacteroidia;o__Bacteroidales;f__Rikenellaceae;g__Alistipes;s__Alistipes_shahii	-0.0575244744669	-0.02225026589	-0.00391389942684	-0.0122563684852	-0.0288888172213	0.031152578752	1.0	-0.0166828363168	-0.0230899431072	0.0200677892696	-0.0152392130221	-0.0400555859382	0.0383239965989	-0.0355193388043	-0.0618063634439	-0.0443363116791	-0.0389586777618	-0.0292601295721	0.00796978270194	-0.00481490164335	-0.00599312766505	-0.0271126096482	0.00699181802617	0.0108332956261	0.0223388513329	0.0112437982529	0.0306883168618	0.0439732763349	-0.0220367815615	0.0217024057533	-0.0691028606489	-0.0425214416049	-0.0154991862063	0.00368056260272	-0.0351367340036	-0.0676747012426	-0.0240189290714	-0.0337572825681	-6.50950858257e-05	-0.0789516093611	-0.0337641145666	-0.0942345208345	0.0466381753236	-0.0129369144913	0.0769495934009	-0.0875904702662	0.0548214604004	0.0170755141203	-0.0513356966515	0.000969660578918	-0.00779279118142	-0.0735313529782	0.0478597940691	0.00192100716749	0.0626745536573	-0.00159765494276	0.0149058406246	0.0273902173223	-0.0551481718534
k__Bacteria;p__Firmicutes;c__Clostridia;o__Clostridiales;f__Ruminococcaceae;g__Faecalibacterium;s__Faecalibacterium_prausnitzii	-0.00691338108094	0.0328388225518	0.0109134482397	-0.0705961941119	0.0238407441455	-0.025446992346	-0.0166828363168	1.0	-0.0106385227178	-0.00616343587892	-0.0223762816795	0.0813572985055	-0.00734817743886	-0.0852323539812	-0.0159278376707	0.0447230820886	-0.0598156408756	0.0366409577343	-0.00835743231415	0.00123119962019	-0.0476594192226	-0.00151281995276	-0.0381268482859	-0.0337358008158	-0.0318590566386	-0.0101404008828	-0.0593399257839	-0.0734114023233	0.0482661265878	0.00668092412749	-0.0040770603985	0.0182844263291	-0.0255266014023	-0.00231885376355	-0.0244511137205	-0.0311828612785	-0.0315460028974	-0.0399942369053	0.0204112022383	0.0542947875804	-0.00432351647005	0.00665532852347	-0.0783032165963	-0.02255567596	-0.0699753066231	-0.0146107170552	-0.020307639547	0.0430975621587	-0.0706305832408	-0.0259268187643	-0.0311567052326	-0.0107065889807	0.000837192262267	-0.0435914124642	-0.0451752168392	0.00637213688403	0.0245129456346	0.0339575232088	-0.000218793241746
k__Bacteria;p__Bacteroidetes;c__Bacteroidia;o__Bacteroidales;f__Rikenellaceae;g__Alistipes;s__Alistipes_finegoldii	0.0554525233303	0.00108725731938	-0.0700605913172	-0.0200571101066	-0.0574322714314	-0.0409016090983	-0.0230899431072	-0.0106385227178	1.0	0.0113790998867	0.000809881331179	0.0210479235508	0.0577081115327	-0.0496810693754	-0.0293809738409	0.0137233437369	-0.0661054766538	0.0425005326784	0.0222684090456	-0.0756747834023	0.0189232296955	-0.0135062092485	-0.0366323562867	-0.0761575243275	0.0288521345161	-0.0427022752817	0.0453122645387	0.00791327523448	-0.0289161320099	-0.006605946119	0.0181010589015	-0.0319330830972	-0.0183863705728	-0.0220375909909	0.000666586946363	-0.0779497290399	0.0209273884211	-0.0121631591444	0.0182805813753	-0.00855015081315	0.0179127773947	-0.0268243907692	0.047680138584	0.00554381340313	0.0237863858606	-0.00721820517661	-0.082648448199	0.0201674364447	0.0130281924363	-0.0436622934319	0.0146158952401	0.0216881465572	-0.00508358080269	-0.081390266699	-0.0303166947903	-0.0531716136032	0.0659792207907	-0.0218844161305	-0.00904871242092
k__Bacteria;p__Bacteroidetes;c__Bacteroidia;o__Bacteroidales;f__Porphyromonadaceae;g__Parabacteroides;s__Parabacteroides_distasonis	-0.0434727157222	0.067166235756	0.0392597162796	-0.0132267724247	0.0237535001776	0.0144287267842	0.0200677892696	-0.00616343587892	0.0113790998867	1.0	0.0131358753844	-0.0622840056169	-0.0115956056727	-0.00740583279373	0.0526913275852	0.0387564118096	-0.0256836073057	-0.0200932802936	-0.0238378827142	0.0623713678538	-0.0245369021193	-0.0495756344548	-0.0265855954961	-0.047137520641	0.0269324030712	0.0142410652522	-0.0391504630857	0.0409056104468	0.0270146025904	0.00789157710989	-0.0295985002098	0.0367739482624	-0.0323218396745	-0.0233125604597	-0.014632421614	-0.0582106864595	-0.0748624624891	0.0165520635713	-0.062518032896	-0.0605757864058	0.0107443651814	0.00447326478658	-0.0138931793187	0.000736986384547	-0.0365038709162	-0.0655516230525	-0.0187650533064	0.0187676896165	-0.0312381463747	-0.00940855123727	0.0252861774384	-0.0636525526328	-0.0349189379936	0.0548472270257	-0.0648106035725	0.0921724454329	0.0112030660195	0.0099856723191	-0.0420775304761
k__Bacteria;p__Bacteroidetes;c__Bacteroidia;o__Bacteroidales;f__Bacteroidaceae;g__Bacteroides;s__Bacteroides_thetaiotaomicron	-0.00236464526829	-0.0528430511876	-0.0619439881517	-0.0287332490038	-0.0167274762845	-0.0102590048481	-0.0152392130221	-0.0223762816795	0.000809881331179	0.0131358753844	1.0	-0.0484797810035	-0.0608860399453	0.0403078262471	-0.0284428041644	0.0220180833141	0.0306403311647	0.0323158201867	0.0154349031588	-0.0145217718789	-0.0266364635945	-0.0176040075984	-0.0329092711192	-0.0649791486951	-0.0260704591928	-0.0188107165681	-0.000612306008764	0.052092262729	0.0170666149514	-0.0868361797515	-0.0638197592236	0.0405252504463	-0.0192587467337	-0.0144730077398	0.0429154403595	-0.0163946876578	0.0523190166421	-0.00414319680289	-0.0586087185868	0.00134040587301	-0.0317192165838	-0.0443763492618	-0.0292975780249	-0.00607447902993	-0.0325049481938	0.095053553654	-0.0611807065956	0.0226478184041	-0.0140437115486	0.0372812599948	0.0253366060237	-0.000478151969167	-0.0255467891002	-0.00370710067262	0.0124495899211	-0.00800562314127	0.0153095031002	-0.032193094528	0.00146349873066
k__Bacteria;p__Bacteroidetes;c__Bacteroidia;o__Bacteroidales;f__Bacteroidaceae;g__Bacteroides;s__Bacteroides_coprocola	0.0109187346732	-0.051365291797	-0.0915396993268	0.0182555715413	-0.024731415211	-0.0718985573106	-0.0400555859382	0.0813572985055	0.0210479235508	-0.0622840056169	-0.0484797810035	1.0	-0.0112874007995	-0.0413281236199	0.0080298513495	0.0256981083187	0.0527458531751	-0.0455235590793	-0.0140829423357	0.00836850770674	-0.0251147224079	0.0739875976868	0.0274491668772	-0.0742679131436	0.00329943569829	-0.0155430476254	-0.0331244437998	0.00838972766219	-0.0844124089252	0.0596286825862	0.0385924673186	-0.0349232935747	-0.00434546274427	-0.0765518171522	0.0193482176973	0.0096102634716	-0.00589181074105	-0.0820307133355	-0.0498172185794	-0.0131295124599	-0.0830576123316	0.0412777216754	-0.000156191156507	-0.0321437283353	0.0814974739569	-0.00363058740577	0.0293529068821	0.0041818821235	-0.0248994478429	-0.0808365389125	-0.0522736732391	0.0179290636724	0.0342890001905	0.00602929014517	-0.00583905560384	0.0378291811572	-0.0703845571682	-0.0213478978492	0.0293362526605
k__Bacteria;p__Bacteroidetes;c__Bacteroidia;o__Bacteroidales;f__Bacteroidaceae;g__Bacteroides;s__Bacteroides_cellulosilyticus	-0.0298055656563	-0.0641007203289	-0.0786437210462	0.0200931900985	0.0612100536873	-0.100533123269	0.0383239965989	-0.00734817743886	0.0577081115327	-0.0115956056727	-0.0608860399453	-0.0112874007995	1.0	-0.0430313168687	0.0470134081184	-0.023480894512	-0.0785544686317	0.0702332388637	-0.027258620406	0.0928748772519	-0.0437242495763	0.0499738634421	0.0203371892316	0.0396350653273	0.0321576742124	-0.0505836258883	0.0180825586772	-0.0447734554451	-0.0121494096543	-0.045304376244	-0.0257818132195	0.0475253431684	0.0636389392731	-0.0233976123754	-0.087543431226	0.00920696167869	-0.065979496656	-0.0188094802929	-0.000695067881957	-0.0304478125978	-0.0263803557061	-0.0186678106206	0.00322841380001	-0.0198905367878	0.0164999318242	-0.0512216759137	-0.0425462501617	-0.00392712581393	0.0351235681093	-0.00422113831091	-0.0601794160897	0.00214311081539	-0.00602132585448	-0.0433624266064	0.0186095828864	-0.00991564386934	-0.0127694690192	-0.0227888942421	0.0359006593281
k__Bacteria;p__Bacteroidetes;c__Bacteroidia;o__Bacteroidales;f__Rikenellaceae;g__Alistipes;s__Alistipes_obesi	0.00157263760706	0.0637880634308	0.0169347975456	-0.0723456391592	-0.0508101870381	0.0145346405006	-0.0355193388043	-0.0852323539812	-0.0496810693754	-0.00740583279373	0.0403078262471	-0.0413281236199	-0.0430313168687	1.0	-0.0227116324705	0.0437538099531	0.00933278857131	0.0248744302626	-0.0266935341276	-0.0520604617437	-0.0359931333629	0.0512949554557	-0.0211471403839	-0.0246591011507	-0.026596645291	-0.054392725626	-0.0258751754933	-0.0270197137297	-0.0324290564685	-0.0224937383994	0.00517992569464	0.0314001357436	-0.0722749267767	0.0293242202058	0.0281514227281	-0.0075050689954	-0.0396752460319	-0.0309520079941	-0.04140077073	-0.0417476349614	-0.0455000974275	0.0343787577567	-0.00527085960116	0.00894162928352	0.0192360067638	-0.0121215750317	-0.0326290149302	0.0241998248642	-0.053289672021	-0.0620917861233	-0.0947937200974	-0.0240905878091	-0.0107467046966	-0.000768147615756	0.0455859883914	0.00845353512914	-0.00310890246714	0.0590939125186	-0.0607965301491
k__Bacteria;p__Firmicutes;c__Clostridia;o__Clostridiales;f__Lachnospiraceae;g__;s__[Eubacterium]_rectale	0.00329194408041	0.000644966495826	0.0526424500446	0.0316215001443	0.0163831332309	0.00134092690973	-0.0618063634439	-0.0159278376707	-0.0293809738409	0.0526913275852	-0.0284428041644	0.0080298513495	0.0470134081184	-0.0227116324705	1.0	0.0490791930365	0.0196918661672	-0.0305453239419	-0.0615532781107	0.0160518870778	-0.0515883889548	-0.00899518240264	-0.0797699821043	-0.0236565017256	-0.0638779582902	-0.0031425306329	0.0424400604201	-0.080115702293	-0.0941401219335	-0.0186379437956	0.0243625824754	0.00722125029731	-0.0038016854596	-0.000774720803348	-0.000279681446221	0.00401302807448	-0.00647578987922	0.0297012182514	-0.0598072989159	0.0167404574717	-0.004427081256	0.0392668885524	-0.0151844831258	-0.0396606127041	-0.0738000260606	-0.0541988092074	0.0295287306912	-0.0580234160541	0.023095773673	-0.00318114633345	-0.081812161813	-0.0365820958915	-0.0191475333732	0.0139012314259	-0.0361529714811	-0.036727984444	-0.0693221542392	-0.0440871188539	-0.0944634563414
k__Bacteria;p__Bacteroidetes;c__Bacteroidia;o__Bacteroidales;f__Bacteroidaceae;g__Bacteroides;s__Bacteroides_plebeius	0.0398788488753	0.0391335002132	0.0153319385924	0.00571227534839	0.0266817971302	-0.0141646943371	-0.0443363116791	0.0447230820886	0.0137233437369	0.0387564118096	0.0220180833141	0.0256981083187	-0.023480894512	0.0437538099531	0.0490791930365	1.0	-0.0708577550888	0.0575606529274	-0.0302547716902	-0.0309612979677	0.00276899235566	-0.0460070001481	-0.0693944934409	-0.0203410653865	0.0170443214162	0.0467707573752	-0.0179690956915	-0.0703619114645	0.0164392673485	-0.0845944460011	-0.0320577175184	-0.0085712039043	0.0653832421604	0.047203049641	-0.00831882911619	-0.0314475533563	-0.0269349326373	0.0252461199267	-0.0621340543627	-0.0474594487331	0.0270721860898	-0.0309800637501	0.00473337605021	-0.0291847816762	-0.00196269123427	-0.0330671577272	-0.015431018553	-0.0689596045743	-0.0470741886604	0.0315387998636	-0.0142463107634	0.0365431519369	0.0269914450254	-0.0132584952579	0.0210606546885	0.0237558253204	-0.0254802425517	-0.0692866954116	0.0265436240798
k__Bacteria;p__Bacteroidetes;c__Bacteroidia;o__Bacteroidales;f__Bacteroidaceae;g__Bacteroides;s__Bacteroides_fragilis	0.0196593922867	-0.001986779545	-0.0257955358542	-0.00780512606609	-0.0567653209352	-0.00322866174063	-0.0389586777618	-0.0598156408756	-0.0661054766538	-0.0256836073057	0.0306403311647	0.0527458531751	-0.0785544686317	0.00933278857131	0.0196918661672	-0.0708577550888	1.0	-0.0196631129573	-0.032683997785	-0.0476860883563	-0.0327762919925	0.00990558450259	0.0036379403656	-0.116389825362	-0.0827075719084	-0.012851838694	0.0169993235914	-0.000520057385642	-0.033350079635	-0.0843673146895	-0.0406938426223	-0.026835980443	0.0307181417372	-0.0621966757906	0.0293177825885	-0.0583487439239	-0.00270348193678	-0.0563276342471	0.0682419292476	0.0235277074847	0.0619166727728	0.0532398354782	0.0281500231996	-0.0672347782853	0.026562800781	-0.03062504354	-0.0553152234532	-0.0559933974834	0.0196709939439	-0.00479823575043	-0.0157853120784	-0.0522208653345	0.0450583758849	0.0198098265008	-0.0324738483199	0.00127951341756	-0.0661902352394	0.0134908114869	0.0583835527678
k__Bacteria;p__Proteobacteria;c__Betaproteobacteria;o__Burkholderiales;f__Sutterellaceae;g__Sutterella;s__Sutterella_wadsworthensis	0.00436097424742	-0.000202451054529	0.0194594490139	-0.0357349940776	-0.0310548881596	-0.0597647969562	-0.0292601295721	0.0366409577343	0.0425005326784	-0.0200932802936	0.0323158201867	-0.0455235590793	0.0702332388637	0.0248744302626	-0.0305453239419	0.0575606529274	-0.0196631129573	1.0	0.0248466087247	0.00125146008945	-0.0125079317063	0.0176284388023	0.0202379056429	-0.011952961286	-0.00447900306583	0.0182368800056	-0.0636304481231	-0.0466577689585	0.00681364419885	0.022159951746	0.0335430995078	-0.00200202567444	0.00183531852149	-0.0512192580325	-0.0424074571932	-0.026537707376	-0.0772320444216	0.0478739535423	-0.0681966848261	-0.0700075142932	-0.0451098019747	-0.0375970012113	-0.132432333078	-0.0828646521558	0.0631048645379	0.0434158404431	-0.0415478391278	0.00335121144104	0.00414715627038	-0.0163638946229	-0.0866408403875	-0.00654808762324	-0.00545651657472	-0.0602316262739	0.0517442397309	-0.0535930660722	-0.039210777221	0.0394294680127	-0.0492221314793
k__Bacteria;p__Bacteroidetes;c__Bacteroidia;o__Bacteroidales;f__Porphyromonadaceae;g__Barnesiella;s__Barnesiella_intestinihominis	-0.102175391745	-0.00273189887493	-0.0641178250294	-0.0183155034939	-0.025108448916	0.0320055326266	0.00796978270194	-0.00835743231415	0.0222684090456	-0.0238378827142	0.0154349031588	-0.0140829423357	-0.027258620406	-0.0266935341276	-0.0615532781107	-0.0302547716902	-0.032683997785	0.0248466087247	1.0	-0.0677635785562	-0.0657206156464	0.00133909226136	0.0451634053599	-0.0616326870466	0.0679345918056	0.0137463250249	-0.0178655162158	0.00456126722235	0.0584184058675	-0.0224781442181	-0.0126366456165	0.00129611206424	-0.0730775196684	-0.0444123015935	0.00436799168198	-0.0115567338092	-0.0694286530083	0.00622243366861	0.046175144688	-0.0490894012148	-0.0575910943961	0.0190130497089	-0.0651866876574	0.00609671654972	0.0464541656063	0.0797369861472	0.0196002619361	0.0770166883946	0.00809526694053	0.0134149074106	-0.0856526101017	-0.0458192400395	-0.0119031664246	-0.0257967738571	0.0228713828801	-0.0154527161731	0.007593419803	0.0389931541867	0.0571201959854
k__Bacteria;p__Bacteroidetes;c__Bacteroidia;o__Bacteroidales;f__Odoribacteraceae;g__Odoribacter;s__Odoribacter_splanchnicus	-0.0233098536191	-0.0623896772191	-0.000926120589471	0.0503164188519	0.0184995429774	-0.061016822158	-0.00481490164335	0.00123119962019	-0.0756747834023	0.0623713678538	-0.0145217718789	0.00836850770674	0.0928748772519	-0.0520604617437	0.0160518870778	-0.0309612979677	-0.0476860883563	0.00125146008945	-0.0677635785562	1.0	-0.0511205049523	-0.0056413086434	0.0452967118595	-0.00988808974049	-0.0278657361676	-0.00906433824435	0.0468319630078	-0.0299125574625	-0.0391736279143	-0.0784459088187	0.0698530981063	-0.0253584019264	-0.0104432526998	-0.0521978184634	-0.0409034821571	-0.0483256270543	0.0370871623213	0.0541002907559	-0.00786778548293	-0.00334641508743	-0.011422555919	0.0413519158957	0.00523150500156	-0.0532858263092	0.0339183151507	0.0111313607612	0.000730620913987	0.0253905422768	0.015607841209	-0.0145483598421	0.0200919256877	-0.0400269269332	-0.0505830770516	-0.0475407256205	-0.0164955777806	-0.000603125331653	-0.0120428497974	0.00574346383071	-0.0338541243717
k__Bacteria;p__Bacteroidetes;c__Bacteroidia;o__Bacteroidales;f__Bacteroidaceae;g__Bacteroides;s__Bacteroides_salyersiae	-0.00212413097268	0.0306345541281	-0.0312785133798	0.00426940430438	0.02642500817	-0.0238755732983	-0.00599312766505	-0.0476594192226	0.0189232296955	-0.0245369021193	-0.0266364635945	-0.0251147224079	-0.0437242495763	-0.0359931333629	-0.0515883889548	0.00276899235566	-0.0327762919925	-0.0125079317063	-0.0657206156464	-0.0511205049523	1.0	-0.0233732291	0.020098353431	-0.0586479748179	-0.0409703445372	0.0892887531263	-0.051230567626	0.000436421656384	-0.0210283917407	0.037861464461	0.0972817621041	0.013924552633	-0.0580714710694	0.0621102896155	-0.0352123105188	0.0115593103629	-0.0637920416923	-0.0179824214451	0.0105243898688	0.0193984559152	-0.0804722338488	0.0902266009636	-0.00710171492834	0.00518597432539	-0.0497424998162	-0.0430138526843	-0.0274033816727	-0.0100314405407	0.000720149099198	0.00241289258316	0.0131161387969	0.0665900448841	0.0101065489683	0.0105385035392	-0.0221535724419	-0.0131681030994	0.0248914648745	-0.031845106944	0.000333805761428
k__Bacteria;p__Firmicutes;c__Clostridia;o__Clostridiales;f__Ruminococcaceae;g__Ruminiclostridium;s__[Eubacterium]_siraeum	-0.0288729675341	0.0228918297307	-0.0319350116979	0.0276607649325	0.00432543952944	0.0233707249797	-0.0271126096482	-0.00151281995276	-0.0135062092485	-0.0495756344548	-0.0176040075984	0.0739875976868	0.0499738634421	0.0512949554557	-0.00899518240264	-0.0460070001481	0.00990558450259	0.0176284388023	0.00133909226136	-0.0056413086434	-0.0233732291	1.0	-0.0115085696753	-0.0376380988874	-0.0196562591233	-0.0284905343102	0.00566198752243	-0.00628723467841	0.0570807827321	0.0587716785954	0.000460931461889	-0.0750335503062	0.0189659802451	0.00408359024581	-0.114467303815	-0.0663157867384	-0.0265074783043	-0.0229507737727	-0.045049995481	-0.0490652199396	-0.0134202629847	-0.0605622893585	-0.0395784258809	-0.0229467829216	-0.00331086927074	0.000937252722797	-0.00985149234765	-0.0709851525496	0.0275183529118	0.0206366687229	0.00240278059496	-0.00256421766031	-0.0461459640793	0.0128558324468	0.0035371470574	-0.00777095215038	-0.0350582393259	0.0146199970582	0.00549738387182
k__Bacteria;p__Proteobacteria;c__Betaproteobacteria;o__Burkholderiales;f__Sutterellaceae;g__Parasutterella;s__Parasutterella_excrementihominis	-0.0138720275257	-0.0684656120865	0.0546266305811	0.0221037044005	-0.0424239938048	0.011254251929	0.00699181802617	-0.0381268482859	-0.0366323562867	-0.0265855954961	-0.0329092711192	0.0274491668772	0.0203371892316	-0.0211471403839	-0.0797699821043	-0.0693944934409	0.0036379403656	0.0202379056429	0.0451634053599	0.0452967118595	0.020098353431	-0.0115085696753	1.0	-0.0782703241605	-0.01551308863	0.0153282808509	0.0923639665732	0.0618057013791	-0.0278633144842	0.000951036912008	0.000614068332429	-0.0641736198187	-0.0462406380454	-0.0440756652771	-0.0379791193364	0.0348535787393	-0.00717287919237	-0.0274088029255	0.0054652541483	0.00513268146177	-0.0419689457936	0.0412453653728	-0.0361398713538	-0.0214539445985	-0.0952538196237	0.0188898167452	-0.0553394591102	-0.0652566328955	-0.0488438763126	-0.116611936995	-0.0471382244118	-0.00129714831226	-0.0531357317093	0.047565382899	-0.0752173880814	0.045114073202	-0.00935861857681	0.0511174808282	-0.0399630652259
k__Bacteria;p__Actinobacteria;c__Actinobacteria;o__Bifidobacteriales;f__Bifidobacteriaceae;g__Bifidobacterium;s__Bifidobacterium_adolescentis	0.0217875333992	-0.0393302905781	-0.022920384149	0.0104281085537	0.0275984606527	0.0148877950808	0.0108332956261	-0.0337358008158	-0.0761575243275	-0.047137520641	-0.0649791486951	-0.0742679131436	0.0396350653273	-0.0246591011507	-0.0236565017256	-0.0203410653865	-0.116389825362	-0.011952961286	-0.0616326870466	-0.00988808974049	-0.0586479748179	-0.0376380988874	-0.0782703241605	1.0	0.00867326536935	-0.103165720238	0.0349256452583	0.0775393381337	-0.0181204373838	-0.00541614414941	0.030038917429	-0.0128600170533	0.049236618201	0.0400866190776	0.0451670004031	0.00416116370456	0.00186126898794	0.099199438126	0.0347746541731	0.0311746620568	-0.0300560832804	-0.026102321321	-0.044355063562	-0.00830354252459	-0.0257257828661	-0.0559667137928	-0.0388942736266	-0.0149070622027	0.0547357084017	-0.0234242473089	0.0193235768489	-0.0252791439386	-0.0337255208372	-0.0448247981462	0.0248890063489	0.0285748501982	-0.020551347793	0.0609027105937	0.0245157460427
k__Bacteria;p__Firmicutes;c__Clostridia;o__Clostridiales;f__Oscillospiraceae;g__Oscillibacter;s__Oscillibacter_sp._KLE_1745	0.0680467888186	-0.0698700060186	0.0563251773493	-0.0398846214502	-0.0758764500738	-0.0338027332233	0.0223388513329	-0.0318590566386	0.0288521345161	0.0269324030712	-0.0260704591928	0.00329943569829	0.0321576742124	-0.026596645291	-0.0638779582902	0.0170443214162	-0.0827075719084	-0.00447900306583	0.0679345918056	-0.0278657361676	-0.0409703445372	-0.0196562591233	-0.01551308863	0.00867326536935	1.0	-0.00465779603885	-0.0895565567525	-0.0122059082123	-0.11195639017	-0.0216703537436	-0.0129847759323	-0.0316459560598	0.0137529735761	0.0640589509227	-0.0483576345721	0.0148513501901	-0.0195512515328	0.0218301909365	0.0109786824108	-0.0174610241883	0.0408854168977	-0.012023981874	-0.0128445993238	-0.017540530641	-0.0324417264732	-0.0582223797584	0.0600739139411	-0.0201228463893	0.0592525579354	-0.0735558655978	-0.0131921717641	-0.0163502149105	-0.0250844283014	0.0355434867871	-0.0731319801656	-0.0269016711327	-0.0642325528234	-0.0584844489581	-0.00315489528319
k__Bacteria;p__Bacteroidetes;c__Bacteroidia;o__Bacteroidales;f__Bacteroidaceae;g__Bacteroides;s__Bacteroides_coprophilus	-0.0542026688043	-0.0169127824234	0.0409988340708	-0.00236174249822	-0.0838783926607	-0.0285829070734	0.0112437982529	-0.0101404008828	-0.0427022752817	0.0142410652522	-0.0188107165681	-0.0155430476254	-0.0505836258883	-0.054392725626	-0.0031425306329	0.0467707573752	-0.012851838694	0.0182368800056	0.0137463250249	-0.00906433824435	0.0892887531263	-0.0284905343102	0.0153282808509	-0.103165720238	-0.00465779603885	1.0	-0.0359276808493	0.020517978398	-0.0314518895626	0.00249282807421	-0.0289594018691	-0.0613199758429	-0.025489068079	-0.00401146651243	-0.0209030157597	-0.0197546127046	-0.00226716884588	0.0322689218656	0.0110024343476	-0.0033020834562	-0.0640940610095	-0.107016958961	0.00193049484682	-0.0347471608333	-0.0194275682903	0.066174831797	-0.0349619091543	0.0351163439428	-0.0331172596556	-0.000869116929221	0.0646329861857	0.0241266862654	-0.0199093693114	0.0707597812296	0.0708829061198	-0.0864027142444	-0.0265837983346	-0.0529592601174	-0.00757362904159
k__Bacteria;p__Firmicutes;c__Clostridia;o__Clostridiales;f__Lachnospiraceae;g__Roseburia;s__Roseburia_intestinalis	-0.0146303272286	0.0562543834436	0.0132915933855	-0.0467684357074	0.0479395446782	-0.00955962296834	0.0306883168618	-0.0593399257839	0.0453122645387	-0.0391504630857	-0.000612306008764	-0.0331244437998	0.0180825586772	-0.0258751754933	0.0424400604201	-0.0179690956915	0.0169993235914	-0.0636304481231	-0.0178655162158	0.0468319630078	-0.051230567626	0.00566198752243	0.0923639665732	0.0349256452583	-0.0895565567526	-0.0359276808493	1.0	-0.00915933806128	-0.0240830655515	-0.00692079776479	-0.01431256271	-0.0342856249847	0.036917921798	0.0622310361635	-0.0682493623678	0.0269472010342	-0.0791694081634	0.018797176615	0.0182753775168	-0.0308025693673	-0.00227525073716	0.0732021705862	0.0546939002863	-0.0785085547648	-0.00732250455333	-0.0495592621005	0.0271766414395	-0.070141476955	-0.0575881792014	-0.0156218121465	-0.0539269994668	0.00371352742879	0.0432123211699	0.00242043037222	-0.00156522469811	0.0120552591921	-0.0501317258799	-0.0204180932807	-0.059631106925
k__Bacteria;p__Firmicutes;c__Clostridia;o__Clostridiales;f__Lachnospiraceae;g__Roseburia;s__Roseburia_hominis	-0.0104236707508	0.0544508232024	-0.0733389391264	-0.0318609429717	-0.02730635	0.0471003918991	0.0439732763349	-0.0734114023233	0.00791327523448	0.0409056104468	0.052092262729	0.00838972766219	-0.0447734554451	-0.0270197137297	-0.080115702293	-0.0703619114645	-0.000520057385642	-0.0466577689585	0.00456126722235	-0.0299125574625	0.000436421656384	-0.00628723467841	0.0618057013791	0.0775393381337	-0.0122059082123	0.020517978398	-0.00915933806128	1.0	-0.0271224464523	-0.0126897351032	-0.0172421985733	0.0243590009871	-0.0502570616205	-0.00420024280899	-0.0231044947678	-0.0223792998026	0.00801041285246	-0.0121763742345	0.0287693359023	0.00470826308955	-0.0192840446354	0.00752819008022	-0.0423671091763	-0.0336348231883	-0.0180543476672	-0.06485123295	-0.0144813026536	0.0607419968279	0.00753688530211	-0.00729846504815	-0.011738762652	-0.0402652217032	-0.04902719195	-0.007375379649	0.0204792265856	-0.0274646733643	0.0157591003329	0.011995648092	-0.0034072022586
k__Bacteria;p__Bacteroidetes;c__Bacteroidia;o__Bacteroidales;f__Porphyromonadaceae;g__Parabacteroides;s__Parabacteroides_johnsonii	0.0186913461662	-0.0478403821034	-0.01750294115	-0.0684343163087	0.0013928399839	0.0325673825387	-0.0220367815615	0.0482661265878	-0.0289161320099	0.0270146025904	0.0170666149514	-0.0844124089252	-0.0121494096543	-0.0324290564685	-0.0941401219335	0.0164392673485	-0.033350079635	0.00681364419885	0.0584184058675	-0.0391736279143	-0.0210283917407	0.0570807827321	-0.0278633144842	-0.0181204373838	-0.11195639017	-0.0314518895626	-0.0240830655515	-0.0271224464523	1.0	-0.0759571306957	-0.0726558755446	-0.0028667980808	-0.0220140811939	-0.056355748641	0.00791485746451	-0.0522176103984	-0.0137312802817	-0.0119551201213	-0.0466815594424	0.0319423610336	0.0181064888581	-0.0780033012043	0.017145700833	-0.0307850491382	0.0365313976631	0.0496138493465	0.0102113816378	-0.04335445165	-0.00782262774815	0.048704517353	0.0653079317876	0.0019430401774	-0.021205205177	0.0251599444633	0.124685341367	0.0401308465409	-0.0531971094871	-0.0371687671058	-0.0223066037641
k__Bacteria;p__Actinobacteria;c__Actinobacteria;o__Bifidobacteriales;f__Bifidobacteriaceae;g__Bifidobacterium;s__Bifidobacterium_longum	-0.0779756353873	0.00790740126314	0.0445812933597	-0.0413945149925	-0.0441994993703	-0.0411842486965	0.0217024057533	0.00668092412749	-0.006605946119	0.00789157710989	-0.0868361797515	0.0596286825862	-0.045304376244	-0.0224937383994	-0.0186379437956	-0.0845944460011	-0.0843673146895	0.022159951746	-0.0224781442181	-0.0784459088187	0.037861464461	0.0587716785954	0.000951036912008	-0.00541614414941	-0.0216703537436	0.00249282807421	-0.00692079776479	-0.0126897351032	-0.0759571306957	1.0	-0.0427845604338	-0.00261021568126	0.0139147671802	-0.0304928590398	-0.0628825763941	0.0367621475842	-0.00385779193186	-0.0427556945961	0.034721338195	-0.00569714453865	-0.0340994553061	-0.0374390076669	-0.0788950271915	-0.0211207059338	-0.0158076288968	-0.0354123295701	-0.00551110375951	0.0334553276087	-0.0672132805639	0.0158014273196	0.0635286770773	0.0216136578107	-0.0111170668673	-0.0255233903181	0.081110936158	-0.0273891585633	0.0322941280805	0.026114372149	0.0530685753497
