#taxonomy	k__Bacteria;p__Bacteroidetes;c__Bacteroidia;o__Bacteroidales;f__Bacteroidaceae;g__Bacteroides;s__Bacteroides_vulgatus	k__Bacteria;p__Bacteroidetes;c__Bacteroidia;o__Bacteroidales;f__Bacteroidaceae;g__Bacteroides;s__Bacteroides_uniformis	k__Bacteria;p__Bacteroidetes;c__Bacteroidia;o__Bacteroidales;f__Rikenellaceae;g__Alistipes;s__Alistipes_putredinis	k__Bacteria;p__Bacteroidetes;c__Bacteroidia;o__Bacteroidales;f__Prevotellaceae;g__Prevotella;s__Prevotella_copri	k__Bacteria;p__Bacteroidetes;c__Bacteroidia;o__Bacteroidales;f__Bacteroidaceae;g__Bacteroides;s__Bacteroides_stercoris	k__Bacteria;p__Bacteroidetes;c__Bacteroidia;o__Bacteroidales;f__Bacteroidaceae;g__Bacteroides;s__Bacteroides_ovatus	k__Bacteria;p__Bacteroidetes;c__Bacteroidia;o__Bacteroidales;f__Rikenellaceae;g__Alistipes;s__Alistipes_shahii	k__Bacteria;p__Firmicutes;c__Clostridia;o__Clostridiales;f__Ruminococcaceae;g__Faecalibacterium;s__Faecalibacterium_prausnitzii	k__Bacteria;p__Bacteroidetes;c__Bacteroidia;o__Bacteroidales;f__Rikenellaceae;g__Alistipes;s__Alistipes_finegoldii	k__Bacteria;p__Bacteroidetes;c__Bacteroidia;o__Bacteroidales;f__Porphyromonadaceae;g__Parabacteroides;s__Parabacteroides_distasonis	k__Bacteria;p__Bacteroidetes;c__Bacteroidia;o__Bacteroidales;f__Bacteroidaceae;g__Bacteroides;s__Bacteroides_thetaiotaomicron	k__Bacteria;p__Bacteroidetes;c__Bacteroidia;o__Bacteroidales;f__Bacteroidaceae;g__Bacteroides;s__Bacteroides_coprocola	k__Bacteria;p__Bacteroidetes;c__Bacteroidia;o__Bacteroidales;f__Bacteroidaceae;g__Bacteroides;s__Bacteroides_cellulosilyticus	k__Bacteria;p__Bacteroidetes;c__Bacteroidia;o__Bacteroidales;f__Rikenellaceae;g__Alistipes;s__Alistipes_obesi	k__Bacteria;p__Firmicutes;c__Clostridia;o__Clostridiales;f__Lachnospiraceae;g__;s__[Eubacterium]_rectale	k__Bacteria;p__Bacteroidetes;c__Bacteroidia;o__Bacteroidales;f__Bacteroidaceae;g__Bacteroides;s__Bacteroides_plebeius	k__Bacteria;p__Bacteroidetes;c__Bacteroidia;o__Bacteroidales;f__Bacteroidaceae;g__Bacteroides;s__Bacteroides_fragilis	k__Bacteria;p__Proteobacteria;c__Betaproteobacteria;o__Burkholderiales;f__Sutterellaceae;g__Sutterella;s__Sutterella_wadsworthensis	k__Bacteria;p__Bacteroidetes;c__Bacteroidia;o__Bacteroidales;f__Porphyromonadaceae;g__Barnesiella;s__Barnesiella_intestinihominis	k__Bacteria;p__Bacteroidetes;c__Bacteroidia;o__Bacteroidales;f__Odoribacteraceae;g__Odoribacter;s__Odoribacter_splanchnicus	k__Bacteria;p__Bacteroidetes;c__Bacteroidia;o__Bacteroidales;f__Bacteroidaceae;g__Bacteroides;s__Bacteroides_salyersiae	k__Bacteria;p__Firmicutes;c__Clostridia;o__Clostridiales;f__Ruminococcaceae;g__Ruminiclostridium;s__[Eubacterium]_siraeum	k__Bacteria;p__Proteobacteria;c__Betaproteobacteria;o__Burkholderiales;f__Sutterellaceae;g__Parasutterella;s__Parasutterella_excrementihominis	k__Bacteria;p__Actinobacteria;c__Actinobacteria;o__Bifidobacteriales;f__Bifidobacteriaceae;g__Bifidobacterium;s__Bifidobacterium_adolescentis	k__Bacteria;p__Firmicutes;c__Clostridia;o__Clostridiales;f__Oscillospiraceae;g__Oscillibacter;s__Oscillibacter_sp._KLE_1745	k__Bacteria;p__Bacteroidetes;c__Bacteroidia;o__Bacteroidales;f__Bacteroidaceae;g__Bacteroides;s__Bacteroides_coprophilus	k__Bacteria;p__Firmicutes;c__Clostridia;o__Clostridiales;f__Lachnospiraceae;g__Roseburia;s__Roseburia_intestinalis	k__Bacteria;p__Firmicutes;c__Clostridia;o__Clostridiales;f__Lachnospiraceae;g__Roseburia;s__Roseburia_hominis	k__Bacteria;p__Bacteroidetes;c__Bacteroidia;o__Bacteroidales;f__Porphyromonadaceae;g__Parabacteroides;s__Parabacteroides_johnsonii	k__Bacteria;p__Actinobacteria;c__Actinobacteria;o__Bifidobacteriales;f__Bifidobacteriaceae;g__Bifidobacterium;s__Bifidobacterium_longum	k__Bacteria;p__Firmicutes;c__Clostridia;o__Clostridiales;f__;g__Flavonifractor;s__Flavonifractor_plautii	k__Bacteria;p__Firmicutes;c__Clostridia;o__Clostridiales;f__Clostridiaceae;g__Clostridium;s__Clostridium_phoceensis	k__Bacteria;p__Verrucomicrobia;c__Verrucomicrobiae;o__Verrucomicrobiales;f__Akkermansiaceae;g__Akkermansia;s__Akkermansia_muciniphila	k__Bacteria;p__Bacteroidetes;c__Bacteroidia;o__Bacteroidales;f__Prevotellaceae;g__Paraprevotella;s__Paraprevotella_xylaniphila	k__Bacteria;p__Firmicutes;c__Clostridia;o__Clostridiales;f__Ruminococcaceae;g__Ruminococcus;s__Ruminococcus_callidus	k__Bacteria;p__Bacteroidetes;c__Bacteroidia;o__Bacteroidales;f__Rikenellaceae;g__Alistipes;s__Alistipes_senegalensis	k__Bacteria;p__Firmicutes;c__Clostridia;o__Clostridiales;f__Lachnospiraceae;g__Blautia;s__Blautia_sp._KLE_1732	k__Bacteria;p__Bacteroidetes;c__Bacteroidia;o__Bacteroidales;f__Bacteroidaceae;g__Bacteroides;s__Bacteroides_oleiciplenus	k__Bacteria;p__Firmicutes;c__Clostridia;o__Clostridiales;f__Ruminococcaceae;g__Ruminococcus;s__Ruminococcus_bicirculans	k__Bacteria;p__Bacteroidetes;c__Bacteroidia;o__Bacteroidales;f__Bacteroidaceae;g__Bacteroides;s__Bacteroides_fluxus	k__Bacteria;p__Bacteroidetes;c__Bacteroidia;o__Bacteroidales;f__Prevotellaceae;g__Prevotella;s__Prevotella_stercorea	k__Bacteria;p__Firmicutes;c__Clostridia;o__Clostridiales;f__Lachnospiraceae;g__Dorea;s__Dorea_longicatena	k__Bacteria;p__Firmicutes;c__Clostridia;o__Clostridiales;f__Eubacteriaceae;g__Eubacterium;s__[Eubacterium]_eligens	k__Bacteria;p__Firmicutes;c__Clostridia;o__Clostridiales;f__Ruminococcaceae;g__;s__Ruminococcaceae_bacterium_D16	k__Bacteria;p__Firmicutes;c__Clostridia;o__Clostridiales;f__Lachnospiraceae;g__Coprococcus;s__Coprococcus_comes	k__Bacteria;p__Proteobacteria;c__Gammaproteobacteria;o__Enterobacterales;f__Enterobacteriaceae;g__Escherichia;s__Escherichia_coli	k__Bacteria;p__Firmicutes;c__Clostridia;o__Clostridiales;f__Ruminococcaceae;g__Anaerotruncus;s__Anaerotruncus_colihominis	k__Bacteria;p__Firmicutes;c__Clostridia;o__Clostridiales;f__Lachnospiraceae;g__Blautia;s__Blautia_obeum	k__Bacteria;p__Bacteroidetes;c__Bacteroidia;o__Bacteroidales;f__Odoribacteraceae;g__Odoribacter;s__Odoribacter_laneus	k__Bacteria;p__Firmicutes;c__Clostridia;o__Clostridiales;f__Ruminococcaceae;g__Ruminiclostridium;s__[Clostridium]_leptum	k__Bacteria;p__Bacteroidetes;c__Bacteroidia;o__Bacteroidales;f__Porphyromonadaceae;g__Parabacteroides;s__Parabacteroides_goldsteinii	k__Bacteria;p__Firmicutes;c__Clostridia;o__Clostridiales;f__Lachnospiraceae;g__Anaerostipes;s__Anaerostipes_hadrus	k__Bacteria;p__Firmicutes;c__Clostridia;o__Clostridiales;f__Ruminococcaceae;g__Ruminococcus;s__Ruminococcus_lactaris	k__Bacteria;p__Firmicutes;c__Clostridia;o__Clostridiales;f__Clostridiaceae;g__Clostridium;s__Clostridium_sp._L2-50	k__Bacteria;p__Firmicutes;c__Clostridia;o__Clostridiales;f__Clostridiaceae;g__Clostridium;s__Clostridium_sp._M62/1	k__Bacteria;p__Firmicutes;c__Clostridia;o__Clostridiales;f__;g__Intestinimonas;s__Intestinimonas_butyriciproducens	k__Bacteria;p__Actinobacteria;c__Actinobacteria;o__Bifidobacteriales;f__Bifidobacteriaceae;g__Bifidobacterium;s__Bifidobacterium_bifidum	k__Bacteria;p__Firmicutes;c__Negativicutes;o__Veillonellales;f__Veillonellaceae;g__Dialister;s__Dialister_invisus	k__Bacteria;p__Bacteroidetes;c__Bacteroidia;o__Bacteroidales;f__Bacteroidaceae;g__Bacteroides;s__Bacteroides_salanitronis
k__Bacteria;p__Bacteroidetes;c__Bacteroidia;o__Bacteroidales;f__Bacteroidaceae;g__Bacteroides;s__Bacteroides_vulgatus	1.0	0.00363923357594	0.0344747973993	-0.0081571420949	-0.0346070442205	0.0120302186297	0.0200166494829	0.00880768607615	-0.0505287662487	-0.00859850935195	0.0445933656976	0.0129531789791	0.0519979604365	0.0432903272968	-0.0269923746004	-0.0209713110748	0.0370177128075	-0.000316711899165	0.0292942497872	-0.00187216718577	-0.0719744376478	-0.0004976520622	-0.0250203174066	-0.0309415797216	-0.0244958427929	-0.0053175455798	-0.0398236305079	-0.0691421039764	0.0222670495924	0.0664530025553	0.0338813515705	0.0151644293323	-0.0280421922514	-0.0478083587861	0.0218010170339	-0.0343294853893	0.0533813989789	-0.00604641920704	0.0273458316561	0.0171246769645	0.0279685410506	0.0151242603876	-0.0265392649019	-0.0107538028799	-0.0471606487587	-0.0478330762931	0.00757458964151	-0.00426408629104	-0.00588713978438	0.0441541510616	0.00478949576216	-0.01785553154	-0.0224715238127	0.0141151949749	0.00787515226116	-0.067695989049	-0.0743651745439	0.0208885661152	-0.0270982679492
k__Bacteria;p__Bacteroidetes;c__Bacteroidia;o__Bacteroidales;f__Bacteroidaceae;g__Bacteroides;s__Bacteroides_uniformis	0.00363923357594	1.0	-0.0379919418102	-0.0742470721241	0.0298295373399	-0.0142950838795	0.0423764518445	-0.0214531040721	-0.00948378523043	-0.054675285414	0.0146303689259	0.0029982525744	-0.0149522211872	0.0211985242235	0.00947749136955	0.0156599585834	-0.0295116083861	0.0238788354332	0.0267703130039	0.0351775412764	0.0276798053719	-0.0715123605891	0.0173037185318	0.0384861484338	0.0354258543824	-0.0584293346035	-0.0126165329403	-0.0186545264775	-0.0030450113427	-0.0280064900419	0.0303709033676	-0.0179153779597	-0.0541338894526	0.0132655989415	-0.0485703045494	-0.0462700312619	0.0251118740621	0.00322726252788	-0.00428634662833	-0.0332045150731	-0.0190946854618	-0.0376719481855	0.00209642192431	-0.0221477338724	-0.0474718350549	-0.0465740823206	-0.0649178925232	0.0471175904912	0.0272215634158	-0.0694036464577	0.0570814167454	-0.0238307927362	0.00395579721858	-0.0136881666226	0.0283015479597	-0.0501047049366	0.0230446000025	-0.0667927761025	-0.0595053397634
k__Bacteria;p__Bacteroidetes;c__Bacteroidia;o__Bacteroidales;f__Rikenellaceae;g__Alistipes;s__Alistipes_putredinis	0.0344747973993	-0.0379919418102	1.0	-0.0338454310166	0.0249575414694	0.038726971348	-0.0273343543473	-0.0347190232074	-0.00348145245749	0.0287115278013	-0.00472333530647	-0.043457022634	0.0166706932811	0.0592139043267	-0.000219707399561	-0.0363540150951	0.0193660949901	-0.0207766133475	-0.0598309271636	-0.0300592971962	-0.00479383295666	-0.031677574051	-0.0272681260609	-0.0265477378789	0.0112863669444	0.011865779896	0.00220189705431	-0.0187408398603	-0.051679546941	-0.0164145432955	-0.0255779203266	-0.0309192613285	0.0782588387887	0.0242438041059	-0.0124345412655	-0.0366991876003	-0.0656837542716	-0.044236651484	-0.0170368128583	0.00897113121755	0.0448558213757	0.00482659786311	-0.0611828003821	0.0641657643528	0.000126714800952	0.0246623995025	-0.01093630793	0.0368970850059	0.00804862723808	-0.0138893723596	0.00661350323897	0.00986937968713	-0.0361980626561	0.000896725180222	-0.0220349478713	-0.0310393852857	-0.0344180059149	-0.0112787215412	0.0429187251964
k__Bacteria;p__Bacteroidetes;c__Bacteroidia;o__Bacteroidales;f__Prevotellaceae;g__Prevotella;s__Prevotella_copri	-0.0081571420949	-0.0742470721241	-0.0338454310166	1.0	-0.0260638942258	-0.0174476509973	0.0877389367768	-0.01500948092	-0.000885540121089	0.0121509893184	0.00503828095164	0.0432417854535	-0.033251880778	0.0474150580129	-0.0170270581967	-0.0186124227789	-0.0196575815479	0.0209085078618	-0.0102568093155	0.0143079328969	-0.0474372866113	-0.0113938485326	-0.0294398995878	-0.0294704529061	-0.0232515955975	-0.0505341580811	-0.000228173839917	0.0277517128763	-0.0210791779936	-0.0535956377303	-0.0551644524733	0.013201738169	-0.0238712644032	-0.0371554069076	0.00452354279466	-0.00655709587913	0.0120407032208	-0.00971220500146	0.0147223940356	-0.0270643196498	-0.0403955893694	0.00909796641678	0.000539626244304	0.0320923736435	0.00222922707778	0.043082417878	-0.0256482321092	-0.0162248689411	-0.00894573614237	0.0116078577009	0.00144163712523	0.00257473311046	-0.00299650892263	0.00344268653982	-0.0630534660178	0.0328358250587	-0.0425607654432	0.0380443491224	0.0126874264769
k__Bacteria;p__Bacteroidetes;c__Bacteroidia;o__Bacteroidales;f__Bacteroidaceae;g__Bacteroides;s__Bacteroides_stercoris	-0.0346070442205	0.0298295373399	0.0249575414694	-0.0260638942258	1.0	-0.047710566648	0.0200446043307	-0.0294708020099	-0.038226397381	-0.00180668892902	-0.00363046083665	0.0173137126305	0.00315769805626	0.0289531373557	0.0269462882484	-0.0239821246392	-0.0193014336408	0.0536359285256	-0.0180940206868	-0.0350326397916	0.009846706112	-0.0129528629357	0.0113162018814	0.0247958281255	-0.0348568503856	-0.0374906063067	0.0254359239459	-0.000437050351822	-0.0633590390471	0.00412739618944	-0.0107846060401	0.0276387772254	-0.0161288469688	0.0423604133335	0.0499145009844	-0.0378763853285	0.0211409360426	0.0355181410918	-0.0176858168059	0.0282704488014	0.0277181552743	0.0776163684672	-0.0581751160039	0.0252152113641	-0.0102323048834	-0.0173991627645	-0.0385433597397	0.0122176001717	-0.0163744724375	-0.0171242259595	-0.0373375430959	-0.0224629806321	0.00985736482962	-0.0354961634878	-0.0381061532292	0.00157602198637	-0.00525741657801	-0.0276902948896	-0.0539796850958
k__Bacteria;p__Bacteroidetes;c__Bacteroidia;o__Bacteroidales;f__Bacteroidaceae;g__Bacteroides;s__Bacteroides_ovatus	0.0120302186297	-0.0142950838795	0.038726971348	-0.0174476509973	-0.047710566648	1.0	0.071240312951	0.0677337048819	0.0364386406903	-0.0421380278529	-0.0765909360418	-0.0334921512999	-0.0311204224839	-0.0425995799327	-0.0234632681952	0.00405333095852	-0.0136432817326	0.0134562082902	-0.0205124736161	0.0152561242854	-0.039602561419	0.0111601122884	-0.00897262844936	0.0224371012067	0.0596512911985	0.0353818390565	-0.0585810982178	-0.0462581352976	0.00243392714451	-0.0295290446766	-0.0041638853925	-0.000664417226492	0.0146386024542	-0.0396604036463	0.0485057190272	0.0717275824101	0.0266196262144	-0.00965244611076	0.0130777811479	0.0348621478696	0.059039002728	0.0646462657829	0.0205830851673	-0.0692229806398	-0.0175329221655	-0.00514700722249	-0.00755625646269	-0.0037789797652	-0.0832678034859	-0.00357178932129	-0.0585160056397	-0.0437378005569	-0.0184765285717	-0.0325863165417	-0.00838794355207	-0.0460598502353	-0.00964302774524	-0.0126318615062	-0.0508073720654
k__Bacteria;p__Bacteroidetes;c__Bacteroidia;o__Bacteroidales;f__Rikenellaceae;g__Alistipes;s__Alistipes_shahii	0.0200166494829	0.0423764518445	-0.0273343543473	0.0877389367768	0.0200446043307	0.071240312951	1.0	-0.00111877194039	-0.0187712503963	0.0305859061654	0.00014166818445	-0.017718967285	-0.0224131177141	-0.00702806513244	0.000898391399575	-0.0192683244437	-0.00274771308774	-0.00990635747212	-0.00712535783209	-0.0160288087061	-0.000277701861355	-0.0299151403558	-0.0298395705158	0.000994228141116	-0.0214412468746	-0.083836502061	-0.0106783976695	0.0230768683369	-0.0405681642253	0.0318048629258	-0.0151211209245	-0.0446083808505	-0.0496535640262	-0.0306251587837	-0.023107867145	0.0228775408661	-0.0418988901142	-0.0175923381176	0.00131871670337	0.0179043202296	-0.0543681463152	0.00557687388972	0.0440901277389	0.00931667465471	-0.0219927100266	-0.00554801469403	-0.00649252518093	-0.069909082515	0.0130055121428	0.0120454912221	0.00535800215847	0.0383233841855	0.00372589077567	-0.0423582423528	-0.00903176253619	-0.0123697045162	-0.00523439725331	-0.00715400649565	-0.022471210769
k__Bacteria;p__Firmicutes;c__Clostridia;o__Clostridiales;f__Ruminococcaceae;g__Faecalibacterium;s__Faecalibacterium_prausnitzii	0.00880768607615	-0.0214531040721	-0.0347190232074	-0.01500948092	-0.0294708020099	0.0677337048819	-0.00111877194039	1.0	-0.0271943146192	0.0149254622447	0.029876953876	-0.00282175438715	-0.00069409443528	-0.0832734280614	-0.0180775686696	-0.0145260118269	0.0282570726507	0.0197020876857	0.0346002898888	0.0208667578625	-0.010285445283	0.0242070241153	-0.0282449988159	-0.0508081717244	-0.0152523756637	-0.0277069144489	-0.00677728808672	-0.0365176672744	0.0273020273945	0.0316176244355	-0.0142675652922	0.00670579492264	-0.0278022998857	0.00710846814753	0.0490003026019	-0.000581703155186	-0.00113435456702	-0.071592783811	0.0137287583764	-0.0268232359343	-0.0124504257842	-0.0145796868923	-0.00898517488906	0.0199529243979	-0.0771961515585	0.0129417001107	0.00854707727244	0.00176769177328	-0.0334529956451	-0.0338376831888	-0.0312718894671	0.0330282559108	-0.0297361305749	-0.0252260949623	0.0408496810126	-0.0913970169144	-0.0195605708392	-0.0381471927466	-0.0129009743066
k__Bacteria;p__Bacteroidetes;c__Bacteroidia;o__Bacteroidales;f__Rikenellaceae;g__Alistipes;s__Alistipes_finegoldii	-0.0505287662487	-0.00948378523043	-0.00348145245749	-0.000885540121089	-0.038226397381	0.0364386406903	-0.0187712503963	-0.0271943146192	1.0	0.000147664765045	0.0183972816536	-0.0343208433576	0.00741203151542	-0.0574017251054	0.0125212222325	0.0213262515476	-0.0281363439479	-0.0213571571987	0.0186984800319	-0.0667814214629	0.0709652600457	-0.0307658978487	-0.0770602277304	0.00168326097637	0.0272825275954	0.0313624558823	0.0517367282493	-0.0475243603199	-0.000702545976429	0.0922109716148	-0.00764774893449	0.0196091854806	0.0198407403999	-0.0851117797039	-0.00861138142589	-0.0260199102537	-0.0101683771684	-0.00314817738336	0.0296476749859	-0.0427351135137	0.0230620178072	0.0259303862638	-0.0388572143848	0.00165340747376	-0.0154624999127	-0.0525039796114	-0.025781181318	0.000129066778987	0.0273063494016	-0.0326045517288	-0.00490576017481	0.00247617443312	0.0267187346609	-0.0156233240636	-0.0337028575232	-0.00357606154562	-0.0121766635677	-0.00159857820459	0.0147789988369
k__Bacteria;p__Bacteroidetes;c__Bacteroidia;o__Bacteroidales;f__Porphyromonadaceae;g__Parabacteroides;s__Parabacteroides_distasonis	-0.00859850935195	-0.054675285414	0.0287115278013	0.0121509893184	-0.00180668892902	-0.0421380278529	0.0305859061654	0.0149254622447	0.000147664765044	1.0	0.00469358790464	-0.00570781302071	0.0162143883677	0.0435783359241	0.0118056218107	-0.0329555760726	-0.025730565703	-0.0553876544896	-0.00659689496983	0.0381512778677	0.00459199259789	0.0647409144684	-0.00074658011868	0.0156159682126	-0.0469577404834	0.0164527122947	0.00459050466213	0.018009060617	-0.0234173099686	0.0380728148308	0.0353673299925	0.0290906637203	-0.0402325854129	0.0434720765073	0.0531833958502	-0.0770246099374	-0.0109878125091	-0.0272170607513	-0.062535611562	-0.0354704086122	-0.0562229716766	-0.0391932620477	-0.0463379048113	0.0235095538548	0.0340062994466	-0.00741726030802	-0.0323902684827	0.0132712572633	0.00867557386288	-0.0150400108952	0.0309696847015	-0.0670764080584	0.0171691561699	-0.0993238173279	0.0329597831676	-0.0180504659394	0.0486553883736	-0.0142406922483	-0.0192650320436
k__Bacteria;p__Bacteroidetes;c__Bacteroidia;o__Bacteroidales;f__Bacteroidaceae;g__Bacteroides;s__Bacteroides_thetaiotaomicron	0.0445933656976	0.0146303689259	-0.00472333530647	0.00503828095164	-0.00363046083665	-0.0765909360418	0.00014166818445	0.029876953876	0.0183972816536	0.00469358790464	1.0	-0.0417710645006	0.0124309195981	0.00748685372571	-0.0529921187619	-0.0252210343173	0.0153697555739	-0.0078954908208	0.0238249701499	0.0273567274732	0.0160811601133	0.0236589830634	0.0601469735829	0.0412223382177	0.0116759427678	-0.0567048090653	-0.0238906492241	0.0302053561019	-0.00275363195929	-0.0657127161898	-0.0454012116781	0.0385090202414	-0.0223979321818	-0.00306836593816	-0.0273635374338	-0.0157056079569	-0.0149169111526	-0.0673144034981	-0.0524581298437	-0.042036470056	0.00483931077925	-0.00327152852172	0.00163192916777	-0.0133752349968	-0.0143013324583	-0.0248423173289	-0.00235985624038	-0.0271498945885	-4.11693053909e-05	0.0197155471942	-0.0204162569244	0.0406471555283	-0.0055090511562	-0.0286739844919	-0.00788411538818	-8.64623748516e-05	-0.0251307331209	-0.00516056827243	-0.00611742045227
k__Bacteria;p__Bacteroidetes;c__Bacteroidia;o__Bacteroidales;f__Bacteroidaceae;g__Bacteroides;s__Bacteroides_coprocola	0.0129531789791	0.0029982525744	-0.043457022634	0.0432417854535	0.0173137126305	-0.0334921512999	-0.017718967285	-0.00282175438715	-0.0343208433576	-0.00570781302071	-0.0417710645006	1.0	-0.0114855624481	0.0254377120151	-0.00169367249513	-0.019327674952	0.0268796583537	-0.014378405528	0.0176211583743	-0.0185623687578	0.0315322940613	0.0209462826789	0.0223452030907	0.0320104133068	-0.0188812970301	-0.0104044571393	0.0198319399241	-0.00148633504595	0.0173751952476	0.0405940662226	0.00349762344961	0.0067548357721	0.023115887243	-0.0886495891943	-0.00785161967917	-0.0394292591546	-0.0307160020738	0.0113835431849	-0.0836041985007	0.0174453385309	0.0110973043249	0.0195334512133	0.025163655504	0.0469732567676	-0.0288133995175	-0.0463514404803	-0.0628120724964	-0.0980371044821	0.00167015627189	0.0143408763483	-0.0230923768994	-0.0492559547674	0.070698807351	-0.0881876973852	0.0160381425615	0.0322205981637	0.020563225633	-0.050063851368	0.0262886283244
k__Bacteria;p__Bacteroidetes;c__Bacteroidia;o__Bacteroidales;f__Bacteroidaceae;g__Bacteroides;s__Bacteroides_cellulosilyticus	0.0519979604365	-0.0149522211872	0.0166706932811	-0.033251880778	0.00315769805626	-0.0311204224839	-0.0224131177141	-0.00069409443528	0.00741203151542	0.0162143883677	0.0124309195981	-0.0114855624481	1.0	0.00489408028588	-0.0395377599727	0.0129168591272	0.0401755049138	0.0361056555867	0.0555401669127	0.0255263686569	-0.0581890103677	-0.0253013549754	-0.024123471696	0.00643437257546	-0.0416007642221	-0.00278541850868	-0.00866632865544	0.0424007560591	-0.0514020474584	-0.0201226873049	0.00161996726583	-0.00019886671883	-0.00648180761688	0.0324797393169	0.0236808111905	0.0483774569004	0.00197894699976	0.00598689734278	0.00304482325446	-0.0299952387408	-0.0477957121716	5.84619752711e-05	-0.00121812052514	-0.00349667348389	-0.0415631267192	0.00429570571133	-0.031926898739	0.00837414364279	0.0130131183005	-0.00447668292632	-0.0070201963886	-0.03307435379	-0.0298671397337	0.0534239710594	-0.0309326221012	-0.0203836262958	-0.0486805906473	-0.0183654784727	0.0105765867306
k__Bacteria;p__Bacteroidetes;c__Bacteroidia;o__Bacteroidales;f__Rikenellaceae;g__Alistipes;s__Alistipes_obesi	0.0432903272968	0.0211985242235	0.0592139043267	0.0474150580129	0.0289531373557	-0.0425995799327	-0.00702806513244	-0.0832734280614	-0.0574017251054	0.0435783359241	0.00748685372571	0.0254377120151	0.00489408028588	1.0	-0.0423823669788	-0.084841161746	-0.0151477215302	0.00783787256086	0.0122641882698	0.0157528873669	0.0323288536973	0.00159740528321	-0.0202654740804	0.00504241271943	-0.0538512766545	0.00184231182278	0.0109432286849	-0.0493391759907	-0.0402122689361	0.0288806934508	-0.0417122927386	0.0126266361083	-0.0448268568318	0.0238318667878	0.0167455533815	-0.0256930685754	0.0504501884761	-0.0308031253849	-0.0378219097423	-0.0156700563546	-0.0116574647305	-0.00297315097075	-0.0133958545913	-0.0611369169908	0.0198750043793	-0.0210980709605	-0.0253123204647	-0.038262413769	0.0296276183612	0.0183869467642	0.0343527076977	0.00539956125996	-0.0107587774513	0.00465905135796	-0.0251372390487	-0.0184782434912	0.0232188366367	0.0131841384326	0.0198866621034
k__Bacteria;p__Firmicutes;c__Clostridia;o__Clostridiales;f__Lachnospiraceae;g__;s__[Eubacterium]_rectale	-0.0269923746004	0.00947749136955	-0.000219707399561	-0.0170270581967	0.0269462882484	-0.0234632681952	0.000898391399575	-0.0180775686696	0.0125212222325	0.0118056218107	-0.0529921187619	-0.00169367249513	-0.0395377599727	-0.0423823669788	1.0	-0.0016388641647	-0.0568768134271	-0.0260703952972	-0.0164293764433	-0.0598892256076	0.00672866427893	-0.0830089889743	0.00631620600783	0.0370505657985	0.00876874015951	0.00587160724046	0.00521788604341	0.0102621331362	0.0360806980873	-0.0521867676421	-0.0122688349181	-0.0146530497066	-0.0351878313656	-0.0196701959701	-0.0441742329569	0.0359403795784	-0.0142651478328	-0.00356275023517	-0.0249797279088	-0.0233304358686	0.0434228782021	-0.035673493112	0.0369645533479	-0.000546724995067	0.0249099730784	0.0161135202551	-0.019635712289	0.0105100274937	0.0152012400247	-0.0176403863643	0.0254692329503	0.0244315570724	-0.0229490852532	0.0112174928553	0.0440493813274	0.0160137652579	0.0245848903992	-0.0196180641542	-0.0366692381465
k__Bacteria;p__Bacteroidetes;c__Bacteroidia;o__Bacteroidales;f__Bacteroidaceae;g__Bacteroides;s__Bacteroides_plebeius	-0.0209713110748	0.0156599585834	-0.0363540150951	-0.0186124227789	-0.0239821246392	0.00405333095852	-0.0192683244437	-0.0145260118269	0.0213262515476	-0.0329555760726	-0.0252210343173	-0.019327674952	0.0129168591272	-0.084841161746	-0.0016388641647	1.0	-0.0261744573351	-0.0080001252058	0.0133094038964	-0.00480696349401	-0.0588761510348	-0.0123083338827	-0.0463453854538	-0.0126274701714	0.0139637084882	-0.0011404241093	0.0193354509633	-0.045765787217	0.0786131822178	-0.103476707149	0.0268862386364	-0.00020798744327	0.0100245981607	-0.0150091738451	-0.0147298776061	0.0210839130604	0.00715557881638	-0.009994011099	-0.0174857280135	0.00764244206532	-0.0167129301389	-0.0104742782951	-0.0346683103566	-0.055392376413	-0.00215427406602	0.0186246027475	-0.0110667942293	0.00344751663083	0.00573843145659	-0.0185741769237	-0.00141410016435	-0.00579708425068	0.0394880051434	0.0245882666592	0.00286210603073	0.0407647288379	0.00632280175665	0.0088349917113	-0.0242262263993
k__Bacteria;p__Bacteroidetes;c__Bacteroidia;o__Bacteroidales;f__Bacteroidaceae;g__Bacteroides;s__Bacteroides_fragilis	0.0370177128075	-0.0295116083861	0.0193660949901	-0.0196575815479	-0.0193014336408	-0.0136432817326	-0.00274771308774	0.0282570726507	-0.0281363439479	-0.025730565703	0.0153697555739	0.0268796583537	0.0401755049138	-0.0151477215302	-0.0568768134271	-0.0261744573351	1.0	-0.00632560750368	-0.0384522224396	0.0322617260904	0.056901937899	0.0215681110576	0.0134736160822	-0.0293225977501	0.0282845438673	-0.00743686142057	-0.0395163160541	0.00565026976379	0.0115674988226	-0.00608694064324	0.0099869275777	0.00952370740535	0.0257255657412	0.020360872045	-0.0422927674206	-0.000266357908219	0.00754453726738	-0.0389952999956	0.0300714094286	0.00191612853471	0.0206689782203	0.0335528719724	-0.00348937947044	-0.0166844712436	0.052030294769	0.00023981381368	-0.00970722703212	-0.0220593824216	-0.00720075442579	0.0100360550506	-0.0433171034295	0.0055158716187	-0.0155545461712	0.00384181792092	0.0321544640063	0.0244119877451	0.00353748052305	0.0277217330508	0.00422652010887
k__Bacteria;p__Proteobacteria;c__Betaproteobacteria;o__Burkholderiales;f__Sutterellaceae;g__Sutterella;s__Sutterella_wadsworthensis	-0.000316711899165	0.0238788354332	-0.0207766133475	0.0209085078618	0.0536359285256	0.0134562082902	-0.00990635747212	0.0197020876857	-0.0213571571987	-0.0553876544896	-0.0078954908208	-0.014378405528	0.0361056555867	0.00783787256086	-0.0260703952972	-0.0080001252058	-0.00632560750368	1.0	-0.00534435478132	-0.0661557956253	-0.0169433389032	-0.000529927054398	-0.00629897378577	-0.0534790195471	0.0221814676382	-0.0641245220651	-0.0287147211571	0.06353097255	-0.0033879060654	-0.0110130658985	-0.00483489586057	0.00420557976581	0.0161045116541	0.0548471828661	0.0326526874698	-0.00408514121299	-0.00953786867079	0.00444166737644	-0.0206405430711	0.0260983786537	-0.0576504317463	-0.0490262419857	0.0436120186883	-0.0145427520188	-0.0258132053605	-0.0181971966113	-0.00289547614601	0.013117503136	0.00445683326442	-0.0614077461771	0.00543771462092	-0.0445235522626	-1.48427752762e-06	-0.00100427524319	-0.0847454379549	0.00211557313381	-0.0472236231871	-0.0200849425252	-0.0508758146094
k__Bacteria;p__Bacteroidetes;c__Bacteroidia;o__Bacteroidales;f__Porphyromonadaceae;g__Barnesiella;s__Barnesiella_intestinihominis	0.0292942497872	0.0267703130039	-0.0598309271636	-0.0102568093155	-0.0180940206868	-0.0205124736161	-0.00712535783209	0.0346002898888	0.0186984800319	-0.00659689496983	0.0238249701499	0.0176211583743	0.0555401669127	0.0122641882698	-0.0164293764433	0.0133094038964	-0.0384522224396	-0.00534435478132	1.0	0.0244737698136	-0.0318187972414	0.039689856255	-0.0308781770774	-0.0206753017269	-0.0114400009775	-0.0467035220798	0.00325094563877	-0.015774130836	-0.0618094749408	0.0372153143462	0.0192796465975	0.0427869638714	0.0235581050225	-0.0146121892438	-0.0120335232422	0.00169562689273	-0.0155935396603	-0.0244468292085	-0.0466923586151	0.0122912544243	-0.0528335079355	0.00362158266372	-0.0202826226812	0.00922804011009	-0.0493348023001	0.0184292215087	-0.0355056389767	0.00936895074054	0.0132389744094	0.0867385365387	0.00821590983729	-0.0173002391662	-0.0368955135781	0.0458960458226	-0.0398464757965	0.0236498860509	-0.00872545059688	0.0152251901532	0.0252093921849
k__Bacteria;p__Bacteroidetes;c__Bacteroidia;o__Bacteroidales;f__Odoribacteraceae;g__Odoribacter;s__Odoribacter_splanchnicus	-0.00187216718577	0.0351775412764	-0.0300592971962	0.0143079328969	-0.0350326397916	0.0152561242854	-0.0160288087061	0.0208667578625	-0.0667814214629	0.0381512778677	0.0273567274732	-0.0185623687578	0.0255263686569	0.0157528873669	-0.0598892256076	-0.00480696349401	0.0322617260904	-0.0661557956253	0.0244737698136	1.0	0.0263062775403	0.0237587497106	0.00709363585723	0.00178953028472	0.0332529566769	-0.0309442307893	-0.0173778696972	0.0481492870139	-0.0206023811903	-0.00938778498692	0.000634577084519	0.0113587699299	0.044835689715	-0.0210706038968	-0.00810805006829	0.0117267760829	-0.0351162783878	0.0786995041301	0.00987638289262	-0.0129137838452	0.00122128182736	0.0370917991655	-0.00974494044558	-0.0582700922034	-0.00771897719597	-0.0144445867531	-0.044369307844	0.0280600641344	0.00695823374865	-0.0327880489601	-0.00160131770118	0.0433350529739	-0.0431096529897	-0.0330982492828	-0.00725719794194	-0.00681292798735	0.00451536751943	-0.0772817593335	-0.0168058971096
k__Bacteria;p__Bacteroidetes;c__Bacteroidia;o__Bacteroidales;f__Bacteroidaceae;g__Bacteroides;s__Bacteroides_salyersiae	-0.0719744376478	0.0276798053719	-0.00479383295666	-0.0474372866113	0.009846706112	-0.039602561419	-0.000277701861355	-0.010285445283	0.0709652600457	0.00459199259789	0.0160811601133	0.0315322940613	-0.0581890103677	0.0323288536973	0.00672866427893	-0.0588761510348	0.056901937899	-0.0169433389032	-0.0318187972414	0.0263062775403	1.0	-0.00503807041724	-0.0391171786518	0.0449291848858	-0.0236952817531	0.035313966593	-0.0241472971401	-0.0345272615254	0.027117175387	-0.00335151216623	0.0848109950431	-0.00384205917693	0.0268264446068	-0.0488513616898	0.00804204202887	-0.0482070718622	-0.0142766999544	0.000819984129588	0.00226018186286	0.00439173248023	-0.0306892493797	-0.0329094087657	-0.0466237508081	0.0181539943923	0.0513853188001	-0.0571245408764	-0.0321749113026	-0.0234517974022	0.0154862848247	-0.0218178554363	-0.0529735673976	0.0270257772082	-0.0730596402799	-0.00358099643922	-0.0115833592111	-0.0174903805491	-0.011419936973	0.00993526489851	0.0168497958127
k__Bacteria;p__Firmicutes;c__Clostridia;o__Clostridiales;f__Ruminococcaceae;g__Ruminiclostridium;s__[Eubacterium]_siraeum	-0.0004976520622	-0.0715123605891	-0.031677574051	-0.0113938485326	-0.0129528629357	0.0111601122884	-0.0299151403558	0.0242070241153	-0.0307658978487	0.0647409144684	0.0236589830634	0.0209462826789	-0.0253013549754	0.00159740528321	-0.0830089889743	-0.0123083338827	0.0215681110576	-0.000529927054398	0.039689856255	0.0237587497106	-0.00503807041724	1.0	0.0150304856771	-0.0131669276384	-0.00498506857421	0.0233765358449	-0.0416778889264	0.00477220329011	-0.0270251501275	0.00209283581254	-0.0308719012931	0.0300376806494	-0.0343153730414	-0.0433218796131	-0.0165856559726	0.0171761206123	-0.0317342627187	-0.00951727465135	0.0740643336427	-0.0666573850681	-0.0025391752692	-0.021757400858	0.00987186614526	0.0140726548897	-0.00275734841966	0.0032899872198	-0.0196925937711	0.0275052706756	0.0221440193876	0.00989573630179	-0.0152422007598	-0.0560255332602	-0.00913459438407	0.0318656864619	-0.0527920754883	-0.0322058267883	-0.0265075517664	0.0168987393286	-0.0363778779429
k__Bacteria;p__Proteobacteria;c__Betaproteobacteria;o__Burkholderiales;f__Sutterellaceae;g__Parasutterella;s__Parasutterella_excrementihominis	-0.0250203174066	0.0173037185318	-0.0272681260609	-0.0294398995878	0.0113162018814	-0.00897262844936	-0.0298395705158	-0.0282449988159	-0.0770602277304	-0.00074658011868	0.0601469735829	0.0223452030907	-0.024123471696	-0.0202654740804	0.00631620600783	-0.0463453854538	0.0134736160822	-0.00629897378577	-0.0308781770774	0.00709363585723	-0.0391171786518	0.0150304856771	1.0	-0.0908235919773	0.0268876164353	0.0133526706613	-0.00552866903089	0.0676238514549	-0.0209517858688	-0.0701325976328	-0.0050171117942	-0.029488107219	-0.0277563315482	-0.00819825390073	-0.030650270154	0.0392912364688	-0.0336108212025	-0.0449092354323	0.00990965994202	0.0234011669029	-0.00770339416312	-0.0211808365512	-0.0516593685972	0.0125221767968	0.0429273224956	-0.0297320134392	0.00794019928976	-0.00843220298462	-0.0186654075614	-0.0252525760574	-0.00728445444929	0.00380148590366	-0.032348311562	0.0173571534722	-0.0134058585526	0.00945844366847	-0.0285287334686	0.00897379795496	0.0242922694856
k__Bacteria;p__Actinobacteria;c__Actinobacteria;o__Bifidobacteriales;f__Bifidobacteriaceae;g__Bifidobacterium;s__Bifidobacterium_adolescentis	-0.0309415797216	0.0384861484338	-0.0265477378789	-0.0294704529061	0.0247958281255	0.0224371012067	0.000994228141116	-0.0508081717244	0.00168326097637	0.0156159682126	0.0412223382177	0.0320104133068	0.00643437257546	0.00504241271943	0.0370505657985	-0.0126274701714	-0.0293225977501	-0.0534790195471	-0.0206753017269	0.00178953028472	0.0449291848858	-0.0131669276384	-0.0908235919773	1.0	0.0233064928773	0.016129348334	0.000765110623422	-0.0574788836684	-0.0275473667725	0.0103883516689	0.0063837786278	-0.0711702757966	0.00494927117818	0.0182784842149	-0.0450468973993	-0.00317072606023	-0.0220583828144	0.0475005089453	0.0296700714055	0.0225312880839	-0.0021301379213	0.0216786082732	-0.00984118618531	-0.0514404006753	-0.00850481690183	-0.00864626349667	0.00374408769262	-0.0453940669815	-0.0328336996851	-0.00904882944641	-0.0170976959438	0.0247171530607	-0.0359187050388	-0.0260795338414	0.0110115467373	-0.0274780200895	-0.0131193591903	-0.0372103933692	0.0282051196121
k__Bacteria;p__Firmicutes;c__Clostridia;o__Clostridiales;f__Oscillospiraceae;g__Oscillibacter;s__Oscillibacter_sp._KLE_1745	-0.0244958427929	0.0354258543824	0.0112863669444	-0.0232515955975	-0.0348568503856	0.0596512911985	-0.0214412468746	-0.0152523756637	0.0272825275954	-0.0469577404834	0.0116759427678	-0.0188812970301	-0.0416007642221	-0.0538512766545	0.00876874015951	0.0139637084882	0.0282845438673	0.0221814676382	-0.0114400009775	0.0332529566769	-0.0236952817531	-0.00498506857421	0.0268876164353	0.0233064928773	1.0	-0.0188433508882	-0.0729522296666	-0.0167105764751	-0.0222194892928	0.0407304025398	0.04224579451	-0.0171172745498	0.0364633261	0.011002110125	-0.00634990766902	0.0569908676809	0.0205835086299	0.00373988982998	-0.0477201576875	-0.0380665907876	-0.0420293204123	0.019132181067	0.00820154582797	-0.064263187108	0.00116819311518	-0.0422538182104	0.0342406089839	0.00648448137104	-0.0231748850922	-0.0077645941128	0.0278834821584	-0.0485075271176	-0.0668300672381	-0.0199779929805	-0.0239965704739	-0.0121535851756	3.4784768083e-05	0.00638640043986	-0.000526063030663
k__Bacteria;p__Bacteroidetes;c__Bacteroidia;o__Bacteroidales;f__Bacteroidaceae;g__Bacteroides;s__Bacteroides_coprophilus	-0.0053175455798	-0.0584293346035	0.011865779896	-0.0505341580811	-0.0374906063067	0.0353818390565	-0.083836502061	-0.0277069144489	0.0313624558823	0.0164527122947	-0.0567048090653	-0.0104044571393	-0.00278541850868	0.00184231182278	0.00587160724046	-0.0011404241093	-0.00743686142057	-0.0641245220651	-0.0467035220798	-0.0309442307893	0.035313966593	0.0233765358449	0.0133526706613	0.016129348334	-0.0188433508882	1.0	-0.0257932766447	0.0416472600759	0.0356525943283	-0.00711565746046	-0.000663891504446	-0.0133860271278	0.0299302453617	0.0194640433645	-0.0385160975547	0.0278607794909	0.0144321962629	0.0557787711136	0.00808089337976	-0.0231548155334	0.0159761759082	-0.0268820927824	0.0028415366916	0.00688610169093	-0.0364365183181	-0.0356914056687	0.0352312270078	-0.0260507071917	-0.0507622220887	-0.00125213830488	-0.0382864627893	0.0130995125999	0.0458363723072	0.0197390715079	-0.0428564214832	-0.0385152778911	-0.0693249733241	0.00745525129924	0.0200922592161
k__Bacteria;p__Firmicutes;c__Clostridia;o__Clostridiales;f__Lachnospiraceae;g__Roseburia;s__Roseburia_intestinalis	-0.0398236305079	-0.0126165329403	0.00220189705431	-0.000228173839917	0.0254359239459	-0.0585810982178	-0.0106783976695	-0.00677728808672	0.0517367282493	0.00459050466213	-0.0238906492241	0.0198319399241	-0.00866632865544	0.0109432286849	0.00521788604341	0.0193354509633	-0.0395163160541	-0.0287147211571	0.00325094563877	-0.0173778696972	-0.0241472971401	-0.0416778889264	-0.00552866903089	0.000765110623422	-0.0729522296666	-0.0257932766447	1.0	0.00526490640937	0.00586232849743	-0.0448896171707	0.0369357839985	0.0206392327658	-0.0360773983359	0.00467415693926	0.00105422645764	-0.00277309776051	-0.0371200493662	-0.0270123231554	0.0175223357745	0.00258731926321	-0.0519985335905	-0.0528596655956	0.0259119472057	-0.0156653101199	-0.0178991846968	-0.0229711316248	0.0124199149688	-0.032098527298	-0.0259672854126	0.00308952318029	-0.0320472393361	0.0816299474674	0.0135679832995	-0.0469482577773	0.0111050419117	-0.016473734297	0.0322573622918	-0.000900744815835	-0.0138153986942
k__Bacteria;p__Firmicutes;c__Clostridia;o__Clostridiales;f__Lachnospiraceae;g__Roseburia;s__Roseburia_hominis	-0.0691421039764	-0.0186545264775	-0.0187408398603	0.0277517128763	-0.000437050351822	-0.0462581352976	0.0230768683369	-0.0365176672744	-0.0475243603199	0.018009060617	0.0302053561019	-0.00148633504595	0.0424007560591	-0.0493391759907	0.0102621331362	-0.045765787217	0.00565026976379	0.06353097255	-0.015774130836	0.0481492870139	-0.0345272615254	0.00477220329011	0.0676238514549	-0.0574788836684	-0.0167105764751	0.0416472600759	0.00526490640937	1.0	-0.0201255766418	-0.045803987068	-0.0386965954024	-0.011424607228	0.0254770420412	0.00569685551143	-0.0247192367808	0.0173596583359	-0.0165748640057	-0.0351520517787	0.00937829658643	0.0219203028477	-0.0516452662547	-0.01076016176	0.0277030442843	-0.0291856629337	0.00144961345802	-0.0418896370015	0.0166860306948	-0.0383381780164	0.00826155072273	-0.0225316881726	-0.0336672362877	0.0463706894805	0.0255992977038	0.0174232466621	0.0349018498972	-0.00958300327553	-0.00376187393733	0.0385523237166	-0.0402021830826
k__Bacteria;p__Bacteroidetes;c__Bacteroidia;o__Bacteroidales;f__Porphyromonadaceae;g__Parabacteroides;s__Parabacteroides_johnsonii	0.0222670495924	-0.0030450113427	-0.051679546941	-0.0210791779936	-0.0633590390471	0.00243392714451	-0.0405681642253	0.0273020273945	-0.000702545976429	-0.0234173099686	-0.00275363195929	0.0173751952476	-0.0514020474584	-0.0402122689361	0.0360806980873	0.0786131822178	0.0115674988226	-0.0033879060654	-0.0618094749408	-0.0206023811903	0.027117175387	-0.0270251501275	-0.0209517858688	-0.0275473667725	-0.0222194892928	0.0356525943283	0.00586232849743	-0.0201255766418	1.0	0.0667534173576	-0.0364409312125	-0.00438567327333	0.0298131818749	0.00181138126609	-0.0288393232068	-0.0338584429984	-0.0299619656278	-0.0293390364575	-0.00513695816763	-0.0211372368285	0.00428907293377	-0.0160298071344	-0.00722390841752	-0.0229483342152	0.00376875249233	-0.00298720114934	0.0154121719997	-0.0590091565338	-0.0390352217091	-0.0250446899624	0.00247236569406	-0.00734686706026	-0.00277368510486	0.0571005110911	-0.057574950842	-0.0172654321383	0.00537411075874	-0.0243413186674	-0.0617050698081
k__Bacteria;p__Actinobacteria;c__Actinobacteria;o__Bifidobacteriales;f__Bifidobacteriaceae;g__Bifidobacterium;s__Bifidobacterium_longum	0.0664530025553	-0.0280064900419	-0.0164145432955	-0.0535956377303	0.00412739618944	-0.0295290446766	0.0318048629258	0.0316176244355	0.0922109716148	0.0380728148308	-0.0657127161898	0.0405940662226	-0.0201226873049	0.0288806934508	-0.0521867676421	-0.103476707149	-0.00608694064324	-0.0110130658985	0.0372153143462	-0.00938778498692	-0.00335151216623	0.00209283581254	-0.0701325976328	0.0103883516689	0.0407304025398	-0.00711565746046	-0.0448896171707	-0.045803987068	0.0667534173576	1.0	-0.0306318258904	-0.0322283929533	0.012117595391	0.0110013766156	-0.0177467011179	0.0139071825718	0.0153129802245	0.00074411753252	0.00782290091272	0.0246452845153	0.00878033132602	0.0219525921545	-0.0688831973696	0.00560972066306	-0.0502777031099	-0.000406580461241	-0.0543539781203	-0.025400099085	-0.00749005029013	0.0205747464791	0.0554508810727	-0.00928884546398	0.0385537706863	-0.000383742628645	-0.0144269367355	0.0397328666202	0.0258844928317	-0.0491973192242	-0.0649094017722
