#taxonomy	k__Bacteria;p__Bacteroidetes;c__Bacteroidia;o__Bacteroidales;f__Bacteroidaceae;g__Bacteroides;s__Bacteroides_vulgatus	k__Bacteria;p__Bacteroidetes;c__Bacteroidia;o__Bacteroidales;f__Bacteroidaceae;g__Bacteroides;s__Bacteroides_uniformis	k__Bacteria;p__Bacteroidetes;c__Bacteroidia;o__Bacteroidales;f__Rikenellaceae;g__Alistipes;s__Alistipes_putredinis	k__Bacteria;p__Bacteroidetes;c__Bacteroidia;o__Bacteroidales;f__Prevotellaceae;g__Prevotella;s__Prevotella_copri	k__Bacteria;p__Bacteroidetes;c__Bacteroidia;o__Bacteroidales;f__Bacteroidaceae;g__Bacteroides;s__Bacteroides_stercoris	k__Bacteria;p__Bacteroidetes;c__Bacteroidia;o__Bacteroidales;f__Bacteroidaceae;g__Bacteroides;s__Bacteroides_ovatus	k__Bacteria;p__Bacteroidetes;c__Bacteroidia;o__Bacteroidales;f__Rikenellaceae;g__Alistipes;s__Alistipes_shahii	k__Bacteria;p__Firmicutes;c__Clostridia;o__Clostridiales;f__Ruminococcaceae;g__Faecalibacterium;s__Faecalibacterium_prausnitzii	k__Bacteria;p__Bacteroidetes;c__Bacteroidia;o__Bacteroidales;f__Rikenellaceae;g__Alistipes;s__Alistipes_finegoldii	k__Bacteria;p__Bacteroidetes;c__Bacteroidia;o__Bacteroidales;f__Porphyromonadaceae;g__Parabacteroides;s__Parabacteroides_distasonis	k__Bacteria;p__Bacteroidetes;c__Bacteroidia;o__Bacteroidales;f__Bacteroidaceae;g__Bacteroides;s__Bacteroides_thetaiotaomicron	k__Bacteria;p__Bacteroidetes;c__Bacteroidia;o__Bacteroidales;f__Bacteroidaceae;g__Bacteroides;s__Bacteroides_coprocola	k__Bacteria;p__Bacteroidetes;c__Bacteroidia;o__Bacteroidales;f__Bacteroidaceae;g__Bacteroides;s__Bacteroides_cellulosilyticus	k__Bacteria;p__Bacteroidetes;c__Bacteroidia;o__Bacteroidales;f__Rikenellaceae;g__Alistipes;s__Alistipes_obesi	k__Bacteria;p__Firmicutes;c__Clostridia;o__Clostridiales;f__Lachnospiraceae;g__;s__[Eubacterium]_rectale	k__Bacteria;p__Bacteroidetes;c__Bacteroidia;o__Bacteroidales;f__Bacteroidaceae;g__Bacteroides;s__Bacteroides_plebeius	k__Bacteria;p__Bacteroidetes;c__Bacteroidia;o__Bacteroidales;f__Bacteroidaceae;g__Bacteroides;s__Bacteroides_fragilis	k__Bacteria;p__Proteobacteria;c__Betaproteobacteria;o__Burkholderiales;f__Sutterellaceae;g__Sutterella;s__Sutterella_wadsworthensis	k__Bacteria;p__Bacteroidetes;c__Bacteroidia;o__Bacteroidales;f__Porphyromonadaceae;g__Barnesiella;s__Barnesiella_intestinihominis	k__Bacteria;p__Bacteroidetes;c__Bacteroidia;o__Bacteroidales;f__Odoribacteraceae;g__Odoribacter;s__Odoribacter_splanchnicus	k__Bacteria;p__Bacteroidetes;c__Bacteroidia;o__Bacteroidales;f__Bacteroidaceae;g__Bacteroides;s__Bacteroides_salyersiae	k__Bacteria;p__Firmicutes;c__Clostridia;o__Clostridiales;f__Ruminococcaceae;g__Ruminiclostridium;s__[Eubacterium]_siraeum	k__Bacteria;p__Proteobacteria;c__Betaproteobacteria;o__Burkholderiales;f__Sutterellaceae;g__Parasutterella;s__Parasutterella_excrementihominis	k__Bacteria;p__Actinobacteria;c__Actinobacteria;o__Bifidobacteriales;f__Bifidobacteriaceae;g__Bifidobacterium;s__Bifidobacterium_adolescentis	k__Bacteria;p__Firmicutes;c__Clostridia;o__Clostridiales;f__Oscillospiraceae;g__Oscillibacter;s__Oscillibacter_sp._KLE_1745	k__Bacteria;p__Bacteroidetes;c__Bacteroidia;o__Bacteroidales;f__Bacteroidaceae;g__Bacteroides;s__Bacteroides_coprophilus	k__Bacteria;p__Firmicutes;c__Clostridia;o__Clostridiales;f__Lachnospiraceae;g__Roseburia;s__Roseburia_intestinalis	k__Bacteria;p__Firmicutes;c__Clostridia;o__Clostridiales;f__Lachnospiraceae;g__Roseburia;s__Roseburia_hominis	k__Bacteria;p__Bacteroidetes;c__Bacteroidia;o__Bacteroidales;f__Porphyromonadaceae;g__Parabacteroides;s__Parabacteroides_johnsonii	k__Bacteria;p__Actinobacteria;c__Actinobacteria;o__Bifidobacteriales;f__Bifidobacteriaceae;g__Bifidobacterium;s__Bifidobacterium_longum	k__Bacteria;p__Firmicutes;c__Clostridia;o__Clostridiales;f__;g__Flavonifractor;s__Flavonifractor_plautii	k__Bacteria;p__Firmicutes;c__Clostridia;o__Clostridiales;f__Clostridiaceae;g__Clostridium;s__Clostridium_phoceensis	k__Bacteria;p__Verrucomicrobia;c__Verrucomicrobiae;o__Verrucomicrobiales;f__Akkermansiaceae;g__Akkermansia;s__Akkermansia_muciniphila	k__Bacteria;p__Bacteroidetes;c__Bacteroidia;o__Bacteroidales;f__Prevotellaceae;g__Paraprevotella;s__Paraprevotella_xylaniphila	k__Bacteria;p__Firmicutes;c__Clostridia;o__Clostridiales;f__Ruminococcaceae;g__Ruminococcus;s__Ruminococcus_callidus	k__Bacteria;p__Bacteroidetes;c__Bacteroidia;o__Bacteroidales;f__Rikenellaceae;g__Alistipes;s__Alistipes_senegalensis	k__Bacteria;p__Firmicutes;c__Clostridia;o__Clostridiales;f__Lachnospiraceae;g__Blautia;s__Blautia_sp._KLE_1732	k__Bacteria;p__Bacteroidetes;c__Bacteroidia;o__Bacteroidales;f__Bacteroidaceae;g__Bacteroides;s__Bacteroides_oleiciplenus	k__Bacteria;p__Firmicutes;c__Clostridia;o__Clostridiales;f__Ruminococcaceae;g__Ruminococcus;s__Ruminococcus_bicirculans	k__Bacteria;p__Bacteroidetes;c__Bacteroidia;o__Bacteroidales;f__Bacteroidaceae;g__Bacteroides;s__Bacteroides_fluxus	k__Bacteria;p__Bacteroidetes;c__Bacteroidia;o__Bacteroidales;f__Prevotellaceae;g__Prevotella;s__Prevotella_stercorea	k__Bacteria;p__Firmicutes;c__Clostridia;o__Clostridiales;f__Lachnospiraceae;g__Dorea;s__Dorea_longicatena	k__Bacteria;p__Firmicutes;c__Clostridia;o__Clostridiales;f__Eubacteriaceae;g__Eubacterium;s__[Eubacterium]_eligens	k__Bacteria;p__Firmicutes;c__Clostridia;o__Clostridiales;f__Ruminococcaceae;g__;s__Ruminococcaceae_bacterium_D16	k__Bacteria;p__Firmicutes;c__Clostridia;o__Clostridiales;f__Lachnospiraceae;g__Coprococcus;s__Coprococcus_comes	k__Bacteria;p__Proteobacteria;c__Gammaproteobacteria;o__Enterobacterales;f__Enterobacteriaceae;g__Escherichia;s__Escherichia_coli	k__Bacteria;p__Firmicutes;c__Clostridia;o__Clostridiales;f__Ruminococcaceae;g__Anaerotruncus;s__Anaerotruncus_colihominis	k__Bacteria;p__Firmicutes;c__Clostridia;o__Clostridiales;f__Lachnospiraceae;g__Blautia;s__Blautia_obeum	k__Bacteria;p__Bacteroidetes;c__Bacteroidia;o__Bacteroidales;f__Odoribacteraceae;g__Odoribacter;s__Odoribacter_laneus	k__Bacteria;p__Firmicutes;c__Clostridia;o__Clostridiales;f__Ruminococcaceae;g__Ruminiclostridium;s__[Clostridium]_leptum	k__Bacteria;p__Bacteroidetes;c__Bacteroidia;o__Bacteroidales;f__Porphyromonadaceae;g__Parabacteroides;s__Parabacteroides_goldsteinii	k__Bacteria;p__Firmicutes;c__Clostridia;o__Clostridiales;f__Lachnospiraceae;g__Anaerostipes;s__Anaerostipes_hadrus	k__Bacteria;p__Firmicutes;c__Clostridia;o__Clostridiales;f__Ruminococcaceae;g__Ruminococcus;s__Ruminococcus_lactaris	k__Bacteria;p__Firmicutes;c__Clostridia;o__Clostridiales;f__Clostridiaceae;g__Clostridium;s__Clostridium_sp._L2-50	k__Bacteria;p__Firmicutes;c__Clostridia;o__Clostridiales;f__Clostridiaceae;g__Clostridium;s__Clostridium_sp._M62/1	k__Bacteria;p__Firmicutes;c__Clostridia;o__Clostridiales;f__;g__Intestinimonas;s__Intestinimonas_butyriciproducens	k__Bacteria;p__Actinobacteria;c__Actinobacteria;o__Bifidobacteriales;f__Bifidobacteriaceae;g__Bifidobacterium;s__Bifidobacterium_bifidum	k__Bacteria;p__Firmicutes;c__Negativicutes;o__Veillonellales;f__Veillonellaceae;g__Dialister;s__Dialister_invisus	k__Bacteria;p__Bacteroidetes;c__Bacteroidia;o__Bacteroidales;f__Bacteroidaceae;g__Bacteroides;s__Bacteroides_salanitronis
k__Bacteria;p__Bacteroidetes;c__Bacteroidia;o__Bacteroidales;f__Bacteroidaceae;g__Bacteroides;s__Bacteroides_vulgatus	1.0	-0.0323295011397	-0.0166850303821	0.00801055900202	0.0013054005425	0.00481848184103	-0.00819656407627	-0.0131489465316	-0.00742334168974	-0.0245177788628	-0.026468225406	-0.0196188468365	0.00874165392862	0.00669770813994	-0.0497091155803	-0.0012817625862	-0.0686190278249	-0.057681707024	-0.0392987696354	-0.00440385124672	8.46355423408e-05	-0.0281743343473	-0.0120607879904	0.0297661296745	0.00794353666417	0.0319976642961	-0.0252694298743	0.0228078675339	0.000442962958753	-0.0345975271179	0.0632010771994	-0.0346007006774	-0.00489899459221	0.00705522827569	-0.0709430251809	-0.055149682032	-0.0510572007594	-0.00622587663029	0.0190379406617	0.0317471931197	0.0283653149009	-0.00717130099299	-0.0402926423089	-0.0294222790612	0.00885078632127	-0.000446722829296	0.0664315365072	0.00474028727179	-0.0229329769523	-0.0133028335751	-0.00570879974934	-0.018177855899	-0.0212349105776	-0.0661342005762	0.0084049556916	0.0145486846352	-0.0587474011345	-0.0125984427233	0.0876926217822
k__Bacteria;p__Bacteroidetes;c__Bacteroidia;o__Bacteroidales;f__Bacteroidaceae;g__Bacteroides;s__Bacteroides_uniformis	-0.0323295011397	1.0	0.00653761942529	0.00668103148638	0.090800131809	0.0580742481899	-0.0226181880499	0.00763622785768	0.0274192159069	0.00148926117784	-0.00867169626042	0.0357202734613	0.0247310577174	-0.0206296414608	-0.0221293153283	-0.037307918212	0.0036416431305	0.0301554150895	0.0100474684939	0.0029093037621	-0.0153595281869	-0.0309615046981	-0.00543834443653	-0.0626822160625	-0.0361337734762	0.0374486337328	-0.0271528832719	-0.0136545373783	-0.0274616497302	0.00518078265846	-0.0148270978217	0.0224570404284	0.00174224606756	0.0382980421335	-0.0324936255781	-0.0309184256106	-0.0039346158393	0.0102294349315	-0.00412532681032	0.0132025455759	0.021033652548	-0.0148208910464	-0.0418069515034	0.00958978811129	-0.0300478482484	0.0178712329263	0.010220697802	-0.0243202853528	-0.00227192059663	-0.0118895546059	0.0175642334314	-0.0309899813479	-0.0199647173335	-0.0485927355625	-0.0280216642286	0.00110897392487	-0.0171558269496	-0.0412156517466	0.0406987516894
k__Bacteria;p__Bacteroidetes;c__Bacteroidia;o__Bacteroidales;f__Rikenellaceae;g__Alistipes;s__Alistipes_putredinis	-0.0166850303821	0.00653761942529	1.0	0.0261126243207	0.0139653789219	0.031552589097	-0.0021366732885	0.0485302504584	0.033414534351	0.007613819917	-0.0465521556442	-0.0161117678448	-0.0243490463317	0.000200727661553	0.00814031916237	-0.0199628786783	-0.0452670395288	-0.0278455986654	-0.0524537663441	-0.00909148675822	0.042551918036	-0.0505274204201	-0.02622791653	0.010204329011	-0.0459623731648	0.0699176312413	0.0541685736599	0.0147541655363	-0.0199277516403	0.0287009030227	0.032892875088	-0.0302108658936	0.0217453843508	-0.0339335401599	-0.0339938265715	0.0242839692708	0.00212928912327	0.0201451413787	0.00313285922917	-0.00141341665244	0.0285132308112	0.0417820239769	-0.0391009759715	-0.0649201371734	-0.0340379604995	-0.017347108354	-0.0165742452729	0.01954647074	0.00452456123891	0.0294813074164	-0.00164563532838	0.0292519653244	0.0155643404388	-0.00908691862137	-0.00103564777394	-0.0203661543926	-0.000602108332636	-0.0484132768896	-0.0167606098404
k__Bacteria;p__Bacteroidetes;c__Bacteroidia;o__Bacteroidales;f__Prevotellaceae;g__Prevotella;s__Prevotella_copri	0.00801055900202	0.00668103148638	0.0261126243207	1.0	-0.00398703544491	-0.00116730993423	-0.0220125569231	-0.0518358346693	-0.0194671612846	0.00800218330886	0.0476202668946	-0.0244342252188	-0.0203818125664	0.00478775929384	0.0153782919852	-0.00415249962669	-0.00624402204773	-0.00700279525247	-0.00418957994712	-7.03114342774e-05	-0.00800131051361	-0.00979507765374	-0.00199928812795	0.0239738498008	-0.0300937636693	-0.0320730250751	-0.0124361692836	-0.035378395399	0.0317813445099	0.0234873311099	-0.0371362443591	-0.00633802121595	0.0324499680469	0.0152656079416	-0.0472194710323	0.0228340572673	-0.0461229529425	0.0205139547559	-0.00364402548363	0.0025088797509	-0.0238409736828	0.0242812286137	-0.040631025436	-0.0157570814433	-0.043116975416	-0.0214448827894	0.0361343493408	-0.0422616039623	0.000892062536064	0.0345926680448	-0.0211604100377	-0.0438556089215	-0.0104673724591	-0.0198485000736	4.47761639994e-05	-0.0480438699537	-0.0382578198446	0.000890827311658	-0.0228215615338
k__Bacteria;p__Bacteroidetes;c__Bacteroidia;o__Bacteroidales;f__Bacteroidaceae;g__Bacteroides;s__Bacteroides_stercoris	0.0013054005425	0.090800131809	0.0139653789219	-0.00398703544491	1.0	0.0331252850015	0.0182442749257	-0.0333660372195	-0.0338811740325	-0.0492946508493	-0.0315603184463	-0.0158103773839	-0.00521149417389	-0.0355319416726	0.0297696327824	0.0131252603297	-0.00952992440293	-0.0338650979613	0.00949476025561	-0.00539019759476	-0.0350505809603	0.0228830498996	0.0168843970386	0.0186238791634	-0.0512489790209	0.0521797638889	-0.0621659303245	0.0115065414247	0.0186159692641	-0.0434552249525	-0.043672219489	-0.0374350105304	0.0206558853476	0.00676862841003	-0.0642157915448	-0.0652419493082	-0.00671258415855	-0.0213345236095	0.0475718143187	0.0184878603167	-0.00687906798384	-0.0214898747763	-0.00515160239191	0.00356532835448	-0.014155583691	0.022496579368	0.0179878313849	0.080991989091	-0.0207163066855	0.0499034635448	-0.00781376751217	0.015050156359	-0.0365122424136	-0.064158007862	-0.0603705277464	-0.0378604395997	-0.0221042753331	0.00483192719827	0.0189261343973
k__Bacteria;p__Bacteroidetes;c__Bacteroidia;o__Bacteroidales;f__Bacteroidaceae;g__Bacteroides;s__Bacteroides_ovatus	0.00481848184103	0.0580742481899	0.031552589097	-0.00116730993423	0.0331252850015	1.0	-0.000789556828137	0.0398864224943	0.0193633695945	-0.0110290272982	-0.00831161053869	-0.0222314044968	0.00133595107207	-0.0317973965021	-0.0307315431287	-0.023099667588	0.0401230977051	-0.0440757768375	-0.0216984297111	0.00386520009183	-0.0543445201666	-0.0229564774402	0.0391032075341	-0.0229086691573	0.0512647940465	0.0273072639936	-0.00154365221217	-0.0494844481981	-0.0128818648319	-0.00140937879011	-0.0239417647636	-0.0577380487016	0.00151697625465	-0.0101172385118	-0.029127290544	-0.0634639829234	-0.00705963010422	0.0188989990999	-0.0214747716477	0.0311437835208	-0.0289039798035	-0.0466711954385	0.0392617814517	0.0135906286176	0.0764323321449	-0.0350158538499	0.0212470723296	0.0443328980072	0.0261666537137	-0.00877422283575	0.0529764075565	0.0191984973728	-0.013362771355	-0.0423715585734	-0.0181716467879	-0.0333189675414	-0.0169894565473	-0.0264816290449	-0.00104805678087
k__Bacteria;p__Bacteroidetes;c__Bacteroidia;o__Bacteroidales;f__Rikenellaceae;g__Alistipes;s__Alistipes_shahii	-0.00819656407627	-0.0226181880499	-0.0021366732885	-0.0220125569231	0.0182442749257	-0.000789556828137	1.0	0.00374275570746	-0.0198189050155	-0.0469231814736	-0.0330361034883	0.0146196190474	0.00396289587961	0.0172342164385	-0.0549084240809	0.0295170253323	0.0297855210529	-0.0679413653065	-0.0250966168423	-0.0128947222727	0.00227889371605	0.014956963563	-0.00186772372089	0.0427678525812	-0.0160595577765	0.0261424075928	-0.0304814671436	-0.0137687730774	0.00638065713168	-0.00448619028892	0.0272032395434	0.0226374229742	-0.0604157355129	0.0212890333654	0.0610350313303	0.00237447623081	-0.0235550781037	-0.0210326690425	-0.0314010551521	-0.0164846662058	-0.01268923489	-0.00072819509221	-0.0314783548152	-0.0505242680651	-0.0437358298046	0.0236646381229	-0.00885127000815	-0.0234735250538	-0.0454610452321	0.0307972153921	-0.0419566364044	-0.0669201365086	-0.0255567582621	-0.00430546715288	-0.0370711316305	0.0554519540526	0.0251141536414	0.045822621716	-0.0252662966834
k__Bacteria;p__Firmicutes;c__Clostridia;o__Clostridiales;f__Ruminococcaceae;g__Faecalibacterium;s__Faecalibacterium_prausnitzii	-0.0131489465316	0.00763622785768	0.0485302504584	-0.0518358346693	-0.0333660372195	0.0398864224943	0.00374275570746	1.0	0.030649634678	-0.0191320859425	-0.0176990140166	0.0130821981668	0.0185619723758	0.00870903144809	0.00288563937764	-0.0485108974522	-0.00577063328875	-0.0286313408907	0.0257687404421	-0.0298197228426	0.0101870200847	-0.0106024785714	-0.0304116293297	0.00367059553525	0.00519194247977	-0.0218539292773	0.0207831284541	0.0233526768779	0.0408664444514	0.0041872571219	-0.000823748252293	-0.000960206209327	0.0297603506309	-0.0136199209746	0.00799702478308	0.00368421249417	-0.035356385443	-0.0290346839705	-0.00588488921063	0.018799101824	-0.0105511487142	-0.0301489082929	0.0203277940686	-0.0154289513864	-0.0513720807159	-0.0352180740472	-0.0353089935918	0.0107009551649	0.0215274636705	-0.0223000917883	-0.0215902317156	-0.0220633069986	-0.0355902548131	-0.0651910928161	0.0178497381054	-0.0386063885648	-0.0123159857616	-0.0131792151296	-0.0179276259171
k__Bacteria;p__Bacteroidetes;c__Bacteroidia;o__Bacteroidales;f__Rikenellaceae;g__Alistipes;s__Alistipes_finegoldii	-0.00742334168974	0.0274192159069	0.033414534351	-0.0194671612846	-0.0338811740325	0.0193633695945	-0.0198189050155	0.030649634678	1.0	-0.0505191420566	0.0270728673929	-0.00520874097896	0.0230521142778	-0.0733496588274	-0.0735405133753	-0.00454696764733	-0.000677620454031	0.0440699960805	0.0352480296463	-0.0193515852291	-0.0121804467673	-0.033532443477	0.0170124042897	-0.00152047412676	-0.0197175634721	0.0304604591619	-0.0398367451257	-0.069206275895	0.0493562196205	-0.0925281603096	0.00423630937423	0.00944973485538	0.0199932780339	-0.0412756785002	-0.024166012761	-0.00578964363395	-0.0547199594498	0.0390656708926	0.0142923961109	0.0309194141235	0.0025493114445	0.00196740089606	-0.00933003553808	0.0172970037612	-0.0629543394525	0.016536894838	0.0199062372777	-0.011430476593	0.0264200636098	-0.0332583108557	0.0271162008556	-0.0239659633935	-0.0284889839888	-0.033875219571	0.011304701987	-0.0207879824765	-0.00566907219012	0.0685675381297	-0.0061073183599
k__Bacteria;p__Bacteroidetes;c__Bacteroidia;o__Bacteroidales;f__Porphyromonadaceae;g__Parabacteroides;s__Parabacteroides_distasonis	-0.0245177788628	0.00148926117784	0.007613819917	0.00800218330886	-0.0492946508493	-0.0110290272982	-0.0469231814736	-0.0191320859425	-0.0505191420566	1.0	-0.000718125177328	-0.0201423805197	-0.0134621700528	-0.0427357173974	-0.0199744262525	-0.0545112605482	-0.0137024384114	0.0198112091632	-0.0310606360178	0.020191256306	-0.0545054099537	0.0357960292158	-0.0217490516047	-0.0650344894283	-0.010816453134	-0.00824887675582	0.0175223715713	0.0175258678112	-0.0200976957373	0.0399403380071	-0.0306558454182	-0.0124678681222	-0.0274470095085	0.0381006834987	0.00890863850648	-0.0496692972731	0.0120353347818	0.0136594744463	-0.0305363260752	-0.0266861184362	0.0563737232493	0.0021816596816	0.000146407830501	0.01939658333	-0.014242517715	0.0395272619567	0.0131213045356	-0.0410412693589	-0.0666471743328	-0.0138928813261	-0.033418702033	0.0436716192443	0.00621017748748	0.0429983590914	-0.0157313634936	0.0202029116722	-0.00733841576	0.0221889707432	-0.00139217657468
k__Bacteria;p__Bacteroidetes;c__Bacteroidia;o__Bacteroidales;f__Bacteroidaceae;g__Bacteroides;s__Bacteroides_thetaiotaomicron	-0.026468225406	-0.00867169626042	-0.0465521556442	0.0476202668946	-0.0315603184463	-0.00831161053869	-0.0330361034883	-0.0176990140166	0.0270728673929	-0.000718125177328	1.0	-0.0305267923939	0.058152576342	0.0116283589581	-0.0510311079915	-0.00345538105679	-0.0194684142643	-0.0342417333497	-0.00318320068526	-0.0519791914522	0.0106727740688	-0.0151288141978	0.0486054732774	-0.0416217454915	-0.00553171936067	-0.0152050595139	-0.00779533162664	-0.00841540759938	0.0370670309833	-0.0201716550326	0.0255317822632	-0.00874759260025	0.005588947515	-0.0166872476318	0.00549765602932	0.0223214500304	-1.86211673337e-05	-0.00261609094815	-0.037378349705	-0.0231637965849	0.0699473929409	-0.0311297465957	0.0173955882003	0.0597591272925	-0.0158232541767	0.0298020671291	-0.062484259003	-0.0249394933711	0.0312727980987	0.0375764935638	0.0132983355784	0.019737940823	-0.00291335416892	-0.0321902584965	-0.0756352375867	0.0337816500439	-0.00401082436689	-0.0217815090424	0.0276871392153
k__Bacteria;p__Bacteroidetes;c__Bacteroidia;o__Bacteroidales;f__Bacteroidaceae;g__Bacteroides;s__Bacteroides_coprocola	-0.0196188468365	0.0357202734613	-0.0161117678448	-0.0244342252188	-0.0158103773839	-0.0222314044968	0.0146196190474	0.0130821981668	-0.00520874097896	-0.0201423805197	-0.0305267923939	1.0	0.00778575513073	-0.0471902042854	-0.0245988723716	0.00546875249883	-0.0199975221707	-0.0449612985947	0.0356478090253	-0.0430358270641	-0.0156929655894	-0.0321444302595	-0.0761390113468	0.00859784968166	-0.000398933731682	0.0236763155333	0.0124992361518	-0.0521132923152	0.0430605330621	-0.036005630847	0.0716009308613	-0.00421942930197	-0.0560918236195	-0.0739603355128	0.0121333632164	-0.00565811525474	0.0485499499171	-0.0210231884734	0.0754814210208	-0.0102374230689	0.0412875083089	0.0594589691288	-0.0773249725366	-0.0272968669959	-0.0360361584677	-0.0101447901465	-0.0554611884669	-0.0186134443659	0.0538417113424	-0.00519932704611	-0.0117146685755	-0.0558461630135	-0.0186977144803	-0.0113105634751	-0.031729504432	0.0066268122513	-0.067436629636	0.0469051547819	0.000308958091992
k__Bacteria;p__Bacteroidetes;c__Bacteroidia;o__Bacteroidales;f__Bacteroidaceae;g__Bacteroides;s__Bacteroides_cellulosilyticus	0.00874165392862	0.0247310577174	-0.0243490463317	-0.0203818125664	-0.00521149417389	0.00133595107207	0.00396289587961	0.0185619723758	0.0230521142778	-0.0134621700528	0.058152576342	0.00778575513073	1.0	0.0576167576984	0.0233669490141	0.0612747333464	-0.0263655521503	0.0995195796641	-0.0295704655628	-0.0114843528761	0.0410230687478	-0.0209023388883	-0.0281312361121	-0.027935919304	-0.0131952283543	-0.0379545421912	0.00481157184065	-0.0425380725355	-0.0120071349981	-0.0130244745189	0.0110686702809	-0.042153652066	0.00724304019897	-0.0333632400189	-0.00101194449746	-0.0102881232566	-0.0301251489231	-0.0291619465882	-0.039282932113	-0.0240717797613	-0.00702117230785	-0.0043719749006	-0.017326481041	-0.0100255999129	-0.0187437213685	-0.0135563381594	-0.0326445050974	-0.025669310745	-0.0510621846684	0.0234226238148	0.0093134896762	0.0028094032013	0.0536447253337	0.0148521519449	0.0513366477178	-0.0267916247532	-0.00884682217231	0.0155100924051	0.035435328586
k__Bacteria;p__Bacteroidetes;c__Bacteroidia;o__Bacteroidales;f__Rikenellaceae;g__Alistipes;s__Alistipes_obesi	0.00669770813994	-0.0206296414608	0.000200727661553	0.00478775929384	-0.0355319416726	-0.0317973965021	0.0172342164385	0.00870903144809	-0.0733496588274	-0.0427357173974	0.0116283589581	-0.0471902042854	0.0576167576984	1.0	-0.00529347457806	0.00523745089038	0.00630838963576	0.00300552892443	-0.0477716411977	0.0168765864217	0.0241181618666	-0.0066935318551	-0.0318093557084	-0.0555997237804	-0.0208544007359	0.00745457979784	0.0382923964945	-0.0063144384569	0.00228611826159	-0.0112747270568	0.00274384992514	-0.000312056639886	0.00978441875105	0.0149067158007	-0.0768281066733	0.0180775710189	0.0123492944782	0.0128823980241	-0.00981719246125	-0.0133772434076	0.0207517414383	-0.0373271462308	-0.036683000765	0.0364964531211	-0.0357953035724	-0.0526423489351	0.0153440352803	-0.00421399331164	-0.00754342525807	0.0392054770715	0.00676379277261	0.00720435789915	-0.000963801359285	0.00755123284697	-0.0241923422499	0.0355489373647	-0.01531677866	0.0100679971762	-0.0726185315129
k__Bacteria;p__Firmicutes;c__Clostridia;o__Clostridiales;f__Lachnospiraceae;g__;s__[Eubacterium]_rectale	-0.0497091155803	-0.0221293153283	0.00814031916237	0.0153782919852	0.0297696327824	-0.0307315431287	-0.0549084240809	0.00288563937764	-0.0735405133753	-0.0199744262525	-0.0510311079915	-0.0245988723716	0.0233669490141	-0.00529347457806	1.0	-0.0282879609221	-0.00214049421004	0.0296575955446	0.0175693845591	0.030895735093	-0.0289802512693	0.0651454000053	0.0744705309894	0.0584832203357	-0.00600110992457	-0.0309660980884	0.0496883908699	-0.0209810984807	-0.0165345266445	-0.0295833075	-0.00890850059958	0.0205958922452	-0.0176313369542	-0.0273245430492	-0.0453091736439	-0.0153139497467	-0.000974807786463	-0.00441341715761	0.0441490465544	0.0199435763094	0.00830673240343	-0.0228731964918	0.0506703122131	-0.0607299773849	-0.0305039767801	-0.0216301473738	-0.0351383007093	0.01219740017	0.00608187458744	-0.0267584897115	0.0427422964737	-0.0060164064692	-0.0482548221269	-0.0334582167529	-0.0190011688415	0.00958712393173	-0.0597721453385	-0.021281858067	0.00993193649059
k__Bacteria;p__Bacteroidetes;c__Bacteroidia;o__Bacteroidales;f__Bacteroidaceae;g__Bacteroides;s__Bacteroides_plebeius	-0.0012817625862	-0.037307918212	-0.0199628786783	-0.00415249962669	0.0131252603297	-0.023099667588	0.0295170253323	-0.0485108974522	-0.00454696764733	-0.0545112605482	-0.00345538105679	0.00546875249883	0.0612747333464	0.00523745089038	-0.0282879609221	1.0	0.0642996286526	-0.0186859998714	0.0254606687015	-0.0432268926148	0.0179001221242	0.0309258535615	-0.0288883157803	-0.00358175242849	-0.027159247971	-0.00832967847458	0.00318056083486	-0.0401361597134	0.0380882823979	0.00626502804364	-0.0105808881125	-0.00449681837324	0.0258709966087	-0.0126317895823	-0.0213836483603	0.034625949928	-0.0219309736754	-0.000817101609327	0.000991753163308	-0.0183617435023	0.0306060689145	-0.0278359699525	-0.0292961139387	0.0303466629222	-0.0146487022906	-0.0141385186857	0.00831467805204	-0.0494594739475	0.0362927030652	0.0327374024686	-0.0260215376194	0.00418869363582	-0.0333684852836	-0.0341570949907	-0.0361834622385	0.0067085023778	0.03973929958	-0.0101691896472	0.016027725622
k__Bacteria;p__Bacteroidetes;c__Bacteroidia;o__Bacteroidales;f__Bacteroidaceae;g__Bacteroides;s__Bacteroides_fragilis	-0.0686190278249	0.0036416431305	-0.0452670395288	-0.00624402204773	-0.00952992440293	0.0401230977051	0.0297855210529	-0.00577063328875	-0.000677620454031	-0.0137024384114	-0.0194684142643	-0.0199975221707	-0.0263655521503	0.00630838963576	-0.00214049421004	0.0642996286526	1.0	-0.0404605412083	0.00934523092782	-0.0470508747237	0.0627427392859	-0.0414561002249	0.00857872520087	-0.00598605061514	-0.0243955671375	-0.0314269950221	0.00793899945178	0.03250037546	-0.0163627378594	0.02806820979	0.0215593358778	-0.0500299819337	0.0320195014444	0.0060711508987	0.00565240165297	0.0206814477625	-0.00506483654424	-0.00450264917726	0.00585343200644	0.00846592395371	-0.040817488326	-0.0195465948675	0.00802224577784	-0.00384547898817	0.00360242808674	0.00137772796276	-0.0355392491361	0.0179104961697	-0.0060615905658	0.0318795065886	0.00929517538425	-0.03535697421	0.0297254747349	-0.00402354655598	-0.0513436576218	-0.051403191509	-0.0350804517852	-0.00223094598563	-0.0211055244837
k__Bacteria;p__Proteobacteria;c__Betaproteobacteria;o__Burkholderiales;f__Sutterellaceae;g__Sutterella;s__Sutterella_wadsworthensis	-0.057681707024	0.0301554150895	-0.0278455986654	-0.00700279525247	-0.0338650979613	-0.0440757768375	-0.0679413653065	-0.0286313408907	0.0440699960805	0.0198112091632	-0.0342417333497	-0.0449612985947	0.0995195796641	0.00300552892443	0.0296575955446	-0.0186859998714	-0.0404605412083	1.0	0.00652833268377	0.0424996986692	-0.0318159840035	-0.0216372000605	-0.00158992666389	-0.00819789467533	-0.0288343708693	0.00253014174507	-0.0260777970984	0.00906356067365	-0.0722934650604	-0.025223486756	0.0896224115357	-0.0303060665289	-0.0133543454189	-0.0339557943515	0.07051090423	-0.0266698891066	-0.00958118935006	-0.00746309744394	0.0341131784477	-0.0542744942869	-0.0106129500788	-0.0391137302632	-0.021833750277	0.0315144176399	0.00471960233307	0.0332345542329	0.0245497824624	-0.0453196873383	-0.0117402150967	-0.0106225108826	-0.0135502721135	-0.00134947424502	0.0204021924772	0.0522553085055	0.0277585157962	-0.0303928784477	-0.00329186362105	-0.0455731143067	-0.0160592987678
k__Bacteria;p__Bacteroidetes;c__Bacteroidia;o__Bacteroidales;f__Porphyromonadaceae;g__Barnesiella;s__Barnesiella_intestinihominis	-0.0392987696354	0.0100474684939	-0.0524537663441	-0.00418957994712	0.00949476025561	-0.0216984297111	-0.0250966168423	0.0257687404421	0.0352480296463	-0.0310606360178	-0.00318320068526	0.0356478090253	-0.0295704655628	-0.0477716411977	0.0175693845591	0.0254606687015	0.00934523092782	0.00652833268377	1.0	0.0627016640701	-0.0517169591009	-0.00117551707117	0.0596713412255	-0.00155487708576	0.035149840843	-0.0607282539457	-0.0358732998889	0.0164698391734	-0.0258023485004	0.00140077102025	-0.0105076103489	-0.00629151185617	-0.0739354983718	-0.00326858652885	-0.0251676643165	0.00215198357908	-0.0252795391338	-0.0286471579964	-0.0188173875168	0.0464583581815	-0.0443095528356	-0.0669050348648	-0.03034158343	0.0273852661645	0.0217210972961	0.0109729990773	-0.00165089851883	-0.0592406929634	-0.0889358504435	0.0419945726576	0.0296589095034	0.0134957141167	-0.0524241665157	0.0475220566286	0.0125409188439	-0.037253026263	-0.0036736579851	-0.0441679934473	-0.00875912806793
k__Bacteria;p__Bacteroidetes;c__Bacteroidia;o__Bacteroidales;f__Odoribacteraceae;g__Odoribacter;s__Odoribacter_splanchnicus	-0.00440385124672	0.0029093037621	-0.00909148675822	-7.03114342774e-05	-0.00539019759476	0.00386520009183	-0.0128947222727	-0.0298197228426	-0.0193515852291	0.020191256306	-0.0519791914522	-0.0430358270641	-0.0114843528761	0.0168765864217	0.030895735093	-0.0432268926148	-0.0470508747237	0.0424996986692	0.0627016640701	1.0	-0.0808787555942	0.0754033385079	0.000914465996188	-0.0137981027459	-0.0320543055469	-0.0168487875404	-0.00379255005517	0.0817212444611	-0.00918742783531	-0.0124823603264	-0.028725451163	-0.0113697033011	-0.0498718297548	-0.00606407325307	-0.0397616353312	0.0183155485679	-0.00484042021488	0.0101538056685	0.0123374398592	-0.0408439263458	0.0105119587052	0.00464178428821	-0.0202389206546	-0.00923407030157	0.0330840903612	-0.0311214941827	0.0153816361959	0.0320827996035	0.00920251774276	-0.0527022621112	-0.00853995285342	0.000762374239389	0.0156130110096	0.0022904542696	0.0075912427054	-0.0246424455904	-0.0244607997116	-0.0100213497876	0.0456724618385
k__Bacteria;p__Bacteroidetes;c__Bacteroidia;o__Bacteroidales;f__Bacteroidaceae;g__Bacteroides;s__Bacteroides_salyersiae	8.46355423408e-05	-0.0153595281869	0.042551918036	-0.00800131051361	-0.0350505809603	-0.0543445201666	0.00227889371605	0.0101870200847	-0.0121804467673	-0.0545054099537	0.0106727740688	-0.0156929655894	0.0410230687478	0.0241181618666	-0.0289802512693	0.0179001221242	0.0627427392859	-0.0318159840035	-0.0517169591009	-0.0808787555942	1.0	-0.0225651312877	-0.0314168055121	-0.0185098627522	0.0108891128757	-0.0371709312065	-0.0560112609454	0.00708039689731	0.0316687548401	-0.0124770321778	0.00967059998565	0.0361970009254	0.0280034450291	-0.014614296246	0.0107796881003	-0.0183355570305	0.0064205744631	0.00284983711275	0.0169161323103	0.0091353827132	0.00640865480214	0.0316978013639	-0.0288452351923	-0.0244957576947	0.00795560469337	-0.0173806291583	0.0498310897333	0.0241524679544	-0.0248762586731	0.00843241958482	-0.00135052132402	-0.0425345159379	0.00980448550168	-0.0536114427208	0.0241808758997	0.0189859606192	0.0217729867377	-0.00109986272649	-0.0268268170815
k__Bacteria;p__Firmicutes;c__Clostridia;o__Clostridiales;f__Ruminococcaceae;g__Ruminiclostridium;s__[Eubacterium]_siraeum	-0.0281743343473	-0.0309615046981	-0.0505274204201	-0.00979507765374	0.0228830498996	-0.0229564774402	0.014956963563	-0.0106024785714	-0.033532443477	0.0357960292158	-0.0151288141978	-0.0321444302595	-0.0209023388883	-0.0066935318551	0.0651454000053	0.0309258535615	-0.0414561002249	-0.0216372000605	-0.00117551707117	0.0754033385079	-0.0225651312877	1.0	0.00198311366269	0.0154164175469	-0.0830028590377	0.00465655784751	0.03868615179	-0.0276486264922	-0.014065238126	-0.0315123929721	-0.03577977236	0.0218639594576	-0.0136124178437	0.00198648207042	-0.0181378428475	-0.051474405607	-0.0456585791281	-0.00619150925337	-0.0326325530876	-0.0480559184176	0.00542078859547	-0.0189720120636	-0.0165779333655	-0.0363116897168	0.0324720114106	-0.037594089246	-0.0190669616931	-0.0541616175703	0.0049734021943	-0.0389630592751	0.0384428317439	0.00529681392546	0.0121811382567	-0.0133837430299	-0.0319672843851	-0.0129575895505	0.0167231599042	-0.00040464365082	0.0381832397201
k__Bacteria;p__Proteobacteria;c__Betaproteobacteria;o__Burkholderiales;f__Sutterellaceae;g__Parasutterella;s__Parasutterella_excrementihominis	-0.0120607879904	-0.00543834443653	-0.02622791653	-0.00199928812795	0.0168843970386	0.0391032075341	-0.00186772372089	-0.0304116293297	0.0170124042897	-0.0217490516047	0.0486054732774	-0.0761390113468	-0.0281312361121	-0.0318093557084	0.0744705309894	-0.0288883157803	0.00857872520087	-0.00158992666389	0.0596713412255	0.000914465996188	-0.0314168055121	0.00198311366269	1.0	-0.078899112442	0.0330916108764	0.00149903629928	-0.0197373083623	0.00278404983495	0.0215584554222	-0.0467074700211	0.00944733918639	-0.036580285537	-0.0349821700007	-0.0433696792006	0.00783744189899	-0.00515741518407	-0.0383195949559	0.0131189392108	-0.043053065211	-0.00998828918228	-0.0135342924902	0.00461032010134	-0.00920648223163	-0.00885836525663	-0.0219604167635	-0.00564488988952	-0.0239724536674	-0.0176210509859	-0.0559204400293	-0.0090698066925	0.00673446566909	-0.0434996240462	0.00659138789692	-0.00294762127072	-0.0037081352102	-0.0149530915058	-0.0144798612519	-0.0251139455983	-0.0244944274414
k__Bacteria;p__Actinobacteria;c__Actinobacteria;o__Bifidobacteriales;f__Bifidobacteriaceae;g__Bifidobacterium;s__Bifidobacterium_adolescentis	0.0297661296745	-0.0626822160625	0.010204329011	0.0239738498008	0.0186238791634	-0.0229086691573	0.0427678525812	0.00367059553525	-0.00152047412676	-0.0650344894283	-0.0416217454915	0.00859784968166	-0.027935919304	-0.0555997237804	0.0584832203357	-0.00358175242849	-0.00598605061514	-0.00819789467533	-0.00155487708576	-0.0137981027459	-0.0185098627522	0.0154164175469	-0.078899112442	1.0	-0.0107600234321	0.00949899322977	0.00347218164085	-0.0290895285196	0.0647908437534	-0.0184442908963	-0.0125406005891	0.0443802341888	-0.000266914717608	-0.018712928773	0.0387801191146	0.012129854189	-0.00649195546944	-0.0131390375042	-0.0446080809723	-0.0847767426274	-0.00452999921749	-0.0267127133354	-0.041913828882	-0.0259734662714	-0.00146725757561	0.00593867811815	0.012603779439	-0.0643632894209	0.0551648032136	0.0244520073346	-0.00126009414411	-0.00608807378786	-0.00203749065282	-0.00937739588444	0.0227312887959	-0.0174876407553	0.0248689006394	-0.00687256114354	0.00783684043748
k__Bacteria;p__Firmicutes;c__Clostridia;o__Clostridiales;f__Oscillospiraceae;g__Oscillibacter;s__Oscillibacter_sp._KLE_1745	0.00794353666417	-0.0361337734762	-0.0459623731648	-0.0300937636693	-0.0512489790209	0.0512647940465	-0.0160595577765	0.00519194247977	-0.0197175634721	-0.010816453134	-0.00553171936067	-0.000398933731682	-0.0131952283543	-0.0208544007359	-0.00600110992457	-0.027159247971	-0.0243955671375	-0.0288343708693	0.035149840843	-0.0320543055469	0.0108891128757	-0.0830028590377	0.0330916108764	-0.0107600234321	1.0	-0.00867410500012	-0.0310473838221	-0.0381268708092	-0.0275987807062	0.00671475687026	-0.020091534239	0.0152474399133	0.00725105072068	-0.0234854233486	0.0106905200413	-0.0123953947173	0.0447427017398	0.0221128386019	-0.0153496646892	-0.0196917876004	-0.06816913201	-0.0422273153176	0.0189659471478	0.0189070025506	0.0215986375333	-0.0119157745952	0.00295031123494	0.0178656043817	0.0559777042405	-0.0526382912751	-0.00403059735881	0.0398558939217	-0.0537931048463	0.018752487828	-0.0214605090029	-0.00494675259447	0.00185856267599	0.0110357104932	-0.010559215499
k__Bacteria;p__Bacteroidetes;c__Bacteroidia;o__Bacteroidales;f__Bacteroidaceae;g__Bacteroides;s__Bacteroides_coprophilus	0.0319976642961	0.0374486337328	0.0699176312413	-0.0320730250751	0.0521797638889	0.0273072639936	0.0261424075928	-0.0218539292773	0.0304604591619	-0.00824887675582	-0.0152050595139	0.0236763155333	-0.0379545421912	0.00745457979784	-0.0309660980884	-0.00832967847458	-0.0314269950221	0.00253014174507	-0.0607282539457	-0.0168487875404	-0.0371709312065	0.00465655784751	0.00149903629928	0.00949899322977	-0.00867410500012	1.0	-0.0144243822684	0.00503954290799	-0.00760076291117	0.00349309077856	0.0116854384689	-0.0376106929957	0.00860622699229	-0.0426139147789	-0.0112485914502	-0.0392288090257	0.0394055093694	0.0471002711507	-0.0315782237795	0.0491958307275	-0.00303132684453	0.0297676666078	0.0352920033964	-0.0697962587858	-0.0311308525812	-0.00294506359287	-0.00264323411839	-0.00388893967976	0.0206569025754	-0.0173341984981	-0.0244624432939	-0.0462885578319	-0.0166344123287	0.0135958212546	-0.04295255103	-0.0528068716004	-0.0516636801193	0.0120983460825	-0.0636268817671
k__Bacteria;p__Firmicutes;c__Clostridia;o__Clostridiales;f__Lachnospiraceae;g__Roseburia;s__Roseburia_intestinalis	-0.0252694298743	-0.0271528832719	0.0541685736599	-0.0124361692836	-0.0621659303245	-0.00154365221217	-0.0304814671436	0.0207831284541	-0.0398367451257	0.0175223715713	-0.00779533162664	0.0124992361518	0.00481157184065	0.0382923964945	0.0496883908699	0.00318056083486	0.00793899945178	-0.0260777970984	-0.0358732998889	-0.00379255005517	-0.0560112609454	0.03868615179	-0.0197373083623	0.00347218164085	-0.0310473838221	-0.0144243822684	1.0	-0.0262220011746	0.0093597450739	0.0048719812243	0.016829854755	-0.0580527755166	-0.0197674151204	-0.0224899301303	-0.0126598916125	-0.0657360734021	0.00111685806748	-0.0429777026732	0.0195879012678	-0.0214805014057	0.0119693902472	-0.0195852252266	0.10742554515	-0.0207544621444	-0.038094845941	-0.039183110534	0.0230453916168	-0.0318306937016	-0.0053398176014	0.0512988223966	0.000135637872179	0.00624972005705	0.0178147205009	0.0490250149893	0.0395859810472	0.0393733839296	0.0530356436865	-0.0417245426056	-0.00972363128434
k__Bacteria;p__Firmicutes;c__Clostridia;o__Clostridiales;f__Lachnospiraceae;g__Roseburia;s__Roseburia_hominis	0.0228078675339	-0.0136545373783	0.0147541655363	-0.035378395399	0.0115065414247	-0.0494844481981	-0.0137687730774	0.0233526768779	-0.069206275895	0.0175258678112	-0.00841540759938	-0.0521132923152	-0.0425380725355	-0.0063144384569	-0.0209810984807	-0.0401361597134	0.03250037546	0.00906356067365	0.0164698391734	0.0817212444611	0.00708039689731	-0.0276486264922	0.00278404983495	-0.0290895285196	-0.0381268708092	0.00503954290799	-0.0262220011746	1.0	0.00892651248183	0.0917153299057	-0.0366430552437	-0.0543368477847	0.0193776032538	0.0225164304726	-0.00023800843905	-0.0411241969616	-0.016722668942	-0.00911132098091	-0.0155367068183	-0.042821856979	0.0326832408062	-0.0225304131374	0.000865054186338	-0.0416624124227	-0.0259328274741	0.0457639770824	-0.0201386051346	0.0476540351796	-0.0915929915862	-0.00113241865352	-0.00270946650998	-0.00766886604401	-0.0708361478634	-0.0130131752186	0.0250125897578	-0.000435058949249	-0.0206661091533	0.0104106766224	-0.0104686881345
k__Bacteria;p__Bacteroidetes;c__Bacteroidia;o__Bacteroidales;f__Porphyromonadaceae;g__Parabacteroides;s__Parabacteroides_johnsonii	0.000442962958753	-0.0274616497302	-0.0199277516403	0.0317813445099	0.0186159692641	-0.0128818648319	0.00638065713168	0.0408664444514	0.0493562196205	-0.0200976957373	0.0370670309833	0.0430605330621	-0.0120071349981	0.00228611826159	-0.0165345266445	0.0380882823979	-0.0163627378594	-0.0722934650604	-0.0258023485004	-0.00918742783531	0.0316687548401	-0.014065238126	0.0215584554222	0.0647908437534	-0.0275987807062	-0.00760076291117	0.0093597450739	0.00892651248183	1.0	-0.0305053501443	0.00868264849002	-0.0619474305731	0.0225869232713	-0.0176474971417	0.0603577819922	0.0129096809748	-0.0283856278176	0.0217602233991	-0.0528480924763	0.014040844845	0.0192360616324	-0.0461816215365	-0.0169189360903	-0.0572801666279	-0.0549214942574	0.0175216055065	-0.00772439932473	-0.0304203914429	0.0323006256558	-0.0799655899746	-0.0103166280028	-0.0521492259238	-0.0212869131864	0.0125523132479	-0.0226929393951	0.00764749477035	-0.00656548763928	0.00976064130594	-0.0402826374418
