#taxonomy	k__Bacteria;p__Bacteroidetes;c__Bacteroidia;o__Bacteroidales;f__Bacteroidaceae;g__Bacteroides;s__Bacteroides_vulgatus	k__Bacteria;p__Bacteroidetes;c__Bacteroidia;o__Bacteroidales;f__Bacteroidaceae;g__Bacteroides;s__Bacteroides_uniformis	k__Bacteria;p__Bacteroidetes;c__Bacteroidia;o__Bacteroidales;f__Rikenellaceae;g__Alistipes;s__Alistipes_putredinis	k__Bacteria;p__Bacteroidetes;c__Bacteroidia;o__Bacteroidales;f__Prevotellaceae;g__Prevotella;s__Prevotella_copri	k__Bacteria;p__Bacteroidetes;c__Bacteroidia;o__Bacteroidales;f__Bacteroidaceae;g__Bacteroides;s__Bacteroides_stercoris	k__Bacteria;p__Bacteroidetes;c__Bacteroidia;o__Bacteroidales;f__Bacteroidaceae;g__Bacteroides;s__Bacteroides_ovatus	k__Bacteria;p__Bacteroidetes;c__Bacteroidia;o__Bacteroidales;f__Rikenellaceae;g__Alistipes;s__Alistipes_shahii	k__Bacteria;p__Firmicutes;c__Clostridia;o__Clostridiales;f__Ruminococcaceae;g__Faecalibacterium;s__Faecalibacterium_prausnitzii	k__Bacteria;p__Bacteroidetes;c__Bacteroidia;o__Bacteroidales;f__Rikenellaceae;g__Alistipes;s__Alistipes_finegoldii	k__Bacteria;p__Bacteroidetes;c__Bacteroidia;o__Bacteroidales;f__Porphyromonadaceae;g__Parabacteroides;s__Parabacteroides_distasonis	k__Bacteria;p__Bacteroidetes;c__Bacteroidia;o__Bacteroidales;f__Bacteroidaceae;g__Bacteroides;s__Bacteroides_thetaiotaomicron	k__Bacteria;p__Bacteroidetes;c__Bacteroidia;o__Bacteroidales;f__Bacteroidaceae;g__Bacteroides;s__Bacteroides_coprocola	k__Bacteria;p__Bacteroidetes;c__Bacteroidia;o__Bacteroidales;f__Bacteroidaceae;g__Bacteroides;s__Bacteroides_cellulosilyticus	k__Bacteria;p__Bacteroidetes;c__Bacteroidia;o__Bacteroidales;f__Rikenellaceae;g__Alistipes;s__Alistipes_obesi	k__Bacteria;p__Firmicutes;c__Clostridia;o__Clostridiales;f__Lachnospiraceae;g__;s__[Eubacterium]_rectale	k__Bacteria;p__Bacteroidetes;c__Bacteroidia;o__Bacteroidales;f__Bacteroidaceae;g__Bacteroides;s__Bacteroides_plebeius	k__Bacteria;p__Bacteroidetes;c__Bacteroidia;o__Bacteroidales;f__Bacteroidaceae;g__Bacteroides;s__Bacteroides_fragilis	k__Bacteria;p__Proteobacteria;c__Betaproteobacteria;o__Burkholderiales;f__Sutterellaceae;g__Sutterella;s__Sutterella_wadsworthensis	k__Bacteria;p__Bacteroidetes;c__Bacteroidia;o__Bacteroidales;f__Porphyromonadaceae;g__Barnesiella;s__Barnesiella_intestinihominis	k__Bacteria;p__Bacteroidetes;c__Bacteroidia;o__Bacteroidales;f__Odoribacteraceae;g__Odoribacter;s__Odoribacter_splanchnicus	k__Bacteria;p__Bacteroidetes;c__Bacteroidia;o__Bacteroidales;f__Bacteroidaceae;g__Bacteroides;s__Bacteroides_salyersiae	k__Bacteria;p__Firmicutes;c__Clostridia;o__Clostridiales;f__Ruminococcaceae;g__Ruminiclostridium;s__[Eubacterium]_siraeum	k__Bacteria;p__Proteobacteria;c__Betaproteobacteria;o__Burkholderiales;f__Sutterellaceae;g__Parasutterella;s__Parasutterella_excrementihominis	k__Bacteria;p__Actinobacteria;c__Actinobacteria;o__Bifidobacteriales;f__Bifidobacteriaceae;g__Bifidobacterium;s__Bifidobacterium_adolescentis	k__Bacteria;p__Firmicutes;c__Clostridia;o__Clostridiales;f__Oscillospiraceae;g__Oscillibacter;s__Oscillibacter_sp._KLE_1745	k__Bacteria;p__Bacteroidetes;c__Bacteroidia;o__Bacteroidales;f__Bacteroidaceae;g__Bacteroides;s__Bacteroides_coprophilus	k__Bacteria;p__Firmicutes;c__Clostridia;o__Clostridiales;f__Lachnospiraceae;g__Roseburia;s__Roseburia_intestinalis	k__Bacteria;p__Firmicutes;c__Clostridia;o__Clostridiales;f__Lachnospiraceae;g__Roseburia;s__Roseburia_hominis	k__Bacteria;p__Bacteroidetes;c__Bacteroidia;o__Bacteroidales;f__Porphyromonadaceae;g__Parabacteroides;s__Parabacteroides_johnsonii	k__Bacteria;p__Actinobacteria;c__Actinobacteria;o__Bifidobacteriales;f__Bifidobacteriaceae;g__Bifidobacterium;s__Bifidobacterium_longum	k__Bacteria;p__Firmicutes;c__Clostridia;o__Clostridiales;f__;g__Flavonifractor;s__Flavonifractor_plautii	k__Bacteria;p__Firmicutes;c__Clostridia;o__Clostridiales;f__Clostridiaceae;g__Clostridium;s__Clostridium_phoceensis	k__Bacteria;p__Verrucomicrobia;c__Verrucomicrobiae;o__Verrucomicrobiales;f__Akkermansiaceae;g__Akkermansia;s__Akkermansia_muciniphila	k__Bacteria;p__Bacteroidetes;c__Bacteroidia;o__Bacteroidales;f__Prevotellaceae;g__Paraprevotella;s__Paraprevotella_xylaniphila	k__Bacteria;p__Firmicutes;c__Clostridia;o__Clostridiales;f__Ruminococcaceae;g__Ruminococcus;s__Ruminococcus_callidus	k__Bacteria;p__Bacteroidetes;c__Bacteroidia;o__Bacteroidales;f__Rikenellaceae;g__Alistipes;s__Alistipes_senegalensis	k__Bacteria;p__Firmicutes;c__Clostridia;o__Clostridiales;f__Lachnospiraceae;g__Blautia;s__Blautia_sp._KLE_1732	k__Bacteria;p__Bacteroidetes;c__Bacteroidia;o__Bacteroidales;f__Bacteroidaceae;g__Bacteroides;s__Bacteroides_oleiciplenus	k__Bacteria;p__Firmicutes;c__Clostridia;o__Clostridiales;f__Ruminococcaceae;g__Ruminococcus;s__Ruminococcus_bicirculans	k__Bacteria;p__Bacteroidetes;c__Bacteroidia;o__Bacteroidales;f__Bacteroidaceae;g__Bacteroides;s__Bacteroides_fluxus	k__Bacteria;p__Bacteroidetes;c__Bacteroidia;o__Bacteroidales;f__Prevotellaceae;g__Prevotella;s__Prevotella_stercorea	k__Bacteria;p__Firmicutes;c__Clostridia;o__Clostridiales;f__Lachnospiraceae;g__Dorea;s__Dorea_longicatena	k__Bacteria;p__Firmicutes;c__Clostridia;o__Clostridiales;f__Eubacteriaceae;g__Eubacterium;s__[Eubacterium]_eligens	k__Bacteria;p__Firmicutes;c__Clostridia;o__Clostridiales;f__Ruminococcaceae;g__;s__Ruminococcaceae_bacterium_D16	k__Bacteria;p__Firmicutes;c__Clostridia;o__Clostridiales;f__Lachnospiraceae;g__Coprococcus;s__Coprococcus_comes	k__Bacteria;p__Proteobacteria;c__Gammaproteobacteria;o__Enterobacterales;f__Enterobacteriaceae;g__Escherichia;s__Escherichia_coli	k__Bacteria;p__Firmicutes;c__Clostridia;o__Clostridiales;f__Ruminococcaceae;g__Anaerotruncus;s__Anaerotruncus_colihominis	k__Bacteria;p__Firmicutes;c__Clostridia;o__Clostridiales;f__Lachnospiraceae;g__Blautia;s__Blautia_obeum	k__Bacteria;p__Bacteroidetes;c__Bacteroidia;o__Bacteroidales;f__Odoribacteraceae;g__Odoribacter;s__Odoribacter_laneus	k__Bacteria;p__Firmicutes;c__Clostridia;o__Clostridiales;f__Ruminococcaceae;g__Ruminiclostridium;s__[Clostridium]_leptum	k__Bacteria;p__Bacteroidetes;c__Bacteroidia;o__Bacteroidales;f__Porphyromonadaceae;g__Parabacteroides;s__Parabacteroides_goldsteinii	k__Bacteria;p__Firmicutes;c__Clostridia;o__Clostridiales;f__Lachnospiraceae;g__Anaerostipes;s__Anaerostipes_hadrus	k__Bacteria;p__Firmicutes;c__Clostridia;o__Clostridiales;f__Ruminococcaceae;g__Ruminococcus;s__Ruminococcus_lactaris	k__Bacteria;p__Firmicutes;c__Clostridia;o__Clostridiales;f__Clostridiaceae;g__Clostridium;s__Clostridium_sp._L2-50	k__Bacteria;p__Firmicutes;c__Clostridia;o__Clostridiales;f__Clostridiaceae;g__Clostridium;s__Clostridium_sp._M62/1	k__Bacteria;p__Firmicutes;c__Clostridia;o__Clostridiales;f__;g__Intestinimonas;s__Intestinimonas_butyriciproducens	k__Bacteria;p__Actinobacteria;c__Actinobacteria;o__Bifidobacteriales;f__Bifidobacteriaceae;g__Bifidobacterium;s__Bifidobacterium_bifidum	k__Bacteria;p__Firmicutes;c__Negativicutes;o__Veillonellales;f__Veillonellaceae;g__Dialister;s__Dialister_invisus	k__Bacteria;p__Bacteroidetes;c__Bacteroidia;o__Bacteroidales;f__Bacteroidaceae;g__Bacteroides;s__Bacteroides_salanitronis
k__Bacteria;p__Bacteroidetes;c__Bacteroidia;o__Bacteroidales;f__Bacteroidaceae;g__Bacteroides;s__Bacteroides_vulgatus	1.0	-0.0519489219605	-0.00783916869096	-0.0587634526688	0.0277854935588	-0.00729456930135	0.0255184633188	-0.00777599372241	0.0555444903896	-0.00144880641239	0.020744460121	0.00636527622426	-0.0242708597554	-0.0292923001458	0.00321072532324	-0.0291324465074	-0.0267383525027	-0.0653474303035	-0.0510315828931	0.0229447648961	-0.00564046188004	-0.0140551348851	-0.0148585637001	0.013740839429	0.011268267757	-0.00512489070056	0.0385560245249	-0.0128035755523	-0.00456451865121	0.00742855845552	-0.024484438816	-0.0673743338044	0.00103978518996	0.00837685045997	0.0138872698811	-0.00857142955699	-0.0153908333957	-0.0213280787108	-0.0492156767808	0.0115813865007	-0.0405484014095	-0.0291451957757	0.0285722130443	0.0589480634988	0.0360983367696	-0.0877393788933	0.00495716469362	-0.0421077311759	-0.0193018832648	-0.00954506909365	0.0673953300627	-0.000817420258933	-0.0205813328896	-0.000974301174728	-0.0608057633629	-0.00226684790908	0.0266765976988	0.000851066133531	-0.0474813848147
k__Bacteria;p__Bacteroidetes;c__Bacteroidia;o__Bacteroidales;f__Bacteroidaceae;g__Bacteroides;s__Bacteroides_uniformis	-0.0519489219605	1.0	-0.0276815715097	-0.0440994761456	0.0379319614271	0.0441016020748	0.00965253126032	0.0248979069221	-0.00285537891812	0.0222395798771	-0.00652906376996	-0.0122866618312	-0.0161828810749	-0.06320536786	-0.0338726473653	0.00381663107365	-0.0720407998272	-0.0155052472033	0.0219198125481	-0.0301082512727	0.0440359500108	-0.0065204355725	0.00502817156519	-0.0563708436112	0.0272450081034	-0.0192060238392	-0.0589761617104	-0.00753453387315	0.0263457776148	-6.65928166395e-06	0.00302574902971	0.0300449288189	-0.00138300409318	-0.0856879391385	-0.0258430973021	-0.0349921833745	0.0265497343264	-0.00895899843355	0.00943084053517	0.00228268826221	0.00216520461948	-0.051986205952	0.0497356046683	-0.0140924522542	-0.0302417602099	-0.0299692101983	0.0355498978883	0.0307084817664	0.00223007460604	-0.0573192212771	0.0522890016727	-0.0735776306228	-0.032804071115	0.00126818286253	0.0402790008646	-0.0394344311298	-0.0188774384848	0.0103563586302	0.0238554000918
k__Bacteria;p__Bacteroidetes;c__Bacteroidia;o__Bacteroidales;f__Rikenellaceae;g__Alistipes;s__Alistipes_putredinis	-0.00783916869096	-0.0276815715097	1.0	-0.0139487346113	0.00522045396375	-0.0300875843017	0.0167272191372	-0.0114428006603	-0.0204856261092	0.0290778748417	0.0442865274569	-0.0341743466228	-0.00362054055813	-0.0140230792535	0.0250279880569	0.0913030378903	0.00877362133318	-0.0362524086926	-0.0153672558527	-0.0602479377664	0.0264116464667	-0.0351157924341	0.0129568516868	-0.0359153911549	0.0171278025268	-0.0264960599794	-0.0288889117411	0.000975246039355	0.0838800411794	-1.13820994528e-05	-0.0197770633688	-0.0421663262938	0.0429946497136	-0.0647981877564	0.0356057721191	0.00985334512457	-0.0371116475589	-0.0594987011156	-0.0229348584502	0.0518892273787	0.014995238607	-0.0190534479654	0.00212610519505	0.0190671796858	-0.00820183668733	0.00873897638842	0.00585206220054	0.000350765722153	0.00493504340107	-0.0116609945578	-0.0737747227718	-0.0371879320037	-0.0574294109024	-0.0456233363155	0.0130486035567	0.00472268349843	0.0575608294822	0.034449464914	-0.0351552057186
k__Bacteria;p__Bacteroidetes;c__Bacteroidia;o__Bacteroidales;f__Prevotellaceae;g__Prevotella;s__Prevotella_copri	-0.0587634526688	-0.0440994761456	-0.0139487346113	1.0	-0.015759992232	0.00281041017682	-0.0112298293884	0.0128026831249	0.0380251987097	0.0411609986034	-0.0165573671025	0.00222255489299	-0.0472566331433	-0.0334647419859	-0.0435730602236	0.0157421060328	0.046050590311	0.0618769066648	-0.0219075781845	0.0153638068229	-0.0297981106776	0.021412603444	0.0101767107903	-0.00445457786698	0.00855415387987	-0.0451487593245	-0.0240407753036	-0.0169807573584	-0.0546140281689	0.0296035892708	-0.00336884588616	0.0412036525984	-0.0490512042762	-0.043069400404	0.0382122820047	0.0157974251127	0.0287642645067	-0.0278733788297	-0.00860806083067	-0.021415404298	0.00221810971789	-0.00247987116218	-0.0346800303475	-0.0166986992356	0.0279347794946	0.011428415797	-0.0444999956775	-0.0164338240771	-0.010028222833	0.0529115675479	-0.0354802844255	-0.0791830289137	-0.0277280652719	-0.0533964724804	0.0288538027955	-0.0161396772557	0.0118105667833	-0.0340955185058	0.0698114158067
k__Bacteria;p__Bacteroidetes;c__Bacteroidia;o__Bacteroidales;f__Bacteroidaceae;g__Bacteroides;s__Bacteroides_stercoris	0.0277854935588	0.0379319614271	0.00522045396375	-0.015759992232	1.0	0.0288155211551	-0.00492047325429	-0.0111083080213	-0.0302126839695	-0.0177209058633	-0.0411212374728	-0.0168257724609	0.0215193526825	-0.00959809393617	0.0350235648934	-0.00236844403582	-0.00628426015348	-0.0450093730751	0.000658657431738	-0.00958827888248	0.00603607172692	0.0270427136961	0.00770197703795	-0.0452908474678	-0.0395954310376	0.0164437638191	-0.031014146626	-0.0192906148759	-0.0146074421904	-0.0187076576107	0.0247180272928	0.006461249978	0.0162875725391	-0.0616812708316	0.0288030312125	0.00777925954206	-0.01591715068	0.00824080915366	0.0240051447161	0.00613600178154	-0.028602063214	-0.0018956267506	-0.00757274950764	-0.01694831535	0.00243906390112	-0.0197912025003	0.023140042107	0.00965435214373	-0.00666551152502	0.00226962779769	-0.0528940037475	0.0142720825997	-0.0431269843399	-0.000449858818339	0.0192031520691	-0.014591309024	0.0205464998467	0.00567437670343	0.00563517770864
k__Bacteria;p__Bacteroidetes;c__Bacteroidia;o__Bacteroidales;f__Bacteroidaceae;g__Bacteroides;s__Bacteroides_ovatus	-0.00729456930135	0.0441016020748	-0.0300875843017	0.00281041017682	0.0288155211551	1.0	0.0130738461546	0.0257066587909	0.00240930501647	0.0133222470399	0.0124571461359	0.0266514210705	-0.00761446049188	-0.053136017222	0.000919279329612	-0.0169032505229	-0.0497223870996	-0.107621905336	-0.00919932003446	-0.0401494677652	-0.057328986261	-0.00830585442961	-0.054382134644	-0.0428766207683	-0.0513470215712	0.0251844975532	-0.000700462845016	0.0174101832397	-0.0216640651594	0.0377828971403	0.0233833361714	0.00487952339455	0.0226879522506	0.00373648153573	-0.0280842975333	-0.039829472599	-0.0347625795804	0.0357639483562	0.0691611115013	-0.0647603203121	0.00196612818635	-0.0460591133889	-0.0488974798606	-0.025663568423	0.0139721540898	0.0151668280858	-0.0038748226102	-0.0128884113746	0.047354113408	0.0180890376851	0.060996503501	-0.0587806345059	-0.0274348457816	-0.0137210175892	-0.00240636269864	-0.0314707302867	-0.0267572891612	0.0455717354606	0.00577543873871
k__Bacteria;p__Bacteroidetes;c__Bacteroidia;o__Bacteroidales;f__Rikenellaceae;g__Alistipes;s__Alistipes_shahii	0.0255184633188	0.00965253126032	0.0167272191372	-0.0112298293884	-0.00492047325429	0.0130738461546	1.0	0.0403527290761	-0.0265641694011	-0.0500364197186	-0.0177132755193	-0.000829230674209	0.0107237260036	-0.0365350550594	-0.00669949331112	0.0354597707573	0.0141516538875	-0.0274855551516	-0.00730898256989	-0.0115093158866	-0.0487665165965	-0.040054971819	-0.0476509213413	-0.0172045349075	-0.0144718815528	-0.0494285507463	-0.0318564704368	0.0202001781801	0.0435947364907	-0.0111525482332	-0.0365261785383	0.0189336341693	0.00904932859556	0.0185912782662	0.0299588214864	-0.00883754879357	-0.0391704792579	0.0374997699151	-0.0428250618679	-0.0220525845743	0.0348948902673	-0.00762578372861	-0.013935952235	-0.0357778284873	-0.0378041490719	0.0257659131744	0.0085292749833	0.000654463128	0.0154205934802	0.0183481369895	0.0784492095487	-0.0212757490267	0.00866884359876	-0.0105804302328	0.0169103866089	-0.0495587635745	-0.0408605818051	-0.0458391724192	0.0259434545283
k__Bacteria;p__Firmicutes;c__Clostridia;o__Clostridiales;f__Ruminococcaceae;g__Faecalibacterium;s__Faecalibacterium_prausnitzii	-0.00777599372241	0.0248979069221	-0.0114428006603	0.0128026831249	-0.0111083080213	0.0257066587909	0.0403527290761	1.0	-0.0140562163923	0.0478065772035	-0.00861605966011	0.0168130319656	-0.0178350455363	0.00587008112083	0.0504083981802	-0.0260050067798	0.0340649851866	0.011907998789	-0.0310678866921	-0.0123125255719	-0.0482335357814	-0.00180728929665	0.0492502738343	-0.0689365806204	-0.020519522406	-0.0244225831768	0.00687930758411	0.013544389662	0.000232083195114	-0.0098698572849	-0.0393722049794	0.00186301450404	-0.00566126449451	-0.0145302833243	-0.0135694872683	-0.0318789701083	-0.0213746707931	-0.00600301676391	0.00830519886192	0.0224312716694	-0.0207424551836	-0.0134209112594	0.0723125321023	-0.0440682396945	0.000405792064404	0.0342856013675	-0.0452798112039	0.0694280134245	-0.0331590454135	0.00893000899461	-0.00311190282133	-0.00974125287279	-0.0628744459628	-0.00689411875857	-0.00939232131561	-0.031996957303	-0.0108898689597	0.00776648017671	-0.0461358219556
k__Bacteria;p__Bacteroidetes;c__Bacteroidia;o__Bacteroidales;f__Rikenellaceae;g__Alistipes;s__Alistipes_finegoldii	0.0555444903896	-0.00285537891812	-0.0204856261092	0.0380251987097	-0.0302126839695	0.00240930501647	-0.0265641694011	-0.0140562163923	1.0	0.000194634618162	-0.00647498068504	0.0274003375252	-0.0397280328233	0.000885021836594	-0.0772778724677	0.0465335689107	0.0310624064453	-0.00998658286165	-0.00447703509873	-0.0364129024073	0.0138209058206	-0.000588835524366	-0.0478593109495	-0.0525661014812	-0.0190362136759	0.0338037239031	-0.0127989254804	-0.0048376601385	-0.0119071096152	-0.00314363065583	-0.0530115199001	-0.00984375398721	-0.0238132781757	0.0326100732833	-0.0211020695901	0.0112290956062	-0.0135925219298	0.0615739009164	-0.0357761233194	0.00970858202962	0.0144667293233	0.0224597026615	-0.0143161995015	0.00426518231752	0.00744280580651	-0.0065855340539	-0.0140183108975	-0.0115061867408	-0.00596708791921	0.00100602966754	-0.0401072933428	0.0248407134325	-0.0203141240705	0.00456653182082	-0.0125544423814	-0.0194004997553	0.0196458143309	-0.0194649922508	0.0237091680411
k__Bacteria;p__Bacteroidetes;c__Bacteroidia;o__Bacteroidales;f__Porphyromonadaceae;g__Parabacteroides;s__Parabacteroides_distasonis	-0.00144880641239	0.0222395798771	0.0290778748417	0.0411609986034	-0.0177209058633	0.0133222470399	-0.0500364197186	0.0478065772035	0.000194634618162	1.0	0.0160674858171	0.0549856998701	-0.022906712512	0.00983538928217	-0.00525381408741	0.0761795467527	-0.0242443789232	-0.0478241484523	0.0282594691177	-0.0110847284071	-0.0271669806676	-0.0431278504348	-0.0255015897439	-0.000745214116773	-0.0432431787507	0.02887779751	0.0201925113645	-0.00864380924153	-0.021896046001	0.0056638208982	-0.00852625489052	-0.00826256219119	0.0330765323001	-0.0255518923074	-0.0172013239182	0.00856451655389	-0.00577848198006	-0.016624910116	0.0156705994307	-0.0481316363271	0.0197670601474	-0.0282830531711	0.0177992394471	0.0370392564704	-0.0168559765722	-0.0162410338219	0.00723339484596	0.0244993046577	0.0284393477953	0.0208829589124	-0.0449756608172	-0.0721835117129	-0.00989946921342	0.0336804852558	-0.0331168470917	0.0152474168896	-0.00939196231116	-0.0380689251652	-0.0138985986762
k__Bacteria;p__Bacteroidetes;c__Bacteroidia;o__Bacteroidales;f__Bacteroidaceae;g__Bacteroides;s__Bacteroides_thetaiotaomicron	0.020744460121	-0.00652906376996	0.0442865274569	-0.0165573671025	-0.0411212374728	0.0124571461359	-0.0177132755193	-0.00861605966011	-0.00647498068504	0.0160674858171	1.0	-0.0734392298406	0.014465657689	0.00427072933924	0.0110208098256	0.00785135671418	-0.0217245646283	-0.0060646043006	0.0802080948693	0.0196623715719	0.024560641108	0.0110348618947	-0.0146204246858	-0.0108755669098	-0.00820787537877	-0.0346608972555	0.0145652707236	0.00555512320418	0.000847144059695	0.0220513201954	0.00798260801032	0.0164491599519	-0.0260606026121	0.0152848898306	-0.0532186309064	0.0165469263126	-0.0787131257173	0.00660612787651	-0.0489129789407	-0.00858763571462	-0.0215757998054	0.0124979655364	0.0222835566346	-0.0677611126419	0.00993318907025	-0.0264105330889	-0.0154009418138	-0.0381973874313	-0.0646958633309	0.0434653743694	0.0218993912122	-0.00345727187808	-0.0203751617246	-0.0276163105612	-0.00600095852974	0.00324380247092	-0.0116803976669	0.0253353289726	-0.0217799146117
k__Bacteria;p__Bacteroidetes;c__Bacteroidia;o__Bacteroidales;f__Bacteroidaceae;g__Bacteroides;s__Bacteroides_coprocola	0.00636527622426	-0.0122866618312	-0.0341743466228	0.00222255489299	-0.0168257724609	0.0266514210705	-0.000829230674209	0.0168130319656	0.0274003375252	0.0549856998701	-0.0734392298406	1.0	-0.0370941670889	-0.0407577996807	-0.0507172037348	0.0161852395276	0.0378298326253	-0.0203303241305	0.0129549099896	0.0682194054521	-0.00419477183109	0.0368773212554	0.0199557611399	0.0174243214967	-0.0559518475466	0.0313562921201	0.0364930466362	0.0129669726135	-0.0264450211201	-0.0425834204307	-0.0249935243236	0.0374760331149	-0.0520245963455	-0.0311299418871	0.0557658802098	-0.0316731676831	-0.024035877979	0.0332107038305	-0.0128068503958	-0.00108233622741	0.020718358907	-0.00171976918483	-0.0262439111549	-0.0198534069845	-0.0172751962033	-0.0377161560247	0.0164251925033	0.0251034849687	-0.0298460004827	-0.0164089970465	-0.015299509825	-0.0320935703745	-0.0134099616527	0.0279449652002	0.00169799148095	-0.0246318229064	-0.0455923963691	-0.0287918008785	0.00222126536269
k__Bacteria;p__Bacteroidetes;c__Bacteroidia;o__Bacteroidales;f__Bacteroidaceae;g__Bacteroides;s__Bacteroides_cellulosilyticus	-0.0242708597554	-0.0161828810749	-0.00362054055813	-0.0472566331433	0.0215193526825	-0.00761446049188	0.0107237260036	-0.0178350455363	-0.0397280328233	-0.022906712512	0.014465657689	-0.0370941670889	1.0	0.0207445585241	-0.0288365943585	-0.101147584975	-0.0098413690777	-0.0393842281622	-0.0208462303912	0.0217967193309	-0.0159761547439	-0.0333791503873	-0.0153479693564	0.000989804976081	-0.0196209607592	-0.0294009638549	0.037839388802	-0.0345847001655	-0.0327181025544	-0.0548949170226	-0.019735113844	-0.031323887697	0.0316436550654	0.0571005327701	-0.000327642150677	-0.00364123837049	-0.0181179275501	-0.00974646391437	-0.040654400067	0.00631470573584	-0.0152817576618	0.040803868224	0.0276592376103	0.0392609544506	0.0339118491484	0.0343872227131	-0.00125390045541	-0.0162688683839	0.00727484046398	0.0149448407486	0.023423398839	0.0106051603376	0.0317562783149	-0.0232240198669	-0.00828032896942	-0.037723305546	-0.0119214901901	0.0239082929546	0.0316168211284
k__Bacteria;p__Bacteroidetes;c__Bacteroidia;o__Bacteroidales;f__Rikenellaceae;g__Alistipes;s__Alistipes_obesi	-0.0292923001458	-0.06320536786	-0.0140230792535	-0.0334647419859	-0.00959809393617	-0.053136017222	-0.0365350550594	0.00587008112083	0.000885021836594	0.00983538928217	0.00427072933924	-0.0407577996807	0.0207445585241	1.0	-0.0160902624735	-0.0136052331568	0.0474155022187	-0.0201776264601	-0.0155686168027	0.0269054322565	0.0410909336331	-0.0247126882804	-0.00731652966569	-0.045140105309	0.0582114459249	0.0181619325927	0.0111585457494	0.00835241488172	-0.0123356828536	0.00511945997141	-0.0554651947209	-0.0252185444926	0.00838271607389	0.00892232255167	0.0134786886113	0.00383884882418	-0.01325111559	-0.0238253081684	-0.0416173621887	-0.000678601525866	-0.0278844793337	-0.0196097200129	-0.0122120206904	0.00722809418502	-0.0483723933194	-0.0274067783985	-0.033065760634	0.00216229075331	0.0118769324854	-0.045727887062	0.0293260781385	0.0245931587241	-0.0367625142617	-0.0236902805179	-0.047535419489	0.00712454397002	-0.0607468667354	0.00454032062911	0.0411356273677
k__Bacteria;p__Firmicutes;c__Clostridia;o__Clostridiales;f__Lachnospiraceae;g__;s__[Eubacterium]_rectale	0.00321072532324	-0.0338726473653	0.0250279880569	-0.0435730602236	0.0350235648934	0.000919279329612	-0.00669949331112	0.0504083981802	-0.0772778724677	-0.00525381408741	0.0110208098256	-0.0507172037348	-0.0288365943585	-0.0160902624735	1.0	0.0317482502628	-0.0372910338558	-0.0177738349644	0.04071491779	-0.0655732384431	-0.0406961951141	-0.0134260051812	0.0163128129602	0.0105714155911	-0.0192333953096	-0.00178801249687	0.0329022655977	-0.0432928440116	0.0340533820096	0.0261767884678	0.0614272560031	-0.00802923769873	0.00568993648248	-0.00549414456053	0.0296378756496	-0.0331927493375	-0.0404417855916	0.00426962013947	0.000109614756607	-0.0375648678975	0.0223161504522	-0.0728306860522	-0.0653279602176	-0.0264512175422	-0.0259372253901	-0.0100440221993	0.0167090353023	-0.0568960855959	0.0297244213208	-0.0236854508426	-0.034424656137	0.0293399628138	-0.0261580248559	0.00707600235891	-0.0151270384128	0.00962490538933	0.0324293978242	0.0211366293134	0.0130824117418
k__Bacteria;p__Bacteroidetes;c__Bacteroidia;o__Bacteroidales;f__Bacteroidaceae;g__Bacteroides;s__Bacteroides_plebeius	-0.0291324465074	0.00381663107365	0.0913030378903	0.0157421060328	-0.00236844403582	-0.0169032505229	0.0354597707573	-0.0260050067798	0.0465335689107	0.0761795467527	0.00785135671418	0.0161852395276	-0.101147584975	-0.0136052331568	0.0317482502628	1.0	-0.0272527434444	-0.00190149208038	0.0274638632179	-0.0194881201632	-0.00726662215087	0.0659684244594	-0.0468523928093	0.0200742573628	0.0175171709262	0.0114227522387	0.0401916367975	-0.0108937326914	-0.0275907599462	0.0443075021444	-0.00578878070879	-0.0128342271708	0.0485746632305	-0.0476688419582	0.00647265365119	-0.0414475130689	-0.0094664180444	-0.00648586833643	-0.0143519854506	-0.0196885492211	0.00423876644364	-0.0193765488326	-0.053064430152	-0.0503781574607	-0.0107535098109	-0.0106906469143	0.0253370614742	-0.0729179837365	0.0296649179225	-0.0248092090351	-0.0466385916965	0.0260590774761	-0.0518773436478	-0.00430559288327	0.0188168497158	0.010273600595	-0.0693546486845	-0.0234070427559	-0.0551231416306
k__Bacteria;p__Bacteroidetes;c__Bacteroidia;o__Bacteroidales;f__Bacteroidaceae;g__Bacteroides;s__Bacteroides_fragilis	-0.0267383525027	-0.0720407998272	0.00877362133318	0.046050590311	-0.00628426015348	-0.0497223870996	0.0141516538875	0.0340649851866	0.0310624064453	-0.0242443789232	-0.0217245646283	0.0378298326253	-0.0098413690777	0.0474155022187	-0.0372910338558	-0.0272527434444	1.0	-0.0351255909734	-0.0104398745168	0.0234132014598	0.0103670681554	0.0394184567338	0.000207183391651	0.0369500174027	0.0229845305035	0.0187524785492	0.00549122193025	-0.0433802199136	-0.0291474339316	0.0238801164075	0.0137685664526	-0.0210391752954	-0.0240372739368	-0.00774366759875	-0.00589867030254	-0.0986248168652	-0.00839332760608	-0.00589829870488	-0.0312054290669	0.00465165778446	-0.0544380252291	-0.00113360777709	-0.0154101751038	-0.000666269528704	0.0390407577333	0.0836204068846	-0.0229145792229	-0.0390369793431	0.0352839160041	0.051270275624	-0.0524921636764	-0.0345226679096	-0.0128900199991	-0.0399613761204	0.0277873523947	-0.0347574000583	-0.0509884013212	-0.0226174138681	-0.0225932051159
k__Bacteria;p__Proteobacteria;c__Betaproteobacteria;o__Burkholderiales;f__Sutterellaceae;g__Sutterella;s__Sutterella_wadsworthensis	-0.0653474303035	-0.0155052472033	-0.0362524086926	0.0618769066648	-0.0450093730751	-0.107621905336	-0.0274855551516	0.011907998789	-0.00998658286165	-0.0478241484523	-0.0060646043006	-0.0203303241305	-0.0393842281622	-0.0201776264601	-0.0177738349644	-0.00190149208038	-0.0351255909734	1.0	0.0297882885959	0.0180884996879	0.0429690939111	0.00284490999823	0.0439763613407	-0.0230675245128	-0.0166015977145	-0.00159678194281	-0.0483894476864	-0.0131367630048	0.00553010748689	0.0328874438257	-0.023305583968	-0.0552678719491	-0.0379781250612	0.0448071634543	-0.0578895194036	0.0102883220038	0.00471121649198	0.0519430671375	-0.0543951883905	-0.00379685176309	0.00503617204357	-0.00215818769293	0.00125732347635	0.0741199128917	-0.0132141996423	0.0225371165382	-0.0249081388746	-0.0190732586116	-0.0747277498049	-0.0319467327823	0.000714170342899	-0.0280509538204	-0.0570564598178	0.0154743795977	-0.0516475802105	-0.00706996472361	0.00391871344614	0.000154294889537	0.00460641698932
k__Bacteria;p__Bacteroidetes;c__Bacteroidia;o__Bacteroidales;f__Porphyromonadaceae;g__Barnesiella;s__Barnesiella_intestinihominis	-0.0510315828931	0.0219198125481	-0.0153672558527	-0.0219075781845	0.000658657431738	-0.00919932003446	-0.00730898256989	-0.0310678866921	-0.00447703509873	0.0282594691177	0.0802080948693	0.0129549099896	-0.0208462303912	-0.0155686168027	0.04071491779	0.0274638632179	-0.0104398745168	0.0297882885959	1.0	-0.0339786742681	-0.0108473663005	0.0167390731735	0.0131592394669	0.0240554718696	0.00820939145746	-0.0117938713358	-0.0309968039023	-0.022534057792	-0.0143836711498	0.00440323491664	0.00422467553996	0.0266007481193	-0.0274547786353	-0.0115277240938	-0.0683742889284	0.00760548865458	-0.0677384087479	-0.0167656215567	-0.028674188889	-0.0535626108679	-0.0600143488122	0.0136019005316	-0.0253109302221	0.0227035264633	-0.0245599846689	-0.0146389936249	-0.0157583104251	-0.034026394012	-0.048575172603	0.0501993128684	-0.0475864696551	-0.0511816303112	0.015391380302	-0.0348391111428	0.0241240318495	0.0569121820927	-0.0300249786649	0.0995498049373	0.0322435407064
k__Bacteria;p__Bacteroidetes;c__Bacteroidia;o__Bacteroidales;f__Odoribacteraceae;g__Odoribacter;s__Odoribacter_splanchnicus	0.0229447648961	-0.0301082512727	-0.0602479377664	0.0153638068229	-0.00958827888248	-0.0401494677652	-0.0115093158866	-0.0123125255719	-0.0364129024073	-0.0110847284071	0.0196623715719	0.0682194054521	0.0217967193309	0.0269054322565	-0.0655732384431	-0.0194881201632	0.0234132014598	0.0180884996879	-0.0339786742681	1.0	0.0271590749172	-0.0296264505295	-0.0548901246968	0.00718569603606	0.0331610470274	-0.0566115787701	0.00469053163016	0.0252922349817	0.0321338066464	-3.18851915546e-05	-0.0124064488377	-0.0211072778798	0.0520433336002	-0.0288507685655	0.0281935144368	0.0478242962509	-0.0575960519762	-0.00895421185442	-0.00563421021948	-0.0139462153856	0.0311545211914	-0.00409219871428	-0.0176353080201	0.0863975976053	-0.0231005378143	-0.0130873491293	-0.0612424398782	-0.00658265152839	-0.0668535544619	-0.0493820064094	-0.043856321991	0.00380901341217	0.0597908712899	-0.0744981108555	0.0355165477611	-0.0181829639825	-0.0115907423756	-0.0157349675045	-0.0614997350194
k__Bacteria;p__Bacteroidetes;c__Bacteroidia;o__Bacteroidales;f__Bacteroidaceae;g__Bacteroides;s__Bacteroides_salyersiae	-0.00564046188004	0.0440359500108	0.0264116464667	-0.0297981106776	0.00603607172692	-0.057328986261	-0.0487665165965	-0.0482335357814	0.0138209058206	-0.0271669806676	0.024560641108	-0.00419477183109	-0.0159761547439	0.0410909336331	-0.0406961951141	-0.00726662215087	0.0103670681554	0.0429690939111	-0.0108473663005	0.0271590749172	1.0	-0.00294446385838	-0.0268754730223	-0.0108941443904	-0.00434020429912	0.0695082462386	-0.0307695239939	-0.00565722458964	0.00419257552292	-0.014155076935	-0.0330956890681	-0.0258995344151	0.0268592257785	-0.0415967360289	-0.0531215207655	0.0066019889499	-0.0013341779925	-0.0251880310219	-0.0259182833736	0.0321921407102	0.0585411267712	-0.0616301072013	-0.00948033195594	-0.0534618488763	0.0437188434952	-0.0375717556524	0.044795250161	0.0189738701097	0.0185907243203	-0.0441477682358	-0.0708438159264	-0.00900085785192	-0.0326720710149	0.0174548993096	-0.0186099794361	0.0226282312873	0.0512614059753	0.0532590427145	-0.00722195937448
k__Bacteria;p__Firmicutes;c__Clostridia;o__Clostridiales;f__Ruminococcaceae;g__Ruminiclostridium;s__[Eubacterium]_siraeum	-0.0140551348851	-0.0065204355725	-0.0351157924341	0.021412603444	0.0270427136961	-0.00830585442961	-0.040054971819	-0.00180728929665	-0.000588835524366	-0.0431278504348	0.0110348618947	0.0368773212554	-0.0333791503873	-0.0247126882804	-0.0134260051812	0.0659684244594	0.0394184567338	0.00284490999823	0.0167390731735	-0.0296264505295	-0.00294446385838	1.0	-0.0164834212174	-0.00492762932198	-0.0186110969995	-0.0484782695132	0.0272530377913	-0.0377388515966	0.00801213897694	0.0691654566351	-0.0692358404389	-0.0210349833705	-0.0255697803977	0.0130325317363	0.0148246017501	-0.0227369921913	-0.0187652517952	-0.0722390446343	-0.0370321916442	-0.0408284927185	-0.0592284891493	-0.0282963953963	-0.0185680525231	-0.0325468850476	0.0217731479487	-0.0296648897963	-0.0202097282267	-0.0174613864891	-0.00762606028085	-0.00164285111604	0.0261037511401	0.0018762055737	0.0444282977653	0.0234478123038	0.011194835637	0.0704074809449	0.0585710642974	-0.0411176832517	-0.0140991088171
k__Bacteria;p__Proteobacteria;c__Betaproteobacteria;o__Burkholderiales;f__Sutterellaceae;g__Parasutterella;s__Parasutterella_excrementihominis	-0.0148585637001	0.00502817156519	0.0129568516868	0.0101767107903	0.00770197703795	-0.054382134644	-0.0476509213413	0.0492502738343	-0.0478593109495	-0.0255015897439	-0.0146204246858	0.0199557611399	-0.0153479693564	-0.00731652966569	0.0163128129602	-0.0468523928093	0.000207183391651	0.0439763613407	0.0131592394669	-0.0548901246968	-0.0268754730223	-0.0164834212174	1.0	-0.0125974436668	-0.0147974015664	-0.0539802326766	-0.0558498962279	0.0246304249974	0.0274327577889	0.0339757587941	0.0182955666194	-0.0438722683779	-0.0183397534031	-0.0339060805512	-0.0327218926923	0.0536681568027	-0.0601270823497	-0.0311986468943	-0.0373315499552	-0.0171323120652	-0.033150249526	-0.0239149865234	-0.00731832311729	-0.00053370115538	0.00257064792351	-0.0572737656774	0.0209566801263	-0.0138895951759	0.0137453630293	0.0324779894689	0.0378129692505	0.00767213321124	0.0123231603037	-0.0129073371594	0.0296000617712	0.0389872429595	-0.0422840763359	-0.0273516301498	0.0165826004452
k__Bacteria;p__Actinobacteria;c__Actinobacteria;o__Bifidobacteriales;f__Bifidobacteriaceae;g__Bifidobacterium;s__Bifidobacterium_adolescentis	0.013740839429	-0.0563708436112	-0.0359153911549	-0.00445457786698	-0.0452908474678	-0.0428766207683	-0.0172045349075	-0.0689365806204	-0.0525661014812	-0.000745214116773	-0.0108755669098	0.0174243214967	0.000989804976081	-0.045140105309	0.0105714155911	0.0200742573628	0.0369500174027	-0.0230675245128	0.0240554718696	0.00718569603606	-0.0108941443904	-0.00492762932198	-0.0125974436668	1.0	0.056074579214	-0.0226575343311	0.0014842874948	-0.0050362809699	0.0273430193956	0.00126278521973	0.0403840491906	-0.0557191340871	-0.0136154526117	-0.0319071088304	0.000272429656362	0.0298158093787	-0.00667500847156	-0.0356475019333	0.0270748635201	0.0130406293736	0.0468849927063	0.0191928423708	0.0280829880601	-0.0390379004539	0.028209901057	-0.0194239010279	0.0254145993248	-0.0373019983026	0.037230917328	-0.0597770748335	-0.0238341056814	-0.0308744128117	-0.0611449105733	-0.00386595997216	-0.0124373015578	-0.0288331055845	-0.0677527738026	-0.0115399684896	0.019951616598
k__Bacteria;p__Firmicutes;c__Clostridia;o__Clostridiales;f__Oscillospiraceae;g__Oscillibacter;s__Oscillibacter_sp._KLE_1745	0.011268267757	0.0272450081034	0.0171278025268	0.00855415387987	-0.0395954310376	-0.0513470215712	-0.0144718815528	-0.020519522406	-0.0190362136759	-0.0432431787507	-0.00820787537878	-0.0559518475466	-0.0196209607592	0.0582114459249	-0.0192333953096	0.0175171709262	0.0229845305035	-0.0166015977145	0.00820939145746	0.0331610470274	-0.00434020429912	-0.0186110969995	-0.0147974015664	0.056074579214	1.0	0.034253211982	-0.00990810571884	-0.0753282936059	0.0193699344805	-0.00612750669773	0.0418611671574	0.034529000075	-0.00137137012092	-0.00552997624268	-0.00651943040175	-0.00733356884899	0.0151759061736	-0.0461315328986	0.000713634895055	-0.0169928558343	-0.0544012111385	-0.000312754488529	-0.0099944104499	-0.0167286681509	-0.00724068691083	-0.044432988383	0.0348016559438	0.0574524261669	-0.0364162619282	0.0072500169838	-0.00577170354657	-0.00335210372011	-0.0314735663692	0.0358038360866	-0.0601488297843	0.014544572716	0.000137935537912	-0.0577309630442	0.0497886825957
k__Bacteria;p__Bacteroidetes;c__Bacteroidia;o__Bacteroidales;f__Bacteroidaceae;g__Bacteroides;s__Bacteroides_coprophilus	-0.00512489070056	-0.0192060238392	-0.0264960599794	-0.0451487593245	0.0164437638191	0.0251844975532	-0.0494285507463	-0.0244225831768	0.0338037239031	0.02887779751	-0.0346608972555	0.0313562921201	-0.0294009638549	0.0181619325927	-0.00178801249687	0.0114227522387	0.0187524785492	-0.00159678194281	-0.0117938713358	-0.0566115787701	0.0695082462386	-0.0484782695132	-0.0539802326766	-0.0226575343311	0.034253211982	1.0	-0.0384694502223	-0.0095853363385	-0.0479820682115	-0.0457004628006	0.037447984925	-0.00465713491018	0.006329260164	0.0939471873155	-0.0493439789898	-0.0252677388185	0.0426395676425	-0.0194826648907	-0.0254571898445	0.041578438932	-0.0561863558341	-0.00604805532628	-0.020319224049	-0.0320984754637	-0.0855439950383	-0.0331057903763	0.0211638304324	0.0145625323997	-0.0518946948595	-0.0707597693772	0.00203580723055	0.0369651188819	0.0193363639765	-0.0338818491112	0.0526999034192	-0.044636402349	0.00450475212614	-0.0181363103487	-0.0308813463345
k__Bacteria;p__Firmicutes;c__Clostridia;o__Clostridiales;f__Lachnospiraceae;g__Roseburia;s__Roseburia_intestinalis	0.0385560245249	-0.0589761617104	-0.0288889117411	-0.0240407753036	-0.031014146626	-0.000700462845016	-0.0318564704368	0.00687930758411	-0.0127989254804	0.0201925113645	0.0145652707236	0.0364930466362	0.037839388802	0.0111585457494	0.0329022655977	0.0401916367975	0.00549122193025	-0.0483894476864	-0.0309968039023	0.00469053163016	-0.0307695239939	0.0272530377913	-0.0558498962279	0.0014842874948	-0.00990810571884	-0.0384694502223	1.0	-0.0382159073345	0.0606637097418	-0.0120943044127	-0.0389643158515	0.0041176028297	0.00653861582661	0.0658042128264	0.00394902829014	0.0185648202162	-0.035878523018	0.0417506876288	-0.0421715836224	0.0518509277612	0.0176297968195	-0.00778783317265	-0.0276572361002	0.00986220309341	-0.00619632006416	-0.0175769743204	-0.0054984968528	-0.0439397809156	-0.0547545513713	0.00242082953185	-0.0348684217345	-0.0311126271761	0.00834947167494	0.000168740798038	-0.0419712532125	-0.0387901997368	0.0459976956331	-0.0434347251409	-0.0310527440186
k__Bacteria;p__Firmicutes;c__Clostridia;o__Clostridiales;f__Lachnospiraceae;g__Roseburia;s__Roseburia_hominis	-0.0128035755523	-0.00753453387315	0.000975246039355	-0.0169807573584	-0.0192906148759	0.0174101832397	0.0202001781801	0.013544389662	-0.0048376601385	-0.00864380924153	0.00555512320418	0.0129669726135	-0.0345847001655	0.00835241488172	-0.0432928440116	-0.0108937326914	-0.0433802199136	-0.0131367630048	-0.022534057792	0.0252922349817	-0.00565722458964	-0.0377388515966	0.0246304249974	-0.0050362809699	-0.0753282936059	-0.0095853363385	-0.0382159073345	1.0	-0.0119482849446	-0.00119450987478	0.00886295329486	0.0187321243854	0.0565681452352	0.00137398294372	-0.0188658395798	0.00178112829383	0.0572668882988	0.0466806258734	-0.0410395038531	0.00244725216472	0.000389492631064	0.0253095589756	-0.0551296544875	-0.0258449748332	-0.0218584732363	-0.0103660689685	-0.0229415978499	-0.0345998691228	-0.0599620478243	0.016023676627	-0.00972143481812	0.048377385444	0.00606782759938	-0.0155002407134	-0.040824459825	-0.00511462882051	0.0101739857391	-0.0110567214411	-0.0155391886688
k__Bacteria;p__Bacteroidetes;c__Bacteroidia;o__Bacteroidales;f__Porphyromonadaceae;g__Parabacteroides;s__Parabacteroides_johnsonii	-0.00456451865121	0.0263457776148	0.0838800411794	-0.0546140281689	-0.0146074421904	-0.0216640651594	0.0435947364907	0.000232083195114	-0.0119071096152	-0.021896046001	0.000847144059695	-0.0264450211201	-0.0327181025544	-0.0123356828536	0.0340533820096	-0.0275907599462	-0.0291474339316	0.00553010748689	-0.0143836711498	0.0321338066464	0.00419257552292	0.00801213897694	0.0274327577889	0.0273430193956	0.0193699344805	-0.0479820682115	0.0606637097418	-0.0119482849446	1.0	-0.019955366928	0.00192321726683	0.00586566605866	-0.00987984217165	-0.0678115747795	-0.0364235161597	-0.0231164440212	-0.0467186056614	0.0150510181445	-0.0333757251972	0.00658727677936	-0.0243846017347	-0.048376104084	-0.0195563144711	1.34598349583e-05	-0.0160611001231	-0.0221601499498	0.0528357113205	-0.0013399288474	2.65626690674e-05	-0.0218662315408	0.00815374142938	-0.00677224987254	0.0603086597939	-0.000716539794073	-0.00886498106504	-0.011505087104	0.00389071779624	-0.01297953864	-0.0444281111192
