#taxonomy	k__Bacteria;p__Bacteroidetes;c__Bacteroidia;o__Bacteroidales;f__Bacteroidaceae;g__Bacteroides;s__Bacteroides_vulgatus	k__Bacteria;p__Bacteroidetes;c__Bacteroidia;o__Bacteroidales;f__Bacteroidaceae;g__Bacteroides;s__Bacteroides_uniformis	k__Bacteria;p__Bacteroidetes;c__Bacteroidia;o__Bacteroidales;f__Rikenellaceae;g__Alistipes;s__Alistipes_putredinis	k__Bacteria;p__Bacteroidetes;c__Bacteroidia;o__Bacteroidales;f__Prevotellaceae;g__Prevotella;s__Prevotella_copri	k__Bacteria;p__Bacteroidetes;c__Bacteroidia;o__Bacteroidales;f__Bacteroidaceae;g__Bacteroides;s__Bacteroides_stercoris	k__Bacteria;p__Bacteroidetes;c__Bacteroidia;o__Bacteroidales;f__Bacteroidaceae;g__Bacteroides;s__Bacteroides_ovatus	k__Bacteria;p__Bacteroidetes;c__Bacteroidia;o__Bacteroidales;f__Rikenellaceae;g__Alistipes;s__Alistipes_shahii	k__Bacteria;p__Firmicutes;c__Clostridia;o__Clostridiales;f__Ruminococcaceae;g__Faecalibacterium;s__Faecalibacterium_prausnitzii	k__Bacteria;p__Bacteroidetes;c__Bacteroidia;o__Bacteroidales;f__Rikenellaceae;g__Alistipes;s__Alistipes_finegoldii	k__Bacteria;p__Bacteroidetes;c__Bacteroidia;o__Bacteroidales;f__Porphyromonadaceae;g__Parabacteroides;s__Parabacteroides_distasonis	k__Bacteria;p__Bacteroidetes;c__Bacteroidia;o__Bacteroidales;f__Bacteroidaceae;g__Bacteroides;s__Bacteroides_thetaiotaomicron	k__Bacteria;p__Bacteroidetes;c__Bacteroidia;o__Bacteroidales;f__Bacteroidaceae;g__Bacteroides;s__Bacteroides_coprocola	k__Bacteria;p__Bacteroidetes;c__Bacteroidia;o__Bacteroidales;f__Bacteroidaceae;g__Bacteroides;s__Bacteroides_cellulosilyticus	k__Bacteria;p__Bacteroidetes;c__Bacteroidia;o__Bacteroidales;f__Rikenellaceae;g__Alistipes;s__Alistipes_obesi	k__Bacteria;p__Firmicutes;c__Clostridia;o__Clostridiales;f__Lachnospiraceae;g__;s__[Eubacterium]_rectale	k__Bacteria;p__Bacteroidetes;c__Bacteroidia;o__Bacteroidales;f__Bacteroidaceae;g__Bacteroides;s__Bacteroides_plebeius	k__Bacteria;p__Bacteroidetes;c__Bacteroidia;o__Bacteroidales;f__Bacteroidaceae;g__Bacteroides;s__Bacteroides_fragilis	k__Bacteria;p__Proteobacteria;c__Betaproteobacteria;o__Burkholderiales;f__Sutterellaceae;g__Sutterella;s__Sutterella_wadsworthensis	k__Bacteria;p__Bacteroidetes;c__Bacteroidia;o__Bacteroidales;f__Porphyromonadaceae;g__Barnesiella;s__Barnesiella_intestinihominis	k__Bacteria;p__Bacteroidetes;c__Bacteroidia;o__Bacteroidales;f__Odoribacteraceae;g__Odoribacter;s__Odoribacter_splanchnicus	k__Bacteria;p__Bacteroidetes;c__Bacteroidia;o__Bacteroidales;f__Bacteroidaceae;g__Bacteroides;s__Bacteroides_salyersiae	k__Bacteria;p__Firmicutes;c__Clostridia;o__Clostridiales;f__Ruminococcaceae;g__Ruminiclostridium;s__[Eubacterium]_siraeum	k__Bacteria;p__Proteobacteria;c__Betaproteobacteria;o__Burkholderiales;f__Sutterellaceae;g__Parasutterella;s__Parasutterella_excrementihominis	k__Bacteria;p__Actinobacteria;c__Actinobacteria;o__Bifidobacteriales;f__Bifidobacteriaceae;g__Bifidobacterium;s__Bifidobacterium_adolescentis	k__Bacteria;p__Firmicutes;c__Clostridia;o__Clostridiales;f__Oscillospiraceae;g__Oscillibacter;s__Oscillibacter_sp._KLE_1745	k__Bacteria;p__Bacteroidetes;c__Bacteroidia;o__Bacteroidales;f__Bacteroidaceae;g__Bacteroides;s__Bacteroides_coprophilus	k__Bacteria;p__Firmicutes;c__Clostridia;o__Clostridiales;f__Lachnospiraceae;g__Roseburia;s__Roseburia_intestinalis	k__Bacteria;p__Firmicutes;c__Clostridia;o__Clostridiales;f__Lachnospiraceae;g__Roseburia;s__Roseburia_hominis	k__Bacteria;p__Bacteroidetes;c__Bacteroidia;o__Bacteroidales;f__Porphyromonadaceae;g__Parabacteroides;s__Parabacteroides_johnsonii	k__Bacteria;p__Actinobacteria;c__Actinobacteria;o__Bifidobacteriales;f__Bifidobacteriaceae;g__Bifidobacterium;s__Bifidobacterium_longum	k__Bacteria;p__Firmicutes;c__Clostridia;o__Clostridiales;f__;g__Flavonifractor;s__Flavonifractor_plautii	k__Bacteria;p__Firmicutes;c__Clostridia;o__Clostridiales;f__Clostridiaceae;g__Clostridium;s__Clostridium_phoceensis	k__Bacteria;p__Verrucomicrobia;c__Verrucomicrobiae;o__Verrucomicrobiales;f__Akkermansiaceae;g__Akkermansia;s__Akkermansia_muciniphila	k__Bacteria;p__Bacteroidetes;c__Bacteroidia;o__Bacteroidales;f__Prevotellaceae;g__Paraprevotella;s__Paraprevotella_xylaniphila	k__Bacteria;p__Firmicutes;c__Clostridia;o__Clostridiales;f__Ruminococcaceae;g__Ruminococcus;s__Ruminococcus_callidus	k__Bacteria;p__Bacteroidetes;c__Bacteroidia;o__Bacteroidales;f__Rikenellaceae;g__Alistipes;s__Alistipes_senegalensis	k__Bacteria;p__Firmicutes;c__Clostridia;o__Clostridiales;f__Lachnospiraceae;g__Blautia;s__Blautia_sp._KLE_1732	k__Bacteria;p__Bacteroidetes;c__Bacteroidia;o__Bacteroidales;f__Bacteroidaceae;g__Bacteroides;s__Bacteroides_oleiciplenus	k__Bacteria;p__Firmicutes;c__Clostridia;o__Clostridiales;f__Ruminococcaceae;g__Ruminococcus;s__Ruminococcus_bicirculans	k__Bacteria;p__Bacteroidetes;c__Bacteroidia;o__Bacteroidales;f__Bacteroidaceae;g__Bacteroides;s__Bacteroides_fluxus	k__Bacteria;p__Bacteroidetes;c__Bacteroidia;o__Bacteroidales;f__Prevotellaceae;g__Prevotella;s__Prevotella_stercorea	k__Bacteria;p__Firmicutes;c__Clostridia;o__Clostridiales;f__Lachnospiraceae;g__Dorea;s__Dorea_longicatena	k__Bacteria;p__Firmicutes;c__Clostridia;o__Clostridiales;f__Eubacteriaceae;g__Eubacterium;s__[Eubacterium]_eligens	k__Bacteria;p__Firmicutes;c__Clostridia;o__Clostridiales;f__Ruminococcaceae;g__;s__Ruminococcaceae_bacterium_D16	k__Bacteria;p__Firmicutes;c__Clostridia;o__Clostridiales;f__Lachnospiraceae;g__Coprococcus;s__Coprococcus_comes	k__Bacteria;p__Proteobacteria;c__Gammaproteobacteria;o__Enterobacterales;f__Enterobacteriaceae;g__Escherichia;s__Escherichia_coli	k__Bacteria;p__Firmicutes;c__Clostridia;o__Clostridiales;f__Ruminococcaceae;g__Anaerotruncus;s__Anaerotruncus_colihominis	k__Bacteria;p__Firmicutes;c__Clostridia;o__Clostridiales;f__Lachnospiraceae;g__Blautia;s__Blautia_obeum	k__Bacteria;p__Bacteroidetes;c__Bacteroidia;o__Bacteroidales;f__Odoribacteraceae;g__Odoribacter;s__Odoribacter_laneus	k__Bacteria;p__Firmicutes;c__Clostridia;o__Clostridiales;f__Ruminococcaceae;g__Ruminiclostridium;s__[Clostridium]_leptum	k__Bacteria;p__Bacteroidetes;c__Bacteroidia;o__Bacteroidales;f__Porphyromonadaceae;g__Parabacteroides;s__Parabacteroides_goldsteinii	k__Bacteria;p__Firmicutes;c__Clostridia;o__Clostridiales;f__Lachnospiraceae;g__Anaerostipes;s__Anaerostipes_hadrus	k__Bacteria;p__Firmicutes;c__Clostridia;o__Clostridiales;f__Ruminococcaceae;g__Ruminococcus;s__Ruminococcus_lactaris	k__Bacteria;p__Firmicutes;c__Clostridia;o__Clostridiales;f__Clostridiaceae;g__Clostridium;s__Clostridium_sp._L2-50	k__Bacteria;p__Firmicutes;c__Clostridia;o__Clostridiales;f__Clostridiaceae;g__Clostridium;s__Clostridium_sp._M62/1	k__Bacteria;p__Firmicutes;c__Clostridia;o__Clostridiales;f__;g__Intestinimonas;s__Intestinimonas_butyriciproducens	k__Bacteria;p__Actinobacteria;c__Actinobacteria;o__Bifidobacteriales;f__Bifidobacteriaceae;g__Bifidobacterium;s__Bifidobacterium_bifidum	k__Bacteria;p__Firmicutes;c__Negativicutes;o__Veillonellales;f__Veillonellaceae;g__Dialister;s__Dialister_invisus	k__Bacteria;p__Bacteroidetes;c__Bacteroidia;o__Bacteroidales;f__Bacteroidaceae;g__Bacteroides;s__Bacteroides_salanitronis
k__Bacteria;p__Bacteroidetes;c__Bacteroidia;o__Bacteroidales;f__Bacteroidaceae;g__Bacteroides;s__Bacteroides_vulgatus	1.0	-0.0351592723038	-0.00540738293479	-0.0191207912697	-0.0401042445312	-0.0224293309242	0.00307371154803	-0.00411758480868	-0.0188804993511	-0.00123541172246	0.00550955057816	0.0625262920617	-0.0175841830512	-0.0279256718213	0.0277929455646	0.0650879418654	0.00515681768629	-0.018430889177	0.060029791136	0.0485705474309	-0.0124537831039	0.0222815867655	-0.00852699711297	0.0027255573357	-0.0978063171194	-0.0415270491319	-0.0282378431911	-0.0374154166548	-0.0289659474415	-0.0110155299051	0.039187183746	-0.0335009636016	-0.000677577152566	0.0521838778469	0.0131494739565	-0.0259135481058	0.0263581159593	-0.0301005159029	0.0222364456545	-0.0371820971175	0.0549586754323	-0.00549592776603	-0.0183267414647	-0.0248113414973	-0.0129662776841	-0.00364703660598	-0.0253387889971	0.0110100980522	-0.0168562924391	-0.043136145595	0.002161825061	0.0117195980791	-0.0301598951477	-0.0303991521804	0.0365340832279	-0.028775014226	0.0599539652443	0.0191362509457	0.0476458493659
k__Bacteria;p__Bacteroidetes;c__Bacteroidia;o__Bacteroidales;f__Bacteroidaceae;g__Bacteroides;s__Bacteroides_uniformis	-0.0351592723038	1.0	0.0308897133116	0.0274401227544	0.000334647766444	-0.0185818719142	0.0348638382011	-0.0279651885869	-0.0166613626447	0.0416649444329	0.0237342073086	0.0612689574711	-0.00356679644927	-0.00496214175169	0.0148269290129	0.0276757865636	-0.00761084914907	-0.0758984289957	-0.000326672953063	-0.065007039126	-0.032348075393	-0.0537616663412	0.029781325596	-0.00691522583497	-0.0145367542664	0.0213488409293	0.0243258964127	-0.0267268896743	0.0403908207438	-0.00694782377611	-0.0461192712606	-0.0149212120734	-0.0342235963228	-0.00554290470913	-0.0283428650273	0.0163820760149	-0.0709016630333	-0.00596582034841	0.00360474404431	0.0287910177425	-0.0498947570767	-0.0255838846643	0.0107486080076	-0.0452806337825	-0.0459934137978	0.0328273081758	0.0210297057806	-6.4723949119e-05	0.0458010481347	-0.0469661728822	-0.00232266798409	0.0259280917007	0.0559977777808	0.0291524448478	0.0231594924995	-0.0191014783653	-0.0268886759484	0.0350649833539	0.00109803464634
k__Bacteria;p__Bacteroidetes;c__Bacteroidia;o__Bacteroidales;f__Rikenellaceae;g__Alistipes;s__Alistipes_putredinis	-0.00540738293479	0.0308897133116	1.0	-0.034652909577	-0.00890898935952	-0.0146372186107	0.015512279462	0.0114294944564	-0.00112565045349	-0.0165312463689	0.0114140677004	0.00727289800087	0.0263278795212	-0.0273327732786	-0.0245258918148	0.0278648072247	0.00588370071473	0.0058323594703	-0.0137373235368	0.00903147095552	-0.0174161948847	0.0338702974109	0.0162510332306	-0.00156971958807	0.0461811234166	-0.0777517720109	-0.0273151604421	0.027404265403	-0.024258281146	-0.0189660042851	-0.056668733375	-0.00530071035484	0.00396789899986	0.00839194485252	-0.065917293175	0.00849657982695	-0.0200997365683	-0.0313875194107	-0.00173891563437	0.0560714142754	0.0441679532252	-0.0119368971682	-0.0286646228513	-0.0116669289254	-0.0273036537116	0.0586761855592	0.00812418390367	-0.0437097209691	-0.0336813594044	0.00428326925511	-0.0192807526676	0.0187070522397	-0.0206811116606	-0.00116385736041	-0.0314682799373	0.0383361438973	-0.0744520618635	-0.0409261378967	0.0506273134557
k__Bacteria;p__Bacteroidetes;c__Bacteroidia;o__Bacteroidales;f__Prevotellaceae;g__Prevotella;s__Prevotella_copri	-0.0191207912697	0.0274401227544	-0.034652909577	1.0	0.0180068513333	-0.00616562199574	-0.0299482513658	-0.0420258744378	0.00813821151231	0.0334029047561	0.00158638525989	0.0315975309725	0.0264703195316	-0.0244172877603	-0.0290014247765	0.0109692341496	-0.0581047300629	-0.0468041787298	0.0596523225407	0.0446587278983	0.00974208546745	0.0367224981719	-0.020964201517	0.0197638076093	-0.0592045465559	-0.0178420835315	-0.0922550764706	-0.0767773089448	-0.00946882530032	0.0410901609793	-0.0407209409433	-0.00666138060184	0.00498546018296	-0.000190864240281	-0.0564113129296	-0.0403269416638	0.00383908833057	-0.0630828308824	0.00171192673397	-0.0249324303899	-0.000256923777238	0.00833455425875	0.030304929228	0.0409150028322	-0.00292400146667	0.0365377773816	0.0393628601363	-0.0200880600782	0.00304740554421	-0.00840284977795	-0.00818134728358	0.0450894001761	-0.00917619283898	-0.0257009398987	-0.0551542550848	-0.00814355374905	-0.022625968479	0.0601206617047	0.0689854538791
k__Bacteria;p__Bacteroidetes;c__Bacteroidia;o__Bacteroidales;f__Bacteroidaceae;g__Bacteroides;s__Bacteroides_stercoris	-0.0401042445312	0.000334647766444	-0.00890898935952	0.0180068513333	1.0	-0.00566614862372	-0.032872825532	0.0105853829887	-0.0336590761429	-0.0377054222167	-0.016304503652	-0.00333398953303	-0.0392490095638	0.0567391152339	0.0172858596348	-0.0196075686793	0.0295863046455	-0.102598352154	-0.0450025351762	0.0159051692709	-0.0246679342828	-0.0298779406875	-0.0311077174946	-0.0316637420168	-0.00194982926833	0.0177704954895	0.029090940198	0.0314461721082	-0.00320049997637	-0.00725077494468	0.0605165795307	0.0277840223059	0.0332994381886	-0.0559512067735	0.00357976053163	-0.041642703614	-0.028523367602	0.0179577376757	0.0595299813189	0.0534667383703	-0.0790880339535	-0.0044019774093	-0.0327401605971	0.0463535396168	-0.0701505019414	0.0212291444672	0.0282587846662	0.0269474944116	0.026381980708	0.0305309023369	0.0339229806203	-0.0211746064219	-0.0436092899243	-0.0184530322282	0.00913543654293	-0.0157674328006	0.0193001401734	0.00949734755642	-0.00117499397222
k__Bacteria;p__Bacteroidetes;c__Bacteroidia;o__Bacteroidales;f__Bacteroidaceae;g__Bacteroides;s__Bacteroides_ovatus	-0.0224293309242	-0.0185818719142	-0.0146372186107	-0.00616562199574	-0.00566614862372	1.0	0.0225757309224	-0.0239957612989	-0.031967135025	0.00167569689329	-0.0315711929608	-0.0534285157029	0.00235189614572	0.0181863661535	0.0221082818221	-0.0414132269374	0.0299704379375	-0.00233762631273	-0.0209576251302	0.0454549823803	-0.0475548438501	-0.0183624905212	-0.0122921441667	-0.0307337967883	-0.0391982711332	-0.0459057099967	-0.0191080367129	0.00786155723657	0.0177144288351	-0.0400802373946	0.0113081528815	-0.0215486559367	-0.0289846089508	-0.0198875834739	-0.0222677100601	-0.0185083751809	0.0786038726765	-0.0396359608546	0.00536514388537	-2.3506412741e-05	-0.00883475489724	-0.00284434713886	0.00817004118809	0.0187843226318	-0.000700672292628	0.058811200971	0.0274502117204	-0.00462076944422	0.0152816716046	-0.00293209806466	0.0228167502513	-0.00346410204839	0.0424901350854	-0.00996471893194	0.0269936162033	0.0255542917928	-0.0152090282556	0.0727047848405	-0.040408704465
k__Bacteria;p__Bacteroidetes;c__Bacteroidia;o__Bacteroidales;f__Rikenellaceae;g__Alistipes;s__Alistipes_shahii	0.00307371154803	0.0348638382011	0.015512279462	-0.0299482513658	-0.032872825532	0.0225757309224	1.0	0.0104051783955	-0.00386343359379	0.0128731376166	-0.0657379330361	-0.0283027398146	0.00686950396429	0.0495036209305	-0.0557785558215	0.00729173198124	-0.0335743997961	0.0529681370675	0.0461997574533	0.0216736171147	0.0700860931138	-0.0849019028612	-0.0250165843479	0.037718407382	0.00568376267213	-0.00331060317768	-0.0418777541811	0.00884833176187	-0.00597257022346	-0.0710986830546	0.00768053159574	-0.0156892510377	0.012470587463	-0.0247321919264	-0.0219599270655	-0.016412865572	-0.00917455987927	0.0299843918869	0.0477523460753	-0.00825940467763	0.00466125916061	-0.0146297509216	0.0072501218239	-0.0500861965065	-0.0103628306668	0.0216373852587	0.00821251215884	-0.00641582737341	0.0501078344268	0.041296163663	-0.00849429773694	-0.0735820018551	-0.0154990474463	-0.0243349087239	-0.0440358931513	0.0297231993205	-0.0323486536397	-0.00804393723988	0.0388937576491
k__Bacteria;p__Firmicutes;c__Clostridia;o__Clostridiales;f__Ruminococcaceae;g__Faecalibacterium;s__Faecalibacterium_prausnitzii	-0.00411758480868	-0.0279651885869	0.0114294944564	-0.0420258744378	0.0105853829887	-0.0239957612989	0.0104051783955	1.0	0.0319986315582	0.0402658431096	-0.0431081590277	-0.0100172071746	0.0108154600483	-0.0611444640878	-0.00413342721438	-0.0170654536802	0.0245867087037	-0.00637814211016	0.0143875556971	-0.0253911495625	-0.0155847096793	0.0656023121854	-0.0200276232989	0.00708413017655	-0.0641533269654	0.0482439259422	0.0151319676177	0.0200022404731	-0.00742592111477	0.0391021890063	0.0336373779076	-0.0534144132018	-0.0675969896967	0.0106008601349	0.0316025266558	-0.00314376247855	-0.0335432688305	-0.0068059118746	-0.0135654504464	-0.00229550839562	0.000285024088777	0.0755248356879	-0.0129095824703	0.000451953084128	-0.0113503278809	-0.00684977525331	-0.00165065788472	-0.0162441501824	-0.098547411857	-0.040059264697	-0.0549379582724	0.0245398595567	0.0486570426389	0.0106310194669	-0.0476742133021	-0.00249630884521	0.020738315554	0.0146446279113	-0.0252821121484
k__Bacteria;p__Bacteroidetes;c__Bacteroidia;o__Bacteroidales;f__Rikenellaceae;g__Alistipes;s__Alistipes_finegoldii	-0.0188804993511	-0.0166613626447	-0.00112565045349	0.00813821151231	-0.0336590761429	-0.031967135025	-0.00386343359379	0.0319986315582	1.0	0.0258544858628	-0.0101138044154	0.0106479078221	-0.0165951340847	-0.00203169672492	-0.0100246685571	-0.0204392116947	0.00253153612004	-0.00401984744581	-0.0858088654059	-0.0197315773405	-0.0551488582519	0.00369257064669	0.00402861291717	0.019758071313	0.00676522175424	0.0229036438757	-0.0436453633964	0.035290821633	-0.0412316779254	0.0252913855192	-0.0247575775542	-0.0227610411729	0.0168411117764	0.0544262681826	-0.01701932489	0.0203649704086	0.0944110548211	0.0171922407626	0.00708077368267	-0.012476013259	-0.0371254606338	-0.0210659505838	-0.0284190105344	0.0172106185057	-0.0553204948347	0.05429918919	-0.0367231047806	0.0067539854293	-0.0154309965904	0.0331521155877	-0.0667399921881	-0.0526873799125	-0.0224934835835	0.00510559203535	-0.00203474581531	0.00159598744997	0.0248009832433	-0.0376400723853	0.0302984222697
k__Bacteria;p__Bacteroidetes;c__Bacteroidia;o__Bacteroidales;f__Porphyromonadaceae;g__Parabacteroides;s__Parabacteroides_distasonis	-0.00123541172246	0.0416649444329	-0.0165312463689	0.0334029047561	-0.0377054222167	0.00167569689329	0.0128731376166	0.0402658431096	0.0258544858628	1.0	-0.00685344066346	-0.00844368607494	-0.0230406019967	-0.0565989538351	-0.0129559316327	0.0483756805387	-0.0410404994974	-0.0247619528386	-0.0113260306384	-0.0280402116154	-0.01793242025	0.0104884890831	-0.0194815785438	0.0257879192075	0.00366165814362	0.0173533050354	0.0341128016396	-0.0330120255096	0.0017330306988	-0.0839876518594	0.00417839462098	0.00659026140349	0.0252301460002	-0.0191223605115	0.0211943585174	0.0279222152134	-0.0237925033762	-0.0107605569197	0.00220829527013	0.00559128033126	0.00446314495906	0.0667204402184	0.00345082283758	-0.0134322217173	0.0113738303296	-0.0121916061401	-0.0191666519191	0.0178862194248	-0.0285446233585	0.00115040744032	-0.0567419099445	-0.00558172827967	-0.0344859033079	-0.00998690014597	-0.026429790302	-0.00552047091824	-0.0046162139832	0.0256911212498	0.00467787592987
k__Bacteria;p__Bacteroidetes;c__Bacteroidia;o__Bacteroidales;f__Bacteroidaceae;g__Bacteroides;s__Bacteroides_thetaiotaomicron	0.00550955057816	0.0237342073086	0.0114140677004	0.00158638525989	-0.016304503652	-0.0315711929608	-0.0657379330361	-0.0431081590277	-0.0101138044154	-0.00685344066346	1.0	-0.0485879057041	-0.0514793919704	-0.082598210765	0.0153977654583	0.0421192693642	-0.0232984178034	-0.0451678988722	0.0353547778733	0.0317880873012	0.004795698649	0.00312517274439	-0.0342744673991	0.026851176226	-0.00054786259213	-0.0713134797328	-0.00127246932895	0.0232555167513	0.0138461427492	0.00462156299141	0.00708102126296	-0.0348374162572	-0.0570668594357	0.0493504037246	0.0152150731843	-0.0183739781074	0.00418521453438	-0.00929054331496	-0.0454553385071	-0.0352668407852	-0.0107288737401	0.00426669423823	0.0580034612956	-0.0272273587314	0.00331262713665	0.00630145069074	-0.0724386841571	0.00901767679891	-0.0112037282329	-0.0252409344602	-0.0603572413931	0.014952741821	-0.0234752004828	0.093518570268	-0.0349779480997	0.0165922210961	-0.00905137864976	-0.0161520518625	-0.026618038653
k__Bacteria;p__Bacteroidetes;c__Bacteroidia;o__Bacteroidales;f__Bacteroidaceae;g__Bacteroides;s__Bacteroides_coprocola	0.0625262920617	0.0612689574711	0.00727289800087	0.0315975309725	-0.00333398953303	-0.0534285157029	-0.0283027398146	-0.0100172071746	0.0106479078221	-0.00844368607494	-0.0485879057041	1.0	-0.00710243658635	0.011013974257	-0.0555867528446	-0.055147596427	0.0659572262484	-0.0448421414396	-0.00710670462669	0.00729738577307	0.0170496752832	0.00380016178286	-0.0240482542066	-0.0010326644406	0.0674487415924	0.00472372001597	0.0167447808953	-0.0221979166159	0.00649836065264	-0.0242679687384	-0.0156380720485	-0.0395835827124	-0.0447363987992	-0.0325585353046	0.0292083523525	0.00745531062876	0.028885429406	0.0100405618861	-0.0415352638576	-0.0776080178857	-0.0312414435473	-0.0317160400638	-0.0434788843216	0.0516188311837	-0.028901462344	0.0252500648921	0.0279474066695	-0.0224691146716	-0.00768471867465	-0.0111581898604	0.0399081495967	-0.00281096640591	-0.0764688516876	-0.0769805305796	-0.00422185057961	-0.015085458581	0.00829831935943	-4.34703399754e-05	-0.0624476266092
k__Bacteria;p__Bacteroidetes;c__Bacteroidia;o__Bacteroidales;f__Bacteroidaceae;g__Bacteroides;s__Bacteroides_cellulosilyticus	-0.0175841830512	-0.00356679644927	0.0263278795212	0.0264703195316	-0.0392490095638	0.00235189614572	0.00686950396429	0.0108154600483	-0.0165951340847	-0.0230406019967	-0.0514793919704	-0.00710243658635	1.0	-0.0223190287425	-0.0182798697731	-0.0550940015181	-0.0116163887558	0.00757774035142	-0.0387763099078	0.0283662527174	-0.0467233242682	0.0168156260629	0.00899371575208	-0.00327772266605	-0.0312568910694	-0.074492678518	-0.00252246046685	-0.0342611378174	-0.0612934302865	-0.0158380382848	0.0424652686032	-0.0304449697044	-0.00427456899816	0.0507624349727	-0.0014785089494	-0.0322124982831	0.0107974786616	-0.0119508179805	-0.000552301137261	-0.024346689245	-0.0233075487067	0.0471356950248	0.0111459531685	-0.0153552623315	-0.0259009491423	-0.0347599551838	-0.0361683475301	0.0187935205378	-0.00789070750663	-0.0272228677874	-0.0413879369481	0.0945144153765	-0.00227785438604	-0.0264986799219	0.0147495151565	0.0123734737726	0.0101976540814	-0.000181866590097	0.0512439379511
k__Bacteria;p__Bacteroidetes;c__Bacteroidia;o__Bacteroidales;f__Rikenellaceae;g__Alistipes;s__Alistipes_obesi	-0.0279256718213	-0.00496214175169	-0.0273327732786	-0.0244172877603	0.0567391152339	0.0181863661535	0.0495036209305	-0.0611444640878	-0.00203169672492	-0.0565989538351	-0.082598210765	0.011013974257	-0.0223190287425	1.0	0.00854222602962	-0.0629480390748	-0.0185065718862	-0.013300311236	-0.0339980391709	0.00302655514523	0.00720456830063	-0.00288688089384	-0.0116942796788	-7.96289768971e-05	-0.000168863214128	0.0254985341511	0.000762379288776	-0.0230126559894	-0.00364581499164	0.0149093843557	0.021315965683	0.0368409606911	-0.0474334980247	0.00769122335779	0.013476606465	0.00175569735024	-0.0267425231859	0.0443797854711	-0.0271295364742	-0.00834181947563	0.0398714688521	-0.0116139501527	0.0413150003504	-0.0153664907262	0.00502148536443	0.0383550661829	0.00747453138131	-0.00153321675024	-0.00106980297413	-0.0306592573671	-0.0241162285614	-0.00755333983149	0.0305213549794	0.013104975795	0.0136112216084	-0.0190458990481	0.0666100517872	0.0150846607089	0.0077513132415
k__Bacteria;p__Firmicutes;c__Clostridia;o__Clostridiales;f__Lachnospiraceae;g__;s__[Eubacterium]_rectale	0.0277929455646	0.0148269290129	-0.0245258918148	-0.0290014247765	0.0172858596348	0.0221082818221	-0.0557785558215	-0.00413342721438	-0.0100246685571	-0.0129559316327	0.0153977654583	-0.0555867528446	-0.0182798697731	0.00854222602962	1.0	-0.0145664594386	-0.000806957574037	-0.0513364714701	-0.0481997548271	0.0285354528176	-0.0212868992638	-0.0380019598325	-0.0196793245561	-0.0468423947408	0.00432875283441	0.0177671927788	0.00425585807301	0.0177990662873	0.0109441989946	0.0292759991144	-0.0120138423593	0.00121423363458	0.0450337819184	-0.0142198943356	-0.00980014328875	0.0453025885446	0.0363678263027	0.00216763535089	-0.0196969381187	0.0277845237704	-0.0050016834811	-0.0547409188906	0.0490736618339	-0.0219610951799	-0.0185806523347	0.036168989177	0.0341686539566	-0.0534200011553	0.0229517016817	-0.0546731254263	-0.0072159828375	-0.00275490741853	-0.0120153288181	0.047649260305	0.00503769540352	-0.0546723153734	0.013494118504	-0.0384848752403	-0.0728536552622
k__Bacteria;p__Bacteroidetes;c__Bacteroidia;o__Bacteroidales;f__Bacteroidaceae;g__Bacteroides;s__Bacteroides_plebeius	0.0650879418654	0.0276757865636	0.0278648072247	0.0109692341496	-0.0196075686793	-0.0414132269374	0.00729173198124	-0.0170654536802	-0.0204392116947	0.0483756805387	0.0421192693642	-0.055147596427	-0.0550940015181	-0.0629480390748	-0.0145664594386	1.0	-0.0630385480708	-0.0133738197833	0.0403612792717	-0.0181197239352	0.0472383711072	-0.0146359049428	0.0512196445456	-0.0435931548628	0.00334596678772	-0.0527754834226	0.0268458153298	-0.00473932698019	-0.0501985545771	-0.0237985695423	0.0204741693882	-0.0497346577029	-0.0027266259892	-0.0598931523283	-0.0547739051563	-0.042411508459	0.00123594110935	0.00371975512689	-0.0298523128747	-0.0144852996124	-0.0590632448248	0.0103245558968	-0.0966696140967	-0.0415002136568	0.0061351262863	-0.000361936702342	0.0319635507591	-0.00125436745449	-0.00781475255349	0.0224663784626	-0.0590137601229	-0.0268641723321	0.011879411017	-0.00208395148555	0.0481413489064	0.0202775904459	0.020698376243	0.00139323632216	0.0523538991835
k__Bacteria;p__Bacteroidetes;c__Bacteroidia;o__Bacteroidales;f__Bacteroidaceae;g__Bacteroides;s__Bacteroides_fragilis	0.00515681768629	-0.00761084914907	0.00588370071473	-0.0581047300629	0.0295863046455	0.0299704379375	-0.0335743997961	0.0245867087037	0.00253153612004	-0.0410404994974	-0.0232984178034	0.0659572262484	-0.0116163887558	-0.0185065718862	-0.000806957574037	-0.0630385480708	1.0	-0.0331155525788	-0.024449216196	-0.0278531535765	-0.0175728658042	0.0661269128871	-0.00595518501345	-0.0600786882122	0.0251519116151	-0.00104921918661	0.0177523718088	0.0108377690225	-0.000707745471542	-0.0091988023913	-0.00955864614516	0.0020887529993	0.0185462311716	-0.0339744852825	-0.018450797698	-0.0691058762811	-0.0303119234136	-0.0301438141192	-0.0473408037972	-0.0265442075343	-0.0166404073481	-0.00785638509607	-0.0467207926332	0.00696150572999	0.0050630996671	-0.0388566935071	-0.0175150859167	0.0157806312288	-0.0178533465846	0.0138426335606	-0.0521049728961	-0.0211651242692	-0.0215094309829	-0.00746403855626	0.0326477616823	0.00610804218878	-0.0080698768225	0.00030550974871	0.0090570911028
k__Bacteria;p__Proteobacteria;c__Betaproteobacteria;o__Burkholderiales;f__Sutterellaceae;g__Sutterella;s__Sutterella_wadsworthensis	-0.018430889177	-0.0758984289957	0.0058323594703	-0.0468041787298	-0.102598352154	-0.00233762631273	0.0529681370675	-0.00637814211016	-0.00401984744581	-0.0247619528386	-0.0451678988722	-0.0448421414396	0.00757774035142	-0.013300311236	-0.0513364714701	-0.0133738197833	-0.0331155525788	1.0	0.0217220933106	0.00100476042645	0.0501673702657	-0.0502937524448	-0.0359783718235	-0.00515216780313	0.036949441543	0.0431895311307	-0.0370667648165	-0.0281862600351	-0.0421682426193	-0.0107502616707	-0.0342032919175	-0.00012607369237	0.0750184490018	0.010359239696	-0.00605023757453	0.0345445654594	-0.00615059427999	0.0204888763164	-0.0200987809331	0.00507486053523	0.044218300493	0.00773776588559	0.0396010291309	-0.0145877852722	-0.0262108357758	9.32188604318e-06	0.00268809840767	-0.0262246648319	-0.00930179017893	-0.0179315423389	-0.0028569256932	-0.00930279931403	-0.0470229589621	-0.0264660323786	0.0171324557702	-0.011735901516	-0.015646138066	-0.00605396363323	-0.00545546912652
k__Bacteria;p__Bacteroidetes;c__Bacteroidia;o__Bacteroidales;f__Porphyromonadaceae;g__Barnesiella;s__Barnesiella_intestinihominis	0.060029791136	-0.000326672953063	-0.0137373235368	0.0596523225407	-0.0450025351762	-0.0209576251302	0.0461997574533	0.0143875556971	-0.0858088654059	-0.0113260306384	0.0353547778733	-0.00710670462669	-0.0387763099078	-0.0339980391709	-0.0481997548271	0.0403612792717	-0.024449216196	0.0217220933106	1.0	-0.0030389048036	0.0111002455518	-0.00598267709416	0.014613719806	0.00572086785708	0.034985094147	0.00344022675502	0.00454255088477	-0.035005455697	-0.00988784099044	0.000512650102446	0.0362452442292	0.0426375858858	-0.0179944024852	-0.0193950837905	-0.00168058833697	0.023640213022	-0.0155264689665	-0.0217072728365	-0.00994220590015	-0.0313745750022	0.00519767128922	-0.0079449203134	-0.0342984926092	-0.017279629992	0.0278630014145	-0.0262646743192	0.0102651901886	-0.0163431979884	-0.0130023405661	0.00633881990748	-0.0317438154246	-0.0323061842091	0.00138839009748	0.0404889161843	0.0471138464505	-0.0279051880239	0.00522710255251	0.0031991945656	0.00142126513948
k__Bacteria;p__Bacteroidetes;c__Bacteroidia;o__Bacteroidales;f__Odoribacteraceae;g__Odoribacter;s__Odoribacter_splanchnicus	0.0485705474309	-0.065007039126	0.00903147095552	0.0446587278983	0.0159051692709	0.0454549823803	0.0216736171147	-0.0253911495625	-0.0197315773405	-0.0280402116154	0.0317880873012	0.00729738577307	0.0283662527174	0.00302655514523	0.0285354528176	-0.0181197239352	-0.0278531535765	0.00100476042645	-0.0030389048036	1.0	-0.0275732932927	-0.0736198539638	-0.0112015948963	0.038720848084	-0.071110965296	-0.0673284211023	0.0267472919661	-0.0301315486267	-0.0209020612486	0.0134812657221	0.0048756671787	0.0250989464714	0.0338365343826	0.0279380723123	-0.0432479814591	-0.00456549338907	-0.0273308717736	-0.0239810114782	0.000529548356126	-0.0475125316953	-0.00395890672796	-0.0344330603144	0.00861601295437	-0.0143040817128	0.012074443923	0.00675294473189	-0.0559820495733	-0.000884417052474	0.0264983312348	-0.0463087403946	0.00120381201601	-0.0551088792311	-0.0244265347993	-0.0242713297578	-0.0586592961952	-0.0104343245514	-0.0538552109742	0.0560298464282	-0.0170060373864
k__Bacteria;p__Bacteroidetes;c__Bacteroidia;o__Bacteroidales;f__Bacteroidaceae;g__Bacteroides;s__Bacteroides_salyersiae	-0.0124537831039	-0.032348075393	-0.0174161948847	0.00974208546745	-0.0246679342828	-0.0475548438501	0.0700860931138	-0.0155847096793	-0.0551488582519	-0.01793242025	0.004795698649	0.0170496752832	-0.0467233242682	0.00720456830063	-0.0212868992638	0.0472383711072	-0.0175728658042	0.0501673702657	0.0111002455518	-0.0275732932927	1.0	-0.00331687593482	-0.00904607201032	-0.0443190055168	-0.0159149732745	0.0352159871872	-0.0132860524313	-0.0359238127677	0.0421387136217	-0.0226241901287	-0.0442175467769	-0.00735245571416	-0.0496267197473	-0.0426030930864	0.00967457919423	0.0042054579851	-0.0426457268207	0.0339592079203	0.0336287973874	0.0515609965253	0.0172486214781	-0.0375801310126	0.00757357444734	-0.007616886483	-0.0093862894716	0.0108927448682	-0.0423703425106	0.00690007069599	-0.00496510178952	-0.0110739795681	-0.00486984365382	-0.04734306054	-0.0290506061005	-0.0779278219148	-0.026834551927	0.0223369805241	0.00620236409467	-0.0781292376665	-0.0564568475946
k__Bacteria;p__Firmicutes;c__Clostridia;o__Clostridiales;f__Ruminococcaceae;g__Ruminiclostridium;s__[Eubacterium]_siraeum	0.0222815867655	-0.0537616663412	0.0338702974109	0.0367224981719	-0.0298779406875	-0.0183624905212	-0.0849019028612	0.0656023121854	0.00369257064669	0.0104884890831	0.00312517274439	0.00380016178286	0.0168156260629	-0.00288688089384	-0.0380019598325	-0.0146359049428	0.0661269128871	-0.0502937524448	-0.00598267709416	-0.0736198539638	-0.00331687593482	1.0	0.0106485119647	-0.0195814370188	0.0112016574232	-0.027134083162	-0.0224618666627	-0.0439556751659	0.0733875210928	-0.00707721904525	0.0141008561803	0.0176110799198	-0.0346072322347	-0.00234627193214	0.0155451479569	-0.0455252692198	0.00759003801705	-0.0031279584169	-0.00411785341936	0.0213905517281	0.00185864179046	-0.00020308800894	-0.0557095031322	0.00667348809808	-0.01200313239	0.0293985254161	0.0380638661405	-0.0037480382368	0.00360474228148	-0.0267264892374	0.00267414831268	0.0058685567936	-0.0517582593119	0.00408722926345	-0.0435385670064	0.00482366639886	-0.0759481517394	-0.0451543567076	-0.00341415571712
k__Bacteria;p__Proteobacteria;c__Betaproteobacteria;o__Burkholderiales;f__Sutterellaceae;g__Parasutterella;s__Parasutterella_excrementihominis	-0.00852699711297	0.029781325596	0.0162510332306	-0.020964201517	-0.0311077174946	-0.0122921441667	-0.0250165843479	-0.0200276232989	0.00402861291717	-0.0194815785438	-0.0342744673991	-0.0240482542066	0.00899371575208	-0.0116942796788	-0.0196793245561	0.0512196445456	-0.00595518501345	-0.0359783718235	0.014613719806	-0.0112015948963	-0.00904607201032	0.0106485119647	1.0	-0.0597909833362	-0.0193790296379	0.00116626860277	0.0531805295478	0.00864300243943	-0.0125301474331	-0.0262055338878	-0.0411824003697	0.0136826411458	0.0231920077016	0.0366979364825	-0.0238012155456	-0.044567933906	0.00538883265684	0.0124458354843	-0.0113426103932	0.0518229242424	-0.0105196080121	-0.0254365910232	0.0330178584995	0.0278529035178	0.0106562205459	-0.0147623029353	-0.0517544211122	0.0154595130826	-0.00995054686063	-0.0331178072236	-0.0383080571932	0.0023456934267	0.0175645600051	0.0123742830363	0.0119898450276	-0.0214074602498	0.00410789674254	0.0646721497704	0.00480762867271
k__Bacteria;p__Actinobacteria;c__Actinobacteria;o__Bifidobacteriales;f__Bifidobacteriaceae;g__Bifidobacterium;s__Bifidobacterium_adolescentis	0.0027255573357	-0.00691522583497	-0.00156971958807	0.0197638076093	-0.0316637420168	-0.0307337967883	0.037718407382	0.00708413017655	0.019758071313	0.0257879192075	0.026851176226	-0.0010326644406	-0.00327772266605	-7.96289768972e-05	-0.0468423947408	-0.0435931548628	-0.0600786882122	-0.00515216780313	0.00572086785708	0.038720848084	-0.0443190055168	-0.0195814370188	-0.0597909833362	1.0	-0.0393779301065	0.0133708313372	0.00655337213684	0.034020227433	-0.0100108552234	0.0157178299107	-0.0611627760463	-0.0413809894149	0.00637689951991	0.068927531989	-0.0505073124377	0.0558620053093	-0.0453556483774	0.0617630713194	-0.0518543207175	-0.0257472653852	0.0280186955574	0.0241190966543	0.00485303811502	0.0202305506113	0.0206113134912	-0.0177833578502	0.0167360717247	-0.0408610497759	-0.0476726385277	-0.00157093614929	-0.00399292728952	-0.0432035681981	0.00141314295379	-0.000157038264087	-0.00155784646653	-0.00291341969153	-0.00373114505472	-0.038009594936	0.0106793107398
k__Bacteria;p__Firmicutes;c__Clostridia;o__Clostridiales;f__Oscillospiraceae;g__Oscillibacter;s__Oscillibacter_sp._KLE_1745	-0.0978063171194	-0.0145367542664	0.0461811234166	-0.0592045465559	-0.00194982926833	-0.0391982711332	0.00568376267213	-0.0641533269654	0.00676522175424	0.00366165814362	-0.00054786259213	0.0674487415924	-0.0312568910694	-0.000168863214128	0.00432875283441	0.00334596678772	0.0251519116151	0.036949441543	0.034985094147	-0.071110965296	-0.0159149732745	0.0112016574232	-0.0193790296379	-0.0393779301065	1.0	0.0365394753983	-0.00770292495659	-0.0219551106308	-0.0133078658109	0.0126813565053	-0.0037399766125	0.0391345248146	0.0224147756879	-0.0123618735801	0.0488350348837	0.0630339899027	-0.0703184997397	-0.0156495078201	-0.0176015416606	0.0132428856473	-0.0411153138703	-0.0151965929975	-0.0354793871226	0.0548467523266	-0.0121447984321	-0.037591979111	-0.054173931126	-0.0338662967213	0.0230728171469	-0.0970165013862	-0.035961835075	-0.00423251569053	-0.00422822328963	-0.00452660063139	0.000721181195756	-0.00234707944757	-0.0147066324652	-0.105085333699	-0.0247251440105
k__Bacteria;p__Bacteroidetes;c__Bacteroidia;o__Bacteroidales;f__Bacteroidaceae;g__Bacteroides;s__Bacteroides_coprophilus	-0.0415270491319	0.0213488409293	-0.0777517720109	-0.0178420835315	0.0177704954895	-0.0459057099967	-0.00331060317768	0.0482439259422	0.0229036438757	0.0173533050354	-0.0713134797328	0.00472372001597	-0.074492678518	0.0254985341511	0.0177671927788	-0.0527754834226	-0.00104921918661	0.0431895311307	0.00344022675502	-0.0673284211023	0.0352159871872	-0.027134083162	0.00116626860277	0.0133708313372	0.0365394753983	1.0	0.0384673931726	0.0428807728463	0.00236344840466	0.0336986434322	0.0124633411235	-0.00403056383295	0.0322554382043	-0.00402931968951	0.0180478585959	0.059764082977	0.0508125729114	-0.000374543282674	-0.0013476592775	0.0432041817968	-0.0435224573241	-0.0543558736694	0.0567388089844	-0.0423286923113	-0.0273860183321	-0.0177499144343	0.0211115498696	-0.0285857222122	-0.0212785244108	-0.0219814801978	-0.002303315788	0.0323116979956	0.0101406818906	0.0203970586217	0.00765369508015	0.00539253275112	-0.0194863255588	-0.0202794693882	-0.0373920735152
k__Bacteria;p__Firmicutes;c__Clostridia;o__Clostridiales;f__Lachnospiraceae;g__Roseburia;s__Roseburia_intestinalis	-0.0282378431911	0.0243258964127	-0.0273151604421	-0.0922550764706	0.029090940198	-0.0191080367129	-0.0418777541811	0.0151319676177	-0.0436453633964	0.0341128016396	-0.00127246932895	0.0167447808953	-0.00252246046685	0.000762379288776	0.00425585807301	0.0268458153298	0.0177523718088	-0.0370667648165	0.00454255088477	0.0267472919661	-0.0132860524313	-0.0224618666627	0.0531805295478	0.00655337213684	-0.00770292495659	0.0384673931726	1.0	-0.0124516915878	-0.0247229148966	-0.0275395759374	0.0137585200419	-0.0148603692123	0.0284977741732	0.0202364737406	-0.00306689936103	-0.0292549256984	0.0301402436174	-0.0184159799022	-0.0169680836187	-0.040671210958	-0.056582924513	-0.00996999720977	0.0201929407764	-0.0383237271703	0.0365976449338	-0.0014598853592	0.0102309854939	0.00144185646398	-0.0365295697918	-0.0549767385821	-0.0336653971329	-0.0230668492731	0.0272207970278	-0.0219985791679	-0.0221737761384	-0.0156610463594	0.00974101537459	0.0400768247332	-0.0148573320088
k__Bacteria;p__Firmicutes;c__Clostridia;o__Clostridiales;f__Lachnospiraceae;g__Roseburia;s__Roseburia_hominis	-0.0374154166548	-0.0267268896743	0.027404265403	-0.0767773089448	0.0314461721082	0.00786155723657	0.00884833176187	0.0200022404731	0.035290821633	-0.0330120255096	0.0232555167513	-0.0221979166159	-0.0342611378174	-0.0230126559894	0.0177990662873	-0.00473932698019	0.0108377690225	-0.0281862600351	-0.035005455697	-0.0301315486267	-0.0359238127677	-0.0439556751659	0.00864300243943	0.034020227433	-0.0219551106308	0.0428807728463	-0.0124516915878	1.0	0.0143460811312	-0.0132242730044	-0.0416706777664	-0.0254807387495	0.034620152374	-0.0030823429393	0.0235127124451	0.011731303502	0.0342614391121	0.0199030470501	-0.0457067684852	0.0344083968834	0.00470075737285	-0.0370091615593	-0.0728808893717	0.03323487965	-0.0517134132634	0.0182872053823	-0.0105014786165	-0.0256847145938	0.00113780011878	-0.022707861151	-0.0134509365763	-0.026720960128	0.0154166292996	-0.0287466863639	-0.00363114524604	-0.031252913494	-0.0277288171083	-0.0442559453646	0.0239873315623
k__Bacteria;p__Bacteroidetes;c__Bacteroidia;o__Bacteroidales;f__Porphyromonadaceae;g__Parabacteroides;s__Parabacteroides_johnsonii	-0.0289659474415	0.0403908207438	-0.024258281146	-0.00946882530032	-0.00320049997637	0.0177144288351	-0.00597257022346	-0.00742592111477	-0.0412316779254	0.0017330306988	0.0138461427492	0.00649836065264	-0.0612934302865	-0.00364581499164	0.0109441989946	-0.0501985545771	-0.000707745471542	-0.0421682426193	-0.00988784099044	-0.0209020612486	0.0421387136217	0.0733875210928	-0.0125301474331	-0.0100108552234	-0.0133078658109	0.00236344840466	-0.0247229148966	0.0143460811312	1.0	-0.0495174100336	0.0376968039495	-0.0052361671573	0.0170196936325	-0.0090195697522	-0.122087096789	-0.00673826502179	0.02705283505	0.0498438850321	0.0443717549797	-0.0103540121919	-0.0313453158633	-0.0270057058164	-0.00135854315741	-0.0168165076177	-0.00238345311783	-0.0247230841071	0.0265141122123	0.016535408232	-0.0161056469527	-0.0388263290998	0.00792832871018	-0.049520400078	-0.021990466178	0.0290745417639	0.0173379961134	0.0609385268219	-0.00757716324927	-0.063347907369	-0.0114902188547
k__Bacteria;p__Actinobacteria;c__Actinobacteria;o__Bifidobacteriales;f__Bifidobacteriaceae;g__Bifidobacterium;s__Bifidobacterium_longum	-0.0110155299051	-0.00694782377611	-0.0189660042851	0.0410901609793	-0.00725077494468	-0.0400802373946	-0.0710986830546	0.0391021890063	0.0252913855192	-0.0839876518594	0.00462156299141	-0.0242679687384	-0.0158380382848	0.0149093843557	0.0292759991144	-0.0237985695423	-0.0091988023913	-0.0107502616707	0.000512650102446	0.0134812657221	-0.0226241901287	-0.00707721904525	-0.0262055338878	0.0157178299107	0.0126813565053	0.0336986434322	-0.0275395759374	-0.0132242730044	-0.0495174100336	1.0	-0.0188122213266	-0.03325493851	0.0118285883551	0.019072804656	0.0237243773056	0.0437634275497	-0.0297474874408	0.0374530303679	-0.022243739366	0.000987429092592	0.0048075891852	-0.072119391758	-0.0221034796116	0.0311932042936	0.0202837921438	-0.0106793445038	0.0224348298173	0.0607303118265	-0.017846810698	0.0933211712988	-0.0315971119874	0.0176338204447	0.0114981704702	-0.0248441442355	-0.0405951214935	-0.069670288613	-0.0237523127905	0.0201352312865	0.0284228800684
