#taxonomy	k__Bacteria;p__Bacteroidetes;c__Bacteroidia;o__Bacteroidales;f__Bacteroidaceae;g__Bacteroides;s__Bacteroides_vulgatus	k__Bacteria;p__Bacteroidetes;c__Bacteroidia;o__Bacteroidales;f__Bacteroidaceae;g__Bacteroides;s__Bacteroides_uniformis	k__Bacteria;p__Bacteroidetes;c__Bacteroidia;o__Bacteroidales;f__Rikenellaceae;g__Alistipes;s__Alistipes_putredinis	k__Bacteria;p__Bacteroidetes;c__Bacteroidia;o__Bacteroidales;f__Prevotellaceae;g__Prevotella;s__Prevotella_copri	k__Bacteria;p__Bacteroidetes;c__Bacteroidia;o__Bacteroidales;f__Bacteroidaceae;g__Bacteroides;s__Bacteroides_stercoris	k__Bacteria;p__Bacteroidetes;c__Bacteroidia;o__Bacteroidales;f__Bacteroidaceae;g__Bacteroides;s__Bacteroides_ovatus	k__Bacteria;p__Bacteroidetes;c__Bacteroidia;o__Bacteroidales;f__Rikenellaceae;g__Alistipes;s__Alistipes_shahii	k__Bacteria;p__Firmicutes;c__Clostridia;o__Clostridiales;f__Ruminococcaceae;g__Faecalibacterium;s__Faecalibacterium_prausnitzii	k__Bacteria;p__Bacteroidetes;c__Bacteroidia;o__Bacteroidales;f__Rikenellaceae;g__Alistipes;s__Alistipes_finegoldii	k__Bacteria;p__Bacteroidetes;c__Bacteroidia;o__Bacteroidales;f__Porphyromonadaceae;g__Parabacteroides;s__Parabacteroides_distasonis	k__Bacteria;p__Bacteroidetes;c__Bacteroidia;o__Bacteroidales;f__Bacteroidaceae;g__Bacteroides;s__Bacteroides_thetaiotaomicron	k__Bacteria;p__Bacteroidetes;c__Bacteroidia;o__Bacteroidales;f__Bacteroidaceae;g__Bacteroides;s__Bacteroides_coprocola	k__Bacteria;p__Bacteroidetes;c__Bacteroidia;o__Bacteroidales;f__Bacteroidaceae;g__Bacteroides;s__Bacteroides_cellulosilyticus	k__Bacteria;p__Bacteroidetes;c__Bacteroidia;o__Bacteroidales;f__Rikenellaceae;g__Alistipes;s__Alistipes_obesi	k__Bacteria;p__Firmicutes;c__Clostridia;o__Clostridiales;f__Lachnospiraceae;g__;s__[Eubacterium]_rectale	k__Bacteria;p__Bacteroidetes;c__Bacteroidia;o__Bacteroidales;f__Bacteroidaceae;g__Bacteroides;s__Bacteroides_plebeius	k__Bacteria;p__Bacteroidetes;c__Bacteroidia;o__Bacteroidales;f__Bacteroidaceae;g__Bacteroides;s__Bacteroides_fragilis	k__Bacteria;p__Proteobacteria;c__Betaproteobacteria;o__Burkholderiales;f__Sutterellaceae;g__Sutterella;s__Sutterella_wadsworthensis	k__Bacteria;p__Bacteroidetes;c__Bacteroidia;o__Bacteroidales;f__Porphyromonadaceae;g__Barnesiella;s__Barnesiella_intestinihominis	k__Bacteria;p__Bacteroidetes;c__Bacteroidia;o__Bacteroidales;f__Odoribacteraceae;g__Odoribacter;s__Odoribacter_splanchnicus	k__Bacteria;p__Bacteroidetes;c__Bacteroidia;o__Bacteroidales;f__Bacteroidaceae;g__Bacteroides;s__Bacteroides_salyersiae	k__Bacteria;p__Firmicutes;c__Clostridia;o__Clostridiales;f__Ruminococcaceae;g__Ruminiclostridium;s__[Eubacterium]_siraeum	k__Bacteria;p__Proteobacteria;c__Betaproteobacteria;o__Burkholderiales;f__Sutterellaceae;g__Parasutterella;s__Parasutterella_excrementihominis	k__Bacteria;p__Actinobacteria;c__Actinobacteria;o__Bifidobacteriales;f__Bifidobacteriaceae;g__Bifidobacterium;s__Bifidobacterium_adolescentis	k__Bacteria;p__Firmicutes;c__Clostridia;o__Clostridiales;f__Oscillospiraceae;g__Oscillibacter;s__Oscillibacter_sp._KLE_1745	k__Bacteria;p__Bacteroidetes;c__Bacteroidia;o__Bacteroidales;f__Bacteroidaceae;g__Bacteroides;s__Bacteroides_coprophilus	k__Bacteria;p__Firmicutes;c__Clostridia;o__Clostridiales;f__Lachnospiraceae;g__Roseburia;s__Roseburia_intestinalis	k__Bacteria;p__Firmicutes;c__Clostridia;o__Clostridiales;f__Lachnospiraceae;g__Roseburia;s__Roseburia_hominis	k__Bacteria;p__Bacteroidetes;c__Bacteroidia;o__Bacteroidales;f__Porphyromonadaceae;g__Parabacteroides;s__Parabacteroides_johnsonii	k__Bacteria;p__Actinobacteria;c__Actinobacteria;o__Bifidobacteriales;f__Bifidobacteriaceae;g__Bifidobacterium;s__Bifidobacterium_longum	k__Bacteria;p__Firmicutes;c__Clostridia;o__Clostridiales;f__;g__Flavonifractor;s__Flavonifractor_plautii	k__Bacteria;p__Firmicutes;c__Clostridia;o__Clostridiales;f__Clostridiaceae;g__Clostridium;s__Clostridium_phoceensis	k__Bacteria;p__Verrucomicrobia;c__Verrucomicrobiae;o__Verrucomicrobiales;f__Akkermansiaceae;g__Akkermansia;s__Akkermansia_muciniphila	k__Bacteria;p__Bacteroidetes;c__Bacteroidia;o__Bacteroidales;f__Prevotellaceae;g__Paraprevotella;s__Paraprevotella_xylaniphila	k__Bacteria;p__Firmicutes;c__Clostridia;o__Clostridiales;f__Ruminococcaceae;g__Ruminococcus;s__Ruminococcus_callidus	k__Bacteria;p__Bacteroidetes;c__Bacteroidia;o__Bacteroidales;f__Rikenellaceae;g__Alistipes;s__Alistipes_senegalensis	k__Bacteria;p__Firmicutes;c__Clostridia;o__Clostridiales;f__Lachnospiraceae;g__Blautia;s__Blautia_sp._KLE_1732	k__Bacteria;p__Bacteroidetes;c__Bacteroidia;o__Bacteroidales;f__Bacteroidaceae;g__Bacteroides;s__Bacteroides_oleiciplenus	k__Bacteria;p__Firmicutes;c__Clostridia;o__Clostridiales;f__Ruminococcaceae;g__Ruminococcus;s__Ruminococcus_bicirculans	k__Bacteria;p__Bacteroidetes;c__Bacteroidia;o__Bacteroidales;f__Bacteroidaceae;g__Bacteroides;s__Bacteroides_fluxus	k__Bacteria;p__Bacteroidetes;c__Bacteroidia;o__Bacteroidales;f__Prevotellaceae;g__Prevotella;s__Prevotella_stercorea	k__Bacteria;p__Firmicutes;c__Clostridia;o__Clostridiales;f__Lachnospiraceae;g__Dorea;s__Dorea_longicatena	k__Bacteria;p__Firmicutes;c__Clostridia;o__Clostridiales;f__Eubacteriaceae;g__Eubacterium;s__[Eubacterium]_eligens	k__Bacteria;p__Firmicutes;c__Clostridia;o__Clostridiales;f__Ruminococcaceae;g__;s__Ruminococcaceae_bacterium_D16	k__Bacteria;p__Firmicutes;c__Clostridia;o__Clostridiales;f__Lachnospiraceae;g__Coprococcus;s__Coprococcus_comes	k__Bacteria;p__Proteobacteria;c__Gammaproteobacteria;o__Enterobacterales;f__Enterobacteriaceae;g__Escherichia;s__Escherichia_coli	k__Bacteria;p__Firmicutes;c__Clostridia;o__Clostridiales;f__Ruminococcaceae;g__Anaerotruncus;s__Anaerotruncus_colihominis	k__Bacteria;p__Firmicutes;c__Clostridia;o__Clostridiales;f__Lachnospiraceae;g__Blautia;s__Blautia_obeum	k__Bacteria;p__Bacteroidetes;c__Bacteroidia;o__Bacteroidales;f__Odoribacteraceae;g__Odoribacter;s__Odoribacter_laneus	k__Bacteria;p__Firmicutes;c__Clostridia;o__Clostridiales;f__Ruminococcaceae;g__Ruminiclostridium;s__[Clostridium]_leptum	k__Bacteria;p__Bacteroidetes;c__Bacteroidia;o__Bacteroidales;f__Porphyromonadaceae;g__Parabacteroides;s__Parabacteroides_goldsteinii	k__Bacteria;p__Firmicutes;c__Clostridia;o__Clostridiales;f__Lachnospiraceae;g__Anaerostipes;s__Anaerostipes_hadrus	k__Bacteria;p__Firmicutes;c__Clostridia;o__Clostridiales;f__Ruminococcaceae;g__Ruminococcus;s__Ruminococcus_lactaris	k__Bacteria;p__Firmicutes;c__Clostridia;o__Clostridiales;f__Clostridiaceae;g__Clostridium;s__Clostridium_sp._L2-50	k__Bacteria;p__Firmicutes;c__Clostridia;o__Clostridiales;f__Clostridiaceae;g__Clostridium;s__Clostridium_sp._M62/1	k__Bacteria;p__Firmicutes;c__Clostridia;o__Clostridiales;f__;g__Intestinimonas;s__Intestinimonas_butyriciproducens	k__Bacteria;p__Actinobacteria;c__Actinobacteria;o__Bifidobacteriales;f__Bifidobacteriaceae;g__Bifidobacterium;s__Bifidobacterium_bifidum	k__Bacteria;p__Firmicutes;c__Negativicutes;o__Veillonellales;f__Veillonellaceae;g__Dialister;s__Dialister_invisus	k__Bacteria;p__Bacteroidetes;c__Bacteroidia;o__Bacteroidales;f__Bacteroidaceae;g__Bacteroides;s__Bacteroides_salanitronis
k__Bacteria;p__Bacteroidetes;c__Bacteroidia;o__Bacteroidales;f__Bacteroidaceae;g__Bacteroides;s__Bacteroides_vulgatus	1.0	-0.0288087903874	-0.0472475953412	-0.0232426394763	-0.0390112837226	0.0060945439441	0.0265346091616	-0.0140265308668	-0.013944267964	0.00568658061408	-0.0196034790561	0.0385190996308	0.0298730474087	0.0262372159609	0.00055225228597	-0.0383997284004	-0.0170952025	0.00994110454914	0.0129561249278	-0.00986159386233	-0.0333676478685	0.00521400176463	-0.021680902923	-0.0138521816078	-0.00983080820515	-0.031121917596	-0.0150308343057	-0.00547892614071	-0.0177359617835	-0.0101261765024	-0.0624835153589	0.0323681929436	-0.061918762895	-0.0078757554358	-0.040708526737	-0.0530093172274	0.050927539352	-0.0015934464153	-0.0139695220424	0.0413017912263	-0.000167660683012	-0.0144326771999	0.0158675043973	0.00944480182994	0.0174711273694	-0.0687537665868	0.0370339257068	0.0370146332926	0.0108427288717	0.0187414245022	0.0339848570951	0.0329289687533	-0.0158189606796	-0.0158927876584	0.0200375888264	-0.015343422324	-0.054222401732	-0.00734732583675	-0.0165298409448
k__Bacteria;p__Bacteroidetes;c__Bacteroidia;o__Bacteroidales;f__Bacteroidaceae;g__Bacteroides;s__Bacteroides_uniformis	-0.0288087903874	1.0	-0.00541920642079	0.0297246341454	-0.0660886564977	0.0200568556098	-0.00541734126401	0.0249961968845	-0.010428064872	-0.017447273239	0.0767429301362	0.0244188749185	0.00802310964112	-6.09939993765e-05	-0.0358326483404	-0.0132846712589	0.0755439858094	-0.0216613612035	-0.00723929636163	-0.0240927114985	0.005692332268	0.0346874395638	-0.00431548738516	0.0100501961371	-0.0256913609579	-0.0902859347949	-0.0270708569621	-0.0148447694396	-0.0376639991931	0.0636984670099	-0.0658790950323	0.00955652300465	-0.0670017539282	-0.0598860399153	-0.0273673341717	0.0187206692603	-0.0176230360209	-0.000164224433855	-0.0641056703055	-0.019242618841	-0.00354515919152	0.0361821926806	0.0195666784267	-0.0256158692715	0.00589774654769	0.00437520890723	-0.0138498898941	-0.00610665416736	0.028644480489	0.036631550597	0.0637500903177	-0.0236099022306	-0.0180619455076	-0.04877195619	-0.00661135725628	0.0208342389383	0.01643831167	-0.0437536997541	-0.00915001157292
k__Bacteria;p__Bacteroidetes;c__Bacteroidia;o__Bacteroidales;f__Rikenellaceae;g__Alistipes;s__Alistipes_putredinis	-0.0472475953412	-0.00541920642079	1.0	-0.0117162565514	-0.0195492460948	-0.0266457014122	-0.0595156999205	-0.0585056890095	0.0113701293354	0.0785959839172	0.00134258438956	-0.0198779059213	-0.0427487221171	0.00105535815421	-0.00764714650585	0.0375114867703	0.0155061560659	0.0160079332576	-0.0291388545898	0.0214718636286	0.0214702774106	0.00636660674938	-0.037811620447	0.0130052764137	-0.0697764694605	0.0147027104729	-0.0458474532298	-0.0120983529804	-0.0365681258766	-0.0310000205679	0.00563651629726	0.0139776296687	0.0472535624225	-0.0248361165559	-0.00497344825106	-0.066231551018	0.0524573625647	-0.0187026763517	-0.0073287275188	-0.0161606778505	-0.0132571438313	-0.00151306342873	-0.00744605995658	0.0345364772487	-0.0667260731998	0.0496730295774	0.021603859525	-0.00401588591068	-0.00718588247727	0.0476431912314	0.0127340278094	-0.0256697414395	-0.00862134013439	-0.0366494729685	0.0747433620591	-0.020317346126	-0.0471041318437	0.0455083051097	-0.00858592615513
k__Bacteria;p__Bacteroidetes;c__Bacteroidia;o__Bacteroidales;f__Prevotellaceae;g__Prevotella;s__Prevotella_copri	-0.0232426394763	0.0297246341454	-0.0117162565514	1.0	0.0120205423003	0.039375934515	0.0200836397904	0.00402356878487	0.0199355503833	-0.0501613146467	-0.0281658645369	-0.0328645060467	-0.025769844835	-0.0310751461557	-0.000906862375533	0.00742915113542	0.0261168546967	-0.00408472839959	-0.0527626286684	-0.00432468701758	-0.00738058285555	0.00775257722999	-0.0296321513347	-0.0359855185703	0.00873281900269	-0.0171651807372	8.59061538495e-05	-0.00543394276926	-0.0194040339792	0.046193954551	0.0341096476718	-0.00307195703796	-0.0193635940676	-0.0389010568264	0.015214891414	0.0134532822286	0.0062936498916	0.0143048662049	0.0156390663997	-0.0661108787094	-0.051003365222	0.0159154136743	-0.0322992819403	-0.0349412673591	-0.00912249366051	-0.0528577555083	-0.0131060735977	-0.0240592757195	0.0299254756194	0.0138436147077	0.0513356418355	0.0181037562472	-0.01056514717	-0.0599638246586	0.00154846545379	-0.0245071821824	0.00605571182758	0.035382194941	0.0310443104447
k__Bacteria;p__Bacteroidetes;c__Bacteroidia;o__Bacteroidales;f__Bacteroidaceae;g__Bacteroides;s__Bacteroides_stercoris	-0.0390112837226	-0.0660886564977	-0.0195492460948	0.0120205423003	1.0	0.0140514248599	-0.00948758200075	-0.0261955751057	-0.027686201741	-0.0182599897784	-0.0302562244529	0.0321200998147	0.0134164251665	0.0513059824888	-0.0305357005927	-0.0314110241982	-0.0818525388307	0.0342193768651	-0.0156053654592	-0.0438678609961	-0.0184374582025	-0.0333323371043	0.0442094420332	0.00744880737962	-0.00923450041027	0.0325525878246	-0.0105182724108	-0.0419624410555	-0.0329067245006	0.0298340256637	0.0269644323075	-0.03689729036	0.00473224866531	-0.0179777509281	0.00949989196002	-0.0141177862295	0.0176286930281	0.0724126115816	0.0108147202043	0.0195887584008	-0.0377712272942	-0.0157118414261	0.00929514969403	0.0303303280792	-0.0325286758906	-0.0142646883363	-0.0283767833877	-0.00555095998325	-0.0109306446291	0.016915374967	0.0225221618909	0.00225533939285	-0.0672648643565	-0.00261126688628	-0.0723158415976	0.00416799523015	-0.0147389231673	-0.00735417094636	0.000346137484888
k__Bacteria;p__Bacteroidetes;c__Bacteroidia;o__Bacteroidales;f__Bacteroidaceae;g__Bacteroides;s__Bacteroides_ovatus	0.0060945439441	0.0200568556098	-0.0266457014122	0.039375934515	0.0140514248599	1.0	0.0327572503025	-0.0621627771357	0.0177698130327	-0.0152727988683	-0.0372708854019	-0.00587425369544	-0.00495558944215	-0.0539796815402	0.0355870699997	-0.0058036457601	0.0564682303344	0.0151079632028	0.00789521307746	-0.07085266646	0.00590308442772	-0.00194222342475	-0.00560902530439	-0.0188217511198	0.0172071267202	0.0278921053295	0.0563806908597	-0.0362128289695	-0.0339787898033	-0.0148971996172	-0.00635848617151	0.035768313486	-0.0225365481529	-0.0197164851064	0.000279053536712	0.00762830835358	0.00396779942031	-0.052114532914	-0.0433313053117	-0.0308031767402	-0.0146843614958	0.00748062186384	0.0357983554856	-0.0229725827001	-0.0455252970559	8.7244443681e-05	-0.0445083634616	0.0121603028685	0.0469877203919	0.000895242955839	-0.00621180657353	-0.0299163421904	-0.0384900614605	-0.00214210008183	-0.0379179299115	-0.0452373053064	-0.0241925724861	0.0186749606988	-0.0494708685686
k__Bacteria;p__Bacteroidetes;c__Bacteroidia;o__Bacteroidales;f__Rikenellaceae;g__Alistipes;s__Alistipes_shahii	0.0265346091616	-0.00541734126401	-0.0595156999205	0.0200836397904	-0.00948758200075	0.0327572503025	1.0	-0.0860796936612	-0.00360711731694	-0.00911378348378	-0.0562625392896	0.064558498877	-0.00911526037496	0.00834165682189	-0.0444826152314	-0.016443507714	-0.00226961214181	-0.00875706484579	-0.0467248567149	0.00895515325848	-0.0385429293319	-0.0443993284606	-0.0637430940891	0.00112659736497	-0.00297077686204	-0.0141080999816	0.00553949712671	-0.00663924664909	-0.0088556637495	-0.0574077498866	0.027550246185	0.0364249931078	-0.00850611990389	-0.0114163079234	0.0216043980292	0.0179880735629	-0.0561108611825	-0.0146183834697	-0.0435358081744	-0.0392716282195	-0.00644190810941	-0.00185732289299	0.0082304357187	-0.0404687388787	0.0831565456358	-0.0399403484699	0.0381936243038	0.0251688284664	0.0128418408518	-0.000799811931735	0.00130138779968	-0.0344937566366	-0.0092996055001	-0.0364221331685	-0.0139463779888	0.047319086525	0.00094349658041	-0.00722941176135	-0.0634724516414
k__Bacteria;p__Firmicutes;c__Clostridia;o__Clostridiales;f__Ruminococcaceae;g__Faecalibacterium;s__Faecalibacterium_prausnitzii	-0.0140265308668	0.0249961968845	-0.0585056890095	0.00402356878487	-0.0261955751057	-0.0621627771357	-0.0860796936612	1.0	-0.0215845910285	-0.0197860572443	-0.0119798533634	0.0336911936719	-0.0109006482489	-0.00171877371318	-0.0207351727165	-0.0171321186502	-0.00393259386034	0.00735377880521	0.0462650404168	-0.0408330598414	0.00733242422214	-0.0571560244064	-0.00626986606439	0.00147567514868	-0.00724914696103	0.0482127967768	-0.0349055400084	-0.0236845950416	-0.0133452506987	-0.0203809201791	-0.00300486797475	0.0399048957041	0.0309941039637	0.0096464074025	-0.0223358847527	0.0378720451162	-0.0191149446302	-0.0347508795675	-0.0384775323752	-0.0115527102836	-0.00265987213904	0.0361750380244	-0.00768450327076	-0.0382755925478	0.0382662969919	-0.0067407912114	0.00236072491509	-0.00607963301904	-0.0111409786451	-0.0208774131944	0.0304789737722	-0.0322184470646	-0.0199421923606	-0.012940322874	0.0408890394093	0.0228341826664	0.061106310317	0.00322123797187	0.0283624117112
k__Bacteria;p__Bacteroidetes;c__Bacteroidia;o__Bacteroidales;f__Rikenellaceae;g__Alistipes;s__Alistipes_finegoldii	-0.013944267964	-0.010428064872	0.0113701293354	0.0199355503833	-0.027686201741	0.0177698130327	-0.00360711731694	-0.0215845910285	1.0	0.0069448743346	-0.035883895874	-0.0147183770711	-0.0315777130368	-0.0237925806544	-0.0460447918081	0.00624639587389	0.0333641836246	-0.010033380341	0.00633783406939	-0.0088640753613	-0.00449014653071	0.00620359552441	0.106576161696	-0.00350289688429	-0.0459313956529	0.000436823955997	-0.0400660420955	0.0221380765535	0.000281509783536	-0.0034653566487	0.00582396226867	-0.0433354977351	0.000375378948752	0.0220002966616	0.019957368545	0.0082598753156	0.000289894968999	-0.0178961775453	0.0409661981063	0.00288980480039	-0.00832882166764	-0.0422769373029	0.0356141764323	-0.0128385020093	-0.00933485953191	0.00880542264069	-0.0420435712736	-0.0228159934943	0.0547868068978	0.0281775848264	-0.0400538077413	-0.0487479901985	-0.0136626773434	-0.0561429013418	0.0182819602693	-0.110128677172	-0.00322568866597	-0.00622852285341	-0.0274865232144
k__Bacteria;p__Bacteroidetes;c__Bacteroidia;o__Bacteroidales;f__Porphyromonadaceae;g__Parabacteroides;s__Parabacteroides_distasonis	0.00568658061408	-0.017447273239	0.0785959839172	-0.0501613146467	-0.0182599897784	-0.0152727988683	-0.00911378348378	-0.0197860572443	0.0069448743346	1.0	-0.00396411571972	-0.0296350539861	-0.0427465539289	-0.0441169169051	-0.00904913126838	-0.0204004927065	0.0989011389958	0.0258068041992	0.014486512039	0.00957543854734	-0.0106332149837	0.0393801305686	-0.0150592621258	-0.0391199352192	-0.0326315605884	-0.0512788568395	0.00450993020665	-0.0172634951413	-0.0235207084566	-0.0108471946917	-0.0700475057497	0.012418442681	-0.00576151494764	-0.00684617830809	0.0683852432322	-0.0364840483645	0.012581950587	0.0445883706282	0.00517978870679	0.0573921015888	-0.0238507735199	0.0167190001992	0.038556147177	-0.00405510503652	-0.057389221544	0.0675240326857	-0.0113360962708	-0.0331796820726	0.00216715740929	-0.0046858222843	-0.0963727235252	0.00155219708616	0.0406944280506	0.0439806477526	0.0105436197581	-0.0564931935303	-0.0648479005445	-0.0691825554388	-0.0341256462739
k__Bacteria;p__Bacteroidetes;c__Bacteroidia;o__Bacteroidales;f__Bacteroidaceae;g__Bacteroides;s__Bacteroides_thetaiotaomicron	-0.0196034790561	0.0767429301362	0.00134258438956	-0.0281658645369	-0.0302562244529	-0.0372708854019	-0.0562625392896	-0.0119798533634	-0.035883895874	-0.00396411571972	1.0	-0.0349285086046	-0.00426027162314	0.0114704245712	-0.0504869690965	-0.0343697287234	0.011866520296	-0.00657411139561	-0.000590168637162	0.0580014532962	-0.000570990720461	-0.0777836276154	-0.00786020005213	0.0154789866337	-0.0190007038107	-0.00210757646559	0.0668894188051	0.0469947817556	0.0138165966894	0.0177638220285	0.0223338662539	0.00737003949781	-0.0123534769144	-0.00112531020829	-0.0176518976306	0.00594393457647	-0.0466884049956	-0.0107636427847	-0.0586507349628	-0.00750614941452	-0.0180790312248	0.000147728194767	-0.0133640491321	0.0442877382776	-0.0243441243586	-0.00686378865827	-0.00945000818517	-0.00198655641716	0.0131881349019	0.0161641703383	-0.0168334027518	-0.0380541449474	0.0267579592266	0.0155323815978	-0.0379714091263	0.0115138722502	0.0640085740937	0.00333614036217	-0.0178335385837
k__Bacteria;p__Bacteroidetes;c__Bacteroidia;o__Bacteroidales;f__Bacteroidaceae;g__Bacteroides;s__Bacteroides_coprocola	0.0385190996308	0.0244188749185	-0.0198779059213	-0.0328645060467	0.0321200998147	-0.00587425369544	0.064558498877	0.0336911936719	-0.0147183770711	-0.0296350539861	-0.0349285086046	1.0	0.00622151505226	-0.0144690549334	-0.0100382871868	0.00417472675648	-0.00793932239437	-0.0269355919799	-0.0602201040561	-0.0173746527941	0.000604162942504	-0.0386198231904	-0.0132511415449	-0.0488994866239	0.00892964996358	-0.0303961248738	-0.0416973169081	-0.0571175855537	-0.0206035326142	0.0091767377503	-0.0122946409711	-0.0449413298671	0.0235440854247	-0.0422545796985	-0.0550199948251	0.0118320235771	0.0216055400491	0.0209689703414	0.0206318177334	0.0238032733243	-0.0364573266792	-0.0295396021602	0.0294252736034	-0.0177941842314	0.0522345555681	-0.00948666541216	-0.0543357917611	-0.00132766291209	-0.0288175108251	-0.0345012237375	0.0221555817449	0.00635801805044	0.0390697097409	0.0405543503282	-0.0377478237391	-0.0340439172363	-0.00375217921606	-0.0274654486307	-0.0310010773201
k__Bacteria;p__Bacteroidetes;c__Bacteroidia;o__Bacteroidales;f__Bacteroidaceae;g__Bacteroides;s__Bacteroides_cellulosilyticus	0.0298730474087	0.00802310964112	-0.0427487221171	-0.025769844835	0.0134164251665	-0.00495558944215	-0.00911526037496	-0.0109006482489	-0.0315777130368	-0.0427465539289	-0.00426027162314	0.00622151505226	1.0	0.00520021546859	0.00285112242502	0.00841007625099	-0.0342621644703	-0.0214938684638	-0.00678190308932	-0.0467758468087	0.0347292499703	-0.0451445041276	0.0201249818224	-0.00707657551668	0.0356741788768	-0.0523834711011	-0.0349035091763	-0.0478670373313	-0.01123179013	0.0252733529386	-0.00464395240613	-0.0133701559197	-0.0121022177141	0.00741599467486	-0.0219117773401	-0.00563840478936	-0.0396330574221	-0.0691099671921	-0.0302732011226	0.00950478631866	-0.0321002508085	-0.00342678538903	0.00858559610641	0.0289791406431	0.0227499510684	-0.00839549092961	-0.0216395054952	-0.0282266643236	0.00472401285331	0.0214265305297	-0.00882165426808	0.00805349973933	0.023249273827	-0.0473014564018	-0.000676115566058	-0.00446035877449	0.0238706458733	0.0254153152814	0.015629605455
k__Bacteria;p__Bacteroidetes;c__Bacteroidia;o__Bacteroidales;f__Rikenellaceae;g__Alistipes;s__Alistipes_obesi	0.0262372159609	-6.09939993764e-05	0.00105535815421	-0.0310751461557	0.0513059824888	-0.0539796815402	0.00834165682189	-0.00171877371318	-0.0237925806544	-0.0441169169051	0.0114704245712	-0.0144690549334	0.00520021546859	1.0	-0.0149519646106	-0.00476348606142	-0.0140790170821	0.0518494108068	-0.0314208549475	-0.0091162186289	-0.0409753304355	0.0573101012421	0.00590256235704	0.0402692200864	0.0324348866302	-0.0150850745138	-0.04298631951	-0.0563303414618	-0.0342084017768	0.0344453455653	-0.00191939713965	-0.0157223978512	-0.0289166851049	0.00896525902557	-0.0200307966817	-0.0426732180723	0.00964132911976	0.0213536629747	-0.0125948860034	-0.0782539246794	-0.0234831051705	-0.0285090639465	-0.0304699726677	-0.0112120057033	0.0253529126619	0.0279472466277	0.000725243429293	0.00573826560008	0.0313395266231	0.0243983889647	0.0183731331012	0.0276902514978	-0.0076385259214	-0.0406240407918	-0.0539553819806	-0.0400176433438	-0.022614114898	0.0257617734862	-0.0133596522164
k__Bacteria;p__Firmicutes;c__Clostridia;o__Clostridiales;f__Lachnospiraceae;g__;s__[Eubacterium]_rectale	0.00055225228597	-0.0358326483404	-0.00764714650585	-0.000906862375533	-0.0305357005927	0.0355870699997	-0.0444826152314	-0.0207351727165	-0.0460447918081	-0.00904913126838	-0.0504869690965	-0.0100382871868	0.00285112242502	-0.0149519646106	1.0	0.0173172027594	-0.0261606311483	0.0242140907079	0.0357436126663	0.0484745245653	-0.00406559304351	-0.0346769637184	0.045381629617	0.0285304562465	-0.00204956739421	0.0193036401446	0.0305175641414	0.0306808919077	-0.0210672765187	-0.0455650769973	0.0139284392466	0.0294312659649	-0.00426865953141	-0.00516935652956	0.0107295559112	-0.0256808802759	0.0253151235479	-0.00339952552577	0.00271439472021	-0.0412675920843	0.00907768729972	-0.0251433850104	-0.0182838143667	-0.0178908724569	0.0447337338623	-0.0417216285209	-0.0316881307926	-0.00213599129392	0.00254228376247	-0.0404019002934	0.0366313813901	-0.0166341681509	-0.0458533683666	0.000694841899471	-0.0232570641786	0.01438942579	-0.017735704637	0.0193791397004	-0.0240178270963
k__Bacteria;p__Bacteroidetes;c__Bacteroidia;o__Bacteroidales;f__Bacteroidaceae;g__Bacteroides;s__Bacteroides_plebeius	-0.0383997284004	-0.0132846712589	0.0375114867703	0.00742915113542	-0.0314110241982	-0.0058036457601	-0.016443507714	-0.0171321186502	0.00624639587389	-0.0204004927065	-0.0343697287234	0.00417472675648	0.00841007625099	-0.00476348606142	0.0173172027594	1.0	-0.0593146010891	0.0105386102828	0.00806160878306	-0.00379732411295	-0.0162332846324	0.0505567852477	-0.0656439842847	0.00100661271237	-0.0174113669646	0.0257686402484	0.034381089674	0.0150384234831	0.0637580580367	-0.00634515158767	-0.0178944326214	-0.00736347110402	0.0116321606315	-0.00951348986831	0.0455843476452	0.0436353159762	-0.0433347491749	-0.0131850940273	0.00968142590297	-0.00975526699956	-0.0257875421924	-0.0303639571859	0.0219399257663	0.0215402079197	-0.0256137536343	0.0401996675372	-0.0500771366292	0.00853088800806	-0.0187747558251	-0.0763035964857	0.0147547474324	-0.0297122099223	-0.0217527292565	-0.0163404155736	0.0219391713946	-0.0141380437173	-0.0863696853906	-0.00534656651287	-0.047311285559
k__Bacteria;p__Bacteroidetes;c__Bacteroidia;o__Bacteroidales;f__Bacteroidaceae;g__Bacteroides;s__Bacteroides_fragilis	-0.0170952025	0.0755439858094	0.0155061560659	0.0261168546967	-0.0818525388307	0.0564682303344	-0.00226961214181	-0.00393259386034	0.0333641836246	0.0989011389958	0.011866520296	-0.00793932239437	-0.0342621644703	-0.0140790170821	-0.0261606311483	-0.0593146010891	1.0	0.0604648757158	0.0153565242742	-0.036102982922	0.0054473408684	-0.0442133805106	-0.0177806251183	0.0471404407732	-0.0764563058924	0.00393457735858	-0.0882146376001	0.0304373897614	-0.0314594110699	0.00224021742042	0.0482964638341	-0.0494732895732	-0.0404036385739	0.0325056372598	-0.0458488672919	-0.0524765551455	0.00771922858044	-0.0624517163417	-0.0127201608458	0.036115996151	-0.0415776506025	-0.0317511724552	0.0159980873464	-0.000743461272845	-0.00519578522421	-0.00334879996078	-0.000592546903286	-0.0318677126364	-0.0502306915878	0.00621625010185	-0.00432178270239	-0.0327322708178	0.0147523407157	-0.0518192513034	-0.00367162992062	0.0308954121235	-0.0848442569477	-0.0220172773925	0.0538334369526
k__Bacteria;p__Proteobacteria;c__Betaproteobacteria;o__Burkholderiales;f__Sutterellaceae;g__Sutterella;s__Sutterella_wadsworthensis	0.00994110454914	-0.0216613612035	0.0160079332576	-0.00408472839959	0.0342193768651	0.0151079632028	-0.00875706484579	0.00735377880521	-0.010033380341	0.0258068041992	-0.00657411139561	-0.0269355919799	-0.0214938684638	0.0518494108068	0.0242140907079	0.0105386102828	0.0604648757158	1.0	-0.000279971357252	-0.000343343247562	0.0550834317668	-0.0187003184812	-0.039342786835	-0.0268735895909	-0.0400678345848	-0.00421627056441	-0.0275261062372	0.0143938850286	-0.0459833892005	-0.0391193901616	-0.00406935654274	0.0133761570132	-0.00228116182174	-0.0330307971898	-0.0194363745119	0.0211605324907	-0.000783519214965	-0.0300965747218	0.0355679086613	-0.0322129413334	-0.0108699800991	0.0351496770544	-0.00206329948982	-0.0460613970235	-0.0273147081427	0.0221949273934	0.0242533490027	-0.0384899457449	-0.0500995555757	-0.0395973368817	-0.0633116128577	0.00461490193953	-0.0681619425829	0.0308525286551	-0.0281909163262	-0.0106157475048	-0.032043194948	-0.0194222434195	-0.0575468552785
k__Bacteria;p__Bacteroidetes;c__Bacteroidia;o__Bacteroidales;f__Porphyromonadaceae;g__Barnesiella;s__Barnesiella_intestinihominis	0.0129561249278	-0.00723929636163	-0.0291388545898	-0.0527626286684	-0.0156053654592	0.00789521307746	-0.0467248567149	0.0462650404168	0.00633783406939	0.014486512039	-0.000590168637162	-0.0602201040561	-0.00678190308932	-0.0314208549475	0.0357436126663	0.00806160878306	0.0153565242742	-0.000279971357252	1.0	-0.0282172752305	-0.006425144006	-0.0321366729215	0.0329801078571	-0.00634429411926	-0.0540739283557	0.0169600804116	0.0101879663506	-0.0317983603547	0.0417252583271	-0.010085490948	-0.0620604759171	0.0205485393577	-0.00731706637993	-0.0111844895926	0.000567609777068	-0.0235017938059	0.00536500628982	-0.0516604338677	-0.0478027831855	-0.0374280618807	0.0118549527874	0.0110674077871	-0.0260893913895	-0.0626543448239	-0.028075479425	0.00866224964687	0.0156563808952	-0.00110920098194	0.0220881035725	0.000336590745911	-0.0221315452209	0.0664477611733	-0.0274018992198	-0.0401807822103	-0.0585510029271	0.0263553063902	-0.000448268722003	-0.0318335810565	0.00111113344883
k__Bacteria;p__Bacteroidetes;c__Bacteroidia;o__Bacteroidales;f__Odoribacteraceae;g__Odoribacter;s__Odoribacter_splanchnicus	-0.00986159386233	-0.0240927114985	0.0214718636286	-0.00432468701758	-0.0438678609961	-0.07085266646	0.00895515325848	-0.0408330598414	-0.0088640753613	0.00957543854734	0.0580014532962	-0.0173746527941	-0.0467758468087	-0.0091162186289	0.0484745245653	-0.00379732411295	-0.036102982922	-0.000343343247562	-0.0282172752305	1.0	-0.0363871745883	0.0447986527185	0.0112002087105	0.00783772053933	-0.0214630213943	0.00861940728361	-0.00862475871085	-0.0447340386801	0.0114474489431	-0.00274754420946	-0.00734173471164	0.0500818239021	0.00337549380442	0.0214509500849	0.0232420359605	-0.0441264287039	0.0315941270384	-0.0986111166172	-0.0518680688092	-0.0190180509675	0.0186107418112	0.0312909289557	-0.0450407756148	-0.0226960058789	-0.0144345699731	0.0300903506155	-0.00719784174569	-0.00654864690589	-0.066322558344	-0.0326139835454	-0.0283847445368	-0.00913050135522	0.0333965237173	0.0316428212133	0.00753800224268	-0.00738069775751	0.0179104871201	0.0235989964825	0.00237879664259
k__Bacteria;p__Bacteroidetes;c__Bacteroidia;o__Bacteroidales;f__Bacteroidaceae;g__Bacteroides;s__Bacteroides_salyersiae	-0.0333676478685	0.005692332268	0.0214702774106	-0.00738058285555	-0.0184374582025	0.00590308442772	-0.0385429293319	0.00733242422214	-0.00449014653071	-0.0106332149837	-0.000570990720461	0.000604162942504	0.0347292499703	-0.0409753304355	-0.00406559304351	-0.0162332846324	0.0054473408684	0.0550834317668	-0.006425144006	-0.0363871745883	1.0	-0.0200852738696	-0.0210935826591	0.00832007006797	0.013735280262	-0.0169294280606	-0.00774379761245	-0.000145855191305	0.0345070156391	0.0191023318396	-0.0144479196073	0.0296512454658	-0.103633280899	0.00514634436444	-0.0290624219037	-0.03842390463	0.00338413187833	-0.0226010228038	-0.0290241572846	-0.0246074519712	-0.0321654426546	-0.00515536276647	-0.0391974489171	-0.0241577645984	-0.00713553238436	0.0399642685366	0.057331345239	-0.0571375978299	-0.00113593595655	0.00401298766791	0.0266418930509	-0.0391052526137	0.0147730354669	-0.0425749025765	-0.00897438371176	0.0590260503407	-0.00714905693786	-0.076887075906	-0.0278579186648
k__Bacteria;p__Firmicutes;c__Clostridia;o__Clostridiales;f__Ruminococcaceae;g__Ruminiclostridium;s__[Eubacterium]_siraeum	0.00521400176463	0.0346874395638	0.00636660674938	0.00775257722999	-0.0333323371043	-0.00194222342475	-0.0443993284606	-0.0571560244064	0.00620359552441	0.0393801305686	-0.0777836276154	-0.0386198231904	-0.0451445041276	0.0573101012421	-0.0346769637184	0.0505567852477	-0.0442133805106	-0.0187003184812	-0.0321366729215	0.0447986527185	-0.0200852738696	1.0	-0.0134273755647	-0.00284241986761	0.0138072766653	0.00300123588032	-0.0191379689818	0.0332327890587	-0.00735887593252	0.0507545147234	-0.0132528516969	-0.0407022680278	0.0151885663004	-0.0138957854451	-0.00491290320558	0.000273381120589	-9.79758164903e-05	0.00967603268154	0.0274005028751	-0.065314106187	-0.058566647035	-0.0412300609603	-0.0111295138043	-0.033738249545	-0.0442342788212	-0.00651703960639	0.0106510171402	-0.0114217686075	0.0353503349347	0.0174919383356	0.00413837892207	-0.0140061493247	0.0360581285913	-0.0408489433916	-0.049137723784	0.02251263568	-0.0157983825895	-0.022148872408	0.000864871952309
k__Bacteria;p__Proteobacteria;c__Betaproteobacteria;o__Burkholderiales;f__Sutterellaceae;g__Parasutterella;s__Parasutterella_excrementihominis	-0.021680902923	-0.00431548738516	-0.037811620447	-0.0296321513347	0.0442094420332	-0.00560902530439	-0.0637430940891	-0.00626986606439	0.106576161696	-0.0150592621258	-0.00786020005213	-0.0132511415449	0.0201249818224	0.00590256235704	0.045381629617	-0.0656439842847	-0.0177806251183	-0.039342786835	0.0329801078571	0.0112002087105	-0.0210935826591	-0.0134273755647	1.0	0.00359638917629	-0.0331240489675	-0.0413676159722	-0.0316278049311	-0.0579738996269	-0.0114866514915	-0.00672589940868	0.0557113606868	-0.00571495188768	-0.0243550232419	-0.0372222625091	0.000626792778183	-0.0246591816568	0.0134892579958	-0.0164120364698	0.0162181182942	0.00614173203383	0.0289740220558	-0.0276915843497	-0.0369460071135	-0.040697901621	-0.035665788028	-0.0363828385583	0.0434784486062	-0.0281810903092	-0.0031199336411	-0.0742898099526	-0.022182546688	0.0319164977866	0.00670064799297	-0.0317634297884	0.00383296425682	-0.016688947575	-0.00525449145664	-0.0109720383979	-0.0195010484641
k__Bacteria;p__Actinobacteria;c__Actinobacteria;o__Bifidobacteriales;f__Bifidobacteriaceae;g__Bifidobacterium;s__Bifidobacterium_adolescentis	-0.0138521816078	0.0100501961371	0.0130052764137	-0.0359855185703	0.00744880737962	-0.0188217511198	0.00112659736497	0.00147567514868	-0.00350289688429	-0.0391199352192	0.0154789866337	-0.0488994866239	-0.00707657551668	0.0402692200864	0.0285304562465	0.00100661271237	0.0471404407732	-0.0268735895909	-0.00634429411926	0.00783772053933	0.00832007006797	-0.00284241986761	0.00359638917629	1.0	0.0172257505798	-0.0224414077297	-0.0475725247668	-0.00672267575498	-0.0230249328561	-0.0170792097126	0.0192887462274	-0.0677354965308	0.02775337137	-0.0181744497545	-0.0135772993957	-0.0281871460694	-0.0199261160558	-0.0337097142015	0.0194385228757	-0.0160454534513	-0.0131870925541	0.0146508866775	-0.0149191717878	0.0140575562698	0.0485952187301	-0.0177143718205	0.0179268013988	0.000254298540823	0.0239633950874	-0.0236392619626	-0.0812621472378	-0.0389634519396	-0.0340936971444	0.0168659212941	-0.0671495574417	-0.0334259159983	0.00362350601855	0.0100598053482	-0.0337585075739
k__Bacteria;p__Firmicutes;c__Clostridia;o__Clostridiales;f__Oscillospiraceae;g__Oscillibacter;s__Oscillibacter_sp._KLE_1745	-0.00983080820515	-0.0256913609579	-0.0697764694605	0.00873281900269	-0.00923450041027	0.0172071267202	-0.00297077686204	-0.00724914696103	-0.0459313956529	-0.0326315605884	-0.0190007038107	0.00892964996358	0.0356741788768	0.0324348866302	-0.00204956739421	-0.0174113669646	-0.0764563058924	-0.0400678345848	-0.0540739283557	-0.0214630213943	0.013735280262	0.0138072766653	-0.0331240489675	0.0172257505798	1.0	0.0114694850014	-0.0733866507096	-0.0047572828843	-0.00785138131787	0.0311381349731	-0.0105232317901	-0.0646424186561	-0.012650132299	0.00611292211547	-0.0124110634793	0.0421391013239	0.0147180392584	-0.017039826698	0.0570636126204	-0.0430092754749	-0.0275350458279	0.00543382468411	0.0211994522063	0.00564265015229	0.0268525084321	-0.0222229629173	-0.0220499710902	-0.0677316686034	0.00384708489931	0.0185169466813	0.00582248720112	0.0157983963659	0.00914365570788	0.00299167046935	0.0465776980698	0.0330553026069	-0.000959475775359	0.0049011372229	-0.00247180929596
k__Bacteria;p__Bacteroidetes;c__Bacteroidia;o__Bacteroidales;f__Bacteroidaceae;g__Bacteroides;s__Bacteroides_coprophilus	-0.031121917596	-0.0902859347949	0.0147027104729	-0.0171651807372	0.0325525878246	0.0278921053295	-0.0141080999816	0.0482127967768	0.000436823955997	-0.0512788568395	-0.00210757646559	-0.0303961248738	-0.0523834711011	-0.0150850745138	0.0193036401446	0.0257686402484	0.00393457735858	-0.00421627056441	0.0169600804116	0.00861940728361	-0.0169294280606	0.00300123588032	-0.0413676159722	-0.0224414077297	0.0114694850014	1.0	0.0319956675765	-0.0248543118777	0.0458039508626	-0.0498686563734	-0.0223483947334	-0.030765010299	0.027120214613	0.0122506420966	-0.0110193397639	0.0382476222174	-0.0789813846519	0.0343974805443	0.0159814641171	0.0323827708595	0.00878230335357	0.0176942099301	0.0224656537834	0.053012600895	0.0355030651643	-0.0246642049109	0.00594795664837	-0.0257925129182	-0.000564541891535	-0.0480155320684	-0.00722250642973	0.015011476406	-0.0281574671287	0.0222314128725	-0.0063400497768	-0.0247453857781	-0.0585228689848	-0.0574024760131	-0.0131185940997
k__Bacteria;p__Firmicutes;c__Clostridia;o__Clostridiales;f__Lachnospiraceae;g__Roseburia;s__Roseburia_intestinalis	-0.0150308343057	-0.0270708569621	-0.0458474532298	8.59061538494e-05	-0.0105182724108	0.0563806908597	0.00553949712671	-0.0349055400084	-0.0400660420955	0.00450993020665	0.0668894188051	-0.0416973169081	-0.0349035091763	-0.04298631951	0.0305175641414	0.034381089674	-0.0882146376001	-0.0275261062372	0.0101879663506	-0.00862475871085	-0.00774379761245	-0.0191379689818	-0.0316278049311	-0.0475725247668	-0.0733866507096	0.0319956675765	1.0	-0.0226332952163	0.0157526923007	-0.044534574191	-0.0131016378257	-0.0686783887572	-0.0177111432344	0.0211773059785	0.0241724424296	-0.0147003384367	-0.0109345640037	0.016645095694	0.00495827025768	0.0666340132795	0.00845664842433	0.0259240886828	-0.0637304955319	0.0188349905379	-0.0205178662806	-0.0111283220813	0.00208347547105	0.00574190175413	-0.0210760953526	0.0140960912651	-0.0386753364385	0.00222899660255	-0.0183399023365	-0.00923810857117	-0.0244139560084	0.0349243175452	-0.00706987701471	0.0345469043844	-0.0406799700411
k__Bacteria;p__Firmicutes;c__Clostridia;o__Clostridiales;f__Lachnospiraceae;g__Roseburia;s__Roseburia_hominis	-0.00547892614071	-0.0148447694396	-0.0120983529804	-0.00543394276926	-0.0419624410555	-0.0362128289695	-0.00663924664909	-0.0236845950416	0.0221380765535	-0.0172634951413	0.0469947817556	-0.0571175855537	-0.0478670373313	-0.0563303414618	0.0306808919077	0.0150384234831	0.0304373897614	0.0143938850286	-0.0317983603547	-0.0447340386801	-0.000145855191305	0.0332327890587	-0.0579738996269	-0.00672267575498	-0.0047572828843	-0.0248543118777	-0.0226332952163	1.0	-0.0231967121583	-0.0276295651262	-0.0603600441358	-0.0257551322335	0.0348043714398	0.00766924608753	0.0653591389019	-0.030444748337	0.00107561429411	-0.0775086596148	-0.0278780686282	-0.0048547277511	0.0294566354379	0.016667146362	0.00749368224053	-0.0553523830302	-0.00472848682083	0.00235206824362	-0.0100683211707	0.0967345542967	-0.00363224146883	0.0397203606308	-0.0301501817476	-0.0349081250253	-0.0112629138018	0.00320031238543	-0.0315559074004	0.00507906616478	0.00289472934197	0.000776856657676	0.00595687674482
k__Bacteria;p__Bacteroidetes;c__Bacteroidia;o__Bacteroidales;f__Porphyromonadaceae;g__Parabacteroides;s__Parabacteroides_johnsonii	-0.0177359617835	-0.0376639991931	-0.0365681258766	-0.0194040339792	-0.0329067245006	-0.0339787898033	-0.0088556637495	-0.0133452506987	0.000281509783536	-0.0235207084566	0.0138165966894	-0.0206035326142	-0.01123179013	-0.0342084017768	-0.0210672765187	0.0637580580367	-0.0314594110699	-0.0459833892005	0.0417252583271	0.0114474489431	0.0345070156391	-0.00735887593252	-0.0114866514915	-0.0230249328561	-0.00785138131787	0.0458039508626	0.0157526923007	-0.0231967121583	1.0	0.0302474253407	-0.00584529731447	-0.0562466603118	0.00553732137792	0.0300418676108	-0.0325453245622	-0.00121267520497	-0.0577583953487	0.0081741521377	0.0224232155828	0.00398189152728	-0.012518720523	0.0179755939653	-0.0137168096225	-0.0218539085797	-0.0178981603902	-0.0265484597703	-0.00571105327137	0.0221379626963	-0.0462232203719	0.0290201967391	0.0220130368953	0.00617021085133	-0.0283017939498	0.0515455119051	-0.0116835407514	0.0118195443517	-0.0275700318531	0.0324408274735	0.0727927920697
