#taxonomy	k__Bacteria;p__Bacteroidetes;c__Bacteroidia;o__Bacteroidales;f__Bacteroidaceae;g__Bacteroides;s__Bacteroides_vulgatus	k__Bacteria;p__Bacteroidetes;c__Bacteroidia;o__Bacteroidales;f__Bacteroidaceae;g__Bacteroides;s__Bacteroides_uniformis	k__Bacteria;p__Bacteroidetes;c__Bacteroidia;o__Bacteroidales;f__Rikenellaceae;g__Alistipes;s__Alistipes_putredinis	k__Bacteria;p__Bacteroidetes;c__Bacteroidia;o__Bacteroidales;f__Prevotellaceae;g__Prevotella;s__Prevotella_copri	k__Bacteria;p__Bacteroidetes;c__Bacteroidia;o__Bacteroidales;f__Bacteroidaceae;g__Bacteroides;s__Bacteroides_stercoris	k__Bacteria;p__Bacteroidetes;c__Bacteroidia;o__Bacteroidales;f__Bacteroidaceae;g__Bacteroides;s__Bacteroides_ovatus	k__Bacteria;p__Bacteroidetes;c__Bacteroidia;o__Bacteroidales;f__Rikenellaceae;g__Alistipes;s__Alistipes_shahii	k__Bacteria;p__Firmicutes;c__Clostridia;o__Clostridiales;f__Ruminococcaceae;g__Faecalibacterium;s__Faecalibacterium_prausnitzii	k__Bacteria;p__Bacteroidetes;c__Bacteroidia;o__Bacteroidales;f__Rikenellaceae;g__Alistipes;s__Alistipes_finegoldii	k__Bacteria;p__Bacteroidetes;c__Bacteroidia;o__Bacteroidales;f__Porphyromonadaceae;g__Parabacteroides;s__Parabacteroides_distasonis	k__Bacteria;p__Bacteroidetes;c__Bacteroidia;o__Bacteroidales;f__Bacteroidaceae;g__Bacteroides;s__Bacteroides_thetaiotaomicron	k__Bacteria;p__Bacteroidetes;c__Bacteroidia;o__Bacteroidales;f__Bacteroidaceae;g__Bacteroides;s__Bacteroides_coprocola	k__Bacteria;p__Bacteroidetes;c__Bacteroidia;o__Bacteroidales;f__Bacteroidaceae;g__Bacteroides;s__Bacteroides_cellulosilyticus	k__Bacteria;p__Bacteroidetes;c__Bacteroidia;o__Bacteroidales;f__Rikenellaceae;g__Alistipes;s__Alistipes_obesi	k__Bacteria;p__Firmicutes;c__Clostridia;o__Clostridiales;f__Lachnospiraceae;g__;s__[Eubacterium]_rectale	k__Bacteria;p__Bacteroidetes;c__Bacteroidia;o__Bacteroidales;f__Bacteroidaceae;g__Bacteroides;s__Bacteroides_plebeius	k__Bacteria;p__Bacteroidetes;c__Bacteroidia;o__Bacteroidales;f__Bacteroidaceae;g__Bacteroides;s__Bacteroides_fragilis	k__Bacteria;p__Proteobacteria;c__Betaproteobacteria;o__Burkholderiales;f__Sutterellaceae;g__Sutterella;s__Sutterella_wadsworthensis	k__Bacteria;p__Bacteroidetes;c__Bacteroidia;o__Bacteroidales;f__Porphyromonadaceae;g__Barnesiella;s__Barnesiella_intestinihominis	k__Bacteria;p__Bacteroidetes;c__Bacteroidia;o__Bacteroidales;f__Odoribacteraceae;g__Odoribacter;s__Odoribacter_splanchnicus	k__Bacteria;p__Bacteroidetes;c__Bacteroidia;o__Bacteroidales;f__Bacteroidaceae;g__Bacteroides;s__Bacteroides_salyersiae	k__Bacteria;p__Firmicutes;c__Clostridia;o__Clostridiales;f__Ruminococcaceae;g__Ruminiclostridium;s__[Eubacterium]_siraeum	k__Bacteria;p__Proteobacteria;c__Betaproteobacteria;o__Burkholderiales;f__Sutterellaceae;g__Parasutterella;s__Parasutterella_excrementihominis	k__Bacteria;p__Actinobacteria;c__Actinobacteria;o__Bifidobacteriales;f__Bifidobacteriaceae;g__Bifidobacterium;s__Bifidobacterium_adolescentis	k__Bacteria;p__Firmicutes;c__Clostridia;o__Clostridiales;f__Oscillospiraceae;g__Oscillibacter;s__Oscillibacter_sp._KLE_1745	k__Bacteria;p__Bacteroidetes;c__Bacteroidia;o__Bacteroidales;f__Bacteroidaceae;g__Bacteroides;s__Bacteroides_coprophilus	k__Bacteria;p__Firmicutes;c__Clostridia;o__Clostridiales;f__Lachnospiraceae;g__Roseburia;s__Roseburia_intestinalis	k__Bacteria;p__Firmicutes;c__Clostridia;o__Clostridiales;f__Lachnospiraceae;g__Roseburia;s__Roseburia_hominis	k__Bacteria;p__Bacteroidetes;c__Bacteroidia;o__Bacteroidales;f__Porphyromonadaceae;g__Parabacteroides;s__Parabacteroides_johnsonii	k__Bacteria;p__Actinobacteria;c__Actinobacteria;o__Bifidobacteriales;f__Bifidobacteriaceae;g__Bifidobacterium;s__Bifidobacterium_longum	k__Bacteria;p__Firmicutes;c__Clostridia;o__Clostridiales;f__;g__Flavonifractor;s__Flavonifractor_plautii	k__Bacteria;p__Firmicutes;c__Clostridia;o__Clostridiales;f__Clostridiaceae;g__Clostridium;s__Clostridium_phoceensis	k__Bacteria;p__Verrucomicrobia;c__Verrucomicrobiae;o__Verrucomicrobiales;f__Akkermansiaceae;g__Akkermansia;s__Akkermansia_muciniphila	k__Bacteria;p__Bacteroidetes;c__Bacteroidia;o__Bacteroidales;f__Prevotellaceae;g__Paraprevotella;s__Paraprevotella_xylaniphila	k__Bacteria;p__Firmicutes;c__Clostridia;o__Clostridiales;f__Ruminococcaceae;g__Ruminococcus;s__Ruminococcus_callidus	k__Bacteria;p__Bacteroidetes;c__Bacteroidia;o__Bacteroidales;f__Rikenellaceae;g__Alistipes;s__Alistipes_senegalensis	k__Bacteria;p__Firmicutes;c__Clostridia;o__Clostridiales;f__Lachnospiraceae;g__Blautia;s__Blautia_sp._KLE_1732	k__Bacteria;p__Bacteroidetes;c__Bacteroidia;o__Bacteroidales;f__Bacteroidaceae;g__Bacteroides;s__Bacteroides_oleiciplenus	k__Bacteria;p__Firmicutes;c__Clostridia;o__Clostridiales;f__Ruminococcaceae;g__Ruminococcus;s__Ruminococcus_bicirculans	k__Bacteria;p__Bacteroidetes;c__Bacteroidia;o__Bacteroidales;f__Bacteroidaceae;g__Bacteroides;s__Bacteroides_fluxus	k__Bacteria;p__Bacteroidetes;c__Bacteroidia;o__Bacteroidales;f__Prevotellaceae;g__Prevotella;s__Prevotella_stercorea	k__Bacteria;p__Firmicutes;c__Clostridia;o__Clostridiales;f__Lachnospiraceae;g__Dorea;s__Dorea_longicatena	k__Bacteria;p__Firmicutes;c__Clostridia;o__Clostridiales;f__Eubacteriaceae;g__Eubacterium;s__[Eubacterium]_eligens	k__Bacteria;p__Firmicutes;c__Clostridia;o__Clostridiales;f__Ruminococcaceae;g__;s__Ruminococcaceae_bacterium_D16	k__Bacteria;p__Firmicutes;c__Clostridia;o__Clostridiales;f__Lachnospiraceae;g__Coprococcus;s__Coprococcus_comes	k__Bacteria;p__Proteobacteria;c__Gammaproteobacteria;o__Enterobacterales;f__Enterobacteriaceae;g__Escherichia;s__Escherichia_coli	k__Bacteria;p__Firmicutes;c__Clostridia;o__Clostridiales;f__Ruminococcaceae;g__Anaerotruncus;s__Anaerotruncus_colihominis	k__Bacteria;p__Firmicutes;c__Clostridia;o__Clostridiales;f__Lachnospiraceae;g__Blautia;s__Blautia_obeum	k__Bacteria;p__Bacteroidetes;c__Bacteroidia;o__Bacteroidales;f__Odoribacteraceae;g__Odoribacter;s__Odoribacter_laneus	k__Bacteria;p__Firmicutes;c__Clostridia;o__Clostridiales;f__Ruminococcaceae;g__Ruminiclostridium;s__[Clostridium]_leptum	k__Bacteria;p__Bacteroidetes;c__Bacteroidia;o__Bacteroidales;f__Porphyromonadaceae;g__Parabacteroides;s__Parabacteroides_goldsteinii	k__Bacteria;p__Firmicutes;c__Clostridia;o__Clostridiales;f__Lachnospiraceae;g__Anaerostipes;s__Anaerostipes_hadrus	k__Bacteria;p__Firmicutes;c__Clostridia;o__Clostridiales;f__Ruminococcaceae;g__Ruminococcus;s__Ruminococcus_lactaris	k__Bacteria;p__Firmicutes;c__Clostridia;o__Clostridiales;f__Clostridiaceae;g__Clostridium;s__Clostridium_sp._L2-50	k__Bacteria;p__Firmicutes;c__Clostridia;o__Clostridiales;f__Clostridiaceae;g__Clostridium;s__Clostridium_sp._M62/1	k__Bacteria;p__Firmicutes;c__Clostridia;o__Clostridiales;f__;g__Intestinimonas;s__Intestinimonas_butyriciproducens	k__Bacteria;p__Actinobacteria;c__Actinobacteria;o__Bifidobacteriales;f__Bifidobacteriaceae;g__Bifidobacterium;s__Bifidobacterium_bifidum	k__Bacteria;p__Firmicutes;c__Negativicutes;o__Veillonellales;f__Veillonellaceae;g__Dialister;s__Dialister_invisus	k__Bacteria;p__Bacteroidetes;c__Bacteroidia;o__Bacteroidales;f__Bacteroidaceae;g__Bacteroides;s__Bacteroides_salanitronis
k__Bacteria;p__Bacteroidetes;c__Bacteroidia;o__Bacteroidales;f__Bacteroidaceae;g__Bacteroides;s__Bacteroides_vulgatus	1.0	-0.0520378524842	-0.0555860177556	0.0528577000305	-0.0241070351016	-0.0327261277763	0.0115113550526	-0.0240418550564	0.00185654168733	-0.0254875131794	-0.0298684167931	0.0259794445632	0.0249157564254	-0.00985682594354	-0.0525634552027	-0.0255512990916	0.013757815493	0.0104471171268	-0.0397500213277	-0.00490076709618	-0.0254932770112	0.00719130961178	-0.0245520365224	-0.0557330473769	0.0211991896375	-0.0127588068161	-0.0130296509141	-0.0346857418656	-0.0573877257668	0.0135252929515	-0.00417311985334	0.0404646632754	-0.0452074566028	-0.0812910121676	-0.0110573523807	-0.0221212133415	0.0498835021895	-0.0190656951011	0.00842133829083	-0.0271267808636	-0.00297953883612	0.0623140767941	-0.0197174528616	-0.0393089720451	-0.0239879029539	-0.0142303499394	-0.0243081779367	0.0416744901052	0.00396561639014	-0.0255787203048	-0.0522164459829	0.0251883467821	-0.0119627911149	-0.0244048435109	-0.0487539415125	-0.0567331277409	0.0118279496895	0.0119829571465	0.0217699265318
k__Bacteria;p__Bacteroidetes;c__Bacteroidia;o__Bacteroidales;f__Bacteroidaceae;g__Bacteroides;s__Bacteroides_uniformis	-0.0520378524842	1.0	0.00289459276489	0.0128884856035	-0.0140826792972	0.0154304073312	0.0388260576425	0.0149218047911	-0.0226980464751	-0.0316319491781	-0.0110457212056	-0.0388245390367	-0.0382453724521	-0.0547528861886	-0.051804169962	0.0590082464022	-0.0260406711583	-0.0530392499093	-0.00122437261874	-0.0393810977251	0.05940963892	-0.0164887665734	-0.00615444823151	0.00243046224208	-0.0491347261325	0.00837767008852	0.0723117640377	-0.0207508889205	-0.0107553312447	-0.0161736594197	-0.033042355095	-0.0474601190165	-0.0194776364785	-0.0266153057091	0.00229682779561	-0.0259288463883	0.0134689445102	-0.0219065850253	-0.0263816356666	-0.040403140684	0.00951494172894	-0.00516907301157	0.00870864173857	-0.00807148575539	-0.0193295153755	-0.0273037154844	0.0146036248445	-0.0065019844069	0.0171821612378	-0.00652803412412	-0.0395720078709	-0.0159132192841	0.00879766743292	0.0457497919963	-0.0108206877646	-0.00782280374756	0.00435733182368	-0.0240188308805	0.0277736903056
k__Bacteria;p__Bacteroidetes;c__Bacteroidia;o__Bacteroidales;f__Rikenellaceae;g__Alistipes;s__Alistipes_putredinis	-0.0555860177556	0.00289459276489	1.0	0.0204157567831	-0.0179251359359	-0.0103734348133	-0.0131053139975	0.0582052673123	-0.0237181220058	0.0644095978308	-0.0424189390903	-0.0440292002923	-0.0486613362353	0.0182743925768	-0.0115536661736	-0.0294708395156	-0.0318999955503	-0.0101163564394	-0.00693500336283	0.0149038330803	0.038756945311	0.0463812712314	-0.020195672291	0.0328429127714	0.0122966878839	-0.0251303228083	-0.0118490602838	-0.111379028885	-0.0158631806402	-0.0601284289141	0.0434379016426	-0.0431856424026	-0.00885804537255	-0.0057836826219	0.00738558565154	0.0203373657569	-0.0563774298821	0.0384120409967	0.0247551490766	-0.00511753674457	-0.055905723661	-0.0191819414831	-0.0555727045108	0.0244289593055	-0.0140433377718	0.0178649785909	-0.049676309849	-0.00740119494855	0.000345317066463	-0.0396983620089	0.0343596513493	0.0229147153318	-0.0653252489775	-0.0408918161079	0.0331775973472	0.0454524415584	-0.0300373526434	0.033064904328	-0.00500241466619
k__Bacteria;p__Bacteroidetes;c__Bacteroidia;o__Bacteroidales;f__Prevotellaceae;g__Prevotella;s__Prevotella_copri	0.0528577000305	0.0128884856035	0.0204157567831	1.0	-0.0318276773936	-0.0431952662204	-0.0818832590527	0.0104931964784	0.0167828061635	-0.0417967020373	-0.0133689895147	0.0175200760525	-0.0200485915628	0.0248902077121	-0.0154805753682	-0.0230953209585	-0.00282190323194	0.0163760158783	-0.00407785095801	0.0359203939828	0.0010532960473	-0.0315038573019	-0.0200152256865	0.0051841260185	0.0297996013143	0.0215403051426	-0.0342294953806	-0.0385529403446	-0.0282664542163	-0.0207091891445	-0.0309769989325	-0.0111364791064	0.00812509053665	-0.0365820376306	0.0267695382003	0.0563972309408	-0.0131061415879	0.00470640329963	0.00832500871069	0.0286284634946	-0.0569373369002	0.0296910440126	-0.0342453555457	0.000431689917489	-0.0607383236777	-0.0251290566885	0.00138325194706	-0.0262650623488	-0.0598833161725	0.0677889602274	-0.0210623769425	-0.00405592789463	-0.012589245197	-0.072483538089	0.00815781759703	0.0393818397939	-0.0482027041021	-0.0395678723749	-0.0580935454741
k__Bacteria;p__Bacteroidetes;c__Bacteroidia;o__Bacteroidales;f__Bacteroidaceae;g__Bacteroides;s__Bacteroides_stercoris	-0.0241070351016	-0.0140826792972	-0.0179251359359	-0.0318276773936	1.0	-0.015387270315	-0.00207383710045	-0.0183935503803	-0.0483836315768	-0.0264344886149	-0.000348900709215	0.0194390416814	-0.00780545480902	-0.0245865449031	-0.0169940346935	-0.00472669767557	-0.0011145396887	-6.86521202718e-05	0.00280884294077	-0.007683867861	-0.00744633770439	-0.0244601899932	-0.0300072236299	0.032170742109	-0.0127415680994	-0.0312591269669	-0.0184974221526	-0.0275768257828	-0.0581550018084	0.010205813237	0.000410109308629	-0.0214471065366	-0.00472937373834	-0.0230664678064	-0.00131679675188	-0.0388775213189	0.010288850179	-0.0468566527337	0.0448404167106	0.0722878002743	-0.00593392663369	-0.0103234138423	0.00160535855869	-0.0465348279835	0.0215880575284	0.0261665166376	-0.013781983988	0.00823218758774	-0.0834228411002	-0.0110557196838	-0.0304450859115	-0.00194591547237	0.0471381623953	0.00385249939705	0.0353256042206	0.00264418834617	-0.0712815132571	-0.0205176009445	0.0127574193533
k__Bacteria;p__Bacteroidetes;c__Bacteroidia;o__Bacteroidales;f__Bacteroidaceae;g__Bacteroides;s__Bacteroides_ovatus	-0.0327261277763	0.0154304073312	-0.0103734348133	-0.0431952662204	-0.015387270315	1.0	-0.045553138521	-0.0379482315262	0.00411868941444	0.0158327577584	-0.0468994109682	0.0328915984136	0.0214116476801	0.0126668108546	0.00544902440114	-0.0155049748427	0.0406592864521	-0.0196298614058	-0.0863888031075	-0.0361148845208	-0.00839642362353	-0.012023848573	-0.042947584439	0.0143586256881	0.0159363924508	-0.0231388867642	0.020808959331	0.0267818475542	-0.0688165979104	-0.0377457602092	-0.0205085077987	0.00210921345485	-0.0410411421373	0.0338347837788	-0.00913725537981	0.00302024885881	0.00133187374294	0.0394923167609	0.0717859481782	-0.0511098476952	0.0302118552284	-0.0125473014625	-0.022579308625	0.0194345923311	0.0217501945793	-0.00556986516287	-0.0197590186928	-0.00335134845934	-0.0133596326564	-0.0887402164921	-0.0367263842442	0.0273843510067	-0.0119299576766	-0.0331510111624	-0.00288616478955	0.0332093586545	-0.012293649273	0.0791421671234	-0.0634885761924
k__Bacteria;p__Bacteroidetes;c__Bacteroidia;o__Bacteroidales;f__Rikenellaceae;g__Alistipes;s__Alistipes_shahii	0.0115113550526	0.0388260576425	-0.0131053139975	-0.0818832590527	-0.00207383710045	-0.045553138521	1.0	-0.0253823538641	-0.0205097844112	0.0233896541349	-0.025466466938	-0.0282189509698	0.044908405267	0.00225873735238	-0.000686637593684	-0.0500717505136	-0.0452184589916	0.0170648835707	0.049957845146	0.000514825503461	0.00146398575321	-0.00911618726218	0.0292038816253	-0.000119475141095	0.0126791487588	-0.0540838166176	-0.00236732108042	-0.00992647737934	-0.0411551241831	-0.0270406792388	-0.0175425582881	0.0627410708695	-0.0204191853659	0.00342440195925	0.0129848973234	0.0145515376891	0.0294120278996	-0.0656311414245	-0.0318392695046	-0.0646483517889	-0.000864009225769	-0.0126311668925	-0.0630824844542	-0.0100999707291	-0.0279997594087	-0.0115136513515	-0.00973565681378	-0.00434218994045	-0.0147382848875	0.00230497520227	0.019332765248	-0.00656019816232	0.042549431418	-0.0372738529487	-0.0673078740171	0.0642286712783	-0.0166441719005	-0.0347958335585	0.0141431428513
k__Bacteria;p__Firmicutes;c__Clostridia;o__Clostridiales;f__Ruminococcaceae;g__Faecalibacterium;s__Faecalibacterium_prausnitzii	-0.0240418550564	0.0149218047911	0.0582052673123	0.0104931964784	-0.0183935503803	-0.0379482315262	-0.0253823538641	1.0	-0.0386741678255	-0.00601600592509	-0.0062833690643	0.00879418718394	0.0425459709052	0.00286928970737	0.0313464280826	0.019128447083	-0.00182937408684	0.0215193165678	0.0364008317344	-0.0415473988335	-0.0108249809176	0.0252914748512	0.0186419801557	-0.0242259374472	0.0163459603564	0.00393059039085	0.026288014971	-0.0116462101178	0.00338006404932	-0.0518138535874	0.0150888746036	-0.000803210998779	0.0134740886684	-0.0113637657989	0.00513902807057	0.00326786994487	-0.00149910557958	0.0424265045858	0.0011093731683	0.0310356121878	-0.0425969567415	0.0499775134317	0.0186855295394	-0.0163779102096	-0.0204866459105	0.0118758020225	-0.0249597596562	-0.0324647811647	0.0326684879856	-0.0205754520217	-0.00959905334992	0.00120152766165	-0.0401408722931	0.00528379826098	0.018119781045	-0.0231863563581	-0.0622083309841	-0.0203534091859	0.0221548347903
k__Bacteria;p__Bacteroidetes;c__Bacteroidia;o__Bacteroidales;f__Rikenellaceae;g__Alistipes;s__Alistipes_finegoldii	0.00185654168733	-0.0226980464751	-0.0237181220058	0.0167828061635	-0.0483836315768	0.00411868941444	-0.0205097844112	-0.0386741678255	1.0	-0.0431712309889	-0.0026146257041	-0.0509667083994	0.0379325758728	-0.00931979331259	-0.0523737367778	0.00588801758348	-0.0191240667301	-0.00808945147196	0.0157294972312	-0.0390064017633	-0.0366091312882	-0.0597535323766	-0.0232923224508	0.0202270118884	-0.0502312900984	0.00922829136604	-0.00143615878273	-0.0051561147819	0.0411959027446	-0.0173907837065	0.037188100408	-0.0210729620817	-0.018266431389	0.00786643778721	0.0358027722177	-0.0505691082339	-0.0643304107354	-0.0116695159403	0.0340918409168	-0.00331487179786	0.0363074310236	-0.0446983064747	-0.0516780702124	-0.02794569556	-0.0489916742587	-0.0240421681831	0.0766865073404	-0.00991231293628	-0.0260632398654	0.00624227433774	-0.0438043503095	-0.10583267269	-0.00257713507744	0.00223147962018	-0.020244617536	0.000261173086214	0.034956287014	-0.0484744744759	-0.00037505929515
k__Bacteria;p__Bacteroidetes;c__Bacteroidia;o__Bacteroidales;f__Porphyromonadaceae;g__Parabacteroides;s__Parabacteroides_distasonis	-0.0254875131794	-0.0316319491781	0.0644095978308	-0.0417967020373	-0.0264344886149	0.0158327577584	0.0233896541349	-0.00601600592509	-0.0431712309889	1.0	0.0488307960851	-0.0395241825421	-0.0239015033709	-0.0223174634552	-0.0268151194957	-0.00438777772382	-0.0348750584033	-0.0705501722034	-0.00248044962697	0.0324662921666	-0.0104534076215	-0.0369627401105	-0.0192868482691	-0.0126303667529	-0.0357522608134	-0.0195522819819	0.0575377651737	0.0348786698449	0.00252985475956	0.0361411182573	-0.037803552863	0.0324780189606	-0.0133849809585	-0.0348584307981	0.0425347773159	-0.0315971057109	-0.00410727496939	0.0426212606818	-0.0143895576885	0.00196498182607	-0.0565022352387	0.00535592472126	-0.0269474562365	0.0110687520354	0.0538179219497	-0.00737869730412	-0.0442678022396	-0.00089157964701	0.0189663330433	0.0250905198246	-0.0482046008966	0.0239165525576	0.0255180862085	0.00911852187425	0.0108845812618	0.00948162193641	0.090125521224	-0.0569608315038	-0.00163718395726
k__Bacteria;p__Bacteroidetes;c__Bacteroidia;o__Bacteroidales;f__Bacteroidaceae;g__Bacteroides;s__Bacteroides_thetaiotaomicron	-0.0298684167931	-0.0110457212056	-0.0424189390903	-0.0133689895147	-0.000348900709215	-0.0468994109682	-0.025466466938	-0.0062833690643	-0.0026146257041	0.0488307960851	1.0	0.0288021253625	-0.0247941217056	-0.016327140054	-0.00120422451096	-0.0203282161456	0.0224377557903	-0.0186191568756	-0.00356543964607	-0.021770090907	0.00709945174003	-0.016273378418	0.0271215961338	0.0159866273038	0.0511478992168	0.00566305369857	-0.0535244606357	-0.00895909566268	0.0316523611344	-0.00531088280669	0.00925290146387	-0.0370935215971	-0.00940153542291	0.00348625389188	-0.0257540719048	0.0295735785848	0.0102396318484	-0.0111826982789	-0.0554973749809	0.0521722982024	-0.00925881548024	-0.00375661687359	-0.0142600949548	-0.0150589158121	0.000625894054868	-0.01570424592	-0.00292049381381	0.0608389721336	-0.0206624456004	-0.0566803468041	-0.0105147235733	-0.0695901938825	0.0371057752693	0.0580839149691	0.000631853733261	0.0557072776105	-0.00554355408242	-0.0283471560465	0.00700182006515
k__Bacteria;p__Bacteroidetes;c__Bacteroidia;o__Bacteroidales;f__Bacteroidaceae;g__Bacteroides;s__Bacteroides_coprocola	0.0259794445632	-0.0388245390367	-0.0440292002923	0.0175200760525	0.0194390416814	0.0328915984136	-0.0282189509698	0.00879418718394	-0.0509667083994	-0.0395241825421	0.0288021253625	1.0	-0.0192648455383	0.0594511743876	-0.0302774537044	-0.0260696993112	0.0301054987046	-0.0838959268863	-0.0196056665719	-0.00380882101238	0.0184368853683	-0.0239042208619	-0.0450147782672	-0.0129759792526	-0.0608411937151	-0.000283406166575	-0.021403749222	-0.0130466281922	0.0216414419223	-0.0152603487571	0.0289086723166	0.0259596497724	-0.0108163345375	-0.0181089332484	0.0391936236204	-0.0268491329088	0.0219392541582	-0.0422719841853	0.00048103968976	0.0233739124549	0.0442143418442	-0.00427722264458	0.0190909494254	-0.0403406917707	-0.0347568970187	-0.000594299631422	-0.0328818821842	-0.0323621650403	-0.0178851482293	-0.0714557562357	-0.0206584141721	-0.0427189031418	0.039192210521	0.042482542709	0.0148000113621	0.0245543324322	0.0186532375695	-0.0513595627208	-0.0309395160619
k__Bacteria;p__Bacteroidetes;c__Bacteroidia;o__Bacteroidales;f__Bacteroidaceae;g__Bacteroides;s__Bacteroides_cellulosilyticus	0.0249157564254	-0.0382453724521	-0.0486613362353	-0.0200485915628	-0.00780545480902	0.0214116476801	0.044908405267	0.0425459709052	0.0379325758728	-0.0239015033709	-0.0247941217056	-0.0192648455383	1.0	0.0580952054766	0.0113502280588	0.035335879056	-0.0126635071966	-0.0011052672731	0.0259321723537	0.0134722629867	-0.0635081273093	0.0124293397096	-0.0410838029599	0.0165554045395	-0.020706776575	0.0518800564785	-0.0370549194293	-0.0113634430639	-0.0774506099123	-0.0300068298709	0.0388982230438	0.0447787575747	0.0229383261623	0.0287959001739	-0.00542579918706	0.024353480535	-0.0295500026515	-0.022529350049	-0.0172432868374	-0.00658935665193	-0.0268678347268	-0.0253523755885	0.00204671466898	0.00905473990147	-0.00467343138648	0.019558934196	-0.00878275787397	0.0766532233411	-0.0240458836635	0.00967305621648	-0.0465265866283	-0.0395585659915	0.00655608275728	-0.0119588466073	0.0159341439333	0.0643194572217	-0.0379722323435	-0.00163242287002	-0.0720330333514
k__Bacteria;p__Bacteroidetes;c__Bacteroidia;o__Bacteroidales;f__Rikenellaceae;g__Alistipes;s__Alistipes_obesi	-0.00985682594354	-0.0547528861886	0.0182743925768	0.0248902077121	-0.0245865449031	0.0126668108546	0.00225873735238	0.00286928970737	-0.00931979331259	-0.0223174634552	-0.016327140054	0.0594511743876	0.0580952054766	1.0	0.0263082334352	-0.0385419324212	-0.00610890676291	-0.00655958203043	-0.0348918455498	0.00204781370394	-0.00302077099193	-0.010625093799	0.0348216040516	0.0375234396324	0.00808392410008	-0.0387576097748	-0.035931748207	-0.0302407586478	-0.011892879547	0.0376577047043	-0.0259935599244	0.0114229634276	-0.0340979860541	-0.0186991558726	0.0598272583848	-0.0282643336871	-0.00223411925879	-0.0393358304633	0.00676048054473	-0.0145625185172	-0.0156622538837	-0.00981252174496	0.0236064112837	-0.023384895308	-0.0229643800802	-0.000912976741731	-0.068506179477	0.0341322594869	-0.0134578710749	0.0103197281651	0.0170623660182	-0.000614551463147	0.0122354672675	-0.00317588346928	0.00494678750543	0.0170155713303	-0.0460275342679	-0.0283803997911	-0.0187340604343
k__Bacteria;p__Firmicutes;c__Clostridia;o__Clostridiales;f__Lachnospiraceae;g__;s__[Eubacterium]_rectale	-0.0525634552027	-0.051804169962	-0.0115536661736	-0.0154805753682	-0.0169940346935	0.00544902440114	-0.000686637593684	0.0313464280826	-0.0523737367778	-0.0268151194957	-0.00120422451096	-0.0302774537044	0.0113502280588	0.0263082334352	1.0	-0.038686105718	-0.0401498281509	-0.0164510818443	0.00832414993023	-0.076461283838	0.0570325795346	0.0130380449478	0.00191088344112	-0.0393249106975	-0.0284464584863	-0.0214917657883	-0.00261796959808	-0.0434101196689	0.000165415395169	0.0162048967564	-0.0039136474072	0.0144740356711	0.0224706136681	-0.0248309724786	-0.00570257849395	-0.0189415978197	-0.0342345938583	0.061605758881	-0.0643234727659	0.0139623031812	0.0438534084721	-0.00189050430869	-0.0227380494655	0.016263494012	-0.0107287114257	0.0410174168757	-0.0309867323593	0.0144302029342	-0.0253631010155	-0.0288048277831	0.0364669848446	0.012187893464	0.0394828725256	0.00156155522636	0.0399830139874	-0.00591363568145	0.00547040884885	0.0188177012686	-0.0594182406685
k__Bacteria;p__Bacteroidetes;c__Bacteroidia;o__Bacteroidales;f__Bacteroidaceae;g__Bacteroides;s__Bacteroides_plebeius	-0.0255512990916	0.0590082464022	-0.0294708395156	-0.0230953209585	-0.00472669767557	-0.0155049748427	-0.0500717505136	0.019128447083	0.00588801758348	-0.00438777772382	-0.0203282161456	-0.0260696993112	0.035335879056	-0.0385419324212	-0.038686105718	1.0	0.0141525784383	0.0722997445412	-0.0150740741984	-0.0358930082955	-0.000646170836921	-0.0163857023513	0.0473730814963	-0.00383953799102	0.00387409789845	0.0161286330614	-0.0124118274898	0.00923670913521	0.00838941442241	0.0365259509964	0.00690950694415	-0.0755117439339	-0.0709032606573	-0.035654835165	0.0457469063713	-0.0453076325724	0.0108610827002	-0.0279013250192	-0.014470083578	0.0349733413418	-0.00944336317044	0.0146569700169	0.022953969596	-0.0176112364403	-0.0151044292388	0.037398394856	-0.0135697705851	-0.0371996463163	0.0286298032071	0.0243672844179	0.0250080879844	-0.0205324059459	-0.0197896050059	-0.0445162751293	0.0147257802712	-0.0141888508461	0.0189827814266	-0.021445198627	0.0183114495932
k__Bacteria;p__Bacteroidetes;c__Bacteroidia;o__Bacteroidales;f__Bacteroidaceae;g__Bacteroides;s__Bacteroides_fragilis	0.013757815493	-0.0260406711583	-0.0318999955503	-0.00282190323194	-0.0011145396887	0.0406592864521	-0.0452184589916	-0.00182937408684	-0.0191240667301	-0.0348750584033	0.0224377557903	0.0301054987046	-0.0126635071966	-0.00610890676291	-0.0401498281509	0.0141525784383	1.0	-0.0139840627893	-0.048574078129	-0.0460036718508	-0.00534926461657	-0.0201737508007	-0.0359701844946	-0.0530650796822	0.00082414088719	-0.0841040320585	0.023012929407	-0.0362468805992	0.0182448764964	0.0704269878457	0.0367391379464	0.0217169679831	-0.0434857272991	0.0529123193265	-0.0330617921098	0.0697338736427	-0.0568628444679	0.00605106993921	0.000250843349305	-0.00585400552198	0.0140309900021	0.00836212229299	0.0224190472263	-0.0535991795548	-0.0255005946176	-0.0042577303182	-0.0594039140864	-0.0221513235336	0.00464080245583	-0.0288727494435	-0.0293636762335	0.0183486820188	0.0224570519581	0.0311341530641	-0.00980272660787	-0.059083469545	-0.0201516630981	-0.00719989487593	-0.00686452766942
k__Bacteria;p__Proteobacteria;c__Betaproteobacteria;o__Burkholderiales;f__Sutterellaceae;g__Sutterella;s__Sutterella_wadsworthensis	0.0104471171268	-0.0530392499093	-0.0101163564394	0.0163760158783	-6.86521202718e-05	-0.0196298614058	0.0170648835707	0.0215193165678	-0.00808945147196	-0.0705501722034	-0.0186191568756	-0.0838959268863	-0.0011052672731	-0.00655958203043	-0.0164510818443	0.0722997445412	-0.0139840627893	1.0	-0.0235361660623	-0.0198853555681	-0.0663009809078	-0.0282066324165	0.0306601698011	0.0347392579905	0.02094419494	-0.0713171999855	-0.0382767797937	0.000815557360798	0.0187135648827	-0.0433823251779	0.0432873068887	-0.0502113367078	0.0140700487913	0.0364901821601	-0.00679670517828	0.0121283676246	-0.0295389352224	0.0359546926052	0.00891894075648	-0.0510426726788	-0.0567813976504	-0.0205909924467	-0.0213281678307	-0.0313727197367	-0.0225935681887	-0.0178078110333	0.0311604088132	-0.00324019609143	-0.0410842970303	0.0139597029871	-0.0214430550884	0.0274620507205	-0.00189420682411	-0.0124235257292	-0.00936955654652	-0.0158825036111	0.0735757714443	0.0776044600092	0.00446176055335
k__Bacteria;p__Bacteroidetes;c__Bacteroidia;o__Bacteroidales;f__Porphyromonadaceae;g__Barnesiella;s__Barnesiella_intestinihominis	-0.0397500213277	-0.00122437261874	-0.00693500336283	-0.00407785095801	0.00280884294077	-0.0863888031075	0.049957845146	0.0364008317344	0.0157294972312	-0.00248044962697	-0.00356543964607	-0.0196056665719	0.0259321723537	-0.0348918455498	0.00832414993023	-0.0150740741984	-0.048574078129	-0.0235361660623	1.0	0.0137957704817	-0.0969544793848	-0.00394376049867	-0.0378802951278	-0.0338313995862	0.0162831873045	0.0632155953175	-0.0149952926005	0.00721065879665	-0.000607907889066	-0.0320071170213	-0.0623989736754	-0.00613492997265	-0.0568591746854	0.0366299179184	0.0843933134985	-0.0283426562664	-0.0109981254069	0.0274018299305	-0.0389908148413	-0.00387393038993	-0.0265452261239	0.0402335861975	0.0247660990447	-0.00704933508862	-0.0183637974875	0.0118066924182	-0.0239178408916	-0.0102185910362	0.00370886565683	-0.034918221602	-0.0192536563964	0.00372696998105	-0.00760830662747	-0.070072895801	-0.0117160391478	-0.000158378623956	0.0232728030098	-0.0115290874368	0.0227621357589
k__Bacteria;p__Bacteroidetes;c__Bacteroidia;o__Bacteroidales;f__Odoribacteraceae;g__Odoribacter;s__Odoribacter_splanchnicus	-0.00490076709618	-0.0393810977251	0.0149038330803	0.0359203939828	-0.007683867861	-0.0361148845208	0.000514825503461	-0.0415473988335	-0.0390064017633	0.0324662921666	-0.021770090907	-0.00380882101238	0.0134722629867	0.00204781370394	-0.076461283838	-0.0358930082955	-0.0460036718508	-0.0198853555681	0.0137957704817	1.0	-0.0253970282801	-0.0799969141154	-0.0166422705241	-0.0623051915487	-0.00651848620371	0.0380892374478	0.0299003299784	-0.0412300191892	0.00056418604297	-0.0013498326333	-0.0138900197228	-0.0190853475434	0.0138997415134	0.00820330890752	-0.0364792232604	0.0073571433261	0.0773640071588	0.0184800917941	0.00192569672073	-0.0217944512895	0.0563770905522	-0.00553154529905	0.0304455976372	-0.00742293181988	-0.0431940185414	0.00295392677396	0.035975257681	0.0242696027724	-0.0312383323532	-0.00574565023885	-0.0249659451551	0.0393574800636	-0.0367261678498	-0.0376097663429	-0.0392190202723	-0.0354320262135	0.036551601918	0.0108904524052	-0.0236713628119
k__Bacteria;p__Bacteroidetes;c__Bacteroidia;o__Bacteroidales;f__Bacteroidaceae;g__Bacteroides;s__Bacteroides_salyersiae	-0.0254932770112	0.05940963892	0.038756945311	0.0010532960473	-0.00744633770439	-0.00839642362353	0.00146398575321	-0.0108249809176	-0.0366091312882	-0.0104534076215	0.00709945174003	0.0184368853683	-0.0635081273093	-0.00302077099193	0.0570325795346	-0.000646170836922	-0.00534926461657	-0.0663009809078	-0.0969544793848	-0.0253970282801	1.0	-0.00597607981835	-0.0175648950828	-0.034191157593	-0.00644030101765	-0.00271188573619	0.0428016865321	-0.0517427626878	-0.0774251360238	-0.0171792428371	0.0144674208968	0.0339218298663	-0.0296987324193	-0.0151575831458	-0.0213140470569	-0.0206610564609	-0.0302430079361	0.0461978912539	-0.0537923469325	-0.00434554967421	-0.0119200284103	-0.0626774007827	-0.0416137627012	0.00757922432603	0.0744045309276	0.0292047770523	-0.0121106049777	0.0336005683312	0.0483406168243	-0.0438154224392	-0.0329480507055	-0.0421458729751	-0.0107353212506	-0.00352149389948	0.040066253699	-0.0115422730184	-0.0252413578316	-0.0501830194208	-0.0249679121456
k__Bacteria;p__Firmicutes;c__Clostridia;o__Clostridiales;f__Ruminococcaceae;g__Ruminiclostridium;s__[Eubacterium]_siraeum	0.00719130961178	-0.0164887665734	0.0463812712314	-0.0315038573019	-0.0244601899932	-0.012023848573	-0.00911618726218	0.0252914748512	-0.0597535323766	-0.0369627401105	-0.016273378418	-0.0239042208619	0.0124293397096	-0.010625093799	0.0130380449478	-0.0163857023513	-0.0201737508007	-0.0282066324165	-0.00394376049867	-0.0799969141154	-0.00597607981835	1.0	0.02829218423	-0.0169919621131	-0.0276948332954	0.0239290342196	-0.0181959000977	0.00155435652808	-0.032112099208	0.030702988246	-0.0329132467062	0.0773936805256	-0.0470958675146	0.0237664606161	-0.0476032922709	0.00155180178798	-0.0111042357822	-0.0263940692949	-0.00971653101652	-0.0378142684964	0.0214982738542	-0.048370425787	-0.0927982732654	-0.0158226749128	0.00665484158635	0.0297911235799	-0.0034650156522	0.0342964797483	0.0647657774166	-0.00342162663802	-0.0112268338299	-0.0238504761615	-0.0180065636614	-0.0206618498866	-0.0690347739406	-0.00346831783886	0.0144770057279	0.0546613153879	-0.0045874499981
k__Bacteria;p__Proteobacteria;c__Betaproteobacteria;o__Burkholderiales;f__Sutterellaceae;g__Parasutterella;s__Parasutterella_excrementihominis	-0.0245520365224	-0.00615444823151	-0.020195672291	-0.0200152256865	-0.0300072236299	-0.042947584439	0.0292038816253	0.0186419801557	-0.0232923224508	-0.0192868482691	0.0271215961338	-0.0450147782672	-0.0410838029599	0.0348216040516	0.00191088344112	0.0473730814963	-0.0359701844946	0.0306601698011	-0.0378802951278	-0.0166422705241	-0.0175648950828	0.02829218423	1.0	-0.0148669802411	-0.0131847472673	-0.0167062701029	0.0169045555319	-0.00306368342033	-0.0211674650714	0.00983579065293	-0.0213384823449	0.0219133677108	-0.0136636872015	-0.0468262291605	-0.0328794599532	-0.0187520219778	0.0382483102079	0.0217756396334	0.0150390961581	-0.000768466248624	-0.0317414809486	-0.0283581941768	-0.040729327634	0.00330748231276	0.00140073256163	-0.0169539035492	0.00735505970654	-0.0767838938202	-0.00692199900849	-0.0105062394978	0.038016998147	-0.0304223020941	-0.00368709574661	0.0144732921222	0.0269851406578	-0.0528225840822	0.00548782780749	-0.0389248200213	0.0202484684374
k__Bacteria;p__Actinobacteria;c__Actinobacteria;o__Bifidobacteriales;f__Bifidobacteriaceae;g__Bifidobacterium;s__Bifidobacterium_adolescentis	-0.0557330473769	0.00243046224208	0.0328429127714	0.0051841260185	0.032170742109	0.0143586256881	-0.000119475141095	-0.0242259374472	0.0202270118884	-0.0126303667529	0.0159866273038	-0.0129759792526	0.0165554045395	0.0375234396324	-0.0393249106975	-0.00383953799102	-0.0530650796822	0.0347392579905	-0.0338313995862	-0.0623051915487	-0.034191157593	-0.0169919621131	-0.0148669802411	1.0	-0.0316448271864	0.0487625052502	-0.0405427151756	0.0151942875616	-0.048525095159	-0.0235110940839	-0.00422708647477	0.0304015984912	-0.0117120408111	0.0313489595228	0.028171020007	-0.0245677178994	0.0292268740088	-0.0217991447512	-0.00704818175377	-0.0523503780262	-0.0630789857218	-0.0742787862071	0.0317171863555	-0.0104127625476	-0.021162768795	-0.00773399946972	0.0109384638813	-0.0547262667087	-0.0173515988605	0.0350005857984	0.0268919670315	-0.0145271764833	0.0016594833119	-0.0538602049512	0.0396316624361	-0.00284973332143	0.0127132610531	0.00798439814266	-0.0226566279275
k__Bacteria;p__Firmicutes;c__Clostridia;o__Clostridiales;f__Oscillospiraceae;g__Oscillibacter;s__Oscillibacter_sp._KLE_1745	0.0211991896375	-0.0491347261325	0.0122966878839	0.0297996013143	-0.0127415680994	0.0159363924508	0.0126791487588	0.0163459603564	-0.0502312900984	-0.0357522608134	0.0511478992168	-0.0608411937151	-0.020706776575	0.00808392410008	-0.0284464584863	0.00387409789845	0.00082414088719	0.02094419494	0.0162831873045	-0.0065184862037	-0.00644030101765	-0.0276948332954	-0.0131847472673	-0.0316448271864	1.0	-0.00335885609133	-0.00930690493148	-0.00274470062622	-0.0397131534204	0.00363851156559	-0.0346661683028	0.0278756514209	-0.0185746724076	0.00651098568537	-0.0527501619703	0.0379856909324	0.0212567742311	-0.0492760048124	-0.0358360512394	-0.0401307338289	-0.0118142927543	0.00821107980401	0.0623170527455	-0.0915594169532	-0.0394052246651	-0.0167820534532	-0.0476248063909	-0.0428560700681	0.0726621898418	-0.00555809948001	0.0259216599291	-0.0385989088987	-0.0533389184825	-0.0286160250868	-0.0320543436869	0.0244530753527	-0.00946446034197	0.0743115367272	-0.00879248850452
k__Bacteria;p__Bacteroidetes;c__Bacteroidia;o__Bacteroidales;f__Bacteroidaceae;g__Bacteroides;s__Bacteroides_coprophilus	-0.0127588068161	0.00837767008852	-0.0251303228083	0.0215403051426	-0.0312591269669	-0.0231388867642	-0.0540838166176	0.00393059039085	0.00922829136604	-0.0195522819819	0.00566305369857	-0.000283406166575	0.0518800564785	-0.0387576097748	-0.0214917657883	0.0161286330614	-0.0841040320585	-0.0713171999855	0.0632155953175	0.0380892374478	-0.00271188573619	0.0239290342196	-0.0167062701029	0.0487625052502	-0.00335885609133	1.0	-0.0362379099962	0.00626631028372	0.00731456046983	-0.0391839027055	-0.000433851408518	-0.0439653768919	-0.00780828946208	0.00376183998025	-0.0642251580309	0.000563083188683	0.0162434178903	-0.0158600504995	-0.029517765934	0.0220015205711	0.00210684209607	0.00113413323472	-0.0264510036713	-0.0183366639971	0.0100046227681	0.00162301446647	-0.00444472595511	0.020162540468	-0.0412854448652	0.0442840996835	-0.010566821796	-0.0172735462568	0.0411031095485	-0.0150464832666	-0.0509501307132	0.00834761476117	-0.0331058979375	0.00223876283112	0.019972643917
k__Bacteria;p__Firmicutes;c__Clostridia;o__Clostridiales;f__Lachnospiraceae;g__Roseburia;s__Roseburia_intestinalis	-0.0130296509141	0.0723117640377	-0.0118490602838	-0.0342294953806	-0.0184974221526	0.020808959331	-0.00236732108042	0.026288014971	-0.00143615878273	0.0575377651737	-0.0535244606357	-0.021403749222	-0.0370549194293	-0.035931748207	-0.00261796959808	-0.0124118274898	0.023012929407	-0.0382767797937	-0.0149952926005	0.0299003299784	0.0428016865321	-0.0181959000977	0.0169045555319	-0.0405427151756	-0.00930690493148	-0.0362379099962	1.0	0.0987993427273	-0.0148397567474	0.0399856771601	-0.0372398735808	-0.0272713255674	-0.000304036993983	0.0283895487126	-0.00990002685056	-0.00419046001039	-0.0608684255466	0.0455321721217	0.00913444991284	-0.0108029501372	-0.00776157861561	-0.0155190682153	-0.00047985278013	0.0305951483036	-0.0716978593537	0.00179652970943	-0.0238577343409	-0.0687668901804	-0.00563322509238	-0.0210619969505	0.0186892105055	0.000979699587579	-0.0677245711226	0.0536673647133	0.0447477936915	-0.0292687873522	-0.0459683824044	-0.0316396519655	0.0107658431482
k__Bacteria;p__Firmicutes;c__Clostridia;o__Clostridiales;f__Lachnospiraceae;g__Roseburia;s__Roseburia_hominis	-0.0346857418656	-0.0207508889205	-0.111379028885	-0.0385529403446	-0.0275768257828	0.0267818475542	-0.00992647737934	-0.0116462101178	-0.0051561147819	0.0348786698449	-0.00895909566268	-0.0130466281922	-0.0113634430639	-0.0302407586478	-0.0434101196689	0.00923670913521	-0.0362468805992	0.000815557360798	0.00721065879665	-0.0412300191892	-0.0517427626878	0.00155435652808	-0.00306368342033	0.0151942875616	-0.00274470062622	0.00626631028372	0.0987993427273	1.0	-0.0198931518783	-0.0124409427554	-0.0150075746158	-0.00711376677442	0.0117395909612	0.000746026571216	-0.022532150464	0.0450417413782	0.0387444094629	0.0192362662948	-0.046377517635	0.0636153412609	0.0681130109857	-0.0130868548351	-0.0435565609515	-0.0167381538419	0.0250498155532	-0.00606562077179	0.0109772282708	-0.0138956860017	-0.0432582078172	-0.0209339638425	-0.0176220046444	0.0243425446759	-0.0192401834407	0.0288881904315	-0.0656452875613	0.00161871752841	0.0116946158348	-0.0286319527503	0.0557265121163
k__Bacteria;p__Bacteroidetes;c__Bacteroidia;o__Bacteroidales;f__Porphyromonadaceae;g__Parabacteroides;s__Parabacteroides_johnsonii	-0.0573877257668	-0.0107553312447	-0.0158631806402	-0.0282664542163	-0.0581550018084	-0.0688165979104	-0.0411551241831	0.00338006404932	0.0411959027446	0.00252985475956	0.0316523611344	0.0216414419223	-0.0774506099123	-0.011892879547	0.000165415395169	0.00838941442241	0.0182448764964	0.0187135648827	-0.000607907889066	0.00056418604297	-0.0774251360238	-0.032112099208	-0.0211674650714	-0.048525095159	-0.0397131534204	0.00731456046983	-0.0148397567474	-0.0198931518783	1.0	0.00148387320124	0.018770883937	-0.0748090110428	0.059094866695	-0.0266938744474	0.00204884342049	-0.0104079653045	-0.00926418881067	0.0348391518088	-0.0173892855226	0.0256833732062	0.0190844258908	-0.00397813859155	-0.0466521171121	-0.00454591447706	-0.0569951730236	-0.0242672399568	0.00683987718104	-0.0626930889675	-0.0213768469225	0.0041081406912	0.0446663383383	0.0194592010313	0.0392503123824	0.0165158358133	0.0113871330434	0.0218746978309	-0.00963524160537	-0.0285494265479	-0.0347569314272
