#taxonomy	k__Bacteria;p__Bacteroidetes;c__Bacteroidia;o__Bacteroidales;f__Bacteroidaceae;g__Bacteroides;s__Bacteroides_vulgatus	k__Bacteria;p__Bacteroidetes;c__Bacteroidia;o__Bacteroidales;f__Bacteroidaceae;g__Bacteroides;s__Bacteroides_uniformis	k__Bacteria;p__Bacteroidetes;c__Bacteroidia;o__Bacteroidales;f__Rikenellaceae;g__Alistipes;s__Alistipes_putredinis	k__Bacteria;p__Bacteroidetes;c__Bacteroidia;o__Bacteroidales;f__Prevotellaceae;g__Prevotella;s__Prevotella_copri	k__Bacteria;p__Bacteroidetes;c__Bacteroidia;o__Bacteroidales;f__Bacteroidaceae;g__Bacteroides;s__Bacteroides_stercoris	k__Bacteria;p__Bacteroidetes;c__Bacteroidia;o__Bacteroidales;f__Bacteroidaceae;g__Bacteroides;s__Bacteroides_ovatus	k__Bacteria;p__Bacteroidetes;c__Bacteroidia;o__Bacteroidales;f__Rikenellaceae;g__Alistipes;s__Alistipes_shahii	k__Bacteria;p__Firmicutes;c__Clostridia;o__Clostridiales;f__Ruminococcaceae;g__Faecalibacterium;s__Faecalibacterium_prausnitzii	k__Bacteria;p__Bacteroidetes;c__Bacteroidia;o__Bacteroidales;f__Rikenellaceae;g__Alistipes;s__Alistipes_finegoldii	k__Bacteria;p__Bacteroidetes;c__Bacteroidia;o__Bacteroidales;f__Porphyromonadaceae;g__Parabacteroides;s__Parabacteroides_distasonis	k__Bacteria;p__Bacteroidetes;c__Bacteroidia;o__Bacteroidales;f__Bacteroidaceae;g__Bacteroides;s__Bacteroides_thetaiotaomicron	k__Bacteria;p__Bacteroidetes;c__Bacteroidia;o__Bacteroidales;f__Bacteroidaceae;g__Bacteroides;s__Bacteroides_coprocola	k__Bacteria;p__Bacteroidetes;c__Bacteroidia;o__Bacteroidales;f__Bacteroidaceae;g__Bacteroides;s__Bacteroides_cellulosilyticus	k__Bacteria;p__Bacteroidetes;c__Bacteroidia;o__Bacteroidales;f__Rikenellaceae;g__Alistipes;s__Alistipes_obesi	k__Bacteria;p__Firmicutes;c__Clostridia;o__Clostridiales;f__Lachnospiraceae;g__;s__[Eubacterium]_rectale	k__Bacteria;p__Bacteroidetes;c__Bacteroidia;o__Bacteroidales;f__Bacteroidaceae;g__Bacteroides;s__Bacteroides_plebeius	k__Bacteria;p__Bacteroidetes;c__Bacteroidia;o__Bacteroidales;f__Bacteroidaceae;g__Bacteroides;s__Bacteroides_fragilis	k__Bacteria;p__Proteobacteria;c__Betaproteobacteria;o__Burkholderiales;f__Sutterellaceae;g__Sutterella;s__Sutterella_wadsworthensis	k__Bacteria;p__Bacteroidetes;c__Bacteroidia;o__Bacteroidales;f__Porphyromonadaceae;g__Barnesiella;s__Barnesiella_intestinihominis	k__Bacteria;p__Bacteroidetes;c__Bacteroidia;o__Bacteroidales;f__Odoribacteraceae;g__Odoribacter;s__Odoribacter_splanchnicus	k__Bacteria;p__Bacteroidetes;c__Bacteroidia;o__Bacteroidales;f__Bacteroidaceae;g__Bacteroides;s__Bacteroides_salyersiae	k__Bacteria;p__Firmicutes;c__Clostridia;o__Clostridiales;f__Ruminococcaceae;g__Ruminiclostridium;s__[Eubacterium]_siraeum	k__Bacteria;p__Proteobacteria;c__Betaproteobacteria;o__Burkholderiales;f__Sutterellaceae;g__Parasutterella;s__Parasutterella_excrementihominis	k__Bacteria;p__Actinobacteria;c__Actinobacteria;o__Bifidobacteriales;f__Bifidobacteriaceae;g__Bifidobacterium;s__Bifidobacterium_adolescentis	k__Bacteria;p__Firmicutes;c__Clostridia;o__Clostridiales;f__Oscillospiraceae;g__Oscillibacter;s__Oscillibacter_sp._KLE_1745	k__Bacteria;p__Bacteroidetes;c__Bacteroidia;o__Bacteroidales;f__Bacteroidaceae;g__Bacteroides;s__Bacteroides_coprophilus	k__Bacteria;p__Firmicutes;c__Clostridia;o__Clostridiales;f__Lachnospiraceae;g__Roseburia;s__Roseburia_intestinalis	k__Bacteria;p__Firmicutes;c__Clostridia;o__Clostridiales;f__Lachnospiraceae;g__Roseburia;s__Roseburia_hominis	k__Bacteria;p__Bacteroidetes;c__Bacteroidia;o__Bacteroidales;f__Porphyromonadaceae;g__Parabacteroides;s__Parabacteroides_johnsonii	k__Bacteria;p__Actinobacteria;c__Actinobacteria;o__Bifidobacteriales;f__Bifidobacteriaceae;g__Bifidobacterium;s__Bifidobacterium_longum	k__Bacteria;p__Firmicutes;c__Clostridia;o__Clostridiales;f__;g__Flavonifractor;s__Flavonifractor_plautii	k__Bacteria;p__Firmicutes;c__Clostridia;o__Clostridiales;f__Clostridiaceae;g__Clostridium;s__Clostridium_phoceensis	k__Bacteria;p__Verrucomicrobia;c__Verrucomicrobiae;o__Verrucomicrobiales;f__Akkermansiaceae;g__Akkermansia;s__Akkermansia_muciniphila	k__Bacteria;p__Bacteroidetes;c__Bacteroidia;o__Bacteroidales;f__Prevotellaceae;g__Paraprevotella;s__Paraprevotella_xylaniphila	k__Bacteria;p__Firmicutes;c__Clostridia;o__Clostridiales;f__Ruminococcaceae;g__Ruminococcus;s__Ruminococcus_callidus	k__Bacteria;p__Bacteroidetes;c__Bacteroidia;o__Bacteroidales;f__Rikenellaceae;g__Alistipes;s__Alistipes_senegalensis	k__Bacteria;p__Firmicutes;c__Clostridia;o__Clostridiales;f__Lachnospiraceae;g__Blautia;s__Blautia_sp._KLE_1732	k__Bacteria;p__Bacteroidetes;c__Bacteroidia;o__Bacteroidales;f__Bacteroidaceae;g__Bacteroides;s__Bacteroides_oleiciplenus	k__Bacteria;p__Firmicutes;c__Clostridia;o__Clostridiales;f__Ruminococcaceae;g__Ruminococcus;s__Ruminococcus_bicirculans	k__Bacteria;p__Bacteroidetes;c__Bacteroidia;o__Bacteroidales;f__Bacteroidaceae;g__Bacteroides;s__Bacteroides_fluxus	k__Bacteria;p__Bacteroidetes;c__Bacteroidia;o__Bacteroidales;f__Prevotellaceae;g__Prevotella;s__Prevotella_stercorea	k__Bacteria;p__Firmicutes;c__Clostridia;o__Clostridiales;f__Lachnospiraceae;g__Dorea;s__Dorea_longicatena	k__Bacteria;p__Firmicutes;c__Clostridia;o__Clostridiales;f__Eubacteriaceae;g__Eubacterium;s__[Eubacterium]_eligens	k__Bacteria;p__Firmicutes;c__Clostridia;o__Clostridiales;f__Ruminococcaceae;g__;s__Ruminococcaceae_bacterium_D16	k__Bacteria;p__Firmicutes;c__Clostridia;o__Clostridiales;f__Lachnospiraceae;g__Coprococcus;s__Coprococcus_comes	k__Bacteria;p__Proteobacteria;c__Gammaproteobacteria;o__Enterobacterales;f__Enterobacteriaceae;g__Escherichia;s__Escherichia_coli	k__Bacteria;p__Firmicutes;c__Clostridia;o__Clostridiales;f__Ruminococcaceae;g__Anaerotruncus;s__Anaerotruncus_colihominis	k__Bacteria;p__Firmicutes;c__Clostridia;o__Clostridiales;f__Lachnospiraceae;g__Blautia;s__Blautia_obeum	k__Bacteria;p__Bacteroidetes;c__Bacteroidia;o__Bacteroidales;f__Odoribacteraceae;g__Odoribacter;s__Odoribacter_laneus	k__Bacteria;p__Firmicutes;c__Clostridia;o__Clostridiales;f__Ruminococcaceae;g__Ruminiclostridium;s__[Clostridium]_leptum	k__Bacteria;p__Bacteroidetes;c__Bacteroidia;o__Bacteroidales;f__Porphyromonadaceae;g__Parabacteroides;s__Parabacteroides_goldsteinii	k__Bacteria;p__Firmicutes;c__Clostridia;o__Clostridiales;f__Lachnospiraceae;g__Anaerostipes;s__Anaerostipes_hadrus	k__Bacteria;p__Firmicutes;c__Clostridia;o__Clostridiales;f__Ruminococcaceae;g__Ruminococcus;s__Ruminococcus_lactaris	k__Bacteria;p__Firmicutes;c__Clostridia;o__Clostridiales;f__Clostridiaceae;g__Clostridium;s__Clostridium_sp._L2-50	k__Bacteria;p__Firmicutes;c__Clostridia;o__Clostridiales;f__Clostridiaceae;g__Clostridium;s__Clostridium_sp._M62/1	k__Bacteria;p__Firmicutes;c__Clostridia;o__Clostridiales;f__;g__Intestinimonas;s__Intestinimonas_butyriciproducens	k__Bacteria;p__Actinobacteria;c__Actinobacteria;o__Bifidobacteriales;f__Bifidobacteriaceae;g__Bifidobacterium;s__Bifidobacterium_bifidum	k__Bacteria;p__Firmicutes;c__Negativicutes;o__Veillonellales;f__Veillonellaceae;g__Dialister;s__Dialister_invisus	k__Bacteria;p__Bacteroidetes;c__Bacteroidia;o__Bacteroidales;f__Bacteroidaceae;g__Bacteroides;s__Bacteroides_salanitronis
k__Bacteria;p__Bacteroidetes;c__Bacteroidia;o__Bacteroidales;f__Bacteroidaceae;g__Bacteroides;s__Bacteroides_vulgatus	1.0	0.00347485982004	-0.0161338475305	0.0641044408057	-0.0369145681645	-0.00901851068349	0.0168284555599	-0.0255835308402	-0.0545651230594	-0.0783279920321	-0.00243675241314	-0.00357732886947	-0.0219837771087	-0.0413293086454	-0.00558551278842	-0.0116371916249	0.00375854892338	-0.0381324611513	-0.0657831908694	0.0584085522973	0.000855332490192	0.0277889847438	-0.0620197016629	0.0260271771323	-0.0264841417203	0.059860591474	0.0383403190903	0.00275683387021	-0.0727544909737	0.0430835137331	-0.0253129182319	0.0328650658049	0.0351610964196	-0.0402526668263	-0.0562899225914	-0.00180318047894	0.00681041672148	0.0276876414712	0.0317327604416	-0.0518009787139	-0.019601393053	0.0621981971318	-0.00482310100929	0.0114448571111	-0.0272597203421	-0.0516215696451	-0.00870920428707	0.00098991173735	-0.0258772255736	0.0283267639251	0.0163766674452	-0.0521816661177	0.018289512284	0.000353539207107	0.0108770041874	0.0033965178245	0.0299796316758	-0.0823147660717	-0.030656425355
k__Bacteria;p__Bacteroidetes;c__Bacteroidia;o__Bacteroidales;f__Bacteroidaceae;g__Bacteroides;s__Bacteroides_uniformis	0.00347485982004	1.0	0.016202231038	0.0313439408903	-0.00558593930636	0.0643108468931	0.0206177598523	0.0148789949858	0.00248167737442	0.0190899787004	0.00597338095809	0.0256803629229	-0.049224058821	0.0569400578175	0.00952629280159	-0.0221416146485	-0.0543817207758	0.00847547807533	-0.0267206340957	-0.0410666043473	-0.00111298370467	-0.0144740365433	0.0428992686592	-0.0169010085036	-0.0295322570379	0.013490066363	-0.0227072583242	-0.0252925734139	0.0314808694769	0.00817289250782	0.0662352880411	-0.0198826381706	0.0109281472978	0.0270068623058	0.0145621434837	-0.031658275887	-0.0448450662949	-0.0178450757416	-0.0426610503907	-0.0100053525079	-0.00453523122696	0.0379755927692	-0.0238122152482	-0.0186009725098	-0.0160643893548	-0.0378836533823	0.00234491869871	0.0372756938003	-0.0294431013151	-0.0290142092982	-0.000573048595246	0.00027440512852	-0.0163164282626	-0.05614846735	-0.00272976740722	-0.0681200805482	-0.00251349959016	0.0178627622007	-0.0239227892955
k__Bacteria;p__Bacteroidetes;c__Bacteroidia;o__Bacteroidales;f__Rikenellaceae;g__Alistipes;s__Alistipes_putredinis	-0.0161338475305	0.016202231038	1.0	-0.028686433192	-0.0467428025306	-0.0445869417699	-0.0157451131593	-0.020965610831	-0.0478618033038	0.0305820648623	0.0144944124229	-0.0438584952178	0.0125063555582	-0.0274760685636	0.028419855357	0.0152641162521	0.00943578922906	-0.0153826084633	-0.11033413159	0.0105168707512	-0.0291591144024	-0.00265285514587	-0.0140241534313	0.0111970548786	-0.0507327771589	0.00409660289166	0.0799405100042	0.0299300624297	0.0246965196588	-0.0398705873933	0.0205000720235	-0.0255287224005	-0.00237488309726	0.00837816234713	-0.0493949301714	0.0264682885004	0.0101403517288	0.00438747458649	0.0880238686619	-0.0126886023922	-0.0743253898864	-0.0155806964701	-0.0660149260047	0.0499471789809	0.00146709687192	-0.015092254251	-0.0426183851717	-0.0660192195617	0.0463002206579	-0.002589902798	0.049991215797	-0.0132732363827	-0.0122849264566	0.0198672867244	-0.00622107635112	0.0416712854029	0.0478624838896	0.00892440680383	-0.0192850633446
k__Bacteria;p__Bacteroidetes;c__Bacteroidia;o__Bacteroidales;f__Prevotellaceae;g__Prevotella;s__Prevotella_copri	0.0641044408057	0.0313439408903	-0.028686433192	1.0	-0.0067102894628	0.00347354765997	0.00391075958871	0.0260798470551	0.0266002048196	-0.0446406145879	0.00135669175449	-0.00376350957963	-0.071215309566	-0.0278288649427	-0.0433473518185	0.010735106315	-0.0444096951219	-0.0323133219647	-0.0142078444692	0.0570759561619	-0.00451943360761	-0.00760414599901	0.0856504030119	0.0226503648721	-0.0618012934241	0.028380438177	0.00671006033793	-0.0635934221626	-0.060062639174	-0.0183024432211	-0.074962946409	0.0111357543053	0.0304899839003	-0.013761429174	0.0631693625677	0.0107153540813	-0.0115666752266	-0.00409237893341	0.0454102579931	0.0314369062302	-0.0784481590569	-0.0427000242271	0.050943991445	0.00807997252716	0.0330243116015	0.003651982999	-0.0534638094711	0.0168879672467	0.0211765810397	0.0431737418304	-0.0610215343967	0.0116363682764	-0.000252336374345	0.021851918709	-0.0255848596336	-0.0142574412783	0.00558989030376	-0.010634596936	0.0241500927085
k__Bacteria;p__Bacteroidetes;c__Bacteroidia;o__Bacteroidales;f__Bacteroidaceae;g__Bacteroides;s__Bacteroides_stercoris	-0.0369145681645	-0.00558593930636	-0.0467428025306	-0.0067102894628	1.0	0.0219771655488	-0.0408790234195	-0.00984844277189	0.05263939237	-0.0477518266081	-0.00145531829766	-0.0147530143351	-0.0895677280739	-0.0224986632753	0.0365116629341	-0.00943873104466	-0.0122911696589	-0.0496592876074	-0.0141160398437	-0.00488958411391	0.0267240454238	-0.0290105082237	0.0519873400258	-0.0188567020924	-0.0336873721695	0.0132056603962	-0.0317741230574	-0.0161273449907	0.0148032134068	0.0072284056572	-0.0349019099146	0.0105177404744	-0.000334394981406	-0.0109108097957	0.0024523139933	0.00640831900904	-0.045729500887	-0.0418177272909	0.0113587063094	0.0195716437915	0.0153438216192	0.0158290833527	0.00674438292442	0.0384789455698	0.00050051049117	-0.00759349204147	0.00711786988796	0.0386817611152	-0.0349937883922	0.00908817895388	-0.0117785163623	0.00724316168233	0.0111423790644	0.00606504465778	-0.0092293534115	0.0351758342162	0.0284905435467	-0.0546175590446	-0.0428529884578
k__Bacteria;p__Bacteroidetes;c__Bacteroidia;o__Bacteroidales;f__Bacteroidaceae;g__Bacteroides;s__Bacteroides_ovatus	-0.00901851068349	0.0643108468931	-0.0445869417699	0.00347354765997	0.0219771655488	1.0	-0.0262306387743	0.00385927252013	0.00861923397677	-0.00478578301532	-0.0452117802269	-0.0211044745549	0.0413633524296	-0.0121439126465	-0.0294032908937	-0.00077732299384	-0.0427317772204	0.0158025587345	-0.0305519670877	-0.0555998356137	-0.00285093349084	-0.0227274972693	0.00593572575217	0.0157398439628	-0.0818125493162	-0.0580054843821	0.0238644085371	0.00462590572507	-0.0158151293736	-0.0496005159717	0.0137907954423	-0.0210050567452	-0.0393844201711	-0.0222586460227	-0.0246409340493	-0.079098718551	-0.0125598622578	-0.00162190900763	0.0163528164463	0.0323286651643	0.00449223265603	0.0381250200174	0.0475370812285	0.0351507953826	0.0362590586821	-0.0509458178651	0.0159417392571	0.00159383704995	-0.0142932905706	-0.019627969884	0.0319280261771	-0.0373297131082	-0.0497173979223	0.0181726219796	0.0128976735333	-0.0635034526942	0.0344828424298	-0.00867688706999	-0.0100979594313
k__Bacteria;p__Bacteroidetes;c__Bacteroidia;o__Bacteroidales;f__Rikenellaceae;g__Alistipes;s__Alistipes_shahii	0.0168284555599	0.0206177598523	-0.0157451131593	0.00391075958871	-0.0408790234195	-0.0262306387743	1.0	0.0383876131855	0.0175287623855	0.054435914484	-0.00236122062955	0.00854445362315	-0.0256319180725	-0.010372662081	0.00908973283135	0.000293493885583	0.0289506192615	0.0240874059667	-0.0350777889594	0.0149342330096	0.00575454597926	-0.0398453589812	-0.0463705877951	-0.00599502049829	-0.0307258590013	-0.0475855569753	0.0469621282215	-0.00439052324101	-0.0282380893193	-0.0283439584747	0.0390433498391	0.00307016992347	-0.0547864280301	0.0114415236293	-0.04606954691	-0.0109975559893	-0.0590925085318	0.0046307448977	-0.0328653096596	-0.0202586987436	-0.0293574280086	-0.0340911534855	-0.0422231950772	-0.0126487544602	0.0516476288674	-0.0345565120827	0.0192081307755	0.0432830153112	-0.00721527829887	-0.0149759407742	-0.0573169747875	0.0385633204253	-0.0278426352986	0.034811490926	0.0339911024213	-0.0145273898261	-0.0350601947408	0.00196382543424	0.0077993414292
k__Bacteria;p__Firmicutes;c__Clostridia;o__Clostridiales;f__Ruminococcaceae;g__Faecalibacterium;s__Faecalibacterium_prausnitzii	-0.0255835308402	0.0148789949858	-0.020965610831	0.0260798470551	-0.00984844277189	0.00385927252013	0.0383876131855	1.0	-0.0427480031552	0.00157554871844	0.0315648604876	-0.00138345260071	0.00508345491114	-0.0175513312701	-0.00154889508986	0.000515033651176	0.014275708467	0.000273766408949	-0.01163959565	-0.00635430430913	-0.00896642518688	0.0265448722107	0.0312028101113	0.0257225882761	0.025138265053	-0.0294415613966	-0.100813304941	0.00617462991054	0.0348384631404	-0.0226668069591	-0.0605621302344	-0.016836105954	0.0204185559471	-0.00080041569894	-0.0203304224987	-0.0287384791931	0.0238231721358	0.0302881107796	-0.0292612950964	0.00338313204756	-0.0183608479577	0.0237944156406	-0.0361998421693	0.0114763650175	-0.0170639565166	-0.0206611063111	0.0073162192534	-0.0130367803012	0.0331501824962	-0.0482835207372	0.0600702605467	-0.0173129070911	-0.0156543661638	-0.0284072047994	-0.00955873267658	0.0283552844569	-0.0303649114042	-0.0619907222648	-0.0622228284513
k__Bacteria;p__Bacteroidetes;c__Bacteroidia;o__Bacteroidales;f__Rikenellaceae;g__Alistipes;s__Alistipes_finegoldii	-0.0545651230594	0.00248167737442	-0.0478618033038	0.0266002048196	0.05263939237	0.00861923397677	0.0175287623855	-0.0427480031552	1.0	-0.0203452086518	-0.0101818891165	-0.00099100854844	-0.0203668330591	-0.015861575525	0.0111284264173	-0.0246202697347	0.0209630873796	-0.0158969708425	0.0328578308747	0.0175071797195	-0.0532214237917	0.00582140766241	-0.00549189892055	-0.0333215147868	0.00804352098432	-0.0526177291915	-0.021672806775	-0.0236426276507	-0.0133425559214	-0.00761928389875	-0.0358717302884	0.037730210318	0.0145577500964	-0.0592350891727	0.00625878863231	-0.0288055681935	-0.0177829670795	-0.0264114295964	0.0351853015226	0.0624990711729	-0.0756608705332	0.0604881444799	0.0545978014588	-0.061912948892	0.00863786221908	0.00591355669864	0.0258994914613	-0.0161052602934	0.0104341366354	-0.00265233158257	-0.0588587127042	-0.0611874013294	-0.0304331044678	0.00450370461246	-0.0204069970582	0.0383498497307	0.0318658652022	0.0532205450582	0.0428209999249
k__Bacteria;p__Bacteroidetes;c__Bacteroidia;o__Bacteroidales;f__Porphyromonadaceae;g__Parabacteroides;s__Parabacteroides_distasonis	-0.0783279920321	0.0190899787004	0.0305820648623	-0.0446406145879	-0.0477518266081	-0.00478578301532	0.054435914484	0.00157554871844	-0.0203452086518	1.0	-0.00673222836327	0.00490463364372	0.00911153216169	-0.00442003617551	-0.00556544342812	-0.00664470867134	-0.00429710696452	0.0465729524652	0.0167854432741	0.0327350838584	-0.0199535089335	0.00146639572118	-0.0178957634473	-0.0592382945959	-0.0549286512503	-0.0382026261619	0.00416381128254	0.0190452976142	0.00804526741268	-0.0385011779267	0.0209133456997	0.0442060889922	0.00014939705368	-0.0479038654108	0.00617031299754	-0.00178606291967	-0.0484662792528	0.00260276044528	-0.00213075548561	-0.0142947408947	-0.0490218683105	0.0109277723643	-0.0192962256204	-0.0253696821238	-0.00229177935334	0.0103835109138	-0.00866812977077	-0.034774524424	0.0136200374701	0.0375254829802	-0.0264546212745	-0.0561167306826	0.0120477791583	0.0318422175275	-0.0252892249155	-0.0149731106741	-0.0348436793528	0.0463883514486	-0.0300921397262
k__Bacteria;p__Bacteroidetes;c__Bacteroidia;o__Bacteroidales;f__Bacteroidaceae;g__Bacteroides;s__Bacteroides_thetaiotaomicron	-0.00243675241314	0.00597338095809	0.0144944124229	0.00135669175449	-0.00145531829766	-0.0452117802269	-0.00236122062955	0.0315648604876	-0.0101818891165	-0.00673222836327	1.0	-0.0306249293637	0.0171316754012	0.0270592453194	0.0289001329224	0.0253857384984	0.00527761793249	-0.0169505470223	-0.00287391387788	-0.0651711173192	0.0156739229704	-0.0726451546216	0.029957835917	0.0253169030118	0.0376374239383	0.0226911991471	0.0183191051509	-0.0157710588221	-0.0202429963388	-0.0302967361831	0.000457314279535	-0.0155363027392	-0.0070430756757	0.00640585659437	-0.0270462552862	0.0155752520094	-0.0452138615223	0.0136637761879	-0.0352733929414	-0.06555650855	0.0211410062535	-0.0462015391171	0.00122866402653	-0.0297227855725	0.00855084071025	0.0237841762344	-0.0571352565439	-0.0249457167373	-0.0228524702584	-0.0261875246211	0.0516276928775	0.0305672132783	-0.0224508707458	-0.00561249069003	-0.0217831747141	-0.00208729034524	-0.0155342564246	0.0214163877912	0.0425947161749
k__Bacteria;p__Bacteroidetes;c__Bacteroidia;o__Bacteroidales;f__Bacteroidaceae;g__Bacteroides;s__Bacteroides_coprocola	-0.00357732886947	0.0256803629229	-0.0438584952178	-0.00376350957963	-0.0147530143351	-0.0211044745549	0.00854445362315	-0.00138345260071	-0.00099100854844	0.00490463364372	-0.0306249293637	1.0	-0.0108205595594	-0.018800675939	-0.0820886729315	0.0066385996052	-0.0244349128569	-0.0331653257686	0.0201948184081	0.00152374909846	-0.0694283646611	-0.00231532092089	0.0244733990336	-0.0748246098407	-0.080190241891	0.0327371161555	0.0379791627655	-0.00095160808431	0.0639607176178	-0.0574289568896	0.00883297680683	0.0442941776143	-0.0431408896135	0.0108490869762	0.0102853805943	-0.0179618405871	-0.0451564494405	-0.00489599195314	0.00634361626277	-0.0153277694112	0.0496119403328	0.00812763975669	0.0810662609389	-0.00061356195605	-0.035757712319	-0.00851575114588	0.0460327687835	-0.00389363475259	0.00166836705031	-0.0414868288312	-0.0127650023772	-0.02696532228	0.0139748610755	0.00555196624734	0.0760088250617	-0.0081808619807	-0.0128138582409	-0.0545368591261	0.0200456082111
k__Bacteria;p__Bacteroidetes;c__Bacteroidia;o__Bacteroidales;f__Bacteroidaceae;g__Bacteroides;s__Bacteroides_cellulosilyticus	-0.0219837771087	-0.049224058821	0.0125063555582	-0.071215309566	-0.0895677280739	0.0413633524296	-0.0256319180725	0.00508345491114	-0.0203668330591	0.00911153216169	0.0171316754012	-0.0108205595594	1.0	-0.0246018591642	0.0159754516232	0.0395581696787	-0.00435521970696	-0.0523669396908	-0.0183924586581	0.00121846513596	0.0446598115546	-0.0030482429937	-0.000280824905461	-0.0413919388519	0.0417979572965	-0.0232560370516	0.0170996235477	0.0122286658515	-0.00356983121919	0.0235988113227	0.0255644448141	0.0174452160022	-0.0176350834804	-0.0320198836676	0.00711274033859	-0.0421362156056	-0.0304966387799	0.0123426079128	0.02529844185	0.0207327528188	0.0443305524025	-0.0197277336627	-0.0476243111545	-0.059763424297	-0.00635540312626	-0.0542181605402	0.0297580357504	0.0141257430816	0.0884947047179	0.00578006145664	-0.0341581976762	-0.00770391989452	-0.00125308830655	0.00656126674999	0.0298585377421	-0.0397070102018	-0.0111866356735	-0.000771975954181	0.0381958044384
k__Bacteria;p__Bacteroidetes;c__Bacteroidia;o__Bacteroidales;f__Rikenellaceae;g__Alistipes;s__Alistipes_obesi	-0.0413293086454	0.0569400578175	-0.0274760685636	-0.0278288649427	-0.0224986632753	-0.0121439126465	-0.010372662081	-0.0175513312701	-0.015861575525	-0.00442003617551	0.0270592453194	-0.018800675939	-0.0246018591642	1.0	-0.0135278232609	-0.0143573733226	-0.022345022927	-0.0356341517898	-0.0507021625793	0.017564191776	-0.0441353517048	-0.0275459612668	-0.0101333402492	-0.0107696866249	0.017674307784	0.0127346674439	0.0424735520902	-0.0278692378516	-0.0620039508792	-0.0236538155073	0.0324265618277	0.0201074741839	-0.0269831375992	0.0552453108067	-0.0263856203507	0.036132085526	-0.0385694153651	-0.0136841022614	0.015636680247	0.0080950603049	-0.0387124433933	-0.0146812001033	0.00337983909	0.00884775957903	-0.0218321158477	-0.0218249126402	0.00942846204417	0.0203244088461	-0.00728112336419	0.0303730941703	0.0696902130023	-0.0283663154216	-0.0247695631241	0.000106912918267	-0.0664970157432	0.000702924179002	0.0354262991276	0.0232934432021	0.0177885129681
k__Bacteria;p__Firmicutes;c__Clostridia;o__Clostridiales;f__Lachnospiraceae;g__;s__[Eubacterium]_rectale	-0.00558551278842	0.00952629280159	0.028419855357	-0.0433473518185	0.0365116629341	-0.0294032908937	0.00908973283135	-0.00154889508986	0.0111284264173	-0.00556544342812	0.0289001329224	-0.0820886729315	0.0159754516232	-0.0135278232609	1.0	0.0382725575266	0.0351633090869	0.0103865192932	-0.0473693728849	-0.0480652354751	0.0222158432845	0.0108759460935	0.00479255991069	-0.0032565581188	0.0605674416225	-0.0322901439465	-0.0177573218884	-0.0275439192778	-0.0432446813616	-0.0213062626891	0.0801275690267	-0.068166439546	-0.0064975714696	-0.0268349301871	-0.000101024705401	-0.00807319404683	0.0180821320259	-0.0281669208885	-0.026614868381	0.00465877726504	-0.00109400149156	-0.0141711603591	0.00466628000978	-0.0124886320128	-0.0104251008511	-0.014213374246	-0.047155522639	-0.0426853799503	-0.0306326994685	-0.0357315614316	0.00585963985912	0.0330331731653	0.0308909649684	-0.00311384755576	0.0251329296249	-0.0248095694215	0.00223679591756	0.0545738592478	-0.00720756725122
k__Bacteria;p__Bacteroidetes;c__Bacteroidia;o__Bacteroidales;f__Bacteroidaceae;g__Bacteroides;s__Bacteroides_plebeius	-0.0116371916249	-0.0221416146485	0.0152641162521	0.010735106315	-0.00943873104466	-0.00077732299384	0.000293493885583	0.000515033651176	-0.0246202697347	-0.00664470867134	0.0253857384984	0.0066385996052	0.0395581696787	-0.0143573733226	0.0382725575266	1.0	0.00992171539349	0.0246792073932	-0.077080398408	-0.0486944956409	0.0782179553988	-0.0269687096915	-0.0297751286801	0.00162707762981	-0.0488344760037	0.0244170331191	-0.00316469716941	-0.00477148850296	-0.0897143081873	-0.0425551464634	0.00328328420561	0.0567588243309	-0.0384038679052	-0.0320913762937	-0.0134195425652	0.027899167647	-0.00541425911259	0.0151266986182	-0.0101992410901	-0.091818539432	0.0524025121386	0.0630568198899	-0.0468309373752	-0.044984873122	0.0151576063217	0.000793047837621	0.00453847089862	-0.000643874509073	0.0228996037804	-0.043089285223	-0.0313850897514	0.0115490606001	-0.0442159917185	-0.00527327119278	-0.0403621780216	0.00715747224461	-0.0125697631477	-0.0300472214259	-0.0507669807363
k__Bacteria;p__Bacteroidetes;c__Bacteroidia;o__Bacteroidales;f__Bacteroidaceae;g__Bacteroides;s__Bacteroides_fragilis	0.00375854892338	-0.0543817207758	0.00943578922906	-0.0444096951219	-0.0122911696589	-0.0427317772204	0.0289506192615	0.014275708467	0.0209630873796	-0.00429710696452	0.00527761793249	-0.0244349128569	-0.00435521970696	-0.022345022927	0.0351633090869	0.00992171539349	1.0	0.00696882543347	0.00345530506136	-0.0283469824113	0.0553188237457	-0.0391504565397	-0.0248752941783	0.00775456546455	-0.0278065782047	-0.0108463479297	-0.00604113556338	0.011986728348	0.000941860126249	-0.00539180210553	0.000664232624842	-0.0609626322492	-0.0181759016394	0.0170447602713	0.0259392031178	-0.0493119738252	0.00976554326379	-0.0153744320756	-0.00443382796708	0.00963579160785	-0.0427313411426	-0.0194687534397	-0.0459279064714	0.0457710427409	-0.00318122586217	-0.0521985612372	0.0143712276764	0.0316750747543	0.0165538491076	-0.00592374245329	0.0177091070269	0.00146377483889	-0.0301006083709	-0.0141964749219	0.0777263632394	-0.0192602538088	-0.0247940975416	-0.0182904180645	0.0164348350625
k__Bacteria;p__Proteobacteria;c__Betaproteobacteria;o__Burkholderiales;f__Sutterellaceae;g__Sutterella;s__Sutterella_wadsworthensis	-0.0381324611513	0.00847547807533	-0.0153826084633	-0.0323133219647	-0.0496592876074	0.0158025587345	0.0240874059667	0.000273766408949	-0.0158969708425	0.0465729524652	-0.0169505470223	-0.0331653257686	-0.0523669396908	-0.0356341517898	0.0103865192932	0.0246792073932	0.00696882543347	1.0	0.0399539336306	-0.0796495969809	-0.0183584429302	0.0446989250703	0.00117567926749	0.00492132398672	0.00593832856323	-0.00263201146185	0.0549371069542	0.0131377147423	0.0460567093489	-0.0265330313124	-0.014970804546	0.0132291134234	-0.0200431920187	-0.00297053418995	-0.0217921845692	0.0125944100114	0.0368154347962	0.0253873366892	-0.0238819583162	-0.0258107926096	0.00594673662759	-0.0343499691571	0.0559876123034	-0.0238972365268	0.0145158316276	-0.0442747151321	0.0276358809024	-0.000546131629071	0.0319832406956	0.0129120567008	0.0234955739735	0.0357266755512	-0.000310539582724	-0.0307639363026	-0.0314553416272	0.016836578785	-0.0375331559723	-0.0323834583161	-0.0572542280561
k__Bacteria;p__Bacteroidetes;c__Bacteroidia;o__Bacteroidales;f__Porphyromonadaceae;g__Barnesiella;s__Barnesiella_intestinihominis	-0.0657831908694	-0.0267206340957	-0.11033413159	-0.0142078444692	-0.0141160398437	-0.0305519670877	-0.0350777889594	-0.01163959565	0.0328578308747	0.0167854432741	-0.00287391387788	0.0201948184081	-0.0183924586581	-0.0507021625793	-0.0473693728849	-0.077080398408	0.00345530506136	0.0399539336306	1.0	-0.0138314265049	0.00181904945712	0.0241416620572	-0.0330022650492	-0.0189305194848	-0.0154446252975	-0.0220631445258	0.0014194066163	-0.0216240770574	0.0528184465488	0.0142705333172	0.0212658086421	0.0187332529513	0.00122904819304	-0.00439117361346	-0.010563910776	-0.0380890381199	-0.0290521015418	0.0140864173474	0.0285351811863	0.0610782375114	-0.0317906832815	-0.0159114541431	0.0780898341218	-0.0103983571525	-0.0327809748256	-0.0345324395025	0.061688021863	0.0242795136728	0.0317914728379	-0.00756760831388	-0.00985718364734	-0.00682491194004	0.0142302032787	-0.00521008009055	0.00945807838038	0.0108165316285	-0.015919874891	-0.0639121616731	0.0291160263368
k__Bacteria;p__Bacteroidetes;c__Bacteroidia;o__Bacteroidales;f__Odoribacteraceae;g__Odoribacter;s__Odoribacter_splanchnicus	0.0584085522973	-0.0410666043473	0.0105168707512	0.0570759561619	-0.00488958411391	-0.0555998356137	0.0149342330096	-0.00635430430913	0.0175071797195	0.0327350838584	-0.0651711173192	0.00152374909846	0.00121846513596	0.017564191776	-0.0480652354751	-0.0486944956409	-0.0283469824113	-0.0796495969809	-0.0138314265049	1.0	-0.0336892695408	0.00328410522784	0.0216563002949	-0.0731728820154	-0.032861360404	-0.0205190408289	0.0245628720675	0.0321365207388	-0.109629974526	0.0217127695368	0.031920283634	0.0444958395878	0.0355174279748	-0.0141633404944	0.0140681010629	0.0136936810025	0.0669248975658	-0.00605717723425	-0.061664074319	0.0681652517643	0.0360487529027	-0.0250942505772	-0.0131048563536	0.00634659155097	-0.0153380153142	-0.0293899348397	-0.035867262847	0.0485423815445	-0.0971410104623	-0.00204162807617	0.00838009964523	0.0186932916876	5.23413542521e-05	0.028766178313	-0.0123128346251	0.0253965043451	0.0586755603797	-0.0185838000244	-0.0354902539916
k__Bacteria;p__Bacteroidetes;c__Bacteroidia;o__Bacteroidales;f__Bacteroidaceae;g__Bacteroides;s__Bacteroides_salyersiae	0.000855332490192	-0.00111298370467	-0.0291591144024	-0.00451943360761	0.0267240454238	-0.00285093349084	0.00575454597926	-0.00896642518688	-0.0532214237917	-0.0199535089335	0.0156739229704	-0.0694283646611	0.0446598115546	-0.0441353517048	0.0222158432845	0.0782179553988	0.0553188237457	-0.0183584429302	0.00181904945712	-0.0336892695408	1.0	0.00816750577797	-0.0424944719113	0.0503437244015	-0.0469378822491	0.00173301726471	-0.0175875485721	0.0115711708251	0.0231862961034	0.0179302895435	-0.000632552061226	-0.0680747511271	0.0192784350574	-0.00967934765115	-0.0205324467786	0.0386008828308	-0.0365062297736	0.00827561131035	-0.0418504171913	0.011615721877	0.0339409765125	-0.0341639807781	-0.00948252041443	-0.0171900669255	0.017931755793	0.0577521975754	-0.0272989003041	-0.048025910414	0.000580671274952	0.0436456558532	0.00242734621403	-0.00901812070506	-0.0236541729884	-0.0132452490719	-0.0109460524057	0.0155945071697	-0.00352722628491	-0.00173737114902	-0.0856945472874
k__Bacteria;p__Firmicutes;c__Clostridia;o__Clostridiales;f__Ruminococcaceae;g__Ruminiclostridium;s__[Eubacterium]_siraeum	0.0277889847438	-0.0144740365433	-0.00265285514587	-0.00760414599901	-0.0290105082237	-0.0227274972693	-0.0398453589812	0.0265448722107	0.00582140766241	0.00146639572118	-0.0726451546216	-0.00231532092089	-0.0030482429937	-0.0275459612668	0.0108759460935	-0.0269687096915	-0.0391504565397	0.0446989250703	0.0241416620572	0.00328410522784	0.00816750577797	1.0	-0.00575194821414	-0.00203882899073	0.0557509203724	-0.0336629113882	0.010752817176	0.0533189507302	-0.0268810139332	-0.0155909706103	-0.0361680420718	-0.0344397032005	-0.0261464484312	0.0155373032863	0.000951173189844	-0.0265276455045	-0.035574846847	-0.00641888419866	-0.0208780587397	-0.0185838012074	0.0137263715462	-0.0387935272325	-0.0125330879906	0.00811445121023	-0.00950923341463	0.0234593876797	0.00910989547921	-0.0206551853264	0.0220520184845	0.0790699862478	0.0395322361302	-0.0180871173595	0.0186397383961	0.0250944888527	0.0273672497151	-0.0179780085919	-0.00856622535383	0.0107070264916	-0.0327335873772
k__Bacteria;p__Proteobacteria;c__Betaproteobacteria;o__Burkholderiales;f__Sutterellaceae;g__Parasutterella;s__Parasutterella_excrementihominis	-0.0620197016629	0.0428992686592	-0.0140241534313	0.0856504030119	0.0519873400258	0.00593572575217	-0.0463705877951	0.0312028101113	-0.00549189892055	-0.0178957634473	0.029957835917	0.0244733990336	-0.000280824905461	-0.0101333402492	0.00479255991069	-0.0297751286801	-0.0248752941783	0.00117567926749	-0.0330022650492	0.0216563002949	-0.0424944719113	-0.00575194821414	1.0	0.0633441346707	-0.0239404026048	-0.0195867665999	-0.0396855055184	-0.00990712692937	-0.0271796646957	0.00488767157896	0.0520529434682	0.00257557770423	-5.91735993062e-05	-0.00703192620193	-0.0318116748624	0.00250979930731	0.0186367659614	0.021594907041	-0.00671936330133	-0.0461591706088	-0.0745839440203	-0.00141717579258	0.00427784941822	-0.0322023162178	-0.00685887526706	-0.0320030051783	-0.0334820378414	0.0119526810836	-0.0424086204088	0.00992265398002	-0.0562742986594	-0.0815551244034	0.0258349279797	-0.0221681620751	-0.0136752739402	-0.0282796570021	-0.00186641766743	-0.0243041438396	-0.0578962860057
k__Bacteria;p__Actinobacteria;c__Actinobacteria;o__Bifidobacteriales;f__Bifidobacteriaceae;g__Bifidobacterium;s__Bifidobacterium_adolescentis	0.0260271771323	-0.0169010085036	0.0111970548786	0.0226503648721	-0.0188567020924	0.0157398439628	-0.00599502049829	0.0257225882761	-0.0333215147868	-0.0592382945959	0.0253169030118	-0.0748246098407	-0.0413919388519	-0.0107696866249	-0.0032565581188	0.00162707762981	0.00775456546455	0.00492132398672	-0.0189305194848	-0.0731728820154	0.0503437244015	-0.00203882899073	0.0633441346707	1.0	-0.0400191889531	-0.0255105604337	-0.0465082509838	-0.00576659270985	0.0484544580144	-0.00872947260371	0.043001191274	-0.00724214161159	0.00958495375827	-0.0175009109495	-0.00315333478486	0.0363917694852	-0.0204609700077	-0.0779605306318	0.0181503657524	-0.0708254962553	0.0679393071465	0.0622148071213	-0.0104304285718	-0.035709793138	-0.0143597163561	0.0534911924157	0.00105857937769	-0.0290638079821	-0.0626759596685	0.0389019084917	0.010850570899	0.0011913431957	-0.0693258258877	0.0343759406197	-0.0391930815731	-0.0414264762435	0.0377606294704	-0.0260760849901	0.0155179095832
k__Bacteria;p__Firmicutes;c__Clostridia;o__Clostridiales;f__Oscillospiraceae;g__Oscillibacter;s__Oscillibacter_sp._KLE_1745	-0.0264841417203	-0.0295322570379	-0.0507327771589	-0.0618012934241	-0.0336873721695	-0.0818125493162	-0.0307258590013	0.025138265053	0.00804352098432	-0.0549286512503	0.0376374239383	-0.080190241891	0.0417979572965	0.017674307784	0.0605674416225	-0.0488344760037	-0.0278065782047	0.00593832856323	-0.0154446252975	-0.032861360404	-0.0469378822491	0.0557509203724	-0.0239404026048	-0.0400191889531	1.0	0.0383530132227	0.000740140405292	0.0130681872013	-0.00626327997288	0.006979925957	-0.0144992426085	-0.0463472021264	0.0216310230146	-0.0390975940718	0.0684014115187	-0.0464066340283	0.0107737682093	-0.0176696310094	-0.0402689932782	0.0346027271914	0.0505008548028	-0.0199208120305	-0.00598906217999	0.00559057526344	0.0330165466773	-0.0391739360165	-0.0476093423657	-0.0262436714141	-0.00381627852623	0.0307660572149	0.00652759423191	0.0350753278178	0.0437403297718	-0.0663176303937	-0.0108652080011	-0.0451873471122	-0.0269474713029	0.0403984874923	0.00368385815822
k__Bacteria;p__Bacteroidetes;c__Bacteroidia;o__Bacteroidales;f__Bacteroidaceae;g__Bacteroides;s__Bacteroides_coprophilus	0.059860591474	0.013490066363	0.00409660289166	0.028380438177	0.0132056603962	-0.0580054843821	-0.0475855569753	-0.0294415613966	-0.0526177291915	-0.0382026261619	0.0226911991471	0.0327371161555	-0.0232560370516	0.0127346674439	-0.0322901439465	0.0244170331191	-0.0108463479297	-0.00263201146185	-0.0220631445258	-0.0205190408289	0.00173301726471	-0.0336629113882	-0.0195867665999	-0.0255105604337	0.0383530132227	1.0	-0.0080261058611	0.047389833212	-0.0256104289749	0.0381201525364	0.0210527600082	-0.010664900094	0.00762559337739	-0.0348012186556	0.0227601892458	-0.0102327468415	0.0379737508405	-0.0201594963393	-0.0346565892709	-0.0128738308957	-0.0436243339859	-0.0462594157386	0.011248191817	-0.0246211723159	-0.0346593857585	-0.0393228310892	-0.000728891143607	-0.0493955136154	0.00803619602815	-0.0611575966115	0.00232044782707	-0.0332092896543	-0.0107632053592	-0.0152804144276	-0.00484024455213	0.0200579047059	-0.0323705236894	-0.0289307463851	0.0190773631469
k__Bacteria;p__Firmicutes;c__Clostridia;o__Clostridiales;f__Lachnospiraceae;g__Roseburia;s__Roseburia_intestinalis	0.0383403190903	-0.0227072583242	0.0799405100042	0.00671006033793	-0.0317741230574	0.0238644085371	0.0469621282215	-0.100813304941	-0.021672806775	0.00416381128254	0.0183191051509	0.0379791627655	0.0170996235477	0.0424735520902	-0.0177573218884	-0.00316469716941	-0.00604113556338	0.0549371069542	0.0014194066163	0.0245628720675	-0.0175875485721	0.010752817176	-0.0396855055184	-0.0465082509838	0.000740140405292	-0.0080261058611	1.0	0.00298362932954	-0.0224559919418	-0.0239192773769	0.00798340614475	0.0257342313238	0.010544206612	-0.0135164938661	-0.0182709132145	-0.0187302025282	-0.0489309122154	0.0138543233108	0.0109286217117	-0.00428036819652	-0.024883400795	-0.0764863932853	-0.0237265835021	-0.0218975578318	0.0336962641001	-0.0213749241942	-0.0207533590478	0.0123920171607	-0.0379124942883	-0.0285014343469	-0.0223146059123	-0.0219019263392	-0.0336961994803	0.0500075711612	-0.028345096601	-0.0283415009009	-0.00992367243992	0.0169284785835	-0.0111993647019
k__Bacteria;p__Firmicutes;c__Clostridia;o__Clostridiales;f__Lachnospiraceae;g__Roseburia;s__Roseburia_hominis	0.00275683387021	-0.0252925734139	0.0299300624297	-0.0635934221626	-0.0161273449907	0.00462590572507	-0.00439052324101	0.00617462991054	-0.0236426276507	0.0190452976142	-0.0157710588221	-0.00095160808431	0.0122286658515	-0.0278692378516	-0.0275439192778	-0.00477148850296	0.011986728348	0.0131377147423	-0.0216240770574	0.0321365207388	0.0115711708251	0.0533189507302	-0.00990712692937	-0.00576659270985	0.0130681872013	0.047389833212	0.00298362932954	1.0	-0.036942562042	0.0268875486044	-0.0490419458884	-0.000614435402799	0.0140921524498	-0.0132811791115	-0.0275172016448	-0.0245439337249	-0.0229279686558	-0.0275557426073	-0.021600033914	-0.0217503784697	-0.0256615241279	0.0216722845922	0.0498524913022	-0.00439323614295	-0.0169913111452	0.0160760382353	0.0032325905767	-0.0142287270159	-0.00710048833267	-0.0113938813089	0.0441001403598	-0.0591850806178	0.0401770586296	-0.049182654039	0.00100616341291	-0.00431523892913	-0.0460186374787	-0.0181289978349	0.0334354119966
k__Bacteria;p__Bacteroidetes;c__Bacteroidia;o__Bacteroidales;f__Porphyromonadaceae;g__Parabacteroides;s__Parabacteroides_johnsonii	-0.0727544909737	0.0314808694769	0.0246965196588	-0.060062639174	0.0148032134068	-0.0158151293736	-0.0282380893193	0.0348384631404	-0.0133425559214	0.00804526741268	-0.0202429963388	0.0639607176178	-0.00356983121919	-0.0620039508792	-0.0432446813616	-0.0897143081873	0.000941860126249	0.0460567093489	0.0528184465488	-0.109629974526	0.0231862961034	-0.0268810139332	-0.0271796646957	0.0484544580144	-0.00626327997288	-0.0256104289749	-0.0224559919418	-0.036942562042	1.0	0.0253583311097	0.0211130541617	-0.0622962235775	0.000244947854425	0.0487558024199	0.00906171902533	0.00175780026271	-0.0477855671113	-0.0521244324043	0.019177849431	0.0532075760386	-0.0478046207844	0.0230200266816	-0.0274740018193	0.0319179447469	-0.0315161802333	0.0229808585146	-0.0212797088745	0.0397846521055	-0.0454812271193	-0.00369282908316	-0.0114065003777	0.0140086366496	0.0438467037921	-0.0693604933374	-0.0232337343277	0.0196826032854	-0.0219722729337	-0.0516451354838	0.0306912755043
k__Bacteria;p__Actinobacteria;c__Actinobacteria;o__Bifidobacteriales;f__Bifidobacteriaceae;g__Bifidobacterium;s__Bifidobacterium_longum	0.0430835137331	0.00817289250782	-0.0398705873933	-0.0183024432211	0.0072284056572	-0.0496005159717	-0.0283439584747	-0.0226668069591	-0.00761928389875	-0.0385011779267	-0.0302967361831	-0.0574289568896	0.0235988113227	-0.0236538155073	-0.0213062626891	-0.0425551464634	-0.00539180210553	-0.0265330313124	0.0142705333172	0.0217127695368	0.0179302895435	-0.0155909706103	0.00488767157896	-0.00872947260371	0.006979925957	0.0381201525364	-0.0239192773769	0.0268875486044	0.0253583311097	1.0	-0.000635864966001	-0.0294635748231	-0.0241168365803	0.0314815208738	0.0120330861728	0.00925128278263	-0.0125732840089	-0.0570533946857	0.00489363721714	-0.038988721219	-0.00101521177801	0.0267884332091	-0.047819029007	0.0283614946321	-0.0371680366327	-0.0318592063902	0.0267107719945	0.0224419426552	-0.00857637871979	0.0565387885015	-0.0392607428389	0.0452494628733	-0.0101832076141	0.0283828232423	-0.0505402916411	-0.0181573183039	-0.046190440957	0.0170858832799	0.0213278227125
