#taxonomy	k__Bacteria;p__Bacteroidetes;c__Bacteroidia;o__Bacteroidales;f__Bacteroidaceae;g__Bacteroides;s__Bacteroides_vulgatus	k__Bacteria;p__Bacteroidetes;c__Bacteroidia;o__Bacteroidales;f__Bacteroidaceae;g__Bacteroides;s__Bacteroides_uniformis	k__Bacteria;p__Bacteroidetes;c__Bacteroidia;o__Bacteroidales;f__Rikenellaceae;g__Alistipes;s__Alistipes_putredinis	k__Bacteria;p__Bacteroidetes;c__Bacteroidia;o__Bacteroidales;f__Prevotellaceae;g__Prevotella;s__Prevotella_copri	k__Bacteria;p__Bacteroidetes;c__Bacteroidia;o__Bacteroidales;f__Bacteroidaceae;g__Bacteroides;s__Bacteroides_stercoris	k__Bacteria;p__Bacteroidetes;c__Bacteroidia;o__Bacteroidales;f__Bacteroidaceae;g__Bacteroides;s__Bacteroides_ovatus	k__Bacteria;p__Bacteroidetes;c__Bacteroidia;o__Bacteroidales;f__Rikenellaceae;g__Alistipes;s__Alistipes_shahii	k__Bacteria;p__Firmicutes;c__Clostridia;o__Clostridiales;f__Ruminococcaceae;g__Faecalibacterium;s__Faecalibacterium_prausnitzii	k__Bacteria;p__Bacteroidetes;c__Bacteroidia;o__Bacteroidales;f__Rikenellaceae;g__Alistipes;s__Alistipes_finegoldii	k__Bacteria;p__Bacteroidetes;c__Bacteroidia;o__Bacteroidales;f__Porphyromonadaceae;g__Parabacteroides;s__Parabacteroides_distasonis	k__Bacteria;p__Bacteroidetes;c__Bacteroidia;o__Bacteroidales;f__Bacteroidaceae;g__Bacteroides;s__Bacteroides_thetaiotaomicron	k__Bacteria;p__Bacteroidetes;c__Bacteroidia;o__Bacteroidales;f__Bacteroidaceae;g__Bacteroides;s__Bacteroides_coprocola	k__Bacteria;p__Bacteroidetes;c__Bacteroidia;o__Bacteroidales;f__Bacteroidaceae;g__Bacteroides;s__Bacteroides_cellulosilyticus	k__Bacteria;p__Bacteroidetes;c__Bacteroidia;o__Bacteroidales;f__Rikenellaceae;g__Alistipes;s__Alistipes_obesi	k__Bacteria;p__Firmicutes;c__Clostridia;o__Clostridiales;f__Lachnospiraceae;g__;s__[Eubacterium]_rectale	k__Bacteria;p__Bacteroidetes;c__Bacteroidia;o__Bacteroidales;f__Bacteroidaceae;g__Bacteroides;s__Bacteroides_plebeius	k__Bacteria;p__Bacteroidetes;c__Bacteroidia;o__Bacteroidales;f__Bacteroidaceae;g__Bacteroides;s__Bacteroides_fragilis	k__Bacteria;p__Proteobacteria;c__Betaproteobacteria;o__Burkholderiales;f__Sutterellaceae;g__Sutterella;s__Sutterella_wadsworthensis	k__Bacteria;p__Bacteroidetes;c__Bacteroidia;o__Bacteroidales;f__Porphyromonadaceae;g__Barnesiella;s__Barnesiella_intestinihominis	k__Bacteria;p__Bacteroidetes;c__Bacteroidia;o__Bacteroidales;f__Odoribacteraceae;g__Odoribacter;s__Odoribacter_splanchnicus	k__Bacteria;p__Bacteroidetes;c__Bacteroidia;o__Bacteroidales;f__Bacteroidaceae;g__Bacteroides;s__Bacteroides_salyersiae	k__Bacteria;p__Firmicutes;c__Clostridia;o__Clostridiales;f__Ruminococcaceae;g__Ruminiclostridium;s__[Eubacterium]_siraeum	k__Bacteria;p__Proteobacteria;c__Betaproteobacteria;o__Burkholderiales;f__Sutterellaceae;g__Parasutterella;s__Parasutterella_excrementihominis	k__Bacteria;p__Actinobacteria;c__Actinobacteria;o__Bifidobacteriales;f__Bifidobacteriaceae;g__Bifidobacterium;s__Bifidobacterium_adolescentis	k__Bacteria;p__Firmicutes;c__Clostridia;o__Clostridiales;f__Oscillospiraceae;g__Oscillibacter;s__Oscillibacter_sp._KLE_1745	k__Bacteria;p__Bacteroidetes;c__Bacteroidia;o__Bacteroidales;f__Bacteroidaceae;g__Bacteroides;s__Bacteroides_coprophilus	k__Bacteria;p__Firmicutes;c__Clostridia;o__Clostridiales;f__Lachnospiraceae;g__Roseburia;s__Roseburia_intestinalis	k__Bacteria;p__Firmicutes;c__Clostridia;o__Clostridiales;f__Lachnospiraceae;g__Roseburia;s__Roseburia_hominis	k__Bacteria;p__Bacteroidetes;c__Bacteroidia;o__Bacteroidales;f__Porphyromonadaceae;g__Parabacteroides;s__Parabacteroides_johnsonii	k__Bacteria;p__Actinobacteria;c__Actinobacteria;o__Bifidobacteriales;f__Bifidobacteriaceae;g__Bifidobacterium;s__Bifidobacterium_longum	k__Bacteria;p__Firmicutes;c__Clostridia;o__Clostridiales;f__;g__Flavonifractor;s__Flavonifractor_plautii	k__Bacteria;p__Firmicutes;c__Clostridia;o__Clostridiales;f__Clostridiaceae;g__Clostridium;s__Clostridium_phoceensis	k__Bacteria;p__Verrucomicrobia;c__Verrucomicrobiae;o__Verrucomicrobiales;f__Akkermansiaceae;g__Akkermansia;s__Akkermansia_muciniphila	k__Bacteria;p__Bacteroidetes;c__Bacteroidia;o__Bacteroidales;f__Prevotellaceae;g__Paraprevotella;s__Paraprevotella_xylaniphila	k__Bacteria;p__Firmicutes;c__Clostridia;o__Clostridiales;f__Ruminococcaceae;g__Ruminococcus;s__Ruminococcus_callidus	k__Bacteria;p__Bacteroidetes;c__Bacteroidia;o__Bacteroidales;f__Rikenellaceae;g__Alistipes;s__Alistipes_senegalensis	k__Bacteria;p__Firmicutes;c__Clostridia;o__Clostridiales;f__Lachnospiraceae;g__Blautia;s__Blautia_sp._KLE_1732	k__Bacteria;p__Bacteroidetes;c__Bacteroidia;o__Bacteroidales;f__Bacteroidaceae;g__Bacteroides;s__Bacteroides_oleiciplenus	k__Bacteria;p__Firmicutes;c__Clostridia;o__Clostridiales;f__Ruminococcaceae;g__Ruminococcus;s__Ruminococcus_bicirculans	k__Bacteria;p__Bacteroidetes;c__Bacteroidia;o__Bacteroidales;f__Bacteroidaceae;g__Bacteroides;s__Bacteroides_fluxus	k__Bacteria;p__Bacteroidetes;c__Bacteroidia;o__Bacteroidales;f__Prevotellaceae;g__Prevotella;s__Prevotella_stercorea	k__Bacteria;p__Firmicutes;c__Clostridia;o__Clostridiales;f__Lachnospiraceae;g__Dorea;s__Dorea_longicatena	k__Bacteria;p__Firmicutes;c__Clostridia;o__Clostridiales;f__Eubacteriaceae;g__Eubacterium;s__[Eubacterium]_eligens	k__Bacteria;p__Firmicutes;c__Clostridia;o__Clostridiales;f__Ruminococcaceae;g__;s__Ruminococcaceae_bacterium_D16	k__Bacteria;p__Firmicutes;c__Clostridia;o__Clostridiales;f__Lachnospiraceae;g__Coprococcus;s__Coprococcus_comes	k__Bacteria;p__Proteobacteria;c__Gammaproteobacteria;o__Enterobacterales;f__Enterobacteriaceae;g__Escherichia;s__Escherichia_coli	k__Bacteria;p__Firmicutes;c__Clostridia;o__Clostridiales;f__Ruminococcaceae;g__Anaerotruncus;s__Anaerotruncus_colihominis	k__Bacteria;p__Firmicutes;c__Clostridia;o__Clostridiales;f__Lachnospiraceae;g__Blautia;s__Blautia_obeum	k__Bacteria;p__Bacteroidetes;c__Bacteroidia;o__Bacteroidales;f__Odoribacteraceae;g__Odoribacter;s__Odoribacter_laneus	k__Bacteria;p__Firmicutes;c__Clostridia;o__Clostridiales;f__Ruminococcaceae;g__Ruminiclostridium;s__[Clostridium]_leptum	k__Bacteria;p__Bacteroidetes;c__Bacteroidia;o__Bacteroidales;f__Porphyromonadaceae;g__Parabacteroides;s__Parabacteroides_goldsteinii	k__Bacteria;p__Firmicutes;c__Clostridia;o__Clostridiales;f__Lachnospiraceae;g__Anaerostipes;s__Anaerostipes_hadrus	k__Bacteria;p__Firmicutes;c__Clostridia;o__Clostridiales;f__Ruminococcaceae;g__Ruminococcus;s__Ruminococcus_lactaris	k__Bacteria;p__Firmicutes;c__Clostridia;o__Clostridiales;f__Clostridiaceae;g__Clostridium;s__Clostridium_sp._L2-50	k__Bacteria;p__Firmicutes;c__Clostridia;o__Clostridiales;f__Clostridiaceae;g__Clostridium;s__Clostridium_sp._M62/1	k__Bacteria;p__Firmicutes;c__Clostridia;o__Clostridiales;f__;g__Intestinimonas;s__Intestinimonas_butyriciproducens	k__Bacteria;p__Actinobacteria;c__Actinobacteria;o__Bifidobacteriales;f__Bifidobacteriaceae;g__Bifidobacterium;s__Bifidobacterium_bifidum	k__Bacteria;p__Firmicutes;c__Negativicutes;o__Veillonellales;f__Veillonellaceae;g__Dialister;s__Dialister_invisus	k__Bacteria;p__Bacteroidetes;c__Bacteroidia;o__Bacteroidales;f__Bacteroidaceae;g__Bacteroides;s__Bacteroides_salanitronis
k__Bacteria;p__Bacteroidetes;c__Bacteroidia;o__Bacteroidales;f__Bacteroidaceae;g__Bacteroides;s__Bacteroides_vulgatus	1.0	-0.00531719202215	-0.0298256432147	0.046721718042	-0.00757568149876	-0.00761743370463	-0.0189401796109	-0.0189372739781	0.00443262017418	-0.00189817520986	-0.00839023013401	-0.0313286814825	-0.0129961077643	-0.00456840297177	0.0017756951665	-0.00148021403547	-0.0507333449449	-0.00494940133058	-0.0267949237705	-0.0217540981926	-0.073633639998	0.045301076995	-0.0159936683948	-0.0687655537109	-0.0287698321858	-0.00889919189395	0.0232452390077	0.0331923353267	-0.0346102907826	-0.0278221608998	0.0601037756615	0.0359374767502	0.00814384466881	-0.00299020380535	-0.0377123258404	-0.0176887742101	-0.0132074358207	0.00633917216621	-0.01849173816	-0.0699947910839	0.0185370275803	-0.0453461107975	-0.0176049814775	-0.0130380385677	0.00969875550723	0.0351288818708	-0.0288230829765	-0.00445790232872	-0.0662111935003	-0.0293962071443	0.0329672709234	-0.0676423059967	-0.0380261725852	-0.00393775530048	0.0234133502174	-0.0242770181465	-0.00744910849679	-0.0443558045146	0.000520898761585
k__Bacteria;p__Bacteroidetes;c__Bacteroidia;o__Bacteroidales;f__Bacteroidaceae;g__Bacteroides;s__Bacteroides_uniformis	-0.00531719202215	1.0	0.00331080727357	-0.0203810045498	0.00834918399932	-0.0324231740412	-0.0192867796535	0.00886075471551	0.014362902304	0.0221407273464	0.0177918966105	-0.0422889361342	-0.0204035500585	0.0371689289413	0.0020931267579	-0.0186341155216	7.83719617784e-05	-0.00341165335125	0.0351774316	-0.0327548241256	-0.03866601031	-0.0469033425375	-0.0647071930076	-0.0395496902536	-0.00229171249818	-0.0127566703406	-0.0311895963299	-0.0582196409109	-0.0564329154162	0.0187507430238	0.0534048170925	-0.0373601194971	-0.0929625992512	-0.0376310573531	-0.0257270469583	0.00494014233312	-0.00972742540632	0.0540961617644	-0.0370667590817	-0.0393473257185	0.0221165420718	0.0177197475665	-0.00677994643255	0.0285324783257	-0.00158655696958	-0.00614509628747	0.0364630388155	0.0295790823371	-0.0314295159358	0.07243991487	-0.0515858459397	0.000871182171839	0.00812884304702	-0.031801461944	0.0176992377445	-0.0124173119037	0.0398718860412	-0.0298270304248	0.0510037744625
k__Bacteria;p__Bacteroidetes;c__Bacteroidia;o__Bacteroidales;f__Rikenellaceae;g__Alistipes;s__Alistipes_putredinis	-0.0298256432147	0.00331080727357	1.0	-0.049937222844	0.018511753613	-0.00860841328334	0.0286868285454	0.0276654666659	0.00483985885483	-0.0422183509553	-0.0635523340512	-0.0374389923161	0.0263042618065	0.0284945066406	0.00504261851848	-0.00961622252392	-0.0331917521528	-0.0560939849654	0.042223697862	-0.0351458552367	0.0280929758619	0.0129871897547	0.00995377653743	0.0224174966573	0.0161045273969	-0.0320339783846	-0.00432868083941	-0.0300517953953	-0.0509951665976	0.0349204285983	0.00696682485519	-0.00805860933611	0.00388884782567	-0.0353346096662	0.0499972218906	0.0346972609621	-0.0117457684362	-0.0244539775016	0.0091325588825	0.0305723637726	-0.0338881481537	-0.0193728186343	0.0304497425018	0.0505354930048	-0.0224297698221	0.0461149001478	-0.0151560942206	-0.0211553516204	0.024860610791	-0.0400265551235	-0.00626947248632	-0.00449898112495	-0.0387416506353	-0.00765311037818	0.0278685502	-0.0310368951897	-0.00146687680968	0.0622159959026	-0.00878914175751
k__Bacteria;p__Bacteroidetes;c__Bacteroidia;o__Bacteroidales;f__Prevotellaceae;g__Prevotella;s__Prevotella_copri	0.046721718042	-0.0203810045498	-0.049937222844	1.0	-0.0042493748575	0.0307277013392	-0.0136875740813	-0.027316706711	-0.0243956901924	0.0090356391876	0.0133978695587	0.00223146782495	-0.0194080616732	0.0355211159012	-0.0418505661323	0.0307886687833	-0.0390381660626	0.0899172525463	-0.0419162292333	-0.00703054899034	-0.00827811169567	-0.0153544647103	-0.0720577101422	-0.0484483301562	-0.0408794007922	0.000380894861041	0.0135882047726	0.00873632315447	-0.02429642088	0.0300395227687	0.00711064052202	-0.0765794512451	-0.0204352445695	-0.0146800235214	-0.00808038797165	-0.0174070481896	0.00017222387071	-0.00449480633709	-0.0406078244355	-0.031808353711	0.0232393235215	-0.0352420170174	-0.0170171176399	0.0455690895503	-0.0605238513649	0.0187877042473	0.00158030488459	0.0437328509421	-0.00849865194852	0.0100267551161	-0.0106429688828	-0.051056462951	-0.0416344705343	0.0114754400576	0.042209859199	-0.023581043345	0.0338364104313	-0.00949887932838	0.00654151860193
k__Bacteria;p__Bacteroidetes;c__Bacteroidia;o__Bacteroidales;f__Bacteroidaceae;g__Bacteroides;s__Bacteroides_stercoris	-0.00757568149876	0.00834918399932	0.018511753613	-0.0042493748575	1.0	-0.00275598528046	-0.014239584152	0.0143538581487	0.0105853664767	-0.0113023822693	0.00299783247937	0.00193973537063	0.00626674217633	-0.0183819260043	0.00986127385839	-0.028523356707	0.00772649783864	-0.0306699384944	0.032425944005	-0.0448752105665	-0.0189039692268	-0.0748744714742	0.00380671537681	0.0295945509937	-0.00272092033385	0.0129451633043	-0.0515886605771	0.00837012735213	-0.0245391051679	-0.0114642048624	0.0222229592478	0.0715202202217	-0.0371341735952	0.0072762208476	0.019231044306	-0.00840203257719	0.041949096923	0.020220412521	-0.0466174299678	-0.0881894189386	-0.0210086450544	-0.0167231459264	-0.00927023487798	-0.0312636999411	-0.0700115389442	-0.033881845432	-0.0441318324754	0.0140979067814	-0.0362753604365	0.0273175135648	-0.0135601980485	-0.0541886537179	0.0364198676627	-0.00136721871023	0.000294669327371	-0.0172521361024	0.0164647357196	-0.0258504691	-0.0267748978672
k__Bacteria;p__Bacteroidetes;c__Bacteroidia;o__Bacteroidales;f__Bacteroidaceae;g__Bacteroides;s__Bacteroides_ovatus	-0.00761743370463	-0.0324231740412	-0.00860841328334	0.0307277013392	-0.00275598528046	1.0	-0.0261037715765	-0.0377594940993	-0.0361945865643	-0.0449533012198	-0.035040056822	0.0334574197976	-0.00208725186868	0.0422607846659	-0.0360682447795	-0.0411299551468	-0.0263690962877	-0.00460259244441	0.0271655480292	0.00720629773656	0.0165047287213	-0.0160899557225	0.042886637251	0.0339832737505	-0.0113281907593	-0.0235742827104	-0.0151332131622	0.0478157788515	-0.00988683020416	0.0382381847428	-0.024079063471	-0.0261496125788	0.0433582507135	-0.00641220050141	-0.00180743683793	-0.0058475854207	-0.0298223167794	0.0013095796578	-0.0637009975723	0.0103946635204	-0.00751054513607	-0.00618731547056	0.0460245745651	0.0487840524256	-0.0429576725734	-0.0829044486976	0.0394689626809	0.0389732916868	-0.0177053619092	-0.0583183597513	0.0254550345413	-0.0464971290384	-0.000277372116454	-0.0232896672249	-0.0210570362188	-0.0201607586875	-0.0723129065518	0.0313912275944	-0.0646101831154
k__Bacteria;p__Bacteroidetes;c__Bacteroidia;o__Bacteroidales;f__Rikenellaceae;g__Alistipes;s__Alistipes_shahii	-0.0189401796109	-0.0192867796535	0.0286868285454	-0.0136875740813	-0.014239584152	-0.0261037715765	1.0	-0.00896369171837	0.00746011807337	-0.0253275433862	-0.0710627741338	-0.00661515808472	-0.0194967899647	-0.059884097009	0.0137813270727	-0.0220098214757	-0.0639181488414	0.0146352239047	0.0306514172603	-0.00505710331439	-0.0256998599331	-0.0256650355894	-0.037647744783	-0.00133650998738	-0.0571027208937	0.00904907657775	-0.00168347275475	0.0215602652799	-0.0151959075818	-0.00627939420273	0.0387041551035	0.0317404241911	0.0398221004018	-0.0189444174195	-0.00850168258723	-0.0339341769503	0.0104444260175	-0.0131337646112	0.00475638217424	-0.0335518367021	-0.0126893815964	-0.011066805873	0.0288137679438	-0.0197152920165	-0.0198964568951	-0.0434225397123	0.00326018551719	-0.0121838933492	-0.0127091197153	-0.0177790288875	0.00714479753227	-0.0274107653203	0.0465931376957	0.0354714240109	0.0191760691536	0.0455865093458	-0.0416389177186	-0.0349693647551	-0.0248953672341
k__Bacteria;p__Firmicutes;c__Clostridia;o__Clostridiales;f__Ruminococcaceae;g__Faecalibacterium;s__Faecalibacterium_prausnitzii	-0.0189372739781	0.00886075471551	0.0276654666659	-0.027316706711	0.0143538581487	-0.0377594940993	-0.00896369171837	1.0	0.0264887343183	-0.00629031453236	-0.0163674514806	-0.0583173516667	-0.0404176218303	-0.0546933579549	0.0234955362273	0.0159578879984	-0.0499553667764	0.0221135567011	-0.0456989790619	-0.00642449414496	0.0408447790686	-0.0655359766798	0.00721571612518	0.00528328035872	-0.0154550843822	0.0120327012307	-0.0302780689219	-0.0437159015605	-0.0147283554637	-0.000227658657483	0.0768748475644	-0.00511088780935	-0.0108394394276	0.00616790203041	0.0432740123749	0.0280851148357	-0.0182581192615	-0.0496011153319	0.0237210578205	0.0141402198685	0.0140764529072	0.0560637774332	-0.00130516101253	-0.0645501749246	0.0891974257147	0.00707989848096	-0.0293742451246	-0.0664008288396	0.0296176648403	-0.0286057833852	-0.0419231186028	0.0315934223521	-0.0105713195915	0.0246875907191	0.048676246927	0.0458705637865	0.0720796904628	0.008065503308	-0.00830143733156
k__Bacteria;p__Bacteroidetes;c__Bacteroidia;o__Bacteroidales;f__Rikenellaceae;g__Alistipes;s__Alistipes_finegoldii	0.00443262017418	0.014362902304	0.00483985885483	-0.0243956901924	0.0105853664767	-0.0361945865643	0.00746011807337	0.0264887343183	1.0	-0.000704701515937	-0.0254741660009	0.0114616148112	-0.032162535734	-0.0139192342972	0.0383943146276	0.0173117094843	-0.00237001557881	-0.0304319072596	-0.0512982973146	0.00323941641324	-0.0421410305647	0.001476657908	-0.00948252957497	0.00769043822233	-0.0319499172552	-0.00276238021519	0.0364946764737	-0.0155534964617	-0.00528991914601	-0.0679173327486	-0.0133058234707	0.00889631249221	-0.0603889482739	-0.0142726339862	0.00431145844741	-0.00627684720266	0.0016252966225	0.00774977225097	0.0458600706055	-0.0125852098617	0.00800164669786	-0.0745758028709	0.0348233942774	-0.0132473430639	-0.0101747446558	0.0354954880715	-0.00959805104503	-0.0531508195589	-0.011612550729	-0.0171559074523	-0.010903062848	-0.00685631678434	-0.0402415067703	-0.0815097029905	0.019668737569	-0.011263414577	0.00128724771776	-0.0157438336516	-0.0149833544827
k__Bacteria;p__Bacteroidetes;c__Bacteroidia;o__Bacteroidales;f__Porphyromonadaceae;g__Parabacteroides;s__Parabacteroides_distasonis	-0.00189817520986	0.0221407273464	-0.0422183509553	0.0090356391876	-0.0113023822693	-0.0449533012198	-0.0253275433862	-0.00629031453236	-0.000704701515937	1.0	0.00756523808404	0.0267897383	-0.0488039225964	-0.0374758575346	-0.00942181012605	-0.0139624438197	-0.00165855419278	0.0159693683501	0.0116674547533	0.000349334908526	-0.0112271775796	-0.043041419347	-0.0453861779134	-0.049999712157	-0.0628686491351	-0.0441857370634	-0.021517183371	0.00658027811324	0.0434931770233	0.0458992444871	-0.0124742792263	-0.0283583841423	0.0322574622918	-0.0260972194191	-0.0372171592895	0.012335187785	-0.00877646871312	0.0190431294564	0.00708015582219	0.0101044527807	0.0116160664409	-0.0473353608823	0.0317543039568	0.0257358477766	-0.0815898116521	-0.00269979934547	0.0492356137405	-0.0246095717614	0.0207587375596	-0.0231876309483	-0.0258718199914	-0.0129080302742	-0.00301617555577	-0.00877700683339	0.014847793992	0.0327081317765	0.0177763454084	-0.0243706719411	0.00413449374245
k__Bacteria;p__Bacteroidetes;c__Bacteroidia;o__Bacteroidales;f__Bacteroidaceae;g__Bacteroides;s__Bacteroides_thetaiotaomicron	-0.00839023013401	0.0177918966105	-0.0635523340512	0.0133978695587	0.00299783247937	-0.035040056822	-0.0710627741338	-0.0163674514806	-0.0254741660009	0.00756523808404	1.0	-0.00696368578563	-0.0384467265488	0.00196682152289	-0.0147573430602	0.00192209883667	-0.0279403310939	0.0370300271643	-0.0126290113924	0.00246156933086	-0.00480644780589	0.0143846610084	-0.00680701956755	0.0292390899511	0.00740303374133	-0.0520656826958	0.0623172924162	-0.0108075458178	-0.0157525100896	-0.0181984043997	-0.0586409262685	0.00614919181911	-0.0273195629832	0.0377643496547	-0.078921631071	0.0529231048864	-0.00315225815242	-0.00722366932584	-0.0142094273104	-0.0163836865956	-0.0134231982071	-0.0248339106047	-0.0101593351785	-0.00582932940592	-0.0207768221892	0.00632923102861	0.0155398499971	0.0218700904157	-0.0389125191182	-0.0616753651504	-0.0441103290852	0.0221466558584	-0.00781566696769	0.0422377698199	-0.0207949881326	-0.0102907596265	-0.00860534638102	0.0258088857723	-0.0262190310257
k__Bacteria;p__Bacteroidetes;c__Bacteroidia;o__Bacteroidales;f__Bacteroidaceae;g__Bacteroides;s__Bacteroides_coprocola	-0.0313286814825	-0.0422889361342	-0.0374389923161	0.00223146782495	0.00193973537063	0.0334574197976	-0.00661515808472	-0.0583173516667	0.0114616148112	0.0267897383	-0.00696368578563	1.0	0.0207233120084	-0.0244405626554	0.0620921168576	0.0032646641584	0.00537119161951	-0.0845576206561	-0.0134185999151	0.0097350479711	-0.0411514268925	0.0260353744306	0.0138944523237	-0.0119423426729	-0.0121705250428	0.00464914069957	0.0037850250258	-0.0213142200757	-0.0248318881285	-0.0232322674173	-0.0364684201331	-0.0254131147629	-0.0425188402344	-0.0183461710533	0.00413608816782	0.00672360036735	-0.0268234221739	0.000561735756334	0.0368691975747	0.0159922914083	0.0365710708396	-0.0404318199277	-0.0299569147204	0.00644407942105	0.0108679577922	-0.0519811820674	0.0077108628794	0.0368866877996	-0.021176757928	-0.0509182928317	-0.0171779440134	-0.00295549188713	-0.00550341825921	-0.00450421023635	-0.0313453715884	0.0191272581038	-0.0332783726667	-0.0125276257545	-0.00829937498604
k__Bacteria;p__Bacteroidetes;c__Bacteroidia;o__Bacteroidales;f__Bacteroidaceae;g__Bacteroides;s__Bacteroides_cellulosilyticus	-0.0129961077643	-0.0204035500585	0.0263042618065	-0.0194080616732	0.00626674217633	-0.00208725186868	-0.0194967899647	-0.0404176218303	-0.032162535734	-0.0488039225964	-0.0384467265488	0.0207233120084	1.0	-0.0114370227493	-0.00760877265578	-0.0200252772017	-0.0546378205454	-0.0524514326566	0.0343242564995	0.00440003237573	-0.00142801605873	-0.00317423514633	0.0297494521195	-0.0302424075213	0.0762102931702	-0.0076947124313	0.0296287974434	-0.0393427836048	-0.0251021515454	0.0157908536164	-0.068305610823	0.0126804581917	0.0505917056431	0.00265167339865	0.00505170084663	-0.0817436324884	-0.00135486589795	-0.0510691546999	0.000907969816664	0.0179356801574	-0.00341029340095	0.00886875171909	-0.0414422943928	0.0195476358076	-0.00626375882771	-0.0080905122574	-0.0526441872276	-0.0642274645045	-0.0153738318473	-0.0443680757373	-0.0605091290686	0.0401012266942	0.044115014406	-0.0339278347793	-0.0282083378976	-0.0219424096737	-0.00377641976161	0.0178060430149	-0.0171145854639
k__Bacteria;p__Bacteroidetes;c__Bacteroidia;o__Bacteroidales;f__Rikenellaceae;g__Alistipes;s__Alistipes_obesi	-0.00456840297177	0.0371689289413	0.0284945066406	0.0355211159012	-0.0183819260043	0.0422607846659	-0.059884097009	-0.0546933579549	-0.0139192342972	-0.0374758575346	0.00196682152289	-0.0244405626554	-0.0114370227493	1.0	-0.0313794961446	0.00133205517955	0.0314530746928	-0.0280724935367	0.00595904155163	-0.0324493539335	-0.0301092811657	-0.0243579253678	-0.0135401395018	-0.0135370749399	-0.0349005218937	0.00224117339439	0.0122579652441	-0.00337274528999	0.0473554135331	0.0275688365841	0.000580051017934	-0.0359881175511	-0.0318067693182	-0.0252306528273	-0.00415619736624	0.0561134537838	-0.0365606841111	-0.0313000112041	0.0190050975219	-0.0410949788189	-0.0247435041053	0.0180541092759	-0.0378185168264	0.0144794705573	-0.00652118250038	0.000163610638889	0.00828276362975	-0.0438310894776	0.0695308446206	-0.0121582500378	-0.0170411229426	-0.0201267414384	-0.0509130450066	-0.01538307745	-0.0157427306841	-0.0325033935043	-0.0288293015959	-0.0483900134499	0.00546090185695
k__Bacteria;p__Firmicutes;c__Clostridia;o__Clostridiales;f__Lachnospiraceae;g__;s__[Eubacterium]_rectale	0.0017756951665	0.0020931267579	0.00504261851848	-0.0418505661323	0.00986127385839	-0.0360682447795	0.0137813270727	0.0234955362273	0.0383943146276	-0.00942181012605	-0.0147573430602	0.0620921168576	-0.00760877265578	-0.0313794961446	1.0	-0.0482289033383	-0.0127127050213	0.0166903892854	-0.00898264004016	0.0131518047801	-0.0183383698015	-0.0125383650046	0.0159358645326	-0.0196047408767	0.00878988945063	-0.0287369943732	-0.0276330259134	-0.0259418490172	-0.00964083721589	0.0518136353074	0.0303238936215	-0.0152086332775	-0.00154313785962	-0.0311853567375	0.0157429417376	0.00526421050034	0.0236194196831	-0.0208462895575	-0.0171239016434	0.0188017307989	0.00125557055225	0.0103709813312	-0.0108758021794	-0.0174594084717	-0.0587909870822	-0.0207958923356	-0.00647223206499	-0.00225359821239	-0.00210255770814	0.0235473988964	-0.00790101367466	0.0272653227633	-0.0651123125413	-0.0103534499273	0.0090762533834	-0.026695788958	0.0106506382547	-0.0271820926432	-0.0663649883194
k__Bacteria;p__Bacteroidetes;c__Bacteroidia;o__Bacteroidales;f__Bacteroidaceae;g__Bacteroides;s__Bacteroides_plebeius	-0.00148021403547	-0.0186341155216	-0.00961622252392	0.0307886687833	-0.028523356707	-0.0411299551468	-0.0220098214757	0.0159578879984	0.0173117094843	-0.0139624438197	0.00192209883667	0.0032646641584	-0.0200252772017	0.00133205517955	-0.0482289033383	1.0	0.00150060059333	-0.00479323291476	-0.00959067330365	-0.0432423395897	-0.000360008610777	0.0210294275892	-0.0125068771475	-0.0587463799018	-0.011318828234	-0.0233862943738	-0.0198519816202	-0.0243634176562	-0.0499831924298	0.017417412086	0.0319000134824	-0.0193347976761	0.0117809471224	0.0119094754691	-0.0177612404391	-0.0270840569168	-0.00701925599344	-0.00765947128481	0.0387311481335	-0.0173126803222	-0.0336454139674	-0.0417854924997	0.00315152720973	0.0622624980204	-0.000518013738422	0.0407141523497	0.0480292299805	0.02070522884	-0.021409205486	-0.0277880502603	-0.00710189904203	-0.0480735556826	-0.042518097039	-0.02682413909	-0.0377253747221	-0.0343993343911	0.0557134388976	0.0214585034056	-0.0333783235974
k__Bacteria;p__Bacteroidetes;c__Bacteroidia;o__Bacteroidales;f__Bacteroidaceae;g__Bacteroides;s__Bacteroides_fragilis	-0.0507333449449	7.83719617784e-05	-0.0331917521528	-0.0390381660626	0.00772649783864	-0.0263690962877	-0.0639181488414	-0.0499553667764	-0.00237001557881	-0.00165855419278	-0.0279403310939	0.00537119161951	-0.0546378205454	0.0314530746928	-0.0127127050213	0.00150060059333	1.0	-0.0547216029553	0.0276558831081	-0.0489019845616	0.00291691034545	0.0350838344085	0.022881117027	-0.0489307458449	-0.00892459851396	0.0120405009545	-0.020978586186	-0.0166392356735	0.0285169303783	0.00681703488304	0.0221011047719	0.0610621609984	-0.0520824855694	-0.00438976631414	0.00161510460765	-0.0177528877054	-0.0391534689993	-0.0256086946787	0.0138777638801	-0.0405961160997	-0.0550290292717	0.00718276873567	-0.0463386854488	0.000167727959252	-0.00435065692081	-0.0122385884497	-0.016767263113	-0.0210135988109	0.0298814607774	0.0289023561711	0.0314594509675	0.000628669995377	-0.00559937960566	0.0187398718872	-0.00616349231732	-0.0200458956751	0.032242035112	-0.0630021770033	0.0128403390914
k__Bacteria;p__Proteobacteria;c__Betaproteobacteria;o__Burkholderiales;f__Sutterellaceae;g__Sutterella;s__Sutterella_wadsworthensis	-0.00494940133058	-0.00341165335125	-0.0560939849654	0.0899172525463	-0.0306699384944	-0.00460259244441	0.0146352239047	0.0221135567011	-0.0304319072596	0.0159693683501	0.0370300271643	-0.0845576206561	-0.0524514326566	-0.0280724935367	0.0166903892854	-0.00479323291476	-0.0547216029553	1.0	-0.0172369263598	0.00995070702399	0.0433607434767	-0.032999361986	0.00361119440352	-0.0516180452081	-0.00764998449029	0.043169417951	-0.0444434381044	0.0441588220505	0.0185335563935	-0.0158205118282	-0.0375770591439	-0.0510467190517	0.0105298500656	-0.0201017369984	-0.0373434823912	0.00250745084619	-0.00153756447835	-0.0643351786763	-0.0727566708888	0.0275197148435	0.00828740904705	0.0885415452945	-0.0378585204229	-0.0457872115875	0.0092966327354	0.0279975772772	-0.0011477139914	-0.0202278937528	0.00986532472486	0.024411700802	-0.0351190176592	0.00356545703867	0.0267753184345	0.037399061246	-0.0563458420489	-0.0505961037936	-0.00327963665748	-0.0184104703278	-0.0316443294522
k__Bacteria;p__Bacteroidetes;c__Bacteroidia;o__Bacteroidales;f__Porphyromonadaceae;g__Barnesiella;s__Barnesiella_intestinihominis	-0.0267949237705	0.0351774316	0.042223697862	-0.0419162292333	0.032425944005	0.0271655480292	0.0306514172603	-0.0456989790619	-0.0512982973146	0.0116674547533	-0.0126290113924	-0.0134185999151	0.0343242564995	0.00595904155163	-0.00898264004016	-0.00959067330365	0.0276558831081	-0.0172369263598	1.0	0.0135719034867	0.00567751439294	0.0287842818869	0.0423100741539	-0.00390464681964	0.0152145011563	-0.00960293861294	-0.0593567656518	0.0183178817471	0.00114775984594	0.0297160173737	-0.0809176189887	-0.0352087530529	0.0358097527613	-0.00123636039072	-0.0325517959037	-0.0535909504793	-0.0132228383377	0.00444498513047	-0.0301526861848	0.0503125020482	-0.00171232726777	0.0413206067257	-0.0358503091741	-0.0137816865273	-0.0153897168478	-0.0105100561501	-0.0154045710053	0.0504767114362	-0.00694779900549	0.0144843114419	0.0181128902494	0.0431513699223	-0.0523002993884	0.00684204700727	0.0149514848774	-0.01917763197	-0.0278306638576	0.0125455343638	0.00191892010369
k__Bacteria;p__Bacteroidetes;c__Bacteroidia;o__Bacteroidales;f__Odoribacteraceae;g__Odoribacter;s__Odoribacter_splanchnicus	-0.0217540981926	-0.0327548241256	-0.0351458552367	-0.00703054899034	-0.0448752105665	0.00720629773656	-0.00505710331439	-0.00642449414496	0.00323941641324	0.000349334908526	0.00246156933086	0.0097350479711	0.00440003237573	-0.0324493539335	0.0131518047801	-0.0432423395897	-0.0489019845616	0.00995070702399	0.0135719034867	1.0	-0.0403527003453	-0.0254123397469	-0.0212271562213	-0.0113168581147	0.0190443598186	0.0321148118788	-0.0701725045622	0.0145252701392	0.0222304972262	-0.0277167436157	0.0148643979039	-0.0159723289816	0.00234825529376	0.0207926338944	0.0179593065476	0.045503962062	0.0214006333768	0.0135381437933	0.0682707429634	-0.0184071528461	-0.0762589931698	0.0104827797386	0.00344483610641	0.0266929302576	-0.00413928690762	0.0234005419215	0.0270373926303	-0.0617122915391	0.053493522854	-0.0159028930265	-0.00144205579945	-0.00682913890009	0.00896789858662	-0.0483298941199	-0.0329884031852	0.0105583695146	-0.0161558733782	-0.0263504026795	0.0051852413461
k__Bacteria;p__Bacteroidetes;c__Bacteroidia;o__Bacteroidales;f__Bacteroidaceae;g__Bacteroides;s__Bacteroides_salyersiae	-0.073633639998	-0.03866601031	0.0280929758619	-0.00827811169567	-0.0189039692268	0.0165047287213	-0.0256998599331	0.0408447790686	-0.0421410305647	-0.0112271775796	-0.00480644780589	-0.0411514268925	-0.00142801605873	-0.0301092811657	-0.0183383698015	-0.000360008610777	0.00291691034545	0.0433607434767	0.00567751439294	-0.0403527003453	1.0	-0.0323660371863	-0.0524778831479	0.0224975424135	-0.026442150026	-0.0730115875282	0.0288495524656	0.00283350363305	0.0536135055189	0.0265994877083	0.03388736859	-0.00733591177843	-0.00592170001439	0.0387319975095	0.00165152438411	0.029198836314	0.0108015269168	-0.0121991201716	-0.0050445191067	-0.00924073512346	-0.0422391360292	0.0303040976745	0.0157334858437	-0.0123292219175	-4.21391468787e-05	0.0312417856071	-0.0084322559033	0.00134166495986	-0.0419949291784	0.0378636668579	0.0180511043631	0.00523915118775	-0.0382293340145	0.0158581031417	-0.00154484657281	-0.00962964169895	-0.0734573990292	0.0568345141068	0.00403434069673
k__Bacteria;p__Firmicutes;c__Clostridia;o__Clostridiales;f__Ruminococcaceae;g__Ruminiclostridium;s__[Eubacterium]_siraeum	0.045301076995	-0.0469033425375	0.0129871897547	-0.0153544647103	-0.0748744714742	-0.0160899557225	-0.0256650355894	-0.0655359766798	0.001476657908	-0.043041419347	0.0143846610084	0.0260353744306	-0.00317423514633	-0.0243579253678	-0.0125383650046	0.0210294275892	0.0350838344085	-0.032999361986	0.0287842818869	-0.0254123397469	-0.0323660371863	1.0	-0.00481829247207	-0.0188111144687	0.00581333029399	-0.0284509704196	0.0147318336006	0.00121251592111	-0.0333112548622	0.00169277519674	-0.0130051793563	0.00859704302533	0.0111426189741	0.0670892174009	-0.0257045682058	-0.0388740070382	-0.0169858803582	0.0261061920272	0.0322155813071	0.0209649393228	0.0482291647755	-0.0548994014558	-0.0438039933704	-0.0212474087947	0.00331735468918	0.0276460924166	-0.0108843610155	-0.00773268364254	-0.0438126886939	-0.0084300563143	0.0568776699265	0.00411279740567	0.0578587552257	-0.0759442220406	0.0184463010542	-0.0246874569429	-0.017343126599	-0.0311564792117	-0.0257001358222
k__Bacteria;p__Proteobacteria;c__Betaproteobacteria;o__Burkholderiales;f__Sutterellaceae;g__Parasutterella;s__Parasutterella_excrementihominis	-0.0159936683948	-0.0647071930076	0.00995377653743	-0.0720577101422	0.00380671537681	0.042886637251	-0.037647744783	0.00721571612518	-0.00948252957497	-0.0453861779134	-0.00680701956755	0.0138944523237	0.0297494521195	-0.0135401395018	0.0159358645326	-0.0125068771475	0.022881117027	0.00361119440352	0.0423100741539	-0.0212271562213	-0.0524778831479	-0.00481829247207	1.0	0.0143675517305	0.040956832806	0.0214823550208	-0.0300095355516	-0.0068505950192	-0.0700207073067	0.00679202531814	-0.0277823657283	-0.0460783277644	-0.0219359804068	-0.0302843898885	-0.0360617464383	-0.0272197954074	-0.0370188672116	-0.0718778512466	-0.049074032854	-0.0441887591144	0.0249276207394	0.0197818898579	-0.0283028395744	-0.00481917839478	0.0418604465964	-0.00314507762923	0.00443416700419	-0.0501291011579	-0.0196250779166	-0.0464602985963	-0.00498497099607	-0.0626967646613	0.0845647497455	0.0284917992089	-0.0194203549204	0.0387969128893	0.0138989954987	-0.0139895585176	-0.010146062256
k__Bacteria;p__Actinobacteria;c__Actinobacteria;o__Bifidobacteriales;f__Bifidobacteriaceae;g__Bifidobacterium;s__Bifidobacterium_adolescentis	-0.0687655537109	-0.0395496902536	0.0224174966573	-0.0484483301562	0.0295945509937	0.0339832737505	-0.00133650998738	0.00528328035872	0.00769043822233	-0.049999712157	0.0292390899511	-0.0119423426729	-0.0302424075213	-0.0135370749399	-0.0196047408767	-0.0587463799018	-0.0489307458449	-0.0516180452081	-0.00390464681964	-0.0113168581147	0.0224975424135	-0.0188111144687	0.0143675517305	1.0	-0.0277156543162	-0.0255441940379	0.00985352461727	-0.00782694769287	0.0226104469883	-0.00114446427179	0.0406128752344	0.00466871406342	0.0192324831519	-0.0140437569071	0.00837946025292	-0.048911325684	0.0392978653122	-0.00802647177532	-0.0522559985584	-0.0163746558894	-0.0619554978198	0.0100055197124	-0.00656792012032	0.0468799793372	-0.015415590318	0.0191036361919	-0.0493934870599	0.0342585515263	0.0143590893703	0.0248959632115	0.0181352072477	-0.0292967351064	0.0163229997496	-0.0309085329323	-0.0440363333205	-0.0366395339979	0.0320201992299	-0.0273149719189	-0.0478075399216
k__Bacteria;p__Firmicutes;c__Clostridia;o__Clostridiales;f__Oscillospiraceae;g__Oscillibacter;s__Oscillibacter_sp._KLE_1745	-0.0287698321858	-0.00229171249818	0.0161045273969	-0.0408794007922	-0.00272092033385	-0.0113281907593	-0.0571027208937	-0.0154550843822	-0.0319499172552	-0.0628686491351	0.00740303374133	-0.0121705250428	0.0762102931702	-0.0349005218937	0.00878988945063	-0.011318828234	-0.00892459851396	-0.00764998449029	0.0152145011563	0.0190443598186	-0.026442150026	0.00581333029399	0.040956832806	-0.0277156543162	1.0	0.0379639828041	-0.0231509628553	-0.00728431668213	0.0200278521853	0.0553406300247	-0.010311629978	-0.00411707338128	-0.0170753910627	-0.0142223066143	-0.000922874987768	-0.0333774720784	-0.00378006169358	-0.0220381563859	-0.0499248078119	-0.0327659302319	0.0133027032235	-0.0382650032049	0.020580184643	0.0365142189715	0.00689048061301	0.0323170702663	0.0437828315479	0.00197158776559	0.00529977646611	0.0109283506059	-0.0425817295913	0.0123851723033	0.00684400673128	-0.023082023578	-0.0331309426406	-0.0296776338463	0.0113869510509	-0.0146330013552	-0.00416674207414
k__Bacteria;p__Bacteroidetes;c__Bacteroidia;o__Bacteroidales;f__Bacteroidaceae;g__Bacteroides;s__Bacteroides_coprophilus	-0.00889919189395	-0.0127566703406	-0.0320339783846	0.000380894861041	0.0129451633043	-0.0235742827104	0.00904907657775	0.0120327012307	-0.00276238021519	-0.0441857370634	-0.0520656826958	0.00464914069957	-0.0076947124313	0.00224117339439	-0.0287369943732	-0.0233862943738	0.0120405009545	0.043169417951	-0.00960293861294	0.0321148118788	-0.0730115875282	-0.0284509704196	0.0214823550208	-0.0255441940379	0.0379639828041	1.0	-0.0919710610887	0.0277527915804	-0.00356462984055	0.00917712375671	-0.0374108129555	-0.0311078489165	-0.0215690331666	0.0229209261116	0.0226510227006	-0.0147993926701	-0.0207454435206	0.00369361134568	0.0305502830819	-0.014521055041	0.0100600863174	-0.0548416611241	-0.0121298475323	-0.0280370306724	-0.0340759261665	0.051071681816	0.00822432046483	0.0140803758313	0.00958603872742	0.0569544766655	-0.0324009411508	-0.00115635340052	-0.0248602750648	-0.0425270852979	0.0142348902579	-0.00387727116683	0.004716648172	0.0169274361087	0.0387500581376
k__Bacteria;p__Firmicutes;c__Clostridia;o__Clostridiales;f__Lachnospiraceae;g__Roseburia;s__Roseburia_intestinalis	0.0232452390077	-0.0311895963299	-0.00432868083941	0.0135882047726	-0.0515886605771	-0.0151332131622	-0.00168347275475	-0.0302780689219	0.0364946764737	-0.021517183371	0.0623172924162	0.0037850250258	0.0296287974434	0.0122579652441	-0.0276330259134	-0.0198519816202	-0.020978586186	-0.0444434381044	-0.0593567656518	-0.0701725045622	0.0288495524656	0.0147318336006	-0.0300095355516	0.00985352461727	-0.0231509628553	-0.0919710610887	1.0	0.0179954143402	-0.00754300032766	-0.0397764721031	-0.00984166089612	-0.0536529993922	0.0133671145218	0.000406103967875	-0.0377908638479	-0.0559056812187	0.0816430962826	0.0283458347552	0.0164207531727	0.0030388201519	0.00334804341381	-0.0215199576741	0.018946535999	-0.0546047357001	-0.00970662036695	-0.0423786677518	0.00376867791297	-0.00581352116493	-0.0245165088041	0.0380923106739	-0.0193839381868	0.00112151697006	-0.0197808237865	0.0178257402274	0.0111046706791	-0.0358065752755	0.0236148439762	0.0490580351385	0.00822199500269
k__Bacteria;p__Firmicutes;c__Clostridia;o__Clostridiales;f__Lachnospiraceae;g__Roseburia;s__Roseburia_hominis	0.0331923353267	-0.0582196409109	-0.0300517953953	0.00873632315447	0.00837012735213	0.0478157788515	0.0215602652799	-0.0437159015605	-0.0155534964617	0.00658027811324	-0.0108075458178	-0.0213142200757	-0.0393427836048	-0.00337274528999	-0.0259418490172	-0.0243634176562	-0.0166392356735	0.0441588220505	0.0183178817471	0.0145252701392	0.00283350363305	0.00121251592111	-0.0068505950192	-0.00782694769287	-0.00728431668213	0.0277527915804	0.0179954143402	1.0	-0.0125302187474	-0.0125091863864	-0.0162231902345	-0.0206989885753	0.0647284046758	0.00355812358984	-0.00702405891602	-0.00145065076845	0.0088852046398	-0.0221407942203	0.0168931573406	-0.0316753464692	0.0147978636723	0.00100331067769	-0.00789163084805	0.0146593442405	-0.00441821444587	0.00418236816757	0.00401701073594	-0.00979578167145	-0.0302800469132	0.00863254421573	0.0253685295087	0.0292326334067	-0.0183355322836	-0.0351732913608	0.0419401388697	-0.00568303338208	0.0251972271084	-0.0471206282741	0.0113629389215
k__Bacteria;p__Bacteroidetes;c__Bacteroidia;o__Bacteroidales;f__Porphyromonadaceae;g__Parabacteroides;s__Parabacteroides_johnsonii	-0.0346102907826	-0.0564329154162	-0.0509951665976	-0.02429642088	-0.0245391051679	-0.00988683020416	-0.0151959075818	-0.0147283554637	-0.00528991914601	0.0434931770233	-0.0157525100896	-0.0248318881285	-0.0251021515454	0.0473554135331	-0.00964083721589	-0.0499831924298	0.0285169303783	0.0185335563935	0.00114775984594	0.0222304972262	0.0536135055189	-0.0333112548622	-0.0700207073067	0.0226104469883	0.0200278521853	-0.00356462984055	-0.00754300032766	-0.0125302187474	1.0	0.0015238404756	0.0277994994068	-0.0160282888614	-0.040031271251	-0.0177460596953	0.0241165023616	0.056807953873	-0.0170659759553	0.0276399022693	-0.0576335701287	0.0532667991291	-0.0119489056562	-0.0315458565265	0.0457415545541	0.0218158866062	-0.0578893875692	0.0342683939162	0.0359663731872	-0.0610071396665	0.00579565327542	0.0206585533479	-0.014305832624	0.00505278081802	-0.00130512540535	0.0368948257042	-0.0197675671777	-0.0117660685103	-0.0107740266977	0.0279798551901	-0.0161723098184
