#taxonomy	k__Bacteria;p__Bacteroidetes;c__Bacteroidia;o__Bacteroidales;f__Bacteroidaceae;g__Bacteroides;s__Bacteroides_vulgatus	k__Bacteria;p__Bacteroidetes;c__Bacteroidia;o__Bacteroidales;f__Bacteroidaceae;g__Bacteroides;s__Bacteroides_uniformis	k__Bacteria;p__Bacteroidetes;c__Bacteroidia;o__Bacteroidales;f__Rikenellaceae;g__Alistipes;s__Alistipes_putredinis	k__Bacteria;p__Bacteroidetes;c__Bacteroidia;o__Bacteroidales;f__Prevotellaceae;g__Prevotella;s__Prevotella_copri	k__Bacteria;p__Bacteroidetes;c__Bacteroidia;o__Bacteroidales;f__Bacteroidaceae;g__Bacteroides;s__Bacteroides_stercoris	k__Bacteria;p__Bacteroidetes;c__Bacteroidia;o__Bacteroidales;f__Bacteroidaceae;g__Bacteroides;s__Bacteroides_ovatus	k__Bacteria;p__Bacteroidetes;c__Bacteroidia;o__Bacteroidales;f__Rikenellaceae;g__Alistipes;s__Alistipes_shahii	k__Bacteria;p__Firmicutes;c__Clostridia;o__Clostridiales;f__Ruminococcaceae;g__Faecalibacterium;s__Faecalibacterium_prausnitzii	k__Bacteria;p__Bacteroidetes;c__Bacteroidia;o__Bacteroidales;f__Rikenellaceae;g__Alistipes;s__Alistipes_finegoldii	k__Bacteria;p__Bacteroidetes;c__Bacteroidia;o__Bacteroidales;f__Porphyromonadaceae;g__Parabacteroides;s__Parabacteroides_distasonis	k__Bacteria;p__Bacteroidetes;c__Bacteroidia;o__Bacteroidales;f__Bacteroidaceae;g__Bacteroides;s__Bacteroides_thetaiotaomicron	k__Bacteria;p__Bacteroidetes;c__Bacteroidia;o__Bacteroidales;f__Bacteroidaceae;g__Bacteroides;s__Bacteroides_coprocola	k__Bacteria;p__Bacteroidetes;c__Bacteroidia;o__Bacteroidales;f__Bacteroidaceae;g__Bacteroides;s__Bacteroides_cellulosilyticus	k__Bacteria;p__Bacteroidetes;c__Bacteroidia;o__Bacteroidales;f__Rikenellaceae;g__Alistipes;s__Alistipes_obesi	k__Bacteria;p__Firmicutes;c__Clostridia;o__Clostridiales;f__Lachnospiraceae;g__;s__[Eubacterium]_rectale	k__Bacteria;p__Bacteroidetes;c__Bacteroidia;o__Bacteroidales;f__Bacteroidaceae;g__Bacteroides;s__Bacteroides_plebeius	k__Bacteria;p__Bacteroidetes;c__Bacteroidia;o__Bacteroidales;f__Bacteroidaceae;g__Bacteroides;s__Bacteroides_fragilis	k__Bacteria;p__Proteobacteria;c__Betaproteobacteria;o__Burkholderiales;f__Sutterellaceae;g__Sutterella;s__Sutterella_wadsworthensis	k__Bacteria;p__Bacteroidetes;c__Bacteroidia;o__Bacteroidales;f__Porphyromonadaceae;g__Barnesiella;s__Barnesiella_intestinihominis	k__Bacteria;p__Bacteroidetes;c__Bacteroidia;o__Bacteroidales;f__Odoribacteraceae;g__Odoribacter;s__Odoribacter_splanchnicus	k__Bacteria;p__Bacteroidetes;c__Bacteroidia;o__Bacteroidales;f__Bacteroidaceae;g__Bacteroides;s__Bacteroides_salyersiae	k__Bacteria;p__Firmicutes;c__Clostridia;o__Clostridiales;f__Ruminococcaceae;g__Ruminiclostridium;s__[Eubacterium]_siraeum	k__Bacteria;p__Proteobacteria;c__Betaproteobacteria;o__Burkholderiales;f__Sutterellaceae;g__Parasutterella;s__Parasutterella_excrementihominis	k__Bacteria;p__Actinobacteria;c__Actinobacteria;o__Bifidobacteriales;f__Bifidobacteriaceae;g__Bifidobacterium;s__Bifidobacterium_adolescentis	k__Bacteria;p__Firmicutes;c__Clostridia;o__Clostridiales;f__Oscillospiraceae;g__Oscillibacter;s__Oscillibacter_sp._KLE_1745	k__Bacteria;p__Bacteroidetes;c__Bacteroidia;o__Bacteroidales;f__Bacteroidaceae;g__Bacteroides;s__Bacteroides_coprophilus	k__Bacteria;p__Firmicutes;c__Clostridia;o__Clostridiales;f__Lachnospiraceae;g__Roseburia;s__Roseburia_intestinalis	k__Bacteria;p__Firmicutes;c__Clostridia;o__Clostridiales;f__Lachnospiraceae;g__Roseburia;s__Roseburia_hominis	k__Bacteria;p__Bacteroidetes;c__Bacteroidia;o__Bacteroidales;f__Porphyromonadaceae;g__Parabacteroides;s__Parabacteroides_johnsonii	k__Bacteria;p__Actinobacteria;c__Actinobacteria;o__Bifidobacteriales;f__Bifidobacteriaceae;g__Bifidobacterium;s__Bifidobacterium_longum	k__Bacteria;p__Firmicutes;c__Clostridia;o__Clostridiales;f__;g__Flavonifractor;s__Flavonifractor_plautii	k__Bacteria;p__Firmicutes;c__Clostridia;o__Clostridiales;f__Clostridiaceae;g__Clostridium;s__Clostridium_phoceensis	k__Bacteria;p__Verrucomicrobia;c__Verrucomicrobiae;o__Verrucomicrobiales;f__Akkermansiaceae;g__Akkermansia;s__Akkermansia_muciniphila	k__Bacteria;p__Bacteroidetes;c__Bacteroidia;o__Bacteroidales;f__Prevotellaceae;g__Paraprevotella;s__Paraprevotella_xylaniphila	k__Bacteria;p__Firmicutes;c__Clostridia;o__Clostridiales;f__Ruminococcaceae;g__Ruminococcus;s__Ruminococcus_callidus	k__Bacteria;p__Bacteroidetes;c__Bacteroidia;o__Bacteroidales;f__Rikenellaceae;g__Alistipes;s__Alistipes_senegalensis	k__Bacteria;p__Firmicutes;c__Clostridia;o__Clostridiales;f__Lachnospiraceae;g__Blautia;s__Blautia_sp._KLE_1732	k__Bacteria;p__Bacteroidetes;c__Bacteroidia;o__Bacteroidales;f__Bacteroidaceae;g__Bacteroides;s__Bacteroides_oleiciplenus	k__Bacteria;p__Firmicutes;c__Clostridia;o__Clostridiales;f__Ruminococcaceae;g__Ruminococcus;s__Ruminococcus_bicirculans	k__Bacteria;p__Bacteroidetes;c__Bacteroidia;o__Bacteroidales;f__Bacteroidaceae;g__Bacteroides;s__Bacteroides_fluxus	k__Bacteria;p__Bacteroidetes;c__Bacteroidia;o__Bacteroidales;f__Prevotellaceae;g__Prevotella;s__Prevotella_stercorea	k__Bacteria;p__Firmicutes;c__Clostridia;o__Clostridiales;f__Lachnospiraceae;g__Dorea;s__Dorea_longicatena	k__Bacteria;p__Firmicutes;c__Clostridia;o__Clostridiales;f__Eubacteriaceae;g__Eubacterium;s__[Eubacterium]_eligens	k__Bacteria;p__Firmicutes;c__Clostridia;o__Clostridiales;f__Ruminococcaceae;g__;s__Ruminococcaceae_bacterium_D16	k__Bacteria;p__Firmicutes;c__Clostridia;o__Clostridiales;f__Lachnospiraceae;g__Coprococcus;s__Coprococcus_comes	k__Bacteria;p__Proteobacteria;c__Gammaproteobacteria;o__Enterobacterales;f__Enterobacteriaceae;g__Escherichia;s__Escherichia_coli	k__Bacteria;p__Firmicutes;c__Clostridia;o__Clostridiales;f__Ruminococcaceae;g__Anaerotruncus;s__Anaerotruncus_colihominis	k__Bacteria;p__Firmicutes;c__Clostridia;o__Clostridiales;f__Lachnospiraceae;g__Blautia;s__Blautia_obeum	k__Bacteria;p__Bacteroidetes;c__Bacteroidia;o__Bacteroidales;f__Odoribacteraceae;g__Odoribacter;s__Odoribacter_laneus	k__Bacteria;p__Firmicutes;c__Clostridia;o__Clostridiales;f__Ruminococcaceae;g__Ruminiclostridium;s__[Clostridium]_leptum	k__Bacteria;p__Bacteroidetes;c__Bacteroidia;o__Bacteroidales;f__Porphyromonadaceae;g__Parabacteroides;s__Parabacteroides_goldsteinii	k__Bacteria;p__Firmicutes;c__Clostridia;o__Clostridiales;f__Lachnospiraceae;g__Anaerostipes;s__Anaerostipes_hadrus	k__Bacteria;p__Firmicutes;c__Clostridia;o__Clostridiales;f__Ruminococcaceae;g__Ruminococcus;s__Ruminococcus_lactaris	k__Bacteria;p__Firmicutes;c__Clostridia;o__Clostridiales;f__Clostridiaceae;g__Clostridium;s__Clostridium_sp._L2-50	k__Bacteria;p__Firmicutes;c__Clostridia;o__Clostridiales;f__Clostridiaceae;g__Clostridium;s__Clostridium_sp._M62/1	k__Bacteria;p__Firmicutes;c__Clostridia;o__Clostridiales;f__;g__Intestinimonas;s__Intestinimonas_butyriciproducens	k__Bacteria;p__Actinobacteria;c__Actinobacteria;o__Bifidobacteriales;f__Bifidobacteriaceae;g__Bifidobacterium;s__Bifidobacterium_bifidum	k__Bacteria;p__Firmicutes;c__Negativicutes;o__Veillonellales;f__Veillonellaceae;g__Dialister;s__Dialister_invisus	k__Bacteria;p__Bacteroidetes;c__Bacteroidia;o__Bacteroidales;f__Bacteroidaceae;g__Bacteroides;s__Bacteroides_salanitronis
k__Bacteria;p__Bacteroidetes;c__Bacteroidia;o__Bacteroidales;f__Bacteroidaceae;g__Bacteroides;s__Bacteroides_vulgatus	1.0	-0.0681898701693	0.0150882320399	-0.0270643824368	0.0519380711335	0.0142891382445	-0.0244615605905	0.016956947835	-0.0193161752896	-0.0152735738678	-0.0536624107813	-0.0121201324215	-0.0149204359316	0.00704593545366	-0.00636081469324	-0.00897381324477	-0.00919583635573	0.00740860255051	-0.0111148518494	0.018974866918	0.0408622209907	-0.0307595763901	0.0409768147508	0.0182876366541	-0.019073893893	0.0256416662674	0.00980036167637	-0.0188478901728	0.00540839713883	-0.0317130692446	0.0178513026754	0.0183327310375	-0.03589424321	-0.025858546344	0.0342471892733	0.015788885061	-0.0395522877884	-0.0136460844769	-0.00908987345068	0.00843412114124	0.0322219290182	-0.0108370731554	0.0450920636176	0.00695628666641	-0.0120569780609	-0.0513879797456	0.0238380877191	-0.0922803042107	-0.0284123162261	-0.0437073135061	-0.0606958635353	-0.00851486127477	-0.0464277148522	-0.00690915291258	0.0263817312305	0.0334402849187	0.0209946420065	-0.0165299211337	-0.0322896164717
k__Bacteria;p__Bacteroidetes;c__Bacteroidia;o__Bacteroidales;f__Bacteroidaceae;g__Bacteroides;s__Bacteroides_uniformis	-0.0681898701693	1.0	0.027906825013	0.0364725621323	3.76517560852e-05	0.00114337293413	-0.0347601006514	-0.034622075744	0.00213430049289	-0.00778134932809	-0.000802403285816	-0.0249660887481	0.0123658720759	-0.036193481308	0.0100098490505	0.0127590271258	-0.0432827063002	0.0302024789142	-0.0375485458208	-0.00871824744358	0.0423024746153	-0.0395770024056	0.0417158502133	-0.0459828334122	0.0293917104024	-0.0516405747818	-0.057882146209	-0.0134963284271	-0.00977178051757	-0.0514655060188	0.00279914070487	-0.0206954813325	-0.0382727487355	-0.0644181214495	-0.0129751966826	-0.0194255386942	-0.0269668413434	-0.0273438541064	0.0400522796717	-0.0232216157327	-0.0320272992663	0.00687512922143	0.0817458821913	0.0498540678236	0.00465552350279	0.0156505797261	-0.0146522164295	0.0362379660671	0.00621677296737	0.0174676411935	-0.0352332208414	0.0148235424284	0.00867925023465	-0.0257097736043	0.012933228512	-0.0316412906778	-0.00839593352159	-0.0359836997832	-0.0166150983728
k__Bacteria;p__Bacteroidetes;c__Bacteroidia;o__Bacteroidales;f__Rikenellaceae;g__Alistipes;s__Alistipes_putredinis	0.0150882320399	0.027906825013	1.0	0.0381895664341	0.0111053901022	-0.0137788704599	-0.0168177709644	-0.00939452330599	-0.0263222766356	0.0522335169753	-0.0156564716373	0.020143101836	-0.0135818684559	0.0446802740269	0.0405513596611	-0.00443560876146	-0.0423242502398	-0.0339111791871	-0.0132528138698	0.0146944442896	-0.0196347734588	-0.0452893029581	0.0351053903264	-0.0250708357105	-0.0111237243846	-0.0220341806716	-0.0253266589447	0.00584512164292	-0.00443443422909	-0.0345600755301	0.013666926356	-0.0748801970673	0.0215520583334	-0.0583324592112	-0.016038353625	-0.0324140642341	-3.09114643646e-05	-0.00995491882464	-0.0232211207746	-0.0284433588522	-0.00387906464378	-0.0468488226537	-0.00399523926611	0.00743991426781	-0.00192584103681	-0.0336670668841	0.00983038988613	-0.050381116594	-0.013287781796	-0.0201211405574	-0.0449096884775	-0.0343748339377	-0.00992530687257	-0.0432748069652	-0.0290202472235	-0.0178652894572	-0.029089332417	-0.0212922634813	-0.0150107785409
k__Bacteria;p__Bacteroidetes;c__Bacteroidia;o__Bacteroidales;f__Prevotellaceae;g__Prevotella;s__Prevotella_copri	-0.0270643824368	0.0364725621323	0.0381895664341	1.0	-0.0221463549458	-0.0374395581765	0.0201723529459	-0.00163143606034	0.0389575763727	0.0337717337519	0.0515342007726	0.0138822969856	0.0242564557572	-0.00187518349516	0.0122508240527	-0.0251467657047	-0.0499729006565	0.00642529182005	0.00610410418052	-0.0124089465038	-0.0135866298213	-0.0310648979427	0.0513926196046	-0.0346116044314	0.00605317889671	-0.0338184284419	0.00677120246898	-0.0262324376298	-0.0325093358806	-0.0578179239712	0.0213968843084	-0.0381821154561	0.0585706652296	-0.0128266631689	0.00762756704587	0.011393063582	0.000621829349799	-0.0103671122404	-0.0595346488617	-0.0324629517894	-0.0419304659867	0.0110304133142	-0.0196587848434	0.0536516622857	-0.0354094241806	0.0468019423959	-0.0293528981776	0.036949471346	-0.039415651007	0.00364584216586	0.00190854998574	-0.0229607029512	0.0215440577869	-0.0900630740826	-0.00574864411074	0.00748800110983	-0.00698324229451	-0.0541680564093	-0.0246028217898
k__Bacteria;p__Bacteroidetes;c__Bacteroidia;o__Bacteroidales;f__Bacteroidaceae;g__Bacteroides;s__Bacteroides_stercoris	0.0519380711335	3.76517560852e-05	0.0111053901022	-0.0221463549458	1.0	0.0197114798818	-0.0431438096978	0.00046286919499	-0.0455390029254	-0.0166255778731	0.0537666606477	-0.0344752735923	-0.0261500633753	-0.0211776991963	0.033953897258	-0.0186933108191	0.0122514156037	0.0240179699612	0.0269550870714	0.00121304098531	0.0340579437872	0.000271360108627	0.0448035542436	-0.0249997635633	-0.0456042763925	-0.0255682647082	-0.0154021080975	-0.030040956964	-0.0109930206385	0.058217240692	-0.057594895761	-0.0240593709207	-0.0228622029949	0.0108655656507	0.0057816026027	-0.0106442865774	0.0727939880367	-0.041176440302	-0.0442258112727	-0.00398477924408	-0.0490606405707	-0.0300401733308	6.27686319088e-05	-0.0441069795296	-0.0230672119823	-0.0519747502126	0.0023640457208	-0.0366639705996	0.0202875211667	-0.0251111808348	-0.0530557638032	0.0389537375242	-0.0109357360366	0.0141619693696	0.0305051420106	0.0400334507444	-0.0381954689064	-0.0033985076267	0.00841179278392
k__Bacteria;p__Bacteroidetes;c__Bacteroidia;o__Bacteroidales;f__Bacteroidaceae;g__Bacteroides;s__Bacteroides_ovatus	0.0142891382445	0.00114337293413	-0.0137788704599	-0.0374395581765	0.0197114798818	1.0	0.0125150980519	-0.0253934414167	-0.020950556939	-0.0336862550726	0.0243029855454	0.0156737964565	-0.0577265179505	0.00133610864162	-0.0121662533262	0.00809935703751	0.0116133329455	-0.0530074220058	-0.031788271421	0.0244294806229	-0.0296699296112	-0.0482606281021	0.00207166885542	0.0312270179146	-0.0422033583093	-0.0268387319117	0.000336188238019	0.0346007065756	-0.0226751579065	-0.0410919264172	-0.079835191927	-0.00710058192599	-0.024809375797	0.00400478674523	-0.0776636110374	-0.000167908578966	0.0109534248508	0.0303453885746	-0.0376747425259	-0.0619430121164	-0.0523614925559	-0.0642629359497	-0.0173555488777	-0.0114410153124	0.00429142434992	-0.0302274705004	-0.0283077243474	0.01439351486	0.020469419396	-0.00606686822393	0.027843047078	-0.00292162673092	0.0293799561092	0.00979089197925	-0.076732690315	-0.00492145180427	0.00614075051874	0.0708460083631	-0.0141632972289
k__Bacteria;p__Bacteroidetes;c__Bacteroidia;o__Bacteroidales;f__Rikenellaceae;g__Alistipes;s__Alistipes_shahii	-0.0244615605905	-0.0347601006514	-0.0168177709644	0.0201723529459	-0.0431438096978	0.0125150980519	1.0	-0.00949644697047	-0.0277581011298	0.0262486500771	0.0410869521083	-0.0697732653305	-0.0235470435804	-0.0344249941634	0.000553130329918	-0.0287120555548	-0.0287229234099	-0.0197238770023	-0.0415964674249	-0.0411764707514	-0.0424530867686	0.0107997724692	0.0149781943094	0.0383284777407	0.00687612423764	-0.0154865096857	-0.0598245988667	0.0517807064681	-0.0695347060231	-0.00319873834148	-0.0125720187936	-0.0296396170204	0.0433985348054	-0.00244231680323	-0.0342289938141	0.0523531675248	0.0410132479127	-0.0409936708286	-0.00874450102755	0.0262994346386	0.0348874121007	-0.0107555193367	0.0188121859853	0.0218323055868	-0.0262743550197	0.0102496340437	-0.0140536025447	0.0589530578004	-0.0167559207686	-0.0310312229891	-0.0639048618804	-0.00726314731933	0.0417266160338	0.03762957187	-0.00370054315085	-0.0388429973849	0.0189070717121	-0.00731866219394	0.00400063048063
k__Bacteria;p__Firmicutes;c__Clostridia;o__Clostridiales;f__Ruminococcaceae;g__Faecalibacterium;s__Faecalibacterium_prausnitzii	0.016956947835	-0.034622075744	-0.00939452330599	-0.00163143606034	0.00046286919499	-0.0253934414167	-0.00949644697047	1.0	0.0550194596159	0.0485603518219	-0.0308992891388	-0.0385238861335	-0.0418852714707	0.06196023167	-0.0618788242478	0.0223236549992	0.00413883030524	-0.00304441250603	-0.00919003770346	-0.0175727518657	-0.0255654112113	-0.0408888034469	0.0316409542098	0.025580898905	-0.00621518641203	-0.0390919970598	-0.00680001387632	-0.00245748655436	-0.0185466519977	0.0115968239747	0.0327164292066	-0.00612786682346	-0.027430279684	0.00689993596993	0.0114627036194	0.0320136809435	0.0221445193006	0.0159098752676	-0.0069010539275	-0.048116500472	-0.0529058513993	0.00617909431394	-0.0911780724772	0.0478050354863	0.00176781483227	-0.0218139565534	-0.0222266245841	0.0302147019615	-0.037338156582	-0.0601033116198	0.016167422729	-0.0342036883563	-0.0348554206392	0.0244182618488	-0.0123006155068	-0.0417106693284	0.0239893663497	-0.0425070972618	-0.0223535040505
k__Bacteria;p__Bacteroidetes;c__Bacteroidia;o__Bacteroidales;f__Rikenellaceae;g__Alistipes;s__Alistipes_finegoldii	-0.0193161752896	0.00213430049289	-0.0263222766356	0.0389575763727	-0.0455390029254	-0.020950556939	-0.0277581011298	0.0550194596159	1.0	-0.0203932380749	-0.0076040927954	0.0259979113376	0.00825760172012	0.0403723166627	-0.0770544155072	0.0495420507853	-0.0263897074924	-0.0563529917482	0.0146068864702	-0.0270653087517	-0.00906522737309	-0.00151655022036	-0.0925434485285	0.0157262714071	-0.025429682589	-0.00840595423166	-0.0035793203738	0.00159518799743	0.0456226770208	-0.0403578187843	0.0144886296007	-0.0173407866621	0.016249039144	0.0246712840101	-0.000408546444878	-0.0120323853042	0.0353413580686	0.0177603219221	-0.067408466333	0.0514068330427	0.021121649499	0.000808654162733	-0.02214712558	0.00861561151019	-0.0236348547269	-0.0191784873327	-0.0095341636341	0.023782952746	0.0251008219022	-0.022708864623	0.00893563090484	-0.00106070914871	-0.0419740824508	0.0105777353974	0.0112598799233	-0.0525161426377	-0.00939595975668	-0.00141177212306	-0.0178887816359
k__Bacteria;p__Bacteroidetes;c__Bacteroidia;o__Bacteroidales;f__Porphyromonadaceae;g__Parabacteroides;s__Parabacteroides_distasonis	-0.0152735738678	-0.00778134932809	0.0522335169753	0.0337717337519	-0.0166255778731	-0.0336862550726	0.0262486500771	0.0485603518219	-0.0203932380749	1.0	-0.0462849656993	0.016048540024	-0.0352078526066	-0.077533939517	0.0223173318063	0.0417808807595	0.0295712694246	-0.056536072422	0.040032364701	-0.0404667743286	-0.0267378719967	-0.027109315256	-0.0406294770567	0.0467130950293	-0.0319783500258	-0.0101362598118	-0.0121258360918	-0.00554882283686	0.0182623355927	-0.0610307324522	-6.46812364335e-05	-0.00464332981033	-0.0170455318306	0.0542421697768	0.0276368853841	0.0234456979164	-0.0342450707727	0.00712677459288	-0.0065960028288	-0.0589940346557	-0.0144610820363	-0.0186510545721	-0.0262217474614	-0.0419550315464	-0.0275540620906	0.00933000083593	-0.0393586450285	0.0263647334173	0.0044192331011	-0.00745688696359	-0.0206644038915	0.0212444615078	-0.0370784364573	0.0421432239991	-0.00885759220518	-0.00866881890169	-0.0356102878583	0.0201698588371	0.015837587345
k__Bacteria;p__Bacteroidetes;c__Bacteroidia;o__Bacteroidales;f__Bacteroidaceae;g__Bacteroides;s__Bacteroides_thetaiotaomicron	-0.0536624107813	-0.000802403285816	-0.0156564716373	0.0515342007726	0.0537666606477	0.0243029855454	0.0410869521083	-0.0308992891388	-0.0076040927954	-0.0462849656993	1.0	-0.0413651715869	0.01042583417	0.0217122697831	0.038386330644	-0.00900348147039	0.0265354729185	3.17509532616e-05	0.0564820338509	-0.0281903616513	-0.0364680863373	-0.0545850990851	0.0137929295058	0.00395680193673	-0.0296467544202	0.0283204900568	0.0223193649099	0.0198349173043	-0.0299358755644	0.0136066671563	0.0101022230615	0.0133062810877	-0.0560203415798	0.00324035095921	-0.073907114202	-0.0098597313582	-0.0344212775046	-0.014075138325	-0.00380328090729	0.0325485339518	-0.0947354716091	-0.00989331356014	-0.0531353019577	-0.0377474970707	0.0159902155968	0.0212428107403	0.0378503189413	0.00902877286288	-0.0771113533507	0.00408164016321	-0.00507879599839	-0.00679953164509	-0.047689193489	-0.0167887097376	-0.0417900474185	0.036823336828	-0.0301160213163	0.034273126887	0.0460478297212
k__Bacteria;p__Bacteroidetes;c__Bacteroidia;o__Bacteroidales;f__Bacteroidaceae;g__Bacteroides;s__Bacteroides_coprocola	-0.0121201324215	-0.0249660887481	0.020143101836	0.0138822969856	-0.0344752735923	0.0156737964565	-0.0697732653305	-0.0385238861335	0.0259979113376	0.016048540024	-0.0413651715869	1.0	-0.0627440041905	-0.0341467899832	-0.0305594712048	-0.0529315378128	0.0309886419931	-0.0265739997852	0.0462330682985	-0.00884795939699	0.00826037450797	-0.0652465982362	-0.026253240792	0.00806499207524	-0.00436671083053	-0.0143081452622	-0.0500276925195	-0.0453034645936	0.027171886893	-0.0229181750472	0.00423584377056	-0.042187054022	-0.0305221480921	-0.0415305022499	0.0624019946129	-0.0566588841012	0.00941126173173	0.00115047331891	-0.0351522836817	0.00644299855949	0.0438126966335	-0.0221360848314	0.0118762447108	0.0186486130791	0.0528684274646	-0.0142400105495	0.0271165659723	0.0192937800584	-0.0136968042306	-0.0659210774872	-0.0361382171661	0.00873712011442	-0.00794843812179	0.0156668834175	0.0348174977179	0.0352070081544	0.00816270651427	-0.0522171327823	-0.0208442258723
k__Bacteria;p__Bacteroidetes;c__Bacteroidia;o__Bacteroidales;f__Bacteroidaceae;g__Bacteroides;s__Bacteroides_cellulosilyticus	-0.0149204359316	0.0123658720759	-0.0135818684559	0.0242564557572	-0.0261500633753	-0.0577265179505	-0.0235470435804	-0.0418852714708	0.00825760172012	-0.0352078526066	0.01042583417	-0.0627440041905	1.0	-0.0385480336861	-0.0337097514496	0.039174053651	0.0273894786826	-0.061152194823	-0.0321874124807	0.0284204299105	0.00142495802943	-0.0353077447588	-0.0327440085601	-0.0970092174634	0.0622075899178	0.0067641456688	0.0637259204018	0.00345638329189	-0.0325170286279	0.0356576106529	-0.00969236344869	-0.0445449042405	-0.00832841727614	0.0189472707556	-0.0511967719913	-0.0266569641703	-0.0683234751043	-0.0297085404908	0.0238941286012	0.00118166257415	0.0288649870669	0.0267613157966	0.0189640840661	-0.0331263785419	-0.0308199759285	-0.0050224702275	0.0287820063554	-0.060270944282	0.00458397460254	0.010080962893	-0.0511308955386	0.0638190938643	-0.0652989814839	-0.00660618997362	0.0208733954382	0.0106505793128	0.028433911815	0.0680604405207	-0.0824487429609
k__Bacteria;p__Bacteroidetes;c__Bacteroidia;o__Bacteroidales;f__Rikenellaceae;g__Alistipes;s__Alistipes_obesi	0.00704593545366	-0.036193481308	0.0446802740269	-0.00187518349516	-0.0211776991963	0.00133610864162	-0.0344249941634	0.06196023167	0.0403723166627	-0.077533939517	0.0217122697831	-0.0341467899832	-0.0385480336861	1.0	-0.0594184651211	0.00278586759073	0.0328261381885	-0.010865327632	0.0223950755068	-0.00483031493446	-0.00454575351278	0.0174975722212	-0.0756226666308	-0.0433201300984	0.0164193513895	-0.0355450364224	0.0113043426844	-9.35193754347e-05	-0.0448145551134	0.0419228182402	-0.0376160299826	-0.00488554278798	0.0492042869531	0.0110751332446	-0.0287087049467	0.00256163738987	-0.012055957237	-0.013957577349	0.0179030789517	0.0342285937831	-0.0192279199325	0.0231255445835	-0.0179662014062	0.00196487442727	-0.0115863312858	-0.0160951591959	0.00392966768565	-0.00840953945635	0.00641576028358	-0.054334347499	0.0590771778098	-0.0151019120515	-0.00317800291528	0.00913420642264	-0.00311485911502	-0.0368904953756	-0.00990837196837	-0.0331234963955	-0.0108900445054
k__Bacteria;p__Firmicutes;c__Clostridia;o__Clostridiales;f__Lachnospiraceae;g__;s__[Eubacterium]_rectale	-0.00636081469324	0.0100098490505	0.0405513596611	0.0122508240527	0.033953897258	-0.0121662533262	0.000553130329918	-0.0618788242478	-0.0770544155072	0.0223173318063	0.038386330644	-0.0305594712048	-0.0337097514496	-0.0594184651211	1.0	0.030258074761	-0.0133455529096	-0.0556890133467	0.0349621481519	-0.0195181092668	-0.0444940323439	0.0299454532738	0.00884972504642	0.0454589962916	0.0150739320725	0.0349953726754	-0.00132449416809	-0.0360456276279	-0.043952747018	0.033131505339	-0.0671773010381	-0.0108275089316	-0.0061973003391	-0.0509878761729	-0.0464954224931	-0.0189499732666	0.00241281244727	-0.00430200912029	0.0208622675083	0.0278536117584	-0.00201858492337	-0.0174893859991	0.00991990598422	-0.037896686631	-0.00912847969717	0.0074513593943	-0.0595050904789	-0.0386822639349	-0.02315175632	0.0593030180878	-0.068544811802	-3.68455014171e-05	0.0085036552049	-0.0125644960524	-0.0346662658261	0.0583338986314	-0.0819395053348	-0.0534864828569	-0.00254107243419
k__Bacteria;p__Bacteroidetes;c__Bacteroidia;o__Bacteroidales;f__Bacteroidaceae;g__Bacteroides;s__Bacteroides_plebeius	-0.00897381324477	0.0127590271258	-0.00443560876146	-0.0251467657047	-0.0186933108191	0.00809935703751	-0.0287120555548	0.0223236549992	0.0495420507853	0.0417808807595	-0.00900348147039	-0.0529315378128	0.039174053651	0.00278586759073	0.030258074761	1.0	-0.0275587097242	0.0118896847494	0.00400788350374	-0.00269157314963	0.0428906885821	0.0108511243645	0.000638227212798	-0.0331491130602	0.00454774562378	-0.0163253206008	0.0122727566805	-0.00346048680958	-0.00108145191076	-0.015245809721	-0.00492046608584	-0.0261192118453	-0.0403933903677	-0.0170343981016	-0.044251191644	-0.0131045516025	0.0318174571831	-0.0595768406713	0.00971116117684	0.0109736347323	-0.0137737690454	-5.11344914271e-06	0.00104405459907	-0.0308673304539	-0.0397673297189	-0.0496672365989	0.025957982428	-0.034268789032	-0.0298430868149	0.00455802272141	-0.038271535185	0.0209481335512	0.0418776993853	-0.0254973753087	-0.0218659923348	0.00516587944241	-0.0265995037434	-0.00968533918979	0.00481434560506
k__Bacteria;p__Bacteroidetes;c__Bacteroidia;o__Bacteroidales;f__Bacteroidaceae;g__Bacteroides;s__Bacteroides_fragilis	-0.00919583635573	-0.0432827063002	-0.0423242502398	-0.0499729006565	0.0122514156037	0.0116133329455	-0.0287229234099	0.00413883030524	-0.0263897074924	0.0295712694246	0.0265354729185	0.0309886419931	0.0273894786826	0.0328261381885	-0.0133455529096	-0.0275587097242	1.0	-1.09649421208e-06	0.0368536692	-0.0337217542638	-0.00879493685537	-0.00162162306486	0.059527325908	0.0191132254828	-0.0160574594336	0.0194371233703	-0.00572572178785	-0.0459689819593	0.0056076823757	-0.0219471232064	-0.00223011072143	-0.00890490463065	0.000982977252087	-0.049664636385	0.0104562477258	-0.0370738083931	0.0199765461007	0.0149565492164	-0.0168908496701	-0.0575901073756	-0.0226422211295	-0.0217544040503	0.0208736318888	0.0291756139488	-0.0307362530882	-0.0424607655917	-0.0222618994491	0.00687758555573	0.0115819120789	-0.0333614924709	0.0305174078814	-0.00835031867936	0.0244102647615	-0.00800904805075	-0.020372105094	-0.0235368577006	-0.072568202484	-0.0148761075407	0.0142239026796
k__Bacteria;p__Proteobacteria;c__Betaproteobacteria;o__Burkholderiales;f__Sutterellaceae;g__Sutterella;s__Sutterella_wadsworthensis	0.00740860255051	0.0302024789142	-0.0339111791871	0.00642529182005	0.0240179699612	-0.0530074220058	-0.0197238770023	-0.00304441250603	-0.0563529917482	-0.056536072422	3.17509532616e-05	-0.0265739997852	-0.061152194823	-0.010865327632	-0.0556890133467	0.0118896847494	-1.09649421215e-06	1.0	-0.0104331561619	-0.0266385855244	-0.051519025181	-0.0698163726869	-0.00910757516883	-0.020662444142	-0.00625197607669	-0.0208056430944	0.0115870414802	-0.041022840285	-0.0269221335043	-0.021451405864	0.0598762132268	-0.0251686896911	0.014618403478	-0.00486594019248	-0.0279450661913	0.0158946982039	-0.0286155597395	-0.00196934689567	-0.00509181402274	-0.0151867554598	-0.00866827724503	0.031496481786	-0.0321679996559	-0.0579975598073	-0.00656491786694	0.0384883962628	-0.0263324099334	0.0183029434916	0.0226161041609	0.0192971775401	0.0270404348658	-0.0554780223246	0.0173872772575	-0.0202443981299	-0.0233543577224	0.00316525343465	0.00386384944783	0.0500252875998	0.0109197135285
k__Bacteria;p__Bacteroidetes;c__Bacteroidia;o__Bacteroidales;f__Porphyromonadaceae;g__Barnesiella;s__Barnesiella_intestinihominis	-0.0111148518494	-0.0375485458208	-0.0132528138698	0.00610410418052	0.0269550870714	-0.031788271421	-0.0415964674249	-0.00919003770346	0.0146068864702	0.040032364701	0.0564820338509	0.0462330682985	-0.0321874124807	0.0223950755068	0.0349621481519	0.00400788350374	0.0368536692	-0.0104331561619	1.0	0.014035303769	-0.00792589029521	-0.0623630519245	-0.0277733529506	0.0148733418025	-0.0945301205212	0.0137986692385	0.0118774616144	0.0598664605864	0.0421994957969	0.0113920150886	-0.00175916281396	-0.0126257072286	0.0179505785358	-0.0105276625446	-0.0074441281676	-0.000863709868769	-0.0479768668397	-0.0426209489956	0.0750312172869	0.0290612708996	-0.0145232722735	0.0274726569986	-0.0629231149733	0.0195190944191	-0.022102587582	0.00990963437187	-0.00679404752442	-0.0190163783747	-0.045456766944	-0.00886080621008	-0.002184289184	0.0364538363803	-0.0718010511422	-0.0129987325963	-0.00440839335082	-0.024507173363	0.00454566465606	-0.0618902411012	-0.0670282634235
k__Bacteria;p__Bacteroidetes;c__Bacteroidia;o__Bacteroidales;f__Odoribacteraceae;g__Odoribacter;s__Odoribacter_splanchnicus	0.018974866918	-0.00871824744358	0.0146944442896	-0.0124089465038	0.00121304098531	0.0244294806229	-0.0411764707514	-0.0175727518657	-0.0270653087517	-0.0404667743286	-0.0281903616513	-0.00884795939699	0.0284204299105	-0.00483031493446	-0.0195181092668	-0.00269157314963	-0.0337217542638	-0.0266385855244	0.014035303769	1.0	0.00330609694992	-0.00531976262183	-0.0539192105918	-0.00307598494777	0.0010934319334	-0.00385564875498	0.00170551598623	0.0204376372032	-0.0421524308909	0.0425217644081	0.0123871000037	0.00816367477719	-0.0575785306421	-0.0294476389096	0.00226028647613	0.00902666416549	0.0238229744169	-0.0448553759083	-0.0201328278381	-0.0298341604999	-0.0707030090607	0.0168286831553	0.020374654343	-0.0205680845166	0.0469639990125	-0.00275947817534	-0.00420393707877	0.0576216938104	0.0154237890796	-0.00296289697443	0.00440092496667	0.0139851850798	0.0742349242272	-0.0249733151189	0.00673474572234	-0.0410378210958	-0.00735778655206	0.0003025861081	-0.0146416924523
k__Bacteria;p__Bacteroidetes;c__Bacteroidia;o__Bacteroidales;f__Bacteroidaceae;g__Bacteroides;s__Bacteroides_salyersiae	0.0408622209907	0.0423024746153	-0.0196347734588	-0.0135866298213	0.0340579437872	-0.0296699296112	-0.0424530867686	-0.0255654112113	-0.00906522737309	-0.0267378719967	-0.0364680863373	0.00826037450797	0.00142495802943	-0.00454575351278	-0.0444940323439	0.0428906885821	-0.00879493685537	-0.051519025181	-0.00792589029521	0.00330609694992	1.0	-0.0330111963986	0.0183092517435	0.0026706287267	0.0135307355143	-0.065785767601	0.00955020379977	-0.0161132674099	0.0491534880609	-0.0775686365794	-0.0258676845257	0.036002920122	-0.0428735481121	-0.00260743217768	-0.0167582739543	-0.0021428068414	0.0198343525261	0.00529634169136	0.0132335330534	0.00168862767702	-0.0225834079128	0.00792908574774	-0.0342936075157	-0.0823906575598	-0.0124291519895	0.0200936138245	-0.058196589564	0.0218711920335	-0.0177777869386	-0.059016857077	-0.0147597159065	0.0450432303969	-0.0438560612921	0.00681561037062	0.0104100435724	-0.00657012924743	0.00731998783001	-0.0212457111999	-0.0583870698553
k__Bacteria;p__Firmicutes;c__Clostridia;o__Clostridiales;f__Ruminococcaceae;g__Ruminiclostridium;s__[Eubacterium]_siraeum	-0.0307595763901	-0.0395770024056	-0.0452893029581	-0.0310648979427	0.000271360108627	-0.0482606281021	0.0107997724692	-0.0408888034469	-0.00151655022036	-0.027109315256	-0.0545850990851	-0.0652465982362	-0.0353077447588	0.0174975722212	0.0299454532738	0.0108511243645	-0.00162162306486	-0.0698163726869	-0.0623630519245	-0.00531976262183	-0.0330111963986	1.0	0.00791081857315	-0.0395405779576	-0.0374458056871	0.0270765816547	0.0444999904518	-0.0213879669514	0.0323538461807	0.00915214485601	0.0245674149228	0.00365235986047	0.0270464455022	0.0122591951289	-0.0318774812219	-0.00700959701465	0.0467964807144	-0.0385279142723	-0.02186519533	0.0521424843475	-0.0134766362827	-0.0271709391366	-0.0395355885806	0.0509125360296	-0.039387961346	-0.00855396685531	0.0537614664801	0.0202188680939	-0.0110097838031	0.0112731851105	0.010045733495	0.00968403300206	0.00633631101061	0.0515719205826	-0.0575536192976	-0.0439289868133	0.000823537463365	-0.0520236859952	-0.0400375976727
k__Bacteria;p__Proteobacteria;c__Betaproteobacteria;o__Burkholderiales;f__Sutterellaceae;g__Parasutterella;s__Parasutterella_excrementihominis	0.0409768147508	0.0417158502133	0.0351053903264	0.0513926196046	0.0448035542436	0.00207166885542	0.0149781943094	0.0316409542098	-0.0925434485285	-0.0406294770567	0.0137929295058	-0.026253240792	-0.0327440085601	-0.0756226666308	0.00884972504642	0.000638227212798	0.059527325908	-0.00910757516883	-0.0277733529506	-0.0539192105918	0.0183092517435	0.00791081857315	1.0	-0.035602753777	-0.00958508110094	-0.0357017405091	-0.0376724053019	0.0369016490694	0.0290491570522	0.0221961362815	-0.0160980103197	-0.000224358989558	0.0182000723318	-0.00487376382626	0.0115496950384	-0.00172686436354	-0.0615324128699	-0.0904101133126	0.0782955245126	-0.0279005681766	-0.00417974161511	-0.00698247374887	-0.00480741200616	0.0191207472552	-0.00399065753924	-0.0227943420534	-0.051345279158	-0.0253897557571	0.0636885761296	-0.0428489468599	-0.010936130991	-0.0228420934338	-0.0443564709366	0.0337270100395	-0.0164460323563	0.00900488651177	-0.0175404418738	-0.00816468187994	-0.0126320639623
k__Bacteria;p__Actinobacteria;c__Actinobacteria;o__Bifidobacteriales;f__Bifidobacteriaceae;g__Bifidobacterium;s__Bifidobacterium_adolescentis	0.0182876366541	-0.0459828334122	-0.0250708357105	-0.0346116044314	-0.0249997635633	0.0312270179146	0.0383284777407	0.025580898905	0.0157262714071	0.0467130950293	0.00395680193673	0.00806499207524	-0.0970092174634	-0.0433201300984	0.0454589962916	-0.0331491130602	0.0191132254828	-0.020662444142	0.0148733418025	-0.00307598494777	0.0026706287267	-0.0395405779576	-0.035602753777	1.0	-0.0562055288635	-0.01943807095	-0.0279008463988	0.0392812455284	-0.0419905421597	0.0306519149849	0.0353712577876	0.00300065417471	-0.00030866864569	-0.0414140113531	-0.0114793404543	0.0133575869614	-0.0249703757434	-0.00543506952601	-0.0823749949849	0.0203045204533	0.0234804769052	0.00893461955821	0.00942242394029	0.0360776632943	0.0420027803131	-0.00276103979409	-0.0033849365354	-0.0321523322417	0.0153286526458	-0.0192437253658	0.0150357262525	-0.00251115340684	0.000698286363175	-0.00393925138667	-0.0151018466062	0.0140223757198	-0.00321383152356	-0.0294290594631	-0.00289141571555
k__Bacteria;p__Firmicutes;c__Clostridia;o__Clostridiales;f__Oscillospiraceae;g__Oscillibacter;s__Oscillibacter_sp._KLE_1745	-0.019073893893	0.0293917104024	-0.0111237243846	0.00605317889671	-0.0456042763925	-0.0422033583093	0.00687612423764	-0.00621518641203	-0.025429682589	-0.0319783500258	-0.0296467544202	-0.00436671083053	0.0622075899178	0.0164193513895	0.0150739320725	0.00454774562378	-0.0160574594336	-0.00625197607669	-0.0945301205212	0.0010934319334	0.0135307355143	-0.0374458056871	-0.00958508110094	-0.0562055288635	1.0	-0.00180314381873	-0.0619543459791	-0.0305050666455	-0.0153114839497	0.0223987359346	-0.0584297241074	0.033501393486	-0.0164185859206	0.0147407011169	0.0405491199118	0.0179871739773	-0.0205139299728	0.0422305094881	-0.0161169596751	0.034644624009	-0.0109474131614	-0.0291997195658	0.0086620088124	-0.0423967505927	-0.020541261105	0.075013103751	0.0107477044642	-0.0151393568593	0.018025562896	0.00096472151271	0.0181335187441	0.0407888704652	-0.0204845419263	-0.0765463619779	0.0644900463187	-0.0047206808531	0.0192576840177	0.0277241812041	-0.0297963136885
k__Bacteria;p__Bacteroidetes;c__Bacteroidia;o__Bacteroidales;f__Bacteroidaceae;g__Bacteroides;s__Bacteroides_coprophilus	0.0256416662674	-0.0516405747818	-0.0220341806716	-0.0338184284419	-0.0255682647082	-0.0268387319117	-0.0154865096857	-0.0390919970598	-0.00840595423166	-0.0101362598118	0.0283204900568	-0.0143081452622	0.0067641456688	-0.0355450364224	0.0349953726754	-0.0163253206008	0.0194371233703	-0.0208056430944	0.0137986692385	-0.00385564875498	-0.065785767601	0.0270765816547	-0.0357017405091	-0.01943807095	-0.00180314381873	1.0	-0.0224134678491	-0.0175898720915	-0.0384666580637	-0.0379351850448	0.0128243659511	-0.0554876333471	-0.0306594748545	0.00204966299356	-0.0315268032097	-0.0791406478518	0.0529007322381	0.00134470901656	0.0127117989792	-0.0128636302328	0.0280474562048	-0.0515549918129	-0.00577915173747	0.0423941829567	-0.0648378147036	-0.0410448303092	-0.0449105138998	-0.0189640704734	-0.0336677224087	0.00711722809072	0.00327674933509	-0.0156281486734	-0.0240670047483	0.0376201832822	-0.0236555035082	0.0301710902008	0.0360771211789	0.00986114534561	-0.000229080838525
k__Bacteria;p__Firmicutes;c__Clostridia;o__Clostridiales;f__Lachnospiraceae;g__Roseburia;s__Roseburia_intestinalis	0.00980036167637	-0.057882146209	-0.0253266589447	0.00677120246898	-0.0154021080975	0.000336188238019	-0.0598245988667	-0.00680001387632	-0.0035793203738	-0.0121258360918	0.0223193649099	-0.0500276925195	0.0637259204018	0.0113043426844	-0.00132449416809	0.0122727566805	-0.00572572178785	0.0115870414802	0.0118774616144	0.00170551598623	0.00955020379977	0.0444999904518	-0.0376724053019	-0.0279008463988	-0.0619543459791	-0.0224134678491	1.0	0.0522956746473	0.0419152436984	-0.0166279803479	0.00232651559962	0.0319130735964	-0.0304150340026	0.0755064563156	-0.0509644341365	0.0363267172826	0.0237010841009	-0.0210364662609	0.018547864117	0.0191020795202	0.00744098781223	-0.00771893004713	-0.00296416267423	-0.0216851905498	-0.0157639102837	-0.0498076502294	0.00761462258124	-0.0600340952744	-0.0476440376622	-0.00653402430547	0.00564232583835	-0.000671131121556	-0.0380979919655	0.00985487001422	0.00253531312364	-0.057139116246	-0.0224068577635	0.00423440797069	-0.0545943413048
k__Bacteria;p__Firmicutes;c__Clostridia;o__Clostridiales;f__Lachnospiraceae;g__Roseburia;s__Roseburia_hominis	-0.0188478901728	-0.0134963284271	0.00584512164292	-0.0262324376298	-0.030040956964	0.0346007065756	0.0517807064681	-0.00245748655436	0.00159518799743	-0.00554882283686	0.0198349173043	-0.0453034645936	0.00345638329189	-9.35193754348e-05	-0.0360456276279	-0.00346048680958	-0.0459689819593	-0.041022840285	0.0598664605864	0.0204376372032	-0.0161132674099	-0.0213879669514	0.0369016490694	0.0392812455284	-0.0305050666455	-0.0175898720915	0.0522956746473	1.0	-0.0203234347345	-0.00213285059689	-0.0379765547455	-0.0218686308239	-0.000144629166524	0.0177510135007	0.0356866349817	0.014303132446	0.0108445016887	-0.0208604272548	-0.0465467704712	-0.0211831064205	0.0119827961441	-0.02878570385	-0.0302909761594	0.00934941730047	0.0139795575167	-0.0240750319184	-0.0144920786639	-0.03998853823	0.021456214078	0.0234654883334	-0.0240092935111	-0.0560476640824	-0.020648754512	0.0109991242999	0.0303639902789	-0.0288157809323	0.0386087584595	-0.00896536547827	-0.00752272586918
k__Bacteria;p__Bacteroidetes;c__Bacteroidia;o__Bacteroidales;f__Porphyromonadaceae;g__Parabacteroides;s__Parabacteroides_johnsonii	0.00540839713883	-0.00977178051757	-0.00443443422909	-0.0325093358806	-0.0109930206385	-0.0226751579065	-0.0695347060231	-0.0185466519977	0.0456226770208	0.0182623355927	-0.0299358755644	0.027171886893	-0.0325170286279	-0.0448145551134	-0.043952747018	-0.00108145191076	0.00560768237569	-0.0269221335043	0.0421994957969	-0.0421524308909	0.0491534880609	0.0323538461807	0.0290491570522	-0.0419905421597	-0.0153114839497	-0.0384666580637	0.0419152436984	-0.0203234347345	1.0	-0.0153725172856	-0.0309805531747	0.0440038613437	-0.0175752492687	0.00544720188389	0.0109648367407	-0.000790091296331	-0.0445548988652	0.00705064999084	-0.0231379835285	-0.0609710871418	-0.0221205453424	-0.0094517690488	-0.00762669219387	-0.0186336501095	-0.0638995004433	0.0173363020891	0.032271100993	0.0679049220732	-0.00348546991438	-0.0290522034562	-0.010737295309	0.00512888897208	0.0116728924541	0.0138950364313	-0.0537156415337	-0.049505356067	0.018828834638	-0.0463297873288	0.0150029113748
k__Bacteria;p__Actinobacteria;c__Actinobacteria;o__Bifidobacteriales;f__Bifidobacteriaceae;g__Bifidobacterium;s__Bifidobacterium_longum	-0.0317130692446	-0.0514655060188	-0.0345600755301	-0.0578179239712	0.058217240692	-0.0410919264172	-0.00319873834148	0.0115968239747	-0.0403578187843	-0.0610307324522	0.0136066671563	-0.0229181750472	0.0356576106529	0.0419228182402	0.033131505339	-0.015245809721	-0.0219471232064	-0.021451405864	0.0113920150886	0.0425217644081	-0.0775686365794	0.00915214485601	0.0221961362815	0.0306519149849	0.0223987359346	-0.0379351850448	-0.0166279803479	-0.00213285059689	-0.0153725172856	1.0	0.00310886705213	0.00249901462574	0.0149904700735	0.030660356942	-0.0523223069183	9.23589827889e-08	-0.00569213391838	0.0200713792157	-0.107134660416	0.0328793442674	0.0130256497306	-0.0236198937214	-0.00130873622375	-0.0702022554123	0.00315000540082	-0.0788641056742	0.0274933116329	-0.0229250596042	-0.00984869453379	0.00818658602069	-0.0043918391747	-0.00864571943533	-0.0103980128021	0.0595156581305	-0.00458403349107	0.0394877857331	-0.0231856634117	-0.0329148184478	-0.0163144493436
