#taxonomy	k__Bacteria;p__Bacteroidetes;c__Bacteroidia;o__Bacteroidales;f__Bacteroidaceae;g__Bacteroides;s__Bacteroides_vulgatus	k__Bacteria;p__Bacteroidetes;c__Bacteroidia;o__Bacteroidales;f__Bacteroidaceae;g__Bacteroides;s__Bacteroides_uniformis	k__Bacteria;p__Bacteroidetes;c__Bacteroidia;o__Bacteroidales;f__Rikenellaceae;g__Alistipes;s__Alistipes_putredinis	k__Bacteria;p__Bacteroidetes;c__Bacteroidia;o__Bacteroidales;f__Prevotellaceae;g__Prevotella;s__Prevotella_copri	k__Bacteria;p__Bacteroidetes;c__Bacteroidia;o__Bacteroidales;f__Bacteroidaceae;g__Bacteroides;s__Bacteroides_stercoris	k__Bacteria;p__Bacteroidetes;c__Bacteroidia;o__Bacteroidales;f__Bacteroidaceae;g__Bacteroides;s__Bacteroides_ovatus	k__Bacteria;p__Bacteroidetes;c__Bacteroidia;o__Bacteroidales;f__Rikenellaceae;g__Alistipes;s__Alistipes_shahii	k__Bacteria;p__Firmicutes;c__Clostridia;o__Clostridiales;f__Ruminococcaceae;g__Faecalibacterium;s__Faecalibacterium_prausnitzii	k__Bacteria;p__Bacteroidetes;c__Bacteroidia;o__Bacteroidales;f__Rikenellaceae;g__Alistipes;s__Alistipes_finegoldii	k__Bacteria;p__Bacteroidetes;c__Bacteroidia;o__Bacteroidales;f__Porphyromonadaceae;g__Parabacteroides;s__Parabacteroides_distasonis	k__Bacteria;p__Bacteroidetes;c__Bacteroidia;o__Bacteroidales;f__Bacteroidaceae;g__Bacteroides;s__Bacteroides_thetaiotaomicron	k__Bacteria;p__Bacteroidetes;c__Bacteroidia;o__Bacteroidales;f__Bacteroidaceae;g__Bacteroides;s__Bacteroides_coprocola	k__Bacteria;p__Bacteroidetes;c__Bacteroidia;o__Bacteroidales;f__Bacteroidaceae;g__Bacteroides;s__Bacteroides_cellulosilyticus	k__Bacteria;p__Bacteroidetes;c__Bacteroidia;o__Bacteroidales;f__Rikenellaceae;g__Alistipes;s__Alistipes_obesi	k__Bacteria;p__Firmicutes;c__Clostridia;o__Clostridiales;f__Lachnospiraceae;g__;s__[Eubacterium]_rectale	k__Bacteria;p__Bacteroidetes;c__Bacteroidia;o__Bacteroidales;f__Bacteroidaceae;g__Bacteroides;s__Bacteroides_plebeius	k__Bacteria;p__Bacteroidetes;c__Bacteroidia;o__Bacteroidales;f__Bacteroidaceae;g__Bacteroides;s__Bacteroides_fragilis	k__Bacteria;p__Proteobacteria;c__Betaproteobacteria;o__Burkholderiales;f__Sutterellaceae;g__Sutterella;s__Sutterella_wadsworthensis	k__Bacteria;p__Bacteroidetes;c__Bacteroidia;o__Bacteroidales;f__Porphyromonadaceae;g__Barnesiella;s__Barnesiella_intestinihominis	k__Bacteria;p__Bacteroidetes;c__Bacteroidia;o__Bacteroidales;f__Odoribacteraceae;g__Odoribacter;s__Odoribacter_splanchnicus	k__Bacteria;p__Bacteroidetes;c__Bacteroidia;o__Bacteroidales;f__Bacteroidaceae;g__Bacteroides;s__Bacteroides_salyersiae	k__Bacteria;p__Firmicutes;c__Clostridia;o__Clostridiales;f__Ruminococcaceae;g__Ruminiclostridium;s__[Eubacterium]_siraeum	k__Bacteria;p__Proteobacteria;c__Betaproteobacteria;o__Burkholderiales;f__Sutterellaceae;g__Parasutterella;s__Parasutterella_excrementihominis	k__Bacteria;p__Actinobacteria;c__Actinobacteria;o__Bifidobacteriales;f__Bifidobacteriaceae;g__Bifidobacterium;s__Bifidobacterium_adolescentis	k__Bacteria;p__Firmicutes;c__Clostridia;o__Clostridiales;f__Oscillospiraceae;g__Oscillibacter;s__Oscillibacter_sp._KLE_1745	k__Bacteria;p__Bacteroidetes;c__Bacteroidia;o__Bacteroidales;f__Bacteroidaceae;g__Bacteroides;s__Bacteroides_coprophilus	k__Bacteria;p__Firmicutes;c__Clostridia;o__Clostridiales;f__Lachnospiraceae;g__Roseburia;s__Roseburia_intestinalis	k__Bacteria;p__Firmicutes;c__Clostridia;o__Clostridiales;f__Lachnospiraceae;g__Roseburia;s__Roseburia_hominis	k__Bacteria;p__Bacteroidetes;c__Bacteroidia;o__Bacteroidales;f__Porphyromonadaceae;g__Parabacteroides;s__Parabacteroides_johnsonii	k__Bacteria;p__Actinobacteria;c__Actinobacteria;o__Bifidobacteriales;f__Bifidobacteriaceae;g__Bifidobacterium;s__Bifidobacterium_longum	k__Bacteria;p__Firmicutes;c__Clostridia;o__Clostridiales;f__;g__Flavonifractor;s__Flavonifractor_plautii	k__Bacteria;p__Firmicutes;c__Clostridia;o__Clostridiales;f__Clostridiaceae;g__Clostridium;s__Clostridium_phoceensis	k__Bacteria;p__Verrucomicrobia;c__Verrucomicrobiae;o__Verrucomicrobiales;f__Akkermansiaceae;g__Akkermansia;s__Akkermansia_muciniphila	k__Bacteria;p__Bacteroidetes;c__Bacteroidia;o__Bacteroidales;f__Prevotellaceae;g__Paraprevotella;s__Paraprevotella_xylaniphila	k__Bacteria;p__Firmicutes;c__Clostridia;o__Clostridiales;f__Ruminococcaceae;g__Ruminococcus;s__Ruminococcus_callidus	k__Bacteria;p__Bacteroidetes;c__Bacteroidia;o__Bacteroidales;f__Rikenellaceae;g__Alistipes;s__Alistipes_senegalensis	k__Bacteria;p__Firmicutes;c__Clostridia;o__Clostridiales;f__Lachnospiraceae;g__Blautia;s__Blautia_sp._KLE_1732	k__Bacteria;p__Bacteroidetes;c__Bacteroidia;o__Bacteroidales;f__Bacteroidaceae;g__Bacteroides;s__Bacteroides_oleiciplenus	k__Bacteria;p__Firmicutes;c__Clostridia;o__Clostridiales;f__Ruminococcaceae;g__Ruminococcus;s__Ruminococcus_bicirculans	k__Bacteria;p__Bacteroidetes;c__Bacteroidia;o__Bacteroidales;f__Bacteroidaceae;g__Bacteroides;s__Bacteroides_fluxus	k__Bacteria;p__Bacteroidetes;c__Bacteroidia;o__Bacteroidales;f__Prevotellaceae;g__Prevotella;s__Prevotella_stercorea	k__Bacteria;p__Firmicutes;c__Clostridia;o__Clostridiales;f__Lachnospiraceae;g__Dorea;s__Dorea_longicatena	k__Bacteria;p__Firmicutes;c__Clostridia;o__Clostridiales;f__Eubacteriaceae;g__Eubacterium;s__[Eubacterium]_eligens	k__Bacteria;p__Firmicutes;c__Clostridia;o__Clostridiales;f__Ruminococcaceae;g__;s__Ruminococcaceae_bacterium_D16	k__Bacteria;p__Firmicutes;c__Clostridia;o__Clostridiales;f__Lachnospiraceae;g__Coprococcus;s__Coprococcus_comes	k__Bacteria;p__Proteobacteria;c__Gammaproteobacteria;o__Enterobacterales;f__Enterobacteriaceae;g__Escherichia;s__Escherichia_coli	k__Bacteria;p__Firmicutes;c__Clostridia;o__Clostridiales;f__Ruminococcaceae;g__Anaerotruncus;s__Anaerotruncus_colihominis	k__Bacteria;p__Firmicutes;c__Clostridia;o__Clostridiales;f__Lachnospiraceae;g__Blautia;s__Blautia_obeum	k__Bacteria;p__Bacteroidetes;c__Bacteroidia;o__Bacteroidales;f__Odoribacteraceae;g__Odoribacter;s__Odoribacter_laneus	k__Bacteria;p__Firmicutes;c__Clostridia;o__Clostridiales;f__Ruminococcaceae;g__Ruminiclostridium;s__[Clostridium]_leptum	k__Bacteria;p__Bacteroidetes;c__Bacteroidia;o__Bacteroidales;f__Porphyromonadaceae;g__Parabacteroides;s__Parabacteroides_goldsteinii	k__Bacteria;p__Firmicutes;c__Clostridia;o__Clostridiales;f__Lachnospiraceae;g__Anaerostipes;s__Anaerostipes_hadrus	k__Bacteria;p__Firmicutes;c__Clostridia;o__Clostridiales;f__Ruminococcaceae;g__Ruminococcus;s__Ruminococcus_lactaris	k__Bacteria;p__Firmicutes;c__Clostridia;o__Clostridiales;f__Clostridiaceae;g__Clostridium;s__Clostridium_sp._L2-50	k__Bacteria;p__Firmicutes;c__Clostridia;o__Clostridiales;f__Clostridiaceae;g__Clostridium;s__Clostridium_sp._M62/1	k__Bacteria;p__Firmicutes;c__Clostridia;o__Clostridiales;f__;g__Intestinimonas;s__Intestinimonas_butyriciproducens	k__Bacteria;p__Actinobacteria;c__Actinobacteria;o__Bifidobacteriales;f__Bifidobacteriaceae;g__Bifidobacterium;s__Bifidobacterium_bifidum	k__Bacteria;p__Firmicutes;c__Negativicutes;o__Veillonellales;f__Veillonellaceae;g__Dialister;s__Dialister_invisus	k__Bacteria;p__Bacteroidetes;c__Bacteroidia;o__Bacteroidales;f__Bacteroidaceae;g__Bacteroides;s__Bacteroides_salanitronis
k__Bacteria;p__Bacteroidetes;c__Bacteroidia;o__Bacteroidales;f__Bacteroidaceae;g__Bacteroides;s__Bacteroides_vulgatus	1.0	0.0298327456142	-0.0131619913421	-0.0332279527449	0.000247439257105	0.0307570878604	-0.0165665815072	-0.0185671232103	0.0292295641033	0.0405569607345	0.000952604201575	-0.011727112497	0.0266259502416	-0.0416191636156	0.0418245672097	-0.0309411662391	-0.00567834901013	-0.0116450119789	-0.032599110644	-0.00915718995554	0.0327099773328	0.00260943585362	0.0251247130787	-0.00624649537034	-0.00805457733735	-0.00651169890696	-0.0316730552847	-0.0686873908965	-0.00112260595411	-0.0108510138914	-0.0517721814685	0.0272138059748	0.00297046242732	-0.00176951423506	0.0208158124022	-0.0258425046649	-0.00028336098237	-0.00944421105801	-0.0231185381646	0.00144166377851	-0.0444064806534	0.0340737983252	0.0558872112193	0.0173593421258	-0.0272524437667	-0.0184270306424	-0.103002717963	-0.0335145324773	-0.0660830205427	0.0384513839153	-0.0148283746693	-0.0106834266704	0.0100338653756	0.0237415879713	0.0296543969343	-0.00391525163535	-0.0134236229725	-0.0379878259968	0.0712885746553
k__Bacteria;p__Bacteroidetes;c__Bacteroidia;o__Bacteroidales;f__Bacteroidaceae;g__Bacteroides;s__Bacteroides_uniformis	0.0298327456142	1.0	-0.0130275349243	-0.0388850049001	-0.00656759385352	-0.00771802439462	-0.0214386345473	0.0249450445333	-0.0220686445612	-0.0152436360523	0.0310227640416	0.082130730764	0.00407877376729	-0.00455594838472	-0.00300521301058	-0.0410774190888	-0.0349050590258	0.0265329824932	-0.0316159821704	-0.0420600138571	-0.0451727552582	0.0183598212743	-0.0491004525022	-0.01651904703	0.0440229168499	-0.0192357417765	-0.0575372487432	-0.02145576427	-0.0441656152921	-0.0119610082318	0.0195468354462	-0.0507954231603	-0.0068433302194	-0.0202950019001	0.0126405708449	-0.00799785153823	0.00653936331167	-0.0167963181846	-0.0494085513669	-0.00844811202238	-0.00419950640075	-0.0198852519489	0.0293673014754	-0.0458138895111	-0.0107393833812	0.0427189614772	0.005907753396	-0.0280314833268	0.0316738264783	0.00315513517317	-0.0552845579751	-0.0408521780924	0.00666415902632	-0.010235922815	-0.0671385532847	0.0598217244563	0.0407478800253	0.0285320045669	0.0192919320298
k__Bacteria;p__Bacteroidetes;c__Bacteroidia;o__Bacteroidales;f__Rikenellaceae;g__Alistipes;s__Alistipes_putredinis	-0.0131619913421	-0.0130275349243	1.0	-0.0190077879427	0.0365657032403	0.0161227323857	-0.0533046125605	-0.0230793380216	0.00999394353798	0.0127804797846	-0.00899594923977	0.00846271147331	-0.00422719417377	0.000436977399981	0.0235534520512	-0.0287026829005	0.00873563460231	0.0536124923305	-0.00823167387194	-0.0301447657332	-0.0412883131732	-0.0202691002049	0.00355513471228	0.0672077068907	-0.0148453583424	0.0218053782583	0.0255660318546	0.0477989340827	0.0443694377204	0.0289795969965	-0.032569889716	-0.000751834061874	0.003933761428	0.00179847315425	0.0206688121563	-0.0416703493874	0.0129569523109	0.028555210455	-0.078060646	-0.0292795389754	0.0527373352784	-0.00342976576201	0.00472605115854	-0.0288591325356	-0.0512145010971	-0.0538761248838	-0.0379892481999	0.0164501015191	-0.0222262538508	0.0437554078809	-0.0110419348976	0.015400859184	-0.0121821532078	0.0141127248172	-0.00604777271285	0.0228188601139	-0.0630376261125	-0.00256894539777	-0.00307837443675
k__Bacteria;p__Bacteroidetes;c__Bacteroidia;o__Bacteroidales;f__Prevotellaceae;g__Prevotella;s__Prevotella_copri	-0.0332279527449	-0.0388850049001	-0.0190077879427	1.0	0.0361358228735	0.0189696352302	0.0462771212994	0.00946222272229	-0.0102299605497	-0.0495230349077	0.0286011075316	0.0286796750803	-0.012611095443	-0.0616291353116	-0.0245196629957	0.0303405138438	-0.00404992279737	-0.0613657446894	-0.00267780016893	-0.0092981828926	0.0253620102625	-0.00343121277448	-0.0183006620619	0.00815647108152	-0.0234090209301	-0.0301202612052	-0.0222282441292	-0.0613891854736	-0.0256563007471	-0.00356716589795	0.0440511140253	0.0324453432126	-0.028271631419	-0.0386471155283	-0.00204027821498	-0.0326397074475	0.0340045063869	-0.0343674462037	0.0521427953629	0.0182794229603	-0.0138771622314	0.020296346957	-0.0226964846343	-0.00376885764152	0.0475068651928	-0.069122712559	0.0141567371818	-0.03690640488	-0.0337768057649	0.0184202766578	-0.0133579117729	0.00666793569598	-0.00116318156677	0.0017496540185	-0.0191513514773	-0.0273945922579	0.0318970467389	-0.0598711420986	-0.0155142337445
k__Bacteria;p__Bacteroidetes;c__Bacteroidia;o__Bacteroidales;f__Bacteroidaceae;g__Bacteroides;s__Bacteroides_stercoris	0.000247439257105	-0.00656759385352	0.0365657032403	0.0361358228735	1.0	0.0171178240206	-0.0517322203031	-0.0738081916278	-0.067988378181	-0.0150959421844	-0.0176665673595	-0.0108458298022	-0.0229993681053	-0.0132952640653	0.00245766490406	0.00698534597817	-0.0138165054444	0.00691812897683	0.0337058193351	0.00802852250325	0.0181957730948	0.0158380763711	-0.0110873429467	-0.00825757047051	-0.0102206445621	-0.0230722924192	-0.0265368583111	0.0435300689816	-0.0390088401734	-0.0120822316495	-0.0028041594833	-0.0017237677339	-0.0318666829716	-0.0400073928866	-0.0538556066703	0.0408664209672	-0.00387945637441	-0.0113077487527	0.00290404690369	-0.0222247939636	-0.00497536762004	0.00765072477961	0.00264304808798	0.0278782505977	-0.0578409998742	-0.0233809950395	-0.0715082239204	0.014491918727	-0.00529003825355	0.00141151061566	0.0324608164576	-0.0189561188983	0.0313290037927	0.0273325845547	0.0426560956488	-0.0195484113873	0.0116442575216	-0.05843031561	0.00802605627531
k__Bacteria;p__Bacteroidetes;c__Bacteroidia;o__Bacteroidales;f__Bacteroidaceae;g__Bacteroides;s__Bacteroides_ovatus	0.0307570878604	-0.00771802439461	0.0161227323857	0.0189696352302	0.0171178240206	1.0	-0.080972114467	0.00890035683181	-0.0554143143288	0.0155054254911	-0.0477235294485	-0.0175323918201	0.0240531089875	0.0065299082927	-0.0651904171781	0.0465282611731	0.00224409015281	-0.0126571616144	-0.0382106470896	-0.0635189950656	-0.0162938504062	0.0334036986052	-0.0251858935604	-0.0454849534082	0.0455441795235	0.00924077645351	-0.00144398419048	-0.00370348448977	-0.0212131303268	0.0137138252773	-0.00642422603939	-0.00338441572207	-0.00795184766507	0.0176224491792	-0.00631810792761	0.0317909000484	0.00356974339297	-0.000750413682353	-0.00603979649658	-0.0217035140093	0.0110228528013	0.00926892653956	0.0334704189535	-0.0137632193463	-0.0237727039731	-0.00942331420238	0.0180062848926	0.0179932631266	-0.0340307542503	-0.0643232314184	-0.0753119042642	0.0351524791808	0.0194486141691	-0.0255334154423	-0.0257319958187	-0.0116442235297	-0.0547927091009	0.0481779420497	-0.00404982849982
k__Bacteria;p__Bacteroidetes;c__Bacteroidia;o__Bacteroidales;f__Rikenellaceae;g__Alistipes;s__Alistipes_shahii	-0.0165665815072	-0.0214386345473	-0.0533046125605	0.0462771212994	-0.0517322203031	-0.080972114467	1.0	0.0110270663409	-0.000780498672599	-0.0291212116916	0.0344906379666	-0.0203421430891	0.0113532610046	-0.0478660443848	-0.000761095074442	-0.0100765210008	-0.0421750372361	0.0298273942591	-0.000838319486443	-0.0276945396657	-0.0362019535868	-0.0377374877271	-0.00149747421429	-0.0290381590334	0.0188062622526	-0.0443621766814	0.0182412234805	-0.0480426770951	0.0447945750238	-0.0452912155611	0.0608349302073	-0.0620354416268	0.00715805894394	0.00875360850423	0.027839290732	-0.00353489966409	0.0324487944406	-0.0212205371595	0.0316923970636	0.0126502105824	-0.00968084254351	0.0210599728289	0.0500763919193	-0.0635896324068	0.0145795701224	-0.00870294460186	0.0117924174089	-0.048121772736	0.0265633416366	-0.0422814747924	0.0188093782723	-0.0446729497291	0.00250086347017	-0.0074022723014	0.00310229205053	0.0321466901887	0.0358295656114	0.00244378788676	-0.00331400415983
k__Bacteria;p__Firmicutes;c__Clostridia;o__Clostridiales;f__Ruminococcaceae;g__Faecalibacterium;s__Faecalibacterium_prausnitzii	-0.0185671232103	0.0249450445333	-0.0230793380216	0.00946222272229	-0.0738081916278	0.00890035683181	0.0110270663409	1.0	-0.0295624359831	-0.00998255667993	-0.0271835181522	-0.0331646741193	-0.041840847073	0.00337274680329	0.00973584054858	0.0256798784757	0.00228220173001	-0.0396101657555	-0.0106080853257	0.0598175028527	-0.0248429291462	-0.0176781133899	0.00384748294202	0.0206908643172	0.0262226984319	0.0346750811337	-0.0235421859831	0.00390076528895	0.0102639661418	-4.50951696605e-05	0.00620774770696	-0.00453517538631	0.0171377019511	0.0441683119706	-0.05954540342	-0.0033208030355	0.017632977413	-0.014361106589	0.000641457488795	-0.029315841154	-0.0484481849106	0.0143300031087	0.0158110118132	0.0143785285736	0.0238153021216	-0.0400463217478	0.0271042717274	-0.044464279385	0.00215771407844	0.0331553705898	0.00751980016173	0.0078003186201	-0.00221203701293	-0.00477143544778	-0.00519790227895	-0.0385448671525	-0.02107900432	-0.00887400973302	-0.0407657620752
k__Bacteria;p__Bacteroidetes;c__Bacteroidia;o__Bacteroidales;f__Rikenellaceae;g__Alistipes;s__Alistipes_finegoldii	0.0292295641033	-0.0220686445612	0.00999394353798	-0.0102299605497	-0.067988378181	-0.0554143143288	-0.000780498672599	-0.0295624359831	1.0	0.0035492442538	-0.0311734576326	0.00876251759708	-0.0238805464392	0.00851998535509	0.0450223702317	0.00198346051933	-0.0291702177587	0.00827530699835	0.0418658076577	-0.0234975647037	0.0405160872131	0.00401104260133	0.0272252011159	-0.0241051798878	0.00534233284616	-0.00898814487148	0.0531801063994	-0.0348356857967	0.0292051180824	-0.03539464466	0.00630202975067	0.00257194481097	-0.0311520512438	0.0119642842535	-0.0158933470928	-0.0152344686397	-0.0147693615625	-0.0306166322084	0.0147096943481	-0.0376267885177	-0.0191294043763	0.00869193431795	0.00905012348085	-0.0187097960992	0.0429800408371	-0.0223073630086	-0.0218044695047	-0.037270054425	-0.075543374601	-0.00862162718437	0.0290968392743	-0.00649836194283	-0.0287050214157	0.0150811711657	0.00277308505732	0.0272900579061	-0.0134672172433	0.0216495691368	-0.0105752328083
k__Bacteria;p__Bacteroidetes;c__Bacteroidia;o__Bacteroidales;f__Porphyromonadaceae;g__Parabacteroides;s__Parabacteroides_distasonis	0.0405569607345	-0.0152436360523	0.0127804797846	-0.0495230349077	-0.0150959421844	0.0155054254911	-0.0291212116916	-0.00998255667993	0.0035492442538	1.0	0.0231590888309	-0.0090954672371	-0.0304728718643	-0.00414777780641	0.0087871212084	0.0151215820482	-0.0205940868871	-0.0101887913777	-0.0364923992492	-0.0211687721607	0.00315922805168	0.0235943853331	-0.0282921822052	-0.0369580647882	-0.050770510168	-0.00159040351048	0.0223339532195	-0.0419761518578	-0.024073787185	0.0118217433072	0.0567310394354	0.00399446476196	0.0659414499394	-0.0157102157413	-0.00830599338226	-0.0408996967272	0.00818825542085	-0.0390441834937	-0.0335204599431	-0.00338205019255	0.00620743213104	-0.00606353024246	-0.0226935218345	0.00298705116727	0.00284344333939	0.0372112471455	-0.0254992876284	-0.0483259134053	0.00575405693243	0.0574815283576	-0.0464935300494	-0.0283274610365	-0.0320253941597	-0.0153355925608	0.0550521118367	-0.0423553937834	0.0135035860505	-0.0104499456898	-0.0379615996418
k__Bacteria;p__Bacteroidetes;c__Bacteroidia;o__Bacteroidales;f__Bacteroidaceae;g__Bacteroides;s__Bacteroides_thetaiotaomicron	0.000952604201575	0.0310227640416	-0.00899594923977	0.0286011075316	-0.0176665673595	-0.0477235294485	0.0344906379666	-0.0271835181522	-0.0311734576326	0.0231590888309	1.0	0.00500060493742	0.0543258515887	0.00220219471263	0.0121280428282	-0.00956642839564	-0.0241083609055	0.0133028018388	0.0703777062731	0.0307442669465	0.00281593691232	-0.00372045833596	-0.0151934659544	0.00596313126642	-0.034014097584	0.032632600821	-0.0513502365421	0.00978800306699	-0.046547541586	-0.020287310142	0.0306329731936	-0.0117914141435	-0.0423977594487	-0.0542301514429	-0.0327087696948	0.0509978398619	0.0305460356329	-0.00291647836871	-0.0396140104269	-0.0523169048799	-0.0336234388681	-0.0501816248862	-0.0362975950278	-0.0676249397663	-0.0430538203591	0.0271834776297	0.0443419461418	-0.0131516023711	0.0260996787828	-0.00550853887757	-0.0371376748984	0.00603437692682	0.000173976892927	0.0348441161308	0.00605572080108	-0.0100907442448	0.0105982497622	0.00589868133888	0.0242861185052
k__Bacteria;p__Bacteroidetes;c__Bacteroidia;o__Bacteroidales;f__Bacteroidaceae;g__Bacteroides;s__Bacteroides_coprocola	-0.011727112497	0.082130730764	0.00846271147331	0.0286796750803	-0.0108458298022	-0.0175323918201	-0.0203421430891	-0.0331646741193	0.00876251759708	-0.0090954672371	0.00500060493742	1.0	-0.0145516483057	-0.0177047118365	-0.0293397178989	-0.0170716407848	-0.0308617083255	-0.0130571419748	0.0115372523365	-0.013983690907	-0.0211879929645	0.0303089765724	0.00739590804239	0.0126060284243	-0.0158236621332	0.0699730397075	0.0125589453024	0.0129874362823	-0.0308175167352	-0.0152072591571	0.0362060821032	-0.0496169918218	0.0281409469429	-0.0278724825126	-0.0263382663541	-0.0373949539986	-0.0487686538061	-0.000828065087859	0.0120491833494	-0.00718894369983	0.00105502099677	-0.0010444253859	0.00743787679689	-0.0635552035635	-0.00463101493232	-0.0189202645433	0.0309554300979	-0.0099013932795	-0.0114482171047	0.0109450087638	-0.0586119330237	-0.0810800675129	0.0173268145732	0.00900860418707	-0.0449215154848	-0.0194939991109	-0.00277771257046	-0.06045957018	-0.00798747557566
k__Bacteria;p__Bacteroidetes;c__Bacteroidia;o__Bacteroidales;f__Bacteroidaceae;g__Bacteroides;s__Bacteroides_cellulosilyticus	0.0266259502416	0.00407877376729	-0.00422719417377	-0.012611095443	-0.0229993681053	0.0240531089875	0.0113532610046	-0.041840847073	-0.0238805464392	-0.0304728718643	0.0543258515887	-0.0145516483057	1.0	-0.0248214161038	0.00176740133265	0.0124857281259	0.00592372752367	0.0102545956439	-0.0314437770005	-0.00511195100049	0.0538322795333	-0.0299010706228	-0.0460076102364	-0.0807211187315	0.0124072120975	0.0256110046149	0.0104534126758	0.0134251459975	0.0342387761662	-0.0125300154545	0.0183798214382	-0.0145141411864	-0.037152136213	0.0523039972582	0.0022260757804	0.0278045969388	0.0419447304786	-0.0558465763435	0.0147903439805	-0.00935774142273	-0.00449460529357	0.02069101691	-0.0424502879003	-0.016487925174	-0.0199433197243	-0.00699721333069	0.0389108205234	-0.0132958062229	-0.0139239405777	-0.0118833321005	-0.00905555488973	-0.0293977055904	-0.0238803196878	-0.00171426997048	-0.0178011076864	-0.000147419687607	0.0183267582109	0.00274916409788	0.0597270965824
k__Bacteria;p__Bacteroidetes;c__Bacteroidia;o__Bacteroidales;f__Rikenellaceae;g__Alistipes;s__Alistipes_obesi	-0.0416191636156	-0.00455594838472	0.000436977399981	-0.0616291353116	-0.0132952640653	0.0065299082927	-0.0478660443848	0.00337274680329	0.00851998535509	-0.00414777780641	0.00220219471263	-0.0177047118365	-0.0248214161038	1.0	0.0240487792766	-0.0116274692681	0.055513575859	0.00403149701236	0.0136680801869	-0.0102149083973	-0.00263455041852	-0.0166283635372	0.00283306066369	-0.0221169602132	-0.0889618859648	0.0239310069975	0.00657480780783	-0.0170361152461	-0.00194446165742	-0.0670696312571	0.0780253247993	0.0601013724025	-0.0431007575326	-0.0169652834131	-0.0118584650218	0.0777006613723	-0.0267895187384	-0.0276576623074	-0.0669726469022	-0.0391375461175	-0.0202157606775	-0.0367804372202	0.0166963222426	0.0234303631406	-0.0304515304373	-0.0304335439031	-0.0145379943138	0.0139253902921	-0.047493897064	0.0152158222963	-0.0119969993376	0.031312707276	-0.00937753866212	0.00831153139285	-0.0305522382799	0.00212112447344	-0.0429813402601	-0.000278524243531	-0.0215768334366
k__Bacteria;p__Firmicutes;c__Clostridia;o__Clostridiales;f__Lachnospiraceae;g__;s__[Eubacterium]_rectale	0.0418245672097	-0.00300521301058	0.0235534520512	-0.0245196629957	0.00245766490406	-0.0651904171781	-0.000761095074442	0.00973584054858	0.0450223702317	0.0087871212084	0.0121280428282	-0.0293397178989	0.00176740133265	0.0240487792766	1.0	0.0533559496177	0.0336314318645	0.0223166627517	-0.0311738054716	-0.0432599152622	0.0722137321993	0.0133739689475	-0.0145622491247	-0.00214416234334	-0.0253161982799	0.0252086477754	0.0171706198432	-0.00704082618189	-0.0568301348233	-0.0282293164181	0.00763096415244	-0.0157107723953	0.0486245478829	-0.0303452345368	-0.0254818737051	-0.00240830546901	-0.0103533599795	-0.00680156938975	-0.0106660074125	-0.0150704100255	-0.0300926215947	-0.0262446467359	-0.0242871216014	0.00422539256336	-0.0229182161564	0.0126459151645	0.020223273649	0.0333095283747	-0.0258046599948	-0.00193295033882	0.00514711276955	-0.05966025241	-0.035615786233	-0.0324671509412	0.0291371182084	0.0445465724089	0.022895592189	-0.0118508364052	-0.0220457250974
k__Bacteria;p__Bacteroidetes;c__Bacteroidia;o__Bacteroidales;f__Bacteroidaceae;g__Bacteroides;s__Bacteroides_plebeius	-0.0309411662391	-0.0410774190888	-0.0287026829005	0.0303405138438	0.00698534597817	0.0465282611731	-0.0100765210008	0.0256798784757	0.00198346051933	0.0151215820482	-0.00956642839564	-0.0170716407848	0.0124857281259	-0.0116274692681	0.0533559496177	1.0	-0.0164048425115	0.0139749091484	0.0176871294856	0.0183522651011	0.0490216770577	-0.0322925579986	-0.106288949173	0.0167288834566	-0.015623798674	0.00276091994712	0.0177158542839	0.0258164956504	-0.0180472608553	-0.0219984601839	0.0639659578403	-0.0417893782733	-0.0630265777022	-0.00818660067242	0.0111112472212	0.0348656278307	-0.0948576991117	-0.0213973084137	0.00735280867201	0.0150966168534	-0.00209218823973	-0.0376544323524	-0.0650588982293	0.00425347588796	-0.018956335813	-0.0672485729776	-0.00573196681014	-0.0142665096496	-0.0238810725594	0.010062632234	0.0186589537405	0.00744116145493	-0.0154706038731	-0.0446858177603	0.083467032249	-0.0300999843938	0.0225432843052	-0.00255097168349	-0.0206579795188
k__Bacteria;p__Bacteroidetes;c__Bacteroidia;o__Bacteroidales;f__Bacteroidaceae;g__Bacteroides;s__Bacteroides_fragilis	-0.00567834901013	-0.0349050590258	0.00873563460231	-0.00404992279737	-0.0138165054444	0.00224409015281	-0.0421750372361	0.00228220173001	-0.0291702177587	-0.0205940868871	-0.0241083609055	-0.0308617083255	0.00592372752367	0.055513575859	0.0336314318645	-0.0164048425115	1.0	0.0135912359423	0.0262036063215	0.0381469174975	0.0271873328667	-0.0299139760472	-0.0199888574405	-0.00425207580325	-0.0179456153898	0.0165591171498	0.0145943678935	-0.0274628963357	0.0255839580796	0.0102673253887	-0.0168106403618	-0.00112827867855	0.0234599564127	-0.00307572495635	-0.000217619630901	-0.00207401226826	0.0192452329644	-0.0451692130619	0.00074418643373	-0.00769566624816	-0.0533996417134	-0.0242728214787	-0.0345932864564	0.00711308169279	-0.0311183894288	0.0264038208802	0.011910450767	-0.0197009698968	0.0154190933957	-0.0399425696709	-0.0342325383925	0.0186399399897	-0.000435268498819	0.0131061656426	-0.0424404833281	0.00558692527734	0.00855814127316	-0.026640396723	0.0363502978839
k__Bacteria;p__Proteobacteria;c__Betaproteobacteria;o__Burkholderiales;f__Sutterellaceae;g__Sutterella;s__Sutterella_wadsworthensis	-0.0116450119789	0.0265329824932	0.0536124923305	-0.0613657446894	0.00691812897683	-0.0126571616144	0.0298273942591	-0.0396101657555	0.00827530699835	-0.0101887913777	0.0133028018388	-0.0130571419748	0.0102545956439	0.00403149701236	0.0223166627517	0.0139749091484	0.0135912359423	1.0	-0.0515218988846	0.0156435680987	-0.0564649276962	-0.0708141006053	0.0136772947848	0.0221153694082	-0.0413177405331	-0.03883118537	-0.00103375686986	-0.00537044747366	-0.00122274548155	-0.0269919964871	-0.0122949809375	0.0532768185998	-0.0104129389611	0.0217946304324	-0.0113531461287	-0.05519637514	0.0511562530049	-0.0569345570236	-0.00689698417085	0.0242802068821	-0.0383898844742	-0.0597407100362	-0.0301579170343	0.0610675209642	-0.0436865889905	-0.0208891028919	-4.57497066215e-05	0.0473338110505	-0.00313234957151	0.000253852714793	0.0256672055205	-0.0409889044763	-0.0273742487868	-0.0310371113762	0.0178163783576	0.0115585679888	0.00187536146269	-0.0188194568255	0.0688312859851
k__Bacteria;p__Bacteroidetes;c__Bacteroidia;o__Bacteroidales;f__Porphyromonadaceae;g__Barnesiella;s__Barnesiella_intestinihominis	-0.032599110644	-0.0316159821704	-0.00823167387194	-0.00267780016893	0.0337058193351	-0.0382106470896	-0.000838319486443	-0.0106080853257	0.0418658076577	-0.0364923992492	0.0703777062731	0.0115372523365	-0.0314437770005	0.0136680801869	-0.0311738054716	0.0176871294856	0.0262036063215	-0.0515218988846	1.0	0.00715594306884	-0.0056999706664	0.0162805604712	0.0185330220522	0.00608943148033	-0.0562196900987	-0.0287615943987	0.0678717339045	0.00901367963992	-0.0283006417171	0.00205963245533	-0.0380692451721	0.00692531867183	0.0285627694602	-0.00875335260387	-0.0101546874301	0.0453622295567	-0.100735335649	-0.0319534182181	0.0105311286089	-0.0639937694436	0.00708298036888	0.018368237643	0.0264585622942	-0.016542697326	0.00809848509219	0.0100330134987	-0.0236417959121	-0.0213674773872	-0.0508929025623	-0.00645158903069	-0.0184842613699	-0.0649382276291	-0.0261455101465	-0.0154181861891	-0.0236279687488	0.0227042799304	-0.0321079265193	-0.0480522723085	0.0172818677826
k__Bacteria;p__Bacteroidetes;c__Bacteroidia;o__Bacteroidales;f__Odoribacteraceae;g__Odoribacter;s__Odoribacter_splanchnicus	-0.00915718995554	-0.0420600138571	-0.0301447657332	-0.0092981828926	0.00802852250325	-0.0635189950656	-0.0276945396657	0.0598175028527	-0.0234975647037	-0.0211687721607	0.0307442669465	-0.013983690907	-0.00511195100049	-0.0102149083973	-0.0432599152622	0.0183522651011	0.0381469174975	0.0156435680987	0.00715594306884	1.0	-0.090352306213	-0.0538905804066	0.0316734229789	-0.0227000665998	-0.0180868149216	0.0401905338859	-0.0161389340896	0.0043390356907	0.0199881250261	-0.0304922064278	0.0221860297907	-0.0594815926332	-0.0144003894993	-0.0553726472309	-0.0353281558804	0.00111915481474	-0.0188293446866	-0.0546638316656	-0.0178929426092	-0.0281953482018	-0.000868995422617	-0.0495612621679	0.000174494743686	-0.0113191375711	0.0512945192278	0.0175626360922	-0.00413379884572	-0.034574992295	-0.0896880804795	0.0245411538829	0.0303036627327	0.0551064196612	0.000955316058542	0.02569443529	0.00157897545038	-0.00646071654439	0.0642666602843	0.0291873538078	0.0249215114587
k__Bacteria;p__Bacteroidetes;c__Bacteroidia;o__Bacteroidales;f__Bacteroidaceae;g__Bacteroides;s__Bacteroides_salyersiae	0.0327099773328	-0.0451727552582	-0.0412883131732	0.0253620102625	0.0181957730948	-0.0162938504062	-0.0362019535868	-0.0248429291462	0.0405160872131	0.00315922805168	0.00281593691233	-0.0211879929645	0.0538322795333	-0.00263455041852	0.0722137321993	0.0490216770577	0.0271873328667	-0.0564649276962	-0.0056999706664	-0.090352306213	1.0	-0.048913538555	0.0168100519734	-0.0052771810442	0.0338517169707	-0.0173515356634	0.0443595880749	-0.0152474751799	-0.0449845422984	0.0276068032674	-0.00795855688294	-0.0488298842855	-0.00893676054767	0.00422339737579	0.0122516331442	0.0108424105361	0.0200145330424	-0.0163220097947	-0.0295188835153	-0.0563777983079	-0.0200661637416	-0.00362864597526	0.0197362246402	-0.00606733426599	0.00207052895632	0.0261366584283	-0.0556201306595	-0.0208662872497	-0.0442673951302	-0.0224256685502	-0.0283166599098	-0.0226981474145	-0.0324950226534	0.0273314929997	0.0361038734302	-0.0121739199931	-0.0137933802795	-0.029794285921	0.0474925386092
k__Bacteria;p__Firmicutes;c__Clostridia;o__Clostridiales;f__Ruminococcaceae;g__Ruminiclostridium;s__[Eubacterium]_siraeum	0.00260943585362	0.0183598212743	-0.0202691002049	-0.00343121277448	0.0158380763711	0.0334036986052	-0.0377374877271	-0.0176781133899	0.00401104260133	0.0235943853331	-0.00372045833596	0.0303089765724	-0.0299010706228	-0.0166283635372	0.0133739689475	-0.0322925579986	-0.0299139760472	-0.0708141006053	0.0162805604712	-0.0538905804066	-0.048913538555	1.0	-0.01474274323	0.000863584928168	-0.0254444938827	0.00340920201107	-0.067284331131	0.00882421294748	-0.0164184416632	-0.00909462044858	0.00999548596818	0.0602893524555	0.000510177768944	0.0228644161955	-0.020918142686	0.00381477870055	-0.0253374769241	0.0276738515771	-0.0242460153716	-0.0360595395623	0.0687298737996	0.0305339458948	0.0111547427329	-0.00483771309617	-0.0502472340466	0.0079825937276	0.0117262045996	0.0100264111445	0.07405842072	-0.00317071444141	-0.0883046510255	-0.025919660114	0.0754712034713	0.00227747055607	0.00869941977206	-0.0407388533939	-0.0496091551021	0.0415946275222	-0.0204222662807
k__Bacteria;p__Proteobacteria;c__Betaproteobacteria;o__Burkholderiales;f__Sutterellaceae;g__Parasutterella;s__Parasutterella_excrementihominis	0.0251247130787	-0.0491004525022	0.00355513471228	-0.0183006620619	-0.0110873429467	-0.0251858935604	-0.00149747421429	0.00384748294202	0.0272252011159	-0.0282921822052	-0.0151934659544	0.00739590804239	-0.0460076102364	0.00283306066369	-0.0145622491247	-0.106288949173	-0.0199888574405	0.0136772947848	0.0185330220522	0.0316734229789	0.0168100519734	-0.01474274323	1.0	0.00171402913703	-0.0324587748211	-0.0456046851223	-0.0316709734782	-0.0326785900565	0.0197987221274	-0.00156902538477	-0.0311300958329	0.0250024994199	-0.0601812281874	-0.0405489965286	-0.0561956917814	-0.025208560355	0.0556508866546	-0.00562814395128	0.0469600683692	-0.00397312761474	-0.0112998450114	0.0335972542761	-0.0220860120629	0.0162879942619	0.0400697568846	-0.0316347219609	-0.037010180043	-0.00112777095899	-0.029290388803	-0.0305081422653	0.00683129326182	0.0218784021198	0.0363477675721	-0.00298477286545	-0.00194332191196	0.00378951532577	-0.0202397326406	0.0156847045196	0.0597117798588
k__Bacteria;p__Actinobacteria;c__Actinobacteria;o__Bifidobacteriales;f__Bifidobacteriaceae;g__Bifidobacterium;s__Bifidobacterium_adolescentis	-0.00624649537034	-0.01651904703	0.0672077068907	0.00815647108152	-0.00825757047051	-0.0454849534082	-0.0290381590334	0.0206908643172	-0.0241051798878	-0.0369580647882	0.00596313126641	0.0126060284243	-0.0807211187315	-0.0221169602132	-0.00214416234334	0.0167288834566	-0.00425207580325	0.0221153694082	0.00608943148033	-0.0227000665998	-0.0052771810442	0.000863584928169	0.00171402913703	1.0	-0.0145888972584	0.00646819127641	0.00994540164233	-0.0312320843208	0.00639460835972	0.0110510182982	-0.0266009569667	-0.0173435206575	0.0381327350949	-0.0179489834327	-0.0808966645677	-0.0235361553755	-0.0128687420059	-0.0498989653495	-0.0361460591831	-0.00123584503531	-0.00486319896554	0.0291673385562	-0.0513517420816	0.00250042956325	0.0334882917268	0.0189009978113	0.00524343834238	0.0341645230158	0.0248914769891	-0.00935098342738	-0.0145620710546	-0.0210010569116	-0.0133666063387	-0.0295276392203	-0.0138257643803	0.010334477298	-0.0211610044741	0.0176783960616	-0.00340088531979
k__Bacteria;p__Firmicutes;c__Clostridia;o__Clostridiales;f__Oscillospiraceae;g__Oscillibacter;s__Oscillibacter_sp._KLE_1745	-0.00805457733735	0.0440229168499	-0.0148453583424	-0.0234090209301	-0.0102206445621	0.0455441795235	0.0188062622526	0.0262226984319	0.00534233284616	-0.050770510168	-0.034014097584	-0.0158236621332	0.0124072120975	-0.0889618859648	-0.0253161982799	-0.015623798674	-0.0179456153898	-0.0413177405331	-0.0562196900987	-0.0180868149216	0.0338517169707	-0.0254444938827	-0.0324587748211	-0.0145888972584	1.0	-0.00783581156972	-0.0631940929679	0.0429520242817	-0.0519577892371	0.0773571173104	0.0435591235399	-0.0716961249829	-0.0288467592588	-0.0467829087977	0.0515654752645	0.0329916030279	-0.029285192006	0.058935625625	-0.0538535702827	0.0330198670949	0.059663995885	0.0147384565321	0.00771629510598	-0.0297606627678	0.00931255759516	-0.0425665141699	0.0210604023683	0.0196241568301	0.0198990702247	-0.0355752814475	-0.0448636340103	-0.0294883990925	-4.37732875837e-05	-0.0162008599378	-0.00578384005588	-0.0555702660254	-0.0251558492887	0.00347808473853	-0.0175130387122
k__Bacteria;p__Bacteroidetes;c__Bacteroidia;o__Bacteroidales;f__Bacteroidaceae;g__Bacteroides;s__Bacteroides_coprophilus	-0.00651169890696	-0.0192357417765	0.0218053782583	-0.0301202612052	-0.0230722924192	0.00924077645351	-0.0443621766814	0.0346750811337	-0.00898814487148	-0.00159040351048	0.032632600821	0.0699730397075	0.0256110046149	0.0239310069975	0.0252086477754	0.00276091994712	0.0165591171498	-0.03883118537	-0.0287615943987	0.0401905338859	-0.0173515356634	0.00340920201106	-0.0456046851223	0.00646819127641	-0.00783581156972	1.0	-0.0158721853886	-0.0170078780108	-0.0183344192317	0.00348168419505	-0.0222594493221	-0.0235529879746	0.0046742238317	-0.0524579322308	-0.0335028871397	0.0277914509133	-0.0210859213397	-0.0551301957129	0.0156660996118	-0.00933856754975	-0.0839661659397	-0.0588493525877	-0.0193759183362	-0.00653107153656	-0.0328208236167	-0.00279611950503	-0.0261978641625	0.00208492240312	-0.0283790607266	0.0407122247352	-0.00288332704178	-0.0197094284363	0.0386931946818	0.0344251585458	-0.0195830225659	-0.0395014357625	-0.0377492125379	0.0627932589838	0.0820083437368
k__Bacteria;p__Firmicutes;c__Clostridia;o__Clostridiales;f__Lachnospiraceae;g__Roseburia;s__Roseburia_intestinalis	-0.0316730552847	-0.0575372487432	0.0255660318546	-0.0222282441292	-0.0265368583111	-0.00144398419048	0.0182412234805	-0.0235421859831	0.0531801063994	0.0223339532195	-0.0513502365421	0.0125589453024	0.0104534126758	0.00657480780783	0.0171706198432	0.0177158542839	0.0145943678935	-0.00103375686986	0.0678717339045	-0.0161389340896	0.0443595880749	-0.067284331131	-0.0316709734782	0.00994540164233	-0.0631940929679	-0.0158721853886	1.0	-0.0286541889129	-0.00846456291483	-0.0346595778055	-0.0428450866095	0.0234648942105	0.00422624674864	-0.00523367739795	-0.00371198748674	-0.0200753611998	-0.0294803213303	-0.0484074811468	-0.00880577403191	-0.0452445011581	0.0131047568621	0.00375025471208	-0.0212635393684	0.062833153147	-0.0105947836345	0.00384863277616	-0.0477895458459	-0.0332631452506	-0.0217354892653	-0.0373646994108	0.0499810396397	-0.0244092932629	-0.00212533768721	0.0331612446801	-0.0570618602132	0.0688118268181	0.000243963662238	-0.0301774462356	-0.0231930945763
k__Bacteria;p__Firmicutes;c__Clostridia;o__Clostridiales;f__Lachnospiraceae;g__Roseburia;s__Roseburia_hominis	-0.0686873908965	-0.02145576427	0.0477989340827	-0.0613891854736	0.0435300689816	-0.00370348448977	-0.0480426770951	0.00390076528895	-0.0348356857967	-0.0419761518578	0.00978800306699	0.0129874362823	0.0134251459975	-0.0170361152461	-0.00704082618189	0.0258164956504	-0.0274628963357	-0.00537044747366	0.00901367963992	0.0043390356907	-0.0152474751799	0.00882421294748	-0.0326785900565	-0.0312320843208	0.0429520242817	-0.0170078780108	-0.0286541889129	1.0	-0.0606644878247	0.0574292046012	0.019654314319	0.0158268547562	-0.00842435281639	0.0100660384343	-0.00919380743795	-0.0539485572235	0.0183118517038	-0.0121979525638	0.0577028098198	0.0158336305072	-0.0248772995697	-0.00123768677484	0.0517426477037	-0.0243321989996	0.00628366654028	-0.112614381332	-0.04322858959	-0.006051362604	-0.0426310984849	-0.0151051845641	0.00995858339154	0.0515510458895	-0.0266877303376	-0.0290200453099	0.0665113709244	-0.0578043498823	-0.0144104605114	-0.04870055945	0.00515801700803
k__Bacteria;p__Bacteroidetes;c__Bacteroidia;o__Bacteroidales;f__Porphyromonadaceae;g__Parabacteroides;s__Parabacteroides_johnsonii	-0.00112260595411	-0.0441656152921	0.0443694377204	-0.0256563007471	-0.0390088401734	-0.0212131303268	0.0447945750238	0.0102639661418	0.0292051180824	-0.024073787185	-0.046547541586	-0.0308175167352	0.0342387761662	-0.00194446165742	-0.0568301348233	-0.0180472608553	0.0255839580796	-0.00122274548155	-0.0283006417171	0.0199881250261	-0.0449845422984	-0.0164184416632	0.0197987221274	0.00639460835972	-0.0519577892371	-0.0183344192317	-0.00846456291483	-0.0606644878247	1.0	-0.0536841861347	0.0797695942956	0.0120341904136	-0.0351844242128	0.0418399364715	0.000605661554304	-0.0101988369545	0.00934798025314	0.0203458436636	-0.0291791263184	0.0267728276677	-0.0273325231441	-0.00121242469658	0.0138896974199	0.036746537873	0.0149739963133	-0.0110240205793	0.0197706720088	0.013216067665	0.026582360802	-0.00271752817864	0.0339691175311	-0.0348616594278	-0.0478178645212	-0.00402086763306	0.0148097969086	0.00333439129848	-0.0111609021506	0.0337247021825	0.00240179891012
k__Bacteria;p__Actinobacteria;c__Actinobacteria;o__Bifidobacteriales;f__Bifidobacteriaceae;g__Bifidobacterium;s__Bifidobacterium_longum	-0.0108510138914	-0.0119610082318	0.0289795969965	-0.00356716589795	-0.0120822316495	0.0137138252773	-0.0452912155611	-4.50951696605e-05	-0.03539464466	0.0118217433072	-0.020287310142	-0.0152072591571	-0.0125300154545	-0.0670696312571	-0.0282293164181	-0.0219984601839	0.0102673253887	-0.0269919964871	0.00205963245533	-0.0304922064278	0.0276068032674	-0.00909462044858	-0.00156902538477	0.0110510182982	0.0773571173104	0.00348168419505	-0.0346595778055	0.0574292046012	-0.0536841861347	1.0	-0.0482957952844	-0.0408456265356	-0.00838911314228	-0.0460872884228	0.0298624594944	-0.0446555372513	-0.020361212078	-0.0133433573015	0.0911406006131	0.0281521220583	-0.0201933111118	0.0235381051128	-0.0268994747113	0.0265490939239	0.0433214376057	-0.00680505525147	0.017769787893	0.00852064387309	-0.0595655121822	-0.0217086107559	0.0270605541358	0.0304041047405	0.0118299905434	-0.0526974959882	0.0196040501983	-0.0257681064593	-0.0270465839043	-0.0551422666154	0.028484114369
