#taxonomy	k__Bacteria;p__Bacteroidetes;c__Bacteroidia;o__Bacteroidales;f__Bacteroidaceae;g__Bacteroides;s__Bacteroides_vulgatus	k__Bacteria;p__Bacteroidetes;c__Bacteroidia;o__Bacteroidales;f__Bacteroidaceae;g__Bacteroides;s__Bacteroides_uniformis	k__Bacteria;p__Bacteroidetes;c__Bacteroidia;o__Bacteroidales;f__Rikenellaceae;g__Alistipes;s__Alistipes_putredinis	k__Bacteria;p__Bacteroidetes;c__Bacteroidia;o__Bacteroidales;f__Prevotellaceae;g__Prevotella;s__Prevotella_copri	k__Bacteria;p__Bacteroidetes;c__Bacteroidia;o__Bacteroidales;f__Bacteroidaceae;g__Bacteroides;s__Bacteroides_stercoris	k__Bacteria;p__Bacteroidetes;c__Bacteroidia;o__Bacteroidales;f__Bacteroidaceae;g__Bacteroides;s__Bacteroides_ovatus	k__Bacteria;p__Bacteroidetes;c__Bacteroidia;o__Bacteroidales;f__Rikenellaceae;g__Alistipes;s__Alistipes_shahii	k__Bacteria;p__Firmicutes;c__Clostridia;o__Clostridiales;f__Ruminococcaceae;g__Faecalibacterium;s__Faecalibacterium_prausnitzii	k__Bacteria;p__Bacteroidetes;c__Bacteroidia;o__Bacteroidales;f__Rikenellaceae;g__Alistipes;s__Alistipes_finegoldii	k__Bacteria;p__Bacteroidetes;c__Bacteroidia;o__Bacteroidales;f__Porphyromonadaceae;g__Parabacteroides;s__Parabacteroides_distasonis	k__Bacteria;p__Bacteroidetes;c__Bacteroidia;o__Bacteroidales;f__Bacteroidaceae;g__Bacteroides;s__Bacteroides_thetaiotaomicron	k__Bacteria;p__Bacteroidetes;c__Bacteroidia;o__Bacteroidales;f__Bacteroidaceae;g__Bacteroides;s__Bacteroides_coprocola	k__Bacteria;p__Bacteroidetes;c__Bacteroidia;o__Bacteroidales;f__Bacteroidaceae;g__Bacteroides;s__Bacteroides_cellulosilyticus	k__Bacteria;p__Bacteroidetes;c__Bacteroidia;o__Bacteroidales;f__Rikenellaceae;g__Alistipes;s__Alistipes_obesi	k__Bacteria;p__Firmicutes;c__Clostridia;o__Clostridiales;f__Lachnospiraceae;g__;s__[Eubacterium]_rectale	k__Bacteria;p__Bacteroidetes;c__Bacteroidia;o__Bacteroidales;f__Bacteroidaceae;g__Bacteroides;s__Bacteroides_plebeius	k__Bacteria;p__Bacteroidetes;c__Bacteroidia;o__Bacteroidales;f__Bacteroidaceae;g__Bacteroides;s__Bacteroides_fragilis	k__Bacteria;p__Proteobacteria;c__Betaproteobacteria;o__Burkholderiales;f__Sutterellaceae;g__Sutterella;s__Sutterella_wadsworthensis	k__Bacteria;p__Bacteroidetes;c__Bacteroidia;o__Bacteroidales;f__Porphyromonadaceae;g__Barnesiella;s__Barnesiella_intestinihominis	k__Bacteria;p__Bacteroidetes;c__Bacteroidia;o__Bacteroidales;f__Odoribacteraceae;g__Odoribacter;s__Odoribacter_splanchnicus	k__Bacteria;p__Bacteroidetes;c__Bacteroidia;o__Bacteroidales;f__Bacteroidaceae;g__Bacteroides;s__Bacteroides_salyersiae	k__Bacteria;p__Firmicutes;c__Clostridia;o__Clostridiales;f__Ruminococcaceae;g__Ruminiclostridium;s__[Eubacterium]_siraeum	k__Bacteria;p__Proteobacteria;c__Betaproteobacteria;o__Burkholderiales;f__Sutterellaceae;g__Parasutterella;s__Parasutterella_excrementihominis	k__Bacteria;p__Actinobacteria;c__Actinobacteria;o__Bifidobacteriales;f__Bifidobacteriaceae;g__Bifidobacterium;s__Bifidobacterium_adolescentis	k__Bacteria;p__Firmicutes;c__Clostridia;o__Clostridiales;f__Oscillospiraceae;g__Oscillibacter;s__Oscillibacter_sp._KLE_1745	k__Bacteria;p__Bacteroidetes;c__Bacteroidia;o__Bacteroidales;f__Bacteroidaceae;g__Bacteroides;s__Bacteroides_coprophilus	k__Bacteria;p__Firmicutes;c__Clostridia;o__Clostridiales;f__Lachnospiraceae;g__Roseburia;s__Roseburia_intestinalis	k__Bacteria;p__Firmicutes;c__Clostridia;o__Clostridiales;f__Lachnospiraceae;g__Roseburia;s__Roseburia_hominis	k__Bacteria;p__Bacteroidetes;c__Bacteroidia;o__Bacteroidales;f__Porphyromonadaceae;g__Parabacteroides;s__Parabacteroides_johnsonii	k__Bacteria;p__Actinobacteria;c__Actinobacteria;o__Bifidobacteriales;f__Bifidobacteriaceae;g__Bifidobacterium;s__Bifidobacterium_longum	k__Bacteria;p__Firmicutes;c__Clostridia;o__Clostridiales;f__;g__Flavonifractor;s__Flavonifractor_plautii	k__Bacteria;p__Firmicutes;c__Clostridia;o__Clostridiales;f__Clostridiaceae;g__Clostridium;s__Clostridium_phoceensis	k__Bacteria;p__Verrucomicrobia;c__Verrucomicrobiae;o__Verrucomicrobiales;f__Akkermansiaceae;g__Akkermansia;s__Akkermansia_muciniphila	k__Bacteria;p__Bacteroidetes;c__Bacteroidia;o__Bacteroidales;f__Prevotellaceae;g__Paraprevotella;s__Paraprevotella_xylaniphila	k__Bacteria;p__Firmicutes;c__Clostridia;o__Clostridiales;f__Ruminococcaceae;g__Ruminococcus;s__Ruminococcus_callidus	k__Bacteria;p__Bacteroidetes;c__Bacteroidia;o__Bacteroidales;f__Rikenellaceae;g__Alistipes;s__Alistipes_senegalensis	k__Bacteria;p__Firmicutes;c__Clostridia;o__Clostridiales;f__Lachnospiraceae;g__Blautia;s__Blautia_sp._KLE_1732	k__Bacteria;p__Bacteroidetes;c__Bacteroidia;o__Bacteroidales;f__Bacteroidaceae;g__Bacteroides;s__Bacteroides_oleiciplenus	k__Bacteria;p__Firmicutes;c__Clostridia;o__Clostridiales;f__Ruminococcaceae;g__Ruminococcus;s__Ruminococcus_bicirculans	k__Bacteria;p__Bacteroidetes;c__Bacteroidia;o__Bacteroidales;f__Bacteroidaceae;g__Bacteroides;s__Bacteroides_fluxus	k__Bacteria;p__Bacteroidetes;c__Bacteroidia;o__Bacteroidales;f__Prevotellaceae;g__Prevotella;s__Prevotella_stercorea	k__Bacteria;p__Firmicutes;c__Clostridia;o__Clostridiales;f__Lachnospiraceae;g__Dorea;s__Dorea_longicatena	k__Bacteria;p__Firmicutes;c__Clostridia;o__Clostridiales;f__Eubacteriaceae;g__Eubacterium;s__[Eubacterium]_eligens	k__Bacteria;p__Firmicutes;c__Clostridia;o__Clostridiales;f__Ruminococcaceae;g__;s__Ruminococcaceae_bacterium_D16	k__Bacteria;p__Firmicutes;c__Clostridia;o__Clostridiales;f__Lachnospiraceae;g__Coprococcus;s__Coprococcus_comes	k__Bacteria;p__Proteobacteria;c__Gammaproteobacteria;o__Enterobacterales;f__Enterobacteriaceae;g__Escherichia;s__Escherichia_coli	k__Bacteria;p__Firmicutes;c__Clostridia;o__Clostridiales;f__Ruminococcaceae;g__Anaerotruncus;s__Anaerotruncus_colihominis	k__Bacteria;p__Firmicutes;c__Clostridia;o__Clostridiales;f__Lachnospiraceae;g__Blautia;s__Blautia_obeum	k__Bacteria;p__Bacteroidetes;c__Bacteroidia;o__Bacteroidales;f__Odoribacteraceae;g__Odoribacter;s__Odoribacter_laneus	k__Bacteria;p__Firmicutes;c__Clostridia;o__Clostridiales;f__Ruminococcaceae;g__Ruminiclostridium;s__[Clostridium]_leptum	k__Bacteria;p__Bacteroidetes;c__Bacteroidia;o__Bacteroidales;f__Porphyromonadaceae;g__Parabacteroides;s__Parabacteroides_goldsteinii	k__Bacteria;p__Firmicutes;c__Clostridia;o__Clostridiales;f__Lachnospiraceae;g__Anaerostipes;s__Anaerostipes_hadrus	k__Bacteria;p__Firmicutes;c__Clostridia;o__Clostridiales;f__Ruminococcaceae;g__Ruminococcus;s__Ruminococcus_lactaris	k__Bacteria;p__Firmicutes;c__Clostridia;o__Clostridiales;f__Clostridiaceae;g__Clostridium;s__Clostridium_sp._L2-50	k__Bacteria;p__Firmicutes;c__Clostridia;o__Clostridiales;f__Clostridiaceae;g__Clostridium;s__Clostridium_sp._M62/1	k__Bacteria;p__Firmicutes;c__Clostridia;o__Clostridiales;f__;g__Intestinimonas;s__Intestinimonas_butyriciproducens	k__Bacteria;p__Actinobacteria;c__Actinobacteria;o__Bifidobacteriales;f__Bifidobacteriaceae;g__Bifidobacterium;s__Bifidobacterium_bifidum	k__Bacteria;p__Firmicutes;c__Negativicutes;o__Veillonellales;f__Veillonellaceae;g__Dialister;s__Dialister_invisus	k__Bacteria;p__Bacteroidetes;c__Bacteroidia;o__Bacteroidales;f__Bacteroidaceae;g__Bacteroides;s__Bacteroides_salanitronis
k__Bacteria;p__Bacteroidetes;c__Bacteroidia;o__Bacteroidales;f__Bacteroidaceae;g__Bacteroides;s__Bacteroides_vulgatus	1.0	0.0347759781331	-0.0522330774436	-0.0158897113522	0.0350018200344	-0.041274560486	0.0101288023187	-0.0310841738575	-0.0309917468356	-0.0207330826039	-0.0345408017496	-0.025002872156	-0.0247581765466	-0.0273530250502	0.0548536530304	0.01736040081	-0.0123767831965	0.00267744547706	0.0272990084774	-0.00709492973658	-0.0136522553765	-0.0184273267827	-0.0232620901625	0.0148766558627	0.0142518042023	0.00775106571521	-0.0749842982249	-0.00223502163598	0.00600843869818	-0.0448036364971	0.0535887856751	0.0568268494937	-0.0366957089292	-0.00931598021791	0.0514541218246	-0.022885686864	-0.00412638472589	0.000358363720939	-0.0239653983183	-0.035470203515	0.00314331512181	-0.020667388934	-0.0358317798458	-0.0224735068792	-0.0278839664737	-0.000682807206223	-0.022438811206	-0.0172263519382	-0.0396747238454	-0.0325477506073	0.0046574839419	-0.040588611356	0.0275591928753	0.000375592131498	-0.0180892834432	-0.00332506329351	0.0448372437292	0.0236075664292	0.00542961295416
k__Bacteria;p__Bacteroidetes;c__Bacteroidia;o__Bacteroidales;f__Bacteroidaceae;g__Bacteroides;s__Bacteroides_uniformis	0.0347759781331	1.0	-0.0232164659355	-0.00938596432914	-0.0118868818982	0.0407453393173	0.0113396799773	-0.0161451321497	-0.0704260985776	0.00318456923497	-0.0319262162405	-0.0693181783936	-0.055566993444	-0.0567734629553	-0.0357703900442	0.0356910542216	0.00177130830066	0.0267701847583	-0.0387692168318	0.0479947765273	0.0162809094926	0.00465041974759	0.0237392253647	-0.0140593087653	0.0396457897323	-2.81689702621e-05	-0.0534991483447	-0.0231618753525	-0.0136314010499	0.0180222150271	-0.00480867509809	-0.02980666688	0.00872933373282	-0.0384245926078	0.00577163932924	-0.031262112775	0.00320433194528	-0.00246832165578	-0.0596194467606	0.000653371699924	-0.027942926597	-0.0329358186751	-0.0134455391781	-0.059827716631	-0.0181749166204	0.02898457234	-0.0710684089361	0.00414122710744	-0.0878371926378	0.00764372565465	0.00307745363084	0.0312840804175	-0.0410875070184	-0.0400075483511	0.0570172399824	-0.00356401683512	0.0196430576053	-0.0384667726897	-0.0282026040328
k__Bacteria;p__Bacteroidetes;c__Bacteroidia;o__Bacteroidales;f__Rikenellaceae;g__Alistipes;s__Alistipes_putredinis	-0.0522330774436	-0.0232164659355	1.0	-0.0321782833312	-0.0030359970732	-0.0209662601093	0.0586059762997	0.0344920868537	-0.083563126987	-0.00661262060383	0.080179319179	-0.00232942784966	0.0292886574654	-0.00375868651023	-0.0434384680935	-0.000544002492798	-0.00245759750721	-0.0545213894049	0.00569832057384	-0.0275840269864	-0.00168861591659	0.00393277694085	-0.00463684869185	-0.0518928990468	0.0299134866938	0.00510950231244	0.015248929005	0.0199705452551	0.000703346481506	0.0207802276443	0.0316588743435	-0.0413080581662	0.0288849356285	-0.0372896831915	-0.0190758146951	0.021982922997	-0.0162755549787	0.00877650358612	-0.0288621885036	0.0586525985449	0.045831956063	0.025842110695	0.000163657872414	-0.0413023390805	-0.0224375479556	0.036450427187	-0.0561021418293	-0.0429715304319	0.0498146578859	-0.0282411738003	0.0541741881734	0.0389055199029	0.0224530846345	0.00081777353773	-0.00455592760734	0.0528911478174	-0.0205085536102	-0.0463020425493	-0.0355325350162
k__Bacteria;p__Bacteroidetes;c__Bacteroidia;o__Bacteroidales;f__Prevotellaceae;g__Prevotella;s__Prevotella_copri	-0.0158897113522	-0.00938596432914	-0.0321782833312	1.0	-0.037835672097	-0.019091896806	0.003970789186	-0.0134466024293	0.0207170661278	0.0106357449746	0.0453886494276	0.0399731325784	0.00295835605807	0.00740964405884	-0.00374767150823	0.0316670259607	-0.0208777808843	0.00387548515545	-0.0406059493729	0.00551315870482	0.0160132815251	0.0268721959538	-0.0250733713404	0.00263134933014	-0.0254843273219	0.00312718234668	-0.0103360439833	0.00834781309681	-0.0659924473092	-0.0265550471478	-0.0109942928692	0.0141889142082	-0.00281248626328	-0.0453260417356	0.0120924411099	-1.81770266477e-05	-0.044486901807	-0.0454969727301	-0.0266604238787	0.0302105393814	-0.00290540980019	-0.0431292193866	-0.0556598448017	-0.0121816381323	-0.00705145047766	0.0297284007152	-0.0289224384022	0.023596362958	0.00782963007737	-0.00151924067467	-0.0247385993566	-0.00917229854416	-0.0250957465415	0.0410974488667	-0.00890769459091	0.021897269796	-0.0343242523177	0.0887416504441	-0.0424337766815
k__Bacteria;p__Bacteroidetes;c__Bacteroidia;o__Bacteroidales;f__Bacteroidaceae;g__Bacteroides;s__Bacteroides_stercoris	0.0350018200344	-0.0118868818982	-0.0030359970732	-0.037835672097	1.0	-0.0327093478699	0.0143676328326	0.0227291192946	0.0668683688542	-0.022662341975	-0.0567495277946	0.00226936482164	0.00688333278664	-0.083584208188	-0.0519542996103	-0.0063943512992	-0.00977698262343	-0.041840687973	-0.0719294076802	-0.0174416299986	-0.0170185105395	-0.0565134863265	-0.0193243917027	-0.00857184923424	7.7884031701e-06	0.0227345665907	-0.0200944875853	-0.0177790214185	-0.00658624161559	-0.00688961097064	0.018273209185	-0.0165123270744	-0.0263278561418	-0.0162708646065	-0.0101183309823	-0.0422781012252	0.00207597687249	-0.00802401655761	0.0159301787076	-0.0141152424807	-0.00539349629996	-0.0205400554245	0.0271074048742	0.0184827085741	-0.00221951782323	-0.0213654683638	0.00140763296481	0.0354864606368	-0.00405499943807	0.000546654051013	-0.0291325402549	-0.0674000323724	-0.0248782067939	0.0126851320372	-0.018203960626	0.0165473721934	-0.0409003952792	-0.0211829612873	-0.0118532338791
k__Bacteria;p__Bacteroidetes;c__Bacteroidia;o__Bacteroidales;f__Bacteroidaceae;g__Bacteroides;s__Bacteroides_ovatus	-0.041274560486	0.0407453393173	-0.0209662601093	-0.019091896806	-0.0327093478699	1.0	-0.0113263795587	-0.0226321153266	-0.0458663060968	0.0235426903281	-0.0436376189685	0.0374286000245	-0.0276743734318	-0.0196874786344	0.0375480634685	-0.0140449555853	0.0229463463868	0.032778977328	-0.0619876545727	-0.0226351469078	-0.0742346882299	0.00641794754199	0.0365011633897	-0.022157170953	-0.0219759630495	0.0373556972194	-0.0122607099049	-0.025081838932	-0.00647945339612	0.0276787112856	-0.0354438117609	-0.0205796598426	-0.0790491066712	0.0366891655852	0.0332470052123	-0.0304907121339	-0.00617951344313	0.00899879253077	0.0141913038105	-0.0363833676068	-0.0552146905331	0.0105574176846	-0.0306652737784	-0.00718748430991	-0.0100327929731	0.00765373680533	-0.00182416335879	-0.0132819035216	-0.00540834133589	-0.042016722271	0.0338268167141	0.0108613030821	-0.0195211847525	-0.0194538041854	0.0408374750229	0.0527724325291	0.0206396152894	0.0220634514097	0.00233305423009
k__Bacteria;p__Bacteroidetes;c__Bacteroidia;o__Bacteroidales;f__Rikenellaceae;g__Alistipes;s__Alistipes_shahii	0.0101288023187	0.0113396799773	0.0586059762997	0.003970789186	0.0143676328326	-0.0113263795587	1.0	0.0040272120994	-0.00791545046898	-0.00552285182605	0.00446070449855	0.0131370247429	0.0118765756171	-0.003406305619	-0.0192570251978	0.0127295067547	-0.0271426659985	-0.0159680082459	0.0166796850957	0.00244105581765	-0.0268826727542	0.0235702327128	-0.0326608836694	0.0213249513146	-0.0135729567542	0.0199114336879	-0.0246660137105	-0.0377503072754	-0.0352138219684	-0.0120314554989	-0.00246605278825	-0.0361131034248	-0.0282875019388	-0.000229447896171	-0.019104244257	0.0361234109185	0.0571127663059	-0.043340608466	-0.0564815147699	-0.00329215996868	-0.0134486948444	-0.06161585807	0.00310908050453	0.0232222962763	-0.0215344617118	-0.0191099012661	0.0476378477381	-0.0225029833448	0.0598660699849	0.00997016959539	0.0109168393069	-0.0675648934127	-0.00621499478423	0.0226094620398	-0.0404019783327	-0.0705733401755	0.00383851942855	-0.010149050206	0.0109683662173
k__Bacteria;p__Firmicutes;c__Clostridia;o__Clostridiales;f__Ruminococcaceae;g__Faecalibacterium;s__Faecalibacterium_prausnitzii	-0.0310841738575	-0.0161451321497	0.0344920868537	-0.0134466024293	0.0227291192946	-0.0226321153266	0.0040272120994	1.0	0.0278652309677	-0.000383196540571	-0.0230165821461	-0.0298805201921	0.00946364131204	0.0394201409287	-0.00265509689841	-0.0184154817099	-0.0436554126146	-0.0105629474984	0.0303041763376	0.00633823837689	0.0396330477142	-0.0461391528113	-0.00464183440142	0.0463927660968	-0.0319896165815	-0.0194089645392	0.0593264705783	-0.0625547409152	0.0084461613619	-0.0904362793361	-0.0420769990638	-0.0177496668569	-0.0590670774241	-0.0136484760866	-0.044631328431	-0.0193136707723	0.0306632176655	-0.0110592255702	-0.0129825608962	0.0339087254173	-0.00366836766424	0.0125108593097	0.000315729390797	0.0234173057577	0.0271205088066	-0.0566399020548	-0.0191034759332	0.0103622658533	-0.00986551554592	-0.0131531276591	0.0459318684496	0.00600804973896	-0.0293715083657	0.0128706176311	-0.0339444650358	-0.00902827490693	-0.00366630441218	0.0152733335006	-0.00116571828995
k__Bacteria;p__Bacteroidetes;c__Bacteroidia;o__Bacteroidales;f__Rikenellaceae;g__Alistipes;s__Alistipes_finegoldii	-0.0309917468356	-0.0704260985776	-0.083563126987	0.0207170661278	0.0668683688542	-0.0458663060968	-0.00791545046898	0.0278652309677	1.0	-0.00495529290675	-0.0035801680538	-0.0592849423254	-0.0352343138941	-0.00298702710281	-0.0115091116132	-0.0311442559332	0.000713654725664	0.0871834717703	0.0174250489877	-0.038377887517	-0.0244289792785	0.0702640845743	0.00203702083825	0.00733242269952	-0.0475881183176	-0.0217148391473	0.0203342033057	-0.00663326949665	-0.0315072328692	-0.00962089724518	0.000483912556756	-0.0462387775226	-0.00339786004294	0.0307517418763	-0.0108478931538	-0.0198419632381	0.0696895692041	-0.0144741124803	-0.00157457001549	-0.0178195236422	-0.0201972289836	-0.050970585741	-0.00930474757143	-0.0341752767685	0.000185986974716	0.0400576623367	0.0103325703626	0.00927229211269	0.020692349558	0.0150424630873	-0.0230280219578	0.0324892914447	-0.024087873537	0.0118752004467	-0.0930056184827	-0.0311702501991	0.0255699941504	-0.0464348164622	0.0229485419543
k__Bacteria;p__Bacteroidetes;c__Bacteroidia;o__Bacteroidales;f__Porphyromonadaceae;g__Parabacteroides;s__Parabacteroides_distasonis	-0.0207330826039	0.00318456923497	-0.00661262060383	0.0106357449746	-0.022662341975	0.0235426903281	-0.00552285182605	-0.000383196540571	-0.00495529290675	1.0	0.0457461997107	-0.0272319123974	-0.0273720127155	0.0310834821568	-0.0756190808823	-0.0299423059053	-0.00141917882243	-0.014408674019	-0.0318419101389	0.0381228700044	0.018145667967	0.0551149503153	0.0350749765813	-0.0315628041121	-0.0545633850666	-0.0387355724257	0.00577566616563	-0.00220822245549	0.0359813132689	0.00306630544279	0.0238002473353	-0.0177949075293	-0.00874507721955	-0.0767874192523	-0.0276871565612	-0.0350379064016	-0.0131407006463	0.0236141334367	0.0117193386491	-0.0268352047894	0.0158520122593	0.0621133669202	-0.0242676292018	-0.0464190289791	-0.0367784949956	-0.0469867069036	-0.0053357871064	-0.00266693020624	0.00805259309754	-0.00174507700721	-0.0138360549282	0.0150113278166	0.0156757640028	-0.0627252704931	-0.0710228610838	0.00135378426024	-0.00395110894568	-0.0515677697884	-0.0413147928204
k__Bacteria;p__Bacteroidetes;c__Bacteroidia;o__Bacteroidales;f__Bacteroidaceae;g__Bacteroides;s__Bacteroides_thetaiotaomicron	-0.0345408017496	-0.0319262162405	0.080179319179	0.0453886494276	-0.0567495277946	-0.0436376189685	0.00446070449855	-0.0230165821461	-0.0035801680538	0.0457461997107	1.0	-0.028236084578	0.0278012377601	-0.0170219846346	0.00954332155193	-0.000392704855085	-0.0427239337151	0.00931824486759	-0.0953040439547	-0.00227034983052	-0.00581742426904	-0.0496170684849	0.00764903996719	-0.0120463371596	0.00517738302155	-0.00468895000863	-0.0297028360699	-0.00537800182154	0.00352595296219	-0.0299865194665	0.00369677114858	-0.00795656063473	0.00646063870322	0.0529142942184	-0.0681279708352	-0.0485691418852	0.00163821234516	-0.0342348847961	-0.0381695212837	-0.0493165862344	-0.0991886646596	0.0130009036514	-0.0178205603986	-0.00869269394586	-0.0250028379754	-0.0236772042139	0.00123882438004	0.0182285343242	0.0384446560144	0.0373082113548	-0.0183352281223	-0.0209769938663	0.00990971545259	0.0419234621961	0.00406899523656	0.0335352973956	0.00808808390288	-0.022469122545	0.0469962735068
k__Bacteria;p__Bacteroidetes;c__Bacteroidia;o__Bacteroidales;f__Bacteroidaceae;g__Bacteroides;s__Bacteroides_coprocola	-0.025002872156	-0.0693181783936	-0.00232942784966	0.0399731325784	0.00226936482164	0.0374286000245	0.0131370247429	-0.0298805201921	-0.0592849423254	-0.0272319123974	-0.028236084578	1.0	0.031347468781	0.0171960907353	-0.0515721611254	-0.0124705953169	-0.0180524530459	0.0380398770217	-0.0155100997257	-0.0236220346735	0.0279364970641	0.0273961485367	-0.0376178908659	-0.0203177494476	0.0814560393678	0.0013423284389	-0.0160533221392	-0.0356240307596	-0.0473341315586	-0.0876637740852	-0.0339424503357	-0.000980913440269	-0.0564767841531	0.0301734562999	0.00647424808742	0.0284271541152	0.000500402930878	0.0685110076684	0.0115588638313	-0.0756923775006	-0.0155950843587	-0.0514459522163	-0.0361621660145	-0.0192654525184	0.0164858409144	-0.0124732914526	0.0488550008151	-0.0128614290006	0.0332858744137	-0.0226428422663	-0.00113286454374	-0.046813145511	0.0533751020249	-0.0387383533057	0.00950595348053	-0.0303803487551	-0.016911027335	0.00654187531953	0.0112095479299
k__Bacteria;p__Bacteroidetes;c__Bacteroidia;o__Bacteroidales;f__Bacteroidaceae;g__Bacteroides;s__Bacteroides_cellulosilyticus	-0.0247581765466	-0.055566993444	0.0292886574654	0.00295835605807	0.00688333278664	-0.0276743734318	0.0118765756171	0.00946364131204	-0.0352343138941	-0.0273720127155	0.0278012377601	0.031347468781	1.0	-0.0263370581825	-0.0346978382799	-0.0368331080927	0.00729387123477	-0.0234112365971	-0.0192111466924	0.00689079385847	0.000896111368427	-0.0167652204315	0.0124489285781	-0.0452304624545	-0.00466940685062	-0.0135574568767	-0.037266362386	0.0152343358552	-0.00132716858004	-0.0690205978452	0.0420766012562	-0.0515034333011	-0.00252874260518	-0.0421450653515	-0.0123337579791	0.048527663418	0.0296640648374	-0.0405554718014	0.091222821399	-0.020617005118	-0.00732592272193	-0.0115657070029	0.0424606823059	-0.0212741997918	-0.018308047916	-0.025486063941	0.0118936089581	-0.0036406830673	-0.0180897360079	-0.037298169894	0.0160208358725	-0.0248021655239	0.0123978438959	0.0176452700754	0.00645395769817	0.0129137705523	-0.0324914972913	0.0217454375588	0.0673395620012
k__Bacteria;p__Bacteroidetes;c__Bacteroidia;o__Bacteroidales;f__Rikenellaceae;g__Alistipes;s__Alistipes_obesi	-0.0273530250502	-0.0567734629553	-0.00375868651023	0.00740964405884	-0.083584208188	-0.0196874786344	-0.003406305619	0.0394201409287	-0.00298702710281	0.0310834821568	-0.0170219846346	0.0171960907353	-0.0263370581825	1.0	0.0353602334226	0.0353578885841	-0.0470519858228	-0.0311430092924	-0.00892246323534	-0.0435797862115	0.0413622082405	-0.0319042436228	0.0729038922938	-0.00611740553287	-0.0107284669488	-0.0372051781563	-0.0164999251819	-0.0693620926676	-0.00013118073618	-0.035133490429	-0.0181885593111	-0.0406276830284	0.0171793167082	0.00812372058373	0.00409591207641	-0.00395981616688	-0.0178696708714	0.0672576322637	0.027181667434	0.018741710103	-0.0272923253699	-0.0310070958541	0.000863871736374	-0.0716994374804	0.0225027951294	0.00439281528286	0.0465698480651	-0.0415892004642	-0.0169020068097	-0.00985197460119	-0.0340312144717	0.0517514263952	0.0168413697457	-0.0318980389402	-0.0348989086728	-0.0194635584659	0.0222221769425	-0.0788093129334	-0.0506237673329
k__Bacteria;p__Firmicutes;c__Clostridia;o__Clostridiales;f__Lachnospiraceae;g__;s__[Eubacterium]_rectale	0.0548536530304	-0.0357703900442	-0.0434384680935	-0.00374767150823	-0.0519542996103	0.0375480634685	-0.0192570251978	-0.00265509689841	-0.0115091116132	-0.0756190808823	0.00954332155193	-0.0515721611254	-0.0346978382799	0.0353602334226	1.0	-0.0349438701255	0.037106668557	-0.00164689394565	-0.00898171954119	-0.0244036538028	0.068226664844	0.0240453305578	0.0155064910791	0.0291302617035	0.00548636247398	0.0416175584983	0.0139960558892	-0.0406944335892	0.00392136679723	-0.0141513513277	-0.0322169616787	-0.0227537686779	0.0130192786109	0.0286308297886	-0.0602554128218	-0.0122527108393	-0.00832010692806	-0.00732928414803	-0.0411922510369	-0.022774057119	-0.00852920822619	-0.00852228109958	0.0266766389214	-0.00872036420884	-0.0367080964393	0.0168503004359	-0.0322254428246	0.0549771358718	-0.0140036354591	-0.00319476794942	-0.00977523045795	-0.0635524134565	0.0323002585233	0.0262055063969	-0.0315730655093	-0.00200257505827	0.0413365963317	0.0212420621147	0.0333267773743
k__Bacteria;p__Bacteroidetes;c__Bacteroidia;o__Bacteroidales;f__Bacteroidaceae;g__Bacteroides;s__Bacteroides_plebeius	0.01736040081	0.0356910542216	-0.000544002492798	0.0316670259607	-0.0063943512992	-0.0140449555853	0.0127295067547	-0.0184154817099	-0.0311442559332	-0.0299423059053	-0.000392704855085	-0.0124705953169	-0.0368331080927	0.0353578885841	-0.0349438701255	1.0	0.0413687748785	-0.00222262249919	-0.0460228478262	-0.0529273374986	0.0402942982088	-0.0287616899351	-0.0298680649438	0.00563827566366	-0.0265220733718	-0.0279204884208	-0.0249895135742	0.0168349284162	-0.00527277052117	0.0255640603513	0.045607792351	-0.0382303594526	0.00404522338627	-0.0717701662407	0.029351068102	0.0525620729236	-0.0277940655438	-0.0131644048754	-0.0617987947056	-0.00718643811417	0.00625287668107	0.0155747891955	0.00471206801013	0.00393558824793	-0.0023879144075	-0.00434520623938	-0.0239675930437	-0.0279692309843	-0.0414871384098	-0.0150806576167	-0.000400012523014	0.032257278399	-0.00591239544953	-0.00872087249114	0.0197611042467	-0.00967569052519	-0.0327588344987	0.0365766697923	-0.013233105628
k__Bacteria;p__Bacteroidetes;c__Bacteroidia;o__Bacteroidales;f__Bacteroidaceae;g__Bacteroides;s__Bacteroides_fragilis	-0.0123767831965	0.00177130830066	-0.00245759750721	-0.0208777808843	-0.00977698262343	0.0229463463868	-0.0271426659985	-0.0436554126146	0.000713654725664	-0.00141917882243	-0.0427239337151	-0.0180524530459	0.00729387123477	-0.0470519858228	0.037106668557	0.0413687748785	1.0	-0.0437351888995	0.0419104041113	0.00437756470081	0.01599968658	-0.0105708859866	-0.0687030444105	0.00778453735843	0.00129532857633	-0.0281453581849	-0.0441837575903	0.0116769811043	-0.025796479618	-0.0169723493554	-0.0259913946595	-0.0583666554813	-0.0569111334818	0.0180922639391	-0.0412141505071	0.00837091598535	-0.0235197262013	-0.0622092279334	-0.0235218883314	-0.0136156850738	-0.00656479815506	0.00280317348273	0.00827243059773	-0.00809188933432	-0.0394675916786	-0.0103293032098	0.0216068198432	0.0350948290609	-0.0141124973058	-0.00379680626371	0.0642718986341	-0.0430200687876	0.032569051521	0.0319801284422	-0.0126434837642	0.00522131950825	0.0162295039771	0.0317123803645	0.00686795567943
k__Bacteria;p__Proteobacteria;c__Betaproteobacteria;o__Burkholderiales;f__Sutterellaceae;g__Sutterella;s__Sutterella_wadsworthensis	0.00267744547706	0.0267701847583	-0.0545213894049	0.00387548515545	-0.041840687973	0.032778977328	-0.0159680082459	-0.0105629474984	0.0871834717703	-0.014408674019	0.00931824486759	0.0380398770217	-0.0234112365971	-0.0311430092924	-0.00164689394565	-0.00222262249919	-0.0437351888995	1.0	0.00226212832788	0.016017457167	-0.0414485295529	-0.0394345280887	-0.0388968773727	-0.0221762528235	-0.00146324250416	-0.0353815950706	-0.0179302446285	-0.00647855714901	0.0197060160216	-0.064074834176	0.0105870107044	0.023221775528	-0.0149543612467	0.0256525541147	0.0071121856753	-0.0608609881076	-0.0021443968628	0.00209888070813	0.0417335733769	-0.0234903581972	-0.00434485467453	-0.0166437623153	0.039024611251	-0.0311139676953	0.0286765766088	-0.0626712001859	-0.0194885064633	0.0275034372846	0.0252430037943	-0.0127323243773	0.0212226507264	-0.0251141930978	0.0505548552405	0.0127239219535	-0.0369546547774	0.0222269273473	-0.0511957261083	-0.0352323772899	-0.000921101861088
k__Bacteria;p__Bacteroidetes;c__Bacteroidia;o__Bacteroidales;f__Porphyromonadaceae;g__Barnesiella;s__Barnesiella_intestinihominis	0.0272990084774	-0.0387692168318	0.00569832057384	-0.0406059493729	-0.0719294076802	-0.0619876545727	0.0166796850957	0.0303041763376	0.0174250489877	-0.0318419101389	-0.0953040439547	-0.0155100997257	-0.0192111466924	-0.00892246323534	-0.00898171954119	-0.0460228478262	0.0419104041113	0.00226212832788	1.0	-0.0192073766147	-0.0143392286027	-0.00400881112801	0.000993331830214	-0.00855728535624	0.0122697341797	-0.00245965661802	-0.074350164789	-0.045873176633	-0.002050126091	-0.0670568647692	-0.041572725139	-0.0230803214382	-0.00451128369174	-0.00792088677082	0.00963364975325	0.0451924927846	-0.0194130238549	-0.025046608734	0.0277577580632	-0.0140747356092	-0.00517092185095	0.00470045714018	-0.0504488446926	-0.0130964290844	-0.0340821255626	0.00558849531976	-0.0452934887491	0.0193350035586	0.0350997337427	0.0131582327097	-0.0353433542428	0.0103975238222	0.0319320483897	-0.0320019831697	0.0466224385804	-0.00456218133649	-0.018707109854	-0.0400749011442	-0.0268143311905
k__Bacteria;p__Bacteroidetes;c__Bacteroidia;o__Bacteroidales;f__Odoribacteraceae;g__Odoribacter;s__Odoribacter_splanchnicus	-0.00709492973658	0.0479947765273	-0.0275840269864	0.00551315870482	-0.0174416299986	-0.0226351469078	0.00244105581765	0.00633823837689	-0.038377887517	0.0381228700044	-0.00227034983052	-0.0236220346735	0.00689079385847	-0.0435797862115	-0.0244036538028	-0.0529273374986	0.00437756470081	0.016017457167	-0.0192073766147	1.0	-0.0109552230855	-0.0525864453502	-0.0348780721731	-0.0292710289739	-0.000889667258986	0.0205263181643	0.0319952665811	-0.0139474643137	0.0320153894447	0.0543432881775	0.00817802139217	0.0196281222334	-0.0239492289786	-0.00542284050191	-0.0448097984432	-0.0298959605225	0.00634876112491	-0.0135725540275	0.0595840262761	-0.0277540236942	-0.0147454910705	0.00393090545138	-0.0020913497496	0.0188761408774	-0.0456299929393	-0.0309196032801	0.0531994134792	0.0203823798638	0.0196636915825	-0.0186782018102	0.00673179863902	-0.0286138462458	-0.0352904563254	-0.00807407690155	0.03587621333	0.0257233884626	-0.0335777511385	-0.0227291083636	-0.0158918186078
k__Bacteria;p__Bacteroidetes;c__Bacteroidia;o__Bacteroidales;f__Bacteroidaceae;g__Bacteroides;s__Bacteroides_salyersiae	-0.0136522553765	0.0162809094926	-0.00168861591659	0.0160132815251	-0.0170185105395	-0.0742346882299	-0.0268826727542	0.0396330477142	-0.0244289792785	0.018145667967	-0.00581742426904	0.0279364970641	0.000896111368427	0.0413622082405	0.068226664844	0.0402942982088	0.01599968658	-0.0414485295529	-0.0143392286027	-0.0109552230855	1.0	0.0238577035174	0.0596841892782	-0.0307591634025	0.0343182992654	-0.000639086181781	-0.0112269996576	-0.0254861727294	-0.0385863698332	0.00560763329354	0.0341291062668	0.0286630778869	-0.0199100729672	0.00159987987928	0.0334682699716	0.000237556362138	-0.00785286986383	-0.0661640835971	0.00504194394117	0.00565949766306	-0.0262723223812	-0.0310293444012	-0.0664582179974	-0.0124511098195	-0.00909983288351	0.0163353181835	0.000822153721734	-0.0335796638087	-0.0332742027486	-0.0113120488478	0.0356422049695	-0.000676655087049	-0.050508868675	-0.0119690615185	-0.0396301464421	0.00605219686364	-0.00581834162393	-0.00636878594793	0.0221024644297
k__Bacteria;p__Firmicutes;c__Clostridia;o__Clostridiales;f__Ruminococcaceae;g__Ruminiclostridium;s__[Eubacterium]_siraeum	-0.0184273267827	0.00465041974759	0.00393277694085	0.0268721959538	-0.0565134863265	0.00641794754199	0.0235702327128	-0.0461391528113	0.0702640845743	0.0551149503153	-0.0496170684849	0.0273961485367	-0.0167652204315	-0.0319042436228	0.0240453305578	-0.0287616899351	-0.0105708859866	-0.0394345280887	-0.00400881112801	-0.0525864453502	0.0238577035174	1.0	0.0184352528522	0.00615346827331	-0.0575217076109	-0.0546586840814	-0.0468795677211	-0.0307622572445	-0.0170204228567	-0.0327396570568	-0.000123828569567	-0.00816257822163	0.0113926043656	-0.0034154902311	-0.0224403327503	0.0296530161175	0.0433500745348	0.0482351113119	0.0308830009726	0.00900492155872	-0.0249100251692	-0.0503146922818	-0.0253885181721	0.0108126095848	-0.0400757073671	-0.0475222117012	0.00439468266128	-0.011339818878	-0.0295281929112	-0.0951025911886	0.0310075347008	-0.0192310114148	-0.00880885780236	-0.0109282792048	-0.0303968585665	0.0183554412428	0.0310665009044	-0.0199251760718	-0.0549644911768
k__Bacteria;p__Proteobacteria;c__Betaproteobacteria;o__Burkholderiales;f__Sutterellaceae;g__Parasutterella;s__Parasutterella_excrementihominis	-0.0232620901625	0.0237392253647	-0.00463684869185	-0.0250733713404	-0.0193243917027	0.0365011633897	-0.0326608836694	-0.00464183440142	0.00203702083825	0.0350749765813	0.00764903996719	-0.0376178908659	0.0124489285781	0.0729038922938	0.0155064910791	-0.0298680649438	-0.0687030444105	-0.0388968773727	0.000993331830214	-0.0348780721731	0.0596841892782	0.0184352528522	1.0	-0.0980712772372	0.019375641558	0.00471578715449	-0.00325915717276	0.0231625597977	0.0516353782192	-0.100896683272	-0.0562551902894	-0.0271796742688	-0.0117594220798	0.0329622387975	-0.0240822843286	-0.00994248408979	0.053844011837	-0.0361476895553	0.00123188653764	-0.00806932992961	0.00103446494864	-0.0477397814236	-0.00299457279585	0.0173642186437	-0.0500168390396	0.0134871295098	0.0154877884195	-0.01749202866	-0.0228654539245	0.0366066499522	0.0285010223114	0.018624846457	-0.00938838403314	0.00345232718555	0.0146526707312	0.0177572235105	0.00223193527124	-0.0400095752562	-0.0112480940811
k__Bacteria;p__Actinobacteria;c__Actinobacteria;o__Bifidobacteriales;f__Bifidobacteriaceae;g__Bifidobacterium;s__Bifidobacterium_adolescentis	0.0148766558627	-0.0140593087653	-0.0518928990468	0.00263134933014	-0.00857184923424	-0.022157170953	0.0213249513146	0.0463927660968	0.00733242269952	-0.0315628041121	-0.0120463371596	-0.0203177494476	-0.0452304624545	-0.00611740553287	0.0291302617035	0.00563827566366	0.00778453735843	-0.0221762528235	-0.00855728535624	-0.0292710289739	-0.0307591634025	0.00615346827331	-0.0980712772372	1.0	-0.0328221239936	0.00708265911073	-0.0325205365205	0.00635262790272	0.00740491563296	0.00530883794014	-0.0362940941764	-0.0241693533472	-0.03422348344	0.0111722616809	-0.0750360129387	-0.00821210687964	0.0383433508136	0.0281952664308	0.0098756695871	0.0219210613718	0.0184527802212	0.0721549334634	-0.0132859748567	0.0082192270587	0.0321814580164	0.0011460893784	0.0130078171103	-0.0482329859487	-0.0232250355286	0.0261604739789	0.0301695673394	-0.0608862021291	-0.0211286494764	0.00944655394483	0.0181622687433	-0.0182239333185	-0.0588611329558	-0.0247804640058	-0.00507431401613
k__Bacteria;p__Firmicutes;c__Clostridia;o__Clostridiales;f__Oscillospiraceae;g__Oscillibacter;s__Oscillibacter_sp._KLE_1745	0.0142518042023	0.0396457897323	0.0299134866938	-0.0254843273219	7.78840316988e-06	-0.0219759630495	-0.0135729567542	-0.0319896165815	-0.0475881183176	-0.0545633850666	0.00517738302155	0.0814560393678	-0.00466940685062	-0.0107284669488	0.00548636247398	-0.0265220733718	0.00129532857633	-0.00146324250416	0.0122697341797	-0.000889667258986	0.0343182992654	-0.0575217076109	0.019375641558	-0.0328221239936	1.0	-0.00218456416448	-0.0116829978557	0.0120773830376	0.00253413026096	0.0183150445117	-0.0518555763757	0.00583247203274	-0.0373043215183	0.0366788976379	0.00522076320285	-0.00901133555495	-0.0137048493024	-0.0156705029285	-0.0583843801357	-0.0381250720994	-0.0289412414302	-0.0538209884765	-0.0263874770387	0.0183870789679	0.0326526367876	0.0156850302666	-0.0229665110527	0.0309944983106	-0.0510863085843	-0.00834276692303	0.0198304408955	0.0380831321071	-0.0332221912772	0.0111004183634	-0.0466228736546	-0.0309859585681	0.00882272983222	0.0251489893489	0.0155738272577
k__Bacteria;p__Bacteroidetes;c__Bacteroidia;o__Bacteroidales;f__Bacteroidaceae;g__Bacteroides;s__Bacteroides_coprophilus	0.00775106571521	-2.81689702622e-05	0.00510950231244	0.00312718234668	0.0227345665907	0.0373556972194	0.0199114336879	-0.0194089645392	-0.0217148391473	-0.0387355724257	-0.00468895000863	0.0013423284389	-0.0135574568767	-0.0372051781563	0.0416175584983	-0.0279204884208	-0.0281453581849	-0.0353815950706	-0.00245965661802	0.0205263181643	-0.000639086181781	-0.0546586840814	0.00471578715449	0.00708265911073	-0.00218456416448	1.0	0.00647063654891	-0.032333210344	0.0100806768014	0.0151417289525	-0.0486668604928	-0.000961609011929	-0.0259176126496	0.0243920200222	-0.017220524362	-0.0400786224106	0.0430016646385	-0.0911921500191	-0.0110267955696	-0.0269829546847	-0.0469817919076	-0.00886919977601	-0.017560183057	-0.0273092463615	0.00650477044526	0.0117918409941	0.0161209664806	0.000565154725228	0.00267931025217	-0.040605064674	-0.0150351397708	-0.056630089124	0.00139248714579	0.00959729432071	-0.00943855390351	-0.00411967839372	0.0173922716588	-0.0595516158042	0.0634695042829
k__Bacteria;p__Firmicutes;c__Clostridia;o__Clostridiales;f__Lachnospiraceae;g__Roseburia;s__Roseburia_intestinalis	-0.0749842982249	-0.0534991483447	0.015248929005	-0.0103360439833	-0.0200944875853	-0.0122607099049	-0.0246660137105	0.0593264705783	0.0203342033057	0.00577566616563	-0.0297028360699	-0.0160533221392	-0.037266362386	-0.0164999251819	0.0139960558892	-0.0249895135742	-0.0441837575903	-0.0179302446285	-0.074350164789	0.0319952665811	-0.0112269996576	-0.0468795677211	-0.00325915717275	-0.0325205365205	-0.0116829978557	0.00647063654891	1.0	-0.0596871521361	0.0511493261741	0.0205884646062	-0.00620049145833	-0.00725183426753	-0.0309835823424	-0.0609271189879	0.0346435829791	0.0235894047024	-0.0307835264203	0.0183371281962	-0.0669986380596	-0.00155536381839	0.0619682330609	0.0470612059283	0.0739362632027	0.0417780000839	-0.000632737359744	-0.0206764626695	-0.00856553172498	-0.0279215504256	-0.0219330171477	0.0260047386331	-0.0113192161671	-0.029226894298	-0.00656728125341	0.00326349176475	0.00314386906727	0.00675891517612	-0.0102993824639	-0.00653678872791	-0.0170868221456
k__Bacteria;p__Firmicutes;c__Clostridia;o__Clostridiales;f__Lachnospiraceae;g__Roseburia;s__Roseburia_hominis	-0.00223502163598	-0.0231618753525	0.0199705452551	0.00834781309681	-0.0177790214185	-0.025081838932	-0.0377503072754	-0.0625547409152	-0.00663326949665	-0.00220822245549	-0.00537800182154	-0.0356240307596	0.0152343358552	-0.0693620926676	-0.0406944335892	0.0168349284162	0.0116769811043	-0.00647855714901	-0.045873176633	-0.0139474643137	-0.0254861727294	-0.0307622572445	0.0231625597977	0.00635262790272	0.0120773830376	-0.032333210344	-0.0596871521361	1.0	0.0679140083319	-0.0417406390502	-0.0350636829281	0.0202886881295	0.00890244754788	-0.0177543189263	-0.0286455126507	-0.0352838399064	-0.0201838534435	0.00962729217615	-0.0132951566164	-0.00139444155814	-0.02499947704	0.0339751071428	0.01707352096	0.000812344417261	0.0132262478401	0.0100569394328	0.0387257124454	-0.0196705054999	0.0124116794785	0.0155181390494	-0.024051066359	0.00925392477922	0.0249038394364	-0.0609248044224	-0.00115430571203	0.0364351647153	0.0130231088479	-0.0498720430173	0.0236488779111
k__Bacteria;p__Bacteroidetes;c__Bacteroidia;o__Bacteroidales;f__Porphyromonadaceae;g__Parabacteroides;s__Parabacteroides_johnsonii	0.00600843869818	-0.0136314010499	0.000703346481506	-0.0659924473092	-0.00658624161559	-0.00647945339612	-0.0352138219684	0.0084461613619	-0.0315072328692	0.0359813132689	0.00352595296219	-0.0473341315586	-0.00132716858004	-0.00013118073618	0.00392136679723	-0.00527277052117	-0.025796479618	0.0197060160216	-0.002050126091	0.0320153894447	-0.0385863698332	-0.0170204228567	0.0516353782192	0.00740491563296	0.00253413026096	0.0100806768014	0.0511493261741	0.0679140083319	1.0	-0.00836992250314	-0.0657994244332	0.0220305281632	0.041335532873	0.0507315581018	0.0417747982351	-0.0450456470066	0.0339637760855	-0.0122250510813	-0.0269093941238	-0.0187259861147	-0.0330964924672	-0.0420078674365	0.10681965622	0.00860212829484	-0.0247734771333	-0.0374612789765	-0.0281470621727	0.00324788180526	-0.026841019077	-0.0153652876529	-0.0458318057106	-0.0317427051141	-0.0038990302305	-0.0102121674503	0.0208670148034	0.000952314049613	0.00865271688877	-0.0374991833168	0.0457671447128
