#taxonomy	k__Bacteria;p__Bacteroidetes;c__Bacteroidia;o__Bacteroidales;f__Bacteroidaceae;g__Bacteroides;s__Bacteroides_vulgatus	k__Bacteria;p__Bacteroidetes;c__Bacteroidia;o__Bacteroidales;f__Bacteroidaceae;g__Bacteroides;s__Bacteroides_uniformis	k__Bacteria;p__Bacteroidetes;c__Bacteroidia;o__Bacteroidales;f__Rikenellaceae;g__Alistipes;s__Alistipes_putredinis	k__Bacteria;p__Bacteroidetes;c__Bacteroidia;o__Bacteroidales;f__Prevotellaceae;g__Prevotella;s__Prevotella_copri	k__Bacteria;p__Bacteroidetes;c__Bacteroidia;o__Bacteroidales;f__Bacteroidaceae;g__Bacteroides;s__Bacteroides_stercoris	k__Bacteria;p__Bacteroidetes;c__Bacteroidia;o__Bacteroidales;f__Bacteroidaceae;g__Bacteroides;s__Bacteroides_ovatus	k__Bacteria;p__Bacteroidetes;c__Bacteroidia;o__Bacteroidales;f__Rikenellaceae;g__Alistipes;s__Alistipes_shahii	k__Bacteria;p__Firmicutes;c__Clostridia;o__Clostridiales;f__Ruminococcaceae;g__Faecalibacterium;s__Faecalibacterium_prausnitzii	k__Bacteria;p__Bacteroidetes;c__Bacteroidia;o__Bacteroidales;f__Rikenellaceae;g__Alistipes;s__Alistipes_finegoldii	k__Bacteria;p__Bacteroidetes;c__Bacteroidia;o__Bacteroidales;f__Porphyromonadaceae;g__Parabacteroides;s__Parabacteroides_distasonis	k__Bacteria;p__Bacteroidetes;c__Bacteroidia;o__Bacteroidales;f__Bacteroidaceae;g__Bacteroides;s__Bacteroides_thetaiotaomicron	k__Bacteria;p__Bacteroidetes;c__Bacteroidia;o__Bacteroidales;f__Bacteroidaceae;g__Bacteroides;s__Bacteroides_coprocola	k__Bacteria;p__Bacteroidetes;c__Bacteroidia;o__Bacteroidales;f__Bacteroidaceae;g__Bacteroides;s__Bacteroides_cellulosilyticus	k__Bacteria;p__Bacteroidetes;c__Bacteroidia;o__Bacteroidales;f__Rikenellaceae;g__Alistipes;s__Alistipes_obesi	k__Bacteria;p__Firmicutes;c__Clostridia;o__Clostridiales;f__Lachnospiraceae;g__;s__[Eubacterium]_rectale	k__Bacteria;p__Bacteroidetes;c__Bacteroidia;o__Bacteroidales;f__Bacteroidaceae;g__Bacteroides;s__Bacteroides_plebeius	k__Bacteria;p__Bacteroidetes;c__Bacteroidia;o__Bacteroidales;f__Bacteroidaceae;g__Bacteroides;s__Bacteroides_fragilis	k__Bacteria;p__Proteobacteria;c__Betaproteobacteria;o__Burkholderiales;f__Sutterellaceae;g__Sutterella;s__Sutterella_wadsworthensis	k__Bacteria;p__Bacteroidetes;c__Bacteroidia;o__Bacteroidales;f__Porphyromonadaceae;g__Barnesiella;s__Barnesiella_intestinihominis	k__Bacteria;p__Bacteroidetes;c__Bacteroidia;o__Bacteroidales;f__Odoribacteraceae;g__Odoribacter;s__Odoribacter_splanchnicus	k__Bacteria;p__Bacteroidetes;c__Bacteroidia;o__Bacteroidales;f__Bacteroidaceae;g__Bacteroides;s__Bacteroides_salyersiae	k__Bacteria;p__Firmicutes;c__Clostridia;o__Clostridiales;f__Ruminococcaceae;g__Ruminiclostridium;s__[Eubacterium]_siraeum	k__Bacteria;p__Proteobacteria;c__Betaproteobacteria;o__Burkholderiales;f__Sutterellaceae;g__Parasutterella;s__Parasutterella_excrementihominis	k__Bacteria;p__Actinobacteria;c__Actinobacteria;o__Bifidobacteriales;f__Bifidobacteriaceae;g__Bifidobacterium;s__Bifidobacterium_adolescentis	k__Bacteria;p__Firmicutes;c__Clostridia;o__Clostridiales;f__Oscillospiraceae;g__Oscillibacter;s__Oscillibacter_sp._KLE_1745	k__Bacteria;p__Bacteroidetes;c__Bacteroidia;o__Bacteroidales;f__Bacteroidaceae;g__Bacteroides;s__Bacteroides_coprophilus	k__Bacteria;p__Firmicutes;c__Clostridia;o__Clostridiales;f__Lachnospiraceae;g__Roseburia;s__Roseburia_intestinalis	k__Bacteria;p__Firmicutes;c__Clostridia;o__Clostridiales;f__Lachnospiraceae;g__Roseburia;s__Roseburia_hominis	k__Bacteria;p__Bacteroidetes;c__Bacteroidia;o__Bacteroidales;f__Porphyromonadaceae;g__Parabacteroides;s__Parabacteroides_johnsonii	k__Bacteria;p__Actinobacteria;c__Actinobacteria;o__Bifidobacteriales;f__Bifidobacteriaceae;g__Bifidobacterium;s__Bifidobacterium_longum	k__Bacteria;p__Firmicutes;c__Clostridia;o__Clostridiales;f__;g__Flavonifractor;s__Flavonifractor_plautii	k__Bacteria;p__Firmicutes;c__Clostridia;o__Clostridiales;f__Clostridiaceae;g__Clostridium;s__Clostridium_phoceensis	k__Bacteria;p__Verrucomicrobia;c__Verrucomicrobiae;o__Verrucomicrobiales;f__Akkermansiaceae;g__Akkermansia;s__Akkermansia_muciniphila	k__Bacteria;p__Bacteroidetes;c__Bacteroidia;o__Bacteroidales;f__Prevotellaceae;g__Paraprevotella;s__Paraprevotella_xylaniphila	k__Bacteria;p__Firmicutes;c__Clostridia;o__Clostridiales;f__Ruminococcaceae;g__Ruminococcus;s__Ruminococcus_callidus	k__Bacteria;p__Bacteroidetes;c__Bacteroidia;o__Bacteroidales;f__Rikenellaceae;g__Alistipes;s__Alistipes_senegalensis	k__Bacteria;p__Firmicutes;c__Clostridia;o__Clostridiales;f__Lachnospiraceae;g__Blautia;s__Blautia_sp._KLE_1732	k__Bacteria;p__Bacteroidetes;c__Bacteroidia;o__Bacteroidales;f__Bacteroidaceae;g__Bacteroides;s__Bacteroides_oleiciplenus	k__Bacteria;p__Firmicutes;c__Clostridia;o__Clostridiales;f__Ruminococcaceae;g__Ruminococcus;s__Ruminococcus_bicirculans	k__Bacteria;p__Bacteroidetes;c__Bacteroidia;o__Bacteroidales;f__Bacteroidaceae;g__Bacteroides;s__Bacteroides_fluxus	k__Bacteria;p__Bacteroidetes;c__Bacteroidia;o__Bacteroidales;f__Prevotellaceae;g__Prevotella;s__Prevotella_stercorea	k__Bacteria;p__Firmicutes;c__Clostridia;o__Clostridiales;f__Lachnospiraceae;g__Dorea;s__Dorea_longicatena	k__Bacteria;p__Firmicutes;c__Clostridia;o__Clostridiales;f__Eubacteriaceae;g__Eubacterium;s__[Eubacterium]_eligens	k__Bacteria;p__Firmicutes;c__Clostridia;o__Clostridiales;f__Ruminococcaceae;g__;s__Ruminococcaceae_bacterium_D16	k__Bacteria;p__Firmicutes;c__Clostridia;o__Clostridiales;f__Lachnospiraceae;g__Coprococcus;s__Coprococcus_comes	k__Bacteria;p__Proteobacteria;c__Gammaproteobacteria;o__Enterobacterales;f__Enterobacteriaceae;g__Escherichia;s__Escherichia_coli	k__Bacteria;p__Firmicutes;c__Clostridia;o__Clostridiales;f__Ruminococcaceae;g__Anaerotruncus;s__Anaerotruncus_colihominis	k__Bacteria;p__Firmicutes;c__Clostridia;o__Clostridiales;f__Lachnospiraceae;g__Blautia;s__Blautia_obeum	k__Bacteria;p__Bacteroidetes;c__Bacteroidia;o__Bacteroidales;f__Odoribacteraceae;g__Odoribacter;s__Odoribacter_laneus	k__Bacteria;p__Firmicutes;c__Clostridia;o__Clostridiales;f__Ruminococcaceae;g__Ruminiclostridium;s__[Clostridium]_leptum	k__Bacteria;p__Bacteroidetes;c__Bacteroidia;o__Bacteroidales;f__Porphyromonadaceae;g__Parabacteroides;s__Parabacteroides_goldsteinii	k__Bacteria;p__Firmicutes;c__Clostridia;o__Clostridiales;f__Lachnospiraceae;g__Anaerostipes;s__Anaerostipes_hadrus	k__Bacteria;p__Firmicutes;c__Clostridia;o__Clostridiales;f__Ruminococcaceae;g__Ruminococcus;s__Ruminococcus_lactaris	k__Bacteria;p__Firmicutes;c__Clostridia;o__Clostridiales;f__Clostridiaceae;g__Clostridium;s__Clostridium_sp._L2-50	k__Bacteria;p__Firmicutes;c__Clostridia;o__Clostridiales;f__Clostridiaceae;g__Clostridium;s__Clostridium_sp._M62/1	k__Bacteria;p__Firmicutes;c__Clostridia;o__Clostridiales;f__;g__Intestinimonas;s__Intestinimonas_butyriciproducens	k__Bacteria;p__Actinobacteria;c__Actinobacteria;o__Bifidobacteriales;f__Bifidobacteriaceae;g__Bifidobacterium;s__Bifidobacterium_bifidum	k__Bacteria;p__Firmicutes;c__Negativicutes;o__Veillonellales;f__Veillonellaceae;g__Dialister;s__Dialister_invisus	k__Bacteria;p__Bacteroidetes;c__Bacteroidia;o__Bacteroidales;f__Bacteroidaceae;g__Bacteroides;s__Bacteroides_salanitronis
k__Bacteria;p__Bacteroidetes;c__Bacteroidia;o__Bacteroidales;f__Bacteroidaceae;g__Bacteroides;s__Bacteroides_vulgatus	1.0	0.0582282599163	-0.0481954149237	0.0449060099085	0.0669354928616	-0.0426853389973	-0.00401738159826	0.0262488455155	-0.0492413004303	-0.00132019244967	-0.0109957226694	0.0170221882929	-0.0104322608932	-0.0344502168756	0.00270356287199	0.0477507656177	-0.00893280669783	0.0139406826589	0.0304565164393	-0.0389216750084	-0.0346943391699	-0.0596891532221	0.0165535532512	-0.0118990039361	-0.00901330247291	-0.024330258395	-0.0308052558094	-0.0310908405544	0.0404573343724	0.0158352759876	-0.054468606086	0.00860523491174	0.00309391893982	0.0390190816267	0.00457170005741	-0.0195394907167	0.00711262841128	0.000730745514825	-0.0539080721749	-0.0366144690078	0.00870099822308	0.0173180638793	-0.019581181175	0.0397934582526	-0.0151617396596	0.0332337025745	0.00964359502977	-0.0130161405369	0.00415123851574	-0.0168466828012	0.0160980342385	-0.00981605240099	-0.0164825084262	-0.0167182529715	-0.0160325748432	-0.0151107451838	-0.000747529229958	0.0453255311415	0.0383020842182
k__Bacteria;p__Bacteroidetes;c__Bacteroidia;o__Bacteroidales;f__Bacteroidaceae;g__Bacteroides;s__Bacteroides_uniformis	0.0582282599163	1.0	-0.0282692116498	-0.0314372488914	0.000660581986782	-0.00885396263937	-0.0287639791393	-0.0179565832621	-0.0211643655005	0.0138262808294	0.028311121845	0.00759529462944	-0.0237405438657	-0.0368116507519	0.0434584397153	-0.0582989136347	0.0221329541891	-0.00928346964597	-0.0389497523104	-0.0250421348746	-0.0148882195016	-0.0369064912822	-0.0293221742947	-0.015191055887	-0.00767519918739	-0.0171344018228	0.0271772197912	0.0309474128709	-0.000778650405266	0.0261698405171	-0.0355058067028	-0.0219635603687	0.0262031052791	0.0232500974436	-4.19401776208e-05	0.00211661083325	-0.0451913843068	-0.0115629306918	0.0545614312994	-0.0410363401159	-0.00786540857453	-0.0350952175688	-0.0188321932804	-0.038966438498	0.0357195501651	-0.0539337883531	0.0449412582129	-0.0247913785529	0.0485238170011	-0.0147351525093	-0.0194424901629	-0.0138146853238	-0.0149870256286	0.0372448305847	-0.0222095877868	0.000799409748017	0.00220937900245	0.0388000790411	0.0411595418959
k__Bacteria;p__Bacteroidetes;c__Bacteroidia;o__Bacteroidales;f__Rikenellaceae;g__Alistipes;s__Alistipes_putredinis	-0.0481954149237	-0.0282692116498	1.0	0.00573312760797	0.00212302453851	-0.0132736144414	0.0117473846671	-0.0103301667625	-0.0258397734708	0.0724616633436	-0.0371723734076	0.0360262488779	-0.0422616713883	0.0684764383442	0.00353098811491	-0.0275358286518	-0.00953313793983	-0.011059856514	0.0112356584445	-0.0195905320869	0.0359656743372	0.0012950831861	-0.0118698960052	-0.0251618242239	0.0254192165356	-0.0445048846543	0.010533151784	-0.0847137882682	-0.101424501362	-0.0319262101191	-0.00248400932001	0.0306642209287	0.0500972227918	-0.0414778101225	-0.00420476172258	0.0218092551423	-0.0080705907209	-0.00926620006374	-0.033369012491	-0.00384988521791	-0.0424080867235	0.0067232450294	-0.000423816647995	-0.0292773676105	-0.0113388421439	0.0458429033361	-0.0694642777273	-0.0521614997445	-0.0423839582722	0.0460783533753	-0.0431690868796	0.0733548758731	-0.0262543451	0.00189598980555	-0.00412237881327	0.01611383238	-0.0133325421545	-0.00207337169497	0.0641730902923
k__Bacteria;p__Bacteroidetes;c__Bacteroidia;o__Bacteroidales;f__Prevotellaceae;g__Prevotella;s__Prevotella_copri	0.0449060099085	-0.0314372488914	0.00573312760797	1.0	-0.000677674347023	0.0163691795409	0.0121299169181	-0.0276166996091	0.00247773419205	0.0119450707209	-0.00853504099685	-0.00535965497555	0.0218152720113	0.0217137533853	0.00555502351341	0.00389561453643	0.000889954796484	-0.0290155130737	-0.0595460607852	-0.0465008270719	0.0169298144618	-0.0278820234686	-0.0149594767929	0.0168929463499	0.00765525594505	0.0623769739725	-0.000869680901248	0.0108737520094	0.0549093750083	-0.00595988125735	-0.0408996760113	-0.0163375255831	0.00596107308925	0.0101316937389	0.00798185441648	-0.0108704413395	-0.0819193849833	-0.0204574985623	0.0452645559193	-0.0145959868626	0.000275687673525	-0.00184050855441	0.0274158290823	-0.0150585159963	-0.0164434808259	-0.0323041064678	0.0307309280484	-0.0699307731039	-0.0109129265795	0.0257047908611	0.00956681254593	-0.0344644009342	0.0223073995857	0.00767801265537	-0.0539806180409	0.029860135529	-0.00638075320139	-0.0297164678367	0.00246997806018
k__Bacteria;p__Bacteroidetes;c__Bacteroidia;o__Bacteroidales;f__Bacteroidaceae;g__Bacteroides;s__Bacteroides_stercoris	0.0669354928616	0.000660581986782	0.00212302453851	-0.000677674347023	1.0	0.0211497586585	0.00570787475171	-0.0101673589245	-0.033628618453	-0.0134594607393	-0.0290977041365	0.0119634904625	-0.0446817586903	-0.0515595299653	0.00604655018428	-0.057611859234	-0.0475993359799	-0.0611068303491	-0.0260444377832	-0.0390374176375	0.00116181000601	-0.039510378022	0.0449619813684	0.00175428026078	0.0231038965356	-0.00176955305837	-0.014838582651	-0.0357076516329	0.0231169402892	-0.0144926825379	-0.0306624522424	0.00236598358353	-0.020373467856	0.0295734948877	0.0304083523484	-0.0139685410062	0.0444960765677	0.0501228880246	0.0564924013984	0.0276349267357	0.0150756149167	0.0197165721487	-0.0258222289785	-0.0556388144076	-0.0266402780908	0.0130619820164	0.041371386955	-0.0176318900042	-0.0177297472258	-0.0183543732426	0.0125537418999	-0.0280500860473	0.0234168306868	-0.0116040477489	-0.0373944640302	0.00753997960681	-0.0455233546409	0.00151318344138	0.00372637955846
k__Bacteria;p__Bacteroidetes;c__Bacteroidia;o__Bacteroidales;f__Bacteroidaceae;g__Bacteroides;s__Bacteroides_ovatus	-0.0426853389973	-0.00885396263937	-0.0132736144414	0.0163691795409	0.0211497586585	1.0	0.0248425502815	-0.0547165136399	-0.0211728282941	0.0143716562418	0.0198422713524	0.0144779912284	-0.00647764567141	-0.0792273753393	-0.0607829124051	0.00787612825141	-0.0394127214786	0.016991194682	0.0309799209281	-0.0136266158461	0.0141863323564	-0.0292679279763	0.0130057468152	0.0236344156363	-0.0753295376433	0.0142300073168	0.0126296188907	0.0126568973951	0.0980437070837	-0.0144787018328	0.0210091541211	0.0264238197679	0.0159473900593	-0.00720012551716	0.00515247289048	0.0399603365504	-0.0101461484875	0.00799641496176	0.020509031579	-0.00712057885003	0.00448794578426	0.0737777798758	-0.0331136941797	-0.035991479062	-0.00461595104812	-0.0589208510473	-0.00564803142819	-0.0067378902421	-0.0221373384969	0.0257679211691	-0.0379052818242	-0.0190900169954	-0.0286452171117	-0.0631264122976	0.000480116652005	0.0231525499024	-0.00747741982962	-0.0236664173682	0.0454170966272
k__Bacteria;p__Bacteroidetes;c__Bacteroidia;o__Bacteroidales;f__Rikenellaceae;g__Alistipes;s__Alistipes_shahii	-0.00401738159826	-0.0287639791393	0.0117473846671	0.0121299169181	0.00570787475171	0.0248425502815	1.0	-0.0217257898883	-0.0577096835987	0.0254095587895	-0.0487801407508	-0.00954933436583	0.0169944428005	0.026806564237	-0.045765938006	0.0622204204776	-0.0110427288881	-0.0078671384387	0.0295954182039	-0.0529265393752	-0.0350290193311	0.0236587633864	0.0297622286243	-0.0166812029693	0.0135508137348	0.0306184094301	-0.011369765625	0.0154055596528	-0.0159941978652	0.0797738751622	-0.0349397499114	-0.038266215774	-0.00040943337777	-0.0312195917225	-0.00335775719656	0.00651803665234	-0.00927263888207	-0.00342636410696	-0.0503547330468	-0.021910159779	-0.0333275356318	-0.00440820788301	-0.039214235941	0.0333630591095	-0.0155095287846	-0.0240416900554	0.0351408933699	-0.00800618367554	-0.0422382361722	0.0556331509558	-0.0116473469973	0.0437222342595	-0.00683198327158	-0.0413737439894	-0.00439120568013	-0.00904392221755	-0.0180090168146	0.0218131573922	0.0043699498431
k__Bacteria;p__Firmicutes;c__Clostridia;o__Clostridiales;f__Ruminococcaceae;g__Faecalibacterium;s__Faecalibacterium_prausnitzii	0.0262488455155	-0.0179565832621	-0.0103301667625	-0.0276166996091	-0.0101673589245	-0.0547165136399	-0.0217257898883	1.0	-0.0504967060101	0.0252440591299	-0.00883635325362	0.0721299302813	0.0131018916106	0.0272345621277	-0.0488341398976	0.00116826151721	-0.01197504988	-0.00316225207759	-0.0365524377012	0.0201966524798	0.00437139978157	-0.000674065849497	0.0101668478125	-0.0310089757624	-0.00816871348312	-0.0574040566806	-0.0362549395597	0.0645519005953	-0.00889975589587	-0.0288016853476	-0.0117367499735	0.0137202305112	0.0237254611992	-0.0167627385251	-0.0580261489827	-0.00273005944487	-0.0367405738205	-0.0215896366865	-0.0234262002369	0.0173135576683	0.0183840289461	-0.00414155350177	-0.0113017658995	0.0211748080737	-0.0269267546843	0.0570075424072	0.0324833060851	0.00120692523938	0.0281359228366	0.0298560224944	-0.04031970151	-0.00511567701017	-0.0341211034309	0.00230086441718	0.0230803210008	0.067199514756	-0.00487648474684	-0.00310915870289	-0.0807071236071
k__Bacteria;p__Bacteroidetes;c__Bacteroidia;o__Bacteroidales;f__Rikenellaceae;g__Alistipes;s__Alistipes_finegoldii	-0.0492413004303	-0.0211643655005	-0.0258397734708	0.00247773419205	-0.033628618453	-0.0211728282941	-0.0577096835987	-0.0504967060101	1.0	0.00549202478612	0.0130046559095	-0.0343130499507	0.0154822902186	-0.0959262507981	-0.0504266448658	0.0587662603383	-0.000287243421333	0.0613029277549	-0.0210878095017	0.0114991465999	0.00946965266249	0.00839349689349	0.0676873676765	0.0220167689397	0.0398485379832	0.0214745006658	-0.0414543486462	-0.0521473603411	-0.00160658663432	0.0136198081083	-0.0202360324028	-0.0211893159113	0.0440470124257	-0.00214483228046	0.0569835110418	0.00885741507943	-0.0350261214634	0.0188826605041	0.00993031199799	-0.0110039946699	0.0160558269429	0.00808437862053	-0.051678373	0.0373462208495	-0.0293058318561	-0.0449044709247	-0.0426633395481	-0.049148242477	-0.0141800491927	-0.0684858297119	0.0278888782578	0.0214786435352	-0.000756969407162	-0.0306898158615	-0.0127881523499	-0.0314000600159	-0.0142193721194	-0.0610361949441	0.0399688900536
k__Bacteria;p__Bacteroidetes;c__Bacteroidia;o__Bacteroidales;f__Porphyromonadaceae;g__Parabacteroides;s__Parabacteroides_distasonis	-0.00132019244967	0.0138262808294	0.0724616633436	0.0119450707209	-0.0134594607393	0.0143716562418	0.0254095587895	0.0252440591299	0.00549202478612	1.0	-0.0372438049966	0.00999506463163	0.016048451881	-0.0701487182481	-0.0133747168604	0.010877366227	0.0136719663795	0.00844512902716	-0.0137878808765	0.00877971735415	0.0223614385275	-0.0540363029396	-0.0373599378476	-0.0278420772237	-0.0498945571308	-0.0279513758319	0.0126118914875	0.0377056007651	-0.0524792774426	-0.0156833871118	0.0101095466881	-0.000925960893566	-0.0358610345036	-0.00688432922223	-0.0108634041624	0.0467763875409	0.00620551640832	-0.0661356038226	-0.0207892353363	-0.0352876297707	0.0596699768735	-0.031031448332	0.0191399298482	-0.00313577364294	0.0442341893385	0.0472122747276	0.0213424784204	-0.0160462058202	0.037869825496	0.00661408031416	-0.0485383525998	-0.0112850447965	-0.0317156573077	0.000484213289518	-0.0750631752615	-0.0416610612984	0.0312792374092	-0.0104012852065	-0.00806661189044
k__Bacteria;p__Bacteroidetes;c__Bacteroidia;o__Bacteroidales;f__Bacteroidaceae;g__Bacteroides;s__Bacteroides_thetaiotaomicron	-0.0109957226694	0.028311121845	-0.0371723734076	-0.00853504099685	-0.0290977041365	0.0198422713524	-0.0487801407508	-0.00883635325362	0.0130046559095	-0.0372438049966	1.0	0.035909859032	0.0558015968305	-0.00488630241161	0.0346476762713	0.00412567949464	-0.0095785046162	0.0272361056347	-0.00711851318792	-0.0271038682521	0.0233807386642	0.0173110892515	-0.0364199244289	-0.0459521580176	0.0160849576524	-0.0696159879857	0.00271362956399	-0.0395964417466	-0.0459436192186	-0.0235088984269	-0.0196064899824	-0.0174609995566	0.0361337334139	-0.0114565436591	0.0411148877747	-0.02914392917	-0.0217529661492	0.0186951859254	0.0277127731444	-0.0367815942063	0.0145823484202	-0.0639472944374	0.0648175747148	0.0375242007451	0.0233749769357	-1.78113126873e-05	-0.0133907407702	0.0304864807647	-0.0333903549574	-0.0195289051835	-0.0216558269902	-0.0410105910574	0.0158739265176	-0.0649918853322	-0.00982298784903	-0.0386314599816	0.0494770064565	-0.0710829480965	-0.0204043988012
k__Bacteria;p__Bacteroidetes;c__Bacteroidia;o__Bacteroidales;f__Bacteroidaceae;g__Bacteroides;s__Bacteroides_coprocola	0.0170221882929	0.00759529462944	0.0360262488779	-0.00535965497555	0.0119634904625	0.0144779912284	-0.00954933436583	0.0721299302813	-0.0343130499507	0.00999506463163	0.035909859032	1.0	-0.00817602815854	0.00945485873268	0.00969730828598	-0.0325397455122	0.0543602692089	0.0504478855534	0.00972610713289	-0.0397302616543	-0.015393084676	-0.0339547690868	-0.0421334636295	-0.00476595686349	-0.0244883605129	0.0231987027066	-0.0555002936622	-0.0375457200021	-0.0238190980384	0.036679303642	0.0470416275965	0.00297239701439	-0.00703225413923	0.0193208296765	-0.0200464544289	-0.0253334788086	-0.0271252421014	-0.0356506723338	-0.0219030978669	0.0183570598276	-0.0705746696255	0.00530392091481	-0.0160511889385	-0.0277395750712	-0.0140974190599	0.0420858379638	-0.0492566541238	-0.0478802995985	0.029061536422	0.00513108057354	0.00670366148351	0.0188671755513	0.0277473065213	-0.0159730754079	0.052254225148	-0.0531459756991	0.0064731086099	-0.049068066811	-0.0238524771625
k__Bacteria;p__Bacteroidetes;c__Bacteroidia;o__Bacteroidales;f__Bacteroidaceae;g__Bacteroides;s__Bacteroides_cellulosilyticus	-0.0104322608932	-0.0237405438657	-0.0422616713883	0.0218152720113	-0.0446817586903	-0.00647764567141	0.0169944428005	0.0131018916106	0.0154822902186	0.016048451881	0.0558015968305	-0.00817602815854	1.0	0.00433768636593	-0.0274560100257	-0.022344406726	0.044873364715	0.0586101919801	0.0538532424852	-0.00503474838229	0.0108434205383	0.0199816243296	-0.105761927269	-0.034724806736	0.0152165575418	-0.00292156356964	-0.0261739659064	-0.0200064946617	0.0217116823109	0.00980172214186	0.0110343456629	-0.0351694655596	-0.00647469145143	-0.011180906458	-0.05876806629	-0.0461316128508	-0.0430707202148	-0.026322640233	0.0112457607772	-0.0244970508201	-0.0251179696892	-0.0515812677354	0.0325985581585	0.0401097831162	0.0310241388493	0.0346613511879	-0.0180961114058	0.00153244998489	-0.0258206624973	-0.0284150524722	-0.0186536077641	-0.0201919023077	-0.0235325339178	0.011845003631	-0.0614751026881	0.00823265678695	-0.00123432104152	0.0804475007093	0.0275563350672
k__Bacteria;p__Bacteroidetes;c__Bacteroidia;o__Bacteroidales;f__Rikenellaceae;g__Alistipes;s__Alistipes_obesi	-0.0344502168756	-0.0368116507519	0.0684764383442	0.0217137533853	-0.0515595299653	-0.0792273753393	0.026806564237	0.0272345621277	-0.0959262507981	-0.0701487182481	-0.00488630241161	0.00945485873268	0.00433768636593	1.0	0.00113397330737	-0.012995384126	0.020078324369	-0.00478482960126	-0.0205417490539	-0.0092589373081	-0.00363036955351	-0.067789859568	0.0151178372449	-0.0433526367089	-0.00770801659793	-0.0186422189346	0.0482520609128	-0.0162770547072	-0.0754840544252	0.029935467397	-0.0769309894631	-0.0288850074357	0.00222815238525	-0.00786538485774	-0.0397890971178	0.00234750226246	0.0268482370263	-0.0139410358204	-0.0166253862428	-0.0260804654591	0.0284587503209	-0.0223077664667	0.0162866925652	0.0157393377924	-0.0400559526648	-0.0127934100351	0.0390896604959	0.049413200276	-0.0550108891199	0.0199022142865	0.0437727092606	0.00158163302842	-0.00952673917341	-0.0188690591897	-0.0431474556658	0.00997308907391	-0.00773972436279	-0.0195829890979	0.00499709861218
k__Bacteria;p__Firmicutes;c__Clostridia;o__Clostridiales;f__Lachnospiraceae;g__;s__[Eubacterium]_rectale	0.00270356287199	0.0434584397153	0.00353098811491	0.00555502351341	0.00604655018428	-0.0607829124051	-0.045765938006	-0.0488341398976	-0.0504266448658	-0.0133747168604	0.0346476762713	0.00969730828598	-0.0274560100257	0.00113397330737	1.0	-0.0415170422127	0.0189010644556	0.00485268569997	0.0781689153075	0.00856036014224	0.0465055292548	-0.00947847600048	0.0270426818703	0.0168889247954	0.00868150226996	-0.0177863819269	-0.0118976858351	0.0448146966297	0.00317709142809	0.0102663424493	-0.0474338772832	0.0147769470271	-5.15407669396e-05	-0.0127622054649	-0.00681079326033	-0.0234780268047	-0.0459130750098	0.00615698627888	-0.0157044883646	-0.00856643606317	-0.0191975903179	0.0160305679249	-0.0831235643843	-0.0329998791039	-0.0136873620622	-0.00706677751108	-0.00867516593181	0.0202070498082	-0.101693910756	0.0475203480347	-0.0374834874954	-0.00847167650169	0.0614085627864	0.0103365254705	-0.0546858388819	0.0126867238471	0.0834226777284	-0.0338442855976	-0.026031301056
k__Bacteria;p__Bacteroidetes;c__Bacteroidia;o__Bacteroidales;f__Bacteroidaceae;g__Bacteroides;s__Bacteroides_plebeius	0.0477507656177	-0.0582989136347	-0.0275358286518	0.00389561453643	-0.057611859234	0.00787612825141	0.0622204204776	0.00116826151721	0.0587662603383	0.010877366227	0.00412567949464	-0.0325397455122	-0.022344406726	-0.012995384126	-0.0415170422127	1.0	0.0319406341913	-0.030302487097	-0.0478285274261	-0.0394268832298	-0.0485223652458	-0.0497708151539	0.0100963752297	0.00105408452336	-0.0368758111329	-0.0388517381126	0.0227005326217	-0.0288750544839	-0.00913546778578	-0.0106233228534	0.0224262010576	-0.00729726359531	0.0166513850368	-0.000363148117436	0.030777153525	-0.00919016668901	0.0168054304511	-0.0234800647033	-0.0497596498042	0.0286521599405	-0.00432208444164	-0.0271717712205	0.0102900810449	-0.0016956236807	-0.0206612189033	0.0126016593906	-0.023224509221	0.000653032935025	0.0119458096251	-0.0258423103292	-0.0176367815855	-0.00888175209989	-0.0398629709538	-0.00496126270168	0.0375203634933	0.00596674853932	-0.00279423943833	-0.00786628853105	0.0706186723525
k__Bacteria;p__Bacteroidetes;c__Bacteroidia;o__Bacteroidales;f__Bacteroidaceae;g__Bacteroides;s__Bacteroides_fragilis	-0.00893280669783	0.0221329541891	-0.00953313793983	0.000889954796484	-0.0475993359799	-0.0394127214786	-0.0110427288881	-0.01197504988	-0.000287243421333	0.0136719663795	-0.0095785046162	0.0543602692089	0.044873364715	0.020078324369	0.0189010644556	0.0319406341913	1.0	0.0307480082417	-0.0173847616266	-0.0228587918843	-0.0336810255197	-0.0193293207225	-0.0288044726103	-0.010785508503	0.000850290614925	0.0193260499571	0.00421092101595	0.0269043738748	-0.0274983871387	0.00742119001331	0.0454897736482	-0.00561111345009	0.0486273312709	-0.0236202277701	-0.0187152512053	-0.0199601148659	0.00182396101363	-0.0428713026215	0.017927144527	0.0104202506248	0.0391660930836	-0.0297034601629	0.00503253123382	-0.029769702872	-0.0677368597595	-0.069702550104	-0.0117374697394	-0.00226915925268	-0.00735504115446	-0.0393778089492	-0.0615955579473	-0.00466921499014	0.00305066784758	-0.0442915182111	-0.0388366966906	-0.0597437531957	-0.013366476341	-0.0188485106367	0.0465546206373
k__Bacteria;p__Proteobacteria;c__Betaproteobacteria;o__Burkholderiales;f__Sutterellaceae;g__Sutterella;s__Sutterella_wadsworthensis	0.0139406826589	-0.00928346964597	-0.011059856514	-0.0290155130737	-0.0611068303491	0.016991194682	-0.0078671384387	-0.00316225207759	0.0613029277549	0.00844512902716	0.0272361056347	0.0504478855534	0.0586101919801	-0.00478482960126	0.00485268569997	-0.030302487097	0.0307480082417	1.0	0.0376390613125	-0.052980744927	0.024179491244	0.0376972059372	-0.0116455985472	0.0411590337061	-0.0792953925323	-0.0292018492044	-0.0112863474403	0.0289562428862	-0.0438596353634	-0.0379357635804	-0.0153580825047	0.00969190370144	0.0104004790717	-0.0168946977315	-0.0212139561304	0.0221818182804	-0.0236563760916	0.00408784960542	0.0135805227444	-0.0082832232788	0.0333311534022	0.00612555150213	0.0119438233436	0.0204562442004	-0.0157396467853	-0.00830737701019	0.0363096014241	0.0308535095106	0.00715552359739	0.0462429706554	-0.0308475804381	-0.0389966038702	-0.0584165370063	0.0263637816836	-0.020197458881	0.0161707932136	-0.034101722015	-0.0561187918267	0.00561347877658
k__Bacteria;p__Bacteroidetes;c__Bacteroidia;o__Bacteroidales;f__Porphyromonadaceae;g__Barnesiella;s__Barnesiella_intestinihominis	0.0304565164393	-0.0389497523104	0.0112356584445	-0.0595460607852	-0.0260444377832	0.0309799209281	0.0295954182039	-0.0365524377012	-0.0210878095017	-0.0137878808765	-0.00711851318792	0.00972610713289	0.0538532424852	-0.0205417490539	0.0781689153075	-0.0478285274261	-0.0173847616266	0.0376390613125	1.0	0.0127009305888	-0.0300812379227	0.0207154868682	-0.0901996132687	-0.0111696641431	0.047913877583	0.0113843387343	0.0310982678768	0.0086016191092	-0.0246636396448	-3.8663258759e-05	0.0358050315223	0.0539362725328	-0.0211330665989	-0.0212955802089	-0.0259408464799	-0.00402590610539	0.0353101411228	0.0186016282816	0.0306838400272	-0.0360138223214	-0.0470082953222	0.00269620248407	-0.00338395231293	-0.0501420960602	-0.00620580215364	-0.038208116235	-0.0375887971445	-0.00298205109139	0.013299449371	-0.0577451765219	-0.0347353118819	-0.0428363827504	-0.00593802679694	-0.0416034695673	0.0057110382416	0.0136758738391	-0.0223817462544	0.0122427114857	-0.00209398650236
k__Bacteria;p__Bacteroidetes;c__Bacteroidia;o__Bacteroidales;f__Odoribacteraceae;g__Odoribacter;s__Odoribacter_splanchnicus	-0.0389216750084	-0.0250421348746	-0.0195905320869	-0.0465008270719	-0.0390374176375	-0.0136266158461	-0.0529265393752	0.0201966524798	0.0114991465999	0.00877971735415	-0.0271038682521	-0.0397302616543	-0.00503474838229	-0.0092589373081	0.00856036014224	-0.0394268832298	-0.0228587918843	-0.052980744927	0.0127009305888	1.0	-0.0297547236308	0.052543599011	-0.0367120191895	0.0259906250501	-0.00911763596278	-0.020858814533	-0.00135334962683	0.0256536669428	-0.0263660242538	0.00347331685583	-0.0543872135153	-0.0259845653499	-0.0309661814587	0.00674335296789	0.0132780933211	-0.0429364059924	-0.0308501535331	0.0357083496184	-0.048564264609	0.00275669621045	-0.0231619838923	0.00680042495188	-0.0027751122457	-0.0236273598936	-0.0826358654804	-0.00559131734347	0.0280448539809	-0.00473257895724	0.0106765720626	0.00740585250029	-0.0133021798306	0.0303935578909	-0.0351814467364	-0.0379500588013	-0.0644870524791	-0.0169369447527	-0.0113619284814	-0.0211180917519	0.0417186964592
k__Bacteria;p__Bacteroidetes;c__Bacteroidia;o__Bacteroidales;f__Bacteroidaceae;g__Bacteroides;s__Bacteroides_salyersiae	-0.0346943391699	-0.0148882195016	0.0359656743372	0.0169298144618	0.00116181000601	0.0141863323564	-0.0350290193311	0.00437139978157	0.00946965266249	0.0223614385275	0.0233807386642	-0.015393084676	0.0108434205383	-0.00363036955351	0.0465055292548	-0.0485223652458	-0.0336810255197	0.024179491244	-0.0300812379227	-0.0297547236308	1.0	0.0298421719335	0.00444358121694	0.00905721154333	-0.0396709587238	0.00956101584885	-0.0470256211426	0.0298282818254	-0.0397854825428	-0.0674180280845	-0.0317642813196	0.01562556277	0.00717950027336	-0.0358207446246	0.0675596658818	0.024748029601	-0.0352768370705	-0.0258779641756	-0.0192414282011	0.000350275968069	-0.0364308119903	0.00881955755683	0.0023687733483	-5.30112385871e-05	-0.0310810537708	0.0183186551173	0.0645029847085	0.0115815994804	-0.0257409814283	-0.000656853647388	0.053084752772	-0.0276191458117	0.052558658688	-0.0361723885387	0.0532501697569	-0.00722234512772	-0.00234864359938	-0.0572332049742	-0.0137416024534
k__Bacteria;p__Firmicutes;c__Clostridia;o__Clostridiales;f__Ruminococcaceae;g__Ruminiclostridium;s__[Eubacterium]_siraeum	-0.0596891532221	-0.0369064912822	0.0012950831861	-0.0278820234686	-0.039510378022	-0.0292679279763	0.0236587633864	-0.000674065849497	0.00839349689349	-0.0540363029396	0.0173110892515	-0.0339547690868	0.0199816243296	-0.067789859568	-0.00947847600048	-0.0497708151539	-0.0193293207225	0.0376972059372	0.0207154868682	0.052543599011	0.0298421719335	1.0	-0.0583166821332	-0.00279326906177	-0.0463793990294	0.039988222999	-0.0804218555745	-0.0455862213581	-0.0189104256511	0.0145772973971	-0.0122685462995	0.0121728590709	-0.0063862007423	0.0372718148458	0.0486595519956	0.00417391987363	0.0177180355411	-0.0332341477289	0.0299597892288	0.0094368440407	-0.0608074837385	0.000234242527869	0.0144527370019	0.00764533119824	0.0718920135988	-0.0132957167717	-0.0337986343124	0.0410095313664	-0.0204868237417	0.00719991428073	-0.00757505354055	-0.0227880829776	0.0241717932323	-0.0162899831537	-0.0108407161228	0.0157481814982	0.0249267712065	-0.0429106222619	-0.0235386656302
k__Bacteria;p__Proteobacteria;c__Betaproteobacteria;o__Burkholderiales;f__Sutterellaceae;g__Parasutterella;s__Parasutterella_excrementihominis	0.0165535532512	-0.0293221742947	-0.0118698960052	-0.0149594767929	0.0449619813684	0.0130057468152	0.0297622286243	0.0101668478125	0.0676873676765	-0.0373599378476	-0.0364199244289	-0.0421334636295	-0.105761927269	0.0151178372449	0.0270426818703	0.0100963752297	-0.0288044726103	-0.0116455985472	-0.0901996132687	-0.0367120191895	0.00444358121694	-0.0583166821332	1.0	-0.0115004515507	0.0143000294508	-0.0107510977032	-0.0500848296789	-0.0102207712076	-0.00879145241628	-0.0510666775327	-0.0448734547204	0.0105983224325	0.0157415334672	0.00213158679403	-0.0506985725214	-0.00823284607278	0.00205752162971	0.0165719546898	-0.0274298120981	-0.0397246263546	-0.00695787965966	0.0459745881697	-0.00567097887744	0.00360170675187	0.0687522415251	-0.0639099933979	-0.00708516752347	0.000169329240766	0.00579168892175	-0.023735989712	0.0529578112633	0.0186065366812	0.012382186696	0.01247416299	0.0503165078906	-0.0474493933076	0.00105010210682	0.0139137132827	-0.0245849193386
k__Bacteria;p__Actinobacteria;c__Actinobacteria;o__Bifidobacteriales;f__Bifidobacteriaceae;g__Bifidobacterium;s__Bifidobacterium_adolescentis	-0.0118990039361	-0.015191055887	-0.0251618242239	0.0168929463499	0.00175428026078	0.0236344156363	-0.0166812029693	-0.0310089757624	0.0220167689397	-0.0278420772237	-0.0459521580176	-0.00476595686349	-0.034724806736	-0.0433526367089	0.0168889247954	0.00105408452336	-0.010785508503	0.0411590337061	-0.0111696641431	0.0259906250501	0.00905721154333	-0.00279326906177	-0.0115004515507	1.0	-0.0140188869219	-0.0436763399441	-0.0145806409543	-0.0125337061488	0.0168562926255	-0.00573129898876	0.0311840003561	-0.00298443518523	0.0191264611915	0.0116646101098	0.0665750393382	-0.0174332060947	0.00429717603005	0.0179023388279	0.00817884566454	0.0505734638211	-0.0435511948901	0.0121431938021	-0.0405938546114	-0.0106669840828	-0.0159782014862	-0.0276763418585	0.0114504977195	0.00107819022038	-0.0358187202291	-0.0507015613594	0.0288573381758	-0.009278083775	-0.053086520252	0.00415094204774	-0.0255490374708	-0.0208677778794	-0.0198655603562	-0.00839533282586	-0.0259420027547
k__Bacteria;p__Firmicutes;c__Clostridia;o__Clostridiales;f__Oscillospiraceae;g__Oscillibacter;s__Oscillibacter_sp._KLE_1745	-0.00901330247291	-0.00767519918739	0.0254192165356	0.00765525594505	0.0231038965356	-0.0753295376433	0.0135508137348	-0.00816871348312	0.0398485379832	-0.0498945571308	0.0160849576524	-0.0244883605129	0.0152165575418	-0.00770801659793	0.00868150226996	-0.0368758111329	0.000850290614925	-0.0792953925323	0.047913877583	-0.00911763596278	-0.0396709587238	-0.0463793990294	0.0143000294508	-0.0140188869219	1.0	0.00975375555953	0.0420338595955	-0.0290097239466	-0.014464581679	-0.0138503961937	0.00156764334551	0.0406491959449	0.0280476982463	0.0202444186223	-0.0457203915746	-0.017699282675	0.00190757595906	0.00787335246327	0.0110461689914	-0.0422836189513	-0.0601942844037	0.00295756488451	-0.00134003889697	-0.0305027970447	-0.0403746975137	-0.020042539807	-0.0269682690511	0.0108843194341	0.021098167661	0.019000799082	0.00900664541382	0.0305632590161	0.0159050125083	0.00956337545983	0.0448047817326	-0.00923670034777	-0.0191526096168	-0.0889815171961	0.00317999833056
k__Bacteria;p__Bacteroidetes;c__Bacteroidia;o__Bacteroidales;f__Bacteroidaceae;g__Bacteroides;s__Bacteroides_coprophilus	-0.024330258395	-0.0171344018228	-0.0445048846543	0.0623769739725	-0.00176955305837	0.0142300073168	0.0306184094301	-0.0574040566806	0.0214745006658	-0.0279513758319	-0.0696159879857	0.0231987027066	-0.00292156356964	-0.0186422189346	-0.0177863819269	-0.0388517381126	0.0193260499571	-0.0292018492044	0.0113843387343	-0.020858814533	0.00956101584885	0.039988222999	-0.0107510977032	-0.0436763399441	0.00975375555953	1.0	-0.026502962092	-0.0742751135383	-0.000992830231165	0.0259635774973	-0.0148293844435	0.0184127634488	-0.0458022339491	0.0202917995782	-0.010396162877	0.0138166753364	0.00475738614485	-0.0256833615492	-0.0235231510812	0.0216902729047	-0.012855036444	0.00639126184756	-0.00306942557158	-0.0336235909085	-0.0182539163001	-0.00921321764303	0.0436873272774	0.00139356293978	-0.0276284556839	-0.0313474551609	0.0194125645299	-0.0377725759262	0.0302308790315	-0.0971402321652	-0.00892965103263	-0.0503582582383	-0.0246983619457	0.00900421850129	-0.0624300418975
k__Bacteria;p__Firmicutes;c__Clostridia;o__Clostridiales;f__Lachnospiraceae;g__Roseburia;s__Roseburia_intestinalis	-0.0308052558094	0.0271772197912	0.010533151784	-0.000869680901248	-0.014838582651	0.0126296188907	-0.011369765625	-0.0362549395597	-0.0414543486462	0.0126118914875	0.00271362956399	-0.0555002936622	-0.0261739659064	0.0482520609128	-0.0118976858351	0.0227005326217	0.00421092101595	-0.0112863474403	0.0310982678768	-0.00135334962683	-0.0470256211426	-0.0804218555745	-0.0500848296789	-0.0145806409543	0.0420338595955	-0.026502962092	1.0	-0.00129416019712	-0.0526291074694	0.0320085934659	0.0116237296576	-0.0224508563362	0.0046785043663	0.0173996445611	-0.0206853484356	0.00402958025113	0.0357931414911	-0.00622797445219	-0.0375603731516	-0.0121725156247	0.0138440198719	0.0237431389693	0.020363213203	-0.0485958426498	0.0250318451417	-0.0574037716303	-0.00395802243094	0.0463722623408	-0.0237627698845	0.0367894888181	-0.0594751522631	-0.0487144109782	-0.00363244909476	0.0719112794674	0.0478017570626	-0.00808928897475	-0.027316337012	0.0107751097066	-0.00136407123481
k__Bacteria;p__Firmicutes;c__Clostridia;o__Clostridiales;f__Lachnospiraceae;g__Roseburia;s__Roseburia_hominis	-0.0310908405544	0.0309474128709	-0.0847137882682	0.0108737520094	-0.0357076516329	0.0126568973951	0.0154055596528	0.0645519005953	-0.0521473603411	0.0377056007651	-0.0395964417466	-0.0375457200021	-0.0200064946617	-0.0162770547072	0.0448146966297	-0.0288750544839	0.0269043738748	0.0289562428862	0.0086016191092	0.0256536669428	0.0298282818254	-0.0455862213581	-0.0102207712076	-0.0125337061488	-0.0290097239466	-0.0742751135383	-0.00129416019712	1.0	0.0200999127369	-0.0385385088018	0.00274757801051	0.0829565745738	-0.0308477072129	-0.00951770925059	-0.0396483403521	0.0192081488367	-0.0180289448167	0.019657622186	0.00350451338698	-0.0407417905009	-0.0632577071801	-0.00254884953271	-0.0476850070451	-0.0156037638172	0.0326634611214	-0.00469591346702	-0.0223235076946	-0.056914802457	-0.0290132904244	0.0529458659724	0.0673193665404	-0.0631147770223	-0.010382499412	-0.0246511214162	-0.00256515426563	-0.0279383398692	0.0182552865431	0.0260736690245	0.0348780443238
k__Bacteria;p__Bacteroidetes;c__Bacteroidia;o__Bacteroidales;f__Porphyromonadaceae;g__Parabacteroides;s__Parabacteroides_johnsonii	0.0404573343724	-0.000778650405266	-0.101424501362	0.0549093750083	0.0231169402892	0.0980437070837	-0.0159941978652	-0.00889975589587	-0.00160658663432	-0.0524792774426	-0.0459436192186	-0.0238190980384	0.0217116823109	-0.0754840544252	0.00317709142809	-0.00913546778578	-0.0274983871387	-0.0438596353634	-0.0246636396448	-0.0263660242538	-0.0397854825428	-0.0189104256511	-0.00879145241628	0.0168562926255	-0.014464581679	-0.000992830231165	-0.0526291074694	0.0200999127369	1.0	0.024877987565	0.0185399289579	-0.00325004911759	-0.0486969359357	-0.00595035230665	0.00990188711661	-0.00447329750654	0.00478050446787	-0.00525687734352	0.0519503491454	-0.0253207841916	-0.00859781914353	0.0689362331642	-0.0365218504506	0.00937600004423	-0.0662830244983	-0.000980206684185	-0.0277971432272	-0.00817264452531	0.0167447406111	0.00926685322476	0.00569425652894	-0.0410253184034	0.0236835487902	0.00116822213652	-0.0400896464298	0.0244732728065	-0.0496816501581	-0.00513753770881	-0.000857664128163
k__Bacteria;p__Actinobacteria;c__Actinobacteria;o__Bifidobacteriales;f__Bifidobacteriaceae;g__Bifidobacterium;s__Bifidobacterium_longum	0.0158352759876	0.0261698405171	-0.0319262101191	-0.00595988125735	-0.0144926825379	-0.0144787018328	0.0797738751622	-0.0288016853476	0.0136198081083	-0.0156833871118	-0.0235088984269	0.036679303642	0.00980172214186	0.029935467397	0.0102663424493	-0.0106233228534	0.00742119001331	-0.0379357635804	-3.8663258759e-05	0.00347331685583	-0.0674180280845	0.0145772973971	-0.0510666775327	-0.00573129898876	-0.0138503961937	0.0259635774973	0.0320085934659	-0.0385385088018	0.024877987565	1.0	0.0336769578073	0.0307126051848	0.0338278808334	0.0140355951722	-0.00981168104816	0.0493023337855	0.0131894686916	0.00474967769355	-0.00838928412938	-0.0316705681561	-0.00799373081487	-0.0400306875542	-0.0460018995851	0.0428301214215	-0.0115623778698	0.000936005821574	0.0287755315882	-0.0127834433656	-0.0189963396584	-0.0242060041993	-0.0242827069176	0.0423834241067	0.0207879771554	-0.0602970433981	-0.037616733773	7.81846801882e-05	-0.0478719320858	-0.000299742289231	-0.0237343617294
