#taxonomy	k__Bacteria;p__Bacteroidetes;c__Bacteroidia;o__Bacteroidales;f__Bacteroidaceae;g__Bacteroides;s__Bacteroides_vulgatus	k__Bacteria;p__Bacteroidetes;c__Bacteroidia;o__Bacteroidales;f__Bacteroidaceae;g__Bacteroides;s__Bacteroides_uniformis	k__Bacteria;p__Bacteroidetes;c__Bacteroidia;o__Bacteroidales;f__Rikenellaceae;g__Alistipes;s__Alistipes_putredinis	k__Bacteria;p__Bacteroidetes;c__Bacteroidia;o__Bacteroidales;f__Prevotellaceae;g__Prevotella;s__Prevotella_copri	k__Bacteria;p__Bacteroidetes;c__Bacteroidia;o__Bacteroidales;f__Bacteroidaceae;g__Bacteroides;s__Bacteroides_stercoris	k__Bacteria;p__Bacteroidetes;c__Bacteroidia;o__Bacteroidales;f__Bacteroidaceae;g__Bacteroides;s__Bacteroides_ovatus	k__Bacteria;p__Bacteroidetes;c__Bacteroidia;o__Bacteroidales;f__Rikenellaceae;g__Alistipes;s__Alistipes_shahii	k__Bacteria;p__Firmicutes;c__Clostridia;o__Clostridiales;f__Ruminococcaceae;g__Faecalibacterium;s__Faecalibacterium_prausnitzii	k__Bacteria;p__Bacteroidetes;c__Bacteroidia;o__Bacteroidales;f__Rikenellaceae;g__Alistipes;s__Alistipes_finegoldii	k__Bacteria;p__Bacteroidetes;c__Bacteroidia;o__Bacteroidales;f__Porphyromonadaceae;g__Parabacteroides;s__Parabacteroides_distasonis	k__Bacteria;p__Bacteroidetes;c__Bacteroidia;o__Bacteroidales;f__Bacteroidaceae;g__Bacteroides;s__Bacteroides_thetaiotaomicron	k__Bacteria;p__Bacteroidetes;c__Bacteroidia;o__Bacteroidales;f__Bacteroidaceae;g__Bacteroides;s__Bacteroides_coprocola	k__Bacteria;p__Bacteroidetes;c__Bacteroidia;o__Bacteroidales;f__Bacteroidaceae;g__Bacteroides;s__Bacteroides_cellulosilyticus	k__Bacteria;p__Bacteroidetes;c__Bacteroidia;o__Bacteroidales;f__Rikenellaceae;g__Alistipes;s__Alistipes_obesi	k__Bacteria;p__Firmicutes;c__Clostridia;o__Clostridiales;f__Lachnospiraceae;g__;s__[Eubacterium]_rectale	k__Bacteria;p__Bacteroidetes;c__Bacteroidia;o__Bacteroidales;f__Bacteroidaceae;g__Bacteroides;s__Bacteroides_plebeius	k__Bacteria;p__Bacteroidetes;c__Bacteroidia;o__Bacteroidales;f__Bacteroidaceae;g__Bacteroides;s__Bacteroides_fragilis	k__Bacteria;p__Proteobacteria;c__Betaproteobacteria;o__Burkholderiales;f__Sutterellaceae;g__Sutterella;s__Sutterella_wadsworthensis	k__Bacteria;p__Bacteroidetes;c__Bacteroidia;o__Bacteroidales;f__Porphyromonadaceae;g__Barnesiella;s__Barnesiella_intestinihominis	k__Bacteria;p__Bacteroidetes;c__Bacteroidia;o__Bacteroidales;f__Odoribacteraceae;g__Odoribacter;s__Odoribacter_splanchnicus	k__Bacteria;p__Bacteroidetes;c__Bacteroidia;o__Bacteroidales;f__Bacteroidaceae;g__Bacteroides;s__Bacteroides_salyersiae	k__Bacteria;p__Firmicutes;c__Clostridia;o__Clostridiales;f__Ruminococcaceae;g__Ruminiclostridium;s__[Eubacterium]_siraeum	k__Bacteria;p__Proteobacteria;c__Betaproteobacteria;o__Burkholderiales;f__Sutterellaceae;g__Parasutterella;s__Parasutterella_excrementihominis	k__Bacteria;p__Actinobacteria;c__Actinobacteria;o__Bifidobacteriales;f__Bifidobacteriaceae;g__Bifidobacterium;s__Bifidobacterium_adolescentis	k__Bacteria;p__Firmicutes;c__Clostridia;o__Clostridiales;f__Oscillospiraceae;g__Oscillibacter;s__Oscillibacter_sp._KLE_1745	k__Bacteria;p__Bacteroidetes;c__Bacteroidia;o__Bacteroidales;f__Bacteroidaceae;g__Bacteroides;s__Bacteroides_coprophilus	k__Bacteria;p__Firmicutes;c__Clostridia;o__Clostridiales;f__Lachnospiraceae;g__Roseburia;s__Roseburia_intestinalis	k__Bacteria;p__Firmicutes;c__Clostridia;o__Clostridiales;f__Lachnospiraceae;g__Roseburia;s__Roseburia_hominis	k__Bacteria;p__Bacteroidetes;c__Bacteroidia;o__Bacteroidales;f__Porphyromonadaceae;g__Parabacteroides;s__Parabacteroides_johnsonii	k__Bacteria;p__Actinobacteria;c__Actinobacteria;o__Bifidobacteriales;f__Bifidobacteriaceae;g__Bifidobacterium;s__Bifidobacterium_longum	k__Bacteria;p__Firmicutes;c__Clostridia;o__Clostridiales;f__;g__Flavonifractor;s__Flavonifractor_plautii	k__Bacteria;p__Firmicutes;c__Clostridia;o__Clostridiales;f__Clostridiaceae;g__Clostridium;s__Clostridium_phoceensis	k__Bacteria;p__Verrucomicrobia;c__Verrucomicrobiae;o__Verrucomicrobiales;f__Akkermansiaceae;g__Akkermansia;s__Akkermansia_muciniphila	k__Bacteria;p__Bacteroidetes;c__Bacteroidia;o__Bacteroidales;f__Prevotellaceae;g__Paraprevotella;s__Paraprevotella_xylaniphila	k__Bacteria;p__Firmicutes;c__Clostridia;o__Clostridiales;f__Ruminococcaceae;g__Ruminococcus;s__Ruminococcus_callidus	k__Bacteria;p__Bacteroidetes;c__Bacteroidia;o__Bacteroidales;f__Rikenellaceae;g__Alistipes;s__Alistipes_senegalensis	k__Bacteria;p__Firmicutes;c__Clostridia;o__Clostridiales;f__Lachnospiraceae;g__Blautia;s__Blautia_sp._KLE_1732	k__Bacteria;p__Bacteroidetes;c__Bacteroidia;o__Bacteroidales;f__Bacteroidaceae;g__Bacteroides;s__Bacteroides_oleiciplenus	k__Bacteria;p__Firmicutes;c__Clostridia;o__Clostridiales;f__Ruminococcaceae;g__Ruminococcus;s__Ruminococcus_bicirculans	k__Bacteria;p__Bacteroidetes;c__Bacteroidia;o__Bacteroidales;f__Bacteroidaceae;g__Bacteroides;s__Bacteroides_fluxus	k__Bacteria;p__Bacteroidetes;c__Bacteroidia;o__Bacteroidales;f__Prevotellaceae;g__Prevotella;s__Prevotella_stercorea	k__Bacteria;p__Firmicutes;c__Clostridia;o__Clostridiales;f__Lachnospiraceae;g__Dorea;s__Dorea_longicatena	k__Bacteria;p__Firmicutes;c__Clostridia;o__Clostridiales;f__Eubacteriaceae;g__Eubacterium;s__[Eubacterium]_eligens	k__Bacteria;p__Firmicutes;c__Clostridia;o__Clostridiales;f__Ruminococcaceae;g__;s__Ruminococcaceae_bacterium_D16	k__Bacteria;p__Firmicutes;c__Clostridia;o__Clostridiales;f__Lachnospiraceae;g__Coprococcus;s__Coprococcus_comes	k__Bacteria;p__Proteobacteria;c__Gammaproteobacteria;o__Enterobacterales;f__Enterobacteriaceae;g__Escherichia;s__Escherichia_coli	k__Bacteria;p__Firmicutes;c__Clostridia;o__Clostridiales;f__Ruminococcaceae;g__Anaerotruncus;s__Anaerotruncus_colihominis	k__Bacteria;p__Firmicutes;c__Clostridia;o__Clostridiales;f__Lachnospiraceae;g__Blautia;s__Blautia_obeum	k__Bacteria;p__Bacteroidetes;c__Bacteroidia;o__Bacteroidales;f__Odoribacteraceae;g__Odoribacter;s__Odoribacter_laneus	k__Bacteria;p__Firmicutes;c__Clostridia;o__Clostridiales;f__Ruminococcaceae;g__Ruminiclostridium;s__[Clostridium]_leptum	k__Bacteria;p__Bacteroidetes;c__Bacteroidia;o__Bacteroidales;f__Porphyromonadaceae;g__Parabacteroides;s__Parabacteroides_goldsteinii	k__Bacteria;p__Firmicutes;c__Clostridia;o__Clostridiales;f__Lachnospiraceae;g__Anaerostipes;s__Anaerostipes_hadrus	k__Bacteria;p__Firmicutes;c__Clostridia;o__Clostridiales;f__Ruminococcaceae;g__Ruminococcus;s__Ruminococcus_lactaris	k__Bacteria;p__Firmicutes;c__Clostridia;o__Clostridiales;f__Clostridiaceae;g__Clostridium;s__Clostridium_sp._L2-50	k__Bacteria;p__Firmicutes;c__Clostridia;o__Clostridiales;f__Clostridiaceae;g__Clostridium;s__Clostridium_sp._M62/1	k__Bacteria;p__Firmicutes;c__Clostridia;o__Clostridiales;f__;g__Intestinimonas;s__Intestinimonas_butyriciproducens	k__Bacteria;p__Actinobacteria;c__Actinobacteria;o__Bifidobacteriales;f__Bifidobacteriaceae;g__Bifidobacterium;s__Bifidobacterium_bifidum	k__Bacteria;p__Firmicutes;c__Negativicutes;o__Veillonellales;f__Veillonellaceae;g__Dialister;s__Dialister_invisus	k__Bacteria;p__Bacteroidetes;c__Bacteroidia;o__Bacteroidales;f__Bacteroidaceae;g__Bacteroides;s__Bacteroides_salanitronis
k__Bacteria;p__Bacteroidetes;c__Bacteroidia;o__Bacteroidales;f__Bacteroidaceae;g__Bacteroides;s__Bacteroides_vulgatus	1.0	0.0134104763773	0.00544536143343	-0.032443610381	0.03307790227	0.00237713318954	-0.0088572749456	0.0672282049009	-0.0335124237937	-0.00651358882924	-0.00218397380283	-0.0165504314165	-0.0154025663829	-0.0171398075306	-0.0373157017516	-0.0338205663948	0.00856462158939	0.00832954455548	0.00614860729144	0.0283205324763	0.00622586716682	-0.00345997522404	0.0234678275771	0.00380810263625	0.00902858488285	-0.0303869640575	-0.00447938078837	-0.0313311993862	-0.0349834943296	0.0259849854569	-0.0502281200852	0.00844171108297	-0.0359554533061	0.0163061427217	-0.0139522112299	-0.00835378993239	-0.0273160422955	-0.0211536112949	0.0347527141773	0.0532972841769	-0.0308655592716	-0.0511435270926	0.0119389124545	-0.0218389192225	-0.0213205981734	0.0187006939924	0.00736378811747	-0.0134995070694	0.0571296744048	-0.0323378678374	0.00460576945574	0.0238061885693	-0.0161189268726	0.00371069022436	0.0123662740048	-0.0181440520155	0.00557192993633	-0.0573552228872	-0.0302738455911
k__Bacteria;p__Bacteroidetes;c__Bacteroidia;o__Bacteroidales;f__Bacteroidaceae;g__Bacteroides;s__Bacteroides_uniformis	0.0134104763773	1.0	-0.00762150093911	-0.00104622152507	0.0365706503923	-0.0226850697552	-0.00405946789807	-0.0192557026241	0.00837167552047	-0.0312874069579	-0.021210482768	-0.0081797349959	-0.0403371952255	0.0207674722939	-0.041233214495	-0.0250438779601	0.0228846471613	-0.000848069722892	0.0385251391928	0.0454400465922	-0.0211457367542	0.102522123189	0.00917074126848	-0.0501961063981	-0.0121080579353	-0.0178454693955	-0.00188386432872	0.0290939020866	-0.00199365840304	-0.0156766631153	0.0488177757122	0.0727803968225	-0.0043603218379	0.0163672503116	0.00602283849286	-0.0253428284675	-0.0183382048049	-0.0146186589566	0.0249219972012	-0.0456911810535	-0.0285786976412	0.0736919897272	-0.0333567369312	0.0423675923377	0.00181158018289	-0.00414429752285	-0.0680147800104	0.00082047993525	0.0150807475324	0.0163070686513	-0.0214596835402	0.0395423650754	-0.0182192672598	0.0149798125531	-0.0782092338524	-0.0622050371387	-0.0108150220203	-0.0331828621337	-0.0227462443399
k__Bacteria;p__Bacteroidetes;c__Bacteroidia;o__Bacteroidales;f__Rikenellaceae;g__Alistipes;s__Alistipes_putredinis	0.00544536143343	-0.00762150093911	1.0	-0.00332646977755	-0.0164366364233	-0.0342791847573	-0.0220448525819	0.00909047201749	0.00776783288241	0.00647776854557	0.0265051943325	-0.00572350895553	-0.0621090091244	0.045789583688	-0.0585305257029	0.0169355828864	0.0566391766012	-0.0071285329832	-0.0124050587555	-0.0195036406885	0.00968776093085	0.00427941429946	0.0212502822807	0.0791087063502	0.00293526340209	-0.00880484877935	-0.00139790287558	0.0123861491353	-0.00643543314441	-0.00511044473087	0.0152637582045	-0.0208718830861	-0.0227011011994	0.000372823539362	0.0448110373031	0.0145422583604	0.000676727162352	-0.00165725950355	-0.047148009044	0.0266162698876	-0.0352926009439	-0.0119772852488	-0.000474985611606	-0.0283220829917	-0.023975425572	-0.0317270705951	-0.0677802776466	0.0331418871496	-0.0134733356737	0.0180846140504	-0.0207297189427	-0.028745005404	-0.0302756816892	0.0167889509854	0.0233433310316	-0.00391458653137	0.0472326580316	-0.000250318441355	-0.0673155949326
k__Bacteria;p__Bacteroidetes;c__Bacteroidia;o__Bacteroidales;f__Prevotellaceae;g__Prevotella;s__Prevotella_copri	-0.032443610381	-0.00104622152507	-0.00332646977755	1.0	-0.013084992067	-0.0505219249385	0.0172114992092	-0.0233572829474	-0.0165084951129	-0.0105130445844	-0.0296752209869	0.00682264382161	0.0293580849957	0.0081985635656	-0.0525358898869	0.0346351395839	0.0316409028518	0.0142153833135	0.00231695768308	0.0217541816232	-0.019619418198	-0.0246774386782	-0.0790203742805	-0.0779226836032	0.00293597385901	0.00097073628803	0.0197322317511	-9.92393407082e-05	-0.0703628801813	-2.64420294261e-05	-0.0180513245124	-0.000858694417586	0.0202803315339	-0.0190224538763	-0.0232329529116	0.0319561756783	-0.0182746182959	0.0728302458802	-0.0156417805357	-0.066869819101	-0.0775555832768	0.0280562827282	-0.0560111313673	0.00655751379884	-0.0383716076652	0.0264581490232	0.0489112249622	-0.0342901093612	0.0521307153353	-0.0354539270244	0.0486353287895	0.0153632277343	0.00669077977075	0.0224696170377	-0.0295278487572	0.05173084596	-0.00456467018293	-0.00293059251733	-0.0472964184089
k__Bacteria;p__Bacteroidetes;c__Bacteroidia;o__Bacteroidales;f__Bacteroidaceae;g__Bacteroides;s__Bacteroides_stercoris	0.03307790227	0.0365706503923	-0.0164366364233	-0.013084992067	1.0	0.0151333425094	0.0381311883538	-0.0377202982114	0.0279473944053	-0.0177177719962	-0.0193989209025	-0.00436289027637	0.0092852890996	0.0205784415668	-0.0095622292655	0.00835047807733	-0.00984425162234	-0.0430238758032	0.0260482395737	-0.0582059712812	-0.0624318266869	-0.00100493591078	-0.0163963228377	0.0404113621522	0.000329273964721	0.00682345145131	-0.0491696770544	-0.036031262045	-0.0632457332488	-0.017130621853	-0.021279138467	-0.00609347718366	0.00204183273568	-0.03422675628	-0.0245710812048	-0.0150641812393	0.0275713074283	-0.0258425630841	-0.0203231346365	0.00593230546314	-0.0113149036098	0.0581492884379	0.00957168163798	0.00722024172601	-0.00799137731285	0.00652212985743	-0.0387455594054	-0.0152055392794	-0.0640663806594	-0.0332065131572	0.0176582042838	0.000523433100851	-0.0022006304779	-0.00698542296732	-0.0533348604218	-0.0493000570101	0.0194387344084	0.0310298546998	-0.00191627821985
k__Bacteria;p__Bacteroidetes;c__Bacteroidia;o__Bacteroidales;f__Bacteroidaceae;g__Bacteroides;s__Bacteroides_ovatus	0.00237713318954	-0.0226850697552	-0.0342791847573	-0.0505219249385	0.0151333425094	1.0	-0.0402922675418	0.0207357537328	-0.0311244864174	-0.0632391016617	-0.0124788924893	-0.019289339355	-0.000727286251474	0.0599483171113	-0.0140812660211	-0.00283821182793	-0.00762729108088	-0.0136391740545	-0.0149181657338	0.00235839715723	-0.00430309761082	-0.0482562014694	-0.00606830699139	-0.065056945285	0.0203063863887	0.0137323135335	0.0275751175529	-0.032249079981	-0.0496082388692	0.023657042839	0.00247024154421	-0.000264392169677	-0.0356124853002	0.0337381357852	0.0430285609617	-0.020634697944	-0.0186228899609	0.011833690168	0.0210832701826	0.00739594567435	-0.00815843457555	0.00682627956169	0.0200222937816	-0.0333798377865	0.0628558768984	0.0111900079824	0.0268335281054	0.0163315367698	0.0169546591092	0.00330424370634	-0.0295483800842	-0.0225584980067	-0.00820877215937	-0.0101880061593	0.00373255959926	-0.0496321291939	-0.0566144488927	-0.0259143612047	0.0198338665472
k__Bacteria;p__Bacteroidetes;c__Bacteroidia;o__Bacteroidales;f__Rikenellaceae;g__Alistipes;s__Alistipes_shahii	-0.0088572749456	-0.00405946789807	-0.0220448525819	0.0172114992092	0.0381311883538	-0.0402922675418	1.0	0.0221131912627	-0.0247095316776	0.0493932648947	-0.0175342104218	-0.0183822748734	0.0805590538559	0.0208135428768	0.0659596018009	-0.0370111668027	0.0566528593249	-0.0253982080043	-0.0657291599511	-0.0359338363537	0.00898236413105	0.0174486795668	-0.00950138330409	0.0066537899946	0.0145473880563	-0.0104912576727	0.00594535314112	-0.0041572382336	0.00939053615972	-0.0398992998682	0.0076787386886	0.010299068955	-0.0217968792758	-0.0101840131698	-0.0276230511469	-0.022480969245	-0.0234381593985	0.0300311709771	-0.0244475770089	0.0173406388132	0.0158987702028	0.0175454284626	-0.0766296364839	-0.00464678011384	0.0182594612937	0.0121056277627	-0.0358363733023	-0.0212076346241	0.0204153726665	0.00208648272754	0.00429488245895	-0.0074080653383	0.062297678387	-0.00587665482734	0.00673159441861	-0.0817149793785	-0.0622463141723	0.0175480255997	0.0140700986019
k__Bacteria;p__Firmicutes;c__Clostridia;o__Clostridiales;f__Ruminococcaceae;g__Faecalibacterium;s__Faecalibacterium_prausnitzii	0.0672282049009	-0.0192557026241	0.00909047201749	-0.0233572829474	-0.0377202982114	0.0207357537328	0.0221131912627	1.0	-0.0240323620508	-0.0439505819162	0.00262387327525	-0.000359641154017	-0.0326217293519	0.00764582756891	0.0035552997374	0.0395305602468	0.0244973136336	0.0155256425378	0.0182245811124	-0.0142643221382	0.0227733365168	0.013981696095	-0.0213452751077	-0.00453930978718	-0.032268406778	-0.000962452317015	-0.0170992852329	-0.0112134124527	-0.00210414664385	-0.00701238312787	-0.000627722190009	-0.0308319548505	0.00274033934477	0.00261331471359	0.00665370774136	-0.0150863730621	0.0123483584699	-0.0107826238844	-0.0133676296635	-0.0275976523583	-0.0215798371575	-0.0428171339673	0.0197838439621	-0.023459744418	-0.00874703106107	0.0433370152223	-0.0409348988757	-0.00981117224448	-0.0128018849278	-0.0378547590113	-0.013769364912	0.000155373890223	0.01700423911	0.0300795546215	-0.0334099799206	0.00468037866781	0.0101479436242	0.00253007254602	0.0154538857776
k__Bacteria;p__Bacteroidetes;c__Bacteroidia;o__Bacteroidales;f__Rikenellaceae;g__Alistipes;s__Alistipes_finegoldii	-0.0335124237937	0.00837167552047	0.00776783288241	-0.0165084951129	0.0279473944053	-0.0311244864174	-0.0247095316776	-0.0240323620508	1.0	0.0147924403879	0.00718909852151	-0.0150820111307	0.0277993794774	0.042686034907	-0.0372644666637	-0.0308190031826	0.00335210531291	-0.00287196080261	-0.036000501132	0.0067054264965	0.0168227665233	-0.0028223370128	-0.0303247059659	-0.0231383451603	0.0373648718511	0.0132886332773	-0.0594583883026	0.0168432554662	0.0303901042987	-0.0210049837211	0.0384612306216	-0.0168717155503	0.00895459825465	0.0484542934903	-0.0693683601022	0.0043037013638	0.00103961835647	0.0205741367461	0.00193699222062	-0.0187441364308	-0.011237702522	-0.0496772966535	-0.0246776915404	0.0292842564513	-0.0438793902498	-0.0486464331027	0.00200703228953	0.0326086436184	0.00476281341381	-0.0510493551943	0.0324700619828	-0.0258125168035	-0.0107399936923	-0.0194931721951	-0.00785362921256	-0.0201294697569	0.0240549516182	-0.0489311211493	-0.0162577722337
k__Bacteria;p__Bacteroidetes;c__Bacteroidia;o__Bacteroidales;f__Porphyromonadaceae;g__Parabacteroides;s__Parabacteroides_distasonis	-0.00651358882924	-0.0312874069579	0.00647776854557	-0.0105130445844	-0.0177177719962	-0.0632391016617	0.0493932648947	-0.0439505819162	0.0147924403879	1.0	-0.0417011029134	-0.106229943093	-0.0261668638368	-0.0565990592532	-0.024249664911	0.000682772399509	0.0203008548893	-0.0108120008336	0.0377515489611	0.0433860819838	0.0206261076435	-0.0414781988505	-0.0213375991818	0.00385796791791	0.0381997177528	0.00182097929731	-0.0141889545696	-0.0205940097514	0.0339636277845	-0.00157696285139	0.00512126936572	0.0574913068174	-0.0354487147746	-0.00293649368656	-0.0330662147775	-0.0713550098347	0.00398785357128	0.0388723644599	-0.000778830391969	0.0179194569065	-0.0354400392409	-0.0158012494341	-0.0600269274456	-0.0299959854772	0.00436825214739	-0.0667264996245	0.00985231971257	-0.0161064169629	-0.0142191549942	0.0190594295631	-0.00359172561398	-0.0290028391231	-0.0142634136477	-0.0469326892005	-0.0711036526099	0.0175841816027	-0.0132769269106	-0.00527187544314	-0.0135886700224
k__Bacteria;p__Bacteroidetes;c__Bacteroidia;o__Bacteroidales;f__Bacteroidaceae;g__Bacteroides;s__Bacteroides_thetaiotaomicron	-0.00218397380283	-0.021210482768	0.0265051943325	-0.0296752209869	-0.0193989209025	-0.0124788924893	-0.0175342104218	0.00262387327525	0.00718909852151	-0.0417011029134	1.0	-0.0586567694026	0.0017248514019	0.0335678716852	-0.0599320765583	-0.024701029084	-0.0506865867341	-0.02712977112	-0.0519901902759	-0.0120686965616	-0.038894064642	-0.0691278035204	0.0145894104279	-0.0146464934607	-0.0108513884875	-0.00289088603288	-0.0474930294738	-0.0135012449252	0.00810007853123	-0.0141414355231	-0.0265133165603	-0.0155595280556	0.04107987883	0.0287911180457	-0.00656807706273	-0.00602727831709	0.025782623588	0.0190863668667	-0.0242738976723	0.022548196328	0.0106738709089	0.0262523192339	0.00516486372816	-0.0248167944086	0.0060523052342	-0.0469296128578	0.0100314956756	0.0132464743974	-0.0475134854679	0.00781272527574	-0.0242107288464	-0.028475577823	0.0365495844346	0.0209330568784	-0.0265259717595	0.0187403318852	0.0332527651194	-0.0642053188981	-0.0191332010448
k__Bacteria;p__Bacteroidetes;c__Bacteroidia;o__Bacteroidales;f__Bacteroidaceae;g__Bacteroides;s__Bacteroides_coprocola	-0.0165504314165	-0.0081797349959	-0.00572350895553	0.00682264382161	-0.00436289027637	-0.019289339355	-0.0183822748734	-0.000359641154017	-0.0150820111307	-0.106229943093	-0.0586567694026	1.0	0.0366399311719	0.0233461449011	0.0083129271089	-0.0808611536052	-0.00126603611736	0.0374340668936	-0.0105671979154	0.00121970241214	-0.0241271051764	0.0398716040105	0.0196778877962	0.0558442911548	-0.0140307776246	-0.00993885053981	0.0263673644295	0.0463757923745	0.00628746186534	-0.0328296833853	-0.0213537766504	-0.00455647376127	0.0326169791711	-0.0197920444023	-0.0110177124606	-0.0231845176317	0.0264644557571	-0.00362418328966	-0.0457514503938	0.0381933075061	-0.0478660116058	-0.0329626737979	0.0169956512402	0.0457337048227	-0.00771325304195	0.0136994426253	-0.00952845061945	0.0109367483778	-0.021327905202	0.0172103488325	0.0228695364664	-0.0331539037872	-0.0714674729406	-0.0151605129775	0.0756255163127	-0.030922833787	0.00646543913084	-0.00722954012877	0.0281975909008
k__Bacteria;p__Bacteroidetes;c__Bacteroidia;o__Bacteroidales;f__Bacteroidaceae;g__Bacteroides;s__Bacteroides_cellulosilyticus	-0.0154025663829	-0.0403371952255	-0.0621090091244	0.0293580849957	0.0092852890996	-0.000727286251474	0.0805590538559	-0.0326217293519	0.0277993794774	-0.0261668638368	0.0017248514019	0.0366399311719	1.0	0.03275363006	0.0241046620966	-0.0711790898706	-0.0270268723257	-0.0547054001038	-0.0683431528527	0.0118256164556	-0.00978721529079	0.0101248403364	0.0182588871162	-0.000310876829002	0.0283385045428	0.0174957668402	0.00627151819641	-0.0179237837138	-0.0495075859087	-0.0293057418575	-0.0338790704727	0.00195650600948	-0.039462032252	0.0149850663511	0.0122822921436	-0.0834710712684	0.0726922889873	0.0552301967786	-0.0721849355586	-0.020795336217	-0.0248010616588	-0.0361730723484	-0.0283070796805	0.0479915350397	-0.0111771811189	-0.0300380766955	-0.00501519711516	-0.0105013425306	-0.0130877350062	-0.0189024421464	-0.0176178131676	-0.00874636731952	0.0191208315531	-0.0195894712483	-0.0015326429135	-0.0676396735491	-0.0111630662164	-0.00271714563826	-0.0138695390686
k__Bacteria;p__Bacteroidetes;c__Bacteroidia;o__Bacteroidales;f__Rikenellaceae;g__Alistipes;s__Alistipes_obesi	-0.0171398075306	0.0207674722939	0.045789583688	0.0081985635656	0.0205784415668	0.0599483171113	0.0208135428768	0.00764582756891	0.042686034907	-0.0565990592532	0.0335678716852	0.0233461449011	0.03275363006	1.0	-0.0336149120814	-0.0744828750932	-0.0365321080162	-0.055640109936	-0.0371651428431	-0.0320579088865	-0.0127197616797	0.0187253634259	0.0113048112823	-0.039238979272	0.0276265760066	0.0372941628121	-0.0202931929587	0.04897913276	0.00749382269279	0.00693253650869	0.0226441348759	-0.00487060578936	-0.00262525101404	-0.0349469928814	-0.0277799194891	-0.0439774862263	-0.0110517123763	-0.00711837416256	-0.0314897838628	0.024261168804	-0.0149791057779	-0.0285077542629	0.0073435118388	0.00817855662616	0.0070036565346	0.00819443563933	0.0175744666558	-0.00673274790335	0.0157086030896	-0.0871222368312	-0.0244291411639	-0.0771846325653	0.0165863791687	-0.017028841809	-0.0296752727713	-0.0535695704601	0.013227893445	-0.0516351287689	-0.0509298603636
k__Bacteria;p__Firmicutes;c__Clostridia;o__Clostridiales;f__Lachnospiraceae;g__;s__[Eubacterium]_rectale	-0.0373157017516	-0.041233214495	-0.0585305257029	-0.0525358898869	-0.0095622292655	-0.0140812660211	0.0659596018009	0.0035552997374	-0.0372644666637	-0.024249664911	-0.0599320765583	0.0083129271089	0.0241046620966	-0.0336149120814	1.0	0.0597012708301	0.033000588736	0.00772156326656	0.0174022053644	0.0363255113471	0.0371917253178	0.0980285627879	-0.0405424676418	-0.017329304747	-0.0466188701544	-0.0237981527463	-0.00816645261559	0.0285454222702	0.0530659682866	0.00235136853338	-0.0292780680113	-0.0412474759361	-0.00900970229325	-0.0484310530346	-0.0170767271931	-0.0177019703339	-0.0391101166331	-0.00348313640631	0.0240788842779	0.0338053259187	-0.0142452688946	-0.0354399309358	0.0227783241894	-0.00200619454809	-0.012170458558	-0.0587003044164	-0.00867508988745	-0.0453298381766	0.0204286823616	-0.00792449974483	0.0638256504466	-0.0178131992372	0.00935243488682	0.035713898579	0.0135426311558	-0.0292041218944	0.0164446940216	0.00164823452784	0.0071326086953
k__Bacteria;p__Bacteroidetes;c__Bacteroidia;o__Bacteroidales;f__Bacteroidaceae;g__Bacteroides;s__Bacteroides_plebeius	-0.0338205663948	-0.0250438779601	0.0169355828864	0.0346351395839	0.00835047807733	-0.00283821182793	-0.0370111668027	0.0395305602468	-0.0308190031826	0.000682772399509	-0.024701029084	-0.0808611536052	-0.0711790898706	-0.0744828750932	0.0597012708301	1.0	0.0161217299182	-0.0463400697882	0.061603938946	0.0016203948714	0.0514872499152	-0.00619095037514	-0.0617246323455	-0.0842697766148	-0.00600029503887	0.0240961864846	-0.00204015388849	-0.00257115058222	-0.0276253073194	-0.0203858314811	-0.0160880553945	0.0584283672176	-0.037815009531	-0.0270623630977	0.0296268689254	0.00500670394045	-0.00595892991388	-0.00838152518504	-0.0321922382912	-0.0559298905756	0.0220348089715	0.0229319370001	0.0142630106354	0.011424961033	-0.0278967782029	0.0330716956627	0.00254077107403	0.0119838535374	0.0442208824037	-0.00719400385502	-0.0543489362758	-0.0175901420915	-0.0196119314118	-0.0225804000249	-0.00411946394359	0.0528679601935	0.00549292444465	0.0455906081716	-0.0303229694625
k__Bacteria;p__Bacteroidetes;c__Bacteroidia;o__Bacteroidales;f__Bacteroidaceae;g__Bacteroides;s__Bacteroides_fragilis	0.00856462158939	0.0228846471613	0.0566391766012	0.0316409028518	-0.00984425162234	-0.00762729108088	0.0566528593249	0.0244973136336	0.00335210531291	0.0203008548893	-0.0506865867341	-0.00126603611736	-0.0270268723257	-0.0365321080162	0.033000588736	0.0161217299182	1.0	-0.0287914229442	-0.00495839631565	-0.0639504511272	0.0158128824929	-0.00753409258956	-0.0536137806646	-0.0808822039969	-0.000614495244933	-0.0282780837973	-0.0841172965842	0.0345563398945	-0.000759853066454	-5.55178192646e-05	0.02322115221	0.000175747798629	0.105733279221	-0.00829289834451	-0.0301187228346	-0.0264474027466	-0.0455286961287	0.0346742404403	0.0196861470177	-0.0880230014781	0.0072795774109	0.0427096784993	-0.00149726747681	0.0457679434864	0.0158639699379	0.0164980490124	-0.0326726059038	-0.0166549922867	-0.0450150410165	-0.00886696346435	0.0186672286126	-0.0350782916072	0.0106197394418	0.0119516089554	0.0156584280252	-0.00584428117197	0.0373814409038	-0.0828120297912	-0.000907816441132
k__Bacteria;p__Proteobacteria;c__Betaproteobacteria;o__Burkholderiales;f__Sutterellaceae;g__Sutterella;s__Sutterella_wadsworthensis	0.00832954455548	-0.000848069722892	-0.0071285329832	0.0142153833135	-0.0430238758032	-0.0136391740545	-0.0253982080043	0.0155256425378	-0.00287196080261	-0.0108120008336	-0.02712977112	0.0374340668936	-0.0547054001038	-0.055640109936	0.00772156326656	-0.0463400697882	-0.0287914229442	1.0	-0.0400967266296	-0.00914330821522	0.0408792532312	0.0243633124762	0.017226856059	0.0158729697803	-0.00460593720666	0.0137882080865	0.0101962513156	0.00131689370928	-0.0367281550375	-0.024719972004	-0.0125462787305	-0.0253099642167	0.0298357348022	-0.0598548073418	0.0372651571673	0.000853598545919	-0.0213976903288	-0.000916346123937	-0.0636031369243	-0.0160879989854	-0.0110380894055	-0.0016240594203	0.0388385657318	0.0155760665341	-0.00526453635966	-0.00503266786459	0.00382805519101	-0.0237900561208	0.0175082365611	0.0347932709359	0.0472674638601	-0.00468830169484	0.029225036473	-0.0343114526106	0.0342515540476	-0.0132766598104	-0.0461740638094	0.00270656570164	-0.0433559372241
k__Bacteria;p__Bacteroidetes;c__Bacteroidia;o__Bacteroidales;f__Porphyromonadaceae;g__Barnesiella;s__Barnesiella_intestinihominis	0.00614860729144	0.0385251391928	-0.0124050587555	0.00231695768308	0.0260482395737	-0.0149181657338	-0.0657291599511	0.0182245811124	-0.036000501132	0.0377515489611	-0.0519901902759	-0.0105671979154	-0.0683431528527	-0.0371651428431	0.0174022053644	0.061603938946	-0.00495839631565	-0.0400967266296	1.0	0.0181181056476	0.0196570669788	-0.050916678637	-0.0731389473049	0.0377871328782	0.00817770915688	-0.0494299446057	-0.0228283402339	0.0155339966384	-0.0707843062424	0.0356412175899	0.0208990312275	-0.017946218384	0.0174530407068	0.0231413624744	-0.0440380530877	-0.0201838592828	-0.010713976887	-0.0309754072058	-0.000809460852051	-0.00710558217084	0.0961587496564	-0.0172849339328	0.0102276393716	0.0500979037785	-0.000416776498797	-0.032295784412	-0.0314253928588	-0.0043842755071	-0.0549806225437	0.0020290097664	-0.0274612806608	-0.000213906899193	0.0183512049337	-0.00568021136144	0.0309019064832	0.00685816657279	0.00543241293843	-0.0187687843423	0.0214494448124
k__Bacteria;p__Bacteroidetes;c__Bacteroidia;o__Bacteroidales;f__Odoribacteraceae;g__Odoribacter;s__Odoribacter_splanchnicus	0.0283205324763	0.0454400465922	-0.0195036406885	0.0217541816232	-0.0582059712812	0.00235839715723	-0.0359338363537	-0.0142643221382	0.0067054264965	0.0433860819838	-0.0120686965616	0.00121970241214	0.0118256164556	-0.0320579088865	0.0363255113471	0.0016203948714	-0.0639504511272	-0.00914330821522	0.0181181056476	1.0	-0.0142385008176	0.00835346108885	-0.0261356261115	0.00145245535361	-0.0207143719067	-0.0348463313795	-0.0329195925448	-0.102177513728	0.0182783662634	-0.0973317702163	0.014585545644	0.00866758364005	-0.00619969073294	0.0220570269342	-0.0169035727641	0.0594898941854	0.0231328473421	-0.0300828326153	0.0352583388104	0.000638748660409	-0.0434528914447	-0.00738987988669	-0.0255173103351	-0.0174174124121	0.00394129747222	0.0207130659255	0.0273674117993	-0.0486085996884	-0.0119076227973	-0.0178346225898	-0.0178117863487	0.046719978562	-0.0284397354426	-0.0126550637799	0.0264538564037	0.0114923669282	-0.00395554706517	0.0038011552987	-0.00532798043105
k__Bacteria;p__Bacteroidetes;c__Bacteroidia;o__Bacteroidales;f__Bacteroidaceae;g__Bacteroides;s__Bacteroides_salyersiae	0.00622586716682	-0.0211457367542	0.00968776093085	-0.019619418198	-0.0624318266869	-0.00430309761082	0.00898236413105	0.0227733365168	0.0168227665233	0.0206261076435	-0.038894064642	-0.0241271051764	-0.00978721529079	-0.0127197616797	0.0371917253178	0.0514872499152	0.0158128824929	0.0408792532312	0.0196570669788	-0.0142385008176	1.0	0.0266135479801	-0.0264127397628	-0.0341610817345	-0.0216523934415	-0.0193894480972	0.0224876591639	-0.0414749545885	0.0183451286769	-0.0664396079295	0.0164061579967	-0.00228234413841	-0.0225113645405	0.0444579211724	0.000227743505672	-0.0202107084992	-0.00443609817757	-0.00330029991609	0.0396855701154	0.00415015905214	-0.0464471229757	0.0136854675044	-0.0224501121658	-0.00301625798163	0.0623656474644	-0.0279175742669	-0.0462709803967	0.0309550754246	-0.0379238752717	-0.0248897526102	-0.0665287954634	-0.0508863348936	-0.0709879871482	-0.0424317900012	0.0465765331172	-0.0222921198319	-0.0476341800547	0.0449097568335	-0.0872374031763
k__Bacteria;p__Firmicutes;c__Clostridia;o__Clostridiales;f__Ruminococcaceae;g__Ruminiclostridium;s__[Eubacterium]_siraeum	-0.00345997522404	0.102522123189	0.00427941429946	-0.0246774386782	-0.00100493591078	-0.0482562014694	0.0174486795668	0.013981696095	-0.0028223370128	-0.0414781988505	-0.0691278035204	0.0398716040105	0.0101248403364	0.0187253634259	0.0980285627879	-0.00619095037514	-0.00753409258956	0.0243633124762	-0.050916678637	0.00835346108885	0.0266135479801	1.0	0.0338295956277	-0.0027210095659	-0.0469971745245	-0.0674093472192	0.0295096428142	-0.0393667385189	-0.0245711547044	-0.0216160417543	-0.0537335144137	-0.0159102700723	-0.0128321191194	-0.00728260672087	0.011434220577	-0.0112853310103	-0.017950887682	-0.0159494573562	-0.00817276915977	-0.0726576052171	-0.00238952764053	-0.00798881860796	0.0315444147546	-0.0302518044174	-0.009772692235	0.02104691204	-0.0480922708136	-0.0436197259631	0.00943046569059	-0.0265844692488	0.0207195714206	-0.0192973148333	0.0338209600097	0.0343112146238	0.0202088506712	-0.0362525578011	0.0466220980995	-0.00316078267367	0.0307073153492
k__Bacteria;p__Proteobacteria;c__Betaproteobacteria;o__Burkholderiales;f__Sutterellaceae;g__Parasutterella;s__Parasutterella_excrementihominis	0.0234678275771	0.00917074126848	0.0212502822807	-0.0790203742805	-0.0163963228377	-0.00606830699139	-0.00950138330409	-0.0213452751077	-0.0303247059659	-0.0213375991818	0.0145894104279	0.0196778877962	0.0182588871162	0.0113048112823	-0.0405424676418	-0.0617246323455	-0.0536137806646	0.017226856059	-0.0731389473049	-0.0261356261115	-0.0264127397628	0.0338295956277	1.0	0.0193437703528	-0.0377593056755	-0.0323274741693	-0.00937984223518	0.00656045151668	0.0467730826716	-0.0267813861646	-0.0329462058188	-0.029663722349	0.0148906524312	-0.0343185139661	0.0221806762201	0.00624466350366	0.0134149070941	0.00292366319606	-0.00168750138711	-0.0153779267678	-0.0165214848076	0.00308912800888	-0.0231317727405	-0.0195151561554	-0.0566675139566	-0.0366372510749	-0.00447631814714	0.0358484166	-0.0642153588165	0.00267302825531	-0.010550858988	0.0122536354608	-0.00133563061505	-0.00974960011149	0.0316546875528	0.0279143169631	-0.00915167437009	-0.048891075663	0.0709846483399
k__Bacteria;p__Actinobacteria;c__Actinobacteria;o__Bifidobacteriales;f__Bifidobacteriaceae;g__Bifidobacterium;s__Bifidobacterium_adolescentis	0.00380810263625	-0.0501961063981	0.0791087063502	-0.0779226836032	0.0404113621522	-0.065056945285	0.0066537899946	-0.00453930978718	-0.0231383451603	0.00385796791791	-0.0146464934607	0.0558442911548	-0.000310876829002	-0.039238979272	-0.017329304747	-0.0842697766148	-0.0808822039969	0.0158729697803	0.0377871328782	0.00145245535361	-0.0341610817345	-0.0027210095659	0.0193437703528	1.0	-0.0170253849491	-0.0316184385642	-0.0399409860328	0.0110658184018	-0.00898112097407	-0.0154286591934	0.0315938561549	0.010612911762	-0.042619530456	-0.0502655707484	0.00921167503204	-0.0183189652672	0.0368531704048	-0.013549910092	0.00887165532339	0.0239159348335	-0.0148612754119	-0.0340357583451	-0.0196386151212	0.0284602779341	0.0159387511787	0.0108954214653	-0.0590082282095	0.0318915387096	-0.052151207561	-0.0332348075894	-0.0450410221719	-0.0259470316156	-0.00273084840654	-0.0306747587694	-0.0245780463413	-0.00482534879416	0.0337698056978	0.0175844014257	0.0401462160269
k__Bacteria;p__Firmicutes;c__Clostridia;o__Clostridiales;f__Oscillospiraceae;g__Oscillibacter;s__Oscillibacter_sp._KLE_1745	0.00902858488285	-0.0121080579353	0.00293526340209	0.00293597385901	0.000329273964721	0.0203063863887	0.0145473880563	-0.032268406778	0.0373648718511	0.0381997177528	-0.0108513884875	-0.0140307776246	0.0283385045428	0.0276265760066	-0.0466188701544	-0.00600029503887	-0.000614495244933	-0.00460593720666	0.00817770915688	-0.0207143719067	-0.0216523934415	-0.0469971745245	-0.0377593056755	-0.0170253849491	1.0	-0.0042957219802	0.0410076790962	-0.014790021268	-0.0684634448515	-0.00517559766449	-0.0623736240739	-0.00346844157911	0.0708425259873	-0.0732707228077	-0.0194317228868	0.0130062408886	-0.0290768354997	-0.01008916906	0.0239237169002	-0.00961627043991	-0.00878750974418	0.00723509438818	-0.0380849503359	-0.00922766585042	0.000647506999996	-0.0315963668793	0.000862198964905	0.0482865415917	-0.0401711023454	-0.00144786219835	0.0779557550172	0.0243941729333	-0.0358465036067	0.0142576651431	-0.0395538188747	0.0381794771103	-0.00898784064741	0.00237007493685	-0.0117361617502
k__Bacteria;p__Bacteroidetes;c__Bacteroidia;o__Bacteroidales;f__Bacteroidaceae;g__Bacteroides;s__Bacteroides_coprophilus	-0.0303869640575	-0.0178454693955	-0.00880484877935	0.000970736288029	0.00682345145131	0.0137323135335	-0.0104912576727	-0.000962452317015	0.0132886332773	0.00182097929731	-0.00289088603288	-0.00993885053981	0.0174957668402	0.0372941628121	-0.0237981527463	0.0240961864846	-0.0282780837973	0.0137882080865	-0.0494299446057	-0.0348463313795	-0.0193894480972	-0.0674093472192	-0.0323274741693	-0.0316184385642	-0.0042957219802	1.0	0.0630604112613	0.0174842322334	-0.00120387432486	-0.0602871515448	-0.0580469051317	-0.0331236180289	0.0220773598302	0.0106771001182	0.010728818039	0.016331905884	-0.00864664172331	-0.0295337018186	0.00783008709586	-0.0492754112441	-0.022524137135	0.0415878272659	-0.0465152047191	0.0392218371322	0.0170199364984	0.0025447930181	0.0226991708835	-0.0206410147993	0.0603328276505	0.0191786890733	-0.000542069793619	0.00678503801483	-0.0211435483527	-0.0446974316253	-0.0524336833046	-0.0310044912153	-0.0085966221374	0.0300525362692	0.00361942036755
k__Bacteria;p__Firmicutes;c__Clostridia;o__Clostridiales;f__Lachnospiraceae;g__Roseburia;s__Roseburia_intestinalis	-0.00447938078837	-0.00188386432872	-0.00139790287558	0.0197322317511	-0.0491696770544	0.0275751175529	0.00594535314112	-0.0170992852329	-0.0594583883026	-0.0141889545696	-0.0474930294738	0.0263673644295	0.00627151819641	-0.0202931929587	-0.00816645261559	-0.00204015388849	-0.0841172965842	0.0101962513156	-0.0228283402339	-0.0329195925448	0.0224876591639	0.0295096428142	-0.00937984223518	-0.0399409860328	0.0410076790962	0.0630604112613	1.0	0.000489238999171	-0.012161630343	-0.0191137172559	0.055661744334	0.00436679713633	-0.00481355117065	-0.00830504748537	0.0386474472579	0.0294676404789	-0.0204570049341	0.00151217948033	-0.0188312919935	-0.0544304565926	-0.0633990926895	-0.0426535372978	0.0266757874409	-0.0147969982216	-0.0285789546201	-0.0343058825902	-0.0101078362019	-0.00505948367647	-0.0253991840194	-0.0201054352316	-0.00782358353763	-0.0662291583367	-0.0393641592897	-0.0387534811726	0.0393989108826	-0.010752860205	-0.00280955692561	0.0322007914007	0.0134055711876
k__Bacteria;p__Firmicutes;c__Clostridia;o__Clostridiales;f__Lachnospiraceae;g__Roseburia;s__Roseburia_hominis	-0.0313311993862	0.0290939020866	0.0123861491353	-9.92393407082e-05	-0.036031262045	-0.032249079981	-0.0041572382336	-0.0112134124527	0.0168432554662	-0.0205940097514	-0.0135012449252	0.0463757923745	-0.0179237837138	0.04897913276	0.0285454222702	-0.00257115058222	0.0345563398945	0.00131689370928	0.0155339966384	-0.102177513728	-0.0414749545885	-0.0393667385189	0.00656045151668	0.0110658184018	-0.014790021268	0.0174842322334	0.000489238999171	1.0	0.00516145291058	0.0322807813127	0.0524747389223	-0.00949763699156	0.0231595942155	-0.0338820951926	-0.00863835967444	0.0326300621593	-0.0764127610996	-0.00820052339373	0.0159462005758	-0.00294392504704	-0.00273066302368	-0.0191291228446	-0.00545183420732	-0.0164642224045	-0.0586168152095	-0.0115444012403	-0.0595268361085	-0.0523300949441	-0.0113701008612	-0.0219813614238	-0.0196958961642	-0.0375957706952	-0.0187653212569	0.0327249526314	-0.0383867065143	-0.0087543385196	-0.00952749526891	0.00342967882172	-0.0429213152916
k__Bacteria;p__Bacteroidetes;c__Bacteroidia;o__Bacteroidales;f__Porphyromonadaceae;g__Parabacteroides;s__Parabacteroides_johnsonii	-0.0349834943296	-0.00199365840304	-0.00643543314441	-0.0703628801813	-0.0632457332488	-0.0496082388692	0.00939053615972	-0.00210414664385	0.0303901042987	0.0339636277845	0.00810007853123	0.00628746186534	-0.0495075859087	0.00749382269279	0.0530659682866	-0.0276253073194	-0.000759853066454	-0.0367281550375	-0.0707843062424	0.0182783662634	0.0183451286769	-0.0245711547044	0.0467730826716	-0.00898112097407	-0.0684634448515	-0.00120387432486	-0.012161630343	0.00516145291058	1.0	-0.0365333990388	-0.00396570919167	-0.0471853918558	0.00411288041243	0.0193023037488	0.0071118234696	-0.019126808836	0.00440608610024	0.0223057161205	0.0340574660046	0.00987468765003	0.00699024184475	-0.0224358865277	0.0160921619511	-0.0239222955689	0.0108872516312	-0.0208561307536	0.0217509008943	-0.0228899530223	-0.00913258814679	-0.00255152017366	0.00333101478223	-0.0199605144993	0.0187333285222	0.0217952941051	0.0216965979222	-0.0258789444335	-0.0450497120103	-0.0143692639107	0.00671390369275
