#taxonomy	k__Bacteria;p__Bacteroidetes;c__Bacteroidia;o__Bacteroidales;f__Bacteroidaceae;g__Bacteroides;s__Bacteroides_vulgatus	k__Bacteria;p__Bacteroidetes;c__Bacteroidia;o__Bacteroidales;f__Bacteroidaceae;g__Bacteroides;s__Bacteroides_uniformis	k__Bacteria;p__Bacteroidetes;c__Bacteroidia;o__Bacteroidales;f__Rikenellaceae;g__Alistipes;s__Alistipes_putredinis	k__Bacteria;p__Bacteroidetes;c__Bacteroidia;o__Bacteroidales;f__Prevotellaceae;g__Prevotella;s__Prevotella_copri	k__Bacteria;p__Bacteroidetes;c__Bacteroidia;o__Bacteroidales;f__Bacteroidaceae;g__Bacteroides;s__Bacteroides_stercoris	k__Bacteria;p__Bacteroidetes;c__Bacteroidia;o__Bacteroidales;f__Bacteroidaceae;g__Bacteroides;s__Bacteroides_ovatus	k__Bacteria;p__Bacteroidetes;c__Bacteroidia;o__Bacteroidales;f__Rikenellaceae;g__Alistipes;s__Alistipes_shahii	k__Bacteria;p__Firmicutes;c__Clostridia;o__Clostridiales;f__Ruminococcaceae;g__Faecalibacterium;s__Faecalibacterium_prausnitzii	k__Bacteria;p__Bacteroidetes;c__Bacteroidia;o__Bacteroidales;f__Rikenellaceae;g__Alistipes;s__Alistipes_finegoldii	k__Bacteria;p__Bacteroidetes;c__Bacteroidia;o__Bacteroidales;f__Porphyromonadaceae;g__Parabacteroides;s__Parabacteroides_distasonis	k__Bacteria;p__Bacteroidetes;c__Bacteroidia;o__Bacteroidales;f__Bacteroidaceae;g__Bacteroides;s__Bacteroides_thetaiotaomicron	k__Bacteria;p__Bacteroidetes;c__Bacteroidia;o__Bacteroidales;f__Bacteroidaceae;g__Bacteroides;s__Bacteroides_coprocola	k__Bacteria;p__Bacteroidetes;c__Bacteroidia;o__Bacteroidales;f__Bacteroidaceae;g__Bacteroides;s__Bacteroides_cellulosilyticus	k__Bacteria;p__Bacteroidetes;c__Bacteroidia;o__Bacteroidales;f__Rikenellaceae;g__Alistipes;s__Alistipes_obesi	k__Bacteria;p__Firmicutes;c__Clostridia;o__Clostridiales;f__Lachnospiraceae;g__;s__[Eubacterium]_rectale	k__Bacteria;p__Bacteroidetes;c__Bacteroidia;o__Bacteroidales;f__Bacteroidaceae;g__Bacteroides;s__Bacteroides_plebeius	k__Bacteria;p__Bacteroidetes;c__Bacteroidia;o__Bacteroidales;f__Bacteroidaceae;g__Bacteroides;s__Bacteroides_fragilis	k__Bacteria;p__Proteobacteria;c__Betaproteobacteria;o__Burkholderiales;f__Sutterellaceae;g__Sutterella;s__Sutterella_wadsworthensis	k__Bacteria;p__Bacteroidetes;c__Bacteroidia;o__Bacteroidales;f__Porphyromonadaceae;g__Barnesiella;s__Barnesiella_intestinihominis	k__Bacteria;p__Bacteroidetes;c__Bacteroidia;o__Bacteroidales;f__Odoribacteraceae;g__Odoribacter;s__Odoribacter_splanchnicus	k__Bacteria;p__Bacteroidetes;c__Bacteroidia;o__Bacteroidales;f__Bacteroidaceae;g__Bacteroides;s__Bacteroides_salyersiae	k__Bacteria;p__Firmicutes;c__Clostridia;o__Clostridiales;f__Ruminococcaceae;g__Ruminiclostridium;s__[Eubacterium]_siraeum	k__Bacteria;p__Proteobacteria;c__Betaproteobacteria;o__Burkholderiales;f__Sutterellaceae;g__Parasutterella;s__Parasutterella_excrementihominis	k__Bacteria;p__Actinobacteria;c__Actinobacteria;o__Bifidobacteriales;f__Bifidobacteriaceae;g__Bifidobacterium;s__Bifidobacterium_adolescentis	k__Bacteria;p__Firmicutes;c__Clostridia;o__Clostridiales;f__Oscillospiraceae;g__Oscillibacter;s__Oscillibacter_sp._KLE_1745	k__Bacteria;p__Bacteroidetes;c__Bacteroidia;o__Bacteroidales;f__Bacteroidaceae;g__Bacteroides;s__Bacteroides_coprophilus	k__Bacteria;p__Firmicutes;c__Clostridia;o__Clostridiales;f__Lachnospiraceae;g__Roseburia;s__Roseburia_intestinalis	k__Bacteria;p__Firmicutes;c__Clostridia;o__Clostridiales;f__Lachnospiraceae;g__Roseburia;s__Roseburia_hominis	k__Bacteria;p__Bacteroidetes;c__Bacteroidia;o__Bacteroidales;f__Porphyromonadaceae;g__Parabacteroides;s__Parabacteroides_johnsonii	k__Bacteria;p__Actinobacteria;c__Actinobacteria;o__Bifidobacteriales;f__Bifidobacteriaceae;g__Bifidobacterium;s__Bifidobacterium_longum	k__Bacteria;p__Firmicutes;c__Clostridia;o__Clostridiales;f__;g__Flavonifractor;s__Flavonifractor_plautii	k__Bacteria;p__Firmicutes;c__Clostridia;o__Clostridiales;f__Clostridiaceae;g__Clostridium;s__Clostridium_phoceensis	k__Bacteria;p__Verrucomicrobia;c__Verrucomicrobiae;o__Verrucomicrobiales;f__Akkermansiaceae;g__Akkermansia;s__Akkermansia_muciniphila	k__Bacteria;p__Bacteroidetes;c__Bacteroidia;o__Bacteroidales;f__Prevotellaceae;g__Paraprevotella;s__Paraprevotella_xylaniphila	k__Bacteria;p__Firmicutes;c__Clostridia;o__Clostridiales;f__Ruminococcaceae;g__Ruminococcus;s__Ruminococcus_callidus	k__Bacteria;p__Bacteroidetes;c__Bacteroidia;o__Bacteroidales;f__Rikenellaceae;g__Alistipes;s__Alistipes_senegalensis	k__Bacteria;p__Firmicutes;c__Clostridia;o__Clostridiales;f__Lachnospiraceae;g__Blautia;s__Blautia_sp._KLE_1732	k__Bacteria;p__Bacteroidetes;c__Bacteroidia;o__Bacteroidales;f__Bacteroidaceae;g__Bacteroides;s__Bacteroides_oleiciplenus	k__Bacteria;p__Firmicutes;c__Clostridia;o__Clostridiales;f__Ruminococcaceae;g__Ruminococcus;s__Ruminococcus_bicirculans	k__Bacteria;p__Bacteroidetes;c__Bacteroidia;o__Bacteroidales;f__Bacteroidaceae;g__Bacteroides;s__Bacteroides_fluxus	k__Bacteria;p__Bacteroidetes;c__Bacteroidia;o__Bacteroidales;f__Prevotellaceae;g__Prevotella;s__Prevotella_stercorea	k__Bacteria;p__Firmicutes;c__Clostridia;o__Clostridiales;f__Lachnospiraceae;g__Dorea;s__Dorea_longicatena	k__Bacteria;p__Firmicutes;c__Clostridia;o__Clostridiales;f__Eubacteriaceae;g__Eubacterium;s__[Eubacterium]_eligens	k__Bacteria;p__Firmicutes;c__Clostridia;o__Clostridiales;f__Ruminococcaceae;g__;s__Ruminococcaceae_bacterium_D16	k__Bacteria;p__Firmicutes;c__Clostridia;o__Clostridiales;f__Lachnospiraceae;g__Coprococcus;s__Coprococcus_comes	k__Bacteria;p__Proteobacteria;c__Gammaproteobacteria;o__Enterobacterales;f__Enterobacteriaceae;g__Escherichia;s__Escherichia_coli	k__Bacteria;p__Firmicutes;c__Clostridia;o__Clostridiales;f__Ruminococcaceae;g__Anaerotruncus;s__Anaerotruncus_colihominis	k__Bacteria;p__Firmicutes;c__Clostridia;o__Clostridiales;f__Lachnospiraceae;g__Blautia;s__Blautia_obeum	k__Bacteria;p__Bacteroidetes;c__Bacteroidia;o__Bacteroidales;f__Odoribacteraceae;g__Odoribacter;s__Odoribacter_laneus	k__Bacteria;p__Firmicutes;c__Clostridia;o__Clostridiales;f__Ruminococcaceae;g__Ruminiclostridium;s__[Clostridium]_leptum	k__Bacteria;p__Bacteroidetes;c__Bacteroidia;o__Bacteroidales;f__Porphyromonadaceae;g__Parabacteroides;s__Parabacteroides_goldsteinii	k__Bacteria;p__Firmicutes;c__Clostridia;o__Clostridiales;f__Lachnospiraceae;g__Anaerostipes;s__Anaerostipes_hadrus	k__Bacteria;p__Firmicutes;c__Clostridia;o__Clostridiales;f__Ruminococcaceae;g__Ruminococcus;s__Ruminococcus_lactaris	k__Bacteria;p__Firmicutes;c__Clostridia;o__Clostridiales;f__Clostridiaceae;g__Clostridium;s__Clostridium_sp._L2-50	k__Bacteria;p__Firmicutes;c__Clostridia;o__Clostridiales;f__Clostridiaceae;g__Clostridium;s__Clostridium_sp._M62/1	k__Bacteria;p__Firmicutes;c__Clostridia;o__Clostridiales;f__;g__Intestinimonas;s__Intestinimonas_butyriciproducens	k__Bacteria;p__Actinobacteria;c__Actinobacteria;o__Bifidobacteriales;f__Bifidobacteriaceae;g__Bifidobacterium;s__Bifidobacterium_bifidum	k__Bacteria;p__Firmicutes;c__Negativicutes;o__Veillonellales;f__Veillonellaceae;g__Dialister;s__Dialister_invisus	k__Bacteria;p__Bacteroidetes;c__Bacteroidia;o__Bacteroidales;f__Bacteroidaceae;g__Bacteroides;s__Bacteroides_salanitronis
k__Bacteria;p__Bacteroidetes;c__Bacteroidia;o__Bacteroidales;f__Bacteroidaceae;g__Bacteroides;s__Bacteroides_vulgatus	1.0	-0.0233256047475	-0.0173758790645	0.0225849170285	-0.0386230473169	-0.0247309224657	-0.00734199868447	0.0209302205088	0.00918749892984	0.0238760168004	0.0767526919059	-0.0451424178242	-0.0324146494747	0.0184212667632	0.0125051201568	-0.00362099363691	0.023778278144	-0.0784503462403	0.0103581921204	0.039753785301	0.0242938879243	-0.0304634265682	-0.0315570072936	0.00178760588688	-0.0270152973568	0.00330015069942	-0.00888546155575	-0.0189730777167	0.0313891841588	0.0347871554119	0.00092295650256	0.0232836286346	-0.00908817202968	-0.0027998894325	-0.020831915003	-0.0575851877087	-0.0472636948155	-0.0207353354465	-0.0183103157683	0.0086942857407	-0.0674145752701	0.0192878955121	-0.0591738076119	-0.00101106672008	-0.0476764582958	-0.04168216082	-0.00135769834499	-0.00357532196773	0.000431072487802	-0.0109656489484	-0.0983394078209	-0.0665725130343	0.0109026639639	-0.00994130608645	-0.00894351084342	-0.00106688374261	-0.0555108651412	-0.00176573995878	0.0437355688542
k__Bacteria;p__Bacteroidetes;c__Bacteroidia;o__Bacteroidales;f__Bacteroidaceae;g__Bacteroides;s__Bacteroides_uniformis	-0.0233256047475	1.0	0.0226914721315	0.0118904586195	-0.0480141255126	0.00901585800259	-0.0389847783149	-0.0603163411066	-0.0257398072655	0.0338159608916	0.000326317623754	-0.0617715023186	0.0382279964258	-0.0171916621263	0.00328210281178	0.0214901255433	-0.0580660159418	-0.0129944018174	0.0243509423761	0.0515641176739	0.0363792676903	0.0448152863705	-0.00823704064615	-0.030601039879	-0.0158232034437	-0.0641233653006	0.0337064396491	-0.0455343726859	-0.0623081987639	0.0270680779237	0.0252172026917	-0.0616456836684	-0.0376429893985	0.0552651583542	-0.0138494498078	-0.00169586947057	-0.0446926375322	-0.0217121284358	-0.00991255495492	0.0429464852241	-0.00478695706434	-0.000414668780138	-0.0191519335934	-0.00154374815768	-0.0403034356414	0.0496171059171	0.0540137872085	0.00153205035766	-0.00670916595593	0.0706954661776	0.00680892924148	0.0105334073315	-0.0269536994316	0.0355843235295	0.0235793840046	-0.00756946421409	0.00280195788039	-0.0113065990855	-0.0198494352202
k__Bacteria;p__Bacteroidetes;c__Bacteroidia;o__Bacteroidales;f__Rikenellaceae;g__Alistipes;s__Alistipes_putredinis	-0.0173758790645	0.0226914721315	1.0	0.00909026095549	-0.0283046073023	-0.0419175351461	0.0278677157542	-0.0340948796097	0.0518130339713	0.00458406686307	0.0301866567836	-0.0383296896613	-0.00530073171892	-0.00436614028792	-0.0304231647385	0.0349618319787	0.0717296164258	-0.068865585134	-0.0489384556036	0.0351654130729	0.0176112438881	0.0580367522353	-0.028249660527	0.0132138694977	0.00134224982374	0.0549306991728	-0.0570488015029	0.0565201284317	0.0172963819049	0.0044951237075	-0.0282703259849	-0.0364117723118	-0.00388806749647	0.0222691585765	-0.0418885937414	0.00945601299091	0.00758119569239	-0.0200963142988	-0.0727861796932	0.0304518447121	-0.0586998481477	-0.0841589816999	-0.0498994204704	-0.0546825436829	-0.0476955796809	-0.0338240494583	-0.00974380880538	0.0327378380432	0.0195845555816	-0.0143393511972	-0.0456103423804	0.0441596724041	0.000336499740609	0.0116173362382	0.0266194915217	-0.0388007368935	-0.0700059904896	0.0297553553763	-0.0191002675672
k__Bacteria;p__Bacteroidetes;c__Bacteroidia;o__Bacteroidales;f__Prevotellaceae;g__Prevotella;s__Prevotella_copri	0.0225849170285	0.0118904586195	0.00909026095549	1.0	-0.0313165357989	0.0258945987513	0.000438365468305	-0.0475871393795	-0.00567233685807	-0.032063750765	-0.0221248059527	-0.0336493573238	-0.0501603585857	0.0636007683427	0.00967499680015	-0.00741322052538	0.0030658179397	-0.0190703992705	0.0273784708837	0.0323218711603	0.00401686083114	-0.0278394560515	-0.0202604554166	-0.0464257277865	-0.0430197372736	0.0424046518032	0.0286953415128	-0.0469397992003	0.0185571927654	0.0578325104935	-0.0102408652564	-0.0142520179714	0.0184124610325	0.0188672345109	0.0117553758693	0.0109507767326	-0.0808907950767	0.0282530376822	-0.03900995872	0.0069786228115	0.0314477538245	-0.00876295217022	-0.0456290630222	-0.0214678069062	-0.0396404662174	-0.00115055297536	0.0462372937806	-0.00121668716634	-0.0108409681889	0.0319179053319	-0.00472275072394	-0.00297468887918	-0.0405896789957	0.0175019601266	-0.0676059207223	0.0423740962008	0.00695997504375	0.0132219181766	-0.0424337860547
k__Bacteria;p__Bacteroidetes;c__Bacteroidia;o__Bacteroidales;f__Bacteroidaceae;g__Bacteroides;s__Bacteroides_stercoris	-0.0386230473169	-0.0480141255126	-0.0283046073023	-0.0313165357989	1.0	0.00819846182154	0.0540300733675	-0.0139139183394	-0.0809025813999	-0.0357626593108	0.0177228261482	0.0171756141874	-0.00262645389823	0.0316766645906	0.0386498383601	-0.0335769235501	-0.00195495599005	0.0721425605577	-0.00553819477946	-0.0282766472979	-0.00827728102501	0.0288890915115	-0.0404274818428	-0.0548715346279	0.0475253910875	0.0169966000385	0.0552917190967	-0.025344513257	-0.113119241093	-0.00816980207043	-0.033077740666	0.0406841761491	-0.0289122345327	-0.00043468580159	-0.0715776152317	-0.0329784444908	-0.00815992132706	-0.0396808883465	0.0531510069914	0.0436517544983	0.0322057121635	-0.0213968778734	-0.0679697471404	0.0550661637798	0.0492326657899	-0.00232591134553	-0.0260861731222	-0.0080918979251	-0.00749539623584	-0.0299341455136	0.0406673654595	0.00704198240025	-0.0263695861554	0.0165050594251	0.0238346009089	-0.0260414926849	-0.0433409508224	-0.0142491244804	-0.0368455119275
k__Bacteria;p__Bacteroidetes;c__Bacteroidia;o__Bacteroidales;f__Bacteroidaceae;g__Bacteroides;s__Bacteroides_ovatus	-0.0247309224657	0.00901585800259	-0.0419175351461	0.0258945987513	0.00819846182154	1.0	-0.0289821732576	0.0412148811389	-0.0451295339251	0.0523538954126	-0.0486484839471	-0.0108301971101	-0.04925797327	-0.037010637724	0.012702140206	0.0496610976786	-0.0184933409204	-0.000941793358294	0.0613666790909	-0.00995071216446	0.0225456594761	-0.013932101263	0.00715513236673	0.0445523560868	0.0281632260781	-0.0301472727095	-0.0289422122084	-0.0119992467698	-0.0125887206302	-0.049695437004	0.00449008217438	0.00253921573826	-0.0376578052056	-0.00943193190141	-0.000609799071728	-0.0350897100247	-0.0443227580392	0.0252150605941	-0.0520258860493	-0.0384177062999	0.0122088669911	-0.0171924414979	-0.00231331908033	-0.025682652373	-0.00694429213788	0.0207537607464	0.0121450605287	-0.0254906392722	-0.0117005803018	-0.0326307101678	-0.0036830172767	0.00203733372012	-0.0151887113047	0.0204386178355	0.00946683731178	0.00196327616061	0.0318860491886	-0.0080926002033	0.0179612572193
k__Bacteria;p__Bacteroidetes;c__Bacteroidia;o__Bacteroidales;f__Rikenellaceae;g__Alistipes;s__Alistipes_shahii	-0.00734199868447	-0.0389847783149	0.0278677157542	0.000438365468305	0.0540300733675	-0.0289821732576	1.0	-0.0177473501016	-0.0508563783569	-0.00318794718803	-0.0492490979518	-0.0365682921754	0.0331497254365	-0.00325936989869	-0.0347605390463	0.0329562280405	-0.011553660741	0.0150437912534	-0.0284155090825	0.000361822505991	0.0250010214578	0.0136669694614	-0.000743539673319	-0.0255043213296	0.0337085951362	0.002531286324	0.0681562313106	-0.0187073364711	-0.00627621784265	0.00881335745227	0.0291045806816	-0.0081501738927	0.0084796744005	-0.0350271521699	0.0022824334503	-0.0082902702024	0.0744381738178	-0.00234219394045	0.00894561305285	0.011791335451	0.00409779089943	-0.032222289053	0.00456356732454	-0.0226716646492	-0.0049410850158	-0.00553137356811	-0.0294753593872	-0.0129122427917	-0.0234236045448	-0.00516910882452	0.00617659255141	-0.0498996381757	0.0399465863446	-0.0557427977041	-0.0240701298989	-0.104034669973	0.0558621029058	-0.0036350483713	0.00100623877418
k__Bacteria;p__Firmicutes;c__Clostridia;o__Clostridiales;f__Ruminococcaceae;g__Faecalibacterium;s__Faecalibacterium_prausnitzii	0.0209302205088	-0.0603163411066	-0.0340948796097	-0.0475871393795	-0.0139139183394	0.0412148811389	-0.0177473501016	1.0	-0.0225667082145	-0.00772777767585	-0.0299809246511	0.0599797854872	0.0114861255027	-0.0195779403588	-0.0312875310571	0.00330685477259	-0.00079773948772	0.0091394020624	-0.0314966719473	-0.0383884901782	0.0138108838053	-0.00286932352273	-0.0107718638808	-0.00931689631837	0.0220540944712	0.00641084410432	-0.06337301246	-0.0262463528854	-0.012877225912	-0.00852132838908	0.00739872510534	-0.0159233682152	0.0513454405935	-0.0264276534169	-0.0446958033101	-0.00666454037995	-0.034304819724	0.00723015213605	-0.00154978716735	-0.0505635939528	-0.0108371952065	-0.0062896741802	0.0366699786346	0.0301403495838	0.0300964068456	0.00389564135507	-0.00731822088542	-0.024643262354	-0.0357927135799	0.0603110640078	0.0534991868037	-0.00201787178273	0.00118241164931	-0.0255337196985	0.00936886947067	-0.0369454244523	-0.0424669991911	-0.0962453036686	-0.0462677819969
k__Bacteria;p__Bacteroidetes;c__Bacteroidia;o__Bacteroidales;f__Rikenellaceae;g__Alistipes;s__Alistipes_finegoldii	0.00918749892984	-0.0257398072655	0.0518130339713	-0.00567233685807	-0.0809025813999	-0.0451295339251	-0.0508563783569	-0.0225667082145	1.0	-0.0433510785154	-0.0814187236022	0.04052316464	-0.00508883491258	-0.02598287031	-0.0165159151398	-0.00530637918549	-0.0587203914279	-0.0251314463142	-0.00161901852591	0.0985006183633	-0.00279039492092	-0.0631924060324	0.0303780431041	0.0144300881586	0.00765430069382	-0.027101489049	-0.0194466975706	0.0456465311931	0.0308247964614	-0.0263723554887	0.0101307126032	-0.0296066585029	0.0513064866353	0.0136080630194	-0.069906658063	0.0429132867183	-0.037445617648	0.0173546446635	-0.021432690401	0.0418495676233	-0.0104011034884	-0.00562090520661	0.043754792775	0.00899167994692	0.00630623682201	0.00812398305459	-0.0280080623221	-0.0822384668774	-0.0395325526121	-0.0235889362534	-0.0160588727735	-0.0267744781392	-0.0139373955861	-0.0169457042205	0.0749462825262	-0.0358620474164	-0.0262156559431	-0.00682741207641	0.0208731654457
k__Bacteria;p__Bacteroidetes;c__Bacteroidia;o__Bacteroidales;f__Porphyromonadaceae;g__Parabacteroides;s__Parabacteroides_distasonis	0.0238760168004	0.0338159608916	0.00458406686307	-0.032063750765	-0.0357626593108	0.0523538954126	-0.00318794718803	-0.00772777767585	-0.0433510785154	1.0	-0.0310958510706	0.00342891339799	0.0169888518597	-0.0118591285764	-0.0137551925625	0.0156456312131	0.0409970734183	-0.0131423545627	0.000461681431077	0.0435851756903	0.0104495656372	0.0611917266789	-0.00561077008745	-0.00727617770075	0.0111528567956	-0.0402097502084	-0.0030554716618	0.010422318045	-0.0582283778778	0.00596776108937	-0.0577496613123	-0.0662021465894	-0.047845044177	-0.00298710706684	-0.0267974084623	-0.0724953922485	0.00705438255214	-0.0171914159723	-0.0136932137775	-0.00790111991599	0.00705544436947	-0.0193874395867	-0.0176276432856	0.00707048184661	-0.00242083625153	-0.00677932672568	0.0302517400637	-0.00479644954738	-0.0195937858232	-0.00738134484025	-0.0734375935851	-0.0220255938643	-0.0254681554511	-0.0356207792148	-0.00237793989073	0.0429048675673	-0.0524659327051	-0.0123370548712	0.0345859775129
k__Bacteria;p__Bacteroidetes;c__Bacteroidia;o__Bacteroidales;f__Bacteroidaceae;g__Bacteroides;s__Bacteroides_thetaiotaomicron	0.0767526919059	0.000326317623754	0.0301866567836	-0.0221248059527	0.0177228261482	-0.0486484839471	-0.0492490979518	-0.0299809246511	-0.0814187236022	-0.0310958510706	1.0	-0.0316012513388	-0.0415344062049	-0.00647755427299	0.00249718809833	-0.0457662814007	0.0100102534533	-0.0308199879795	0.0468517821499	0.0287858310452	0.0453093448425	-0.0184008621345	-0.0163486290271	-0.040700694029	-0.0393446116505	-0.0374010592615	-0.0627760058421	-0.00641132185726	-0.0429884525006	-0.0194878512261	-0.0574107696559	-0.0161692216924	-0.0104485447325	0.00411667384201	0.0371301590174	0.021588689028	-0.0264002107679	0.00310584940587	-0.0441675773521	0.0216095047378	-0.00165528532183	0.0185185260632	-0.0250546659207	-0.0129769160037	0.00309245277858	-0.0367241044796	-0.0194020961753	0.0063827726092	-0.0361908842472	0.0155727042595	-0.041562613928	0.0635598091814	0.0052537003829	-0.0128707482296	0.0018717735658	0.00268834835318	0.00277667279019	0.0293560040764	0.0444695233652
k__Bacteria;p__Bacteroidetes;c__Bacteroidia;o__Bacteroidales;f__Bacteroidaceae;g__Bacteroides;s__Bacteroides_coprocola	-0.0451424178242	-0.0617715023186	-0.0383296896613	-0.0336493573238	0.0171756141874	-0.0108301971101	-0.0365682921754	0.0599797854872	0.04052316464	0.00342891339799	-0.0316012513388	1.0	0.00374128360639	-0.0201451302387	-0.0151276482769	-0.00481825615177	-0.0164706859177	0.0290095791595	0.0273547491904	-0.00195007458725	-0.00114983744547	-0.0196181033658	-0.0311437544141	-0.0129274985791	-0.019699925338	-0.00562950529775	-0.040094743738	0.0282440954969	-0.0101247824112	0.0231999591192	0.00439844426614	-0.0432670100127	-0.106478465078	0.000695646693976	-0.0828129931803	0.0466229331228	0.0260121201007	0.00339960531344	0.0297976972708	0.0216982123308	-0.0710968043212	-0.000158222624179	-0.00607858719307	0.0395125275343	0.0472906313254	0.00278071307115	-0.0133758329778	-0.0438033312032	-0.0105621216333	0.0119598881646	0.0283644387968	-0.0141670713072	0.00144597897577	0.0392411265153	-0.0286406465439	-0.08860688827	-0.0200918698548	0.00214125305887	0.00565730417649
k__Bacteria;p__Bacteroidetes;c__Bacteroidia;o__Bacteroidales;f__Bacteroidaceae;g__Bacteroides;s__Bacteroides_cellulosilyticus	-0.0324146494747	0.0382279964258	-0.00530073171892	-0.0501603585857	-0.00262645389823	-0.04925797327	0.0331497254365	0.0114861255027	-0.00508883491258	0.0169888518597	-0.0415344062049	0.00374128360639	1.0	-0.0378865372915	-0.00197631699996	0.0184133706525	-0.034687318794	-0.0594685409473	-0.023777568788	0.0369184543778	-0.0536061665891	0.0413178544698	-0.0432029824897	-0.0308236625955	-0.0767300298678	-0.00654201906829	0.0325467902202	0.0234094319732	-0.0276554718033	0.0102238936276	-0.000964944125768	0.0229522828805	0.00650015093836	-0.00903934729743	-0.00540899807681	-0.040193410591	0.0638507806896	-0.0182887710827	-0.0143224349433	-0.00463767419234	-0.0660645825331	0.0185710052928	0.0287355441158	-0.000759446831169	-0.0259311209915	0.0364063110612	-0.00896802976941	0.0254056266157	0.00849139686754	-0.0473100535507	0.0157395554665	-0.0348010571003	-0.026435072617	0.037369563157	0.0206572681384	0.01763271812	0.0193977480036	0.0242308913717	0.00864315828772
k__Bacteria;p__Bacteroidetes;c__Bacteroidia;o__Bacteroidales;f__Rikenellaceae;g__Alistipes;s__Alistipes_obesi	0.0184212667632	-0.0171916621263	-0.00436614028792	0.0636007683427	0.0316766645906	-0.037010637724	-0.00325936989869	-0.0195779403588	-0.02598287031	-0.0118591285764	-0.00647755427299	-0.0201451302387	-0.0378865372915	1.0	0.00518374097993	-0.0236927161308	-0.0289197474835	-0.0598724328715	0.0532246611415	-0.0427628318641	-0.0282739615081	-0.00164334578276	0.0135479706938	0.0419870105901	-0.00300342924012	-0.00211525785378	-0.0473450218016	-0.0199759660233	0.00833930094148	0.0052008000112	0.00346808844992	-0.0990035722721	-0.0325722204974	0.0194827871581	0.0071641799255	-0.0258829442359	-0.0200024872547	0.0354844184155	0.0419313944715	0.0286084549115	-0.00992328760263	0.0277890234301	0.0645646675047	-0.0276161975584	-0.00977550677266	-0.0103580181593	-0.00567788359576	-0.0500844973915	0.00114070898878	-0.0476701425634	-0.0288079351819	-0.0357798699632	-0.0245080320331	-0.00824952352879	-0.0361885067967	0.0388946291716	0.00898940499193	-0.0255008303775	0.00879295470283
k__Bacteria;p__Firmicutes;c__Clostridia;o__Clostridiales;f__Lachnospiraceae;g__;s__[Eubacterium]_rectale	0.0125051201568	0.00328210281178	-0.0304231647385	0.00967499680015	0.0386498383601	0.012702140206	-0.0347605390463	-0.0312875310571	-0.0165159151398	-0.0137551925625	0.00249718809833	-0.0151276482769	-0.00197631699996	0.00518374097993	1.0	0.00987657722897	0.00357819138323	-0.0377773503477	-0.0237471350285	-0.0582768256719	-0.0407727156036	0.0188171878142	0.0519687153896	0.00835368746316	0.0113840444885	-0.0154647828482	-0.0194089368033	0.010533436762	-0.0267986765852	-0.00854835447529	-0.0602812120192	0.0207477977548	-0.0025843214006	0.0371565124307	-0.0299826576354	-0.0591886462661	-0.0341621315326	-0.00918848295722	0.0314643677308	0.0117713532806	-0.024963172771	0.0287809010727	0.0118304482833	-0.0503979812446	-0.00407930340966	0.041561666546	0.013719514164	0.0236092768166	-0.0373392859521	-0.0441380884231	-0.00535620708789	-0.0068146936196	0.0180929780634	-0.0277327211784	-0.0122447250923	-0.0426610908851	0.0123773992503	0.0324041595745	-0.0458249356254
k__Bacteria;p__Bacteroidetes;c__Bacteroidia;o__Bacteroidales;f__Bacteroidaceae;g__Bacteroides;s__Bacteroides_plebeius	-0.00362099363691	0.0214901255433	0.0349618319787	-0.00741322052538	-0.0335769235501	0.0496610976786	0.0329562280405	0.00330685477259	-0.00530637918549	0.0156456312131	-0.0457662814007	-0.00481825615177	0.0184133706525	-0.0236927161308	0.00987657722897	1.0	0.0615029178185	-0.00732431554524	-0.0290859541722	0.0287394728868	-0.0192907406661	0.0292514640882	0.0137447514063	0.0264188194117	0.0259037939842	0.0179795015627	-0.0139444212089	-0.0405130594582	-0.00904845292673	0.0216593142093	-0.00151068293134	-0.0223258744953	0.0156174472284	-0.0200057239124	-0.0560112261155	-0.0246474607795	0.00768985082794	-0.0418505547297	0.0418844661083	0.0317149148139	-0.0198761113437	-0.00959189202937	-0.00161646753032	-0.03673743446	-0.0193026898987	0.00465760129665	0.0117138993144	-0.0178732454606	0.0127179400387	0.0431408374037	0.0344261330657	0.0211569131145	0.0132294421116	-0.0268199900471	-0.00939816622628	-0.0431993490846	0.00206438620441	-0.0392435536375	-0.00604703809928
k__Bacteria;p__Bacteroidetes;c__Bacteroidia;o__Bacteroidales;f__Bacteroidaceae;g__Bacteroides;s__Bacteroides_fragilis	0.023778278144	-0.0580660159418	0.0717296164258	0.0030658179397	-0.00195495599005	-0.0184933409204	-0.011553660741	-0.00079773948772	-0.0587203914279	0.0409970734183	0.0100102534533	-0.0164706859177	-0.034687318794	-0.0289197474835	0.00357819138323	0.0615029178185	1.0	-0.0314106439986	-0.00365182700045	0.0254886197397	-0.0258317343646	-0.0424484024081	0.0188999207035	0.037799154996	0.0389493827723	-0.0577528842104	-0.0473476166331	-0.0102000434261	-0.0200143278155	-0.0201102881421	-0.048824921058	-0.0738680681067	0.078630282277	-0.0337523987971	0.0471750856172	-0.00164623388896	0.00506697391715	-0.0222405610163	-0.0123533601867	-0.0421424868176	0.0255784428904	-0.0134019408394	0.0147088291738	0.00621827098619	-0.0184285206445	0.00843041114039	-0.0118899580742	-0.009241131568	0.0501719492291	-0.0394272913049	0.00793988075749	0.0851942386825	-0.0507815798707	-0.0157081335165	-0.00233990654357	0.0278461112526	0.0169833984915	0.00626448245992	-0.0413043927041
k__Bacteria;p__Proteobacteria;c__Betaproteobacteria;o__Burkholderiales;f__Sutterellaceae;g__Sutterella;s__Sutterella_wadsworthensis	-0.0784503462403	-0.0129944018174	-0.068865585134	-0.0190703992705	0.0721425605577	-0.000941793358294	0.0150437912534	0.0091394020624	-0.0251314463142	-0.0131423545627	-0.0308199879795	0.0290095791595	-0.0594685409473	-0.0598724328715	-0.0377773503477	-0.00732431554524	-0.0314106439986	1.0	-0.0450092462438	0.00464199113725	-0.00193161150992	0.0175995287526	-0.0172619018957	0.03071726428	-0.00892915957797	0.0379997267105	0.0761776789411	0.0070169423027	-0.0392603795882	-0.0273058388617	0.0201861423376	0.0551862731259	-0.0553926701164	-0.0128366310898	-0.0510739972216	-0.0146078578287	0.0300643183207	-0.0381558108004	-0.012435479274	-0.00102225788406	-0.0133852173856	0.0635118700276	-0.0248767602876	-0.00351100652852	-0.0148166153211	0.0127571931211	-0.0138605015018	0.00612035255848	0.013920265564	0.00165184929645	0.00732080666322	0.00854626943699	0.000720355836302	-0.0454956160001	-0.0206448675908	0.0746375491148	-0.0409824923136	0.00535562827123	0.00215010839499
k__Bacteria;p__Bacteroidetes;c__Bacteroidia;o__Bacteroidales;f__Porphyromonadaceae;g__Barnesiella;s__Barnesiella_intestinihominis	0.0103581921204	0.0243509423761	-0.0489384556036	0.0273784708837	-0.00553819477946	0.0613666790909	-0.0284155090825	-0.0314966719473	-0.00161901852591	0.000461681431077	0.0468517821499	0.0273547491904	-0.023777568788	0.0532246611415	-0.0237471350285	-0.0290859541722	-0.00365182700045	-0.0450092462438	1.0	-0.0387898523995	-0.00581242130084	0.00990339102106	0.0400822083998	-0.0020515693675	-0.0357897230906	-0.0569813149328	-0.0365153335424	0.00262927933535	-0.00754726559768	0.00627137363487	0.0248406160236	-0.0362270754369	-0.00164282583597	-0.0415622507892	-0.0524317565878	0.0243358154632	-0.00160531085741	-0.00599083987041	0.0198300374029	-0.0594165936233	0.021550739176	-0.0342914907846	-0.0368345014228	0.00430859926958	-0.0118852412179	0.0104203008061	-0.00578109424905	-0.00750548175206	-0.0118404648701	-0.0675846510134	-0.0437045435586	0.00337284882994	-0.00681647758238	0.046069194161	-0.0214503914705	-0.0316978445683	-0.042914554395	0.0100277395273	0.0213525509781
k__Bacteria;p__Bacteroidetes;c__Bacteroidia;o__Bacteroidales;f__Odoribacteraceae;g__Odoribacter;s__Odoribacter_splanchnicus	0.039753785301	0.0515641176739	0.0351654130729	0.0323218711603	-0.0282766472979	-0.00995071216446	0.000361822505991	-0.0383884901782	0.0985006183633	0.0435851756903	0.0287858310452	-0.00195007458725	0.0369184543778	-0.0427628318641	-0.0582768256719	0.0287394728868	0.0254886197397	0.00464199113725	-0.0387898523995	1.0	0.0586962524305	-0.0246131870578	-0.0541236239822	-0.010881052662	-0.00131427048658	-0.0141985703589	0.0149113501878	-0.0328803874774	0.0273635699885	-0.0124160573557	-0.0126231950974	-0.0425192578343	0.0124892628806	0.0205314696308	0.0228580275926	-0.0184326954909	-0.0385148234372	-0.0342296182175	-0.03230418857	-0.00137020112961	-0.0154874783434	-0.0119005204173	0.0259393805421	-0.0078514299935	-0.041488973974	-0.043079675177	0.00451631488938	0.0175291561407	-0.0296790123237	-0.028433378346	-0.0135645136757	-0.0265704269834	-0.000701083191368	-0.0656714092859	-0.0445310371507	0.0072592729052	-0.00551937680132	0.0180726116562	0.0133435474309
k__Bacteria;p__Bacteroidetes;c__Bacteroidia;o__Bacteroidales;f__Bacteroidaceae;g__Bacteroides;s__Bacteroides_salyersiae	0.0242938879243	0.0363792676903	0.0176112438881	0.00401686083114	-0.00827728102501	0.0225456594761	0.0250010214578	0.0138108838053	-0.00279039492092	0.0104495656372	0.0453093448425	-0.00114983744547	-0.0536061665891	-0.0282739615081	-0.0407727156036	-0.0192907406661	-0.0258317343646	-0.00193161150992	-0.00581242130084	0.0586962524305	1.0	-0.0145516358625	-0.00138295360924	-0.020247034768	0.0124372419791	-0.00358906347849	0.0172442979694	-0.0235126287223	-0.0053415095929	0.0286885520518	0.0255841314884	-0.0110477413839	0.000872794522377	-0.0195993369614	0.0277057377898	-0.0318875946651	-0.0200515025155	-0.0125875883184	0.0260771839739	-0.0398865677734	-0.0383690546055	-0.00132394590872	-0.0781436160607	0.024080432526	0.00252885537554	0.00641678822476	-0.0978251097048	-0.0388153417646	-0.0691858644699	-0.0760651578404	-0.0245270690488	-0.00523613981898	0.000333677839506	-0.0138304102997	0.0113626554093	0.0214856125408	-0.0203078129037	-0.027264506015	0.031025138848
k__Bacteria;p__Firmicutes;c__Clostridia;o__Clostridiales;f__Ruminococcaceae;g__Ruminiclostridium;s__[Eubacterium]_siraeum	-0.0304634265682	0.0448152863705	0.0580367522353	-0.0278394560515	0.0288890915115	-0.013932101263	0.0136669694614	-0.00286932352273	-0.0631924060324	0.0611917266789	-0.0184008621345	-0.0196181033658	0.0413178544698	-0.00164334578276	0.0188171878142	0.0292514640882	-0.0424484024081	0.0175995287526	0.00990339102106	-0.0246131870578	-0.0145516358625	1.0	-0.0663241364156	0.0316845391489	-0.0181728611333	-0.0072466181663	-0.0504523167683	0.0424666693973	0.0228705287475	-0.029109071104	-0.00352248348809	0.0505177558008	-0.0535501744939	0.0338461565906	-0.0178654967906	0.0130552068305	-0.018854972141	-0.0202428051095	0.00966730614179	-0.0538520189207	0.0186061221675	-0.0882039582492	-0.00142640737697	-0.0129885664439	5.50131556738e-05	0.0191895974903	-0.0134878976019	-0.0435558780458	0.00213465664626	-0.0140420901613	-0.0563738185537	-0.021245569786	-0.0420446412081	-0.00664617044804	-0.0245063226641	-0.00361909512597	0.0102119499533	0.0273813871576	-0.0681147166012
k__Bacteria;p__Proteobacteria;c__Betaproteobacteria;o__Burkholderiales;f__Sutterellaceae;g__Parasutterella;s__Parasutterella_excrementihominis	-0.0315570072936	-0.00823704064615	-0.028249660527	-0.0202604554166	-0.0404274818428	0.00715513236673	-0.000743539673319	-0.0107718638808	0.0303780431041	-0.00561077008745	-0.0163486290271	-0.0311437544141	-0.0432029824897	0.0135479706938	0.0519687153896	0.0137447514063	0.0188999207035	-0.0172619018957	0.0400822083998	-0.0541236239822	-0.00138295360924	-0.0663241364156	1.0	0.0290878090787	-0.00764300173853	0.0371865064679	-0.0236336605542	0.00404312480675	0.0260177349979	-0.0141376017376	0.00380288797193	-0.00587836412931	-0.00548513695833	-0.0355094894498	0.0285769884458	-0.0167895990927	-0.0607899964731	0.0513698614632	-0.0169234893975	0.0449526265209	0.0371557711762	0.0269657511003	-0.0265920949451	-0.045629448394	0.0361863336002	-0.035212732263	0.00637128167469	0.0316817147653	-0.0297056451401	-0.00155457086908	0.017697097994	-0.00738328811471	0.0160748659677	-0.0237259091279	-0.00625501046521	0.00693866006169	-0.0492175767129	-0.0289791063858	-0.0148075280442
k__Bacteria;p__Actinobacteria;c__Actinobacteria;o__Bifidobacteriales;f__Bifidobacteriaceae;g__Bifidobacterium;s__Bifidobacterium_adolescentis	0.00178760588688	-0.030601039879	0.0132138694977	-0.0464257277865	-0.0548715346279	0.0445523560868	-0.0255043213296	-0.00931689631837	0.0144300881586	-0.00727617770075	-0.040700694029	-0.0129274985791	-0.0308236625955	0.0419870105901	0.00835368746316	0.0264188194117	0.037799154996	0.03071726428	-0.0020515693675	-0.010881052662	-0.020247034768	0.0316845391489	0.0290878090787	1.0	0.0383714641016	0.0427344640493	0.0017736399192	-0.0468240671649	-0.0283072612389	-0.00102800952523	0.0286513509378	0.014894979676	-0.0127270635147	0.0201158407915	-0.014151861194	-0.0284324629601	-0.0450925468568	-0.0037674050175	0.00154583677554	-0.0122333454491	-0.0660539426661	0.00232945449736	0.0307308372217	-0.00550988094683	-0.0415129609274	0.00621070743915	-0.0164637778452	-0.035939186041	-0.0528568113463	-0.0429273374124	-0.0176603485562	-0.0268015280179	0.0271910547413	-0.0333708059477	-0.00645021380273	-0.00860309860952	0.0109988307159	0.0626235449713	-0.00947365808247
k__Bacteria;p__Firmicutes;c__Clostridia;o__Clostridiales;f__Oscillospiraceae;g__Oscillibacter;s__Oscillibacter_sp._KLE_1745	-0.0270152973568	-0.0158232034437	0.00134224982374	-0.0430197372736	0.0475253910875	0.0281632260781	0.0337085951362	0.0220540944712	0.00765430069382	0.0111528567956	-0.0393446116505	-0.019699925338	-0.0767300298678	-0.00300342924012	0.0113840444885	0.0259037939842	0.0389493827723	-0.00892915957797	-0.0357897230906	-0.00131427048658	0.0124372419791	-0.0181728611333	-0.00764300173853	0.0383714641016	1.0	-0.00563750085053	-0.00943678328966	-0.0683072916571	-0.000127906672042	0.0240592583044	-0.00640746128196	-0.03712022123	0.0157877473445	0.0388775706153	0.0269809539546	0.00744078968023	-0.000556508715399	0.00852575860363	0.0138088198733	-0.045727540767	-0.0288264427286	-0.0480091189796	-0.0508690959355	-0.05114389919	-0.0127241925684	-0.0046339355367	-0.0113210929108	0.0366602090191	-0.00705974497034	0.0689343263944	-0.0122198357627	-0.0286952521302	0.0415810436627	0.0099440464259	0.00108392478158	-0.0369843053409	0.0230888934437	-0.0138477276218	0.0242727584114
k__Bacteria;p__Bacteroidetes;c__Bacteroidia;o__Bacteroidales;f__Bacteroidaceae;g__Bacteroides;s__Bacteroides_coprophilus	0.00330015069942	-0.0641233653006	0.0549306991728	0.0424046518032	0.0169966000385	-0.0301472727095	0.002531286324	0.00641084410432	-0.027101489049	-0.0402097502084	-0.0374010592615	-0.00562950529775	-0.00654201906829	-0.00211525785378	-0.0154647828482	0.0179795015627	-0.0577528842104	0.0379997267105	-0.0569813149328	-0.0141985703589	-0.00358906347849	-0.0072466181663	0.0371865064679	0.0427344640493	-0.00563750085053	1.0	0.0502241750506	0.0093176383552	-0.0099123510593	-0.00795112536348	-0.0586055996501	0.026788730418	0.0155317786847	-0.0687878443849	-0.0270306731686	-0.0182861241859	-0.0819567723074	-0.0261244229783	-0.0366187260725	-0.0214964895126	0.00553922401414	0.0245306980986	0.00349098093793	-0.0361155591459	-0.0257813430739	0.003019626373	0.000336255358662	-0.00356422848874	-0.0197471875933	-0.0221393294772	-0.0177095142582	0.00508644496282	0.0131950194588	0.00969750936158	-0.010295390973	-0.00995628985454	-0.0289545442135	-0.0135293934796	-0.00228497400098
k__Bacteria;p__Firmicutes;c__Clostridia;o__Clostridiales;f__Lachnospiraceae;g__Roseburia;s__Roseburia_intestinalis	-0.00888546155575	0.0337064396491	-0.0570488015029	0.0286953415128	0.0552917190967	-0.0289422122084	0.0681562313106	-0.06337301246	-0.0194466975706	-0.0030554716618	-0.0627760058421	-0.040094743738	0.0325467902202	-0.0473450218016	-0.0194089368033	-0.0139444212089	-0.0473476166331	0.0761776789411	-0.0365153335424	0.0149113501878	0.0172442979694	-0.0504523167683	-0.0236336605542	0.0017736399192	-0.00943678328966	0.0502241750506	1.0	0.029130467788	0.0185443148524	-0.0250064954711	0.0550635313641	-0.0276365571061	-0.0101006677177	-0.0403790228429	0.0118417953293	-0.0213350067016	0.0508072931881	0.0588333915048	7.23801961436e-05	0.0590545232882	0.00888965438863	0.0720550410882	-0.0156136292496	-0.0322594426629	-0.0125375515343	-0.0625902990641	0.0179979553761	-0.0456975365194	-0.0246688787535	-0.0179839409812	0.00593456558482	-0.103297908377	-0.0483882793168	0.0210988336347	0.040208452458	0.0231531535043	0.0318127547628	-0.0786872435977	-0.0242480574945
k__Bacteria;p__Firmicutes;c__Clostridia;o__Clostridiales;f__Lachnospiraceae;g__Roseburia;s__Roseburia_hominis	-0.0189730777167	-0.0455343726859	0.0565201284317	-0.0469397992003	-0.025344513257	-0.0119992467698	-0.0187073364711	-0.0262463528854	0.0456465311931	0.010422318045	-0.00641132185726	0.0282440954969	0.0234094319732	-0.0199759660233	0.010533436762	-0.0405130594582	-0.0102000434261	0.0070169423027	0.00262927933535	-0.0328803874774	-0.0235126287223	0.0424666693973	0.00404312480675	-0.0468240671649	-0.0683072916571	0.0093176383552	0.029130467788	1.0	-0.0122713427986	0.018108388235	0.0218810968073	0.00421204518618	0.00597323618269	-0.0211457357539	-0.0667526249512	0.0152889202594	0.0163109065406	0.0102479954079	-0.0345469279413	-0.0608872656295	-0.0189829945755	-0.026895191442	-0.0205034032437	-0.00837382146883	0.00867973638578	-0.0378985633791	-0.0353340969598	-5.48843247513e-05	0.036724303734	-0.038644203996	0.00263781916885	-0.0611026087945	-0.0146811618451	0.041622892779	0.00965267524149	-0.0117813325844	0.00483698160776	-0.0421180628582	-0.0105029630996
k__Bacteria;p__Bacteroidetes;c__Bacteroidia;o__Bacteroidales;f__Porphyromonadaceae;g__Parabacteroides;s__Parabacteroides_johnsonii	0.0313891841588	-0.0623081987639	0.0172963819049	0.0185571927654	-0.113119241093	-0.0125887206302	-0.00627621784265	-0.012877225912	0.0308247964614	-0.0582283778778	-0.0429884525006	-0.0101247824112	-0.0276554718033	0.00833930094148	-0.0267986765852	-0.00904845292673	-0.0200143278155	-0.0392603795882	-0.00754726559768	0.0273635699885	-0.0053415095929	0.0228705287475	0.0260177349979	-0.0283072612389	-0.000127906672042	-0.0099123510593	0.0185443148524	-0.0122713427986	1.0	-0.013928158742	0.0500074534972	0.0333062064082	-0.0115246824837	-0.0014959990327	0.00556221813228	-0.065182732672	0.00134649690373	0.0129754112796	-0.0581448909643	-0.0301649245832	-0.0390105493444	0.0571962641883	0.0354579631962	-0.0507177079917	0.00601628705896	-0.0190752311323	0.0112109657288	0.00186565951369	0.0270486321791	0.0370651527136	0.0287746829355	-0.0410365715975	0.00056628190029	0.0110550913539	0.00448541334569	0.0637712972889	-0.0198904680787	-0.017197676886	0.0105173856388
k__Bacteria;p__Actinobacteria;c__Actinobacteria;o__Bifidobacteriales;f__Bifidobacteriaceae;g__Bifidobacterium;s__Bifidobacterium_longum	0.0347871554119	0.0270680779237	0.0044951237075	0.0578325104935	-0.00816980207043	-0.049695437004	0.00881335745227	-0.00852132838908	-0.0263723554887	0.00596776108937	-0.0194878512261	0.0231999591192	0.0102238936276	0.0052008000112	-0.00854835447529	0.0216593142093	-0.0201102881421	-0.0273058388617	0.00627137363487	-0.0124160573557	0.0286885520518	-0.029109071104	-0.0141376017376	-0.00102800952523	0.0240592583044	-0.00795112536348	-0.0250064954711	0.018108388235	-0.013928158742	1.0	-0.0049745025493	-0.0634021335869	0.0179709156913	-0.0311128467192	0.0140204224656	-0.0166289771015	0.0297504574056	0.0309725953189	-0.0307551650809	0.0374218728679	0.0554133966677	0.0430100196198	-0.0286072296447	-0.0206425758721	0.0436441357734	0.0339614564837	-0.0413795245175	-0.0419605739184	0.00869888287872	0.024586827974	0.0142380042622	0.0281065084252	-0.0155562459921	-0.0351507352829	-0.00617655629467	-0.0199571335225	0.0202331614491	0.0801872978905	-0.00935489548408
