#taxonomy	k__Bacteria;p__Bacteroidetes;c__Bacteroidia;o__Bacteroidales;f__Bacteroidaceae;g__Bacteroides;s__Bacteroides_vulgatus	k__Bacteria;p__Bacteroidetes;c__Bacteroidia;o__Bacteroidales;f__Bacteroidaceae;g__Bacteroides;s__Bacteroides_uniformis	k__Bacteria;p__Bacteroidetes;c__Bacteroidia;o__Bacteroidales;f__Rikenellaceae;g__Alistipes;s__Alistipes_putredinis	k__Bacteria;p__Bacteroidetes;c__Bacteroidia;o__Bacteroidales;f__Prevotellaceae;g__Prevotella;s__Prevotella_copri	k__Bacteria;p__Bacteroidetes;c__Bacteroidia;o__Bacteroidales;f__Bacteroidaceae;g__Bacteroides;s__Bacteroides_stercoris	k__Bacteria;p__Bacteroidetes;c__Bacteroidia;o__Bacteroidales;f__Bacteroidaceae;g__Bacteroides;s__Bacteroides_ovatus	k__Bacteria;p__Bacteroidetes;c__Bacteroidia;o__Bacteroidales;f__Rikenellaceae;g__Alistipes;s__Alistipes_shahii	k__Bacteria;p__Firmicutes;c__Clostridia;o__Clostridiales;f__Ruminococcaceae;g__Faecalibacterium;s__Faecalibacterium_prausnitzii	k__Bacteria;p__Bacteroidetes;c__Bacteroidia;o__Bacteroidales;f__Rikenellaceae;g__Alistipes;s__Alistipes_finegoldii	k__Bacteria;p__Bacteroidetes;c__Bacteroidia;o__Bacteroidales;f__Porphyromonadaceae;g__Parabacteroides;s__Parabacteroides_distasonis	k__Bacteria;p__Bacteroidetes;c__Bacteroidia;o__Bacteroidales;f__Bacteroidaceae;g__Bacteroides;s__Bacteroides_thetaiotaomicron	k__Bacteria;p__Bacteroidetes;c__Bacteroidia;o__Bacteroidales;f__Bacteroidaceae;g__Bacteroides;s__Bacteroides_coprocola	k__Bacteria;p__Bacteroidetes;c__Bacteroidia;o__Bacteroidales;f__Bacteroidaceae;g__Bacteroides;s__Bacteroides_cellulosilyticus	k__Bacteria;p__Bacteroidetes;c__Bacteroidia;o__Bacteroidales;f__Rikenellaceae;g__Alistipes;s__Alistipes_obesi	k__Bacteria;p__Firmicutes;c__Clostridia;o__Clostridiales;f__Lachnospiraceae;g__;s__[Eubacterium]_rectale	k__Bacteria;p__Bacteroidetes;c__Bacteroidia;o__Bacteroidales;f__Bacteroidaceae;g__Bacteroides;s__Bacteroides_plebeius	k__Bacteria;p__Bacteroidetes;c__Bacteroidia;o__Bacteroidales;f__Bacteroidaceae;g__Bacteroides;s__Bacteroides_fragilis	k__Bacteria;p__Proteobacteria;c__Betaproteobacteria;o__Burkholderiales;f__Sutterellaceae;g__Sutterella;s__Sutterella_wadsworthensis	k__Bacteria;p__Bacteroidetes;c__Bacteroidia;o__Bacteroidales;f__Porphyromonadaceae;g__Barnesiella;s__Barnesiella_intestinihominis	k__Bacteria;p__Bacteroidetes;c__Bacteroidia;o__Bacteroidales;f__Odoribacteraceae;g__Odoribacter;s__Odoribacter_splanchnicus	k__Bacteria;p__Bacteroidetes;c__Bacteroidia;o__Bacteroidales;f__Bacteroidaceae;g__Bacteroides;s__Bacteroides_salyersiae	k__Bacteria;p__Firmicutes;c__Clostridia;o__Clostridiales;f__Ruminococcaceae;g__Ruminiclostridium;s__[Eubacterium]_siraeum	k__Bacteria;p__Proteobacteria;c__Betaproteobacteria;o__Burkholderiales;f__Sutterellaceae;g__Parasutterella;s__Parasutterella_excrementihominis	k__Bacteria;p__Actinobacteria;c__Actinobacteria;o__Bifidobacteriales;f__Bifidobacteriaceae;g__Bifidobacterium;s__Bifidobacterium_adolescentis	k__Bacteria;p__Firmicutes;c__Clostridia;o__Clostridiales;f__Oscillospiraceae;g__Oscillibacter;s__Oscillibacter_sp._KLE_1745	k__Bacteria;p__Bacteroidetes;c__Bacteroidia;o__Bacteroidales;f__Bacteroidaceae;g__Bacteroides;s__Bacteroides_coprophilus	k__Bacteria;p__Firmicutes;c__Clostridia;o__Clostridiales;f__Lachnospiraceae;g__Roseburia;s__Roseburia_intestinalis	k__Bacteria;p__Firmicutes;c__Clostridia;o__Clostridiales;f__Lachnospiraceae;g__Roseburia;s__Roseburia_hominis	k__Bacteria;p__Bacteroidetes;c__Bacteroidia;o__Bacteroidales;f__Porphyromonadaceae;g__Parabacteroides;s__Parabacteroides_johnsonii	k__Bacteria;p__Actinobacteria;c__Actinobacteria;o__Bifidobacteriales;f__Bifidobacteriaceae;g__Bifidobacterium;s__Bifidobacterium_longum	k__Bacteria;p__Firmicutes;c__Clostridia;o__Clostridiales;f__;g__Flavonifractor;s__Flavonifractor_plautii	k__Bacteria;p__Firmicutes;c__Clostridia;o__Clostridiales;f__Clostridiaceae;g__Clostridium;s__Clostridium_phoceensis	k__Bacteria;p__Verrucomicrobia;c__Verrucomicrobiae;o__Verrucomicrobiales;f__Akkermansiaceae;g__Akkermansia;s__Akkermansia_muciniphila	k__Bacteria;p__Bacteroidetes;c__Bacteroidia;o__Bacteroidales;f__Prevotellaceae;g__Paraprevotella;s__Paraprevotella_xylaniphila	k__Bacteria;p__Firmicutes;c__Clostridia;o__Clostridiales;f__Ruminococcaceae;g__Ruminococcus;s__Ruminococcus_callidus	k__Bacteria;p__Bacteroidetes;c__Bacteroidia;o__Bacteroidales;f__Rikenellaceae;g__Alistipes;s__Alistipes_senegalensis	k__Bacteria;p__Firmicutes;c__Clostridia;o__Clostridiales;f__Lachnospiraceae;g__Blautia;s__Blautia_sp._KLE_1732	k__Bacteria;p__Bacteroidetes;c__Bacteroidia;o__Bacteroidales;f__Bacteroidaceae;g__Bacteroides;s__Bacteroides_oleiciplenus	k__Bacteria;p__Firmicutes;c__Clostridia;o__Clostridiales;f__Ruminococcaceae;g__Ruminococcus;s__Ruminococcus_bicirculans	k__Bacteria;p__Bacteroidetes;c__Bacteroidia;o__Bacteroidales;f__Bacteroidaceae;g__Bacteroides;s__Bacteroides_fluxus	k__Bacteria;p__Bacteroidetes;c__Bacteroidia;o__Bacteroidales;f__Prevotellaceae;g__Prevotella;s__Prevotella_stercorea	k__Bacteria;p__Firmicutes;c__Clostridia;o__Clostridiales;f__Lachnospiraceae;g__Dorea;s__Dorea_longicatena	k__Bacteria;p__Firmicutes;c__Clostridia;o__Clostridiales;f__Eubacteriaceae;g__Eubacterium;s__[Eubacterium]_eligens	k__Bacteria;p__Firmicutes;c__Clostridia;o__Clostridiales;f__Ruminococcaceae;g__;s__Ruminococcaceae_bacterium_D16	k__Bacteria;p__Firmicutes;c__Clostridia;o__Clostridiales;f__Lachnospiraceae;g__Coprococcus;s__Coprococcus_comes	k__Bacteria;p__Proteobacteria;c__Gammaproteobacteria;o__Enterobacterales;f__Enterobacteriaceae;g__Escherichia;s__Escherichia_coli	k__Bacteria;p__Firmicutes;c__Clostridia;o__Clostridiales;f__Ruminococcaceae;g__Anaerotruncus;s__Anaerotruncus_colihominis	k__Bacteria;p__Firmicutes;c__Clostridia;o__Clostridiales;f__Lachnospiraceae;g__Blautia;s__Blautia_obeum	k__Bacteria;p__Bacteroidetes;c__Bacteroidia;o__Bacteroidales;f__Odoribacteraceae;g__Odoribacter;s__Odoribacter_laneus	k__Bacteria;p__Firmicutes;c__Clostridia;o__Clostridiales;f__Ruminococcaceae;g__Ruminiclostridium;s__[Clostridium]_leptum	k__Bacteria;p__Bacteroidetes;c__Bacteroidia;o__Bacteroidales;f__Porphyromonadaceae;g__Parabacteroides;s__Parabacteroides_goldsteinii	k__Bacteria;p__Firmicutes;c__Clostridia;o__Clostridiales;f__Lachnospiraceae;g__Anaerostipes;s__Anaerostipes_hadrus	k__Bacteria;p__Firmicutes;c__Clostridia;o__Clostridiales;f__Ruminococcaceae;g__Ruminococcus;s__Ruminococcus_lactaris	k__Bacteria;p__Firmicutes;c__Clostridia;o__Clostridiales;f__Clostridiaceae;g__Clostridium;s__Clostridium_sp._L2-50	k__Bacteria;p__Firmicutes;c__Clostridia;o__Clostridiales;f__Clostridiaceae;g__Clostridium;s__Clostridium_sp._M62/1	k__Bacteria;p__Firmicutes;c__Clostridia;o__Clostridiales;f__;g__Intestinimonas;s__Intestinimonas_butyriciproducens	k__Bacteria;p__Actinobacteria;c__Actinobacteria;o__Bifidobacteriales;f__Bifidobacteriaceae;g__Bifidobacterium;s__Bifidobacterium_bifidum	k__Bacteria;p__Firmicutes;c__Negativicutes;o__Veillonellales;f__Veillonellaceae;g__Dialister;s__Dialister_invisus	k__Bacteria;p__Bacteroidetes;c__Bacteroidia;o__Bacteroidales;f__Bacteroidaceae;g__Bacteroides;s__Bacteroides_salanitronis
k__Bacteria;p__Bacteroidetes;c__Bacteroidia;o__Bacteroidales;f__Bacteroidaceae;g__Bacteroides;s__Bacteroides_vulgatus	1.0	-0.0253321410674	0.00514046062158	-0.00849483445	-0.0364902999515	0.00627941027512	0.0196767701115	-0.00628734411892	0.0270673578385	-0.023485405907	0.0388912079417	0.0127191541359	0.0187607057973	-0.00545376790817	-0.00564091531845	0.0625886774769	-0.0586592258362	-0.0112140478071	-0.0281946499005	0.00444487652243	-0.0365687797965	0.00128724035507	-0.0281521315356	0.0362919303832	0.00588372563798	-0.000723000894432	-0.00136729010662	-0.0139718153995	-0.051305357168	-0.00456420043039	-0.0685090845952	-0.0264943053519	-0.0426026883073	0.0156509952657	0.0261238814608	0.0253781324913	-0.0150533292989	0.00967511020928	0.0444713869019	-0.00652989130518	-0.0873260721126	0.0558990915098	-0.0251170927728	0.0360888858446	-0.0522198652713	-0.0265465574789	0.00846556337041	-0.0584646498684	-0.00762493032627	-0.0230375246972	-0.0493232580191	0.0294337470964	0.0198105986865	-0.0223206186604	0.00526972981129	-0.0389936760241	0.0544608445129	0.027836918865	0.0287539731112
k__Bacteria;p__Bacteroidetes;c__Bacteroidia;o__Bacteroidales;f__Bacteroidaceae;g__Bacteroides;s__Bacteroides_uniformis	-0.0253321410674	1.0	0.0605181132821	-0.0481144595918	-0.0123200590657	-0.0272793832227	-0.0345588293348	0.0407694315062	0.0192071516197	0.0733757279089	-0.0355149065396	0.0352406052891	-0.0450178225386	0.0182638315796	0.0354810156726	0.0216981923985	-0.0344523402793	-0.038367393349	-0.037549075944	-0.00676978623256	-0.0213086226786	-0.0148006426318	-0.0390624484765	-0.0329249312148	0.0240876803254	-0.0255522916831	-0.0303378370824	0.00653465876377	0.0357653624321	0.0129148595524	-0.0263162860304	-0.00991139368076	-0.00531922229443	-0.034533800254	-0.0153891858635	0.0109243884936	-0.0216669517891	-0.0351806062712	-0.00306435603228	-0.0312432092051	-0.0276609827288	-0.0665837865035	-0.0376754966153	-0.0242015903331	0.0558725140711	-0.0673458094626	-0.0561667743845	-0.0300216377451	0.0303668692472	-0.0254609257915	0.045172231269	-0.0269152169	-0.0190746287311	0.0280361662131	0.0125092366474	0.00545213639677	-0.030431272619	-0.00402515573528	-0.017278277462
k__Bacteria;p__Bacteroidetes;c__Bacteroidia;o__Bacteroidales;f__Rikenellaceae;g__Alistipes;s__Alistipes_putredinis	0.00514046062158	0.0605181132821	1.0	-0.0240448526083	0.0167750269725	-0.0660172796604	-0.0130030765942	-0.0348648777021	-0.0300298723438	-0.00431477918848	-0.0179377558477	-0.0687695438856	-0.0328958573582	-0.0433489022722	0.00399657786125	-0.00706257322147	-0.00443427210862	-0.0347324402897	0.0481251633556	0.0120734566622	0.00786722239022	0.0286316136883	0.0020720966254	-0.00679444708096	-0.0337789655521	-0.0472338291195	0.0213320903806	-0.0181329182088	0.00613420409305	0.00425839442002	-0.025972999355	-0.0294267879084	0.0031313971417	-0.0174312126554	0.0230364668415	0.0143093446992	0.0204903327704	0.0191400848941	0.0117436618528	0.030721649378	0.0369296884935	-0.00535271376157	-0.00543549770771	0.0158588519511	-0.0262937968193	0.0102250168247	-0.0075867059339	-0.0550981895603	0.0143423909871	-0.0429431125543	-0.0248943995743	-0.0252869335181	0.0401044151097	-0.0340044915057	-0.0353949896503	-0.00308312237025	0.0449685313786	-0.0267574271742	-0.0200079408014
k__Bacteria;p__Bacteroidetes;c__Bacteroidia;o__Bacteroidales;f__Prevotellaceae;g__Prevotella;s__Prevotella_copri	-0.00849483445	-0.0481144595918	-0.0240448526083	1.0	-0.0533638217524	0.0041756689664	0.044484800714	-0.026744554881	0.00392006421021	0.0611553422141	-0.0352988791859	0.0664370606882	0.0338419518425	-0.0410341253452	-0.02277588457	0.010853986203	-0.0186742904542	-0.0387959671799	-0.031804887709	-0.029324551326	0.0120872893376	0.0171825027641	0.00135878634977	0.00242340007046	0.0193838698573	-0.0168852657601	0.0448616385165	-0.0430964237925	-0.0171055411161	0.00314340998087	0.0304951713544	0.000497616435812	0.0119678829722	0.0213904876928	-0.018951602805	0.00688622544261	0.0546827200337	-0.00308550690807	-0.0449557069099	0.00443096613229	-0.018353449276	0.00257004744822	0.00196470475077	-0.033086779591	-0.000227996288239	-0.00831048706799	0.0376310434717	-0.00187685398234	-0.00937292516756	0.0157636438252	0.0220488755866	0.0576183591676	-0.0120564550704	-0.0264388870913	0.0164345216892	0.00615147648947	0.0126544790085	-0.0155978562655	-0.0299321572535
k__Bacteria;p__Bacteroidetes;c__Bacteroidia;o__Bacteroidales;f__Bacteroidaceae;g__Bacteroides;s__Bacteroides_stercoris	-0.0364902999515	-0.0123200590657	0.0167750269725	-0.0533638217524	1.0	-0.0640939356694	0.000452695525666	-0.00967269932543	-0.0209453156855	0.0289084141351	0.00763474515821	0.0247513929847	-0.00230157239997	0.0366272923185	-0.0345156689567	-0.0303770367253	-0.0412575474335	-0.0294858078405	0.0761939540665	-0.0205517968172	0.0124634461778	-0.00743018591806	-0.00479708675535	0.000936581542888	-0.00732023453129	-0.00354632351783	-0.0345837714315	0.00872676609885	-0.0105783929502	-0.00553662087593	-0.059109500088	-0.00593697356866	-0.0194380387059	-0.0308160666568	0.0282164128832	-0.042503256094	0.025306624393	-0.0229682718177	-0.0145891126582	-0.0289684790839	-0.00368536357944	-0.0358437919945	-0.021364052076	-0.0499481722991	-0.0203027856014	0.0430101509879	0.0107315122835	0.0424521457239	0.0586760929061	0.00265425800768	-0.0363709066241	0.0203074651086	0.0445587056014	0.0253610528105	0.0110905750773	0.00482855625317	-0.0023591475427	-0.00598048475805	0.0418354814524
k__Bacteria;p__Bacteroidetes;c__Bacteroidia;o__Bacteroidales;f__Bacteroidaceae;g__Bacteroides;s__Bacteroides_ovatus	0.00627941027512	-0.0272793832227	-0.0660172796604	0.0041756689664	-0.0640939356694	1.0	-0.0338512552855	0.0403399798762	0.0106358689269	-0.0335379742233	-0.00761771741153	0.0328158331475	-0.0233332180003	0.00403189622106	-0.0181665303743	0.0209042499044	-0.00517924287689	0.0453818709187	-0.00288403174403	-0.00824063917542	0.00683304058785	0.00618601387453	-0.0347919953104	-0.0083648286414	-0.0069731780553	0.0542340742713	0.0540625524078	-0.0373008642455	-0.0149128852466	0.0187267843519	0.0056068850577	0.0427857298704	-0.0280040508634	-0.00055879660623	0.00342024981216	0.0368445625194	-0.034051526251	0.0128417788271	-0.0108063021331	-0.013341962173	-0.0187421236925	0.00611635196427	-0.0605085508045	-0.0398019224822	0.0182201800201	-0.005863398882	-0.029937253541	0.00622722432468	0.0238854736496	-0.00513897941926	-0.00973371495997	-0.0130165892212	-0.0222903472053	-0.0120090391256	-0.0129428109251	0.0815877853921	-0.0573289360677	-0.041657722361	0.0142404633436
k__Bacteria;p__Bacteroidetes;c__Bacteroidia;o__Bacteroidales;f__Rikenellaceae;g__Alistipes;s__Alistipes_shahii	0.0196767701114	-0.0345588293348	-0.0130030765942	0.044484800714	0.000452695525666	-0.0338512552855	1.0	-0.0420603068745	0.0214319622514	-0.0190218353829	-0.0131064655488	0.00887688354679	0.0028888831029	0.0287410940204	-0.0886152865243	0.0564902168435	-0.0101163606469	0.0258823470885	-0.00234621226855	-0.0568724914961	0.0181655234008	-0.0422478861522	-0.0303645735966	0.0127647440206	0.0246070305374	-0.0215568915314	0.0199340555054	0.0107419346782	0.0151076631078	-0.0257877088162	-0.00612596802737	-0.0444357817694	0.0040045035727	0.0120535748918	-0.0129322638248	-0.0453809973448	0.0363954376903	-0.0187186924828	-0.035384249737	0.0262889700895	0.017553625056	-0.0016701736853	-0.0197751257822	0.0125320498529	-0.0461305573517	-0.0077018213247	-0.0232135108801	-0.0716485335695	0.0325310595584	-0.0404431919527	-0.00157796308942	-0.0448212302763	0.0519160772315	-0.0507044131913	0.00243382547113	0.00537506138968	-0.0642700855971	-0.0515282351147	-0.0255524357719
k__Bacteria;p__Firmicutes;c__Clostridia;o__Clostridiales;f__Ruminococcaceae;g__Faecalibacterium;s__Faecalibacterium_prausnitzii	-0.00628734411892	0.0407694315062	-0.0348648777021	-0.026744554881	-0.00967269932543	0.0403399798762	-0.0420603068745	1.0	-0.0263927536558	0.010288349206	-0.0117450780529	0.0552948502159	0.0255367613386	-0.0253441834909	0.0306151864442	-0.00358667603741	0.000596789889667	-0.0613100404902	0.0286441918224	-0.00717845056848	-0.0697518447855	-0.0783853438462	0.0184751941994	-0.00507787679218	0.00180049878599	0.0178386280607	-0.00766685412897	0.00712537396603	-0.0352155263834	0.053735140612	0.0493520724992	-0.0166904041523	-0.00152206178979	-0.00288387113853	-0.0145234612156	-0.0407762448651	0.0120367249471	-0.0378325961953	-0.0037110695049	0.013897224166	-0.00968530509606	0.0398978046151	0.000522731370985	-0.0142607969671	-0.0205768779383	-0.0665982406862	0.00361563911763	0.0159983276797	-0.0804327215603	0.0397746864609	-0.010520754737	0.0283387251506	0.0406360384434	-0.0352486774959	-0.0498624973114	-0.00116201205061	-0.0551327826227	0.0126281680886	0.00381500106317
k__Bacteria;p__Bacteroidetes;c__Bacteroidia;o__Bacteroidales;f__Rikenellaceae;g__Alistipes;s__Alistipes_finegoldii	0.0270673578385	0.0192071516197	-0.0300298723438	0.00392006421021	-0.0209453156855	0.0106358689269	0.0214319622514	-0.0263927536558	1.0	-0.0072434780732	7.67504883969e-05	-0.00437610071172	0.0222884269254	0.0128783414251	-0.0376187850848	0.0229942889839	-0.0397838166153	-0.0287485465916	-0.0430301167105	0.0316628513654	-0.0677699194308	0.0243492171598	0.0205758500428	-0.0339803877183	-0.00384347906927	-0.0213598365911	0.0383647910687	0.0325452212806	-0.0465730025479	-0.0137107086757	-0.0198291541347	0.0136264715082	-0.0147126744832	0.058944632053	-0.0344756833497	0.00569093151047	-0.0517095936138	-0.015232889625	0.0305294259933	-0.0213416108428	-0.0199158559735	0.0225320561613	0.028028898362	0.0033510965264	0.00164602729889	0.00390195328201	-0.00205040238205	0.0278458003976	0.00833863189356	-0.0367546478435	-0.0441285416847	-0.05692474824	-0.0329770298371	-0.0178304584875	-0.0427886113911	0.0494011683185	-0.000802269810966	-0.0738568042695	0.00106655220899
k__Bacteria;p__Bacteroidetes;c__Bacteroidia;o__Bacteroidales;f__Porphyromonadaceae;g__Parabacteroides;s__Parabacteroides_distasonis	-0.023485405907	0.0733757279089	-0.00431477918848	0.0611553422141	0.0289084141351	-0.0335379742233	-0.0190218353829	0.010288349206	-0.0072434780732	1.0	-0.0151945811734	0.0499117174579	-0.0112456616528	0.0139371267705	0.00326865919065	-0.018783644705	0.0352608233991	-0.000496492514695	-0.0107417979426	-0.0368255752285	-0.029509846404	-0.022948412559	0.00565420326758	0.0264735087769	0.0161544130831	-0.0340607282717	-0.0252342389053	0.0283730211262	-0.0144957801559	-0.0521863124473	-0.0178089032715	0.003169130694	-0.0545671905466	0.0703323507029	-0.0470875231734	-0.0554543044179	0.0469095464732	-0.067475174999	-0.00443985536473	0.0383611820383	0.0269768528335	0.0135374116209	-0.00154153355376	0.031484645983	0.0203886076916	-0.00618160621117	0.0501490451647	-0.0489830610488	-0.0731167945578	-0.0220007522624	-0.0328329109557	-0.00513253008817	-0.000174889844336	-0.0310472709888	-0.0224534089641	0.00938773720212	-0.0508757672857	0.00638921838168	-0.0187563465493
k__Bacteria;p__Bacteroidetes;c__Bacteroidia;o__Bacteroidales;f__Bacteroidaceae;g__Bacteroides;s__Bacteroides_thetaiotaomicron	0.0388912079417	-0.0355149065396	-0.0179377558477	-0.0352988791859	0.00763474515821	-0.00761771741153	-0.0131064655488	-0.0117450780529	7.67504883969e-05	-0.0151945811734	1.0	0.00831523164691	-0.0138979013554	-0.0141738709119	0.0269880295411	0.0546617882929	0.045267204409	-0.00525710332498	0.0219527888017	-0.0211125098915	0.0295180686871	-0.00384869630132	0.00290904431904	-0.0093405916922	-0.015878579233	-0.00751903985494	0.0214835352596	-0.010566756919	0.00399641577039	-0.0205792916201	-0.0805636147607	-0.0324375670922	0.00811400923361	0.00999305440905	-0.0427855622508	-0.0160465588611	-0.0501417529218	0.00220346034263	-0.0137821993247	-0.0134728382952	0.0262793225458	-0.0743371843292	-0.030960325924	0.00418492014595	-0.0251148921135	-0.0436362237944	-0.0061874072786	-0.0233266178677	0.0235533402455	0.0580758046843	-0.0184065379377	0.00459365632029	-0.0248566833924	-0.0269258524706	-0.0212813636038	-0.0611507780665	-0.0105421322806	0.026921967528	0.0176769082481
k__Bacteria;p__Bacteroidetes;c__Bacteroidia;o__Bacteroidales;f__Bacteroidaceae;g__Bacteroides;s__Bacteroides_coprocola	0.0127191541359	0.0352406052891	-0.0687695438856	0.0664370606882	0.0247513929847	0.0328158331475	0.00887688354679	0.0552948502159	-0.00437610071172	0.0499117174579	0.00831523164691	1.0	0.0268650357318	-0.0138601824123	-0.034702477014	-0.0341838638632	-0.011301159677	-0.0288981151937	-0.00379367149582	-0.0320325138687	0.0253437721712	-0.0447102689803	-0.0212217154834	-0.00754670930113	0.0127802645797	-0.0109215374507	0.0731774393897	-0.0284196060706	-0.0110478235399	-0.02235017178	-0.0370959023549	-0.00261948306436	0.0159135301988	0.0102606829259	0.0128900531193	0.0399449871111	-0.00962949549531	-0.0120573750872	0.012351447844	0.0406208803045	0.0379407384124	-0.069648812039	-0.0515056448012	0.00215872892892	0.0028805947102	0.0136037404536	0.0104004564945	0.0165149878772	-0.0458841413943	-0.0215324788704	0.0233942729173	-0.000502706018361	0.0135375995718	-0.0773573250462	0.00232225433689	-0.0138718887898	-0.00123469996364	-0.0243619770561	-0.0495423897864
k__Bacteria;p__Bacteroidetes;c__Bacteroidia;o__Bacteroidales;f__Bacteroidaceae;g__Bacteroides;s__Bacteroides_cellulosilyticus	0.0187607057973	-0.0450178225386	-0.0328958573582	0.0338419518425	-0.00230157239997	-0.0233332180003	0.0028888831029	0.0255367613386	0.0222884269254	-0.0112456616528	-0.0138979013554	0.0268650357318	1.0	-0.00289748010719	0.0273591160651	0.034632109118	-0.0520132009288	0.0208302714017	-0.0134606653497	0.00669520256635	-0.000138771568999	-0.0215706527518	0.0586856651118	-0.0233800918713	-0.00991533353182	0.0163209287802	0.0590021568915	0.0335387132067	0.00586802972284	0.008996610407	0.0112805350932	-0.0363934447923	-0.0256092870292	-0.0139490889659	0.0254378454655	0.00574283708282	0.00339878396195	-0.0468924855077	-0.00239600470238	-0.0332768222585	-0.0209253955014	0.0687499443085	-0.0196947455616	-0.0166471250801	-0.00483313897555	-0.024593742526	-0.0190263886993	0.00893442771732	0.0614379801859	0.0498078502194	-0.0243625770136	0.00949241265426	-0.0402401404445	-0.0590777220907	-0.040244227873	-0.00141512793401	0.0572197678146	-0.00981323502933	0.00309769571459
k__Bacteria;p__Bacteroidetes;c__Bacteroidia;o__Bacteroidales;f__Rikenellaceae;g__Alistipes;s__Alistipes_obesi	-0.00545376790817	0.0182638315796	-0.0433489022722	-0.0410341253452	0.0366272923185	0.00403189622106	0.0287410940204	-0.0253441834909	0.0128783414251	0.0139371267705	-0.0141738709119	-0.0138601824123	-0.00289748010719	1.0	0.00948317219574	0.0225192392844	-0.0402589537341	-0.0257123598668	-0.00132697700902	0.0662492541905	0.0758815590274	0.0301092218549	-0.0203717859731	-0.0369019416508	-0.0262510913284	0.00838583105172	-0.00900855093003	0.0262612413442	-0.0368768086373	-0.0237998916818	0.0164093081817	-0.00270665133126	-0.0142016555721	-0.0507624383099	0.00575682501092	-0.0126577740041	-0.0389736127238	0.0186566025711	0.0179661385205	-0.0203581495345	0.00947946727458	-0.019331073904	-0.0296317736678	-0.0304716898275	-0.00456532368864	0.0240079787297	0.00143292077312	0.00781662566776	0.0327752981594	0.0391498669496	-0.0438714505296	-0.0124652869728	-0.0684440105482	-0.0125152423142	-0.0285545644905	-0.0200858770921	-0.0589209438414	0.0168263714897	0.00798674494969
k__Bacteria;p__Firmicutes;c__Clostridia;o__Clostridiales;f__Lachnospiraceae;g__;s__[Eubacterium]_rectale	-0.00564091531845	0.0354810156726	0.00399657786125	-0.02277588457	-0.0345156689567	-0.0181665303743	-0.0886152865243	0.0306151864442	-0.0376187850848	0.00326865919065	0.0269880295411	-0.034702477014	0.0273591160651	0.00948317219574	1.0	0.0566341365543	-0.0192462797975	0.0281073973685	-0.0642632244232	0.00678960603017	0.000880940738681	0.0421509067394	-0.00192737520504	-0.00943872948012	0.0255860952424	0.0301500901351	0.0205440206908	-0.0508257050914	0.0046971823417	0.000333078636774	0.0346044673017	0.0383267779683	-0.0182503639863	0.0344705841013	-0.0516088335134	-0.00209531556157	0.0209184013481	0.013269337619	-0.00467946857082	0.0301224047923	-0.0210404600593	-0.0401717627589	0.0251345545436	-0.0265985272086	-0.016534283417	-0.0334282245287	0.00475010074635	0.0137396729856	0.022136289798	0.0529862213517	-0.0372587355171	0.0428764066533	-0.0655378501051	-0.0782689467723	0.02122427642	0.0142946822778	-0.0359869849106	-0.0354989994713	0.00947125405439
k__Bacteria;p__Bacteroidetes;c__Bacteroidia;o__Bacteroidales;f__Bacteroidaceae;g__Bacteroides;s__Bacteroides_plebeius	0.0625886774769	0.0216981923985	-0.00706257322147	0.010853986203	-0.0303770367253	0.0209042499044	0.0564902168435	-0.00358667603741	0.0229942889839	-0.018783644705	0.0546617882929	-0.0341838638632	0.034632109118	0.0225192392844	0.0566341365543	1.0	-0.0276909753251	-0.0322483460643	-0.0030568702035	-0.0152992078954	-0.0589743339142	0.00805040059506	-0.0494211430359	-0.0249339742308	0.0165169909777	0.0411292176183	-0.0487581301966	-0.0514060397489	-0.0169178086603	-0.0234134219411	-0.0101455619727	-0.0226950167777	-0.0650586579837	-0.00168898274628	-0.0241837011938	0.0116540058803	0.00114209698572	-0.0467649196045	-0.0143779723546	0.032292994237	-0.0126937471371	0.0525145860385	0.0193829945168	-0.0649406738441	-0.0585035461113	0.0111104403617	-0.0153501243239	-0.0124392271613	-0.000304068108055	0.0220308253945	-0.0370504378711	-0.0337795558936	-0.0481166275553	0.0271296367114	0.017290458767	0.0041160564011	-0.0369239594001	0.0346919219005	-0.00227546512934
k__Bacteria;p__Bacteroidetes;c__Bacteroidia;o__Bacteroidales;f__Bacteroidaceae;g__Bacteroides;s__Bacteroides_fragilis	-0.0586592258362	-0.0344523402793	-0.00443427210862	-0.0186742904542	-0.0412575474335	-0.00517924287689	-0.0101163606469	0.000596789889667	-0.0397838166153	0.0352608233991	0.045267204409	-0.011301159677	-0.0520132009288	-0.0402589537341	-0.0192462797975	-0.0276909753251	1.0	-0.0370300942082	-0.0223954129109	-0.0667494222982	-0.03794539499	0.0148500026519	0.00118133074651	-0.0116666413591	-0.0160971518705	-0.025328658168	0.00837804784337	-0.034238105014	-0.00200777407235	-0.0148170564181	-7.66439793553e-05	0.0072790746233	-0.0198085495072	-0.0114528841067	-0.00850200657068	-0.0181650554456	-0.0174011627986	0.00964547800517	-0.0342600891006	0.00877390615463	0.0363162382392	-0.0262610405891	-0.0546982031671	8.80211035109e-05	0.0108043577381	0.00637027137403	0.0156718385841	0.0198796383364	-0.0253024820563	0.0415918916771	-0.00315333836161	-0.0167405327751	-0.0622088311207	0.0132635111852	0.0380834471798	0.00605167315462	0.0390749372634	-0.0196987823086	-0.0381822815044
k__Bacteria;p__Proteobacteria;c__Betaproteobacteria;o__Burkholderiales;f__Sutterellaceae;g__Sutterella;s__Sutterella_wadsworthensis	-0.0112140478071	-0.038367393349	-0.0347324402897	-0.0387959671799	-0.0294858078405	0.0453818709187	0.0258823470885	-0.0613100404902	-0.0287485465916	-0.000496492514695	-0.00525710332498	-0.0288981151937	0.0208302714017	-0.0257123598668	0.0281073973685	-0.0322483460643	-0.0370300942082	1.0	-0.0402576427291	0.0243471622125	0.0896223030748	0.0397816746246	-0.0215857729746	-0.0224895841314	-0.072802138203	0.0189380172605	0.0139320171452	0.0579580178659	0.00232845070725	-0.0201886485116	0.0235789852559	-0.0326180545102	-0.0336776415031	0.0154388732403	0.0281877768986	0.0369362591258	-0.0200877459202	0.0115032422417	-0.00333269253324	0.00668740770384	0.00719890668583	-0.0143078083747	0.0234802446743	0.0189807208865	0.0106621592218	0.00626871288908	-0.0369921824087	0.00110437578924	0.0229985915632	-0.0177870541917	-0.0396525071565	-0.0291114061701	0.00207650708804	0.0096929685954	-0.0245249056937	-0.0668180993399	0.000946795738871	-0.00437415254736	-0.033891714411
k__Bacteria;p__Bacteroidetes;c__Bacteroidia;o__Bacteroidales;f__Porphyromonadaceae;g__Barnesiella;s__Barnesiella_intestinihominis	-0.0281946499005	-0.037549075944	0.0481251633556	-0.031804887709	0.0761939540665	-0.00288403174403	-0.00234621226855	0.0286441918224	-0.0430301167105	-0.0107417979426	0.0219527888017	-0.00379367149582	-0.0134606653497	-0.00132697700902	-0.0642632244232	-0.0030568702035	-0.0223954129109	-0.0402576427291	1.0	-0.0269055169496	-0.0580727319242	0.0148499321652	0.00117147991655	-0.00160778878362	-0.00122788415798	-0.0177390715597	-0.0312114597364	-0.030470237964	-0.0668786125377	-0.0176569841744	0.00744025375405	-0.0204514690261	0.015714326583	0.0037929486917	-0.00543705820903	0.0519317013949	0.0198160094086	0.0537484006227	-0.0449072340043	-0.0097405283129	-0.0367771532867	0.0255201338525	-0.0130078609078	-0.025317547254	-0.0581272491258	0.0630044637091	-0.086757310797	0.0616007954957	-0.0207138353842	0.0168605431532	-0.00633695125133	0.0208425803704	0.0330055432606	0.0411016416972	-0.0184254966316	-0.0676170313616	-0.0181434789894	-0.0238759027434	0.00155309011555
k__Bacteria;p__Bacteroidetes;c__Bacteroidia;o__Bacteroidales;f__Odoribacteraceae;g__Odoribacter;s__Odoribacter_splanchnicus	0.00444487652243	-0.00676978623256	0.0120734566622	-0.029324551326	-0.0205517968172	-0.00824063917542	-0.0568724914961	-0.00717845056848	0.0316628513654	-0.0368255752285	-0.0211125098915	-0.0320325138687	0.00669520256635	0.0662492541905	0.00678960603017	-0.0152992078954	-0.0667494222982	0.0243471622125	-0.0269055169496	1.0	0.0194652642188	-0.00929261574221	0.00277320223551	-0.00817857475099	-0.0359309736	-0.0500751288144	-0.0551134529879	-0.0540679889801	0.0295825415242	0.0345916292596	0.0279499828656	0.0838213775595	0.0116060010751	0.0229890264294	0.0274032916728	0.0361651527258	-0.00332451195261	-0.0848050407945	0.0739033377408	-0.0337033109644	-0.0635704120621	-0.0135997745158	0.0621771496108	-0.0305322091569	0.0231834464135	0.0145769411799	-0.0261653179416	-0.0258970131457	0.0241434004789	-0.0560871388542	0.0288306707654	-0.0195902208553	0.00387806872938	0.0122259206082	0.0348238427911	0.0351049122552	-0.0130309013822	-0.0475069152849	-0.040826630392
k__Bacteria;p__Bacteroidetes;c__Bacteroidia;o__Bacteroidales;f__Bacteroidaceae;g__Bacteroides;s__Bacteroides_salyersiae	-0.0365687797965	-0.0213086226786	0.00786722239022	0.0120872893376	0.0124634461778	0.00683304058785	0.0181655234008	-0.0697518447855	-0.0677699194308	-0.029509846404	0.0295180686871	0.0253437721712	-0.000138771568999	0.0758815590274	0.000880940738681	-0.0589743339142	-0.03794539499	0.0896223030748	-0.0580727319242	0.0194652642188	1.0	0.0560600748251	-0.0458523266215	-0.00356464477689	0.00794586155201	0.0276098604161	-0.0512145232049	0.0236980027664	-0.00712171814176	-0.0117341191235	-0.00447278194845	-0.00975697108758	0.0141037275678	-0.0184774241301	0.0286645194145	-0.00354932293252	-0.028895764574	-0.00103594566021	-0.0225962456055	-0.0141409221548	-0.028581153621	0.0108119021319	0.000585270005123	0.00911794923461	0.00828172452055	-0.0379312551742	-0.0353450565136	-0.044470842024	0.0303999038006	0.0149870037578	0.00844929415352	-0.0336871757897	0.0111702158454	-0.0537560955877	0.0189533029929	0.00910327977852	-0.0338859561787	-0.0471611591819	-0.00879509573906
k__Bacteria;p__Firmicutes;c__Clostridia;o__Clostridiales;f__Ruminococcaceae;g__Ruminiclostridium;s__[Eubacterium]_siraeum	0.00128724035507	-0.0148006426318	0.0286316136883	0.0171825027641	-0.00743018591806	0.00618601387453	-0.0422478861522	-0.0783853438462	0.0243492171598	-0.022948412559	-0.00384869630132	-0.0447102689803	-0.0215706527518	0.0301092218549	0.0421509067394	0.00805040059506	0.0148500026519	0.0397816746246	0.0148499321652	-0.00929261574221	0.0560600748251	1.0	0.0124111611145	-0.0290724253453	0.00592105871308	0.0380240463528	-0.0166721635009	-0.0269290270631	-0.0293377102893	-0.0344037444178	0.00404378339846	-0.000692954839698	-0.0253491345174	-0.0497431893465	0.00674670528645	0.0415126824796	0.00755620858249	-0.0175976555409	-0.0257726299548	0.0248970127	-0.038432792568	0.00999648500062	0.0351697489596	0.0135118458325	0.0119783666804	0.0877435810838	-0.0379638205088	0.0525293376163	-0.051157375586	-0.0656254502373	-0.0325978452151	-0.000739962211639	0.0188615964319	-0.00723125045283	0.0450468014517	-0.014164245306	-0.0350102276706	-0.0120801882664	-0.018522539941
k__Bacteria;p__Proteobacteria;c__Betaproteobacteria;o__Burkholderiales;f__Sutterellaceae;g__Parasutterella;s__Parasutterella_excrementihominis	-0.0281521315356	-0.0390624484765	0.0020720966254	0.00135878634977	-0.00479708675535	-0.0347919953104	-0.0303645735966	0.0184751941994	0.0205758500428	0.00565420326758	0.00290904431904	-0.0212217154834	0.0586856651118	-0.0203717859731	-0.00192737520504	-0.0494211430359	0.00118133074651	-0.0215857729746	0.00117147991655	0.00277320223551	-0.0458523266215	0.0124111611145	1.0	-0.00966799920314	-0.00703036227179	-0.0384962465526	-0.0493949021074	0.0143276177857	-0.0469757437744	0.0059134401409	-0.0122511463307	-0.0237830860113	0.0431393690166	-0.00883759466542	0.0118119216648	0.0353553577233	-0.00123253347285	0.032514975355	-0.0443887661185	0.0211192847646	0.0411562419689	-0.0244315331539	0.0117300147127	-0.0315493475199	-0.0543293014986	-0.0313505512697	-0.0166840776409	-0.0101918931898	0.0312887078562	-0.0155797525133	-0.0369394571219	-0.000941950667508	0.00265072554079	-0.0406299380904	-0.00328470374241	0.00095237352898	0.0487074760661	0.0103247286179	-0.0141076678843
k__Bacteria;p__Actinobacteria;c__Actinobacteria;o__Bifidobacteriales;f__Bifidobacteriaceae;g__Bifidobacterium;s__Bifidobacterium_adolescentis	0.0362919303832	-0.0329249312148	-0.00679444708096	0.00242340007046	0.000936581542888	-0.0083648286414	0.0127647440206	-0.00507787679218	-0.0339803877183	0.0264735087769	-0.0093405916922	-0.00754670930113	-0.0233800918713	-0.0369019416508	-0.00943872948012	-0.0249339742308	-0.0116666413591	-0.0224895841314	-0.00160778878362	-0.00817857475099	-0.00356464477689	-0.0290724253453	-0.00966799920314	1.0	0.0249694381483	0.0111449792871	-0.0134029934853	0.0151208609768	-0.0425442630795	-0.0616554511279	-0.0411363478298	-0.0361956366386	-0.0288932267079	-0.0678616682595	-0.010076054958	-0.007876779763	0.0426178512085	0.0126822361348	-0.0210821972893	-0.0233843582627	-0.0650568297516	-0.00239517494657	0.0043580814014	0.0148021460011	0.0109123567462	0.0630103283018	-0.0140753810679	-0.0698957705017	0.0483643079954	0.0307231592672	-0.0449433947353	0.0148439243524	-0.00798920109261	-0.0212835964463	-0.0196897207649	-0.00543769763071	-0.0464328727665	0.0279449099359	0.0714969961668
k__Bacteria;p__Firmicutes;c__Clostridia;o__Clostridiales;f__Oscillospiraceae;g__Oscillibacter;s__Oscillibacter_sp._KLE_1745	0.00588372563798	0.0240876803254	-0.0337789655521	0.0193838698573	-0.00732023453129	-0.0069731780553	0.0246070305374	0.00180049878599	-0.00384347906927	0.0161544130831	-0.015878579233	0.0127802645797	-0.00991533353182	-0.0262510913284	0.0255860952424	0.0165169909777	-0.0160971518705	-0.072802138203	-0.00122788415798	-0.0359309736	0.00794586155201	0.00592105871308	-0.00703036227179	0.0249694381483	1.0	-0.0585987800296	0.0243250028889	-0.00426144263287	-0.00936646911195	-0.00471572541851	-0.0039851235302	-0.0105528852907	0.0158331338641	-0.00617482893017	0.00906130342157	-0.0589891154107	0.0317407699297	-0.0619268348189	-0.0654567201818	0.0259344355096	0.00273633469117	-0.0136941293301	-0.0345918520271	0.0276494684923	-0.0137009044208	-0.040173704728	-0.0272761865555	-0.0876904222313	-0.0074865360707	0.00792435230423	-0.0179437623771	0.0255571012119	0.00834584642832	0.0115315600637	-0.030830529998	0.0581347453333	-0.0756246754562	0.0283871397737	0.0548618182322
k__Bacteria;p__Bacteroidetes;c__Bacteroidia;o__Bacteroidales;f__Bacteroidaceae;g__Bacteroides;s__Bacteroides_coprophilus	-0.000723000894432	-0.0255522916831	-0.0472338291195	-0.0168852657601	-0.00354632351783	0.0542340742713	-0.0215568915314	0.0178386280607	-0.0213598365911	-0.0340607282717	-0.00751903985494	-0.0109215374507	0.0163209287802	0.00838583105172	0.0301500901351	0.0411292176183	-0.025328658168	0.0189380172605	-0.0177390715597	-0.0500751288144	0.0276098604161	0.0380240463528	-0.0384962465526	0.0111449792871	-0.0585987800296	1.0	-0.0323598711419	0.00453960203714	-0.0151312632675	-0.0280812962061	-0.0469066290927	0.0268176171289	-0.0459403306349	0.060692736271	-0.0348410329985	-0.0159731136027	-0.0327248713513	-0.0170942131519	-0.064307736026	-0.0155926978917	-0.00593021118696	0.022670927424	-0.0256202552326	-0.0433485980034	0.0500138505738	-0.0578478997513	0.0480428464152	-0.0324163651137	0.0299002181208	0.0240456481345	-0.025029005239	0.0124488549506	-0.0244575802414	-0.0909930213768	-0.0336254115999	-0.0109047940066	-0.0431244498209	-0.0217561076077	0.0446811816523
k__Bacteria;p__Firmicutes;c__Clostridia;o__Clostridiales;f__Lachnospiraceae;g__Roseburia;s__Roseburia_intestinalis	-0.00136729010662	-0.0303378370824	0.0213320903806	0.0448616385165	-0.0345837714315	0.0540625524078	0.0199340555054	-0.00766685412897	0.0383647910687	-0.0252342389053	0.0214835352596	0.0731774393897	0.0590021568915	-0.00900855093003	0.0205440206908	-0.0487581301966	0.00837804784337	0.0139320171452	-0.0312114597364	-0.0551134529879	-0.0512145232049	-0.0166721635009	-0.0493949021074	-0.0134029934853	0.0243250028889	-0.0323598711419	1.0	-0.0256729162542	-0.0245720048052	0.0296052766899	0.0206050860437	-0.0404463596533	0.00107494400277	0.0836409491358	-0.0145336630653	-0.0278360984139	-0.0143584859247	-0.0115458513382	-0.011184475648	-0.0231957713441	0.0271336188118	-0.00773713671728	0.000464473615278	-0.00911396917771	-0.00914796155028	-0.0271705349007	-0.01947779744	-0.0398336936448	-0.0693464117802	-0.0150471924711	-0.0111100054207	-0.0732209673572	-0.00781533916081	-0.0033832124563	-0.0299260623087	-0.0157517797669	0.0237605761191	0.0227776991437	-0.0590649112031
k__Bacteria;p__Firmicutes;c__Clostridia;o__Clostridiales;f__Lachnospiraceae;g__Roseburia;s__Roseburia_hominis	-0.0139718153995	0.00653465876377	-0.0181329182088	-0.0430964237925	0.00872676609885	-0.0373008642455	0.0107419346782	0.00712537396603	0.0325452212806	0.0283730211262	-0.010566756919	-0.0284196060706	0.0335387132067	0.0262612413442	-0.0508257050914	-0.0514060397489	-0.034238105014	0.0579580178659	-0.030470237964	-0.0540679889801	0.0236980027664	-0.0269290270631	0.0143276177857	0.0151208609768	-0.00426144263287	0.00453960203714	-0.0256729162542	1.0	-0.0538301253406	-0.0708609212444	-0.025610948346	-0.0383024898622	0.00977968954025	-0.0440805839919	-0.00588142519401	-0.0467286254698	0.0127167040444	0.0130322502451	0.0436041793874	-0.0265536963308	0.00791305548124	-0.0749518631115	0.0237993693811	0.0138389370316	-0.0179110115025	0.00684387994492	-0.0150901818761	0.0838606686719	-0.0157357113118	-0.0172925308204	0.0349716623104	-0.0170916506628	-0.00360515475269	-0.0140237747902	0.0115418557887	-0.0288683578714	0.00850767335202	-0.0056144385539	0.0315908577113
k__Bacteria;p__Bacteroidetes;c__Bacteroidia;o__Bacteroidales;f__Porphyromonadaceae;g__Parabacteroides;s__Parabacteroides_johnsonii	-0.051305357168	0.0357653624321	0.00613420409305	-0.0171055411161	-0.0105783929502	-0.0149128852466	0.0151076631078	-0.0352155263834	-0.0465730025479	-0.0144957801559	0.00399641577039	-0.0110478235399	0.00586802972284	-0.0368768086373	0.0046971823417	-0.0169178086603	-0.00200777407235	0.00232845070725	-0.0668786125377	0.0295825415242	-0.00712171814176	-0.0293377102893	-0.0469757437744	-0.0425442630795	-0.00936646911195	-0.0151312632675	-0.0245720048052	-0.0538301253406	1.0	0.0185948031158	-0.0143472771108	0.0410443047724	0.01859116965	0.0383828071971	-0.0861327057841	0.0205014761341	-0.0146172017833	-0.0204577163677	0.014980415652	-0.00687047781054	0.0246085620953	-0.0596820647537	0.00660455488478	0.0278561056109	0.0682799526217	0.0496915833585	0.0183402204885	0.0080739826411	-0.0275647899481	0.0341763361091	-0.0052564298827	-0.0105516355441	-0.0288914771367	-0.0321727878773	-0.0470468365293	-0.0239741003358	0.000875084120158	8.40248038027e-05	-0.00480609129004
k__Bacteria;p__Actinobacteria;c__Actinobacteria;o__Bifidobacteriales;f__Bifidobacteriaceae;g__Bifidobacterium;s__Bifidobacterium_longum	-0.00456420043039	0.0129148595524	0.00425839442002	0.00314340998087	-0.00553662087593	0.0187267843519	-0.0257877088162	0.053735140612	-0.0137107086757	-0.0521863124473	-0.0205792916201	-0.02235017178	0.008996610407	-0.0237998916818	0.000333078636774	-0.0234134219411	-0.0148170564181	-0.0201886485116	-0.0176569841744	0.0345916292596	-0.0117341191235	-0.0344037444178	0.0059134401409	-0.0616554511279	-0.00471572541851	-0.0280812962061	0.0296052766899	-0.0708609212444	0.0185948031158	1.0	0.0591793882061	0.0345659976657	-0.0101401936444	-0.0178200954226	0.00120896139447	-0.0324695493454	-0.000482863392322	-0.0276145183024	0.011452662849	0.0566450277877	-0.0211088695444	-0.00447477637886	0.0551700369576	-0.0629597492964	0.0149397897814	0.00952289887481	-0.0217731286399	0.0224164509437	0.00249275754305	0.00923456335662	0.0231087883584	-0.0195803219385	0.00961550328319	0.0217491123372	-0.0124024237804	-0.0304119754062	0.0514613482678	-0.0343927475021	0.00311946018882
