#taxonomy	k__Bacteria;p__Bacteroidetes;c__Bacteroidia;o__Bacteroidales;f__Bacteroidaceae;g__Bacteroides;s__Bacteroides_vulgatus	k__Bacteria;p__Bacteroidetes;c__Bacteroidia;o__Bacteroidales;f__Bacteroidaceae;g__Bacteroides;s__Bacteroides_uniformis	k__Bacteria;p__Bacteroidetes;c__Bacteroidia;o__Bacteroidales;f__Rikenellaceae;g__Alistipes;s__Alistipes_putredinis	k__Bacteria;p__Bacteroidetes;c__Bacteroidia;o__Bacteroidales;f__Prevotellaceae;g__Prevotella;s__Prevotella_copri	k__Bacteria;p__Bacteroidetes;c__Bacteroidia;o__Bacteroidales;f__Bacteroidaceae;g__Bacteroides;s__Bacteroides_stercoris	k__Bacteria;p__Bacteroidetes;c__Bacteroidia;o__Bacteroidales;f__Bacteroidaceae;g__Bacteroides;s__Bacteroides_ovatus	k__Bacteria;p__Bacteroidetes;c__Bacteroidia;o__Bacteroidales;f__Rikenellaceae;g__Alistipes;s__Alistipes_shahii	k__Bacteria;p__Firmicutes;c__Clostridia;o__Clostridiales;f__Ruminococcaceae;g__Faecalibacterium;s__Faecalibacterium_prausnitzii	k__Bacteria;p__Bacteroidetes;c__Bacteroidia;o__Bacteroidales;f__Rikenellaceae;g__Alistipes;s__Alistipes_finegoldii	k__Bacteria;p__Bacteroidetes;c__Bacteroidia;o__Bacteroidales;f__Porphyromonadaceae;g__Parabacteroides;s__Parabacteroides_distasonis	k__Bacteria;p__Bacteroidetes;c__Bacteroidia;o__Bacteroidales;f__Bacteroidaceae;g__Bacteroides;s__Bacteroides_thetaiotaomicron	k__Bacteria;p__Bacteroidetes;c__Bacteroidia;o__Bacteroidales;f__Bacteroidaceae;g__Bacteroides;s__Bacteroides_coprocola	k__Bacteria;p__Bacteroidetes;c__Bacteroidia;o__Bacteroidales;f__Bacteroidaceae;g__Bacteroides;s__Bacteroides_cellulosilyticus	k__Bacteria;p__Bacteroidetes;c__Bacteroidia;o__Bacteroidales;f__Rikenellaceae;g__Alistipes;s__Alistipes_obesi	k__Bacteria;p__Firmicutes;c__Clostridia;o__Clostridiales;f__Lachnospiraceae;g__;s__[Eubacterium]_rectale	k__Bacteria;p__Bacteroidetes;c__Bacteroidia;o__Bacteroidales;f__Bacteroidaceae;g__Bacteroides;s__Bacteroides_plebeius	k__Bacteria;p__Bacteroidetes;c__Bacteroidia;o__Bacteroidales;f__Bacteroidaceae;g__Bacteroides;s__Bacteroides_fragilis	k__Bacteria;p__Proteobacteria;c__Betaproteobacteria;o__Burkholderiales;f__Sutterellaceae;g__Sutterella;s__Sutterella_wadsworthensis	k__Bacteria;p__Bacteroidetes;c__Bacteroidia;o__Bacteroidales;f__Porphyromonadaceae;g__Barnesiella;s__Barnesiella_intestinihominis	k__Bacteria;p__Bacteroidetes;c__Bacteroidia;o__Bacteroidales;f__Odoribacteraceae;g__Odoribacter;s__Odoribacter_splanchnicus	k__Bacteria;p__Bacteroidetes;c__Bacteroidia;o__Bacteroidales;f__Bacteroidaceae;g__Bacteroides;s__Bacteroides_salyersiae	k__Bacteria;p__Firmicutes;c__Clostridia;o__Clostridiales;f__Ruminococcaceae;g__Ruminiclostridium;s__[Eubacterium]_siraeum	k__Bacteria;p__Proteobacteria;c__Betaproteobacteria;o__Burkholderiales;f__Sutterellaceae;g__Parasutterella;s__Parasutterella_excrementihominis	k__Bacteria;p__Actinobacteria;c__Actinobacteria;o__Bifidobacteriales;f__Bifidobacteriaceae;g__Bifidobacterium;s__Bifidobacterium_adolescentis	k__Bacteria;p__Firmicutes;c__Clostridia;o__Clostridiales;f__Oscillospiraceae;g__Oscillibacter;s__Oscillibacter_sp._KLE_1745	k__Bacteria;p__Bacteroidetes;c__Bacteroidia;o__Bacteroidales;f__Bacteroidaceae;g__Bacteroides;s__Bacteroides_coprophilus	k__Bacteria;p__Firmicutes;c__Clostridia;o__Clostridiales;f__Lachnospiraceae;g__Roseburia;s__Roseburia_intestinalis	k__Bacteria;p__Firmicutes;c__Clostridia;o__Clostridiales;f__Lachnospiraceae;g__Roseburia;s__Roseburia_hominis	k__Bacteria;p__Bacteroidetes;c__Bacteroidia;o__Bacteroidales;f__Porphyromonadaceae;g__Parabacteroides;s__Parabacteroides_johnsonii	k__Bacteria;p__Actinobacteria;c__Actinobacteria;o__Bifidobacteriales;f__Bifidobacteriaceae;g__Bifidobacterium;s__Bifidobacterium_longum	k__Bacteria;p__Firmicutes;c__Clostridia;o__Clostridiales;f__;g__Flavonifractor;s__Flavonifractor_plautii	k__Bacteria;p__Firmicutes;c__Clostridia;o__Clostridiales;f__Clostridiaceae;g__Clostridium;s__Clostridium_phoceensis	k__Bacteria;p__Verrucomicrobia;c__Verrucomicrobiae;o__Verrucomicrobiales;f__Akkermansiaceae;g__Akkermansia;s__Akkermansia_muciniphila	k__Bacteria;p__Bacteroidetes;c__Bacteroidia;o__Bacteroidales;f__Prevotellaceae;g__Paraprevotella;s__Paraprevotella_xylaniphila	k__Bacteria;p__Firmicutes;c__Clostridia;o__Clostridiales;f__Ruminococcaceae;g__Ruminococcus;s__Ruminococcus_callidus	k__Bacteria;p__Bacteroidetes;c__Bacteroidia;o__Bacteroidales;f__Rikenellaceae;g__Alistipes;s__Alistipes_senegalensis	k__Bacteria;p__Firmicutes;c__Clostridia;o__Clostridiales;f__Lachnospiraceae;g__Blautia;s__Blautia_sp._KLE_1732	k__Bacteria;p__Bacteroidetes;c__Bacteroidia;o__Bacteroidales;f__Bacteroidaceae;g__Bacteroides;s__Bacteroides_oleiciplenus	k__Bacteria;p__Firmicutes;c__Clostridia;o__Clostridiales;f__Ruminococcaceae;g__Ruminococcus;s__Ruminococcus_bicirculans	k__Bacteria;p__Bacteroidetes;c__Bacteroidia;o__Bacteroidales;f__Bacteroidaceae;g__Bacteroides;s__Bacteroides_fluxus	k__Bacteria;p__Bacteroidetes;c__Bacteroidia;o__Bacteroidales;f__Prevotellaceae;g__Prevotella;s__Prevotella_stercorea	k__Bacteria;p__Firmicutes;c__Clostridia;o__Clostridiales;f__Lachnospiraceae;g__Dorea;s__Dorea_longicatena	k__Bacteria;p__Firmicutes;c__Clostridia;o__Clostridiales;f__Eubacteriaceae;g__Eubacterium;s__[Eubacterium]_eligens	k__Bacteria;p__Firmicutes;c__Clostridia;o__Clostridiales;f__Ruminococcaceae;g__;s__Ruminococcaceae_bacterium_D16	k__Bacteria;p__Firmicutes;c__Clostridia;o__Clostridiales;f__Lachnospiraceae;g__Coprococcus;s__Coprococcus_comes	k__Bacteria;p__Proteobacteria;c__Gammaproteobacteria;o__Enterobacterales;f__Enterobacteriaceae;g__Escherichia;s__Escherichia_coli	k__Bacteria;p__Firmicutes;c__Clostridia;o__Clostridiales;f__Ruminococcaceae;g__Anaerotruncus;s__Anaerotruncus_colihominis	k__Bacteria;p__Firmicutes;c__Clostridia;o__Clostridiales;f__Lachnospiraceae;g__Blautia;s__Blautia_obeum	k__Bacteria;p__Bacteroidetes;c__Bacteroidia;o__Bacteroidales;f__Odoribacteraceae;g__Odoribacter;s__Odoribacter_laneus	k__Bacteria;p__Firmicutes;c__Clostridia;o__Clostridiales;f__Ruminococcaceae;g__Ruminiclostridium;s__[Clostridium]_leptum	k__Bacteria;p__Bacteroidetes;c__Bacteroidia;o__Bacteroidales;f__Porphyromonadaceae;g__Parabacteroides;s__Parabacteroides_goldsteinii	k__Bacteria;p__Firmicutes;c__Clostridia;o__Clostridiales;f__Lachnospiraceae;g__Anaerostipes;s__Anaerostipes_hadrus	k__Bacteria;p__Firmicutes;c__Clostridia;o__Clostridiales;f__Ruminococcaceae;g__Ruminococcus;s__Ruminococcus_lactaris	k__Bacteria;p__Firmicutes;c__Clostridia;o__Clostridiales;f__Clostridiaceae;g__Clostridium;s__Clostridium_sp._L2-50	k__Bacteria;p__Firmicutes;c__Clostridia;o__Clostridiales;f__Clostridiaceae;g__Clostridium;s__Clostridium_sp._M62/1	k__Bacteria;p__Firmicutes;c__Clostridia;o__Clostridiales;f__;g__Intestinimonas;s__Intestinimonas_butyriciproducens	k__Bacteria;p__Actinobacteria;c__Actinobacteria;o__Bifidobacteriales;f__Bifidobacteriaceae;g__Bifidobacterium;s__Bifidobacterium_bifidum	k__Bacteria;p__Firmicutes;c__Negativicutes;o__Veillonellales;f__Veillonellaceae;g__Dialister;s__Dialister_invisus	k__Bacteria;p__Bacteroidetes;c__Bacteroidia;o__Bacteroidales;f__Bacteroidaceae;g__Bacteroides;s__Bacteroides_salanitronis
k__Bacteria;p__Bacteroidetes;c__Bacteroidia;o__Bacteroidales;f__Bacteroidaceae;g__Bacteroides;s__Bacteroides_vulgatus	1.0	-0.000502481464183	-0.00658367436351	0.0102404744623	-0.0292175541721	-0.00317900425161	-0.0252724484283	0.0235797093489	-0.0175206238019	0.0536975593345	-0.0371521971551	-0.047384270902	0.0338745935078	0.00907226663413	0.0465897801774	0.0348406267228	-0.0322802381174	-0.0171177490636	-0.00431621391298	-0.0036967077019	-0.0171697665934	0.00499722742846	0.0160123130901	-0.0173033985212	-0.00582483707779	-0.0383769098573	0.00414158950043	-0.0291515373846	-0.0205606106075	0.0146176435528	-0.0110540498285	-0.0364004081126	-0.0410740344473	-0.00751048026181	0.0494994697309	-0.0288131415339	-0.0472148869448	0.0103551471316	-0.0467925989798	-0.0252090119615	-0.0453219920813	-0.0291108432746	-0.0536227180917	-0.0416593919007	0.00461829589898	0.0179638052602	0.0281492203654	0.0422091355976	0.0293756199555	-0.0139404834498	0.0280680273063	0.00570063054719	0.00553020716573	0.0435068481052	0.0298975538824	0.0149072680614	-0.0362706700767	-0.0380953528123	-0.0344561822782
k__Bacteria;p__Bacteroidetes;c__Bacteroidia;o__Bacteroidales;f__Bacteroidaceae;g__Bacteroides;s__Bacteroides_uniformis	-0.000502481464184	1.0	-0.0936033939945	-0.0467260346969	0.00994520480642	-0.00895928523295	-0.0185646507385	0.0491939011147	0.0561514300277	-0.0339561866069	-0.0215328587288	0.0324813975719	-0.00941413860566	-0.0152628513373	0.0365734446791	-0.00160915770332	-0.0376241740033	-0.0441214677966	0.0208890536986	-0.110713251837	-0.088551013278	0.0190491570335	0.0083937686289	0.00940212081761	-0.00618013327532	-0.028988723968	0.0260964427906	0.00587380599969	0.0158080966132	-0.0242977975062	-0.0152642343082	0.0093062218208	-0.0307766572967	0.0784167482692	-0.0365062597606	0.0217226603949	0.0165383854816	0.016534169859	-0.0175812602623	0.0076898718978	-0.000971495239954	0.0386042310007	0.00661521774259	0.0392863863661	-0.0194756387878	-0.000893395038438	0.0144257215663	0.0378363555183	-0.0317950475497	0.0244641064613	-0.060567700822	0.0180549230007	-0.0276913715133	-0.0386907174811	-0.0245922927503	0.0307569367371	-0.0374474796998	-0.0384695895212	-0.00601669910671
k__Bacteria;p__Bacteroidetes;c__Bacteroidia;o__Bacteroidales;f__Rikenellaceae;g__Alistipes;s__Alistipes_putredinis	-0.00658367436351	-0.0936033939945	1.0	-0.0204093243324	-0.083576769244	-0.0558124144286	-0.0581817434813	-0.0139904977818	0.0170031494821	-0.0396818714606	0.0287437099374	-0.0216531104689	-0.0154176260386	-0.0305041005689	-0.0209585082452	0.0209818514438	-0.0431226783376	-0.0424136587395	-0.00933755701444	0.00426848306366	-0.0785208906718	-0.0204898260922	0.00926270905422	-0.0088545487535	-0.00657979735734	-0.0806481976331	-0.0280633084827	-0.0138128792944	0.00227503640608	0.0384573660794	-0.0244635020746	0.0404573094917	0.00733509604131	-0.0349125822804	-0.0160399710632	0.0293418728981	0.057578938451	0.0279063036792	-0.0246526615582	0.038522168121	0.00751638078297	0.000982341507271	-0.0181968221817	0.0341131392694	0.030452844539	-0.00275409175909	-0.0241208505873	-0.0139503238646	-0.0427130329429	-0.0127603144034	-0.0247457040325	0.000801109891903	0.00341306668595	-0.0117094942472	0.0135175400604	0.0475498372634	-0.00537993072754	0.0146796222553	0.0219451239785
k__Bacteria;p__Bacteroidetes;c__Bacteroidia;o__Bacteroidales;f__Prevotellaceae;g__Prevotella;s__Prevotella_copri	0.0102404744623	-0.0467260346969	-0.0204093243324	1.0	-0.0156517928845	-0.00940658738307	-0.00438961166523	-0.0456386592176	0.0123434684936	-0.0402443146379	0.00646772326692	-0.0318500919576	-0.0290165168372	-0.00875586647162	-0.0317943057448	0.020124870931	0.0130122668961	0.0516742706168	0.00902095056548	-0.033823638622	0.0443052384842	-0.00814127823326	0.0218545108786	0.00167670191827	0.0695431863597	0.0278441850388	-0.00484453692164	-0.0117995292013	0.00446600063353	-0.0436253116335	0.0542113273505	-0.00637789819351	-0.0101609744141	0.046310957732	-0.0584197261635	-0.0342953390685	-0.0306352634927	0.0208735586057	-0.0358748322014	-0.0359275248836	-0.0206941675783	0.0243133341388	0.0669363389289	-0.0279129414253	-0.0290239063324	-0.0577950718695	-0.00151539928734	-0.0283979482321	0.0113908265777	-0.0485605604672	0.0121137316698	0.00603765001828	0.0038123546877	0.0305115463738	0.00749866283937	-0.0102806308161	-0.00766078260603	-0.0281361294389	-0.0171091650913
k__Bacteria;p__Bacteroidetes;c__Bacteroidia;o__Bacteroidales;f__Bacteroidaceae;g__Bacteroides;s__Bacteroides_stercoris	-0.0292175541721	0.00994520480642	-0.083576769244	-0.0156517928845	1.0	0.0251895173784	0.0182825472548	-0.012733706286	-0.0144037684534	0.0596574959487	-0.00185040535474	0.0463315704349	0.0465517309073	-0.0564485556851	-0.0184589679615	-0.0659943872683	-0.0143361396359	-0.000329463762037	0.0174333108034	0.0079275100372	0.0354987864503	-0.031412818909	-0.00604648769836	0.0330916996924	0.00189524894245	0.00885084323546	-0.0133508492236	-0.0155472363468	0.0366460620029	-0.0196425991026	-0.0271275936627	0.0229116065842	0.0257837551863	-0.0627194543488	-0.0327789432653	-0.0501591008929	0.0126715418288	-0.0321082220956	-0.0283113600533	-0.00816800779333	-0.0180784454652	0.00686169109751	-0.0141881665331	-0.0424696982404	-0.0277786821675	0.0489016734796	0.0284774445757	0.00530673415654	0.0195080376258	-0.0168523602325	0.00943642990054	0.0232633574508	0.0085644457113	-0.00490019394945	0.0394202741059	-0.00742522004938	-0.00371421943428	-0.00318611099898	-0.0527970245611
k__Bacteria;p__Bacteroidetes;c__Bacteroidia;o__Bacteroidales;f__Bacteroidaceae;g__Bacteroides;s__Bacteroides_ovatus	-0.00317900425161	-0.00895928523295	-0.0558124144286	-0.00940658738307	0.0251895173784	1.0	-0.0363522641813	0.0271075537466	0.0343764053331	0.00642705558656	-0.0156123969243	0.0400830351974	-0.00899026098197	-0.0300910916313	-0.0104633897579	0.0317967670491	0.0154585910743	-0.00150987312257	-0.00486552404129	0.0515480054595	-0.0755122654904	0.0447708884355	-0.0430958123897	-0.0279586846856	-0.0140876491179	0.0190238109169	0.0352845074757	-0.0394690690361	-0.00892584916018	-0.00799136637807	-0.0624949674308	-0.00267129645368	0.0110724081326	0.0259529375438	-0.0626714016451	-0.0305482729781	-0.0233250816797	-0.0210971288617	-0.0211194257395	0.0151172824747	-0.0420062607202	0.0201411602895	-0.00993915966105	-0.0138643510253	-0.0130603381087	0.0620455529187	0.0152836838188	0.0205949446545	-0.0243795510707	0.00200400555146	-0.041994253218	-0.0337838111486	0.0150348099958	-0.0130366930683	0.0100706727029	-0.0217271262566	-0.00499748007479	-0.0191449041383	-0.067605619534
k__Bacteria;p__Bacteroidetes;c__Bacteroidia;o__Bacteroidales;f__Rikenellaceae;g__Alistipes;s__Alistipes_shahii	-0.0252724484283	-0.0185646507385	-0.0581817434813	-0.00438961166523	0.0182825472548	-0.0363522641813	1.0	-0.0400170311885	-0.0211667413294	-0.0148503653686	-0.062754587847	-0.0338422513981	0.0694737358744	-0.0112365464614	0.0221324235916	-0.0119913037212	-0.011742892283	0.00663379147166	0.0502916740291	-0.0257390409721	0.00376616041886	0.0307752229006	9.68092466622e-05	0.0399588341146	0.0282358058516	0.00623003454575	-0.0272116872271	0.0141309171416	0.0300046277721	0.0652201485302	0.0154408390285	0.0252058879996	0.0280474713367	0.0227501443368	0.00369824818148	0.0485975143235	-0.00417518476903	-0.0702305729482	0.00770530000553	-0.00918396757003	0.00657323471231	-0.0150826629758	-0.0331115068168	0.000552756817319	-0.00273676997806	-0.00207676715623	-0.0104055407869	0.0223388291349	0.0295201638015	-0.0457370684736	0.0366779714711	-0.012996146156	-0.0415296087511	-0.0482314482261	-0.0371617303498	-0.0187927504082	0.00422018641061	0.00691143948038	0.0754768625374
k__Bacteria;p__Firmicutes;c__Clostridia;o__Clostridiales;f__Ruminococcaceae;g__Faecalibacterium;s__Faecalibacterium_prausnitzii	0.0235797093489	0.0491939011147	-0.0139904977818	-0.0456386592176	-0.012733706286	0.0271075537466	-0.0400170311885	1.0	0.0414403207063	0.00370229387795	0.00283167509099	-0.00595433098579	-0.0190740529157	-0.00866613977995	0.0210950202558	0.00241479059063	-0.0171300653614	-0.0122307498531	0.0215265571735	0.0119089205594	-0.0203872131667	-0.0510664460512	0.0170759797853	-0.0366050904299	-0.0153470172227	-0.026533921616	0.0206613692219	-0.0435184322225	-0.0511391644787	-0.0095301476114	-0.101375807213	-0.0404721611764	0.0044882189125	-0.0383878470078	-0.0659572900129	-0.0215653446625	0.00946562510099	-0.065476306344	0.0326917980151	-0.0346817476664	0.0148880814827	-0.0427197393922	0.0196360043365	-0.0185581385695	0.000773879072058	-0.0362167189997	-0.00453246169107	-0.00937055925942	-0.046373413899	-0.0110589528227	0.0118387529087	0.0145506112253	-0.0277163172144	-0.0242396117289	0.0351756332025	0.00745225613226	-0.0161180861712	-0.0139387682863	0.0168028558749
k__Bacteria;p__Bacteroidetes;c__Bacteroidia;o__Bacteroidales;f__Rikenellaceae;g__Alistipes;s__Alistipes_finegoldii	-0.0175206238019	0.0561514300277	0.0170031494821	0.0123434684936	-0.0144037684534	0.0343764053331	-0.0211667413294	0.0414403207063	1.0	-0.0404261816668	-0.0301041659975	0.00324794927552	-0.0682963559507	0.0257455916435	-0.0344000700164	0.0330053853514	-0.0104478299108	0.0733801632301	0.0390986752021	-0.00821234502031	-0.0248858216267	-0.056568231739	0.0117688152552	-0.023787809955	0.015182542829	-0.0506105494211	-0.0153141485692	-0.00651556811506	-0.0509700986599	0.034552444347	-0.0530151105788	0.00679462435836	-0.00857868102559	0.00805156596732	0.013926518467	-0.0511505551186	-0.0164366915433	-0.0779489663823	0.0199140302768	0.0277531453797	-0.041325638299	0.0227884786201	0.000575771268765	0.0515319853954	0.0127193527282	0.00488472728338	0.0139671912824	0.00685679949874	0.0114051125582	-0.0223423731761	-0.0412835212504	-0.029910427264	-0.00993011287811	-0.0440208340431	-0.0481593446431	-0.0516045933996	0.0408096849239	-0.000722362950613	0.0178162888846
k__Bacteria;p__Bacteroidetes;c__Bacteroidia;o__Bacteroidales;f__Porphyromonadaceae;g__Parabacteroides;s__Parabacteroides_distasonis	0.0536975593345	-0.0339561866069	-0.0396818714606	-0.0402443146379	0.0596574959487	0.00642705558656	-0.0148503653686	0.00370229387795	-0.0404261816668	1.0	-0.0366340157856	0.00547268282771	-0.00987519844858	0.00439037609853	0.0267448692758	0.0199188892131	-0.0230487943315	-0.0612905615692	0.00142529667637	-0.0192576147304	-0.029200713846	-0.00970941007494	-0.0322240107851	-0.0373583817814	0.0271456272411	-0.0496945543779	-0.0515594820216	0.0070744128314	0.0551990124148	0.0378367004335	-0.00171136362725	0.0350297949991	-0.0391859196268	-0.0352166604386	0.0310806625291	-0.047463237473	0.0190425223325	-0.046329881506	0.0360648898474	0.0181725654301	0.0452742729417	0.00103363340584	0.0393383313435	-0.0102347423662	0.00497404336334	-0.00500783824886	0.0167345283271	-0.0455043533847	0.00553228333988	-0.0264141752182	0.00878224200443	-0.0309356635626	-0.0437982662891	0.0184450903031	-0.0444061377544	0.00624585235901	-0.057491583751	-0.0505373578195	-0.00982780739741
k__Bacteria;p__Bacteroidetes;c__Bacteroidia;o__Bacteroidales;f__Bacteroidaceae;g__Bacteroides;s__Bacteroides_thetaiotaomicron	-0.0371521971551	-0.0215328587288	0.0287437099374	0.00646772326692	-0.00185040535474	-0.0156123969243	-0.062754587847	0.00283167509099	-0.0301041659975	-0.0366340157856	1.0	0.0284308966771	0.0340209955339	-0.037979553445	-0.00699284873258	-0.0131184780943	0.044947708854	0.0371633370432	0.0255531579627	0.0153788473454	-0.0336770252913	-0.0268630825826	0.0712031327618	0.0245529965871	-0.0634279196839	0.0107725957229	-0.0252632388689	-0.0386033509912	-0.00947684268322	-0.0384467609047	0.0381486343415	-0.0624609600974	0.0379214239762	0.0338100537671	-0.012508420426	-0.0300716038637	0.0105801013393	-0.0203956113657	0.0160232375984	0.00269137802865	-0.0197652218045	-0.0521534907614	-0.00940531755294	-0.0103432344505	-0.0139098450116	0.0106331301819	-0.00513047677153	0.0217379168153	-0.04258310763	0.0156612791035	0.0234153413707	0.00350395743604	-0.0160753648565	-0.0696407927145	-0.00913642319433	0.00663832051855	-0.0116870005883	-0.0831074174002	-0.00613726383071
k__Bacteria;p__Bacteroidetes;c__Bacteroidia;o__Bacteroidales;f__Bacteroidaceae;g__Bacteroides;s__Bacteroides_coprocola	-0.047384270902	0.0324813975719	-0.0216531104689	-0.0318500919576	0.0463315704349	0.0400830351974	-0.0338422513981	-0.00595433098579	0.00324794927552	0.00547268282771	0.0284308966771	1.0	0.034047723533	0.000476421286713	-0.0811081649269	0.0183317619973	0.00557178944579	-0.0250843481657	0.0229478015645	-0.0294688549765	-0.0108191600442	-0.0028197756994	-0.0430119923105	-0.0291598789094	0.0572190803662	0.0498974916222	0.0318699338836	-0.0245831603409	0.0142081728492	-0.0209598835913	0.0109415288722	-0.0187949492647	0.0183196744575	-0.00925091419635	-0.0160510612537	0.0154122407406	-0.0431955324464	-0.0342255542336	-0.00426399411218	-0.0485939536361	-0.0272603805397	0.0117215991195	-0.0217592333192	0.0275283095808	-0.034972179649	-0.0191628163172	-0.0322583352905	0.00946661971862	-0.0200328564707	-0.0294696001311	-0.0110981779974	-0.0304165332374	-0.0370245462574	0.00796427329847	-0.0374927753145	0.0345991589969	0.00362403377342	0.0439639690279	0.0462445519988
k__Bacteria;p__Bacteroidetes;c__Bacteroidia;o__Bacteroidales;f__Bacteroidaceae;g__Bacteroides;s__Bacteroides_cellulosilyticus	0.0338745935078	-0.00941413860566	-0.0154176260386	-0.0290165168372	0.0465517309073	-0.00899026098197	0.0694737358744	-0.0190740529157	-0.0682963559507	-0.00987519844858	0.0340209955339	0.034047723533	1.0	-0.0148593858898	0.0578897199896	-0.0207553012046	-0.0172711033823	-0.0742498595914	-0.0423098730782	0.0167362077187	0.0660268114809	-0.0743687588194	-0.00925527501338	-0.0536690399202	-0.0107016527977	-0.0413729089368	0.00913542078163	0.00358216089747	0.0453017050571	-0.00882113465069	-0.0105230428361	0.018809482023	-0.0197081392552	-0.0539471252793	-0.0250502632427	0.0436716646822	-0.0352442384275	0.00192484346583	0.00312941905827	0.0094127149324	0.00565140163503	-0.0577656483688	0.0216013461928	-0.0443740547843	-0.0337636187672	-0.0199817357882	-0.0380045067011	-0.0124453339663	0.0227047184918	0.0453010252356	0.02603200233	-0.051330957087	0.0114938581394	-0.0284337000766	-0.0469826233561	-0.026565178004	-0.0523439564236	-0.0102490493641	-0.0175254430245
k__Bacteria;p__Bacteroidetes;c__Bacteroidia;o__Bacteroidales;f__Rikenellaceae;g__Alistipes;s__Alistipes_obesi	0.00907226663413	-0.0152628513373	-0.0305041005689	-0.00875586647162	-0.0564485556851	-0.0300910916313	-0.0112365464614	-0.00866613977995	0.0257455916435	0.00439037609853	-0.037979553445	0.000476421286713	-0.0148593858898	1.0	-0.00332886655842	-0.0326076709725	-0.0544707326356	0.0197375054471	-0.00824226693366	-0.0315718338606	-0.0272286330023	0.0350482509109	-0.0271066239735	-0.0331770531187	-0.0065738398645	-0.000551014275285	0.0154128414428	-0.0817002863702	0.0294022189867	0.0153141682427	-0.0229648225961	0.00352736011494	-0.00875276261356	-0.00230146264064	-0.0195185817396	0.0336854633476	-0.00618098179129	0.0169882099875	-0.0120022348769	-0.0384716371634	-0.0112976224379	0.0259100867221	-0.0107750198806	-0.0346674216889	0.0452839796399	-0.0425478509573	0.0136355650983	0.0349927565425	-0.0400789183477	0.0410303948946	-0.006799711268	-0.00553467475466	-0.0391106883502	0.0508194219532	-0.0181611680551	-0.0529858271935	-0.0332951594356	4.44963477097e-05	-0.0343129495892
k__Bacteria;p__Firmicutes;c__Clostridia;o__Clostridiales;f__Lachnospiraceae;g__;s__[Eubacterium]_rectale	0.0465897801774	0.0365734446791	-0.0209585082452	-0.0317943057448	-0.0184589679615	-0.0104633897579	0.0221324235916	0.0210950202558	-0.0344000700164	0.0267448692758	-0.00699284873258	-0.0811081649269	0.0578897199896	-0.00332886655842	1.0	-0.00432370189295	0.00254246983403	0.00293908485256	0.00998774166527	-0.0361421328443	-0.0295025709816	0.00826663402609	-0.0788469337178	0.0262382124351	-0.0761146142066	0.028247424423	-0.0534553684901	0.0174459391797	-0.0132466892173	0.00397559659668	0.0422572116102	-0.0212069591225	-0.0573861081872	-0.0190448634655	-0.0266875604525	0.060579363807	-0.00113251679916	-0.000461869737289	-0.0143896021986	0.00751727636696	-0.0273769244758	0.0216668161131	0.00531897871711	0.0188371158525	0.0521027861705	-0.020385513482	0.0223351945022	-0.0379514723477	-0.0261831866555	-0.0554468554953	-0.015629549647	-0.0211284330118	-0.00215429284908	0.0223505270696	-0.0287403376806	0.0365891897441	-0.00234254164704	-0.0118864241461	0.00721396627466
k__Bacteria;p__Bacteroidetes;c__Bacteroidia;o__Bacteroidales;f__Bacteroidaceae;g__Bacteroides;s__Bacteroides_plebeius	0.0348406267228	-0.00160915770332	0.0209818514438	0.020124870931	-0.0659943872683	0.0317967670491	-0.0119913037212	0.00241479059063	0.0330053853514	0.0199188892131	-0.0131184780943	0.0183317619973	-0.0207553012046	-0.0326076709725	-0.00432370189295	1.0	-0.00872692374221	0.0235546110893	0.0332073143743	0.0033350145912	0.0324564863539	0.0218249288656	0.0191509037882	0.00491741793341	0.0163868198491	-0.0174847970045	-0.0150327380664	-0.0406841484984	0.026878469426	-0.0399445743518	0.00492307771907	-0.0179974548374	0.0329761142087	-0.0492871925253	-0.0535301096428	0.00364009627953	-0.0240972933474	-0.0129478020551	-0.00807048086461	-0.0159810550155	0.042410818163	-0.0321057337082	-0.0147752478518	0.0288500741138	0.00948909582242	-0.0131627947285	0.0284693406473	0.0463609544924	0.0354003294423	-0.0271381665297	-0.00425626598339	-0.000271145413488	-0.00682885417313	-0.0320818636289	-0.00646810144565	-0.0162058672159	0.00154606820746	-0.0088952148901	0.0543913633994
k__Bacteria;p__Bacteroidetes;c__Bacteroidia;o__Bacteroidales;f__Bacteroidaceae;g__Bacteroides;s__Bacteroides_fragilis	-0.0322802381174	-0.0376241740033	-0.0431226783376	0.0130122668961	-0.0143361396359	0.0154585910743	-0.011742892283	-0.0171300653614	-0.0104478299108	-0.0230487943315	0.044947708854	0.00557178944579	-0.0172711033823	-0.0544707326356	0.00254246983403	-0.00872692374221	1.0	-0.00322741103791	0.0605643902432	-0.0153008230819	-0.0278587604413	-0.084474841762	-0.0118000079358	-0.0884672288643	-0.0344085635814	-0.00740932582988	-0.00677814304093	-0.0484469052272	-0.0187330426236	-0.0667139184089	0.0158778245577	-0.0493907573117	0.00135035010898	-0.0252572787722	0.0229415985121	-0.0428128635786	-0.0112877994491	-0.0476753496439	0.00550637770623	-0.00514858020219	-0.00618048743032	0.039307513495	0.0129402255291	-0.0303729341205	0.0123189904185	0.0139357838963	-0.0264638218116	0.0200664965333	-0.00101146946145	0.000115518935187	0.0103073447922	-0.0356136628118	-0.0402514937717	0.00467145233282	0.0310213846526	0.0102701780036	0.0329639169126	-0.00375197478993	-0.00114255999496
k__Bacteria;p__Proteobacteria;c__Betaproteobacteria;o__Burkholderiales;f__Sutterellaceae;g__Sutterella;s__Sutterella_wadsworthensis	-0.0171177490636	-0.0441214677966	-0.0424136587395	0.0516742706168	-0.000329463762037	-0.00150987312257	0.00663379147166	-0.0122307498531	0.0733801632301	-0.0612905615692	0.0371633370432	-0.0250843481657	-0.0742498595914	0.0197375054471	0.00293908485256	0.0235546110893	-0.00322741103791	1.0	0.00139468613355	0.000721507765862	0.0645584624608	0.00537114486839	-0.0381269813486	0.0033761309181	0.0312955620682	-0.0236339795882	-0.0419752894543	0.0191407863719	-0.0208774780509	0.02164670258	0.015959810395	-0.0183601556231	-0.0279528997756	-0.0101371694684	-0.0493783959505	-0.0211852750691	-0.0261590087131	-0.0823703434836	-0.0396169584935	0.0301866400378	0.0352912001241	0.00172818208435	0.0076290041353	-0.0348477337533	-0.00468044018967	-0.0225123943786	-0.0647442731708	0.0550354585859	0.0133090516591	0.0165492714729	-0.0278764973442	-0.0163217015933	-0.068195657807	-0.0132479016027	0.057811872517	-0.0279136356649	0.0252630698028	-0.0129027679561	-0.0221962688501
k__Bacteria;p__Bacteroidetes;c__Bacteroidia;o__Bacteroidales;f__Porphyromonadaceae;g__Barnesiella;s__Barnesiella_intestinihominis	-0.00431621391298	0.0208890536986	-0.00933755701444	0.00902095056548	0.0174333108034	-0.00486552404129	0.0502916740291	0.0215265571735	0.0390986752021	0.00142529667637	0.0255531579627	0.0229478015645	-0.0423098730782	-0.00824226693366	0.00998774166527	0.0332073143743	0.0605643902432	0.00139468613355	1.0	-0.0281341002102	-0.000630156102117	0.0536305453145	-0.035279017193	-0.00704309761797	-0.0183267929761	-0.00644413906788	0.00709634715865	-0.0195732206285	-0.0135339725376	-0.0355946131024	0.00194023623018	0.0274803289554	0.0160828723208	-0.0440864585609	-0.0412115781966	0.00807558917936	0.017457137403	-0.0240719128804	-0.0346149766089	-0.00396408529033	0.0235950350893	-0.0123791224386	-0.0171346715745	0.02411539908	-0.0388486869333	0.0181396949664	0.0129609888105	-0.0576388673557	-0.0134872147477	-0.0303237551802	-0.00385399347249	0.00335715670969	-0.0363970209963	-0.0793832450231	-0.0232833834619	0.0285201226517	-0.0332604565238	-0.0332914434254	-0.00451733700985
k__Bacteria;p__Bacteroidetes;c__Bacteroidia;o__Bacteroidales;f__Odoribacteraceae;g__Odoribacter;s__Odoribacter_splanchnicus	-0.0036967077019	-0.110713251837	0.00426848306366	-0.033823638622	0.0079275100372	0.0515480054595	-0.0257390409721	0.0119089205594	-0.00821234502031	-0.0192576147304	0.0153788473454	-0.0294688549765	0.0167362077187	-0.0315718338606	-0.0361421328443	0.0033350145912	-0.0153008230819	0.000721507765862	-0.0281341002102	1.0	-0.0275402567751	-0.0285125070354	-0.0282339229224	0.00410348984742	-0.00953029358666	-0.0672458782713	0.0242920228569	0.0244394652927	-0.00367282517826	0.0244891782371	-0.0360271684048	-0.0524353805467	0.00518527092441	0.0010495508861	0.0554517329295	0.00484865167378	-0.034773864766	0.0617670647517	0.0247523227768	-0.024660435647	0.00250266689307	-0.0141082649547	0.0191116302337	0.0484688990879	0.0240805989901	0.0192752236006	0.0127427623596	-0.00957648262069	-0.0422279242282	0.00457122992647	0.0439170945717	-0.0010329316141	-0.0218156275623	-0.0535174628024	-0.0557795023257	-0.0859826585366	0.0239818884756	-0.0316846188709	-0.0154098101478
k__Bacteria;p__Bacteroidetes;c__Bacteroidia;o__Bacteroidales;f__Bacteroidaceae;g__Bacteroides;s__Bacteroides_salyersiae	-0.0171697665934	-0.088551013278	-0.0785208906718	0.0443052384842	0.0354987864503	-0.0755122654904	0.00376616041886	-0.0203872131667	-0.0248858216267	-0.029200713846	-0.0336770252913	-0.0108191600442	0.0660268114809	-0.0272286330023	-0.0295025709816	0.0324564863539	-0.0278587604413	0.0645584624608	-0.000630156102117	-0.0275402567751	1.0	-0.0179225826422	-0.00167812047078	0.00788594125235	-0.0360452047936	0.0326051178369	0.0452211572586	-0.00613160320236	0.0122234040272	0.0528337970704	-0.0276742624634	-0.0653924778761	0.0515039608003	0.0284094553341	0.0513249209737	0.0369280807539	-0.0151368318634	-0.0140664306114	0.0633474518402	0.00405616037	-0.0260160869995	-0.0159159444267	-0.0588675956659	-0.0240784796965	-0.0191157959134	-0.075410065092	-0.00662822308354	0.0402755166666	0.0164428236275	-0.0299457461164	0.0338756754368	-0.055562801591	-0.0507161960167	0.00749108111199	0.0375349735434	0.0116834072669	-0.064229443908	-0.0567593064431	0.0468691380979
k__Bacteria;p__Firmicutes;c__Clostridia;o__Clostridiales;f__Ruminococcaceae;g__Ruminiclostridium;s__[Eubacterium]_siraeum	0.00499722742846	0.0190491570335	-0.0204898260922	-0.00814127823326	-0.031412818909	0.0447708884355	0.0307752229006	-0.0510664460512	-0.056568231739	-0.00970941007494	-0.0268630825826	-0.0028197756994	-0.0743687588194	0.0350482509109	0.00826663402609	0.0218249288656	-0.084474841762	0.00537114486839	0.0536305453145	-0.0285125070354	-0.0179225826422	1.0	-0.00903000333759	0.0126629008147	0.0472465652624	0.0131909442473	-0.0384648850182	0.031450744562	0.0115871042425	-0.0588318575632	-0.023101786627	-0.0172594652159	-0.0220291974487	0.0188467446423	-0.0367351705987	0.012269984524	-0.0215063231553	0.0242383774072	0.0497939715869	-0.0264800304357	0.00364601021046	-0.00193403005081	-0.0374860360791	-0.00234805985105	-0.0197081251831	-0.0581951889491	0.00137823885777	-0.0427906931696	0.00687546402156	-0.028012243233	-0.0367179726301	-0.0329809771711	-0.000727365330653	0.0520680741491	0.0313786209017	-0.029315176384	0.0278298508943	0.0178308972226	-0.0507682920412
k__Bacteria;p__Proteobacteria;c__Betaproteobacteria;o__Burkholderiales;f__Sutterellaceae;g__Parasutterella;s__Parasutterella_excrementihominis	0.0160123130901	0.0083937686289	0.00926270905422	0.0218545108786	-0.00604648769836	-0.0430958123897	9.68092466624e-05	0.0170759797853	0.0117688152552	-0.0322240107851	0.0712031327618	-0.0430119923105	-0.00925527501338	-0.0271066239735	-0.0788469337178	0.0191509037882	-0.0118000079358	-0.0381269813486	-0.035279017193	-0.0282339229224	-0.00167812047078	-0.00903000333759	1.0	0.0366408213753	0.0350884219329	0.00776556487463	-0.0145235682002	0.000990095349498	0.0280158760449	-0.0210542687077	-0.0154148277203	0.00995782609409	-0.0556945815945	0.024273557752	-0.0300834975168	-0.0411553734431	-0.0146563332957	0.000812082886496	-0.0266810082585	-0.0332628300352	0.0259605546643	-0.00442635051889	0.04356497988	-0.0283871960853	-0.0391742874379	-0.0648293617175	-0.0815347356392	-0.0935530455125	0.0285853710048	0.0213920784146	0.041648516265	-0.0289271545257	-0.0267866870503	-0.00199619145858	0.0619925001743	-0.00757015068987	-0.0279534458956	0.0160973523372	0.0205013707084
k__Bacteria;p__Actinobacteria;c__Actinobacteria;o__Bifidobacteriales;f__Bifidobacteriaceae;g__Bifidobacterium;s__Bifidobacterium_adolescentis	-0.0173033985212	0.00940212081761	-0.0088545487535	0.00167670191827	0.0330916996924	-0.0279586846856	0.0399588341146	-0.0366050904299	-0.023787809955	-0.0373583817814	0.0245529965871	-0.0291598789094	-0.0536690399202	-0.0331770531187	0.0262382124351	0.00491741793341	-0.0884672288643	0.0033761309181	-0.00704309761797	0.00410348984742	0.00788594125235	0.0126629008147	0.0366408213753	1.0	-0.0864880094664	-0.0678364994647	0.00403604374413	-0.000617322778301	-0.0293298293319	-0.00711616346936	0.00809607664429	0.0451715507565	0.0186368218365	0.0227070904911	-0.0186135951166	0.0107760753193	0.0138333091948	-0.0117344186177	-0.0399304957241	-0.00727547276031	-0.0608119177522	0.0331426093933	-0.0230152658262	-0.0178542484263	0.0371643706658	0.0179429786842	-0.043916186331	-0.02243217858	-0.0341608063639	-0.0301141708856	-0.0518790016329	-0.0110230642822	-0.0361277866673	0.0209937594825	-0.000260315401926	0.0197190151013	0.035323191096	0.0688792586468	0.0393487576249
k__Bacteria;p__Firmicutes;c__Clostridia;o__Clostridiales;f__Oscillospiraceae;g__Oscillibacter;s__Oscillibacter_sp._KLE_1745	-0.00582483707779	-0.00618013327532	-0.00657979735734	0.0695431863597	0.00189524894245	-0.0140876491179	0.0282358058516	-0.0153470172227	0.015182542829	0.0271456272411	-0.0634279196839	0.0572190803662	-0.0107016527977	-0.0065738398645	-0.0761146142066	0.0163868198491	-0.0344085635814	0.0312955620682	-0.0183267929761	-0.00953029358666	-0.0360452047936	0.0472465652624	0.0350884219329	-0.0864880094664	1.0	0.0246244284843	-0.0766049545934	0.0569201660812	0.00773183270789	-0.0101124305882	-0.0553910801952	0.0421345708389	-0.0368823236355	-0.0833863420074	0.0267092368224	-0.0187580101158	-0.00146139741143	-0.0366233103656	-0.0227358680993	0.0148248883172	-0.0319823327195	0.0043622627491	0.00478647681158	-0.0822955587971	0.0175342796428	0.0313735264494	-0.0152362108641	-0.0343447903268	0.0718361695097	-0.0410168387374	0.00864626197577	-0.0254853569556	0.0309389711386	0.00938516201355	-0.0121186533486	-0.00783151463538	-0.0154864874231	0.00641539339808	0.0342757870269
k__Bacteria;p__Bacteroidetes;c__Bacteroidia;o__Bacteroidales;f__Bacteroidaceae;g__Bacteroides;s__Bacteroides_coprophilus	-0.0383769098573	-0.028988723968	-0.0806481976331	0.0278441850388	0.00885084323546	0.0190238109169	0.00623003454575	-0.026533921616	-0.0506105494211	-0.0496945543779	0.0107725957229	0.0498974916222	-0.0413729089368	-0.000551014275285	0.028247424423	-0.0174847970045	-0.00740932582988	-0.0236339795882	-0.00644413906788	-0.0672458782713	0.0326051178369	0.0131909442473	0.00776556487463	-0.0678364994647	0.0246244284843	1.0	0.0516285662398	-0.00278833725308	-0.0356100546387	-0.0353077061097	-0.0297363154492	0.0270020670156	0.0160152042236	-0.0354622971797	-0.0206126894713	0.00368955766955	0.0200512769125	-0.00840535210014	-0.0563703136761	-0.0129746020094	0.0102233879543	-0.0123407143217	-0.0628303473811	-0.0480031152798	-0.0221391617602	-0.0521784287438	-0.00848945049409	0.0266833392728	0.0190200192511	0.0201019191778	-0.033514693576	0.0305051638627	0.034814925409	-0.0555155780199	0.0213465820832	-0.024872592525	0.0415407384814	-0.00294915643817	-0.0114570347661
k__Bacteria;p__Firmicutes;c__Clostridia;o__Clostridiales;f__Lachnospiraceae;g__Roseburia;s__Roseburia_intestinalis	0.00414158950043	0.0260964427906	-0.0280633084827	-0.00484453692164	-0.0133508492236	0.0352845074757	-0.0272116872271	0.0206613692219	-0.0153141485692	-0.0515594820216	-0.0252632388689	0.0318699338836	0.00913542078163	0.0154128414428	-0.0534553684901	-0.0150327380664	-0.00677814304093	-0.0419752894543	0.00709634715865	0.0242920228569	0.0452211572586	-0.0384648850182	-0.0145235682002	0.00403604374413	-0.0766049545934	0.0516285662398	1.0	-0.0244753620659	-0.0035327372092	-0.0159316855893	0.0205648338598	0.00480397262488	-0.00890810969906	-0.0490296234009	0.00437569657232	0.0333556817974	-0.0720137832955	0.0274903251338	-0.0354228705716	0.0221035711595	-0.0259803444977	-0.00622412193249	0.014041177932	0.0584214424352	-0.0248598657988	-0.0422560940226	-0.0154259440132	-0.0541144750809	0.00899953026436	0.00823716828352	-0.0271154736884	-0.000942758303706	-0.0238097601683	0.0098590796653	-0.0517964370402	-0.0124916773742	0.015134745654	-0.021385590996	-0.0241454927937
k__Bacteria;p__Firmicutes;c__Clostridia;o__Clostridiales;f__Lachnospiraceae;g__Roseburia;s__Roseburia_hominis	-0.0291515373846	0.00587380599969	-0.0138128792944	-0.0117995292013	-0.0155472363468	-0.0394690690361	0.0141309171416	-0.0435184322225	-0.00651556811506	0.0070744128314	-0.0386033509912	-0.0245831603409	0.00358216089747	-0.0817002863702	0.0174459391797	-0.0406841484984	-0.0484469052272	0.0191407863719	-0.0195732206285	0.0244394652926	-0.00613160320236	0.031450744562	0.000990095349498	-0.000617322778301	0.0569201660812	-0.00278833725308	-0.0244753620659	1.0	-0.00282898023273	0.0373931776613	-0.0574487881424	0.00880151580983	-0.0382769188354	-0.0587244014582	-0.0322276285227	-0.0152582210935	-0.0360864222111	0.0276344054893	-0.00501114639683	-0.0279211532246	0.00236550176905	0.0265107818138	0.0344277374473	-0.0215716988583	0.0107035643112	0.0436559823278	-0.0564165728781	-0.0374464972326	0.0480094938143	-0.0305466377295	-0.0201216319837	-0.0386713725663	0.0466798457825	-0.0159138548673	0.0463666016311	0.0232299761642	-0.000738602476252	-0.0146790843333	-0.0330813113899
k__Bacteria;p__Bacteroidetes;c__Bacteroidia;o__Bacteroidales;f__Porphyromonadaceae;g__Parabacteroides;s__Parabacteroides_johnsonii	-0.0205606106075	0.0158080966132	0.00227503640608	0.00446600063353	0.0366460620029	-0.00892584916018	0.0300046277721	-0.0511391644787	-0.0509700986599	0.0551990124148	-0.00947684268322	0.0142081728492	0.0453017050571	0.0294022189867	-0.0132466892173	0.026878469426	-0.0187330426236	-0.0208774780509	-0.0135339725376	-0.00367282517826	0.0122234040272	0.0115871042425	0.0280158760449	-0.0293298293319	0.00773183270789	-0.0356100546387	-0.0035327372092	-0.00282898023273	1.0	-0.0215337234476	-0.00448000367196	-0.0272170035295	4.91605692065e-05	-0.0607466996532	-0.0275751062363	-0.0381518343656	-0.0583126147921	-0.0391231380214	-0.0091227535813	0.0391871968268	-0.0313447609036	0.00255948679643	0.0783335209935	-0.03080427401	-0.00989061133009	-0.0467082050647	-0.0155823373274	-0.0404156972758	0.0209374117538	-0.0217986599409	0.00251182507017	-0.0274583534748	-0.0225330296386	0.0129277085536	0.0349208191113	0.0516385738223	-0.00723132050793	0.0513079641233	-0.038795494856
k__Bacteria;p__Actinobacteria;c__Actinobacteria;o__Bifidobacteriales;f__Bifidobacteriaceae;g__Bifidobacterium;s__Bifidobacterium_longum	0.0146176435528	-0.0242977975062	0.0384573660794	-0.0436253116335	-0.0196425991026	-0.00799136637807	0.0652201485302	-0.0095301476114	0.034552444347	0.0378367004335	-0.0384467609047	-0.0209598835913	-0.00882113465069	0.0153141682427	0.00397559659668	-0.0399445743518	-0.0667139184089	0.02164670258	-0.0355946131024	0.0244891782371	0.0528337970704	-0.0588318575632	-0.0210542687077	-0.00711616346936	-0.0101124305882	-0.0353077061097	-0.0159316855893	0.0373931776613	-0.0215337234476	1.0	-0.04105125524	0.0186686234054	0.036447058977	0.0139322607171	-0.0279170001963	-0.0375697877671	-0.00379085931637	0.0244912686584	-0.0460998107104	-0.00799366845734	-0.0446495221785	-0.0398626861862	0.0181378891376	0.0089216304722	0.0344834616607	-0.0377874203382	-0.0266636891462	0.0297958253131	-0.0163228157317	0.0447456457623	-0.0229686153318	-0.0175318206877	0.0269351417647	-0.0327475571249	-0.0159735101842	-0.00545416730275	0.034090815635	0.0179950122683	-0.0107749298489
