#taxonomy	k__Bacteria;p__Bacteroidetes;c__Bacteroidia;o__Bacteroidales;f__Bacteroidaceae;g__Bacteroides;s__Bacteroides_vulgatus	k__Bacteria;p__Bacteroidetes;c__Bacteroidia;o__Bacteroidales;f__Bacteroidaceae;g__Bacteroides;s__Bacteroides_uniformis	k__Bacteria;p__Bacteroidetes;c__Bacteroidia;o__Bacteroidales;f__Rikenellaceae;g__Alistipes;s__Alistipes_putredinis	k__Bacteria;p__Bacteroidetes;c__Bacteroidia;o__Bacteroidales;f__Prevotellaceae;g__Prevotella;s__Prevotella_copri	k__Bacteria;p__Bacteroidetes;c__Bacteroidia;o__Bacteroidales;f__Bacteroidaceae;g__Bacteroides;s__Bacteroides_stercoris	k__Bacteria;p__Bacteroidetes;c__Bacteroidia;o__Bacteroidales;f__Bacteroidaceae;g__Bacteroides;s__Bacteroides_ovatus	k__Bacteria;p__Bacteroidetes;c__Bacteroidia;o__Bacteroidales;f__Rikenellaceae;g__Alistipes;s__Alistipes_shahii	k__Bacteria;p__Firmicutes;c__Clostridia;o__Clostridiales;f__Ruminococcaceae;g__Faecalibacterium;s__Faecalibacterium_prausnitzii	k__Bacteria;p__Bacteroidetes;c__Bacteroidia;o__Bacteroidales;f__Rikenellaceae;g__Alistipes;s__Alistipes_finegoldii	k__Bacteria;p__Bacteroidetes;c__Bacteroidia;o__Bacteroidales;f__Porphyromonadaceae;g__Parabacteroides;s__Parabacteroides_distasonis	k__Bacteria;p__Bacteroidetes;c__Bacteroidia;o__Bacteroidales;f__Bacteroidaceae;g__Bacteroides;s__Bacteroides_thetaiotaomicron	k__Bacteria;p__Bacteroidetes;c__Bacteroidia;o__Bacteroidales;f__Bacteroidaceae;g__Bacteroides;s__Bacteroides_coprocola	k__Bacteria;p__Bacteroidetes;c__Bacteroidia;o__Bacteroidales;f__Bacteroidaceae;g__Bacteroides;s__Bacteroides_cellulosilyticus	k__Bacteria;p__Bacteroidetes;c__Bacteroidia;o__Bacteroidales;f__Rikenellaceae;g__Alistipes;s__Alistipes_obesi	k__Bacteria;p__Firmicutes;c__Clostridia;o__Clostridiales;f__Lachnospiraceae;g__;s__[Eubacterium]_rectale	k__Bacteria;p__Bacteroidetes;c__Bacteroidia;o__Bacteroidales;f__Bacteroidaceae;g__Bacteroides;s__Bacteroides_plebeius	k__Bacteria;p__Bacteroidetes;c__Bacteroidia;o__Bacteroidales;f__Bacteroidaceae;g__Bacteroides;s__Bacteroides_fragilis	k__Bacteria;p__Proteobacteria;c__Betaproteobacteria;o__Burkholderiales;f__Sutterellaceae;g__Sutterella;s__Sutterella_wadsworthensis	k__Bacteria;p__Bacteroidetes;c__Bacteroidia;o__Bacteroidales;f__Porphyromonadaceae;g__Barnesiella;s__Barnesiella_intestinihominis	k__Bacteria;p__Bacteroidetes;c__Bacteroidia;o__Bacteroidales;f__Odoribacteraceae;g__Odoribacter;s__Odoribacter_splanchnicus	k__Bacteria;p__Bacteroidetes;c__Bacteroidia;o__Bacteroidales;f__Bacteroidaceae;g__Bacteroides;s__Bacteroides_salyersiae	k__Bacteria;p__Firmicutes;c__Clostridia;o__Clostridiales;f__Ruminococcaceae;g__Ruminiclostridium;s__[Eubacterium]_siraeum	k__Bacteria;p__Proteobacteria;c__Betaproteobacteria;o__Burkholderiales;f__Sutterellaceae;g__Parasutterella;s__Parasutterella_excrementihominis	k__Bacteria;p__Actinobacteria;c__Actinobacteria;o__Bifidobacteriales;f__Bifidobacteriaceae;g__Bifidobacterium;s__Bifidobacterium_adolescentis	k__Bacteria;p__Firmicutes;c__Clostridia;o__Clostridiales;f__Oscillospiraceae;g__Oscillibacter;s__Oscillibacter_sp._KLE_1745	k__Bacteria;p__Bacteroidetes;c__Bacteroidia;o__Bacteroidales;f__Bacteroidaceae;g__Bacteroides;s__Bacteroides_coprophilus	k__Bacteria;p__Firmicutes;c__Clostridia;o__Clostridiales;f__Lachnospiraceae;g__Roseburia;s__Roseburia_intestinalis	k__Bacteria;p__Firmicutes;c__Clostridia;o__Clostridiales;f__Lachnospiraceae;g__Roseburia;s__Roseburia_hominis	k__Bacteria;p__Bacteroidetes;c__Bacteroidia;o__Bacteroidales;f__Porphyromonadaceae;g__Parabacteroides;s__Parabacteroides_johnsonii	k__Bacteria;p__Actinobacteria;c__Actinobacteria;o__Bifidobacteriales;f__Bifidobacteriaceae;g__Bifidobacterium;s__Bifidobacterium_longum	k__Bacteria;p__Firmicutes;c__Clostridia;o__Clostridiales;f__;g__Flavonifractor;s__Flavonifractor_plautii	k__Bacteria;p__Firmicutes;c__Clostridia;o__Clostridiales;f__Clostridiaceae;g__Clostridium;s__Clostridium_phoceensis	k__Bacteria;p__Verrucomicrobia;c__Verrucomicrobiae;o__Verrucomicrobiales;f__Akkermansiaceae;g__Akkermansia;s__Akkermansia_muciniphila	k__Bacteria;p__Bacteroidetes;c__Bacteroidia;o__Bacteroidales;f__Prevotellaceae;g__Paraprevotella;s__Paraprevotella_xylaniphila	k__Bacteria;p__Firmicutes;c__Clostridia;o__Clostridiales;f__Ruminococcaceae;g__Ruminococcus;s__Ruminococcus_callidus	k__Bacteria;p__Bacteroidetes;c__Bacteroidia;o__Bacteroidales;f__Rikenellaceae;g__Alistipes;s__Alistipes_senegalensis	k__Bacteria;p__Firmicutes;c__Clostridia;o__Clostridiales;f__Lachnospiraceae;g__Blautia;s__Blautia_sp._KLE_1732	k__Bacteria;p__Bacteroidetes;c__Bacteroidia;o__Bacteroidales;f__Bacteroidaceae;g__Bacteroides;s__Bacteroides_oleiciplenus	k__Bacteria;p__Firmicutes;c__Clostridia;o__Clostridiales;f__Ruminococcaceae;g__Ruminococcus;s__Ruminococcus_bicirculans	k__Bacteria;p__Bacteroidetes;c__Bacteroidia;o__Bacteroidales;f__Bacteroidaceae;g__Bacteroides;s__Bacteroides_fluxus	k__Bacteria;p__Bacteroidetes;c__Bacteroidia;o__Bacteroidales;f__Prevotellaceae;g__Prevotella;s__Prevotella_stercorea	k__Bacteria;p__Firmicutes;c__Clostridia;o__Clostridiales;f__Lachnospiraceae;g__Dorea;s__Dorea_longicatena	k__Bacteria;p__Firmicutes;c__Clostridia;o__Clostridiales;f__Eubacteriaceae;g__Eubacterium;s__[Eubacterium]_eligens	k__Bacteria;p__Firmicutes;c__Clostridia;o__Clostridiales;f__Ruminococcaceae;g__;s__Ruminococcaceae_bacterium_D16	k__Bacteria;p__Firmicutes;c__Clostridia;o__Clostridiales;f__Lachnospiraceae;g__Coprococcus;s__Coprococcus_comes	k__Bacteria;p__Proteobacteria;c__Gammaproteobacteria;o__Enterobacterales;f__Enterobacteriaceae;g__Escherichia;s__Escherichia_coli	k__Bacteria;p__Firmicutes;c__Clostridia;o__Clostridiales;f__Ruminococcaceae;g__Anaerotruncus;s__Anaerotruncus_colihominis	k__Bacteria;p__Firmicutes;c__Clostridia;o__Clostridiales;f__Lachnospiraceae;g__Blautia;s__Blautia_obeum	k__Bacteria;p__Bacteroidetes;c__Bacteroidia;o__Bacteroidales;f__Odoribacteraceae;g__Odoribacter;s__Odoribacter_laneus	k__Bacteria;p__Firmicutes;c__Clostridia;o__Clostridiales;f__Ruminococcaceae;g__Ruminiclostridium;s__[Clostridium]_leptum	k__Bacteria;p__Bacteroidetes;c__Bacteroidia;o__Bacteroidales;f__Porphyromonadaceae;g__Parabacteroides;s__Parabacteroides_goldsteinii	k__Bacteria;p__Firmicutes;c__Clostridia;o__Clostridiales;f__Lachnospiraceae;g__Anaerostipes;s__Anaerostipes_hadrus	k__Bacteria;p__Firmicutes;c__Clostridia;o__Clostridiales;f__Ruminococcaceae;g__Ruminococcus;s__Ruminococcus_lactaris	k__Bacteria;p__Firmicutes;c__Clostridia;o__Clostridiales;f__Clostridiaceae;g__Clostridium;s__Clostridium_sp._L2-50	k__Bacteria;p__Firmicutes;c__Clostridia;o__Clostridiales;f__Clostridiaceae;g__Clostridium;s__Clostridium_sp._M62/1	k__Bacteria;p__Firmicutes;c__Clostridia;o__Clostridiales;f__;g__Intestinimonas;s__Intestinimonas_butyriciproducens	k__Bacteria;p__Actinobacteria;c__Actinobacteria;o__Bifidobacteriales;f__Bifidobacteriaceae;g__Bifidobacterium;s__Bifidobacterium_bifidum	k__Bacteria;p__Firmicutes;c__Negativicutes;o__Veillonellales;f__Veillonellaceae;g__Dialister;s__Dialister_invisus	k__Bacteria;p__Bacteroidetes;c__Bacteroidia;o__Bacteroidales;f__Bacteroidaceae;g__Bacteroides;s__Bacteroides_salanitronis
k__Bacteria;p__Bacteroidetes;c__Bacteroidia;o__Bacteroidales;f__Bacteroidaceae;g__Bacteroides;s__Bacteroides_vulgatus	1.0	-0.0503724759222	-0.0366805881868	-0.0438788322569	-0.0771615946166	-0.0376096211074	0.00254063271018	-0.0194944663559	0.0325938158668	-0.0430657921562	0.0059600576382	-0.0767801954264	-0.0530337051127	-0.0219312476193	-0.0117639841118	0.0273278487812	-0.0536945366481	0.0143639363915	-0.0293675149055	-0.0106364422382	0.0419288643119	0.0476836750546	0.0183543880341	-0.0239639589121	0.0316123661868	0.0368809110973	-0.0274804545408	-0.0149579119424	0.0584094021935	0.00381956703996	0.00685558846321	-0.0538732280338	0.0370444197788	-0.0036505157644	0.00452877100933	-0.00287555258748	-0.00202087228168	-0.0171847223709	-0.0178360660098	-0.00672023672495	0.0461684471928	0.0188510145726	-0.0279648510367	0.0648840625889	0.00125330676201	0.00393290531868	-0.00181931176562	-0.0391654695031	0.00152643787728	-0.0398827192586	-0.0035673088629	-0.00217812389689	-0.0431742642476	0.0232005458798	-0.0127463579416	0.0257968257057	-0.0190754138989	0.00971583099487	-0.0223836815865
k__Bacteria;p__Bacteroidetes;c__Bacteroidia;o__Bacteroidales;f__Bacteroidaceae;g__Bacteroides;s__Bacteroides_uniformis	-0.0503724759222	1.0	0.0118567601446	0.019431563484	-0.036856691976	-0.033706353697	-0.0134042900001	0.00380992676408	-0.0398921564896	0.0803662357915	-0.000295305271031	-0.0298152187632	-0.0276008617627	-0.0023031093237	-0.0195205298634	0.0202998807077	0.000987252986149	0.0046322559439	0.00622347051573	-0.0085722528513	0.0135495987629	0.0131915952825	-0.0101550856995	0.0731365592769	0.0459148603314	-0.0110780862528	-0.00908560201032	-0.0192178630993	-0.0301971153572	0.016337786769	-0.0376728756217	0.0188003694603	0.000795958482278	0.0103194520704	-0.00496208665116	-0.00568170765834	0.00121105115795	-0.0168128614438	-0.0262723158565	-0.0634268393929	0.0126761548367	-0.0257642355691	-0.0417556111751	-0.0869454786951	-0.0574768706903	-0.00889469917935	-0.0220078265736	0.0439288488045	0.000103268405596	-0.0174211919673	0.0517056369621	0.00814017356774	-0.0185087186645	0.0149263422545	0.000481548068244	0.0124639143872	0.0120845455586	0.0283289798948	-0.0106042709083
k__Bacteria;p__Bacteroidetes;c__Bacteroidia;o__Bacteroidales;f__Rikenellaceae;g__Alistipes;s__Alistipes_putredinis	-0.0366805881868	0.0118567601446	1.0	-0.0486829248094	0.00792934109953	0.0388996609563	0.0169459531301	-0.0385659303145	0.0377012204294	-0.0256040455648	-0.0515987955873	0.000708870738098	-0.0269659788603	-0.0355740546301	-0.0395821335529	-0.0659044242822	-0.0462910409262	0.00408446640469	0.00265737617356	0.021540521912	-0.0333415473868	-0.0311416393529	-0.00231883345855	0.0167492475346	0.0435822388121	-0.00281574448602	-0.035865083859	0.0302192681472	-0.0284194350156	0.0135322731453	0.0612594315792	0.0285998640844	-0.0113652466122	0.000838062113635	-0.00227549078123	-0.113605989647	0.0145299818657	-0.0181609124397	-0.0830821281908	-0.0211932871128	-0.022771311875	-0.0518453460237	-0.0595350632241	-0.0367545100611	-0.0206218580202	0.0100790451281	-0.0127042261418	-0.00340758611521	0.0500928957562	-0.0448793490395	0.0232234061262	0.0326055378909	0.0301448880952	-0.0651493037056	0.0370897198118	0.0370718118675	0.00206712963066	-0.0279529161941	0.0630505508668
k__Bacteria;p__Bacteroidetes;c__Bacteroidia;o__Bacteroidales;f__Prevotellaceae;g__Prevotella;s__Prevotella_copri	-0.0438788322569	0.019431563484	-0.0486829248094	1.0	0.0269585543623	-0.00504086467923	-0.0123108406952	-0.0466673231349	0.0235683194893	-0.0500241186373	0.0286893356548	0.0198314304325	0.0112164370616	-0.0160800866592	0.000442561465806	-0.0465037076501	-0.00347646747727	-0.0378124817793	0.03895794642	0.0393940860915	-0.0312786552397	-0.00247845705553	0.018929280643	0.0108351624609	-0.00348599052861	0.00148481254996	0.00886236474711	0.070177765505	-0.0332969577332	0.00637987097742	-0.062565705332	0.000108521766923	-0.0442942886504	0.000509701377157	-0.000952761142576	-0.031437324931	-0.0120503413251	-0.0363397597097	-0.0120797283064	-0.0187933427373	0.00429455357119	0.00238919481403	-0.0163493528373	-0.018264433195	0.0303675710929	-0.018277887742	0.0480448024715	0.028138090448	-0.0416118456223	-0.023973785359	-0.0155645114227	-0.0742613269395	-0.0062602138186	-0.0150989665308	0.000760058470835	0.0561171748363	-0.00288880624671	-0.0244903148441	-0.0209677999991
k__Bacteria;p__Bacteroidetes;c__Bacteroidia;o__Bacteroidales;f__Bacteroidaceae;g__Bacteroides;s__Bacteroides_stercoris	-0.0771615946166	-0.036856691976	0.00792934109953	0.0269585543623	1.0	-0.00786676104831	-0.023394243993	-0.05149376167	-0.0363758517573	-0.0133332180649	-0.0571105932372	-0.040725282463	-0.0466229954482	0.00130799028595	0.00485533144002	0.0210380565108	-0.0637904349861	-0.0339807569573	-0.0371753155331	0.0320441218598	-0.00492580042682	-0.0379753641289	0.0337759775016	0.00931471264807	-0.00257584736745	-0.00823683028114	0.00933511322329	-0.0168077688213	0.00562127265117	-0.0539673862646	-0.0125489230186	0.0149743853921	-0.0588423717591	-0.0093020672229	-0.00386751610441	-0.00594871970413	0.00940641862625	0.0249673648264	-0.0190055642249	-0.00822857734943	0.000805540900763	0.00246453840452	-0.00445111159638	-0.0168017641747	0.0540357867224	0.00302938908035	-0.0214598298665	0.0146124333477	-0.0119418102369	0.0219233842534	-0.0208049660113	-0.0132637938129	-0.00623880869427	-0.0558369396854	-0.0242344714174	0.0584692499136	0.000492177812832	-0.0260010962051	-0.00811740394171
k__Bacteria;p__Bacteroidetes;c__Bacteroidia;o__Bacteroidales;f__Bacteroidaceae;g__Bacteroides;s__Bacteroides_ovatus	-0.0376096211074	-0.033706353697	0.0388996609563	-0.00504086467923	-0.00786676104831	1.0	-0.0028592954783	-0.00523263367472	-0.0269858094631	-0.0395626568454	0.00337664663312	0.0174181979126	-0.0185557850494	0.0234363373924	0.0165037400129	-0.0616716973124	-0.0139224026386	0.00557625964726	-0.0330810979769	-0.0121006058239	-0.0245431290907	-0.0236324026033	0.00784191539174	-0.0256044621758	0.0519471328326	-0.0052231747084	-0.0202314278563	0.0216004263121	-0.0345792251619	0.0129504726007	-0.0173086465867	0.0077232426652	-0.0551815352688	0.036979251188	0.0211697081204	-0.0257358879204	-0.0462757659167	0.033049731111	-0.00280174036549	-0.0127781666316	0.0390162744983	-0.018305552622	-0.0212787429175	0.0131514916101	-0.027792391655	0.0745083996717	-0.013542015937	0.0140948766226	0.0428225868556	0.0300801583366	-0.00365132322368	0.048584566289	0.0262581066605	0.0198979337181	0.022227347071	-0.0593831569401	0.00362134297339	-0.0329889823624	-0.0131890174479
k__Bacteria;p__Bacteroidetes;c__Bacteroidia;o__Bacteroidales;f__Rikenellaceae;g__Alistipes;s__Alistipes_shahii	0.00254063271018	-0.0134042900001	0.0169459531301	-0.0123108406952	-0.023394243993	-0.0028592954783	1.0	-0.0011890739953	-0.0374184519822	-0.00267522770308	-0.0352036538294	-0.0290907686252	0.0144100828812	0.0330919365012	-0.0225354095089	0.00196328974278	0.00853500081224	-0.0202426285991	-0.0371511845218	-0.0515446546591	-0.00256070525767	0.0330884423973	0.0316538261814	-0.0262446183709	0.0025717611424	-0.00868632371967	-0.00052226252455	-0.00625156504556	0.00808427648207	-0.0327532103189	-0.0358098980792	0.000789625773501	0.0487611144991	0.0376979135422	-0.0165205335255	-0.0368813728055	0.0107872253032	0.0129316940773	-0.0269846071263	0.0136969206697	-0.0310662509318	-0.0168604551237	-0.0278425167146	0.0202227433056	-0.0456897188198	-0.0212408176399	-5.39722063016e-05	-0.0137675277076	0.00996377529676	-0.052396700294	-0.0224236159604	0.00718040047858	0.0383321834674	-0.00669047368916	0.0121088085712	-0.0173696331424	0.0291738743412	-0.0109076234012	-0.0252062994959
k__Bacteria;p__Firmicutes;c__Clostridia;o__Clostridiales;f__Ruminococcaceae;g__Faecalibacterium;s__Faecalibacterium_prausnitzii	-0.0194944663559	0.00380992676408	-0.0385659303145	-0.0466673231349	-0.05149376167	-0.00523263367472	-0.0011890739953	1.0	0.0125364512813	-0.00201341721856	-0.00738038343213	-0.0153415267166	-0.0494344492083	-0.000118438000479	0.00942667590608	-0.0129773144271	-0.0466918279759	-0.0392140331066	-0.000867131921237	0.0379722922255	-0.0070196545033	0.0107123303788	0.0648907625955	-0.0117628308184	0.0142744420849	-0.0557274388424	-0.0467839498045	0.109547760492	-0.0115760691571	-0.0313315503123	-0.0236556333931	0.00103376857224	-0.0325538202026	0.0910238170531	0.0301073243276	-0.0182197488905	-0.0182030369	-0.0606983201353	-0.01474622076	-0.017318131615	-0.0297927688537	0.0322150921962	0.0318777683053	0.0437913820809	-0.0402100083086	-0.0777869258667	-0.0221999342663	0.0640913849482	-0.00174624388216	-0.00881192188594	-0.0444077689247	-0.0142159549493	0.00617208876824	0.0089794818793	0.0103443053916	-0.0102532275902	-0.0644619667336	0.0162488572371	-0.0225874827975
k__Bacteria;p__Bacteroidetes;c__Bacteroidia;o__Bacteroidales;f__Rikenellaceae;g__Alistipes;s__Alistipes_finegoldii	0.0325938158668	-0.0398921564896	0.0377012204294	0.0235683194893	-0.0363758517573	-0.0269858094631	-0.0374184519822	0.0125364512813	1.0	-0.0236647800146	0.0350804138683	0.0316928234881	0.014312799673	0.0727250092564	0.0010906156993	0.0544084016354	-0.0195662542382	-0.0522440595538	-0.00982038832591	0.0684380141678	0.0485023828907	-0.100710235013	8.17872765251e-05	0.00134064482854	0.0144409029845	-0.000111712634834	-0.0159053940075	-0.0173422469654	0.064312203536	-0.0149621653557	0.0316334863908	0.0198188774756	0.0144388816058	-0.00207545565324	0.0090465995647	-0.0426896619909	-0.0635388795195	0.00326547870971	-0.0565921813162	0.0186839190684	-0.0387901547922	-0.0262427722934	0.0118744257194	-0.0561154439364	-0.0106063242328	0.0141925410095	0.0100794104221	-0.0268317745588	-0.027320455118	-0.0558249412501	-0.0406149466672	-0.0287780475927	-0.0458424680298	0.00991806443369	-0.0436723152741	0.00601380681987	0.0131570655846	-0.0436233817849	-0.0265610996255
k__Bacteria;p__Bacteroidetes;c__Bacteroidia;o__Bacteroidales;f__Porphyromonadaceae;g__Parabacteroides;s__Parabacteroides_distasonis	-0.0430657921562	0.0803662357915	-0.0256040455648	-0.0500241186373	-0.0133332180649	-0.0395626568454	-0.00267522770308	-0.00201341721856	-0.0236647800146	1.0	-0.0418413596541	0.00292518247184	0.0420953898027	0.00812130569822	-0.0521149379218	0.0254657258655	-0.0223085302247	-0.00827783436729	-0.0257437932778	0.0501711622486	0.00843244702035	0.00319965414483	0.0169735168811	-0.00772834671515	0.0266179776242	-0.0242340496186	0.0580108381826	0.00559391955879	0.0234192415991	-0.0448147404745	-0.0205283608898	-0.0210698663063	0.0227415945957	-0.0537407486397	-0.00258573132137	0.000733389120795	-0.0190615794009	0.00728630777697	-0.00768300715703	0.0334741579024	-0.0103207604169	-0.0166880163754	-0.0241993552155	0.0244397440749	-0.00148029058738	0.00513920360793	-0.0525431978955	-0.0120375455035	-0.013757485225	-0.00765986433156	-0.0123833041398	0.000915627114354	-0.00451951063383	0.0325020387641	-0.0927974479188	-0.0118563890684	0.0181870112787	0.043524632846	-0.0154226288372
k__Bacteria;p__Bacteroidetes;c__Bacteroidia;o__Bacteroidales;f__Bacteroidaceae;g__Bacteroides;s__Bacteroides_thetaiotaomicron	0.0059600576382	-0.000295305271031	-0.0515987955873	0.0286893356548	-0.0571105932372	0.00337664663312	-0.0352036538294	-0.00738038343213	0.0350804138683	-0.0418413596541	1.0	0.0165243117802	0.00420478757109	0.0456501441913	-0.0188355903711	0.0390041742784	0.0185539038929	-0.0101468673221	-0.0329465015247	-0.00540812001001	0.0408562261903	0.00529784347692	0.00687020026481	-0.0410391485553	-0.0254914145337	-0.044930841542	0.0100301120681	-0.00739702425606	-0.0563228745532	-0.0485584155747	-0.0211095218912	0.0300425611871	-0.0100109852217	0.0222466118922	-0.0117175758855	-0.0268521203111	-0.0329447528867	0.0209267805812	-0.0477550243016	-0.0180325042741	0.0132621263129	0.0426730908779	0.0160893160921	-0.0127512753982	-0.0259886466007	0.0276016077584	0.0155692602581	0.025395606572	0.0429727647954	-0.00267952425387	0.0206898245642	-0.0708929446213	0.00139237649413	-0.0358975642586	0.0165550719824	0.0158676370031	0.00279410709103	-0.00936845251034	-0.032193253143
k__Bacteria;p__Bacteroidetes;c__Bacteroidia;o__Bacteroidales;f__Bacteroidaceae;g__Bacteroides;s__Bacteroides_coprocola	-0.0767801954264	-0.0298152187632	0.000708870738099	0.0198314304325	-0.040725282463	0.0174181979126	-0.0290907686252	-0.0153415267166	0.0316928234881	0.00292518247184	0.0165243117802	1.0	0.00365837289317	0.0251170064649	0.0131378656285	-0.00961654598678	0.00516875118337	0.0154407232531	0.0337887736567	-0.00690575858079	-0.0206888203508	0.0105815682485	-0.0456231541349	-0.0215609958002	-0.0393402870491	-0.00708829406816	0.018680125389	-0.0370031633148	-0.0195981849813	-0.0205162292648	0.0292853410112	-0.0438928751159	-0.0555926005203	0.0212450222598	-0.0728298371679	-0.00806361173561	0.00959670164361	0.0483761671082	-0.0484414020051	-0.00694885733191	-0.0533477108978	-0.00277724233965	0.0166424863139	-0.0248340976505	-0.0177944047282	0.020620277685	-0.0573936022512	0.00601243749746	0.0161171992565	0.00221554731904	0.022617723693	-0.0211848071085	0.0187386884441	0.0381395588096	-0.0126350121865	0.0564219569945	0.00660731324428	-0.0118847776863	-0.0256137340746
k__Bacteria;p__Bacteroidetes;c__Bacteroidia;o__Bacteroidales;f__Bacteroidaceae;g__Bacteroides;s__Bacteroides_cellulosilyticus	-0.0530337051127	-0.0276008617627	-0.0269659788603	0.0112164370616	-0.0466229954482	-0.0185557850494	0.0144100828812	-0.0494344492083	0.014312799673	0.0420953898027	0.00420478757109	0.00365837289316	1.0	-0.0493149798114	-0.00408691957931	-0.00713020134156	-0.000754202798327	0.0429407628059	-0.0607281069152	-0.00969273680453	-0.0352777212886	-0.0481433421188	0.0265970235556	-0.0310359797169	0.0348525165629	0.0168867371474	0.0483935023727	-0.013665672303	0.0174319019866	0.0138012117517	-0.0597746936669	0.00386316198707	0.0565796985191	-0.0121608041288	-0.00342953125008	-0.103339835751	-0.0259409551778	-0.0170957316984	-0.0174421076753	0.00680112305751	-0.0703634937265	-0.0119223843821	-0.00661628460942	0.00566960106505	0.0209834299456	-0.0160324043184	-0.0249384475083	0.0207969015854	-0.0133231750222	-0.0276927321687	0.033893782696	0.036286787312	0.000312587391205	-0.0894745009078	0.0109576799689	0.042047999486	0.00289617163053	-0.0258710008649	0.0102408563081
k__Bacteria;p__Bacteroidetes;c__Bacteroidia;o__Bacteroidales;f__Rikenellaceae;g__Alistipes;s__Alistipes_obesi	-0.0219312476193	-0.0023031093237	-0.0355740546301	-0.0160800866592	0.00130799028595	0.0234363373924	0.0330919365012	-0.000118438000479	0.0727250092564	0.00812130569822	0.0456501441913	0.0251170064649	-0.0493149798114	1.0	-0.0237677719214	-0.0125520820353	-0.0057983818608	-0.0385062604944	0.00554229214443	-0.0494523726601	0.0191464567443	-0.0626310269872	-0.0105049907667	0.0290894892086	0.00175087855796	-0.00108559792176	0.0117889139697	-0.0137058177007	0.00126395238652	-0.01806545558	0.0654980605372	-0.0056346246017	0.0137773797266	-0.00016242845404	-0.0773072971444	-0.0195780475012	0.0055615685955	0.095202044182	0.0337878268696	0.0325569963924	-0.0181915898485	-0.0396105197644	-0.0270390678272	0.0379100179029	0.0216325277013	0.0111999552087	-0.0245041922621	-0.0641244872671	-0.00563758037497	-0.0710881312789	0.0576745951969	-0.0386830743613	0.0397773454727	-0.00879637846058	-0.00842364272815	-0.00700410374696	-0.0162144404592	0.0243241219722	0.0431588066965
k__Bacteria;p__Firmicutes;c__Clostridia;o__Clostridiales;f__Lachnospiraceae;g__;s__[Eubacterium]_rectale	-0.0117639841118	-0.0195205298634	-0.0395821335529	0.000442561465806	0.00485533144002	0.0165037400129	-0.0225354095089	0.00942667590608	0.0010906156993	-0.0521149379218	-0.0188355903711	0.0131378656285	-0.00408691957931	-0.0237677719214	1.0	-0.00320250413434	-0.030376096878	-0.00262475032616	0.0430232262755	0.120105764111	0.0310449370011	-0.0360231521747	-0.00756340479956	-0.0182553869781	-0.0382441362636	0.0207142966143	-0.0479090067067	-0.0425833346335	-0.0122744388601	-0.0187839808608	0.0185122536203	0.0464872645347	0.00195699228585	-0.0253463996208	-0.0236363226909	-0.046108085646	-0.00871728499319	-0.0294489985346	-0.0505768953414	-0.015098557994	-0.00193115690436	-0.0208310958118	0.0628880734507	-0.0358221464236	-0.022357210767	0.0119531339972	0.0354838692065	0.0511916166662	0.0226174694927	0.0280882199268	-0.0702902679294	0.0211394071864	-0.0520275383606	-0.00599060908963	-0.0765900137359	-0.014086223956	-0.0223234087838	-0.07065068333	0.00942024377823
k__Bacteria;p__Bacteroidetes;c__Bacteroidia;o__Bacteroidales;f__Bacteroidaceae;g__Bacteroides;s__Bacteroides_plebeius	0.0273278487812	0.0202998807077	-0.0659044242822	-0.0465037076501	0.0210380565108	-0.0616716973124	0.00196328974278	-0.0129773144271	0.0544084016354	0.0254657258655	0.0390041742784	-0.00961654598678	-0.00713020134156	-0.0125520820353	-0.00320250413434	1.0	0.00990242146438	0.0434010404438	0.0411271146587	-0.0118315774179	0.0369021410524	0.0217862706697	-0.0453454050761	-0.0401448782373	-0.0446950563972	0.0134571111893	0.0108388280687	-0.0397324501855	-0.0771839041822	-0.0239743318389	0.00526254284485	-0.0426739329211	-0.0435967001825	0.00277075603405	-0.000203116603745	-0.0624105305132	-0.0111879635918	0.080097178145	0.00676507606154	-0.0256968594405	-0.0194547294726	-0.049441144303	-0.0247991001203	0.0295839968344	-0.0247553119062	0.012798445589	-0.012140983596	0.00388073953363	0.00849911416483	0.00599740508823	-0.042288366583	0.0659418186481	-0.0221049616371	-0.0181537241918	-0.0550681265134	0.0148552225401	-0.00807713801932	-0.0118499601439	0.00697862306564
k__Bacteria;p__Bacteroidetes;c__Bacteroidia;o__Bacteroidales;f__Bacteroidaceae;g__Bacteroides;s__Bacteroides_fragilis	-0.0536945366481	0.000987252986149	-0.0462910409262	-0.00347646747727	-0.0637904349861	-0.0139224026386	0.00853500081224	-0.0466918279759	-0.0195662542382	-0.0223085302247	0.0185539038929	0.00516875118337	-0.000754202798327	-0.0057983818608	-0.030376096878	0.00990242146438	1.0	-0.00146557662094	-0.0499319532436	-0.0613402243043	0.0347572941447	-0.0383842474229	0.0218900938772	0.00459800764443	0.035691262747	0.0208302010177	-0.0675439850521	-0.0140080048683	0.0150891983565	-0.00700363278969	-0.0481568461962	-0.0287836807098	-0.0743928004826	0.00387689878121	-0.0103551987538	-0.0347346331865	0.0652016915188	0.0203079503667	0.00413989184033	0.0779908771447	-0.0281236824395	0.00810571219702	0.0015906127813	-0.0248279051288	-0.0457891640843	-0.0176098076577	-0.00865675593154	-0.0123278301808	0.00652093839072	0.027575460827	0.00145767814057	0.0393828524861	0.0194537149275	0.00787543496178	0.0251418230943	-0.0205238732575	-0.00496272327896	-0.0134342405161	0.0313412175596
k__Bacteria;p__Proteobacteria;c__Betaproteobacteria;o__Burkholderiales;f__Sutterellaceae;g__Sutterella;s__Sutterella_wadsworthensis	0.0143639363915	0.0046322559439	0.00408446640469	-0.0378124817793	-0.0339807569573	0.00557625964726	-0.0202426285991	-0.0392140331066	-0.0522440595538	-0.00827783436729	-0.0101468673221	0.0154407232531	0.0429407628059	-0.0385062604944	-0.00262475032616	0.0434010404438	-0.00146557662094	1.0	0.0306731025159	-0.00794918770362	-0.0115788497555	0.0639877733781	-0.0481407781686	0.0168926009483	-0.0212854429706	-0.0203453408988	-0.0313773271605	-0.00813686773828	-0.0904090268322	-0.00348474571964	0.0140214682355	0.000898476452089	-0.0801264330519	0.00285135409399	-0.00991968917646	-0.00267672872532	-0.0126321814581	0.0123353870444	-0.0207390424271	0.0698988886421	-0.041749738172	0.0481721038171	0.0353620600847	-0.055715210287	-0.0129706624995	-0.0654326991097	-0.0487598202377	0.0436545045001	0.0114481463369	0.0172668408226	-0.0139773813912	-0.0334891367038	-0.0270981406271	0.0220502766967	-0.0505966970388	-0.0552703288814	-0.0447505510247	0.00720690166947	-0.0449879565873
k__Bacteria;p__Bacteroidetes;c__Bacteroidia;o__Bacteroidales;f__Porphyromonadaceae;g__Barnesiella;s__Barnesiella_intestinihominis	-0.0293675149055	0.00622347051573	0.00265737617356	0.03895794642	-0.0371753155331	-0.0330810979769	-0.0371511845218	-0.000867131921237	-0.00982038832591	-0.0257437932778	-0.0329465015247	0.0337887736567	-0.0607281069152	0.00554229214443	0.0430232262755	0.0411271146587	-0.0499319532436	0.0306731025159	1.0	-0.0159315374376	-0.0228763796961	0.0611395423842	-0.0447583202357	-0.084574021305	-0.0331538589392	-0.0442801045912	0.0124331902293	0.0448903988923	-0.0323933395693	0.00877362453361	-0.0189276028075	-0.0230660565158	-0.00859051670229	0.0445128833145	-0.0416886062172	-0.00353914346723	-0.0516740750061	0.0414676584085	0.00201905750624	-0.0388229245713	-0.0503343711263	0.00872100791299	0.0388989278033	0.0256506085706	-0.0179886844539	0.0404934869907	-0.0238479453834	0.030670808116	-0.0346566294309	0.00516177620388	-0.0653038847701	0.0331475678555	-0.0282626061175	0.00913104798866	0.0289873209047	-0.012231308673	-0.024941879442	0.00156409726948	0.0189158653619
k__Bacteria;p__Bacteroidetes;c__Bacteroidia;o__Bacteroidales;f__Odoribacteraceae;g__Odoribacter;s__Odoribacter_splanchnicus	-0.0106364422382	-0.0085722528513	0.021540521912	0.0393940860915	0.0320441218598	-0.0121006058239	-0.0515446546591	0.0379722922255	0.0684380141678	0.0501711622486	-0.00540812001001	-0.00690575858079	-0.00969273680453	-0.0494523726601	0.120105764111	-0.0118315774179	-0.0613402243043	-0.00794918770362	-0.0159315374376	1.0	-0.0563762907107	0.000454599936409	-0.000907220909031	-0.0286752085436	-0.0321172337656	-0.0141564070275	-0.0767953229806	0.00661377602081	0.010938778749	-0.0153491097813	0.0728856650974	0.00574453790676	-0.0099856637783	-0.0161495967696	0.0163648583834	-0.0729774974075	0.0432577339855	0.0180442967934	-0.0350155647374	0.0049494258543	0.0349413314799	0.0179717487896	0.0225234764276	0.0259817445872	-0.0374369329536	0.0247663544584	0.0018619541219	-0.02357286002	-0.00449433752876	0.0200268509839	-0.0507250485874	-0.0310807027218	-0.0687517295012	-0.0100450655565	-0.0141194503614	-0.00308776123366	-0.0787765284324	-0.00330402477526	0.017712856325
k__Bacteria;p__Bacteroidetes;c__Bacteroidia;o__Bacteroidales;f__Bacteroidaceae;g__Bacteroides;s__Bacteroides_salyersiae	0.0419288643119	0.0135495987629	-0.0333415473868	-0.0312786552397	-0.00492580042682	-0.0245431290907	-0.00256070525767	-0.0070196545033	0.0485023828907	0.00843244702035	0.0408562261903	-0.0206888203508	-0.0352777212886	0.0191464567443	0.0310449370011	0.0369021410524	0.0347572941447	-0.0115788497555	-0.0228763796961	-0.0563762907107	1.0	-0.00257664941401	-0.00573622215305	-0.00328983332251	-0.0465699282126	-0.0332889036646	-0.00985081607067	0.0287481716839	-0.0707351791419	0.0418529168052	-0.031079846862	-0.0435964541635	0.0145777871039	-0.011577492848	0.0316507603515	-0.0083668900107	-0.033705215864	0.00439228291883	0.0400487197923	-0.0116929728129	-0.0293923110215	-0.0223703508194	-0.004608968962	0.0349343409463	0.037116851032	-0.0086333760953	-0.00016784275378	-0.0206279235624	-0.00847198808425	-0.0324540684107	-0.00572212424067	-0.0118570440051	-0.0544587983729	0.00193159252046	-0.050336325254	0.00539238852033	-0.00237873707515	0.00414225490958	-0.00946618111236
k__Bacteria;p__Firmicutes;c__Clostridia;o__Clostridiales;f__Ruminococcaceae;g__Ruminiclostridium;s__[Eubacterium]_siraeum	0.0476836750546	0.0131915952825	-0.0311416393529	-0.00247845705553	-0.0379753641289	-0.0236324026033	0.0330884423973	0.0107123303788	-0.100710235013	0.00319965414483	0.00529784347692	0.0105815682485	-0.0481433421188	-0.0626310269872	-0.0360231521747	0.0217862706697	-0.0383842474229	0.0639877733781	0.0611395423842	0.000454599936409	-0.00257664941401	1.0	0.0593723206476	-0.00728732893011	-0.0173540829252	0.0707253984359	0.00667622328943	-0.0169156591725	-0.0109002713713	-0.0468398478576	-0.0190981728151	-0.0358918849951	-0.0158012920332	0.00766109052121	-0.019279759586	0.0326865637262	-0.000670381271683	0.00536436229474	0.0221361050386	-0.0760556404447	-0.0615976762088	0.0109935421254	0.0275071994046	-0.0294277072093	-0.0126986572813	-0.0176538910687	-0.0391555904166	0.0142245724779	-0.0371353414321	-0.0672928366643	-0.0541302718852	0.0502431737605	-0.0418045538916	-0.0430314741917	0.0355250317554	-0.0306927354676	0.0218154791613	-0.00982860229852	-0.00924030880417
k__Bacteria;p__Proteobacteria;c__Betaproteobacteria;o__Burkholderiales;f__Sutterellaceae;g__Parasutterella;s__Parasutterella_excrementihominis	0.0183543880341	-0.0101550856995	-0.00231883345855	0.018929280643	0.0337759775016	0.00784191539174	0.0316538261814	0.0648907625955	8.17872765251e-05	0.0169735168811	0.00687020026481	-0.0456231541349	0.0265970235556	-0.0105049907667	-0.00756340479956	-0.0453454050761	0.0218900938772	-0.0481407781686	-0.0447583202357	-0.000907220909031	-0.00573622215305	0.0593723206476	1.0	-0.0279666270201	-0.0286692340867	0.032914399539	-0.0128278762806	0.00308814447841	0.0384694845689	0.00687536135809	0.018966406417	0.0152189230285	0.0757936554571	-0.00584912661842	0.0267911574618	0.0134675353328	-0.0197660747343	-0.0434851593559	-0.0337194288331	0.0431582383293	-5.91558848107e-05	-0.0107700803246	-0.0229336876892	0.00543999014702	-0.00869654847172	-0.0250201478849	-0.0563059853539	-0.0328408124594	-0.0167777910113	0.0197922172067	-0.0611963608993	-0.0170331269396	-0.036769808589	0.00916982583312	-0.012783540904	-0.00908427114116	0.00920231767863	0.0176423943603	0.0025639352153
k__Bacteria;p__Actinobacteria;c__Actinobacteria;o__Bifidobacteriales;f__Bifidobacteriaceae;g__Bifidobacterium;s__Bifidobacterium_adolescentis	-0.0239639589121	0.0731365592769	0.0167492475346	0.0108351624609	0.00931471264807	-0.0256044621758	-0.0262446183709	-0.0117628308184	0.00134064482855	-0.00772834671515	-0.0410391485553	-0.0215609958002	-0.0310359797169	0.0290894892086	-0.0182553869781	-0.0401448782373	0.00459800764443	0.0168926009483	-0.084574021305	-0.0286752085436	-0.00328983332251	-0.00728732893011	-0.0279666270201	1.0	-0.00104851446797	0.0201259116598	0.0205140740268	-0.0174394156892	0.0581278562901	-0.074821195877	-0.00792431190939	0.00627408753121	-0.0133915336611	-0.0641921805247	-0.0171930395084	-0.0507923820136	-0.0495166987544	-0.0378605310526	0.0513758316712	-0.0163292281352	-0.0110964641852	-0.0442593411669	-0.0180080548367	-0.0424082619365	0.0573356361717	-0.046301507229	-0.0411351461374	-0.0396617561411	0.025421496459	0.0155626691285	0.0748491515124	0.0329696589025	-0.0191451048934	0.00333876710224	-0.0167281036877	0.0367095428586	-0.00314115909751	-0.0306469462402	-0.0517480173043
k__Bacteria;p__Firmicutes;c__Clostridia;o__Clostridiales;f__Oscillospiraceae;g__Oscillibacter;s__Oscillibacter_sp._KLE_1745	0.0316123661868	0.0459148603314	0.0435822388121	-0.00348599052862	-0.00257584736745	0.0519471328326	0.0025717611424	0.0142744420849	0.0144409029845	0.0266179776242	-0.0254914145337	-0.0393402870491	0.0348525165629	0.00175087855796	-0.0382441362636	-0.0446950563972	0.035691262747	-0.0212854429706	-0.0331538589392	-0.0321172337656	-0.0465699282126	-0.0173540829252	-0.0286692340867	-0.00104851446797	1.0	0.0284168591377	-0.0173412192363	-0.0260037490664	0.0168906494686	0.0279040916043	0.0112569905424	-0.0060096986047	0.0090105006404	-0.0218044121137	-0.0345619370395	-0.00370727905806	-0.0138757410849	0.0215131467666	-0.0599321638559	-0.0348079710763	-0.0402467008896	-0.0301083380471	-0.0540508548739	0.0932400492361	0.00646692893507	-0.0320591053054	-0.0330590253114	-0.0165920875593	-0.123050540875	-0.0645977467859	-0.0129468111035	-0.0129427726456	0.00892141668096	0.00844186230495	0.0506733669807	-0.0137897661956	-0.00194775466179	0.000834415540328	8.35838425957e-05
k__Bacteria;p__Bacteroidetes;c__Bacteroidia;o__Bacteroidales;f__Bacteroidaceae;g__Bacteroides;s__Bacteroides_coprophilus	0.0368809110973	-0.0110780862528	-0.00281574448602	0.00148481254996	-0.00823683028114	-0.0052231747084	-0.00868632371967	-0.0557274388424	-0.000111712634834	-0.0242340496186	-0.044930841542	-0.00708829406816	0.0168867371474	-0.00108559792176	0.0207142966143	0.0134571111893	0.0208302010177	-0.0203453408988	-0.0442801045912	-0.0141564070275	-0.0332889036646	0.0707253984359	0.032914399539	0.0201259116598	0.0284168591377	1.0	0.0210225327024	-0.0300653656291	0.00732507204865	-0.0356022916266	0.100698650761	0.0131622296217	0.021383373296	-0.00587228425789	-0.0157955301205	0.022144834909	-0.0550794692508	0.0112374918261	0.0048440510862	0.0148167265803	0.00601208643055	0.0366311547484	-0.0275104610385	-0.0897717049844	-0.0118695941394	-0.0410386521487	0.0229828249278	0.0237102109688	0.0229268810889	0.0139106828363	-0.00991407349306	-0.034929232833	-0.04418369686	0.00645243725526	-0.0509498453796	-0.0366943366988	-0.000225261949862	-0.0165707300131	0.010160103956
k__Bacteria;p__Firmicutes;c__Clostridia;o__Clostridiales;f__Lachnospiraceae;g__Roseburia;s__Roseburia_intestinalis	-0.0274804545408	-0.00908560201032	-0.035865083859	0.00886236474711	0.00933511322329	-0.0202314278563	-0.00052226252455	-0.0467839498045	-0.0159053940075	0.0580108381826	0.0100301120681	0.018680125389	0.0483935023727	0.0117889139697	-0.0479090067067	0.0108388280687	-0.0675439850521	-0.0313773271605	0.0124331902293	-0.0767953229806	-0.00985081607067	0.00667622328943	-0.0128278762806	0.0205140740268	-0.0173412192363	0.0210225327024	1.0	-0.0413739373676	-0.0162962140916	0.020151629596	-0.033872177436	-0.010958720194	-0.00225382441498	0.0381569536294	-0.0206318548193	-0.0101628150779	-0.00690515586693	-0.0371458513191	0.0122596130918	-0.00287530865973	0.0574682072963	0.0152868070257	-0.0376277128243	0.026378434459	0.043401003923	-0.0101123075992	-0.00294784521874	-0.012722334679	-0.016624411981	-0.0421919088682	0.00671784338275	-0.0225855201053	0.0519860338622	0.0451288091869	-0.0190645157929	-0.00746925819274	0.0109906946145	0.00743887023288	0.00417279707704
k__Bacteria;p__Firmicutes;c__Clostridia;o__Clostridiales;f__Lachnospiraceae;g__Roseburia;s__Roseburia_hominis	-0.0149579119424	-0.0192178630993	0.0302192681472	0.070177765505	-0.0168077688213	0.0216004263121	-0.00625156504556	0.109547760492	-0.0173422469654	0.00559391955879	-0.00739702425606	-0.0370031633148	-0.013665672303	-0.0137058177007	-0.0425833346335	-0.0397324501855	-0.0140080048683	-0.00813686773828	0.0448903988923	0.00661377602081	0.0287481716839	-0.0169156591725	0.00308814447841	-0.0174394156892	-0.0260037490664	-0.0300653656291	-0.0413739373676	1.0	-0.0075267225032	-0.0181916905829	0.0410324383146	0.00108530138348	-0.000196723806917	-0.0344417650821	-0.00251354680381	0.000334293275303	-0.0294411053311	-0.0584601330663	-0.000812705693712	0.00607740814073	-0.00667272173299	0.0290008402796	0.0535041723448	0.0213061757495	0.00296791949645	-0.00430650397468	-0.0105797203558	0.0231306295999	-0.033550709576	-0.00625082762268	-0.0249723845042	-0.057578343004	0.00327508785806	0.0196774579546	0.0151055109125	-0.070547782646	-0.0168477340037	0.0251640851078	-0.0273204218693
k__Bacteria;p__Bacteroidetes;c__Bacteroidia;o__Bacteroidales;f__Porphyromonadaceae;g__Parabacteroides;s__Parabacteroides_johnsonii	0.0584094021935	-0.0301971153572	-0.0284194350156	-0.0332969577332	0.00562127265117	-0.0345792251619	0.00808427648207	-0.0115760691571	0.064312203536	0.0234192415991	-0.0563228745532	-0.0195981849813	0.0174319019866	0.00126395238652	-0.0122744388601	-0.0771839041822	0.0150891983565	-0.0904090268322	-0.0323933395693	0.010938778749	-0.0707351791419	-0.0109002713713	0.0384694845689	0.0581278562901	0.0168906494686	0.00732507204865	-0.0162962140916	-0.0075267225032	1.0	-0.0124668341357	0.0617488417603	0.00418863369406	-0.0279908488821	-0.0838737982795	0.00512686442709	-0.046560586739	-0.000929833099112	-0.00987297805695	0.0544745061306	-0.0646046457585	0.0367411085754	-0.0246905508027	-0.00158897436374	0.0478166526019	-0.00528785192486	0.0457451135776	-0.0079627139055	-0.0411569340663	0.0330498783275	-0.0234209325401	0.0122023673258	-0.037634616176	-0.0445032109522	0.00416798403559	-0.0166373023983	-0.00811725235695	-0.0160252172899	0.0391002073879	-0.00412977625122
