#taxonomy	k__Bacteria;p__Bacteroidetes;c__Bacteroidia;o__Bacteroidales;f__Bacteroidaceae;g__Bacteroides;s__Bacteroides_vulgatus	k__Bacteria;p__Bacteroidetes;c__Bacteroidia;o__Bacteroidales;f__Bacteroidaceae;g__Bacteroides;s__Bacteroides_uniformis	k__Bacteria;p__Bacteroidetes;c__Bacteroidia;o__Bacteroidales;f__Rikenellaceae;g__Alistipes;s__Alistipes_putredinis	k__Bacteria;p__Bacteroidetes;c__Bacteroidia;o__Bacteroidales;f__Prevotellaceae;g__Prevotella;s__Prevotella_copri	k__Bacteria;p__Bacteroidetes;c__Bacteroidia;o__Bacteroidales;f__Bacteroidaceae;g__Bacteroides;s__Bacteroides_stercoris	k__Bacteria;p__Bacteroidetes;c__Bacteroidia;o__Bacteroidales;f__Bacteroidaceae;g__Bacteroides;s__Bacteroides_ovatus	k__Bacteria;p__Bacteroidetes;c__Bacteroidia;o__Bacteroidales;f__Rikenellaceae;g__Alistipes;s__Alistipes_shahii	k__Bacteria;p__Firmicutes;c__Clostridia;o__Clostridiales;f__Ruminococcaceae;g__Faecalibacterium;s__Faecalibacterium_prausnitzii	k__Bacteria;p__Bacteroidetes;c__Bacteroidia;o__Bacteroidales;f__Rikenellaceae;g__Alistipes;s__Alistipes_finegoldii	k__Bacteria;p__Bacteroidetes;c__Bacteroidia;o__Bacteroidales;f__Porphyromonadaceae;g__Parabacteroides;s__Parabacteroides_distasonis	k__Bacteria;p__Bacteroidetes;c__Bacteroidia;o__Bacteroidales;f__Bacteroidaceae;g__Bacteroides;s__Bacteroides_thetaiotaomicron	k__Bacteria;p__Bacteroidetes;c__Bacteroidia;o__Bacteroidales;f__Bacteroidaceae;g__Bacteroides;s__Bacteroides_coprocola	k__Bacteria;p__Bacteroidetes;c__Bacteroidia;o__Bacteroidales;f__Bacteroidaceae;g__Bacteroides;s__Bacteroides_cellulosilyticus	k__Bacteria;p__Bacteroidetes;c__Bacteroidia;o__Bacteroidales;f__Rikenellaceae;g__Alistipes;s__Alistipes_obesi	k__Bacteria;p__Firmicutes;c__Clostridia;o__Clostridiales;f__Lachnospiraceae;g__;s__[Eubacterium]_rectale	k__Bacteria;p__Bacteroidetes;c__Bacteroidia;o__Bacteroidales;f__Bacteroidaceae;g__Bacteroides;s__Bacteroides_plebeius	k__Bacteria;p__Bacteroidetes;c__Bacteroidia;o__Bacteroidales;f__Bacteroidaceae;g__Bacteroides;s__Bacteroides_fragilis	k__Bacteria;p__Proteobacteria;c__Betaproteobacteria;o__Burkholderiales;f__Sutterellaceae;g__Sutterella;s__Sutterella_wadsworthensis	k__Bacteria;p__Bacteroidetes;c__Bacteroidia;o__Bacteroidales;f__Porphyromonadaceae;g__Barnesiella;s__Barnesiella_intestinihominis	k__Bacteria;p__Bacteroidetes;c__Bacteroidia;o__Bacteroidales;f__Odoribacteraceae;g__Odoribacter;s__Odoribacter_splanchnicus	k__Bacteria;p__Bacteroidetes;c__Bacteroidia;o__Bacteroidales;f__Bacteroidaceae;g__Bacteroides;s__Bacteroides_salyersiae	k__Bacteria;p__Firmicutes;c__Clostridia;o__Clostridiales;f__Ruminococcaceae;g__Ruminiclostridium;s__[Eubacterium]_siraeum	k__Bacteria;p__Proteobacteria;c__Betaproteobacteria;o__Burkholderiales;f__Sutterellaceae;g__Parasutterella;s__Parasutterella_excrementihominis	k__Bacteria;p__Actinobacteria;c__Actinobacteria;o__Bifidobacteriales;f__Bifidobacteriaceae;g__Bifidobacterium;s__Bifidobacterium_adolescentis	k__Bacteria;p__Firmicutes;c__Clostridia;o__Clostridiales;f__Oscillospiraceae;g__Oscillibacter;s__Oscillibacter_sp._KLE_1745	k__Bacteria;p__Bacteroidetes;c__Bacteroidia;o__Bacteroidales;f__Bacteroidaceae;g__Bacteroides;s__Bacteroides_coprophilus	k__Bacteria;p__Firmicutes;c__Clostridia;o__Clostridiales;f__Lachnospiraceae;g__Roseburia;s__Roseburia_intestinalis	k__Bacteria;p__Firmicutes;c__Clostridia;o__Clostridiales;f__Lachnospiraceae;g__Roseburia;s__Roseburia_hominis	k__Bacteria;p__Bacteroidetes;c__Bacteroidia;o__Bacteroidales;f__Porphyromonadaceae;g__Parabacteroides;s__Parabacteroides_johnsonii	k__Bacteria;p__Actinobacteria;c__Actinobacteria;o__Bifidobacteriales;f__Bifidobacteriaceae;g__Bifidobacterium;s__Bifidobacterium_longum	k__Bacteria;p__Firmicutes;c__Clostridia;o__Clostridiales;f__;g__Flavonifractor;s__Flavonifractor_plautii	k__Bacteria;p__Firmicutes;c__Clostridia;o__Clostridiales;f__Clostridiaceae;g__Clostridium;s__Clostridium_phoceensis	k__Bacteria;p__Verrucomicrobia;c__Verrucomicrobiae;o__Verrucomicrobiales;f__Akkermansiaceae;g__Akkermansia;s__Akkermansia_muciniphila	k__Bacteria;p__Bacteroidetes;c__Bacteroidia;o__Bacteroidales;f__Prevotellaceae;g__Paraprevotella;s__Paraprevotella_xylaniphila	k__Bacteria;p__Firmicutes;c__Clostridia;o__Clostridiales;f__Ruminococcaceae;g__Ruminococcus;s__Ruminococcus_callidus	k__Bacteria;p__Bacteroidetes;c__Bacteroidia;o__Bacteroidales;f__Rikenellaceae;g__Alistipes;s__Alistipes_senegalensis	k__Bacteria;p__Firmicutes;c__Clostridia;o__Clostridiales;f__Lachnospiraceae;g__Blautia;s__Blautia_sp._KLE_1732	k__Bacteria;p__Bacteroidetes;c__Bacteroidia;o__Bacteroidales;f__Bacteroidaceae;g__Bacteroides;s__Bacteroides_oleiciplenus	k__Bacteria;p__Firmicutes;c__Clostridia;o__Clostridiales;f__Ruminococcaceae;g__Ruminococcus;s__Ruminococcus_bicirculans	k__Bacteria;p__Bacteroidetes;c__Bacteroidia;o__Bacteroidales;f__Bacteroidaceae;g__Bacteroides;s__Bacteroides_fluxus	k__Bacteria;p__Bacteroidetes;c__Bacteroidia;o__Bacteroidales;f__Prevotellaceae;g__Prevotella;s__Prevotella_stercorea	k__Bacteria;p__Firmicutes;c__Clostridia;o__Clostridiales;f__Lachnospiraceae;g__Dorea;s__Dorea_longicatena	k__Bacteria;p__Firmicutes;c__Clostridia;o__Clostridiales;f__Eubacteriaceae;g__Eubacterium;s__[Eubacterium]_eligens	k__Bacteria;p__Firmicutes;c__Clostridia;o__Clostridiales;f__Ruminococcaceae;g__;s__Ruminococcaceae_bacterium_D16	k__Bacteria;p__Firmicutes;c__Clostridia;o__Clostridiales;f__Lachnospiraceae;g__Coprococcus;s__Coprococcus_comes	k__Bacteria;p__Proteobacteria;c__Gammaproteobacteria;o__Enterobacterales;f__Enterobacteriaceae;g__Escherichia;s__Escherichia_coli	k__Bacteria;p__Firmicutes;c__Clostridia;o__Clostridiales;f__Ruminococcaceae;g__Anaerotruncus;s__Anaerotruncus_colihominis	k__Bacteria;p__Firmicutes;c__Clostridia;o__Clostridiales;f__Lachnospiraceae;g__Blautia;s__Blautia_obeum	k__Bacteria;p__Bacteroidetes;c__Bacteroidia;o__Bacteroidales;f__Odoribacteraceae;g__Odoribacter;s__Odoribacter_laneus	k__Bacteria;p__Firmicutes;c__Clostridia;o__Clostridiales;f__Ruminococcaceae;g__Ruminiclostridium;s__[Clostridium]_leptum	k__Bacteria;p__Bacteroidetes;c__Bacteroidia;o__Bacteroidales;f__Porphyromonadaceae;g__Parabacteroides;s__Parabacteroides_goldsteinii	k__Bacteria;p__Firmicutes;c__Clostridia;o__Clostridiales;f__Lachnospiraceae;g__Anaerostipes;s__Anaerostipes_hadrus	k__Bacteria;p__Firmicutes;c__Clostridia;o__Clostridiales;f__Ruminococcaceae;g__Ruminococcus;s__Ruminococcus_lactaris	k__Bacteria;p__Firmicutes;c__Clostridia;o__Clostridiales;f__Clostridiaceae;g__Clostridium;s__Clostridium_sp._L2-50	k__Bacteria;p__Firmicutes;c__Clostridia;o__Clostridiales;f__Clostridiaceae;g__Clostridium;s__Clostridium_sp._M62/1	k__Bacteria;p__Firmicutes;c__Clostridia;o__Clostridiales;f__;g__Intestinimonas;s__Intestinimonas_butyriciproducens	k__Bacteria;p__Actinobacteria;c__Actinobacteria;o__Bifidobacteriales;f__Bifidobacteriaceae;g__Bifidobacterium;s__Bifidobacterium_bifidum	k__Bacteria;p__Firmicutes;c__Negativicutes;o__Veillonellales;f__Veillonellaceae;g__Dialister;s__Dialister_invisus	k__Bacteria;p__Bacteroidetes;c__Bacteroidia;o__Bacteroidales;f__Bacteroidaceae;g__Bacteroides;s__Bacteroides_salanitronis
k__Bacteria;p__Bacteroidetes;c__Bacteroidia;o__Bacteroidales;f__Bacteroidaceae;g__Bacteroides;s__Bacteroides_vulgatus	1.0	0.0384847791617	0.0098325611077	-0.0605760041487	0.00311825661713	-0.014674992518	-0.0270886490318	0.00156182768999	0.00981195944696	-0.0243999512372	-0.0193121585327	-0.0219608812503	-0.03064113448	-0.0727475761697	6.0174622532e-05	0.00463831408655	0.00262359486761	0.0124299017503	-0.0136218531814	-0.0159053542022	0.00374034270986	-0.0598764663088	0.0233179903557	0.0205749112939	0.0283503552799	0.0272414022157	0.0280954407887	-0.00605527976783	-0.0180743943095	-0.019253249346	0.00795508445473	0.0328626752086	0.0213399202296	-0.00785840258393	0.00366017331129	-0.0478734584487	0.026352099955	-0.0352645082433	-0.0143514563814	0.0148831013865	0.00842915242273	0.0138936756075	0.00991907190104	-0.0178877639409	0.0131535188886	0.0150203056184	0.00700938710637	0.0177193933133	0.0306184853987	-0.0367117015964	-0.00236665493109	-0.00138171021671	0.062175120778	0.0170340185275	0.0671699617756	-0.0394178906592	-0.0150494892861	0.00140430867593	-0.0152349717298
k__Bacteria;p__Bacteroidetes;c__Bacteroidia;o__Bacteroidales;f__Bacteroidaceae;g__Bacteroides;s__Bacteroides_uniformis	0.0384847791617	1.0	-0.0291942880451	-0.0771407191422	-0.0113677864743	0.00798933165554	-0.0428927075739	-0.0147526643276	0.0186693578918	-0.0255382202389	0.0296205566366	0.0719602118491	-0.0290417395151	-0.0264437406385	0.00634528374855	0.0570562265385	-0.0357378873021	-0.0143346776712	-0.0421520872007	0.00914038455386	0.00486817398436	0.00463605202477	0.0393329727301	-0.0502370634541	-0.0131385832697	-0.0145419159593	-0.00713939894383	0.00993767513809	0.0228010638664	-0.0319943298572	0.00872463874483	-0.0145056096516	-5.57421314588e-05	0.00544458702798	-0.0165455470329	0.0182507952075	0.00704443951522	-0.042323917197	0.0171735621639	0.00564271398985	-0.0507162407107	-0.0535647425092	0.0179764117075	-0.00385194938598	0.0174394421996	0.0415938079988	-0.0393809850224	0.00853649630984	-0.0600145713998	0.0157599952596	0.00922273026757	0.000745444869329	-0.00246676349467	0.0011225009888	-0.0376453247681	-0.0473937139287	-0.000201060408114	0.0160464684774	0.020658435814
k__Bacteria;p__Bacteroidetes;c__Bacteroidia;o__Bacteroidales;f__Rikenellaceae;g__Alistipes;s__Alistipes_putredinis	0.0098325611077	-0.0291942880451	1.0	-0.0176177502193	0.0344069957144	0.00131985182003	-0.0182390945844	-0.0386501344967	-0.0118756925926	-0.0695884634155	0.00530946061899	-0.0381826325123	-0.00648199275299	0.00865904055766	-0.0223597180783	0.0161479220962	-0.00180828591128	-0.0189058251279	0.0288250805806	0.0212401799014	0.00382491167646	0.0369904336369	-0.0392124798877	0.0527846563211	-0.0134307082188	0.0547296855784	-0.0333344107895	0.00227900085974	0.0189975073247	0.0568736964192	-0.0248138465149	-0.00638917545772	-0.0214213240226	0.0167544416453	0.0101104403362	-0.00224292732583	0.00586041059245	0.00678026545088	-0.000306953605199	-0.00247321490863	-0.057212521407	0.0205620818076	0.0355451681155	-0.0323429539977	-0.0137238437688	0.0685683144386	-0.00825919199919	-0.0166950110488	-0.0159396930669	0.00952564100797	-0.00429757359387	-0.000489779552213	-0.00614134741971	-0.0186715520897	-0.0155921632002	-0.00515706623689	0.018747977394	0.0244077100267	0.00368181472942
k__Bacteria;p__Bacteroidetes;c__Bacteroidia;o__Bacteroidales;f__Prevotellaceae;g__Prevotella;s__Prevotella_copri	-0.0605760041487	-0.0771407191422	-0.0176177502193	1.0	0.0147172858228	0.00226771619183	-0.0169084069396	-0.0155196009221	0.0277813441716	-0.0284859752753	0.0145219494758	0.00663467786903	0.0261037330033	-0.0310509743556	-0.0429023997594	-0.0208593285771	-0.00502281097583	0.00821768765854	0.0476848720202	0.0262094330109	-0.00713305993527	-0.085628518294	-0.0181268009819	-0.0249808320854	0.00947219510305	0.00318780361737	0.0452452581924	-0.0118225658311	0.0129332046696	0.0144242397499	0.0246926635784	0.0914570960623	0.0174827622798	-0.0295759184984	0.0012934382706	-0.0138970307553	-0.058720382861	0.0169589187897	0.0332713461648	0.025092431832	0.0354028232607	-0.0265342763594	-0.0865954717148	-0.00112438564774	0.0247834304796	0.00279907320267	-0.00630231078931	-0.0355006783692	0.012904371017	0.0165365280755	0.0568764756057	-0.0989927534142	-0.0172446860484	-0.000939453884633	0.0532357667307	0.0324952672585	0.0350024029576	-0.0226409448376	-0.00412414826865
k__Bacteria;p__Bacteroidetes;c__Bacteroidia;o__Bacteroidales;f__Bacteroidaceae;g__Bacteroides;s__Bacteroides_stercoris	0.00311825661713	-0.0113677864743	0.0344069957144	0.0147172858228	1.0	0.0382518075934	-0.0522007175991	-0.0157011422902	-0.0254442307481	-0.0200799842475	-0.0166882724253	-0.00722197073907	-0.000700730958678	0.0245799096067	0.0121987836106	0.0255712642177	0.0129615423679	0.0040571108849	-0.00857870643068	0.0147489814169	0.00923689644218	0.0126583278467	-0.0511280123767	-0.00498114618823	0.0404097658647	-0.0137139904495	0.0223666250321	-0.0412292828069	-0.00387899414165	-0.0183714814965	0.0374634016259	0.00348479007771	-0.0373730504944	-0.0570225466945	-0.00447360178909	0.0196362764533	0.0669696614456	-0.0147677978122	-0.0539890025837	0.00536812010497	-0.00214033594149	0.0053111707063	-0.0306737406954	-0.0149908777432	0.0190098067376	-0.00325510282978	0.0162045972683	-0.00543027528709	-0.0141734938335	-0.00165724208502	-0.0194814278368	-0.0507871701883	0.0444015262273	-0.016508231011	-0.0230220783335	-0.0413988623291	-0.00259433768651	-0.000942854273549	0.0108953514958
k__Bacteria;p__Bacteroidetes;c__Bacteroidia;o__Bacteroidales;f__Bacteroidaceae;g__Bacteroides;s__Bacteroides_ovatus	-0.014674992518	0.00798933165554	0.00131985182003	0.00226771619183	0.0382518075934	1.0	-0.0347750604613	0.0111683753225	-0.0774811842838	-0.0161159472432	0.0394081342914	0.0357422549928	-0.074887329734	-0.054109013424	-0.0401643123853	0.0460691907669	-0.0240459529861	-0.0309087058192	-0.0668238845669	0.015925381822	-0.0234857848861	-0.0199727689114	0.0588394330084	0.0187662745274	0.0421260617432	-0.0501979089882	0.000459914576225	0.051387395388	-0.0129501444138	0.00109036485096	-0.0192994065047	-0.0178528801003	-0.0269522803389	-0.0241743111212	-0.0470278656588	-0.0574719675074	-0.0268893861148	-0.0434560341297	-0.000544219755525	0.00857352192823	-0.0280219813479	-0.0463072256999	-0.0168543545198	0.0021418628176	-0.0469472421115	-0.010942164008	0.0289469048538	-0.0184055236079	0.00821611339973	0.0112439010258	0.0460213910585	0.0295695541649	0.0134364267453	0.0274495213779	0.0196596450114	0.0162892720558	-0.00803596208574	-0.0204908955785	-0.0165162837077
k__Bacteria;p__Bacteroidetes;c__Bacteroidia;o__Bacteroidales;f__Rikenellaceae;g__Alistipes;s__Alistipes_shahii	-0.0270886490318	-0.0428927075739	-0.0182390945844	-0.0169084069396	-0.0522007175991	-0.0347750604613	1.0	-0.021488219546	0.0624327337322	-0.0230724548502	-0.00757206946627	-0.0112146351597	0.0337272483848	-0.0251077688018	0.0507448354893	0.0120330826873	0.00296567372395	0.113969690765	0.0214870947392	-0.0383396706123	0.00993139272601	0.0592109831133	0.0546807467798	-0.0304588706557	-0.00224855900868	-0.00477626782601	0.058798680067	-0.0337031440596	0.0118267229219	0.0309880405076	0.0163573325859	-0.0122257677355	-0.0059179848793	-0.0187390534641	0.0594344813342	-0.0119029277332	-0.040874274428	-0.0338082023054	0.0432068056151	-0.0288960232559	-0.0346346245043	-0.0197896557802	-0.0450734482326	0.00314375079375	-0.00797913463963	-0.0582489939953	-0.0113551441367	0.00500601563113	-0.0277935736534	-0.0348919606616	-0.0086495247421	0.00329921193718	-0.0222901337946	-0.0128087257297	0.0189101882497	-0.0345313712364	0.0224569645344	0.0305127578831	-0.0340690900697
k__Bacteria;p__Firmicutes;c__Clostridia;o__Clostridiales;f__Ruminococcaceae;g__Faecalibacterium;s__Faecalibacterium_prausnitzii	0.00156182768999	-0.0147526643276	-0.0386501344967	-0.0155196009221	-0.0157011422902	0.0111683753225	-0.021488219546	1.0	0.0594822766693	-0.0526489101316	0.000514072658545	0.0118654069297	-0.028348467428	0.00625330272333	0.0174248660422	-0.0425402936967	0.0533650803182	0.0216422499082	-0.0306564034045	-0.0334399864452	-0.0225131782123	-0.0148587374332	0.00452049233623	0.0201600958353	-0.0583682734726	-0.0505166209585	0.0113721370537	-0.0420664742725	-0.00646419908485	0.0348786473058	0.0542203123806	-0.00623328936798	-0.00312157514653	-0.00985410260901	0.0236232541617	0.0108200315403	-0.0119559668635	-0.00281421984725	-0.0322351538349	-0.0592760699946	0.0292626569144	0.0258605816176	0.0493508620007	-0.00814124024205	-0.0291595226773	0.0134349663684	0.00589994865678	0.0383783569437	0.0181030586894	0.0366302756488	0.0476039410527	-0.0384283258498	0.000796519219794	-0.041359574822	0.0559556198172	0.0269183237316	0.0658135695802	0.0287010909372	-0.00828477250822
k__Bacteria;p__Bacteroidetes;c__Bacteroidia;o__Bacteroidales;f__Rikenellaceae;g__Alistipes;s__Alistipes_finegoldii	0.00981195944696	0.0186693578918	-0.0118756925926	0.0277813441716	-0.0254442307481	-0.0774811842838	0.0624327337322	0.0594822766693	1.0	0.0481648672747	-0.0483865905781	-0.0284583131928	-0.0195277933651	0.00515962175074	0.0146772536897	0.0229477657139	0.0225842789768	0.0540680933986	0.0150810619025	-0.0190164544226	-0.0212974040572	0.0406727324129	0.016200178036	-0.00139328075461	-0.0428921177842	-0.0279724933795	-0.00123715266326	-0.0572303264177	-0.0284502896714	0.0275492383216	-0.0480544378216	0.0165759272653	-0.00981467063877	-0.0195914451455	0.0122394289263	-0.0314135293553	-0.021949902738	-0.00367044382021	0.0260345032988	-0.0398163284369	0.0152161189265	0.0166581763958	0.0470880039697	0.0176629601974	-0.0659051364201	-0.00347299758884	0.0726474670833	0.111808917758	-0.00495971126997	0.0304550420985	-0.0610092820216	0.0180918770941	0.00526615364881	-0.0189349818405	0.00221670378155	-0.022610423033	-0.00504051665313	-0.0433409352841	-0.0253993498818
k__Bacteria;p__Bacteroidetes;c__Bacteroidia;o__Bacteroidales;f__Porphyromonadaceae;g__Parabacteroides;s__Parabacteroides_distasonis	-0.0243999512372	-0.0255382202389	-0.0695884634155	-0.0284859752753	-0.0200799842475	-0.0161159472432	-0.0230724548502	-0.0526489101316	0.0481648672747	1.0	0.0235891764445	-0.00755959457189	-0.0455753504967	0.0228526422579	0.0225696219479	-0.0338256171788	-0.0223689484736	-0.00658091767069	-0.00523252027117	-0.0270865266988	0.0521881262069	-0.0225317631646	0.0101208029638	-0.0232203355888	0.0124006532138	-0.0437546221288	0.0175030777106	-0.0384263732737	-0.00214730987682	-0.0340301660913	-0.0604514685747	0.0221656332164	-0.0172649598824	0.0325388089685	-0.00970636506702	0.0250951953784	0.0341567290872	0.00651830618654	0.019436830987	-0.0113578245836	0.0271023869684	-0.0412431817849	-0.0493338546652	-0.0230420691057	0.0244222893972	0.0445180697807	-0.055581092802	0.0315642306134	-0.00825819991906	-0.0180977069991	0.0237712847154	-0.0513366197846	0.0117756547368	0.018390175045	-0.0768351268766	0.0163564486167	-0.053956163644	0.0478365768035	-0.00960218192517
k__Bacteria;p__Bacteroidetes;c__Bacteroidia;o__Bacteroidales;f__Bacteroidaceae;g__Bacteroides;s__Bacteroides_thetaiotaomicron	-0.0193121585327	0.0296205566366	0.00530946061899	0.0145219494758	-0.0166882724253	0.0394081342914	-0.00757206946627	0.000514072658545	-0.0483865905781	0.0235891764445	1.0	-0.0709287047164	-0.0633704213812	0.0360080807909	-0.0365545932233	-0.0128213797565	-0.0465290854243	-0.00713255768582	0.0247165150128	-0.00836395829458	-0.0287076019703	0.0572837729855	0.0158335442808	-0.100115619155	-0.044825384938	-0.0513997523494	-0.0128905852486	-0.0283547852231	0.0140418532061	0.000880605721607	-0.0563832045379	0.00628712955563	-0.0254126371619	0.0585421391375	-0.00465742251529	0.0176802892045	-0.00634218905545	-0.0697481617707	-0.00603715622713	0.00538514840791	0.0274089929126	0.019797762449	-0.0586674457797	0.00631315860246	0.0225560552452	-0.0175012440586	-0.0126648476188	0.0245896431663	-0.063385921959	-0.00643861482164	0.0158750736671	0.0148594880914	-0.0561257450544	0.0255640000677	-0.0472160893499	0.0367327644016	-0.0100427244391	-0.0122478809922	0.025648084177
k__Bacteria;p__Bacteroidetes;c__Bacteroidia;o__Bacteroidales;f__Bacteroidaceae;g__Bacteroides;s__Bacteroides_coprocola	-0.0219608812503	0.0719602118491	-0.0381826325123	0.00663467786903	-0.00722197073907	0.0357422549928	-0.0112146351597	0.0118654069297	-0.0284583131928	-0.00755959457189	-0.0709287047164	1.0	-0.0579395875587	-0.0519048766166	0.0240551661318	-0.00640873669461	-0.0369195301556	0.00909462841549	-0.00170949727986	0.0552724805386	-0.000790279348788	0.0236356769366	-0.0131650329989	-0.0665847729128	-0.025832356662	0.00209715838156	-0.0245006501288	0.0605734294093	0.00902470209884	-0.0304934680995	-0.0299578799181	0.00767669822915	-0.00765010639152	0.0749832370685	-0.0301735952736	-0.0140074417017	-0.0422220401313	0.000493537714405	-0.0220654954486	-0.00688785497378	-0.000155183087122	-0.023167345363	0.0403689084966	0.028415053395	-0.039510665269	0.0227343511063	-0.0647213723326	0.00840362930811	-0.0162683779148	0.0144169998807	0.0322936129389	0.0698589503582	-0.0528519738912	0.0406300422869	0.00639203129481	-0.072714296161	-0.0319377170606	-0.0549482653611	-0.0180101589436
k__Bacteria;p__Bacteroidetes;c__Bacteroidia;o__Bacteroidales;f__Bacteroidaceae;g__Bacteroides;s__Bacteroides_cellulosilyticus	-0.03064113448	-0.0290417395151	-0.00648199275299	0.0261037330033	-0.000700730958678	-0.074887329734	0.0337272483848	-0.028348467428	-0.0195277933651	-0.0455753504967	-0.0633704213812	-0.0579395875587	1.0	-0.0103408083007	-0.0236901209827	0.0079953046456	-0.00144167073936	0.01900089854	0.0462792204025	-0.0380874263956	-0.0135928639203	0.00482508843184	-0.0338344504169	0.0387885433056	-0.0395795329678	0.0237496667171	0.0170166712043	-0.0206026978693	0.0105694626542	-0.00179930632064	0.0120902044347	0.0249625247148	-0.038873350959	-0.0116932021415	-0.0162033762828	0.0329470331055	-0.0362073385267	0.0137068294844	0.0353070086943	-0.00180086815428	-0.00943513643219	0.00353621171728	0.0174116204063	-0.0276438313201	-0.010211719414	-0.0451643030575	-0.00450766348553	0.0620827730598	0.0226158254791	0.0136539648865	0.0153509259167	0.00544354136257	0.0658708009237	-0.00564406339972	0.0530082351994	0.0416882528745	0.00293339169825	-0.00449407248359	-0.0264804052941
k__Bacteria;p__Bacteroidetes;c__Bacteroidia;o__Bacteroidales;f__Rikenellaceae;g__Alistipes;s__Alistipes_obesi	-0.0727475761697	-0.0264437406385	0.00865904055766	-0.0310509743556	0.0245799096067	-0.054109013424	-0.0251077688018	0.00625330272333	0.00515962175074	0.0228526422579	0.0360080807909	-0.0519048766166	-0.0103408083007	1.0	0.00705570677948	-0.00411441448598	0.00782633359025	-0.0191635792456	-0.048883633363	-0.0366135241619	-0.00551577413526	-0.046967004624	0.0035442729996	-0.0222198783611	0.0132131509143	0.0122611513908	-0.00481096811275	0.0705117682241	0.0324921572269	0.0550883991439	-0.00195850265214	-0.0253026187983	-0.0651892007722	-0.0144150424556	-0.0125287121345	0.0189541409059	-0.100619228204	-0.012791303558	-0.0414466404268	0.0203461308415	0.0251703122853	-0.017924973673	0.0467831885417	-0.0316863083433	-0.0470964285611	-0.015668080029	-0.024840292037	-0.0182893902931	-0.0432634561842	-0.0405074668434	-0.00607607722184	-0.0228091562691	-0.0510371604576	0.029519155067	-0.00193406726898	-0.0406881105776	0.0549130672991	-0.0229454263766	-0.0223777620681
k__Bacteria;p__Firmicutes;c__Clostridia;o__Clostridiales;f__Lachnospiraceae;g__;s__[Eubacterium]_rectale	6.01746225321e-05	0.00634528374855	-0.0223597180783	-0.0429023997594	0.0121987836106	-0.0401643123853	0.0507448354893	0.0174248660422	0.0146772536897	0.0225696219479	-0.0365545932233	0.0240551661318	-0.0236901209827	0.00705570677948	1.0	0.0107547639022	-0.00485752806588	-0.0176825742412	-0.0255424638448	0.00919421319937	-0.00487887370037	-0.00700374950739	-0.0293821963006	-0.0107120811293	-0.0201501990003	0.0484124211717	-0.00744712651008	-0.0161371838953	0.0213608714654	-0.0143120813065	0.0147436978545	-0.00180757512362	0.0431932283606	0.0225514879833	0.0211501152599	-0.0529740559209	-0.0243811460885	0.00231793129571	-0.100597183414	-0.0484600894501	-0.0267511991171	-0.027606585747	-0.0268067002305	-0.0349687526098	-0.0348566055646	-0.0152661557271	-0.0204487488615	-0.0249976061392	-0.0705107577644	0.0129321612058	-0.0399406229376	-0.00931391023223	-0.0413008470088	0.0337096765153	-0.0256387788802	-0.00588479505865	0.00649988391274	0.00376683293479	0.0296820986317
k__Bacteria;p__Bacteroidetes;c__Bacteroidia;o__Bacteroidales;f__Bacteroidaceae;g__Bacteroides;s__Bacteroides_plebeius	0.00463831408655	0.0570562265385	0.0161479220962	-0.0208593285771	0.0255712642177	0.0460691907669	0.0120330826873	-0.0425402936967	0.0229477657139	-0.0338256171788	-0.0128213797565	-0.00640873669461	0.0079953046456	-0.00411441448598	0.0107547639022	1.0	0.0419251336796	-0.0625588023697	0.043253422433	0.0107565704098	-0.0209333841437	-0.0230083046401	0.00194999615413	-0.0315381675829	-0.0324902892197	0.0435829238177	0.0137820198062	0.0783938658942	-7.63871386076e-05	-0.0343983733186	0.0213282233152	-0.0379965106409	-0.0585152531081	-0.0274459773498	-0.021245999417	-0.0194582589274	0.010537674075	0.00839920579854	0.00768325570907	0.00821402664611	0.00763154427935	-0.00985409188146	0.0472212874965	-0.00226950235038	0.000672500648638	-0.0287863983478	-0.0501053303752	-0.0248472510131	-0.0456083491052	-0.0195955748363	-0.00622300160902	-0.0507342643811	-0.0373345747295	-0.00576838209646	-0.0637196824586	0.0350124113033	-0.0350461462209	0.0168437043353	-0.0195047195222
k__Bacteria;p__Bacteroidetes;c__Bacteroidia;o__Bacteroidales;f__Bacteroidaceae;g__Bacteroides;s__Bacteroides_fragilis	0.00262359486761	-0.0357378873021	-0.00180828591128	-0.00502281097583	0.0129615423679	-0.0240459529861	0.00296567372395	0.0533650803182	0.0225842789768	-0.0223689484736	-0.0465290854243	-0.0369195301556	-0.00144167073936	0.00782633359025	-0.00485752806588	0.0419251336796	1.0	-0.0360337100481	-0.0363223536107	-0.0044575989837	-0.0202301301226	-0.0100565851	-0.00144412527215	0.0248654957593	0.0614675240259	-0.0159218720512	0.0535214044108	-0.0139997926535	-0.00504041838168	0.00101022548181	-0.0409923962304	-0.0213787730805	0.0438782282449	-0.0376965556915	-0.0303819725418	0.00164866303462	0.000189391855065	-0.0151650524212	-0.00858954961461	-0.0384502532844	-0.000175017088337	-0.0347221454793	-0.00380442822053	0.00979450955298	0.0173918265979	-0.00215193403813	-0.0213527912825	-0.0137800197846	0.0394093938059	-0.0251637820983	-0.027644334105	0.053033273776	-0.0825646947607	0.0315971109334	0.0643010057224	-0.0159470906214	0.000237436674107	-0.0151772841398	0.0293392993847
k__Bacteria;p__Proteobacteria;c__Betaproteobacteria;o__Burkholderiales;f__Sutterellaceae;g__Sutterella;s__Sutterella_wadsworthensis	0.0124299017503	-0.0143346776712	-0.0189058251279	0.00821768765854	0.0040571108849	-0.0309087058192	0.113969690765	0.0216422499082	0.0540680933986	-0.00658091767069	-0.00713255768582	0.00909462841549	0.01900089854	-0.0191635792456	-0.0176825742412	-0.0625588023697	-0.0360337100481	1.0	0.0260369749362	-0.00147355614129	0.032009949267	0.0133009764262	-0.0446891468897	0.0313235501058	-0.0436492184406	0.0278824834393	-0.0295868370895	-0.078225867171	-0.05711049531	-0.0193797555499	0.0270368896279	-0.0357201343589	-0.0358818318199	0.00107734339761	0.022136269009	-0.0449011425329	0.0117729290521	-0.0362938127848	0.0220413919177	-0.0115940589612	-0.0466709322895	-0.0313783168067	-0.0416404762862	0.00757986110081	0.0090841092406	0.00412990716052	-0.0321748643743	0.00244714031686	-0.010519810583	-0.0139117375075	-0.0177261317422	0.0295036418318	-0.0126240736626	-0.013028167577	-0.0157749361183	0.0404597257146	-0.0234607599212	-0.0651971572252	-0.0232798842259
k__Bacteria;p__Bacteroidetes;c__Bacteroidia;o__Bacteroidales;f__Porphyromonadaceae;g__Barnesiella;s__Barnesiella_intestinihominis	-0.0136218531814	-0.0421520872007	0.0288250805806	0.0476848720202	-0.00857870643068	-0.0668238845669	0.0214870947392	-0.0306564034045	0.0150810619025	-0.00523252027117	0.0247165150128	-0.00170949727986	0.0462792204025	-0.048883633363	-0.0255424638448	0.043253422433	-0.0363223536107	0.0260369749362	1.0	0.0466748383528	0.0143870823812	-0.0214365796244	0.0313276089023	0.025895216694	-0.0139093856681	-0.039968491222	-0.0422937688275	0.0434868966589	0.0166641615712	-0.00953872284034	-0.033385160759	-0.035129000703	-0.0587320647559	0.0133655045313	0.0124561981156	-0.000531162646106	0.068574986933	-0.00936178732959	0.0353157716011	-0.0320364786842	-0.0294330583123	0.0647772532821	-0.00875224085252	0.0296606287051	-0.0272235514997	0.00657565638038	-0.044615219289	-0.0143893248181	0.0398212678834	-0.0322761586191	0.0102156339712	-0.0586144602584	-0.0452755784531	0.0224802352676	-0.0188130460984	-0.0157468234801	-0.0338103539894	-0.00854791634279	-0.0517391105372
k__Bacteria;p__Bacteroidetes;c__Bacteroidia;o__Bacteroidales;f__Odoribacteraceae;g__Odoribacter;s__Odoribacter_splanchnicus	-0.0159053542022	0.00914038455386	0.0212401799014	0.0262094330109	0.0147489814169	0.015925381822	-0.0383396706123	-0.0334399864452	-0.0190164544226	-0.0270865266988	-0.00836395829458	0.0552724805386	-0.0380874263956	-0.0366135241619	0.00919421319937	0.0107565704098	-0.0044575989837	-0.00147355614129	0.0466748383528	1.0	-0.0410757469149	0.0129742288837	-0.00571350528664	0.049245698949	0.0138793667463	0.0087303018702	-0.00192936062026	0.0183821367659	0.035552216917	0.0315963951552	0.0456622201222	-0.00405498793751	-0.0230148308814	-0.0167648214476	0.000401803028719	-0.0337444399081	-0.00787790264422	-0.018402575015	-0.00524648281959	0.0426971583303	-0.0313235058324	-0.0217173275546	-0.0352520927798	0.0511900649607	-0.0496359213623	0.00213453625501	-0.0053399948256	0.0309170233843	0.0189555384303	-0.0383754082651	-0.0138516112133	0.00720235828271	0.0097248096739	-0.013472321314	-0.040070500087	-0.0300649877991	-0.0514107567279	-0.0192054761395	-0.0137669912622
k__Bacteria;p__Bacteroidetes;c__Bacteroidia;o__Bacteroidales;f__Bacteroidaceae;g__Bacteroides;s__Bacteroides_salyersiae	0.00374034270986	0.00486817398436	0.00382491167646	-0.00713305993527	0.00923689644218	-0.0234857848861	0.00993139272601	-0.0225131782123	-0.0212974040572	0.0521881262069	-0.0287076019703	-0.000790279348788	-0.0135928639203	-0.00551577413526	-0.00487887370037	-0.0209333841437	-0.0202301301226	0.032009949267	0.0143870823812	-0.0410757469149	1.0	-0.0628460403266	-0.0822675343816	-0.0198230380902	0.0303459340259	-0.0236531874169	-0.024934507754	-0.0076019944722	0.00220850804758	0.00698820685603	-0.0419101234622	0.0328583298238	0.0153284669686	-0.0243480402825	-0.00222601887471	-0.013932460941	-0.0133692245896	0.0601026343171	-0.0412091572621	0.0368812667515	0.00373351578309	0.00674052137046	-0.0498069320674	-0.0375860675648	0.00299096023793	-0.0103273566256	-0.00777766570787	0.0141304313273	-0.00643776590205	-0.0283671646972	0.0228875093037	-0.0853016817593	0.00474941151348	0.0565254300866	-0.0447351020534	0.00330925676739	0.014419477828	0.0613640122264	-0.050071887773
k__Bacteria;p__Firmicutes;c__Clostridia;o__Clostridiales;f__Ruminococcaceae;g__Ruminiclostridium;s__[Eubacterium]_siraeum	-0.0598764663088	0.00463605202477	0.0369904336369	-0.085628518294	0.0126583278467	-0.0199727689114	0.0592109831133	-0.0148587374332	0.0406727324129	-0.0225317631646	0.0572837729855	0.0236356769366	0.00482508843184	-0.046967004624	-0.00700374950739	-0.0230083046401	-0.0100565851	0.0133009764262	-0.0214365796244	0.0129742288837	-0.0628460403266	1.0	-0.00604526817612	0.0602711670642	0.0134288450739	-0.0162998914043	-0.0159909359366	0.00993982042104	0.0290888864197	-0.0460140790237	-0.0363290575625	-0.0326515298763	-0.00463874668803	0.0159245135983	0.0253808307105	-0.0214903286475	0.0596134047347	-0.0311991019288	0.0457195261891	-0.0248217507848	0.0281071249968	-0.00918566811438	-0.0189868499463	-0.0549757320872	0.00811557031315	-0.0132061655321	0.0490172482019	0.0325088696202	0.023067926964	0.0643810344118	-0.0109569427149	0.0322246207335	0.0214911687958	-0.064805325536	-0.0479787350111	-0.00114745078349	-0.0332345475446	-0.0541836538945	-0.0151960918505
k__Bacteria;p__Proteobacteria;c__Betaproteobacteria;o__Burkholderiales;f__Sutterellaceae;g__Parasutterella;s__Parasutterella_excrementihominis	0.0233179903557	0.0393329727301	-0.0392124798877	-0.0181268009819	-0.0511280123767	0.0588394330084	0.0546807467798	0.00452049233623	0.016200178036	0.0101208029638	0.0158335442808	-0.0131650329989	-0.0338344504169	0.0035442729996	-0.0293821963006	0.00194999615413	-0.00144412527215	-0.0446891468897	0.0313276089023	-0.00571350528664	-0.0822675343816	-0.00604526817612	1.0	-0.00660210413792	-0.0244019048447	-0.0556715508896	-0.0135234205094	-0.0475931064171	0.0297251325677	0.0271651134942	-0.0177775443752	0.0154101765777	-0.00982090638429	-0.0220726806408	-0.0242900085858	-0.00422324714385	-0.00825210827691	0.0355192173324	0.00888683216551	0.0420684444602	-0.0501521041581	-0.0064781782962	0.0186510813068	0.0583842852964	0.0570242093558	-0.0181903832292	-0.0277629715986	-0.0200275435509	0.0516946080046	0.0108403508619	0.0119061944823	0.0375635167519	0.00582684424301	0.0184560869355	0.0294047610871	0.0126004673404	0.0108912474603	-0.0243071035464	-0.0689866805078
k__Bacteria;p__Actinobacteria;c__Actinobacteria;o__Bifidobacteriales;f__Bifidobacteriaceae;g__Bifidobacterium;s__Bifidobacterium_adolescentis	0.0205749112939	-0.0502370634541	0.0527846563211	-0.0249808320854	-0.00498114618823	0.0187662745274	-0.0304588706557	0.0201600958353	-0.00139328075461	-0.0232203355888	-0.100115619155	-0.0665847729128	0.0387885433056	-0.0222198783611	-0.0107120811293	-0.0315381675829	0.0248654957593	0.0313235501058	0.025895216694	0.049245698949	-0.0198230380902	0.0602711670642	-0.00660210413792	1.0	0.0494666181393	-0.01733691693	-0.078780116915	0.0104088153142	-0.006070623594	-0.000331600608288	-0.0290082906862	0.00917193564776	-0.00164284138815	-0.0544138956128	-0.0542678066589	-0.0337155661683	0.0756898839455	-0.0398094425249	0.0530310736746	-0.0726724473909	0.0243210022659	0.0493222375794	-0.022749596456	-0.0188997461603	0.00949202287936	-0.0572487010098	0.0150248612247	-0.0606720669777	-0.00845148047945	0.012676884328	-0.00871244775729	-0.0037516195943	0.00483830561685	0.00834667102463	0.00671554854253	0.0387620154408	0.00760744135774	-0.0436278106871	-0.00907414469617
k__Bacteria;p__Firmicutes;c__Clostridia;o__Clostridiales;f__Oscillospiraceae;g__Oscillibacter;s__Oscillibacter_sp._KLE_1745	0.0283503552799	-0.0131385832697	-0.0134307082188	0.00947219510305	0.0404097658647	0.0421260617432	-0.00224855900868	-0.0583682734726	-0.0428921177842	0.0124006532138	-0.044825384938	-0.025832356662	-0.0395795329678	0.0132131509143	-0.0201501990003	-0.0324902892197	0.0614675240259	-0.0436492184406	-0.0139093856681	0.0138793667463	0.0303459340259	0.0134288450739	-0.0244019048447	0.0494666181393	1.0	-0.0146774764736	-0.0248503379521	-0.0606176181509	0.00543415178987	-0.0779267726304	0.0348041364906	0.000458231155725	0.0872094954765	0.00512597342631	-0.0128858007571	0.0161465182655	-0.00211600362683	0.0436311894762	-0.0205759224654	0.0431045628734	0.0127411148157	-0.0209748546554	-0.0546056121323	0.00270796146857	0.00313596963383	-0.0269194742675	-0.0384500539681	-0.0196676309129	0.00800402727488	0.0344067869219	-0.00402284417314	-0.0527629934622	-0.0375253525278	-0.0218626617623	-0.0552547803401	0.0244023814584	-0.0385050914126	-0.0434590556973	-0.00133571937661
k__Bacteria;p__Bacteroidetes;c__Bacteroidia;o__Bacteroidales;f__Bacteroidaceae;g__Bacteroides;s__Bacteroides_coprophilus	0.0272414022157	-0.0145419159593	0.0547296855784	0.00318780361737	-0.0137139904495	-0.0501979089882	-0.00477626782601	-0.0505166209585	-0.0279724933795	-0.0437546221288	-0.0513997523494	0.00209715838156	0.0237496667171	0.0122611513908	0.0484124211717	0.0435829238177	-0.0159218720512	0.0278824834393	-0.039968491222	0.0087303018702	-0.0236531874169	-0.0162998914043	-0.0556715508896	-0.01733691693	-0.0146774764736	1.0	-0.0443455796677	0.0159491609032	-0.0382764712823	-0.0149450105358	-0.00086906850628	0.0143281852367	-0.000266150864398	-0.0126277592798	0.00268889912477	0.054240478303	-0.0168509019328	-0.0189153813484	0.0566114450569	0.0234396430043	-0.031094838896	-0.0102796202688	-0.0229699821253	-0.0381451541786	-0.0304780414575	0.0267174153058	-0.0067352898932	-0.0298859376983	-0.0346038532194	-0.0135852370394	0.00502371032326	0.0458193189918	0.00208766539371	0.0305619093325	-0.0146269496406	0.0895052609615	0.0135330429875	-0.0019656673013	-0.00513329919666
k__Bacteria;p__Firmicutes;c__Clostridia;o__Clostridiales;f__Lachnospiraceae;g__Roseburia;s__Roseburia_intestinalis	0.0280954407887	-0.00713939894383	-0.0333344107895	0.0452452581924	0.0223666250321	0.000459914576225	0.058798680067	0.0113721370537	-0.00123715266326	0.0175030777106	-0.0128905852486	-0.0245006501288	0.0170166712043	-0.00481096811275	-0.00744712651008	0.0137820198062	0.0535214044108	-0.0295868370895	-0.0422937688275	-0.00192936062026	-0.024934507754	-0.0159909359366	-0.0135234205094	-0.078780116915	-0.0248503379521	-0.0443455796677	1.0	-0.00765907905714	-0.0131833413737	-0.0546968912019	0.0039370291374	0.0123720425403	0.0365167190439	-0.0265097838328	-0.0457385977008	0.0259103203722	-0.0190399812421	-0.0266902720046	-0.0620818571281	-0.0354108321503	0.0262698316168	-0.0500802821364	0.00610855229753	0.0264342480866	0.0374392068297	0.0134581496755	0.02555063211	-0.0403411045898	0.046066651345	0.0430859362525	0.0550274488242	0.0431104874791	-0.0217346135296	0.0693872604442	-0.0541434513114	-0.0417784934485	-0.00926085675163	-0.0191435197444	-0.0832616326021
k__Bacteria;p__Firmicutes;c__Clostridia;o__Clostridiales;f__Lachnospiraceae;g__Roseburia;s__Roseburia_hominis	-0.00605527976783	0.00993767513809	0.00227900085974	-0.0118225658311	-0.0412292828069	0.051387395388	-0.0337031440596	-0.0420664742725	-0.0572303264177	-0.0384263732737	-0.0283547852231	0.0605734294093	-0.0206026978693	0.0705117682241	-0.0161371838953	0.0783938658942	-0.0139997926535	-0.078225867171	0.0434868966589	0.0183821367659	-0.0076019944722	0.00993982042104	-0.0475931064171	0.0104088153142	-0.0606176181509	0.0159491609032	-0.00765907905714	1.0	0.00737096477391	-0.00738926045405	-0.0738747967251	-0.0410868099914	-0.00577235614291	-0.0475351009545	0.0168743384928	-0.00937996100639	0.0179151982163	-0.020137143021	0.0291730392911	-0.0375942483653	-0.0115058060293	0.00145681843913	-0.00827194195889	-0.0486901909033	-0.0279810732215	0.0170448234838	0.00297459842618	-0.0188192020633	0.000578311380145	-0.0292082853429	0.015991259805	0.0229607957561	0.0717025937951	0.0443429768975	0.0442092724955	-0.057702855939	-0.0246318813952	-0.0218888971007	-0.0219490048831
k__Bacteria;p__Bacteroidetes;c__Bacteroidia;o__Bacteroidales;f__Porphyromonadaceae;g__Parabacteroides;s__Parabacteroides_johnsonii	-0.0180743943095	0.0228010638664	0.0189975073247	0.0129332046696	-0.00387899414165	-0.0129501444138	0.0118267229219	-0.00646419908485	-0.0284502896714	-0.00214730987682	0.0140418532061	0.00902470209884	0.0105694626542	0.0324921572269	0.0213608714654	-7.63871386076e-05	-0.00504041838168	-0.05711049531	0.0166641615712	0.035552216917	0.00220850804758	0.0290888864197	0.0297251325677	-0.006070623594	0.00543415178987	-0.0382764712823	-0.0131833413737	0.00737096477391	1.0	-0.0232311123497	-0.0255577484195	-0.0281770574893	-0.00666988517867	-0.00897849384131	0.0090520176525	0.010141448784	-0.00118383260056	0.0127946671179	-0.0218367660716	-0.00619375731678	0.0247260444872	0.041129497294	0.00968634362161	-0.0336339923054	-0.0437290833209	0.0178221653021	0.0305929443401	-0.0270062277371	-0.0849268300453	-0.0456655625513	0.0217589499875	-0.0448966741619	-0.0625246380807	0.0307998792915	-0.00834100503688	-0.0553239321258	-0.023110415565	0.0144416405624	0.00985705900827
k__Bacteria;p__Actinobacteria;c__Actinobacteria;o__Bifidobacteriales;f__Bifidobacteriaceae;g__Bifidobacterium;s__Bifidobacterium_longum	-0.019253249346	-0.0319943298572	0.0568736964192	0.0144242397499	-0.0183714814965	0.00109036485096	0.0309880405076	0.0348786473058	0.0275492383216	-0.0340301660913	0.000880605721607	-0.0304934680995	-0.00179930632064	0.0550883991439	-0.0143120813065	-0.0343983733186	0.00101022548181	-0.0193797555499	-0.00953872284034	0.0315963951552	0.00698820685603	-0.0460140790237	0.0271651134942	-0.000331600608288	-0.0779267726304	-0.0149450105358	-0.0546968912019	-0.00738926045405	-0.0232311123497	1.0	-0.00654428071112	-0.00436152488026	-0.0272233381522	-0.0191634341312	0.0393985377178	-0.0415990812695	-0.025807726973	-0.042685981989	-0.0815078118153	-0.0439605232457	-0.0498636195355	0.0591447767456	-0.0396877397634	-0.00442034474779	-0.0368882594694	0.0134695130507	-0.031939149113	0.0399109695355	-0.0207426648822	0.0350360939714	-0.0316277008409	0.0341940628199	-0.035801423043	-0.0241820868125	-0.053551578483	-0.0447930510263	0.0585496909505	0.0490782310622	0.0444988335289
