#taxonomy	k__Bacteria;p__Bacteroidetes;c__Bacteroidia;o__Bacteroidales;f__Bacteroidaceae;g__Bacteroides;s__Bacteroides_vulgatus	k__Bacteria;p__Bacteroidetes;c__Bacteroidia;o__Bacteroidales;f__Bacteroidaceae;g__Bacteroides;s__Bacteroides_uniformis	k__Bacteria;p__Bacteroidetes;c__Bacteroidia;o__Bacteroidales;f__Rikenellaceae;g__Alistipes;s__Alistipes_putredinis	k__Bacteria;p__Bacteroidetes;c__Bacteroidia;o__Bacteroidales;f__Prevotellaceae;g__Prevotella;s__Prevotella_copri	k__Bacteria;p__Bacteroidetes;c__Bacteroidia;o__Bacteroidales;f__Bacteroidaceae;g__Bacteroides;s__Bacteroides_stercoris	k__Bacteria;p__Bacteroidetes;c__Bacteroidia;o__Bacteroidales;f__Bacteroidaceae;g__Bacteroides;s__Bacteroides_ovatus	k__Bacteria;p__Bacteroidetes;c__Bacteroidia;o__Bacteroidales;f__Rikenellaceae;g__Alistipes;s__Alistipes_shahii	k__Bacteria;p__Firmicutes;c__Clostridia;o__Clostridiales;f__Ruminococcaceae;g__Faecalibacterium;s__Faecalibacterium_prausnitzii	k__Bacteria;p__Bacteroidetes;c__Bacteroidia;o__Bacteroidales;f__Rikenellaceae;g__Alistipes;s__Alistipes_finegoldii	k__Bacteria;p__Bacteroidetes;c__Bacteroidia;o__Bacteroidales;f__Porphyromonadaceae;g__Parabacteroides;s__Parabacteroides_distasonis	k__Bacteria;p__Bacteroidetes;c__Bacteroidia;o__Bacteroidales;f__Bacteroidaceae;g__Bacteroides;s__Bacteroides_thetaiotaomicron	k__Bacteria;p__Bacteroidetes;c__Bacteroidia;o__Bacteroidales;f__Bacteroidaceae;g__Bacteroides;s__Bacteroides_coprocola	k__Bacteria;p__Bacteroidetes;c__Bacteroidia;o__Bacteroidales;f__Bacteroidaceae;g__Bacteroides;s__Bacteroides_cellulosilyticus	k__Bacteria;p__Bacteroidetes;c__Bacteroidia;o__Bacteroidales;f__Rikenellaceae;g__Alistipes;s__Alistipes_obesi	k__Bacteria;p__Firmicutes;c__Clostridia;o__Clostridiales;f__Lachnospiraceae;g__;s__[Eubacterium]_rectale	k__Bacteria;p__Bacteroidetes;c__Bacteroidia;o__Bacteroidales;f__Bacteroidaceae;g__Bacteroides;s__Bacteroides_plebeius	k__Bacteria;p__Bacteroidetes;c__Bacteroidia;o__Bacteroidales;f__Bacteroidaceae;g__Bacteroides;s__Bacteroides_fragilis	k__Bacteria;p__Proteobacteria;c__Betaproteobacteria;o__Burkholderiales;f__Sutterellaceae;g__Sutterella;s__Sutterella_wadsworthensis	k__Bacteria;p__Bacteroidetes;c__Bacteroidia;o__Bacteroidales;f__Porphyromonadaceae;g__Barnesiella;s__Barnesiella_intestinihominis	k__Bacteria;p__Bacteroidetes;c__Bacteroidia;o__Bacteroidales;f__Odoribacteraceae;g__Odoribacter;s__Odoribacter_splanchnicus	k__Bacteria;p__Bacteroidetes;c__Bacteroidia;o__Bacteroidales;f__Bacteroidaceae;g__Bacteroides;s__Bacteroides_salyersiae	k__Bacteria;p__Firmicutes;c__Clostridia;o__Clostridiales;f__Ruminococcaceae;g__Ruminiclostridium;s__[Eubacterium]_siraeum	k__Bacteria;p__Proteobacteria;c__Betaproteobacteria;o__Burkholderiales;f__Sutterellaceae;g__Parasutterella;s__Parasutterella_excrementihominis	k__Bacteria;p__Actinobacteria;c__Actinobacteria;o__Bifidobacteriales;f__Bifidobacteriaceae;g__Bifidobacterium;s__Bifidobacterium_adolescentis	k__Bacteria;p__Firmicutes;c__Clostridia;o__Clostridiales;f__Oscillospiraceae;g__Oscillibacter;s__Oscillibacter_sp._KLE_1745	k__Bacteria;p__Bacteroidetes;c__Bacteroidia;o__Bacteroidales;f__Bacteroidaceae;g__Bacteroides;s__Bacteroides_coprophilus	k__Bacteria;p__Firmicutes;c__Clostridia;o__Clostridiales;f__Lachnospiraceae;g__Roseburia;s__Roseburia_intestinalis	k__Bacteria;p__Firmicutes;c__Clostridia;o__Clostridiales;f__Lachnospiraceae;g__Roseburia;s__Roseburia_hominis	k__Bacteria;p__Bacteroidetes;c__Bacteroidia;o__Bacteroidales;f__Porphyromonadaceae;g__Parabacteroides;s__Parabacteroides_johnsonii	k__Bacteria;p__Actinobacteria;c__Actinobacteria;o__Bifidobacteriales;f__Bifidobacteriaceae;g__Bifidobacterium;s__Bifidobacterium_longum	k__Bacteria;p__Firmicutes;c__Clostridia;o__Clostridiales;f__;g__Flavonifractor;s__Flavonifractor_plautii	k__Bacteria;p__Firmicutes;c__Clostridia;o__Clostridiales;f__Clostridiaceae;g__Clostridium;s__Clostridium_phoceensis	k__Bacteria;p__Verrucomicrobia;c__Verrucomicrobiae;o__Verrucomicrobiales;f__Akkermansiaceae;g__Akkermansia;s__Akkermansia_muciniphila	k__Bacteria;p__Bacteroidetes;c__Bacteroidia;o__Bacteroidales;f__Prevotellaceae;g__Paraprevotella;s__Paraprevotella_xylaniphila	k__Bacteria;p__Firmicutes;c__Clostridia;o__Clostridiales;f__Ruminococcaceae;g__Ruminococcus;s__Ruminococcus_callidus	k__Bacteria;p__Bacteroidetes;c__Bacteroidia;o__Bacteroidales;f__Rikenellaceae;g__Alistipes;s__Alistipes_senegalensis	k__Bacteria;p__Firmicutes;c__Clostridia;o__Clostridiales;f__Lachnospiraceae;g__Blautia;s__Blautia_sp._KLE_1732	k__Bacteria;p__Bacteroidetes;c__Bacteroidia;o__Bacteroidales;f__Bacteroidaceae;g__Bacteroides;s__Bacteroides_oleiciplenus	k__Bacteria;p__Firmicutes;c__Clostridia;o__Clostridiales;f__Ruminococcaceae;g__Ruminococcus;s__Ruminococcus_bicirculans	k__Bacteria;p__Bacteroidetes;c__Bacteroidia;o__Bacteroidales;f__Bacteroidaceae;g__Bacteroides;s__Bacteroides_fluxus	k__Bacteria;p__Bacteroidetes;c__Bacteroidia;o__Bacteroidales;f__Prevotellaceae;g__Prevotella;s__Prevotella_stercorea	k__Bacteria;p__Firmicutes;c__Clostridia;o__Clostridiales;f__Lachnospiraceae;g__Dorea;s__Dorea_longicatena	k__Bacteria;p__Firmicutes;c__Clostridia;o__Clostridiales;f__Eubacteriaceae;g__Eubacterium;s__[Eubacterium]_eligens	k__Bacteria;p__Firmicutes;c__Clostridia;o__Clostridiales;f__Ruminococcaceae;g__;s__Ruminococcaceae_bacterium_D16	k__Bacteria;p__Firmicutes;c__Clostridia;o__Clostridiales;f__Lachnospiraceae;g__Coprococcus;s__Coprococcus_comes	k__Bacteria;p__Proteobacteria;c__Gammaproteobacteria;o__Enterobacterales;f__Enterobacteriaceae;g__Escherichia;s__Escherichia_coli	k__Bacteria;p__Firmicutes;c__Clostridia;o__Clostridiales;f__Ruminococcaceae;g__Anaerotruncus;s__Anaerotruncus_colihominis	k__Bacteria;p__Firmicutes;c__Clostridia;o__Clostridiales;f__Lachnospiraceae;g__Blautia;s__Blautia_obeum	k__Bacteria;p__Bacteroidetes;c__Bacteroidia;o__Bacteroidales;f__Odoribacteraceae;g__Odoribacter;s__Odoribacter_laneus	k__Bacteria;p__Firmicutes;c__Clostridia;o__Clostridiales;f__Ruminococcaceae;g__Ruminiclostridium;s__[Clostridium]_leptum	k__Bacteria;p__Bacteroidetes;c__Bacteroidia;o__Bacteroidales;f__Porphyromonadaceae;g__Parabacteroides;s__Parabacteroides_goldsteinii	k__Bacteria;p__Firmicutes;c__Clostridia;o__Clostridiales;f__Lachnospiraceae;g__Anaerostipes;s__Anaerostipes_hadrus	k__Bacteria;p__Firmicutes;c__Clostridia;o__Clostridiales;f__Ruminococcaceae;g__Ruminococcus;s__Ruminococcus_lactaris	k__Bacteria;p__Firmicutes;c__Clostridia;o__Clostridiales;f__Clostridiaceae;g__Clostridium;s__Clostridium_sp._L2-50	k__Bacteria;p__Firmicutes;c__Clostridia;o__Clostridiales;f__Clostridiaceae;g__Clostridium;s__Clostridium_sp._M62/1	k__Bacteria;p__Firmicutes;c__Clostridia;o__Clostridiales;f__;g__Intestinimonas;s__Intestinimonas_butyriciproducens	k__Bacteria;p__Actinobacteria;c__Actinobacteria;o__Bifidobacteriales;f__Bifidobacteriaceae;g__Bifidobacterium;s__Bifidobacterium_bifidum	k__Bacteria;p__Firmicutes;c__Negativicutes;o__Veillonellales;f__Veillonellaceae;g__Dialister;s__Dialister_invisus	k__Bacteria;p__Bacteroidetes;c__Bacteroidia;o__Bacteroidales;f__Bacteroidaceae;g__Bacteroides;s__Bacteroides_salanitronis
k__Bacteria;p__Bacteroidetes;c__Bacteroidia;o__Bacteroidales;f__Bacteroidaceae;g__Bacteroides;s__Bacteroides_vulgatus	1.0	0.0318401908891	-0.00669138618937	-0.0221416621067	-0.0211828730521	0.051514325718	0.00245687144687	-0.076913399037	-0.0569408505242	0.0444303939387	0.0139394432102	0.044317726547	0.00284413861066	0.0111969576859	-0.0227864289624	-0.0173336105022	0.068001912949	-0.0497852562766	-0.00254494516022	-0.00797333043985	-0.0547684389807	-0.060752462162	0.037395483203	-0.0521368042842	-0.0599500423429	-0.000434422850256	0.0573337014178	-0.0403935035712	-0.0476582774959	-0.0463138358136	0.0351909971542	0.00807950113616	-0.0261031546532	-0.0124231280728	0.00113456283631	0.0656924305989	0.00343980174994	-0.0418239538493	0.0567560721781	0.0358226686536	-0.0049200920556	-0.0216494371414	0.00929141109774	-0.0806104313666	0.0272338069125	-0.00708332153912	0.0455152414746	-0.0291799846738	-0.0236850849755	-0.030131680917	0.0374946353498	0.0230197498307	-0.0104205664098	-0.0109802102158	-0.0155075411435	0.0491366607423	0.0412390036403	-0.0399821659617	-0.0028924205665
k__Bacteria;p__Bacteroidetes;c__Bacteroidia;o__Bacteroidales;f__Bacteroidaceae;g__Bacteroides;s__Bacteroides_uniformis	0.0318401908891	1.0	0.0151171594678	0.00334075324518	-0.0279983160919	-0.0789614390464	-0.0175012643055	0.00245679009949	-0.0168393824188	-0.0625459811752	0.0290560511902	-0.00343629055937	-0.054807358215	-0.0287269649254	0.0284852541705	0.0044490749708	-0.014141168638	-0.0362513098799	-0.0082420276078	0.028529143085	-0.00480198324281	-0.0399474076037	0.0211117799342	-0.049123166297	0.00970543208459	0.0153085208226	0.00756739042473	-0.0162975646422	0.00831508207418	-0.00113590263656	-0.003870467963	0.0127827278404	-0.0581010552946	0.0131453967553	-0.0199602227645	-0.00794795169285	0.00907274460662	0.0122996022838	-0.0224050191845	-0.00905217959263	0.00194805325917	-0.0435381503602	0.00136177940496	-0.0240791519355	0.0463851484585	-0.0494574810729	-0.0247266686949	-0.0163874288726	-0.0153973692293	-0.00742749689774	-0.00899536747066	0.00719644508553	-0.0366848783504	-0.00159051158675	0.0129887691764	-0.0349073337107	-0.0138456777176	-0.0528164213138	0.044622396147
k__Bacteria;p__Bacteroidetes;c__Bacteroidia;o__Bacteroidales;f__Rikenellaceae;g__Alistipes;s__Alistipes_putredinis	-0.00669138618937	0.0151171594678	1.0	-0.0310481698653	-0.0379263967969	-0.025820286376	-0.0589206288762	-0.0259873352061	-0.0622557255273	-0.00460472965241	-0.0460897020054	0.0331296958509	-0.0417322008586	-0.0365342352516	0.000825764792568	-0.0525639273935	-0.0272976874601	-0.0170870666698	0.0118461797249	0.00921770693137	-0.00758853589467	-0.049390424144	0.0230947983329	0.0267447652983	-0.00319035933771	-0.0667002943662	-0.0521214239431	-0.00711449024557	-0.0417896700472	-0.00729925692889	0.000822669752854	-0.0195651092028	0.015355805933	-0.00489044744187	-0.00862684308557	0.0101634955255	0.0439588912892	0.00158052234652	0.00954274440619	0.00489911113106	0.00526518366718	0.0104495369913	0.00429398220486	0.056062753807	0.0249843721495	0.00404018274221	-0.0448600941646	0.0297249203938	-0.000903065769398	0.00612812653539	0.0591869680981	-0.0391143913325	-0.0661397753899	0.111447165468	0.0338529376567	0.0469520703093	-0.0206495352363	-0.0508418615462	0.0108935410639
k__Bacteria;p__Bacteroidetes;c__Bacteroidia;o__Bacteroidales;f__Prevotellaceae;g__Prevotella;s__Prevotella_copri	-0.0221416621067	0.00334075324518	-0.0310481698653	1.0	0.0616573991138	-0.0126081635123	-0.0740118656225	-0.0337944103824	-0.0527350802764	-0.0864811028496	-0.00461374999236	0.00126913153464	0.0246928343502	0.0103158151966	-0.00612427107057	-0.0330438817531	0.0168412217495	0.00788953809984	-0.0206329877684	-0.0253106354439	-0.0184461844567	0.0348109553632	0.0489679353968	-0.0369573248356	-0.0325226295441	0.0374335296125	-0.0177794506272	-0.00468325151746	0.0105773547131	-0.0167361186835	-0.0623280015248	-0.000314329956593	-0.0447106934516	-0.0523106905459	0.00654669927239	-0.0178545073244	0.0204869426718	0.00640785429032	-0.00504881271677	-0.00154405319518	0.0135023989818	0.0755290608194	0.00360918000821	0.0317565513386	0.027664099482	-0.00285250959565	0.0243195526921	-0.00829430542555	-0.0460712726593	-0.02901548944	-0.0098907161727	-0.0459619693607	0.0350602526438	-0.00927329809397	-0.0163273767708	0.0407633520986	-0.0267548131928	0.00969179235362	-0.00247037963118
k__Bacteria;p__Bacteroidetes;c__Bacteroidia;o__Bacteroidales;f__Bacteroidaceae;g__Bacteroides;s__Bacteroides_stercoris	-0.0211828730521	-0.0279983160919	-0.0379263967969	0.0616573991138	1.0	0.0391172784242	-0.0172209062989	-0.037879148392	0.00458527288177	0.035556853711	0.00477669623142	-0.0135007409378	-0.0100879056179	0.0186833511749	0.0179446519061	0.0220906443316	-0.0363809843579	0.00808153000794	0.00590456622232	0.0285722244111	-0.0629247129248	-0.0454243520615	-0.00892034879867	0.0065792152213	0.0213463128673	-0.0571936880817	0.0789905985407	-0.00470219933132	-0.0150682632842	0.0100647166791	0.00634108733922	-0.000157560463266	0.00667924371191	-0.023202428655	-0.00688272804335	-0.0140977423489	-0.015859795436	0.0429791545683	-0.00196480875663	0.0592736347525	-0.0206578199863	-0.0231537315406	0.00796330254811	-0.028980621502	0.0179315256521	0.0479699524658	-0.0207355411274	-0.0806836301247	-0.0177270310526	0.00401950558062	-0.0103814257027	-0.00586531154062	0.0310805074228	-0.0781355845936	-0.0519038128607	-0.0461244843522	-0.0272593389381	-0.0109824520011	0.0249714426712
k__Bacteria;p__Bacteroidetes;c__Bacteroidia;o__Bacteroidales;f__Bacteroidaceae;g__Bacteroides;s__Bacteroides_ovatus	0.051514325718	-0.0789614390464	-0.025820286376	-0.0126081635123	0.0391172784242	1.0	-0.00527670773127	0.00905837887234	0.0180783613406	0.00833925735694	0.0247893179252	0.0034600149697	-0.0501024432254	0.0143602827459	0.0243966797313	-0.0248158831567	0.0290362450348	-0.0064357059024	-0.00859143230987	-0.0713919805869	-0.00174894093474	-0.0331623778111	-0.0398210993525	-0.0245958822949	-0.0340717780378	0.00806555239603	-0.0210426167363	0.0068389521138	0.0243395918837	-0.0167121389683	-0.0249725855207	0.0198158849359	-0.0685643429477	0.042603874116	-0.0110606466056	-0.0533461082933	-0.00597695978679	-0.0390875863764	0.0742330583312	-0.0251988001298	0.0169968745508	-0.056180534341	0.0129469257076	-0.0818820007388	-0.0207734913069	0.0154358071874	-0.0036351965278	0.0410993465759	-0.00125358985082	-0.0101809258072	-0.0514881123008	-0.00792160001196	0.0299946763397	1.27057868036e-05	0.00979720977507	0.0299660072688	-0.00822283179056	-0.0187257731323	-0.00270552802871
k__Bacteria;p__Bacteroidetes;c__Bacteroidia;o__Bacteroidales;f__Rikenellaceae;g__Alistipes;s__Alistipes_shahii	0.00245687144687	-0.0175012643055	-0.0589206288762	-0.0740118656225	-0.0172209062989	-0.00527670773127	1.0	-0.0425549340251	-0.0558732733734	-0.00870911532915	-0.0256450115049	0.035044596987	-0.041620920244	0.00117297095063	0.00434829266857	-0.014837170586	-0.0737625378123	0.0956646498517	-0.0317401325183	0.00956588815319	-0.0312095705678	-0.0167008616697	0.0156061949127	-0.0839754989197	-0.0280721607727	-0.00444161844066	-0.0570622322674	-0.0321228432502	0.00685573336299	0.0325814626548	0.0304485059801	0.016426419712	-0.066537927098	0.0106026510323	0.0271712157931	-0.0470716149005	0.00760044921053	-0.0260013428733	-0.00385971511873	0.0452107578631	0.00193307021614	0.0396057344013	0.0180154393515	-0.0592634634422	0.0171891180854	-0.0289347322415	0.00247648724271	-0.035479089565	-0.0168137436495	0.0381454664941	-0.00373367862799	0.0294678119786	-0.0339192724079	0.0220060805358	-0.0169774722562	-0.0292016980671	-0.00254109733086	0.0598414426567	0.0259016627502
k__Bacteria;p__Firmicutes;c__Clostridia;o__Clostridiales;f__Ruminococcaceae;g__Faecalibacterium;s__Faecalibacterium_prausnitzii	-0.076913399037	0.00245679009949	-0.0259873352061	-0.0337944103824	-0.037879148392	0.00905837887234	-0.0425549340251	1.0	0.0337775127672	-0.0564198542059	0.0220084983275	0.00694239208101	0.0113140636728	0.0189917983618	0.0283869370695	-0.0121344589795	0.0186825949681	-0.0385275989545	0.039711258576	-0.00143291844119	-0.026685111737	-0.0189232764697	0.0141374484067	-0.00837763036703	0.00733583507726	-0.0154033583923	-0.000191792984457	-0.0203446566608	-0.0269438031206	-0.0070878751545	-0.0563802640641	-0.00244949354993	0.00589681860242	-0.0227210904004	0.0437275944055	0.0299627273966	0.00169566957678	-0.0354389268666	0.0260446520506	-0.031578837538	0.0313112412361	-0.00417467363899	-0.00837163826552	-0.0164711538558	-0.0110384420212	0.031221581775	-0.0148701563041	-0.0084784044936	0.00787004670425	-0.0176613274766	-0.0289786182027	-0.00500875837987	-0.00987155874145	-0.000830214068533	-0.0506586451179	0.000377367090573	0.00779178672936	-0.0382086679827	0.0291630599532
k__Bacteria;p__Bacteroidetes;c__Bacteroidia;o__Bacteroidales;f__Rikenellaceae;g__Alistipes;s__Alistipes_finegoldii	-0.0569408505242	-0.0168393824188	-0.0622557255273	-0.0527350802764	0.00458527288177	0.0180783613406	-0.0558732733734	0.0337775127672	1.0	0.00536218790307	-0.0123971560054	0.0568480585232	-0.00794492435301	0.00250630045593	0.00897581388945	0.0290322213553	0.000873976361908	-0.0341839197112	0.0219948400623	0.0209855566906	0.0312559175857	-0.00864028667862	0.0501822080134	-0.0313820074757	0.0387740197549	0.0117346202346	-0.0346858002917	0.0470546970844	-0.0466514797413	0.00689053408136	0.00628299611683	-0.0306512587032	-0.080391752141	-0.0417366989326	0.000446330730145	-0.00725181000289	-0.0326856266933	-0.0363299255242	-0.00239545582772	-0.0429782834103	0.00738036713022	-0.0365433906693	0.0205296649931	-0.0449109722777	-0.0136570406177	-0.013172866782	-0.0128935167758	0.0405190024986	-0.00542001032284	-0.0212455535485	0.0262587856566	0.00651422395411	0.00151192123776	-0.00568011844454	0.000405092326139	0.00792408550399	-0.0341520277856	-0.0488005336356	-0.0271715622943
k__Bacteria;p__Bacteroidetes;c__Bacteroidia;o__Bacteroidales;f__Porphyromonadaceae;g__Parabacteroides;s__Parabacteroides_distasonis	0.0444303939387	-0.0625459811752	-0.00460472965241	-0.0864811028496	0.035556853711	0.00833925735694	-0.00870911532915	-0.0564198542059	0.00536218790307	1.0	0.0244811575996	-0.0260746552997	0.0188450464156	-0.0557757316332	0.012755847885	0.0173756314019	-0.0482972510146	-0.0145444197901	0.0515867651368	0.013085786334	0.00622945396597	0.0403187828467	-0.0521765392121	-0.00459312068429	-0.00255449014526	-0.023820197738	0.00723563046521	0.0424715250965	0.038333293129	0.0200048967428	0.0260223423087	-0.0034362775821	0.0216867307885	-0.0644770512937	0.05161275016	0.00336552271586	-0.00991143631257	-0.0405262825612	-0.00995808246326	-0.0163117225859	0.0116213522109	-0.0224525687392	-0.0104125139696	-0.0155389904044	0.0443005686937	-0.0795059268305	-0.0287504852959	-0.00354491090368	0.0434234601087	0.022187887275	-0.0722824980344	-0.000630279592059	-0.0455814538264	0.00656304975978	0.0476788515409	-0.00455014185312	0.00383660264962	-0.0901016086247	-0.0108570205027
k__Bacteria;p__Bacteroidetes;c__Bacteroidia;o__Bacteroidales;f__Bacteroidaceae;g__Bacteroides;s__Bacteroides_thetaiotaomicron	0.0139394432102	0.0290560511902	-0.0460897020054	-0.00461374999236	0.00477669623142	0.0247893179252	-0.0256450115049	0.0220084983275	-0.0123971560054	0.0244811575996	1.0	-0.0228762750323	-0.0150468185238	-0.010409097048	-0.0156209756575	0.0607682160993	-0.037772519732	0.0126912045136	0.00517192664145	0.019800181383	-0.00446677330985	0.0237157626186	-0.0388980036817	-0.000822350556469	-0.00480468065831	-0.027215651805	-0.0112211260668	-0.000132841900348	-0.0768569065587	0.0267942691983	0.0416349598649	0.00433047016303	-0.0139069407252	-0.0125910847413	0.00127050236091	-0.017618970847	-0.010954576702	-0.00776338425572	0.00304564801246	0.0631206015296	-0.0386187040834	-0.018403653796	-0.0297984283835	0.00653032850963	-0.00736863850029	-0.0124885589062	-0.0264799153403	-0.0275037356851	-0.0269680848928	0.057254537122	-0.0321221716388	0.0527457860513	-0.0129939611684	-0.0283774101917	-0.0278622151234	-0.00434220423682	0.0275660303766	-0.0400334968429	-0.0562883790977
k__Bacteria;p__Bacteroidetes;c__Bacteroidia;o__Bacteroidales;f__Bacteroidaceae;g__Bacteroides;s__Bacteroides_coprocola	0.044317726547	-0.00343629055937	0.0331296958509	0.00126913153464	-0.0135007409378	0.0034600149697	0.035044596987	0.00694239208101	0.0568480585232	-0.0260746552997	-0.0228762750323	1.0	-0.0841850044412	-0.0288685482485	-0.00892937853736	0.00544948017273	0.00619968555539	-0.0779685846327	-0.0663219206656	-0.0261875907247	0.00297174654585	-0.0579953558182	0.00288568874703	-0.0104759691465	-0.0204605408387	-0.0497012288283	-0.0127591726893	-0.000476761316691	-0.0430060949355	0.0483189726902	-0.0256067097255	-0.00901724387797	-0.0543897329302	-0.00772977825054	-0.00948494856502	0.000723460866835	0.000354145884242	0.0521718820433	-0.00344104914112	0.0434423478993	-0.0539576527163	-0.0248445132958	0.0413378168529	0.00121802507062	-0.0443886248802	0.00922179715615	0.00661036481931	-0.0467542825469	-0.0211051682709	0.0134795856222	-0.0616355909027	-0.00535762317325	0.0471672003629	0.0340593311374	-0.0430361347884	-0.00630108272895	0.0398840455444	0.029259971626	0.0220904292791
k__Bacteria;p__Bacteroidetes;c__Bacteroidia;o__Bacteroidales;f__Bacteroidaceae;g__Bacteroides;s__Bacteroides_cellulosilyticus	0.00284413861066	-0.054807358215	-0.0417322008586	0.0246928343502	-0.0100879056179	-0.0501024432254	-0.041620920244	0.0113140636728	-0.00794492435301	0.0188450464156	-0.0150468185238	-0.0841850044412	1.0	0.0146812024455	0.0301620050896	0.0323438112562	0.0280128189913	-0.00611711320043	-0.040470246577	-0.0171056861438	-0.0303360637217	0.0801532810981	-0.0112016697343	-0.0472784655794	-0.00380586644056	-0.00639688393986	0.00818972874262	0.00177971050187	-0.0311237934101	-0.0132300705086	0.00371238092907	-0.0758384847407	0.0222479429646	0.0248199357092	-0.0232597195414	-0.0254697379019	0.0437505484684	0.00265747786947	-0.0516399281667	0.0710324649235	0.0496412366783	-0.0116821304926	-0.0241511460823	0.0256567562467	-0.0506532004389	0.0149707797888	0.00698315430246	0.00643560263074	-0.0593457496416	-0.0256376566144	-0.0261166149586	0.0157521583288	-0.0313408834404	0.0750363391375	-0.00967447839083	-0.00662261213022	0.00691602322259	-0.0064977663435	-0.0366123943726
k__Bacteria;p__Bacteroidetes;c__Bacteroidia;o__Bacteroidales;f__Rikenellaceae;g__Alistipes;s__Alistipes_obesi	0.0111969576859	-0.0287269649254	-0.0365342352516	0.0103158151966	0.0186833511749	0.0143602827459	0.00117297095063	0.0189917983618	0.00250630045593	-0.0557757316332	-0.010409097048	-0.0288685482485	0.0146812024455	1.0	-0.0329166821259	0.0186405940028	-0.00354864043412	-0.0138974284853	-0.0477374669254	-0.0121069245606	-0.00663969361128	0.0280385997573	0.00317088402331	0.0684826263564	0.0809557553709	-0.0322831489787	0.00473120658008	-0.0206123652051	-0.0118008000476	-0.0538788046651	-0.0432319014052	-0.0272050537008	-0.0348681540384	-0.00491259284082	-0.0162855240224	0.0252684285186	-0.0258634383917	0.0292045915411	-0.0504907226818	0.00923588928298	-0.0281365737104	0.0370122645342	-0.00960794126511	-0.00147066621273	0.0182457374137	0.030604316103	0.0186675113638	0.0206077706177	-0.0413062490933	-0.0081386360667	-0.0528661503346	0.0106665072655	0.0117257441688	0.0261724923488	0.025822182777	-0.0319192445148	-0.039554825264	-0.0492508575186	0.0021477511
k__Bacteria;p__Firmicutes;c__Clostridia;o__Clostridiales;f__Lachnospiraceae;g__;s__[Eubacterium]_rectale	-0.0227864289624	0.0284852541705	0.000825764792568	-0.00612427107057	0.0179446519061	0.0243966797313	0.00434829266857	0.0283869370695	0.00897581388945	0.012755847885	-0.0156209756575	-0.00892937853736	0.0301620050896	-0.0329166821259	1.0	0.0363023225623	-0.0320211319843	-0.000536882547289	0.0598441259897	-0.0215846733873	-0.00335708121767	0.0242325339951	-0.0385698967049	-0.0559995375998	-0.0536778780809	-0.0326864881271	0.00809356777374	0.0122244209106	0.00825151637316	-0.0386578168387	-0.0416328265083	-0.0145161916009	0.0288604830991	-0.0204595601733	0.0243167425166	-0.0305543945898	-0.0418380571008	-0.0335910927763	-0.0110263636341	-0.0701673748382	0.00519349415329	0.0341839129712	-0.061206910332	-0.00923768674937	-0.0282895515803	-0.0336849323107	-0.0306550246617	-0.0169610346142	-0.000954230022053	0.0161893607213	-0.0181041638118	-0.0143651253706	-0.0302140270242	-0.0302650997403	0.0314259964614	0.0141524399896	0.0121949941633	-0.00892263998514	-0.00870275167159
k__Bacteria;p__Bacteroidetes;c__Bacteroidia;o__Bacteroidales;f__Bacteroidaceae;g__Bacteroides;s__Bacteroides_plebeius	-0.0173336105022	0.0044490749708	-0.0525639273935	-0.0330438817531	0.0220906443316	-0.0248158831567	-0.014837170586	-0.0121344589795	0.0290322213553	0.0173756314019	0.0607682160993	0.00544948017273	0.0323438112562	0.0186405940028	0.0363023225623	1.0	-0.0543239316911	-0.0735820142223	0.0168287254808	0.0186844551146	0.0060985503719	0.0318635463329	-0.0286626793195	-0.0951733210533	0.0118506089236	0.00225366611265	0.0202136296158	0.00982467865701	-0.00710781212556	0.0781804668531	0.0232194060034	-0.0152704593841	-0.0107191598688	-0.058891290453	-0.0500194374223	0.0161190109493	-0.0729187406654	-0.0142084166296	-0.024026367039	0.00402033179628	0.0626910075141	-0.0375029745945	0.0261514298548	0.0345179765985	-0.00927113202668	0.041072430966	-0.00957725521999	-0.0274571685961	-0.030593526623	-0.00865359310061	-0.0661580261037	0.0133464544325	0.00436910615941	-0.0402353074439	-0.0178880983938	0.0436355991125	0.0469199259113	0.0139938361673	-0.0201144524066
k__Bacteria;p__Bacteroidetes;c__Bacteroidia;o__Bacteroidales;f__Bacteroidaceae;g__Bacteroides;s__Bacteroides_fragilis	0.068001912949	-0.014141168638	-0.0272976874601	0.0168412217495	-0.0363809843579	0.0290362450348	-0.0737625378123	0.0186825949681	0.000873976361908	-0.0482972510146	-0.037772519732	0.00619968555539	0.0280128189913	-0.00354864043412	-0.0320211319843	-0.0543239316911	1.0	-0.0156578615067	-0.0526474654929	0.00328101682978	-0.0154191107397	-0.00402252981592	-0.00352375075248	0.07222457878	0.00426121408382	-0.0212963709403	-0.00767705527975	-0.0027638863604	0.0397380408906	-0.010279411528	-0.0193835002621	-0.0174387107097	-0.0138276389808	-0.0573527652483	-0.0178637084397	0.00301517367691	0.0497733758415	0.0192312756917	-0.0256210001358	0.0326846586545	-0.0207357481507	-0.0250987982089	-0.00924035351566	-0.0146707106706	0.0445730711311	-0.0678225837242	-0.0104319637419	0.0234831275279	0.00949786688872	-0.0314031160151	-0.0250895965361	-0.0402280332353	0.0232365141809	0.0352001798162	0.0399184987715	-0.013714283036	0.0377010933199	0.00122084317825	-0.035329074961
k__Bacteria;p__Proteobacteria;c__Betaproteobacteria;o__Burkholderiales;f__Sutterellaceae;g__Sutterella;s__Sutterella_wadsworthensis	-0.0497852562766	-0.0362513098799	-0.0170870666698	0.00788953809984	0.00808153000794	-0.0064357059024	0.0956646498517	-0.0385275989545	-0.0341839197112	-0.0145444197901	0.0126912045136	-0.0779685846327	-0.00611711320043	-0.0138974284853	-0.000536882547289	-0.0735820142223	-0.0156578615067	1.0	0.0522959324407	-0.0429157128802	-0.016654768521	0.0145481828916	-0.0640169575012	0.0181665255811	-0.0338548715197	0.00368193191295	-0.0183366373266	-0.0126743660226	-0.0403741256006	0.0326935081878	0.0697057472819	0.00268157302455	-0.0722110440247	0.0229183232229	0.00319664868658	-0.00853704732282	-0.00561483509073	-0.0283590775401	0.0134548642521	0.000753935762709	0.0226088922367	-0.0230673054955	-0.0535144678914	-0.0291368880052	0.0223615530232	-0.015701526847	-0.0652768556358	0.0546867634372	0.0341650053372	0.00243954638772	-0.013358895761	0.0258479089014	-0.0205451055572	0.00210563570212	-0.00728715737871	0.0239796251369	-0.000247058124288	-0.0403172317748	-0.00889526282618
k__Bacteria;p__Bacteroidetes;c__Bacteroidia;o__Bacteroidales;f__Porphyromonadaceae;g__Barnesiella;s__Barnesiella_intestinihominis	-0.00254494516022	-0.0082420276078	0.0118461797249	-0.0206329877684	0.00590456622232	-0.00859143230987	-0.0317401325183	0.039711258576	0.0219948400623	0.0515867651368	0.00517192664145	-0.0663219206656	-0.040470246577	-0.0477374669254	0.0598441259897	0.0168287254808	-0.0526474654929	0.0522959324407	1.0	0.0236627938275	0.0402789114873	-0.0255853715036	-0.0198427885238	-0.0200392991601	-0.0462526629117	0.0367087161643	0.000695349854012	0.0321896789717	-0.0270652996994	-0.0555166850172	0.0578828575069	-0.00893437123345	0.00415780425223	-0.0483638703303	-0.0273042402487	-0.0988843916403	-0.0279767120805	-0.0280471212189	-0.0144901454473	-0.0457065917215	-0.0589884020399	-0.0125974582032	-0.0124072111903	0.0634891637754	0.0320409108459	-0.0247647829948	0.0505384116937	-0.0510998743058	-0.0132079273203	0.0565482709169	-0.0415954718073	-0.0572247565831	-0.0169144066167	-0.00131710031474	-0.0387620490264	0.0444443933086	0.0104245023582	0.0366834889817	-0.0035934618693
k__Bacteria;p__Bacteroidetes;c__Bacteroidia;o__Bacteroidales;f__Odoribacteraceae;g__Odoribacter;s__Odoribacter_splanchnicus	-0.00797333043985	0.028529143085	0.00921770693137	-0.0253106354439	0.0285722244111	-0.0713919805869	0.00956588815319	-0.00143291844119	0.0209855566906	0.013085786334	0.019800181383	-0.0261875907247	-0.0171056861438	-0.0121069245606	-0.0215846733873	0.0186844551146	0.00328101682978	-0.0429157128802	0.0236627938275	1.0	0.0445633499892	0.00699409651109	-0.00224647373963	0.0276149206853	-0.0475512781431	-0.0508426534375	0.00815401583499	-0.0502406447943	-0.0078412926272	-0.0482748028828	0.0161932797435	-0.0121991082273	0.0284826785957	0.0399509473723	-0.0929644902322	-0.02831836408	0.0485703258248	-0.0104129648305	0.00819853402439	-0.0669932545171	0.000177269646843	0.0539304003979	-0.0345525180785	0.00694957939124	-0.0107264882174	0.0228696965103	-0.0300667962622	-0.0724016766751	-0.0220022818265	0.0542297101491	0.00935055533174	0.0323255044114	0.0662574570448	0.00108866258103	0.0105609441095	-0.0113036506371	0.0490286816926	-0.0776227556128	0.0242392116465
k__Bacteria;p__Bacteroidetes;c__Bacteroidia;o__Bacteroidales;f__Bacteroidaceae;g__Bacteroides;s__Bacteroides_salyersiae	-0.0547684389807	-0.00480198324281	-0.00758853589467	-0.0184461844567	-0.0629247129248	-0.00174894093474	-0.0312095705678	-0.026685111737	0.0312559175857	0.00622945396597	-0.00446677330985	0.00297174654585	-0.0303360637217	-0.00663969361128	-0.00335708121767	0.0060985503719	-0.0154191107397	-0.016654768521	0.0402789114873	0.0445633499892	1.0	0.0367814842139	-0.0617491438742	0.0165056071681	0.0231614696526	-0.0603317525516	0.0261072044657	0.0343345700965	0.0294324715216	-0.0415450697051	-0.0293145271591	-0.0302866476139	-0.00582862712542	-0.0290543523434	0.0221234662178	-0.00745337535506	-0.0302970133286	0.0228317876439	0.0473256424539	-0.0423877066809	-0.0242218316434	0.00394982065755	-0.00629214901678	-0.0157935257822	0.0232779046173	-0.0381463796025	-0.0613417913981	0.0249221287725	-0.0145005327785	0.0519218507782	0.0461576231128	-0.0235176487639	-0.0332037949547	0.0403733903894	0.0282958548593	-0.000211525952526	0.00643543008754	-0.0202341611545	-0.0871976202534
k__Bacteria;p__Firmicutes;c__Clostridia;o__Clostridiales;f__Ruminococcaceae;g__Ruminiclostridium;s__[Eubacterium]_siraeum	-0.060752462162	-0.0399474076037	-0.049390424144	0.0348109553632	-0.0454243520615	-0.0331623778111	-0.0167008616697	-0.0189232764697	-0.00864028667862	0.0403187828467	0.0237157626186	-0.0579953558182	0.0801532810981	0.0280385997573	0.0242325339951	0.0318635463329	-0.00402252981592	0.0145481828916	-0.0255853715036	0.00699409651109	0.0367814842139	1.0	-0.0142706578615	0.0170023345719	0.0116441482502	-0.0244455046034	-0.0291695222011	-0.0222280508159	-0.0479139444133	0.0270737803702	0.0499944990006	0.0111571536092	-0.0402361499839	-0.00843516545519	-0.051116798684	0.00363909751697	0.0090640007836	0.0140132852011	-0.0512735927024	-0.00874510273519	-0.0070212058985	-0.0010640111923	-0.0636474330826	-0.0104922813346	0.0677227131394	0.0236034814705	0.0192926647598	-0.000733724470661	-0.000363433459854	-0.0148356471307	0.0128077800508	-0.00250398681095	-0.0131523580624	0.0494392073572	-0.0202763211017	0.0113461389911	-0.00442878079128	-0.0222595005862	-0.0211271313826
k__Bacteria;p__Proteobacteria;c__Betaproteobacteria;o__Burkholderiales;f__Sutterellaceae;g__Parasutterella;s__Parasutterella_excrementihominis	0.037395483203	0.0211117799342	0.0230947983329	0.0489679353968	-0.00892034879867	-0.0398210993525	0.0156061949127	0.0141374484067	0.0501822080134	-0.0521765392121	-0.0388980036817	0.00288568874703	-0.0112016697343	0.00317088402331	-0.0385698967049	-0.0286626793195	-0.00352375075248	-0.0640169575012	-0.0198427885238	-0.00224647373963	-0.0617491438742	-0.0142706578615	1.0	-0.00390631005826	0.0194490604828	-0.00208580076799	-0.0479794536853	-0.0201999430506	-0.017807252196	0.0405502911714	0.0126601806217	-0.052868723123	-0.0477287297541	-0.00947675426348	-0.0370573665542	-0.00494923415666	-0.0147947067967	-0.00142316478015	0.0302752057255	-0.0450681714154	0.0168166774094	0.0133758995718	0.0128140889731	0.0220120788301	-0.00458806724141	-0.0450576324636	0.00381951011925	0.0135524545602	0.0441362201056	0.017172076022	-0.0554719793842	0.0133477615359	-0.074339133762	0.0179121875157	-0.0216582448801	0.0123207425149	-0.0605999248717	0.0159555073586	0.0467959236146
k__Bacteria;p__Actinobacteria;c__Actinobacteria;o__Bifidobacteriales;f__Bifidobacteriaceae;g__Bifidobacterium;s__Bifidobacterium_adolescentis	-0.0521368042842	-0.049123166297	0.0267447652983	-0.0369573248356	0.0065792152213	-0.0245958822949	-0.0839754989197	-0.00837763036703	-0.0313820074757	-0.00459312068429	-0.000822350556469	-0.0104759691465	-0.0472784655794	0.0684826263564	-0.0559995375998	-0.0951733210533	0.07222457878	0.0181665255811	-0.0200392991601	0.0276149206853	0.0165056071681	0.0170023345719	-0.00390631005826	1.0	0.0650117806535	0.00314315971712	-0.00488070031721	0.019334846881	0.0199060485856	-0.0310421753952	-0.0201625345096	-0.0579370381798	-0.0191791330945	-0.0389263939538	0.0112433066673	-0.0705454497234	-0.017152368597	-0.00245887548065	0.0306115897113	-0.0330095611079	-0.0276307597898	0.0245542276032	0.00822048948536	0.0540581622412	-0.0238807504659	-0.0142202033827	-0.0219866366047	-0.00583204029552	0.0509479513021	-0.034070301015	-0.017360174661	-0.0117751401108	-0.00554128189636	0.00221301682487	0.0480332202317	-0.0431199502846	-0.00822656012364	-0.0252330147798	-0.00320823171745
k__Bacteria;p__Firmicutes;c__Clostridia;o__Clostridiales;f__Oscillospiraceae;g__Oscillibacter;s__Oscillibacter_sp._KLE_1745	-0.0599500423429	0.00970543208459	-0.00319035933771	-0.0325226295441	0.0213463128673	-0.0340717780378	-0.0280721607727	0.00733583507726	0.0387740197549	-0.00255449014526	-0.00480468065831	-0.0204605408387	-0.00380586644056	0.0809557553709	-0.0536778780809	0.0118506089236	0.00426121408382	-0.0338548715197	-0.0462526629117	-0.0475512781431	0.0231614696526	0.0116441482502	0.0194490604828	0.0650117806535	1.0	-0.0424689218648	0.0474929469616	-0.0218037957575	-0.060485012714	0.0139190738948	-0.0318205439887	0.00453372482641	0.00485674682714	0.0026673637129	0.00376605713159	0.0315765225484	0.00991137438866	0.0570091244607	-0.00983853139127	0.0139190073248	-0.0361662991063	-0.00283230015703	0.0206805593452	-0.00472218154394	0.0172898547705	-0.0181081134175	0.0364406534941	0.0204600978897	-0.0250538241446	-0.0455855023424	-0.048433347545	0.0121059182753	0.0516112929297	-0.0138528800915	0.0207276974112	-0.00920606415155	-0.018426458214	0.00867165990984	0.0472271396211
k__Bacteria;p__Bacteroidetes;c__Bacteroidia;o__Bacteroidales;f__Bacteroidaceae;g__Bacteroides;s__Bacteroides_coprophilus	-0.000434422850256	0.0153085208226	-0.0667002943662	0.0374335296125	-0.0571936880817	0.00806555239603	-0.00444161844066	-0.0154033583923	0.0117346202346	-0.023820197738	-0.027215651805	-0.0497012288283	-0.00639688393986	-0.0322831489787	-0.0326864881271	0.00225366611265	-0.0212963709403	0.00368193191295	0.0367087161643	-0.0508426534375	-0.0603317525516	-0.0244455046034	-0.00208580076799	0.00314315971712	-0.0424689218648	1.0	0.00163186929429	-0.0167551807513	0.00587391003443	0.0113059975434	0.0183370898915	0.0145671623966	0.0103233686221	-0.0015207868323	-0.0122371801868	-0.0622003311098	-0.0414148268202	-0.060125125085	-0.00954823452508	0.00406013983983	-0.0166151052273	-0.025372464868	-0.00855715532644	-0.00645409855858	-0.0010594013066	0.00350759707864	-0.0112227745338	0.0420295502048	-0.0152266864062	-0.0261131352607	-0.000515140847968	-0.0232368814234	-0.012143440759	-0.0203949191688	-0.0205378763803	-0.0158359216578	0.0449482177816	0.0641219762964	0.0116796682686
k__Bacteria;p__Firmicutes;c__Clostridia;o__Clostridiales;f__Lachnospiraceae;g__Roseburia;s__Roseburia_intestinalis	0.0573337014178	0.00756739042473	-0.0521214239431	-0.0177794506272	0.0789905985407	-0.0210426167363	-0.0570622322674	-0.000191792984457	-0.0346858002917	0.00723563046521	-0.0112211260668	-0.0127591726893	0.00818972874262	0.00473120658008	0.00809356777374	0.0202136296158	-0.00767705527975	-0.0183366373266	0.000695349854011	0.00815401583499	0.0261072044657	-0.0291695222011	-0.0479794536853	-0.00488070031721	0.0474929469616	0.00163186929429	1.0	-0.0238428210511	-0.0301266248409	-0.00633928418714	-0.0211134175981	0.0538263654789	0.00275255179239	-0.038126257024	-0.00860222692949	0.0296647847017	-0.0270406444952	0.0503612968843	0.0456741077054	-0.0126078020923	0.0303055527197	-0.0251272177411	0.0314948317853	-0.0229559336517	0.0310035174226	0.0206503685757	0.00197022833875	-0.0296863033499	0.00885614473817	-0.0404039607569	0.0101751358003	0.0273647138666	-0.00032183080635	-0.016721191984	-0.00117392119295	0.0068520778112	-0.0325835280597	-0.0499541425651	-0.0351024118692
k__Bacteria;p__Firmicutes;c__Clostridia;o__Clostridiales;f__Lachnospiraceae;g__Roseburia;s__Roseburia_hominis	-0.0403935035712	-0.0162975646422	-0.00711449024557	-0.00468325151746	-0.00470219933132	0.0068389521138	-0.0321228432502	-0.0203446566608	0.0470546970844	0.0424715250965	-0.000132841900348	-0.000476761316691	0.00177971050187	-0.0206123652051	0.0122244209106	0.00982467865701	-0.0027638863604	-0.0126743660226	0.0321896789717	-0.0502406447943	0.0343345700965	-0.0222280508159	-0.0201999430506	0.019334846881	-0.0218037957575	-0.0167551807513	-0.0238428210511	1.0	-0.0190781521052	-0.0234416843725	0.01131426347	-0.0501138551932	0.110025166412	-0.102289403818	-0.00177316692003	0.0220199744181	-0.00355864893488	-0.000216980877103	0.0576344842695	-0.0425095993305	0.027650228845	-0.030166179206	-0.0705581777271	0.0286577293336	0.000966696045434	-0.0503732159197	-0.0143378256753	0.0307376758919	-0.0228186592795	-0.0272875797492	-0.00338039125648	0.0043564537871	0.0224738457464	0.00487397962286	-0.0308114236669	-0.00270703716777	0.0311467151275	0.011436501219	-0.0391182479386
k__Bacteria;p__Bacteroidetes;c__Bacteroidia;o__Bacteroidales;f__Porphyromonadaceae;g__Parabacteroides;s__Parabacteroides_johnsonii	-0.0476582774959	0.00831508207418	-0.0417896700472	0.0105773547131	-0.0150682632842	0.0243395918837	0.00685573336299	-0.0269438031206	-0.0466514797413	0.038333293129	-0.0768569065587	-0.0430060949355	-0.0311237934101	-0.0118008000476	0.00825151637316	-0.00710781212556	0.0397380408906	-0.0403741256006	-0.0270652996994	-0.0078412926272	0.0294324715216	-0.0479139444133	-0.017807252196	0.0199060485856	-0.060485012714	0.00587391003443	-0.0301266248409	-0.0190781521052	1.0	-0.036674180471	-0.0686065530625	0.0267065092032	-0.0357942055533	0.017542260111	-0.0615249416549	-0.00234978225797	0.0196043763843	-0.00988682239619	-0.00703407920496	-0.025350416259	-0.0456036877597	0.00974105786796	-0.0444364819311	-0.00331376642063	-0.0218002983052	0.011626332294	-0.0180170332819	-0.0321738043873	0.0483372990682	-0.0133923689314	0.00600633862493	0.00289976136801	-0.0205715570485	-0.0574852620448	0.0419779248857	-0.00962404536565	-0.0432605560468	0.0199017460793	0.00692086989514
