#taxonomy	k__Bacteria;p__Bacteroidetes;c__Bacteroidia;o__Bacteroidales;f__Bacteroidaceae;g__Bacteroides;s__Bacteroides_vulgatus	k__Bacteria;p__Bacteroidetes;c__Bacteroidia;o__Bacteroidales;f__Bacteroidaceae;g__Bacteroides;s__Bacteroides_uniformis	k__Bacteria;p__Bacteroidetes;c__Bacteroidia;o__Bacteroidales;f__Rikenellaceae;g__Alistipes;s__Alistipes_putredinis	k__Bacteria;p__Bacteroidetes;c__Bacteroidia;o__Bacteroidales;f__Prevotellaceae;g__Prevotella;s__Prevotella_copri	k__Bacteria;p__Bacteroidetes;c__Bacteroidia;o__Bacteroidales;f__Bacteroidaceae;g__Bacteroides;s__Bacteroides_stercoris	k__Bacteria;p__Bacteroidetes;c__Bacteroidia;o__Bacteroidales;f__Bacteroidaceae;g__Bacteroides;s__Bacteroides_ovatus	k__Bacteria;p__Bacteroidetes;c__Bacteroidia;o__Bacteroidales;f__Rikenellaceae;g__Alistipes;s__Alistipes_shahii	k__Bacteria;p__Firmicutes;c__Clostridia;o__Clostridiales;f__Ruminococcaceae;g__Faecalibacterium;s__Faecalibacterium_prausnitzii	k__Bacteria;p__Bacteroidetes;c__Bacteroidia;o__Bacteroidales;f__Rikenellaceae;g__Alistipes;s__Alistipes_finegoldii	k__Bacteria;p__Bacteroidetes;c__Bacteroidia;o__Bacteroidales;f__Porphyromonadaceae;g__Parabacteroides;s__Parabacteroides_distasonis	k__Bacteria;p__Bacteroidetes;c__Bacteroidia;o__Bacteroidales;f__Bacteroidaceae;g__Bacteroides;s__Bacteroides_thetaiotaomicron	k__Bacteria;p__Bacteroidetes;c__Bacteroidia;o__Bacteroidales;f__Bacteroidaceae;g__Bacteroides;s__Bacteroides_coprocola	k__Bacteria;p__Bacteroidetes;c__Bacteroidia;o__Bacteroidales;f__Bacteroidaceae;g__Bacteroides;s__Bacteroides_cellulosilyticus	k__Bacteria;p__Bacteroidetes;c__Bacteroidia;o__Bacteroidales;f__Rikenellaceae;g__Alistipes;s__Alistipes_obesi	k__Bacteria;p__Firmicutes;c__Clostridia;o__Clostridiales;f__Lachnospiraceae;g__;s__[Eubacterium]_rectale	k__Bacteria;p__Bacteroidetes;c__Bacteroidia;o__Bacteroidales;f__Bacteroidaceae;g__Bacteroides;s__Bacteroides_plebeius	k__Bacteria;p__Bacteroidetes;c__Bacteroidia;o__Bacteroidales;f__Bacteroidaceae;g__Bacteroides;s__Bacteroides_fragilis	k__Bacteria;p__Proteobacteria;c__Betaproteobacteria;o__Burkholderiales;f__Sutterellaceae;g__Sutterella;s__Sutterella_wadsworthensis	k__Bacteria;p__Bacteroidetes;c__Bacteroidia;o__Bacteroidales;f__Porphyromonadaceae;g__Barnesiella;s__Barnesiella_intestinihominis	k__Bacteria;p__Bacteroidetes;c__Bacteroidia;o__Bacteroidales;f__Odoribacteraceae;g__Odoribacter;s__Odoribacter_splanchnicus	k__Bacteria;p__Bacteroidetes;c__Bacteroidia;o__Bacteroidales;f__Bacteroidaceae;g__Bacteroides;s__Bacteroides_salyersiae	k__Bacteria;p__Firmicutes;c__Clostridia;o__Clostridiales;f__Ruminococcaceae;g__Ruminiclostridium;s__[Eubacterium]_siraeum	k__Bacteria;p__Proteobacteria;c__Betaproteobacteria;o__Burkholderiales;f__Sutterellaceae;g__Parasutterella;s__Parasutterella_excrementihominis	k__Bacteria;p__Actinobacteria;c__Actinobacteria;o__Bifidobacteriales;f__Bifidobacteriaceae;g__Bifidobacterium;s__Bifidobacterium_adolescentis	k__Bacteria;p__Firmicutes;c__Clostridia;o__Clostridiales;f__Oscillospiraceae;g__Oscillibacter;s__Oscillibacter_sp._KLE_1745	k__Bacteria;p__Bacteroidetes;c__Bacteroidia;o__Bacteroidales;f__Bacteroidaceae;g__Bacteroides;s__Bacteroides_coprophilus	k__Bacteria;p__Firmicutes;c__Clostridia;o__Clostridiales;f__Lachnospiraceae;g__Roseburia;s__Roseburia_intestinalis	k__Bacteria;p__Firmicutes;c__Clostridia;o__Clostridiales;f__Lachnospiraceae;g__Roseburia;s__Roseburia_hominis	k__Bacteria;p__Bacteroidetes;c__Bacteroidia;o__Bacteroidales;f__Porphyromonadaceae;g__Parabacteroides;s__Parabacteroides_johnsonii	k__Bacteria;p__Actinobacteria;c__Actinobacteria;o__Bifidobacteriales;f__Bifidobacteriaceae;g__Bifidobacterium;s__Bifidobacterium_longum	k__Bacteria;p__Firmicutes;c__Clostridia;o__Clostridiales;f__;g__Flavonifractor;s__Flavonifractor_plautii	k__Bacteria;p__Firmicutes;c__Clostridia;o__Clostridiales;f__Clostridiaceae;g__Clostridium;s__Clostridium_phoceensis	k__Bacteria;p__Verrucomicrobia;c__Verrucomicrobiae;o__Verrucomicrobiales;f__Akkermansiaceae;g__Akkermansia;s__Akkermansia_muciniphila	k__Bacteria;p__Bacteroidetes;c__Bacteroidia;o__Bacteroidales;f__Prevotellaceae;g__Paraprevotella;s__Paraprevotella_xylaniphila	k__Bacteria;p__Firmicutes;c__Clostridia;o__Clostridiales;f__Ruminococcaceae;g__Ruminococcus;s__Ruminococcus_callidus	k__Bacteria;p__Bacteroidetes;c__Bacteroidia;o__Bacteroidales;f__Rikenellaceae;g__Alistipes;s__Alistipes_senegalensis	k__Bacteria;p__Firmicutes;c__Clostridia;o__Clostridiales;f__Lachnospiraceae;g__Blautia;s__Blautia_sp._KLE_1732	k__Bacteria;p__Bacteroidetes;c__Bacteroidia;o__Bacteroidales;f__Bacteroidaceae;g__Bacteroides;s__Bacteroides_oleiciplenus	k__Bacteria;p__Firmicutes;c__Clostridia;o__Clostridiales;f__Ruminococcaceae;g__Ruminococcus;s__Ruminococcus_bicirculans	k__Bacteria;p__Bacteroidetes;c__Bacteroidia;o__Bacteroidales;f__Bacteroidaceae;g__Bacteroides;s__Bacteroides_fluxus	k__Bacteria;p__Bacteroidetes;c__Bacteroidia;o__Bacteroidales;f__Prevotellaceae;g__Prevotella;s__Prevotella_stercorea	k__Bacteria;p__Firmicutes;c__Clostridia;o__Clostridiales;f__Lachnospiraceae;g__Dorea;s__Dorea_longicatena	k__Bacteria;p__Firmicutes;c__Clostridia;o__Clostridiales;f__Eubacteriaceae;g__Eubacterium;s__[Eubacterium]_eligens	k__Bacteria;p__Firmicutes;c__Clostridia;o__Clostridiales;f__Ruminococcaceae;g__;s__Ruminococcaceae_bacterium_D16	k__Bacteria;p__Firmicutes;c__Clostridia;o__Clostridiales;f__Lachnospiraceae;g__Coprococcus;s__Coprococcus_comes	k__Bacteria;p__Proteobacteria;c__Gammaproteobacteria;o__Enterobacterales;f__Enterobacteriaceae;g__Escherichia;s__Escherichia_coli	k__Bacteria;p__Firmicutes;c__Clostridia;o__Clostridiales;f__Ruminococcaceae;g__Anaerotruncus;s__Anaerotruncus_colihominis	k__Bacteria;p__Firmicutes;c__Clostridia;o__Clostridiales;f__Lachnospiraceae;g__Blautia;s__Blautia_obeum	k__Bacteria;p__Bacteroidetes;c__Bacteroidia;o__Bacteroidales;f__Odoribacteraceae;g__Odoribacter;s__Odoribacter_laneus	k__Bacteria;p__Firmicutes;c__Clostridia;o__Clostridiales;f__Ruminococcaceae;g__Ruminiclostridium;s__[Clostridium]_leptum	k__Bacteria;p__Bacteroidetes;c__Bacteroidia;o__Bacteroidales;f__Porphyromonadaceae;g__Parabacteroides;s__Parabacteroides_goldsteinii	k__Bacteria;p__Firmicutes;c__Clostridia;o__Clostridiales;f__Lachnospiraceae;g__Anaerostipes;s__Anaerostipes_hadrus	k__Bacteria;p__Firmicutes;c__Clostridia;o__Clostridiales;f__Ruminococcaceae;g__Ruminococcus;s__Ruminococcus_lactaris	k__Bacteria;p__Firmicutes;c__Clostridia;o__Clostridiales;f__Clostridiaceae;g__Clostridium;s__Clostridium_sp._L2-50	k__Bacteria;p__Firmicutes;c__Clostridia;o__Clostridiales;f__Clostridiaceae;g__Clostridium;s__Clostridium_sp._M62/1	k__Bacteria;p__Firmicutes;c__Clostridia;o__Clostridiales;f__;g__Intestinimonas;s__Intestinimonas_butyriciproducens	k__Bacteria;p__Actinobacteria;c__Actinobacteria;o__Bifidobacteriales;f__Bifidobacteriaceae;g__Bifidobacterium;s__Bifidobacterium_bifidum	k__Bacteria;p__Firmicutes;c__Negativicutes;o__Veillonellales;f__Veillonellaceae;g__Dialister;s__Dialister_invisus	k__Bacteria;p__Bacteroidetes;c__Bacteroidia;o__Bacteroidales;f__Bacteroidaceae;g__Bacteroides;s__Bacteroides_salanitronis
k__Bacteria;p__Bacteroidetes;c__Bacteroidia;o__Bacteroidales;f__Bacteroidaceae;g__Bacteroides;s__Bacteroides_vulgatus	1.0	-0.0521509153529	-0.0240676730235	0.0229449618248	-0.0117624504668	0.00916436768067	-0.00731433253574	0.0179343298653	0.0177617169323	0.00245668988485	0.0135957863938	-0.00929064275585	-0.0366905520737	-0.0050461840185	0.0192916027528	0.0421405104919	-0.0174572083663	-0.0172880279655	0.0333014231119	0.0320779623463	-0.071751899175	0.0373989924924	-0.0135388432896	0.0309023786326	-0.0213363693549	-0.00910993914121	-0.0598224957823	-0.0253770897577	-0.0267883010035	0.0597117402028	-0.00886232198838	-0.0302186312295	-0.0152416040003	-0.0186702886493	-0.0196860896711	-0.0232406417499	-0.0128478882676	-0.0469740970248	-0.0393541678013	0.0486785225493	-0.0485336598164	0.027792470816	-0.044850165717	-0.00131569194746	-0.0259481207796	0.0672671742642	-0.0258098345497	-0.0317214241416	-0.0319593361185	-0.0229109895467	-0.0345138763193	0.0106204896777	-0.0538645984581	-0.00898790081298	0.0538606159989	-0.0103684701707	0.0079854360466	0.0450937861894	0.0259611487454
k__Bacteria;p__Bacteroidetes;c__Bacteroidia;o__Bacteroidales;f__Bacteroidaceae;g__Bacteroides;s__Bacteroides_uniformis	-0.0521509153529	1.0	0.0318433870861	-0.0222441064542	-0.0352432553049	-0.0306530840764	-0.0602931257602	0.00883365511301	-0.00880710343203	0.00447084053591	0.000141665224112	-0.0139090808438	-0.0434791604802	0.0148768717442	-0.0255551372127	-0.00240208073566	0.0270901358242	0.0413203411637	-0.00463248391756	-0.0486101776932	0.0343373445964	0.00406015468047	0.0163901145701	-0.0435433740265	0.00376996046997	0.0413984813818	-0.00492997561353	-0.0531036788793	-0.000151190369808	0.0410160469064	-0.0316430057839	-0.0470016659545	0.0130775416454	0.0394295494402	0.022159393273	0.00535848336587	-0.00705569554215	-0.0217827005933	-0.0623390296444	-0.0357939479339	0.00602787725271	0.028401346791	0.0219779400941	0.00752749588934	0.0557319276951	-0.0630729551448	0.00485580041394	0.0227114343977	-0.0316567838737	-0.00190677927727	0.0104093995296	-0.00750950231585	0.0862281319167	-0.0242149693406	-0.0662853352549	0.0414380901357	-0.0506083887161	0.0409324366198	0.0137822990921
k__Bacteria;p__Bacteroidetes;c__Bacteroidia;o__Bacteroidales;f__Rikenellaceae;g__Alistipes;s__Alistipes_putredinis	-0.0240676730235	0.0318433870861	1.0	-0.0270293576753	-0.0253906700881	0.00628301382546	-0.00093347429227	0.000986790992248	0.0192292770184	-0.0113087712107	-0.0388778353896	0.0200612057486	-0.0100144769286	-0.0518489366234	0.00724484660952	0.0459472993969	0.0387661997558	-0.0136443682764	-0.0293178248096	-0.0465998369267	-0.0610490772009	-0.013158073375	-0.0400829207061	0.0380375305576	-0.00111826750483	-0.0339793616148	-0.00135695857201	-0.0358363353888	-0.0577923297682	0.0391186940723	0.00328262154789	-0.00803120261998	-0.029922883826	0.067434597346	0.0302090383178	-0.0380986051315	-0.0129692117607	-0.0381781133858	0.000720662275518	-0.0793874092305	-0.00144622255759	-0.0325744212704	-0.0364632879682	0.0412112822249	-0.0430962068442	-0.0315310008102	-0.0176731787665	0.0181744182186	0.0555943449502	-0.00360547493363	0.0532635194578	-0.0120722605995	-0.00770358643271	-0.0250880868292	0.0262159966808	-0.0517135704947	0.00418119565541	0.00135957906158	-0.0314938215091
k__Bacteria;p__Bacteroidetes;c__Bacteroidia;o__Bacteroidales;f__Prevotellaceae;g__Prevotella;s__Prevotella_copri	0.0229449618248	-0.0222441064542	-0.0270293576753	1.0	0.0173052505375	-0.0576174392321	0.0282103767915	-0.0332156238503	-0.000618565414403	0.0326228771229	0.0759251153602	-0.0394708203557	-0.0400966087806	-0.0544770445524	0.0466775455584	0.0247584362425	-0.00382552498073	0.000548877489812	0.0435333468809	-0.049703912492	-0.0206408494823	-0.0447122620162	-0.0103260758836	-0.0390397627771	0.0595227527864	-0.0458026803258	-0.0124320284389	0.0350917872834	-0.00615478514942	-0.00777668675833	-0.0831254019336	-0.00471771790249	0.00819370160513	-0.0360037640485	0.0010598424241	-0.054769014073	0.00427337842929	-0.00905992342821	0.0405331644529	-0.0088935737708	0.0207246351285	0.0257783103129	-0.0495291551079	0.0401841282568	0.000240685727631	0.0126799185772	0.0195148461015	-0.0207003137686	-0.0232224989563	-0.0111325877999	-0.0292031026182	-0.00322548960674	0.0120873595155	-0.000901099516571	0.0116823333516	0.00255439505113	-0.00254928112927	-0.0331911235467	0.0341202457507
k__Bacteria;p__Bacteroidetes;c__Bacteroidia;o__Bacteroidales;f__Bacteroidaceae;g__Bacteroides;s__Bacteroides_stercoris	-0.0117624504668	-0.0352432553049	-0.0253906700881	0.0173052505375	1.0	0.0192266715506	-0.025273090882	-0.00848044840712	-0.0727760040496	0.00198181662284	0.00278971834733	0.0103904840432	-0.0170862714813	-0.0223088745085	-0.0154225722944	-0.0402843682792	-0.00535244564855	0.00488361336209	-0.0406658420679	-0.02111002872	-0.000486304867036	-0.0461374333248	0.0170170652406	-0.00271331098601	-0.0299883677769	-0.0232154956041	0.0177316128441	-0.0164792053275	0.0178393335449	-0.0451848444109	0.00293302448535	-0.0131076610397	0.0142168784886	-0.00530728729833	-0.0228060555476	0.0298409579705	0.00756590749627	-0.0444852382317	-0.0140035884222	0.0419585445484	-0.00557820911411	-0.0109452515586	-0.0413306184814	0.0249074443781	-0.0185117689776	-0.00312145034404	-0.00855483217848	0.00218976288384	-0.0280873161941	0.0081379329355	0.0114484327722	0.00380701861754	-0.0580791766764	-0.0272720992301	-0.0121466531293	-0.00545827243747	-0.0561639304573	-0.0604009034847	0.0545576731927
k__Bacteria;p__Bacteroidetes;c__Bacteroidia;o__Bacteroidales;f__Bacteroidaceae;g__Bacteroides;s__Bacteroides_ovatus	0.00916436768067	-0.0306530840764	0.00628301382546	-0.0576174392321	0.0192266715506	1.0	-0.0267490354203	-0.0358288049833	-0.000579675944291	-0.0351504886695	0.00647366108995	-0.0258597048295	0.0323678058155	-0.0249755062721	0.0110019399083	0.0136298098975	-0.033065470618	0.0248869983664	-0.0447528190725	-0.0148855395405	-0.0379064742659	-0.0182062257663	0.00622872465851	0.0388843321482	-0.0105408646135	-0.0373286424852	0.00301104630957	0.00654123175207	0.0196270244092	-0.0335167864798	0.00988770468468	0.0347768408338	-0.00183594885093	-0.0184042798323	-0.0183984303655	-0.0189920412601	-0.0222178163732	0.0222569946305	0.0120790025968	-0.022367760035	0.0207918628024	-0.0826175846536	-0.0468538169142	-0.000154525405539	0.0194817463095	-0.0396425943995	-0.00570787225939	-0.0202311002285	-0.0406153760833	0.00197880303536	-0.0166030311402	0.0184809972926	-0.00656111744843	0.0848097102826	-0.0168099473626	-0.04351944975	0.0106295463325	-0.0294577277755	0.0369709728544
k__Bacteria;p__Bacteroidetes;c__Bacteroidia;o__Bacteroidales;f__Rikenellaceae;g__Alistipes;s__Alistipes_shahii	-0.00731433253574	-0.0602931257602	-0.00093347429227	0.0282103767915	-0.025273090882	-0.0267490354203	1.0	-0.00700951047054	0.0116493380196	-0.0412702877592	-0.0387563644945	-0.0257061816623	-0.0621937635544	0.00207473314236	-0.00548349001412	-0.0249723067814	-0.0222331445384	0.0104775320152	-0.0677969310552	-0.0630850057249	-0.0595137386576	0.0284263637292	-0.0109496041409	-0.00511130715686	-0.0165640895642	0.0681128876955	0.0228633676477	-0.0249661647729	-0.0123001020302	-0.0112044105088	-0.0531608731054	0.0626300032146	0.00627849845749	-0.0236354700181	-0.0485594224766	-0.0174746286507	-0.0345742241841	-0.0215269902587	-0.0676490903319	-0.00619796141611	0.00161444864895	0.072986960805	-0.0293561662187	-0.0148899051438	-0.0296544510736	0.0515519046167	0.0459478184778	-0.0410063203411	-0.0386236759355	0.0173108541819	0.015977998808	-0.00159493431653	-0.00636601770831	-0.0430812087515	0.0286779174876	0.0327204486527	-0.0160359205529	-0.00571350533887	-0.0457227368134
k__Bacteria;p__Firmicutes;c__Clostridia;o__Clostridiales;f__Ruminococcaceae;g__Faecalibacterium;s__Faecalibacterium_prausnitzii	0.0179343298653	0.00883365511301	0.000986790992248	-0.0332156238503	-0.00848044840712	-0.0358288049833	-0.00700951047054	1.0	-0.039146567318	-0.0221883260135	-0.018257080491	0.00517433916643	0.0330505539702	-0.0191463342533	-0.012395076368	-0.0406717794002	-0.0710190009318	-0.0202371173462	0.0672351160006	-0.0193957690737	0.0209048637411	-0.0269701447816	-0.0438399456799	0.0248598890811	-0.030769378405	-0.0197743678213	-0.0414717575788	-0.0545950742885	0.0278151073355	-0.0441485938943	0.0598642863376	-0.0252825083763	0.0180982383475	0.00997897926603	-0.00952698378504	0.0309131891742	-0.0558770339777	-0.00947002121853	0.0186849905791	0.0407956126557	0.013650866246	-0.0193632319665	0.00986440030586	-0.0317434768641	-0.067599142079	-0.0160390649641	0.00817848847521	-0.00737127499857	-0.0542274368896	0.0024381393725	-0.0166283229096	0.0105622396897	-0.0218018929184	0.00893871323053	0.00902744796834	-0.00741322879318	-0.0020472863624	0.0233439853407	0.0183639270168
k__Bacteria;p__Bacteroidetes;c__Bacteroidia;o__Bacteroidales;f__Rikenellaceae;g__Alistipes;s__Alistipes_finegoldii	0.0177617169323	-0.00880710343203	0.0192292770184	-0.000618565414403	-0.0727760040496	-0.000579675944291	0.0116493380196	-0.039146567318	1.0	-0.0175256279785	-0.0289314215364	0.018446447043	0.0553392113444	-0.00958067236352	0.00035735045429	-0.0153693021776	0.0492819747884	-0.0305022218269	-0.0319978504629	0.00174404330721	0.01410969387	-0.00356772864882	0.0308327983121	-0.03326693596	-0.0559857801363	-0.0102416559386	-0.0021877541551	-0.0126473890954	-0.0482103226572	-0.00405834730047	-0.00166862459018	-0.0234103362304	-0.0190385743325	-0.0173850114291	-0.0230625869961	0.0157751950373	0.028497097917	0.0200944492924	0.0458632830059	-0.0321446619592	-0.0223620797248	-0.019886283556	0.00375541398821	-0.0337720441702	0.0296390349635	0.0123840312034	0.0298274009927	0.0207651551825	0.0387114055822	-0.0608925548045	-0.0142997583679	-0.00554068971042	-0.0157442423091	-0.0824206258821	-0.00306827229921	-0.0142261550941	0.010602137065	0.0269303732458	0.0360300208907
k__Bacteria;p__Bacteroidetes;c__Bacteroidia;o__Bacteroidales;f__Porphyromonadaceae;g__Parabacteroides;s__Parabacteroides_distasonis	0.00245668988485	0.00447084053591	-0.0113087712107	0.0326228771229	0.00198181662284	-0.0351504886695	-0.0412702877592	-0.0221883260135	-0.0175256279785	1.0	-0.0335795400246	0.0152447529188	-0.0530225327324	0.0053288415019	-0.0556726732911	-0.05109414856	-0.0151611872021	0.00118626450715	-0.00149356843632	-0.0284176819169	0.00801884449476	-0.047885917874	-0.0549207129364	0.0209628471688	-0.0415438098051	0.044331485466	-0.0307872431187	-0.0346954637127	-0.0378194284297	0.0138195352517	0.031057041493	-0.0446172254611	0.00819199690856	-0.0149111523822	0.0132689403489	-0.0512256686051	-0.0102400471316	-0.0241188602581	0.0253078651909	-0.0310941876011	-0.0125144987613	-0.00724705065002	-0.0405960187166	-0.012475007814	0.0251484445035	0.0226906777566	-0.0450303307637	0.0778746238732	-0.0122297418046	-0.0378465007532	0.00251794702435	-0.012950186307	0.00010940396724	0.0287306340364	-0.0190240784273	0.0394161770458	0.0745068678794	0.0161533219037	-0.0102374651533
k__Bacteria;p__Bacteroidetes;c__Bacteroidia;o__Bacteroidales;f__Bacteroidaceae;g__Bacteroides;s__Bacteroides_thetaiotaomicron	0.0135957863938	0.000141665224112	-0.0388778353896	0.0759251153602	0.00278971834733	0.00647366108995	-0.0387563644945	-0.018257080491	-0.0289314215364	-0.0335795400246	1.0	-0.00771201179633	0.0227733902166	-0.066401984046	-0.0058474974921	0.0130773201201	-0.0394689558812	0.0337003515267	0.000730648429612	0.0549264848159	-0.024764618037	0.0361206082609	-0.0445175780481	0.00681853093555	-0.0381458329205	-0.0134550134037	0.0361113416846	-0.0281139799527	0.00334398471454	-0.0159221738319	0.0218168227125	0.0420477224262	0.00850595523498	-0.0518732241299	-0.0356314895066	-0.00784928717051	0.0327501791713	0.010824228434	0.024433258791	-0.0163261185268	-0.00876837260988	-0.0261742514531	0.0369135976059	0.0158929788398	-0.0191945542373	0.00139883780626	-0.0438059325369	-0.052275819064	0.00795587834237	-0.00433926721435	0.00143490782007	-0.0171066674033	0.00315591555807	-0.0353701864514	0.0374858443077	0.0278274316734	-0.03971934614	0.0267060537825	-0.0158714117505
k__Bacteria;p__Bacteroidetes;c__Bacteroidia;o__Bacteroidales;f__Bacteroidaceae;g__Bacteroides;s__Bacteroides_coprocola	-0.00929064275585	-0.0139090808438	0.0200612057486	-0.0394708203557	0.0103904840432	-0.0258597048295	-0.0257061816623	0.00517433916643	0.018446447043	0.0152447529188	-0.00771201179633	1.0	0.0472756035278	-0.00730991639333	0.0441800874227	0.00687319544072	0.0376195514939	0.00108045730126	-0.0223154525617	-0.011077490262	0.0314842355787	-0.000666884087728	-0.0434798253141	-0.0152270757704	0.0560671225468	0.00597270457524	-0.0343359645769	0.0317688576586	0.0294989981648	-0.0579543736641	-0.0729961057636	0.00880613987746	-0.0220426348912	0.0187149563083	-0.0427572372849	0.00160599359688	-0.0315015777756	-0.042247782746	0.00867467182046	0.0203519766602	-0.025222688261	0.0308074646241	0.0350534176049	0.00241473758797	-0.0495861084571	-0.0415027066234	0.00251496064589	-0.0108827979072	-0.00614359632631	0.0300959186373	0.00263735721134	-0.0816438456213	-0.0241694054093	-0.0202674614363	-0.0352390228381	-0.0441453673473	-0.033416893908	-0.00950447605969	-0.035764946719
k__Bacteria;p__Bacteroidetes;c__Bacteroidia;o__Bacteroidales;f__Bacteroidaceae;g__Bacteroides;s__Bacteroides_cellulosilyticus	-0.0366905520737	-0.0434791604802	-0.0100144769286	-0.0400966087806	-0.0170862714813	0.0323678058155	-0.0621937635544	0.0330505539702	0.0553392113444	-0.0530225327324	0.0227733902166	0.0472756035278	1.0	0.0665278030608	0.00345949609342	-0.000339013218612	-0.0141337780916	-0.0412445844911	-0.00355401871965	0.0249497141402	-0.0681886197524	-0.0305588539745	-0.0231352935935	-0.0471495442572	-0.00624076207014	-0.0172719250283	-0.0169855785912	0.0297703450089	0.0173666822943	0.00996570508692	0.00459712030681	-0.0282017211595	-0.0912383605971	-0.0446618808559	0.0107090583458	0.0304468387296	0.0213140637667	0.0434700958041	0.0183384443332	-0.0227958312161	-0.0120082386348	-0.068145331413	-0.0331878672666	-0.00481348527355	0.00998472611516	-0.0406123652376	0.0154541838022	0.0205669248756	0.0207832941505	0.0188181966565	0.0120465488652	-0.0159914765882	-0.00895650358042	-0.0160665928474	0.0324369406942	-0.0327823306226	-0.014289519615	-0.0153415297067	-0.00501990186963
k__Bacteria;p__Bacteroidetes;c__Bacteroidia;o__Bacteroidales;f__Rikenellaceae;g__Alistipes;s__Alistipes_obesi	-0.0050461840185	0.0148768717442	-0.0518489366234	-0.0544770445524	-0.0223088745085	-0.0249755062721	0.00207473314236	-0.0191463342533	-0.00958067236352	0.0053288415019	-0.066401984046	-0.00730991639333	0.0665278030608	1.0	-0.0167065678633	-0.0340857297278	-0.00179475280681	0.0126654394072	-0.0475955688536	-0.0344648343124	0.0314651868748	-0.00570922739369	0.00517950212557	0.0161800102715	-0.00134095615648	-0.00762427427719	0.0475914464426	0.0222924439184	0.00197573775473	-0.000372657313349	0.0623798103685	0.00592335554313	0.0437704427831	0.0191637698812	0.029975727261	-0.0268433829914	-0.0386418914515	0.0168508239819	-0.0657087875872	-0.0311393525717	-0.0278666580614	-0.00995474404382	0.0236708992176	-0.0332292314696	-0.000471133422232	-0.0129503244411	-0.00481796010243	0.0275618521875	-0.0589479674916	-0.0287322041914	-0.0256277354016	0.00229091168404	0.0333381492106	-0.0963282150617	0.00764785672636	0.110749964991	-0.0136644663092	0.0274496985119	0.0141854732431
k__Bacteria;p__Firmicutes;c__Clostridia;o__Clostridiales;f__Lachnospiraceae;g__;s__[Eubacterium]_rectale	0.0192916027528	-0.0255551372127	0.00724484660952	0.0466775455584	-0.0154225722944	0.0110019399083	-0.00548349001412	-0.012395076368	0.00035735045429	-0.0556726732911	-0.0058474974921	0.0441800874227	0.00345949609342	-0.0167065678633	1.0	-0.0190234024672	-0.00952938529398	-0.0254642486235	0.000457881014001	0.00878115710451	-0.0243901050489	-0.00112309964686	-0.0579635487388	0.000968745516273	-0.0267596010545	-0.0408225697423	-0.00785386873925	-0.00709575068708	-0.0493762209741	0.00595067589247	-0.0547415842266	-0.0186555947365	-0.0359841308837	-0.00315102573998	0.0334080604083	-0.0536660034545	-0.0076068094602	-0.0583695398764	0.0135654833095	0.0809715861115	-0.0110501629684	0.00576140155005	-0.00851645436846	0.0014975948097	0.00135682763429	-0.00951580800635	0.0685118927955	-0.013613323395	-0.012240281447	-0.0366393272378	-0.00157544915801	0.04348065544	-0.000437810906503	0.0440318339789	-0.0684285992364	-0.0119278956527	-0.0616962585617	-0.00636618903256	0.0639332317269
k__Bacteria;p__Bacteroidetes;c__Bacteroidia;o__Bacteroidales;f__Bacteroidaceae;g__Bacteroides;s__Bacteroides_plebeius	0.0421405104919	-0.00240208073566	0.0459472993969	0.0247584362425	-0.0402843682792	0.0136298098975	-0.0249723067814	-0.0406717794002	-0.0153693021776	-0.05109414856	0.0130773201201	0.00687319544072	-0.000339013218612	-0.0340857297278	-0.0190234024672	1.0	-0.0418378837327	-0.0206772105523	-0.0228990556864	0.034502444338	-0.047032297787	-0.0395523530268	-0.0174821166572	-0.0135142000291	-0.00899368156616	0.000721446931773	-0.0369113980141	-0.0184296889049	-0.00499642105609	0.026787728852	-0.0700951382986	0.0396234333368	-0.00750248509328	-0.0370005584948	0.00874327041333	-0.00235998197256	-0.0469343752981	-0.0493053431632	0.0324557874366	-0.00164909527238	-0.00715438962688	-0.00233250351778	0.0353473478013	0.00530655528724	-0.021303112435	-0.00539927999794	-0.0445965612155	-0.0289437967334	0.0213564965903	-0.000278242388694	-0.0300026609815	-0.000889527480685	0.00454755745316	-0.0342238116529	-0.0304558298245	0.03859032634	-0.00903284212305	0.0122402537821	0.00217767672884
k__Bacteria;p__Bacteroidetes;c__Bacteroidia;o__Bacteroidales;f__Bacteroidaceae;g__Bacteroides;s__Bacteroides_fragilis	-0.0174572083663	0.0270901358242	0.0387661997558	-0.00382552498073	-0.00535244564855	-0.033065470618	-0.0222331445384	-0.0710190009318	0.0492819747884	-0.0151611872021	-0.0394689558812	0.0376195514939	-0.0141337780916	-0.00179475280681	-0.00952938529398	-0.0418378837327	1.0	-0.0346279435983	0.0347697486846	-0.0600667255401	-0.0448543375947	-0.00087532129017	0.0282689616733	-0.0463162668607	0.0254904578927	0.00195088107442	-0.00504886100009	-0.0300557948289	0.0525889903889	0.0223426368003	0.0100995545245	-0.0112129657325	0.0303305932998	0.000827880805695	0.0413202064751	-0.0221370063222	-0.035694313823	-0.0448100545896	0.00722541683546	-0.00268205323839	-0.00806599248047	0.0304295785602	-0.0642778903652	0.0199681358177	0.0085882434027	-0.0282886822898	0.0323779892878	-0.0183969428902	-0.0046527184633	0.0420633554027	0.0213585993252	0.0416064042192	-0.0169113813126	-0.0122372430969	0.00224238015966	-0.0188002748483	-0.061920857111	-0.0158139362964	-0.00213236610801
k__Bacteria;p__Proteobacteria;c__Betaproteobacteria;o__Burkholderiales;f__Sutterellaceae;g__Sutterella;s__Sutterella_wadsworthensis	-0.0172880279655	0.0413203411637	-0.0136443682764	0.000548877489812	0.00488361336209	0.0248869983664	0.0104775320152	-0.0202371173462	-0.0305022218269	0.00118626450715	0.0337003515267	0.00108045730126	-0.0412445844911	0.0126654394072	-0.0254642486235	-0.0206772105523	-0.0346279435983	1.0	-0.0203707181165	0.0279483555127	0.0198423467614	-0.0456811701959	-0.00597095682376	0.015257445023	0.0324381569271	-0.0376997843067	0.02144438259	-0.0799037125838	-0.044386134951	-0.0123547353736	-0.0273204709875	-0.0373371543957	-0.00312161444201	0.0155478835205	0.00474311265098	0.0341512828232	0.00935701130323	0.0111508648957	0.0566613751113	0.0404090859556	-0.0274992330892	-0.048941013731	0.0599048059157	-0.0250528334607	0.013667946705	-0.0185820109009	-0.0100041055496	0.0113997269166	0.022009010694	-0.0308862893565	-0.0502846884898	0.0222615040632	-0.0464384262212	-0.0211433794656	-0.0125689839893	0.011333833364	-0.0212069381941	0.00526574909243	0.0101798904149
k__Bacteria;p__Bacteroidetes;c__Bacteroidia;o__Bacteroidales;f__Porphyromonadaceae;g__Barnesiella;s__Barnesiella_intestinihominis	0.0333014231119	-0.00463248391756	-0.0293178248096	0.0435333468809	-0.0406658420679	-0.0447528190725	-0.0677969310552	0.0672351160006	-0.0319978504629	-0.00149356843632	0.000730648429612	-0.0223154525617	-0.00355401871965	-0.0475955688536	0.000457881014001	-0.0228990556864	0.0347697486846	-0.0203707181165	1.0	-0.0142122832026	-0.0123570044581	-0.0344177488055	-0.00718963081969	-0.00794608319223	-0.0882759584097	-0.0603180921878	-0.0365877642029	-0.0444030926747	0.0346107017347	0.0535982829461	0.0087790144119	-0.00369607193082	-0.0274484575153	0.075543981211	-0.0582837016136	-0.0021100870869	0.0042502434426	-0.00564766644464	-0.0527285863273	-0.013423471739	0.0382963862226	-0.0543334445028	0.0381951818129	-0.0479630459995	0.0543260399175	-0.00941234851038	-0.0213919120238	-0.00666688460954	-0.0201729795192	-0.00853450533551	-0.0232985429251	0.0306520632383	0.0406329727501	0.00603091917467	-0.0275864693239	0.0434242060301	0.0211903802035	-0.00605985253381	-0.0181968813796
k__Bacteria;p__Bacteroidetes;c__Bacteroidia;o__Bacteroidales;f__Odoribacteraceae;g__Odoribacter;s__Odoribacter_splanchnicus	0.0320779623463	-0.0486101776932	-0.0465998369267	-0.049703912492	-0.02111002872	-0.0148855395405	-0.0630850057249	-0.0193957690737	0.00174404330721	-0.0284176819169	0.0549264848159	-0.011077490262	0.0249497141402	-0.0344648343124	0.00878115710451	0.034502444338	-0.0600667255401	0.0279483555127	-0.0142122832026	1.0	0.0221595844687	0.00818758167637	-0.00154851552357	0.0124792437903	0.0605777022411	0.0299855633381	-0.0444278591239	0.0365015607447	-0.0288657159944	-0.0129963678549	0.0438907579974	0.0151135949557	-0.0653763486711	-0.0158935143359	-0.0189061809061	-0.0104914014781	0.0326578591114	0.00232903702044	0.0282230636105	0.00274866057282	-0.0211644669848	-0.114922023993	0.00903004099056	0.00321989160262	-0.0390345112093	-0.00221481148512	0.0356900270445	-0.0311253506536	0.0240083022385	-0.0429649514863	-0.0539916382621	0.00933604234904	0.0278873402848	-0.00545084277708	-0.0389005889247	0.00724258864486	0.00838120003628	0.00647653352879	-0.0341724456602
k__Bacteria;p__Bacteroidetes;c__Bacteroidia;o__Bacteroidales;f__Bacteroidaceae;g__Bacteroides;s__Bacteroides_salyersiae	-0.071751899175	0.0343373445964	-0.0610490772009	-0.0206408494823	-0.000486304867036	-0.0379064742659	-0.0595137386576	0.0209048637411	0.01410969387	0.00801884449476	-0.024764618037	0.0314842355787	-0.0681886197524	0.0314651868748	-0.0243901050489	-0.047032297787	-0.0448543375947	0.0198423467614	-0.0123570044581	0.0221595844687	1.0	0.0372255476807	0.00597609984088	0.00594740789413	0.0457543821189	0.0313762585061	-0.0339803428634	-0.00972280191725	-0.0312203828895	0.0150450601846	-0.0650855589725	0.0515238233353	0.0307098248563	0.00371064758393	0.0111241358226	-0.0302077888689	-0.0116896986277	0.0161649399097	-0.0158211754894	-0.0160152830475	0.00778647980024	-0.00551621449169	-0.0421735333277	0.0165103937639	0.0116570504234	0.00466970382495	0.00264933298905	0.000307363561419	-0.0251684256765	-0.0517480564483	-0.00340850063472	-0.00279047795029	-0.0507734111984	-0.00681726800825	-0.0309155266448	0.0567014665298	-0.0128379730459	-0.0447142420661	-0.0442470737486
k__Bacteria;p__Firmicutes;c__Clostridia;o__Clostridiales;f__Ruminococcaceae;g__Ruminiclostridium;s__[Eubacterium]_siraeum	0.0373989924924	0.00406015468047	-0.013158073375	-0.0447122620162	-0.0461374333248	-0.0182062257663	0.0284263637292	-0.0269701447816	-0.00356772864882	-0.047885917874	0.0361206082609	-0.000666884087728	-0.0305588539745	-0.00570922739369	-0.00112309964686	-0.0395523530268	-0.00087532129017	-0.0456811701959	-0.0344177488055	0.00818758167637	0.0372255476807	1.0	-0.00926413842103	0.00205438960941	-0.0505948971351	-0.00682010164459	0.0450276724019	0.0180801451225	0.0545838296394	-0.00171446432952	-0.0201051662363	0.0121766518945	0.0201220412304	0.00802521209199	0.0224979781764	0.00520739529041	-0.00328997915806	0.00969501764422	-0.00915411209093	0.00579764547982	-0.0433115457026	0.00760260284293	-0.0186718801098	0.0497957353617	-0.00720583278107	-0.105502492948	-0.00267901140543	-0.0150501673334	-0.0533466573767	-0.0233863068198	0.0230364388631	-0.00979953292181	-0.0469934253746	0.0160885508787	0.0138303577525	-0.0261022474669	-0.0338027182959	-0.083346010714	-0.00613568890163
k__Bacteria;p__Proteobacteria;c__Betaproteobacteria;o__Burkholderiales;f__Sutterellaceae;g__Parasutterella;s__Parasutterella_excrementihominis	-0.0135388432896	0.0163901145701	-0.0400829207061	-0.0103260758836	0.0170170652406	0.00622872465851	-0.0109496041409	-0.0438399456799	0.0308327983121	-0.0549207129364	-0.0445175780481	-0.0434798253141	-0.0231352935935	0.00517950212557	-0.0579635487388	-0.0174821166572	0.0282689616733	-0.00597095682376	-0.00718963081969	-0.00154851552357	0.00597609984088	-0.00926413842103	1.0	0.0369760798518	0.00708234791078	-0.0143440084401	-0.00965568807838	-0.0226729178216	-0.00627383075789	-0.00962147395396	-0.00673835135795	-0.0519236269902	0.0389435068546	0.0130340395621	0.0155595006312	0.0412633462194	-0.00301363441006	-0.0671108421357	-0.0285453779358	0.0241916286013	0.0163852549349	0.0104933735796	0.0192113568978	-0.00844389002154	0.0279241835209	-0.0277950808265	-0.0407070601669	0.0281962059015	-0.0623131943476	-0.0710927500457	-0.0677474911922	0.0533510056966	0.00370772808669	0.00210947674081	0.0065428923942	-0.0156906461377	-0.0155335363925	-0.0343551766984	-0.013614639755
k__Bacteria;p__Actinobacteria;c__Actinobacteria;o__Bifidobacteriales;f__Bifidobacteriaceae;g__Bifidobacterium;s__Bifidobacterium_adolescentis	0.0309023786326	-0.0435433740265	0.0380375305576	-0.0390397627771	-0.00271331098601	0.0388843321482	-0.00511130715686	0.0248598890811	-0.03326693596	0.0209628471688	0.00681853093555	-0.0152270757704	-0.0471495442572	0.0161800102715	0.000968745516273	-0.0135142000291	-0.0463162668607	0.015257445023	-0.00794608319223	0.0124792437903	0.00594740789413	0.00205438960941	0.0369760798518	1.0	-0.0270022214062	-0.00892916438631	0.00718956070692	0.0485517123475	-0.0170363259806	-0.0164761996141	0.00120037450844	-0.0696067096589	0.0256891276076	-0.0310654221807	0.0138124779405	-0.0673313118265	0.0330757372822	-0.0435012127154	0.00633023975569	-0.0286780834029	0.0141713331947	-0.0252015180291	0.00117800490061	-0.0350676912873	-0.0149499695412	0.00262323090613	0.0240660411887	-0.0238776997625	0.0205097643982	0.0128433512233	-0.0100927447963	0.037347519929	0.00130928384116	0.0553382438054	0.0145119573473	-0.0485370149323	0.0259913261152	0.0240308594536	-0.053526546858
k__Bacteria;p__Firmicutes;c__Clostridia;o__Clostridiales;f__Oscillospiraceae;g__Oscillibacter;s__Oscillibacter_sp._KLE_1745	-0.0213363693549	0.00376996046997	-0.00111826750483	0.0595227527864	-0.0299883677769	-0.0105408646135	-0.0165640895642	-0.030769378405	-0.0559857801363	-0.0415438098051	-0.0381458329205	0.0560671225468	-0.00624076207014	-0.00134095615648	-0.0267596010545	-0.00899368156616	0.0254904578927	0.0324381569271	-0.0882759584097	0.0605777022411	0.0457543821189	-0.0505948971351	0.00708234791078	-0.0270022214062	1.0	0.00105893211428	-0.0396693129703	-0.0496677036899	0.0508628158952	-0.0344769907791	0.051702634785	-0.0239524779369	0.0149432159764	0.00553255422617	0.0368947350949	-0.0238445184892	-0.00926084299042	0.0391832778284	0.0211572480915	-0.0205539435377	-0.0316346177988	-0.0289039091926	0.000388033779354	0.000902840711966	0.000757564930421	0.036007866671	-0.0150337247986	0.0210911975492	0.0246308906889	-0.0135606572806	-0.0514464732306	0.00963917950348	0.00346999560996	0.0123192133605	0.0464235204467	0.0387113658088	-0.0133842044211	0.0153568628726	-0.0336431447585
k__Bacteria;p__Bacteroidetes;c__Bacteroidia;o__Bacteroidales;f__Bacteroidaceae;g__Bacteroides;s__Bacteroides_coprophilus	-0.00910993914121	0.0413984813818	-0.0339793616148	-0.0458026803258	-0.0232154956041	-0.0373286424852	0.0681128876955	-0.0197743678213	-0.0102416559386	0.044331485466	-0.0134550134037	0.00597270457524	-0.0172719250283	-0.00762427427719	-0.0408225697423	0.000721446931773	0.00195088107442	-0.0376997843067	-0.0603180921878	0.0299855633381	0.0313762585061	-0.00682010164459	-0.0143440084401	-0.00892916438631	0.00105893211428	1.0	-0.0205314418827	-0.0230626601955	0.038003438492	-0.0496988990206	-0.029437661094	0.0089258287549	0.0124521142375	-0.0349682316344	0.0138205078559	0.044761632896	-0.0827209369459	-0.00163394729177	-0.00238949023854	-0.0170652818079	0.000634094034057	-0.0719366300666	0.00986325007102	-0.0126087249267	0.00730151411179	0.0239855288878	-0.0230803558691	0.0197282828785	0.0566853296781	-0.0531626653514	0.0137831070452	-0.0177546919551	-0.0205353508307	0.00910340894053	0.0139754415815	-0.0127921301491	-0.00143686854136	-0.0235667947817	-0.0518420184702
k__Bacteria;p__Firmicutes;c__Clostridia;o__Clostridiales;f__Lachnospiraceae;g__Roseburia;s__Roseburia_intestinalis	-0.0598224957823	-0.00492997561353	-0.00135695857201	-0.0124320284389	0.0177316128441	0.00301104630957	0.0228633676477	-0.0414717575788	-0.0021877541551	-0.0307872431187	0.0361113416846	-0.0343359645769	-0.0169855785912	0.0475914464426	-0.00785386873925	-0.0369113980141	-0.00504886100009	0.02144438259	-0.0365877642029	-0.0444278591239	-0.0339803428634	0.0450276724019	-0.00965568807838	0.00718956070692	-0.0396693129703	-0.0205314418827	1.0	-0.00829550067222	-0.0258554027596	0.00790756797454	-0.0345442975064	0.00742024800736	0.0457223701518	0.0486889028809	-0.0561192196172	-0.0453597962137	0.0225280435652	-0.0358834915438	-0.0931346104356	-0.0273524362838	-0.031743142579	0.0436802769695	-0.0175759373728	-0.00708963576528	-0.0183450763508	-0.00557671435126	0.0247195264092	-0.0131734525618	-0.0254593728862	0.00885580741532	-0.0274795825688	-0.0222212050469	0.0159967745301	-0.033376609707	-0.105726953103	-0.015883635829	-0.00578409458131	0.036672534429	-0.0113146905356
k__Bacteria;p__Firmicutes;c__Clostridia;o__Clostridiales;f__Lachnospiraceae;g__Roseburia;s__Roseburia_hominis	-0.0253770897577	-0.0531036788793	-0.0358363353888	0.0350917872834	-0.0164792053275	0.00654123175207	-0.0249661647729	-0.0545950742885	-0.0126473890954	-0.0346954637127	-0.0281139799527	0.0317688576586	0.0297703450089	0.0222924439184	-0.00709575068708	-0.0184296889049	-0.0300557948289	-0.0799037125838	-0.0444030926747	0.0365015607447	-0.00972280191725	0.0180801451225	-0.0226729178216	0.0485517123475	-0.0496677036899	-0.0230626601955	-0.00829550067222	1.0	0.0152675790986	0.020402944775	0.00551369312427	0.0152387980085	-0.0163536735264	-0.0295264522441	-0.0160515092936	0.0361059912725	-0.00477633252182	-0.0247011582979	0.0362043520252	0.00188573726133	-0.0433526491332	-0.00588457166543	-0.0810345473856	0.0568264021853	-0.0119570225289	-0.0623545816195	0.0271947104393	-0.0174788423859	0.0299255813456	-0.0214041338177	-0.0309017224371	0.000917159254888	0.0171904288227	-0.0191016420681	-0.016082090154	0.0215092078425	-0.0423055585058	-0.0369921432603	0.0172761961252
k__Bacteria;p__Bacteroidetes;c__Bacteroidia;o__Bacteroidales;f__Porphyromonadaceae;g__Parabacteroides;s__Parabacteroides_johnsonii	-0.0267883010035	-0.000151190369808	-0.0577923297682	-0.00615478514942	0.0178393335449	0.0196270244092	-0.0123001020302	0.0278151073355	-0.0482103226572	-0.0378194284297	0.00334398471454	0.0294989981648	0.0173666822943	0.00197573775473	-0.0493762209741	-0.00499642105609	0.0525889903889	-0.044386134951	0.0346107017347	-0.0288657159944	-0.0312203828895	0.0545838296394	-0.00627383075789	-0.0170363259806	0.0508628158952	0.038003438492	-0.0258554027596	0.0152675790986	1.0	0.034423593581	0.0228147450378	0.0238804849919	0.0483211781406	0.0261292588816	-0.0133651203988	0.0579445787549	0.00503433337338	-0.0353851815224	0.00860022754293	-0.00365478706951	0.00368647960721	0.0256439141945	-0.0166349554745	-0.0358813079751	-0.0592982448182	-0.0437152365571	0.0346116543743	-0.0410377780176	-0.0101045652254	0.00611697066485	0.0162958023352	-0.0551337476983	-0.0269231774679	-0.00496164959908	0.00485533035493	-0.0173468036789	-0.0150594776541	-0.0407527394726	0.0184782642094
