#taxonomy	k__Bacteria;p__Bacteroidetes;c__Bacteroidia;o__Bacteroidales;f__Bacteroidaceae;g__Bacteroides;s__Bacteroides_vulgatus	k__Bacteria;p__Bacteroidetes;c__Bacteroidia;o__Bacteroidales;f__Bacteroidaceae;g__Bacteroides;s__Bacteroides_uniformis	k__Bacteria;p__Bacteroidetes;c__Bacteroidia;o__Bacteroidales;f__Rikenellaceae;g__Alistipes;s__Alistipes_putredinis	k__Bacteria;p__Bacteroidetes;c__Bacteroidia;o__Bacteroidales;f__Prevotellaceae;g__Prevotella;s__Prevotella_copri	k__Bacteria;p__Bacteroidetes;c__Bacteroidia;o__Bacteroidales;f__Bacteroidaceae;g__Bacteroides;s__Bacteroides_stercoris	k__Bacteria;p__Bacteroidetes;c__Bacteroidia;o__Bacteroidales;f__Bacteroidaceae;g__Bacteroides;s__Bacteroides_ovatus	k__Bacteria;p__Bacteroidetes;c__Bacteroidia;o__Bacteroidales;f__Rikenellaceae;g__Alistipes;s__Alistipes_shahii	k__Bacteria;p__Firmicutes;c__Clostridia;o__Clostridiales;f__Ruminococcaceae;g__Faecalibacterium;s__Faecalibacterium_prausnitzii	k__Bacteria;p__Bacteroidetes;c__Bacteroidia;o__Bacteroidales;f__Rikenellaceae;g__Alistipes;s__Alistipes_finegoldii	k__Bacteria;p__Bacteroidetes;c__Bacteroidia;o__Bacteroidales;f__Porphyromonadaceae;g__Parabacteroides;s__Parabacteroides_distasonis	k__Bacteria;p__Bacteroidetes;c__Bacteroidia;o__Bacteroidales;f__Bacteroidaceae;g__Bacteroides;s__Bacteroides_thetaiotaomicron	k__Bacteria;p__Bacteroidetes;c__Bacteroidia;o__Bacteroidales;f__Bacteroidaceae;g__Bacteroides;s__Bacteroides_coprocola	k__Bacteria;p__Bacteroidetes;c__Bacteroidia;o__Bacteroidales;f__Bacteroidaceae;g__Bacteroides;s__Bacteroides_cellulosilyticus	k__Bacteria;p__Bacteroidetes;c__Bacteroidia;o__Bacteroidales;f__Rikenellaceae;g__Alistipes;s__Alistipes_obesi	k__Bacteria;p__Firmicutes;c__Clostridia;o__Clostridiales;f__Lachnospiraceae;g__;s__[Eubacterium]_rectale	k__Bacteria;p__Bacteroidetes;c__Bacteroidia;o__Bacteroidales;f__Bacteroidaceae;g__Bacteroides;s__Bacteroides_plebeius	k__Bacteria;p__Bacteroidetes;c__Bacteroidia;o__Bacteroidales;f__Bacteroidaceae;g__Bacteroides;s__Bacteroides_fragilis	k__Bacteria;p__Proteobacteria;c__Betaproteobacteria;o__Burkholderiales;f__Sutterellaceae;g__Sutterella;s__Sutterella_wadsworthensis	k__Bacteria;p__Bacteroidetes;c__Bacteroidia;o__Bacteroidales;f__Porphyromonadaceae;g__Barnesiella;s__Barnesiella_intestinihominis	k__Bacteria;p__Bacteroidetes;c__Bacteroidia;o__Bacteroidales;f__Odoribacteraceae;g__Odoribacter;s__Odoribacter_splanchnicus	k__Bacteria;p__Bacteroidetes;c__Bacteroidia;o__Bacteroidales;f__Bacteroidaceae;g__Bacteroides;s__Bacteroides_salyersiae	k__Bacteria;p__Firmicutes;c__Clostridia;o__Clostridiales;f__Ruminococcaceae;g__Ruminiclostridium;s__[Eubacterium]_siraeum	k__Bacteria;p__Proteobacteria;c__Betaproteobacteria;o__Burkholderiales;f__Sutterellaceae;g__Parasutterella;s__Parasutterella_excrementihominis	k__Bacteria;p__Actinobacteria;c__Actinobacteria;o__Bifidobacteriales;f__Bifidobacteriaceae;g__Bifidobacterium;s__Bifidobacterium_adolescentis	k__Bacteria;p__Firmicutes;c__Clostridia;o__Clostridiales;f__Oscillospiraceae;g__Oscillibacter;s__Oscillibacter_sp._KLE_1745	k__Bacteria;p__Bacteroidetes;c__Bacteroidia;o__Bacteroidales;f__Bacteroidaceae;g__Bacteroides;s__Bacteroides_coprophilus	k__Bacteria;p__Firmicutes;c__Clostridia;o__Clostridiales;f__Lachnospiraceae;g__Roseburia;s__Roseburia_intestinalis	k__Bacteria;p__Firmicutes;c__Clostridia;o__Clostridiales;f__Lachnospiraceae;g__Roseburia;s__Roseburia_hominis	k__Bacteria;p__Bacteroidetes;c__Bacteroidia;o__Bacteroidales;f__Porphyromonadaceae;g__Parabacteroides;s__Parabacteroides_johnsonii	k__Bacteria;p__Actinobacteria;c__Actinobacteria;o__Bifidobacteriales;f__Bifidobacteriaceae;g__Bifidobacterium;s__Bifidobacterium_longum	k__Bacteria;p__Firmicutes;c__Clostridia;o__Clostridiales;f__;g__Flavonifractor;s__Flavonifractor_plautii	k__Bacteria;p__Firmicutes;c__Clostridia;o__Clostridiales;f__Clostridiaceae;g__Clostridium;s__Clostridium_phoceensis	k__Bacteria;p__Verrucomicrobia;c__Verrucomicrobiae;o__Verrucomicrobiales;f__Akkermansiaceae;g__Akkermansia;s__Akkermansia_muciniphila	k__Bacteria;p__Bacteroidetes;c__Bacteroidia;o__Bacteroidales;f__Prevotellaceae;g__Paraprevotella;s__Paraprevotella_xylaniphila	k__Bacteria;p__Firmicutes;c__Clostridia;o__Clostridiales;f__Ruminococcaceae;g__Ruminococcus;s__Ruminococcus_callidus	k__Bacteria;p__Bacteroidetes;c__Bacteroidia;o__Bacteroidales;f__Rikenellaceae;g__Alistipes;s__Alistipes_senegalensis	k__Bacteria;p__Firmicutes;c__Clostridia;o__Clostridiales;f__Lachnospiraceae;g__Blautia;s__Blautia_sp._KLE_1732	k__Bacteria;p__Bacteroidetes;c__Bacteroidia;o__Bacteroidales;f__Bacteroidaceae;g__Bacteroides;s__Bacteroides_oleiciplenus	k__Bacteria;p__Firmicutes;c__Clostridia;o__Clostridiales;f__Ruminococcaceae;g__Ruminococcus;s__Ruminococcus_bicirculans	k__Bacteria;p__Bacteroidetes;c__Bacteroidia;o__Bacteroidales;f__Bacteroidaceae;g__Bacteroides;s__Bacteroides_fluxus	k__Bacteria;p__Bacteroidetes;c__Bacteroidia;o__Bacteroidales;f__Prevotellaceae;g__Prevotella;s__Prevotella_stercorea	k__Bacteria;p__Firmicutes;c__Clostridia;o__Clostridiales;f__Lachnospiraceae;g__Dorea;s__Dorea_longicatena	k__Bacteria;p__Firmicutes;c__Clostridia;o__Clostridiales;f__Eubacteriaceae;g__Eubacterium;s__[Eubacterium]_eligens	k__Bacteria;p__Firmicutes;c__Clostridia;o__Clostridiales;f__Ruminococcaceae;g__;s__Ruminococcaceae_bacterium_D16	k__Bacteria;p__Firmicutes;c__Clostridia;o__Clostridiales;f__Lachnospiraceae;g__Coprococcus;s__Coprococcus_comes	k__Bacteria;p__Proteobacteria;c__Gammaproteobacteria;o__Enterobacterales;f__Enterobacteriaceae;g__Escherichia;s__Escherichia_coli	k__Bacteria;p__Firmicutes;c__Clostridia;o__Clostridiales;f__Ruminococcaceae;g__Anaerotruncus;s__Anaerotruncus_colihominis	k__Bacteria;p__Firmicutes;c__Clostridia;o__Clostridiales;f__Lachnospiraceae;g__Blautia;s__Blautia_obeum	k__Bacteria;p__Bacteroidetes;c__Bacteroidia;o__Bacteroidales;f__Odoribacteraceae;g__Odoribacter;s__Odoribacter_laneus	k__Bacteria;p__Firmicutes;c__Clostridia;o__Clostridiales;f__Ruminococcaceae;g__Ruminiclostridium;s__[Clostridium]_leptum	k__Bacteria;p__Bacteroidetes;c__Bacteroidia;o__Bacteroidales;f__Porphyromonadaceae;g__Parabacteroides;s__Parabacteroides_goldsteinii	k__Bacteria;p__Firmicutes;c__Clostridia;o__Clostridiales;f__Lachnospiraceae;g__Anaerostipes;s__Anaerostipes_hadrus	k__Bacteria;p__Firmicutes;c__Clostridia;o__Clostridiales;f__Ruminococcaceae;g__Ruminococcus;s__Ruminococcus_lactaris	k__Bacteria;p__Firmicutes;c__Clostridia;o__Clostridiales;f__Clostridiaceae;g__Clostridium;s__Clostridium_sp._L2-50	k__Bacteria;p__Firmicutes;c__Clostridia;o__Clostridiales;f__Clostridiaceae;g__Clostridium;s__Clostridium_sp._M62/1	k__Bacteria;p__Firmicutes;c__Clostridia;o__Clostridiales;f__;g__Intestinimonas;s__Intestinimonas_butyriciproducens	k__Bacteria;p__Actinobacteria;c__Actinobacteria;o__Bifidobacteriales;f__Bifidobacteriaceae;g__Bifidobacterium;s__Bifidobacterium_bifidum	k__Bacteria;p__Firmicutes;c__Negativicutes;o__Veillonellales;f__Veillonellaceae;g__Dialister;s__Dialister_invisus	k__Bacteria;p__Bacteroidetes;c__Bacteroidia;o__Bacteroidales;f__Bacteroidaceae;g__Bacteroides;s__Bacteroides_salanitronis
k__Bacteria;p__Bacteroidetes;c__Bacteroidia;o__Bacteroidales;f__Bacteroidaceae;g__Bacteroides;s__Bacteroides_vulgatus	1.0	0.0408978407841	-0.0354250038451	-0.0260242005347	0.00549176907898	0.0127791564173	0.0607451839811	-0.019369436726	-0.0247753994184	-0.0334459389472	0.0150513181226	0.00286259939402	0.04364474534	0.0135550338684	-0.0238940729807	0.0245934408544	0.0171103388794	-0.0169417756063	-0.0568735703876	0.0127401710174	-0.0191587737508	-0.0330208981311	-0.0418747244547	-0.0452100211726	-0.0308580310883	-0.00366650049929	-0.0238705746531	-0.00411879828463	0.0396655264937	-0.00657117913586	0.0222176951356	0.0594656520451	-0.0393840973127	-0.00605358878458	0.0108812213054	-0.00264873494328	-0.00887079924703	-0.0242506429643	-0.0198087580086	-0.0241740610864	-0.0144951818602	-0.0163194008011	0.0211109865955	-0.0295474958666	-0.0434571796726	-0.012827622437	-0.016826595882	0.00662699105848	-0.000425370147432	-0.0394689293001	0.0433964959296	0.0053010978599	0.0345855881038	-0.000943682296199	0.0116181486806	0.0147373283499	-0.077737491545	0.0202499257708	0.00438097538529
k__Bacteria;p__Bacteroidetes;c__Bacteroidia;o__Bacteroidales;f__Bacteroidaceae;g__Bacteroides;s__Bacteroides_uniformis	0.0408978407841	1.0	-0.00564281808587	-0.0475231394972	-0.0033506144369	-0.0247624795273	-0.00722646711987	-0.0184726463521	0.00854121607391	0.0391482156214	-0.0396698840252	-0.0305803124629	0.0516126304306	0.00154763880011	0.00138493654769	0.00370674679743	-0.0473675797638	0.0291048221465	0.0346625188739	0.0136038539766	-0.0121858759087	-0.000381183779886	-0.0406392791563	0.027490337708	-0.010189850196	0.0226667289522	-0.0226834853895	-0.00912641042945	0.010426854294	0.0406389898126	0.00948042199461	-0.0355742564799	-0.0387473011879	0.0225356652739	-0.029277236163	0.00715147669177	-0.0196908409604	-0.0172804843071	-0.0163029819911	0.0794518947798	-0.00689126588711	0.0187822918649	-0.0282850752178	0.0125533397709	-0.0657284624213	-0.0189274219509	0.0237464764828	-0.0392469680997	0.0191532638413	-0.00664219637161	-0.0248741564891	-0.0383194224009	-0.039512318161	-0.0096296608812	-0.0262558065769	0.00724418655799	-0.0509099305717	0.069914114563	-0.0292052089836
k__Bacteria;p__Bacteroidetes;c__Bacteroidia;o__Bacteroidales;f__Rikenellaceae;g__Alistipes;s__Alistipes_putredinis	-0.0354250038451	-0.00564281808587	1.0	0.0019812691693	0.0279520999078	-0.020490440444	-0.00401645181283	-0.0127032412986	0.0377786683071	-0.0156601451865	0.0240255435445	0.0170475298018	0.0428669140164	-0.0275580072236	0.0136052935934	-0.00687391723014	-0.0321247297649	0.0418095024794	-0.00848711853308	-0.0272406106591	0.0276951045372	-0.0314544774216	-0.00619953467674	0.0656528297453	-0.0113972593114	0.0220222127582	-0.0133446954619	-0.0207513842108	-0.0162449553205	-0.0371135134529	-0.0500900166651	0.0533122667573	0.00429456338939	0.0379012874337	-0.04293567034	-0.00737368237397	0.00958061241109	-0.0152925537132	-0.0490149551541	0.00755519649457	0.0128714548623	-0.000885172412922	-0.0474394763775	-0.0160994808807	0.055300680625	-0.0207901864772	-0.00919555703802	-0.0162407366953	-0.009023591558	-0.0206986758169	-0.0147922884543	-0.0637556335311	-0.0658238588307	0.0433772846586	-0.0333380535153	0.0366188169974	-0.0126147237275	0.00445101465479	-0.066034577583
k__Bacteria;p__Bacteroidetes;c__Bacteroidia;o__Bacteroidales;f__Prevotellaceae;g__Prevotella;s__Prevotella_copri	-0.0260242005347	-0.0475231394972	0.0019812691693	1.0	-0.0157779840035	0.0374621635844	-0.00786548596209	-0.0921431040732	-0.0590941122566	-0.0309231203686	-0.0517837888723	-0.0248225831963	-0.0103846878728	0.00443634336268	-0.000821257718841	0.000471147294663	-0.0190022432172	-0.0252730098167	-0.00902320247749	0.0185031591142	-0.0225270850506	-0.0374432612576	0.0232426599024	0.0163435201894	-0.0340542865523	-0.0382952710509	-0.0400173666538	-0.0268601119614	0.0435205474511	-0.0323499772654	0.0120534993887	0.0209491124808	0.0304449030613	0.000295826995909	-0.0119701289659	-0.0440607033081	-0.0338880193436	0.0556635834602	0.0681753096499	0.0576746290537	0.0228263391411	-0.0353417771443	0.00194860951787	-0.0448868039234	0.025713386846	-0.0247617254715	-0.0149372500453	-0.0103699842778	0.00579481226566	-0.0162421829665	0.00178760730698	0.0109439021607	0.00761461034225	-0.00804157778667	0.0575040155802	-0.0539056427206	0.084257553184	0.000169227329053	-0.0248351945757
k__Bacteria;p__Bacteroidetes;c__Bacteroidia;o__Bacteroidales;f__Bacteroidaceae;g__Bacteroides;s__Bacteroides_stercoris	0.00549176907898	-0.0033506144369	0.0279520999078	-0.0157779840035	1.0	0.0112848317911	0.0121149604291	0.013213577687	0.0190416381774	-0.0341657060378	-0.0464445892926	-0.0400817963437	-0.003702271116	0.0423926342814	0.0595693938294	0.0511765878416	-0.00089104062674	-0.0300382467355	0.0172576963016	-0.0186032556746	-0.0418596610575	0.0317646935584	0.0264609404531	-0.0533765266779	-0.0369164802981	0.0049408490205	-0.0134935590822	0.00384907147181	-0.00501336080991	-0.0421227052963	-0.0188048360849	0.0370576308643	-0.0261810298313	-0.0374898984463	0.0503824254941	-0.00643550546329	-0.0276412611882	0.0072975813145	0.0032319853252	-0.0168864852223	-0.0188158383261	0.0220306367976	0.0177921255622	0.0117114319811	-0.0177120005683	0.0576545582719	-0.0265909411064	0.0211751318233	-0.0369655293895	-0.000998131160082	-0.0355222126283	0.0116540347585	0.0532857069353	-0.0622304383162	-0.033226582018	-0.0322686985738	-0.0162333059777	0.0100832445071	-0.0312667181274
k__Bacteria;p__Bacteroidetes;c__Bacteroidia;o__Bacteroidales;f__Bacteroidaceae;g__Bacteroides;s__Bacteroides_ovatus	0.0127791564173	-0.0247624795273	-0.020490440444	0.0374621635844	0.0112848317911	1.0	-0.0232482757578	-0.0233910181175	0.0263621365968	-0.0162605192706	-0.0051638800545	-0.0121108240389	-0.0365836262428	-0.0169193586154	0.030798396136	0.0140739549096	0.0254461548412	-0.0365339244958	0.0542645881233	-0.00835425756183	0.0137275149013	-0.0472646139928	0.00524904053479	0.000431335618447	-0.012316469565	-0.044304717569	0.0434309872352	-0.00536923665492	0.0192971604416	-0.00848058602645	0.0249222575707	0.0500780786837	0.0269583743029	-0.0440713652916	-0.0820511143606	-0.00822796237047	0.00690107932578	0.0330795902394	0.0156722937385	-0.0129553238717	-0.0123767946353	-0.00914853045348	-0.00439985450469	-0.00908115687673	0.00776695971784	-0.0803581826019	-0.0198809115585	0.0319166734177	0.0036943795438	0.0123305359081	0.00207679369914	-0.00306084943279	-0.0159769873179	0.0212875962025	-0.00977509951996	-0.00718643514815	-0.0206445869619	-0.000903421115944	-0.0128183371758
k__Bacteria;p__Bacteroidetes;c__Bacteroidia;o__Bacteroidales;f__Rikenellaceae;g__Alistipes;s__Alistipes_shahii	0.0607451839811	-0.00722646711987	-0.00401645181283	-0.00786548596209	0.0121149604291	-0.0232482757578	1.0	-0.0214457701369	0.0344668806282	-0.0184269284025	0.0453373699205	-0.017899774923	0.00483816683789	-0.0098324519008	0.0763532357863	0.032886674897	-0.030173961836	0.00116975663978	-0.0178935740062	-0.0391836725289	-0.0128001740605	-0.0162974998946	-0.0512394236879	-0.023418440339	-0.0382408675361	-0.0122561427959	-0.00534918670739	-0.0317086481286	-0.0168147263199	-0.0244801551822	-0.048075938337	0.0383291630137	0.0228415529815	-0.0456633306599	-0.0699634782578	0.0266032363362	0.0131274733987	0.00969823927951	-0.00458358396904	-0.0680938646666	-0.0497486999607	0.0348621058485	-0.0271703421278	0.0161359639993	-0.00580040417769	0.0255137494408	0.0236156366168	0.0173295569792	-0.0182328031352	-0.0111833230101	-0.00827809771114	-0.024650965562	-0.0254084223256	-0.0241419844548	0.00716765316365	0.0498962622093	-0.0410916023202	0.027211276327	0.000176737839782
k__Bacteria;p__Firmicutes;c__Clostridia;o__Clostridiales;f__Ruminococcaceae;g__Faecalibacterium;s__Faecalibacterium_prausnitzii	-0.019369436726	-0.0184726463521	-0.0127032412986	-0.0921431040732	0.013213577687	-0.0233910181175	-0.0214457701369	1.0	-0.0282002391529	0.0340937788362	0.00639641398547	-0.0141075083227	-0.00865653809811	0.0361302186288	-0.0339125836073	-0.0242766782398	0.00861825162498	-0.0333453829635	-0.0491138118936	0.00333728213349	0.0221443515425	0.0342012489171	0.00632715529647	0.0415040144849	0.0592764004352	-0.0295971265039	0.0109196902091	0.0362838095246	-0.00431192668527	0.00633894753543	-0.0115700866255	-0.0111815880322	-0.0323618203584	-0.00508806598282	-0.0256268595396	0.000431893544579	-0.0351099374834	-0.013668435453	-0.0114290376183	0.0102817216438	0.0378575344925	-0.0210060551477	0.0113059458853	0.0127099444348	0.0174851217039	-0.0224027906235	0.0153272081184	-0.00679116634191	-0.0167553125518	-0.0469463998089	-0.0108399204014	-0.00199040715046	-0.00152939806072	-0.0524450814172	0.0429663454735	-0.000910081035297	-0.0273506669354	0.00796628711765	0.0015458436122
k__Bacteria;p__Bacteroidetes;c__Bacteroidia;o__Bacteroidales;f__Rikenellaceae;g__Alistipes;s__Alistipes_finegoldii	-0.0247753994184	0.00854121607391	0.0377786683071	-0.0590941122566	0.0190416381774	0.0263621365968	0.0344668806282	-0.0282002391529	1.0	-0.0150011550137	0.0341036443367	0.0336095205095	-0.0505543534802	-0.0450943401552	0.0298654021603	-0.0585551495236	-0.0312285909338	-0.0189236893024	0.00568390669194	-0.022189069379	-0.0203662472565	-0.00376851821279	-0.0277849516109	0.00627297563232	0.0352287335124	-0.0243573531841	0.0407595789797	0.0140816052128	-0.0529186820023	-0.00477505419393	0.0139075131081	-0.0378223535155	0.00664246356567	-0.0301598246536	-0.00663943370079	-0.0343118486116	0.00089484844486	0.0170054674842	0.0387009195616	-0.0343551074234	0.0246187487025	-0.0306696649531	0.0210082769502	0.0126320153175	-0.0374340862399	0.0449042869619	0.0191600264085	-0.0168540871034	-0.0249748653595	0.0145500721591	-0.0385976846498	-0.0368310418941	0.0262517900685	0.0278042526976	0.0409281557029	-0.0574563767538	0.0243723515669	-0.046141395138	0.0369376546973
k__Bacteria;p__Bacteroidetes;c__Bacteroidia;o__Bacteroidales;f__Porphyromonadaceae;g__Parabacteroides;s__Parabacteroides_distasonis	-0.0334459389472	0.0391482156214	-0.0156601451865	-0.0309231203686	-0.0341657060378	-0.0162605192706	-0.0184269284025	0.0340937788362	-0.0150011550137	1.0	-0.064037597356	0.0146700446897	0.0427980545173	0.0180606331569	-0.00889009148437	0.000900720752494	-0.0120282851305	0.0213149983235	-0.0264038123229	-0.0208720628174	-0.0291599469916	0.0219509873261	0.000826372205815	-0.0552117750871	-0.013460016392	-0.00389540501154	0.0136325652858	-0.0533800741561	-0.0483909189219	0.00618825543584	0.00214754738535	-0.0311693430681	0.0636240866451	-0.0493315415774	0.0125122755682	-0.0168319842806	-0.0126544272212	-0.0185113840818	-0.0737553569237	0.042123000224	0.0265685761411	-0.0639133160433	-0.0593403325686	-0.0371656219132	0.052634038223	-0.0380280893183	0.0204630034081	0.00422617920785	-0.0500363104328	0.0143446960887	0.0189017812266	-0.0189992702783	-0.00133830349021	-0.0285493263525	0.0245094841647	0.0335645447902	0.0216525086382	0.00599982669812	-0.0248907095808
k__Bacteria;p__Bacteroidetes;c__Bacteroidia;o__Bacteroidales;f__Bacteroidaceae;g__Bacteroides;s__Bacteroides_thetaiotaomicron	0.0150513181226	-0.0396698840252	0.0240255435445	-0.0517837888723	-0.0464445892926	-0.0051638800545	0.0453373699205	0.00639641398547	0.0341036443367	-0.064037597356	1.0	0.0185983151391	-0.0180618347023	-0.00618872231704	0.0426507980897	0.0306298658347	0.00571253123654	0.0284965130194	0.0347003452985	0.0349874179302	-0.0482181238094	-0.0278895292994	-0.0680564115743	-0.0256243544301	0.0318958946466	0.0462636847404	-0.00653418519557	-0.0190523004725	-0.0439413880427	0.016937903232	-0.0521060107816	-0.0915311919803	-0.00677979630777	-0.0655355146925	-0.0171582055142	0.044395347329	-0.00379210855716	-0.0484786858376	-9.95087920507e-05	-0.0261158826083	-0.0212715451417	0.0041517439017	-0.0185106776807	-0.0244546497292	0.0150851276727	-0.0113038917878	-0.0222586955708	-0.0322865620255	0.00178355321877	0.0133994088223	0.0324398503634	-0.00626914664195	-0.0237589759552	-0.0395798808222	0.0130844503943	-0.0326279820584	0.00582210824364	0.0351049011244	0.0282363786134
k__Bacteria;p__Bacteroidetes;c__Bacteroidia;o__Bacteroidales;f__Bacteroidaceae;g__Bacteroides;s__Bacteroides_coprocola	0.00286259939402	-0.0305803124629	0.0170475298018	-0.0248225831963	-0.0400817963437	-0.0121108240389	-0.017899774923	-0.0141075083227	0.0336095205095	0.0146700446897	0.0185983151391	1.0	0.00802199600863	-0.0395043082132	-0.0292770507443	0.0195153820909	-0.00963971771622	-0.0259424183395	-0.00707751573321	-0.0114870316163	-0.0156025122072	-0.0846432172731	-0.00704159197107	-0.0260225551631	0.00695439119272	-0.0265996631392	0.0369381321963	-0.0959532569434	-0.0203537528729	0.00426760002023	-0.0417883177812	-0.0132786784344	0.0319519263571	-0.0127525761444	-0.0212031076688	-0.00223036010901	0.031471125567	0.0165130001484	0.0455513144471	-0.000867795095559	0.0426026442514	0.00348743402218	0.020195704736	-0.0149802861235	-0.0145314304746	0.0454787792026	-0.0706171295674	0.00133489624141	-0.0410994887016	-0.0127805095669	0.009007246468	0.00292011753481	0.101472290076	0.0255848291964	-0.00932238968936	-0.0619248073595	0.0290260629112	-0.00695780192751	-0.0254149715695
k__Bacteria;p__Bacteroidetes;c__Bacteroidia;o__Bacteroidales;f__Bacteroidaceae;g__Bacteroides;s__Bacteroides_cellulosilyticus	0.04364474534	0.0516126304306	0.0428669140164	-0.0103846878728	-0.003702271116	-0.0365836262428	0.00483816683789	-0.00865653809811	-0.0505543534802	0.0427980545173	-0.0180618347023	0.00802199600863	1.0	0.0129260682975	-0.00878062241971	-0.00983681130031	0.015986718355	0.0177942846938	-0.00859018976988	0.0681252980333	-0.0600894717693	-0.0275518941549	0.00760714395345	-0.00552089825795	-0.0276296546941	0.0235315625154	-0.00833820189874	-0.0572514146666	0.0329635848188	-0.0549295896232	-0.0264260060887	0.00198507057306	-0.0556315203834	0.0106737834914	0.013988845038	0.0225454866366	-0.0442794231871	0.0208885287998	-0.0138981446396	-0.0129941966592	-0.00491217442253	-0.0271521708892	-0.0665672174816	-0.0385694040453	0.00993362052147	-0.0251167114203	-0.0513614273659	-0.0449741509509	0.027867003317	0.00327466577996	0.0177826340591	-0.0143365861266	0.0404539122437	0.00591141936356	-0.0271328393844	0.0106739540061	-0.0642714317844	-0.0836301731963	0.0532449422873
k__Bacteria;p__Bacteroidetes;c__Bacteroidia;o__Bacteroidales;f__Rikenellaceae;g__Alistipes;s__Alistipes_obesi	0.0135550338684	0.00154763880011	-0.0275580072236	0.00443634336268	0.0423926342814	-0.0169193586154	-0.0098324519008	0.0361302186288	-0.0450943401552	0.0180606331569	-0.00618872231704	-0.0395043082132	0.0129260682975	1.0	-0.0383107235318	0.0196695046101	-0.0114579024456	-0.0301264172019	0.0287173781741	0.0625745839151	-0.0223225947844	0.0210606471348	0.021931885426	-0.00809197330675	-0.0465166000623	0.0588713378029	0.00289067110321	-0.0380892749429	-0.00519768029296	-0.0104281511284	0.0409435360515	-0.0326375975041	-0.039375512174	-0.0380328593725	-0.0339311455742	0.00203210393912	0.019684963883	-0.02489130808	0.00916222998819	0.0444313168957	-0.0382690236162	0.020575662004	-0.0306040424827	-0.0287210027473	-0.0286558317102	-0.0352385813253	-0.0212433054429	0.00592492116254	-0.0517989185857	-0.0503230753034	0.0293192932303	0.0545655764156	-0.065167212846	0.00297627620474	0.0219743819639	-0.0148530870608	0.020817773131	-0.0195349076828	0.0187000236986
k__Bacteria;p__Firmicutes;c__Clostridia;o__Clostridiales;f__Lachnospiraceae;g__;s__[Eubacterium]_rectale	-0.0238940729807	0.00138493654769	0.0136052935934	-0.000821257718841	0.0595693938294	0.030798396136	0.0763532357863	-0.0339125836073	0.0298654021603	-0.00889009148437	0.0426507980897	-0.0292770507443	-0.00878062241971	-0.0383107235318	1.0	-0.0425480664058	0.0732383329936	0.0393224374352	-0.020905177085	0.0190734414913	-0.0171241210369	-0.0459390900958	-0.0391847521707	-0.0875216525859	0.0226731229933	0.0167772878477	-0.00273138245688	-0.0424849615367	-0.0272858976791	-0.0338996647957	0.0139004624526	0.0464718266343	-0.0106334368572	-0.0263048018243	0.0253968221753	0.0255489325976	0.00431049717745	0.0538550486779	-0.0259961351177	-0.0100101043478	-0.0167247068373	0.0157244224242	0.0327827772523	0.0566193477504	-0.0576216988225	0.00230062492722	0.0378232122399	-0.0407186273462	-0.0395428476328	-0.0494858785007	-0.0517494675327	-0.026357686039	0.0154938365018	-0.0032476284764	-0.0158232373161	-0.031410347714	-0.0134055360272	-0.0290812202666	-0.0939369643282
k__Bacteria;p__Bacteroidetes;c__Bacteroidia;o__Bacteroidales;f__Bacteroidaceae;g__Bacteroides;s__Bacteroides_plebeius	0.0245934408544	0.00370674679743	-0.00687391723014	0.000471147294663	0.0511765878416	0.0140739549096	0.032886674897	-0.0242766782398	-0.0585551495236	0.000900720752494	0.0306298658347	0.0195153820909	-0.00983681130031	0.0196695046101	-0.0425480664058	1.0	-0.00312169501237	-0.00864642925757	-0.0441307390813	0.0136591601261	-0.0488749623647	-0.0788352057847	-0.0273506512998	0.0403230411983	-0.0086075593585	-0.022356772044	0.0135970534368	0.0508916376749	-0.00653151258344	-0.0298850485897	0.0255839492126	0.0346414192932	-0.0506487867318	-0.0293312771193	-0.0291830458905	-0.0410341778325	-0.0309615155618	0.00067163968729	-0.0413454183485	-0.0507635104299	0.0167439247787	0.00692085807583	0.0458210889055	-0.0133391801006	-0.0041412500548	-0.000522868779374	0.00334286928407	-0.0167384096577	-0.0110631181365	0.0206972919688	-0.0486769306076	-0.0664303211079	0.0143878141325	0.00838596432735	-0.0235540986162	-0.0233841264955	0.0360520476863	-0.0227294097141	0.00722986659028
k__Bacteria;p__Bacteroidetes;c__Bacteroidia;o__Bacteroidales;f__Bacteroidaceae;g__Bacteroides;s__Bacteroides_fragilis	0.0171103388794	-0.0473675797638	-0.0321247297649	-0.0190022432172	-0.00089104062674	0.0254461548412	-0.030173961836	0.00861825162498	-0.0312285909338	-0.0120282851305	0.00571253123654	-0.00963971771622	0.015986718355	-0.0114579024456	0.0732383329936	-0.00312169501237	1.0	-0.0797582707754	-0.0402839009782	-0.00142755833723	-0.0401976503713	0.0820183858174	0.0108082755153	-0.0141884528737	-0.0168174534637	-0.0233761701957	-0.0388884779006	0.00750930639956	-0.00675536031367	0.00625078288991	0.0231527955643	-0.00922335604771	-0.031482542338	0.0116427686362	0.0380612936504	0.0232356179383	-0.0220647343321	-0.0417144366817	-0.01581137835	-0.0220970019293	-0.0702978865106	-0.0169651812637	0.0377926141492	0.000947957151556	-0.00942864009871	-0.0154652282076	-0.0491248417268	-0.0658473488804	0.0171573440068	-0.0391230331749	-0.0184750149475	0.00153620156694	-0.0446577738315	-0.00259947026257	-0.0353338253357	0.0365482481334	0.00724114940786	-0.0319248258595	-0.0374039592491
k__Bacteria;p__Proteobacteria;c__Betaproteobacteria;o__Burkholderiales;f__Sutterellaceae;g__Sutterella;s__Sutterella_wadsworthensis	-0.0169417756063	0.0291048221465	0.0418095024794	-0.0252730098167	-0.0300382467355	-0.0365339244958	0.00116975663978	-0.0333453829635	-0.0189236893024	0.0213149983235	0.0284965130194	-0.0259424183395	0.0177942846938	-0.0301264172019	0.0393224374352	-0.00864642925757	-0.0797582707754	1.0	-0.0275291944605	0.0199650417259	0.0167426216565	-0.00817007153724	-0.0562829229342	0.0188821853755	0.0122835594191	-0.0492112186013	-0.0182075125024	0.00517435267711	-0.0116368972503	-0.0239961683517	-0.0378151284914	-0.000411656708509	0.0604438081259	-0.01196526786	0.0345549554791	-0.0469641028311	0.0235430816536	-0.0437432635502	-0.00868511743164	-0.0214572706189	-0.0234099579917	-0.03702646889	-0.00446493152069	0.0556034585739	-0.0131422179677	-0.0322702025268	0.0178041454345	0.00815714978258	0.0580093500796	0.0527678200538	-0.0228392989159	-0.0304656521557	-0.0533641440485	0.0242660638767	0.00676204200753	-0.0212153173712	0.0323640159025	0.0286758181631	-0.00222999371177
k__Bacteria;p__Bacteroidetes;c__Bacteroidia;o__Bacteroidales;f__Porphyromonadaceae;g__Barnesiella;s__Barnesiella_intestinihominis	-0.0568735703876	0.0346625188739	-0.00848711853308	-0.00902320247749	0.0172576963016	0.0542645881233	-0.0178935740062	-0.0491138118936	0.00568390669194	-0.0264038123229	0.0347003452985	-0.00707751573321	-0.00859018976988	0.0287173781741	-0.020905177085	-0.0441307390813	-0.0402839009782	-0.0275291944605	1.0	-0.019911713408	0.00448642143474	-0.022010681598	-0.00527866660659	0.0279988226142	-0.0442322440547	0.00688744356865	0.036919271052	0.0114835364675	-0.0126650720856	-0.0724482955991	-0.00264287314151	-0.0218584132899	-0.0336561004718	-0.0675955648033	0.0257479865695	0.00579465448027	0.00175625034059	0.0151150729242	-0.0641958482132	-0.0374702107805	-0.0329398650003	-0.0280539327719	-0.00270494812617	-0.00961684517816	-0.0419169009389	-0.0220689258545	0.0118537907764	0.0179944900504	0.0225179299227	-0.0242674862985	0.00781516533265	0.00324061114116	-0.0276465217904	-0.0217761158866	-0.0370100391392	-0.0172372949673	0.043447942096	-0.000895164422222	-0.0324977748785
k__Bacteria;p__Bacteroidetes;c__Bacteroidia;o__Bacteroidales;f__Odoribacteraceae;g__Odoribacter;s__Odoribacter_splanchnicus	0.0127401710174	0.0136038539766	-0.0272406106591	0.0185031591142	-0.0186032556746	-0.00835425756183	-0.0391836725289	0.00333728213349	-0.022189069379	-0.0208720628174	0.0349874179302	-0.0114870316163	0.0681252980333	0.0625745839151	0.0190734414913	0.0136591601261	-0.00142755833723	0.0199650417259	-0.019911713408	1.0	0.0113045098283	-0.0171935357614	-0.0104264322572	0.00653427440265	0.0127265927073	-0.0434216765347	-0.0611575302125	-0.0159251340654	-0.0422557143358	0.0252137105634	-0.0738558519985	0.010801502287	-0.0521209916611	0.00761315012998	0.0415875379484	0.0251065952949	-0.0199259961281	-0.0405744404835	-0.0235318377597	-0.00229124200418	-0.0180532080657	0.00731631886444	-0.00312480407417	0.00669699859087	-0.00295789627148	0.062472361324	-0.0205762686979	0.000496990950177	-0.0295067820744	-0.002473843561	-0.031165851472	0.0110177778963	-0.00460642792502	-0.0395474652075	0.0120390996604	-0.0728406799807	0.00698649657026	0.0357493564672	-0.0402140624647
k__Bacteria;p__Bacteroidetes;c__Bacteroidia;o__Bacteroidales;f__Bacteroidaceae;g__Bacteroides;s__Bacteroides_salyersiae	-0.0191587737508	-0.0121858759087	0.0276951045372	-0.0225270850506	-0.0418596610575	0.0137275149013	-0.0128001740605	0.0221443515425	-0.0203662472565	-0.0291599469916	-0.0482181238094	-0.0156025122072	-0.0600894717693	-0.0223225947844	-0.0171241210369	-0.0488749623647	-0.0401976503713	0.0167426216565	0.00448642143474	0.0113045098283	1.0	-0.0223229842372	-0.0231664802144	-0.00636216810562	0.0462257330503	0.00219271485137	0.0296288636272	0.0125508644666	0.0452997123241	-0.0382322799739	-0.0245790476834	-0.0348072166262	-0.071590721568	0.0211376550528	0.0334608285475	0.0246752894291	-0.0503971889303	0.00896632775915	-0.0252293505337	-0.0265615439523	-0.0103843718849	-0.0535437156191	0.0261617483095	0.0112093222382	-0.00754970799186	0.000211722888499	0.0250167945214	0.0174428059248	0.00427331954034	-0.00973138775229	0.0131626369621	-0.00853989337298	0.0306205614093	0.0111535709906	0.00762587480586	0.0553808391044	0.0160010675867	-0.0047269442073	-0.0770322835817
k__Bacteria;p__Firmicutes;c__Clostridia;o__Clostridiales;f__Ruminococcaceae;g__Ruminiclostridium;s__[Eubacterium]_siraeum	-0.0330208981311	-0.000381183779886	-0.0314544774216	-0.0374432612576	0.0317646935584	-0.0472646139928	-0.0162974998946	0.0342012489171	-0.00376851821279	0.0219509873261	-0.0278895292994	-0.0846432172731	-0.0275518941549	0.0210606471348	-0.0459390900958	-0.0788352057847	0.0820183858174	-0.00817007153724	-0.022010681598	-0.0171935357614	-0.0223229842372	1.0	0.000472219122204	-0.0314642142058	-0.00282285874785	-0.0136867033787	-0.0351649071193	0.0067816163329	-0.022953733625	-0.00271156197612	0.0403364060291	-0.00439205918511	-0.00975987163978	0.00722362025542	-0.0177357732191	-0.0329288767022	-0.0253498734755	0.0106098581954	-0.0562875791589	-0.0182290392929	-0.0644199432581	0.00821969653064	0.00140515218198	0.0207345870835	0.000909196786621	-0.0368652634017	0.0074977506473	0.0697300283077	0.0218937519631	0.0048120389782	-0.00285656986849	0.066094511153	0.00804602309999	-0.0616406620164	0.030361207881	-0.0224036985671	-0.0191922698286	0.0694937974192	0.0341159422923
k__Bacteria;p__Proteobacteria;c__Betaproteobacteria;o__Burkholderiales;f__Sutterellaceae;g__Parasutterella;s__Parasutterella_excrementihominis	-0.0418747244547	-0.0406392791563	-0.00619953467674	0.0232426599024	0.0264609404531	0.00524904053479	-0.0512394236879	0.00632715529647	-0.0277849516109	0.000826372205815	-0.0680564115743	-0.00704159197107	0.00760714395345	0.021931885426	-0.0391847521707	-0.0273506512998	0.0108082755153	-0.0562829229342	-0.00527866660659	-0.0104264322572	-0.0231664802144	0.000472219122204	1.0	-0.0035104665873	0.0268409702279	0.016975333682	-0.000113301010202	-0.0474997684897	-0.0411799105812	0.0139155038351	0.00691830699939	-0.0273583052139	0.0317589913376	-0.012861382651	-0.0442996313498	-0.0253966996049	-0.00429698802602	0.0454565945012	0.017680348571	-0.00384956865949	-0.045890484517	-0.0219214760601	-0.059732216607	0.0057265783511	-0.00116149450541	0.0278516200578	0.0237552284853	-0.000814556841108	0.0834860792796	-0.029040791277	0.0293104499214	-0.00469672682239	-0.0189325255426	-0.0631541056531	0.0197519470778	0.0124356919141	0.0180789323789	0.0497249239673	-0.0100097027803
k__Bacteria;p__Actinobacteria;c__Actinobacteria;o__Bifidobacteriales;f__Bifidobacteriaceae;g__Bifidobacterium;s__Bifidobacterium_adolescentis	-0.0452100211726	0.027490337708	0.0656528297453	0.0163435201894	-0.0533765266779	0.000431335618447	-0.023418440339	0.0415040144849	0.00627297563232	-0.0552117750871	-0.0256243544301	-0.0260225551631	-0.00552089825795	-0.00809197330675	-0.0875216525859	0.0403230411983	-0.0141884528737	0.0188821853755	0.0279988226142	0.00653427440265	-0.00636216810562	-0.0314642142058	-0.0035104665873	1.0	-0.00761981043412	-0.0138115668841	-0.0037743951724	0.0213983824925	-0.0244289051104	-0.0820734376657	0.027873707575	-0.0346020040344	0.00377267538855	0.0184280593399	-0.0338332445682	0.0327825288888	0.0119450758609	-0.0435515348821	-0.0772694613325	-0.0212295023937	-0.00139368476203	-0.000426634143709	0.0109594445554	-0.027221038876	0.0340192923326	-0.0131203342566	-0.0302335621178	-0.0170591000453	0.00539245313914	0.0213205179031	-0.0126146432597	-0.026271518817	0.0319307671556	-0.0220019154281	-0.0246338275338	0.0326244869817	-0.0195953416095	-0.0188796827153	-0.0185373003611
k__Bacteria;p__Firmicutes;c__Clostridia;o__Clostridiales;f__Oscillospiraceae;g__Oscillibacter;s__Oscillibacter_sp._KLE_1745	-0.0308580310883	-0.010189850196	-0.0113972593114	-0.0340542865523	-0.0369164802981	-0.012316469565	-0.0382408675361	0.0592764004352	0.0352287335124	-0.013460016392	0.0318958946466	0.00695439119272	-0.0276296546941	-0.0465166000623	0.0226731229933	-0.0086075593585	-0.0168174534637	0.0122835594191	-0.0442322440547	0.0127265927073	0.0462257330503	-0.00282285874785	0.0268409702279	-0.00761981043412	1.0	-0.034625506906	0.00390174819166	-0.0116338757189	-0.00815012249462	-0.0138507646673	0.0144327995125	-0.0445669446398	0.0368439107508	0.00295613091326	-0.0517983146301	0.0200457080667	0.0278678168232	-0.00331262940833	-0.0434654425813	-0.0173487600643	0.0431837163716	-0.010282031607	-0.0116019445707	-0.0235013602672	-0.0171891612525	0.0491059341207	-0.0430840742085	-0.00880341027884	-0.0188922508098	-0.0199594061867	0.00831687458401	-0.0467448084611	-0.0417738180106	0.00150507117059	-0.0541098057229	0.0107531743787	-0.032356948528	0.0043970971089	-0.0301684293859
k__Bacteria;p__Bacteroidetes;c__Bacteroidia;o__Bacteroidales;f__Bacteroidaceae;g__Bacteroides;s__Bacteroides_coprophilus	-0.00366650049929	0.0226667289522	0.0220222127582	-0.0382952710509	0.0049408490205	-0.044304717569	-0.0122561427959	-0.0295971265039	-0.0243573531841	-0.00389540501154	0.0462636847404	-0.0265996631392	0.0235315625154	0.0588713378029	0.0167772878477	-0.022356772044	-0.0233761701957	-0.0492112186013	0.00688744356865	-0.0434216765347	0.00219271485137	-0.0136867033787	0.016975333682	-0.0138115668841	-0.034625506906	1.0	0.0397303916078	-0.0656877298855	0.0251447734426	-0.00400655753833	-0.00288594284622	0.0202197145288	-0.04894036238	-0.00694672452632	0.0175151833664	0.00478755431448	0.0370365392147	-0.00941843802821	-0.0112998457044	0.0236706137729	-0.0280139581907	-0.0342744962328	0.00959752777756	0.026716447028	0.0289415602917	-0.028859149048	-0.0357415534051	-0.0457179083445	-0.0717759212228	-0.0348652868095	-0.0248599591817	-0.0148418484824	-0.0279116788934	-0.00314499327639	0.0149459644052	0.030796218885	0.0125524503487	-0.032157867205	-0.0228870893411
k__Bacteria;p__Firmicutes;c__Clostridia;o__Clostridiales;f__Lachnospiraceae;g__Roseburia;s__Roseburia_intestinalis	-0.0238705746531	-0.0226834853895	-0.0133446954619	-0.0400173666538	-0.0134935590822	0.0434309872352	-0.00534918670739	0.0109196902091	0.0407595789797	0.0136325652858	-0.00653418519557	0.0369381321963	-0.00833820189874	0.00289067110321	-0.00273138245688	0.0135970534368	-0.0388884779006	-0.0182075125024	0.036919271052	-0.0611575302125	0.0296288636272	-0.0351649071193	-0.000113301010202	-0.0037743951724	0.00390174819166	0.0397303916078	1.0	-0.016380808587	-0.02547103355	-0.0334969645669	-0.0121247706738	-0.0475735517858	-0.0564599252778	0.00928938943656	0.0016959475884	-0.00726173638284	-0.0307513425181	-0.0444856926845	-0.0435750162863	-0.00411958660017	0.0157409573542	0.00338116266775	0.000457962966113	-0.00450361110869	-0.0167309622941	-0.0759654121688	-0.0237348901513	-0.00841978400047	0.0625003660854	-0.032784561218	-0.0685304297009	0.0152215148429	-0.000356510163563	-0.0108004493771	0.0146361468992	-0.0023250167807	0.0290897025344	0.0113427939746	0.0290780157342
k__Bacteria;p__Firmicutes;c__Clostridia;o__Clostridiales;f__Lachnospiraceae;g__Roseburia;s__Roseburia_hominis	-0.00411879828463	-0.00912641042945	-0.0207513842108	-0.0268601119614	0.00384907147181	-0.00536923665492	-0.0317086481286	0.0362838095246	0.0140816052128	-0.0533800741561	-0.0190523004725	-0.0959532569434	-0.0572514146666	-0.0380892749429	-0.0424849615367	0.0508916376749	0.00750930639956	0.00517435267711	0.0114835364675	-0.0159251340654	0.0125508644666	0.0067816163329	-0.0474997684897	0.0213983824925	-0.0116338757189	-0.0656877298855	-0.016380808587	1.0	0.075210622352	-0.0433232678846	-0.0619558598114	-0.0267669569781	-0.0059363422017	0.0197080477209	5.26001618114e-05	-0.00304214803837	0.019828144032	-0.0336458757557	-0.0267121984494	0.0126470237281	-0.0438083669162	-0.0209440641531	0.0539415436607	0.00210827324866	-0.0141640160409	-0.00654543968081	-0.00789942820269	0.00406890336261	-0.0204650181299	0.0153092708849	0.00756777386845	-0.0758363505907	-0.0186151168391	0.0172117425945	-0.0518681974825	-0.0240745550954	0.0106923575331	0.051687343252	0.0281707378503
k__Bacteria;p__Bacteroidetes;c__Bacteroidia;o__Bacteroidales;f__Porphyromonadaceae;g__Parabacteroides;s__Parabacteroides_johnsonii	0.0396655264937	0.010426854294	-0.0162449553205	0.0435205474511	-0.00501336080991	0.0192971604416	-0.0168147263199	-0.00431192668527	-0.0529186820023	-0.0483909189219	-0.0439413880427	-0.0203537528729	0.0329635848188	-0.00519768029296	-0.0272858976791	-0.00653151258344	-0.00675536031367	-0.0116368972503	-0.0126650720856	-0.0422557143358	0.0452997123241	-0.022953733625	-0.0411799105812	-0.0244289051104	-0.00815012249462	0.0251447734426	-0.02547103355	0.075210622352	1.0	0.00764585335874	-0.0135581533731	-0.00590358313358	-0.0132725141056	0.0159667905958	-0.0190629550053	-0.00738360762731	-0.0650595808156	-0.02314213205	0.00936697574418	-0.0559729117266	0.0321971154066	-0.0171029454691	0.0141117973266	0.0557426251298	0.0221877885973	-0.0193301477287	-0.0521218432695	0.00938206909701	-0.0323031515032	0.0565371038158	-0.012194746355	-0.0126978839426	-0.0520379985612	0.0174115144435	-0.0146786529318	0.00160068780792	-0.0749811388417	-0.0393343965986	-0.00119698475847
k__Bacteria;p__Actinobacteria;c__Actinobacteria;o__Bifidobacteriales;f__Bifidobacteriaceae;g__Bifidobacterium;s__Bifidobacterium_longum	-0.00657117913586	0.0406389898126	-0.0371135134529	-0.0323499772654	-0.0421227052963	-0.00848058602645	-0.0244801551822	0.00633894753543	-0.00477505419393	0.00618825543584	0.016937903232	0.00426760002023	-0.0549295896232	-0.0104281511284	-0.0338996647957	-0.0298850485897	0.00625078288991	-0.0239961683517	-0.0724482955991	0.0252137105634	-0.0382322799739	-0.00271156197612	0.0139155038351	-0.0820734376657	-0.0138507646673	-0.00400655753833	-0.0334969645669	-0.0433232678846	0.00764585335874	1.0	-0.0221869189351	0.0067288351408	0.00935770635376	0.00191219881776	0.0188124739842	-0.0477171592296	0.0094082939085	0.0226407630505	0.0155785112728	0.0769891218569	-0.0542684790674	0.0304130497994	0.0310983747512	0.0632913853973	-0.0373233124655	-0.0376909946649	-0.0395715953535	-0.0532045246573	-0.00866037943861	0.00361123271374	0.00369164617745	0.0683132150561	0.01107533483	-0.00409198867539	0.00705587180856	-0.00029591945434	-0.0283055681276	-0.0110993107482	0.00697894579907
