#taxonomy	k__Bacteria;p__Bacteroidetes;c__Bacteroidia;o__Bacteroidales;f__Bacteroidaceae;g__Bacteroides;s__Bacteroides_vulgatus	k__Bacteria;p__Bacteroidetes;c__Bacteroidia;o__Bacteroidales;f__Bacteroidaceae;g__Bacteroides;s__Bacteroides_uniformis	k__Bacteria;p__Bacteroidetes;c__Bacteroidia;o__Bacteroidales;f__Rikenellaceae;g__Alistipes;s__Alistipes_putredinis	k__Bacteria;p__Bacteroidetes;c__Bacteroidia;o__Bacteroidales;f__Prevotellaceae;g__Prevotella;s__Prevotella_copri	k__Bacteria;p__Bacteroidetes;c__Bacteroidia;o__Bacteroidales;f__Bacteroidaceae;g__Bacteroides;s__Bacteroides_stercoris	k__Bacteria;p__Bacteroidetes;c__Bacteroidia;o__Bacteroidales;f__Bacteroidaceae;g__Bacteroides;s__Bacteroides_ovatus	k__Bacteria;p__Bacteroidetes;c__Bacteroidia;o__Bacteroidales;f__Rikenellaceae;g__Alistipes;s__Alistipes_shahii	k__Bacteria;p__Firmicutes;c__Clostridia;o__Clostridiales;f__Ruminococcaceae;g__Faecalibacterium;s__Faecalibacterium_prausnitzii	k__Bacteria;p__Bacteroidetes;c__Bacteroidia;o__Bacteroidales;f__Rikenellaceae;g__Alistipes;s__Alistipes_finegoldii	k__Bacteria;p__Bacteroidetes;c__Bacteroidia;o__Bacteroidales;f__Porphyromonadaceae;g__Parabacteroides;s__Parabacteroides_distasonis	k__Bacteria;p__Bacteroidetes;c__Bacteroidia;o__Bacteroidales;f__Bacteroidaceae;g__Bacteroides;s__Bacteroides_thetaiotaomicron	k__Bacteria;p__Bacteroidetes;c__Bacteroidia;o__Bacteroidales;f__Bacteroidaceae;g__Bacteroides;s__Bacteroides_coprocola	k__Bacteria;p__Bacteroidetes;c__Bacteroidia;o__Bacteroidales;f__Bacteroidaceae;g__Bacteroides;s__Bacteroides_cellulosilyticus	k__Bacteria;p__Bacteroidetes;c__Bacteroidia;o__Bacteroidales;f__Rikenellaceae;g__Alistipes;s__Alistipes_obesi	k__Bacteria;p__Firmicutes;c__Clostridia;o__Clostridiales;f__Lachnospiraceae;g__;s__[Eubacterium]_rectale	k__Bacteria;p__Bacteroidetes;c__Bacteroidia;o__Bacteroidales;f__Bacteroidaceae;g__Bacteroides;s__Bacteroides_plebeius	k__Bacteria;p__Bacteroidetes;c__Bacteroidia;o__Bacteroidales;f__Bacteroidaceae;g__Bacteroides;s__Bacteroides_fragilis	k__Bacteria;p__Proteobacteria;c__Betaproteobacteria;o__Burkholderiales;f__Sutterellaceae;g__Sutterella;s__Sutterella_wadsworthensis	k__Bacteria;p__Bacteroidetes;c__Bacteroidia;o__Bacteroidales;f__Porphyromonadaceae;g__Barnesiella;s__Barnesiella_intestinihominis	k__Bacteria;p__Bacteroidetes;c__Bacteroidia;o__Bacteroidales;f__Odoribacteraceae;g__Odoribacter;s__Odoribacter_splanchnicus	k__Bacteria;p__Bacteroidetes;c__Bacteroidia;o__Bacteroidales;f__Bacteroidaceae;g__Bacteroides;s__Bacteroides_salyersiae	k__Bacteria;p__Firmicutes;c__Clostridia;o__Clostridiales;f__Ruminococcaceae;g__Ruminiclostridium;s__[Eubacterium]_siraeum	k__Bacteria;p__Proteobacteria;c__Betaproteobacteria;o__Burkholderiales;f__Sutterellaceae;g__Parasutterella;s__Parasutterella_excrementihominis	k__Bacteria;p__Actinobacteria;c__Actinobacteria;o__Bifidobacteriales;f__Bifidobacteriaceae;g__Bifidobacterium;s__Bifidobacterium_adolescentis	k__Bacteria;p__Firmicutes;c__Clostridia;o__Clostridiales;f__Oscillospiraceae;g__Oscillibacter;s__Oscillibacter_sp._KLE_1745	k__Bacteria;p__Bacteroidetes;c__Bacteroidia;o__Bacteroidales;f__Bacteroidaceae;g__Bacteroides;s__Bacteroides_coprophilus	k__Bacteria;p__Firmicutes;c__Clostridia;o__Clostridiales;f__Lachnospiraceae;g__Roseburia;s__Roseburia_intestinalis	k__Bacteria;p__Firmicutes;c__Clostridia;o__Clostridiales;f__Lachnospiraceae;g__Roseburia;s__Roseburia_hominis	k__Bacteria;p__Bacteroidetes;c__Bacteroidia;o__Bacteroidales;f__Porphyromonadaceae;g__Parabacteroides;s__Parabacteroides_johnsonii	k__Bacteria;p__Actinobacteria;c__Actinobacteria;o__Bifidobacteriales;f__Bifidobacteriaceae;g__Bifidobacterium;s__Bifidobacterium_longum	k__Bacteria;p__Firmicutes;c__Clostridia;o__Clostridiales;f__;g__Flavonifractor;s__Flavonifractor_plautii	k__Bacteria;p__Firmicutes;c__Clostridia;o__Clostridiales;f__Clostridiaceae;g__Clostridium;s__Clostridium_phoceensis	k__Bacteria;p__Verrucomicrobia;c__Verrucomicrobiae;o__Verrucomicrobiales;f__Akkermansiaceae;g__Akkermansia;s__Akkermansia_muciniphila	k__Bacteria;p__Bacteroidetes;c__Bacteroidia;o__Bacteroidales;f__Prevotellaceae;g__Paraprevotella;s__Paraprevotella_xylaniphila	k__Bacteria;p__Firmicutes;c__Clostridia;o__Clostridiales;f__Ruminococcaceae;g__Ruminococcus;s__Ruminococcus_callidus	k__Bacteria;p__Bacteroidetes;c__Bacteroidia;o__Bacteroidales;f__Rikenellaceae;g__Alistipes;s__Alistipes_senegalensis	k__Bacteria;p__Firmicutes;c__Clostridia;o__Clostridiales;f__Lachnospiraceae;g__Blautia;s__Blautia_sp._KLE_1732	k__Bacteria;p__Bacteroidetes;c__Bacteroidia;o__Bacteroidales;f__Bacteroidaceae;g__Bacteroides;s__Bacteroides_oleiciplenus	k__Bacteria;p__Firmicutes;c__Clostridia;o__Clostridiales;f__Ruminococcaceae;g__Ruminococcus;s__Ruminococcus_bicirculans	k__Bacteria;p__Bacteroidetes;c__Bacteroidia;o__Bacteroidales;f__Bacteroidaceae;g__Bacteroides;s__Bacteroides_fluxus	k__Bacteria;p__Bacteroidetes;c__Bacteroidia;o__Bacteroidales;f__Prevotellaceae;g__Prevotella;s__Prevotella_stercorea	k__Bacteria;p__Firmicutes;c__Clostridia;o__Clostridiales;f__Lachnospiraceae;g__Dorea;s__Dorea_longicatena	k__Bacteria;p__Firmicutes;c__Clostridia;o__Clostridiales;f__Eubacteriaceae;g__Eubacterium;s__[Eubacterium]_eligens	k__Bacteria;p__Firmicutes;c__Clostridia;o__Clostridiales;f__Ruminococcaceae;g__;s__Ruminococcaceae_bacterium_D16	k__Bacteria;p__Firmicutes;c__Clostridia;o__Clostridiales;f__Lachnospiraceae;g__Coprococcus;s__Coprococcus_comes	k__Bacteria;p__Proteobacteria;c__Gammaproteobacteria;o__Enterobacterales;f__Enterobacteriaceae;g__Escherichia;s__Escherichia_coli	k__Bacteria;p__Firmicutes;c__Clostridia;o__Clostridiales;f__Ruminococcaceae;g__Anaerotruncus;s__Anaerotruncus_colihominis	k__Bacteria;p__Firmicutes;c__Clostridia;o__Clostridiales;f__Lachnospiraceae;g__Blautia;s__Blautia_obeum	k__Bacteria;p__Bacteroidetes;c__Bacteroidia;o__Bacteroidales;f__Odoribacteraceae;g__Odoribacter;s__Odoribacter_laneus	k__Bacteria;p__Firmicutes;c__Clostridia;o__Clostridiales;f__Ruminococcaceae;g__Ruminiclostridium;s__[Clostridium]_leptum	k__Bacteria;p__Bacteroidetes;c__Bacteroidia;o__Bacteroidales;f__Porphyromonadaceae;g__Parabacteroides;s__Parabacteroides_goldsteinii	k__Bacteria;p__Firmicutes;c__Clostridia;o__Clostridiales;f__Lachnospiraceae;g__Anaerostipes;s__Anaerostipes_hadrus	k__Bacteria;p__Firmicutes;c__Clostridia;o__Clostridiales;f__Ruminococcaceae;g__Ruminococcus;s__Ruminococcus_lactaris	k__Bacteria;p__Firmicutes;c__Clostridia;o__Clostridiales;f__Clostridiaceae;g__Clostridium;s__Clostridium_sp._L2-50	k__Bacteria;p__Firmicutes;c__Clostridia;o__Clostridiales;f__Clostridiaceae;g__Clostridium;s__Clostridium_sp._M62/1	k__Bacteria;p__Firmicutes;c__Clostridia;o__Clostridiales;f__;g__Intestinimonas;s__Intestinimonas_butyriciproducens	k__Bacteria;p__Actinobacteria;c__Actinobacteria;o__Bifidobacteriales;f__Bifidobacteriaceae;g__Bifidobacterium;s__Bifidobacterium_bifidum	k__Bacteria;p__Firmicutes;c__Negativicutes;o__Veillonellales;f__Veillonellaceae;g__Dialister;s__Dialister_invisus	k__Bacteria;p__Bacteroidetes;c__Bacteroidia;o__Bacteroidales;f__Bacteroidaceae;g__Bacteroides;s__Bacteroides_salanitronis
k__Bacteria;p__Bacteroidetes;c__Bacteroidia;o__Bacteroidales;f__Bacteroidaceae;g__Bacteroides;s__Bacteroides_vulgatus	1.0	-0.00691726617884	-0.0298218487532	-0.00114490050227	0.0367532645857	-0.0236787841734	-0.0149256420222	-0.0714017308986	-0.00260681207941	-0.0165668862647	-0.0136102596321	0.00366811973425	0.0602197020493	0.0404245251668	-0.0145572568043	-0.0498005591713	-0.0519731284666	0.013659075481	-0.0108927621399	-0.00823042945518	-0.0278081521816	-0.0148027281245	-0.0280968794395	0.0198736647472	0.0372590168678	-0.0177102438906	0.0475634235032	-0.00947256682132	0.000301777862973	-0.0217577772747	-0.0226069414227	-0.0240968677503	-0.0432706244164	0.0394017257618	-0.0216126887262	0.000177738267601	-0.0223073317969	-0.0472686089322	0.0249098407844	0.022563584978	0.026529475693	-0.0155709032279	0.0296613117729	-0.00605180171191	-0.0366123765249	0.00618125542881	-0.0581506579363	0.016334861925	-0.0272690651611	-0.0609448864296	0.00535673244776	-0.0147185969519	0.033245250662	-0.0108985495678	0.0127891743706	-0.0205383382105	0.0505965630038	0.0140000465104	-0.017053442449
k__Bacteria;p__Bacteroidetes;c__Bacteroidia;o__Bacteroidales;f__Bacteroidaceae;g__Bacteroides;s__Bacteroides_uniformis	-0.00691726617884	1.0	-0.0605706775731	-0.0217526147434	-0.0162306819082	0.0499445898646	-0.0415567011094	0.0692545008862	-0.00326216175351	0.00266082488676	0.0122580817836	-0.014875648334	-0.051226335706	0.0291004694076	0.00551484572213	0.0457570873636	0.00511588953348	0.000674264212528	-0.0111255954816	-0.0225012995777	0.0305205796538	0.0174336628336	-8.71868519947e-05	-0.000892868349725	-0.0487668059232	0.0420032032275	-0.0278536902218	-0.0414985432178	-0.0180737846519	-0.0111944357545	0.0295404196761	0.00244439598483	-0.0102130651811	0.000774927816161	0.0131827444946	-0.0162034386519	-0.0197415086527	-0.0286663437767	0.067746065151	-0.0164641358982	0.0197452831172	-0.0479633673457	-0.00994368558871	-0.0222441935026	0.0387151742003	-0.0267562552889	-0.0440494064285	-0.0252588726559	-0.0572621314263	-0.0500350887546	-0.0261841899375	-0.0256535873512	0.0679390342584	-0.0204456375215	0.0523130124035	0.000948015379754	-0.036984806792	0.0236823468335	-0.0695367233595
k__Bacteria;p__Bacteroidetes;c__Bacteroidia;o__Bacteroidales;f__Rikenellaceae;g__Alistipes;s__Alistipes_putredinis	-0.0298218487532	-0.0605706775731	1.0	-0.0144778372588	0.000985266099232	0.0158845123319	-0.0197958540689	-0.0495608196399	-0.0433651435298	-0.037860185649	-0.0536988188672	-0.00227056925691	-0.0179064859539	-0.0174281363632	-0.0230560828068	0.00797888972444	-0.043578673857	0.0714761726235	0.00447212749373	-0.0481633450953	-0.0200481941482	-0.0144572327136	-0.00688185419395	0.0426267777932	0.0283291850739	-0.0126285649142	0.0557033884563	-0.00283984101939	0.022873174395	-0.0253662468622	-0.0422778626066	-0.0167855322265	0.0624348787928	0.00339560798738	-0.0477985787217	0.0324603618581	0.0238792297668	0.0424793557243	-0.0772596263523	-0.0413278264478	0.00267424175584	0.0183264400128	-0.0141893357413	-0.0299674538847	-0.028598158896	0.0609142991124	-0.0356222448121	-0.0263457525579	0.0170996653556	0.0236776524615	-0.00639581738011	0.00393995645936	0.034586064914	0.00446213940737	0.0540353246047	0.00522208202656	-0.000960211167578	0.033007669294	0.017875001738
k__Bacteria;p__Bacteroidetes;c__Bacteroidia;o__Bacteroidales;f__Prevotellaceae;g__Prevotella;s__Prevotella_copri	-0.00114490050227	-0.0217526147434	-0.0144778372588	1.0	-0.0331137989277	0.0215237174521	0.0352710288524	-0.0237906473006	0.0532075843932	-0.0404636026815	-0.0362034072491	-0.00534047908485	-0.0293170054049	0.0189308885859	-0.00162204699146	0.0389557649992	0.0456141063827	-0.0470634291065	-0.010268463816	-0.0447614753959	-0.0462560220837	0.00528158373046	-0.0886031269488	0.0115337882136	-0.020924764918	-0.0477957407909	-0.00478540821119	0.00511220333722	-0.0924794278249	-0.00272872359797	0.00351749069312	-0.0227547508161	-0.0444408793549	-0.0345699738437	-0.0505740692352	0.00641642776914	-0.0499197502796	0.0210645431505	-0.0357803555022	0.0210053428056	0.00182795994032	-0.0324128172016	-0.0412423680261	0.031925895135	0.0216384501585	-0.0305753343846	-0.0242706456024	0.0788156138218	-0.0731934977976	-0.0691038911182	0.0365788094724	-0.0535968068445	0.0634885731299	0.0314912586771	0.0130428346066	-0.0277779991256	-0.0168527973225	-0.0228674732303	-0.0115785022234
k__Bacteria;p__Bacteroidetes;c__Bacteroidia;o__Bacteroidales;f__Bacteroidaceae;g__Bacteroides;s__Bacteroides_stercoris	0.0367532645857	-0.0162306819082	0.000985266099232	-0.0331137989277	1.0	-0.014994611129	0.0161853943891	0.00115025718854	0.0184009552355	-0.0323537085689	0.0612464778078	0.0322040783477	-0.0229339304718	-0.0467605913405	0.0570547791864	-0.0597888249323	-0.0469566218718	-0.00642775840271	0.000859747554523	-0.00161572815771	-0.0727820018168	-0.00818081379339	0.0122454386995	0.00410315852873	-0.0791091145529	0.00382701026489	0.00420048617205	-0.0353169555625	-0.0911036515208	0.007164570346	-0.0736207173678	-0.0512705990196	-0.00330565037329	0.00865518284727	0.0877216338842	-0.00391183523842	-0.00161637842739	-0.0220816783468	-0.0613082427505	0.0352850751851	-0.0216800253296	-0.0358211585783	0.00425313939346	0.0369345842517	-0.00704756723528	0.00350189361739	-0.0101822065099	-0.00822271585052	-0.0151757043458	0.019144222168	-0.0304549107455	0.0373924377564	-0.0279533200226	-0.00647703416114	-0.031975288522	0.0126332761852	-0.0106247053139	0.0412710496511	0.000702370527696
k__Bacteria;p__Bacteroidetes;c__Bacteroidia;o__Bacteroidales;f__Bacteroidaceae;g__Bacteroides;s__Bacteroides_ovatus	-0.0236787841734	0.0499445898646	0.0158845123319	0.0215237174521	-0.014994611129	1.0	-0.0254606702437	-0.0491956116675	0.0127161422064	0.00990500250414	0.0143024441437	0.0321112566359	-0.00915904234589	0.060633346862	-0.00439656864969	-0.0532873083852	0.0398502127356	0.0326755308896	-0.0481028891224	-0.001244991922	-0.0286912169126	0.015587665353	-0.0159134356833	-0.0242490822983	-0.00378513384568	-0.0189172534333	0.0229541920487	-0.00860098244718	-0.0307104257141	0.0182173911685	-0.0302949189455	0.0275248885122	-0.00442683148216	-0.0189355720203	-0.0354549517767	-0.0230956118383	0.0622599818195	-0.000280480636703	-0.00467415001249	-0.0341156005364	-0.00987657198201	-0.000290977243843	0.0580650551348	0.0316826835328	-0.00508568366259	-0.0305849752738	0.00959427131918	0.0494971542167	-0.0320884456611	0.00661881955654	0.0312189422758	-0.0342101332947	-0.00432425542628	-0.0246713514253	-0.0450907453258	0.0133519220067	-0.0302737748735	-0.0138267100652	0.000948909851142
k__Bacteria;p__Bacteroidetes;c__Bacteroidia;o__Bacteroidales;f__Rikenellaceae;g__Alistipes;s__Alistipes_shahii	-0.0149256420222	-0.0415567011094	-0.0197958540689	0.0352710288524	0.0161853943891	-0.0254606702437	1.0	-0.00042243974676	0.0334698505836	-0.0299499767573	0.0118722040402	0.0240140668864	-0.104691464335	-0.0179445401019	0.0434468205527	0.0652451257905	0.039746454336	0.0784524484592	0.0316828216831	-0.0147134229859	0.010763699825	-0.0801911427745	-0.0514314840645	-0.0235029633541	0.0179248815821	-0.0491274224788	0.0154200913694	-0.0196182636547	-0.0312333913707	-0.0120721662981	-0.0358179300737	-0.0267317954212	-0.00731333999289	0.0375960170836	-0.0508018883088	-0.0115872344875	-0.00369604629601	-0.0168498334578	0.0150074777465	-0.0012710750467	0.00438484732693	-0.00755089948103	-0.0387798388377	-0.0240753671503	-0.00668599085487	-0.00979616878129	0.00143236133658	-0.0350891208638	-0.0118030675662	-0.00604655535122	0.0259484476894	0.015115091752	0.0198259218182	-0.00216314128213	-0.0170301711489	0.0206312302348	-0.0390101228003	-0.00991926102704	-0.0160701434711
k__Bacteria;p__Firmicutes;c__Clostridia;o__Clostridiales;f__Ruminococcaceae;g__Faecalibacterium;s__Faecalibacterium_prausnitzii	-0.0714017308986	0.0692545008862	-0.0495608196399	-0.0237906473006	0.00115025718854	-0.0491956116675	-0.00042243974676	1.0	-0.0189632704929	0.0538088085369	-0.0230102488828	-0.0401137555684	-0.0239005756642	0.0163821213879	-0.0297704941864	-0.0300517128404	-0.00566819131494	-0.000553767190206	0.0115482478003	-0.0685037260834	0.0764372224326	-0.0107346728576	-0.00877840934665	-0.0311197122522	-0.0467568461297	0.034244123181	-0.0137273907038	0.0393515036038	0.0279598130526	0.00676529422876	-0.0572746809167	0.0585728673186	-0.0495075231046	0.00171373076763	-0.0289242794244	0.0146592663736	-0.00363824937634	0.0408139641488	0.0171090221356	-0.0301850586946	-0.0283336222333	-0.0150037707329	-0.0086486911205	0.00961950123277	0.011791201161	-0.000879767151816	-0.0232177624909	-0.0390507586474	-0.0116316332932	-0.0393139872214	-0.0110685761884	0.0297484985742	-0.038268219569	-0.0169070344683	0.0722226528756	0.000964601615557	-0.0359610747904	0.00154666874046	0.0453435074159
k__Bacteria;p__Bacteroidetes;c__Bacteroidia;o__Bacteroidales;f__Rikenellaceae;g__Alistipes;s__Alistipes_finegoldii	-0.00260681207941	-0.00326216175351	-0.0433651435298	0.0532075843932	0.0184009552355	0.0127161422064	0.0334698505836	-0.0189632704929	1.0	-0.010014361327	0.01113481026	-0.0393583750232	0.0537861596102	-0.0655729680565	0.0103803869401	-0.0131762913517	-0.0261004014454	-0.00605542676764	-0.0183407054213	-0.00652631677793	0.0198583218594	-0.0491785054063	0.0271127150452	-0.0401528075787	-0.0183120804559	-0.0486960138342	0.0316009067445	-0.0231263513656	0.0200342081983	-0.0747877941171	-0.00411026632319	-0.0201293160339	-0.018526469178	0.0210625439841	-0.0268373955003	0.0605161471867	0.0589764356966	-0.00990132017713	-0.0257302461789	0.0475156897406	-0.0242649067248	0.0133849749529	-0.026897957621	0.00343639454561	0.0483084384051	0.00970036973355	0.0140574781397	0.0051350588515	0.00251964642905	-0.0225187220027	-0.0224452460092	0.0425030700691	0.0272280689356	-0.0205645142726	-0.0472164070442	-0.0250937445217	0.0459686526723	0.00570707326284	-0.0325314908809
k__Bacteria;p__Bacteroidetes;c__Bacteroidia;o__Bacteroidales;f__Porphyromonadaceae;g__Parabacteroides;s__Parabacteroides_distasonis	-0.0165668862647	0.00266082488676	-0.037860185649	-0.0404636026815	-0.0323537085689	0.00990500250414	-0.0299499767573	0.0538088085369	-0.010014361327	1.0	0.0410274115667	0.00532152448097	-0.00139812249455	-0.0359317707449	-0.00575874899385	0.0132703431426	-0.0785209377255	-0.0384477015984	0.0104947412042	0.029128945965	0.00983105753714	-0.00424476462068	0.0183632224249	-0.016279614399	-0.024136798301	-0.0515583087401	0.00065159431477	-0.024615671739	-0.0215471901472	0.0292941349124	-0.0196783744573	0.00299730779408	0.0166988404929	0.000361711233988	-0.0374275979099	0.0336427471707	-0.0126775937044	-0.0286484610461	-0.0537517317421	-0.0095919833816	0.0159823522603	0.0313553956673	-0.034368967431	0.0978952655271	-0.0214994740513	-0.0742340995275	-0.00576963686681	-0.0218188080679	0.0358963830383	-0.00581545127984	0.00944974107469	0.0198003818615	-0.0368871062508	-0.0271416163638	-0.0146155785119	-0.0536083813629	0.00641430518943	-0.0623932119781	-0.0590547564851
k__Bacteria;p__Bacteroidetes;c__Bacteroidia;o__Bacteroidales;f__Bacteroidaceae;g__Bacteroides;s__Bacteroides_thetaiotaomicron	-0.0136102596321	0.0122580817836	-0.0536988188672	-0.0362034072491	0.0612464778078	0.0143024441437	0.0118722040402	-0.0230102488828	0.01113481026	0.0410274115667	1.0	-0.00333000048606	-0.0196411457725	-0.0390562652212	-0.0291022477767	0.0341745757769	-0.00967004957954	-0.0170121449443	-0.0106614518311	-0.0283103767844	0.00807525605765	-0.00231374159873	-0.0192339884184	0.0103503139092	0.0408365056215	0.0811120197692	-0.061852652786	-0.00121769350243	0.0381004263795	-0.0468914618422	-0.0025124258399	0.00417801677572	0.00524332845595	0.00450685490465	0.0497452461279	-0.0140094997675	0.00666873480146	-0.0188418725449	-0.03435904695	-0.0667566879299	0.0425210412106	0.0421561959378	0.031902617351	0.00759331424663	0.0150722829311	-0.0292989855755	0.0291466108209	-0.0719080413007	0.04808883023	-0.0167938762942	-0.0194931884272	-0.0561104119486	0.00436831497979	-0.0209484722817	-0.0183374354057	-0.0319693289622	-0.0692658754439	0.00320696365345	-0.0120834219591
k__Bacteria;p__Bacteroidetes;c__Bacteroidia;o__Bacteroidales;f__Bacteroidaceae;g__Bacteroides;s__Bacteroides_coprocola	0.00366811973425	-0.014875648334	-0.00227056925691	-0.00534047908485	0.0322040783477	0.0321112566359	0.0240140668864	-0.0401137555684	-0.0393583750232	0.00532152448097	-0.00333000048606	1.0	-0.0333522527241	0.033643817808	0.0196707875316	-0.0212931612191	0.0131466032082	-0.0115740419026	-0.0107831009421	-0.0359283009343	0.0449356409822	-0.0508204460191	-0.00358038480637	-0.00680841418739	-0.0441151362982	-0.0401833059485	0.00890357575528	-0.000350216154899	-0.0316255028669	-0.0702028877712	0.0102385645889	-0.0153784018654	0.0413726813053	-0.0579797457051	-0.0149251061914	0.000362946971164	-0.0121582711766	0.00428309326815	0.0345016973911	0.0297736668291	0.0262389993115	-0.0534564361908	0.0112170912643	-0.0309411530939	-0.0176891641751	-0.00666829613989	0.00369410250651	-0.0226442379182	-0.0383146417083	0.0258054777974	-0.00171112926517	-0.0522641342657	0.0251500953995	-0.0216373933446	0.0554928005992	0.0385843885097	-0.0187943473618	-0.0402867289297	0.0232805800586
k__Bacteria;p__Bacteroidetes;c__Bacteroidia;o__Bacteroidales;f__Bacteroidaceae;g__Bacteroides;s__Bacteroides_cellulosilyticus	0.0602197020493	-0.051226335706	-0.0179064859539	-0.0293170054049	-0.0229339304718	-0.00915904234589	-0.104691464335	-0.0239005756642	0.0537861596102	-0.00139812249455	-0.0196411457725	-0.0333522527241	1.0	0.0194232146149	0.0125836086929	-0.0224134058925	-0.0810657635014	-0.0662068686868	0.0119234001023	-0.0152609984218	0.0227895968386	0.00348121131476	0.0677028629595	-0.00377780046182	0.00506800775471	-0.0269519577207	-0.00830525250648	-0.0416458677424	0.0604619223738	0.00737274127336	-0.0757302358951	0.0290582135257	0.0413180486123	-0.000946171942709	0.015250914941	0.0396778355328	-0.0249377045504	-0.0636057117646	-0.0353904501559	0.00729083989665	-0.02813655109	0.0286710670257	0.0183236890288	0.025041225264	-0.00989593057887	-0.00661322949193	-0.0106563017723	-0.00680004088084	0.0325183835512	0.0046423715742	0.0342321323506	0.032213096529	-0.067622071837	0.0187217623898	0.00355301175709	0.0247347016562	-0.0171763976969	-0.0103303475684	-0.0449021830044
k__Bacteria;p__Bacteroidetes;c__Bacteroidia;o__Bacteroidales;f__Rikenellaceae;g__Alistipes;s__Alistipes_obesi	0.0404245251668	0.0291004694076	-0.0174281363632	0.0189308885859	-0.0467605913405	0.060633346862	-0.0179445401019	0.0163821213879	-0.0655729680565	-0.0359317707449	-0.0390562652212	0.033643817808	0.0194232146149	1.0	0.0287522765132	-0.00203434981424	-0.0504485414364	-0.0190417591224	-0.0129586605984	-0.0535230644582	-0.0328750553751	-0.0431759166862	-0.042553919295	-0.0532738205529	-0.0206508502264	-0.0174352824837	0.0364466535675	0.00877196083582	-0.0338808584743	-0.0257282662978	-0.0370550773422	0.0608226894791	-0.0062721080094	-0.0455784588504	-0.0428787142024	-0.0273619620044	0.0200657505945	-0.0785014464549	0.0175056413786	0.0368493697799	-0.0664103023369	-0.0291541244395	0.0225248556381	0.047720409194	0.0118775811058	-0.0230990936313	-0.00727233547253	0.0182023426447	0.00863945831661	-0.015633854328	-0.0160074303023	-0.00646933436385	0.0712852047376	0.00162982143916	0.0052130139921	0.00987741872877	0.042187552351	-0.0775861472455	-0.0488810779212
k__Bacteria;p__Firmicutes;c__Clostridia;o__Clostridiales;f__Lachnospiraceae;g__;s__[Eubacterium]_rectale	-0.0145572568043	0.00551484572213	-0.0230560828068	-0.00162204699146	0.0570547791864	-0.00439656864969	0.0434468205527	-0.0297704941864	0.0103803869401	-0.00575874899385	-0.0291022477767	0.0196707875316	0.0125836086929	0.0287522765132	1.0	-0.0100444957975	-0.000678218400723	0.0199601954006	0.0192993406785	-0.00955905666025	-0.0345896082579	-0.038099362916	-0.0232652036414	0.0266512660956	-0.0135674080627	0.0273862913827	0.0132449909495	0.00383264313678	-0.030710127154	0.0517435869486	0.0103002651311	0.0181958135464	0.0319230934128	-0.061417854087	0.0447993158627	-0.0124355454727	-0.0334787561702	-0.010065972773	0.00861525013275	0.00175004009372	-0.0248352286237	0.00754758635723	-0.0618242173109	-0.0152557856638	0.00269791890255	-0.0360876672382	-0.0283155315901	-0.0231532648753	-0.0237236210883	0.0165380793056	-0.0549554133944	-0.0423127530414	-0.00630468948204	-0.0116940024163	-0.0489063449198	0.0228710301126	-0.0322158821808	-0.0200814786021	-0.0219214526103
k__Bacteria;p__Bacteroidetes;c__Bacteroidia;o__Bacteroidales;f__Bacteroidaceae;g__Bacteroides;s__Bacteroides_plebeius	-0.0498005591713	0.0457570873636	0.00797888972444	0.0389557649992	-0.0597888249323	-0.0532873083852	0.0652451257905	-0.0300517128404	-0.0131762913517	0.0132703431426	0.0341745757769	-0.0212931612191	-0.0224134058925	-0.00203434981424	-0.0100444957975	1.0	0.0268785661058	-0.0472058027599	-0.00466619108009	0.0112062620947	-0.0309891004924	-0.0107471135624	-0.043545898593	0.0211277270787	0.0261674204347	-0.00314536213409	0.0194786401143	-0.0545567281989	0.0111631693602	-0.0117894763159	0.00542983434608	-0.000350164315117	0.0178437132292	0.0216962264164	0.0275058825362	-0.00731562918948	0.00200743947604	-0.00671932421414	-0.0390002981968	-0.0431269315345	-0.0184113211984	-0.0400356048218	0.0173059712737	0.0316616055935	-0.00565763917126	-0.0485465450264	0.0211511754187	-0.0157767030441	-0.000462390171336	-0.0238267615334	-0.0157302203569	-0.0881090151808	0.0279314957771	-0.0146009506617	-0.0416545616061	-0.0320838460782	-0.00232883870467	-0.0115729322863	-0.00139507578065
k__Bacteria;p__Bacteroidetes;c__Bacteroidia;o__Bacteroidales;f__Bacteroidaceae;g__Bacteroides;s__Bacteroides_fragilis	-0.0519731284666	0.00511588953348	-0.043578673857	0.0456141063827	-0.0469566218718	0.0398502127356	0.039746454336	-0.00566819131494	-0.0261004014454	-0.0785209377255	-0.00967004957954	0.0131466032082	-0.0810657635014	-0.0504485414364	-0.000678218400723	0.0268785661058	1.0	0.0442470143121	-0.0550545595294	0.0581477703489	-0.0285493675324	-0.00841612063887	-0.0691952444647	-0.0412997938891	0.0345095070428	-0.00452696817936	-0.0171613083792	-0.0163637323934	-0.0037047829353	-0.0490602187002	0.0022342873225	0.0283133689261	-0.0306665358389	0.0085320374726	-0.0207964986998	0.0217392608377	0.0304974229994	-0.0102371861332	0.0211231598824	-0.00653048537597	0.00893862984246	-0.0492457063551	-0.0235938752835	-0.048173328962	0.0406728306834	-0.0384139801543	-0.0337031601323	0.0552338741006	0.0087373403204	0.01235368263	0.0169835761018	0.0180549315778	-0.0432474367463	-0.0148665323234	-0.0257540359834	0.0133184422423	-0.0583601469012	-0.0419065094843	-0.00026425168329
k__Bacteria;p__Proteobacteria;c__Betaproteobacteria;o__Burkholderiales;f__Sutterellaceae;g__Sutterella;s__Sutterella_wadsworthensis	0.013659075481	0.000674264212528	0.0714761726235	-0.0470634291065	-0.00642775840271	0.0326755308896	0.0784524484592	-0.000553767190206	-0.00605542676764	-0.0384477015984	-0.0170121449443	-0.0115740419026	-0.0662068686868	-0.0190417591224	0.0199601954006	-0.0472058027599	0.0442470143121	1.0	-0.0941771366346	-0.0402095367163	-0.0293034242739	0.0573717905391	0.0312357481238	-0.0334220813384	0.011984357873	-0.040663574812	-0.0153904683978	-0.0113354067054	-0.00814405889466	0.0053178647025	0.00314062681934	-0.0154228020717	0.00866525057456	0.0337158715948	0.0336259372623	-0.0399690751886	-0.0417179889926	-0.0332952691318	0.0306162930917	-0.0324094545329	-0.0123445168857	0.00407924281133	-0.000243394407589	0.0250341911143	-0.0585684014549	0.0134965889495	0.00581069924347	-0.0371322587545	-0.0382534077974	0.0413728886248	0.0850241316651	-0.0807295576463	-0.0399771405902	-0.0656930388648	0.0476076304046	0.0244839080365	-0.0424476560446	0.0617491772771	-0.064748453914
k__Bacteria;p__Bacteroidetes;c__Bacteroidia;o__Bacteroidales;f__Porphyromonadaceae;g__Barnesiella;s__Barnesiella_intestinihominis	-0.0108927621399	-0.0111255954816	0.00447212749373	-0.010268463816	0.000859747554523	-0.0481028891224	0.0316828216831	0.0115482478003	-0.0183407054213	0.0104947412042	-0.0106614518311	-0.0107831009421	0.0119234001023	-0.0129586605984	0.0192993406785	-0.00466619108009	-0.0550545595294	-0.0941771366346	1.0	-0.0728236592173	0.0471751310698	-0.0177581430037	-0.00294650130325	0.0448441258773	-0.0073915023991	-0.00093871728671	-0.0615211885787	0.0152850742564	-0.00588947837182	-0.0256087013086	-0.0452086284061	-0.000113194627294	0.042799284141	-0.0088428687802	-0.00546164358399	-0.0212478423745	0.00901884454534	0.0277495783498	0.00516699197232	-0.0497353798178	0.0323154329188	-0.0747013263321	0.00771099991384	0.0101400812118	0.00212625618411	0.0031592559332	0.0108078093821	0.0386300519997	-0.0256110729177	-0.0523463068031	0.00269906499385	0.0106668928457	-0.0343479791721	-0.0432035190866	-0.0200091398513	0.0425967648968	0.0345520579004	-0.00727784194776	0.0927503515159
k__Bacteria;p__Bacteroidetes;c__Bacteroidia;o__Bacteroidales;f__Odoribacteraceae;g__Odoribacter;s__Odoribacter_splanchnicus	-0.00823042945518	-0.0225012995777	-0.0481633450953	-0.0447614753959	-0.00161572815771	-0.001244991922	-0.0147134229859	-0.0685037260834	-0.00652631677793	0.029128945965	-0.0283103767844	-0.0359283009343	-0.0152609984218	-0.0535230644582	-0.00955905666025	0.0112062620947	0.0581477703489	-0.0402095367163	-0.0728236592173	1.0	0.0242031679241	0.0296162102936	-0.0341654262027	0.00533109822245	0.0328749805051	-0.0744797837595	0.00786540039117	-0.00812522296714	0.0505400520103	0.00562914497602	-0.0344801847607	-0.0332670244915	-0.0140462410829	0.00345422715546	0.0260027422027	0.0354880970709	-0.0162995187738	-0.0195368132197	-0.00464694331303	0.0209328815521	-0.0517692343567	0.0620828367573	-0.0118118300429	-0.0180158543949	0.0112385197876	0.0826148774098	0.02490244622	0.00116166858578	-0.0349339510454	-0.0272273179286	-0.00435309808019	0.0165102839314	-0.0353691463981	-0.0216585418998	0.0316112093577	0.0785738512084	-0.042684652811	0.0142053556331	-0.07890173533
k__Bacteria;p__Bacteroidetes;c__Bacteroidia;o__Bacteroidales;f__Bacteroidaceae;g__Bacteroides;s__Bacteroides_salyersiae	-0.0278081521816	0.0305205796538	-0.0200481941482	-0.0462560220837	-0.0727820018168	-0.0286912169126	0.010763699825	0.0764372224326	0.0198583218594	0.00983105753714	0.00807525605765	0.0449356409822	0.0227895968386	-0.0328750553751	-0.0345896082579	-0.0309891004924	-0.0285493675324	-0.0293034242739	0.0471751310698	0.0242031679241	1.0	0.0268664006357	0.0132891319918	-0.0371729285799	-0.0358599155007	-0.00636266215395	0.00149968948199	0.0914082407798	-0.0414658072047	-0.00962017399381	0.0331321558023	0.00634659183221	-0.0178067083269	-0.0203184979059	-0.00417503023044	-0.0704539546438	-0.0591896647661	-0.0304198693956	0.0358061721433	0.0167287507581	-0.0133449941666	0.0297537347874	0.0035905519824	-0.0513856061581	-0.00187564860971	-0.023276198323	-0.0361898039976	-0.0587370131287	-0.0418403819277	-0.030895219062	-0.0740453210034	-0.0424877923175	-0.0468082350499	-0.0851371688356	-0.00833001698548	0.0148780741569	0.0398498146866	-0.025920161298	-0.0461344158272
k__Bacteria;p__Firmicutes;c__Clostridia;o__Clostridiales;f__Ruminococcaceae;g__Ruminiclostridium;s__[Eubacterium]_siraeum	-0.0148027281245	0.0174336628336	-0.0144572327136	0.00528158373046	-0.00818081379339	0.015587665353	-0.0801911427745	-0.0107346728576	-0.0491785054063	-0.00424476462068	-0.00231374159873	-0.0508204460191	0.00348121131476	-0.0431759166862	-0.038099362916	-0.0107471135624	-0.00841612063887	0.0573717905391	-0.0177581430037	0.0296162102936	0.0268664006357	1.0	0.00331193084724	0.0212183644718	-0.0381650047788	0.0366917756634	0.00819187806981	0.0016343877179	0.0785965020182	0.023413669575	-0.0189864176014	0.00176092712722	0.00903327965236	-0.00736220055065	0.0632590242474	-0.0189850224718	-0.000765917493293	-0.00920155963032	-0.0488960312676	-0.0366197165315	-0.0418237503026	-0.0287375909162	0.0198095165839	0.0290045722001	0.0264240934456	-0.0237539512839	0.0557930043479	0.0136303465478	-0.0801675938718	-0.0181594127389	-0.00760402074837	-0.0579178036536	-0.00880571073791	0.0159695307727	-0.00419612352086	-0.00601481530571	0.00206149710289	0.0509459673741	0.0142908314018
k__Bacteria;p__Proteobacteria;c__Betaproteobacteria;o__Burkholderiales;f__Sutterellaceae;g__Parasutterella;s__Parasutterella_excrementihominis	-0.0280968794395	-8.71868519946e-05	-0.00688185419395	-0.0886031269488	0.0122454386995	-0.0159134356833	-0.0514314840645	-0.00877840934665	0.0271127150452	0.0183632224249	-0.0192339884184	-0.00358038480637	0.0677028629595	-0.042553919295	-0.0232652036414	-0.043545898593	-0.0691952444647	0.0312357481238	-0.00294650130325	-0.0341654262027	0.0132891319918	0.00331193084724	1.0	0.000835493416667	0.0291105831183	-0.0121080391781	-0.0123323974661	0.0276537501784	-0.0506092980624	-0.025669497877	-0.00856188874577	-0.0168890684766	-0.0313804942339	0.009529300847	0.0158441916185	-0.0303880353018	-0.0462450407266	-0.0450960880216	0.0139670999727	0.0201391758483	0.0415495690352	-0.00610781670249	-0.0205564947516	-0.00268894887076	-0.0474833162539	0.00510906137819	0.0626290865204	-0.0815106069012	0.00658778544497	0.016058522828	0.00664860182083	0.0477843076461	0.0107412725895	-0.0476995755841	-0.0331809216848	0.0186326102797	0.0657320777525	-0.0220856616185	0.0182305560816
k__Bacteria;p__Actinobacteria;c__Actinobacteria;o__Bifidobacteriales;f__Bifidobacteriaceae;g__Bifidobacterium;s__Bifidobacterium_adolescentis	0.0198736647472	-0.000892868349725	0.0426267777932	0.0115337882136	0.00410315852873	-0.0242490822983	-0.0235029633541	-0.0311197122522	-0.0401528075787	-0.016279614399	0.0103503139092	-0.00680841418739	-0.00377780046182	-0.0532738205529	0.0266512660956	0.0211277270787	-0.0412997938891	-0.0334220813384	0.0448441258773	0.00533109822245	-0.0371729285799	0.0212183644718	0.000835493416667	1.0	-0.00810573991298	-0.0187860494327	0.0141984786812	0.00126208656571	-0.0139129688652	0.000108722382447	-0.0118332094736	0.0186035561462	0.0301702321959	-0.00793266412493	0.00537591923161	0.0259710464968	0.0254756879487	-0.00751827373723	0.0134214948298	-0.022168004608	-0.018829937204	-0.0307624532086	0.0152168170718	-0.0592557516601	-0.0542372713631	0.0228762688806	0.0323437181114	-0.013180242958	0.0220093466074	0.0308235929826	-0.00245323615378	-0.0039227889267	0.0161739836562	-0.0482254571885	-0.0266151805771	0.031581531562	0.0283322197185	-0.00872687959133	-0.0169193537171
k__Bacteria;p__Firmicutes;c__Clostridia;o__Clostridiales;f__Oscillospiraceae;g__Oscillibacter;s__Oscillibacter_sp._KLE_1745	0.0372590168678	-0.0487668059232	0.0283291850739	-0.020924764918	-0.0791091145529	-0.00378513384568	0.0179248815821	-0.0467568461297	-0.0183120804559	-0.024136798301	0.0408365056215	-0.0441151362982	0.00506800775471	-0.0206508502264	-0.0135674080627	0.0261674204347	0.0345095070428	0.011984357873	-0.0073915023991	0.0328749805051	-0.0358599155007	-0.0381650047788	0.0291105831183	-0.00810573991298	1.0	-0.0422247804077	0.0271998850007	-0.0810024277234	0.124964118638	-0.0110841073977	-0.000978484762985	0.00876533719942	0.0227082191485	-0.0607378792106	-0.0279944028041	-0.0289974149419	-0.047925385133	-0.00933959953649	0.032488944795	0.0054844299783	-0.0406372898225	-0.0416804818887	0.00346759115939	-0.011659845997	-0.0075080196667	-0.0303909304559	0.0194169138463	0.014009570562	0.0141224112666	-0.0397626346728	-0.00837803478891	-0.0245215218115	-0.00190477334898	0.00628847783379	-0.0366918080728	0.0141238074854	0.0182881575587	-0.0271522607866	-0.044472314344
k__Bacteria;p__Bacteroidetes;c__Bacteroidia;o__Bacteroidales;f__Bacteroidaceae;g__Bacteroides;s__Bacteroides_coprophilus	-0.0177102438906	0.0420032032275	-0.0126285649142	-0.0477957407909	0.00382701026489	-0.0189172534333	-0.0491274224788	0.034244123181	-0.0486960138342	-0.0515583087401	0.0811120197692	-0.0401833059485	-0.0269519577207	-0.0174352824837	0.0273862913827	-0.00314536213409	-0.00452696817936	-0.040663574812	-0.00093871728671	-0.0744797837595	-0.00636266215395	0.0366917756634	-0.0121080391781	-0.0187860494327	-0.0422247804077	1.0	-0.0211010178313	0.0257047620331	-0.00864426239158	-0.0269393200845	0.0327559024733	0.00538606838733	0.0048737428943	-0.0373951626499	-0.00984873376694	0.0196504902765	0.0324023778981	-0.0209868545875	-0.0395664181048	-0.041865148124	-0.0278671519904	0.0052529089527	-0.00416553852672	0.0230348880123	0.0164609300251	0.0354033701352	-0.00609622293464	0.0169357212152	-0.0370134291178	0.0244174896884	-0.00635905055341	-0.0149503242659	0.0139927610219	-0.0108415702343	-0.0107429706998	0.0258500799138	-0.000475930084333	-0.0389886871014	0.0127345226157
k__Bacteria;p__Firmicutes;c__Clostridia;o__Clostridiales;f__Lachnospiraceae;g__Roseburia;s__Roseburia_intestinalis	0.0475634235032	-0.0278536902218	0.0557033884563	-0.00478540821119	0.00420048617205	0.0229541920487	0.0154200913694	-0.0137273907038	0.0316009067445	0.00065159431477	-0.061852652786	0.00890357575528	-0.00830525250648	0.0364466535675	0.0132449909495	0.0194786401143	-0.0171613083792	-0.0153904683978	-0.0615211885787	0.00786540039117	0.00149968948199	0.00819187806981	-0.0123323974661	0.0141984786812	0.0271998850007	-0.0211010178313	1.0	0.00342202261933	-0.0328734841479	-0.0163731712294	-0.0301466196185	0.0300168868642	-0.0198681388664	-0.03159040086	-0.0234556645997	0.000759025991071	-0.0551741388958	-0.011075751294	-0.0321190793998	-0.0149366754807	-0.0102169009815	0.00143248504006	-0.0260902394829	-0.0147662140077	-0.0255954588005	-0.0224975644003	0.0313856350243	-0.0341279047503	-0.0523443932244	-0.00894194730396	0.0232650876989	0.00571939402295	-0.0378489364111	0.0586091401165	-0.0284401248252	-0.0427255515767	-0.016107767644	0.0300905125656	-0.0196008689362
k__Bacteria;p__Firmicutes;c__Clostridia;o__Clostridiales;f__Lachnospiraceae;g__Roseburia;s__Roseburia_hominis	-0.00947256682132	-0.0414985432178	-0.00283984101939	0.00511220333722	-0.0353169555625	-0.00860098244718	-0.0196182636547	0.0393515036038	-0.0231263513656	-0.024615671739	-0.00121769350243	-0.000350216154899	-0.0416458677424	0.00877196083582	0.00383264313678	-0.0545567281989	-0.0163637323934	-0.0113354067054	0.0152850742564	-0.00812522296714	0.0914082407798	0.0016343877179	0.0276537501784	0.00126208656571	-0.0810024277234	0.0257047620331	0.00342202261933	1.0	-0.016526834667	0.0450497642515	0.0480651195486	-0.0414783374419	-0.0656375513603	0.00439922719641	0.018755962555	0.0203483568012	-0.0295208735316	0.0163730892803	-0.0338551530185	0.0354362712729	0.000897900769679	-0.0647309574292	0.0628078544805	-0.0058912188381	0.0256170628805	-0.00496026485706	-0.0412937694547	-0.0167207533472	-0.0184243790049	-0.0320560450471	-0.0445744282361	-0.0536137658339	-0.02553709617	-0.0295387112002	0.00954341847053	-0.0260676130404	-0.0298531894943	-0.0184011627581	-0.0149298885577
k__Bacteria;p__Bacteroidetes;c__Bacteroidia;o__Bacteroidales;f__Porphyromonadaceae;g__Parabacteroides;s__Parabacteroides_johnsonii	0.000301777862973	-0.0180737846519	0.022873174395	-0.0924794278249	-0.0911036515208	-0.0307104257141	-0.0312333913707	0.0279598130526	0.0200342081983	-0.0215471901472	0.0381004263795	-0.0316255028669	0.0604619223738	-0.0338808584743	-0.030710127154	0.0111631693602	-0.0037047829353	-0.00814405889466	-0.00588947837182	0.0505400520103	-0.0414658072047	0.0785965020182	-0.0506092980624	-0.0139129688652	0.124964118638	-0.00864426239158	-0.0328734841479	-0.016526834667	1.0	0.0358245604542	-0.0382280017582	0.0115743156954	-0.0177676958899	0.00037947539572	-0.037350186642	0.0548452605864	-0.091359520688	0.0208327783324	-0.0404755470606	0.012507274317	-0.019767806302	-0.0626995154466	-0.0994576858782	0.00803881191408	0.0435175197689	0.00565028345461	-0.037797603954	-0.0128552850505	0.00979832985072	0.00760907042104	0.0359277837741	-0.0737791496624	-0.00388332351383	0.0371114987851	-0.0224202818019	0.0184551355387	-0.0634629391078	0.0548872478543	-0.000312096391196
