#taxonomy	k__Bacteria;p__Bacteroidetes;c__Bacteroidia;o__Bacteroidales;f__Bacteroidaceae;g__Bacteroides;s__Bacteroides_vulgatus	k__Bacteria;p__Bacteroidetes;c__Bacteroidia;o__Bacteroidales;f__Bacteroidaceae;g__Bacteroides;s__Bacteroides_uniformis	k__Bacteria;p__Bacteroidetes;c__Bacteroidia;o__Bacteroidales;f__Rikenellaceae;g__Alistipes;s__Alistipes_putredinis	k__Bacteria;p__Bacteroidetes;c__Bacteroidia;o__Bacteroidales;f__Prevotellaceae;g__Prevotella;s__Prevotella_copri	k__Bacteria;p__Bacteroidetes;c__Bacteroidia;o__Bacteroidales;f__Bacteroidaceae;g__Bacteroides;s__Bacteroides_stercoris	k__Bacteria;p__Bacteroidetes;c__Bacteroidia;o__Bacteroidales;f__Bacteroidaceae;g__Bacteroides;s__Bacteroides_ovatus	k__Bacteria;p__Bacteroidetes;c__Bacteroidia;o__Bacteroidales;f__Rikenellaceae;g__Alistipes;s__Alistipes_shahii	k__Bacteria;p__Firmicutes;c__Clostridia;o__Clostridiales;f__Ruminococcaceae;g__Faecalibacterium;s__Faecalibacterium_prausnitzii	k__Bacteria;p__Bacteroidetes;c__Bacteroidia;o__Bacteroidales;f__Rikenellaceae;g__Alistipes;s__Alistipes_finegoldii	k__Bacteria;p__Bacteroidetes;c__Bacteroidia;o__Bacteroidales;f__Porphyromonadaceae;g__Parabacteroides;s__Parabacteroides_distasonis	k__Bacteria;p__Bacteroidetes;c__Bacteroidia;o__Bacteroidales;f__Bacteroidaceae;g__Bacteroides;s__Bacteroides_thetaiotaomicron	k__Bacteria;p__Bacteroidetes;c__Bacteroidia;o__Bacteroidales;f__Bacteroidaceae;g__Bacteroides;s__Bacteroides_coprocola	k__Bacteria;p__Bacteroidetes;c__Bacteroidia;o__Bacteroidales;f__Bacteroidaceae;g__Bacteroides;s__Bacteroides_cellulosilyticus	k__Bacteria;p__Bacteroidetes;c__Bacteroidia;o__Bacteroidales;f__Rikenellaceae;g__Alistipes;s__Alistipes_obesi	k__Bacteria;p__Firmicutes;c__Clostridia;o__Clostridiales;f__Lachnospiraceae;g__;s__[Eubacterium]_rectale	k__Bacteria;p__Bacteroidetes;c__Bacteroidia;o__Bacteroidales;f__Bacteroidaceae;g__Bacteroides;s__Bacteroides_plebeius	k__Bacteria;p__Bacteroidetes;c__Bacteroidia;o__Bacteroidales;f__Bacteroidaceae;g__Bacteroides;s__Bacteroides_fragilis	k__Bacteria;p__Proteobacteria;c__Betaproteobacteria;o__Burkholderiales;f__Sutterellaceae;g__Sutterella;s__Sutterella_wadsworthensis	k__Bacteria;p__Bacteroidetes;c__Bacteroidia;o__Bacteroidales;f__Porphyromonadaceae;g__Barnesiella;s__Barnesiella_intestinihominis	k__Bacteria;p__Bacteroidetes;c__Bacteroidia;o__Bacteroidales;f__Odoribacteraceae;g__Odoribacter;s__Odoribacter_splanchnicus	k__Bacteria;p__Bacteroidetes;c__Bacteroidia;o__Bacteroidales;f__Bacteroidaceae;g__Bacteroides;s__Bacteroides_salyersiae	k__Bacteria;p__Firmicutes;c__Clostridia;o__Clostridiales;f__Ruminococcaceae;g__Ruminiclostridium;s__[Eubacterium]_siraeum	k__Bacteria;p__Proteobacteria;c__Betaproteobacteria;o__Burkholderiales;f__Sutterellaceae;g__Parasutterella;s__Parasutterella_excrementihominis	k__Bacteria;p__Actinobacteria;c__Actinobacteria;o__Bifidobacteriales;f__Bifidobacteriaceae;g__Bifidobacterium;s__Bifidobacterium_adolescentis	k__Bacteria;p__Firmicutes;c__Clostridia;o__Clostridiales;f__Oscillospiraceae;g__Oscillibacter;s__Oscillibacter_sp._KLE_1745	k__Bacteria;p__Bacteroidetes;c__Bacteroidia;o__Bacteroidales;f__Bacteroidaceae;g__Bacteroides;s__Bacteroides_coprophilus	k__Bacteria;p__Firmicutes;c__Clostridia;o__Clostridiales;f__Lachnospiraceae;g__Roseburia;s__Roseburia_intestinalis	k__Bacteria;p__Firmicutes;c__Clostridia;o__Clostridiales;f__Lachnospiraceae;g__Roseburia;s__Roseburia_hominis	k__Bacteria;p__Bacteroidetes;c__Bacteroidia;o__Bacteroidales;f__Porphyromonadaceae;g__Parabacteroides;s__Parabacteroides_johnsonii	k__Bacteria;p__Actinobacteria;c__Actinobacteria;o__Bifidobacteriales;f__Bifidobacteriaceae;g__Bifidobacterium;s__Bifidobacterium_longum	k__Bacteria;p__Firmicutes;c__Clostridia;o__Clostridiales;f__;g__Flavonifractor;s__Flavonifractor_plautii	k__Bacteria;p__Firmicutes;c__Clostridia;o__Clostridiales;f__Clostridiaceae;g__Clostridium;s__Clostridium_phoceensis	k__Bacteria;p__Verrucomicrobia;c__Verrucomicrobiae;o__Verrucomicrobiales;f__Akkermansiaceae;g__Akkermansia;s__Akkermansia_muciniphila	k__Bacteria;p__Bacteroidetes;c__Bacteroidia;o__Bacteroidales;f__Prevotellaceae;g__Paraprevotella;s__Paraprevotella_xylaniphila	k__Bacteria;p__Firmicutes;c__Clostridia;o__Clostridiales;f__Ruminococcaceae;g__Ruminococcus;s__Ruminococcus_callidus	k__Bacteria;p__Bacteroidetes;c__Bacteroidia;o__Bacteroidales;f__Rikenellaceae;g__Alistipes;s__Alistipes_senegalensis	k__Bacteria;p__Firmicutes;c__Clostridia;o__Clostridiales;f__Lachnospiraceae;g__Blautia;s__Blautia_sp._KLE_1732	k__Bacteria;p__Bacteroidetes;c__Bacteroidia;o__Bacteroidales;f__Bacteroidaceae;g__Bacteroides;s__Bacteroides_oleiciplenus	k__Bacteria;p__Firmicutes;c__Clostridia;o__Clostridiales;f__Ruminococcaceae;g__Ruminococcus;s__Ruminococcus_bicirculans	k__Bacteria;p__Bacteroidetes;c__Bacteroidia;o__Bacteroidales;f__Bacteroidaceae;g__Bacteroides;s__Bacteroides_fluxus	k__Bacteria;p__Bacteroidetes;c__Bacteroidia;o__Bacteroidales;f__Prevotellaceae;g__Prevotella;s__Prevotella_stercorea	k__Bacteria;p__Firmicutes;c__Clostridia;o__Clostridiales;f__Lachnospiraceae;g__Dorea;s__Dorea_longicatena	k__Bacteria;p__Firmicutes;c__Clostridia;o__Clostridiales;f__Eubacteriaceae;g__Eubacterium;s__[Eubacterium]_eligens	k__Bacteria;p__Firmicutes;c__Clostridia;o__Clostridiales;f__Ruminococcaceae;g__;s__Ruminococcaceae_bacterium_D16	k__Bacteria;p__Firmicutes;c__Clostridia;o__Clostridiales;f__Lachnospiraceae;g__Coprococcus;s__Coprococcus_comes	k__Bacteria;p__Proteobacteria;c__Gammaproteobacteria;o__Enterobacterales;f__Enterobacteriaceae;g__Escherichia;s__Escherichia_coli	k__Bacteria;p__Firmicutes;c__Clostridia;o__Clostridiales;f__Ruminococcaceae;g__Anaerotruncus;s__Anaerotruncus_colihominis	k__Bacteria;p__Firmicutes;c__Clostridia;o__Clostridiales;f__Lachnospiraceae;g__Blautia;s__Blautia_obeum	k__Bacteria;p__Bacteroidetes;c__Bacteroidia;o__Bacteroidales;f__Odoribacteraceae;g__Odoribacter;s__Odoribacter_laneus	k__Bacteria;p__Firmicutes;c__Clostridia;o__Clostridiales;f__Ruminococcaceae;g__Ruminiclostridium;s__[Clostridium]_leptum	k__Bacteria;p__Bacteroidetes;c__Bacteroidia;o__Bacteroidales;f__Porphyromonadaceae;g__Parabacteroides;s__Parabacteroides_goldsteinii	k__Bacteria;p__Firmicutes;c__Clostridia;o__Clostridiales;f__Lachnospiraceae;g__Anaerostipes;s__Anaerostipes_hadrus	k__Bacteria;p__Firmicutes;c__Clostridia;o__Clostridiales;f__Ruminococcaceae;g__Ruminococcus;s__Ruminococcus_lactaris	k__Bacteria;p__Firmicutes;c__Clostridia;o__Clostridiales;f__Clostridiaceae;g__Clostridium;s__Clostridium_sp._L2-50	k__Bacteria;p__Firmicutes;c__Clostridia;o__Clostridiales;f__Clostridiaceae;g__Clostridium;s__Clostridium_sp._M62/1	k__Bacteria;p__Firmicutes;c__Clostridia;o__Clostridiales;f__;g__Intestinimonas;s__Intestinimonas_butyriciproducens	k__Bacteria;p__Actinobacteria;c__Actinobacteria;o__Bifidobacteriales;f__Bifidobacteriaceae;g__Bifidobacterium;s__Bifidobacterium_bifidum	k__Bacteria;p__Firmicutes;c__Negativicutes;o__Veillonellales;f__Veillonellaceae;g__Dialister;s__Dialister_invisus	k__Bacteria;p__Bacteroidetes;c__Bacteroidia;o__Bacteroidales;f__Bacteroidaceae;g__Bacteroides;s__Bacteroides_salanitronis
k__Bacteria;p__Bacteroidetes;c__Bacteroidia;o__Bacteroidales;f__Bacteroidaceae;g__Bacteroides;s__Bacteroides_vulgatus	1.0	0.0603262330322	-0.0120691737635	0.0607462938104	-0.0167133957652	-0.00132149825101	0.0151227592931	0.00611427639401	-0.0259205184761	-0.0373205976387	-0.0104739722912	-0.0486151534376	-0.0504434972063	0.019313705876	0.0357686230181	-0.0131104845429	0.0114719976551	0.0116358021191	0.0137743726598	-0.0317884306025	-0.00117536991129	0.0326484615957	-7.57925232202e-05	-0.0452306892953	-0.0269841828215	-0.028361186014	-0.0369122935611	-0.0230596637089	-0.0650758905768	0.0127713147297	-0.000644424000888	0.0266945041668	0.0229710340484	0.0236662334927	-0.0141189914952	0.0412833726161	0.0380466138579	-0.0464505807579	-0.0177680465911	-0.00479100103234	-0.0360536912839	-0.0153200791193	-0.0157829752516	-0.0231460717711	-0.0665031984066	-0.0250777313693	-0.0587889946055	-0.0631767885183	-0.0242360157359	-0.0123181179847	0.00790418541937	0.0363763017062	-0.031990713565	-0.0071212954647	0.0545826079272	-0.0652688275564	0.041304537868	-0.0327299453403	0.0319765888289
k__Bacteria;p__Bacteroidetes;c__Bacteroidia;o__Bacteroidales;f__Bacteroidaceae;g__Bacteroides;s__Bacteroides_uniformis	0.0603262330322	1.0	-0.0216623069587	-0.00787265966223	-0.000629066707534	-0.0100983700908	-0.0588022049373	-0.021331485933	-0.0884949885939	0.0567480345681	0.00511043273364	0.0164149043517	0.0220623727636	0.020794250031	-0.00940042944075	-0.0785575726007	0.0218547754931	0.048734180406	0.00796770237904	-0.020449523995	-0.0414187996793	-0.0249499866036	-0.000671851449802	-0.0184671096682	-0.00216812243252	-0.0658451737885	-0.0220951408365	-0.023603593308	-0.0118913737352	0.00116533398583	0.00929829131279	-0.0275941692876	0.0124595927422	0.00879595952423	0.0127633995274	-0.0173379706177	-0.0712524307652	-0.0464419899697	-0.0126535299538	-0.00766114627865	0.0534651920581	-0.0332202762684	-0.0752586204474	0.0336159624334	-0.0135247503621	0.0445966478774	-0.0057269465076	-0.0107127367611	-0.0373932514628	0.0212296716842	0.00255744251248	0.0104718678611	-0.00171714864679	-0.0169434541824	0.0364124483345	0.0605829951344	-0.0278429516348	0.0152300492526	-0.0217989909802
k__Bacteria;p__Bacteroidetes;c__Bacteroidia;o__Bacteroidales;f__Rikenellaceae;g__Alistipes;s__Alistipes_putredinis	-0.0120691737635	-0.0216623069587	1.0	-0.0159525655416	-0.0115264231586	-0.0606599745207	-0.018028306477	-0.0187119108774	-0.0197597269854	-0.00110290342768	0.0128236777545	-0.0293467856044	-0.0541721814447	-0.0273630473803	0.0158531596253	-0.0322946917993	0.00439686167632	-0.0555313347823	-0.0139143682144	-0.0065729106525	-0.0647981266753	-0.00484918129304	-0.0263609411369	-0.0255572376081	0.0207557695956	0.049959597278	-0.005270609077	0.00570802335619	-0.0127963204939	-0.0532708500714	0.0175000852339	0.00864386859515	-0.0200171819518	-0.0482694294737	0.0213135216896	0.0237351522973	-0.0117149911256	-0.0713204581912	-0.0919044075774	0.0356639241734	-0.0565292164693	0.00374451244558	0.0300942965387	-0.014880287822	0.0682403276671	0.0198444820638	-0.010538449276	-0.0362939840344	0.00108568492955	-0.00810370089227	-0.0228302796025	0.0418711617325	0.0221454154843	-0.0193597837799	0.0109922495081	-0.00898867673603	0.0553885608467	0.0202478640953	-0.0669511871743
k__Bacteria;p__Bacteroidetes;c__Bacteroidia;o__Bacteroidales;f__Prevotellaceae;g__Prevotella;s__Prevotella_copri	0.0607462938104	-0.00787265966223	-0.0159525655416	1.0	-0.00173010718872	-0.0179682748215	-0.00441357173807	0.011058897631	0.0659541119621	-0.0248819624048	-0.00976767684387	-0.0310198621581	-0.0642766274717	-0.0137888269145	-0.0558213873231	-0.0708539242164	-0.0144397915011	-0.0383834762666	-0.0246657582496	0.0331199233943	-0.0279791448724	0.0298731290542	0.0248080320365	-0.0553845819454	-0.00540952570549	-0.0316118846472	0.0233357667609	-0.0267646152454	-0.0495376319341	0.0141453414407	-0.00566976672626	-0.0290180974086	0.0457812412316	-0.0456485031518	-0.0159184826554	0.0287202391633	0.0517251114662	-0.083494451191	-0.0181304279997	0.03146505388	0.00167058409885	-0.0134003636645	-0.0235831877518	-0.017204515151	-0.0188277456525	-0.115522441233	0.0425395911171	0.040619716637	-0.0241189194413	0.00443049920833	-0.0363553869175	-0.0516166269125	0.0106942389711	-0.0489061527557	0.0123482772041	-0.0636107593878	0.00240350191316	0.0432577921973	-0.0206962415006
k__Bacteria;p__Bacteroidetes;c__Bacteroidia;o__Bacteroidales;f__Bacteroidaceae;g__Bacteroides;s__Bacteroides_stercoris	-0.0167133957652	-0.000629066707534	-0.0115264231586	-0.00173010718872	1.0	0.0361373592387	0.000977256051679	-0.0123892538178	-0.0418889314747	0.0174634152593	0.0248676789489	-0.024491218666	-0.0333408921798	-0.0171618592677	-0.0326626165015	0.0392862893277	-0.0302333376214	-0.0717525402605	0.0102973973091	-0.0362814145646	0.0805366793798	-0.0336729024857	0.00314941090772	0.0306405023746	0.0196940615845	-0.0147465019959	-0.0615685118054	-0.0194361098911	-0.00430443006622	-0.00371972131007	-0.0328348807558	0.00416407340318	-0.00766456529674	-0.0695469917105	0.0287718469433	-0.00983652848744	-0.0429928009705	-0.028270524122	0.027587396708	0.00528353924444	-0.0376247014237	0.0516040725261	-0.0308238220675	-0.0319215125739	0.0179244940749	-0.0783945395609	-0.019974228924	-0.0139311835521	0.0183569319669	0.000245101675775	-0.0450267649966	0.0186986463938	0.0395287194835	0.0215697235732	-0.0155266010542	0.00171361347272	-0.0247829278948	-0.000901927864685	-0.00445641388987
k__Bacteria;p__Bacteroidetes;c__Bacteroidia;o__Bacteroidales;f__Bacteroidaceae;g__Bacteroides;s__Bacteroides_ovatus	-0.00132149825101	-0.0100983700908	-0.0606599745207	-0.0179682748215	0.0361373592387	1.0	-0.00241228080165	-0.0273422525563	0.0226834627905	-0.0270913375648	-0.0556039920454	-0.0173072990043	0.0247441661823	0.018052990885	-0.00202974892933	-0.0476026385373	-0.00111107058054	-0.0544120591243	0.00262897635499	0.0630653736164	-0.00842903148122	-0.0275673616517	0.0127473798445	-0.0331817177657	0.0584866683095	-0.0271799092074	-0.0425791929634	-0.0314762587083	0.0585884807801	-0.0259902495026	-0.00532273210074	0.00919934539522	-0.00964591124768	0.03852896672	-0.0523709697045	-0.0497081553343	-0.00758690905153	0.00114655078271	-0.0168906502757	-0.00246524478111	-0.0152385321532	0.00952561255623	-0.00992091420572	-0.0336382569093	-0.0220758783303	-0.031690723389	-0.0442186392482	-0.0443824146813	-0.0620207206158	0.0487255767232	-0.0646043124736	-0.00331649983916	0.0266466738053	0.0147382787893	-0.0570951977499	-0.0145053987624	0.0176100784937	-0.0672812334719	0.0175941090815
k__Bacteria;p__Bacteroidetes;c__Bacteroidia;o__Bacteroidales;f__Rikenellaceae;g__Alistipes;s__Alistipes_shahii	0.0151227592931	-0.0588022049373	-0.018028306477	-0.00441357173807	0.000977256051679	-0.00241228080165	1.0	-0.00585745429224	0.034267607349	-0.0412614954022	-0.0709174594842	-0.0370601274289	-0.0386516477406	-0.0057708038462	-0.0148521234094	0.0415809167964	0.0157028324244	-0.0278416762481	-0.0279757873768	-0.0337542883323	-0.0693997214733	-0.0221635609848	0.0339308503185	0.014815343174	0.0267025680491	0.0115626961071	0.0124641820139	-0.0169322471071	-0.0539113230772	0.037303800414	-0.0178291538421	0.0331026638882	0.0148913891961	-0.0462510832619	0.0198636970816	0.03578000777	0.0477512510664	0.0345256796829	-0.0117160132992	0.00633686708149	0.0218820952521	-0.0114434083545	-0.000968711231871	-0.00672746981742	0.0166272275703	-0.0078221184994	0.0166862903894	-0.0352279188372	0.0241877795775	0.0253217949689	0.0128036831104	0.00227497153393	-0.0598500843168	-0.0693074428098	-0.0279141400043	0.0336604633476	-0.0701962605758	-0.0343966413096	0.00301001212795
k__Bacteria;p__Firmicutes;c__Clostridia;o__Clostridiales;f__Ruminococcaceae;g__Faecalibacterium;s__Faecalibacterium_prausnitzii	0.00611427639401	-0.021331485933	-0.0187119108774	0.011058897631	-0.0123892538178	-0.0273422525563	-0.00585745429224	1.0	-0.00209640497265	0.00521445081273	-0.00409576447834	-0.0511903008941	0.0352570520025	0.016218830733	-0.0335012591856	0.00994229721122	0.0144225672536	0.0203339297881	0.0395773551053	-0.0227943732883	0.0114921755152	0.0091831039352	-0.0505851996671	-0.00216284285869	0.00322244031585	-0.0298626141631	0.0235187163423	0.044516055448	-0.0722774131036	-0.0120027533532	0.000306244236647	-0.0175844136563	-0.0031734070603	-0.0376919788535	0.0225658835265	-0.0292050971381	-0.0329836334168	0.0132650087518	0.0287435511676	0.0164970520427	-0.0102029638428	0.0222756151089	-0.0104480551888	0.00522771077363	0.0410735803155	-0.0354481472395	-0.014078647934	0.0742143291422	-0.0276912730989	-0.00204791673682	0.0161379156397	-0.0345206712389	0.0192529026636	-0.0583037472448	-0.00761637458506	-0.00339886537064	0.00598493622588	-0.0478931092651	0.0141052635249
k__Bacteria;p__Bacteroidetes;c__Bacteroidia;o__Bacteroidales;f__Rikenellaceae;g__Alistipes;s__Alistipes_finegoldii	-0.0259205184761	-0.0884949885939	-0.0197597269854	0.0659541119621	-0.0418889314747	0.0226834627905	0.034267607349	-0.00209640497265	1.0	-0.0257796055336	-0.0623345205902	0.050608775876	-0.0477335120237	-0.0263411352799	-0.000968191190874	-0.0458530810122	-0.0311077149195	0.0100113622613	0.0154411697693	0.00395698239121	-0.0271698188003	0.0173530394447	0.0515495390802	-0.0438360077427	0.0344399000721	0.0168172593148	-0.0658516274718	-0.0508135275585	-0.0384464462086	-0.00691751547072	-0.0460485571935	0.0442314376535	-0.00751166556262	-0.0239095191623	-0.00934959929883	-0.000475934321494	0.0470682605445	0.0212305799969	0.0134519522889	-0.112924508722	0.00294865548401	-0.0143953015415	-0.0632740361188	0.0140978627884	0.0228882049623	0.0383551873893	-0.010273622537	-0.0539688974232	-0.0328677321553	-0.0192855774798	0.0646236741251	-0.0204735694177	-0.00321256365108	-0.0248721931297	0.0216883587794	-0.0243930595104	-0.00704778772679	-0.0328180180819	0.0570551711391
k__Bacteria;p__Bacteroidetes;c__Bacteroidia;o__Bacteroidales;f__Porphyromonadaceae;g__Parabacteroides;s__Parabacteroides_distasonis	-0.0373205976387	0.0567480345681	-0.00110290342768	-0.0248819624048	0.0174634152593	-0.0270913375648	-0.0412614954022	0.00521445081273	-0.0257796055336	1.0	0.0123412356139	-0.0154708405265	0.00405357159861	-0.0265733209858	0.0179207861154	0.039406599787	0.0299307550383	-0.00926595608929	-0.00290016174643	-0.0324272061312	-0.0223931347925	-0.0620890376185	0.016266627317	0.0191549927771	-0.0857386950671	-0.0829455741948	-0.0320525971884	0.0574661810983	-0.0457523403192	0.0307816028793	-0.00309799413417	0.0132438556175	0.00787000633242	-0.00886192904302	0.00686212163574	-0.0752386646654	-0.00684710168127	-0.026551755629	0.0135736055174	0.00359959921465	0.00959390703273	-0.038204705062	-0.00101076105499	0.0228153588113	0.0355367500538	0.0242890185901	-0.0582022537247	-0.0142787806806	0.0428026030059	0.0253494591028	0.0108345771568	-0.00914259926929	0.0223176101477	-0.030096817098	0.0198468699292	0.0121535352052	-0.000815495887237	-0.0228048999588	0.00121356540689
k__Bacteria;p__Bacteroidetes;c__Bacteroidia;o__Bacteroidales;f__Bacteroidaceae;g__Bacteroides;s__Bacteroides_thetaiotaomicron	-0.0104739722912	0.00511043273364	0.0128236777545	-0.00976767684387	0.0248676789489	-0.0556039920454	-0.0709174594842	-0.00409576447834	-0.0623345205902	0.0123412356139	1.0	0.0120689885945	0.0268174918213	0.00785263270419	-0.00411301949152	0.00342017153818	-0.018482158522	-0.0052164687662	-0.00670365853655	-0.0457348707655	-0.0243849266837	-0.0360434683962	-0.0594049560657	-0.0222544294744	-0.0489068498886	0.0330626982203	0.0114168416288	-0.0123865271306	-0.0201183566311	-0.0395924827938	-0.00951176248828	0.0167252783657	-0.0562403326668	-0.0245924613302	-0.0335647161904	-0.0116543956697	-0.0652823837466	-0.0347625619256	0.00176543393885	0.0500957818923	-0.00700229038778	0.0116202130543	0.0601410698435	0.0142738464598	-0.0120329651221	-0.00166337739151	0.0168763573839	0.0284784136476	0.0901320113224	-0.0386033525467	-0.00891507697269	0.00734681994713	-0.016958914227	0.0132295428648	0.0259390073923	0.0189262753976	0.0395755894394	-0.00941474724352	-0.0180711017087
k__Bacteria;p__Bacteroidetes;c__Bacteroidia;o__Bacteroidales;f__Bacteroidaceae;g__Bacteroides;s__Bacteroides_coprocola	-0.0486151534376	0.0164149043517	-0.0293467856044	-0.0310198621581	-0.024491218666	-0.0173072990043	-0.0370601274289	-0.0511903008941	0.050608775876	-0.0154708405265	0.0120689885945	1.0	-0.0417944811509	-0.0309966248671	-0.0216056733725	-0.0482634735909	0.00203381596985	0.00828820415702	-0.0398552637041	-0.0202681998864	-0.00506076684109	-0.0197537162714	-0.0256740532432	0.0435016522212	0.0158607834683	-0.00595709922141	-0.0630977272383	0.00284083365127	-0.0400820465389	-0.000175699019532	0.0752252184421	0.0288875907747	-0.00737406164694	-0.0517302472688	-0.0503796703244	-0.0150765937268	0.0198793076368	0.020540600129	-0.0121558796644	0.0225109178852	0.014557662874	0.0188663462252	-0.0156888054781	-0.0238278282077	-0.0466000002592	-0.0171201738832	0.0192642109099	-0.0213490348383	-0.0645390838845	-0.0459428833338	-0.0161229887552	0.0239131134512	-0.0144744572818	0.00795650809208	0.024857467933	-0.0167418499567	0.0322084539302	-0.0269489017458	-0.0191024927125
k__Bacteria;p__Bacteroidetes;c__Bacteroidia;o__Bacteroidales;f__Bacteroidaceae;g__Bacteroides;s__Bacteroides_cellulosilyticus	-0.0504434972063	0.0220623727636	-0.0541721814447	-0.0642766274717	-0.0333408921798	0.0247441661823	-0.0386516477406	0.0352570520025	-0.0477335120237	0.00405357159861	0.0268174918213	-0.0417944811509	1.0	0.0120502781792	0.00451302809906	0.0583623827507	0.0355849444647	0.0254992380167	-0.0438589619497	0.00735147022557	-0.0429459554679	-0.0145883900896	0.0222201218892	-0.02894158912	-0.0133043710885	0.0292342706294	-0.0281145514742	-0.00518880634627	0.0293915481038	0.00587663038243	0.0288655012079	0.0345843520031	0.00928756461724	-0.0364742746255	-0.082424409761	-0.00491429677603	0.0151896773265	0.048526867555	-0.0250258380672	0.0465672526736	-0.0222573995577	-0.0330522996517	0.00351163128611	-0.0195925945587	-0.0276771353518	-0.0169135089314	-0.099400218895	0.0314410555438	-0.025652719151	-0.0545366272937	0.0123557690481	0.0198599949691	-0.0157614963894	-0.0358045279387	-0.0329355087629	-0.0541400018157	-0.00830824749175	0.0238452076686	0.0104059419846
k__Bacteria;p__Bacteroidetes;c__Bacteroidia;o__Bacteroidales;f__Rikenellaceae;g__Alistipes;s__Alistipes_obesi	0.019313705876	0.020794250031	-0.0273630473803	-0.0137888269145	-0.0171618592677	0.018052990885	-0.0057708038462	0.016218830733	-0.0263411352799	-0.0265733209858	0.00785263270419	-0.0309966248671	0.0120502781792	1.0	0.0428449201385	0.00844780488232	-0.0406345749551	0.0467143492267	0.016571755282	-0.0320669121383	-0.0384902831916	-0.0644627408946	-0.0286610067197	-0.019332600927	0.00456625006825	0.00224325100477	0.00762822461524	-0.0295506753918	-0.0360253475333	-0.0365422878663	-0.0326365636582	0.0120831008898	0.000291225774587	-0.0436585377477	-0.0421521002346	-0.0235767634313	-0.00418475759858	0.0196483280423	-0.00426883651	-0.00175061979768	0.0218350434233	0.0140982523633	0.00449293686002	-0.020785017123	0.0144389395833	-0.0319402712196	0.00569787936514	0.00316849858873	0.000590509045568	-0.0218310696087	-0.00225630853686	0.00207665770192	-0.0239860349175	0.0131459787834	-0.0102159387699	0.0064968911305	0.043063636999	-0.0157412393827	0.0565770404187
k__Bacteria;p__Firmicutes;c__Clostridia;o__Clostridiales;f__Lachnospiraceae;g__;s__[Eubacterium]_rectale	0.0357686230181	-0.00940042944075	0.0158531596253	-0.0558213873231	-0.0326626165015	-0.00202974892933	-0.0148521234094	-0.0335012591856	-0.000968191190874	0.0179207861154	-0.00411301949152	-0.0216056733725	0.00451302809906	0.0428449201385	1.0	0.014684952043	0.0116680602508	0.0155870514374	-0.0474949218318	-0.02456147691	-0.0617988775265	0.0103320454112	0.028919066492	0.000667410431065	0.0062152521533	-0.0320351341188	0.0339262385879	-0.0264697547461	0.0144398471563	0.0071919215194	-0.0144814425283	-0.00918467628829	0.0225223500594	-0.0136743115735	-0.0173445178346	-0.0441978461594	-0.0206583550861	0.0231708474001	-0.00734809712904	-0.00737729442419	-0.0192809569678	-0.00334924620878	0.00719140251315	0.0158794163257	0.0161524109142	0.00231601171572	0.00748864450548	-0.0214915208446	0.0181091471447	0.0242521662081	0.0310089239732	0.0608238394442	-0.0294851616227	0.0101100246023	0.0261363889509	-0.0330198895162	0.0214951840515	0.0294259998667	0.00331838066014
k__Bacteria;p__Bacteroidetes;c__Bacteroidia;o__Bacteroidales;f__Bacteroidaceae;g__Bacteroides;s__Bacteroides_plebeius	-0.0131104845429	-0.0785575726007	-0.0322946917993	-0.0708539242164	0.0392862893277	-0.0476026385373	0.0415809167964	0.00994229721122	-0.0458530810122	0.039406599787	0.00342017153818	-0.0482634735909	0.0583623827507	0.00844780488232	0.014684952043	1.0	-0.00611317095813	-0.0399328266868	-0.0151908186543	-0.0423428633703	0.0224916493606	0.010967574431	-0.0153264456714	-0.00488424239069	0.0182491143995	0.0171040232881	-0.00569355981357	0.000709512286727	0.00517388812375	-0.0338568394364	-0.040260290225	0.00120629149401	-0.0338431962378	-0.0171587621488	0.00571091885353	-0.039703773874	0.0375219752181	0.0485441343144	-0.050698609116	-0.031247186907	-0.0071906722039	-0.00367601600351	-0.038716510503	-0.0184749316658	-0.00645300510731	-0.0055922417245	-0.0603863202848	0.00923458843013	-0.00847857996281	0.00385786324033	0.042752565814	0.030526869429	-0.0605504016674	0.0209510745423	0.00029896149151	0.011948628095	-0.0381902879472	0.00444954115581	-0.0270908526924
k__Bacteria;p__Bacteroidetes;c__Bacteroidia;o__Bacteroidales;f__Bacteroidaceae;g__Bacteroides;s__Bacteroides_fragilis	0.0114719976551	0.0218547754931	0.00439686167632	-0.0144397915011	-0.0302333376214	-0.00111107058054	0.0157028324244	0.0144225672536	-0.0311077149195	0.0299307550383	-0.018482158522	0.00203381596985	0.0355849444647	-0.0406345749551	0.0116680602508	-0.00611317095813	1.0	0.021643878309	0.0117642807965	-0.0218439077	-0.0285036713363	-0.0270935797657	0.0388840463337	0.0235459867461	-0.0065582350266	-0.0647632700124	-0.0279059669543	-0.00665472586716	-0.000407827962259	-0.0657587044424	0.0173221571184	0.00101740346919	-0.00574988684676	-0.0217882128173	0.0166514990495	0.015954271868	-0.0104399238631	-0.0452525312431	0.0586903976011	-0.00778852253061	-0.00721054652963	-0.0353501700435	-0.069899700555	0.0388216035972	-0.0207969747765	0.038928990916	0.00216972145094	0.036076193563	-0.0149358442663	-0.021167907658	-0.018284225711	-0.00466919473154	-0.037460040493	0.0156066640431	-0.00303361149328	0.0202020237302	0.00598927275599	-0.0260567545507	-0.0188682023919
k__Bacteria;p__Proteobacteria;c__Betaproteobacteria;o__Burkholderiales;f__Sutterellaceae;g__Sutterella;s__Sutterella_wadsworthensis	0.0116358021191	0.048734180406	-0.0555313347823	-0.0383834762666	-0.0717525402605	-0.0544120591243	-0.0278416762481	0.0203339297881	0.0100113622613	-0.00926595608929	-0.0052164687662	0.00828820415703	0.0254992380167	0.0467143492267	0.0155870514374	-0.0399328266868	0.021643878309	1.0	-0.0692440271664	0.0280807742461	0.0347033397817	0.0546094344673	0.0539591823788	-0.0148507382211	-0.0453511824422	0.0092833882024	-0.0391310513866	0.0196397083723	-0.0189793377804	-0.089801704538	-0.00641056240828	0.0518108941178	0.0412091230954	-0.0344658146134	0.0395081473929	-0.0109775863504	-0.00500900873709	-0.0481904051339	0.0224683330158	-0.0886979784902	0.0490978828226	-0.0221659559547	0.0350524872811	0.0475921744252	0.0143155999943	-0.0442756034831	-0.0247076860112	0.0121958497546	0.0249612009614	-0.0295854451163	0.0078913766511	-0.00795071666446	-0.0596884444691	0.0127383022625	-0.0408838086954	0.0670667006474	-0.0488342339383	0.000671160282379	-0.00237476878006
k__Bacteria;p__Bacteroidetes;c__Bacteroidia;o__Bacteroidales;f__Porphyromonadaceae;g__Barnesiella;s__Barnesiella_intestinihominis	0.0137743726598	0.00796770237904	-0.0139143682144	-0.0246657582496	0.0102973973091	0.00262897635499	-0.0279757873768	0.0395773551053	0.0154411697693	-0.00290016174643	-0.00670365853655	-0.0398552637041	-0.0438589619497	0.016571755282	-0.0474949218318	-0.0151908186543	0.0117642807965	-0.0692440271664	1.0	-0.0585941030368	0.032371053373	0.0743680819012	-0.0526012363793	0.00239681707537	-0.00796294279002	0.0178308554645	-0.0478657598632	-0.0161973661274	-0.0239642064198	0.0337635418192	0.0164361216099	-0.0158358634806	-0.0257727489846	0.0014292958177	-0.0380591905948	0.0225093270786	0.00884528549062	0.0361937299042	0.0410640625771	-0.0518414674434	0.0107132998253	-0.0151938730934	-0.0260761139057	0.00738742047334	0.0174472237654	-0.024944773229	0.030503800334	-0.0400031609607	-0.00838128913139	0.00120934438425	0.00529353727579	-0.0303692184744	0.0393299114238	0.0220997318103	-0.0657132463794	-0.0494384011425	-0.00498371552588	0.0250323403544	-0.0080755432969
k__Bacteria;p__Bacteroidetes;c__Bacteroidia;o__Bacteroidales;f__Odoribacteraceae;g__Odoribacter;s__Odoribacter_splanchnicus	-0.0317884306025	-0.020449523995	-0.0065729106525	0.0331199233943	-0.0362814145646	0.0630653736164	-0.0337542883323	-0.0227943732883	0.00395698239121	-0.0324272061312	-0.0457348707655	-0.0202681998864	0.00735147022557	-0.0320669121383	-0.02456147691	-0.0423428633703	-0.0218439077	0.0280807742461	-0.0585941030368	1.0	-0.0697141231079	-0.0268707681756	-0.0104920937624	-1.78131625394e-05	-0.0138669627189	0.066930554635	-0.0173582926798	-0.044138978698	-0.0244323417549	-0.00113599582728	0.0108720446698	-0.000362342512951	0.0396438593066	-0.0464406996363	0.0299432991959	-0.0234838686827	-0.0192244730978	-0.00599953652476	-0.0183486358271	0.0395266243193	-0.042163690384	0.0588893524642	-0.00438206068893	0.0685389430276	-0.0240226065825	0.0123040663324	-0.00607318515339	-0.0227652780089	-0.00321835339483	-0.0213336747321	-0.0339075615125	-0.0272058257794	0.0129173624031	-0.00819200284872	-0.0380693296631	-0.00521017985072	0.030618777772	-0.0167515181571	-0.0186700291913
k__Bacteria;p__Bacteroidetes;c__Bacteroidia;o__Bacteroidales;f__Bacteroidaceae;g__Bacteroides;s__Bacteroides_salyersiae	-0.00117536991129	-0.0414187996793	-0.0647981266753	-0.0279791448724	0.0805366793798	-0.00842903148122	-0.0693997214733	0.0114921755152	-0.0271698188003	-0.0223931347925	-0.0243849266837	-0.00506076684109	-0.0429459554679	-0.0384902831916	-0.0617988775265	0.0224916493606	-0.0285036713363	0.0347033397817	0.032371053373	-0.0697141231079	1.0	0.00738713456817	0.0316568286631	-0.0147528461746	0.0165176850954	0.0291335993616	-0.0317394608174	0.00865731929768	-0.0279660889756	-0.0156687809161	0.0387756292631	-0.0158322753654	-0.0490773308041	0.0360354809708	0.0173021041675	0.0468951189433	0.0153555676186	-0.0238649199244	0.00950254953985	0.0145089955402	-0.0548760109429	-0.00211905527271	0.00906086878376	-0.0325228257239	0.0349286387032	-0.0230436744118	0.0262895390717	0.0376075150189	-0.044484276909	0.0073274211516	0.0218413673765	-0.010100323212	-0.00604283752319	-0.0196186592973	0.0296922022406	0.000234181891148	0.035695368751	-0.0296437308341	-0.0030215071698
k__Bacteria;p__Firmicutes;c__Clostridia;o__Clostridiales;f__Ruminococcaceae;g__Ruminiclostridium;s__[Eubacterium]_siraeum	0.0326484615957	-0.0249499866036	-0.00484918129304	0.0298731290542	-0.0336729024857	-0.0275673616517	-0.0221635609848	0.0091831039352	0.0173530394447	-0.0620890376185	-0.0360434683962	-0.0197537162714	-0.0145883900896	-0.0644627408946	0.0103320454112	0.010967574431	-0.0270935797657	0.0546094344673	0.0743680819012	-0.0268707681756	0.00738713456817	1.0	-0.0315017182827	0.0292884409606	-0.0274556519979	-0.0328203354136	-0.0100097582055	0.00552921483551	-0.0207260587811	-0.00354565649359	-0.0222422515802	-0.0678037250522	0.0690602590889	0.0285626200505	0.0223396097028	-0.00223557430524	-0.0387361889737	0.0351110506584	-0.0311580310409	-0.00523846139692	-0.040851483776	-0.00128727646115	-0.0434673160101	-0.0505952854125	0.000270018615035	-0.00408915875732	0.0102977772469	0.0530478971613	-0.0159033881175	-0.0339527880372	0.0372063615709	0.0238164541247	-0.0368976036598	0.0167312859055	-0.00947277311839	-0.0563388612672	-0.00185228940404	0.0267521418941	0.0212837667464
k__Bacteria;p__Proteobacteria;c__Betaproteobacteria;o__Burkholderiales;f__Sutterellaceae;g__Parasutterella;s__Parasutterella_excrementihominis	-7.57925232203e-05	-0.000671851449802	-0.0263609411369	0.0248080320365	0.00314941090772	0.0127473798445	0.0339308503185	-0.0505851996671	0.0515495390802	0.016266627317	-0.0594049560657	-0.0256740532432	0.0222201218892	-0.0286610067197	0.028919066492	-0.0153264456714	0.0388840463337	0.0539591823788	-0.0526012363793	-0.0104920937624	0.0316568286631	-0.0315017182827	1.0	-0.00920746638192	0.032281435558	0.0428396123967	-0.0280553399888	0.0043897202107	-0.11452503643	0.0255139285728	0.0165340171254	-0.0282183991608	-0.0560600300021	0.0337004270554	0.0580180284492	-0.0137575824397	-0.0295166249035	0.0157615905633	-0.0152595844927	0.0209819967634	-0.0267303574379	-0.0599612116037	-0.0185182370391	-0.0291936505825	-0.0739038090589	0.042721762702	0.0194536358563	-0.0555070524261	0.0384564400688	0.00206526443266	-0.0346932881668	-0.0551605184938	0.0201443980696	-0.0377410130465	-0.0443145857944	-0.0253169340977	-0.00419022906576	0.0256367344673	-0.00164659253545
k__Bacteria;p__Actinobacteria;c__Actinobacteria;o__Bifidobacteriales;f__Bifidobacteriaceae;g__Bifidobacterium;s__Bifidobacterium_adolescentis	-0.0452306892953	-0.0184671096682	-0.0255572376081	-0.0553845819454	0.0306405023746	-0.0331817177657	0.014815343174	-0.00216284285869	-0.0438360077427	0.0191549927771	-0.0222544294744	0.0435016522212	-0.02894158912	-0.019332600927	0.000667410431065	-0.00488424239069	0.0235459867461	-0.0148507382211	0.00239681707537	-1.78131625393e-05	-0.0147528461746	0.0292884409606	-0.00920746638192	1.0	0.00247511115701	-0.0572285251821	-0.00736119999079	-0.0021467024122	-0.0176639143414	0.050350761646	-0.00898146823917	-0.05003610467	0.0101764955262	0.0505689972106	0.0271843036222	-0.0261130004731	0.0167702643545	-0.0487807888159	-0.0312728557136	-0.024117850858	0.0552080140244	0.0248459767903	-0.0314824063215	0.0061936912817	0.0331377300126	0.0347846100632	0.0389854810349	0.0345342506097	0.047860584322	0.023562879392	-0.00550882713289	-0.038787018712	0.00630341179644	-0.010119749687	0.0201257405186	-0.0669839885709	0.00568013520931	-0.00349751572874	-0.0688993670188
k__Bacteria;p__Firmicutes;c__Clostridia;o__Clostridiales;f__Oscillospiraceae;g__Oscillibacter;s__Oscillibacter_sp._KLE_1745	-0.0269841828215	-0.00216812243252	0.0207557695956	-0.00540952570549	0.0196940615845	0.0584866683095	0.0267025680491	0.00322244031585	0.0344399000721	-0.0857386950671	-0.0489068498886	0.0158607834683	-0.0133043710885	0.00456625006825	0.0062152521533	0.0182491143995	-0.0065582350266	-0.0453511824422	-0.00796294279002	-0.0138669627189	0.0165176850954	-0.0274556519979	0.032281435558	0.00247511115701	1.0	0.00857951726418	-0.00800541399233	0.00554814041118	-0.0273620159405	-0.0524047468941	0.0101025363982	0.021773843239	-0.000558997182777	0.0454920736937	0.0174065128086	-0.0164547277946	-0.014159075115	-0.0257400868289	0.00278850735982	-0.0320411213203	0.0180903121551	0.0356318348573	-0.0010915708331	0.0385094251656	0.0223246516795	0.00171860233333	0.00118142286438	0.0381316884919	0.034119873779	0.0187052932454	0.0404223507939	0.00246743626833	-0.038129396807	-0.0328963343646	-0.0220047436638	-0.025078957163	-0.0322110417095	0.0522811768252	-0.000362483819765
k__Bacteria;p__Bacteroidetes;c__Bacteroidia;o__Bacteroidales;f__Bacteroidaceae;g__Bacteroides;s__Bacteroides_coprophilus	-0.028361186014	-0.0658451737885	0.049959597278	-0.0316118846472	-0.0147465019959	-0.0271799092074	0.0115626961071	-0.0298626141631	0.0168172593148	-0.0829455741948	0.0330626982203	-0.00595709922141	0.0292342706294	0.00224325100477	-0.0320351341188	0.0171040232881	-0.0647632700124	0.0092833882024	0.0178308554645	0.066930554635	0.0291335993616	-0.0328203354136	0.0428396123967	-0.0572285251821	0.00857951726418	1.0	-0.00378295948729	-0.0199956488152	0.0179864305066	0.0227947290579	-0.0197896595775	0.0524870224141	0.0242177808605	-0.0117770967389	0.0139845576166	-0.0116061928657	-0.0104733488786	-0.0064668823899	-0.00405082966431	-0.047025977117	0.0436064082226	-0.0659656829283	0.0291840857804	-0.0404601990416	-0.00104830814419	-0.0152592418948	-0.0360544711231	0.0436382140559	0.0295664782611	-0.0339063010776	0.0608468564989	0.0243989414442	-0.0189246033968	-0.0170985009927	-0.00163118639594	0.0343915020459	-0.00463836809129	-0.0254149214097	-0.0734779645875
k__Bacteria;p__Firmicutes;c__Clostridia;o__Clostridiales;f__Lachnospiraceae;g__Roseburia;s__Roseburia_intestinalis	-0.0369122935611	-0.0220951408365	-0.005270609077	0.0233357667609	-0.0615685118054	-0.0425791929634	0.0124641820139	0.0235187163423	-0.0658516274718	-0.0320525971884	0.0114168416288	-0.0630977272383	-0.0281145514742	0.00762822461524	0.0339262385879	-0.00569355981357	-0.0279059669543	-0.0391310513866	-0.0478657598632	-0.0173582926798	-0.0317394608174	-0.0100097582055	-0.0280553399888	-0.00736119999079	-0.00800541399233	-0.00378295948729	1.0	0.00619031966694	0.0116549251311	-0.0553910964483	0.00881034701491	0.0137285712687	-0.0112776459257	-0.0380884604427	0.0530389879247	0.0626814221532	-0.0241370833275	-0.00160813172061	0.020041122388	-0.013203445121	0.0267172570014	-0.0119355360107	0.00744903870208	0.0039995572182	0.0550467716145	-0.0682963792085	-0.0129154265084	-0.00912656584927	0.0209208533088	0.00949357834156	-0.0395781388388	0.0114377826727	-0.00735078005554	-0.00511082312444	-0.0115147973461	-0.00543702815664	-0.0137640797916	-0.0340633947822	0.0532595942809
k__Bacteria;p__Firmicutes;c__Clostridia;o__Clostridiales;f__Lachnospiraceae;g__Roseburia;s__Roseburia_hominis	-0.0230596637089	-0.023603593308	0.00570802335619	-0.0267646152454	-0.0194361098911	-0.0314762587083	-0.0169322471071	0.044516055448	-0.0508135275585	0.0574661810983	-0.0123865271306	0.00284083365127	-0.00518880634627	-0.0295506753918	-0.0264697547461	0.000709512286727	-0.00665472586716	0.0196397083723	-0.0161973661274	-0.044138978698	0.00865731929768	0.00552921483551	0.0043897202107	-0.0021467024122	0.00554814041118	-0.0199956488152	0.00619031966694	1.0	-0.00347298316756	0.0395460847567	-0.0160054303378	0.000771977854518	-0.0223050332453	-0.0299787916725	-0.0217410219755	0.0392493581832	0.014487646696	0.0114608906772	-0.0424841404376	-0.0521450253731	0.0327445771682	0.0246570544274	-0.0155937901494	-0.0172228457565	-0.0237306879923	0.0462263125775	-0.00187798949856	-0.088372085407	-0.0454045431931	0.0199126515112	-0.0591027421948	0.0426940070486	0.0162454046054	-0.00946685609082	0.0228869117399	-0.0165217550644	-0.0338208787834	-0.0103033089854	0.00598281424204
k__Bacteria;p__Bacteroidetes;c__Bacteroidia;o__Bacteroidales;f__Porphyromonadaceae;g__Parabacteroides;s__Parabacteroides_johnsonii	-0.0650758905768	-0.0118913737352	-0.0127963204939	-0.0495376319341	-0.00430443006622	0.0585884807801	-0.0539113230772	-0.0722774131036	-0.0384464462086	-0.0457523403192	-0.0201183566311	-0.0400820465389	0.0293915481038	-0.0360253475333	0.0144398471563	0.00517388812375	-0.000407827962259	-0.0189793377804	-0.0239642064198	-0.0244323417549	-0.0279660889756	-0.0207260587811	-0.11452503643	-0.0176639143414	-0.0273620159405	0.0179864305066	0.0116549251311	-0.00347298316756	1.0	0.0163609470464	0.0104192872674	-0.009688118963	-0.0466739003416	-0.0170361142001	-0.0116311675563	-0.017662044354	-0.0393671099804	0.036877869668	-0.0140659024738	0.0426959247354	0.0298039178901	-0.000859890093891	0.00602110049552	-0.00148716280298	-0.0874804946324	-0.00165849213841	0.047762815171	0.0591255913231	-0.00755243821784	0.00841156421889	-0.0417749289941	-0.0115317739563	-0.0366101396408	-0.00954302005537	-0.0034964979113	0.0203910185064	0.00845404131918	-0.00815027415038	0.116039283065
k__Bacteria;p__Actinobacteria;c__Actinobacteria;o__Bifidobacteriales;f__Bifidobacteriaceae;g__Bifidobacterium;s__Bifidobacterium_longum	0.0127713147297	0.00116533398583	-0.0532708500714	0.0141453414407	-0.00371972131007	-0.0259902495026	0.037303800414	-0.0120027533532	-0.00691751547072	0.0307816028793	-0.0395924827938	-0.000175699019532	0.00587663038243	-0.0365422878663	0.0071919215194	-0.0338568394364	-0.0657587044424	-0.089801704538	0.0337635418192	-0.00113599582728	-0.0156687809161	-0.00354565649359	0.0255139285728	0.050350761646	-0.0524047468941	0.0227947290579	-0.0553910964483	0.0395460847567	0.0163609470464	1.0	0.00980782373709	0.0133013888456	-0.0575814630042	-0.0155711312757	0.00685069216709	-0.034471313616	0.0197843205099	-0.00245186576784	0.0055552446674	0.0543137915419	0.0465206455909	0.0272633580975	0.00161346197085	-0.0998958607464	-0.0238374055629	0.0348345668508	0.0591396117564	-0.0179502739672	0.010934973296	-0.0437696632637	-0.0268206230156	0.00386374634029	-0.0147027298916	-0.0165900046437	-0.00696321682115	-0.0462680420127	-0.00681689754342	-0.00359543656748	-0.0279681170237
