#taxonomy	k__Bacteria;p__Bacteroidetes;c__Bacteroidia;o__Bacteroidales;f__Bacteroidaceae;g__Bacteroides;s__Bacteroides_vulgatus	k__Bacteria;p__Bacteroidetes;c__Bacteroidia;o__Bacteroidales;f__Bacteroidaceae;g__Bacteroides;s__Bacteroides_uniformis	k__Bacteria;p__Bacteroidetes;c__Bacteroidia;o__Bacteroidales;f__Rikenellaceae;g__Alistipes;s__Alistipes_putredinis	k__Bacteria;p__Bacteroidetes;c__Bacteroidia;o__Bacteroidales;f__Prevotellaceae;g__Prevotella;s__Prevotella_copri	k__Bacteria;p__Bacteroidetes;c__Bacteroidia;o__Bacteroidales;f__Bacteroidaceae;g__Bacteroides;s__Bacteroides_stercoris	k__Bacteria;p__Bacteroidetes;c__Bacteroidia;o__Bacteroidales;f__Bacteroidaceae;g__Bacteroides;s__Bacteroides_ovatus	k__Bacteria;p__Bacteroidetes;c__Bacteroidia;o__Bacteroidales;f__Rikenellaceae;g__Alistipes;s__Alistipes_shahii	k__Bacteria;p__Firmicutes;c__Clostridia;o__Clostridiales;f__Ruminococcaceae;g__Faecalibacterium;s__Faecalibacterium_prausnitzii	k__Bacteria;p__Bacteroidetes;c__Bacteroidia;o__Bacteroidales;f__Rikenellaceae;g__Alistipes;s__Alistipes_finegoldii	k__Bacteria;p__Bacteroidetes;c__Bacteroidia;o__Bacteroidales;f__Porphyromonadaceae;g__Parabacteroides;s__Parabacteroides_distasonis	k__Bacteria;p__Bacteroidetes;c__Bacteroidia;o__Bacteroidales;f__Bacteroidaceae;g__Bacteroides;s__Bacteroides_thetaiotaomicron	k__Bacteria;p__Bacteroidetes;c__Bacteroidia;o__Bacteroidales;f__Bacteroidaceae;g__Bacteroides;s__Bacteroides_coprocola	k__Bacteria;p__Bacteroidetes;c__Bacteroidia;o__Bacteroidales;f__Bacteroidaceae;g__Bacteroides;s__Bacteroides_cellulosilyticus	k__Bacteria;p__Bacteroidetes;c__Bacteroidia;o__Bacteroidales;f__Rikenellaceae;g__Alistipes;s__Alistipes_obesi	k__Bacteria;p__Firmicutes;c__Clostridia;o__Clostridiales;f__Lachnospiraceae;g__;s__[Eubacterium]_rectale	k__Bacteria;p__Bacteroidetes;c__Bacteroidia;o__Bacteroidales;f__Bacteroidaceae;g__Bacteroides;s__Bacteroides_plebeius	k__Bacteria;p__Bacteroidetes;c__Bacteroidia;o__Bacteroidales;f__Bacteroidaceae;g__Bacteroides;s__Bacteroides_fragilis	k__Bacteria;p__Proteobacteria;c__Betaproteobacteria;o__Burkholderiales;f__Sutterellaceae;g__Sutterella;s__Sutterella_wadsworthensis	k__Bacteria;p__Bacteroidetes;c__Bacteroidia;o__Bacteroidales;f__Porphyromonadaceae;g__Barnesiella;s__Barnesiella_intestinihominis	k__Bacteria;p__Bacteroidetes;c__Bacteroidia;o__Bacteroidales;f__Odoribacteraceae;g__Odoribacter;s__Odoribacter_splanchnicus	k__Bacteria;p__Bacteroidetes;c__Bacteroidia;o__Bacteroidales;f__Bacteroidaceae;g__Bacteroides;s__Bacteroides_salyersiae	k__Bacteria;p__Firmicutes;c__Clostridia;o__Clostridiales;f__Ruminococcaceae;g__Ruminiclostridium;s__[Eubacterium]_siraeum	k__Bacteria;p__Proteobacteria;c__Betaproteobacteria;o__Burkholderiales;f__Sutterellaceae;g__Parasutterella;s__Parasutterella_excrementihominis	k__Bacteria;p__Actinobacteria;c__Actinobacteria;o__Bifidobacteriales;f__Bifidobacteriaceae;g__Bifidobacterium;s__Bifidobacterium_adolescentis	k__Bacteria;p__Firmicutes;c__Clostridia;o__Clostridiales;f__Oscillospiraceae;g__Oscillibacter;s__Oscillibacter_sp._KLE_1745	k__Bacteria;p__Bacteroidetes;c__Bacteroidia;o__Bacteroidales;f__Bacteroidaceae;g__Bacteroides;s__Bacteroides_coprophilus	k__Bacteria;p__Firmicutes;c__Clostridia;o__Clostridiales;f__Lachnospiraceae;g__Roseburia;s__Roseburia_intestinalis	k__Bacteria;p__Firmicutes;c__Clostridia;o__Clostridiales;f__Lachnospiraceae;g__Roseburia;s__Roseburia_hominis	k__Bacteria;p__Bacteroidetes;c__Bacteroidia;o__Bacteroidales;f__Porphyromonadaceae;g__Parabacteroides;s__Parabacteroides_johnsonii	k__Bacteria;p__Actinobacteria;c__Actinobacteria;o__Bifidobacteriales;f__Bifidobacteriaceae;g__Bifidobacterium;s__Bifidobacterium_longum	k__Bacteria;p__Firmicutes;c__Clostridia;o__Clostridiales;f__;g__Flavonifractor;s__Flavonifractor_plautii	k__Bacteria;p__Firmicutes;c__Clostridia;o__Clostridiales;f__Clostridiaceae;g__Clostridium;s__Clostridium_phoceensis	k__Bacteria;p__Verrucomicrobia;c__Verrucomicrobiae;o__Verrucomicrobiales;f__Akkermansiaceae;g__Akkermansia;s__Akkermansia_muciniphila	k__Bacteria;p__Bacteroidetes;c__Bacteroidia;o__Bacteroidales;f__Prevotellaceae;g__Paraprevotella;s__Paraprevotella_xylaniphila	k__Bacteria;p__Firmicutes;c__Clostridia;o__Clostridiales;f__Ruminococcaceae;g__Ruminococcus;s__Ruminococcus_callidus	k__Bacteria;p__Bacteroidetes;c__Bacteroidia;o__Bacteroidales;f__Rikenellaceae;g__Alistipes;s__Alistipes_senegalensis	k__Bacteria;p__Firmicutes;c__Clostridia;o__Clostridiales;f__Lachnospiraceae;g__Blautia;s__Blautia_sp._KLE_1732	k__Bacteria;p__Bacteroidetes;c__Bacteroidia;o__Bacteroidales;f__Bacteroidaceae;g__Bacteroides;s__Bacteroides_oleiciplenus	k__Bacteria;p__Firmicutes;c__Clostridia;o__Clostridiales;f__Ruminococcaceae;g__Ruminococcus;s__Ruminococcus_bicirculans	k__Bacteria;p__Bacteroidetes;c__Bacteroidia;o__Bacteroidales;f__Bacteroidaceae;g__Bacteroides;s__Bacteroides_fluxus	k__Bacteria;p__Bacteroidetes;c__Bacteroidia;o__Bacteroidales;f__Prevotellaceae;g__Prevotella;s__Prevotella_stercorea	k__Bacteria;p__Firmicutes;c__Clostridia;o__Clostridiales;f__Lachnospiraceae;g__Dorea;s__Dorea_longicatena	k__Bacteria;p__Firmicutes;c__Clostridia;o__Clostridiales;f__Eubacteriaceae;g__Eubacterium;s__[Eubacterium]_eligens	k__Bacteria;p__Firmicutes;c__Clostridia;o__Clostridiales;f__Ruminococcaceae;g__;s__Ruminococcaceae_bacterium_D16	k__Bacteria;p__Firmicutes;c__Clostridia;o__Clostridiales;f__Lachnospiraceae;g__Coprococcus;s__Coprococcus_comes	k__Bacteria;p__Proteobacteria;c__Gammaproteobacteria;o__Enterobacterales;f__Enterobacteriaceae;g__Escherichia;s__Escherichia_coli	k__Bacteria;p__Firmicutes;c__Clostridia;o__Clostridiales;f__Ruminococcaceae;g__Anaerotruncus;s__Anaerotruncus_colihominis	k__Bacteria;p__Firmicutes;c__Clostridia;o__Clostridiales;f__Lachnospiraceae;g__Blautia;s__Blautia_obeum	k__Bacteria;p__Bacteroidetes;c__Bacteroidia;o__Bacteroidales;f__Odoribacteraceae;g__Odoribacter;s__Odoribacter_laneus	k__Bacteria;p__Firmicutes;c__Clostridia;o__Clostridiales;f__Ruminococcaceae;g__Ruminiclostridium;s__[Clostridium]_leptum	k__Bacteria;p__Bacteroidetes;c__Bacteroidia;o__Bacteroidales;f__Porphyromonadaceae;g__Parabacteroides;s__Parabacteroides_goldsteinii	k__Bacteria;p__Firmicutes;c__Clostridia;o__Clostridiales;f__Lachnospiraceae;g__Anaerostipes;s__Anaerostipes_hadrus	k__Bacteria;p__Firmicutes;c__Clostridia;o__Clostridiales;f__Ruminococcaceae;g__Ruminococcus;s__Ruminococcus_lactaris	k__Bacteria;p__Firmicutes;c__Clostridia;o__Clostridiales;f__Clostridiaceae;g__Clostridium;s__Clostridium_sp._L2-50	k__Bacteria;p__Firmicutes;c__Clostridia;o__Clostridiales;f__Clostridiaceae;g__Clostridium;s__Clostridium_sp._M62/1	k__Bacteria;p__Firmicutes;c__Clostridia;o__Clostridiales;f__;g__Intestinimonas;s__Intestinimonas_butyriciproducens	k__Bacteria;p__Actinobacteria;c__Actinobacteria;o__Bifidobacteriales;f__Bifidobacteriaceae;g__Bifidobacterium;s__Bifidobacterium_bifidum	k__Bacteria;p__Firmicutes;c__Negativicutes;o__Veillonellales;f__Veillonellaceae;g__Dialister;s__Dialister_invisus	k__Bacteria;p__Bacteroidetes;c__Bacteroidia;o__Bacteroidales;f__Bacteroidaceae;g__Bacteroides;s__Bacteroides_salanitronis
k__Bacteria;p__Bacteroidetes;c__Bacteroidia;o__Bacteroidales;f__Bacteroidaceae;g__Bacteroides;s__Bacteroides_vulgatus	1.0	-0.0117895743321	0.0569603044641	-0.0193270809057	-0.0865804739484	-0.0443736541135	-0.0345376989579	0.0481231923696	0.048120256822	-0.0148208179768	0.00751480676342	0.0198807551609	0.063484574264	0.00777420307149	-0.00360130489882	-0.0109279527528	0.0045625276687	0.0168047220942	0.0696008091571	0.00476123408245	-0.031711491272	0.00403840957365	-0.0476600792817	-0.019322000787	-0.0366421631791	-0.0261876964785	-0.0270186477396	0.00899710950137	0.0300423440908	0.0296308720994	-0.00344360038875	0.0808598757455	-0.00481813662955	0.00427009701056	-0.0611336606882	-0.00386654463806	0.00894345440869	-0.0409087161161	0.00818670721069	0.0381048011117	-0.0142697920824	0.0178557769306	-0.0264590049006	0.0362076546556	-0.0126122900425	0.00382269891892	-0.0672721574703	0.0164362865761	0.0645618526722	0.00549740887443	0.00108807948907	-0.0764531637331	-0.0397851619264	0.00191232351212	-0.0175046323766	0.0284511848839	-0.0105588875002	-0.0512358762016	0.00398842533646
k__Bacteria;p__Bacteroidetes;c__Bacteroidia;o__Bacteroidales;f__Bacteroidaceae;g__Bacteroides;s__Bacteroides_uniformis	-0.0117895743321	1.0	0.00926714976436	-0.0477922835715	-0.00917581391242	-0.0263867996814	0.0268662106948	-0.0073068254265	-0.01248277205	-0.0081213532473	0.00140981136671	-0.0280479237482	0.0616691478208	0.029065355112	0.0386036801814	-0.0292674227333	0.0253396007717	-0.00158059981561	0.0177598183701	-0.0399562724011	-0.0445999861235	0.0182425204051	0.0140484974647	-0.00235383121389	0.00899103385531	-0.0374858831228	-0.0467975885726	-0.013514525898	0.000252993920571	-0.0396627566106	-0.0465603983936	-0.00175264007314	-0.0502235251812	0.0102297692895	-0.010330250926	-0.0199353339992	-0.0194318275506	-0.0567326586113	-0.0463961802194	-0.0153433418316	0.0105661287985	-0.0416040097222	-0.0407101925309	0.0239774644402	-0.018951234584	-0.00419044789171	-0.0602959658803	0.027961358922	-0.0258052662284	0.0213240631305	-0.0137913108977	-0.039539249578	-0.0228390428664	0.0148700271966	0.0214378621851	0.00141535772945	0.0437816422878	-0.00456872892181	-0.0211628843762
k__Bacteria;p__Bacteroidetes;c__Bacteroidia;o__Bacteroidales;f__Rikenellaceae;g__Alistipes;s__Alistipes_putredinis	0.0569603044641	0.00926714976436	1.0	-0.0289383913889	-0.062121892273	0.0206053478988	-0.0342942293108	0.00114999411779	-0.0392972894155	0.0575629631927	0.0107771564486	-0.0362419510235	-0.0145289515701	0.00658018939427	0.00308840596695	0.0826034273413	-0.0189428206837	-0.00644523646221	-0.0296218539369	-0.0438044477843	-0.0138201568703	0.0019384511675	0.0705552584414	-0.0292296663771	0.0232631428472	-0.0276825785877	-0.0161040405845	-0.0129029711387	-0.0407941687251	-0.00291342947096	0.0123382623951	-0.00242976950927	0.00199772671771	-0.0432459275304	-0.0187311531797	-0.0504359159245	-0.0386404497178	-0.0312353014698	0.000617350422888	-0.0423537297799	-0.0307248021434	-0.0669761878247	0.0511325376764	-0.00574987136689	-0.0799436641527	-0.0829272791523	7.30812501431e-05	-0.0215421323106	0.0231981425913	-0.00881110936376	-0.0101574351545	0.0123675845079	-0.00516255279614	-0.0114158364196	-0.00766871940553	-0.0298902000789	0.0643246771086	-0.0287637010964	-0.0249445526429
k__Bacteria;p__Bacteroidetes;c__Bacteroidia;o__Bacteroidales;f__Prevotellaceae;g__Prevotella;s__Prevotella_copri	-0.0193270809057	-0.0477922835715	-0.0289383913889	1.0	0.0389650930673	-0.0155843116992	-0.0177582515453	-0.0528874542192	-0.0350660025524	0.00326300837622	-0.0412161527388	0.0447158593229	0.0197197918891	0.043217558953	0.0247010512514	0.0107007302473	-0.00405765049413	-0.0574306530139	0.0303166249186	0.0249325693137	-0.000282810890191	-0.0374504159491	-0.0519159248224	-0.0252904657787	0.012828671491	-0.0083264252121	-0.0620430888871	0.0142214060522	0.031034214606	-0.0427720169082	0.0318947726908	-0.0127234861568	-0.0514143731094	-0.0176616062483	0.0305412146187	0.021275333399	0.00732646480817	0.0603768062618	0.00979800944362	-0.0384545508638	-0.0485346600545	0.00320907482736	-0.0197544671206	-0.00836550034957	0.0179549562536	0.0112300845931	0.0339703894273	0.0023481260411	-0.0224533790507	-0.0407262529266	0.00506280757291	0.0336673538661	0.0431105738886	0.000100018526639	-0.044903807415	0.00810669408588	0.0184990289948	-0.0314421415319	-0.0153827598023
k__Bacteria;p__Bacteroidetes;c__Bacteroidia;o__Bacteroidales;f__Bacteroidaceae;g__Bacteroides;s__Bacteroides_stercoris	-0.0865804739484	-0.00917581391242	-0.062121892273	0.0389650930673	1.0	-0.0159811643141	-0.0208440366901	-0.0513972606719	-0.0150968589706	-0.00831129184756	0.0287667302078	-0.0573180227077	-0.0228647901136	0.0302441291325	0.0251529027248	-0.0471348425132	-0.00267988794428	-0.00555410097442	0.0386219035452	-0.00498497629221	0.00388327696448	-0.0310639786179	-0.0614851543715	0.0127496961582	-0.0182768875174	-0.0438357888531	-0.0291861543877	0.00186075545942	0.0559409178631	-0.0134516275624	0.0611204987909	-0.0309937538318	-0.0117726029067	0.00641775154453	0.0248994503048	-0.0201952810541	0.0141333617874	-0.000759282012482	-0.0124290053522	-0.0175443442891	0.00563176652045	0.0444407027184	0.00850190066533	-0.0123676622466	-0.0186127065652	0.00217040555063	-0.00662642398293	0.0408118803423	-0.0407193562252	0.0490506550637	-0.0188060955843	-0.00310222487963	-0.0297241651834	-0.0213779351477	0.0185858261064	0.00777840245538	-0.0190783987925	0.0182379810738	-0.0407553142967
k__Bacteria;p__Bacteroidetes;c__Bacteroidia;o__Bacteroidales;f__Bacteroidaceae;g__Bacteroides;s__Bacteroides_ovatus	-0.0443736541135	-0.0263867996814	0.0206053478988	-0.0155843116992	-0.0159811643141	1.0	-0.00526365480918	0.032621602697	-0.0423000049957	0.0284807826013	-0.0189120984137	0.00864750242416	0.0380118908589	0.0311578405621	-0.00850337294066	0.0895742111872	0.00112942765403	-0.0111713802116	-0.0429439981899	-0.0416393695872	0.00366779535553	-0.00308336703029	0.0222176837896	-0.033867277042	-0.0382299266986	0.00400379937955	0.0406363588079	-0.0410414252337	-0.0244383034775	0.0100771424603	-0.00313644430229	-0.00767145081261	-0.00368152128015	-0.00182158613892	0.00644220557881	0.046889735758	0.0107241407518	-0.0301680916479	-0.0558178077277	-0.0361979952543	0.010083222063	0.025488111237	0.00993500368412	-0.0360095244995	-0.0251940221007	-0.00888228227679	-0.0185787986756	-0.0665207801867	-0.0447134525523	-0.0449441556462	0.0219681427473	-0.05421633855	-0.00844524421174	-0.0220512650721	0.0554843958364	-0.00684830201937	-0.00195912872555	0.011156659294	-0.0102029162491
k__Bacteria;p__Bacteroidetes;c__Bacteroidia;o__Bacteroidales;f__Rikenellaceae;g__Alistipes;s__Alistipes_shahii	-0.0345376989579	0.0268662106948	-0.0342942293108	-0.0177582515453	-0.0208440366901	-0.00526365480918	1.0	-0.00720048619205	0.0923285561836	-0.062166090054	-0.0173319678785	0.0231156758405	-0.0243746483085	-0.00796473246247	-0.0548630353999	0.0548513020937	-0.0459484607893	-0.0308002822238	-0.00755189497184	0.0153728907604	-0.0803410320426	-0.01123608644	0.000417473696033	0.012494223493	0.00625262783459	-0.0253347873273	-0.0120351138103	-0.0323071842538	0.0251363874748	-0.00241531929818	-0.0370269445796	0.00996294603297	0.0388328134045	0.0353889938924	-0.032364769867	-0.032890188134	0.0130345991202	-0.0126724432043	-0.0222960858939	0.0132068834123	0.03324628344	-0.0783082115935	0.0121010243449	-0.0126528822072	0.0211059328185	-0.0189937705506	0.0207449314131	-0.0306102645552	-0.0265057213617	0.0151270756658	0.0467518703492	-0.0919116222066	0.0214833134077	0.039264533579	-0.0112128955121	-0.0234427414633	0.0221470422969	-0.032494949063	-0.0350871181604
k__Bacteria;p__Firmicutes;c__Clostridia;o__Clostridiales;f__Ruminococcaceae;g__Faecalibacterium;s__Faecalibacterium_prausnitzii	0.0481231923696	-0.0073068254265	0.00114999411779	-0.0528874542192	-0.0513972606719	0.032621602697	-0.00720048619205	1.0	0.0210712554402	0.0577295629412	-0.0232080087057	0.0163306994575	0.00697991760564	0.0129899587898	-0.000652882974899	0.0321724454684	-0.0126370869815	-0.0256133973358	-0.0360307640491	0.00574705827811	-0.00926160185923	-0.0291260919961	0.0360762567298	0.039210384206	-0.0566788991201	0.0137321436172	0.0373575725951	0.0292688583703	-0.0148693059164	-0.0459883303703	-0.00618939658546	-0.0107053387133	-0.0718512335519	0.000474077771048	0.0125735171972	0.0296714306935	-0.0341328242407	0.0316718008684	-0.0678572893489	-0.00251643984603	-0.0177195030174	-0.0301795100302	0.0386762728511	-0.024940222981	-0.027287337478	0.0319394488229	0.018543591925	-0.0184576549188	0.0401478801344	-0.00981292660602	-0.028229617102	-0.0181605980337	0.0679704066373	0.0302547077468	-0.0445054096021	-0.00116454748247	-0.0538444387619	-0.0471622384094	0.0200372809352
k__Bacteria;p__Bacteroidetes;c__Bacteroidia;o__Bacteroidales;f__Rikenellaceae;g__Alistipes;s__Alistipes_finegoldii	0.048120256822	-0.01248277205	-0.0392972894155	-0.0350660025524	-0.0150968589706	-0.0423000049957	0.0923285561836	0.0210712554402	1.0	-0.00651383293196	0.0111034964126	-0.0347661860432	-0.0436256231862	0.0212894291796	-0.0420040367758	0.0362980647501	-0.00307487937085	0.00756491832865	0.0237892693617	-0.0176933092352	0.0337046328642	0.0391099671797	-0.0560979472366	-0.0577967711806	-0.0398251715353	0.0846227851938	-0.0287304815998	-0.0338230179095	-0.0292971206089	-0.0196808703691	-0.00452551808337	-0.0060679946403	0.0185109191708	-0.0184403847	-0.005615052333	-0.02768981665	-0.0482079594815	0.0225348851649	0.005848732543	-0.0758641198118	0.0779864824607	0.00306957624893	0.00418529620081	0.00658921387235	0.0124434914886	-0.0280329450428	-0.0461472758384	0.0286406875671	-0.0557400181248	-0.0902632628248	1.89041742284e-05	-0.00487595834743	-0.0335520098524	0.00744957881175	-0.0385290710329	-0.014552515182	0.0338431810922	0.0302440495903	-0.0120060153663
k__Bacteria;p__Bacteroidetes;c__Bacteroidia;o__Bacteroidales;f__Porphyromonadaceae;g__Parabacteroides;s__Parabacteroides_distasonis	-0.0148208179768	-0.0081213532473	0.0575629631927	0.00326300837622	-0.00831129184756	0.0284807826013	-0.062166090054	0.0577295629412	-0.00651383293196	1.0	0.00741507724651	0.0289457238581	-0.00176831243514	-0.0189858567949	0.0102354785464	-0.0439804652152	-0.014580234931	0.0259878547145	-0.0489603186011	0.0280913082407	-0.014254061616	-0.0011047690478	0.00989368275645	0.00353046532564	-0.0349296975705	0.00257519048091	-0.0359559278835	0.0419424255672	-0.0192973407116	-0.0118136685515	-0.0302160740638	-0.0140834404093	-0.0466580099985	-0.00412369415142	-0.00171857962132	-0.00832476443243	-0.00355190153515	-0.0133516123325	0.00834558534213	-0.0322770850005	0.00964057008512	0.0209421445353	-0.0402489056286	0.00262830618358	-0.00439958531406	-0.00900673452522	0.0079504913096	-0.0164230912179	-0.000595414238439	0.0312793239894	-0.0246442594764	0.00287605034159	0.0986526711102	-0.0321142207176	0.0177036177902	-0.0441959450728	-0.0664360296381	-0.0529085853346	-0.0136166882722
k__Bacteria;p__Bacteroidetes;c__Bacteroidia;o__Bacteroidales;f__Bacteroidaceae;g__Bacteroides;s__Bacteroides_thetaiotaomicron	0.00751480676342	0.00140981136671	0.0107771564486	-0.0412161527388	0.0287667302078	-0.0189120984137	-0.0173319678785	-0.0232080087057	0.0111034964126	0.00741507724651	1.0	0.0283960873018	-0.00375433344639	-0.048521894394	0.00933195831786	0.0191663252567	-0.000336267691666	-0.00515936058788	-0.0480453893757	-0.0366127054651	-0.0146509651069	-0.0391598964887	0.00981302277204	-0.0224205069443	-0.0315028581515	-0.0721098704484	-0.0316249268578	-0.00958585443904	-0.0252809886835	0.0133271980737	0.0177033379262	0.0136679150283	0.00773615362745	-0.0373361821411	-0.0052199647529	-0.00819479252434	-0.047649006915	-0.00446380763145	-0.00620888107372	0.058148298906	-0.00535202379616	-0.0575000865637	-0.00726149952702	-0.0353943503091	-0.0403833358649	0.00751151958863	0.0118204347358	0.00633944616939	-0.0733284188912	-0.0293534102204	-0.0370410624588	-0.0369530933387	0.0265781005881	-0.00794003602937	-0.0128128389916	0.0468378133099	0.0371714169429	-0.000971942340692	0.0195214215938
k__Bacteria;p__Bacteroidetes;c__Bacteroidia;o__Bacteroidales;f__Bacteroidaceae;g__Bacteroides;s__Bacteroides_coprocola	0.0198807551609	-0.0280479237482	-0.0362419510235	0.0447158593229	-0.0573180227077	0.00864750242416	0.0231156758405	0.0163306994575	-0.0347661860432	0.0289457238581	0.0283960873018	1.0	-0.0236127952042	-0.0261677589297	0.0416056625245	-0.0436049189261	-0.0172275378842	0.00799048897035	0.0226245684067	-0.0321402715268	0.0727067768142	-0.0444856574671	-0.0311906939506	-0.0340053811024	0.0256030001569	-0.0130962487506	-0.00792269434241	0.000772225905993	0.0447214936528	0.00550046120276	-0.0615169977859	-0.000117811036438	-0.0247240013445	0.0102368337767	-0.0124836627286	0.0274883213824	-0.0217647711826	-0.0351892094257	0.00325608912379	-0.0150922911488	-0.053356090331	0.0511896428284	0.00846884020627	-0.00820329485714	-0.0166356205105	-0.0253537585645	0.0201358427718	0.00964270123488	0.0427922740475	0.0245000091025	0.0277535303543	-0.00531754410614	0.0291131145311	-0.013864499852	0.044806832643	-0.0288362856956	-0.0237235788217	-0.0565121631432	-0.029469095519
k__Bacteria;p__Bacteroidetes;c__Bacteroidia;o__Bacteroidales;f__Bacteroidaceae;g__Bacteroides;s__Bacteroides_cellulosilyticus	0.063484574264	0.0616691478208	-0.0145289515701	0.0197197918891	-0.0228647901136	0.0380118908589	-0.0243746483085	0.00697991760564	-0.0436256231862	-0.00176831243514	-0.00375433344639	-0.0236127952042	1.0	0.00682793314074	0.0292163629087	0.0131741788841	-0.0182307733985	-0.00770998299218	0.0054898667269	-0.000299994769713	-0.00590726771531	-0.0422074007096	-0.00247613062365	-0.0260277787113	-0.00021882627194	-0.0259031326634	-0.0563049666926	0.00034019717598	0.0140055181796	-0.0254761695351	0.0109287991922	-0.00643117901451	0.00512310229217	-0.032781372556	0.0475373473651	-0.0248089088423	-0.0312005554318	-0.00954592301509	-0.0190000912289	0.0192096051926	-0.0227745482311	0.0107214145538	-0.0221906102286	0.00515356607385	-0.0372925660779	0.0208986175327	0.0124708475624	0.0284319442678	0.0310185700538	0.014519214972	-0.0867989132459	-0.015316018606	-0.0600477491195	-0.0274573457223	-0.016356857123	0.00198842069046	0.031618926548	-0.0470725488179	0.0243198325079
k__Bacteria;p__Bacteroidetes;c__Bacteroidia;o__Bacteroidales;f__Rikenellaceae;g__Alistipes;s__Alistipes_obesi	0.00777420307149	0.029065355112	0.00658018939427	0.043217558953	0.0302441291325	0.0311578405621	-0.00796473246247	0.0129899587898	0.0212894291796	-0.0189858567949	-0.048521894394	-0.0261677589297	0.00682793314074	1.0	-0.012862720487	-0.0234782041603	0.0759657743804	-0.00789368149163	-0.064558302857	-0.0231990750209	-0.0111630374492	-0.0181377173318	0.00475254990557	-0.0105032887103	0.0297251103882	0.00189767595524	-0.042682065463	-0.0242513192594	-0.0338517020291	-0.0376783513137	0.0483982488406	0.0463567711228	0.0387025393711	0.0350910483347	-0.0234075364677	-0.0104193911951	-0.0117435228475	-0.00815872120951	-0.00501457778826	0.0109258114148	0.0231942985224	-0.0747905116105	0.00701931666121	-0.0270491291675	-0.0502059459997	0.0352904763151	-0.0482467718363	0.0318889615194	-0.023117170765	-0.00135353615898	-0.0704973804087	-0.0145294052751	0.0446598333766	-7.88920224578e-05	-0.0147705335696	-0.0143232927291	0.0160188419544	0.0130252790359	0.00316784153237
k__Bacteria;p__Firmicutes;c__Clostridia;o__Clostridiales;f__Lachnospiraceae;g__;s__[Eubacterium]_rectale	-0.00360130489882	0.0386036801814	0.00308840596695	0.0247010512514	0.0251529027248	-0.00850337294066	-0.0548630353999	-0.0006528829749	-0.0420040367758	0.0102354785464	0.00933195831786	0.0416056625245	0.0292163629087	-0.012862720487	1.0	0.00803744426514	-0.0468361606915	-0.0496289562577	-0.00387557473151	-0.0251993410541	-0.00440116604128	-0.0107131952089	-0.0248889460483	-0.0315545329848	0.0171755792832	0.059993985518	0.0152792491222	-0.0303797670504	-0.0155913232081	0.0733487643204	-0.0572679063255	-0.0583553310401	-0.0280737044416	-0.0509736340914	-0.0151950726574	-0.01549145405	0.0148430199829	0.0230710853286	0.0182607637893	0.029593768629	-0.0335107776832	-0.00255548761809	0.00661189220666	-0.0321761414881	-0.00873512376126	-0.0640657830089	-0.00659617262605	-0.0225385110365	0.0260146936245	0.0385942634886	-0.0356154671836	-0.0213423178297	0.0145722205668	0.0335469512441	0.0348623138815	0.013216022782	-0.0115168501993	0.00281004000827	0.0206494066303
k__Bacteria;p__Bacteroidetes;c__Bacteroidia;o__Bacteroidales;f__Bacteroidaceae;g__Bacteroides;s__Bacteroides_plebeius	-0.0109279527528	-0.0292674227333	0.0826034273413	0.0107007302473	-0.0471348425132	0.0895742111872	0.0548513020937	0.0321724454684	0.0362980647501	-0.0439804652152	0.0191663252567	-0.0436049189261	0.0131741788841	-0.0234782041603	0.00803744426514	1.0	-0.0153212096427	-0.0279567228996	-0.0141671791053	-0.0331097687101	-0.0139914531025	0.0222895538837	-0.036462889821	0.0139257101022	0.00993735389952	-0.0475001495802	0.0208043393683	0.0212828591463	0.00228716656053	-0.00972484909697	-0.0458154049493	-0.000472010430092	-0.00811257470411	-0.0180325851619	0.0133437175788	0.0179600773188	0.0248477681765	-0.044294823432	-0.0276078422051	0.0109621820327	-0.0462401568558	0.00427829338797	-0.0546238508587	-0.0190516117699	0.011640157324	0.0118242584163	0.0380731192668	0.00274669989638	-0.0255196841103	0.0600145458962	-0.0585717541834	-0.014920558659	0.00507716051898	-0.0173846323557	-0.0908171633661	0.0266556876458	-0.0307229632751	-0.00287543602686	-0.0354787966302
k__Bacteria;p__Bacteroidetes;c__Bacteroidia;o__Bacteroidales;f__Bacteroidaceae;g__Bacteroides;s__Bacteroides_fragilis	0.0045625276687	0.0253396007717	-0.0189428206837	-0.00405765049413	-0.00267988794428	0.00112942765403	-0.0459484607893	-0.0126370869815	-0.00307487937085	-0.014580234931	-0.000336267691666	-0.0172275378842	-0.0182307733985	0.0759657743804	-0.0468361606915	-0.0153212096427	1.0	-0.053370246291	-0.049864350202	0.0102438050074	-0.0515274099273	3.12616574605e-05	0.0453427612699	-0.0200174158326	0.0109079303739	0.0180537798471	-0.0451702196559	-0.00610843660787	-0.00569418825673	0.00301795661495	-0.0124966318416	0.00227220187343	0.0176848700638	0.00777041442857	-0.062897210117	-0.00902049590921	0.0225715903103	-0.00321635294567	-0.010125040706	0.0340143192136	0.0165531811993	-0.0360513397869	-0.00550582648653	0.0369240868608	-0.0111538036321	-0.0239565581924	-0.00682768454071	0.0531637213634	-0.0299015625544	-0.0112865159692	-0.00327414057968	-0.0274686455111	-0.0528066682287	-0.0321953480858	-0.011102793464	-0.0259351616991	-0.0132511392449	0.00100996383843	0.0188323787537
k__Bacteria;p__Proteobacteria;c__Betaproteobacteria;o__Burkholderiales;f__Sutterellaceae;g__Sutterella;s__Sutterella_wadsworthensis	0.0168047220942	-0.00158059981561	-0.00644523646221	-0.0574306530139	-0.00555410097442	-0.0111713802116	-0.0308002822238	-0.0256133973358	0.00756491832865	0.0259878547145	-0.00515936058788	0.00799048897035	-0.00770998299218	-0.00789368149163	-0.0496289562577	-0.0279567228996	-0.053370246291	1.0	0.00586549511094	0.00916339062096	-0.0383516174556	-0.0353565563247	-0.00258863634544	0.000723614123296	-0.00368492938597	-0.0556328785222	-0.00758181677578	-0.0369540603767	-0.00347378353319	-0.00307338380102	-0.0369739486376	-0.0182849887064	-0.0259852230273	0.0371584880898	0.0506629927739	0.00690567788919	-0.020707305922	0.0385136883911	-0.0218923400893	0.0512407176743	-0.0494400208313	0.0202453016659	-0.0185896724999	-0.020693301631	0.0232948157022	-0.0282089313388	-0.00339520823469	0.0418858828958	-0.0129691475034	-0.0532973366384	-0.0126886130907	0.0503592444502	-0.0153978063097	-0.0258760319691	-0.010001557758	0.0156205775852	-0.0292476875997	-0.0513504478421	-0.0207170642695
k__Bacteria;p__Bacteroidetes;c__Bacteroidia;o__Bacteroidales;f__Porphyromonadaceae;g__Barnesiella;s__Barnesiella_intestinihominis	0.0696008091571	0.0177598183701	-0.0296218539369	0.0303166249186	0.0386219035452	-0.0429439981899	-0.00755189497184	-0.0360307640491	0.0237892693617	-0.0489603186011	-0.0480453893757	0.0226245684067	0.0054898667269	-0.064558302857	-0.00387557473151	-0.0141671791053	-0.049864350202	0.00586549511094	1.0	-0.0103163621682	0.0211722910043	-0.0548183181359	-0.00050937461574	-0.0103272232694	-0.0657116008239	0.0293057003664	0.0052879203247	0.0281127841192	-0.0380354670901	-0.052937641857	-0.0269172695373	-0.000544726133978	0.001600018186	-0.0390262518204	0.0118378031725	0.00428503625887	-0.00810179599285	0.0199065801295	-0.00088210102377	-0.0573398881856	-0.0621590589907	-0.0384327296626	0.0208876599406	0.00667254827996	0.0326549170321	0.0136727110442	-0.0283865595122	-0.0182932290041	-0.00459308008966	-0.00800235115322	0.0221051592423	-0.0380082959704	-0.0196573408177	0.00315590978691	-0.0233925392118	0.0555491242755	-0.0112578712284	-0.0274772500331	0.00421857101341
k__Bacteria;p__Bacteroidetes;c__Bacteroidia;o__Bacteroidales;f__Odoribacteraceae;g__Odoribacter;s__Odoribacter_splanchnicus	0.00476123408245	-0.0399562724011	-0.0438044477843	0.0249325693137	-0.00498497629221	-0.0416393695872	0.0153728907604	0.00574705827811	-0.0176933092352	0.0280913082407	-0.0366127054651	-0.0321402715268	-0.000299994769713	-0.0231990750209	-0.0251993410541	-0.0331097687101	0.0102438050074	0.00916339062096	-0.0103163621682	1.0	-0.0162629071231	0.00335027469855	0.0410854103009	0.0126250127988	-0.000659176810347	-0.0564646610855	0.019146023763	-0.0106521625951	-0.00771111836715	-0.0132972200024	-0.0383648488201	-0.000119380569876	0.0558876096374	0.00844021269724	-0.0428145622601	-0.0141304913818	0.0607933038591	0.0167322956007	-0.0433469977325	0.0280966271986	0.0104430520856	0.0639135971395	0.0261036002836	0.0425957897462	-0.0213394748529	-0.0348272697983	-0.0380514722877	-0.0269473677785	-0.00358144306203	0.00751002191948	0.0599833092047	0.0172051330328	0.0074709542073	0.0120326357918	0.0123667727963	-0.0729638330194	-0.00897770136296	-0.00373286350274	0.0253464622949
k__Bacteria;p__Bacteroidetes;c__Bacteroidia;o__Bacteroidales;f__Bacteroidaceae;g__Bacteroides;s__Bacteroides_salyersiae	-0.031711491272	-0.0445999861235	-0.0138201568703	-0.000282810890191	0.00388327696448	0.00366779535553	-0.0803410320426	-0.00926160185923	0.0337046328642	-0.014254061616	-0.0146509651069	0.0727067768142	-0.00590726771531	-0.0111630374492	-0.00440116604128	-0.0139914531025	-0.0515274099273	-0.0383516174556	0.0211722910043	-0.0162629071231	1.0	0.00646124595101	0.027909811772	0.0540120267214	0.0774982300205	-0.0282226554412	0.0642807619582	-0.0306744220384	-0.0553898454104	0.00705635369133	-0.0198681763545	-0.0176634378863	0.0364346708706	-0.0236804776553	0.026208593694	-0.0399213638692	0.0366321958249	-0.0225775111876	0.00418056030777	-0.0609513585743	0.0351712645342	0.0293190536629	0.0205380289752	-0.0331134163255	-0.0157748185413	0.00369629802941	0.0373613544333	-0.0682013812296	-0.0267005497162	0.0377234665657	0.0100004164168	-0.0278261471072	-0.0171856724374	-0.0211468500758	0.0157002797437	-0.0669703885448	-0.0541457378987	0.0965361899883	-0.0322945543541
k__Bacteria;p__Firmicutes;c__Clostridia;o__Clostridiales;f__Ruminococcaceae;g__Ruminiclostridium;s__[Eubacterium]_siraeum	0.00403840957365	0.0182425204051	0.0019384511675	-0.0374504159491	-0.0310639786179	-0.00308336703029	-0.01123608644	-0.0291260919961	0.0391099671797	-0.0011047690478	-0.0391598964887	-0.0444856574671	-0.0422074007096	-0.0181377173318	-0.0107131952089	0.0222895538837	3.12616574606e-05	-0.0353565563247	-0.0548183181359	0.00335027469855	0.00646124595101	1.0	0.00349852753971	-0.0339333731292	-0.00657820437722	-0.00876690976133	-0.0408638240873	0.0493667449335	-0.0753379098877	0.0116098377344	0.0590436982587	-0.033325613849	0.0451300544902	0.0109077943652	-0.0290007723878	-0.0411345853878	0.0180800422818	-0.0451966745952	-0.00237379871513	-0.0396780255174	0.00379197437316	-0.0157937167144	0.0384055402823	0.0128701074226	0.0793140068985	-0.0462197530026	-0.0230317916611	0.0602666111047	-0.045163801361	0.0117206898067	-0.0896049201709	-0.0521978352813	0.0286916059005	0.0207947308373	0.00368170195491	0.00983279400806	0.0307516970435	0.00134242435393	-0.027952611626
k__Bacteria;p__Proteobacteria;c__Betaproteobacteria;o__Burkholderiales;f__Sutterellaceae;g__Parasutterella;s__Parasutterella_excrementihominis	-0.0476600792817	0.0140484974647	0.0705552584414	-0.0519159248224	-0.0614851543715	0.0222176837896	0.000417473696033	0.0360762567298	-0.0560979472366	0.00989368275645	0.00981302277204	-0.0311906939506	-0.00247613062365	0.00475254990557	-0.0248889460483	-0.036462889821	0.0453427612699	-0.00258863634544	-0.00050937461574	0.0410854103009	0.027909811772	0.00349852753971	1.0	-0.0395237015118	0.0443782244989	-0.00320223502612	0.0193470256579	-0.0303023133837	0.0401191985645	0.0186015209679	0.00633930412947	-0.0612767943014	-0.0378317518123	0.015814421357	-0.0180960302148	-0.0507363863989	0.00101316828557	0.0114669685308	-0.0641256236627	-0.0441734803686	0.007977961706	-0.0470721674417	-0.0077219664806	-0.0313187823208	-0.0568926685127	0.0611814176249	-0.00935189994461	-0.0251841393931	0.00183165452066	0.00719359919414	-0.0292671032424	-0.0419051469165	0.0380473368888	-0.0214216397432	-0.000358740906048	0.00776390402525	-0.00521883894621	-0.00211897503136	0.0281511721686
k__Bacteria;p__Actinobacteria;c__Actinobacteria;o__Bifidobacteriales;f__Bifidobacteriaceae;g__Bifidobacterium;s__Bifidobacterium_adolescentis	-0.019322000787	-0.00235383121389	-0.0292296663771	-0.0252904657787	0.0127496961582	-0.033867277042	0.012494223493	0.039210384206	-0.0577967711806	0.00353046532564	-0.0224205069443	-0.0340053811024	-0.0260277787113	-0.0105032887103	-0.0315545329848	0.0139257101022	-0.0200174158326	0.000723614123296	-0.0103272232694	0.0126250127988	0.0540120267214	-0.0339333731292	-0.0395237015118	1.0	-0.0261043938952	-0.0270514267665	-0.0265712256663	-0.0522736624798	-0.00687317382953	-0.0541971505863	0.0123517520312	0.0214541371571	0.031855725102	0.023677443018	-0.00775915264837	0.036802652591	0.0228555777729	-0.0267945397851	-0.00886284236397	-0.0040491316678	-0.0342557721171	-0.0306321904758	0.0117475949485	0.0203353951604	-0.0193899802072	0.00770326898601	-0.015879333552	-0.0430093728919	-0.00713695519385	-0.0219236264064	-0.02618556285	0.00457280441372	0.0118425315223	0.0139125492919	0.00635989975803	0.0439427800276	0.0301972953037	-0.0438553209136	0.0234634734278
k__Bacteria;p__Firmicutes;c__Clostridia;o__Clostridiales;f__Oscillospiraceae;g__Oscillibacter;s__Oscillibacter_sp._KLE_1745	-0.0366421631791	0.00899103385531	0.0232631428472	0.012828671491	-0.0182768875174	-0.0382299266986	0.00625262783459	-0.0566788991201	-0.0398251715353	-0.0349296975705	-0.0315028581515	0.0256030001569	-0.00021882627194	0.0297251103882	0.0171755792832	0.00993735389952	0.0109079303739	-0.00368492938597	-0.0657116008239	-0.000659176810347	0.0774982300205	-0.00657820437722	0.0443782244989	-0.0261043938952	1.0	-0.00186882945002	-0.0810036338015	-0.0130506274033	0.00830146475152	-0.0228994592901	0.0126240120358	0.0543487175169	-0.0369819562873	-0.00513977542674	0.0262071942529	0.0131151499547	-0.0231939986535	0.0279215043464	0.0230156253193	0.0325813045585	-0.0424801000854	0.00701810698969	-0.0054520493769	0.00837861297838	-0.0679495534534	-0.0872816651452	-0.022565938848	0.00139886306497	-0.0168194638534	-0.00675073315059	-0.00844877055426	0.00937891085093	-0.0247733395541	-0.0115445264911	-0.0506147992756	-0.036977064594	0.0238728639988	0.0021882875139	-0.0548375167271
k__Bacteria;p__Bacteroidetes;c__Bacteroidia;o__Bacteroidales;f__Bacteroidaceae;g__Bacteroides;s__Bacteroides_coprophilus	-0.0261876964785	-0.0374858831228	-0.0276825785877	-0.0083264252121	-0.0438357888531	0.00400379937955	-0.0253347873273	0.0137321436172	0.0846227851938	0.00257519048091	-0.0721098704484	-0.0130962487506	-0.0259031326634	0.00189767595524	0.059993985518	-0.0475001495802	0.0180537798471	-0.0556328785222	0.0293057003664	-0.0564646610855	-0.0282226554412	-0.00876690976133	-0.00320223502612	-0.0270514267665	-0.00186882945002	1.0	-0.00776627616484	0.0294347174173	-0.0018376139514	0.0179152998228	-0.0288115585817	-0.0109258039618	-0.030289351604	0.01802287262	0.0130344797398	0.0432801884313	-0.00340401054138	-0.00707985322488	0.0472870633147	0.00299140193288	0.0024750873799	0.01106439748	-0.0133386108094	-0.0202372276271	0.0185239962725	-0.0102746852602	-0.026737195796	0.0106487520998	-0.0384022403861	0.0291629626545	-0.0350623317559	0.0291322450412	0.0278767526211	-0.0453899002656	-0.0148739377073	0.0181540307679	-0.0350347495007	0.0113292963943	0.012543103604
k__Bacteria;p__Firmicutes;c__Clostridia;o__Clostridiales;f__Lachnospiraceae;g__Roseburia;s__Roseburia_intestinalis	-0.0270186477396	-0.0467975885726	-0.0161040405845	-0.0620430888871	-0.0291861543877	0.0406363588079	-0.0120351138103	0.0373575725951	-0.0287304815998	-0.0359559278835	-0.0316249268578	-0.00792269434241	-0.0563049666926	-0.042682065463	0.0152792491222	0.0208043393683	-0.0451702196559	-0.00758181677578	0.0052879203247	0.019146023763	0.0642807619582	-0.0408638240873	0.0193470256579	-0.0265712256663	-0.0810036338015	-0.00776627616484	1.0	0.0086737945334	-0.0346053244349	-0.00425036554963	0.00217321078221	-0.0295551291267	-0.0355404603365	0.0297993424191	0.033380367221	0.044378767803	-0.0216705983005	-0.00602715378922	0.0460314552536	0.0367340794395	0.00528452183097	-0.0156459186612	0.0293228575636	0.0389356620176	0.0612588373041	0.0182002263473	0.00953810774268	-0.0328235030044	-0.000706353715456	0.0355113996495	-0.0441290061639	-0.0548157911099	-0.00637755035669	-0.0256312188125	-0.0299995331435	-0.0240016393269	-0.0795692661437	-0.0133150203939	-0.0337300708042
k__Bacteria;p__Firmicutes;c__Clostridia;o__Clostridiales;f__Lachnospiraceae;g__Roseburia;s__Roseburia_hominis	0.00899710950137	-0.013514525898	-0.0129029711387	0.0142214060522	0.00186075545942	-0.0410414252337	-0.0323071842538	0.0292688583703	-0.0338230179095	0.0419424255672	-0.00958585443904	0.000772225905993	0.00034019717598	-0.0242513192594	-0.0303797670504	0.0212828591463	-0.00610843660787	-0.0369540603767	0.0281127841192	-0.0106521625951	-0.0306744220384	0.0493667449335	-0.0303023133837	-0.0522736624798	-0.0130506274033	0.0294347174173	0.0086737945334	1.0	-0.000792111806884	0.035644355013	-0.0217633471207	-0.0335082070653	-0.0613027679713	0.0289053769734	-0.014754613295	-0.0502010292812	0.0243873809718	-0.0278533903853	0.0499406918215	-0.0774227580534	0.0163210232086	-0.00554471840597	0.0143589728329	-0.00375799974262	0.00554741503179	-0.00414360711621	-0.00104335582147	0.0123070011326	-0.022962817949	-0.0346506707083	0.0362077793035	0.0116793264637	0.0160840558006	-0.054485641107	0.0175289882998	-0.00321499208294	-0.0450417097845	-0.0630016412991	-0.014242348541
k__Bacteria;p__Bacteroidetes;c__Bacteroidia;o__Bacteroidales;f__Porphyromonadaceae;g__Parabacteroides;s__Parabacteroides_johnsonii	0.0300423440908	0.000252993920571	-0.0407941687251	0.031034214606	0.0559409178631	-0.0244383034775	0.0251363874748	-0.0148693059164	-0.0292971206089	-0.0192973407116	-0.0252809886835	0.0447214936528	0.0140055181796	-0.0338517020291	-0.0155913232081	0.00228716656053	-0.00569418825673	-0.00347378353319	-0.0380354670901	-0.00771111836715	-0.0553898454104	-0.0753379098877	0.0401191985645	-0.00687317382953	0.00830146475152	-0.0018376139514	-0.0346053244349	-0.000792111806884	1.0	-0.00767323613676	-0.0266827014207	-0.0675674492936	0.0434936338151	0.0190651122252	0.00258625615303	0.0255565724634	-0.0198790648883	-0.00748549903777	-0.0282817812141	-0.000370213497976	-0.00562227820588	-0.00186336706904	-0.00617668965906	-0.0408133996699	-0.00319673666996	0.0573837590019	-0.0485319474586	-0.0189194067833	0.0084703137582	-0.0201020537479	-0.0134143232771	-0.00865955716397	-0.0251742793944	-0.0350488853814	0.0354531980698	-0.0754836641272	-0.0408191974612	0.0296045487954	-0.0276687661901
