#taxonomy	k__Bacteria;p__Bacteroidetes;c__Bacteroidia;o__Bacteroidales;f__Bacteroidaceae;g__Bacteroides;s__Bacteroides_vulgatus	k__Bacteria;p__Bacteroidetes;c__Bacteroidia;o__Bacteroidales;f__Bacteroidaceae;g__Bacteroides;s__Bacteroides_uniformis	k__Bacteria;p__Bacteroidetes;c__Bacteroidia;o__Bacteroidales;f__Rikenellaceae;g__Alistipes;s__Alistipes_putredinis	k__Bacteria;p__Bacteroidetes;c__Bacteroidia;o__Bacteroidales;f__Prevotellaceae;g__Prevotella;s__Prevotella_copri	k__Bacteria;p__Bacteroidetes;c__Bacteroidia;o__Bacteroidales;f__Bacteroidaceae;g__Bacteroides;s__Bacteroides_stercoris	k__Bacteria;p__Bacteroidetes;c__Bacteroidia;o__Bacteroidales;f__Bacteroidaceae;g__Bacteroides;s__Bacteroides_ovatus	k__Bacteria;p__Bacteroidetes;c__Bacteroidia;o__Bacteroidales;f__Rikenellaceae;g__Alistipes;s__Alistipes_shahii	k__Bacteria;p__Firmicutes;c__Clostridia;o__Clostridiales;f__Ruminococcaceae;g__Faecalibacterium;s__Faecalibacterium_prausnitzii	k__Bacteria;p__Bacteroidetes;c__Bacteroidia;o__Bacteroidales;f__Rikenellaceae;g__Alistipes;s__Alistipes_finegoldii	k__Bacteria;p__Bacteroidetes;c__Bacteroidia;o__Bacteroidales;f__Porphyromonadaceae;g__Parabacteroides;s__Parabacteroides_distasonis	k__Bacteria;p__Bacteroidetes;c__Bacteroidia;o__Bacteroidales;f__Bacteroidaceae;g__Bacteroides;s__Bacteroides_thetaiotaomicron	k__Bacteria;p__Bacteroidetes;c__Bacteroidia;o__Bacteroidales;f__Bacteroidaceae;g__Bacteroides;s__Bacteroides_coprocola	k__Bacteria;p__Bacteroidetes;c__Bacteroidia;o__Bacteroidales;f__Bacteroidaceae;g__Bacteroides;s__Bacteroides_cellulosilyticus	k__Bacteria;p__Bacteroidetes;c__Bacteroidia;o__Bacteroidales;f__Rikenellaceae;g__Alistipes;s__Alistipes_obesi	k__Bacteria;p__Firmicutes;c__Clostridia;o__Clostridiales;f__Lachnospiraceae;g__;s__[Eubacterium]_rectale	k__Bacteria;p__Bacteroidetes;c__Bacteroidia;o__Bacteroidales;f__Bacteroidaceae;g__Bacteroides;s__Bacteroides_plebeius	k__Bacteria;p__Bacteroidetes;c__Bacteroidia;o__Bacteroidales;f__Bacteroidaceae;g__Bacteroides;s__Bacteroides_fragilis	k__Bacteria;p__Proteobacteria;c__Betaproteobacteria;o__Burkholderiales;f__Sutterellaceae;g__Sutterella;s__Sutterella_wadsworthensis	k__Bacteria;p__Bacteroidetes;c__Bacteroidia;o__Bacteroidales;f__Porphyromonadaceae;g__Barnesiella;s__Barnesiella_intestinihominis	k__Bacteria;p__Bacteroidetes;c__Bacteroidia;o__Bacteroidales;f__Odoribacteraceae;g__Odoribacter;s__Odoribacter_splanchnicus	k__Bacteria;p__Bacteroidetes;c__Bacteroidia;o__Bacteroidales;f__Bacteroidaceae;g__Bacteroides;s__Bacteroides_salyersiae	k__Bacteria;p__Firmicutes;c__Clostridia;o__Clostridiales;f__Ruminococcaceae;g__Ruminiclostridium;s__[Eubacterium]_siraeum	k__Bacteria;p__Proteobacteria;c__Betaproteobacteria;o__Burkholderiales;f__Sutterellaceae;g__Parasutterella;s__Parasutterella_excrementihominis	k__Bacteria;p__Actinobacteria;c__Actinobacteria;o__Bifidobacteriales;f__Bifidobacteriaceae;g__Bifidobacterium;s__Bifidobacterium_adolescentis	k__Bacteria;p__Firmicutes;c__Clostridia;o__Clostridiales;f__Oscillospiraceae;g__Oscillibacter;s__Oscillibacter_sp._KLE_1745	k__Bacteria;p__Bacteroidetes;c__Bacteroidia;o__Bacteroidales;f__Bacteroidaceae;g__Bacteroides;s__Bacteroides_coprophilus	k__Bacteria;p__Firmicutes;c__Clostridia;o__Clostridiales;f__Lachnospiraceae;g__Roseburia;s__Roseburia_intestinalis	k__Bacteria;p__Firmicutes;c__Clostridia;o__Clostridiales;f__Lachnospiraceae;g__Roseburia;s__Roseburia_hominis	k__Bacteria;p__Bacteroidetes;c__Bacteroidia;o__Bacteroidales;f__Porphyromonadaceae;g__Parabacteroides;s__Parabacteroides_johnsonii	k__Bacteria;p__Actinobacteria;c__Actinobacteria;o__Bifidobacteriales;f__Bifidobacteriaceae;g__Bifidobacterium;s__Bifidobacterium_longum	k__Bacteria;p__Firmicutes;c__Clostridia;o__Clostridiales;f__;g__Flavonifractor;s__Flavonifractor_plautii	k__Bacteria;p__Firmicutes;c__Clostridia;o__Clostridiales;f__Clostridiaceae;g__Clostridium;s__Clostridium_phoceensis	k__Bacteria;p__Verrucomicrobia;c__Verrucomicrobiae;o__Verrucomicrobiales;f__Akkermansiaceae;g__Akkermansia;s__Akkermansia_muciniphila	k__Bacteria;p__Bacteroidetes;c__Bacteroidia;o__Bacteroidales;f__Prevotellaceae;g__Paraprevotella;s__Paraprevotella_xylaniphila	k__Bacteria;p__Firmicutes;c__Clostridia;o__Clostridiales;f__Ruminococcaceae;g__Ruminococcus;s__Ruminococcus_callidus	k__Bacteria;p__Bacteroidetes;c__Bacteroidia;o__Bacteroidales;f__Rikenellaceae;g__Alistipes;s__Alistipes_senegalensis	k__Bacteria;p__Firmicutes;c__Clostridia;o__Clostridiales;f__Lachnospiraceae;g__Blautia;s__Blautia_sp._KLE_1732	k__Bacteria;p__Bacteroidetes;c__Bacteroidia;o__Bacteroidales;f__Bacteroidaceae;g__Bacteroides;s__Bacteroides_oleiciplenus	k__Bacteria;p__Firmicutes;c__Clostridia;o__Clostridiales;f__Ruminococcaceae;g__Ruminococcus;s__Ruminococcus_bicirculans	k__Bacteria;p__Bacteroidetes;c__Bacteroidia;o__Bacteroidales;f__Bacteroidaceae;g__Bacteroides;s__Bacteroides_fluxus	k__Bacteria;p__Bacteroidetes;c__Bacteroidia;o__Bacteroidales;f__Prevotellaceae;g__Prevotella;s__Prevotella_stercorea	k__Bacteria;p__Firmicutes;c__Clostridia;o__Clostridiales;f__Lachnospiraceae;g__Dorea;s__Dorea_longicatena	k__Bacteria;p__Firmicutes;c__Clostridia;o__Clostridiales;f__Eubacteriaceae;g__Eubacterium;s__[Eubacterium]_eligens	k__Bacteria;p__Firmicutes;c__Clostridia;o__Clostridiales;f__Ruminococcaceae;g__;s__Ruminococcaceae_bacterium_D16	k__Bacteria;p__Firmicutes;c__Clostridia;o__Clostridiales;f__Lachnospiraceae;g__Coprococcus;s__Coprococcus_comes	k__Bacteria;p__Proteobacteria;c__Gammaproteobacteria;o__Enterobacterales;f__Enterobacteriaceae;g__Escherichia;s__Escherichia_coli	k__Bacteria;p__Firmicutes;c__Clostridia;o__Clostridiales;f__Ruminococcaceae;g__Anaerotruncus;s__Anaerotruncus_colihominis	k__Bacteria;p__Firmicutes;c__Clostridia;o__Clostridiales;f__Lachnospiraceae;g__Blautia;s__Blautia_obeum	k__Bacteria;p__Bacteroidetes;c__Bacteroidia;o__Bacteroidales;f__Odoribacteraceae;g__Odoribacter;s__Odoribacter_laneus	k__Bacteria;p__Firmicutes;c__Clostridia;o__Clostridiales;f__Ruminococcaceae;g__Ruminiclostridium;s__[Clostridium]_leptum	k__Bacteria;p__Bacteroidetes;c__Bacteroidia;o__Bacteroidales;f__Porphyromonadaceae;g__Parabacteroides;s__Parabacteroides_goldsteinii	k__Bacteria;p__Firmicutes;c__Clostridia;o__Clostridiales;f__Lachnospiraceae;g__Anaerostipes;s__Anaerostipes_hadrus	k__Bacteria;p__Firmicutes;c__Clostridia;o__Clostridiales;f__Ruminococcaceae;g__Ruminococcus;s__Ruminococcus_lactaris	k__Bacteria;p__Firmicutes;c__Clostridia;o__Clostridiales;f__Clostridiaceae;g__Clostridium;s__Clostridium_sp._L2-50	k__Bacteria;p__Firmicutes;c__Clostridia;o__Clostridiales;f__Clostridiaceae;g__Clostridium;s__Clostridium_sp._M62/1	k__Bacteria;p__Firmicutes;c__Clostridia;o__Clostridiales;f__;g__Intestinimonas;s__Intestinimonas_butyriciproducens	k__Bacteria;p__Actinobacteria;c__Actinobacteria;o__Bifidobacteriales;f__Bifidobacteriaceae;g__Bifidobacterium;s__Bifidobacterium_bifidum	k__Bacteria;p__Firmicutes;c__Negativicutes;o__Veillonellales;f__Veillonellaceae;g__Dialister;s__Dialister_invisus	k__Bacteria;p__Bacteroidetes;c__Bacteroidia;o__Bacteroidales;f__Bacteroidaceae;g__Bacteroides;s__Bacteroides_salanitronis
k__Bacteria;p__Bacteroidetes;c__Bacteroidia;o__Bacteroidales;f__Bacteroidaceae;g__Bacteroides;s__Bacteroides_vulgatus	1.0	-0.000331746927109	-0.0574375124582	-0.0328252845176	-0.0177946727301	-0.0294531974438	-0.0590033396084	-0.0169635553977	-0.00974415197457	0.0614455374224	-0.0296206210303	0.0205028850521	-0.0120658641759	0.0202762591356	-0.0699239575003	-0.0567213569114	0.0043044419119	0.01115539942	0.00768685105087	0.0655206073883	-0.0636707693139	-0.00767949988661	-0.00487877682403	-0.0377674590074	-0.0405619809153	0.00890850433678	0.0233943013858	-0.0208543516031	0.0441681587377	-0.031454651676	-0.0415399418372	0.0167130220068	0.0015661611133	0.00246527879152	0.0447460366842	-0.0286950097603	-0.0404630973981	-0.0448304082819	-0.0356159902823	0.032715671314	0.0134162731045	-0.0221513537624	0.0469802308531	-0.00546194434409	-0.0313684358694	-0.0160312469396	-0.0282083952051	-0.00764518720317	0.0121309602145	0.028564615435	-0.00105710549825	0.0315242119071	0.0274647608971	0.0651880395342	-0.022620157069	0.00953680044575	0.0236212563118	0.0552291150419	0.0134414936829
k__Bacteria;p__Bacteroidetes;c__Bacteroidia;o__Bacteroidales;f__Bacteroidaceae;g__Bacteroides;s__Bacteroides_uniformis	-0.000331746927109	1.0	0.0104557246867	-0.0364164986229	-0.0185049759986	0.0173912536699	-0.0313806148683	0.00433435394967	-0.0159028216817	-0.0575219660676	-0.0335618497395	-0.0104245439119	0.0079550975014	-0.055534110969	-0.052802521871	-0.0310793023121	0.0465441412985	-0.0171354358789	-0.0062710262566	0.00208587142716	0.0391833171273	0.00942913024538	-0.0457915193589	0.0205147988791	-0.00318323760738	0.003180961431	0.0316629435888	0.0377517035968	-0.00422953224753	0.00252302328678	-0.00514764215963	-0.00805743521297	0.0334795214677	0.00723928157414	-0.0371141769623	-0.000149577090861	-0.00749489566042	0.0165111245415	-0.00567788058563	0.0149915232007	0.00289220466107	-0.0164459941735	0.0441513250364	0.0142940192921	-0.0426976657246	-0.0152122519337	0.00202438594538	-0.0470478294854	-0.0621946694888	0.00954311347887	-0.0344091613819	-0.0358837929502	0.027350590819	0.0771471231758	-0.057496245353	0.0140976194676	0.0479412640618	0.0201164657518	-0.0230528877928
k__Bacteria;p__Bacteroidetes;c__Bacteroidia;o__Bacteroidales;f__Rikenellaceae;g__Alistipes;s__Alistipes_putredinis	-0.0574375124582	0.0104557246867	1.0	0.0151168193372	0.0307707581797	0.00349628932681	0.00534725038651	0.00484677861482	-0.0231622445252	-0.0245280749334	0.0238654578493	0.00539268750707	0.0475768709107	-0.0225061919833	0.0261099063981	-0.020544121222	0.0227294345113	-0.0559914302153	-0.0119965641593	-0.00662036826642	0.0117732143809	-0.0263783932295	-0.0503630054828	-0.0214944704335	-0.0177556547316	0.0189055823983	-0.0324241491982	0.0254412031062	-0.0393381766558	-0.00258495041831	-0.0677992818343	0.0448772525376	0.0494065966715	-0.0512003035319	-0.00779607965596	0.0150077476702	-0.0326967302056	-0.00343294688304	-0.0300053866481	-0.0468750319789	-0.0259235912613	-0.0168989979599	-0.00328346692979	0.0358369480508	0.0475117141806	-0.0137413509918	-0.031722138344	-0.0904254105311	-0.0395587976943	-0.0183237189256	0.0265660023875	0.00371739631745	-0.0633985985566	0.00323216995873	0.024565461862	-0.0153055551392	0.0464133768815	-0.00548349028434	0.00550511427243
k__Bacteria;p__Bacteroidetes;c__Bacteroidia;o__Bacteroidales;f__Prevotellaceae;g__Prevotella;s__Prevotella_copri	-0.0328252845176	-0.0364164986229	0.0151168193372	1.0	0.0458584770301	0.00159352943489	0.0163277415224	-0.0117256449037	-0.0199558054384	-0.0225568169714	0.0134312136251	-0.0136363561536	0.0276147994908	-0.0505798086819	-0.0333778926983	0.00253678361709	0.00320843121979	0.00834303098069	-0.0600094115683	-0.0035887224274	-0.0890528472407	-0.0158159183157	0.0033095386093	0.0363303266926	-0.00326054855967	-0.0280331053562	-0.0493625198859	-0.0233886160608	-0.0232311539794	-0.0488320006528	-0.000443741646454	-0.0314397308351	-0.0512436165152	0.0637708500028	-0.0873448156554	0.0128013377947	-0.0270510589717	0.0603136542335	0.010537745877	-0.0146067816347	0.073228640121	-0.0582853199101	-0.00824419043357	-0.0866652929778	-0.00966567137472	-0.0379124395329	-0.0164448401371	-0.00570382863936	0.00521953041615	0.0426892678631	-0.0704987236387	-0.0118254773553	-0.0293818081857	-0.0675505413303	0.0166399721611	-0.0209279050356	-0.0245787072127	0.0339538157502	-0.00392895579778
k__Bacteria;p__Bacteroidetes;c__Bacteroidia;o__Bacteroidales;f__Bacteroidaceae;g__Bacteroides;s__Bacteroides_stercoris	-0.0177946727301	-0.0185049759986	0.0307707581797	0.0458584770301	1.0	-0.0320368136075	-0.0306467641928	0.0150358330745	-0.0140194660546	-0.0361442950518	0.0202884821376	0.018446711693	-0.00658378765674	-0.0344717361328	0.00578085167898	-0.0585675772246	-0.0159223592809	-0.0840740848481	0.0149274603564	0.0289474693122	0.0552874492804	-0.0874578329188	-0.0317065771421	-0.00589641145995	0.00416876944564	0.058323720252	-0.0295211409032	-0.0115013002173	-0.016078345251	0.0242071579074	-0.0188661262887	-0.0189636780946	0.000153854653282	-0.000258895302746	-0.0236689306774	-0.0175781194723	-0.0141785569052	0.0169412698208	-0.0439655448699	-0.0109467555112	0.0255471656245	-0.031429062299	0.0184397692544	0.0265357013987	-0.0270138712414	0.00381408354757	-0.0553137877278	1.95671469225e-05	-0.0229468585766	-0.0192913562269	0.00467547644225	-0.0675001481328	0.0163716995321	0.0120431867143	0.00951319992315	-0.00593585422019	-0.000810230725403	-0.004325154855	0.0073909150406
k__Bacteria;p__Bacteroidetes;c__Bacteroidia;o__Bacteroidales;f__Bacteroidaceae;g__Bacteroides;s__Bacteroides_ovatus	-0.0294531974438	0.0173912536699	0.00349628932681	0.00159352943489	-0.0320368136075	1.0	-0.0383424137641	-0.0383608847768	-0.0657375217477	0.0605622363239	-0.0574508755773	0.0665096858501	-0.000504313603582	-0.00223129705312	-0.00182970498349	0.0291998241244	-0.0954807627529	0.0397231873054	0.0197699202865	0.0268753855924	-0.0168088416115	-0.00207989710002	-0.0263697398766	0.0457514449329	-0.0578955387079	0.0271938934718	0.0106900679263	-0.0416456214551	0.0173646438652	0.0124702784447	-0.0173253103105	0.00318836327326	-0.0774237966288	0.0434574777824	-0.0126016489014	-0.0180110478219	-0.0590624385808	0.0307359620598	-0.0101174514306	0.00412383051251	-0.0459453681335	0.00638697610834	-0.0247945447347	0.012120010193	-0.00805532924256	-0.0466490512638	0.00358158071041	0.0155435388773	-0.038195136342	-0.0430373963668	-0.00778545336133	-0.0211300538906	-0.0287416712078	0.00184731175732	-0.0215539559161	-0.0373560933575	0.0271439686898	0.0078921852945	-0.00588328848533
k__Bacteria;p__Bacteroidetes;c__Bacteroidia;o__Bacteroidales;f__Rikenellaceae;g__Alistipes;s__Alistipes_shahii	-0.0590033396084	-0.0313806148683	0.00534725038651	0.0163277415224	-0.0306467641928	-0.0383424137641	1.0	0.00897971041236	0.0100056329966	0.00453706218957	0.0264396924177	0.00474505787326	0.00310073222166	0.00265235306503	0.0124435414581	-0.0279947978122	-0.0332328351528	-0.0230678473469	-0.00890788020799	0.0359228257795	0.0441332086519	-0.00729051408509	0.0142377875393	0.00314231120681	-0.0228558228255	-0.00516143695872	-0.0457374300705	-0.000595519413401	-0.00261057190825	-0.0534536482759	0.0162507249466	-0.00980357960666	0.00163522337491	-0.0579689254871	0.0155972852688	-0.0204567843132	-0.0258537719794	0.0575850496173	-0.00326957289025	-0.0244450184528	0.0381794544378	-0.010065736153	-0.0359883573283	-0.068140126348	-0.068803769557	-0.01086889003	-0.0280880177008	0.0190471660523	0.0356973904919	0.0232618723216	0.0313751980741	-0.0100042210344	-0.0379568078987	-0.0192508582467	-0.0125402012321	-0.0409685514361	-0.0367858181667	0.00365932415562	-0.00599674642983
k__Bacteria;p__Firmicutes;c__Clostridia;o__Clostridiales;f__Ruminococcaceae;g__Faecalibacterium;s__Faecalibacterium_prausnitzii	-0.0169635553978	0.00433435394967	0.00484677861482	-0.0117256449037	0.0150358330745	-0.0383608847768	0.00897971041236	1.0	0.00264975756751	0.0113541106616	-0.00435421185727	0.0513099039446	-0.0253330365976	-0.0112620510981	-0.0183453827243	0.0322550622555	0.016538032799	0.0131160693782	0.0527171639577	-0.00504736927595	0.0102476649465	0.00686906195537	-0.0179604448953	0.0134785808878	-0.0107549980393	-0.0112644271963	0.00829731525186	-0.0208789371468	-0.0348989303239	-0.01772409629	-0.0116432543432	0.0332267183424	1.50756470992e-05	-0.0626120259922	-0.0281180686978	0.0287443942194	-0.0233549463421	-0.0260051820251	-0.0395806309232	0.0121593170685	-0.0352786439914	0.0409275682562	-0.00381680397051	-0.00824086291119	0.0043757732045	-0.0076712670772	-0.0362255082005	-0.0372156609768	-0.00816371441705	0.00834363355558	0.00187118516737	-0.0412042794958	0.0159964644508	0.00678863410402	-0.0437948685014	-0.0194814446228	0.027678877942	-0.0726310230635	0.0413118857306
k__Bacteria;p__Bacteroidetes;c__Bacteroidia;o__Bacteroidales;f__Rikenellaceae;g__Alistipes;s__Alistipes_finegoldii	-0.00974415197457	-0.0159028216817	-0.0231622445252	-0.0199558054384	-0.0140194660546	-0.0657375217477	0.0100056329966	0.00264975756751	1.0	-0.0843364265316	0.0369295509926	-0.0669615382432	-0.00997399631227	-0.0145170344327	-0.01987429699	0.0057293217521	-0.00554706256448	-0.0878581508002	0.0484422925188	-0.0412486297285	-0.0062841405611	-0.0581137931022	0.0382839479946	-0.0478494208481	0.0236093236952	0.0422694996052	0.0790518547337	-0.0418806672838	-0.0648632648541	0.0391656525809	-0.0481270324762	0.0486237672521	0.0478358354637	0.0116446765895	0.0102857658333	0.0497092371655	0.0177205832106	-0.0868051273578	0.0216067367423	0.0413201627592	0.0285503815572	-0.0123393900453	-0.00477280969183	-0.0360827198528	0.012779729679	-0.00104494330779	0.0361868146133	0.0205346828622	-0.0310530485764	0.00206848953932	-0.0334796329683	-0.0141833812985	-0.0312469111857	0.00802134099105	-0.00329226318033	-1.57573937019e-05	-0.045384450159	0.0311951704683	-0.029683833004
k__Bacteria;p__Bacteroidetes;c__Bacteroidia;o__Bacteroidales;f__Porphyromonadaceae;g__Parabacteroides;s__Parabacteroides_distasonis	0.0614455374224	-0.0575219660676	-0.0245280749334	-0.0225568169714	-0.0361442950518	0.0605622363239	0.00453706218957	0.0113541106616	-0.0843364265316	1.0	-0.00708141175517	-0.00175407504766	-0.0716370724965	0.0643324791077	0.0298602657774	0.0522723979623	-0.0134190454634	-0.0567349502621	0.00518655596155	-0.026177411388	0.020206915501	0.0185677794395	-0.00409281350107	-0.0213200528873	0.0108542625874	-0.0138628498208	0.0216846596679	-0.0136948324243	-0.0116383056306	-0.011536242449	-0.0286671088667	-0.0356891666001	0.0385783724531	0.0586118076133	-0.032226700721	-0.0136302949713	-0.0355844743589	0.0579791560036	-0.0510109920276	0.0111780660942	-0.00325445413521	0.0390946078973	0.0202087513379	0.0144126160405	0.0235803963484	0.0127434696363	-0.0351435416838	0.0100614426237	0.0193046958224	0.0300599892219	-0.0130235602333	0.00802953214571	-0.0315765218118	-0.0420685028245	-0.0457636021163	-0.0369381434456	-0.0442494719043	-0.0217624644539	-0.0224101240009
k__Bacteria;p__Bacteroidetes;c__Bacteroidia;o__Bacteroidales;f__Bacteroidaceae;g__Bacteroides;s__Bacteroides_thetaiotaomicron	-0.0296206210303	-0.0335618497395	0.0238654578493	0.0134312136251	0.0202884821376	-0.0574508755773	0.0264396924177	-0.00435421185727	0.0369295509926	-0.00708141175517	1.0	-0.0250810403356	0.00638376945434	-0.0111051433598	-0.0192604856813	-0.0244121047553	-0.00807988750872	-0.0209171752901	-0.0379036116314	-0.0167109538248	0.00870440904321	-0.0433318399952	-0.0712710577561	0.0139959381099	0.0386076385742	0.0167441907753	0.014912802128	-0.0466596327821	0.0203895716739	-0.0127331205834	-0.00522586084237	-0.00318219488552	-0.029878278406	-0.0245010175058	-0.0173743546582	-0.0384505091792	-0.0143402415155	-0.000229395092482	0.0535876850849	0.00961299652348	-0.0150256985425	-0.0268246506097	-0.0328396107693	-0.0121734392209	0.00436568231664	0.0399055814738	-0.0374762079984	-0.00305798109665	-0.0305330942036	0.00628638649856	-0.033466292319	0.0202942619928	-0.00739946862841	0.0234875238351	-0.0214176430822	-0.0199015708327	-0.0208922956921	-0.0381357895692	0.0758095929807
k__Bacteria;p__Bacteroidetes;c__Bacteroidia;o__Bacteroidales;f__Bacteroidaceae;g__Bacteroides;s__Bacteroides_coprocola	0.0205028850521	-0.0104245439119	0.00539268750707	-0.0136363561536	0.018446711693	0.0665096858501	0.00474505787326	0.0513099039446	-0.0669615382432	-0.00175407504766	-0.0250810403356	1.0	-0.0400317483906	0.0285022463715	0.0247859501388	-0.00959503251773	-0.0335910904295	-0.0221045163573	0.0185326733837	0.0590216456742	0.00989027064877	8.56117300013e-05	-0.00666965702202	-0.0254268819137	-0.0381427971933	-0.0396719313094	-0.00224626119585	-0.024994132304	0.0603997726852	-0.0207673303542	-0.0212264125739	-0.0451197257008	0.00831639302137	0.0263647567128	0.00414218103454	0.0492660007822	-0.0430059912297	0.0212950918397	-0.00547312499263	-0.000812032115211	0.00145516035991	-0.0583883832586	-0.0107595661539	0.0388194367809	0.00916369598889	-0.00226474459534	-0.024001263169	-0.0185815567155	0.0409408111648	0.0434942692449	-0.013635556102	0.014340509454	-0.00953085598019	-0.0161981426652	-0.0466184859587	-0.0479007368123	-0.00970271053724	-0.078499286321	-0.0377592976795
k__Bacteria;p__Bacteroidetes;c__Bacteroidia;o__Bacteroidales;f__Bacteroidaceae;g__Bacteroides;s__Bacteroides_cellulosilyticus	-0.0120658641759	0.0079550975014	0.0475768709107	0.0276147994908	-0.00658378765674	-0.000504313603582	0.00310073222166	-0.0253330365976	-0.00997399631227	-0.0716370724965	0.00638376945434	-0.0400317483906	1.0	-0.0179136780915	-0.0512067491455	-0.0199796490559	-0.00262680236104	-0.00787193770348	0.00396417724969	-0.0487455847122	0.0113891111111	-0.0367332670526	0.00342790025751	-0.0649142854403	0.0629627927806	0.00179521924954	-0.0409887153537	0.0106157156551	0.0329018257078	0.0125879123231	-0.0057287623254	0.00995294612469	0.0186292723989	-0.0317325844269	0.00163447087011	-0.00943741437141	0.00166026223863	0.00256798712109	-0.0945993587592	0.00265393866461	-0.0466005229225	-0.0131518484381	0.0443576576561	0.0119737583402	-0.0143095750795	-0.0103139655759	0.00542892398505	0.0325109989166	-0.0668577174254	-0.0100256918966	-0.0195065633519	-0.0358937008302	0.0429910251457	0.0406934510905	-0.0147051876449	0.0419113954311	0.00842367789546	0.0390116489864	-0.0477156474853
k__Bacteria;p__Bacteroidetes;c__Bacteroidia;o__Bacteroidales;f__Rikenellaceae;g__Alistipes;s__Alistipes_obesi	0.0202762591356	-0.055534110969	-0.0225061919833	-0.0505798086819	-0.0344717361328	-0.00223129705312	0.00265235306503	-0.0112620510981	-0.0145170344327	0.0643324791077	-0.0111051433598	0.0285022463715	-0.0179136780915	1.0	-0.0140664812191	0.012205274064	-0.0122310158097	-0.0120379092324	-0.0483113096246	-0.0508816114103	0.0241338404078	-0.0368461635729	0.0384567015782	-0.0294642477678	-0.0112156217693	0.022308296176	-0.082547657441	0.00363022451673	0.036499435582	-0.0536048748381	-0.0252649110769	-0.0168735266492	-0.0189709562517	-0.0205212044143	-0.00271515160633	-0.0274709167477	0.0677336410999	0.0181357665887	-0.00244472416995	-0.0394869432255	-0.03785015344	0.00339597493113	0.0209245538795	-0.0196823818412	-0.0381025783559	0.0694509139527	0.00433560897447	-0.0119820383655	-0.0113459039455	0.01386459721	0.00790942809305	0.0370661426032	-0.00714987969482	-0.00339901110782	-0.0509021663184	-0.015515418039	0.0629271779923	-0.0310258321554	-0.0317448235139
k__Bacteria;p__Firmicutes;c__Clostridia;o__Clostridiales;f__Lachnospiraceae;g__;s__[Eubacterium]_rectale	-0.0699239575003	-0.052802521871	0.0261099063981	-0.0333778926983	0.00578085167898	-0.00182970498349	0.0124435414581	-0.0183453827243	-0.01987429699	0.0298602657774	-0.0192604856813	0.0247859501388	-0.0512067491455	-0.0140664812191	1.0	-0.0348151961967	0.0425295343876	-0.0122071774325	-0.034164150839	0.0183379988238	0.0222027710304	-0.0041040198352	0.0222314111444	0.0196612385038	-0.0398884790978	-0.0160953947489	-0.0423698273171	-0.0258090308119	-0.042566502737	0.0202121937786	-0.0141723253258	0.013248625164	-0.0367905830728	-0.00360812875891	0.0243606504399	-0.0041948351164	0.0338022243982	0.000594514650515	0.0017082320628	-0.0442013080008	-0.0365011524741	-0.0624259909553	0.018066077597	0.0490180373359	-0.03206364502	0.0256454345991	0.0114542197776	0.0422485618866	-0.0319385101182	0.0261756003752	-0.0195029073645	0.00250189290087	-0.018995649929	0.049721976303	-0.0138289727079	-0.0336132679642	0.0641712337926	0.0154637443878	-0.0204550483128
k__Bacteria;p__Bacteroidetes;c__Bacteroidia;o__Bacteroidales;f__Bacteroidaceae;g__Bacteroides;s__Bacteroides_plebeius	-0.0567213569114	-0.0310793023121	-0.020544121222	0.00253678361709	-0.0585675772246	0.0291998241244	-0.0279947978122	0.0322550622555	0.0057293217521	0.0522723979623	-0.0244121047553	-0.00959503251773	-0.0199796490559	0.012205274064	-0.0348151961967	1.0	0.00356504626352	-0.0469357149498	0.0115297293571	0.028245982906	-0.0387238249619	0.0563394657382	0.0418176672558	-0.0759511916393	-0.0508707480959	-0.0280760058291	-0.0195683965282	0.0555785392929	0.0453765927956	0.0213819185108	-0.0358763416333	0.00131646516461	-0.00910316428539	0.0015531323575	0.0585980718806	0.00524563723081	0.0234562574819	-0.00365631313749	-0.0187746896545	-0.0155560942847	0.0291013363501	-0.0118998082409	0.0180507233489	0.0168052624048	-0.0186759548242	-0.00959817916941	0.0105806300279	-0.00511795976518	0.0300918829829	-0.0216177702713	0.0042237692053	-0.0265858052354	0.00801528205207	0.020987566194	-0.0228942188217	-0.0423367163809	0.0394857844552	-0.00010934370242	-0.0550072234686
k__Bacteria;p__Bacteroidetes;c__Bacteroidia;o__Bacteroidales;f__Bacteroidaceae;g__Bacteroides;s__Bacteroides_fragilis	0.0043044419119	0.0465441412985	0.0227294345113	0.00320843121979	-0.0159223592809	-0.0954807627529	-0.0332328351528	0.016538032799	-0.00554706256448	-0.0134190454634	-0.00807988750872	-0.0335910904295	-0.00262680236104	-0.0122310158097	0.0425295343876	0.00356504626352	1.0	0.00186801667676	0.0229345872576	-0.0136269155186	0.00732907816354	-0.0262910504487	0.0144637268295	0.000302440758267	-0.0227841610634	0.0144805304548	-0.0120749328158	-0.00903513212028	-0.0366863864725	-0.00601560850037	-0.0130870937579	0.0385822163176	-0.0578893767839	-0.0288535562347	-0.0533664977017	-0.00261263092374	-0.0099815255574	-0.0332379168161	-0.0243130199871	0.0151125488563	-0.0114417619416	-0.0158320723475	-0.00544834075896	-0.042367819529	0.00267625917953	-0.00228808840364	0.023209831577	-0.00528802033037	-0.0534687492866	0.0232302060943	-0.00739666240795	-0.093080866841	0.0755579020938	0.000488648122309	0.00335598444302	0.00603498268474	-0.0331872878411	-0.0159252020728	-0.0362074974793
k__Bacteria;p__Proteobacteria;c__Betaproteobacteria;o__Burkholderiales;f__Sutterellaceae;g__Sutterella;s__Sutterella_wadsworthensis	0.01115539942	-0.0171354358789	-0.0559914302153	0.00834303098069	-0.0840740848481	0.0397231873054	-0.0230678473469	0.0131160693782	-0.0878581508002	-0.0567349502621	-0.0209171752901	-0.0221045163573	-0.00787193770348	-0.0120379092324	-0.0122071774325	-0.0469357149498	0.00186801667676	1.0	-0.00954423000542	-0.0364912840936	-0.0246628365317	-0.00926694566356	-0.0133312415316	-0.0206033137381	0.0410490468228	0.00665665240111	-0.053494666964	-0.0359845030083	0.0425780141612	-0.00731044401913	-0.00382478689889	0.0464364489544	-0.0243711543842	0.0502370946748	0.0342054332703	-0.0194049147231	0.00903585645515	-0.00491546575105	0.00161508862909	-0.0207008812261	-0.0553048782373	-0.0130443631111	0.00160561125754	-0.0491696854889	0.00682669515724	0.0085449912002	0.0197616205764	-0.0235659626088	0.011774168785	0.031340988305	-0.0078386211597	0.00268818853361	-0.00700165975373	0.00110751515339	0.0117220984304	-0.00369748882408	-0.00849815252457	0.00359028987413	0.00774739486529
k__Bacteria;p__Bacteroidetes;c__Bacteroidia;o__Bacteroidales;f__Porphyromonadaceae;g__Barnesiella;s__Barnesiella_intestinihominis	0.00768685105087	-0.0062710262566	-0.0119965641593	-0.0600094115683	0.0149274603564	0.0197699202865	-0.00890788020799	0.0527171639577	0.0484422925188	0.00518655596155	-0.0379036116314	0.0185326733837	0.00396417724969	-0.0483113096246	-0.034164150839	0.0115297293571	0.0229345872576	-0.00954423000542	1.0	0.0765204173129	0.00934734822437	-0.0159715184247	-0.062864323003	0.00289239474446	0.0432800758779	0.0112563857591	-0.0348298637184	-0.0273789005717	0.0196527097637	0.00148221953798	-0.0157202260344	0.00729687701531	-0.059177574568	-0.0267138851723	-0.0304740800854	-0.00194723008425	-0.00914268767631	-0.0290632142788	0.0369882281643	-0.0112311263849	-0.0237130047638	0.046710063934	0.016257975314	-0.00608989123983	0.0131239839195	0.0398981423333	-0.0351489755823	-0.0476394586671	0.0261161782326	-0.0444625727691	-0.0142488855821	-0.0549561636607	-0.0122520616091	-0.01099720276	-0.0278781000206	-0.0473155764203	-0.0447047008174	0.0186010598603	0.01027740527
k__Bacteria;p__Bacteroidetes;c__Bacteroidia;o__Bacteroidales;f__Odoribacteraceae;g__Odoribacter;s__Odoribacter_splanchnicus	0.0655206073883	0.00208587142716	-0.00662036826642	-0.0035887224274	0.0289474693122	0.0268753855924	0.0359228257795	-0.00504736927595	-0.0412486297285	-0.026177411388	-0.0167109538248	0.0590216456742	-0.0487455847122	-0.0508816114103	0.0183379988238	0.028245982906	-0.0136269155186	-0.0364912840936	0.0765204173129	1.0	-0.0323588342748	-0.0465122116222	0.031100491908	0.0357114372249	-0.0257534247718	-0.0197361164673	-0.0459668557571	-0.0217822676903	0.00348123216791	0.0312500921177	-0.0428791576253	-0.0314559116527	0.0158733238539	-0.0108794469841	0.0103982600957	-0.0114424767359	-0.0480044045717	0.0289794856823	-0.0385610292114	-0.0496801019269	-0.0227045322397	-0.0339746036599	-0.0272024464616	0.0145872180713	-0.00797770688356	-0.0572452190485	-0.0409573420799	-0.00270486261756	0.0284428787218	-0.0966159142153	0.0211238013046	-0.0222833256869	0.00482508326252	-0.0208797780138	0.0277371108545	0.00551091508079	0.0248476786348	-0.0509806023431	0.0286422752843
k__Bacteria;p__Bacteroidetes;c__Bacteroidia;o__Bacteroidales;f__Bacteroidaceae;g__Bacteroides;s__Bacteroides_salyersiae	-0.0636707693139	0.0391833171273	0.0117732143809	-0.0890528472407	0.0552874492804	-0.0168088416115	0.0441332086519	0.0102476649465	-0.0062841405611	0.020206915501	0.00870440904321	0.00989027064877	0.0113891111111	0.0241338404078	0.0222027710304	-0.0387238249619	0.00732907816354	-0.0246628365317	0.00934734822437	-0.0323588342748	1.0	0.0196384464426	-0.0129731680602	-0.0455961750088	-0.0403311825595	-0.0287697385136	-0.0493080422683	0.0170891617473	-0.00658063318709	0.0675812486657	-0.0227119381145	-0.00811326388273	-0.0492681943076	-0.00181692260436	-0.02220717625	-0.00441683739466	0.0260688587568	-0.0209025312126	0.0178188942603	-0.0206085042289	-0.0295093309815	-0.033338783447	0.0167707302212	0.0122581110965	-0.0381947877871	0.00789469161633	-0.0137744004691	0.0130742514685	-0.0308806096988	-0.0360946845281	0.00168007002373	-0.0453228542026	0.0483673089546	0.0382731029062	-0.014078735568	-0.00712384851504	-0.0205668931658	-0.0245458453012	0.00746820308406
k__Bacteria;p__Firmicutes;c__Clostridia;o__Clostridiales;f__Ruminococcaceae;g__Ruminiclostridium;s__[Eubacterium]_siraeum	-0.00767949988661	0.00942913024538	-0.0263783932295	-0.0158159183157	-0.0874578329188	-0.00207989710002	-0.00729051408509	0.00686906195537	-0.0581137931022	0.0185677794395	-0.0433318399952	8.56117300013e-05	-0.0367332670526	-0.0368461635729	-0.0041040198352	0.0563394657382	-0.0262910504487	-0.00926694566356	-0.0159715184247	-0.0465122116222	0.0196384464426	1.0	-0.0182591801464	0.0385644492273	-0.0525968240967	-0.0127112596434	0.0321435296202	-0.0403102418006	0.00652311418977	-0.0348700434155	0.00569093617843	0.00666185767873	-0.0449031820495	-0.00208400968597	0.0117151003265	-0.0262516435204	0.0218469043494	0.0854621144688	-0.0444667934136	-0.0244510000971	-0.04162871339	0.0283100866054	0.0288798210662	0.0520521628593	-0.0314536815867	0.0162906275279	0.0237458186381	-0.00963492249422	0.0222546199881	-0.0242797310081	-0.0167931966875	-0.0293178096844	-0.0245611753985	-0.0210384600786	-0.0406023295835	-0.0109950660658	0.0314459045869	0.0342169304944	0.0190115705576
k__Bacteria;p__Proteobacteria;c__Betaproteobacteria;o__Burkholderiales;f__Sutterellaceae;g__Parasutterella;s__Parasutterella_excrementihominis	-0.00487877682403	-0.0457915193589	-0.0503630054828	0.0033095386093	-0.0317065771421	-0.0263697398766	0.0142377875393	-0.0179604448953	0.0382839479946	-0.00409281350107	-0.0712710577561	-0.00666965702202	0.00342790025751	0.0384567015782	0.0222314111444	0.0418176672558	0.0144637268295	-0.0133312415316	-0.062864323003	0.031100491908	-0.0129731680602	-0.0182591801464	1.0	0.017843100337	-0.0698663493012	0.00347392741606	-0.0355898694261	0.0419114850647	-0.0187268017503	-0.000710014401252	0.0120066414159	-0.00450042521061	0.00388545882972	-0.0227347272014	0.0116368737572	-0.0175012565863	0.0197429829976	-0.0296305787909	0.0267328535709	-0.0343619427773	-0.00252273327973	-0.0342871320396	-0.0108097180063	0.0401167197162	0.0258836810278	-0.0360041594631	-0.00273061930102	-0.0839984866433	0.00994208904876	0.0159168499206	-0.030225871469	-0.0349337284794	-0.0322361062906	-0.0114637954383	-0.0368327548367	-0.0164098601813	0.0167320145785	-0.0238339156193	-0.0218620463108
k__Bacteria;p__Actinobacteria;c__Actinobacteria;o__Bifidobacteriales;f__Bifidobacteriaceae;g__Bifidobacterium;s__Bifidobacterium_adolescentis	-0.0377674590074	0.0205147988791	-0.0214944704335	0.0363303266926	-0.00589641145995	0.0457514449329	0.00314231120681	0.0134785808878	-0.0478494208481	-0.0213200528873	0.0139959381099	-0.0254268819137	-0.0649142854403	-0.0294642477678	0.0196612385038	-0.0759511916393	0.000302440758267	-0.0206033137381	0.00289239474446	0.0357114372249	-0.0455961750088	0.0385644492273	0.017843100337	1.0	0.0237769489558	-0.0211227752218	-0.0195853850961	0.03463167339	-0.00943485996958	0.0108738139137	-0.0275958346476	-0.0061965240157	0.00882808912363	0.0171781718051	0.00785500802411	-0.0251189868027	-0.00764357576001	-0.0513848455112	0.00936091677001	0.00546309254967	0.00881114565255	-0.0379573877707	0.0328295031286	-0.0446412718048	-0.0620694676731	-0.0459995240067	0.0467396398397	0.00595574409569	-0.0395268735119	0.0483160873811	0.0346306399274	0.0106244703662	-0.0125908931528	-0.0564892037935	-0.00804776483748	8.46606038479e-05	0.00761281540442	-0.00136936314243	-0.00653693125437
k__Bacteria;p__Firmicutes;c__Clostridia;o__Clostridiales;f__Oscillospiraceae;g__Oscillibacter;s__Oscillibacter_sp._KLE_1745	-0.0405619809153	-0.00318323760738	-0.0177556547316	-0.00326054855967	0.00416876944564	-0.0578955387079	-0.0228558228255	-0.0107549980393	0.0236093236952	0.0108542625874	0.0386076385742	-0.0381427971933	0.0629627927806	-0.0112156217693	-0.0398884790978	-0.0508707480959	-0.0227841610634	0.0410490468228	0.0432800758779	-0.0257534247718	-0.0403311825595	-0.0525968240967	-0.0698663493012	0.0237769489558	1.0	-0.0312557351813	0.000625991900944	0.0410968913249	-0.031434219718	-0.00211611049285	0.0067829583404	-0.0321635691283	0.0216622165691	0.0127651539964	0.0404773708487	-0.0156279632981	-0.0188416384726	-0.0530893400876	-0.0608200382247	-0.035187670247	-0.0608335344521	0.0492409750063	-0.0475423164856	-0.00931517457307	-0.0227863208826	0.00564447558933	0.0302007773295	-0.00627801539341	0.000543067880159	-0.0602464753226	-0.00360641203967	-0.0116845931707	0.00585550312613	0.000587546063954	0.0167075380973	-0.00670813956682	-0.0138667946424	-0.0112287166023	0.0293414714248
k__Bacteria;p__Bacteroidetes;c__Bacteroidia;o__Bacteroidales;f__Bacteroidaceae;g__Bacteroides;s__Bacteroides_coprophilus	0.00890850433678	0.003180961431	0.0189055823983	-0.0280331053562	0.058323720252	0.0271938934718	-0.00516143695872	-0.0112644271963	0.0422694996052	-0.0138628498208	0.0167441907753	-0.0396719313094	0.00179521924954	0.022308296176	-0.0160953947489	-0.0280760058291	0.0144805304548	0.00665665240111	0.0112563857591	-0.0197361164673	-0.0287697385136	-0.0127112596434	0.00347392741606	-0.0211227752218	-0.0312557351813	1.0	-0.0180810617008	0.000165306729007	-0.0498609522748	-0.068003434113	-0.0590840502477	0.00244896727806	0.037793856442	0.0501639479464	-0.0303485355245	-0.0253262621234	-0.0103826379411	0.0397764672143	-0.0278395560556	0.0111930402371	0.00888020284509	0.0542252911834	0.0637330679827	-0.055385054762	0.00668835413179	-0.0126712704191	-0.00615337498588	0.0283656765732	0.0230997445232	-0.0158042855384	-0.0142252032591	-0.0170575504976	0.020125258125	0.0215410295008	-0.0320907337592	-0.0381677068194	-0.0441216173241	0.0108300601455	-0.0131200750284
k__Bacteria;p__Firmicutes;c__Clostridia;o__Clostridiales;f__Lachnospiraceae;g__Roseburia;s__Roseburia_intestinalis	0.0233943013858	0.0316629435888	-0.0324241491982	-0.0493625198859	-0.0295211409032	0.0106900679263	-0.0457374300705	0.00829731525186	0.0790518547337	0.0216846596679	0.014912802128	-0.00224626119585	-0.0409887153537	-0.082547657441	-0.0423698273171	-0.0195683965282	-0.0120749328158	-0.053494666964	-0.0348298637184	-0.0459668557571	-0.0493080422683	0.0321435296202	-0.0355898694261	-0.0195853850961	0.000625991900944	-0.0180810617008	1.0	0.030948846042	0.022102559021	0.0150773447542	-0.0374951735541	0.00165398806334	-0.0258275448799	-0.00281726156228	0.0468599119145	0.0318828841454	0.0348525623435	-0.0039112715754	0.0292963936537	0.0352788867334	-0.040810955209	-0.00804294555213	-0.00156753134894	0.0077027807798	0.0617941363562	-0.0492338558136	-0.00924459283532	0.0499965719055	-0.0269475588205	-0.037703456513	0.0154340431688	-0.0288273918122	-0.00595098796319	0.0251169479429	0.0385876165708	-0.056934091534	-0.0362873485742	0.0057090052871	0.0251952630708
k__Bacteria;p__Firmicutes;c__Clostridia;o__Clostridiales;f__Lachnospiraceae;g__Roseburia;s__Roseburia_hominis	-0.0208543516031	0.0377517035968	0.0254412031062	-0.0233886160608	-0.0115013002173	-0.0416456214551	-0.000595519413401	-0.0208789371468	-0.0418806672838	-0.0136948324243	-0.0466596327821	-0.024994132304	0.0106157156551	0.00363022451673	-0.0258090308119	0.0555785392929	-0.00903513212028	-0.0359845030083	-0.0273789005717	-0.0217822676903	0.0170891617473	-0.0403102418006	0.0419114850647	0.03463167339	0.0410968913249	0.000165306729007	0.030948846042	1.0	-0.0192105753216	-0.0269564093854	-0.0199103508004	0.0144683024484	0.0116869577856	-0.00313870946355	0.04300277146	-0.0567547631343	-0.049443131787	0.0114474408285	-0.0362171353477	-0.00311298874838	0.00432397847681	0.00469883000698	0.0119340882317	-0.0203139345951	-0.022946291634	-0.00474045403743	-0.0450329903088	0.0146331441204	-0.0260285061243	0.0190028602661	0.0114093031638	-0.019162305572	-0.0680544792858	0.0132224355451	0.010798317231	-0.0260098106603	-0.0579853057052	0.032476062458	-0.077217262428
k__Bacteria;p__Bacteroidetes;c__Bacteroidia;o__Bacteroidales;f__Porphyromonadaceae;g__Parabacteroides;s__Parabacteroides_johnsonii	0.0441681587377	-0.00422953224753	-0.0393381766558	-0.0232311539794	-0.016078345251	0.0173646438652	-0.00261057190825	-0.0348989303239	-0.0648632648541	-0.0116383056306	0.0203895716739	0.0603997726852	0.0329018257078	0.036499435582	-0.042566502737	0.0453765927956	-0.0366863864725	0.0425780141612	0.0196527097637	0.00348123216791	-0.00658063318709	0.00652311418977	-0.0187268017503	-0.00943485996958	-0.031434219718	-0.0498609522748	0.022102559021	-0.0192105753216	1.0	-0.0142093501262	-0.0268329356588	-0.010708505177	0.0220190875603	0.0109323136032	-0.0240915030995	-0.0463351735647	0.00225508790173	0.0143168719515	0.0598990968256	-0.0338277965203	-0.0181583433639	-0.00247293240382	0.0134186588302	-0.00857554002387	0.00302541924951	-0.0671130848903	-0.0715354791991	0.000776274116143	-0.00300091556069	0.03929962392	-0.0282857002802	-0.000535478332404	-0.0428563729281	-0.0730262696856	-0.0304126841205	0.00142305187669	0.00484166287269	0.00312149405426	0.0459358820517
k__Bacteria;p__Actinobacteria;c__Actinobacteria;o__Bifidobacteriales;f__Bifidobacteriaceae;g__Bifidobacterium;s__Bifidobacterium_longum	-0.031454651676	0.00252302328678	-0.00258495041831	-0.0488320006528	0.0242071579074	0.0124702784447	-0.0534536482759	-0.01772409629	0.0391656525809	-0.011536242449	-0.0127331205834	-0.0207673303542	0.0125879123231	-0.0536048748381	0.0202121937786	0.0213819185108	-0.00601560850037	-0.00731044401913	0.00148221953798	0.0312500921177	0.0675812486657	-0.0348700434155	-0.000710014401252	0.0108738139137	-0.00211611049285	-0.068003434113	0.0150773447542	-0.0269564093854	-0.0142093501262	1.0	0.0120041237941	0.0394950019388	0.00916270545878	-0.05480051644	0.0217310174197	0.03665182801	0.0317073746739	-0.015159227422	0.00125485599435	-0.0328982126599	-0.0331766959453	-0.0947178576291	-0.068017996264	-0.00450896185702	0.0314336001607	0.0304472722079	-0.0370591823992	-0.00630739524407	-0.0131571817114	-0.0550690539275	-0.030176862863	-0.0245427891207	0.029127563928	0.0638205386771	0.0175952745775	-0.00649088761534	-0.0189401251386	0.0273257438457	-0.0554156051974
