#taxonomy	k__Bacteria;p__Bacteroidetes;c__Bacteroidia;o__Bacteroidales;f__Bacteroidaceae;g__Bacteroides;s__Bacteroides_vulgatus	k__Bacteria;p__Bacteroidetes;c__Bacteroidia;o__Bacteroidales;f__Bacteroidaceae;g__Bacteroides;s__Bacteroides_uniformis	k__Bacteria;p__Bacteroidetes;c__Bacteroidia;o__Bacteroidales;f__Rikenellaceae;g__Alistipes;s__Alistipes_putredinis	k__Bacteria;p__Bacteroidetes;c__Bacteroidia;o__Bacteroidales;f__Prevotellaceae;g__Prevotella;s__Prevotella_copri	k__Bacteria;p__Bacteroidetes;c__Bacteroidia;o__Bacteroidales;f__Bacteroidaceae;g__Bacteroides;s__Bacteroides_stercoris	k__Bacteria;p__Bacteroidetes;c__Bacteroidia;o__Bacteroidales;f__Bacteroidaceae;g__Bacteroides;s__Bacteroides_ovatus	k__Bacteria;p__Bacteroidetes;c__Bacteroidia;o__Bacteroidales;f__Rikenellaceae;g__Alistipes;s__Alistipes_shahii	k__Bacteria;p__Firmicutes;c__Clostridia;o__Clostridiales;f__Ruminococcaceae;g__Faecalibacterium;s__Faecalibacterium_prausnitzii	k__Bacteria;p__Bacteroidetes;c__Bacteroidia;o__Bacteroidales;f__Rikenellaceae;g__Alistipes;s__Alistipes_finegoldii	k__Bacteria;p__Bacteroidetes;c__Bacteroidia;o__Bacteroidales;f__Porphyromonadaceae;g__Parabacteroides;s__Parabacteroides_distasonis	k__Bacteria;p__Bacteroidetes;c__Bacteroidia;o__Bacteroidales;f__Bacteroidaceae;g__Bacteroides;s__Bacteroides_thetaiotaomicron	k__Bacteria;p__Bacteroidetes;c__Bacteroidia;o__Bacteroidales;f__Bacteroidaceae;g__Bacteroides;s__Bacteroides_coprocola	k__Bacteria;p__Bacteroidetes;c__Bacteroidia;o__Bacteroidales;f__Bacteroidaceae;g__Bacteroides;s__Bacteroides_cellulosilyticus	k__Bacteria;p__Bacteroidetes;c__Bacteroidia;o__Bacteroidales;f__Rikenellaceae;g__Alistipes;s__Alistipes_obesi	k__Bacteria;p__Firmicutes;c__Clostridia;o__Clostridiales;f__Lachnospiraceae;g__;s__[Eubacterium]_rectale	k__Bacteria;p__Bacteroidetes;c__Bacteroidia;o__Bacteroidales;f__Bacteroidaceae;g__Bacteroides;s__Bacteroides_plebeius	k__Bacteria;p__Bacteroidetes;c__Bacteroidia;o__Bacteroidales;f__Bacteroidaceae;g__Bacteroides;s__Bacteroides_fragilis	k__Bacteria;p__Proteobacteria;c__Betaproteobacteria;o__Burkholderiales;f__Sutterellaceae;g__Sutterella;s__Sutterella_wadsworthensis	k__Bacteria;p__Bacteroidetes;c__Bacteroidia;o__Bacteroidales;f__Porphyromonadaceae;g__Barnesiella;s__Barnesiella_intestinihominis	k__Bacteria;p__Bacteroidetes;c__Bacteroidia;o__Bacteroidales;f__Odoribacteraceae;g__Odoribacter;s__Odoribacter_splanchnicus	k__Bacteria;p__Bacteroidetes;c__Bacteroidia;o__Bacteroidales;f__Bacteroidaceae;g__Bacteroides;s__Bacteroides_salyersiae	k__Bacteria;p__Firmicutes;c__Clostridia;o__Clostridiales;f__Ruminococcaceae;g__Ruminiclostridium;s__[Eubacterium]_siraeum	k__Bacteria;p__Proteobacteria;c__Betaproteobacteria;o__Burkholderiales;f__Sutterellaceae;g__Parasutterella;s__Parasutterella_excrementihominis	k__Bacteria;p__Actinobacteria;c__Actinobacteria;o__Bifidobacteriales;f__Bifidobacteriaceae;g__Bifidobacterium;s__Bifidobacterium_adolescentis	k__Bacteria;p__Firmicutes;c__Clostridia;o__Clostridiales;f__Oscillospiraceae;g__Oscillibacter;s__Oscillibacter_sp._KLE_1745	k__Bacteria;p__Bacteroidetes;c__Bacteroidia;o__Bacteroidales;f__Bacteroidaceae;g__Bacteroides;s__Bacteroides_coprophilus	k__Bacteria;p__Firmicutes;c__Clostridia;o__Clostridiales;f__Lachnospiraceae;g__Roseburia;s__Roseburia_intestinalis	k__Bacteria;p__Firmicutes;c__Clostridia;o__Clostridiales;f__Lachnospiraceae;g__Roseburia;s__Roseburia_hominis	k__Bacteria;p__Bacteroidetes;c__Bacteroidia;o__Bacteroidales;f__Porphyromonadaceae;g__Parabacteroides;s__Parabacteroides_johnsonii	k__Bacteria;p__Actinobacteria;c__Actinobacteria;o__Bifidobacteriales;f__Bifidobacteriaceae;g__Bifidobacterium;s__Bifidobacterium_longum	k__Bacteria;p__Firmicutes;c__Clostridia;o__Clostridiales;f__;g__Flavonifractor;s__Flavonifractor_plautii	k__Bacteria;p__Firmicutes;c__Clostridia;o__Clostridiales;f__Clostridiaceae;g__Clostridium;s__Clostridium_phoceensis	k__Bacteria;p__Verrucomicrobia;c__Verrucomicrobiae;o__Verrucomicrobiales;f__Akkermansiaceae;g__Akkermansia;s__Akkermansia_muciniphila	k__Bacteria;p__Bacteroidetes;c__Bacteroidia;o__Bacteroidales;f__Prevotellaceae;g__Paraprevotella;s__Paraprevotella_xylaniphila	k__Bacteria;p__Firmicutes;c__Clostridia;o__Clostridiales;f__Ruminococcaceae;g__Ruminococcus;s__Ruminococcus_callidus	k__Bacteria;p__Bacteroidetes;c__Bacteroidia;o__Bacteroidales;f__Rikenellaceae;g__Alistipes;s__Alistipes_senegalensis	k__Bacteria;p__Firmicutes;c__Clostridia;o__Clostridiales;f__Lachnospiraceae;g__Blautia;s__Blautia_sp._KLE_1732	k__Bacteria;p__Bacteroidetes;c__Bacteroidia;o__Bacteroidales;f__Bacteroidaceae;g__Bacteroides;s__Bacteroides_oleiciplenus	k__Bacteria;p__Firmicutes;c__Clostridia;o__Clostridiales;f__Ruminococcaceae;g__Ruminococcus;s__Ruminococcus_bicirculans	k__Bacteria;p__Bacteroidetes;c__Bacteroidia;o__Bacteroidales;f__Bacteroidaceae;g__Bacteroides;s__Bacteroides_fluxus	k__Bacteria;p__Bacteroidetes;c__Bacteroidia;o__Bacteroidales;f__Prevotellaceae;g__Prevotella;s__Prevotella_stercorea	k__Bacteria;p__Firmicutes;c__Clostridia;o__Clostridiales;f__Lachnospiraceae;g__Dorea;s__Dorea_longicatena	k__Bacteria;p__Firmicutes;c__Clostridia;o__Clostridiales;f__Eubacteriaceae;g__Eubacterium;s__[Eubacterium]_eligens	k__Bacteria;p__Firmicutes;c__Clostridia;o__Clostridiales;f__Ruminococcaceae;g__;s__Ruminococcaceae_bacterium_D16	k__Bacteria;p__Firmicutes;c__Clostridia;o__Clostridiales;f__Lachnospiraceae;g__Coprococcus;s__Coprococcus_comes	k__Bacteria;p__Proteobacteria;c__Gammaproteobacteria;o__Enterobacterales;f__Enterobacteriaceae;g__Escherichia;s__Escherichia_coli	k__Bacteria;p__Firmicutes;c__Clostridia;o__Clostridiales;f__Ruminococcaceae;g__Anaerotruncus;s__Anaerotruncus_colihominis	k__Bacteria;p__Firmicutes;c__Clostridia;o__Clostridiales;f__Lachnospiraceae;g__Blautia;s__Blautia_obeum	k__Bacteria;p__Bacteroidetes;c__Bacteroidia;o__Bacteroidales;f__Odoribacteraceae;g__Odoribacter;s__Odoribacter_laneus	k__Bacteria;p__Firmicutes;c__Clostridia;o__Clostridiales;f__Ruminococcaceae;g__Ruminiclostridium;s__[Clostridium]_leptum	k__Bacteria;p__Bacteroidetes;c__Bacteroidia;o__Bacteroidales;f__Porphyromonadaceae;g__Parabacteroides;s__Parabacteroides_goldsteinii	k__Bacteria;p__Firmicutes;c__Clostridia;o__Clostridiales;f__Lachnospiraceae;g__Anaerostipes;s__Anaerostipes_hadrus	k__Bacteria;p__Firmicutes;c__Clostridia;o__Clostridiales;f__Ruminococcaceae;g__Ruminococcus;s__Ruminococcus_lactaris	k__Bacteria;p__Firmicutes;c__Clostridia;o__Clostridiales;f__Clostridiaceae;g__Clostridium;s__Clostridium_sp._L2-50	k__Bacteria;p__Firmicutes;c__Clostridia;o__Clostridiales;f__Clostridiaceae;g__Clostridium;s__Clostridium_sp._M62/1	k__Bacteria;p__Firmicutes;c__Clostridia;o__Clostridiales;f__;g__Intestinimonas;s__Intestinimonas_butyriciproducens	k__Bacteria;p__Actinobacteria;c__Actinobacteria;o__Bifidobacteriales;f__Bifidobacteriaceae;g__Bifidobacterium;s__Bifidobacterium_bifidum	k__Bacteria;p__Firmicutes;c__Negativicutes;o__Veillonellales;f__Veillonellaceae;g__Dialister;s__Dialister_invisus	k__Bacteria;p__Bacteroidetes;c__Bacteroidia;o__Bacteroidales;f__Bacteroidaceae;g__Bacteroides;s__Bacteroides_salanitronis
k__Bacteria;p__Bacteroidetes;c__Bacteroidia;o__Bacteroidales;f__Bacteroidaceae;g__Bacteroides;s__Bacteroides_vulgatus	1.0	0.0352705438652	-0.0653031462768	0.0238312841629	-0.0359166201724	0.0403523791794	0.0211387869241	0.0386511722915	0.0494509236355	0.0848129578138	-0.0197744369558	-0.0249873137665	-0.00599603696558	0.00429593005408	0.00857674106386	-0.0527524624958	0.0247100236621	-0.00171605983636	0.00359367992625	0.00265639635324	0.00968018602162	-0.0578854123838	-0.0180440925166	0.0241604684372	-0.0233132016486	-0.015864000672	-0.0351128463245	-0.0300763772167	-0.0859100522083	0.0455616267528	0.018483140036	0.0290500092339	-0.0271051383562	-0.00503357959944	-0.00804973402834	-0.0574462504359	0.0589375258833	-0.00102246850534	-0.0144893905768	0.0419569205175	-0.0146581830153	0.0215792803623	-0.0168848193376	-0.0219356958267	-0.0131368018272	-0.0324988075367	0.0421392367131	-0.0405023933527	0.00584356813529	-0.0229324477627	0.0279150562833	0.00423651812316	-0.0137636394281	-0.00146559442064	-0.0118001260689	-0.0256993949599	0.0423533977249	-0.0157436745889	-0.0174876907721
k__Bacteria;p__Bacteroidetes;c__Bacteroidia;o__Bacteroidales;f__Bacteroidaceae;g__Bacteroides;s__Bacteroides_uniformis	0.0352705438652	1.0	-0.0148894158039	-0.0712348450601	0.0517002988751	-0.00934323638475	-0.0351597000183	-0.0193551646979	0.0626142814324	-0.00150900137344	-0.016762256212	-0.0818702761908	-0.0103733034848	-0.0109660583751	-0.0266216842378	-0.0482098664479	-0.0622633206404	-0.052824504502	-0.00817310269154	0.0248921255036	-0.0125369569587	0.00778968543361	-0.0221935062707	0.00785593467626	0.0170084087626	-0.0164394895071	-0.0406135788937	0.0244292965657	0.0154669784954	0.0312085045187	-0.00430225981837	0.0229538129367	-0.000278679397424	0.0620556401549	-0.0249335906711	-0.0513448175784	0.0138780522917	-0.0179651354966	0.0109541849638	0.0571752920902	-0.0341463482234	-0.101019358647	0.0337915857439	-0.0325573758515	-0.0333392787115	-0.000415319845547	0.00319119993277	-0.0861560455353	-0.0618969022217	0.0212081968648	-0.0375168197523	-0.0196348718909	-0.00499367613149	-0.0216022022381	0.00567298166066	-0.0379130528027	-0.0262479117193	-0.0622045276065	-0.0204722052525
k__Bacteria;p__Bacteroidetes;c__Bacteroidia;o__Bacteroidales;f__Rikenellaceae;g__Alistipes;s__Alistipes_putredinis	-0.0653031462768	-0.0148894158039	1.0	-0.0947974901925	-0.0187603149519	0.0631934792535	0.018084958508	0.00352900616722	-0.0427049671288	-0.0322429373457	-0.000741845925661	0.0328951771276	-0.0417225105175	-0.0157435342383	-0.0424053482652	0.0457538560896	0.0376658788833	-0.0156182444674	-0.0508645301674	-0.00229812146698	0.0542690136287	0.0562632201587	-0.0646593336726	0.0272489469337	0.0116923849491	0.0497323974822	0.00998671388293	0.0108572869446	-0.0166214429679	-0.0301738745541	0.0386986458445	-0.000902783507151	0.0273623417668	-0.0162627938268	0.0149908555146	-0.0798806841939	0.0388326140441	0.0179607102799	-0.0217737661253	-0.00515121479776	0.0174943512938	0.0861586947234	-0.0654155273811	0.0768072898055	-0.0111750936231	-0.0339034228921	-0.0172891156945	0.0524306769167	-0.0420380169059	-0.00335805262596	0.00375592487034	0.0278594971457	-0.0183778905641	-0.0263309600088	0.00829767808917	-0.023691823302	-0.0289029120643	-0.0270187326485	-0.0616740509749
k__Bacteria;p__Bacteroidetes;c__Bacteroidia;o__Bacteroidales;f__Prevotellaceae;g__Prevotella;s__Prevotella_copri	0.0238312841629	-0.0712348450601	-0.0947974901925	1.0	-0.00934131496191	-0.0186292262009	0.00454896676744	-0.00983604734203	0.043736308317	-0.0148887757899	-0.00587987353856	-0.0202863385327	0.0454697815343	0.010026347848	0.0199198075041	0.0397036138686	-0.0380905056849	-0.00623068385792	-0.0084048380947	0.00894318253652	-0.0178011431063	-0.0401466334651	-0.0539267680022	-0.0500588436771	-0.043412734074	0.0201682168252	-0.0196458579259	-0.0127317790073	-0.0709576931486	-0.00836805316622	0.0180241063606	0.0413254268867	-0.058839428901	-0.0609732622184	0.0251351870068	0.0250109291689	0.0151777008605	0.031928733759	0.00866991721143	0.0200137466731	0.0769697649184	-0.0438808661318	0.00455704170465	-0.00184843481594	-0.0327615290679	-0.00456350212802	0.0620876614298	-0.010466299766	0.0183082228924	0.00795923134986	-0.0324820933095	-0.0445473720272	0.029633144563	-0.0680451566206	-0.0195896750307	0.00938714236452	0.0137060993632	0.0342529693491	0.0335328456125
k__Bacteria;p__Bacteroidetes;c__Bacteroidia;o__Bacteroidales;f__Bacteroidaceae;g__Bacteroides;s__Bacteroides_stercoris	-0.0359166201724	0.0517002988751	-0.0187603149519	-0.00934131496191	1.0	-0.0287131368525	-0.00829481536918	-0.0113713151532	-0.0110355386734	0.0269935473542	0.00208828021357	0.0183726694493	0.0454843700666	-0.00643000159862	0.0201480701153	0.021265905512	-0.0278531843011	0.0162030416466	0.0227000588272	0.013913698037	-0.0419759678094	0.0164395757969	0.0383359898423	0.0430622838004	0.0255132525595	0.0274684326865	0.0140421798826	0.00962184412215	0.0282368799459	-0.00989162180154	-0.0208934337984	-0.00361192368983	-0.051937266748	0.0156023754412	0.0158588709595	-0.0518488833488	-0.059762129033	-0.0286626997434	-0.0359824391629	0.0620320433546	-0.0179795641482	0.026203569913	-0.0539063501666	-0.0347238314834	-0.0190380254757	-0.0194343742712	-0.0109286084587	-0.0211675974105	0.0286965466364	-0.0161730315427	-0.0383942078208	0.00900181585787	-0.0662445282075	0.0280413426368	-0.00402646902875	7.06374064447e-05	0.015819607355	-0.00903723042325	-0.0144911723001
k__Bacteria;p__Bacteroidetes;c__Bacteroidia;o__Bacteroidales;f__Bacteroidaceae;g__Bacteroides;s__Bacteroides_ovatus	0.0403523791794	-0.00934323638475	0.0631934792535	-0.0186292262009	-0.0287131368525	1.0	-0.0384378860256	0.00181404485258	0.00858492578709	0.0530536270205	0.0158823997618	0.0603536243134	0.0517693030282	-0.0105008435795	0.0712764988335	-0.0641641732909	-0.0465776297513	-0.02268259674	-0.0695346831655	0.00257627262435	-0.00594477458956	-0.07655029842	0.0062949103037	-0.0678629921067	0.0305046144922	0.0100838933386	-0.0435962986448	0.0227063993691	-0.0454301352324	-0.00721789931811	-0.0611131744605	-0.025926223178	-0.0272560366939	0.0191243793702	0.061868786704	-0.00295807958692	-0.0106199821772	0.0268980156303	-0.0190762801046	-0.064896028653	0.0122786701534	-0.0163982569511	-0.00376316906216	-0.010026798575	-0.01514193565	-0.0646734072179	-0.0380266067802	0.0247274853467	-0.0690816339343	-0.0359181875405	-0.000233799922135	0.0381656075585	-0.0156736058332	-0.0376428258368	-0.0498433158149	0.0201928667328	-0.0186586941328	-0.000973121844999	0.0290509364523
k__Bacteria;p__Bacteroidetes;c__Bacteroidia;o__Bacteroidales;f__Rikenellaceae;g__Alistipes;s__Alistipes_shahii	0.0211387869241	-0.0351597000183	0.018084958508	0.00454896676744	-0.00829481536918	-0.0384378860256	1.0	0.025634427391	-0.00862931655876	-6.63998961031e-05	-0.081619407034	0.0201273778615	-0.0142825279608	0.0708456220733	-0.0629512263793	-0.0161200067287	0.0551177887022	-0.0249372632856	-0.0536843596766	-0.0105799090851	0.0594090432051	0.0357532618175	-0.0322737004356	-0.0372794448119	0.000898306059845	0.00687517986762	0.0340223673113	-0.045294018321	0.0246560146916	-0.023331402659	0.00579171990903	-0.0189200050893	-0.0242809847581	-0.010852237761	0.0104977378465	-0.0757991761969	0.0414424971168	0.0168452300509	-0.0121143501452	0.0188332619207	-0.0361504410122	-0.0423263965121	0.0330308444675	-0.00488176306019	-0.0150274418822	0.0049398142304	0.0281637812149	-0.0327074443739	-0.0070969092384	-0.0285577503369	0.00489755603113	-0.030594407975	0.0391284782037	0.00921770841576	-0.0250524387607	0.0177768703326	0.00443554104474	-0.0179632928205	0.0273374791713
k__Bacteria;p__Firmicutes;c__Clostridia;o__Clostridiales;f__Ruminococcaceae;g__Faecalibacterium;s__Faecalibacterium_prausnitzii	0.0386511722915	-0.0193551646979	0.00352900616722	-0.00983604734203	-0.0113713151532	0.00181404485258	0.025634427391	1.0	-0.0320896498624	-0.0629279692283	0.0274855666054	0.0161006402725	-0.0408428950717	-0.00803028100656	-0.0332863550452	-0.0272475594482	-0.0669706859291	-0.00199031828979	0.0122782240585	0.0587896609512	0.0679085044812	0.00842353078191	-0.0149840761637	-0.0341517611191	0.0121892615347	0.00425865863491	0.00276929969768	0.0112090532724	-0.0688132810896	0.0995482626307	-0.0388681050306	-0.0145289510732	-0.0254383783739	0.0352675613544	-0.0243132502821	-0.0734945330642	-0.0636937818146	0.0525046814484	-0.0793242079187	-0.0117053697379	-0.0342803236553	-0.0148406862234	-0.0560970112157	-0.0737714257498	-0.0761546772902	0.0162978030308	-0.0523925251151	-0.0123584770242	-0.0434538199594	0.0283539696766	-0.0191403592246	-0.0652696576757	-0.0146466866599	-0.00815083339407	-0.00222579558764	-0.00469725724173	-0.0431967987556	0.0246760184602	-0.0151787677427
k__Bacteria;p__Bacteroidetes;c__Bacteroidia;o__Bacteroidales;f__Rikenellaceae;g__Alistipes;s__Alistipes_finegoldii	0.0494509236355	0.0626142814324	-0.0427049671288	0.043736308317	-0.0110355386734	0.00858492578709	-0.00862931655876	-0.0320896498624	1.0	0.028199534543	0.0401380973673	0.0127249572623	-0.0590391230323	-0.0203882163477	-0.0153727164531	0.00193565854974	-0.0431147121327	-0.0291765631955	0.0164695845589	0.0328483000255	-0.0155098741985	0.0153996585727	-0.0256736678173	0.0144229777537	0.088834801666	0.0183626247831	-0.012147543333	0.021863430134	0.052681197993	0.00535144915094	-0.0346622260507	-0.0211806744298	-0.0375327376588	-0.0196336865812	0.0114040429037	-0.0791609787463	-0.0111405520107	-0.0030533993127	0.00764806133119	-0.0518756062588	0.0280242082694	-0.00492033250235	-0.00395863542907	0.0152787355291	0.0155597248532	-0.0875721011881	-0.0623906418283	0.0413805810594	-0.0279387522557	-0.039403626405	-0.0459255386337	-0.0477515461578	-0.0134210987991	-0.0078936514807	-0.0666519345509	0.0179771245043	0.0274336870989	0.0328543175881	0.0167589372065
k__Bacteria;p__Bacteroidetes;c__Bacteroidia;o__Bacteroidales;f__Porphyromonadaceae;g__Parabacteroides;s__Parabacteroides_distasonis	0.0848129578138	-0.00150900137344	-0.0322429373457	-0.0148887757899	0.0269935473542	0.0530536270205	-6.63998961032e-05	-0.0629279692283	0.028199534543	1.0	-0.018473686188	-0.00338790111913	0.00429096654932	0.00450576946491	-0.0729490756713	-0.0403492440517	-0.0151411982212	-0.0460606668061	0.00730654605471	-0.0174891945123	0.0259423491277	0.0375448045819	-0.0356276351524	-0.0570650480997	0.00840095068408	0.00236837736509	-0.0805500332333	0.0103035833236	-0.0341517389224	0.0749199392891	0.000705216829186	-0.021190733222	-0.056127469965	-0.0885906502893	-0.00404595949325	-0.0593719841113	0.00450482068652	0.0240126552044	0.00405060071697	-0.00885941456844	-0.0305978533697	-0.0784474151576	0.0520917934913	-0.0681574964639	0.00635466301007	-0.00296339195435	-0.0105189980123	-0.0125776939179	0.0582967074858	0.0174717799314	0.0416948779254	-0.00654474500674	-0.0444203730154	0.0168405404988	-0.00795613826916	-0.0295735700153	0.0316605815972	-0.0443186591778	-0.00122188818787
k__Bacteria;p__Bacteroidetes;c__Bacteroidia;o__Bacteroidales;f__Bacteroidaceae;g__Bacteroides;s__Bacteroides_thetaiotaomicron	-0.0197744369558	-0.016762256212	-0.000741845925661	-0.00587987353856	0.00208828021357	0.0158823997618	-0.081619407034	0.0274855666054	0.0401380973673	-0.018473686188	1.0	-0.00950317641678	-0.00854644925059	-0.0570785401963	0.00160902369451	-0.0291364377187	-0.0350126899422	-0.0364461660872	-0.00252757670785	0.031205350645	0.0589070724175	0.0386930545557	0.00271378241493	-0.0546716949126	-0.0524656471485	0.0727903941962	-0.0317164495097	0.0444127459799	-0.0145503247818	0.0288954400053	-0.0111221269914	-0.021699607607	-0.0278799820326	-0.014896963494	-0.037992136582	-0.0034813794537	-0.0618888585858	-0.0435389221611	-0.0382435394388	0.0419380084499	0.0512213778538	-0.04833409314	-0.00428497541472	-0.0412828642439	-0.026304901185	-0.0657834233301	0.00101648646408	-0.00375840020956	0.019119143671	0.0292282846281	-0.0285038485946	-0.081656266319	0.0565359523394	-0.0549426778807	-0.062573862235	-0.0610051345168	0.000796859379845	0.0212903771225	-0.0101890048186
k__Bacteria;p__Bacteroidetes;c__Bacteroidia;o__Bacteroidales;f__Bacteroidaceae;g__Bacteroides;s__Bacteroides_coprocola	-0.0249873137665	-0.0818702761908	0.0328951771276	-0.0202863385327	0.0183726694493	0.0603536243134	0.0201273778615	0.0161006402725	0.0127249572623	-0.00338790111913	-0.00950317641678	1.0	0.0101828030968	0.00807845640483	-0.0712402480232	-0.0302266699944	-0.0276174284137	-0.0660345069961	-0.0240612131288	-0.0479167726849	-0.116704963055	0.00730196145644	0.0164858690739	-0.0687165985732	-0.00432521929414	0.0109786357639	-0.00784449670902	-0.0209937243365	-0.0881153068943	0.0308147363996	-0.0184250689766	0.0353668872915	0.0244039705584	-0.00292734583353	-0.000633928855181	0.0234076116134	-0.0212808327089	0.0508427573234	-0.0463136081902	-0.0113252362242	-0.0220641485516	-0.0198564232072	-0.00283235168908	-0.0543125988301	-0.0435729608354	0.0380095372321	0.0126356105731	-0.064367290191	0.00461250006132	0.0699921548671	-0.0230529198686	0.0305326080935	-0.0470702064101	0.0390614899638	0.0119873797662	0.0108848313246	0.0339217670945	-0.0183516407384	-0.00477136000613
k__Bacteria;p__Bacteroidetes;c__Bacteroidia;o__Bacteroidales;f__Bacteroidaceae;g__Bacteroides;s__Bacteroides_cellulosilyticus	-0.00599603696558	-0.0103733034848	-0.0417225105175	0.0454697815343	0.0454843700666	0.0517693030282	-0.0142825279608	-0.0408428950717	-0.0590391230323	0.00429096654932	-0.00854644925059	0.0101828030968	1.0	0.00555383298948	-0.00605026599963	-0.0118533561517	-0.0228246944451	-0.036980111573	0.000704442111234	0.00461438112671	-0.0343936623015	-0.0335429232569	-0.028628011685	-0.00373497486424	0.00633558519754	-0.00369862579442	-0.0348356243406	-0.0410937913608	-0.024319953743	-0.0435558270488	0.0171224867852	0.0027388232584	0.0373547412088	-0.0717154385453	0.0367196971056	-0.00446160824764	-0.0160092153005	-0.0314451031431	-0.0421798209798	0.0261832065297	-0.0204688863242	-0.0150900170133	0.00359257276771	-0.0323070689387	-0.0170581269054	0.000393236563386	-0.0087487220071	0.00833023172507	0.000578388029876	-0.0727047889223	0.0429480172329	0.0729654904371	-0.0758031772508	-0.00212346837277	-0.014379047668	0.0355094425703	-0.0429098828613	0.000177428340149	-0.0162285198591
k__Bacteria;p__Bacteroidetes;c__Bacteroidia;o__Bacteroidales;f__Rikenellaceae;g__Alistipes;s__Alistipes_obesi	0.00429593005408	-0.0109660583751	-0.0157435342383	0.010026347848	-0.00643000159862	-0.0105008435795	0.0708456220733	-0.00803028100656	-0.0203882163477	0.00450576946491	-0.0570785401963	0.00807845640483	0.00555383298948	1.0	0.0233698892983	-0.0116018727133	-0.0222260236225	0.0529381916479	0.0542118669052	0.000357045263342	-0.0120382402857	-0.0223980317717	0.026872038429	0.0404802637718	-0.0304108670189	-0.0330355959174	0.0141332835514	-0.0420488752637	0.0656913469556	0.0027785699447	-0.043609258017	-0.0333620459521	-0.00415520787406	-0.0526008390759	-0.017509481768	-0.0185655324757	-0.0446668931458	-0.0391112747292	0.015158893941	-0.00523912211541	-0.0530196476927	0.0590774190972	-0.00682144348175	-0.00625827844487	-0.0922014141267	-0.0399558784867	-0.0239373832671	-0.0185558960881	0.00564726360856	0.0402842512298	-0.0130094091295	0.0335353210282	0.0198307115599	-0.00138100237116	0.0190224967229	0.0030477527956	-0.0595816363226	-0.0298551885781	-0.0070988658588
k__Bacteria;p__Firmicutes;c__Clostridia;o__Clostridiales;f__Lachnospiraceae;g__;s__[Eubacterium]_rectale	0.00857674106386	-0.0266216842378	-0.0424053482652	0.0199198075041	0.0201480701153	0.0712764988335	-0.0629512263793	-0.0332863550452	-0.0153727164531	-0.0729490756713	0.00160902369451	-0.0712402480232	-0.00605026599963	0.0233698892983	1.0	0.0296252126073	0.109795422431	0.0242763585306	-0.0349456809678	0.0337012268002	0.0402376974109	-0.0339367248293	-0.0434296463973	-0.0115953321959	-0.0433377505012	-0.0263424154658	-0.0631322845261	0.0119606324872	-0.00693578069244	-0.0647361241564	0.0974525708341	-0.0155284718373	0.0203584367205	-0.0306730642416	-0.0613724204109	-0.0544278641587	0.00894897301017	0.0335086688007	-0.0264169777892	-0.0235187698269	0.00145886985186	-0.00590085285869	0.0347778784737	0.0417824625439	0.0345037118192	0.0223459578805	-0.0598215638734	-0.0651835737405	-0.0138808881552	0.0462331412029	-0.0270556346	-0.0314792394094	-0.0442167435041	0.0282295401691	-0.0750410890765	0.044011856703	-0.0301256016686	0.0459894829342	-0.00261237921596
k__Bacteria;p__Bacteroidetes;c__Bacteroidia;o__Bacteroidales;f__Bacteroidaceae;g__Bacteroides;s__Bacteroides_plebeius	-0.0527524624958	-0.0482098664479	0.0457538560896	0.0397036138686	0.021265905512	-0.0641641732909	-0.0161200067287	-0.0272475594482	0.00193565854974	-0.0403492440517	-0.0291364377187	-0.0302266699944	-0.0118533561517	-0.0116018727133	0.0296252126073	1.0	-0.0780899292692	0.00725869323893	-0.0277897874076	-0.0453758593919	-0.0643539280036	-0.00388393554879	-0.00523832939759	0.0328672551713	0.000547717334712	-0.0726347113307	0.0353301616834	0.0225353896672	-0.0429467232131	0.0247108042141	-0.0297197378364	0.0329737379964	0.0541810016566	-0.0604447066548	0.00501227820813	-0.0128250245325	0.0162057893372	-0.00355510821898	-0.033502023723	-0.0363965813559	-0.0507528127224	-0.0265409648178	0.00361567389622	-0.0864610681252	0.0379296456122	0.0522277564312	-0.0549270300272	-0.00375162184542	-0.0296516049486	0.0194569139258	0.0261350694212	0.0206065399116	-0.00462339949237	-0.00860285655809	-0.0163335131555	0.000212074611952	0.00723486212153	-0.016636660219	-0.0209832229204
k__Bacteria;p__Bacteroidetes;c__Bacteroidia;o__Bacteroidales;f__Bacteroidaceae;g__Bacteroides;s__Bacteroides_fragilis	0.0247100236621	-0.0622633206404	0.0376658788833	-0.0380905056849	-0.0278531843011	-0.0465776297513	0.0551177887022	-0.0669706859291	-0.0431147121327	-0.0151411982212	-0.0350126899422	-0.0276174284137	-0.0228246944451	-0.0222260236225	0.109795422431	-0.0780899292692	1.0	0.0152053417441	-0.0251563954335	0.00261225678173	-0.00919226853166	-0.0827694509783	0.0375751617009	-0.0283561955602	-0.0454118234749	-0.0194510299748	-0.00864380280361	-0.0459283818927	0.0961766923844	-0.0483026425623	-0.0087768456745	-0.0384619387952	-0.0203788010873	-0.00750783784148	-0.0308556285477	-0.0215262329254	0.018087892057	0.0782754132697	0.01934817531	-0.034637595522	0.0138874008519	0.0468393533041	-0.0274273984809	-0.0110913385376	-0.0346477375085	0.0261526246427	-0.010779919651	-0.00210983997183	0.0544297177136	-0.0120541057395	0.0129094167968	-0.0134557409871	0.0100082271931	-0.0355000207714	-0.06401224061	-0.0072700113975	-0.0335395844872	-0.0403284328672	-0.0532137407033
k__Bacteria;p__Proteobacteria;c__Betaproteobacteria;o__Burkholderiales;f__Sutterellaceae;g__Sutterella;s__Sutterella_wadsworthensis	-0.00171605983636	-0.052824504502	-0.0156182444674	-0.00623068385792	0.0162030416466	-0.02268259674	-0.0249372632856	-0.00199031828979	-0.0291765631955	-0.0460606668061	-0.0364461660872	-0.0660345069961	-0.036980111573	0.0529381916479	0.0242763585306	0.00725869323893	0.0152053417441	1.0	-0.0104261667685	0.0167278363948	-0.00438478207442	0.0513202992839	-0.055952386835	-0.0203074901773	-0.0118271630901	0.0187393336641	-0.0680182590654	-0.064934038412	0.044452018157	-0.012736333676	-0.0495387957122	-0.0241455840333	-0.0220086597115	0.00888571302627	0.0328932821049	0.0239145653912	0.0449948457815	-0.0278209988647	0.0147910528611	-0.0209624271211	-0.0466725887935	0.0380970211807	-0.0420099341415	0.0371826690424	-0.0381441709783	-0.0432524756661	0.0326844387388	0.0379152753336	-0.0396920084608	-0.0636549190691	-0.0156642422044	0.0020826263389	0.000470038935173	-0.039348480677	-0.0288852996203	0.0342581874027	0.0102429965968	-0.039708024253	0.0349658442029
k__Bacteria;p__Bacteroidetes;c__Bacteroidia;o__Bacteroidales;f__Porphyromonadaceae;g__Barnesiella;s__Barnesiella_intestinihominis	0.00359367992625	-0.00817310269154	-0.0508645301674	-0.0084048380947	0.0227000588272	-0.0695346831655	-0.0536843596766	0.0122782240585	0.0164695845589	0.00730654605471	-0.00252757670785	-0.0240612131288	0.000704442111234	0.0542118669052	-0.0349456809678	-0.0277897874076	-0.0251563954335	-0.0104261667685	1.0	-0.0693926468345	-0.00683099355092	-0.0078884331614	-0.0217363641565	0.0589485811114	-0.00656807324832	0.0527193794923	0.0335940632259	0.0109964156542	0.00476590048329	0.0316927590579	-0.0634784069721	-0.00204130108084	-0.0280300521872	-0.0391952616221	0.0494135515855	0.0225800439494	-0.0330503816568	-0.0293815146014	-0.0244509288043	-0.0244493027786	0.00333205580788	0.0308300058618	-0.035373011277	-0.0663345705374	-0.0247387403583	-0.00790028974556	-0.0306706516392	0.031443519974	-0.00186389224104	-0.00337481568225	0.0394630020565	-0.0159418248525	-0.00435865787344	-0.0309694046524	-0.0227606680678	-0.0276823020744	-0.0294867666794	0.0935692546921	-0.0249885965041
k__Bacteria;p__Bacteroidetes;c__Bacteroidia;o__Bacteroidales;f__Odoribacteraceae;g__Odoribacter;s__Odoribacter_splanchnicus	0.00265639635324	0.0248921255036	-0.00229812146698	0.00894318253652	0.013913698037	0.00257627262435	-0.0105799090851	0.0587896609512	0.0328483000255	-0.0174891945123	0.031205350645	-0.0479167726849	0.00461438112671	0.000357045263342	0.0337012268002	-0.0453758593919	0.00261225678173	0.0167278363948	-0.0693926468345	1.0	-0.00735131428265	-0.0486091395713	0.0333581655921	-0.0681165792813	0.0324158309586	0.010654077449	0.0129087942808	-0.0554599251673	0.0106554859743	-0.0277723470382	-0.0195302354619	-0.00440687602367	-0.0546494189025	0.00628785379144	-0.0065459895818	0.00747974802569	-0.0127731283864	-0.0675072046606	-0.0636366061993	-0.0220412965819	-0.0418034423278	-0.0122460848875	0.00156170190894	0.022742532496	-0.0202746707583	0.0138439937404	0.0475375377414	-0.0430551636025	0.0114205731778	-0.0373747239376	-0.0453969081949	-0.0385378756223	0.0126163892589	0.0211714751045	0.00922899835837	0.00956426343551	0.0518084261416	-0.0319787145909	-0.0128213550364
k__Bacteria;p__Bacteroidetes;c__Bacteroidia;o__Bacteroidales;f__Bacteroidaceae;g__Bacteroides;s__Bacteroides_salyersiae	0.00968018602162	-0.0125369569587	0.0542690136287	-0.0178011431063	-0.0419759678094	-0.00594477458956	0.0594090432051	0.0679085044812	-0.0155098741985	0.0259423491277	0.0589070724175	-0.116704963055	-0.0343936623015	-0.0120382402857	0.0402376974109	-0.0643539280036	-0.00919226853166	-0.00438478207442	-0.00683099355092	-0.00735131428265	1.0	-0.0358300390164	-0.0926622663283	-0.0209086206349	-0.0444866800371	-0.0409583604868	0.0215205991881	-0.0744132042716	-0.0328207506568	-0.0436988293418	-0.0377010054669	0.00986508114467	0.012382965591	0.00599883158516	0.0852715474489	-0.042132340515	0.00941655497892	-0.051642530137	0.0278957425832	0.015000812137	-0.0574565593413	0.00465396748467	-0.0215881080578	0.0763411731275	-0.0703089555324	0.0137709952773	0.0314490522408	0.0218630063174	-0.0804491066389	-0.0168809600796	0.0319540010162	-0.0641754639187	0.0533727644487	-0.02881794386	0.0370340861345	0.0131336432748	-0.0110550173362	0.0251593958168	0.0146866225891
k__Bacteria;p__Firmicutes;c__Clostridia;o__Clostridiales;f__Ruminococcaceae;g__Ruminiclostridium;s__[Eubacterium]_siraeum	-0.0578854123838	0.00778968543361	0.0562632201587	-0.0401466334651	0.0164395757969	-0.07655029842	0.0357532618175	0.00842353078191	0.0153996585727	0.0375448045819	0.0386930545557	0.00730196145644	-0.0335429232569	-0.0223980317717	-0.0339367248293	-0.00388393554879	-0.0827694509783	0.0513202992839	-0.0078884331614	-0.0486091395713	-0.0358300390164	1.0	-0.0428780940973	-0.00785270526068	0.0440805111508	-0.0388811377373	0.0249587032302	-0.0377347303595	-0.0069517790344	-0.00248068054653	-0.0109528748431	-0.0327457454697	0.0128051189911	-0.00815893089447	-0.0140207419692	-0.0178826505668	-0.00887309384441	-0.0192548821843	-0.0171501923115	-0.0143468918844	0.0189915673289	0.00776758972252	-0.0639047359235	-0.0423697377045	0.00790518210887	0.0498512353728	-0.027879702205	-0.021436216411	0.0342379700966	-0.0133761893319	0.00358234956319	-0.0157159713378	-0.0237216937212	0.0371335992366	0.0287703547993	0.00552577039358	-0.0635036988816	0.0238012003611	0.0195381395118
k__Bacteria;p__Proteobacteria;c__Betaproteobacteria;o__Burkholderiales;f__Sutterellaceae;g__Parasutterella;s__Parasutterella_excrementihominis	-0.0180440925166	-0.0221935062707	-0.0646593336726	-0.0539267680022	0.0383359898423	0.0062949103037	-0.0322737004356	-0.0149840761637	-0.0256736678173	-0.0356276351524	0.00271378241493	0.0164858690739	-0.028628011685	0.026872038429	-0.0434296463973	-0.00523832939759	0.0375751617009	-0.055952386835	-0.0217363641565	0.0333581655921	-0.0926622663283	-0.0428780940973	1.0	-0.00863936099153	-0.0409252365218	-0.046279097943	-0.00321133924223	-0.026009454301	0.0122823915445	-0.0282388242968	0.0655594328596	-0.0168555465355	0.0116209500028	0.0290532450773	-0.00524847801756	-0.0399692072751	-0.0108175442393	-0.0609280666584	-0.0137495266728	0.0188333342026	0.0346607606687	0.0128705023465	0.0359881040683	-0.0102807608435	0.00396793421321	0.0354004520298	-0.040607565185	0.0263000879259	-0.00409548290311	0.0659014034728	-0.103349835162	-0.047569559002	0.0386053214773	-0.00714433413225	-0.048774934516	-0.026587837489	-0.0332612396747	-0.0329687436647	-0.022187021191
k__Bacteria;p__Actinobacteria;c__Actinobacteria;o__Bifidobacteriales;f__Bifidobacteriaceae;g__Bifidobacterium;s__Bifidobacterium_adolescentis	0.0241604684372	0.00785593467626	0.0272489469337	-0.0500588436771	0.0430622838004	-0.0678629921067	-0.0372794448119	-0.0341517611191	0.0144229777537	-0.0570650480997	-0.0546716949126	-0.0687165985732	-0.00373497486424	0.0404802637718	-0.0115953321959	0.0328672551713	-0.0283561955602	-0.0203074901773	0.0589485811114	-0.0681165792813	-0.0209086206349	-0.00785270526068	-0.00863936099153	1.0	-0.0604247306648	0.0267510471297	0.0062452972719	-0.0720518788242	0.00255725337146	-0.0372342474957	-0.0115161651342	-0.0320747592579	-0.00189924771363	-0.0653076104092	0.0219864062993	-0.0172740360078	0.0200361687216	-0.0909105053849	-0.0372818769639	0.0225507510195	0.0155994902249	0.0407145763771	-0.0387624481412	0.0348328352947	0.0274535163912	0.0408282734164	0.0778477109637	0.0450183366082	-0.0345678785208	-0.0262417289214	0.00414548423778	-0.068952492118	-0.0949124854521	-0.0309780492956	0.0289333435329	-0.0374720690053	0.0251034605879	0.0363567479179	0.00149738881387
k__Bacteria;p__Firmicutes;c__Clostridia;o__Clostridiales;f__Oscillospiraceae;g__Oscillibacter;s__Oscillibacter_sp._KLE_1745	-0.0233132016486	0.0170084087626	0.0116923849491	-0.043412734074	0.0255132525595	0.0305046144922	0.000898306059845	0.0121892615347	0.088834801666	0.00840095068408	-0.0524656471485	-0.00432521929414	0.00633558519754	-0.0304108670189	-0.0433377505012	0.000547717334712	-0.0454118234749	-0.0118271630901	-0.00656807324832	0.0324158309586	-0.0444866800371	0.0440805111508	-0.0409252365218	-0.0604247306648	1.0	-0.0246740163629	-0.0106160080235	-0.00318261823636	-0.0469406113738	-0.0322868240128	-0.0148845127356	-0.0568883576352	-0.0430399365487	-0.062719825157	-0.0275352521854	-0.00654710470835	-0.0236827146958	-0.0556873211209	0.0316738376035	-0.00570701280436	0.0131315696236	-0.0733184556618	0.0176878190117	-0.0512914304619	0.0499303892588	0.0505649578597	-0.0439514610983	0.0327815237264	0.0229919355516	0.0120435452814	-0.0147948826164	0.00278620246837	0.0160523551708	-0.00367866627208	0.0035669853025	-0.037528492144	-0.00421653668605	-0.0242536958263	-0.0221539133681
k__Bacteria;p__Bacteroidetes;c__Bacteroidia;o__Bacteroidales;f__Bacteroidaceae;g__Bacteroides;s__Bacteroides_coprophilus	-0.015864000672	-0.0164394895071	0.0497323974822	0.0201682168252	0.0274684326865	0.0100838933386	0.00687517986762	0.00425865863491	0.0183626247831	0.00236837736509	0.0727903941962	0.0109786357639	-0.00369862579442	-0.0330355959174	-0.0263424154658	-0.0726347113307	-0.0194510299748	0.0187393336641	0.0527193794923	0.010654077449	-0.0409583604868	-0.0388811377373	-0.046279097943	0.0267510471297	-0.0246740163629	1.0	-5.42454721956e-05	0.0374674471054	-0.00536239036836	-0.00948169911705	-0.0506627112483	0.0133282223268	0.0461173278475	0.00576704011728	-0.0156512254834	0.0499007244949	-0.0256199965082	-0.040853089986	0.0426644103378	-0.00650443265058	-0.0310927880376	-0.030701475282	-0.0283102275597	-0.0216531866889	0.0485032131014	-0.0401719203812	-0.0393274972341	-0.0483706994919	-0.0160424606558	0.0214513082567	-0.000338160081091	0.0431353400038	-0.0123880712712	-0.0127093444813	-0.0349171847519	-0.0378377705338	-0.0136300119251	-0.0717065821345	0.0123608797563
k__Bacteria;p__Firmicutes;c__Clostridia;o__Clostridiales;f__Lachnospiraceae;g__Roseburia;s__Roseburia_intestinalis	-0.0351128463245	-0.0406135788937	0.00998671388293	-0.0196458579259	0.0140421798826	-0.0435962986448	0.0340223673113	0.00276929969768	-0.012147543333	-0.0805500332333	-0.0317164495097	-0.00784449670902	-0.0348356243406	0.0141332835514	-0.0631322845261	0.0353301616834	-0.00864380280361	-0.0680182590654	0.0335940632259	0.0129087942808	0.0215205991881	0.0249587032302	-0.00321133924223	0.0062452972719	-0.0106160080235	-5.42454721958e-05	1.0	-0.0493070145536	0.04973051694	-0.00895570814328	0.00827232797536	-0.0457173328996	0.0144764797121	0.0343910459182	-0.069848037265	0.0299462903828	0.0244910668402	-0.00667756008753	0.00129323597112	-0.0164855738803	-0.0715998834549	-0.0323543487899	-0.0216568750207	0.0258977845616	-0.0153020187639	0.0147185068463	-0.0220792953168	0.00339281287079	-0.00397881675907	0.040047386494	-0.0160743869405	-0.00751746974398	0.0443601045517	0.00980660630735	-0.00319532871945	-0.00742252317671	-0.0633693285862	-0.0480276833266	-0.044627595138
k__Bacteria;p__Firmicutes;c__Clostridia;o__Clostridiales;f__Lachnospiraceae;g__Roseburia;s__Roseburia_hominis	-0.0300763772167	0.0244292965657	0.0108572869446	-0.0127317790073	0.00962184412215	0.0227063993691	-0.045294018321	0.0112090532724	0.021863430134	0.0103035833236	0.0444127459799	-0.0209937243365	-0.0410937913608	-0.0420488752637	0.0119606324872	0.0225353896672	-0.0459283818927	-0.064934038412	0.0109964156542	-0.0554599251673	-0.0744132042716	-0.0377347303595	-0.026009454301	-0.0720518788242	-0.00318261823636	0.0374674471054	-0.0493070145536	1.0	-0.0526847437159	0.0242161651042	-0.0502355917047	0.0142967151991	-0.0472877277499	0.0330528888898	-0.0100745462524	-0.0330753672982	0.0200334148562	-0.0188938133789	0.0247331026688	-0.0359887966554	-0.0139504103949	0.054630431077	0.0182336103319	-0.0134258841022	0.0306150659596	0.0397984151082	-0.0420785663438	-0.0200166695388	-0.0176562937376	-0.0167642339457	0.0291782751908	0.0376717320214	-0.010745685163	-0.0270663744732	-0.0125227353311	0.0110940883609	-0.00631666069991	0.0538991072416	0.0433623107415
k__Bacteria;p__Bacteroidetes;c__Bacteroidia;o__Bacteroidales;f__Porphyromonadaceae;g__Parabacteroides;s__Parabacteroides_johnsonii	-0.0859100522083	0.0154669784954	-0.0166214429679	-0.0709576931486	0.0282368799459	-0.0454301352324	0.0246560146916	-0.0688132810896	0.052681197993	-0.0341517389224	-0.0145503247818	-0.0881153068943	-0.024319953743	0.0656913469556	-0.00693578069244	-0.0429467232131	0.0961766923844	0.044452018157	0.00476590048329	0.0106554859743	-0.0328207506568	-0.0069517790344	0.0122823915445	0.00255725337146	-0.0469406113738	-0.00536239036836	0.04973051694	-0.0526847437159	1.0	0.00710685195664	0.0129798572136	0.00626575069895	0.0260211858439	0.0180019005073	0.0334523011993	0.119290418391	-0.0166045402206	0.0048235336991	-0.0177577594476	-0.0411516533362	0.0324825506865	0.00906272089333	-0.00562698738669	0.00141543757423	-0.0124731018224	-0.0498246697372	0.0227383191881	-0.0279601015001	-0.104972668454	-0.0837171175326	0.0262634690597	0.00927612593494	-0.0440471821	0.0342236311068	-0.049770719072	-0.0851413888996	-0.0284296328754	-0.04731304806	-0.0363891881165
k__Bacteria;p__Actinobacteria;c__Actinobacteria;o__Bifidobacteriales;f__Bifidobacteriaceae;g__Bifidobacterium;s__Bifidobacterium_longum	0.0455616267528	0.0312085045187	-0.0301738745541	-0.00836805316622	-0.00989162180154	-0.00721789931811	-0.023331402659	0.0995482626307	0.00535144915094	0.0749199392891	0.0288954400053	0.0308147363996	-0.0435558270488	0.0027785699447	-0.0647361241564	0.0247108042141	-0.0483026425623	-0.012736333676	0.0316927590579	-0.0277723470382	-0.0436988293418	-0.00248068054653	-0.0282388242968	-0.0372342474957	-0.0322868240128	-0.00948169911705	-0.00895570814328	0.0242161651042	0.00710685195664	1.0	0.0259147164269	0.027368832219	-0.0219567842578	-0.00352024277538	0.0543949236574	0.0133913794274	0.010240971401	-0.065137708335	0.0947502607253	0.0332335767387	-0.0107956526074	0.00196768939838	0.0402676278797	-0.0145231246369	-0.0134266524922	-0.0331051227879	-0.0801976949292	-0.0416641982391	-0.0432750891231	-0.00676377299509	-0.0591662677278	-0.0550080714449	-0.01758128834	-0.00212653945679	-0.0873670216398	0.00551526277245	-0.0760491937673	-0.00711894782779	0.00199687811028
