#taxonomy	k__Bacteria;p__Bacteroidetes;c__Bacteroidia;o__Bacteroidales;f__Bacteroidaceae;g__Bacteroides;s__Bacteroides_vulgatus	k__Bacteria;p__Bacteroidetes;c__Bacteroidia;o__Bacteroidales;f__Bacteroidaceae;g__Bacteroides;s__Bacteroides_uniformis	k__Bacteria;p__Bacteroidetes;c__Bacteroidia;o__Bacteroidales;f__Rikenellaceae;g__Alistipes;s__Alistipes_putredinis	k__Bacteria;p__Bacteroidetes;c__Bacteroidia;o__Bacteroidales;f__Prevotellaceae;g__Prevotella;s__Prevotella_copri	k__Bacteria;p__Bacteroidetes;c__Bacteroidia;o__Bacteroidales;f__Bacteroidaceae;g__Bacteroides;s__Bacteroides_stercoris	k__Bacteria;p__Bacteroidetes;c__Bacteroidia;o__Bacteroidales;f__Bacteroidaceae;g__Bacteroides;s__Bacteroides_ovatus	k__Bacteria;p__Bacteroidetes;c__Bacteroidia;o__Bacteroidales;f__Rikenellaceae;g__Alistipes;s__Alistipes_shahii	k__Bacteria;p__Firmicutes;c__Clostridia;o__Clostridiales;f__Ruminococcaceae;g__Faecalibacterium;s__Faecalibacterium_prausnitzii	k__Bacteria;p__Bacteroidetes;c__Bacteroidia;o__Bacteroidales;f__Rikenellaceae;g__Alistipes;s__Alistipes_finegoldii	k__Bacteria;p__Bacteroidetes;c__Bacteroidia;o__Bacteroidales;f__Porphyromonadaceae;g__Parabacteroides;s__Parabacteroides_distasonis	k__Bacteria;p__Bacteroidetes;c__Bacteroidia;o__Bacteroidales;f__Bacteroidaceae;g__Bacteroides;s__Bacteroides_thetaiotaomicron	k__Bacteria;p__Bacteroidetes;c__Bacteroidia;o__Bacteroidales;f__Bacteroidaceae;g__Bacteroides;s__Bacteroides_coprocola	k__Bacteria;p__Bacteroidetes;c__Bacteroidia;o__Bacteroidales;f__Bacteroidaceae;g__Bacteroides;s__Bacteroides_cellulosilyticus	k__Bacteria;p__Bacteroidetes;c__Bacteroidia;o__Bacteroidales;f__Rikenellaceae;g__Alistipes;s__Alistipes_obesi	k__Bacteria;p__Firmicutes;c__Clostridia;o__Clostridiales;f__Lachnospiraceae;g__;s__[Eubacterium]_rectale	k__Bacteria;p__Bacteroidetes;c__Bacteroidia;o__Bacteroidales;f__Bacteroidaceae;g__Bacteroides;s__Bacteroides_plebeius	k__Bacteria;p__Bacteroidetes;c__Bacteroidia;o__Bacteroidales;f__Bacteroidaceae;g__Bacteroides;s__Bacteroides_fragilis	k__Bacteria;p__Proteobacteria;c__Betaproteobacteria;o__Burkholderiales;f__Sutterellaceae;g__Sutterella;s__Sutterella_wadsworthensis	k__Bacteria;p__Bacteroidetes;c__Bacteroidia;o__Bacteroidales;f__Porphyromonadaceae;g__Barnesiella;s__Barnesiella_intestinihominis	k__Bacteria;p__Bacteroidetes;c__Bacteroidia;o__Bacteroidales;f__Odoribacteraceae;g__Odoribacter;s__Odoribacter_splanchnicus	k__Bacteria;p__Bacteroidetes;c__Bacteroidia;o__Bacteroidales;f__Bacteroidaceae;g__Bacteroides;s__Bacteroides_salyersiae	k__Bacteria;p__Firmicutes;c__Clostridia;o__Clostridiales;f__Ruminococcaceae;g__Ruminiclostridium;s__[Eubacterium]_siraeum	k__Bacteria;p__Proteobacteria;c__Betaproteobacteria;o__Burkholderiales;f__Sutterellaceae;g__Parasutterella;s__Parasutterella_excrementihominis	k__Bacteria;p__Actinobacteria;c__Actinobacteria;o__Bifidobacteriales;f__Bifidobacteriaceae;g__Bifidobacterium;s__Bifidobacterium_adolescentis	k__Bacteria;p__Firmicutes;c__Clostridia;o__Clostridiales;f__Oscillospiraceae;g__Oscillibacter;s__Oscillibacter_sp._KLE_1745	k__Bacteria;p__Bacteroidetes;c__Bacteroidia;o__Bacteroidales;f__Bacteroidaceae;g__Bacteroides;s__Bacteroides_coprophilus	k__Bacteria;p__Firmicutes;c__Clostridia;o__Clostridiales;f__Lachnospiraceae;g__Roseburia;s__Roseburia_intestinalis	k__Bacteria;p__Firmicutes;c__Clostridia;o__Clostridiales;f__Lachnospiraceae;g__Roseburia;s__Roseburia_hominis	k__Bacteria;p__Bacteroidetes;c__Bacteroidia;o__Bacteroidales;f__Porphyromonadaceae;g__Parabacteroides;s__Parabacteroides_johnsonii	k__Bacteria;p__Actinobacteria;c__Actinobacteria;o__Bifidobacteriales;f__Bifidobacteriaceae;g__Bifidobacterium;s__Bifidobacterium_longum	k__Bacteria;p__Firmicutes;c__Clostridia;o__Clostridiales;f__;g__Flavonifractor;s__Flavonifractor_plautii	k__Bacteria;p__Firmicutes;c__Clostridia;o__Clostridiales;f__Clostridiaceae;g__Clostridium;s__Clostridium_phoceensis	k__Bacteria;p__Verrucomicrobia;c__Verrucomicrobiae;o__Verrucomicrobiales;f__Akkermansiaceae;g__Akkermansia;s__Akkermansia_muciniphila	k__Bacteria;p__Bacteroidetes;c__Bacteroidia;o__Bacteroidales;f__Prevotellaceae;g__Paraprevotella;s__Paraprevotella_xylaniphila	k__Bacteria;p__Firmicutes;c__Clostridia;o__Clostridiales;f__Ruminococcaceae;g__Ruminococcus;s__Ruminococcus_callidus	k__Bacteria;p__Bacteroidetes;c__Bacteroidia;o__Bacteroidales;f__Rikenellaceae;g__Alistipes;s__Alistipes_senegalensis	k__Bacteria;p__Firmicutes;c__Clostridia;o__Clostridiales;f__Lachnospiraceae;g__Blautia;s__Blautia_sp._KLE_1732	k__Bacteria;p__Bacteroidetes;c__Bacteroidia;o__Bacteroidales;f__Bacteroidaceae;g__Bacteroides;s__Bacteroides_oleiciplenus	k__Bacteria;p__Firmicutes;c__Clostridia;o__Clostridiales;f__Ruminococcaceae;g__Ruminococcus;s__Ruminococcus_bicirculans	k__Bacteria;p__Bacteroidetes;c__Bacteroidia;o__Bacteroidales;f__Bacteroidaceae;g__Bacteroides;s__Bacteroides_fluxus	k__Bacteria;p__Bacteroidetes;c__Bacteroidia;o__Bacteroidales;f__Prevotellaceae;g__Prevotella;s__Prevotella_stercorea	k__Bacteria;p__Firmicutes;c__Clostridia;o__Clostridiales;f__Lachnospiraceae;g__Dorea;s__Dorea_longicatena	k__Bacteria;p__Firmicutes;c__Clostridia;o__Clostridiales;f__Eubacteriaceae;g__Eubacterium;s__[Eubacterium]_eligens	k__Bacteria;p__Firmicutes;c__Clostridia;o__Clostridiales;f__Ruminococcaceae;g__;s__Ruminococcaceae_bacterium_D16	k__Bacteria;p__Firmicutes;c__Clostridia;o__Clostridiales;f__Lachnospiraceae;g__Coprococcus;s__Coprococcus_comes	k__Bacteria;p__Proteobacteria;c__Gammaproteobacteria;o__Enterobacterales;f__Enterobacteriaceae;g__Escherichia;s__Escherichia_coli	k__Bacteria;p__Firmicutes;c__Clostridia;o__Clostridiales;f__Ruminococcaceae;g__Anaerotruncus;s__Anaerotruncus_colihominis	k__Bacteria;p__Firmicutes;c__Clostridia;o__Clostridiales;f__Lachnospiraceae;g__Blautia;s__Blautia_obeum	k__Bacteria;p__Bacteroidetes;c__Bacteroidia;o__Bacteroidales;f__Odoribacteraceae;g__Odoribacter;s__Odoribacter_laneus	k__Bacteria;p__Firmicutes;c__Clostridia;o__Clostridiales;f__Ruminococcaceae;g__Ruminiclostridium;s__[Clostridium]_leptum	k__Bacteria;p__Bacteroidetes;c__Bacteroidia;o__Bacteroidales;f__Porphyromonadaceae;g__Parabacteroides;s__Parabacteroides_goldsteinii	k__Bacteria;p__Firmicutes;c__Clostridia;o__Clostridiales;f__Lachnospiraceae;g__Anaerostipes;s__Anaerostipes_hadrus	k__Bacteria;p__Firmicutes;c__Clostridia;o__Clostridiales;f__Ruminococcaceae;g__Ruminococcus;s__Ruminococcus_lactaris	k__Bacteria;p__Firmicutes;c__Clostridia;o__Clostridiales;f__Clostridiaceae;g__Clostridium;s__Clostridium_sp._L2-50	k__Bacteria;p__Firmicutes;c__Clostridia;o__Clostridiales;f__Clostridiaceae;g__Clostridium;s__Clostridium_sp._M62/1	k__Bacteria;p__Firmicutes;c__Clostridia;o__Clostridiales;f__;g__Intestinimonas;s__Intestinimonas_butyriciproducens	k__Bacteria;p__Actinobacteria;c__Actinobacteria;o__Bifidobacteriales;f__Bifidobacteriaceae;g__Bifidobacterium;s__Bifidobacterium_bifidum	k__Bacteria;p__Firmicutes;c__Negativicutes;o__Veillonellales;f__Veillonellaceae;g__Dialister;s__Dialister_invisus	k__Bacteria;p__Bacteroidetes;c__Bacteroidia;o__Bacteroidales;f__Bacteroidaceae;g__Bacteroides;s__Bacteroides_salanitronis
k__Bacteria;p__Bacteroidetes;c__Bacteroidia;o__Bacteroidales;f__Bacteroidaceae;g__Bacteroides;s__Bacteroides_vulgatus	1.0	0.0123513726978	-0.0532079216963	-0.00587884314687	-0.0145127493591	0.0454090280963	-0.0651452320035	0.0128293804365	0.00825864944369	0.040917303009	-0.0612091512895	-0.0848432348315	0.00725285928106	-0.0124405972636	-0.064939938252	0.00350775692376	0.0121611893357	-0.0780299962462	0.0176994713599	-0.00439676382012	-0.030764832773	0.0305319153888	0.0110387683859	0.0150714113	0.0560536526719	0.0553272629127	0.0365028683169	0.0141136800005	0.0203573994072	-0.100213684491	-0.0296707346247	-0.0384770793873	-0.0517983175212	0.0383844937679	0.00455658772895	-0.0336652915467	-0.0260509168913	-0.0407071209699	0.0477960305577	0.0174945852816	0.0260715918258	-0.00930037749236	-0.0216902785798	0.00139377606309	-0.0623249747239	-0.00896694940531	-0.0628865866364	-0.0059262128607	-0.0161403311348	-0.0363648509713	0.0351013617313	0.0367915629093	0.0289425662818	-0.0484218715728	0.0577335101837	-0.0556068663602	-0.0398374709871	-0.0296270696397	0.0379562649617
k__Bacteria;p__Bacteroidetes;c__Bacteroidia;o__Bacteroidales;f__Bacteroidaceae;g__Bacteroides;s__Bacteroides_uniformis	0.0123513726978	1.0	0.0383201110107	-0.0325979910992	0.0114707025294	0.028235160715	-0.0949346775658	0.00963596669751	-0.00933015292355	0.00219280101339	-0.000517627737386	-0.00215562270424	-0.0451917042841	0.0399708573879	-0.0248628791828	0.00537718298735	0.00567825251995	-0.0359834592133	0.00103930603215	-0.022588562976	-0.0225198810801	0.0121530599879	-0.0527031089936	0.0365167081032	0.00695666304173	-0.0097059821492	-0.0433068981958	-0.0699907656627	0.0321308236397	-0.0312836993602	-0.0235413856374	-0.0277349621125	-0.070166005233	-0.0530678141137	0.0369525568558	0.0426739863073	0.0458694684976	-0.0240227030405	-0.0496250912196	0.020405382912	0.00303070040097	-0.0269890690047	-0.0351539873318	-0.0499178643459	-0.0543645863551	-0.0645754296625	-0.0152160767167	-0.0171224080894	-0.00792320553108	-0.0129203271245	0.00702319557335	-0.00396960834776	0.00500880721917	-0.0325521561335	-0.00163272222614	0.025701050784	-0.0189502556126	0.00298080587861	0.0754790148942
k__Bacteria;p__Bacteroidetes;c__Bacteroidia;o__Bacteroidales;f__Rikenellaceae;g__Alistipes;s__Alistipes_putredinis	-0.0532079216963	0.0383201110107	1.0	0.0124780628635	0.000691605603312	-0.0110823491422	-0.0318771022492	-0.0059354456831	0.014281007173	0.0170487025767	-0.0683848123405	-0.0158535569003	-0.0449274641019	-0.0208239992336	-0.0475121023159	0.0553057284093	-0.00788453922638	0.0478846903716	0.0208135766078	0.0414028674343	0.0166312019091	-0.0057512345701	-0.0844169271166	0.0491412830598	0.0074266596227	0.0171550719158	-0.0792448234982	0.00297043010081	0.029502902105	0.0283401718176	0.0540602428046	-0.0124629806276	0.0289737065539	0.0122208570929	0.038930740071	-0.0182567731883	-0.028626583148	-0.000986266420611	0.00414420160421	-0.0572319955651	-0.0620375874521	-0.051971526256	-0.0390318954231	0.00698810242362	-0.0375428155124	0.0152685568889	-0.0580111655999	-0.055322262405	-0.0114729360181	0.00548957428834	0.00472953324922	-0.0188117396249	-0.0491170857212	0.0380655150171	0.0679371503974	-0.0627509488467	-0.0298193132415	-0.0139424562516	0.00280575754555
k__Bacteria;p__Bacteroidetes;c__Bacteroidia;o__Bacteroidales;f__Prevotellaceae;g__Prevotella;s__Prevotella_copri	-0.00587884314687	-0.0325979910992	0.0124780628635	1.0	-0.00155478058987	-0.014048654065	0.0458956544193	0.0202805512852	-0.0362864272681	0.0239769746663	-0.00915967130634	-0.00848510077465	-0.0716896788522	-0.0131824758331	-0.0186219295946	-0.0186276106087	-0.00578008903949	0.00634440056578	0.0245804693436	-0.0417300835926	0.00268181593123	0.0487314724548	0.0195724392971	-0.00814053385368	-0.0218907033734	0.0352602284707	0.0171549054423	-0.0128513690806	0.0286815146353	0.0349882166388	-0.000766310590119	-0.0115305409785	-0.0617125139775	-9.7839958162e-05	0.0112133108217	-0.120609274952	-0.0289454732925	0.0180679498137	0.0261068943101	-0.0576738381845	-0.0198333499752	-0.0176520816093	-0.0277499094987	0.0290301254514	-0.0523905721155	0.0202573049664	0.0189100618649	0.0303519145713	0.0167224472412	-6.32938380441e-05	-0.0167773960165	-0.00920080631653	-0.0144509850953	0.0136436964495	0.0235103937804	-0.0422050659951	0.011349180068	0.0246294164298	-0.104120363183
k__Bacteria;p__Bacteroidetes;c__Bacteroidia;o__Bacteroidales;f__Bacteroidaceae;g__Bacteroides;s__Bacteroides_stercoris	-0.0145127493591	0.0114707025294	0.000691605603312	-0.00155478058987	1.0	0.0150480874426	-0.0688742655093	0.000681854332887	-0.0195403361646	0.00110875685707	-0.0112640772397	0.0178968425211	0.0603970513512	0.0416281632917	0.017607121573	-0.0300061808013	-0.0416607807126	0.0357403649934	-0.0410732580731	0.0427804917401	-0.0328600285832	-0.00959268733544	-0.0334215897956	-0.0138394298807	-0.0346990708741	0.0800380919898	-0.0241374080095	-0.0210171554856	0.0860468538729	-0.00372928205738	-0.0611631303715	-0.0299224579971	-0.0355831661981	0.00807106665843	0.0130247063013	0.0638645565997	-0.0144200231818	-0.00286907900743	-0.0641293237296	-0.034670488905	-0.00978023616974	-0.0612219597615	0.0116808565277	0.0353566540588	-0.0578790379486	0.0360157904369	-0.0378493847685	-0.00815617337421	0.0453755189174	0.0174267931746	0.0076394066377	-0.038559645982	0.0506248100065	-0.0178483789445	-0.00201862040896	-0.0546288490473	-0.0328465778079	0.0301900610543	0.0362607705655
k__Bacteria;p__Bacteroidetes;c__Bacteroidia;o__Bacteroidales;f__Bacteroidaceae;g__Bacteroides;s__Bacteroides_ovatus	0.0454090280963	0.028235160715	-0.0110823491422	-0.014048654065	0.0150480874426	1.0	0.0258247474328	-0.01961028867	-0.0380105207005	-0.00454984995319	-0.0153070468232	-0.0367358201983	-0.0441119731913	0.00971535937935	0.0225687826778	-0.0279031231609	-0.00314416961599	0.000332537052592	-0.0850519365561	0.0351255336637	0.0237914119858	-0.0369532137661	0.024819333326	-0.0266616484244	-0.0124822801364	-0.117419098486	-0.0452779091758	-0.00107822153938	-0.002603314334	0.0305245371035	-0.0582031846727	-0.0115684312097	-0.0244110982074	-0.0409664406479	0.0492686738051	-0.0242515212821	-0.0207253850582	0.0601334740382	-0.0302783981879	-0.0065195972808	0.00188039611578	-0.0299525739714	0.0395541616156	0.0161658687309	0.0368816069808	0.00693310524833	-0.0362528431729	0.0725513751375	-0.0448337245965	-0.0154618259748	0.0576444379098	-0.0512912187316	-0.0569077656914	-0.0232892453327	0.013594845657	0.000263738148626	0.0193421243156	-0.0125615130334	-0.0160159164745
k__Bacteria;p__Bacteroidetes;c__Bacteroidia;o__Bacteroidales;f__Rikenellaceae;g__Alistipes;s__Alistipes_shahii	-0.0651452320035	-0.0949346775658	-0.0318771022492	0.0458956544193	-0.0688742655093	0.0258247474328	1.0	0.0161210688774	-0.0587543818188	-0.0326976649524	-0.0666617867599	0.0636516856507	-0.0301954221593	0.0319370878993	-0.0262937057575	-0.0264304923667	-0.00499553946615	-0.0239852290458	-0.000311685119481	-0.0333833458603	0.010397401285	-0.0512824874535	0.0147981248347	0.0244192156299	0.0549335649464	-0.0333538902743	0.0321622537178	0.0742280643265	-0.0509379217514	0.00305777731503	-0.063791488493	0.0206822056104	-0.0465248287276	-0.0507352712568	0.0434759911146	-0.029073567115	-0.0778526855884	-0.0263110518601	0.0283455775862	0.0132788152002	0.0745638551146	0.00826783252734	-0.0191662104856	-0.00573616724918	0.00146847222672	0.0121491424145	0.0102128948385	0.00905435195894	0.0747140447022	-0.036514380293	-0.0173543394598	-8.56825398225e-05	0.0225200383248	-0.0309521583279	-0.0529671599223	0.0151521128218	-0.0253916698086	-0.00413482067581	-0.0116531771902
k__Bacteria;p__Firmicutes;c__Clostridia;o__Clostridiales;f__Ruminococcaceae;g__Faecalibacterium;s__Faecalibacterium_prausnitzii	0.0128293804365	0.00963596669751	-0.0059354456831	0.0202805512852	0.000681854332887	-0.01961028867	0.0161210688774	1.0	-0.0424613484346	-0.0372965016383	0.00605643080018	-0.0379066456966	-0.0189238740785	-0.0205017603302	-0.0141141973859	-0.0499140813762	-0.0197108981754	-0.00722522486443	-0.00141607336518	-0.0133462374797	-0.0216909046824	0.0503974400924	-0.0152038759636	-0.026602363637	0.00178490610612	-0.000176680315321	0.00290368632016	-0.0227159189619	0.0247237939311	0.00905755621718	0.0828876962518	-0.029427026113	-0.0499607336631	-0.0255763092619	-0.00483061111613	-0.0417466250746	0.00504316201998	0.0341289957462	0.0211305664456	-0.0260223395461	-0.0702514372203	0.0209174856362	-0.0304472789909	0.00011340730906	-0.0334020049449	0.0181584894827	-0.0396355663932	0.0359090425401	0.00809616604678	-0.0134498566545	-0.00154587672242	-0.0137413277782	-0.0802341435884	-0.0634894519682	0.0728665450829	-0.013505560213	0.00223652060396	-0.0378391236047	-0.0111265635558
k__Bacteria;p__Bacteroidetes;c__Bacteroidia;o__Bacteroidales;f__Rikenellaceae;g__Alistipes;s__Alistipes_finegoldii	0.00825864944369	-0.00933015292355	0.014281007173	-0.0362864272681	-0.0195403361646	-0.0380105207005	-0.0587543818188	-0.0424613484346	1.0	0.000228643849202	0.018094372431	-0.0088313346809	-0.106961256705	0.0313252332062	0.0369987457429	-0.0403501684	-0.0302225063953	-0.00855248353423	0.00667916695365	-0.00798057806645	0.012538128756	-0.0119340425097	-0.0131564856998	-0.041982674881	0.0121359628806	-0.0311422015451	-0.0261649053705	-0.0501761719586	-0.0487058936984	0.113323343897	-0.0119539229325	-0.0131920564076	-0.00343486578257	-0.0050751220426	0.00695692037666	0.0390737926943	-0.0348830301283	0.0661198979342	0.058027778119	-0.0188905076766	-0.00480679100019	-0.084266160623	0.0230887386577	-0.00537166130725	-0.00449494623608	-0.00874670112963	-0.0528280175871	-0.0254119794903	0.018858156598	-0.0528627973958	-0.0525232603707	0.0207161825043	-0.049795007852	-0.0208560977337	0.00890670669151	-0.043038182254	0.0256025775114	-0.0177805924107	0.0357493103499
k__Bacteria;p__Bacteroidetes;c__Bacteroidia;o__Bacteroidales;f__Porphyromonadaceae;g__Parabacteroides;s__Parabacteroides_distasonis	0.040917303009	0.00219280101339	0.0170487025767	0.0239769746663	0.00110875685707	-0.00454984995319	-0.0326976649524	-0.0372965016383	0.000228643849202	1.0	-0.00523075170202	0.0524545275351	0.0311830030498	-0.0335455283927	-0.0125473822026	0.00687885856252	0.0278568546966	-0.0157406772059	0.0313122939611	-0.0580530808575	0.0333742551144	-0.0152326643434	0.0571754258664	-0.0492754120609	-0.00380119399414	0.00100694484642	0.0835627841865	-0.0695728854737	0.00846023582355	-0.00117433172015	-0.0125415508494	0.046820807781	-0.0702383886219	-0.0601817730179	0.0238695549103	-0.0169723791783	-0.00398596760517	-0.0267914840228	-0.0783245834036	-0.0178666381411	-0.0357015475866	0.011798504913	-0.00415139667116	-0.0400700688588	-0.00910157950463	-0.0579870007645	-0.0303132964649	-0.0304003295948	-0.0353629411566	0.0281662093551	0.000608576436378	-0.0841496385773	-0.0238794051109	0.0524377180604	-0.0108680484028	-0.0169223490951	-0.00704465362449	0.0150925194199	-0.0271558092218
k__Bacteria;p__Bacteroidetes;c__Bacteroidia;o__Bacteroidales;f__Bacteroidaceae;g__Bacteroides;s__Bacteroides_thetaiotaomicron	-0.0612091512895	-0.000517627737386	-0.0683848123405	-0.00915967130634	-0.0112640772397	-0.0153070468232	-0.0666617867599	0.00605643080018	0.018094372431	-0.00523075170202	1.0	-0.0222428138999	0.0112084246139	-0.0667402634253	-0.0185991417607	-0.0583499924721	-0.0313644507596	0.0190337570854	0.0119959489079	-0.0208181784583	0.0418434102106	-0.0268054365962	0.00997240819015	-0.0294674446777	0.0122818639893	-0.0940191584434	0.0074192855254	-0.0459576401494	-0.0208914898927	0.00219027366454	-0.0413889662327	0.00834898915051	-0.0251596695858	-0.0347366458337	0.0528515338872	0.0229565895501	-0.0284084931488	-0.0545467643503	-0.0131439999502	-0.0202923705338	-0.0724088152701	0.0815109566477	-0.00386393162296	0.0187541555594	0.0191977763507	-0.0650611573674	0.0355522272774	-0.0669652562281	-0.0329103907457	-0.0488857588929	-0.0232048653325	0.0145808716528	0.057636315883	-0.0109028511816	-0.00722357275248	0.0167091079536	-0.0640435763507	0.0106364223494	-0.0348385455424
k__Bacteria;p__Bacteroidetes;c__Bacteroidia;o__Bacteroidales;f__Bacteroidaceae;g__Bacteroides;s__Bacteroides_coprocola	-0.0848432348315	-0.00215562270424	-0.0158535569003	-0.00848510077465	0.0178968425211	-0.0367358201983	0.0636516856507	-0.0379066456966	-0.0088313346809	0.0524545275351	-0.0222428139	1.0	-0.0421155843035	0.00183351735193	-0.0322362843335	-0.00636119818167	0.0947000627821	-0.0339954140785	0.0198269327603	-0.0280352732401	-0.0135800679018	0.0290925996432	-0.00457304743008	-0.0559332136137	0.0235157278825	-0.0248494017306	-0.0428761229638	0.00136734171088	-0.00163459829031	0.0357714869578	0.0071323810224	-0.0618879137373	-0.0152324553842	-0.00273875360996	-0.0510196749885	-0.0357150012708	0.0451479334617	0.00296798076271	-0.0181628299518	-0.0561653554482	0.0821287808238	-0.0132137022621	0.0529068044719	0.0021509517245	-0.00730159485623	0.0432278773895	0.0552860745056	0.0242226685945	0.0171791219476	-0.00494100166062	0.0258500606969	-0.00188952725565	0.00286271210828	-0.0160848203918	-0.0267333546773	0.0524496555588	0.0457683324338	0.00430559907962	-0.0492160636462
k__Bacteria;p__Bacteroidetes;c__Bacteroidia;o__Bacteroidales;f__Bacteroidaceae;g__Bacteroides;s__Bacteroides_cellulosilyticus	0.00725285928106	-0.0451917042841	-0.0449274641019	-0.0716896788522	0.0603970513512	-0.0441119731913	-0.0301954221593	-0.0189238740785	-0.106961256705	0.0311830030498	0.0112084246139	-0.0421155843035	1.0	-0.0389785056211	0.0504595311553	-0.0348548747683	0.027623834723	-0.0361973048886	-0.0292656173111	0.0214763288447	-0.00737701695909	-0.0411731654891	-0.0235827472339	-0.00102235381129	-0.0157216764133	0.0151501867585	0.0135184017049	0.0165083154024	-0.00363943405164	0.00977582133789	-0.0299705855171	-0.0162898459558	-0.0113532821028	-0.036775577813	0.0175199766672	0.0243773146534	0.00956858003416	0.0356371338111	-0.0549672274184	-0.0600246243766	-0.00614204396946	0.00440363810472	-0.000485440555141	0.0301989540741	-0.0286213536183	-0.0139062277644	-0.00673235955133	0.0291887982535	-0.00804969544428	-0.0495100521015	-0.0011946250525	0.000474047626267	-0.0260765516323	0.0132808078286	0.0254517716453	0.0032371680106	-0.00506228463094	-0.0500761630746	0.0225341528251
k__Bacteria;p__Bacteroidetes;c__Bacteroidia;o__Bacteroidales;f__Rikenellaceae;g__Alistipes;s__Alistipes_obesi	-0.0124405972636	0.0399708573879	-0.0208239992336	-0.0131824758331	0.0416281632917	0.00971535937935	0.0319370878993	-0.0205017603302	0.0313252332062	-0.0335455283927	-0.0667402634253	0.00183351735193	-0.0389785056211	1.0	0.0223634622758	0.0610296391927	-0.041073158073	-0.00697293713814	0.0124066793083	-0.0183154519631	0.00540288272989	-0.0839254517575	-0.0158313948763	-0.0264838305807	-0.0151047501603	0.0357773076598	0.00225628841605	0.00637798862962	0.0243373705192	0.0711524968705	0.0116349890111	-0.0151761494764	0.0158906077976	0.0684464557769	-0.0415209936384	-0.0125861577118	0.0373630743733	0.0202206216481	-0.0277309398114	0.039116493298	0.00407120372294	-0.0111998583985	0.0385302891062	-0.0541069239142	-0.0533924390035	0.00214991740516	-0.0317590610702	0.0395344049383	-0.00582573172758	-0.00678155868213	-0.024018773384	-0.0197425458814	-0.0818458986072	-0.0348162725438	0.00452285823058	0.00780231928294	-0.0415563523209	-0.0269156012666	-0.087006040377
k__Bacteria;p__Firmicutes;c__Clostridia;o__Clostridiales;f__Lachnospiraceae;g__;s__[Eubacterium]_rectale	-0.064939938252	-0.0248628791828	-0.0475121023159	-0.0186219295946	0.017607121573	0.0225687826778	-0.0262937057575	-0.0141141973859	0.0369987457429	-0.0125473822026	-0.0185991417607	-0.0322362843335	0.0504595311553	0.0223634622758	1.0	-0.0555499375274	0.0549165378187	-0.0683441694024	0.0248111689062	-0.0146361174207	0.00972593725731	0.00880706805616	0.0171858505433	-0.0955069109446	0.0106851298364	-0.0089245890379	-0.00134574555746	-0.0337530527923	-0.0105449156687	-0.0232068903977	-0.00582855356674	0.00761135268575	-0.0365692129386	-0.0264172976845	-0.00786475047656	0.0576201409703	0.00725242589327	-0.0876915860006	0.00530633674129	-0.0339832270795	-0.00675086737314	0.036889251944	-0.0152561697763	0.0331334368254	-0.00645444303832	0.00616458607911	0.0254561581801	0.0317624016465	0.00280585784262	0.00158541811591	-0.0305616560216	-0.0254596708928	-0.0245791705498	0.0443785591869	0.0122899384744	0.00285579550863	0.0597590970228	-0.0168493956974	0.036796070833
k__Bacteria;p__Bacteroidetes;c__Bacteroidia;o__Bacteroidales;f__Bacteroidaceae;g__Bacteroides;s__Bacteroides_plebeius	0.00350775692376	0.00537718298735	0.0553057284093	-0.0186276106087	-0.0300061808013	-0.0279031231609	-0.0264304923667	-0.0499140813762	-0.0403501684	0.00687885856252	-0.0583499924721	-0.00636119818167	-0.0348548747683	0.0610296391927	-0.0555499375274	1.0	0.00685481751847	0.0337602838663	0.00728807856756	0.0412354507007	0.0446053402909	-0.000807437943759	-0.0892410664353	0.0139900836394	0.0193797595417	0.0475726368739	-0.0173368859214	0.00109846782899	-0.0205049198248	0.00137259229116	-0.0149662795256	0.00670880779034	0.00622351400439	-0.0055828951083	-0.0453262275307	-0.0190362375084	-0.0320869513791	0.0100154848257	-0.0217821746698	-0.0142642956093	-0.0203100092417	0.0563385785547	0.00452690550551	0.0352472468449	0.0123581874996	-0.0357564295122	0.0605883199758	0.0226200696761	-0.017640829054	-0.0417069799099	0.00852911863412	-0.0661521592367	-0.00346344974481	-0.0154250740067	-0.0182741079232	0.0296621267533	0.048759384609	-0.0150834477506	-0.00716125846866
k__Bacteria;p__Bacteroidetes;c__Bacteroidia;o__Bacteroidales;f__Bacteroidaceae;g__Bacteroides;s__Bacteroides_fragilis	0.0121611893357	0.00567825251995	-0.00788453922638	-0.00578008903949	-0.0416607807126	-0.00314416961599	-0.00499553946615	-0.0197108981754	-0.0302225063953	0.0278568546966	-0.0313644507596	0.0947000627821	0.027623834723	-0.041073158073	0.0549165378187	0.00685481751847	1.0	0.00104291612405	0.0142276698078	-0.0509376635002	-0.00422385716337	0.0182306063649	0.00803435611925	-0.0549059961097	-0.00796912352713	-0.0407037815014	-0.00917869964381	-0.0495266301952	-0.00709994455702	-0.03627360625	-0.00276980282248	0.0144244814734	-0.0149499438056	-0.0122145624126	-0.0088536344974	-0.025332559566	-0.0486641219169	-0.0117054589398	0.00604899085344	-0.0134925047944	-0.0220618058894	-0.0583508747567	-0.049266920859	-0.0468605329776	-0.0508094032279	0.0104107289321	0.0498271246007	-0.00694654258817	-0.0262450956335	0.00162713379512	-0.047618079781	-0.0337830360418	-0.081088212842	0.0162087455388	0.0937324812349	0.0562830625761	0.0550845905956	0.0192679713284	0.00613522377648
k__Bacteria;p__Proteobacteria;c__Betaproteobacteria;o__Burkholderiales;f__Sutterellaceae;g__Sutterella;s__Sutterella_wadsworthensis	-0.0780299962462	-0.0359834592133	0.0478846903716	0.00634440056578	0.0357403649934	0.000332537052592	-0.0239852290458	-0.00722522486443	-0.00855248353423	-0.0157406772059	0.0190337570854	-0.0339954140785	-0.0361973048886	-0.00697293713814	-0.0683441694024	0.0337602838663	0.00104291612405	1.0	-0.0269742141724	0.076829043935	-0.0451238912133	0.035905472212	-0.0404621399364	0.0418063865469	-0.0026463997793	-0.0197637789069	0.00888770023625	-0.0323560362553	-0.0474977680597	0.00785299255833	-0.0271422959146	-0.0647791627858	0.0530698476215	-0.00163652117448	-0.057320148079	0.0143507674069	-0.0154754075004	-0.0402912772817	0.00996795475826	0.00196451295255	-0.00204179359146	-0.0370074109594	0.0144900535508	0.066911414377	-0.055857481208	0.00157091271734	0.0122232214874	0.0154124087633	0.00202023518102	-0.0380428080321	-0.0459672186506	0.0176027072459	0.0117621909954	-0.00573036073451	-0.0303416810964	-0.0193350963682	-0.0260882094235	0.0162703184322	-0.0414414523712
k__Bacteria;p__Bacteroidetes;c__Bacteroidia;o__Bacteroidales;f__Porphyromonadaceae;g__Barnesiella;s__Barnesiella_intestinihominis	0.0176994713599	0.00103930603215	0.0208135766078	0.0245804693436	-0.0410732580731	-0.0850519365561	-0.000311685119481	-0.00141607336518	0.00667916695365	0.0313122939611	0.0119959489079	0.0198269327603	-0.0292656173111	0.0124066793083	0.0248111689062	0.00728807856756	0.0142276698078	-0.0269742141724	1.0	-0.0503595999181	-0.01642505922	-0.0711989504269	-0.0447587956175	0.0163543816868	-0.0368949379652	0.0233679200632	0.109302162928	0.0284085294912	-0.0393974261992	-0.0382692009048	0.00277568774816	0.0359831998542	-0.030362336558	0.00881197086276	-0.0372174651757	0.0239138418288	-0.0633305984503	-0.000403530098363	-0.00534565957207	0.0070611035557	-0.0687862603106	-0.00714880106847	-0.041474210729	0.0384588297942	-0.0799638934253	0.00417641005174	0.016200942352	-0.000763500225912	0.00349932158671	0.00886400073333	-0.0643239863551	0.00217605291251	-0.0343473137999	-0.0433198783027	-0.0521157799356	-0.0339701746463	-0.0211935085694	-0.00981497074733	0.0129735843139
k__Bacteria;p__Bacteroidetes;c__Bacteroidia;o__Bacteroidales;f__Odoribacteraceae;g__Odoribacter;s__Odoribacter_splanchnicus	-0.00439676382012	-0.022588562976	0.0414028674343	-0.0417300835926	0.0427804917401	0.0351255336637	-0.0333833458603	-0.0133462374797	-0.00798057806645	-0.0580530808575	-0.0208181784583	-0.0280352732401	0.0214763288447	-0.0183154519631	-0.0146361174207	0.0412354507007	-0.0509376635002	0.076829043935	-0.0503595999181	1.0	-0.0399903138716	-0.0466034155805	-0.0268633634336	0.00878790629871	0.0393685183333	-0.0209284797599	0.0268104666017	-0.0421733326019	0.0484472123075	0.0221809365062	0.0120285199796	-0.0971338729582	-0.0173543336138	-0.0607822408636	-0.00853052716244	-0.0311897195003	0.00942079588375	-0.0312269076075	0.0131070790449	-0.0198970258769	-0.0155182968973	0.0111000967133	-0.118787554376	0.0260141526154	-0.020220693246	-0.0244255489952	-0.0594316025431	-0.0738437305117	-0.0148781302342	-0.0226246914089	0.0077434321421	0.0222887166668	-0.0048827589768	0.0339901219924	-0.005098181102	0.0180395530541	-0.0308754920338	-0.0222264823581	0.0529805028538
k__Bacteria;p__Bacteroidetes;c__Bacteroidia;o__Bacteroidales;f__Bacteroidaceae;g__Bacteroides;s__Bacteroides_salyersiae	-0.030764832773	-0.0225198810801	0.0166312019091	0.00268181593123	-0.0328600285832	0.0237914119858	0.010397401285	-0.0216909046824	0.012538128756	0.0333742551144	0.0418434102106	-0.0135800679018	-0.00737701695909	0.00540288272989	0.00972593725731	0.0446053402909	-0.00422385716337	-0.0451238912133	-0.01642505922	-0.0399903138716	1.0	-0.0706470449285	-0.0152644923284	0.000854122163749	0.00527766168179	0.001118062679	0.0240429740894	0.00388368375408	-0.0400034905231	-0.0175834699315	-0.0190195594674	-0.00796269384994	-0.0132318847125	-0.00412989605289	-0.00935939130632	-0.0630280543771	-0.0614269056234	0.0275115740615	-0.00237049115721	0.00670085423664	-0.0215808855577	0.0194412996918	0.0630646545392	-0.0213282863251	-0.01984333594	0.00270051429124	-0.0400971404788	-0.00475984370142	-0.0262944100923	0.000341144564442	0.0394276882172	0.0323634192226	0.00961470263244	-0.00698667577726	-0.0437405052421	-0.0369660375402	0.0129380138529	-0.00112724843429	-0.00539081492301
k__Bacteria;p__Firmicutes;c__Clostridia;o__Clostridiales;f__Ruminococcaceae;g__Ruminiclostridium;s__[Eubacterium]_siraeum	0.0305319153888	0.0121530599879	-0.0057512345701	0.0487314724548	-0.00959268733544	-0.0369532137661	-0.0512824874535	0.0503974400924	-0.0119340425097	-0.0152326643434	-0.0268054365962	0.0290925996432	-0.0411731654891	-0.0839254517575	0.00880706805616	-0.000807437943759	0.0182306063649	0.035905472212	-0.0711989504269	-0.0466034155805	-0.0706470449285	1.0	0.0179147297112	-0.0501011081168	0.0301186017731	-0.0254062429542	-0.0668801004764	-0.00776403621502	-0.0314629426041	-0.0497649938558	-0.004596355076	0.000663945001486	-0.0830346359006	-0.0196994435845	0.0582963013485	-0.0159942358717	-0.0436154889479	0.0226781057334	0.0255910593637	0.0515139777526	0.0271226038189	-0.0494684167582	-0.00933799262674	-0.0210957716857	0.00870967122389	0.012947198162	0.0111569607378	-0.0281613636772	-0.00865352379303	0.0183996060236	0.000713849637593	0.0420846551726	-0.0374787624716	-0.0114582723199	-0.0304613166617	-0.00523591423514	-0.10603528936	0.0263827958599	0.0448291361417
k__Bacteria;p__Proteobacteria;c__Betaproteobacteria;o__Burkholderiales;f__Sutterellaceae;g__Parasutterella;s__Parasutterella_excrementihominis	0.0110387683859	-0.0527031089936	-0.0844169271166	0.0195724392971	-0.0334215897956	0.024819333326	0.0147981248347	-0.0152038759636	-0.0131564856998	0.0571754258664	0.00997240819015	-0.00457304743008	-0.0235827472339	-0.0158313948763	0.0171858505433	-0.0892410664353	0.00803435611925	-0.0404621399364	-0.0447587956175	-0.0268633634336	-0.0152644923285	0.0179147297112	1.0	-0.0235475422672	0.0219953988889	0.0193750936638	0.029532758135	-0.0264221914873	-0.0184861104734	-0.0141287642452	-0.0253181104309	-0.0490988310601	-0.0287823177006	-0.00199846069059	-0.0017342448619	-0.0161611544533	-0.00325781520532	-0.0110607935394	-0.0199853719265	0.0309097470978	-0.00716928038133	-0.0109422085612	-0.0458052385019	0.0113730362009	-0.00305644538276	-0.0152485080718	0.0461236915565	0.0157671468451	0.00311471718096	0.0370276696534	-0.0321371800047	0.0061121256933	-0.0596369975853	-0.00806686382994	-0.044095379424	0.0476025894524	-0.00202051998078	-0.00305031349366	-0.059609282976
k__Bacteria;p__Actinobacteria;c__Actinobacteria;o__Bifidobacteriales;f__Bifidobacteriaceae;g__Bifidobacterium;s__Bifidobacterium_adolescentis	0.0150714113	0.0365167081032	0.0491412830598	-0.00814053385368	-0.0138394298807	-0.0266616484244	0.0244192156299	-0.026602363637	-0.041982674881	-0.0492754120609	-0.0294674446777	-0.0559332136137	-0.00102235381129	-0.0264838305807	-0.0955069109446	0.0139900836394	-0.0549059961097	0.0418063865469	0.0163543816868	0.00878790629871	0.000854122163749	-0.0501011081168	-0.0235475422672	1.0	0.00846083366995	0.00397028903922	-0.0160030179608	-0.0596273917637	-0.0448808511121	-0.0319241167629	0.0186853270589	0.026076786984	0.0729737898899	0.0992563900623	0.0304419566667	0.00426684957707	-0.0420332930509	-0.00278553216113	-0.0435937324826	-0.0689727472871	0.0123534215108	0.0361056135524	-0.00772539654042	0.00445035120834	0.00347659406731	0.000298131178877	-0.0343628486718	-0.0229442736743	0.0332179800462	-0.00172017592235	-0.00884916745471	0.0139520843289	0.00470837087335	0.0781576460079	-0.00574736106684	-0.00607011294338	0.0343954073164	0.0343979945169	-0.0691825259557
k__Bacteria;p__Firmicutes;c__Clostridia;o__Clostridiales;f__Oscillospiraceae;g__Oscillibacter;s__Oscillibacter_sp._KLE_1745	0.0560536526719	0.00695666304173	0.0074266596227	-0.0218907033734	-0.0346990708741	-0.0124822801364	0.0549335649464	0.00178490610612	0.0121359628806	-0.00380119399414	0.0122818639893	0.0235157278825	-0.0157216764133	-0.0151047501603	0.0106851298364	0.0193797595417	-0.00796912352713	-0.0026463997793	-0.0368949379652	0.0393685183333	0.00527766168179	0.0301186017731	0.0219953988889	0.00846083366995	1.0	-0.0741326192213	0.0524911286062	-0.0723304480195	-0.0727257335908	0.00878722876115	-0.0251410277463	0.014367046245	0.0386111415381	-0.0390587356322	0.0223747150199	-0.00326568195466	-0.0387093529016	-0.00968478687527	0.0114109600631	-0.0635306096842	0.0502236561121	-0.0108133319273	-0.00283168132834	0.0233968554377	0.0402540098743	0.0195143631426	-0.0404165323807	-0.0592481677929	-0.00357720311222	0.00726065499713	-0.0126509561258	-0.0174637483227	0.0964593454057	0.0281994742158	-0.0290235194564	-0.035014631064	0.0517147160332	-0.0283092459807	-0.0369319369528
k__Bacteria;p__Bacteroidetes;c__Bacteroidia;o__Bacteroidales;f__Bacteroidaceae;g__Bacteroides;s__Bacteroides_coprophilus	0.0553272629127	-0.0097059821492	0.0171550719158	0.0352602284707	0.0800380919898	-0.117419098486	-0.0333538902743	-0.000176680315321	-0.0311422015451	0.00100694484642	-0.0940191584434	-0.0248494017306	0.0151501867585	0.0357773076598	-0.0089245890379	0.0475726368739	-0.0407037815014	-0.0197637789069	0.0233679200632	-0.0209284797599	0.001118062679	-0.0254062429542	0.0193750936638	0.00397028903922	-0.0741326192213	1.0	0.0166704751876	-0.0154152968157	-0.0150741581253	-0.0627743711678	0.027571670076	0.0129569359409	0.0728659748518	-0.020384530136	0.0307085647456	-0.0275027534654	-0.0431392272318	0.0287784958088	0.0705996096746	0.0275942079952	-0.0119796575515	0.0214774185576	-0.0204834381361	-0.0240117440431	-0.0374861317822	-0.0151022250623	-0.0108196909784	-0.0141449930253	0.00362765960207	-0.0417578804056	-0.043729212669	-0.0663685744501	-0.0179485732659	-0.00148041891239	0.0268369118471	-0.00173478362231	0.00823573729948	0.0382431371944	-0.00824528020095
k__Bacteria;p__Firmicutes;c__Clostridia;o__Clostridiales;f__Lachnospiraceae;g__Roseburia;s__Roseburia_intestinalis	0.0365028683169	-0.0433068981958	-0.0792448234982	0.0171549054423	-0.0241374080095	-0.0452779091758	0.0321622537178	0.00290368632016	-0.0261649053705	0.0835627841865	0.0074192855254	-0.0428761229638	0.0135184017049	0.00225628841605	-0.00134574555746	-0.0173368859214	-0.00917869964381	0.00888770023625	0.109302162928	0.0268104666017	0.0240429740894	-0.0668801004764	0.029532758135	-0.0160030179608	0.0524911286062	0.0166704751876	1.0	-0.0812199601186	-0.0542867089372	0.0163040782679	-0.0187631707112	-0.0241765301208	0.0156608135655	-0.0296417785279	-0.0363965272576	0.0270023130969	-0.00184351219991	-0.0950977524604	-0.0437700638682	-0.000984324026708	-0.0205124041783	0.0455388721235	-0.0151935218563	0.0117264769988	0.010116012513	-0.0360063055943	0.0154045443294	-0.0461824301825	0.0234099835566	-0.0567659434195	0.0343996649203	-0.00279673485801	-0.0190860070084	0.00348506274421	-0.0261548030259	0.0464591589247	-0.0711955350433	-0.00564325851778	-0.0360207386162
k__Bacteria;p__Firmicutes;c__Clostridia;o__Clostridiales;f__Lachnospiraceae;g__Roseburia;s__Roseburia_hominis	0.0141136800005	-0.0699907656627	0.00297043010081	-0.0128513690806	-0.0210171554856	-0.00107822153938	0.0742280643265	-0.0227159189619	-0.0501761719586	-0.0695728854737	-0.0459576401494	0.00136734171088	0.0165083154024	0.00637798862962	-0.0337530527923	0.00109846782899	-0.0495266301952	-0.0323560362553	0.0284085294912	-0.0421733326019	0.00388368375408	-0.00776403621502	-0.0264221914873	-0.0596273917637	-0.0723304480195	-0.0154152968157	-0.0812199601186	1.0	0.0232840161974	0.00867821516738	-0.0672055232897	-0.00729631094808	0.0181676962822	-0.00778459226341	0.0411508828684	0.0178831736559	0.0324844474069	-0.0214372921859	0.0441226747999	-0.0223913837308	0.0398282744574	0.0223852015607	0.0428866091283	0.0246100543935	0.00165390470785	0.0356073158511	0.0282138357875	0.0178545132362	0.00444706771292	0.0168478174874	-0.00923033062408	-0.0121721809516	-0.0415875944487	-0.0456901395046	-0.00508123563511	-0.0874741299113	-0.00126444911957	-0.0161547377802	-0.0362168076326
k__Bacteria;p__Bacteroidetes;c__Bacteroidia;o__Bacteroidales;f__Porphyromonadaceae;g__Parabacteroides;s__Parabacteroides_johnsonii	0.0203573994072	0.0321308236397	0.029502902105	0.0286815146353	0.0860468538729	-0.002603314334	-0.0509379217514	0.0247237939311	-0.0487058936984	0.00846023582355	-0.0208914898927	-0.00163459829031	-0.00363943405164	0.0243373705192	-0.0105449156687	-0.0205049198248	-0.00709994455702	-0.0474977680597	-0.0393974261992	0.0484472123075	-0.0400034905231	-0.0314629426041	-0.0184861104734	-0.0448808511121	-0.0727257335908	-0.0150741581253	-0.0542867089372	0.0232840161974	1.0	-0.0102953874075	0.00244541502219	0.0216665734099	-0.0471307531348	-0.0277283858539	-0.0886819582081	-0.0908374548333	-0.0435081222601	-0.0362159755357	0.0391736098149	-0.019973256211	0.00957913761231	0.022579408315	0.0354461888455	0.00779760344776	-0.0350567284527	0.030334959662	-0.0487531536975	0.0221015389393	-0.0182209354988	-0.0106975295218	0.0193593151151	0.00569483606301	0.0502591439641	-0.0363745694416	-0.0292757603317	-0.013211725176	-0.0172923191879	-0.0260107814526	0.0113774885866
k__Bacteria;p__Actinobacteria;c__Actinobacteria;o__Bifidobacteriales;f__Bifidobacteriaceae;g__Bifidobacterium;s__Bifidobacterium_longum	-0.100213684491	-0.0312836993602	0.0283401718176	0.0349882166388	-0.00372928205738	0.0305245371035	0.00305777731503	0.00905755621718	0.113323343897	-0.00117433172015	0.00219027366454	0.0357714869578	0.00977582133789	0.0711524968705	-0.0232068903977	0.00137259229116	-0.03627360625	0.00785299255833	-0.0382692009048	0.0221809365062	-0.0175834699315	-0.0497649938558	-0.0141287642452	-0.0319241167629	0.00878722876115	-0.0627743711678	0.0163040782679	0.00867821516738	-0.0102953874075	1.0	-0.0207656306696	-0.0348123438742	-0.0623563584044	-0.0308052264888	0.00622841321841	-0.0262752376377	0.010908252865	-0.0294403928624	-0.00205055298009	0.0247653293644	-0.0116510813017	0.00155846485621	0.0204428858876	-0.0209857323207	-0.00359393904413	-0.0543125327977	-0.00647208619658	0.0311466995794	-0.0722343792156	-0.0424994308743	0.00700345437623	-0.0215966663644	-0.0687419361036	-0.0140488892368	-0.0206634138211	0.0323441726124	0.0777072124847	0.0482653979378	-0.0205010244067
