#taxonomy	k__Bacteria;p__Bacteroidetes;c__Bacteroidia;o__Bacteroidales;f__Bacteroidaceae;g__Bacteroides;s__Bacteroides_vulgatus	k__Bacteria;p__Bacteroidetes;c__Bacteroidia;o__Bacteroidales;f__Bacteroidaceae;g__Bacteroides;s__Bacteroides_uniformis	k__Bacteria;p__Bacteroidetes;c__Bacteroidia;o__Bacteroidales;f__Rikenellaceae;g__Alistipes;s__Alistipes_putredinis	k__Bacteria;p__Bacteroidetes;c__Bacteroidia;o__Bacteroidales;f__Prevotellaceae;g__Prevotella;s__Prevotella_copri	k__Bacteria;p__Bacteroidetes;c__Bacteroidia;o__Bacteroidales;f__Bacteroidaceae;g__Bacteroides;s__Bacteroides_stercoris	k__Bacteria;p__Bacteroidetes;c__Bacteroidia;o__Bacteroidales;f__Bacteroidaceae;g__Bacteroides;s__Bacteroides_ovatus	k__Bacteria;p__Bacteroidetes;c__Bacteroidia;o__Bacteroidales;f__Rikenellaceae;g__Alistipes;s__Alistipes_shahii	k__Bacteria;p__Firmicutes;c__Clostridia;o__Clostridiales;f__Ruminococcaceae;g__Faecalibacterium;s__Faecalibacterium_prausnitzii	k__Bacteria;p__Bacteroidetes;c__Bacteroidia;o__Bacteroidales;f__Rikenellaceae;g__Alistipes;s__Alistipes_finegoldii	k__Bacteria;p__Bacteroidetes;c__Bacteroidia;o__Bacteroidales;f__Porphyromonadaceae;g__Parabacteroides;s__Parabacteroides_distasonis	k__Bacteria;p__Bacteroidetes;c__Bacteroidia;o__Bacteroidales;f__Bacteroidaceae;g__Bacteroides;s__Bacteroides_thetaiotaomicron	k__Bacteria;p__Bacteroidetes;c__Bacteroidia;o__Bacteroidales;f__Bacteroidaceae;g__Bacteroides;s__Bacteroides_coprocola	k__Bacteria;p__Bacteroidetes;c__Bacteroidia;o__Bacteroidales;f__Bacteroidaceae;g__Bacteroides;s__Bacteroides_cellulosilyticus	k__Bacteria;p__Bacteroidetes;c__Bacteroidia;o__Bacteroidales;f__Rikenellaceae;g__Alistipes;s__Alistipes_obesi	k__Bacteria;p__Firmicutes;c__Clostridia;o__Clostridiales;f__Lachnospiraceae;g__;s__[Eubacterium]_rectale	k__Bacteria;p__Bacteroidetes;c__Bacteroidia;o__Bacteroidales;f__Bacteroidaceae;g__Bacteroides;s__Bacteroides_plebeius	k__Bacteria;p__Bacteroidetes;c__Bacteroidia;o__Bacteroidales;f__Bacteroidaceae;g__Bacteroides;s__Bacteroides_fragilis	k__Bacteria;p__Proteobacteria;c__Betaproteobacteria;o__Burkholderiales;f__Sutterellaceae;g__Sutterella;s__Sutterella_wadsworthensis	k__Bacteria;p__Bacteroidetes;c__Bacteroidia;o__Bacteroidales;f__Porphyromonadaceae;g__Barnesiella;s__Barnesiella_intestinihominis	k__Bacteria;p__Bacteroidetes;c__Bacteroidia;o__Bacteroidales;f__Odoribacteraceae;g__Odoribacter;s__Odoribacter_splanchnicus	k__Bacteria;p__Bacteroidetes;c__Bacteroidia;o__Bacteroidales;f__Bacteroidaceae;g__Bacteroides;s__Bacteroides_salyersiae	k__Bacteria;p__Firmicutes;c__Clostridia;o__Clostridiales;f__Ruminococcaceae;g__Ruminiclostridium;s__[Eubacterium]_siraeum	k__Bacteria;p__Proteobacteria;c__Betaproteobacteria;o__Burkholderiales;f__Sutterellaceae;g__Parasutterella;s__Parasutterella_excrementihominis	k__Bacteria;p__Actinobacteria;c__Actinobacteria;o__Bifidobacteriales;f__Bifidobacteriaceae;g__Bifidobacterium;s__Bifidobacterium_adolescentis	k__Bacteria;p__Firmicutes;c__Clostridia;o__Clostridiales;f__Oscillospiraceae;g__Oscillibacter;s__Oscillibacter_sp._KLE_1745	k__Bacteria;p__Bacteroidetes;c__Bacteroidia;o__Bacteroidales;f__Bacteroidaceae;g__Bacteroides;s__Bacteroides_coprophilus	k__Bacteria;p__Firmicutes;c__Clostridia;o__Clostridiales;f__Lachnospiraceae;g__Roseburia;s__Roseburia_intestinalis	k__Bacteria;p__Firmicutes;c__Clostridia;o__Clostridiales;f__Lachnospiraceae;g__Roseburia;s__Roseburia_hominis	k__Bacteria;p__Bacteroidetes;c__Bacteroidia;o__Bacteroidales;f__Porphyromonadaceae;g__Parabacteroides;s__Parabacteroides_johnsonii	k__Bacteria;p__Actinobacteria;c__Actinobacteria;o__Bifidobacteriales;f__Bifidobacteriaceae;g__Bifidobacterium;s__Bifidobacterium_longum	k__Bacteria;p__Firmicutes;c__Clostridia;o__Clostridiales;f__;g__Flavonifractor;s__Flavonifractor_plautii	k__Bacteria;p__Firmicutes;c__Clostridia;o__Clostridiales;f__Clostridiaceae;g__Clostridium;s__Clostridium_phoceensis	k__Bacteria;p__Verrucomicrobia;c__Verrucomicrobiae;o__Verrucomicrobiales;f__Akkermansiaceae;g__Akkermansia;s__Akkermansia_muciniphila	k__Bacteria;p__Bacteroidetes;c__Bacteroidia;o__Bacteroidales;f__Prevotellaceae;g__Paraprevotella;s__Paraprevotella_xylaniphila	k__Bacteria;p__Firmicutes;c__Clostridia;o__Clostridiales;f__Ruminococcaceae;g__Ruminococcus;s__Ruminococcus_callidus	k__Bacteria;p__Bacteroidetes;c__Bacteroidia;o__Bacteroidales;f__Rikenellaceae;g__Alistipes;s__Alistipes_senegalensis	k__Bacteria;p__Firmicutes;c__Clostridia;o__Clostridiales;f__Lachnospiraceae;g__Blautia;s__Blautia_sp._KLE_1732	k__Bacteria;p__Bacteroidetes;c__Bacteroidia;o__Bacteroidales;f__Bacteroidaceae;g__Bacteroides;s__Bacteroides_oleiciplenus	k__Bacteria;p__Firmicutes;c__Clostridia;o__Clostridiales;f__Ruminococcaceae;g__Ruminococcus;s__Ruminococcus_bicirculans	k__Bacteria;p__Bacteroidetes;c__Bacteroidia;o__Bacteroidales;f__Bacteroidaceae;g__Bacteroides;s__Bacteroides_fluxus	k__Bacteria;p__Bacteroidetes;c__Bacteroidia;o__Bacteroidales;f__Prevotellaceae;g__Prevotella;s__Prevotella_stercorea	k__Bacteria;p__Firmicutes;c__Clostridia;o__Clostridiales;f__Lachnospiraceae;g__Dorea;s__Dorea_longicatena	k__Bacteria;p__Firmicutes;c__Clostridia;o__Clostridiales;f__Eubacteriaceae;g__Eubacterium;s__[Eubacterium]_eligens	k__Bacteria;p__Firmicutes;c__Clostridia;o__Clostridiales;f__Ruminococcaceae;g__;s__Ruminococcaceae_bacterium_D16	k__Bacteria;p__Firmicutes;c__Clostridia;o__Clostridiales;f__Lachnospiraceae;g__Coprococcus;s__Coprococcus_comes	k__Bacteria;p__Proteobacteria;c__Gammaproteobacteria;o__Enterobacterales;f__Enterobacteriaceae;g__Escherichia;s__Escherichia_coli	k__Bacteria;p__Firmicutes;c__Clostridia;o__Clostridiales;f__Ruminococcaceae;g__Anaerotruncus;s__Anaerotruncus_colihominis	k__Bacteria;p__Firmicutes;c__Clostridia;o__Clostridiales;f__Lachnospiraceae;g__Blautia;s__Blautia_obeum	k__Bacteria;p__Bacteroidetes;c__Bacteroidia;o__Bacteroidales;f__Odoribacteraceae;g__Odoribacter;s__Odoribacter_laneus	k__Bacteria;p__Firmicutes;c__Clostridia;o__Clostridiales;f__Ruminococcaceae;g__Ruminiclostridium;s__[Clostridium]_leptum	k__Bacteria;p__Bacteroidetes;c__Bacteroidia;o__Bacteroidales;f__Porphyromonadaceae;g__Parabacteroides;s__Parabacteroides_goldsteinii	k__Bacteria;p__Firmicutes;c__Clostridia;o__Clostridiales;f__Lachnospiraceae;g__Anaerostipes;s__Anaerostipes_hadrus	k__Bacteria;p__Firmicutes;c__Clostridia;o__Clostridiales;f__Ruminococcaceae;g__Ruminococcus;s__Ruminococcus_lactaris	k__Bacteria;p__Firmicutes;c__Clostridia;o__Clostridiales;f__Clostridiaceae;g__Clostridium;s__Clostridium_sp._L2-50	k__Bacteria;p__Firmicutes;c__Clostridia;o__Clostridiales;f__Clostridiaceae;g__Clostridium;s__Clostridium_sp._M62/1	k__Bacteria;p__Firmicutes;c__Clostridia;o__Clostridiales;f__;g__Intestinimonas;s__Intestinimonas_butyriciproducens	k__Bacteria;p__Actinobacteria;c__Actinobacteria;o__Bifidobacteriales;f__Bifidobacteriaceae;g__Bifidobacterium;s__Bifidobacterium_bifidum	k__Bacteria;p__Firmicutes;c__Negativicutes;o__Veillonellales;f__Veillonellaceae;g__Dialister;s__Dialister_invisus	k__Bacteria;p__Bacteroidetes;c__Bacteroidia;o__Bacteroidales;f__Bacteroidaceae;g__Bacteroides;s__Bacteroides_salanitronis
k__Bacteria;p__Bacteroidetes;c__Bacteroidia;o__Bacteroidales;f__Bacteroidaceae;g__Bacteroides;s__Bacteroides_vulgatus	1.0	-0.0225173493035	0.00829182729993	-0.0192187577314	-0.0216909015266	-0.0418992812286	0.0515057707645	-0.0322963362228	0.00932545408747	-0.0421151720436	0.0286285145445	-0.00864227117459	-0.0343337744116	0.0508573805389	-0.0141595180752	-0.0640713466721	-0.0584450761428	-0.0664488238876	-0.0768689884017	-0.0233293497701	0.0333265384569	0.00806706244973	0.0406090164385	0.00594058023906	-0.0417716160608	-0.023985599981	-0.0045356544139	0.00249383241651	0.00375708690521	-0.0485067475658	0.0320347067199	-0.0357913782886	-0.00318473981265	0.0218159197303	0.0416777813686	-0.017346953789	-0.0564939026601	0.00808088578461	0.0268519804234	0.0455473015453	0.0345249135118	0.039395380332	-0.0255887213081	-0.0151867831534	-0.0181679721281	-0.02199439267	-0.036195030068	-0.0726595949415	-0.0539270263987	-0.0514440874731	-0.0326215106121	0.07919804643	-0.0077087313733	0.0208399316631	0.080290632195	-0.0146212521256	0.0531917881437	0.038771770153	-0.0107297815235
k__Bacteria;p__Bacteroidetes;c__Bacteroidia;o__Bacteroidales;f__Bacteroidaceae;g__Bacteroides;s__Bacteroides_uniformis	-0.0225173493035	1.0	-0.00686643413884	-0.0364768400489	-0.0219699066356	0.0120741364586	0.0101136506314	0.000431793048656	-0.00511278824271	-0.0128699545595	-0.0284207077558	0.025667622662	-0.0465018538931	-0.0303342523779	0.00483814455341	0.0426120474894	-0.028917163142	0.00742823434152	0.0727524375747	-0.0402576712975	-0.0417732630475	-0.0609414954111	-0.050553426857	-0.00549892645164	-0.00919300543843	-0.000373418876812	-0.00922008916702	-0.0306948471292	-0.0345646379128	0.0590812068746	0.0148643745821	0.00608687196359	-0.0191783642264	-0.0630042860128	-0.0192716076934	0.0266350427422	-0.00930135443555	0.0191595681902	0.0113303768331	-0.0590082278891	-0.0156279389393	-0.0582419818413	-0.0446115309866	-0.0190915196712	0.0797349823788	0.0495867607608	0.0481805067558	0.00657663127848	0.0025555872455	0.0347512789545	-0.0399408261022	-0.0245633208137	0.0459508836415	-0.00371996893447	-0.05034036399	-0.0214837393573	-0.0249278981411	-0.00101977059695	0.0402578163967
k__Bacteria;p__Bacteroidetes;c__Bacteroidia;o__Bacteroidales;f__Rikenellaceae;g__Alistipes;s__Alistipes_putredinis	0.00829182729993	-0.00686643413884	1.0	-0.0138647038805	-0.0548302614219	0.0190017989813	0.040717770373	0.0353179247064	-0.0149828044165	-0.0454510336076	0.0372332960822	-0.056314056248	-0.0792755844232	-0.0204784243502	-0.111824122919	-0.00519960621008	-0.0274539370137	-0.0651441607233	-0.0295681777013	0.0506329683027	-0.0299991063876	0.077318745771	0.0484946403275	0.028514766061	0.09494645746	-0.0339082410575	0.00500102530793	-0.00352089128786	-0.0417854331141	0.0151529251179	-0.0403918727858	-0.0309724223725	-0.0213334361053	0.0796121643256	-0.00677649266507	0.000533264400936	0.0232036536774	-0.0140140269098	0.00920149632274	0.0205941254535	0.0665599231889	-0.041070495127	-0.0121675378671	-0.0458659520948	-0.0506819357896	-0.0361371949268	-0.00477249031596	-0.024127764483	0.00464103678816	-0.0424517249599	-0.0506843242462	-0.0242748854423	0.0126718100583	-0.00411354076261	0.0103154165756	-0.0625827400123	0.0250135663228	-0.0192667429228	0.031254366282
k__Bacteria;p__Bacteroidetes;c__Bacteroidia;o__Bacteroidales;f__Prevotellaceae;g__Prevotella;s__Prevotella_copri	-0.0192187577314	-0.0364768400489	-0.0138647038805	1.0	-0.00675037944905	-0.0183595954868	-0.0185511111524	0.00865429953594	-0.0136176256766	0.0328067394589	0.0238084789095	-0.0390659287146	0.021194498576	-0.0685727325058	0.00827615691628	-0.0265438333531	0.0473081072624	-0.0267053667333	-0.00371610768798	0.0806678821934	-0.0621001569511	0.0154764295142	-0.0252993496991	0.00749518312785	-0.0532602877781	0.0575485948199	-0.00647502097065	-0.0215150918099	-0.046494312796	0.0020925510626	-0.0865702500374	-0.00149217408461	-0.0643132025992	0.0821714709155	0.0925366786322	-0.0236506607114	0.000296326880081	0.0387419779148	-0.000108376102688	-0.0454940483197	-0.04625506931	-0.0107606737084	-0.00856322739235	-0.058474694628	-0.0366794025626	-0.0116652973223	-0.0790533966966	0.0542649877763	0.0270061671869	-0.0756335685217	0.036647802746	0.00925647814804	0.0164354627681	-0.021857934288	0.0153446376199	0.0204790550671	-0.019163981953	-0.0677752618304	-0.0781308935922
k__Bacteria;p__Bacteroidetes;c__Bacteroidia;o__Bacteroidales;f__Bacteroidaceae;g__Bacteroides;s__Bacteroides_stercoris	-0.0216909015266	-0.0219699066356	-0.0548302614219	-0.00675037944905	1.0	0.0126340822575	-0.0200654615256	0.0213049889065	-0.042532477036	0.0495899875135	-0.010678679924	-0.0196896483133	0.0811164799787	0.0670061848396	-0.00746929420658	-0.0173808959277	-0.0301499312713	-0.0267250897779	-0.037751610348	0.0275075090227	0.00232458389592	0.0101694157987	-0.0352198780914	0.0697928424037	0.0182603268535	-0.0487537927261	0.0229822789501	-0.00288917859323	0.00357125947725	-0.0806613617081	-0.026644774962	-0.0425954602002	-0.0499064402609	-0.000413117932181	-0.0290048224627	-0.028192312885	0.00606867503354	-0.0403215055508	0.0259497508067	-0.0273918956791	-0.0335300274424	0.041897006402	0.00806270953066	0.0637401421164	-0.0219690862611	-0.0275252602148	0.00476644168197	-0.00432724891956	-0.0136404012736	-0.00532777070968	0.0449565961744	0.0231332931051	-0.0377626402423	-0.0445096686705	-0.105452226438	-0.00260334200766	0.00221898020114	0.0225482136016	0.0160019900093
k__Bacteria;p__Bacteroidetes;c__Bacteroidia;o__Bacteroidales;f__Bacteroidaceae;g__Bacteroides;s__Bacteroides_ovatus	-0.0418992812286	0.0120741364586	0.0190017989813	-0.0183595954868	0.0126340822575	1.0	-0.0511631433897	0.0765850994189	-0.0151698043046	0.0122297372625	-0.00747313321059	-0.015568240659	-0.0723255646937	-0.00612295025498	-0.00885637598324	0.0308126638077	0.00973704455921	-0.0023450211838	-0.0274489677144	-0.00894188664277	-0.00325615972901	0.0227952316284	-0.0550878381765	-0.00391724534904	0.0205507598905	0.00214734662354	-0.0294066825193	0.0168166215591	0.0624888693283	-0.06508196451	-0.0143558409027	0.0638642295756	-0.039079278993	-0.0395057757626	-0.0343414354323	-0.010952704903	-0.0679426871749	0.0251620752518	-0.0236639547721	-0.010123775164	0.0133390213872	-0.0161907504901	0.0086175758518	0.0635475284308	0.0195795382581	-0.057718864388	-0.00272196384598	0.00689135003897	0.0454789669985	-0.0125459849221	-0.015717640126	-0.0373118371783	-0.0500829810177	-0.0124798846338	-0.0221164083758	-0.0233061682979	-0.0283164483373	-0.0472219282323	-0.041281140337
k__Bacteria;p__Bacteroidetes;c__Bacteroidia;o__Bacteroidales;f__Rikenellaceae;g__Alistipes;s__Alistipes_shahii	0.0515057707645	0.0101136506314	0.040717770373	-0.0185511111524	-0.0200654615256	-0.0511631433897	1.0	0.0214731636847	-0.00290790511368	0.0416963919442	0.0121949780601	-0.0300776046727	0.0216374913848	0.00734256657669	-0.0161764452727	-0.0218300971809	-0.0474813347946	0.0499207178052	-0.0352617937223	0.0471251263586	0.00192497488109	-0.0563933362793	-0.0179143782247	0.0207606538964	-0.00102054900997	0.0602057546366	0.0398564388006	-0.0272535643054	-0.0356505520812	-0.0547702015995	0.021851198121	-0.0472283040139	0.00544530966847	-0.013773346164	0.00996426256939	-0.0307409574914	-0.00556277635357	-0.0140385437459	-0.000249267657715	0.0196997061826	-0.0463381839726	-0.0486664081884	-0.0183107696268	-0.0272894080324	0.0130574015599	0.0453672939573	0.032103201097	0.040926139554	-0.00600590433011	-0.024929746972	0.0184509829791	-0.0539896329967	0.00992743022289	-0.0128442463414	-0.025243338838	-0.0352433778963	-0.0050314561152	0.0147034855249	-0.0362129626264
k__Bacteria;p__Firmicutes;c__Clostridia;o__Clostridiales;f__Ruminococcaceae;g__Faecalibacterium;s__Faecalibacterium_prausnitzii	-0.0322963362228	0.000431793048656	0.0353179247064	0.00865429953594	0.0213049889065	0.0765850994189	0.0214731636847	1.0	-0.00450644252699	-0.0496127749876	-0.0371987468781	-0.0412726508424	-0.0366693775627	0.00577998371084	-0.0428870419671	-0.0104283455707	0.0219879697602	-0.0232197541082	0.0236029080023	0.031565929352	0.0071610712345	-0.0205620886676	-0.0345329703513	-0.0149195270906	-0.0700342652456	-0.0713577532919	-0.00746581189713	-0.0318082515555	0.00593150021982	0.0209682985025	0.037597318077	0.0110633056522	0.0102764435996	0.103309566401	0.00744067397887	-0.053979493744	-0.0564984888388	-0.0250787561517	-0.0261939299405	-0.0406853558585	-0.0676409835197	0.0815154505634	0.0579197039244	-0.0192849021788	0.00895039316659	0.0723392290812	0.0432122129954	-0.0354088277018	-0.0457815105292	-0.0696778793538	0.0216345930731	0.0119732051184	-0.0241611432756	0.0276840547564	-0.0348271233624	-0.0413259684217	-0.0861051057872	0.00913213606718	0.0618793475752
k__Bacteria;p__Bacteroidetes;c__Bacteroidia;o__Bacteroidales;f__Rikenellaceae;g__Alistipes;s__Alistipes_finegoldii	0.00932545408747	-0.00511278824271	-0.0149828044165	-0.0136176256766	-0.042532477036	-0.0151698043046	-0.00290790511368	-0.00450644252699	1.0	0.0237487086514	0.00861043840082	-0.0110507287769	-0.0878101820235	0.0395357859057	-0.0423978847062	0.0317297303613	0.0112456164534	-0.00207830346208	-0.0858767531995	-0.01180266173	-0.0509153705817	0.0599919961062	-0.06515263479	-0.0310696463125	0.0238438877971	-0.00896722523168	0.0274354620036	-0.0270165336658	-0.04493592737	-0.0463623097902	-0.000175579612681	0.0212999471134	0.0274956019151	0.0872282157374	-0.0183288439392	-0.0131101265432	-0.0214824113878	0.0317239729184	-0.0517319490045	-0.0435171181929	-0.0548017409312	-0.0514701933918	0.0574524567913	-0.034259687672	0.0184291168065	0.0108954318737	-0.0742663807371	-0.00362705117086	0.00805940080215	0.0153324806019	-0.046333563338	-0.0156911133423	0.0200464200649	-0.0854902604667	0.0776165531805	0.0510697986263	0.0500450091652	-0.0321762906663	0.0215292041545
k__Bacteria;p__Bacteroidetes;c__Bacteroidia;o__Bacteroidales;f__Porphyromonadaceae;g__Parabacteroides;s__Parabacteroides_distasonis	-0.0421151720436	-0.0128699545595	-0.0454510336076	0.0328067394589	0.0495899875135	0.0122297372625	0.0416963919442	-0.0496127749876	0.0237487086514	1.0	0.0303846774906	0.00130458136923	0.0246031776356	-0.0402389364721	-0.011848619461	-0.0437320785874	0.0270196045239	-0.0162203033832	0.055964689847	0.065198445466	-0.0241029230879	-0.00287143854933	-0.0512079475436	0.00245000655093	-0.027213080405	-0.00553359368491	-0.0108546036057	0.0268006179665	-0.0481817611529	-0.037184901558	-0.00757756201174	0.00441706322326	-0.0116092618217	0.0096760509245	0.0137243827293	-0.0728718026976	-0.0080059720366	0.0340376617124	0.0107187678165	-0.00999726468547	-0.0538483183097	-0.0824709947933	0.0703874277228	-0.0210762241047	-0.0352422139603	0.0298592549255	0.0320914496331	-0.0148072759343	0.0182463133624	-0.014604513418	0.0747063428807	-0.0795579200722	-0.00231367763808	0.0336263275578	-0.0311288926135	0.0248432877274	0.00363479710969	0.0225946037501	-0.0907098711685
k__Bacteria;p__Bacteroidetes;c__Bacteroidia;o__Bacteroidales;f__Bacteroidaceae;g__Bacteroides;s__Bacteroides_thetaiotaomicron	0.0286285145445	-0.0284207077558	0.0372332960822	0.0238084789095	-0.010678679924	-0.00747313321059	0.0121949780601	-0.0371987468781	0.00861043840082	0.0303846774906	1.0	-0.029180051785	-0.00233280106416	0.0370895371504	0.0381720523255	0.0355939508859	-0.0814855086763	-0.0254732281082	-0.0265099889607	-0.00746897524015	-0.0568595827601	-0.0212666439004	-0.0173799885219	-0.0197271206749	0.00165992739641	-0.0361207835551	-0.0333161146082	-0.0476765628641	-0.00287534283398	0.0335672912273	-0.0256295404707	-0.0281933245789	-0.00240458394524	0.0184056112855	0.0426831894969	-0.0134943035672	-0.0190220306079	0.0345901860482	0.0535290162161	0.0154658158281	-0.0062266337271	0.0151115858979	-0.00209719147515	-0.00145465992666	0.0375696802683	0.0203579595949	-0.0106615613477	-0.063875458786	-0.00183806403599	0.0564951767684	-0.0382718771156	-0.0341648209787	-0.035234589574	-0.0283396340637	-0.00367288319537	-0.03419204193	-0.0241065003066	0.0520101881694	-0.0438286217138
k__Bacteria;p__Bacteroidetes;c__Bacteroidia;o__Bacteroidales;f__Bacteroidaceae;g__Bacteroides;s__Bacteroides_coprocola	-0.00864227117459	0.025667622662	-0.056314056248	-0.0390659287146	-0.0196896483133	-0.015568240659	-0.0300776046727	-0.0412726508424	-0.0110507287769	0.00130458136923	-0.029180051785	1.0	-0.0150630374752	0.0715837639616	-0.0213465285945	0.0466793772097	-0.0175800551992	-0.0338799855309	0.0121703410488	0.0053659096157	0.00658407760398	0.0144735324712	0.0129758638853	-0.0792297836759	-0.0288148773978	0.0515684913134	-0.0341288199361	0.0108829882364	-0.0184797260682	0.0350894139341	-0.00330330376711	-0.0399764667423	-0.0314873831234	-0.0696194984638	0.0395122476251	-0.0494218652269	-0.0403263569533	-0.00904198461707	0.00765785880802	-0.0122108973772	0.0709180419013	-0.0689942662138	0.00732984046671	0.0246104710068	-0.0101245044663	-0.0402993557128	0.0318107849958	0.00100715212754	-0.0297511962892	-0.00333460866429	0.00405494130953	0.0453388032483	-0.0784796426051	-0.0157446123289	-0.0555328344534	0.0150981290743	0.0107727343841	-0.0323304797245	-0.0677487117655
k__Bacteria;p__Bacteroidetes;c__Bacteroidia;o__Bacteroidales;f__Bacteroidaceae;g__Bacteroides;s__Bacteroides_cellulosilyticus	-0.0343337744116	-0.0465018538931	-0.0792755844232	0.021194498576	0.0811164799787	-0.0723255646937	0.0216374913848	-0.0366693775627	-0.0878101820235	0.0246031776356	-0.00233280106416	-0.0150630374752	1.0	-0.0156667289857	-0.0325363667417	-0.0530694347613	-0.0719380010777	0.053505293638	0.0467155233522	-0.107727092958	-0.0188771954987	0.0153660624261	0.0258590606045	0.002788460972	0.0961453566464	-0.0521470670063	-0.0296427842226	-0.0210801572555	-0.0113606889785	-0.0111704517254	-0.0473323827492	0.0507455953328	0.0301258229904	0.0367782426602	-0.0150508711543	0.027379910663	0.0237596738792	-0.0665721684452	-0.0203296665199	-0.0188431595085	0.0300066585572	0.0828892677224	-0.0249227407317	0.0147567037559	-0.0167000455321	-0.0617608152038	-0.0269766638366	-0.0655195806193	-0.0157578411911	-0.0348050754097	-0.066376365472	0.0684064248138	-0.00420917684609	-0.0132555306553	-0.0227438126876	0.0146287984066	-0.00273902726635	0.0718640449872	0.0161739389511
k__Bacteria;p__Bacteroidetes;c__Bacteroidia;o__Bacteroidales;f__Rikenellaceae;g__Alistipes;s__Alistipes_obesi	0.0508573805389	-0.0303342523779	-0.0204784243502	-0.0685727325058	0.0670061848396	-0.00612295025498	0.00734256657669	0.00577998371084	0.0395357859057	-0.0402389364721	0.0370895371504	0.0715837639616	-0.0156667289857	1.0	-0.041128317505	-0.0407999399477	0.00863852679257	-0.0164720419911	-0.00197434826234	-0.040828580079	0.0163175679002	-0.0294472756694	-0.0449858596486	-0.0367192842206	-0.0298684065536	-0.0462380663348	0.0640083573892	0.000167170345527	0.0595924965828	-0.0637163049699	0.0197903300466	-0.0192622635508	0.051819422531	-0.0184649070785	-0.0262718322779	0.0641126319488	-0.0693470545232	0.0649659766409	-0.0845932487608	0.00231509091958	-0.0094856389713	-0.0276578560838	-0.0390320278629	-0.00172956379872	-0.0253384614674	0.05916387553	0.0183876565449	0.0415520254786	-0.0194951960534	-0.0165951373741	-0.0390032865792	0.0658409087324	0.016184855569	-0.0483915976705	-0.0666401376346	0.0374811668501	0.0538957309953	0.027873720667	-0.0277712941799
k__Bacteria;p__Firmicutes;c__Clostridia;o__Clostridiales;f__Lachnospiraceae;g__;s__[Eubacterium]_rectale	-0.0141595180752	0.00483814455341	-0.111824122919	0.00827615691628	-0.00746929420658	-0.00885637598324	-0.0161764452727	-0.0428870419671	-0.0423978847062	-0.011848619461	0.0381720523255	-0.0213465285945	-0.0325363667417	-0.041128317505	1.0	0.0174391550619	-0.0551855701376	-0.0331894097936	-0.0159806315505	0.0218864551234	-0.00549898336388	-0.0762167875511	-0.0449258101565	0.00211328049372	-0.0464208739253	-0.0171055918831	-0.0201792213903	-0.00288567443867	0.0609316507299	0.0652890741647	0.0213188432714	-0.0232848726106	0.00420127924395	0.00521805260715	-0.0226532842395	-0.00357641536656	-0.0390427470585	0.00767973204383	0.0412122316638	-0.0239727166511	0.0123163045612	-0.00263086439654	-0.00495301070927	0.00713701579699	-0.0379368546636	0.00588686194211	-0.0169254792125	-0.0150314436386	0.0155806819778	0.056467295902	0.0337954502588	-0.0734065967193	-0.010222287226	-0.00165522246113	0.0429819898692	0.0645234984598	0.00846760780459	0.0144127174186	0.0379893021385
k__Bacteria;p__Bacteroidetes;c__Bacteroidia;o__Bacteroidales;f__Bacteroidaceae;g__Bacteroides;s__Bacteroides_plebeius	-0.0640713466721	0.0426120474894	-0.00519960621008	-0.0265438333531	-0.0173808959277	0.0308126638077	-0.0218300971809	-0.0104283455707	0.0317297303613	-0.0437320785874	0.0355939508859	0.0466793772097	-0.0530694347613	-0.0407999399477	0.0174391550619	1.0	-0.0303291680094	-0.010987593398	0.0543830245296	-0.000874551656918	-0.0281751600941	0.020592531247	-0.029101525915	0.0730406381004	0.0112681010184	0.00487139915615	-0.0307159586626	0.0302205907291	0.0549089919906	-0.0321182131912	-0.0171855738072	-0.00568639130896	0.013550274446	-0.0888717042223	-0.0199657537509	-0.0579991033462	0.0199445503774	-0.0340196771323	-0.0577539636316	-0.0583373918309	0.00176304413678	-0.0657728643005	0.0464124547445	0.0259870092374	0.000279337812466	-0.0120262298172	0.0360231911234	0.00851971121576	0.0223357500664	-0.0200369340208	-0.0251170733018	-0.0219515743157	0.00134113794639	0.014901290785	0.0669219288291	-0.0245431489222	-0.0483223251911	0.0149353780443	0.00614499890318
k__Bacteria;p__Bacteroidetes;c__Bacteroidia;o__Bacteroidales;f__Bacteroidaceae;g__Bacteroides;s__Bacteroides_fragilis	-0.0584450761428	-0.028917163142	-0.0274539370137	0.0473081072624	-0.0301499312713	0.00973704455921	-0.0474813347946	0.0219879697602	0.0112456164534	0.0270196045239	-0.0814855086763	-0.0175800551992	-0.0719380010777	0.00863852679257	-0.0551855701376	-0.0303291680094	1.0	0.00896077358291	0.0196378984753	0.0275068343149	0.0084569332568	0.0171373741419	-0.0400822817882	0.0531552218149	-0.0437642134762	0.00103019236676	0.0126939044714	0.0726921874294	0.00768808472998	0.0318117029632	0.0400149090708	-0.030491447588	-0.039285636608	-0.0482325879	0.0166900571472	0.0311238086552	0.0527211677035	0.0422702350204	0.0344094502342	0.0223642196055	-0.0454390060195	-0.0303130374462	-0.0194526109976	0.00934853947595	0.0254554248486	-0.0154332007083	-0.046243417171	0.00784964388601	0.00308891858987	0.000638398997069	-0.0116683359317	-0.0400980003498	-0.0879354937996	-0.0454144919681	-0.00828631372491	-0.0145696423294	-0.0191700775293	-0.0328221226383	0.0161683103773
k__Bacteria;p__Proteobacteria;c__Betaproteobacteria;o__Burkholderiales;f__Sutterellaceae;g__Sutterella;s__Sutterella_wadsworthensis	-0.0664488238876	0.00742823434152	-0.0651441607233	-0.0267053667333	-0.0267250897779	-0.0023450211838	0.0499207178052	-0.0232197541082	-0.00207830346208	-0.0162203033832	-0.0254732281082	-0.0338799855309	0.053505293638	-0.0164720419911	-0.0331894097936	-0.010987593398	0.00896077358291	1.0	-0.0465874236255	-0.00893818334766	0.00760240761265	0.0269812335459	-0.0338063625834	-0.0362143936825	-0.00137469324059	0.0406198891788	-0.0217576758779	0.0424720250506	-0.0113858770994	-0.0451627219771	0.0217107295164	0.0237894343444	-0.0147669619339	-0.0152419081752	0.023621047734	-0.0378941452287	-0.0117780798861	0.010269321141	0.020706517724	-0.0169700472261	-0.0238124349554	0.046610058225	0.00841595980542	0.0234473228255	-0.0350877122344	-0.0707455007763	0.0314037796097	0.0348309957027	-0.0345831257239	0.0158162314443	-0.00764025578351	-0.027732435909	-0.0149801014557	0.0358126682065	-0.0382886690149	0.00820611043824	-0.0510357778277	-0.0149017918563	0.016340713648
k__Bacteria;p__Bacteroidetes;c__Bacteroidia;o__Bacteroidales;f__Porphyromonadaceae;g__Barnesiella;s__Barnesiella_intestinihominis	-0.0768689884017	0.0727524375747	-0.0295681777013	-0.00371610768798	-0.037751610348	-0.0274489677144	-0.0352617937223	0.0236029080023	-0.0858767531995	0.055964689847	-0.0265099889607	0.0121703410488	0.0467155233522	-0.00197434826234	-0.0159806315505	0.0543830245296	0.0196378984753	-0.0465874236255	1.0	0.00449721652245	-0.0245212775397	-0.0048747768723	0.0341049490843	0.00899282742143	0.0322341232635	-0.0216834761117	-0.0070366293203	-0.000347717158924	-0.00495674784449	0.00283605660144	0.0200116160302	0.018246503388	-0.0184417429167	0.0234072569644	-0.0361586756785	-0.0113413400297	0.0277983306084	0.00735925587633	0.0262475859579	0.00579711677345	-0.0400868612706	0.00524526398232	-0.0404534652258	-0.0241703155418	-0.00475507070472	-4.5681444838e-05	-0.0047554387708	-0.078021318225	0.0109348607104	0.016780365332	0.0251037396953	-0.0137519064027	-0.0273444490433	0.00118544255369	-0.037487622524	-0.0329387077827	-0.037474102561	-0.00300993653561	-0.0219506549063
k__Bacteria;p__Bacteroidetes;c__Bacteroidia;o__Bacteroidales;f__Odoribacteraceae;g__Odoribacter;s__Odoribacter_splanchnicus	-0.0233293497701	-0.0402576712975	0.0506329683027	0.0806678821934	0.0275075090227	-0.00894188664277	0.0471251263586	0.031565929352	-0.01180266173	0.065198445466	-0.00746897524015	0.0053659096157	-0.107727092958	-0.040828580079	0.0218864551234	-0.000874551656918	0.0275068343149	-0.00893818334766	0.00449721652245	1.0	-0.0611448583608	-0.00365691159558	-0.00120354344432	0.00488569271	0.0395181269943	0.00855469284512	-0.062062344754	-0.00483664757641	-0.0383725864697	-0.047382994038	-0.0511828627153	-0.023563116787	-0.00643472540218	-0.0013288621148	0.0413841235234	0.0086572622705	-0.0409220594997	0.0107228769648	0.00293145724329	-0.02951442881	-0.0191600262132	-0.0479885729854	-0.0690472627079	-0.00436374354296	-0.0175477651034	0.001221064258	-0.0129289458353	0.104774227515	0.0508919448615	0.14273298135	0.0194787480739	-0.0965902500481	0.00573155538199	0.025496665413	-0.0941262060328	0.0118106692455	-0.0131512751106	-0.0282109468597	0.025424052503
k__Bacteria;p__Bacteroidetes;c__Bacteroidia;o__Bacteroidales;f__Bacteroidaceae;g__Bacteroides;s__Bacteroides_salyersiae	0.0333265384569	-0.0417732630475	-0.0299991063876	-0.0621001569511	0.00232458389592	-0.00325615972901	0.00192497488109	0.0071610712345	-0.0509153705817	-0.0241029230879	-0.0568595827601	0.00658407760398	-0.0188771954987	0.0163175679002	-0.00549898336388	-0.0281751600941	0.0084569332568	0.00760240761265	-0.0245212775397	-0.0611448583608	1.0	-0.0466271987656	-0.0241409192017	0.0334360070622	0.0117294346305	-0.00906178393674	-0.0441479952018	-0.051091389397	-0.0344389803718	0.00751462672009	-0.0312185944443	0.0148824212887	0.0462543710325	-0.0553083273453	-0.00198107377627	-0.0247057123143	0.00558313948906	-0.0186302922056	0.0192645655278	-0.041387490803	0.0391281836977	-0.00395761160781	0.0216501418161	0.00141536349771	-0.0410549274198	0.0348728909142	0.020080884645	0.0328967333762	-0.0759028728357	-0.0290636987339	-0.00256523004615	0.00456016730209	-0.00179216121929	-0.0405176662469	0.0024829504565	0.0351943895005	-0.0100775193358	0.0189062935585	-0.04616229001
k__Bacteria;p__Firmicutes;c__Clostridia;o__Clostridiales;f__Ruminococcaceae;g__Ruminiclostridium;s__[Eubacterium]_siraeum	0.00806706244973	-0.0609414954111	0.077318745771	0.0154764295142	0.0101694157987	0.0227952316284	-0.0563933362793	-0.0205620886676	0.0599919961062	-0.00287143854933	-0.0212666439004	0.0144735324712	0.0153660624261	-0.0294472756694	-0.0762167875511	0.020592531247	0.0171373741419	0.0269812335459	-0.0048747768723	-0.00365691159558	-0.0466271987656	1.0	0.00740282217257	0.0038912901235	-0.0473164510426	0.00644375625064	-0.0276307240003	-0.00818526471947	-0.0166654586328	0.0388545521964	0.00966552703473	0.0415276675612	0.0305481172676	-0.0487108172376	-0.0473011421342	-0.0481243954548	0.0500500280596	0.0441776077478	0.0150449625444	-0.0322307688259	0.0551514243838	-0.00970619315488	0.0278577549049	-0.00290514656793	0.0228368121344	0.00652520395019	-0.0229953050122	-0.0225926041747	0.0258210413319	-0.0491343887554	-0.0178658634403	0.0325403869703	0.010222403267	-0.035675342371	-0.00920894989489	0.00188499332554	-0.0139648196271	-0.0487265211752	-0.00676058278767
k__Bacteria;p__Proteobacteria;c__Betaproteobacteria;o__Burkholderiales;f__Sutterellaceae;g__Parasutterella;s__Parasutterella_excrementihominis	0.0406090164385	-0.050553426857	0.0484946403275	-0.0252993496991	-0.0352198780914	-0.0550878381765	-0.0179143782247	-0.0345329703513	-0.06515263479	-0.0512079475436	-0.0173799885219	0.0129758638853	0.0258590606045	-0.0449858596486	-0.0449258101565	-0.029101525915	-0.0400822817882	-0.0338063625834	0.0341049490843	-0.00120354344432	-0.0241409192017	0.00740282217257	1.0	0.0357806465014	0.0282924646163	0.000763556514846	0.030006793094	-0.0428397783029	0.0103893078513	-0.0167436090968	-0.00887435975611	-0.0224654035654	0.0348279031658	-0.0401046069071	0.014261980634	-0.00819932431698	-0.00764661033249	-0.00819631810037	-0.00623020750331	-0.00499540267049	-0.0437490057084	0.0776439094844	-0.0337972524689	0.0616315057717	0.0211949277789	0.00166716056457	0.0144215718401	0.0239811825568	0.000893806766662	-0.040847384817	0.0673002088304	-0.0439693182374	-0.0136850505242	-0.000822090558399	-0.0262411555074	-0.00531611329939	-0.0529292038367	0.0306035767362	-0.0206684269733
k__Bacteria;p__Actinobacteria;c__Actinobacteria;o__Bifidobacteriales;f__Bifidobacteriaceae;g__Bifidobacterium;s__Bifidobacterium_adolescentis	0.00594058023906	-0.00549892645164	0.028514766061	0.00749518312785	0.0697928424037	-0.00391724534904	0.0207606538964	-0.0149195270906	-0.0310696463125	0.00245000655093	-0.0197271206749	-0.0792297836759	0.002788460972	-0.0367192842206	0.00211328049372	0.0730406381004	0.0531552218149	-0.0362143936825	0.00899282742143	0.00488569271	0.0334360070622	0.0038912901235	0.0357806465014	1.0	0.038283462827	0.0141861283141	0.0490931345938	0.0136471901589	-0.044862171976	0.00253618169499	-0.0575965490612	0.0334852440331	0.014127456393	-0.00223080236206	-0.0185349439647	0.0613922106329	-0.00147097045307	-0.0311400412609	0.00400961263933	-0.0416515557393	-0.0179107189199	-0.0388509000307	-0.0421373012153	-0.0268386892351	0.00753584490729	-0.0549615805668	-0.0152537095523	0.0389527094104	-0.0287053731871	-0.0399733295136	0.0423711893643	-0.0210959403621	-0.0147076736692	0.0140551601439	-0.041781045092	0.012358005043	-0.00450306374956	0.0146225619307	-0.0539316145601
k__Bacteria;p__Firmicutes;c__Clostridia;o__Clostridiales;f__Oscillospiraceae;g__Oscillibacter;s__Oscillibacter_sp._KLE_1745	-0.0417716160608	-0.00919300543843	0.09494645746	-0.0532602877781	0.0182603268535	0.0205507598905	-0.00102054900997	-0.0700342652456	0.0238438877971	-0.027213080405	0.00165992739641	-0.0288148773978	0.0961453566464	-0.0298684065536	-0.0464208739253	0.0112681010184	-0.0437642134762	-0.00137469324059	0.0322341232635	0.0395181269943	0.0117294346305	-0.0473164510426	0.0282924646163	0.038283462827	1.0	-0.0602049924436	-0.0100318374753	0.0168961938029	-0.0262838867416	0.00692541094924	-0.0155371959706	0.0124199711557	-0.0326950135423	0.00357614762505	0.043221380098	-0.00407134061164	-0.0131330431081	0.0398683956853	-0.0401751935912	-0.0353840931535	0.0306260001032	-0.0466949581709	-0.0269115748367	0.0346450084023	-0.0562469184127	0.00249504122243	0.00900633438938	-0.0129728566402	-0.0177199988593	-0.026318107142	-0.00943077740465	0.0199734280478	0.000319551788708	-0.00610470962404	-0.0430685042782	0.0150137814563	-0.00914296120834	0.0112930992497	-0.0420573677815
k__Bacteria;p__Bacteroidetes;c__Bacteroidia;o__Bacteroidales;f__Bacteroidaceae;g__Bacteroides;s__Bacteroides_coprophilus	-0.023985599981	-0.000373418876812	-0.0339082410575	0.0575485948199	-0.0487537927261	0.00214734662354	0.0602057546366	-0.0713577532919	-0.00896722523168	-0.00553359368491	-0.0361207835551	0.0515684913134	-0.0521470670063	-0.0462380663348	-0.0171055918831	0.00487139915615	0.00103019236676	0.0406198891788	-0.0216834761117	0.00855469284512	-0.00906178393674	0.00644375625064	0.000763556514846	0.0141861283141	-0.0602049924436	1.0	-0.00154514548555	-0.0314897758272	-0.0103873159463	-0.0220703148032	-0.0101691403493	-0.0823475856151	-0.0602377880439	-0.046619992662	-0.00944755987303	-0.0173620908357	0.034681164612	0.0191644048322	-0.0251363462123	0.00907882508337	-0.00719720104738	0.005373689653	-0.0115637921333	-0.0337032891526	0.00852900679045	-0.045081403875	0.0025294707277	0.00493176417767	0.037913837917	0.0627941359354	0.0195421197654	-0.0290550034121	-0.0646804839297	0.0396545370756	-0.0201344041224	-0.0458604937903	0.000990660922694	-0.0322014306101	0.0140469889302
k__Bacteria;p__Firmicutes;c__Clostridia;o__Clostridiales;f__Lachnospiraceae;g__Roseburia;s__Roseburia_intestinalis	-0.0045356544139	-0.00922008916702	0.00500102530793	-0.00647502097065	0.0229822789501	-0.0294066825193	0.0398564388006	-0.00746581189713	0.0274354620036	-0.0108546036057	-0.0333161146082	-0.0341288199361	-0.0296427842226	0.0640083573892	-0.0201792213903	-0.0307159586626	0.0126939044714	-0.0217576758779	-0.0070366293203	-0.062062344754	-0.0441479952018	-0.0276307240003	0.030006793094	0.0490931345938	-0.0100318374753	-0.00154514548555	1.0	0.0105377764194	0.0151332308105	-0.0537849431189	-0.0243377330056	-0.0431047100459	-0.000495513463597	0.0183430371158	-0.0265780161732	0.0365686868698	0.0466415618676	-0.0369342077164	0.0172568683519	0.00510846203758	-0.0309434355663	-0.011229133666	-0.0507060578645	0.00323982730096	-0.00299751534888	0.0269490516174	-0.0396890410401	-0.0214787710526	-0.0830020554019	-0.00778090426637	0.0204161859556	0.0308844289883	-0.0319173326438	-0.0573229513141	0.0381456204234	-0.018766072254	-0.00919681793196	-0.0364143492515	-0.0614516951244
k__Bacteria;p__Firmicutes;c__Clostridia;o__Clostridiales;f__Lachnospiraceae;g__Roseburia;s__Roseburia_hominis	0.00249383241651	-0.0306948471292	-0.00352089128786	-0.0215150918099	-0.00288917859323	0.0168166215591	-0.0272535643054	-0.0318082515555	-0.0270165336658	0.0268006179665	-0.0476765628641	0.0108829882364	-0.0210801572555	0.000167170345527	-0.00288567443867	0.0302205907291	0.0726921874294	0.0424720250506	-0.000347717158924	-0.00483664757641	-0.051091389397	-0.00818526471947	-0.0428397783029	0.0136471901589	0.0168961938029	-0.0314897758272	0.0105377764194	1.0	-0.0756918000663	-0.0534189985103	-0.01469942161	0.0187919207175	-0.000671043553566	0.0565961030479	0.0125480660048	-0.0383239061271	-0.00849684879905	-0.0177139528583	-0.0452399631101	-0.045186391973	0.00778943562227	0.0249393713567	0.00586270012654	0.0280206567743	0.0303108031727	0.0124021796187	-0.0373923830352	0.0524135741238	-0.0205921490045	-0.0295924896773	-0.038268631488	-0.0657186996444	-0.0438730077199	-0.0744587242599	-0.0433738631879	-0.0730857990034	0.0511682095976	0.00170853258071	-0.00775898817975
k__Bacteria;p__Bacteroidetes;c__Bacteroidia;o__Bacteroidales;f__Porphyromonadaceae;g__Parabacteroides;s__Parabacteroides_johnsonii	0.00375708690521	-0.0345646379128	-0.0417854331141	-0.046494312796	0.00357125947725	0.0624888693283	-0.0356505520812	0.00593150021982	-0.04493592737	-0.0481817611529	-0.00287534283398	-0.0184797260682	-0.0113606889785	0.0595924965828	0.0609316507299	0.0549089919906	0.00768808472998	-0.0113858770994	-0.00495674784449	-0.0383725864697	-0.0344389803718	-0.0166654586328	0.0103893078513	-0.044862171976	-0.0262838867416	-0.0103873159463	0.0151332308105	-0.0756918000663	1.0	0.014063270358	0.00748272374356	-0.0117058368862	-0.0450370193772	-0.0272109072213	-0.0182017438884	0.060010445276	-0.0476264296586	0.00749673100065	-0.035378133001	-0.00797425549231	-0.0412860455636	0.0259003342632	0.0494506659231	0.0197248751189	-0.0232501050722	-0.0278167850587	-0.0407663400145	0.0369121087421	0.0142222278992	-0.00561491888408	-0.0758676044723	-0.00626774039194	-0.0102508920258	-0.0261423775972	0.0206605926632	-0.0227354055985	-0.0328479573411	0.010585818707	-0.0438955888131
k__Bacteria;p__Actinobacteria;c__Actinobacteria;o__Bifidobacteriales;f__Bifidobacteriaceae;g__Bifidobacterium;s__Bifidobacterium_longum	-0.0485067475658	0.0590812068746	0.0151529251179	0.0020925510626	-0.0806613617081	-0.06508196451	-0.0547702015995	0.0209682985025	-0.0463623097902	-0.037184901558	0.0335672912273	0.0350894139341	-0.0111704517254	-0.0637163049699	0.0652890741647	-0.0321182131912	0.0318117029632	-0.0451627219771	0.00283605660144	-0.047382994038	0.00751462672009	0.0388545521964	-0.0167436090968	0.00253618169499	0.00692541094924	-0.0220703148032	-0.0537849431189	-0.0534189985103	0.014063270358	1.0	0.0211131727261	0.0210235583199	-0.00172961870597	-0.021413712346	-0.00957521473371	-0.0284808477543	0.0378743112825	-0.0223685852685	-0.0231242407096	0.00157566892049	-0.0179862647077	-0.0127452706865	0.00306218376009	0.00564534028327	-0.00343931720598	0.0442371400081	-0.0130331838223	-0.0370731974844	-0.00620828008565	-0.0173204460215	0.0309816181134	0.0178555437526	0.00620419763068	-0.0280432078369	-0.019969348555	-0.0684169717815	0.00361090393681	-0.0727149181218	-0.0347838381327
