#taxonomy	k__Bacteria;p__Bacteroidetes;c__Bacteroidia;o__Bacteroidales;f__Bacteroidaceae;g__Bacteroides;s__Bacteroides_vulgatus	k__Bacteria;p__Bacteroidetes;c__Bacteroidia;o__Bacteroidales;f__Bacteroidaceae;g__Bacteroides;s__Bacteroides_uniformis	k__Bacteria;p__Bacteroidetes;c__Bacteroidia;o__Bacteroidales;f__Rikenellaceae;g__Alistipes;s__Alistipes_putredinis	k__Bacteria;p__Bacteroidetes;c__Bacteroidia;o__Bacteroidales;f__Prevotellaceae;g__Prevotella;s__Prevotella_copri	k__Bacteria;p__Bacteroidetes;c__Bacteroidia;o__Bacteroidales;f__Bacteroidaceae;g__Bacteroides;s__Bacteroides_stercoris	k__Bacteria;p__Bacteroidetes;c__Bacteroidia;o__Bacteroidales;f__Bacteroidaceae;g__Bacteroides;s__Bacteroides_ovatus	k__Bacteria;p__Bacteroidetes;c__Bacteroidia;o__Bacteroidales;f__Rikenellaceae;g__Alistipes;s__Alistipes_shahii	k__Bacteria;p__Firmicutes;c__Clostridia;o__Clostridiales;f__Ruminococcaceae;g__Faecalibacterium;s__Faecalibacterium_prausnitzii	k__Bacteria;p__Bacteroidetes;c__Bacteroidia;o__Bacteroidales;f__Rikenellaceae;g__Alistipes;s__Alistipes_finegoldii	k__Bacteria;p__Bacteroidetes;c__Bacteroidia;o__Bacteroidales;f__Porphyromonadaceae;g__Parabacteroides;s__Parabacteroides_distasonis	k__Bacteria;p__Bacteroidetes;c__Bacteroidia;o__Bacteroidales;f__Bacteroidaceae;g__Bacteroides;s__Bacteroides_thetaiotaomicron	k__Bacteria;p__Bacteroidetes;c__Bacteroidia;o__Bacteroidales;f__Bacteroidaceae;g__Bacteroides;s__Bacteroides_coprocola	k__Bacteria;p__Bacteroidetes;c__Bacteroidia;o__Bacteroidales;f__Bacteroidaceae;g__Bacteroides;s__Bacteroides_cellulosilyticus	k__Bacteria;p__Bacteroidetes;c__Bacteroidia;o__Bacteroidales;f__Rikenellaceae;g__Alistipes;s__Alistipes_obesi	k__Bacteria;p__Firmicutes;c__Clostridia;o__Clostridiales;f__Lachnospiraceae;g__;s__[Eubacterium]_rectale	k__Bacteria;p__Bacteroidetes;c__Bacteroidia;o__Bacteroidales;f__Bacteroidaceae;g__Bacteroides;s__Bacteroides_plebeius	k__Bacteria;p__Bacteroidetes;c__Bacteroidia;o__Bacteroidales;f__Bacteroidaceae;g__Bacteroides;s__Bacteroides_fragilis	k__Bacteria;p__Proteobacteria;c__Betaproteobacteria;o__Burkholderiales;f__Sutterellaceae;g__Sutterella;s__Sutterella_wadsworthensis	k__Bacteria;p__Bacteroidetes;c__Bacteroidia;o__Bacteroidales;f__Porphyromonadaceae;g__Barnesiella;s__Barnesiella_intestinihominis	k__Bacteria;p__Bacteroidetes;c__Bacteroidia;o__Bacteroidales;f__Odoribacteraceae;g__Odoribacter;s__Odoribacter_splanchnicus	k__Bacteria;p__Bacteroidetes;c__Bacteroidia;o__Bacteroidales;f__Bacteroidaceae;g__Bacteroides;s__Bacteroides_salyersiae	k__Bacteria;p__Firmicutes;c__Clostridia;o__Clostridiales;f__Ruminococcaceae;g__Ruminiclostridium;s__[Eubacterium]_siraeum	k__Bacteria;p__Proteobacteria;c__Betaproteobacteria;o__Burkholderiales;f__Sutterellaceae;g__Parasutterella;s__Parasutterella_excrementihominis	k__Bacteria;p__Actinobacteria;c__Actinobacteria;o__Bifidobacteriales;f__Bifidobacteriaceae;g__Bifidobacterium;s__Bifidobacterium_adolescentis	k__Bacteria;p__Firmicutes;c__Clostridia;o__Clostridiales;f__Oscillospiraceae;g__Oscillibacter;s__Oscillibacter_sp._KLE_1745	k__Bacteria;p__Bacteroidetes;c__Bacteroidia;o__Bacteroidales;f__Bacteroidaceae;g__Bacteroides;s__Bacteroides_coprophilus	k__Bacteria;p__Firmicutes;c__Clostridia;o__Clostridiales;f__Lachnospiraceae;g__Roseburia;s__Roseburia_intestinalis	k__Bacteria;p__Firmicutes;c__Clostridia;o__Clostridiales;f__Lachnospiraceae;g__Roseburia;s__Roseburia_hominis	k__Bacteria;p__Bacteroidetes;c__Bacteroidia;o__Bacteroidales;f__Porphyromonadaceae;g__Parabacteroides;s__Parabacteroides_johnsonii	k__Bacteria;p__Actinobacteria;c__Actinobacteria;o__Bifidobacteriales;f__Bifidobacteriaceae;g__Bifidobacterium;s__Bifidobacterium_longum	k__Bacteria;p__Firmicutes;c__Clostridia;o__Clostridiales;f__;g__Flavonifractor;s__Flavonifractor_plautii	k__Bacteria;p__Firmicutes;c__Clostridia;o__Clostridiales;f__Clostridiaceae;g__Clostridium;s__Clostridium_phoceensis	k__Bacteria;p__Verrucomicrobia;c__Verrucomicrobiae;o__Verrucomicrobiales;f__Akkermansiaceae;g__Akkermansia;s__Akkermansia_muciniphila	k__Bacteria;p__Bacteroidetes;c__Bacteroidia;o__Bacteroidales;f__Prevotellaceae;g__Paraprevotella;s__Paraprevotella_xylaniphila	k__Bacteria;p__Firmicutes;c__Clostridia;o__Clostridiales;f__Ruminococcaceae;g__Ruminococcus;s__Ruminococcus_callidus	k__Bacteria;p__Bacteroidetes;c__Bacteroidia;o__Bacteroidales;f__Rikenellaceae;g__Alistipes;s__Alistipes_senegalensis	k__Bacteria;p__Firmicutes;c__Clostridia;o__Clostridiales;f__Lachnospiraceae;g__Blautia;s__Blautia_sp._KLE_1732	k__Bacteria;p__Bacteroidetes;c__Bacteroidia;o__Bacteroidales;f__Bacteroidaceae;g__Bacteroides;s__Bacteroides_oleiciplenus	k__Bacteria;p__Firmicutes;c__Clostridia;o__Clostridiales;f__Ruminococcaceae;g__Ruminococcus;s__Ruminococcus_bicirculans	k__Bacteria;p__Bacteroidetes;c__Bacteroidia;o__Bacteroidales;f__Bacteroidaceae;g__Bacteroides;s__Bacteroides_fluxus	k__Bacteria;p__Bacteroidetes;c__Bacteroidia;o__Bacteroidales;f__Prevotellaceae;g__Prevotella;s__Prevotella_stercorea	k__Bacteria;p__Firmicutes;c__Clostridia;o__Clostridiales;f__Lachnospiraceae;g__Dorea;s__Dorea_longicatena	k__Bacteria;p__Firmicutes;c__Clostridia;o__Clostridiales;f__Eubacteriaceae;g__Eubacterium;s__[Eubacterium]_eligens	k__Bacteria;p__Firmicutes;c__Clostridia;o__Clostridiales;f__Ruminococcaceae;g__;s__Ruminococcaceae_bacterium_D16	k__Bacteria;p__Firmicutes;c__Clostridia;o__Clostridiales;f__Lachnospiraceae;g__Coprococcus;s__Coprococcus_comes	k__Bacteria;p__Proteobacteria;c__Gammaproteobacteria;o__Enterobacterales;f__Enterobacteriaceae;g__Escherichia;s__Escherichia_coli	k__Bacteria;p__Firmicutes;c__Clostridia;o__Clostridiales;f__Ruminococcaceae;g__Anaerotruncus;s__Anaerotruncus_colihominis	k__Bacteria;p__Firmicutes;c__Clostridia;o__Clostridiales;f__Lachnospiraceae;g__Blautia;s__Blautia_obeum	k__Bacteria;p__Bacteroidetes;c__Bacteroidia;o__Bacteroidales;f__Odoribacteraceae;g__Odoribacter;s__Odoribacter_laneus	k__Bacteria;p__Firmicutes;c__Clostridia;o__Clostridiales;f__Ruminococcaceae;g__Ruminiclostridium;s__[Clostridium]_leptum	k__Bacteria;p__Bacteroidetes;c__Bacteroidia;o__Bacteroidales;f__Porphyromonadaceae;g__Parabacteroides;s__Parabacteroides_goldsteinii	k__Bacteria;p__Firmicutes;c__Clostridia;o__Clostridiales;f__Lachnospiraceae;g__Anaerostipes;s__Anaerostipes_hadrus	k__Bacteria;p__Firmicutes;c__Clostridia;o__Clostridiales;f__Ruminococcaceae;g__Ruminococcus;s__Ruminococcus_lactaris	k__Bacteria;p__Firmicutes;c__Clostridia;o__Clostridiales;f__Clostridiaceae;g__Clostridium;s__Clostridium_sp._L2-50	k__Bacteria;p__Firmicutes;c__Clostridia;o__Clostridiales;f__Clostridiaceae;g__Clostridium;s__Clostridium_sp._M62/1	k__Bacteria;p__Firmicutes;c__Clostridia;o__Clostridiales;f__;g__Intestinimonas;s__Intestinimonas_butyriciproducens	k__Bacteria;p__Actinobacteria;c__Actinobacteria;o__Bifidobacteriales;f__Bifidobacteriaceae;g__Bifidobacterium;s__Bifidobacterium_bifidum	k__Bacteria;p__Firmicutes;c__Negativicutes;o__Veillonellales;f__Veillonellaceae;g__Dialister;s__Dialister_invisus	k__Bacteria;p__Bacteroidetes;c__Bacteroidia;o__Bacteroidales;f__Bacteroidaceae;g__Bacteroides;s__Bacteroides_salanitronis
k__Bacteria;p__Bacteroidetes;c__Bacteroidia;o__Bacteroidales;f__Bacteroidaceae;g__Bacteroides;s__Bacteroides_vulgatus	1.0	-0.0316663907582	-0.0402224688038	-0.0356547282357	-0.0323526885172	0.00531451998016	-0.0605228459918	-0.0728399876581	-0.0480777200449	0.0199639792766	-0.0435559676367	-0.0685839575655	-0.000749913736606	0.0123543901706	0.041181069593	0.0181243319709	-0.0361953177457	-0.00663435320757	-0.0278425701715	0.0407270997135	0.0317821111036	0.0563092262047	0.0847017502605	0.0748287255337	0.0451859134315	0.0329746352068	0.00106667023447	-0.000962395795908	-0.0815536754651	0.000586520225081	0.0214043605913	-0.0199265855599	0.0174638609083	-0.0740436091609	-0.0416787736087	-0.00949930102799	0.0454213331338	-0.0290562748013	-0.0449082990145	-0.0392844707902	0.0271514172638	-0.0353673210498	0.0750791979951	0.055414883512	0.026444903617	-0.0374618672352	-0.0441203377294	-0.0125016715366	-0.0377337719212	0.00455284285539	-0.0270367875996	-0.0125147265381	0.0646988102635	-0.0191696013164	0.0164710648077	-0.0486695463008	-0.0117036067258	-0.0031513441015	0.0139950725055
k__Bacteria;p__Bacteroidetes;c__Bacteroidia;o__Bacteroidales;f__Bacteroidaceae;g__Bacteroides;s__Bacteroides_uniformis	-0.0316663907582	1.0	-0.00100631765748	0.0423453252952	-0.0403715168753	-0.0286668822961	-0.0381293233527	0.0399352429196	-0.0427387579843	0.00800421791964	-0.0210874412498	-0.0126628457777	-0.0452313855037	-0.0840305086571	-0.0226233681601	0.0383211126543	-0.00464857942075	-0.061342341408	0.0613950538666	-0.0514138980565	0.00700490239749	0.0268532703665	0.0124519812762	0.000915888883664	0.0164637651708	0.0334334660621	-0.00179555197458	0.0238834168953	0.00821030496347	-0.0337837256303	0.0114618275686	0.0388681267488	-0.0194403923792	0.00466120540343	0.0446343654274	-0.0555310105828	0.0145884128087	-0.0326663913747	-0.00751872382341	-0.0185908774686	-0.0403355686062	-0.0166461014378	0.00640530215033	-0.00159549232041	0.00968241153984	0.0517429656103	-0.0657642551747	-0.0217155777124	0.0472240339054	0.0367795946122	-0.0339377056866	-0.064888171274	-0.0170126912973	0.0837822046264	0.0281689677217	0.0527175436109	-0.0348206762729	-0.00859573774571	-0.0352488156182
k__Bacteria;p__Bacteroidetes;c__Bacteroidia;o__Bacteroidales;f__Rikenellaceae;g__Alistipes;s__Alistipes_putredinis	-0.0402224688038	-0.00100631765748	1.0	0.0474263548557	0.0594306527736	-0.0458920113467	0.00347381320169	0.064212329079	0.0164151671991	-0.0251903374926	0.0171742170224	-0.0197922040695	0.0159735328124	0.0341274366203	-0.0294514892544	-0.0147251348747	-0.00638010184504	-0.000368141344114	-0.0327804227324	-0.00885747322124	0.0150745097327	-0.0301776100879	-0.0498861511567	0.0187068337333	-0.0436735712968	-0.0197304763157	-0.0256965506694	-0.0465092311082	0.0160146766302	0.0175101379319	-0.00396760821014	-0.0110841299918	0.0384711814044	0.0152633697415	-0.0476691933115	-0.0170013593046	0.00496675202233	0.0101166443814	0.00591611882246	0.0148003937044	-0.0405391664381	0.0150239781529	-0.0153870364822	-0.0341323571055	0.0659144332178	0.0143456289159	0.0212354738897	-0.00763401237195	0.019587682348	0.0181090526873	-0.0535725962549	-0.0142640674961	0.0198267056112	-0.0281661636134	0.0403714719046	-0.0463122678329	-0.0105892351872	0.00889062554273	0.0215455706637
k__Bacteria;p__Bacteroidetes;c__Bacteroidia;o__Bacteroidales;f__Prevotellaceae;g__Prevotella;s__Prevotella_copri	-0.0356547282357	0.0423453252952	0.0474263548557	1.0	0.0347247806986	-0.0424386655652	0.0118373557371	-0.0115750526707	0.00131382173304	-0.0119981795419	-0.00827889434466	-0.0335948721432	0.064415729142	-0.0153180425325	-0.0282680125329	-0.0714118560996	0.017577539806	0.0241237403538	0.0186847157087	0.0287685887755	0.0172520362032	-0.0301328332477	-0.0193427343017	-0.0351164786577	-0.0130696012664	-0.0358487687327	-0.0358899394711	-0.00722999450376	0.0197746485336	-0.000826734068275	0.000546270435988	0.0168545931114	-0.059649894965	-0.00324136771092	-0.0268925698264	0.00812507808258	0.0224312146497	-0.0355010867376	0.0177634652625	-0.0609952982013	-0.0413896092289	-0.0205116792085	0.0173052041868	0.0184260790986	0.00870836719077	-0.0302099473008	0.00367211883613	0.0697742055397	-0.017391821204	0.0744805980049	-0.000792471661853	-0.0105205487022	-0.0173411542519	-0.0553863999072	-0.000399413928739	-0.0812949280516	0.0739156792937	-0.026622670093	-0.0611298329121
k__Bacteria;p__Bacteroidetes;c__Bacteroidia;o__Bacteroidales;f__Bacteroidaceae;g__Bacteroides;s__Bacteroides_stercoris	-0.0323526885172	-0.0403715168753	0.0594306527736	0.0347247806986	1.0	0.00923026413861	-0.0112970339246	0.00422391970573	0.0504057814985	-0.0300654951121	-0.0325876713474	-0.0105048412297	-0.00873088071812	-0.0341393959673	-0.0187489367162	-0.0283186222199	0.0289567470955	0.00342190833757	-0.0867560239901	0.00699102367548	-0.0241142244491	-0.0454985593936	0.0507249867569	-0.0339841507072	0.002395162379	-0.0775866403135	-0.019296709682	-0.0428359589892	-0.0113809867015	-0.00549024195533	0.0169513658432	-0.0272740629351	0.00696089691522	-0.019675499836	0.0116901401486	-0.0546084555357	0.0857236845905	0.0981602044545	-0.00669803284435	-0.0219796167084	-0.00179759544133	-0.000636497260129	-0.00253894834372	-0.0506270454659	0.00441315978398	0.0127761016247	0.0750358602858	-0.0435402869151	-0.0155971730298	0.0219154788305	-0.0272642503575	-0.0609974334443	0.00645975547203	0.043108481412	-0.0157694499592	0.0076847427228	0.0101632289584	0.0604374286937	0.0111538094881
k__Bacteria;p__Bacteroidetes;c__Bacteroidia;o__Bacteroidales;f__Bacteroidaceae;g__Bacteroides;s__Bacteroides_ovatus	0.00531451998016	-0.0286668822961	-0.0458920113467	-0.0424386655652	0.00923026413861	1.0	-0.03530704722	-0.0710452758982	-0.0159488103269	-0.0085258925376	-0.0174545728679	-0.0144346205661	-0.0482756308105	0.0340425168052	-0.0803202401087	-0.0206982744391	-0.0236496332576	0.00111365909377	-0.00391864297508	-0.0305471476423	-0.0189844333518	0.0536088348344	-0.0440982814333	0.0150590311201	0.0459023459824	0.0761634657034	-0.0484489849513	-0.0455713427965	0.0241050072349	-0.0393113714535	-0.00161124882589	0.0338623203223	0.0195345067875	-0.0285852503468	-0.105294815406	0.027081425839	-0.0162279587491	0.0461523760496	0.00456100320107	0.00887927049161	-0.0230092190731	-0.0751959002991	-0.0572440144579	0.0363194952435	-0.0015919276995	-0.0118737586252	-0.00552466390076	0.0564011127473	-0.0534948183965	0.0469135820696	0.0648907755729	0.0161467787189	0.0141936092554	0.0345689351687	-0.027094069522	-0.00707363539487	-0.0060997407289	0.0168926762367	-0.0126773733121
k__Bacteria;p__Bacteroidetes;c__Bacteroidia;o__Bacteroidales;f__Rikenellaceae;g__Alistipes;s__Alistipes_shahii	-0.0605228459918	-0.0381293233527	0.00347381320169	0.0118373557371	-0.0112970339246	-0.03530704722	1.0	-0.0802307830501	0.0684972956846	0.0311060494716	-0.00532891288694	-0.00730779753757	-0.0102070915617	0.0060016110316	0.0119618979635	0.0840490871597	0.0577135251589	-0.0220610013511	-0.0140711355624	0.0651907155256	0.0354385251567	-0.0536854149753	0.0678756234503	0.041019200202	-0.0293754461363	0.0186678793967	0.0317116818721	-0.052255633521	-0.0250981753346	-0.0415044534503	0.0823825068117	-0.0843748277478	0.0184552901096	-0.0569632216034	0.00586160598483	-0.0116254828241	-0.0264389393994	0.0138929566405	-0.0343260859005	0.00979398844203	-0.00947036752019	-0.018459208474	-0.00232987914058	-0.0168422950384	0.026944366861	-0.00579716586172	0.0616962405778	0.0234730305758	0.0432221798564	-0.0561123918331	-0.0864763457237	-0.0253746400357	0.00565103314135	-0.0192640570369	-0.0663572569501	-0.0536793678098	-0.00327346128784	0.00978337093195	0.0128349445758
k__Bacteria;p__Firmicutes;c__Clostridia;o__Clostridiales;f__Ruminococcaceae;g__Faecalibacterium;s__Faecalibacterium_prausnitzii	-0.0728399876581	0.0399352429196	0.064212329079	-0.0115750526707	0.00422391970573	-0.0710452758982	-0.0802307830501	1.0	-0.0566333443438	0.00453485715286	0.0252956976363	-0.00826778260472	-0.0348511953244	0.0300774029652	-0.0256819076755	-0.00483721176792	-0.0478252398153	0.0475024847655	0.0299684716918	-0.000828497311958	0.0537102575251	-0.00433334073559	-0.0339353240894	1.46962158574e-05	-0.0278203226753	-0.0214851245806	-0.00667460100649	0.00266518010045	-0.0079158871274	-0.00174551186023	-0.0755213365828	0.0609914676612	0.0699729488667	-0.0839350740245	-0.0151527082963	-0.0609593301689	0.00350426125774	-0.0242454658122	0.0224912008054	0.0201808867227	-0.00833677410248	0.0132039784614	0.0432927352483	0.0485971887951	0.000739174611208	0.014011503892	-0.0318066586557	-0.0172360425607	-0.0529977872353	-0.0768671392454	0.000766805781149	0.0273237140664	0.000162285960632	0.0257875616681	-0.0332375000298	0.0397277806299	5.79241218873e-05	-0.0755182822772	0.049646689666
k__Bacteria;p__Bacteroidetes;c__Bacteroidia;o__Bacteroidales;f__Rikenellaceae;g__Alistipes;s__Alistipes_finegoldii	-0.0480777200449	-0.0427387579843	0.0164151671991	0.00131382173304	0.0504057814985	-0.0159488103269	0.0684972956846	-0.0566333443438	1.0	0.0178702944721	-0.0422366893496	-0.00299113690634	0.0163246031486	-0.0111031053745	0.0106718884833	-0.0095901116172	0.0426534723062	-0.0252032059591	-0.0368055391588	0.0143337747407	0.0104983072919	0.0502469923181	-0.046458244508	-0.030572567918	-0.0236702826911	0.0267808932264	0.00989534531165	-0.00614142947694	0.011276124775	0.00460648603757	-0.0283677406079	0.00435952946741	-0.0242877847648	0.00336721956935	0.00289430162264	-0.029239047774	0.00445484009131	-0.0238735315719	0.00543619037117	0.00959819677795	-0.0428318473187	0.00259936251958	0.0137357498426	0.024993077695	-0.018622462799	0.0718010582331	0.0736255091077	0.00632487031473	0.00479400753262	0.0241071887864	0.0322246702959	-0.045881974302	0.0340136569339	0.0269607885988	-0.0586508602292	0.106419051982	0.0499089022077	0.0333140931429	-0.0462174539588
k__Bacteria;p__Bacteroidetes;c__Bacteroidia;o__Bacteroidales;f__Porphyromonadaceae;g__Parabacteroides;s__Parabacteroides_distasonis	0.0199639792766	0.00800421791964	-0.0251903374926	-0.0119981795419	-0.0300654951121	-0.0085258925376	0.0311060494716	0.00453485715286	0.0178702944721	1.0	0.0456381527708	0.0197065503441	-0.00719220653141	-0.0531165761403	-0.011958404758	0.00201521451081	-0.00753156942279	0.0561601767889	-0.0212522474318	-0.0167922735999	0.0170117967851	-0.040134854505	0.0285867873048	-0.0560371426263	-0.0203698038264	-0.00332069809398	0.0121746989199	0.0181516481144	0.0180328335603	0.0417203400791	-0.00479017060686	-0.0325840618848	-0.0584120030964	0.0214192384701	-0.0268513217222	0.00897646594729	-0.0180994034898	-0.0420423008559	0.0746742671463	-0.0288208287787	0.0621158885738	-0.0356812849433	0.0184509582617	-0.0202672664981	0.00970791291793	-0.0491855353459	0.00706395141939	-0.0461158934575	-0.0493692641961	-0.0531141503782	-0.0232121117459	0.0231998639413	0.0361344795702	-0.000807450007244	-0.0253869973547	0.00559671148901	-0.0207546327689	-0.052434642588	0.00973311116912
k__Bacteria;p__Bacteroidetes;c__Bacteroidia;o__Bacteroidales;f__Bacteroidaceae;g__Bacteroides;s__Bacteroides_thetaiotaomicron	-0.0435559676367	-0.0210874412498	0.0171742170224	-0.00827889434466	-0.0325876713474	-0.0174545728679	-0.00532891288694	0.0252956976363	-0.0422366893496	0.0456381527708	1.0	0.0184425061123	0.0403936988228	0.0334535886857	0.0822775554971	0.0182316815802	-0.0104942666009	0.0349131681243	-0.00616179274266	-0.0513600622013	-0.0532403920483	0.0148498984654	0.035687751294	-0.0298748167407	0.0600025782341	0.0181543165964	-0.0236603124975	-0.000786184735148	0.0434527326214	0.0334622511249	0.0305765244586	0.0426363185818	-0.0302504581158	0.00302510979511	-0.0802686252516	-0.027731202692	-0.0273072895178	0.0247460064464	-0.0447402607081	0.0103634389913	-0.0829187635468	0.0131225976453	0.0177757464321	0.0806973999727	-0.067618121527	-0.0276073148621	-0.00212586285306	-0.0207537646917	-0.0508946137244	-0.0335840061621	0.0254245404564	-0.0634427122725	0.0246126047751	-0.00150112498097	-0.0618766471856	-0.0368728095227	-0.0146161244457	0.0070047980035	-0.00319945538821
k__Bacteria;p__Bacteroidetes;c__Bacteroidia;o__Bacteroidales;f__Bacteroidaceae;g__Bacteroides;s__Bacteroides_coprocola	-0.0685839575655	-0.0126628457777	-0.0197922040695	-0.0335948721432	-0.0105048412297	-0.0144346205661	-0.00730779753757	-0.00826778260472	-0.00299113690634	0.0197065503441	0.0184425061123	1.0	0.0247573290129	-0.087737735413	-0.0258739556915	0.0708158844477	-0.0226589490577	0.0154542018971	0.040723712045	0.0266894636664	-0.0529080097435	-0.0120581215297	0.00230332034405	-0.00427032886166	-0.0309113106857	-0.000329124465604	0.0644428341137	-0.00674802423286	-0.0190260364359	-0.00440898393758	-0.0314101291354	0.0435818434239	-0.0330232665072	-0.0498760147581	0.00141432426692	-0.00541217406208	0.0171868773637	-0.00103211385284	-0.00322495193503	-0.00873130120181	-0.017363492093	0.0532655633982	-0.0250182817074	-0.025550587379	-0.00740137489693	0.0386200956229	0.0859391061305	-0.0450451301573	0.0295212437621	-0.0162180838139	-0.0242351600504	0.00418973081836	-0.0175992485866	-0.0152123767107	0.00240080123496	0.0385273694802	-0.0489177240823	-0.0298709122906	-0.025034367447
k__Bacteria;p__Bacteroidetes;c__Bacteroidia;o__Bacteroidales;f__Bacteroidaceae;g__Bacteroides;s__Bacteroides_cellulosilyticus	-0.000749913736606	-0.0452313855037	0.0159735328124	0.064415729142	-0.00873088071812	-0.0482756308105	-0.0102070915617	-0.0348511953244	0.0163246031486	-0.00719220653141	0.0403936988228	0.0247573290129	1.0	0.0153021579788	-0.0403460090876	-0.0278711502251	0.00102509393462	0.0488422768104	0.0118260262285	-0.047966901529	0.0362971082591	-0.0027154332327	0.0419188577487	-0.088176160948	0.0578644667274	-0.0209648090957	0.00940972714698	-0.0134639509216	-0.0521207795486	-0.0149017046297	0.0268733529107	-0.000134491020226	-0.0498307082951	0.0130330556125	0.00616217188792	-0.0562358410535	0.0411072886048	-0.0425966972824	0.0205761480387	-0.00320420816465	0.0186444596083	-0.0346977103903	-0.00269933018284	-0.0393934343199	-0.0496921379438	0.0210612955481	-0.0477197272963	0.0334458477235	-0.0241523474833	-0.0124997484824	-0.0281418932931	0.0355280349595	-0.0120424804994	0.00766475149945	-0.0572689290169	-0.00200041831265	-0.0573520832899	0.0316767991026	0.000932419179648
k__Bacteria;p__Bacteroidetes;c__Bacteroidia;o__Bacteroidales;f__Rikenellaceae;g__Alistipes;s__Alistipes_obesi	0.0123543901706	-0.0840305086571	0.0341274366203	-0.0153180425325	-0.0341393959673	0.0340425168052	0.0060016110316	0.0300774029652	-0.0111031053745	-0.0531165761403	0.0334535886857	-0.087737735413	0.0153021579788	1.0	-0.00364628768175	-0.0388563927644	0.0338219512143	0.0341349387637	0.0881549675128	0.00244833333653	-0.031977452896	-0.00432324557983	-0.0290816161932	0.0115366999412	0.039695558911	0.0305643010988	0.00780387283926	-0.0278302079359	0.0260316850561	0.0336379243257	-0.00389091804129	-0.0128234537668	-0.0213011858832	-0.0275842493087	-0.0112324414979	-0.0161886323352	0.0608097732577	0.0236014859395	-0.0122288275605	0.0143915613285	-0.0106113980742	-0.060269700962	0.030631067388	-0.0415890669247	-0.0406951982501	0.0251245856668	-0.0340216532346	-0.0227187936587	-0.0151892525024	-0.0227333294562	0.0299021611292	0.0212550106033	0.024695732149	-0.0321239955893	-0.00446293091408	-0.0276888172412	-0.0374480510539	0.0253796896238	-0.031389852741
k__Bacteria;p__Firmicutes;c__Clostridia;o__Clostridiales;f__Lachnospiraceae;g__;s__[Eubacterium]_rectale	0.041181069593	-0.0226233681601	-0.0294514892544	-0.0282680125329	-0.0187489367162	-0.0803202401087	0.0119618979635	-0.0256819076755	0.0106718884833	-0.011958404758	0.0822775554971	-0.0258739556915	-0.0403460090876	-0.00364628768175	1.0	-0.0547183487034	-0.021392564127	0.0252221601263	0.0236249278213	-0.0129330641624	-0.00426289169445	0.0360359912946	-0.0479079273155	-0.00812683302988	0.0146518784656	-0.0738200153815	0.00282043904162	-0.0195549829295	-0.0131434228957	0.0018267577925	0.000224673589218	-0.112758330623	-0.0286567111359	0.00848733324336	0.0596941694492	0.0144182067095	0.00595394171819	0.0374141614151	0.0291969231956	-0.00926866677832	0.030480054422	-0.0248894237304	-0.0115422032437	-0.00557514866917	-0.00807902790418	0.00157611373785	0.0604794395551	0.00783866823584	-0.022387477891	0.0177049976707	-0.0343519022538	0.00615869594166	0.0226196155712	-0.00919739984217	-0.00945943398409	-0.0040758450396	0.0181329646713	0.0243204057301	-0.0252500829825
k__Bacteria;p__Bacteroidetes;c__Bacteroidia;o__Bacteroidales;f__Bacteroidaceae;g__Bacteroides;s__Bacteroides_plebeius	0.0181243319709	0.0383211126543	-0.0147251348747	-0.0714118560996	-0.0283186222199	-0.0206982744391	0.0840490871597	-0.00483721176792	-0.0095901116172	0.00201521451081	0.0182316815802	0.0708158844477	-0.0278711502251	-0.0388563927644	-0.0547183487034	1.0	-0.0268139074947	0.0436853800468	0.0322439677236	-0.0118968570748	-0.0581571803781	0.0298812357866	-0.00758343438616	-0.0090145801414	-0.0348198106136	0.021311997411	0.0824308879729	-0.0124440288346	0.0170322621371	-0.0532611677898	-0.0259996014958	-0.0272538299641	-0.0334332800763	0.0357924520328	-0.0525994865155	0.0116297822081	0.0774835951338	-0.0190799719572	0.0378562733557	-0.0439593908186	-0.048539298693	9.10498884959e-05	0.032107189487	-0.136440103103	0.0186500173273	-0.0169569463901	0.0107649497279	0.0480182133407	0.0464067381083	-0.0219264216103	-0.050828268453	-0.0302482307828	-0.0183873175639	-0.0106495179959	0.0568089292034	0.0246366025012	-0.0384425063909	0.00793836234622	-0.0224498025966
k__Bacteria;p__Bacteroidetes;c__Bacteroidia;o__Bacteroidales;f__Bacteroidaceae;g__Bacteroides;s__Bacteroides_fragilis	-0.0361953177457	-0.00464857942075	-0.00638010184504	0.017577539806	0.0289567470955	-0.0236496332576	0.0577135251589	-0.0478252398153	0.0426534723062	-0.00753156942279	-0.0104942666009	-0.0226589490577	0.00102509393462	0.0338219512143	-0.021392564127	-0.0268139074947	1.0	-0.014882553938	-0.0354549881041	0.00875066342099	-0.0411204390282	-0.0209708828724	-0.0245089073322	0.00836358521133	0.00965171393151	-0.0294844869861	0.00103264190119	-0.0813451991829	0.00233973647403	-0.0457383414546	0.0153021871046	-0.00427059444736	-0.0316516149183	-0.0227043882862	-0.022761788833	-0.0234981848372	0.0370678460124	-0.0211367863357	-0.0308781397584	-0.0142512927636	-0.00649575347244	-0.00960910955917	-0.0686128879102	-0.0094047799077	0.0575721094443	0.0349382808489	0.0273712537968	-0.0240522657964	0.0143843293945	0.0307722605632	-0.00498446195772	-0.0248892344526	0.00513658821603	-0.068517129594	0.0617300015739	-0.0144153352511	-0.0131190947249	0.0326471786509	-0.0581720093417
k__Bacteria;p__Proteobacteria;c__Betaproteobacteria;o__Burkholderiales;f__Sutterellaceae;g__Sutterella;s__Sutterella_wadsworthensis	-0.00663435320757	-0.061342341408	-0.000368141344114	0.0241237403538	0.00342190833757	0.00111365909377	-0.0220610013511	0.0475024847655	-0.0252032059591	0.0561601767889	0.0349131681243	0.0154542018971	0.0488422768104	0.0341349387637	0.0252221601263	0.0436853800468	-0.014882553938	1.0	0.0320662976461	0.0298434927344	-0.01482949779	-0.0678161964252	0.0351951790441	-0.0494975670199	-0.00283102289835	-0.0842528843631	0.0094483283752	0.00978016550621	-0.0234550229377	-0.0925793104794	-0.0167118934067	-0.0380640814693	-0.0656773634306	-0.00898202444588	-0.0609019831825	-0.0180859455659	-0.0292981725284	-0.0299029898503	0.0201485603608	0.00967406713793	-0.000714969247106	-0.03849623674	0.010371392492	-0.0321375973577	0.0161767625751	0.0106255927839	0.0287727322577	-0.0398507996008	0.0150283104432	0.052928771929	-0.0139190402549	-0.0373746510104	-0.0390124334572	-0.0140529711722	-0.0556314716276	-0.0483921127057	0.0524378307599	-0.00916533329754	0.00617140908242
k__Bacteria;p__Bacteroidetes;c__Bacteroidia;o__Bacteroidales;f__Porphyromonadaceae;g__Barnesiella;s__Barnesiella_intestinihominis	-0.0278425701715	0.0613950538666	-0.0327804227324	0.0186847157087	-0.0867560239901	-0.00391864297509	-0.0140711355624	0.0299684716918	-0.0368055391588	-0.0212522474318	-0.00616179274266	0.040723712045	0.0118260262285	0.0881549675128	0.0236249278213	0.0322439677236	-0.0354549881041	0.0320662976461	1.0	0.0249362397305	-0.0170794976765	-0.041921601336	0.00682687605438	0.0154673896756	-0.0234870237615	-0.0204414397254	0.0151715192019	-0.00236504596475	-0.0262101120573	-0.0752908622548	-0.0797197248286	-0.012751281912	0.0177428136425	0.00441002168206	0.0342841461637	-0.00572881665426	-0.0214450449612	-0.0488773424841	0.0181645134702	-0.0307722302182	0.0311316553806	-0.0313189888476	-0.0109924056769	0.0213212780981	0.0443304450485	0.0350046171791	-0.0149417325013	0.0911021545081	-0.0167810167532	-0.0513099039508	-0.0377414890555	-0.0544414753163	0.0570161761161	-0.00523032196433	-0.023261020533	-0.0453204419407	-0.018716109531	-0.0069229153315	-0.0261621810478
k__Bacteria;p__Bacteroidetes;c__Bacteroidia;o__Bacteroidales;f__Odoribacteraceae;g__Odoribacter;s__Odoribacter_splanchnicus	0.0407270997135	-0.0514138980565	-0.00885747322124	0.0287685887755	0.00699102367548	-0.0305471476423	0.0651907155256	-0.000828497311958	0.0143337747407	-0.0167922735999	-0.0513600622013	0.0266894636664	-0.047966901529	0.00244833333653	-0.0129330641624	-0.0118968570748	0.00875066342099	0.0298434927344	0.0249362397305	1.0	0.0480071490455	-0.0445842623609	-0.0328395287922	-0.0138272597342	0.0255414019743	-0.0225721328762	0.0513602544194	-0.028110310514	-0.0132238164266	0.0283800899972	0.0530721422771	-0.00458540696023	-0.0124781331296	-0.0777787351078	-0.000608941724404	0.0158017193888	-0.08820482399	0.0159717836795	0.0453607697101	0.0331566826869	0.00669388154756	0.0259648640062	-0.0666656260117	0.0141062972132	-0.0047754602801	-0.0430432298722	-0.0630902539286	-0.0275264354047	0.00836635013657	-0.0794244406183	-0.00190158172991	0.0439770062862	-0.0130722214291	-0.00144634333551	0.00940098905891	0.00241780559566	0.0330616827574	-0.0140297420816	0.106444615659
k__Bacteria;p__Bacteroidetes;c__Bacteroidia;o__Bacteroidales;f__Bacteroidaceae;g__Bacteroides;s__Bacteroides_salyersiae	0.0317821111036	0.00700490239749	0.0150745097327	0.0172520362032	-0.0241142244491	-0.0189844333518	0.0354385251567	0.0537102575251	0.0104983072919	0.0170117967851	-0.0532403920483	-0.0529080097435	0.0362971082591	-0.031977452896	-0.00426289169445	-0.0581571803781	-0.0411204390282	-0.01482949779	-0.0170794976765	0.0480071490455	1.0	0.00670802564094	-0.00968259591342	-0.00451614894489	-0.027559414326	-0.0538480671884	0.0377674369006	-0.0179618275037	-0.0365640144256	-0.0202808884205	-0.00743486469688	0.0153765342375	-0.0466526032728	-0.0566854741886	-0.04134221142	-0.027620405187	-0.00199790669339	-0.02911570374	-0.0127743264982	0.0639770784678	0.0287348212011	-0.00267254462204	-0.0175252002637	0.0572406540356	0.00735796412715	0.00849897384056	-0.0641216896348	-0.0610693373412	0.0703448644146	-0.00777229117522	-0.0474814421194	-0.0100248749019	-0.00389694858097	0.017073538516	0.0644522763032	0.0694343244434	0.00458548431527	-0.00426737201937	0.0313295191316
k__Bacteria;p__Firmicutes;c__Clostridia;o__Clostridiales;f__Ruminococcaceae;g__Ruminiclostridium;s__[Eubacterium]_siraeum	0.0563092262047	0.0268532703665	-0.0301776100879	-0.0301328332477	-0.0454985593936	0.0536088348344	-0.0536854149753	-0.00433334073559	0.0502469923181	-0.040134854505	0.0148498984654	-0.0120581215297	-0.0027154332327	-0.00432324557983	0.0360359912946	0.0298812357866	-0.0209708828724	-0.0678161964252	-0.041921601336	-0.0445842623609	0.00670802564094	1.0	-0.0391755726741	-0.000284003688269	-0.00694615979721	-0.0196130961677	-0.0333029275614	0.0155348950498	0.030056062974	0.01175348063	-0.0397695048242	0.00486095531786	0.0277956578807	-0.0425936310714	-0.0645051578151	0.017481694756	-0.00633181619924	-0.0112390737172	0.0294994556495	-0.0107938075359	-0.0116839593688	0.0477702322009	-0.0295732217671	-0.0224696803072	-0.0443891728097	-0.0334848056026	-0.00145017554361	0.0135230635519	-0.00787515566804	-0.0433221629863	0.00700935825547	-0.051365692827	-0.0426817076593	-0.0253759897577	-0.0443936847699	0.0331610926637	0.0072360045408	-0.0207007732938	-0.0112691096074
k__Bacteria;p__Proteobacteria;c__Betaproteobacteria;o__Burkholderiales;f__Sutterellaceae;g__Parasutterella;s__Parasutterella_excrementihominis	0.0847017502605	0.0124519812762	-0.0498861511567	-0.0193427343017	0.0507249867569	-0.0440982814333	0.0678756234503	-0.0339353240894	-0.046458244508	0.0285867873048	0.035687751294	0.00230332034405	0.0419188577487	-0.0290816161932	-0.0479079273155	-0.00758343438616	-0.0245089073322	0.0351951790441	0.00682687605438	-0.0328395287922	-0.00968259591342	-0.0391755726741	1.0	-0.00331250918529	0.0364139197507	-0.0217088226825	-0.0240119970799	-0.0351178824238	-0.0146660899507	0.0562487179657	-0.0038132814373	-0.0324800563934	0.0507967481412	-0.0464705472414	-0.0174224627792	-4.9821731462e-05	0.0246725285408	0.0481252028217	-0.0139314087417	0.027275668362	-0.0183847746078	-0.0556346764124	0.00262565218404	-0.00844071912185	-0.00768635738701	-0.0329017435259	0.127116135782	-0.00214208247433	-0.0716299654318	-0.0531571169418	0.00891641470136	-0.0182342471533	-0.00744850844124	-0.0191964674331	-0.0687002374854	-0.0432581162533	-0.0425945065595	-0.0381354163078	-0.00997404569937
k__Bacteria;p__Actinobacteria;c__Actinobacteria;o__Bifidobacteriales;f__Bifidobacteriaceae;g__Bifidobacterium;s__Bifidobacterium_adolescentis	0.0748287255337	0.000915888883664	0.0187068337333	-0.0351164786577	-0.0339841507072	0.0150590311201	0.041019200202	1.46962158575e-05	-0.030572567918	-0.0560371426263	-0.0298748167407	-0.00427032886166	-0.088176160948	0.0115366999412	-0.00812683302988	-0.0090145801414	0.00836358521133	-0.0494975670199	0.0154673896756	-0.0138272597342	-0.00451614894489	-0.000284003688269	-0.00331250918529	1.0	-0.0146752509235	-0.0126894439296	-0.0311540471103	-0.0111749986181	-0.0301353662983	-0.0124414911195	0.00056161016927	0.0151932154447	-0.0170215755794	-0.0531687387039	-0.0256987405606	0.0125585513362	-0.0115545567219	-0.0396731467847	-0.0319856151797	-0.00714117453541	0.0515833780981	0.0327641390749	-0.00324991887897	-0.0112780139102	-0.00704089920514	-0.015419527877	-0.0422779261465	-0.0150412827838	0.0067236601992	0.0149658681858	-0.0330497468307	-0.0846247792515	-0.00799173911877	-0.00833962596975	-0.00458110189381	0.0315761432066	0.0617632330433	0.0221085963849	0.00600197862921
k__Bacteria;p__Firmicutes;c__Clostridia;o__Clostridiales;f__Oscillospiraceae;g__Oscillibacter;s__Oscillibacter_sp._KLE_1745	0.0451859134315	0.0164637651708	-0.0436735712968	-0.0130696012664	0.002395162379	0.0459023459824	-0.0293754461363	-0.0278203226753	-0.0236702826911	-0.0203698038264	0.0600025782341	-0.0309113106857	0.0578644667274	0.039695558911	0.0146518784656	-0.0348198106136	0.00965171393151	-0.00283102289835	-0.0234870237615	0.0255414019743	-0.027559414326	-0.00694615979721	0.0364139197507	-0.0146752509235	1.0	0.04496588522	-0.0333243307108	0.0238797561157	-0.0172775094927	0.0374307312303	-0.0284826066996	-0.0344473456843	-0.00479133844131	0.0216987060522	-0.00127265799497	0.0439687551214	-0.0626330017017	-0.0223349352609	0.0214861566481	0.0254050526917	0.0500169426641	-0.0541772512918	-0.0127264690457	0.0241923156624	-0.0389362710572	-0.0566167238021	-0.073013543091	-0.0324607239631	-0.0632530377716	0.02882078809	0.0322883366094	-0.0106720474736	-0.0376865522288	0.00738166009714	0.0299655239143	-0.0115093160739	-0.047684797128	-0.0857471409981	-0.0380245720972
k__Bacteria;p__Bacteroidetes;c__Bacteroidia;o__Bacteroidales;f__Bacteroidaceae;g__Bacteroides;s__Bacteroides_coprophilus	0.0329746352068	0.0334334660621	-0.0197304763157	-0.0358487687327	-0.0775866403135	0.0761634657034	0.0186678793967	-0.0214851245806	0.0267808932264	-0.00332069809398	0.0181543165964	-0.000329124465604	-0.0209648090957	0.0305643010988	-0.0738200153815	0.021311997411	-0.0294844869861	-0.0842528843631	-0.0204414397254	-0.0225721328762	-0.0538480671884	-0.0196130961677	-0.0217088226825	-0.0126894439296	0.04496588522	1.0	-0.0608080243761	0.00719178106635	-0.0636609927996	0.011624544158	-0.000843193995171	0.00160722502726	0.0422266604153	0.0162090760507	-0.0250763907777	0.016315971815	0.0456297549	-0.0421553385439	0.03080406134	0.0538367689061	-0.0493886143712	0.00945882602615	0.0134353805803	-0.047575547344	0.00681434353414	-0.0592500305031	-0.081429574334	-0.0148673178309	-0.049685367346	0.0111819025386	-0.0100824031984	-0.0081361379376	0.0299888968929	0.013924676135	0.0725411582394	-0.050395553339	0.0231884730792	-0.0280675860273	0.00295975457293
k__Bacteria;p__Firmicutes;c__Clostridia;o__Clostridiales;f__Lachnospiraceae;g__Roseburia;s__Roseburia_intestinalis	0.00106667023447	-0.00179555197458	-0.0256965506694	-0.0358899394711	-0.019296709682	-0.0484489849513	0.0317116818721	-0.00667460100649	0.00989534531165	0.0121746989199	-0.0236603124975	0.0644428341137	0.00940972714698	0.00780387283926	0.00282043904162	0.0824308879729	0.00103264190119	0.0094483283752	0.0151715192019	0.0513602544194	0.0377674369006	-0.0333029275614	-0.0240119970799	-0.0311540471103	-0.0333243307108	-0.0608080243761	1.0	-0.00206600521504	0.010966826344	-0.032677989352	-0.0323499789391	-0.0126080739149	-0.0154099225613	-0.0417970567571	0.012938747889	-0.0047084994185	-0.00748551059537	0.0490388418689	-0.007864273103	-0.0507375446663	0.0559875962216	-0.0259275871872	-0.0299275106743	0.0118730749255	-0.00110216845907	-0.0333476595523	-0.00771262826142	-0.0234395840657	-0.00491262165849	0.042956044211	-0.0144959556559	-0.0277567989357	-0.0126221949355	-0.0370395242944	-0.0262586828675	0.00878019331078	-0.0495177944827	0.0494848712923	0.0206874756528
k__Bacteria;p__Firmicutes;c__Clostridia;o__Clostridiales;f__Lachnospiraceae;g__Roseburia;s__Roseburia_hominis	-0.000962395795908	0.0238834168953	-0.0465092311082	-0.00722999450376	-0.0428359589892	-0.0455713427965	-0.052255633521	0.00266518010045	-0.00614142947694	0.0181516481144	-0.000786184735148	-0.00674802423286	-0.0134639509216	-0.0278302079359	-0.0195549829295	-0.0124440288346	-0.0813451991829	0.00978016550621	-0.00236504596475	-0.028110310514	-0.0179618275037	0.0155348950498	-0.0351178824238	-0.0111749986181	0.0238797561157	0.00719178106635	-0.00206600521504	1.0	-0.00580582928285	-0.00767786812789	0.0169889895291	0.0176478797478	0.0318186484539	0.0484499815228	-0.00467884411876	-0.00979371096231	0.0518340603122	0.0396455759848	-0.0169642104697	-0.0704888808509	-0.0467679270899	-0.0800449085552	-0.0228629450654	0.0149904540002	-0.0189514159119	-0.0129485212695	0.0127862680603	0.0261749686512	0.0600889967044	0.020978321593	0.0337962575041	-0.0518254625047	-0.0211640331063	0.024559822424	-0.100471313127	-0.0394250700419	0.0139568826119	0.0315435525751	0.036598112327
k__Bacteria;p__Bacteroidetes;c__Bacteroidia;o__Bacteroidales;f__Porphyromonadaceae;g__Parabacteroides;s__Parabacteroides_johnsonii	-0.0815536754651	0.00821030496347	0.0160146766302	0.0197746485336	-0.0113809867015	0.0241050072349	-0.0250981753346	-0.0079158871274	0.011276124775	0.0180328335603	0.0434527326214	-0.0190260364359	-0.0521207795486	0.0260316850561	-0.0131434228957	0.0170322621371	0.00233973647403	-0.0234550229377	-0.0262101120573	-0.0132238164266	-0.0365640144256	0.030056062974	-0.0146660899507	-0.0301353662983	-0.0172775094927	-0.0636609927996	0.010966826344	-0.00580582928285	1.0	-0.0592869256998	-0.0133927724798	-0.0627168799479	-0.0338206986503	-0.00488831115205	-0.0303738177057	0.0683458112055	0.00596804949345	-0.029008687961	0.0272585863889	0.0217237938334	0.00961930127233	-0.0619578110178	0.00875297652268	-0.0233551240349	-0.0044858437258	-0.020010655194	0.0102819417186	-0.0270427902928	-0.0184856121452	0.0385118012771	-0.00519244392505	-0.003487136423	0.0300203221812	0.0462367360334	0.00425837078769	0.0207847213263	-0.0142251734936	0.0783623410454	-0.0885605312946
k__Bacteria;p__Actinobacteria;c__Actinobacteria;o__Bifidobacteriales;f__Bifidobacteriaceae;g__Bifidobacterium;s__Bifidobacterium_longum	0.000586520225081	-0.0337837256303	0.0175101379319	-0.000826734068275	-0.00549024195533	-0.0393113714535	-0.0415044534503	-0.00174551186023	0.00460648603757	0.0417203400791	0.0334622511249	-0.00440898393758	-0.0149017046297	0.0336379243257	0.0018267577925	-0.0532611677898	-0.0457383414546	-0.0925793104794	-0.0752908622548	0.0283800899972	-0.0202808884205	0.01175348063	0.0562487179657	-0.0124414911195	0.0374307312303	0.011624544158	-0.032677989352	-0.00767786812789	-0.0592869256998	1.0	0.00514488117552	0.00711672931491	0.0377465774171	-0.0384390033497	0.0399577186564	-0.0224542613015	-0.00521186030317	-0.00783356154218	0.0198211465571	-0.0391763822693	-0.0136982463842	0.0270431837028	0.0413576689194	0.00520275163805	-0.0117806167553	-0.0344792503364	-0.0444005285679	0.0402614137247	-0.0368144605789	-0.00608526815259	0.00585629904876	-0.0067313308105	-0.0842086979527	-0.0271595840486	-0.00412671507749	0.0392965838952	-0.0706311368862	-0.0178087333612	0.035024322626
