#taxonomy	k__Bacteria;p__Bacteroidetes;c__Bacteroidia;o__Bacteroidales;f__Bacteroidaceae;g__Bacteroides;s__Bacteroides_vulgatus	k__Bacteria;p__Bacteroidetes;c__Bacteroidia;o__Bacteroidales;f__Bacteroidaceae;g__Bacteroides;s__Bacteroides_uniformis	k__Bacteria;p__Bacteroidetes;c__Bacteroidia;o__Bacteroidales;f__Rikenellaceae;g__Alistipes;s__Alistipes_putredinis	k__Bacteria;p__Bacteroidetes;c__Bacteroidia;o__Bacteroidales;f__Prevotellaceae;g__Prevotella;s__Prevotella_copri	k__Bacteria;p__Bacteroidetes;c__Bacteroidia;o__Bacteroidales;f__Bacteroidaceae;g__Bacteroides;s__Bacteroides_stercoris	k__Bacteria;p__Bacteroidetes;c__Bacteroidia;o__Bacteroidales;f__Bacteroidaceae;g__Bacteroides;s__Bacteroides_ovatus	k__Bacteria;p__Bacteroidetes;c__Bacteroidia;o__Bacteroidales;f__Rikenellaceae;g__Alistipes;s__Alistipes_shahii	k__Bacteria;p__Firmicutes;c__Clostridia;o__Clostridiales;f__Ruminococcaceae;g__Faecalibacterium;s__Faecalibacterium_prausnitzii	k__Bacteria;p__Bacteroidetes;c__Bacteroidia;o__Bacteroidales;f__Rikenellaceae;g__Alistipes;s__Alistipes_finegoldii	k__Bacteria;p__Bacteroidetes;c__Bacteroidia;o__Bacteroidales;f__Porphyromonadaceae;g__Parabacteroides;s__Parabacteroides_distasonis	k__Bacteria;p__Bacteroidetes;c__Bacteroidia;o__Bacteroidales;f__Bacteroidaceae;g__Bacteroides;s__Bacteroides_thetaiotaomicron	k__Bacteria;p__Bacteroidetes;c__Bacteroidia;o__Bacteroidales;f__Bacteroidaceae;g__Bacteroides;s__Bacteroides_coprocola	k__Bacteria;p__Bacteroidetes;c__Bacteroidia;o__Bacteroidales;f__Bacteroidaceae;g__Bacteroides;s__Bacteroides_cellulosilyticus	k__Bacteria;p__Bacteroidetes;c__Bacteroidia;o__Bacteroidales;f__Rikenellaceae;g__Alistipes;s__Alistipes_obesi	k__Bacteria;p__Firmicutes;c__Clostridia;o__Clostridiales;f__Lachnospiraceae;g__;s__[Eubacterium]_rectale	k__Bacteria;p__Bacteroidetes;c__Bacteroidia;o__Bacteroidales;f__Bacteroidaceae;g__Bacteroides;s__Bacteroides_plebeius	k__Bacteria;p__Bacteroidetes;c__Bacteroidia;o__Bacteroidales;f__Bacteroidaceae;g__Bacteroides;s__Bacteroides_fragilis	k__Bacteria;p__Proteobacteria;c__Betaproteobacteria;o__Burkholderiales;f__Sutterellaceae;g__Sutterella;s__Sutterella_wadsworthensis	k__Bacteria;p__Bacteroidetes;c__Bacteroidia;o__Bacteroidales;f__Porphyromonadaceae;g__Barnesiella;s__Barnesiella_intestinihominis	k__Bacteria;p__Bacteroidetes;c__Bacteroidia;o__Bacteroidales;f__Odoribacteraceae;g__Odoribacter;s__Odoribacter_splanchnicus	k__Bacteria;p__Bacteroidetes;c__Bacteroidia;o__Bacteroidales;f__Bacteroidaceae;g__Bacteroides;s__Bacteroides_salyersiae	k__Bacteria;p__Firmicutes;c__Clostridia;o__Clostridiales;f__Ruminococcaceae;g__Ruminiclostridium;s__[Eubacterium]_siraeum	k__Bacteria;p__Proteobacteria;c__Betaproteobacteria;o__Burkholderiales;f__Sutterellaceae;g__Parasutterella;s__Parasutterella_excrementihominis	k__Bacteria;p__Actinobacteria;c__Actinobacteria;o__Bifidobacteriales;f__Bifidobacteriaceae;g__Bifidobacterium;s__Bifidobacterium_adolescentis	k__Bacteria;p__Firmicutes;c__Clostridia;o__Clostridiales;f__Oscillospiraceae;g__Oscillibacter;s__Oscillibacter_sp._KLE_1745	k__Bacteria;p__Bacteroidetes;c__Bacteroidia;o__Bacteroidales;f__Bacteroidaceae;g__Bacteroides;s__Bacteroides_coprophilus	k__Bacteria;p__Firmicutes;c__Clostridia;o__Clostridiales;f__Lachnospiraceae;g__Roseburia;s__Roseburia_intestinalis	k__Bacteria;p__Firmicutes;c__Clostridia;o__Clostridiales;f__Lachnospiraceae;g__Roseburia;s__Roseburia_hominis	k__Bacteria;p__Bacteroidetes;c__Bacteroidia;o__Bacteroidales;f__Porphyromonadaceae;g__Parabacteroides;s__Parabacteroides_johnsonii	k__Bacteria;p__Actinobacteria;c__Actinobacteria;o__Bifidobacteriales;f__Bifidobacteriaceae;g__Bifidobacterium;s__Bifidobacterium_longum	k__Bacteria;p__Firmicutes;c__Clostridia;o__Clostridiales;f__;g__Flavonifractor;s__Flavonifractor_plautii	k__Bacteria;p__Firmicutes;c__Clostridia;o__Clostridiales;f__Clostridiaceae;g__Clostridium;s__Clostridium_phoceensis	k__Bacteria;p__Verrucomicrobia;c__Verrucomicrobiae;o__Verrucomicrobiales;f__Akkermansiaceae;g__Akkermansia;s__Akkermansia_muciniphila	k__Bacteria;p__Bacteroidetes;c__Bacteroidia;o__Bacteroidales;f__Prevotellaceae;g__Paraprevotella;s__Paraprevotella_xylaniphila	k__Bacteria;p__Firmicutes;c__Clostridia;o__Clostridiales;f__Ruminococcaceae;g__Ruminococcus;s__Ruminococcus_callidus	k__Bacteria;p__Bacteroidetes;c__Bacteroidia;o__Bacteroidales;f__Rikenellaceae;g__Alistipes;s__Alistipes_senegalensis	k__Bacteria;p__Firmicutes;c__Clostridia;o__Clostridiales;f__Lachnospiraceae;g__Blautia;s__Blautia_sp._KLE_1732	k__Bacteria;p__Bacteroidetes;c__Bacteroidia;o__Bacteroidales;f__Bacteroidaceae;g__Bacteroides;s__Bacteroides_oleiciplenus	k__Bacteria;p__Firmicutes;c__Clostridia;o__Clostridiales;f__Ruminococcaceae;g__Ruminococcus;s__Ruminococcus_bicirculans	k__Bacteria;p__Bacteroidetes;c__Bacteroidia;o__Bacteroidales;f__Bacteroidaceae;g__Bacteroides;s__Bacteroides_fluxus	k__Bacteria;p__Bacteroidetes;c__Bacteroidia;o__Bacteroidales;f__Prevotellaceae;g__Prevotella;s__Prevotella_stercorea	k__Bacteria;p__Firmicutes;c__Clostridia;o__Clostridiales;f__Lachnospiraceae;g__Dorea;s__Dorea_longicatena	k__Bacteria;p__Firmicutes;c__Clostridia;o__Clostridiales;f__Eubacteriaceae;g__Eubacterium;s__[Eubacterium]_eligens	k__Bacteria;p__Firmicutes;c__Clostridia;o__Clostridiales;f__Ruminococcaceae;g__;s__Ruminococcaceae_bacterium_D16	k__Bacteria;p__Firmicutes;c__Clostridia;o__Clostridiales;f__Lachnospiraceae;g__Coprococcus;s__Coprococcus_comes	k__Bacteria;p__Proteobacteria;c__Gammaproteobacteria;o__Enterobacterales;f__Enterobacteriaceae;g__Escherichia;s__Escherichia_coli	k__Bacteria;p__Firmicutes;c__Clostridia;o__Clostridiales;f__Ruminococcaceae;g__Anaerotruncus;s__Anaerotruncus_colihominis	k__Bacteria;p__Firmicutes;c__Clostridia;o__Clostridiales;f__Lachnospiraceae;g__Blautia;s__Blautia_obeum	k__Bacteria;p__Bacteroidetes;c__Bacteroidia;o__Bacteroidales;f__Odoribacteraceae;g__Odoribacter;s__Odoribacter_laneus	k__Bacteria;p__Firmicutes;c__Clostridia;o__Clostridiales;f__Ruminococcaceae;g__Ruminiclostridium;s__[Clostridium]_leptum	k__Bacteria;p__Bacteroidetes;c__Bacteroidia;o__Bacteroidales;f__Porphyromonadaceae;g__Parabacteroides;s__Parabacteroides_goldsteinii	k__Bacteria;p__Firmicutes;c__Clostridia;o__Clostridiales;f__Lachnospiraceae;g__Anaerostipes;s__Anaerostipes_hadrus	k__Bacteria;p__Firmicutes;c__Clostridia;o__Clostridiales;f__Ruminococcaceae;g__Ruminococcus;s__Ruminococcus_lactaris	k__Bacteria;p__Firmicutes;c__Clostridia;o__Clostridiales;f__Clostridiaceae;g__Clostridium;s__Clostridium_sp._L2-50	k__Bacteria;p__Firmicutes;c__Clostridia;o__Clostridiales;f__Clostridiaceae;g__Clostridium;s__Clostridium_sp._M62/1	k__Bacteria;p__Firmicutes;c__Clostridia;o__Clostridiales;f__;g__Intestinimonas;s__Intestinimonas_butyriciproducens	k__Bacteria;p__Actinobacteria;c__Actinobacteria;o__Bifidobacteriales;f__Bifidobacteriaceae;g__Bifidobacterium;s__Bifidobacterium_bifidum	k__Bacteria;p__Firmicutes;c__Negativicutes;o__Veillonellales;f__Veillonellaceae;g__Dialister;s__Dialister_invisus	k__Bacteria;p__Bacteroidetes;c__Bacteroidia;o__Bacteroidales;f__Bacteroidaceae;g__Bacteroides;s__Bacteroides_salanitronis
k__Bacteria;p__Bacteroidetes;c__Bacteroidia;o__Bacteroidales;f__Bacteroidaceae;g__Bacteroides;s__Bacteroides_vulgatus	1.0	0.00735707278596	-0.0308375367541	-0.037657771456	-0.0257302259333	0.0112594186736	0.00268248937101	0.0114900970853	-0.0619366625717	0.0281309423141	0.00369217082904	-0.0258616035048	0.0948497636066	0.0055581022509	0.0480707096119	0.0149650463297	-0.0439134366705	-0.0018980235352	-0.0473475717448	-0.0366341158957	0.0369325181808	-0.025596806448	-0.00724256594895	-0.0384333359916	0.0178289533014	-0.0162643597812	-0.000654553005817	0.0034779794302	0.00703758482829	0.0174976215497	-0.0277235876568	0.0269413468276	-0.00183687143125	0.00400828798652	-0.0382033163127	0.0351452172428	-0.0513700763457	-0.00843238612524	0.0211378826907	-0.0595123495367	0.000329298585684	-0.0092564581834	-0.0724853829117	-0.0356453710185	0.0186342303091	-0.00203587866554	0.0314619136754	0.0661575546884	0.0385722507674	-0.0135702366589	-0.0233389678141	0.0188312360438	-0.00792621651982	0.00758017178726	0.00514293100746	-0.01469186809	-0.07577439387	-0.0501348321169	0.0175647368705
k__Bacteria;p__Bacteroidetes;c__Bacteroidia;o__Bacteroidales;f__Bacteroidaceae;g__Bacteroides;s__Bacteroides_uniformis	0.00735707278596	1.0	-0.0810880512914	0.0416024317277	0.0504093218526	0.00325646113211	0.0135811077961	-0.055691005745	-0.0299520269405	-0.0818395744583	-0.0717482834624	0.0526888708195	-0.0110060598244	0.0321219140228	-0.0363234380103	0.00746234697447	0.00689523998952	3.10059539339e-05	0.000322806909676	-0.0309392190704	-0.00321165603626	0.0490240448552	0.0310880805184	-0.0368301603995	-0.0578723084738	-0.0104168656168	-0.0259913935487	0.0205336411515	-0.0475404884771	-0.00327006349622	0.0054698921123	0.0270206898751	-0.0169806103087	-0.018854479264	-0.0312578222816	-0.0185381451214	-0.0153870162551	-0.0519403817235	0.00941906588653	0.0247477144859	-0.0392192012242	-0.00139580916082	-0.0177973931608	-0.0233924697222	-0.011994590083	-0.0537497671005	0.0108172177739	0.0456778746325	0.00934903496463	0.0268498317026	0.0122645469053	0.00310029648017	0.0555542128625	0.0371535826605	-0.0120169749959	0.0808369352206	0.0157384072514	0.0776451545131	0.000235154492704
k__Bacteria;p__Bacteroidetes;c__Bacteroidia;o__Bacteroidales;f__Rikenellaceae;g__Alistipes;s__Alistipes_putredinis	-0.0308375367541	-0.0810880512914	1.0	-0.0335046095508	0.0129907429856	0.0162176717592	0.0206454531332	0.0066358768113	-0.0276891782294	0.0076574684168	-0.0135083535697	-0.0444573896001	0.0287990605968	0.0262893171914	-0.0742258270279	-0.0318302437353	0.00165045186629	-0.0230266579371	0.0249844824173	-0.0129952068774	0.0746519159922	0.00237161929005	-0.0149146292146	0.0129341658311	-0.02706684054	-0.0487110605226	-0.0490614690331	-0.0436441642861	0.00442344963344	-0.000715985067077	-0.0530579680395	0.00953662834782	0.0185568208799	0.0492881544462	-0.0188746041001	0.043309704861	0.0424310246623	-0.0558316741352	0.0239108407389	-0.0256268113556	-0.0500263738135	-0.0230195832316	-0.0293995326598	-0.0297268331517	-0.00746716829896	-0.0365122909234	0.0402451679227	0.0141141469787	-0.0144392506075	0.0197114323095	0.0235662001616	-0.0153412791633	0.00968639061649	0.0203951087894	0.0080925616649	0.0519414052667	-0.0489000099515	-0.00974909822299	-0.00673392613013
k__Bacteria;p__Bacteroidetes;c__Bacteroidia;o__Bacteroidales;f__Prevotellaceae;g__Prevotella;s__Prevotella_copri	-0.037657771456	0.0416024317277	-0.0335046095508	1.0	0.037510570039	-0.0509102355443	-0.0120886094589	-0.0558591887481	0.045281586187	-0.0265755163244	0.0789995849701	-0.00416334516223	-0.0892606077475	0.0155658978903	0.00910569361064	0.00701973521548	-0.0281416065545	-0.00458478398817	-0.000511747948725	0.0347107230139	-0.0415618483472	0.0353365736201	-0.0755753966743	-0.0157419693134	0.0172074621733	-0.0564218983351	0.00589151751926	0.0318731917797	-0.00901857858657	-0.0107186262455	-0.0186361242329	-0.0406977048906	0.00201878481952	-0.0386561789056	0.00180895171953	0.0869547156174	-0.0788492101653	-0.0191689937955	-0.0240365693894	0.0326942974968	0.0024980862009	-0.020631125998	0.0268462432903	0.022043311074	-0.0265263810458	-0.0411985736133	-0.000813689116177	0.0500968346698	0.0205125854085	-0.0776102761544	-0.02389841597	-0.00174601305865	-0.00547295680864	-0.0285463922249	0.00458500109121	-0.021018792014	-0.0453402048764	-0.000530290160439	0.0604647485129
k__Bacteria;p__Bacteroidetes;c__Bacteroidia;o__Bacteroidales;f__Bacteroidaceae;g__Bacteroides;s__Bacteroides_stercoris	-0.0257302259333	0.0504093218526	0.0129907429856	0.037510570039	1.0	-0.00286217368737	-0.0206610791464	-0.0304411120212	0.0269407662823	-0.0192049087481	-0.0313647863361	-0.0243641996773	-0.0811323296153	-0.0436733714014	-0.0260794270081	0.0047036854403	-0.0636780255615	-0.0197404252735	0.0260691137292	0.0152326835396	0.0602397270942	-0.052102569183	0.0214481197179	0.028672458625	0.0278725675248	-0.00414905557343	-0.0452642202052	-0.0106155326004	-0.0278963624285	-0.0591314798308	0.0349299182098	-0.0382019296802	-0.0103617595874	0.0418592740666	0.0906073940332	-0.0304804707862	-0.000784035182334	0.0479222410577	-0.0132626908927	-0.0138109153808	0.037498881451	0.0240887158809	0.0153832447761	0.0805711723717	-0.0424054786808	-0.04853887013	0.00898767348657	-0.00771914549988	-0.0312626009461	0.0015321793263	-0.0503979526458	-0.119461945878	0.0220033825702	-0.0857695085356	-0.0528458389198	-0.00843151079665	-0.0120189847941	0.0447588134149	0.0366339602023
k__Bacteria;p__Bacteroidetes;c__Bacteroidia;o__Bacteroidales;f__Bacteroidaceae;g__Bacteroides;s__Bacteroides_ovatus	0.0112594186736	0.00325646113211	0.0162176717592	-0.0509102355443	-0.00286217368737	1.0	0.0191200556133	0.0130015523741	0.0447130679803	0.0686216832665	-0.0269559151231	-0.0251440665807	-0.000327036891881	-0.0106708366352	-0.00534177630715	-0.0236987548011	0.0030358844808	-0.00170112413282	0.000554345265201	0.0540483733664	-0.0113897743606	0.00514996147438	-0.0272132888731	0.0132123043443	-0.0368389546242	0.0140678157152	-0.0151450141697	-0.0101121124647	-0.0483400552737	0.0201016095437	0.012094059823	0.00889331769188	0.0249610896166	-0.0216005115668	0.0315493407267	0.048388902137	-0.0238592650611	-0.0475342159824	-0.0533020838932	0.00356379287209	-0.0400007684051	0.00915379037095	-0.0329862080347	-0.00891471570102	0.00927707061763	-0.0186704036591	-0.0589311503651	0.0687364661321	0.00349778666863	0.0239536795175	-0.0783498089087	0.0345758287887	-0.0674093174385	0.0297411744091	0.0113650473351	0.0151967369218	-0.0217117620562	-0.0236333928861	-0.0368348588053
k__Bacteria;p__Bacteroidetes;c__Bacteroidia;o__Bacteroidales;f__Rikenellaceae;g__Alistipes;s__Alistipes_shahii	0.00268248937101	0.0135811077961	0.0206454531332	-0.0120886094589	-0.0206610791464	0.0191200556133	1.0	-0.0236294588255	-0.00227538082098	0.021843345073	0.0095454455758	-0.0877951505841	0.0204734365803	-0.0168273602419	-0.0105928345693	-0.0741739664371	-0.0651367787693	-0.0208252069861	0.0262419376163	-0.0811212207598	-0.0137950774816	-0.0916000570705	-0.066362530242	-0.00442806451413	0.0153557121951	-0.0380794892214	-0.0389555978599	-0.0236465469882	-0.0323334454256	0.0253442071334	-0.0389725021952	0.0368135096898	-0.00203200422522	-0.0242694209893	-0.00505739577609	-0.055575333384	0.0230509515997	-0.00485143251238	0.0426364587232	-0.0435009784372	0.0253067793622	-0.0321136440866	-0.00897807057303	0.04375409308	-0.0222070328807	-0.0353522055438	-0.0450104495432	0.00653662251635	-0.0488713550504	0.00341467169337	-0.0134846987151	0.00624684536436	-0.0224787951655	0.00879650849022	-0.045779779823	-0.0494231906495	-0.0138822039182	0.00509688558653	0.0376137410608
k__Bacteria;p__Firmicutes;c__Clostridia;o__Clostridiales;f__Ruminococcaceae;g__Faecalibacterium;s__Faecalibacterium_prausnitzii	0.0114900970853	-0.055691005745	0.0066358768113	-0.0558591887481	-0.0304411120212	0.0130015523741	-0.0236294588255	1.0	0.059507533451	0.0293181003797	0.0715139382743	-0.029335608241	0.00558743464899	0.0205100325063	-0.0250685251151	0.0446458740505	-0.0190077047163	-0.0147733670539	-0.045228444111	0.00263919700257	0.0338227262847	0.0486050088037	0.0465147712561	0.0343573551971	0.0255663257106	-0.0526482792053	-0.0154914124229	-0.0152373671904	-0.00892568109757	0.0675918857956	-0.0821705909545	-0.0488876445525	0.0101681783675	-0.0308438037362	0.00420044172433	-0.0655670202078	-0.0147904043294	0.00996938590397	0.0105153625052	-0.0442845082787	-0.0187807255011	0.046109930038	-0.0281081168448	-0.00250168042937	-0.0393661438417	-0.00205855118869	-0.0278421357708	-0.046477572931	0.00435602592902	-0.0156148787592	-0.0532792526954	-0.0101451316404	0.0758430037209	-0.0130677954882	-0.0464280045288	-0.00656845516287	0.0397345985084	0.0340413515922	-0.0150487101042
k__Bacteria;p__Bacteroidetes;c__Bacteroidia;o__Bacteroidales;f__Rikenellaceae;g__Alistipes;s__Alistipes_finegoldii	-0.0619366625717	-0.0299520269405	-0.0276891782294	0.045281586187	0.0269407662823	0.0447130679803	-0.00227538082098	0.059507533451	1.0	-0.0331621651633	-0.0441889407695	-0.042204298747	-0.00137840865908	0.0632776360595	0.0914111150725	0.0326100277585	-0.022592117424	0.0171700747025	-0.0948108307702	0.0356474448929	-0.00510646507851	-0.00302683227116	0.0349823467204	0.0374283821222	-0.00614793578223	-0.0465639693872	-0.0142942793101	0.0156136324434	0.0252447260289	0.0180164276126	0.0185563150057	0.050203884865	0.00783788235862	-0.0330139829196	-0.0730131444011	-0.0515554826322	-0.0159180039289	-0.000719144636803	-0.0334049481197	0.0555032024466	0.00879674551604	0.0181074774027	-0.0177404134369	-0.00303882044141	-0.0736308863416	-0.0658966298091	-0.0473446337731	-0.0312636100617	-0.0240623694914	-0.0543366057039	-0.018432181426	-0.00955393068412	0.0277004097018	0.0162750337905	-0.0180817123291	-0.0377841055109	-0.0522446915538	-0.0900337996463	0.00249461026962
k__Bacteria;p__Bacteroidetes;c__Bacteroidia;o__Bacteroidales;f__Porphyromonadaceae;g__Parabacteroides;s__Parabacteroides_distasonis	0.0281309423141	-0.0818395744583	0.0076574684168	-0.0265755163244	-0.0192049087481	0.0686216832665	0.021843345073	0.0293181003797	-0.0331621651633	1.0	0.0583132394371	-0.0407456648738	-0.0340817206907	0.047640127128	0.00724793955368	-0.0083396068773	-0.0297718781222	0.0490723482614	-0.0394472217491	-0.0363326232592	0.00118559313709	0.0074407145633	-0.048915107117	-0.0172182810617	-0.0299608511268	0.0533454100892	0.00848037428618	-0.0415834291848	-0.0151705491181	-0.0305910399864	-0.00388308841831	0.00566931950436	-0.0329123610854	-0.000250193237551	0.00819827785519	0.0700084048997	-0.0131537069624	-0.00682725561817	-0.0280916500004	0.0093831395131	-0.0332136393672	-0.0208680790499	-0.0108858864748	-0.0077135265376	0.011918882392	-0.0658920407896	-0.0104791209161	0.0357766910946	0.0716497843872	-0.0275243140655	-0.0209543520166	0.0155001914434	-0.033309693012	0.0683706371057	0.00329568218792	-0.00257466472143	-0.046217255442	-0.0567842519175	-0.0485865866016
k__Bacteria;p__Bacteroidetes;c__Bacteroidia;o__Bacteroidales;f__Bacteroidaceae;g__Bacteroides;s__Bacteroides_thetaiotaomicron	0.00369217082904	-0.0717482834624	-0.0135083535697	0.0789995849701	-0.0313647863361	-0.0269559151231	0.0095454455758	0.0715139382743	-0.0441889407695	0.0583132394371	1.0	-0.0293473610014	-0.0242886052399	-0.0277064253304	0.00480766003831	0.0214931880502	0.0250956593212	-0.0593148047722	-0.00614786154242	-0.0462721637858	-0.0486703905242	0.00665949022216	0.00951167110329	-0.0624204508017	-0.0224561608851	-0.0739574178844	0.0338646082563	0.00599086733723	0.0514686723389	-0.01330679329	-0.03234946746	-0.016649653795	0.065161263203	-0.029341452329	-0.00620283945853	0.00843958065575	0.019071171731	-0.0110542689707	0.0392098875635	-0.0213719085745	-0.023089756018	-0.00920549080875	0.00245201261417	0.011888077433	0.0470093143015	0.069765145058	-0.0311733463713	-0.0693687789868	0.022108304095	-0.0160782041417	-0.0043684306004	-0.0599834175133	0.0193880939371	-0.0737140714374	-0.00463552262133	0.0130261628281	0.0485912478926	0.0315506543182	0.0176882380513
k__Bacteria;p__Bacteroidetes;c__Bacteroidia;o__Bacteroidales;f__Bacteroidaceae;g__Bacteroides;s__Bacteroides_coprocola	-0.0258616035048	0.0526888708195	-0.0444573896001	-0.00416334516223	-0.0243641996773	-0.0251440665807	-0.0877951505841	-0.029335608241	-0.042204298747	-0.0407456648738	-0.0293473610014	1.0	-0.0353677678553	0.0552616595261	0.0695677425428	-0.0404530532686	0.0306844718384	0.041621940909	0.00683870580074	-0.071071701734	0.0359224437021	-0.0342115091898	-0.015588166456	-0.0468100060962	0.0152734750227	0.0233154118751	-0.016034119726	0.06523927454	0.00184115993954	-0.00970334914288	-0.000757379373155	-0.0737040270574	0.00822426975117	-0.0710612577279	0.0154223740853	0.0242220793479	-0.00497523636357	0.0220994497705	-0.0543929283717	-0.0125715030506	-0.0371145158585	0.00843677124085	-0.0202218411972	0.0139705674207	0.0677756202617	-0.0490813259003	0.00248153947516	-0.00828989886499	-0.0375528344259	0.0606494436414	-0.0215907122553	-0.0128686336821	-0.0502360965483	-0.00639816880573	-0.00819786634194	-0.00481217957976	0.014044426483	-0.00725419498884	-0.0144924716746
k__Bacteria;p__Bacteroidetes;c__Bacteroidia;o__Bacteroidales;f__Bacteroidaceae;g__Bacteroides;s__Bacteroides_cellulosilyticus	0.0948497636066	-0.0110060598244	0.0287990605968	-0.0892606077475	-0.0811323296153	-0.000327036891881	0.0204734365803	0.00558743464899	-0.00137840865908	-0.0340817206907	-0.0242886052399	-0.0353677678553	1.0	-0.00760165071166	0.0417260442095	0.0333358374861	0.0227282686716	-0.0305217469094	0.0446589521868	-0.00340028862221	-0.0381137226596	-0.000250159781533	-0.0602143653899	0.0187434810016	0.00712612567912	-0.0691530303589	-0.0119956443261	-0.0598769487009	-0.036964175923	0.00171232435271	-0.0119591455318	-0.00982279858139	0.0233644746818	0.0610436027944	-0.0238151608601	-0.0235588080533	-0.0130795438672	0.00484554862441	0.0236180829411	-0.0395380029332	0.034257015653	-0.0144063695084	-0.0711092863067	0.025639473297	0.0777513723118	-0.0320216496301	0.0281916936203	-0.00897999663434	-0.0311007721241	-0.0029185099923	0.035741823715	-0.104752364698	0.0326734508557	0.00317275587177	-0.0385534615346	-0.0175469137244	-0.0159734741468	0.0247364741556	0.0573321507788
k__Bacteria;p__Bacteroidetes;c__Bacteroidia;o__Bacteroidales;f__Rikenellaceae;g__Alistipes;s__Alistipes_obesi	0.0055581022509	0.0321219140228	0.0262893171914	0.0155658978903	-0.0436733714014	-0.0106708366352	-0.0168273602419	0.0205100325063	0.0632776360595	0.047640127128	-0.0277064253304	0.0552616595261	-0.00760165071166	1.0	0.0340089502982	-0.00226488902424	-0.055994016655	0.0555795926793	-0.00249823092247	0.0178556791586	0.0516975333463	0.025849631927	0.00297666612476	-0.00304578231014	0.0404998486581	-0.00885774837117	-0.0182433837494	-0.0368178320493	-0.0209573238386	0.0121377581268	-0.0213643257777	-0.0340235141238	-0.0502824692567	0.000573968941965	-0.0327914808543	0.0179486372152	0.00487721978872	-0.0694736775451	0.00203305938901	-0.0101375682928	0.00274799626144	-0.0335088033726	0.00264614507454	0.0399389286899	-0.0194023053946	-0.0198064112248	-0.0353904344109	0.00412226325995	-0.0321636296334	-0.00230578626448	-0.0287798754149	0.0153983865911	-0.0123708098066	-0.0232295318481	-0.046661481681	0.0133611847861	-0.0141400025324	-0.10578300738	-0.0405923034686
k__Bacteria;p__Firmicutes;c__Clostridia;o__Clostridiales;f__Lachnospiraceae;g__;s__[Eubacterium]_rectale	0.0480707096119	-0.0363234380103	-0.0742258270279	0.00910569361064	-0.0260794270081	-0.00534177630715	-0.0105928345693	-0.0250685251151	0.0914111150725	0.00724793955368	0.00480766003831	0.0695677425428	0.0417260442095	0.0340089502982	1.0	0.0330220833565	-0.0496478530839	-0.0400398077174	0.000723293264004	0.014138446593	-0.0156174369804	-0.0183586920254	-0.0352824872565	-0.00616568364183	-0.0273571507963	0.0230810058248	-0.0405530102122	0.0503487523106	-0.0033981021451	-0.0121968172494	-0.0157383602205	-0.0633111492941	0.0342320926188	0.0575318489263	-0.0580194424969	-0.0186058983029	-0.0694621551231	-0.009714845678	-0.0732853415506	-0.0493457400151	0.0328878030955	0.00795372913529	0.0297947236227	-0.0191656065444	-0.00521912227162	-0.0510467908806	0.0102662189198	-0.0251526104606	0.0155441935891	-0.0213685059984	-0.0291322579583	0.0018670051206	-0.000849861929416	-0.0278989238452	-0.00451462213837	-0.042583806777	-0.0046952206499	0.00154811479707	-0.0232996014519
k__Bacteria;p__Bacteroidetes;c__Bacteroidia;o__Bacteroidales;f__Bacteroidaceae;g__Bacteroides;s__Bacteroides_plebeius	0.0149650463297	0.00746234697447	-0.0318302437353	0.00701973521548	0.0047036854403	-0.0236987548011	-0.0741739664371	0.0446458740505	0.0326100277585	-0.0083396068773	0.0214931880502	-0.0404530532686	0.0333358374861	-0.00226488902424	0.0330220833565	1.0	0.0220139355348	-0.00421122837072	-0.0450012830474	-0.0494578127306	-0.00285434018315	0.00514680962542	0.0269327652423	-0.0279963693954	0.0289690027472	-0.0774641275443	0.0226663448503	-0.0309954844476	-0.00184430976038	0.0391301318116	0.0189796862829	-0.0184685751343	-0.0102463014675	0.0302003520466	-0.0145015587054	0.0257516886673	0.004190806585	0.0386589296824	-0.093904512143	-0.0450898794689	-0.0344327706657	-0.0227461988956	-0.0254054858981	-0.04743560568	-0.0402415044145	0.0261045607209	0.00098745890163	0.0215246916635	0.0139137150438	-0.0432971972684	0.0978489156043	-0.0577945526468	0.0401281523072	0.0373994879547	-0.0209026942371	0.00103310300035	-0.0134554853015	-0.0107719653694	-0.0125390763597
k__Bacteria;p__Bacteroidetes;c__Bacteroidia;o__Bacteroidales;f__Bacteroidaceae;g__Bacteroides;s__Bacteroides_fragilis	-0.0439134366705	0.00689523998952	0.00165045186629	-0.0281416065545	-0.0636780255615	0.0030358844808	-0.0651367787693	-0.0190077047163	-0.022592117424	-0.0297718781222	0.0250956593212	0.0306844718384	0.0227282686716	-0.055994016655	-0.0496478530839	0.0220139355348	1.0	0.011595623544	0.0259699420182	-0.0159230820191	-0.146002444916	0.00803169082396	-0.0339075143298	0.0568743285369	-0.0617601486895	-0.0804294600989	0.020386276505	0.00903220564287	0.00597452155894	-0.0615350514269	-0.076169958499	-0.0041414689276	-0.0357661145194	0.0170002597469	-0.0377045346761	-0.0190897283538	0.0226749246918	-0.0493777945522	0.0378174747568	-0.0378609984966	-0.00465842355125	-0.00399249106071	0.0522753361787	0.00165873716737	0.00729278297216	0.0891475384891	-0.0304455626552	0.00590697534563	-0.0459499649271	0.0322852163907	-0.0142898951671	0.0250275253115	0.0276157393914	-0.0557302243549	-0.00499210018234	-0.019894370244	0.0075978926892	-0.0183069409085	0.0141459379684
k__Bacteria;p__Proteobacteria;c__Betaproteobacteria;o__Burkholderiales;f__Sutterellaceae;g__Sutterella;s__Sutterella_wadsworthensis	-0.0018980235352	3.10059539338e-05	-0.0230266579371	-0.00458478398817	-0.0197404252735	-0.00170112413282	-0.0208252069861	-0.0147733670539	0.0171700747025	0.0490723482614	-0.0593148047722	0.041621940909	-0.0305217469094	0.0555795926793	-0.0400398077174	-0.00421122837072	0.011595623544	1.0	-0.0424691091954	0.0178905418949	-0.0285010097297	-0.0474215388485	0.0328240681914	0.0437017838381	-0.0139177634443	0.0258768098015	-0.0163460146795	-0.0407774763376	-0.0593757686684	-0.0109634772607	0.0192739850019	0.0162985136575	0.0464081110674	-0.0120470478987	0.00862968865051	0.0350661666382	-0.0627633081963	0.0228248569284	-0.036186279307	0.0235951996175	0.0125108197738	-0.043775444844	0.0322182077917	-0.048122482728	0.0215786871	-0.0704302067438	-0.00606511197693	-0.0727007023556	0.0215843812383	-0.0117195074852	0.00782135986263	0.106105858566	-0.0265246415264	0.0392705028821	-0.0720061606948	-0.0161168578467	-0.0285636022442	-0.0243811112049	-0.0114769919838
k__Bacteria;p__Bacteroidetes;c__Bacteroidia;o__Bacteroidales;f__Porphyromonadaceae;g__Barnesiella;s__Barnesiella_intestinihominis	-0.0473475717448	0.000322806909676	0.0249844824173	-0.000511747948725	0.0260691137292	0.000554345265201	0.0262419376163	-0.045228444111	-0.0948108307702	-0.0394472217491	-0.00614786154242	0.00683870580074	0.0446589521868	-0.00249823092247	0.000723293264004	-0.0450012830474	0.0259699420182	-0.0424691091954	1.0	0.00314085231162	-0.00413292151399	-0.00609711620276	-0.0221708125181	-0.0276867266893	-0.0516570663733	-0.0059877082004	0.00408079708731	0.0337219549537	-0.0763730207903	0.0528816957839	0.0426847279662	-0.013997592653	0.0159746564115	0.05279761507	0.0002585606978	-0.0221947097301	0.00302811998701	-0.0265505982363	0.0667438218123	-0.00148689250602	-0.0873685994939	-0.0561167320957	-0.0219558718917	0.0461794056722	-0.0491012928455	0.0781951460149	-0.0110725080898	0.0110583991228	-0.0247457290387	-0.0217181796766	-0.0302878731476	0.00139227062812	0.0649011591299	-0.0182222706872	0.0238600515688	-0.0176391712771	-0.0606133813698	0.0234912526727	-0.0164174205875
k__Bacteria;p__Bacteroidetes;c__Bacteroidia;o__Bacteroidales;f__Odoribacteraceae;g__Odoribacter;s__Odoribacter_splanchnicus	-0.0366341158957	-0.0309392190704	-0.0129952068774	0.0347107230139	0.0152326835396	0.0540483733664	-0.0811212207598	0.00263919700257	0.0356474448929	-0.0363326232592	-0.0462721637858	-0.071071701734	-0.00340028862221	0.0178556791586	0.014138446593	-0.0494578127306	-0.0159230820191	0.0178905418949	0.00314085231162	1.0	-0.0352451563826	-0.00391608312288	0.0507977753382	0.0229637639757	-0.00057403492596	-0.0510111861824	0.0225050088035	-0.0178323358364	0.0318434828772	-0.0404515066531	-0.0337360714859	0.0252131511889	0.00762851837744	-0.00866140088131	-0.022301274333	0.0304350735748	-0.0330662566221	0.025978949524	0.0281417163647	0.00996797189461	0.0153436443531	-0.00383737924631	-0.018210474837	0.0314939998173	0.032324093535	0.030042085366	0.0423842216489	-0.0136124464893	0.0521626930853	0.0727905842112	-0.000805418251846	-0.0297194833242	-0.0817125375369	-0.0768829702239	-0.0406421558183	-0.0361377962868	-0.0496626581755	0.0171287358149	-0.0350536787584
k__Bacteria;p__Bacteroidetes;c__Bacteroidia;o__Bacteroidales;f__Bacteroidaceae;g__Bacteroides;s__Bacteroides_salyersiae	0.0369325181808	-0.00321165603626	0.0746519159922	-0.0415618483472	0.0602397270942	-0.0113897743606	-0.0137950774816	0.0338227262847	-0.00510646507851	0.00118559313709	-0.0486703905242	0.0359224437021	-0.0381137226596	0.0516975333463	-0.0156174369804	-0.00285434018315	-0.146002444916	-0.0285010097297	-0.00413292151399	-0.0352451563826	1.0	0.0573926612162	0.0522297470228	0.0264309442029	0.0434545243532	-0.0389204140062	-0.0388944481828	0.00137191992957	-0.0161270463818	0.0232105337476	-0.0299898849694	-0.103381795906	-0.0459914990454	0.0357733160584	0.0147117830378	0.0120819823511	-0.0046490693521	0.0185323108653	-0.0228077693581	-0.0377794093208	-0.02066486474	-0.014674172658	0.0417046047841	-0.028093447268	-0.0137739259305	-0.0417094044074	0.0676093331667	-0.0344591300873	0.0244771218612	-0.0027806473946	-0.00669051835333	-0.0434465881176	0.00304441522683	0.00652303144982	-0.0215222210719	-0.0122110392274	-0.0234740960605	0.00881603757451	0.0368925266477
k__Bacteria;p__Firmicutes;c__Clostridia;o__Clostridiales;f__Ruminococcaceae;g__Ruminiclostridium;s__[Eubacterium]_siraeum	-0.025596806448	0.0490240448552	0.00237161929005	0.0353365736201	-0.052102569183	0.00514996147438	-0.0916000570705	0.0486050088037	-0.00302683227116	0.0074407145633	0.00665949022216	-0.0342115091898	-0.000250159781533	0.025849631927	-0.0183586920254	0.00514680962542	0.00803169082396	-0.0474215388485	-0.00609711620276	-0.00391608312288	0.0573926612162	1.0	-0.00421746223405	-0.00130241575998	-0.0503153323006	-0.0233838505279	0.0279782794015	-0.0120679832669	-0.0424043636131	-0.0174711744705	0.000881796440272	-0.0582440304652	-0.0246949832541	-0.00931936033101	-0.0571855937064	0.0171915913286	-0.0062719115153	-0.0383718805693	-0.00827008698475	0.0287618449504	-0.040866871858	-0.0298015028377	-0.0326711703692	0.0167675928858	0.0363019531934	-0.022710391741	0.00727891363929	-0.00674440627746	-0.0281847986928	-0.0492240992767	-0.08663384973	0.042725124123	-0.000460344943599	0.033558044293	0.00620439670249	-0.0125844359136	0.0182022001736	0.0260042331837	0.0151676108358
k__Bacteria;p__Proteobacteria;c__Betaproteobacteria;o__Burkholderiales;f__Sutterellaceae;g__Parasutterella;s__Parasutterella_excrementihominis	-0.00724256594895	0.0310880805184	-0.0149146292146	-0.0755753966743	0.0214481197179	-0.0272132888731	-0.066362530242	0.0465147712561	0.0349823467204	-0.048915107117	0.00951167110329	-0.015588166456	-0.0602143653899	0.00297666612476	-0.0352824872565	0.0269327652423	-0.0339075143298	0.0328240681914	-0.0221708125181	0.0507977753382	0.0522297470228	-0.00421746223405	1.0	-0.0184204084235	-0.028827246724	-0.0014912684253	-0.00306140575815	-0.0498185783819	0.00392757918813	0.0215394343392	0.0153611922099	0.0299791997439	0.0185426859227	0.000504416798025	0.0233498684806	0.0232520851265	-0.0519031391001	-0.00306304455789	0.0108712942411	-0.0258862185621	-0.00247899451871	-0.0365271567994	-0.00823732265188	-0.0359461707135	-0.113713061249	0.0250349020179	0.0504254150206	0.0132180322582	0.0938055705441	0.0058796868414	-0.0629474675461	0.0454471123673	-0.0471331643501	-0.0462728540499	-0.060408445196	0.00830795192433	-0.0103331740379	-0.00969541949854	0.0130881526112
k__Bacteria;p__Actinobacteria;c__Actinobacteria;o__Bifidobacteriales;f__Bifidobacteriaceae;g__Bifidobacterium;s__Bifidobacterium_adolescentis	-0.0384333359916	-0.0368301603995	0.0129341658311	-0.0157419693134	0.028672458625	0.0132123043443	-0.00442806451413	0.0343573551971	0.0374283821222	-0.0172182810617	-0.0624204508017	-0.0468100060962	0.0187434810016	-0.00304578231014	-0.00616568364183	-0.0279963693954	0.0568743285369	0.0437017838381	-0.0276867266893	0.0229637639757	0.0264309442029	-0.00130241575998	-0.0184204084235	1.0	-0.0656908662339	0.0264099126051	0.0072772526717	-0.0295181120407	-0.0590373373417	0.0314332913324	-0.0397233485196	0.0220452577981	0.0395993948772	0.0323567015688	0.0217443035148	-0.0299794492287	-0.0249434113037	0.0137240379803	0.0445881157006	-0.0385329977709	-0.0101243762508	0.00746321538436	-0.0146851541051	-0.0173877972993	0.0456353257197	-0.0345180683297	0.0117154663117	-0.0576460243302	-0.0509860671233	0.0303991263783	-0.0506482870782	-0.0532310916941	-0.011899366716	-0.0498643038539	-0.0466912238223	0.00574159616653	-0.0159899736725	0.0490371795406	-0.0554347999371
k__Bacteria;p__Firmicutes;c__Clostridia;o__Clostridiales;f__Oscillospiraceae;g__Oscillibacter;s__Oscillibacter_sp._KLE_1745	0.0178289533014	-0.0578723084738	-0.02706684054	0.0172074621733	0.0278725675248	-0.0368389546242	0.0153557121951	0.0255663257106	-0.00614793578223	-0.0299608511268	-0.0224561608851	0.0152734750227	0.00712612567912	0.0404998486581	-0.0273571507963	0.0289690027472	-0.0617601486895	-0.0139177634443	-0.0516570663733	-0.00057403492596	0.0434545243532	-0.0503153323006	-0.028827246724	-0.0656908662339	1.0	0.00453743747947	0.0685856383065	0.00328486180525	0.0261319816226	-0.0101930483304	-0.0532740700502	0.065765154862	-0.026114955096	-0.0421554772613	-0.0148880715477	0.0259831256419	0.0159558435616	-0.0185681972494	-0.010530319965	0.0912022683334	-0.0140239992396	-0.0797814825005	0.0129891697605	0.00836372221111	-0.050888336922	-0.00154674979086	-0.0267262306479	-0.000814389568417	0.0269766314448	0.0769539387542	0.0508292128211	0.0238123738379	-0.0372882251835	-0.020970324893	-0.00589596025424	0.0615697940911	0.000549529768962	-0.0377292269589	-0.0715240676237
k__Bacteria;p__Bacteroidetes;c__Bacteroidia;o__Bacteroidales;f__Bacteroidaceae;g__Bacteroides;s__Bacteroides_coprophilus	-0.0162643597812	-0.0104168656168	-0.0487110605226	-0.0564218983351	-0.00414905557343	0.0140678157152	-0.0380794892214	-0.0526482792053	-0.0465639693872	0.0533454100892	-0.0739574178844	0.0233154118751	-0.0691530303589	-0.00885774837117	0.0230810058248	-0.0774641275443	-0.0804294600989	0.0258768098015	-0.0059877082004	-0.0510111861824	-0.0389204140062	-0.0233838505279	-0.0014912684253	0.0264099126051	0.00453743747947	1.0	-0.00607748725676	0.0432975358013	0.0218724282881	-0.0952523896658	-0.0465453931272	-0.0234117088328	-0.00256237381555	0.0327563080471	-0.0511520021853	0.0241884691944	-0.00832482385586	-0.00577298366764	-0.0690939465679	0.0383485393717	0.0319161515045	0.0329291736226	0.0493440445557	-0.0323429364035	-0.0207396218654	-0.0446836289027	-0.00370467807491	-0.00792187895207	0.0387355313873	0.0278455357864	-0.027623768937	0.024717957055	-0.0157053697541	0.0275348893941	0.0728783658944	-0.0443674919218	0.00136355306915	0.0129782514987	0.0612956085441
k__Bacteria;p__Firmicutes;c__Clostridia;o__Clostridiales;f__Lachnospiraceae;g__Roseburia;s__Roseburia_intestinalis	-0.000654553005817	-0.0259913935487	-0.0490614690331	0.00589151751926	-0.0452642202052	-0.0151450141697	-0.0389555978599	-0.0154914124229	-0.0142942793101	0.00848037428618	0.0338646082563	-0.016034119726	-0.0119956443261	-0.0182433837494	-0.0405530102122	0.0226663448503	0.020386276505	-0.0163460146795	0.00408079708731	0.0225050088035	-0.0388944481828	0.0279782794015	-0.00306140575815	0.0072772526717	0.0685856383065	-0.00607748725676	1.0	-0.0649608162037	-0.0247244054255	-0.0313495492324	0.010840818362	0.00945372279323	-0.0234013090404	0.0485525817396	-0.0222230291306	-0.0941726425781	0.00620374265987	-0.0106534377623	0.0013442001436	0.0053348997401	-0.0176971419075	-0.0769163541463	0.00362664244124	0.00430125999525	0.0114397664232	0.0416370417146	-0.00520345520422	-0.027695594538	0.0219286043024	-0.025819729626	0.0256405179928	-9.20865509765e-05	0.041876841855	-0.0533909990488	-0.0824401678086	-0.0196470172422	0.024320617895	0.00630576469906	0.0131858406856
k__Bacteria;p__Firmicutes;c__Clostridia;o__Clostridiales;f__Lachnospiraceae;g__Roseburia;s__Roseburia_hominis	0.0034779794302	0.0205336411515	-0.0436441642861	0.0318731917797	-0.0106155326004	-0.0101121124647	-0.0236465469882	-0.0152373671904	0.0156136324434	-0.0415834291848	0.00599086733723	0.06523927454	-0.0598769487009	-0.0368178320493	0.0503487523106	-0.0309954844476	0.00903220564287	-0.0407774763376	0.0337219549537	-0.0178323358364	0.00137191992957	-0.0120679832669	-0.0498185783819	-0.0295181120407	0.00328486180525	0.0432975358013	-0.0649608162037	1.0	0.0313635188242	-0.0166939745417	0.00246022218108	-0.0342900301122	0.0401170427849	0.0268787052765	0.0143496057934	-0.0320001025908	-0.0326699414678	0.0345807897097	0.0106652173852	-0.0227650224841	-0.00366924481787	-0.0429000745411	0.00197474366201	-0.0404898470185	0.0291422676649	0.0417573595997	-0.0931239647799	0.0577415671106	-0.0710156775763	-0.0205862851227	0.0839646249148	0.0268164767945	-0.047619369057	-0.0186939164258	0.0227793134416	0.0752595567529	0.00335482407191	0.00396808579566	0.0211123620859
k__Bacteria;p__Bacteroidetes;c__Bacteroidia;o__Bacteroidales;f__Porphyromonadaceae;g__Parabacteroides;s__Parabacteroides_johnsonii	0.00703758482829	-0.0475404884771	0.00442344963344	-0.00901857858657	-0.0278963624285	-0.0483400552737	-0.0323334454256	-0.00892568109757	0.0252447260289	-0.0151705491181	0.0514686723389	0.00184115993954	-0.036964175923	-0.0209573238386	-0.0033981021451	-0.00184430976038	0.00597452155894	-0.0593757686684	-0.0763730207903	0.0318434828772	-0.0161270463818	-0.0424043636131	0.00392757918813	-0.0590373373417	0.0261319816226	0.0218724282881	-0.0247244054255	0.0313635188242	1.0	-0.0114915345398	0.0273461845299	0.0143324808701	0.0181406549555	0.00262288340273	-0.0601313816483	-0.0485444926035	-0.000854794608774	0.00451770570952	-0.0186368399102	0.0203504679831	-0.00390895719193	-0.0405066305976	-0.0137671791092	-0.0429938618482	-0.0107033479081	-0.0322486871645	-0.050701108514	-0.0142856168483	-0.0238605794083	-0.0284975273786	-0.0105447749065	0.0978749478562	-0.00479587485557	0.0394244942053	-0.00927326421218	-0.0322518925808	-0.0013200398004	0.00252523567266	0.0264052808969
k__Bacteria;p__Actinobacteria;c__Actinobacteria;o__Bifidobacteriales;f__Bifidobacteriaceae;g__Bifidobacterium;s__Bifidobacterium_longum	0.0174976215497	-0.00327006349622	-0.000715985067077	-0.0107186262455	-0.0591314798308	0.0201016095437	0.0253442071334	0.0675918857956	0.0180164276126	-0.0305910399864	-0.01330679329	-0.00970334914288	0.00171232435271	0.0121377581268	-0.0121968172494	0.0391301318116	-0.061535051427	-0.0109634772607	0.0528816957839	-0.0404515066531	0.0232105337476	-0.0174711744705	0.0215394343392	0.0314332913324	-0.0101930483304	-0.0952523896658	-0.0313495492324	-0.0166939745417	-0.0114915345398	1.0	-0.0100688943086	0.00106924074481	-0.0471893723826	-0.0105457102108	0.00201613252622	-0.0233734343291	-0.0563652938647	0.0102420082139	-0.0046213591323	-0.0508908504618	-0.030885743874	0.00954237074251	-0.0161110771683	-0.00490669927092	0.0244070302127	0.0680926067472	-0.0289274783317	-0.0058146580133	-0.0482765683079	-0.00337741673233	-0.0172793346372	0.0110251961592	-0.0297285940716	0.00667652109603	-0.0358757772297	0.0396925992909	-0.00923530005924	-0.0511812762007	-0.0282731672026
