#taxonomy	k__Bacteria;p__Bacteroidetes;c__Bacteroidia;o__Bacteroidales;f__Bacteroidaceae;g__Bacteroides;s__Bacteroides_vulgatus	k__Bacteria;p__Bacteroidetes;c__Bacteroidia;o__Bacteroidales;f__Bacteroidaceae;g__Bacteroides;s__Bacteroides_uniformis	k__Bacteria;p__Bacteroidetes;c__Bacteroidia;o__Bacteroidales;f__Rikenellaceae;g__Alistipes;s__Alistipes_putredinis	k__Bacteria;p__Bacteroidetes;c__Bacteroidia;o__Bacteroidales;f__Prevotellaceae;g__Prevotella;s__Prevotella_copri	k__Bacteria;p__Bacteroidetes;c__Bacteroidia;o__Bacteroidales;f__Bacteroidaceae;g__Bacteroides;s__Bacteroides_stercoris	k__Bacteria;p__Bacteroidetes;c__Bacteroidia;o__Bacteroidales;f__Bacteroidaceae;g__Bacteroides;s__Bacteroides_ovatus	k__Bacteria;p__Bacteroidetes;c__Bacteroidia;o__Bacteroidales;f__Rikenellaceae;g__Alistipes;s__Alistipes_shahii	k__Bacteria;p__Firmicutes;c__Clostridia;o__Clostridiales;f__Ruminococcaceae;g__Faecalibacterium;s__Faecalibacterium_prausnitzii	k__Bacteria;p__Bacteroidetes;c__Bacteroidia;o__Bacteroidales;f__Rikenellaceae;g__Alistipes;s__Alistipes_finegoldii	k__Bacteria;p__Bacteroidetes;c__Bacteroidia;o__Bacteroidales;f__Porphyromonadaceae;g__Parabacteroides;s__Parabacteroides_distasonis	k__Bacteria;p__Bacteroidetes;c__Bacteroidia;o__Bacteroidales;f__Bacteroidaceae;g__Bacteroides;s__Bacteroides_thetaiotaomicron	k__Bacteria;p__Bacteroidetes;c__Bacteroidia;o__Bacteroidales;f__Bacteroidaceae;g__Bacteroides;s__Bacteroides_coprocola	k__Bacteria;p__Bacteroidetes;c__Bacteroidia;o__Bacteroidales;f__Bacteroidaceae;g__Bacteroides;s__Bacteroides_cellulosilyticus	k__Bacteria;p__Bacteroidetes;c__Bacteroidia;o__Bacteroidales;f__Rikenellaceae;g__Alistipes;s__Alistipes_obesi	k__Bacteria;p__Firmicutes;c__Clostridia;o__Clostridiales;f__Lachnospiraceae;g__;s__[Eubacterium]_rectale	k__Bacteria;p__Bacteroidetes;c__Bacteroidia;o__Bacteroidales;f__Bacteroidaceae;g__Bacteroides;s__Bacteroides_plebeius	k__Bacteria;p__Bacteroidetes;c__Bacteroidia;o__Bacteroidales;f__Bacteroidaceae;g__Bacteroides;s__Bacteroides_fragilis	k__Bacteria;p__Proteobacteria;c__Betaproteobacteria;o__Burkholderiales;f__Sutterellaceae;g__Sutterella;s__Sutterella_wadsworthensis	k__Bacteria;p__Bacteroidetes;c__Bacteroidia;o__Bacteroidales;f__Porphyromonadaceae;g__Barnesiella;s__Barnesiella_intestinihominis	k__Bacteria;p__Bacteroidetes;c__Bacteroidia;o__Bacteroidales;f__Odoribacteraceae;g__Odoribacter;s__Odoribacter_splanchnicus	k__Bacteria;p__Bacteroidetes;c__Bacteroidia;o__Bacteroidales;f__Bacteroidaceae;g__Bacteroides;s__Bacteroides_salyersiae	k__Bacteria;p__Firmicutes;c__Clostridia;o__Clostridiales;f__Ruminococcaceae;g__Ruminiclostridium;s__[Eubacterium]_siraeum	k__Bacteria;p__Proteobacteria;c__Betaproteobacteria;o__Burkholderiales;f__Sutterellaceae;g__Parasutterella;s__Parasutterella_excrementihominis	k__Bacteria;p__Actinobacteria;c__Actinobacteria;o__Bifidobacteriales;f__Bifidobacteriaceae;g__Bifidobacterium;s__Bifidobacterium_adolescentis	k__Bacteria;p__Firmicutes;c__Clostridia;o__Clostridiales;f__Oscillospiraceae;g__Oscillibacter;s__Oscillibacter_sp._KLE_1745	k__Bacteria;p__Bacteroidetes;c__Bacteroidia;o__Bacteroidales;f__Bacteroidaceae;g__Bacteroides;s__Bacteroides_coprophilus	k__Bacteria;p__Firmicutes;c__Clostridia;o__Clostridiales;f__Lachnospiraceae;g__Roseburia;s__Roseburia_intestinalis	k__Bacteria;p__Firmicutes;c__Clostridia;o__Clostridiales;f__Lachnospiraceae;g__Roseburia;s__Roseburia_hominis	k__Bacteria;p__Bacteroidetes;c__Bacteroidia;o__Bacteroidales;f__Porphyromonadaceae;g__Parabacteroides;s__Parabacteroides_johnsonii	k__Bacteria;p__Actinobacteria;c__Actinobacteria;o__Bifidobacteriales;f__Bifidobacteriaceae;g__Bifidobacterium;s__Bifidobacterium_longum	k__Bacteria;p__Firmicutes;c__Clostridia;o__Clostridiales;f__;g__Flavonifractor;s__Flavonifractor_plautii	k__Bacteria;p__Firmicutes;c__Clostridia;o__Clostridiales;f__Clostridiaceae;g__Clostridium;s__Clostridium_phoceensis	k__Bacteria;p__Verrucomicrobia;c__Verrucomicrobiae;o__Verrucomicrobiales;f__Akkermansiaceae;g__Akkermansia;s__Akkermansia_muciniphila	k__Bacteria;p__Bacteroidetes;c__Bacteroidia;o__Bacteroidales;f__Prevotellaceae;g__Paraprevotella;s__Paraprevotella_xylaniphila	k__Bacteria;p__Firmicutes;c__Clostridia;o__Clostridiales;f__Ruminococcaceae;g__Ruminococcus;s__Ruminococcus_callidus	k__Bacteria;p__Bacteroidetes;c__Bacteroidia;o__Bacteroidales;f__Rikenellaceae;g__Alistipes;s__Alistipes_senegalensis	k__Bacteria;p__Firmicutes;c__Clostridia;o__Clostridiales;f__Lachnospiraceae;g__Blautia;s__Blautia_sp._KLE_1732	k__Bacteria;p__Bacteroidetes;c__Bacteroidia;o__Bacteroidales;f__Bacteroidaceae;g__Bacteroides;s__Bacteroides_oleiciplenus	k__Bacteria;p__Firmicutes;c__Clostridia;o__Clostridiales;f__Ruminococcaceae;g__Ruminococcus;s__Ruminococcus_bicirculans	k__Bacteria;p__Bacteroidetes;c__Bacteroidia;o__Bacteroidales;f__Bacteroidaceae;g__Bacteroides;s__Bacteroides_fluxus	k__Bacteria;p__Bacteroidetes;c__Bacteroidia;o__Bacteroidales;f__Prevotellaceae;g__Prevotella;s__Prevotella_stercorea	k__Bacteria;p__Firmicutes;c__Clostridia;o__Clostridiales;f__Lachnospiraceae;g__Dorea;s__Dorea_longicatena	k__Bacteria;p__Firmicutes;c__Clostridia;o__Clostridiales;f__Eubacteriaceae;g__Eubacterium;s__[Eubacterium]_eligens	k__Bacteria;p__Firmicutes;c__Clostridia;o__Clostridiales;f__Ruminococcaceae;g__;s__Ruminococcaceae_bacterium_D16	k__Bacteria;p__Firmicutes;c__Clostridia;o__Clostridiales;f__Lachnospiraceae;g__Coprococcus;s__Coprococcus_comes	k__Bacteria;p__Proteobacteria;c__Gammaproteobacteria;o__Enterobacterales;f__Enterobacteriaceae;g__Escherichia;s__Escherichia_coli	k__Bacteria;p__Firmicutes;c__Clostridia;o__Clostridiales;f__Ruminococcaceae;g__Anaerotruncus;s__Anaerotruncus_colihominis	k__Bacteria;p__Firmicutes;c__Clostridia;o__Clostridiales;f__Lachnospiraceae;g__Blautia;s__Blautia_obeum	k__Bacteria;p__Bacteroidetes;c__Bacteroidia;o__Bacteroidales;f__Odoribacteraceae;g__Odoribacter;s__Odoribacter_laneus	k__Bacteria;p__Firmicutes;c__Clostridia;o__Clostridiales;f__Ruminococcaceae;g__Ruminiclostridium;s__[Clostridium]_leptum	k__Bacteria;p__Bacteroidetes;c__Bacteroidia;o__Bacteroidales;f__Porphyromonadaceae;g__Parabacteroides;s__Parabacteroides_goldsteinii	k__Bacteria;p__Firmicutes;c__Clostridia;o__Clostridiales;f__Lachnospiraceae;g__Anaerostipes;s__Anaerostipes_hadrus	k__Bacteria;p__Firmicutes;c__Clostridia;o__Clostridiales;f__Ruminococcaceae;g__Ruminococcus;s__Ruminococcus_lactaris	k__Bacteria;p__Firmicutes;c__Clostridia;o__Clostridiales;f__Clostridiaceae;g__Clostridium;s__Clostridium_sp._L2-50	k__Bacteria;p__Firmicutes;c__Clostridia;o__Clostridiales;f__Clostridiaceae;g__Clostridium;s__Clostridium_sp._M62/1	k__Bacteria;p__Firmicutes;c__Clostridia;o__Clostridiales;f__;g__Intestinimonas;s__Intestinimonas_butyriciproducens	k__Bacteria;p__Actinobacteria;c__Actinobacteria;o__Bifidobacteriales;f__Bifidobacteriaceae;g__Bifidobacterium;s__Bifidobacterium_bifidum	k__Bacteria;p__Firmicutes;c__Negativicutes;o__Veillonellales;f__Veillonellaceae;g__Dialister;s__Dialister_invisus	k__Bacteria;p__Bacteroidetes;c__Bacteroidia;o__Bacteroidales;f__Bacteroidaceae;g__Bacteroides;s__Bacteroides_salanitronis
k__Bacteria;p__Bacteroidetes;c__Bacteroidia;o__Bacteroidales;f__Bacteroidaceae;g__Bacteroides;s__Bacteroides_vulgatus	1.0	-0.0582240186554	0.0254007630788	0.05172203712	0.0222810254146	-0.0294133087213	-0.0710133461909	0.00743322683693	-0.0440790091944	-0.0417773505708	-0.0238970667877	-0.00875595742509	0.0109928426723	0.0369973478104	0.0437941822061	-0.0167288820418	-0.0468462827422	0.0493187578317	0.0512244628094	-0.00306780826218	0.0303354806161	0.0599382865011	0.0418724074833	0.0409118768852	0.039540909119	-0.0210765621431	-0.0362190050559	-0.053759392571	0.0279411377963	-0.0501127751953	0.0209859989909	-0.0194883994694	-0.0450110522881	-0.0788373119873	0.0304267292937	0.0249766690312	-0.0896663240281	0.0187269971441	0.00158640847833	0.024352726089	-0.0213743401094	-0.00910913252877	0.0409473970778	-0.0197866834442	0.00312896480011	-0.0160869920922	-0.0118680712278	-0.00427788275176	0.0306406114592	-0.0881668365162	0.00537533459128	-0.105612293755	-0.0115946772368	-0.0102983638447	-0.0387117998379	-0.0521170855113	0.0397656447185	0.0801277848748	-0.0308933512435
k__Bacteria;p__Bacteroidetes;c__Bacteroidia;o__Bacteroidales;f__Bacteroidaceae;g__Bacteroides;s__Bacteroides_uniformis	-0.0582240186554	1.0	0.0277216810661	0.0518782545861	-0.0390822706051	-0.0100797460093	-0.0493886136023	-0.0502579865351	-0.058335378889	-0.0448227994358	0.00281243967112	0.0244407249472	0.0123568622195	-0.0561418297518	-0.0316236699001	-0.0513441761072	-0.030178778921	-0.00801323070938	-0.0272919385891	0.0395982070561	-0.00954000702931	-0.0329976532742	-0.0320659879971	-0.0676811777836	0.00141095903335	-0.0595462929609	-0.0425557848309	-0.0132505562108	-0.00393662585551	-0.0552348484436	-0.0400801886676	0.025338353268	0.00576342072344	-0.00310153814115	0.047249500943	-0.000983076063981	0.00235374159014	-0.0563939872513	0.0353090454852	0.0683129162576	-0.00406162538675	0.0144811190149	-0.0402099527996	0.0112550177788	0.0239987245361	-0.015450155691	0.0330612133355	0.0589886746702	0.0286876349269	-0.0320136903496	0.0303025731889	-0.0311740593013	-0.056581535088	-0.0175037983578	-0.00644511572032	-0.0165709458061	-0.0248668725979	0.0229444674098	-0.0254309468847
k__Bacteria;p__Bacteroidetes;c__Bacteroidia;o__Bacteroidales;f__Rikenellaceae;g__Alistipes;s__Alistipes_putredinis	0.0254007630788	0.0277216810661	1.0	-0.0777455115185	0.00490180253634	0.0635869121799	-0.0212517115196	0.0217967382037	-0.0686060207657	0.00659395421157	-0.0865417308058	-0.00835766787246	0.042219444043	-0.0155783898126	0.0117830404482	-0.0226258408813	-0.0133931609206	-0.00994354691307	-0.0676443152483	-0.0272275537993	-0.0178129371287	-0.0448394336346	0.0436888452334	-0.00136759093711	0.00381659470843	-0.0626446789069	-0.00598635704424	-0.00110436941355	-0.0452329915694	0.0057250799933	-0.025273789634	0.0190429806097	-0.0206152838371	-0.0139331224606	-0.0610179295399	-0.0517067209564	-0.00633962798313	-0.00320121021416	0.0154708565428	0.0175035639927	-0.0113804168115	0.0531730055517	-0.0347851120153	-0.0268103715334	0.0109785880293	0.0407534501101	-0.0422787369911	-0.0503350751318	-0.0669382189928	-0.0251087850776	0.0115497998726	0.0112882581383	-0.0550937174881	-0.0117322356153	0.0491641079424	0.0703504430703	-0.0191425361843	0.0185988509496	-0.0156859879552
k__Bacteria;p__Bacteroidetes;c__Bacteroidia;o__Bacteroidales;f__Prevotellaceae;g__Prevotella;s__Prevotella_copri	0.05172203712	0.0518782545861	-0.0777455115185	1.0	-0.0531022066279	-0.0814350924862	0.0657354081944	0.019732049816	0.0727159190524	-0.060756633746	-0.0234363115629	-0.0249169917308	0.0212382687064	-0.000299460598831	-0.070242295533	0.00541810225234	-0.0177636556094	-0.00420358788851	-0.0562351468438	-0.0247021717987	0.00588775169441	-0.04031003447	0.00086438605196	-0.0412360263307	-0.0210386019259	-0.0225401276934	0.0134710933945	-0.0335109523548	-0.0160048294314	0.0918084289795	-0.0122220264964	-0.031794911783	-0.0349603629971	-0.0547920030837	-0.0230253163994	-0.0248514967712	-0.000147501202359	0.00111967368199	-0.0854909839057	-0.0238554647785	-0.0448118355475	0.0706094157164	-0.0158774129176	0.0837400507394	0.0479634045389	-0.0551670077234	-0.0177372939856	0.0398687909866	-0.0782207542171	-0.000814249908554	-0.008920376775	0.00147394106799	0.0435384423013	-0.0159504293226	-0.034030791597	-0.00645544024642	-0.0452543559248	-0.00851225233542	-0.0321590120993
k__Bacteria;p__Bacteroidetes;c__Bacteroidia;o__Bacteroidales;f__Bacteroidaceae;g__Bacteroides;s__Bacteroides_stercoris	0.0222810254146	-0.0390822706051	0.00490180253634	-0.0531022066279	1.0	-0.0601708282006	-0.0494177815049	-0.0127380899697	0.0268076953476	0.016757574043	0.0322498697896	0.0673015704768	0.0108140597751	-0.0490348335445	0.00774564137521	-0.0356586919858	-0.0171231674888	-0.0597700950349	0.031800901953	-0.0083392184761	0.0256142051801	-0.0140929883539	-0.0489051775774	-0.0184053616902	0.00303485212437	0.0121395868526	-0.0254084191043	0.0222879404991	-0.00375109899938	-0.0413316677654	0.0245928142643	-0.0246606513012	-0.0610590482646	0.0356724501782	-0.0169322621693	0.0306244375343	0.0304018615161	-0.0865857144144	-0.0343442347852	0.00825419888502	0.0477501160264	0.0416628925528	-0.00581839161141	-0.000622857876819	0.0291187083544	-0.00983815517142	0.00828535969865	-0.00649057937186	-0.00384366372225	0.0297115275728	0.0366143923966	-0.0177238749482	-0.0137904568758	0.00386270162535	0.0149929214803	-0.0243752858756	0.0105753282136	0.0234799498802	0.0128909962211
k__Bacteria;p__Bacteroidetes;c__Bacteroidia;o__Bacteroidales;f__Bacteroidaceae;g__Bacteroides;s__Bacteroides_ovatus	-0.0294133087213	-0.0100797460093	0.0635869121799	-0.0814350924862	-0.0601708282006	1.0	0.0662014164632	-0.0430973187521	-0.0178129320938	-0.0480656455078	0.0287174581512	0.0355269305582	0.0197228196664	0.00721004324087	0.0566562219974	-0.0181704448247	-0.0137080243046	-0.0278207042562	-0.0347478278036	-0.03453560452	-0.0258689412683	-0.0676094117353	0.0590347627244	-0.0676323752701	-0.0624500966256	0.0169881881938	-0.0400516978219	0.024996125943	0.0158550493433	-0.0151778035812	-0.0657090069698	0.00804108596329	-0.0366445378701	0.0539077666705	-0.00348807997135	0.0517676657458	-0.0316205164159	0.0771167246929	-0.00473028906969	-0.0514362029348	-0.000411698816483	-0.0537280192024	0.0361275003162	-0.0351979175898	-0.0621025904742	-0.0358953276157	0.00993296674755	0.0441990861245	0.0134440346674	0.00736301277137	-0.023935028128	-0.0443777676713	0.0343022478085	-0.0519871481887	-0.000316764876738	0.0451709246952	-0.0252325685568	-0.0356615245302	-0.0157402477541
k__Bacteria;p__Bacteroidetes;c__Bacteroidia;o__Bacteroidales;f__Rikenellaceae;g__Alistipes;s__Alistipes_shahii	-0.0710133461909	-0.0493886136023	-0.0212517115196	0.0657354081944	-0.0494177815049	0.0662014164632	1.0	-0.0239037171945	-0.0362832777765	-0.0405777456467	-0.0144495609896	-0.0179375305264	0.0159300453365	-0.0188895228257	-0.0369637129697	0.0110898238281	0.00687300551644	-0.0482617731064	0.0225791107475	-0.0114901282786	0.00793015974309	-0.0590757039797	-0.00390176167708	-0.0222947196011	0.0216579619891	-0.0446258429447	0.0669354984671	0.00463963981558	0.00610997290383	0.0293124723001	-0.0337749238909	-0.0126736183321	-0.0678219504774	-0.0211369159829	-0.040084139592	0.0167374473622	-0.0516657588937	0.00158793803429	0.0120271750945	0.001885571523	-0.0125696014699	0.00833995904442	-0.0163830876108	-0.038774888632	0.0253469371653	-0.00439729526455	-0.0465237627722	-0.0460703861352	-0.0298377838024	0.0604274854651	-0.0209537062834	0.0588048977238	0.0654925201065	-0.028478571964	-0.0536169029833	-0.00224391398558	-0.0103052540049	-0.0153965967977	0.0152411607132
k__Bacteria;p__Firmicutes;c__Clostridia;o__Clostridiales;f__Ruminococcaceae;g__Faecalibacterium;s__Faecalibacterium_prausnitzii	0.00743322683693	-0.0502579865351	0.0217967382037	0.019732049816	-0.0127380899697	-0.0430973187521	-0.0239037171945	1.0	-0.0520743425454	0.0342019014923	-0.00542864624287	-0.0150479048969	0.000857009531988	0.0586021500437	-0.0414831915368	-0.0174422121782	0.00266182103351	0.0268521854928	0.0214478321085	0.00236662764794	-0.0181143133213	0.0207481737023	0.0175887398864	0.0194741731339	0.00125106597599	-0.0258257145819	0.0146067843652	-0.0672835792789	0.0615282890284	-0.0311348341853	-0.0383450753564	-0.048145783013	0.0082753362671	-0.0163823361318	-0.0184336356693	-0.0282855572024	-0.0688177739184	-0.0314832455987	0.0186178355628	-0.019563739398	-0.0278464474864	-0.0451121815822	-0.0702954487707	-0.00230819349727	0.0636301659946	0.000853936727127	0.0575943675401	-0.0446769914439	-0.0476959219313	-0.0137205249514	-0.0479027282474	-0.00869865945639	-4.27933915593e-05	0.0327106772674	-0.00279113807612	0.0157956067515	-0.00267985765958	-0.0779602516462	-0.00610689719662
k__Bacteria;p__Bacteroidetes;c__Bacteroidia;o__Bacteroidales;f__Rikenellaceae;g__Alistipes;s__Alistipes_finegoldii	-0.0440790091944	-0.058335378889	-0.0686060207657	0.0727159190524	0.0268076953476	-0.0178129320938	-0.0362832777765	-0.0520743425454	1.0	-0.0136679117379	0.0518842389288	0.0262818303406	0.0233136784541	-0.0262760839598	-0.0140018275688	-0.028094407515	0.0183498625998	-0.0440585827531	0.056924264776	0.0138968850836	0.0206432933767	-0.0687633964955	-0.0359846039516	-0.0456512074041	-0.000420014442768	-0.049719790441	-0.0267407576448	-0.0234362034755	-0.00106360733127	-0.0212200144373	-0.000739395374804	-0.0928438672021	-0.0297920621753	-0.0140516411619	-0.025184893152	0.0531725391665	0.0706435916517	-0.0318592431658	-0.0077798499596	0.0199112404446	-0.0535913890256	0.0766496242403	-0.0543892168904	0.0419525865092	-0.0300049633245	0.0493374653642	-0.0334761798457	-0.0407568818889	-0.0536391881598	-0.00931122405901	0.00663910786751	0.00670113046721	0.000495747447222	-0.00742085054195	-0.0808054497333	0.0145641173708	-0.00213402078056	-0.0716102115544	-0.0306364360221
k__Bacteria;p__Bacteroidetes;c__Bacteroidia;o__Bacteroidales;f__Porphyromonadaceae;g__Parabacteroides;s__Parabacteroides_distasonis	-0.0417773505708	-0.0448227994358	0.00659395421157	-0.060756633746	0.016757574043	-0.0480656455078	-0.0405777456467	0.0342019014923	-0.0136679117379	1.0	-0.0467721067939	-0.0158028808286	-0.0704317101626	0.0499662385731	0.0142897080365	-0.00205285277974	0.0345701778229	0.052210421442	0.0131413120102	-0.0187192138194	-0.0536141106994	0.0281690175623	0.0109185199816	0.0264686376328	-0.0296831160275	-0.0172615682976	0.0771657362904	-0.0566193482018	-0.0533893763369	0.0140550199948	0.0334329934476	-0.0208806213052	-0.00564513749756	-0.0157477191756	0.0271191141548	0.00847717688304	-0.0242561857836	-0.00961470643114	-0.125919381219	0.0311959516396	0.0433732280365	-0.0058044011992	0.0266607420456	-0.0415806994321	-0.0668966652251	0.0219431374324	0.0203117516597	-0.0459932304948	0.0565062310696	0.0311229171797	0.0309313974953	0.0108903726012	-0.0277463078906	-0.0326287610096	0.0366875891845	-0.0418751061894	-0.00824073781185	0.0547232899516	-0.0310382744333
k__Bacteria;p__Bacteroidetes;c__Bacteroidia;o__Bacteroidales;f__Bacteroidaceae;g__Bacteroides;s__Bacteroides_thetaiotaomicron	-0.0238970667877	0.00281243967112	-0.0865417308058	-0.0234363115629	0.0322498697896	0.0287174581512	-0.0144495609896	-0.00542864624287	0.0518842389288	-0.0467721067939	1.0	0.0056125275061	-0.0381469823424	0.0148248582496	-0.0480347443579	0.0416570953957	-0.00952327238659	-0.0692859560552	-0.0197151882974	0.0352649327717	0.00896565765171	0.0139643379409	-0.0385127087942	0.039750747653	0.00254721405973	-0.08823491092	-0.00217347625758	0.0169844109658	-0.0688340783382	-0.00790925364319	0.00935199588101	-0.0503422665863	0.0238944679685	0.0234975625597	-0.049215193579	-0.0428164260667	-0.00553462199687	-0.0319210382106	0.0744785579242	-0.0482834946723	0.0162683432347	-0.0658289410043	0.0308618780936	0.00348833677688	-0.0273388910139	-0.00197942193061	-0.0140294982711	0.0298628694839	-0.044841321466	-0.045680460838	-0.00206349293616	-0.00482449395545	-0.042534944707	-0.00772854039414	0.00709877450825	-0.0146331735281	-0.0118110655491	0.017107900807	0.057648861867
k__Bacteria;p__Bacteroidetes;c__Bacteroidia;o__Bacteroidales;f__Bacteroidaceae;g__Bacteroides;s__Bacteroides_coprocola	-0.00875595742509	0.0244407249472	-0.00835766787246	-0.0249169917308	0.0673015704768	0.0355269305582	-0.0179375305264	-0.0150479048969	0.0262818303406	-0.0158028808286	0.0056125275061	1.0	-0.013291984234	-0.0436479724464	-0.0243268808956	-0.0412887469354	0.00802778388294	-0.0501809812069	0.0106738193958	-0.0251564319114	-0.0349217236643	0.0409444568678	0.0423759985698	-0.0251630881082	0.00884796152537	0.0118453038769	-0.00705469649708	-0.0219028952664	-0.0783119005461	-0.0324039544382	-0.0171489295327	0.0320532862105	0.0300878734931	-0.0304609492575	0.00663479614087	0.000554514617379	0.0151154296874	-0.0166272550191	0.0179945995729	-0.0553623388082	0.007271401275	0.0332808409197	0.00797598037604	-0.0426122141945	-0.0388018555424	0.0089898648636	0.0429599706157	0.00678335993675	-0.0435689015241	-0.0107150154837	0.0369101099628	0.0444361836074	0.0845428302372	-0.00437395073948	-0.0650778117677	0.000229286560023	-0.045996925852	0.0580161769128	-0.0213753008887
k__Bacteria;p__Bacteroidetes;c__Bacteroidia;o__Bacteroidales;f__Bacteroidaceae;g__Bacteroides;s__Bacteroides_cellulosilyticus	0.0109928426723	0.0123568622195	0.042219444043	0.0212382687064	0.0108140597751	0.0197228196664	0.0159300453365	0.000857009531988	0.0233136784541	-0.0704317101626	-0.0381469823424	-0.013291984234	1.0	-0.0164600974146	0.0332466115253	0.0182730228352	0.00718194103781	0.0214558261739	-0.0185281445067	-0.0413670523405	0.00406454110547	0.00477436933016	-0.0654764944662	-0.0213518251607	0.0372433780964	0.00119887670384	-0.0452347133204	0.00886914752068	0.0253606430408	-0.0863509444711	-0.0239459319512	-0.033304309127	-0.0263929305978	0.0115301462013	0.00324966491531	-0.0131209336228	0.0152226826454	0.001801976283	0.0429635772651	-0.053564896907	-0.00195130261047	0.00915504043482	-0.0948046008722	0.00330313308775	-0.0153100164656	-0.014611815241	0.0323358451344	0.00460178816876	0.0315648163398	-0.0268878050565	0.00601396664686	-0.00211923365651	-0.0528093573171	0.0628134487447	-0.0098742239598	-0.0746644312493	-0.00046374599381	-0.0151579880255	-0.0564937868484
k__Bacteria;p__Bacteroidetes;c__Bacteroidia;o__Bacteroidales;f__Rikenellaceae;g__Alistipes;s__Alistipes_obesi	0.0369973478104	-0.0561418297518	-0.0155783898126	-0.000299460598831	-0.0490348335445	0.00721004324087	-0.0188895228257	0.0586021500437	-0.0262760839598	0.0499662385731	0.0148248582496	-0.0436479724464	-0.0164600974146	1.0	-0.0451562058656	0.0249041479575	0.0556339797632	-0.0362410420884	-0.0205797425228	0.0522889547991	0.0431674205862	-0.0204678222408	-0.0519643997155	-0.00181174654534	0.0959503083301	-0.0262664272735	-0.00311005986176	-0.0534259699841	-0.0428211341949	-0.00387344131086	0.00757180858543	-0.0214644063562	-0.0769559812738	-0.032551137483	0.0174095100125	0.00545987143437	-0.0244367446313	0.0413583439416	-0.0146879197727	0.0308680241606	-0.0286056905467	-0.006567515939	-0.0489056741995	-0.0306266487586	0.0127828799682	-0.00961810760162	-0.0463976192642	-0.0240046767977	-0.0187072813029	0.0262226414789	-0.0241820168912	-0.0273902582539	-0.00259136973953	-0.0126177263127	0.0834753504656	-0.0172084840779	-0.0215015867381	0.00294056314105	0.0441087833172
k__Bacteria;p__Firmicutes;c__Clostridia;o__Clostridiales;f__Lachnospiraceae;g__;s__[Eubacterium]_rectale	0.0437941822061	-0.0316236699001	0.0117830404482	-0.070242295533	0.00774564137521	0.0566562219974	-0.0369637129697	-0.0414831915368	-0.0140018275688	0.0142897080365	-0.0480347443579	-0.0243268808956	0.0332466115253	-0.0451562058656	1.0	-0.015544669393	-0.0426274862464	0.0104380563723	-0.010173392356	0.0393247598511	-0.0398033621951	-0.0253934476146	-0.00173696745204	-0.0689765703205	-0.0260135587443	-0.0188451718727	-0.0161995362943	0.00907595761544	-0.00802017244609	-0.0762519408259	-0.0109781762858	0.0237949436662	0.0402178289027	0.0715141817935	0.050566522929	-0.00174383721196	-0.0622937082996	0.0487167566882	-0.0378293039389	0.0133929766481	-0.0063382493557	0.00630827070442	0.0119849232565	-0.0324386884914	-0.00891516449201	-0.00271773482377	0.0180959524492	-0.0163734497763	-0.0262153954485	-0.0276876115414	-0.0117184592763	-0.0169645609457	-0.0271009498511	0.0638015395546	0.0301185864738	-0.0298392711804	-0.0713788309886	0.0559734716439	-0.0201519950296
k__Bacteria;p__Bacteroidetes;c__Bacteroidia;o__Bacteroidales;f__Bacteroidaceae;g__Bacteroides;s__Bacteroides_plebeius	-0.0167288820418	-0.0513441761072	-0.0226258408813	0.00541810225234	-0.0356586919858	-0.0181704448247	0.0110898238281	-0.0174422121782	-0.028094407515	-0.00205285277974	0.0416570953957	-0.0412887469354	0.0182730228352	0.0249041479575	-0.015544669393	1.0	-0.0493853327999	0.018368015757	-0.0431507087602	0.0405521287554	-0.0183876105437	0.0236511674659	-0.0284362346695	0.00530321950709	0.00850685327388	0.0143272902773	-0.026156522098	0.00617290059658	0.022365154578	-0.0191651309209	-0.0544159966588	0.000704855662724	-0.0694084247647	0.0310306967032	-0.009619084732	-0.0210262112376	0.000941439233276	-0.0258243875641	-0.0645185153664	0.0231966198992	-0.10568185862	0.0123833916741	-0.0325713910726	-0.00393649504091	0.0179952906247	0.0230299051294	0.0267190308113	-0.0208743315478	0.0617458369013	0.0654782649717	-0.00802199071243	-0.0442857739248	0.0222644633631	-0.0094981027141	-0.0187086459216	-0.0439422455672	0.0340517376679	-0.0294498403265	-0.0527773265775
k__Bacteria;p__Bacteroidetes;c__Bacteroidia;o__Bacteroidales;f__Bacteroidaceae;g__Bacteroides;s__Bacteroides_fragilis	-0.0468462827422	-0.030178778921	-0.0133931609206	-0.0177636556094	-0.0171231674888	-0.0137080243046	0.00687300551644	0.00266182103351	0.0183498625998	0.0345701778229	-0.00952327238659	0.00802778388294	0.00718194103781	0.0556339797632	-0.0426274862464	-0.0493853327999	1.0	-0.0537542769463	-0.0540614446232	-0.0406170160938	0.0651507959336	-0.0410830201573	0.0378042518464	-0.000307098416694	0.00227097497085	0.0429587662561	0.0367290668331	-0.0267324096464	0.0676337160788	-0.0596363142005	0.0324338152312	-0.00898118303163	0.0042252057137	-0.0393216551447	-0.0250371536741	-0.0198772632156	-0.041933423329	-0.0776530941645	0.0260704322839	-0.0354513541343	0.0364563303685	0.0388306432752	0.035594025462	-0.0415286912649	0.00330362793126	0.00458767543765	0.000643771168122	-0.0380937050119	0.0178729119554	-0.0536623325779	-0.00225986595335	-0.0141978710565	0.029829115005	-0.0248145077597	0.0953195581106	0.041535479996	0.00297807411205	-0.0295288867557	-0.0922757875579
k__Bacteria;p__Proteobacteria;c__Betaproteobacteria;o__Burkholderiales;f__Sutterellaceae;g__Sutterella;s__Sutterella_wadsworthensis	0.0493187578317	-0.00801323070938	-0.00994354691307	-0.00420358788851	-0.0597700950349	-0.0278207042562	-0.0482617731064	0.0268521854928	-0.0440585827531	0.052210421442	-0.0692859560552	-0.0501809812069	0.0214558261739	-0.0362410420884	0.0104380563723	0.018368015757	-0.0537542769463	1.0	0.00322506129013	-0.031979959554	0.0263250720592	0.0400924384986	0.0321420766504	0.0256211871716	-0.0257645687167	0.0272395259319	0.00517458297405	0.00592129800744	0.034122766018	-0.0185077955944	0.0603061864183	0.00846591568647	0.0110707214566	-0.041149181158	0.0370497327835	-0.0382440316022	-0.0350408780749	-0.00698999670904	-0.0488112702305	-0.0433950912459	-0.027114024514	-0.0389340012706	-0.0125272801685	0.0474553540389	-0.000447893295819	-0.00473569611149	-0.00620113799498	-0.0428435824712	-0.0516528955871	-0.0194719200848	-0.0478624793283	-0.00529496987066	-0.0105157372003	-0.0415742144577	-0.0191567446791	-0.00445529763929	-0.0478266078807	-0.0527491728046	0.0193867211015
k__Bacteria;p__Bacteroidetes;c__Bacteroidia;o__Bacteroidales;f__Porphyromonadaceae;g__Barnesiella;s__Barnesiella_intestinihominis	0.0512244628094	-0.0272919385891	-0.0676443152483	-0.0562351468438	0.031800901953	-0.0347478278036	0.0225791107475	0.0214478321085	0.056924264776	0.0131413120102	-0.0197151882974	0.0106738193958	-0.0185281445067	-0.0205797425228	-0.010173392356	-0.0431507087602	-0.0540614446232	0.00322506129013	1.0	-0.0184521259528	-0.0393515167449	0.0685075255233	0.0476123859945	0.00153635475089	-0.0576709538643	0.0363284476551	-0.0210191713704	-0.0194867569915	-0.0221526942655	-0.00641618402396	0.00332259215486	0.0198887242775	-0.0303678982827	-0.0219402451914	-0.030625944819	0.00797726418889	0.0453734909842	-0.00465609913417	0.0494039975046	-0.0521306477073	-0.00727538554263	-0.0685591502664	-0.0280076858126	0.0348144644033	-0.0288919888508	-0.0395683958921	0.0404946262938	0.0308878392189	0.0589317155771	0.0163935429339	0.0215881600312	0.0524960616761	-0.00283356674857	0.00113144469685	-0.016075191298	-0.0573728513091	-0.0276853778385	0.00733526663299	-0.0363353498812
k__Bacteria;p__Bacteroidetes;c__Bacteroidia;o__Bacteroidales;f__Odoribacteraceae;g__Odoribacter;s__Odoribacter_splanchnicus	-0.00306780826218	0.0395982070561	-0.0272275537993	-0.0247021717987	-0.0083392184761	-0.03453560452	-0.0114901282786	0.00236662764794	0.0138968850836	-0.0187192138194	0.0352649327717	-0.0251564319114	-0.0413670523405	0.0522889547991	0.0393247598511	0.0405521287554	-0.0406170160938	-0.031979959554	-0.0184521259528	1.0	0.10903818944	-0.0487887654037	-0.00221619395477	-0.0159051763316	-0.0258743315526	0.0298542588252	-0.0204633302756	-0.001907322377	-0.025522277545	0.00215909831709	-0.0248597941321	-0.0641145513727	-0.0053739664523	-0.0413699206565	-0.0692425848991	-0.00164906314043	0.0029320698697	0.0715595691151	-0.0228609643367	-0.0229494970602	-0.0203090812309	-0.0383403512919	0.0184198900996	0.0403318005548	-0.0388090753041	-0.0624138130346	-0.0604575226474	0.0529285051971	0.00557959697849	-0.0211619051474	0.0123202394975	-0.0328440381921	-0.0640486758158	0.0568626999924	-0.0275768535457	0.0257700416481	-0.0643478120782	0.0247499425653	0.088258586215
k__Bacteria;p__Bacteroidetes;c__Bacteroidia;o__Bacteroidales;f__Bacteroidaceae;g__Bacteroides;s__Bacteroides_salyersiae	0.0303354806161	-0.00954000702931	-0.0178129371287	0.00588775169441	0.0256142051801	-0.0258689412683	0.00793015974309	-0.0181143133213	0.0206432933767	-0.0536141106994	0.00896565765171	-0.0349217236643	0.00406454110547	0.0431674205862	-0.0398033621951	-0.0183876105437	0.0651507959336	0.0263250720592	-0.0393515167449	0.10903818944	1.0	0.0114418834197	-0.0275672719217	0.0442513665592	-0.0299197525343	-0.0373971947141	-0.0531084283851	-0.0193953532888	-0.00768110157101	-0.0353500446696	0.0384460719196	-0.0252441617163	-0.011480573935	-0.00665907248541	0.00191643018934	0.00830187949788	0.00675548281275	-0.00276224016779	0.0390568319668	-0.000337392184125	-0.0319982238907	0.014825759459	0.0200381699755	-0.0131668018726	0.00268689624846	-0.00475161980784	-0.00340960240848	-0.0264758460478	0.015202389235	-0.00179199913346	0.0856925787378	-0.0381222410113	-0.0259849096233	0.00305047854951	0.0364448835878	-0.0537841792838	-0.0380280057896	-0.0925746577644	-0.0301689966583
k__Bacteria;p__Firmicutes;c__Clostridia;o__Clostridiales;f__Ruminococcaceae;g__Ruminiclostridium;s__[Eubacterium]_siraeum	0.0599382865011	-0.0329976532742	-0.0448394336346	-0.04031003447	-0.0140929883539	-0.0676094117353	-0.0590757039797	0.0207481737023	-0.0687633964955	0.0281690175623	0.0139643379409	0.0409444568678	0.00477436933016	-0.0204678222408	-0.0253934476146	0.0236511674659	-0.0410830201573	0.0400924384986	0.0685075255233	-0.0487887654037	0.0114418834197	1.0	0.026234337441	-0.0130128448521	0.0240752890359	-0.0279261413988	0.0780931683531	-0.0111156329124	-0.00175557338452	-0.00134493846761	0.0680937945157	0.0527592844063	-0.0174178343015	-0.0323796543358	-0.000371555920386	-0.0218399485106	0.0851949051724	-0.00221113342377	-0.0436849570326	-0.0119776200164	0.00974518644974	-0.0729043887395	-0.0556854899728	0.0289841457533	-0.00270982032493	-0.0015376224048	-0.00758383573612	-0.0323089032099	0.0109623336227	-0.0459116797988	-0.0667492705076	0.00654372735048	-0.0447650141894	-0.0394025932886	0.0187026181368	-0.0202326253253	-0.00450482398357	0.00743709049988	0.0217941667071
k__Bacteria;p__Proteobacteria;c__Betaproteobacteria;o__Burkholderiales;f__Sutterellaceae;g__Parasutterella;s__Parasutterella_excrementihominis	0.0418724074833	-0.0320659879971	0.0436888452334	0.00086438605196	-0.0489051775774	0.0590347627244	-0.00390176167708	0.0175887398864	-0.0359846039516	0.0109185199816	-0.0385127087942	0.0423759985698	-0.0654764944662	-0.0519643997155	-0.00173696745204	-0.0284362346695	0.0378042518464	0.0321420766504	0.0476123859945	-0.00221619395477	-0.0275672719217	0.026234337441	1.0	-0.00650791330442	0.0125581659774	0.037049494695	0.00905578667711	-0.0598027000098	-0.00242596143665	-0.0121409598453	-0.0169592906866	0.0193152994869	-0.0232946130986	0.00103971008106	0.00936429265584	0.0178834046175	-0.063358617147	-0.0524504274025	-0.0164467147191	-0.0309382269474	0.00286969225979	-0.0317145236702	0.0479596300719	0.0340632978808	-0.0157682174925	-0.0176456131832	0.000496374778388	1.01136518078e-05	0.0119132152232	0.0417555506411	-0.0697217205478	-0.015828154141	-0.0486440807012	-0.0584154781104	0.0418157959109	-0.004175338798	0.0146209171857	0.0374089162126	-0.119333929256
k__Bacteria;p__Actinobacteria;c__Actinobacteria;o__Bifidobacteriales;f__Bifidobacteriaceae;g__Bifidobacterium;s__Bifidobacterium_adolescentis	0.0409118768852	-0.0676811777836	-0.00136759093711	-0.0412360263307	-0.0184053616902	-0.0676323752701	-0.0222947196011	0.0194741731339	-0.0456512074041	0.0264686376328	0.039750747653	-0.0251630881082	-0.0213518251607	-0.00181174654534	-0.0689765703205	0.00530321950709	-0.000307098416694	0.0256211871716	0.00153635475089	-0.0159051763316	0.0442513665592	-0.0130128448521	-0.00650791330442	1.0	-0.0305929921612	0.0230811271463	0.0165522372078	-0.0386628410927	0.0383054791199	0.0256092681487	0.0191148331839	-0.0382351504261	0.0462693075275	-0.0758835213708	-0.0137323097505	0.000628970038624	0.0322195861024	0.0211308578308	0.0621189552736	0.000137330370766	-0.0297722133388	-0.00111352912807	-0.016938855877	-0.028819933434	0.0358213321823	-0.0339998455854	-0.0177478041011	-0.0517358772753	-0.0354975243833	-0.0110463185832	0.0021306096761	0.0131935850878	-0.0268757666111	0.0242790959075	0.054593971055	0.0240865953546	0.00912485581884	-0.0406189830504	0.00261058469228
k__Bacteria;p__Firmicutes;c__Clostridia;o__Clostridiales;f__Oscillospiraceae;g__Oscillibacter;s__Oscillibacter_sp._KLE_1745	0.039540909119	0.00141095903335	0.00381659470843	-0.0210386019259	0.00303485212437	-0.0624500966256	0.0216579619891	0.00125106597599	-0.000420014442768	-0.0296831160275	0.00254721405973	0.00884796152537	0.0372433780964	0.0959503083301	-0.0260135587443	0.00850685327388	0.00227097497085	-0.0257645687167	-0.0576709538643	-0.0258743315526	-0.0299197525343	0.0240752890359	0.0125581659774	-0.0305929921612	1.0	-0.0546444669623	0.00847620159928	-0.0353721024627	0.00909521508183	-0.0665884312921	-0.0541005309935	-0.0208901982585	0.0306506706646	-0.0414181534247	-0.0113107838939	-0.00361835612388	-0.0232727928104	0.00515881831089	-0.0515586227643	0.00216096951636	0.0206098710652	0.00167329303687	-0.0183105871444	-0.0485627517107	-0.0602474934434	0.0283020744142	0.0384223091087	0.0461592550212	-0.0148132286312	0.0224333987546	0.052259807476	-0.0249732353325	0.0053820743267	-0.00535519613252	-0.0357024411462	-0.0621255055611	0.0209884762158	-0.0381500432669	0.085547120478
k__Bacteria;p__Bacteroidetes;c__Bacteroidia;o__Bacteroidales;f__Bacteroidaceae;g__Bacteroides;s__Bacteroides_coprophilus	-0.0210765621431	-0.0595462929609	-0.0626446789069	-0.0225401276934	0.0121395868526	0.0169881881938	-0.0446258429447	-0.0258257145819	-0.049719790441	-0.0172615682976	-0.08823491092	0.0118453038769	0.00119887670384	-0.0262664272735	-0.0188451718727	0.0143272902773	0.0429587662561	0.0272395259319	0.0363284476551	0.0298542588252	-0.0373971947141	-0.0279261413988	0.037049494695	0.0230811271463	-0.0546444669623	1.0	0.0429736705527	-0.0455850763745	0.0301975141016	0.0381874962196	0.0373812471938	-0.0537606175898	-0.00495696855581	-0.0505501272964	0.0524198376488	-0.0703524070133	0.0490922994805	0.00953826544097	-0.0144197953407	0.013337974485	0.00502497654972	-0.0619116418735	0.0419673725256	-0.00837484122398	-0.0464578092274	0.01850640663	-0.000303854592802	-0.0332239513992	0.0157786896281	0.0130836886923	-0.035607703909	-0.0160218903925	0.00667264453018	-0.000537302598399	-0.00360282392012	-0.0216324437447	0.00511523393965	-0.0364526277257	0.025184735467
k__Bacteria;p__Firmicutes;c__Clostridia;o__Clostridiales;f__Lachnospiraceae;g__Roseburia;s__Roseburia_intestinalis	-0.0362190050559	-0.0425557848309	-0.00598635704424	0.0134710933945	-0.0254084191043	-0.0400516978219	0.0669354984671	0.0146067843652	-0.0267407576448	0.0771657362904	-0.00217347625758	-0.00705469649708	-0.0452347133204	-0.00311005986176	-0.0161995362943	-0.026156522098	0.0367290668331	0.00517458297405	-0.0210191713704	-0.0204633302756	-0.0531084283851	0.0780931683531	0.00905578667711	0.0165522372078	0.00847620159928	0.0429736705527	1.0	-0.0503046515895	-0.0236676483249	0.000680051713861	-0.0312669655247	0.0150366146527	0.0253350600816	0.0147919763851	0.0182658295665	-0.0802035602725	0.00140247626732	0.0215829224776	-0.00516392687875	-0.000147497388666	-0.0497044626823	-0.0562758372185	-0.0135170433793	-0.00840506218188	-0.00490449848892	0.0022419230135	-0.0364718954756	-0.0200557383757	0.00210955523902	-0.0256718611172	-0.0324315075472	-0.0266770566297	-0.0259726778732	0.00778642418569	-0.00787367053618	-0.00831770736518	0.00748248776236	0.0157694708216	-0.0226617536288
k__Bacteria;p__Firmicutes;c__Clostridia;o__Clostridiales;f__Lachnospiraceae;g__Roseburia;s__Roseburia_hominis	-0.053759392571	-0.0132505562108	-0.00110436941355	-0.0335109523548	0.0222879404991	0.024996125943	0.00463963981558	-0.0672835792789	-0.0234362034755	-0.0566193482018	0.0169844109658	-0.0219028952664	0.00886914752068	-0.0534259699841	0.00907595761544	0.00617290059658	-0.0267324096464	0.00592129800744	-0.0194867569915	-0.001907322377	-0.0193953532888	-0.0111156329124	-0.0598027000098	-0.0386628410927	-0.0353721024627	-0.0455850763745	-0.0503046515895	1.0	-0.0467184177773	0.0306623648273	-0.0787431739576	-0.0226879862697	-0.019047245801	-0.0175730217002	-0.0415815219327	0.0595175443174	-0.0339655444094	0.0166380285323	0.0358876905461	0.00425811980651	0.00747425219723	-0.0423437071369	-0.0816209496818	0.0569490084698	-0.000126629577649	-0.0376116990288	0.0629505047939	0.0304855810535	-0.0361137984333	-0.014496852829	-0.00779406106306	0.0100817749058	-0.0567869915666	0.0465849490397	0.00241970555435	-0.0130184558108	0.0567271661539	0.0197312284517	0.0361628326646
k__Bacteria;p__Bacteroidetes;c__Bacteroidia;o__Bacteroidales;f__Porphyromonadaceae;g__Parabacteroides;s__Parabacteroides_johnsonii	0.0279411377963	-0.00393662585551	-0.0452329915694	-0.0160048294314	-0.00375109899938	0.0158550493433	0.00610997290383	0.0615282890284	-0.00106360733127	-0.0533893763369	-0.0688340783382	-0.0783119005461	0.0253606430408	-0.0428211341949	-0.00802017244609	0.022365154578	0.0676337160788	0.034122766018	-0.0221526942655	-0.025522277545	-0.00768110157101	-0.00175557338452	-0.00242596143665	0.0383054791199	0.00909521508183	0.0301975141016	-0.0236676483249	-0.0467184177773	1.0	0.0364186800183	0.0239861283203	-0.0205387064058	0.0360809485919	-0.0101880107241	-0.00225516264784	-0.0161639912081	-0.0490329567877	0.0290338238759	-0.0261950553183	-0.00479378203348	0.000239052928339	-0.0417326411169	-0.0174860935484	0.0235198188312	-0.00944718318907	0.00414789334527	-0.0494423623013	0.0483377398274	-0.0304895335544	0.0237527113986	0.0121783809329	-0.0425109957202	0.0788535846418	-0.0774498443077	-0.014559626054	-0.0261744676112	0.0146633740418	-0.0475048089156	-0.00860855848554
k__Bacteria;p__Actinobacteria;c__Actinobacteria;o__Bifidobacteriales;f__Bifidobacteriaceae;g__Bifidobacterium;s__Bifidobacterium_longum	-0.0501127751953	-0.0552348484436	0.0057250799933	0.0918084289795	-0.0413316677654	-0.0151778035812	0.0293124723001	-0.0311348341853	-0.0212200144373	0.0140550199948	-0.00790925364319	-0.0324039544382	-0.0863509444711	-0.00387344131086	-0.0762519408259	-0.0191651309209	-0.0596363142005	-0.0185077955944	-0.00641618402396	0.00215909831709	-0.0353500446696	-0.00134493846761	-0.0121409598453	0.0256092681487	-0.0665884312921	0.0381874962196	0.000680051713861	0.0306623648273	0.0364186800183	1.0	-0.0988394415686	0.00390092638624	-0.063979193632	-0.00937077774674	0.0693868749774	0.00530761252402	-0.0427838097025	-0.0134202988066	-0.0148634282495	0.0273093634057	-0.0182554490055	0.0689228049828	0.0547461281903	-0.000591435104557	-0.0230795926726	-0.0012727802281	0.0102532882532	0.0181698459595	-0.0179419873077	-0.075681278094	-0.0249518307174	0.0292817599545	-0.0327395376143	0.0490214943916	-0.003820190029	-0.017533970159	0.0076561493469	-0.0540778523382	-0.0414431825275
