#taxonomy	k__Bacteria;p__Bacteroidetes;c__Bacteroidia;o__Bacteroidales;f__Bacteroidaceae;g__Bacteroides;s__Bacteroides_vulgatus	k__Bacteria;p__Bacteroidetes;c__Bacteroidia;o__Bacteroidales;f__Bacteroidaceae;g__Bacteroides;s__Bacteroides_uniformis	k__Bacteria;p__Bacteroidetes;c__Bacteroidia;o__Bacteroidales;f__Rikenellaceae;g__Alistipes;s__Alistipes_putredinis	k__Bacteria;p__Bacteroidetes;c__Bacteroidia;o__Bacteroidales;f__Prevotellaceae;g__Prevotella;s__Prevotella_copri	k__Bacteria;p__Bacteroidetes;c__Bacteroidia;o__Bacteroidales;f__Bacteroidaceae;g__Bacteroides;s__Bacteroides_stercoris	k__Bacteria;p__Bacteroidetes;c__Bacteroidia;o__Bacteroidales;f__Bacteroidaceae;g__Bacteroides;s__Bacteroides_ovatus	k__Bacteria;p__Bacteroidetes;c__Bacteroidia;o__Bacteroidales;f__Rikenellaceae;g__Alistipes;s__Alistipes_shahii	k__Bacteria;p__Firmicutes;c__Clostridia;o__Clostridiales;f__Ruminococcaceae;g__Faecalibacterium;s__Faecalibacterium_prausnitzii	k__Bacteria;p__Bacteroidetes;c__Bacteroidia;o__Bacteroidales;f__Rikenellaceae;g__Alistipes;s__Alistipes_finegoldii	k__Bacteria;p__Bacteroidetes;c__Bacteroidia;o__Bacteroidales;f__Porphyromonadaceae;g__Parabacteroides;s__Parabacteroides_distasonis	k__Bacteria;p__Bacteroidetes;c__Bacteroidia;o__Bacteroidales;f__Bacteroidaceae;g__Bacteroides;s__Bacteroides_thetaiotaomicron	k__Bacteria;p__Bacteroidetes;c__Bacteroidia;o__Bacteroidales;f__Bacteroidaceae;g__Bacteroides;s__Bacteroides_coprocola	k__Bacteria;p__Bacteroidetes;c__Bacteroidia;o__Bacteroidales;f__Bacteroidaceae;g__Bacteroides;s__Bacteroides_cellulosilyticus	k__Bacteria;p__Bacteroidetes;c__Bacteroidia;o__Bacteroidales;f__Rikenellaceae;g__Alistipes;s__Alistipes_obesi	k__Bacteria;p__Firmicutes;c__Clostridia;o__Clostridiales;f__Lachnospiraceae;g__;s__[Eubacterium]_rectale	k__Bacteria;p__Bacteroidetes;c__Bacteroidia;o__Bacteroidales;f__Bacteroidaceae;g__Bacteroides;s__Bacteroides_plebeius	k__Bacteria;p__Bacteroidetes;c__Bacteroidia;o__Bacteroidales;f__Bacteroidaceae;g__Bacteroides;s__Bacteroides_fragilis	k__Bacteria;p__Proteobacteria;c__Betaproteobacteria;o__Burkholderiales;f__Sutterellaceae;g__Sutterella;s__Sutterella_wadsworthensis	k__Bacteria;p__Bacteroidetes;c__Bacteroidia;o__Bacteroidales;f__Porphyromonadaceae;g__Barnesiella;s__Barnesiella_intestinihominis	k__Bacteria;p__Bacteroidetes;c__Bacteroidia;o__Bacteroidales;f__Odoribacteraceae;g__Odoribacter;s__Odoribacter_splanchnicus	k__Bacteria;p__Bacteroidetes;c__Bacteroidia;o__Bacteroidales;f__Bacteroidaceae;g__Bacteroides;s__Bacteroides_salyersiae	k__Bacteria;p__Firmicutes;c__Clostridia;o__Clostridiales;f__Ruminococcaceae;g__Ruminiclostridium;s__[Eubacterium]_siraeum	k__Bacteria;p__Proteobacteria;c__Betaproteobacteria;o__Burkholderiales;f__Sutterellaceae;g__Parasutterella;s__Parasutterella_excrementihominis	k__Bacteria;p__Actinobacteria;c__Actinobacteria;o__Bifidobacteriales;f__Bifidobacteriaceae;g__Bifidobacterium;s__Bifidobacterium_adolescentis	k__Bacteria;p__Firmicutes;c__Clostridia;o__Clostridiales;f__Oscillospiraceae;g__Oscillibacter;s__Oscillibacter_sp._KLE_1745	k__Bacteria;p__Bacteroidetes;c__Bacteroidia;o__Bacteroidales;f__Bacteroidaceae;g__Bacteroides;s__Bacteroides_coprophilus	k__Bacteria;p__Firmicutes;c__Clostridia;o__Clostridiales;f__Lachnospiraceae;g__Roseburia;s__Roseburia_intestinalis	k__Bacteria;p__Firmicutes;c__Clostridia;o__Clostridiales;f__Lachnospiraceae;g__Roseburia;s__Roseburia_hominis	k__Bacteria;p__Bacteroidetes;c__Bacteroidia;o__Bacteroidales;f__Porphyromonadaceae;g__Parabacteroides;s__Parabacteroides_johnsonii	k__Bacteria;p__Actinobacteria;c__Actinobacteria;o__Bifidobacteriales;f__Bifidobacteriaceae;g__Bifidobacterium;s__Bifidobacterium_longum	k__Bacteria;p__Firmicutes;c__Clostridia;o__Clostridiales;f__;g__Flavonifractor;s__Flavonifractor_plautii	k__Bacteria;p__Firmicutes;c__Clostridia;o__Clostridiales;f__Clostridiaceae;g__Clostridium;s__Clostridium_phoceensis	k__Bacteria;p__Verrucomicrobia;c__Verrucomicrobiae;o__Verrucomicrobiales;f__Akkermansiaceae;g__Akkermansia;s__Akkermansia_muciniphila	k__Bacteria;p__Bacteroidetes;c__Bacteroidia;o__Bacteroidales;f__Prevotellaceae;g__Paraprevotella;s__Paraprevotella_xylaniphila	k__Bacteria;p__Firmicutes;c__Clostridia;o__Clostridiales;f__Ruminococcaceae;g__Ruminococcus;s__Ruminococcus_callidus	k__Bacteria;p__Bacteroidetes;c__Bacteroidia;o__Bacteroidales;f__Rikenellaceae;g__Alistipes;s__Alistipes_senegalensis	k__Bacteria;p__Firmicutes;c__Clostridia;o__Clostridiales;f__Lachnospiraceae;g__Blautia;s__Blautia_sp._KLE_1732	k__Bacteria;p__Bacteroidetes;c__Bacteroidia;o__Bacteroidales;f__Bacteroidaceae;g__Bacteroides;s__Bacteroides_oleiciplenus	k__Bacteria;p__Firmicutes;c__Clostridia;o__Clostridiales;f__Ruminococcaceae;g__Ruminococcus;s__Ruminococcus_bicirculans	k__Bacteria;p__Bacteroidetes;c__Bacteroidia;o__Bacteroidales;f__Bacteroidaceae;g__Bacteroides;s__Bacteroides_fluxus	k__Bacteria;p__Bacteroidetes;c__Bacteroidia;o__Bacteroidales;f__Prevotellaceae;g__Prevotella;s__Prevotella_stercorea	k__Bacteria;p__Firmicutes;c__Clostridia;o__Clostridiales;f__Lachnospiraceae;g__Dorea;s__Dorea_longicatena	k__Bacteria;p__Firmicutes;c__Clostridia;o__Clostridiales;f__Eubacteriaceae;g__Eubacterium;s__[Eubacterium]_eligens	k__Bacteria;p__Firmicutes;c__Clostridia;o__Clostridiales;f__Ruminococcaceae;g__;s__Ruminococcaceae_bacterium_D16	k__Bacteria;p__Firmicutes;c__Clostridia;o__Clostridiales;f__Lachnospiraceae;g__Coprococcus;s__Coprococcus_comes	k__Bacteria;p__Proteobacteria;c__Gammaproteobacteria;o__Enterobacterales;f__Enterobacteriaceae;g__Escherichia;s__Escherichia_coli	k__Bacteria;p__Firmicutes;c__Clostridia;o__Clostridiales;f__Ruminococcaceae;g__Anaerotruncus;s__Anaerotruncus_colihominis	k__Bacteria;p__Firmicutes;c__Clostridia;o__Clostridiales;f__Lachnospiraceae;g__Blautia;s__Blautia_obeum	k__Bacteria;p__Bacteroidetes;c__Bacteroidia;o__Bacteroidales;f__Odoribacteraceae;g__Odoribacter;s__Odoribacter_laneus	k__Bacteria;p__Firmicutes;c__Clostridia;o__Clostridiales;f__Ruminococcaceae;g__Ruminiclostridium;s__[Clostridium]_leptum	k__Bacteria;p__Bacteroidetes;c__Bacteroidia;o__Bacteroidales;f__Porphyromonadaceae;g__Parabacteroides;s__Parabacteroides_goldsteinii	k__Bacteria;p__Firmicutes;c__Clostridia;o__Clostridiales;f__Lachnospiraceae;g__Anaerostipes;s__Anaerostipes_hadrus	k__Bacteria;p__Firmicutes;c__Clostridia;o__Clostridiales;f__Ruminococcaceae;g__Ruminococcus;s__Ruminococcus_lactaris	k__Bacteria;p__Firmicutes;c__Clostridia;o__Clostridiales;f__Clostridiaceae;g__Clostridium;s__Clostridium_sp._L2-50	k__Bacteria;p__Firmicutes;c__Clostridia;o__Clostridiales;f__Clostridiaceae;g__Clostridium;s__Clostridium_sp._M62/1	k__Bacteria;p__Firmicutes;c__Clostridia;o__Clostridiales;f__;g__Intestinimonas;s__Intestinimonas_butyriciproducens	k__Bacteria;p__Actinobacteria;c__Actinobacteria;o__Bifidobacteriales;f__Bifidobacteriaceae;g__Bifidobacterium;s__Bifidobacterium_bifidum	k__Bacteria;p__Firmicutes;c__Negativicutes;o__Veillonellales;f__Veillonellaceae;g__Dialister;s__Dialister_invisus	k__Bacteria;p__Bacteroidetes;c__Bacteroidia;o__Bacteroidales;f__Bacteroidaceae;g__Bacteroides;s__Bacteroides_salanitronis
k__Bacteria;p__Bacteroidetes;c__Bacteroidia;o__Bacteroidales;f__Bacteroidaceae;g__Bacteroides;s__Bacteroides_vulgatus	1.0	-0.056618587888	-0.0957520050186	-0.0432385770465	-0.0159637637092	0.011289616459	0.0599003494329	0.0214435425866	-0.00359578538734	-0.03957039023	-0.0172528922457	-0.0260813742863	-0.0245777377365	-0.0441905557622	-0.00895192859722	0.011020730732	-0.0619481888484	-0.0174968458878	-0.0114112491341	-0.0111392365424	0.0193940358846	0.0419615806346	0.0478839901808	-0.0272173703962	0.0196390817393	0.00314528904336	0.046700642582	0.00356604777282	-0.0437888028094	0.000817424950739	0.0284344621352	0.00217656057306	0.00754602681024	-0.0605557131747	-0.0436141927178	-0.0323960277616	0.022712727964	0.0382760368677	0.0622430769442	0.0129932280363	0.0201256952187	0.0401104637886	-0.00962710256223	-0.00800362640236	0.005523297646	-0.0550881523985	-0.0249501868702	-0.00249974400469	-0.0369740580177	0.0387036593893	0.0340245933965	-0.0577663952465	-0.057679217971	-0.030080705309	0.0242382770712	0.0212937857152	-0.00793164088852	0.00131578911401	-0.0602039143326
k__Bacteria;p__Bacteroidetes;c__Bacteroidia;o__Bacteroidales;f__Bacteroidaceae;g__Bacteroides;s__Bacteroides_uniformis	-0.056618587888	1.0	0.0224518546493	-0.00512776728094	0.0610179749845	-0.0130723478234	0.0317297589919	-0.0203591523378	0.0455576628074	0.0108342016652	-0.068345774188	-0.00469340224432	-0.0523795880693	-0.0480188277506	-0.0258058789087	0.0149392918108	-0.100240597684	0.00654203686543	-0.0196566069817	0.0491194180378	0.0173993216979	-0.0404753279007	0.049965045071	0.0242916055918	-0.0188650697489	-0.000209110126258	-0.0666617287634	-0.000258853828672	0.0374042757932	-0.0149310762052	0.0300775258953	-0.0235377339147	0.0461782775864	-0.0300695105013	0.00237417562798	0.0729864165123	0.0200030186121	-0.0457362531014	0.0522071666847	-0.0357474216827	0.0036832403101	-0.0968786186532	0.00758372193097	-0.020538453096	0.0219547414676	0.00858193173514	-0.0166090618028	0.0177346484751	-0.0635705256219	-0.0174028155415	0.0168682382604	-0.0478047450368	-0.0225845717287	-0.0314772556579	-0.0409647993531	0.038200445733	-0.0496868879666	-0.0134576468256	0.0239163436533
k__Bacteria;p__Bacteroidetes;c__Bacteroidia;o__Bacteroidales;f__Rikenellaceae;g__Alistipes;s__Alistipes_putredinis	-0.0957520050186	0.0224518546493	1.0	-0.0701936723233	-0.0535734198855	0.0206249240607	0.00241850228648	-0.0160475234423	0.019778593072	-0.00491013639928	-0.0569623194307	-0.0051047442204	-0.0320797801435	0.0547854692377	-0.0158082567618	0.00530605295504	0.0642579413786	-0.019046665335	0.0474862154361	0.0279874546803	-0.00827890022921	-0.0309381799113	-0.014584132163	-0.00738912108834	0.0546720632114	-0.0270992209432	-0.0365933983606	-0.0376668585112	-0.0144388481625	0.0287874801988	-0.0244280905793	0.0189379888051	0.0170529970011	-0.0015982116265	-0.0345830019216	-0.00275265575276	-0.00550773532587	-0.0218496424592	-0.0708662351205	-0.020405537207	0.00488381585081	-0.0341087608572	-0.0189202702831	-0.00252290329381	-0.0427012125751	0.0355861904016	-0.0417744617411	-0.0309166319518	-0.00244602096566	0.0203706169193	-0.00507501090196	-0.0174674540902	-0.0391930131802	-0.0315763295241	0.0295952978906	0.0249542311238	-0.0373661104573	-0.0525229100112	-0.00529252142301
k__Bacteria;p__Bacteroidetes;c__Bacteroidia;o__Bacteroidales;f__Prevotellaceae;g__Prevotella;s__Prevotella_copri	-0.0432385770465	-0.00512776728094	-0.0701936723233	1.0	0.0306576965031	-0.0310245929974	-0.0346259385826	0.0266284545828	-0.0725989240798	0.0310138674157	0.0156842045819	-0.0270036566942	-0.0453415759432	-0.0385535661082	-0.0655911184938	-0.0299435805589	-0.0245812550967	-0.00208100644135	-0.0461623520007	0.00235636527098	-0.00419219163966	0.0571774687364	0.0114272286965	-0.0427558514903	0.00824904723397	-0.00419987524642	-0.00936160422977	0.0247948376453	0.0100405552258	-0.0291663470103	-0.0342144717297	0.0257842400523	0.0658088912348	-0.0247541234946	-0.00952610373002	0.0210231942285	-0.0250502519618	0.00562235742464	-0.0231099931989	0.0101144230288	0.0414055655988	-0.0648116327546	0.051340410751	-0.0295285885216	0.00392808394534	-0.0179710735877	0.00989459513199	-0.0446220242505	0.0260868418457	-0.0100030287587	0.0082906457431	0.0173456745552	-0.00168661139564	0.0415316568217	0.0113509880278	-0.00472546646576	-0.0250129101098	0.0318846417579	0.018437895554
k__Bacteria;p__Bacteroidetes;c__Bacteroidia;o__Bacteroidales;f__Bacteroidaceae;g__Bacteroides;s__Bacteroides_stercoris	-0.0159637637092	0.0610179749845	-0.0535734198855	0.0306576965031	1.0	-0.0137421849649	0.00581183004255	0.0114697266218	-0.0381983991319	-0.0142606777203	-0.0481082125971	-0.0174260766513	-0.00509286246424	-0.00139378966244	-0.0854331122177	0.0517411595626	-0.00972410292766	-0.0217751368563	-0.0440222533125	0.00707411233754	-0.00575745327198	0.0136126051544	0.000209647275366	0.00323730981488	-0.0235955758923	0.0175457872392	-0.00549203303359	-0.00508989342568	-0.00240654808755	0.0037774017422	-0.00869883654243	-0.0289533143287	0.0131499115367	4.27579533788e-05	-0.0551842984676	0.0039361600326	0.00538263056295	-0.00160015848603	-0.0174754166953	0.0308911053893	0.0314227008452	0.0621769936491	0.0306301208037	-0.0416749090343	0.0496889739451	0.0554686206854	-0.0547409549089	0.011201521935	0.0015948211099	0.0048001674416	0.00517980871014	0.0129138212733	-0.00608586683183	0.0254870215092	-0.0313953951621	0.0186599435238	-0.0458034462575	-0.000498269166546	0.0563091505974
k__Bacteria;p__Bacteroidetes;c__Bacteroidia;o__Bacteroidales;f__Bacteroidaceae;g__Bacteroides;s__Bacteroides_ovatus	0.011289616459	-0.0130723478234	0.0206249240607	-0.0310245929974	-0.0137421849649	1.0	-0.0123554056288	-0.0276596731509	-0.046782618131	-0.0595010311362	0.0082996469796	0.0318117684346	-0.0435783180844	-0.0169170766113	-0.0633379908295	-0.00963200770002	-0.0346879072627	-0.0286570630445	-0.0047115926608	-0.0125473244123	0.0320921831543	0.0126771220228	-0.0442716814913	-0.0356420088199	-0.0161249621182	0.0730982133058	-0.00674706985885	-0.0301494248405	0.0887500041076	0.00832009301943	-0.0125811801005	0.0154519421628	0.0137095480082	-0.0186684821129	-0.00589848223061	-0.0339021070729	0.0223364218946	-0.0024907551534	0.0345982602754	-0.0474452963656	-0.0515802769755	-0.0125226719731	0.0386046601408	-0.0744083085111	0.121655684813	0.0652288927651	-0.00796178722085	0.0530834753591	0.0137365882606	-0.0670835555125	-0.0327353456556	-0.000653188113667	-0.028549358656	-0.0692829790078	-0.014619410122	-0.0410141318898	-0.00422786695562	-0.0206803088682	0.0280517487704
k__Bacteria;p__Bacteroidetes;c__Bacteroidia;o__Bacteroidales;f__Rikenellaceae;g__Alistipes;s__Alistipes_shahii	0.0599003494329	0.0317297589919	0.00241850228648	-0.0346259385826	0.00581183004255	-0.0123554056288	1.0	-0.00502506196233	-0.00347300454295	-0.092177060719	0.00573519634839	-0.024498872344	0.00394688510338	-0.0442432838999	-0.0408134014625	-0.0552365685282	0.0213271617799	-0.00308077220752	0.0701794537132	0.00926651764142	-0.0413665452298	-0.0243144473467	0.0297640148361	-0.0613095827978	0.0396624413313	0.0375068601257	0.00949748452555	-0.034999870461	0.0102441327775	0.0573369723866	0.0154111787059	0.0301661090762	-0.0286338242124	-0.0408235264062	0.00209235153036	-0.0483118122855	0.00196948335186	0.0388722972934	-0.0561479332586	-0.0785569430805	0.0456567716418	-0.0116470971183	0.0270828258854	-0.0830957931521	-0.0176824783225	-0.017610522244	0.0538885495868	0.0145330257202	-0.00245631707341	-0.0497307445664	-0.0242675300321	-0.0387307117214	0.0467927930781	-0.00118164591706	0.00890645489054	-0.0252343104103	0.00695309494125	-0.0232255138395	-0.00229650929346
k__Bacteria;p__Firmicutes;c__Clostridia;o__Clostridiales;f__Ruminococcaceae;g__Faecalibacterium;s__Faecalibacterium_prausnitzii	0.0214435425866	-0.0203591523378	-0.0160475234423	0.0266284545828	0.0114697266218	-0.0276596731509	-0.00502506196233	1.0	0.114067930027	0.0607773167561	0.0265562845765	-0.0346513421332	-0.0277947490053	0.00396543235795	0.0153927181464	-0.0323887996115	0.00233359112289	0.047926601882	-0.0323338264822	-0.00498983032963	0.0250723866817	-0.0140578032471	-0.0567518257561	-0.0443222646824	0.0151715129278	-0.0509048128319	0.0464305582163	-0.0767422877543	-0.05724072061	-0.0368596171055	-0.0942858740449	-0.0192852076759	-0.0271633425609	-0.00474045176103	-0.0585841152519	-0.0192592539297	0.0171786156065	0.0189808697886	-0.0331162950073	-0.0465088238285	0.0102316861366	-0.0205176017926	-0.0564588075119	0.0112276596846	0.010241414877	-0.0466092155448	-0.0355299531402	-0.023272348143	0.0252169708336	-0.022526061747	0.017713604545	0.078318265799	-0.0202974630245	0.000961967072158	-0.0124746112597	0.0674109890302	0.0272573339698	-0.0246840937163	-0.0662957095242
k__Bacteria;p__Bacteroidetes;c__Bacteroidia;o__Bacteroidales;f__Rikenellaceae;g__Alistipes;s__Alistipes_finegoldii	-0.00359578538734	0.0455576628074	0.019778593072	-0.0725989240798	-0.0381983991319	-0.046782618131	-0.00347300454295	0.114067930027	1.0	-0.0519269715038	0.0684814278766	0.0232892409702	0.0161551580269	0.00086794740264	-0.0698811951452	-0.0206815313461	0.0266202562007	0.0540774031417	0.044961379968	-0.0691839190275	-0.0188841282534	-0.025192051077	-0.0277401077057	-0.0156097524235	-0.069214992416	-0.042988789972	0.0270097971701	0.0333881444986	-0.0516281054548	-0.0598305896683	0.0149709218854	-0.00759799470256	-0.0110288322838	-0.0235671429624	-0.0114991197618	-0.00883004038637	-0.0695378869949	-0.0515811886124	-0.0347889389205	0.039796075416	-0.0146554351466	-0.00532380743113	-0.0295751081003	-0.00246191708912	-0.00750135825112	-0.00641355609495	-0.064123527475	0.0125979605211	0.00781792467088	-0.00869622821671	0.0178479871786	0.0105581908886	-0.0138217499136	0.0270464507479	-0.0190324981233	-0.00316941268033	-2.94694093637e-05	-0.0719149728111	0.0212906229421
k__Bacteria;p__Bacteroidetes;c__Bacteroidia;o__Bacteroidales;f__Porphyromonadaceae;g__Parabacteroides;s__Parabacteroides_distasonis	-0.03957039023	0.0108342016652	-0.00491013639928	0.0310138674157	-0.0142606777203	-0.0595010311362	-0.092177060719	0.0607773167561	-0.0519269715038	1.0	-0.00776851502754	-0.0859036610795	-0.0008269916924	-0.0661274628507	-0.0298676632418	-0.0511794083117	-0.0141843186546	-0.061452170639	-0.0394069267486	-0.0286720647626	0.0164861323599	0.0254301482371	-0.00135864096392	0.0505734280129	-0.0123119944778	-0.073864673461	-0.0251693397262	-0.0112010755483	-0.0332557766371	-0.0187612260406	0.0583411676351	0.00971408115368	0.0171552094361	0.0152606503383	0.0488154248366	-0.0358258747623	-0.0358107061876	-0.00754955125051	0.0296174293086	0.0623764253042	-0.0531085564714	-0.00576710968988	-0.00966655086553	-0.00501113277881	-0.0590028620071	0.00590482675998	-0.0170322667648	-0.0228915750302	0.00139751373303	0.0675742364447	-0.0219856980429	0.0440108694519	-0.0288108152691	-0.0188633506483	0.0399277340215	0.00418194426509	-0.0511719049014	0.0195087830042	-0.0159800371953
k__Bacteria;p__Bacteroidetes;c__Bacteroidia;o__Bacteroidales;f__Bacteroidaceae;g__Bacteroides;s__Bacteroides_thetaiotaomicron	-0.0172528922457	-0.068345774188	-0.0569623194307	0.0156842045819	-0.0481082125971	0.0082996469796	0.00573519634839	0.0265562845765	0.0684814278766	-0.00776851502754	1.0	-0.00289221741018	0.0309103546896	-0.0200238059109	0.0284131685167	0.0513568624629	-0.00445792798104	-0.0233124711366	0.0125266705162	-0.0657822499287	-0.04657828108	-0.00925297834847	-0.0576233621697	-0.0538841942603	-0.00536595413724	-0.0381309180621	0.0180120163255	0.0609196871721	-0.0126737062349	0.0055718246658	0.0707946048536	0.0530820841923	-0.0181237213921	0.0403930737888	0.0455177547436	0.00419877161097	-0.0575561629678	0.00724985958005	0.0516337043462	-0.00647315882094	-0.0389111736952	0.0409378465545	-0.00318881728446	-0.132272155362	-0.0391648415596	-0.0214608032708	0.00114996204004	-0.0634220354865	0.0528027365459	0.0103036405965	-0.0834764169196	0.0382961632585	0.0101978361266	0.0205767418147	-0.04997310581	0.040474292503	0.029594124284	-0.0545148212718	-0.0113196390144
k__Bacteria;p__Bacteroidetes;c__Bacteroidia;o__Bacteroidales;f__Bacteroidaceae;g__Bacteroides;s__Bacteroides_coprocola	-0.0260813742863	-0.00469340224432	-0.0051047442204	-0.0270036566942	-0.0174260766513	0.0318117684346	-0.024498872344	-0.0346513421332	0.0232892409702	-0.0859036610795	-0.00289221741018	1.0	-0.032117260063	0.0585695110558	-0.0223041361147	-0.00305977750592	-0.0474730382711	-0.0306843526114	0.0434587251632	0.00345132307352	-0.0374333441597	-0.0468064861579	-0.00601192532674	0.0395852907353	0.0405776619438	0.00364424164924	-0.031369668681	-0.0364738631169	-0.0364941962516	0.0202602941271	-0.0430528388378	-0.0297373691001	-0.0404386631712	-0.0438786425774	-0.0126434997111	0.0144791282771	0.017038182627	0.0278624003478	-0.0398426583839	-0.000772927176036	-0.00895105152543	0.0360830213666	0.0657711634769	0.0393604693225	-0.0639570146676	-0.0069009323315	0.0202400320897	-0.027689655344	-0.00241563769122	0.0478242926827	0.0239165685307	0.0251768990925	-0.00352460734118	-0.0623066496457	-0.00901070362916	-0.0366927950368	0.0231551861214	0.0101502445685	-0.0656068122295
k__Bacteria;p__Bacteroidetes;c__Bacteroidia;o__Bacteroidales;f__Bacteroidaceae;g__Bacteroides;s__Bacteroides_cellulosilyticus	-0.0245777377365	-0.0523795880693	-0.0320797801435	-0.0453415759432	-0.00509286246424	-0.0435783180844	0.00394688510338	-0.0277947490053	0.0161551580269	-0.0008269916924	0.0309103546896	-0.032117260063	1.0	-0.00592492840033	-0.036288928385	0.0528719268116	-0.0528484552297	0.0317932392118	-0.0393980170097	0.0187799310354	-0.0792577102987	-0.0215757810425	0.048669803818	-0.0327910637061	-0.0273679015933	0.00243455693329	0.0219755929308	-0.000963523865751	0.038897972097	-0.0563107642426	-0.0208867304623	-0.0153661938949	0.000183459617667	-0.0272637716177	-0.0993756071057	0.0784654501362	-0.00899592259687	0.00314600634238	0.00738926188528	-0.0138577835933	-0.0746277229256	-0.019010293659	-0.0244570827225	0.00865326926814	0.0294580989454	-0.0122201350534	-0.0362183146451	-0.0247996349325	-0.0228388666373	-0.0813866418692	-0.0261610307403	-0.0327368755421	-0.0405715369169	-0.0199675697098	0.00861645401446	0.0149209646996	0.0164558898092	-0.0206845662419	0.0578636442221
k__Bacteria;p__Bacteroidetes;c__Bacteroidia;o__Bacteroidales;f__Rikenellaceae;g__Alistipes;s__Alistipes_obesi	-0.0441905557622	-0.0480188277506	0.0547854692377	-0.0385535661082	-0.00139378966244	-0.0169170766113	-0.0442432838999	0.00396543235795	0.00086794740264	-0.0661274628507	-0.0200238059109	0.0585695110558	-0.00592492840033	1.0	-0.0521442040999	-0.0460965954492	-0.0081901412061	-0.0235188911148	-0.0446683775618	0.0341928946321	0.0690196404884	-0.00521134127064	0.0237327614591	-0.0213588057534	-0.0576541163108	0.0490900322371	0.0181804148628	0.0175773756303	0.0371506529309	0.0824089402348	-0.0642018738835	-0.0745668414353	-0.0721904768463	0.0263471709971	-0.00676733002884	0.0434868418723	0.061652523246	-0.0655571385102	-0.0574844393258	-0.0609587088875	-0.0177584997181	-0.00968294934595	0.00432761880236	-0.0286961390497	-0.00637885396347	-0.0104622895386	0.0266884602377	0.0363293474635	-0.00812501041991	0.0209395727269	-0.0399557637753	0.00358110868172	0.0391646898366	-0.000247979401674	-0.0390125633383	-0.0446032150539	-0.00790638302783	0.00710633373459	-0.00631483758277
k__Bacteria;p__Firmicutes;c__Clostridia;o__Clostridiales;f__Lachnospiraceae;g__;s__[Eubacterium]_rectale	-0.00895192859722	-0.0258058789087	-0.0158082567618	-0.0655911184938	-0.0854331122177	-0.0633379908295	-0.0408134014625	0.0153927181464	-0.0698811951452	-0.0298676632418	0.0284131685167	-0.0223041361147	-0.036288928385	-0.0521442040999	1.0	-0.0487231171027	0.0400513057074	0.0131583007764	-0.0516538976792	0.0697529192236	-0.0428317822431	-0.0478225084257	-0.0563699633825	-0.0148706135791	-0.0101815172366	-0.0465481856315	-0.00781369955709	0.0365891908097	0.0119906875771	-0.021838444772	0.0327695272472	0.00126540421847	-0.0132790380503	0.00469020951237	-0.0655018601531	0.0526272363877	0.0475249160792	0.0368327803916	-0.0498179618439	-0.0255131546795	-0.00729065656422	0.0458309952912	-0.00422735646118	0.0268152582669	-0.0615842360879	-0.0414041186201	0.0408278891964	-0.0133752273345	0.00865826947001	0.0134056168201	0.0226251064072	0.0247686701951	0.020085386211	-0.0775903440064	0.0312668361845	-0.0139391215991	0.056751532885	-0.0417915161624	-0.0171986745405
k__Bacteria;p__Bacteroidetes;c__Bacteroidia;o__Bacteroidales;f__Bacteroidaceae;g__Bacteroides;s__Bacteroides_plebeius	0.011020730732	0.0149392918108	0.00530605295504	-0.0299435805589	0.0517411595626	-0.00963200770002	-0.0552365685282	-0.0323887996115	-0.0206815313461	-0.0511794083117	0.0513568624629	-0.00305977750592	0.0528719268116	-0.0460965954492	-0.0487231171027	1.0	0.0191496630661	-0.0150903937156	-0.0739875503042	-0.0227240798071	-0.0847702146624	-0.108942513091	-0.0491688657992	-0.0231205308261	-0.00372989232568	-0.0148933230629	0.0144303989471	0.00686862574957	-0.0121078882307	-0.0183040022139	0.0210292262591	0.0422486179437	0.0307827120676	0.0288430610517	-0.0491777303408	0.066372464411	-0.0408364722686	0.0362818246295	0.0352432920007	0.0262714402146	-0.0188245304533	0.039515690976	-0.0406706223004	0.0629015062184	-0.0411114464342	0.0184607508289	-0.036211758188	-0.00771094310999	-0.100165751349	-0.0303925352688	0.0108830046346	0.00187798376873	-0.047575881813	-0.0288078705519	-0.0354200402508	0.0225669395005	0.0057000943037	0.0500557591048	-0.0489136024088
k__Bacteria;p__Bacteroidetes;c__Bacteroidia;o__Bacteroidales;f__Bacteroidaceae;g__Bacteroides;s__Bacteroides_fragilis	-0.0619481888484	-0.100240597684	0.0642579413786	-0.0245812550967	-0.00972410292766	-0.0346879072627	0.0213271617799	0.00233359112289	0.0266202562007	-0.0141843186546	-0.00445792798104	-0.0474730382711	-0.0528484552297	-0.0081901412061	0.0400513057074	0.0191496630661	1.0	-0.0809615348649	-0.0245215105491	-0.0293330070573	0.0177295321892	-0.00639906552244	0.0191651261894	0.0212446586928	-0.020864430125	0.00544902822494	0.0493134872718	-0.000870118611364	0.0004507630797	-0.00116375344649	-0.0157636227772	0.00873026074977	0.00845618944973	0.0312411726394	-0.0137125276023	-0.0416466669279	-0.0344003156182	0.0421655821961	-0.0982948023092	-0.00160922727433	-0.00676982396279	0.0274459188507	0.0158183266274	-0.0339454572349	-0.00750550446684	-0.00454415018382	-0.0293122095499	-0.0696375779233	-0.046985475078	-0.00542582509994	0.0114642358956	0.00679198366254	0.0361989231032	0.0374060483387	-0.00346996914224	-0.00843051530392	-0.0484576597218	-0.00165952121925	-0.0374007212935
k__Bacteria;p__Proteobacteria;c__Betaproteobacteria;o__Burkholderiales;f__Sutterellaceae;g__Sutterella;s__Sutterella_wadsworthensis	-0.0174968458878	0.00654203686543	-0.019046665335	-0.00208100644135	-0.0217751368563	-0.0286570630445	-0.00308077220752	0.047926601882	0.0540774031417	-0.061452170639	-0.0233124711366	-0.0306843526114	0.0317932392118	-0.0235188911148	0.0131583007764	-0.0150903937156	-0.0809615348649	1.0	-0.0160022610371	-0.0604138845399	-0.0630738263741	-0.0539269331393	-0.017895353858	-0.0157594801584	-0.019146841442	-0.0137207845188	0.0231653347468	0.0406222850758	0.0455214520289	-0.00458083524446	-0.00909231440487	0.010279945241	-0.0166907415102	-0.0679566419133	-0.086267178738	-0.0567137237122	0.00186232273131	0.00151853979592	-0.0010973324884	-0.0155009423417	0.0328481040066	0.0095869700971	0.0121888482274	-0.0128614965737	-0.0384395614478	0.0304871792478	-0.0123293159881	-0.0205195640539	0.0240764545944	-0.0482158166104	-0.00432607885398	-0.0727515581202	-0.0416431303501	-0.0303541030596	0.0296325117648	0.0553220478184	0.0443746086767	0.0291846845717	0.0875107882278
k__Bacteria;p__Bacteroidetes;c__Bacteroidia;o__Bacteroidales;f__Porphyromonadaceae;g__Barnesiella;s__Barnesiella_intestinihominis	-0.0114112491341	-0.0196566069817	0.0474862154361	-0.0461623520007	-0.0440222533125	-0.0047115926608	0.0701794537132	-0.0323338264822	0.044961379968	-0.0394069267486	0.0125266705162	0.0434587251632	-0.0393980170097	-0.0446683775618	-0.0516538976792	-0.0739875503042	-0.0245215105491	-0.0160022610371	1.0	0.0112828135929	0.0474654124407	-0.00408945581685	-0.013824660371	0.0510522255985	-0.0817687161542	-0.0402357016613	-0.0326069743826	0.0109936336276	0.0580705604844	-0.0412320721706	0.0103079002772	-0.0400859832296	0.0232601544033	0.00245604752999	-0.0292815461006	0.0273898086061	-0.017097568552	0.0502754765205	0.0484699343945	-0.0239477386303	0.0121553404797	-0.0454103293636	-0.0164902306542	0.0132429515001	-0.044560773454	-0.00599296449063	-0.0547004002468	0.00565596944365	-0.0772756944103	-0.0356094777582	-0.0037458611381	0.0561737168344	-0.0139414100094	-0.0313528135564	-0.0393367807548	-0.00124376195362	-0.063637820228	-0.0735601777723	-0.0105625062574
k__Bacteria;p__Bacteroidetes;c__Bacteroidia;o__Bacteroidales;f__Odoribacteraceae;g__Odoribacter;s__Odoribacter_splanchnicus	-0.0111392365424	0.0491194180378	0.0279874546803	0.00235636527098	0.00707411233754	-0.0125473244123	0.00926651764142	-0.00498983032963	-0.0691839190275	-0.0286720647626	-0.0657822499287	0.00345132307352	0.0187799310354	0.0341928946321	0.0697529192236	-0.0227240798071	-0.0293330070573	-0.0604138845399	0.0112828135929	1.0	0.0155769276235	-0.0483123373809	-0.0140889358811	-0.0111200701199	0.0313730797406	0.00766186662866	-0.0405010942731	-0.00929788580801	-0.0106388063595	0.0413642803767	-0.000249728280795	-0.00911499708327	-0.0341459664252	0.00266872723754	-0.0167458229971	0.0388648280933	0.0272201259134	0.0353721778891	0.0375212195982	0.0520311482324	-0.0454562068527	0.0166862102838	-0.0347340307223	0.0221858551385	-0.0749169838354	-0.0287280589768	-0.0585924198182	-0.0324107754623	-0.00543080849653	-0.0205874132721	-0.0520099671153	-0.0231254163166	0.00372167399866	0.0335463499365	-0.052630194034	-0.0488035157386	0.00776979683269	-0.0130477394254	0.015369239919
k__Bacteria;p__Bacteroidetes;c__Bacteroidia;o__Bacteroidales;f__Bacteroidaceae;g__Bacteroides;s__Bacteroides_salyersiae	0.0193940358846	0.0173993216979	-0.00827890022921	-0.00419219163966	-0.00575745327198	0.0320921831543	-0.0413665452298	0.0250723866817	-0.0188841282534	0.0164861323599	-0.04657828108	-0.0374333441597	-0.0792577102987	0.0690196404884	-0.0428317822431	-0.0847702146624	0.0177295321892	-0.0630738263741	0.0474654124407	0.0155769276235	1.0	-0.0363106875403	0.0389463946024	0.0109147121577	-0.0416720770705	0.0582049687136	-0.0446217366145	-0.0124983050954	0.0123997927884	0.0150857118162	-0.0414621915912	0.0182097050866	-0.00653817689852	-0.0173990029476	0.0164728111002	0.000994566329388	0.0169520238926	-0.0388572033676	-0.011294435963	0.0289327503048	-0.00394731756677	-0.0657298959356	-0.0220126533059	0.0196664405041	-0.0198664638222	-0.0175301284205	-0.0211144816292	-0.00456620714886	0.0468588450594	-0.00754115636246	-0.0417052223588	-0.00745677694944	-0.0187146119945	-0.0670544055576	-0.0688746881104	0.00690008954782	-0.00400891152187	-0.0332433191628	-0.0499142721809
k__Bacteria;p__Firmicutes;c__Clostridia;o__Clostridiales;f__Ruminococcaceae;g__Ruminiclostridium;s__[Eubacterium]_siraeum	0.0419615806346	-0.0404753279007	-0.0309381799113	0.0571774687364	0.0136126051544	0.0126771220228	-0.0243144473467	-0.0140578032471	-0.025192051077	0.0254301482371	-0.00925297834847	-0.0468064861579	-0.0215757810425	-0.00521134127064	-0.0478225084257	-0.108942513091	-0.00639906552244	-0.0539269331393	-0.00408945581685	-0.0483123373809	-0.0363106875403	1.0	-0.0370796507892	-0.0275738756214	0.0784830237843	0.0412947676856	-0.000660347336638	0.0457857382748	-0.0738802902974	0.000913482003095	-0.0601347027478	0.01010600688	0.00967352456386	-0.00624003982441	0.0230177643176	-0.00402092077861	-0.0522306533999	-0.0201670386379	0.0061085463348	0.00677373606591	0.0301578784636	-0.0125352063168	0.0112923580328	0.013649761054	0.0159425940284	0.0243533851112	-0.0433262739159	0.0435262881971	-0.00356591678975	-0.000962119121652	0.0220800283454	-0.0204667852731	-0.0546253780661	0.0474027458649	-0.0389488916225	0.000912113004434	0.0499744269649	0.0030019552131	-0.00268881640462
k__Bacteria;p__Proteobacteria;c__Betaproteobacteria;o__Burkholderiales;f__Sutterellaceae;g__Parasutterella;s__Parasutterella_excrementihominis	0.0478839901808	0.049965045071	-0.014584132163	0.0114272286965	0.000209647275366	-0.0442716814913	0.0297640148361	-0.0567518257561	-0.0277401077057	-0.00135864096392	-0.0576233621697	-0.00601192532674	0.048669803818	0.0237327614591	-0.0563699633825	-0.0491688657992	0.0191651261894	-0.017895353858	-0.013824660371	-0.0140889358811	0.0389463946024	-0.0370796507892	1.0	-0.0291959030425	-0.0132038956692	-0.0104518579917	0.000235448387841	0.0225913684824	0.0279923545364	0.0489033360571	0.00420816681323	-0.00741491074005	-0.0391437824603	-0.000870005167934	0.0109509529591	-0.0185588605067	-0.0437898226655	-0.0317205355581	-0.0254373902654	-0.035389831833	0.0420200494083	0.0410090082941	0.00482913153025	-0.0379795356678	-0.0573605009186	-0.0226071868375	0.00433810519009	-0.0115201577583	-0.0137539516236	-0.0113953809752	0.0350641802172	-0.0915936154623	0.0279346800537	0.004496067951	-0.0238360434507	-0.00527928826059	0.0243719280426	-0.0283410749461	0.0107662464082
k__Bacteria;p__Actinobacteria;c__Actinobacteria;o__Bifidobacteriales;f__Bifidobacteriaceae;g__Bifidobacterium;s__Bifidobacterium_adolescentis	-0.0272173703962	0.0242916055918	-0.00738912108834	-0.0427558514903	0.00323730981488	-0.0356420088199	-0.0613095827978	-0.0443222646824	-0.0156097524235	0.0505734280129	-0.0538841942603	0.0395852907353	-0.0327910637061	-0.0213588057534	-0.0148706135791	-0.0231205308261	0.0212446586928	-0.0157594801584	0.0510522255985	-0.0111200701199	0.0109147121577	-0.0275738756214	-0.0291959030425	1.0	-0.0516611097725	-0.064343973685	0.0329235087309	-0.000346541648645	-0.00802564140899	-0.00935239557073	0.00785605851995	0.049750404835	0.0242824169865	-0.0149535244502	-0.0343137035095	-0.0200997112319	0.0486567526291	-0.0186177573827	0.00141954484349	0.0515197190122	0.00798727960476	0.0306418710296	0.0339726126729	-0.0103060510406	-0.0065890445281	-0.0277671652075	0.00867100706678	0.0270906811816	-0.00101435306105	0.0270156627848	0.0282162691616	0.0292528569913	0.0479202223336	-0.0592433981752	0.0445690264142	-0.0374079036047	-0.0490283904866	0.0277269748953	0.0241868183975
k__Bacteria;p__Firmicutes;c__Clostridia;o__Clostridiales;f__Oscillospiraceae;g__Oscillibacter;s__Oscillibacter_sp._KLE_1745	0.0196390817393	-0.0188650697489	0.0546720632114	0.00824904723397	-0.0235955758923	-0.0161249621182	0.0396624413313	0.0151715129278	-0.069214992416	-0.0123119944778	-0.00536595413724	0.0405776619438	-0.0273679015933	-0.0576541163108	-0.0101815172366	-0.00372989232568	-0.020864430125	-0.019146841442	-0.0817687161542	0.0313730797406	-0.0416720770705	0.0784830237843	-0.0132038956692	-0.0516611097725	1.0	-0.0617399107415	-0.0114602143231	-0.00595840682049	0.0183376790905	-0.0305736565988	-0.0559773106092	0.0544472440881	0.00899701992047	0.0296704461666	0.0186679947041	-0.022408286647	0.00810743378653	-0.0523052159536	0.0732940635365	-0.0182031237119	-0.0457245773741	-0.0282833171401	-0.0507858201419	0.0392368773278	-0.0250362812365	-0.0367896732731	0.0139516368096	0.0117984712656	-0.0194355600081	0.00811415070165	-0.0359645257651	-0.0640346256055	0.031698332695	-0.00991956196604	0.0150590589157	-0.0170876728725	0.0502541103965	-0.0272241361756	0.0436371538587
k__Bacteria;p__Bacteroidetes;c__Bacteroidia;o__Bacteroidales;f__Bacteroidaceae;g__Bacteroides;s__Bacteroides_coprophilus	0.00314528904336	-0.000209110126258	-0.0270992209432	-0.00419987524642	0.0175457872392	0.0730982133058	0.0375068601257	-0.0509048128319	-0.042988789972	-0.073864673461	-0.0381309180621	0.00364424164924	0.00243455693329	0.0490900322371	-0.0465481856315	-0.0148933230629	0.00544902822494	-0.0137207845188	-0.0402357016613	0.00766186662866	0.0582049687136	0.0412947676856	-0.0104518579917	-0.064343973685	-0.0617399107415	1.0	-0.0297955256734	-0.0436960046345	-0.030892633471	0.00814054967181	-0.00255989968301	-0.0550013944365	-0.0271074930187	-0.0627046538521	-0.0053432369874	-0.0430441624311	-0.0341248442206	0.0157409392737	-0.0273441634775	0.00120286634118	-0.0136921168812	-0.0392443585386	-0.0438611629152	-0.0209885793562	-0.00790052893669	0.0256433638377	-0.0349411949517	-0.0431969729078	0.0601164456572	0.00988726557687	-0.0890080538233	0.00985698186113	0.0521082661344	0.00993226367284	0.0312104824486	0.0320704223142	-0.0156308684408	0.01891815404	0.0117687437682
k__Bacteria;p__Firmicutes;c__Clostridia;o__Clostridiales;f__Lachnospiraceae;g__Roseburia;s__Roseburia_intestinalis	0.046700642582	-0.0666617287634	-0.0365933983606	-0.00936160422977	-0.00549203303359	-0.00674706985885	0.00949748452555	0.0464305582163	0.0270097971701	-0.0251693397262	0.0180120163255	-0.031369668681	0.0219755929308	0.0181804148628	-0.00781369955709	0.0144303989471	0.0493134872718	0.0231653347468	-0.0326069743826	-0.0405010942731	-0.0446217366145	-0.000660347336638	0.000235448387841	0.0329235087309	-0.0114602143231	-0.0297955256734	1.0	0.0078307376031	-0.00653789948879	-0.0404082287745	0.00924849197272	-0.0061479009512	-0.00981795325637	-0.00076907115944	-0.0182033962249	0.0157954885575	0.00930265048995	-0.0144021289745	-0.0107198198251	-0.0443943479261	0.0294153996978	-0.0419059415024	-0.130050246169	0.0343738633104	0.0140750759356	0.000806000855217	0.0202076406547	-0.0343810218588	-2.51221420692e-05	-0.0366921799466	0.0390086065357	-0.0368472666528	-0.00558258475019	0.0260934845087	0.014560808418	-0.0174157197422	-0.0324868981179	-0.0358297687017	-0.0242782824791
k__Bacteria;p__Firmicutes;c__Clostridia;o__Clostridiales;f__Lachnospiraceae;g__Roseburia;s__Roseburia_hominis	0.00356604777282	-0.000258853828672	-0.0376668585112	0.0247948376453	-0.00508989342568	-0.0301494248405	-0.034999870461	-0.0767422877543	0.0333881444986	-0.0112010755483	0.0609196871721	-0.0364738631169	-0.000963523865751	0.0175773756303	0.0365891908097	0.00686862574957	-0.000870118611364	0.0406222850758	0.0109936336276	-0.00929788580801	-0.0124983050954	0.0457857382748	0.0225913684824	-0.000346541648645	-0.00595840682049	-0.0436960046345	0.0078307376031	1.0	0.00035030594559	-0.0995086434968	-0.0523660762097	-0.0355689281304	-0.0483333224254	0.0367532372551	-0.0331645292398	0.0158155449842	-0.0361919209972	0.0108360797755	0.053851716618	-0.00759337191228	0.0342858156415	0.040300188878	0.0518156854383	-0.0148368256185	0.00210119223316	-0.0220150599519	-0.0214301100877	0.00941643869835	-0.0665887886591	-0.0137637962016	-0.0564279698381	-0.00301674916865	-0.0315089239015	-0.0699617062774	-0.00460054540387	0.0044205675767	-0.035774607819	0.00625536861529	-0.0283754472187
k__Bacteria;p__Bacteroidetes;c__Bacteroidia;o__Bacteroidales;f__Porphyromonadaceae;g__Parabacteroides;s__Parabacteroides_johnsonii	-0.0437888028094	0.0374042757932	-0.0144388481625	0.0100405552258	-0.00240654808755	0.0887500041076	0.0102441327775	-0.05724072061	-0.0516281054548	-0.0332557766371	-0.0126737062349	-0.0364941962516	0.038897972097	0.0371506529309	0.0119906875771	-0.0121078882307	0.0004507630797	0.0455214520289	0.0580705604844	-0.0106388063595	0.0123997927884	-0.0738802902974	0.0279923545364	-0.00802564140899	0.0183376790905	-0.030892633471	-0.00653789948879	0.00035030594559	1.0	-0.0175552831353	0.00322261911754	-0.0320621032814	0.02173211289	-0.0112322107473	-0.0313949573092	-0.0274286771669	0.0563511959066	-0.00650183109125	0.0184879221155	-0.0756705292927	-0.0160990812682	0.0672319529732	-0.00280368572788	-0.0461105660888	-0.069096239941	-0.0181558622876	-0.0155348457676	-0.0148335145698	-0.00845156367049	-0.0101632309324	-0.00547382040192	-0.0233186373171	-0.0727983867478	-0.00272658466132	0.0666196701821	-0.0291145304866	-0.0247501609386	0.00141130325644	-0.0544785881571
k__Bacteria;p__Actinobacteria;c__Actinobacteria;o__Bifidobacteriales;f__Bifidobacteriaceae;g__Bifidobacterium;s__Bifidobacterium_longum	0.000817424950739	-0.0149310762052	0.0287874801988	-0.0291663470103	0.0037774017422	0.00832009301943	0.0573369723866	-0.0368596171055	-0.0598305896683	-0.0187612260406	0.0055718246658	0.0202602941271	-0.0563107642426	0.0824089402348	-0.021838444772	-0.0183040022139	-0.00116375344649	-0.00458083524446	-0.0412320721706	0.0413642803767	0.0150857118162	0.000913482003095	0.0489033360571	-0.00935239557073	-0.0305736565988	0.00814054967181	-0.0404082287745	-0.0995086434968	-0.0175552831353	1.0	-0.00559407348325	-0.00294131670427	0.0352994235914	0.0160991106321	0.0194893551395	-0.0468244891584	-0.0142978223652	-0.0297027254645	-0.0203728414241	0.0254311842001	-0.0307245207873	-0.0344603533798	-0.0202801526805	0.0139633768012	0.0600151914708	-0.00785850490258	-0.0372697803242	0.00518503094592	-0.0167570723301	-0.0319105077238	0.047327174536	-0.0534724884013	-0.00335307144405	-0.019753482025	-0.00303065736252	-0.077304797629	-0.00146200273956	0.0040954839923	-0.127194093017
