#taxonomy	k__Bacteria;p__Bacteroidetes;c__Bacteroidia;o__Bacteroidales;f__Bacteroidaceae;g__Bacteroides;s__Bacteroides_vulgatus	k__Bacteria;p__Bacteroidetes;c__Bacteroidia;o__Bacteroidales;f__Bacteroidaceae;g__Bacteroides;s__Bacteroides_uniformis	k__Bacteria;p__Bacteroidetes;c__Bacteroidia;o__Bacteroidales;f__Rikenellaceae;g__Alistipes;s__Alistipes_putredinis	k__Bacteria;p__Bacteroidetes;c__Bacteroidia;o__Bacteroidales;f__Prevotellaceae;g__Prevotella;s__Prevotella_copri	k__Bacteria;p__Bacteroidetes;c__Bacteroidia;o__Bacteroidales;f__Bacteroidaceae;g__Bacteroides;s__Bacteroides_stercoris	k__Bacteria;p__Bacteroidetes;c__Bacteroidia;o__Bacteroidales;f__Bacteroidaceae;g__Bacteroides;s__Bacteroides_ovatus	k__Bacteria;p__Bacteroidetes;c__Bacteroidia;o__Bacteroidales;f__Rikenellaceae;g__Alistipes;s__Alistipes_shahii	k__Bacteria;p__Firmicutes;c__Clostridia;o__Clostridiales;f__Ruminococcaceae;g__Faecalibacterium;s__Faecalibacterium_prausnitzii	k__Bacteria;p__Bacteroidetes;c__Bacteroidia;o__Bacteroidales;f__Rikenellaceae;g__Alistipes;s__Alistipes_finegoldii	k__Bacteria;p__Bacteroidetes;c__Bacteroidia;o__Bacteroidales;f__Porphyromonadaceae;g__Parabacteroides;s__Parabacteroides_distasonis	k__Bacteria;p__Bacteroidetes;c__Bacteroidia;o__Bacteroidales;f__Bacteroidaceae;g__Bacteroides;s__Bacteroides_thetaiotaomicron	k__Bacteria;p__Bacteroidetes;c__Bacteroidia;o__Bacteroidales;f__Bacteroidaceae;g__Bacteroides;s__Bacteroides_coprocola	k__Bacteria;p__Bacteroidetes;c__Bacteroidia;o__Bacteroidales;f__Bacteroidaceae;g__Bacteroides;s__Bacteroides_cellulosilyticus	k__Bacteria;p__Bacteroidetes;c__Bacteroidia;o__Bacteroidales;f__Rikenellaceae;g__Alistipes;s__Alistipes_obesi	k__Bacteria;p__Firmicutes;c__Clostridia;o__Clostridiales;f__Lachnospiraceae;g__;s__[Eubacterium]_rectale	k__Bacteria;p__Bacteroidetes;c__Bacteroidia;o__Bacteroidales;f__Bacteroidaceae;g__Bacteroides;s__Bacteroides_plebeius	k__Bacteria;p__Bacteroidetes;c__Bacteroidia;o__Bacteroidales;f__Bacteroidaceae;g__Bacteroides;s__Bacteroides_fragilis	k__Bacteria;p__Proteobacteria;c__Betaproteobacteria;o__Burkholderiales;f__Sutterellaceae;g__Sutterella;s__Sutterella_wadsworthensis	k__Bacteria;p__Bacteroidetes;c__Bacteroidia;o__Bacteroidales;f__Porphyromonadaceae;g__Barnesiella;s__Barnesiella_intestinihominis	k__Bacteria;p__Bacteroidetes;c__Bacteroidia;o__Bacteroidales;f__Odoribacteraceae;g__Odoribacter;s__Odoribacter_splanchnicus	k__Bacteria;p__Bacteroidetes;c__Bacteroidia;o__Bacteroidales;f__Bacteroidaceae;g__Bacteroides;s__Bacteroides_salyersiae	k__Bacteria;p__Firmicutes;c__Clostridia;o__Clostridiales;f__Ruminococcaceae;g__Ruminiclostridium;s__[Eubacterium]_siraeum	k__Bacteria;p__Proteobacteria;c__Betaproteobacteria;o__Burkholderiales;f__Sutterellaceae;g__Parasutterella;s__Parasutterella_excrementihominis	k__Bacteria;p__Actinobacteria;c__Actinobacteria;o__Bifidobacteriales;f__Bifidobacteriaceae;g__Bifidobacterium;s__Bifidobacterium_adolescentis	k__Bacteria;p__Firmicutes;c__Clostridia;o__Clostridiales;f__Oscillospiraceae;g__Oscillibacter;s__Oscillibacter_sp._KLE_1745	k__Bacteria;p__Bacteroidetes;c__Bacteroidia;o__Bacteroidales;f__Bacteroidaceae;g__Bacteroides;s__Bacteroides_coprophilus	k__Bacteria;p__Firmicutes;c__Clostridia;o__Clostridiales;f__Lachnospiraceae;g__Roseburia;s__Roseburia_intestinalis	k__Bacteria;p__Firmicutes;c__Clostridia;o__Clostridiales;f__Lachnospiraceae;g__Roseburia;s__Roseburia_hominis	k__Bacteria;p__Bacteroidetes;c__Bacteroidia;o__Bacteroidales;f__Porphyromonadaceae;g__Parabacteroides;s__Parabacteroides_johnsonii	k__Bacteria;p__Actinobacteria;c__Actinobacteria;o__Bifidobacteriales;f__Bifidobacteriaceae;g__Bifidobacterium;s__Bifidobacterium_longum	k__Bacteria;p__Firmicutes;c__Clostridia;o__Clostridiales;f__;g__Flavonifractor;s__Flavonifractor_plautii	k__Bacteria;p__Firmicutes;c__Clostridia;o__Clostridiales;f__Clostridiaceae;g__Clostridium;s__Clostridium_phoceensis	k__Bacteria;p__Verrucomicrobia;c__Verrucomicrobiae;o__Verrucomicrobiales;f__Akkermansiaceae;g__Akkermansia;s__Akkermansia_muciniphila	k__Bacteria;p__Bacteroidetes;c__Bacteroidia;o__Bacteroidales;f__Prevotellaceae;g__Paraprevotella;s__Paraprevotella_xylaniphila	k__Bacteria;p__Firmicutes;c__Clostridia;o__Clostridiales;f__Ruminococcaceae;g__Ruminococcus;s__Ruminococcus_callidus	k__Bacteria;p__Bacteroidetes;c__Bacteroidia;o__Bacteroidales;f__Rikenellaceae;g__Alistipes;s__Alistipes_senegalensis	k__Bacteria;p__Firmicutes;c__Clostridia;o__Clostridiales;f__Lachnospiraceae;g__Blautia;s__Blautia_sp._KLE_1732	k__Bacteria;p__Bacteroidetes;c__Bacteroidia;o__Bacteroidales;f__Bacteroidaceae;g__Bacteroides;s__Bacteroides_oleiciplenus	k__Bacteria;p__Firmicutes;c__Clostridia;o__Clostridiales;f__Ruminococcaceae;g__Ruminococcus;s__Ruminococcus_bicirculans	k__Bacteria;p__Bacteroidetes;c__Bacteroidia;o__Bacteroidales;f__Bacteroidaceae;g__Bacteroides;s__Bacteroides_fluxus	k__Bacteria;p__Bacteroidetes;c__Bacteroidia;o__Bacteroidales;f__Prevotellaceae;g__Prevotella;s__Prevotella_stercorea	k__Bacteria;p__Firmicutes;c__Clostridia;o__Clostridiales;f__Lachnospiraceae;g__Dorea;s__Dorea_longicatena	k__Bacteria;p__Firmicutes;c__Clostridia;o__Clostridiales;f__Eubacteriaceae;g__Eubacterium;s__[Eubacterium]_eligens	k__Bacteria;p__Firmicutes;c__Clostridia;o__Clostridiales;f__Ruminococcaceae;g__;s__Ruminococcaceae_bacterium_D16	k__Bacteria;p__Firmicutes;c__Clostridia;o__Clostridiales;f__Lachnospiraceae;g__Coprococcus;s__Coprococcus_comes	k__Bacteria;p__Proteobacteria;c__Gammaproteobacteria;o__Enterobacterales;f__Enterobacteriaceae;g__Escherichia;s__Escherichia_coli	k__Bacteria;p__Firmicutes;c__Clostridia;o__Clostridiales;f__Ruminococcaceae;g__Anaerotruncus;s__Anaerotruncus_colihominis	k__Bacteria;p__Firmicutes;c__Clostridia;o__Clostridiales;f__Lachnospiraceae;g__Blautia;s__Blautia_obeum	k__Bacteria;p__Bacteroidetes;c__Bacteroidia;o__Bacteroidales;f__Odoribacteraceae;g__Odoribacter;s__Odoribacter_laneus	k__Bacteria;p__Firmicutes;c__Clostridia;o__Clostridiales;f__Ruminococcaceae;g__Ruminiclostridium;s__[Clostridium]_leptum	k__Bacteria;p__Bacteroidetes;c__Bacteroidia;o__Bacteroidales;f__Porphyromonadaceae;g__Parabacteroides;s__Parabacteroides_goldsteinii	k__Bacteria;p__Firmicutes;c__Clostridia;o__Clostridiales;f__Lachnospiraceae;g__Anaerostipes;s__Anaerostipes_hadrus	k__Bacteria;p__Firmicutes;c__Clostridia;o__Clostridiales;f__Ruminococcaceae;g__Ruminococcus;s__Ruminococcus_lactaris	k__Bacteria;p__Firmicutes;c__Clostridia;o__Clostridiales;f__Clostridiaceae;g__Clostridium;s__Clostridium_sp._L2-50	k__Bacteria;p__Firmicutes;c__Clostridia;o__Clostridiales;f__Clostridiaceae;g__Clostridium;s__Clostridium_sp._M62/1	k__Bacteria;p__Firmicutes;c__Clostridia;o__Clostridiales;f__;g__Intestinimonas;s__Intestinimonas_butyriciproducens	k__Bacteria;p__Actinobacteria;c__Actinobacteria;o__Bifidobacteriales;f__Bifidobacteriaceae;g__Bifidobacterium;s__Bifidobacterium_bifidum	k__Bacteria;p__Firmicutes;c__Negativicutes;o__Veillonellales;f__Veillonellaceae;g__Dialister;s__Dialister_invisus	k__Bacteria;p__Bacteroidetes;c__Bacteroidia;o__Bacteroidales;f__Bacteroidaceae;g__Bacteroides;s__Bacteroides_salanitronis
k__Bacteria;p__Bacteroidetes;c__Bacteroidia;o__Bacteroidales;f__Bacteroidaceae;g__Bacteroides;s__Bacteroides_vulgatus	1.0	-0.0419229625976	0.0106938359165	0.00950018977623	-0.0114831503931	-0.00569880327267	0.00251873718619	-0.00774381295859	-0.0606930918322	-0.0249151031458	-0.0418962534743	0.0173829070462	-0.0173750050815	-0.0118079754123	-0.0593932531163	-0.0381164668988	0.0247352154702	-0.00275926667105	-0.0264493566494	0.0233852964417	-0.00789462839694	-0.0230672001863	-0.0280758717597	0.0451454257603	0.00394273036628	0.0144655618858	0.0191642587542	0.0338893176756	-0.0286701901467	0.0291529879274	-0.0120399736775	-0.0737790054501	-0.0468886691017	0.00165593194095	-0.00730636645916	-0.00138270128256	0.0324424798001	-0.0117008023442	0.0423281089539	0.0552332883418	-0.00356059099548	0.0367392688596	0.017647425511	-0.0327927386722	-0.0843478024402	0.0083334217227	0.0204014897657	-0.0329197624799	0.0130689405169	-0.0367028734349	-0.0275675215308	-0.0309718688938	0.0368029730137	-0.0168553256872	0.0230756009971	-0.00930982735717	0.0184841185952	-0.0616560810039	-0.0368504042945
k__Bacteria;p__Bacteroidetes;c__Bacteroidia;o__Bacteroidales;f__Bacteroidaceae;g__Bacteroides;s__Bacteroides_uniformis	-0.0419229625976	1.0	-0.0114942995132	-0.00636861759817	-0.0270199484126	-0.0391367802826	0.0416646112421	-0.0504010610731	0.0422010430455	-0.0708839566906	-0.0713521579729	0.0530333820397	-0.0336105127674	0.0331435199384	0.0158826436503	0.00908562040696	-0.12656880516	-0.0731088144579	-0.0497378278871	0.0356392879942	0.0262330047824	-0.0210082721244	0.0431890935025	-0.000332974866775	-0.010679692711	0.0183518199249	-0.0347773363405	0.017369170806	0.0167195726348	-0.0404191522951	0.034254320647	0.0174456587871	-0.0214767594779	0.0125309213919	-0.0396708716456	0.0316736454285	-0.0435366469807	-0.0465958635105	0.0158190229094	-0.000287402790571	-0.057747231243	-0.0610955718025	-0.0256019514538	0.0196940088952	0.00478556299842	-0.0327851814427	0.00616987630207	-0.0253935037226	0.0190926340993	-0.0327573990675	-0.0513739505313	-0.0271634663191	0.0192882857723	0.0210818388884	-0.050626164701	-0.0355607391623	0.0561824868965	-0.0410787582453	0.0309714788945
k__Bacteria;p__Bacteroidetes;c__Bacteroidia;o__Bacteroidales;f__Rikenellaceae;g__Alistipes;s__Alistipes_putredinis	0.0106938359165	-0.0114942995132	1.0	-0.00824972837152	-0.0581606377817	0.0237832308724	-0.0232036473551	-0.00480900879877	-0.0318426655603	-0.0565434858304	0.0585666678103	0.0207242628235	0.0104558250214	0.0291963837676	0.0559246137101	-0.0696957894628	-0.0761557642961	-0.072283657784	-0.084629833239	0.0405584412741	0.0508199521573	0.0304629982029	-0.0173516767024	-0.045230271262	0.00269606808356	-0.0432706974098	-0.056241306392	-0.0232666541491	-0.00547156800592	-0.0297713427174	0.0500052984094	-0.00268482217954	0.0441544495143	0.0360519508927	0.0350423485234	-0.00746396723008	-0.0125292862985	-0.0245468990991	-0.0389225656723	0.00770826974005	0.0112835047951	-2.60544943713e-05	0.0184618745969	-0.0370809200925	-0.0623061019596	-0.0340259165488	0.00784920104694	-0.00650389776442	0.0119985049316	0.0304572687648	-0.00162268646825	0.0352551919046	0.00690762931099	0.0248513599336	0.0151011100697	-0.0541629226247	-0.00295901501685	0.0455077007482	0.00494537047106
k__Bacteria;p__Bacteroidetes;c__Bacteroidia;o__Bacteroidales;f__Prevotellaceae;g__Prevotella;s__Prevotella_copri	0.00950018977623	-0.00636861759817	-0.00824972837152	1.0	0.0187486801679	0.000195469958175	-0.0197570959179	0.0321647202966	-0.0386623408481	0.0206628718057	0.021230884287	0.00165015966081	0.013833435901	-0.00903820908369	0.0394274179418	-0.00700569546407	0.0466900104049	0.0276247863275	-0.0309166690306	0.0348740227817	-0.111921877564	-0.0143895985499	-0.0076196932044	-0.00689533392031	0.067150244271	-0.066583033663	-0.00932388781423	0.0335644174358	-0.0444079050079	-0.00853880790099	0.0192736070932	0.00337366130576	0.0602300195685	-0.0112023335583	-0.0595187020799	-0.0534457091331	-0.0249946595813	-0.0463498523507	0.00647754604383	0.0363222913235	0.0181410631954	0.031780090271	0.0165722729135	-0.000810002759662	0.016013249375	-0.0324040191909	-0.0461626623383	-0.0410254205002	-0.00730490171964	-0.00106584209428	0.0277144448803	0.0162142415468	-0.0126580310911	-0.0293008476606	-0.0299592869802	-0.0401096019167	-0.0538399764755	0.032226703747	-0.0373451641389
k__Bacteria;p__Bacteroidetes;c__Bacteroidia;o__Bacteroidales;f__Bacteroidaceae;g__Bacteroides;s__Bacteroides_stercoris	-0.0114831503931	-0.0270199484126	-0.0581606377817	0.0187486801679	1.0	-0.02961219803	0.0141569748198	-0.0691341654397	-0.0470697929446	0.0220224121797	0.00590288259364	-0.0329192235565	-0.0478822818941	-0.0430053202025	-0.0396450027137	-0.00686154623309	0.0157543263693	0.0301938235335	0.0302479247519	-0.0994420059192	-0.0287371561901	-0.0486787965225	-0.0279618838918	0.0312317291043	-0.0659237299639	0.0142652285116	0.0252109573653	-0.0297746299304	0.0204405331002	0.00276381091586	-0.00309070310931	-0.0257273603384	0.0348624548301	-0.0757011694335	-0.0827829600714	0.0296274180798	-0.0197790634612	-0.0122096794922	-0.00591713597745	-0.00471702559171	0.015999549788	0.0242489087508	0.0388205222914	-0.00848246923642	0.00970735000386	-0.0148554241145	-0.0163526854605	-0.102784352057	-0.0789646334618	-0.0271610185201	-0.0398612948094	0.0327147285368	-0.0024535904497	0.05349967154	-0.0115024872785	-0.0920990911492	0.0445771481318	-0.0194431560069	-0.0671156575351
k__Bacteria;p__Bacteroidetes;c__Bacteroidia;o__Bacteroidales;f__Bacteroidaceae;g__Bacteroides;s__Bacteroides_ovatus	-0.00569880327267	-0.0391367802826	0.0237832308724	0.000195469958176	-0.02961219803	1.0	-0.0964349576893	0.0557260878989	-0.0163521555531	0.000861719892641	-0.000528018742247	-0.0425109931624	0.00578265720622	0.0264955427348	-0.0720198023156	-0.0377688075258	-0.109122979169	0.0276032470926	0.0328969962638	-0.026593879232	-0.0580063936972	-0.0114552145162	0.0113360722594	-0.00065359240266	0.00890399656326	-0.000585868639838	0.106719956219	-0.0213569756207	-0.0196502933786	-0.0423991532024	0.0246168971907	0.0202387430821	-0.0335217580339	-0.00225046230784	0.0161291352221	-0.0284996736223	-0.0879509283954	0.0111351953968	0.0252462168916	-0.0214324781212	0.0404641558905	-0.00445773585274	-0.0751578327711	0.0421405311865	-0.000417005315935	-0.0211291144197	-0.072999986639	-0.0461637530724	0.0487533939712	0.0264238084214	0.0115234568238	-0.0590132809973	-0.000528808164386	-0.0823229180598	-0.0670382008426	0.0144716692222	-0.0424796854337	-0.0240541398747	-0.075378972489
k__Bacteria;p__Bacteroidetes;c__Bacteroidia;o__Bacteroidales;f__Rikenellaceae;g__Alistipes;s__Alistipes_shahii	0.00251873718619	0.0416646112421	-0.0232036473551	-0.0197570959179	0.0141569748198	-0.0964349576893	1.0	-0.0114622076904	0.0180773963457	-0.0914915031706	0.045111304396	-0.0343326542576	-0.0302151326642	-0.0476374013843	-0.0250365903291	-0.00170491664473	0.00832628964986	-0.0455355136494	0.0471261712042	0.0213274694122	0.0281675353959	-0.0473561924718	-0.021451172675	0.0143880782373	0.000425255318426	-0.00227158688241	0.0126198778202	0.0151976193971	-0.00782807135345	-0.00147126630851	0.00246196025702	-0.0193695907383	0.0278142753999	-0.0335252309998	-0.00802152659047	0.0358645173175	-0.00885882390011	0.0128033542631	-0.0564902453948	0.00319371603835	0.0122968435662	0.0100692869578	-0.018063905534	-0.0209823301363	0.00765220160587	0.0546519408907	0.018871673239	0.0351409861463	-0.0280332537288	0.0210443717156	0.0131522847136	-0.0146396804284	0.00409455504365	-0.00445646782964	0.00412577587041	0.000323259140765	0.0103751644926	-0.0132052794596	-0.0669858964074
k__Bacteria;p__Firmicutes;c__Clostridia;o__Clostridiales;f__Ruminococcaceae;g__Faecalibacterium;s__Faecalibacterium_prausnitzii	-0.00774381295859	-0.0504010610731	-0.00480900879877	0.0321647202966	-0.0691341654397	0.0557260878989	-0.0114622076904	1.0	0.0379085190694	-0.0381212871742	-0.0603201435334	-0.0686208667297	0.0147691048495	-0.00728938369058	0.0035894389436	0.0155031379769	-0.116601041837	-0.0054905005121	-0.0294235160929	0.0309262083361	0.00201977538038	-0.00215653370694	-0.0243576267396	-0.0479688437663	-0.00547417505244	-0.0118872269163	0.00471774847564	0.0170620549538	0.0269223528212	-0.0562323772485	-0.0137029908971	-0.0209598549178	-0.0712162719035	0.00142490340483	0.0534980827208	-0.0615110626666	-0.0355536608101	0.0199010308819	0.00167553590735	-0.00744903811668	0.0329091185949	0.000164414131053	-0.00583531840757	-0.020022302288	0.0469484811262	-0.0445157734165	-0.0339467069524	-0.020200474526	-0.0218749460314	0.0225927617008	-0.0236427119509	-0.0307102781706	0.000531031479619	-0.00822258029478	0.0261849965346	0.0704343840483	-0.0180382281655	-0.00627043127516	-0.0433583329919
k__Bacteria;p__Bacteroidetes;c__Bacteroidia;o__Bacteroidales;f__Rikenellaceae;g__Alistipes;s__Alistipes_finegoldii	-0.0606930918322	0.0422010430455	-0.0318426655603	-0.0386623408481	-0.0470697929446	-0.0163521555531	0.0180773963457	0.0379085190694	1.0	-0.0501893443941	-0.0587778328305	0.0255676863395	-0.00362782039141	0.0308583668738	-0.0226912005718	0.018895258615	-0.00179873513542	-0.0462848240735	-0.0086594645628	0.0210755050169	-0.0815264669996	0.0124419026777	-0.00841480690366	-0.0429588868113	0.018457365747	-0.0550931098498	-0.0176664975773	-0.0330018361996	-0.0189306253631	0.0230627190649	-0.0223797605222	-0.040017025705	-0.0621757222323	0.0304070920521	0.0323195362058	0.0531824213486	0.0243397235585	-0.0391549871311	0.0153109539614	-0.0188008577091	-0.0520405389968	-0.00683789172638	0.0304254776633	-0.0156797737258	-0.023379649998	-0.0776819601265	-0.0318760471954	0.0204670167789	-0.0429424920274	-0.0185219390449	0.00761452650985	0.0326003857125	-0.0188533159463	-0.0182269461048	0.0198587496119	-0.00417342790038	0.0506380033276	0.0217363069786	-0.00756020844212
k__Bacteria;p__Bacteroidetes;c__Bacteroidia;o__Bacteroidales;f__Porphyromonadaceae;g__Parabacteroides;s__Parabacteroides_distasonis	-0.0249151031458	-0.0708839566906	-0.0565434858304	0.0206628718057	0.0220224121797	0.000861719892641	-0.0914915031706	-0.0381212871742	-0.0501893443941	1.0	0.0277644174236	-0.0183973481803	-0.0100342032703	0.0341908025361	-0.0160232700711	-0.00460892758421	0.0283106406681	0.00134482532927	0.0551689775682	-0.0107384296556	0.00971045775909	0.00517772515237	-0.043132833173	0.0192005768881	0.000825896704367	-0.0122191410936	-0.0516763026288	-0.0442852937711	0.0216767976277	0.00985170291695	-0.0211657817304	0.0198240359799	-0.0101495131678	0.00182829956902	-0.0645240122423	-0.0547560599004	-0.00268482927258	0.0412811505222	0.0345878469364	0.0067053944913	-0.0815715406478	-0.0421428018153	0.0186970584345	0.00615528912441	0.0159770278753	0.0158176496136	-0.0184096139337	-0.0400464814614	-0.0318514999102	0.0575037853667	-0.0292863139685	-0.0191381678871	-0.0354533213601	-0.0386498268305	0.00504733636557	0.0462296583645	-0.0299127790994	-0.00276335049833	-0.026379151588
k__Bacteria;p__Bacteroidetes;c__Bacteroidia;o__Bacteroidales;f__Bacteroidaceae;g__Bacteroides;s__Bacteroides_thetaiotaomicron	-0.0418962534743	-0.0713521579729	0.0585666678103	0.021230884287	0.00590288259364	-0.000528018742247	0.045111304396	-0.0603201435334	-0.0587778328305	0.0277644174236	1.0	0.002549747202	-0.00682224619361	7.67626104041e-05	-0.0796807601658	-0.0253919896985	-0.0588282698444	-0.0168449930101	0.0282404589419	-0.0162532036173	0.0243922588106	-0.0351804021847	-0.0332641967871	-0.0373341736891	-0.0310213051322	-0.0138028096898	0.0213743536985	0.0429541603154	-0.0516581632487	0.0150031960647	0.000612482720705	-0.0386378224875	0.0544295891047	0.0294917336174	0.0629670187292	-0.0509409544802	-0.0198426158658	-0.0827593854048	-0.0513271254493	-0.000877912055458	-0.0268697088666	0.00578121688654	0.0183324520134	-0.0486085544213	0.00550425286932	0.0330353538157	-0.0125795477182	-0.0193950903175	-0.0127475505011	0.035763609152	0.00681677415481	0.0441539584328	-0.0557505698225	-0.0286404178353	0.018529846368	-0.0449839463198	-0.010923909986	0.0606705682436	-0.0409928118831
k__Bacteria;p__Bacteroidetes;c__Bacteroidia;o__Bacteroidales;f__Bacteroidaceae;g__Bacteroides;s__Bacteroides_coprocola	0.0173829070462	0.0530333820397	0.0207242628235	0.00165015966081	-0.0329192235565	-0.0425109931624	-0.0343326542576	-0.0686208667297	0.0255676863395	-0.0183973481803	0.002549747202	1.0	-0.0151590629649	-0.0414327970836	0.0462729526425	0.03990383902	0.0674260632421	-0.0278893373063	0.0482452698627	-0.0551373055984	0.0100747901234	0.0215937211717	-0.0592641807839	0.0329966785517	0.0209770681468	0.0159742205406	0.0153366875639	-0.00280162149996	-0.0360487316487	-0.0452455010358	-0.0979237075693	-0.0525267765461	0.0176166580771	0.0290248966212	-0.0246619631457	-0.014595506512	-0.0267159397268	0.00931587713741	0.0066381880202	0.0500400361248	0.0174776770471	-0.00128528987589	0.0424761321096	-0.0131451596683	-0.0025799972283	0.00319996901836	0.0662971278505	0.00192957661877	0.0274463850956	-0.0460335873583	-0.0579426136294	0.0392937457615	-0.0434980459168	0.0080918960367	-0.0144049342824	-0.0171084383477	-0.0322247748848	-0.137308189127	0.00985757966369
k__Bacteria;p__Bacteroidetes;c__Bacteroidia;o__Bacteroidales;f__Bacteroidaceae;g__Bacteroides;s__Bacteroides_cellulosilyticus	-0.0173750050815	-0.0336105127674	0.0104558250214	0.013833435901	-0.0478822818941	0.00578265720622	-0.0302151326642	0.0147691048495	-0.00362782039141	-0.0100342032703	-0.00682224619361	-0.0151590629649	1.0	-0.0115308000114	0.0313593290592	0.0156071731345	0.00800238986654	-0.00399459813385	-0.0709396200707	0.0927169909713	-0.0990117699837	0.0539622113759	-0.00265723179696	-0.0233459434445	0.0252371184757	-0.0160248466945	-0.0470064857875	0.036889786116	-0.0436425415107	-0.062521460076	-0.034845277126	-0.0108415521466	0.0475026020578	0.0120540679072	-0.0301525957715	0.00176817512449	0.037021453919	-0.0615539744032	0.0237290241401	-0.0192364809543	-0.018485578201	0.0517587256267	-0.0193085360252	0.00603775158428	-0.0174968266075	0.000357774541547	-0.0209875939079	-0.00378349480603	-0.00487399749823	0.0528102786393	0.0100633356088	-0.00579082202692	-0.0542702123423	-0.031024163412	-0.0306635342987	0.00329284792295	0.0578879579961	0.0382438001873	0.0224929022942
k__Bacteria;p__Bacteroidetes;c__Bacteroidia;o__Bacteroidales;f__Rikenellaceae;g__Alistipes;s__Alistipes_obesi	-0.0118079754123	0.0331435199384	0.0291963837676	-0.00903820908369	-0.0430053202025	0.0264955427348	-0.0476374013843	-0.00728938369058	0.0308583668738	0.0341908025361	7.67626104041e-05	-0.0414327970836	-0.0115308000114	1.0	0.00280369588567	-0.0594632206957	-0.042238283068	-0.0400222609942	-0.0307721606816	0.018131011457	-0.0263645423239	-0.000816742103517	0.016906020936	-0.0264975784003	0.00668111611379	0.0583653930667	-0.0191990857683	-0.0306541799322	0.0159197411733	-0.0340249328471	0.0123195623619	-0.0334704434674	-0.0419710316228	0.0118602943611	-0.0780128441832	0.0841623683978	-0.0527481098397	0.000270752314571	0.0171351462802	0.0284376640314	0.0468774203706	0.0251610591457	-0.0404687429757	-0.0128026884637	-0.0276823063842	-0.0652915494784	0.0156631022572	-0.00418198316893	0.0165691914655	-0.00242255224043	0.000818773067147	-0.017370399505	0.0261201083429	-0.00435044710419	-0.00681435409765	-0.043944266552	-0.0458030839502	-0.00954191342484	0.00589429042238
k__Bacteria;p__Firmicutes;c__Clostridia;o__Clostridiales;f__Lachnospiraceae;g__;s__[Eubacterium]_rectale	-0.0593932531163	0.0158826436503	0.0559246137101	0.0394274179418	-0.0396450027137	-0.0720198023156	-0.0250365903291	0.0035894389436	-0.0226912005718	-0.0160232700711	-0.0796807601658	0.0462729526425	0.0313593290592	0.00280369588567	1.0	-0.0394052686473	0.00620362534539	-0.0125269665487	-0.0322122186501	-0.0166950609454	0.0879786720812	0.0178340634621	-0.0130183263612	-0.00839836115117	0.0345120351346	-0.0418433560475	-0.0248747267299	-0.0481563774009	-0.0635093640698	-0.00383758968295	0.0407453645938	0.0151605636719	0.0284543877639	-0.00386523596751	0.00377668192356	0.00492783776736	-0.0550760597413	0.0301998624584	0.0530620395079	-0.0118720791154	0.00301218507264	-0.0540913429211	-0.00217234127414	-0.0497378541616	-0.0145174297464	-0.0217239954351	0.000234083552823	0.0300153651075	0.0124246269325	-0.0302007584111	-0.00977184662887	-0.033902650173	-0.0604141852136	0.00687724184748	-0.00862227358994	-0.0310055806219	-0.0121638551862	-0.030249849313	0.0157834088662
k__Bacteria;p__Bacteroidetes;c__Bacteroidia;o__Bacteroidales;f__Bacteroidaceae;g__Bacteroides;s__Bacteroides_plebeius	-0.0381164668988	0.00908562040696	-0.0696957894628	-0.00700569546407	-0.00686154623309	-0.0377688075258	-0.00170491664473	0.0155031379769	0.018895258615	-0.00460892758421	-0.0253919896985	0.03990383902	0.0156071731345	-0.0594632206957	-0.0394052686473	1.0	-0.0305721745677	-0.0822287927842	-0.0254857664398	-0.0280878622905	-0.004073123231	0.0364522045533	0.000457460749711	0.0223170538659	-0.0666819119287	0.0254206533993	0.0762110331156	-0.0457449029009	0.0189247021796	0.0316063090093	-0.0372106896623	0.0395149631408	0.0239662167994	0.0350917991485	-0.0185042822295	-0.0262438318799	-0.0164954425754	0.00208950942992	-0.047941432514	0.0355785483401	0.0151996969002	0.0600524574453	-0.0152465687458	-0.0312149259875	-0.0478655769359	-0.0333392732652	3.91718942524e-05	-0.0971156731638	-0.0137582077168	0.00861461313078	-0.0294256440228	0.0527981666111	-0.024028607232	-0.00176102526938	0.00454312535247	-0.0182753941474	-0.0148166739004	-0.0184920889815	-0.0151234367167
k__Bacteria;p__Bacteroidetes;c__Bacteroidia;o__Bacteroidales;f__Bacteroidaceae;g__Bacteroides;s__Bacteroides_fragilis	0.0247352154702	-0.12656880516	-0.0761557642961	0.0466900104049	0.0157543263693	-0.109122979169	0.00832628964986	-0.116601041837	-0.00179873513542	0.0283106406681	-0.0588282698444	0.0674260632421	0.00800238986654	-0.042238283068	0.00620362534539	-0.0305721745677	1.0	-0.0017202315909	-0.0243970090044	-0.00947665378157	-0.0816620154652	-0.00178576970317	-0.0128615774627	0.000974247575449	0.0117856810547	-0.00708595418917	-0.0500991360242	0.0293902300983	-0.0524402634544	-0.00821712055872	0.030073635668	0.0194039519561	-0.0451751436427	-0.0010358280823	0.0163192363275	0.0338083278211	0.0967209983647	-0.0573461507014	0.0248084231544	0.00693275809828	-0.0225100336576	-0.0477111735572	0.0514355309753	0.0504246080911	0.0444647124058	-0.0490437195764	-0.0256832809675	-0.0175482828339	-0.0102546007635	0.00552784739551	-0.00750995061163	-0.057686374493	0.0355632106056	0.0206194328561	0.051865112255	0.0158674644815	0.0116636199267	-0.0164547147053	0.00466528130691
k__Bacteria;p__Proteobacteria;c__Betaproteobacteria;o__Burkholderiales;f__Sutterellaceae;g__Sutterella;s__Sutterella_wadsworthensis	-0.00275926667105	-0.0731088144579	-0.072283657784	0.0276247863275	0.0301938235335	0.0276032470926	-0.0455355136494	-0.0054905005121	-0.0462848240735	0.00134482532927	-0.0168449930101	-0.0278893373063	-0.00399459813385	-0.0400222609942	-0.0125269665487	-0.0822287927842	-0.0017202315909	1.0	0.00670685991776	-0.0366984422753	0.00070141785981	0.00521844970686	0.0215459015659	0.00951780076143	0.0457890181332	0.0194455318766	-0.022549626573	-0.018573373148	-0.0247537678714	0.0548523119523	-0.00127654871	-0.0247559123968	-0.0302543325916	-0.0850319575669	0.0302473780407	-0.00697563020958	0.0082892921398	-0.0199180624329	-0.0377710215472	0.0417800517183	0.0247343859363	-0.0215356901058	0.0344403533846	-0.00115537129888	0.0298258248117	0.0185714305584	0.016139823568	-0.0217711212697	0.0183719192612	0.0249246993872	-0.0113404089669	-0.00773464607964	-0.0437934912881	-0.0135032798391	-0.0642966503262	0.00912925175092	-0.00823334879369	-0.00718875445559	-0.00522694935754
k__Bacteria;p__Bacteroidetes;c__Bacteroidia;o__Bacteroidales;f__Porphyromonadaceae;g__Barnesiella;s__Barnesiella_intestinihominis	-0.0264493566494	-0.0497378278871	-0.084629833239	-0.0309166690306	0.0302479247519	0.0328969962638	0.0471261712042	-0.0294235160929	-0.0086594645628	0.0551689775682	0.0282404589419	0.0482452698627	-0.0709396200707	-0.0307721606816	-0.0322122186501	-0.0254857664398	-0.0243970090044	0.00670685991776	1.0	0.0367062478634	-0.0541365729698	0.0247705061429	0.0434743074088	0.0264433634786	-0.058076693153	-0.0108449566251	-0.0324938705012	0.0462979147337	-0.0130564975657	0.0118596231486	-0.0424825737044	0.065764537405	-0.0261852622298	-0.0511666867117	-0.0424707666851	-0.0480350456641	-0.000335512299285	0.0189885964162	-0.0205417413474	-0.00929276475492	0.0391634706993	-0.0417324559702	-0.0175804372171	-0.0183102622928	-0.0138776237222	-0.0313179719531	0.0180678942201	-0.0088736968746	0.00978999653935	-0.0178752363439	-0.0609866684928	-0.0614536125307	0.013316976239	0.0165660565908	-0.0412694751911	0.0427870559815	0.0357918419865	-0.0685288987282	-0.0255446488925
k__Bacteria;p__Bacteroidetes;c__Bacteroidia;o__Bacteroidales;f__Odoribacteraceae;g__Odoribacter;s__Odoribacter_splanchnicus	0.0233852964417	0.0356392879942	0.0405584412741	0.0348740227817	-0.0994420059192	-0.026593879232	0.0213274694122	0.0309262083361	0.0210755050169	-0.0107384296556	-0.0162532036173	-0.0551373055984	0.0927169909713	0.018131011457	-0.0166950609454	-0.0280878622905	-0.00947665378157	-0.0366984422753	0.0367062478634	1.0	0.0306769091788	-0.00312130686411	-0.0293950085442	-0.0205461777826	-0.00565772116057	0.0222556069744	-0.00678022657197	0.00740516470514	-0.0198908611708	-0.102312207063	-0.0370829440326	-0.0455871180611	-0.0352916790962	-0.0267995962419	-0.0288785916449	0.0118046440238	0.0442063783387	0.0201441552989	0.0442841370307	-0.0290755827845	-0.0319759984853	-0.00503720633102	0.0199321569511	-0.0542011294349	-0.023273658473	-0.0148248302835	-0.0372991633381	0.00269869894993	0.00263368179433	-0.0206952952038	0.0531687270804	-0.0102915826437	0.0210962622659	-0.0417160813837	-0.0252831200108	-0.00736196373954	0.0351389800939	0.0151592262447	-0.00882097170993
k__Bacteria;p__Bacteroidetes;c__Bacteroidia;o__Bacteroidales;f__Bacteroidaceae;g__Bacteroides;s__Bacteroides_salyersiae	-0.00789462839694	0.0262330047824	0.0508199521573	-0.111921877564	-0.0287371561901	-0.0580063936972	0.0281675353959	0.00201977538038	-0.0815264669996	0.00971045775909	0.0243922588106	0.0100747901234	-0.0990117699837	-0.0263645423239	0.0879786720812	-0.004073123231	-0.0816620154652	0.00070141785981	-0.0541365729698	0.0306769091788	1.0	-0.033771652431	0.00667865864438	0.0189511979957	-0.0294291762715	-0.0288204204919	0.0120548530136	0.0497245224338	0.0252176804578	0.025769693171	-0.0136052818532	-0.0303224998031	-0.0946009065692	-0.0414719436209	0.00989298722007	0.0338152583663	-0.0496708276447	0.0955132587681	0.0517697446563	0.00785758183177	-0.00632278380339	0.00517501399532	-0.00385149533034	-0.0567604081439	-0.0210799454942	0.0340538501264	0.0824837808976	-0.01678453969	-0.00693214596708	-0.0378826768546	-0.0349436178528	-0.0396654634076	0.0235603033385	-0.0198926671677	-0.0208971375796	-0.0413034089379	-0.0658241889943	-0.00151022110196	0.0266275723564
k__Bacteria;p__Firmicutes;c__Clostridia;o__Clostridiales;f__Ruminococcaceae;g__Ruminiclostridium;s__[Eubacterium]_siraeum	-0.0230672001863	-0.0210082721244	0.0304629982029	-0.0143895985499	-0.0486787965225	-0.0114552145162	-0.0473561924718	-0.00215653370694	0.0124419026777	0.00517772515237	-0.0351804021847	0.0215937211717	0.0539622113759	-0.000816742103517	0.0178340634621	0.0364522045533	-0.00178576970317	0.00521844970686	0.0247705061429	-0.00312130686411	-0.033771652431	1.0	0.0077250431314	0.0446582953228	0.0233596252125	-0.00250779177642	-0.066725273929	-0.0315202766616	0.00949855372939	0.0245060578823	-0.0581636795931	0.0316746876474	-0.0329554345162	0.0483907420363	0.00307855076812	-0.0130718556616	-0.0430150978825	0.00254391980073	-0.00036942797764	-0.0258281320181	0.00307653721401	0.0431976757709	-0.0022339082344	0.0612598083801	-0.0043190011702	-0.0230075951853	0.0325435174125	0.0123207635625	-0.0127994613535	-0.0931061862864	-0.00310102410294	0.0483402218134	0.0488204054622	0.0658583151024	-0.0805095682891	0.0213912662125	-0.0233596686105	-0.027147707499	0.0476833471518
k__Bacteria;p__Proteobacteria;c__Betaproteobacteria;o__Burkholderiales;f__Sutterellaceae;g__Parasutterella;s__Parasutterella_excrementihominis	-0.0280758717597	0.0431890935025	-0.0173516767024	-0.0076196932044	-0.0279618838918	0.0113360722594	-0.021451172675	-0.0243576267396	-0.00841480690366	-0.043132833173	-0.0332641967871	-0.0592641807839	-0.00265723179696	0.016906020936	-0.0130183263612	0.000457460749711	-0.0128615774627	0.0215459015659	0.0434743074088	-0.0293950085442	0.00667865864438	0.0077250431314	1.0	-0.0144172386648	-0.0806807932445	-0.06393635756	-0.0674120869776	0.00125954379827	-0.0409358280958	-0.0438729835417	-0.0371895246586	-0.00809926886372	-0.00950189270063	0.019902082617	-0.0475188283952	0.00938931481849	-0.0331106528478	0.016222546259	0.0392011516922	-0.0558747397611	-0.0323444415508	0.00816452290172	-0.00724276907895	0.0116663280699	-0.014936641301	0.00724107762238	-0.0611698947993	-0.0661807919493	-5.19379963869e-05	-0.00321344597613	0.0138866532185	-0.0059017670395	-0.031545495555	-0.0522133685764	0.00239453802347	0.0289587718822	0.0419105323748	-0.0413131922466	0.0171258842708
k__Bacteria;p__Actinobacteria;c__Actinobacteria;o__Bifidobacteriales;f__Bifidobacteriaceae;g__Bifidobacterium;s__Bifidobacterium_adolescentis	0.0451454257603	-0.000332974866775	-0.045230271262	-0.00689533392031	0.0312317291043	-0.00065359240266	0.0143880782373	-0.0479688437663	-0.0429588868113	0.0192005768881	-0.0373341736891	0.0329966785517	-0.0233459434445	-0.0264975784003	-0.00839836115117	0.0223170538659	0.000974247575449	0.00951780076143	0.0264433634786	-0.0205461777826	0.0189511979957	0.0446582953228	-0.0144172386648	1.0	0.001776379506	0.0601135864099	-0.0362516848524	-0.0291651199559	-0.00752355095223	-0.0237690402755	-0.0555791471249	-0.0343398706274	-0.00119298083354	-0.0146774070491	0.0422717576364	-0.0247215243198	0.0625079457556	-0.0291915995742	-0.102490815675	0.0243881580567	0.0304294721527	-0.000559072866668	-0.00286590690769	0.0773480070845	-0.00696532232292	0.0491003366521	0.00577277971609	-0.00958819980159	-0.0316881998769	0.0390612841934	-0.0588237411986	-0.0310311579904	0.0180316563012	0.0274162543832	0.0381119565738	-0.00563122155002	0.018921382284	-0.0205205416942	-0.0513213041173
k__Bacteria;p__Firmicutes;c__Clostridia;o__Clostridiales;f__Oscillospiraceae;g__Oscillibacter;s__Oscillibacter_sp._KLE_1745	0.00394273036628	-0.010679692711	0.00269606808356	0.067150244271	-0.0659237299639	0.00890399656326	0.000425255318426	-0.00547417505244	0.018457365747	0.000825896704367	-0.0310213051322	0.0209770681468	0.0252371184757	0.00668111611379	0.0345120351346	-0.0666819119287	0.0117856810547	0.0457890181332	-0.058076693153	-0.00565772116057	-0.0294291762715	0.0233596252125	-0.0806807932445	0.001776379506	1.0	0.0431350746932	-0.0107659997971	-0.00321684336213	-0.0140527179013	-0.0170228086525	-0.0177557903289	0.0375232729198	-0.0309954149998	0.00947260609753	-0.0648819610711	-0.0227552688708	-0.0179092331531	0.0353378491273	-0.0682558066912	0.011015224001	0.0839538890414	0.0127174084763	0.00376236390415	0.004889724409	-0.00364858509215	0.0140925738371	-0.0488699882615	0.0722422506627	-0.0503620370765	-0.0341447019659	-0.0511533596656	0.0329341681309	0.0227157851341	-0.0836990580386	-0.0488881072262	0.0221530710464	-0.0637260083715	-0.0318560551034	0.0516636552561
k__Bacteria;p__Bacteroidetes;c__Bacteroidia;o__Bacteroidales;f__Bacteroidaceae;g__Bacteroides;s__Bacteroides_coprophilus	0.0144655618858	0.0183518199249	-0.0432706974098	-0.066583033663	0.0142652285116	-0.000585868639838	-0.00227158688241	-0.0118872269163	-0.0550931098498	-0.0122191410936	-0.0138028096898	0.0159742205406	-0.0160248466945	0.0583653930667	-0.0418433560475	0.0254206533993	-0.00708595418917	0.0194455318766	-0.0108449566251	0.0222556069744	-0.0288204204919	-0.00250779177642	-0.06393635756	0.0601135864099	0.0431350746932	1.0	-0.0185367964152	0.0164222720444	-0.0550978663872	0.0650782354965	0.0578446674861	-0.00993534149855	0.000283598128984	0.0034094824438	-0.0213394592049	-0.0534132140932	-0.0676479699998	0.0279127229104	-0.020831174983	-0.0270720037947	-0.0140139735337	-0.0267418276307	-0.0294599477479	0.00589871428274	-0.00298638352412	-0.0248962513212	-0.00489431129655	0.0373234956345	0.0336242000341	0.0437302531908	-0.0398263639962	-0.0318032239474	0.0475959773996	-0.0281718880286	-0.0371804330567	-0.0465022955483	-0.0173827057981	-0.0258012365793	-0.0578861718176
k__Bacteria;p__Firmicutes;c__Clostridia;o__Clostridiales;f__Lachnospiraceae;g__Roseburia;s__Roseburia_intestinalis	0.0191642587542	-0.0347773363405	-0.056241306392	-0.00932388781423	0.0252109573653	0.106719956219	0.0126198778202	0.00471774847564	-0.0176664975773	-0.0516763026288	0.0213743536985	0.0153366875639	-0.0470064857875	-0.0191990857683	-0.0248747267299	0.0762110331156	-0.0500991360242	-0.022549626573	-0.0324938705012	-0.00678022657197	0.0120548530136	-0.066725273929	-0.0674120869776	-0.0362516848524	-0.0107659997971	-0.0185367964152	1.0	-0.0323431422021	0.00890485230455	-0.0337527536756	0.0128238577742	0.0397650917092	-0.0355750222243	0.0592507762187	0.0140599322525	-0.0149063166417	0.0123451559644	-0.046941173912	0.00526923597288	0.037438252691	-0.0158507744393	0.00804691783655	-0.00123236850019	0.0239630291599	-0.0575568514543	-0.0271090562755	0.0107616005037	-0.0336988921337	0.0191076159489	-0.0245763084895	-0.00737369366225	0.00194265462537	-0.064883454875	-0.0373509441991	-0.0290556470805	0.000117717493328	-0.000437121960282	-0.0166962061164	-0.00821724525599
k__Bacteria;p__Firmicutes;c__Clostridia;o__Clostridiales;f__Lachnospiraceae;g__Roseburia;s__Roseburia_hominis	0.0338893176756	0.017369170806	-0.0232666541491	0.0335644174358	-0.0297746299304	-0.0213569756207	0.0151976193971	0.0170620549538	-0.0330018361996	-0.0442852937711	0.0429541603154	-0.00280162149996	0.036889786116	-0.0306541799322	-0.0481563774009	-0.0457449029009	0.0293902300983	-0.018573373148	0.0462979147337	0.00740516470514	0.0497245224338	-0.0315202766616	0.00125954379827	-0.0291651199559	-0.00321684336213	0.0164222720444	-0.0323431422021	1.0	-0.00402131914009	-0.0588058154225	0.0102889587985	0.0334590254395	-0.00745212983835	-0.0389209639253	0.0070054707625	0.0746009611056	0.0454869309123	-0.115172730189	0.00735253708448	-0.0125214402759	-0.00731921833081	0.0014518582936	-0.0483209223825	-0.0511911546237	-0.0781865861207	-0.0236589903404	-0.0175859937371	0.0225826794045	-0.0432134286292	-0.0222885152266	-0.0192489813483	-0.00596903901024	-0.0295435905958	0.0447685958713	0.0654531172448	-0.0431436174867	0.0413020754335	-0.0544399315262	-0.00958151910364
k__Bacteria;p__Bacteroidetes;c__Bacteroidia;o__Bacteroidales;f__Porphyromonadaceae;g__Parabacteroides;s__Parabacteroides_johnsonii	-0.0286701901467	0.0167195726348	-0.00547156800592	-0.0444079050079	0.0204405331002	-0.0196502933786	-0.00782807135345	0.0269223528212	-0.0189306253631	0.0216767976277	-0.0516581632487	-0.0360487316487	-0.0436425415107	0.0159197411733	-0.0635093640698	0.0189247021796	-0.0524402634544	-0.0247537678714	-0.0130564975657	-0.0198908611708	0.0252176804578	0.00949855372939	-0.0409358280958	-0.00752355095223	-0.0140527179013	-0.0550978663872	0.00890485230455	-0.00402131914009	1.0	-0.0178635882715	0.032096214018	-0.0493128341275	-0.036629990242	-0.0373492341079	-0.026857341192	-0.0031622342577	-0.0280444920607	-0.000910646949405	0.0435204160051	0.0121967826437	-0.0103857155774	0.0361043926423	-0.0117901234315	-0.0421404688795	-0.0159355100864	0.063651057086	-0.0505336353408	-0.0454039947193	-0.0171950952105	0.016681722439	0.0106433730728	-0.017721204833	-0.0687481171045	0.0191785490262	-0.0390716435884	-0.00520097192704	0.0240716566609	0.00349496502518	-0.000568838532904
k__Bacteria;p__Actinobacteria;c__Actinobacteria;o__Bifidobacteriales;f__Bifidobacteriaceae;g__Bifidobacterium;s__Bifidobacterium_longum	0.0291529879274	-0.0404191522951	-0.0297713427175	-0.00853880790099	0.00276381091586	-0.0423991532024	-0.00147126630851	-0.0562323772485	0.0230627190649	0.00985170291695	0.0150031960647	-0.0452455010358	-0.062521460076	-0.0340249328471	-0.00383758968295	0.0316063090093	-0.00821712055872	0.0548523119523	0.0118596231486	-0.102312207063	0.025769693171	0.0245060578823	-0.0438729835417	-0.0237690402755	-0.0170228086525	0.0650782354965	-0.0337527536756	-0.0588058154225	-0.0178635882715	1.0	-0.018804891518	-0.0066085694314	-0.000644746011643	-0.000949303787256	-0.0319985352054	-0.0747755866497	0.0211357975242	-0.0597512103562	-0.00164698319311	0.0715973387263	0.0278270315022	0.012384523272	0.0054661515458	0.0214889974624	-0.0461479677212	-0.00940378934305	-0.00816896065813	-0.0592906713884	0.0415771178074	-0.0392709344385	0.0331394896256	0.0141482631801	0.0389782512619	-0.0507586643949	-0.051596968852	-0.00254677047312	-0.0274606272465	0.00234332025985	0.0171185718873
