#taxonomy	k__Bacteria;p__Bacteroidetes;c__Bacteroidia;o__Bacteroidales;f__Bacteroidaceae;g__Bacteroides;s__Bacteroides_vulgatus	k__Bacteria;p__Bacteroidetes;c__Bacteroidia;o__Bacteroidales;f__Bacteroidaceae;g__Bacteroides;s__Bacteroides_uniformis	k__Bacteria;p__Bacteroidetes;c__Bacteroidia;o__Bacteroidales;f__Rikenellaceae;g__Alistipes;s__Alistipes_putredinis	k__Bacteria;p__Bacteroidetes;c__Bacteroidia;o__Bacteroidales;f__Prevotellaceae;g__Prevotella;s__Prevotella_copri	k__Bacteria;p__Bacteroidetes;c__Bacteroidia;o__Bacteroidales;f__Bacteroidaceae;g__Bacteroides;s__Bacteroides_stercoris	k__Bacteria;p__Bacteroidetes;c__Bacteroidia;o__Bacteroidales;f__Bacteroidaceae;g__Bacteroides;s__Bacteroides_ovatus	k__Bacteria;p__Bacteroidetes;c__Bacteroidia;o__Bacteroidales;f__Rikenellaceae;g__Alistipes;s__Alistipes_shahii	k__Bacteria;p__Firmicutes;c__Clostridia;o__Clostridiales;f__Ruminococcaceae;g__Faecalibacterium;s__Faecalibacterium_prausnitzii	k__Bacteria;p__Bacteroidetes;c__Bacteroidia;o__Bacteroidales;f__Rikenellaceae;g__Alistipes;s__Alistipes_finegoldii	k__Bacteria;p__Bacteroidetes;c__Bacteroidia;o__Bacteroidales;f__Porphyromonadaceae;g__Parabacteroides;s__Parabacteroides_distasonis	k__Bacteria;p__Bacteroidetes;c__Bacteroidia;o__Bacteroidales;f__Bacteroidaceae;g__Bacteroides;s__Bacteroides_thetaiotaomicron	k__Bacteria;p__Bacteroidetes;c__Bacteroidia;o__Bacteroidales;f__Bacteroidaceae;g__Bacteroides;s__Bacteroides_coprocola	k__Bacteria;p__Bacteroidetes;c__Bacteroidia;o__Bacteroidales;f__Bacteroidaceae;g__Bacteroides;s__Bacteroides_cellulosilyticus	k__Bacteria;p__Bacteroidetes;c__Bacteroidia;o__Bacteroidales;f__Rikenellaceae;g__Alistipes;s__Alistipes_obesi	k__Bacteria;p__Firmicutes;c__Clostridia;o__Clostridiales;f__Lachnospiraceae;g__;s__[Eubacterium]_rectale	k__Bacteria;p__Bacteroidetes;c__Bacteroidia;o__Bacteroidales;f__Bacteroidaceae;g__Bacteroides;s__Bacteroides_plebeius	k__Bacteria;p__Bacteroidetes;c__Bacteroidia;o__Bacteroidales;f__Bacteroidaceae;g__Bacteroides;s__Bacteroides_fragilis	k__Bacteria;p__Proteobacteria;c__Betaproteobacteria;o__Burkholderiales;f__Sutterellaceae;g__Sutterella;s__Sutterella_wadsworthensis	k__Bacteria;p__Bacteroidetes;c__Bacteroidia;o__Bacteroidales;f__Porphyromonadaceae;g__Barnesiella;s__Barnesiella_intestinihominis	k__Bacteria;p__Bacteroidetes;c__Bacteroidia;o__Bacteroidales;f__Odoribacteraceae;g__Odoribacter;s__Odoribacter_splanchnicus	k__Bacteria;p__Bacteroidetes;c__Bacteroidia;o__Bacteroidales;f__Bacteroidaceae;g__Bacteroides;s__Bacteroides_salyersiae	k__Bacteria;p__Firmicutes;c__Clostridia;o__Clostridiales;f__Ruminococcaceae;g__Ruminiclostridium;s__[Eubacterium]_siraeum	k__Bacteria;p__Proteobacteria;c__Betaproteobacteria;o__Burkholderiales;f__Sutterellaceae;g__Parasutterella;s__Parasutterella_excrementihominis	k__Bacteria;p__Actinobacteria;c__Actinobacteria;o__Bifidobacteriales;f__Bifidobacteriaceae;g__Bifidobacterium;s__Bifidobacterium_adolescentis	k__Bacteria;p__Firmicutes;c__Clostridia;o__Clostridiales;f__Oscillospiraceae;g__Oscillibacter;s__Oscillibacter_sp._KLE_1745	k__Bacteria;p__Bacteroidetes;c__Bacteroidia;o__Bacteroidales;f__Bacteroidaceae;g__Bacteroides;s__Bacteroides_coprophilus	k__Bacteria;p__Firmicutes;c__Clostridia;o__Clostridiales;f__Lachnospiraceae;g__Roseburia;s__Roseburia_intestinalis	k__Bacteria;p__Firmicutes;c__Clostridia;o__Clostridiales;f__Lachnospiraceae;g__Roseburia;s__Roseburia_hominis	k__Bacteria;p__Bacteroidetes;c__Bacteroidia;o__Bacteroidales;f__Porphyromonadaceae;g__Parabacteroides;s__Parabacteroides_johnsonii	k__Bacteria;p__Actinobacteria;c__Actinobacteria;o__Bifidobacteriales;f__Bifidobacteriaceae;g__Bifidobacterium;s__Bifidobacterium_longum	k__Bacteria;p__Firmicutes;c__Clostridia;o__Clostridiales;f__;g__Flavonifractor;s__Flavonifractor_plautii	k__Bacteria;p__Firmicutes;c__Clostridia;o__Clostridiales;f__Clostridiaceae;g__Clostridium;s__Clostridium_phoceensis	k__Bacteria;p__Verrucomicrobia;c__Verrucomicrobiae;o__Verrucomicrobiales;f__Akkermansiaceae;g__Akkermansia;s__Akkermansia_muciniphila	k__Bacteria;p__Bacteroidetes;c__Bacteroidia;o__Bacteroidales;f__Prevotellaceae;g__Paraprevotella;s__Paraprevotella_xylaniphila	k__Bacteria;p__Firmicutes;c__Clostridia;o__Clostridiales;f__Ruminococcaceae;g__Ruminococcus;s__Ruminococcus_callidus	k__Bacteria;p__Bacteroidetes;c__Bacteroidia;o__Bacteroidales;f__Rikenellaceae;g__Alistipes;s__Alistipes_senegalensis	k__Bacteria;p__Firmicutes;c__Clostridia;o__Clostridiales;f__Lachnospiraceae;g__Blautia;s__Blautia_sp._KLE_1732	k__Bacteria;p__Bacteroidetes;c__Bacteroidia;o__Bacteroidales;f__Bacteroidaceae;g__Bacteroides;s__Bacteroides_oleiciplenus	k__Bacteria;p__Firmicutes;c__Clostridia;o__Clostridiales;f__Ruminococcaceae;g__Ruminococcus;s__Ruminococcus_bicirculans	k__Bacteria;p__Bacteroidetes;c__Bacteroidia;o__Bacteroidales;f__Bacteroidaceae;g__Bacteroides;s__Bacteroides_fluxus	k__Bacteria;p__Bacteroidetes;c__Bacteroidia;o__Bacteroidales;f__Prevotellaceae;g__Prevotella;s__Prevotella_stercorea	k__Bacteria;p__Firmicutes;c__Clostridia;o__Clostridiales;f__Lachnospiraceae;g__Dorea;s__Dorea_longicatena	k__Bacteria;p__Firmicutes;c__Clostridia;o__Clostridiales;f__Eubacteriaceae;g__Eubacterium;s__[Eubacterium]_eligens	k__Bacteria;p__Firmicutes;c__Clostridia;o__Clostridiales;f__Ruminococcaceae;g__;s__Ruminococcaceae_bacterium_D16	k__Bacteria;p__Firmicutes;c__Clostridia;o__Clostridiales;f__Lachnospiraceae;g__Coprococcus;s__Coprococcus_comes	k__Bacteria;p__Proteobacteria;c__Gammaproteobacteria;o__Enterobacterales;f__Enterobacteriaceae;g__Escherichia;s__Escherichia_coli	k__Bacteria;p__Firmicutes;c__Clostridia;o__Clostridiales;f__Ruminococcaceae;g__Anaerotruncus;s__Anaerotruncus_colihominis	k__Bacteria;p__Firmicutes;c__Clostridia;o__Clostridiales;f__Lachnospiraceae;g__Blautia;s__Blautia_obeum	k__Bacteria;p__Bacteroidetes;c__Bacteroidia;o__Bacteroidales;f__Odoribacteraceae;g__Odoribacter;s__Odoribacter_laneus	k__Bacteria;p__Firmicutes;c__Clostridia;o__Clostridiales;f__Ruminococcaceae;g__Ruminiclostridium;s__[Clostridium]_leptum	k__Bacteria;p__Bacteroidetes;c__Bacteroidia;o__Bacteroidales;f__Porphyromonadaceae;g__Parabacteroides;s__Parabacteroides_goldsteinii	k__Bacteria;p__Firmicutes;c__Clostridia;o__Clostridiales;f__Lachnospiraceae;g__Anaerostipes;s__Anaerostipes_hadrus	k__Bacteria;p__Firmicutes;c__Clostridia;o__Clostridiales;f__Ruminococcaceae;g__Ruminococcus;s__Ruminococcus_lactaris	k__Bacteria;p__Firmicutes;c__Clostridia;o__Clostridiales;f__Clostridiaceae;g__Clostridium;s__Clostridium_sp._L2-50	k__Bacteria;p__Firmicutes;c__Clostridia;o__Clostridiales;f__Clostridiaceae;g__Clostridium;s__Clostridium_sp._M62/1	k__Bacteria;p__Firmicutes;c__Clostridia;o__Clostridiales;f__;g__Intestinimonas;s__Intestinimonas_butyriciproducens	k__Bacteria;p__Actinobacteria;c__Actinobacteria;o__Bifidobacteriales;f__Bifidobacteriaceae;g__Bifidobacterium;s__Bifidobacterium_bifidum	k__Bacteria;p__Firmicutes;c__Negativicutes;o__Veillonellales;f__Veillonellaceae;g__Dialister;s__Dialister_invisus	k__Bacteria;p__Bacteroidetes;c__Bacteroidia;o__Bacteroidales;f__Bacteroidaceae;g__Bacteroides;s__Bacteroides_salanitronis
k__Bacteria;p__Bacteroidetes;c__Bacteroidia;o__Bacteroidales;f__Bacteroidaceae;g__Bacteroides;s__Bacteroides_vulgatus	1.0	0.00194886492154	-0.0312618178451	-0.0240943417933	-0.0529853024473	-0.00742548964547	-0.0235042011665	0.00275848691577	0.00209938753006	-0.0009731853829	-0.012775613957	0.0492570596921	-0.0422480148316	0.0138980627685	-0.000485651385555	-0.0413009306204	-0.00802047575432	-0.0210712706745	0.078213803123	-0.00149987566722	-0.0245081332799	0.00331812281189	0.00344190538856	0.0232147174718	0.0121812692933	0.0138903261572	0.0147870115901	-0.0395260292538	-0.0321865122968	-0.0116566085204	-0.0299074339992	0.0182669867806	-0.00326025398459	0.0122063786131	0.019709399908	-0.021846630882	-0.022065856126	0.033953323525	0.00167634270425	0.00854886104895	-0.0737674000517	-0.0108969879054	-0.048999866665	-0.0416747701917	-0.0307908775576	-0.0315936597046	0.0476400648524	0.0364300713125	0.0527526506522	-0.016567914385	0.00408822860561	-0.0291002199714	-0.0517115936666	-0.0139451167204	-0.0126527543458	0.00529060466179	-0.000583684239894	0.0263847983312	-0.0701555592596
k__Bacteria;p__Bacteroidetes;c__Bacteroidia;o__Bacteroidales;f__Bacteroidaceae;g__Bacteroides;s__Bacteroides_uniformis	0.00194886492154	1.0	0.0157249259225	-0.0271908875118	0.0150191444288	-0.0164636128671	-0.00932372209088	-0.0319635331431	0.0135712659647	0.0599998686886	0.027209258682	-0.0233348082095	0.0240906929372	-0.0301172083634	0.0279455224512	-0.0794175421458	-0.0104597982669	0.0118193566845	-0.066837256556	0.00550389473792	0.0524674979027	0.0506885833955	-0.03404930365	-0.0089185687582	-0.0623440311802	0.0210483362851	-0.0170872747748	-0.015871803	0.0295614781946	-0.0172286451966	-0.0632968036615	-0.0493758534456	0.0832493272535	-0.0237770013648	-0.0532216168207	0.0116265765002	0.0490391495069	0.000804144718039	-0.00528028276852	-0.0497403868525	-0.0533882774377	0.0464503574276	-0.0726049966726	-0.0322573878692	0.0511029484551	-0.0155191825052	0.0263067828938	0.0208437054598	-0.047755277498	-0.00919541634944	-0.0190626340988	0.0399386284791	-0.115861944478	-0.0041663241726	-0.0380554002943	-0.0259812759395	0.0395076704045	-0.0130086617573	-0.0241089396011
k__Bacteria;p__Bacteroidetes;c__Bacteroidia;o__Bacteroidales;f__Rikenellaceae;g__Alistipes;s__Alistipes_putredinis	-0.0312618178451	0.0157249259225	1.0	-0.0181136154934	0.0293322077299	-0.014285139128	-0.017998270712	0.0219979426634	-0.0202555990708	-0.000409484800658	0.0403467055275	-0.0835467220685	-0.0568943789336	0.0180221546636	-0.0242541403229	0.0410318071905	0.0394673940589	0.0308013770988	-0.0451028230092	0.0122756702065	-0.0476836025222	-0.0485585404235	0.0024268907739	0.027077567612	0.00219758155637	-0.0229640765304	-0.0107939157636	-0.00789336117105	0.0300611850037	-0.0508274426367	0.00861043703483	-0.0293248493427	0.0329524837936	0.0291230488522	0.030842996654	0.0136569993812	0.0112801467699	-0.00665728837681	-0.0179139958968	0.104723643695	-0.042891775316	-0.0365581121116	-0.030156447742	-0.0459318130188	-0.0393899452154	-0.0850703601904	0.0110828002012	-0.0274170669606	-0.00200745828141	-0.0170913877893	-0.0113035692371	0.0663997668978	-0.00178968004428	-0.00516215400955	-0.0226357159139	-0.00277112930245	-0.0382009735092	-0.0488720315931	-0.0119670171312
k__Bacteria;p__Bacteroidetes;c__Bacteroidia;o__Bacteroidales;f__Prevotellaceae;g__Prevotella;s__Prevotella_copri	-0.0240943417933	-0.0271908875118	-0.0181136154934	1.0	0.0281808453008	0.00804050301595	-0.000420516242514	-0.0250617857814	0.0445069191311	0.023834405558	-0.0120328213823	-0.0385945367526	-0.082189785587	-0.0236762935708	-0.0664283727383	-0.0433980395177	0.0374784206058	-0.0250556232631	-0.0195433325467	0.00916931889977	-0.0584119248792	0.00900341937232	0.0357209997841	-0.0265020913738	-0.0431512088154	0.084881059906	0.0212421697007	-0.0140162507892	-0.0819472049455	0.0239216206011	0.0185228821373	0.0113545199437	0.0410209506051	-0.0105288739885	0.0634576302074	-0.0255888619343	0.00480912115881	0.0089789622573	-0.0634609788891	0.0077663376832	-0.0164213776632	0.00125006301885	-0.0200914566478	-0.0270354504089	0.0177948302683	-0.0606912412055	-0.0379456482592	0.00190837589884	0.00521239436494	0.0130165958896	0.0681490400301	-0.00822098678795	-0.0259882450758	-0.0447588096396	-0.0475936123107	-0.0231328299737	0.0113056102309	-0.0857917571304	0.0365000159149
k__Bacteria;p__Bacteroidetes;c__Bacteroidia;o__Bacteroidales;f__Bacteroidaceae;g__Bacteroides;s__Bacteroides_stercoris	-0.0529853024473	0.0150191444288	0.0293322077299	0.0281808453008	1.0	0.025470893338	0.0433526235672	-0.0419167330543	-0.0686556253961	-0.00740744457607	-0.00352119971004	0.0243569867389	0.046066558236	-0.0156255464475	-0.0111095375343	-0.0654766254667	0.0114891112	0.0641014940007	0.0228142220724	0.0626824720657	-0.057574655472	0.0465977498979	0.0217197168426	-0.0630615538194	-0.00513027152299	0.0613132093613	-0.0245598730334	0.0196787755754	-0.0174653407741	0.021139404066	-0.0712907592769	-0.0233870642056	-0.0318908774846	0.0164329240397	0.0278764560739	0.0235670886158	-0.00609438254672	-0.000129425444277	0.0159357414197	-0.0734537616014	-0.0425761247162	-0.00271718699505	0.030212789384	0.0358984107181	0.0314517755473	-0.0306632967143	-0.0683237954686	-0.0674671807899	-0.000567009024886	-0.0109312570719	-0.0147751952017	-0.0594046678797	-0.0497667861428	-0.125634702397	0.00805336700866	-0.0304639051925	-0.0277116063557	0.0134106499105	-0.00971036937632
k__Bacteria;p__Bacteroidetes;c__Bacteroidia;o__Bacteroidales;f__Bacteroidaceae;g__Bacteroides;s__Bacteroides_ovatus	-0.00742548964547	-0.0164636128671	-0.014285139128	0.00804050301595	0.025470893338	1.0	0.0301924283493	0.0332094211696	0.0411201447735	-0.0258268477158	-0.0511289801842	0.0280244448116	-0.0510816999136	-0.0369685170127	0.000855426463057	0.00355087970696	-0.00320369972018	-0.0166836715797	0.00539910914463	0.0206219519074	-0.0170884699355	0.02373958443	0.0267666165705	-0.0458124909529	-0.0381795460034	0.0154945209659	0.0104183939404	0.0100431321847	0.0333954919667	-0.0233349392095	-0.0232451845256	-0.0676473522294	0.0383027250453	0.0701966552245	-0.0118493384902	-0.0451367959156	-0.0634951352051	-0.0180519723818	-0.00327669603889	-0.0103350671414	-0.00995767935559	0.0161945745478	-0.000595722182386	-0.025328618628	-0.00568009164408	-0.0395856773195	-0.0145772814535	0.0169036970602	0.00111502404744	0.0194053669244	0.0286705854072	-0.0486098251805	-0.000736452014272	-0.122429320493	-0.020134697565	-0.050618714685	-0.0385412492116	-0.0512512917643	-0.00546524928363
k__Bacteria;p__Bacteroidetes;c__Bacteroidia;o__Bacteroidales;f__Rikenellaceae;g__Alistipes;s__Alistipes_shahii	-0.0235042011665	-0.00932372209088	-0.017998270712	-0.000420516242514	0.0433526235672	0.0301924283493	1.0	-0.0417424936675	-0.00133000603573	-0.0212664123646	0.0367588028779	-0.0504918444186	0.0506611942474	-0.0364889790727	0.031618080966	-0.0196635955069	0.00982270610834	-0.125225354632	0.0398910054921	0.0151711310962	-0.0252435615985	-0.00316857670195	-0.00712135547975	0.0757957344287	0.028783832227	-0.0122237625078	0.0430637712897	-0.0138039475995	0.00818315015883	-0.0221953522538	-0.0331247751106	0.00475254585143	0.0383116718697	0.0670980168456	0.0392413548578	-0.0040702192019	0.00178439330064	-0.0448927920966	0.0312157567744	-0.0571570758337	0.0262671372212	-0.0198536855889	-0.00803968353818	-0.0601812493279	0.0199171050162	-0.0321626897016	-0.0261163078957	0.0212038489263	0.0384047147353	0.0285544178595	-0.0767750875978	-0.00180209946554	0.0146621752899	0.00735041513897	0.0128665151074	0.0216078254778	-0.00864429902486	-0.0327416838562	0.0093310975016
k__Bacteria;p__Firmicutes;c__Clostridia;o__Clostridiales;f__Ruminococcaceae;g__Faecalibacterium;s__Faecalibacterium_prausnitzii	0.00275848691577	-0.0319635331431	0.0219979426634	-0.0250617857814	-0.0419167330543	0.0332094211696	-0.0417424936675	1.0	0.0454861060798	0.0145257226742	0.0262954752465	0.046064361055	0.0290604267829	0.0163177619226	-0.0144680619965	-0.0459015514344	-0.0740958887776	0.0129973524956	-0.0387221726914	0.0148369268053	0.0627438183727	0.00311762371976	-0.0587133163619	0.0166001944194	0.00304155326804	0.00174043062136	-0.044719418347	-0.0304955658396	0.0449758583195	-0.0600777764487	-0.0173486018501	-0.0846533697087	0.010618034405	-0.00599830444038	-0.0727381433026	0.0436261708679	0.067448233393	0.0247397147103	-0.0240440932927	0.0302878590239	-0.0263525459378	-0.00580542126969	-0.0241207889158	-0.0130355886927	-0.0376299614652	-0.0266939544651	-0.00383828708744	0.00858225431132	0.0245680744832	0.0165433658493	-0.0445286742323	0.0420631407052	0.00162075335674	0.00590723445682	-0.0927674953554	0.00123099496055	-0.0104481932525	0.0493264450853	-0.0719057241964
k__Bacteria;p__Bacteroidetes;c__Bacteroidia;o__Bacteroidales;f__Rikenellaceae;g__Alistipes;s__Alistipes_finegoldii	0.00209938753006	0.0135712659647	-0.0202555990708	0.0445069191311	-0.0686556253961	0.0411201447735	-0.00133000603573	0.0454861060798	1.0	-0.0230346300564	-0.0582564312484	0.0182547817537	0.0269882414318	-0.0377328362912	-0.0145943034171	0.0126336176617	-0.0387628907557	0.0210987787486	-0.00260105447263	-0.00236134679803	0.00144155048219	-0.0133795454165	-0.0232515282721	0.050062294749	0.0260049950896	-0.00912459055657	-0.0426798328081	0.0497539606623	-0.0180795239072	-0.0779270660225	-0.05459980566	0.0162288680069	0.0474471154455	-0.0305644552161	0.0413204448216	0.0264163252422	-0.0460415718755	-0.057545038191	0.0133297539856	-0.0594903280918	-0.0104548756888	-0.0648109379487	-0.025170710219	-0.00611740521702	-0.0591948876164	-0.0300731579974	0.065255328644	-0.0470661917619	0.0225350173306	0.0257592130123	-0.00664987908111	-0.0430741827274	-0.0124810772136	-0.00380368771367	-0.0604756110569	-0.0848223671976	0.0168660382364	0.00145503995929	0.0338442653441
k__Bacteria;p__Bacteroidetes;c__Bacteroidia;o__Bacteroidales;f__Porphyromonadaceae;g__Parabacteroides;s__Parabacteroides_distasonis	-0.0009731853829	0.0599998686886	-0.000409484800658	0.023834405558	-0.00740744457606	-0.0258268477158	-0.0212664123646	0.0145257226742	-0.0230346300564	1.0	-0.027071250857	-0.0117458046353	0.0473362906339	0.00472579035943	-0.0603338268355	0.0613602037963	-0.0168786008948	-0.0577160923596	0.044962736945	0.0287168968893	0.00440602360439	-0.0190385040835	-0.0423222544271	-0.0761195210433	-0.0659902850145	-0.0223683984639	-0.00927811813023	-0.0464276124314	-0.0172564273049	-0.000578294102706	-0.0115240771479	-0.0463133700925	0.0187361529971	0.0311220592791	0.0320962208263	-0.00770726730561	-0.00768478698128	-0.0240924945604	-0.0206749189972	0.0125000567888	0.0337142813184	0.0487781882637	-0.0455455840477	-0.0659960609573	0.0437319759104	-0.065762413943	0.0140076702528	0.0218708483689	0.0330571409527	0.104625241415	-0.0351990328926	-0.0141026216886	-0.0217736585107	-0.0214607182216	0.0152676754538	0.000591496596007	-0.029280846235	-0.0638932244624	0.0515571579292
k__Bacteria;p__Bacteroidetes;c__Bacteroidia;o__Bacteroidales;f__Bacteroidaceae;g__Bacteroides;s__Bacteroides_thetaiotaomicron	-0.012775613957	0.027209258682	0.0403467055275	-0.0120328213823	-0.00352119971004	-0.0511289801842	0.0367588028779	0.0262954752465	-0.0582564312484	-0.027071250857	1.0	0.00943716329618	-0.038078776846	0.0397778124758	0.000617141513441	-0.0156482181721	0.00679565446829	0.00545025034047	0.0114863051661	-0.0739975022774	-0.0130830933672	0.0239538675416	-0.00220338533041	-0.0632429591842	0.0219248939711	0.0380796000953	-0.0150104601873	-0.0252143073506	0.0305444239196	-0.00513408859841	-0.00783437010473	-0.0282474864669	-0.00777350221255	-0.0494370143171	-0.0865312625004	0.0135613850444	-0.0326515146322	-0.0206407737153	-0.0109113564013	-0.0426504948039	0.00557564395221	0.0282829237632	-0.0500926183737	-0.0155431397154	-0.0370141727574	0.0189649716308	-0.0119097348812	0.0453003045709	-0.00949772373473	0.0456500096103	-0.0389494983504	0.00087608788295	0.0264539665074	-0.0365601008999	-0.0120312373012	-0.00243621184626	-0.0258903868278	0.034997890803	0.00671402343924
k__Bacteria;p__Bacteroidetes;c__Bacteroidia;o__Bacteroidales;f__Bacteroidaceae;g__Bacteroides;s__Bacteroides_coprocola	0.0492570596921	-0.0233348082095	-0.0835467220685	-0.0385945367526	0.0243569867389	0.0280244448116	-0.0504918444186	0.046064361055	0.0182547817537	-0.0117458046353	0.00943716329618	1.0	-0.00544232183698	0.00511950839932	0.0236183300946	-0.00252699882258	-0.00545459260887	-0.0112211153363	-0.0512405940966	-0.0040237710523	0.040718839142	0.029362570795	0.0105980334933	-0.00486279986459	-0.00354137685206	-0.0548856383635	-0.0457258658166	-0.0277777199293	-0.0611446709933	-0.0316135513986	0.0364882831434	-0.0102828835628	0.0598104722666	-0.0813284215623	0.00354305340936	-0.00699305002085	0.0170325263442	-0.00735154053984	-0.0178977736482	0.0150517165683	-0.0252424934608	0.0376804718203	0.0126533412783	-0.00308256010707	-0.102088696198	0.00706462312272	0.0160156888295	0.00959421972446	-0.0168310266694	0.00823350607487	-0.0282538427485	0.00932677036457	0.00254412822226	-0.0342597811157	0.00323186488438	0.0551390600136	-0.0175199875205	0.00954888100464	-0.00202904963426
k__Bacteria;p__Bacteroidetes;c__Bacteroidia;o__Bacteroidales;f__Bacteroidaceae;g__Bacteroides;s__Bacteroides_cellulosilyticus	-0.0422480148316	0.0240906929372	-0.0568943789336	-0.082189785587	0.046066558236	-0.0510816999136	0.0506611942474	0.0290604267829	0.0269882414318	0.0473362906339	-0.038078776846	-0.00544232183698	1.0	-0.0598081100528	0.0130034337466	0.0275795126613	-0.0292997707681	-0.0593541055669	-0.0788621118425	-0.018690980003	0.0189497059128	0.0078305013786	0.00388179489514	-0.0790715487358	-0.0764251213258	-0.0442224477736	-0.0542231215657	-0.00616831569966	0.019798356742	0.0054026223091	-0.00264874741329	0.0124510093391	-0.0931690089186	0.0629169080456	-0.00647819390279	-0.0166394762423	-0.0427768291768	0.0279526820656	0.0339619594445	-0.045523568474	0.0373376816678	-0.0361002635615	0.0124212548941	0.0258325976358	-0.0422548676919	-0.0121881043462	-0.0569436404504	0.0288816475168	-0.0206118468676	-0.0186654683152	-0.00795884745697	-0.00561025456479	0.014966434295	-0.0088391342011	-0.0187449537157	0.0123620349516	-0.0178072366408	-0.0336948693953	0.0013218013582
k__Bacteria;p__Bacteroidetes;c__Bacteroidia;o__Bacteroidales;f__Rikenellaceae;g__Alistipes;s__Alistipes_obesi	0.0138980627685	-0.0301172083634	0.0180221546636	-0.0236762935708	-0.0156255464475	-0.0369685170127	-0.0364889790727	0.0163177619226	-0.0377328362912	0.00472579035943	0.0397778124758	0.00511950839932	-0.0598081100528	1.0	0.00208152801037	0.0474878093703	-0.00880548080001	-0.0384963211327	-0.0110407428669	0.0400592804557	0.0459069211167	-0.0331506820438	-0.00870654353367	-0.00838644009549	0.0370799917702	-0.00985163825441	-0.0763688255492	-0.00686682508795	-0.0228788515639	-0.0486135498794	-0.0446757186648	0.0358955099477	-0.0116400929768	-0.0287242801807	-0.0180360248918	0.0329531770868	0.0605404071241	0.0131271721315	0.042871926992	0.100486039183	-0.00544046416501	-0.0144214689846	0.0267918559507	0.0588091450574	-0.0565661208195	0.027708995702	0.01272982971	-0.071539874013	-0.0662819086429	-0.0855117422022	-0.034645230843	0.0305480116198	0.0909022932158	-0.0210046654268	-0.00338355572059	-0.0216299342562	0.0458858286672	0.00656707698964	-0.0101975476284
k__Bacteria;p__Firmicutes;c__Clostridia;o__Clostridiales;f__Lachnospiraceae;g__;s__[Eubacterium]_rectale	-0.000485651385555	0.0279455224512	-0.0242541403229	-0.0664283727383	-0.0111095375343	0.000855426463057	0.031618080966	-0.0144680619965	-0.0145943034171	-0.0603338268355	0.000617141513441	0.0236183300946	0.0130034337466	0.00208152801037	1.0	-0.0281170858144	-0.0796519933937	0.0320380080773	-0.0410392581025	-0.0165947324475	-0.00386888788359	0.000539198095159	0.0111323574441	0.00222561962137	-0.00753159316656	-0.0428826828527	-0.0527101112958	0.012380621766	-0.0304748928068	0.028216801102	-0.000187354456878	-0.00609520245236	-0.0119882530542	0.00678182317518	-0.0824902097779	-0.00105862332808	0.00991878512344	-0.0498168368018	-0.01092253313	0.0227157636603	-0.0321885919368	-0.0896345248739	0.0195926793422	-0.0307347384455	0.0130726542492	-0.0139170152591	0.0376122389786	-0.0337019067521	-0.0522003492612	-0.0112050059598	-0.0491996667671	0.0349857662316	0.0249807113817	-0.0126988727662	-0.0341904692256	0.0038455373894	-0.00794725127419	0.0202348658006	-0.00470141433128
k__Bacteria;p__Bacteroidetes;c__Bacteroidia;o__Bacteroidales;f__Bacteroidaceae;g__Bacteroides;s__Bacteroides_plebeius	-0.0413009306204	-0.0794175421458	0.0410318071905	-0.0433980395177	-0.0654766254667	0.00355087970696	-0.0196635955069	-0.0459015514344	0.0126336176617	0.0613602037963	-0.0156482181721	-0.00252699882258	0.0275795126613	0.0474878093703	-0.0281170858144	1.0	0.0029129631401	0.0556521533239	0.0317782806957	-0.0038430163264	-0.0461483889268	-0.0231871195605	-0.0326934850475	-0.0342142255967	-0.00801348903622	0.0245051449584	0.024635335796	0.000634140684132	0.0305167304997	-0.00888265041573	0.00952133081336	-0.00265812472135	-0.056119079782	0.0192585635611	0.00787482588907	-0.0468511699364	-0.010485458706	0.0270148165182	0.0194800452863	-0.0302279561254	0.0172528650092	0.0380902315997	-0.022118397296	-0.0470891999067	0.00304775323996	0.00291149596221	-0.0511187131272	0.00645154478217	-0.0236549019759	-0.0534546392286	-0.0209780087547	-0.0527655391019	0.0255715017911	0.00655565899087	0.0318219622468	-0.0444470758808	-0.0498953954828	0.00346552029412	-0.0320889156232
k__Bacteria;p__Bacteroidetes;c__Bacteroidia;o__Bacteroidales;f__Bacteroidaceae;g__Bacteroides;s__Bacteroides_fragilis	-0.00802047575432	-0.0104597982669	0.0394673940589	0.0374784206058	0.0114891112	-0.00320369972018	0.00982270610834	-0.0740958887776	-0.0387628907557	-0.0168786008948	0.00679565446829	-0.00545459260887	-0.0292997707681	-0.00880548080001	-0.0796519933937	0.0029129631401	1.0	-0.03478708289	-0.0205592817061	0.0443324296112	0.056455980548	-0.0875486454861	-0.0408772289657	0.0153642185462	-0.0474539835313	-0.0418900804059	-0.0184471296532	0.0144870757817	-0.00142343543106	-0.0826616670427	0.00733303962259	-0.0142515529979	0.0259624686401	0.0206863949761	-0.0505300333302	-0.000580997570488	0.021630595458	0.0167224944579	-0.0283073914222	0.0262310437353	-0.0309848079814	0.0509699517086	-0.0428020027428	-0.016599202948	0.0310555645559	-0.0153552058307	-0.0105211056062	-0.0248790083467	-0.0273042236955	-0.0459149083625	0.0609418328368	0.013507796006	0.0303826224078	-0.0240456769042	-0.0345949543143	-0.0264607596664	0.0173123588077	0.00860699854956	-0.00765067427157
k__Bacteria;p__Proteobacteria;c__Betaproteobacteria;o__Burkholderiales;f__Sutterellaceae;g__Sutterella;s__Sutterella_wadsworthensis	-0.0210712706745	0.0118193566845	0.0308013770988	-0.0250556232631	0.0641014940007	-0.0166836715797	-0.125225354632	0.0129973524956	0.0210987787486	-0.0577160923596	0.00545025034047	-0.0112211153363	-0.0593541055669	-0.0384963211327	0.0320380080773	0.0556521533239	-0.03478708289	1.0	-0.0101552912318	-0.00674449010491	-0.0443256694069	-0.0114309671355	-0.0675515396015	0.0380661469418	0.04657723878	0.0456424372372	0.012659728449	-0.00532372515726	-0.0743561213224	-0.0580133067137	0.0189786756707	-0.0341189786151	-0.0182751534693	-0.00681269175844	-0.0370697408479	0.0278981214318	-0.021205517951	0.0551325323395	-0.0235697386932	-0.00580556529128	0.036541863392	-0.0408178803604	0.0243335176301	0.0507985749482	0.0127963341867	-0.0262471440161	-0.0258045370084	-0.00664706673056	-0.0373853183297	0.0187393630825	0.012906126414	-0.0174882312038	0.0495155015863	0.0202075039205	-0.0854593471489	0.0128409815212	-0.0454209624732	-0.0071954121542	0.0179811456249
k__Bacteria;p__Bacteroidetes;c__Bacteroidia;o__Bacteroidales;f__Porphyromonadaceae;g__Barnesiella;s__Barnesiella_intestinihominis	0.078213803123	-0.066837256556	-0.0451028230092	-0.0195433325467	0.0228142220724	0.00539910914463	0.0398910054921	-0.0387221726914	-0.00260105447263	0.044962736945	0.0114863051661	-0.0512405940966	-0.0788621118425	-0.0110407428669	-0.0410392581025	0.0317782806957	-0.0205592817061	-0.0101552912318	1.0	-0.00816560481403	0.0236172643624	0.00659681232755	-0.0193922988014	-0.0164401638676	-0.0107152397545	-0.0159933598756	-0.042332699562	-0.0354398126239	-0.0452923948731	-0.0157525955306	0.0361340453052	0.000889179390375	-0.0208742470759	-0.0301651810378	0.0229061266736	-0.0443149552374	-0.00797143181797	0.0461041156492	0.0258763795625	-0.0391904745902	-0.00154840484	-0.00895585009361	-0.021749108172	0.0307964886776	0.0431872119885	-0.0348867676301	-0.019600313255	0.00539606293291	-0.00808981903004	-0.0225484933092	0.0105832315436	-0.0704075744754	0.0432264067921	-0.0542694918682	-0.0353733489089	0.0935609537048	-0.0183042947016	-0.0503426982915	0.0682099117872
k__Bacteria;p__Bacteroidetes;c__Bacteroidia;o__Bacteroidales;f__Odoribacteraceae;g__Odoribacter;s__Odoribacter_splanchnicus	-0.00149987566722	0.00550389473792	0.0122756702065	0.00916931889977	0.0626824720657	0.0206219519074	0.0151711310962	0.0148369268053	-0.00236134679803	0.0287168968893	-0.0739975022774	-0.0040237710523	-0.018690980003	0.0400592804557	-0.0165947324475	-0.0038430163264	0.0443324296112	-0.00674449010491	-0.00816560481403	1.0	-0.079964214997	-0.0653092884435	0.00694881422689	-0.0405177638878	-0.0219072324591	-0.0134429403549	-0.00444623879298	0.0288313909917	0.019706226033	-0.00307238068045	-0.0145928834343	-0.0299319595294	0.0216876084438	0.0625060073494	0.0555992427583	-0.0405043579489	-0.0186877265532	-0.0591212054739	-0.0158090623112	0.000229412984723	-0.0416243121531	0.00609808038628	-0.00193811637304	0.025698918145	-0.036784387241	0.00259144128117	-0.0527834225403	0.031947832753	-0.0643902723256	0.0199348941979	-0.0125896202627	-0.0315006096097	-0.0383614954744	-0.00791619256291	0.016183126853	-0.0365813968244	-0.00573097946581	0.00777903833714	-0.0410291839983
k__Bacteria;p__Bacteroidetes;c__Bacteroidia;o__Bacteroidales;f__Bacteroidaceae;g__Bacteroides;s__Bacteroides_salyersiae	-0.0245081332799	0.0524674979027	-0.0476836025222	-0.0584119248792	-0.057574655472	-0.0170884699355	-0.0252435615985	0.0627438183727	0.00144155048219	0.00440602360439	-0.0130830933672	0.040718839142	0.0189497059128	0.0459069211167	-0.00386888788359	-0.0461483889268	0.056455980548	-0.0443256694069	0.0236172643624	-0.079964214997	1.0	0.00386892558069	0.0688940328202	0.0401329935385	-0.0298655327158	-0.0644321476985	0.0355344798259	-0.0120051958417	-0.0430339052059	0.0143214005568	-0.00234648729179	0.00359312900856	0.00449521096322	-0.0212504216314	0.00994138047464	-0.014554815193	0.000558689586986	0.0228604336465	-3.8224754461e-05	-0.0283309893651	-0.0278524593763	-0.0244042949994	-0.0402863362254	-0.01042148238	0.00269683235746	-0.00943714300503	0.0429421741442	-0.0136076018308	0.00319533454298	-0.0361758599306	-0.0187828596034	0.00688834323016	-0.0536835197065	0.0328473720841	0.00610325769293	-0.0194705898534	0.00884670742271	0.0168547652154	0.00332709853003
k__Bacteria;p__Firmicutes;c__Clostridia;o__Clostridiales;f__Ruminococcaceae;g__Ruminiclostridium;s__[Eubacterium]_siraeum	0.00331812281189	0.0506885833955	-0.0485585404235	0.00900341937232	0.0465977498979	0.02373958443	-0.00316857670195	0.00311762371976	-0.0133795454165	-0.0190385040835	0.0239538675416	0.029362570795	0.0078305013786	-0.0331506820438	0.000539198095159	-0.0231871195605	-0.0875486454861	-0.0114309671355	0.00659681232755	-0.0653092884435	0.00386892558069	1.0	0.052424147597	0.0366613730538	-0.00174882026725	-0.0202599881465	0.0114915375073	0.0805156724974	0.0305406039836	0.027246848497	0.00834623129654	0.000929836103021	0.0117156025116	0.0147869211178	0.0317369464468	-0.00915567009825	-0.0678698479306	0.0260918388488	0.0436130622514	0.0279921074433	-0.0534118502704	0.00316922064683	0.000917418469667	-0.0135979148126	-0.0630109156633	-0.0280274655392	-0.0159818388879	-0.00868886158036	-0.00534346393439	0.0542084236893	0.00399235218556	-0.00509728218516	-0.0570254879468	0.0186782749984	-0.00421538435861	0.0525664190577	-0.0312739190854	-0.0566288481173	-0.045348730747
k__Bacteria;p__Proteobacteria;c__Betaproteobacteria;o__Burkholderiales;f__Sutterellaceae;g__Parasutterella;s__Parasutterella_excrementihominis	0.00344190538856	-0.03404930365	0.0024268907739	0.0357209997841	0.0217197168426	0.0267666165705	-0.00712135547975	-0.0587133163619	-0.0232515282721	-0.0423222544271	-0.00220338533041	0.0105980334933	0.00388179489514	-0.00870654353367	0.0111323574441	-0.0326934850475	-0.0408772289657	-0.0675515396015	-0.0193922988014	0.00694881422689	0.0688940328202	0.052424147597	1.0	0.042167053273	-0.0563535068092	-0.0058998445862	-0.0437586979104	-0.0472592977859	0.03302762972	-0.0376654736516	0.0614968227926	-0.0423895656637	0.00811427862937	0.056393449228	0.0328720304263	-0.0310727947374	0.043311223774	-0.054277467562	0.0536318968027	0.0187468808124	0.0459162133287	-0.00607859798747	-0.00954063272955	-0.00194460286199	-0.0637090942171	0.00643369790727	-0.0229789577358	-0.00659800400901	-0.0494992292514	-0.0159485062256	0.0731045881915	-0.0192991893525	-0.0632341861351	-0.0163387941094	0.021232321081	-0.0277941690869	0.0345620361301	-0.0072698796443	-0.00327213510121
k__Bacteria;p__Actinobacteria;c__Actinobacteria;o__Bifidobacteriales;f__Bifidobacteriaceae;g__Bifidobacterium;s__Bifidobacterium_adolescentis	0.0232147174718	-0.0089185687582	0.027077567612	-0.0265020913738	-0.0630615538194	-0.0458124909529	0.0757957344287	0.0166001944194	0.050062294749	-0.0761195210433	-0.0632429591842	-0.00486279986459	-0.0790715487358	-0.00838644009549	0.00222561962137	-0.0342142255967	0.0153642185462	0.0380661469418	-0.0164401638676	-0.0405177638878	0.0401329935385	0.0366613730538	0.042167053273	1.0	0.00230153229717	-0.0186765680154	-0.0183104260518	-0.0660457781281	0.0606816068169	-0.0344230213342	-0.0689038188352	-0.0169045705467	-0.0378986584708	-0.0812224393158	0.0287962208634	-0.0354791058638	-0.0173556097775	-0.00857494988481	-0.0467244065076	-0.037871364717	0.00637275484377	0.0373043364071	-0.00898787999491	0.0157184448072	-0.0365884409406	0.0138278458462	-0.00942517138144	0.0117138554106	0.0279605422631	0.0304359655355	0.00942669783083	-0.0116026665644	-0.0149378272188	-0.00299193280688	-0.0426542743074	0.00596310586009	0.0271501644632	0.0185956253128	-0.0343846557458
k__Bacteria;p__Firmicutes;c__Clostridia;o__Clostridiales;f__Oscillospiraceae;g__Oscillibacter;s__Oscillibacter_sp._KLE_1745	0.0121812692933	-0.0623440311802	0.00219758155637	-0.0431512088154	-0.00513027152299	-0.0381795460034	0.028783832227	0.00304155326804	0.0260049950896	-0.0659902850145	0.0219248939711	-0.00354137685206	-0.0764251213258	0.0370799917702	-0.00753159316656	-0.00801348903622	-0.0474539835313	0.04657723878	-0.0107152397545	-0.0219072324591	-0.0298655327158	-0.00174882026725	-0.0563535068092	0.00230153229717	1.0	-0.0140056080992	-0.00594030806763	0.00099464926693	-0.0443032940921	0.0660633395051	0.0184508874013	0.0706443270057	-0.0137096960625	-0.0130070663617	0.00519924956999	-0.0604799011822	-0.00459769354592	0.00584940802316	0.0182646250341	0.0268078985154	0.0635997016181	-0.0149671299851	-0.010446787986	-0.0129300665955	-0.0166400478156	0.0217021893811	-0.0763994339025	0.0194716979112	-0.0184943163876	-0.0190706101968	-0.0128443594966	0.0606989559609	0.032046885265	-0.0204083992745	0.00728569663063	-0.0493708246053	-0.0224356217464	-0.0239313442761	-0.0803090858624
k__Bacteria;p__Bacteroidetes;c__Bacteroidia;o__Bacteroidales;f__Bacteroidaceae;g__Bacteroides;s__Bacteroides_coprophilus	0.0138903261572	0.0210483362851	-0.0229640765304	0.084881059906	0.0613132093613	0.0154945209659	-0.0122237625078	0.00174043062136	-0.00912459055657	-0.0223683984639	0.0380796000953	-0.0548856383635	-0.0442224477736	-0.00985163825441	-0.0428826828527	0.0245051449584	-0.0418900804059	0.0456424372372	-0.0159933598756	-0.0134429403549	-0.0644321476985	-0.0202599881465	-0.0058998445862	-0.0186765680154	-0.0140056080992	1.0	-0.0686837080725	-0.0668026589156	-0.0413263670884	0.0590486824945	-0.011512204815	0.0204730655013	-0.0078798673244	0.0403045630945	0.00502933031902	0.0295888214706	-0.0927454652192	-0.0734507771827	-0.0126803999735	-0.014970621778	0.0660774492771	0.0151967231369	0.0120858985202	0.0109580556192	-0.00893023723988	0.0357185588986	-0.0451985205014	-0.00992604512742	-0.00484295561669	-0.0544169600439	0.0179498253043	-0.00328828984191	-0.00706380362564	-0.032427568655	0.0516148894575	0.0554516105041	-0.0195322143958	0.0269180089065	-0.0710293901304
k__Bacteria;p__Firmicutes;c__Clostridia;o__Clostridiales;f__Lachnospiraceae;g__Roseburia;s__Roseburia_intestinalis	0.0147870115901	-0.0170872747748	-0.0107939157636	0.0212421697007	-0.0245598730334	0.0104183939404	0.0430637712897	-0.044719418347	-0.0426798328081	-0.00927811813023	-0.0150104601873	-0.0457258658166	-0.0542231215657	-0.0763688255492	-0.0527101112958	0.024635335796	-0.0184471296532	0.012659728449	-0.042332699562	-0.00444623879298	0.0355344798259	0.0114915375073	-0.0437586979104	-0.0183104260518	-0.00594030806763	-0.0686837080725	1.0	-0.0137021610641	-0.0209709818028	0.0148177542112	-0.00159417470302	-0.00212008651598	0.000382750007345	-0.0428676199032	-0.0220089066748	-0.035580109347	0.0303990386644	0.0221380092582	-0.0255519377158	0.0298993553558	-0.0798952043287	0.0210626371984	-0.0158593204443	-0.00547307895755	0.0163654518985	0.0696363715876	-0.00989753718683	0.00754781191334	-0.00495123540689	-0.0320063569743	0.0275033715492	-0.0355216985533	0.0233902481301	0.0201168670449	0.0255695073606	-0.0294045614133	-0.00510385251969	-0.0463588476037	-0.0735314372516
k__Bacteria;p__Firmicutes;c__Clostridia;o__Clostridiales;f__Lachnospiraceae;g__Roseburia;s__Roseburia_hominis	-0.0395260292538	-0.015871803	-0.00789336117105	-0.0140162507892	0.0196787755754	0.0100431321847	-0.0138039475995	-0.0304955658396	0.0497539606623	-0.0464276124314	-0.0252143073506	-0.0277777199293	-0.00616831569966	-0.00686682508795	0.012380621766	0.000634140684132	0.0144870757817	-0.00532372515726	-0.0354398126239	0.0288313909917	-0.0120051958417	0.0805156724974	-0.0472592977859	-0.0660457781281	0.00099464926693	-0.0668026589156	-0.0137021610641	1.0	0.0406731562628	-0.022273497798	-0.013550677372	-0.0034689853848	0.032575750066	-0.0686151092364	0.0172093444776	-0.026710112894	0.00418371057053	0.0399420116988	0.00462183921073	-0.0212603866198	0.0153907578539	-0.0465755466036	-0.0290211070245	0.0107305142943	0.0263665548882	-0.022277571952	0.00479027445735	-0.0323843793796	-0.025809009138	-0.0345233327043	0.00982812272456	0.0100705838687	-0.0698044250386	-0.0512005202925	0.00583787759245	0.0078913649467	0.0122511995907	-0.0138900074652	-0.0834794978055
k__Bacteria;p__Bacteroidetes;c__Bacteroidia;o__Bacteroidales;f__Porphyromonadaceae;g__Parabacteroides;s__Parabacteroides_johnsonii	-0.0321865122968	0.0295614781946	0.0300611850037	-0.0819472049455	-0.0174653407741	0.0333954919667	0.00818315015883	0.0449758583195	-0.0180795239072	-0.0172564273049	0.0305444239196	-0.0611446709933	0.019798356742	-0.0228788515639	-0.0304748928068	0.0305167304997	-0.00142343543106	-0.0743561213224	-0.0452923948731	0.019706226033	-0.0430339052059	0.0305406039836	0.03302762972	0.0606816068169	-0.0443032940921	-0.0413263670884	-0.0209709818028	0.0406731562628	1.0	0.037377885373	-0.00198771804874	-0.0253955458482	0.0154671822304	0.0141617756354	0.0147274654689	0.00463916735972	-0.0134167389654	0.000613133134352	-0.00782734131853	0.0204409491755	0.01597017846	0.00646723355191	-0.00499313325762	-0.0119565579376	-0.0298020524934	-0.0203619047635	-0.0313108722473	-0.03132086956	0.0198688719511	0.00267257280406	0.0280850547446	0.0141593950811	-0.050522779626	0.0137282894098	-0.0306634833886	-0.0386614504568	0.00716845423172	0.0125922816269	-0.00732033994884
k__Bacteria;p__Actinobacteria;c__Actinobacteria;o__Bifidobacteriales;f__Bifidobacteriaceae;g__Bifidobacterium;s__Bifidobacterium_longum	-0.0116566085204	-0.0172286451966	-0.0508274426367	0.0239216206011	0.021139404066	-0.0233349392095	-0.0221953522538	-0.0600777764487	-0.0779270660225	-0.000578294102706	-0.00513408859841	-0.0316135513986	0.0054026223091	-0.0486135498794	0.028216801102	-0.00888265041573	-0.0826616670427	-0.0580133067137	-0.0157525955306	-0.00307238068045	0.0143214005568	0.027246848497	-0.0376654736516	-0.0344230213342	0.0660633395051	0.0590486824945	0.0148177542112	-0.022273497798	0.037377885373	1.0	0.0290244186652	0.0737990058298	0.0163888207394	0.015210743003	-0.0384151261673	0.00408413168078	-0.0235087152894	-0.0312778885655	-0.00811432227457	-0.0074299133574	-0.0380015462588	-0.0237305328883	-0.0316303428836	-0.024548196995	-0.0556929819688	0.0558844833011	0.030800875293	0.026488892648	-0.0223471697048	-0.0142497121307	-0.0579218383511	0.0145612180632	0.00586216244651	-0.0150698974252	0.0554307978025	-0.0342757238976	-0.0509667103191	0.0236120958388	0.013197887939
