#taxonomy	k__Bacteria;p__Bacteroidetes;c__Bacteroidia;o__Bacteroidales;f__Bacteroidaceae;g__Bacteroides;s__Bacteroides_vulgatus	k__Bacteria;p__Bacteroidetes;c__Bacteroidia;o__Bacteroidales;f__Bacteroidaceae;g__Bacteroides;s__Bacteroides_uniformis	k__Bacteria;p__Bacteroidetes;c__Bacteroidia;o__Bacteroidales;f__Rikenellaceae;g__Alistipes;s__Alistipes_putredinis	k__Bacteria;p__Bacteroidetes;c__Bacteroidia;o__Bacteroidales;f__Prevotellaceae;g__Prevotella;s__Prevotella_copri	k__Bacteria;p__Bacteroidetes;c__Bacteroidia;o__Bacteroidales;f__Bacteroidaceae;g__Bacteroides;s__Bacteroides_stercoris	k__Bacteria;p__Bacteroidetes;c__Bacteroidia;o__Bacteroidales;f__Bacteroidaceae;g__Bacteroides;s__Bacteroides_ovatus	k__Bacteria;p__Bacteroidetes;c__Bacteroidia;o__Bacteroidales;f__Rikenellaceae;g__Alistipes;s__Alistipes_shahii	k__Bacteria;p__Firmicutes;c__Clostridia;o__Clostridiales;f__Ruminococcaceae;g__Faecalibacterium;s__Faecalibacterium_prausnitzii	k__Bacteria;p__Bacteroidetes;c__Bacteroidia;o__Bacteroidales;f__Rikenellaceae;g__Alistipes;s__Alistipes_finegoldii	k__Bacteria;p__Bacteroidetes;c__Bacteroidia;o__Bacteroidales;f__Porphyromonadaceae;g__Parabacteroides;s__Parabacteroides_distasonis	k__Bacteria;p__Bacteroidetes;c__Bacteroidia;o__Bacteroidales;f__Bacteroidaceae;g__Bacteroides;s__Bacteroides_thetaiotaomicron	k__Bacteria;p__Bacteroidetes;c__Bacteroidia;o__Bacteroidales;f__Bacteroidaceae;g__Bacteroides;s__Bacteroides_coprocola	k__Bacteria;p__Bacteroidetes;c__Bacteroidia;o__Bacteroidales;f__Bacteroidaceae;g__Bacteroides;s__Bacteroides_cellulosilyticus	k__Bacteria;p__Bacteroidetes;c__Bacteroidia;o__Bacteroidales;f__Rikenellaceae;g__Alistipes;s__Alistipes_obesi	k__Bacteria;p__Firmicutes;c__Clostridia;o__Clostridiales;f__Lachnospiraceae;g__;s__[Eubacterium]_rectale	k__Bacteria;p__Bacteroidetes;c__Bacteroidia;o__Bacteroidales;f__Bacteroidaceae;g__Bacteroides;s__Bacteroides_plebeius	k__Bacteria;p__Bacteroidetes;c__Bacteroidia;o__Bacteroidales;f__Bacteroidaceae;g__Bacteroides;s__Bacteroides_fragilis	k__Bacteria;p__Proteobacteria;c__Betaproteobacteria;o__Burkholderiales;f__Sutterellaceae;g__Sutterella;s__Sutterella_wadsworthensis	k__Bacteria;p__Bacteroidetes;c__Bacteroidia;o__Bacteroidales;f__Porphyromonadaceae;g__Barnesiella;s__Barnesiella_intestinihominis	k__Bacteria;p__Bacteroidetes;c__Bacteroidia;o__Bacteroidales;f__Odoribacteraceae;g__Odoribacter;s__Odoribacter_splanchnicus	k__Bacteria;p__Bacteroidetes;c__Bacteroidia;o__Bacteroidales;f__Bacteroidaceae;g__Bacteroides;s__Bacteroides_salyersiae	k__Bacteria;p__Firmicutes;c__Clostridia;o__Clostridiales;f__Ruminococcaceae;g__Ruminiclostridium;s__[Eubacterium]_siraeum	k__Bacteria;p__Proteobacteria;c__Betaproteobacteria;o__Burkholderiales;f__Sutterellaceae;g__Parasutterella;s__Parasutterella_excrementihominis	k__Bacteria;p__Actinobacteria;c__Actinobacteria;o__Bifidobacteriales;f__Bifidobacteriaceae;g__Bifidobacterium;s__Bifidobacterium_adolescentis	k__Bacteria;p__Firmicutes;c__Clostridia;o__Clostridiales;f__Oscillospiraceae;g__Oscillibacter;s__Oscillibacter_sp._KLE_1745	k__Bacteria;p__Bacteroidetes;c__Bacteroidia;o__Bacteroidales;f__Bacteroidaceae;g__Bacteroides;s__Bacteroides_coprophilus	k__Bacteria;p__Firmicutes;c__Clostridia;o__Clostridiales;f__Lachnospiraceae;g__Roseburia;s__Roseburia_intestinalis	k__Bacteria;p__Firmicutes;c__Clostridia;o__Clostridiales;f__Lachnospiraceae;g__Roseburia;s__Roseburia_hominis	k__Bacteria;p__Bacteroidetes;c__Bacteroidia;o__Bacteroidales;f__Porphyromonadaceae;g__Parabacteroides;s__Parabacteroides_johnsonii	k__Bacteria;p__Actinobacteria;c__Actinobacteria;o__Bifidobacteriales;f__Bifidobacteriaceae;g__Bifidobacterium;s__Bifidobacterium_longum	k__Bacteria;p__Firmicutes;c__Clostridia;o__Clostridiales;f__;g__Flavonifractor;s__Flavonifractor_plautii	k__Bacteria;p__Firmicutes;c__Clostridia;o__Clostridiales;f__Clostridiaceae;g__Clostridium;s__Clostridium_phoceensis	k__Bacteria;p__Verrucomicrobia;c__Verrucomicrobiae;o__Verrucomicrobiales;f__Akkermansiaceae;g__Akkermansia;s__Akkermansia_muciniphila	k__Bacteria;p__Bacteroidetes;c__Bacteroidia;o__Bacteroidales;f__Prevotellaceae;g__Paraprevotella;s__Paraprevotella_xylaniphila	k__Bacteria;p__Firmicutes;c__Clostridia;o__Clostridiales;f__Ruminococcaceae;g__Ruminococcus;s__Ruminococcus_callidus	k__Bacteria;p__Bacteroidetes;c__Bacteroidia;o__Bacteroidales;f__Rikenellaceae;g__Alistipes;s__Alistipes_senegalensis	k__Bacteria;p__Firmicutes;c__Clostridia;o__Clostridiales;f__Lachnospiraceae;g__Blautia;s__Blautia_sp._KLE_1732	k__Bacteria;p__Bacteroidetes;c__Bacteroidia;o__Bacteroidales;f__Bacteroidaceae;g__Bacteroides;s__Bacteroides_oleiciplenus	k__Bacteria;p__Firmicutes;c__Clostridia;o__Clostridiales;f__Ruminococcaceae;g__Ruminococcus;s__Ruminococcus_bicirculans	k__Bacteria;p__Bacteroidetes;c__Bacteroidia;o__Bacteroidales;f__Bacteroidaceae;g__Bacteroides;s__Bacteroides_fluxus	k__Bacteria;p__Bacteroidetes;c__Bacteroidia;o__Bacteroidales;f__Prevotellaceae;g__Prevotella;s__Prevotella_stercorea	k__Bacteria;p__Firmicutes;c__Clostridia;o__Clostridiales;f__Lachnospiraceae;g__Dorea;s__Dorea_longicatena	k__Bacteria;p__Firmicutes;c__Clostridia;o__Clostridiales;f__Eubacteriaceae;g__Eubacterium;s__[Eubacterium]_eligens	k__Bacteria;p__Firmicutes;c__Clostridia;o__Clostridiales;f__Ruminococcaceae;g__;s__Ruminococcaceae_bacterium_D16	k__Bacteria;p__Firmicutes;c__Clostridia;o__Clostridiales;f__Lachnospiraceae;g__Coprococcus;s__Coprococcus_comes	k__Bacteria;p__Proteobacteria;c__Gammaproteobacteria;o__Enterobacterales;f__Enterobacteriaceae;g__Escherichia;s__Escherichia_coli	k__Bacteria;p__Firmicutes;c__Clostridia;o__Clostridiales;f__Ruminococcaceae;g__Anaerotruncus;s__Anaerotruncus_colihominis	k__Bacteria;p__Firmicutes;c__Clostridia;o__Clostridiales;f__Lachnospiraceae;g__Blautia;s__Blautia_obeum	k__Bacteria;p__Bacteroidetes;c__Bacteroidia;o__Bacteroidales;f__Odoribacteraceae;g__Odoribacter;s__Odoribacter_laneus	k__Bacteria;p__Firmicutes;c__Clostridia;o__Clostridiales;f__Ruminococcaceae;g__Ruminiclostridium;s__[Clostridium]_leptum	k__Bacteria;p__Bacteroidetes;c__Bacteroidia;o__Bacteroidales;f__Porphyromonadaceae;g__Parabacteroides;s__Parabacteroides_goldsteinii	k__Bacteria;p__Firmicutes;c__Clostridia;o__Clostridiales;f__Lachnospiraceae;g__Anaerostipes;s__Anaerostipes_hadrus	k__Bacteria;p__Firmicutes;c__Clostridia;o__Clostridiales;f__Ruminococcaceae;g__Ruminococcus;s__Ruminococcus_lactaris	k__Bacteria;p__Firmicutes;c__Clostridia;o__Clostridiales;f__Clostridiaceae;g__Clostridium;s__Clostridium_sp._L2-50	k__Bacteria;p__Firmicutes;c__Clostridia;o__Clostridiales;f__Clostridiaceae;g__Clostridium;s__Clostridium_sp._M62/1	k__Bacteria;p__Firmicutes;c__Clostridia;o__Clostridiales;f__;g__Intestinimonas;s__Intestinimonas_butyriciproducens	k__Bacteria;p__Actinobacteria;c__Actinobacteria;o__Bifidobacteriales;f__Bifidobacteriaceae;g__Bifidobacterium;s__Bifidobacterium_bifidum	k__Bacteria;p__Firmicutes;c__Negativicutes;o__Veillonellales;f__Veillonellaceae;g__Dialister;s__Dialister_invisus	k__Bacteria;p__Bacteroidetes;c__Bacteroidia;o__Bacteroidales;f__Bacteroidaceae;g__Bacteroides;s__Bacteroides_salanitronis
k__Bacteria;p__Bacteroidetes;c__Bacteroidia;o__Bacteroidales;f__Bacteroidaceae;g__Bacteroides;s__Bacteroides_vulgatus	1.0	0.00498137111162	-0.0126953967466	0.00236049298647	-0.0136291026384	0.021302422213	-0.0226189493149	-0.0680186620109	-0.0454416217904	-0.00684528976283	0.0459383140754	0.0678914222045	0.008240257157	0.0111137090206	0.0058504815097	0.00604284145377	-0.0400368390143	-0.0376631104858	-0.036385897353	0.02336736865	0.064466545758	0.0249233134558	-0.0293148232693	-0.0420893002063	0.0636047772159	-0.00656428370435	-0.0107698082777	0.00948306289359	0.00576447022864	-0.0443248144581	-0.0047533974884	0.011115792166	0.0181614041945	-0.00341098846829	-0.00796009990464	-0.00989533340325	0.0186663498424	0.0661964000414	-0.0719358522391	0.0560963017223	-0.0805409277015	-0.0533139124852	-0.0113683289204	0.0413731750117	0.0602926803077	-0.0447568361459	-0.0531353360913	-0.112767538378	-0.0121919347541	-0.0645561289273	-0.0323432801909	0.0282258185188	0.00650778568174	-0.000897582434805	0.028131997696	0.0526864324246	0.0308208483821	-0.025042675263	-0.0299445162272
k__Bacteria;p__Bacteroidetes;c__Bacteroidia;o__Bacteroidales;f__Bacteroidaceae;g__Bacteroides;s__Bacteroides_uniformis	0.00498137111162	1.0	-0.0374134482033	0.0160014182681	-0.0205444284125	-0.0580258045402	-0.0166569922109	-0.0199826729794	-0.00425367951424	0.00950757602986	0.0151724316767	0.0468839535355	0.0702049103456	-0.0219696016474	0.048112669881	-0.0469433766247	-0.00696630028379	0.016516854186	0.0130245496123	-0.00581731921488	0.0226376291954	0.0382374973964	0.0105554151689	-0.0300907239387	0.00974510034171	0.000190237952388	-0.0313340521267	-0.0437011440255	-0.0632967122577	-0.0394966033756	-0.0527869939719	0.0105318873205	-0.00747379476024	0.0281892259739	-0.0678407613299	0.0111302372065	0.0294493262884	-0.00442966436429	-0.0687238117158	-0.0197956263927	0.0282313361282	0.0213929424278	-0.0367408277545	-0.0367532321697	0.024320890496	0.0130345311082	-0.0563374535343	-0.0429467388489	-0.00503984302957	0.00314953890775	0.0237200068729	0.0426396257977	-0.117123398095	0.0197581679207	-0.00794002479651	-0.0466329996695	-0.00790182330165	-0.0665124671387	-0.0473698162408
k__Bacteria;p__Bacteroidetes;c__Bacteroidia;o__Bacteroidales;f__Rikenellaceae;g__Alistipes;s__Alistipes_putredinis	-0.0126953967466	-0.0374134482033	1.0	-0.00536695696064	0.034641263978	-0.0328394726681	-0.0205277837583	0.0129267645919	-0.0262792308181	-0.0186146066733	-0.0587595296625	-0.033634023812	-0.0429278697648	0.0102579915698	-0.00259121854937	-0.0332603779427	0.0404029021441	0.0358145586564	0.0221339028738	-0.0934044719099	-0.0850649376512	0.0326382175232	-0.0147190511206	0.0201300786595	-0.0571871909116	-0.0550775592912	0.0350928163115	-0.00985727179157	0.0346332214891	0.00857876448886	-0.0151496904561	0.0585926699763	0.0037818288554	0.0133982559136	0.0370457087306	-0.0210970765036	0.0223165887471	0.00242388775731	-0.0529309547457	0.0563183839872	-0.0111656720614	-0.0231618862618	0.0147406783033	-0.0221085981352	-0.0338030307596	0.0690892028836	0.0254624413454	0.00767137163941	0.0159513115262	-0.0497691638094	0.00170671319474	-0.0346724539555	0.066290581258	-0.007635987024	0.0142844122886	-0.0484152152779	-0.0033563804951	-0.0512789614281	0.062815997137
k__Bacteria;p__Bacteroidetes;c__Bacteroidia;o__Bacteroidales;f__Prevotellaceae;g__Prevotella;s__Prevotella_copri	0.00236049298647	0.0160014182681	-0.00536695696064	1.0	-0.0363725267002	0.0523150473293	0.0269959898975	0.0121478540818	-0.015611770514	0.0377320599138	-0.038970433223	-0.0268111857299	-0.00100872321775	-0.00483256499902	-0.0290568092416	-0.0440903237463	-0.0711198262719	0.0216626973902	0.020040018675	0.00153527664283	-0.0723790674082	-0.0296337996199	-0.00316932781932	-0.0106293720498	0.0151448701297	0.00637776456468	0.0228183868694	-0.0497338546429	-0.0243357482589	-0.0279588058409	-0.0644929923953	-0.0200689215635	0.0172762247969	-0.00462234634521	0.00527011400509	0.0671833133508	-0.0338674662645	-0.032112680528	0.0246472317265	-0.0571231334444	-0.0533217662129	-0.0285761096438	-0.0163950435678	0.00484488478458	-0.00357149613129	-0.0425184811125	0.0307609917167	-0.00132437972865	0.0106345615496	0.000300167478418	0.0207925336505	-0.0304466745466	-0.0407220960871	-0.0030017402195	0.0356268579581	0.0225148713677	0.063116122007	-0.0401621230789	-0.0442315393779
k__Bacteria;p__Bacteroidetes;c__Bacteroidia;o__Bacteroidales;f__Bacteroidaceae;g__Bacteroides;s__Bacteroides_stercoris	-0.0136291026384	-0.0205444284125	0.034641263978	-0.0363725267002	1.0	0.0661969479977	-0.0076426965552	-0.0625304626937	-0.0216946755676	-0.0097864074113	-0.0962717771805	-0.0379190983851	-0.0121765349481	-0.0668279817206	-0.00216383058983	-0.00585492562716	-0.0648357428303	-0.0200935621636	0.00104904563532	-0.046274171273	-0.0188203695242	0.0786476171704	-0.0273968656771	-0.0581343966675	-0.0150912064796	0.0103292314419	-0.0395168545784	-0.0459676878101	-0.016241705688	-0.0602205355118	-0.0111688992204	-0.056319444542	-0.0109594775961	0.0754429804339	-0.0184917376849	-0.0655013086672	-0.00976964625678	0.0391565391549	-0.0443709477347	0.0126960531088	-0.0176934571551	0.0777333135261	-0.0481325621336	-0.0156669941854	-0.0192796835699	0.0016188204998	-0.0200847438555	-0.0381875882033	0.00206603050176	-0.0266524792199	-0.0344738663428	-0.0351342577412	0.0290332341252	0.00874424316869	-0.0181695544209	0.0661361071921	0.0257344457839	0.0267555157081	-0.0189330161746
k__Bacteria;p__Bacteroidetes;c__Bacteroidia;o__Bacteroidales;f__Bacteroidaceae;g__Bacteroides;s__Bacteroides_ovatus	0.021302422213	-0.0580258045402	-0.0328394726681	0.0523150473293	0.0661969479977	1.0	0.0177879615237	0.00501116417752	-0.0439691708226	0.00921811842399	0.000569923483181	-0.00770063894276	0.0409738911362	0.0389603366473	-0.00773595578992	-0.0514181101125	-0.00892794199557	0.00834448698893	0.00903432339994	-0.0581579037837	-0.0217904017247	-0.00942254703872	0.00446042548202	-0.0141242327219	4.14283755274e-05	-0.0388379082884	-0.0141936209805	0.0655666768449	-0.00748572194728	0.0589802807678	0.0131757015695	0.00681995545642	-0.00543011008192	-0.0670299107408	0.0403633283854	-0.00444988204246	-0.023256933815	-0.05288788462	-0.0526476064673	-0.0141367510412	-0.00176786708057	-0.0364167198957	-0.0389982947024	-0.0176178842113	-0.0606002954737	-0.0447653043801	-0.036027641024	0.000267106788842	-0.0375590718339	-0.00670556266121	-0.038372844499	0.0522857712408	0.0161055040019	-0.00189646803932	-0.00947737710454	-0.0184732170207	0.0471708642163	-0.0343874587962	0.0439603173432
k__Bacteria;p__Bacteroidetes;c__Bacteroidia;o__Bacteroidales;f__Rikenellaceae;g__Alistipes;s__Alistipes_shahii	-0.0226189493149	-0.0166569922109	-0.0205277837583	0.0269959898975	-0.0076426965552	0.0177879615237	1.0	-0.0726472989423	-0.0112126164464	0.0688171756558	0.0102160352563	-0.0191877313739	0.0391546286418	-0.0166467631073	0.0198290127967	-0.055530839516	-0.0508505428291	-0.00255574226741	-0.0189854639732	-0.0327164524371	-0.0242858804554	0.0309860902018	-0.00376267863285	0.00152973078458	0.0118845456513	0.0520660062307	-0.0169175196724	-0.00165460181048	0.000204884750136	-0.00187269851936	-0.070738802149	0.0156504289496	-0.0100262833276	-0.048915273775	-0.0110033174708	-0.00889821326207	-0.0124024595875	-0.0636626262906	0.0158682381438	-0.0358979466072	-0.0440377783006	-0.0322382813789	0.0253757416613	0.0166509669307	0.0625289660973	0.0251916661078	-0.0471022825524	-0.0437238769265	-0.0384074620807	0.0208207484398	-0.0160971130855	-0.0906647161392	0.00617867004079	-0.0790047292133	0.00592390822866	-0.0114009001712	-0.0420655500892	-0.0298067423184	-0.0676856331655
k__Bacteria;p__Firmicutes;c__Clostridia;o__Clostridiales;f__Ruminococcaceae;g__Faecalibacterium;s__Faecalibacterium_prausnitzii	-0.0680186620109	-0.0199826729794	0.0129267645919	0.0121478540818	-0.0625304626937	0.00501116417752	-0.0726472989423	1.0	0.0672140999614	-0.0495775435487	-0.00963314153482	0.00116520487866	0.0164367156497	0.00228448441084	-0.0267780245266	-0.0151263808952	-0.0529423086952	0.0193997031776	-0.00918154732393	0.0132030572333	0.0163468888788	-0.0240904467915	-0.077364651191	-0.0434093679371	-0.0194346880484	0.0254657534079	-0.0649477296022	-0.061908751166	0.0107811893721	0.0373271510173	-0.00700703493508	-0.102574502408	-0.0266447389526	-0.0648613405448	-0.0169142377117	-0.0147836958712	0.0591380739888	-0.00540454403398	0.0379169079454	-0.0465594381773	0.00692388604626	-0.00606023184774	-0.0534266119401	-0.00741056332942	-0.00751214957665	0.0285732515039	-0.0587512954116	-0.0113481580982	-0.0226564510252	-0.0232212988673	0.0243213525418	-0.00923525934016	-0.0274354541213	0.0295025960721	0.0260961038853	-0.0574247603706	-0.0383371958103	0.0534747334551	-0.0228699865847
k__Bacteria;p__Bacteroidetes;c__Bacteroidia;o__Bacteroidales;f__Rikenellaceae;g__Alistipes;s__Alistipes_finegoldii	-0.0454416217904	-0.00425367951424	-0.0262792308181	-0.015611770514	-0.0216946755676	-0.0439691708226	-0.0112126164464	0.0672140999614	1.0	0.0202827229129	-0.0191523204049	-0.0342324431036	0.00676188816878	0.024683792467	0.031366080347	-0.0169475324783	-0.0360412745995	-0.0561626017692	-0.00513599698216	-0.0095632555605	-0.0398619316829	0.0232587818052	0.0362103157298	0.00626345590846	-0.0482424268814	0.0218606101744	0.0610836560675	-0.01174733632	-0.041271336305	-0.0542659412461	0.0282133800926	-0.00882309486795	0.00972643154083	-0.0228869732156	-0.0526386575914	-0.00937257535144	0.0259967540781	-0.0223615879402	0.0288819637435	-0.0101567942999	-0.0458192971152	-0.0153556937436	-0.0180593815698	-0.0545203386835	-0.0182547426447	-0.0191632762347	0.0267724951057	0.0257938287614	0.0238435419474	-0.0377010132695	0.00334467407182	0.0246256394695	-0.0363744966195	-0.06232096654	0.0201247701523	0.0114352375241	0.0145442043287	-0.0146930787486	-0.0388841160834
k__Bacteria;p__Bacteroidetes;c__Bacteroidia;o__Bacteroidales;f__Porphyromonadaceae;g__Parabacteroides;s__Parabacteroides_distasonis	-0.00684528976283	0.00950757602986	-0.0186146066733	0.0377320599138	-0.0097864074113	0.00921811842399	0.0688171756558	-0.0495775435487	0.0202827229129	1.0	-0.0457947282189	-0.00368665605481	0.0413954065922	-0.0230714194929	-0.0544456897209	-0.0158513700801	-0.0294584192876	-0.0467176390532	-0.0179147555186	0.00425244640985	0.0119865536691	-0.0256698005774	-0.0056932978837	-0.022586317215	0.0213351641855	0.0204106037185	-0.0328272554778	-0.0403689980682	0.0345084778404	-0.00532928165288	0.037763995974	-4.86993049385e-05	-0.0392162277654	-0.0189963441802	-0.0267426393006	-0.0530570673345	-0.0234641836698	-0.0407453872684	-0.0144207291324	-0.0559272659929	0.0497074149689	0.00961238475793	0.0150228707326	0.0571716362554	-0.00214990107077	-0.0353157438282	-0.0076553816638	0.0168954949416	0.00997741766288	0.0438656606592	0.0284170393099	0.00980189205476	0.018107720128	-0.0280650053057	0.0103907066963	0.0173560222667	-0.0383568527087	-0.0288934642782	0.0100690653135
k__Bacteria;p__Bacteroidetes;c__Bacteroidia;o__Bacteroidales;f__Bacteroidaceae;g__Bacteroides;s__Bacteroides_thetaiotaomicron	0.0459383140754	0.0151724316767	-0.0587595296625	-0.038970433223	-0.0962717771805	0.000569923483181	0.0102160352563	-0.00963314153482	-0.0191523204049	-0.0457947282189	1.0	0.0182296402785	-0.000904246916031	-0.0355679267535	0.00312057767865	-0.0161886140049	-0.0464625815859	0.0334505966369	-0.00703511465573	-0.0498752962844	0.00648697167064	0.0382909346327	-0.0777362513248	-0.021817805714	0.00746150657319	-0.0469395553593	-0.0499754466835	0.020271695177	0.00454676243896	0.0446349802303	0.0174526231353	-0.0857088921386	-0.0502073971838	0.0648558880978	0.00820446872508	-0.0545396306545	-0.0122366452868	-0.00835666572358	0.00896364488088	-0.0185409036033	-0.00870039808203	0.023163891913	0.00131484015848	-0.0445338721644	-0.00682432432123	-0.0529168086449	0.0118041242976	0.0055607695753	0.00431808821832	-0.00926944881698	0.0219252276442	0.0297501601173	0.013483758778	0.00911837681665	0.0603230827901	-0.0506913121553	-0.0248870614573	-0.0243162265873	0.0373291360889
k__Bacteria;p__Bacteroidetes;c__Bacteroidia;o__Bacteroidales;f__Bacteroidaceae;g__Bacteroides;s__Bacteroides_coprocola	0.0678914222045	0.0468839535355	-0.033634023812	-0.02681118573	-0.0379190983851	-0.00770063894276	-0.0191877313739	0.00116520487866	-0.0342324431036	-0.00368665605481	0.0182296402785	1.0	-0.0164970713095	0.0432756579037	-0.0598976039747	-0.0170237434621	-0.00892010852128	-0.0289769357232	0.025469509029	-0.0065876781273	-0.0346891586741	0.024515369586	-0.0262923596832	0.0404272764947	-0.0293183528914	0.0407431665623	0.0450398745746	-0.012178762507	-0.0191496262395	0.0172546172241	0.00419798574458	0.0194982514242	-0.00786894486685	-0.0480146134368	-0.0272004056798	-0.0100166826898	-0.0263254555347	0.000167362389749	-0.0223723276272	-0.0408436933769	-0.0274918380891	-0.0561129177818	0.0389174947602	0.0346703018493	0.0112986470235	-0.0295610781142	-0.0176460309564	-0.0508583490749	-0.0189318076997	0.0207711833276	-0.037392580221	0.0438029248584	-0.0397558780996	-0.0554048257776	-0.00116416255008	-0.0320484424459	-0.0308878867394	-0.0540090530128	0.0187300807687
k__Bacteria;p__Bacteroidetes;c__Bacteroidia;o__Bacteroidales;f__Bacteroidaceae;g__Bacteroides;s__Bacteroides_cellulosilyticus	0.008240257157	0.0702049103456	-0.0429278697648	-0.00100872321775	-0.0121765349481	0.0409738911362	0.0391546286418	0.0164367156497	0.00676188816878	0.0413954065922	-0.000904246916031	-0.0164970713095	1.0	-0.00546983838406	-0.0134623769193	0.00599743175716	-0.0348655903071	-0.0828541351444	-0.063392272224	-0.0550840470952	-0.00491439527946	0.03928789465	0.00672402447905	-0.0524717969965	-0.0194915625182	-0.00184662328174	-0.0225991434293	0.0092586570347	-0.047447332755	0.00175605524679	-0.0188091052012	-0.0142552595949	-0.0869758984021	-0.0194631686858	0.0173982424876	0.00741995231312	0.00428860480623	-0.0223923347622	0.00761348541371	0.00186659057834	0.0213804951852	0.017061321851	0.0586492598063	-0.059812287452	0.0212026785064	0.0395084006891	0.00730749182994	-0.047176282124	-0.0159798274437	-0.0188644812195	-0.00896729212856	0.0442893518891	0.0143927025671	-0.0816323461348	-0.0291244993994	-0.0075732976158	0.0247968876383	-0.0316931639671	-0.0474672565374
k__Bacteria;p__Bacteroidetes;c__Bacteroidia;o__Bacteroidales;f__Rikenellaceae;g__Alistipes;s__Alistipes_obesi	0.0111137090206	-0.0219696016474	0.0102579915698	-0.00483256499902	-0.0668279817206	0.0389603366473	-0.0166467631073	0.00228448441084	0.024683792467	-0.0230714194929	-0.0355679267535	0.0432756579037	-0.00546983838406	1.0	-0.00325784549351	0.00247282382381	0.00637217097795	-0.000184037821056	0.00141720845463	-0.0196259294802	0.0676187129971	-0.0390817350116	-0.0233737217195	-0.00701638478451	-0.0123345738382	0.0197328443395	-0.0745295320349	0.00638291269176	0.042221698356	-0.00835064285555	-0.021159211557	0.0111972049906	0.0338899587348	-0.0594618229166	-0.0488846751104	0.0173872518507	-0.0337788690293	-0.0512815949227	0.0538323548331	0.0437807277799	-0.0682864539111	-0.0207642292786	-0.00715898880656	-0.0297202060113	-0.00781646655151	0.0284290155036	0.0401015737985	-0.0233775594126	-0.0225970160942	0.00132167405668	-0.0667198267582	-0.0286179885499	0.018304773362	0.0560978518329	-0.00767369672693	-0.00611628057958	0.00868965920897	-0.0263515392248	-0.0591333474564
k__Bacteria;p__Firmicutes;c__Clostridia;o__Clostridiales;f__Lachnospiraceae;g__;s__[Eubacterium]_rectale	0.0058504815097	0.048112669881	-0.00259121854937	-0.0290568092416	-0.00216383058983	-0.00773595578992	0.0198290127967	-0.0267780245266	0.031366080347	-0.0544456897209	0.00312057767865	-0.0598976039747	-0.0134623769193	-0.00325784549351	1.0	0.0352034356179	0.0266343003914	-0.0188724045788	-0.0291077319755	-0.0453266652774	0.016176158835	0.00575638833943	-0.0103470314203	0.00751680298468	0.0290014587629	0.00684332657355	0.00479344921498	-0.0466581186116	-0.120391095024	-0.0103572989381	-0.0250851765536	-0.0302860613825	-0.0331423600014	0.00743952575921	-0.0189470176757	-0.09678799162	-0.0301844021519	-0.0308384802822	-0.0256479879751	-0.0687930093861	-0.0680338888915	0.00373025338402	0.0477783215748	0.0095488709774	-0.0338635148859	-0.0133478622855	-0.059032463549	-0.00140219807491	0.0315560883305	-0.0572638784356	-0.0257436016575	0.0238502679603	0.00584174911366	-0.0757631751899	0.0125863680317	0.0327053302628	0.00124380907303	-0.0494493658682	-0.0447885125125
k__Bacteria;p__Bacteroidetes;c__Bacteroidia;o__Bacteroidales;f__Bacteroidaceae;g__Bacteroides;s__Bacteroides_plebeius	0.00604284145377	-0.0469433766247	-0.0332603779427	-0.0440903237463	-0.00585492562716	-0.0514181101125	-0.055530839516	-0.0151263808952	-0.0169475324783	-0.0158513700801	-0.0161886140049	-0.0170237434621	0.00599743175716	0.00247282382381	0.0352034356179	1.0	0.0302139680219	0.0275474590801	-0.040177020287	-0.022510484241	-0.0081290100926	-0.0751104893744	0.0569272182991	0.0664268383037	-0.065732151696	0.0116536063836	0.0576140970746	-0.052742566622	0.0337780235056	-0.0211481369454	-0.0254283793903	-0.0122612696169	-0.0716188009379	-0.000202720450244	0.0139538876295	-0.059271212973	0.0416985292726	0.0561810538751	0.040842159308	-0.0190279670026	0.0175489134677	0.0310519343344	0.0309119699675	0.057041868198	-0.0473137595121	-0.0167062335496	0.00293816347031	0.00482770838953	-0.0127986718883	-0.0191873068774	-0.000471362861473	-0.0341261235768	-0.013791681118	0.0161861735221	-0.0328360407076	-0.00875221968782	-0.0285672135218	-0.0140428928838	-0.0007048176201
k__Bacteria;p__Bacteroidetes;c__Bacteroidia;o__Bacteroidales;f__Bacteroidaceae;g__Bacteroides;s__Bacteroides_fragilis	-0.0400368390143	-0.00696630028379	0.0404029021441	-0.0711198262719	-0.0648357428303	-0.00892794199557	-0.0508505428291	-0.0529423086952	-0.0360412745995	-0.0294584192876	-0.0464625815859	-0.00892010852128	-0.0348655903071	0.00637217097795	0.0266343003914	0.0302139680219	1.0	0.0420410904837	0.0558842639714	-0.0233326017	0.0426571381301	-0.0586998020196	-0.0104759717713	-0.0170195469425	-0.000895432345013	-0.0367729540031	-0.0113533568382	0.0350683975157	0.0159823888298	0.0359587491372	0.0249806558289	0.0345527455129	-0.0192399671593	-0.0361168022245	0.00582145022064	-0.0344711238481	-0.00986524898309	-0.0496824402858	0.0534990989065	-0.0184967345005	0.019469113235	0.0625694319194	-0.0537897050191	-0.0761796524244	-0.00919567255776	0.0338642461778	0.00964327018347	-0.0192932733251	-0.0362290322749	0.012132139088	0.00459804211395	-0.0347895441675	-0.00779142151664	0.00854286618037	-3.33588478187e-05	-0.0440355220174	-0.00812742170607	-0.0375865375572	0.0301223915342
k__Bacteria;p__Proteobacteria;c__Betaproteobacteria;o__Burkholderiales;f__Sutterellaceae;g__Sutterella;s__Sutterella_wadsworthensis	-0.0376631104858	0.016516854186	0.0358145586564	0.0216626973902	-0.0200935621636	0.00834448698893	-0.00255574226741	0.0193997031776	-0.0561626017692	-0.0467176390532	0.0334505966369	-0.0289769357232	-0.0828541351444	-0.000184037821056	-0.0188724045788	0.0275474590801	0.0420410904837	1.0	0.00653641436184	0.00157576179808	-0.0189708283031	0.016179272256	-0.0665156977016	0.07423487085	0.0102554793527	0.0204068578884	-0.0223074870754	-0.0723829650218	-0.0213625742193	0.0235080781512	-0.0105870306918	-0.0184341937502	-0.0246125273449	-0.00613742527932	-0.0517954192551	-0.0335239813348	-0.0831316249086	0.0191483743183	-0.0179934701369	-0.0201273037543	-0.0255909164469	-0.0441744460432	-0.0496395318908	-0.00720615234976	0.0129464881911	-0.00810642324088	-0.0334276438719	-0.00996659720011	0.0181628622394	0.0170062278866	0.0584060891228	-0.0265573001988	-0.00582500710759	0.0226462161664	-0.0376367818356	-0.0668043432805	-0.00722201704804	-0.0127347682486	-0.00447880407813
k__Bacteria;p__Bacteroidetes;c__Bacteroidia;o__Bacteroidales;f__Porphyromonadaceae;g__Barnesiella;s__Barnesiella_intestinihominis	-0.036385897353	0.0130245496123	0.0221339028738	0.020040018675	0.00104904563532	0.00903432339994	-0.0189854639732	-0.00918154732393	-0.00513599698216	-0.0179147555186	-0.00703511465573	0.025469509029	-0.063392272224	0.00141720845463	-0.0291077319755	-0.040177020287	0.0558842639714	0.00653641436184	1.0	0.029254726693	0.0205941429321	-0.0440949522808	0.0320318149712	-0.0447132083787	-0.0471795644475	-0.00466333360884	0.0584168938092	0.00883399787158	-0.00589260409429	0.0698269348708	-0.00133709011814	-0.0271822543614	-0.0112751517404	-0.0345838123288	0.0374933703434	-0.0779101873564	0.0080717848524	0.00541054153921	0.0093137576256	-0.0301032323876	-0.0345884913361	-0.0438793589328	0.0219959997789	-0.021653726977	-0.00342245049625	-0.0534795430074	-0.0288768468344	0.0298919855626	0.04516426945	-0.0474974594296	-0.0639129234498	0.0201638060989	-0.0515870710812	-0.0190995649712	-0.0170948100888	-0.0109248295293	-0.0155785751675	-0.0287312803011	-0.0176952075874
k__Bacteria;p__Bacteroidetes;c__Bacteroidia;o__Bacteroidales;f__Odoribacteraceae;g__Odoribacter;s__Odoribacter_splanchnicus	0.02336736865	-0.00581731921488	-0.0934044719099	0.00153527664283	-0.046274171273	-0.0581579037837	-0.0327164524371	0.0132030572333	-0.0095632555605	0.00425244640985	-0.0498752962844	-0.0065876781273	-0.0550840470952	-0.0196259294802	-0.0453266652774	-0.022510484241	-0.0233326017	0.00157576179808	0.029254726693	1.0	0.036930848153	-0.0149980781581	-0.0407738707626	0.00203784290896	0.0299037935496	-0.034013418661	-0.0288061874697	-0.0139246065493	0.017680242435	0.0412674499965	0.00552851430278	-0.0276757325272	0.000238912388302	0.0200250643661	-0.0132344846388	0.0225742988267	-0.0324246896733	0.00480293828964	0.0122749838044	0.0268102718605	-0.0502355579662	-0.0348311856488	0.0534062762569	0.0100244623461	0.0328991370089	-0.0341829591089	0.0592884932201	0.0606499398924	0.0185864110804	-0.0906529066306	-0.0575317230709	-0.052963624249	-0.0432431998614	-0.017024889441	-0.0590572671351	-0.022547773551	-0.0161126634936	-0.00352117754567	-0.0184940450614
k__Bacteria;p__Bacteroidetes;c__Bacteroidia;o__Bacteroidales;f__Bacteroidaceae;g__Bacteroides;s__Bacteroides_salyersiae	0.064466545758	0.0226376291954	-0.0850649376512	-0.0723790674082	-0.0188203695242	-0.0217904017247	-0.0242858804554	0.0163468888788	-0.0398619316829	0.0119865536691	0.00648697167064	-0.0346891586741	-0.00491439527946	0.0676187129971	0.016176158835	-0.0081290100926	0.0426571381301	-0.0189708283031	0.0205941429321	0.036930848153	1.0	-0.0632463427249	-0.0331530379335	0.0147513937342	-0.0593557346837	0.0241331023302	0.0117679925655	-0.0164804415644	0.0760736623991	-0.0667371936035	-0.0238276152692	-0.057067239839	-0.0064897636523	0.0464982307689	0.0282815070093	-0.00182262637916	0.0029086004696	-0.0384953102087	0.00402555344522	-0.0274093854805	0.000732315667459	-0.01572602902	0.0941334017668	0.00118009790504	-0.00143596479325	-0.00376402454146	-0.0296636278782	0.00745480022599	0.00986387449117	-0.038136460938	-0.0126708319404	-0.039817513185	-0.0441402381363	0.0268140539137	-0.0635346893327	-0.00727934354972	0.00127756637666	-0.012354846482	-0.039425140571
k__Bacteria;p__Firmicutes;c__Clostridia;o__Clostridiales;f__Ruminococcaceae;g__Ruminiclostridium;s__[Eubacterium]_siraeum	0.0249233134558	0.0382374973964	0.0326382175232	-0.0296337996199	0.0786476171704	-0.00942254703872	0.0309860902018	-0.0240904467915	0.0232587818052	-0.0256698005774	0.0382909346327	0.024515369586	0.03928789465	-0.0390817350116	0.00575638833943	-0.0751104893744	-0.0586998020196	0.016179272256	-0.0440949522808	-0.0149980781581	-0.0632463427249	1.0	-0.00316501753552	0.0130439770173	-0.006650316879	-0.038172116189	-0.0406920937912	-0.0459878853981	0.0115391706225	-0.0209862409516	-0.00967153233012	0.00773411548662	0.0412050331581	0.0072670521042	0.0305963911075	0.0148621946873	0.00378678390186	0.0425945750407	-0.0724803913185	0.0188113396889	0.0229539297853	-0.000395104236173	-0.0197625585246	-0.0542088437646	-0.0459283520519	0.0648826163642	-0.0102868395086	-0.018888463328	-0.080497885234	-0.0697153483521	-0.0198154856996	-0.0151792721549	0.0192951381413	-0.0277974519635	-0.0175649988122	0.0308844596328	0.0454586393585	0.0098867650362	-0.0237213388257
k__Bacteria;p__Proteobacteria;c__Betaproteobacteria;o__Burkholderiales;f__Sutterellaceae;g__Parasutterella;s__Parasutterella_excrementihominis	-0.0293148232693	0.0105554151689	-0.0147190511206	-0.00316932781932	-0.0273968656771	0.00446042548202	-0.00376267863285	-0.077364651191	0.0362103157298	-0.0056932978837	-0.0777362513248	-0.0262923596832	0.00672402447905	-0.0233737217195	-0.0103470314203	0.0569272182991	-0.0104759717713	-0.0665156977016	0.0320318149712	-0.0407738707626	-0.0331530379335	-0.00316501753552	1.0	0.0114488878211	0.0030400154191	-0.00533973464409	0.048522471515	0.0502767263264	-0.0569960375484	-0.038777538581	0.0323010708305	0.011240642039	0.0256122574373	-0.0441359736035	-0.0305503391697	0.0124566065799	-0.0486285246361	-0.00507399437489	-0.0153259314451	0.00564473564086	-0.0482707368002	-0.00644682420134	0.00454293077218	-0.0356671464121	-0.00752333503021	0.058707811423	0.0100180573404	-0.0393273489966	-0.0371401422616	0.003589989407	-0.0182736883965	0.0223018678437	-0.0471519211118	0.0170181908255	0.0653571661767	-0.0257582943779	-0.0432370534278	-0.0354918862062	0.00722059155789
k__Bacteria;p__Actinobacteria;c__Actinobacteria;o__Bifidobacteriales;f__Bifidobacteriaceae;g__Bifidobacterium;s__Bifidobacterium_adolescentis	-0.0420893002063	-0.0300907239387	0.0201300786595	-0.0106293720498	-0.0581343966675	-0.0141242327219	0.00152973078458	-0.0434093679371	0.00626345590846	-0.022586317215	-0.021817805714	0.0404272764947	-0.0524717969965	-0.00701638478451	0.00751680298468	0.0664268383037	-0.0170195469425	0.07423487085	-0.0447132083787	0.00203784290896	0.0147513937342	0.0130439770173	0.0114488878211	1.0	-0.0792648647629	-0.0398499336546	-0.0248532434083	0.0122660497735	-0.00477304067087	0.025340143776	0.0677697183445	-0.00637521128829	0.0782646903314	-0.0147624829185	0.0439971984604	-0.0587783761162	-0.0685542255482	0.036481086393	-0.000971280550701	0.0428891086348	-0.00547794119036	-0.0243020375504	0.000952996686209	0.0385552592805	-0.0473858493057	0.00701898130479	0.0605890733524	0.00819802044997	0.0109531455364	0.0241168174358	-0.0109135404871	-0.027386363307	0.0534671931766	0.0261181140737	-0.0552465238856	-0.0030139665035	0.0535478426797	-0.051390180927	-0.045132866055
k__Bacteria;p__Firmicutes;c__Clostridia;o__Clostridiales;f__Oscillospiraceae;g__Oscillibacter;s__Oscillibacter_sp._KLE_1745	0.0636047772159	0.00974510034171	-0.0571871909116	0.0151448701297	-0.0150912064796	4.14283755274e-05	0.0118845456513	-0.0194346880484	-0.0482424268814	0.0213351641855	0.00746150657319	-0.0293183528914	-0.0194915625182	-0.0123345738382	0.0290014587629	-0.065732151696	-0.000895432345013	0.0102554793527	-0.0471795644475	0.0299037935496	-0.0593557346837	-0.006650316879	0.0030400154191	-0.0792648647629	1.0	0.0733816982441	0.0695823964783	-0.0622603076359	-0.0243094492592	-0.0191138322226	-0.00814344294266	0.0302209929223	-0.0570970597461	0.0494672747531	-0.019683276894	0.0559608685796	-0.031377580627	-0.0562239730149	-0.0477431341949	0.0429886118034	0.0596543828388	-0.0261021799938	0.00843160739159	-0.033390338897	-0.0228527142513	0.0211744877666	-9.23451595074e-05	-0.0204037014034	0.0317632189659	-0.0154349154932	-0.0119544818449	-0.022717517856	-0.00742173954174	-0.0393079786935	-0.0110096952064	-0.036047074323	-0.0108476552594	-0.00971582193313	-0.0466672233087
k__Bacteria;p__Bacteroidetes;c__Bacteroidia;o__Bacteroidales;f__Bacteroidaceae;g__Bacteroides;s__Bacteroides_coprophilus	-0.00656428370435	0.000190237952388	-0.0550775592912	0.00637776456468	0.0103292314419	-0.0388379082884	0.0520660062307	0.0254657534079	0.0218606101744	0.0204106037185	-0.0469395553593	0.0407431665623	-0.00184662328174	0.0197328443395	0.00684332657355	0.0116536063836	-0.0367729540031	0.0204068578884	-0.00466333360884	-0.034013418661	0.0241331023302	-0.038172116189	-0.00533973464409	-0.0398499336546	0.0733816982441	1.0	-0.0316549938895	-0.0689798665031	-0.0515937875543	-0.0169326126761	-0.00850108012745	0.0552225548339	-0.0313281979864	-0.00617404000283	-0.0106044690396	-0.0279231001678	0.0386089727093	-0.0522702805488	0.0333407725907	-0.0354139388601	-0.0590529790798	-0.00385502127576	-0.0246427140024	-0.0375223802594	-0.00215139707086	0.0129244663273	-0.00213102935544	-0.0157096806695	0.0102692603561	-0.0208909638591	-0.0625003456482	-0.0308239880556	-0.0346031387365	-0.0128407761131	0.00650567180654	0.0351246693285	-0.0143902316148	-0.0260429562906	-0.0438709152537
k__Bacteria;p__Firmicutes;c__Clostridia;o__Clostridiales;f__Lachnospiraceae;g__Roseburia;s__Roseburia_intestinalis	-0.0107698082777	-0.0313340521267	0.0350928163115	0.0228183868694	-0.0395168545784	-0.0141936209805	-0.0169175196724	-0.0649477296022	0.0610836560675	-0.0328272554778	-0.0499754466835	0.0450398745746	-0.0225991434293	-0.0745295320349	0.00479344921498	0.0576140970746	-0.0113533568382	-0.0223074870754	0.0584168938092	-0.0288061874697	0.0117679925655	-0.0406920937912	0.048522471515	-0.0248532434083	0.0695823964783	-0.0316549938895	1.0	-0.0440658922104	-0.00457446292192	-0.00389276294795	0.0580973861024	0.0113142320769	0.0185462818731	-0.0320307187547	-0.0544881462195	0.0630923592758	-0.0259005168902	-0.0262764405199	0.0638502135534	-0.0385659598264	-0.0491468093583	-0.0375884309148	0.0621495175533	-0.0558781863968	-0.00747735363767	-0.0523814473152	0.0231280289796	-0.0562865289543	0.0171448693669	-0.0259283674043	-0.0246679915351	0.0115503752374	-0.0690416994664	0.0253262098475	0.0238623037939	-0.0657859420627	0.012300844792	0.028048842316	0.00116958516574
k__Bacteria;p__Firmicutes;c__Clostridia;o__Clostridiales;f__Lachnospiraceae;g__Roseburia;s__Roseburia_hominis	0.00948306289359	-0.0437011440255	-0.00985727179157	-0.0497338546429	-0.0459676878101	0.0655666768449	-0.00165460181048	-0.061908751166	-0.01174733632	-0.0403689980682	0.020271695177	-0.012178762507	0.0092586570347	0.00638291269176	-0.0466581186116	-0.052742566622	0.0350683975157	-0.0723829650218	0.00883399787158	-0.0139246065493	-0.0164804415644	-0.0459878853981	0.0502767263264	0.0122660497735	-0.0622603076359	-0.0689798665031	-0.0440658922104	1.0	-0.0868949536004	0.0195289533932	-0.0653171476233	-0.00522027407204	0.0342723774341	0.00796537256029	-0.012306364603	-0.0644040488111	-0.0700915821089	0.0604755880563	-0.0364720941784	0.0320969322014	-0.00114640204751	0.018191338599	-0.00754346199145	-0.0450114770396	0.0111227679751	0.0235176994945	-0.00687676749801	-0.0558076433084	-0.0184926158178	0.0294787602536	-0.00951437005582	-0.00735796198076	0.0301010025768	-0.0206286445862	-0.0503610931641	0.0283495249215	0.00324359349491	-0.00566865693803	-0.0161488242804
k__Bacteria;p__Bacteroidetes;c__Bacteroidia;o__Bacteroidales;f__Porphyromonadaceae;g__Parabacteroides;s__Parabacteroides_johnsonii	0.00576447022864	-0.0632967122577	0.0346332214891	-0.0243357482589	-0.016241705688	-0.00748572194728	0.000204884750136	0.0107811893721	-0.041271336305	0.0345084778404	0.00454676243896	-0.0191496262395	-0.047447332755	0.042221698356	-0.120391095024	0.0337780235056	0.0159823888298	-0.0213625742193	-0.00589260409429	0.017680242435	0.0760736623991	0.0115391706225	-0.0569960375484	-0.00477304067087	-0.0243094492592	-0.0515937875543	-0.00457446292192	-0.0868949536004	1.0	0.0410697230752	-0.00275109424967	-0.0501487187774	-0.0275072907613	0.0193065660255	0.030041869982	-0.00683176747721	0.00746680685112	0.0271328806353	0.0117546112027	-0.0484196978977	0.0666794516066	-0.00591051212165	-0.0287042229486	0.0148514495678	0.0590160408961	-0.0314939218365	-0.011222548544	0.0227237720029	-0.0200193287523	0.0408754774743	0.00405397683262	-0.0453435266657	-0.0356658142687	0.0231806466795	-0.0650630085264	-0.0209711556717	-0.0330439207994	0.0597624939866	0.0318573913146
k__Bacteria;p__Actinobacteria;c__Actinobacteria;o__Bifidobacteriales;f__Bifidobacteriaceae;g__Bifidobacterium;s__Bifidobacterium_longum	-0.0443248144581	-0.0394966033756	0.00857876448886	-0.0279588058409	-0.0602205355118	0.0589802807678	-0.00187269851936	0.0373271510173	-0.0542659412461	-0.00532928165288	0.0446349802303	0.0172546172241	0.00175605524679	-0.00835064285555	-0.0103572989381	-0.0211481369454	0.0359587491372	0.0235080781512	0.0698269348708	0.0412674499965	-0.0667371936035	-0.0209862409516	-0.038777538581	0.025340143776	-0.0191138322226	-0.0169326126761	-0.00389276294795	0.0195289533932	0.0410697230752	1.0	-0.0634830080507	-0.00760423028436	-0.0375202875605	0.0806889744205	-0.0444540682842	-0.0129308593586	0.0559388722444	0.00699816511049	0.0766192043593	-0.0437593968803	0.0388332870359	-0.0318905487952	0.0243959040997	-0.0617488799457	-0.0272000005233	-0.0283208993581	-0.0657981699824	-0.0101631956572	0.0360003362044	0.00816370243035	-0.0839099743451	-0.0329273117661	-0.0409344597857	-0.0218566220076	0.0259546288254	0.0495628630498	-0.0314539925701	0.0306779994096	-0.046792104107
