#taxonomy	k__Bacteria;p__Bacteroidetes;c__Bacteroidia;o__Bacteroidales;f__Bacteroidaceae;g__Bacteroides;s__Bacteroides_vulgatus	k__Bacteria;p__Bacteroidetes;c__Bacteroidia;o__Bacteroidales;f__Bacteroidaceae;g__Bacteroides;s__Bacteroides_uniformis	k__Bacteria;p__Bacteroidetes;c__Bacteroidia;o__Bacteroidales;f__Rikenellaceae;g__Alistipes;s__Alistipes_putredinis	k__Bacteria;p__Bacteroidetes;c__Bacteroidia;o__Bacteroidales;f__Prevotellaceae;g__Prevotella;s__Prevotella_copri	k__Bacteria;p__Bacteroidetes;c__Bacteroidia;o__Bacteroidales;f__Bacteroidaceae;g__Bacteroides;s__Bacteroides_stercoris	k__Bacteria;p__Bacteroidetes;c__Bacteroidia;o__Bacteroidales;f__Bacteroidaceae;g__Bacteroides;s__Bacteroides_ovatus	k__Bacteria;p__Bacteroidetes;c__Bacteroidia;o__Bacteroidales;f__Rikenellaceae;g__Alistipes;s__Alistipes_shahii	k__Bacteria;p__Firmicutes;c__Clostridia;o__Clostridiales;f__Ruminococcaceae;g__Faecalibacterium;s__Faecalibacterium_prausnitzii	k__Bacteria;p__Bacteroidetes;c__Bacteroidia;o__Bacteroidales;f__Rikenellaceae;g__Alistipes;s__Alistipes_finegoldii	k__Bacteria;p__Bacteroidetes;c__Bacteroidia;o__Bacteroidales;f__Porphyromonadaceae;g__Parabacteroides;s__Parabacteroides_distasonis	k__Bacteria;p__Bacteroidetes;c__Bacteroidia;o__Bacteroidales;f__Bacteroidaceae;g__Bacteroides;s__Bacteroides_thetaiotaomicron	k__Bacteria;p__Bacteroidetes;c__Bacteroidia;o__Bacteroidales;f__Bacteroidaceae;g__Bacteroides;s__Bacteroides_coprocola	k__Bacteria;p__Bacteroidetes;c__Bacteroidia;o__Bacteroidales;f__Bacteroidaceae;g__Bacteroides;s__Bacteroides_cellulosilyticus	k__Bacteria;p__Bacteroidetes;c__Bacteroidia;o__Bacteroidales;f__Rikenellaceae;g__Alistipes;s__Alistipes_obesi	k__Bacteria;p__Firmicutes;c__Clostridia;o__Clostridiales;f__Lachnospiraceae;g__;s__[Eubacterium]_rectale	k__Bacteria;p__Bacteroidetes;c__Bacteroidia;o__Bacteroidales;f__Bacteroidaceae;g__Bacteroides;s__Bacteroides_plebeius	k__Bacteria;p__Bacteroidetes;c__Bacteroidia;o__Bacteroidales;f__Bacteroidaceae;g__Bacteroides;s__Bacteroides_fragilis	k__Bacteria;p__Proteobacteria;c__Betaproteobacteria;o__Burkholderiales;f__Sutterellaceae;g__Sutterella;s__Sutterella_wadsworthensis	k__Bacteria;p__Bacteroidetes;c__Bacteroidia;o__Bacteroidales;f__Porphyromonadaceae;g__Barnesiella;s__Barnesiella_intestinihominis	k__Bacteria;p__Bacteroidetes;c__Bacteroidia;o__Bacteroidales;f__Odoribacteraceae;g__Odoribacter;s__Odoribacter_splanchnicus	k__Bacteria;p__Bacteroidetes;c__Bacteroidia;o__Bacteroidales;f__Bacteroidaceae;g__Bacteroides;s__Bacteroides_salyersiae	k__Bacteria;p__Firmicutes;c__Clostridia;o__Clostridiales;f__Ruminococcaceae;g__Ruminiclostridium;s__[Eubacterium]_siraeum	k__Bacteria;p__Proteobacteria;c__Betaproteobacteria;o__Burkholderiales;f__Sutterellaceae;g__Parasutterella;s__Parasutterella_excrementihominis	k__Bacteria;p__Actinobacteria;c__Actinobacteria;o__Bifidobacteriales;f__Bifidobacteriaceae;g__Bifidobacterium;s__Bifidobacterium_adolescentis	k__Bacteria;p__Firmicutes;c__Clostridia;o__Clostridiales;f__Oscillospiraceae;g__Oscillibacter;s__Oscillibacter_sp._KLE_1745	k__Bacteria;p__Bacteroidetes;c__Bacteroidia;o__Bacteroidales;f__Bacteroidaceae;g__Bacteroides;s__Bacteroides_coprophilus	k__Bacteria;p__Firmicutes;c__Clostridia;o__Clostridiales;f__Lachnospiraceae;g__Roseburia;s__Roseburia_intestinalis	k__Bacteria;p__Firmicutes;c__Clostridia;o__Clostridiales;f__Lachnospiraceae;g__Roseburia;s__Roseburia_hominis	k__Bacteria;p__Bacteroidetes;c__Bacteroidia;o__Bacteroidales;f__Porphyromonadaceae;g__Parabacteroides;s__Parabacteroides_johnsonii	k__Bacteria;p__Actinobacteria;c__Actinobacteria;o__Bifidobacteriales;f__Bifidobacteriaceae;g__Bifidobacterium;s__Bifidobacterium_longum	k__Bacteria;p__Firmicutes;c__Clostridia;o__Clostridiales;f__;g__Flavonifractor;s__Flavonifractor_plautii	k__Bacteria;p__Firmicutes;c__Clostridia;o__Clostridiales;f__Clostridiaceae;g__Clostridium;s__Clostridium_phoceensis	k__Bacteria;p__Verrucomicrobia;c__Verrucomicrobiae;o__Verrucomicrobiales;f__Akkermansiaceae;g__Akkermansia;s__Akkermansia_muciniphila	k__Bacteria;p__Bacteroidetes;c__Bacteroidia;o__Bacteroidales;f__Prevotellaceae;g__Paraprevotella;s__Paraprevotella_xylaniphila	k__Bacteria;p__Firmicutes;c__Clostridia;o__Clostridiales;f__Ruminococcaceae;g__Ruminococcus;s__Ruminococcus_callidus	k__Bacteria;p__Bacteroidetes;c__Bacteroidia;o__Bacteroidales;f__Rikenellaceae;g__Alistipes;s__Alistipes_senegalensis	k__Bacteria;p__Firmicutes;c__Clostridia;o__Clostridiales;f__Lachnospiraceae;g__Blautia;s__Blautia_sp._KLE_1732	k__Bacteria;p__Bacteroidetes;c__Bacteroidia;o__Bacteroidales;f__Bacteroidaceae;g__Bacteroides;s__Bacteroides_oleiciplenus	k__Bacteria;p__Firmicutes;c__Clostridia;o__Clostridiales;f__Ruminococcaceae;g__Ruminococcus;s__Ruminococcus_bicirculans	k__Bacteria;p__Bacteroidetes;c__Bacteroidia;o__Bacteroidales;f__Bacteroidaceae;g__Bacteroides;s__Bacteroides_fluxus	k__Bacteria;p__Bacteroidetes;c__Bacteroidia;o__Bacteroidales;f__Prevotellaceae;g__Prevotella;s__Prevotella_stercorea	k__Bacteria;p__Firmicutes;c__Clostridia;o__Clostridiales;f__Lachnospiraceae;g__Dorea;s__Dorea_longicatena	k__Bacteria;p__Firmicutes;c__Clostridia;o__Clostridiales;f__Eubacteriaceae;g__Eubacterium;s__[Eubacterium]_eligens	k__Bacteria;p__Firmicutes;c__Clostridia;o__Clostridiales;f__Ruminococcaceae;g__;s__Ruminococcaceae_bacterium_D16	k__Bacteria;p__Firmicutes;c__Clostridia;o__Clostridiales;f__Lachnospiraceae;g__Coprococcus;s__Coprococcus_comes	k__Bacteria;p__Proteobacteria;c__Gammaproteobacteria;o__Enterobacterales;f__Enterobacteriaceae;g__Escherichia;s__Escherichia_coli	k__Bacteria;p__Firmicutes;c__Clostridia;o__Clostridiales;f__Ruminococcaceae;g__Anaerotruncus;s__Anaerotruncus_colihominis	k__Bacteria;p__Firmicutes;c__Clostridia;o__Clostridiales;f__Lachnospiraceae;g__Blautia;s__Blautia_obeum	k__Bacteria;p__Bacteroidetes;c__Bacteroidia;o__Bacteroidales;f__Odoribacteraceae;g__Odoribacter;s__Odoribacter_laneus	k__Bacteria;p__Firmicutes;c__Clostridia;o__Clostridiales;f__Ruminococcaceae;g__Ruminiclostridium;s__[Clostridium]_leptum	k__Bacteria;p__Bacteroidetes;c__Bacteroidia;o__Bacteroidales;f__Porphyromonadaceae;g__Parabacteroides;s__Parabacteroides_goldsteinii	k__Bacteria;p__Firmicutes;c__Clostridia;o__Clostridiales;f__Lachnospiraceae;g__Anaerostipes;s__Anaerostipes_hadrus	k__Bacteria;p__Firmicutes;c__Clostridia;o__Clostridiales;f__Ruminococcaceae;g__Ruminococcus;s__Ruminococcus_lactaris	k__Bacteria;p__Firmicutes;c__Clostridia;o__Clostridiales;f__Clostridiaceae;g__Clostridium;s__Clostridium_sp._L2-50	k__Bacteria;p__Firmicutes;c__Clostridia;o__Clostridiales;f__Clostridiaceae;g__Clostridium;s__Clostridium_sp._M62/1	k__Bacteria;p__Firmicutes;c__Clostridia;o__Clostridiales;f__;g__Intestinimonas;s__Intestinimonas_butyriciproducens	k__Bacteria;p__Actinobacteria;c__Actinobacteria;o__Bifidobacteriales;f__Bifidobacteriaceae;g__Bifidobacterium;s__Bifidobacterium_bifidum	k__Bacteria;p__Firmicutes;c__Negativicutes;o__Veillonellales;f__Veillonellaceae;g__Dialister;s__Dialister_invisus	k__Bacteria;p__Bacteroidetes;c__Bacteroidia;o__Bacteroidales;f__Bacteroidaceae;g__Bacteroides;s__Bacteroides_salanitronis
k__Bacteria;p__Bacteroidetes;c__Bacteroidia;o__Bacteroidales;f__Bacteroidaceae;g__Bacteroides;s__Bacteroides_vulgatus	1.0	0.0023744247434	0.055667857227	-0.00655723196317	-0.0530727868605	0.0189243165205	0.0115624766241	-0.00563081838401	-0.0308868609944	0.0185816327605	0.0197778448554	-0.0687168407492	-0.0253143095202	-0.0686491459286	-0.0146689291553	0.0108903771127	-0.0533405613	-0.0425031023673	-0.00759654885805	0.0085534885604	-0.0101713905004	0.013139951815	0.0212169502319	-0.00987728557745	0.00870715222807	-0.0302658339927	0.00347135015653	0.00586963832717	-0.0261586572904	-0.0154506046112	-0.0737896748834	0.0302697434776	-0.0172743233753	0.0933026705133	-0.0343196978017	0.035604798386	-0.0257682925388	-0.0256232702593	-0.030011256893	0.00930827502204	-0.0050925292799	0.0439628207833	-0.045528739209	-0.0449717598496	-0.0305160382603	0.0282146655812	-0.0218385163058	-0.0197134897057	0.0118519102723	-0.0769139235567	-0.0197848902818	-0.00675779955879	-0.0348370911119	-0.032997021946	-0.0137791088318	-0.0870313797344	-0.00270521628103	-0.0223051449861	0.0164342262296
k__Bacteria;p__Bacteroidetes;c__Bacteroidia;o__Bacteroidales;f__Bacteroidaceae;g__Bacteroides;s__Bacteroides_uniformis	0.0023744247434	1.0	0.00368062909893	-0.0234115250065	-0.0164822050721	0.0104295415709	0.00846257111034	-0.0133825622762	0.0160191649672	-0.020442258675	0.0282036313388	0.0105648383519	0.037670357307	0.00791501596764	0.02374833472	0.014432335106	-0.00643923908435	-0.0445156149726	0.024216883924	-0.0777427202823	0.0302410952949	0.0342683037169	0.0708149596238	-0.00395358277964	0.00955342723838	-0.0543096346029	0.0225099114452	-0.00688123343308	0.026311427388	-0.0383304094863	-0.0401321393194	0.0267089201378	0.00463466206483	0.00523851247466	-0.00959671798287	0.0122749762377	0.00193824591726	0.0216542279289	0.00872152808237	0.000413450419069	0.0156565932826	-0.0520659074938	-0.00612597042047	0.0263306020508	-0.053608307876	-0.101421519301	0.00643705456206	-0.0497488453996	-0.0402642171242	-0.00388378904073	-0.0340365039047	-0.0309627708555	-0.0339190605266	-0.016073575348	-0.0247141856718	-0.0213086375617	0.00404702129859	0.0299913009876	-0.0452362850679
k__Bacteria;p__Bacteroidetes;c__Bacteroidia;o__Bacteroidales;f__Rikenellaceae;g__Alistipes;s__Alistipes_putredinis	0.055667857227	0.00368062909893	1.0	0.102818579046	0.0887410998974	-0.0308623498987	-0.0163499410699	0.0111356478779	0.0217339043392	0.0784729569992	-0.0433465966503	-0.0193701367661	0.0254103568859	-0.0416551922459	-0.0238530138158	-0.0159954465994	-0.0388808614482	0.0281777426448	0.0542552273494	0.0395335276204	-0.051032447902	-0.0638637126769	-0.0721687181567	0.00194969829051	-0.0212727460859	-0.0366858921141	-0.054740215111	0.0759001261747	-0.0116189845483	-0.117493173283	0.00176160641349	-0.038073468184	-0.0718495551821	-0.00780136568448	-0.0384539788224	-0.060313980943	-0.077659184379	0.0317686719766	0.0233190069356	0.0643888730744	0.0268708828173	-0.0272798502801	-0.0581013427328	-0.0384672710404	-0.0121414971027	-0.0161337054564	0.0384860566876	-0.0466543680262	-0.0294952844513	-0.0351962965305	0.00826270488742	-0.0357657814067	-0.0469429895492	-0.0604925691003	0.0410208995658	-0.041773011733	-0.0345647499612	0.036034673684	0.0404470969538
k__Bacteria;p__Bacteroidetes;c__Bacteroidia;o__Bacteroidales;f__Prevotellaceae;g__Prevotella;s__Prevotella_copri	-0.00655723196317	-0.0234115250065	0.102818579046	1.0	-0.043339250065	-0.0104790959562	0.0327656944432	0.0334596338268	-0.037353648843	0.0182538930742	-0.0282584633665	-0.0113687098076	-0.0787831884185	-0.0432681579386	-0.0573820003354	-0.0347803848808	-0.00430945503589	-0.0255295672475	-0.0585378515326	-0.0471218350939	0.0484301564822	0.0523179586283	-0.0376887106897	0.0029205860562	-0.00635845213753	-0.00289520555312	-0.0224998783839	0.00699558203281	0.0489504451409	-0.0186284398459	0.00230800218993	-0.00436384794702	0.0975977638734	-0.0183885280475	-0.0797912552954	-0.0150129291982	-0.0206522934356	-0.0432723459723	-0.0390662879525	0.0211437519772	-0.0417262572496	0.000941092732742	0.0189922886231	0.0203390036353	-0.0335538476507	0.0226296351158	0.0321639156431	-0.0282483826052	0.0194536458148	-0.0481359781941	-0.0080797072396	0.00736650086643	-0.078231548326	-0.0316663010914	-0.0144189352932	0.0198006755816	0.0332421235074	-0.0370150125361	0.0224461054662
k__Bacteria;p__Bacteroidetes;c__Bacteroidia;o__Bacteroidales;f__Bacteroidaceae;g__Bacteroides;s__Bacteroides_stercoris	-0.0530727868605	-0.0164822050721	0.0887410998974	-0.043339250065	1.0	0.0473307295461	0.00147167821152	-0.00542494232974	0.0069824504167	0.0145001020826	0.0245109945699	-0.012517839083	-0.0261398316691	-0.0562770083762	-0.0128180752504	-0.00651651502002	-0.00559656819847	0.00200662360258	-0.0358656383964	-0.0397582175376	-0.0156400608112	0.0430156937205	-0.00545665289816	0.00918811217914	0.0233996378048	-0.032793624222	-0.00398470854812	-0.0216913124914	-0.0350404936366	-0.000822299697925	0.0639794927655	-0.0847561559831	-0.0197471658702	-0.0298433982992	0.0348791803321	0.00636916280139	0.0227760167827	0.0219458479103	-0.0181771414146	0.0172152992335	-0.0450354950359	-0.0115176885671	0.0105222782721	0.0284055429102	0.0345465961652	-0.0222696465201	-0.00846352321858	0.00328246655068	0.00799101569557	-0.0561675638903	-0.0175454866906	-0.039590207322	-0.101346535883	0.0287097716312	-0.0434824932503	-0.0322418544541	0.0345369741611	-0.0205330221859	0.00561154789016
k__Bacteria;p__Bacteroidetes;c__Bacteroidia;o__Bacteroidales;f__Bacteroidaceae;g__Bacteroides;s__Bacteroides_ovatus	0.0189243165205	0.0104295415709	-0.0308623498987	-0.0104790959562	0.0473307295461	1.0	-0.0564280599683	-0.0222951320465	-0.0626815177069	0.0247816150909	-0.00512956665062	0.0174488003261	0.0080698610934	0.0132438976239	-0.0455606735848	0.0763740574077	0.0271269973172	-0.00678524242715	-0.059560493914	-0.0173298957267	0.0241815654365	0.0258570946743	-0.0155397773461	-0.03688472293	0.0352172876834	-0.0661589092331	-0.00867755071687	-0.0201720872462	0.0596156950178	0.0263093782022	-0.0241150699366	0.0175424556031	-0.0356587549883	-7.88963951271e-05	0.0274901255834	-0.0489848892673	0.00903162654393	0.0447174836809	-0.00204087421199	0.0248441844248	-0.011790316176	-0.0140437803847	-0.0510352166851	-0.0435097367853	0.00209152887591	-0.019032400209	-0.0107997678326	-0.049179696805	-0.0632354045126	0.0149472885324	-0.00855254712692	-0.00783815022109	0.026429667333	0.0275412697559	0.0469595596736	-0.0407335181936	-0.0267363693587	-0.0104919646933	-0.02375607452
k__Bacteria;p__Bacteroidetes;c__Bacteroidia;o__Bacteroidales;f__Rikenellaceae;g__Alistipes;s__Alistipes_shahii	0.0115624766241	0.00846257111034	-0.0163499410699	0.0327656944432	0.00147167821152	-0.0564280599683	1.0	-0.0531234717303	0.0170664584217	-0.00413356880044	-0.0382951200641	0.0231661042481	0.0257568510542	0.0313795666148	-0.00742256657512	0.0592063251806	-0.066765220736	-0.0696729944897	-0.0108767602038	-0.0229052407483	-0.0242581671832	-0.011691412637	0.0263207742391	0.00703399278334	-0.0564100867522	-0.0179114668503	0.00612902697384	0.0210480281106	-0.0163939035039	0.00196275632621	-0.0502245741062	-0.0264277904498	0.0291176964908	0.0125117737822	-0.0944277530092	-0.00123604510194	-0.0171750683017	-0.0176339170835	0.0167417413545	0.045255075506	-0.0282855699171	-0.102452571786	-0.0101094915789	-0.000954448981178	0.0302368407649	0.0168924921529	-0.029694970966	0.0358221185759	-0.00891078313917	-0.0474351734619	-0.0266845304885	-0.0281731330921	0.0423333204257	0.0785883980035	0.00263268906028	-3.00567891317e-05	-0.0489949061396	-0.0147990060009	-0.01861699533
k__Bacteria;p__Firmicutes;c__Clostridia;o__Clostridiales;f__Ruminococcaceae;g__Faecalibacterium;s__Faecalibacterium_prausnitzii	-0.00563081838401	-0.0133825622762	0.0111356478779	0.0334596338268	-0.00542494232974	-0.0222951320465	-0.0531234717303	1.0	-0.0229370406473	-0.0185103412295	0.0205565761139	-0.0379632438627	0.000674807743135	-0.00758944208548	0.00276204962476	-0.000804880431432	-0.00140444064181	-0.0181945096397	0.0021675265319	-0.0266009923762	0.0086323101854	-0.0129035599096	-0.0561181519661	-0.0647500275713	0.0178762858019	0.0473049889334	-0.0196552879753	-0.0770451853895	-0.0010246351792	0.0695602746939	0.0246306496441	-0.067726556162	-0.0359044750342	-0.00694890210356	-0.0300605481804	0.0968176150281	0.00217450107305	-0.0657856911778	0.0695612525351	0.00599234273847	-0.0155979637969	-0.011444915527	0.0102990662074	-0.0376101337324	0.0322018316449	-0.0379579902873	-0.0457240435066	-0.0517480827058	-0.0284136440997	0.0184822401367	0.0018878404472	-0.0166193658172	0.0203094128185	0.0267039774988	0.00657059467374	0.021562754755	0.00288424707558	-0.0207983113768	0.00508451774005
k__Bacteria;p__Bacteroidetes;c__Bacteroidia;o__Bacteroidales;f__Rikenellaceae;g__Alistipes;s__Alistipes_finegoldii	-0.0308868609944	0.0160191649672	0.0217339043392	-0.037353648843	0.0069824504167	-0.0626815177069	0.0170664584217	-0.0229370406473	1.0	-0.00880848896881	-0.0119785240115	0.0190594672616	-0.0121411538358	-0.0352174556694	-0.0142688321883	-0.0171222074542	-0.0235703759116	-0.0289551350264	0.085709802264	0.00944509577	0.00114872969415	0.00513826289686	0.0672118997049	-0.0595530628321	-0.000983349905561	0.0612671017053	-0.03708522357	-0.0357065140145	-0.054408102989	-0.0156644908916	-0.0235821049485	0.0151012264023	0.0495713991303	-0.0654003534512	-0.0373969845612	-0.0333748731385	0.0384230760202	0.0208414478607	0.0282439599467	-0.0111502142433	-0.018438567037	-0.0305357288509	0.0196324690344	-0.00477285075929	-0.0446017030355	-0.01948924315	-0.0651821846531	-0.0363484748373	-0.0231767219368	-0.0251058410148	-0.00866301715171	-0.0383353400605	0.000978384507616	-0.0395835493077	0.03426762123	-0.040524022646	0.0336661861494	-0.0331550090265	-0.0556623306755
k__Bacteria;p__Bacteroidetes;c__Bacteroidia;o__Bacteroidales;f__Porphyromonadaceae;g__Parabacteroides;s__Parabacteroides_distasonis	0.0185816327605	-0.020442258675	0.0784729569992	0.0182538930742	0.0145001020826	0.0247816150909	-0.00413356880044	-0.0185103412295	-0.00880848896881	1.0	0.0152995183901	-0.0207802387279	-0.0144577297388	-0.0159506971198	-0.0124770575672	0.0489132152163	-0.07991901362	-0.0348771095069	-0.039919551246	0.014089614889	0.0550919149152	-0.0718736010353	-0.0218256613296	-0.0380405962322	-0.0432083085414	-0.0113193039572	-0.0109497857394	0.0152612323469	-0.00467427093743	-0.0721324786496	0.0394227940645	-0.0609559122709	-0.0147862829954	0.0377841893782	-0.0195486061525	0.0108051630202	0.014843593789	0.00779687513944	0.0172529052896	-0.0380258512384	-0.0351265016714	-0.0465098195167	-0.015271460794	0.00541988758323	-0.146415855306	0.027695956745	0.0158607159975	-0.0113171269918	0.0698878363952	-0.00634912674428	-0.0678162708494	-0.111115647071	0.0680264143684	0.0246630310915	0.044490873805	-0.0329082138257	0.0114545425328	-0.0208015305837	0.043701027005
k__Bacteria;p__Bacteroidetes;c__Bacteroidia;o__Bacteroidales;f__Bacteroidaceae;g__Bacteroides;s__Bacteroides_thetaiotaomicron	0.0197778448554	0.0282036313388	-0.0433465966503	-0.0282584633665	0.0245109945699	-0.00512956665062	-0.0382951200641	0.0205565761139	-0.0119785240115	0.0152995183901	1.0	-0.0338664971127	-0.000259759995507	-0.0331096563215	-0.0259254065633	-0.0517293215067	0.00284788094633	-0.0547512166831	0.0265956500087	-0.0914923998707	-0.0163679916757	-0.016035716863	-0.011064695363	0.027059815799	-0.0352876168823	0.0118651814055	-0.0152633633507	-0.0613468832613	0.0486772359474	0.056323546179	0.0224743078063	0.0188822065305	0.018318509801	-0.0194841375425	0.0078873185196	0.0216342478488	-0.0456012981484	-0.0446877629333	-0.0331997753633	0.00444127016259	0.00913868936527	0.017150995102	-0.0355585036007	0.0513183827103	-0.0602843492306	-0.0116327315708	-0.0770827922343	-0.0158449150392	0.0614939899717	0.0295399559429	-0.0436687171731	-0.0142195214132	0.00155557892022	-0.0346853941125	0.0575312424757	-0.00514898098346	-0.00372629530536	0.00673852872915	0.0260710389812
k__Bacteria;p__Bacteroidetes;c__Bacteroidia;o__Bacteroidales;f__Bacteroidaceae;g__Bacteroides;s__Bacteroides_coprocola	-0.0687168407492	0.0105648383519	-0.0193701367661	-0.0113687098076	-0.012517839083	0.0174488003261	0.0231661042481	-0.0379632438627	0.0190594672616	-0.0207802387279	-0.0338664971127	1.0	0.034755795341	-0.0506034832811	-0.0407614624093	-0.0222921089261	-0.010127941496	-0.0269033261112	-0.0189891853425	0.0549590951409	0.0181919552823	-0.0299938371742	-0.0187955032955	0.0495634971071	0.0139918329934	-0.0271111877024	-0.0494432823264	-0.039376319883	0.0387399514238	0.0485503105031	-0.0350079254814	-0.0128960269462	-0.0926299477061	-0.0131130259045	-0.0371613152511	0.0212662100161	0.0378510348335	-0.0507073762584	0.012213010971	0.00691709057607	-0.0353265265039	-0.0347771959208	0.0207752558801	-0.00422596393921	-0.0139882249795	-0.0131050021537	-0.00111597533474	-0.0294980483642	-0.00539811800976	-0.00116954384602	-0.0114659989618	-0.0414768162211	0.020093480927	0.0347853540821	-0.0262203747224	-0.0340228508538	0.0174086972619	0.0447124495141	-0.0224685183994
k__Bacteria;p__Bacteroidetes;c__Bacteroidia;o__Bacteroidales;f__Bacteroidaceae;g__Bacteroides;s__Bacteroides_cellulosilyticus	-0.0253143095202	0.037670357307	0.0254103568859	-0.0787831884185	-0.0261398316691	0.0080698610934	0.0257568510542	0.000674807743135	-0.0121411538358	-0.0144577297388	-0.000259759995507	0.034755795341	1.0	0.0181920343793	-0.0200080829745	-0.0826482967912	-0.0525198145825	0.00225852993003	0.00377763732538	-0.000889343664648	0.0100185619095	-0.0629331234846	-0.0181676319425	-0.0479258238541	-0.0250972583246	-0.0289628069433	-0.0400612362751	0.0292070127712	-0.0102316560809	-0.0115162119512	-0.0537239891816	-0.0186237175178	0.0543859250879	-0.010176949076	-0.0283418654686	0.00623416573265	0.0260591008088	-0.0256274972915	-0.0178145543163	0.0132837050397	0.0217907764582	0.00137289418103	0.0207131373224	0.0276589893685	0.0338166993675	-0.059306497337	-0.0354395065459	0.0434784738594	0.000743769770283	0.00209224900989	0.0071563559808	0.00556875035127	-0.0310148513854	-0.00531916455141	0.00836966717861	-0.0118805512758	0.00581986448554	0.0615753016325	-0.0562398085565
k__Bacteria;p__Bacteroidetes;c__Bacteroidia;o__Bacteroidales;f__Rikenellaceae;g__Alistipes;s__Alistipes_obesi	-0.0686491459286	0.00791501596764	-0.0416551922459	-0.0432681579386	-0.0562770083762	0.0132438976239	0.0313795666148	-0.00758944208548	-0.0352174556694	-0.0159506971198	-0.0331096563215	-0.0506034832811	0.0181920343793	1.0	0.0222761135008	-0.0500859910051	0.0514390962328	-0.00598929707866	0.0806657300668	0.000420301885888	-0.0213477326038	-0.096175567157	-0.0622497885496	-0.047507815434	-0.0712197395305	0.0602791176628	0.0041812447584	-0.00744522912698	-0.0622990618728	-0.00785718548234	0.0111711776127	0.0155167580386	0.0294947232954	0.0239284556065	-0.0120468388869	0.0204730776236	-0.00627997408738	0.0397301286914	-0.0776599656221	0.0162871065742	0.00048276971344	-0.0338279666376	0.0540017802777	0.0185699983595	-0.0556834406927	-0.0346244356772	-0.00120369844528	0.0188247923173	-0.0354847030072	-0.0175823181494	-0.0495405909354	-0.0173783454029	0.0057752800105	0.075988859054	0.0459121849767	0.0412336230712	-0.0678578051065	-0.0174464701241	0.007624076632
k__Bacteria;p__Firmicutes;c__Clostridia;o__Clostridiales;f__Lachnospiraceae;g__;s__[Eubacterium]_rectale	-0.0146689291553	0.02374833472	-0.0238530138158	-0.0573820003354	-0.0128180752504	-0.0455606735848	-0.00742256657512	0.00276204962476	-0.0142688321883	-0.0124770575672	-0.0259254065633	-0.0407614624093	-0.0200080829745	0.0222761135008	1.0	-0.0258831595217	-0.0560792722182	0.00579273477113	-0.00588026705206	0.00761237746584	0.022244685769	0.00317638395062	-0.0295751636206	0.00140544540742	0.00835338791033	-0.00632461816514	0.00475737046879	0.0260095452397	-0.0228283162663	-0.00558291592897	0.0513400593033	-0.00527282552472	-0.0331442413769	-0.0432574720336	0.0198356320047	-0.0501344820545	0.0645512262747	-0.0491045967684	0.0118151644436	0.0254390433075	0.0328581330238	0.000683048170445	0.0704783860806	0.0202740382021	0.0036450909795	-0.0161550171069	0.0196138139766	-0.0190613799397	-0.00531222787223	-0.0108524253426	-0.0246856987541	-0.0143853896734	-0.0307508565915	-0.0394553760123	0.0132803717408	-0.0126265447596	-0.00402901212865	-0.0256136737767	-0.0101588542269
k__Bacteria;p__Bacteroidetes;c__Bacteroidia;o__Bacteroidales;f__Bacteroidaceae;g__Bacteroides;s__Bacteroides_plebeius	0.0108903771127	0.014432335106	-0.0159954465994	-0.0347803848808	-0.00651651502002	0.0763740574077	0.0592063251806	-0.000804880431432	-0.0171222074542	0.0489132152163	-0.0517293215067	-0.0222921089261	-0.0826482967912	-0.0500859910051	-0.0258831595217	1.0	0.0149456132657	0.0144528925804	0.0344155062834	-0.0203990438131	-0.00308084048233	0.0205562657683	0.00887129125845	0.0205076143436	0.049402501292	0.0344327409958	-0.0301175798595	-0.0426789142576	0.0094060431367	-0.025586719227	-0.0509793368532	-0.067861690624	-0.0162150312176	0.0350165855262	0.0619633545893	-0.0169553088669	-0.101144367781	0.020903216203	-0.0571272317173	0.0653306591176	-0.0497735908781	0.00317495618375	-0.0133297932069	-0.0132025609648	0.0411354508537	-0.0401038562193	0.0409165007774	-0.0239162399674	0.0271156938809	-0.0279817409134	-0.0125363364305	-0.0433804874185	0.0117334721212	-0.00545355783929	0.0320735125318	-0.0120990761688	0.0111041515083	-0.0667433488884	-0.0901790962894
k__Bacteria;p__Bacteroidetes;c__Bacteroidia;o__Bacteroidales;f__Bacteroidaceae;g__Bacteroides;s__Bacteroides_fragilis	-0.0533405613	-0.00643923908435	-0.0388808614482	-0.00430945503589	-0.00559656819847	0.0271269973172	-0.066765220736	-0.00140444064181	-0.0235703759116	-0.07991901362	0.00284788094633	-0.010127941496	-0.0525198145825	0.0514390962328	-0.0560792722182	0.0149456132657	1.0	0.00695800866464	-0.0215558369922	-0.024464964355	0.0631145121078	-0.0387294241495	0.0364129460347	-0.00336864019804	-0.0207660543064	0.0163315044385	-0.033475958628	-0.0339615622991	0.0125457879593	-0.00688823649396	0.0754829508136	-0.00915853576728	-0.0432726457575	-0.0487456995573	-0.00877166305272	-0.0349466111532	0.0658790187753	-0.00190002439234	-0.0112739881335	-0.0298448565903	0.0101346297832	0.0392014465911	-0.0646812633369	-0.0445381350716	-0.0459372924814	-0.0195851767858	-0.0462440582166	0.00100324166946	-0.00829221205372	-0.034672066014	-0.109615503922	0.0166779532525	0.0395267251078	-0.0549618983084	0.0295320586377	0.0631456920686	-0.00197618592552	0.00764323828565	-0.0185954425712
k__Bacteria;p__Proteobacteria;c__Betaproteobacteria;o__Burkholderiales;f__Sutterellaceae;g__Sutterella;s__Sutterella_wadsworthensis	-0.0425031023673	-0.0445156149726	0.0281777426448	-0.0255295672475	0.00200662360258	-0.00678524242715	-0.0696729944897	-0.0181945096397	-0.0289551350264	-0.0348771095069	-0.0547512166831	-0.0269033261112	0.00225852993003	-0.00598929707866	0.00579273477113	0.0144528925804	0.00695800866464	1.0	0.052285070285	-0.0338312917526	0.00625324708164	-0.0165386779957	-0.00967071192882	0.0132310615776	-0.0479229851465	-0.0272678364418	-0.0240672967659	-0.028224881135	-0.0801206068774	-0.0352048406652	-0.0346085383016	0.00676970998117	0.055564493862	0.0662978782582	-0.0206123317306	-0.0115628736644	0.0162107798521	0.0596931806069	-0.0169142099046	-0.0780284011385	-0.0396609565652	0.0277695654593	-0.0189780993436	0.0100867071107	-0.0164180550138	-0.00483269672571	-0.00641991124287	-0.064283589374	0.0589679154984	-0.00164284676455	0.042126468997	-0.0334648488721	0.0411158150937	0.0322363058273	0.0348926831548	-0.0240998160591	-0.0204051916877	0.0189593571119	-0.0161825680284
k__Bacteria;p__Bacteroidetes;c__Bacteroidia;o__Bacteroidales;f__Porphyromonadaceae;g__Barnesiella;s__Barnesiella_intestinihominis	-0.00759654885805	0.024216883924	0.0542552273494	-0.0585378515326	-0.0358656383964	-0.059560493914	-0.0108767602038	0.0021675265319	0.085709802264	-0.039919551246	0.0265956500087	-0.0189891853425	0.00377763732538	0.0806657300668	-0.00588026705206	0.0344155062834	-0.0215558369922	0.052285070285	1.0	0.00936591834354	-0.0497013918759	-0.0370684100075	-0.0329508497541	0.0113818904088	0.0306563764876	0.0508741842336	-0.0775009798245	-0.0305591549583	0.0224608767977	-0.0562651892824	0.0110420574761	-0.0366114894741	0.0394017011607	0.0152532788943	-0.00113262235345	0.0149841018847	-0.0365717054636	0.0158385444146	-0.0400463372296	-0.054545234061	-0.0195052352011	-0.0161305188198	-0.0498179834258	-0.0366399028568	0.00621423922776	0.0667534804699	-0.0144949003831	0.0130382049781	0.0310130048614	0.0424691923827	-0.0177036496667	-0.0705979920222	0.0252565548223	-0.0322353310451	0.0434821202635	0.0145463603018	0.0742316149382	-0.0345707094583	-0.00420732280863
k__Bacteria;p__Bacteroidetes;c__Bacteroidia;o__Bacteroidales;f__Odoribacteraceae;g__Odoribacter;s__Odoribacter_splanchnicus	0.0085534885604	-0.0777427202823	0.0395335276204	-0.0471218350939	-0.0397582175376	-0.0173298957267	-0.0229052407483	-0.0266009923762	0.00944509577	0.014089614889	-0.0914923998707	0.0549590951409	-0.000889343664648	0.000420301885888	0.00761237746584	-0.0203990438131	-0.024464964355	-0.0338312917526	0.00936591834354	1.0	-0.0462572934738	-0.0031369190931	-0.0872604586633	-0.0141748778621	0.0195314842938	-0.0357763336257	0.00862023349724	0.0223925413514	-0.0140928932518	0.0933194295488	-0.0221546950312	-0.0582734601267	-0.0359976721969	0.0168372934243	-0.0336783573163	-0.0201723553515	0.0182306510145	0.0515309506445	-0.0334760217219	-0.0136990820606	0.0522887529682	0.00388768860823	-0.0297805713003	-0.0343451280214	0.0395566407977	-0.0132608340108	0.0127641421261	0.0799575227134	-0.0243928828895	-0.0328671199468	0.0336814887862	0.0604430370738	0.0396723030722	-0.0129094294902	-0.0222032084602	0.0212757438435	-0.0268264668466	0.0362721247822	-0.0273593887112
k__Bacteria;p__Bacteroidetes;c__Bacteroidia;o__Bacteroidales;f__Bacteroidaceae;g__Bacteroides;s__Bacteroides_salyersiae	-0.0101713905004	0.0302410952949	-0.051032447902	0.0484301564822	-0.0156400608112	0.0241815654365	-0.0242581671832	0.0086323101854	0.00114872969415	0.0550919149152	-0.0163679916757	0.0181919552823	0.0100185619095	-0.0213477326038	0.022244685769	-0.00308084048233	0.0631145121078	0.00625324708164	-0.0497013918759	-0.0462572934738	1.0	-0.0133536888629	0.043966633794	0.0121684784126	-0.024350258164	-0.0350072927496	0.0414319101658	-0.0373199300435	0.0140148163761	0.0272572115383	0.0429743073357	-0.00252670677827	-0.00376820351208	0.0397905413439	-0.0370667670199	-0.117727554728	-0.00159254411132	-0.0634868299908	-0.0442348835136	0.010359074852	-0.00709234941848	-0.0186808438876	-0.0174250468179	0.060916567955	-0.0238684340646	-0.0328246758401	-0.00452186879471	0.0105993846394	0.00172006097445	-0.011415590613	0.0202943836483	0.0411791445816	0.0682904328674	-0.0133342819699	-0.0111329359596	-0.0349280782414	-0.0515438068171	-0.0508388269686	0.0108558194317
k__Bacteria;p__Firmicutes;c__Clostridia;o__Clostridiales;f__Ruminococcaceae;g__Ruminiclostridium;s__[Eubacterium]_siraeum	0.013139951815	0.0342683037169	-0.0638637126769	0.0523179586283	0.0430156937205	0.0258570946743	-0.011691412637	-0.0129035599096	0.00513826289686	-0.0718736010353	-0.016035716863	-0.0299938371742	-0.0629331234846	-0.096175567157	0.00317638395062	0.0205562657683	-0.0387294241495	-0.0165386779957	-0.0370684100075	-0.0031369190931	-0.0133536888629	1.0	-0.061244202271	0.0353089650185	0.00998111187247	-0.0184358827263	0.0604851958692	0.030449237145	-0.0320160962305	0.0247026319036	-0.0367506705891	0.00419949759857	-0.0282337006894	-0.016313768983	0.00735360234275	0.00253145045183	0.00359382599421	0.0037499191482	-0.0111628104252	-0.0258295263092	-0.0813332613648	-0.00813082957853	-0.0578620660674	-0.00852689229855	-0.0734704531117	-0.0482784000652	-0.0129007215199	-0.0314766084975	0.00632792512578	0.0254048192584	-0.0116437811694	0.0387224313422	0.0091712904528	-0.0615013247826	-0.00858436789499	0.003658624221	0.00763179311799	0.026364754401	-0.0253513595703
k__Bacteria;p__Proteobacteria;c__Betaproteobacteria;o__Burkholderiales;f__Sutterellaceae;g__Parasutterella;s__Parasutterella_excrementihominis	0.0212169502319	0.0708149596238	-0.0721687181567	-0.0376887106897	-0.00545665289816	-0.0155397773461	0.0263207742391	-0.0561181519661	0.0672118997049	-0.0218256613296	-0.011064695363	-0.0187955032955	-0.0181676319425	-0.0622497885496	-0.0295751636206	0.00887129125845	0.0364129460347	-0.00967071192882	-0.0329508497541	-0.0872604586633	0.043966633794	-0.061244202271	1.0	0.0202000031566	-0.00857081924309	0.0457834895562	-0.022779445722	0.015744099253	0.00726934734464	-0.0585377653417	0.0287453875941	-0.0240947767029	-0.0298296835016	-0.0902769135767	-0.0372383188694	0.010557386685	-0.0173956708508	0.0383450312231	-0.0655121135158	-0.0559966143127	-0.016762185821	0.0134155036427	-0.00949149189389	-0.0248178879631	-0.0537027209041	0.0420433829354	-0.0597400265824	-0.0603004843031	-0.0111990167305	-0.0141633825102	0.0396192712262	0.0100102679039	0.0551444722552	-0.118414731083	-0.0327369138734	0.0307653813318	-0.0751425991767	0.00761054062383	-0.0012796180573
k__Bacteria;p__Actinobacteria;c__Actinobacteria;o__Bifidobacteriales;f__Bifidobacteriaceae;g__Bifidobacterium;s__Bifidobacterium_adolescentis	-0.00987728557745	-0.00395358277964	0.00194969829051	0.0029205860562	0.00918811217914	-0.03688472293	0.00703399278334	-0.0647500275713	-0.0595530628321	-0.0380405962322	0.027059815799	0.0495634971071	-0.0479258238541	-0.047507815434	0.00140544540742	0.0205076143436	-0.00336864019804	0.0132310615776	0.0113818904088	-0.0141748778621	0.0121684784126	0.0353089650185	0.0202000031566	1.0	-0.0952749782005	0.00564014226804	-0.0387583764202	-0.0156951642277	-0.015589631286	0.0230582853648	-0.0152269840153	-0.013598369726	0.0165513327283	-0.00412732263202	-0.0212158914706	-0.087474732798	-0.0247061557573	-0.0751421126399	0.00560533652078	0.0142274943189	-0.0730500715794	0.0284522146111	-0.022911702183	-0.00329746235043	0.0171117415233	-0.0291374371077	0.0724684655903	-0.0207101637572	0.00272814773499	-0.0158119477498	-0.030826153519	0.0151113106273	0.0152461616476	0.0384429692422	0.0158788532114	-0.0514515127261	-0.028990752868	0.0331921788121	0.0309905749829
k__Bacteria;p__Firmicutes;c__Clostridia;o__Clostridiales;f__Oscillospiraceae;g__Oscillibacter;s__Oscillibacter_sp._KLE_1745	0.00870715222807	0.00955342723838	-0.0212727460859	-0.00635845213753	0.0233996378048	0.0352172876834	-0.0564100867522	0.0178762858019	-0.000983349905561	-0.0432083085414	-0.0352876168823	0.0139918329934	-0.0250972583246	-0.0712197395305	0.00835338791033	0.049402501292	-0.0207660543064	-0.0479229851465	0.0306563764876	0.0195314842938	-0.024350258164	0.00998111187247	-0.00857081924309	-0.0952749782005	1.0	-0.0362114428581	-0.019077437056	-0.0336955805237	0.0598990713994	0.021096695509	-0.00585234917406	0.0163036585773	-0.0365842396019	-0.0297051268309	0.00202627292499	-0.0495141816684	-0.0116968391312	0.0291820418794	-0.00552015997852	-0.00150016276662	-0.0852936122347	0.0114976924312	0.0264563951291	-0.0214896509775	0.0100796433248	0.0339420026163	-0.0253039293459	-0.0262218400372	-0.0238306361267	0.0362356766624	0.0357417899314	-0.0166998551006	-0.0239088375462	-0.0369696910617	0.0557954226354	0.00569054993156	-0.0209364486912	-0.00996805562327	-0.0170312564116
k__Bacteria;p__Bacteroidetes;c__Bacteroidia;o__Bacteroidales;f__Bacteroidaceae;g__Bacteroides;s__Bacteroides_coprophilus	-0.0302658339927	-0.0543096346029	-0.0366858921141	-0.00289520555312	-0.032793624222	-0.0661589092331	-0.0179114668503	0.0473049889334	0.0612671017053	-0.0113193039572	0.0118651814055	-0.0271111877024	-0.0289628069433	0.0602791176628	-0.00632461816514	0.0344327409958	0.0163315044385	-0.0272678364418	0.0508741842336	-0.0357763336257	-0.0350072927496	-0.0184358827263	0.0457834895562	0.00564014226804	-0.0362114428581	1.0	0.0234244623225	-0.0150502547082	-0.0369668023518	-0.000425234861139	-0.0149071961567	-0.0952106754517	-0.0546292364374	-0.0384216033324	-0.0302587683729	0.0322151641347	0.0629730389086	0.00117003950337	0.0183245137567	-0.0415640440678	0.0502418053876	-0.0312184470229	-0.0430287328731	0.0513206131291	-0.00340377704836	-0.0520998952098	0.0105075510998	-0.0635277373773	-0.0182367557879	-0.080270235353	0.0178252690577	0.00707396282137	-0.0748885933668	0.00340403057296	0.0300897268824	0.0190020961902	0.0812508858297	-0.0369111688382	-0.0269356413583
k__Bacteria;p__Firmicutes;c__Clostridia;o__Clostridiales;f__Lachnospiraceae;g__Roseburia;s__Roseburia_intestinalis	0.00347135015653	0.0225099114452	-0.054740215111	-0.0224998783839	-0.00398470854812	-0.00867755071687	0.00612902697384	-0.0196552879753	-0.03708522357	-0.0109497857394	-0.0152633633507	-0.0494432823264	-0.0400612362751	0.0041812447584	0.00475737046879	-0.0301175798595	-0.033475958628	-0.0240672967659	-0.0775009798245	0.00862023349724	0.0414319101658	0.0604851958692	-0.022779445722	-0.0387583764202	-0.019077437056	0.0234244623225	1.0	-0.0362511064931	-0.0651203074149	-0.00310312894816	-0.009873367899	-0.0840720496709	-0.0695742708893	-0.0265063137159	0.019933213021	0.0394238067715	-0.0173871974495	0.000708334588115	0.0841391999453	-0.021674169122	0.00637086802872	-0.00717147865128	0.00294778554512	0.0161039545973	-0.0106008429225	-0.00829185630205	-0.0384744113837	0.00219427626583	-0.0635759003462	-0.0153603834054	-0.0231127053639	0.0688194395057	-0.0850578427976	-0.00358539602776	-0.00166173956088	-0.0161212012794	-0.0748934242925	-0.03403666408	-0.0240564034008
k__Bacteria;p__Firmicutes;c__Clostridia;o__Clostridiales;f__Lachnospiraceae;g__Roseburia;s__Roseburia_hominis	0.00586963832717	-0.00688123343308	0.0759001261747	0.00699558203281	-0.0216913124914	-0.0201720872462	0.0210480281106	-0.0770451853895	-0.0357065140145	0.0152612323469	-0.0613468832613	-0.039376319883	0.0292070127712	-0.00744522912698	0.0260095452397	-0.0426789142576	-0.0339615622991	-0.028224881135	-0.0305591549583	0.0223925413514	-0.0373199300435	0.030449237145	0.015744099253	-0.0156951642277	-0.0336955805237	-0.0150502547082	-0.0362511064931	1.0	0.00154588468927	0.0400519590096	-0.10950893716	0.0327314973468	0.0261940737611	-0.0403357694667	0.0408428428613	0.0321569405438	-0.0306535466262	-0.00259259233776	-0.0251701305393	-0.00388740826995	0.0215984705228	-0.0523224660416	-0.0538655958015	0.00326895780744	0.011483444187	-0.0220790983875	-0.0183678265385	0.00598531890699	-0.0155067537492	0.030874321308	0.0453946193286	0.0234054317315	-0.0328369188537	0.0496188426233	0.0504835123662	-0.02976193768	-0.0169233907431	-0.0115344127046	0.00171297928369
k__Bacteria;p__Bacteroidetes;c__Bacteroidia;o__Bacteroidales;f__Porphyromonadaceae;g__Parabacteroides;s__Parabacteroides_johnsonii	-0.0261586572904	0.026311427388	-0.0116189845483	0.0489504451409	-0.0350404936366	0.0596156950178	-0.0163939035039	-0.0010246351792	-0.054408102989	-0.00467427093743	0.0486772359474	0.0387399514238	-0.0102316560809	-0.0622990618728	-0.0228283162663	0.0094060431367	0.0125457879593	-0.0801206068774	0.0224608767977	-0.0140928932518	0.0140148163761	-0.0320160962305	0.00726934734464	-0.015589631286	0.0598990713994	-0.0369668023518	-0.0651203074149	0.00154588468927	1.0	-0.00169239908969	0.0189691226199	-0.0462088634242	-0.0188535445345	-0.0440342005088	-0.00206861303134	-0.0204375213388	-0.0171852493848	-0.0719936318301	0.0426214991778	-0.00442594721553	0.0256713683278	-0.0436257996366	-0.0259760230119	-0.00388167072133	-0.0674780922426	-0.0441478403597	-0.0417866280928	0.0500456562859	-0.00424719971281	0.0394476151027	-0.0283203888075	-0.00546211865889	-0.00313974816859	-0.0163990245774	0.0374320954018	0.0427687437046	-0.0286953493644	-0.0639687213052	-0.0273623128856
k__Bacteria;p__Actinobacteria;c__Actinobacteria;o__Bifidobacteriales;f__Bifidobacteriaceae;g__Bifidobacterium;s__Bifidobacterium_longum	-0.0154506046112	-0.0383304094863	-0.117493173283	-0.0186284398459	-0.000822299697925	0.0263093782022	0.00196275632621	0.0695602746939	-0.0156644908916	-0.0721324786496	0.056323546179	0.0485503105031	-0.0115162119512	-0.00785718548234	-0.00558291592897	-0.025586719227	-0.00688823649396	-0.0352048406652	-0.0562651892824	0.0933194295488	0.0272572115383	0.0247026319036	-0.0585377653417	0.0230582853648	0.021096695509	-0.000425234861139	-0.00310312894816	0.0400519590096	-0.00169239908969	1.0	-0.0256978516399	-0.0315578379064	0.03385635959	-0.00809541671512	0.0256127201803	-0.053946742496	0.0328144514196	0.0478318388759	-0.0343749035481	0.0106557863905	-0.0193424962682	-0.00374549804353	0.0343638589802	0.0160353802393	-0.00179695552629	0.0126102099739	-0.0127924419992	-0.0431566752975	0.00691783317528	-0.00781453379555	0.00911811207901	-0.0137507150334	-0.010846865219	-0.0596399036104	-0.0178536632203	0.0452896050696	0.0289938652191	-0.0528989368887	-0.0574787525764
