#taxonomy	k__Bacteria;p__Bacteroidetes;c__Bacteroidia;o__Bacteroidales;f__Bacteroidaceae;g__Bacteroides;s__Bacteroides_vulgatus	k__Bacteria;p__Bacteroidetes;c__Bacteroidia;o__Bacteroidales;f__Bacteroidaceae;g__Bacteroides;s__Bacteroides_uniformis	k__Bacteria;p__Bacteroidetes;c__Bacteroidia;o__Bacteroidales;f__Rikenellaceae;g__Alistipes;s__Alistipes_putredinis	k__Bacteria;p__Bacteroidetes;c__Bacteroidia;o__Bacteroidales;f__Prevotellaceae;g__Prevotella;s__Prevotella_copri	k__Bacteria;p__Bacteroidetes;c__Bacteroidia;o__Bacteroidales;f__Bacteroidaceae;g__Bacteroides;s__Bacteroides_stercoris	k__Bacteria;p__Bacteroidetes;c__Bacteroidia;o__Bacteroidales;f__Bacteroidaceae;g__Bacteroides;s__Bacteroides_ovatus	k__Bacteria;p__Bacteroidetes;c__Bacteroidia;o__Bacteroidales;f__Rikenellaceae;g__Alistipes;s__Alistipes_shahii	k__Bacteria;p__Firmicutes;c__Clostridia;o__Clostridiales;f__Ruminococcaceae;g__Faecalibacterium;s__Faecalibacterium_prausnitzii	k__Bacteria;p__Bacteroidetes;c__Bacteroidia;o__Bacteroidales;f__Rikenellaceae;g__Alistipes;s__Alistipes_finegoldii	k__Bacteria;p__Bacteroidetes;c__Bacteroidia;o__Bacteroidales;f__Porphyromonadaceae;g__Parabacteroides;s__Parabacteroides_distasonis	k__Bacteria;p__Bacteroidetes;c__Bacteroidia;o__Bacteroidales;f__Bacteroidaceae;g__Bacteroides;s__Bacteroides_thetaiotaomicron	k__Bacteria;p__Bacteroidetes;c__Bacteroidia;o__Bacteroidales;f__Bacteroidaceae;g__Bacteroides;s__Bacteroides_coprocola	k__Bacteria;p__Bacteroidetes;c__Bacteroidia;o__Bacteroidales;f__Bacteroidaceae;g__Bacteroides;s__Bacteroides_cellulosilyticus	k__Bacteria;p__Bacteroidetes;c__Bacteroidia;o__Bacteroidales;f__Rikenellaceae;g__Alistipes;s__Alistipes_obesi	k__Bacteria;p__Firmicutes;c__Clostridia;o__Clostridiales;f__Lachnospiraceae;g__;s__[Eubacterium]_rectale	k__Bacteria;p__Bacteroidetes;c__Bacteroidia;o__Bacteroidales;f__Bacteroidaceae;g__Bacteroides;s__Bacteroides_plebeius	k__Bacteria;p__Bacteroidetes;c__Bacteroidia;o__Bacteroidales;f__Bacteroidaceae;g__Bacteroides;s__Bacteroides_fragilis	k__Bacteria;p__Proteobacteria;c__Betaproteobacteria;o__Burkholderiales;f__Sutterellaceae;g__Sutterella;s__Sutterella_wadsworthensis	k__Bacteria;p__Bacteroidetes;c__Bacteroidia;o__Bacteroidales;f__Porphyromonadaceae;g__Barnesiella;s__Barnesiella_intestinihominis	k__Bacteria;p__Bacteroidetes;c__Bacteroidia;o__Bacteroidales;f__Odoribacteraceae;g__Odoribacter;s__Odoribacter_splanchnicus	k__Bacteria;p__Bacteroidetes;c__Bacteroidia;o__Bacteroidales;f__Bacteroidaceae;g__Bacteroides;s__Bacteroides_salyersiae	k__Bacteria;p__Firmicutes;c__Clostridia;o__Clostridiales;f__Ruminococcaceae;g__Ruminiclostridium;s__[Eubacterium]_siraeum	k__Bacteria;p__Proteobacteria;c__Betaproteobacteria;o__Burkholderiales;f__Sutterellaceae;g__Parasutterella;s__Parasutterella_excrementihominis	k__Bacteria;p__Actinobacteria;c__Actinobacteria;o__Bifidobacteriales;f__Bifidobacteriaceae;g__Bifidobacterium;s__Bifidobacterium_adolescentis	k__Bacteria;p__Firmicutes;c__Clostridia;o__Clostridiales;f__Oscillospiraceae;g__Oscillibacter;s__Oscillibacter_sp._KLE_1745	k__Bacteria;p__Bacteroidetes;c__Bacteroidia;o__Bacteroidales;f__Bacteroidaceae;g__Bacteroides;s__Bacteroides_coprophilus	k__Bacteria;p__Firmicutes;c__Clostridia;o__Clostridiales;f__Lachnospiraceae;g__Roseburia;s__Roseburia_intestinalis	k__Bacteria;p__Firmicutes;c__Clostridia;o__Clostridiales;f__Lachnospiraceae;g__Roseburia;s__Roseburia_hominis	k__Bacteria;p__Bacteroidetes;c__Bacteroidia;o__Bacteroidales;f__Porphyromonadaceae;g__Parabacteroides;s__Parabacteroides_johnsonii	k__Bacteria;p__Actinobacteria;c__Actinobacteria;o__Bifidobacteriales;f__Bifidobacteriaceae;g__Bifidobacterium;s__Bifidobacterium_longum	k__Bacteria;p__Firmicutes;c__Clostridia;o__Clostridiales;f__;g__Flavonifractor;s__Flavonifractor_plautii	k__Bacteria;p__Firmicutes;c__Clostridia;o__Clostridiales;f__Clostridiaceae;g__Clostridium;s__Clostridium_phoceensis	k__Bacteria;p__Verrucomicrobia;c__Verrucomicrobiae;o__Verrucomicrobiales;f__Akkermansiaceae;g__Akkermansia;s__Akkermansia_muciniphila	k__Bacteria;p__Bacteroidetes;c__Bacteroidia;o__Bacteroidales;f__Prevotellaceae;g__Paraprevotella;s__Paraprevotella_xylaniphila	k__Bacteria;p__Firmicutes;c__Clostridia;o__Clostridiales;f__Ruminococcaceae;g__Ruminococcus;s__Ruminococcus_callidus	k__Bacteria;p__Bacteroidetes;c__Bacteroidia;o__Bacteroidales;f__Rikenellaceae;g__Alistipes;s__Alistipes_senegalensis	k__Bacteria;p__Firmicutes;c__Clostridia;o__Clostridiales;f__Lachnospiraceae;g__Blautia;s__Blautia_sp._KLE_1732	k__Bacteria;p__Bacteroidetes;c__Bacteroidia;o__Bacteroidales;f__Bacteroidaceae;g__Bacteroides;s__Bacteroides_oleiciplenus	k__Bacteria;p__Firmicutes;c__Clostridia;o__Clostridiales;f__Ruminococcaceae;g__Ruminococcus;s__Ruminococcus_bicirculans	k__Bacteria;p__Bacteroidetes;c__Bacteroidia;o__Bacteroidales;f__Bacteroidaceae;g__Bacteroides;s__Bacteroides_fluxus	k__Bacteria;p__Bacteroidetes;c__Bacteroidia;o__Bacteroidales;f__Prevotellaceae;g__Prevotella;s__Prevotella_stercorea	k__Bacteria;p__Firmicutes;c__Clostridia;o__Clostridiales;f__Lachnospiraceae;g__Dorea;s__Dorea_longicatena	k__Bacteria;p__Firmicutes;c__Clostridia;o__Clostridiales;f__Eubacteriaceae;g__Eubacterium;s__[Eubacterium]_eligens	k__Bacteria;p__Firmicutes;c__Clostridia;o__Clostridiales;f__Ruminococcaceae;g__;s__Ruminococcaceae_bacterium_D16	k__Bacteria;p__Firmicutes;c__Clostridia;o__Clostridiales;f__Lachnospiraceae;g__Coprococcus;s__Coprococcus_comes	k__Bacteria;p__Proteobacteria;c__Gammaproteobacteria;o__Enterobacterales;f__Enterobacteriaceae;g__Escherichia;s__Escherichia_coli	k__Bacteria;p__Firmicutes;c__Clostridia;o__Clostridiales;f__Ruminococcaceae;g__Anaerotruncus;s__Anaerotruncus_colihominis	k__Bacteria;p__Firmicutes;c__Clostridia;o__Clostridiales;f__Lachnospiraceae;g__Blautia;s__Blautia_obeum	k__Bacteria;p__Bacteroidetes;c__Bacteroidia;o__Bacteroidales;f__Odoribacteraceae;g__Odoribacter;s__Odoribacter_laneus	k__Bacteria;p__Firmicutes;c__Clostridia;o__Clostridiales;f__Ruminococcaceae;g__Ruminiclostridium;s__[Clostridium]_leptum	k__Bacteria;p__Bacteroidetes;c__Bacteroidia;o__Bacteroidales;f__Porphyromonadaceae;g__Parabacteroides;s__Parabacteroides_goldsteinii	k__Bacteria;p__Firmicutes;c__Clostridia;o__Clostridiales;f__Lachnospiraceae;g__Anaerostipes;s__Anaerostipes_hadrus	k__Bacteria;p__Firmicutes;c__Clostridia;o__Clostridiales;f__Ruminococcaceae;g__Ruminococcus;s__Ruminococcus_lactaris	k__Bacteria;p__Firmicutes;c__Clostridia;o__Clostridiales;f__Clostridiaceae;g__Clostridium;s__Clostridium_sp._L2-50	k__Bacteria;p__Firmicutes;c__Clostridia;o__Clostridiales;f__Clostridiaceae;g__Clostridium;s__Clostridium_sp._M62/1	k__Bacteria;p__Firmicutes;c__Clostridia;o__Clostridiales;f__;g__Intestinimonas;s__Intestinimonas_butyriciproducens	k__Bacteria;p__Actinobacteria;c__Actinobacteria;o__Bifidobacteriales;f__Bifidobacteriaceae;g__Bifidobacterium;s__Bifidobacterium_bifidum	k__Bacteria;p__Firmicutes;c__Negativicutes;o__Veillonellales;f__Veillonellaceae;g__Dialister;s__Dialister_invisus	k__Bacteria;p__Bacteroidetes;c__Bacteroidia;o__Bacteroidales;f__Bacteroidaceae;g__Bacteroides;s__Bacteroides_salanitronis
k__Bacteria;p__Bacteroidetes;c__Bacteroidia;o__Bacteroidales;f__Bacteroidaceae;g__Bacteroides;s__Bacteroides_vulgatus	1.0	-0.00304377364067	0.0510094311031	-0.00709640519778	0.0274721946667	0.0212697426778	-0.0232495449748	0.00137932334893	0.0328803951976	0.0106209735062	-0.0168086525335	-0.0219307206244	-0.0135983189548	-0.0157332045204	-0.0118293276819	-0.0242741892136	-0.0340255156224	-0.0234248421123	-0.0272661610811	0.0275684152445	0.0199140857942	0.00295334497223	-0.00064130408987	0.0417046176393	-0.00475475031067	-0.11029304177	-0.0435243876339	-0.0199081124086	-0.000337033075939	0.0303428685332	-0.015315470924	-0.0518433633145	-0.0440327702071	-0.0191349698653	0.0391187675015	0.013848249541	-0.0230975718908	0.0352594379701	-0.0119238841354	-0.0046240865011	-0.0177198941102	-0.00252580327872	-0.045000864141	0.0253491855183	-0.0124524527822	-0.0182896057506	0.0444549019286	-0.00463879477991	0.00429575686745	0.0242621236139	-0.0191779113765	0.0777303293929	-0.032301396379	-0.0191607751758	-0.0160291543903	0.000995386569981	0.00259087675614	-0.0344987797881	-0.074682815332
k__Bacteria;p__Bacteroidetes;c__Bacteroidia;o__Bacteroidales;f__Bacteroidaceae;g__Bacteroides;s__Bacteroides_uniformis	-0.00304377364067	1.0	-0.00154251295207	-0.00745242410258	-0.0193365605484	-0.0104006260768	-0.0367968709434	-0.0147267368368	0.0165723375486	0.0348795115872	-0.019447663282	0.0113622948384	0.0231203762814	-0.0423770952926	-0.0495785206501	-0.0463929989287	0.00324220221782	-0.0151418350844	0.0391110644326	0.00921150590539	-0.0105677943781	0.00502872235439	0.033472191803	-0.0011736590727	0.00980102334584	-0.0522075328954	0.01154172191	-0.0232297791404	-0.00257481762008	-0.0195625113265	-0.0520977836053	0.0288768516063	-0.0201680796039	-0.0437845391386	-0.0296282313951	-0.0425339286575	-0.0466939632454	-0.00458701851522	0.0221168615276	-0.0377323758107	-0.0147933270639	-0.0143445592439	-0.0100956358212	-0.074813385572	-0.00135877730849	-0.0142746970104	0.0216001240214	0.000265322794983	-0.000805701198422	0.0490405516867	-0.038481952379	-0.0147230258564	0.0411567186458	-0.00425536031844	0.0226666566981	0.0360687407984	0.0225546743832	-0.0150487483334	0.0759393491448
k__Bacteria;p__Bacteroidetes;c__Bacteroidia;o__Bacteroidales;f__Rikenellaceae;g__Alistipes;s__Alistipes_putredinis	0.0510094311031	-0.00154251295207	1.0	0.00743506896711	0.00867326602051	-0.00645055689288	0.00284026522755	0.0425790027383	0.0275202945846	-0.0104723946391	0.0439789019839	-0.0231706682151	-0.0993125038189	-0.0348658627533	0.0272052107997	0.00160310621359	-0.00517705833098	0.0288389063083	0.0424311354337	-0.034340930517	0.00554511244957	-0.066278422281	-0.0133226619547	-0.0237316508702	0.0250607191768	0.00159811065215	-0.0408397126511	0.0348409402942	-0.0147539185651	-0.00679922871634	-0.00646765432001	-0.0370004058357	0.0136819935403	0.0351994166419	-0.0784119832402	-0.00702095483573	-0.0689216545038	0.0198939738766	0.00179666201391	0.0397309359991	0.0396921307288	-0.0492830808752	-0.0368174238583	-0.0218309603388	-9.04895456432e-05	0.025580816043	0.0330314216128	0.034263592998	-0.0195317975877	-0.0360735230697	-0.0101789317126	-0.0553974811363	-0.0959024622215	-0.019120941254	0.0401232475588	-0.00735727845226	0.00673085444223	-0.0419059695389	0.0210027357374
k__Bacteria;p__Bacteroidetes;c__Bacteroidia;o__Bacteroidales;f__Prevotellaceae;g__Prevotella;s__Prevotella_copri	-0.00709640519778	-0.00745242410258	0.00743506896711	1.0	-0.0747242850362	-0.0101722946287	0.0257492047395	0.0207803907965	0.00611297297839	0.0641800590427	-0.0162975162456	0.035714074425	-0.0313553680343	0.00793764116726	-0.0360367670319	0.00392255763318	0.041470800984	-0.0592505032688	-0.0321496048726	-0.0410845404917	-0.00130649759402	-0.0790184864952	-0.0551414351718	-0.018999811933	-0.0626864843418	0.00632705850922	0.0036912960043	0.00278103943271	0.0474242794177	0.0271204788779	0.00442368140981	-0.0404676458627	-0.00183527651884	-0.0245556892099	-0.00456773755393	-0.0651161758839	0.00533385072501	0.00778030839325	0.0174410122531	0.0138506478937	-0.0241401419333	-0.0807590730538	-0.107078777938	-0.0454694295426	0.0268126408531	0.0157872655475	0.0452774238764	0.00561737385561	-0.00499686080464	-0.0249923210685	0.0631298349328	0.0162177522511	0.0279487320914	-0.0413588044005	-0.0690682806367	0.0243567355824	-0.0514200390475	-0.0253575021228	-0.0440980547465
k__Bacteria;p__Bacteroidetes;c__Bacteroidia;o__Bacteroidales;f__Bacteroidaceae;g__Bacteroides;s__Bacteroides_stercoris	0.0274721946667	-0.0193365605484	0.00867326602051	-0.0747242850362	1.0	-0.0202833976394	-0.0774763135296	-0.0570230248711	0.0526363287751	0.0106572297521	0.0333993912925	-0.0117578361729	-0.062243484462	0.0306358217692	0.0144897902619	0.0411315786457	-0.0467345953171	0.0054572233563	0.00317073490841	-0.00982773385898	-0.00148555576673	0.0135780277035	-0.000516359462329	-0.0327995479191	0.00774287778456	0.0117605677908	-0.00858763021252	0.0297618048644	-0.0664463067771	-0.000311022993185	-0.00701994314598	0.0276887670301	-0.00655139922634	0.0067659009711	0.03103553159	0.0450195272836	-0.00597910531792	-0.017830111179	-0.000510115668793	-0.0407373695444	0.0277281076792	0.0184520089995	-0.0531037047093	0.0723085780216	-0.0571093039288	-0.0173947437175	-0.0260377007488	0.0371078671294	-0.0274344417762	-0.0252918738619	-0.0143754773125	0.0295756070388	0.030335625341	-0.0522298396054	0.0235971169348	0.045563809086	-0.00941877788313	0.0103723526418	-0.018791036728
k__Bacteria;p__Bacteroidetes;c__Bacteroidia;o__Bacteroidales;f__Bacteroidaceae;g__Bacteroides;s__Bacteroides_ovatus	0.0212697426778	-0.0104006260768	-0.00645055689288	-0.0101722946287	-0.0202833976394	1.0	-0.0194348886842	0.0408712943039	0.0135869865	0.0285787279002	0.0251905377349	0.0115225444477	0.095073712087	-0.0481809615095	-0.0678578493191	0.0211570692611	-0.00135569224155	-0.0101461198923	-0.0485761134827	0.00378658856221	0.0259767831898	-0.0293646474275	-0.014103346403	0.027271783677	-0.00692904661889	-0.0209540439374	0.0151001875666	-0.0298391894594	-0.0249864044656	0.0307823500698	-0.00123315462914	-0.00385966097202	0.00420866896554	0.00279102386117	0.016080978511	-0.0439791271719	-0.0828839732738	0.0223321239449	-0.0218410823387	0.0236054535346	-0.00574158119782	-0.013470942546	-0.00658099935287	-0.00691453658684	0.0285286131621	-0.0644422566448	-0.0451360765265	0.00207976097183	-0.0947396545278	-0.0747628455532	0.0498499057736	-0.0590804962397	-0.00942265800241	0.00360118472678	-0.0532030549543	-0.0217422087337	0.0637419395552	0.0219611966936	-0.0144461684024
k__Bacteria;p__Bacteroidetes;c__Bacteroidia;o__Bacteroidales;f__Rikenellaceae;g__Alistipes;s__Alistipes_shahii	-0.0232495449748	-0.0367968709434	0.00284026522755	0.0257492047395	-0.0774763135296	-0.0194348886842	1.0	-0.0100852245063	-0.0187382458361	-0.0631996801898	-0.0601448975277	0.00949395051021	-0.013978430879	0.00404252859113	0.0447598156045	0.0403425459651	-0.00157868488232	-0.00554924447718	-0.0497729449923	0.0153609224454	-0.00738825525139	0.00225082644785	-0.0757227360008	-0.0505912040484	0.0581813958249	0.0120955494906	-0.0465917284489	-0.0713577641729	0.00404529520381	-0.00974630455889	0.0402786721194	-0.0101140369285	-0.0144186240154	0.0348687735505	-0.0128992536977	-0.0266081553937	-0.00130938597996	-0.00964814692247	-0.0495723635514	-0.0238492170696	-0.0347217266874	-0.0185723080727	-0.0543979621582	-0.0869468923216	-0.00966489554885	-0.00325456273771	-0.00928242227474	0.0169592938363	-0.060259075558	0.00927812732824	-0.0291179935363	0.0197667659788	0.109643689987	-0.000445478709349	0.0265357644223	0.000624823341814	0.0151595804449	0.012684810418	0.00462036056189
k__Bacteria;p__Firmicutes;c__Clostridia;o__Clostridiales;f__Ruminococcaceae;g__Faecalibacterium;s__Faecalibacterium_prausnitzii	0.00137932334893	-0.0147267368368	0.0425790027383	0.0207803907965	-0.0570230248711	0.0408712943039	-0.0100852245063	1.0	0.0211061830172	-0.0558521220142	0.0337285238793	-0.0346409004632	-0.0109720096843	0.0512629708998	-0.0886927860184	0.0267405238258	-0.0488968186358	-0.0147565416601	0.0373684197382	0.00690664486459	-0.0415368728141	-0.0248803205832	-0.0170832517471	-0.115339116145	0.00940573564885	0.0105241846635	-0.0125507200538	0.0755855062842	0.0651266761572	-0.0265682239993	-0.0598062270007	0.0207495815397	-0.0332670175397	-0.0120803262505	-0.0330041934021	-0.0322483140855	0.0113084326881	0.0117958196342	-0.0297413436964	0.0146286910256	-0.0152680815664	-0.0579390427463	0.0271913981858	-0.0160338871901	-0.0245069138005	-0.0823813615384	-0.0751515869157	-0.0314022759908	-0.0154908665301	0.0641672456607	0.011552335461	0.0435148078162	-0.0171325833171	0.0226018636882	0.00668563338765	0.0176117625363	0.0579958393326	0.0468367120547	0.00718201264158
k__Bacteria;p__Bacteroidetes;c__Bacteroidia;o__Bacteroidales;f__Rikenellaceae;g__Alistipes;s__Alistipes_finegoldii	0.0328803951976	0.0165723375486	0.0275202945846	0.00611297297839	0.0526363287751	0.0135869865	-0.0187382458361	0.0211061830172	1.0	-0.0111500795337	0.0359342123406	0.0108006036138	0.07046898903	-0.0329825291768	0.0191653313675	0.00428117172538	-0.0404237715382	0.063371323682	-0.040922316037	-0.0495570403727	-0.0658530514076	-0.0281476388159	-0.0885020677666	-0.0431068996392	0.046519776432	0.0197287008067	-0.0163887791897	0.0512469236183	0.0343325087802	-0.0565411506779	-0.0254979685996	-0.0421176407974	-0.0205846810279	-0.0242220289672	-0.0177489505954	0.0176431733757	0.0189553472698	-0.0115711397803	-0.0343976737818	0.0134736804418	0.010953563566	0.0786882003272	-0.00363569809803	-0.0574089650696	-0.0223135374162	-0.00987971807021	-0.0639152224867	-0.0440326178088	-0.0359064539737	-0.00546933916461	-0.0237494960738	0.0424620463357	-0.00873553686622	-0.0520262350922	-0.0610957406904	0.00246184588534	-0.00226637285044	0.0103337470103	0.0207236726796
k__Bacteria;p__Bacteroidetes;c__Bacteroidia;o__Bacteroidales;f__Porphyromonadaceae;g__Parabacteroides;s__Parabacteroides_distasonis	0.0106209735062	0.0348795115872	-0.0104723946391	0.0641800590427	0.0106572297521	0.0285787279002	-0.0631996801898	-0.0558521220142	-0.0111500795337	1.0	-0.0385673696173	0.0190017206712	0.0598223303801	-0.0272316415149	-0.0109720556498	-0.0741612348534	0.0553384541175	-0.0388357706303	0.0704294320686	-0.0278567693115	0.032421706078	-0.0881914176564	-0.0330790775896	-0.027703682114	-0.0474123908756	0.0169898078126	-0.058002767941	-0.0673418000973	-0.0476401253317	0.0370470363335	-0.00489780954651	-0.0446479980432	-0.00757505729162	0.0623661886133	-0.0283522814203	-0.0016299380656	-0.0183455690263	0.0413943536542	-0.0126673896287	-0.0389246857487	-0.0786350450381	0.0698990745863	0.0506975985414	-0.050276499466	-0.0393537456312	-0.0788814714482	0.0275214485486	0.00624705639283	0.00354311823903	-0.0197695661524	-0.00376933249452	-0.0440917039568	0.00916557230753	0.0257219833031	-0.107683988198	-0.0304557657567	-0.0102387787812	-0.0191922241273	0.0276727049592
k__Bacteria;p__Bacteroidetes;c__Bacteroidia;o__Bacteroidales;f__Bacteroidaceae;g__Bacteroides;s__Bacteroides_thetaiotaomicron	-0.0168086525335	-0.019447663282	0.0439789019839	-0.0162975162456	0.0333993912925	0.0251905377349	-0.0601448975277	0.0337285238793	0.0359342123406	-0.0385673696173	1.0	0.0399638530051	-0.0112445798276	0.0172033248577	-0.0258206704672	-0.0121834213989	-0.0021099374159	0.00937610995982	-0.0407192426319	-0.0321317685496	-0.0332035833513	-0.01860119808	-0.0428818386957	-0.00148569814946	-0.0173093204054	0.0679762770143	-0.0234799526837	0.00867707473268	0.0159461056268	-0.0043739046259	-0.0305687018731	-0.0473379529648	-0.0353027446437	0.00994517838543	-0.0250135755187	0.050396780076	0.0715930991907	0.0420991345295	-0.0515582553853	0.0149482760025	-0.0233662885284	-0.0206368704087	-0.0161100345714	0.00858840124892	0.0244954394458	-0.0211596484492	0.0378043188325	-0.00784836440769	0.00793430167793	-0.0600156666015	-0.0252829468475	0.0063918120522	0.00123276700654	0.00623349902729	0.024264536976	-0.0142987342893	-0.0431939889082	-0.0474848092064	-0.0388794599574
k__Bacteria;p__Bacteroidetes;c__Bacteroidia;o__Bacteroidales;f__Bacteroidaceae;g__Bacteroides;s__Bacteroides_coprocola	-0.0219307206244	0.0113622948384	-0.0231706682151	0.035714074425	-0.0117578361729	0.0115225444477	0.00949395051021	-0.0346409004632	0.0108006036138	0.0190017206712	0.0399638530051	1.0	0.0140377060892	-0.0699128103507	0.0225342588745	-0.0112665886484	0.0312273109215	0.0302281091149	0.0356522641697	0.046782406119	0.0532296166152	0.0600713039434	-0.0511161320524	-0.0772353644817	0.0187519446769	0.00584068494712	-0.0616886417909	0.0644233629072	-0.0420367794171	-0.00576568077654	-0.0475453394141	0.00595385692769	0.055485058113	0.0157862624954	0.0494776741496	0.0237515487932	0.0550165205385	-0.0740254707017	-0.00456050772665	-0.00678784588085	-0.0289472238885	0.00645080688932	-0.0135016892118	-0.0397536294168	0.0193409740147	0.0122682313794	-0.0184814246596	-0.0303389617543	-0.0430628671134	-0.0141693204132	0.031323719162	-0.0188121968751	0.00644317434974	0.00377650858228	-0.00704531426422	-0.0805313213032	-0.0718962204424	-0.011367996053	-0.0597905504806
k__Bacteria;p__Bacteroidetes;c__Bacteroidia;o__Bacteroidales;f__Bacteroidaceae;g__Bacteroides;s__Bacteroides_cellulosilyticus	-0.0135983189548	0.0231203762814	-0.0993125038189	-0.0313553680343	-0.062243484462	0.095073712087	-0.013978430879	-0.0109720096843	0.07046898903	0.0598223303801	-0.0112445798276	0.0140377060892	1.0	-0.00193361196248	-0.0141386466944	0.0560490626184	0.0288909410321	-0.0295370281377	-0.0327603097259	-0.0153592340803	-0.0227809348709	0.0578915000624	-0.0812936167145	-0.00770323173741	0.00533520678792	-0.041979981271	-0.00295989431288	-0.0107562902247	-0.0482867533744	0.000760255179363	0.0529430252217	0.00942168338271	0.0521425910097	-0.0496429599391	-0.019794700543	-0.0317440729169	-0.0573399981649	-0.0142305442702	-0.0251355183718	0.037459952055	-0.00784349510931	0.0473612477526	-0.0130019460633	-0.00944883992785	-0.00404181316283	-0.00804835964351	-0.0137769607729	-0.0727621583483	0.0299710741849	-0.0267206735891	0.00222857286285	-0.0158894020101	0.0197628843447	-0.0319076367392	-0.00102884181388	0.0464579273244	-0.0302579837666	0.000416023909779	0.0131467703462
k__Bacteria;p__Bacteroidetes;c__Bacteroidia;o__Bacteroidales;f__Rikenellaceae;g__Alistipes;s__Alistipes_obesi	-0.0157332045204	-0.0423770952926	-0.0348658627533	0.00793764116726	0.0306358217692	-0.0481809615095	0.00404252859113	0.0512629708998	-0.0329825291768	-0.0272316415149	0.0172033248577	-0.0699128103507	-0.00193361196248	1.0	0.0202627310296	0.012161195906	-0.0146941982808	0.0047638193416	-0.0386383244472	0.025358792162	-0.0338707058587	-0.0228558005575	-0.0309204680388	-0.055952553026	-0.00351427559624	0.0414704661403	-0.0595702085284	-0.015509564897	0.050330548605	-0.0290761833229	-0.0150092435552	0.0258741439661	-0.0687081451866	0.0198232036776	-0.0132307355148	-0.0590080580147	-0.0037512860552	0.0746093732287	0.00998375431533	0.0185284399816	0.0847120808966	0.00971821421739	0.0272285334534	0.017994811141	0.0100451105079	-0.0254421678465	-0.0466880047681	-0.0464785606578	0.0421383191036	0.0143121975513	-0.055530484924	0.0403580733848	-0.0607204251116	-0.0285413913258	-0.0144646323959	-0.062563689282	-0.022264709872	0.0291621522901	0.0536499265109
k__Bacteria;p__Firmicutes;c__Clostridia;o__Clostridiales;f__Lachnospiraceae;g__;s__[Eubacterium]_rectale	-0.0118293276819	-0.0495785206501	0.0272052107997	-0.0360367670319	0.0144897902619	-0.0678578493191	0.0447598156045	-0.0886927860184	0.0191653313675	-0.0109720556498	-0.0258206704672	0.0225342588745	-0.0141386466944	0.0202627310296	1.0	-0.00583199013702	0.0233528952393	-0.0223587934962	-0.0104778892482	-0.00517634906939	-0.0270404843128	0.00239339199014	-0.0093805935071	-0.0524512163797	0.00551287324084	0.0295540087621	0.0229042439285	-0.00150218388882	-0.00768316331638	0.0531637538726	-0.00177299472734	0.0534208395526	0.0150922412072	-0.0821214263221	0.000659193576428	-0.0160996747063	-0.00219988493849	-0.0165042186036	0.00296285526898	0.0442840907699	-0.0317594390784	0.0213160301659	-0.0213331064541	-0.000501617833507	-0.0351348708924	-0.0313244982229	-0.0110817228433	-0.0141308795929	-0.0192910464626	0.0297079298253	-0.0201508034545	-0.0317665404532	-0.0560391147191	-0.0387313516573	0.0278078487299	0.0140249622138	-0.0252722584506	0.036998551815	-0.0274574417
k__Bacteria;p__Bacteroidetes;c__Bacteroidia;o__Bacteroidales;f__Bacteroidaceae;g__Bacteroides;s__Bacteroides_plebeius	-0.0242741892136	-0.0463929989287	0.00160310621359	0.00392255763318	0.0411315786457	0.0211570692611	0.0403425459651	0.0267405238258	0.00428117172538	-0.0741612348534	-0.0121834213989	-0.0112665886484	0.0560490626184	0.012161195906	-0.00583199013702	1.0	0.0238663328246	-0.0186144977459	-0.0374693893099	-0.0302786998238	0.00141298747317	-0.00520637370703	-0.0348489044131	-0.00335606246506	0.0441227335113	-0.078246836159	0.032719335678	-0.0507827925943	-0.011495042841	0.000199485266895	0.00628525795014	0.0395889765354	0.0308671538613	-0.00622156559734	-0.0146890878265	-0.00165164725938	0.00916421658417	-0.0515299350872	-0.020972247373	-0.0238436960201	-0.00140560295991	-0.0415815590198	-0.00410752072002	0.0118612538678	-0.0201275835181	-0.00132712382924	0.0243668088058	0.034815645535	-0.0343196845251	-0.0252677483998	0.0402274345886	-0.0314587356103	0.00475586071521	-0.00094111921977	-0.0233595089006	0.00167928642717	0.0152168117569	-0.0382623293604	-0.0111579677605
k__Bacteria;p__Bacteroidetes;c__Bacteroidia;o__Bacteroidales;f__Bacteroidaceae;g__Bacteroides;s__Bacteroides_fragilis	-0.0340255156224	0.00324220221782	-0.00517705833098	0.041470800984	-0.0467345953171	-0.00135569224155	-0.00157868488232	-0.0488968186358	-0.0404237715382	0.0553384541175	-0.0021099374159	0.0312273109215	0.0288909410321	-0.0146941982808	0.0233528952393	0.0238663328246	1.0	-0.0968597240435	0.0853649419969	-0.034250863691	0.0299910191294	0.00934568281476	-0.0195145159306	-0.0134021956399	-0.0140138619634	-0.0636766004091	0.0315636668157	-0.0583177823429	0.0197471697179	-0.0546233229574	0.0341832179331	-0.0484645474083	0.00453080284967	-0.0559718212941	-0.00762120200153	-0.0228215410418	0.053346447245	-0.00417377313939	0.0264297235568	0.0118956579123	0.00976625972565	0.0232287271915	-0.0312114900602	-0.000828155619398	0.00508246713018	0.00669013878347	0.0349686709925	-0.0434323350949	0.0231039591384	-0.0429611413974	0.0560682801032	-0.0851387893746	0.00272638082552	0.00832045313867	0.0235396927491	-0.0115419739275	-0.028831679592	-0.0420237235774	0.00277681807448
k__Bacteria;p__Proteobacteria;c__Betaproteobacteria;o__Burkholderiales;f__Sutterellaceae;g__Sutterella;s__Sutterella_wadsworthensis	-0.0234248421123	-0.0151418350844	0.0288389063083	-0.0592505032688	0.0054572233563	-0.0101461198923	-0.00554924447718	-0.0147565416601	0.063371323682	-0.0388357706303	0.00937610995982	0.0302281091149	-0.0295370281377	0.0047638193416	-0.0223587934962	-0.0186144977459	-0.0968597240435	1.0	-0.0480373304871	0.0617306646617	-0.0565974077609	-0.00293851760757	-0.0234113902669	0.0156726465378	0.00834082089426	-0.0236568053315	0.0864456275211	0.032472339411	-0.0170115362198	0.0444251593011	0.00750869082153	-0.00218440772946	0.00988060770038	-0.0102907374726	-0.0533289632949	0.050966558323	-0.0243927327893	0.0229647359422	-0.0581783341042	-0.0639745798159	0.0195543005681	-0.0364856033605	-0.0193767766671	0.0624230993604	0.0349655787921	-0.0703937164897	-0.0365678297712	0.0128678840726	-0.0659729646897	0.0330525799675	-0.0607107477344	-0.0229988003473	-0.0237087059104	0.00360403088399	-0.0631755229212	0.00402378493803	0.0848101570611	-0.0368121087076	-0.0486537865781
k__Bacteria;p__Bacteroidetes;c__Bacteroidia;o__Bacteroidales;f__Porphyromonadaceae;g__Barnesiella;s__Barnesiella_intestinihominis	-0.0272661610811	0.0391110644326	0.0424311354337	-0.0321496048726	0.00317073490841	-0.0485761134827	-0.0497729449923	0.0373684197382	-0.040922316037	0.0704294320686	-0.0407192426319	0.0356522641697	-0.0327603097259	-0.0386383244472	-0.0104778892482	-0.0374693893099	0.0853649419969	-0.0480373304871	1.0	0.00599608585252	0.00448270970631	0.0435759537752	-0.0688080031773	-0.0111965452643	0.0120261045356	-0.0147911116833	-0.0128871918914	0.0149426932022	0.00670925749479	0.0291365460404	-0.0118433081364	-0.0144133834814	-0.0643334623198	-0.0240073284314	0.00319151812422	-0.0218904318724	-0.00109561724252	0.0293089999498	0.0549997983356	-0.0373170132509	0.0211732771055	0.014949528013	0.0363689051364	-0.0398462029805	-0.0262992912188	-0.0118397000887	-0.0228639188292	0.094782368807	-0.0122561531431	-0.0390409044708	-0.00832046333746	0.0715143184035	0.0237510003471	-0.059177173758	-0.0232125991994	-0.0324851949649	0.00634301944898	0.0169930802539	-0.0358245702383
k__Bacteria;p__Bacteroidetes;c__Bacteroidia;o__Bacteroidales;f__Odoribacteraceae;g__Odoribacter;s__Odoribacter_splanchnicus	0.0275684152445	0.00921150590539	-0.034340930517	-0.0410845404917	-0.00982773385898	0.00378658856221	0.0153609224454	0.00690664486459	-0.0495570403727	-0.0278567693115	-0.0321317685496	0.046782406119	-0.0153592340803	0.025358792162	-0.00517634906939	-0.0302786998238	-0.034250863691	0.0617306646617	0.00599608585252	1.0	-0.0173674144869	0.0434232901624	-0.0174526216066	-0.0218896840588	-0.028408851657	0.0118469957597	-0.0109306045745	-0.00506922750634	-0.0531723591813	0.0187001532629	0.0137900476403	-0.00182742702512	-0.0333985662382	-0.059180177227	-0.0135370583726	0.00887660623476	0.0217473270659	0.0267868765466	0.0269998320945	0.0134346920241	0.0198692375626	0.043131286768	0.00952183654688	-0.0412056729832	-0.0107490769168	-0.00265338423717	-0.0461865743338	-0.0664384736985	0.044352619614	-0.0244237253682	-0.0640817501302	-0.0230331370091	0.0464137689757	-0.00715057621267	-0.0370385935728	0.0168663122907	-0.0102677894428	0.0305053815769	-0.0582242847733
k__Bacteria;p__Bacteroidetes;c__Bacteroidia;o__Bacteroidales;f__Bacteroidaceae;g__Bacteroides;s__Bacteroides_salyersiae	0.0199140857942	-0.0105677943781	0.00554511244957	-0.00130649759402	-0.00148555576673	0.0259767831898	-0.00738825525139	-0.0415368728141	-0.0658530514076	0.032421706078	-0.0332035833513	0.0532296166152	-0.0227809348709	-0.0338707058587	-0.0270404843128	0.00141298747317	0.0299910191294	-0.0565974077609	0.00448270970631	-0.0173674144869	1.0	-0.0808876172508	0.0166947399872	0.0655352744434	0.0207078886013	-0.00278425645151	0.0306491495568	0.029853782453	0.0572611083691	-0.0338805330197	0.0293989864869	-0.0606971536829	-0.0748493503602	0.00510147234656	-0.0639553271241	-0.00738344127641	0.0307621346908	-0.0390159742097	-0.0302147605421	-0.036195353305	-0.0403883075782	-0.0482649810392	-0.0499187142136	-0.00249373325647	-0.00288103286198	-0.00210642680457	0.0274080516969	-0.0772297635855	0.0197789230113	-0.00938604005361	-0.0185537152055	-0.0397250560444	-0.026660611267	-0.00179935758011	-0.0796384803291	0.0449928521992	0.00147128841286	-0.0299355363015	-0.00978809238571
k__Bacteria;p__Firmicutes;c__Clostridia;o__Clostridiales;f__Ruminococcaceae;g__Ruminiclostridium;s__[Eubacterium]_siraeum	0.00295334497223	0.00502872235439	-0.066278422281	-0.0790184864952	0.0135780277035	-0.0293646474275	0.00225082644785	-0.0248803205832	-0.0281476388159	-0.0881914176564	-0.01860119808	0.0600713039434	0.0578915000624	-0.0228558005575	0.00239339199014	-0.00520637370703	0.00934568281476	-0.00293851760757	0.0435759537752	0.0434232901624	-0.0808876172508	1.0	0.0734394116336	-0.00593781550556	0.000517808429521	0.00324768551173	0.00284715104814	-0.022155918735	0.0446808879357	-0.0176497590946	-0.0757779653105	0.0100691734925	0.0708358990056	-0.032389707336	0.0539515984841	-0.017819232907	0.0170339958384	-0.000692573885984	0.0130598839258	0.0516601531363	-0.042299327127	0.00467093479031	-0.00258789013575	-0.0553969423566	-0.0335560284351	0.0012700953879	-0.0136151549512	-0.0213063479083	-0.0075364052269	0.0331164550555	0.0399119599488	-0.0305915105536	-0.0398354725066	-0.0529571896157	0.00271133164341	0.0182971009642	-0.0134750434712	-0.024097353061	-0.00937892606789
k__Bacteria;p__Proteobacteria;c__Betaproteobacteria;o__Burkholderiales;f__Sutterellaceae;g__Parasutterella;s__Parasutterella_excrementihominis	-0.00064130408987	0.033472191803	-0.0133226619547	-0.0551414351718	-0.000516359462329	-0.014103346403	-0.0757227360008	-0.0170832517471	-0.0885020677666	-0.0330790775896	-0.0428818386957	-0.0511161320524	-0.0812936167145	-0.0309204680388	-0.0093805935071	-0.0348489044131	-0.0195145159306	-0.0234113902669	-0.0688080031773	-0.0174526216066	0.0166947399872	0.0734394116336	1.0	-0.0250760747903	-0.0569732852473	-0.0233228070939	0.0528716897814	-0.0881168333014	0.0286405862507	-0.0362710301984	0.0115427868398	0.0420939850724	0.058970892448	-0.0669063216627	0.0139087294373	-0.0230282683087	-0.0304032791824	-0.016674178598	-0.0688070994618	0.0586413150708	0.0128046664319	-0.0248385180722	0.0164595849053	-0.0243845378104	-0.00824238581824	0.0197837828713	0.0255689499501	-0.0647795827318	0.00185995100567	0.028521903993	0.0278457445334	-0.00605024048638	0.0595064939414	0.0230796751373	-0.0544278811666	-0.00899141165895	-0.0336808181467	0.108643476588	0.0218314694177
k__Bacteria;p__Actinobacteria;c__Actinobacteria;o__Bifidobacteriales;f__Bifidobacteriaceae;g__Bifidobacterium;s__Bifidobacterium_adolescentis	0.0417046176393	-0.0011736590727	-0.0237316508702	-0.018999811933	-0.0327995479191	0.027271783677	-0.0505912040484	-0.115339116145	-0.0431068996392	-0.027703682114	-0.00148569814946	-0.0772353644817	-0.00770323173741	-0.055952553026	-0.0524512163797	-0.00335606246506	-0.0134021956399	0.0156726465378	-0.0111965452643	-0.0218896840588	0.0655352744434	-0.00593781550556	-0.0250760747903	1.0	-0.028195125701	-0.0168658317925	0.0256394918963	-0.0158207479927	-0.0165257516568	-0.0043226860654	-0.035282753511	-0.0287621863633	-0.0193373956813	-0.012811729437	0.0139551867832	-0.0276287081801	-0.055114985741	-0.0146329739892	-0.024413573422	0.0355497006925	0.00878646709097	-0.00552857531798	-0.0484552015407	0.0119841418926	-0.031093992851	-0.0272038837706	0.0163341216311	5.11774550136e-05	-0.00843796113523	0.0650931487005	0.0221564849006	0.0705834867976	-0.00874931301331	-0.0440833277867	0.0337712237655	0.0466480453324	-0.0184093058054	-0.0494556209977	0.0338435668018
k__Bacteria;p__Firmicutes;c__Clostridia;o__Clostridiales;f__Oscillospiraceae;g__Oscillibacter;s__Oscillibacter_sp._KLE_1745	-0.00475475031067	0.00980102334584	0.0250607191768	-0.0626864843418	0.00774287778456	-0.00692904661889	0.0581813958249	0.00940573564885	0.046519776432	-0.0474123908756	-0.0173093204054	0.0187519446769	0.00533520678792	-0.00351427559624	0.00551287324084	0.0441227335113	-0.0140138619634	0.00834082089427	0.0120261045356	-0.028408851657	0.0207078886013	0.000517808429521	-0.0569732852473	-0.028195125701	1.0	-0.0137310541265	-0.0428317657479	-0.0459018085863	-0.00232955031208	-0.0257423014064	-0.0905474598088	-0.0331948451691	0.0375629999993	-0.0451271391455	0.0329972819135	0.00922221023022	0.0537388357531	-0.0740521726455	0.0033320072557	-0.0312473989123	-0.00205379737651	-0.00420413707985	0.0241359412356	0.00593366504223	-0.0181280643992	0.00399995897625	0.0237612142801	0.0140208527941	0.00810438623426	0.042457492157	-0.00140849731378	-0.073996139936	-0.0446596936856	0.0414018155975	-0.0129833328983	-0.0158361430998	-0.0951371074732	-0.0359622583666	0.02501961874
k__Bacteria;p__Bacteroidetes;c__Bacteroidia;o__Bacteroidales;f__Bacteroidaceae;g__Bacteroides;s__Bacteroides_coprophilus	-0.11029304177	-0.0522075328954	0.00159811065215	0.00632705850922	0.0117605677908	-0.0209540439374	0.0120955494906	0.0105241846635	0.0197287008067	0.0169898078126	0.0679762770143	0.00584068494712	-0.041979981271	0.0414704661403	0.0295540087621	-0.078246836159	-0.0636766004091	-0.0236568053315	-0.0147911116833	0.0118469957597	-0.00278425645151	0.00324768551173	-0.0233228070939	-0.0168658317925	-0.0137310541265	1.0	-0.0102217117906	-0.0147571772946	0.00638443976293	-0.0983462122387	-0.00887516918044	-0.0258904478454	-0.0525078671285	0.0332391373483	0.0394497683483	-0.0216721452133	-0.00738899234145	0.0171207753313	-0.00941022132209	0.010211208951	0.0214414973735	-0.00399143652319	-0.0555468813772	0.0034367061479	-0.00387753694083	0.00355346789961	0.0102245962474	0.0191759278565	-0.00867001153898	-0.00199385715942	-0.0269188001521	-0.00531084136894	-0.0246367295075	0.00903365675502	-0.0293029436913	0.014418618546	0.0181482215653	0.0447794846085	-0.00618413768284
k__Bacteria;p__Firmicutes;c__Clostridia;o__Clostridiales;f__Lachnospiraceae;g__Roseburia;s__Roseburia_intestinalis	-0.0435243876339	0.01154172191	-0.0408397126511	0.0036912960043	-0.00858763021252	0.0151001875666	-0.0465917284489	-0.0125507200538	-0.0163887791897	-0.058002767941	-0.0234799526837	-0.0616886417909	-0.00295989431288	-0.0595702085284	0.0229042439285	0.032719335678	0.0315636668157	0.0864456275211	-0.0128871918914	-0.0109306045745	0.0306491495568	0.00284715104814	0.0528716897814	0.0256394918963	-0.0428317657479	-0.0102217117906	1.0	0.0508999730391	0.024719248754	-0.0395747750477	0.0170731757444	0.0251946974816	-0.0738209021727	-0.0694091336605	-0.0226404583909	-0.0488131173587	0.0083980503595	-0.0678745736866	0.0621408884799	0.0539037495371	-0.025136981422	-0.032934515338	0.0102636564891	-0.0534816011791	0.0397503800258	-0.00591203323989	-0.0318076124033	-0.0403239591224	-0.00844961080576	-0.0411168452273	-0.0619760999398	-0.0264701981774	-0.00254945446797	0.00359045210496	-0.0336929380621	0.0156597417947	0.0339605405214	0.0211307209904	-0.0184479321713
k__Bacteria;p__Firmicutes;c__Clostridia;o__Clostridiales;f__Lachnospiraceae;g__Roseburia;s__Roseburia_hominis	-0.0199081124086	-0.0232297791404	0.0348409402942	0.00278103943271	0.0297618048644	-0.0298391894594	-0.0713577641729	0.0755855062842	0.0512469236183	-0.0673418000973	0.00867707473268	0.0644233629072	-0.0107562902247	-0.015509564897	-0.00150218388882	-0.0507827925943	-0.0583177823429	0.032472339411	0.0149426932022	-0.00506922750634	0.029853782453	-0.022155918735	-0.0881168333014	-0.0158207479927	-0.0459018085863	-0.0147571772946	0.0508999730391	1.0	-0.0282812781037	-0.0569402505602	-0.0194817898371	-0.047210116298	-0.00456503550408	-0.0328146811987	0.0509949632456	-0.0168481308166	0.00511222513725	0.0117550959314	-0.0498213718221	-0.0435693236561	-0.0411671423946	-0.0141201448504	-0.0119898403655	-0.00626024287331	0.0448624752061	0.0472777784425	-0.0357074913701	0.0425959943736	-0.0458736513097	0.0499827128688	-0.020141829654	0.0170447730039	0.0202408454177	-0.0244027101293	-0.00270150667134	0.0417710055479	-0.0250918642259	-0.0198224239762	0.00170682659136
k__Bacteria;p__Bacteroidetes;c__Bacteroidia;o__Bacteroidales;f__Porphyromonadaceae;g__Parabacteroides;s__Parabacteroides_johnsonii	-0.000337033075939	-0.00257481762008	-0.0147539185651	0.0474242794177	-0.0664463067771	-0.0249864044656	0.00404529520381	0.0651266761572	0.0343325087802	-0.0476401253317	0.0159461056268	-0.0420367794171	-0.0482867533744	0.050330548605	-0.00768316331638	-0.011495042841	0.0197471697179	-0.0170115362198	0.00670925749479	-0.0531723591813	0.0572611083691	0.0446808879357	0.0286405862507	-0.0165257516568	-0.00232955031208	0.00638443976293	0.024719248754	-0.0282812781037	1.0	0.0240566428287	-0.0150747603255	0.00746508009204	-0.00273784654962	-0.014635583544	0.0666764268497	-0.0356313704759	-0.0197710584434	0.00363273959535	0.0113538113367	-0.0774472978599	-0.00519640609151	-0.00253824080336	-0.0513547166217	-0.0350469086534	-0.0152454361158	-0.0961691421188	-0.00585713681604	-0.0190684304749	-0.0181855962018	0.0167503449265	-0.0112247487009	-0.0478619474898	0.0434203294867	-0.0274944492884	0.018298595388	-0.0364793276824	-0.0205475406152	0.0159393087382	0.021281290117
k__Bacteria;p__Actinobacteria;c__Actinobacteria;o__Bifidobacteriales;f__Bifidobacteriaceae;g__Bifidobacterium;s__Bifidobacterium_longum	0.0303428685332	-0.0195625113265	-0.00679922871634	0.0271204788779	-0.000311022993185	0.0307823500698	-0.00974630455889	-0.0265682239993	-0.0565411506779	0.0370470363335	-0.0043739046259	-0.00576568077654	0.000760255179363	-0.0290761833229	0.0531637538726	0.000199485266894	-0.0546233229574	0.0444251593011	0.0291365460404	0.0187001532629	-0.0338805330197	-0.0176497590946	-0.0362710301984	-0.0043226860654	-0.0257423014064	-0.0983462122387	-0.0395747750477	-0.0569402505602	0.0240566428287	1.0	0.0255547624712	0.00442115972262	0.00702087187321	-0.00979061337025	0.0222535080846	-0.0563261800346	-0.0465704253929	0.0263428211981	-0.0175118514009	-0.032932441749	-0.0053756441028	-0.0199043848685	0.018877492588	-0.0545650719246	-0.0291672340464	-0.0120934368007	0.0247989982675	0.00436895715745	-0.0211141455248	-0.0181768071645	0.0194326431113	-0.0133901506336	-0.0307612170261	-0.0315091024317	0.0107420808957	-0.0340270505551	-0.00268371295891	-0.022147492249	0.0399587724673
