#taxonomy	k__Bacteria;p__Bacteroidetes;c__Bacteroidia;o__Bacteroidales;f__Bacteroidaceae;g__Bacteroides;s__Bacteroides_vulgatus	k__Bacteria;p__Bacteroidetes;c__Bacteroidia;o__Bacteroidales;f__Bacteroidaceae;g__Bacteroides;s__Bacteroides_uniformis	k__Bacteria;p__Bacteroidetes;c__Bacteroidia;o__Bacteroidales;f__Rikenellaceae;g__Alistipes;s__Alistipes_putredinis	k__Bacteria;p__Bacteroidetes;c__Bacteroidia;o__Bacteroidales;f__Prevotellaceae;g__Prevotella;s__Prevotella_copri	k__Bacteria;p__Bacteroidetes;c__Bacteroidia;o__Bacteroidales;f__Bacteroidaceae;g__Bacteroides;s__Bacteroides_stercoris	k__Bacteria;p__Bacteroidetes;c__Bacteroidia;o__Bacteroidales;f__Bacteroidaceae;g__Bacteroides;s__Bacteroides_ovatus	k__Bacteria;p__Bacteroidetes;c__Bacteroidia;o__Bacteroidales;f__Rikenellaceae;g__Alistipes;s__Alistipes_shahii	k__Bacteria;p__Firmicutes;c__Clostridia;o__Clostridiales;f__Ruminococcaceae;g__Faecalibacterium;s__Faecalibacterium_prausnitzii	k__Bacteria;p__Bacteroidetes;c__Bacteroidia;o__Bacteroidales;f__Rikenellaceae;g__Alistipes;s__Alistipes_finegoldii	k__Bacteria;p__Bacteroidetes;c__Bacteroidia;o__Bacteroidales;f__Porphyromonadaceae;g__Parabacteroides;s__Parabacteroides_distasonis	k__Bacteria;p__Bacteroidetes;c__Bacteroidia;o__Bacteroidales;f__Bacteroidaceae;g__Bacteroides;s__Bacteroides_thetaiotaomicron	k__Bacteria;p__Bacteroidetes;c__Bacteroidia;o__Bacteroidales;f__Bacteroidaceae;g__Bacteroides;s__Bacteroides_coprocola	k__Bacteria;p__Bacteroidetes;c__Bacteroidia;o__Bacteroidales;f__Bacteroidaceae;g__Bacteroides;s__Bacteroides_cellulosilyticus	k__Bacteria;p__Bacteroidetes;c__Bacteroidia;o__Bacteroidales;f__Rikenellaceae;g__Alistipes;s__Alistipes_obesi	k__Bacteria;p__Firmicutes;c__Clostridia;o__Clostridiales;f__Lachnospiraceae;g__;s__[Eubacterium]_rectale	k__Bacteria;p__Bacteroidetes;c__Bacteroidia;o__Bacteroidales;f__Bacteroidaceae;g__Bacteroides;s__Bacteroides_plebeius	k__Bacteria;p__Bacteroidetes;c__Bacteroidia;o__Bacteroidales;f__Bacteroidaceae;g__Bacteroides;s__Bacteroides_fragilis	k__Bacteria;p__Proteobacteria;c__Betaproteobacteria;o__Burkholderiales;f__Sutterellaceae;g__Sutterella;s__Sutterella_wadsworthensis	k__Bacteria;p__Bacteroidetes;c__Bacteroidia;o__Bacteroidales;f__Porphyromonadaceae;g__Barnesiella;s__Barnesiella_intestinihominis	k__Bacteria;p__Bacteroidetes;c__Bacteroidia;o__Bacteroidales;f__Odoribacteraceae;g__Odoribacter;s__Odoribacter_splanchnicus	k__Bacteria;p__Bacteroidetes;c__Bacteroidia;o__Bacteroidales;f__Bacteroidaceae;g__Bacteroides;s__Bacteroides_salyersiae	k__Bacteria;p__Firmicutes;c__Clostridia;o__Clostridiales;f__Ruminococcaceae;g__Ruminiclostridium;s__[Eubacterium]_siraeum	k__Bacteria;p__Proteobacteria;c__Betaproteobacteria;o__Burkholderiales;f__Sutterellaceae;g__Parasutterella;s__Parasutterella_excrementihominis	k__Bacteria;p__Actinobacteria;c__Actinobacteria;o__Bifidobacteriales;f__Bifidobacteriaceae;g__Bifidobacterium;s__Bifidobacterium_adolescentis	k__Bacteria;p__Firmicutes;c__Clostridia;o__Clostridiales;f__Oscillospiraceae;g__Oscillibacter;s__Oscillibacter_sp._KLE_1745	k__Bacteria;p__Bacteroidetes;c__Bacteroidia;o__Bacteroidales;f__Bacteroidaceae;g__Bacteroides;s__Bacteroides_coprophilus	k__Bacteria;p__Firmicutes;c__Clostridia;o__Clostridiales;f__Lachnospiraceae;g__Roseburia;s__Roseburia_intestinalis	k__Bacteria;p__Firmicutes;c__Clostridia;o__Clostridiales;f__Lachnospiraceae;g__Roseburia;s__Roseburia_hominis	k__Bacteria;p__Bacteroidetes;c__Bacteroidia;o__Bacteroidales;f__Porphyromonadaceae;g__Parabacteroides;s__Parabacteroides_johnsonii	k__Bacteria;p__Actinobacteria;c__Actinobacteria;o__Bifidobacteriales;f__Bifidobacteriaceae;g__Bifidobacterium;s__Bifidobacterium_longum	k__Bacteria;p__Firmicutes;c__Clostridia;o__Clostridiales;f__;g__Flavonifractor;s__Flavonifractor_plautii	k__Bacteria;p__Firmicutes;c__Clostridia;o__Clostridiales;f__Clostridiaceae;g__Clostridium;s__Clostridium_phoceensis	k__Bacteria;p__Verrucomicrobia;c__Verrucomicrobiae;o__Verrucomicrobiales;f__Akkermansiaceae;g__Akkermansia;s__Akkermansia_muciniphila	k__Bacteria;p__Bacteroidetes;c__Bacteroidia;o__Bacteroidales;f__Prevotellaceae;g__Paraprevotella;s__Paraprevotella_xylaniphila	k__Bacteria;p__Firmicutes;c__Clostridia;o__Clostridiales;f__Ruminococcaceae;g__Ruminococcus;s__Ruminococcus_callidus	k__Bacteria;p__Bacteroidetes;c__Bacteroidia;o__Bacteroidales;f__Rikenellaceae;g__Alistipes;s__Alistipes_senegalensis	k__Bacteria;p__Firmicutes;c__Clostridia;o__Clostridiales;f__Lachnospiraceae;g__Blautia;s__Blautia_sp._KLE_1732	k__Bacteria;p__Bacteroidetes;c__Bacteroidia;o__Bacteroidales;f__Bacteroidaceae;g__Bacteroides;s__Bacteroides_oleiciplenus	k__Bacteria;p__Firmicutes;c__Clostridia;o__Clostridiales;f__Ruminococcaceae;g__Ruminococcus;s__Ruminococcus_bicirculans	k__Bacteria;p__Bacteroidetes;c__Bacteroidia;o__Bacteroidales;f__Bacteroidaceae;g__Bacteroides;s__Bacteroides_fluxus	k__Bacteria;p__Bacteroidetes;c__Bacteroidia;o__Bacteroidales;f__Prevotellaceae;g__Prevotella;s__Prevotella_stercorea	k__Bacteria;p__Firmicutes;c__Clostridia;o__Clostridiales;f__Lachnospiraceae;g__Dorea;s__Dorea_longicatena	k__Bacteria;p__Firmicutes;c__Clostridia;o__Clostridiales;f__Eubacteriaceae;g__Eubacterium;s__[Eubacterium]_eligens	k__Bacteria;p__Firmicutes;c__Clostridia;o__Clostridiales;f__Ruminococcaceae;g__;s__Ruminococcaceae_bacterium_D16	k__Bacteria;p__Firmicutes;c__Clostridia;o__Clostridiales;f__Lachnospiraceae;g__Coprococcus;s__Coprococcus_comes	k__Bacteria;p__Proteobacteria;c__Gammaproteobacteria;o__Enterobacterales;f__Enterobacteriaceae;g__Escherichia;s__Escherichia_coli	k__Bacteria;p__Firmicutes;c__Clostridia;o__Clostridiales;f__Ruminococcaceae;g__Anaerotruncus;s__Anaerotruncus_colihominis	k__Bacteria;p__Firmicutes;c__Clostridia;o__Clostridiales;f__Lachnospiraceae;g__Blautia;s__Blautia_obeum	k__Bacteria;p__Bacteroidetes;c__Bacteroidia;o__Bacteroidales;f__Odoribacteraceae;g__Odoribacter;s__Odoribacter_laneus	k__Bacteria;p__Firmicutes;c__Clostridia;o__Clostridiales;f__Ruminococcaceae;g__Ruminiclostridium;s__[Clostridium]_leptum	k__Bacteria;p__Bacteroidetes;c__Bacteroidia;o__Bacteroidales;f__Porphyromonadaceae;g__Parabacteroides;s__Parabacteroides_goldsteinii	k__Bacteria;p__Firmicutes;c__Clostridia;o__Clostridiales;f__Lachnospiraceae;g__Anaerostipes;s__Anaerostipes_hadrus	k__Bacteria;p__Firmicutes;c__Clostridia;o__Clostridiales;f__Ruminococcaceae;g__Ruminococcus;s__Ruminococcus_lactaris	k__Bacteria;p__Firmicutes;c__Clostridia;o__Clostridiales;f__Clostridiaceae;g__Clostridium;s__Clostridium_sp._L2-50	k__Bacteria;p__Firmicutes;c__Clostridia;o__Clostridiales;f__Clostridiaceae;g__Clostridium;s__Clostridium_sp._M62/1	k__Bacteria;p__Firmicutes;c__Clostridia;o__Clostridiales;f__;g__Intestinimonas;s__Intestinimonas_butyriciproducens	k__Bacteria;p__Actinobacteria;c__Actinobacteria;o__Bifidobacteriales;f__Bifidobacteriaceae;g__Bifidobacterium;s__Bifidobacterium_bifidum	k__Bacteria;p__Firmicutes;c__Negativicutes;o__Veillonellales;f__Veillonellaceae;g__Dialister;s__Dialister_invisus	k__Bacteria;p__Bacteroidetes;c__Bacteroidia;o__Bacteroidales;f__Bacteroidaceae;g__Bacteroides;s__Bacteroides_salanitronis
k__Bacteria;p__Bacteroidetes;c__Bacteroidia;o__Bacteroidales;f__Bacteroidaceae;g__Bacteroides;s__Bacteroides_vulgatus	1.0	-0.0363976648878	0.0157827214132	0.0514671593012	-0.05877544902	-0.0367337400136	0.0516789646623	0.0651115130394	-0.0572142560149	0.0352595694488	0.00150368388182	-0.0592541063364	-0.00130122938112	-0.00412497282977	0.0104648496026	0.0500303702335	-0.0175749404855	-0.035178832086	-0.040598895208	-0.00286492721349	-0.0514624376937	-0.0182254208324	0.0154014187406	-0.0528528343319	-0.00216330860263	0.013791239985	-0.00106452704173	0.0160135648027	-0.0511695988871	-0.0478773020948	0.00751071089274	0.0166267940267	-0.00650004453887	-0.0247869130712	0.00101961312996	-0.00938032628551	0.0674061802307	-0.00689258496387	0.017763144427	-0.00615878907665	-0.0987196039703	0.0276424591445	0.0741545914826	0.0162974662226	-0.00717708543482	-0.0915442634719	-0.0401687968515	0.00101867304308	-0.0342959896303	-0.0453491898069	-0.0312485151238	-0.0246949064324	0.00593515617064	0.0389710470689	-0.0826015971573	-0.0486759230746	-0.0379911800543	0.00838445323737	-0.0140989695616
k__Bacteria;p__Bacteroidetes;c__Bacteroidia;o__Bacteroidales;f__Bacteroidaceae;g__Bacteroides;s__Bacteroides_uniformis	-0.0363976648878	1.0	-0.00396692349382	0.00695601863753	-0.000194664689619	-0.0698623802644	-0.129838049953	0.0228207310359	0.0265074977591	-0.018782343246	-0.0107262284828	0.0101179620924	0.0104000791579	-0.0330768023622	-0.0422675705892	0.014876955478	0.112833199041	0.00953454851649	-0.0466267045616	-0.0309312890743	-0.00891551926451	-0.0221277182989	0.0104521996165	-0.0206144796752	0.0143475600898	-0.0550577967298	-0.0446780889958	-0.0316414092653	0.0171833614453	0.0213480061943	0.0191409642206	-0.0200242972756	0.0357797563451	0.0115635281604	-0.01758642205	-0.0651177319824	-0.0419085994455	-0.0624714489277	0.0154947594318	0.0218948243911	-0.0258246216369	-0.00574754693351	-0.00131862806482	0.0713126065309	-0.0155343519112	0.00663011456058	0.0200249492098	0.0297341472896	-0.0232017318719	0.020992228719	0.0590359625172	-0.0401585163076	-0.00329593246904	0.0531033007176	0.0297180439477	-0.0173847637928	-0.0739657677406	-0.0396447287578	-0.0129264759609
k__Bacteria;p__Bacteroidetes;c__Bacteroidia;o__Bacteroidales;f__Rikenellaceae;g__Alistipes;s__Alistipes_putredinis	0.0157827214132	-0.00396692349382	1.0	-0.0772909693161	0.0349567488415	-0.00285851226378	0.0277517451744	0.016421072834	-0.0156944937289	-0.0415699880706	-0.00988489795177	-0.0138154554759	-0.0103602595758	-0.0057189537713	-0.00254615752352	-0.0118684507441	-0.0107416661389	-0.00522918865515	-0.0335034672163	-0.0420878535605	0.0223761842447	-0.0210300988451	-0.022807097756	0.0392009984257	-0.0482323268685	-0.0149624089962	0.0132528409696	-0.0141898619676	0.0364776122055	-0.0110322340544	0.0291235750002	-0.0336563019258	-0.0161429845338	0.0065452327439	-0.0383240936116	0.0236248331056	-0.0339125857818	0.0191514327426	-0.0234632132292	-0.0211774892771	-0.0497688713813	-0.0660100752229	-0.0565529394895	-0.0502507634318	-0.0153890781094	0.0163769561801	-0.0492382752361	-0.0470489360759	0.0249470037982	-0.00428468874082	-0.0238155301368	0.0337930827229	-0.0108439172601	-0.019964039929	0.00444866414958	0.0154392981911	-0.0112990576542	0.0202279736194	0.0139121689774
k__Bacteria;p__Bacteroidetes;c__Bacteroidia;o__Bacteroidales;f__Prevotellaceae;g__Prevotella;s__Prevotella_copri	0.0514671593012	0.00695601863753	-0.0772909693161	1.0	-0.00248540179913	0.015744927414	-0.018660718115	-0.0719222157776	-0.0184748917643	-0.0261005088906	-0.0436072242639	0.0228817466116	0.031413338633	-0.0427268757379	0.0231744060965	-0.0159390261525	0.00680639628076	-0.00691307464565	-0.0220049794815	0.0466900980415	-0.0606422863272	-0.00879254036132	-0.0140502273591	-0.0203131220665	-0.0328061173758	0.00495213252316	-0.00712085154741	-0.0927917830568	0.0183513315375	-0.00811035839472	0.0115509542663	-0.0337292059727	0.0199711576313	-0.0384355568749	-0.0397734497989	0.0356990370151	-0.0450962826684	-0.0347355672823	0.00582333948628	0.00374526850373	-0.0375232589124	0.0175126662971	-0.00069142078492	0.0555854647861	-0.071998132429	0.0194027975314	-0.0486366060556	-0.0292579920213	-0.0325632252075	0.0231453605573	0.00954370989452	-0.0107755843739	-0.0674679111315	0.0132824848078	0.0104684433578	0.0276777507389	-0.0560506310885	-0.018676382473	-0.031371006806
k__Bacteria;p__Bacteroidetes;c__Bacteroidia;o__Bacteroidales;f__Bacteroidaceae;g__Bacteroides;s__Bacteroides_stercoris	-0.05877544902	-0.000194664689619	0.0349567488415	-0.00248540179913	1.0	-0.037389615241	-0.0241766665667	0.0185369304523	-0.0883509163451	-0.0567347272206	-0.0117388586071	-0.0345840538432	0.0488315962745	-0.0178451632488	-0.00457611473108	-0.00398864028011	0.00911943709783	0.052374689214	0.0386391240354	-0.0228714549227	0.0171503510888	-0.0192615578227	0.0206139992548	-0.0069724072742	-0.0251371377349	-0.00821372582323	0.0049818021042	-0.0276279312275	0.0463054204128	-0.0431131718669	-0.0222222240825	0.0243246066765	0.00619605404823	0.00860751274905	0.0242041075107	0.01434898372	-0.0162212937273	-0.0207933995103	-0.00143461844706	-0.0299635556098	-0.0262924676954	-0.0349378519161	0.0359897627535	-0.0113650117632	0.0356879867509	-0.0139327232675	0.00927221900005	-0.0219444742474	0.0205034854034	-0.00957679060586	-0.0398824856483	-0.0225797056658	0.039643320964	-0.01515542032	-0.0499614659531	0.042654131218	-0.099818308472	-0.0269284698981	-0.0506089797341
k__Bacteria;p__Bacteroidetes;c__Bacteroidia;o__Bacteroidales;f__Bacteroidaceae;g__Bacteroides;s__Bacteroides_ovatus	-0.0367337400136	-0.0698623802644	-0.00285851226378	0.015744927414	-0.037389615241	1.0	-0.0804144100258	0.00280221973569	0.00500240534249	-0.0262628554529	-0.0104048427881	-0.0401927071271	0.0278274780439	0.0409973487856	0.0195616317567	0.0058124208914	-0.0201396628973	-0.0166016585222	0.0200020416673	-0.0778313259083	-0.0173227585159	-0.0313065302447	-0.0134874416315	-0.0198603352503	-0.0325757330137	-0.0387127459016	0.0358762877571	0.0103454923394	-0.058756333852	0.0109937353036	-0.0939329567011	0.0399204648193	0.0213339904147	-0.00584153505758	-0.0653623535197	0.0278083675359	-0.0583262376307	-0.00803783876852	-0.0528718046531	-0.0436863840189	0.0489186375101	0.006442307934	-0.0416147997144	0.056713901604	0.00846666904513	0.00151452315825	-0.0328115357786	0.0497103222079	-0.00918562079312	0.0380487824217	0.0711941778802	-0.0302737760878	0.0457360873536	0.00249351446406	-0.0107390883435	0.00398271446142	0.0286670739886	0.0796694875114	0.00492584932868
k__Bacteria;p__Bacteroidetes;c__Bacteroidia;o__Bacteroidales;f__Rikenellaceae;g__Alistipes;s__Alistipes_shahii	0.0516789646623	-0.129838049953	0.0277517451744	-0.018660718115	-0.0241766665667	-0.0804144100258	1.0	-0.0165820560075	0.0473558222175	-0.0175427100774	-0.0381067869723	-0.041236334295	0.00731196033872	-0.0446212743807	0.0216043630616	0.00872184870685	-0.00765463492112	-0.123270643799	0.0303330375816	-0.0153331203036	-0.0248973801725	0.000618473995489	-0.0239504352389	-0.0153697187291	0.0157630019914	-0.0394575570741	0.00134034914051	0.00980813112386	0.0056864351434	-0.0195111082724	-0.038990932367	-0.00441418241501	0.0197169285946	-0.0354902938995	0.0171713616638	0.0168968507725	-0.00345892931831	0.0154659720095	0.00577845873995	-0.0484533129296	0.0106027748231	0.0175626383821	0.0018902936777	-0.0172129420171	0.0073801141265	2.00532895809e-05	0.0382721451866	-0.00855119278187	0.00376695832158	-0.0613042207277	-0.000289519756043	0.0738106778411	0.0277431030048	-0.0116029852151	-0.0249780627404	-0.0231658636932	-0.0298415909174	-0.0774979643172	0.0207810512531
k__Bacteria;p__Firmicutes;c__Clostridia;o__Clostridiales;f__Ruminococcaceae;g__Faecalibacterium;s__Faecalibacterium_prausnitzii	0.0651115130394	0.0228207310359	0.016421072834	-0.0719222157776	0.0185369304523	0.00280221973569	-0.0165820560075	1.0	0.0191728074409	0.0378658379259	-0.000986804031989	0.0614595385851	0.0841613602542	-0.0249059030468	0.0279124201662	-0.0333258438953	-0.0245404005076	-0.00751551436386	0.00813396430118	-0.0288924849884	-0.0629782610539	-0.0300625603427	-0.0169159527892	-0.0909253481764	-0.0428254928672	-0.0595143013083	-0.00806511056444	-0.0208465553371	0.0063108530443	-0.00669145512308	-0.0432373042824	-0.0662199923123	0.0410727833968	0.00236029200306	0.0230632876795	-0.0357853151938	-0.00138975032276	0.0864684360317	-0.0365028401448	-0.027943107008	-0.0111846500694	-0.0458981089785	-0.0185909924307	0.0341940238962	0.011490558128	-0.019766188493	0.00222311006383	-0.0262033834304	-0.00442446634464	-0.00988664668976	-0.0533738480119	-0.0561270240513	0.0221643088275	0.00594436276158	0.035108099261	-0.0108818995108	0.0189482387621	0.0468711506456	0.0359458504297
k__Bacteria;p__Bacteroidetes;c__Bacteroidia;o__Bacteroidales;f__Rikenellaceae;g__Alistipes;s__Alistipes_finegoldii	-0.0572142560149	0.0265074977591	-0.0156944937289	-0.0184748917643	-0.0883509163451	0.00500240534249	0.0473558222175	0.0191728074409	1.0	0.0142727856249	-0.0156200147279	0.00308445726882	-0.0285696571807	-0.0436619345035	0.00924883710147	-0.0322042923517	-0.00154255934802	-0.0467723725391	0.0301491206298	-0.060912542769	-0.0150171842788	-0.0180892336652	-0.00318177962261	-0.0499681367478	-0.00493675831444	0.0129229727873	0.0452370603836	0.0167691387849	0.0532732595325	0.00017880340724	-0.0134989823319	-0.0527208713034	0.0486774453856	-0.00678152150606	-0.0686606209646	0.0422503639934	-0.0470804765198	-0.0448064097439	-0.00809076040491	0.00140197587775	-0.020447654548	0.0288278434334	0.000781490030303	-0.0176837857499	0.00806239141628	0.00676765206208	-0.0444159220421	-0.0720208532721	-0.0479342793615	0.0263704917525	-0.0405662714909	0.0330421818599	0.0016470274568	-0.00662981668617	0.0744953597905	0.0355578086345	0.0291474644115	-0.0324712622869	0.00905256472235
k__Bacteria;p__Bacteroidetes;c__Bacteroidia;o__Bacteroidales;f__Porphyromonadaceae;g__Parabacteroides;s__Parabacteroides_distasonis	0.0352595694488	-0.018782343246	-0.0415699880706	-0.0261005088906	-0.0567347272206	-0.0262628554529	-0.0175427100774	0.0378658379259	0.0142727856249	1.0	-0.0673630291543	-0.0289819170102	-0.00592519181771	0.00521005580383	0.0133583695774	-0.00973104212603	0.0628921157698	0.00408416346691	-0.0074581537855	-0.0323811133197	0.0479309297623	0.0291797901783	-0.0326411589604	-0.0633357852927	-0.00581402506696	-0.0346089450086	-0.0234857226458	-0.00728727339669	0.000246954245557	-0.0106736961367	-0.0375940082281	0.0570330210442	0.00725137371101	0.0140359434274	0.00520553489832	-0.00281546255839	0.0243827904144	0.0511829414995	-0.0121572154207	-0.0327616588754	-0.0183084444139	-0.0331447611464	-0.0133599985842	-0.02040173615	-0.00305744040213	-0.0739570467352	0.0284988605174	-0.0336170956111	0.00479064935001	-0.0125866689614	-0.0549048596973	-0.0468815815186	0.0360820218471	-0.0451266370954	-0.0189732621314	0.0423649714686	0.0280433948917	-0.013150824169	7.10478031282e-05
k__Bacteria;p__Bacteroidetes;c__Bacteroidia;o__Bacteroidales;f__Bacteroidaceae;g__Bacteroides;s__Bacteroides_thetaiotaomicron	0.00150368388182	-0.0107262284828	-0.00988489795177	-0.0436072242639	-0.0117388586071	-0.0104048427881	-0.0381067869723	-0.000986804031989	-0.0156200147279	-0.0673630291543	1.0	0.0365211358389	0.0212725385037	-0.024807240682	-0.0498529757159	0.00538161371321	0.00232612463607	-0.0352394067888	-0.0198899588745	-0.0203529818451	-0.0441339562598	-0.000532604197466	-0.033472825603	-0.0106425222244	0.0371144055599	-0.0202727363263	0.0563791181238	0.0500477523458	-0.00255597807213	-0.00905329392473	-0.00299159770979	-0.0835878848359	-0.0434434740246	-0.0232822252822	-0.0167143483436	0.0243361029044	0.0315696666713	-0.0112467693823	0.0293595978505	-0.0132389603265	-0.0337025331382	0.0365004939587	-0.00315363481327	-0.0517136972252	0.000191051172281	-0.00144137172628	-0.017761336361	-0.000506260922626	0.0444972408465	-0.0288667220857	0.0164668088166	0.0265599536535	-0.0328552808301	0.00305088371514	-0.00749577842429	0.0320689128	-0.00474757264638	-0.000737810769201	0.0252441101509
k__Bacteria;p__Bacteroidetes;c__Bacteroidia;o__Bacteroidales;f__Bacteroidaceae;g__Bacteroides;s__Bacteroides_coprocola	-0.0592541063364	0.0101179620924	-0.0138154554759	0.0228817466116	-0.0345840538432	-0.0401927071271	-0.041236334295	0.0614595385851	0.00308445726882	-0.0289819170102	0.0365211358389	1.0	-0.0190429766234	-0.0293858043553	-0.000314147264366	0.0127612088236	-0.0293456298957	0.0549154821665	0.0227072637687	0.00532695818124	0.0113002258659	0.0488520439919	-0.0842354871228	0.0157841125243	-0.0438511910552	0.0147582103855	-0.00217329510701	-0.0328483905802	-0.010696218978	0.0155081630065	0.0480291022663	-0.0163396871185	-0.0217789169499	-0.00867711826505	-0.0342489047696	-0.0302635707747	-0.0096443579728	0.000284761031262	-0.0172046926225	-0.00998954262216	-0.0443266354635	-0.0266334691724	-0.011563101307	-0.0400309662399	-0.0242219561517	-0.0856072171191	-0.0456309605398	-0.008502849928	0.032847748944	-0.00654937870668	-0.0184448282941	0.0152882445468	-0.00535424237107	0.042509110433	-0.0530183851494	0.0400680433506	-0.0152721298964	-0.0410381076804	-0.0261456740768
k__Bacteria;p__Bacteroidetes;c__Bacteroidia;o__Bacteroidales;f__Bacteroidaceae;g__Bacteroides;s__Bacteroides_cellulosilyticus	-0.00130122938112	0.0104000791579	-0.0103602595758	0.031413338633	0.0488315962745	0.0278274780439	0.00731196033872	0.0841613602542	-0.0285696571807	-0.00592519181771	0.0212725385037	-0.0190429766234	1.0	0.0233231532265	-0.0847305264927	-0.028449231471	-0.0502608632126	-0.0157199382133	0.00273881767735	0.0252663913029	-0.0458238971549	0.0231013632561	0.0432455321635	0.0439280099565	-0.00705214571579	-9.00488549367e-05	0.0174595734044	0.0123831262263	0.0213947358271	-0.0267660904478	-0.00402682157562	-0.0732775573305	0.0258516584282	-0.0573267336235	0.00619810553618	-0.063676229359	0.0126010878219	-0.00775669690637	0.0137970101721	0.0328519069709	0.0263749258962	0.0235222497154	0.00692648100103	-0.0438254587078	0.0517279026121	-0.0316426342785	-0.0228704315479	-0.0460483722841	-0.00313540527083	-0.0641552224295	0.0183781935615	-0.0180401295747	0.00456069847751	-0.0516897614194	-0.0120361658062	-0.0522145427999	-0.0345099797137	-0.00138184728763	0.0106961860906
k__Bacteria;p__Bacteroidetes;c__Bacteroidia;o__Bacteroidales;f__Rikenellaceae;g__Alistipes;s__Alistipes_obesi	-0.00412497282977	-0.0330768023622	-0.0057189537713	-0.0427268757379	-0.0178451632488	0.0409973487856	-0.0446212743807	-0.0249059030468	-0.0436619345035	0.00521005580383	-0.024807240682	-0.0293858043553	0.0233231532265	1.0	-0.0257051559334	-0.0027963034702	-0.0374445091005	-0.00851503945538	-0.0242494928301	0.0497296797924	0.0612350210802	-0.0215238484962	-0.0643752580907	-0.015368037608	-0.0141210868884	0.0654792623864	0.0246173706649	-0.0181306467998	-0.0768879478956	0.0382531691908	-0.0733780575657	0.0472580535729	-0.0522541524678	-0.0290533808496	-0.0168658984029	-0.0027709944242	-0.0566941252969	-0.00291542933141	-0.020593866667	-0.0324299953034	-0.0892834175783	-0.0502104896766	-0.0184408187964	0.0571635620817	0.0152503544869	-0.0556698485045	-0.0434773066412	-0.0390575166172	0.0552597292956	-0.00741063551838	0.0109715307451	-0.0349456400478	0.0172835672752	0.00680622708947	-0.0279379057358	-0.0157436980883	-0.0188619282971	-0.0143190531812	-0.0246831033508
k__Bacteria;p__Firmicutes;c__Clostridia;o__Clostridiales;f__Lachnospiraceae;g__;s__[Eubacterium]_rectale	0.0104648496026	-0.0422675705892	-0.00254615752352	0.0231744060965	-0.00457611473108	0.0195616317567	0.0216043630616	0.0279124201662	0.00924883710147	0.0133583695774	-0.0498529757159	-0.000314147264366	-0.0847305264927	-0.0257051559334	1.0	-0.00759130164601	0.0270378534562	-0.0264767872912	-0.0307019170329	-0.0134234186967	-0.066249413157	0.0170914710823	0.0324095560997	0.0376343824286	0.047204355679	0.030188001904	-0.0147861733362	-0.0114382829805	-0.0648371804036	0.025683099514	-0.02931332343	0.0403151025265	0.0156805965964	-0.0600753247407	0.0350064031168	-0.039043450615	-0.00339620030816	-0.00704897589223	0.0640049364899	0.0147202438235	-0.0095091757919	-0.0163054671557	0.064748517574	-0.0103596786262	-0.0773454057335	-0.0326012744281	-0.0631281841732	-0.0352109290601	-0.0496554103824	0.00372698154254	-0.103993049356	-0.0418616545114	-0.0705821499158	-0.00804226532406	0.0136928334231	0.0251222001401	-0.0383924475143	-0.0099245086934	0.00917576569107
k__Bacteria;p__Bacteroidetes;c__Bacteroidia;o__Bacteroidales;f__Bacteroidaceae;g__Bacteroides;s__Bacteroides_plebeius	0.0500303702335	0.014876955478	-0.0118684507441	-0.0159390261525	-0.00398864028011	0.0058124208914	0.00872184870685	-0.0333258438953	-0.0322042923517	-0.00973104212603	0.00538161371321	0.0127612088236	-0.028449231471	-0.0027963034702	-0.00759130164601	1.0	0.012520421435	-0.0234839104908	-0.0220895265473	0.0428311746389	0.0210644487741	0.0185309169033	0.0170884413749	-0.0463477886182	0.0249412040918	-0.0608890326531	-0.0348642962428	0.0146359912319	-0.106612029132	0.033797917069	0.00431909991886	0.00244305534429	-0.0558458132254	-0.0296630323453	0.0512194435841	-0.0703489768759	-0.000669347565088	0.0536267460079	-0.00157623580236	0.0278757218016	0.0400978011714	-0.0564078070876	-0.017423325575	-0.0231661716014	0.0246442308063	-0.0334630098716	-0.00745479441136	-0.0331802232264	-0.0214223403274	-0.014973833154	0.0169739063823	0.0321966432636	-0.0257853344014	0.0281159814937	0.0632382443002	0.00785013602635	-0.0201934656281	-0.0597030345662	-0.0382329161073
k__Bacteria;p__Bacteroidetes;c__Bacteroidia;o__Bacteroidales;f__Bacteroidaceae;g__Bacteroides;s__Bacteroides_fragilis	-0.0175749404855	0.112833199041	-0.0107416661389	0.00680639628076	0.00911943709783	-0.0201396628973	-0.00765463492112	-0.0245404005076	-0.00154255934802	0.0628921157698	0.00232612463607	-0.0293456298957	-0.0502608632126	-0.0374445091005	0.0270378534562	0.012520421435	1.0	-0.0905894325924	-0.0358775932773	-0.0202439451165	-0.0420277336715	0.0618110189768	-0.0116164928702	0.0227486667327	0.0120019517564	-0.0346260352335	-0.060555896247	-0.0231208503282	0.0177112045667	0.000173289364333	-0.0367619586384	0.0140028087391	0.0291729926258	-0.106597260661	-0.0140322800683	-0.0747355447955	0.0158018619673	-0.0180669639409	-0.00258728593909	0.00964767723332	0.0123679932601	-0.0346844482593	-0.0813339868226	0.0030004231896	0.052989351532	0.0327034780305	-0.00789793667079	0.0682278100623	-0.0242113890718	-0.00949348295952	-0.000115213734007	-0.0644275012323	-0.0425738654616	-0.0363093117561	-0.0339186957861	0.0390925832708	-0.0676444022356	-0.08929273423	-0.00497510204616
k__Bacteria;p__Proteobacteria;c__Betaproteobacteria;o__Burkholderiales;f__Sutterellaceae;g__Sutterella;s__Sutterella_wadsworthensis	-0.035178832086	0.00953454851649	-0.00522918865515	-0.00691307464565	0.052374689214	-0.0166016585222	-0.123270643799	-0.00751551436386	-0.0467723725391	0.00408416346691	-0.0352394067888	0.0549154821665	-0.0157199382133	-0.00851503945538	-0.0264767872912	-0.0234839104908	-0.0905894325924	1.0	0.0024382917317	-0.0280884914358	0.0684772866955	0.0330362914636	0.0159415192123	-0.0912999124016	0.043057452602	0.0323396430922	-0.027407836833	-0.0177468786481	0.0238915901844	-0.0235611458121	-0.0321763263842	-0.00494144298316	-0.101606810599	0.0153531486841	-0.0253449811322	0.00377581893711	0.0405048262447	-0.0233800377409	-0.0364049560791	0.0186948048525	-0.00385163355238	0.00083052604857	0.000356967065443	0.0155211377362	0.00762843350074	0.0771682124913	-0.028136422026	0.0209769309121	-0.0195972367429	0.025185379545	-0.0540960956484	-0.0666408563853	-0.012398068459	0.0291943485112	0.00590090736504	0.0587003696687	-0.0553702072823	0.0300839980926	-0.00787691273356
k__Bacteria;p__Bacteroidetes;c__Bacteroidia;o__Bacteroidales;f__Porphyromonadaceae;g__Barnesiella;s__Barnesiella_intestinihominis	-0.040598895208	-0.0466267045616	-0.0335034672163	-0.0220049794815	0.0386391240354	0.0200020416673	0.0303330375816	0.00813396430118	0.0301491206298	-0.0074581537855	-0.0198899588745	0.0227072637687	0.00273881767735	-0.0242494928301	-0.0307019170329	-0.0220895265473	-0.0358775932773	0.0024382917317	1.0	-0.0974275051118	0.0615963487895	0.0225119004229	-0.0286811955041	-0.02714863044	0.0209427055861	-0.0421509494683	0.072709969804	-0.0205179858556	0.00607312665254	-0.0973938531741	0.0803728040636	0.0360779626008	0.0687437391877	-0.0805397050054	-0.0283959559009	-0.0442925445253	-0.020220898849	0.00417862229627	-0.0257673580469	-0.00706850227978	-0.0406504863492	-0.052071743589	0.0789290586673	-0.0338241947765	0.00578148791105	0.0222001634587	-0.00217140756785	-0.0546499101534	0.0341460801009	-0.0622685043332	-0.0127912609312	0.000877296846304	-0.0227088262344	-0.0646340781178	-0.0549152027243	0.0263427992487	-0.00380501809456	0.0179854597776	0.0538338096854
k__Bacteria;p__Bacteroidetes;c__Bacteroidia;o__Bacteroidales;f__Odoribacteraceae;g__Odoribacter;s__Odoribacter_splanchnicus	-0.00286492721349	-0.0309312890743	-0.0420878535605	0.0466900980415	-0.0228714549227	-0.0778313259083	-0.0153331203036	-0.0288924849884	-0.060912542769	-0.0323811133197	-0.0203529818451	0.00532695818124	0.0252663913029	0.0497296797924	-0.0134234186967	0.0428311746389	-0.0202439451165	-0.0280884914358	-0.0974275051118	1.0	0.0132539754385	0.016308018928	-0.0533875427822	0.0499654519802	-0.0864740346362	0.035410505152	0.0183536763932	-0.0118409135677	-0.0580291890782	0.0254332689433	0.0101510993537	0.0245693181452	-0.011293972282	0.00667315518949	-0.0306734930581	0.0246837452652	0.0715300420076	0.0165610262806	0.0233217810326	-0.0010712630829	-0.0145010762915	-0.0324131469562	-0.000472218414685	0.0322078962243	-0.0399170325179	-0.0276323132871	-0.0149185461243	-0.00578372403351	-0.0581249702995	0.00763736774322	-0.035250202015	-0.0285535461427	0.0313651277257	0.00743544057139	0.0381948886016	-0.00447009982593	-0.000629548757183	-0.0133198283407	-0.0212534602714
k__Bacteria;p__Bacteroidetes;c__Bacteroidia;o__Bacteroidales;f__Bacteroidaceae;g__Bacteroides;s__Bacteroides_salyersiae	-0.0514624376937	-0.00891551926451	0.0223761842447	-0.0606422863272	0.0171503510888	-0.0173227585159	-0.0248973801725	-0.0629782610539	-0.0150171842788	0.0479309297623	-0.0441339562598	0.0113002258659	-0.0458238971549	0.0612350210802	-0.066249413157	0.0210644487741	-0.0420277336715	0.0684772866955	0.0615963487895	0.0132539754385	1.0	0.0543858203682	-0.0883531141601	0.0773150432748	-0.0573343653323	0.019579492532	-0.0203606804383	0.0341931797583	-0.0135981199391	-0.0200027447846	0.0106641944881	-0.0107788711772	-0.050518836889	-0.0139746252719	0.000355430169232	-0.0410222527173	-0.0492977395263	0.00934664928804	-0.037324674812	0.0195640733873	-0.00271477737985	-0.0486192325428	-0.0466710882276	-0.0176876223049	-0.0344634148628	-0.080244351998	-0.0153259797376	-0.0124844563335	-0.0666109534769	0.0427692421783	-0.0195664242645	0.0606917012268	0.0386746827055	-0.0853033149886	-0.0793059113313	-0.0513668682514	-0.0283358508894	-0.0764254618041	0.017215537665
k__Bacteria;p__Firmicutes;c__Clostridia;o__Clostridiales;f__Ruminococcaceae;g__Ruminiclostridium;s__[Eubacterium]_siraeum	-0.0182254208324	-0.0221277182989	-0.0210300988451	-0.00879254036132	-0.0192615578227	-0.0313065302447	0.000618473995489	-0.0300625603427	-0.0180892336652	0.0291797901783	-0.000532604197466	0.0488520439919	0.0231013632561	-0.0215238484962	0.0170914710823	0.0185309169033	0.0618110189768	0.0330362914636	0.0225119004229	0.016308018928	0.0543858203682	1.0	0.00290303806624	-0.0320662075314	-0.00470049727876	0.00274188660635	-0.0695348702557	0.0214716491984	-0.00329351996016	-0.018180825116	0.0729983283211	0.0315043194007	-0.0826892632495	-0.0511579485867	-0.0645718151199	-0.0197497244854	-0.0607625754364	-0.0265617048478	-0.00921433433737	0.0274687047744	0.0108445924737	-0.0484922761665	0.00386062949484	-0.0506294377026	-0.0209308515931	-0.0381914221207	-0.0706504069257	0.0487328117697	-0.0790592448774	-0.00320902960056	0.0334622293178	-0.0409469749871	-0.0176525768303	-0.0876930309599	0.0431975052203	-0.0396863934965	-0.0219172012689	-0.0403255866392	0.0184798262172
k__Bacteria;p__Proteobacteria;c__Betaproteobacteria;o__Burkholderiales;f__Sutterellaceae;g__Parasutterella;s__Parasutterella_excrementihominis	0.0154014187406	0.0104521996165	-0.022807097756	-0.0140502273591	0.0206139992548	-0.0134874416315	-0.0239504352389	-0.0169159527892	-0.00318177962261	-0.0326411589604	-0.033472825603	-0.0842354871228	0.0432455321635	-0.0643752580907	0.0324095560997	0.0170884413749	-0.0116164928702	0.0159415192123	-0.0286811955041	-0.0533875427822	-0.0883531141601	0.00290303806624	1.0	-0.025674392805	-0.0138595415987	-0.0577980151359	0.028099779941	0.0781119999515	-0.0405404636455	-0.0470176339627	0.0180649513561	-0.0387070357985	-0.000993613822152	0.0136762048625	0.00447595200981	0.000503837851205	-0.0327257430905	0.0280535343723	0.0030837531489	-0.0348320546583	-0.103543202955	0.0104494282422	0.0145539804798	-0.0561233265353	0.0428006192683	-0.0148973390678	0.0418913152282	-0.00580418959888	-0.0207080996712	0.0150677113157	0.0577394822764	0.00109704822422	0.0278310747285	-0.0147743479789	-0.036435245878	0.0228892810573	0.043878726174	0.0361332879442	-0.0288181508233
k__Bacteria;p__Actinobacteria;c__Actinobacteria;o__Bifidobacteriales;f__Bifidobacteriaceae;g__Bifidobacterium;s__Bifidobacterium_adolescentis	-0.0528528343319	-0.0206144796752	0.0392009984257	-0.0203131220665	-0.0069724072742	-0.0198603352503	-0.0153697187291	-0.0909253481764	-0.0499681367478	-0.0633357852927	-0.0106425222244	0.0157841125243	0.0439280099565	-0.015368037608	0.0376343824286	-0.0463477886182	0.0227486667327	-0.0912999124016	-0.02714863044	0.0499654519802	0.0773150432748	-0.0320662075314	-0.025674392805	1.0	-0.0102509396176	0.12635937296	-0.0234664441673	-0.0351554309401	0.000899571543347	-0.0959406838359	0.0456554060703	0.0220520158863	0.000597922060458	-0.0220878904433	0.0431192990033	0.0137060688435	-0.0625905067168	-0.0624822360467	-0.0309936467709	0.0262025083995	-0.0226615484483	0.0263457879066	0.0288658152573	-0.0493820484683	-0.00602929515915	-0.0281052522997	-0.00185129532234	0.0210604262252	0.0210129712981	0.0141379085263	0.0388176603265	0.0413470843972	-0.0708653665767	0.0267710716308	-0.0168469349117	0.00765913617053	-0.0519656597293	-0.0388438290659	0.0261862607336
k__Bacteria;p__Firmicutes;c__Clostridia;o__Clostridiales;f__Oscillospiraceae;g__Oscillibacter;s__Oscillibacter_sp._KLE_1745	-0.00216330860263	0.0143475600898	-0.0482323268685	-0.0328061173758	-0.0251371377349	-0.0325757330137	0.0157630019914	-0.0428254928672	-0.00493675831444	-0.00581402506696	0.0371144055599	-0.0438511910552	-0.00705214571579	-0.0141210868884	0.047204355679	0.0249412040918	0.0120019517564	0.043057452602	0.0209427055861	-0.0864740346362	-0.0573343653323	-0.00470049727876	-0.0138595415987	-0.0102509396176	1.0	-0.022856274396	0.0189865808393	0.0457681877003	-0.0046397748117	0.00700329202876	-0.00317828681855	0.0183310906537	-0.0218534599023	0.045721746385	0.0790062203899	-0.0442374455169	-0.0910025575502	-0.0608673568661	-0.0187021265615	-0.0476312062765	-0.00770041082011	-0.072747852259	-0.0112357918616	-0.000855001451391	-0.00698650092861	0.00393320272513	-0.0353629115724	0.00812805416744	-0.00321573420629	-0.030278072721	0.0181089865817	0.0447594440777	-0.0235853747906	-0.0298539539989	0.00174945386355	-0.02240118862	-0.0117701471826	0.0191856932201	-0.0300628526347
k__Bacteria;p__Bacteroidetes;c__Bacteroidia;o__Bacteroidales;f__Bacteroidaceae;g__Bacteroides;s__Bacteroides_coprophilus	0.013791239985	-0.0550577967298	-0.0149624089962	0.00495213252316	-0.00821372582323	-0.0387127459016	-0.0394575570741	-0.0595143013083	0.0129229727873	-0.0346089450086	-0.0202727363263	0.0147582103855	-9.00488549367e-05	0.0654792623864	0.030188001904	-0.0608890326531	-0.0346260352335	0.0323396430922	-0.0421509494683	0.035410505152	0.019579492532	0.00274188660635	-0.0577980151359	0.12635937296	-0.022856274396	1.0	0.0362810636998	-0.0147669503292	0.0103953000238	-0.00478263746678	0.0415763008279	-0.0301998952645	-0.0223480601158	-0.076114852154	-0.0225385697487	-0.0340854562091	0.017393286568	-0.0332861940912	0.0050347105924	0.00264029318947	-0.0227270969674	0.0428356926243	-0.0439823044688	-0.0204607696678	-0.0484377311903	0.0135523536019	0.00920707576758	0.0402178826047	0.034849308284	0.0544905292067	-0.0337160540439	-0.0227871671719	-0.00784949102379	0.0550650557959	-0.0328729555567	-0.00530923109213	0.0156021989349	0.0145741326298	-0.0978602296178
k__Bacteria;p__Firmicutes;c__Clostridia;o__Clostridiales;f__Lachnospiraceae;g__Roseburia;s__Roseburia_intestinalis	-0.00106452704173	-0.0446780889958	0.0132528409696	-0.00712085154741	0.0049818021042	0.0358762877571	0.00134034914051	-0.00806511056444	0.0452370603836	-0.0234857226458	0.0563791181238	-0.00217329510701	0.0174595734044	0.0246173706649	-0.0147861733362	-0.0348642962428	-0.060555896247	-0.027407836833	0.072709969804	0.0183536763932	-0.0203606804383	-0.0695348702557	0.028099779941	-0.0234664441673	0.0189865808393	0.0362810636998	1.0	-0.0329370642256	0.019812911409	-0.0217013420302	-0.0405385374059	0.0134052321206	-0.00127386506221	-0.034777936927	-0.0513050004653	0.0016564291527	-0.00964797217053	0.00669108607174	-0.0289296554404	0.0207414152268	0.0275505324627	0.0382933146459	0.0374779046478	-0.0390593969793	-0.053252811891	-0.0107583283366	-0.0272731753314	-0.0152629614388	-0.0248978249239	0.00866440246869	0.0354134714715	0.0214657797057	0.0114534980059	-0.0082149915039	0.0240566678415	-0.0488431437719	0.0162326055506	-0.0714487626072	-0.0590283447523
k__Bacteria;p__Firmicutes;c__Clostridia;o__Clostridiales;f__Lachnospiraceae;g__Roseburia;s__Roseburia_hominis	0.0160135648027	-0.0316414092653	-0.0141898619676	-0.0927917830568	-0.0276279312275	0.0103454923394	0.00980813112386	-0.0208465553371	0.0167691387849	-0.00728727339669	0.0500477523458	-0.0328483905802	0.0123831262263	-0.0181306467998	-0.0114382829805	0.0146359912319	-0.0231208503282	-0.0177468786481	-0.0205179858556	-0.0118409135677	0.0341931797583	0.0214716491984	0.0781119999515	-0.0351554309401	0.0457681877003	-0.0147669503292	-0.0329370642256	1.0	-0.0136475551693	0.0107311865262	-0.00281800129826	-0.0438802982068	0.0247724064137	-0.00715733373281	-0.0537093412761	-0.037567300981	-0.0268039054676	0.0501927881038	-0.091057363003	-0.0633214723088	-0.0145076927219	0.0113749575079	0.00988469960698	0.0211607601337	0.0306963260529	-0.00645366743821	-0.0252565989837	-0.0216777097326	-0.0584074310341	-0.0439501297577	-0.0162922994691	-0.0346613972454	0.0244489763241	-0.0102554346575	-0.0285379949714	-0.0152999286586	0.0616228830205	-0.0270313626623	0.0164821409218
k__Bacteria;p__Bacteroidetes;c__Bacteroidia;o__Bacteroidales;f__Porphyromonadaceae;g__Parabacteroides;s__Parabacteroides_johnsonii	-0.0511695988871	0.0171833614453	0.0364776122055	0.0183513315375	0.0463054204128	-0.058756333852	0.0056864351434	0.0063108530443	0.0532732595325	0.000246954245556	-0.00255597807213	-0.010696218978	0.0213947358271	-0.0768879478956	-0.0648371804036	-0.106612029132	0.0177112045667	0.0238915901844	0.00607312665254	-0.0580291890782	-0.0135981199391	-0.00329351996016	-0.0405404636455	0.000899571543347	-0.0046397748117	0.0103953000238	0.019812911409	-0.0136475551693	1.0	-0.0574571064394	0.0419856329637	-0.0205663098782	-0.009852637356	0.0130207638662	0.0116824466888	-0.0353537039498	0.0313343939372	0.0246895310775	0.0492302237667	0.00272719758669	-0.00716589175907	-0.0124348239204	-0.0902586809139	0.0236500898746	0.101999613221	-0.00722512622674	0.0366674970455	0.0101212969751	0.0201549864231	0.0163488210171	0.00509518755336	-0.0909215155874	-0.0685180063931	-0.0396682024389	0.0231429279908	-0.0161101765037	0.0112462972137	-0.017991989449	-0.00175799326557
k__Bacteria;p__Actinobacteria;c__Actinobacteria;o__Bifidobacteriales;f__Bifidobacteriaceae;g__Bifidobacterium;s__Bifidobacterium_longum	-0.0478773020948	0.0213480061943	-0.0110322340544	-0.00811035839472	-0.0431131718669	0.0109937353036	-0.0195111082724	-0.00669145512308	0.00017880340724	-0.0106736961367	-0.00905329392473	0.0155081630065	-0.0267660904478	0.0382531691908	0.025683099514	0.033797917069	0.000173289364333	-0.0235611458121	-0.0973938531741	0.0254332689433	-0.0200027447846	-0.018180825116	-0.0470176339627	-0.0959406838359	0.00700329202876	-0.00478263746678	-0.0217013420302	0.0107311865262	-0.0574571064394	1.0	0.0203017952403	-0.0912935380562	0.00913624176419	0.0242155788454	-0.00951945467192	-0.0352942530576	-0.0254823042592	0.0278336122186	-0.00437033815717	0.0147276631831	-0.0550771621052	0.049513228184	-0.00480554889656	0.00955618062248	-0.00388755327536	-0.00965688397688	-0.0205395169225	0.0281506532595	-0.0407584639478	-0.0529250657502	-0.0265180819703	0.0165097270539	0.0076365633676	0.00966119741686	0.0146667453008	0.0528342353488	0.0326120596351	-0.0246242431156	0.00689519770057
