#taxonomy	k__Bacteria;p__Bacteroidetes;c__Bacteroidia;o__Bacteroidales;f__Bacteroidaceae;g__Bacteroides;s__Bacteroides_vulgatus	k__Bacteria;p__Bacteroidetes;c__Bacteroidia;o__Bacteroidales;f__Bacteroidaceae;g__Bacteroides;s__Bacteroides_uniformis	k__Bacteria;p__Bacteroidetes;c__Bacteroidia;o__Bacteroidales;f__Rikenellaceae;g__Alistipes;s__Alistipes_putredinis	k__Bacteria;p__Bacteroidetes;c__Bacteroidia;o__Bacteroidales;f__Prevotellaceae;g__Prevotella;s__Prevotella_copri	k__Bacteria;p__Bacteroidetes;c__Bacteroidia;o__Bacteroidales;f__Bacteroidaceae;g__Bacteroides;s__Bacteroides_stercoris	k__Bacteria;p__Bacteroidetes;c__Bacteroidia;o__Bacteroidales;f__Bacteroidaceae;g__Bacteroides;s__Bacteroides_ovatus	k__Bacteria;p__Bacteroidetes;c__Bacteroidia;o__Bacteroidales;f__Rikenellaceae;g__Alistipes;s__Alistipes_shahii	k__Bacteria;p__Firmicutes;c__Clostridia;o__Clostridiales;f__Ruminococcaceae;g__Faecalibacterium;s__Faecalibacterium_prausnitzii	k__Bacteria;p__Bacteroidetes;c__Bacteroidia;o__Bacteroidales;f__Rikenellaceae;g__Alistipes;s__Alistipes_finegoldii	k__Bacteria;p__Bacteroidetes;c__Bacteroidia;o__Bacteroidales;f__Porphyromonadaceae;g__Parabacteroides;s__Parabacteroides_distasonis	k__Bacteria;p__Bacteroidetes;c__Bacteroidia;o__Bacteroidales;f__Bacteroidaceae;g__Bacteroides;s__Bacteroides_thetaiotaomicron	k__Bacteria;p__Bacteroidetes;c__Bacteroidia;o__Bacteroidales;f__Bacteroidaceae;g__Bacteroides;s__Bacteroides_coprocola	k__Bacteria;p__Bacteroidetes;c__Bacteroidia;o__Bacteroidales;f__Bacteroidaceae;g__Bacteroides;s__Bacteroides_cellulosilyticus	k__Bacteria;p__Bacteroidetes;c__Bacteroidia;o__Bacteroidales;f__Rikenellaceae;g__Alistipes;s__Alistipes_obesi	k__Bacteria;p__Firmicutes;c__Clostridia;o__Clostridiales;f__Lachnospiraceae;g__;s__[Eubacterium]_rectale	k__Bacteria;p__Bacteroidetes;c__Bacteroidia;o__Bacteroidales;f__Bacteroidaceae;g__Bacteroides;s__Bacteroides_plebeius	k__Bacteria;p__Bacteroidetes;c__Bacteroidia;o__Bacteroidales;f__Bacteroidaceae;g__Bacteroides;s__Bacteroides_fragilis	k__Bacteria;p__Proteobacteria;c__Betaproteobacteria;o__Burkholderiales;f__Sutterellaceae;g__Sutterella;s__Sutterella_wadsworthensis	k__Bacteria;p__Bacteroidetes;c__Bacteroidia;o__Bacteroidales;f__Porphyromonadaceae;g__Barnesiella;s__Barnesiella_intestinihominis	k__Bacteria;p__Bacteroidetes;c__Bacteroidia;o__Bacteroidales;f__Odoribacteraceae;g__Odoribacter;s__Odoribacter_splanchnicus	k__Bacteria;p__Bacteroidetes;c__Bacteroidia;o__Bacteroidales;f__Bacteroidaceae;g__Bacteroides;s__Bacteroides_salyersiae	k__Bacteria;p__Firmicutes;c__Clostridia;o__Clostridiales;f__Ruminococcaceae;g__Ruminiclostridium;s__[Eubacterium]_siraeum	k__Bacteria;p__Proteobacteria;c__Betaproteobacteria;o__Burkholderiales;f__Sutterellaceae;g__Parasutterella;s__Parasutterella_excrementihominis	k__Bacteria;p__Actinobacteria;c__Actinobacteria;o__Bifidobacteriales;f__Bifidobacteriaceae;g__Bifidobacterium;s__Bifidobacterium_adolescentis	k__Bacteria;p__Firmicutes;c__Clostridia;o__Clostridiales;f__Oscillospiraceae;g__Oscillibacter;s__Oscillibacter_sp._KLE_1745	k__Bacteria;p__Bacteroidetes;c__Bacteroidia;o__Bacteroidales;f__Bacteroidaceae;g__Bacteroides;s__Bacteroides_coprophilus	k__Bacteria;p__Firmicutes;c__Clostridia;o__Clostridiales;f__Lachnospiraceae;g__Roseburia;s__Roseburia_intestinalis	k__Bacteria;p__Firmicutes;c__Clostridia;o__Clostridiales;f__Lachnospiraceae;g__Roseburia;s__Roseburia_hominis	k__Bacteria;p__Bacteroidetes;c__Bacteroidia;o__Bacteroidales;f__Porphyromonadaceae;g__Parabacteroides;s__Parabacteroides_johnsonii	k__Bacteria;p__Actinobacteria;c__Actinobacteria;o__Bifidobacteriales;f__Bifidobacteriaceae;g__Bifidobacterium;s__Bifidobacterium_longum	k__Bacteria;p__Firmicutes;c__Clostridia;o__Clostridiales;f__;g__Flavonifractor;s__Flavonifractor_plautii	k__Bacteria;p__Firmicutes;c__Clostridia;o__Clostridiales;f__Clostridiaceae;g__Clostridium;s__Clostridium_phoceensis	k__Bacteria;p__Verrucomicrobia;c__Verrucomicrobiae;o__Verrucomicrobiales;f__Akkermansiaceae;g__Akkermansia;s__Akkermansia_muciniphila	k__Bacteria;p__Bacteroidetes;c__Bacteroidia;o__Bacteroidales;f__Prevotellaceae;g__Paraprevotella;s__Paraprevotella_xylaniphila	k__Bacteria;p__Firmicutes;c__Clostridia;o__Clostridiales;f__Ruminococcaceae;g__Ruminococcus;s__Ruminococcus_callidus	k__Bacteria;p__Bacteroidetes;c__Bacteroidia;o__Bacteroidales;f__Rikenellaceae;g__Alistipes;s__Alistipes_senegalensis	k__Bacteria;p__Firmicutes;c__Clostridia;o__Clostridiales;f__Lachnospiraceae;g__Blautia;s__Blautia_sp._KLE_1732	k__Bacteria;p__Bacteroidetes;c__Bacteroidia;o__Bacteroidales;f__Bacteroidaceae;g__Bacteroides;s__Bacteroides_oleiciplenus	k__Bacteria;p__Firmicutes;c__Clostridia;o__Clostridiales;f__Ruminococcaceae;g__Ruminococcus;s__Ruminococcus_bicirculans	k__Bacteria;p__Bacteroidetes;c__Bacteroidia;o__Bacteroidales;f__Bacteroidaceae;g__Bacteroides;s__Bacteroides_fluxus	k__Bacteria;p__Bacteroidetes;c__Bacteroidia;o__Bacteroidales;f__Prevotellaceae;g__Prevotella;s__Prevotella_stercorea	k__Bacteria;p__Firmicutes;c__Clostridia;o__Clostridiales;f__Lachnospiraceae;g__Dorea;s__Dorea_longicatena	k__Bacteria;p__Firmicutes;c__Clostridia;o__Clostridiales;f__Eubacteriaceae;g__Eubacterium;s__[Eubacterium]_eligens	k__Bacteria;p__Firmicutes;c__Clostridia;o__Clostridiales;f__Ruminococcaceae;g__;s__Ruminococcaceae_bacterium_D16	k__Bacteria;p__Firmicutes;c__Clostridia;o__Clostridiales;f__Lachnospiraceae;g__Coprococcus;s__Coprococcus_comes	k__Bacteria;p__Proteobacteria;c__Gammaproteobacteria;o__Enterobacterales;f__Enterobacteriaceae;g__Escherichia;s__Escherichia_coli	k__Bacteria;p__Firmicutes;c__Clostridia;o__Clostridiales;f__Ruminococcaceae;g__Anaerotruncus;s__Anaerotruncus_colihominis	k__Bacteria;p__Firmicutes;c__Clostridia;o__Clostridiales;f__Lachnospiraceae;g__Blautia;s__Blautia_obeum	k__Bacteria;p__Bacteroidetes;c__Bacteroidia;o__Bacteroidales;f__Odoribacteraceae;g__Odoribacter;s__Odoribacter_laneus	k__Bacteria;p__Firmicutes;c__Clostridia;o__Clostridiales;f__Ruminococcaceae;g__Ruminiclostridium;s__[Clostridium]_leptum	k__Bacteria;p__Bacteroidetes;c__Bacteroidia;o__Bacteroidales;f__Porphyromonadaceae;g__Parabacteroides;s__Parabacteroides_goldsteinii	k__Bacteria;p__Firmicutes;c__Clostridia;o__Clostridiales;f__Lachnospiraceae;g__Anaerostipes;s__Anaerostipes_hadrus	k__Bacteria;p__Firmicutes;c__Clostridia;o__Clostridiales;f__Ruminococcaceae;g__Ruminococcus;s__Ruminococcus_lactaris	k__Bacteria;p__Firmicutes;c__Clostridia;o__Clostridiales;f__Clostridiaceae;g__Clostridium;s__Clostridium_sp._L2-50	k__Bacteria;p__Firmicutes;c__Clostridia;o__Clostridiales;f__Clostridiaceae;g__Clostridium;s__Clostridium_sp._M62/1	k__Bacteria;p__Firmicutes;c__Clostridia;o__Clostridiales;f__;g__Intestinimonas;s__Intestinimonas_butyriciproducens	k__Bacteria;p__Actinobacteria;c__Actinobacteria;o__Bifidobacteriales;f__Bifidobacteriaceae;g__Bifidobacterium;s__Bifidobacterium_bifidum	k__Bacteria;p__Firmicutes;c__Negativicutes;o__Veillonellales;f__Veillonellaceae;g__Dialister;s__Dialister_invisus	k__Bacteria;p__Bacteroidetes;c__Bacteroidia;o__Bacteroidales;f__Bacteroidaceae;g__Bacteroides;s__Bacteroides_salanitronis
k__Bacteria;p__Bacteroidetes;c__Bacteroidia;o__Bacteroidales;f__Bacteroidaceae;g__Bacteroides;s__Bacteroides_vulgatus	1.0	0.0202968876278	0.0419726716192	-0.0303063568853	-0.0209688218128	0.0231525620713	-0.00597765517562	0.0215042013535	0.0131164208232	0.00998783611396	-0.0199264924883	0.0225595072436	0.021589694195	-0.0524742945735	0.0393853883593	0.0380813382973	-0.0112340785086	0.0455195775597	-0.0223747020621	0.0127472009595	-0.0343683068172	0.023864249848	-0.0466722597886	-0.0687435799183	0.00285598463108	-0.0114648187101	-0.0187826869074	-0.0646634210172	0.00549255762554	0.0555011324451	-0.0211780367974	0.0587302599603	-0.0255829066471	-0.0188195601267	-0.0933319471865	-0.0220187999955	0.0286304147	-0.00430495629638	-0.0145650033596	-0.0182885229587	-0.0636573487531	0.0278937802862	-0.082965973058	0.0381249719526	-0.0504714570933	0.000195660398981	-0.0449255464308	0.0326632928411	0.0192681323862	0.0254543923526	-0.0186362754092	0.0444013147768	-0.014556578296	0.00475510898027	-0.0028935755979	0.0122390273591	-0.0292411445598	-0.0120353599397	-0.084210559901
k__Bacteria;p__Bacteroidetes;c__Bacteroidia;o__Bacteroidales;f__Bacteroidaceae;g__Bacteroides;s__Bacteroides_uniformis	0.0202968876278	1.0	0.0196464485548	0.0289076046158	0.0270855180454	0.0131838246471	-0.0219335796974	-0.0373187896775	0.00317326950952	-0.0624153615113	-0.0123324884239	0.036510125597	0.0148504644287	-0.0317997923493	0.0588031353754	-0.00264171450023	-0.015845096743	-0.0244139274656	-0.00771682862572	0.00655355513935	0.00881789430034	0.00136052002129	0.0164592427484	-0.00479822914135	-0.0243648663162	-0.0210469010277	0.0295926441718	-0.0242743447554	-0.059427879348	-0.0050460411883	-0.0106364409963	0.0270054152785	-0.0100424873401	-0.00531283915523	-0.122045299903	0.0297927915719	0.0226839450529	0.0255136482687	-0.00188826761504	-0.00213973000124	-0.0321782585028	-0.0532487743721	0.000571814497301	0.0268196144219	-0.0719321518895	-0.0592198722427	-0.0152500681203	-0.0109950308082	-0.0210234278606	-0.047444100203	0.0046991994584	0.0272057020832	-0.0304812476801	0.0589710884433	0.0496318712766	-0.0228830551402	0.0285961144516	-0.0653888439192	0.0162495087363
k__Bacteria;p__Bacteroidetes;c__Bacteroidia;o__Bacteroidales;f__Rikenellaceae;g__Alistipes;s__Alistipes_putredinis	0.0419726716192	0.0196464485548	1.0	-0.0773601511991	-0.00423436026427	0.00287776964394	0.0197642635413	0.0427001901367	-0.0035160051244	-0.0156522615521	0.0127439116228	-0.0171810566335	-0.00953415720281	-0.00221936166142	-0.0176513694879	0.0407593716158	0.0505796038076	0.040545602338	-0.0338699853607	0.0338482389913	-0.044073129343	0.00439618923979	0.0542608046663	0.0132169717898	-0.0454860813	0.0436131114937	0.0313998528752	-0.0334480180186	-0.0192033359483	-0.0521223138218	-0.0144327362749	-0.0384166510877	-0.0093449589483	-0.0160673556984	-0.0186185872208	-0.0418613356789	-0.011020100987	0.0167709311447	-0.00936582420958	-0.0297264072912	-0.0314894213556	-0.0306590997235	-0.00912216115494	-0.0149362432103	-0.0204562473364	-0.0039303114681	-0.0599178781385	-0.0163546934581	0.0427791371149	-0.0125377481125	0.0131850329998	-0.0199790371455	-0.0308777565029	-0.042136184942	-0.0870413451329	-0.0184380825916	-0.0298194482119	0.0284575516165	-0.0122123408824
k__Bacteria;p__Bacteroidetes;c__Bacteroidia;o__Bacteroidales;f__Prevotellaceae;g__Prevotella;s__Prevotella_copri	-0.0303063568853	0.0289076046158	-0.0773601511991	1.0	-0.00604351608376	0.0027233816321	0.025877550739	0.0384965602311	-0.0739178646369	0.0259209514528	-0.0529526491462	0.0144021035904	-0.0388749815165	0.0384555321887	-0.0878727563984	-0.0421576710978	-0.0121254590796	-0.0281913278592	-0.0431365446443	0.0289166201237	0.00498942012791	-0.0443784479086	0.00617886648782	0.0390618854202	-0.0507851470545	0.0130624856932	-0.0811889507701	-0.0154389560903	0.0013709500171	-0.00377510031022	0.0266276798922	0.0121106499922	0.0292795534032	0.0403863751067	-0.0371884872928	0.023072583316	-0.00251637144815	-0.026501663257	0.0140023908406	0.0396700270061	-0.0913489237706	-0.0506896114384	-0.0143439005772	0.0236704718722	-0.0248001665263	0.0281790269607	0.0116426739244	-0.0238938613155	-0.0232399619301	-0.0140243785783	-0.0023675216425	0.0269141922473	0.0651784124224	-0.00925631582141	-0.0348413299699	-0.00817101186592	-0.0220325395097	-0.0785240305834	-0.0530964538782
k__Bacteria;p__Bacteroidetes;c__Bacteroidia;o__Bacteroidales;f__Bacteroidaceae;g__Bacteroides;s__Bacteroides_stercoris	-0.0209688218128	0.0270855180454	-0.00423436026427	-0.00604351608376	1.0	-0.0115484012611	-0.00386840206524	-0.0294767469406	0.0118997490758	-0.0133756945387	-0.0187469578177	-0.028654279884	0.021373203026	0.122171746682	-0.017622591047	0.0117985344328	-0.0149507577106	0.00778172556764	0.000532993135973	0.00606379382461	0.0191151298591	0.0324057436757	0.0401516998285	0.0282288520464	-0.0160978080205	-0.0555732256627	0.0176433154843	-0.0291479042401	0.0159250374636	-0.0369347804201	-0.020047026511	0.0316198495381	0.0109459879897	-0.0119852435142	-0.0118839679662	0.00816377954783	-0.00720821304373	-0.0292440110189	0.0401323172543	0.0655112370264	-0.040979779924	0.0156832731779	0.0152172885551	-0.000560048015401	-0.0116371787007	-0.0140504244392	-0.0140497758101	0.0230779189412	0.0107497092238	-0.0175899108958	0.0456734700248	-0.0294227998469	-0.0567180622321	0.0161472344614	-0.0187894854724	0.0269686965656	-0.0452803981841	-0.0833266636389	-0.0632259091234
k__Bacteria;p__Bacteroidetes;c__Bacteroidia;o__Bacteroidales;f__Bacteroidaceae;g__Bacteroides;s__Bacteroides_ovatus	0.0231525620713	0.0131838246471	0.00287776964394	0.0027233816321	-0.0115484012611	1.0	0.0118497032707	-0.0480356208746	-0.00249577939548	-0.0261274333037	-0.0196655912431	0.0120409361984	-0.0508802709906	0.0185687330306	-0.0714330108648	-0.0274771679332	-0.0531804530835	-0.0250865074717	-0.0158275725784	-0.0424815387468	-0.038849520986	0.0157669181429	-0.027371982183	0.0202862218083	-0.0281992625326	0.0823752372074	0.000286756135339	0.0679535769085	0.000997950981813	0.0220234352762	-0.049808468949	0.0166588834673	-0.0436313821634	-0.0679462345432	-0.0496071417854	-0.00558370882179	-0.0151624086971	0.0203634529801	0.0475116619026	-0.0269096605752	0.0174461738937	-0.0134309082398	0.00947289676364	-0.00828454257594	-0.0161966867437	0.00436518690948	0.0169610044517	-0.0204398487818	-0.00521071378783	-0.0329690911897	-0.0446324516461	-0.0298200359032	-0.0145651130316	0.00233332636104	0.0223920281178	-0.0274721750968	-0.0481668148231	-0.00389310787347	0.0291077877424
k__Bacteria;p__Bacteroidetes;c__Bacteroidia;o__Bacteroidales;f__Rikenellaceae;g__Alistipes;s__Alistipes_shahii	-0.00597765517562	-0.0219335796974	0.0197642635413	0.025877550739	-0.00386840206524	0.0118497032707	1.0	0.0141406662651	-0.00835840039761	0.00661171197428	-0.00342160719543	-0.079189426677	-0.0301984059648	0.0291587732819	0.00441011516588	-0.0430611455578	0.0154713666622	0.00504596624274	-0.0132349575693	0.012474645046	-0.00924460932407	0.000953918347232	-0.030850881395	-0.00064076565511	-0.0406635407809	-0.039326659475	0.0129349388765	0.0573104952842	0.0474549092889	-0.0330406982009	-0.0663869372027	-0.00756344928907	-0.0212244150795	-0.0178989593145	-0.00314248703976	0.0344446435915	-0.0432835149117	-0.0570068258081	-0.0274310952488	-0.00124645456874	0.028506279311	-0.058725574374	0.0287839845705	0.0606345492873	0.0207565337663	-0.00458716424454	0.00127980419717	-0.00224796984086	-0.00375651451438	0.00411712900077	0.0717269908445	-0.0755492824451	0.0491074634182	0.0130968158647	-0.0350233302471	0.0168470889726	-0.0692466094188	-0.0457092490602	-0.0281546348344
k__Bacteria;p__Firmicutes;c__Clostridia;o__Clostridiales;f__Ruminococcaceae;g__Faecalibacterium;s__Faecalibacterium_prausnitzii	0.0215042013535	-0.0373187896775	0.0427001901367	0.0384965602311	-0.0294767469406	-0.0480356208746	0.0141406662651	1.0	-0.0486465337346	-0.0306316773821	-0.0343253232277	-0.0660422438006	0.0113201428756	0.00191895617122	-0.0425023386912	-0.0206865423565	0.114075731208	-0.00372391434064	-0.033233989542	0.000829133935958	-0.080048070542	0.0148510439546	-0.0338082572304	-0.0157324519798	-0.0169671649133	0.0030601463237	0.043601072301	-0.0727877968837	-0.0143859202761	-0.0909572436384	0.049031138725	-0.0241156438862	0.0388877098467	0.0325409770447	0.076158966195	-0.0192629785338	0.00922602052873	0.0489056402648	0.019706694941	0.00531936524684	-0.0308830642705	-0.034572346555	-0.0890562974897	0.0404799953467	0.00348055882356	0.0376766382121	0.0550443835278	6.6167120917e-05	-0.0569108885201	-0.0375074561374	0.0633730978864	-0.0718068290874	0.0305925455028	0.008476576695	-0.0191935775813	0.0315864059786	0.10165314022	0.0381889040121	-0.00306910035871
k__Bacteria;p__Bacteroidetes;c__Bacteroidia;o__Bacteroidales;f__Rikenellaceae;g__Alistipes;s__Alistipes_finegoldii	0.0131164208232	0.00317326950952	-0.0035160051244	-0.0739178646369	0.0118997490758	-0.00249577939548	-0.00835840039761	-0.0486465337346	1.0	-0.012601637081	0.0201580006359	0.000518567624708	-0.0391031261243	-0.0307645895714	0.0188099294899	0.0190058493939	0.0560287055312	-0.0187973820974	-0.0282112693955	-0.0261130352131	0.015007766112	-0.0222783945903	0.0332866560405	-0.0201580193734	0.00445819227529	0.0137269839857	-0.0375290848863	-0.0410876716636	0.0251119462039	-0.00581578861881	-0.0124313327339	-0.0929526662796	0.0262442180798	0.00791999214634	0.0178423182463	-0.0576546846317	-0.0312803647876	-0.0296381070117	-0.00291897755745	0.0243509894845	0.0625029534919	-0.0161388366988	0.0282707132653	-0.056475108548	-0.00968763955437	0.00480896487849	-0.0128682379843	0.00518702429399	0.0105759923405	-0.031957935626	-0.0130410192298	-0.0762742896136	-0.0299763771267	-0.0162575736001	-0.0510881868909	0.00452982411419	0.0309905909833	0.00730613930838	-0.0332331580918
k__Bacteria;p__Bacteroidetes;c__Bacteroidia;o__Bacteroidales;f__Porphyromonadaceae;g__Parabacteroides;s__Parabacteroides_distasonis	0.00998783611396	-0.0624153615113	-0.0156522615521	0.0259209514528	-0.0133756945387	-0.0261274333037	0.00661171197428	-0.0306316773821	-0.012601637081	1.0	-0.0196647955963	0.0153910531659	0.0656188576953	0.0104358337551	-0.0518028545322	-0.0584817392909	-0.0400749135508	-0.0429226898426	-0.000110431534521	-0.0305153783906	-0.056679663992	-0.0205120234725	0.0163585743298	-0.0526051460096	0.013345800542	0.0125139608617	-0.034800971408	0.0396489788787	-0.0272650111132	0.0206057027868	0.00533724419047	0.0209419941092	0.0207059653388	0.0117364898683	-0.0276110768802	-0.0471346875547	0.039034497031	0.00257471318511	-0.0330055507057	-0.0545419667833	-0.0637040733861	-0.0371921920229	-0.0340541582534	-0.00536111029805	0.0253465822088	0.0500297234383	-0.0268945705876	0.00937749423221	-0.0095768016872	0.0138129758015	0.00807003725018	0.0104404646103	0.00404825489453	-0.0168200610238	0.0234242658652	0.0396815889116	-0.00152890915051	-0.0303203012501	0.0135458880327
k__Bacteria;p__Bacteroidetes;c__Bacteroidia;o__Bacteroidales;f__Bacteroidaceae;g__Bacteroides;s__Bacteroides_thetaiotaomicron	-0.0199264924883	-0.0123324884239	0.0127439116228	-0.0529526491462	-0.0187469578177	-0.0196655912431	-0.00342160719543	-0.0343253232277	0.0201580006359	-0.0196647955963	1.0	0.00137166214574	0.0287344535103	0.0173077410453	-0.0613901643864	-0.0458119723822	0.0368969845695	0.0292228138392	0.0143335523553	-0.0206834903248	0.00639004828806	0.0347236963037	-0.00625628697074	-0.00657559068125	0.00627599052706	-0.0444259688397	-0.0496292955312	0.0259206710926	0.0147236637256	-0.0124916434182	-0.034080588514	-0.0126668734436	-0.00530675449288	0.0673602360858	0.0608440617771	0.056061174822	-0.043518205575	-0.0552719742183	-0.0250461377301	-0.0652225568791	-0.0180302936079	-0.0637339260489	-0.0245954226301	-0.0581213120806	0.0029752907371	0.0113804386064	0.0470335144702	-0.0070969165088	0.00249793739371	0.0149693935887	-0.0665691540614	-0.0152215984875	-0.0390740222046	-0.0133995115514	-0.0284497213857	0.0190435081903	-0.0242786242182	0.0284916001723	0.0322430797013
k__Bacteria;p__Bacteroidetes;c__Bacteroidia;o__Bacteroidales;f__Bacteroidaceae;g__Bacteroides;s__Bacteroides_coprocola	0.0225595072436	0.036510125597	-0.0171810566335	0.0144021035904	-0.028654279884	0.0120409361984	-0.079189426677	-0.0660422438006	0.000518567624708	0.0153910531659	0.00137166214574	1.0	-0.00515899499952	0.00509248258901	-0.0122497878826	0.00379092008288	0.0381070823707	-0.0303767636939	0.0684987129189	-0.0559448562029	-0.0286725468381	0.0295444667391	-0.0192548453877	-0.0425125350375	-0.0243237339117	0.0615119119369	-0.0308275448065	0.00432276687159	0.046252461282	0.0219903924238	-0.00551310286866	-0.0614321899909	-0.0643674499655	-0.0209523675272	0.0542958737852	-0.00345718398339	-0.0403186490435	-0.0311892410404	0.030475649043	-0.0760493612136	-0.0700667134214	0.00971554858072	0.0210752155427	-0.0292317574925	0.0108247216962	-0.0615393002874	-0.0317113024082	-0.11190247625	0.0191526381197	-0.00288862995628	0.016400784354	0.0421192348156	-0.0957784503879	-0.0434299286781	0.0140672396936	-0.0473210965386	-0.0449177128506	-0.0171322864607	-0.0244988473189
k__Bacteria;p__Bacteroidetes;c__Bacteroidia;o__Bacteroidales;f__Bacteroidaceae;g__Bacteroides;s__Bacteroides_cellulosilyticus	0.021589694195	0.0148504644287	-0.00953415720281	-0.0388749815165	0.021373203026	-0.0508802709906	-0.0301984059648	0.0113201428756	-0.0391031261243	0.0656188576953	0.0287344535103	-0.00515899499952	1.0	0.0317194601415	0.0146188190618	0.0540289377909	0.0496730239779	-0.0231663516606	-0.0361608738237	-0.0241739425523	-0.016413837334	0.00841565012553	-0.103877922194	0.0447692394683	-0.0459292406221	-0.022972198405	0.0153241871454	-0.043105171216	-0.0206249835198	-0.00541707386466	-0.0270966020847	-0.0720942948108	-6.48272977459e-05	0.0348133426121	-0.0780636539892	0.0306962182706	-0.028099765181	0.00421044078485	-0.0290019916388	0.0163839518347	-0.0366165200159	0.0370169564982	0.000941960877355	-0.0086232697966	-0.00559127300874	-0.0193730213741	0.0256230520036	-0.0640934493059	-0.00677081580774	-0.00218105571303	-0.0499073207351	-0.0347986420662	0.0136045218496	-0.00167687688646	-0.0511573316092	0.0491905457206	0.0219585939743	0.0104987356726	9.60027247174e-05
k__Bacteria;p__Bacteroidetes;c__Bacteroidia;o__Bacteroidales;f__Rikenellaceae;g__Alistipes;s__Alistipes_obesi	-0.0524742945735	-0.0317997923493	-0.00221936166142	0.0384555321887	0.122171746682	0.0185687330306	0.0291587732819	0.00191895617122	-0.0307645895714	0.0104358337551	0.0173077410453	0.00509248258901	0.0317194601415	1.0	-0.0112489731558	0.0255979791136	0.0344532921474	-0.00664079271194	-0.00189388451857	-0.0252662989097	-0.0750145046159	-0.0373666177717	-0.106795026358	0.0665697560593	-0.0306155383152	-0.0898372271843	0.000830084379797	0.0582793474355	-0.0826754289681	-0.0405717805105	-0.014970523145	-0.0443675933538	0.0556734887073	-0.0719527892947	-0.0450524334759	-0.00360945536456	0.0698491818178	0.0315400479814	0.00831900821014	-0.0388137739247	-0.0443883333339	0.0106227694769	-0.00854311062457	-0.0304824138792	0.0534849041006	-0.0465378030308	0.0508419577963	0.00262799884238	0.0209476740709	0.00762752406242	-0.108950069467	0.020464452509	0.000834752466941	-0.0354382407908	-0.0532626510045	0.0281568493816	-0.00439713997591	-0.0389029118731	-0.020383012133
k__Bacteria;p__Firmicutes;c__Clostridia;o__Clostridiales;f__Lachnospiraceae;g__;s__[Eubacterium]_rectale	0.0393853883593	0.0588031353754	-0.0176513694879	-0.0878727563984	-0.017622591047	-0.0714330108648	0.00441011516588	-0.0425023386912	0.0188099294899	-0.0518028545322	-0.0613901643864	-0.0122497878826	0.0146188190618	-0.0112489731558	1.0	0.00147585025224	-0.0737015288127	0.0242210898564	-0.0846298657242	-0.0365034466499	0.0214149010246	0.0209201601638	-0.0216447085157	-0.0359119771958	0.0255181321607	0.0385830051323	-0.0258814639005	0.0206797620635	-0.0102229599615	-0.00883317603537	0.0778719620023	-0.0538791663513	0.0764440906413	-0.00297021611863	-0.0284663269213	0.0246037254158	-0.0570285144046	-0.0284251871376	-0.0116155045348	-0.0138275232156	-0.0211016546495	-0.00939583744041	-0.0660800840111	-0.0344346035338	-0.00346760447919	0.0152419602357	-0.017240327291	-0.022319337494	-0.000466440556715	0.0083660101415	0.00652356470044	-0.0291124510278	-0.00955665216005	-0.00177229210243	-0.0410252095162	-0.0625248410919	0.0422396555172	-0.0577363211357	0.0243711114058
k__Bacteria;p__Bacteroidetes;c__Bacteroidia;o__Bacteroidales;f__Bacteroidaceae;g__Bacteroides;s__Bacteroides_plebeius	0.0380813382973	-0.00264171450023	0.0407593716158	-0.0421576710978	0.0117985344328	-0.0274771679332	-0.0430611455578	-0.0206865423565	0.0190058493939	-0.0584817392909	-0.0458119723822	0.00379092008288	0.0540289377909	0.0255979791136	0.00147585025224	1.0	0.0105713255921	-0.0132243067758	0.0458696321553	0.0088126488058	-0.00380079465048	-0.0268756043644	-0.0531681101454	-0.0135964192269	-0.0280268526509	-0.00629448762864	0.0555664670979	-0.015938967476	0.0178458959536	-0.0009477214875	-0.0637448110183	0.00740412752923	0.00222780280361	-0.00591678604435	-0.0291645124033	0.0418927523266	-0.0405453192111	-0.0406114329759	-0.0629682222339	-0.00981916305515	-0.00742834376895	0.0465143783056	-0.0450788058304	-0.068669630444	-0.0347823070135	-0.0530079500074	-0.00487303384741	-0.0372778036758	-0.0328745733593	-0.0114969384337	-0.0237864319764	-0.000661902963402	-0.00685036243677	-0.0096526714394	0.0998031921535	0.0269303669462	-0.0643219851052	-0.086252745572	0.0527786073368
k__Bacteria;p__Bacteroidetes;c__Bacteroidia;o__Bacteroidales;f__Bacteroidaceae;g__Bacteroides;s__Bacteroides_fragilis	-0.0112340785086	-0.015845096743	0.0505796038076	-0.0121254590796	-0.0149507577106	-0.0531804530835	0.0154713666622	0.114075731208	0.0560287055312	-0.0400749135508	0.0368969845695	0.0381070823707	0.0496730239779	0.0344532921474	-0.0737015288127	0.0105713255921	1.0	-0.0437944206181	-0.0375669961905	0.00325663189653	0.050087273488	0.0395819098167	0.0025179117287	0.0261799521184	-0.0168782860833	-0.0100716892825	0.0273833428559	0.0166097074897	0.0455866019565	0.00988990583933	0.0030795809917	0.0034075071082	0.0567353469547	-0.0501523313321	-0.00230368745052	0.0332858613556	0.020396533196	-0.0409582495935	-0.0284200847286	-0.0503998755496	-0.0321366124425	0.0262316466239	-0.00755401018008	-0.0421748193999	-0.0419387446182	-0.00966291898955	-0.0560030380984	0.0159686944384	0.0401561353464	-0.0501088829114	0.0251182014311	0.00328802665302	-0.072695027422	-0.0263215448781	-0.0118451042732	-0.0178988091841	-0.00715127723275	-0.0374965567095	-0.0817196026707
k__Bacteria;p__Proteobacteria;c__Betaproteobacteria;o__Burkholderiales;f__Sutterellaceae;g__Sutterella;s__Sutterella_wadsworthensis	0.0455195775597	-0.0244139274656	0.040545602338	-0.0281913278592	0.00778172556764	-0.0250865074717	0.00504596624274	-0.00372391434064	-0.0187973820974	-0.0429226898426	0.0292228138392	-0.0303767636939	-0.0231663516606	-0.00664079271194	0.0242210898564	-0.0132243067758	-0.0437944206181	1.0	0.00333783059875	-0.0676805913066	-0.000716255744581	-0.0211893722083	-0.0348206797329	0.00161934213287	0.00715432945449	0.0697253690434	-0.0433358513866	-0.00273106783894	-0.011188382941	0.00834004615085	0.00444275412997	0.00702851252371	-0.0470410783057	0.00603865563242	0.026177155749	0.0650154984527	0.0741551015327	-0.0210080872533	-0.00745549172699	0.00272752057437	-0.030530565784	0.0108515937584	0.0159589955004	-0.00158704625568	-0.0137028651687	-0.0184763902623	-0.0583859723204	-0.038395541824	0.0152241811978	0.0640525669405	0.043367650252	-0.0479472602152	0.0403638858769	-0.0222612636597	0.00585152609146	0.0293546592308	-0.127795073964	0.0322802197926	-0.0327357159551
k__Bacteria;p__Bacteroidetes;c__Bacteroidia;o__Bacteroidales;f__Porphyromonadaceae;g__Barnesiella;s__Barnesiella_intestinihominis	-0.0223747020621	-0.00771682862572	-0.0338699853607	-0.0431365446443	0.000532993135973	-0.0158275725784	-0.0132349575693	-0.033233989542	-0.0282112693955	-0.000110431534521	0.0143335523553	0.0684987129189	-0.0361608738237	-0.00189388451857	-0.0846298657242	0.0458696321553	-0.0375669961905	0.00333783059875	1.0	0.0472212319522	0.0228343473358	-0.0278368004557	0.0216196331946	-0.0214718535155	0.000936480303319	0.0404696662492	0.0167412788013	0.0601906543569	-0.0069368465495	-0.0413137456751	-0.0207698667391	0.0486173483065	-0.0502829784651	0.0483517108949	0.0177087488298	-0.0512031465278	-0.0392177738932	-0.0334931449796	-0.00045191606372	-0.0108043995479	0.0228443735058	0.0290548287244	-0.0632036510709	-0.0191865006061	-0.0274354800649	-0.0541903196979	-0.0585377430059	-0.0579833936219	-0.0800763939692	-0.0823099343533	-0.0483532523095	0.0336145246496	-0.013908586891	-0.0527486170836	0.0314602435548	-0.0424311789461	0.0397818626705	0.0302704908296	0.0309841699105
k__Bacteria;p__Bacteroidetes;c__Bacteroidia;o__Bacteroidales;f__Odoribacteraceae;g__Odoribacter;s__Odoribacter_splanchnicus	0.0127472009595	0.00655355513935	0.0338482389913	0.0289166201237	0.00606379382461	-0.0424815387468	0.012474645046	0.000829133935958	-0.0261130352131	-0.0305153783906	-0.0206834903248	-0.0559448562029	-0.0241739425523	-0.0252662989097	-0.0365034466499	0.0088126488058	0.00325663189653	-0.0676805913066	0.0472212319522	1.0	-0.0160648858006	-0.0459637457927	0.0714696968933	-0.04469830426	-0.0642835549624	0.0166518350004	0.0252976358609	0.0153939434035	-0.0699975710453	0.0600000416401	0.0825689003134	-0.00917579962971	-0.132562410488	0.0267499707485	-0.0221531672127	-0.0358100731663	-0.0130465092569	-0.0840343981986	-0.0099926092326	0.0411963012686	0.0330236578024	0.018510600838	-0.0563680707691	-0.0150834801211	-0.0409245647356	0.000134837393674	0.0598914714694	-0.0190546423033	-0.00545147845314	0.0134217182921	-0.0601656402009	-0.0833929171941	0.0498716121809	-0.0388912268208	0.0152991948521	-0.0989546059188	-0.0245275545396	-0.0622135362954	0.0550337271442
k__Bacteria;p__Bacteroidetes;c__Bacteroidia;o__Bacteroidales;f__Bacteroidaceae;g__Bacteroides;s__Bacteroides_salyersiae	-0.0343683068172	0.00881789430034	-0.044073129343	0.00498942012791	0.0191151298591	-0.038849520986	-0.00924460932407	-0.080048070542	0.015007766112	-0.056679663992	0.00639004828806	-0.0286725468381	-0.016413837334	-0.0750145046159	0.0214149010246	-0.00380079465048	0.050087273488	-0.000716255744581	0.0228343473358	-0.0160648858006	1.0	0.0241705905205	-2.58049881564e-05	0.0103913331202	0.00812471102923	-0.0849772728935	0.0114573544447	0.011187407385	0.0166031905014	0.0155401256737	-0.040080988854	0.0306737098417	-0.0335120708104	-0.0451975211566	-0.0160419173766	-0.0162538814621	-0.0106331304508	-0.027157655438	-0.0230291208765	-0.00574232217426	-0.042326392708	-0.00453797971554	0.0176386337391	-0.0289621239096	-0.0944956264624	0.00789058803788	0.0837701024272	-0.0127477628744	-0.0144280784958	-0.0275317010343	-0.00414698774149	-0.0401365555055	0.0118922261091	0.0409116984769	-0.0388457480571	0.0269990043856	0.0140025201357	-0.00475046448516	0.00844541532364
k__Bacteria;p__Firmicutes;c__Clostridia;o__Clostridiales;f__Ruminococcaceae;g__Ruminiclostridium;s__[Eubacterium]_siraeum	0.023864249848	0.00136052002129	0.00439618923979	-0.0443784479086	0.0324057436757	0.0157669181429	0.000953918347232	0.0148510439546	-0.0222783945903	-0.0205120234725	0.0347236963037	0.0295444667391	0.00841565012553	-0.0373666177717	0.0209201601638	-0.0268756043644	0.0395819098167	-0.0211893722083	-0.0278368004557	-0.0459637457927	0.0241705905205	1.0	-0.0348736024694	0.0244984603453	0.080388773215	0.00856752433584	-0.0242821831575	-0.00304204516106	0.0137122780925	-0.0573465958649	-0.0722674504583	0.0167560607391	-0.0043582132743	-0.0805021170851	-0.0515910447496	-0.0414466631025	-0.044319166997	-0.0012541666373	0.0597113424376	-0.00456827189183	0.0342717907556	-0.0136896031172	-0.079460876632	-0.0190590922817	-0.0390568838803	0.0179264503406	-0.0130916129145	0.0182686075613	-0.0168147148066	0.00122178803673	-0.0129783172054	-0.0241272621722	-0.035693754144	0.0381910114123	0.0230031226177	-0.0323860693658	-0.0201310314468	0.0206329607375	-0.0947830190894
k__Bacteria;p__Proteobacteria;c__Betaproteobacteria;o__Burkholderiales;f__Sutterellaceae;g__Parasutterella;s__Parasutterella_excrementihominis	-0.0466722597886	0.0164592427484	0.0542608046663	0.00617886648782	0.0401516998285	-0.027371982183	-0.030850881395	-0.0338082572304	0.0332866560405	0.0163585743298	-0.00625628697074	-0.0192548453877	-0.103877922194	-0.106795026358	-0.0216447085157	-0.0531681101454	0.0025179117287	-0.0348206797329	0.0216196331946	0.0714696968933	-2.58049881564e-05	-0.0348736024694	1.0	0.0171219665515	-0.0369498226934	-0.0106249492482	-0.00607754674427	0.00536188495316	-0.0293496389918	0.00608055498435	-0.0108400199503	-0.0075229559453	0.0310832517801	0.0360193173254	0.0200959252554	-0.0170157548013	-0.0165667738245	0.0581210685958	-0.0171172357447	-0.00908526664672	-0.0342652130611	0.00206722785345	0.0524284885667	0.0153217259847	0.0699507939265	0.028076321386	0.0483106846518	-0.00682544296492	0.053397536763	-0.0197445890132	-0.0593689847608	-0.0579396509794	-0.0230396367384	-0.0132145245641	-4.92854080759e-05	-0.0119453634109	-0.0657534332254	0.0381125836397	-0.0645035047667
k__Bacteria;p__Actinobacteria;c__Actinobacteria;o__Bifidobacteriales;f__Bifidobacteriaceae;g__Bifidobacterium;s__Bifidobacterium_adolescentis	-0.0687435799183	-0.00479822914135	0.0132169717898	0.0390618854202	0.0282288520464	0.0202862218083	-0.00064076565511	-0.0157324519798	-0.0201580193734	-0.0526051460096	-0.00657559068125	-0.0425125350375	0.0447692394683	0.0665697560593	-0.0359119771958	-0.0135964192269	0.0261799521184	0.00161934213287	-0.0214718535155	-0.04469830426	0.0103913331202	0.0244984603453	0.0171219665515	1.0	-0.0185367789325	-0.0770807894355	0.0699277028099	-0.0128296711619	-0.043014052504	-0.106305848232	0.0231502255588	-0.0235605946776	-0.0246998836804	0.00462710549721	0.00996049214506	0.0120454735199	-0.045644273479	-0.0225463799202	-0.0323414588223	-0.0084641386476	-0.0161766056162	-0.041814265178	0.0185638825504	-0.00990458246802	-0.0839661169929	-0.00477206547022	-0.0293044092795	0.0584860463831	-0.0553034165894	0.0174504449728	-0.0275090880443	-0.0211510260941	-0.0132465523467	0.0503325293419	0.00420521677465	0.0290809469459	0.000110635851123	0.0450447647571	-0.0412387986324
k__Bacteria;p__Firmicutes;c__Clostridia;o__Clostridiales;f__Oscillospiraceae;g__Oscillibacter;s__Oscillibacter_sp._KLE_1745	0.00285598463108	-0.0243648663162	-0.0454860813	-0.0507851470545	-0.0160978080205	-0.0281992625326	-0.0406635407809	-0.0169671649133	0.00445819227529	0.013345800542	0.00627599052706	-0.0243237339117	-0.0459292406221	-0.0306155383152	0.0255181321607	-0.0280268526509	-0.0168782860833	0.00715432945449	0.000936480303319	-0.0642835549624	0.00812471102923	0.080388773215	-0.0369498226934	-0.0185367789325	1.0	0.0335151749651	0.0343065836524	0.000602584333551	0.00225561441202	-0.0187550989032	0.0140741795932	-0.00496040330883	-0.0287761757441	0.00195582814484	0.0123527162682	0.0103607334997	0.039820261859	-0.0143737177688	-0.0462808911068	-0.00987111014588	-0.0559835655911	-0.00298965247202	0.00748395214541	-0.0330769183003	0.0160451613941	-0.00673908062892	0.0227831978093	-0.043068339997	0.0207496224002	0.0133511131087	0.047541096	0.000165088450198	0.000843834488127	0.0304898014291	0.0589234009917	-0.0277266964944	0.00398035962486	-0.0282797402673	-0.00895537084988
k__Bacteria;p__Bacteroidetes;c__Bacteroidia;o__Bacteroidales;f__Bacteroidaceae;g__Bacteroides;s__Bacteroides_coprophilus	-0.0114648187101	-0.0210469010277	0.0436131114937	0.0130624856932	-0.0555732256627	0.0823752372074	-0.039326659475	0.0030601463237	0.0137269839857	0.0125139608617	-0.0444259688397	0.0615119119369	-0.022972198405	-0.0898372271843	0.0385830051323	-0.00629448762864	-0.0100716892825	0.0697253690434	0.0404696662492	0.0166518350004	-0.0849772728935	0.00856752433584	-0.0106249492482	-0.0770807894355	0.0335151749651	1.0	0.05738412901	0.00591028592191	-0.10288668413	-0.0410142705445	-0.00711894633106	-0.069001316662	-0.0088193251578	0.0233941301571	0.0150884814271	-0.0322809913729	0.0143860723156	0.0150938925673	0.00617690108185	0.0511223180207	-0.0556928659718	0.0268494052411	-0.0247737891701	-0.0411345782251	-0.0365084284346	-0.0113801322318	-0.0412496561145	-0.0288692111512	0.0176054753711	-0.00226446548178	0.0346114536912	0.00589180966874	-0.0778749339274	-0.014172871006	0.0160437252034	-0.0208853741155	-0.0681358774105	0.0204264813337	0.00745100408659
k__Bacteria;p__Firmicutes;c__Clostridia;o__Clostridiales;f__Lachnospiraceae;g__Roseburia;s__Roseburia_intestinalis	-0.0187826869074	0.0295926441718	0.0313998528752	-0.0811889507701	0.0176433154843	0.000286756135339	0.0129349388765	0.043601072301	-0.0375290848863	-0.034800971408	-0.0496292955312	-0.0308275448065	0.0153241871454	0.000830084379797	-0.0258814639005	0.0555664670979	0.0273833428559	-0.0433358513866	0.0167412788013	0.0252976358609	0.0114573544447	-0.0242821831575	-0.00607754674427	0.0699277028099	0.0343065836524	0.05738412901	1.0	-0.0451617862956	0.036771898104	0.0195458137059	-0.0406184716188	-0.0825132560255	0.049833765802	-0.049413040266	-0.0376261296585	-0.0292098190913	-0.0586070755661	0.00210054323218	-0.0750069417432	0.0109552901661	-0.0494466237459	-0.0167821945648	-0.0594454455046	0.016122564775	-0.00257890775033	-0.0623500931026	-0.00563367407013	0.0470631485234	0.00922777124484	0.0968852487157	-0.0163076186057	-0.0291719028888	0.00268750790798	0.0295496114932	-0.0269842168464	-0.0426665840126	-0.0126478070881	0.0239626752475	0.00141023384031
k__Bacteria;p__Firmicutes;c__Clostridia;o__Clostridiales;f__Lachnospiraceae;g__Roseburia;s__Roseburia_hominis	-0.0646634210172	-0.0242743447554	-0.0334480180186	-0.0154389560903	-0.0291479042401	0.0679535769085	0.0573104952842	-0.0727877968837	-0.0410876716636	0.0396489788787	0.0259206710926	0.00432276687159	-0.043105171216	0.0582793474355	0.0206797620635	-0.015938967476	0.0166097074897	-0.00273106783894	0.0601906543569	0.0153939434035	0.011187407385	-0.00304204516106	0.00536188495316	-0.0128296711619	0.000602584333551	0.00591028592191	-0.0451617862956	1.0	-0.0707653024266	0.0111436913749	-0.0278640874272	-0.0488002732864	0.021881932147	0.0417447028813	-0.015220463817	0.0495367520503	-0.0104501164434	-0.04630875142	0.0078363823866	0.0333723094342	-0.00185280754703	0.00371873937596	0.0113690870883	-0.0199516197426	-0.0274290908957	0.0423037131689	0.0164857392366	-0.10400913805	0.0309698056504	-0.0333468661865	-0.0390137521161	-0.0659287268668	-0.0544481887381	-0.0174917924976	-0.0248713569442	-0.0197912550774	0.00776030689781	-0.0918203837376	-0.106043521144
k__Bacteria;p__Bacteroidetes;c__Bacteroidia;o__Bacteroidales;f__Porphyromonadaceae;g__Parabacteroides;s__Parabacteroides_johnsonii	0.00549255762554	-0.059427879348	-0.0192033359483	0.0013709500171	0.0159250374636	0.000997950981813	0.0474549092889	-0.0143859202761	0.0251119462039	-0.0272650111132	0.0147236637256	0.046252461282	-0.0206249835198	-0.0826754289681	-0.0102229599615	0.0178458959536	0.0455866019565	-0.011188382941	-0.0069368465495	-0.0699975710453	0.0166031905014	0.0137122780925	-0.0293496389918	-0.043014052504	0.00225561441202	-0.10288668413	0.036771898104	-0.0707653024266	1.0	-0.016128323443	0.0261379233331	-0.0788101291099	0.0229460010197	0.00825100121538	0.0235060188152	-0.0199691763826	-0.0251799181746	0.0306651505109	-0.0171307107717	0.00564994397397	0.0262701126452	-0.0165320750157	-0.00718586307982	0.00191989091264	0.00723115729801	-0.0304342257028	-0.0141989818169	-0.0119102767817	-0.0246841246297	-0.00458040620779	0.0073776589771	-0.0325679013137	-0.00558890962972	0.0170507349691	0.0609654436674	-0.000319384259844	-0.0540496862322	-0.0456775980601	-0.0221120734003
k__Bacteria;p__Actinobacteria;c__Actinobacteria;o__Bifidobacteriales;f__Bifidobacteriaceae;g__Bifidobacterium;s__Bifidobacterium_longum	0.0555011324451	-0.0050460411883	-0.0521223138218	-0.00377510031022	-0.0369347804201	0.0220234352762	-0.0330406982009	-0.0909572436384	-0.00581578861881	0.0206057027868	-0.0124916434182	0.0219903924238	-0.00541707386466	-0.0405717805105	-0.00883317603537	-0.0009477214875	0.00988990583933	0.00834004615085	-0.0413137456751	0.0600000416401	0.0155401256737	-0.0573465958649	0.00608055498435	-0.106305848232	-0.0187550989032	-0.0410142705445	0.0195458137059	0.0111436913749	-0.016128323443	1.0	0.0270826286271	-0.0899968804796	-0.0407864839365	0.0160045623831	-0.00988117751733	-0.00989010583146	-0.0379796245287	0.00683384406282	-0.0218553475705	-0.0682861507298	-0.0223572601236	-0.0453289285685	0.0264086707427	0.0234697716324	-0.0203018297935	0.0108859935607	-0.0461801359914	-0.0574039001704	-0.0459987761269	0.0889696304118	-0.087104208311	0.0705742141632	-0.054531647196	-0.0267239073991	-0.0581736811196	0.0227785680676	0.00479756133526	-0.00303966005434	0.00114155735245
