#taxonomy	k__Bacteria;p__Bacteroidetes;c__Bacteroidia;o__Bacteroidales;f__Bacteroidaceae;g__Bacteroides;s__Bacteroides_vulgatus	k__Bacteria;p__Bacteroidetes;c__Bacteroidia;o__Bacteroidales;f__Bacteroidaceae;g__Bacteroides;s__Bacteroides_uniformis	k__Bacteria;p__Bacteroidetes;c__Bacteroidia;o__Bacteroidales;f__Rikenellaceae;g__Alistipes;s__Alistipes_putredinis	k__Bacteria;p__Bacteroidetes;c__Bacteroidia;o__Bacteroidales;f__Prevotellaceae;g__Prevotella;s__Prevotella_copri	k__Bacteria;p__Bacteroidetes;c__Bacteroidia;o__Bacteroidales;f__Bacteroidaceae;g__Bacteroides;s__Bacteroides_stercoris	k__Bacteria;p__Bacteroidetes;c__Bacteroidia;o__Bacteroidales;f__Bacteroidaceae;g__Bacteroides;s__Bacteroides_ovatus	k__Bacteria;p__Bacteroidetes;c__Bacteroidia;o__Bacteroidales;f__Rikenellaceae;g__Alistipes;s__Alistipes_shahii	k__Bacteria;p__Firmicutes;c__Clostridia;o__Clostridiales;f__Ruminococcaceae;g__Faecalibacterium;s__Faecalibacterium_prausnitzii	k__Bacteria;p__Bacteroidetes;c__Bacteroidia;o__Bacteroidales;f__Rikenellaceae;g__Alistipes;s__Alistipes_finegoldii	k__Bacteria;p__Bacteroidetes;c__Bacteroidia;o__Bacteroidales;f__Porphyromonadaceae;g__Parabacteroides;s__Parabacteroides_distasonis	k__Bacteria;p__Bacteroidetes;c__Bacteroidia;o__Bacteroidales;f__Bacteroidaceae;g__Bacteroides;s__Bacteroides_thetaiotaomicron	k__Bacteria;p__Bacteroidetes;c__Bacteroidia;o__Bacteroidales;f__Bacteroidaceae;g__Bacteroides;s__Bacteroides_coprocola	k__Bacteria;p__Bacteroidetes;c__Bacteroidia;o__Bacteroidales;f__Bacteroidaceae;g__Bacteroides;s__Bacteroides_cellulosilyticus	k__Bacteria;p__Bacteroidetes;c__Bacteroidia;o__Bacteroidales;f__Rikenellaceae;g__Alistipes;s__Alistipes_obesi	k__Bacteria;p__Firmicutes;c__Clostridia;o__Clostridiales;f__Lachnospiraceae;g__;s__[Eubacterium]_rectale	k__Bacteria;p__Bacteroidetes;c__Bacteroidia;o__Bacteroidales;f__Bacteroidaceae;g__Bacteroides;s__Bacteroides_plebeius	k__Bacteria;p__Bacteroidetes;c__Bacteroidia;o__Bacteroidales;f__Bacteroidaceae;g__Bacteroides;s__Bacteroides_fragilis	k__Bacteria;p__Proteobacteria;c__Betaproteobacteria;o__Burkholderiales;f__Sutterellaceae;g__Sutterella;s__Sutterella_wadsworthensis	k__Bacteria;p__Bacteroidetes;c__Bacteroidia;o__Bacteroidales;f__Porphyromonadaceae;g__Barnesiella;s__Barnesiella_intestinihominis	k__Bacteria;p__Bacteroidetes;c__Bacteroidia;o__Bacteroidales;f__Odoribacteraceae;g__Odoribacter;s__Odoribacter_splanchnicus	k__Bacteria;p__Bacteroidetes;c__Bacteroidia;o__Bacteroidales;f__Bacteroidaceae;g__Bacteroides;s__Bacteroides_salyersiae	k__Bacteria;p__Firmicutes;c__Clostridia;o__Clostridiales;f__Ruminococcaceae;g__Ruminiclostridium;s__[Eubacterium]_siraeum	k__Bacteria;p__Proteobacteria;c__Betaproteobacteria;o__Burkholderiales;f__Sutterellaceae;g__Parasutterella;s__Parasutterella_excrementihominis	k__Bacteria;p__Actinobacteria;c__Actinobacteria;o__Bifidobacteriales;f__Bifidobacteriaceae;g__Bifidobacterium;s__Bifidobacterium_adolescentis	k__Bacteria;p__Firmicutes;c__Clostridia;o__Clostridiales;f__Oscillospiraceae;g__Oscillibacter;s__Oscillibacter_sp._KLE_1745	k__Bacteria;p__Bacteroidetes;c__Bacteroidia;o__Bacteroidales;f__Bacteroidaceae;g__Bacteroides;s__Bacteroides_coprophilus	k__Bacteria;p__Firmicutes;c__Clostridia;o__Clostridiales;f__Lachnospiraceae;g__Roseburia;s__Roseburia_intestinalis	k__Bacteria;p__Firmicutes;c__Clostridia;o__Clostridiales;f__Lachnospiraceae;g__Roseburia;s__Roseburia_hominis	k__Bacteria;p__Bacteroidetes;c__Bacteroidia;o__Bacteroidales;f__Porphyromonadaceae;g__Parabacteroides;s__Parabacteroides_johnsonii	k__Bacteria;p__Actinobacteria;c__Actinobacteria;o__Bifidobacteriales;f__Bifidobacteriaceae;g__Bifidobacterium;s__Bifidobacterium_longum	k__Bacteria;p__Firmicutes;c__Clostridia;o__Clostridiales;f__;g__Flavonifractor;s__Flavonifractor_plautii	k__Bacteria;p__Firmicutes;c__Clostridia;o__Clostridiales;f__Clostridiaceae;g__Clostridium;s__Clostridium_phoceensis	k__Bacteria;p__Verrucomicrobia;c__Verrucomicrobiae;o__Verrucomicrobiales;f__Akkermansiaceae;g__Akkermansia;s__Akkermansia_muciniphila	k__Bacteria;p__Bacteroidetes;c__Bacteroidia;o__Bacteroidales;f__Prevotellaceae;g__Paraprevotella;s__Paraprevotella_xylaniphila	k__Bacteria;p__Firmicutes;c__Clostridia;o__Clostridiales;f__Ruminococcaceae;g__Ruminococcus;s__Ruminococcus_callidus	k__Bacteria;p__Bacteroidetes;c__Bacteroidia;o__Bacteroidales;f__Rikenellaceae;g__Alistipes;s__Alistipes_senegalensis	k__Bacteria;p__Firmicutes;c__Clostridia;o__Clostridiales;f__Lachnospiraceae;g__Blautia;s__Blautia_sp._KLE_1732	k__Bacteria;p__Bacteroidetes;c__Bacteroidia;o__Bacteroidales;f__Bacteroidaceae;g__Bacteroides;s__Bacteroides_oleiciplenus	k__Bacteria;p__Firmicutes;c__Clostridia;o__Clostridiales;f__Ruminococcaceae;g__Ruminococcus;s__Ruminococcus_bicirculans	k__Bacteria;p__Bacteroidetes;c__Bacteroidia;o__Bacteroidales;f__Bacteroidaceae;g__Bacteroides;s__Bacteroides_fluxus	k__Bacteria;p__Bacteroidetes;c__Bacteroidia;o__Bacteroidales;f__Prevotellaceae;g__Prevotella;s__Prevotella_stercorea	k__Bacteria;p__Firmicutes;c__Clostridia;o__Clostridiales;f__Lachnospiraceae;g__Dorea;s__Dorea_longicatena	k__Bacteria;p__Firmicutes;c__Clostridia;o__Clostridiales;f__Eubacteriaceae;g__Eubacterium;s__[Eubacterium]_eligens	k__Bacteria;p__Firmicutes;c__Clostridia;o__Clostridiales;f__Ruminococcaceae;g__;s__Ruminococcaceae_bacterium_D16	k__Bacteria;p__Firmicutes;c__Clostridia;o__Clostridiales;f__Lachnospiraceae;g__Coprococcus;s__Coprococcus_comes	k__Bacteria;p__Proteobacteria;c__Gammaproteobacteria;o__Enterobacterales;f__Enterobacteriaceae;g__Escherichia;s__Escherichia_coli	k__Bacteria;p__Firmicutes;c__Clostridia;o__Clostridiales;f__Ruminococcaceae;g__Anaerotruncus;s__Anaerotruncus_colihominis	k__Bacteria;p__Firmicutes;c__Clostridia;o__Clostridiales;f__Lachnospiraceae;g__Blautia;s__Blautia_obeum	k__Bacteria;p__Bacteroidetes;c__Bacteroidia;o__Bacteroidales;f__Odoribacteraceae;g__Odoribacter;s__Odoribacter_laneus	k__Bacteria;p__Firmicutes;c__Clostridia;o__Clostridiales;f__Ruminococcaceae;g__Ruminiclostridium;s__[Clostridium]_leptum	k__Bacteria;p__Bacteroidetes;c__Bacteroidia;o__Bacteroidales;f__Porphyromonadaceae;g__Parabacteroides;s__Parabacteroides_goldsteinii	k__Bacteria;p__Firmicutes;c__Clostridia;o__Clostridiales;f__Lachnospiraceae;g__Anaerostipes;s__Anaerostipes_hadrus	k__Bacteria;p__Firmicutes;c__Clostridia;o__Clostridiales;f__Ruminococcaceae;g__Ruminococcus;s__Ruminococcus_lactaris	k__Bacteria;p__Firmicutes;c__Clostridia;o__Clostridiales;f__Clostridiaceae;g__Clostridium;s__Clostridium_sp._L2-50	k__Bacteria;p__Firmicutes;c__Clostridia;o__Clostridiales;f__Clostridiaceae;g__Clostridium;s__Clostridium_sp._M62/1	k__Bacteria;p__Firmicutes;c__Clostridia;o__Clostridiales;f__;g__Intestinimonas;s__Intestinimonas_butyriciproducens	k__Bacteria;p__Actinobacteria;c__Actinobacteria;o__Bifidobacteriales;f__Bifidobacteriaceae;g__Bifidobacterium;s__Bifidobacterium_bifidum	k__Bacteria;p__Firmicutes;c__Negativicutes;o__Veillonellales;f__Veillonellaceae;g__Dialister;s__Dialister_invisus	k__Bacteria;p__Bacteroidetes;c__Bacteroidia;o__Bacteroidales;f__Bacteroidaceae;g__Bacteroides;s__Bacteroides_salanitronis
k__Bacteria;p__Bacteroidetes;c__Bacteroidia;o__Bacteroidales;f__Bacteroidaceae;g__Bacteroides;s__Bacteroides_vulgatus	1.0	-0.0171462467752	0.00822293545968	-0.0214068668289	-0.106783698646	0.0111564963446	0.00402867009487	-0.0382477898769	-0.0390439591357	-0.0642295619996	-0.0132897758251	0.014055967621	-0.017996903432	0.00876422236096	-0.0553455599025	0.0511348293591	0.000797443559225	-0.0155359001222	-0.0479273475214	-0.0747617014587	0.0205773402157	0.0127127176642	0.0787057649791	0.013053596279	-0.0400832539265	0.0553859291946	0.0259939454726	0.0263449922623	-0.0513402924779	0.0207516926594	-0.0203291395435	-0.0236043559791	0.0290794227489	0.0406859557922	0.00799784195061	-0.0514259183578	0.0127056333453	0.0256138730431	0.00654356612303	-0.0229531951253	-0.017177035689	0.00802140565839	0.00993212130023	0.0835296491908	-0.0459704230639	0.0369653435464	-0.0236035624717	0.0422211782141	-0.0434558519874	-0.0200659396548	0.0513425218517	-0.051716600841	-0.0494777893894	0.0179471905361	-0.035767602921	0.00797750489308	-0.0321368080523	-0.0647917783489	0.00523794013771
k__Bacteria;p__Bacteroidetes;c__Bacteroidia;o__Bacteroidales;f__Bacteroidaceae;g__Bacteroides;s__Bacteroides_uniformis	-0.0171462467752	1.0	0.014341843191	0.00144446457552	-0.0199813846631	-0.0138326505645	-0.000816158157488	-0.0282268096212	-0.0622362622023	-0.0128125440172	0.0126573392049	0.0119335804458	0.000802407635825	0.000270907932752	-0.0347736975066	0.0101010424086	-0.0326634309188	0.0458005159834	-0.0470924698762	-0.0234055006402	-0.0261339060585	-0.0072178262794	0.00585202757419	-0.0676025064492	-0.0240742593827	0.00569325371191	-0.00640825672125	-0.000797476538635	0.0139667732174	-0.0586304369152	-0.0334527406758	-0.0262995997993	-0.0610196744756	-0.0317640132273	0.030398277509	-0.0313391106299	0.0563509248604	0.0359052223497	-0.00939415304006	0.0538480699027	-0.0479633339159	-0.0172637136335	0.0135321465056	0.00536472441934	0.0276197750517	-0.000372033281556	0.0268875099678	-0.0254605203876	0.0789817777871	-0.0289567704321	-0.0249159911547	-0.00592603977388	-0.0349266550729	0.03337875959	-0.047996858701	-0.0310256714107	-0.046005968491	0.033911733369	0.0116758918084
k__Bacteria;p__Bacteroidetes;c__Bacteroidia;o__Bacteroidales;f__Rikenellaceae;g__Alistipes;s__Alistipes_putredinis	0.00822293545968	0.014341843191	1.0	-0.0130743117072	0.0159987436364	-0.0123861279572	-0.0122047329111	-0.00180358716079	0.0197593031831	-0.00662843792171	0.0284792143752	-0.0210613146085	-0.0554914486323	0.00952236834339	-0.0316169674616	0.0135999261215	0.0468878051038	0.0412926659576	-0.0607294069609	0.0904839571317	-0.0217383812784	-0.0437906112863	0.0407152829451	-0.0478130205473	-0.0498427314409	-0.063187617887	0.00321153630736	-0.0295180455766	-0.00748684886377	0.00375428854844	-0.0355873474303	-0.0718898237983	0.00827633554162	0.00284086576509	0.0233295178535	-0.0314387572084	-0.017363196508	0.0478995412921	-0.021763751958	-0.00309556424812	-0.0854733733815	0.0311935185446	0.0786460441056	-0.0463608587035	-0.0361217463047	-0.0770503016576	-0.0412602357534	-0.00180796914427	-0.0307097043074	-0.026678249118	-0.0380301435825	-0.0435619953545	0.00506272061912	-0.0243172283534	-0.0500896579912	0.0133156504201	-0.0222784933299	0.0440053827564	-0.00395395333607
k__Bacteria;p__Bacteroidetes;c__Bacteroidia;o__Bacteroidales;f__Prevotellaceae;g__Prevotella;s__Prevotella_copri	-0.0214068668289	0.00144446457552	-0.0130743117072	1.0	-0.0050275733511	-0.0340292112804	0.029109241438	-0.00921569425935	-0.0192367725695	0.0540765976287	0.023013063895	-0.0149745734376	0.00850744780057	-0.0128864355512	-0.0499084771579	-0.0277857643645	0.0309337246769	-0.0274500225178	-0.020348923966	-0.0231306078826	-0.0466128862749	-0.0316731290269	0.0121368283172	-0.0316680167579	0.0302260873198	-0.0597949795604	0.0317928712282	0.0333149424168	0.0414952564743	-0.0466768482006	-0.0174635366706	-0.0437438596187	0.0412136057374	0.0428771289034	-0.0497166719504	0.000127484721286	0.0264420826987	-0.0189165925222	0.0633092080983	-0.0169452493583	-0.0374514619268	0.000791712019306	-0.0279258383775	0.0145264993572	-0.0104959171527	-0.0899155748056	-0.0360017663322	-0.0543321253598	-0.027332872352	-0.0572083598043	-0.0562926772911	0.0309107166837	0.0319777954401	-0.0223510767567	-0.0537856063261	-0.0417288889408	0.0311961032313	-0.00281665239177	-0.0183968639208
k__Bacteria;p__Bacteroidetes;c__Bacteroidia;o__Bacteroidales;f__Bacteroidaceae;g__Bacteroides;s__Bacteroides_stercoris	-0.106783698646	-0.0199813846631	0.0159987436364	-0.0050275733511	1.0	-0.0114805129463	-0.045034192358	0.0140444119507	-0.00822868565852	-0.015757139194	0.00868637439098	-0.00959375222103	-0.0710694951561	0.033478280162	-0.0750198252265	-0.0026507996948	0.0186411352831	-0.0395901015652	-0.0636112745856	-0.0481996140293	0.0246224941978	0.0555268491116	-0.0825450708361	-0.02952933776	0.0533545740641	-0.0314298616382	0.00377470395822	0.00783010503796	-0.0302396830237	0.00929137583738	0.0380621806966	0.0311059208266	0.0362530081374	-0.040809537257	-0.0370148229146	-0.0353657131462	-0.00603336275641	0.100325988608	-0.0423861091983	-0.0391823315743	-0.0398144169464	0.0151179618514	0.012719084605	0.00416099772935	0.0249124009562	-0.0571884693937	-0.0318752789792	0.00363053616306	-0.0103653516616	-0.0176254835084	0.00648320277656	0.0480303515208	-0.0327541536575	0.0226392071527	-0.0366341134104	-0.0213355963747	0.0162825971677	0.0646464432095	-0.00195594489401
k__Bacteria;p__Bacteroidetes;c__Bacteroidia;o__Bacteroidales;f__Bacteroidaceae;g__Bacteroides;s__Bacteroides_ovatus	0.0111564963446	-0.0138326505645	-0.0123861279572	-0.0340292112804	-0.0114805129463	1.0	0.0323705420717	-0.0436821873076	-0.0649256144891	-0.0250891278503	-0.026941147298	-0.0291524079301	0.0295630309494	-0.0123752432319	-0.00958687198771	0.0250160397998	-0.00243596375859	-0.00360079296379	0.000944996431885	-0.0536916227783	-0.0497074050324	0.0595962043192	0.00436296374938	-0.0115298876874	0.0412043534971	0.0412165372735	-0.013180350347	0.0235409920273	0.0666710639488	-0.00314968046907	-0.0134882829257	-0.0433554955557	-0.00807023348743	-0.020182287043	0.0431317590244	-0.00477619990654	0.0390675587308	0.00360112102211	-0.00543121506775	0.0227027913754	0.0629062881346	-0.0512833870363	0.0268688271742	-0.0388254299077	-0.0530782163263	-0.00306005523033	-0.0368540269663	-0.0159711867345	0.0176724648248	-0.0399279939623	-0.0166279733016	-0.0205212611073	0.00805041680387	0.0529125943238	-0.0134575675254	-0.0347220472829	-0.053496676451	-0.0500998696078	-0.0225682895143
k__Bacteria;p__Bacteroidetes;c__Bacteroidia;o__Bacteroidales;f__Rikenellaceae;g__Alistipes;s__Alistipes_shahii	0.00402867009487	-0.000816158157488	-0.0122047329111	0.029109241438	-0.045034192358	0.0323705420717	1.0	-0.0519887571447	0.0504726012086	-0.014837488026	0.00781033181672	-0.000879432088395	-0.0275037033411	-0.0202439653802	0.0428586418626	-0.00379825008843	-0.0211735785121	0.0348422917151	-0.0728662133716	0.0263126029604	0.00552086839972	0.0213856346892	-0.0211970425851	-0.0282179200779	0.0383104451961	-0.0661209068838	-0.0294122878802	-0.00324960415956	0.00198250248687	-0.017353345643	-0.0159819040726	-0.0429225795898	-0.0718211661428	-0.053779914799	-0.0439934498226	-0.033177003409	0.0731562692656	0.0568168853752	-0.0518302491186	-0.0253552608991	0.0289308623707	0.0354032690603	-0.00759251350534	-0.0069460383227	0.00194537017046	0.0154696467501	0.00421834241551	0.00450748128532	-0.0325018083458	0.0159485756428	-0.0263282178377	0.0309283898186	-0.0025024324294	0.0057584176637	0.0253744423344	-0.0206963556966	0.0125681186245	0.000325720507568	0.0366579583953
k__Bacteria;p__Firmicutes;c__Clostridia;o__Clostridiales;f__Ruminococcaceae;g__Faecalibacterium;s__Faecalibacterium_prausnitzii	-0.0382477898769	-0.0282268096212	-0.00180358716079	-0.00921569425935	0.0140444119507	-0.0436821873076	-0.0519887571447	1.0	0.027727922606	0.0143287013898	0.0528586804651	0.0325709541925	0.012467763941	-0.00945309959861	0.0773071908647	-0.0121543582253	-0.00893862154506	-0.00216003268882	0.00383765604063	0.0082642473505	0.0439211358799	0.00157704350546	-0.0394668491901	-0.00126903589894	0.0185950937639	-0.0329538095645	-0.044391237146	-0.00040025964912	0.0489242852511	0.0239124851606	-0.0029572862174	0.0196200405586	-0.0442326950864	-0.0216195651107	-0.0768553878031	0.00328652337357	-0.0382189722709	0.0276558758043	-0.0539703226858	-0.0271050833729	0.0288444855028	-0.0214958284784	-0.00914516913534	-0.0361947414283	0.00313825107985	-0.0223204722864	-0.122422384438	0.00438158702646	0.0198893220367	-0.0226662647339	-0.0454999250557	-0.000148312678016	0.0096630087549	-0.0127879119636	0.0227301170597	0.0279359832602	-0.0534123657069	0.00193307412107	0.00371691587714
k__Bacteria;p__Bacteroidetes;c__Bacteroidia;o__Bacteroidales;f__Rikenellaceae;g__Alistipes;s__Alistipes_finegoldii	-0.0390439591357	-0.0622362622023	0.0197593031831	-0.0192367725695	-0.00822868565852	-0.0649256144891	0.0504726012086	0.027727922606	1.0	0.0307634718761	-0.020833949635	-0.0308747858354	0.0550189411719	-0.0622331246355	0.0163687785303	-0.0214579800463	0.0301552247083	0.0386717271592	0.00158852096918	0.0697835942926	0.0375687783385	0.00802651256309	-0.0194027821485	-0.0289639328123	0.00622268111389	0.0232047437806	0.0359278018943	-0.0672331350241	-0.0411936044224	0.00112942596484	-0.0226384152746	-0.0764304425185	-0.0617297361124	-0.014126779822	-0.0325256301897	-0.00692750603109	-0.00256045510765	-0.0367086799704	-0.0187191395729	0.00730082190591	-0.0397661649017	0.0286507968481	0.00846618494109	-0.0460352763451	0.0399354474392	-0.0680616206429	-0.00459318466829	0.0423509274118	0.00179580740913	0.0163704498122	0.00325680806025	-0.0379115024056	-0.00193354294508	0.019810059989	0.0257664646201	-0.0437206479338	0.0128865387536	0.039935769082	0.0888946515743
k__Bacteria;p__Bacteroidetes;c__Bacteroidia;o__Bacteroidales;f__Porphyromonadaceae;g__Parabacteroides;s__Parabacteroides_distasonis	-0.0642295619996	-0.0128125440172	-0.00662843792171	0.0540765976287	-0.015757139194	-0.0250891278503	-0.014837488026	0.0143287013898	0.0307634718761	1.0	-0.00136752630419	-0.0231081038297	-0.0219127386511	-0.096905929977	0.0260048415019	-0.0943587146584	-0.00888818755917	0.0132037764905	-0.0161442702213	-0.074311065586	-0.0612171611448	0.0422713422178	0.0129182649249	0.0202769658084	0.0263468445415	-0.00151705915316	-0.0381991626933	2.65744956525e-05	-0.0696177717953	-0.0105055805635	0.073228972893	0.0192046238714	0.0129970493366	-0.00282901944342	-0.0233645386191	0.0382258555094	-0.0472795658414	-0.0261185422816	-0.0203982215821	0.0614776451547	0.0290080223161	-0.0538233470374	-0.00803880470791	-0.00420660469921	0.0661909080325	0.0111005524351	0.00565721889849	-0.0147900910996	0.0460448759157	-0.0341186506001	-0.00523903249444	-0.021791326299	-0.0138758267158	-0.0172768017101	0.0328545726332	0.0240978883895	-0.0055574325738	0.0274846759432	-0.0191027012654
k__Bacteria;p__Bacteroidetes;c__Bacteroidia;o__Bacteroidales;f__Bacteroidaceae;g__Bacteroides;s__Bacteroides_thetaiotaomicron	-0.0132897758251	0.0126573392049	0.0284792143752	0.023013063895	0.00868637439098	-0.026941147298	0.00781033181672	0.0528586804651	-0.020833949635	-0.00136752630419	1.0	-0.0683185879807	0.0102606687967	-0.00638949873066	-0.019367599358	-0.0855253645738	-0.046226798961	0.0203075182566	-0.0729974498422	-0.027956563542	-0.0305628315501	-0.0172410091272	0.0727090788742	-0.0699935703929	0.0349026957177	0.012225072946	-0.00355479728297	0.00587319117843	0.00879870642884	0.0272511314654	0.00102033184226	0.00174459264549	0.0568088914675	0.00103313229792	-0.0125334886678	-0.0124600175109	0.0338136309104	0.00675966164211	0.0230881371285	0.0193803464254	0.00607168847907	0.07020449511	-0.0272729361272	0.0553784578357	-0.0124904426741	-0.0161451414387	-0.018906328244	0.00149042924739	-0.0315939430782	-0.0768487291406	0.0116542760529	-0.0225169367151	-0.0227034069225	-0.0256511462421	0.0200310567807	0.0262911017216	0.0798623051447	-0.0174914417321	0.0345824851362
k__Bacteria;p__Bacteroidetes;c__Bacteroidia;o__Bacteroidales;f__Bacteroidaceae;g__Bacteroides;s__Bacteroides_coprocola	0.014055967621	0.0119335804458	-0.0210613146085	-0.0149745734376	-0.00959375222103	-0.0291524079301	-0.000879432088395	0.0325709541925	-0.0308747858354	-0.0231081038297	-0.0683185879807	1.0	-0.00467775499302	-0.0475719244043	0.0287278011125	0.0123912690396	0.0216370872959	0.0015837034627	-0.0182182708017	-0.00663493912844	-0.00895044602025	-0.0345515349445	0.0086222246261	0.0179151208363	0.0308021482866	-0.00783478273095	0.0205638143963	-0.0252116719579	-0.0105087586315	0.0384753864309	-0.00912737689425	-0.0221365085833	0.0208378210956	-0.0290120930333	-0.0383883849976	-0.0262235565167	-0.0351180240193	0.0184120039505	-0.0484745804021	-0.00735262343495	0.021055884077	0.0367559997226	-0.0120418913102	-0.00240650122552	0.0517623772273	0.0393906299805	0.00348177725623	-0.0501722260972	-0.0236522688375	0.0179575934299	-0.00985453279723	0.0356477585326	0.0442151554326	-0.00590015718937	-0.0314055694292	0.00890133426613	-0.0119442084461	0.0483300172369	0.00291908097183
k__Bacteria;p__Bacteroidetes;c__Bacteroidia;o__Bacteroidales;f__Bacteroidaceae;g__Bacteroides;s__Bacteroides_cellulosilyticus	-0.017996903432	0.000802407635825	-0.0554914486323	0.00850744780057	-0.0710694951561	0.0295630309494	-0.0275037033411	0.012467763941	0.0550189411719	-0.0219127386511	0.0102606687967	-0.00467775499302	1.0	-0.0340347920856	-0.0174400074695	0.0780410474115	0.00191546608319	-0.0319819967539	-0.00130188180624	-0.0971379980186	-0.00462853264843	0.0109299533413	0.00957230204283	-0.0747162388087	-0.0380279371316	-0.00892580533523	-0.0330103341632	-0.0455427681532	-0.0725294415025	-0.0265886985605	-0.0496697552779	0.0971291275529	-0.014596027215	-0.0812376234333	0.0356239851069	0.0175623342326	0.0148632088738	0.00440022473275	-0.0728930356649	0.022511888683	0.0400760228478	0.00706853691279	-0.0102650169019	-0.020727590674	-0.0226113087553	-0.0547440912716	0.0431170394391	-0.0342613514955	-0.0030745648645	0.0451190344552	-0.0206010742283	-0.0195116187525	0.0572384266495	0.00975797218896	0.0186984634261	-0.0480920725305	0.00152795648212	-0.0100939184471	0.0122780578032
k__Bacteria;p__Bacteroidetes;c__Bacteroidia;o__Bacteroidales;f__Rikenellaceae;g__Alistipes;s__Alistipes_obesi	0.00876422236096	0.000270907932752	0.00952236834339	-0.0128864355512	0.033478280162	-0.0123752432319	-0.0202439653802	-0.00945309959861	-0.0622331246355	-0.096905929977	-0.00638949873066	-0.0475719244043	-0.0340347920856	1.0	-0.004198013271	-0.0147622958524	0.00668236896734	0.0238329604503	0.0270002652764	0.0440891023655	0.0220854334947	0.0132339382664	-0.00575542008061	-0.00869675687261	0.0145227465814	0.0181706455745	0.0520921942559	-0.0168509298351	-0.0401908386651	-0.000194117562795	0.0323878307694	-0.0152196253846	-0.0250968367216	-0.0286196045834	0.026457490662	-0.0654284484831	-0.0429520166308	-0.0205306109767	-0.0206143917874	0.0155882125215	-0.0374861306167	-0.0440517004409	-0.0225521450638	-0.00780029971974	-0.0259865090944	-0.00422086662189	0.0010599478056	-0.0116897274525	0.00206088539766	-0.0145917209401	0.0376180768355	0.0236374537152	-0.014607211371	-0.0219979436912	0.0262388704938	0.00980848907445	-0.0183363582732	0.0152449190379	-0.0779861657927
k__Bacteria;p__Firmicutes;c__Clostridia;o__Clostridiales;f__Lachnospiraceae;g__;s__[Eubacterium]_rectale	-0.0553455599025	-0.0347736975066	-0.0316169674616	-0.0499084771579	-0.0750198252265	-0.00958687198771	0.0428586418626	0.0773071908647	0.0163687785303	0.0260048415019	-0.019367599358	0.0287278011125	-0.0174400074695	-0.004198013271	1.0	-0.0386852567819	-0.0948812382304	0.00672952897994	0.0209481723794	-0.0504222772492	-0.0232254459869	0.0522673496331	-0.0588898301407	0.0288079159619	-0.0174074235774	0.0451803117799	-0.0397106342262	-0.0289166888316	-0.0275444373369	-0.013390778029	0.0378046859585	-0.00658385649505	-0.0553718548866	0.0353436467267	0.00663845572056	0.00775850643165	0.0343443525414	-0.0176630475856	-0.0211219807652	-0.0556306481582	-0.0201733642468	-0.0522409997134	-0.0234761068488	0.0138425545427	-0.00814424558761	0.0237960314039	0.00645958738505	0.00311186201099	0.0459407610115	-0.0600146531462	-0.0526982547783	0.0460725703814	-0.0320272774025	-0.0250348838223	-0.0230602816532	0.0349186751192	0.0818517424023	-0.0272773440224	0.00406970563645
k__Bacteria;p__Bacteroidetes;c__Bacteroidia;o__Bacteroidales;f__Bacteroidaceae;g__Bacteroides;s__Bacteroides_plebeius	0.0511348293591	0.0101010424086	0.0135999261215	-0.0277857643645	-0.0026507996948	0.0250160397998	-0.00379825008843	-0.0121543582253	-0.0214579800463	-0.0943587146584	-0.0855253645738	0.0123912690396	0.0780410474115	-0.0147622958524	-0.0386852567819	1.0	-0.0131949254542	0.0103639191481	-0.0110274445448	-0.0050694976893	-0.00583536279559	0.00536711935686	-0.0727685953935	0.0323313541688	0.00751587057362	0.0286657407972	-0.0215455383509	0.0739896445539	0.010893844756	0.0362154536922	-0.0144648007813	-0.0726994889328	-0.0165203461801	-0.0698004655132	-0.0106202034053	-0.0381128752373	-0.0433145102603	-0.00548587146715	-0.0337689582263	-0.00601014399648	-0.0356964030752	-0.000961427205163	0.00471750675161	0.0414989243015	-0.0120989486095	0.0262251967603	-0.0605616607656	-0.0555867925651	0.0174541653237	-0.000727540423699	0.0350623917917	0.010564121149	-0.0426743886806	-0.00749664977586	0.010877577333	-0.0743472610306	-0.0379703613537	0.0289724474828	-0.0891252092542
k__Bacteria;p__Bacteroidetes;c__Bacteroidia;o__Bacteroidales;f__Bacteroidaceae;g__Bacteroides;s__Bacteroides_fragilis	0.000797443559225	-0.0326634309188	0.0468878051038	0.0309337246769	0.0186411352831	-0.00243596375859	-0.0211735785121	-0.00893862154506	0.0301552247083	-0.00888818755917	-0.046226798961	0.0216370872959	0.00191546608319	0.00668236896734	-0.0948812382304	-0.0131949254542	1.0	-0.0057241283754	0.0341960996447	-0.00528021089328	-0.0300740191257	0.0235284190261	0.0319051233143	0.0284606819407	-0.0158462478794	0.00238332460357	-0.0500430005837	0.0139001339128	-5.20552765938e-05	0.0417135125307	0.00755225369783	-0.0286043388207	-0.0565263617782	-0.0171336374502	-0.0142795862574	-0.0432051774661	0.0299836864216	-0.0223888910992	0.0041642176111	0.00684775218645	-0.0567676848533	-0.0143594799788	-0.029948879179	-0.0138026820648	-0.0138266733331	0.031020603131	-0.0208638667055	0.0295338548802	-0.0638336394351	-0.0331121072693	-0.0329304802979	0.0362475616564	0.00907849278677	-0.0158753609998	0.0136541529378	0.00579233188073	0.0194202781324	-0.0406320612317	-0.0327987368413
k__Bacteria;p__Proteobacteria;c__Betaproteobacteria;o__Burkholderiales;f__Sutterellaceae;g__Sutterella;s__Sutterella_wadsworthensis	-0.0155359001222	0.0458005159834	0.0412926659576	-0.0274500225178	-0.0395901015652	-0.00360079296379	0.0348422917151	-0.00216003268882	0.0386717271592	0.0132037764905	0.0203075182566	0.0015837034627	-0.0319819967539	0.0238329604503	0.00672952897994	0.0103639191481	-0.0057241283754	1.0	-0.00737162418776	0.0235744846971	-0.00171439608736	0.0098898761383	0.00742087229627	-0.0163200916227	0.000962612258506	-0.0451333256795	-0.0338123341848	-0.051553848735	-0.0591948512115	0.00577510851189	0.0283034480844	-0.0461569083079	0.0725777655474	-0.00502285165528	0.014443661975	-0.0563399932221	-0.0515907079316	0.0178547995379	-0.0730998602612	0.0220444301468	0.0421336519115	-0.0118236890572	-0.03392538626	-0.000122370308177	0.0154022507544	-0.132469012535	-0.0123671631644	0.00846097177501	-0.0378734032533	-0.069041834074	0.00925181920194	-0.0326930659792	0.0135606981442	-0.0715297813828	0.0509836461203	-0.0173779753277	-0.0335002491768	-0.0301704643604	0.0162838642656
k__Bacteria;p__Bacteroidetes;c__Bacteroidia;o__Bacteroidales;f__Porphyromonadaceae;g__Barnesiella;s__Barnesiella_intestinihominis	-0.0479273475214	-0.0470924698762	-0.0607294069609	-0.020348923966	-0.0636112745856	0.000944996431885	-0.0728662133716	0.00383765604063	0.00158852096918	-0.0161442702213	-0.0729974498422	-0.0182182708017	-0.00130188180624	0.0270002652764	0.0209481723794	-0.0110274445448	0.0341960996447	-0.00737162418776	1.0	-0.0114050551475	0.0812157420399	-0.024040764416	0.00189788097167	0.0169481704823	0.0183613509144	0.015803133717	0.0768633943115	-0.0637680122798	0.0195985345273	-0.0375292882724	0.0452772631371	-0.0465145673192	0.00407553887935	-0.056141780858	-0.0178326104211	0.045013003923	0.026730697336	-0.0169814623456	0.0482591773825	0.0178308178217	-0.0189723777395	-0.0660593592344	0.00304325719959	0.00109486123253	0.04250676718	-0.0412363358307	0.0439818227694	0.0215307236007	0.0217785861215	-0.0716589926639	-0.0637020017535	-0.0729145986444	-0.0303055961449	-0.0185470613154	-0.0090283822254	-0.0641827417948	0.0319188266223	-0.0459143063093	-0.0336343547858
k__Bacteria;p__Bacteroidetes;c__Bacteroidia;o__Bacteroidales;f__Odoribacteraceae;g__Odoribacter;s__Odoribacter_splanchnicus	-0.0747617014587	-0.0234055006402	0.0904839571317	-0.0231306078826	-0.0481996140293	-0.0536916227783	0.0263126029604	0.0082642473505	0.0697835942926	-0.074311065586	-0.027956563542	-0.00663493912844	-0.0971379980186	0.0440891023655	-0.0504222772492	-0.0050694976893	-0.00528021089328	0.0235744846971	-0.0114050551475	1.0	-0.00483141179162	0.0212580596065	0.00919398694236	-0.0738231453781	0.00154509746854	-0.00266491031584	0.0223660031625	-0.0338045977447	0.0101034989263	-0.0831661827233	-0.0195042369514	0.0137580202277	-0.0994807021298	-0.00154572032844	-0.035448569262	-0.0269521015965	-0.0851476190358	0.00754506531831	0.0277371507676	-0.0214568990297	0.0315239869502	0.052567400392	-0.00874204561753	0.01961044093	-0.0361746586113	0.0108412388582	-0.00907872175511	4.33499394911e-05	-0.00276589407348	0.0340109707734	0.0735933976353	0.0611708106341	0.0127118288823	0.0359647435006	0.0173563800428	-0.00356346722652	-0.0352792503387	0.0298329047035	-0.0105591063163
k__Bacteria;p__Bacteroidetes;c__Bacteroidia;o__Bacteroidales;f__Bacteroidaceae;g__Bacteroides;s__Bacteroides_salyersiae	0.0205773402157	-0.0261339060585	-0.0217383812784	-0.0466128862749	0.0246224941978	-0.0497074050324	0.00552086839972	0.0439211358799	0.0375687783385	-0.0612171611448	-0.0305628315501	-0.00895044602025	-0.00462853264843	0.0220854334947	-0.0232254459869	-0.00583536279559	-0.0300740191257	-0.00171439608736	0.0812157420399	-0.00483141179162	1.0	-0.0111316696503	0.0139084387118	-0.0332203924874	-0.0149247724511	0.00921210143042	-0.00592364047683	0.00817755032911	-0.0181651837881	0.0322084211846	0.0318636794866	0.0128983229434	0.00652661826439	0.0461058227225	0.0136987685693	0.042617588406	-0.011825040483	-0.0486950737609	0.0301768027592	-0.0938749375843	0.0187024458749	-0.0857960269011	-0.0206809323478	-0.0201782956352	-0.0410260503523	-0.032544590906	-0.00196321910574	-0.00799806742098	-0.0380996425988	0.0454127134063	0.00554676310002	-0.0430516115923	-0.0182706565781	0.0198362313333	0.00832184774609	0.0346838893218	0.00949260256846	-0.041346272649	-0.0379257078109
k__Bacteria;p__Firmicutes;c__Clostridia;o__Clostridiales;f__Ruminococcaceae;g__Ruminiclostridium;s__[Eubacterium]_siraeum	0.0127127176642	-0.0072178262794	-0.0437906112863	-0.0316731290269	0.0555268491116	0.0595962043192	0.0213856346892	0.00157704350546	0.00802651256309	0.0422713422178	-0.0172410091272	-0.0345515349445	0.0109299533413	0.0132339382664	0.0522673496331	0.00536711935686	0.0235284190261	0.0098898761383	-0.024040764416	0.0212580596065	-0.0111316696503	1.0	-0.0171022554855	0.0262616228703	-0.0384011426655	0.0255282034605	0.0524428361247	-0.016873462346	0.00933615093864	-0.0356175326072	-0.0396334106352	-0.0403586479843	0.0229225652387	-0.00414906294932	-0.0358509237031	-0.0459305173663	-0.00176249056314	-0.0579572519241	-0.0883918163003	0.0130195405919	0.0416039045793	-0.0456001962955	-0.0198667808327	-0.0598108111687	-0.0280024560278	0.00768542328328	-0.0161737200333	-0.0568118017586	-0.0600294577534	0.0323078807494	0.0141827539163	-0.00187803028601	-0.0191660331341	-0.0109963271242	0.00319567664719	-0.0950993394911	-0.0149309906709	0.0883891685649	0.0135252777765
k__Bacteria;p__Proteobacteria;c__Betaproteobacteria;o__Burkholderiales;f__Sutterellaceae;g__Parasutterella;s__Parasutterella_excrementihominis	0.0787057649791	0.00585202757419	0.0407152829451	0.0121368283172	-0.0825450708361	0.00436296374938	-0.0211970425851	-0.0394668491901	-0.0194027821485	0.0129182649249	0.0727090788742	0.0086222246261	0.00957230204283	-0.00575542008061	-0.0588898301407	-0.0727685953935	0.0319051233143	0.00742087229627	0.00189788097167	0.00919398694236	0.0139084387118	-0.0171022554855	1.0	-0.0443344417466	0.00882226950565	-0.0323155764358	0.0100501564763	0.0345474751402	-0.00827216989653	0.0112087115983	0.0512419840907	-0.0137700131753	-0.0219702861758	0.000670948123479	0.0327341645869	-0.0215869154999	0.0265068042087	-0.00421355879566	-0.0512918680626	0.0292566998542	0.0125672750583	0.0112898215313	-0.0656510981905	0.0459854076947	-0.0796528316665	-6.43258509598e-05	0.0250680267048	-0.0642152000104	0.00741185912082	0.000361591132414	-0.0127058233256	-0.0356233431864	0.0247716700083	-0.0704789850154	0.0204099780079	0.0572979869731	0.0112520882412	-0.0285838364698	-0.0484566031335
k__Bacteria;p__Actinobacteria;c__Actinobacteria;o__Bifidobacteriales;f__Bifidobacteriaceae;g__Bifidobacterium;s__Bifidobacterium_adolescentis	0.013053596279	-0.0676025064492	-0.0478130205473	-0.0316680167579	-0.02952933776	-0.0115298876874	-0.0282179200779	-0.00126903589894	-0.0289639328123	0.0202769658084	-0.0699935703929	0.0179151208363	-0.0747162388087	-0.00869675687261	0.0288079159619	0.0323313541688	0.0284606819407	-0.0163200916227	0.0169481704823	-0.0738231453781	-0.0332203924874	0.0262616228703	-0.0443344417466	1.0	-0.0400244625285	0.0125716804783	0.0260601688153	-0.00184905721556	-0.00513039133355	-0.0142343225993	-0.0443058130088	-0.0192399743331	0.0623658435546	0.00728140070879	-0.00132802567837	0.0285248598429	-0.00340778534112	0.0345212745626	-0.00258891695778	0.00893076161584	0.0257957805984	-0.0523997547878	-0.00667396808544	-0.0134949721697	-0.0421878332756	-0.0175606992043	-0.0236750180781	-0.0154263424056	-0.0275733654605	0.0590435931397	-0.0396646061646	0.0592384948765	-0.00611853326938	-0.0142574046927	0.00522758937854	-0.00648745613909	0.0284608695001	-0.0816434017502	0.0543995851923
k__Bacteria;p__Firmicutes;c__Clostridia;o__Clostridiales;f__Oscillospiraceae;g__Oscillibacter;s__Oscillibacter_sp._KLE_1745	-0.0400832539265	-0.0240742593827	-0.0498427314409	0.0302260873198	0.0533545740641	0.0412043534971	0.0383104451961	0.0185950937639	0.00622268111389	0.0263468445415	0.0349026957177	0.0308021482866	-0.0380279371316	0.0145227465814	-0.0174074235774	0.00751587057362	-0.0158462478794	0.000962612258506	0.0183613509144	0.00154509746854	-0.0149247724511	-0.0384011426655	0.00882226950565	-0.0400244625285	1.0	-0.00344784277404	-0.0246088040558	0.0146356671068	0.03887569043	-0.0174084540999	0.011712953328	0.0124670489023	-0.042105025236	-0.0252202342588	-0.0271292613982	-0.00367220227165	-0.0121902210109	-0.0371006338389	-0.025715195652	-0.0110603224155	-0.00972768834422	-0.069710764748	0.0433566172671	-0.0500666926814	-0.0209817257198	-0.0331948017119	-0.0858885356743	0.00221393472861	0.0103721089974	0.0172880957994	0.0044728808039	0.0519790456987	0.0125975528522	-0.0144378735891	-0.0860629656656	-0.0202095939144	-0.0420203930334	0.00241291001263	-0.0604110280162
k__Bacteria;p__Bacteroidetes;c__Bacteroidia;o__Bacteroidales;f__Bacteroidaceae;g__Bacteroides;s__Bacteroides_coprophilus	0.0553859291946	0.00569325371191	-0.063187617887	-0.0597949795604	-0.0314298616382	0.0412165372735	-0.0661209068838	-0.0329538095645	0.0232047437806	-0.00151705915316	0.012225072946	-0.00783478273095	-0.00892580533523	0.0181706455745	0.0451803117799	0.0286657407972	0.00238332460357	-0.0451333256795	0.015803133717	-0.00266491031584	0.00921210143042	0.0255282034605	-0.0323155764358	0.0125716804783	-0.00344784277404	1.0	-0.0272487486	0.0179185880244	-0.0365432493125	-0.00607024903229	-0.059397149918	-0.039660347223	-0.0252829703049	-0.0287353901837	-0.0517196346454	0.0210742133206	-0.0273741887472	0.00201767599015	-0.00271638386664	0.00395185670068	0.0234265455874	-0.0132670258379	0.0267159416636	0.071206079268	-0.0260310984358	0.0773821913016	-0.00200368397532	-0.0327725594346	0.0222010970893	0.0707247155689	0.0357938476399	-0.0277399114928	-0.0101456425371	-0.00514336098127	-0.0196156597791	-0.0203020358617	-0.0171688531208	0.025501967579	-0.0363252588718
k__Bacteria;p__Firmicutes;c__Clostridia;o__Clostridiales;f__Lachnospiraceae;g__Roseburia;s__Roseburia_intestinalis	0.0259939454726	-0.00640825672125	0.00321153630736	0.0317928712282	0.00377470395822	-0.013180350347	-0.0294122878802	-0.044391237146	0.0359278018943	-0.0381991626933	-0.00355479728297	0.0205638143963	-0.0330103341632	0.0520921942559	-0.0397106342262	-0.0215455383509	-0.0500430005837	-0.0338123341848	0.0768633943115	0.0223660031625	-0.00592364047683	0.0524428361247	0.0100501564763	0.0260601688153	-0.0246088040558	-0.0272487486	1.0	0.0301475618495	-0.0367516635559	0.0475158613435	-0.0587668488703	-6.49973849125e-05	-0.0642860280575	-0.00118099267168	-0.0250199484025	0.0747421907219	-0.0306436197247	-0.059633995231	0.00528410275344	-0.0778907079974	0.00927425949698	-0.0678763274838	-0.0203693396309	-0.0393135544465	-0.0782907103228	-0.0351534024336	0.0206604864329	-0.038197123871	0.0774676806303	0.0146783989197	-0.0600541153548	-0.0558951698056	-0.0333198535416	-0.00409078578677	-0.020631366033	0.0237968088908	-0.0772687110258	-0.05164737513	0.0156300919679
k__Bacteria;p__Firmicutes;c__Clostridia;o__Clostridiales;f__Lachnospiraceae;g__Roseburia;s__Roseburia_hominis	0.0263449922623	-0.000797476538634	-0.0295180455766	0.0333149424168	0.00783010503796	0.0235409920273	-0.00324960415956	-0.000400259649121	-0.0672331350241	2.65744956526e-05	0.00587319117843	-0.0252116719579	-0.0455427681532	-0.0168509298351	-0.0289166888316	0.0739896445539	0.0139001339128	-0.051553848735	-0.0637680122798	-0.0338045977447	0.00817755032911	-0.016873462346	0.0345474751402	-0.00184905721556	0.0146356671068	0.0179185880244	0.0301475618495	1.0	0.0221608003891	-0.0707428925578	0.0249784410255	-0.0277071638163	-0.00792179780251	0.0668622572393	0.024761184946	-0.0832887992893	-0.0138893384152	0.0300504036186	0.0414441405118	-0.0170706026156	-4.87591542336e-05	0.0231582557439	0.0245909680002	-0.00897102465998	0.0263406748569	0.0648697772968	-0.00341350052881	-0.0115495272067	0.016562708044	-0.030625766347	-0.0249109495853	0.0184041433781	0.0114583987201	-0.049142220517	-0.012468782848	0.0143552378932	-0.00983430371564	-0.00234792315697	-0.00900632493603
k__Bacteria;p__Bacteroidetes;c__Bacteroidia;o__Bacteroidales;f__Porphyromonadaceae;g__Parabacteroides;s__Parabacteroides_johnsonii	-0.0513402924779	0.0139667732174	-0.00748684886377	0.0414952564743	-0.0302396830237	0.0666710639488	0.00198250248687	0.0489242852511	-0.0411936044224	-0.0696177717953	0.00879870642884	-0.0105087586315	-0.0725294415025	-0.0401908386651	-0.0275444373369	0.010893844756	-5.20552765936e-05	-0.0591948512115	0.0195985345273	0.0101034989263	-0.0181651837881	0.00933615093864	-0.00827216989653	-0.00513039133355	0.03887569043	-0.0365432493125	-0.0367516635559	0.0221608003891	1.0	-0.0524501269443	-0.0694094553375	0.0536359264059	-0.0144001038329	-0.075928501789	-0.0369352283973	0.0382378022827	0.0127567740387	-0.0249682510172	-0.0193806905542	-0.0289108720378	-0.0183843617756	0.0138409091672	-0.0067227451177	0.000918030717776	-0.0244590534658	-0.0602945492834	0.0224683048108	-0.00954521248388	-0.00940517094071	-0.0315055486578	-0.0278597405411	0.0286827278106	-0.000711497863222	0.060173099426	-0.0311072089071	-0.0228503506283	-0.0214414104699	-2.06367942984e-05	-0.00783895900341
k__Bacteria;p__Actinobacteria;c__Actinobacteria;o__Bifidobacteriales;f__Bifidobacteriaceae;g__Bifidobacterium;s__Bifidobacterium_longum	0.0207516926594	-0.0586304369152	0.00375428854844	-0.0466768482006	0.00929137583738	-0.00314968046907	-0.017353345643	0.0239124851606	0.00112942596484	-0.0105055805635	0.0272511314654	0.0384753864309	-0.0265886985605	-0.000194117562795	-0.013390778029	0.0362154536922	0.0417135125307	0.00577510851189	-0.0375292882724	-0.0831661827233	0.0322084211846	-0.0356175326072	0.0112087115983	-0.0142343225993	-0.0174084540999	-0.00607024903229	0.0475158613435	-0.0707428925578	-0.0524501269443	1.0	0.00544613701147	-0.0614575073784	0.0268006852808	-0.00481015750015	-0.0597774682674	-0.0138028769582	-0.0398907056517	-0.0536093865805	0.0114316149325	-0.0112594370565	-0.108277306118	0.0348313606615	-0.0877487536985	0.0217037759688	-0.00341344646298	0.0026697319985	0.0526112867585	-0.0231109861632	-0.0142674548564	-0.0287815836286	-0.00439988429662	-0.0114435301031	-0.0323839561183	-0.00897951144561	0.0263191008814	-0.0463682427308	-0.00758628306137	-0.0180535708604	0.0360517274322
