#taxonomy	k__Bacteria;p__Bacteroidetes;c__Bacteroidia;o__Bacteroidales;f__Bacteroidaceae;g__Bacteroides;s__Bacteroides_vulgatus	k__Bacteria;p__Bacteroidetes;c__Bacteroidia;o__Bacteroidales;f__Bacteroidaceae;g__Bacteroides;s__Bacteroides_uniformis	k__Bacteria;p__Bacteroidetes;c__Bacteroidia;o__Bacteroidales;f__Rikenellaceae;g__Alistipes;s__Alistipes_putredinis	k__Bacteria;p__Bacteroidetes;c__Bacteroidia;o__Bacteroidales;f__Prevotellaceae;g__Prevotella;s__Prevotella_copri	k__Bacteria;p__Bacteroidetes;c__Bacteroidia;o__Bacteroidales;f__Bacteroidaceae;g__Bacteroides;s__Bacteroides_stercoris	k__Bacteria;p__Bacteroidetes;c__Bacteroidia;o__Bacteroidales;f__Bacteroidaceae;g__Bacteroides;s__Bacteroides_ovatus	k__Bacteria;p__Bacteroidetes;c__Bacteroidia;o__Bacteroidales;f__Rikenellaceae;g__Alistipes;s__Alistipes_shahii	k__Bacteria;p__Firmicutes;c__Clostridia;o__Clostridiales;f__Ruminococcaceae;g__Faecalibacterium;s__Faecalibacterium_prausnitzii	k__Bacteria;p__Bacteroidetes;c__Bacteroidia;o__Bacteroidales;f__Rikenellaceae;g__Alistipes;s__Alistipes_finegoldii	k__Bacteria;p__Bacteroidetes;c__Bacteroidia;o__Bacteroidales;f__Porphyromonadaceae;g__Parabacteroides;s__Parabacteroides_distasonis	k__Bacteria;p__Bacteroidetes;c__Bacteroidia;o__Bacteroidales;f__Bacteroidaceae;g__Bacteroides;s__Bacteroides_thetaiotaomicron	k__Bacteria;p__Bacteroidetes;c__Bacteroidia;o__Bacteroidales;f__Bacteroidaceae;g__Bacteroides;s__Bacteroides_coprocola	k__Bacteria;p__Bacteroidetes;c__Bacteroidia;o__Bacteroidales;f__Bacteroidaceae;g__Bacteroides;s__Bacteroides_cellulosilyticus	k__Bacteria;p__Bacteroidetes;c__Bacteroidia;o__Bacteroidales;f__Rikenellaceae;g__Alistipes;s__Alistipes_obesi	k__Bacteria;p__Firmicutes;c__Clostridia;o__Clostridiales;f__Lachnospiraceae;g__;s__[Eubacterium]_rectale	k__Bacteria;p__Bacteroidetes;c__Bacteroidia;o__Bacteroidales;f__Bacteroidaceae;g__Bacteroides;s__Bacteroides_plebeius	k__Bacteria;p__Bacteroidetes;c__Bacteroidia;o__Bacteroidales;f__Bacteroidaceae;g__Bacteroides;s__Bacteroides_fragilis	k__Bacteria;p__Proteobacteria;c__Betaproteobacteria;o__Burkholderiales;f__Sutterellaceae;g__Sutterella;s__Sutterella_wadsworthensis	k__Bacteria;p__Bacteroidetes;c__Bacteroidia;o__Bacteroidales;f__Porphyromonadaceae;g__Barnesiella;s__Barnesiella_intestinihominis	k__Bacteria;p__Bacteroidetes;c__Bacteroidia;o__Bacteroidales;f__Odoribacteraceae;g__Odoribacter;s__Odoribacter_splanchnicus	k__Bacteria;p__Bacteroidetes;c__Bacteroidia;o__Bacteroidales;f__Bacteroidaceae;g__Bacteroides;s__Bacteroides_salyersiae	k__Bacteria;p__Firmicutes;c__Clostridia;o__Clostridiales;f__Ruminococcaceae;g__Ruminiclostridium;s__[Eubacterium]_siraeum	k__Bacteria;p__Proteobacteria;c__Betaproteobacteria;o__Burkholderiales;f__Sutterellaceae;g__Parasutterella;s__Parasutterella_excrementihominis	k__Bacteria;p__Actinobacteria;c__Actinobacteria;o__Bifidobacteriales;f__Bifidobacteriaceae;g__Bifidobacterium;s__Bifidobacterium_adolescentis	k__Bacteria;p__Firmicutes;c__Clostridia;o__Clostridiales;f__Oscillospiraceae;g__Oscillibacter;s__Oscillibacter_sp._KLE_1745	k__Bacteria;p__Bacteroidetes;c__Bacteroidia;o__Bacteroidales;f__Bacteroidaceae;g__Bacteroides;s__Bacteroides_coprophilus	k__Bacteria;p__Firmicutes;c__Clostridia;o__Clostridiales;f__Lachnospiraceae;g__Roseburia;s__Roseburia_intestinalis	k__Bacteria;p__Firmicutes;c__Clostridia;o__Clostridiales;f__Lachnospiraceae;g__Roseburia;s__Roseburia_hominis	k__Bacteria;p__Bacteroidetes;c__Bacteroidia;o__Bacteroidales;f__Porphyromonadaceae;g__Parabacteroides;s__Parabacteroides_johnsonii	k__Bacteria;p__Actinobacteria;c__Actinobacteria;o__Bifidobacteriales;f__Bifidobacteriaceae;g__Bifidobacterium;s__Bifidobacterium_longum	k__Bacteria;p__Firmicutes;c__Clostridia;o__Clostridiales;f__;g__Flavonifractor;s__Flavonifractor_plautii	k__Bacteria;p__Firmicutes;c__Clostridia;o__Clostridiales;f__Clostridiaceae;g__Clostridium;s__Clostridium_phoceensis	k__Bacteria;p__Verrucomicrobia;c__Verrucomicrobiae;o__Verrucomicrobiales;f__Akkermansiaceae;g__Akkermansia;s__Akkermansia_muciniphila	k__Bacteria;p__Bacteroidetes;c__Bacteroidia;o__Bacteroidales;f__Prevotellaceae;g__Paraprevotella;s__Paraprevotella_xylaniphila	k__Bacteria;p__Firmicutes;c__Clostridia;o__Clostridiales;f__Ruminococcaceae;g__Ruminococcus;s__Ruminococcus_callidus	k__Bacteria;p__Bacteroidetes;c__Bacteroidia;o__Bacteroidales;f__Rikenellaceae;g__Alistipes;s__Alistipes_senegalensis	k__Bacteria;p__Firmicutes;c__Clostridia;o__Clostridiales;f__Lachnospiraceae;g__Blautia;s__Blautia_sp._KLE_1732	k__Bacteria;p__Bacteroidetes;c__Bacteroidia;o__Bacteroidales;f__Bacteroidaceae;g__Bacteroides;s__Bacteroides_oleiciplenus	k__Bacteria;p__Firmicutes;c__Clostridia;o__Clostridiales;f__Ruminococcaceae;g__Ruminococcus;s__Ruminococcus_bicirculans	k__Bacteria;p__Bacteroidetes;c__Bacteroidia;o__Bacteroidales;f__Bacteroidaceae;g__Bacteroides;s__Bacteroides_fluxus	k__Bacteria;p__Bacteroidetes;c__Bacteroidia;o__Bacteroidales;f__Prevotellaceae;g__Prevotella;s__Prevotella_stercorea	k__Bacteria;p__Firmicutes;c__Clostridia;o__Clostridiales;f__Lachnospiraceae;g__Dorea;s__Dorea_longicatena	k__Bacteria;p__Firmicutes;c__Clostridia;o__Clostridiales;f__Eubacteriaceae;g__Eubacterium;s__[Eubacterium]_eligens	k__Bacteria;p__Firmicutes;c__Clostridia;o__Clostridiales;f__Ruminococcaceae;g__;s__Ruminococcaceae_bacterium_D16	k__Bacteria;p__Firmicutes;c__Clostridia;o__Clostridiales;f__Lachnospiraceae;g__Coprococcus;s__Coprococcus_comes	k__Bacteria;p__Proteobacteria;c__Gammaproteobacteria;o__Enterobacterales;f__Enterobacteriaceae;g__Escherichia;s__Escherichia_coli	k__Bacteria;p__Firmicutes;c__Clostridia;o__Clostridiales;f__Ruminococcaceae;g__Anaerotruncus;s__Anaerotruncus_colihominis	k__Bacteria;p__Firmicutes;c__Clostridia;o__Clostridiales;f__Lachnospiraceae;g__Blautia;s__Blautia_obeum	k__Bacteria;p__Bacteroidetes;c__Bacteroidia;o__Bacteroidales;f__Odoribacteraceae;g__Odoribacter;s__Odoribacter_laneus	k__Bacteria;p__Firmicutes;c__Clostridia;o__Clostridiales;f__Ruminococcaceae;g__Ruminiclostridium;s__[Clostridium]_leptum	k__Bacteria;p__Bacteroidetes;c__Bacteroidia;o__Bacteroidales;f__Porphyromonadaceae;g__Parabacteroides;s__Parabacteroides_goldsteinii	k__Bacteria;p__Firmicutes;c__Clostridia;o__Clostridiales;f__Lachnospiraceae;g__Anaerostipes;s__Anaerostipes_hadrus	k__Bacteria;p__Firmicutes;c__Clostridia;o__Clostridiales;f__Ruminococcaceae;g__Ruminococcus;s__Ruminococcus_lactaris	k__Bacteria;p__Firmicutes;c__Clostridia;o__Clostridiales;f__Clostridiaceae;g__Clostridium;s__Clostridium_sp._L2-50	k__Bacteria;p__Firmicutes;c__Clostridia;o__Clostridiales;f__Clostridiaceae;g__Clostridium;s__Clostridium_sp._M62/1	k__Bacteria;p__Firmicutes;c__Clostridia;o__Clostridiales;f__;g__Intestinimonas;s__Intestinimonas_butyriciproducens	k__Bacteria;p__Actinobacteria;c__Actinobacteria;o__Bifidobacteriales;f__Bifidobacteriaceae;g__Bifidobacterium;s__Bifidobacterium_bifidum	k__Bacteria;p__Firmicutes;c__Negativicutes;o__Veillonellales;f__Veillonellaceae;g__Dialister;s__Dialister_invisus	k__Bacteria;p__Bacteroidetes;c__Bacteroidia;o__Bacteroidales;f__Bacteroidaceae;g__Bacteroides;s__Bacteroides_salanitronis
k__Bacteria;p__Bacteroidetes;c__Bacteroidia;o__Bacteroidales;f__Bacteroidaceae;g__Bacteroides;s__Bacteroides_vulgatus	1.0	0.0613064607938	-0.0610475358123	-0.0627377038451	-0.00384197202214	0.00268392908325	0.0295029494188	-0.0509389955422	-0.0609840775968	0.00521452083814	-0.0631493118092	0.00255248640402	0.00256279022828	-0.0468623762177	0.0153623834664	0.0214837448676	-0.0314987061319	0.000124859421438	-0.0124702660891	-0.0684884551443	0.0389719404728	0.000563967665943	0.0542585020597	0.034632730356	-0.0101371033523	-0.00667848197714	-0.00998339719301	-0.00658436321146	0.0276335115708	-0.105378145309	0.0280583448833	-0.0470393597897	-0.0695739568327	-0.00470225061798	-0.0122522797542	-0.0162384078984	-0.029837618904	-0.0131155554161	-0.0470867579443	-0.0197735429072	0.0294033093331	-0.0323421221852	-0.0505622225729	0.0268537155153	0.00259688962742	0.0330403756728	-0.0166991547813	-0.00651261391519	-0.0141257960455	0.0354414664296	0.00433722848501	-0.0635692807544	-0.000309764442447	0.0402585134646	-0.0224805270615	0.0731490193154	-0.000933751439885	-0.0605405236706	-0.0225582339352
k__Bacteria;p__Bacteroidetes;c__Bacteroidia;o__Bacteroidales;f__Bacteroidaceae;g__Bacteroides;s__Bacteroides_uniformis	0.0613064607938	1.0	-0.00481179362103	-0.0504436070053	-0.0166975037606	-0.101978422847	-0.0457769222837	0.0150647715742	0.0129716867306	-0.0091156276767	-0.0299772498596	0.0227886874919	0.00547145903092	0.0243081065772	0.00616746968199	0.00992364278783	-0.0498621381688	-0.00695894675533	0.0273084259427	0.0131305546019	0.0197366070973	-0.00811111428758	0.0055326319964	-0.0349306275223	0.0144599299317	0.0110442419248	0.0442942141638	0.00659082483566	0.0257040901329	-0.0344744226444	-0.0361552064485	0.0126733225606	-0.0138303766652	-0.0252265320651	-0.0378745672219	0.0376727646938	-0.0736504041215	0.0267013947097	-0.00495384664642	-0.0404040223246	0.00398490503753	0.0885673190686	-0.00590655081314	-0.0315621788148	0.00511714591248	-0.00100191451054	0.0218328520055	-0.0713247328657	-0.0640307416333	-0.0055145046514	-0.0336676701754	-0.0347902947415	0.0309449540316	0.0389230284938	-0.000993913418801	-0.00964746828574	-0.0486946461994	-0.00574612422081	0.0179383494643
k__Bacteria;p__Bacteroidetes;c__Bacteroidia;o__Bacteroidales;f__Rikenellaceae;g__Alistipes;s__Alistipes_putredinis	-0.0610475358123	-0.00481179362103	1.0	-0.00220152548984	0.00247559490044	-0.0245571268501	0.0150760298185	0.0177445372478	-0.00729068250328	0.000139468733021	0.0989140125664	0.00203546995118	-0.0103988888453	0.00303318709498	-0.0655923542602	-0.0136767748591	0.00535628350243	0.0426592236008	0.0163140762499	0.0238428045525	-0.0714027217241	-0.0797149925047	-0.0411097575575	-0.019460199281	-0.0460256247559	-0.0446576621701	0.0363897479041	0.0325091637274	-0.0686709626463	-0.0271369819856	-0.0518148876093	-0.0235986434064	-0.0179547747997	-0.0585543970183	-0.0381056880394	-0.000853540258416	0.0203919415801	0.00334812341951	-0.0496045723762	0.06135904502	0.0196091878911	0.0743816135688	-0.0119792245016	-0.0359962664215	0.0098206094797	0.0406243135867	-0.00732176587313	-0.0553867301825	-0.0149177222523	-0.0550444772159	0.00287775489778	-0.0199611456448	0.0489874081705	-0.0135525154726	-0.00418411236914	0.00987624935055	-0.00941965094026	0.0526735438979	0.00470322200171
k__Bacteria;p__Bacteroidetes;c__Bacteroidia;o__Bacteroidales;f__Prevotellaceae;g__Prevotella;s__Prevotella_copri	-0.0627377038451	-0.0504436070053	-0.00220152548984	1.0	-0.0111740827854	0.0114321208862	0.0584876380958	-0.0185149991535	0.00583861420808	0.0254192246721	-0.0325381186912	0.00554335838886	-0.0676677436542	0.0231324707411	-0.00894738461445	-0.0205500715273	0.0303949296228	0.0339397386666	0.0242684034915	-0.035254210729	-0.0449367987306	0.0532567513865	-0.036950317532	0.0198746141027	0.00897941313394	0.0107128328247	0.0212763597382	-0.0700180878293	-0.0241137884159	0.0326828675957	0.00984601326332	0.0384484171442	-0.0504066971724	-0.0291091232775	-0.00166051553647	0.0178686046226	0.0451005999417	-0.0242669779938	-0.0357056239974	0.0463615956721	0.0277134539566	-0.0839326128972	-0.0436072873296	-0.0456898881338	-0.00225350643555	-0.0659368209025	-0.0500105326112	0.0161692125891	0.0503463824399	-0.0314875109648	0.0117178712995	0.0156776980052	-0.0728189538769	-0.0102206751551	-0.00632801992925	0.0306355975437	-0.0445613707059	0.113311920271	-0.00141300654047
k__Bacteria;p__Bacteroidetes;c__Bacteroidia;o__Bacteroidales;f__Bacteroidaceae;g__Bacteroides;s__Bacteroides_stercoris	-0.00384197202214	-0.0166975037606	0.00247559490044	-0.0111740827854	1.0	-0.0202354921044	-0.0782555256411	-0.0245146256685	-0.0305728956108	-0.0106182899946	0.00519224099155	0.0574489270311	-0.0166030561034	-0.0117381313115	-0.00320752229039	-0.0735332277313	0.00434638398725	-0.0376611633196	0.00182172835512	-0.00220328125883	-0.0703188853146	-0.0345820439054	-0.00132154404027	-0.0368708591346	0.0050478948664	0.0212799498454	-0.0138743818805	0.0119484584607	-0.0189841587333	-0.051972728792	0.0160479219036	0.00226007694938	-0.0357533983185	-0.0156326432525	0.0285036001107	-0.0203636936549	0.0634617708494	0.0184131472397	0.029468100925	-0.0301788298237	0.0196043243366	-0.0449513030692	-0.0933874558941	-0.0221453353179	-0.0139844103166	-0.0146454139294	0.0308429042119	0.0250299443174	-0.000474702289269	-0.011886910292	0.0368040694114	0.0625611053426	-0.0518097446408	0.0673727505252	0.025896923671	0.0345116847311	-0.033751710957	0.00837186685309	-0.0429271834287
k__Bacteria;p__Bacteroidetes;c__Bacteroidia;o__Bacteroidales;f__Bacteroidaceae;g__Bacteroides;s__Bacteroides_ovatus	0.00268392908325	-0.101978422847	-0.0245571268501	0.0114321208862	-0.0202354921044	1.0	-0.00341939018577	0.0461808608223	-0.0142159955114	-0.0550151397633	0.05754265243	-0.0452091707908	0.0118902028619	-0.0246953276561	0.0711913787596	0.00238659274326	0.0121753889567	-0.0733078558133	0.0059333777305	-0.0271652273906	-0.0107836572625	0.0430469903147	0.0251578678758	-0.0536964211462	-0.00917645574754	0.0264700609857	0.0134485072119	0.0231711259889	-0.0828865877216	-0.033591553329	-0.045451339536	-0.0020317898505	-0.0443709866544	-0.0425126702809	0.00516430803464	-0.0129242001428	-0.00201931235335	0.0165926121547	0.00959314974945	-0.0162624940203	-0.0376746206756	-0.0482214962792	-0.0386710283147	-0.0352114431597	0.058674875843	0.0470442541275	0.0170015341478	-0.0185022512185	-0.0483761881547	-0.0396472056745	0.0428919828112	0.0693985637008	-0.0435823964668	-0.052513603822	-0.0162360964937	-0.00159974337191	-0.096553151838	0.0156478249714	-0.0199124587685
k__Bacteria;p__Bacteroidetes;c__Bacteroidia;o__Bacteroidales;f__Rikenellaceae;g__Alistipes;s__Alistipes_shahii	0.0295029494188	-0.0457769222837	0.0150760298185	0.0584876380958	-0.0782555256411	-0.00341939018577	1.0	0.10324969341	0.024898434831	0.0320707454062	-0.0298152577578	-0.0136952534149	0.0299085730478	-0.0905114421674	-0.0129789801088	0.0386741037515	0.00467986482067	-0.00060464587507	0.0215815168415	0.014711561516	-0.068646473346	-0.048068232378	0.00354851701098	0.0134905557041	0.0447130083139	-0.0758168604586	-0.0699314878872	-0.0242543972669	0.0124383884674	0.0339183578224	0.034295690018	-0.0227410203616	-0.0125402514075	-0.0159602462691	-0.0391068835638	-0.0934318036935	-0.0614242788748	-0.00320793094662	-0.0208694834598	0.0151256608605	-0.0451901517037	0.0315760878567	-0.0232487573014	0.0229133073057	-0.0511494220707	0.00866160614494	-0.0135882580738	-0.000387553124175	-0.0436702064592	-0.0445951107977	-0.0259651226372	0.00479316378244	-0.0390145382384	-0.0161315310475	-0.0274809242055	-0.010007288674	-0.0261729671114	0.00158590038871	0.032431041606
k__Bacteria;p__Firmicutes;c__Clostridia;o__Clostridiales;f__Ruminococcaceae;g__Faecalibacterium;s__Faecalibacterium_prausnitzii	-0.0509389955422	0.0150647715742	0.0177445372478	-0.0185149991535	-0.0245146256685	0.0461808608223	0.10324969341	1.0	-0.0274044024531	-0.0435775536486	-0.0695853809369	0.0108683252945	-0.0582990481572	0.0408568627193	-0.0220579203342	0.0362635004647	-0.00909322087944	-0.0450593201278	0.018405703343	-0.00202904789524	-0.0197485410752	-0.0156478305353	0.0172181250225	0.0416584519577	0.0304325973397	-0.00952740559228	-0.00582541992891	0.00750877266647	0.0034232600226	0.0379231756253	-0.00782649952036	-0.0863571705041	-0.0317319571935	0.0185766259379	-0.0158532430448	-0.0179282162225	-0.0455336149492	-0.0056538772117	-0.0529407836871	0.0497998406925	-0.0254557834705	0.0822358665245	0.0169940511067	-0.0456848790959	-0.0336692337879	-0.0798593963178	-0.0591750778011	-0.0436447316803	-0.0524146805003	-0.00307938104673	-0.0160495802789	0.0420689368642	-0.0692398424802	-0.0409278681826	-0.0333485804994	0.00890961377734	0.0315268471286	0.0200747526667	-0.0073339477347
k__Bacteria;p__Bacteroidetes;c__Bacteroidia;o__Bacteroidales;f__Rikenellaceae;g__Alistipes;s__Alistipes_finegoldii	-0.0609840775968	0.0129716867306	-0.00729068250328	0.00583861420808	-0.0305728956108	-0.0142159955114	0.024898434831	-0.0274044024531	1.0	-0.0479866592977	-0.103335763898	0.0296097927458	0.012385462422	0.026817740457	0.0262189829683	0.0153058956309	-0.0733664670396	-0.00719899863886	0.0242362834955	-0.0271347223121	-0.0385694563282	-0.0357621745224	0.0610776666881	-0.0188540261001	0.0268247547043	0.00758187112847	0.0365212289642	-0.0260230195233	-0.0210801579142	0.0115056961173	0.0631867622771	-0.0148898351625	-0.013168480325	-0.0179120150815	0.0399517940574	-0.00811593280505	0.016136493113	0.0058245429164	-0.0102679805244	0.0143242964722	-0.0376233290463	0.00983366020234	-0.0308819103216	-0.0857857511794	0.00616280144411	-0.0465487102724	-0.0330919053263	-0.0427228233052	-0.0299101571976	-0.0209630559092	0.00645347046994	-0.0263798249452	0.00254804595999	-0.0155754138388	-0.050877274367	0.00897697879424	0.00605195262178	-0.0488705834318	0.0167503401877
k__Bacteria;p__Bacteroidetes;c__Bacteroidia;o__Bacteroidales;f__Porphyromonadaceae;g__Parabacteroides;s__Parabacteroides_distasonis	0.00521452083814	-0.0091156276767	0.000139468733021	0.0254192246721	-0.0106182899946	-0.0550151397633	0.0320707454062	-0.0435775536486	-0.0479866592977	1.0	-0.00860214656296	0.0397660299071	-0.0448792123697	-0.0372327129684	0.0611215221217	0.0227383873077	0.0362396781223	-0.00965404763537	0.00955477830373	0.00492014554925	-0.0237615728989	0.0425392080851	-0.0223126154196	-0.00255887428952	0.110356772042	-0.017623175943	0.0041299139287	-0.0174851577847	0.0131912163145	-0.00619129050887	-0.0102556191624	0.0234370474876	-0.0516377018677	-0.0246895104334	0.031308538917	-0.00124650884542	0.0209390056991	-0.0469969633297	0.0334888893758	-0.00249198345156	-0.0157465810357	-0.0381154760718	0.0149533245686	-0.0167283484209	-0.0170482834493	0.0124698815511	-0.00664461278166	-0.00794977535668	0.0272719483754	-0.0647911101927	-0.0125019086218	-0.0887110708478	0.0312691692992	-0.0285566159218	0.0969906208491	-0.130389368113	-0.038440056358	-0.0215284176053	0.00553049326055
k__Bacteria;p__Bacteroidetes;c__Bacteroidia;o__Bacteroidales;f__Bacteroidaceae;g__Bacteroides;s__Bacteroides_thetaiotaomicron	-0.0631493118092	-0.0299772498596	0.0989140125664	-0.0325381186912	0.00519224099155	0.05754265243	-0.0298152577578	-0.0695853809369	-0.103335763898	-0.00860214656296	1.0	-0.0489965089118	-0.00725723033888	-0.0656219389653	-0.0624645207286	-0.0486298384425	0.0119233205572	-0.02819324643	0.101641044913	-0.0169578972578	0.0476931097696	-0.0477729359174	-0.00447576605288	-0.00360385787142	0.0272711648494	0.0300505996671	-0.00502823785626	0.0437326549585	-0.0735550971781	-0.0889607589539	-0.0374288297677	0.0579061474809	-0.0316307497599	0.0598406928304	0.0285021985332	0.00468022290586	0.0054052480856	-0.0436562767896	-0.00511978310099	-0.00989380269745	-0.0243422521818	0.0151915079535	-0.0340794909218	-0.00423021108976	0.020630482899	0.102865336392	0.000784624258254	0.0274650874994	0.0582450389013	0.00680959552791	0.0223301383227	0.0294233201021	-0.0206043134825	-0.0336052229889	0.0303830365968	-0.0812217365291	-0.0822386238003	-0.0477983521757	-0.0455956739272
k__Bacteria;p__Bacteroidetes;c__Bacteroidia;o__Bacteroidales;f__Bacteroidaceae;g__Bacteroides;s__Bacteroides_coprocola	0.00255248640402	0.0227886874919	0.00203546995118	0.00554335838886	0.0574489270311	-0.0452091707908	-0.0136952534149	0.0108683252945	0.0296097927458	0.0397660299071	-0.0489965089118	1.0	-0.0314936703027	-0.00699546582283	0.0353943176362	-0.0757247279978	-0.0261375010005	0.0537870904884	-0.0129004411725	-0.045681130593	0.0374972543433	0.0796176379152	0.0422585510626	-0.04571243268	-0.056499571391	-0.0372802441358	0.0351381852255	0.0147378794148	-0.0440504597325	0.00968353080752	-0.0426520290817	-0.0240385502305	-0.00272811452698	-0.00605600412903	-0.053129105479	0.0439540640195	0.0407933871046	-0.00259416496571	-0.0152618249622	-0.00802327634965	0.00821441175912	-0.0567335415431	0.0386341457621	-0.00840688940084	-0.0284661826512	0.0307302474579	0.0204843214713	0.0519629086014	-0.0481542157187	-0.0270933591263	0.00861377566765	-0.00327634850631	3.7524421196e-05	0.0126119951953	0.000849976692284	-0.0952709677098	0.0874940986054	0.0277912721204	-0.0256496965751
k__Bacteria;p__Bacteroidetes;c__Bacteroidia;o__Bacteroidales;f__Bacteroidaceae;g__Bacteroides;s__Bacteroides_cellulosilyticus	0.00256279022828	0.00547145903092	-0.0103988888453	-0.0676677436542	-0.0166030561034	0.0118902028619	0.0299085730478	-0.0582990481572	0.012385462422	-0.0448792123697	-0.00725723033888	-0.0314936703027	1.0	-0.00609152640685	-0.0147599393301	-0.0273588514081	-0.0430102690872	-0.0355275224762	-0.0156899293647	0.0539698467489	-0.0102742233364	0.0282181481759	-0.017351743887	0.00533253880107	-0.0200076894519	0.0281554714108	-0.00128735947627	-0.0382171848444	0.0647353986108	-0.0218089325102	-0.0652565029083	-0.0577019850097	0.0189637792559	-0.0311798375585	-0.0011809402924	-0.0633972180304	0.0192007462847	0.0629131825109	-0.0585230083837	-0.0549683849016	-0.00012743387586	0.0110273778057	0.0037595048611	0.0277991216181	-0.0100567843887	0.0175788575849	0.00936670547132	-0.0377980869258	0.0727886869695	0.0210112368323	0.0606837862006	-0.032119231122	-0.0766325250639	0.0178283632503	0.0300610451337	-0.0269025832554	0.0356613149689	-0.0778425536214	-0.010722432585
k__Bacteria;p__Bacteroidetes;c__Bacteroidia;o__Bacteroidales;f__Rikenellaceae;g__Alistipes;s__Alistipes_obesi	-0.0468623762177	0.0243081065772	0.00303318709498	0.0231324707411	-0.0117381313115	-0.0246953276561	-0.0905114421674	0.0408568627193	0.026817740457	-0.0372327129684	-0.0656219389653	-0.00699546582283	-0.00609152640685	1.0	-0.0542391964332	-0.00494781244393	-0.0231129947523	-0.0033123968093	-0.0507374110712	-0.0184287410392	-0.0298355979218	0.0205668784836	0.0746916153174	-0.030724685466	0.00881856384554	0.00421630566105	0.0503328442181	0.0138722963059	-0.0120158107613	-0.00528920160789	0.0260683679797	-0.0136573595768	0.0108460255998	-0.0104886747606	0.059201181546	-0.039435188797	-0.0359239747322	-0.0395731476545	-0.055285292212	-0.0286293015327	-0.000357620455945	-0.0124516424585	0.0262648118016	-0.015594487564	0.0191430620802	-0.0594836130889	-0.00713911588721	-0.0641448628111	-0.00927850912517	0.0903558868266	0.0124921134897	-0.0474512686721	-0.0269657495546	0.000213884646484	-0.00652977967757	-0.00121421033704	0.0220082524316	-0.00393506889625	0.0720572965236
k__Bacteria;p__Firmicutes;c__Clostridia;o__Clostridiales;f__Lachnospiraceae;g__;s__[Eubacterium]_rectale	0.0153623834664	0.00616746968199	-0.0655923542602	-0.00894738461445	-0.00320752229039	0.0711913787596	-0.0129789801088	-0.0220579203342	0.0262189829683	0.0611215221217	-0.0624645207286	0.0353943176362	-0.0147599393301	-0.0542391964332	1.0	0.012988373469	0.0101309509117	-0.0201123317566	-0.0638866786953	-0.0190035938507	-0.00128651665171	-0.0102856738267	-0.0848739395548	0.0136382952349	-0.0361336713699	-0.0167186429679	-0.0118738747597	-0.0574773417646	-0.0264366377155	0.0470321937367	-0.00615654011767	-0.0031216753783	-0.0538882224717	-0.0845392458732	0.0134638288243	-0.0383546468096	-0.00189602138627	2.04266691749e-05	0.0675873251867	-0.00464006493446	-0.000929847102959	0.029108783591	-0.0323541874466	-0.0132717175236	-0.0110304556821	-0.0398300839037	0.0252295624588	-0.0310270482405	0.0410690031971	0.0470664208763	-0.0715945906887	-0.0951217358924	-0.0119545042759	0.0230267898002	-0.0195774402077	-0.0385286188734	-0.0299864485305	0.0159191949712	0.0155332349121
k__Bacteria;p__Bacteroidetes;c__Bacteroidia;o__Bacteroidales;f__Bacteroidaceae;g__Bacteroides;s__Bacteroides_plebeius	0.0214837448676	0.00992364278783	-0.0136767748591	-0.0205500715273	-0.0735332277313	0.00238659274326	0.0386741037515	0.0362635004647	0.0153058956309	0.0227383873077	-0.0486298384425	-0.0757247279978	-0.0273588514081	-0.00494781244393	0.012988373469	1.0	-0.000148624200293	0.0068308053406	0.00902078927167	0.00609894708076	-0.0213097070913	0.000677090607923	0.0058989388631	-0.0508601422858	0.00463774255661	0.00181404006617	-0.0583427110324	-0.0300982607575	0.0238367649776	-0.0102068504206	0.0340012275307	-0.00332561247376	-0.0509190521865	-0.0246330682138	0.0458340111213	-0.014308972669	-0.0486170210766	0.0316235933628	0.0547629086397	0.0419565453507	0.0124415891952	-0.0127204193342	-0.0383559090978	0.000999449738433	0.00855009995399	0.000786099328444	0.020934739387	0.0136383734999	0.0295167431286	0.0132684287194	-0.016937062673	-0.053393864973	-0.0918342244323	-0.0133097908355	0.00314588986608	-0.034617337687	-0.019769713782	-0.0155313018401	-0.0700898072643
k__Bacteria;p__Bacteroidetes;c__Bacteroidia;o__Bacteroidales;f__Bacteroidaceae;g__Bacteroides;s__Bacteroides_fragilis	-0.0314987061319	-0.0498621381688	0.00535628350243	0.0303949296228	0.00434638398725	0.0121753889567	0.00467986482067	-0.00909322087944	-0.0733664670396	0.0362396781223	0.0119233205572	-0.0261375010005	-0.0430102690872	-0.0231129947523	0.0101309509117	-0.000148624200293	1.0	-0.0148147389238	-0.00836548337998	-0.0462381723612	0.0272652343099	-0.0223604382949	0.0323126519963	-0.0299811713952	0.0379918383374	-0.0247970925255	0.0138178512622	-0.0669960670551	-0.0267608051397	0.0947932101312	-0.032508208866	-0.0449950830866	-0.00189646327915	0.0551507485128	0.00608810001259	0.0181219011913	0.024189204294	-0.0239421967477	-0.0437101102796	0.0199681435206	0.0712055779597	0.0297918180283	-0.0246088512106	0.00857672095752	-0.0144224358124	0.0102034444434	-0.019306276753	0.012641218837	-0.00535866505985	-0.0281213403442	-0.0415729674482	-0.022101624477	-0.039408169437	-0.0382481623066	-0.0517367206668	0.00154563369724	-0.0360211924397	-0.0178033467608	-0.0189056540757
k__Bacteria;p__Proteobacteria;c__Betaproteobacteria;o__Burkholderiales;f__Sutterellaceae;g__Sutterella;s__Sutterella_wadsworthensis	0.000124859421438	-0.00695894675533	0.0426592236008	0.0339397386666	-0.0376611633196	-0.0733078558133	-0.000604645875069	-0.0450593201278	-0.00719899863886	-0.00965404763537	-0.02819324643	0.0537870904884	-0.0355275224762	-0.0033123968093	-0.0201123317566	0.0068308053406	-0.0148147389238	1.0	0.0125328718711	0.003222326979	0.032944586203	-0.00632325322436	-0.0198602930072	-0.0281374816035	-0.00221685556277	0.044269076312	0.0120603313114	-0.0509476894049	-0.0407926631205	0.00674548236036	-0.0143976073991	0.0262320654546	-0.0145828461533	0.0392293112298	0.0261109378855	-0.0120229281566	0.0207029961455	-0.0438440914502	-0.0159501034783	0.0184420731065	0.0421258531105	-0.0065501631805	-0.017070049034	-0.0559628634671	-0.0884886911143	-0.00590705796952	-0.00256743869277	0.00940448617419	0.0226744057015	-0.116144144516	0.00834756334644	-0.0105375294606	0.00229656259643	0.00959863033666	0.0352520988248	0.00456055801134	0.0590920712208	0.0429957323914	-0.0333581075993
k__Bacteria;p__Bacteroidetes;c__Bacteroidia;o__Bacteroidales;f__Porphyromonadaceae;g__Barnesiella;s__Barnesiella_intestinihominis	-0.0124702660891	0.0273084259427	0.0163140762499	0.0242684034915	0.00182172835512	0.0059333777305	0.0215815168415	0.018405703343	0.0242362834955	0.00955477830373	0.101641044913	-0.0129004411725	-0.0156899293647	-0.0507374110712	-0.0638866786953	0.00902078927167	-0.00836548337998	0.0125328718711	1.0	-0.0658676926313	0.0176336748716	-0.0303369372087	-0.0233438546837	-0.0236099910482	-0.070963077162	-0.0620654595515	-0.0603168490453	-0.0661967550757	-0.0382505270874	-0.0387182477186	0.0217745176705	0.0452802434784	-0.0380284709768	-0.0333698143688	-0.0818173180288	-0.00491277807094	-0.0288787890228	0.0441369523016	-0.0119910814455	-0.000907704233404	-0.0627342013592	-0.0116890074743	-0.0509357031608	-0.0690023901525	-0.0130423596983	0.0146754995115	-0.0542915155602	-0.00200758373286	0.0694933033899	-0.015852983773	0.00483190510715	0.0234657180112	0.0295708338193	-0.0582786316988	0.0469411795128	-0.0555347088291	0.00338028947268	-0.0152817439022	0.0784663901354
k__Bacteria;p__Bacteroidetes;c__Bacteroidia;o__Bacteroidales;f__Odoribacteraceae;g__Odoribacter;s__Odoribacter_splanchnicus	-0.0684884551443	0.0131305546019	0.0238428045525	-0.035254210729	-0.00220328125883	-0.0271652273906	0.014711561516	-0.00202904789524	-0.0271347223121	0.00492014554925	-0.0169578972578	-0.045681130593	0.0539698467489	-0.0184287410392	-0.0190035938507	0.00609894708076	-0.0462381723612	0.003222326979	-0.0658676926313	1.0	0.00395606103404	-0.0141253864066	-0.0182703232729	-0.0199934703652	-0.0353858298235	0.0118867405852	0.0609388037572	-0.0259682038156	0.0451051325115	0.00482811778189	-0.00983378519529	-0.00799552251879	-0.023981585595	0.0388647492588	-0.0144261315976	0.0368032650341	-0.00560758860885	0.00473997181694	-0.0581275968791	0.0277467617333	0.0356856528343	0.0354877987901	0.0316241167097	0.00600164754891	-0.055074256742	-0.00143895463714	-0.0420763466777	-0.0385015027537	0.00723667325155	0.0218467296241	-0.0517479064696	-0.0203384388601	-0.0346597162069	0.0146199429909	-0.00372972447716	-0.0384070947932	-0.02415736881	-0.0226908039878	-0.0596019470313
k__Bacteria;p__Bacteroidetes;c__Bacteroidia;o__Bacteroidales;f__Bacteroidaceae;g__Bacteroides;s__Bacteroides_salyersiae	0.0389719404728	0.0197366070973	-0.0714027217241	-0.0449367987306	-0.0703188853146	-0.0107836572625	-0.068646473346	-0.0197485410752	-0.0385694563282	-0.0237615728989	0.0476931097696	0.0374972543433	-0.0102742233364	-0.0298355979218	-0.00128651665171	-0.0213097070913	0.0272652343099	0.032944586203	0.0176336748716	0.00395606103404	1.0	-0.0146858524793	0.0332649812749	-0.0510334863301	-0.0957545297442	-0.00516692226769	0.00556296253965	-0.000208029411455	0.0522013449391	-0.00730288266938	-0.0584320242278	0.0135931820489	-0.0312633709446	-0.0444754647143	-0.00216739960817	0.0287687697808	0.027116553253	-0.0940531832476	0.0322582309905	-0.0314717090975	0.0298989747976	0.0179851761059	-0.00824333016695	0.0507046485799	-0.0248534978861	-0.00692196143786	-0.0341078816533	0.000760169361937	-0.0191478755331	0.0241904264755	-0.024577897338	-0.00257418553379	0.0300507000069	-0.107981774597	-0.0161862654696	-0.0206418026685	-0.00509038767843	-0.0480086498243	-0.0413249713919
k__Bacteria;p__Firmicutes;c__Clostridia;o__Clostridiales;f__Ruminococcaceae;g__Ruminiclostridium;s__[Eubacterium]_siraeum	0.000563967665943	-0.00811111428758	-0.0797149925047	0.0532567513865	-0.0345820439054	0.0430469903147	-0.048068232378	-0.0156478305353	-0.0357621745224	0.0425392080851	-0.0477729359174	0.0796176379152	0.0282181481759	0.0205668784836	-0.0102856738267	0.000677090607923	-0.0223604382949	-0.00632325322436	-0.0303369372087	-0.0141253864066	-0.0146858524793	1.0	0.0290905888433	0.00101741514509	0.0270547819231	0.0139946534867	0.00968741325956	-0.00817048814911	0.0157302713379	-0.0479898954583	0.013116317695	0.0071889112785	-0.0340210012221	-0.00956017562741	-0.0440126480579	-0.0152108755184	-0.00935537311406	-0.019155693453	-0.0206410237796	0.028335827775	-0.049158326789	0.0111691552286	-0.0362688863008	0.00880001626998	-0.0277203969547	0.00146483327963	-0.0791464758557	0.000107557758732	-0.0511495497053	0.0697234902748	-0.0170998983293	0.022614415698	-0.0104025854566	0.0391018789086	-0.0299045843469	-0.00142640382102	-0.00478762300274	-0.0396228489991	-0.0163069041053
k__Bacteria;p__Proteobacteria;c__Betaproteobacteria;o__Burkholderiales;f__Sutterellaceae;g__Parasutterella;s__Parasutterella_excrementihominis	0.0542585020597	0.0055326319964	-0.0411097575575	-0.036950317532	-0.00132154404027	0.0251578678758	0.00354851701098	0.0172181250225	0.0610776666881	-0.0223126154196	-0.00447576605288	0.0422585510626	-0.017351743887	0.0746916153174	-0.0848739395548	0.0058989388631	0.0323126519963	-0.0198602930072	-0.0233438546837	-0.0182703232729	0.0332649812749	0.0290905888433	1.0	-0.0514249464806	0.0150026868161	-0.0157045303289	-0.0299042580302	0.0434551090312	0.0106075407247	0.0663921560891	0.041234785771	-0.10461631386	0.0576981263157	-0.031636269411	0.0584895137248	-0.0477799372784	0.0372161989719	-0.0269574140727	-0.0356658813881	-0.00874524218802	-0.00676062794855	-0.0866995818633	0.0630352566564	0.0149129692629	-0.0344540660332	-0.0245743400945	0.0156132139418	0.0212865298183	-0.0600937991617	0.0493418882926	-0.0263770819852	0.0218384244246	-0.00797908911897	-0.0324933228766	-0.0365534373543	0.00693349115118	-0.00836063833638	-0.0866297181886	-0.0205478780465
k__Bacteria;p__Actinobacteria;c__Actinobacteria;o__Bifidobacteriales;f__Bifidobacteriaceae;g__Bifidobacterium;s__Bifidobacterium_adolescentis	0.034632730356	-0.0349306275223	-0.019460199281	0.0198746141027	-0.0368708591346	-0.0536964211462	0.0134905557041	0.0416584519577	-0.0188540261001	-0.00255887428952	-0.00360385787142	-0.04571243268	0.00533253880107	-0.030724685466	0.0136382952349	-0.0508601422858	-0.0299811713952	-0.0281374816035	-0.0236099910482	-0.0199934703652	-0.0510334863301	0.00101741514509	-0.0514249464806	1.0	-0.0727886110718	-0.000384726106948	0.0446677510565	-0.0193658071477	-0.0373507559227	0.0184919480244	-0.0224573439735	-0.016375129704	0.00775378470654	0.00359073629168	-0.000619079787377	0.0281632444863	-0.0490505692966	0.009031044567	0.021886723671	-0.00276336337959	-0.0596819720414	0.0687634850458	-0.0110471879558	-0.0459966081708	-0.0117540751266	0.0433805778039	0.073693584394	-0.0386719742312	-0.0341971188597	0.0281792318759	0.100522612387	-0.0574028973604	0.0420269214273	-0.0130644149323	-0.0653911139221	0.00779821745971	0.038907172303	-0.071945634736	-0.00328239945669
k__Bacteria;p__Firmicutes;c__Clostridia;o__Clostridiales;f__Oscillospiraceae;g__Oscillibacter;s__Oscillibacter_sp._KLE_1745	-0.0101371033523	0.0144599299317	-0.0460256247559	0.00897941313394	0.0050478948664	-0.00917645574754	0.0447130083139	0.0304325973397	0.0268247547043	0.110356772042	0.0272711648494	-0.056499571391	-0.0200076894519	0.00881856384554	-0.0361336713699	0.00463774255661	0.0379918383374	-0.00221685556277	-0.070963077162	-0.0353858298235	-0.0957545297442	0.0270547819231	0.0150026868161	-0.0727886110718	1.0	0.0432924674602	-0.0451826482625	-0.0490315881117	-0.0327019332988	0.0124604893256	0.0383074482434	-0.0190175780685	0.0506150068897	-0.0124185707571	-0.00695115193938	-0.0361133006933	-0.110161487628	0.00390344315266	0.0244889493352	-0.0616641939954	0.0126615445632	-0.00308534201075	-0.0699981469476	-0.00412011087965	-0.0580362304669	0.000948272737545	0.0383757479686	0.0219907182856	0.0238282583083	-0.0381785156617	-0.0318521264014	0.0150190326663	-0.0275008490395	-0.0205216000093	-0.0833495165373	0.0274510098581	-0.0116376342303	0.0013690434837	0.0344321403595
k__Bacteria;p__Bacteroidetes;c__Bacteroidia;o__Bacteroidales;f__Bacteroidaceae;g__Bacteroides;s__Bacteroides_coprophilus	-0.00667848197714	0.0110442419248	-0.0446576621701	0.0107128328247	0.0212799498454	0.0264700609857	-0.0758168604586	-0.00952740559228	0.00758187112847	-0.017623175943	0.0300505996671	-0.0372802441358	0.0281554714108	0.00421630566105	-0.0167186429679	0.00181404006617	-0.0247970925255	0.044269076312	-0.0620654595515	0.0118867405852	-0.00516692226769	0.0139946534867	-0.0157045303289	-0.000384726106948	0.0432924674602	1.0	-0.0470081404204	0.0232873247489	-0.0661855109086	-0.065463176531	0.0337525135152	0.0194703360369	0.00369176213536	-0.0033397497449	-0.0568180400997	0.00573532196271	-0.0105574617143	0.00945798469451	-0.0305609379939	-0.0179926980942	-0.0396227473553	-0.054516113254	0.00221814265772	-0.0616369699283	0.0455765202428	-0.023991655985	-0.043621398986	0.0353949459698	0.0676244014015	-0.0635276223706	-0.0296114301813	-0.008124798641	-0.053628404519	-0.00411789666997	-0.0198979492879	-0.00387705248388	-0.00484971998858	0.0278198392872	-0.0647164801948
k__Bacteria;p__Firmicutes;c__Clostridia;o__Clostridiales;f__Lachnospiraceae;g__Roseburia;s__Roseburia_intestinalis	-0.00998339719301	0.0442942141638	0.0363897479041	0.0212763597382	-0.0138743818805	0.0134485072119	-0.0699314878872	-0.00582541992891	0.0365212289642	0.0041299139287	-0.00502823785626	0.0351381852255	-0.00128735947627	0.0503328442181	-0.0118738747597	-0.0583427110324	0.0138178512622	0.0120603313114	-0.0603168490453	0.0609388037572	0.00556296253965	0.00968741325956	-0.0299042580302	0.0446677510565	-0.0451826482625	-0.0470081404204	1.0	-0.0204293832672	-0.0362196956526	-0.00663824262402	-0.032358044249	0.0382296262886	-0.0294473562061	0.0106881091759	0.0119496766171	-0.0208430111336	-0.0446769424579	-0.0138185816716	-0.0518106926934	0.0551420335345	-0.00255473558092	-0.0196931918532	0.00723710238312	-0.0956603996095	0.0158509622806	0.0310426049589	-0.0373656483781	-0.0152188995683	0.0102867816292	0.0554629756814	-0.0438922187437	0.0686214763882	0.000483970308763	-0.0506719554004	-0.0258970172796	-0.0235504541319	0.0167248094151	0.0419659284174	-0.035118615707
k__Bacteria;p__Firmicutes;c__Clostridia;o__Clostridiales;f__Lachnospiraceae;g__Roseburia;s__Roseburia_hominis	-0.00658436321146	0.00659082483566	0.0325091637274	-0.0700180878293	0.0119484584607	0.0231711259889	-0.0242543972669	0.00750877266647	-0.0260230195233	-0.0174851577847	0.0437326549585	0.0147378794148	-0.0382171848444	0.0138722963059	-0.0574773417646	-0.0300982607575	-0.0669960670551	-0.0509476894049	-0.0661967550757	-0.0259682038156	-0.000208029411455	-0.00817048814911	0.0434551090312	-0.0193658071477	-0.0490315881117	0.0232873247489	-0.0204293832672	1.0	-0.0333240724711	-0.01558642934	-0.0312247764271	0.0170432464706	0.0176164583083	-0.000295404898709	-0.0255878401674	0.0457715822089	0.0272699557966	0.00727288592481	0.0417640991285	-0.0646258820325	0.0410265485788	-0.00436259672409	-0.00713393389172	0.0169440120422	-0.0336059138837	-0.0286055210768	-0.0450832586325	-0.0358724801119	-0.0265305977074	-0.0357455101063	-0.0175903685783	-0.0205399950753	-0.0335743142192	-0.0398401729676	-0.021663985999	0.0582113738934	-0.0422501056738	-0.0354573548379	0.0212843564478
k__Bacteria;p__Bacteroidetes;c__Bacteroidia;o__Bacteroidales;f__Porphyromonadaceae;g__Parabacteroides;s__Parabacteroides_johnsonii	0.0276335115708	0.0257040901329	-0.0686709626463	-0.0241137884159	-0.0189841587333	-0.0828865877216	0.0124383884674	0.0034232600226	-0.0210801579142	0.0131912163145	-0.0735550971781	-0.0440504597325	0.0647353986108	-0.0120158107613	-0.0264366377155	0.0238367649776	-0.0267608051397	-0.0407926631205	-0.0382505270874	0.0451051325115	0.0522013449391	0.0157302713379	0.0106075407247	-0.0373507559227	-0.0327019332988	-0.0661855109086	-0.0362196956526	-0.0333240724711	1.0	0.00972669349947	-0.0197513385938	0.0220746924208	0.0702053030824	0.0313842762471	-0.0235409893179	-0.0599973893552	-0.0137513582627	0.00273835319775	-0.0522461612174	-0.00958384645267	0.0194645745128	-0.0381156185941	0.00126670405585	0.0159173762338	-0.0251718503409	0.0242857313549	-0.0433906086947	-0.0641328857854	0.026640369654	-0.0798712156497	-0.0197750189683	-0.0351837013659	-0.00812505093683	0.014138274047	0.00133457586975	-0.00111477048942	0.0152813200617	-0.00306748653493	0.0537315429959
k__Bacteria;p__Actinobacteria;c__Actinobacteria;o__Bifidobacteriales;f__Bifidobacteriaceae;g__Bifidobacterium;s__Bifidobacterium_longum	-0.105378145309	-0.0344744226444	-0.0271369819856	0.0326828675957	-0.051972728792	-0.033591553329	0.0339183578224	0.0379231756253	0.0115056961173	-0.00619129050887	-0.0889607589539	0.00968353080752	-0.0218089325102	-0.00528920160789	0.0470321937367	-0.0102068504206	0.0947932101312	0.00674548236036	-0.0387182477186	0.00482811778189	-0.00730288266938	-0.0479898954583	0.0663921560891	0.0184919480244	0.0124604893256	-0.065463176531	-0.00663824262402	-0.01558642934	0.00972669349947	1.0	0.0170302446531	-0.0313224403031	-0.018755334979	0.00585403987819	-0.000116305950368	-0.00188433418346	-0.0416716259506	0.0422470026021	-0.0203809402156	-0.00302809874233	-0.0150004922601	-0.0320550353816	0.014861499028	0.0339201595724	-0.0550096329045	-0.057798677174	-0.0397467404919	0.0403865921015	-0.0158275349487	-0.0347072841085	-0.0157852053856	-0.0221787050498	-0.051709446263	-0.0483822602772	-0.026629543276	0.0498454488467	-0.0145525733767	0.0383218512576	-0.0411589225256
