#taxonomy	k__Bacteria;p__Bacteroidetes;c__Bacteroidia;o__Bacteroidales;f__Bacteroidaceae;g__Bacteroides;s__Bacteroides_vulgatus	k__Bacteria;p__Bacteroidetes;c__Bacteroidia;o__Bacteroidales;f__Bacteroidaceae;g__Bacteroides;s__Bacteroides_uniformis	k__Bacteria;p__Bacteroidetes;c__Bacteroidia;o__Bacteroidales;f__Rikenellaceae;g__Alistipes;s__Alistipes_putredinis	k__Bacteria;p__Bacteroidetes;c__Bacteroidia;o__Bacteroidales;f__Prevotellaceae;g__Prevotella;s__Prevotella_copri	k__Bacteria;p__Bacteroidetes;c__Bacteroidia;o__Bacteroidales;f__Bacteroidaceae;g__Bacteroides;s__Bacteroides_stercoris	k__Bacteria;p__Bacteroidetes;c__Bacteroidia;o__Bacteroidales;f__Bacteroidaceae;g__Bacteroides;s__Bacteroides_ovatus	k__Bacteria;p__Bacteroidetes;c__Bacteroidia;o__Bacteroidales;f__Rikenellaceae;g__Alistipes;s__Alistipes_shahii	k__Bacteria;p__Firmicutes;c__Clostridia;o__Clostridiales;f__Ruminococcaceae;g__Faecalibacterium;s__Faecalibacterium_prausnitzii	k__Bacteria;p__Bacteroidetes;c__Bacteroidia;o__Bacteroidales;f__Rikenellaceae;g__Alistipes;s__Alistipes_finegoldii	k__Bacteria;p__Bacteroidetes;c__Bacteroidia;o__Bacteroidales;f__Porphyromonadaceae;g__Parabacteroides;s__Parabacteroides_distasonis	k__Bacteria;p__Bacteroidetes;c__Bacteroidia;o__Bacteroidales;f__Bacteroidaceae;g__Bacteroides;s__Bacteroides_thetaiotaomicron	k__Bacteria;p__Bacteroidetes;c__Bacteroidia;o__Bacteroidales;f__Bacteroidaceae;g__Bacteroides;s__Bacteroides_coprocola	k__Bacteria;p__Bacteroidetes;c__Bacteroidia;o__Bacteroidales;f__Bacteroidaceae;g__Bacteroides;s__Bacteroides_cellulosilyticus	k__Bacteria;p__Bacteroidetes;c__Bacteroidia;o__Bacteroidales;f__Rikenellaceae;g__Alistipes;s__Alistipes_obesi	k__Bacteria;p__Firmicutes;c__Clostridia;o__Clostridiales;f__Lachnospiraceae;g__;s__[Eubacterium]_rectale	k__Bacteria;p__Bacteroidetes;c__Bacteroidia;o__Bacteroidales;f__Bacteroidaceae;g__Bacteroides;s__Bacteroides_plebeius	k__Bacteria;p__Bacteroidetes;c__Bacteroidia;o__Bacteroidales;f__Bacteroidaceae;g__Bacteroides;s__Bacteroides_fragilis	k__Bacteria;p__Proteobacteria;c__Betaproteobacteria;o__Burkholderiales;f__Sutterellaceae;g__Sutterella;s__Sutterella_wadsworthensis	k__Bacteria;p__Bacteroidetes;c__Bacteroidia;o__Bacteroidales;f__Porphyromonadaceae;g__Barnesiella;s__Barnesiella_intestinihominis	k__Bacteria;p__Bacteroidetes;c__Bacteroidia;o__Bacteroidales;f__Odoribacteraceae;g__Odoribacter;s__Odoribacter_splanchnicus	k__Bacteria;p__Bacteroidetes;c__Bacteroidia;o__Bacteroidales;f__Bacteroidaceae;g__Bacteroides;s__Bacteroides_salyersiae	k__Bacteria;p__Firmicutes;c__Clostridia;o__Clostridiales;f__Ruminococcaceae;g__Ruminiclostridium;s__[Eubacterium]_siraeum	k__Bacteria;p__Proteobacteria;c__Betaproteobacteria;o__Burkholderiales;f__Sutterellaceae;g__Parasutterella;s__Parasutterella_excrementihominis	k__Bacteria;p__Actinobacteria;c__Actinobacteria;o__Bifidobacteriales;f__Bifidobacteriaceae;g__Bifidobacterium;s__Bifidobacterium_adolescentis	k__Bacteria;p__Firmicutes;c__Clostridia;o__Clostridiales;f__Oscillospiraceae;g__Oscillibacter;s__Oscillibacter_sp._KLE_1745	k__Bacteria;p__Bacteroidetes;c__Bacteroidia;o__Bacteroidales;f__Bacteroidaceae;g__Bacteroides;s__Bacteroides_coprophilus	k__Bacteria;p__Firmicutes;c__Clostridia;o__Clostridiales;f__Lachnospiraceae;g__Roseburia;s__Roseburia_intestinalis	k__Bacteria;p__Firmicutes;c__Clostridia;o__Clostridiales;f__Lachnospiraceae;g__Roseburia;s__Roseburia_hominis	k__Bacteria;p__Bacteroidetes;c__Bacteroidia;o__Bacteroidales;f__Porphyromonadaceae;g__Parabacteroides;s__Parabacteroides_johnsonii	k__Bacteria;p__Actinobacteria;c__Actinobacteria;o__Bifidobacteriales;f__Bifidobacteriaceae;g__Bifidobacterium;s__Bifidobacterium_longum	k__Bacteria;p__Firmicutes;c__Clostridia;o__Clostridiales;f__;g__Flavonifractor;s__Flavonifractor_plautii	k__Bacteria;p__Firmicutes;c__Clostridia;o__Clostridiales;f__Clostridiaceae;g__Clostridium;s__Clostridium_phoceensis	k__Bacteria;p__Verrucomicrobia;c__Verrucomicrobiae;o__Verrucomicrobiales;f__Akkermansiaceae;g__Akkermansia;s__Akkermansia_muciniphila	k__Bacteria;p__Bacteroidetes;c__Bacteroidia;o__Bacteroidales;f__Prevotellaceae;g__Paraprevotella;s__Paraprevotella_xylaniphila	k__Bacteria;p__Firmicutes;c__Clostridia;o__Clostridiales;f__Ruminococcaceae;g__Ruminococcus;s__Ruminococcus_callidus	k__Bacteria;p__Bacteroidetes;c__Bacteroidia;o__Bacteroidales;f__Rikenellaceae;g__Alistipes;s__Alistipes_senegalensis	k__Bacteria;p__Firmicutes;c__Clostridia;o__Clostridiales;f__Lachnospiraceae;g__Blautia;s__Blautia_sp._KLE_1732	k__Bacteria;p__Bacteroidetes;c__Bacteroidia;o__Bacteroidales;f__Bacteroidaceae;g__Bacteroides;s__Bacteroides_oleiciplenus	k__Bacteria;p__Firmicutes;c__Clostridia;o__Clostridiales;f__Ruminococcaceae;g__Ruminococcus;s__Ruminococcus_bicirculans	k__Bacteria;p__Bacteroidetes;c__Bacteroidia;o__Bacteroidales;f__Bacteroidaceae;g__Bacteroides;s__Bacteroides_fluxus	k__Bacteria;p__Bacteroidetes;c__Bacteroidia;o__Bacteroidales;f__Prevotellaceae;g__Prevotella;s__Prevotella_stercorea	k__Bacteria;p__Firmicutes;c__Clostridia;o__Clostridiales;f__Lachnospiraceae;g__Dorea;s__Dorea_longicatena	k__Bacteria;p__Firmicutes;c__Clostridia;o__Clostridiales;f__Eubacteriaceae;g__Eubacterium;s__[Eubacterium]_eligens	k__Bacteria;p__Firmicutes;c__Clostridia;o__Clostridiales;f__Ruminococcaceae;g__;s__Ruminococcaceae_bacterium_D16	k__Bacteria;p__Firmicutes;c__Clostridia;o__Clostridiales;f__Lachnospiraceae;g__Coprococcus;s__Coprococcus_comes	k__Bacteria;p__Proteobacteria;c__Gammaproteobacteria;o__Enterobacterales;f__Enterobacteriaceae;g__Escherichia;s__Escherichia_coli	k__Bacteria;p__Firmicutes;c__Clostridia;o__Clostridiales;f__Ruminococcaceae;g__Anaerotruncus;s__Anaerotruncus_colihominis	k__Bacteria;p__Firmicutes;c__Clostridia;o__Clostridiales;f__Lachnospiraceae;g__Blautia;s__Blautia_obeum	k__Bacteria;p__Bacteroidetes;c__Bacteroidia;o__Bacteroidales;f__Odoribacteraceae;g__Odoribacter;s__Odoribacter_laneus	k__Bacteria;p__Firmicutes;c__Clostridia;o__Clostridiales;f__Ruminococcaceae;g__Ruminiclostridium;s__[Clostridium]_leptum	k__Bacteria;p__Bacteroidetes;c__Bacteroidia;o__Bacteroidales;f__Porphyromonadaceae;g__Parabacteroides;s__Parabacteroides_goldsteinii	k__Bacteria;p__Firmicutes;c__Clostridia;o__Clostridiales;f__Lachnospiraceae;g__Anaerostipes;s__Anaerostipes_hadrus	k__Bacteria;p__Firmicutes;c__Clostridia;o__Clostridiales;f__Ruminococcaceae;g__Ruminococcus;s__Ruminococcus_lactaris	k__Bacteria;p__Firmicutes;c__Clostridia;o__Clostridiales;f__Clostridiaceae;g__Clostridium;s__Clostridium_sp._L2-50	k__Bacteria;p__Firmicutes;c__Clostridia;o__Clostridiales;f__Clostridiaceae;g__Clostridium;s__Clostridium_sp._M62/1	k__Bacteria;p__Firmicutes;c__Clostridia;o__Clostridiales;f__;g__Intestinimonas;s__Intestinimonas_butyriciproducens	k__Bacteria;p__Actinobacteria;c__Actinobacteria;o__Bifidobacteriales;f__Bifidobacteriaceae;g__Bifidobacterium;s__Bifidobacterium_bifidum	k__Bacteria;p__Firmicutes;c__Negativicutes;o__Veillonellales;f__Veillonellaceae;g__Dialister;s__Dialister_invisus	k__Bacteria;p__Bacteroidetes;c__Bacteroidia;o__Bacteroidales;f__Bacteroidaceae;g__Bacteroides;s__Bacteroides_salanitronis
k__Bacteria;p__Bacteroidetes;c__Bacteroidia;o__Bacteroidales;f__Bacteroidaceae;g__Bacteroides;s__Bacteroides_vulgatus	1.0	0.0487170900866	-0.0834882262683	0.00597082972585	-0.0120075236233	-0.000830843254682	-0.0386473529179	0.0947909258063	0.00370059300661	-0.0357088216178	0.00653747664875	0.0228088690739	0.0160828164758	-0.00755196041092	-0.0610229795292	-0.0824046224303	-0.0101547534989	0.110889794597	-0.0146746211228	0.0238047297494	-0.0669724282916	0.0394291293308	-0.0227374780573	-0.0313842891083	-0.00870023066664	-0.0746968183365	0.000700264167013	-0.00121756018204	-0.0474154157397	-0.064960234099	-0.0107988978881	-0.0206522005081	-0.023585820702	0.0072575826263	-0.0171574029888	0.00245888590204	-0.0249369763332	0.040605567598	0.019041529893	-0.0177320865455	0.0226357966943	0.00968281734096	0.00693578517529	0.0137984856377	0.0257338800336	-0.0345426920842	0.0161373848771	0.00488339368163	-0.0382862606743	-0.00916621723333	0.00791845018453	-0.0201518870368	-0.00982004748568	0.00602720207261	0.0757151657037	-0.0318677570243	-0.0144648057638	-0.0301913514412	-0.0641169601618
k__Bacteria;p__Bacteroidetes;c__Bacteroidia;o__Bacteroidales;f__Bacteroidaceae;g__Bacteroides;s__Bacteroides_uniformis	0.0487170900866	1.0	-0.0423074499084	-0.0350448255876	0.0572621967242	0.0270186636891	-0.0652571151905	0.0441995426783	-0.0185901113406	0.0159243822682	0.0198166850765	0.0212236035334	-0.0160490154448	0.0914243146023	0.00284897978274	-0.0289351436223	-0.0300627365924	-0.0480193447255	-0.0514032050781	0.0110614192197	-0.00660032183251	-0.0515454874039	0.0402413265297	0.00382329423422	0.0392922426998	0.00884183912227	0.0136993438695	-0.0503831596876	-0.00313756665364	-0.00452964569464	0.0187364638471	-0.0272726148877	0.0199621735913	0.0208151558146	0.0102814028484	-0.0434947495103	-0.0181018477728	0.0221272633213	-0.0069473783637	-0.00119300414953	0.0145010801894	-0.0146574061463	-0.0788745927998	-0.026563448705	-0.00793298702061	-0.00729396139942	-0.0257407116603	0.0210880619085	0.00883288842157	-0.0350738563028	0.0368736859598	-0.00904263349455	0.0517698286782	-0.0255952776493	0.00745141656936	-0.0542542383823	-0.0379634535332	-0.0425434664538	-0.0596869840146
k__Bacteria;p__Bacteroidetes;c__Bacteroidia;o__Bacteroidales;f__Rikenellaceae;g__Alistipes;s__Alistipes_putredinis	-0.0834882262683	-0.0423074499084	1.0	-0.0553882084173	-0.0495053794813	-0.0273715716056	-0.00276314440701	-0.0228252234321	-0.0353192503406	-0.0233394120334	-0.0785134998056	-0.027434982705	-0.0168268260974	-0.0771626660408	0.000527568189034	-0.00332165941467	0.00657029583485	-0.0558676545017	-0.0312426240847	-0.0641345605199	0.0253739084122	0.0532644933744	-0.061033944388	0.00579013858066	-0.000687468839606	0.0168096360465	0.034774005952	0.0134258595901	-0.0225529802806	-0.0371919880196	-0.0148097835991	0.0349194502975	0.0139123322773	-0.0547431770539	-0.0812528820601	0.0515090877535	0.00378338515503	0.0513953509364	0.00470328868832	0.043936010819	-0.0552971716607	0.00240962875551	-0.00137933189676	0.00232811972787	0.0243334319102	0.0435805632363	-0.0179935026101	-0.00429420998492	0.035650832095	-0.0132427213133	-0.0304966347448	0.0385770444681	0.0539558659828	-0.0869144743764	0.0383556691553	-0.00120439372157	-0.0323999479526	0.0124273490049	-0.0134313715276
k__Bacteria;p__Bacteroidetes;c__Bacteroidia;o__Bacteroidales;f__Prevotellaceae;g__Prevotella;s__Prevotella_copri	0.00597082972585	-0.0350448255876	-0.0553882084173	1.0	0.0175640715344	-0.0366956621577	0.0182487977977	-0.0155787108125	-0.0670314635237	0.00969519990942	-0.00765576991443	0.0392173652245	-0.00355384365497	-0.0355847184372	0.0481948295991	0.0329327459114	-0.0214463547845	-0.0520822050932	-0.0241064540934	0.0378704071658	-0.00451472443826	0.0103890849121	-0.0104657880171	-0.00916696719709	-0.0194036265437	-0.0622910518633	-0.0219414777784	0.0174584270405	0.0126238030398	-0.00565027757655	-0.00499517955415	0.0205702625747	-0.0396948731434	0.0178834564344	-0.00834143783076	0.0329400481887	-0.0476334118959	0.0251539762838	0.0710448557894	0.00447303320327	-0.0386366610538	0.00502590604069	-0.0153921092419	-0.0488657389	0.0372892238274	-0.0435770583475	0.00953799478017	-0.0370819217978	-0.0204335311995	-0.0313306328778	0.0656978708719	-0.0281226115224	-0.0713792858706	-0.0249635162313	0.00227074530826	-0.0540990300331	-0.0271582074745	0.00771849201775	-0.00332566086857
k__Bacteria;p__Bacteroidetes;c__Bacteroidia;o__Bacteroidales;f__Bacteroidaceae;g__Bacteroides;s__Bacteroides_stercoris	-0.0120075236233	0.0572621967242	-0.0495053794813	0.0175640715344	1.0	0.00182154960917	-0.0134331268972	0.0703248453701	-0.0141959872135	-0.0388363295059	-0.00066350664695	-0.0183526177684	0.0640743378378	0.0199908371945	-0.00804805564251	-0.0357059113239	-0.0160655379577	-0.081844556513	-0.00405108907408	-0.0287492394797	-0.0218409780465	-0.00100651719752	0.0385816371342	0.000218999381643	0.0499865122229	-0.0234955443766	-0.0157421223564	-0.0237448057612	-0.0419475554509	0.0394034848931	-0.0046478375963	0.079135460778	0.0383531782325	0.0243216462054	-0.0186827734969	-0.0687867511767	-0.0079562444073	-0.0375745908991	0.00162008236221	-0.0219342717707	-0.0588819660359	-0.0822273131597	-0.00143942861849	0.00329456656728	0.0231973387941	-0.0382642055885	0.0233764417286	0.0365173491309	-0.0181733713296	0.0938695746401	-0.00316110520286	0.0705633719116	-0.0145899739348	-0.0400197687536	-0.0479092393974	-0.0233725240946	0.0216797274272	-0.0586942051866	-0.05112402106
k__Bacteria;p__Bacteroidetes;c__Bacteroidia;o__Bacteroidales;f__Bacteroidaceae;g__Bacteroides;s__Bacteroides_ovatus	-0.000830843254682	0.0270186636891	-0.0273715716056	-0.0366956621577	0.00182154960917	1.0	-7.3145050163e-05	-0.081660508154	0.0419052904196	-0.00243108221045	0.00846326340915	0.0145681699487	0.00253204876679	0.00836817083716	-0.0417997927134	0.0574002325965	0.00717046637078	-0.0357222998763	-0.0443249320397	0.0333074638582	-0.038224814925	0.0311557223777	0.0082040547127	-0.00829270718427	0.0536333024222	0.00814572482492	-0.00912550935702	-0.0158952530778	0.00153101684773	0.000910087650832	-0.00901623834333	-0.0254336445424	0.0312744980965	-0.0610098664578	-0.0468147795541	-0.00813125868421	-0.00185708101168	0.0720828469329	0.0331229901589	0.0156294449743	-0.00353916753512	-0.065739672215	-0.00525521755044	0.0567179139211	-0.0195117246861	0.0476012408408	-0.0185697065796	0.0140571721863	0.00362105616749	0.0387143459822	-0.0340149108019	-0.0337558812618	-0.0834483582246	-0.00611368082875	0.00144067049129	-0.0394106857052	0.00325636422543	-0.0312882276647	-0.0278294522743
k__Bacteria;p__Bacteroidetes;c__Bacteroidia;o__Bacteroidales;f__Rikenellaceae;g__Alistipes;s__Alistipes_shahii	-0.0386473529179	-0.0652571151905	-0.00276314440701	0.0182487977977	-0.0134331268972	-7.31450501631e-05	1.0	-0.0425465075556	0.063152661155	0.00664488521698	-0.0297093015981	-0.0489154013291	-0.0671644866956	0.0298605048169	-0.0191783325938	0.0106182480771	0.0336650866937	-0.0543039338557	-0.000208788345448	-0.00852945020816	-0.0620973509219	-0.00274459921328	-0.0293776605441	0.0605245762536	0.0131407801739	0.018057651831	0.0179930170071	-0.12514509782	0.0419483117216	-0.0255322186799	-0.0383103663023	0.00856838570021	0.00492260055906	0.0144937603083	-0.097498213703	-0.0169387375571	-0.0156190118826	0.0517531833054	0.0175920671266	-0.0132407043388	-0.0206610417353	0.00712253026523	-0.0209901908698	-0.0054232714144	-0.00861080139119	-0.0225467763804	-0.0243739118267	0.0349590934909	0.0104929554432	-0.0483602550208	-0.0281971359975	0.0688695058624	0.0312721702468	0.0112071511861	-0.0134663024361	0.0236227084944	0.0196034011072	0.0409219373721	0.015617958501
k__Bacteria;p__Firmicutes;c__Clostridia;o__Clostridiales;f__Ruminococcaceae;g__Faecalibacterium;s__Faecalibacterium_prausnitzii	0.0947909258063	0.0441995426783	-0.0228252234321	-0.0155787108125	0.0703248453701	-0.081660508154	-0.0425465075556	1.0	-0.0584283810827	-0.0904624055103	0.0281206223586	-0.0127114915055	0.0215675698046	0.00178003469735	-0.028743781841	0.0256218144514	-0.0235508093155	-0.0442761385446	-0.0234815288543	-0.0240758511203	0.002681685903	-0.00465512173192	-0.0400704521769	0.0390686699161	-0.00581021665548	-0.0046373357575	-0.0467761606539	0.0386101815773	0.0290245050081	-0.0614889174821	0.0321285113311	-0.0438901937505	0.0197374653784	-0.00775101971277	0.0111079289452	-0.0835573974997	0.000991991096234	0.0650627622578	-0.0329777774453	0.0381827101866	0.0844475528046	0.0152863802563	-0.0480785226722	-0.00856747519218	-0.0139105301783	-0.017589511215	-0.0864118285477	0.0505182241816	0.00111619886681	-0.0382126771427	0.00240935789678	0.00285907553798	-0.00100503075568	-0.0298664647769	-0.0479717401935	-0.0678086577562	-0.028036605107	-0.0355380736743	-0.0974267387728
k__Bacteria;p__Bacteroidetes;c__Bacteroidia;o__Bacteroidales;f__Rikenellaceae;g__Alistipes;s__Alistipes_finegoldii	0.00370059300661	-0.0185901113406	-0.0353192503406	-0.0670314635237	-0.0141959872135	0.0419052904196	0.063152661155	-0.0584283810827	1.0	-0.0194193902564	-0.044365411785	-0.0264900236153	-0.0252049067602	0.030210275589	-0.00785754593134	-0.0156225745051	0.0137153268545	-0.0346175666575	-0.00679442712	0.00244804251039	0.0278883587627	-0.0471893189151	-0.0878082309355	-0.0529642565415	0.00321928761246	0.0552054603341	-0.00250035898868	-0.0331103885432	0.0239870096235	-0.00812438501819	0.0213168384368	0.0368354493744	-0.053635470414	-0.0261650635848	0.0116167738878	-0.00737248106709	-0.0383370924508	0.0511590872534	0.0165349192255	-0.0195562722826	0.00242079696432	0.0516828747318	-0.000527616574153	0.0254399010689	-0.0686348668738	0.0353247062428	-0.0829190713215	-0.0253458927939	-0.00174096865631	-0.0844622714139	0.0298085370785	-0.0341154805799	0.0329537483337	-0.0229030041641	-0.032384208506	0.0357791325926	-0.00394121195319	0.0197264385186	0.0486551253686
k__Bacteria;p__Bacteroidetes;c__Bacteroidia;o__Bacteroidales;f__Porphyromonadaceae;g__Parabacteroides;s__Parabacteroides_distasonis	-0.0357088216178	0.0159243822682	-0.0233394120334	0.00969519990942	-0.0388363295059	-0.00243108221045	0.00664488521698	-0.0904624055103	-0.0194193902564	1.0	-0.0302984138783	-0.00239397764129	0.0144008271814	-0.0115336098646	0.0164383136299	-0.0727349422396	-0.00863189827821	-0.00744636429843	-0.0377153707767	-0.00546972025751	-0.028046281543	-0.028606350659	0.0452377107799	-0.070464581612	0.00575248780532	-0.0654281643693	0.0215582674791	0.0223769012324	0.0657122843607	0.0269179550301	0.0191218900369	0.0390368849389	0.0188409600574	-0.0396404024225	0.0302727011007	-0.0378815729681	-0.0245941392313	0.0479189789864	0.0519798845835	0.0147069536588	-0.0189331197176	-0.0274447227801	0.0268311105675	0.0105673651019	-0.0267808248224	0.00612672767847	-0.0608071919588	0.0251605071711	0.0286989527714	0.0145480151267	-0.0287800168766	-0.0120722079974	0.0398478426785	-0.0449452699096	-0.00113718582529	0.0193532845289	-0.0247398167526	-0.0453914438687	-0.04912991663
k__Bacteria;p__Bacteroidetes;c__Bacteroidia;o__Bacteroidales;f__Bacteroidaceae;g__Bacteroides;s__Bacteroides_thetaiotaomicron	0.00653747664875	0.0198166850765	-0.0785134998056	-0.00765576991443	-0.00066350664695	0.00846326340915	-0.0297093015981	0.0281206223586	-0.044365411785	-0.0302984138783	1.0	0.0173827060964	-0.00236291644709	0.0309398492921	-0.0428094820918	0.0143072960804	-0.0100777819499	-0.00220213282257	0.0233555434105	0.0482321566141	-0.00587949214743	0.0237558234184	-0.0670304767117	-0.0426041296555	0.00476041006974	0.0820008151164	-0.0450236757856	0.011641553967	-0.00619213860557	-0.0652336895784	-0.0286702516001	-0.068160144103	0.0145497985648	-0.0104442492705	-0.00342556855231	-0.0422850418683	-0.00933700173569	0.0144778769379	-0.0266668046396	-0.0630636087962	0.0707183902209	-0.00580153060113	-0.0403612997663	-0.0296378313451	0.015411281553	-0.0393204324727	0.0157126983303	-0.0190842360016	0.00510347794645	0.016657524256	-0.030934258924	-0.0324061981127	-0.0193769077698	0.0948254199891	-0.0337974001503	-0.0347370706596	-0.0180011224407	-0.0266839073483	-0.0544088323489
k__Bacteria;p__Bacteroidetes;c__Bacteroidia;o__Bacteroidales;f__Bacteroidaceae;g__Bacteroides;s__Bacteroides_coprocola	0.0228088690739	0.0212236035334	-0.027434982705	0.0392173652245	-0.0183526177684	0.0145681699487	-0.0489154013291	-0.0127114915055	-0.0264900236153	-0.00239397764129	0.0173827060964	1.0	0.0283526004006	0.0259109424575	0.0486226714511	-0.0155642861884	-0.0117777126376	0.0240549773735	-0.0249959648859	-0.0432600070541	0.0474811053967	-0.0426123712627	0.0197688683523	0.0310201432915	-0.0247800933011	-0.0250442844938	-0.000537061144032	-0.00569329560173	-0.0290732071051	0.0447462236536	-0.0113647981959	-0.0270795570501	-0.0391536628154	0.0172525766382	0.00771775292136	0.0317679369586	-0.0357637529043	-0.0466843740408	0.0163803476399	0.0260128742911	0.0179800125072	-0.0500726802561	0.0147030231071	-0.0429363916153	-0.0545323947796	-0.0125302224767	-0.00902914506898	0.00150117318535	0.0474971455974	-0.0125445679737	-0.0287779314472	-0.0182603876234	-0.0146791830141	0.0295774965453	0.0241090663437	0.0173256058739	3.2530221975e-05	0.0374877538526	-0.0722302299423
k__Bacteria;p__Bacteroidetes;c__Bacteroidia;o__Bacteroidales;f__Bacteroidaceae;g__Bacteroides;s__Bacteroides_cellulosilyticus	0.0160828164758	-0.0160490154448	-0.0168268260974	-0.00355384365497	0.0640743378378	0.00253204876679	-0.0671644866956	0.0215675698046	-0.0252049067602	0.0144008271814	-0.00236291644709	0.0283526004006	1.0	0.0148225611634	-0.034419263892	0.0129201098545	-0.0714423464555	-0.00125730237586	-0.0561877212475	0.0467600630437	-0.044743993817	0.00427478293373	0.0643258758702	-0.0112964482061	0.0129799728327	0.0137460959023	-0.00217601843573	-0.0582482123702	-0.035642071412	-0.0568698208499	-0.00970728572309	-0.00911535884959	0.0227596814756	-0.000342342654918	-0.0168075269106	-0.0203699636928	0.0571150596016	0.00958715062283	-0.0414786750864	0.0359327060696	-0.00168480191424	0.00651667925172	-0.0173942368053	0.0146032494515	0.000454121426297	-0.0333626107625	-0.0590673272635	0.0124788946235	-0.0472452918553	0.0338219237365	-0.0455867129616	0.0207201842619	-0.0175634808796	0.039690298928	0.0244422135148	-0.0147876629039	-0.023913222661	0.0598738723401	-0.0436932694676
k__Bacteria;p__Bacteroidetes;c__Bacteroidia;o__Bacteroidales;f__Rikenellaceae;g__Alistipes;s__Alistipes_obesi	-0.00755196041092	0.0914243146023	-0.0771626660408	-0.0355847184372	0.0199908371945	0.00836817083716	0.0298605048169	0.00178003469735	0.030210275589	-0.0115336098646	0.0309398492921	0.0259109424575	0.0148225611634	1.0	0.00565441479445	-0.0871575501636	-0.00666660052235	0.067913582437	-0.0229204558332	-0.0598260979911	0.0212860542726	0.00796792969788	-0.0192661454501	-0.0277757569755	-0.0895006695264	-0.0546808130526	0.0312554829842	-0.0243910929466	-0.079177902324	-0.0185348679428	-0.0545960498088	-0.043911937259	-0.0371672371826	0.0274123523382	0.00472620501171	0.00277993311345	-0.0356438444912	0.0329246369624	-0.0242729896003	0.0262020448016	0.0445761641351	-0.0166433414356	-0.0468492717716	-0.00339262253863	0.0540147546253	0.0185506839095	0.0309763688179	-0.00807868074834	-0.000882443107755	-0.0176480168421	0.0232488578681	-0.0277814660117	-0.0625011354213	-0.0372213182673	-0.0716649559144	0.0239366860679	-0.0499956351104	-0.00122381487348	-0.0375382610365
k__Bacteria;p__Firmicutes;c__Clostridia;o__Clostridiales;f__Lachnospiraceae;g__;s__[Eubacterium]_rectale	-0.0610229795292	0.00284897978274	0.000527568189034	0.0481948295991	-0.00804805564251	-0.0417997927134	-0.0191783325938	-0.028743781841	-0.00785754593134	0.0164383136299	-0.0428094820918	0.0486226714511	-0.034419263892	0.00565441479445	1.0	0.0505763129391	0.00935832011621	0.036926272995	-0.0408537288589	-0.00326998623472	0.0293883599266	-0.00195999753267	-0.0498480122152	-0.0234990441005	-0.0659674330313	0.0195269501096	0.0453128523337	0.00144527487987	0.0476744704164	-0.0417743106733	-0.0332442949801	0.0278716274479	0.00220609321667	0.0483705681323	-0.00456325751823	0.00978507670341	0.045678713147	-0.0284770994634	-0.0241293415261	0.0172806001964	-0.0817799598065	-0.0794101556084	0.063442883252	0.00325073652399	-0.0356724878038	0.00280428920115	0.0299847571155	-0.0128215147152	-0.0849970961419	0.0705703538544	0.0459024603311	-0.0550519862542	-0.0127509345703	-0.00273032393242	0.02669072483	0.0385780682555	0.0534476921531	0.0166370870622	0.0465052659265
k__Bacteria;p__Bacteroidetes;c__Bacteroidia;o__Bacteroidales;f__Bacteroidaceae;g__Bacteroides;s__Bacteroides_plebeius	-0.0824046224303	-0.0289351436223	-0.00332165941467	0.0329327459114	-0.0357059113239	0.0574002325965	0.0106182480771	0.0256218144514	-0.0156225745051	-0.0727349422396	0.0143072960804	-0.0155642861884	0.0129201098545	-0.0871575501636	0.0505763129391	1.0	0.0103048054614	-0.0102245257392	-0.0242320234508	-0.0391393226096	0.00161513900846	0.0327753276614	0.027150304446	-0.03257714135	-0.0107557681493	0.0296237624677	0.0184971692092	0.0164694033706	-0.00973479635384	0.0296058518104	-0.0229954135458	0.0472573276915	0.0633005964068	0.0117857120368	0.0181818823545	0.0015045322347	0.0155855959811	-0.0311569729731	0.00495409356403	0.0132832749923	-0.0494044599887	-0.0195029779039	-0.0537319173544	-0.00121353569201	-0.0556673392033	0.0179487474393	-0.00695541864092	0.00118638370622	0.0089056514755	-0.0213997941868	-0.00554284434523	0.0324676431612	0.00887961729983	0.0454402179429	0.00697957984072	-0.0267054792693	-0.0316537598935	-0.0429328413316	-0.00914398961567
k__Bacteria;p__Bacteroidetes;c__Bacteroidia;o__Bacteroidales;f__Bacteroidaceae;g__Bacteroides;s__Bacteroides_fragilis	-0.0101547534989	-0.0300627365924	0.00657029583485	-0.0214463547845	-0.0160655379577	0.00717046637078	0.0336650866937	-0.0235508093155	0.0137153268545	-0.00863189827821	-0.0100777819499	-0.0117777126376	-0.0714423464555	-0.00666660052235	0.00935832011621	0.0103048054614	1.0	-0.0319672992795	-0.186287004386	0.0166905164629	0.0477427869999	-0.0425642334565	0.00234456848199	-0.0123746598422	0.00818981432348	-0.0332909709953	0.0203260412961	-0.00636638536635	0.0125979189617	0.0450403253389	0.0266739705158	-0.00293271306202	-0.0341509904476	-0.0282142323814	0.0355512910206	0.00731385320738	0.0116699594481	-0.0638422546927	0.00184124455478	-0.00384252083413	0.00343293661707	-0.0245698646222	-0.00776341234793	0.0180506231329	-0.00106746481798	-0.0346708498091	-0.0459727804301	-0.05211106899	-0.0494213585708	0.0036587286877	-0.0326716903037	-0.000789234708304	-0.0291364613301	0.0555856293151	-0.0350856946077	-0.0905850216085	-0.0432612555108	0.0422859752462	0.0540846749598
k__Bacteria;p__Proteobacteria;c__Betaproteobacteria;o__Burkholderiales;f__Sutterellaceae;g__Sutterella;s__Sutterella_wadsworthensis	0.110889794597	-0.0480193447255	-0.0558676545017	-0.0520822050932	-0.081844556513	-0.0357222998763	-0.0543039338557	-0.0442761385446	-0.0346175666575	-0.00744636429843	-0.00220213282257	0.0240549773735	-0.00125730237586	0.067913582437	0.036926272995	-0.0102245257392	-0.0319672992795	1.0	0.0166473185894	0.0249108380955	-0.0373833944638	-0.0641872835256	-0.0184202097114	0.00236535074832	0.021582745886	0.0359241753392	0.0336774000812	-0.0426026277139	-0.0611466868361	-0.0536648451871	-0.00087065394963	0.0263712275043	-0.0306953129589	-0.0178798851141	-0.00411492195418	0.0257217162845	0.0180753847648	-0.116350509471	-0.00821891089679	-0.0337373943617	-0.00565856791184	0.00310244649179	0.042634228007	0.00193664699411	-0.0266022615353	0.0406185686159	0.0656290126974	0.0181174065369	0.00717913122226	-0.00662148981268	-0.0225129090178	-0.0157163606942	0.0594496305592	0.0241573130269	0.00898823438688	0.0101551170866	0.00400120564958	0.00958860342294	-0.0144946990555
k__Bacteria;p__Bacteroidetes;c__Bacteroidia;o__Bacteroidales;f__Porphyromonadaceae;g__Barnesiella;s__Barnesiella_intestinihominis	-0.0146746211228	-0.0514032050781	-0.0312426240847	-0.0241064540934	-0.00405108907408	-0.0443249320397	-0.000208788345448	-0.0234815288543	-0.00679442712	-0.0377153707767	0.0233555434105	-0.0249959648859	-0.0561877212475	-0.0229204558332	-0.0408537288589	-0.0242320234508	-0.186287004386	0.0166473185894	1.0	0.0281117598172	-0.0423207067456	0.0538966732027	0.00776908462224	0.0388912766975	0.0353225485417	0.00564752444214	-0.0162834050619	0.0198258607285	-0.0295429409142	0.0246072136476	-0.0335760653909	-0.0206761694505	-0.00595262510892	-0.00925476032132	-0.0482669668547	0.00585512860262	-0.0372456207955	-0.0144406451134	0.0133819820969	-0.037365054036	0.00235195892391	-0.0578518806011	-0.01373877961	0.00403010762369	-0.0556076182693	-0.00944866964297	0.0209076120157	0.0282004327822	0.0304482134078	-0.0166523678059	0.014818574342	-0.00597093300497	-0.0216342339622	-0.0284370674792	0.0529921517167	0.0400432265222	-0.0349555051631	-0.0553843780451	0.00347603924857
k__Bacteria;p__Bacteroidetes;c__Bacteroidia;o__Bacteroidales;f__Odoribacteraceae;g__Odoribacter;s__Odoribacter_splanchnicus	0.0238047297494	0.0110614192197	-0.0641345605199	0.0378704071658	-0.0287492394797	0.0333074638582	-0.00852945020816	-0.0240758511203	0.00244804251039	-0.00546972025751	0.0482321566141	-0.0432600070541	0.0467600630437	-0.0598260979911	-0.00326998623472	-0.0391393226096	0.0166905164629	0.0249108380955	0.0281117598172	1.0	-0.0300865997414	-0.043043842923	-0.040547718867	0.0166098477848	0.028832587272	0.0338935744698	-0.0416934210766	-0.0159149788138	-0.0364924526217	-0.00580783056844	0.0314246738955	0.0140620111212	-0.0309648724077	-0.0641060240404	0.00641704674966	-0.0474832947982	-0.0124519817042	-0.000614260012246	-0.0218880074399	-0.0275741831171	0.00963766045582	0.0227559690167	-0.0230039223559	0.021577973864	0.0142418073541	-0.0382995205574	-0.0704138323693	0.0427912625836	-0.0600080144436	0.00218788325724	-0.0803517695901	-0.0853891525113	0.00743201325593	-0.0609026435607	0.0405666306281	0.0300499938358	0.0217050284831	-0.00770441623283	-0.00142609573004
k__Bacteria;p__Bacteroidetes;c__Bacteroidia;o__Bacteroidales;f__Bacteroidaceae;g__Bacteroides;s__Bacteroides_salyersiae	-0.0669724282916	-0.00660032183251	0.0253739084122	-0.00451472443826	-0.0218409780465	-0.038224814925	-0.0620973509219	0.002681685903	0.0278883587627	-0.028046281543	-0.00587949214743	0.0474811053967	-0.044743993817	0.0212860542726	0.0293883599266	0.00161513900846	0.0477427869999	-0.0373833944638	-0.0423207067456	-0.0300865997414	1.0	0.0351805441785	-0.00893771549028	0.0482103277589	-0.0941669324897	-0.0768692852729	0.0255842186399	0.019768721766	0.00649606186204	-0.0134452213036	-0.027231733019	-0.00922922880836	0.00177278909151	-0.0490526416807	-0.0630218097996	-0.0169222163506	0.0543217017093	0.00699953997416	-0.0138682491529	0.00422469934777	-0.0113244508948	0.0159639876569	-0.0605089846655	-0.0534672906798	-0.0623510493761	0.0269203967285	0.0231125610003	-0.00485349177655	0.0417533017322	-0.0375234687881	0.0173234321797	0.0274347061513	0.0101022800311	-0.0471074879061	-0.0180798488602	0.00700399176555	-0.000222707670764	0.0197344924256	0.0468808924236
k__Bacteria;p__Firmicutes;c__Clostridia;o__Clostridiales;f__Ruminococcaceae;g__Ruminiclostridium;s__[Eubacterium]_siraeum	0.0394291293308	-0.0515454874039	0.0532644933744	0.0103890849121	-0.00100651719752	0.0311557223777	-0.00274459921328	-0.00465512173192	-0.0471893189151	-0.028606350659	0.0237558234184	-0.0426123712627	0.00427478293373	0.00796792969788	-0.00195999753267	0.0327753276614	-0.0425642334565	-0.0641872835256	0.0538966732027	-0.043043842923	0.0351805441785	1.0	-0.0208755916419	-0.0406234074922	0.0110802956756	-0.0385652613995	0.0330179432507	0.00446470308005	0.024356349415	0.0209508860683	-0.0580146755931	-0.0242044224973	-0.0223976471147	-0.0794854167686	-0.0108734578917	0.0214109421561	0.0140845189493	0.0225568302542	-0.0578776734003	-0.00804992261454	0.06127563767	-0.0723466961591	-0.0567855055547	-0.056404610599	-0.0278377821473	0.0308407033711	-0.0234757606201	-0.0152965026667	-0.0460281266469	-0.0532158286836	0.0126588523789	0.00264782916464	0.0161862935281	-0.0371773925446	0.0665020279132	0.0265609827887	0.0169094139419	-0.0552886011954	-0.0612119266642
k__Bacteria;p__Proteobacteria;c__Betaproteobacteria;o__Burkholderiales;f__Sutterellaceae;g__Parasutterella;s__Parasutterella_excrementihominis	-0.0227374780573	0.0402413265297	-0.061033944388	-0.0104657880171	0.0385816371342	0.0082040547127	-0.0293776605441	-0.0400704521769	-0.0878082309355	0.0452377107799	-0.0670304767117	0.0197688683523	0.0643258758702	-0.0192661454501	-0.0498480122152	0.027150304446	0.00234456848199	-0.0184202097114	0.00776908462224	-0.040547718867	-0.00893771549028	-0.0208755916419	1.0	0.0145853148643	-0.00857649040013	-0.00829508987076	0.0384502697292	-0.0450009964062	-0.0375619066557	-0.0556973622612	-0.0324803365564	-0.0656152461917	0.0600923937425	-0.0258633956737	0.0249033511807	-0.0570533495058	-0.0246825117862	-0.00343231607435	0.0274371663816	0.00129300098141	-0.0271804726422	-0.0338151752029	0.0477797762525	-0.00885393175058	0.0283061874868	-0.0205233631462	0.0269658999074	-0.0157669156494	0.0129868755613	-0.0237828212873	0.0138721506738	-0.000351298118069	0.0492638376383	0.0215546515191	-0.0115131694916	-0.0322085783426	-0.0376969613495	-0.0528968874445	0.0411350196585
k__Bacteria;p__Actinobacteria;c__Actinobacteria;o__Bifidobacteriales;f__Bifidobacteriaceae;g__Bifidobacterium;s__Bifidobacterium_adolescentis	-0.0313842891083	0.00382329423422	0.00579013858066	-0.00916696719709	0.000218999381643	-0.00829270718427	0.0605245762536	0.0390686699161	-0.0529642565415	-0.070464581612	-0.0426041296555	0.0310201432915	-0.0112964482061	-0.0277757569755	-0.0234990441005	-0.03257714135	-0.0123746598422	0.00236535074832	0.0388912766975	0.0166098477848	0.0482103277589	-0.0406234074922	0.0145853148643	1.0	0.0195455442998	-0.0218596726601	-0.0418919782653	0.0348997961905	0.0268336632769	0.0530235503177	-0.0296963520008	0.0779662924154	-0.0549203645478	-0.0195076428897	-0.0212121635187	0.0320346553935	-0.0412119195089	0.0502482421936	-0.0252662111446	-0.0409204846438	0.0302166032472	-0.0165862648196	0.0460229549972	-0.0332173044953	-0.0202208462993	-0.0631263870114	0.0176537868663	0.00673867610271	-0.0196291090087	-0.0210886236396	0.00220870994823	-0.0235492797146	-0.0247777404994	0.0296742617707	-0.0243581272902	-0.0170562348504	0.00120803714728	-0.0875992021558	-0.068372909285
k__Bacteria;p__Firmicutes;c__Clostridia;o__Clostridiales;f__Oscillospiraceae;g__Oscillibacter;s__Oscillibacter_sp._KLE_1745	-0.00870023066664	0.0392922426998	-0.000687468839605	-0.0194036265437	0.0499865122229	0.0536333024222	0.0131407801739	-0.00581021665548	0.00321928761246	0.00575248780532	0.00476041006974	-0.0247800933011	0.0129799728327	-0.0895006695264	-0.0659674330313	-0.0107557681493	0.00818981432348	0.021582745886	0.0353225485417	0.028832587272	-0.0941669324897	0.0110802956756	-0.00857649040013	0.0195455442998	1.0	-0.0480005259358	-0.0354005165642	0.00103339291518	0.0726186884022	-0.042001932993	0.0136788620936	-0.00386143268891	-0.0775139916044	-0.0457255130427	0.028163380332	-0.00858518173446	-0.0475044362574	0.0146825562184	-0.012198525828	-0.0270555638737	0.00229295930532	-0.0124689511306	-0.00174950200397	0.0131942810792	-0.0211635964371	-0.0377344262565	0.0430504371875	-0.0220309704904	-0.01368657752	-0.0372994323395	0.0235905493221	0.0277839322529	-0.027781975947	-0.0265966289409	0.0306095899288	0.0226939275773	-0.0387348797701	-0.0305213576632	-0.00783868056455
k__Bacteria;p__Bacteroidetes;c__Bacteroidia;o__Bacteroidales;f__Bacteroidaceae;g__Bacteroides;s__Bacteroides_coprophilus	-0.0746968183365	0.00884183912227	0.0168096360465	-0.0622910518633	-0.0234955443766	0.00814572482492	0.018057651831	-0.0046373357575	0.0552054603341	-0.0654281643693	0.0820008151164	-0.0250442844938	0.0137460959023	-0.0546808130526	0.0195269501096	0.0296237624677	-0.0332909709953	0.0359241753392	0.00564752444214	0.0338935744698	-0.0768692852729	-0.0385652613995	-0.00829508987076	-0.0218596726601	-0.0480005259358	1.0	0.0477118884793	0.00949175453439	-0.0146637046875	-0.0757963383311	-0.0244718628882	0.0288901224935	-0.010717825345	-0.00177258962756	-0.00066979333092	0.000885847226854	-0.0052474756895	-0.0179210336959	-0.0379926072549	-0.0145083022291	0.0208175550858	0.052742672387	-0.0842657090942	-0.0331445877324	0.0185997781047	-0.0337172508089	0.0640045280047	-0.00666932211778	0.00708440269746	-0.0322962129989	0.0335669960431	-0.0379646244749	-0.0608731415134	-0.0251963983302	0.0254149897923	-0.0831229806319	0.0113479832015	0.0348073465171	0.02443668193
k__Bacteria;p__Firmicutes;c__Clostridia;o__Clostridiales;f__Lachnospiraceae;g__Roseburia;s__Roseburia_intestinalis	0.000700264167013	0.0136993438695	0.034774005952	-0.0219414777784	-0.0157421223564	-0.00912550935702	0.0179930170071	-0.0467761606539	-0.00250035898868	0.0215582674791	-0.0450236757856	-0.000537061144032	-0.00217601843573	0.0312554829842	0.0453128523337	0.0184971692092	0.0203260412961	0.0336774000812	-0.0162834050619	-0.0416934210766	0.0255842186399	0.0330179432507	0.0384502697292	-0.0418919782653	-0.0354005165642	0.0477118884793	1.0	-0.0183802155089	0.000827277514031	0.00437598908469	-0.0185364810648	0.00316644869384	-0.0578064257759	0.00106443798896	0.00697649338813	0.0225985290924	-0.0577513398912	0.0250399182665	0.0644625933621	-0.0492402196746	0.0150973031421	-0.0451359572337	-0.0139952939634	0.0343724318121	0.0389280752001	-0.0391030286825	0.0398324613318	-0.023420525714	-0.0437314592871	-0.000763653668891	-0.00320735578751	-0.013916871272	-0.0375514377494	-0.0487075700929	-0.0663073051331	-0.0685550600953	-0.0120128509553	-0.00786494173738	0.000208770909858
k__Bacteria;p__Firmicutes;c__Clostridia;o__Clostridiales;f__Lachnospiraceae;g__Roseburia;s__Roseburia_hominis	-0.00121756018204	-0.0503831596876	0.0134258595901	0.0174584270405	-0.0237448057612	-0.0158952530778	-0.12514509782	0.0386101815773	-0.0331103885432	0.0223769012324	0.011641553967	-0.00569329560173	-0.0582482123702	-0.0243910929466	0.00144527487987	0.0164694033706	-0.00636638536635	-0.0426026277139	0.0198258607285	-0.0159149788138	0.019768721766	0.00446470308005	-0.0450009964062	0.0348997961905	0.00103339291518	0.00949175453439	-0.0183802155089	1.0	0.0126169778442	-0.0379332026438	-0.0297434237954	-0.00929852418507	-0.0319544329297	0.0435880960021	0.0592184158274	0.0683121843556	-0.0496307213435	0.00335045171422	-0.0650495628141	0.0546084732125	0.00923111844044	0.025227354903	0.0189211930502	-0.0565373743031	0.0151831834986	-0.0352285388387	-0.0287326209513	-0.0166987102497	-0.00582810827027	0.00198735060094	0.0376993645771	0.0146590677824	0.0164693326571	-0.0261506596156	-0.0379327832288	-0.0495305825341	-0.0546810621051	0.00968329156904	-0.000905012681209
k__Bacteria;p__Bacteroidetes;c__Bacteroidia;o__Bacteroidales;f__Porphyromonadaceae;g__Parabacteroides;s__Parabacteroides_johnsonii	-0.0474154157397	-0.00313756665364	-0.0225529802806	0.0126238030398	-0.0419475554509	0.00153101684773	0.0419483117216	0.0290245050081	0.0239870096235	0.0657122843607	-0.00619213860557	-0.0290732071051	-0.035642071412	-0.079177902324	0.0476744704164	-0.00973479635384	0.0125979189617	-0.0611466868361	-0.0295429409142	-0.0364924526217	0.00649606186204	0.024356349415	-0.0375619066557	0.0268336632769	0.0726186884022	-0.0146637046875	0.000827277514031	0.0126169778442	1.0	0.0578721060461	0.0291890426163	-0.0220500687927	-0.0389191022998	0.0462914749193	-0.066746166165	-0.0704366175748	0.0323464472496	-0.0362721515463	-0.0262860908618	-0.0423919378656	0.0257350667798	-0.000657075897709	-0.0630593579815	0.0391298792267	-0.0151787451105	0.00967136966188	-0.0123826256568	-0.00800737900926	0.0138848885286	-0.0194177802181	-0.0433462242249	-0.0453840440129	-0.0114624575627	-0.00373765989659	-0.0124255478416	0.0474888478471	0.0422595631569	-0.0617153528454	0.0086127921093
k__Bacteria;p__Actinobacteria;c__Actinobacteria;o__Bifidobacteriales;f__Bifidobacteriaceae;g__Bifidobacterium;s__Bifidobacterium_longum	-0.064960234099	-0.00452964569464	-0.0371919880196	-0.00565027757655	0.0394034848931	0.000910087650832	-0.0255322186799	-0.0614889174821	-0.00812438501819	0.0269179550301	-0.0652336895784	0.0447462236536	-0.0568698208499	-0.0185348679428	-0.0417743106733	0.0296058518104	0.0450403253389	-0.0536648451871	0.0246072136476	-0.00580783056844	-0.0134452213036	0.0209508860683	-0.0556973622612	0.0530235503177	-0.042001932993	-0.0757963383311	0.00437598908469	-0.0379332026438	0.0578721060461	1.0	-0.0262577059968	0.0603308020517	-0.00745919423033	0.0135409255683	0.0155043849661	0.0143315409073	-0.013758500351	0.0408871433888	0.00166609749218	-0.0118738146463	0.0367793575719	-0.0633745257679	-0.00351073949326	-0.0049052071859	0.0188483500249	0.0799568444357	0.020965454325	-0.0202029237288	-0.0514523515781	-0.00844150481603	-0.00366053476801	0.0032797015033	-0.09377857349	-0.00894804904739	-0.044894864496	0.000599538366425	-0.000831723964525	-0.0396327252898	0.00461261498988
