#taxonomy	k__Bacteria;p__Bacteroidetes;c__Bacteroidia;o__Bacteroidales;f__Bacteroidaceae;g__Bacteroides;s__Bacteroides_vulgatus	k__Bacteria;p__Bacteroidetes;c__Bacteroidia;o__Bacteroidales;f__Bacteroidaceae;g__Bacteroides;s__Bacteroides_uniformis	k__Bacteria;p__Bacteroidetes;c__Bacteroidia;o__Bacteroidales;f__Rikenellaceae;g__Alistipes;s__Alistipes_putredinis	k__Bacteria;p__Bacteroidetes;c__Bacteroidia;o__Bacteroidales;f__Prevotellaceae;g__Prevotella;s__Prevotella_copri	k__Bacteria;p__Bacteroidetes;c__Bacteroidia;o__Bacteroidales;f__Bacteroidaceae;g__Bacteroides;s__Bacteroides_stercoris	k__Bacteria;p__Bacteroidetes;c__Bacteroidia;o__Bacteroidales;f__Bacteroidaceae;g__Bacteroides;s__Bacteroides_ovatus	k__Bacteria;p__Bacteroidetes;c__Bacteroidia;o__Bacteroidales;f__Rikenellaceae;g__Alistipes;s__Alistipes_shahii	k__Bacteria;p__Firmicutes;c__Clostridia;o__Clostridiales;f__Ruminococcaceae;g__Faecalibacterium;s__Faecalibacterium_prausnitzii	k__Bacteria;p__Bacteroidetes;c__Bacteroidia;o__Bacteroidales;f__Rikenellaceae;g__Alistipes;s__Alistipes_finegoldii	k__Bacteria;p__Bacteroidetes;c__Bacteroidia;o__Bacteroidales;f__Porphyromonadaceae;g__Parabacteroides;s__Parabacteroides_distasonis	k__Bacteria;p__Bacteroidetes;c__Bacteroidia;o__Bacteroidales;f__Bacteroidaceae;g__Bacteroides;s__Bacteroides_thetaiotaomicron	k__Bacteria;p__Bacteroidetes;c__Bacteroidia;o__Bacteroidales;f__Bacteroidaceae;g__Bacteroides;s__Bacteroides_coprocola	k__Bacteria;p__Bacteroidetes;c__Bacteroidia;o__Bacteroidales;f__Bacteroidaceae;g__Bacteroides;s__Bacteroides_cellulosilyticus	k__Bacteria;p__Bacteroidetes;c__Bacteroidia;o__Bacteroidales;f__Rikenellaceae;g__Alistipes;s__Alistipes_obesi	k__Bacteria;p__Firmicutes;c__Clostridia;o__Clostridiales;f__Lachnospiraceae;g__;s__[Eubacterium]_rectale	k__Bacteria;p__Bacteroidetes;c__Bacteroidia;o__Bacteroidales;f__Bacteroidaceae;g__Bacteroides;s__Bacteroides_plebeius	k__Bacteria;p__Bacteroidetes;c__Bacteroidia;o__Bacteroidales;f__Bacteroidaceae;g__Bacteroides;s__Bacteroides_fragilis	k__Bacteria;p__Proteobacteria;c__Betaproteobacteria;o__Burkholderiales;f__Sutterellaceae;g__Sutterella;s__Sutterella_wadsworthensis	k__Bacteria;p__Bacteroidetes;c__Bacteroidia;o__Bacteroidales;f__Porphyromonadaceae;g__Barnesiella;s__Barnesiella_intestinihominis	k__Bacteria;p__Bacteroidetes;c__Bacteroidia;o__Bacteroidales;f__Odoribacteraceae;g__Odoribacter;s__Odoribacter_splanchnicus	k__Bacteria;p__Bacteroidetes;c__Bacteroidia;o__Bacteroidales;f__Bacteroidaceae;g__Bacteroides;s__Bacteroides_salyersiae	k__Bacteria;p__Firmicutes;c__Clostridia;o__Clostridiales;f__Ruminococcaceae;g__Ruminiclostridium;s__[Eubacterium]_siraeum	k__Bacteria;p__Proteobacteria;c__Betaproteobacteria;o__Burkholderiales;f__Sutterellaceae;g__Parasutterella;s__Parasutterella_excrementihominis	k__Bacteria;p__Actinobacteria;c__Actinobacteria;o__Bifidobacteriales;f__Bifidobacteriaceae;g__Bifidobacterium;s__Bifidobacterium_adolescentis	k__Bacteria;p__Firmicutes;c__Clostridia;o__Clostridiales;f__Oscillospiraceae;g__Oscillibacter;s__Oscillibacter_sp._KLE_1745	k__Bacteria;p__Bacteroidetes;c__Bacteroidia;o__Bacteroidales;f__Bacteroidaceae;g__Bacteroides;s__Bacteroides_coprophilus	k__Bacteria;p__Firmicutes;c__Clostridia;o__Clostridiales;f__Lachnospiraceae;g__Roseburia;s__Roseburia_intestinalis	k__Bacteria;p__Firmicutes;c__Clostridia;o__Clostridiales;f__Lachnospiraceae;g__Roseburia;s__Roseburia_hominis	k__Bacteria;p__Bacteroidetes;c__Bacteroidia;o__Bacteroidales;f__Porphyromonadaceae;g__Parabacteroides;s__Parabacteroides_johnsonii	k__Bacteria;p__Actinobacteria;c__Actinobacteria;o__Bifidobacteriales;f__Bifidobacteriaceae;g__Bifidobacterium;s__Bifidobacterium_longum	k__Bacteria;p__Firmicutes;c__Clostridia;o__Clostridiales;f__;g__Flavonifractor;s__Flavonifractor_plautii	k__Bacteria;p__Firmicutes;c__Clostridia;o__Clostridiales;f__Clostridiaceae;g__Clostridium;s__Clostridium_phoceensis	k__Bacteria;p__Verrucomicrobia;c__Verrucomicrobiae;o__Verrucomicrobiales;f__Akkermansiaceae;g__Akkermansia;s__Akkermansia_muciniphila	k__Bacteria;p__Bacteroidetes;c__Bacteroidia;o__Bacteroidales;f__Prevotellaceae;g__Paraprevotella;s__Paraprevotella_xylaniphila	k__Bacteria;p__Firmicutes;c__Clostridia;o__Clostridiales;f__Ruminococcaceae;g__Ruminococcus;s__Ruminococcus_callidus	k__Bacteria;p__Bacteroidetes;c__Bacteroidia;o__Bacteroidales;f__Rikenellaceae;g__Alistipes;s__Alistipes_senegalensis	k__Bacteria;p__Firmicutes;c__Clostridia;o__Clostridiales;f__Lachnospiraceae;g__Blautia;s__Blautia_sp._KLE_1732	k__Bacteria;p__Bacteroidetes;c__Bacteroidia;o__Bacteroidales;f__Bacteroidaceae;g__Bacteroides;s__Bacteroides_oleiciplenus	k__Bacteria;p__Firmicutes;c__Clostridia;o__Clostridiales;f__Ruminococcaceae;g__Ruminococcus;s__Ruminococcus_bicirculans	k__Bacteria;p__Bacteroidetes;c__Bacteroidia;o__Bacteroidales;f__Bacteroidaceae;g__Bacteroides;s__Bacteroides_fluxus	k__Bacteria;p__Bacteroidetes;c__Bacteroidia;o__Bacteroidales;f__Prevotellaceae;g__Prevotella;s__Prevotella_stercorea	k__Bacteria;p__Firmicutes;c__Clostridia;o__Clostridiales;f__Lachnospiraceae;g__Dorea;s__Dorea_longicatena	k__Bacteria;p__Firmicutes;c__Clostridia;o__Clostridiales;f__Eubacteriaceae;g__Eubacterium;s__[Eubacterium]_eligens	k__Bacteria;p__Firmicutes;c__Clostridia;o__Clostridiales;f__Ruminococcaceae;g__;s__Ruminococcaceae_bacterium_D16	k__Bacteria;p__Firmicutes;c__Clostridia;o__Clostridiales;f__Lachnospiraceae;g__Coprococcus;s__Coprococcus_comes	k__Bacteria;p__Proteobacteria;c__Gammaproteobacteria;o__Enterobacterales;f__Enterobacteriaceae;g__Escherichia;s__Escherichia_coli	k__Bacteria;p__Firmicutes;c__Clostridia;o__Clostridiales;f__Ruminococcaceae;g__Anaerotruncus;s__Anaerotruncus_colihominis	k__Bacteria;p__Firmicutes;c__Clostridia;o__Clostridiales;f__Lachnospiraceae;g__Blautia;s__Blautia_obeum	k__Bacteria;p__Bacteroidetes;c__Bacteroidia;o__Bacteroidales;f__Odoribacteraceae;g__Odoribacter;s__Odoribacter_laneus	k__Bacteria;p__Firmicutes;c__Clostridia;o__Clostridiales;f__Ruminococcaceae;g__Ruminiclostridium;s__[Clostridium]_leptum	k__Bacteria;p__Bacteroidetes;c__Bacteroidia;o__Bacteroidales;f__Porphyromonadaceae;g__Parabacteroides;s__Parabacteroides_goldsteinii	k__Bacteria;p__Firmicutes;c__Clostridia;o__Clostridiales;f__Lachnospiraceae;g__Anaerostipes;s__Anaerostipes_hadrus	k__Bacteria;p__Firmicutes;c__Clostridia;o__Clostridiales;f__Ruminococcaceae;g__Ruminococcus;s__Ruminococcus_lactaris	k__Bacteria;p__Firmicutes;c__Clostridia;o__Clostridiales;f__Clostridiaceae;g__Clostridium;s__Clostridium_sp._L2-50	k__Bacteria;p__Firmicutes;c__Clostridia;o__Clostridiales;f__Clostridiaceae;g__Clostridium;s__Clostridium_sp._M62/1	k__Bacteria;p__Firmicutes;c__Clostridia;o__Clostridiales;f__;g__Intestinimonas;s__Intestinimonas_butyriciproducens	k__Bacteria;p__Actinobacteria;c__Actinobacteria;o__Bifidobacteriales;f__Bifidobacteriaceae;g__Bifidobacterium;s__Bifidobacterium_bifidum	k__Bacteria;p__Firmicutes;c__Negativicutes;o__Veillonellales;f__Veillonellaceae;g__Dialister;s__Dialister_invisus	k__Bacteria;p__Bacteroidetes;c__Bacteroidia;o__Bacteroidales;f__Bacteroidaceae;g__Bacteroides;s__Bacteroides_salanitronis
k__Bacteria;p__Bacteroidetes;c__Bacteroidia;o__Bacteroidales;f__Bacteroidaceae;g__Bacteroides;s__Bacteroides_vulgatus	1.0	-0.104703233358	0.0229490307035	0.0442837817565	-0.0096247998314	0.0204196403386	0.00801322121419	-0.0157487019599	-0.0530455998726	-0.0103505865215	-0.0332616654591	-0.0343247340594	0.00318905304628	0.0446218377021	0.00711927693523	-0.0683610762405	-0.0324826221751	0.0271950920457	0.0102998450213	-0.0415036728821	-0.0107538216082	-0.0194710063745	0.0432636125039	0.0419059879896	0.0445253255612	-0.0197897246625	-0.0191924096836	0.0280941561226	0.0615483350049	-0.00350404233455	0.0736752620105	-0.0135934747596	0.00100674052374	-0.00997200119374	-0.0400433952682	0.0182100093143	0.0225530564556	-0.0596159901832	-0.0280992290318	-0.0300132924951	-0.031438840341	0.000974669111262	-0.000212792102329	-0.0803199730953	-0.0200734089212	0.0215455863751	-0.00973550684241	0.0239578185114	0.0180564776007	-0.0472281949027	-0.00737373184162	-0.0259651723123	-0.053301134621	-0.025961057502	-0.0595319314074	0.0134730785012	0.0165434453919	0.00209719850281	-0.0281432007902
k__Bacteria;p__Bacteroidetes;c__Bacteroidia;o__Bacteroidales;f__Bacteroidaceae;g__Bacteroides;s__Bacteroides_uniformis	-0.104703233358	1.0	-0.0423387939303	-0.0957236462112	-0.0219924802096	0.00260231886613	0.0637553376447	0.0176178409476	0.026429949271	0.00099758923239	0.0452345713271	0.0521631235643	-0.014413277415	-0.00605065844701	-0.0373763704561	0.0721769446062	-0.0410360657579	0.0433138440057	-0.0605406788637	0.0191213756233	-0.0243871179983	-0.11410511541	-0.0835441258488	0.0081866254024	-0.0401658594799	-0.0277256694882	-0.0191780732662	-0.0115594008532	0.0383950760794	-0.0113796484989	-0.0712539827906	0.0671075313261	0.0262708331742	-0.0358296888375	-0.0514703711804	-0.00973974833608	0.00419247201332	0.0421983094124	0.0867904643789	-0.0190027466492	-0.0366664585188	-0.0476822907164	0.0940251847608	-0.0376907218679	-0.0669962893412	-0.00813904303375	-0.0253357725617	-0.038701799818	-0.0153927909538	0.026244667567	0.0153480255437	-0.00522352946679	-0.00339841683928	-0.0676496604965	0.0239124081076	0.0560742684585	-0.0397838863883	-0.0149789391001	0.0283947533834
k__Bacteria;p__Bacteroidetes;c__Bacteroidia;o__Bacteroidales;f__Rikenellaceae;g__Alistipes;s__Alistipes_putredinis	0.0229490307035	-0.0423387939303	1.0	0.0174053529757	0.018507609435	-0.0645548498096	0.0248578833246	0.000409903037099	-0.0265418174734	-0.0370670102507	0.0658213873898	-0.0138065131716	0.037633449105	-0.0447489474305	0.0189225506762	-0.000187339730039	-0.0167439532184	0.0696156991652	-0.0167603019904	0.0542653238597	-0.025706460805	-0.0145898861433	0.0204284600277	0.01919559624	-0.00979186033329	0.0230382407804	0.0660155335654	-0.0613043743012	0.0126326445226	-0.0279421880975	-0.0100630497457	-0.00645068360538	-0.037833781063	-0.00707906877651	0.0640941973374	0.00914002831783	-0.0282902170457	0.0255010606508	0.020934887517	-0.00441616609211	-0.02145728083	0.0189469604688	-0.00964058096039	-0.0264744847941	-0.021672591935	0.0254154983783	0.0146815173957	0.046599539553	-0.0333586207213	0.0278147629207	-0.0224744858727	-0.0108930879347	-0.00732604262274	-0.0446647724134	0.0421571428211	0.00140702883103	-0.0322982694692	-0.0578160337558	-0.0105855985778
k__Bacteria;p__Bacteroidetes;c__Bacteroidia;o__Bacteroidales;f__Prevotellaceae;g__Prevotella;s__Prevotella_copri	0.0442837817565	-0.0957236462112	0.0174053529757	1.0	-0.0284276685688	0.0228331493197	-0.081789421124	-0.00557612559608	0.0264240946265	0.0512529275505	-0.0227704266197	-0.0362383661488	-0.0348520652178	0.0316016064272	0.0131047728412	-0.0205491533887	-0.0379746906363	0.0135049684627	0.0107003485539	-0.000936805822522	-0.0139150631717	0.00790515662215	0.0259172009442	0.0127897642038	-0.0162024616119	0.000336385906849	0.00865535847368	-0.0623092085268	-0.0424072007517	0.0173800305399	0.0182600192712	-0.0715971172634	0.0206324963244	-0.0110512182404	-0.0125919939143	-0.0568042212604	-0.00145607079512	-0.0306613375905	-0.0404878414311	0.0167089263405	0.0210360760391	-0.000411454606429	-0.00121409653202	0.0261761489614	-0.0434939004528	0.00144345543295	-0.0229283974266	-0.0186929399864	0.0203880303417	-0.0151151982669	-0.0100946075131	0.00275124892576	0.028690870183	0.0183572648524	-0.0190314429153	-0.0150600467926	-0.00885511885237	0.0640262629429	-0.0419958220137
k__Bacteria;p__Bacteroidetes;c__Bacteroidia;o__Bacteroidales;f__Bacteroidaceae;g__Bacteroides;s__Bacteroides_stercoris	-0.0096247998314	-0.0219924802096	0.018507609435	-0.0284276685688	1.0	-0.000506448037839	0.110853295208	0.00892896399438	-0.0693680067188	-0.0129734777063	0.0270913579545	-0.0289067028719	-0.0396756575776	-0.0397526615368	0.030251352534	0.0209045131854	-0.00968309346955	-0.0472307260251	-0.00448129263316	0.0317607566808	-0.0269409570868	0.0154030310168	0.000789530623906	0.0278846444918	-0.00487783050217	0.0142761732537	-0.00899173455127	-0.00200360191371	0.0376826238732	-0.0182846557423	0.0149797095649	0.0209893752217	0.0480928743888	0.00104687889072	-0.0713322066136	-0.0324034400512	0.0588344096951	-0.03114016291	-0.0757776642276	0.0672232496453	0.0409393199815	0.0240314004117	-0.0155713091949	-0.0280543352377	0.0439191254881	0.0367357507488	-0.0424556443871	0.0233044579109	-0.0423216900482	-0.0146859473684	0.0327523160442	-0.0250599480692	0.0125069557822	-0.0174542396087	0.0157598716842	-0.000697643742495	0.00290015517597	-0.0348728735376	-0.034985449706
k__Bacteria;p__Bacteroidetes;c__Bacteroidia;o__Bacteroidales;f__Bacteroidaceae;g__Bacteroides;s__Bacteroides_ovatus	0.0204196403386	0.00260231886613	-0.0645548498096	0.0228331493197	-0.000506448037839	1.0	0.0183843424098	0.0180471894015	0.0680190600367	0.0626263803582	-0.00610615682075	-0.0458903092395	-0.0434977627096	0.0184398315361	-0.0189959934946	-0.00838471030404	0.0216409171864	-0.0078910548805	-0.0112558901313	-5.25873542688e-06	0.0278450966083	-0.00549927672139	-0.0400685229848	-0.0451823985382	-0.0211016309978	-0.0070053536537	0.00711442071635	0.0202073827527	0.0181904978135	-0.00693416808009	-0.0344282959314	-0.0171443977063	-0.0254663010474	0.0196831587884	-0.015711892432	0.011125216789	0.0125812117394	0.00117781100964	0.00530936651652	0.0494098903689	-0.0064194598425	-0.0160454206989	-0.064762385835	0.0250672392443	-0.0412677357795	0.0374948413686	-0.0723646222604	0.0460992361864	-0.0559287657222	0.00534478045106	-0.0204333990141	-0.0233582208369	0.00010190880065	0.0267169566998	-0.0526756270959	-0.0232004109318	-0.0131706644585	0.0328095882209	-0.00381376991409
k__Bacteria;p__Bacteroidetes;c__Bacteroidia;o__Bacteroidales;f__Rikenellaceae;g__Alistipes;s__Alistipes_shahii	0.00801322121419	0.0637553376447	0.0248578833246	-0.081789421124	0.110853295208	0.0183843424098	1.0	0.0143390127354	0.00948500660087	-0.017254842962	-0.00277775697124	0.0756176938603	0.0291736688358	-0.0404142422602	-0.0451167394307	-0.0874248355718	-0.0106181394322	-0.0199345122035	-0.039686658924	-0.0267720456204	-0.008404981529	-0.00145961828928	-0.0141225716546	-0.00437780989608	-0.00305193258884	-0.0574506633908	-0.0329791433805	0.00730809785218	0.0206032142964	-0.00448318331547	-0.0416225050353	0.0585854676367	-0.0604009014171	-0.0193339372883	0.0116887540863	-0.0789136405794	0.0243741338378	-0.00104667347007	-0.0383265391235	0.00867739910796	0.00516151062963	0.0648259886211	0.0284003447007	-0.00168832061445	0.0138446197972	0.00906378713077	0.0866411833771	0.0396413044955	-0.0127733198397	-0.0709769838985	-0.0251955202951	0.0975454841565	-0.0658018447875	-0.0648205701253	0.0136974264125	0.0316084771888	-0.0152371835696	-0.0112896834177	-0.0879070705071
k__Bacteria;p__Firmicutes;c__Clostridia;o__Clostridiales;f__Ruminococcaceae;g__Faecalibacterium;s__Faecalibacterium_prausnitzii	-0.0157487019599	0.0176178409476	0.000409903037099	-0.00557612559608	0.00892896399438	0.0180471894015	0.0143390127354	1.0	-0.00650473861601	-0.0221257174374	-0.0243172406634	-0.0502368143893	0.0146022170649	-0.0211801508451	-0.00039883732777	0.011744551533	0.0270276414045	0.0311193348027	-0.0141803773832	-0.0392492483036	-0.0298667597481	0.0245528595243	-0.0121502819388	-0.0699976425839	-0.0643200379316	-0.0987837578838	0.014706916506	0.00344637319255	-0.00171147758273	-0.0166443695395	-0.019959708249	-0.00335382487042	-0.0480222961564	-0.0241196736631	0.0386679675281	0.0198105067913	-0.0451627278184	-0.0155193496973	-0.00127906288934	-0.00121967966537	0.0329374325926	-0.012976846061	0.00874565131759	-0.0141860194992	0.0325265086226	-0.032374923385	0.0309519868776	0.087225912705	-0.0369028507915	-0.00342942091134	-0.0560754532093	0.01204369572	-0.0285649677341	0.00645520140236	0.000120807292095	-0.0218206808708	0.0242066611938	0.0531566040914	0.00578121187087
k__Bacteria;p__Bacteroidetes;c__Bacteroidia;o__Bacteroidales;f__Rikenellaceae;g__Alistipes;s__Alistipes_finegoldii	-0.0530455998726	0.026429949271	-0.0265418174734	0.0264240946265	-0.0693680067188	0.0680190600367	0.00948500660087	-0.00650473861601	1.0	0.017074609488	0.014761298964	-0.042639725785	0.0168191644787	-0.0684297439294	0.0262616369079	-0.0567675326882	-0.0115980754078	0.0412227834371	-0.0313958538004	0.0168923157747	0.0112220805589	-0.016274192399	0.00404965743298	-0.0031156227318	0.0563622271167	-0.0523720280936	0.0584400934458	-0.00921356580199	-0.000418629130426	0.0616569922039	-0.0191027888036	-0.069052172761	-0.0457311581682	0.0446219458244	-0.0246993864172	0.0137961212736	0.0441384755657	-0.0148895657685	0.00238307866388	-0.0118306632577	0.0256341987983	-0.0544632242913	-0.0137799845813	0.0359334067893	0.0260403071138	-0.0632011531399	-0.0223659767638	-0.0153877458331	0.0325957963007	0.0022771150287	-0.0477835063001	-0.0601709861649	-0.0340042593981	0.0412036073961	-0.00432175730238	0.0100079509288	-0.0348992438181	-0.0193826527507	-0.108294288214
k__Bacteria;p__Bacteroidetes;c__Bacteroidia;o__Bacteroidales;f__Porphyromonadaceae;g__Parabacteroides;s__Parabacteroides_distasonis	-0.0103505865215	0.00099758923239	-0.0370670102507	0.0512529275505	-0.0129734777063	0.0626263803582	-0.017254842962	-0.0221257174374	0.017074609488	1.0	-0.000307249253889	-0.0344151974784	-0.0280755139238	-0.0605053140612	0.0153597643923	-0.00814557098842	-0.0491718870763	-0.0199615675687	-0.0495781889488	0.0678038767065	-0.00444072399129	0.0286295440074	-0.0167461584021	0.0417599779903	-0.0413817273365	0.0364252109086	0.0209065906845	-0.00632298182867	0.00310478785418	0.0710588439849	0.0623667703989	0.00722784959526	0.0543582547884	0.022200382675	0.014453426819	0.0599019980926	-0.00771484479417	0.00905739121477	-0.0862766901395	-0.0450033756726	-0.0107347098013	-0.008270433863	0.0362293314517	-0.018903557659	0.0115373668948	0.00574771510949	0.0289467727069	-0.0440049962979	-0.0109895030701	-0.00479350176151	-0.0251628729705	-0.00574155078692	0.0502881979958	-0.0320549010149	0.0291712765287	0.0128570779985	-0.0021994697218	-0.0037118845458	0.015321939645
k__Bacteria;p__Bacteroidetes;c__Bacteroidia;o__Bacteroidales;f__Bacteroidaceae;g__Bacteroides;s__Bacteroides_thetaiotaomicron	-0.0332616654591	0.0452345713271	0.0658213873898	-0.0227704266197	0.0270913579545	-0.00610615682075	-0.00277775697124	-0.0243172406634	0.014761298964	-0.000307249253889	1.0	0.0422091888055	-0.00653688507536	-0.0265334259712	0.00806242487617	0.0080929282471	-0.00526351861983	-0.0458938006882	-0.023036883437	-0.038964481672	0.00794631157042	-0.00723512159339	-0.028552264129	0.0165614751202	-0.035308790899	-0.00890309536275	0.00840352782961	0.00714457455832	-0.0303563836588	-0.00324813236335	-0.0382432376287	0.00371091885788	-0.0275583968808	-0.0326829629119	-0.0253289396231	0.0338119483733	-0.00138604722093	0.00411272846174	0.0590270275109	-0.0277996154934	0.0197468335789	-0.0729728183196	-0.000155206913107	0.0255861569399	0.0148427321446	-0.0310717968963	-0.0112880518992	-0.0522597754244	-0.00292267899888	-0.00405943921442	-0.0919239616476	-0.056209760033	0.0405256867026	0.0343718672897	-0.00136098141636	-0.0103348091497	0.0352837692326	-0.0388024364293	0.00609785228231
k__Bacteria;p__Bacteroidetes;c__Bacteroidia;o__Bacteroidales;f__Bacteroidaceae;g__Bacteroides;s__Bacteroides_coprocola	-0.0343247340594	0.0521631235643	-0.0138065131716	-0.0362383661488	-0.0289067028719	-0.0458903092395	0.0756176938603	-0.0502368143893	-0.042639725785	-0.0344151974784	0.0422091888055	1.0	-0.0649251367931	0.0188978097861	0.0224420773323	0.028360443905	0.0193020847562	-0.0275121509394	-0.00473599587688	-0.0596224218394	0.018800122161	-0.0525275772276	0.0102087719026	0.00383105490297	-0.00604006485556	0.00949776164225	0.0292110632862	-0.0374106190915	-0.0417285621815	-0.0463404590717	-0.0132139232506	-0.0676892010311	0.043718247026	0.0122568576848	0.00498905027844	-0.0220152902129	-0.0562406528544	0.0530246599848	0.0202265761361	0.015826880769	-0.0239417510608	-0.0287593929163	-0.00316742235296	-0.0579053188976	0.0182404844795	-0.0360800594187	-0.0329569529107	-0.0407889496341	0.0139217635973	-0.0732220691039	-0.0431452455244	-0.0610125822188	-0.0461270063552	-0.00628678160215	0.0365593463147	0.0149338753648	-0.0129948959042	0.00053857857141	0.00489645251113
k__Bacteria;p__Bacteroidetes;c__Bacteroidia;o__Bacteroidales;f__Bacteroidaceae;g__Bacteroides;s__Bacteroides_cellulosilyticus	0.00318905304628	-0.014413277415	0.037633449105	-0.0348520652178	-0.0396756575776	-0.0434977627096	0.0291736688358	0.0146022170649	0.0168191644787	-0.0280755139238	-0.00653688507536	-0.0649251367931	1.0	0.0264909539674	-0.0114403841066	-0.0090161328679	0.0118996184811	-0.0494114991274	0.0436632395748	-0.0499057044963	0.0569091134926	0.0432511450244	-0.007885920316	0.00915815432424	0.00408337180756	0.0720775716464	-0.0406100490363	-0.0276297059494	0.0303251172477	0.0103552011179	-0.0405897480967	-0.0332762782583	0.015325356777	-0.0526968897303	-0.0145199695834	0.0190854685485	0.0913085345853	0.051034574195	-0.0161789717769	-0.0890617666065	-0.0314276532133	-0.0219190770523	-0.0192237712887	0.0353281802655	-0.00884599098294	-0.0026629512327	0.0200771450476	0.0405084621033	-0.024977824139	0.050704028258	0.0385886522515	-0.0624507073655	-0.0162550504847	0.00277660534142	-0.015547887785	0.00742048607655	-0.0536179594016	0.0468080265941	-0.00296587201018
k__Bacteria;p__Bacteroidetes;c__Bacteroidia;o__Bacteroidales;f__Rikenellaceae;g__Alistipes;s__Alistipes_obesi	0.0446218377021	-0.00605065844701	-0.0447489474305	0.0316016064272	-0.0397526615368	0.0184398315361	-0.0404142422602	-0.0211801508451	-0.0684297439294	-0.0605053140612	-0.0265334259712	0.0188978097861	0.0264909539674	1.0	-0.0531753090224	-0.0387283542337	-0.0312222831822	-0.0238864014427	0.0187804533928	0.0186269730134	-0.00816767329616	0.000393383229052	-0.0276434704528	0.0231473315184	0.0504837972663	-0.00833900629865	-0.035502868736	-0.0264393458306	-0.000205987102902	0.0434878661585	0.00876650238183	-0.0155514623056	0.0161379854671	-0.0115200020403	0.0121763843755	-0.0394149073728	0.00692945254437	-0.0405608540549	0.0108589651357	-0.0389915643581	-0.0185152165533	0.0642759503155	-0.0507376480851	-0.031474623091	-0.04465074123	-0.0115054828422	-0.0177197255185	0.0121572424584	0.0182192644182	0.0024284492883	-0.0366334599095	0.0433416275636	-0.0320445348811	-0.0330274500537	0.0569191503424	0.030793177076	-0.0330284158827	0.0106141838965	-0.00732495231878
k__Bacteria;p__Firmicutes;c__Clostridia;o__Clostridiales;f__Lachnospiraceae;g__;s__[Eubacterium]_rectale	0.00711927693523	-0.0373763704561	0.0189225506762	0.0131047728412	0.030251352534	-0.0189959934946	-0.0451167394307	-0.00039883732777	0.0262616369079	0.0153597643923	0.00806242487617	0.0224420773323	-0.0114403841066	-0.0531753090224	1.0	0.000346583738072	-0.0226321275546	-0.0128504873361	-0.0113944353077	-0.0277993933726	-0.0432820023571	0.00159535823364	0.0183536857279	-0.049941012766	-0.0206681217924	-0.0341671681015	-0.0130924955728	0.00929485042555	-0.0567338023914	-0.0346443994109	0.00977864042793	0.0263744173268	0.0138337710758	0.00587385100628	0.0220003279646	0.0150004163564	-0.0418377240195	-0.0720785331306	-0.00686832585485	-0.0419660118353	0.0342800317292	0.0319243056165	0.0130248616711	-0.0287538639165	-0.0106973710015	-0.0656370696962	-0.00349062106123	-0.0116313215972	0.0493411245553	-0.0741284088686	-0.00635648142527	-0.00656445431016	-0.0394939070051	-0.0230469343399	0.0217164758968	0.0259001268928	0.00563049302765	-0.0038327544862	0.0215801220496
k__Bacteria;p__Bacteroidetes;c__Bacteroidia;o__Bacteroidales;f__Bacteroidaceae;g__Bacteroides;s__Bacteroides_plebeius	-0.0683610762405	0.0721769446062	-0.000187339730038	-0.0205491533887	0.0209045131854	-0.00838471030404	-0.0874248355718	0.011744551533	-0.0567675326882	-0.00814557098842	0.0080929282471	0.028360443905	-0.0090161328679	-0.0387283542337	0.000346583738072	1.0	0.028607506437	0.00123130590915	-0.00590984768137	-0.0392279181384	-0.0356597176367	-0.0416457836196	0.00504103451899	-0.037034952566	0.0214639463564	-0.0358897121775	-0.0106280884815	0.00760889559298	-0.0501556518365	-0.0248751605623	-0.0363212708426	0.0123214823668	-0.00474268040562	0.0439464976916	-0.0295960501334	-0.0169396641941	-0.0291847224966	0.0439637307182	-0.0255195194492	-0.0124501091094	0.027996613698	-0.0656917278284	-0.0175364781484	0.00556600733735	0.0273288757828	-0.0420314549224	0.0207125165752	-0.0365496875429	-0.0218873206782	-0.00942993542049	0.0460238331672	-0.020989338304	0.0290313248847	-0.0392649790064	-0.0269085144711	-0.0327649836937	0.0307307387165	0.00778482194275	0.025883632819
k__Bacteria;p__Bacteroidetes;c__Bacteroidia;o__Bacteroidales;f__Bacteroidaceae;g__Bacteroides;s__Bacteroides_fragilis	-0.0324826221751	-0.0410360657579	-0.0167439532184	-0.0379746906363	-0.00968309346955	0.0216409171864	-0.0106181394322	0.0270276414045	-0.0115980754078	-0.0491718870763	-0.00526351861983	0.0193020847562	0.0118996184811	-0.0312222831822	-0.0226321275546	0.028607506437	1.0	-0.0169974185525	0.0188702994232	-0.00323143909947	-0.0544573319096	-0.0347478447954	0.00865873719794	0.00429244337325	0.0488495482525	-0.0585994588012	-0.0356268480092	-0.0192331151059	0.0242382862144	-0.0367214779797	-0.0309348612076	0.0875401527859	-0.0152707161076	0.00373513568102	-0.0536293682161	0.00983450590639	-0.0334947393763	-0.00343387683576	0.0276539069961	0.00926221155699	-0.0136297802153	-0.0350608630745	0.00607223156319	0.00349865223891	-0.0120799009776	0.00470488634183	0.00583373629361	0.0278238103365	-0.0330360638122	-0.00858134317049	-0.0625545922322	0.0208026242499	0.0388636292982	-0.0191648817028	-0.0296345735452	0.0214406104957	0.0496602130976	-0.0354771932864	-0.0315531712087
k__Bacteria;p__Proteobacteria;c__Betaproteobacteria;o__Burkholderiales;f__Sutterellaceae;g__Sutterella;s__Sutterella_wadsworthensis	0.0271950920457	0.0433138440057	0.0696156991652	0.0135049684627	-0.0472307260251	-0.0078910548805	-0.0199345122035	0.0311193348027	0.0412227834371	-0.0199615675687	-0.0458938006882	-0.0275121509394	-0.0494114991274	-0.0238864014427	-0.0128504873361	0.00123130590915	-0.0169974185525	1.0	-0.00712761180967	0.0344986973057	-0.0585908255585	0.0134323508356	0.00315752912139	-0.0202374359335	0.0146461954156	-0.0253954305814	0.0207376502669	-0.00748579388056	-0.0666240711631	0.0160905936691	0.0221913943183	0.00225077943734	0.00384597521445	0.00321651952915	-0.027310812669	0.00800894519209	-0.0484701681264	-0.00920849529569	0.00171564574215	0.0213852026021	0.0266298807814	-0.0367785306238	-0.0117175836391	-0.0128069523019	0.015901744308	-0.00618408842455	0.0528205448928	0.0223528103697	0.00320761142073	-0.0863681150413	-0.00913828385832	-0.0305068354468	0.00489869659035	-0.0134411882621	-0.00763570927484	-0.00630492576969	0.0345177765075	-0.0132828671043	-0.0131042825776
k__Bacteria;p__Bacteroidetes;c__Bacteroidia;o__Bacteroidales;f__Porphyromonadaceae;g__Barnesiella;s__Barnesiella_intestinihominis	0.0102998450213	-0.0605406788637	-0.0167603019904	0.0107003485539	-0.00448129263316	-0.0112558901313	-0.039686658924	-0.0141803773832	-0.0313958538004	-0.0495781889488	-0.023036883437	-0.00473599587688	0.0436632395748	0.0187804533928	-0.0113944353077	-0.00590984768137	0.0188702994232	-0.00712761180967	1.0	-0.0526135604973	-0.000109022669242	-0.0119509646159	0.0661611200801	-0.0138937835078	-0.0423920789906	-0.0354567064385	-0.0888428057196	-9.41020363062e-05	0.00769363920562	0.00779006374404	0.00296800630406	0.0433747762715	-0.0816281071564	-0.035287626475	-0.0858367006962	0.00790090089745	0.00368266630545	0.019124558527	0.0542075043429	-0.00416920435004	-0.0176193857389	0.00769202484794	-0.10450578239	0.0590346365289	-0.0479797416361	-0.0387734515627	-0.041140511102	0.0402787058903	-0.0355418013952	0.0262084384429	-0.0617975593225	-0.0227115362066	-0.0701435636615	0.0281425747229	0.0283440863947	0.0473682845449	0.0168595644244	0.0246598573448	-0.0201825945792
k__Bacteria;p__Bacteroidetes;c__Bacteroidia;o__Bacteroidales;f__Odoribacteraceae;g__Odoribacter;s__Odoribacter_splanchnicus	-0.0415036728821	0.0191213756233	0.0542653238597	-0.000936805822522	0.0317607566808	-5.25873542678e-06	-0.0267720456204	-0.0392492483036	0.0168923157747	0.0678038767065	-0.038964481672	-0.0596224218394	-0.0499057044963	0.0186269730134	-0.0277993933726	-0.0392279181384	-0.00323143909947	0.0344986973057	-0.0526135604973	1.0	0.0405039716519	-0.0134913848745	-0.0375220559148	0.0516617841297	-0.011041560819	-0.0135530747496	-0.00714478626684	0.0185703376284	0.002911929979	-0.0915406529023	-0.0175125290015	0.00721304221065	0.0426454135424	0.100391636717	0.00423163535312	-0.00946949463768	-0.0114793154045	-0.0223282050897	-0.0280225696024	-0.0688365764863	0.014832211869	-0.0124748290102	-0.0500755995337	0.000758203968563	-0.0234115283891	0.0509314251855	0.0182815148452	-0.0306755182278	0.0655492190663	-0.016220130331	-0.0343530459331	-0.0286080376904	0.00642821447026	-0.00509978387775	0.0189237363061	-0.0202820523929	-0.0554701682077	-0.0401217136018	0.0285251971337
k__Bacteria;p__Bacteroidetes;c__Bacteroidia;o__Bacteroidales;f__Bacteroidaceae;g__Bacteroides;s__Bacteroides_salyersiae	-0.0107538216082	-0.0243871179983	-0.025706460805	-0.0139150631717	-0.0269409570868	0.0278450966083	-0.008404981529	-0.0298667597481	0.0112220805589	-0.00444072399129	0.00794631157042	0.018800122161	0.0569091134926	-0.00816767329616	-0.0432820023571	-0.0356597176367	-0.0544573319096	-0.0585908255585	-0.000109022669242	0.0405039716519	1.0	-0.00853218103325	-0.00613015487191	-0.0261174080372	-0.00739836651843	-0.00548049557466	0.0246267608985	-0.012191112668	0.0367647335062	0.0301368329509	-0.0339597120738	-0.0076626208982	-0.00960432160749	-0.0428045829738	-0.0277186502299	-0.00302604383323	0.00118437356107	-0.0200865261864	0.0200666827898	0.0194082190478	-0.0324104762751	0.0102985446391	-0.0104361092149	-0.0736243338124	0.0214386773055	0.0332592091676	0.00450652473882	0.0272979586109	-0.0533371511407	-0.015842251081	-0.00331887837435	-0.00804882345679	-0.057258485832	-0.0269103873332	-0.0858865503533	-0.0423012526304	0.0205119921059	0.0336737469459	-0.030497441125
k__Bacteria;p__Firmicutes;c__Clostridia;o__Clostridiales;f__Ruminococcaceae;g__Ruminiclostridium;s__[Eubacterium]_siraeum	-0.0194710063745	-0.11410511541	-0.0145898861433	0.00790515662215	0.0154030310168	-0.00549927672139	-0.00145961828928	0.0245528595243	-0.016274192399	0.0286295440074	-0.00723512159339	-0.0525275772276	0.0432511450244	0.000393383229052	0.00159535823364	-0.0416457836196	-0.0347478447954	0.0134323508356	-0.0119509646159	-0.0134913848745	-0.00853218103325	1.0	0.0174868579944	-0.0269229777247	0.0317286204313	0.0453758686372	-0.0413082287658	0.0274917072313	0.00232875637178	-0.017881607091	-0.00696072152888	-0.0412252015618	0.02823914705	-0.0252270764478	0.0312868961133	-0.00968200031149	-0.0454521192685	-0.0526368462635	-0.0355358813768	-0.039954550803	-0.011599093003	-0.00306425979683	-0.00450230959545	0.00328613610083	0.0388177039573	0.0225221399305	-0.0204921896475	0.0476783137095	-0.000648301351845	-0.0171717464572	-0.0698044494039	-0.0136841658491	0.000765560924178	0.0114020919496	-0.00419537050659	0.023082429722	0.0661285791257	0.0215209997359	-0.042396903424
k__Bacteria;p__Proteobacteria;c__Betaproteobacteria;o__Burkholderiales;f__Sutterellaceae;g__Parasutterella;s__Parasutterella_excrementihominis	0.0432636125039	-0.0835441258488	0.0204284600277	0.0259172009442	0.000789530623906	-0.0400685229848	-0.0141225716546	-0.0121502819388	0.00404965743298	-0.0167461584021	-0.028552264129	0.0102087719026	-0.007885920316	-0.0276434704528	0.0183536857279	0.00504103451899	0.00865873719794	0.00315752912139	0.0661611200801	-0.0375220559148	-0.00613015487191	0.0174868579944	1.0	-0.0183790055295	0.0228516926693	-0.0426256297739	-0.0397617611108	-0.0124609069782	-0.0320797054225	-0.00222477596527	-0.0187061929912	0.0055174107384	-0.0532966814429	-0.00227896070255	0.0229162792988	-0.0322995778719	-0.0294384451113	-0.014198912552	0.00966143985747	-0.0838922390481	-0.00283214503638	-0.0154795135497	0.0280180037121	0.0389425777516	-0.0744711533483	-0.0291410087065	-0.00993331137899	0.0612065956696	0.0714065102741	0.0142477816306	0.0164142903485	0.00366413720207	-0.0127267629076	0.027878703467	0.0147861793245	-0.0118124524315	-0.00765546863501	-0.0398623004682	-0.029306015733
k__Bacteria;p__Actinobacteria;c__Actinobacteria;o__Bifidobacteriales;f__Bifidobacteriaceae;g__Bifidobacterium;s__Bifidobacterium_adolescentis	0.0419059879896	0.0081866254024	0.01919559624	0.0127897642038	0.0278846444918	-0.0451823985382	-0.00437780989608	-0.0699976425839	-0.0031156227318	0.0417599779903	0.0165614751202	0.00383105490297	0.00915815432424	0.0231473315184	-0.049941012766	-0.037034952566	0.00429244337325	-0.0202374359335	-0.0138937835078	0.0516617841297	-0.0261174080372	-0.0269229777247	-0.0183790055295	1.0	0.0511732174465	0.0200965689784	-0.0659365404103	0.0385105840257	0.0225207307587	-0.0622491906777	0.00742448750215	0.0206604841984	-0.0902967240609	0.00627418374916	-0.0671538452704	0.0191455099118	-0.0304212508254	0.0716648215261	-0.0170416819222	-0.0331648544267	-0.0160262700776	-0.019829342544	0.0288188482214	-0.0786865306948	-0.0352737974243	0.00159453092335	0.0444123383226	0.0608954157177	-0.0317478148423	-0.0452863825149	-0.030216302668	-0.0261648922428	0.056082498407	0.00878598290881	0.0319372451489	-0.0642957574393	-0.0624373688049	-0.0489008956666	-0.0466311335528
k__Bacteria;p__Firmicutes;c__Clostridia;o__Clostridiales;f__Oscillospiraceae;g__Oscillibacter;s__Oscillibacter_sp._KLE_1745	0.0445253255612	-0.0401658594799	-0.00979186033329	-0.0162024616119	-0.00487783050217	-0.0211016309978	-0.00305193258884	-0.0643200379316	0.0563622271167	-0.0413817273365	-0.035308790899	-0.00604006485556	0.00408337180756	0.0504837972663	-0.0206681217924	0.0214639463564	0.0488495482525	0.0146461954156	-0.0423920789906	-0.011041560819	-0.00739836651843	0.0317286204313	0.0228516926693	0.0511732174465	1.0	-0.00948738674942	-0.0109349717158	-0.0416522853252	-0.036044629626	0.0470230598392	-0.0422991918995	-0.0705014337926	0.00662466423401	0.01046822641	0.00777635131206	-0.00527279209289	-0.00576807872769	0.0437652903094	0.00333484426902	-0.013804748055	0.00156442155218	-0.00710269648982	-0.0192917200567	-0.0566976320748	-0.104765500413	-0.0217183201955	-0.00216339398254	-0.00405825662765	0.0185337150855	-0.0495308959308	0.0142936088337	-0.00162340050017	-0.0479267420883	0.0437818336533	-0.00683467429578	0.00695554265692	-0.026467778457	-0.0169883241757	-0.0380809923329
k__Bacteria;p__Bacteroidetes;c__Bacteroidia;o__Bacteroidales;f__Bacteroidaceae;g__Bacteroides;s__Bacteroides_coprophilus	-0.0197897246625	-0.0277256694882	0.0230382407804	0.000336385906849	0.0142761732537	-0.0070053536537	-0.0574506633908	-0.0987837578838	-0.0523720280936	0.0364252109086	-0.00890309536275	0.00949776164225	0.0720775716464	-0.00833900629865	-0.0341671681015	-0.0358897121775	-0.0585994588012	-0.0253954305814	-0.0354567064385	-0.0135530747496	-0.00548049557466	0.0453758686372	-0.0426256297739	0.0200965689784	-0.00948738674942	1.0	-0.0378604064452	0.00703571372887	0.0107006074887	0.0375418397215	0.0102058245474	-0.0201062498978	0.0081723562347	-0.019858872122	-0.0152463057146	0.059630289042	-0.042607977724	-0.0345122512376	-0.0133975957857	-0.00334252554726	0.024323400889	0.00179712267864	-0.0636210672734	-0.0535086184951	-0.0105549042817	0.00220548225583	-0.0204727248219	-0.0622157030237	-0.00647519195161	0.011842488891	0.0345111359253	-0.0186228426798	0.0436512388813	-0.0309082490133	-0.0581691468201	0.0453494565866	-0.0170398068379	-0.0245610294126	0.00148291841145
k__Bacteria;p__Firmicutes;c__Clostridia;o__Clostridiales;f__Lachnospiraceae;g__Roseburia;s__Roseburia_intestinalis	-0.0191924096836	-0.0191780732662	0.0660155335654	0.00865535847368	-0.00899173455127	0.00711442071635	-0.0329791433805	0.014706916506	0.0584400934458	0.0209065906845	0.00840352782961	0.0292110632862	-0.0406100490363	-0.035502868736	-0.0130924955728	-0.0106280884815	-0.0356268480092	0.0207376502669	-0.0888428057196	-0.00714478626684	0.0246267608985	-0.0413082287658	-0.0397617611108	-0.0659365404103	-0.0109349717158	-0.0378604064452	1.0	-0.0394760797202	-0.00629337676573	-0.00462831316659	0.0181249771175	-0.0610776841807	-0.0527776290555	-0.0560316343522	-0.0542748495722	0.0205768678845	-0.015717576336	0.0324548007681	0.0616607338313	-0.00670264533251	0.0516688037306	-0.0649139587445	0.0328682067687	0.0335762113889	-0.00166133527492	0.00830847924999	0.00713722566701	-0.0494697269519	-0.0380102534135	-0.0338853933986	-0.0318988080622	-0.0539880547432	-0.047368480371	-0.00393273611936	-0.0284180275899	-0.0656603806517	0.0575784741065	-0.0119872154759	-0.00675333218706
k__Bacteria;p__Firmicutes;c__Clostridia;o__Clostridiales;f__Lachnospiraceae;g__Roseburia;s__Roseburia_hominis	0.0280941561226	-0.0115594008532	-0.0613043743012	-0.0623092085268	-0.00200360191371	0.0202073827527	0.00730809785218	0.00344637319255	-0.00921356580199	-0.00632298182867	0.00714457455832	-0.0374106190915	-0.0276297059494	-0.0264393458306	0.00929485042555	0.00760889559298	-0.0192331151059	-0.00748579388056	-9.41020363062e-05	0.0185703376284	-0.012191112668	0.0274917072313	-0.0124609069782	0.0385105840257	-0.0416522853252	0.00703571372887	-0.0394760797202	1.0	0.00285270608749	-0.0133559578097	0.0663164214185	-0.0406793618643	0.0131163162907	-0.0368988014286	-0.00596427404485	-0.0290172620546	-0.0526428023779	-0.0415964661163	0.0394938415397	8.76563867454e-05	-0.0143483571997	-0.0228812786321	-0.0215932272943	0.0348476516412	-0.0161951464966	-0.0426760024974	0.0250646720311	-0.0131672942324	0.0381276151868	0.0185030851403	0.0178551741321	-0.00757378519318	0.0342286942401	-0.0100243915185	-0.0385990754056	-0.0261776114702	-0.0194281337108	-0.0111380410122	0.00676408042414
k__Bacteria;p__Bacteroidetes;c__Bacteroidia;o__Bacteroidales;f__Porphyromonadaceae;g__Parabacteroides;s__Parabacteroides_johnsonii	0.0615483350049	0.0383950760794	0.0126326445226	-0.0424072007517	0.0376826238732	0.0181904978135	0.0206032142964	-0.00171147758273	-0.000418629130426	0.00310478785418	-0.0303563836588	-0.0417285621815	0.0303251172477	-0.000205987102902	-0.0567338023914	-0.0501556518365	0.0242382862144	-0.0666240711631	0.00769363920562	0.002911929979	0.0367647335062	0.00232875637178	-0.0320797054225	0.0225207307587	-0.036044629626	0.0107006074887	-0.00629337676573	0.00285270608749	1.0	-0.00127453450434	0.0297495251309	-0.0735923978397	-0.0507672356453	-0.0534707708753	0.0407098304152	-0.025561400759	0.000130297911881	-0.0078030147109	-0.0304056780471	-0.00626034609353	-0.0814301779051	0.0362697379286	0.0170124685174	0.00276018995141	0.0417384389677	-0.0692981596271	0.0122354358909	0.00202156724711	-0.0171567881671	-0.0459394730762	-0.0500006713347	-0.0591369635835	-0.0835063543252	-0.00591079812996	0.0270848044182	0.0112011597069	0.0243904691949	0.00926318638872	-0.05675983455
k__Bacteria;p__Actinobacteria;c__Actinobacteria;o__Bifidobacteriales;f__Bifidobacteriaceae;g__Bifidobacterium;s__Bifidobacterium_longum	-0.00350404233455	-0.0113796484989	-0.0279421880975	0.0173800305399	-0.0182846557423	-0.00693416808009	-0.00448318331547	-0.0166443695395	0.0616569922039	0.0710588439849	-0.00324813236335	-0.0463404590717	0.0103552011179	0.0434878661585	-0.0346443994109	-0.0248751605623	-0.0367214779797	0.0160905936691	0.00779006374404	-0.0915406529023	0.0301368329509	-0.017881607091	-0.00222477596527	-0.0622491906777	0.0470230598392	0.0375418397215	-0.00462831316659	-0.0133559578097	-0.00127453450433	1.0	0.0014947651122	0.0223296776539	-0.0449421071739	-0.0137507118053	0.0143949806057	0.0280382393101	-0.0136094957261	-0.0363634972314	0.0155084185559	0.0445474025529	-0.0430236169957	-0.0209065600449	-0.00793710790728	-0.0105988556519	0.0333424018273	-0.0152993013406	0.0230178088761	-0.041510386045	-0.0327744426555	0.0500657326367	0.0227156662819	0.0061689011311	-0.0123868519833	-0.00339638008198	-0.0748855728627	-0.0239845415477	0.0630350206695	-0.0135058336528	-0.0724214070142
