#taxonomy	k__Bacteria;p__Bacteroidetes;c__Bacteroidia;o__Bacteroidales;f__Bacteroidaceae;g__Bacteroides;s__Bacteroides_vulgatus	k__Bacteria;p__Bacteroidetes;c__Bacteroidia;o__Bacteroidales;f__Bacteroidaceae;g__Bacteroides;s__Bacteroides_uniformis	k__Bacteria;p__Bacteroidetes;c__Bacteroidia;o__Bacteroidales;f__Rikenellaceae;g__Alistipes;s__Alistipes_putredinis	k__Bacteria;p__Bacteroidetes;c__Bacteroidia;o__Bacteroidales;f__Prevotellaceae;g__Prevotella;s__Prevotella_copri	k__Bacteria;p__Bacteroidetes;c__Bacteroidia;o__Bacteroidales;f__Bacteroidaceae;g__Bacteroides;s__Bacteroides_stercoris	k__Bacteria;p__Bacteroidetes;c__Bacteroidia;o__Bacteroidales;f__Bacteroidaceae;g__Bacteroides;s__Bacteroides_ovatus	k__Bacteria;p__Bacteroidetes;c__Bacteroidia;o__Bacteroidales;f__Rikenellaceae;g__Alistipes;s__Alistipes_shahii	k__Bacteria;p__Firmicutes;c__Clostridia;o__Clostridiales;f__Ruminococcaceae;g__Faecalibacterium;s__Faecalibacterium_prausnitzii	k__Bacteria;p__Bacteroidetes;c__Bacteroidia;o__Bacteroidales;f__Rikenellaceae;g__Alistipes;s__Alistipes_finegoldii	k__Bacteria;p__Bacteroidetes;c__Bacteroidia;o__Bacteroidales;f__Porphyromonadaceae;g__Parabacteroides;s__Parabacteroides_distasonis	k__Bacteria;p__Bacteroidetes;c__Bacteroidia;o__Bacteroidales;f__Bacteroidaceae;g__Bacteroides;s__Bacteroides_thetaiotaomicron	k__Bacteria;p__Bacteroidetes;c__Bacteroidia;o__Bacteroidales;f__Bacteroidaceae;g__Bacteroides;s__Bacteroides_coprocola	k__Bacteria;p__Bacteroidetes;c__Bacteroidia;o__Bacteroidales;f__Bacteroidaceae;g__Bacteroides;s__Bacteroides_cellulosilyticus	k__Bacteria;p__Bacteroidetes;c__Bacteroidia;o__Bacteroidales;f__Rikenellaceae;g__Alistipes;s__Alistipes_obesi	k__Bacteria;p__Firmicutes;c__Clostridia;o__Clostridiales;f__Lachnospiraceae;g__;s__[Eubacterium]_rectale	k__Bacteria;p__Bacteroidetes;c__Bacteroidia;o__Bacteroidales;f__Bacteroidaceae;g__Bacteroides;s__Bacteroides_plebeius	k__Bacteria;p__Bacteroidetes;c__Bacteroidia;o__Bacteroidales;f__Bacteroidaceae;g__Bacteroides;s__Bacteroides_fragilis	k__Bacteria;p__Proteobacteria;c__Betaproteobacteria;o__Burkholderiales;f__Sutterellaceae;g__Sutterella;s__Sutterella_wadsworthensis	k__Bacteria;p__Bacteroidetes;c__Bacteroidia;o__Bacteroidales;f__Porphyromonadaceae;g__Barnesiella;s__Barnesiella_intestinihominis	k__Bacteria;p__Bacteroidetes;c__Bacteroidia;o__Bacteroidales;f__Odoribacteraceae;g__Odoribacter;s__Odoribacter_splanchnicus	k__Bacteria;p__Bacteroidetes;c__Bacteroidia;o__Bacteroidales;f__Bacteroidaceae;g__Bacteroides;s__Bacteroides_salyersiae	k__Bacteria;p__Firmicutes;c__Clostridia;o__Clostridiales;f__Ruminococcaceae;g__Ruminiclostridium;s__[Eubacterium]_siraeum	k__Bacteria;p__Proteobacteria;c__Betaproteobacteria;o__Burkholderiales;f__Sutterellaceae;g__Parasutterella;s__Parasutterella_excrementihominis	k__Bacteria;p__Actinobacteria;c__Actinobacteria;o__Bifidobacteriales;f__Bifidobacteriaceae;g__Bifidobacterium;s__Bifidobacterium_adolescentis	k__Bacteria;p__Firmicutes;c__Clostridia;o__Clostridiales;f__Oscillospiraceae;g__Oscillibacter;s__Oscillibacter_sp._KLE_1745	k__Bacteria;p__Bacteroidetes;c__Bacteroidia;o__Bacteroidales;f__Bacteroidaceae;g__Bacteroides;s__Bacteroides_coprophilus	k__Bacteria;p__Firmicutes;c__Clostridia;o__Clostridiales;f__Lachnospiraceae;g__Roseburia;s__Roseburia_intestinalis	k__Bacteria;p__Firmicutes;c__Clostridia;o__Clostridiales;f__Lachnospiraceae;g__Roseburia;s__Roseburia_hominis	k__Bacteria;p__Bacteroidetes;c__Bacteroidia;o__Bacteroidales;f__Porphyromonadaceae;g__Parabacteroides;s__Parabacteroides_johnsonii	k__Bacteria;p__Actinobacteria;c__Actinobacteria;o__Bifidobacteriales;f__Bifidobacteriaceae;g__Bifidobacterium;s__Bifidobacterium_longum	k__Bacteria;p__Firmicutes;c__Clostridia;o__Clostridiales;f__;g__Flavonifractor;s__Flavonifractor_plautii	k__Bacteria;p__Firmicutes;c__Clostridia;o__Clostridiales;f__Clostridiaceae;g__Clostridium;s__Clostridium_phoceensis	k__Bacteria;p__Verrucomicrobia;c__Verrucomicrobiae;o__Verrucomicrobiales;f__Akkermansiaceae;g__Akkermansia;s__Akkermansia_muciniphila	k__Bacteria;p__Bacteroidetes;c__Bacteroidia;o__Bacteroidales;f__Prevotellaceae;g__Paraprevotella;s__Paraprevotella_xylaniphila	k__Bacteria;p__Firmicutes;c__Clostridia;o__Clostridiales;f__Ruminococcaceae;g__Ruminococcus;s__Ruminococcus_callidus	k__Bacteria;p__Bacteroidetes;c__Bacteroidia;o__Bacteroidales;f__Rikenellaceae;g__Alistipes;s__Alistipes_senegalensis	k__Bacteria;p__Firmicutes;c__Clostridia;o__Clostridiales;f__Lachnospiraceae;g__Blautia;s__Blautia_sp._KLE_1732	k__Bacteria;p__Bacteroidetes;c__Bacteroidia;o__Bacteroidales;f__Bacteroidaceae;g__Bacteroides;s__Bacteroides_oleiciplenus	k__Bacteria;p__Firmicutes;c__Clostridia;o__Clostridiales;f__Ruminococcaceae;g__Ruminococcus;s__Ruminococcus_bicirculans	k__Bacteria;p__Bacteroidetes;c__Bacteroidia;o__Bacteroidales;f__Bacteroidaceae;g__Bacteroides;s__Bacteroides_fluxus	k__Bacteria;p__Bacteroidetes;c__Bacteroidia;o__Bacteroidales;f__Prevotellaceae;g__Prevotella;s__Prevotella_stercorea	k__Bacteria;p__Firmicutes;c__Clostridia;o__Clostridiales;f__Lachnospiraceae;g__Dorea;s__Dorea_longicatena	k__Bacteria;p__Firmicutes;c__Clostridia;o__Clostridiales;f__Eubacteriaceae;g__Eubacterium;s__[Eubacterium]_eligens	k__Bacteria;p__Firmicutes;c__Clostridia;o__Clostridiales;f__Ruminococcaceae;g__;s__Ruminococcaceae_bacterium_D16	k__Bacteria;p__Firmicutes;c__Clostridia;o__Clostridiales;f__Lachnospiraceae;g__Coprococcus;s__Coprococcus_comes	k__Bacteria;p__Proteobacteria;c__Gammaproteobacteria;o__Enterobacterales;f__Enterobacteriaceae;g__Escherichia;s__Escherichia_coli	k__Bacteria;p__Firmicutes;c__Clostridia;o__Clostridiales;f__Ruminococcaceae;g__Anaerotruncus;s__Anaerotruncus_colihominis	k__Bacteria;p__Firmicutes;c__Clostridia;o__Clostridiales;f__Lachnospiraceae;g__Blautia;s__Blautia_obeum	k__Bacteria;p__Bacteroidetes;c__Bacteroidia;o__Bacteroidales;f__Odoribacteraceae;g__Odoribacter;s__Odoribacter_laneus	k__Bacteria;p__Firmicutes;c__Clostridia;o__Clostridiales;f__Ruminococcaceae;g__Ruminiclostridium;s__[Clostridium]_leptum	k__Bacteria;p__Bacteroidetes;c__Bacteroidia;o__Bacteroidales;f__Porphyromonadaceae;g__Parabacteroides;s__Parabacteroides_goldsteinii	k__Bacteria;p__Firmicutes;c__Clostridia;o__Clostridiales;f__Lachnospiraceae;g__Anaerostipes;s__Anaerostipes_hadrus	k__Bacteria;p__Firmicutes;c__Clostridia;o__Clostridiales;f__Ruminococcaceae;g__Ruminococcus;s__Ruminococcus_lactaris	k__Bacteria;p__Firmicutes;c__Clostridia;o__Clostridiales;f__Clostridiaceae;g__Clostridium;s__Clostridium_sp._L2-50	k__Bacteria;p__Firmicutes;c__Clostridia;o__Clostridiales;f__Clostridiaceae;g__Clostridium;s__Clostridium_sp._M62/1	k__Bacteria;p__Firmicutes;c__Clostridia;o__Clostridiales;f__;g__Intestinimonas;s__Intestinimonas_butyriciproducens	k__Bacteria;p__Actinobacteria;c__Actinobacteria;o__Bifidobacteriales;f__Bifidobacteriaceae;g__Bifidobacterium;s__Bifidobacterium_bifidum	k__Bacteria;p__Firmicutes;c__Negativicutes;o__Veillonellales;f__Veillonellaceae;g__Dialister;s__Dialister_invisus	k__Bacteria;p__Bacteroidetes;c__Bacteroidia;o__Bacteroidales;f__Bacteroidaceae;g__Bacteroides;s__Bacteroides_salanitronis
k__Bacteria;p__Bacteroidetes;c__Bacteroidia;o__Bacteroidales;f__Bacteroidaceae;g__Bacteroides;s__Bacteroides_vulgatus	1.0	0.0630066922725	-0.0106705709482	-0.0112398810656	-0.0510663151947	0.0499011329899	-0.0165809604489	-0.02425162089	-0.0258942307216	-0.00982573106993	-0.0363020723771	0.0444758205304	-0.052014267259	-0.0674440052645	0.00102405806012	0.0929795625473	0.00423613122816	-0.0154282808645	0.038465591811	0.043746136764	0.0421416252587	-0.0368331810791	-0.035327969619	-0.0658556904724	-0.0873246058179	0.00782545883895	0.017951998172	-0.0118417660251	-0.0637215823675	0.0567166002008	-0.0142199832137	0.00815936977498	0.0163582575663	-0.0387119851121	-0.0467417923368	-0.0434338521549	-0.0340406667542	-0.0214727656501	-0.00974175565777	-0.00414482703436	0.0283278341451	-0.0118914071213	0.0189855920833	-0.0631091694153	0.0123203165935	0.0280011612859	0.00895894359224	0.0158937077958	0.0373642663114	-0.0587187241175	0.0169242179266	0.0257292516287	-0.100410600822	-0.0353652235186	0.0438075333605	0.0369960975283	0.0317963665267	0.0488939825187	-0.0961876585885
k__Bacteria;p__Bacteroidetes;c__Bacteroidia;o__Bacteroidales;f__Bacteroidaceae;g__Bacteroides;s__Bacteroides_uniformis	0.0630066922725	1.0	0.091909806593	0.0444151435474	-0.033369863078	-0.0150614259107	0.00636767436192	0.0185538232718	-0.0136137765473	-0.0175530669304	-0.0209124913598	-0.0240707213456	0.0517421533947	0.0599353691992	0.00288398079465	-0.00690452109399	0.0469755953103	-0.0482631257549	-0.0577323252799	0.0252136526858	-0.0205553593494	0.0118801262637	-0.0579114522473	0.0324309730643	-0.0630678695842	0.0220523547801	0.0529639302455	0.0434374989013	0.00639081427494	0.0118906616907	-0.0102834745987	0.0137531186321	-0.0447615668436	-0.0350947426631	-0.0691677492697	-0.0424608654943	-0.0462935214435	0.0312064028027	-0.0804171929776	-0.0354442964723	-0.0167564335338	-0.00883982499631	-0.0113352814071	-0.00134357476694	0.0105626277755	0.028866507987	0.0102322272939	-0.0608389247535	0.0214327555288	-0.0847088122029	-0.0783065017023	0.0311818109188	-0.00545581817677	-0.0625256588878	0.00294297506852	0.01125722741	0.0356748545145	-0.0127870714232	0.0141379371941
k__Bacteria;p__Bacteroidetes;c__Bacteroidia;o__Bacteroidales;f__Rikenellaceae;g__Alistipes;s__Alistipes_putredinis	-0.0106705709482	0.091909806593	1.0	0.0442085862301	-0.0264335163176	-0.00793101721241	-0.00634179490088	-0.0557707657176	0.0159041776732	0.0530002437481	-0.0206779496119	0.0369439498355	-0.0373383348277	-0.0136122862195	0.0418173416635	0.0222323261275	-0.0207604135673	-0.0159948974995	-0.0072452834995	-0.0336448718093	0.0588961924608	0.00827398215181	0.028436961775	-0.000141322302268	0.0556453742961	0.068280943785	0.00749524653966	-0.058831990353	0.0833667936192	-0.0847561394464	-0.0251737287251	0.014884135452	-0.0387319309389	0.00951694544401	0.0121566375941	-0.0240445935107	-0.00945063676462	-0.01890795107	-0.0486779909693	0.056313806889	-0.0368051022645	0.0182212371448	-0.0501463795331	-0.0422926344742	0.00945576390872	-0.0239501880332	-0.012107076617	-0.0294351828889	0.0294589788252	0.0101709587218	-0.0672079575632	0.0738713704805	-0.0418328074412	-0.0200875940992	0.00916761272802	0.0363566301744	0.00407428273965	-0.0124163128616	-0.0115031357163
k__Bacteria;p__Bacteroidetes;c__Bacteroidia;o__Bacteroidales;f__Prevotellaceae;g__Prevotella;s__Prevotella_copri	-0.0112398810656	0.0444151435474	0.0442085862301	1.0	0.0380074208818	0.00850481409118	0.0405468645067	-0.0618324864999	0.00399942538213	0.0116856248418	-0.00891256530532	-0.0102919246265	0.0159279043354	-0.0317748808174	0.00699616958679	0.00670280898181	0.00415213166367	0.0123377891617	-0.00738215217534	-0.066278769605	-0.0176692744765	-0.0639107843223	-0.0863556757898	-0.0293627182797	0.0323642120248	-0.00970906955338	-0.0345238771166	0.0344777718793	0.0207468328413	-0.0335521267426	-0.00817304870786	0.053162312858	0.0457688554717	0.0230906537776	-0.0356397495776	-0.0115274490679	0.0629651008314	0.00797711846596	-0.0571293919303	-0.040347392255	0.0121297597955	0.0227169614731	-0.0915550977552	0.0166915572774	-0.0234828713946	0.0813735546428	0.0281774529238	-0.0111269354577	-0.0489967868839	-0.0151508096513	-0.0453033453749	-0.0361565169394	-0.082760011871	-0.0244037644715	0.000896116469492	-0.0251520491263	0.0195503067134	-0.0306064645409	-0.00382442931682
k__Bacteria;p__Bacteroidetes;c__Bacteroidia;o__Bacteroidales;f__Bacteroidaceae;g__Bacteroides;s__Bacteroides_stercoris	-0.0510663151947	-0.033369863078	-0.0264335163176	0.0380074208818	1.0	-0.0268212281897	-0.0393589004672	-0.0515614163156	-0.0295791969758	-0.015451821782	0.0739725997266	0.0237693207452	0.0100299406305	-0.0174605193524	0.0521966049262	-0.0739522601051	-0.0242684068277	-0.0214241772766	-0.0266056980754	-0.0333859944245	0.0239802965287	0.0112212371105	-0.0257459503439	0.0156836415485	0.0682473854934	-0.0279520266853	0.0110573221591	-0.00972841422382	-0.0182605644131	-0.000909486202119	0.0173858489226	-0.0597557284317	-0.0962427760851	0.00547246130218	0.0310877129126	-0.00424436128514	0.0286640759256	0.0444365843763	-0.0547748082911	0.0138234005373	-0.0479923717101	-0.038514660077	0.0335963167312	0.0568697121331	-0.0164141971506	-0.0370430264534	-0.0539971508415	0.0504143304265	0.0145831976199	0.0363834175768	-0.0156271163085	0.0183507882618	-0.0257762127483	-0.0384789973604	0.0459370138259	-0.0106095008926	0.0121304549384	-0.0810673397529	0.0330413644415
k__Bacteria;p__Bacteroidetes;c__Bacteroidia;o__Bacteroidales;f__Bacteroidaceae;g__Bacteroides;s__Bacteroides_ovatus	0.0499011329899	-0.0150614259107	-0.00793101721241	0.00850481409118	-0.0268212281897	1.0	-0.00238854539246	0.0109893782284	-0.000547315113991	-0.0254216622256	0.0244899581291	0.0148083313057	-0.0145127890527	-0.0488310219007	-0.0431664093286	-0.0290889787749	-0.0224884176945	-0.045485790423	-0.0500288684172	-0.013236071624	0.0366412502192	-0.00783574564808	-0.0255219250015	0.0132784691995	-0.0440978229365	-0.0209260377233	-0.0381578691808	-0.0230819984106	0.0273065117614	0.0230941324584	-0.06364788829	-0.00567355588607	0.0254326597028	-0.0188015441756	-0.03708179504	-0.00686387173416	-0.00881739122717	-0.00186868006299	-0.0105145258692	0.0204486180666	0.0321895563737	-0.0463285261797	0.0625201213185	-0.0334665390857	-0.0493531531849	0.0108450620449	0.0101396198511	-0.0572627943459	0.0161042561868	-0.0378787086422	-0.00445496046914	0.0129536561662	-0.0177168516636	-0.0454846669553	0.00208425492096	0.0350635424817	-0.00569420122477	-0.00215690571396	-0.00985284595687
k__Bacteria;p__Bacteroidetes;c__Bacteroidia;o__Bacteroidales;f__Rikenellaceae;g__Alistipes;s__Alistipes_shahii	-0.0165809604489	0.00636767436192	-0.00634179490088	0.0405468645067	-0.0393589004672	-0.00238854539246	1.0	-0.0119918150112	-0.00285833344813	-0.0288186818484	0.0406631280313	0.000479478310382	-0.0756079597818	0.00746626109268	-0.0522974297523	-0.0137451436205	0.0174020676932	0.0495462812605	0.0300305007331	-0.0229851402169	-0.0513464805881	-0.0502242981867	0.0380037318797	0.011546815734	0.0230634612888	0.0212871640176	-0.0176556212561	-0.0239981847815	-0.019872018674	-0.0528465287268	-0.0774440078388	0.00360513003336	0.124123167445	0.0207003857752	0.0421935554053	0.0496785765315	-0.00937019028607	-0.0863773045803	0.0223718902356	0.00970533212374	0.0456095506746	-0.0176927135052	-0.0283245354474	-0.0357162682225	0.0652960315608	0.0214536934184	-0.037703173722	-0.0471182161094	-0.0431114271355	0.0224354294932	0.0262447741079	-0.0268379049644	-0.0419679922316	-0.00173886180202	0.0228867121984	-0.0131175594416	-0.0309902115919	0.0577647833714	0.0161921668179
k__Bacteria;p__Firmicutes;c__Clostridia;o__Clostridiales;f__Ruminococcaceae;g__Faecalibacterium;s__Faecalibacterium_prausnitzii	-0.02425162089	0.0185538232718	-0.0557707657176	-0.0618324864999	-0.0515614163156	0.0109893782284	-0.0119918150112	1.0	-0.0258808951634	-0.0471530814741	-0.0370499966572	-0.0377525609782	-0.0204140152463	-0.0392000939157	-0.00679460545802	0.030436456378	-0.0121558073749	-0.0093262898948	-0.0165385520405	-0.0001619761301	0.0322276397943	-0.0313063631907	0.00133198221047	-0.029963369763	-0.0189975529574	0.0172986618365	-0.0265928590044	0.0542027541239	0.0323689746379	0.00397137529429	0.0345740862594	-0.0216962560972	-0.0265951737748	0.00782076922575	-0.0681992937345	-0.077862176779	-0.0102575430855	-0.0423696612331	0.00714578350091	0.0106630900661	0.00957247025446	0.0140712496683	0.0216417483254	-0.0312342201389	0.0141071599125	-0.0501564022928	0.00852144873986	0.0395464158296	-0.0768426826597	0.015541476313	-0.0704940255868	0.000243181539991	0.0299756080515	-0.00171738581546	-0.0132048236452	-0.0298436025323	-0.0227032367168	0.00735166463975	-0.0259428797786
k__Bacteria;p__Bacteroidetes;c__Bacteroidia;o__Bacteroidales;f__Rikenellaceae;g__Alistipes;s__Alistipes_finegoldii	-0.0258942307216	-0.0136137765473	0.0159041776732	0.00399942538213	-0.0295791969758	-0.000547315113991	-0.00285833344813	-0.0258808951634	1.0	-0.00897327340527	-0.0181248520436	-0.0561835146278	0.057016237448	-0.0173188354016	-0.0100196850855	-0.0336808251701	-0.000787098002144	-0.0344132803914	-0.0317586635909	0.000939637318321	-0.0342762117106	0.0210088283712	-0.00856037062988	0.0488267035726	0.00492400142876	0.0287791071536	-0.0569614987865	0.0367298437803	-0.013733733141	0.0439005746871	0.0375990945424	-0.0347819716241	0.0357714083738	-0.0338557122691	-0.042209475285	-0.049117330883	0.0353172574321	0.0147415777474	0.00953678773033	-0.0157030216462	0.00181009204629	0.0124747754882	-0.033271433747	-0.0369736409228	-0.0259114572376	0.0458738962885	-0.081547229216	-0.0112517474605	0.00102677366973	-0.0316329617188	0.0194135817522	0.0674213726335	0.0174028033296	0.0149929076752	-0.0205208044672	-0.0290072598802	-0.0893936316218	0.0258476398067	-0.0085996761137
k__Bacteria;p__Bacteroidetes;c__Bacteroidia;o__Bacteroidales;f__Porphyromonadaceae;g__Parabacteroides;s__Parabacteroides_distasonis	-0.00982573106993	-0.0175530669304	0.0530002437481	0.0116856248418	-0.015451821782	-0.0254216622256	-0.0288186818484	-0.0471530814741	-0.00897327340527	1.0	-0.0067652326203	-0.0593165993817	-0.0246754345755	0.0043796652843	0.0675482398829	-0.0492076960243	0.0114373339059	-0.0177689922251	-0.0448913970255	-0.0129970316434	0.0524302929637	0.0222567997684	0.0125720079125	-0.0256397720741	-0.0228303267938	-0.00150503864626	-0.0236701495124	-0.0907746902412	0.00575981784704	0.0298793569409	-0.00397417814932	0.0195474722128	0.0328622671828	0.0875670352765	0.0588082780648	-0.024354595158	0.0552054040452	0.00668064789721	0.0189244111549	-0.0029279279411	0.00540707619614	-0.11354564978	0.0101725458429	0.0128245814836	0.0609198662133	-0.0775401599836	0.00376971169009	-0.0442356195149	0.0302594796965	-0.00832425429037	-0.0355029366813	-0.0291365159295	0.025370992685	0.0309919616325	-0.0147235938574	-0.0180346247149	-0.0362416204758	0.00116834996508	-0.0207784978021
k__Bacteria;p__Bacteroidetes;c__Bacteroidia;o__Bacteroidales;f__Bacteroidaceae;g__Bacteroides;s__Bacteroides_thetaiotaomicron	-0.0363020723771	-0.0209124913598	-0.0206779496119	-0.00891256530532	0.0739725997266	0.0244899581291	0.0406631280313	-0.0370499966572	-0.0181248520436	-0.0067652326203	1.0	-0.0114911274446	-0.0169759823545	0.00443832718581	-0.0263470181532	-0.0201991201752	-0.0368075064773	-0.0108565545632	0.00817774819138	0.00100401121584	-0.0311093319124	0.0306238534991	-0.0359018171685	-0.0195772335768	-0.00158182259306	0.0208682301442	-0.0131030088452	0.0173766237912	-0.0175787757279	0.00021294425749	0.0150261105077	-0.077831507686	-0.0132262784409	-0.0219468409868	0.0158151423213	-0.0181695821667	0.0267239662571	-0.0117718695161	-0.037070395091	0.00488531179666	0.0282904269466	0.0338747601428	-0.0475585281774	-0.0428242190084	-0.032440728502	-0.0233782767847	-0.0193784384512	0.0442940924573	-0.064290879438	0.0213688215932	0.0168300132281	0.00374885176752	-0.0488648973753	-0.0386855276718	-0.0583757258037	0.0161629334642	0.0279682223685	0.0145946592513	-0.0373841089353
k__Bacteria;p__Bacteroidetes;c__Bacteroidia;o__Bacteroidales;f__Bacteroidaceae;g__Bacteroides;s__Bacteroides_coprocola	0.0444758205304	-0.0240707213456	0.0369439498355	-0.0102919246265	0.0237693207452	0.0148083313057	0.000479478310382	-0.0377525609782	-0.0561835146278	-0.0593165993817	-0.0114911274446	1.0	-0.0545142373689	-0.0361224668462	-0.00812794680244	0.0382971272311	0.027172797746	-0.033194766657	0.0328910696447	-0.0303038211627	0.0261215474239	0.00347329929912	0.0518798774456	0.0444931694315	-0.0589045428081	0.00799433022332	0.0283392701256	-0.0182775144732	-0.0482409155849	-0.04829118213	-0.0404054155665	0.000425962574137	0.0761998327506	-0.021092717734	-0.00400456857364	0.052484506866	-0.0206523465131	-0.0486402933221	-0.00671657850298	0.0680709515297	-0.00437913777994	0.00564269899704	0.00440711142105	0.0177947187725	-0.104395384368	0.0402291510665	0.00935718051577	0.0911182224023	-0.0380626795596	-0.00302617719973	-0.0217302113656	0.00642980909625	0.041562805596	-0.0277148330806	0.0321166359754	-0.0671555772927	-0.0371007850951	-0.0301558389936	0.0136301611717
k__Bacteria;p__Bacteroidetes;c__Bacteroidia;o__Bacteroidales;f__Bacteroidaceae;g__Bacteroides;s__Bacteroides_cellulosilyticus	-0.0520142672591	0.0517421533947	-0.0373383348277	0.0159279043354	0.0100299406305	-0.0145127890527	-0.0756079597818	-0.0204140152463	0.057016237448	-0.0246754345755	-0.0169759823545	-0.0545142373689	1.0	0.118141181786	-0.0116801026179	-0.00342037531892	0.0323081653971	-0.0215404531477	0.00710752932536	-0.0249670327468	-0.0658689344239	0.017510860675	0.0305900102566	-0.0387765540463	0.02666552564	-0.0334233585367	0.0497923901514	-0.0279827199956	0.0221865605402	-0.00860020695234	-0.016472709275	0.0565191045486	0.0336026301865	-0.0203704696678	0.00600329141272	-0.0121238026372	-0.000278580735762	-0.00637797532641	0.0210196206463	-0.02226962667	0.022460798487	-0.0453390665697	-0.0235779484677	-0.0981127941134	0.0242055570676	0.012967167265	0.000986018837248	-0.0543255779135	0.0109476252266	-0.0152431586706	-0.00672515981186	-0.0738894628645	-0.0093199029742	-0.0271559464941	-0.0639537831816	-0.0214540141203	-0.0220033849148	-0.00114332060239	-0.0306823888216
k__Bacteria;p__Bacteroidetes;c__Bacteroidia;o__Bacteroidales;f__Rikenellaceae;g__Alistipes;s__Alistipes_obesi	-0.0674440052645	0.0599353691992	-0.0136122862195	-0.0317748808174	-0.0174605193524	-0.0488310219007	0.00746626109268	-0.0392000939157	-0.0173188354016	0.0043796652843	0.00443832718581	-0.0361224668462	0.118141181786	1.0	-0.0169772149238	-0.0125361873435	0.0202877817716	-0.00995404400416	0.0423824771188	-0.067122810609	-0.00966929739612	-0.0131532360932	-0.051332469544	-0.00196464288129	0.0305173996814	-0.00114102657019	-0.00748118065517	-0.0391326379321	-0.0186331042021	-0.0111515804085	0.0171243653496	-0.0386668117599	-0.0214662918323	-0.0314264375735	0.0240544512787	-0.0300856987327	0.00722594272316	-0.00447198577554	-0.0325077101156	-0.00542156338929	-0.0815511554753	0.0276116430451	0.0181579849022	0.00419796569458	-0.0361685306353	0.0109234161709	0.0686247281047	0.0329303717737	0.0240543124816	0.028288930045	-0.00473439867223	-0.0232537473832	-0.0332104667727	0.0147628356212	-0.0166246057552	-0.0403030822689	-0.0147066756065	0.00875020507581	0.139712701586
k__Bacteria;p__Firmicutes;c__Clostridia;o__Clostridiales;f__Lachnospiraceae;g__;s__[Eubacterium]_rectale	0.00102405806012	0.00288398079465	0.0418173416635	0.00699616958679	0.0521966049262	-0.0431664093286	-0.0522974297523	-0.00679460545802	-0.0100196850855	0.0675482398829	-0.0263470181532	-0.00812794680244	-0.0116801026179	-0.0169772149238	1.0	-0.0183399821742	-0.0722139778874	-0.0202847537857	-0.0261809541105	-0.0616123168467	-0.0809151511926	-0.0380606938268	0.044140201711	0.00805438886317	-0.00947877696832	-0.0465253583633	-0.0585797273262	-0.00540976708897	0.00564408698977	-0.0494524628785	0.0671878578648	-0.0210893169265	-0.0162218424988	-0.0445429569164	0.0204759313935	0.00589860214433	0.0119158724771	-0.0243601812475	0.0788796049758	0.018006065144	-0.0279693153901	0.0385816405145	-0.0154520801442	-0.0309152714611	0.0817948064101	-0.00365468818655	-0.00695649065488	0.0576483296177	-0.0424019187916	0.000608639891172	-0.0151492226204	0.0311987949687	-0.00368797980484	-0.0261465668094	0.0175733691061	-0.0117853203608	-0.0296828938773	-0.031835080673	-0.0257659675179
k__Bacteria;p__Bacteroidetes;c__Bacteroidia;o__Bacteroidales;f__Bacteroidaceae;g__Bacteroides;s__Bacteroides_plebeius	0.0929795625473	-0.00690452109399	0.0222323261275	0.00670280898181	-0.0739522601051	-0.0290889787749	-0.0137451436205	0.030436456378	-0.0336808251701	-0.0492076960243	-0.0201991201752	0.0382971272311	-0.00342037531892	-0.0125361873435	-0.0183399821742	1.0	-0.0408605023347	0.0268446437466	0.0213379847674	-0.0456605956652	0.0239451673447	-0.00608134955102	0.0171848993305	0.0251416933237	-0.0239832345708	-0.0746189711944	-0.0654145201319	-0.0273135698644	0.0243237536887	0.0274804633227	-0.0354723587232	0.0314399617323	-0.0639073166757	-0.00562856115249	0.0429985702374	0.0559667590605	0.0840211111346	-0.0551075782633	0.0100630548069	0.025310199364	-0.0432449628798	0.0353088342378	0.00220439163096	-0.0342213452151	-0.052095317974	-0.0174600546975	-0.0567146076556	0.00445658848178	0.0394507906853	-0.012749077186	-0.0229998499559	0.0118542651489	-0.00894138745075	0.00141096361893	-9.17600556945e-05	-0.0309985624657	0.0282782226658	-0.00597251383347	-0.0349198444699
k__Bacteria;p__Bacteroidetes;c__Bacteroidia;o__Bacteroidales;f__Bacteroidaceae;g__Bacteroides;s__Bacteroides_fragilis	0.00423613122816	0.0469755953103	-0.0207604135673	0.00415213166367	-0.0242684068277	-0.0224884176945	0.0174020676932	-0.0121558073749	-0.000787098002144	0.0114373339059	-0.0368075064773	0.027172797746	0.0323081653971	0.0202877817716	-0.0722139778874	-0.0408605023347	1.0	-0.0204561163085	-0.0499061262054	0.0169925866744	-0.0158362773957	-0.0179184908576	-0.0293432736587	-0.0456671663247	-0.0283613395076	-0.0214097203517	-0.00777754946407	0.0236827432599	-0.04448125362	0.00966136521545	-0.0103371811098	-0.0109738802332	0.0478375815302	0.0274798352322	0.0182170885049	0.00733639918867	-0.0165904124026	0.0195175337575	-0.0270993768992	0.0192919022744	0.0220273455107	0.014511445943	0.00693792742715	-0.0686909647669	0.0036803208252	0.0642396120922	-0.00225666787983	-0.0610094781233	0.0313761032018	0.032477236973	-0.00470573021868	-0.0489354996488	-0.00745569182493	-0.0287272804477	0.0215330626175	0.0104414242703	-0.01334063436	-0.0527235056666	-0.00900283822901
k__Bacteria;p__Proteobacteria;c__Betaproteobacteria;o__Burkholderiales;f__Sutterellaceae;g__Sutterella;s__Sutterella_wadsworthensis	-0.0154282808645	-0.0482631257549	-0.0159948974995	0.0123377891617	-0.0214241772766	-0.045485790423	0.0495462812605	-0.0093262898948	-0.0344132803914	-0.0177689922251	-0.0108565545632	-0.033194766657	-0.0215404531477	-0.00995404400416	-0.0202847537857	0.0268446437466	-0.0204561163085	1.0	0.00317009579089	0.0303385472775	-0.00379797154757	0.0279272590385	0.0446803560729	-0.0210365433815	-0.0386825887541	0.0693576314598	-0.0105025557271	0.0655311827337	-0.0463932214553	0.0179595446757	-0.106480751246	-0.0312350369334	-0.00174738779042	0.0246417301804	-0.00968137938618	0.0114647885524	0.0601529590902	0.00473191937906	0.00366515875063	-0.00807607250701	0.00964821799288	-0.0479425155426	-0.063487346845	0.00589047105236	-0.0274818442561	-0.0964981739839	-0.0234029699982	-0.0149606564502	-0.00856519508933	0.0631809961	0.0419589048355	-0.0388141035847	-0.0158894309872	-0.0464531208313	-0.00911880661631	-0.0231856285822	0.0261102654207	0.0120981588052	-0.00594911034775
k__Bacteria;p__Bacteroidetes;c__Bacteroidia;o__Bacteroidales;f__Porphyromonadaceae;g__Barnesiella;s__Barnesiella_intestinihominis	0.038465591811	-0.0577323252799	-0.0072452834995	-0.00738215217534	-0.0266056980754	-0.0500288684172	0.0300305007331	-0.0165385520405	-0.0317586635909	-0.0448913970255	0.00817774819138	0.0328910696447	0.00710752932536	0.0423824771188	-0.0261809541105	0.0213379847674	-0.0499061262054	0.00317009579089	1.0	-0.0693942119273	-0.027351730103	0.012754610948	0.0243490050717	-0.0439206986478	0.0268336930733	-0.0213600925528	0.0233189637973	-0.00853082956838	0.00444693125223	-0.00637654579931	0.0306954847639	0.027718294097	-0.0255321153952	-0.0184515334755	0.0168438529697	0.0706356686468	-0.0812109928949	-0.0156243155827	0.00747306500599	0.0516736713045	-0.00708252543963	-0.0143464085181	-0.0233528296767	-0.0388234094598	-0.0403492402797	-0.044507583377	0.0456017373481	-0.0473684381705	-0.0041892964476	-0.0289765459313	-0.027411939391	-0.00559490177967	0.0377782753433	-0.00289578595092	0.00236055714253	0.0335814888145	-0.0310116197064	0.0234668132014	-0.025445005118
k__Bacteria;p__Bacteroidetes;c__Bacteroidia;o__Bacteroidales;f__Odoribacteraceae;g__Odoribacter;s__Odoribacter_splanchnicus	0.043746136764	0.0252136526858	-0.0336448718093	-0.066278769605	-0.0333859944245	-0.013236071624	-0.0229851402169	-0.0001619761301	0.000939637318321	-0.0129970316434	0.00100401121584	-0.0303038211627	-0.0249670327468	-0.067122810609	-0.0616123168467	-0.0456605956652	0.0169925866744	0.0303385472775	-0.0693942119273	1.0	-0.0467419371566	-0.0680465501909	0.0242559097054	-0.0161943275928	-0.00926135177813	0.0339097859613	0.0162083722093	-0.0063886621139	0.0354791156113	0.000854416862281	0.0120237588592	0.00148653588879	0.00670330577477	-0.0184992333865	-0.0737707459485	-0.0157506753593	-0.0253424074052	-0.0734052819478	-0.0387579232064	-0.0122807258515	0.0134540867324	0.0545726995573	0.0150624022437	0.0252456089336	0.0369907718279	-0.0200294002691	0.0182633918645	-0.0359172223139	0.0290847548824	0.000620459797394	-0.00289502954877	-0.00287472945896	0.00541853572224	0.0300529215706	0.0318412946853	-0.0323732349923	-0.0603502575712	-0.00261444805214	-0.0528780094279
k__Bacteria;p__Bacteroidetes;c__Bacteroidia;o__Bacteroidales;f__Bacteroidaceae;g__Bacteroides;s__Bacteroides_salyersiae	0.0421416252587	-0.0205553593494	0.0588961924608	-0.0176692744765	0.0239802965287	0.0366412502192	-0.0513464805881	0.0322276397943	-0.0342762117106	0.0524302929637	-0.0311093319124	0.0261215474239	-0.0658689344239	-0.00966929739612	-0.0809151511926	0.0239451673447	-0.0158362773957	-0.00379797154757	-0.027351730103	-0.0467419371566	1.0	-0.0152659118851	0.0409854948603	0.0399220848807	-0.0199738417834	0.00774259076186	-0.0804000015944	0.0226080733017	-0.0736563064697	0.0433031921243	0.0117864902604	-0.0106851975523	0.0169861457135	-0.0126340291861	-5.40732261625e-05	0.00577157976785	-0.0632854282315	-0.0132379444036	-0.0163059419713	0.00415992679616	-0.0485580508415	-0.0487637981495	0.0252835288707	0.00107009432904	-0.0735098147496	0.0206887316144	0.0238907587853	0.0422124338988	-0.0288574787394	0.0329587099743	0.0221200991729	0.00482676275927	0.013165743727	-0.0359218980075	-0.041457758997	0.0341163918723	0.0708190187189	0.0324064211053	-0.0146461799876
k__Bacteria;p__Firmicutes;c__Clostridia;o__Clostridiales;f__Ruminococcaceae;g__Ruminiclostridium;s__[Eubacterium]_siraeum	-0.0368331810791	0.0118801262637	0.00827398215181	-0.0639107843223	0.0112212371105	-0.00783574564808	-0.0502242981867	-0.0313063631907	0.0210088283712	0.0222567997684	0.0306238534991	0.00347329929912	0.017510860675	-0.0131532360932	-0.0380606938268	-0.00608134955102	-0.0179184908576	0.0279272590385	0.012754610948	-0.0680465501909	-0.0152659118851	1.0	0.0271845690505	-0.0357219290776	0.00809046759997	0.0148166755309	-0.0122238162018	-0.0060037308783	0.0162849165536	-0.0227195851693	-0.0457250592359	-0.0429892285417	-0.0589570804171	-0.042726929825	0.0396061014665	-0.0843689648218	0.015141457124	-0.0795360111188	0.0257758479433	0.0140827824796	0.0106193687419	0.0332135065948	0.00930975047268	0.0634346641817	-0.0308405844679	0.0198819826325	-0.016720400343	0.0914487609218	-0.00149889143806	-0.004104912994	-0.0573874414373	-0.0514561139732	-0.00382699500337	0.0102820661192	-0.00384966631194	-0.0491082691814	-0.0113507035508	-0.0302272473954	0.0135472310705
k__Bacteria;p__Proteobacteria;c__Betaproteobacteria;o__Burkholderiales;f__Sutterellaceae;g__Parasutterella;s__Parasutterella_excrementihominis	-0.035327969619	-0.0579114522473	0.028436961775	-0.0863556757898	-0.0257459503439	-0.0255219250015	0.0380037318797	0.00133198221047	-0.00856037062988	0.0125720079125	-0.0359018171685	0.0518798774456	0.0305900102566	-0.051332469544	0.044140201711	0.0171848993305	-0.0293432736587	0.0446803560729	0.0243490050717	0.0242559097054	0.0409854948603	0.0271845690505	1.0	-0.0504944980133	-0.00456614341216	-0.00725298850728	0.00677495549919	-0.0112838910997	0.0372637751873	0.0342094450633	-0.0667814977691	0.078528124604	-0.0373185494208	-0.0560227501896	-0.00293893834857	-0.0342075029618	0.0315897894681	-0.00244206986733	0.0249242453362	-0.0345168596757	-0.00947203738433	-0.0172271780935	-0.0173426875729	-0.069364936946	-0.0386335201478	-0.0166665079958	0.0546264888623	-0.0415558346365	-0.0604276750946	-0.0952499427834	-0.0494709767427	-0.00254013364056	-0.0375484345945	0.0464160195644	-0.0189699010758	0.0648287569808	0.00641851542219	-0.00957906228147	0.00913058704868
k__Bacteria;p__Actinobacteria;c__Actinobacteria;o__Bifidobacteriales;f__Bifidobacteriaceae;g__Bifidobacterium;s__Bifidobacterium_adolescentis	-0.0658556904724	0.0324309730643	-0.000141322302268	-0.0293627182797	0.0156836415485	0.0132784691995	0.011546815734	-0.029963369763	0.0488267035726	-0.0256397720741	-0.0195772335768	0.0444931694315	-0.0387765540463	-0.00196464288129	0.00805438886317	0.0251416933237	-0.0456671663247	-0.0210365433815	-0.0439206986478	-0.0161943275928	0.0399220848807	-0.0357219290776	-0.0504944980133	1.0	-0.014358703977	-0.0936491833736	-0.0290055314601	-0.114999404693	0.0106448847006	0.00312433789463	0.0175404766297	0.0426284686822	0.0216315505618	0.00702263417705	-0.0244070911083	0.025403433024	-0.0936081709729	-0.0610595497248	0.0421417366456	-0.0699318138354	0.0125422826258	-0.0247655517304	0.0431620173345	0.0346882561661	0.00993205610362	0.010723137611	-0.0162728771314	-0.00655233042444	0.0658080109692	-0.0063279026764	0.0111113720507	0.0200281214947	0.035758919142	-0.0602330803728	-0.00115159106944	-0.0219234792857	-0.0542861249111	-0.0690131523064	0.0137147568026
k__Bacteria;p__Firmicutes;c__Clostridia;o__Clostridiales;f__Oscillospiraceae;g__Oscillibacter;s__Oscillibacter_sp._KLE_1745	-0.0873246058179	-0.0630678695842	0.0556453742961	0.0323642120248	0.0682473854934	-0.0440978229365	0.0230634612888	-0.0189975529574	0.00492400142876	-0.0228303267938	-0.00158182259306	-0.0589045428081	0.02666552564	0.0305173996814	-0.00947877696832	-0.0239832345708	-0.0283613395076	-0.0386825887541	0.0268336930733	-0.00926135177813	-0.0199738417834	0.00809046759997	-0.00456614341216	-0.014358703977	1.0	0.0207594943292	-0.0129967558811	0.0504231441584	0.0110513146421	-0.048939737059	0.0226493747607	-0.0434841132807	-0.00145328557647	-0.052380748984	-0.0404945684847	0.0420064646653	0.0159265006053	0.0193532888899	0.0139815257065	-0.0714421977711	-0.0367143679208	-0.0335032322587	0.0557878410298	0.000143994782557	0.0575917538157	-0.0232775531638	-0.0220746196691	-0.0324512767857	0.0478824268405	-0.0051308429118	-0.0148693812444	-0.042132763023	0.0104889981892	0.0454828965386	0.0299777465636	0.0370959149628	-0.0571061893683	-0.00484790867708	-0.00977571058262
k__Bacteria;p__Bacteroidetes;c__Bacteroidia;o__Bacteroidales;f__Bacteroidaceae;g__Bacteroides;s__Bacteroides_coprophilus	0.00782545883895	0.0220523547801	0.068280943785	-0.00970906955338	-0.0279520266853	-0.0209260377233	0.0212871640176	0.0172986618365	0.0287791071536	-0.00150503864626	0.0208682301442	0.00799433022332	-0.0334233585367	-0.00114102657019	-0.0465253583633	-0.0746189711944	-0.0214097203517	0.0693576314598	-0.0213600925528	0.0339097859613	0.00774259076186	0.0148166755309	-0.00725298850728	-0.0936491833736	0.0207594943292	1.0	-0.0272069675427	-0.00599885503709	0.0116315238921	-0.0677571249052	-0.0112758800154	0.0182168201034	0.036796721968	-0.0113885589985	0.0268709958916	0.0263931235956	0.0500555769967	-0.0016759176506	-0.00672061763504	-0.0425942197929	-0.000348044122972	-0.0809825975355	-0.039614338207	0.00439293355107	-0.0220629388255	-0.00788827032079	0.01988215754	-0.0373731994999	-0.030971489076	-0.0054928038368	-0.00272405786872	-0.0204228272651	-0.0208877208657	-0.0014767064651	-0.0107288857386	0.0188360061944	-0.037471539077	0.0495440625127	-0.0583187401066
k__Bacteria;p__Firmicutes;c__Clostridia;o__Clostridiales;f__Lachnospiraceae;g__Roseburia;s__Roseburia_intestinalis	0.017951998172	0.0529639302455	0.00749524653966	-0.0345238771166	0.0110573221591	-0.0381578691808	-0.0176556212561	-0.0265928590044	-0.0569614987865	-0.0236701495124	-0.0131030088452	0.0283392701256	0.0497923901514	-0.00748118065517	-0.0585797273262	-0.0654145201319	-0.00777754946407	-0.0105025557271	0.0233189637973	0.0162083722093	-0.0804000015944	-0.0122238162018	0.00677495549919	-0.0290055314601	-0.0129967558811	-0.0272069675427	1.0	-0.0331781954427	0.00489034224429	-0.0724569112677	-0.0483192743947	-0.0322858652963	-0.00240864362516	0.0681772440019	-0.025679304437	0.0270337783528	-0.00461331235195	-0.0713402696425	0.0439485628158	-0.0317408368055	0.0203861740212	0.0118812683627	-0.0648811926438	0.0265143642943	0.00417147009359	0.0277947344606	0.028592150312	0.00597981708871	0.0179263764334	0.0568674663461	-0.0627517911695	-0.0797227924214	-0.0120300501207	0.00705086652529	0.0348341748377	-0.0196174252393	-0.0542390264449	0.0156862687619	0.00511249072547
k__Bacteria;p__Firmicutes;c__Clostridia;o__Clostridiales;f__Lachnospiraceae;g__Roseburia;s__Roseburia_hominis	-0.0118417660251	0.0434374989013	-0.058831990353	0.0344777718793	-0.00972841422382	-0.0230819984106	-0.0239981847815	0.0542027541239	0.0367298437803	-0.0907746902412	0.0173766237912	-0.0182775144732	-0.0279827199956	-0.0391326379321	-0.00540976708897	-0.0273135698644	0.0236827432599	0.0655311827337	-0.00853082956838	-0.0063886621139	0.0226080733017	-0.0060037308783	-0.0112838910997	-0.114999404693	0.0504231441584	-0.00599885503709	-0.0331781954427	1.0	-0.0218331250273	0.0262262531151	-0.0516628909157	0.00334176002136	0.030471174394	0.0319987726476	0.0578403806698	-0.044169830474	0.024953214874	-0.062876022844	-0.0195656815944	0.0307662457347	0.00443511961925	-0.0532220784823	-0.00945647470775	0.0244716898188	-0.0171746024604	-0.00479447835259	-0.112271307726	0.0215877794071	-0.0184783897175	0.00233276770169	-0.0368923850273	-0.0618077873149	0.0142498733784	0.0372907194076	-0.0181396420137	-0.068027994866	-0.0229149451655	0.0120416624594	-0.0351211680938
k__Bacteria;p__Bacteroidetes;c__Bacteroidia;o__Bacteroidales;f__Porphyromonadaceae;g__Parabacteroides;s__Parabacteroides_johnsonii	-0.0637215823675	0.00639081427494	0.0833667936192	0.0207468328413	-0.0182605644131	0.0273065117614	-0.019872018674	0.0323689746379	-0.013733733141	0.00575981784704	-0.0175787757279	-0.0482409155849	0.0221865605402	-0.0186331042021	0.00564408698977	0.0243237536887	-0.04448125362	-0.0463932214553	0.00444693125223	0.0354791156113	-0.0736563064697	0.0162849165536	0.0372637751873	0.0106448847006	0.0110513146421	0.0116315238921	0.00489034224429	-0.0218331250273	1.0	0.0188241385103	-0.0666561222691	0.00277056216085	-0.0781152894193	0.00881135008046	-0.0248762274453	-0.0126661004201	-0.00408660746593	0.0173927032019	-0.045058721878	-0.0640519064293	0.0125781264322	-0.0220800807246	-0.0634326542828	0.0195524647595	-0.0109429593979	-0.0599654535512	0.0204517568604	-0.00792881881627	-0.017041316328	-0.0224427412973	0.0137166196821	-0.0226982955357	-0.0214868344188	-0.0278343236372	-0.00191162078678	-0.0321798367057	-0.0536403048207	-0.0272038669778	0.0450325099973
k__Bacteria;p__Actinobacteria;c__Actinobacteria;o__Bifidobacteriales;f__Bifidobacteriaceae;g__Bifidobacterium;s__Bifidobacterium_longum	0.0567166002008	0.0118906616907	-0.0847561394464	-0.0335521267426	-0.000909486202119	0.0230941324584	-0.0528465287268	0.00397137529429	0.0439005746871	0.0298793569409	0.00021294425749	-0.04829118213	-0.00860020695234	-0.0111515804085	-0.0494524628785	0.0274804633227	0.00966136521545	0.0179595446757	-0.00637654579931	0.000854416862281	0.0433031921243	-0.0227195851693	0.0342094450633	0.00312433789463	-0.048939737059	-0.0677571249052	-0.0724569112677	0.0262262531151	0.0188241385103	1.0	-0.00930503554248	-0.0451144511599	0.00549456818171	-0.0554675505962	0.0290873076336	-0.000787062397964	0.0641025394685	-0.0191446059259	-0.0405709494608	-0.00112642340445	-0.0399033678789	-0.0126481064722	0.0274348650031	0.0162892604044	-0.0479397774734	0.000996144379687	0.000303359372547	-0.0791230402454	0.00520509527346	-0.0370418635796	-0.00283774809479	-0.0331275093848	0.00149725438374	0.0189400170536	0.0555317238294	0.0194749998461	0.0230939905603	-0.0488426563292	-0.0402026665729
