#taxonomy	k__Bacteria;p__Bacteroidetes;c__Bacteroidia;o__Bacteroidales;f__Bacteroidaceae;g__Bacteroides;s__Bacteroides_vulgatus	k__Bacteria;p__Bacteroidetes;c__Bacteroidia;o__Bacteroidales;f__Bacteroidaceae;g__Bacteroides;s__Bacteroides_uniformis	k__Bacteria;p__Bacteroidetes;c__Bacteroidia;o__Bacteroidales;f__Rikenellaceae;g__Alistipes;s__Alistipes_putredinis	k__Bacteria;p__Bacteroidetes;c__Bacteroidia;o__Bacteroidales;f__Prevotellaceae;g__Prevotella;s__Prevotella_copri	k__Bacteria;p__Bacteroidetes;c__Bacteroidia;o__Bacteroidales;f__Bacteroidaceae;g__Bacteroides;s__Bacteroides_stercoris	k__Bacteria;p__Bacteroidetes;c__Bacteroidia;o__Bacteroidales;f__Bacteroidaceae;g__Bacteroides;s__Bacteroides_ovatus	k__Bacteria;p__Bacteroidetes;c__Bacteroidia;o__Bacteroidales;f__Rikenellaceae;g__Alistipes;s__Alistipes_shahii	k__Bacteria;p__Firmicutes;c__Clostridia;o__Clostridiales;f__Ruminococcaceae;g__Faecalibacterium;s__Faecalibacterium_prausnitzii	k__Bacteria;p__Bacteroidetes;c__Bacteroidia;o__Bacteroidales;f__Rikenellaceae;g__Alistipes;s__Alistipes_finegoldii	k__Bacteria;p__Bacteroidetes;c__Bacteroidia;o__Bacteroidales;f__Porphyromonadaceae;g__Parabacteroides;s__Parabacteroides_distasonis	k__Bacteria;p__Bacteroidetes;c__Bacteroidia;o__Bacteroidales;f__Bacteroidaceae;g__Bacteroides;s__Bacteroides_thetaiotaomicron	k__Bacteria;p__Bacteroidetes;c__Bacteroidia;o__Bacteroidales;f__Bacteroidaceae;g__Bacteroides;s__Bacteroides_coprocola	k__Bacteria;p__Bacteroidetes;c__Bacteroidia;o__Bacteroidales;f__Bacteroidaceae;g__Bacteroides;s__Bacteroides_cellulosilyticus	k__Bacteria;p__Bacteroidetes;c__Bacteroidia;o__Bacteroidales;f__Rikenellaceae;g__Alistipes;s__Alistipes_obesi	k__Bacteria;p__Firmicutes;c__Clostridia;o__Clostridiales;f__Lachnospiraceae;g__;s__[Eubacterium]_rectale	k__Bacteria;p__Bacteroidetes;c__Bacteroidia;o__Bacteroidales;f__Bacteroidaceae;g__Bacteroides;s__Bacteroides_plebeius	k__Bacteria;p__Bacteroidetes;c__Bacteroidia;o__Bacteroidales;f__Bacteroidaceae;g__Bacteroides;s__Bacteroides_fragilis	k__Bacteria;p__Proteobacteria;c__Betaproteobacteria;o__Burkholderiales;f__Sutterellaceae;g__Sutterella;s__Sutterella_wadsworthensis	k__Bacteria;p__Bacteroidetes;c__Bacteroidia;o__Bacteroidales;f__Porphyromonadaceae;g__Barnesiella;s__Barnesiella_intestinihominis	k__Bacteria;p__Bacteroidetes;c__Bacteroidia;o__Bacteroidales;f__Odoribacteraceae;g__Odoribacter;s__Odoribacter_splanchnicus	k__Bacteria;p__Bacteroidetes;c__Bacteroidia;o__Bacteroidales;f__Bacteroidaceae;g__Bacteroides;s__Bacteroides_salyersiae	k__Bacteria;p__Firmicutes;c__Clostridia;o__Clostridiales;f__Ruminococcaceae;g__Ruminiclostridium;s__[Eubacterium]_siraeum	k__Bacteria;p__Proteobacteria;c__Betaproteobacteria;o__Burkholderiales;f__Sutterellaceae;g__Parasutterella;s__Parasutterella_excrementihominis	k__Bacteria;p__Actinobacteria;c__Actinobacteria;o__Bifidobacteriales;f__Bifidobacteriaceae;g__Bifidobacterium;s__Bifidobacterium_adolescentis	k__Bacteria;p__Firmicutes;c__Clostridia;o__Clostridiales;f__Oscillospiraceae;g__Oscillibacter;s__Oscillibacter_sp._KLE_1745	k__Bacteria;p__Bacteroidetes;c__Bacteroidia;o__Bacteroidales;f__Bacteroidaceae;g__Bacteroides;s__Bacteroides_coprophilus	k__Bacteria;p__Firmicutes;c__Clostridia;o__Clostridiales;f__Lachnospiraceae;g__Roseburia;s__Roseburia_intestinalis	k__Bacteria;p__Firmicutes;c__Clostridia;o__Clostridiales;f__Lachnospiraceae;g__Roseburia;s__Roseburia_hominis	k__Bacteria;p__Bacteroidetes;c__Bacteroidia;o__Bacteroidales;f__Porphyromonadaceae;g__Parabacteroides;s__Parabacteroides_johnsonii	k__Bacteria;p__Actinobacteria;c__Actinobacteria;o__Bifidobacteriales;f__Bifidobacteriaceae;g__Bifidobacterium;s__Bifidobacterium_longum	k__Bacteria;p__Firmicutes;c__Clostridia;o__Clostridiales;f__;g__Flavonifractor;s__Flavonifractor_plautii	k__Bacteria;p__Firmicutes;c__Clostridia;o__Clostridiales;f__Clostridiaceae;g__Clostridium;s__Clostridium_phoceensis	k__Bacteria;p__Verrucomicrobia;c__Verrucomicrobiae;o__Verrucomicrobiales;f__Akkermansiaceae;g__Akkermansia;s__Akkermansia_muciniphila	k__Bacteria;p__Bacteroidetes;c__Bacteroidia;o__Bacteroidales;f__Prevotellaceae;g__Paraprevotella;s__Paraprevotella_xylaniphila	k__Bacteria;p__Firmicutes;c__Clostridia;o__Clostridiales;f__Ruminococcaceae;g__Ruminococcus;s__Ruminococcus_callidus	k__Bacteria;p__Bacteroidetes;c__Bacteroidia;o__Bacteroidales;f__Rikenellaceae;g__Alistipes;s__Alistipes_senegalensis	k__Bacteria;p__Firmicutes;c__Clostridia;o__Clostridiales;f__Lachnospiraceae;g__Blautia;s__Blautia_sp._KLE_1732	k__Bacteria;p__Bacteroidetes;c__Bacteroidia;o__Bacteroidales;f__Bacteroidaceae;g__Bacteroides;s__Bacteroides_oleiciplenus	k__Bacteria;p__Firmicutes;c__Clostridia;o__Clostridiales;f__Ruminococcaceae;g__Ruminococcus;s__Ruminococcus_bicirculans	k__Bacteria;p__Bacteroidetes;c__Bacteroidia;o__Bacteroidales;f__Bacteroidaceae;g__Bacteroides;s__Bacteroides_fluxus	k__Bacteria;p__Bacteroidetes;c__Bacteroidia;o__Bacteroidales;f__Prevotellaceae;g__Prevotella;s__Prevotella_stercorea	k__Bacteria;p__Firmicutes;c__Clostridia;o__Clostridiales;f__Lachnospiraceae;g__Dorea;s__Dorea_longicatena	k__Bacteria;p__Firmicutes;c__Clostridia;o__Clostridiales;f__Eubacteriaceae;g__Eubacterium;s__[Eubacterium]_eligens	k__Bacteria;p__Firmicutes;c__Clostridia;o__Clostridiales;f__Ruminococcaceae;g__;s__Ruminococcaceae_bacterium_D16	k__Bacteria;p__Firmicutes;c__Clostridia;o__Clostridiales;f__Lachnospiraceae;g__Coprococcus;s__Coprococcus_comes	k__Bacteria;p__Proteobacteria;c__Gammaproteobacteria;o__Enterobacterales;f__Enterobacteriaceae;g__Escherichia;s__Escherichia_coli	k__Bacteria;p__Firmicutes;c__Clostridia;o__Clostridiales;f__Ruminococcaceae;g__Anaerotruncus;s__Anaerotruncus_colihominis	k__Bacteria;p__Firmicutes;c__Clostridia;o__Clostridiales;f__Lachnospiraceae;g__Blautia;s__Blautia_obeum	k__Bacteria;p__Bacteroidetes;c__Bacteroidia;o__Bacteroidales;f__Odoribacteraceae;g__Odoribacter;s__Odoribacter_laneus	k__Bacteria;p__Firmicutes;c__Clostridia;o__Clostridiales;f__Ruminococcaceae;g__Ruminiclostridium;s__[Clostridium]_leptum	k__Bacteria;p__Bacteroidetes;c__Bacteroidia;o__Bacteroidales;f__Porphyromonadaceae;g__Parabacteroides;s__Parabacteroides_goldsteinii	k__Bacteria;p__Firmicutes;c__Clostridia;o__Clostridiales;f__Lachnospiraceae;g__Anaerostipes;s__Anaerostipes_hadrus	k__Bacteria;p__Firmicutes;c__Clostridia;o__Clostridiales;f__Ruminococcaceae;g__Ruminococcus;s__Ruminococcus_lactaris	k__Bacteria;p__Firmicutes;c__Clostridia;o__Clostridiales;f__Clostridiaceae;g__Clostridium;s__Clostridium_sp._L2-50	k__Bacteria;p__Firmicutes;c__Clostridia;o__Clostridiales;f__Clostridiaceae;g__Clostridium;s__Clostridium_sp._M62/1	k__Bacteria;p__Firmicutes;c__Clostridia;o__Clostridiales;f__;g__Intestinimonas;s__Intestinimonas_butyriciproducens	k__Bacteria;p__Actinobacteria;c__Actinobacteria;o__Bifidobacteriales;f__Bifidobacteriaceae;g__Bifidobacterium;s__Bifidobacterium_bifidum	k__Bacteria;p__Firmicutes;c__Negativicutes;o__Veillonellales;f__Veillonellaceae;g__Dialister;s__Dialister_invisus	k__Bacteria;p__Bacteroidetes;c__Bacteroidia;o__Bacteroidales;f__Bacteroidaceae;g__Bacteroides;s__Bacteroides_salanitronis
k__Bacteria;p__Bacteroidetes;c__Bacteroidia;o__Bacteroidales;f__Bacteroidaceae;g__Bacteroides;s__Bacteroides_vulgatus	1.0	-0.0253314375084	0.0235063843911	-0.0350666017202	0.0392875489501	-0.00906991513674	0.025911295268	-0.0411697160783	-0.0452534138751	-0.0199671101197	0.009586484317	-0.0589948030388	0.0219418592226	-0.0424777495612	-0.0472976679529	0.0320213816707	0.00527293291426	0.00575887167477	-0.014999223525	-0.0135210552567	-0.0303625971527	0.0277262140945	-0.0029515667032	-0.0500075279338	-0.0364248802836	-0.0254675193321	-0.0646259795295	0.0139462167605	0.0371651976743	0.00316988979619	0.000609423722778	-0.0140938409048	-0.0545930421617	-0.00261054655851	0.0187629340582	0.0467747740568	-0.0116349493735	0.0176184566154	8.13825768444e-07	0.0189030525729	0.0192939324027	0.0388568318936	-0.0208652194993	-0.0165553634813	-0.0664182032365	-0.0399541349494	0.0216963535044	0.0339801883656	0.0235284552744	-0.0364788288133	0.0058540580712	-0.0237196925905	0.000578911085937	-0.0377612147649	-0.0512538944891	-0.00273244268164	0.0174240782353	0.061936022732	-0.00726897616229
k__Bacteria;p__Bacteroidetes;c__Bacteroidia;o__Bacteroidales;f__Bacteroidaceae;g__Bacteroides;s__Bacteroides_uniformis	-0.0253314375084	1.0	0.00139536260615	-0.023665411317	-0.0597886564215	-0.00416670186503	-0.0551182668683	-0.0350424449158	0.0422920969363	0.0999110225976	0.0563898373974	-0.0161081184984	-0.0395099046412	-0.0110434977275	-0.0128739164414	0.00506831284894	0.0408110182046	0.0240970293083	-0.0258357274195	0.0224767349628	0.0802934969172	-0.0302348098671	-0.0428321325735	0.0506273451136	0.0161266228545	-0.02509900447	0.0106212485705	-0.00829996635796	-0.0253141870291	-0.0136097453906	-0.0136781551163	-0.0993999583886	0.00271606422188	0.0530000720132	0.00965105611357	0.0276338290519	-0.0216386215463	-0.0293216977178	0.000879468428143	0.00961065141185	-0.0313899586055	-0.0392459068291	-0.0266004433649	-0.00515438200027	-0.0147564350867	-0.088225228209	-0.01346437216	0.00811460202058	-0.00381478300897	0.0679133851936	0.0132996286741	0.0347270626693	-0.0621298622451	0.00567765699573	0.0470417821874	0.0275778319801	-0.0347873360114	0.0159237662063	-0.00303251715672
k__Bacteria;p__Bacteroidetes;c__Bacteroidia;o__Bacteroidales;f__Rikenellaceae;g__Alistipes;s__Alistipes_putredinis	0.0235063843911	0.00139536260615	1.0	0.0117580125068	0.0136390491388	0.0286059006486	-0.0399400786226	0.0282491293526	0.0100170846435	-0.00572733073081	0.0230323061758	-0.0175529598112	-0.0482021438229	-0.0305095264112	0.0344239576325	0.0230986165894	-0.0395799912537	-0.0368631175447	-0.0206067006794	0.0214026015158	-0.0157006087032	-0.079820517314	-0.00472311456292	0.0553771471429	-0.0274591536003	-0.0637150951316	0.0205208002046	0.0153953666459	-0.0498496603435	-0.00795103557227	-0.0795095077977	0.0133894168753	0.00536889782661	-0.0240526154264	0.0300109501699	0.0289419492651	0.00774210278185	0.000307331588877	0.00118904881824	-0.00777525318103	0.0269148939913	0.00821070122404	0.000164553250684	0.0194396679418	0.0186421611715	0.00409994658489	0.0040605122663	0.000821163444163	-0.0312765430295	-0.0053577003073	0.0525484061878	-0.0452647089945	-0.0142684122795	0.0210999749289	0.00242558343602	0.0250160105272	-0.0362405870346	-0.01408421517	0.0658478671405
k__Bacteria;p__Bacteroidetes;c__Bacteroidia;o__Bacteroidales;f__Prevotellaceae;g__Prevotella;s__Prevotella_copri	-0.0350666017202	-0.023665411317	0.0117580125068	1.0	0.0304637369311	0.0415447114534	0.0236072406682	-0.0302239436566	-0.0135909179175	-0.0352599138603	0.0332222511716	0.00640500341516	-0.00967206186104	0.0114118573989	-0.00850576382627	0.0153506602036	-0.0495648222714	-0.0353951126765	-0.054518451092	-0.0432575244216	0.00189442248416	0.0494011436429	0.0326426095675	0.0163019141161	-0.00931279393455	0.0293163723101	0.0376460728991	0.0208041388294	0.0515267629901	0.0375989133916	-0.0826217683161	0.00367607563279	-0.021546123367	-0.0143338270076	-0.050444163473	-0.0210282332208	0.042201442845	0.0156695168846	-0.0835995559011	-0.0100067521189	-0.0552073759308	-0.0434718609826	0.0109450182357	-0.0206259429446	0.000526630314282	-0.00358541738172	-0.0388780578331	0.0355263873622	-0.0367167503994	0.0247544367549	0.00313943586361	0.0298990998711	-0.0479544125441	-0.0333795194738	-0.0118489269509	-0.00474645280908	-0.0808128731274	-0.0074383826813	-0.0171623163539
k__Bacteria;p__Bacteroidetes;c__Bacteroidia;o__Bacteroidales;f__Bacteroidaceae;g__Bacteroides;s__Bacteroides_stercoris	0.0392875489501	-0.0597886564215	0.0136390491388	0.0304637369311	1.0	-0.0506009878105	0.010476577875	-0.000820060369722	-0.0228154652132	-0.0651112072656	-0.0528723430852	0.018332567276	-0.0226783555139	-0.0188215503527	0.0505152265181	-0.0600773213328	-0.0439070978582	0.023143467724	0.00709581954905	0.00749601291902	-0.0547993965262	0.0332438712978	-0.0449239472003	-0.0181630201967	-0.0118892698369	0.0540637632927	0.0250699482245	0.00809421730101	0.0523195820064	0.00949993963082	-0.0814393743673	-0.00321735539224	-0.0193627996769	-0.0317883512849	0.0243644237567	0.00394465548904	0.0419382794891	0.0122057385605	0.0370623218481	0.0227551873588	0.0267978246199	-0.0112928273321	-0.0693904100895	0.000510619682107	-0.0291225718846	-0.0246445820077	0.00630507429544	0.0207656179303	-0.0115402347724	0.00612396988439	0.0538002884286	0.021894710674	-0.00501863197995	0.0302720348111	-0.0288308526526	-0.0125409767016	-0.0268271958944	0.0329823967285	0.00255112453145
k__Bacteria;p__Bacteroidetes;c__Bacteroidia;o__Bacteroidales;f__Bacteroidaceae;g__Bacteroides;s__Bacteroides_ovatus	-0.00906991513674	-0.00416670186503	0.0286059006486	0.0415447114534	-0.0506009878105	1.0	-0.0339736439499	-0.00466491713055	-0.0401444273926	0.055736054212	-0.00478101492956	0.00173852725818	-0.0533731169094	-0.0260359414088	-0.0089691431905	0.0534881105771	-0.0647840806524	0.0014519867112	-0.0546341301107	0.000308579800872	-0.0656593210287	-0.0336549604264	-0.0282934933193	0.0264712279981	-0.0402627862341	0.0195229310153	0.0596009217673	0.0639069011712	-0.06129653627	0.0113960008969	-0.0157014138264	0.00621788383238	0.0352837208318	-0.0182375418222	-0.024672264237	0.0706761952922	-0.0266653062917	0.00280379013446	-0.0209135245202	-0.0876079635928	-0.0219323099755	-0.00165124696447	-0.0119196774512	-0.0333215232944	0.036682523042	-0.0406086373714	-0.0683197629197	-0.00186811372096	0.0256753336889	0.0740864871237	-0.0568809583269	-0.0365129825111	0.0397030926589	0.0406829432694	-0.0212130507495	-0.0656572505026	0.0393881334643	-0.0298855868055	0.0301048330067
k__Bacteria;p__Bacteroidetes;c__Bacteroidia;o__Bacteroidales;f__Rikenellaceae;g__Alistipes;s__Alistipes_shahii	0.025911295268	-0.0551182668683	-0.0399400786226	0.0236072406682	0.010476577875	-0.0339736439499	1.0	-0.0552143525301	0.0152710447256	0.0118938820986	-0.0641697483558	0.00123052537949	0.0234585489547	0.0408494448081	-0.00325946647435	0.00252140405559	-0.0163060791845	0.0332158745308	-0.00377240515124	0.0350546372126	-0.0656310965846	-0.0254296520928	-0.042060161382	-0.0374463716299	-0.0139641713306	-0.00255211515538	0.0310772312501	-0.0442175698663	-0.017500354228	-0.0648869369172	0.027668469789	0.023526921208	0.0487307851899	-0.0299740731805	-0.0500905648434	0.00580882904402	-0.0148442218593	0.0153955244574	-0.0777498396558	0.0153315544406	0.0531595008156	-0.0484585326398	-0.0577302489404	-0.0140120780337	-0.0341305594458	0.0051942712098	-0.0341531284599	-0.00481554564125	-0.0571248588943	0.0271515950394	-0.0501865440381	-0.0454742253641	-0.00212781794893	-0.0512642177888	0.0180481658524	0.00993869702379	-0.0471998187612	0.00429783400629	-0.0153360240203
k__Bacteria;p__Firmicutes;c__Clostridia;o__Clostridiales;f__Ruminococcaceae;g__Faecalibacterium;s__Faecalibacterium_prausnitzii	-0.0411697160783	-0.0350424449158	0.0282491293526	-0.0302239436566	-0.000820060369722	-0.00466491713055	-0.0552143525301	1.0	-0.0274843713889	-0.0273455578737	-0.00182281567932	0.0249779738843	0.0062220582681	-0.078921919253	0.0691725051941	0.0237704929116	0.0121451974426	-0.0248194377906	-0.0511788808158	0.0442206856134	-0.00956338897658	-0.0167005248735	0.0468559679679	0.050097837388	0.00900406374285	0.0477512301266	0.0251872486168	0.0276088755504	0.00899156062339	-0.0205582195723	0.00706538304333	-0.0478284007127	0.0175359697691	0.03217892632	-0.00094996243393	-0.0136263596326	-0.0221982511677	0.0361654581612	0.0110173158984	0.0437973524038	-0.0462052153677	0.00376571159604	-0.0405990575076	-0.0598266713029	0.0447399187861	-0.0440873868948	-0.0369594178588	-0.020617324054	-0.0211666447019	-0.0843394374314	0.0406976967719	0.0344165925186	-0.0113448390784	-0.0593671662551	0.0080428380021	0.0416491349545	0.00436752066258	-0.000473135416294	0.0581648706153
k__Bacteria;p__Bacteroidetes;c__Bacteroidia;o__Bacteroidales;f__Rikenellaceae;g__Alistipes;s__Alistipes_finegoldii	-0.0452534138751	0.0422920969363	0.0100170846435	-0.0135909179175	-0.0228154652132	-0.0401444273926	0.0152710447256	-0.0274843713889	1.0	0.0534570676177	-0.0258277474227	-0.0308757198746	-0.010152210772	0.0150746183028	-0.0382709801849	-0.0592318329592	0.0189051936031	-0.066374236415	0.069446280586	-0.0243300376305	-0.0358748424434	-0.0319935791723	-0.0145918815903	-0.0335340072307	0.0550543804597	0.014855388788	-0.00734355873586	-0.00798797402569	0.00400249965019	0.0177761525149	0.00834688812469	0.0279359754189	-0.01527873715	0.0437336783187	0.0138846564102	-0.0037371655691	0.0379938845413	0.0298192993573	-0.0462265729722	-0.0133569380526	-0.0164820349027	-0.0260187198072	0.0478511190787	0.0171163397545	-0.0735474820444	-0.099492099865	-0.00962510230083	0.0045917240668	0.00788538515127	0.026337692581	-0.0739125573593	-0.0280287652195	0.0464725831164	-0.0150579061851	0.00754039340784	0.0445059206155	0.0116173460942	-0.0172935732854	-0.0335841802694
k__Bacteria;p__Bacteroidetes;c__Bacteroidia;o__Bacteroidales;f__Porphyromonadaceae;g__Parabacteroides;s__Parabacteroides_distasonis	-0.0199671101197	0.0999110225976	-0.00572733073081	-0.0352599138603	-0.0651112072656	0.055736054212	0.0118938820986	-0.0273455578737	0.0534570676177	1.0	-0.0326948815146	-0.082888793609	0.0867708611742	0.00383245725538	-0.0630804531803	0.0576577548089	-0.0482632648666	0.0126313723894	-0.0117944692567	-0.0227275280337	0.0078280757392	-0.0485186262548	-0.00220158298278	-0.0619026049854	-0.0239107215949	0.0631793284518	0.0425334549939	-0.0412895911438	-0.00791134401283	0.000698120984699	0.0220893769498	-0.0997377303471	-0.0524716350293	-0.0127773453883	0.0321447899273	-0.0578763678908	0.00374800086363	0.0238152152559	-0.0656172161646	-0.0736546053871	-0.0126705765548	-0.057603179706	0.0413612236657	0.00673482621095	-0.0364519233239	-0.0180681014717	-0.0247966679178	-0.0510474726339	0.0206505248303	0.0467517758071	-0.0206156561947	-0.0288262054933	0.0332746596875	-0.0248303199316	-0.036407965467	-0.0532530680547	-0.0136192051483	0.0612913545762	-0.0570397989493
k__Bacteria;p__Bacteroidetes;c__Bacteroidia;o__Bacteroidales;f__Bacteroidaceae;g__Bacteroides;s__Bacteroides_thetaiotaomicron	0.009586484317	0.0563898373974	0.0230323061758	0.0332222511716	-0.0528723430852	-0.00478101492956	-0.0641697483558	-0.00182281567932	-0.0258277474227	-0.0326948815146	1.0	-0.0263110845322	-0.0649510820383	0.0167910564608	-0.0438417643752	-0.0695220155175	0.0639155391798	0.0524396866224	-0.061647727181	0.0078563393155	0.0458985206965	-0.0198877914824	0.0251825177255	0.0446827410997	-0.0931674300942	-0.052771952027	-0.0293052026512	-0.0257453087526	-0.0700208634916	-0.0110233870869	-0.0256469216093	0.00895813610928	-0.0320045789732	-0.00215135526198	-0.0284978827257	-0.0264749617205	0.0703384594318	0.0447612244208	0.049453200017	-0.00895436235963	0.0338356434475	0.0237287883462	0.0547223060285	0.01347395161	0.0847632876859	-0.0384012372209	-0.0702810379179	0.0467751234735	-0.0629811714442	-0.0083569366423	-0.00655605701815	0.0079375224524	-0.0299881535107	0.0551222301199	-0.00555384771211	0.00832584263603	-0.0649888300951	-0.0376787971386	0.0208940020893
k__Bacteria;p__Bacteroidetes;c__Bacteroidia;o__Bacteroidales;f__Bacteroidaceae;g__Bacteroides;s__Bacteroides_coprocola	-0.0589948030388	-0.0161081184984	-0.0175529598112	0.00640500341516	0.018332567276	0.00173852725818	0.00123052537949	0.0249779738843	-0.0308757198746	-0.082888793609	-0.0263110845322	1.0	-0.0131435452763	0.00623425193561	-0.0246733161793	-0.0186046966698	-0.0127436841622	0.0482390655047	-0.0277431253571	-0.0467524694224	0.0151459147826	0.0188201586853	-0.00987744056689	-0.0103706557666	-0.0684192619792	-0.0314661727326	-0.0470248148918	0.0117778672723	-0.0195208161208	0.04690099267	-0.00529446584466	-0.0173521137951	0.0413120392057	0.0117344606523	0.0155230059699	-0.010421348568	-0.0299650974163	-0.0137646457978	-0.00657974434293	0.0209344866912	0.0831009213008	-0.00174945182622	-0.0389101444056	-0.00836968028592	-0.00811680249064	-0.0122086985826	-0.0133206991943	-0.0557653146176	0.00175480279524	-0.0334545412034	-0.0508834244006	0.0145497768238	-0.0520580051134	-0.00260838256626	0.030748095614	-0.0468098319544	-0.0264495027541	0.00495696459292	-0.00188474627103
k__Bacteria;p__Bacteroidetes;c__Bacteroidia;o__Bacteroidales;f__Bacteroidaceae;g__Bacteroides;s__Bacteroides_cellulosilyticus	0.0219418592226	-0.0395099046412	-0.0482021438229	-0.00967206186104	-0.0226783555139	-0.0533731169094	0.0234585489547	0.0062220582681	-0.010152210772	0.0867708611742	-0.0649510820383	-0.0131435452763	1.0	-0.00921843740006	0.0144341234695	0.0314755527343	0.0474201505037	-0.0160627437784	-0.00719588130221	0.010711974708	0.025060406079	0.00339543508613	-0.0525053683872	-0.0376913500002	0.0354148331577	-0.0222116933097	-0.0342269853305	0.0655298022833	0.0263248008749	0.00859688593463	0.0468846594041	-0.0725952314034	0.0480643889913	0.032847143461	-0.0230244197378	-0.0481644242553	-0.0760421973151	-0.0218306674941	0.0114686306568	0.00862401650856	-0.07132614286	-0.0242621950643	-0.0102311256254	-0.0711946257754	-0.00902779483721	0.0265293980958	-0.0148954519474	0.00149640763156	-0.0384832425923	-0.00797923756027	-0.0102666055324	0.0743451933515	-0.0600531442533	-0.00896341600244	0.0277515525792	-0.0237869358035	-0.034736461719	-0.0225339695908	-0.0804036142214
k__Bacteria;p__Bacteroidetes;c__Bacteroidia;o__Bacteroidales;f__Rikenellaceae;g__Alistipes;s__Alistipes_obesi	-0.0424777495612	-0.0110434977275	-0.0305095264112	0.0114118573989	-0.0188215503527	-0.0260359414088	0.0408494448081	-0.078921919253	0.0150746183028	0.00383245725538	0.0167910564608	0.00623425193561	-0.00921843740006	1.0	-0.0317891585016	-0.021932175648	0.0243397680574	0.0497540592623	0.0264681389275	-0.00970873187131	0.0127197502256	-0.00420899244085	0.0196145938492	0.0351548464424	-0.0490630690766	-0.0289955856952	-0.0673724554568	-0.0473771546947	0.00337725032092	0.029590376514	-0.0348078443803	-0.00330977817348	-0.0220310010623	-0.0854585156843	0.0398976650873	-0.0518689602771	-0.0161197380199	-0.0204842396338	-0.0109129606708	-0.00458614379928	0.047342628956	0.00581583108373	-0.0663845866127	0.0149477403263	-0.0729979534262	-0.0234891362281	-0.0185890366498	0.0248554295347	-0.0220299436766	0.0483929451904	-0.011335116268	-0.0306245383231	0.0371191258635	-0.06534319304	-0.0785884398347	0.0162741755244	-0.0234401207025	-0.0101919942671	-0.000194436964731
k__Bacteria;p__Firmicutes;c__Clostridia;o__Clostridiales;f__Lachnospiraceae;g__;s__[Eubacterium]_rectale	-0.0472976679529	-0.0128739164414	0.0344239576325	-0.00850576382627	0.0505152265181	-0.0089691431905	-0.00325946647435	0.0691725051941	-0.0382709801849	-0.0630804531803	-0.0438417643752	-0.0246733161793	0.0144341234695	-0.0317891585016	1.0	-0.0350702802384	-0.00557719018912	-0.014031640091	0.00627337463903	0.0251055519092	0.0299100034467	-0.0354528256512	-0.0385667634116	-0.0271059714861	0.0379367124564	-0.0070469475395	-0.000528053757293	0.000593394445739	0.0183725823483	-0.0473079384381	0.0280873099528	-0.0194707546091	0.0250222083562	0.00417473755373	0.0367089057685	-0.0741639858962	0.0573955463932	0.000853893440797	-0.0421222598321	-0.051337112676	-0.0340939295347	-0.0284130323904	-0.000720963296082	-0.0220935919382	-0.0642433301584	-0.0047902485123	0.012380852667	-0.107171508774	0.0332219536527	0.00721995154075	-0.100145766451	0.0254603886267	0.0159570614846	0.00348165044891	-0.0311212852789	-0.0236640223918	0.0116722132599	0.0420928497692	0.00774330789846
k__Bacteria;p__Bacteroidetes;c__Bacteroidia;o__Bacteroidales;f__Bacteroidaceae;g__Bacteroides;s__Bacteroides_plebeius	0.0320213816707	0.00506831284894	0.0230986165894	0.0153506602036	-0.0600773213328	0.0534881105771	0.00252140405559	0.0237704929116	-0.0592318329592	0.0576577548089	-0.0695220155175	-0.0186046966698	0.0314755527343	-0.021932175648	-0.0350702802384	1.0	-0.0103704153693	0.0339527508059	-0.0267581272981	0.000607645048606	-0.0329433977635	0.0706677590217	0.00410602389212	-0.00273473210271	-0.0117739450521	-0.0188534663407	-0.00191502138564	-0.0133872078296	-0.0504079728898	-0.0152543110388	0.105019607371	-0.022539570237	0.0358680505745	-0.0217725144488	-0.0571295821374	-0.042062734532	-0.026108348408	-0.0305255743666	0.00582325730922	-0.0357705656652	-0.00827446924927	-0.0344195775522	-0.0319778467837	-0.0384778637335	0.000654291382101	0.00252261587733	-0.0338287822411	0.0228780124405	0.00509808121263	0.0500852570178	0.0164247821661	0.0033297826549	-0.011227793865	-0.047248886626	-0.0203521154395	-0.0198671625079	-0.0387085591191	0.0826458949221	-0.000944650769986
k__Bacteria;p__Bacteroidetes;c__Bacteroidia;o__Bacteroidales;f__Bacteroidaceae;g__Bacteroides;s__Bacteroides_fragilis	0.00527293291426	0.0408110182046	-0.0395799912537	-0.0495648222714	-0.0439070978582	-0.0647840806524	-0.0163060791845	0.0121451974426	0.0189051936031	-0.0482632648666	0.0639155391798	-0.0127436841622	0.0474201505037	0.0243397680574	-0.00557719018912	-0.0103704153693	1.0	-0.0556157834124	-0.0282429240466	0.0169058359026	0.0645889844598	-0.0291772923158	-0.0367654996584	0.0219940417297	-0.0811067354652	-0.00761057643416	-0.0122274143282	-0.019902165084	-0.00410997707317	0.0438281890043	0.0384930403035	0.022748158421	-0.064907203145	0.00198529049821	-0.0205030102697	-0.02647591673	-0.0537323229323	-0.0117193116235	-0.0519283293493	0.00369073261333	0.0370023293867	-0.0133984580085	-0.0177695690131	0.0180842535329	0.0289713660936	-0.0236443835049	-0.0115954544643	-0.0168771725706	0.00617168357696	0.0294322360904	0.0665452880396	0.0138545523585	-0.0486221515188	-0.0494537917938	-0.00143068475922	-0.0286189218539	0.0217851841785	0.000734767853927	-0.0208362648484
k__Bacteria;p__Proteobacteria;c__Betaproteobacteria;o__Burkholderiales;f__Sutterellaceae;g__Sutterella;s__Sutterella_wadsworthensis	0.00575887167477	0.0240970293083	-0.0368631175447	-0.0353951126765	0.023143467724	0.0014519867112	0.0332158745308	-0.0248194377906	-0.066374236415	0.0126313723894	0.0524396866224	0.0482390655047	-0.0160627437784	0.0497540592623	-0.014031640091	0.0339527508059	-0.0556157834124	1.0	0.0440072866017	-0.067595883422	0.0162329242083	0.0716918613379	-0.0246162091971	-0.0374219364028	0.00124717023799	-0.0196779728204	-0.0529762954814	-0.0589042425889	-0.0347858764957	0.0167651957588	-0.000866307320276	-0.0146165883633	0.0183297666174	-0.0384527353433	-0.0523710978715	-0.00750740724813	-0.0511067904671	-0.0791825233184	0.0144895830203	-0.022305160665	-0.012713747911	-0.0257711588456	-0.027514700537	0.0361193408714	0.0852432541122	-0.0298765508712	0.0357302418653	-0.00788191038518	-0.0090022369611	-0.0244901430429	0.00267415906126	-0.00642128867651	0.000405208199738	0.0030402110569	-0.029007098753	-0.0297184431954	-0.0424960811115	-0.0313406738714	-0.00181951358174
k__Bacteria;p__Bacteroidetes;c__Bacteroidia;o__Bacteroidales;f__Porphyromonadaceae;g__Barnesiella;s__Barnesiella_intestinihominis	-0.014999223525	-0.0258357274195	-0.0206067006794	-0.054518451092	0.00709581954905	-0.0546341301107	-0.00377240515124	-0.0511788808158	0.069446280586	-0.0117944692567	-0.061647727181	-0.0277431253571	-0.00719588130221	0.0264681389275	0.00627337463903	-0.0267581272981	-0.0282429240466	0.0440072866017	1.0	-0.0202633917811	0.0194559179944	-0.047062867663	-0.0215472331748	-0.0202620087291	-0.0246489515249	-0.0153985922336	0.0595158517607	0.000891404456201	-0.0450154711798	0.00250165819079	0.0187556460207	0.0316207847401	0.0138227480815	0.0256864407762	-0.038984456508	0.0186652477778	-0.0188611070816	0.0291640984136	-0.0155880448857	0.0525381238769	-0.103940337093	-0.0488929370646	0.0324697890429	0.0824355506858	0.0161507482473	-0.0118127938435	0.0176622145324	-0.0482553274825	0.00271578822975	-0.0359193185113	-0.0772121465295	-0.0145915374	-0.0910356455281	0.0132634521729	0.0478031632138	-0.00445688595054	0.0340048140239	0.00593315105491	-0.0244446433882
k__Bacteria;p__Bacteroidetes;c__Bacteroidia;o__Bacteroidales;f__Odoribacteraceae;g__Odoribacter;s__Odoribacter_splanchnicus	-0.0135210552567	0.0224767349628	0.0214026015158	-0.0432575244216	0.00749601291902	0.000308579800872	0.0350546372126	0.0442206856134	-0.0243300376305	-0.0227275280337	0.0078563393155	-0.0467524694224	0.010711974708	-0.00970873187131	0.0251055519092	0.000607645048606	0.0169058359026	-0.067595883422	-0.0202633917811	1.0	-0.0503072545682	-0.0420190901858	0.0394899455293	-0.00608457681553	-0.0182323374423	0.0190737079567	0.0124050770073	0.018108844832	-0.00259087708204	-0.0370468785201	-0.0216907301464	-0.0414324371463	-0.0245927277246	-0.0232039708034	0.0463691270412	-0.0280918774448	-3.7369427717e-05	0.0222231365031	-0.0106792637218	0.00234930392957	-0.022715356097	0.0291005115922	-0.0173671902165	0.0301838539129	-0.0196465356122	-0.0146776504819	0.0271712512283	-0.0289007509566	-0.0501767213432	-0.0337924396093	0.0180686492815	-0.0098360401757	-0.0132292212564	-0.0506994748286	-0.0486513657194	0.00807389919831	-0.00563228247766	-0.0260264066238	-0.0202696925513
k__Bacteria;p__Bacteroidetes;c__Bacteroidia;o__Bacteroidales;f__Bacteroidaceae;g__Bacteroides;s__Bacteroides_salyersiae	-0.0303625971527	0.0802934969172	-0.0157006087032	0.00189442248416	-0.0547993965262	-0.0656593210287	-0.0656310965846	-0.00956338897658	-0.0358748424434	0.0078280757392	0.0458985206965	0.0151459147826	0.025060406079	0.0127197502256	0.0299100034467	-0.0329433977635	0.0645889844598	0.0162329242083	0.0194559179944	-0.0503072545682	1.0	0.0541307246249	-0.0112130399531	0.0379520633055	0.0284718328795	-0.0386137924337	-0.0568241225929	-0.069504956559	0.067754287843	0.0164603296095	0.00997625717003	0.0053138714402	-0.0444324887166	-0.0146786589844	-0.0190855942971	-0.073434397198	-0.00515540970105	0.0515438427554	0.0225313413203	-0.0446024468868	0.00900869094014	0.0516316096319	0.0397616398058	0.00852614017806	0.0311384344092	-0.0616699817653	0.0525818682702	0.0231212399582	-0.0157559338857	-0.0549049336532	-0.0180970013028	-0.019560096841	0.0130006113163	-0.0516245335425	-0.0394828428046	-0.0149683769649	0.0664033805214	0.0311479126311	0.0190849651115
k__Bacteria;p__Firmicutes;c__Clostridia;o__Clostridiales;f__Ruminococcaceae;g__Ruminiclostridium;s__[Eubacterium]_siraeum	0.0277262140945	-0.0302348098671	-0.079820517314	0.0494011436429	0.0332438712978	-0.0336549604264	-0.0254296520928	-0.0167005248735	-0.0319935791723	-0.0485186262548	-0.0198877914824	0.0188201586853	0.00339543508613	-0.00420899244085	-0.0354528256512	0.0706677590217	-0.0291772923158	0.0716918613379	-0.047062867663	-0.0420190901858	0.0541307246249	1.0	0.0077744686191	-0.0445598727613	0.0306350492408	-0.0101700119432	0.024391681712	-0.0222353673232	0.0586827997571	-0.0736670721888	-0.0165377337826	-0.00780821350513	-0.0324793185883	-0.0402689623944	0.0139766237305	-0.0190573034348	-0.0358157618444	-0.0308712539862	0.0189408523083	-0.00651799584213	0.000647272293386	-0.00145491445696	-0.00571378812938	-0.0564048636309	0.00198081539012	0.025823794978	-0.0622926563608	0.0436322302107	-0.0190183693335	-0.0499506200628	-0.0115338195743	-0.0270060153797	-0.0430531216779	0.0923570554045	-0.00903689719775	-0.0154257451464	0.0152097888474	-0.0356406122852	0.0319564452503
k__Bacteria;p__Proteobacteria;c__Betaproteobacteria;o__Burkholderiales;f__Sutterellaceae;g__Parasutterella;s__Parasutterella_excrementihominis	-0.0029515667032	-0.0428321325735	-0.00472311456292	0.0326426095675	-0.0449239472003	-0.0282934933193	-0.042060161382	0.0468559679679	-0.0145918815903	-0.00220158298278	0.0251825177255	-0.00987744056689	-0.0525053683872	0.0196145938492	-0.0385667634116	0.00410602389212	-0.0367654996584	-0.0246162091971	-0.0215472331748	0.0394899455293	-0.0112130399531	0.0077744686191	1.0	0.0126981677023	-0.0446101210668	-0.0422395700342	-0.0018796926439	-0.0264553559071	0.00724043687009	-0.00899115325565	-0.00681500027654	0.0147400952476	0.0107696717992	-0.0213822811379	0.0242932523859	-0.0342108507902	-0.055840416039	-0.0226461674133	0.0172029114484	-0.0257031312026	0.0352076277282	-0.0289281233588	-0.0163217265732	-0.027281617195	0.0814451536373	0.0150501604814	-0.0202243633552	0.00157338373878	0.0290112601147	-0.0535344310026	-0.0316126559496	-0.0481652980622	0.0103608859712	0.0412512482328	-0.00719815986484	0.00433084648284	0.00309913804649	-0.0502958447579	0.00569857278951
k__Bacteria;p__Actinobacteria;c__Actinobacteria;o__Bifidobacteriales;f__Bifidobacteriaceae;g__Bifidobacterium;s__Bifidobacterium_adolescentis	-0.0500075279338	0.0506273451136	0.0553771471429	0.0163019141161	-0.0181630201967	0.0264712279981	-0.0374463716299	0.050097837388	-0.0335340072307	-0.0619026049854	0.0446827410997	-0.0103706557666	-0.0376913500002	0.0351548464424	-0.0271059714861	-0.00273473210271	0.0219940417297	-0.0374219364028	-0.0202620087291	-0.00608457681553	0.0379520633055	-0.0445598727613	0.0126981677023	1.0	-0.0576379716298	-0.00683061039378	-0.0612454762288	-0.065635410471	-0.00220695579449	-0.0560668347011	0.0189932478059	0.070361580944	-0.0280665783681	0.0129456102414	0.0176999901495	0.0561729168287	-0.0165085781545	0.0366001566404	0.039644277862	0.0124206615251	0.0192193660798	-0.0198842886117	-0.067558592876	-0.0177113031691	0.0145468891575	-0.0107864787412	0.0146885375569	-0.0424869231391	-0.0155430326327	-0.0670547076279	0.0110178219263	0.00405179785712	0.019996422031	-0.060900968555	-0.0271146229439	-0.0319670775407	0.0402559152071	0.00905586677293	-0.029584688456
k__Bacteria;p__Firmicutes;c__Clostridia;o__Clostridiales;f__Oscillospiraceae;g__Oscillibacter;s__Oscillibacter_sp._KLE_1745	-0.0364248802836	0.0161266228545	-0.0274591536003	-0.00931279393455	-0.0118892698369	-0.0402627862341	-0.0139641713306	0.00900406374285	0.0550543804597	-0.0239107215949	-0.0931674300942	-0.0684192619792	0.0354148331577	-0.0490630690766	0.0379367124564	-0.0117739450521	-0.0811067354652	0.00124717023799	-0.0246489515249	-0.0182323374423	0.0284718328795	0.0306350492408	-0.0446101210668	-0.0576379716298	1.0	-0.0411237226981	-0.000798662247362	0.037539616834	0.0871228886737	-0.0277262707085	0.0309450564371	0.00140661866305	-0.00793363656431	-0.0599681527296	-0.0452926618105	0.0536526250302	0.0164277143497	0.0504662661315	-0.0238702911517	-0.0743060116973	-0.0652873726336	0.0174731394676	0.00570734757565	-0.0114296201586	-0.0260000084503	0.0415896408503	-0.0634617549057	0.0325232962816	-0.0105009411576	0.0192125065286	-0.0231703588943	-0.0241866187076	0.0192147889457	-0.0534322369467	-0.000775405213685	-0.0371858209386	-0.0212470399621	0.062259207209	0.00626363893296
k__Bacteria;p__Bacteroidetes;c__Bacteroidia;o__Bacteroidales;f__Bacteroidaceae;g__Bacteroides;s__Bacteroides_coprophilus	-0.0254675193321	-0.02509900447	-0.0637150951316	0.0293163723101	0.0540637632927	0.0195229310153	-0.00255211515538	0.0477512301266	0.014855388788	0.0631793284518	-0.052771952027	-0.0314661727326	-0.0222116933097	-0.0289955856952	-0.0070469475395	-0.0188534663407	-0.00761057643416	-0.0196779728204	-0.0153985922336	0.0190737079567	-0.0386137924337	-0.0101700119432	-0.0422395700342	-0.00683061039378	-0.0411237226981	1.0	-0.00318617839065	0.0041122285237	-0.0685128159709	-0.00719776723036	0.0220273375658	-0.0766379309549	-0.0201473667089	-0.00763555644961	-0.0156027490362	-0.0727889910316	0.00611460287081	0.0331541342937	0.00357878691716	0.0068852354824	-0.0168407909586	0.011841408877	0.000691258618834	-0.0210959035577	-0.00271237145989	-0.0413836916959	-0.012418374358	-0.105863986088	-0.0283820834013	-0.0459695665894	0.016421968241	-0.00854313476777	-0.0682622627239	0.0972766758376	-0.0297493705136	-0.0189964593104	-0.0325823073786	0.0466967528223	0.00779694227025
k__Bacteria;p__Firmicutes;c__Clostridia;o__Clostridiales;f__Lachnospiraceae;g__Roseburia;s__Roseburia_intestinalis	-0.0646259795295	0.0106212485705	0.0205208002046	0.0376460728991	0.0250699482245	0.0596009217673	0.0310772312501	0.0251872486168	-0.00734355873586	0.0425334549939	-0.0293052026512	-0.0470248148918	-0.0342269853305	-0.0673724554568	-0.000528053757293	-0.00191502138564	-0.0122274143282	-0.0529762954814	0.0595158517607	0.0124050770073	-0.0568241225929	0.024391681712	-0.0018796926439	-0.0612454762288	-0.000798662247362	-0.00318617839065	1.0	-0.00917566304915	0.0477356293675	0.0196487792818	0.00651368229499	-0.0327734538953	0.0297282783943	-0.078764574559	0.0175949613032	0.0375768786493	-0.00666203606452	0.0043405507249	-0.006121217289	0.0354713319313	-0.0246546068421	0.0115097106007	0.012774196089	0.012360033501	-0.0439770214429	-0.0543972956126	0.0250189210572	-0.0212447788752	0.00984890122033	-0.0463742873043	-0.0881880389572	-0.0121569031165	0.012860705329	0.0270497653219	-0.0184334751546	0.0267979312395	0.0227644378363	-0.0397791450509	-0.00824378667479
k__Bacteria;p__Firmicutes;c__Clostridia;o__Clostridiales;f__Lachnospiraceae;g__Roseburia;s__Roseburia_hominis	0.0139462167605	-0.00829996635796	0.0153953666459	0.0208041388294	0.00809421730101	0.0639069011712	-0.0442175698663	0.0276088755504	-0.00798797402569	-0.0412895911438	-0.0257453087526	0.0117778672723	0.0655298022833	-0.0473771546947	0.000593394445738	-0.0133872078296	-0.019902165084	-0.0589042425889	0.000891404456201	0.018108844832	-0.069504956559	-0.0222353673232	-0.0264553559071	-0.065635410471	0.037539616834	0.0041122285237	-0.00917566304915	1.0	0.0226390843273	-0.0285247862658	-0.039455612132	-0.0133132882492	-0.047122824851	0.0105729393464	-0.0032993835498	-0.0137030833596	0.0337021218999	-0.0690328038843	0.00995770392543	0.0151217401336	-0.0195411659379	-0.0599329651249	-0.0303473434705	0.0234273349632	0.0044866443712	0.049166800865	0.0272773933565	0.00760916010889	-0.0187719309637	-0.00449384675143	-0.0771351011519	0.0364646710836	0.00875089336339	-0.0741712708971	-0.0284172965023	-0.0156352861446	-0.0421362724619	-0.0334209253027	0.00726253274475
k__Bacteria;p__Bacteroidetes;c__Bacteroidia;o__Bacteroidales;f__Porphyromonadaceae;g__Parabacteroides;s__Parabacteroides_johnsonii	0.0371651976743	-0.0253141870291	-0.0498496603435	0.0515267629901	0.0523195820064	-0.06129653627	-0.017500354228	0.00899156062339	0.00400249965019	-0.00791134401283	-0.0700208634916	-0.0195208161208	0.0263248008749	0.00337725032092	0.0183725823483	-0.0504079728898	-0.00410997707317	-0.0347858764957	-0.0450154711798	-0.00259087708204	0.067754287843	0.0586827997571	0.00724043687009	-0.00220695579449	0.0871228886737	-0.0685128159709	0.0477356293675	0.0226390843273	1.0	-0.0369591509015	0.0102653401418	-0.0419535883871	-0.029795556097	0.0121529806798	-0.0393433409758	-0.0325497489394	0.00725110135149	-0.00408003585004	-0.0502419373548	0.0428291074583	0.0069433625387	-0.0173915638345	0.0448302616594	0.0100261842789	-0.0141270557438	-0.0208547669804	0.0161757964299	0.00769502661099	0.0314280794724	-0.0283504677178	-0.0123986854542	-0.095894233121	0.0483355637396	-0.0248012411824	0.0175317234926	0.0292894077701	-0.0373837738712	-0.026702157055	-0.00562247775241
k__Bacteria;p__Actinobacteria;c__Actinobacteria;o__Bifidobacteriales;f__Bifidobacteriaceae;g__Bifidobacterium;s__Bifidobacterium_longum	0.00316988979619	-0.0136097453906	-0.00795103557227	0.0375989133916	0.00949993963082	0.0113960008969	-0.0648869369172	-0.0205582195723	0.0177761525149	0.000698120984699	-0.0110233870869	0.04690099267	0.00859688593463	0.029590376514	-0.0473079384381	-0.0152543110388	0.0438281890043	0.0167651957588	0.00250165819079	-0.0370468785201	0.0164603296095	-0.0736670721888	-0.00899115325565	-0.0560668347011	-0.0277262707085	-0.00719776723036	0.0196487792818	-0.0285247862658	-0.0369591509015	1.0	-0.021470453348	-0.0240416546954	0.0101970633849	0.0132898094851	0.00755779993746	0.060645557521	-0.0367415748803	0.0445836272934	-0.0520938928712	-0.0221122776039	0.0221026665597	-0.0241514366166	-0.00214505276527	-0.020989486348	-0.0394190517868	-0.0374779608565	-0.00427230038238	0.02497021654	0.0109944375385	-0.0217958748647	-0.0209278667845	0.0288553280227	-0.0159292012837	0.0200796570707	-0.00449022888094	-0.0273461271612	-0.0464370217801	-0.0341246381781	-0.0421267143041
