#taxonomy	k__Bacteria;p__Bacteroidetes;c__Bacteroidia;o__Bacteroidales;f__Bacteroidaceae;g__Bacteroides;s__Bacteroides_vulgatus	k__Bacteria;p__Bacteroidetes;c__Bacteroidia;o__Bacteroidales;f__Bacteroidaceae;g__Bacteroides;s__Bacteroides_uniformis	k__Bacteria;p__Bacteroidetes;c__Bacteroidia;o__Bacteroidales;f__Rikenellaceae;g__Alistipes;s__Alistipes_putredinis	k__Bacteria;p__Bacteroidetes;c__Bacteroidia;o__Bacteroidales;f__Prevotellaceae;g__Prevotella;s__Prevotella_copri	k__Bacteria;p__Bacteroidetes;c__Bacteroidia;o__Bacteroidales;f__Bacteroidaceae;g__Bacteroides;s__Bacteroides_stercoris	k__Bacteria;p__Bacteroidetes;c__Bacteroidia;o__Bacteroidales;f__Bacteroidaceae;g__Bacteroides;s__Bacteroides_ovatus	k__Bacteria;p__Bacteroidetes;c__Bacteroidia;o__Bacteroidales;f__Rikenellaceae;g__Alistipes;s__Alistipes_shahii	k__Bacteria;p__Firmicutes;c__Clostridia;o__Clostridiales;f__Ruminococcaceae;g__Faecalibacterium;s__Faecalibacterium_prausnitzii	k__Bacteria;p__Bacteroidetes;c__Bacteroidia;o__Bacteroidales;f__Rikenellaceae;g__Alistipes;s__Alistipes_finegoldii	k__Bacteria;p__Bacteroidetes;c__Bacteroidia;o__Bacteroidales;f__Porphyromonadaceae;g__Parabacteroides;s__Parabacteroides_distasonis	k__Bacteria;p__Bacteroidetes;c__Bacteroidia;o__Bacteroidales;f__Bacteroidaceae;g__Bacteroides;s__Bacteroides_thetaiotaomicron	k__Bacteria;p__Bacteroidetes;c__Bacteroidia;o__Bacteroidales;f__Bacteroidaceae;g__Bacteroides;s__Bacteroides_coprocola	k__Bacteria;p__Bacteroidetes;c__Bacteroidia;o__Bacteroidales;f__Bacteroidaceae;g__Bacteroides;s__Bacteroides_cellulosilyticus	k__Bacteria;p__Bacteroidetes;c__Bacteroidia;o__Bacteroidales;f__Rikenellaceae;g__Alistipes;s__Alistipes_obesi	k__Bacteria;p__Firmicutes;c__Clostridia;o__Clostridiales;f__Lachnospiraceae;g__;s__[Eubacterium]_rectale	k__Bacteria;p__Bacteroidetes;c__Bacteroidia;o__Bacteroidales;f__Bacteroidaceae;g__Bacteroides;s__Bacteroides_plebeius	k__Bacteria;p__Bacteroidetes;c__Bacteroidia;o__Bacteroidales;f__Bacteroidaceae;g__Bacteroides;s__Bacteroides_fragilis	k__Bacteria;p__Proteobacteria;c__Betaproteobacteria;o__Burkholderiales;f__Sutterellaceae;g__Sutterella;s__Sutterella_wadsworthensis	k__Bacteria;p__Bacteroidetes;c__Bacteroidia;o__Bacteroidales;f__Porphyromonadaceae;g__Barnesiella;s__Barnesiella_intestinihominis	k__Bacteria;p__Bacteroidetes;c__Bacteroidia;o__Bacteroidales;f__Odoribacteraceae;g__Odoribacter;s__Odoribacter_splanchnicus	k__Bacteria;p__Bacteroidetes;c__Bacteroidia;o__Bacteroidales;f__Bacteroidaceae;g__Bacteroides;s__Bacteroides_salyersiae	k__Bacteria;p__Firmicutes;c__Clostridia;o__Clostridiales;f__Ruminococcaceae;g__Ruminiclostridium;s__[Eubacterium]_siraeum	k__Bacteria;p__Proteobacteria;c__Betaproteobacteria;o__Burkholderiales;f__Sutterellaceae;g__Parasutterella;s__Parasutterella_excrementihominis	k__Bacteria;p__Actinobacteria;c__Actinobacteria;o__Bifidobacteriales;f__Bifidobacteriaceae;g__Bifidobacterium;s__Bifidobacterium_adolescentis	k__Bacteria;p__Firmicutes;c__Clostridia;o__Clostridiales;f__Oscillospiraceae;g__Oscillibacter;s__Oscillibacter_sp._KLE_1745	k__Bacteria;p__Bacteroidetes;c__Bacteroidia;o__Bacteroidales;f__Bacteroidaceae;g__Bacteroides;s__Bacteroides_coprophilus	k__Bacteria;p__Firmicutes;c__Clostridia;o__Clostridiales;f__Lachnospiraceae;g__Roseburia;s__Roseburia_intestinalis	k__Bacteria;p__Firmicutes;c__Clostridia;o__Clostridiales;f__Lachnospiraceae;g__Roseburia;s__Roseburia_hominis	k__Bacteria;p__Bacteroidetes;c__Bacteroidia;o__Bacteroidales;f__Porphyromonadaceae;g__Parabacteroides;s__Parabacteroides_johnsonii	k__Bacteria;p__Actinobacteria;c__Actinobacteria;o__Bifidobacteriales;f__Bifidobacteriaceae;g__Bifidobacterium;s__Bifidobacterium_longum	k__Bacteria;p__Firmicutes;c__Clostridia;o__Clostridiales;f__;g__Flavonifractor;s__Flavonifractor_plautii	k__Bacteria;p__Firmicutes;c__Clostridia;o__Clostridiales;f__Clostridiaceae;g__Clostridium;s__Clostridium_phoceensis	k__Bacteria;p__Verrucomicrobia;c__Verrucomicrobiae;o__Verrucomicrobiales;f__Akkermansiaceae;g__Akkermansia;s__Akkermansia_muciniphila	k__Bacteria;p__Bacteroidetes;c__Bacteroidia;o__Bacteroidales;f__Prevotellaceae;g__Paraprevotella;s__Paraprevotella_xylaniphila	k__Bacteria;p__Firmicutes;c__Clostridia;o__Clostridiales;f__Ruminococcaceae;g__Ruminococcus;s__Ruminococcus_callidus	k__Bacteria;p__Bacteroidetes;c__Bacteroidia;o__Bacteroidales;f__Rikenellaceae;g__Alistipes;s__Alistipes_senegalensis	k__Bacteria;p__Firmicutes;c__Clostridia;o__Clostridiales;f__Lachnospiraceae;g__Blautia;s__Blautia_sp._KLE_1732	k__Bacteria;p__Bacteroidetes;c__Bacteroidia;o__Bacteroidales;f__Bacteroidaceae;g__Bacteroides;s__Bacteroides_oleiciplenus	k__Bacteria;p__Firmicutes;c__Clostridia;o__Clostridiales;f__Ruminococcaceae;g__Ruminococcus;s__Ruminococcus_bicirculans	k__Bacteria;p__Bacteroidetes;c__Bacteroidia;o__Bacteroidales;f__Bacteroidaceae;g__Bacteroides;s__Bacteroides_fluxus	k__Bacteria;p__Bacteroidetes;c__Bacteroidia;o__Bacteroidales;f__Prevotellaceae;g__Prevotella;s__Prevotella_stercorea	k__Bacteria;p__Firmicutes;c__Clostridia;o__Clostridiales;f__Lachnospiraceae;g__Dorea;s__Dorea_longicatena	k__Bacteria;p__Firmicutes;c__Clostridia;o__Clostridiales;f__Eubacteriaceae;g__Eubacterium;s__[Eubacterium]_eligens	k__Bacteria;p__Firmicutes;c__Clostridia;o__Clostridiales;f__Ruminococcaceae;g__;s__Ruminococcaceae_bacterium_D16	k__Bacteria;p__Firmicutes;c__Clostridia;o__Clostridiales;f__Lachnospiraceae;g__Coprococcus;s__Coprococcus_comes	k__Bacteria;p__Proteobacteria;c__Gammaproteobacteria;o__Enterobacterales;f__Enterobacteriaceae;g__Escherichia;s__Escherichia_coli	k__Bacteria;p__Firmicutes;c__Clostridia;o__Clostridiales;f__Ruminococcaceae;g__Anaerotruncus;s__Anaerotruncus_colihominis	k__Bacteria;p__Firmicutes;c__Clostridia;o__Clostridiales;f__Lachnospiraceae;g__Blautia;s__Blautia_obeum	k__Bacteria;p__Bacteroidetes;c__Bacteroidia;o__Bacteroidales;f__Odoribacteraceae;g__Odoribacter;s__Odoribacter_laneus	k__Bacteria;p__Firmicutes;c__Clostridia;o__Clostridiales;f__Ruminococcaceae;g__Ruminiclostridium;s__[Clostridium]_leptum	k__Bacteria;p__Bacteroidetes;c__Bacteroidia;o__Bacteroidales;f__Porphyromonadaceae;g__Parabacteroides;s__Parabacteroides_goldsteinii	k__Bacteria;p__Firmicutes;c__Clostridia;o__Clostridiales;f__Lachnospiraceae;g__Anaerostipes;s__Anaerostipes_hadrus	k__Bacteria;p__Firmicutes;c__Clostridia;o__Clostridiales;f__Ruminococcaceae;g__Ruminococcus;s__Ruminococcus_lactaris	k__Bacteria;p__Firmicutes;c__Clostridia;o__Clostridiales;f__Clostridiaceae;g__Clostridium;s__Clostridium_sp._L2-50	k__Bacteria;p__Firmicutes;c__Clostridia;o__Clostridiales;f__Clostridiaceae;g__Clostridium;s__Clostridium_sp._M62/1	k__Bacteria;p__Firmicutes;c__Clostridia;o__Clostridiales;f__;g__Intestinimonas;s__Intestinimonas_butyriciproducens	k__Bacteria;p__Actinobacteria;c__Actinobacteria;o__Bifidobacteriales;f__Bifidobacteriaceae;g__Bifidobacterium;s__Bifidobacterium_bifidum	k__Bacteria;p__Firmicutes;c__Negativicutes;o__Veillonellales;f__Veillonellaceae;g__Dialister;s__Dialister_invisus	k__Bacteria;p__Bacteroidetes;c__Bacteroidia;o__Bacteroidales;f__Bacteroidaceae;g__Bacteroides;s__Bacteroides_salanitronis
k__Bacteria;p__Bacteroidetes;c__Bacteroidia;o__Bacteroidales;f__Bacteroidaceae;g__Bacteroides;s__Bacteroides_vulgatus	1.0	-0.0427673566749	-0.00664765895636	0.0427119000898	-0.036216446929	-0.0477515233591	0.060251643997	-0.0168131967425	-0.0248107562538	-0.0172961075472	-0.0437840687951	-0.0297658284213	-0.0214714533575	0.0278470473751	-0.0119776651015	-0.0203655588989	-0.0121232012585	-0.0800552653694	-0.0180524728442	-0.0069863643499	0.0237989045025	-0.0782109827953	-0.0176034730304	-0.0778646028732	-0.0221241148574	0.0500832378716	-0.0263656351273	-0.018530923999	0.0323412486289	-0.0553344572187	0.00551517400226	0.0223497461879	-0.044955531953	0.0355713152339	0.010278643967	0.00365252836432	-0.0172491109909	-0.00808364833519	-0.00505135922618	0.0129606225715	-0.0121737503828	-0.0217095303165	-0.00627755371048	0.0253779215708	-0.0443670010895	-0.012099860192	0.0315577747481	-0.00235218719675	-0.0371228570737	-0.0128880360049	-0.0671965673743	0.0130034257632	0.0319947992141	0.0327636155063	0.00095327754739	-0.00523031405461	-0.00685828210175	-0.00525644931751	-0.0177552483414
k__Bacteria;p__Bacteroidetes;c__Bacteroidia;o__Bacteroidales;f__Bacteroidaceae;g__Bacteroides;s__Bacteroides_uniformis	-0.0427673566749	1.0	0.0355210246037	-0.0666722555869	-0.0179283948622	-0.0212167159022	-0.00643016664291	0.0108982920794	-0.00443197865356	-0.0301132247178	-0.00906222002455	-0.0381783486657	-0.00477599585166	0.0729017565293	0.0187055402058	0.0145216424124	0.0332550174415	-0.0743809967724	0.0145887103242	-0.0320234547545	-0.0171627489934	0.00878170147496	-0.039727918728	-0.0688779248652	0.0112680972325	-0.0092849059014	-0.0821880216613	-0.0192133651401	-0.00163762824565	0.00868741143562	0.0429802748051	-0.0363648290273	-0.00909632799658	0.026950286633	0.0790805712809	0.00500199911175	-0.0112531233576	0.0518643596476	-0.00907322439591	-0.0289529752803	0.0258051359522	-0.00182095384193	-0.0248610249102	-0.00212672984004	-0.0513307901712	-0.0543989463045	-0.00517421579568	-0.031921843135	-0.0985714915926	0.0690554520931	-0.0174887952096	-0.0322100322794	0.0117105818959	0.0024517468977	0.0102012155975	0.022685571471	-0.0526774756438	-0.0444092246275	-0.0335282753893
k__Bacteria;p__Bacteroidetes;c__Bacteroidia;o__Bacteroidales;f__Rikenellaceae;g__Alistipes;s__Alistipes_putredinis	-0.00664765895636	0.0355210246037	1.0	-0.000945162269396	-0.0688721736999	-0.0117341646732	-0.00712780546276	0.0254345326724	-0.00669979775841	0.0250949432913	-0.02079630207	-0.0274324647088	0.0222412068278	-0.0348913212341	-0.0413794577252	-0.00383882554691	-0.0110546643014	-0.0182134306164	0.00206442637907	-0.0208137691729	-0.044378300518	0.0295679180109	-0.0124211893935	0.037421123181	0.00276889175037	-0.028680975234	-0.0132082783091	-0.0550822877626	-0.0462473234495	-0.0475426369284	-0.0169458982459	-0.0335481623592	0.0492028639612	-0.0144360797809	0.0158966459859	-0.0517029324636	-0.00101120107482	0.0166881182266	-0.00162987133854	-0.0313263602315	-0.0207425781638	-0.0145883233223	0.00139661097644	-0.034790087507	0.0693698216452	0.00556221727529	0.0325337915417	-0.00520003810732	0.0360365267916	-0.0115363086704	-0.00856522690958	0.0208748820746	-0.023933808801	0.0502706010759	0.00217866153676	-0.0204156175028	-0.046649592283	-0.0218288789149	0.0198288604635
k__Bacteria;p__Bacteroidetes;c__Bacteroidia;o__Bacteroidales;f__Prevotellaceae;g__Prevotella;s__Prevotella_copri	0.0427119000898	-0.0666722555869	-0.000945162269396	1.0	0.0417480793934	0.00646901301583	-0.0149126962555	-0.00969824524788	0.0459732591357	0.000514099110499	0.0148802322858	-0.0115065860487	-0.022867009377	-0.00784595808774	0.018824585115	0.0113820757497	0.00576652762641	0.0734318737857	-0.0681151990042	-0.0528837022166	0.0326940229301	-0.00434609103915	-0.0462538491708	-0.0104913058082	-0.104280351244	0.0135392276729	-0.00180512308731	-0.0484670182497	-0.020913947305	0.0319113032159	-0.0441725465312	0.0208307850569	-0.0610025542622	0.00164672749643	-0.0396758083543	-0.0545692203439	0.0381835444763	0.00796433790332	0.0107206767491	-0.0188724426648	0.0288094291232	0.00371564479777	0.0271333167098	-0.0473859501305	0.0107486634898	0.0105670407696	0.0112451468192	-0.00591143576809	-0.0200984295077	-0.00451764106189	-0.0215546585467	-0.00487590306304	-0.0143036439297	0.0245937578997	-0.0501290298267	0.0143446321254	0.0629643539418	0.0454863154023	-0.00052153368784
k__Bacteria;p__Bacteroidetes;c__Bacteroidia;o__Bacteroidales;f__Bacteroidaceae;g__Bacteroides;s__Bacteroides_stercoris	-0.036216446929	-0.0179283948622	-0.0688721736999	0.0417480793934	1.0	0.024790799905	0.0530350786605	0.031462338637	0.0204913813467	0.0256415319384	-0.0336005002194	-0.0764888377087	0.0561424066296	0.0185954372277	-0.0381690590826	0.0356654262074	0.0252987392033	0.0455460682715	0.0638796023075	-0.0786357682472	-0.00368011208812	-0.0529549555021	-0.0709026724739	0.0104972354329	-0.0503840874535	-0.0446267235413	-0.0371788216012	-0.00377372098194	-0.0324964691297	0.0387676841654	-0.0519671411497	0.0066573474764	-0.027822506569	-0.0378735657242	-0.0261025363494	0.0287229121454	-0.0176807434695	-0.0522502921208	-0.0670544245684	0.0332003671691	0.0197545463541	-0.0167909228339	-0.0340798519214	0.0437404951468	-0.0172062527335	0.00286905252975	0.0281883154587	0.0517451924595	0.0198328446203	-0.00892346121891	-0.0351557946445	0.0611802491675	-0.0207017731071	-0.0372269194994	0.0696677716354	-0.0240415474148	0.0618758066469	-0.00696091681459	-0.00435025325427
k__Bacteria;p__Bacteroidetes;c__Bacteroidia;o__Bacteroidales;f__Bacteroidaceae;g__Bacteroides;s__Bacteroides_ovatus	-0.0477515233591	-0.0212167159022	-0.0117341646732	0.00646901301583	0.024790799905	1.0	-0.024462566828	-0.0571546802281	0.000250542064047	-0.00188625232022	0.0121169265093	0.0565694223593	0.0564388292594	-0.00433044265377	-0.0316282792954	-0.0493639729119	0.0531388271307	0.0372125230404	-0.00579196739585	-0.0145131727066	0.0369437135338	-0.0475449733391	0.0359029414668	0.00984620185478	-0.0262630634336	-0.0700144466228	0.0485488085558	-0.0440253870824	0.0535819242582	0.016465717673	-0.00578840249686	-0.00897573647105	-0.0265335251225	-0.0438093669843	0.0113578532219	-0.048556726059	0.00443520649606	0.00387422343072	0.0149398884056	-0.0374894304088	-0.0572163915804	-0.0156243773099	0.00884533806232	0.0220578486997	0.0721632985358	-0.0111796896712	-0.0865194412619	0.0231275028695	0.012475803634	-0.012961657606	-0.0201656159867	-0.0615688005007	0.00254362760749	0.0218109201833	-0.00222358844156	0.0122214105043	0.00426131884649	-0.0453233650814	0.0205010489475
k__Bacteria;p__Bacteroidetes;c__Bacteroidia;o__Bacteroidales;f__Rikenellaceae;g__Alistipes;s__Alistipes_shahii	0.060251643997	-0.00643016664291	-0.00712780546276	-0.0149126962555	0.0530350786605	-0.024462566828	1.0	-0.00382122837035	-0.0156424064762	0.0260978055088	-0.0572031084001	-0.0753291773758	-0.00801374187623	-0.0615033617559	0.0277582853273	0.011715895127	-0.0400824946866	0.0709028390543	-0.0151377129438	-0.0260063652641	0.0461380050257	0.0247348321933	-0.0341848665268	-0.0278100128106	0.023663127353	-0.0534524888335	-0.00855504826278	-0.0253499621442	-0.0338228394784	-0.0327351640146	-0.0246515335407	0.00165281817082	0.0247305844271	-0.0537918666079	-0.0126488118771	-0.0589581655572	-0.0581908963875	-0.0281537811354	0.0382374285635	0.0317238851588	-0.0460271784635	-0.041151326469	0.067803019599	0.00237881797837	-0.00943297790159	-0.0161036681629	-0.00810796529541	-0.0333751982764	0.00313770557578	0.0235254526422	-0.0365093732803	-0.0821867605056	-0.0351977846139	0.0546737628039	-0.0784575137656	-0.0259518872949	-0.0179766708361	0.014569189465	-0.0709887048243
k__Bacteria;p__Firmicutes;c__Clostridia;o__Clostridiales;f__Ruminococcaceae;g__Faecalibacterium;s__Faecalibacterium_prausnitzii	-0.0168131967425	0.0108982920794	0.0254345326724	-0.00969824524788	0.031462338637	-0.0571546802281	-0.00382122837035	1.0	0.0438510149362	-0.0242315951117	-0.0311604158455	0.00576319343784	-0.023997863934	0.0149758818719	-0.0073231878704	-0.0557909903064	0.0422077645187	0.0399641553737	-0.00671010332557	-0.0558953136454	0.00676222094232	0.00624775848929	-0.0481705965333	-0.0742538586535	-0.0762643327806	-0.0267134274046	0.0462799932535	-0.0849751523704	-0.00618564622386	-0.00659910017291	0.0011701212592	0.0296624969958	0.0938131925209	-0.0277311808119	0.0656233652802	0.0419889224108	-0.0269738660363	0.0190354786062	0.00849116378035	0.0269223832088	0.0112323764713	0.0129694198282	-0.0391613035474	-0.0334255148724	-0.0708450497753	-0.0360955702867	-0.0313110784743	0.0601853060064	-0.0182183176912	0.0102445495344	-0.0125553231113	-0.0450675295976	-0.0408631479165	0.0185996653878	-0.00172135984894	0.0020400672945	-0.0696227763379	-0.0135354515795	0.0105800993565
k__Bacteria;p__Bacteroidetes;c__Bacteroidia;o__Bacteroidales;f__Rikenellaceae;g__Alistipes;s__Alistipes_finegoldii	-0.0248107562538	-0.00443197865356	-0.00669979775841	0.0459732591357	0.0204913813467	0.000250542064047	-0.0156424064762	0.0438510149362	1.0	-0.0685208412086	-0.0328101744047	-0.0214952017442	-0.017618599975	-0.0327621677751	0.0119236174981	-0.0443385902991	-0.031532693923	-0.0184312734947	-0.0250119693629	-0.0298527138409	0.0200991927638	0.0353922489064	-0.0109229961932	0.0202899482461	-0.0761837696083	-0.0389708349068	-0.00329643476764	-0.0149539874222	0.0208128980441	0.015295728522	-0.0217532324038	0.0256831479172	0.0157175596759	0.00161511867721	0.019860308289	-0.0169532128898	0.0143669064138	0.0209042513385	-0.0486886637758	-0.109069278235	-0.0356297594637	-0.00470726090442	-0.00600333855341	-0.0227960255166	0.0282702606755	-0.0068261214951	-0.00555772691628	-0.0239450368979	0.0481516513057	-0.00295573267191	0.00920133219352	0.0103371411922	-0.000313408520344	0.0390749345121	-0.0032192643885	0.00153607464757	-0.0117753574474	-0.0228963259607	0.0349075464298
k__Bacteria;p__Bacteroidetes;c__Bacteroidia;o__Bacteroidales;f__Porphyromonadaceae;g__Parabacteroides;s__Parabacteroides_distasonis	-0.0172961075472	-0.0301132247178	0.0250949432913	0.000514099110499	0.0256415319384	-0.00188625232022	0.0260978055088	-0.0242315951117	-0.0685208412086	1.0	-0.0207560855938	0.0155366146246	0.0327667428523	0.00517772675925	-0.0449004134667	0.00683673422204	-0.0454343623767	-0.0068119298666	-0.0359126915158	-0.0262486921279	-0.0054571226813	-0.00231169758036	-0.0350253108802	-0.0588948256175	-0.010419451057	-0.0291875693634	-0.0285884767027	0.033745608512	0.0379892079411	-0.0409864833945	-0.0421983312178	0.038745376895	0.00669951970222	-0.0144534960754	-0.0354073089536	0.0401818141789	-0.0397300176026	0.0381276294632	-0.00394374106513	0.00521726005015	-0.00228342365932	0.0109010036774	-0.0242462469621	-0.0442188287329	0.0380304819979	0.0128497003378	-0.025802392844	-0.0164446548547	-0.0345867625623	2.02406176656e-05	0.0244835332208	0.00479695587941	-0.0237703445524	-0.0301433389482	0.00418414897246	-0.054207715709	-0.0352281247825	0.0154714969685	0.00669273428261
k__Bacteria;p__Bacteroidetes;c__Bacteroidia;o__Bacteroidales;f__Bacteroidaceae;g__Bacteroides;s__Bacteroides_thetaiotaomicron	-0.0437840687951	-0.00906222002455	-0.02079630207	0.0148802322858	-0.0336005002194	0.0121169265093	-0.0572031084001	-0.0311604158455	-0.0328101744047	-0.0207560855938	1.0	-0.0546140460341	0.0271511908047	-0.00843157647367	0.0456142083031	-0.000107560101097	0.0234348466532	-0.0498482913896	-0.0363384171733	-0.0513782499825	-0.00779953691775	0.0165648931363	0.041317865705	-0.024234203803	0.0123837269328	-0.0185157069861	0.0292679966634	0.0169632899239	0.0456227102096	-0.0278867603009	0.0361041315527	-0.00590655081448	-0.0252348678843	0.03248046728	-0.0182385211431	0.0267448685045	0.0235084218416	0.0240853219284	-0.0381835396285	0.058575714454	-0.0497550050079	0.037561468575	0.0216306603829	-0.0388128381898	-0.014776487184	0.0709731418786	-0.0185555319468	0.0279228296211	0.100551932057	0.0202001942738	-0.0508423146179	-0.0400440097292	-0.0426115720708	0.0322783037315	-0.00459945735327	0.00984325055785	-0.055691614349	-0.00848554994016	-0.0166563421099
k__Bacteria;p__Bacteroidetes;c__Bacteroidia;o__Bacteroidales;f__Bacteroidaceae;g__Bacteroides;s__Bacteroides_coprocola	-0.0297658284213	-0.0381783486657	-0.0274324647088	-0.0115065860487	-0.0764888377087	0.0565694223593	-0.0753291773758	0.00576319343784	-0.0214952017442	0.0155366146246	-0.0546140460341	1.0	0.0310824401394	-0.0262769094228	-0.0905825136856	0.0431918731322	-0.0480995503967	-0.014334802086	0.0111541498534	0.0096925893494	-0.0618648591633	-0.0431068759432	-0.0590350830683	-0.0384949688719	0.0557063594777	0.0707491557235	-0.0200923219569	-0.0122228127519	-0.0172877680494	-0.025205198219	-0.0300404154973	-0.0661467952882	-0.0430334408404	-0.0091266689735	-0.0511592407938	-0.0472234064578	0.0396464293983	-0.0297361401772	0.0018278884389	-0.0402582332422	0.0426575423969	0.047554093946	0.0256194002089	0.0397638028702	-0.00927440684087	-0.05467650969	-0.00141918288867	-0.00262658847761	0.0484850792467	-0.0202908364301	0.0033777051605	-0.0220844843101	0.0146500034849	-0.0140562699613	-0.0519705631459	0.0161444583069	-0.0043589766466	-0.0110029289313	0.0246487586477
k__Bacteria;p__Bacteroidetes;c__Bacteroidia;o__Bacteroidales;f__Bacteroidaceae;g__Bacteroides;s__Bacteroides_cellulosilyticus	-0.0214714533575	-0.00477599585166	0.0222412068278	-0.022867009377	0.0561424066296	0.0564388292594	-0.00801374187623	-0.023997863934	-0.017618599975	0.0327667428523	0.0271511908047	0.0310824401394	1.0	-0.000695461130376	-0.0171217182868	-0.0431667643309	0.000877103011812	-0.0405523510836	0.0339776696546	0.0523990139767	-0.0137055439392	0.0404406576525	0.00539075078209	0.0193716727873	-0.0264871604338	0.0526786888689	-0.0178112211955	0.00824844149199	0.010234228327	-0.0203225518776	-0.0117854059543	-0.0682277244351	-0.0802439226055	-0.0517908021428	-0.0210061662765	0.040392776693	-0.00999592537205	-0.00831709200623	-0.00540876951293	0.0273900387906	-0.0255098892488	-0.0258233687916	0.0120685540718	-0.0312139762737	-0.00851378468386	-0.0932312119775	-0.124681716257	-0.0580307827353	0.0415243731529	-0.0270499826964	0.0961133027172	0.0427130501127	0.028366701553	-0.0392647255309	0.0225578664967	-0.0410590110044	0.00240456020479	-0.0334197754839	-0.0129459643448
k__Bacteria;p__Bacteroidetes;c__Bacteroidia;o__Bacteroidales;f__Rikenellaceae;g__Alistipes;s__Alistipes_obesi	0.0278470473751	0.0729017565293	-0.0348913212341	-0.00784595808774	0.0185954372277	-0.00433044265377	-0.0615033617559	0.0149758818719	-0.0327621677751	0.00517772675925	-0.00843157647367	-0.0262769094228	-0.000695461130376	1.0	-0.0338425789137	-0.0296193525022	-0.00775229588315	-0.0311039354797	-0.0474975069105	0.0445516019364	-0.049625490568	0.00349248041387	-0.035456229616	0.00115993998465	0.030940020005	0.00732301926496	0.00597387252742	-0.00358377951157	-0.0275806541226	0.00475676006603	0.0574047238203	-0.0287924933861	0.0270102020979	-0.058523951109	0.00840035454409	-0.0119695729472	0.00375101074854	0.0343170839049	-0.0794383435094	-0.0335064638528	0.0167028214529	-0.0356471314033	-0.126214176902	0.0815543747689	-0.00683797749033	-0.0455219741547	0.0208085386843	0.106470760207	-0.0173637462384	-0.0161291135119	0.0277751223161	0.0131027802573	0.0311804597893	-0.0315849760862	0.00508904870269	0.0389807724991	0.0128600016331	-0.0638957259973	-0.0352744229329
k__Bacteria;p__Firmicutes;c__Clostridia;o__Clostridiales;f__Lachnospiraceae;g__;s__[Eubacterium]_rectale	-0.0119776651015	0.0187055402058	-0.0413794577252	0.018824585115	-0.0381690590826	-0.0316282792954	0.0277582853273	-0.0073231878704	0.0119236174981	-0.0449004134667	0.0456142083031	-0.0905825136856	-0.0171217182868	-0.0338425789137	1.0	0.0119032781057	0.0332452809146	0.0234401138392	-0.00940257911544	-0.0239589050232	-0.0394319112102	-0.0527026353359	0.0264531673472	-0.00871070349912	-0.000115185332959	0.0378868649887	-0.0613746800624	0.013550806606	0.0275254578998	-0.0485518717071	0.0288921448361	0.0359361325758	0.00472931077405	0.0200568012802	0.00749426946685	-0.0287437536941	-0.0109205404707	0.035470934479	-0.0354303965633	-0.0381308209685	-0.00076541312552	-0.0145347534604	-0.0499353047818	0.00367681899068	-0.00683790751887	0.0417007809116	-0.0377454308825	-0.0306744399633	-0.0525818369855	-0.0031042824519	-0.0440519165787	-0.0194581531829	-0.0404482912989	0.00499982331475	0.0153210928593	0.018179605321	0.0138665089224	-0.0243101587124	-0.0205407424831
k__Bacteria;p__Bacteroidetes;c__Bacteroidia;o__Bacteroidales;f__Bacteroidaceae;g__Bacteroides;s__Bacteroides_plebeius	-0.0203655588989	0.0145216424124	-0.00383882554691	0.0113820757497	0.0356654262074	-0.0493639729119	0.011715895127	-0.0557909903064	-0.0443385902991	0.00683673422204	-0.000107560101097	0.0431918731322	-0.0431667643309	-0.0296193525022	0.0119032781057	1.0	-0.0175051319027	0.00919563985801	0.0142672486179	-0.0406270930377	0.0168662564425	-0.000333957990442	-0.0259824090917	-0.0253827719646	0.000672888308664	0.0193888548611	0.0367305905035	-0.0217496343366	-0.0731388361712	0.00821765866629	0.0366093372241	-0.0278568849253	-0.054422168091	-0.0920757650587	-0.0902387515908	-0.0300505760687	0.0221557369901	0.0110796856616	0.0815086948987	0.0021402631637	0.0362771404805	-0.0439138336354	-0.0183580134866	0.0207976640989	0.0255998993773	-0.0115449645001	-0.0506086499119	-0.0314630500111	-0.00358844677871	-0.0223974466701	0.0309209915502	0.0235375328952	0.0216692215167	-0.00472011262657	-0.00905541276588	0.0208358845501	-0.0922419367229	-0.0190347142833	-0.0100491979707
k__Bacteria;p__Bacteroidetes;c__Bacteroidia;o__Bacteroidales;f__Bacteroidaceae;g__Bacteroides;s__Bacteroides_fragilis	-0.0121232012585	0.0332550174415	-0.0110546643014	0.00576652762641	0.0252987392033	0.0531388271307	-0.0400824946866	0.0422077645187	-0.031532693923	-0.0454343623767	0.0234348466532	-0.0480995503967	0.000877103011812	-0.00775229588315	0.0332452809146	-0.0175051319027	1.0	0.000887592854589	-0.030253368036	-0.0120466644524	0.0300937034617	0.0136141355643	-0.0363877336694	-0.0318679940736	-0.0943092160106	-0.0577774513102	-0.0521792912008	-0.0355010968865	0.0120628413346	0.0291419969788	-0.0166721907958	-0.052668757525	-0.0246428744155	0.00978774793073	-0.0122537894205	0.0142709630496	0.0205853834677	0.0205398033779	0.0446696519306	-0.0805742503814	-0.0428770278615	-0.0336255158163	0.00980295597816	0.00417416293829	-0.0160002551774	-0.0386102641598	-0.0176125812951	0.0227994558062	0.00437440913016	0.00958991518785	-0.0431060653976	0.0588343579536	0.0226606693566	-0.0400594822091	-0.0188637274142	0.0556976744633	0.000271364574602	0.034091243728	-0.00943230832338
k__Bacteria;p__Proteobacteria;c__Betaproteobacteria;o__Burkholderiales;f__Sutterellaceae;g__Sutterella;s__Sutterella_wadsworthensis	-0.0800552653694	-0.0743809967724	-0.0182134306164	0.0734318737857	0.0455460682715	0.0372125230404	0.0709028390543	0.0399641553737	-0.0184312734947	-0.0068119298666	-0.0498482913896	-0.014334802086	-0.0405523510836	-0.0311039354797	0.0234401138392	0.00919563985801	0.000887592854589	1.0	-0.0403984510596	0.0138880594009	-0.077504971595	0.0339454461434	-0.0423316052268	0.00923076631921	-0.0359879487955	-0.122829469507	0.0326184953409	0.00500043930957	-0.0284596261567	-0.0194304745098	-0.00828244470402	-0.0315001603226	-0.037536029955	0.00970517707826	-0.025493372128	-0.0284755913948	-0.00698448910936	-0.0149299667482	-0.062993435401	-0.0590968830479	0.0437951655084	-0.0113323278356	-0.0580475588973	0.0473855294513	-0.0575631811822	-0.00861125585049	-0.0610462265257	0.0401635739996	0.0270660980482	-0.0005146257837	-0.000378457869598	0.0364056389757	-0.0545139368738	-0.0361981337914	-0.0015983999883	0.00630608833559	0.0412257534694	0.0693449588545	-0.066466607801
k__Bacteria;p__Bacteroidetes;c__Bacteroidia;o__Bacteroidales;f__Porphyromonadaceae;g__Barnesiella;s__Barnesiella_intestinihominis	-0.0180524728442	0.0145887103242	0.00206442637907	-0.0681151990042	0.0638796023075	-0.00579196739585	-0.0151377129438	-0.00671010332557	-0.0250119693629	-0.0359126915158	-0.0363384171733	0.0111541498534	0.0339776696546	-0.0474975069105	-0.00940257911544	0.0142672486179	-0.030253368036	-0.0403984510596	1.0	0.0259485188931	0.0271607050741	-0.00911726519786	-0.0337825302533	-0.0556252369357	-0.0505985908801	-0.0579127573605	-0.0606532640945	0.00524430860479	-0.0523218192746	0.027635228074	0.0257223018977	-0.0702510571044	0.0300803344772	0.0520412726896	0.0288809981894	-0.0616283345908	-0.000822194122691	0.000584373670183	-0.0272010098518	0.00397962876965	0.0441770282195	-0.0580945853129	-0.0165626140854	0.0333429435515	-0.00963018026996	-0.00511662805647	-0.0337692968862	0.0485313692567	-0.0121780891289	-0.0240358639122	-0.0713586366469	-0.00441742884071	0.0250952929177	0.0154934421017	-0.0284708302336	0.00512916832544	-0.0503630556209	0.00311174862048	0.0165321115838
k__Bacteria;p__Bacteroidetes;c__Bacteroidia;o__Bacteroidales;f__Odoribacteraceae;g__Odoribacter;s__Odoribacter_splanchnicus	-0.0069863643499	-0.0320234547545	-0.0208137691729	-0.0528837022166	-0.0786357682472	-0.0145131727066	-0.0260063652641	-0.0558953136454	-0.0298527138409	-0.0262486921279	-0.0513782499825	0.0096925893494	0.0523990139767	0.0445516019364	-0.0239589050232	-0.0406270930377	-0.0120466644524	0.0138880594009	0.0259485188931	1.0	-0.0310680516101	-0.0351941271621	0.00418957898984	0.070377495463	-0.0426677735924	0.0230775142664	-0.0619023256615	0.0187193664797	0.0347249569893	0.0148440603149	-0.00929299341728	-0.0344456481615	0.0449722135662	-0.0323159935224	0.00060197593329	-0.0125572916898	0.00179943164949	0.0274863933399	0.00871183103525	-0.0427679436742	0.016422543267	0.00347405261275	0.01732648753	-0.0144718363248	0.0326078089635	-0.0321466144006	0.0211435832746	-0.040066592849	-0.0608539431498	0.0606139669585	0.0226156207548	-0.0482361230672	-0.0422703434457	-0.070554251023	-0.0182690812193	0.000747251219731	-0.0409291376889	0.0161190938487	-0.0167287630477
k__Bacteria;p__Bacteroidetes;c__Bacteroidia;o__Bacteroidales;f__Bacteroidaceae;g__Bacteroides;s__Bacteroides_salyersiae	0.0237989045025	-0.0171627489934	-0.044378300518	0.0326940229301	-0.00368011208812	0.0369437135338	0.0461380050257	0.00676222094232	0.0200991927638	-0.0054571226813	-0.00779953691775	-0.0618648591633	-0.0137055439392	-0.049625490568	-0.0394319112102	0.0168662564425	0.0300937034617	-0.077504971595	0.0271607050741	-0.0310680516101	1.0	0.0261154302807	0.0351364641644	0.0304944866216	-0.0376625989612	-0.0198069998041	-0.0246734168524	-0.0271655644225	0.0345243029192	0.000107613562363	0.00378818243845	0.00541423728003	0.0310155794358	-0.0203116646332	-0.0713811684844	-0.0195208782073	-0.0399545368653	0.0390863777924	0.000821227000153	-0.0110081112008	-0.00780195297756	-0.0416966326782	-0.0437998924695	0.00399185413813	-0.0724414234338	-0.015597590588	0.0229710193742	0.0341523693442	0.00515059912854	-0.0397055381545	0.00571524583369	-0.0747668748014	0.0820318965785	-0.0143543124832	-0.00993730977731	0.0198885816206	0.0224852060925	0.0447853622758	-0.0208761926508
k__Bacteria;p__Firmicutes;c__Clostridia;o__Clostridiales;f__Ruminococcaceae;g__Ruminiclostridium;s__[Eubacterium]_siraeum	-0.0782109827953	0.00878170147496	0.0295679180109	-0.00434609103915	-0.0529549555021	-0.0475449733391	0.0247348321933	0.00624775848929	0.0353922489064	-0.00231169758036	0.0165648931363	-0.0431068759432	0.0404406576525	0.00349248041387	-0.0527026353359	-0.000333957990442	0.0136141355643	0.0339454461434	-0.00911726519786	-0.0351941271621	0.0261154302807	1.0	-0.0469478839349	-0.0342431025874	-0.0429086452826	-0.0311287149655	-0.00981880460761	-0.018860210094	0.0210821603294	-0.0232537527321	-0.0635715324616	0.0337420447214	0.0186725095099	-0.0429373342501	-0.00251911642531	-0.0112268244712	-0.036842577394	-0.0102684822909	0.00964204333249	-0.0423395936728	0.0395376256949	0.0213470461211	-0.0173046448745	-0.00220206051284	0.00388049211674	0.0774966199144	-0.014890453431	-0.0406456491573	-0.0644656909103	-0.0542417812042	-0.0187987660233	-0.0418477495849	0.0680277103191	-0.0617688088506	0.0177014613176	0.0554319728357	0.0197045192953	-0.0243128998661	-0.00228870168568
k__Bacteria;p__Proteobacteria;c__Betaproteobacteria;o__Burkholderiales;f__Sutterellaceae;g__Parasutterella;s__Parasutterella_excrementihominis	-0.0176034730304	-0.039727918728	-0.0124211893935	-0.0462538491708	-0.0709026724739	0.0359029414668	-0.0341848665268	-0.0481705965333	-0.0109229961932	-0.0350253108802	0.041317865705	-0.0590350830683	0.00539075078209	-0.035456229616	0.0264531673472	-0.0259824090917	-0.0363877336694	-0.0423316052268	-0.0337825302533	0.00418957898984	0.0351364641644	-0.0469478839349	1.0	-0.0225826661388	-0.0466001732691	0.0368885568567	0.047057346119	-0.00729997104436	0.0172509456965	0.00591389518665	-0.0127451349763	0.112963309756	-0.0370009227246	0.0952239693967	-0.0435126190596	-0.0136519774358	-0.00231819540825	-0.00219810834126	-0.00550910923704	0.0418853140636	0.0155450079467	-0.0174550415448	-0.0611677298213	-0.00549958214518	-0.0432369414088	0.0281339210214	0.00933798728792	-0.00457146829907	0.0292292059628	0.00740985877682	0.0374750292667	0.0103226137722	0.00996831661427	-0.0186386736917	0.032867806641	-0.0162969992615	-0.00327583508089	0.0325719875484	0.000909519594442
k__Bacteria;p__Actinobacteria;c__Actinobacteria;o__Bifidobacteriales;f__Bifidobacteriaceae;g__Bifidobacterium;s__Bifidobacterium_adolescentis	-0.0778646028732	-0.0688779248652	0.037421123181	-0.0104913058082	0.0104972354329	0.00984620185478	-0.0278100128106	-0.0742538586535	0.0202899482461	-0.0588948256175	-0.024234203803	-0.0384949688719	0.0193716727873	0.00115993998465	-0.00871070349912	-0.0253827719646	-0.0318679940736	0.00923076631921	-0.0556252369357	0.070377495463	0.0304944866216	-0.0342431025874	-0.0225826661388	1.0	0.0323737067202	-0.0354333546277	-0.0164548062678	0.0270668690301	-0.0230259574629	-0.0114300925479	-0.0341189024918	0.0619436130122	0.0304369936566	0.0491465729319	-0.00823955709397	-0.0374534151247	-0.048989584735	-0.0751195318032	0.00706803007546	-0.135489611764	-0.00165345991544	0.00182321983853	0.0411308189085	0.0230696105311	0.0872469948138	-0.00189333414209	0.0874120781293	-0.0400138885721	-0.00552440691561	0.00778032031942	-0.019349665043	-0.018568480802	-0.0159461738679	-0.0173461346987	-0.0332412128812	-0.00490936025468	0.0327202919565	0.00169528876177	0.00303549397334
k__Bacteria;p__Firmicutes;c__Clostridia;o__Clostridiales;f__Oscillospiraceae;g__Oscillibacter;s__Oscillibacter_sp._KLE_1745	-0.0221241148574	0.0112680972325	0.00276889175037	-0.104280351244	-0.0503840874535	-0.0262630634336	0.023663127353	-0.0762643327806	-0.0761837696083	-0.010419451057	0.0123837269328	0.0557063594777	-0.0264871604338	0.030940020005	-0.000115185332959	0.000672888308664	-0.0943092160106	-0.0359879487955	-0.0505985908801	-0.0426677735924	-0.0376625989612	-0.0429086452826	-0.0466001732691	0.0323737067202	1.0	0.0674186885575	0.00807612438812	-0.00354798078192	0.0148833835631	-0.0251875127443	-0.0385407857911	-0.0882766258647	-0.0170557200482	-0.0632949289662	-0.00323885274836	0.0373826443003	-0.0403920866756	-0.0279118919374	0.0390272615266	-0.0280643094577	-0.0121568475377	0.00699568640476	0.00958157457794	-0.00212672839035	0.0312654699972	-0.0312109870379	-0.000596310552231	0.0255905299983	-0.0388105263014	0.0106030210759	0.00546421484572	0.00135831911386	0.0347709779849	0.0395569173123	0.00901521885017	-0.0372474635185	-0.0400334580675	-0.0380799664407	-0.0206707193376
k__Bacteria;p__Bacteroidetes;c__Bacteroidia;o__Bacteroidales;f__Bacteroidaceae;g__Bacteroides;s__Bacteroides_coprophilus	0.0500832378716	-0.0092849059014	-0.028680975234	0.0135392276729	-0.0446267235413	-0.0700144466228	-0.0534524888335	-0.0267134274046	-0.0389708349068	-0.0291875693634	-0.0185157069861	0.0707491557235	0.0526786888689	0.00732301926496	0.0378868649887	0.0193888548611	-0.0577774513102	-0.122829469507	-0.0579127573605	0.0230775142664	-0.0198069998041	-0.0311287149655	0.0368885568567	-0.0354333546277	0.0674186885575	1.0	-0.0115317329855	0.0204372287539	-0.024720596174	-0.00504685310165	-0.0450729689842	0.0156582506525	0.00920249855227	-0.0403723712293	0.0374971061676	-0.0375134614553	0.00808959013618	-0.0441246214132	0.0101374580496	-0.00514951035251	-0.07878177786	0.0645327183541	0.0132713691291	0.0363745679165	-0.0212579378498	-0.00945035479617	-0.00883010866045	-0.00166434708178	0.015313414251	-0.0314878602505	-0.0532448836603	-0.0260769334517	-0.00780576819309	0.0269080195197	0.0118303275064	-0.0353470848272	0.0351467348159	0.0168648197643	-0.0726885500183
k__Bacteria;p__Firmicutes;c__Clostridia;o__Clostridiales;f__Lachnospiraceae;g__Roseburia;s__Roseburia_intestinalis	-0.0263656351273	-0.0821880216613	-0.0132082783091	-0.00180512308731	-0.0371788216012	0.0485488085558	-0.00855504826278	0.0462799932535	-0.00329643476764	-0.0285884767027	0.0292679966634	-0.0200923219569	-0.0178112211955	0.00597387252742	-0.0613746800624	0.0367305905035	-0.0521792912008	0.0326184953409	-0.0606532640945	-0.0619023256615	-0.0246734168524	-0.00981880460761	0.047057346119	-0.0164548062678	0.00807612438812	-0.0115317329855	1.0	0.015293065323	-0.0644587022401	0.00447711721874	-0.00757006222242	0.033249745172	-0.0368813015941	-0.0372685031893	0.00724456576972	-0.0384364211812	-0.0272906747006	-0.0624343349499	0.0513369269891	-0.0689106738594	0.0161400361709	0.080050428423	-0.0321237803638	-0.0677354325478	-0.043813993554	0.0300605089341	-0.0302271948262	0.082918775897	0.0230668803473	0.00284569649429	-0.00894329348813	0.0173141738219	-0.0653337160277	-0.00640538180653	-0.0179235167421	-0.0372055162137	0.0185028627011	-0.0195721365087	0.0511082941362
k__Bacteria;p__Firmicutes;c__Clostridia;o__Clostridiales;f__Lachnospiraceae;g__Roseburia;s__Roseburia_hominis	-0.018530923999	-0.0192133651401	-0.0550822877626	-0.0484670182497	-0.00377372098194	-0.0440253870824	-0.0253499621442	-0.0849751523704	-0.0149539874222	0.033745608512	0.0169632899239	-0.0122228127519	0.00824844149199	-0.00358377951157	0.013550806606	-0.0217496343366	-0.0355010968865	0.00500043930957	0.00524430860479	0.0187193664797	-0.0271655644225	-0.018860210094	-0.00729997104436	0.0270668690301	-0.00354798078192	0.0204372287539	0.015293065323	1.0	0.0284029453032	-0.00853528942695	-0.00272106178219	-0.00320645295821	0.00433195798144	0.054483725584	-0.0924185040313	0.0262683519932	0.00516156920951	-0.0360789294026	-0.0374154094345	-0.0599052264959	-0.0486597125349	-0.0407548432934	0.00321420084073	0.00972982550702	-0.0197026693105	-0.0533999521142	0.0455392912593	-0.0170580890087	0.0161592515942	0.00475582568851	-0.0405463247209	-0.00317885357651	-0.0694242990678	-0.0396463445578	-0.0020534972304	0.0822161465648	-0.0332706292496	-0.0259833715621	-0.0174230113595
k__Bacteria;p__Bacteroidetes;c__Bacteroidia;o__Bacteroidales;f__Porphyromonadaceae;g__Parabacteroides;s__Parabacteroides_johnsonii	0.0323412486289	-0.00163762824565	-0.0462473234495	-0.020913947305	-0.0324964691297	0.0535819242582	-0.0338228394784	-0.00618564622386	0.0208128980441	0.0379892079411	0.0456227102096	-0.0172877680494	0.010234228327	-0.0275806541226	0.0275254578998	-0.0731388361712	0.0120628413346	-0.0284596261567	-0.0523218192746	0.0347249569893	0.0345243029192	0.0210821603294	0.0172509456965	-0.0230259574629	0.0148833835631	-0.024720596174	-0.0644587022401	0.0284029453032	1.0	0.0172097150339	-0.0287997406964	0.0241479332741	-0.0458982599427	0.000520757270638	0.0211842372438	0.0329394764499	0.0103805303827	0.042207681132	-0.0416219708023	0.0544585795356	-0.0542747747312	0.00266004862949	0.017100954254	0.00112797737865	-0.00646514395605	-0.0237331935368	-0.0556790060549	-0.0291577773588	0.0307964408179	0.0394835794582	0.00450009270875	0.040064487569	-0.0195461972602	-0.0647231490883	-0.0145956241454	-0.0574106846029	-0.0177512140757	0.0857124522142	-0.0299719189534
k__Bacteria;p__Actinobacteria;c__Actinobacteria;o__Bifidobacteriales;f__Bifidobacteriaceae;g__Bifidobacterium;s__Bifidobacterium_longum	-0.0553344572187	0.00868741143562	-0.0475426369284	0.0319113032159	0.0387676841654	0.016465717673	-0.0327351640146	-0.00659910017291	0.015295728522	-0.0409864833945	-0.0278867603009	-0.025205198219	-0.0203225518776	0.00475676006603	-0.0485518717071	0.00821765866629	0.0291419969788	-0.0194304745098	0.027635228074	0.0148440603149	0.000107613562363	-0.0232537527321	0.00591389518665	-0.0114300925479	-0.0251875127443	-0.00504685310165	0.00447711721874	-0.00853528942695	0.0172097150339	1.0	0.0269888927024	-0.0429844650644	0.0391280393503	-0.0399577784088	0.0391209658949	-0.0368171642483	-0.0111747338645	0.0290599421212	0.0232306083409	-0.0261589089977	-0.0179247778022	0.00465673560686	0.0272339263814	-0.0724905186706	0.0462115330319	-0.0156595439502	0.0441909329149	-0.0249558723685	-0.00233494407731	0.00220719536383	0.0330933285963	-0.0834388269124	0.0233843829559	-0.0211495959994	-0.00876437774719	0.0181260706003	-0.0310322844901	-0.0318001039036	0.0128010372284
