#taxonomy	k__Bacteria;p__Bacteroidetes;c__Bacteroidia;o__Bacteroidales;f__Bacteroidaceae;g__Bacteroides;s__Bacteroides_vulgatus	k__Bacteria;p__Bacteroidetes;c__Bacteroidia;o__Bacteroidales;f__Bacteroidaceae;g__Bacteroides;s__Bacteroides_uniformis	k__Bacteria;p__Bacteroidetes;c__Bacteroidia;o__Bacteroidales;f__Rikenellaceae;g__Alistipes;s__Alistipes_putredinis	k__Bacteria;p__Bacteroidetes;c__Bacteroidia;o__Bacteroidales;f__Prevotellaceae;g__Prevotella;s__Prevotella_copri	k__Bacteria;p__Bacteroidetes;c__Bacteroidia;o__Bacteroidales;f__Bacteroidaceae;g__Bacteroides;s__Bacteroides_stercoris	k__Bacteria;p__Bacteroidetes;c__Bacteroidia;o__Bacteroidales;f__Bacteroidaceae;g__Bacteroides;s__Bacteroides_ovatus	k__Bacteria;p__Bacteroidetes;c__Bacteroidia;o__Bacteroidales;f__Rikenellaceae;g__Alistipes;s__Alistipes_shahii	k__Bacteria;p__Firmicutes;c__Clostridia;o__Clostridiales;f__Ruminococcaceae;g__Faecalibacterium;s__Faecalibacterium_prausnitzii	k__Bacteria;p__Bacteroidetes;c__Bacteroidia;o__Bacteroidales;f__Rikenellaceae;g__Alistipes;s__Alistipes_finegoldii	k__Bacteria;p__Bacteroidetes;c__Bacteroidia;o__Bacteroidales;f__Porphyromonadaceae;g__Parabacteroides;s__Parabacteroides_distasonis	k__Bacteria;p__Bacteroidetes;c__Bacteroidia;o__Bacteroidales;f__Bacteroidaceae;g__Bacteroides;s__Bacteroides_thetaiotaomicron	k__Bacteria;p__Bacteroidetes;c__Bacteroidia;o__Bacteroidales;f__Bacteroidaceae;g__Bacteroides;s__Bacteroides_coprocola	k__Bacteria;p__Bacteroidetes;c__Bacteroidia;o__Bacteroidales;f__Bacteroidaceae;g__Bacteroides;s__Bacteroides_cellulosilyticus	k__Bacteria;p__Bacteroidetes;c__Bacteroidia;o__Bacteroidales;f__Rikenellaceae;g__Alistipes;s__Alistipes_obesi	k__Bacteria;p__Firmicutes;c__Clostridia;o__Clostridiales;f__Lachnospiraceae;g__;s__[Eubacterium]_rectale	k__Bacteria;p__Bacteroidetes;c__Bacteroidia;o__Bacteroidales;f__Bacteroidaceae;g__Bacteroides;s__Bacteroides_plebeius	k__Bacteria;p__Bacteroidetes;c__Bacteroidia;o__Bacteroidales;f__Bacteroidaceae;g__Bacteroides;s__Bacteroides_fragilis	k__Bacteria;p__Proteobacteria;c__Betaproteobacteria;o__Burkholderiales;f__Sutterellaceae;g__Sutterella;s__Sutterella_wadsworthensis	k__Bacteria;p__Bacteroidetes;c__Bacteroidia;o__Bacteroidales;f__Porphyromonadaceae;g__Barnesiella;s__Barnesiella_intestinihominis	k__Bacteria;p__Bacteroidetes;c__Bacteroidia;o__Bacteroidales;f__Odoribacteraceae;g__Odoribacter;s__Odoribacter_splanchnicus	k__Bacteria;p__Bacteroidetes;c__Bacteroidia;o__Bacteroidales;f__Bacteroidaceae;g__Bacteroides;s__Bacteroides_salyersiae	k__Bacteria;p__Firmicutes;c__Clostridia;o__Clostridiales;f__Ruminococcaceae;g__Ruminiclostridium;s__[Eubacterium]_siraeum	k__Bacteria;p__Proteobacteria;c__Betaproteobacteria;o__Burkholderiales;f__Sutterellaceae;g__Parasutterella;s__Parasutterella_excrementihominis	k__Bacteria;p__Actinobacteria;c__Actinobacteria;o__Bifidobacteriales;f__Bifidobacteriaceae;g__Bifidobacterium;s__Bifidobacterium_adolescentis	k__Bacteria;p__Firmicutes;c__Clostridia;o__Clostridiales;f__Oscillospiraceae;g__Oscillibacter;s__Oscillibacter_sp._KLE_1745	k__Bacteria;p__Bacteroidetes;c__Bacteroidia;o__Bacteroidales;f__Bacteroidaceae;g__Bacteroides;s__Bacteroides_coprophilus	k__Bacteria;p__Firmicutes;c__Clostridia;o__Clostridiales;f__Lachnospiraceae;g__Roseburia;s__Roseburia_intestinalis	k__Bacteria;p__Firmicutes;c__Clostridia;o__Clostridiales;f__Lachnospiraceae;g__Roseburia;s__Roseburia_hominis	k__Bacteria;p__Bacteroidetes;c__Bacteroidia;o__Bacteroidales;f__Porphyromonadaceae;g__Parabacteroides;s__Parabacteroides_johnsonii	k__Bacteria;p__Actinobacteria;c__Actinobacteria;o__Bifidobacteriales;f__Bifidobacteriaceae;g__Bifidobacterium;s__Bifidobacterium_longum	k__Bacteria;p__Firmicutes;c__Clostridia;o__Clostridiales;f__;g__Flavonifractor;s__Flavonifractor_plautii	k__Bacteria;p__Firmicutes;c__Clostridia;o__Clostridiales;f__Clostridiaceae;g__Clostridium;s__Clostridium_phoceensis	k__Bacteria;p__Verrucomicrobia;c__Verrucomicrobiae;o__Verrucomicrobiales;f__Akkermansiaceae;g__Akkermansia;s__Akkermansia_muciniphila	k__Bacteria;p__Bacteroidetes;c__Bacteroidia;o__Bacteroidales;f__Prevotellaceae;g__Paraprevotella;s__Paraprevotella_xylaniphila	k__Bacteria;p__Firmicutes;c__Clostridia;o__Clostridiales;f__Ruminococcaceae;g__Ruminococcus;s__Ruminococcus_callidus	k__Bacteria;p__Bacteroidetes;c__Bacteroidia;o__Bacteroidales;f__Rikenellaceae;g__Alistipes;s__Alistipes_senegalensis	k__Bacteria;p__Firmicutes;c__Clostridia;o__Clostridiales;f__Lachnospiraceae;g__Blautia;s__Blautia_sp._KLE_1732	k__Bacteria;p__Bacteroidetes;c__Bacteroidia;o__Bacteroidales;f__Bacteroidaceae;g__Bacteroides;s__Bacteroides_oleiciplenus	k__Bacteria;p__Firmicutes;c__Clostridia;o__Clostridiales;f__Ruminococcaceae;g__Ruminococcus;s__Ruminococcus_bicirculans	k__Bacteria;p__Bacteroidetes;c__Bacteroidia;o__Bacteroidales;f__Bacteroidaceae;g__Bacteroides;s__Bacteroides_fluxus	k__Bacteria;p__Bacteroidetes;c__Bacteroidia;o__Bacteroidales;f__Prevotellaceae;g__Prevotella;s__Prevotella_stercorea	k__Bacteria;p__Firmicutes;c__Clostridia;o__Clostridiales;f__Lachnospiraceae;g__Dorea;s__Dorea_longicatena	k__Bacteria;p__Firmicutes;c__Clostridia;o__Clostridiales;f__Eubacteriaceae;g__Eubacterium;s__[Eubacterium]_eligens	k__Bacteria;p__Firmicutes;c__Clostridia;o__Clostridiales;f__Ruminococcaceae;g__;s__Ruminococcaceae_bacterium_D16	k__Bacteria;p__Firmicutes;c__Clostridia;o__Clostridiales;f__Lachnospiraceae;g__Coprococcus;s__Coprococcus_comes	k__Bacteria;p__Proteobacteria;c__Gammaproteobacteria;o__Enterobacterales;f__Enterobacteriaceae;g__Escherichia;s__Escherichia_coli	k__Bacteria;p__Firmicutes;c__Clostridia;o__Clostridiales;f__Ruminococcaceae;g__Anaerotruncus;s__Anaerotruncus_colihominis	k__Bacteria;p__Firmicutes;c__Clostridia;o__Clostridiales;f__Lachnospiraceae;g__Blautia;s__Blautia_obeum	k__Bacteria;p__Bacteroidetes;c__Bacteroidia;o__Bacteroidales;f__Odoribacteraceae;g__Odoribacter;s__Odoribacter_laneus	k__Bacteria;p__Firmicutes;c__Clostridia;o__Clostridiales;f__Ruminococcaceae;g__Ruminiclostridium;s__[Clostridium]_leptum	k__Bacteria;p__Bacteroidetes;c__Bacteroidia;o__Bacteroidales;f__Porphyromonadaceae;g__Parabacteroides;s__Parabacteroides_goldsteinii	k__Bacteria;p__Firmicutes;c__Clostridia;o__Clostridiales;f__Lachnospiraceae;g__Anaerostipes;s__Anaerostipes_hadrus	k__Bacteria;p__Firmicutes;c__Clostridia;o__Clostridiales;f__Ruminococcaceae;g__Ruminococcus;s__Ruminococcus_lactaris	k__Bacteria;p__Firmicutes;c__Clostridia;o__Clostridiales;f__Clostridiaceae;g__Clostridium;s__Clostridium_sp._L2-50	k__Bacteria;p__Firmicutes;c__Clostridia;o__Clostridiales;f__Clostridiaceae;g__Clostridium;s__Clostridium_sp._M62/1	k__Bacteria;p__Firmicutes;c__Clostridia;o__Clostridiales;f__;g__Intestinimonas;s__Intestinimonas_butyriciproducens	k__Bacteria;p__Actinobacteria;c__Actinobacteria;o__Bifidobacteriales;f__Bifidobacteriaceae;g__Bifidobacterium;s__Bifidobacterium_bifidum	k__Bacteria;p__Firmicutes;c__Negativicutes;o__Veillonellales;f__Veillonellaceae;g__Dialister;s__Dialister_invisus	k__Bacteria;p__Bacteroidetes;c__Bacteroidia;o__Bacteroidales;f__Bacteroidaceae;g__Bacteroides;s__Bacteroides_salanitronis
k__Bacteria;p__Bacteroidetes;c__Bacteroidia;o__Bacteroidales;f__Bacteroidaceae;g__Bacteroides;s__Bacteroides_vulgatus	1.0	-0.0323349662872	-0.0379941488376	-0.00721845873677	0.00165617452163	0.00692472931481	0.0478252088792	0.0272923015298	-0.0826560160128	0.0305017996234	-0.0833912458144	-0.038400813457	0.0356541191431	0.026091325422	-0.0310327458942	0.0365061174218	-0.032299693039	0.0265664154961	-0.00523611942897	-0.00555895679672	0.0227847925783	0.0159477939144	-0.055590204344	-0.0507779460584	-0.0096972636195	0.0320816444826	-0.0022143467875	-0.0341925717198	-0.0317222219418	0.0374882129009	-0.0472109804623	-0.0281820392519	0.0142806332714	0.0148885260162	0.0249195974635	-0.00424299006063	0.0098420729327	0.0482274873236	-0.0127365661911	-0.040705495928	-0.0267531491357	-0.0304447120532	0.0614730974835	-0.0185921223721	0.0112473712589	-0.00272552430334	-0.0756513427081	-0.0179208880567	-0.0299798680328	-0.0400179567179	-0.0100165432489	-0.0267129020413	0.0319537482447	-0.00989349396521	-0.0207718753792	0.00979620624474	0.0449857165723	-0.0430819416239	-0.030391258909
k__Bacteria;p__Bacteroidetes;c__Bacteroidia;o__Bacteroidales;f__Bacteroidaceae;g__Bacteroides;s__Bacteroides_uniformis	-0.0323349662872	1.0	0.017679455231	-0.0339010357051	-0.0118671915084	0.010564611771	0.0119678384941	0.0158124421518	0.0363522156956	-0.00972050677945	0.0442633871812	-0.0409283456112	-0.00255593637943	0.0311576147719	0.0231894364358	0.0659264951549	0.00782982823645	-0.0488856866661	-0.0754400767539	-0.0483999080149	-0.0188419678411	-0.0073796017122	0.0050770008414	-0.0160086479207	0.0593720114539	0.00808558126459	-0.0789112379861	0.00855116254959	0.0472902380886	0.00850563920815	-0.0232316432302	-0.0401625012773	-0.0992367418809	0.0139586547266	-0.0255655109942	0.035882691546	-0.0145791323651	0.00443033530287	-0.00381545980694	0.00229540966668	0.0250992330534	0.0127785432585	0.0148077759035	-0.00856271953711	-0.029097701525	-0.0296092496301	0.0670264116707	-0.0117224066807	-0.0525646925665	-0.0500786471578	0.0192235191721	0.0780176697422	0.0483804002059	-0.0407369548194	-0.0217408004281	0.0485628738649	0.00945943987413	0.00259447292627	0.00444512918407
k__Bacteria;p__Bacteroidetes;c__Bacteroidia;o__Bacteroidales;f__Rikenellaceae;g__Alistipes;s__Alistipes_putredinis	-0.0379941488376	0.017679455231	1.0	-0.0131300343013	-0.0145808671353	-0.0127300164772	-0.0113409505084	-0.0634415046916	-0.0742915490467	0.0124469985105	-0.0901429092636	0.0118421027104	0.0683705162421	-0.0404380517079	-0.0333801244486	0.0522378863086	-0.00370644082389	0.040334915318	-0.0150176010862	0.00436208245922	0.0199736731689	-0.00935451611663	0.079346377888	-0.00195993683779	-0.00238159657409	0.00556439956872	0.0440934279179	0.0100943687915	0.00356911564613	0.00608993793756	-0.0356120031517	0.0457147847348	-0.0412683457822	-0.064730241838	-0.0114238639147	-0.0111250779294	-0.0462964068623	0.038708438706	-0.0523114858253	-0.0159291094971	0.0100103868583	0.0191294866385	0.0238879400518	-0.00198559833329	-0.0330742647001	0.0577208521158	0.0313339918819	0.00182745012599	0.0151993392598	-0.0142797065321	0.0125027289069	-0.0569741919812	-0.0307801203607	0.0590757241473	0.0426028176411	-0.0531083016269	-0.00942525622638	-0.0566339029453	-0.0242020821023
k__Bacteria;p__Bacteroidetes;c__Bacteroidia;o__Bacteroidales;f__Prevotellaceae;g__Prevotella;s__Prevotella_copri	-0.00721845873677	-0.0339010357051	-0.0131300343013	1.0	-0.0121621532933	-0.0172002940439	-0.00135730842163	0.0196394530546	-0.0344631999513	-0.0955388638162	-0.0138532897029	0.0213867959459	-0.0674066127727	0.0347858081799	-0.0270992660113	0.0595324927259	-0.050601402909	-0.0577306095986	-0.00224586142818	0.0117579790618	0.00102123326434	0.0286423252397	-0.0158008359264	-0.0293679904891	-0.00680511717301	-0.00784643544428	0.0457357368263	0.00590669660263	-0.00678356135262	-0.0301021328257	0.00142148026384	-0.04404989065	-0.0263025634654	0.0334612913713	-0.0290556344588	0.031813154983	-0.0238831913862	0.00245793924799	0.0355273212945	0.00710748839503	0.0331040059171	0.00236507980308	0.0400445225535	-0.00753390056738	-0.0316716455287	-0.0916679569122	0.0645293364939	0.00290532788404	-0.0328565264922	0.020580924247	-0.0997207045189	0.0318660218109	-0.0594730232626	0.0175118244873	0.00322292251465	0.00732044400647	-0.00689879442613	0.0212481602245	0.0288475847591
k__Bacteria;p__Bacteroidetes;c__Bacteroidia;o__Bacteroidales;f__Bacteroidaceae;g__Bacteroides;s__Bacteroides_stercoris	0.00165617452163	-0.0118671915084	-0.0145808671353	-0.0121621532933	1.0	0.0434916045332	-0.0101134581061	-0.0243091675631	0.0416229054521	-0.0855943865013	0.0402772381943	-0.0454487610277	-0.0340519360073	0.0110915989862	0.00404465356831	0.0394063160362	-0.0371306267956	0.0590110366724	0.0187031515718	-0.0202637284999	0.0201557677786	0.000786921465157	-0.0180346698376	-0.00821556592851	0.0188390294526	-0.0301197787979	-0.00948372999524	-0.0258929261121	0.0104660415632	-0.0114249197173	0.00121521001068	-0.008513103381	0.0133583098005	-0.00387601578167	-0.0584945220183	0.0620733067411	-0.0144221550971	0.0125366625431	-0.00516759940402	-0.0137371166173	-0.0436200515017	0.00169418660616	0.0633437472022	-0.0614131849962	0.00430222326927	-0.0542246562614	-0.0366062567353	-0.0471348395837	-0.0423975965681	-0.00843899222511	0.0194687742996	0.0377970252983	0.00131410494036	-0.0287267374964	-0.0195222307191	-0.0569336934962	-0.0100225155883	-0.00802151679197	-0.000215904644651
k__Bacteria;p__Bacteroidetes;c__Bacteroidia;o__Bacteroidales;f__Bacteroidaceae;g__Bacteroides;s__Bacteroides_ovatus	0.00692472931481	0.010564611771	-0.0127300164772	-0.0172002940439	0.0434916045332	1.0	0.00892197000362	-0.00909549989635	-0.041779365384	-0.0409988585861	0.0287933680349	-0.0153080797171	-0.000995065505151	-0.0238388013556	-0.0635066307656	0.020498489195	-0.0384927559053	0.0144112657932	-0.022695555719	-0.0304618468196	-0.0159781391763	0.00840263606726	0.0269094773839	0.0361697557086	-0.0448231633275	0.000852269744617	0.029182647824	-0.0289620201463	0.0189778090001	-0.0078142062449	-0.0557691923569	0.0130415077648	-0.00737830201511	-0.000454895936481	-0.029639619312	-0.0431110006431	-0.0415672919736	0.0155761596785	-0.0672724666121	0.0917797611456	-0.00606216422043	-0.00306328125217	-0.053886243763	-0.0467290672114	-0.0505159839127	0.00741458723759	-0.0217421506112	0.00373202371671	0.019911170681	0.063079328168	-0.0416730817849	-0.0388691988926	-0.0277783057666	-0.0286918074423	-0.0292567200408	0.0403710526547	-0.0118777103276	0.00876394152335	0.010043659675
k__Bacteria;p__Bacteroidetes;c__Bacteroidia;o__Bacteroidales;f__Rikenellaceae;g__Alistipes;s__Alistipes_shahii	0.0478252088792	0.0119678384941	-0.0113409505084	-0.00135730842163	-0.0101134581061	0.00892197000362	1.0	-0.0123230805893	-0.020860174159	0.0355415278162	0.111871214221	0.0361194421312	-0.00841980626358	0.00293285155463	0.0709310640946	-0.0205651459646	0.00901935028442	0.0493553216414	-0.0349034188549	-0.0469479507404	-0.00955465814718	-0.0589957927536	-0.0170311815553	-0.047593760913	0.00383591855549	-0.005791131122	0.00713155401846	0.00637521651129	-0.0484392008723	-0.00374941803557	-0.0125212308768	0.00234679840781	0.00672496960917	0.00191769654246	-0.0444944761749	0.0146372208713	0.00388685453024	-0.00572406007602	-0.0331289223773	-0.00304192708878	-0.00724294581904	-0.0406104011948	-0.0870602593888	-0.0354748395634	0.0303689417564	-0.00721854925692	-0.0142598859519	0.0103328799191	0.00934082878336	-0.0343989678256	-0.0346188672318	-0.0243530804533	-0.0819523420521	-0.0343274508738	-0.0515227955058	-0.0372108714958	-0.019075637817	0.00774712739958	0.00279519632122
k__Bacteria;p__Firmicutes;c__Clostridia;o__Clostridiales;f__Ruminococcaceae;g__Faecalibacterium;s__Faecalibacterium_prausnitzii	0.0272923015298	0.0158124421518	-0.0634415046916	0.0196394530546	-0.0243091675631	-0.00909549989635	-0.0123230805893	1.0	-0.0164630384602	0.0479501895748	-0.0215204624531	-0.00346107211867	0.0248311719285	-0.0784651261775	0.000456870023682	-0.0383722042946	0.00181589762769	-0.00228406260643	0.0649781879559	-0.0473173126109	-0.0274614097663	0.0347779190187	-0.00349952123471	0.0701230046529	-0.0240090606525	0.0209914552328	-0.0233459898814	0.0295820727037	-0.00427538102406	-0.0583881261444	0.00397043716209	-0.0171538736784	-0.00588067386169	0.00911405543631	-0.0593980756729	-0.0458708113973	0.00251155069719	0.00372074789669	-0.053875899859	-0.0248808218029	-0.0449163758498	0.0186686270138	0.0126367284394	0.00843883523844	-0.00221005105473	0.0474438953862	0.0927592888976	-0.00673266401442	-0.0127929766437	-0.0505749907394	-0.0437904489511	-0.0565258514638	0.068581352343	0.0159939147103	0.0161155557172	-0.0144591240183	0.056304043079	0.042851226835	-0.0456291548024
k__Bacteria;p__Bacteroidetes;c__Bacteroidia;o__Bacteroidales;f__Rikenellaceae;g__Alistipes;s__Alistipes_finegoldii	-0.0826560160128	0.0363522156956	-0.0742915490467	-0.0344631999513	0.0416229054521	-0.041779365384	-0.020860174159	-0.0164630384602	1.0	-0.0591134359646	0.0573099300428	-0.0235215085863	0.0136885823439	0.00683044292666	0.0332790213373	-0.0385806473628	0.0251717906941	0.028064271737	-0.00846097769572	-0.0360083642982	-0.0236525347509	-0.0272820844027	-0.0491013558376	-0.0775144003898	-0.00171315027468	-0.00755732761664	-0.0113543772263	-0.0385515233251	-0.086480277606	-0.0145027351802	-0.0208470107499	0.0202716170571	-0.0028317335682	0.072644534176	-0.0447458812489	-0.00435370541338	0.0331133208167	0.0755302674882	0.035650260577	-0.01268622668	-0.00103915947191	-0.0123115323669	0.00519426601255	-0.00542028934964	0.0376429379507	0.0508411338571	-0.0633924207896	-0.0231317907649	0.00775423802389	0.0266450032478	-0.00636593173084	0.0336526561057	0.00162115932946	0.01608122671	0.0225097493015	-0.0605031157067	-0.0217901160322	-0.0716681402183	0.0427160446407
k__Bacteria;p__Bacteroidetes;c__Bacteroidia;o__Bacteroidales;f__Porphyromonadaceae;g__Parabacteroides;s__Parabacteroides_distasonis	0.0305017996234	-0.00972050677945	0.0124469985105	-0.0955388638162	-0.0855943865013	-0.0409988585861	0.0355415278162	0.0479501895748	-0.0591134359646	1.0	-0.0335307489709	0.0203339169032	0.0340524026368	0.0118467786326	-0.00458550736949	-0.0183092969161	-0.0261575716552	-0.0128196134573	-0.0358293141592	-0.0463940868995	-0.0345431756116	-0.101402352282	-0.0240890947633	-0.0385593273833	0.0344564077263	0.0109818121435	-0.0489776953791	-0.0288403284469	0.0516302997275	0.0230965504988	-0.00784368271714	0.000671461643507	0.00955538685567	-0.043136363942	-0.0140933910074	0.0203091438372	-0.0227064532451	-0.0250787879509	0.0060819690582	-0.00891027558132	-0.0272129513333	0.0631607761809	0.0611010726596	0.0329132881656	-0.019794504692	0.016972300846	-0.011857451424	0.0667763587633	0.0394691181216	-0.0332943111566	0.00171882130812	0.037372668059	-0.0123998811586	0.00206184035064	0.000975288892048	0.00261721213058	0.0352238024522	-0.0770878459666	-0.00700851011103
k__Bacteria;p__Bacteroidetes;c__Bacteroidia;o__Bacteroidales;f__Bacteroidaceae;g__Bacteroides;s__Bacteroides_thetaiotaomicron	-0.0833912458144	0.0442633871812	-0.0901429092636	-0.0138532897029	0.0402772381943	0.0287933680349	0.111871214221	-0.0215204624531	0.0573099300428	-0.0335307489709	1.0	0.0202662880102	0.0340029633333	0.0244873759758	-0.0127332561915	0.022993131561	-0.0035318632779	-0.0566288602548	-0.0403341060516	-0.0195388385886	-0.0401849570348	-0.0588175291086	-0.0334895724797	0.0063213636985	0.0410390767107	-0.0658981323508	-0.0284348092367	-0.000714430012941	0.0195873129448	-0.0348799535997	0.0523778883306	0.00656451093636	0.037684090582	0.00851168234048	-0.0392549567174	-0.0242513038053	-0.0309181543693	-0.00787530274693	-0.0486121091399	0.0111480383398	-0.0251446914174	-0.0417091181981	0.00628721361156	-0.030967086617	-0.0174815687955	-0.0386649137809	0.0501188260341	-0.0203181465783	-0.0512898240954	0.0246139819274	0.0029314744065	-0.0264949948404	0.0194814286872	0.0355041136869	0.000111346263459	-0.0272276583103	-0.0555611068881	-0.0461997081818	-0.0118463272834
k__Bacteria;p__Bacteroidetes;c__Bacteroidia;o__Bacteroidales;f__Bacteroidaceae;g__Bacteroides;s__Bacteroides_coprocola	-0.038400813457	-0.0409283456112	0.0118421027104	0.0213867959459	-0.0454487610277	-0.0153080797171	0.0361194421312	-0.00346107211867	-0.0235215085863	0.0203339169032	0.0202662880102	1.0	-0.0253945540312	0.0135938177825	0.00918058579603	0.0117918298938	0.0169527670107	-0.0180463158814	0.00187833627847	-0.0114657015788	-0.0554727870431	0.0635732466045	0.0429917828449	-0.00737146802125	-0.0591680295258	-0.0415999479465	-0.0419218458424	-0.0446757068156	-0.000925812624321	-0.0611881020274	-0.0194863257863	-0.0381504241218	0.0261604318464	-0.041885016724	0.016715728724	-0.0569744260795	0.0121937217702	0.0502714738614	-0.0237776636089	-0.0257580123455	0.0316555594821	-0.0582056992511	-0.00572540509973	0.0314977452218	-0.0181432572718	-0.0176950623863	-0.028436909045	-0.0128686546386	0.0391873524879	-0.0286781705042	0.020072291353	-0.00952826471562	-0.00378904360715	-0.078935551876	-0.0425105647858	0.037035255191	-0.043139152089	-0.0631149763069	0.0396987143151
k__Bacteria;p__Bacteroidetes;c__Bacteroidia;o__Bacteroidales;f__Bacteroidaceae;g__Bacteroides;s__Bacteroides_cellulosilyticus	0.0356541191431	-0.00255593637943	0.0683705162421	-0.0674066127727	-0.0340519360073	-0.000995065505151	-0.00841980626358	0.0248311719285	0.0136885823439	0.0340524026368	0.0340029633333	-0.0253945540312	1.0	0.0131059761171	-0.0584447092932	-0.0286132009872	-0.010922966242	-0.0430963196982	0.017085589531	-0.00807541290787	-0.0389898124637	0.0406099295024	-0.0464173716251	-0.018764493297	-0.0246186198298	0.0730476446213	-0.0626096525984	0.0415514879096	0.00249105275787	0.00625682720162	-0.0106686043708	0.000132524321291	-0.000611920421159	-0.032843063334	-0.0452981469584	-0.0127322771309	-0.0532190977956	-0.0240713892969	0.022677469597	-0.0237982591855	0.0124820634837	0.0261261546141	0.0105915053041	-0.067415528757	0.0124227396866	-0.0166113947037	-0.0250434322644	0.018848671832	-0.0158812069757	0.0758893086676	0.0421489158413	0.00971429050701	-0.0290809334693	0.0844498648779	-0.0767498905562	-0.00612177338832	0.00534561088447	-0.00542555965889	0.0169402226761
k__Bacteria;p__Bacteroidetes;c__Bacteroidia;o__Bacteroidales;f__Rikenellaceae;g__Alistipes;s__Alistipes_obesi	0.026091325422	0.0311576147719	-0.0404380517079	0.0347858081799	0.0110915989862	-0.0238388013556	0.00293285155463	-0.0784651261775	0.00683044292666	0.0118467786326	0.0244873759758	0.0135938177825	0.0131059761171	1.0	0.0329319014715	-0.0662419543725	-0.0650956267897	-0.052219618184	-0.0127709417456	-0.0177547325547	0.0208038445875	-0.0641704922392	-0.0736551340665	-0.0150141663383	-0.00621999582088	0.0251612480152	-0.0550368506701	0.0274227101713	-0.0152327428736	-0.0206273877781	0.0102730497105	0.0218083605875	-0.0452803363414	-0.016500052334	-0.06698788097	-0.0263507458296	-0.023813302371	0.00810932350894	-0.0428525510699	-0.0681727089769	-0.0242194276123	0.00286048987144	-0.0255362074455	-0.0178381185053	-0.0407488023341	-0.0109197338088	0.0352772443961	0.00999784577714	0.0052360595348	0.0213772742649	-0.0669866078166	-0.00570024524985	0.0381314441671	0.0248923585079	0.0816543533011	0.00563925577775	-0.00804694999327	0.0368888424004	0.00765032934192
k__Bacteria;p__Firmicutes;c__Clostridia;o__Clostridiales;f__Lachnospiraceae;g__;s__[Eubacterium]_rectale	-0.0310327458942	0.0231894364358	-0.0333801244486	-0.0270992660113	0.00404465356831	-0.0635066307656	0.0709310640946	0.000456870023682	0.0332790213373	-0.00458550736949	-0.0127332561915	0.00918058579603	-0.0584447092932	0.0329319014715	1.0	0.00616103999622	-0.0253492880957	0.0138419444801	-0.0413829843922	0.021808476158	0.00137538088989	-0.0527273561741	0.00252093109858	0.00382040294241	-0.0490248599232	-0.0601637476619	-0.0312690873886	-0.0342423854122	-0.0393828798775	-0.0113157982547	-0.021517029631	-0.0180214258773	0.0161749589312	0.0160532122118	0.0456559679239	-0.0183041653562	-0.0320545734966	-0.00247817059986	-0.0394945367459	-0.0488773556235	0.000470253896962	-0.0192158435799	0.0749024579223	-0.058636133071	-0.0509050612354	0.00700745261565	-0.0401543450665	-0.034737417335	0.00852371843193	0.0526216147881	-0.0831030294238	0.0125609266742	0.0542914248831	-0.0397981186246	-0.0348185485315	0.0330142029459	-0.0536826767682	0.060395950251	0.02612405513
k__Bacteria;p__Bacteroidetes;c__Bacteroidia;o__Bacteroidales;f__Bacteroidaceae;g__Bacteroides;s__Bacteroides_plebeius	0.0365061174218	0.0659264951549	0.0522378863086	0.0595324927259	0.0394063160362	0.020498489195	-0.0205651459646	-0.0383722042946	-0.0385806473628	-0.0183092969161	0.022993131561	0.0117918298938	-0.0286132009872	-0.0662419543725	0.00616103999622	1.0	-0.0287254576639	0.0693316957382	0.0317448392427	-0.00946955740457	0.0120417776665	0.0290092505611	0.0136713977703	0.0894420909219	-0.0530222907714	-0.0257104684437	0.018094050736	0.0192517379721	-0.0691614513603	-0.0371004498297	0.0107939773963	-0.00966447726458	0.0347128310504	0.0176784742314	-0.0371804445511	0.0186422316316	-0.0384139246134	0.0621715116163	-0.0266593232617	-0.0674542580061	-0.00242289273681	0.0119731363606	0.0535963676255	-0.0225745636365	-0.00560427674263	-0.0770156525744	-0.0066676504843	-0.0333186631767	-0.0236116151957	-0.027124384303	-0.0266702469455	-0.0176125384888	-0.0566412373108	-0.0377993441259	-0.0266993098369	-0.0102231882368	-0.0117195628058	-0.0765935931476	0.0105449812612
k__Bacteria;p__Bacteroidetes;c__Bacteroidia;o__Bacteroidales;f__Bacteroidaceae;g__Bacteroides;s__Bacteroides_fragilis	-0.032299693039	0.00782982823645	-0.00370644082389	-0.050601402909	-0.0371306267956	-0.0384927559053	0.00901935028442	0.00181589762769	0.0251717906941	-0.0261575716552	-0.0035318632779	0.0169527670107	-0.010922966242	-0.0650956267897	-0.0253492880957	-0.0287254576639	1.0	-0.0669945430347	0.00801587549812	-0.0278270621424	0.0230595861871	-0.0297222924538	-0.0359285779768	-0.0167370744814	-0.0161748796974	-0.0462409261807	0.0244767762776	0.0581504794669	0.0676205839058	-0.0495398013657	0.022617462253	-0.00690262236714	0.0248635057361	-0.0183039924615	-0.00636262702939	0.0157152446846	0.0211681147458	-0.047367309153	-0.0310640040828	-0.0319588253273	-0.0168158922134	0.0176367134258	-0.00736761429584	-0.0553896118052	0.0241661805135	-0.000517566189839	-0.0156900507177	-0.0493022586102	-0.0245459471096	-0.06473762923	-0.00974045223578	0.029411813958	-0.0117817095429	0.0499102943258	-0.0334469494817	-0.0608543672347	0.0031334249179	-0.0103482534342	0.0355428084571
k__Bacteria;p__Proteobacteria;c__Betaproteobacteria;o__Burkholderiales;f__Sutterellaceae;g__Sutterella;s__Sutterella_wadsworthensis	0.0265664154961	-0.0488856866661	0.040334915318	-0.0577306095986	0.0590110366724	0.0144112657932	0.0493553216414	-0.00228406260643	0.028064271737	-0.0128196134573	-0.0566288602548	-0.0180463158814	-0.0430963196982	-0.052219618184	0.0138419444801	0.0693316957382	-0.0669945430347	1.0	-0.035231548573	-0.012400337546	-0.0197876486803	0.00995759648014	-0.0198211200402	-0.00342869373462	0.0232651893871	-0.00364122586972	0.0605701062815	-0.0567826621444	-0.0484050583767	-0.0178428017294	0.0443659179478	-0.0605482053112	-0.0124497669049	-0.00665285606026	0.013145410364	0.0202987925625	-0.0460739840319	-0.0624217303762	-0.0419812337739	0.0416771981233	0.0054217761813	-0.00279793269178	0.0261785199182	0.0286268401316	-0.0188230169763	0.0576827015969	0.0490546918586	0.0369526590098	-0.0257967404574	-0.0297785815282	0.000671798044358	0.00994094115504	-0.0212529536181	-0.00826163027753	-0.0694764700762	0.0124577374697	0.00848211680554	0.0265338551512	-0.0630638170226
k__Bacteria;p__Bacteroidetes;c__Bacteroidia;o__Bacteroidales;f__Porphyromonadaceae;g__Barnesiella;s__Barnesiella_intestinihominis	-0.00523611942897	-0.0754400767539	-0.0150176010862	-0.00224586142818	0.0187031515718	-0.022695555719	-0.0349034188549	0.0649781879559	-0.00846097769572	-0.0358293141592	-0.0403341060516	0.00187833627847	0.017085589531	-0.0127709417456	-0.0413829843922	0.0317448392427	0.00801587549812	-0.035231548573	1.0	-0.0283254215947	0.0249000258511	0.0432480329161	0.0147293293556	-0.0100569323309	-0.0412787297275	0.00715942455806	0.0125532210999	-0.00178856015163	-0.000611088311458	-0.0450146463177	-0.0330266767461	0.0109214963605	0.0139949901671	-0.0319968339464	0.02402594231	-0.0288844260482	0.00951809113598	0.0590694824221	-0.0177483488692	-0.0387918640539	0.00129884231855	-0.0547562756449	-0.104310412727	-0.04190883356	0.0243038780361	0.00239882894996	-0.0441702841147	0.0227164075067	0.0337500891385	0.0122760064472	0.0128691291843	-0.0740187575513	0.0276143552629	-0.0162872608893	0.0166899805464	0.108636683295	0.00261887301808	0.00226813043795	0.07525505796
k__Bacteria;p__Bacteroidetes;c__Bacteroidia;o__Bacteroidales;f__Odoribacteraceae;g__Odoribacter;s__Odoribacter_splanchnicus	-0.00555895679672	-0.0483999080149	0.00436208245922	0.0117579790618	-0.0202637284999	-0.0304618468196	-0.0469479507404	-0.0473173126109	-0.0360083642982	-0.0463940868995	-0.0195388385886	-0.0114657015788	-0.00807541290787	-0.0177547325547	0.021808476158	-0.00946955740457	-0.0278270621424	-0.012400337546	-0.0283254215947	1.0	0.0180797300162	-0.0244736138441	0.00179905200753	-0.0067634444723	-0.0153497087107	-0.0178614923675	-0.0310271751174	0.00305386377494	-0.0359339249614	0.0198193249213	0.0727293312019	0.00215947165659	-0.0558050885429	-0.0470070847956	-0.00891782769865	-0.0342091508052	-0.0243865390958	-0.00513218211088	-0.0352012018527	0.0437218605374	-0.00447610502986	0.0705165191095	-0.000310214449267	-0.0527033762338	0.0101616236822	-0.0104784153774	0.0183448013445	0.0124272585674	0.000414473591332	0.113100924661	0.019372716226	-0.00777582724089	-0.0187275331288	0.0473980913151	-0.0727216728845	0.0336346945254	0.0492915140493	-0.010782117946	-0.0305768893174
k__Bacteria;p__Bacteroidetes;c__Bacteroidia;o__Bacteroidales;f__Bacteroidaceae;g__Bacteroides;s__Bacteroides_salyersiae	0.0227847925783	-0.0188419678411	0.0199736731689	0.00102123326434	0.0201557677786	-0.0159781391763	-0.00955465814718	-0.0274614097663	-0.0236525347509	-0.0345431756116	-0.0401849570348	-0.0554727870431	-0.0389898124637	0.0208038445875	0.00137538088989	0.0120417776665	0.0230595861871	-0.0197876486803	0.0249000258511	0.0180797300162	1.0	0.00689673115178	-0.0680601063533	0.0558735160992	0.0328108595243	-0.0412829229915	0.0405806279254	-0.0508954866111	0.0028968904438	-0.00213571180469	-0.00488709648905	0.00547042376883	0.0574829188151	-0.0132709327613	-0.0378437912584	0.0396959208483	-0.0751426882103	0.0298086061923	0.010749556713	-0.144944336499	0.0158828180089	0.0231709136935	-0.0118656457644	0.0217136209248	-0.0157191517052	-0.0750373241164	-0.0257629354544	-0.0386586963867	0.0529035469524	0.0380551886195	0.0185993842349	0.0465203457327	-0.0191910553006	-0.0326113004603	-0.0153296142198	0.0296866121218	0.0573325515624	-0.0417399896542	0.0281525273162
k__Bacteria;p__Firmicutes;c__Clostridia;o__Clostridiales;f__Ruminococcaceae;g__Ruminiclostridium;s__[Eubacterium]_siraeum	0.0159477939144	-0.0073796017122	-0.00935451611663	0.0286423252397	0.000786921465157	0.00840263606726	-0.0589957927536	0.0347779190187	-0.0272820844027	-0.101402352282	-0.0588175291086	0.0635732466045	0.0406099295024	-0.0641704922392	-0.0527273561741	0.0290092505611	-0.0297222924538	0.00995759648014	0.0432480329161	-0.0244736138441	0.00689673115178	1.0	0.0116914850206	-0.0392775193649	-0.00514048594022	-0.0217627534732	-0.068402537093	0.0133439034194	0.0272886029661	-0.00536534368303	-0.0472891980896	-0.0169815849444	-0.0234411777561	-0.0143062370618	-0.0361294497788	0.0607649201091	-0.0178992940425	-0.0390084191385	0.0321961410209	-0.0139328259873	-0.0321683507046	0.0371392754946	-0.0764620711937	-0.0216984181063	0.00666654436512	-0.0414985303052	0.0182399789526	0.0423604040843	0.0376932047416	0.0686740027201	-0.0113008049752	0.0551937845126	-0.00859049086322	0.0363172314581	0.017300932931	-0.00843917672068	0.0110034706524	0.0185347273417	-0.0158852766261
k__Bacteria;p__Proteobacteria;c__Betaproteobacteria;o__Burkholderiales;f__Sutterellaceae;g__Parasutterella;s__Parasutterella_excrementihominis	-0.055590204344	0.0050770008414	0.079346377888	-0.0158008359264	-0.0180346698376	0.0269094773839	-0.0170311815553	-0.00349952123471	-0.0491013558376	-0.0240890947633	-0.0334895724797	0.0429917828449	-0.0464173716251	-0.0736551340665	0.00252093109858	0.0136713977703	-0.0359285779768	-0.0198211200402	0.0147293293556	0.00179905200753	-0.0680601063533	0.0116914850206	1.0	-0.0382496745606	0.0631286923235	-0.0232035280564	-0.0414391812385	-0.0404055085221	0.0497967245169	-0.0342703427957	-0.0570523373496	-0.0218068168204	0.105251598509	0.0499399419781	-0.00953719925624	-0.00983644547207	-0.0345850429287	0.000882773973149	-0.0108427653761	-0.0763088202041	0.0606308540472	0.0101951263579	-0.0592896213146	-0.030780641506	0.0395417866099	-0.0415846667065	0.0612461538095	-0.00340101721266	-0.0182257957965	-0.0239169828072	-0.0489579298397	-0.0378178134291	0.0348107300638	-0.0207108587978	-0.00796359177452	0.000216660480401	-0.0200403918973	0.0428643068321	0.0283797833437
k__Bacteria;p__Actinobacteria;c__Actinobacteria;o__Bifidobacteriales;f__Bifidobacteriaceae;g__Bifidobacterium;s__Bifidobacterium_adolescentis	-0.0507779460584	-0.0160086479207	-0.00195993683779	-0.0293679904891	-0.00821556592851	0.0361697557086	-0.047593760913	0.0701230046529	-0.0775144003898	-0.0385593273833	0.0063213636985	-0.00737146802125	-0.018764493297	-0.0150141663383	0.00382040294241	0.0894420909219	-0.0167370744814	-0.00342869373462	-0.0100569323309	-0.0067634444723	0.0558735160992	-0.0392775193649	-0.0382496745606	1.0	0.00694211649983	-0.0863079429998	-0.00412263594876	-0.0486121731231	0.0856342119477	0.0114936714093	-0.0100940653721	0.0173701363746	-0.00870654089042	0.0147420031101	0.000911520375776	0.0393681717837	-0.049918714055	-0.0717757400494	-0.00170414265262	-0.0424910538815	0.0407917303805	0.0223201998726	-0.00820781292036	-0.0128433731086	0.045231353649	-0.0220406740489	0.0391355144932	-0.0397951714869	0.00898335607312	-0.0138735176274	0.0136643978547	-0.00213332830657	0.027428832441	-0.00076688899726	0.0102158212887	0.0486278491025	-0.018591481528	-0.00891563660602	0.00126688050708
k__Bacteria;p__Firmicutes;c__Clostridia;o__Clostridiales;f__Oscillospiraceae;g__Oscillibacter;s__Oscillibacter_sp._KLE_1745	-0.0096972636195	0.0593720114539	-0.00238159657409	-0.00680511717301	0.0188390294526	-0.0448231633275	0.00383591855549	-0.0240090606525	-0.00171315027468	0.0344564077263	0.0410390767107	-0.0591680295258	-0.0246186198298	-0.00621999582088	-0.0490248599232	-0.0530222907714	-0.0161748796974	0.0232651893871	-0.0412787297275	-0.0153497087107	0.0328108595243	-0.00514048594022	0.0631286923235	0.00694211649983	1.0	-0.0138427114357	-0.0662784491214	0.0249854585083	-0.03463140454	0.0618655322792	0.00892441144629	-0.0573990195727	-0.0211137081328	0.0296190571508	0.014034541555	-0.0124503019885	-0.0675530773391	-0.0292695525591	-0.0121766664003	-0.0814855620315	-0.0310720149201	-0.0576757878443	0.00234832192217	-0.0154319659374	-0.0118155742502	0.0030654222144	-0.0303016157341	0.0105105261245	-0.0109431895064	-0.0414327065133	0.00188337331754	-0.039428795273	0.0333316608513	0.046233421236	0.0183709480047	-0.0322804730793	0.0166055244918	-0.0458377039548	-0.00584122927902
k__Bacteria;p__Bacteroidetes;c__Bacteroidia;o__Bacteroidales;f__Bacteroidaceae;g__Bacteroides;s__Bacteroides_coprophilus	0.0320816444826	0.00808558126459	0.00556439956872	-0.00784643544428	-0.0301197787979	0.000852269744617	-0.005791131122	0.0209914552328	-0.00755732761664	0.0109818121435	-0.0658981323508	-0.0415999479465	0.0730476446213	0.0251612480152	-0.0601637476619	-0.0257104684437	-0.0462409261807	-0.00364122586972	0.00715942455806	-0.0178614923675	-0.0412829229915	-0.0217627534732	-0.0232035280564	-0.0863079429998	-0.0138427114357	1.0	0.0157749403959	-0.0257038823439	-0.0184356653625	-0.0313110221719	0.0123249697267	-0.0189419851189	0.0374843482333	0.0378674634416	0.00290087999458	-0.0290006761274	-0.00282380107277	0.00223297496997	0.00450262793775	0.0654406452352	0.0410461778077	-0.017240721334	-0.00337625491383	-0.0366676571181	-0.0131622247638	0.0377108266097	0.0240151601582	0.013706405988	-0.0105524229516	-0.0399448704014	-0.0273742528747	-0.0105621616844	0.0315403878847	0.00190471319658	0.0347660179204	-0.0631813704801	-0.0016232123868	-0.0454506403509	0.0576667095224
k__Bacteria;p__Firmicutes;c__Clostridia;o__Clostridiales;f__Lachnospiraceae;g__Roseburia;s__Roseburia_intestinalis	-0.0022143467875	-0.0789112379861	0.0440934279179	0.0457357368263	-0.00948372999524	0.029182647824	0.00713155401846	-0.0233459898814	-0.0113543772263	-0.0489776953791	-0.0284348092367	-0.0419218458424	-0.0626096525984	-0.0550368506701	-0.0312690873886	0.018094050736	0.0244767762776	0.0605701062815	0.0125532210999	-0.0310271751174	0.0405806279254	-0.068402537093	-0.0414391812385	-0.00412263594876	-0.0662784491214	0.0157749403959	1.0	-0.0732857023524	0.010272927042	0.0290120853597	-0.0459209404431	0.00156649036427	-0.00197243798339	-0.0162124766079	0.0705097005281	-0.0103534452526	-0.0341399816404	0.0209677572489	-0.00763089465074	0.0207145179819	0.00385310299585	-0.0100012749829	-0.0602633531009	0.00424924905919	0.0120998523295	-0.00719878223593	0.0288223899425	-0.00543922043221	-0.00450836960141	0.0177923241852	-0.0608217552592	-0.0198131704638	0.00804169607654	-0.0264211538654	0.0139386704731	-0.0444695719605	-0.0158672904966	0.0308443111995	-0.0100326699333
k__Bacteria;p__Firmicutes;c__Clostridia;o__Clostridiales;f__Lachnospiraceae;g__Roseburia;s__Roseburia_hominis	-0.0341925717198	0.00855116254959	0.0100943687915	0.00590669660263	-0.0258929261121	-0.0289620201463	0.00637521651129	0.0295820727037	-0.0385515233251	-0.0288403284469	-0.000714430012941	-0.0446757068156	0.0415514879096	0.0274227101713	-0.0342423854122	0.0192517379721	0.0581504794669	-0.0567826621444	-0.00178856015163	0.00305386377494	-0.0508954866111	0.0133439034194	-0.0404055085221	-0.0486121731231	0.0249854585083	-0.0257038823439	-0.0732857023524	1.0	-0.0401703562817	-0.00240427591386	-0.00956016615556	-0.03635803836	0.0371059121634	-0.08948989636	-0.0123978447802	-0.0912061395763	-0.0289364775467	-0.0401328645266	0.039536147088	0.0723101194345	-0.0232106473757	-0.019006997424	-0.00844660028119	-0.010791161263	0.0145038216993	-0.0765932786867	0.0233456638044	-0.00771371157237	-0.0526491299263	-0.0021460542916	-0.00231439670323	-0.00767732405205	0.0605634218203	0.00204610199557	0.0145573766654	0.013594878631	-0.0269856930491	0.0408877701627	-0.0326612926149
k__Bacteria;p__Bacteroidetes;c__Bacteroidia;o__Bacteroidales;f__Porphyromonadaceae;g__Parabacteroides;s__Parabacteroides_johnsonii	-0.0317222219418	0.0472902380886	0.00356911564613	-0.00678356135262	0.0104660415632	0.0189778090001	-0.0484392008723	-0.00427538102406	-0.086480277606	0.0516302997275	0.0195873129448	-0.000925812624321	0.00249105275787	-0.0152327428736	-0.0393828798775	-0.0691614513603	0.0676205839058	-0.0484050583767	-0.000611088311458	-0.0359339249614	0.0028968904438	0.0272886029661	0.0497967245169	0.0856342119477	-0.03463140454	-0.0184356653625	0.010272927042	-0.0401703562817	1.0	-0.0141465208366	-0.0424843012766	0.010390665696	0.0573996659771	0.0642336799427	0.0148124066917	0.0215796782776	-0.0612533105229	0.0486322130941	-0.0422191373752	0.00565121849169	0.0221331341308	-0.0446485124917	0.0654876590991	-0.0077324375846	-0.0473832275785	-0.0346145346963	0.0395753603905	0.00310697211752	-0.0477884695769	-0.0386102370256	-0.0833446817973	-0.0278781767852	-0.000395181009663	0.0233646934223	-0.0710144912373	-0.00928425910887	0.0282831274284	-0.0225515483243	-0.0633213371726
k__Bacteria;p__Actinobacteria;c__Actinobacteria;o__Bifidobacteriales;f__Bifidobacteriaceae;g__Bifidobacterium;s__Bifidobacterium_longum	0.0374882129009	0.00850563920815	0.00608993793756	-0.0301021328257	-0.0114249197173	-0.0078142062449	-0.00374941803557	-0.0583881261444	-0.0145027351802	0.0230965504988	-0.0348799535997	-0.0611881020274	0.00625682720162	-0.0206273877781	-0.0113157982547	-0.0371004498297	-0.0495398013657	-0.0178428017294	-0.0450146463177	0.0198193249213	-0.00213571180469	-0.00536534368303	-0.0342703427957	0.0114936714093	0.0618655322792	-0.0313110221719	0.0290120853597	-0.00240427591386	-0.0141465208366	1.0	-0.0513916773531	-0.0313271002011	-0.0107506739534	-0.0478824814958	-0.0230981725748	-0.0716419614131	0.00288156151657	-0.0728255068948	-0.042350665145	-0.00668968376064	-0.0944718316278	-0.0224031272415	-0.0483861286849	0.00868984549208	0.0506552335348	0.0256707430667	-0.000139888839795	-0.040831848377	0.0464922465211	-0.0791598055378	0.000201218693824	0.0169731612707	0.0313549664838	-0.00931624133154	-0.0208243670718	-0.00630695487089	0.0173476130371	-0.0186889409514	0.0119615817057
