#taxonomy	k__Bacteria;p__Bacteroidetes;c__Bacteroidia;o__Bacteroidales;f__Bacteroidaceae;g__Bacteroides;s__Bacteroides_vulgatus	k__Bacteria;p__Bacteroidetes;c__Bacteroidia;o__Bacteroidales;f__Bacteroidaceae;g__Bacteroides;s__Bacteroides_uniformis	k__Bacteria;p__Bacteroidetes;c__Bacteroidia;o__Bacteroidales;f__Rikenellaceae;g__Alistipes;s__Alistipes_putredinis	k__Bacteria;p__Bacteroidetes;c__Bacteroidia;o__Bacteroidales;f__Prevotellaceae;g__Prevotella;s__Prevotella_copri	k__Bacteria;p__Bacteroidetes;c__Bacteroidia;o__Bacteroidales;f__Bacteroidaceae;g__Bacteroides;s__Bacteroides_stercoris	k__Bacteria;p__Bacteroidetes;c__Bacteroidia;o__Bacteroidales;f__Bacteroidaceae;g__Bacteroides;s__Bacteroides_ovatus	k__Bacteria;p__Bacteroidetes;c__Bacteroidia;o__Bacteroidales;f__Rikenellaceae;g__Alistipes;s__Alistipes_shahii	k__Bacteria;p__Firmicutes;c__Clostridia;o__Clostridiales;f__Ruminococcaceae;g__Faecalibacterium;s__Faecalibacterium_prausnitzii	k__Bacteria;p__Bacteroidetes;c__Bacteroidia;o__Bacteroidales;f__Rikenellaceae;g__Alistipes;s__Alistipes_finegoldii	k__Bacteria;p__Bacteroidetes;c__Bacteroidia;o__Bacteroidales;f__Porphyromonadaceae;g__Parabacteroides;s__Parabacteroides_distasonis	k__Bacteria;p__Bacteroidetes;c__Bacteroidia;o__Bacteroidales;f__Bacteroidaceae;g__Bacteroides;s__Bacteroides_thetaiotaomicron	k__Bacteria;p__Bacteroidetes;c__Bacteroidia;o__Bacteroidales;f__Bacteroidaceae;g__Bacteroides;s__Bacteroides_coprocola	k__Bacteria;p__Bacteroidetes;c__Bacteroidia;o__Bacteroidales;f__Bacteroidaceae;g__Bacteroides;s__Bacteroides_cellulosilyticus	k__Bacteria;p__Bacteroidetes;c__Bacteroidia;o__Bacteroidales;f__Rikenellaceae;g__Alistipes;s__Alistipes_obesi	k__Bacteria;p__Firmicutes;c__Clostridia;o__Clostridiales;f__Lachnospiraceae;g__;s__[Eubacterium]_rectale	k__Bacteria;p__Bacteroidetes;c__Bacteroidia;o__Bacteroidales;f__Bacteroidaceae;g__Bacteroides;s__Bacteroides_plebeius	k__Bacteria;p__Bacteroidetes;c__Bacteroidia;o__Bacteroidales;f__Bacteroidaceae;g__Bacteroides;s__Bacteroides_fragilis	k__Bacteria;p__Proteobacteria;c__Betaproteobacteria;o__Burkholderiales;f__Sutterellaceae;g__Sutterella;s__Sutterella_wadsworthensis	k__Bacteria;p__Bacteroidetes;c__Bacteroidia;o__Bacteroidales;f__Porphyromonadaceae;g__Barnesiella;s__Barnesiella_intestinihominis	k__Bacteria;p__Bacteroidetes;c__Bacteroidia;o__Bacteroidales;f__Odoribacteraceae;g__Odoribacter;s__Odoribacter_splanchnicus	k__Bacteria;p__Bacteroidetes;c__Bacteroidia;o__Bacteroidales;f__Bacteroidaceae;g__Bacteroides;s__Bacteroides_salyersiae	k__Bacteria;p__Firmicutes;c__Clostridia;o__Clostridiales;f__Ruminococcaceae;g__Ruminiclostridium;s__[Eubacterium]_siraeum	k__Bacteria;p__Proteobacteria;c__Betaproteobacteria;o__Burkholderiales;f__Sutterellaceae;g__Parasutterella;s__Parasutterella_excrementihominis	k__Bacteria;p__Actinobacteria;c__Actinobacteria;o__Bifidobacteriales;f__Bifidobacteriaceae;g__Bifidobacterium;s__Bifidobacterium_adolescentis	k__Bacteria;p__Firmicutes;c__Clostridia;o__Clostridiales;f__Oscillospiraceae;g__Oscillibacter;s__Oscillibacter_sp._KLE_1745	k__Bacteria;p__Bacteroidetes;c__Bacteroidia;o__Bacteroidales;f__Bacteroidaceae;g__Bacteroides;s__Bacteroides_coprophilus	k__Bacteria;p__Firmicutes;c__Clostridia;o__Clostridiales;f__Lachnospiraceae;g__Roseburia;s__Roseburia_intestinalis	k__Bacteria;p__Firmicutes;c__Clostridia;o__Clostridiales;f__Lachnospiraceae;g__Roseburia;s__Roseburia_hominis	k__Bacteria;p__Bacteroidetes;c__Bacteroidia;o__Bacteroidales;f__Porphyromonadaceae;g__Parabacteroides;s__Parabacteroides_johnsonii	k__Bacteria;p__Actinobacteria;c__Actinobacteria;o__Bifidobacteriales;f__Bifidobacteriaceae;g__Bifidobacterium;s__Bifidobacterium_longum	k__Bacteria;p__Firmicutes;c__Clostridia;o__Clostridiales;f__;g__Flavonifractor;s__Flavonifractor_plautii	k__Bacteria;p__Firmicutes;c__Clostridia;o__Clostridiales;f__Clostridiaceae;g__Clostridium;s__Clostridium_phoceensis	k__Bacteria;p__Verrucomicrobia;c__Verrucomicrobiae;o__Verrucomicrobiales;f__Akkermansiaceae;g__Akkermansia;s__Akkermansia_muciniphila	k__Bacteria;p__Bacteroidetes;c__Bacteroidia;o__Bacteroidales;f__Prevotellaceae;g__Paraprevotella;s__Paraprevotella_xylaniphila	k__Bacteria;p__Firmicutes;c__Clostridia;o__Clostridiales;f__Ruminococcaceae;g__Ruminococcus;s__Ruminococcus_callidus	k__Bacteria;p__Bacteroidetes;c__Bacteroidia;o__Bacteroidales;f__Rikenellaceae;g__Alistipes;s__Alistipes_senegalensis	k__Bacteria;p__Firmicutes;c__Clostridia;o__Clostridiales;f__Lachnospiraceae;g__Blautia;s__Blautia_sp._KLE_1732	k__Bacteria;p__Bacteroidetes;c__Bacteroidia;o__Bacteroidales;f__Bacteroidaceae;g__Bacteroides;s__Bacteroides_oleiciplenus	k__Bacteria;p__Firmicutes;c__Clostridia;o__Clostridiales;f__Ruminococcaceae;g__Ruminococcus;s__Ruminococcus_bicirculans	k__Bacteria;p__Bacteroidetes;c__Bacteroidia;o__Bacteroidales;f__Bacteroidaceae;g__Bacteroides;s__Bacteroides_fluxus	k__Bacteria;p__Bacteroidetes;c__Bacteroidia;o__Bacteroidales;f__Prevotellaceae;g__Prevotella;s__Prevotella_stercorea	k__Bacteria;p__Firmicutes;c__Clostridia;o__Clostridiales;f__Lachnospiraceae;g__Dorea;s__Dorea_longicatena	k__Bacteria;p__Firmicutes;c__Clostridia;o__Clostridiales;f__Eubacteriaceae;g__Eubacterium;s__[Eubacterium]_eligens	k__Bacteria;p__Firmicutes;c__Clostridia;o__Clostridiales;f__Ruminococcaceae;g__;s__Ruminococcaceae_bacterium_D16	k__Bacteria;p__Firmicutes;c__Clostridia;o__Clostridiales;f__Lachnospiraceae;g__Coprococcus;s__Coprococcus_comes	k__Bacteria;p__Proteobacteria;c__Gammaproteobacteria;o__Enterobacterales;f__Enterobacteriaceae;g__Escherichia;s__Escherichia_coli	k__Bacteria;p__Firmicutes;c__Clostridia;o__Clostridiales;f__Ruminococcaceae;g__Anaerotruncus;s__Anaerotruncus_colihominis	k__Bacteria;p__Firmicutes;c__Clostridia;o__Clostridiales;f__Lachnospiraceae;g__Blautia;s__Blautia_obeum	k__Bacteria;p__Bacteroidetes;c__Bacteroidia;o__Bacteroidales;f__Odoribacteraceae;g__Odoribacter;s__Odoribacter_laneus	k__Bacteria;p__Firmicutes;c__Clostridia;o__Clostridiales;f__Ruminococcaceae;g__Ruminiclostridium;s__[Clostridium]_leptum	k__Bacteria;p__Bacteroidetes;c__Bacteroidia;o__Bacteroidales;f__Porphyromonadaceae;g__Parabacteroides;s__Parabacteroides_goldsteinii	k__Bacteria;p__Firmicutes;c__Clostridia;o__Clostridiales;f__Lachnospiraceae;g__Anaerostipes;s__Anaerostipes_hadrus	k__Bacteria;p__Firmicutes;c__Clostridia;o__Clostridiales;f__Ruminococcaceae;g__Ruminococcus;s__Ruminococcus_lactaris	k__Bacteria;p__Firmicutes;c__Clostridia;o__Clostridiales;f__Clostridiaceae;g__Clostridium;s__Clostridium_sp._L2-50	k__Bacteria;p__Firmicutes;c__Clostridia;o__Clostridiales;f__Clostridiaceae;g__Clostridium;s__Clostridium_sp._M62/1	k__Bacteria;p__Firmicutes;c__Clostridia;o__Clostridiales;f__;g__Intestinimonas;s__Intestinimonas_butyriciproducens	k__Bacteria;p__Actinobacteria;c__Actinobacteria;o__Bifidobacteriales;f__Bifidobacteriaceae;g__Bifidobacterium;s__Bifidobacterium_bifidum	k__Bacteria;p__Firmicutes;c__Negativicutes;o__Veillonellales;f__Veillonellaceae;g__Dialister;s__Dialister_invisus	k__Bacteria;p__Bacteroidetes;c__Bacteroidia;o__Bacteroidales;f__Bacteroidaceae;g__Bacteroides;s__Bacteroides_salanitronis
k__Bacteria;p__Bacteroidetes;c__Bacteroidia;o__Bacteroidales;f__Bacteroidaceae;g__Bacteroides;s__Bacteroides_vulgatus	1.0	-0.00202947494188	0.0250757141802	0.00796534437396	-0.00667715899694	0.025394990149	-0.00376193820339	0.0346970550317	-0.0386002478215	-0.0530637836664	0.0207519754979	-0.00488946212163	0.00482064052354	-0.038196116175	0.0163781927077	-0.0215728306727	-0.0450130322405	0.00437233841462	-0.0339142972974	0.0144906535161	-0.0227624167742	0.0428320415633	0.0146704632783	0.0159857005526	-0.0556390322958	0.0797152613889	-0.0523512329797	-0.0482380271659	0.00082756648002	-0.0281102751686	-0.0228277195968	-0.0770498982203	0.010109120838	-0.0219928244793	-0.0105987962065	0.00251174913002	-0.0320244591328	-0.0674017554019	0.010777280838	0.029512191099	0.056740572769	-0.0407008031142	-0.0275069513943	-0.0452798117657	-0.0162636362388	0.0342454082263	0.0159369281974	0.0436693017619	0.00337821340739	0.045590352445	-0.0296271404075	-0.0689756550879	-0.0598355877549	-0.0731613775726	0.0347150453812	-0.0308771133413	-0.0374188918468	0.0303033885129	0.0213156673181
k__Bacteria;p__Bacteroidetes;c__Bacteroidia;o__Bacteroidales;f__Bacteroidaceae;g__Bacteroides;s__Bacteroides_uniformis	-0.00202947494188	1.0	0.0384495046375	0.00870719446667	-0.00607898157315	-0.00994997270189	0.044382333093	-0.0238929023089	-0.00308167510319	-0.0385985998146	-0.0168142121499	-0.0164883190436	-0.0735312805673	-0.0229159859019	-0.00201778252288	-0.0929122295133	-0.0329972642086	0.00679574839591	-0.027375075981	0.0202616344266	0.0044428080823	0.0191831310787	0.00385815436264	0.012326304962	-0.0220741111097	-0.00574248935773	-0.044231777657	-0.0378231474726	-6.81032957706e-06	0.0308485834859	0.00928613746398	0.0170211405262	0.00538227849621	-0.0188217595513	-0.0219149455685	0.00892456155444	0.0596769701044	-0.00756713012828	-0.0775525673522	0.00471670506036	0.0428623137962	-0.0338170548381	0.0437132745324	0.00806739235899	-0.00610702101679	0.000250044099072	-0.05797174196	0.00621562566669	-0.0454484115662	-0.0252644747955	-0.0238156467723	0.0343593177696	0.0270451767601	-0.0157280733825	-0.00578900159404	-0.0280659221301	0.0253453271934	-0.00941266306165	-0.0409219307805
k__Bacteria;p__Bacteroidetes;c__Bacteroidia;o__Bacteroidales;f__Rikenellaceae;g__Alistipes;s__Alistipes_putredinis	0.0250757141802	0.0384495046375	1.0	-0.0344750565615	0.00339770814516	-0.0562152424441	-0.00740360236149	-0.00316777926711	-0.016754965963	-0.00348485312425	0.0374122478821	0.0268169111802	-0.0460539875813	-0.00555387606552	-0.0387859314715	0.0295259822347	0.0821451603862	0.00944864054375	-0.0543892574188	-0.0663517585543	-0.0190995312544	-0.0467881554679	0.0210692810396	-0.00796975889118	-0.0315800172975	-0.00224624527614	-0.0030977969533	-0.00944976578014	0.0169357992324	-0.0128104859721	-0.0806990792309	-0.0172937425192	0.0220128218255	0.00549700076851	0.0020155293136	-0.000971713613227	-0.015726876109	0.0110067753652	-0.0279387031673	-0.0133356672359	-0.0648308411534	0.0342780522516	0.00546087666351	0.0391734813607	-0.00121636234109	0.0116115704997	-0.0618252703457	-0.0410368682089	-0.0113934610715	0.00775291722486	0.00478409162568	-0.0803280864047	0.00286843648404	0.00935719573767	-0.0117096835365	-0.0393150955848	0.00247460096786	0.0328512965442	-0.0127772339626
k__Bacteria;p__Bacteroidetes;c__Bacteroidia;o__Bacteroidales;f__Prevotellaceae;g__Prevotella;s__Prevotella_copri	0.00796534437396	0.00870719446667	-0.0344750565615	1.0	0.0684899589888	-0.0297396563965	-0.0200025650095	-0.0472741150978	-0.0307307593557	0.0174691391857	0.0359974519968	0.00900232023192	0.0458428347032	-0.0391117124434	0.0195347482857	-0.0267678472699	0.00780681682788	-0.00414197367484	-0.0488449840695	-0.0225395201607	-0.014984019027	-0.0419318149362	0.0136023847051	-0.0149036643712	0.0409841265997	0.0332433657757	0.0676184196658	-0.0439327665177	-0.0215480552797	-0.0319327514303	-0.0236357591334	-0.0398587417526	-0.0072836056979	-0.0506394009796	0.0129314066489	0.0663086039237	0.0103347663694	0.0173147533545	-0.0500992486059	-0.00836200008334	-0.0728266890508	-0.018506950148	0.00354101468563	-0.0653845008936	-0.028405829456	-0.0426112314748	-0.047491393873	0.0221787424516	-0.0128500768167	0.0168840889687	0.0279223443432	0.0223269425161	-0.00470360585991	-0.0446481584738	-0.0403776888792	0.0216437481548	0.0206144717678	0.000246720269394	-0.0421483690368
k__Bacteria;p__Bacteroidetes;c__Bacteroidia;o__Bacteroidales;f__Bacteroidaceae;g__Bacteroides;s__Bacteroides_stercoris	-0.00667715899694	-0.00607898157315	0.00339770814516	0.0684899589888	1.0	-0.011084242979	-0.00615607529777	-0.0522879844848	0.0333805118872	-0.0285097091694	0.00295849681688	0.0105020079321	-0.0275789255594	-0.0307792874911	0.0485467805293	-0.0147522463686	-0.022699043697	-0.00671069153767	0.0120736118744	-0.0087360381756	-0.0155087896013	-0.0327077529752	0.0118767754001	-0.0284855891951	0.0304554645878	0.0306759942853	-0.0500995521384	-0.00224467684658	0.00780680914462	-0.0130896081135	0.000680249762262	-0.042914734812	0.0129295279339	-0.0108614104364	-0.0263614839255	0.00462448479257	0.0137245745582	-0.0159386879224	-0.034943197865	-0.0199421224148	0.0311212925	-0.039639085539	-0.0448071235327	0.0068134925766	-0.0503665874638	0.000909702690691	0.0130939855411	-0.0618254213136	0.0206200249724	-0.0147992366976	0.0135527250663	-0.00896571534078	0.054155900698	-0.0622282265853	-0.0119829222465	-0.0224222155963	-0.031777911105	-0.0114374307653	-0.0306286778396
k__Bacteria;p__Bacteroidetes;c__Bacteroidia;o__Bacteroidales;f__Bacteroidaceae;g__Bacteroides;s__Bacteroides_ovatus	0.025394990149	-0.00994997270189	-0.0562152424441	-0.0297396563965	-0.011084242979	1.0	0.0295714089253	-0.0413179720264	-0.0243702619719	-0.0308725726826	-0.0470692457688	-0.0209850482632	-0.0218233749823	-0.0298171911795	0.0148009867963	0.0305207439956	-0.0671729098509	0.0447002744279	0.038412730599	-0.0165736850149	0.0390205710714	0.046602948139	-0.0173718210809	-0.00373312129453	0.0151970038618	0.00169320825372	-0.0286131216877	-0.00838060156637	-0.0390718649049	0.0492676294412	-0.0211382058987	-0.0296021138513	-0.0269134757137	-0.00493657871619	-0.00206689748051	-0.02923255609	0.0383156156145	-0.0287609393508	-0.0447742951996	0.0131843308187	-0.00383775902164	0.0278440204485	0.0267186648838	0.0229331886904	-0.0375820374803	0.0475569298596	0.0381962360006	-0.0051940553449	0.0454053772306	-0.00847346539827	0.00537978155198	-0.0114858501684	0.0189761983583	-0.0376190680031	-0.0334956335023	0.0118883172083	-0.0554839208428	-0.0267260274718	-0.034747284236
k__Bacteria;p__Bacteroidetes;c__Bacteroidia;o__Bacteroidales;f__Rikenellaceae;g__Alistipes;s__Alistipes_shahii	-0.00376193820339	0.044382333093	-0.00740360236149	-0.0200025650095	-0.00615607529777	0.0295714089253	1.0	0.01985252051	-0.0305698823354	-0.0129497619088	0.0199361012867	-0.0460704698349	-0.0382290018689	0.0011437975276	-0.0285482022336	0.0013813281138	-0.0311649077798	-0.0421125249508	0.00761935687176	-0.0542576518005	0.00302621531948	-0.000101169715321	-0.0461958855525	0.0281176404703	0.016747303262	-0.017249373631	-0.0522857038093	0.00722912083609	0.0240759033718	-0.0150658735699	-0.0189985888422	-0.00341369271676	-0.00675898348752	-0.0444198405779	0.0246411502529	0.0612043960009	0.0593477923826	0.00959469839586	1.39457903187e-05	-0.0173155815681	-0.008133336945	0.00952991816748	0.0138662881793	0.00982275359605	0.00686046494975	-0.0210404205634	-0.0644724505598	0.0538985713423	0.0211311024261	-0.0332424316926	-0.028412079488	0.0156084581165	-0.0420986787302	0.0159531627966	0.00995999064501	-0.00197055433294	0.000835475752357	-0.00059267685489	0.0139834081925
k__Bacteria;p__Firmicutes;c__Clostridia;o__Clostridiales;f__Ruminococcaceae;g__Faecalibacterium;s__Faecalibacterium_prausnitzii	0.0346970550317	-0.0238929023089	-0.00316777926711	-0.0472741150978	-0.0522879844848	-0.0413179720264	0.01985252051	1.0	-0.0121693548369	-0.00262690918742	0.0100715449125	-0.00892245031209	0.0324983003972	0.00194228187512	0.0489383072048	-0.015991433404	-0.0353476483437	-0.060385368941	-0.0369790520058	-0.00623972416513	-0.0389960169353	-0.014534723064	-0.0677740853693	-0.0454536321683	0.0193314524344	-0.0305389409986	-0.00549128153178	-0.0215687830793	-0.0114623287482	0.0347294835603	0.0133074888498	0.0125069335734	-0.0149886713545	0.0194497699742	-0.0386887757875	-0.0332380560687	0.0242849085982	0.0186718244364	0.0144489891474	-0.00462851044235	-0.0729658368582	-0.0130311404775	-0.0299239582875	-0.0156825386754	0.0336244140893	-0.0399347447422	-0.0423729084758	0.0350264511084	0.00818017013503	-0.0159645078052	0.0467494481978	0.053300511766	0.0598550334766	0.00350969189359	-0.0607597708134	0.00999034290855	-0.00894885941839	0.0102625380436	0.0040044444223
k__Bacteria;p__Bacteroidetes;c__Bacteroidia;o__Bacteroidales;f__Rikenellaceae;g__Alistipes;s__Alistipes_finegoldii	-0.0386002478215	-0.00308167510319	-0.016754965963	-0.0307307593557	0.0333805118872	-0.0243702619719	-0.0305698823354	-0.0121693548369	1.0	0.00749081572658	0.0333452621479	-0.0281915920005	0.0213348494713	0.00392511229433	-0.0219740542592	0.0152813042251	-0.000461895306882	-0.075283161255	-0.0228594831699	-0.018393002544	-0.0308830639071	-0.0213552663115	-0.029872578485	-0.00287860455665	-0.0537073145411	-0.0608405193191	0.010007141948	-0.0172987819075	-0.0504507492271	-0.00820598591264	-0.0320612900159	-0.0126138145074	0.0372353498817	-0.0619893004217	-0.0108036736124	0.000446578387641	0.0329505190792	-0.0114231821082	-0.0263408203006	-0.0179112076991	-0.014343746396	-0.0147229059993	0.0372828708708	0.0146230685527	-0.0344831646789	-0.0443402552707	-0.0406120695557	0.0361298992017	0.0017723218951	-0.0179676977887	0.0061956264921	0.00947498235546	0.0608943525866	-0.00909730670584	0.01656996073	-0.044367874754	0.00556726187946	0.0624183324946	0.0410391696832
k__Bacteria;p__Bacteroidetes;c__Bacteroidia;o__Bacteroidales;f__Porphyromonadaceae;g__Parabacteroides;s__Parabacteroides_distasonis	-0.0530637836664	-0.0385985998146	-0.00348485312425	0.0174691391857	-0.0285097091694	-0.0308725726826	-0.0129497619088	-0.00262690918742	0.00749081572658	1.0	-0.0430212120882	-0.0708563470759	-0.0121047095054	-0.0230424857325	0.0092384764956	0.00459504745559	-0.00283518639214	0.0144144091923	0.0146078735473	-0.0712638255585	-0.0269440394373	-0.00679889952265	0.0421030297407	-0.064968161403	0.0131238827592	-0.0163829574088	-0.020835325616	-0.0448123810397	-0.0434716374767	-0.0311032767555	-0.0158444775171	-0.0131861829912	-0.000555975550992	0.0282133878994	0.040795070952	-0.00570341459693	-0.0362847173113	-0.0113546156994	0.0885923972191	0.00026739794627	0.0216257200663	-0.00430134249108	0.00755849296079	-0.0865601183355	-0.0126841575984	0.0376007856646	0.0213476820225	0.0231800431348	0.0213024714816	-0.016243041983	-0.0353956020121	0.0413039993303	-0.0216106326177	0.0182204320403	-0.0076573715332	-0.0196775839526	0.0406095267707	-0.0208907015901	-0.0134323774248
k__Bacteria;p__Bacteroidetes;c__Bacteroidia;o__Bacteroidales;f__Bacteroidaceae;g__Bacteroides;s__Bacteroides_thetaiotaomicron	0.0207519754979	-0.0168142121499	0.0374122478821	0.0359974519968	0.00295849681688	-0.0470692457688	0.0199361012867	0.0100715449125	0.0333452621479	-0.0430212120882	1.0	-0.0202661221615	0.0650776200126	-0.0220922727003	-0.05812666552	-0.0356560709237	0.0101254900079	0.0267429297725	0.000751401441716	-0.00805051617113	0.0429840740979	0.0029545706678	-0.0287245027974	-0.0275841396145	-0.0170443514039	-0.0105841535523	0.0136044105719	0.0078795454199	0.0267109428817	-0.0569203015346	-0.0766471040456	0.00762309718245	-0.0004117590947	-0.0413276156337	-0.0578840537476	0.00426227704431	-0.00228912102428	0.0104638875163	-0.0470532466762	-0.0170201205989	-0.0102156234381	0.0224053966881	-0.0483366569975	0.00772481297094	-0.021300848039	-0.0213419043491	0.0205861782018	-0.00364074459466	-0.00169390169382	0.0377139489716	0.0092875854484	0.0538402348973	0.0340337445914	-0.0541365381709	-0.0125395668927	0.00854255757843	-0.0160564127365	-0.0700740901048	0.00502893610008
k__Bacteria;p__Bacteroidetes;c__Bacteroidia;o__Bacteroidales;f__Bacteroidaceae;g__Bacteroides;s__Bacteroides_coprocola	-0.00488946212163	-0.0164883190436	0.0268169111802	0.00900232023192	0.0105020079321	-0.0209850482632	-0.0460704698349	-0.00892245031209	-0.0281915920005	-0.0708563470759	-0.0202661221615	1.0	-0.0153658081241	0.00762648450402	-0.000204097337696	0.0320588117168	0.0322447317962	-0.00845272404209	0.00656276902557	0.0114678695381	0.0211609650868	-0.0667318898147	0.0213564659084	0.00539703011767	-0.0168459970762	0.059887819319	0.0170977012262	0.030990983538	0.0341620739684	-0.0357328897505	0.0543317195598	-0.0184662407424	-0.0417160537637	0.0343490188007	0.033277739502	-0.0387347455572	-0.0108547989493	-0.0859712117098	-0.0485642896847	-0.0301986861221	-0.00985803250105	-0.0414712215579	0.0970572174018	-0.00820062117276	0.0304027122967	0.0486478122339	0.0270302012923	-0.0309165947375	-0.0270340178689	-0.0168892641615	-0.0025933495658	-0.0856899597942	0.0224176631951	0.0679868575408	-0.00367364178814	-0.061674575318	-0.0257169972991	-0.00856120506744	-0.0286472824786
k__Bacteria;p__Bacteroidetes;c__Bacteroidia;o__Bacteroidales;f__Bacteroidaceae;g__Bacteroides;s__Bacteroides_cellulosilyticus	0.00482064052354	-0.0735312805673	-0.0460539875813	0.0458428347032	-0.0275789255594	-0.0218233749823	-0.0382290018689	0.0324983003972	0.0213348494713	-0.0121047095054	0.0650776200126	-0.0153658081241	1.0	0.0665991612356	0.003797513041	-0.0524155654717	-0.0511826527341	-0.0285071068676	-0.0300188996979	-0.0288430047966	-0.00401192003411	-0.0338416367477	0.0102897004155	-0.00650010052885	0.0119694456811	-0.0357485938078	-0.00447632227502	-0.00315063796814	0.0113251460171	-0.0252946800505	-0.00840867031572	0.0464786184468	0.00820568448258	-0.0243859499155	-0.00682343392703	-0.0227051961421	-0.0463811058547	0.0217183420285	0.0439326415531	0.018289098213	-0.00167139148034	-0.0489942514837	-0.0162946756471	-0.0343323812909	-0.0615730273422	0.0153829562667	0.0137148938279	-0.0257354629464	-0.0557039353055	0.0119435392896	0.0609963619349	0.00743501141366	0.0291418284021	-0.00967224188061	-0.00534705562811	-0.0187272805137	0.0102730830457	0.0619589408684	-0.00475465248425
k__Bacteria;p__Bacteroidetes;c__Bacteroidia;o__Bacteroidales;f__Rikenellaceae;g__Alistipes;s__Alistipes_obesi	-0.038196116175	-0.0229159859019	-0.00555387606552	-0.0391117124434	-0.0307792874911	-0.0298171911795	0.0011437975276	0.00194228187512	0.00392511229433	-0.0230424857325	-0.0220922727003	0.00762648450402	0.0665991612356	1.0	-0.00963988136509	0.0356493274415	0.0800422436853	-0.0109924581565	-0.02926373	0.00313403894169	0.00904566084309	0.0283880569496	0.0119277716386	0.0172870488199	-0.00877094313987	0.0142648425563	0.0298252056847	-0.0246560959481	-0.0290327445095	0.0309609102188	0.00195856686908	-0.00623365454782	-0.0139461447574	0.0214064398447	-0.0604957260749	-0.0273023464127	-0.0336636858309	0.0167576238582	0.0400918169789	-0.0183352501205	0.0236644592236	0.00142202396077	-0.0209792934474	0.00865736713259	-0.0045010740445	-0.0511196989858	0.00799167011979	-0.0104048204593	-0.0297733467172	0.00361406057652	-0.0626549072424	0.014181031204	-0.0102544566518	-0.0183764915315	0.0095799037943	0.050375796339	-0.0249173647756	0.0372707985977	-0.012482386055
k__Bacteria;p__Firmicutes;c__Clostridia;o__Clostridiales;f__Lachnospiraceae;g__;s__[Eubacterium]_rectale	0.0163781927077	-0.00201778252288	-0.0387859314715	0.0195347482857	0.0485467805293	0.0148009867963	-0.0285482022336	0.0489383072048	-0.0219740542592	0.0092384764956	-0.05812666552	-0.000204097337696	0.003797513041	-0.00963988136509	1.0	-0.0853485585245	-0.00482365555372	-0.0197388403043	0.0135807346928	-0.033147488833	-0.0977571749786	-0.0272362658754	0.0199390574079	-0.0688007624708	0.0447212200955	0.00325105187138	0.0547842303926	-0.0150585936578	-0.00509071562162	-0.00352003835193	-0.0148791264111	-0.0128195362938	0.0287937096022	-0.00318603317314	-0.00343636113404	0.019928206506	-0.0247454279941	0.00216728122085	0.0159207161655	-0.0152379246448	0.0570006297125	0.0234302662672	0.03727840089	-0.0392836420734	-0.0310802829797	0.0218210254884	0.0118094861842	0.01133579081	-0.0183488919292	-0.000900967262421	-0.066597506451	0.0161649929288	0.0211962728302	-0.0489319321116	0.0254799801182	0.025661536676	-0.0255338933694	-0.0304298651995	-0.0144323316154
k__Bacteria;p__Bacteroidetes;c__Bacteroidia;o__Bacteroidales;f__Bacteroidaceae;g__Bacteroides;s__Bacteroides_plebeius	-0.0215728306727	-0.0929122295133	0.0295259822347	-0.0267678472699	-0.0147522463686	0.0305207439956	0.0013813281138	-0.015991433404	0.0152813042251	0.00459504745559	-0.0356560709237	0.0320588117168	-0.0524155654717	0.0356493274415	-0.0853485585245	1.0	-0.0157053885243	0.0126493581898	-0.00618700470165	0.0102617511767	-0.0480536615453	-0.00293747943676	-0.0377688000654	-0.000122764507531	-0.031211237464	-0.00244198171304	-0.0149481710314	-0.0573027137909	-0.0237601438971	-0.0246119060601	0.0189453746425	0.00124618553685	-0.0405099264275	-0.020218797895	0.0814324790099	-0.0125123795019	-0.0337442228464	-0.0245161525507	0.0113042668155	-0.0598524362591	0.054638333125	-0.0071012613338	0.0101212876955	-0.0363004664459	-0.00927778433623	-0.0301034913502	0.0543446416771	0.0299620001204	-0.00263366136704	-0.0263757290778	-0.000669576155978	0.0121087070772	0.000169625805696	0.0151181666898	0.00955281911862	-0.0362609433195	-0.0219624630936	0.0242345469827	-0.0374379419518
k__Bacteria;p__Bacteroidetes;c__Bacteroidia;o__Bacteroidales;f__Bacteroidaceae;g__Bacteroides;s__Bacteroides_fragilis	-0.0450130322405	-0.0329972642086	0.0821451603862	0.00780681682788	-0.022699043697	-0.0671729098509	-0.0311649077798	-0.0353476483437	-0.000461895306882	-0.00283518639214	0.0101254900079	0.0322447317962	-0.0511826527341	0.0800422436853	-0.00482365555372	-0.0157053885243	1.0	0.0641937685658	-0.000446606304316	-0.0269115491918	0.0149124577367	0.00357435000249	-0.00546415308333	-0.0207925971502	-0.0574248536487	0.0285152248859	-0.0147832059953	-0.0112159305041	-0.00876898967942	-0.0186239013427	-0.0525978791909	0.0245637438742	0.0145833018565	0.0161821050468	0.0328599099852	-0.060735816696	0.047486653142	-0.0558577966673	-0.0560383315797	-0.00507311005702	-0.0174751068988	-0.0288245738001	-0.035477255628	-0.0209682310089	0.0205285223478	-0.0167680539629	0.00260500687107	-0.00128667649924	-0.0824502077005	-0.00546914615473	0.0350290526002	-0.0039039184357	-0.0578256633499	0.083282395924	-0.00930892182046	-0.00498697008482	-0.031934992076	0.0219829390505	-0.0354383411928
k__Bacteria;p__Proteobacteria;c__Betaproteobacteria;o__Burkholderiales;f__Sutterellaceae;g__Sutterella;s__Sutterella_wadsworthensis	0.00437233841462	0.00679574839591	0.00944864054375	-0.00414197367484	-0.00671069153767	0.0447002744279	-0.0421125249508	-0.060385368941	-0.075283161255	0.0144144091923	0.0267429297725	-0.00845272404209	-0.0285071068676	-0.0109924581565	-0.0197388403043	0.0126493581898	0.0641937685658	1.0	-0.0238798455508	0.0219217860303	-0.0649034452351	-0.0158849286401	-0.0082407212843	-0.0144688599278	-0.0121460192756	-0.00362895203566	-0.009181124283	0.0104716912025	0.0115652597623	-0.0553141125629	-0.0560124836354	0.0195212385778	0.0309710477	0.0428058006289	0.0177452251204	0.0174260579232	-0.00539455586613	0.00386407467176	0.0186890282241	-0.037045508229	-0.0286105684988	-0.023637310872	-0.0369990772695	-0.0617827774292	0.0342032838927	-0.0273112396949	-0.0690351591505	-0.0194286036458	0.0289513722475	0.00667989541163	-0.0408332287583	0.00634161704807	0.0256577781657	0.0238623009938	-0.000775138922399	0.0120835382738	-0.00426835067636	0.0103176736883	-0.0376166769079
k__Bacteria;p__Bacteroidetes;c__Bacteroidia;o__Bacteroidales;f__Porphyromonadaceae;g__Barnesiella;s__Barnesiella_intestinihominis	-0.0339142972974	-0.027375075981	-0.0543892574188	-0.0488449840695	0.0120736118744	0.038412730599	0.00761935687176	-0.0369790520058	-0.0228594831699	0.0146078735473	0.000751401441716	0.00656276902557	-0.0300188996979	-0.02926373	0.0135807346928	-0.00618700470165	-0.000446606304316	-0.0238798455508	1.0	-0.0127792121738	0.0491802141534	0.0155997446656	-0.00289897796717	0.0070774091718	0.00981755207883	-0.0135372830287	-0.05319235295	-0.00656255810405	-0.0425832525358	0.111251288124	0.00247724542673	0.021641768955	-0.00373573204187	-0.0450530798227	-0.0232580069998	-0.0197508484051	-0.0523431817104	0.0114486611468	-0.0203543490539	-0.0156052502992	0.00952978274351	0.110104485234	-0.0264950859601	0.0239498864526	-0.0414251847695	0.0236420226673	0.0304463749013	-0.0572963091769	-0.00482786452547	-0.0139533611893	-0.00432359985046	-0.0269436546292	-0.0134599002946	0.00917030000068	0.00906436057752	0.014990717607	-0.0104951889532	-0.000296125138972	-0.00206443616939
k__Bacteria;p__Bacteroidetes;c__Bacteroidia;o__Bacteroidales;f__Odoribacteraceae;g__Odoribacter;s__Odoribacter_splanchnicus	0.0144906535161	0.0202616344266	-0.0663517585543	-0.0225395201607	-0.0087360381756	-0.0165736850149	-0.0542576518005	-0.00623972416513	-0.018393002544	-0.0712638255585	-0.00805051617113	0.0114678695381	-0.0288430047966	0.00313403894169	-0.033147488833	0.0102617511767	-0.0269115491918	0.0219217860303	-0.0127792121738	1.0	-0.0357586433647	0.00464673278823	-0.00269972126736	-0.0310319934826	0.0149320614629	-0.0801424507541	-0.0127860865288	-0.051658833493	0.0255392119988	-0.0382742310107	0.0139888684138	0.00507599241422	6.191957965e-05	0.00576475674141	0.0132154273328	-0.0249262168448	-0.0263349559351	-0.0463403379494	0.00202830510992	-0.0482310595545	-0.020668930452	-0.0365982907744	-0.0343743388775	0.00430753725788	-0.00814036755886	0.00296863955853	-0.0304075858076	-0.0270016068675	0.0287504156466	-0.00328389873506	-0.0062184203758	0.00531290950366	-0.0389989625221	-0.00578693839232	-0.00744046051119	0.0252482060773	-0.00802026095724	-0.00254899622401	-0.0430242368019
k__Bacteria;p__Bacteroidetes;c__Bacteroidia;o__Bacteroidales;f__Bacteroidaceae;g__Bacteroides;s__Bacteroides_salyersiae	-0.0227624167742	0.0044428080823	-0.0190995312544	-0.014984019027	-0.0155087896013	0.0390205710714	0.00302621531948	-0.0389960169353	-0.0308830639071	-0.0269440394373	0.0429840740979	0.0211609650868	-0.00401192003411	0.00904566084309	-0.0977571749786	-0.0480536615453	0.0149124577367	-0.0649034452351	0.0491802141534	-0.0357586433647	1.0	0.0260320800811	-0.0340487020707	0.0700610058952	-0.00946853154931	0.0111798865369	0.0103061828898	-0.0048775389684	0.0246606738808	-0.00795906619832	-0.0203247330288	0.0236537476181	0.0572668394755	0.0177769418418	0.0400108666825	0.012439342864	-0.05968239279	-0.0374163629694	-0.0515659912219	0.0413271090611	0.0431667474377	0.0379828849259	0.0372813427615	-0.0488079817868	0.00410799760868	-0.0112425282787	0.0135627365619	0.0078834033277	0.0211951017506	0.0503674125844	-0.0352833561978	-0.0558388066108	-0.030580164034	-0.00010743445033	-0.0317053570015	-0.0736731489704	-0.0455088717627	-0.0392282486339	-0.000417327390477
k__Bacteria;p__Firmicutes;c__Clostridia;o__Clostridiales;f__Ruminococcaceae;g__Ruminiclostridium;s__[Eubacterium]_siraeum	0.0428320415633	0.0191831310787	-0.0467881554679	-0.0419318149362	-0.0327077529752	0.0466029481391	-0.000101169715321	-0.014534723064	-0.0213552663115	-0.00679889952265	0.0029545706678	-0.0667318898147	-0.0338416367477	0.0283880569496	-0.0272362658754	-0.00293747943676	0.00357435000249	-0.0158849286401	0.0155997446656	0.00464673278823	0.0260320800811	1.0	-0.0327278220404	-0.0218042811989	-0.0422743028642	-0.00952655846228	-0.0612791461022	0.054954445622	-0.00290957317907	0.01248150971	0.0203678191267	0.0368103530605	0.0206017798855	-0.046913895704	-0.0267924283171	-0.00591877441854	-0.0638417789567	-0.0399497329289	0.024685249199	0.040583227241	0.00807411581776	0.0380481403618	-0.0245062587512	-0.0141943611666	0.016457398441	0.0448115656478	-0.0312267126368	-0.0338524572554	-0.0304832741301	0.0128391151723	-0.0445419848395	-0.0300599603297	0.00274547353009	0.000241624085301	0.00306961558805	0.00159664921829	0.0259946747005	0.0300578457173	-0.0407211510886
k__Bacteria;p__Proteobacteria;c__Betaproteobacteria;o__Burkholderiales;f__Sutterellaceae;g__Parasutterella;s__Parasutterella_excrementihominis	0.0146704632783	0.00385815436264	0.0210692810396	0.0136023847051	0.0118767754001	-0.0173718210809	-0.0461958855525	-0.0677740853693	-0.029872578485	0.0421030297407	-0.0287245027974	0.0213564659084	0.0102897004155	0.0119277716386	0.0199390574079	-0.0377688000654	-0.00546415308333	-0.0082407212843	-0.00289897796718	-0.00269972126736	-0.0340487020707	-0.0327278220404	1.0	0.0023994536085	-0.0081646082612	0.014330408017	0.00470120856237	0.0295861466295	0.0152684310358	-0.0197699791345	-0.0528061215921	-7.96803577121e-05	-0.017457403441	-0.0670922910927	0.0194509236983	-0.0413910492264	-0.0521722280941	0.00905580782529	-0.0756875234779	-0.0231307323864	-0.00463551185809	-0.0556254448792	-0.00427870519383	-0.01990497145	-0.012303605163	0.0258937920491	-0.0442937528597	0.0196963164102	0.0598840212407	-0.00501697195692	-0.0319831592089	0.00020038165936	-0.0376078591429	-0.0156756451775	0.0705483293036	-0.0370225686767	-0.00298645781371	0.0248683234871	0.00693215484156
k__Bacteria;p__Actinobacteria;c__Actinobacteria;o__Bifidobacteriales;f__Bifidobacteriaceae;g__Bifidobacterium;s__Bifidobacterium_adolescentis	0.0159857005526	0.012326304962	-0.00796975889118	-0.0149036643712	-0.0284855891951	-0.00373312129453	0.0281176404703	-0.0454536321683	-0.00287860455665	-0.064968161403	-0.0275841396145	0.00539703011767	-0.00650010052885	0.0172870488199	-0.0688007624708	-0.000122764507531	-0.0207925971502	-0.0144688599278	0.0070774091718	-0.0310319934826	0.0700610058952	-0.0218042811989	0.0023994536085	1.0	-0.00253998897213	-0.021583597637	-0.0226372079926	0.0577088438152	-0.00387169492106	0.00344934535575	0.0197047214105	0.00445571982754	-0.0753705872069	0.0549965063598	-0.0177991033635	0.038323602637	0.00603751637999	0.00987960254079	-0.00296594401654	0.0164421836275	-0.0481115678163	-0.0295776252993	-0.0273284799155	-0.0340350786641	-0.0304496232466	0.0364924026751	0.0151903649298	0.0335697256696	0.0148334429152	-0.0388629213913	0.00621492154846	0.0294531405477	-0.080696727568	-0.0348247519381	0.0331120918859	-0.0464697631509	0.0013876441831	-0.0178687777019	0.0298741877762
k__Bacteria;p__Firmicutes;c__Clostridia;o__Clostridiales;f__Oscillospiraceae;g__Oscillibacter;s__Oscillibacter_sp._KLE_1745	-0.0556390322958	-0.0220741111097	-0.0315800172975	0.0409841265997	0.0304554645878	0.0151970038618	0.016747303262	0.0193314524344	-0.0537073145411	0.0131238827592	-0.0170443514039	-0.0168459970762	0.0119694456811	-0.00877094313987	0.0447212200955	-0.031211237464	-0.0574248536487	-0.0121460192756	0.00981755207883	0.0149320614629	-0.00946853154931	-0.0422743028642	-0.0081646082612	-0.00253998897213	1.0	0.0353423949056	-0.00365220737788	-0.00823556104487	-0.0353594045902	-0.0172977698262	-0.00358173196777	0.0226084116759	-0.0431634305647	0.0267596438047	-0.0314307241364	-0.00525010489541	-0.0451206924312	0.0288199081576	-0.0446648162777	-0.0260930576648	-0.0137198944503	0.0346546235169	0.0186244581431	-0.0797548624056	-0.0222338392991	-0.0129989393903	-0.0194743421419	-0.0588867443614	-0.00400385971637	-0.0236974619427	0.0128808123988	-0.0102246883874	0.0114970931307	-0.103990797126	-0.024012334852	0.0399121204555	-0.0716277592529	-0.0338479618565	-0.0173357332706
k__Bacteria;p__Bacteroidetes;c__Bacteroidia;o__Bacteroidales;f__Bacteroidaceae;g__Bacteroides;s__Bacteroides_coprophilus	0.0797152613889	-0.00574248935773	-0.00224624527614	0.0332433657757	0.0306759942853	0.00169320825372	-0.017249373631	-0.0305389409986	-0.0608405193191	-0.0163829574088	-0.0105841535523	0.059887819319	-0.0357485938078	0.0142648425563	0.00325105187138	-0.00244198171304	0.0285152248859	-0.00362895203566	-0.0135372830287	-0.0801424507541	0.0111798865369	-0.00952655846228	0.014330408017	-0.021583597637	0.0353423949056	1.0	0.00949682628443	-0.0215422595625	-0.0810742399581	-0.0425225842042	-0.0266665067481	0.0161054833291	0.0503933626968	0.0545661179023	-0.038426934758	-0.037269430532	0.00585394746416	0.0150956972928	0.00587089244727	-0.016252748382	0.000869097353253	-0.0244261967508	-0.0178085364416	-0.00244210676602	-0.0366363477264	0.0243411742025	-0.0331666183309	-0.0364583105817	-0.00307712998251	0.0152478854106	-0.0446028395309	-0.0582069348235	0.0613572468644	0.0339763331361	-0.0482082024945	0.0583173609481	-0.00827050141839	-0.0330969554675	-0.0293251488297
k__Bacteria;p__Firmicutes;c__Clostridia;o__Clostridiales;f__Lachnospiraceae;g__Roseburia;s__Roseburia_intestinalis	-0.0523512329797	-0.044231777657	-0.0030977969533	0.0676184196658	-0.0500995521384	-0.0286131216877	-0.0522857038093	-0.00549128153178	0.010007141948	-0.020835325616	0.0136044105719	0.0170977012262	-0.00447632227502	0.0298252056847	0.0547842303926	-0.0149481710314	-0.0147832059953	-0.009181124283	-0.05319235295	-0.0127860865288	0.0103061828898	-0.0612791461022	0.00470120856237	-0.0226372079926	-0.00365220737787	0.00949682628443	1.0	-0.00695691213198	-0.0280069257078	0.00727632015092	0.0756098843431	0.0112114649787	-0.00482304466511	0.0245430161819	0.0222656991024	-0.00685719815516	0.0355281191254	-0.00927110798352	-0.0189481689937	-0.0160579139398	-0.0355144923137	0.0297658527498	-0.0498963879054	-0.0240123864525	0.0163207624	-0.0214235618785	0.0184308348441	-0.0208424523933	-0.018860602574	-0.0239925173918	-0.0010981409501	-0.0168684746555	-0.0486403913964	0.0253295937219	-0.032262797772	0.0442296947427	-0.00104466110754	0.00777604247369	-0.0478181866741
k__Bacteria;p__Firmicutes;c__Clostridia;o__Clostridiales;f__Lachnospiraceae;g__Roseburia;s__Roseburia_hominis	-0.0482380271659	-0.0378231474726	-0.00944976578014	-0.0439327665177	-0.00224467684658	-0.00838060156637	0.00722912083609	-0.0215687830793	-0.0172987819075	-0.0448123810397	0.0078795454199	0.030990983538	-0.00315063796814	-0.0246560959481	-0.0150585936578	-0.0573027137909	-0.0112159305041	0.0104716912025	-0.00656255810405	-0.051658833493	-0.0048775389684	0.054954445622	0.0295861466295	0.0577088438152	-0.00823556104487	-0.0215422595625	-0.00695691213198	1.0	0.000741375516905	-0.0454624134086	0.0305049520423	0.0551593249867	-0.0398720177294	-0.00365857271788	0.00194156163135	-0.00661480611315	-0.0391613197018	-0.0367976994708	-0.0274366717038	0.017075676197	-0.0399125426811	-0.042388468531	-0.00365821853477	-0.00999050310387	-0.0161521184607	-0.0446509249152	0.0188615910884	-0.00755059783092	-0.0198725081012	0.00543120522326	0.0538378844968	-0.0485461581864	-0.00837038353392	0.0201413658681	-0.0205855341685	-0.0235282255163	-0.0510420106839	-0.0439303721268	0.0577594828201
k__Bacteria;p__Bacteroidetes;c__Bacteroidia;o__Bacteroidales;f__Porphyromonadaceae;g__Parabacteroides;s__Parabacteroides_johnsonii	0.00082756648002	-6.81032957706e-06	0.0169357992324	-0.0215480552797	0.00780680914462	-0.0390718649049	0.0240759033718	-0.0114623287482	-0.0504507492271	-0.0434716374767	0.0267109428817	0.0341620739684	0.0113251460171	-0.0290327445095	-0.00509071562162	-0.0237601438971	-0.00876898967942	0.0115652597623	-0.0425832525358	0.0255392119988	0.0246606738808	-0.00290957317907	0.0152684310358	-0.00387169492106	-0.0353594045902	-0.0810742399581	-0.0280069257078	0.000741375516905	1.0	0.050864306244	-0.0168756936762	-0.0467791930328	-0.00366602999276	-0.0185214758943	0.00372104973213	0.0489237634299	-0.0178207938218	-0.0486713574175	0.0161410198373	-0.0713097718725	0.000658586862167	-0.037399318785	0.0242939276246	-0.0476371554116	0.00207384947158	0.0436116847747	-0.00238749619212	0.0511672434833	0.0419795171828	-0.0177955293674	-0.0126611403437	-0.0393000621137	-0.00215109304014	0.028003903268	-0.0139973690575	-0.0221104110956	0.00636289582819	-0.107497963066	-0.0595044634862
k__Bacteria;p__Actinobacteria;c__Actinobacteria;o__Bifidobacteriales;f__Bifidobacteriaceae;g__Bifidobacterium;s__Bifidobacterium_longum	-0.0281102751686	0.0308485834859	-0.0128104859721	-0.0319327514303	-0.0130896081135	0.0492676294412	-0.0150658735699	0.0347294835603	-0.00820598591264	-0.0311032767555	-0.0569203015346	-0.0357328897505	-0.0252946800505	0.0309609102188	-0.00352003835193	-0.0246119060601	-0.0186239013427	-0.0553141125629	0.111251288124	-0.0382742310107	-0.00795906619832	0.01248150971	-0.0197699791345	0.00344934535575	-0.0172977698262	-0.0425225842042	0.00727632015092	-0.0454624134086	0.050864306244	1.0	-0.00842205112548	-0.0610972926065	0.0360061806899	-0.0401772050321	0.0108861704092	0.0220619869395	-0.0164472642824	0.0348768078084	0.0296444643489	0.0325005155031	-0.00535843210182	-0.00479433845437	-0.0233967638726	0.0127981587758	-0.0359653432268	-0.0423794854858	0.0088358419252	0.00311265099925	-0.0348576541884	0.035928987205	-0.0197849844938	-0.0112663102072	0.00940333880926	-0.0294379500616	0.0416808701954	-0.010740644151	-0.0239398489613	0.0877473304167	0.0283848929209
