#taxonomy	k__Bacteria;p__Bacteroidetes;c__Bacteroidia;o__Bacteroidales;f__Bacteroidaceae;g__Bacteroides;s__Bacteroides_vulgatus	k__Bacteria;p__Bacteroidetes;c__Bacteroidia;o__Bacteroidales;f__Bacteroidaceae;g__Bacteroides;s__Bacteroides_uniformis	k__Bacteria;p__Bacteroidetes;c__Bacteroidia;o__Bacteroidales;f__Rikenellaceae;g__Alistipes;s__Alistipes_putredinis	k__Bacteria;p__Bacteroidetes;c__Bacteroidia;o__Bacteroidales;f__Prevotellaceae;g__Prevotella;s__Prevotella_copri	k__Bacteria;p__Bacteroidetes;c__Bacteroidia;o__Bacteroidales;f__Bacteroidaceae;g__Bacteroides;s__Bacteroides_stercoris	k__Bacteria;p__Bacteroidetes;c__Bacteroidia;o__Bacteroidales;f__Bacteroidaceae;g__Bacteroides;s__Bacteroides_ovatus	k__Bacteria;p__Bacteroidetes;c__Bacteroidia;o__Bacteroidales;f__Rikenellaceae;g__Alistipes;s__Alistipes_shahii	k__Bacteria;p__Firmicutes;c__Clostridia;o__Clostridiales;f__Ruminococcaceae;g__Faecalibacterium;s__Faecalibacterium_prausnitzii	k__Bacteria;p__Bacteroidetes;c__Bacteroidia;o__Bacteroidales;f__Rikenellaceae;g__Alistipes;s__Alistipes_finegoldii	k__Bacteria;p__Bacteroidetes;c__Bacteroidia;o__Bacteroidales;f__Porphyromonadaceae;g__Parabacteroides;s__Parabacteroides_distasonis	k__Bacteria;p__Bacteroidetes;c__Bacteroidia;o__Bacteroidales;f__Bacteroidaceae;g__Bacteroides;s__Bacteroides_thetaiotaomicron	k__Bacteria;p__Bacteroidetes;c__Bacteroidia;o__Bacteroidales;f__Bacteroidaceae;g__Bacteroides;s__Bacteroides_coprocola	k__Bacteria;p__Bacteroidetes;c__Bacteroidia;o__Bacteroidales;f__Bacteroidaceae;g__Bacteroides;s__Bacteroides_cellulosilyticus	k__Bacteria;p__Bacteroidetes;c__Bacteroidia;o__Bacteroidales;f__Rikenellaceae;g__Alistipes;s__Alistipes_obesi	k__Bacteria;p__Firmicutes;c__Clostridia;o__Clostridiales;f__Lachnospiraceae;g__;s__[Eubacterium]_rectale	k__Bacteria;p__Bacteroidetes;c__Bacteroidia;o__Bacteroidales;f__Bacteroidaceae;g__Bacteroides;s__Bacteroides_plebeius	k__Bacteria;p__Bacteroidetes;c__Bacteroidia;o__Bacteroidales;f__Bacteroidaceae;g__Bacteroides;s__Bacteroides_fragilis	k__Bacteria;p__Proteobacteria;c__Betaproteobacteria;o__Burkholderiales;f__Sutterellaceae;g__Sutterella;s__Sutterella_wadsworthensis	k__Bacteria;p__Bacteroidetes;c__Bacteroidia;o__Bacteroidales;f__Porphyromonadaceae;g__Barnesiella;s__Barnesiella_intestinihominis	k__Bacteria;p__Bacteroidetes;c__Bacteroidia;o__Bacteroidales;f__Odoribacteraceae;g__Odoribacter;s__Odoribacter_splanchnicus	k__Bacteria;p__Bacteroidetes;c__Bacteroidia;o__Bacteroidales;f__Bacteroidaceae;g__Bacteroides;s__Bacteroides_salyersiae	k__Bacteria;p__Firmicutes;c__Clostridia;o__Clostridiales;f__Ruminococcaceae;g__Ruminiclostridium;s__[Eubacterium]_siraeum	k__Bacteria;p__Proteobacteria;c__Betaproteobacteria;o__Burkholderiales;f__Sutterellaceae;g__Parasutterella;s__Parasutterella_excrementihominis	k__Bacteria;p__Actinobacteria;c__Actinobacteria;o__Bifidobacteriales;f__Bifidobacteriaceae;g__Bifidobacterium;s__Bifidobacterium_adolescentis	k__Bacteria;p__Firmicutes;c__Clostridia;o__Clostridiales;f__Oscillospiraceae;g__Oscillibacter;s__Oscillibacter_sp._KLE_1745	k__Bacteria;p__Bacteroidetes;c__Bacteroidia;o__Bacteroidales;f__Bacteroidaceae;g__Bacteroides;s__Bacteroides_coprophilus	k__Bacteria;p__Firmicutes;c__Clostridia;o__Clostridiales;f__Lachnospiraceae;g__Roseburia;s__Roseburia_intestinalis	k__Bacteria;p__Firmicutes;c__Clostridia;o__Clostridiales;f__Lachnospiraceae;g__Roseburia;s__Roseburia_hominis	k__Bacteria;p__Bacteroidetes;c__Bacteroidia;o__Bacteroidales;f__Porphyromonadaceae;g__Parabacteroides;s__Parabacteroides_johnsonii	k__Bacteria;p__Actinobacteria;c__Actinobacteria;o__Bifidobacteriales;f__Bifidobacteriaceae;g__Bifidobacterium;s__Bifidobacterium_longum	k__Bacteria;p__Firmicutes;c__Clostridia;o__Clostridiales;f__;g__Flavonifractor;s__Flavonifractor_plautii	k__Bacteria;p__Firmicutes;c__Clostridia;o__Clostridiales;f__Clostridiaceae;g__Clostridium;s__Clostridium_phoceensis	k__Bacteria;p__Verrucomicrobia;c__Verrucomicrobiae;o__Verrucomicrobiales;f__Akkermansiaceae;g__Akkermansia;s__Akkermansia_muciniphila	k__Bacteria;p__Bacteroidetes;c__Bacteroidia;o__Bacteroidales;f__Prevotellaceae;g__Paraprevotella;s__Paraprevotella_xylaniphila	k__Bacteria;p__Firmicutes;c__Clostridia;o__Clostridiales;f__Ruminococcaceae;g__Ruminococcus;s__Ruminococcus_callidus	k__Bacteria;p__Bacteroidetes;c__Bacteroidia;o__Bacteroidales;f__Rikenellaceae;g__Alistipes;s__Alistipes_senegalensis	k__Bacteria;p__Firmicutes;c__Clostridia;o__Clostridiales;f__Lachnospiraceae;g__Blautia;s__Blautia_sp._KLE_1732	k__Bacteria;p__Bacteroidetes;c__Bacteroidia;o__Bacteroidales;f__Bacteroidaceae;g__Bacteroides;s__Bacteroides_oleiciplenus	k__Bacteria;p__Firmicutes;c__Clostridia;o__Clostridiales;f__Ruminococcaceae;g__Ruminococcus;s__Ruminococcus_bicirculans	k__Bacteria;p__Bacteroidetes;c__Bacteroidia;o__Bacteroidales;f__Bacteroidaceae;g__Bacteroides;s__Bacteroides_fluxus	k__Bacteria;p__Bacteroidetes;c__Bacteroidia;o__Bacteroidales;f__Prevotellaceae;g__Prevotella;s__Prevotella_stercorea	k__Bacteria;p__Firmicutes;c__Clostridia;o__Clostridiales;f__Lachnospiraceae;g__Dorea;s__Dorea_longicatena	k__Bacteria;p__Firmicutes;c__Clostridia;o__Clostridiales;f__Eubacteriaceae;g__Eubacterium;s__[Eubacterium]_eligens	k__Bacteria;p__Firmicutes;c__Clostridia;o__Clostridiales;f__Ruminococcaceae;g__;s__Ruminococcaceae_bacterium_D16	k__Bacteria;p__Firmicutes;c__Clostridia;o__Clostridiales;f__Lachnospiraceae;g__Coprococcus;s__Coprococcus_comes	k__Bacteria;p__Proteobacteria;c__Gammaproteobacteria;o__Enterobacterales;f__Enterobacteriaceae;g__Escherichia;s__Escherichia_coli	k__Bacteria;p__Firmicutes;c__Clostridia;o__Clostridiales;f__Ruminococcaceae;g__Anaerotruncus;s__Anaerotruncus_colihominis	k__Bacteria;p__Firmicutes;c__Clostridia;o__Clostridiales;f__Lachnospiraceae;g__Blautia;s__Blautia_obeum	k__Bacteria;p__Bacteroidetes;c__Bacteroidia;o__Bacteroidales;f__Odoribacteraceae;g__Odoribacter;s__Odoribacter_laneus	k__Bacteria;p__Firmicutes;c__Clostridia;o__Clostridiales;f__Ruminococcaceae;g__Ruminiclostridium;s__[Clostridium]_leptum	k__Bacteria;p__Bacteroidetes;c__Bacteroidia;o__Bacteroidales;f__Porphyromonadaceae;g__Parabacteroides;s__Parabacteroides_goldsteinii	k__Bacteria;p__Firmicutes;c__Clostridia;o__Clostridiales;f__Lachnospiraceae;g__Anaerostipes;s__Anaerostipes_hadrus	k__Bacteria;p__Firmicutes;c__Clostridia;o__Clostridiales;f__Ruminococcaceae;g__Ruminococcus;s__Ruminococcus_lactaris	k__Bacteria;p__Firmicutes;c__Clostridia;o__Clostridiales;f__Clostridiaceae;g__Clostridium;s__Clostridium_sp._L2-50	k__Bacteria;p__Firmicutes;c__Clostridia;o__Clostridiales;f__Clostridiaceae;g__Clostridium;s__Clostridium_sp._M62/1	k__Bacteria;p__Firmicutes;c__Clostridia;o__Clostridiales;f__;g__Intestinimonas;s__Intestinimonas_butyriciproducens	k__Bacteria;p__Actinobacteria;c__Actinobacteria;o__Bifidobacteriales;f__Bifidobacteriaceae;g__Bifidobacterium;s__Bifidobacterium_bifidum	k__Bacteria;p__Firmicutes;c__Negativicutes;o__Veillonellales;f__Veillonellaceae;g__Dialister;s__Dialister_invisus	k__Bacteria;p__Bacteroidetes;c__Bacteroidia;o__Bacteroidales;f__Bacteroidaceae;g__Bacteroides;s__Bacteroides_salanitronis
k__Bacteria;p__Bacteroidetes;c__Bacteroidia;o__Bacteroidales;f__Bacteroidaceae;g__Bacteroides;s__Bacteroides_vulgatus	1.0	-0.00253366729547	0.0148233778564	-0.069654234772	0.0183265035762	0.0132760528124	-0.0249191234408	-0.0055852061635	0.0237906620091	0.0355421376606	0.0196205119947	0.0231719053079	0.0173907573114	-0.0173659105664	0.0598055049892	-0.0077253137867	-0.0369111430048	-0.0209219621275	-0.0353607434233	-0.0705760201685	-0.0603930356738	-0.0223479376709	0.0326383880502	0.0262900573734	0.0021748665585	-0.0212330718767	-0.0287292848066	0.0465985612087	0.0504260888148	-0.00624114967038	0.00280356242208	0.0547309653386	-0.00767780481243	-0.0136899729693	-0.0240305950259	-0.00955319346511	-0.039528679017	0.0269204615202	-0.0458490356549	0.0235538872321	-0.000448388044539	-0.0716195614773	0.0179754952939	-0.0425113245174	-0.0348836870917	0.0276260819519	-0.0587096590987	-0.0478497522767	-0.00513743034015	-0.0255573577367	-0.0114552762171	-0.0124140118387	0.0457936894144	-0.0167568645036	-0.0253092818066	0.00492585788831	0.0301308711066	-0.0340895645153	-0.00879477916176
k__Bacteria;p__Bacteroidetes;c__Bacteroidia;o__Bacteroidales;f__Bacteroidaceae;g__Bacteroides;s__Bacteroides_uniformis	-0.00253366729547	1.0	-0.00242831017616	0.0187678262099	0.034267555383	0.0190925490243	0.0016120259702	-0.0143752462318	-0.0328320195183	0.0143472670924	0.0175678665636	-0.0124275053739	-0.0372413891651	-0.0141654246995	-0.0240575103095	-0.00298428713015	0.0330267873194	0.0122677569647	-0.00246739886468	-0.00408359279988	0.0427696365832	-0.056014464506	0.0393301114944	0.00521659972316	0.0368550974631	0.0368298367172	0.028362982592	-0.0273003099246	0.00952703321114	-0.0110793929893	-0.0216648129173	-0.0426195076308	-0.0949821928184	0.00996668217471	0.0125958299199	0.0691783805398	0.0390776509761	-0.0111324522626	-0.0499865979944	-0.041146729937	0.0491247942084	0.0204428670096	-0.0364818059695	-0.0229684739071	-0.0448423065264	0.0178005773816	-0.039117856832	-0.035437452623	0.0060741188544	0.0210586398373	-0.01869565727	-0.0471871574611	0.0701031512909	0.0349720587726	-0.0108518877029	-0.0470032651112	0.053796038015	0.0479814438014	-0.00875942042784
k__Bacteria;p__Bacteroidetes;c__Bacteroidia;o__Bacteroidales;f__Rikenellaceae;g__Alistipes;s__Alistipes_putredinis	0.0148233778564	-0.00242831017616	1.0	0.0127364380948	0.0296481306141	-0.0515548026857	0.0331794291162	0.00219285039628	-0.00249113890487	0.0333396576417	0.00213179797683	-0.03994233747	-0.0118047051743	-0.00214701239831	0.0212837927816	-0.00552710263143	-0.0035550001191	-0.0280488408072	-0.0060041655214	-0.0953754140378	-0.0064195789097	0.0191325256881	0.0806201285389	0.0150132153405	0.0416454293499	0.0129933768675	-0.0168237668634	-0.0432958458175	-0.00153546995122	-0.0228055310208	-0.0338796133099	-0.0144557899744	0.05844918445	-0.0149573405575	-0.00761001905243	-0.06159235529	-0.0370732566598	-0.000928274863716	-0.0265995738149	-0.0293092640023	0.0167518552149	-0.0292848141717	-0.0551470359738	-0.02644245522	-0.00487718725373	0.0245531470357	0.0035929225813	-0.010487603473	-0.0270091808828	-0.0146096542917	-0.0889108952264	0.00791738506787	0.0520334933292	-0.00462156514391	-0.0204359030375	0.0312720613687	-0.0241145601677	0.0675960874105	0.0240017555025
k__Bacteria;p__Bacteroidetes;c__Bacteroidia;o__Bacteroidales;f__Prevotellaceae;g__Prevotella;s__Prevotella_copri	-0.069654234772	0.0187678262099	0.0127364380948	1.0	0.00342996918435	-0.0294209825318	-0.0587238074512	0.0196882949884	-0.0369851079944	0.0356108509161	-0.0110788716202	0.00680076236543	-0.0120712122343	0.0397636269952	-0.0412630115397	8.81227164123e-06	0.0204703399327	-0.0140298227135	-0.0325711874593	0.0254108615128	-0.0319117863061	-0.0025037396923	-0.0632396361949	-0.0143880839295	-0.0238522533493	-0.0377790042421	0.00377604131153	0.0145364285885	0.0168296400455	0.00280226860991	0.0187388839355	-0.0346818215663	-0.0638979215995	-0.0327869389698	-0.0112134660229	0.0017874227473	0.023126317328	-0.0230357073393	-0.0351724949834	0.0283026297027	-0.0324010839788	-0.050270624037	0.010937124677	0.0117467206794	-0.00317556686974	-0.0225954943289	0.0277374176941	-0.0381218182922	0.0298416749097	0.0279077154739	0.0177487789739	-0.00943499382499	0.0219732486037	-0.00738273442253	-0.0122790370077	-0.0375255902584	0.00133894551812	-0.0205325789661	0.0187719571998
k__Bacteria;p__Bacteroidetes;c__Bacteroidia;o__Bacteroidales;f__Bacteroidaceae;g__Bacteroides;s__Bacteroides_stercoris	0.0183265035762	0.034267555383	0.0296481306141	0.00342996918435	1.0	0.0646796703333	-0.00285205002634	0.0232163756556	-0.0451404999386	-0.0815837697351	-0.00339188392935	-0.0976514442892	-0.00609677388527	-0.00879196387291	0.0119770070409	0.00956525572245	-0.00315722746135	-0.00777533113227	0.00262657677556	-0.0373018690972	-0.00722760427993	0.0628626135855	0.00771418319168	-0.0214626508793	0.00884254387247	0.00486367137396	-0.0343382367547	-0.0032965642898	-0.00768456055967	0.0467365897817	-0.0273064996668	0.0479641772615	0.000400778256374	0.0271642513258	0.0166473184991	-0.0402269829315	-0.0485435380598	0.0394474433406	-0.00740190803294	-0.0433419227318	-0.0390536358001	0.0125822047798	-0.0134822722389	-0.0147153503186	0.0335644164587	-0.0194613065798	0.0226714055225	-0.0876808614455	0.023212079331	-0.0496990026044	0.0099524776514	-0.0567318099308	-0.0143966043427	-0.0595925426745	0.00723302663161	-0.0233094061931	-0.0630203821639	0.0038293099668	0.0485257357932
k__Bacteria;p__Bacteroidetes;c__Bacteroidia;o__Bacteroidales;f__Bacteroidaceae;g__Bacteroides;s__Bacteroides_ovatus	0.0132760528124	0.0190925490243	-0.0515548026857	-0.0294209825318	0.0646796703333	1.0	-0.0108724117242	0.0133141553992	0.0380940035746	-0.0121718533034	0.0261647019663	-0.0556137514232	-0.0112096222434	-0.0361506389845	-0.0137276286865	-0.0300601172839	-0.00667795905257	-0.00959254643915	0.0157526394645	-0.0280470499366	-0.00259371210664	0.0129224675832	-0.0294931751163	0.0424188104599	-0.0275303613707	-0.00786137952285	0.00247480400716	-0.0252681158551	0.02277286643	-0.0150573741953	-0.00861266476991	0.00857381218426	-0.0350340093807	-0.0259067404806	0.00845276884286	-0.066678124992	0.000659865068127	-0.0446821144585	0.00270563027876	-0.0115970858111	-0.0136843215336	0.0149201453768	0.0253555207056	-0.0398296057655	0.00853868128937	0.0473658324863	0.0024239225282	-0.0217075084746	0.0469961195652	0.0182910140906	-0.018505776659	-0.0578561415745	-0.0259854189014	-0.00854219445773	-0.00622160749524	0.00966694904738	-0.0724900388953	-0.0112970288565	-0.0149123377921
k__Bacteria;p__Bacteroidetes;c__Bacteroidia;o__Bacteroidales;f__Rikenellaceae;g__Alistipes;s__Alistipes_shahii	-0.0249191234408	0.0016120259702	0.0331794291162	-0.0587238074512	-0.00285205002634	-0.0108724117242	1.0	-0.00736764809732	-0.0931212197539	0.00456944897364	-0.0480222688838	-0.0220646226408	0.00760149458589	0.00959488201002	-0.00355804795714	0.0393476796447	-0.0333923790464	-0.0441090742965	0.00134722008789	-0.0249592716166	0.0448960507206	-0.0135073178608	-0.0847022118519	0.0232563898153	0.0220738281629	-0.00180679787974	-0.0103513055345	-0.0195528755484	-0.041029630147	-0.0567462835457	-0.0744674670281	-0.00641315414423	-0.0208511124926	-0.0396361147747	0.013516901279	-0.0354298026298	-0.0391323485649	-0.00905188899347	-0.0213845995239	-0.0227465972972	-0.066913430375	-0.028654697569	-0.0318885141663	0.0261874276226	-0.00614010551946	-0.00414203076414	-0.0165762433779	0.0066614136279	-0.0264219278069	0.0515999538871	0.0178139633072	0.0283227487053	0.0260834990536	-0.0137898316133	0.00779224182693	-0.00565632197053	0.0159808342411	-0.032047403776	-0.0252162609125
k__Bacteria;p__Firmicutes;c__Clostridia;o__Clostridiales;f__Ruminococcaceae;g__Faecalibacterium;s__Faecalibacterium_prausnitzii	-0.0055852061635	-0.0143752462318	0.00219285039628	0.0196882949884	0.0232163756556	0.0133141553992	-0.00736764809732	1.0	0.00698876937786	-0.0182001565715	-0.0256439931295	-0.0439563172569	0.0892499334033	0.0101314394802	0.0171731030596	0.011151506313	-0.0073612304022	-0.0326974534896	-0.025814925613	-0.0114659460675	0.00598890941616	-0.0425725074854	-0.00386838641106	0.0419375776151	-0.0286269939748	-0.027955346967	0.0432034760308	-0.0539140178865	0.0129296219514	-0.0511965703347	0.0300335659064	-0.0403064629075	0.0401361767964	-0.0469438317013	-0.00733960262796	-0.0133558721202	0.0475256256156	-0.00632319240007	-0.0227297335195	-0.0644241543757	-0.0425323388796	0.00352983915169	-0.0581281016372	0.0399904338336	0.0277646212215	0.0252974673512	-0.000391566848824	0.0355429214246	-0.0347790948167	-0.0251345521005	0.00903697879546	0.0113605078385	-0.0225726386617	-0.0531865728748	-0.026615701072	0.0298203258318	0.0136613188133	0.05170485293	-0.0179490460556
k__Bacteria;p__Bacteroidetes;c__Bacteroidia;o__Bacteroidales;f__Rikenellaceae;g__Alistipes;s__Alistipes_finegoldii	0.0237906620091	-0.0328320195183	-0.00249113890487	-0.0369851079944	-0.0451404999386	0.0380940035746	-0.0931212197539	0.00698876937786	1.0	-0.00753873696542	0.0177580670265	-0.0423202920122	-0.0289230170663	-0.0370579492696	-0.0201209588229	-0.00030049316016	0.0874460891451	-0.056165068363	-0.0392294725177	-0.0532096471497	-0.0174363769636	-0.0120644069168	0.0367185254609	0.0230519885373	-0.00917320008237	0.00285597176391	-0.0552578970397	-0.0522578326666	0.0252506263203	-0.00867182077698	-0.0261514444416	0.00242277126777	0.0205418308785	-0.0108965456243	-0.0481861908748	-0.0310226090209	-0.0611366264032	0.0398975054225	-0.0127900607747	-0.0166855514608	-0.00209980978585	0.00506501296303	0.0222593865281	-0.0236676831185	0.00740580203454	0.0345056018283	-0.0354257606629	-0.0240346027083	-0.0421746261648	0.0473756438466	-0.0219660248811	0.0428020881611	-0.0334787983406	-0.0141765579718	0.0284046778031	0.0280659094012	-0.0324919918154	-0.0231714847925	0.0149253610379
k__Bacteria;p__Bacteroidetes;c__Bacteroidia;o__Bacteroidales;f__Porphyromonadaceae;g__Parabacteroides;s__Parabacteroides_distasonis	0.0355421376606	0.0143472670924	0.0333396576417	0.0356108509161	-0.0815837697351	-0.0121718533034	0.00456944897364	-0.0182001565715	-0.00753873696542	1.0	-0.0101550394256	0.0138497019389	-0.0350706599333	0.0232121380022	0.00158596046	0.0258327766959	0.0178460242112	-0.0420386534436	0.0249943825415	0.0409455671607	-0.00533143665056	0.0387777721174	-0.0877789435206	-0.0105937539721	0.00446685589065	-0.0172075868482	0.0195183557972	-0.00103842523146	0.0447288518293	0.0230801525905	-0.00957810745332	-0.065825209578	0.0213877026518	0.0308625800257	-0.019299577112	0.0117335697307	0.0169118261852	-0.024709184456	0.00569938804438	-0.0368204953739	0.002165800858	-0.00308494484216	0.00773277653304	-0.0111892421674	-0.000268959534598	-0.046492313269	-0.0382580063878	0.0018977729499	0.00840695903596	0.0010249056397	-0.015223199237	-0.00732874471911	0.00262210872806	-0.00299471594033	0.0142082573285	-0.0108332645454	0.0288356273422	-0.0652241127789	-0.0911921058863
k__Bacteria;p__Bacteroidetes;c__Bacteroidia;o__Bacteroidales;f__Bacteroidaceae;g__Bacteroides;s__Bacteroides_thetaiotaomicron	0.0196205119947	0.0175678665636	0.00213179797683	-0.0110788716202	-0.00339188392935	0.0261647019663	-0.0480222688838	-0.0256439931295	0.0177580670265	-0.0101550394256	1.0	-0.0310020222292	-0.0156636806939	-0.0427394032335	0.0201160524899	-0.01740887812	0.0209391821053	0.0322956385843	0.00696178131501	0.044084990942	-0.0216699730701	-0.0264449550384	-0.00256727721464	0.0218171538003	-0.0211414106609	-0.0238002740476	-0.0414662582238	-0.0420455438811	0.0039031153075	-0.029275901673	0.0559021111362	0.000551785546937	0.01526293841	-0.0715664763297	-0.0638375680883	-0.0504552200827	-0.0189351482105	0.0667334082886	0.0115649487256	-0.042589676031	0.00816956219129	0.0595053727671	0.00901416703782	-0.0596383380884	-0.0648334589803	-0.0129821346653	-0.00602020256819	-0.0300323986936	0.00804841466199	0.0197840317819	0.0184353906938	0.0411032209484	-0.0534527686024	0.00169949847906	-0.00673421448691	0.00882043145861	-0.0114788031766	-0.0165780832114	0.0150008245969
k__Bacteria;p__Bacteroidetes;c__Bacteroidia;o__Bacteroidales;f__Bacteroidaceae;g__Bacteroides;s__Bacteroides_coprocola	0.0231719053079	-0.0124275053739	-0.03994233747	0.00680076236543	-0.0976514442892	-0.0556137514232	-0.0220646226408	-0.0439563172569	-0.0423202920122	0.0138497019389	-0.0310020222292	1.0	-0.0126839475344	-0.0292807069741	-0.0248907019235	0.0139938904412	-0.0100502297206	0.0198525031148	-0.0177365891208	-0.00206636474143	-0.0336893324747	0.0287354768701	-0.0336312769365	0.00801455613312	0.0181857404966	-0.0179590466268	0.0111285670904	0.0533858034734	0.0105303644837	-0.0267882564479	-0.0709793480843	-0.0311258205072	-0.0245926388804	0.00993664216502	0.00699662715588	-0.0213699850954	0.00290928801901	-0.0410454618181	-0.0050976713331	0.0210219530269	0.0364209923682	-0.0255851851014	0.019514985278	-0.0360642390157	0.0642284022834	-0.0562444771586	0.044331704941	-0.00764111879407	-0.0147999744237	-0.0077391934311	-0.0118338563072	-0.0409978350651	-0.049185127282	0.0535428302444	-0.0379361349704	-0.00688109591993	0.00173875630362	0.00545929391314	-0.0117115390949
k__Bacteria;p__Bacteroidetes;c__Bacteroidia;o__Bacteroidales;f__Bacteroidaceae;g__Bacteroides;s__Bacteroides_cellulosilyticus	0.0173907573114	-0.0372413891651	-0.0118047051743	-0.0120712122343	-0.00609677388527	-0.0112096222434	0.00760149458589	0.0892499334033	-0.0289230170663	-0.0350706599333	-0.0156636806939	-0.0126839475344	1.0	-0.0331930614642	-0.0395152039589	-0.0138040111051	-0.00458487465151	-0.00363449111312	0.0339438007954	0.0149904977799	-0.000571115565994	0.0282789314938	0.00771838691098	0.00463063457117	0.0669869208948	-0.0204832955946	-0.0397752970924	-0.0425693746962	-0.0479988054274	0.0241818027977	0.0418563901601	0.0212668986356	-0.036693582603	-0.0242710762827	-0.00531828072598	-0.00474231799131	0.0389142760748	-0.0126796297854	-0.0065946216327	-0.0393663891959	-0.0469797079123	0.0375132660192	0.0185409301166	-0.0248623810577	-0.0152956026586	0.00509176506565	0.00037488840106	-0.00585074859364	0.0210560763935	0.0266412383728	0.0310450060964	-0.00930840004262	-0.0166785640587	0.0234651566435	-0.00979483045573	0.0230751403283	0.0070785753084	-0.0174535783005	-0.00806140442797
k__Bacteria;p__Bacteroidetes;c__Bacteroidia;o__Bacteroidales;f__Rikenellaceae;g__Alistipes;s__Alistipes_obesi	-0.0173659105664	-0.0141654246995	-0.00214701239831	0.0397636269952	-0.00879196387291	-0.0361506389845	0.00959488201002	0.0101314394802	-0.0370579492696	0.0232121380022	-0.0427394032335	-0.0292807069741	-0.0331930614642	1.0	-0.0318955103436	0.0196083661458	-0.00901289595492	0.002273890711	0.0173598983394	-0.0332311257773	-0.00279558612053	-0.0893669846571	-0.0396458884584	0.00936152674244	-0.0732969270017	-0.0125588175789	-0.0158925885348	-0.0486979314674	-0.0511992182352	-0.0121148039676	-0.0285676907537	0.0486233377595	-0.0315548574982	-0.0403871181439	-0.0228725056948	-0.0383720037968	-0.0716991740614	-0.0298663976267	-0.050163237429	0.00123718841505	-0.000583316932352	-0.00939362465491	0.0212499655878	0.0161547059937	0.0274978194063	-0.0271417433213	0.0228693874382	0.0200741047922	-0.0134955953211	0.0142784749859	0.0177504176592	0.10471223719	0.0145058295525	-0.0143262580811	0.0152163357538	0.0501401545209	-0.0295005747665	0.0175481346318	0.0200217742493
k__Bacteria;p__Firmicutes;c__Clostridia;o__Clostridiales;f__Lachnospiraceae;g__;s__[Eubacterium]_rectale	0.0598055049892	-0.0240575103095	0.0212837927816	-0.0412630115397	0.0119770070409	-0.0137276286865	-0.00355804795714	0.0171731030596	-0.0201209588229	0.00158596046	0.0201160524899	-0.0248907019235	-0.0395152039589	-0.0318955103436	1.0	0.00358448099	-0.022104621268	-0.0262720848679	0.0438540160668	1.93786726908e-05	-0.0289750762085	-0.026736903378	-0.0122107266478	0.0287351145386	-0.0516772955943	0.0293994558496	-0.0571916311572	-0.0979262380715	-0.0166526929519	-0.00102185242466	0.0340756037188	-0.00781358674294	-0.0297429497036	-0.0314570321729	-0.000501976866016	-0.0123179338106	0.000697271501413	0.0173711878112	-0.00103300104991	-0.0319912662382	-0.0392475226645	0.0750631454593	-0.00748370380354	-0.0144998171973	-0.035403521782	-0.104510808131	-0.00920494022916	0.0193104230797	-0.0230510612585	0.0185498083121	0.0505230998943	-0.0340525581925	0.0173734507022	-0.0253236113661	-0.0203033846378	0.0168135088349	-0.0129112155493	-0.00187855754769	0.0730676845041
k__Bacteria;p__Bacteroidetes;c__Bacteroidia;o__Bacteroidales;f__Bacteroidaceae;g__Bacteroides;s__Bacteroides_plebeius	-0.0077253137867	-0.00298428713015	-0.00552710263143	8.81227164115e-06	0.00956525572245	-0.0300601172839	0.0393476796447	0.011151506313	-0.00030049316016	0.0258327766959	-0.01740887812	0.0139938904412	-0.0138040111051	0.0196083661458	0.00358448099	1.0	-0.00662773465463	-0.055245081452	-0.0162196810517	-0.038961217977	0.000472584138745	0.0642727559924	-0.0143589634056	-0.0221936732513	-0.0435881997701	0.0150797146598	-0.000812426524311	-0.0246101863416	0.014766992639	0.0185916616624	-0.0311458283003	-0.0492929445242	0.000264517264931	0.00911698376967	0.00510384147165	-0.0367415664195	0.0342689677405	-0.0122370391299	0.0300502892875	0.015019702221	-0.0652180302431	0.00512288828455	0.0455667793214	-0.0122350867297	0.00447286817473	-0.0236879109887	-0.00456980315366	-0.0378240706039	-0.0191651161794	-0.00147390208271	0.0539072688987	-0.0312387690928	0.0093505714309	0.0109233470029	-0.0238087133813	-0.0707186376404	0.0093867739034	-0.0165071099497	-0.0696756372959
k__Bacteria;p__Bacteroidetes;c__Bacteroidia;o__Bacteroidales;f__Bacteroidaceae;g__Bacteroides;s__Bacteroides_fragilis	-0.0369111430048	0.0330267873194	-0.0035550001191	0.0204703399327	-0.00315722746135	-0.00667795905257	-0.0333923790464	-0.0073612304022	0.0874460891451	0.0178460242112	0.0209391821053	-0.0100502297206	-0.00458487465151	-0.00901289595492	-0.022104621268	-0.00662773465463	1.0	-0.018344058714	-0.0641165301553	0.0549855094795	-0.00640294335086	-0.0488197152754	-0.0105163283563	-0.0089716182309	0.0524549196243	0.0404813360677	0.00386472419462	-0.0456852133935	-0.0154159354503	-0.0231570785163	0.0353863389136	-0.0117663400954	-0.0274756032531	-0.0712989554636	-0.0378919266467	0.0591629361199	-0.0287406788222	0.0198154703138	0.0326751949376	-0.00276089420877	0.014668746506	0.00545601199803	0.00948225682823	-0.0061233097742	0.0346837008215	0.038922631658	-0.00385346374638	-0.00154380939931	-0.057436801222	-0.0272382675306	0.00798265715005	0.0215183799397	-0.0796704739568	0.0108531412262	-0.0160568810655	-0.0245287710827	-0.0310616184168	0.000937386848685	-0.0288386747141
k__Bacteria;p__Proteobacteria;c__Betaproteobacteria;o__Burkholderiales;f__Sutterellaceae;g__Sutterella;s__Sutterella_wadsworthensis	-0.0209219621275	0.0122677569647	-0.0280488408072	-0.0140298227135	-0.00777533113227	-0.00959254643915	-0.0441090742965	-0.0326974534896	-0.056165068363	-0.0420386534436	0.0322956385843	0.0198525031148	-0.00363449111312	0.002273890711	-0.0262720848679	-0.055245081452	-0.018344058714	1.0	-0.00706135922326	0.0449058156455	-0.0185079403341	-0.0480906448874	-0.0478668354577	-0.0241237464215	0.0467195971738	0.0271782458143	-0.0258817604917	-0.0110400784392	0.0293568355162	0.0310105590721	0.0103160249466	-0.00143781471305	0.0416224299459	0.0403471236579	-0.0371381571715	0.0387290632096	0.018560928662	0.0109960674048	0.00961766348338	-0.027150338414	0.0418814875084	-0.0300938793852	-0.0264634544373	-0.0272732574488	0.0472503756597	0.0178534440936	0.00331199892054	-0.0321331111511	0.0279466238882	-0.0424697402211	-0.021114557476	-0.0453355603689	-0.0300155572378	0.00413447851749	0.0187921251503	0.0141072450472	-0.0396970016069	0.0691096565883	-0.0247688346418
k__Bacteria;p__Bacteroidetes;c__Bacteroidia;o__Bacteroidales;f__Porphyromonadaceae;g__Barnesiella;s__Barnesiella_intestinihominis	-0.0353607434233	-0.00246739886468	-0.0060041655214	-0.0325711874593	0.00262657677556	0.0157526394645	0.00134722008789	-0.025814925613	-0.0392294725177	0.0249943825415	0.00696178131501	-0.0177365891208	0.0339438007954	0.0173598983394	0.0438540160668	-0.0162196810517	-0.0641165301553	-0.00706135922326	1.0	-0.00888491589018	-0.00712001956048	0.00900738286624	-0.0224152717395	-0.0197042223222	-0.0363068823093	0.0460864125965	0.0194346764299	0.0231523213578	-0.0198612697106	-0.00298045970297	-0.0345536379779	-0.0189510520706	0.0459910442663	0.0118948028359	0.0228206074296	-0.057466423189	-0.0254526352417	-0.0274280660309	-0.00156381022382	-0.0107054949764	-0.0676501545511	-3.64163146892e-05	0.00708137902054	0.049449349963	-0.0044117016546	-0.00367504277427	0.00618015729742	-0.00175590023641	0.0487053084851	-0.0501284932667	0.0453709853971	-0.0559131219429	0.0235337545253	-0.0255542362079	0.0554449306242	-0.00191594573218	-0.000134494923935	-0.021097613272	0.0461134799016
k__Bacteria;p__Bacteroidetes;c__Bacteroidia;o__Bacteroidales;f__Odoribacteraceae;g__Odoribacter;s__Odoribacter_splanchnicus	-0.0705760201685	-0.00408359279988	-0.0953754140378	0.0254108615128	-0.0373018690972	-0.0280470499366	-0.0249592716166	-0.0114659460675	-0.0532096471497	0.0409455671607	0.044084990942	-0.00206636474143	0.0149904977799	-0.0332311257773	1.93786726908e-05	-0.038961217977	0.0549855094795	0.0449058156455	-0.00888491589018	1.0	0.012499235567	-0.0490595312344	-0.0086025241521	0.0729888712852	-0.0288210244597	-0.0148390369154	0.0245022903456	0.000746664779029	0.00315076872821	-0.052580730333	-0.014931479413	0.0158643721223	-0.0464311550002	-0.0655606490584	-0.0443640436277	0.00105476117673	0.00186409670467	-0.0140305668663	-0.0229335987892	0.0410046536929	-0.0172087877255	-0.0188725847896	0.0473208017728	-0.0224317370579	0.0693382483279	-0.00795117218951	0.0148758362135	-0.0191202982617	0.00176730438543	-0.0293367800438	0.0443260789462	0.0109069351439	-0.0383865060175	0.0243176851528	0.0147325631274	-0.0111085782023	-0.0363604826158	-1.17885216539e-06	-0.0140085260281
k__Bacteria;p__Bacteroidetes;c__Bacteroidia;o__Bacteroidales;f__Bacteroidaceae;g__Bacteroides;s__Bacteroides_salyersiae	-0.0603930356738	0.0427696365832	-0.0064195789097	-0.0319117863061	-0.00722760427993	-0.00259371210664	0.0448960507206	0.00598890941616	-0.0174363769636	-0.00533143665056	-0.0216699730701	-0.0336893324747	-0.000571115565994	-0.00279558612053	-0.0289750762085	0.000472584138745	-0.00640294335086	-0.0185079403341	-0.00712001956048	0.012499235567	1.0	-0.0255280234226	-0.0561707339899	-0.000925056406024	-0.0278486063867	0.0117927515765	0.0527454362267	0.0543777614351	-0.0048181928402	0.00181960033293	-0.0105525970595	-0.0395115950595	-0.0246678222193	0.0145861677186	0.0260946937349	-0.0102972442082	-0.0237962905211	-0.0465253511275	0.00534952495013	0.00942083626261	-0.0149406429562	0.0600057793145	-0.0109594915627	-0.0287181101881	-0.00796725763706	0.0354934101199	0.0265591196704	-0.0582633368825	-0.00247758242558	-0.00982241595161	-0.0471532648165	0.0166994445326	0.0275351472697	-0.0300418386135	-0.0162315276515	-0.0209712698826	0.00315563308703	-0.0168463009393	-0.00984451033015
k__Bacteria;p__Firmicutes;c__Clostridia;o__Clostridiales;f__Ruminococcaceae;g__Ruminiclostridium;s__[Eubacterium]_siraeum	-0.0223479376709	-0.056014464506	0.0191325256881	-0.0025037396923	0.0628626135855	0.0129224675832	-0.0135073178608	-0.0425725074854	-0.0120644069168	0.0387777721174	-0.0264449550384	0.0287354768701	0.0282789314938	-0.0893669846571	-0.026736903378	0.0642727559924	-0.0488197152754	-0.0480906448874	0.00900738286624	-0.0490595312344	-0.0255280234226	1.0	0.0663855769206	-0.00321266920745	-0.0311229111731	-0.0122257264498	0.0426362364744	-0.0197465830691	-0.0240791595349	-0.00407146994861	-0.01018960609	-0.0120850462579	-0.0753865154457	-0.0123445240464	-0.000669906480135	-0.0654981532125	-0.079421209046	0.0655229092619	-0.0268668269036	0.0135753280367	-0.0177197683909	-0.0102072855418	0.0167353817764	0.0347168903061	0.0207823662961	-0.0370055411089	0.0471591233339	0.000648573666172	-0.00200330876172	-0.0117270787112	0.0439090706339	0.0143217542009	-0.04756630239	-0.00078214255673	-0.0442342090861	0.0141359918996	-0.0433244898404	0.0403726311649	-0.0435429541822
k__Bacteria;p__Proteobacteria;c__Betaproteobacteria;o__Burkholderiales;f__Sutterellaceae;g__Parasutterella;s__Parasutterella_excrementihominis	0.0326383880502	0.0393301114944	0.0806201285389	-0.0632396361949	0.00771418319168	-0.0294931751163	-0.0847022118519	-0.00386838641106	0.0367185254609	-0.0877789435206	-0.00256727721464	-0.0336312769365	0.00771838691098	-0.0396458884584	-0.0122107266478	-0.0143589634056	-0.0105163283563	-0.0478668354577	-0.0224152717395	-0.0086025241521	-0.0561707339899	0.0663855769206	1.0	0.0236580035075	-0.0147765944817	-0.0466409914435	0.0158712558497	-0.0353385145705	-0.0387814541409	0.0542430062008	0.000706663367123	-0.0611377666432	-0.0203680322201	-0.0288917028424	-0.00663510593481	0.0412099397746	-0.0235096620929	0.0900254771796	-0.000794031836136	-0.0126351375605	0.0332629099451	0.0363936051156	0.0204653155371	-0.0340490158068	-0.0152015234768	0.0248441422058	-0.0254415576159	-0.0275614240491	0.015229907553	0.000224441750408	0.0545732355724	-0.0672292616728	0.0475736893314	0.0247637263563	-0.038222114282	0.0288810682419	-0.0668535631	-0.0479388362569	-0.0110880850329
k__Bacteria;p__Actinobacteria;c__Actinobacteria;o__Bifidobacteriales;f__Bifidobacteriaceae;g__Bifidobacterium;s__Bifidobacterium_adolescentis	0.0262900573734	0.00521659972316	0.0150132153405	-0.0143880839295	-0.0214626508793	0.0424188104599	0.0232563898153	0.0419375776151	0.0230519885373	-0.0105937539721	0.0218171538003	0.00801455613312	0.00463063457117	0.00936152674244	0.0287351145386	-0.0221936732513	-0.0089716182309	-0.0241237464215	-0.0197042223222	0.0729888712852	-0.000925056406024	-0.00321266920745	0.0236580035075	1.0	-0.0579349652501	-0.0561194107802	-0.0386287512824	0.0162709133417	-0.0630774915508	-0.0448857003509	0.0220856561133	-0.0176607321604	-0.0216667845005	0.0239419567831	0.0157619509498	-0.0780322102701	-0.0458713687473	-0.0209842500162	0.020942485945	-0.0365731695	-0.0633650904322	-0.00999050852801	-0.00572085080254	-0.00328284678338	-0.00398275610913	-0.0649987787988	-0.00676004135698	0.000277408381975	-0.00228819770338	-0.0033072925602	0.0284302281201	0.0101532982791	-0.00592089498227	-0.0230852119868	0.0293834654354	0.000155229653946	0.012884321305	0.010221407995	-0.0224805428906
k__Bacteria;p__Firmicutes;c__Clostridia;o__Clostridiales;f__Oscillospiraceae;g__Oscillibacter;s__Oscillibacter_sp._KLE_1745	0.0021748665585	0.0368550974631	0.0416454293499	-0.0238522533493	0.00884254387247	-0.0275303613707	0.0220738281629	-0.0286269939748	-0.00917320008237	0.00446685589065	-0.0211414106609	0.0181857404966	0.0669869208948	-0.0732969270017	-0.0516772955943	-0.0435881997701	0.0524549196243	0.0467195971738	-0.0363068823093	-0.0288210244597	-0.0278486063867	-0.0311229111731	-0.0147765944817	-0.0579349652501	1.0	0.0366637050615	-0.0367583743546	-0.0314290220312	0.0147399015713	-0.0479578560308	-0.0405114413433	-0.0282175510365	-0.00997695208177	-0.0317837699843	0.0144583707226	-0.0026439887104	-0.0298720589327	-0.00713227762751	-0.00540815224126	0.0327409028476	0.00347559790752	-0.00384223005669	-0.0239049066453	0.027016374744	-0.0501205106531	-0.0410879212464	-0.0197841128136	-0.00642962846461	-0.00990985186079	0.0249382755394	0.0341783859751	0.00801689556344	-0.0143541742782	0.00609124167559	-0.00233402601446	0.0865528659889	0.030368781045	-0.00817526700966	0.00607673288818
k__Bacteria;p__Bacteroidetes;c__Bacteroidia;o__Bacteroidales;f__Bacteroidaceae;g__Bacteroides;s__Bacteroides_coprophilus	-0.0212330718767	0.0368298367172	0.0129933768675	-0.0377790042421	0.00486367137396	-0.00786137952285	-0.00180679787974	-0.027955346967	0.00285597176391	-0.0172075868482	-0.0238002740476	-0.0179590466268	-0.0204832955946	-0.0125588175789	0.0293994558496	0.0150797146598	0.0404813360677	0.0271782458143	0.0460864125965	-0.0148390369154	0.0117927515765	-0.0122257264498	-0.0466409914435	-0.0561194107802	0.0366637050615	1.0	0.00622028050972	-0.0110918666094	0.0539455723773	-0.00165436840392	-0.0223925873638	-0.046847430116	0.0115744097107	-0.0104702100938	0.0349086639424	-0.0301672049188	0.00221184461548	-0.0470672895442	-0.00206292973935	-0.0449297323455	-0.000400016414257	-0.0364185287358	-0.0401801153138	-0.0467334347646	0.0167796737993	-0.0345330495311	-0.0286381638681	0.0373147630485	0.0136604146005	-0.0337422328943	-0.0766769003496	0.0430339215913	-0.0623004043551	-0.0534676022453	0.00571854313425	-0.0322985663482	0.00768999107991	-0.0110228542049	-0.0456202121021
k__Bacteria;p__Firmicutes;c__Clostridia;o__Clostridiales;f__Lachnospiraceae;g__Roseburia;s__Roseburia_intestinalis	-0.0287292848066	0.028362982592	-0.0168237668634	0.00377604131153	-0.0343382367547	0.00247480400716	-0.0103513055345	0.0432034760308	-0.0552578970397	0.0195183557972	-0.0414662582238	0.0111285670904	-0.0397752970924	-0.0158925885348	-0.0571916311572	-0.000812426524311	0.00386472419462	-0.0258817604917	0.0194346764299	0.0245022903456	0.0527454362267	0.0426362364744	0.0158712558497	-0.0386287512824	-0.0367583743546	0.00622028050972	1.0	0.0406587383307	-0.0341539975413	-0.00905924541281	-0.0502081318598	0.0282273008102	0.0239996347592	0.0115853569245	-0.0491032167549	-0.030576885557	0.0111336686454	-0.0204565996125	0.040920022636	-0.0148055190008	-0.0362182532878	-0.00467796298864	-0.0480614561247	0.00816889670649	-0.0453219335494	-0.0106654532804	-0.0242522941137	-0.0413811141518	0.0387674477719	-0.00482768541831	-0.0360992147096	0.018322556805	0.057770926887	-0.00867165249889	-0.0138300731166	0.023666700066	-0.00564698669809	-0.0113734732206	-0.0243144786669
k__Bacteria;p__Firmicutes;c__Clostridia;o__Clostridiales;f__Lachnospiraceae;g__Roseburia;s__Roseburia_hominis	0.0465985612087	-0.0273003099246	-0.0432958458175	0.0145364285885	-0.0032965642898	-0.0252681158551	-0.0195528755484	-0.0539140178865	-0.0522578326666	-0.00103842523146	-0.0420455438811	0.0533858034734	-0.0425693746962	-0.0486979314674	-0.0979262380715	-0.0246101863416	-0.0456852133935	-0.0110400784392	0.0231523213578	0.000746664779029	0.0543777614351	-0.0197465830691	-0.0353385145705	0.0162709133417	-0.0314290220312	-0.0110918666094	0.0406587383307	1.0	-0.00134246464657	0.0613744410952	-0.0456156308393	0.0153013779772	0.0175963953873	0.0149004528027	0.033609367051	-0.0459705076971	-0.0389551343399	-0.0241788377623	-0.0268601734124	-0.0142918979445	0.0145369487761	-0.026416369141	0.0282769883017	0.00500871511365	-0.0247086416885	-0.0776846687104	0.072803975868	0.0133327034114	-0.00334523642731	-0.00641184058546	-0.0402256118726	-0.0259500723059	0.0211811724619	0.00152955207241	-0.0964982216239	-0.00708844181822	0.0763609553852	0.0201042695907	0.00543266637885
k__Bacteria;p__Bacteroidetes;c__Bacteroidia;o__Bacteroidales;f__Porphyromonadaceae;g__Parabacteroides;s__Parabacteroides_johnsonii	0.0504260888148	0.00952703321114	-0.00153546995122	0.0168296400455	-0.00768456055967	0.02277286643	-0.041029630147	0.0129296219514	0.0252506263203	0.0447288518293	0.0039031153075	0.0105303644837	-0.0479988054274	-0.0511992182352	-0.0166526929519	0.014766992639	-0.0154159354503	0.0293568355162	-0.0198612697106	0.00315076872821	-0.0048181928402	-0.0240791595349	-0.0387814541409	-0.0630774915508	0.0147399015713	0.0539455723773	-0.0341539975413	-0.00134246464657	1.0	-0.0285146813572	0.0313696631861	-0.0261029890467	0.0340802277222	0.00728953299855	-0.0433500343161	-0.0205951868944	-0.00604356413982	-0.0522001154763	0.0137155698992	0.0404891206105	-0.00361163930678	0.035635405393	0.0357508664652	0.0171258749176	0.0343829864278	-0.000576258622915	0.0549554895387	-0.055915805329	-0.00683082559168	0.00293563247058	-0.0184279179981	-0.0407206130631	-0.030090241713	0.00662936415599	0.00852007365904	-0.0380786103827	0.0664082957382	-0.0382800246167	-0.0215707578172
k__Bacteria;p__Actinobacteria;c__Actinobacteria;o__Bifidobacteriales;f__Bifidobacteriaceae;g__Bifidobacterium;s__Bifidobacterium_longum	-0.00624114967038	-0.0110793929893	-0.0228055310208	0.00280226860991	0.0467365897817	-0.0150573741953	-0.0567462835457	-0.0511965703347	-0.00867182077698	0.0230801525905	-0.029275901673	-0.0267882564479	0.0241818027977	-0.0121148039676	-0.00102185242466	0.0185916616624	-0.0231570785163	0.0310105590721	-0.00298045970297	-0.052580730333	0.00181960033293	-0.00407146994861	0.0542430062008	-0.0448857003509	-0.0479578560308	-0.00165436840392	-0.00905924541281	0.0613744410952	-0.0285146813572	1.0	-0.00327673794141	0.000245209071891	-0.0392332664146	0.0265645407462	0.0240204561489	-0.0321615644267	-0.00547949031331	-0.00733139022471	0.038715954393	0.0568951239977	-0.054450879843	-0.00733509387451	-0.0822240287365	-0.00841151646665	0.00630921015318	-0.0418854453903	0.0361588841607	-0.0576523889343	0.0117800192165	-0.040186799902	-0.0739325605573	-0.0853949706873	-0.0310555671901	-0.0104935215498	-0.0064374464984	-0.0149363549164	-0.012231585256	0.00933091941921	-0.00238577593487
