#taxonomy	k__Bacteria;p__Bacteroidetes;c__Bacteroidia;o__Bacteroidales;f__Bacteroidaceae;g__Bacteroides;s__Bacteroides_vulgatus	k__Bacteria;p__Bacteroidetes;c__Bacteroidia;o__Bacteroidales;f__Bacteroidaceae;g__Bacteroides;s__Bacteroides_uniformis	k__Bacteria;p__Bacteroidetes;c__Bacteroidia;o__Bacteroidales;f__Rikenellaceae;g__Alistipes;s__Alistipes_putredinis	k__Bacteria;p__Bacteroidetes;c__Bacteroidia;o__Bacteroidales;f__Prevotellaceae;g__Prevotella;s__Prevotella_copri	k__Bacteria;p__Bacteroidetes;c__Bacteroidia;o__Bacteroidales;f__Bacteroidaceae;g__Bacteroides;s__Bacteroides_stercoris	k__Bacteria;p__Bacteroidetes;c__Bacteroidia;o__Bacteroidales;f__Bacteroidaceae;g__Bacteroides;s__Bacteroides_ovatus	k__Bacteria;p__Bacteroidetes;c__Bacteroidia;o__Bacteroidales;f__Rikenellaceae;g__Alistipes;s__Alistipes_shahii	k__Bacteria;p__Firmicutes;c__Clostridia;o__Clostridiales;f__Ruminococcaceae;g__Faecalibacterium;s__Faecalibacterium_prausnitzii	k__Bacteria;p__Bacteroidetes;c__Bacteroidia;o__Bacteroidales;f__Rikenellaceae;g__Alistipes;s__Alistipes_finegoldii	k__Bacteria;p__Bacteroidetes;c__Bacteroidia;o__Bacteroidales;f__Porphyromonadaceae;g__Parabacteroides;s__Parabacteroides_distasonis	k__Bacteria;p__Bacteroidetes;c__Bacteroidia;o__Bacteroidales;f__Bacteroidaceae;g__Bacteroides;s__Bacteroides_thetaiotaomicron	k__Bacteria;p__Bacteroidetes;c__Bacteroidia;o__Bacteroidales;f__Bacteroidaceae;g__Bacteroides;s__Bacteroides_coprocola	k__Bacteria;p__Bacteroidetes;c__Bacteroidia;o__Bacteroidales;f__Bacteroidaceae;g__Bacteroides;s__Bacteroides_cellulosilyticus	k__Bacteria;p__Bacteroidetes;c__Bacteroidia;o__Bacteroidales;f__Rikenellaceae;g__Alistipes;s__Alistipes_obesi	k__Bacteria;p__Firmicutes;c__Clostridia;o__Clostridiales;f__Lachnospiraceae;g__;s__[Eubacterium]_rectale	k__Bacteria;p__Bacteroidetes;c__Bacteroidia;o__Bacteroidales;f__Bacteroidaceae;g__Bacteroides;s__Bacteroides_plebeius	k__Bacteria;p__Bacteroidetes;c__Bacteroidia;o__Bacteroidales;f__Bacteroidaceae;g__Bacteroides;s__Bacteroides_fragilis	k__Bacteria;p__Proteobacteria;c__Betaproteobacteria;o__Burkholderiales;f__Sutterellaceae;g__Sutterella;s__Sutterella_wadsworthensis	k__Bacteria;p__Bacteroidetes;c__Bacteroidia;o__Bacteroidales;f__Porphyromonadaceae;g__Barnesiella;s__Barnesiella_intestinihominis	k__Bacteria;p__Bacteroidetes;c__Bacteroidia;o__Bacteroidales;f__Odoribacteraceae;g__Odoribacter;s__Odoribacter_splanchnicus	k__Bacteria;p__Bacteroidetes;c__Bacteroidia;o__Bacteroidales;f__Bacteroidaceae;g__Bacteroides;s__Bacteroides_salyersiae	k__Bacteria;p__Firmicutes;c__Clostridia;o__Clostridiales;f__Ruminococcaceae;g__Ruminiclostridium;s__[Eubacterium]_siraeum	k__Bacteria;p__Proteobacteria;c__Betaproteobacteria;o__Burkholderiales;f__Sutterellaceae;g__Parasutterella;s__Parasutterella_excrementihominis	k__Bacteria;p__Actinobacteria;c__Actinobacteria;o__Bifidobacteriales;f__Bifidobacteriaceae;g__Bifidobacterium;s__Bifidobacterium_adolescentis	k__Bacteria;p__Firmicutes;c__Clostridia;o__Clostridiales;f__Oscillospiraceae;g__Oscillibacter;s__Oscillibacter_sp._KLE_1745	k__Bacteria;p__Bacteroidetes;c__Bacteroidia;o__Bacteroidales;f__Bacteroidaceae;g__Bacteroides;s__Bacteroides_coprophilus	k__Bacteria;p__Firmicutes;c__Clostridia;o__Clostridiales;f__Lachnospiraceae;g__Roseburia;s__Roseburia_intestinalis	k__Bacteria;p__Firmicutes;c__Clostridia;o__Clostridiales;f__Lachnospiraceae;g__Roseburia;s__Roseburia_hominis	k__Bacteria;p__Bacteroidetes;c__Bacteroidia;o__Bacteroidales;f__Porphyromonadaceae;g__Parabacteroides;s__Parabacteroides_johnsonii	k__Bacteria;p__Actinobacteria;c__Actinobacteria;o__Bifidobacteriales;f__Bifidobacteriaceae;g__Bifidobacterium;s__Bifidobacterium_longum	k__Bacteria;p__Firmicutes;c__Clostridia;o__Clostridiales;f__;g__Flavonifractor;s__Flavonifractor_plautii	k__Bacteria;p__Firmicutes;c__Clostridia;o__Clostridiales;f__Clostridiaceae;g__Clostridium;s__Clostridium_phoceensis	k__Bacteria;p__Verrucomicrobia;c__Verrucomicrobiae;o__Verrucomicrobiales;f__Akkermansiaceae;g__Akkermansia;s__Akkermansia_muciniphila	k__Bacteria;p__Bacteroidetes;c__Bacteroidia;o__Bacteroidales;f__Prevotellaceae;g__Paraprevotella;s__Paraprevotella_xylaniphila	k__Bacteria;p__Firmicutes;c__Clostridia;o__Clostridiales;f__Ruminococcaceae;g__Ruminococcus;s__Ruminococcus_callidus	k__Bacteria;p__Bacteroidetes;c__Bacteroidia;o__Bacteroidales;f__Rikenellaceae;g__Alistipes;s__Alistipes_senegalensis	k__Bacteria;p__Firmicutes;c__Clostridia;o__Clostridiales;f__Lachnospiraceae;g__Blautia;s__Blautia_sp._KLE_1732	k__Bacteria;p__Bacteroidetes;c__Bacteroidia;o__Bacteroidales;f__Bacteroidaceae;g__Bacteroides;s__Bacteroides_oleiciplenus	k__Bacteria;p__Firmicutes;c__Clostridia;o__Clostridiales;f__Ruminococcaceae;g__Ruminococcus;s__Ruminococcus_bicirculans	k__Bacteria;p__Bacteroidetes;c__Bacteroidia;o__Bacteroidales;f__Bacteroidaceae;g__Bacteroides;s__Bacteroides_fluxus	k__Bacteria;p__Bacteroidetes;c__Bacteroidia;o__Bacteroidales;f__Prevotellaceae;g__Prevotella;s__Prevotella_stercorea	k__Bacteria;p__Firmicutes;c__Clostridia;o__Clostridiales;f__Lachnospiraceae;g__Dorea;s__Dorea_longicatena	k__Bacteria;p__Firmicutes;c__Clostridia;o__Clostridiales;f__Eubacteriaceae;g__Eubacterium;s__[Eubacterium]_eligens	k__Bacteria;p__Firmicutes;c__Clostridia;o__Clostridiales;f__Ruminococcaceae;g__;s__Ruminococcaceae_bacterium_D16	k__Bacteria;p__Firmicutes;c__Clostridia;o__Clostridiales;f__Lachnospiraceae;g__Coprococcus;s__Coprococcus_comes	k__Bacteria;p__Proteobacteria;c__Gammaproteobacteria;o__Enterobacterales;f__Enterobacteriaceae;g__Escherichia;s__Escherichia_coli	k__Bacteria;p__Firmicutes;c__Clostridia;o__Clostridiales;f__Ruminococcaceae;g__Anaerotruncus;s__Anaerotruncus_colihominis	k__Bacteria;p__Firmicutes;c__Clostridia;o__Clostridiales;f__Lachnospiraceae;g__Blautia;s__Blautia_obeum	k__Bacteria;p__Bacteroidetes;c__Bacteroidia;o__Bacteroidales;f__Odoribacteraceae;g__Odoribacter;s__Odoribacter_laneus	k__Bacteria;p__Firmicutes;c__Clostridia;o__Clostridiales;f__Ruminococcaceae;g__Ruminiclostridium;s__[Clostridium]_leptum	k__Bacteria;p__Bacteroidetes;c__Bacteroidia;o__Bacteroidales;f__Porphyromonadaceae;g__Parabacteroides;s__Parabacteroides_goldsteinii	k__Bacteria;p__Firmicutes;c__Clostridia;o__Clostridiales;f__Lachnospiraceae;g__Anaerostipes;s__Anaerostipes_hadrus	k__Bacteria;p__Firmicutes;c__Clostridia;o__Clostridiales;f__Ruminococcaceae;g__Ruminococcus;s__Ruminococcus_lactaris	k__Bacteria;p__Firmicutes;c__Clostridia;o__Clostridiales;f__Clostridiaceae;g__Clostridium;s__Clostridium_sp._L2-50	k__Bacteria;p__Firmicutes;c__Clostridia;o__Clostridiales;f__Clostridiaceae;g__Clostridium;s__Clostridium_sp._M62/1	k__Bacteria;p__Firmicutes;c__Clostridia;o__Clostridiales;f__;g__Intestinimonas;s__Intestinimonas_butyriciproducens	k__Bacteria;p__Actinobacteria;c__Actinobacteria;o__Bifidobacteriales;f__Bifidobacteriaceae;g__Bifidobacterium;s__Bifidobacterium_bifidum	k__Bacteria;p__Firmicutes;c__Negativicutes;o__Veillonellales;f__Veillonellaceae;g__Dialister;s__Dialister_invisus	k__Bacteria;p__Bacteroidetes;c__Bacteroidia;o__Bacteroidales;f__Bacteroidaceae;g__Bacteroides;s__Bacteroides_salanitronis
k__Bacteria;p__Bacteroidetes;c__Bacteroidia;o__Bacteroidales;f__Bacteroidaceae;g__Bacteroides;s__Bacteroides_vulgatus	1.0	-0.0337141317787	-0.0140773299886	-0.00283032278827	0.0805897712412	-0.033205406693	-0.0341927829113	-0.0175634301986	0.00488965643662	-0.0117540261624	-0.0185767594275	-0.0237497074471	-0.00607144015365	-0.0436402160916	0.00791183587589	0.00449651795631	-0.00235459058102	-0.0113621157445	-0.0183947348343	0.023538066564	-8.43055614598e-05	0.0317542160461	0.018369824744	0.0427115388349	-0.0770106922375	-0.0260742528624	0.0263771350558	-0.039354510285	-0.025650365666	-0.053098715916	0.0171591074437	-0.00266051936592	-0.0471515508959	0.00461861089408	-0.0337591993249	0.0531198277441	0.0248808191083	0.00709540099002	-0.0279275938923	-0.0840609307288	-0.00263805438634	0.0350827955302	-0.0398289727091	0.0117454108893	-0.0136794239466	0.0151063959679	-0.0292651787266	0.00917125023584	0.0194219397937	-0.0173062572274	0.0147930744511	-0.00465504967283	0.00157943028178	0.00846557592743	-0.0143164792594	-0.00408581973503	-0.0330443681719	0.020004978437	0.00143784274449
k__Bacteria;p__Bacteroidetes;c__Bacteroidia;o__Bacteroidales;f__Bacteroidaceae;g__Bacteroides;s__Bacteroides_uniformis	-0.0337141317787	1.0	0.0492386685948	0.0340626795258	-0.00789881193857	-0.00353225587847	-0.0288474835024	-0.0122415275678	0.00616351347618	-0.0242958239699	0.0252345272631	0.0330389481507	-0.0881006531316	-0.0367906902843	0.0128802997421	0.0310688397321	-0.064490950597	0.00617256366951	0.0275893815443	-0.00821447817721	0.00813723701959	-0.00320106786114	-0.0440785380251	-0.014778939536	-0.0319955548454	-0.010375874538	0.0105315033948	-0.0471672874285	-0.0378638434184	0.00709399941883	-0.00371071842913	-0.0216552866932	-0.00709407332189	0.000687622816594	-0.0023537606564	-0.0227413309323	0.000198577222728	0.0310357266479	-0.0370838302383	-0.0362313612514	-0.0203388016885	-0.0107385240682	-0.0268407653886	-0.030087593172	0.0371411764948	-0.0358494843554	-0.00314459699491	0.00803459952922	0.0258667878956	-0.049032408184	0.00112224368043	0.00893279985288	0.0371802440232	0.00319967033416	0.00364818581043	-0.0357746962842	0.00737266053633	-0.0183975470976	-0.0161031665752
k__Bacteria;p__Bacteroidetes;c__Bacteroidia;o__Bacteroidales;f__Rikenellaceae;g__Alistipes;s__Alistipes_putredinis	-0.0140773299886	0.0492386685948	1.0	-0.0382581090459	-0.00525515292428	-0.00166812866792	0.00615342491627	0.016016795941	-0.0495965980357	0.0600643086157	0.00218525379375	-0.00107059038621	0.0129886287947	-0.046818063927	0.0077928360745	0.0578057769092	0.00919496487687	0.0080790116382	-0.0462952072563	0.0425427010395	-0.0181675600011	-0.0290340443167	-0.0260362522115	-0.00897332242937	0.000450202365978	0.0642537200546	0.0260922127284	0.0195115270802	-0.0385892412328	-0.0208012446904	-0.101731242696	-0.0562304574944	0.033217902585	0.0102586626677	0.00760758361454	0.0289275662176	-0.0352367275484	-0.00946995485718	-0.0142299413055	-0.089049277429	0.0139280234503	-0.00488044015343	0.0548820443296	-0.00595922333284	0.0433994509734	0.0135589513813	-0.018119245543	0.0420146894566	0.0156265330961	-0.0514285621181	-0.00377981943945	0.0391994380972	-0.0955528225451	0.0057353872472	-0.00882539551365	0.0140651186822	0.0163854141427	-0.0342868375672	-0.0521682279884
k__Bacteria;p__Bacteroidetes;c__Bacteroidia;o__Bacteroidales;f__Prevotellaceae;g__Prevotella;s__Prevotella_copri	-0.00283032278827	0.0340626795258	-0.0382581090459	1.0	-0.0146848504824	-0.0160597484903	0.0236580372142	-0.0209770444528	0.00440687223328	0.0132046234599	-0.0166244503587	-0.000123914404549	-0.080765954457	0.0157332472757	0.0154901028738	0.00111450062125	-0.048447996036	0.00193180104947	-0.00573845604944	-0.0104209415883	0.0242217438759	-0.0190359385259	-2.7296609594e-06	-0.0472151813927	-0.059270066788	-0.00637453556965	0.0251124926114	-0.0251831067049	0.0794309157859	0.00780109425471	-0.0347794171496	-0.0547775515245	-0.0437280819085	-0.0719097108088	0.0186028871843	-0.0424226022369	-0.0211364715635	0.0368911371862	0.0339700093213	-0.00255995515983	-0.0776396598987	0.00978368308877	0.00536962114268	-0.0356110392466	-0.0134396437083	-0.0688590150214	0.016640859461	-0.0394742230936	0.00832011348256	-0.0261218174029	0.001287291807	-0.0147836051377	-0.00718192965523	-0.0211038813137	0.0260009466198	0.00328498526513	-0.0030391498631	0.0107238390255	0.0478771049101
k__Bacteria;p__Bacteroidetes;c__Bacteroidia;o__Bacteroidales;f__Bacteroidaceae;g__Bacteroides;s__Bacteroides_stercoris	0.0805897712412	-0.00789881193857	-0.00525515292428	-0.0146848504824	1.0	-0.0579219111194	-0.0139670851331	0.030714953282	-0.0210930519303	-0.00380363287551	0.0148587390305	0.0174195917311	-0.00461854989254	0.0268854995466	0.0195989807832	0.0308032642925	0.00643671013621	0.0506851997306	0.0135566723741	0.0133577933224	0.0121211649576	-0.0150665921317	0.0160483100754	-0.00988642176292	-0.017211171273	-0.0234276422015	-0.0132572693781	-0.0139757427221	0.0116186762884	-0.036708862413	0.0321494466906	0.0240486441137	-0.0317483049533	0.0199789972504	-0.019699486996	-0.0433226238283	-0.0531336130853	0.0267901214297	-0.0093622385444	-0.0527360214678	-0.0674421802653	0.0300867393435	-0.0630076980706	-0.0403495740124	-0.027499074482	0.00595018085524	-0.0357080115206	0.017130655049	0.000336936415956	-0.0200787227024	-0.0594323593182	0.0270071242274	-0.0236664025184	-0.0341027490294	-0.000301214929917	-0.0271391299459	-0.027424271259	-0.00563658929157	-0.00193309496015
k__Bacteria;p__Bacteroidetes;c__Bacteroidia;o__Bacteroidales;f__Bacteroidaceae;g__Bacteroides;s__Bacteroides_ovatus	-0.033205406693	-0.00353225587847	-0.00166812866792	-0.0160597484903	-0.0579219111194	1.0	0.0178634435276	-0.0105683907232	-0.0176383373408	0.0413632660313	-0.0472410361316	-0.0505996097685	0.0177300882224	-0.0154822865126	0.0570467190984	-0.0786200362916	-0.000184880416707	-0.0180614168076	0.0154201070833	-0.0113339735576	-0.0269922287229	0.0174050682097	0.0049322550131	-0.0198633754064	-0.00236212960252	0.0657324314426	-0.0163720275423	0.0494946363822	0.062775830276	-0.0161079854026	-0.0118694857323	0.0366297835285	0.0510051778609	0.0361756183752	-0.00636528307039	0.0430161333573	0.00117162176776	-0.0383240262652	0.00306144143306	-0.0369441543504	-0.0363023242954	0.0340611952698	0.0145598238843	0.00903456887239	0.0230511917752	-0.0167754488037	0.0525463409554	-0.0683130491113	0.0159742475123	-0.026219615646	-0.0541386745542	0.015750735534	0.026219076558	-0.0381855453381	0.02484064988	-0.029472838251	-0.0251821890076	-0.0362983817604	-0.0638788702437
k__Bacteria;p__Bacteroidetes;c__Bacteroidia;o__Bacteroidales;f__Rikenellaceae;g__Alistipes;s__Alistipes_shahii	-0.0341927829113	-0.0288474835024	0.00615342491627	0.0236580372142	-0.0139670851331	0.0178634435276	1.0	0.010753742738	0.073481918134	-0.0229135051949	0.037679445488	-0.0483372950296	0.0209444498521	0.0234297730383	-0.009071395088	0.0390271868258	-0.0335622757731	0.0292052505699	-0.00725799989438	0.00236515994263	-0.0273680746628	0.0174817075857	0.000466784922081	-0.0408157483118	-0.0451089939805	-0.010343593957	0.0024775223753	0.00125935959675	-0.011183230313	0.0690472232305	0.0226215296763	0.0368806471722	-0.0203596702082	-0.00803600965485	0.00282380776353	-0.0174091574983	0.0035415463272	-0.00669204928384	-0.0111270670191	-0.0112852519771	0.00131546403326	-0.056228407271	0.0344474969473	0.00852002969649	0.0626116847549	0.0225829422392	-0.000477610638735	0.0289286794033	-0.0393900892862	0.0413269145377	0.00874791417912	-0.0770758675844	0.0150944780608	0.000511067380139	-0.0150840562169	-0.0821713943923	-0.0149501434456	-0.0282293671524	-0.00673127007768
k__Bacteria;p__Firmicutes;c__Clostridia;o__Clostridiales;f__Ruminococcaceae;g__Faecalibacterium;s__Faecalibacterium_prausnitzii	-0.0175634301986	-0.0122415275678	0.016016795941	-0.0209770444528	0.030714953282	-0.0105683907232	0.010753742738	1.0	0.0470899280045	-0.0407003690993	-0.000139456986748	0.0135227888806	-0.0111796409269	-0.00696092310859	-0.0395556345753	-0.00780014747145	-0.0379726432323	0.0734583690472	-0.00641766874479	-0.0666654021932	-0.0392359708159	-0.000576500096031	-0.0263408943816	-0.0104381758638	-0.00702832469065	0.00520448817956	0.00549933495563	-0.0058607416013	-0.0177207072313	-0.00515673214788	-0.0544562784267	0.0218257036697	0.0492020672608	0.02538012338	-0.0124328509773	0.0135865030264	-0.0537953165934	0.0122933581185	-0.00865319192145	-0.0431373591368	-0.0179193425464	-0.0120074768112	-0.0273103113134	0.0158549998567	-0.0362093821289	-0.0237497085612	0.000117500523036	-0.0364555964765	0.0235548777038	0.00761297172625	0.0239546352882	-0.0593729637687	0.00992388610767	-0.0567414298182	-0.00880976969683	0.031744517623	-0.0199698891396	0.00774469233209	0.0273476227435
k__Bacteria;p__Bacteroidetes;c__Bacteroidia;o__Bacteroidales;f__Rikenellaceae;g__Alistipes;s__Alistipes_finegoldii	0.00488965643662	0.00616351347618	-0.0495965980357	0.00440687223328	-0.0210930519303	-0.0176383373408	0.073481918134	0.0470899280045	1.0	0.0319822883062	-0.0419536174801	-0.00910636936835	0.003137718806	0.0280143043484	-0.0337422467985	0.00297968874624	-0.0139193809424	-0.0204714492388	0.0169334879396	-0.0288341162008	-0.0251620316776	0.000713770191981	-0.0292470427645	-0.0182621446066	-0.0101127948369	0.023140634967	0.0283036768431	0.0117812058086	0.0064857961132	-0.0170845834631	-0.00614242412635	-0.0102993443664	-0.00944267303589	0.0134830545952	-0.0441404887144	0.00492022947413	0.0442702305898	-0.00443414528394	0.0182227270367	-0.0408404102951	-0.0455719577928	-0.056559951224	-0.0246503913402	-0.0361043853803	-0.0513583992373	0.0224343741004	-0.0344217762848	-0.013657756965	-0.0295107297586	-0.037441961745	-0.0434643258137	-0.0135380986891	-0.00529612104831	-0.0187053605338	0.0648528726801	0.0361918173161	-0.00853853560215	-0.0158924131745	-0.00830025164517
k__Bacteria;p__Bacteroidetes;c__Bacteroidia;o__Bacteroidales;f__Porphyromonadaceae;g__Parabacteroides;s__Parabacteroides_distasonis	-0.0117540261624	-0.0242958239699	0.0600643086157	0.0132046234599	-0.00380363287551	0.0413632660313	-0.0229135051949	-0.0407003690993	0.0319822883062	1.0	-0.028578283998	-0.0111357913269	-0.0209945447074	-0.0337471056277	-0.0250209622637	-0.0591443704461	-0.014151549135	0.0249983287194	-0.0601483946766	-0.0581346309797	-0.00635752102083	0.021127859831	0.0368004635145	-0.0325787234444	0.0232986807993	0.0326944209691	-0.0277625558159	-0.0497985334353	0.00736357359238	0.0125744703698	0.0399960944834	-0.0177064099409	-0.0191914783514	-0.0352352407226	0.0121564881291	0.0148935056796	-0.0200788431544	-0.0202326676294	-0.0187575195321	0.0281751213647	-0.00647714559124	-0.057910956708	-0.0278535773995	0.0206025395309	-0.00268286931555	-0.0694356736482	0.040208780184	-0.00845062667234	0.0103928481008	0.0250138936287	0.0119215093435	-0.0343959450638	-0.017645503371	0.000692518343878	-0.0147825858849	0.0158337029814	-0.0263080945984	-0.0549279535875	0.0280490935594
k__Bacteria;p__Bacteroidetes;c__Bacteroidia;o__Bacteroidales;f__Bacteroidaceae;g__Bacteroides;s__Bacteroides_thetaiotaomicron	-0.0185767594275	0.0252345272631	0.00218525379375	-0.0166244503587	0.0148587390305	-0.0472410361316	0.037679445488	-0.000139456986748	-0.0419536174801	-0.028578283998	1.0	0.0318780785268	-0.051132560717	0.0522666861528	0.000451986136989	-0.0377271581108	-0.0343154221714	-0.0480773241507	0.053187337823	-0.0253054804129	-0.0098642985775	-0.0238962648133	-0.0363172335615	-0.0252674090713	-0.109325940869	-0.0521400985052	-0.044980425003	-0.0415078971087	0.0849090490893	-0.0420921856969	0.0504663083163	-0.0264679972328	0.00448644796294	0.0167089493492	0.00440126115324	0.0179157465538	0.00620729847309	0.00534955640574	-0.0167798283645	0.0112574904736	-0.0728515811947	-0.0593008189401	0.012207595647	-0.000630056250919	0.037316125862	0.0513243991213	-0.0120114338331	-0.0190800963863	0.0202983164095	0.0626577613904	0.0135509012092	-0.0199138776209	-0.00476726567691	0.0541302406741	-0.0222751035901	0.00224991499016	-0.0407811957676	0.0504514328602	0.000797024508755
k__Bacteria;p__Bacteroidetes;c__Bacteroidia;o__Bacteroidales;f__Bacteroidaceae;g__Bacteroides;s__Bacteroides_coprocola	-0.0237497074471	0.0330389481507	-0.00107059038621	-0.000123914404549	0.0174195917311	-0.0505996097685	-0.0483372950296	0.0135227888806	-0.00910636936835	-0.0111357913269	0.0318780785268	1.0	-0.0217621761359	-0.0394555524984	-0.00849021841348	-0.00412589917889	0.0138856857076	0.00511564512827	-0.00175137492365	-0.0502782270701	-0.0320367876285	-0.0238069231381	-0.0181701752876	0.0173388807472	0.0597682104032	-0.0430124254321	-0.00695442650354	-0.021944344518	0.0369151283205	-0.000217036791995	-0.00590174783072	-0.0110895691844	-0.0390870634272	-0.00910166421444	-0.0104564673557	-0.0109857987191	0.0496741116084	-0.0103738019151	-0.0430609504026	-0.0369712320186	-0.00813939776815	0.0164055818044	-0.0378062775729	-0.04544446352	-0.00377337712186	-0.0147867136008	0.00594183863728	-0.0694691558369	0.0491006403296	-0.00950961568502	0.0347288148355	-0.00726678917107	0.0477092260382	-0.017041661997	0.00954838523901	-0.0763653418915	0.0507391176106	0.0237861177646	0.00745235304756
k__Bacteria;p__Bacteroidetes;c__Bacteroidia;o__Bacteroidales;f__Bacteroidaceae;g__Bacteroides;s__Bacteroides_cellulosilyticus	-0.00607144015365	-0.0881006531316	0.0129886287947	-0.080765954457	-0.00461854989254	0.0177300882224	0.0209444498521	-0.0111796409269	0.003137718806	-0.0209945447074	-0.051132560717	-0.0217621761359	1.0	0.0280200160609	-0.0164261434246	-0.00583365559124	-0.00010190701202	-0.0599375169208	0.0214873584612	-0.0123650474001	0.00477874074227	-0.00780132025693	-0.000728143695878	-0.0495782023829	0.0361713718887	-0.0506763041286	-0.0364343853112	-0.0416074423967	0.00583906442131	-0.0302404816238	0.048234271209	-0.0841568523722	0.058648405367	0.000165940338472	-0.00596620438359	-0.0187649442959	0.0147534597654	0.00761560947945	-0.0124570496904	-0.0268368010208	0.0103945376039	0.0628436129262	0.0643714744098	-0.0369867052994	-0.00354036368028	0.00148481413551	0.0145575422467	-0.0247296879485	-0.0181202059633	-0.0795857914267	-0.0264652058074	-0.034503668647	-0.0716472626061	0.015368599256	-0.015024317246	0.045261480898	-0.0401280367386	0.0575617464329	-0.044436590884
k__Bacteria;p__Bacteroidetes;c__Bacteroidia;o__Bacteroidales;f__Rikenellaceae;g__Alistipes;s__Alistipes_obesi	-0.0436402160916	-0.0367906902843	-0.046818063927	0.0157332472757	0.0268854995466	-0.0154822865126	0.0234297730383	-0.00696092310859	0.0280143043484	-0.0337471056277	0.0522666861528	-0.0394555524984	0.0280200160609	1.0	-0.0107278877842	-0.00465246650682	0.0106095169526	0.0300475490741	0.0640572805941	-0.00627170674437	0.0252324929749	-0.0155696359108	-0.00800388080872	-0.0547883570739	0.0142803076538	-0.0493812534943	0.0493999588783	-0.00113260829076	-0.0346172020826	0.0205122690914	0.0312397801709	-0.0209268347563	-0.015685056506	-0.0689771302535	0.00485448266872	-0.00975428694498	-0.0843354305604	-0.0473503987785	-0.0406588721702	-0.03200866367	0.0177281841126	0.0375584923522	-0.0109038118224	-0.0461190030653	-0.00851062354135	0.0568037861114	-0.0445039889362	-0.0270294086174	-0.0265862029915	-0.0167552316476	-0.0424347298645	-0.0155615608931	0.00437005756318	-0.0142976445503	-0.0428525843392	-0.0164180433016	0.0765225109835	-0.0122557868547	-0.00762402135585
k__Bacteria;p__Firmicutes;c__Clostridia;o__Clostridiales;f__Lachnospiraceae;g__;s__[Eubacterium]_rectale	0.00791183587589	0.0128802997421	0.0077928360745	0.0154901028738	0.0195989807832	0.0570467190984	-0.009071395088	-0.0395556345753	-0.0337422467985	-0.0250209622637	0.000451986136989	-0.00849021841348	-0.0164261434246	-0.0107278877842	1.0	-0.0504850558439	-0.0219797989398	-0.0487157715737	0.0309542134468	0.000856994684768	-0.0398029712374	-0.00694672690869	8.57380746885e-05	-0.0780740968797	-0.017862849589	-0.0606920960944	-0.0284626081909	0.0531910955593	0.00961325964729	-0.0215535061245	-0.00051891244862	0.00126655232463	0.0593982131187	0.00159765162734	0.00925032070172	-0.045501692942	-0.00300504152738	0.0234223152951	0.0352148708831	-0.0109722945025	-0.000953949432732	0.0211059851816	-0.0145535744786	0.0794094179802	-0.0422365119319	-0.0628672506767	-0.00112655807015	0.0459805750005	0.0210436287772	-0.0331847648155	0.0229779060404	-0.022920697389	-0.019474485025	-0.0475071157574	0.0258506398616	0.0288604301302	-0.0324522687006	-0.100503142389	0.0500987589003
k__Bacteria;p__Bacteroidetes;c__Bacteroidia;o__Bacteroidales;f__Bacteroidaceae;g__Bacteroides;s__Bacteroides_plebeius	0.00449651795631	0.0310688397321	0.0578057769092	0.00111450062125	0.0308032642925	-0.0786200362916	0.0390271868258	-0.00780014747145	0.00297968874624	-0.0591443704461	-0.0377271581108	-0.00412589917889	-0.00583365559124	-0.00465246650682	-0.0504850558439	1.0	-0.00486548075246	0.045819359078	-0.0159705538682	-0.0796228197529	-0.00590890719304	-0.0498896067894	-0.015512504708	-0.00612424005749	-0.00549674610008	-0.0462134252636	-0.0166641508765	-0.0240397964304	-0.0116870650877	-0.0500212221407	0.00198452832623	-0.000965086693158	0.00317516453668	-0.0452978370432	-0.00690408713517	-0.0643606308167	-0.0345876868162	0.0102410700371	0.00417732787515	0.0516556073146	-0.0169752222976	-0.00232183779609	0.0183675969522	0.00533095506964	-0.0144852798707	-0.00972738476194	-0.034390014689	-0.01056655341	-0.0333794510859	-0.0116034394466	0.0203632691442	0.0226271316245	-0.0123774469339	-0.00886499332631	-0.027671283785	0.00550566287849	0.0129610079618	-0.0453320128741	0.0454646744221
k__Bacteria;p__Bacteroidetes;c__Bacteroidia;o__Bacteroidales;f__Bacteroidaceae;g__Bacteroides;s__Bacteroides_fragilis	-0.00235459058102	-0.064490950597	0.00919496487687	-0.048447996036	0.00643671013621	-0.000184880416707	-0.0335622757731	-0.0379726432323	-0.0139193809424	-0.014151549135	-0.0343154221714	0.0138856857076	-0.00010190701202	0.0106095169526	-0.0219797989398	-0.00486548075246	1.0	-0.0318519348027	-0.0250477445633	0.0046080273213	0.0336012491468	0.0534714822963	-0.00258802297718	-0.00513011652245	0.0712788808657	-0.00213414102406	-0.0298291033665	-0.0146915891224	-0.0295724209601	-0.0546634782488	-0.0559035703617	0.0255434557947	5.97432907004e-05	0.0164640193717	-0.00369955986574	0.0420100097407	-0.0127264525937	0.0233376162163	0.0715118137186	0.0347748159265	-0.0239192559031	-0.0403178637914	0.00570049070487	-0.0167903636672	0.0326970971989	0.00804672950933	-0.101626714383	-0.02061256054	0.0171648135374	-0.0360962226885	0.0381466400641	-0.0272298618665	-0.0235462465089	-0.018040160859	-0.0183659089975	0.094187333408	0.0631778899201	-0.010795388917	-0.00967083945863
k__Bacteria;p__Proteobacteria;c__Betaproteobacteria;o__Burkholderiales;f__Sutterellaceae;g__Sutterella;s__Sutterella_wadsworthensis	-0.0113621157445	0.00617256366951	0.0080790116382	0.00193180104947	0.0506851997306	-0.0180614168076	0.0292052505699	0.0734583690472	-0.0204714492388	0.0249983287194	-0.0480773241507	0.00511564512827	-0.0599375169208	0.0300475490741	-0.0487157715737	0.045819359078	-0.0318519348027	1.0	-0.0426691583984	-0.0416370007853	0.00306667391291	-0.00269656913409	0.0081202042071	-0.00711882770986	0.0135510223729	0.0769970301007	-0.0458945652134	-0.0305038714583	0.020442037853	-0.0392792850052	-0.0798767281101	-0.00447404974983	-0.046780746136	-0.0111902432154	-0.0100416492865	-0.00524301077841	0.0104860851374	0.00186085050856	-0.00824212551775	0.000738552963118	0.00730472333888	0.008055120493	0.0545475799894	-0.00941988407584	-0.000274849275366	0.0546913732124	0.00465052468383	0.0210343681839	0.0446960863642	-0.0161478671458	-0.0458857242065	-0.0979117662191	0.0331775734296	0.0353442368923	-0.0641172544886	-0.022592948657	-0.0031082645636	-0.0626369778257	0.0199918633306
k__Bacteria;p__Bacteroidetes;c__Bacteroidia;o__Bacteroidales;f__Porphyromonadaceae;g__Barnesiella;s__Barnesiella_intestinihominis	-0.0183947348343	0.0275893815443	-0.0462952072563	-0.00573845604944	0.0135566723741	0.0154201070833	-0.00725799989438	-0.00641766874479	0.0169334879396	-0.0601483946766	0.053187337823	-0.00175137492365	0.0214873584612	0.0640572805941	0.0309542134468	-0.0159705538682	-0.0250477445633	-0.0426691583984	1.0	0.0315105275467	-0.0138928400275	0.0289902556322	-0.079239033888	-0.00278333428434	-0.042578520511	-0.0203165276215	-0.0234429802395	-0.0175925918799	-0.00224953125	0.0298684199324	0.0623268627824	-0.0258824111542	0.0602288132076	-0.0442705004128	0.0291866639799	0.0315979646426	-0.0217911131421	-0.0400691601298	-0.0451680889615	0.0237097712923	0.0139814174736	0.0383110508486	-0.0213589278772	0.00229932230805	0.00692736515335	-0.0314084410668	0.0219267127689	-0.060399329216	0.0130339050432	-0.0306777800122	-0.0266148173794	-0.0133628270527	0.00112309904532	0.0256404277159	-0.0034201657419	-0.030106937992	-0.0129372299418	0.0038259733266	-0.0336044806419
k__Bacteria;p__Bacteroidetes;c__Bacteroidia;o__Bacteroidales;f__Odoribacteraceae;g__Odoribacter;s__Odoribacter_splanchnicus	0.023538066564	-0.00821447817721	0.0425427010395	-0.0104209415883	0.0133577933224	-0.0113339735576	0.00236515994263	-0.0666654021932	-0.0288341162008	-0.0581346309797	-0.0253054804129	-0.0502782270701	-0.0123650474001	-0.00627170674437	0.000856994684768	-0.0796228197529	0.0046080273213	-0.0416370007853	0.0315105275467	1.0	0.0021729752487	-0.0263465553351	0.0164874092262	0.033584212755	-0.0267965713699	-0.110319345518	-0.00697702324565	-0.00423671877358	0.0187661458085	0.0110740289321	0.0519507618543	0.0335521762733	-0.0210890696537	-0.0540170553296	0.0316353853853	-0.0104256779746	-0.0193597664486	-0.0348273647346	0.0279045011168	-0.0635823240221	-0.0479584000516	-0.00246346556264	0.00512344037294	0.0240436395368	0.0409052815092	-0.00768543509707	-0.0202840907437	-0.00906016196869	-0.0105681373356	-0.00330528948863	-0.0288236363587	0.0240308792029	-0.0673886375462	-0.000495052969433	0.0114870687195	-0.0202191072645	0.0531698502641	-0.0107527991162	-0.0252431155144
k__Bacteria;p__Bacteroidetes;c__Bacteroidia;o__Bacteroidales;f__Bacteroidaceae;g__Bacteroides;s__Bacteroides_salyersiae	-8.43055614599e-05	0.00813723701959	-0.0181675600011	0.0242217438759	0.0121211649576	-0.0269922287229	-0.0273680746628	-0.0392359708159	-0.0251620316776	-0.00635752102083	-0.0098642985775	-0.0320367876285	0.00477874074227	0.0252324929749	-0.0398029712374	-0.00590890719304	0.0336012491468	0.00306667391291	-0.0138928400275	0.0021729752487	1.0	0.00309431668529	0.0247618805268	0.0302405846182	-0.0636665984732	-0.0238739440228	0.00876046198595	0.0566391394562	-0.00169547747179	-0.00849520036277	0.000151165033562	-0.0176851564811	-0.0272486320178	-0.000460693483852	-0.0897050592215	0.00577586008386	-0.0357917086558	0.0221618589684	-0.0136723820231	-0.0172632957632	-0.00735419517273	-0.0789282075026	-0.0200697353414	0.0182033830431	-0.00184693718015	0.0528069153729	0.023799358656	0.0210559514322	0.0164179087059	0.014363172521	0.0115305700826	-0.0134239030168	-0.00405367508768	-0.0242280536142	0.0584010572584	0.048664688558	1.54087756316e-05	-0.026101923454	0.00451989260291
k__Bacteria;p__Firmicutes;c__Clostridia;o__Clostridiales;f__Ruminococcaceae;g__Ruminiclostridium;s__[Eubacterium]_siraeum	0.0317542160461	-0.00320106786114	-0.0290340443167	-0.0190359385259	-0.0150665921317	0.0174050682097	0.0174817075857	-0.000576500096031	0.000713770191981	0.021127859831	-0.0238962648133	-0.0238069231381	-0.00780132025693	-0.0155696359108	-0.00694672690869	-0.0498896067894	0.0534714822963	-0.00269656913409	0.0289902556322	-0.0263465553351	0.00309431668529	1.0	0.00279964812737	0.0336947021284	0.0896595073051	-0.0146911550949	-0.0620214783182	-0.0385157529615	0.0746550265753	-0.0341608749904	-0.0290198708338	0.0140978585584	0.0776403448514	-0.0406915774421	-0.0487622445435	-0.018702467047	-0.0187451958612	-0.0646828331871	-0.0102930353667	-0.0470559300096	0.0205813622003	-0.0255485757952	-0.0209883425848	-0.024916515886	0.0378542320458	-0.0541835932799	0.0287639747493	-0.0699540237363	-0.0105784555314	0.0190785124019	0.0416946226183	-0.0221917988124	-0.0287420049623	-0.0233962503738	-0.0109147850937	0.00655988650959	-0.0615558700279	0.0381713488809	-0.00266313928432
k__Bacteria;p__Proteobacteria;c__Betaproteobacteria;o__Burkholderiales;f__Sutterellaceae;g__Parasutterella;s__Parasutterella_excrementihominis	0.018369824744	-0.0440785380251	-0.0260362522115	-2.72966095949e-06	0.0160483100754	0.0049322550131	0.000466784922081	-0.0263408943816	-0.0292470427645	0.0368004635145	-0.0363172335615	-0.0181701752876	-0.000728143695878	-0.00800388080872	8.57380746885e-05	-0.015512504708	-0.00258802297718	0.0081202042071	-0.079239033888	0.0164874092262	0.0247618805268	0.00279964812737	1.0	0.00941464788744	0.031818686429	-0.0214716978516	-0.0214682941153	-0.0413124202335	-0.0234255741049	0.0421746143968	-0.0305079507823	-0.037207491127	-0.0155532953285	0.0297651720155	0.0298417187241	0.0910380352044	-0.00776244212912	-0.0477488386251	0.0110764820704	-0.000600695881181	-0.0151998199552	0.0372643350177	-0.0413208098919	-0.0481797630471	-0.000954193965248	0.00130143693206	0.0310738749802	-0.0434299923195	0.0171312137625	-0.00125131418849	-0.0355957607095	-0.0439077786856	-0.0557832326156	0.00680816921821	0.0307146706273	-0.0414406359801	-0.031649365816	-0.0300910736084	-0.0109053664376
k__Bacteria;p__Actinobacteria;c__Actinobacteria;o__Bifidobacteriales;f__Bifidobacteriaceae;g__Bifidobacterium;s__Bifidobacterium_adolescentis	0.0427115388349	-0.014778939536	-0.00897332242937	-0.0472151813927	-0.00988642176292	-0.0198633754064	-0.0408157483118	-0.0104381758638	-0.0182621446066	-0.0325787234444	-0.0252674090713	0.0173388807472	-0.0495782023829	-0.0547883570739	-0.0780740968797	-0.00612424005749	-0.00513011652245	-0.00711882770986	-0.00278333428434	0.033584212755	0.0302405846182	0.0336947021284	0.00941464788744	1.0	-0.0326310148145	-0.0184624835874	0.00973895119402	-0.0239965243099	-0.0222732116389	-0.00649759902664	0.0211069987087	-0.00176544906644	-0.0658530627168	-0.0320735295371	0.0304657897551	-0.0164459655379	-0.0768069650027	-0.0190805267931	0.0490029162378	-0.0142850883952	-0.0213210272422	-0.0178063614769	-0.00496891611969	-0.00831056640669	0.0208715459048	0.027765924159	0.0217428650913	-0.0689499696486	0.00262102313849	-0.0249741279461	-0.0582970291042	0.0229666437838	-0.0529863496953	-0.0337188027233	0.0226255217806	-0.0232033892948	0.00839968957351	0.0596178361847	-0.0627242082418
k__Bacteria;p__Firmicutes;c__Clostridia;o__Clostridiales;f__Oscillospiraceae;g__Oscillibacter;s__Oscillibacter_sp._KLE_1745	-0.0770106922375	-0.0319955548454	0.000450202365978	-0.059270066788	-0.017211171273	-0.00236212960252	-0.0451089939805	-0.00702832469065	-0.0101127948369	0.0232986807993	-0.109325940869	0.0597682104032	0.0361713718887	0.0142803076538	-0.017862849589	-0.00549674610008	0.0712788808657	0.0135510223729	-0.042578520511	-0.0267965713699	-0.0636665984732	0.0896595073051	0.031818686429	-0.0326310148145	1.0	-0.00229365152689	-0.00364448685271	-0.0626055579916	0.00289749213075	0.0180869158814	0.0421312633752	0.0241868738548	0.00458756679569	-0.0474624306129	-0.0295935734418	-0.0710552451414	0.0122358101673	0.0133488514799	0.00343537914414	0.0179569143367	-0.0497331272964	-0.00395607146706	-0.0227755518599	-0.0276597446384	-0.0294196217415	-0.0384755588847	-0.0193073102948	-0.0298341920346	-0.0712020305519	-0.0488304601615	0.0316810535635	-0.0528900184378	-0.00799673644091	-0.0150386109135	-0.0193431627892	-0.00214093702427	-0.00379847654579	-0.0205114377626	0.0238231748378
k__Bacteria;p__Bacteroidetes;c__Bacteroidia;o__Bacteroidales;f__Bacteroidaceae;g__Bacteroides;s__Bacteroides_coprophilus	-0.0260742528624	-0.010375874538	0.0642537200546	-0.00637453556965	-0.0234276422015	0.0657324314426	-0.010343593957	0.00520448817956	0.023140634967	0.0326944209691	-0.0521400985052	-0.0430124254321	-0.0506763041286	-0.0493812534943	-0.0606920960944	-0.0462134252636	-0.00213414102406	0.0769970301007	-0.0203165276215	-0.110319345518	-0.0238739440228	-0.0146911550949	-0.0214716978516	-0.0184624835874	-0.00229365152689	1.0	-0.00943722000554	0.0476893524803	0.0297977402135	0.0771086111335	0.0601242176754	-0.0327196626352	0.015736907089	-0.0124440911693	-0.0488976747527	-0.0439514933903	0.0126460695358	-0.0321329703888	-0.00711460546586	0.0293106367164	-0.00536180450684	-0.0319954927413	-0.025069653543	-0.0235713599151	0.0197885523967	-0.0166201357103	-0.00792376779526	-0.00215381434947	-0.0121950844607	-0.0879563970477	0.000868008384337	-0.0182852412818	-0.00466053102001	0.00494444138316	0.0519882006287	0.000662727506376	-0.00761064314076	0.0433946075148	-0.0502458986908
k__Bacteria;p__Firmicutes;c__Clostridia;o__Clostridiales;f__Lachnospiraceae;g__Roseburia;s__Roseburia_intestinalis	0.0263771350558	0.0105315033948	0.0260922127284	0.0251124926114	-0.0132572693781	-0.0163720275423	0.0024775223753	0.00549933495563	0.0283036768431	-0.0277625558159	-0.044980425003	-0.00695442650354	-0.0364343853112	0.0493999588783	-0.0284626081909	-0.0166641508765	-0.0298291033665	-0.0458945652134	-0.0234429802395	-0.00697702324565	0.00876046198595	-0.0620214783182	-0.0214682941153	0.00973895119402	-0.00364448685271	-0.00943722000554	1.0	0.0315071102241	-0.0689001651639	0.0383343914311	0.00990898545074	0.0157542638585	0.0144259774684	-0.0041990593903	0.0913741313612	0.0155986781008	-0.0663372810189	0.00891588132669	0.0440276195126	-0.0767891376806	-0.00117314952082	0.0378246602851	-0.064935224513	0.00102188046668	-0.0175216754024	-0.00519263275453	-0.0314163353888	-0.00478800078532	0.0102368741283	-0.0239133041249	-0.0143907861206	0.0270702267565	0.0221220754644	-0.0247219060989	0.0734307076275	0.00723258304273	-0.0121651082499	0.021829997199	-0.0238164778956
k__Bacteria;p__Firmicutes;c__Clostridia;o__Clostridiales;f__Lachnospiraceae;g__Roseburia;s__Roseburia_hominis	-0.039354510285	-0.0471672874285	0.0195115270802	-0.0251831067049	-0.0139757427221	0.0494946363822	0.00125935959675	-0.0058607416013	0.0117812058086	-0.0497985334353	-0.0415078971087	-0.021944344518	-0.0416074423967	-0.00113260829076	0.0531910955593	-0.0240397964304	-0.0146915891224	-0.0305038714583	-0.0175925918799	-0.00423671877358	0.0566391394562	-0.0385157529615	-0.0413124202335	-0.0239965243099	-0.0626055579916	0.0476893524803	0.0315071102241	1.0	-0.00690276941342	0.0316702293858	-0.0531524311898	-0.00836303180638	0.000947243105278	0.0482545941601	-0.0631382674596	0.0104577964401	0.0378020723248	-0.0876181564675	0.0178482165031	0.0754919959492	-0.0952579626527	-0.0260213895311	0.0149181450123	0.0302952745852	-0.036961898764	-0.0303522346238	0.0284492218923	0.0274852681471	0.0853430396434	-0.0273501677854	0.0605081780755	0.00393299660531	0.0326080243006	-0.0114866865783	0.00533712760218	-0.0184821912109	0.0048632170561	-0.0509985492624	0.00114599676851
k__Bacteria;p__Bacteroidetes;c__Bacteroidia;o__Bacteroidales;f__Porphyromonadaceae;g__Parabacteroides;s__Parabacteroides_johnsonii	-0.025650365666	-0.0378638434184	-0.0385892412328	0.0794309157859	0.0116186762884	0.062775830276	-0.011183230313	-0.0177207072313	0.0064857961132	0.00736357359238	0.0849090490893	0.0369151283205	0.00583906442131	-0.0346172020826	0.00961325964729	-0.0116870650877	-0.0295724209601	0.020442037853	-0.00224953125	0.0187661458085	-0.00169547747179	0.0746550265753	-0.0234255741049	-0.0222732116389	0.00289749213075	0.0297977402135	-0.0689001651639	-0.00690276941342	1.0	-0.021585241838	-0.0331065993901	0.0184136911985	-0.016948777617	-0.0296801158903	0.00112765535599	-0.0233263176357	0.00600958227213	-0.0613785675629	-0.0279507335351	0.00696662390795	-0.00960945194421	-0.0383452217705	-0.0348335659194	-0.0492173474169	0.00976865661083	-0.089458542139	-0.0330819443571	-0.00363454251709	-0.0566515515496	-0.0050432844162	0.0363780174794	0.0206649673902	-0.0152030174164	0.0204934541382	-0.0406342479399	0.00492497287214	-0.0165673853554	0.015491919294	0.00548298010561
