#taxonomy	k__Bacteria;p__Bacteroidetes;c__Bacteroidia;o__Bacteroidales;f__Bacteroidaceae;g__Bacteroides;s__Bacteroides_vulgatus	k__Bacteria;p__Bacteroidetes;c__Bacteroidia;o__Bacteroidales;f__Bacteroidaceae;g__Bacteroides;s__Bacteroides_uniformis	k__Bacteria;p__Bacteroidetes;c__Bacteroidia;o__Bacteroidales;f__Rikenellaceae;g__Alistipes;s__Alistipes_putredinis	k__Bacteria;p__Bacteroidetes;c__Bacteroidia;o__Bacteroidales;f__Prevotellaceae;g__Prevotella;s__Prevotella_copri	k__Bacteria;p__Bacteroidetes;c__Bacteroidia;o__Bacteroidales;f__Bacteroidaceae;g__Bacteroides;s__Bacteroides_stercoris	k__Bacteria;p__Bacteroidetes;c__Bacteroidia;o__Bacteroidales;f__Bacteroidaceae;g__Bacteroides;s__Bacteroides_ovatus	k__Bacteria;p__Bacteroidetes;c__Bacteroidia;o__Bacteroidales;f__Rikenellaceae;g__Alistipes;s__Alistipes_shahii	k__Bacteria;p__Firmicutes;c__Clostridia;o__Clostridiales;f__Ruminococcaceae;g__Faecalibacterium;s__Faecalibacterium_prausnitzii	k__Bacteria;p__Bacteroidetes;c__Bacteroidia;o__Bacteroidales;f__Rikenellaceae;g__Alistipes;s__Alistipes_finegoldii	k__Bacteria;p__Bacteroidetes;c__Bacteroidia;o__Bacteroidales;f__Porphyromonadaceae;g__Parabacteroides;s__Parabacteroides_distasonis	k__Bacteria;p__Bacteroidetes;c__Bacteroidia;o__Bacteroidales;f__Bacteroidaceae;g__Bacteroides;s__Bacteroides_thetaiotaomicron	k__Bacteria;p__Bacteroidetes;c__Bacteroidia;o__Bacteroidales;f__Bacteroidaceae;g__Bacteroides;s__Bacteroides_coprocola	k__Bacteria;p__Bacteroidetes;c__Bacteroidia;o__Bacteroidales;f__Bacteroidaceae;g__Bacteroides;s__Bacteroides_cellulosilyticus	k__Bacteria;p__Bacteroidetes;c__Bacteroidia;o__Bacteroidales;f__Rikenellaceae;g__Alistipes;s__Alistipes_obesi	k__Bacteria;p__Firmicutes;c__Clostridia;o__Clostridiales;f__Lachnospiraceae;g__;s__[Eubacterium]_rectale	k__Bacteria;p__Bacteroidetes;c__Bacteroidia;o__Bacteroidales;f__Bacteroidaceae;g__Bacteroides;s__Bacteroides_plebeius	k__Bacteria;p__Bacteroidetes;c__Bacteroidia;o__Bacteroidales;f__Bacteroidaceae;g__Bacteroides;s__Bacteroides_fragilis	k__Bacteria;p__Proteobacteria;c__Betaproteobacteria;o__Burkholderiales;f__Sutterellaceae;g__Sutterella;s__Sutterella_wadsworthensis	k__Bacteria;p__Bacteroidetes;c__Bacteroidia;o__Bacteroidales;f__Porphyromonadaceae;g__Barnesiella;s__Barnesiella_intestinihominis	k__Bacteria;p__Bacteroidetes;c__Bacteroidia;o__Bacteroidales;f__Odoribacteraceae;g__Odoribacter;s__Odoribacter_splanchnicus	k__Bacteria;p__Bacteroidetes;c__Bacteroidia;o__Bacteroidales;f__Bacteroidaceae;g__Bacteroides;s__Bacteroides_salyersiae	k__Bacteria;p__Firmicutes;c__Clostridia;o__Clostridiales;f__Ruminococcaceae;g__Ruminiclostridium;s__[Eubacterium]_siraeum	k__Bacteria;p__Proteobacteria;c__Betaproteobacteria;o__Burkholderiales;f__Sutterellaceae;g__Parasutterella;s__Parasutterella_excrementihominis	k__Bacteria;p__Actinobacteria;c__Actinobacteria;o__Bifidobacteriales;f__Bifidobacteriaceae;g__Bifidobacterium;s__Bifidobacterium_adolescentis	k__Bacteria;p__Firmicutes;c__Clostridia;o__Clostridiales;f__Oscillospiraceae;g__Oscillibacter;s__Oscillibacter_sp._KLE_1745	k__Bacteria;p__Bacteroidetes;c__Bacteroidia;o__Bacteroidales;f__Bacteroidaceae;g__Bacteroides;s__Bacteroides_coprophilus	k__Bacteria;p__Firmicutes;c__Clostridia;o__Clostridiales;f__Lachnospiraceae;g__Roseburia;s__Roseburia_intestinalis	k__Bacteria;p__Firmicutes;c__Clostridia;o__Clostridiales;f__Lachnospiraceae;g__Roseburia;s__Roseburia_hominis	k__Bacteria;p__Bacteroidetes;c__Bacteroidia;o__Bacteroidales;f__Porphyromonadaceae;g__Parabacteroides;s__Parabacteroides_johnsonii	k__Bacteria;p__Actinobacteria;c__Actinobacteria;o__Bifidobacteriales;f__Bifidobacteriaceae;g__Bifidobacterium;s__Bifidobacterium_longum	k__Bacteria;p__Firmicutes;c__Clostridia;o__Clostridiales;f__;g__Flavonifractor;s__Flavonifractor_plautii	k__Bacteria;p__Firmicutes;c__Clostridia;o__Clostridiales;f__Clostridiaceae;g__Clostridium;s__Clostridium_phoceensis	k__Bacteria;p__Verrucomicrobia;c__Verrucomicrobiae;o__Verrucomicrobiales;f__Akkermansiaceae;g__Akkermansia;s__Akkermansia_muciniphila	k__Bacteria;p__Bacteroidetes;c__Bacteroidia;o__Bacteroidales;f__Prevotellaceae;g__Paraprevotella;s__Paraprevotella_xylaniphila	k__Bacteria;p__Firmicutes;c__Clostridia;o__Clostridiales;f__Ruminococcaceae;g__Ruminococcus;s__Ruminococcus_callidus	k__Bacteria;p__Bacteroidetes;c__Bacteroidia;o__Bacteroidales;f__Rikenellaceae;g__Alistipes;s__Alistipes_senegalensis	k__Bacteria;p__Firmicutes;c__Clostridia;o__Clostridiales;f__Lachnospiraceae;g__Blautia;s__Blautia_sp._KLE_1732	k__Bacteria;p__Bacteroidetes;c__Bacteroidia;o__Bacteroidales;f__Bacteroidaceae;g__Bacteroides;s__Bacteroides_oleiciplenus	k__Bacteria;p__Firmicutes;c__Clostridia;o__Clostridiales;f__Ruminococcaceae;g__Ruminococcus;s__Ruminococcus_bicirculans	k__Bacteria;p__Bacteroidetes;c__Bacteroidia;o__Bacteroidales;f__Bacteroidaceae;g__Bacteroides;s__Bacteroides_fluxus	k__Bacteria;p__Bacteroidetes;c__Bacteroidia;o__Bacteroidales;f__Prevotellaceae;g__Prevotella;s__Prevotella_stercorea	k__Bacteria;p__Firmicutes;c__Clostridia;o__Clostridiales;f__Lachnospiraceae;g__Dorea;s__Dorea_longicatena	k__Bacteria;p__Firmicutes;c__Clostridia;o__Clostridiales;f__Eubacteriaceae;g__Eubacterium;s__[Eubacterium]_eligens	k__Bacteria;p__Firmicutes;c__Clostridia;o__Clostridiales;f__Ruminococcaceae;g__;s__Ruminococcaceae_bacterium_D16	k__Bacteria;p__Firmicutes;c__Clostridia;o__Clostridiales;f__Lachnospiraceae;g__Coprococcus;s__Coprococcus_comes	k__Bacteria;p__Proteobacteria;c__Gammaproteobacteria;o__Enterobacterales;f__Enterobacteriaceae;g__Escherichia;s__Escherichia_coli	k__Bacteria;p__Firmicutes;c__Clostridia;o__Clostridiales;f__Ruminococcaceae;g__Anaerotruncus;s__Anaerotruncus_colihominis	k__Bacteria;p__Firmicutes;c__Clostridia;o__Clostridiales;f__Lachnospiraceae;g__Blautia;s__Blautia_obeum	k__Bacteria;p__Bacteroidetes;c__Bacteroidia;o__Bacteroidales;f__Odoribacteraceae;g__Odoribacter;s__Odoribacter_laneus	k__Bacteria;p__Firmicutes;c__Clostridia;o__Clostridiales;f__Ruminococcaceae;g__Ruminiclostridium;s__[Clostridium]_leptum	k__Bacteria;p__Bacteroidetes;c__Bacteroidia;o__Bacteroidales;f__Porphyromonadaceae;g__Parabacteroides;s__Parabacteroides_goldsteinii	k__Bacteria;p__Firmicutes;c__Clostridia;o__Clostridiales;f__Lachnospiraceae;g__Anaerostipes;s__Anaerostipes_hadrus	k__Bacteria;p__Firmicutes;c__Clostridia;o__Clostridiales;f__Ruminococcaceae;g__Ruminococcus;s__Ruminococcus_lactaris	k__Bacteria;p__Firmicutes;c__Clostridia;o__Clostridiales;f__Clostridiaceae;g__Clostridium;s__Clostridium_sp._L2-50	k__Bacteria;p__Firmicutes;c__Clostridia;o__Clostridiales;f__Clostridiaceae;g__Clostridium;s__Clostridium_sp._M62/1	k__Bacteria;p__Firmicutes;c__Clostridia;o__Clostridiales;f__;g__Intestinimonas;s__Intestinimonas_butyriciproducens	k__Bacteria;p__Actinobacteria;c__Actinobacteria;o__Bifidobacteriales;f__Bifidobacteriaceae;g__Bifidobacterium;s__Bifidobacterium_bifidum	k__Bacteria;p__Firmicutes;c__Negativicutes;o__Veillonellales;f__Veillonellaceae;g__Dialister;s__Dialister_invisus	k__Bacteria;p__Bacteroidetes;c__Bacteroidia;o__Bacteroidales;f__Bacteroidaceae;g__Bacteroides;s__Bacteroides_salanitronis
k__Bacteria;p__Bacteroidetes;c__Bacteroidia;o__Bacteroidales;f__Bacteroidaceae;g__Bacteroides;s__Bacteroides_vulgatus	1.0	0.00289349976741	-0.00329297999819	-0.00787429452465	-0.00795864327308	-0.0141648312535	0.00882487037258	-0.00729269145812	0.0677096833353	0.0198024319493	-0.0242651815403	-0.0175759755206	-0.0631532496309	0.0391838719993	0.0425493201276	-0.0247028476085	0.0150733463028	0.0205537359452	-0.0389905830071	-0.0551329342965	-0.0379477028631	-0.0348804240104	-0.000455146763712	0.058241896826	-0.0284612264341	-0.0313873535751	-0.0202193493387	-0.0130977708778	-0.0154485367369	0.0149357331837	-0.0132751752899	-0.0112504453241	-0.0592864099625	0.0300208649212	0.0306634532751	0.0510312121114	-0.0550315105865	0.0195978412041	0.00695088459132	0.0030657562728	0.0121265734407	-0.0119769137017	-0.00240349623108	0.0284700478701	-0.103929702492	0.0476725392874	-0.00475955475322	-0.0116994274594	-0.0219637284901	-0.0219810848381	-0.0426035338773	-0.0484189508753	0.0414558667373	0.0503222867606	-0.0339766287256	0.00819091856337	-0.00527987916189	-0.0538502565003	0.0167186435176
k__Bacteria;p__Bacteroidetes;c__Bacteroidia;o__Bacteroidales;f__Bacteroidaceae;g__Bacteroides;s__Bacteroides_uniformis	0.00289349976741	1.0	-0.00890951564772	0.00982457749544	0.050830614577	-0.0609690952986	-0.0234799119248	-0.000288258042924	-0.0709982665684	-0.0235582581503	0.00480586571455	-0.019285372079	0.0194817579834	0.0146995381008	-0.0297080695193	-0.0665471537129	-0.0600713823847	0.00661589805201	-0.033570758385	-0.041506613711	-0.0215504415771	-0.0259782963108	0.0108242374407	0.0112108693875	-0.00823282515932	0.0171716442579	-0.018785211347	-0.0151154982499	0.0808059921353	0.00992192032903	-0.0350905534515	0.00677635055251	0.0509661399416	0.000846519326062	-0.00273580340878	-0.000885342357697	0.0300445373137	0.00623941267931	0.0327656884321	-0.00147452792454	-0.0380855498011	0.00270287607423	-0.0327993301034	-0.0411907669308	0.0162638856307	0.00517663067703	-0.0263008810113	-0.0240464315078	0.00529990070122	0.00681078931019	-0.031522554672	-0.0414487358233	0.0276043068548	0.0563136313364	-0.0591747333956	-0.0174582721626	-0.0116545454295	-0.00710886367419	0.0208876314473
k__Bacteria;p__Bacteroidetes;c__Bacteroidia;o__Bacteroidales;f__Rikenellaceae;g__Alistipes;s__Alistipes_putredinis	-0.00329297999819	-0.00890951564772	1.0	0.00919673921992	-0.023237703075	0.0200339699194	-0.0314499407859	0.0367558205214	-0.0453428861499	-0.0131375909228	0.037739259315	-0.0295170453077	-0.0163121956278	-0.0321786232108	-0.0339519790482	-0.0100690607735	0.00186978253631	0.0137134117251	0.0209312000785	0.0100390069509	0.0255032892788	0.0372343157512	-0.060743698087	-0.00925655710976	-0.00376935495669	0.0483936701713	0.0539463866228	0.0633901554112	0.0269229707004	-0.0288041906476	-0.0265090469333	0.0457771925917	0.00804371396651	-0.0158458704553	-0.0114504534926	-0.0234949201797	-0.0196365643552	-0.0376149745359	-0.0291117423704	0.0148195450667	-0.00707841784592	0.0622775232393	-0.0124187252415	-0.0548816961032	-0.0229272706417	0.0381645116321	0.0278194528609	-0.0573916919699	-0.0630840113198	-0.0224859099476	-0.0124543060168	0.00509051025171	-0.0411501384784	-0.00949734066033	-0.0327685200014	-0.00631129012186	-0.054393402679	0.00650660552052	-0.00414110932218
k__Bacteria;p__Bacteroidetes;c__Bacteroidia;o__Bacteroidales;f__Prevotellaceae;g__Prevotella;s__Prevotella_copri	-0.00787429452465	0.00982457749544	0.00919673921992	1.0	-0.0301633544378	-0.0636316218807	0.0603526891425	-0.00432757911537	-0.0573633286748	0.0234819772108	0.0280626493195	0.050070434723	-0.00823627218236	-0.0319604775952	0.0215941450913	0.00730615609313	-0.0427150067799	0.0102774823811	0.0204043240473	-0.0521429411239	-0.0354594063939	-0.0503471491365	-0.0302622463413	0.00770176157865	-0.00473252963732	-0.0213418088195	-0.00291753490425	-0.0171424338284	0.0121730347709	-0.0134998266624	-0.00830466128567	0.0268993418171	0.0359498871276	-0.00740557843098	0.0161245364572	0.0309032302464	0.0648484091401	0.034493493916	-0.0249969666475	-0.0313135177951	0.00253174322303	-0.00444360920909	-0.0207859305247	-0.0632352521287	-0.086653611131	0.0124616047001	0.00395985658772	0.0426561789924	0.00579095904782	-0.0415256824785	0.0312822977653	-0.0651905296969	0.0411433725887	-0.0279409988538	-0.0120910646882	0.000254187922178	0.00451529166238	-0.0343192389786	0.038271018557
k__Bacteria;p__Bacteroidetes;c__Bacteroidia;o__Bacteroidales;f__Bacteroidaceae;g__Bacteroides;s__Bacteroides_stercoris	-0.00795864327308	0.050830614577	-0.023237703075	-0.0301633544378	1.0	0.0497449537487	-0.0206412908757	0.0107287746995	-0.0171064102974	0.0266622918403	0.0385986903111	-0.00805118570703	0.00314214294366	0.00298805654634	0.0254329815963	-0.0227820249521	-0.0252334185746	-0.0156452817494	0.0161056240154	0.00604241453359	-0.000705236937972	-0.0921234685176	0.0148851124486	-0.00590982868052	0.0153877018271	-0.0225313474873	-0.0153429391135	-0.0100696428791	-0.0364426875369	-0.0175583912676	0.0300023226718	-0.0311574100469	-0.0303792360452	-0.0189166008498	0.0635798578574	-0.063659776159	-0.0339738649629	-0.0168175246972	-0.00366873132936	0.0310675562996	0.0219225899984	-0.0178994217368	-0.0443723943672	0.0256637750796	0.0263843667027	-0.0198797162688	-0.0316850954785	-0.0291958608166	0.00842954331692	-0.0133706952511	0.0231507358636	-0.0382467570888	-0.0152014947068	0.0360963690403	0.0314412106167	-0.00836720857881	0.0329807751392	-0.0139308331004	-0.0970956280424
k__Bacteria;p__Bacteroidetes;c__Bacteroidia;o__Bacteroidales;f__Bacteroidaceae;g__Bacteroides;s__Bacteroides_ovatus	-0.0141648312535	-0.0609690952986	0.0200339699194	-0.0636316218807	0.0497449537487	1.0	0.000509227283041	0.0467011545529	0.000437046617549	-0.0139276936126	-0.045753643915	-0.0190145542941	0.00692818295937	-0.00953959823808	0.0446653249912	-0.0532045867845	-0.0367909744075	-0.0233336108382	-0.0669266502151	-0.00166382637386	-0.00640950642635	-0.00981199798522	-0.0109382024027	0.023978079763	0.050171423862	0.0491175235535	-0.030931708544	0.0151156596987	-0.0262086584053	-0.0643569263777	-0.027530595112	-0.00771465596181	0.0178150862461	0.0120784788968	0.00719364402163	-0.0183183575195	-0.00276234742036	-0.0404268688275	0.0109485976981	0.0276862490621	-0.0189760801644	-0.00390298105569	-0.0275985633471	-0.000652524887072	0.0399051192421	0.0064675526154	-0.0186832204651	-0.0470331456112	-0.0906112288585	0.0241175123479	0.00916454444613	0.00769643018729	0.019045036687	-0.0209129945499	-0.0405631392038	0.0507730800993	0.0125757254097	0.033926266883	-0.0375515749164
k__Bacteria;p__Bacteroidetes;c__Bacteroidia;o__Bacteroidales;f__Rikenellaceae;g__Alistipes;s__Alistipes_shahii	0.00882487037258	-0.0234799119248	-0.0314499407859	0.0603526891425	-0.0206412908757	0.000509227283041	1.0	-0.0296382747311	-0.08234849692	-0.0334438584492	-0.0289965530016	-0.0318636658542	0.0205851838302	0.0277367150557	-0.0168458895015	-0.025266383925	0.0136128209611	0.0816800295234	-0.0249505080789	0.0115044335353	-0.0141766162299	-0.00172376459394	-0.0542446056825	-0.022639873858	-0.0768030483386	-0.0581422682274	-0.0509476422977	-0.0191842870423	-0.0410636060443	-0.0359811483909	-0.0216071741939	0.0146319243959	0.0214338127912	-0.00733353826222	0.00894831641488	-0.0355466200627	-0.0197633083416	-0.0377282806181	0.0263150945675	0.0442574484851	0.0281650292017	-0.0701869966583	-0.0553110120061	-0.0167116498937	0.011849185264	-0.0452849803506	-0.0226920777712	-0.0345572773749	0.00253897314015	-0.0487469455872	-0.00199796855958	0.0169982840863	0.00857967155076	0.032416460858	0.00647524079039	-0.0382228915219	0.0286557035742	-0.0345075009548	-0.020667523351
k__Bacteria;p__Firmicutes;c__Clostridia;o__Clostridiales;f__Ruminococcaceae;g__Faecalibacterium;s__Faecalibacterium_prausnitzii	-0.00729269145812	-0.000288258042924	0.0367558205214	-0.00432757911537	0.0107287746995	0.0467011545529	-0.0296382747311	1.0	-0.0133651064983	-0.043221105142	-0.0273200081702	0.0333563147786	0.051295457085	-0.0341133606966	-0.0833122420964	0.0804605189397	0.00453908225421	0.00347541977457	0.00139173865511	-0.0315697048139	-0.0184959372085	-0.0340129143065	0.0887293165546	-0.0155141980073	0.0418966549123	0.025696440554	0.0121284651325	-0.0342174996476	-0.0111517861705	-0.0188105793158	-0.0600943508573	-0.00839829388852	0.0376972592829	0.0153117013077	-0.00217935000061	-0.00022066774554	0.0142143760933	-0.034771754642	-0.00178301120255	-0.0623120742553	-0.00162210278978	-0.00480393162499	-0.00256294625518	-0.0274741448009	0.0129576798116	-0.0128112058615	-0.00595263757772	0.00309077044423	-0.00667155908308	-0.0374260007348	0.0270866715844	-0.0972174096291	-0.0250186608656	0.000136987571969	0.0296805879175	-0.00714044647674	0.00661505252429	-0.0342094344374	-0.0104321254345
k__Bacteria;p__Bacteroidetes;c__Bacteroidia;o__Bacteroidales;f__Rikenellaceae;g__Alistipes;s__Alistipes_finegoldii	0.0677096833353	-0.0709982665684	-0.0453428861499	-0.0573633286748	-0.0171064102974	0.000437046617549	-0.08234849692	-0.0133651064983	1.0	0.0160270447501	0.0108967642854	0.0138085853727	-0.0504815698578	-0.0532586843846	0.0226217261378	0.0186789266362	0.0180402311499	-0.0364551579741	-0.0284742966528	0.0470394620245	-0.0308306410183	0.0424696045441	0.0332087043533	0.00526416199799	-0.0311975524289	-0.0740006997565	0.0479751181362	-0.00273528187095	-0.0392366615789	-0.0198898442719	-0.0252706868844	-0.0621816045406	-0.0299270862637	-0.0184840671695	0.000958642098111	-0.0316108654792	-0.0162462580527	0.0305588242381	-0.0610397668307	-0.0231921631511	-0.0528435800087	-0.0442803123486	0.0051181765501	-0.0490388838815	0.0362480513845	-0.0405650592798	0.0699866458103	-0.0299579649888	0.0238237083209	0.0504501471245	0.0388120768011	-0.034750737243	-0.0184650679805	0.0162915344443	-0.0504915016809	-0.0720210200196	0.0231074677391	0.010234255686	-0.0638223352057
k__Bacteria;p__Bacteroidetes;c__Bacteroidia;o__Bacteroidales;f__Porphyromonadaceae;g__Parabacteroides;s__Parabacteroides_distasonis	0.0198024319493	-0.0235582581503	-0.0131375909228	0.0234819772108	0.0266622918403	-0.0139276936126	-0.0334438584492	-0.043221105142	0.0160270447501	1.0	-0.00682414911158	0.00524023715436	0.0183272383422	0.0303811935498	-0.00129790036638	-0.00564015574908	-0.0225878809998	-0.0554748645106	-0.027039817785	-0.0240212278307	0.0356900747075	-0.000918198327921	0.0174858470507	-0.0446860883798	-0.00834954810232	-0.00365135129464	-0.0784426468691	-0.0289748313483	0.00644214494828	0.0306940578833	-0.060965080031	-0.066167328833	-0.00710407511906	-0.0074439254367	-0.00207223643855	0.0274568547962	-0.0241525268588	0.0290439985336	-0.0284135249264	-0.091657653017	0.0114610848054	0.0146874246988	-0.0151949673239	-0.0537696757075	0.0161355636031	0.0142988956874	-0.0695650583782	0.0423053951223	0.0115904839337	-0.0526223066876	0.00193295849613	0.0443425196767	-0.0184837851276	-0.0288229665732	-0.0121455999017	-0.00269499584668	0.0261961676261	-0.0069421756228	-0.0147322090299
k__Bacteria;p__Bacteroidetes;c__Bacteroidia;o__Bacteroidales;f__Bacteroidaceae;g__Bacteroides;s__Bacteroides_thetaiotaomicron	-0.0242651815403	0.00480586571455	0.037739259315	0.0280626493195	0.0385986903111	-0.045753643915	-0.0289965530016	-0.0273200081702	0.0108967642854	-0.00682414911158	1.0	0.0231686611672	-0.0155473764416	-0.0292231480077	-0.0119092141844	-0.0117241821631	-0.0058348953645	-0.0151113077932	-0.0380488083396	0.0131790310126	-0.0299580746299	0.00792093682632	-0.0487274273847	-0.0169246234304	-0.0257131075003	-0.00121981048763	-0.0881345680965	0.0118668893931	0.0142185248565	0.0213628733514	-0.0807234490028	0.0137909058907	-0.00939408292765	-0.0166093475848	-0.0349340178468	-0.0208390122543	-0.00813897884871	-0.0534827292664	-0.0391316569269	-0.0331761686033	-0.00622538249457	0.0419852305246	-0.0217692820995	-0.0282670929926	-0.0278184601978	0.0237256025595	-0.0395189850821	0.0153488926509	-0.00470956359954	-0.0333737475935	-0.0439652516609	-0.0392471957688	-0.0170169512193	0.0145433965102	-0.0792639476432	0.00258244559866	0.00379916253057	0.0318719218526	-0.0220843358451
k__Bacteria;p__Bacteroidetes;c__Bacteroidia;o__Bacteroidales;f__Bacteroidaceae;g__Bacteroides;s__Bacteroides_coprocola	-0.0175759755206	-0.019285372079	-0.0295170453077	0.050070434723	-0.00805118570703	-0.0190145542941	-0.0318636658542	0.0333563147786	0.0138085853727	0.00524023715436	0.0231686611672	1.0	-0.0477750064522	-0.00484922489921	0.00319378772804	-0.0229320618672	0.00761996707426	0.0283776255252	-0.0382388234722	0.0132956565456	0.04849764362	0.0301461191374	-0.0460280046317	0.0101362235781	-0.0763209446206	-0.0952234979061	-0.0496781393574	0.0133943509977	-0.0596046223517	-0.0318490488779	-0.0685944506976	0.0239119394301	0.00882365800692	-0.0169327793691	0.0177340954929	0.0381642074254	0.00386324141067	-0.0598749093033	0.0232710416946	0.0181221163624	-0.00627046000451	0.0161759139797	-0.0246048348386	0.0180173564462	0.0311962460177	-0.0483203276112	-0.0115785248497	0.0151912067632	-0.026938478241	0.0452664676754	-0.0108017109232	-0.0163966714186	0.00930017583886	-0.00992605874936	-0.00133235947698	0.0499262027642	0.0639758180906	-0.0578765241151	-0.0396763297663
k__Bacteria;p__Bacteroidetes;c__Bacteroidia;o__Bacteroidales;f__Bacteroidaceae;g__Bacteroides;s__Bacteroides_cellulosilyticus	-0.0631532496309	0.0194817579834	-0.0163121956278	-0.00823627218236	0.00314214294366	0.00692818295937	0.0205851838302	0.051295457085	-0.0504815698578	0.0183272383422	-0.0155473764416	-0.0477750064522	1.0	-0.0347943491314	-0.0276938320952	-0.0351003389566	-0.0402580559494	0.0153556978265	-0.0237914360881	0.0286315185066	0.00240724883986	0.0223121937982	-0.00173944885198	0.0286091949995	0.0306581076339	-0.0251144666234	-0.0253643951214	-0.0335254758246	0.025363552667	-0.0240642201561	0.0274091332239	-0.0537223866091	0.0305612460931	0.0556345693672	-0.0213609089028	-0.081189346336	0.0166681817829	0.0289532768171	-0.0225132228712	-0.00879443800644	-0.0360963799409	0.0362123854338	-0.0259143009266	0.00387971639579	-0.046523972534	-0.00751212185371	0.0482367468311	-0.0066713341381	-0.0237082328484	0.0540437219675	-0.0379522206234	-0.0164914061767	-0.00707089847308	-0.0882360796124	0.0012683938241	-0.0792536382959	0.0127894827852	-0.0261617613426	0.0151345553575
k__Bacteria;p__Bacteroidetes;c__Bacteroidia;o__Bacteroidales;f__Rikenellaceae;g__Alistipes;s__Alistipes_obesi	0.0391838719993	0.0146995381008	-0.0321786232108	-0.0319604775952	0.00298805654634	-0.00953959823808	0.0277367150557	-0.0341133606966	-0.0532586843846	0.0303811935498	-0.0292231480077	-0.00484922489921	-0.0347943491314	1.0	-0.0280026834177	-0.0063343495814	-0.00409501027145	-0.0361833005975	-0.00394328212828	-0.000409757225928	-0.0238570847513	-0.0263278388407	0.00669764112124	-0.0051006645486	-0.0640992294458	0.00205498634965	0.0333895387901	-0.000364666500633	-0.0412610471381	0.0521312079118	0.00272805649616	-0.0244274379573	-0.0379467181723	-0.026810651109	0.0198658392392	0.00310993579246	0.0395174731283	0.0368924983693	0.0230030860247	0.0276877718184	-0.0597182004778	-0.0336274801502	-0.00991917843678	-0.0230617779683	-0.0586236750727	0.0272176866975	0.0214401480502	0.00401126469656	0.0262195667374	-0.00779705914446	0.00190436063136	-0.0113735416657	-0.0440602341168	-0.0572564839988	0.0492998190399	-0.0047679397513	-0.053356299133	-0.0254937326613	-0.00779553878338
k__Bacteria;p__Firmicutes;c__Clostridia;o__Clostridiales;f__Lachnospiraceae;g__;s__[Eubacterium]_rectale	0.0425493201276	-0.0297080695193	-0.0339519790482	0.0215941450913	0.0254329815963	0.0446653249912	-0.0168458895015	-0.0833122420964	0.0226217261378	-0.00129790036638	-0.0119092141844	0.00319378772803	-0.0276938320952	-0.0280026834177	1.0	-0.0328015205953	-0.0441435226883	-0.00341352238957	0.0261919449333	0.002155772353	-0.0550771792163	0.00351307225558	0.00449233395491	-0.041179373356	0.0240235309012	-0.0166798706289	0.00480521388844	-0.0117576583237	-0.00723210802229	-0.023475182121	-0.0848236334548	-0.0319253552928	-0.0407409702819	-0.0143018537851	0.0535832490547	-0.0612089037215	-0.00965725138661	0.0496866894874	-0.0314761962194	0.0199168807647	-0.00387011101342	-0.0290791154701	0.05593593735	-0.00450263118402	-0.0173410820042	0.000407834780213	0.0447298316881	-2.57151225684e-05	-0.0194722765685	-0.0367542473267	-0.0267503754267	-0.0365313284257	-0.0129018808274	-0.0335596675138	-0.0135091796233	-0.0139437736267	-0.0205886883162	-0.0400292765428	0.0122433892212
k__Bacteria;p__Bacteroidetes;c__Bacteroidia;o__Bacteroidales;f__Bacteroidaceae;g__Bacteroides;s__Bacteroides_plebeius	-0.0247028476085	-0.0665471537129	-0.0100690607735	0.00730615609313	-0.0227820249521	-0.0532045867845	-0.025266383925	0.0804605189397	0.0186789266362	-0.00564015574908	-0.0117241821631	-0.0229320618672	-0.0351003389566	-0.0063343495814	-0.0328015205953	1.0	0.0112272678164	0.0266678826766	0.0944441578127	-0.00431567273767	-0.0153984682072	-0.00825700573853	-0.0517389736101	0.00554781926804	0.00877219077761	0.0180383728834	0.0164630839744	-0.0387071526332	0.02425846304	0.00116435117994	0.0305834721597	-0.018973060293	0.00568241032653	0.00105025314337	0.0416695697301	-0.0302906933107	-0.0224652009986	-0.0540835457786	-0.00632791520248	-0.056795762789	-0.0198903785978	0.0163236287683	-0.00952442875189	-0.0239557361845	0.00920981055444	-0.0449308271269	-0.0272494181877	-0.0163545637686	-0.0610391337075	-0.0109199950982	-0.0119677053214	-0.00530874324033	0.0160421560065	-0.00619843192818	-0.0282692312209	-0.00872004755985	0.0147911127721	-0.0324439742236	-0.00807613875402
k__Bacteria;p__Bacteroidetes;c__Bacteroidia;o__Bacteroidales;f__Bacteroidaceae;g__Bacteroides;s__Bacteroides_fragilis	0.0150733463028	-0.0600713823847	0.00186978253631	-0.0427150067799	-0.0252334185746	-0.0367909744075	0.0136128209611	0.00453908225421	0.0180402311499	-0.0225878809998	-0.0058348953645	0.00761996707426	-0.0402580559494	-0.00409501027145	-0.0441435226883	0.0112272678164	1.0	-0.0263462733305	-0.062618236082	-0.0299402878129	-0.0468845368113	0.0306868538987	0.00898693279312	0.000951425483734	0.0209729983669	0.0438421051411	0.000500968349827	-0.0286752159434	0.0327893564779	0.00760050065877	0.022004396514	0.0143884994879	0.00466592071648	0.00673949553748	-0.0245367504872	0.0582154419033	0.0360401953958	-0.0195541851772	0.00216520667195	-0.0146216021945	-0.0269536379008	-0.0773255682957	0.0279400116538	-0.022871126305	-0.00353008577236	0.00285389514424	-0.00401130610592	-0.0334038800973	-0.0327860742885	-0.00498024188829	-0.0435965710213	-0.0198552488431	-0.0384095375951	-0.00199368104848	-0.0116885696152	0.0450950429118	0.0448204622906	0.0373814940997	-0.0542931385287
k__Bacteria;p__Proteobacteria;c__Betaproteobacteria;o__Burkholderiales;f__Sutterellaceae;g__Sutterella;s__Sutterella_wadsworthensis	0.0205537359452	0.00661589805201	0.0137134117251	0.0102774823811	-0.0156452817494	-0.0233336108382	0.0816800295234	0.00347541977457	-0.0364551579741	-0.0554748645106	-0.0151113077932	0.0283776255252	0.0153556978265	-0.0361833005975	-0.00341352238957	0.0266678826766	-0.0263462733305	1.0	-0.0312261952935	0.0244702648952	-0.0429673818183	-0.030864236809	-0.0260090598692	0.0183035282389	-0.0326662214272	-0.082575780998	-0.0150556444014	-0.017323290657	-0.0223922226321	-0.0146317391162	-0.00213289406771	0.022826340403	0.011719881529	-0.0358497499093	0.0422785433737	0.00425248257048	0.0233682133838	-0.0784755603773	0.00702362214933	0.0453887831956	0.00361273864809	-0.00661023055386	-0.016378993956	0.0528077979191	0.0109562014484	0.0197847162055	-0.0387519034096	-0.0209508712278	0.0230943031783	-0.0627208221535	-0.0613061394158	-0.0291138859847	0.00957445670444	-0.00543166274732	-0.040542394133	0.0362539211708	-0.0109315684686	-0.0202741578651	-0.0234780014261
k__Bacteria;p__Bacteroidetes;c__Bacteroidia;o__Bacteroidales;f__Porphyromonadaceae;g__Barnesiella;s__Barnesiella_intestinihominis	-0.0389905830071	-0.033570758385	0.0209312000785	0.0204043240473	0.0161056240154	-0.0669266502151	-0.0249505080789	0.00139173865511	-0.0284742966528	-0.027039817785	-0.0380488083396	-0.0382388234722	-0.0237914360881	-0.00394328212828	0.0261919449333	0.0944441578127	-0.062618236082	-0.0312261952935	1.0	0.0453698371615	-0.0315192951465	0.0053176449797	-0.0156180437368	-0.0577534071199	0.0293103570017	0.0245587145618	0.00900367097302	-0.0165298664267	0.0162483656453	0.0220045148678	-0.0601084673861	-0.00717302729396	-0.0571474884346	-0.00514194506678	0.0737023929132	-0.0253582521389	0.0298853577589	0.0453136188901	-0.0194985681603	0.00934334464454	-0.0165181969729	0.00355843958263	-0.0733789678651	0.0534567567831	0.024011926648	-0.0666925804727	-0.0473161419046	0.0369019759124	-0.0450323194052	-0.017793227623	0.0195005118399	-0.0334705309691	-0.0223915320704	-0.0154142579523	0.00592978280422	-0.00620513119983	-0.0124671606328	-0.0150493469721	-0.00430725332709
k__Bacteria;p__Bacteroidetes;c__Bacteroidia;o__Bacteroidales;f__Odoribacteraceae;g__Odoribacter;s__Odoribacter_splanchnicus	-0.0551329342965	-0.041506613711	0.0100390069509	-0.0521429411239	0.00604241453359	-0.00166382637386	0.0115044335353	-0.0315697048139	0.0470394620245	-0.0240212278307	0.0131790310126	0.0132956565456	0.0286315185066	-0.000409757225928	0.002155772353	-0.00431567273767	-0.0299402878129	0.0244702648952	0.0453698371615	1.0	0.000644344978903	0.0079519941967	0.055234894988	-0.0336649910635	-0.0016079324931	-0.0384297709766	-0.0281582865718	-0.0279796417354	-0.014129859545	0.039637859831	0.0207535429867	-0.0604085886406	0.0300407045197	-0.0309843940203	-0.0265620777413	-0.0312564723491	0.0338093192089	0.000411398265563	-0.0589421901142	0.0124065763688	-0.0127232272031	-0.0222605258459	0.0555429418208	-0.00880685742824	0.0425631358512	-0.0324787927141	-0.0262126756407	0.0184140268647	-0.00192391437533	0.0268133283646	-0.0463143473179	-0.0326743355016	-0.0611816646807	-0.0024112567177	0.0280040075326	-0.0330915839918	0.00267407967919	-0.0285479849043	-0.00538268131919
k__Bacteria;p__Bacteroidetes;c__Bacteroidia;o__Bacteroidales;f__Bacteroidaceae;g__Bacteroides;s__Bacteroides_salyersiae	-0.0379477028631	-0.0215504415771	0.0255032892788	-0.0354594063939	-0.000705236937972	-0.00640950642635	-0.0141766162299	-0.0184959372085	-0.0308306410183	0.0356900747075	-0.0299580746299	0.04849764362	0.00240724883986	-0.0238570847513	-0.0550771792163	-0.0153984682072	-0.0468845368113	-0.0429673818183	-0.0315192951465	0.000644344978903	1.0	0.0104507189241	0.00264758330273	0.00105465040894	-0.0322590584867	-0.0649645833867	-0.0229196197489	0.0148960067177	-0.000953085756384	-0.0445202001153	-0.0163757980053	0.00507991844334	-0.00279376560231	0.0223085191753	-0.0510578602303	-0.0246400257749	-0.0464159257574	-0.0198378164383	-0.00752932692333	-0.0352387813998	0.0438289141486	0.0363094129663	0.0657118993628	-0.0109093914541	-0.0269860469187	-0.0143372570322	0.00577593984637	0.00378262029767	0.0195567317734	0.0097403595368	-0.000744038451469	-0.00994522785884	0.00608679125079	0.00903329418488	0.0017445282856	-0.0167590574398	0.0418453952613	0.010924129644	-0.0252219762105
k__Bacteria;p__Firmicutes;c__Clostridia;o__Clostridiales;f__Ruminococcaceae;g__Ruminiclostridium;s__[Eubacterium]_siraeum	-0.0348804240104	-0.0259782963108	0.0372343157512	-0.0503471491365	-0.0921234685176	-0.00981199798522	-0.00172376459394	-0.0340129143065	0.0424696045441	-0.000918198327921	0.00792093682632	0.0301461191374	0.0223121937982	-0.0263278388407	0.00351307225558	-0.00825700573853	0.0306868538987	-0.030864236809	0.0053176449797	0.0079519941967	0.0104507189241	1.0	0.040766714644	-0.0261445441524	-0.0377098169468	-0.0147362279535	-0.0230848220784	-0.00347282653479	-0.00305157158382	-0.0171248200587	0.0183774408615	0.013819266617	-0.0468101137883	-0.0303818978961	-0.00816528802033	-0.047671470415	0.0100305007431	0.0332306617185	0.0285359932007	0.0250159490389	0.00559753349502	0.0686156821383	-0.092549916444	0.0439671500314	0.0434408313574	0.00639119833381	-0.0013046953174	-0.0286566284375	-0.0628168039212	-0.0409860484194	0.00164349231909	0.0450656077049	-0.0368023266023	-0.0684729685436	-0.00932386532975	-0.0606744477678	0.00270130700108	-0.00396416910381	-0.0260633848741
k__Bacteria;p__Proteobacteria;c__Betaproteobacteria;o__Burkholderiales;f__Sutterellaceae;g__Parasutterella;s__Parasutterella_excrementihominis	-0.000455146763712	0.0108242374407	-0.060743698087	-0.0302622463413	0.0148851124486	-0.0109382024027	-0.0542446056825	0.0887293165546	0.0332087043533	0.0174858470507	-0.0487274273847	-0.0460280046317	-0.00173944885198	0.00669764112124	0.00449233395491	-0.0517389736101	0.00898693279312	-0.0260090598692	-0.0156180437368	0.055234894988	0.00264758330273	0.040766714644	1.0	-0.0152040468632	0.00363379983233	-0.0319368612837	0.0242409068259	-0.0341457753981	-0.071174979611	-0.00880400110741	0.0102143762029	0.00217173012833	-0.0463385691027	0.0226415298413	0.00421747714371	0.0219902648104	0.00205365757612	-0.0180376687423	0.0651427647549	-0.0127600568315	-0.0359855981642	-0.0095367850822	0.0169310872136	-0.0663170828455	0.0231431432781	0.0188077988607	0.0591874027097	-0.0486065077026	-0.0202824268038	-0.0195942953402	-0.0289704051011	0.00723914308223	0.0152635916356	-0.0218767175789	-0.00353214861932	-0.026436310921	0.0330775734713	0.0591531493601	-0.0325349819978
k__Bacteria;p__Actinobacteria;c__Actinobacteria;o__Bifidobacteriales;f__Bifidobacteriaceae;g__Bifidobacterium;s__Bifidobacterium_adolescentis	0.058241896826	0.0112108693875	-0.00925655710976	0.00770176157865	-0.00590982868052	0.023978079763	-0.022639873858	-0.0155141980073	0.00526416199799	-0.0446860883798	-0.0169246234304	0.0101362235781	0.0286091949995	-0.0051006645486	-0.041179373356	0.00554781926804	0.000951425483735	0.0183035282389	-0.0577534071199	-0.0336649910635	0.00105465040894	-0.0261445441524	-0.0152040468632	1.0	-0.00666022404664	-0.00463308805577	-0.00559853008009	-0.00893735323061	-0.000255215664262	-0.0479767667311	-0.0476301664649	-0.0194616172171	0.0296608322823	-0.0025544607205	-0.0178442316678	0.0158001605483	-0.0337769812663	-0.0276072808375	-0.0371684916727	0.0289907900902	0.0428321471865	-0.0313368800298	0.023363806532	0.0158758776718	0.0168727488511	-0.0746369661084	-0.0086423553006	-0.00277117008167	0.0342895959178	-0.0204608336635	0.0099203141908	-0.0698011139169	0.0730060198228	-0.0377514675326	-0.0157141062757	-0.00187674378618	-0.0691879659121	-0.0193339601572	-0.0262328158493
k__Bacteria;p__Firmicutes;c__Clostridia;o__Clostridiales;f__Oscillospiraceae;g__Oscillibacter;s__Oscillibacter_sp._KLE_1745	-0.0284612264341	-0.00823282515932	-0.00376935495669	-0.00473252963732	0.0153877018271	0.050171423862	-0.0768030483386	0.0418966549123	-0.0311975524289	-0.00834954810232	-0.0257131075003	-0.0763209446206	0.0306581076339	-0.0640992294458	0.0240235309012	0.00877219077761	0.0209729983669	-0.0326662214272	0.0293103570017	-0.0016079324931	-0.0322590584867	-0.0377098169468	0.00363379983233	-0.00666022404664	1.0	-0.0513480694146	0.010546814833	-0.0256186611091	-0.0698832799382	-0.0314213587799	0.0169041040282	-0.0243147929412	0.0512890044011	0.00748886891591	-0.0502564517364	-0.100581726157	-0.00777980337041	-0.0102136223777	-0.0234455122647	0.00636449814573	0.0630352657647	-0.0547029172302	-0.0190532506261	0.0468940912614	-0.015778540555	0.0201978364544	-0.088177075977	-0.0172091578461	0.00902385608698	0.00125629278271	0.0382661324946	-0.0494438184314	-0.0273597354906	0.0630288816044	0.0180062262788	-0.000548742047981	0.0275842651883	-0.0088799450642	0.020294898991
k__Bacteria;p__Bacteroidetes;c__Bacteroidia;o__Bacteroidales;f__Bacteroidaceae;g__Bacteroides;s__Bacteroides_coprophilus	-0.0313873535751	0.0171716442579	0.0483936701713	-0.0213418088195	-0.0225313474873	0.0491175235535	-0.0581422682274	0.025696440554	-0.0740006997565	-0.00365135129464	-0.00121981048763	-0.0952234979061	-0.0251144666234	0.00205498634965	-0.0166798706289	0.0180383728834	0.0438421051411	-0.082575780998	0.0245587145618	-0.0384297709766	-0.0649645833867	-0.0147362279535	-0.0319368612837	-0.00463308805577	-0.0513480694146	1.0	-0.0278007513543	0.0306658814215	0.020121138633	0.0143719510994	0.0364266930245	0.0259176694318	0.0142658237184	-0.0355410532691	-0.00325084642234	-0.0371453200806	0.122115993242	-0.0139270427576	-0.0333376515259	0.0451799730515	0.038246926486	-0.00606809925468	-0.0234877180935	-0.026363191655	0.00475038335766	-0.00338561986656	0.00539109919102	0.000247277793772	-0.0341500067039	-0.0161280914734	-0.0724098925175	0.05184879474	0.000337679737565	-0.011240625223	0.0430410380177	0.0225005254585	-0.0586802543525	-0.0110927945656	0.0102282228663
k__Bacteria;p__Firmicutes;c__Clostridia;o__Clostridiales;f__Lachnospiraceae;g__Roseburia;s__Roseburia_intestinalis	-0.0202193493387	-0.018785211347	0.0539463866228	-0.00291753490425	-0.0153429391135	-0.030931708544	-0.0509476422977	0.0121284651325	0.0479751181362	-0.0784426468691	-0.0881345680965	-0.0496781393574	-0.0253643951214	0.0333895387901	0.00480521388844	0.0164630839744	0.000500968349827	-0.0150556444014	0.00900367097302	-0.0281582865718	-0.0229196197489	-0.0230848220784	0.0242409068259	-0.00559853008009	0.010546814833	-0.0278007513543	1.0	0.0181790252558	-0.0414567974452	-0.011476483222	-0.0136091900469	0.015485254406	-0.00683231337885	0.0156115393169	-0.029008942567	-0.00832925103135	-0.000721864101625	0.00680406842397	0.0063523613596	-0.0168082395054	-0.021082156827	-0.0255997303025	-0.00368537276341	0.0102779563888	-0.0408475931438	-0.0231737351285	-0.00212882855961	-0.0406236521834	0.0122426541078	-0.00847020523284	-0.00672522923369	0.00886287600814	0.00410262159715	0.0391900914272	0.0286447020109	-0.0412978079886	-0.00453483780963	0.0315926448431	0.0289926643202
k__Bacteria;p__Firmicutes;c__Clostridia;o__Clostridiales;f__Lachnospiraceae;g__Roseburia;s__Roseburia_hominis	-0.0130977708778	-0.0151154982499	0.0633901554112	-0.0171424338284	-0.0100696428791	0.0151156596987	-0.0191842870423	-0.0342174996476	-0.00273528187095	-0.0289748313483	0.0118668893931	0.0133943509977	-0.0335254758246	-0.000364666500633	-0.0117576583237	-0.0387071526332	-0.0286752159434	-0.017323290657	-0.0165298664267	-0.0279796417354	0.0148960067177	-0.00347282653479	-0.0341457753981	-0.00893735323061	-0.0256186611091	0.0306658814215	0.0181790252558	1.0	-0.0032380372816	0.0116609239999	-0.0109275877832	-0.0117585051673	-0.0317916676496	0.0403117170997	-0.0052031406767	0.0224710012535	0.0114812342084	0.0708811894726	-0.0129626118303	0.0450852473242	0.00853712724641	-0.0341697555786	-0.0329958314615	0.0277704392604	-0.0123354038953	-0.0480948766318	0.00032196359646	0.0252832697421	0.0303062369982	-0.0576401567692	-0.00910628994525	0.0184822847143	-0.00184974426818	-0.0744421255322	-0.009874138562	-0.000995686932185	-0.0141253693961	-0.00739846311338	0.0119081098196
k__Bacteria;p__Bacteroidetes;c__Bacteroidia;o__Bacteroidales;f__Porphyromonadaceae;g__Parabacteroides;s__Parabacteroides_johnsonii	-0.0154485367369	0.0808059921353	0.0269229707004	0.0121730347709	-0.0364426875369	-0.0262086584053	-0.0410636060443	-0.0111517861705	-0.0392366615789	0.00644214494828	0.0142185248565	-0.0596046223517	0.025363552667	-0.0412610471381	-0.00723210802229	0.02425846304	0.0327893564779	-0.0223922226321	0.0162483656453	-0.014129859545	-0.000953085756384	-0.00305157158382	-0.071174979611	-0.000255215664262	-0.0698832799382	0.020121138633	-0.0414567974452	-0.0032380372816	1.0	0.000129564055045	0.0665660505546	0.0222662040084	0.0259785093583	-0.0250307935377	0.0088517843219	-0.0240336617497	0.00329418818155	0.0521435077223	-0.0325896081484	-0.0214599442058	-0.00417964581611	0.0136589814248	0.00440933450679	0.00603938273468	-0.0491266324215	-0.0675176021474	-0.0254262233758	0.0310525919278	-0.0372929272015	-0.0274646141128	-0.0183228916499	-0.0347284151285	-0.0775685210556	0.0313639332372	0.00860352133816	0.00669058108596	0.0640676734657	-0.0632885357461	-0.0132147156277
