#taxonomy	k__Bacteria;p__Bacteroidetes;c__Bacteroidia;o__Bacteroidales;f__Bacteroidaceae;g__Bacteroides;s__Bacteroides_vulgatus	k__Bacteria;p__Bacteroidetes;c__Bacteroidia;o__Bacteroidales;f__Bacteroidaceae;g__Bacteroides;s__Bacteroides_uniformis	k__Bacteria;p__Bacteroidetes;c__Bacteroidia;o__Bacteroidales;f__Rikenellaceae;g__Alistipes;s__Alistipes_putredinis	k__Bacteria;p__Bacteroidetes;c__Bacteroidia;o__Bacteroidales;f__Prevotellaceae;g__Prevotella;s__Prevotella_copri	k__Bacteria;p__Bacteroidetes;c__Bacteroidia;o__Bacteroidales;f__Bacteroidaceae;g__Bacteroides;s__Bacteroides_stercoris	k__Bacteria;p__Bacteroidetes;c__Bacteroidia;o__Bacteroidales;f__Bacteroidaceae;g__Bacteroides;s__Bacteroides_ovatus	k__Bacteria;p__Bacteroidetes;c__Bacteroidia;o__Bacteroidales;f__Rikenellaceae;g__Alistipes;s__Alistipes_shahii	k__Bacteria;p__Firmicutes;c__Clostridia;o__Clostridiales;f__Ruminococcaceae;g__Faecalibacterium;s__Faecalibacterium_prausnitzii	k__Bacteria;p__Bacteroidetes;c__Bacteroidia;o__Bacteroidales;f__Rikenellaceae;g__Alistipes;s__Alistipes_finegoldii	k__Bacteria;p__Bacteroidetes;c__Bacteroidia;o__Bacteroidales;f__Porphyromonadaceae;g__Parabacteroides;s__Parabacteroides_distasonis	k__Bacteria;p__Bacteroidetes;c__Bacteroidia;o__Bacteroidales;f__Bacteroidaceae;g__Bacteroides;s__Bacteroides_thetaiotaomicron	k__Bacteria;p__Bacteroidetes;c__Bacteroidia;o__Bacteroidales;f__Bacteroidaceae;g__Bacteroides;s__Bacteroides_coprocola	k__Bacteria;p__Bacteroidetes;c__Bacteroidia;o__Bacteroidales;f__Bacteroidaceae;g__Bacteroides;s__Bacteroides_cellulosilyticus	k__Bacteria;p__Bacteroidetes;c__Bacteroidia;o__Bacteroidales;f__Rikenellaceae;g__Alistipes;s__Alistipes_obesi	k__Bacteria;p__Firmicutes;c__Clostridia;o__Clostridiales;f__Lachnospiraceae;g__;s__[Eubacterium]_rectale	k__Bacteria;p__Bacteroidetes;c__Bacteroidia;o__Bacteroidales;f__Bacteroidaceae;g__Bacteroides;s__Bacteroides_plebeius	k__Bacteria;p__Bacteroidetes;c__Bacteroidia;o__Bacteroidales;f__Bacteroidaceae;g__Bacteroides;s__Bacteroides_fragilis	k__Bacteria;p__Proteobacteria;c__Betaproteobacteria;o__Burkholderiales;f__Sutterellaceae;g__Sutterella;s__Sutterella_wadsworthensis	k__Bacteria;p__Bacteroidetes;c__Bacteroidia;o__Bacteroidales;f__Porphyromonadaceae;g__Barnesiella;s__Barnesiella_intestinihominis	k__Bacteria;p__Bacteroidetes;c__Bacteroidia;o__Bacteroidales;f__Odoribacteraceae;g__Odoribacter;s__Odoribacter_splanchnicus	k__Bacteria;p__Bacteroidetes;c__Bacteroidia;o__Bacteroidales;f__Bacteroidaceae;g__Bacteroides;s__Bacteroides_salyersiae	k__Bacteria;p__Firmicutes;c__Clostridia;o__Clostridiales;f__Ruminococcaceae;g__Ruminiclostridium;s__[Eubacterium]_siraeum	k__Bacteria;p__Proteobacteria;c__Betaproteobacteria;o__Burkholderiales;f__Sutterellaceae;g__Parasutterella;s__Parasutterella_excrementihominis	k__Bacteria;p__Actinobacteria;c__Actinobacteria;o__Bifidobacteriales;f__Bifidobacteriaceae;g__Bifidobacterium;s__Bifidobacterium_adolescentis	k__Bacteria;p__Firmicutes;c__Clostridia;o__Clostridiales;f__Oscillospiraceae;g__Oscillibacter;s__Oscillibacter_sp._KLE_1745	k__Bacteria;p__Bacteroidetes;c__Bacteroidia;o__Bacteroidales;f__Bacteroidaceae;g__Bacteroides;s__Bacteroides_coprophilus	k__Bacteria;p__Firmicutes;c__Clostridia;o__Clostridiales;f__Lachnospiraceae;g__Roseburia;s__Roseburia_intestinalis	k__Bacteria;p__Firmicutes;c__Clostridia;o__Clostridiales;f__Lachnospiraceae;g__Roseburia;s__Roseburia_hominis	k__Bacteria;p__Bacteroidetes;c__Bacteroidia;o__Bacteroidales;f__Porphyromonadaceae;g__Parabacteroides;s__Parabacteroides_johnsonii	k__Bacteria;p__Actinobacteria;c__Actinobacteria;o__Bifidobacteriales;f__Bifidobacteriaceae;g__Bifidobacterium;s__Bifidobacterium_longum	k__Bacteria;p__Firmicutes;c__Clostridia;o__Clostridiales;f__;g__Flavonifractor;s__Flavonifractor_plautii	k__Bacteria;p__Firmicutes;c__Clostridia;o__Clostridiales;f__Clostridiaceae;g__Clostridium;s__Clostridium_phoceensis	k__Bacteria;p__Verrucomicrobia;c__Verrucomicrobiae;o__Verrucomicrobiales;f__Akkermansiaceae;g__Akkermansia;s__Akkermansia_muciniphila	k__Bacteria;p__Bacteroidetes;c__Bacteroidia;o__Bacteroidales;f__Prevotellaceae;g__Paraprevotella;s__Paraprevotella_xylaniphila	k__Bacteria;p__Firmicutes;c__Clostridia;o__Clostridiales;f__Ruminococcaceae;g__Ruminococcus;s__Ruminococcus_callidus	k__Bacteria;p__Bacteroidetes;c__Bacteroidia;o__Bacteroidales;f__Rikenellaceae;g__Alistipes;s__Alistipes_senegalensis	k__Bacteria;p__Firmicutes;c__Clostridia;o__Clostridiales;f__Lachnospiraceae;g__Blautia;s__Blautia_sp._KLE_1732	k__Bacteria;p__Bacteroidetes;c__Bacteroidia;o__Bacteroidales;f__Bacteroidaceae;g__Bacteroides;s__Bacteroides_oleiciplenus	k__Bacteria;p__Firmicutes;c__Clostridia;o__Clostridiales;f__Ruminococcaceae;g__Ruminococcus;s__Ruminococcus_bicirculans	k__Bacteria;p__Bacteroidetes;c__Bacteroidia;o__Bacteroidales;f__Bacteroidaceae;g__Bacteroides;s__Bacteroides_fluxus	k__Bacteria;p__Bacteroidetes;c__Bacteroidia;o__Bacteroidales;f__Prevotellaceae;g__Prevotella;s__Prevotella_stercorea	k__Bacteria;p__Firmicutes;c__Clostridia;o__Clostridiales;f__Lachnospiraceae;g__Dorea;s__Dorea_longicatena	k__Bacteria;p__Firmicutes;c__Clostridia;o__Clostridiales;f__Eubacteriaceae;g__Eubacterium;s__[Eubacterium]_eligens	k__Bacteria;p__Firmicutes;c__Clostridia;o__Clostridiales;f__Ruminococcaceae;g__;s__Ruminococcaceae_bacterium_D16	k__Bacteria;p__Firmicutes;c__Clostridia;o__Clostridiales;f__Lachnospiraceae;g__Coprococcus;s__Coprococcus_comes	k__Bacteria;p__Proteobacteria;c__Gammaproteobacteria;o__Enterobacterales;f__Enterobacteriaceae;g__Escherichia;s__Escherichia_coli	k__Bacteria;p__Firmicutes;c__Clostridia;o__Clostridiales;f__Ruminococcaceae;g__Anaerotruncus;s__Anaerotruncus_colihominis	k__Bacteria;p__Firmicutes;c__Clostridia;o__Clostridiales;f__Lachnospiraceae;g__Blautia;s__Blautia_obeum	k__Bacteria;p__Bacteroidetes;c__Bacteroidia;o__Bacteroidales;f__Odoribacteraceae;g__Odoribacter;s__Odoribacter_laneus	k__Bacteria;p__Firmicutes;c__Clostridia;o__Clostridiales;f__Ruminococcaceae;g__Ruminiclostridium;s__[Clostridium]_leptum	k__Bacteria;p__Bacteroidetes;c__Bacteroidia;o__Bacteroidales;f__Porphyromonadaceae;g__Parabacteroides;s__Parabacteroides_goldsteinii	k__Bacteria;p__Firmicutes;c__Clostridia;o__Clostridiales;f__Lachnospiraceae;g__Anaerostipes;s__Anaerostipes_hadrus	k__Bacteria;p__Firmicutes;c__Clostridia;o__Clostridiales;f__Ruminococcaceae;g__Ruminococcus;s__Ruminococcus_lactaris	k__Bacteria;p__Firmicutes;c__Clostridia;o__Clostridiales;f__Clostridiaceae;g__Clostridium;s__Clostridium_sp._L2-50	k__Bacteria;p__Firmicutes;c__Clostridia;o__Clostridiales;f__Clostridiaceae;g__Clostridium;s__Clostridium_sp._M62/1	k__Bacteria;p__Firmicutes;c__Clostridia;o__Clostridiales;f__;g__Intestinimonas;s__Intestinimonas_butyriciproducens	k__Bacteria;p__Actinobacteria;c__Actinobacteria;o__Bifidobacteriales;f__Bifidobacteriaceae;g__Bifidobacterium;s__Bifidobacterium_bifidum	k__Bacteria;p__Firmicutes;c__Negativicutes;o__Veillonellales;f__Veillonellaceae;g__Dialister;s__Dialister_invisus	k__Bacteria;p__Bacteroidetes;c__Bacteroidia;o__Bacteroidales;f__Bacteroidaceae;g__Bacteroides;s__Bacteroides_salanitronis
k__Bacteria;p__Bacteroidetes;c__Bacteroidia;o__Bacteroidales;f__Bacteroidaceae;g__Bacteroides;s__Bacteroides_vulgatus	1.0	-0.0217464701511	0.00363199439838	0.0403581833267	-0.074694682524	0.0312538390069	-0.00227730223893	-0.0309177307568	0.0113331080861	-0.0100886160987	0.0456296260017	-0.0555039122935	-0.0179725210746	-0.0201078762315	-0.00332792163386	0.058205115276	0.00147627544209	-0.00720607782922	-0.0122290003932	0.0383564596936	-0.0218866755518	-0.00299318807032	-0.0105018832827	0.0662387437096	0.00296712245018	-0.0177360301242	0.000407946823794	0.0169304296546	0.020269424359	0.0259059330508	-0.0154455621219	-0.0372443198504	-0.00902609188377	-0.0220673018861	-0.0463929308272	0.0130805870846	-0.018505221288	0.0253693670542	0.00770474141311	0.0187397654717	-0.0503021004094	-0.00821057234781	0.0160562169753	0.0318572478621	0.0169436834624	-0.0712854950932	-0.0345790805821	-0.0303335280653	-0.0133811981493	-0.0108732722352	-0.000222881138869	0.052594165553	-0.081742161441	-0.034387689943	0.0142926772911	-0.0239798025095	-0.097055507354	-0.00877160614857	-0.0673605913677
k__Bacteria;p__Bacteroidetes;c__Bacteroidia;o__Bacteroidales;f__Bacteroidaceae;g__Bacteroides;s__Bacteroides_uniformis	-0.0217464701511	1.0	-0.0116708676281	0.0149543143698	-0.0177212795363	0.00153699955993	-0.00466146915897	-0.0132270437074	0.0216720304567	-0.00347024654804	-0.0416413823987	0.01256376242	0.0620261467203	-0.0254693300725	-0.00165326660885	-0.0172334567742	-0.0482868306246	-0.0182836136697	0.0106631298942	-0.012640991992	-0.0786205950539	-0.0306666484422	-0.00743835484455	-0.0390719886821	-0.0699639185144	0.0105138189192	-0.0166871817929	-0.00285226764094	-0.0208308141869	0.00881620756849	-0.0226818328056	-0.00479209327177	0.00911385186752	0.00839258540562	-0.0207908683427	-0.00402456459729	-0.0107710114258	-0.0501513040847	0.0208361274509	0.0710484035777	-0.0336077806229	0.0767119085107	-0.0502525593414	-0.0402489674481	-0.00967755888191	-0.00611431328321	0.0169494408646	0.0525993584726	-0.0248891157146	-0.052270839945	0.00356789596388	0.000114494035721	-0.0393099288161	0.0703234507697	0.0166864646023	-8.0272352366e-05	-0.0631775214935	-0.0342730730088	0.00754934764883
k__Bacteria;p__Bacteroidetes;c__Bacteroidia;o__Bacteroidales;f__Rikenellaceae;g__Alistipes;s__Alistipes_putredinis	0.00363199439838	-0.0116708676281	1.0	0.0389371068656	0.024451206931	0.0214998363331	0.00583719372442	-0.0822050305601	0.00447447826724	-0.0636239923135	-0.0335023810898	-0.0529332975949	0.00972228872998	-0.00402189885249	-0.0056173798295	0.0134737923282	-0.0362646216898	-0.00117500304533	0.0081420290516	-0.0280036039958	-0.0628633880224	0.000564120333011	-0.0123791160145	0.0368791034235	-0.0497266175808	-0.00775054873077	0.0103575411494	-0.0311761015513	-0.0372555270787	-0.0155019473608	-0.0269145617132	0.0245246392164	0.0310800915767	-0.0413676166271	-0.00862214739001	-0.0193516211582	-0.00194350276572	-0.0513722840915	0.0118861724418	-0.022136406341	-0.0435353695928	-0.0189975445107	0.00584877837022	-0.0224553668134	-0.0128204680311	-0.0687383548952	-0.00687158806927	0.00373898778041	0.0138571915734	-0.0392016430424	-0.0382352675941	0.0413406296422	0.000401417278556	0.0559952133712	-0.026874134895	-0.00315868245281	-0.00751318939708	0.0119048074969	-0.021342536493
k__Bacteria;p__Bacteroidetes;c__Bacteroidia;o__Bacteroidales;f__Prevotellaceae;g__Prevotella;s__Prevotella_copri	0.0403581833267	0.0149543143698	0.0389371068656	1.0	-0.0179065209383	0.00559834738043	-0.0241281235973	0.025274796669	0.0166639246172	0.029828347402	-0.00815789076942	0.000270021261604	-0.00218320422508	0.0197942707903	-0.0122823631585	-0.0221796099328	0.00379388350631	-0.00774606288239	-0.0298251031416	-0.0105805250154	0.0423369392041	-0.0120287022332	0.0655477867222	-0.00415522996589	-0.00302759321566	-0.00633723928004	0.0390116996447	-0.0296333249013	-0.00673387777458	0.0178509031048	-0.00889276774322	-0.0216709980372	-0.0456791711479	-0.0924011279259	0.0609414672017	-0.0471694462517	-0.0363146364637	-0.0111067198359	-0.0353772087105	-0.0194979794248	-0.0255480161203	-0.0353210918279	-0.0590332549561	0.0488653151129	-0.0230360915016	-0.0344550748988	0.024044297675	0.0555700090225	-0.0293525059173	0.0348590168612	-0.0119168206333	0.029361264766	-0.0582987374629	-0.00834403726536	-0.0607278005489	-0.0361322439617	0.021258533749	-0.0266355424593	-0.0513988404617
k__Bacteria;p__Bacteroidetes;c__Bacteroidia;o__Bacteroidales;f__Bacteroidaceae;g__Bacteroides;s__Bacteroides_stercoris	-0.074694682524	-0.0177212795363	0.024451206931	-0.0179065209383	1.0	-0.0717810345738	-0.00927596364467	0.0190180896413	-0.0567466500324	0.0219140511565	0.0194389678085	-0.0373572381455	-0.0458529798515	-0.048338717737	0.0505208609291	-0.0351146435194	-0.0413820558198	0.000285709269162	-0.0363967908722	0.0957972952229	0.0103396861961	0.02539676383	0.0259272235248	0.00968471611716	0.0259386985654	-0.00192385912464	0.0158851837831	-0.0379464528905	0.00533820661157	-0.0264348769147	0.0206364071162	-0.0495911596949	0.0082388480399	-0.0333461224405	-0.0248825055345	-0.0263880342563	-0.0243887676855	-0.0315106311557	0.0224591840254	-0.0185522718842	0.0114463031079	0.0415090838441	-0.0343189604804	-0.0184055750111	-0.00633441554568	-0.0136529278365	-0.00544775025412	-0.0446167841153	-0.00705089809275	-0.0348840268465	-0.0325420990483	-0.0768258925042	-0.0151675928024	0.10204636266	-0.0189823079658	0.0353737643882	-0.0396634751384	-0.0245841500899	-0.0121534407625
k__Bacteria;p__Bacteroidetes;c__Bacteroidia;o__Bacteroidales;f__Bacteroidaceae;g__Bacteroides;s__Bacteroides_ovatus	0.0312538390069	0.00153699955993	0.0214998363331	0.00559834738043	-0.0717810345738	1.0	-0.0143172050218	0.0156054833305	-0.0272581163997	-0.0498590802047	-0.0370408971143	-0.0350965391864	0.0379712625031	-0.0261127760657	0.0086810218322	0.0119826315892	-0.0214472796626	-0.0377564490307	0.00274008582624	-0.0588546407669	0.013259886932	0.00697978488972	0.0408434005483	-0.0159242195443	-0.00439240083216	-0.0417914642093	-0.0582111586283	-0.0468033245982	0.0223114259086	-0.0714837052305	0.0244383882835	0.011922346361	0.0288462208949	0.0373173304958	-0.0560576222977	-0.0436747015026	-0.0366476576988	0.0234680331835	0.009319581235	-0.0565661369022	-0.0431469076503	-0.00344389210446	-0.00155547447697	0.00421553998494	0.0096229245269	0.0734003338778	-0.0556941798701	0.00898713234561	0.00498526035312	-0.0388266265836	0.00792620307756	0.00736401305108	0.0246079907843	0.0319061909833	0.0253063243494	-0.0199965404406	0.0607469865576	-0.0438974969576	-0.0129341768288
k__Bacteria;p__Bacteroidetes;c__Bacteroidia;o__Bacteroidales;f__Rikenellaceae;g__Alistipes;s__Alistipes_shahii	-0.00227730223893	-0.00466146915897	0.00583719372442	-0.0241281235973	-0.00927596364467	-0.0143172050218	1.0	-0.00614230861148	-0.0138185521168	-0.0129736235793	-0.065427336165	-0.0172250972643	-0.00273651674177	-0.0355586064649	0.0233972927167	-0.0251677500776	-0.0760964998575	-0.025437347576	-0.00246180378661	0.0544355482156	0.016116775975	-0.0621077067268	-0.0292697492961	-0.0241913380626	0.0811181566972	-0.0334402923753	-0.0113861273743	-0.0417395986568	-0.0262772456287	0.0255789647038	0.0131451567854	-0.00441085698237	-0.0143348172171	-0.0128610673113	-0.0562593572873	0.0239555320063	-0.016745556189	-0.00637927926455	-0.0218427593747	-0.00602056925275	-0.0318987108585	-0.0169210967259	0.0132277363895	-0.00495073000807	-0.0190918206024	-0.0107491766078	0.0048702856443	0.0421148935007	-0.0170234253952	-0.00946153367451	-0.00622929357367	-0.0683346179274	-0.021994658322	-0.0535346238328	0.0309973614184	-0.0110298546073	-0.00733142275159	0.0224514296886	-0.0225963053096
k__Bacteria;p__Firmicutes;c__Clostridia;o__Clostridiales;f__Ruminococcaceae;g__Faecalibacterium;s__Faecalibacterium_prausnitzii	-0.0309177307568	-0.0132270437074	-0.0822050305601	0.025274796669	0.0190180896413	0.0156054833305	-0.00614230861148	1.0	-0.0274218349731	0.0366582976682	0.0154261845769	0.0385526935881	0.0649333131707	0.00191929959221	-0.0427525941965	0.00139397232641	0.0157807102935	0.022585523567	0.00521668997941	-0.00524355560616	0.0106496053233	0.0085368521222	-0.0121632057589	-0.0271916001866	-0.0411845704706	-0.00737906434111	0.000142366899065	0.0119049099512	-0.0504874620221	-0.0560493074554	-0.0762621744609	0.0107945555412	0.0488956574949	0.00616409259925	-0.063621837533	0.00231107626699	0.0147035923609	0.0420546833798	0.0335315710125	0.0108351340913	-0.00816504534698	-0.0558100242002	0.0342080602528	0.0163727367777	0.0307399146807	-0.0560655922621	0.0817202940677	0.00394450154097	-0.035510209846	0.00714702334806	-0.0145874170874	0.0442670630949	-0.0722361695023	-0.0296639460029	0.014793511907	-0.0126880083616	0.000734359300677	-0.0573514785507	-0.0117975409819
k__Bacteria;p__Bacteroidetes;c__Bacteroidia;o__Bacteroidales;f__Rikenellaceae;g__Alistipes;s__Alistipes_finegoldii	0.0113331080861	0.0216720304567	0.00447447826724	0.0166639246172	-0.0567466500324	-0.0272581163997	-0.0138185521168	-0.0274218349731	1.0	0.0564177467435	-0.0135636092025	0.0627141220717	0.00469585068957	0.0479204380978	-0.0269937751365	-0.0398108265249	0.0173525910389	-0.0691931386536	-0.0168880043588	-0.0512371547071	0.0101003969635	-0.0615552041172	-0.00886991604736	0.00604604791585	0.0323405361342	0.00810024250492	-0.00163388650975	-0.0299249979637	0.0481654879137	-0.0436242555978	0.0149439686919	-0.0101857940639	-0.00562469153096	0.0442886428865	0.00955225730502	-0.00308028590663	-0.0569776565204	0.0145822101028	-0.0280738385194	0.0204449938971	0.0249056280224	-0.0429493971699	9.36520066285e-06	0.0180794479506	-0.0139824929338	-0.0361365862055	-0.00941943142308	0.0258107320915	0.0334642757947	-0.0184892212993	0.00069181326589	0.0125053958018	0.0316165932441	0.0215406017201	0.0303734273882	-0.0202874314262	-0.00672255140354	0.0321464596417	-0.00780918509193
k__Bacteria;p__Bacteroidetes;c__Bacteroidia;o__Bacteroidales;f__Porphyromonadaceae;g__Parabacteroides;s__Parabacteroides_distasonis	-0.0100886160987	-0.00347024654804	-0.0636239923135	0.029828347402	0.0219140511565	-0.0498590802047	-0.0129736235793	0.0366582976682	0.0564177467435	1.0	0.0242110328834	0.0247633256078	-0.028486947898	-0.00141191823415	-0.00527733604225	-0.0256313062708	0.00458648572243	0.00151114684895	0.0303705057072	-0.055721583971	0.0135566141482	0.0116259385191	-0.00835461544613	-0.0161042415748	0.0384280568739	-0.0292406054495	0.00462593869072	0.0158915452981	-0.0132519606248	-0.0438649168104	-0.00748580220348	0.0323104205835	-0.0325804927046	-0.0569397655617	0.012619637086	0.0186363045911	-0.00173717069361	0.0165669486999	-0.0338776827857	-0.00653064469548	-0.0227233605984	0.00576704628117	0.0198188232265	-0.0642329641969	-0.0138126859342	0.00103004096365	-0.0139878064016	0.0510001749277	-0.0464480083716	0.0302601488197	0.00803958795798	0.0389349491145	-0.00960261606118	0.0537492246932	-0.0265611205525	-0.00345710419271	-0.0146098729011	-0.00303466600567	0.0484755617862
k__Bacteria;p__Bacteroidetes;c__Bacteroidia;o__Bacteroidales;f__Bacteroidaceae;g__Bacteroides;s__Bacteroides_thetaiotaomicron	0.0456296260017	-0.0416413823987	-0.0335023810898	-0.00815789076942	0.0194389678085	-0.0370408971143	-0.065427336165	0.0154261845769	-0.0135636092025	0.0242110328834	1.0	-0.0260148506495	-0.0637449998607	0.0511113703917	-0.0179796905138	-0.0219864931459	-0.000215066417302	-0.0147911601785	-0.0298317735508	0.00394494768015	0.0178838242024	-0.0665991996517	-0.0129971012476	0.00930548332219	0.00248995963774	-0.00673577041718	0.0591133144114	-0.0181149184074	0.0459814263818	-0.030361711346	-0.0105229675831	0.0170335500672	-0.0368491822053	-0.0180750926811	-0.060040593859	-0.0234874078852	-0.0184284236589	0.00328944482261	-0.0646572582935	-0.0376394637571	0.0444699171871	0.00468321697652	-0.00788002571914	0.0126717164856	-0.0626045254265	0.0165969526746	-0.0116356884728	0.0307283558077	-0.0382011305676	0.0239660425707	0.0200257924911	0.0251445948859	-0.0103819910158	-0.0183821047057	-0.0219557017375	0.0270589439754	-0.0202166175088	-0.0118520430639	-0.0471427965153
k__Bacteria;p__Bacteroidetes;c__Bacteroidia;o__Bacteroidales;f__Bacteroidaceae;g__Bacteroides;s__Bacteroides_coprocola	-0.0555039122935	0.01256376242	-0.0529332975949	0.000270021261604	-0.0373572381455	-0.0350965391864	-0.0172250972643	0.0385526935881	0.0627141220717	0.0247633256078	-0.0260148506495	1.0	0.000857652599865	0.0254572358708	0.0137801398465	0.00606832143925	-0.00374912304128	0.00328481288554	-0.0371468162864	0.0279480330286	-0.00124004514782	-0.0301514105622	-0.0363982684433	-0.0191701975713	-0.0270708346608	-0.00343264161645	0.00148658366477	-0.00737282180655	-0.00441723773089	0.00902721393317	0.0247283042478	-0.0146474139081	0.00686801338482	0.0121831575358	0.0129629682747	-0.0153602866904	0.000494536197435	-0.0801247510722	-0.0027172497557	0.0101345604073	-0.00454671066421	0.0690261353615	-0.011943663774	-0.0154672783025	-0.0108433020324	0.0378333076657	0.00514821796055	-0.009362240096	0.000258687900317	0.0450984715412	-0.0294191701267	-0.0046021836845	0.0523561913032	-0.0222069453104	0.00871192180383	-0.00926220983077	0.0259005207116	-0.0129681049776	-0.0599439126578
k__Bacteria;p__Bacteroidetes;c__Bacteroidia;o__Bacteroidales;f__Bacteroidaceae;g__Bacteroides;s__Bacteroides_cellulosilyticus	-0.0179725210746	0.0620261467203	0.00972228872998	-0.00218320422508	-0.0458529798515	0.0379712625031	-0.00273651674177	0.0649333131707	0.00469585068957	-0.028486947898	-0.0637449998607	0.000857652599865	1.0	-0.0104048050368	-0.0390283839134	-0.00696942697947	0.0464954270044	0.0044816275157	0.0237717158431	-0.0307162785631	-0.0307364143522	-0.0175754541663	-0.00470787597389	0.0122158036188	-0.0302393074205	-0.0328295314458	-0.017137229414	-0.0839629971616	-0.000750956880775	-0.0554181155183	-0.00999899856699	0.0194227496759	0.0239399983983	-0.0616615813361	0.0613381856216	0.0353161398008	-0.0248413050679	-0.0750358344836	-0.0572859460861	-0.0226653635924	0.00372593258606	-0.0258732326765	0.000712854188359	-0.0180853585948	-0.00778000744157	-0.00787897651306	-0.0490889269669	-0.0608830690101	-0.102181310126	-0.0124582601837	-0.01198580794	0.0587081885303	0.0321033921801	-0.0932249040828	-0.0338586073807	0.0303102077245	0.062107312607	-0.00724458798581	-0.0566991484526
k__Bacteria;p__Bacteroidetes;c__Bacteroidia;o__Bacteroidales;f__Rikenellaceae;g__Alistipes;s__Alistipes_obesi	-0.0201078762315	-0.0254693300725	-0.00402189885249	0.0197942707903	-0.048338717737	-0.0261127760657	-0.0355586064649	0.00191929959221	0.0479204380978	-0.00141191823415	0.0511113703917	0.0254572358708	-0.0104048050368	1.0	0.0323531603582	0.00422308727429	-0.00275211785605	-0.0244746469252	-0.0747162586635	-0.0102179222807	0.0263012368926	-0.0324702724073	-0.04453871325	-0.0622687016203	-0.0434802398344	0.0474961965056	0.0317187719259	-0.0117308021157	0.00425163963497	-0.0230745024243	-0.0238615504735	0.023304632507	-0.00089986265808	-0.0757340431987	-0.0355778796105	0.0333312099508	-0.0193602196257	0.0213324194585	0.0193392066685	0.0208173694383	-0.0358278508554	0.0402700437482	0.000413747450975	-0.0101927477899	0.0646818467833	-0.0280185627088	-0.0311907241665	-0.00705809016403	-0.0189830815764	0.00904650396999	0.037296988509	-0.0285375154105	-0.11569382654	-0.0230456066822	0.0303547412435	0.0158212202847	0.0323418711882	-0.0316004594819	-0.00954029154313
k__Bacteria;p__Firmicutes;c__Clostridia;o__Clostridiales;f__Lachnospiraceae;g__;s__[Eubacterium]_rectale	-0.00332792163386	-0.00165326660885	-0.0056173798295	-0.0122823631585	0.0505208609291	0.0086810218322	0.0233972927167	-0.0427525941965	-0.0269937751365	-0.00527733604225	-0.0179796905138	0.0137801398465	-0.0390283839134	0.0323531603582	1.0	0.00498951869366	-0.00157457940017	0.0388888460692	-0.00357395299274	-0.0366115784268	-0.0496936953066	0.0414100020881	-0.0168392034211	-0.0245878970441	-0.0489318638612	-0.0139927483153	-0.040449986164	-5.11482544209e-05	0.0369026631831	-0.0353114230134	-0.0526216541585	0.00803038672714	-0.00845628200249	-0.00246536320826	0.00937053247406	-0.00839544729432	0.0440806180306	-0.0183178897586	0.00112666973606	-0.0113865987533	-0.0364610148168	-0.00816829633885	-0.0205976398955	0.0235105993142	0.00186519446201	-0.0150937017834	-0.00707030270847	-0.0765980604052	-0.0306061356866	-0.0328481516401	0.0292993291646	-0.00929031734097	-0.0223103391104	-0.0603006064157	0.00790963215585	-0.021038061327	-0.0022919581133	0.0106832562179	-0.0319064966699
k__Bacteria;p__Bacteroidetes;c__Bacteroidia;o__Bacteroidales;f__Bacteroidaceae;g__Bacteroides;s__Bacteroides_plebeius	0.058205115276	-0.0172334567742	0.0134737923282	-0.0221796099328	-0.0351146435194	0.0119826315892	-0.0251677500776	0.00139397232641	-0.0398108265249	-0.0256313062708	-0.0219864931459	0.00606832143925	-0.00696942697947	0.00422308727429	0.00498951869366	1.0	0.02905705276	0.00417211117144	-0.0370850760046	0.067558865931	-0.0545093752128	0.0103966932875	-0.0589117570632	0.0480401010363	0.0364134552616	0.0195283696782	-0.0409180075866	-0.00557533955696	0.0150915608897	0.0134607274026	-0.0148078910209	0.00420487693117	0.0158155515257	0.00916290975611	0.0207498817851	0.00880003836637	0.038647881482	-0.0454934777625	0.0325948152668	-0.0374591780031	-0.00161936960676	-0.0612678138822	-0.0317146244304	0.0373880293363	-0.0439519808975	0.0336568441895	-0.0330321748363	-0.00166128750564	-0.0643888715103	-0.0330628755011	0.0261974647507	-0.0227896857008	-0.0502267911274	-0.0174408399161	-0.0404778149972	-0.0462521709129	-0.0682634189009	0.00947651803124	-0.022876030387
k__Bacteria;p__Bacteroidetes;c__Bacteroidia;o__Bacteroidales;f__Bacteroidaceae;g__Bacteroides;s__Bacteroides_fragilis	0.00147627544209	-0.0482868306246	-0.0362646216898	0.00379388350631	-0.0413820558198	-0.0214472796626	-0.0760964998575	0.0157807102935	0.0173525910389	0.00458648572243	-0.000215066417302	-0.00374912304128	0.0464954270044	-0.00275211785605	-0.00157457940017	0.02905705276	1.0	-0.0253647877153	-0.0319249821907	0.0388893793408	-0.056658747255	-0.0385820297133	0.0167449172438	0.0397664602464	-0.011916793301	0.054285544821	-0.0389917175686	0.00190687837236	-0.028802713199	-0.021943105082	-0.00426853388086	-0.0351088752934	0.00415537758014	-0.0423241609154	0.00902497179817	0.014547672787	-0.00275310121193	-0.00578332345184	-0.0353429789576	-0.00221692378055	-0.014179835349	0.00704381095145	-0.0469067277375	-0.00732636708117	-0.0067250909629	0.0185354046516	0.00256416755941	-0.0115408695128	-0.0278343376524	-0.0733149925224	-0.0297648110269	0.00604967054627	0.0198530080039	0.0315003325575	-0.044830920546	0.00766396351453	0.0546495795689	-0.0459591612839	0.0227257238884
k__Bacteria;p__Proteobacteria;c__Betaproteobacteria;o__Burkholderiales;f__Sutterellaceae;g__Sutterella;s__Sutterella_wadsworthensis	-0.00720607782922	-0.0182836136697	-0.00117500304533	-0.00774606288239	0.000285709269162	-0.0377564490307	-0.025437347576	0.022585523567	-0.0691931386536	0.00151114684895	-0.0147911601785	0.00328481288554	0.0044816275157	-0.0244746469252	0.0388888460692	0.00417211117144	-0.0253647877153	1.0	0.0183321929519	-0.00504529657956	-0.0104472851081	0.00499703767673	0.00804641097155	-0.0510418667051	0.0312175147009	-0.0562564253509	-0.0294514073366	-0.0073188673102	0.0348289906191	0.0907773291922	-0.00302192829276	0.0142185740764	-0.0433645987387	0.0571447685711	-0.00182500079351	-0.0301570331943	0.0639384162606	-0.0483225656067	-0.0206630389568	-0.00448994386781	0.0029971523764	-0.0542932859862	0.0153137375141	-0.0298062297403	-0.0151771432768	-0.0286518091655	-0.025781265094	0.0107356375427	-0.0232058489501	0.0153478257227	-0.0690193225125	-0.00567278303439	-0.004623294368	-0.0265810146488	-0.00318491325428	0.00310339095403	0.0322199861036	0.039853469995	0.0412420563789
k__Bacteria;p__Bacteroidetes;c__Bacteroidia;o__Bacteroidales;f__Porphyromonadaceae;g__Barnesiella;s__Barnesiella_intestinihominis	-0.0122290003932	0.0106631298942	0.0081420290516	-0.0298251031416	-0.0363967908722	0.00274008582624	-0.00246180378661	0.00521668997941	-0.0168880043588	0.0303705057072	-0.0298317735508	-0.0371468162864	0.0237717158431	-0.0747162586635	-0.00357395299274	-0.0370850760046	-0.0319249821907	0.0183321929519	1.0	0.0558502362678	0.0301999995529	-0.00806604222699	-0.0647908203967	-0.0502569737507	-0.0578674745847	-0.0200841819174	2.68827732085e-05	-0.0293522040349	-0.0192947847655	0.0459983787198	0.010732848878	0.0186253824469	-0.00248889335143	0.0375874608827	-0.0180673521105	-0.0171418634978	0.0421368593828	0.0395801943378	0.0038053113314	-0.0257155714285	0.02827074365	-0.0408874310961	-0.00267980131593	-0.0476115704011	0.002456593423	-0.0424105158336	0.0336173487699	-0.0301552343198	0.0361570055127	0.0256166647459	-0.00785971124643	0.0201740370892	0.0220681437338	0.0553183286829	-0.043155773504	-0.0149249084104	0.0194117666327	-0.0472721419271	-0.021393902099
k__Bacteria;p__Bacteroidetes;c__Bacteroidia;o__Bacteroidales;f__Odoribacteraceae;g__Odoribacter;s__Odoribacter_splanchnicus	0.0383564596936	-0.012640991992	-0.0280036039958	-0.0105805250154	0.0957972952229	-0.0588546407669	0.0544355482156	-0.00524355560616	-0.0512371547071	-0.055721583971	0.00394494768015	0.0279480330286	-0.0307162785631	-0.0102179222807	-0.0366115784268	0.067558865931	0.0388893793408	-0.00504529657956	0.0558502362678	1.0	-0.0261405009732	0.00756875129823	0.00170977448688	0.0650892988223	-0.0690196715434	-0.0356653487702	-0.00715505891625	0.0201416930678	0.00539915106972	-0.0158735258361	0.00899426968586	-0.0727209003865	-0.0383488538496	0.0241015748448	-0.0338896245064	-0.0200106072796	-0.0275954943012	0.0402692528872	0.0500109842532	0.0126738467855	-0.0708289739648	-0.0360547525842	-0.0482569535557	-0.0280759279008	-0.00207836779916	0.0129088962642	-0.00265146751805	-0.0480427328414	0.00134132631807	0.0163916384886	-0.0043597399323	-0.0474424280699	0.0166727128363	-0.0323588518588	0.00918498809148	0.010548369658	-0.00278417310569	-0.0196028297531	-0.0382961189303
k__Bacteria;p__Bacteroidetes;c__Bacteroidia;o__Bacteroidales;f__Bacteroidaceae;g__Bacteroides;s__Bacteroides_salyersiae	-0.0218866755518	-0.0786205950539	-0.0628633880224	0.0423369392041	0.0103396861961	0.013259886932	0.016116775975	0.0106496053233	0.0101003969635	0.0135566141482	0.0178838242024	-0.00124004514782	-0.0307364143522	0.0263012368926	-0.0496936953066	-0.0545093752128	-0.056658747255	-0.0104472851081	0.0301999995529	-0.0261405009732	1.0	0.0210351116845	-0.0245476301576	-0.0360456709621	0.084523249363	0.00256748953131	0.0101843772424	0.0127911504935	-0.0274760648486	-0.0418048616053	0.0282339245702	0.0408540344195	-0.0644461807571	-0.038975190695	-0.0502104032028	-0.00224346075763	0.0280242576619	-0.00888955528783	-0.023711746275	-0.0367263192983	-0.0767036179175	0.0181702229361	0.0173110698067	0.0461185572886	-0.0322361563361	-0.0304375775374	0.0101789631643	0.0244685754234	0.0154225840334	0.05552787092	-0.0503248401983	0.0270963132937	0.0194511248978	-0.0128070159742	0.0345444965552	-0.0266816489062	-0.00328106792486	-0.0034931216525	-0.0218085798822
k__Bacteria;p__Firmicutes;c__Clostridia;o__Clostridiales;f__Ruminococcaceae;g__Ruminiclostridium;s__[Eubacterium]_siraeum	-0.00299318807032	-0.0306666484422	0.000564120333011	-0.0120287022332	0.02539676383	0.00697978488972	-0.0621077067268	0.0085368521222	-0.0615552041172	0.0116259385191	-0.0665991996517	-0.0301514105622	-0.0175754541663	-0.0324702724073	0.0414100020881	0.0103966932875	-0.0385820297133	0.00499703767673	-0.00806604222699	0.00756875129823	0.0210351116845	1.0	-0.0566270365512	-0.00402324651988	0.017022567619	-0.016365800868	-0.00123669856056	0.015004029397	-0.0345942174157	0.0211577820257	-0.00529043999857	-0.0232578783523	0.00901368703235	-0.0488515278292	0.0599996461539	-0.00950920017411	-0.0219067888547	-0.00606453220131	-0.00757479847688	-0.00270651856997	-0.0218572727997	0.0164102436462	0.0385716525993	-0.015413671294	-0.0472261091228	0.0331203505282	0.0313235139533	-0.00447907273042	0.0288936222283	-0.017182248345	-0.0770184516494	0.0351863822294	0.00766257147472	0.0213515188951	0.0244840746273	-0.0448456103098	-0.0728086951962	-0.0565170009477	-0.0353158092194
k__Bacteria;p__Proteobacteria;c__Betaproteobacteria;o__Burkholderiales;f__Sutterellaceae;g__Parasutterella;s__Parasutterella_excrementihominis	-0.0105018832827	-0.00743835484455	-0.0123791160145	0.0655477867222	0.0259272235248	0.0408434005483	-0.0292697492961	-0.0121632057589	-0.00886991604736	-0.00835461544613	-0.0129971012476	-0.0363982684433	-0.00470787597389	-0.04453871325	-0.0168392034211	-0.0589117570632	0.0167449172438	0.00804641097155	-0.0647908203967	0.00170977448688	-0.0245476301576	-0.0566270365512	1.0	0.0276004626836	0.00252628182738	0.0219220889911	0.00165420180369	0.0285441865462	0.0399722780759	-0.0351959056374	0.00595184863439	0.0111533822045	-0.00217042441695	0.00280496639994	0.0223262704787	-0.0191851630342	0.00326741219693	0.0282624173668	-0.0523509004069	-0.0663105913316	-0.055660920253	-0.0111764674187	-0.0263590691698	-0.0178761936211	0.0273450254032	0.0480533461978	0.0276940190901	-0.0288054267254	0.0619633150059	-0.011122345846	-0.0272609477153	0.0182968410489	0.0237983340655	-0.0177211176927	0.00336008502456	0.0417861925733	-0.0252187726261	0.00396163473601	-0.00235906683052
k__Bacteria;p__Actinobacteria;c__Actinobacteria;o__Bifidobacteriales;f__Bifidobacteriaceae;g__Bifidobacterium;s__Bifidobacterium_adolescentis	0.0662387437096	-0.0390719886821	0.0368791034235	-0.00415522996589	0.00968471611716	-0.0159242195443	-0.0241913380626	-0.0271916001866	0.00604604791585	-0.0161042415748	0.00930548332219	-0.0191701975713	0.0122158036188	-0.0622687016203	-0.0245878970441	0.0480401010363	0.0397664602464	-0.0510418667051	-0.0502569737507	0.0650892988223	-0.0360456709621	-0.00402324651988	0.0276004626836	1.0	0.0702767588523	-0.0443358751272	-0.0321494137909	0.0333003081813	0.0082400170593	-0.0197497520906	-0.0420800882951	0.01630656232	-0.00326848314637	-0.0232899850059	0.0286861327128	0.0187122271757	0.0121898916002	0.0548363949987	-0.0232131616242	-0.0369138795872	-0.017041703733	0.00571721884347	-0.00998183227784	-0.0289921476313	-0.00358454052735	-0.0562195503578	0.0493602157389	0.0869597701194	0.0167582385731	0.0282847029407	-0.026155007606	-0.0191555084693	-0.000253240353104	-0.00718722935726	-0.0123070369983	-0.00425778344939	-0.0441806261946	-0.0597108335261	-0.0598899696603
k__Bacteria;p__Firmicutes;c__Clostridia;o__Clostridiales;f__Oscillospiraceae;g__Oscillibacter;s__Oscillibacter_sp._KLE_1745	0.00296712245018	-0.0699639185144	-0.0497266175808	-0.00302759321566	0.0259386985654	-0.00439240083216	0.0811181566972	-0.0411845704706	0.0323405361342	0.0384280568739	0.00248995963774	-0.0270708346608	-0.0302393074205	-0.0434802398344	-0.0489318638612	0.0364134552616	-0.011916793301	0.0312175147009	-0.0578674745847	-0.0690196715434	0.084523249363	0.017022567619	0.00252628182738	0.0702767588523	1.0	-0.00626921606266	0.0495258414597	0.0140170181965	-0.0496701643754	0.00570034561447	-0.0191758575784	-0.0363194459216	0.0328251158626	-0.0574276383154	-0.0179822585446	-0.0128967157147	-0.0310281313472	-0.0360390756551	0.0457476499035	-0.0638720209849	0.0225144029953	0.025263562093	0.0276851005589	0.0062661461777	-0.0608623553602	0.00695073322326	-0.0250987093222	0.0173424759127	0.0225952611844	0.00699131357747	-0.015926025291	0.0088289771925	0.00331553256936	-0.0613656638542	-0.0240732459973	0.00983455646071	-0.0669247713569	0.0389529842601	-0.0622080057711
k__Bacteria;p__Bacteroidetes;c__Bacteroidia;o__Bacteroidales;f__Bacteroidaceae;g__Bacteroides;s__Bacteroides_coprophilus	-0.0177360301242	0.0105138189192	-0.00775054873077	-0.00633723928004	-0.00192385912464	-0.0417914642093	-0.0334402923753	-0.00737906434111	0.00810024250492	-0.0292406054495	-0.00673577041718	-0.00343264161645	-0.0328295314458	0.0474961965056	-0.0139927483153	0.0195283696782	0.054285544821	-0.0562564253509	-0.0200841819174	-0.0356653487702	0.00256748953131	-0.016365800868	0.0219220889911	-0.0443358751272	-0.00626921606266	1.0	0.0745396429571	-0.0418386202701	-0.0130609673954	-0.090121859107	0.0157761371111	0.0332020580712	-0.00515757961919	-0.0207442117	0.00124099534511	-0.0154472995853	-0.012541674617	-0.0200624929262	0.00757510313143	-0.0318290165751	0.0067413651346	0.0143874825684	-0.0144660786356	0.00919317662283	-0.0268665895124	-0.00750800956082	-0.0144254162325	-0.0512630341143	0.0498229183836	0.0258072090271	-0.0490988200011	0.0704402603832	0.00586029396259	-0.0264980763313	0.0132863609116	-0.0125209287764	0.0368800009333	-0.034545265236	-0.0154597664739
k__Bacteria;p__Firmicutes;c__Clostridia;o__Clostridiales;f__Lachnospiraceae;g__Roseburia;s__Roseburia_intestinalis	0.000407946823794	-0.0166871817929	0.0103575411494	0.0390116996447	0.0158851837831	-0.0582111586283	-0.0113861273743	0.000142366899065	-0.00163388650975	0.00462593869072	0.0591133144114	0.00148658366477	-0.017137229414	0.0317187719259	-0.040449986164	-0.0409180075866	-0.0389917175686	-0.0294514073366	2.68827732085e-05	-0.00715505891625	0.0101843772424	-0.00123669856056	0.00165420180369	-0.0321494137909	0.0495258414597	0.0745396429571	1.0	-0.014703000632	0.040551576564	-0.0496450033886	0.0375873587537	-0.00709964674338	-0.0303257867658	0.0144540894159	0.0139833041381	0.0618316644854	-0.0135797931325	0.00636228355043	-0.018038053031	0.0283700093034	0.0112355890357	-0.0710429421461	0.0863321190715	-0.0271074737199	-0.00468986151523	-0.0757358714328	-0.0190656995054	-0.030694507166	-0.0124131483256	-0.0471802395406	-0.0214011011773	-0.0367075004244	0.0299592979441	-0.0350101461835	-0.0623703865561	0.00681810553875	-0.0273071054394	-0.0226696143742	0.0249790109265
k__Bacteria;p__Firmicutes;c__Clostridia;o__Clostridiales;f__Lachnospiraceae;g__Roseburia;s__Roseburia_hominis	0.0169304296546	-0.00285226764094	-0.0311761015513	-0.0296333249013	-0.0379464528905	-0.0468033245982	-0.0417395986568	0.0119049099512	-0.0299249979637	0.0158915452981	-0.0181149184074	-0.00737282180654	-0.0839629971616	-0.0117308021157	-5.11482544209e-05	-0.00557533955696	0.00190687837236	-0.0073188673102	-0.0293522040349	0.0201416930678	0.0127911504935	0.015004029397	0.0285441865462	0.0333003081813	0.0140170181965	-0.0418386202701	-0.014703000632	1.0	-0.0311566918634	0.0405363181023	-0.0660391840247	-0.0021056004333	0.0530610252974	0.0503640173538	-0.0180951674492	-0.0349580977219	-0.0209359423712	0.0157221347966	0.0317394740662	0.0563296998818	-0.0293681778783	-0.0242742207821	0.0156542659755	0.0142486304722	0.0272068909694	-0.0133226881056	-0.00905499368173	0.0517479804977	0.0467244665344	-0.00766051304516	-0.0588986630239	0.0275801061393	0.00699874157401	-0.00436626025207	-0.00145478489693	-0.0984844683573	-0.0391377777614	-0.00588559797542	-0.00111953607295
k__Bacteria;p__Bacteroidetes;c__Bacteroidia;o__Bacteroidales;f__Porphyromonadaceae;g__Parabacteroides;s__Parabacteroides_johnsonii	0.020269424359	-0.0208308141869	-0.0372555270787	-0.00673387777458	0.00533820661157	0.0223114259086	-0.0262772456287	-0.0504874620221	0.0481654879137	-0.0132519606248	0.0459814263818	-0.00441723773089	-0.000750956880775	0.00425163963497	0.0369026631831	0.0150915608897	-0.028802713199	0.0348289906191	-0.0192947847655	0.00539915106972	-0.0274760648486	-0.0345942174157	0.0399722780759	0.0082400170593	-0.0496701643754	-0.0130609673954	0.040551576564	-0.0311566918634	1.0	-0.0540152255712	-0.0453286092271	-0.0189659793381	-0.0199887419251	0.00322704666403	-0.01975858305	-0.00215372998952	0.00507288134575	-0.00237713659426	-0.0537741139824	-0.0280956516223	-0.0100131609519	0.0538867623091	-0.0576374849684	-0.00523712550562	-0.0104055809382	-0.00629310061072	0.0114988293453	-0.00663309766924	-0.0275403015167	-0.0229173374296	0.0382328351741	-0.0616258168801	0.0275335659266	-0.0139903668937	-0.00744518565195	0.0234692472955	0.0674426948824	0.0304147025606	-0.00946437700605
