#taxonomy	k__Bacteria;p__Bacteroidetes;c__Bacteroidia;o__Bacteroidales;f__Bacteroidaceae;g__Bacteroides;s__Bacteroides_vulgatus	k__Bacteria;p__Bacteroidetes;c__Bacteroidia;o__Bacteroidales;f__Bacteroidaceae;g__Bacteroides;s__Bacteroides_uniformis	k__Bacteria;p__Bacteroidetes;c__Bacteroidia;o__Bacteroidales;f__Rikenellaceae;g__Alistipes;s__Alistipes_putredinis	k__Bacteria;p__Bacteroidetes;c__Bacteroidia;o__Bacteroidales;f__Prevotellaceae;g__Prevotella;s__Prevotella_copri	k__Bacteria;p__Bacteroidetes;c__Bacteroidia;o__Bacteroidales;f__Bacteroidaceae;g__Bacteroides;s__Bacteroides_stercoris	k__Bacteria;p__Bacteroidetes;c__Bacteroidia;o__Bacteroidales;f__Bacteroidaceae;g__Bacteroides;s__Bacteroides_ovatus	k__Bacteria;p__Bacteroidetes;c__Bacteroidia;o__Bacteroidales;f__Rikenellaceae;g__Alistipes;s__Alistipes_shahii	k__Bacteria;p__Firmicutes;c__Clostridia;o__Clostridiales;f__Ruminococcaceae;g__Faecalibacterium;s__Faecalibacterium_prausnitzii	k__Bacteria;p__Bacteroidetes;c__Bacteroidia;o__Bacteroidales;f__Rikenellaceae;g__Alistipes;s__Alistipes_finegoldii	k__Bacteria;p__Bacteroidetes;c__Bacteroidia;o__Bacteroidales;f__Porphyromonadaceae;g__Parabacteroides;s__Parabacteroides_distasonis	k__Bacteria;p__Bacteroidetes;c__Bacteroidia;o__Bacteroidales;f__Bacteroidaceae;g__Bacteroides;s__Bacteroides_thetaiotaomicron	k__Bacteria;p__Bacteroidetes;c__Bacteroidia;o__Bacteroidales;f__Bacteroidaceae;g__Bacteroides;s__Bacteroides_coprocola	k__Bacteria;p__Bacteroidetes;c__Bacteroidia;o__Bacteroidales;f__Bacteroidaceae;g__Bacteroides;s__Bacteroides_cellulosilyticus	k__Bacteria;p__Bacteroidetes;c__Bacteroidia;o__Bacteroidales;f__Rikenellaceae;g__Alistipes;s__Alistipes_obesi	k__Bacteria;p__Firmicutes;c__Clostridia;o__Clostridiales;f__Lachnospiraceae;g__;s__[Eubacterium]_rectale	k__Bacteria;p__Bacteroidetes;c__Bacteroidia;o__Bacteroidales;f__Bacteroidaceae;g__Bacteroides;s__Bacteroides_plebeius	k__Bacteria;p__Bacteroidetes;c__Bacteroidia;o__Bacteroidales;f__Bacteroidaceae;g__Bacteroides;s__Bacteroides_fragilis	k__Bacteria;p__Proteobacteria;c__Betaproteobacteria;o__Burkholderiales;f__Sutterellaceae;g__Sutterella;s__Sutterella_wadsworthensis	k__Bacteria;p__Bacteroidetes;c__Bacteroidia;o__Bacteroidales;f__Porphyromonadaceae;g__Barnesiella;s__Barnesiella_intestinihominis	k__Bacteria;p__Bacteroidetes;c__Bacteroidia;o__Bacteroidales;f__Odoribacteraceae;g__Odoribacter;s__Odoribacter_splanchnicus	k__Bacteria;p__Bacteroidetes;c__Bacteroidia;o__Bacteroidales;f__Bacteroidaceae;g__Bacteroides;s__Bacteroides_salyersiae	k__Bacteria;p__Firmicutes;c__Clostridia;o__Clostridiales;f__Ruminococcaceae;g__Ruminiclostridium;s__[Eubacterium]_siraeum	k__Bacteria;p__Proteobacteria;c__Betaproteobacteria;o__Burkholderiales;f__Sutterellaceae;g__Parasutterella;s__Parasutterella_excrementihominis	k__Bacteria;p__Actinobacteria;c__Actinobacteria;o__Bifidobacteriales;f__Bifidobacteriaceae;g__Bifidobacterium;s__Bifidobacterium_adolescentis	k__Bacteria;p__Firmicutes;c__Clostridia;o__Clostridiales;f__Oscillospiraceae;g__Oscillibacter;s__Oscillibacter_sp._KLE_1745	k__Bacteria;p__Bacteroidetes;c__Bacteroidia;o__Bacteroidales;f__Bacteroidaceae;g__Bacteroides;s__Bacteroides_coprophilus	k__Bacteria;p__Firmicutes;c__Clostridia;o__Clostridiales;f__Lachnospiraceae;g__Roseburia;s__Roseburia_intestinalis	k__Bacteria;p__Firmicutes;c__Clostridia;o__Clostridiales;f__Lachnospiraceae;g__Roseburia;s__Roseburia_hominis	k__Bacteria;p__Bacteroidetes;c__Bacteroidia;o__Bacteroidales;f__Porphyromonadaceae;g__Parabacteroides;s__Parabacteroides_johnsonii	k__Bacteria;p__Actinobacteria;c__Actinobacteria;o__Bifidobacteriales;f__Bifidobacteriaceae;g__Bifidobacterium;s__Bifidobacterium_longum	k__Bacteria;p__Firmicutes;c__Clostridia;o__Clostridiales;f__;g__Flavonifractor;s__Flavonifractor_plautii	k__Bacteria;p__Firmicutes;c__Clostridia;o__Clostridiales;f__Clostridiaceae;g__Clostridium;s__Clostridium_phoceensis	k__Bacteria;p__Verrucomicrobia;c__Verrucomicrobiae;o__Verrucomicrobiales;f__Akkermansiaceae;g__Akkermansia;s__Akkermansia_muciniphila	k__Bacteria;p__Bacteroidetes;c__Bacteroidia;o__Bacteroidales;f__Prevotellaceae;g__Paraprevotella;s__Paraprevotella_xylaniphila	k__Bacteria;p__Firmicutes;c__Clostridia;o__Clostridiales;f__Ruminococcaceae;g__Ruminococcus;s__Ruminococcus_callidus	k__Bacteria;p__Bacteroidetes;c__Bacteroidia;o__Bacteroidales;f__Rikenellaceae;g__Alistipes;s__Alistipes_senegalensis	k__Bacteria;p__Firmicutes;c__Clostridia;o__Clostridiales;f__Lachnospiraceae;g__Blautia;s__Blautia_sp._KLE_1732	k__Bacteria;p__Bacteroidetes;c__Bacteroidia;o__Bacteroidales;f__Bacteroidaceae;g__Bacteroides;s__Bacteroides_oleiciplenus	k__Bacteria;p__Firmicutes;c__Clostridia;o__Clostridiales;f__Ruminococcaceae;g__Ruminococcus;s__Ruminococcus_bicirculans	k__Bacteria;p__Bacteroidetes;c__Bacteroidia;o__Bacteroidales;f__Bacteroidaceae;g__Bacteroides;s__Bacteroides_fluxus	k__Bacteria;p__Bacteroidetes;c__Bacteroidia;o__Bacteroidales;f__Prevotellaceae;g__Prevotella;s__Prevotella_stercorea	k__Bacteria;p__Firmicutes;c__Clostridia;o__Clostridiales;f__Lachnospiraceae;g__Dorea;s__Dorea_longicatena	k__Bacteria;p__Firmicutes;c__Clostridia;o__Clostridiales;f__Eubacteriaceae;g__Eubacterium;s__[Eubacterium]_eligens	k__Bacteria;p__Firmicutes;c__Clostridia;o__Clostridiales;f__Ruminococcaceae;g__;s__Ruminococcaceae_bacterium_D16	k__Bacteria;p__Firmicutes;c__Clostridia;o__Clostridiales;f__Lachnospiraceae;g__Coprococcus;s__Coprococcus_comes	k__Bacteria;p__Proteobacteria;c__Gammaproteobacteria;o__Enterobacterales;f__Enterobacteriaceae;g__Escherichia;s__Escherichia_coli	k__Bacteria;p__Firmicutes;c__Clostridia;o__Clostridiales;f__Ruminococcaceae;g__Anaerotruncus;s__Anaerotruncus_colihominis	k__Bacteria;p__Firmicutes;c__Clostridia;o__Clostridiales;f__Lachnospiraceae;g__Blautia;s__Blautia_obeum	k__Bacteria;p__Bacteroidetes;c__Bacteroidia;o__Bacteroidales;f__Odoribacteraceae;g__Odoribacter;s__Odoribacter_laneus	k__Bacteria;p__Firmicutes;c__Clostridia;o__Clostridiales;f__Ruminococcaceae;g__Ruminiclostridium;s__[Clostridium]_leptum	k__Bacteria;p__Bacteroidetes;c__Bacteroidia;o__Bacteroidales;f__Porphyromonadaceae;g__Parabacteroides;s__Parabacteroides_goldsteinii	k__Bacteria;p__Firmicutes;c__Clostridia;o__Clostridiales;f__Lachnospiraceae;g__Anaerostipes;s__Anaerostipes_hadrus	k__Bacteria;p__Firmicutes;c__Clostridia;o__Clostridiales;f__Ruminococcaceae;g__Ruminococcus;s__Ruminococcus_lactaris	k__Bacteria;p__Firmicutes;c__Clostridia;o__Clostridiales;f__Clostridiaceae;g__Clostridium;s__Clostridium_sp._L2-50	k__Bacteria;p__Firmicutes;c__Clostridia;o__Clostridiales;f__Clostridiaceae;g__Clostridium;s__Clostridium_sp._M62/1	k__Bacteria;p__Firmicutes;c__Clostridia;o__Clostridiales;f__;g__Intestinimonas;s__Intestinimonas_butyriciproducens	k__Bacteria;p__Actinobacteria;c__Actinobacteria;o__Bifidobacteriales;f__Bifidobacteriaceae;g__Bifidobacterium;s__Bifidobacterium_bifidum	k__Bacteria;p__Firmicutes;c__Negativicutes;o__Veillonellales;f__Veillonellaceae;g__Dialister;s__Dialister_invisus	k__Bacteria;p__Bacteroidetes;c__Bacteroidia;o__Bacteroidales;f__Bacteroidaceae;g__Bacteroides;s__Bacteroides_salanitronis
k__Bacteria;p__Bacteroidetes;c__Bacteroidia;o__Bacteroidales;f__Bacteroidaceae;g__Bacteroides;s__Bacteroides_vulgatus	1.0	-0.0255208135343	-0.00109279126413	-0.0809266493365	-0.0206742189834	0.00515969917411	-0.00249457244935	-0.0602972610182	-0.0302870758435	0.0276544464509	-0.00567457348776	-0.0546563081453	0.0703332971239	0.00491853875538	0.0108235593263	0.0536149924195	0.0445867070043	-0.0592169698286	0.00188816637516	-0.0624281905552	-0.032764422359	0.0192425989609	0.0580814593688	-0.00327451202313	-0.0645217834992	-0.101297182133	-0.0662591506343	0.0090573243478	0.0360850790777	-0.00472771701485	-0.00946123943718	-0.0544372287153	-0.0664528710336	0.00683219925679	0.0113496257014	-0.00395662733883	0.0337170118735	0.0556500521659	0.0335189740521	0.00602080739048	-0.0148340039858	-0.0465562070851	-0.0130258174905	-0.0196213286166	0.00372304488277	0.0174237881632	-0.0884144574902	0.0218680879381	-0.0221353285612	-0.0252437317169	0.024326058616	-0.0157491223206	0.071145555044	0.0243114455693	0.0259917599188	-0.00693203521152	-0.0489953289797	0.0135057354161	0.0209921652905
k__Bacteria;p__Bacteroidetes;c__Bacteroidia;o__Bacteroidales;f__Bacteroidaceae;g__Bacteroides;s__Bacteroides_uniformis	-0.0255208135343	1.0	-0.0172049778046	0.0334223068924	-0.0520969635305	0.0131454245213	0.0048220584944	-0.0103061850574	-0.0144823196249	0.0167179702991	0.0136129644847	-0.0582711068737	0.0111496212586	-0.0332591212938	0.0363193613533	-0.0610350427441	-0.0436072593996	-0.0221896295304	-0.0446790843085	-0.0230489045062	-0.00387601778748	-0.0308051523399	-0.0595353679419	0.00809961412226	-0.0196496633554	0.0333041054673	0.0020590220192	0.0301354730413	-0.050710424965	0.0136656035584	-0.0329000712366	-0.0526369028575	-0.0123693461719	-0.0516533339174	-0.0215653552506	0.062456609702	0.0348590677166	-0.0187090021288	-0.0383933662695	-0.0411036156661	-0.0299671640261	0.0343132501849	0.0299713428001	0.00776545315884	0.0283359983146	-0.0287789217777	0.0393777417191	0.0436421248877	0.00485634669852	0.00743631504767	-0.0495297685728	0.0472658417587	0.0338660691581	-0.00696617675608	0.0673805683497	0.0469094441203	-0.0411308195956	-0.0472828689548	-0.0218428698973
k__Bacteria;p__Bacteroidetes;c__Bacteroidia;o__Bacteroidales;f__Rikenellaceae;g__Alistipes;s__Alistipes_putredinis	-0.00109279126413	-0.0172049778046	1.0	-0.00871064531512	-0.0463000334985	-0.0343693968379	0.00170312612763	-0.0323007822636	0.0235206706865	-0.0166784384231	0.0123010011009	-0.0351951254673	0.00781844242538	0.0312378822434	-0.0160498370723	-0.0383589448679	0.0341414902238	0.0549465232941	0.00368423342233	-0.0545208856503	-0.00189830293691	-0.00751631017507	-0.0665713704936	-0.00475784612041	0.0291745758383	0.0144103988838	0.0223654790635	0.00818426731087	-0.0184373830025	0.0116655831156	0.0132015806095	-0.0404337195677	0.00530315720221	0.00277578655954	-0.0462192147081	0.00048570797585	-0.0271750829273	-0.00420187665274	0.0138060430558	-0.0161868547959	0.0190716975812	0.00591900099434	-0.0110055207693	-0.0385556173101	-0.00410860645252	-0.0115453079686	-0.00304978315458	-0.0200490942645	0.0165600711266	0.0135383862884	-0.058136620448	-0.0353709925385	-0.0503754325873	-0.0255204349449	-0.00601882508182	0.054335174337	0.00360471032432	0.0429158431573	0.0107937139014
k__Bacteria;p__Bacteroidetes;c__Bacteroidia;o__Bacteroidales;f__Prevotellaceae;g__Prevotella;s__Prevotella_copri	-0.0809266493365	0.0334223068924	-0.00871064531512	1.0	-0.0653797496515	-0.0371207617682	-0.0580802314716	0.00600345081764	0.0328420686373	-0.0321352813594	-0.0117683322453	-0.00771963455534	0.0666040150371	0.0111615695142	0.0179205058469	-0.0212460715518	0.0474475217624	-0.00936059826579	-0.0390356845615	0.0197685638328	0.00836840864325	-0.0363422403401	0.0189221287199	-0.00854170384257	0.031986615027	-0.00293380208397	0.00111598212836	-0.0200545160901	0.00408666708017	0.02883160587	-0.0558642049462	0.0343013864401	-0.0399487859045	0.0181942328608	0.0358705605481	-0.0264527764892	0.0571310719662	0.015527741516	-0.00314312597949	-0.00879906628784	0.0578298415438	-0.0341735103585	-0.00572782125246	-0.0437192355689	-0.0233066825926	-0.0645893315803	-0.0101438579973	-0.0370117664754	0.0157704928036	-0.0398165802018	-0.0147402228072	-0.0122651388085	-0.0179826452652	0.0126985977273	-0.00321736451669	0.010622709966	-0.00757525692683	0.00250112617322	-0.0446131549133
k__Bacteria;p__Bacteroidetes;c__Bacteroidia;o__Bacteroidales;f__Bacteroidaceae;g__Bacteroides;s__Bacteroides_stercoris	-0.0206742189834	-0.0520969635305	-0.0463000334985	-0.0653797496515	1.0	0.0364731685582	-0.0263702557562	-0.00617866922485	0.0121857912641	-0.00923157823654	-0.0264114847476	-0.0126276019933	0.0283356661246	-0.0264364755034	-0.0189218546456	0.000356192233065	-0.0175504923008	-0.0353412245359	-0.0156331312648	0.00153367202484	-0.00500280237606	-0.0412667678172	-0.0163847091515	-0.0762553246825	-0.0116053924497	-0.00958201480305	0.0509153496159	0.0429875456393	0.00684236830888	0.00237094737249	-0.0193775523246	0.0351212011351	-0.00718109464748	-0.0367022669547	-0.00850579115627	-0.00199059443248	-0.00430531991249	0.00296576458872	-0.0398031139321	-0.00950392753933	-0.0245498276246	-0.0151635497303	0.00419216998727	-0.0137473872145	0.0327237082647	0.0403286240127	-0.0239842625889	0.0134251027487	-0.0156336113289	0.038904941965	0.0368743148618	0.0206088671902	-0.0149710704598	0.0190175039616	-0.0192641244358	-0.0468042152068	-0.0569376882826	0.0211883971636	-0.027004561115
k__Bacteria;p__Bacteroidetes;c__Bacteroidia;o__Bacteroidales;f__Bacteroidaceae;g__Bacteroides;s__Bacteroides_ovatus	0.00515969917411	0.0131454245213	-0.0343693968379	-0.0371207617682	0.0364731685582	1.0	-0.0192172969999	-0.0105361513114	0.0250538861056	-0.0340937875555	-0.0425807104267	-0.0121690050349	0.0344081621615	0.0087761626636	-0.0333187775022	0.00730506321999	0.0222431575027	0.0342599451007	-0.00967346182199	0.00219234418018	0.0114456326629	0.0200770026632	-0.0114980643232	0.0201569567335	-0.0127063631414	-0.0708832660757	0.0593554942196	-0.0422670499297	0.00890134740965	-0.0244974147196	0.021936559139	-0.00326875380315	0.0405407625441	-0.0356488446747	-0.0608479270454	0.00493479297782	-0.0813350235353	-0.0498809650545	0.024043051716	-0.032911798771	0.0271767033826	0.000353003912702	-0.0443222800852	-0.038071851061	-0.0127961782154	-0.00719311868812	-0.0732309973507	0.031046607943	0.00102176888792	0.0077356928733	-0.0288691632476	-0.0152750990955	-0.0703711972629	-0.00526073736013	-0.0428708403718	0.00105117347711	-0.0242677133675	-0.0251461766746	0.030597450137
k__Bacteria;p__Bacteroidetes;c__Bacteroidia;o__Bacteroidales;f__Rikenellaceae;g__Alistipes;s__Alistipes_shahii	-0.00249457244935	0.0048220584944	0.00170312612763	-0.0580802314716	-0.0263702557562	-0.0192172969999	1.0	-0.0934178905604	-0.0353342073843	-0.0430367445434	-0.00322750884403	0.0457783209481	-0.00979816983177	-0.000322915311678	0.00357501958381	-0.0268617284348	0.0580127239426	0.00715239229725	-0.0405890591982	-0.0198535600157	-0.043421998478	0.00143447537248	-0.00303247329867	-0.0100063354692	-0.00394021033235	0.0306904795823	0.0496709234646	0.00350938623881	-0.00704447393399	-0.0138549352827	0.00923819370637	0.0174167801932	-0.03559512555	0.0268677292627	-0.0243483409397	-0.0426884722392	0.0281385046713	-0.0352551725467	-0.0434533732156	0.0260046331136	0.0235970722165	0.00744917351068	0.0245745541401	0.00860363747493	0.025074068958	0.0145975526844	0.0342915797879	-0.0162791059991	-0.0456532634714	0.0302720696732	-0.0651713804533	0.0117219358051	0.0077269882412	0.0539272269525	-0.0120204236148	0.0263973980075	-0.0833381686385	-0.0406699730287	-0.0216599740266
k__Bacteria;p__Firmicutes;c__Clostridia;o__Clostridiales;f__Ruminococcaceae;g__Faecalibacterium;s__Faecalibacterium_prausnitzii	-0.0602972610182	-0.0103061850574	-0.0323007822636	0.00600345081764	-0.00617866922485	-0.0105361513114	-0.0934178905604	1.0	-0.00908983989534	-0.0409441347413	-0.0489999997935	0.0249781703952	-0.0373312138471	-0.00386003694758	-0.0337946992106	-0.044194647952	-0.0230437885078	0.00483624108993	-0.0114975423387	-0.0126100688994	0.0298251825629	0.0425932446593	-0.0161873046149	-0.0252716549637	0.0139669553637	-0.0478773575354	-0.0377070197508	0.00110230454411	-0.0317499348084	-0.0168482001382	-0.0010181910454	0.00428179137223	-0.0215596996691	-0.00680857899914	0.0103304330063	-0.0331394316351	-0.0549987801801	-0.0390100696753	0.0178620326734	0.0010467355415	0.0136052953354	0.0327065064881	-0.0482253185517	0.011148562909	-0.0203475738164	0.024413750097	0.00764293475537	-0.00308985511729	-0.0593850067708	-0.0288656599682	0.0103242327682	0.061255530411	-0.0127048566076	-0.033915817158	0.0317793396431	-0.0113278591725	0.00168730828317	0.000646875746972	0.028055539388
k__Bacteria;p__Bacteroidetes;c__Bacteroidia;o__Bacteroidales;f__Rikenellaceae;g__Alistipes;s__Alistipes_finegoldii	-0.0302870758435	-0.0144823196249	0.0235206706865	0.0328420686373	0.0121857912641	0.0250538861056	-0.0353342073843	-0.00908983989534	1.0	0.0414163242271	-0.0276318006242	0.0164194717151	-0.0473670440496	0.0201792180162	0.0366025612883	0.00491750178249	-0.0258676151097	0.0527882715257	-0.0182218480678	-0.0281625376078	-0.0110516614136	0.0223827287972	0.0205961121686	-0.00260308929555	-0.0158504932842	-0.0555349411072	-0.0290527377036	-0.0465512735981	0.000161219319124	-0.0111292436545	0.00639901113263	-0.000380084848637	0.0208153097907	-0.0565396022115	-0.00439695186196	0.0657941549961	-0.0236555863567	-0.0348444200036	-0.0335127029811	0.0260056937677	0.0104570048242	-0.00449579268477	0.021893357845	-0.0149130222391	0.00993497230408	-0.00996188226827	-0.00534633885997	-0.0110825230999	-0.0732979643875	0.0238011546348	-0.0192793136443	0.0336049993384	-0.0441734606268	0.022498593411	-0.00589880825007	-0.0140463774979	-0.0334820585004	-0.0165454650691	-0.0515789954223
k__Bacteria;p__Bacteroidetes;c__Bacteroidia;o__Bacteroidales;f__Porphyromonadaceae;g__Parabacteroides;s__Parabacteroides_distasonis	0.0276544464509	0.0167179702991	-0.0166784384231	-0.0321352813594	-0.00923157823654	-0.0340937875555	-0.0430367445434	-0.0409441347413	0.0414163242271	1.0	-0.0104710351389	-0.0309679746086	-0.0204586770684	-0.0378023976523	-0.00230732425958	-0.0270638489042	0.0200495826407	-0.0539954456212	-0.0684984115434	-0.0384876534437	0.00530932033611	-0.0469989371764	-0.0313978180671	-0.000871948890922	0.0303129265466	0.0156084480636	0.00466932422272	-0.0244761758677	-0.00854913751596	-0.0157178436979	0.00327106623803	0.044332672372	-0.0209871658553	-0.0174638820254	0.0013973813018	-0.0217986689881	-0.00763844645588	0.0208226370709	-0.0449789525189	-0.0435831924262	-0.0155364016406	0.0477232829504	0.00911009042588	0.0317010286831	-0.0268847929891	-0.000853246010238	-0.0157904099329	0.0103777993447	-0.015479066329	0.0503985211866	-0.0404728735007	0.026057277694	0.016728041394	0.0209848652158	0.0132590054911	-0.0246125770448	-0.0829568591637	-0.0196651866253	-0.02099305505
k__Bacteria;p__Bacteroidetes;c__Bacteroidia;o__Bacteroidales;f__Bacteroidaceae;g__Bacteroides;s__Bacteroides_thetaiotaomicron	-0.00567457348776	0.0136129644847	0.0123010011009	-0.0117683322453	-0.0264114847476	-0.0425807104267	-0.00322750884403	-0.0489999997935	-0.0276318006242	-0.0104710351389	1.0	-0.00494379189213	0.0116570713694	-0.0872761378459	0.0289481546023	-0.0396804066654	-0.0127766635917	-0.00371209779074	-0.00317551874072	0.00741074091373	-0.0244073965863	-0.0239415430875	0.0073019293799	-0.0152162159505	-0.0344698157303	-0.00370591157297	0.0529237134798	-0.00902052168032	0.019586772185	-0.0434364825379	0.0170683933771	-0.0269089468609	-0.00798536843701	0.00171714793834	-0.0281137848658	0.0241736563623	-0.00124502448559	-0.013787497709	-0.0693173174837	-0.0219818884289	0.0105480175105	0.0338717087779	-0.00450314851608	0.0284699405833	-0.0174711222365	-0.0533516098274	-0.00916443950502	-0.0397885196122	-0.0286883253441	-0.0373284853675	0.0253948213628	-0.0261851948373	0.0231795649524	0.0454073874496	-0.0279413626897	-0.0209748101232	-0.0189961258607	-0.000377599070569	-0.00770363443149
k__Bacteria;p__Bacteroidetes;c__Bacteroidia;o__Bacteroidales;f__Bacteroidaceae;g__Bacteroides;s__Bacteroides_coprocola	-0.0546563081453	-0.0582711068737	-0.0351951254673	-0.00771963455534	-0.0126276019933	-0.0121690050349	0.0457783209481	0.0249781703952	0.0164194717151	-0.0309679746086	-0.00494379189213	1.0	-0.000388857749656	0.050870850866	0.0253595720448	-0.0290581827984	0.0151588935937	-0.0461642284307	-0.025678051407	-0.018841824275	0.00840647199676	-0.036225782316	0.0440207989091	0.0288744460284	-0.0639934681306	0.0185184287696	-0.0648957394778	-0.0045524042287	-0.0202833654295	0.0255245074684	0.00427674610305	-0.00841475239738	0.0259314305496	-0.0161583400819	0.0522460486567	0.0433815621875	0.0650224834247	-0.00658618641787	0.0795412927774	0.0474067253732	-0.0238691621057	-0.0368225780473	-0.0135122288287	0.00539410764789	-0.010435113636	-0.00453391327325	-0.0590022073058	-0.0363796014566	0.0146997811272	-0.0358617870935	-0.047344285002	0.0262455759539	-0.026538435011	0.019888774573	0.0259901647832	-0.0799952684871	-0.0439467931754	-0.0182173596121	0.0411500986257
k__Bacteria;p__Bacteroidetes;c__Bacteroidia;o__Bacteroidales;f__Bacteroidaceae;g__Bacteroides;s__Bacteroides_cellulosilyticus	0.0703332971239	0.0111496212586	0.00781844242538	0.0666040150371	0.0283356661246	0.0344081621615	-0.00979816983177	-0.0373312138471	-0.0473670440496	-0.0204586770684	0.0116570713694	-0.000388857749656	1.0	-0.003933409441	-0.0119177908182	-0.00857268370784	0.0444934262962	-0.0370115652723	0.0172709902965	0.0626888119942	0.00139276750773	0.00622222169283	-0.0857741748242	-0.0241855122835	0.0270380780778	-0.00567705580937	-0.0118538110513	-0.00299708621884	-0.0411946587544	-0.0707005129902	-0.0237405276606	0.0422008527728	-0.0220113566234	0.0197841878532	0.047813910079	-0.0351927426974	-0.0304430740306	0.0465524547284	-0.0352476283821	-0.0550674660855	0.0204708187064	0.00588761404715	-0.0661296524377	-0.00135648194865	0.0373143873078	0.0160211818772	-0.0227179271339	-0.00990324116041	-0.0157803395912	-0.0342442052689	-0.0274570629738	0.032301942463	0.0183938658139	-0.0741143991726	0.00718954154394	0.00569791795565	0.032012990569	0.00641626185087	0.0320067811993
k__Bacteria;p__Bacteroidetes;c__Bacteroidia;o__Bacteroidales;f__Rikenellaceae;g__Alistipes;s__Alistipes_obesi	0.00491853875538	-0.0332591212938	0.0312378822434	0.0111615695142	-0.0264364755034	0.0087761626636	-0.000322915311678	-0.00386003694758	0.0201792180162	-0.0378023976523	-0.0872761378459	0.050870850866	-0.003933409441	1.0	0.0313451786278	-0.00949563777698	-0.00472669663983	-0.037894929102	-0.0842129402674	-0.0412403523196	0.0162134716414	0.0384395863202	0.00256102742371	-0.0449368266907	-0.0476872033263	0.0437997690374	-0.0200829782419	-0.00248322135429	0.0135973151061	0.00504081480491	-0.00461055145068	0.000620549560821	-0.0100563686924	0.0143808596133	-0.0357910192162	0.0172971642476	-0.0242027966386	0.00272421625235	0.0416128370751	0.03585336868	-0.0471093765631	-0.00599710040191	-0.0182290893692	-0.0283878185114	-0.0453354363556	-0.0339556847467	0.0402471432554	-0.0212801777793	0.00642585679485	-0.00259359465797	-0.00456720222182	-0.0213822264469	-0.0571766290715	-0.0379128400972	0.0332601199847	-0.0157341472132	-0.00648113202799	0.0291211658886	0.0469099488098
k__Bacteria;p__Firmicutes;c__Clostridia;o__Clostridiales;f__Lachnospiraceae;g__;s__[Eubacterium]_rectale	0.0108235593263	0.0363193613533	-0.0160498370723	0.0179205058469	-0.0189218546456	-0.0333187775022	0.00357501958381	-0.0337946992106	0.0366025612883	-0.00230732425958	0.0289481546023	0.0253595720448	-0.0119177908182	0.0313451786278	1.0	-0.00832045750198	0.0172290164449	-0.0260562217532	-0.039446503006	0.0103164054255	0.0134039074192	0.0529421039109	-0.0331759375592	-0.0268534948837	0.012991185441	-0.0592963406531	-0.0467867352166	-0.00571474352717	0.0268558654251	-0.0334096591665	-0.0141348666915	-0.0392076677309	-0.0248653040011	0.0221441180525	-0.0202050648085	-0.00895164169869	-0.0271690452421	0.0473527100547	-0.0151122453982	-0.0297543268621	0.00851002955198	-0.00615622967294	-0.0220210960447	-0.0113375665101	-0.0479125453391	-0.0721474161088	-0.00100325323124	0.0129096016808	-0.05209042469	0.00377969472034	0.00941743256951	0.0469679271274	0.0438152165445	-0.0379713366196	-0.0520795471926	0.0279824807001	0.00970817807049	-0.0487296210641	0.0356022027807
k__Bacteria;p__Bacteroidetes;c__Bacteroidia;o__Bacteroidales;f__Bacteroidaceae;g__Bacteroides;s__Bacteroides_plebeius	0.0536149924195	-0.0610350427441	-0.0383589448679	-0.0212460715518	0.000356192233065	0.00730506321999	-0.0268617284348	-0.044194647952	0.00491750178249	-0.0270638489042	-0.0396804066654	-0.0290581827984	-0.00857268370784	-0.00949563777698	-0.00832045750198	1.0	0.0220036569316	4.26587608099e-05	0.0363164811345	0.0633384728097	-0.081576024449	-0.0407758315588	-0.0048418874226	0.000798782971969	0.0390130446615	-0.00365979076944	-0.0382116309966	0.00442596713831	0.0529441497956	0.0178168786044	-0.0433562660462	-0.037051756575	0.0417658475371	-0.0397332201902	0.0115501325601	-0.00547886288946	0.00457310050817	-0.0510247436631	-0.0315893925577	0.0235717981945	-0.0220872851256	0.00623597955489	0.0336891393925	-0.00837031564467	-0.0250475528455	0.0116074624004	0.00847092123151	0.00777394613068	0.0289661785089	-0.0370943903995	-0.0171047047534	0.0144023156969	-0.0261802827573	-0.0136437730646	0.0138843517525	-0.0290583571644	-0.0384510168707	-0.0331968986546	-0.0186104929125
k__Bacteria;p__Bacteroidetes;c__Bacteroidia;o__Bacteroidales;f__Bacteroidaceae;g__Bacteroides;s__Bacteroides_fragilis	0.0445867070043	-0.0436072593996	0.0341414902238	0.0474475217624	-0.0175504923008	0.0222431575027	0.0580127239426	-0.0230437885078	-0.0258676151097	0.0200495826407	-0.0127766635917	0.0151588935937	0.0444934262962	-0.00472669663983	0.0172290164449	0.0220036569316	1.0	0.0038749612455	0.0229896129794	-0.0556315865523	0.033281340911	0.000458352933086	-0.0673922579075	0.0196172546279	-0.035214222876	0.0271986407171	-0.000387461687585	-0.0325247414061	0.0468514870512	0.0054862647314	0.009309569781	-0.0110687846871	-0.0216672284005	-0.00247859160591	0.0321764966462	-0.0301066422915	-0.0360431880243	-0.00350696446795	0.0204828947033	-0.0437420873469	-0.017928622208	-0.0299095351834	-0.0794316476289	0.0270524147517	-0.00413385552921	0.0110079268152	0.00119184922186	0.00954181549332	0.00464339761711	-0.0170061839919	-0.011641237192	-0.104048200773	-0.0482979959687	-0.00069916788491	0.0110517048411	0.0300956091615	-0.0365649796377	0.0406544371935	-0.0568939459966
k__Bacteria;p__Proteobacteria;c__Betaproteobacteria;o__Burkholderiales;f__Sutterellaceae;g__Sutterella;s__Sutterella_wadsworthensis	-0.0592169698286	-0.0221896295304	0.0549465232941	-0.00936059826579	-0.0353412245359	0.0342599451007	0.00715239229725	0.00483624108993	0.0527882715257	-0.0539954456212	-0.00371209779074	-0.0461642284307	-0.0370115652723	-0.037894929102	-0.0260562217532	4.26587608099e-05	0.0038749612455	1.0	-0.025716795073	0.0348193593112	-0.0394277365203	-5.50950180843e-05	0.016849705404	0.0471051880959	0.0407359570188	-0.0144177867254	0.0233223367123	0.0177276894316	0.00634701123544	0.0175879948159	-0.0547364402854	-0.00842628913632	0.00167320842015	0.00804871712409	-0.0235995755137	0.00985572588185	0.0114191040052	-0.00529458146341	0.0253623191925	0.0271274365081	-0.0167914537578	-0.0284423681552	0.0484206453615	-0.00229810165258	-0.0244529801427	-0.0308666405571	0.00533094331917	-0.0913616047545	0.0196913463098	0.0190900213236	0.00132869207832	-0.011648248393	0.0282617976003	0.0712224812868	-0.0734176152405	0.0198672572561	0.0174918297758	0.00342048837442	-0.00891396178619
k__Bacteria;p__Bacteroidetes;c__Bacteroidia;o__Bacteroidales;f__Porphyromonadaceae;g__Barnesiella;s__Barnesiella_intestinihominis	0.00188816637516	-0.0446790843085	0.00368423342233	-0.0390356845615	-0.0156331312648	-0.00967346182199	-0.0405890591982	-0.0114975423387	-0.0182218480678	-0.0684984115434	-0.00317551874072	-0.025678051407	0.0172709902965	-0.0842129402674	-0.039446503006	0.0363164811345	0.0229896129794	-0.025716795073	1.0	0.0592951737203	-0.0463527345573	0.0396600802178	0.0367188722737	-0.026535767806	0.0483133525452	-0.015698600201	-0.00649550820191	-0.0283689535046	0.0203221158052	0.0427729859096	0.0361719788696	-0.00404093893105	0.00703422487919	0.0300399306061	-0.0532990759648	-0.073289449112	-0.0219643013642	-0.0041142092561	0.0118626504247	-0.0679907001494	-0.0344166233128	0.0213945486912	0.020902428902	-0.0515101670424	-0.049233962323	0.000382658404042	-0.00700279166152	0.0191399476795	-0.0831341032912	-0.0233611112091	0.0343163444559	-0.0089440097966	-0.031279092414	-0.0817012663695	-0.00894396003784	-0.00200281006985	0.00877877714839	0.0330312180546	0.0120156243336
k__Bacteria;p__Bacteroidetes;c__Bacteroidia;o__Bacteroidales;f__Odoribacteraceae;g__Odoribacter;s__Odoribacter_splanchnicus	-0.0624281905552	-0.0230489045062	-0.0545208856503	0.0197685638328	0.00153367202484	0.00219234418018	-0.0198535600157	-0.0126100688994	-0.0281625376078	-0.0384876534437	0.00741074091373	-0.018841824275	0.0626888119942	-0.0412403523196	0.0103164054255	0.0633384728097	-0.0556315865523	0.0348193593112	0.0592951737203	1.0	-0.0141495899715	-0.0720866178933	-0.0100402163473	0.0288876823946	0.018247729385	0.0138596875581	-0.0583153225965	-0.0551875068181	-0.051170655872	0.00957850579057	-0.0592674046891	0.0355833725235	-0.00852257746176	-0.00484695477439	-0.0366493639282	0.0632812751691	-0.00400039521013	-0.0360248481086	-0.0139371603412	0.0440908460022	-0.0281227603795	-0.0283298854361	-0.000506490167854	-0.0414657383994	-0.0341339425326	-0.013976116289	-0.0299535469346	-0.0266831224988	0.0398925570054	0.0247083690137	-0.0145227463457	0.0284926279916	0.0352993947546	-0.0105494926199	0.00330447784985	0.0508457942055	0.0154507590829	0.0215680665565	0.0234679838229
k__Bacteria;p__Bacteroidetes;c__Bacteroidia;o__Bacteroidales;f__Bacteroidaceae;g__Bacteroides;s__Bacteroides_salyersiae	-0.032764422359	-0.00387601778748	-0.00189830293691	0.00836840864325	-0.00500280237606	0.0114456326629	-0.043421998478	0.0298251825629	-0.0110516614136	0.00530932033611	-0.0244073965863	0.00840647199676	0.00139276750773	0.0162134716414	0.0134039074192	-0.081576024449	0.033281340911	-0.0394277365203	-0.0463527345573	-0.0141495899715	1.0	-0.015375638397	0.00595191048777	0.00879478505032	-0.00664732575316	-0.0126728212959	0.0114920595346	-0.0580600629151	-0.00961419949695	0.0409856663408	0.0770796335064	-0.00207379108956	-0.0198834102758	0.00701294471874	0.0214528882455	0.00705925782938	-0.00376798021159	0.00481382053755	-0.0213623596223	0.0487815290868	0.0135229373044	0.053832601114	-0.00406692330924	-0.0489972241025	-0.00234078318397	-0.00557447965279	-0.0538666182655	0.00342365861179	-0.0319047037161	-0.0518261336285	0.0343631010354	-0.0443503693294	-0.00129976107787	-0.0389922885643	-0.0177486811506	0.044421227916	-0.0241838327524	0.0616168477218	-0.021553229109
k__Bacteria;p__Firmicutes;c__Clostridia;o__Clostridiales;f__Ruminococcaceae;g__Ruminiclostridium;s__[Eubacterium]_siraeum	0.0192425989609	-0.0308051523399	-0.00751631017507	-0.0363422403401	-0.0412667678172	0.0200770026632	0.00143447537248	0.0425932446593	0.0223827287972	-0.0469989371764	-0.0239415430875	-0.036225782316	0.00622222169283	0.0384395863202	0.0529421039109	-0.0407758315588	0.000458352933086	-5.50950180844e-05	0.0396600802178	-0.0720866178933	-0.015375638397	1.0	-0.0287467351467	0.00830819582391	0.0271283092875	-0.0560812460709	0.0403181793763	0.00098515898808	-0.0203344467355	-0.0212851434413	-0.000697181409876	0.0292965994778	0.0210505129256	-0.0621846728607	-0.0431901521738	-0.0564216182263	-0.0230663121418	0.0253547235905	-0.000209662865186	-0.00274083075458	0.0267583199178	-0.00734281237126	-0.070067935902	-0.0447542166914	-0.00740006901352	0.00198058457876	0.0255083016908	0.0318548820309	0.0208651220202	-0.0489962680232	-0.00442673809669	-0.0140569515638	-0.004132281003	-0.00161790909467	-0.0328565547149	-0.0235044430842	0.0237080909933	-0.000571546050628	-0.00465650434519
k__Bacteria;p__Proteobacteria;c__Betaproteobacteria;o__Burkholderiales;f__Sutterellaceae;g__Parasutterella;s__Parasutterella_excrementihominis	0.0580814593688	-0.0595353679419	-0.0665713704936	0.0189221287199	-0.0163847091515	-0.0114980643232	-0.00303247329867	-0.0161873046149	0.0205961121686	-0.0313978180671	0.0073019293799	0.0440207989091	-0.0857741748242	0.00256102742371	-0.0331759375592	-0.0048418874226	-0.0673922579075	0.016849705404	0.0367188722737	-0.0100402163473	0.00595191048777	-0.0287467351467	1.0	0.0125847404014	-0.0130915382189	-0.0320514277692	0.014607601546	-0.024298905638	0.00545878726042	0.0786442371369	-0.0254696580343	-0.066025661471	-0.0359628957694	0.0592956844105	-0.060653235618	-0.0541663834239	0.00633234692042	0.0302909324216	0.00134111375944	-0.0316122316393	0.0292648886139	-0.0610584332723	-0.0337035591547	-0.0174299485585	0.0271091995922	-0.0382472148451	0.0431088179875	-0.0132807908549	-0.0200023980493	-0.0268484500073	-0.0234113712473	0.0287886185404	0.016801193777	-0.05080332309	0.00588977253642	-0.00544829716119	-0.0339590553111	0.0134797895151	-0.0312487080996
k__Bacteria;p__Actinobacteria;c__Actinobacteria;o__Bifidobacteriales;f__Bifidobacteriaceae;g__Bifidobacterium;s__Bifidobacterium_adolescentis	-0.00327451202313	0.00809961412226	-0.00475784612041	-0.00854170384257	-0.0762553246825	0.0201569567335	-0.0100063354692	-0.0252716549637	-0.00260308929555	-0.000871948890922	-0.0152162159505	0.0288744460284	-0.0241855122835	-0.0449368266907	-0.0268534948837	0.000798782971969	0.0196172546279	0.0471051880959	-0.026535767806	0.0288876823946	0.00879478505032	0.00830819582391	0.0125847404014	1.0	-0.021315724808	0.0138035623877	-0.0160893701541	0.0205894245239	0.0141595901985	0.0542171448945	-0.0110193050473	-0.0146737726518	-0.0112794494152	0.0146712430722	0.0469148382712	0.0563621977908	-0.0187468073587	0.0222135560115	-0.00279443072802	0.048400472422	-0.0582325715255	-0.0685245788118	-0.0499634633115	-0.0484232348691	-0.0275452130311	0.0516843677028	-0.0348293026912	0.0107600978381	-0.0150616908392	-0.0379918556025	-0.0197176185919	-0.0327275559907	0.0337505967723	-0.0434684806929	-0.00259682918407	-0.0840191758584	0.0323911521047	-0.0333008070332	0.0208905536373
k__Bacteria;p__Firmicutes;c__Clostridia;o__Clostridiales;f__Oscillospiraceae;g__Oscillibacter;s__Oscillibacter_sp._KLE_1745	-0.0645217834992	-0.0196496633554	0.0291745758383	0.031986615027	-0.0116053924497	-0.0127063631414	-0.00394021033235	0.0139669553637	-0.0158504932842	0.0303129265466	-0.0344698157303	-0.0639934681306	0.0270380780778	-0.0476872033263	0.012991185441	0.0390130446615	-0.035214222876	0.0407359570188	0.0483133525452	0.018247729385	-0.00664732575316	0.0271283092875	-0.0130915382189	-0.021315724808	1.0	0.0059237771526	-0.0292594621374	-0.0204543411126	-0.0475236580977	-4.16467314742e-05	-0.000435714119126	-0.0251341932344	-0.0317698826199	-0.0638006219308	0.0415735726191	-0.0164044305722	0.0517700723629	-0.035528908854	-0.0386041532736	-0.0254816726658	0.0357295056723	-0.00306668392206	0.0094283620843	-0.00734409517242	0.00760870284121	-0.0268380218076	-0.0507384144284	-0.0215727589604	-0.0127760500652	0.0371296379857	-0.0604066530069	0.0122562560087	0.0508974972351	-0.021391381587	0.0889934446913	0.0233185043046	0.0667081328329	0.0123704238583	-0.0776159094584
k__Bacteria;p__Bacteroidetes;c__Bacteroidia;o__Bacteroidales;f__Bacteroidaceae;g__Bacteroides;s__Bacteroides_coprophilus	-0.101297182133	0.0333041054673	0.0144103988838	-0.00293380208397	-0.00958201480305	-0.0708832660757	0.0306904795823	-0.0478773575354	-0.0555349411072	0.0156084480636	-0.00370591157297	0.0185184287696	-0.00567705580937	0.0437997690374	-0.0592963406531	-0.00365979076944	0.0271986407171	-0.0144177867254	-0.015698600201	0.0138596875581	-0.0126728212959	-0.0560812460709	-0.0320514277692	0.0138035623877	0.0059237771526	1.0	-0.00291481610449	-0.0336433263866	-0.0101293052557	0.0531225037418	-0.0181523806616	0.0424449059339	-0.0611273297338	-0.0255868492794	-0.0239604970562	0.0219294945211	0.0699190928192	-0.0531354002008	-0.0159208081325	-0.00219138672664	-0.0216067778214	-0.00288281601043	0.0477672697759	0.0409605620798	-0.0282221823026	-0.0122003582189	-0.0168194156406	-0.00497541299466	-0.0117032872517	0.001828250081	0.0281522459557	-0.0361600645586	-0.0146830681975	0.0411381115339	0.00581341495729	0.0377511224421	0.0294057115627	-0.038266923801	-0.00752013376955
k__Bacteria;p__Firmicutes;c__Clostridia;o__Clostridiales;f__Lachnospiraceae;g__Roseburia;s__Roseburia_intestinalis	-0.0662591506343	0.0020590220192	0.0223654790635	0.00111598212836	0.0509153496159	0.0593554942196	0.0496709234646	-0.0377070197508	-0.0290527377036	0.00466932422272	0.0529237134798	-0.0648957394778	-0.0118538110513	-0.0200829782419	-0.0467867352166	-0.0382116309966	-0.000387461687585	0.0233223367123	-0.00649550820191	-0.0583153225965	0.0114920595346	0.0403181793763	0.014607601546	-0.0160893701541	-0.0292594621374	-0.00291481610449	1.0	-0.0228604445039	-0.0168842261487	-0.00602838586543	0.0325614948045	-0.0265716093494	0.0379080135623	-0.00674562947705	0.0103598797776	-0.0134996432171	-0.0190018032799	0.000670878581623	-0.0262344328091	0.0186082476171	-0.0433660476727	-0.00593845506673	0.0584383285504	0.0288224524771	-0.0108136017076	0.0134393401524	-0.0137219789405	0.000968797902301	-0.0302155711689	0.00605178894475	-0.0482317857972	0.00314081216245	0.00736405197578	-0.0102559977772	0.0139911052203	-0.0670324143225	0.0694203890059	-0.0406421072074	-0.00385183587056
k__Bacteria;p__Firmicutes;c__Clostridia;o__Clostridiales;f__Lachnospiraceae;g__Roseburia;s__Roseburia_hominis	0.0090573243478	0.0301354730413	0.00818426731087	-0.0200545160901	0.0429875456393	-0.0422670499297	0.00350938623881	0.00110230454411	-0.0465512735981	-0.0244761758677	-0.00902052168032	-0.0045524042287	-0.00299708621884	-0.00248322135429	-0.00571474352717	0.00442596713831	-0.0325247414061	0.0177276894316	-0.0283689535046	-0.0551875068181	-0.0580600629151	0.00098515898808	-0.024298905638	0.0205894245239	-0.0204543411126	-0.0336433263866	-0.0228604445039	1.0	0.0173587734068	0.0172614203159	0.0107457404571	-0.00192842976948	0.00821556045776	0.0353855490402	0.00882288747453	-0.00587938538122	-0.0317939934233	0.00119785814845	-0.0428758359946	-0.0491028801942	-0.0834415785797	-0.0368383948234	-0.00626585366065	0.0101615886563	0.0201379678706	0.0149972324581	-0.00370439929812	-0.0323403175059	0.00359631197279	-0.0329691012258	0.0591748232782	-0.028867417555	0.00482780924723	0.0392221626367	0.0432977945548	-0.0112043076861	-0.05144492574	0.102108616537	-0.0140742677824
k__Bacteria;p__Bacteroidetes;c__Bacteroidia;o__Bacteroidales;f__Porphyromonadaceae;g__Parabacteroides;s__Parabacteroides_johnsonii	0.0360850790777	-0.050710424965	-0.0184373830025	0.00408666708017	0.00684236830888	0.00890134740965	-0.00704447393399	-0.0317499348084	0.000161219319124	-0.00854913751596	0.019586772185	-0.0202833654295	-0.0411946587544	0.0135973151061	0.0268558654251	0.0529441497956	0.0468514870512	0.00634701123544	0.0203221158052	-0.051170655872	-0.00961419949695	-0.0203344467355	0.00545878726042	0.0141595901985	-0.0475236580977	-0.0101293052557	-0.0168842261487	0.0173587734068	1.0	0.0241457563354	-0.0265186795451	-0.0806322409454	-0.0340814226033	0.0131905222975	-0.0320829748865	-0.0275260166311	-0.00816887517246	-0.0509923293932	-0.0512581350877	-0.0551356109868	-0.0807257520973	-0.043757383554	0.039251809361	-0.0179232675811	-0.0185956220364	0.0169449566849	-0.0162049665315	-0.0230954802765	0.0132014707094	-0.00251039229075	0.000206749996958	-0.000585501681838	0.000483662201658	0.00717446740343	-0.0107640789191	0.0221089811726	-0.0586061075563	0.00948814216618	-0.0246816797935
