#taxonomy	k__Bacteria;p__Bacteroidetes;c__Bacteroidia;o__Bacteroidales;f__Bacteroidaceae;g__Bacteroides;s__Bacteroides_vulgatus	k__Bacteria;p__Bacteroidetes;c__Bacteroidia;o__Bacteroidales;f__Bacteroidaceae;g__Bacteroides;s__Bacteroides_uniformis	k__Bacteria;p__Bacteroidetes;c__Bacteroidia;o__Bacteroidales;f__Rikenellaceae;g__Alistipes;s__Alistipes_putredinis	k__Bacteria;p__Bacteroidetes;c__Bacteroidia;o__Bacteroidales;f__Prevotellaceae;g__Prevotella;s__Prevotella_copri	k__Bacteria;p__Bacteroidetes;c__Bacteroidia;o__Bacteroidales;f__Bacteroidaceae;g__Bacteroides;s__Bacteroides_stercoris	k__Bacteria;p__Bacteroidetes;c__Bacteroidia;o__Bacteroidales;f__Bacteroidaceae;g__Bacteroides;s__Bacteroides_ovatus	k__Bacteria;p__Bacteroidetes;c__Bacteroidia;o__Bacteroidales;f__Rikenellaceae;g__Alistipes;s__Alistipes_shahii	k__Bacteria;p__Firmicutes;c__Clostridia;o__Clostridiales;f__Ruminococcaceae;g__Faecalibacterium;s__Faecalibacterium_prausnitzii	k__Bacteria;p__Bacteroidetes;c__Bacteroidia;o__Bacteroidales;f__Rikenellaceae;g__Alistipes;s__Alistipes_finegoldii	k__Bacteria;p__Bacteroidetes;c__Bacteroidia;o__Bacteroidales;f__Porphyromonadaceae;g__Parabacteroides;s__Parabacteroides_distasonis	k__Bacteria;p__Bacteroidetes;c__Bacteroidia;o__Bacteroidales;f__Bacteroidaceae;g__Bacteroides;s__Bacteroides_thetaiotaomicron	k__Bacteria;p__Bacteroidetes;c__Bacteroidia;o__Bacteroidales;f__Bacteroidaceae;g__Bacteroides;s__Bacteroides_coprocola	k__Bacteria;p__Bacteroidetes;c__Bacteroidia;o__Bacteroidales;f__Bacteroidaceae;g__Bacteroides;s__Bacteroides_cellulosilyticus	k__Bacteria;p__Bacteroidetes;c__Bacteroidia;o__Bacteroidales;f__Rikenellaceae;g__Alistipes;s__Alistipes_obesi	k__Bacteria;p__Firmicutes;c__Clostridia;o__Clostridiales;f__Lachnospiraceae;g__;s__[Eubacterium]_rectale	k__Bacteria;p__Bacteroidetes;c__Bacteroidia;o__Bacteroidales;f__Bacteroidaceae;g__Bacteroides;s__Bacteroides_plebeius	k__Bacteria;p__Bacteroidetes;c__Bacteroidia;o__Bacteroidales;f__Bacteroidaceae;g__Bacteroides;s__Bacteroides_fragilis	k__Bacteria;p__Proteobacteria;c__Betaproteobacteria;o__Burkholderiales;f__Sutterellaceae;g__Sutterella;s__Sutterella_wadsworthensis	k__Bacteria;p__Bacteroidetes;c__Bacteroidia;o__Bacteroidales;f__Porphyromonadaceae;g__Barnesiella;s__Barnesiella_intestinihominis	k__Bacteria;p__Bacteroidetes;c__Bacteroidia;o__Bacteroidales;f__Odoribacteraceae;g__Odoribacter;s__Odoribacter_splanchnicus	k__Bacteria;p__Bacteroidetes;c__Bacteroidia;o__Bacteroidales;f__Bacteroidaceae;g__Bacteroides;s__Bacteroides_salyersiae	k__Bacteria;p__Firmicutes;c__Clostridia;o__Clostridiales;f__Ruminococcaceae;g__Ruminiclostridium;s__[Eubacterium]_siraeum	k__Bacteria;p__Proteobacteria;c__Betaproteobacteria;o__Burkholderiales;f__Sutterellaceae;g__Parasutterella;s__Parasutterella_excrementihominis	k__Bacteria;p__Actinobacteria;c__Actinobacteria;o__Bifidobacteriales;f__Bifidobacteriaceae;g__Bifidobacterium;s__Bifidobacterium_adolescentis	k__Bacteria;p__Firmicutes;c__Clostridia;o__Clostridiales;f__Oscillospiraceae;g__Oscillibacter;s__Oscillibacter_sp._KLE_1745	k__Bacteria;p__Bacteroidetes;c__Bacteroidia;o__Bacteroidales;f__Bacteroidaceae;g__Bacteroides;s__Bacteroides_coprophilus	k__Bacteria;p__Firmicutes;c__Clostridia;o__Clostridiales;f__Lachnospiraceae;g__Roseburia;s__Roseburia_intestinalis	k__Bacteria;p__Firmicutes;c__Clostridia;o__Clostridiales;f__Lachnospiraceae;g__Roseburia;s__Roseburia_hominis	k__Bacteria;p__Bacteroidetes;c__Bacteroidia;o__Bacteroidales;f__Porphyromonadaceae;g__Parabacteroides;s__Parabacteroides_johnsonii	k__Bacteria;p__Actinobacteria;c__Actinobacteria;o__Bifidobacteriales;f__Bifidobacteriaceae;g__Bifidobacterium;s__Bifidobacterium_longum	k__Bacteria;p__Firmicutes;c__Clostridia;o__Clostridiales;f__;g__Flavonifractor;s__Flavonifractor_plautii	k__Bacteria;p__Firmicutes;c__Clostridia;o__Clostridiales;f__Clostridiaceae;g__Clostridium;s__Clostridium_phoceensis	k__Bacteria;p__Verrucomicrobia;c__Verrucomicrobiae;o__Verrucomicrobiales;f__Akkermansiaceae;g__Akkermansia;s__Akkermansia_muciniphila	k__Bacteria;p__Bacteroidetes;c__Bacteroidia;o__Bacteroidales;f__Prevotellaceae;g__Paraprevotella;s__Paraprevotella_xylaniphila	k__Bacteria;p__Firmicutes;c__Clostridia;o__Clostridiales;f__Ruminococcaceae;g__Ruminococcus;s__Ruminococcus_callidus	k__Bacteria;p__Bacteroidetes;c__Bacteroidia;o__Bacteroidales;f__Rikenellaceae;g__Alistipes;s__Alistipes_senegalensis	k__Bacteria;p__Firmicutes;c__Clostridia;o__Clostridiales;f__Lachnospiraceae;g__Blautia;s__Blautia_sp._KLE_1732	k__Bacteria;p__Bacteroidetes;c__Bacteroidia;o__Bacteroidales;f__Bacteroidaceae;g__Bacteroides;s__Bacteroides_oleiciplenus	k__Bacteria;p__Firmicutes;c__Clostridia;o__Clostridiales;f__Ruminococcaceae;g__Ruminococcus;s__Ruminococcus_bicirculans	k__Bacteria;p__Bacteroidetes;c__Bacteroidia;o__Bacteroidales;f__Bacteroidaceae;g__Bacteroides;s__Bacteroides_fluxus	k__Bacteria;p__Bacteroidetes;c__Bacteroidia;o__Bacteroidales;f__Prevotellaceae;g__Prevotella;s__Prevotella_stercorea	k__Bacteria;p__Firmicutes;c__Clostridia;o__Clostridiales;f__Lachnospiraceae;g__Dorea;s__Dorea_longicatena	k__Bacteria;p__Firmicutes;c__Clostridia;o__Clostridiales;f__Eubacteriaceae;g__Eubacterium;s__[Eubacterium]_eligens	k__Bacteria;p__Firmicutes;c__Clostridia;o__Clostridiales;f__Ruminococcaceae;g__;s__Ruminococcaceae_bacterium_D16	k__Bacteria;p__Firmicutes;c__Clostridia;o__Clostridiales;f__Lachnospiraceae;g__Coprococcus;s__Coprococcus_comes	k__Bacteria;p__Proteobacteria;c__Gammaproteobacteria;o__Enterobacterales;f__Enterobacteriaceae;g__Escherichia;s__Escherichia_coli	k__Bacteria;p__Firmicutes;c__Clostridia;o__Clostridiales;f__Ruminococcaceae;g__Anaerotruncus;s__Anaerotruncus_colihominis	k__Bacteria;p__Firmicutes;c__Clostridia;o__Clostridiales;f__Lachnospiraceae;g__Blautia;s__Blautia_obeum	k__Bacteria;p__Bacteroidetes;c__Bacteroidia;o__Bacteroidales;f__Odoribacteraceae;g__Odoribacter;s__Odoribacter_laneus	k__Bacteria;p__Firmicutes;c__Clostridia;o__Clostridiales;f__Ruminococcaceae;g__Ruminiclostridium;s__[Clostridium]_leptum	k__Bacteria;p__Bacteroidetes;c__Bacteroidia;o__Bacteroidales;f__Porphyromonadaceae;g__Parabacteroides;s__Parabacteroides_goldsteinii	k__Bacteria;p__Firmicutes;c__Clostridia;o__Clostridiales;f__Lachnospiraceae;g__Anaerostipes;s__Anaerostipes_hadrus	k__Bacteria;p__Firmicutes;c__Clostridia;o__Clostridiales;f__Ruminococcaceae;g__Ruminococcus;s__Ruminococcus_lactaris	k__Bacteria;p__Firmicutes;c__Clostridia;o__Clostridiales;f__Clostridiaceae;g__Clostridium;s__Clostridium_sp._L2-50	k__Bacteria;p__Firmicutes;c__Clostridia;o__Clostridiales;f__Clostridiaceae;g__Clostridium;s__Clostridium_sp._M62/1	k__Bacteria;p__Firmicutes;c__Clostridia;o__Clostridiales;f__;g__Intestinimonas;s__Intestinimonas_butyriciproducens	k__Bacteria;p__Actinobacteria;c__Actinobacteria;o__Bifidobacteriales;f__Bifidobacteriaceae;g__Bifidobacterium;s__Bifidobacterium_bifidum	k__Bacteria;p__Firmicutes;c__Negativicutes;o__Veillonellales;f__Veillonellaceae;g__Dialister;s__Dialister_invisus	k__Bacteria;p__Bacteroidetes;c__Bacteroidia;o__Bacteroidales;f__Bacteroidaceae;g__Bacteroides;s__Bacteroides_salanitronis
k__Bacteria;p__Bacteroidetes;c__Bacteroidia;o__Bacteroidales;f__Bacteroidaceae;g__Bacteroides;s__Bacteroides_vulgatus	1.0	-0.0452035212808	-0.0339645861162	-0.0804258167655	0.0405313908126	-0.0253730368486	0.0124583564332	0.00677251873656	0.00324603633692	0.0127698928654	0.0074245675813	-0.0686820632909	0.0166501961929	-0.00769745846052	-0.00877020974908	0.0210882237924	-0.0145176704595	0.00156993360229	-0.000815518575211	0.0184793122867	0.0394140487128	0.0109753183264	-0.0173293473758	0.039226624481	-0.0255533590707	-0.00957783762487	-0.0478503213464	-0.00342172910017	0.0592895729439	-0.00702712659291	-0.0780585907571	0.0592551947072	-0.00325565568724	0.0300480737701	0.0281576129317	-0.0436644527144	-0.034553296528	0.00087704595634	0.0438416910412	0.0211701895536	0.014521396078	-0.021758271271	0.0577986376367	-0.019891909414	0.0228430043566	-0.0197805360632	-0.098683914807	-0.034407411079	0.0290646774795	0.0156797139981	0.00210506803783	-0.0481640037775	-0.0185502117715	-0.0581368353628	0.0109292198239	0.0337330142189	-0.0314690921588	0.000600865120064	0.0557560920118
k__Bacteria;p__Bacteroidetes;c__Bacteroidia;o__Bacteroidales;f__Bacteroidaceae;g__Bacteroides;s__Bacteroides_uniformis	-0.0452035212808	1.0	-0.0317330799654	-0.012460891916	0.058019083344	-0.0196972360583	0.022846871495	0.00204209138181	0.0443088203584	0.0223166321226	-0.0418929892025	0.0152235445036	-0.00797521860861	0.0689841995714	0.0321614321815	-0.0172212571724	-0.0239452875566	-0.0577261275017	-0.0240720014726	-0.0236197555199	-0.029761903301	0.00798337892007	-0.00723389552983	0.0305822039935	-0.0163377044521	-0.0148631690576	-0.0343268499853	0.00107770578002	-0.0138044594442	0.0110290444951	-0.00896697355547	-0.00118469642307	-0.00514769958364	-0.00735377110105	0.0533968022822	0.0226060612516	-0.0212568237355	-0.0964883647305	-0.00259299496422	-0.0419574171088	-0.0246912414842	0.00971126712788	0.0241577171512	-0.0194894999543	-0.0215461785329	-0.0368595668662	0.0121251749186	-0.00499847616195	-0.0429981183336	0.0347957412652	-0.0607783962485	0.011906985275	0.0451526469661	-0.00859468033092	-0.027892271962	-0.0118520765067	0.0254782323837	-0.039945059971	-0.000522620662297
k__Bacteria;p__Bacteroidetes;c__Bacteroidia;o__Bacteroidales;f__Rikenellaceae;g__Alistipes;s__Alistipes_putredinis	-0.0339645861162	-0.0317330799654	1.0	0.00803665688288	-0.0713937247499	-0.0216157854177	-0.0559789121445	-0.0429012264992	-0.041139097087	-0.0514410750754	0.00740794649677	-0.0156453084469	0.00585171151106	-0.0157593158549	-0.00931368863461	-0.0895599146428	0.0547946257573	-0.0329266705177	0.0555924060063	0.000370443476495	-0.0251151933407	-0.0169252437266	0.0343191357844	-0.0281586147416	0.0350857256126	-0.00541319091921	-0.025100986049	0.0238534150312	-0.0285219748391	0.0532817231773	-0.00836992681192	-0.0261356114087	0.0258031866402	-0.022483082286	-0.050864629698	0.0128110915233	-0.0543420438263	-0.0289935049476	0.0489002856125	-0.0347463389064	-0.00882281615895	0.0291761589148	-0.00579958654142	-0.0685583095167	0.0332725003156	0.0028648651653	0.00381492737951	-0.0027559618057	-0.0612538909214	0.0220578651763	-0.0773079918591	-0.0333198458523	-0.0201150360062	0.0125099682743	-0.0257464119125	0.0190610828622	-0.0106258098525	0.0260621663604	0.0598986516487
k__Bacteria;p__Bacteroidetes;c__Bacteroidia;o__Bacteroidales;f__Prevotellaceae;g__Prevotella;s__Prevotella_copri	-0.0804258167655	-0.012460891916	0.00803665688288	1.0	-0.0311263875242	-0.00298166673285	0.00186456082754	0.00154368754088	0.019084594835	-0.0132130313278	-0.00694421703837	0.0356342631832	-0.0279310095759	0.0533958108746	-0.0385987289773	0.0314808188668	-0.0503743321079	-0.0228996265352	-0.0384820533559	0.0472907629156	-0.0174103371501	0.00230900563983	0.00913786382504	-0.0561978413983	-0.0526208434589	-0.0529188127889	-0.00429216843522	-0.0365424937913	0.0136583153088	-0.0138007734497	-0.00870218707811	-0.0343973600119	0.0578231319563	0.025535793595	0.016086676765	-0.091079062091	-0.0381411499202	0.0365835338397	0.00295140526466	0.0202962260588	-0.0288280701972	-0.0483936716077	0.0461346044397	-0.0135273572772	-0.0224340196619	-0.022272927152	-0.0134853784877	-0.0180327908077	-0.0299576163674	-0.0266206591168	0.0117926141819	-0.00541343990572	0.00506507085559	-0.0408362799932	0.0304943246414	-0.0372490451129	-0.0400877559472	-0.00979243282298	-0.0263750582187
k__Bacteria;p__Bacteroidetes;c__Bacteroidia;o__Bacteroidales;f__Bacteroidaceae;g__Bacteroides;s__Bacteroides_stercoris	0.0405313908126	0.058019083344	-0.0713937247499	-0.0311263875242	1.0	0.0320657641315	-0.0106295604703	-0.0214186233548	-0.013448058822	-0.0468483795786	-0.0134577184554	-0.0282544666216	-0.00386668007068	-0.0299607546066	0.00141001366546	-0.0252516407043	-0.0275699502582	0.0105294160649	-0.00523580718233	-0.0592806913758	-0.010500636275	0.0256983318901	-0.0354252177541	0.0645664241099	-0.0201069258581	-0.0210432917392	0.0773407095466	0.00776500304968	-0.0551270174406	-0.0261598795654	-0.0433548763009	0.0146717844361	-0.00241199029453	0.0193921183825	0.0252864464938	-0.00658211016648	0.00631771817943	0.0215226522522	0.0202507487877	-0.0316489063479	0.0186314208973	-0.0322853535922	-0.0815558926737	0.0270809273473	-0.0587599942775	-0.0163450547881	-0.00532470770856	0.034786265919	-0.0347701300799	-0.00307680934484	-0.0240840187206	0.00162718114682	0.0541234691049	-0.0576851550749	-0.0161261729861	0.0321115647221	-0.0378463331701	-0.0405165675946	-0.014624108887
k__Bacteria;p__Bacteroidetes;c__Bacteroidia;o__Bacteroidales;f__Bacteroidaceae;g__Bacteroides;s__Bacteroides_ovatus	-0.0253730368486	-0.0196972360583	-0.0216157854177	-0.00298166673285	0.0320657641315	1.0	-0.00885182567726	0.0763104586415	-0.0149823362771	-0.0162358400383	0.0293336723097	0.0089582888519	-0.0139774063383	0.0248765475477	-0.0164564235009	-0.052614927524	-0.0140361647493	0.0482289292686	-0.0254354048191	0.0292253740156	0.0268992872087	-0.0118471220161	-0.0258701819617	-0.0110019709668	0.0322535980931	0.0125326104825	-0.0445000122726	0.00295192564209	-0.00319698295261	-0.0142296364464	-0.0187892575058	-0.0416734209202	-0.0351324342919	-0.0682463644282	0.0510884622655	-0.0204891278149	0.0160462622277	0.0222921759384	-0.0133333731745	-0.022631427844	-0.0188140201592	-0.0254868050772	0.0157386190087	0.0316979146656	0.00563128400116	-0.0335603558882	-0.0549581921893	-0.00560464514081	-0.0105173382921	0.000822752249794	0.0324743554402	0.0217313515589	-0.00940786261347	0.0885822306862	-0.0368577765025	-0.030655999787	-0.0388081978782	-0.0209248481248	0.00451449747296
k__Bacteria;p__Bacteroidetes;c__Bacteroidia;o__Bacteroidales;f__Rikenellaceae;g__Alistipes;s__Alistipes_shahii	0.0124583564332	0.022846871495	-0.0559789121445	0.00186456082754	-0.0106295604703	-0.00885182567726	1.0	-0.0102028370979	0.0553226339336	0.00854342565307	0.0289335761331	0.00519135348665	0.0027903594699	-0.0209095755143	-0.0206319320629	0.0641104025409	-0.00860566486349	-0.0509513711667	-0.0220563254228	-0.0543561173857	0.0479034409635	0.00836505925242	-0.042561272405	0.0344788863215	0.0300742468039	0.0181086195191	-0.0409267989377	-0.0525832911748	-0.00800412287867	0.00116978856609	0.043432970241	-0.00697203537613	-0.0447503721372	0.0329265405861	-0.00957008056845	-0.0481003569573	-0.0395790010651	-0.0142132569197	-0.0351200692564	0.0104657595121	-0.0189785004031	0.00114449371982	-0.00640931878269	0.00014773474415	0.0452562818846	-0.0259896403283	-0.00466579813299	0.0242694590457	-0.0358529032605	-0.013231460443	-0.0187022770041	-0.0632061810101	-0.0723890829952	0.005147785062	-0.0258901785661	0.0575713311316	-0.0332935813638	-0.0979168038893	-0.0112475421527
k__Bacteria;p__Firmicutes;c__Clostridia;o__Clostridiales;f__Ruminococcaceae;g__Faecalibacterium;s__Faecalibacterium_prausnitzii	0.00677251873656	0.00204209138181	-0.0429012264992	0.00154368754088	-0.0214186233548	0.0763104586415	-0.0102028370979	1.0	0.0196965025739	0.0485033511659	-0.0488210665003	0.0262886556644	0.0465078783778	-0.0558924530451	-0.00129250133769	0.0105508452879	-0.023474521503	-0.0119876669111	-0.00730116458115	-0.0512647879173	0.00945615597503	0.0141897257967	0.00979943128481	-0.0163570931142	-0.00603041854991	0.0190984560183	0.0170262316718	-0.0453878568594	0.0135743639933	-0.00048155424297	-0.0342365086721	-0.0168272460505	0.00320131320401	-0.0648595229175	-0.0349835937727	0.0366697693242	0.00116119729386	-0.041657651051	0.00603626443536	-0.031192271771	0.0499439472089	-0.0157060456699	0.0209361044799	0.00496865177204	-0.0335078203139	0.0639884835518	-0.024276450857	0.0200859185602	-0.017459364625	-0.0343767288368	0.022501304944	-0.0831200323779	-0.0453522360247	0.0423812922605	0.0410142070822	0.0360044254607	0.019616593462	0.03274232127	-0.0314531537009
k__Bacteria;p__Bacteroidetes;c__Bacteroidia;o__Bacteroidales;f__Rikenellaceae;g__Alistipes;s__Alistipes_finegoldii	0.00324603633692	0.0443088203584	-0.041139097087	0.019084594835	-0.013448058822	-0.0149823362771	0.0553226339336	0.0196965025739	1.0	0.0294881339323	0.000177376930049	-0.0391712898366	-0.0262918831505	0.0107526421257	-0.0241439597424	-0.00940321644255	-0.00353128036612	0.0239382108227	0.00167678754359	0.000777398420257	0.0131553087201	0.0282869204077	0.0332797801323	-0.0500452595875	0.00400750587666	-0.00367784130037	-0.00117908704846	-0.0336212163382	-0.00189116882166	-0.0162386514687	-0.0136186527987	-0.0533853378205	-0.0344683591934	0.0237626641587	-0.0154829015942	0.00187331307072	-0.0133108646234	0.00448688586903	-0.0663282832328	0.00762469580458	-0.0135628500987	-0.0118388714551	-0.0432843551005	-0.0278345273543	0.00422425126609	-0.0290330171751	-0.0448631126712	-0.0072174780679	-0.0391958321121	-0.0181399855544	-0.0624674535068	-0.027430796702	-0.0292153994497	-0.037876806377	0.0477146339798	-0.0563960678126	0.00410960588963	0.0105564155576	-0.0580439176017
k__Bacteria;p__Bacteroidetes;c__Bacteroidia;o__Bacteroidales;f__Porphyromonadaceae;g__Parabacteroides;s__Parabacteroides_distasonis	0.0127698928654	0.0223166321226	-0.0514410750754	-0.0132130313278	-0.0468483795786	-0.0162358400383	0.00854342565307	0.0485033511659	0.0294881339323	1.0	0.0172451052494	0.00233969143103	-0.00497951450912	0.0259485371539	-0.0223161693669	0.0158451911359	0.0441286682906	0.0619612754253	0.0116743394193	0.0285100566805	-0.0181616205531	0.00933799437377	0.000509088936799	-0.00990330369285	0.00437597287319	-0.0430164543671	0.0112621478671	-0.0861629012977	-0.0850493544792	0.0463666677773	-0.0431501195245	0.0143532762393	0.0159882301739	-0.0439758662075	0.00142502748141	0.0643474284863	0.0306147415728	-0.0238044627096	-0.0428218013384	0.0100880525464	-0.0026513325629	-0.0379036564629	-0.0297173591329	-0.0228939313747	-0.0597342257078	-0.0110367388855	-0.0450055195331	-0.0387224543069	-0.000368148689512	-0.0583612336991	-0.00219934343478	0.0133203795108	0.000789294548276	0.0389709023217	0.0261160643544	-0.0475943693743	0.0367923121104	0.0263250681898	0.0227187963552
k__Bacteria;p__Bacteroidetes;c__Bacteroidia;o__Bacteroidales;f__Bacteroidaceae;g__Bacteroides;s__Bacteroides_thetaiotaomicron	0.0074245675813	-0.0418929892025	0.00740794649677	-0.00694421703837	-0.0134577184554	0.0293336723097	0.0289335761331	-0.0488210665003	0.000177376930049	0.0172451052494	1.0	0.0234876101441	0.0031840531222	-0.0369239408192	0.0604406323911	0.0362439717945	-0.0547125737506	0.00937303625173	-0.049092626491	0.0563676930177	0.0347851447946	0.0232510607831	-0.0177679119672	-0.000726123452159	0.0732783195292	0.00961983232604	-0.0429886084373	-0.018512223242	0.0414773748334	-0.0227394807039	-0.0124561239985	-0.0254449617111	-0.0223936565336	-0.0202103335881	-0.0563498762513	0.0341395478071	-0.0108501157211	-0.00389322743452	-0.0264418713591	-0.0121676903379	0.00641824436636	0.051016525546	0.021227890081	0.0169667179047	0.0322938612209	-0.0783175145038	0.0364327224104	0.0349384844252	0.0479281462615	0.0177833013224	-0.034970535437	-0.0277727589943	0.00718631098898	-0.0108168671787	-0.0305360834549	-0.00842600680124	0.00582582776072	-0.0045246778827	-0.0581202784769
k__Bacteria;p__Bacteroidetes;c__Bacteroidia;o__Bacteroidales;f__Bacteroidaceae;g__Bacteroides;s__Bacteroides_coprocola	-0.0686820632909	0.0152235445036	-0.0156453084469	0.0356342631832	-0.0282544666216	0.0089582888519	0.00519135348665	0.0262886556644	-0.0391712898366	0.00233969143103	0.0234876101441	1.0	-0.00874279314825	0.0272217915342	-0.0288851097427	-0.0125551542138	-0.0421300976391	-0.0219842901213	-0.0425612093686	-0.0174767262218	-0.0854617494336	-0.0206896344039	-0.0518374150303	0.0377409547165	-0.0398169059399	-0.0100545408834	0.028526485223	0.032611703494	-0.0243332126352	0.0689489985793	0.0283707492176	0.0275962138705	-0.0578787125251	-0.00422994562019	0.0562963996706	-0.0344201110998	-0.0391505348175	-0.0289072040737	-0.0209774591139	-0.00753752379587	0.0270629497833	-0.0235084780648	0.0340437823933	0.0200570238085	-0.0116657909338	-0.00534442580781	0.00523178860908	-0.00581731287482	0.0314769246059	0.0404116638713	-0.067329532841	-0.0147615418645	0.0115688592224	-0.0260032340297	-0.032843678351	-0.0496691565877	-0.0245636009857	-0.0261538029045	-0.0115919778049
k__Bacteria;p__Bacteroidetes;c__Bacteroidia;o__Bacteroidales;f__Bacteroidaceae;g__Bacteroides;s__Bacteroides_cellulosilyticus	0.0166501961929	-0.00797521860861	0.00585171151106	-0.0279310095759	-0.00386668007068	-0.0139774063383	0.0027903594699	0.0465078783778	-0.0262918831505	-0.00497951450912	0.0031840531222	-0.00874279314825	1.0	0.0293137844747	0.0592762730866	-0.0328957037382	-0.00240753772033	0.0290791933343	0.00301735914699	0.0283276954714	-0.0374612523902	-0.0175912798256	-0.000415280753358	-0.0185441784898	-0.0188098949374	0.0341701023353	-0.0143759810918	-0.00398743977589	-0.0144843732837	-0.0468339464877	0.0302255176022	-0.0673276073324	-0.0402978371127	-0.039253132393	-0.0497251336224	-0.038255811577	-0.0166294078463	-0.0128034307018	0.0314768242152	0.00734470518289	-0.00118617011835	0.0186879884815	-0.037615349943	-0.0100722192179	-0.00361273397983	-0.00476686447357	-0.0248712988562	0.0076212418948	0.00394276658789	-0.0681022922216	-0.0558161460376	-0.0165291679546	0.00201724210241	-0.0102558224164	0.0143966905358	-0.0125149151469	-0.0527376265101	0.00204298810758	-0.0157986345086
k__Bacteria;p__Bacteroidetes;c__Bacteroidia;o__Bacteroidales;f__Rikenellaceae;g__Alistipes;s__Alistipes_obesi	-0.00769745846052	0.0689841995714	-0.0157593158549	0.0533958108746	-0.0299607546066	0.0248765475477	-0.0209095755143	-0.0558924530451	0.0107526421257	0.0259485371539	-0.0369239408192	0.0272217915342	0.0293137844747	1.0	-0.0441098950366	0.0382842042889	0.0352107610053	-0.0149743567261	0.0199053927441	-0.0067504932475	-0.042871398177	-0.0115637960429	0.0130499567868	-0.0108509304064	-0.0318811715014	-0.0535504382563	0.0252358067546	-0.0519335508978	-0.0227384198887	0.0340612202446	-0.0510372769073	0.00599161388207	-0.0157533293974	0.0439216151991	-0.0291962265559	-0.0495384223081	-0.0045509982674	-0.00908884545642	0.018565964807	0.000704001477309	0.0425416481408	-0.00177103488694	-0.00908208959395	-0.0065212008795	0.0147541569928	-0.00594531939144	-0.00365946455092	-0.00463806011929	-0.0214842384986	-0.0255095331452	0.0350774245622	0.0189411750224	-0.0190200630233	0.0185146317003	0.0561776439489	0.00546974874152	0.0392690007213	0.0319892925441	-0.00523837704452
k__Bacteria;p__Firmicutes;c__Clostridia;o__Clostridiales;f__Lachnospiraceae;g__;s__[Eubacterium]_rectale	-0.00877020974908	0.0321614321815	-0.00931368863461	-0.0385987289773	0.00141001366546	-0.0164564235009	-0.0206319320629	-0.00129250133769	-0.0241439597424	-0.0223161693669	0.0604406323911	-0.0288851097427	0.0592762730866	-0.0441098950366	1.0	-0.0493023144943	-0.0675030405565	-0.0251292401832	0.0311224392849	0.0294627311428	-0.0528213156296	0.0182286988058	0.0540495274735	0.015638978786	0.0204334464921	-0.0282255411658	-0.0372221022031	-0.0152843512131	-0.00782274693786	0.010857459785	-0.00214587271309	-0.0123168848347	0.0167996692948	0.0486319039359	-0.0323530662309	-0.0132584858971	-0.00164370025827	0.0454234391581	-0.0353153451363	0.00133470627518	-0.00936371350197	0.0618083470133	0.0110210427008	-0.0158243728714	-0.0264161791853	0.0730479988705	-0.0483845793631	-0.0405225926547	-0.0188201167657	-0.036063236503	-0.0196404274272	-0.00240606459535	-0.0553584524125	-0.0159891160806	-0.000589719693276	-0.0147666387462	-0.0149524008234	-0.00171262012622	0.0561538533324
k__Bacteria;p__Bacteroidetes;c__Bacteroidia;o__Bacteroidales;f__Bacteroidaceae;g__Bacteroides;s__Bacteroides_plebeius	0.0210882237924	-0.0172212571724	-0.0895599146428	0.0314808188668	-0.0252516407043	-0.052614927524	0.0641104025409	0.0105508452879	-0.00940321644255	0.0158451911359	0.0362439717945	-0.0125551542138	-0.0328957037382	0.0382842042889	-0.0493023144943	1.0	-0.0155445083166	0.0125147955472	0.036621560354	-0.0296473007742	0.0297260330054	0.0275097322371	-0.061792388431	0.0239360827748	0.00279820282204	0.010375657997	0.0691500940395	0.0117637643717	-0.038310511578	-0.0304937226447	0.0728259555134	0.015819462513	-0.033805466533	-0.00684818332494	-0.000557922039457	-0.0427355262484	-0.00504888753503	-0.0332822693112	-0.0120982653633	0.0359266982359	-0.0251040000893	0.00177843995582	-0.0124103789011	0.0153487060881	-0.013537531699	-0.0083808189147	-0.00833603041634	0.0394909357285	-0.0147281053742	-0.0260682761201	-0.0891600112186	-0.016605665511	0.00106135552343	0.00856101398331	-0.0307190988858	-0.067304550957	0.0382417123849	0.0421540996172	-0.0371389081285
k__Bacteria;p__Bacteroidetes;c__Bacteroidia;o__Bacteroidales;f__Bacteroidaceae;g__Bacteroides;s__Bacteroides_fragilis	-0.0145176704595	-0.0239452875566	0.0547946257573	-0.0503743321079	-0.0275699502582	-0.0140361647493	-0.00860566486349	-0.023474521503	-0.00353128036612	0.0441286682906	-0.0547125737506	-0.0421300976391	-0.00240753772033	0.0352107610053	-0.0675030405565	-0.0155445083166	1.0	-1.78666031645e-05	-0.0531844977246	-0.0442056936271	-0.00751789967285	-0.0510883070713	-0.0844613291761	-0.0509266376137	-0.00540740965253	-0.00985693360347	0.0385116043458	-0.0366219673225	0.0431453642419	0.0310103852463	-0.034740831884	-0.00153120167063	-0.0242898381145	-0.0329651225366	0.0217354042831	-0.0884095247662	-0.0218206679771	0.0281567481445	-0.0423111971129	-0.0583949476802	-0.0476117464019	0.00326805190489	-0.00121343885807	0.0357484366525	-0.0182269601229	-0.0228414347404	0.0695758067893	-0.0133754521816	-0.0455443644113	-0.050407157398	-0.0395678263875	0.00726331974755	-0.0325849561711	-0.0161897608378	0.0267732270462	-0.0079251809709	-0.00588512134872	-0.00100953634636	-0.000947012332866
k__Bacteria;p__Proteobacteria;c__Betaproteobacteria;o__Burkholderiales;f__Sutterellaceae;g__Sutterella;s__Sutterella_wadsworthensis	0.00156993360229	-0.0577261275017	-0.0329266705177	-0.0228996265352	0.0105294160649	0.0482289292686	-0.0509513711667	-0.0119876669111	0.0239382108227	0.0619612754253	0.00937303625173	-0.0219842901213	0.0290791933343	-0.0149743567261	-0.0251292401832	0.0125147955472	-1.78666031645e-05	1.0	-0.0173827474964	-0.0513603284385	-0.0185488779576	-0.0441801507614	-0.0143411296193	-0.0205265286638	-0.0192820726994	-0.0637949999458	-0.0366300241954	-0.0129153272787	-0.0124157566068	0.0129648190249	-0.0258754845573	-0.0373521830837	-0.0436428721581	0.00291548422051	0.00816144502118	-0.0397538607637	-0.0415906922841	0.000371397968188	-0.0142445658103	0.032261680342	0.00301082759191	0.0316594066863	0.0305316688007	0.00936795278554	-0.0413793279587	0.0162690454698	0.0378024426103	-0.00356412240017	0.0572179376531	0.01504418867	-0.000442871303467	-0.020238002225	0.0199723000399	0.0261236883222	-0.0250873120717	-0.02916092464	0.0221341638885	0.0136175969763	-0.0559108387795
k__Bacteria;p__Bacteroidetes;c__Bacteroidia;o__Bacteroidales;f__Porphyromonadaceae;g__Barnesiella;s__Barnesiella_intestinihominis	-0.000815518575211	-0.0240720014726	0.0555924060064	-0.0384820533559	-0.00523580718233	-0.0254354048191	-0.0220563254228	-0.00730116458115	0.00167678754359	0.0116743394193	-0.049092626491	-0.0425612093686	0.00301735914699	0.0199053927441	0.0311224392849	0.036621560354	-0.0531844977246	-0.0173827474964	1.0	-0.0312905463117	-0.0620066601741	0.0206428212452	-0.0179965439069	-0.0279430033883	-0.019734814865	-0.0271248931868	0.0139772840504	-0.0380612269336	-0.0505132016126	0.0166700444947	0.0320157630792	-0.0571764050822	0.0131149384758	0.0264319898084	0.00251452934701	-0.035318646384	-0.0268960442204	0.0289039031764	-0.00431519024312	-0.0270560887501	0.0234173800921	-0.002336800463	0.00976200254164	0.0396551105354	0.0201200783853	-0.0307646814065	0.0324250051139	-0.0354579823509	0.0325744476557	-0.026546061414	-0.020575085666	-0.000849480967338	-0.0701353344081	0.0134908568426	0.0138598802154	-0.0261095955255	-0.056395898269	-0.029589721309	0.0045776276869
k__Bacteria;p__Bacteroidetes;c__Bacteroidia;o__Bacteroidales;f__Odoribacteraceae;g__Odoribacter;s__Odoribacter_splanchnicus	0.0184793122867	-0.0236197555199	0.000370443476495	0.0472907629156	-0.0592806913758	0.0292253740156	-0.0543561173857	-0.0512647879173	0.000777398420257	0.0285100566805	0.0563676930177	-0.0174767262218	0.0283276954714	-0.0067504932475	0.0294627311428	-0.0296473007742	-0.0442056936271	-0.0513603284385	-0.0312905463117	1.0	-0.0279298831216	-0.0808484793123	0.0242786381054	0.00823125120179	0.0178220284	0.00363759951923	-0.0693486468851	-0.0424812720135	0.00593092494359	-0.0432531673952	-0.0101299892138	0.0444085660106	0.00414065603393	-0.057002315649	0.00526729239292	0.0132567120649	-0.00620676940273	0.00567706907274	-0.0120346760957	0.0122938520174	0.00341425782585	0.00732819844572	-0.0306099045092	-0.021630115531	0.0487549446715	-0.00136401331102	0.0124973225493	-0.0416662645114	-0.0273897892585	0.00701431709569	0.0235283877552	0.035342058569	-0.0298878585189	0.00375623631483	-0.0198098616315	-0.0692426776599	0.0404962875877	0.0157092701346	-0.00136709156413
k__Bacteria;p__Bacteroidetes;c__Bacteroidia;o__Bacteroidales;f__Bacteroidaceae;g__Bacteroides;s__Bacteroides_salyersiae	0.0394140487128	-0.029761903301	-0.0251151933407	-0.0174103371501	-0.010500636275	0.0268992872087	0.0479034409635	0.00945615597503	0.0131553087201	-0.0181616205531	0.0347851447946	-0.0854617494336	-0.0374612523902	-0.042871398177	-0.0528213156296	0.0297260330054	-0.00751789967285	-0.0185488779576	-0.0620066601741	-0.0279298831216	1.0	-0.00949263755343	-0.0114669784894	0.0116194622674	-0.0296594245752	-0.0330527511803	-0.0925766936902	0.0416724251741	-0.0199704271279	0.0187367849994	-0.00651345584727	-0.00362589113713	0.0203356639224	0.0550903584509	-0.0704040238028	0.00629301902243	0.0486574699183	0.00961870955113	0.0590392469153	-0.0249057027905	0.0178958236968	-0.0265543770989	-0.0231005938974	-0.0246396810355	-0.014171363652	0.00319271562543	0.0278578142615	-0.00783914789305	-0.0337570740718	-0.00675369095848	0.0485295131006	-0.0204422876265	-0.0406287800749	0.00667930429286	-0.0500138931918	-0.000487525571791	0.00145718293322	-0.0669075555167	0.0591664933258
k__Bacteria;p__Firmicutes;c__Clostridia;o__Clostridiales;f__Ruminococcaceae;g__Ruminiclostridium;s__[Eubacterium]_siraeum	0.0109753183264	0.00798337892007	-0.0169252437266	0.00230900563983	0.0256983318901	-0.0118471220161	0.00836505925242	0.0141897257967	0.0282869204077	0.00933799437377	0.0232510607831	-0.0206896344039	-0.0175912798256	-0.0115637960429	0.0182286988058	0.0275097322371	-0.0510883070713	-0.0441801507614	0.0206428212452	-0.0808484793123	-0.00949263755343	1.0	-0.0773072603735	0.00980811332299	-0.00394936485544	0.0361372601608	-0.0474782479916	-0.057355898025	-0.044103708669	-0.00505304682536	0.0404973931138	-0.0372404652322	0.032256372858	-0.0817661078277	0.0149584747225	0.0678506083554	0.00858545384575	0.0117995464605	-0.0206857646725	-0.04550136217	0.00780029313056	-0.00253065555869	-0.0257372531585	-0.0697907619789	0.0498361022166	0.0322765130674	0.0145740203549	-0.0363394296295	-0.0270347358559	-0.0273589902291	-0.016336364008	0.0152029163935	-0.0206083437995	-0.0355299617088	-0.00964186978021	0.00264217465266	-0.0136513645253	0.00619139085374	-0.0679589054609
k__Bacteria;p__Proteobacteria;c__Betaproteobacteria;o__Burkholderiales;f__Sutterellaceae;g__Parasutterella;s__Parasutterella_excrementihominis	-0.0173293473758	-0.00723389552983	0.0343191357844	0.00913786382504	-0.0354252177541	-0.0258701819617	-0.042561272405	0.00979943128481	0.0332797801323	0.000509088936799	-0.0177679119672	-0.0518374150303	-0.000415280753358	0.0130499567868	0.0540495274735	-0.061792388431	-0.0844613291761	-0.0143411296193	-0.0179965439069	0.0242786381054	-0.0114669784894	-0.0773072603735	1.0	0.0042273775433	-0.01309688959	0.00940076545997	-0.0727176468642	-0.00476872060824	-0.0139450922034	0.0183656711091	0.017443995748	-0.0511574016418	-0.00953928544173	0.0587182193854	0.00318581723107	-0.0576381299448	0.0143247858237	0.00911587285365	0.0192152726395	0.0408759936468	-0.0819016861929	-0.0194912539354	0.00567060569422	-0.0091397063468	-0.002021993197	-0.0138278279107	0.0445194419986	0.00182163943704	-0.0339597438034	0.064773974641	-0.0241944775818	-0.0449784621282	0.0022869361207	-0.0578701888201	0.0123244556652	-0.0154194843308	0.0617204314257	0.00253464654409	-0.0188341603226
k__Bacteria;p__Actinobacteria;c__Actinobacteria;o__Bifidobacteriales;f__Bifidobacteriaceae;g__Bifidobacterium;s__Bifidobacterium_adolescentis	0.039226624481	0.0305822039935	-0.0281586147416	-0.0561978413983	0.0645664241099	-0.0110019709668	0.0344788863215	-0.0163570931142	-0.0500452595875	-0.00990330369285	-0.000726123452159	0.0377409547165	-0.0185441784898	-0.0108509304064	0.015638978786	0.0239360827748	-0.0509266376137	-0.0205265286638	-0.0279430033883	0.00823125120179	0.0116194622674	0.00980811332299	0.0042273775433	1.0	0.0136243752117	0.00989142019589	0.00744046783101	-0.0338853633914	-0.0350731031228	0.0292670419273	-0.0568523778026	0.022008122163	-0.0201734174303	-0.000143577623178	-0.0329875529981	-0.0551273405279	-0.0440717478513	-0.0193790156054	-0.00214436853416	-0.0172733117576	-0.040739669771	0.0550864221627	-0.0510141239312	0.00607256682948	-0.0629482625063	-0.0125992931553	0.0316202407768	-0.0402720373657	-0.0208267126143	0.00104257269868	0.0284484947467	0.0104470665248	0.00374073781902	0.0303265297146	-0.00429171897907	0.0298929885084	0.0345048785304	-0.0266295554919	0.00785982018368
k__Bacteria;p__Firmicutes;c__Clostridia;o__Clostridiales;f__Oscillospiraceae;g__Oscillibacter;s__Oscillibacter_sp._KLE_1745	-0.0255533590707	-0.0163377044521	0.0350857256126	-0.0526208434589	-0.0201069258581	0.0322535980931	0.0300742468039	-0.00603041854991	0.00400750587666	0.00437597287319	0.0732783195292	-0.0398169059399	-0.0188098949374	-0.0318811715014	0.0204334464921	0.00279820282204	-0.00540740965253	-0.0192820726994	-0.019734814865	0.0178220284	-0.0296594245752	-0.00394936485544	-0.01309688959	0.0136243752117	1.0	0.0569625038763	0.0150383348785	-0.0196414318438	-0.00362592658298	-0.0611250142671	-0.0175181413716	-0.00804423145894	-0.0112069308942	0.0308346332693	-0.0775024614135	-0.0287908565879	-0.0323407918326	-0.0248580330166	-0.0737622915008	-0.0321368741885	0.0131825116828	0.014725273284	-0.0437661802927	-0.0283515199524	-0.0114361068396	-0.0178224021283	0.00122246390767	-0.0964454042406	0.015442325693	-0.0178996483357	0.0036547015893	-0.00155367186604	-0.0035901050962	-0.0239769942823	0.0173035299336	-0.0101682404154	0.0248517923937	-0.0250177910453	-0.00691624870989
k__Bacteria;p__Bacteroidetes;c__Bacteroidia;o__Bacteroidales;f__Bacteroidaceae;g__Bacteroides;s__Bacteroides_coprophilus	-0.00957783762487	-0.0148631690576	-0.00541319091921	-0.0529188127889	-0.0210432917392	0.0125326104825	0.0181086195191	0.0190984560183	-0.00367784130037	-0.0430164543671	0.00961983232604	-0.0100545408834	0.0341701023353	-0.0535504382563	-0.0282255411658	0.010375657997	-0.00985693360347	-0.0637949999458	-0.0271248931868	0.00363759951923	-0.0330527511803	0.0361372601608	0.00940076545997	0.00989142019589	0.0569625038763	1.0	-0.0326761031974	-0.00891318698707	-0.00920081506552	0.000420432191614	0.00921850988081	0.0211432787754	-0.0231135260338	-0.0662866812536	0.00271569092701	0.029908972879	-0.012056075808	-0.0307201806642	0.0262029723572	0.0412488905431	0.00140628763131	0.054693423243	0.0374798251766	0.0100157053618	-0.0264838125606	-0.0673391837253	-0.0351278566115	0.0217796564272	0.0564051020066	0.00451993025792	-0.044264547286	-0.00350163101912	-0.0026776819131	0.0154533303083	-0.0371927291702	0.0073542715049	-0.0191441996474	-0.0167178799169	0.0079703314323
k__Bacteria;p__Firmicutes;c__Clostridia;o__Clostridiales;f__Lachnospiraceae;g__Roseburia;s__Roseburia_intestinalis	-0.0478503213464	-0.0343268499853	-0.025100986049	-0.00429216843522	0.0773407095466	-0.0445000122726	-0.0409267989377	0.0170262316718	-0.00117908704846	0.0112621478671	-0.0429886084373	0.028526485223	-0.0143759810918	0.0252358067546	-0.0372221022031	0.0691500940395	0.0385116043458	-0.0366300241954	0.0139772840504	-0.0693486468851	-0.0925766936902	-0.0474782479916	-0.0727176468642	0.00744046783101	0.0150383348785	-0.0326761031974	1.0	0.00696949181416	-0.0021204201808	-0.062800383697	-0.00956892326549	0.0154474606275	0.0234455228801	-0.00560935261722	-0.0226731895049	0.0583943114853	0.00841793023062	0.00216825874005	-0.0289696557029	-0.0203964165824	0.0011161203322	-0.025279502006	-0.033680698594	-0.0374592144297	-0.00346850437379	0.00790877569193	-0.0386391337928	0.014227893985	0.00983459220274	-0.00187785685436	0.0451889736387	-0.0164613639247	-0.0226927056139	0.0214760628124	-0.0242795764171	0.0192396426598	-0.0309505155224	0.00444169589442	0.00606893272725
k__Bacteria;p__Firmicutes;c__Clostridia;o__Clostridiales;f__Lachnospiraceae;g__Roseburia;s__Roseburia_hominis	-0.00342172910017	0.00107770578002	0.0238534150312	-0.0365424937913	0.00776500304968	0.00295192564209	-0.0525832911748	-0.0453878568594	-0.0336212163382	-0.0861629012977	-0.018512223242	0.032611703494	-0.00398743977589	-0.0519335508978	-0.0152843512131	0.0117637643717	-0.0366219673225	-0.0129153272787	-0.0380612269336	-0.0424812720135	0.0416724251741	-0.057355898025	-0.00476872060824	-0.0338853633914	-0.0196414318438	-0.00891318698707	0.00696949181416	1.0	-0.025708818987	0.0312503013634	-0.0124944718398	-0.0178643985499	0.0171091193799	0.0139221613167	-0.0600889760128	0.00779810138149	-0.00574960707613	-0.000975505291964	-0.00492076354248	-0.0360361202097	-0.0162902363239	-0.0569853130362	-0.007134574774	-0.045992451738	-0.0190305020052	0.0146068478445	-0.0327224302813	0.00861908096462	0.0037252464254	0.0552058315888	0.0203736196802	0.00639319246308	0.011471526898	0.00387784585222	-0.0329817460699	0.00499966482381	0.0565606955441	-0.0586192668922	-0.0238862470343
k__Bacteria;p__Bacteroidetes;c__Bacteroidia;o__Bacteroidales;f__Porphyromonadaceae;g__Parabacteroides;s__Parabacteroides_johnsonii	0.0592895729439	-0.0138044594442	-0.0285219748391	0.0136583153088	-0.0551270174406	-0.00319698295261	-0.00800412287867	0.0135743639933	-0.00189116882166	-0.0850493544792	0.0414773748334	-0.0243332126352	-0.0144843732837	-0.0227384198887	-0.00782274693786	-0.038310511578	0.0431453642419	-0.0124157566068	-0.0505132016126	0.00593092494359	-0.0199704271279	-0.044103708669	-0.0139450922034	-0.0350731031228	-0.00362592658298	-0.00920081506552	-0.0021204201808	-0.025708818987	1.0	-0.024527276869	0.037883272562	-0.0208540294399	0.0534943842022	0.00525446794021	0.0197940657118	0.0729676695688	0.0720010874592	-0.0152269195105	0.0150045537936	0.0312860174402	0.0197957826396	-0.0473919497285	0.0103460972819	0.0200607694842	0.0160645534929	0.0334148124576	0.0408260275863	-0.00507641983046	-0.0546150981282	0.0309448549598	-0.0345834305454	-0.00538997554362	-0.0527434675871	0.0113038952552	-0.00560171789767	-0.0246436226088	-0.0103133974363	0.0138676770184	0.0546237626789
k__Bacteria;p__Actinobacteria;c__Actinobacteria;o__Bifidobacteriales;f__Bifidobacteriaceae;g__Bifidobacterium;s__Bifidobacterium_longum	-0.00702712659291	0.0110290444951	0.0532817231773	-0.0138007734497	-0.0261598795654	-0.0142296364464	0.00116978856609	-0.00048155424297	-0.0162386514687	0.0463666677773	-0.0227394807039	0.0689489985793	-0.0468339464877	0.0340612202446	0.010857459785	-0.0304937226447	0.0310103852463	0.0129648190249	0.0166700444947	-0.0432531673952	0.0187367849994	-0.00505304682536	0.0183656711091	0.0292670419273	-0.0611250142671	0.000420432191614	-0.062800383697	0.0312503013634	-0.024527276869	1.0	-0.0296903484076	-0.0363780130375	-0.00403482344304	0.0094993201303	0.0201069538148	-0.0116237229901	-0.0550078176955	-0.0409250711033	0.0157119451551	0.0110810127942	-0.0414854051945	0.0186745815986	-0.0400700785509	-0.0129174963538	-0.0133649706938	-0.00139607246647	0.0570045908215	-0.0177143314231	-0.0257063330598	0.052874905224	-0.0227988968853	-0.0267001076165	0.0302039388868	0.00133664063988	-0.0427743287519	-0.0312206829784	0.0170128425183	0.00799860701546	0.00659905565546
