#taxonomy	k__Bacteria;p__Bacteroidetes;c__Bacteroidia;o__Bacteroidales;f__Bacteroidaceae;g__Bacteroides;s__Bacteroides_vulgatus	k__Bacteria;p__Bacteroidetes;c__Bacteroidia;o__Bacteroidales;f__Bacteroidaceae;g__Bacteroides;s__Bacteroides_uniformis	k__Bacteria;p__Bacteroidetes;c__Bacteroidia;o__Bacteroidales;f__Rikenellaceae;g__Alistipes;s__Alistipes_putredinis	k__Bacteria;p__Bacteroidetes;c__Bacteroidia;o__Bacteroidales;f__Prevotellaceae;g__Prevotella;s__Prevotella_copri	k__Bacteria;p__Bacteroidetes;c__Bacteroidia;o__Bacteroidales;f__Bacteroidaceae;g__Bacteroides;s__Bacteroides_stercoris	k__Bacteria;p__Bacteroidetes;c__Bacteroidia;o__Bacteroidales;f__Bacteroidaceae;g__Bacteroides;s__Bacteroides_ovatus	k__Bacteria;p__Bacteroidetes;c__Bacteroidia;o__Bacteroidales;f__Rikenellaceae;g__Alistipes;s__Alistipes_shahii	k__Bacteria;p__Firmicutes;c__Clostridia;o__Clostridiales;f__Ruminococcaceae;g__Faecalibacterium;s__Faecalibacterium_prausnitzii	k__Bacteria;p__Bacteroidetes;c__Bacteroidia;o__Bacteroidales;f__Rikenellaceae;g__Alistipes;s__Alistipes_finegoldii	k__Bacteria;p__Bacteroidetes;c__Bacteroidia;o__Bacteroidales;f__Porphyromonadaceae;g__Parabacteroides;s__Parabacteroides_distasonis	k__Bacteria;p__Bacteroidetes;c__Bacteroidia;o__Bacteroidales;f__Bacteroidaceae;g__Bacteroides;s__Bacteroides_thetaiotaomicron	k__Bacteria;p__Bacteroidetes;c__Bacteroidia;o__Bacteroidales;f__Bacteroidaceae;g__Bacteroides;s__Bacteroides_coprocola	k__Bacteria;p__Bacteroidetes;c__Bacteroidia;o__Bacteroidales;f__Bacteroidaceae;g__Bacteroides;s__Bacteroides_cellulosilyticus	k__Bacteria;p__Bacteroidetes;c__Bacteroidia;o__Bacteroidales;f__Rikenellaceae;g__Alistipes;s__Alistipes_obesi	k__Bacteria;p__Firmicutes;c__Clostridia;o__Clostridiales;f__Lachnospiraceae;g__;s__[Eubacterium]_rectale	k__Bacteria;p__Bacteroidetes;c__Bacteroidia;o__Bacteroidales;f__Bacteroidaceae;g__Bacteroides;s__Bacteroides_plebeius	k__Bacteria;p__Bacteroidetes;c__Bacteroidia;o__Bacteroidales;f__Bacteroidaceae;g__Bacteroides;s__Bacteroides_fragilis	k__Bacteria;p__Proteobacteria;c__Betaproteobacteria;o__Burkholderiales;f__Sutterellaceae;g__Sutterella;s__Sutterella_wadsworthensis	k__Bacteria;p__Bacteroidetes;c__Bacteroidia;o__Bacteroidales;f__Porphyromonadaceae;g__Barnesiella;s__Barnesiella_intestinihominis	k__Bacteria;p__Bacteroidetes;c__Bacteroidia;o__Bacteroidales;f__Odoribacteraceae;g__Odoribacter;s__Odoribacter_splanchnicus	k__Bacteria;p__Bacteroidetes;c__Bacteroidia;o__Bacteroidales;f__Bacteroidaceae;g__Bacteroides;s__Bacteroides_salyersiae	k__Bacteria;p__Firmicutes;c__Clostridia;o__Clostridiales;f__Ruminococcaceae;g__Ruminiclostridium;s__[Eubacterium]_siraeum	k__Bacteria;p__Proteobacteria;c__Betaproteobacteria;o__Burkholderiales;f__Sutterellaceae;g__Parasutterella;s__Parasutterella_excrementihominis	k__Bacteria;p__Actinobacteria;c__Actinobacteria;o__Bifidobacteriales;f__Bifidobacteriaceae;g__Bifidobacterium;s__Bifidobacterium_adolescentis	k__Bacteria;p__Firmicutes;c__Clostridia;o__Clostridiales;f__Oscillospiraceae;g__Oscillibacter;s__Oscillibacter_sp._KLE_1745	k__Bacteria;p__Bacteroidetes;c__Bacteroidia;o__Bacteroidales;f__Bacteroidaceae;g__Bacteroides;s__Bacteroides_coprophilus	k__Bacteria;p__Firmicutes;c__Clostridia;o__Clostridiales;f__Lachnospiraceae;g__Roseburia;s__Roseburia_intestinalis	k__Bacteria;p__Firmicutes;c__Clostridia;o__Clostridiales;f__Lachnospiraceae;g__Roseburia;s__Roseburia_hominis	k__Bacteria;p__Bacteroidetes;c__Bacteroidia;o__Bacteroidales;f__Porphyromonadaceae;g__Parabacteroides;s__Parabacteroides_johnsonii	k__Bacteria;p__Actinobacteria;c__Actinobacteria;o__Bifidobacteriales;f__Bifidobacteriaceae;g__Bifidobacterium;s__Bifidobacterium_longum	k__Bacteria;p__Firmicutes;c__Clostridia;o__Clostridiales;f__;g__Flavonifractor;s__Flavonifractor_plautii	k__Bacteria;p__Firmicutes;c__Clostridia;o__Clostridiales;f__Clostridiaceae;g__Clostridium;s__Clostridium_phoceensis	k__Bacteria;p__Verrucomicrobia;c__Verrucomicrobiae;o__Verrucomicrobiales;f__Akkermansiaceae;g__Akkermansia;s__Akkermansia_muciniphila	k__Bacteria;p__Bacteroidetes;c__Bacteroidia;o__Bacteroidales;f__Prevotellaceae;g__Paraprevotella;s__Paraprevotella_xylaniphila	k__Bacteria;p__Firmicutes;c__Clostridia;o__Clostridiales;f__Ruminococcaceae;g__Ruminococcus;s__Ruminococcus_callidus	k__Bacteria;p__Bacteroidetes;c__Bacteroidia;o__Bacteroidales;f__Rikenellaceae;g__Alistipes;s__Alistipes_senegalensis	k__Bacteria;p__Firmicutes;c__Clostridia;o__Clostridiales;f__Lachnospiraceae;g__Blautia;s__Blautia_sp._KLE_1732	k__Bacteria;p__Bacteroidetes;c__Bacteroidia;o__Bacteroidales;f__Bacteroidaceae;g__Bacteroides;s__Bacteroides_oleiciplenus	k__Bacteria;p__Firmicutes;c__Clostridia;o__Clostridiales;f__Ruminococcaceae;g__Ruminococcus;s__Ruminococcus_bicirculans	k__Bacteria;p__Bacteroidetes;c__Bacteroidia;o__Bacteroidales;f__Bacteroidaceae;g__Bacteroides;s__Bacteroides_fluxus	k__Bacteria;p__Bacteroidetes;c__Bacteroidia;o__Bacteroidales;f__Prevotellaceae;g__Prevotella;s__Prevotella_stercorea	k__Bacteria;p__Firmicutes;c__Clostridia;o__Clostridiales;f__Lachnospiraceae;g__Dorea;s__Dorea_longicatena	k__Bacteria;p__Firmicutes;c__Clostridia;o__Clostridiales;f__Eubacteriaceae;g__Eubacterium;s__[Eubacterium]_eligens	k__Bacteria;p__Firmicutes;c__Clostridia;o__Clostridiales;f__Ruminococcaceae;g__;s__Ruminococcaceae_bacterium_D16	k__Bacteria;p__Firmicutes;c__Clostridia;o__Clostridiales;f__Lachnospiraceae;g__Coprococcus;s__Coprococcus_comes	k__Bacteria;p__Proteobacteria;c__Gammaproteobacteria;o__Enterobacterales;f__Enterobacteriaceae;g__Escherichia;s__Escherichia_coli	k__Bacteria;p__Firmicutes;c__Clostridia;o__Clostridiales;f__Ruminococcaceae;g__Anaerotruncus;s__Anaerotruncus_colihominis	k__Bacteria;p__Firmicutes;c__Clostridia;o__Clostridiales;f__Lachnospiraceae;g__Blautia;s__Blautia_obeum	k__Bacteria;p__Bacteroidetes;c__Bacteroidia;o__Bacteroidales;f__Odoribacteraceae;g__Odoribacter;s__Odoribacter_laneus	k__Bacteria;p__Firmicutes;c__Clostridia;o__Clostridiales;f__Ruminococcaceae;g__Ruminiclostridium;s__[Clostridium]_leptum	k__Bacteria;p__Bacteroidetes;c__Bacteroidia;o__Bacteroidales;f__Porphyromonadaceae;g__Parabacteroides;s__Parabacteroides_goldsteinii	k__Bacteria;p__Firmicutes;c__Clostridia;o__Clostridiales;f__Lachnospiraceae;g__Anaerostipes;s__Anaerostipes_hadrus	k__Bacteria;p__Firmicutes;c__Clostridia;o__Clostridiales;f__Ruminococcaceae;g__Ruminococcus;s__Ruminococcus_lactaris	k__Bacteria;p__Firmicutes;c__Clostridia;o__Clostridiales;f__Clostridiaceae;g__Clostridium;s__Clostridium_sp._L2-50	k__Bacteria;p__Firmicutes;c__Clostridia;o__Clostridiales;f__Clostridiaceae;g__Clostridium;s__Clostridium_sp._M62/1	k__Bacteria;p__Firmicutes;c__Clostridia;o__Clostridiales;f__;g__Intestinimonas;s__Intestinimonas_butyriciproducens	k__Bacteria;p__Actinobacteria;c__Actinobacteria;o__Bifidobacteriales;f__Bifidobacteriaceae;g__Bifidobacterium;s__Bifidobacterium_bifidum	k__Bacteria;p__Firmicutes;c__Negativicutes;o__Veillonellales;f__Veillonellaceae;g__Dialister;s__Dialister_invisus	k__Bacteria;p__Bacteroidetes;c__Bacteroidia;o__Bacteroidales;f__Bacteroidaceae;g__Bacteroides;s__Bacteroides_salanitronis
k__Bacteria;p__Bacteroidetes;c__Bacteroidia;o__Bacteroidales;f__Bacteroidaceae;g__Bacteroides;s__Bacteroides_vulgatus	1.0	-0.0233781012817	-0.0144367306626	0.0240313838731	-0.0734262302703	0.0158118496191	0.00821965756464	0.00853454619979	0.00244467134828	0.00860626121367	-0.013981306908	-0.0156194349946	0.0229622082315	-0.0272396829932	0.0093741724484	0.00546098269668	-0.0286256051907	6.64680672805e-05	0.0871976393018	-0.00715983490216	0.013281770202	-0.0088958300717	-0.0504832486168	-0.0355594542703	0.0195254361043	-0.0422146115317	-0.0316485465358	0.0157227759103	0.00858353437208	0.00891066616899	-0.0877108196499	-0.0178828287808	0.0490436773199	-0.0167476119261	-0.0453860921591	-0.00975397601947	-0.00010488324082	0.0193424758482	0.0431710628245	-0.00477752450144	-0.0723508078679	-0.0228164902029	-0.00616402456843	0.0288761931538	-0.0112099474185	0.0365282482561	0.0133499646353	-0.0381269976723	-0.0128478105187	0.0322627843662	-0.0687931790608	0.0228120446791	0.004524336046	0.0596626200679	-0.0480971827231	0.0191488489126	0.021954870884	0.0199727911306	-0.0427828934482
k__Bacteria;p__Bacteroidetes;c__Bacteroidia;o__Bacteroidales;f__Bacteroidaceae;g__Bacteroides;s__Bacteroides_uniformis	-0.0233781012817	1.0	-0.0428071663704	-0.0323585451082	0.0548323511658	-0.0407453929823	-0.0314273273494	0.0061938459386	-0.00450780603429	0.0210892422281	-0.0144520742435	0.00194657814955	0.0285388015279	-0.00708102907872	-0.0669359640346	-0.0162298246022	0.00547398702076	-0.0296890354857	0.0159050777298	0.0180781661057	-0.0304381424449	-0.0277971281155	0.00668453440772	-0.0247181607192	-0.0671878692467	-0.0270787156899	-0.00626642332114	0.0416224090351	0.0438179188666	0.0251658504099	0.0527883616823	-0.0198948876361	-0.017332955283	-0.00400087023409	-0.0131645328838	-0.00633493207159	-0.0204007975121	-0.0270039564406	-0.0745558578668	-0.0908574747486	0.0349571718829	0.0631020114348	-0.00205320462478	0.00611641805093	-0.0217128522277	0.00804055400981	-0.000651476161155	0.0100284490403	0.0246955090285	0.0534564690305	-0.0168541136363	0.00323524767239	-0.0497612776641	-0.0195918899254	-0.000251012915036	0.0188269113716	-0.029166429971	0.0137495569014	0.0214613668738
k__Bacteria;p__Bacteroidetes;c__Bacteroidia;o__Bacteroidales;f__Rikenellaceae;g__Alistipes;s__Alistipes_putredinis	-0.0144367306626	-0.0428071663704	1.0	0.00455252711776	-0.0296147735278	0.0304503587707	-0.0109826968673	-0.0147732151516	0.0149321316897	-0.0347425567644	0.0634054737599	-0.0917396709789	-0.0208034541607	0.0424975886361	0.033172441132	-0.0484117193187	-0.0446456830842	-0.0226565030271	0.0416729968839	-0.0460119481169	0.0363607492156	-0.00978282114007	-0.0111235648139	-0.0363407852828	0.00357958955896	0.0108780490203	0.0242941219117	-0.0133750477426	0.0229472434554	-0.0293087154028	0.0661825661472	-0.027062576215	-0.000894391301803	-0.00984819284486	-0.0497407397949	0.0257169053307	-0.0161730612854	-0.00928351223166	-0.0390621196947	-0.0154736012252	0.00827275576331	-0.0399365701015	-0.0108001051711	0.0289267370793	-0.0757033087415	0.0483100095346	0.00773674288146	0.0241072410498	0.00042367117039	0.0745906991652	-0.00485169400849	0.0282913471001	-0.00632316489927	-0.0368467445099	-0.00801885318446	-0.0331457138617	0.019112929789	-0.0131524164412	-0.00906384028379
k__Bacteria;p__Bacteroidetes;c__Bacteroidia;o__Bacteroidales;f__Prevotellaceae;g__Prevotella;s__Prevotella_copri	0.0240313838731	-0.0323585451082	0.00455252711776	1.0	-0.0371580983398	0.00909231329628	0.0141579581894	0.000344852582845	-0.0179250267872	-0.0133287872678	0.01101934296	-0.0307350076834	-0.0730571050326	-0.00503154671255	-0.0446217281586	-0.0287732335685	-0.00436869136818	0.0030484172516	0.00721528218484	-0.0206993989568	0.0115907874866	0.0233774353327	-0.0737385243096	-0.0466378562408	0.00696175754906	0.0242084746112	0.0164780982626	0.0650537617835	-0.0219042139978	-0.0342023257668	-0.0138511393641	-0.0518711892935	-0.00301808780911	-0.00218568529929	-0.0377170612679	0.0616381683449	0.0479794162048	-0.0350730219678	0.0130169904375	0.0244531040316	-0.0521163237856	0.0845657949252	0.00904681775644	-0.0405958023095	-0.0976478915855	-0.00800507931542	-0.0368200735708	0.00177676421145	0.0160164148715	-0.00660496690516	-0.0913647676676	-0.0357731682224	-0.0334464964897	-0.0640188588406	-0.0013635156263	-0.041785218842	0.0217315446916	-0.0567934609508	-0.0365693972151
k__Bacteria;p__Bacteroidetes;c__Bacteroidia;o__Bacteroidales;f__Bacteroidaceae;g__Bacteroides;s__Bacteroides_stercoris	-0.0734262302703	0.0548323511658	-0.0296147735278	-0.0371580983398	1.0	-0.0172045112934	0.0458721301709	0.0136290199076	0.0133512035385	0.0198855673273	0.0137993822789	-0.011206305829	-0.00436950773893	0.0212462942288	-0.0464402981339	-0.034563360361	-0.0601006032438	0.00982073601961	-0.055590564485	0.00944826049443	-0.0358566698908	-0.00609652175559	0.00126916931404	0.00396493477757	0.0910719860248	0.00210606716386	0.0343814803843	-0.030956221441	0.0384816277261	0.0179772454941	-0.028840350419	-0.0322350711611	-0.00604189481975	-0.0225218570593	0.0143842244411	-0.0801189132398	0.040819641186	-0.00205056391022	-0.0383505064978	0.0358325706703	0.0133380969614	-0.0312851952239	0.01713699039	-0.0733242117426	0.0232001556785	0.047850561941	-0.00496944935337	0.0233790022804	0.081433667122	-0.0265769114498	0.00210945068373	-0.0827428180758	-0.0443044654864	-0.0077707959553	0.00227458277884	0.0512588680938	-0.0370881453857	0.00463073640094	-0.0137824505923
k__Bacteria;p__Bacteroidetes;c__Bacteroidia;o__Bacteroidales;f__Bacteroidaceae;g__Bacteroides;s__Bacteroides_ovatus	0.0158118496191	-0.0407453929823	0.0304503587707	0.00909231329628	-0.0172045112934	1.0	0.0241847432944	0.0216219316156	0.014702388671	-0.075053752076	-0.00793714003427	-0.0135707126017	0.0115514471915	-0.00203136487386	-0.00718416077782	-0.0221413550066	0.0627690997513	-0.0110549470488	0.00870639544522	-0.0237865238177	-0.0232429670171	0.0338115568746	0.00151665357147	0.031780179654	-0.0336202796281	-0.0250351432793	0.00930088303391	-0.0229391648478	0.00316127962465	-0.0457189950295	-0.0370089902408	-0.022050498433	0.0355871126012	-0.0212668726599	0.058364039087	0.0167855421794	0.0156356299253	0.0148029839341	0.0253969008509	-0.000255735817999	0.00526644203895	-0.00625273939053	0.00405613431913	0.0135312693523	-0.0223757725474	-0.000104896024576	-0.0685145630206	-0.0149133039205	-0.0209338987697	-0.00982150454374	-0.0633852962839	0.0398233461805	0.00785273879064	0.0592664515704	0.0158301645433	0.0714687681594	-0.0233609305876	0.0445701350943	-0.0135371628668
k__Bacteria;p__Bacteroidetes;c__Bacteroidia;o__Bacteroidales;f__Rikenellaceae;g__Alistipes;s__Alistipes_shahii	0.00821965756464	-0.0314273273494	-0.0109826968673	0.0141579581894	0.0458721301709	0.0241847432944	1.0	-0.0254697362992	-0.0163630282786	0.0415918890674	0.0521257824682	-0.00848068352921	0.0266305893055	-0.00239116257006	-0.0648589582609	-0.0568951116395	0.00521565847266	0.0021123577075	0.0018266350847	-0.00202864199753	-0.00470974270633	-0.0885266247624	0.0127605820374	-0.00473633850176	-0.0437790662125	-0.043889579644	0.0268196076979	-0.0318930971821	-0.0377397147276	-0.0177302803627	-0.000407507256289	0.0182008538174	0.00304033480759	-0.0212708564095	-0.0168226790219	-0.0041864592324	0.00716117272569	-0.0137938601909	-0.00406862031488	-0.0672249315431	-0.0328529986691	-0.0437437167624	-0.0133025878533	0.0356813307667	-0.0403649482555	0.00784434308961	-0.0469764540699	-0.0142685599057	0.0308217087372	0.0192697955897	-0.00486867281837	0.0110100641041	0.00851014202463	0.0164883051299	0.00288577495111	-0.0404146518076	-0.0289795222859	0.00506789768186	0.044664116874
k__Bacteria;p__Firmicutes;c__Clostridia;o__Clostridiales;f__Ruminococcaceae;g__Faecalibacterium;s__Faecalibacterium_prausnitzii	0.00853454619979	0.0061938459386	-0.0147732151516	0.000344852582845	0.0136290199076	0.0216219316156	-0.0254697362992	1.0	-0.0616906351095	0.00406228571424	-0.0839063799887	-0.0650418294356	0.00379113545415	0.0193086054118	0.0650072876881	-0.0291098827699	0.0454763230782	-0.0527069905956	0.048864152928	0.0167643024748	-0.106696979862	0.0162190233572	-0.00689241256668	-0.0319738579209	-0.0149974118499	-0.0173004446543	-0.00362782240168	-0.0197292242904	-0.0251133984284	-0.0714990282839	-0.0352112102282	-0.0557666166643	7.65043281554e-07	-0.0310124001998	0.000746509261665	-0.0374529882372	-0.0267283562021	-0.00463901737505	-0.0237558252833	-0.0378444284066	0.0479749232972	-0.0175384903291	0.0234913274167	0.0433479364349	-0.00257553080719	0.0591388604919	-0.0258365653165	-0.0423894170566	-0.0626758336814	-0.0306900255435	0.0136672056388	-0.0781799892359	-0.00633450180109	-0.0484011281771	0.0020350670829	-0.0359634403073	0.0121142942665	-0.0126642995298	-0.000843522589988
k__Bacteria;p__Bacteroidetes;c__Bacteroidia;o__Bacteroidales;f__Rikenellaceae;g__Alistipes;s__Alistipes_finegoldii	0.00244467134828	-0.00450780603429	0.0149321316897	-0.0179250267872	0.0133512035385	0.014702388671	-0.0163630282786	-0.0616906351095	1.0	0.0259764951482	-0.0950220625382	-0.0587880788564	-0.00392585821475	-0.0834190763183	0.0117025349858	0.00254970975118	0.0153230036347	0.0186390846944	0.0116649588543	-0.00392044010061	0.0203955382404	-0.012634476685	0.048562603472	-0.0108102746653	-0.00278049351523	0.0238014779452	0.038938611146	-0.0457295020273	-0.0206728089605	0.00313551320188	0.0295490434072	0.0675708030731	0.0131001864002	-0.0366317086433	-0.0677314057177	-0.0170840667901	-0.0648173293895	-0.0167679095742	-0.0411316995518	0.0197352944785	-0.0154013162273	-0.0508458442954	0.0219336587451	-0.0525891290013	-0.0220474405407	-0.0101272377637	0.0197383108748	0.0410993406113	-0.0404327931456	-0.0623185254426	-0.0167896491961	-0.00771515357471	-0.072904022497	-0.0338406714799	0.0265572043183	0.0262948674389	-0.0482434532766	0.0117956991491	0.0333255597902
k__Bacteria;p__Bacteroidetes;c__Bacteroidia;o__Bacteroidales;f__Porphyromonadaceae;g__Parabacteroides;s__Parabacteroides_distasonis	0.00860626121367	0.0210892422281	-0.0347425567644	-0.0133287872678	0.0198855673273	-0.075053752076	0.0415918890674	0.00406228571424	0.0259764951482	1.0	-0.031182853742	-0.0279107387548	-0.0285221079694	-0.0475838612527	0.0643741070102	-0.0202151683385	-0.0606381530008	0.0322336814961	-0.0359761965243	0.0458105154963	-0.062458001058	0.0113227631502	-0.00720835787923	0.0153757454805	0.0422897339125	-0.00913452326326	0.0576492187365	-0.0117166980139	0.0258166000161	0.0073127848346	-0.00787653956641	-0.000858382052436	-0.0308511007325	-0.0456374098764	-0.0750261594171	0.0111422265119	-0.0679015434962	-0.0179747844612	-0.00857804993731	-0.0558429712054	-0.0266456853922	0.00195054242483	0.0145183447114	0.0407350435249	0.00643517817998	-0.02875590357	0.0130775514811	0.0327771503592	0.0132805356023	-0.0137490315489	0.0284654916643	-0.0098953600203	0.0439223105631	-0.0456844585943	-0.0300419052454	0.0168364441611	-0.00752729393408	-0.0274078814103	-0.0134315917889
k__Bacteria;p__Bacteroidetes;c__Bacteroidia;o__Bacteroidales;f__Bacteroidaceae;g__Bacteroides;s__Bacteroides_thetaiotaomicron	-0.013981306908	-0.0144520742435	0.0634054737599	0.01101934296	0.0137993822789	-0.00793714003427	0.0521257824682	-0.0839063799887	-0.0950220625382	-0.031182853742	1.0	-0.0701609811119	-0.0127312783643	-0.0140645006269	-0.0328686233054	-0.0165557177248	-0.0959004852026	0.000417193912837	0.0183920436997	0.0335871047757	0.0425953301194	-0.0121745600977	0.0651813185649	0.0177872038242	-0.0173653554987	0.00523851534738	-0.0327555664294	-0.0611684638611	0.0463679100179	0.0357991278821	-0.0279832989285	0.00886083940591	-0.00455593955711	0.000131519079559	0.0299084643336	-0.0313428514683	-0.0180819164305	0.00609959499618	0.0050717583186	-0.00649864638893	0.0285607675085	-0.0288613634364	0.0188170830184	0.0210024087444	-0.0763343016619	0.0489815059524	-0.0108454737003	0.0250486282294	-0.0108533980032	0.0488110270456	0.037576481458	-0.00905678636615	0.0126485237969	-0.0433054104262	-0.021985567811	0.00553082586702	-0.054295655446	0.0156745064201	0.00357794891553
k__Bacteria;p__Bacteroidetes;c__Bacteroidia;o__Bacteroidales;f__Bacteroidaceae;g__Bacteroides;s__Bacteroides_coprocola	-0.0156194349946	0.00194657814955	-0.0917396709789	-0.0307350076834	-0.011206305829	-0.0135707126017	-0.00848068352921	-0.0650418294356	-0.0587880788564	-0.0279107387548	-0.0701609811119	1.0	-0.0737382248998	0.0127302047322	0.0307493930288	0.0665368506129	-0.00660449161643	0.0476809869723	-0.0236361891133	-0.0318255964572	0.00938860583669	-0.0305773959552	-0.0311339510957	0.0225466902605	0.0264682635623	0.0808309974391	0.0414498690915	-0.00945072522388	-0.0135640263602	0.0505449224932	-0.0217551128795	0.00957533962579	0.0111314746925	-0.00366962274518	0.0492505657718	0.0373033879082	-0.0213091321054	-0.0276257410147	0.0157635813216	0.015897920824	-0.0518631337717	0.0756456271765	-0.0745190278454	0.0218225110812	0.00616220347765	-0.0568495046503	-0.0481665569908	0.0118518851447	0.0209679962118	0.00940329600216	-0.0179524457277	-0.0141284800177	0.028683480244	0.0106599409393	-0.0512839240951	-0.0116906607059	0.00464052544035	0.0179376042305	-0.00361339590377
k__Bacteria;p__Bacteroidetes;c__Bacteroidia;o__Bacteroidales;f__Bacteroidaceae;g__Bacteroides;s__Bacteroides_cellulosilyticus	0.0229622082315	0.0285388015279	-0.0208034541607	-0.0730571050326	-0.00436950773893	0.0115514471915	0.0266305893055	0.00379113545415	-0.00392585821475	-0.0285221079694	-0.0127312783643	-0.0737382248998	1.0	0.00308438706466	-0.0382586809906	0.0237342474418	0.0219668508634	-0.0150823647331	-0.023319411418	-0.0260968120835	0.0321636762126	-0.0247645236365	0.0381001858283	-0.0306154471167	-0.0430606529848	-0.0186528459137	-0.0219300175638	-0.00243251227744	-0.0518324675249	0.00645323798369	-0.00283340904671	-0.0219168145722	0.0121850023523	0.0620777028302	-0.0224677430962	-0.0326745492228	-0.0189813770353	0.0348238819861	-0.00535993160915	-0.0196627995307	0.0229062553638	0.0077269734607	-0.0194191518968	-0.0529093780945	-0.0549424174126	0.0246762633128	-0.0361891276025	0.0106609115385	0.0282973109592	-0.00956483362142	-0.0173749932287	0.0052446246671	-0.0293545837961	0.0312977266444	-0.0261767978209	-0.0124015044017	-0.030998157703	-0.00215781237908	0.0486203056885
k__Bacteria;p__Bacteroidetes;c__Bacteroidia;o__Bacteroidales;f__Rikenellaceae;g__Alistipes;s__Alistipes_obesi	-0.0272396829932	-0.00708102907872	0.0424975886361	-0.00503154671255	0.0212462942288	-0.00203136487386	-0.00239116257006	0.0193086054118	-0.0834190763183	-0.0475838612527	-0.0140645006269	0.0127302047322	0.00308438706466	1.0	-0.00516193833132	0.00144936645646	0.0350811387993	-0.0203209535283	0.00241020528691	-0.0704711174515	0.04709229714	0.0206177995792	-0.00394163255496	-0.0488895094204	0.0313041801007	-0.0112616917601	-0.0046013036934	-0.00392196144074	0.0248034575203	-0.0588880643422	0.021559930942	-0.0133088556423	0.0188457599278	0.0313835210928	0.0294465625353	-0.0496332183738	-0.036981395931	-0.0186488258678	0.0341413889145	-0.0194004478054	-0.05399520058	-0.0391834492633	0.00124262766768	-0.0168656411507	0.0175010903657	-0.0188654984118	-0.0354504194831	-0.0438027472916	-0.060762919541	-0.0516930240496	-0.0378742532896	-0.0181328008236	-0.0684000793597	0.00101871892553	-0.0329789047432	0.000332574523325	-0.0233283751117	0.0148020428598	0.00463454604206
k__Bacteria;p__Firmicutes;c__Clostridia;o__Clostridiales;f__Lachnospiraceae;g__;s__[Eubacterium]_rectale	0.0093741724484	-0.0669359640346	0.033172441132	-0.0446217281586	-0.0464402981339	-0.00718416077782	-0.0648589582609	0.0650072876881	0.0117025349858	0.0643741070102	-0.0328686233054	0.0307493930288	-0.0382586809906	-0.00516193833132	1.0	0.0117577189147	-0.0118092895369	-0.00303671832999	-0.0152283318151	-0.0430222435593	-0.0599239703812	-0.0662749714493	-0.0583313877191	0.0219150951437	0.0391547025072	-0.0172592235533	-0.0224935777814	0.0132000399253	-0.00166369501707	0.0018269204942	0.0309293772719	0.017013767904	-0.0554387236054	-0.0276720894323	-0.0422861697739	-0.021508468064	0.00577179514462	-0.0135523617734	-0.0154991233396	-0.0393453763144	0.0120637286716	-0.0129066026669	0.0290766838141	-0.0191745581375	0.0216829628249	-0.0361824091304	-0.00766426145869	0.0207760439186	0.00446531138857	0.0592782537297	-0.0491730527298	-0.0325013896105	0.0210310652464	-0.000542834116858	-0.0082632066598	0.0137217568859	0.00711366078778	-0.0279747001099	0.0428252501923
k__Bacteria;p__Bacteroidetes;c__Bacteroidia;o__Bacteroidales;f__Bacteroidaceae;g__Bacteroides;s__Bacteroides_plebeius	0.00546098269668	-0.0162298246022	-0.0484117193187	-0.0287732335685	-0.034563360361	-0.0221413550066	-0.0568951116395	-0.0291098827699	0.00254970975118	-0.0202151683385	-0.0165557177248	0.0665368506129	0.0237342474418	0.00144936645646	0.0117577189147	1.0	-0.0417690788523	0.0743185706977	-0.00110037335123	-0.0234315814143	-0.0162847420262	0.0427230532316	-0.0238060612497	0.0395449272011	0.0153453023409	-0.00665633609382	-0.057637401552	-0.00566456010735	-0.0230633030086	0.057735518888	-0.0328572520432	0.0170719536898	0.0284239588919	0.0584956925773	-0.03376575545	-0.0237537069053	-0.0546839802115	0.0133460248014	-0.00821488159529	-0.0094566229913	-0.00589651501003	0.0180892955994	-0.0978887930909	-0.0292229017928	0.0614737260586	-0.0628110737624	-0.00974718838136	0.0213238773119	-0.038742077584	-0.0404790717967	-0.00467365602543	0.00809803769439	0.06364467067	-0.035601070151	-0.0417117416863	-0.0624908719729	0.119063143263	0.0296314901341	0.044933658814
k__Bacteria;p__Bacteroidetes;c__Bacteroidia;o__Bacteroidales;f__Bacteroidaceae;g__Bacteroides;s__Bacteroides_fragilis	-0.0286256051907	0.00547398702076	-0.0446456830842	-0.00436869136818	-0.0601006032438	0.0627690997513	0.00521565847266	0.0454763230782	0.0153230036347	-0.0606381530008	-0.0959004852026	-0.00660449161643	0.0219668508634	0.0350811387993	-0.0118092895369	-0.0417690788523	1.0	-0.00888577047521	-0.0373571808864	0.0287666824889	-0.0204735544261	0.0312129339342	-0.00328856779142	-0.0301551861554	0.0137026021894	-0.0276775430448	-0.0362546035505	0.0310638748855	-0.0083680301515	0.013571493572	0.03292492288	0.030619180088	0.00503826415104	-0.00265312325645	0.000500942260742	-0.00128596117611	-0.00932049421598	-0.00851627047943	0.0294744173894	0.0136562229014	-0.0378704680326	-0.0588695572112	0.0107675042088	0.00292153485464	-0.00980738247648	0.00371529139517	-0.00207342718537	0.00875553812643	0.0178654357694	-0.0206155750844	0.0374541837033	-0.0230092470658	-0.0236746665226	0.00829610831945	-0.00603446197132	-0.0149249890014	-0.0159121663505	-0.0412723389456	-0.0701043820871
k__Bacteria;p__Proteobacteria;c__Betaproteobacteria;o__Burkholderiales;f__Sutterellaceae;g__Sutterella;s__Sutterella_wadsworthensis	6.64680672805e-05	-0.0296890354857	-0.0226565030271	0.0030484172516	0.00982073601961	-0.0110549470488	0.0021123577075	-0.0527069905956	0.0186390846944	0.0322336814961	0.000417193912837	0.0476809869723	-0.0150823647331	-0.0203209535283	-0.00303671832999	0.0743185706977	-0.00888577047521	1.0	-0.0266286029012	-0.00197118933734	-0.0646264898412	-0.0095815865311	-0.00986451834862	-0.0320552040774	0.00227233768568	0.000656486442828	0.00245753391618	0.000422847088366	-0.0241025615577	0.0139416417887	-0.0243154605778	-0.0298735698914	-0.018618919911	-0.0392289338218	-0.037333860675	0.00063766136901	0.0139915323968	0.0334086978331	0.000206866375705	-0.0229604134209	0.00306718439763	0.0431381134271	-0.0439902053681	-0.00467897699197	-0.0634380270867	-0.0278577249755	0.00794865825304	0.0325294286605	-0.0269137045354	-0.0448182275694	-0.0574349618525	-0.00853917932537	0.0682229799654	-0.0192572893882	-0.0473314884268	-0.0697385601772	0.0497030661294	-0.00546763771095	-0.0400117621947
k__Bacteria;p__Bacteroidetes;c__Bacteroidia;o__Bacteroidales;f__Porphyromonadaceae;g__Barnesiella;s__Barnesiella_intestinihominis	0.0871976393018	0.0159050777298	0.0416729968839	0.00721528218484	-0.055590564485	0.00870639544522	0.0018266350847	0.048864152928	0.0116649588543	-0.0359761965243	0.0183920436997	-0.0236361891133	-0.023319411418	0.00241020528691	-0.0152283318151	-0.00110037335123	-0.0373571808864	-0.0266286029012	1.0	-0.039547486501	0.0374091853739	0.0172971776566	-0.0285463650966	-0.0121556630347	0.0094669965063	-0.00172305225694	0.0302472117863	-0.00903514842583	0.00693451353779	-0.04231505183	-0.0117756914466	-0.0470404344097	0.00738218035432	0.0148372918926	0.00208263724071	0.0175289507568	-0.0565510189783	-0.0338843503525	0.00040127931402	-0.0218823046305	0.0276254749057	0.0421076231515	-0.0173102016466	-0.00479330952072	-0.00327336879851	0.00136154385449	0.00816656121677	0.0106239168228	-0.0426898832442	-0.0184713647737	-0.0511751715508	-0.00778518750122	-0.031811350602	0.0122077605748	-0.0165148095233	-0.0164952991502	-0.0513411199908	-0.0375598496513	0.0223424632137
k__Bacteria;p__Bacteroidetes;c__Bacteroidia;o__Bacteroidales;f__Odoribacteraceae;g__Odoribacter;s__Odoribacter_splanchnicus	-0.00715983490216	0.0180781661057	-0.0460119481169	-0.0206993989568	0.00944826049443	-0.0237865238177	-0.00202864199753	0.0167643024748	-0.00392044010061	0.0458105154963	0.0335871047757	-0.0318255964572	-0.0260968120835	-0.0704711174515	-0.0430222435593	-0.0234315814143	0.0287666824889	-0.00197118933734	-0.039547486501	1.0	-0.0164359420739	0.0235080861374	-0.0453093765635	-0.0134681077943	0.00486382592384	-0.0280083519751	-0.0316238270585	-0.00777754815601	0.0228307334786	0.000639889637296	-0.0650183229915	-0.0250145629678	-0.000320244746124	-0.0457888459194	-0.0137193539525	0.0105238856802	0.0549085156747	0.0140069857168	-0.0334046987272	0.0421475678043	-0.00613100520824	0.00689795791535	0.0680912132082	-0.000689433514163	-0.0730423607273	0.0260012443737	-0.00552135972531	-0.00928035125206	0.00296065697153	0.0383390332129	0.0197616174436	-0.0156058280027	-0.0296047950576	-0.0255528670667	0.0133442706623	-0.0495010742265	-0.00174299855562	-0.00961497180306	0.00420713801426
k__Bacteria;p__Bacteroidetes;c__Bacteroidia;o__Bacteroidales;f__Bacteroidaceae;g__Bacteroides;s__Bacteroides_salyersiae	0.013281770202	-0.0304381424449	0.0363607492156	0.0115907874866	-0.0358566698908	-0.0232429670171	-0.00470974270633	-0.106696979862	0.0203955382404	-0.062458001058	0.0425953301194	0.00938860583669	0.0321636762126	0.04709229714	-0.0599239703812	-0.0162847420262	-0.0204735544261	-0.0646264898412	0.0374091853739	-0.0164359420739	1.0	0.0713948506342	-0.00778655826474	0.0144630198851	-0.0462852600874	-0.0408526638294	0.0192656517292	-0.00778270795339	0.0165566324587	0.0135511674946	0.0120631212922	-0.034288655846	-0.0103282198226	0.0120039843483	-0.014259858072	0.0301392719653	0.00377738075853	0.0389003711801	-0.0361990302699	0.000402780642177	0.0505966951377	0.00720773560221	0.0512485661671	-0.00370034652656	-0.0406421145082	0.0147309238728	0.0710624604555	-0.00627261002828	0.0013672010755	-0.0113071663979	-0.0298377132016	-0.0587095745849	-0.0244845379701	-0.00809065882919	-0.038742534488	0.00294493263425	-0.0323464667324	0.017534067231	-0.0171818334699
k__Bacteria;p__Firmicutes;c__Clostridia;o__Clostridiales;f__Ruminococcaceae;g__Ruminiclostridium;s__[Eubacterium]_siraeum	-0.0088958300717	-0.0277971281155	-0.00978282114007	0.0233774353327	-0.00609652175559	0.0338115568746	-0.0885266247624	0.0162190233572	-0.012634476685	0.0113227631502	-0.0121745600977	-0.0305773959552	-0.0247645236365	0.0206177995792	-0.0662749714493	0.0427230532316	0.0312129339342	-0.0095815865311	0.0172971776566	0.0235080861374	0.0713948506342	1.0	-0.0140030023825	0.0156355208611	0.00372943923057	0.0290093388132	0.0409747427538	-0.0113547279705	0.0565429326949	-0.00669593539596	-0.00385602824108	-0.010561501906	-0.0343674009792	-0.00649577396889	-0.019553479819	-0.0371541783653	-0.0325649650023	-0.0197332207709	0.0478997645775	-0.055123295968	0.0413283099813	-0.0427697562721	-0.0498906862227	0.00846863732153	-0.0152448754526	-0.0284132144831	0.0313428667916	-0.0274896188241	-0.0139618967031	-0.0324985573987	0.044893327583	-0.0266365330448	-0.0254933880406	0.000733603419992	-0.0201900383892	-0.0100704898808	-0.0170826736397	-0.0625866264111	-0.0231327625845
k__Bacteria;p__Proteobacteria;c__Betaproteobacteria;o__Burkholderiales;f__Sutterellaceae;g__Parasutterella;s__Parasutterella_excrementihominis	-0.0504832486168	0.00668453440772	-0.0111235648139	-0.0737385243096	0.00126916931404	0.00151665357147	0.0127605820374	-0.00689241256668	0.048562603472	-0.00720835787923	0.0651813185649	-0.0311339510957	0.0381001858283	-0.00394163255496	-0.0583313877191	-0.0238060612497	-0.00328856779142	-0.00986451834862	-0.0285463650966	-0.0453093765635	-0.00778655826474	-0.0140030023825	1.0	0.00792385791671	-0.00767402429812	0.00371934226375	0.0227633717122	-0.000136565003503	-0.0116100840706	-0.0210600414722	-0.044244408604	-0.012841751155	-0.0127829839318	-0.0267739464779	0.040245323917	-0.00639353643187	-0.0176446358013	0.00654026116102	-0.0138739138879	-0.019676395601	-0.0378133771902	-0.0320893301378	0.0112565742876	0.00349008630484	-0.00395082014529	0.0249567190274	0.0162887352154	-0.00122472643814	-0.00204956277998	0.0320588874562	0.00569904118086	0.0477199130248	-0.0411815280089	0.0195794868039	-0.026528254937	0.00396026363981	-0.0442126858569	0.042302131361	0.0325359405434
k__Bacteria;p__Actinobacteria;c__Actinobacteria;o__Bifidobacteriales;f__Bifidobacteriaceae;g__Bifidobacterium;s__Bifidobacterium_adolescentis	-0.0355594542703	-0.0247181607192	-0.0363407852828	-0.0466378562408	0.00396493477757	0.031780179654	-0.00473633850176	-0.0319738579209	-0.0108102746653	0.0153757454805	0.0177872038242	0.0225466902605	-0.0306154471167	-0.0488895094204	0.0219150951437	0.0395449272011	-0.0301551861554	-0.0320552040774	-0.0121556630347	-0.0134681077943	0.0144630198851	0.0156355208611	0.00792385791671	1.0	-0.0439346735232	0.0234910288331	0.0120411663483	-0.0344774827647	0.00896579489731	0.0577321570625	6.22770981805e-05	-0.00379334766692	0.0458014468667	0.00373219633226	-0.0293003770922	-0.0375977814866	0.00732125372898	-0.0296203229012	0.00561242336361	-0.0106531492792	-0.0795611612721	-0.0659024074618	0.0382271988614	-0.0203574326391	-0.0611320350319	0.00113822047649	-0.0157724089694	0.00621563133976	0.0303658860828	-0.00781259914344	0.00766144651531	0.0072988412449	-0.0413101523509	-0.0206928425328	0.00332362304099	0.0220076240135	0.00608833718757	-0.000580499385135	0.0417601429218
k__Bacteria;p__Firmicutes;c__Clostridia;o__Clostridiales;f__Oscillospiraceae;g__Oscillibacter;s__Oscillibacter_sp._KLE_1745	0.0195254361043	-0.0671878692467	0.00357958955896	0.00696175754906	0.0910719860248	-0.0336202796281	-0.0437790662125	-0.0149974118499	-0.00278049351523	0.0422897339125	-0.0173653554987	0.0264682635623	-0.0430606529848	0.0313041801007	0.0391547025072	0.0153453023409	0.0137026021894	0.00227233768568	0.0094669965063	0.00486382592384	-0.0462852600874	0.00372943923057	-0.00767402429812	-0.0439346735232	1.0	-0.0189766145451	0.0218078665103	0.0232265883035	0.0116608700181	-0.0359656097467	-0.0238300634494	0.0582959383044	0.0028660086431	0.0180896228847	-0.0426128746631	-0.0647794025622	-0.0321830768201	-0.0755887323663	-0.00871916637436	-0.013476527413	0.0329243852094	-0.0306790953159	-0.0141374806626	0.00231825882863	0.0589036380068	0.0268786043738	0.0405211031931	-0.0061093168816	-0.0108199991942	-0.0294841963199	-0.0195878299762	0.0125804597407	-0.00795384755886	-0.0360682480053	-0.0108411605376	0.0115792392601	-0.0228813449102	-0.0047713420919	0.0368520558533
k__Bacteria;p__Bacteroidetes;c__Bacteroidia;o__Bacteroidales;f__Bacteroidaceae;g__Bacteroides;s__Bacteroides_coprophilus	-0.0422146115317	-0.0270787156899	0.0108780490203	0.0242084746112	0.00210606716386	-0.0250351432793	-0.043889579644	-0.0173004446543	0.0238014779452	-0.00913452326326	0.00523851534738	0.0808309974391	-0.0186528459137	-0.0112616917601	-0.0172592235533	-0.00665633609382	-0.0276775430448	0.000656486442828	-0.00172305225694	-0.0280083519751	-0.0408526638294	0.0290093388132	0.00371934226375	0.0234910288331	-0.0189766145451	1.0	0.00794341823409	0.0150481244291	-0.00202390481516	-0.000226912538505	-0.00805866330365	0.0821658323795	-0.00569759726079	0.00628633609643	0.00219671387634	0.00398586983465	-0.0232649701952	-0.00783283779547	-0.0213178037053	0.0327946310951	-0.00285282635413	-0.0164519349461	0.027641896077	-0.0220651469654	-0.0139667433695	-0.045020518457	-0.0162188432911	0.0236384036733	0.0141407081095	-0.0201839786885	-0.0568688194226	-0.0586976433796	-0.0570267503451	-0.0437627688111	0.00615701719957	-0.0582141038637	0.0197869118606	-0.077285839894	0.0296891267677
k__Bacteria;p__Firmicutes;c__Clostridia;o__Clostridiales;f__Lachnospiraceae;g__Roseburia;s__Roseburia_intestinalis	-0.0316485465358	-0.00626642332114	0.0242941219117	0.0164780982626	0.0343814803843	0.00930088303391	0.0268196076979	-0.00362782240168	0.038938611146	0.0576492187365	-0.0327555664294	0.0414498690915	-0.0219300175638	-0.0046013036934	-0.0224935777814	-0.057637401552	-0.0362546035505	0.00245753391618	0.0302472117863	-0.0316238270585	0.0192656517292	0.0409747427538	0.0227633717122	0.0120411663483	0.0218078665103	0.00794341823409	1.0	-0.0338900892217	-0.0565648667711	-0.00156711694687	0.0343224897094	0.0257543424892	-0.0248789659617	0.0437346662752	-0.0357625169981	-0.0476869968937	0.0081169929844	0.014121910095	-0.000329286258392	-0.0295725986099	0.0209854998784	-0.0830364585599	0.0588942113395	-0.00561022830186	-0.00874818908065	-0.0380153804125	0.00292292705771	-0.03441953736	-0.0299136723806	-0.0720495202676	0.00501761468469	-0.0349458437114	-0.0214355731644	-0.0679130287742	0.0178477121814	-0.0425284500869	-0.0367703607346	0.045084728846	-0.00723138866557
k__Bacteria;p__Firmicutes;c__Clostridia;o__Clostridiales;f__Lachnospiraceae;g__Roseburia;s__Roseburia_hominis	0.0157227759103	0.0416224090351	-0.0133750477426	0.0650537617835	-0.030956221441	-0.0229391648478	-0.0318930971821	-0.0197292242904	-0.0457295020273	-0.0117166980139	-0.0611684638611	-0.00945072522388	-0.00243251227744	-0.00392196144074	0.0132000399253	-0.00566456010735	0.0310638748855	0.000422847088366	-0.00903514842583	-0.00777754815601	-0.00778270795339	-0.0113547279705	-0.000136565003503	-0.0344774827647	0.0232265883035	0.0150481244291	-0.0338900892217	1.0	-0.0231486190174	-0.00107164442885	0.0652415418157	0.00646635349659	-0.0631834056459	0.00603115537976	0.0298658892139	-0.0225042237571	-0.00617305265387	-0.0110313836659	0.0340071024581	0.0246354237296	0.012949499158	0.0651100803979	-0.015144602645	-0.0248353756427	0.0396204141709	-0.00786420153996	-0.00226508011328	-0.0688210730038	-0.0150311394517	-0.00422212601519	0.0261796140097	-0.0373690224693	0.024399312581	-0.0444536401536	0.00306723298568	-0.0468001295028	-0.00917589812966	-0.0196668147206	-0.0281214885982
k__Bacteria;p__Bacteroidetes;c__Bacteroidia;o__Bacteroidales;f__Porphyromonadaceae;g__Parabacteroides;s__Parabacteroides_johnsonii	0.00858353437208	0.0438179188666	0.0229472434554	-0.0219042139978	0.0384816277261	0.00316127962465	-0.0377397147276	-0.0251133984284	-0.0206728089605	0.0258166000161	0.0463679100179	-0.0135640263602	-0.0518324675249	0.0248034575203	-0.00166369501707	-0.0230633030086	-0.0083680301515	-0.0241025615577	0.00693451353779	0.0228307334786	0.0165566324587	0.0565429326949	-0.0116100840706	0.00896579489731	0.0116608700181	-0.00202390481516	-0.0565648667711	-0.0231486190174	1.0	-0.0547051151258	-0.00831220885433	-0.0053142628088	-0.0302056593512	-0.0195538450459	-0.00997088784698	-0.0178562846203	-0.0171053281514	-0.0244436387895	-0.0917266181393	0.00147521110488	0.00274982470285	0.0523573811132	-0.0430467069935	-0.0126513516932	0.0278133057326	0.0015764106231	-0.0157090384639	0.0346263350324	-0.0178555291361	-0.0926305691837	-0.022895168271	-0.00243029412739	-0.0237902953779	0.0147695365346	-0.0709213443628	0.059487527401	-0.00209846050644	-0.0451927009676	0.0388267517756
