#taxonomy	k__Bacteria;p__Bacteroidetes;c__Bacteroidia;o__Bacteroidales;f__Bacteroidaceae;g__Bacteroides;s__Bacteroides_vulgatus	k__Bacteria;p__Bacteroidetes;c__Bacteroidia;o__Bacteroidales;f__Bacteroidaceae;g__Bacteroides;s__Bacteroides_uniformis	k__Bacteria;p__Bacteroidetes;c__Bacteroidia;o__Bacteroidales;f__Rikenellaceae;g__Alistipes;s__Alistipes_putredinis	k__Bacteria;p__Bacteroidetes;c__Bacteroidia;o__Bacteroidales;f__Prevotellaceae;g__Prevotella;s__Prevotella_copri	k__Bacteria;p__Bacteroidetes;c__Bacteroidia;o__Bacteroidales;f__Bacteroidaceae;g__Bacteroides;s__Bacteroides_stercoris	k__Bacteria;p__Bacteroidetes;c__Bacteroidia;o__Bacteroidales;f__Bacteroidaceae;g__Bacteroides;s__Bacteroides_ovatus	k__Bacteria;p__Bacteroidetes;c__Bacteroidia;o__Bacteroidales;f__Rikenellaceae;g__Alistipes;s__Alistipes_shahii	k__Bacteria;p__Firmicutes;c__Clostridia;o__Clostridiales;f__Ruminococcaceae;g__Faecalibacterium;s__Faecalibacterium_prausnitzii	k__Bacteria;p__Bacteroidetes;c__Bacteroidia;o__Bacteroidales;f__Rikenellaceae;g__Alistipes;s__Alistipes_finegoldii	k__Bacteria;p__Bacteroidetes;c__Bacteroidia;o__Bacteroidales;f__Porphyromonadaceae;g__Parabacteroides;s__Parabacteroides_distasonis	k__Bacteria;p__Bacteroidetes;c__Bacteroidia;o__Bacteroidales;f__Bacteroidaceae;g__Bacteroides;s__Bacteroides_thetaiotaomicron	k__Bacteria;p__Bacteroidetes;c__Bacteroidia;o__Bacteroidales;f__Bacteroidaceae;g__Bacteroides;s__Bacteroides_coprocola	k__Bacteria;p__Bacteroidetes;c__Bacteroidia;o__Bacteroidales;f__Bacteroidaceae;g__Bacteroides;s__Bacteroides_cellulosilyticus	k__Bacteria;p__Bacteroidetes;c__Bacteroidia;o__Bacteroidales;f__Rikenellaceae;g__Alistipes;s__Alistipes_obesi	k__Bacteria;p__Firmicutes;c__Clostridia;o__Clostridiales;f__Lachnospiraceae;g__;s__[Eubacterium]_rectale	k__Bacteria;p__Bacteroidetes;c__Bacteroidia;o__Bacteroidales;f__Bacteroidaceae;g__Bacteroides;s__Bacteroides_plebeius	k__Bacteria;p__Bacteroidetes;c__Bacteroidia;o__Bacteroidales;f__Bacteroidaceae;g__Bacteroides;s__Bacteroides_fragilis	k__Bacteria;p__Proteobacteria;c__Betaproteobacteria;o__Burkholderiales;f__Sutterellaceae;g__Sutterella;s__Sutterella_wadsworthensis	k__Bacteria;p__Bacteroidetes;c__Bacteroidia;o__Bacteroidales;f__Porphyromonadaceae;g__Barnesiella;s__Barnesiella_intestinihominis	k__Bacteria;p__Bacteroidetes;c__Bacteroidia;o__Bacteroidales;f__Odoribacteraceae;g__Odoribacter;s__Odoribacter_splanchnicus	k__Bacteria;p__Bacteroidetes;c__Bacteroidia;o__Bacteroidales;f__Bacteroidaceae;g__Bacteroides;s__Bacteroides_salyersiae	k__Bacteria;p__Firmicutes;c__Clostridia;o__Clostridiales;f__Ruminococcaceae;g__Ruminiclostridium;s__[Eubacterium]_siraeum	k__Bacteria;p__Proteobacteria;c__Betaproteobacteria;o__Burkholderiales;f__Sutterellaceae;g__Parasutterella;s__Parasutterella_excrementihominis	k__Bacteria;p__Actinobacteria;c__Actinobacteria;o__Bifidobacteriales;f__Bifidobacteriaceae;g__Bifidobacterium;s__Bifidobacterium_adolescentis	k__Bacteria;p__Firmicutes;c__Clostridia;o__Clostridiales;f__Oscillospiraceae;g__Oscillibacter;s__Oscillibacter_sp._KLE_1745	k__Bacteria;p__Bacteroidetes;c__Bacteroidia;o__Bacteroidales;f__Bacteroidaceae;g__Bacteroides;s__Bacteroides_coprophilus	k__Bacteria;p__Firmicutes;c__Clostridia;o__Clostridiales;f__Lachnospiraceae;g__Roseburia;s__Roseburia_intestinalis	k__Bacteria;p__Firmicutes;c__Clostridia;o__Clostridiales;f__Lachnospiraceae;g__Roseburia;s__Roseburia_hominis	k__Bacteria;p__Bacteroidetes;c__Bacteroidia;o__Bacteroidales;f__Porphyromonadaceae;g__Parabacteroides;s__Parabacteroides_johnsonii	k__Bacteria;p__Actinobacteria;c__Actinobacteria;o__Bifidobacteriales;f__Bifidobacteriaceae;g__Bifidobacterium;s__Bifidobacterium_longum	k__Bacteria;p__Firmicutes;c__Clostridia;o__Clostridiales;f__;g__Flavonifractor;s__Flavonifractor_plautii	k__Bacteria;p__Firmicutes;c__Clostridia;o__Clostridiales;f__Clostridiaceae;g__Clostridium;s__Clostridium_phoceensis	k__Bacteria;p__Verrucomicrobia;c__Verrucomicrobiae;o__Verrucomicrobiales;f__Akkermansiaceae;g__Akkermansia;s__Akkermansia_muciniphila	k__Bacteria;p__Bacteroidetes;c__Bacteroidia;o__Bacteroidales;f__Prevotellaceae;g__Paraprevotella;s__Paraprevotella_xylaniphila	k__Bacteria;p__Firmicutes;c__Clostridia;o__Clostridiales;f__Ruminococcaceae;g__Ruminococcus;s__Ruminococcus_callidus	k__Bacteria;p__Bacteroidetes;c__Bacteroidia;o__Bacteroidales;f__Rikenellaceae;g__Alistipes;s__Alistipes_senegalensis	k__Bacteria;p__Firmicutes;c__Clostridia;o__Clostridiales;f__Lachnospiraceae;g__Blautia;s__Blautia_sp._KLE_1732	k__Bacteria;p__Bacteroidetes;c__Bacteroidia;o__Bacteroidales;f__Bacteroidaceae;g__Bacteroides;s__Bacteroides_oleiciplenus	k__Bacteria;p__Firmicutes;c__Clostridia;o__Clostridiales;f__Ruminococcaceae;g__Ruminococcus;s__Ruminococcus_bicirculans	k__Bacteria;p__Bacteroidetes;c__Bacteroidia;o__Bacteroidales;f__Bacteroidaceae;g__Bacteroides;s__Bacteroides_fluxus	k__Bacteria;p__Bacteroidetes;c__Bacteroidia;o__Bacteroidales;f__Prevotellaceae;g__Prevotella;s__Prevotella_stercorea	k__Bacteria;p__Firmicutes;c__Clostridia;o__Clostridiales;f__Lachnospiraceae;g__Dorea;s__Dorea_longicatena	k__Bacteria;p__Firmicutes;c__Clostridia;o__Clostridiales;f__Eubacteriaceae;g__Eubacterium;s__[Eubacterium]_eligens	k__Bacteria;p__Firmicutes;c__Clostridia;o__Clostridiales;f__Ruminococcaceae;g__;s__Ruminococcaceae_bacterium_D16	k__Bacteria;p__Firmicutes;c__Clostridia;o__Clostridiales;f__Lachnospiraceae;g__Coprococcus;s__Coprococcus_comes	k__Bacteria;p__Proteobacteria;c__Gammaproteobacteria;o__Enterobacterales;f__Enterobacteriaceae;g__Escherichia;s__Escherichia_coli	k__Bacteria;p__Firmicutes;c__Clostridia;o__Clostridiales;f__Ruminococcaceae;g__Anaerotruncus;s__Anaerotruncus_colihominis	k__Bacteria;p__Firmicutes;c__Clostridia;o__Clostridiales;f__Lachnospiraceae;g__Blautia;s__Blautia_obeum	k__Bacteria;p__Bacteroidetes;c__Bacteroidia;o__Bacteroidales;f__Odoribacteraceae;g__Odoribacter;s__Odoribacter_laneus	k__Bacteria;p__Firmicutes;c__Clostridia;o__Clostridiales;f__Ruminococcaceae;g__Ruminiclostridium;s__[Clostridium]_leptum	k__Bacteria;p__Bacteroidetes;c__Bacteroidia;o__Bacteroidales;f__Porphyromonadaceae;g__Parabacteroides;s__Parabacteroides_goldsteinii	k__Bacteria;p__Firmicutes;c__Clostridia;o__Clostridiales;f__Lachnospiraceae;g__Anaerostipes;s__Anaerostipes_hadrus	k__Bacteria;p__Firmicutes;c__Clostridia;o__Clostridiales;f__Ruminococcaceae;g__Ruminococcus;s__Ruminococcus_lactaris	k__Bacteria;p__Firmicutes;c__Clostridia;o__Clostridiales;f__Clostridiaceae;g__Clostridium;s__Clostridium_sp._L2-50	k__Bacteria;p__Firmicutes;c__Clostridia;o__Clostridiales;f__Clostridiaceae;g__Clostridium;s__Clostridium_sp._M62/1	k__Bacteria;p__Firmicutes;c__Clostridia;o__Clostridiales;f__;g__Intestinimonas;s__Intestinimonas_butyriciproducens	k__Bacteria;p__Actinobacteria;c__Actinobacteria;o__Bifidobacteriales;f__Bifidobacteriaceae;g__Bifidobacterium;s__Bifidobacterium_bifidum	k__Bacteria;p__Firmicutes;c__Negativicutes;o__Veillonellales;f__Veillonellaceae;g__Dialister;s__Dialister_invisus	k__Bacteria;p__Bacteroidetes;c__Bacteroidia;o__Bacteroidales;f__Bacteroidaceae;g__Bacteroides;s__Bacteroides_salanitronis
k__Bacteria;p__Bacteroidetes;c__Bacteroidia;o__Bacteroidales;f__Bacteroidaceae;g__Bacteroides;s__Bacteroides_vulgatus	1.0	-0.0124887251011	0.00984870899298	-0.0555282540506	-0.0211371344019	0.0354111484533	-0.0533286335497	-0.0478950199991	0.0204950291822	0.0195221140474	0.0147127187398	-0.00692299104626	-0.0699087565342	0.0220217881528	0.0109242656104	0.0523027076887	-0.0192277989055	-0.0152310898923	-0.0085207480609	-0.000624770731566	-0.00276464018377	0.0124503568486	-0.00753690436055	-0.019969447341	-0.0830773876304	-0.0167827988971	0.0152038368833	-0.0108693043702	-0.0364493628365	0.026824403203	0.00653181187546	-0.107964981496	-0.0242892837234	-0.00860070287924	-0.035190555727	0.00943340914724	-0.060905141634	-0.0548790640507	0.0410140659261	-0.0011053863523	0.0453220985015	-0.011547376222	0.0222133568052	0.035070275232	-0.0339440372088	-0.00711710600767	-0.0208746768587	-0.0381552776993	-0.0326717264062	-0.00407332306337	0.00206364430474	0.0247502045808	0.0230331872143	-0.0608793903859	-0.0314752453086	0.0400249562867	-0.00910086912919	0.00838734343533	-0.0234242272081
k__Bacteria;p__Bacteroidetes;c__Bacteroidia;o__Bacteroidales;f__Bacteroidaceae;g__Bacteroides;s__Bacteroides_uniformis	-0.0124887251011	1.0	-0.0137455109196	0.00370903659778	-0.0555707918718	0.00499323940018	-0.0279662568076	-0.0101291510806	-0.042711786842	-0.013017804648	-0.0244354544709	-0.0426302585001	-0.0267211684068	0.0256477081799	-0.0263328036442	-0.0122747707234	0.0378282844711	0.0313800045032	-0.0270263295612	-0.0470077821037	-0.00442016501708	-0.000627077061462	-0.0359034316886	0.0144809045144	0.0234503055819	-0.0224234785292	-0.0368876315136	0.0351853869254	0.0302310388997	-0.0417891319923	0.0136373691666	0.0388404521594	-0.00926345850782	-0.0278400153432	0.0311671624352	-0.038661439371	-0.00279206867892	0.0115095264503	0.00956546012667	-0.0257019012245	-0.0251167524581	-0.0107445271468	-0.0492238551654	-0.00303078707746	0.0526163491573	-0.000244371139434	-0.0104715383931	0.0557138453758	-0.013431662039	-0.0727743023919	-0.00464044191955	-0.0191262472828	-0.0126522455152	-0.0477941865836	-0.00920828521168	-0.0185892504396	-0.0308744816102	0.00329685026592	-0.0546354872608
k__Bacteria;p__Bacteroidetes;c__Bacteroidia;o__Bacteroidales;f__Rikenellaceae;g__Alistipes;s__Alistipes_putredinis	0.00984870899298	-0.0137455109196	1.0	0.0274379037284	0.0640834780674	0.0439289730581	-0.0521055410117	-0.0554808765303	-0.0168170519216	-0.0513919665831	0.00986521751385	0.0597349940538	0.00704070546878	-0.0503265677636	0.0168020858777	0.00725379440036	0.0926106796422	-0.0212048720636	-0.0116576374397	-0.00692824436848	-0.0419509753231	0.0598241123539	-0.00410538661134	0.00545486519528	-0.0187551342798	0.00140422116816	-0.0474482016601	-0.0283527802126	-0.0112369167318	-0.0362539568575	-0.0803419472733	-0.0198866488655	-0.00950253356962	0.00145334849005	-0.0403868146098	-0.0163643847523	0.00937842400849	-0.00827377969811	0.00328432904493	0.012392951053	0.0596572744309	0.000328719575984	-0.0179579975073	-0.0189050046944	0.0150025528849	0.0489689739832	-0.0234689305728	0.0189629083142	0.00926940429235	-0.00761079883983	-0.0206364670406	-0.0111512208925	0.0422813202157	0.0149436603289	-0.0511051874383	-0.0370666698517	0.00732252770556	-0.00295552634623	-0.0554701441526
k__Bacteria;p__Bacteroidetes;c__Bacteroidia;o__Bacteroidales;f__Prevotellaceae;g__Prevotella;s__Prevotella_copri	-0.0555282540506	0.00370903659778	0.0274379037284	1.0	0.0368546684282	-0.0262124838674	0.0178745091939	0.00644797201928	-0.00915155942897	-0.0545390418202	0.00550551142106	-0.0654066147121	0.0223668051992	-0.0343144618684	0.00384351285998	0.0185415004075	-0.0638547489804	-0.0184812760025	0.0358259740328	-0.0194323123326	0.000302479383487	-0.00126031250896	-0.0556012158817	0.00562040097661	0.0143481079591	0.0325857971797	0.019178543586	0.0150649416635	0.00743419162986	-0.0130406094753	0.00114094854972	-0.00226626261658	-0.0502702107758	-0.0287912886651	-0.0387496462131	-0.028032525185	-0.0341145580454	-0.0276795680652	0.0652281570177	-0.0234853583909	-0.00117274217417	-0.0437264331577	0.00367535216316	-0.0393281075469	-0.018326111208	0.00571478127482	-0.0466691983828	-0.0811382311516	-0.0439692815201	0.026040345171	0.0691095072817	0.00571800468418	0.0174429394205	0.0201159924017	0.0137617087522	0.0707314568484	-0.00898809655947	0.00381050742726	0.0147828413548
k__Bacteria;p__Bacteroidetes;c__Bacteroidia;o__Bacteroidales;f__Bacteroidaceae;g__Bacteroides;s__Bacteroides_stercoris	-0.0211371344019	-0.0555707918718	0.0640834780674	0.0368546684282	1.0	-0.0201233522613	-0.0334070445152	0.0169230933855	0.0236942130046	-0.0445523330483	-0.0456108011767	0.000250364053021	-0.0118388195141	0.0183517053256	-0.00109111795599	0.0165046411649	0.0117668676086	-0.00980811385939	-0.0229489723635	0.0653065263734	0.0272150004316	-0.0211422825417	0.0118890216742	0.0924848643358	-0.020121051347	0.00217117043408	-0.051581628911	0.0401522476523	0.00155206102697	-0.010410220819	-0.00151943588977	-0.0297005831284	-0.0101007438697	-0.032455780501	-0.084927456831	-0.000686956986212	-0.0266855519378	0.0249720084784	0.0176710224591	-0.0575096251744	-0.0133962770313	-0.0666256723195	0.0199698083606	-0.00658975418464	-0.0387573616715	0.00404674939488	-0.000302617062092	0.0612610425725	0.0178125168392	0.00277467989354	0.0274954539986	-0.015619295006	-0.0262526399651	0.00717041017856	0.0240239486544	0.000787184617826	-0.0574879966049	-0.0493943601077	-0.00311670928237
k__Bacteria;p__Bacteroidetes;c__Bacteroidia;o__Bacteroidales;f__Bacteroidaceae;g__Bacteroides;s__Bacteroides_ovatus	0.0354111484533	0.00499323940018	0.0439289730581	-0.0262124838674	-0.0201233522613	1.0	-0.0194449067461	-0.0377014125467	-0.0208579550171	-0.0359172161733	0.0193797973553	-0.0722069653296	0.0193412095837	0.000163959328859	-0.0215433710056	0.0472548259263	-0.0190323979514	-0.0561647099165	-0.0601579496112	-0.0197312891376	-0.00693888602854	0.0154730719815	-0.00302882086615	-0.00492055467577	-0.0181439718587	-0.0401125036189	-0.0386271705922	-0.044164460481	0.0223816153294	-0.0566277580656	-0.00405817944436	-0.00471244115492	0.0256865671183	0.0104612638844	0.0167336193832	-0.012676916901	0.0201184444394	-0.036816308986	-0.0240246504307	0.0536202178166	-0.0241458747767	-0.0442633427478	0.0303070234588	-0.0109881635642	0.0354641480153	-0.0659207083058	-0.0293523981414	-0.0305273169327	0.0142482327827	-0.0265120270138	-0.0441476039516	0.0101409368256	0.0501778450996	0.0940397244383	0.000714909098667	0.0224115098048	0.0742834541139	-0.00244959893928	0.0306649213364
k__Bacteria;p__Bacteroidetes;c__Bacteroidia;o__Bacteroidales;f__Rikenellaceae;g__Alistipes;s__Alistipes_shahii	-0.0533286335497	-0.0279662568076	-0.0521055410117	0.0178745091939	-0.0334070445152	-0.0194449067461	1.0	-7.4889045643e-05	-0.0134651961677	0.0532790772334	-0.0514099291116	0.0436755153705	0.0219473879987	0.0208743985318	0.0143620527034	0.0612604837906	0.00502034194634	0.020844155763	0.0256325580862	-0.0238963979571	-0.038798817153	-0.0234801985737	0.00803491058511	-0.0236550355369	-0.0270732979196	0.00605263226601	0.00144470602211	0.0167585825332	-0.0255732362172	-0.0193771916774	0.00785169719807	0.0121307149392	-0.0585640286398	-0.00331775974552	0.052164484009	-0.0129212282697	-0.00281179789033	0.0162904681661	-0.0544961211076	0.0295186566028	-9.55491634906e-05	-0.00399153274723	-0.0581123536535	0.035022396224	0.0144775800372	-0.0442960672996	-0.007228997385	0.00127144637414	-0.0317084368052	-0.00783258128761	-0.0140711319865	-0.0136176795474	-0.0381367421947	-0.0479178568256	-0.0596804594916	-0.0349837756114	0.0616717014479	-0.015182881674	-0.0420895390464
k__Bacteria;p__Firmicutes;c__Clostridia;o__Clostridiales;f__Ruminococcaceae;g__Faecalibacterium;s__Faecalibacterium_prausnitzii	-0.0478950199991	-0.0101291510806	-0.0554808765303	0.00644797201928	0.0169230933855	-0.0377014125467	-7.4889045643e-05	1.0	0.0166887809218	0.00663728263772	-0.0251113457515	-0.018354402179	-0.0378716210681	-0.0139504377129	0.0589475238927	-0.000675130588098	-0.0604845131804	-0.0397612888927	-0.0128194762468	0.0292630544032	-0.0274554506742	-0.0366081273734	0.009796422158	0.00869839622811	0.0122384085499	0.00574595949133	0.0106564739583	0.0430788018003	0.0205572590718	-0.0449589112341	-0.0209991853588	0.0399461800802	-0.00625286448269	0.0158488297883	-0.00737694945	0.038203611421	-0.0296472511921	-0.00820738507015	-0.043727685907	0.024097336236	-0.00308078005792	-0.0419940998173	-0.0674059632619	0.00474043860185	0.00255951635341	0.025866295651	0.0140270344197	-0.0517736982793	-0.0108817717309	0.0333751048164	0.0373265101342	0.00150285370531	-0.00539367981664	-0.018917454292	0.0257288093032	-0.029241477086	0.0407401588924	-0.00315535339381	-0.0018332152423
k__Bacteria;p__Bacteroidetes;c__Bacteroidia;o__Bacteroidales;f__Rikenellaceae;g__Alistipes;s__Alistipes_finegoldii	0.0204950291822	-0.042711786842	-0.0168170519216	-0.00915155942897	0.0236942130046	-0.0208579550171	-0.0134651961677	0.0166887809218	1.0	0.0116939413516	-0.0208446874316	-0.0682891347459	0.0119247356931	-0.0275099740469	-0.0134781825111	-0.0230715827067	-0.0330122115417	0.0463053970007	0.0358055076759	0.0508357101481	0.0252942383421	0.00563535119777	-0.0354932009864	-0.0766737009937	-0.0522950292235	0.00657371911544	-0.0264840637127	6.90881191249e-05	-0.0458856979805	-0.0733532803392	-0.0470888162063	0.00634394627383	-0.0270335512461	-0.00143119340216	-0.019827734788	0.0356322820908	0.0350745960491	0.063576215053	-0.0448567015149	-0.0386391419307	-0.0210406150259	0.0388612225636	-0.00426618512487	-0.00518591391603	-0.0481089915474	0.0299877115149	-0.0102774905539	0.00243366348623	-0.0465061425151	-0.0506933352019	0.0312269440955	-0.00340479930211	0.0398867752071	-0.0421109318407	0.0326618793467	0.0160135693263	0.00713719705127	0.0412177014367	-0.0374610477472
k__Bacteria;p__Bacteroidetes;c__Bacteroidia;o__Bacteroidales;f__Porphyromonadaceae;g__Parabacteroides;s__Parabacteroides_distasonis	0.0195221140474	-0.013017804648	-0.0513919665831	-0.0545390418202	-0.0445523330483	-0.0359172161733	0.0532790772334	0.00663728263772	0.0116939413516	1.0	0.0143762709674	0.042095046896	0.0299094606415	-0.00460425015843	-0.00245515864964	-0.0122350188535	0.00189371986778	-0.0208912872031	-0.0289275116535	-0.0633750323096	0.0492106539681	-0.00316659972484	-0.0262968986895	-0.0372412111721	-0.0404251833933	-0.0315800530333	0.0561177324211	-0.0655666082497	-0.0582584957698	0.0127060736428	-0.037678033139	0.0231730287731	-0.0370706839562	0.0180073539102	0.0261194874577	-8.45710356868e-05	-0.031809161742	0.0743224826224	-3.73841072841e-06	0.0114689799391	0.052629550924	-0.0122928473833	-0.018311745685	-0.0118058483201	-0.0368277731318	0.0133905666558	-0.0277309771779	0.0220713452306	0.0192232075995	0.0152948332116	-0.0288790986289	-0.023149459949	0.00599622736799	-0.00500062296102	-0.0370545070846	0.0544282055682	-0.0401210268737	-0.0169379910092	0.0195502613218
k__Bacteria;p__Bacteroidetes;c__Bacteroidia;o__Bacteroidales;f__Bacteroidaceae;g__Bacteroides;s__Bacteroides_thetaiotaomicron	0.0147127187398	-0.0244354544709	0.00986521751385	0.00550551142106	-0.0456108011767	0.0193797973553	-0.0514099291116	-0.0251113457515	-0.0208446874316	0.0143762709674	1.0	-0.0148440369171	-0.00342574388123	-0.0055809410589	-0.0283738259874	-0.009817730323	0.0083704775198	0.0281520789578	0.00773337743447	0.0199382840501	0.0156353775896	9.98235011435e-05	-0.00321946187103	-0.0340332372318	0.0261247218678	-0.0189857125596	0.0465908136129	-0.040481078746	-0.0332835081186	0.00628935308487	-0.0727557601737	-0.0220329636729	0.0371812760355	0.0509872289082	-0.0363956023766	-0.0446375810867	-0.040895974786	-0.0217659467969	-0.060010290886	-0.0450681833809	-0.0216820876859	-0.0238022915947	0.00936107909342	-0.0868600320839	-0.0285316877044	-0.011395360327	-0.00630524464019	0.0342793067054	-0.00763506925721	0.040866889977	-0.0313220082353	0.0206541813009	-0.00351043433656	0.0272107215681	-0.00250404322665	0.0153226530752	0.0631436653451	0.0192887657642	-0.0596921115673
k__Bacteria;p__Bacteroidetes;c__Bacteroidia;o__Bacteroidales;f__Bacteroidaceae;g__Bacteroides;s__Bacteroides_coprocola	-0.00692299104626	-0.0426302585001	0.0597349940538	-0.0654066147121	0.000250364053021	-0.0722069653296	0.0436755153705	-0.018354402179	-0.0682891347459	0.042095046896	-0.0148440369171	1.0	0.022400253582	-0.00982119666739	-0.0291330600788	0.0343492690776	0.0220912370752	0.015256286515	-0.0197095551545	-0.0211447192056	-0.022903115813	-0.0420948305815	-0.00212729692297	0.0463910323016	-0.078651903984	0.0268791958518	-0.0586010105338	-0.0139571420616	-0.00605945362045	-0.0258844665428	-0.0443799955792	-0.0817740112206	-0.0322361484786	0.0296208040409	-0.0159027881106	0.0332684061803	-0.0255138652393	0.0233715584147	-0.0147865479499	-0.0383369902584	-0.0306395616791	-0.0168658887501	0.0228229846381	-0.00123427754589	-0.00315130348736	0.0527371115452	-0.0167267381415	-0.0194601013735	-0.0189075867051	0.0526444299554	-0.0527855345709	0.00218071228655	0.0215486042584	0.022250671565	-0.00986672499204	9.11526655453e-05	-0.00754492357287	0.0418509547677	0.00494195056531
k__Bacteria;p__Bacteroidetes;c__Bacteroidia;o__Bacteroidales;f__Bacteroidaceae;g__Bacteroides;s__Bacteroides_cellulosilyticus	-0.0699087565342	-0.0267211684068	0.00704070546878	0.0223668051992	-0.0118388195141	0.0193412095837	0.0219473879987	-0.0378716210681	0.0119247356931	0.0299094606415	-0.00342574388123	0.022400253582	1.0	0.00844326759921	0.0319652920262	-0.0451469021162	0.0384204309936	0.0697843590456	-0.0698907677169	0.0104087302114	0.0185149659808	-0.0107398518031	-0.0240826940514	0.0128382804276	-0.0236068121212	0.0346261613467	0.0159927275491	-0.0365623600974	-0.0435553579049	0.0350095598035	-0.0452518577633	-0.0104063775109	-0.0155399599027	-0.0176088847772	-0.0363988014395	-0.0665140025445	-0.0075053439256	0.0115756426063	-0.0197013056525	-0.0128113811581	-0.0262888206893	0.010258682366	-0.0125094232618	-0.0283334845474	0.0121984735549	-0.0128957679847	-0.00384793652653	-0.00994529080351	0.0190996504134	-0.0306985551744	0.0264044503672	-0.0184135788818	-0.0194224653032	-0.00943047093237	-0.0346861380729	-0.0485849361198	0.0130488664053	0.057707603773	0.0391798561138
k__Bacteria;p__Bacteroidetes;c__Bacteroidia;o__Bacteroidales;f__Rikenellaceae;g__Alistipes;s__Alistipes_obesi	0.0220217881528	0.0256477081799	-0.0503265677636	-0.0343144618684	0.0183517053256	0.000163959328859	0.0208743985318	-0.0139504377129	-0.0275099740469	-0.00460425015843	-0.0055809410589	-0.00982119666739	0.00844326759921	1.0	-0.0168214945821	0.0331973392282	-0.00487981847563	-0.0307317924566	0.010597800231	-0.0220267003903	-0.00773455092475	-0.0780888047931	-0.0596985012874	0.00521182152712	0.0287504460805	0.0350896994862	-0.0383211403113	-0.0189806836788	-0.053343964902	0.0351010294971	0.0141539022636	-0.0634117716762	-0.0173547801854	-0.00712719848157	-0.00354173419285	0.0171940182661	-0.0204617402514	-0.0210688585955	-0.00323361336603	0.0585105660852	-0.0379739658935	-0.0562050759262	0.00675201949538	-0.0708920772148	-0.0353247232684	0.00226922003701	0.00920568216701	0.0155021013071	0.0213532927064	-0.0113422284566	-0.0275041858119	-0.0211267909273	-0.00313276147806	0.0176837479746	-0.0269797686517	0.00179267549961	-0.0040574928593	-0.0159940212096	0.00966054193509
k__Bacteria;p__Firmicutes;c__Clostridia;o__Clostridiales;f__Lachnospiraceae;g__;s__[Eubacterium]_rectale	0.0109242656104	-0.0263328036442	0.0168020858777	0.00384351285998	-0.00109111795599	-0.0215433710056	0.0143620527034	0.0589475238927	-0.0134781825111	-0.00245515864964	-0.0283738259874	-0.0291330600788	0.0319652920262	-0.0168214945821	1.0	0.0308408866069	0.0154855989365	-0.0208727796238	0.00954344905714	-0.0486278615014	0.00343087741247	0.00699003137779	-0.0358714179125	-0.0494843515066	0.00811278784395	1.73422208204e-06	0.00871407066267	0.00691779194549	-0.0625686895397	-0.0706017217996	-0.0174396069426	-0.058575522334	-0.0179208297676	-0.0325916203229	-0.0219917090815	-0.0627433696466	0.0491109547119	-0.0260881147576	0.0149095174972	-0.011168055099	-0.0250282803059	0.00255300919317	-0.00500620484134	0.0151822323691	0.0294285203025	-0.0191918549499	-0.0249855113069	0.0422606627918	-0.0380111515169	0.0173171723471	0.0352779882131	-0.0362219131245	0.0103807603508	-0.0408818334406	0.0318728326106	-0.00340301441062	-0.0452352678697	0.058447503395	-0.0633099659434
k__Bacteria;p__Bacteroidetes;c__Bacteroidia;o__Bacteroidales;f__Bacteroidaceae;g__Bacteroides;s__Bacteroides_plebeius	0.0523027076887	-0.0122747707234	0.00725379440036	0.0185415004075	0.0165046411649	0.0472548259263	0.0612604837906	-0.000675130588098	-0.0230715827067	-0.0122350188535	-0.009817730323	0.0343492690776	-0.0451469021162	0.0331973392282	0.0308408866069	1.0	0.000937994769135	-0.084346612555	-0.0756811762052	-0.0182953641364	-0.0032323515702	0.0176843566628	0.0200486898259	0.0187045037234	-0.0766724767421	-0.038930460812	-0.00553577501289	-0.0267301600075	0.00303261249343	-0.0367519003109	-0.063932945374	-0.0056685812686	-0.04337294033	0.0284491178684	0.0425848727589	-0.0334580319443	0.00408373989428	-0.0511610828969	0.0539338526671	0.0671764560084	0.00947482711519	-0.00265217909944	0.0463413833306	-0.0122747211861	-0.0285420417246	0.0506568055396	0.0575740153886	0.0610202955178	0.013135537023	-0.00249340521887	-0.0975003963616	-0.0870156566829	-0.00389017386832	-0.0275400363061	0.01719049258	-0.0218908866694	-0.0697205895783	-0.0299724730794	0.000700736969849
k__Bacteria;p__Bacteroidetes;c__Bacteroidia;o__Bacteroidales;f__Bacteroidaceae;g__Bacteroides;s__Bacteroides_fragilis	-0.0192277989055	0.0378282844711	0.0926106796422	-0.0638547489804	0.0117668676086	-0.0190323979514	0.00502034194634	-0.0604845131804	-0.0330122115417	0.00189371986778	0.0083704775198	0.0220912370752	0.0384204309936	-0.00487981847563	0.0154855989365	0.000937994769135	1.0	-0.0288347463807	0.00521115472121	0.000752015394772	-0.0656333323184	0.070582069844	-0.0239200383662	0.0168275062339	-0.0394179891809	-0.0564239272043	-0.00254633730768	-0.0298853184388	-0.0278128445773	-0.00570169388653	0.0288070972113	0.0291650327916	-0.0463052995911	0.0138285773912	-0.0130061992689	0.00909509002318	0.0166297261601	-0.0248695614704	-0.0706829202714	0.00650202052934	0.000593837736007	0.0144745249494	-0.0201512489725	0.0178036364015	-0.0516356772883	0.0176904604548	0.038910463119	0.0567313813245	-0.0657466740564	-0.00951254275978	0.0406470588859	0.0138713939439	0.0173402496064	-0.00846041968908	-0.083936891412	0.0060480545261	0.03526594874	0.0193867035645	0.041861638223
k__Bacteria;p__Proteobacteria;c__Betaproteobacteria;o__Burkholderiales;f__Sutterellaceae;g__Sutterella;s__Sutterella_wadsworthensis	-0.0152310898923	0.0313800045032	-0.0212048720636	-0.0184812760025	-0.00980811385939	-0.0561647099165	0.020844155763	-0.0397612888927	0.0463053970007	-0.0208912872031	0.0281520789578	0.015256286515	0.0697843590456	-0.0307317924566	-0.0208727796238	-0.084346612555	-0.0288347463807	1.0	0.007020523225	-0.0110663842636	0.0662519952666	-0.0123126498472	-0.067860786326	-0.0362969597477	0.0010848708452	0.0736928964363	-0.0434651262792	0.0971243067622	-0.0162801486983	-0.0187219590094	0.0326929866094	-0.0585126112534	-0.0524533704477	-0.0170121682799	0.0201354738691	-0.0128912935467	0.00285064771712	-0.0154303422574	-0.00167462089725	-0.0442373752891	0.0418240815118	0.00104797312396	-0.0409778505168	-0.0219816355523	-0.0164593680436	-0.0386227997498	0.00264842242809	-0.0283198060196	-0.0322396000497	-0.008554618149	-0.0559525378806	-0.0143479190943	0.0055261073043	-0.0480038694466	-0.0632005786622	0.0198650278792	-0.0423939804384	0.00501158701416	-0.0159124623746
k__Bacteria;p__Bacteroidetes;c__Bacteroidia;o__Bacteroidales;f__Porphyromonadaceae;g__Barnesiella;s__Barnesiella_intestinihominis	-0.0085207480609	-0.0270263295612	-0.0116576374397	0.0358259740328	-0.0229489723635	-0.0601579496112	0.0256325580862	-0.0128194762468	0.0358055076759	-0.0289275116535	0.00773337743447	-0.0197095551545	-0.0698907677169	0.010597800231	0.00954344905714	-0.0756811762052	0.00521115472121	0.007020523225	1.0	0.0185917765734	0.0119950228337	0.00705084196654	0.0436014391192	-0.0299032351983	0.0058299953104	0.00421235915276	0.0408726455953	0.0642809842442	-0.0512607779296	0.0457883222088	-0.00657635948663	0.0109436877907	0.0210210319042	-0.00155291772349	-0.0414674047513	-0.0125283530682	-0.0561512200409	-0.035618504783	0.0807167512378	0.00873669774794	0.0171849378902	0.0360716777666	-0.0577992291628	0.00883240974949	0.0381933202761	0.000438136636673	-0.0129472121766	-0.0181219112643	-0.0496281937911	-0.00771680812853	0.0302246033843	-0.00916025893321	-0.0529409600967	0.0927977189285	-0.0197748105185	0.0164531928882	-0.0406063014646	0.00469672146633	-0.00472510557568
k__Bacteria;p__Bacteroidetes;c__Bacteroidia;o__Bacteroidales;f__Odoribacteraceae;g__Odoribacter;s__Odoribacter_splanchnicus	-0.000624770731566	-0.0470077821037	-0.00692824436848	-0.0194323123326	0.0653065263734	-0.0197312891376	-0.0238963979571	0.0292630544032	0.0508357101481	-0.0633750323096	0.0199382840501	-0.0211447192056	0.0104087302114	-0.0220267003903	-0.0486278615014	-0.0182953641364	0.000752015394772	-0.0110663842636	0.0185917765734	1.0	0.00962443276413	-0.0205566933017	-0.0251690196637	-0.0534527356963	0.0367978324091	-0.0433049153929	0.0247395401639	0.00926466954279	-0.0157850832177	0.0346305636381	0.00750518922048	-0.0127498034439	0.0565879452039	0.0256634023318	0.00281775328839	-0.0516281003161	-0.0159513839433	-0.0460883552384	-0.00992141065031	-0.0194164875781	0.00101239974985	-0.0147651110705	0.0128265545044	-0.0498682788748	0.0269980237552	-0.0130603976312	0.0314567694789	0.00268796953338	0.00267267662063	0.039566212418	-0.019974570838	0.0223244588479	-0.0419337055999	-0.0347227013795	-0.0190628852106	-0.0217483826047	-0.0836918432431	0.0577660381356	-0.00347588563169
k__Bacteria;p__Bacteroidetes;c__Bacteroidia;o__Bacteroidales;f__Bacteroidaceae;g__Bacteroides;s__Bacteroides_salyersiae	-0.00276464018377	-0.00442016501708	-0.0419509753231	0.000302479383487	0.0272150004316	-0.00693888602854	-0.038798817153	-0.0274554506742	0.0252942383421	0.0492106539681	0.0156353775896	-0.022903115813	0.0185149659808	-0.00773455092475	0.00343087741247	-0.0032323515702	-0.0656333323184	0.0662519952666	0.0119950228337	0.00962443276413	1.0	-0.0675960625586	0.0254271801441	-0.0615847351746	-0.022847977241	0.0157058257456	0.0526867295652	0.0392237182156	0.0157815146028	-0.00170960295621	0.0510753869777	-0.0044273265485	0.00815869497839	0.0473357288657	0.025435403181	-0.0100073959681	-0.0527572720269	-0.0262145217599	0.00359042118534	-0.0286081881087	-0.00928617896464	-0.00914761604488	-0.00380356989789	0.00873890998184	0.0296223952766	-0.0790710382648	0.0112443139498	0.0144856186341	-0.0284808709782	0.00169382717697	0.0124740308101	-0.0481663239174	0.0223765400399	-0.0314449112704	-0.0476450340509	-0.0449653889745	0.00559081399021	-0.00707034731606	-0.0529901195951
k__Bacteria;p__Firmicutes;c__Clostridia;o__Clostridiales;f__Ruminococcaceae;g__Ruminiclostridium;s__[Eubacterium]_siraeum	0.0124503568486	-0.000627077061462	0.0598241123539	-0.00126031250896	-0.0211422825417	0.0154730719815	-0.0234801985737	-0.0366081273734	0.00563535119777	-0.00316659972484	9.98235011435e-05	-0.0420948305815	-0.0107398518031	-0.0780888047931	0.00699003137779	0.0176843566628	0.070582069844	-0.0123126498472	0.00705084196654	-0.0205566933017	-0.0675960625586	1.0	-0.0126018900284	0.0269160328366	-0.0461805806517	-0.0346837944585	0.0414285733928	-0.00644217159777	0.0119152191048	-0.000399874420528	0.0468830919202	0.0144583129871	-0.0301041110678	-0.0390034954325	0.0256328022678	-0.0332374780974	0.0333859838666	0.0191645470317	-0.00620920389569	-0.0255128444993	0.0345153971151	-0.0269516838664	-0.0155730474035	0.00158991561522	-0.0154826377614	-0.0035994536123	-0.0609374982897	0.00720739830478	-0.053093184832	-0.0636371121903	-0.00572143072872	-0.0128689600894	0.0688499144061	-0.0562529804296	0.00237958113047	0.0325194413739	-0.0290547417853	-0.0724064202451	0.0181992304576
k__Bacteria;p__Proteobacteria;c__Betaproteobacteria;o__Burkholderiales;f__Sutterellaceae;g__Parasutterella;s__Parasutterella_excrementihominis	-0.00753690436055	-0.0359034316886	-0.00410538661134	-0.0556012158817	0.0118890216742	-0.00302882086615	0.00803491058511	0.009796422158	-0.0354932009864	-0.0262968986895	-0.00321946187103	-0.00212729692297	-0.0240826940514	-0.0596985012874	-0.0358714179125	0.0200486898259	-0.0239200383662	-0.067860786326	0.0436014391192	-0.0251690196637	0.0254271801441	-0.0126018900284	1.0	-0.055483047457	-0.00213080250672	-0.0287020947999	-0.0232354350435	0.00253929532142	-0.00414782985605	-0.0142963250683	-0.0162071668416	-0.0823815554392	0.00299664000969	-0.0208796385506	0.0213767938061	0.0513877851577	0.0701701942014	-0.0221148400281	0.02290066147	0.0144642377778	-0.0154562337518	0.0637103337565	-0.00543516998469	0.0380339376658	-0.042682323326	0.0507464689471	-0.0274197356693	0.0102638184674	-0.055558316828	0.0536462903115	-0.0137299285371	-0.0136431677885	0.0196693334596	-0.0151374004053	-0.0167945286276	-0.0389528734665	-0.0123821788618	0.0369408656544	-0.0320212315702
k__Bacteria;p__Actinobacteria;c__Actinobacteria;o__Bifidobacteriales;f__Bifidobacteriaceae;g__Bifidobacterium;s__Bifidobacterium_adolescentis	-0.019969447341	0.0144809045144	0.00545486519528	0.00562040097661	0.0924848643358	-0.00492055467577	-0.0236550355369	0.00869839622811	-0.0766737009937	-0.0372412111721	-0.0340332372318	0.0463910323016	0.0128382804276	0.00521182152712	-0.0494843515066	0.0187045037234	0.0168275062339	-0.0362969597477	-0.0299032351983	-0.0534527356963	-0.0615847351746	0.0269160328366	-0.055483047457	1.0	-0.0112484139126	0.0528132728315	0.00560228609346	0.0327476193147	-0.0266703524583	0.0141572786271	-0.00786420304177	-0.0668567693568	0.0107048452548	-0.0635035065537	-0.0231169595084	0.0275956671581	-0.0384347455223	0.0028969748665	0.0360798719572	-0.0174223032438	-0.0271930189468	-0.0707093429892	-0.0155298159989	0.0196396260293	-0.0085843122699	0.00893861028694	0.0480110475517	0.0395779245544	-0.00734706154829	0.0340989454136	0.00479053351699	0.0137380728943	-0.0146377575298	-0.0586190945256	-0.0180831188773	0.0494965113335	-0.0748899915934	0.0319732747473	0.0342220145734
k__Bacteria;p__Firmicutes;c__Clostridia;o__Clostridiales;f__Oscillospiraceae;g__Oscillibacter;s__Oscillibacter_sp._KLE_1745	-0.0830773876304	0.0234503055819	-0.0187551342798	0.0143481079591	-0.020121051347	-0.0181439718587	-0.0270732979196	0.0122384085499	-0.0522950292235	-0.0404251833933	0.0261247218678	-0.078651903984	-0.0236068121212	0.0287504460805	0.00811278784395	-0.0766724767421	-0.0394179891809	0.0010848708452	0.0058299953104	0.0367978324091	-0.022847977241	-0.0461805806517	-0.00213080250672	-0.0112484139126	1.0	0.0149518008063	-0.0124792124571	0.031142076252	0.000578739656838	-0.00614294865858	-0.0449764837415	-0.00275180885359	0.00338527730659	-0.00256378866083	-0.0119749845508	-0.0090941380632	-0.0274881123793	0.00429026216623	-0.0185511753693	-0.0633238916349	-0.0312580141574	-0.0224392341101	0.0166016930662	-0.0536974078553	0.00193217029775	-0.0396889727604	0.0411432813102	-0.00458231381332	0.0622231349777	0.000647304820911	-0.0953839229927	0.033757625688	-0.000965551756696	0.0241324419765	0.0166978900699	0.0258084376769	-0.018650477791	0.0524505403539	-0.039272864056
k__Bacteria;p__Bacteroidetes;c__Bacteroidia;o__Bacteroidales;f__Bacteroidaceae;g__Bacteroides;s__Bacteroides_coprophilus	-0.0167827988971	-0.0224234785292	0.00140422116816	0.0325857971797	0.00217117043408	-0.0401125036189	0.00605263226601	0.00574595949133	0.00657371911544	-0.0315800530333	-0.0189857125596	0.0268791958518	0.0346261613467	0.0350896994862	1.73422208204e-06	-0.038930460812	-0.0564239272043	0.0736928964363	0.00421235915276	-0.0433049153929	0.0157058257456	-0.0346837944585	-0.0287020947999	0.0528132728315	0.0149518008063	1.0	-0.00163116409638	-0.0170378046073	-0.0359591871401	-0.000818025429427	0.00123131650028	-0.0168882935185	0.017780242805	0.024888504979	-0.0379939729993	0.030499410691	-0.0638067140141	0.00337424666903	-0.0541606422449	0.00942220741962	-0.00760439648714	0.0154264016903	-0.0139163109932	-0.038803859031	0.0384737077362	0.0214726853118	0.0510595911647	-0.0530160322187	-0.0246210260862	-0.0230071009105	-0.0124800807103	0.0253189887036	0.0391491008494	0.00303731798912	0.02465373205	0.021175772515	-0.0381988047708	0.00306705454758	0.00630988288671
k__Bacteria;p__Firmicutes;c__Clostridia;o__Clostridiales;f__Lachnospiraceae;g__Roseburia;s__Roseburia_intestinalis	0.0152038368833	-0.0368876315136	-0.0474482016601	0.019178543586	-0.051581628911	-0.0386271705922	0.00144470602211	0.0106564739583	-0.0264840637127	0.0561177324211	0.0465908136129	-0.0586010105338	0.0159927275491	-0.0383211403113	0.00871407066267	-0.00553577501289	-0.00254633730768	-0.0434651262792	0.0408726455953	0.0247395401639	0.0526867295652	0.0414285733928	-0.0232354350435	0.00560228609346	-0.0124792124571	-0.00163116409638	1.0	-0.0485954504061	-0.00178648472595	-0.032797514173	0.0435945596263	-9.28495087862e-05	0.0135256805639	0.00760963306671	0.00540573155183	0.0485044953016	-0.0176693063454	-0.0130018543155	-0.0268489575791	-0.0269023003204	-0.00262986649342	0.0321351487467	0.0249576459804	0.101890128718	-0.00307513351252	-0.0315327072836	-0.0260420989829	-0.0576443436446	0.0320462184508	-0.0449003870032	-0.0313428003569	-0.0182755862878	0.0290317184344	0.0347088215048	-0.0520078134195	-0.0641455791169	-0.0460365187894	-0.0810134669386	0.0355578724701
k__Bacteria;p__Firmicutes;c__Clostridia;o__Clostridiales;f__Lachnospiraceae;g__Roseburia;s__Roseburia_hominis	-0.0108693043702	0.0351853869254	-0.0283527802126	0.0150649416635	0.0401522476523	-0.044164460481	0.0167585825332	0.0430788018003	6.90881191249e-05	-0.0655666082497	-0.040481078746	-0.0139571420616	-0.0365623600974	-0.0189806836788	0.00691779194549	-0.0267301600075	-0.0298853184388	0.0971243067622	0.0642809842442	0.00926466954279	0.0392237182156	-0.00644217159777	0.00253929532142	0.0327476193147	0.031142076252	-0.0170378046073	-0.0485954504061	1.0	-0.0144225628919	0.0184521060269	0.00382789868401	0.0046742774379	-0.0163136076518	0.00865066174766	0.0769463110746	0.0762740061571	0.00245999940783	-0.0328076968882	-0.00266053475758	-0.0204557233151	-0.0146270715437	-0.0171937718718	-0.00490411180352	0.0248521517016	0.101121375747	0.00922180892859	0.00522488248413	-0.0512059760018	-0.00777889273569	-0.0116502515177	0.030253536084	-0.00177116190164	-0.0183716766565	0.012489326572	-0.0226907915595	0.010752521097	-0.0293839464955	-0.0532869311984	-0.118969022018
k__Bacteria;p__Bacteroidetes;c__Bacteroidia;o__Bacteroidales;f__Porphyromonadaceae;g__Parabacteroides;s__Parabacteroides_johnsonii	-0.0364493628365	0.0302310388997	-0.0112369167318	0.00743419162986	0.00155206102697	0.0223816153294	-0.0255732362172	0.0205572590718	-0.0458856979805	-0.0582584957698	-0.0332835081186	-0.00605945362045	-0.0435553579049	-0.053343964902	-0.0625686895397	0.00303261249343	-0.0278128445773	-0.0162801486983	-0.0512607779296	-0.0157850832177	0.0157815146028	0.0119152191048	-0.00414782985605	-0.0266703524583	0.000578739656838	-0.0359591871401	-0.00178648472595	-0.0144225628919	1.0	-0.0646061956673	0.0421714555426	-0.0170733325702	0.0307872899247	-0.0374712505698	-0.0266595868286	-0.0374820015631	-0.0390522020777	0.032816284854	0.00374653118021	0.00659968749779	-0.0093091821078	0.0065777226318	0.0536934147303	-0.0246920312285	-0.0359197419768	0.0424988341839	-0.0271798477272	-0.00823497885462	0.0199116901237	0.0264535098166	0.0177319457606	0.0329769566458	-0.0625002733309	0.00517493754995	-0.00118383581823	-0.0449502643539	0.0241903281436	0.0129038559549	0.0129149184776
k__Bacteria;p__Actinobacteria;c__Actinobacteria;o__Bifidobacteriales;f__Bifidobacteriaceae;g__Bifidobacterium;s__Bifidobacterium_longum	0.026824403203	-0.0417891319923	-0.0362539568575	-0.0130406094753	-0.010410220819	-0.0566277580656	-0.0193771916774	-0.0449589112341	-0.0733532803392	0.0127060736428	0.00628935308487	-0.0258844665428	0.0350095598035	0.0351010294971	-0.0706017217996	-0.0367519003109	-0.00570169388653	-0.0187219590094	0.0457883222088	0.0346305636381	-0.00170960295621	-0.000399874420528	-0.0142963250683	0.0141572786271	-0.00614294865858	-0.000818025429427	-0.032797514173	0.0184521060269	-0.0646061956673	1.0	-0.0263956449227	0.00241484203417	0.00461271696984	0.0466871272396	0.0581136140154	0.0433617324407	-0.0405779930814	-0.0311303930527	-0.0636426900368	-0.0488764343012	-0.0434448111983	-0.0349434567066	-0.0246084450402	0.028896964795	0.032049966177	-0.00877002229972	0.0240950077889	-0.0665238951575	-0.0463013832947	-0.0238511842075	0.0379727194358	-0.000905964538336	0.0466016888538	-0.0311252692344	-0.0196813257109	0.0681202653145	0.0284471308843	-0.0226387985709	0.036116443399
