#taxonomy	k__Bacteria;p__Bacteroidetes;c__Bacteroidia;o__Bacteroidales;f__Bacteroidaceae;g__Bacteroides;s__Bacteroides_vulgatus	k__Bacteria;p__Bacteroidetes;c__Bacteroidia;o__Bacteroidales;f__Bacteroidaceae;g__Bacteroides;s__Bacteroides_uniformis	k__Bacteria;p__Bacteroidetes;c__Bacteroidia;o__Bacteroidales;f__Rikenellaceae;g__Alistipes;s__Alistipes_putredinis	k__Bacteria;p__Bacteroidetes;c__Bacteroidia;o__Bacteroidales;f__Prevotellaceae;g__Prevotella;s__Prevotella_copri	k__Bacteria;p__Bacteroidetes;c__Bacteroidia;o__Bacteroidales;f__Bacteroidaceae;g__Bacteroides;s__Bacteroides_stercoris	k__Bacteria;p__Bacteroidetes;c__Bacteroidia;o__Bacteroidales;f__Bacteroidaceae;g__Bacteroides;s__Bacteroides_ovatus	k__Bacteria;p__Bacteroidetes;c__Bacteroidia;o__Bacteroidales;f__Rikenellaceae;g__Alistipes;s__Alistipes_shahii	k__Bacteria;p__Firmicutes;c__Clostridia;o__Clostridiales;f__Ruminococcaceae;g__Faecalibacterium;s__Faecalibacterium_prausnitzii	k__Bacteria;p__Bacteroidetes;c__Bacteroidia;o__Bacteroidales;f__Rikenellaceae;g__Alistipes;s__Alistipes_finegoldii	k__Bacteria;p__Bacteroidetes;c__Bacteroidia;o__Bacteroidales;f__Porphyromonadaceae;g__Parabacteroides;s__Parabacteroides_distasonis	k__Bacteria;p__Bacteroidetes;c__Bacteroidia;o__Bacteroidales;f__Bacteroidaceae;g__Bacteroides;s__Bacteroides_thetaiotaomicron	k__Bacteria;p__Bacteroidetes;c__Bacteroidia;o__Bacteroidales;f__Bacteroidaceae;g__Bacteroides;s__Bacteroides_coprocola	k__Bacteria;p__Bacteroidetes;c__Bacteroidia;o__Bacteroidales;f__Bacteroidaceae;g__Bacteroides;s__Bacteroides_cellulosilyticus	k__Bacteria;p__Bacteroidetes;c__Bacteroidia;o__Bacteroidales;f__Rikenellaceae;g__Alistipes;s__Alistipes_obesi	k__Bacteria;p__Firmicutes;c__Clostridia;o__Clostridiales;f__Lachnospiraceae;g__;s__[Eubacterium]_rectale	k__Bacteria;p__Bacteroidetes;c__Bacteroidia;o__Bacteroidales;f__Bacteroidaceae;g__Bacteroides;s__Bacteroides_plebeius	k__Bacteria;p__Bacteroidetes;c__Bacteroidia;o__Bacteroidales;f__Bacteroidaceae;g__Bacteroides;s__Bacteroides_fragilis	k__Bacteria;p__Proteobacteria;c__Betaproteobacteria;o__Burkholderiales;f__Sutterellaceae;g__Sutterella;s__Sutterella_wadsworthensis	k__Bacteria;p__Bacteroidetes;c__Bacteroidia;o__Bacteroidales;f__Porphyromonadaceae;g__Barnesiella;s__Barnesiella_intestinihominis	k__Bacteria;p__Bacteroidetes;c__Bacteroidia;o__Bacteroidales;f__Odoribacteraceae;g__Odoribacter;s__Odoribacter_splanchnicus	k__Bacteria;p__Bacteroidetes;c__Bacteroidia;o__Bacteroidales;f__Bacteroidaceae;g__Bacteroides;s__Bacteroides_salyersiae	k__Bacteria;p__Firmicutes;c__Clostridia;o__Clostridiales;f__Ruminococcaceae;g__Ruminiclostridium;s__[Eubacterium]_siraeum	k__Bacteria;p__Proteobacteria;c__Betaproteobacteria;o__Burkholderiales;f__Sutterellaceae;g__Parasutterella;s__Parasutterella_excrementihominis	k__Bacteria;p__Actinobacteria;c__Actinobacteria;o__Bifidobacteriales;f__Bifidobacteriaceae;g__Bifidobacterium;s__Bifidobacterium_adolescentis	k__Bacteria;p__Firmicutes;c__Clostridia;o__Clostridiales;f__Oscillospiraceae;g__Oscillibacter;s__Oscillibacter_sp._KLE_1745	k__Bacteria;p__Bacteroidetes;c__Bacteroidia;o__Bacteroidales;f__Bacteroidaceae;g__Bacteroides;s__Bacteroides_coprophilus	k__Bacteria;p__Firmicutes;c__Clostridia;o__Clostridiales;f__Lachnospiraceae;g__Roseburia;s__Roseburia_intestinalis	k__Bacteria;p__Firmicutes;c__Clostridia;o__Clostridiales;f__Lachnospiraceae;g__Roseburia;s__Roseburia_hominis	k__Bacteria;p__Bacteroidetes;c__Bacteroidia;o__Bacteroidales;f__Porphyromonadaceae;g__Parabacteroides;s__Parabacteroides_johnsonii	k__Bacteria;p__Actinobacteria;c__Actinobacteria;o__Bifidobacteriales;f__Bifidobacteriaceae;g__Bifidobacterium;s__Bifidobacterium_longum	k__Bacteria;p__Firmicutes;c__Clostridia;o__Clostridiales;f__;g__Flavonifractor;s__Flavonifractor_plautii	k__Bacteria;p__Firmicutes;c__Clostridia;o__Clostridiales;f__Clostridiaceae;g__Clostridium;s__Clostridium_phoceensis	k__Bacteria;p__Verrucomicrobia;c__Verrucomicrobiae;o__Verrucomicrobiales;f__Akkermansiaceae;g__Akkermansia;s__Akkermansia_muciniphila	k__Bacteria;p__Bacteroidetes;c__Bacteroidia;o__Bacteroidales;f__Prevotellaceae;g__Paraprevotella;s__Paraprevotella_xylaniphila	k__Bacteria;p__Firmicutes;c__Clostridia;o__Clostridiales;f__Ruminococcaceae;g__Ruminococcus;s__Ruminococcus_callidus	k__Bacteria;p__Bacteroidetes;c__Bacteroidia;o__Bacteroidales;f__Rikenellaceae;g__Alistipes;s__Alistipes_senegalensis	k__Bacteria;p__Firmicutes;c__Clostridia;o__Clostridiales;f__Lachnospiraceae;g__Blautia;s__Blautia_sp._KLE_1732	k__Bacteria;p__Bacteroidetes;c__Bacteroidia;o__Bacteroidales;f__Bacteroidaceae;g__Bacteroides;s__Bacteroides_oleiciplenus	k__Bacteria;p__Firmicutes;c__Clostridia;o__Clostridiales;f__Ruminococcaceae;g__Ruminococcus;s__Ruminococcus_bicirculans	k__Bacteria;p__Bacteroidetes;c__Bacteroidia;o__Bacteroidales;f__Bacteroidaceae;g__Bacteroides;s__Bacteroides_fluxus	k__Bacteria;p__Bacteroidetes;c__Bacteroidia;o__Bacteroidales;f__Prevotellaceae;g__Prevotella;s__Prevotella_stercorea	k__Bacteria;p__Firmicutes;c__Clostridia;o__Clostridiales;f__Lachnospiraceae;g__Dorea;s__Dorea_longicatena	k__Bacteria;p__Firmicutes;c__Clostridia;o__Clostridiales;f__Eubacteriaceae;g__Eubacterium;s__[Eubacterium]_eligens	k__Bacteria;p__Firmicutes;c__Clostridia;o__Clostridiales;f__Ruminococcaceae;g__;s__Ruminococcaceae_bacterium_D16	k__Bacteria;p__Firmicutes;c__Clostridia;o__Clostridiales;f__Lachnospiraceae;g__Coprococcus;s__Coprococcus_comes	k__Bacteria;p__Proteobacteria;c__Gammaproteobacteria;o__Enterobacterales;f__Enterobacteriaceae;g__Escherichia;s__Escherichia_coli	k__Bacteria;p__Firmicutes;c__Clostridia;o__Clostridiales;f__Ruminococcaceae;g__Anaerotruncus;s__Anaerotruncus_colihominis	k__Bacteria;p__Firmicutes;c__Clostridia;o__Clostridiales;f__Lachnospiraceae;g__Blautia;s__Blautia_obeum	k__Bacteria;p__Bacteroidetes;c__Bacteroidia;o__Bacteroidales;f__Odoribacteraceae;g__Odoribacter;s__Odoribacter_laneus	k__Bacteria;p__Firmicutes;c__Clostridia;o__Clostridiales;f__Ruminococcaceae;g__Ruminiclostridium;s__[Clostridium]_leptum	k__Bacteria;p__Bacteroidetes;c__Bacteroidia;o__Bacteroidales;f__Porphyromonadaceae;g__Parabacteroides;s__Parabacteroides_goldsteinii	k__Bacteria;p__Firmicutes;c__Clostridia;o__Clostridiales;f__Lachnospiraceae;g__Anaerostipes;s__Anaerostipes_hadrus	k__Bacteria;p__Firmicutes;c__Clostridia;o__Clostridiales;f__Ruminococcaceae;g__Ruminococcus;s__Ruminococcus_lactaris	k__Bacteria;p__Firmicutes;c__Clostridia;o__Clostridiales;f__Clostridiaceae;g__Clostridium;s__Clostridium_sp._L2-50	k__Bacteria;p__Firmicutes;c__Clostridia;o__Clostridiales;f__Clostridiaceae;g__Clostridium;s__Clostridium_sp._M62/1	k__Bacteria;p__Firmicutes;c__Clostridia;o__Clostridiales;f__;g__Intestinimonas;s__Intestinimonas_butyriciproducens	k__Bacteria;p__Actinobacteria;c__Actinobacteria;o__Bifidobacteriales;f__Bifidobacteriaceae;g__Bifidobacterium;s__Bifidobacterium_bifidum	k__Bacteria;p__Firmicutes;c__Negativicutes;o__Veillonellales;f__Veillonellaceae;g__Dialister;s__Dialister_invisus	k__Bacteria;p__Bacteroidetes;c__Bacteroidia;o__Bacteroidales;f__Bacteroidaceae;g__Bacteroides;s__Bacteroides_salanitronis
k__Bacteria;p__Bacteroidetes;c__Bacteroidia;o__Bacteroidales;f__Bacteroidaceae;g__Bacteroides;s__Bacteroides_vulgatus	1.0	0.0042296768207	-0.0125216265797	0.0643898065886	-0.034980015657	-0.0176333891199	0.0097427784026	-0.0470932988214	-0.0174717817205	0.0022219717392	-0.012229654497	-0.0237993871684	-0.0591278863802	-0.0326473496072	-0.0211015342147	0.0064897627019	-0.0094416426724	0.000264835377557	-0.0516013248325	-0.0176193387025	-0.0407269138914	-0.0290985334275	0.00385766376492	0.0428753518417	-0.0265775034939	0.00376046950253	-0.00464609361902	-0.0526742315312	-0.0202135331361	0.0282047568946	-0.0297827505989	0.0173895442621	-0.0256635231054	-0.0075105750909	-0.00883006212169	-0.0537870892768	-0.0422177175808	-0.0103175624833	0.0102001205148	0.0316515170355	0.00389972641506	-0.0446170615893	-0.0160316089651	-0.0253466152014	0.0199811282621	-0.015879083423	0.0117509653963	0.0338831369413	-0.0477121231811	-0.0856272071434	0.0173201029648	0.0151765320645	-0.00655017282951	0.0242705177104	0.0184282997203	-0.00375869052045	-0.0235861750912	0.0599317244755	-0.000359051564691
k__Bacteria;p__Bacteroidetes;c__Bacteroidia;o__Bacteroidales;f__Bacteroidaceae;g__Bacteroides;s__Bacteroides_uniformis	0.0042296768207	1.0	-0.0145055196713	-0.0078604512262	0.0454526238399	-0.00803981197142	0.094959317143	-0.0204737262931	-0.00656850212661	0.0419536312402	-0.000743127019725	-0.0017649786557	-0.0394468397507	-0.0352014194321	0.00655270451248	0.0268368039623	0.094975697028	0.000716720691659	-0.0157313579165	0.0332865691715	0.0168850098262	0.0148674630168	-0.0765441039375	-0.0553251879325	-0.00311435142792	-0.021759703242	-0.00340057430913	-0.0101371152385	-0.0562241177589	0.0129079320023	-0.0173139047401	0.0193376970515	-0.018266044899	-0.00428701951327	-0.0456189224556	-0.00989390988281	-0.013810753696	-0.0244097737519	-0.038041036872	-0.0175886863986	-0.00977656805385	-0.0301000340292	-0.0602155205474	-0.0310166819377	0.0730142313237	0.0604889629588	-0.00551821236323	0.0272800830693	-0.0637810827332	-0.0621251552679	-0.0203400900666	0.0512387040323	-0.0154079159566	-0.0475581985405	0.0259011234328	0.0443492390724	0.0098249795862	0.0367172069709	0.031171762487
k__Bacteria;p__Bacteroidetes;c__Bacteroidia;o__Bacteroidales;f__Rikenellaceae;g__Alistipes;s__Alistipes_putredinis	-0.0125216265797	-0.0145055196713	1.0	0.00520626756064	-0.0159664447097	-0.0346088299083	0.000856573156208	-0.061476111469	-0.0112585845039	-0.0434551762953	-0.0433811026137	-0.0307517347892	-0.0207673035647	-0.0570541670453	0.00202232798295	0.039306461841	0.0120863569311	0.036656648058	-0.0309130625941	-0.0143833146308	0.0273973288939	-0.0217885658234	-0.00106115838811	0.00191484636122	0.0246375208431	-3.68548419118e-06	0.00658856897525	-0.0480015184802	0.0510608061585	-0.0308873881574	-0.0315087502531	-0.0491942095068	0.0408686363127	0.013194774003	0.0321169029364	-0.0153670636644	-0.0231384726638	-0.0408108995698	-0.04011754209	-0.0301912754805	-0.00839781399315	0.0719305219901	0.0114608477573	-0.0168079417468	5.06719903052e-05	-0.0321889854559	0.0113904510565	0.0352799421581	0.0108483710024	-0.0522532984245	-0.024322652711	0.0273129344525	-0.0472069938663	-0.0508714231389	-0.0357473728724	0.0301817211347	-0.0297908312636	-0.00250903795217	-0.0284949462317
k__Bacteria;p__Bacteroidetes;c__Bacteroidia;o__Bacteroidales;f__Prevotellaceae;g__Prevotella;s__Prevotella_copri	0.0643898065886	-0.0078604512262	0.00520626756064	1.0	-0.055397123707	0.0157258585557	-0.00554604066169	-0.0141194388167	-0.0329070348623	-0.0603923655561	-0.00399996567209	0.00166701098465	0.00660675343501	0.0153568816339	-0.0321578251323	-0.0691205408599	0.0783470371666	-0.0131372595088	0.0229698051471	-0.00387954462903	0.0733945963759	0.0324907773399	-0.0250516535979	-0.0191883839053	-0.0733067636335	0.030958121788	-0.0278369409751	-0.0187391143835	0.0136949841184	-0.0111467286393	-0.0288905175247	-0.0128183920475	0.072936597841	-0.0716505079694	-0.050198987229	0.0421847722239	-0.0289822442475	-0.0439957750639	-0.0333144825999	-0.0284386503136	-0.0329181785989	0.0169869368482	-0.017702025235	0.0605997044158	-0.0386172732644	-0.0105214183203	-0.0534172469372	-0.0257836912214	0.0242653893693	-0.0140059373755	-0.0300758473085	-0.00700129269056	-0.00876446976853	-0.047983642401	0.00510999686912	0.0139256410227	-0.0588161513758	0.0328667968909	-0.0298478120685
k__Bacteria;p__Bacteroidetes;c__Bacteroidia;o__Bacteroidales;f__Bacteroidaceae;g__Bacteroides;s__Bacteroides_stercoris	-0.034980015657	0.0454526238399	-0.0159664447097	-0.055397123707	1.0	0.0239162715118	-0.0178612095843	0.000691420104815	-0.0273067170779	0.00507964003025	-0.0108880177609	0.000924638873354	0.0564793730937	-0.000166457732486	0.0514528192369	-0.0411665877342	-0.0540400806569	0.0134040541253	-0.000603274283562	-0.0251921848166	-0.0117600309568	0.0250477332575	-0.041181070377	0.00240120304592	-0.0534675295625	-0.0134740932295	-0.0126637878102	-0.0412549403528	0.00966363597293	-0.0237481784549	-0.0540325014207	0.0130748611644	-0.0326756651754	-0.0333496101327	0.0171757694567	0.0065320371036	0.062026148318	0.00211463567938	-0.00971669103204	-0.0258942684296	-0.02785792206	0.00513030776239	-0.0344053025493	-0.0433286963595	-0.0523724653434	-0.0114778729984	0.00398962439664	-0.121467276615	0.00339219266713	0.0285119663813	0.0102421403041	-0.00369304835114	0.0505644230705	0.00502250350272	-0.0319545377018	0.0903318803228	-0.0121046333048	0.101367592852	0.0607069205379
k__Bacteria;p__Bacteroidetes;c__Bacteroidia;o__Bacteroidales;f__Bacteroidaceae;g__Bacteroides;s__Bacteroides_ovatus	-0.0176333891199	-0.00803981197142	-0.0346088299083	0.0157258585557	0.0239162715118	1.0	-0.0608822352843	0.00366905085091	-0.0321250062477	0.0647995482452	-0.00403003974494	0.033789631713	-0.0681963091808	0.028671193706	0.0392281761426	-0.0120605622342	-0.0136852912976	0.0219906041209	-0.0572363687459	0.0131223557655	0.0542493503154	-0.0482179537551	-0.0113156010967	-0.0623752901319	-0.0122141903166	0.0651245894193	-0.00506683156808	-0.00820917542436	-0.0518341974863	-0.0657394003276	0.0170115664605	-0.0289946598707	0.00315439058353	0.0116563701987	0.0200248699385	0.0118583054949	0.0257474078299	0.020256052085	-0.0436667739418	-0.0491402321167	-0.0386115037392	-0.00949611043685	0.00783501657741	0.00161746009128	0.0526874036237	-0.0327863302769	0.00357576833975	-0.0121406342313	0.0152706399538	-0.0492409400257	0.0225229469345	-0.0113257924367	0.0300939905351	-0.0431498815128	-0.0560479354577	-0.0460616970029	0.0252638270786	0.0176886993108	0.024214843774
k__Bacteria;p__Bacteroidetes;c__Bacteroidia;o__Bacteroidales;f__Rikenellaceae;g__Alistipes;s__Alistipes_shahii	0.0097427784026	0.094959317143	0.000856573156208	-0.00554604066169	-0.0178612095843	-0.0608822352843	1.0	-0.0062549261573	0.0109369851644	-0.081633109261	0.0420689782505	0.105338843282	-0.0144672336782	-0.0197690359727	-0.0112514350922	0.00671566602463	0.0579447333289	-0.0376207024183	0.0142262427486	-0.0187690035051	-0.0554365256206	-0.0495020603351	-0.0228962023477	-0.0169165539562	-0.0226852127409	-0.0284095392467	-0.0303502579549	0.0178907272189	0.0355470305618	0.0684968831953	-0.00912583942893	-0.0079458784328	-0.00127760499764	-0.035024287931	0.0678138490565	-0.0183347148148	-0.0227609017012	0.0464182972173	-0.0544300520929	0.000910537356865	0.0631022137265	0.0150632019903	0.0237174156705	0.00218000999427	0.0194753990778	0.0170652527335	0.0135654356381	-0.0675303613641	-0.0363476438786	-0.0147397099075	-0.0515285512786	0.031162888074	0.0508749389702	-0.0242939227617	0.0155376270079	0.0303821077496	-0.0249014584776	-0.0262452086419	0.0641019162597
k__Bacteria;p__Firmicutes;c__Clostridia;o__Clostridiales;f__Ruminococcaceae;g__Faecalibacterium;s__Faecalibacterium_prausnitzii	-0.0470932988214	-0.0204737262931	-0.061476111469	-0.0141194388167	0.000691420104815	0.00366905085091	-0.0062549261573	1.0	0.024038978849	-0.0177957418557	-0.00290206066501	-0.043839410932	0.016562409888	0.0252693500903	0.0120687010326	0.0304672399581	-0.0744092122434	-0.0298876102121	0.00880534628146	-0.0382671411737	0.027498484528	-0.0338913855918	-0.098350411575	0.0168006450122	0.0195882900727	-0.0545710802916	-0.0388134405646	-0.0767968682178	0.052467734731	-0.0145556619728	-0.0314683964364	0.0177485431913	-0.0161733803101	-0.0577804933517	-0.0532749626165	-0.0536867568806	-0.00452784371381	0.031300841484	-0.0247706488393	0.0119564387246	-0.0482388526537	0.0360038383277	-0.0335551190165	-0.0846019567768	0.0404688674136	0.0233724083324	0.00446101450457	0.0656666113781	0.0188754616881	-0.0381379133589	0.01277057775	0.00146784010977	-0.0388000437663	0.0787608780159	-0.0663801662748	0.0586689697836	-0.00521719454784	-0.0210195258084	0.00883333583059
k__Bacteria;p__Bacteroidetes;c__Bacteroidia;o__Bacteroidales;f__Rikenellaceae;g__Alistipes;s__Alistipes_finegoldii	-0.0174717817205	-0.00656850212661	-0.0112585845039	-0.0329070348623	-0.0273067170779	-0.0321250062477	0.0109369851644	0.024038978849	1.0	0.0213673533047	0.0104510452045	0.00438792936123	-0.0298664332635	-0.0326170378498	-0.0227470087247	-0.0319036480283	-0.0323380919376	-0.0144114129229	-0.0324149380336	-0.0171310352728	-0.0365909170522	0.0294027628838	0.00717550428574	-0.0172558870293	0.00277993959401	-0.0648370012693	-0.0342367752809	-0.00867334443625	-0.026763554381	0.0341711945015	-0.0348070899451	0.0190326960334	0.022781238437	-0.0452921500979	0.0285255565821	0.0153339854182	-0.04577550134	0.0066461013973	-0.0175356347496	-0.026529147398	0.0536862270898	0.0203237643733	0.0342310351665	0.0156484494983	0.0116584320509	-0.0419132998621	0.0147223935574	0.00720127846054	-0.0116347259609	-0.0593048352158	-0.00556777036804	0.00565586294965	-0.0018969859321	0.00240050001219	0.0267600927934	0.0142087208045	0.0236679114865	-0.0286893813106	0.0409439889723
k__Bacteria;p__Bacteroidetes;c__Bacteroidia;o__Bacteroidales;f__Porphyromonadaceae;g__Parabacteroides;s__Parabacteroides_distasonis	0.0022219717392	0.0419536312402	-0.0434551762953	-0.0603923655561	0.00507964003025	0.0647995482452	-0.081633109261	-0.0177957418557	0.0213673533047	1.0	0.0121001652292	-0.0476924411898	-0.0127882125742	0.0309292043811	-0.0355789688685	-0.0197581227785	-0.0260650527836	-0.00353322686837	-0.00259246035765	0.0223379219918	0.0682465605205	-0.0904459015616	0.0532870132256	0.00444655295558	-0.00965995346684	-0.0218587880619	-0.0101023155563	0.000909381571164	0.00662874304633	0.032644316302	-0.0178407480632	-0.0720717664791	-0.0850799753089	-0.0234225367472	-0.0204281350144	0.0109085880772	-0.0338954806291	-0.026714805307	-0.0452234907645	-0.00466529099002	-0.071225551486	-0.0150501221534	-0.0316669178537	-0.00885874895365	0.0825799647934	-0.0313619255689	0.0318193582918	0.0222707285096	-0.0490777272614	-0.0271331217187	0.0273977376497	0.00394341044117	-0.0138554304505	-0.0440806077831	-0.0787379109005	-0.0198623258356	-0.0176878648487	-0.0104851416097	-0.0492197340771
k__Bacteria;p__Bacteroidetes;c__Bacteroidia;o__Bacteroidales;f__Bacteroidaceae;g__Bacteroides;s__Bacteroides_thetaiotaomicron	-0.012229654497	-0.000743127019725	-0.0433811026137	-0.00399996567209	-0.0108880177609	-0.00403003974494	0.0420689782505	-0.00290206066501	0.0104510452045	0.0121001652292	1.0	-0.0206411004121	0.0265720474409	0.0576683224399	-0.0293758313704	-0.0279928469982	0.02213719395	0.0164108898836	-0.0207909221356	-0.0121643928989	0.00233484826524	-0.0305233264169	0.057668341427	0.0434117087478	-0.0197677044602	-0.00389927627531	-0.0390006654437	-0.00204053003646	-0.020841413599	0.0333923636823	-0.0185148825197	-0.0134591791175	-0.0719962923449	-0.049810652752	-0.0341701485784	-0.0204394754759	-0.046219486645	0.0244193770871	-0.030025390875	-0.0120347111085	-0.024489634625	-0.0178947935332	0.0378838052309	-0.0384131295819	0.0421466241572	-0.025101421733	-0.0301306452665	-0.0492241151721	-0.000658537524698	0.0673623405876	-0.0368819876393	-0.0389905191733	-0.0381385510715	0.000828102619915	-0.0116636131024	0.0347018037077	-0.0531056350746	-0.0211999858273	-0.0159118791964
k__Bacteria;p__Bacteroidetes;c__Bacteroidia;o__Bacteroidales;f__Bacteroidaceae;g__Bacteroides;s__Bacteroides_coprocola	-0.0237993871684	-0.0017649786557	-0.0307517347892	0.00166701098465	0.000924638873354	0.033789631713	0.105338843282	-0.043839410932	0.00438792936123	-0.0476924411898	-0.0206411004121	1.0	-0.0425584194207	-0.0258941235903	0.0190305280956	-0.0511131830634	0.0071907886945	-0.0268860086586	0.0366336065618	-0.0180780817364	0.000626828155745	0.024909723545	-0.00867293678103	0.0228157565846	-0.0126237051007	-0.00514594612569	-0.0137366889088	0.0400733403473	0.00825619396091	-0.0363920930305	-0.0352088974807	-0.00839823282599	-0.0416378198427	0.00161111273311	0.0209989667793	-0.033885096013	-0.0552195754952	-0.00049507894115	-0.00851855248043	-0.00374911848733	-0.0604405616608	-0.0142008766967	-0.0258299906608	0.0569953366575	0.0469061414759	-0.0223557327549	-0.022103932918	-0.0153187826809	0.0165531764098	-0.00620025923899	-0.0150265666288	-0.00102865259586	0.00605822395788	-0.0155287506158	-0.0236616527629	-0.0188683790031	0.0400845776929	-0.0151600679337	-0.0729913942621
k__Bacteria;p__Bacteroidetes;c__Bacteroidia;o__Bacteroidales;f__Bacteroidaceae;g__Bacteroides;s__Bacteroides_cellulosilyticus	-0.0591278863802	-0.0394468397507	-0.0207673035647	0.00660675343501	0.0564793730937	-0.0681963091808	-0.0144672336782	0.016562409888	-0.0298664332635	-0.0127882125742	0.0265720474409	-0.0425584194207	1.0	-0.0227709341592	-0.0359546513007	-0.0215676139833	-0.0264639461536	-0.0279848020215	-0.0355693008632	-0.0113501339082	-0.00831430717459	0.00950089503211	-2.71537253443e-05	-0.0263413651481	-0.00208700765586	-0.00288870431769	-0.00465815510213	0.0218577626023	-0.0384741402782	0.0695418557868	-0.0105223261831	-0.0328070737839	-0.0519776114459	0.0752873849855	-0.010143210696	-0.0369270008081	0.0153838613827	-0.0512947436871	0.0238350964608	0.00990036896642	-0.0109776671448	-0.0794569522438	-0.0285904813861	-0.00101553386793	-0.0143952532487	0.0410332756013	0.0369773457922	-0.0296205661232	-0.0245626374555	0.0125805688787	-0.0519208425399	0.0339891926641	-0.0215216451836	0.0112124602019	0.00659124370407	0.0351174851025	-0.0190250577038	-0.0431988684115	0.0117828175961
k__Bacteria;p__Bacteroidetes;c__Bacteroidia;o__Bacteroidales;f__Rikenellaceae;g__Alistipes;s__Alistipes_obesi	-0.0326473496072	-0.0352014194321	-0.0570541670453	0.0153568816339	-0.000166457732486	0.028671193706	-0.0197690359727	0.0252693500903	-0.0326170378498	0.0309292043811	0.0576683224399	-0.0258941235903	-0.0227709341592	1.0	-0.0225095758879	0.0139242079909	-0.0174813945116	-0.0316181077127	-0.0230448192618	-0.00794218239935	0.0369671502575	-0.0102862054813	-0.0406191426723	0.0262244883687	-0.011144342889	0.0144055719992	0.00500058303926	0.0725035726145	-0.0356394248613	0.00186032817551	0.00135596635253	-0.0482095661115	0.0656186582068	0.0107384137385	7.73336417045e-05	-0.0329243369184	0.0183853128584	-0.0184457174808	-0.0247866413853	-0.0531902950073	0.0530920080622	-0.0482944599365	-0.0332072823738	0.020025233706	-0.0664732436842	-0.0163600688904	-0.0153185380804	-0.00826243542085	-0.0512318292407	0.0350914937196	-0.0416113783944	-0.0150655607181	-0.014681569824	-0.0456690024719	-0.0548938339317	-0.0296336662584	0.0323959579099	0.0334283798256	0.0109191235293
k__Bacteria;p__Firmicutes;c__Clostridia;o__Clostridiales;f__Lachnospiraceae;g__;s__[Eubacterium]_rectale	-0.0211015342147	0.00655270451248	0.00202232798295	-0.0321578251323	0.0514528192369	0.0392281761426	-0.0112514350922	0.0120687010326	-0.0227470087247	-0.0355789688685	-0.0293758313704	0.0190305280956	-0.0359546513007	-0.0225095758879	1.0	9.89738533042e-05	-0.0575247873194	-0.0212561525653	-0.0504988051635	-0.00650297330707	0.0125779391565	-0.0279457226903	-0.0533225003019	-0.0333976472104	-0.0452493339484	0.0124019853286	-0.016208148634	-0.00485889114886	-0.0202264150155	-0.0328581512193	-0.0108298132576	-0.0479244556634	-0.0403361053582	-0.0334382042964	-0.0631715827603	0.0275915560938	-0.0361620276742	0.0405876627912	0.0332836335913	0.00833734975234	0.0237840012704	-0.0388912073334	-0.00952244589217	-0.0197391931445	0.00692834154511	0.00811599516263	0.0149962471279	0.0073399921308	0.0422970956726	0.0689968692206	0.0816910900515	0.0136495817812	-0.0176280411998	0.0422491678656	-0.0567052510679	-0.056012957283	-0.0338518128741	-0.0520604134408	-0.00686638531771
k__Bacteria;p__Bacteroidetes;c__Bacteroidia;o__Bacteroidales;f__Bacteroidaceae;g__Bacteroides;s__Bacteroides_plebeius	0.0064897627019	0.0268368039623	0.039306461841	-0.0691205408599	-0.0411665877342	-0.0120605622342	0.00671566602463	0.0304672399581	-0.0319036480283	-0.0197581227785	-0.0279928469982	-0.0511131830634	-0.0215676139833	0.0139242079909	9.89738533042e-05	1.0	0.00295492112551	0.0252631452187	-0.0163772465798	0.0159224491854	-0.00234061316945	-0.0143852584128	-0.0314312066187	0.00450474317327	-0.0396948136811	0.0247834742635	-0.0134578797082	0.0600439327006	0.016419890946	0.00263455053776	-0.00806503385368	0.0269907330694	0.047721677537	0.00595318777297	-0.0128575767274	-0.0208606487065	-0.0499193296365	-0.0217737398163	0.0715343222925	-0.00381605708089	-0.0251641947403	-0.0634091390114	-0.0211991041998	-0.0154509031172	0.0164059828316	-0.100834481848	-0.0101995843506	-0.0256608432463	-0.00495956242124	-0.0462700844678	-0.0299016853647	-0.0169701873129	-0.0617831130072	-0.0644666995438	-0.0266141117367	0.0169055489668	-0.0259622485057	-0.00430426857495	-0.0448716142173
k__Bacteria;p__Bacteroidetes;c__Bacteroidia;o__Bacteroidales;f__Bacteroidaceae;g__Bacteroides;s__Bacteroides_fragilis	-0.0094416426724	0.094975697028	0.0120863569311	0.0783470371666	-0.0540400806569	-0.0136852912976	0.0579447333289	-0.0744092122434	-0.0323380919376	-0.0260650527836	0.02213719395	0.0071907886945	-0.0264639461536	-0.0174813945116	-0.0575247873194	0.00295492112551	1.0	0.00204568025164	-0.0164665431779	0.0159767359469	0.0351536030068	0.0318217987422	-0.0104028782878	0.004651057793	-0.0322825111263	-0.034356535939	-0.0545823861864	-0.0457344174677	0.0315613559962	-0.0617539488365	-0.0225060378336	0.0104673477405	0.0185379408422	-0.0054717053966	-0.023120010427	-0.0363882023989	-0.0107927806866	-0.0334446849551	0.00773063706493	-0.079108389952	-0.0612206345215	0.00506265609247	0.0485637813099	-0.0455067970052	-0.00422562691338	-0.0154183011762	-0.0065454711924	-0.0229024411351	0.0448331438572	-0.00197690199902	-0.0789764580369	-0.00142874540189	0.0182545977885	-0.0273608296162	0.014114476204	-0.0300274450418	-0.00685953372767	-0.00913249711415	0.0263548129319
k__Bacteria;p__Proteobacteria;c__Betaproteobacteria;o__Burkholderiales;f__Sutterellaceae;g__Sutterella;s__Sutterella_wadsworthensis	0.000264835377557	0.000716720691659	0.036656648058	-0.0131372595088	0.0134040541253	0.0219906041209	-0.0376207024183	-0.0298876102121	-0.0144114129229	-0.00353322686837	0.0164108898836	-0.0268860086586	-0.0279848020215	-0.0316181077127	-0.0212561525653	0.0252631452187	0.00204568025164	1.0	0.0101898505694	0.0163828077052	-0.0109703846053	-0.0084250627582	-0.00808908785716	-0.0876911096547	0.00806019185393	-0.0455889578543	0.0295360821566	0.0141925339693	0.0617581483586	-0.0384615743194	-0.0783164826039	-0.0274198004681	-0.0109561746208	0.0041413281193	-0.0193203064983	-0.0332584324359	-0.0104551603652	-0.0316373608726	-0.0186251216314	0.00566333763943	-0.0190571783	-0.0269671790921	0.0344864148635	-0.0381724533977	-0.0161257088668	-0.0129028824927	-0.0482902935217	-0.021354410477	-0.00619639988542	0.00524028540358	-0.00214290367652	-0.00701513075033	-0.0465817329277	0.0699125376055	-0.00084066432881	0.0686315271761	-0.0507723290572	0.0223991873773	-0.0093784534869
k__Bacteria;p__Bacteroidetes;c__Bacteroidia;o__Bacteroidales;f__Porphyromonadaceae;g__Barnesiella;s__Barnesiella_intestinihominis	-0.0516013248325	-0.0157313579165	-0.0309130625941	0.0229698051471	-0.000603274283562	-0.0572363687459	0.0142262427486	0.00880534628146	-0.0324149380336	-0.00259246035765	-0.0207909221356	0.0366336065618	-0.0355693008632	-0.0230448192618	-0.0504988051635	-0.0163772465798	-0.0164665431779	0.0101898505694	1.0	0.0208123388775	-0.0293789762243	0.00251894326469	0.0174695664789	0.0154860655953	-0.0287352216535	-0.000827660510379	-0.0397597235693	0.00464344108854	-0.0620286971071	-0.0169697221808	-0.044824906742	0.021116230661	0.0284072278917	0.0446078240695	-0.0126897129411	-0.00434365252129	-0.0153356593269	0.0455488774507	-0.0559808423612	-0.0150659235567	-0.0101932984583	0.124302180754	-0.0320501021176	-0.00465369749158	-0.0258391230259	-0.00433986557896	-0.0172097663922	0.0358583640809	-0.0218219819931	0.0212712817598	-0.00120398265244	0.0454110025225	0.0171419713371	0.0160876445218	0.0206540334385	0.0337219378053	-0.0557640695271	0.066150018619	0.062398520424
k__Bacteria;p__Bacteroidetes;c__Bacteroidia;o__Bacteroidales;f__Odoribacteraceae;g__Odoribacter;s__Odoribacter_splanchnicus	-0.0176193387025	0.0332865691715	-0.0143833146308	-0.00387954462903	-0.0251921848166	0.0131223557655	-0.0187690035051	-0.0382671411737	-0.0171310352728	0.0223379219918	-0.0121643928989	-0.0180780817364	-0.0113501339082	-0.00794218239935	-0.00650297330707	0.0159224491854	0.0159767359469	0.0163828077052	0.0208123388775	1.0	-0.0424149375978	-0.0483307003125	0.0618469618174	0.0181502733387	-0.0339588498925	-0.0469558080722	-0.0166390748419	-0.0641530625709	0.0324651884557	-0.0261249977291	0.011672300151	0.0228946131415	0.0130428639947	-0.00661451006348	-0.032306418961	-0.0201217628515	-0.0289404149637	-0.0756144338341	-0.00801717165299	0.0354605100488	-0.0133099938662	-0.0207134836256	-0.0211185646998	-0.0674295732499	0.0230460845764	0.0255537588982	-0.0318494734497	-0.00848415050356	-0.0650672108149	0.0124350563761	-0.0590045122011	-0.00825486043795	-0.00305655780204	0.0178364631019	-0.0291661598588	-0.0180220346285	-0.0265697432372	0.0725334179961	-0.041603554093
k__Bacteria;p__Bacteroidetes;c__Bacteroidia;o__Bacteroidales;f__Bacteroidaceae;g__Bacteroides;s__Bacteroides_salyersiae	-0.0407269138914	0.0168850098262	0.0273973288939	0.0733945963759	-0.0117600309568	0.0542493503154	-0.0554365256206	0.027498484528	-0.0365909170522	0.0682465605205	0.00233484826524	0.000626828155744	-0.00831430717459	0.0369671502575	0.0125779391565	-0.00234061316945	0.0351536030068	-0.0109703846053	-0.0293789762243	-0.0424149375978	1.0	-0.035994366413	-0.0151886544592	-0.0370203503109	-0.0165966876813	-0.0235156286273	-0.0292661050572	-0.0314877306297	0.0342501518347	-0.0487791789996	-0.029502618342	-0.00253728332739	0.0449236570402	0.0287226259025	-0.0400345430129	0.00311502977106	-0.0253283330918	-0.00238421718443	-0.0697087694199	-0.058380560769	-0.0268773624511	-0.0188081916698	-0.00294922400666	0.00687940145407	-0.0579733422494	0.0470914842449	-0.0030189603799	-0.00326645365518	-0.079399646372	-0.00978538060029	-0.00729056894573	-0.0366546701137	-0.0207970245103	-0.0472840368774	0.0356561641009	0.0108696679544	-0.0627041326959	0.0175345306226	-0.0348712734227
k__Bacteria;p__Firmicutes;c__Clostridia;o__Clostridiales;f__Ruminococcaceae;g__Ruminiclostridium;s__[Eubacterium]_siraeum	-0.0290985334275	0.0148674630168	-0.0217885658234	0.0324907773399	0.0250477332575	-0.0482179537551	-0.0495020603351	-0.0338913855918	0.0294027628838	-0.0904459015616	-0.0305233264169	0.024909723545	0.00950089503211	-0.0102862054813	-0.0279457226903	-0.0143852584128	0.0318217987422	-0.0084250627582	0.00251894326469	-0.0483307003125	-0.035994366413	1.0	-0.0675002315247	0.00492574977355	0.0940708485296	-0.0477081369628	-0.00579522632498	-0.0140627830583	-0.00154161173981	-0.0109964767555	0.00144213460236	0.0297021905443	0.0214166759279	0.000907136567203	-0.0215537222456	0.0343524716022	-0.000912380400945	0.0234493424366	-0.00727069230293	-0.0100648949091	0.0135720426391	0.0725976672443	-0.0769225093707	-0.00419059838543	-0.0315205578716	-0.0317676164183	0.00256235912708	0.0339521120491	0.0281921121532	-0.0325641276952	0.00944645342401	-0.00429868184756	0.00113861304394	-0.0455120620878	-0.00142648402843	0.0313251690897	0.0151840459145	0.0500649376112	-0.020966289632
k__Bacteria;p__Proteobacteria;c__Betaproteobacteria;o__Burkholderiales;f__Sutterellaceae;g__Parasutterella;s__Parasutterella_excrementihominis	0.00385766376492	-0.0765441039375	-0.00106115838811	-0.0250516535979	-0.041181070377	-0.0113156010967	-0.0228962023477	-0.098350411575	0.00717550428574	0.0532870132256	0.057668341427	-0.00867293678103	-2.71537253443e-05	-0.0406191426723	-0.0533225003019	-0.0314312066187	-0.0104028782878	-0.00808908785716	0.0174695664789	0.0618469618174	-0.0151886544592	-0.0675002315247	1.0	0.0686307675984	0.00221874971195	-0.0513053799772	-0.00706909571921	0.0174075938169	-0.0473704281221	-0.0965759019276	0.0318708876557	0.0292740136164	-0.00495954522504	-0.000310316811139	0.00741871182054	-0.00506114806947	-0.0157810718579	0.0177903869385	-0.00351445771462	0.00791183438011	-0.0309862505328	0.0437923566665	-0.0164873943922	-0.00585816440468	-0.0266082156634	-0.0502758484739	-0.0112567292743	0.0010134933095	0.00563977716908	-0.00840605179169	-0.0198168683453	0.0360455953313	0.000341041982915	0.0222884939005	-0.0183167756646	-0.027153393756	-0.0102623187335	-0.0370154795457	-0.021345070561
k__Bacteria;p__Actinobacteria;c__Actinobacteria;o__Bifidobacteriales;f__Bifidobacteriaceae;g__Bifidobacterium;s__Bifidobacterium_adolescentis	0.0428753518417	-0.0553251879325	0.00191484636122	-0.0191883839053	0.00240120304592	-0.0623752901319	-0.0169165539562	0.0168006450122	-0.0172558870293	0.00444655295558	0.0434117087478	0.0228157565846	-0.0263413651481	0.0262244883687	-0.0333976472104	0.00450474317327	0.004651057793	-0.0876911096547	0.0154860655953	0.0181502733387	-0.0370203503109	0.00492574977355	0.0686307675984	1.0	0.0061573459853	0.0307577444714	-0.0552097047637	-0.0513707336197	-0.000623154879167	0.00145771642	0.0350711953945	0.0197067642357	0.0205781162257	0.00336507417379	-0.00145193423014	-0.00602656279156	0.00769444627496	-0.0292399802898	-0.0245108049265	0.0190344926499	-0.0278411455941	-0.0414791848188	-0.0150590694877	-0.0549225269396	-0.021038968962	0.0141295826931	0.0125929225689	0.0134991090505	-0.00882616422358	0.0529657625728	-0.0392011954353	0.021348081125	0.0157303823271	-0.0606426484186	0.0528094260213	-0.0937038803803	-0.0232838948968	0.038630080646	-0.00109485434608
k__Bacteria;p__Firmicutes;c__Clostridia;o__Clostridiales;f__Oscillospiraceae;g__Oscillibacter;s__Oscillibacter_sp._KLE_1745	-0.0265775034939	-0.00311435142792	0.0246375208431	-0.0733067636335	-0.0534675295625	-0.0122141903166	-0.0226852127409	0.0195882900727	0.00277993959401	-0.00965995346684	-0.0197677044602	-0.0126237051007	-0.00208700765586	-0.011144342889	-0.0452493339484	-0.0396948136811	-0.0322825111263	0.00806019185393	-0.0287352216535	-0.0339588498925	-0.0165966876813	0.0940708485296	0.00221874971195	0.0061573459853	1.0	0.0119381179254	0.0166194315968	-0.0252922755918	-0.00705331791503	0.0128881053226	-0.0348633823202	-0.0301847129131	-0.034095136469	-0.0323222195691	-0.0207777065025	-0.0669752145234	-0.0181962421398	0.0214373028707	0.016900027435	0.0296325710856	0.00543074930898	0.0319197760937	0.00636432485171	-0.01821072794	0.0171781617937	0.0065678779088	0.0388147591287	0.0501603818215	-0.0521381466491	-0.0219699967052	-0.00648066336676	0.0737601641413	0.0181054882912	-0.00867867901532	-0.0405733153997	-0.00666502173097	0.0480343618918	0.0254425510142	0.0198661384405
k__Bacteria;p__Bacteroidetes;c__Bacteroidia;o__Bacteroidales;f__Bacteroidaceae;g__Bacteroides;s__Bacteroides_coprophilus	0.00376046950253	-0.021759703242	-3.68548419118e-06	0.030958121788	-0.0134740932295	0.0651245894193	-0.0284095392467	-0.0545710802916	-0.0648370012693	-0.0218587880619	-0.00389927627531	-0.00514594612569	-0.00288870431769	0.0144055719992	0.0124019853286	0.0247834742635	-0.034356535939	-0.0455889578543	-0.000827660510379	-0.0469558080722	-0.0235156286273	-0.0477081369628	-0.0513053799772	0.0307577444714	0.0119381179254	1.0	-0.0545578457779	-0.0109884262424	0.0150443080217	0.0127582449518	-0.0443267094222	0.0047135709447	0.0533863654174	0.0747691709003	0.0292922249486	0.0824292517176	-0.0134458530744	0.0217623274356	0.000773422322985	-0.00470951293958	0.0340894841102	-0.0487704717083	0.00889478752753	-0.0250525674756	-0.0858295927454	-0.0421676808232	0.00274553248876	-0.011776757728	-0.00347156894329	0.0127066391212	0.0334542858531	0.00089671781655	-0.00642787304653	-0.0512056107818	0.0530456275576	-0.00162274890057	0.0128537610626	-0.0503536381826	-0.0376082386171
k__Bacteria;p__Firmicutes;c__Clostridia;o__Clostridiales;f__Lachnospiraceae;g__Roseburia;s__Roseburia_intestinalis	-0.00464609361902	-0.00340057430913	0.00658856897525	-0.0278369409751	-0.0126637878102	-0.00506683156808	-0.0303502579549	-0.0388134405646	-0.0342367752809	-0.0101023155563	-0.0390006654437	-0.0137366889088	-0.00465815510213	0.00500058303926	-0.016208148634	-0.0134578797082	-0.0545823861864	0.0295360821566	-0.0397597235693	-0.0166390748419	-0.0292661050572	-0.00579522632498	-0.00706909571921	-0.0552097047637	0.0166194315968	-0.0545578457779	1.0	-0.00806029650773	-0.00084911955219	-0.0041853627399	0.00551428947037	0.0261031033633	0.0128232965568	0.00510523874415	-0.00930888193319	-0.014651086232	0.042694941651	0.0104873818428	-0.0342614426503	0.0147816805367	-0.00119703192945	0.00714344128901	0.0431187246719	0.0059769766198	-0.00669991056708	0.0154638825146	0.0427817758841	-0.00704093977069	-0.0180625490764	0.0246661069483	-0.0484785354096	0.0148527538435	-0.0257083495437	-0.000933835340739	-0.0302167727608	0.0589934092016	0.0150384413469	-0.0438996085153	0.0228579929185
k__Bacteria;p__Firmicutes;c__Clostridia;o__Clostridiales;f__Lachnospiraceae;g__Roseburia;s__Roseburia_hominis	-0.0526742315312	-0.0101371152385	-0.0480015184802	-0.0187391143835	-0.0412549403528	-0.00820917542436	0.0178907272189	-0.0767968682178	-0.00867334443625	0.000909381571164	-0.00204053003646	0.0400733403473	0.0218577626023	0.0725035726145	-0.00485889114886	0.0600439327006	-0.0457344174677	0.0141925339693	0.00464344108854	-0.0641530625709	-0.0314877306297	-0.0140627830583	0.0174075938169	-0.0513707336197	-0.0252922755918	-0.0109884262424	-0.00806029650773	1.0	-0.0363851750398	-0.0182361315701	0.0519011863407	-0.0193481138495	0.044751324978	-0.0039952528257	-0.0134188794524	-0.0907959737415	-0.0547356022234	-0.00462761767387	0.0341555156241	0.0539454106237	0.0122615948989	-0.0462472394025	-0.0158422081918	0.0651052500381	-0.00497799420608	-0.0107661672031	-0.0601951459226	0.0553555071796	-0.0195408299319	-0.00916644390967	0.0886493652979	-0.00362622911164	-0.0243082842672	-0.0208170427141	0.0280494481559	-0.0530678167932	-0.10574534459	0.00455608996632	0.00285819115579
k__Bacteria;p__Bacteroidetes;c__Bacteroidia;o__Bacteroidales;f__Porphyromonadaceae;g__Parabacteroides;s__Parabacteroides_johnsonii	-0.0202135331361	-0.0562241177589	0.0510608061585	0.0136949841184	0.00966363597293	-0.0518341974863	0.0355470305618	0.052467734731	-0.026763554381	0.00662874304633	-0.020841413599	0.00825619396091	-0.0384741402782	-0.0356394248613	-0.0202264150155	0.016419890946	0.0315613559962	0.0617581483586	-0.0620286971071	0.0324651884557	0.0342501518347	-0.00154161173981	-0.0473704281221	-0.000623154879167	-0.00705331791503	0.0150443080217	-0.00084911955219	-0.0363851750398	1.0	-0.0420972424918	-0.0528937970339	0.0110146160328	-0.0378150985227	0.00175285609142	-0.00913314106811	-0.0323674064598	-0.0153566716839	-0.0284613416722	-0.025785887981	-0.0266425834621	-0.0459786097071	0.0199676229902	-0.0577849456711	-0.0215501743305	-0.0167900537986	-0.0235603303451	-0.02357764316	-0.0452710725129	0.00660872968201	-0.0295153644594	-0.0267380500729	0.00902908036608	0.032595600606	0.0285355842727	0.00561379897984	-0.0198469883735	-0.00462374963718	-0.0317921385189	0.0603623459997
k__Bacteria;p__Actinobacteria;c__Actinobacteria;o__Bifidobacteriales;f__Bifidobacteriaceae;g__Bifidobacterium;s__Bifidobacterium_longum	0.0282047568946	0.0129079320023	-0.0308873881574	-0.0111467286393	-0.0237481784549	-0.0657394003276	0.0684968831953	-0.0145556619728	0.0341711945015	0.032644316302	0.0333923636823	-0.0363920930305	0.0695418557868	0.00186032817551	-0.0328581512193	0.00263455053776	-0.0617539488365	-0.0384615743194	-0.0169697221808	-0.0261249977291	-0.0487791789996	-0.0109964767555	-0.0965759019276	0.00145771642	0.0128881053226	0.0127582449518	-0.0041853627399	-0.0182361315701	-0.0420972424918	1.0	-0.0173659376151	0.0113580499732	-0.0578607560458	-0.0083932172342	-0.0202553535543	0.00152520473555	0.0114036591124	0.0149333823817	0.000583639977789	-0.0218417555484	-0.054828602744	-0.0405852825838	0.0182429603877	-0.0294189686687	0.0155739289493	0.0352393611001	0.0327590253732	-0.0357269750806	0.0120515465943	-0.0250184084754	-0.0196999897655	0.0476714592068	0.016121451579	-0.0324626617815	0.00300619923171	0.000477227767662	-0.00895531950036	0.0389600428	-0.00376333547747
