#taxonomy	k__Bacteria;p__Bacteroidetes;c__Bacteroidia;o__Bacteroidales;f__Bacteroidaceae;g__Bacteroides;s__Bacteroides_vulgatus	k__Bacteria;p__Bacteroidetes;c__Bacteroidia;o__Bacteroidales;f__Bacteroidaceae;g__Bacteroides;s__Bacteroides_uniformis	k__Bacteria;p__Bacteroidetes;c__Bacteroidia;o__Bacteroidales;f__Rikenellaceae;g__Alistipes;s__Alistipes_putredinis	k__Bacteria;p__Bacteroidetes;c__Bacteroidia;o__Bacteroidales;f__Prevotellaceae;g__Prevotella;s__Prevotella_copri	k__Bacteria;p__Bacteroidetes;c__Bacteroidia;o__Bacteroidales;f__Bacteroidaceae;g__Bacteroides;s__Bacteroides_stercoris	k__Bacteria;p__Bacteroidetes;c__Bacteroidia;o__Bacteroidales;f__Bacteroidaceae;g__Bacteroides;s__Bacteroides_ovatus	k__Bacteria;p__Bacteroidetes;c__Bacteroidia;o__Bacteroidales;f__Rikenellaceae;g__Alistipes;s__Alistipes_shahii	k__Bacteria;p__Firmicutes;c__Clostridia;o__Clostridiales;f__Ruminococcaceae;g__Faecalibacterium;s__Faecalibacterium_prausnitzii	k__Bacteria;p__Bacteroidetes;c__Bacteroidia;o__Bacteroidales;f__Rikenellaceae;g__Alistipes;s__Alistipes_finegoldii	k__Bacteria;p__Bacteroidetes;c__Bacteroidia;o__Bacteroidales;f__Porphyromonadaceae;g__Parabacteroides;s__Parabacteroides_distasonis	k__Bacteria;p__Bacteroidetes;c__Bacteroidia;o__Bacteroidales;f__Bacteroidaceae;g__Bacteroides;s__Bacteroides_thetaiotaomicron	k__Bacteria;p__Bacteroidetes;c__Bacteroidia;o__Bacteroidales;f__Bacteroidaceae;g__Bacteroides;s__Bacteroides_coprocola	k__Bacteria;p__Bacteroidetes;c__Bacteroidia;o__Bacteroidales;f__Bacteroidaceae;g__Bacteroides;s__Bacteroides_cellulosilyticus	k__Bacteria;p__Bacteroidetes;c__Bacteroidia;o__Bacteroidales;f__Rikenellaceae;g__Alistipes;s__Alistipes_obesi	k__Bacteria;p__Firmicutes;c__Clostridia;o__Clostridiales;f__Lachnospiraceae;g__;s__[Eubacterium]_rectale	k__Bacteria;p__Bacteroidetes;c__Bacteroidia;o__Bacteroidales;f__Bacteroidaceae;g__Bacteroides;s__Bacteroides_plebeius	k__Bacteria;p__Bacteroidetes;c__Bacteroidia;o__Bacteroidales;f__Bacteroidaceae;g__Bacteroides;s__Bacteroides_fragilis	k__Bacteria;p__Proteobacteria;c__Betaproteobacteria;o__Burkholderiales;f__Sutterellaceae;g__Sutterella;s__Sutterella_wadsworthensis	k__Bacteria;p__Bacteroidetes;c__Bacteroidia;o__Bacteroidales;f__Porphyromonadaceae;g__Barnesiella;s__Barnesiella_intestinihominis	k__Bacteria;p__Bacteroidetes;c__Bacteroidia;o__Bacteroidales;f__Odoribacteraceae;g__Odoribacter;s__Odoribacter_splanchnicus	k__Bacteria;p__Bacteroidetes;c__Bacteroidia;o__Bacteroidales;f__Bacteroidaceae;g__Bacteroides;s__Bacteroides_salyersiae	k__Bacteria;p__Firmicutes;c__Clostridia;o__Clostridiales;f__Ruminococcaceae;g__Ruminiclostridium;s__[Eubacterium]_siraeum	k__Bacteria;p__Proteobacteria;c__Betaproteobacteria;o__Burkholderiales;f__Sutterellaceae;g__Parasutterella;s__Parasutterella_excrementihominis	k__Bacteria;p__Actinobacteria;c__Actinobacteria;o__Bifidobacteriales;f__Bifidobacteriaceae;g__Bifidobacterium;s__Bifidobacterium_adolescentis	k__Bacteria;p__Firmicutes;c__Clostridia;o__Clostridiales;f__Oscillospiraceae;g__Oscillibacter;s__Oscillibacter_sp._KLE_1745	k__Bacteria;p__Bacteroidetes;c__Bacteroidia;o__Bacteroidales;f__Bacteroidaceae;g__Bacteroides;s__Bacteroides_coprophilus	k__Bacteria;p__Firmicutes;c__Clostridia;o__Clostridiales;f__Lachnospiraceae;g__Roseburia;s__Roseburia_intestinalis	k__Bacteria;p__Firmicutes;c__Clostridia;o__Clostridiales;f__Lachnospiraceae;g__Roseburia;s__Roseburia_hominis	k__Bacteria;p__Bacteroidetes;c__Bacteroidia;o__Bacteroidales;f__Porphyromonadaceae;g__Parabacteroides;s__Parabacteroides_johnsonii	k__Bacteria;p__Actinobacteria;c__Actinobacteria;o__Bifidobacteriales;f__Bifidobacteriaceae;g__Bifidobacterium;s__Bifidobacterium_longum	k__Bacteria;p__Firmicutes;c__Clostridia;o__Clostridiales;f__;g__Flavonifractor;s__Flavonifractor_plautii	k__Bacteria;p__Firmicutes;c__Clostridia;o__Clostridiales;f__Clostridiaceae;g__Clostridium;s__Clostridium_phoceensis	k__Bacteria;p__Verrucomicrobia;c__Verrucomicrobiae;o__Verrucomicrobiales;f__Akkermansiaceae;g__Akkermansia;s__Akkermansia_muciniphila	k__Bacteria;p__Bacteroidetes;c__Bacteroidia;o__Bacteroidales;f__Prevotellaceae;g__Paraprevotella;s__Paraprevotella_xylaniphila	k__Bacteria;p__Firmicutes;c__Clostridia;o__Clostridiales;f__Ruminococcaceae;g__Ruminococcus;s__Ruminococcus_callidus	k__Bacteria;p__Bacteroidetes;c__Bacteroidia;o__Bacteroidales;f__Rikenellaceae;g__Alistipes;s__Alistipes_senegalensis	k__Bacteria;p__Firmicutes;c__Clostridia;o__Clostridiales;f__Lachnospiraceae;g__Blautia;s__Blautia_sp._KLE_1732	k__Bacteria;p__Bacteroidetes;c__Bacteroidia;o__Bacteroidales;f__Bacteroidaceae;g__Bacteroides;s__Bacteroides_oleiciplenus	k__Bacteria;p__Firmicutes;c__Clostridia;o__Clostridiales;f__Ruminococcaceae;g__Ruminococcus;s__Ruminococcus_bicirculans	k__Bacteria;p__Bacteroidetes;c__Bacteroidia;o__Bacteroidales;f__Bacteroidaceae;g__Bacteroides;s__Bacteroides_fluxus	k__Bacteria;p__Bacteroidetes;c__Bacteroidia;o__Bacteroidales;f__Prevotellaceae;g__Prevotella;s__Prevotella_stercorea	k__Bacteria;p__Firmicutes;c__Clostridia;o__Clostridiales;f__Lachnospiraceae;g__Dorea;s__Dorea_longicatena	k__Bacteria;p__Firmicutes;c__Clostridia;o__Clostridiales;f__Eubacteriaceae;g__Eubacterium;s__[Eubacterium]_eligens	k__Bacteria;p__Firmicutes;c__Clostridia;o__Clostridiales;f__Ruminococcaceae;g__;s__Ruminococcaceae_bacterium_D16	k__Bacteria;p__Firmicutes;c__Clostridia;o__Clostridiales;f__Lachnospiraceae;g__Coprococcus;s__Coprococcus_comes	k__Bacteria;p__Proteobacteria;c__Gammaproteobacteria;o__Enterobacterales;f__Enterobacteriaceae;g__Escherichia;s__Escherichia_coli	k__Bacteria;p__Firmicutes;c__Clostridia;o__Clostridiales;f__Ruminococcaceae;g__Anaerotruncus;s__Anaerotruncus_colihominis	k__Bacteria;p__Firmicutes;c__Clostridia;o__Clostridiales;f__Lachnospiraceae;g__Blautia;s__Blautia_obeum	k__Bacteria;p__Bacteroidetes;c__Bacteroidia;o__Bacteroidales;f__Odoribacteraceae;g__Odoribacter;s__Odoribacter_laneus	k__Bacteria;p__Firmicutes;c__Clostridia;o__Clostridiales;f__Ruminococcaceae;g__Ruminiclostridium;s__[Clostridium]_leptum	k__Bacteria;p__Bacteroidetes;c__Bacteroidia;o__Bacteroidales;f__Porphyromonadaceae;g__Parabacteroides;s__Parabacteroides_goldsteinii	k__Bacteria;p__Firmicutes;c__Clostridia;o__Clostridiales;f__Lachnospiraceae;g__Anaerostipes;s__Anaerostipes_hadrus	k__Bacteria;p__Firmicutes;c__Clostridia;o__Clostridiales;f__Ruminococcaceae;g__Ruminococcus;s__Ruminococcus_lactaris	k__Bacteria;p__Firmicutes;c__Clostridia;o__Clostridiales;f__Clostridiaceae;g__Clostridium;s__Clostridium_sp._L2-50	k__Bacteria;p__Firmicutes;c__Clostridia;o__Clostridiales;f__Clostridiaceae;g__Clostridium;s__Clostridium_sp._M62/1	k__Bacteria;p__Firmicutes;c__Clostridia;o__Clostridiales;f__;g__Intestinimonas;s__Intestinimonas_butyriciproducens	k__Bacteria;p__Actinobacteria;c__Actinobacteria;o__Bifidobacteriales;f__Bifidobacteriaceae;g__Bifidobacterium;s__Bifidobacterium_bifidum	k__Bacteria;p__Firmicutes;c__Negativicutes;o__Veillonellales;f__Veillonellaceae;g__Dialister;s__Dialister_invisus	k__Bacteria;p__Bacteroidetes;c__Bacteroidia;o__Bacteroidales;f__Bacteroidaceae;g__Bacteroides;s__Bacteroides_salanitronis
k__Bacteria;p__Bacteroidetes;c__Bacteroidia;o__Bacteroidales;f__Bacteroidaceae;g__Bacteroides;s__Bacteroides_vulgatus	1.0	0.0502461004117	-0.0114110810327	-0.0149646484511	0.0132685501517	2.17468644019e-05	0.0122578735907	0.00866469931809	0.00195224826199	0.0243921396329	0.00244357012983	-0.036628116099	0.0331476565976	-0.0436916660314	-0.0598576634047	-0.0557858967142	0.00319019427027	-0.00966587882077	0.0781709413923	-0.0457815029866	-0.0191730526414	0.0578674986703	0.0463662819609	0.0289548718629	0.0169541476072	0.0286530802254	-0.0149735869025	-0.0039474912168	-0.00606235569866	-0.00315683679469	-0.0198930245675	-0.0103696876806	-0.0222733858292	0.00509494396088	0.00879511540084	0.039029433359	0.0191017754453	0.0310872464322	-0.0260027563387	-0.0036074440113	-0.0366242519758	-0.0152805307121	0.00680828596265	-0.00827944675541	0.0139525234669	-0.00873621830814	0.0330215451003	-0.0740667006592	-0.0415526442214	-0.00885844272389	0.0195612769246	-0.0509661991647	-0.0213952629518	-0.0312615601237	-0.0547510930104	0.042437237343	-0.00628670782181	0.00791223359898	-0.00709226543903
k__Bacteria;p__Bacteroidetes;c__Bacteroidia;o__Bacteroidales;f__Bacteroidaceae;g__Bacteroides;s__Bacteroides_uniformis	0.0502461004117	1.0	-0.013592472551	0.0250306010137	-0.0529699080084	0.0169112232437	-0.00525561060974	0.00242033644905	-0.00228236140659	0.00772292392752	0.0333653081453	-0.037315231522	0.00946142625041	0.0192946045621	-0.00619721569948	-0.0326298155133	-0.00135783566376	-0.0749553962117	0.0201394368881	-0.0219790172731	-0.0178045694841	0.00487453111635	-0.0692245977343	-0.0342721107689	0.00446896794607	-0.0286443990988	-0.0601897566088	0.0116020124823	-0.0330629072464	-0.0426571084965	0.0308880232674	-0.00607441006791	-0.00130151808863	0.000632217427028	-0.0453989339273	-0.00249027677329	-0.0250477052106	0.0477712907263	0.00483098763679	0.0532040598697	-0.0243355858715	-0.00508143466021	-0.0392270063255	-0.0270460188208	0.0545975785424	0.0312909826843	-0.0304592145168	0.0134429581451	-0.00456179589821	-0.0551197862548	-0.0268035688716	-0.0108027761789	0.0321141971075	-0.119514435897	0.034177574543	-0.014931664774	-0.0466059044167	-0.0458051301938	0.0162728320207
k__Bacteria;p__Bacteroidetes;c__Bacteroidia;o__Bacteroidales;f__Rikenellaceae;g__Alistipes;s__Alistipes_putredinis	-0.0114110810327	-0.013592472551	1.0	-0.0492595239387	0.037634430814	-0.0515610937702	0.0282711478687	-0.0151246812429	0.0292613928061	-0.0319443687634	-0.0489267506558	-0.0140614400161	-0.0193255344036	0.026318399447	0.0500387703652	0.0241487212803	0.0392980401863	-0.033692436062	-0.0151423908818	-0.0182688331421	0.032513727684	0.00567028431695	0.0301355351192	-0.0687922716117	0.00359527993002	-0.0046122448609	0.0509871482098	0.0246635883507	-0.00449994060382	-0.0149116564898	0.0161411864391	0.00515052176012	0.000162546156788	-0.0305584190395	0.062056366287	-0.0116268989548	0.00250857254131	-0.11784786953	0.0157841984712	-0.0146207272445	-0.0223925231945	-0.0608401318214	0.0478059734065	-0.0494468121496	-0.0323835874968	0.0612023946328	-0.0131966007283	-0.00670714174044	-0.00548516722183	-0.0574505218159	-0.0197251661013	0.0128262618947	-0.03171532494	-0.000529898073358	-0.0350408115902	0.0104297541578	0.0131893952953	0.0216723719487	0.00134389538332
k__Bacteria;p__Bacteroidetes;c__Bacteroidia;o__Bacteroidales;f__Prevotellaceae;g__Prevotella;s__Prevotella_copri	-0.0149646484511	0.0250306010137	-0.0492595239387	1.0	-0.0371361974703	-0.0277101172316	0.0622819933012	-0.0111596946491	-0.0597843038559	-0.062956853251	-0.00479204091007	-0.000152694620571	-0.0436040782363	-0.0252059853013	0.0417991688273	-0.0439227595368	-0.018295298028	0.00563522806724	0.103694409891	0.0255612495905	0.0212083886893	-0.0502620559642	-0.0279373007514	-0.0039023028948	-0.0355006326482	0.00750436999891	0.0186798435344	0.0384803110582	-0.015661093989	0.004676125241	-0.0355330498507	0.0106758087748	-0.0456547230671	-0.0542107537934	0.0280334100333	0.018995227482	0.0395907190537	0.0156804190529	-5.60781713025e-05	-0.0304450252326	-0.0427712749423	0.0325621861656	0.0368068416087	-0.0207456656816	-0.0231872230253	0.00398139181603	0.0167129527834	0.0342404297804	0.0614029666744	0.0152390485403	-0.0131041588719	-0.0290065334732	-0.0250917304454	0.0189767304359	0.0104339110558	0.000401476715117	0.0326242770005	0.0173527313164	0.0137629569825
k__Bacteria;p__Bacteroidetes;c__Bacteroidia;o__Bacteroidales;f__Bacteroidaceae;g__Bacteroides;s__Bacteroides_stercoris	0.0132685501517	-0.0529699080084	0.037634430814	-0.0371361974703	1.0	-0.0263203532478	-0.035333459596	0.0396647963834	-0.00957536305623	-0.0163555809106	-0.0707087765452	0.0314732080062	-0.0293640122585	-0.0517811156151	0.0106780448311	-0.0142473792557	0.0369199967691	0.0397152886587	0.0330315692808	0.0175431059488	-0.00805703619344	0.00968312678344	0.0049827856709	0.017573855827	0.031102461447	-0.0300067136379	0.00250687843854	-0.021297002581	0.0611270585521	-0.0653561839034	-0.0068388899884	-0.0450221443953	-0.0271473966524	-0.00395618368151	0.0128848385763	-0.000846716670026	-0.00501390238701	-0.00417722420205	0.0122221309753	-0.0202876774148	-0.00713609664451	-0.014038281985	-0.0165469234441	-0.0422997959817	-0.0595980393895	0.0222524264188	0.00509987133803	0.0940640747024	-0.0592058575559	-0.0292700701284	-0.0174425332005	-0.0563032165858	0.0019146973419	-0.0366063164648	-0.00506239572678	0.00311817394523	-0.0137519947391	-0.0374428000003	0.00924071651784
k__Bacteria;p__Bacteroidetes;c__Bacteroidia;o__Bacteroidales;f__Bacteroidaceae;g__Bacteroides;s__Bacteroides_ovatus	2.17468644019e-05	0.0169112232437	-0.0515610937702	-0.0277101172316	-0.0263203532478	1.0	-0.0232601890194	-0.0305791478729	-0.0140599724415	-0.0291996200202	-0.052867292367	-0.034036793882	0.0325934978963	0.0114630802371	0.0439964533552	-0.0333970330796	0.0108481589205	0.0519585931234	-0.0195351377791	0.0172879919272	0.0730335525625	-0.0485078991442	-0.0144110295804	-0.0522242213405	0.00674126330414	0.0273679108336	-0.0226949392319	0.0283321213428	0.0121335289024	0.0186545593094	0.0429381089342	-0.00558066134419	-0.0431356950075	-0.015030358614	-0.0121511036557	0.0077027810198	0.00780387062442	0.0284419955865	-0.0467962843985	0.0220128386346	-0.00523449894206	-0.0203845672431	0.00708105938488	-0.0169872919786	0.02453309106	-0.0062563548461	-0.0528607737651	0.0614837804255	-0.0232993524792	0.00874993821409	0.0174848540125	0.0126689690409	-0.0300839717848	-0.0581871823547	0.0111250625429	0.0442820402841	-0.117238396628	-0.00214684093761	-0.0456840509094
k__Bacteria;p__Bacteroidetes;c__Bacteroidia;o__Bacteroidales;f__Rikenellaceae;g__Alistipes;s__Alistipes_shahii	0.0122578735907	-0.00525561060974	0.0282711478687	0.0622819933012	-0.035333459596	-0.0232601890194	1.0	0.0148349059223	0.00653650220144	0.0168251001074	-0.0148161307427	-0.0225481809096	0.0170360122881	-0.031495820029	-0.0653360854405	0.00351251859518	0.00586709407524	0.0281643329861	0.0375905842952	-0.080597156991	-0.00754226949059	0.0634131720937	0.0250663818075	-0.0280497397674	-0.0553995326858	0.0602299286812	0.00623356295738	-0.0112504136425	0.0438296474884	-0.0134206307744	0.0160826157446	0.0115064495966	-0.0355862825428	0.0322697872631	0.0326309724808	-0.0429081815938	-0.0398788500788	-0.0900105424488	-0.104820060077	-0.0176526532794	0.05099652316	-0.0159126907249	0.0486892315811	-0.0117562388131	-0.00985142596621	0.00928875698834	-0.00532671233039	0.0175091894625	0.044196473365	-0.0263319728385	-0.0174685005544	-0.0336705743573	-0.0342529770079	-0.0466690255464	-0.073052900579	-0.0260064742016	0.00017649556301	-0.0479251733975	-0.00148471099483
k__Bacteria;p__Firmicutes;c__Clostridia;o__Clostridiales;f__Ruminococcaceae;g__Faecalibacterium;s__Faecalibacterium_prausnitzii	0.00866469931809	0.00242033644905	-0.0151246812429	-0.0111596946491	0.0396647963834	-0.0305791478729	0.0148349059223	1.0	-0.0166994475703	0.00162557002281	-0.0148328014757	0.0139056720837	0.0165616725298	-0.0156400310057	-0.043082054686	0.0149893296713	0.0490863795106	0.0106189830873	-0.0157576279064	-0.0312260463115	0.00786831795929	0.0280475760128	-0.0440305373412	-0.0399708957415	0.0111208470637	-0.0632681984879	0.0312856578258	-0.0773187029665	0.0514394190354	-0.0169305104086	-0.00914467163238	-0.000229688295735	0.00904900825094	0.00965437430674	-0.033384603033	-0.00422089699083	0.0101240499763	0.016294866684	-0.0238056889959	0.0153600334011	-0.0438639748875	-0.0210209640824	-0.00083747662322	-0.0196009702405	-0.00961974180259	0.0588144242883	-0.0188712296957	0.0385317556773	0.0290699912112	0.0414915887881	0.00995162814946	0.0310400489834	0.00474260374137	0.00891435930091	-0.0124679808997	0.0438410954479	-0.0455223160102	-0.0328733992824	-0.0880149858898
k__Bacteria;p__Bacteroidetes;c__Bacteroidia;o__Bacteroidales;f__Rikenellaceae;g__Alistipes;s__Alistipes_finegoldii	0.00195224826199	-0.00228236140659	0.0292613928061	-0.0597843038559	-0.00957536305623	-0.0140599724415	0.00653650220144	-0.0166994475703	1.0	-0.0219194201037	-0.0208547811104	-0.0200915105169	-0.0436675602931	-0.00408383011772	0.0283152989608	-0.00933473987433	-0.00278469438417	-0.0612619884682	0.00841520046984	-0.00261187898447	-0.00744318847742	-0.009887053005	0.0120817699828	-0.0152388379933	0.0500724889463	0.0385124288296	0.0283091766037	-0.0130556229098	-0.0222350821528	0.0173982746451	-0.00536842682093	0.0119477456771	-0.0388272354206	-0.0360188820989	-0.0368283155767	0.0228825675326	-0.0294716032657	-0.0182940646399	-0.0253921489634	-0.0399687729267	-0.0360476626138	-0.0127017954678	-0.0303859327919	0.0646170643459	0.0310848925029	-0.0295257845009	-0.0572619318644	-0.0505515736918	-0.0697177343389	-0.00156180734188	-0.0397689628728	-0.0287762065059	0.01291823653	0.0166866110324	-0.0441077501772	-0.0146122867294	0.0103175215048	0.0262900380798	0.0110108762264
k__Bacteria;p__Bacteroidetes;c__Bacteroidia;o__Bacteroidales;f__Porphyromonadaceae;g__Parabacteroides;s__Parabacteroides_distasonis	0.0243921396329	0.00772292392752	-0.0319443687634	-0.062956853251	-0.0163555809106	-0.0291996200202	0.0168251001074	0.00162557002281	-0.0219194201037	1.0	-0.0326240116374	0.00554059708244	0.0350429465659	-0.0182279586203	-0.00499967344902	0.0292494582537	0.0299345998021	-0.00202387919663	0.0211111852683	0.00819738908592	-0.0263889981671	0.0213508953158	0.0161459315622	0.0190762473439	-0.0271970695017	-0.0198838120398	-0.0287718055896	0.0109841082864	-0.0307754199478	-0.0635064966189	-0.0188256580307	-0.0224243589834	0.0628672728826	-0.00416819946557	-0.0472316469233	-0.0110911268187	-0.0418036050196	-0.0227534513111	0.00482027905077	0.0122878700508	-0.00419103412092	0.00628245272403	0.00359515725512	-0.037193431403	-0.0490791593984	0.0496265016849	-0.0406876078717	-0.0471207149776	-0.030985453888	-0.0314886290536	0.0335518780756	-0.00312917008841	0.00928767427858	-0.00871457298605	-0.0508802072774	-0.0429360482627	-0.00807267833435	0.0384068783718	-0.0516473623331
k__Bacteria;p__Bacteroidetes;c__Bacteroidia;o__Bacteroidales;f__Bacteroidaceae;g__Bacteroides;s__Bacteroides_thetaiotaomicron	0.00244357012983	0.0333653081453	-0.0489267506558	-0.00479204091007	-0.0707087765452	-0.052867292367	-0.0148161307427	-0.0148328014757	-0.0208547811104	-0.0326240116374	1.0	0.0386476148567	0.00253250141829	-0.016053546794	0.0224786859702	-0.020957796228	-0.022611681674	-0.0391226616613	-0.0546004948995	-0.0684835818052	-0.0147217239949	-0.00591174227238	0.0667392599903	0.0322161252632	-0.00693293588238	-0.00604681179347	-0.0257753563831	0.00695480323058	-0.0443314668362	0.0132891424427	-0.00806503792309	-0.036968919862	-0.0561178041438	-0.0454164127495	0.0518774129806	0.00753605444753	0.0532047515108	0.00689451200475	-0.0023521089875	0.0155116507302	-0.0398143845524	0.00579085282722	-0.0106762268284	0.00590201174279	-0.0436776499325	-0.065389245391	-0.0223916540997	-0.0213692299264	-0.0148583799461	-0.00298025070063	0.012681828799	-0.0115704360487	-0.0502403960616	-0.066501871784	-0.011596145037	0.0483456173395	0.00623795695353	-0.0326984351775	-0.0148769531408
k__Bacteria;p__Bacteroidetes;c__Bacteroidia;o__Bacteroidales;f__Bacteroidaceae;g__Bacteroides;s__Bacteroides_coprocola	-0.036628116099	-0.037315231522	-0.0140614400161	-0.000152694620571	0.0314732080062	-0.034036793882	-0.0225481809096	0.0139056720837	-0.0200915105169	0.00554059708244	0.0386476148567	1.0	0.00523241477117	-0.0330290139214	-0.0370605722248	-0.0163901446264	-0.0201704858689	-0.0287188355043	-0.00712509227322	-0.0171711800712	-1.75223845519e-05	-0.03885822567	0.0444119400389	0.0140331368474	0.0431672481539	0.00286528977161	0.0186594580275	-0.0215754878919	-0.0257374824837	0.000553049970386	0.0111219787606	0.00289794970524	0.00142338199533	-0.011881842703	-0.0301974549302	-0.031521422552	-0.0499144824135	-0.0668184176229	-0.0167789744343	0.0220591092155	-0.0102411733597	0.0329619563434	0.0200629306604	-0.0154558120725	0.0452486747692	0.0120890343886	0.0469879028248	-0.0309915260746	-0.0133011510886	-0.00853985540406	-0.0706772423311	-0.0291381090032	-0.0028375641161	-0.0225239140572	0.00639558488177	-0.0102366826394	-0.007234060352	-0.018959436984	-0.0264154873888
k__Bacteria;p__Bacteroidetes;c__Bacteroidia;o__Bacteroidales;f__Bacteroidaceae;g__Bacteroides;s__Bacteroides_cellulosilyticus	0.0331476565976	0.00946142625041	-0.0193255344036	-0.0436040782363	-0.0293640122585	0.0325934978963	0.0170360122881	0.0165616725298	-0.0436675602931	0.0350429465659	0.00253250141829	0.00523241477117	1.0	-1.96654132148e-07	-0.0802777773786	-0.0111565239944	0.0382079881571	-0.00150498810392	0.0171670653147	0.0146217788147	-0.00581481386941	-0.072544726686	-0.0443289484058	0.0749481010381	-0.0608216959492	0.0208976145944	0.0179813053407	0.0446810572116	-0.0103308163119	0.018667087211	0.0136828270928	-0.0378973973835	-0.00345910406469	0.068835383488	-0.041200515027	0.0102061334287	-0.0294629093919	-0.0771581855137	-0.0367536710855	0.020699612403	0.02227647049	0.0153777607366	0.0192076618777	0.000592051027273	0.00222933356589	0.0335995949353	-0.0213903538863	-0.0333735574806	0.0138243646482	-0.0287887899121	-0.0741389155701	-0.0599435037671	-0.00626280474104	0.00577342389569	0.00510239741432	0.0156103399267	-0.0143757086804	0.0177321973711	0.044213732126
k__Bacteria;p__Bacteroidetes;c__Bacteroidia;o__Bacteroidales;f__Rikenellaceae;g__Alistipes;s__Alistipes_obesi	-0.0436916660314	0.0192946045621	0.026318399447	-0.0252059853013	-0.0517811156151	0.0114630802371	-0.031495820029	-0.0156400310057	-0.00408383011772	-0.0182279586203	-0.016053546794	-0.0330290139214	-1.96654132219e-07	1.0	-0.00367208528472	0.0180183135822	0.055981370182	-0.0485082343142	-0.0257245385521	0.0186585791026	-0.0375727136184	0.0311404954773	-0.0257801519971	-0.0200836678093	-0.0169909122772	-0.0253145305508	0.00485868801075	-0.00993515266147	-0.00859811098664	0.0466223348513	-0.0366961682128	-0.00825389391377	-0.0105164231626	-0.0640009934119	-0.0623864545877	0.0217757609557	0.0157435509558	0.0336791629211	0.0234770545952	-0.0548751815068	-0.0363931578899	0.0170915916003	0.0299396442298	-0.0298617937567	-0.00586807194878	0.0256956032175	0.0249705210467	0.0571862607883	-0.00719072761269	-0.0223233209222	-0.0647197671257	-0.0267630400367	-0.00297588345868	-0.0642160481308	0.014839062356	-0.0689006755911	-0.0571598619382	0.00882747622234	-0.000231648457144
k__Bacteria;p__Firmicutes;c__Clostridia;o__Clostridiales;f__Lachnospiraceae;g__;s__[Eubacterium]_rectale	-0.0598576634047	-0.00619721569948	0.0500387703652	0.0417991688273	0.0106780448311	0.0439964533552	-0.0653360854405	-0.043082054686	0.0283152989608	-0.00499967344902	0.0224786859702	-0.0370605722248	-0.0802777773786	-0.00367208528472	1.0	-0.0430730113913	-0.011713095088	-0.0183225743163	0.00218144557229	-0.0322398094305	-0.0065833588958	0.000889734029149	0.0780564757696	-0.0405749030714	0.0280496184475	-0.00591361227874	0.0580085879154	0.00841923949121	-0.016958431727	0.0145818461798	0.0246455681202	0.0113545253992	-0.0297440198974	0.0310106262034	0.0528317630078	0.0225331561741	-0.0141549104111	0.00463499003634	-0.025757439005	-0.0362729243192	0.0127333809854	-0.0386994980037	-0.00910745032094	-0.00232079639886	0.014537673596	-0.0199880063766	0.00369559402622	-0.0184942537737	-0.0574097304036	0.0181427577039	0.0836306443015	0.0064023318278	-0.0285072957105	-0.0350531499832	0.0186820508996	0.0336245406225	-0.039856077204	0.00294732675637	-0.00912404761571
k__Bacteria;p__Bacteroidetes;c__Bacteroidia;o__Bacteroidales;f__Bacteroidaceae;g__Bacteroides;s__Bacteroides_plebeius	-0.0557858967142	-0.0326298155133	0.0241487212803	-0.0439227595368	-0.0142473792557	-0.0333970330796	0.00351251859518	0.0149893296713	-0.00933473987433	0.0292494582537	-0.020957796228	-0.0163901446264	-0.0111565239944	0.0180183135822	-0.0430730113913	1.0	0.00232101191107	-0.0122355083863	0.0163888982661	-0.0203818199008	0.0465273180941	-0.034966543111	-0.0320798379414	-0.00980326492595	0.0177785605912	-0.0372027349137	-0.0104231512255	-0.0484819002713	-0.0441018279127	-0.000219301858128	-0.00151875852575	0.0243846000993	0.0481857776639	-0.0380200061449	-0.0137121090233	-0.0418636190198	-0.0467280001054	0.0124447783586	0.00630901515197	-0.0437082867014	-0.0287052528902	0.0165633454477	-0.0414520089093	0.0233611818616	-0.0279586432225	-0.047724710552	0.0384059311568	0.0140032928059	0.0160831902242	0.0218957617565	-0.0312109976859	-0.00122974702899	-0.0323923338098	-0.00214570247582	0.00777322305195	0.086372859407	0.0470021192458	-0.0241116484636	0.00951429417504
k__Bacteria;p__Bacteroidetes;c__Bacteroidia;o__Bacteroidales;f__Bacteroidaceae;g__Bacteroides;s__Bacteroides_fragilis	0.00319019427027	-0.00135783566376	0.0392980401863	-0.018295298028	0.0369199967691	0.0108481589205	0.00586709407524	0.0490863795106	-0.00278469438417	0.0299345998021	-0.022611681674	-0.0201704858689	0.0382079881571	0.055981370182	-0.011713095088	0.00232101191107	1.0	-0.0559528402412	0.0185928828041	-0.0269597608736	-0.0430510509323	-0.0139829930028	-0.0611602957665	-0.0231018053954	0.0431844993088	-0.0253578997202	-0.0267824751594	0.00978309728653	-0.0113031144294	-0.0101879758599	-0.0615697396383	0.0150315874565	-0.0669832104234	-0.00798096504918	0.00288225413247	0.0125358960603	-0.0749000738602	-0.0126983539334	-0.0110814282238	0.0384935885444	-0.0118459076686	-0.0229554698524	0.00135238332363	-0.0226902592653	0.00639083961953	0.00847291359741	-0.0404490897816	-0.00613305881944	-0.0402339904384	-0.0224365070793	-0.0200144595743	0.0135003066214	-0.0071912509625	-0.0159668987522	0.000295323229885	-0.0213097145238	-0.0424641762456	-0.0529294561039	-0.0901596133633
k__Bacteria;p__Proteobacteria;c__Betaproteobacteria;o__Burkholderiales;f__Sutterellaceae;g__Sutterella;s__Sutterella_wadsworthensis	-0.00966587882077	-0.0749553962117	-0.033692436062	0.00563522806724	0.0397152886587	0.0519585931234	0.0281643329861	0.0106189830873	-0.0612619884682	-0.00202387919663	-0.0391226616613	-0.0287188355043	-0.00150498810392	-0.0485082343142	-0.0183225743163	-0.0122355083863	-0.0559528402412	1.0	-0.00137372768133	-0.0290062468998	0.0224089950824	0.00122096117249	0.0309429281802	0.0360622291613	0.0339091005122	-0.0422127785228	-0.00258618749717	-0.041008860411	0.00542304674629	-0.0425674089501	-0.00510469447545	0.0377581312598	0.00329441706382	-0.0371068550966	-0.0224648470598	-0.0546801011244	0.00151081853408	-0.00332763610128	-0.0561333405328	-0.0315777286635	-0.00731882200787	0.00455994122713	-0.00782907294236	0.00591298000647	0.0072131014109	-0.0420707214254	0.0144898066546	0.0308786662998	0.016775150117	-0.0403187470316	0.0438681895348	0.0754129697037	0.0660801759429	0.0254081043219	-0.0396546257943	-0.0283737558124	-0.00012872418276	0.0112237887925	-0.0027309967219
k__Bacteria;p__Bacteroidetes;c__Bacteroidia;o__Bacteroidales;f__Porphyromonadaceae;g__Barnesiella;s__Barnesiella_intestinihominis	0.0781709413923	0.0201394368881	-0.0151423908818	0.103694409891	0.0330315692808	-0.0195351377791	0.0375905842952	-0.0157576279064	0.00841520046984	0.0211111852683	-0.0546004948995	-0.00712509227322	0.0171670653147	-0.0257245385521	0.00218144557229	0.0163888982661	0.0185928828041	-0.00137372768133	1.0	-0.0057349456343	0.0667151867719	-0.0338596868359	-0.000232884091726	-0.0404017322784	-0.00224729270672	-0.0286058256353	-0.00525967010276	0.0568263539299	-0.0305449730464	-0.0300732682501	0.0103469031161	0.0146391187949	-0.00277494868602	0.0131780210037	-0.0368970298266	-0.00437360359143	-0.00359828289622	-0.041718534412	0.0291967257543	-0.021935965473	-0.0196983757222	-0.0315928802955	-0.0447253728089	-0.0374894616821	-0.0704521474123	0.030211925917	0.0183463063343	0.055563162386	0.00728101129751	0.0252873556964	-0.0475272030137	-0.0330399749023	0.0521747337461	-0.0148347268156	-0.0077792357498	-0.0864314511543	-0.0446681821264	-0.0536157540144	-0.0144470440377
k__Bacteria;p__Bacteroidetes;c__Bacteroidia;o__Bacteroidales;f__Odoribacteraceae;g__Odoribacter;s__Odoribacter_splanchnicus	-0.0457815029866	-0.0219790172731	-0.0182688331421	0.0255612495905	0.0175431059488	0.0172879919272	-0.080597156991	-0.0312260463115	-0.00261187898447	0.00819738908592	-0.0684835818052	-0.0171711800712	0.0146217788147	0.0186585791026	-0.0322398094305	-0.0203818199008	-0.0269597608736	-0.0290062468998	-0.0057349456343	1.0	-0.0122350854041	0.0399336691285	0.0424953340777	0.000925494609335	0.0371932012203	0.0474676756378	-0.0134954356602	-0.0307997409671	0.00389549119857	-0.0125004095312	-0.0291870421864	-0.0191329594312	-0.0508390011557	-0.00972124715375	0.0224301098794	-0.0140773693693	-0.0425012273354	-0.00131046002263	-0.0137250751446	-0.0715621030266	0.0112194443822	0.0431896974787	0.00651282659886	0.021820887444	0.0479489926361	-0.0328133139465	0.00607912807154	-0.0482741477005	-0.0521973628715	-0.04509521498	0.010730538127	-0.0130950269012	0.0136914447379	-0.0206523625227	0.0532638968933	-0.0438849182655	0.00216240498275	-0.00876292050631	0.00213714466408
k__Bacteria;p__Bacteroidetes;c__Bacteroidia;o__Bacteroidales;f__Bacteroidaceae;g__Bacteroides;s__Bacteroides_salyersiae	-0.0191730526414	-0.0178045694841	0.032513727684	0.0212083886893	-0.00805703619344	0.0730335525625	-0.00754226949059	0.00786831795929	-0.00744318847742	-0.0263889981671	-0.0147217239949	-1.75223845518e-05	-0.00581481386941	-0.0375727136184	-0.0065833588958	0.0465273180941	-0.0430510509323	0.0224089950824	0.0667151867719	-0.0122350854041	1.0	-0.0152765138667	-0.0340689793576	-0.0250767595113	-0.0381578287954	-0.00145685401428	0.0537728640542	0.00543638056776	0.0114283402633	0.00332245734326	-0.000240907677935	0.01695859979	0.0262596260849	-0.0735813059356	0.0764057631649	-0.0221664757291	-0.00703321106345	-0.0530994991232	-0.0303845653199	0.0170902413496	-0.012335465822	-0.050870527837	-0.00385011144222	-0.0353058952376	-0.00144960881611	-0.0362620778615	0.00647841509556	-0.0281986719777	-0.0365531189026	-0.000802095434538	0.00386729613334	-0.0132449490761	-0.00906740684849	-0.0204777491446	0.0282248014734	-0.00829992143028	0.0354034017359	0.0262187784037	-0.0276753442834
k__Bacteria;p__Firmicutes;c__Clostridia;o__Clostridiales;f__Ruminococcaceae;g__Ruminiclostridium;s__[Eubacterium]_siraeum	0.0578674986703	0.00487453111635	0.00567028431695	-0.0502620559642	0.00968312678344	-0.0485078991442	0.0634131720937	0.0280475760128	-0.009887053005	0.0213508953158	-0.00591174227238	-0.03885822567	-0.072544726686	0.0311404954773	0.00088973402915	-0.034966543111	-0.0139829930028	0.00122096117249	-0.0338596868359	0.0399336691285	-0.0152765138667	1.0	-0.017786232862	-0.0328979951899	-0.00934188274723	0.00219265639781	-0.0343785276675	-0.0273397216083	-0.0633800283093	0.0354264474814	-0.0140587989588	-0.00359804391137	-0.00627942271931	-0.0671915368253	0.0243081602235	-0.0100655427197	0.0411661669241	0.00568102460443	-0.0112617618524	-0.0732130514603	0.0263399857175	0.0212537753401	-0.0164050245055	-0.0671104468615	-0.0106056365943	-0.013864896617	-0.0349546152294	-0.0268615748208	0.0115768579536	0.0676017149971	-0.0146245063776	0.0270140761624	0.0401391924258	0.0200926340854	-0.058977239097	0.014890763115	0.0388171789883	0.0183874945979	0.00545820799278
k__Bacteria;p__Proteobacteria;c__Betaproteobacteria;o__Burkholderiales;f__Sutterellaceae;g__Parasutterella;s__Parasutterella_excrementihominis	0.0463662819609	-0.0692245977343	0.0301355351192	-0.0279373007514	0.0049827856709	-0.0144110295804	0.0250663818075	-0.0440305373412	0.0120817699828	0.0161459315622	0.0667392599903	0.0444119400389	-0.0443289484058	-0.0257801519971	0.0780564757696	-0.0320798379414	-0.0611602957665	0.0309429281802	-0.000232884091726	0.0424953340777	-0.0340689793576	-0.017786232862	1.0	-0.0511199743085	-0.0369909280141	-0.00767897116038	0.00076891468968	-0.0139188882748	0.0645607360433	-0.045317270795	-0.0439048172818	0.0356644265524	-0.0327626215753	-0.0968109214418	-0.0343139311705	-0.0390782276007	0.00120187592029	-0.0364678961695	-0.0244305595666	-0.00968038224257	0.0193999474081	0.0856757833251	-0.00655110902696	0.0112096709768	-0.0359811796853	0.0273219141567	-0.0516373289697	-0.0280173786564	0.0356787428034	0.00358796720994	-0.00761230440596	-0.0321734309072	-0.0497890802442	-0.0208329768132	-0.0307262244009	-0.00705520912876	-0.0340676755687	-0.00401483583613	-0.111672375823
k__Bacteria;p__Actinobacteria;c__Actinobacteria;o__Bifidobacteriales;f__Bifidobacteriaceae;g__Bifidobacterium;s__Bifidobacterium_adolescentis	0.0289548718629	-0.0342721107689	-0.0687922716117	-0.0039023028948	0.017573855827	-0.0522242213405	-0.0280497397674	-0.0399708957415	-0.0152388379933	0.0190762473439	0.0322161252632	0.0140331368474	0.0749481010381	-0.0200836678093	-0.0405749030714	-0.00980326492595	-0.0231018053954	0.0360622291613	-0.0404017322784	0.000925494609335	-0.0250767595113	-0.0328979951899	-0.0511199743085	1.0	0.0582600901381	0.00585562183156	-0.0357903998877	-0.0143895737109	0.0481482025264	-0.00787239423609	-0.0717638417688	-0.0428497883446	0.0293016685273	-0.0482922530817	-0.0514310240792	-0.016814513297	0.0169013642323	0.0207990529624	0.0200538968109	0.0277466916045	0.0190586370885	0.00330224488691	-0.00252149825203	0.0293529762078	0.0257195040117	0.0428163573658	-0.0171270933012	-0.0345398486222	-0.0265351469553	-0.0182622972371	-0.0172425704237	0.00350618959303	-0.00716177485865	-0.0306500424062	-0.0372086106	-0.0731056438932	-0.077992583717	-0.00529770490827	-0.043036709817
k__Bacteria;p__Firmicutes;c__Clostridia;o__Clostridiales;f__Oscillospiraceae;g__Oscillibacter;s__Oscillibacter_sp._KLE_1745	0.0169541476072	0.00446896794607	0.00359527993002	-0.0355006326482	0.031102461447	0.00674126330414	-0.0553995326858	0.0111208470637	0.0500724889463	-0.0271970695017	-0.00693293588238	0.0431672481539	-0.0608216959492	-0.0169909122772	0.0280496184475	0.0177785605912	0.0431844993088	0.0339091005122	-0.00224729270672	0.0371932012203	-0.0381578287954	-0.00934188274723	-0.0369909280141	0.0582600901381	1.0	-0.0281969110259	-0.027319428975	0.0430634365528	-0.0315025335651	-0.0356732777953	0.0992987253672	-0.014525553566	-0.0545623035438	0.000448494005151	0.0559110654775	0.0361854264233	-0.057009739061	-0.0398528349659	0.0125175561406	-0.0556806625234	0.049558476062	0.0225243260119	-0.00517339639227	-0.0395102876596	0.00780782583789	0.000146489658427	-0.057261429782	0.0106817073219	-0.00664986834932	-0.0634204073553	0.0673077797462	-0.0139451022768	-0.015875142131	-0.0184261477062	0.0290610874136	-0.0518245849173	-0.0502151933292	-0.0145808244016	-0.0136943791393
k__Bacteria;p__Bacteroidetes;c__Bacteroidia;o__Bacteroidales;f__Bacteroidaceae;g__Bacteroides;s__Bacteroides_coprophilus	0.0286530802254	-0.0286443990988	-0.0046122448609	0.00750436999891	-0.0300067136379	0.0273679108336	0.0602299286812	-0.0632681984879	0.0385124288296	-0.0198838120398	-0.00604681179347	0.00286528977161	0.0208976145944	-0.0253145305508	-0.00591361227874	-0.0372027349137	-0.0253578997202	-0.0422127785228	-0.0286058256353	0.0474676756378	-0.00145685401428	0.00219265639781	-0.00767897116038	0.00585562183156	-0.0281969110259	1.0	-0.00849551284054	0.00554221528027	-0.00428656277008	0.00949062290292	-0.0494865158365	0.00440141706484	-0.0558375918366	-0.0366575660556	0.0231297811541	0.00953507008915	-0.01608451656	-0.0174402246793	0.0163245686418	0.00373703214003	0.0166662152953	-0.00437687303113	-0.0508511994517	0.0380555001541	-0.048229076252	0.0252636754079	-0.0663362072573	0.0145655148602	0.0388043087223	0.00488429678872	0.0203901547522	0.0425307726318	-0.0867163531186	-0.007216211952	-0.0199181656226	0.0147046284972	0.0287525648146	-0.0227396918096	-0.0125645763447
k__Bacteria;p__Firmicutes;c__Clostridia;o__Clostridiales;f__Lachnospiraceae;g__Roseburia;s__Roseburia_intestinalis	-0.0149735869025	-0.0601897566088	0.0509871482098	0.0186798435344	0.00250687843854	-0.0226949392319	0.00623356295738	0.0312856578258	0.0283091766037	-0.0287718055896	-0.0257753563831	0.0186594580275	0.0179813053407	0.00485868801075	0.0580085879154	-0.0104231512255	-0.0267824751594	-0.00258618749717	-0.00525967010276	-0.0134954356602	0.0537728640542	-0.0343785276675	0.00076891468968	-0.0357903998877	-0.027319428975	-0.00849551284054	1.0	0.0285052050137	-0.0119428652317	0.0665689212613	0.0388422580101	-0.00176333014685	0.0453703467185	0.0121382349551	-0.00146745700507	-0.00691902588007	-0.0942526733082	0.0223108166452	-0.0125285720564	-0.0639357266433	-0.0617493531458	-0.0140966598159	0.0379567643366	0.0339660941835	-0.0212592948269	-0.00167683381224	-0.0138474748436	0.0327054596465	-0.0221260653841	-0.0404435659079	0.0256017787373	-0.0295969378289	-0.0305192776588	0.0362633026687	0.0268081669327	0.0220044176971	0.0329059657259	0.0220841137994	0.00253381070876
k__Bacteria;p__Firmicutes;c__Clostridia;o__Clostridiales;f__Lachnospiraceae;g__Roseburia;s__Roseburia_hominis	-0.0039474912168	0.0116020124823	0.0246635883507	0.0384803110582	-0.021297002581	0.0283321213428	-0.0112504136425	-0.0773187029665	-0.0130556229098	0.0109841082864	0.00695480323058	-0.0215754878919	0.0446810572116	-0.00993515266147	0.00841923949121	-0.0484819002713	0.00978309728653	-0.041008860411	0.0568263539299	-0.0307997409671	0.00543638056776	-0.0273397216083	-0.0139188882748	-0.0143895737109	0.0430634365528	0.00554221528027	0.0285052050137	1.0	0.0197488368335	-0.0232209739306	0.00286165629955	0.0393408691553	-0.0053068616941	-0.00965717759456	-0.0472292016461	-0.0259409274425	0.0637245976642	0.0296232023943	-0.00630905521697	0.0215336599889	0.00808117574268	-0.0538084542064	-0.0132380949435	0.0397450794021	-0.0386543960981	-0.0609784044401	-0.0424739695921	-0.0150367945879	-0.0323276705865	-0.0642667201038	-0.0233667425394	0.0281081913034	-0.00540151395413	-0.038478066122	-0.0397572303412	-0.0657486262571	-0.00233601743948	-0.000127231129189	0.0106596463642
k__Bacteria;p__Bacteroidetes;c__Bacteroidia;o__Bacteroidales;f__Porphyromonadaceae;g__Parabacteroides;s__Parabacteroides_johnsonii	-0.00606235569866	-0.0330629072464	-0.00449994060382	-0.015661093989	0.0611270585521	0.0121335289024	0.0438296474884	0.0514394190354	-0.0222350821528	-0.0307754199478	-0.0443314668362	-0.0257374824837	-0.0103308163119	-0.00859811098664	-0.016958431727	-0.0441018279127	-0.0113031144294	0.00542304674629	-0.0305449730464	0.00389549119857	0.0114283402633	-0.0633800283093	0.0645607360433	0.0481482025264	-0.0315025335651	-0.00428656277008	-0.0119428652317	0.0197488368335	1.0	0.0261147964152	-0.0136843258603	-0.0227211691057	0.00197342153122	0.0600479906869	-0.0195564726356	-0.013584786259	-0.0200992973098	-0.0347545804726	0.0587510791603	-0.0101145090711	0.0312734479908	-0.0287000594493	-0.03986658643	-0.064600696659	-0.0536089745437	0.00737485139984	0.0325805378165	-0.0548293323744	-0.0502853163107	0.0522517807469	-0.00742582440825	0.0093138148291	-0.0428782164127	-0.00811123057367	-0.0206605499706	-0.0508957716225	-0.00240220057603	0.0169180908519	-0.0551502981562
k__Bacteria;p__Actinobacteria;c__Actinobacteria;o__Bifidobacteriales;f__Bifidobacteriaceae;g__Bifidobacterium;s__Bifidobacterium_longum	-0.00315683679469	-0.0426571084965	-0.0149116564898	0.004676125241	-0.0653561839034	0.0186545593094	-0.0134206307744	-0.0169305104086	0.0173982746451	-0.0635064966189	0.0132891424427	0.000553049970386	0.018667087211	0.0466223348513	0.0145818461798	-0.000219301858128	-0.0101879758599	-0.0425674089501	-0.0300732682501	-0.0125004095312	0.00332245734326	0.0354264474814	-0.045317270795	-0.00787239423609	-0.0356732777953	0.00949062290292	0.0665689212613	-0.0232209739306	0.0261147964152	1.0	0.0012534982895	0.0150844587201	0.0214446260667	-0.00337867754262	-0.038089413146	0.0554879486151	0.00265813362259	-0.00578281643551	-0.0614471317352	-0.0173387580887	-0.042116830352	0.0225930554243	0.0063401470488	0.0103027492521	-0.0398219584206	0.0489612990114	-0.0189808074635	-0.0146428031619	-0.0579994511028	-0.0213135300172	-0.033491550572	0.0460326104234	-0.0197284000678	0.00503585008947	-0.012968464769	0.0313688226982	0.00528433875999	-0.0209116477642	0.094429063876
