#taxonomy	k__Bacteria;p__Bacteroidetes;c__Bacteroidia;o__Bacteroidales;f__Bacteroidaceae;g__Bacteroides;s__Bacteroides_vulgatus	k__Bacteria;p__Bacteroidetes;c__Bacteroidia;o__Bacteroidales;f__Bacteroidaceae;g__Bacteroides;s__Bacteroides_uniformis	k__Bacteria;p__Bacteroidetes;c__Bacteroidia;o__Bacteroidales;f__Rikenellaceae;g__Alistipes;s__Alistipes_putredinis	k__Bacteria;p__Bacteroidetes;c__Bacteroidia;o__Bacteroidales;f__Prevotellaceae;g__Prevotella;s__Prevotella_copri	k__Bacteria;p__Bacteroidetes;c__Bacteroidia;o__Bacteroidales;f__Bacteroidaceae;g__Bacteroides;s__Bacteroides_stercoris	k__Bacteria;p__Bacteroidetes;c__Bacteroidia;o__Bacteroidales;f__Bacteroidaceae;g__Bacteroides;s__Bacteroides_ovatus	k__Bacteria;p__Bacteroidetes;c__Bacteroidia;o__Bacteroidales;f__Rikenellaceae;g__Alistipes;s__Alistipes_shahii	k__Bacteria;p__Firmicutes;c__Clostridia;o__Clostridiales;f__Ruminococcaceae;g__Faecalibacterium;s__Faecalibacterium_prausnitzii	k__Bacteria;p__Bacteroidetes;c__Bacteroidia;o__Bacteroidales;f__Rikenellaceae;g__Alistipes;s__Alistipes_finegoldii	k__Bacteria;p__Bacteroidetes;c__Bacteroidia;o__Bacteroidales;f__Porphyromonadaceae;g__Parabacteroides;s__Parabacteroides_distasonis	k__Bacteria;p__Bacteroidetes;c__Bacteroidia;o__Bacteroidales;f__Bacteroidaceae;g__Bacteroides;s__Bacteroides_thetaiotaomicron	k__Bacteria;p__Bacteroidetes;c__Bacteroidia;o__Bacteroidales;f__Bacteroidaceae;g__Bacteroides;s__Bacteroides_coprocola	k__Bacteria;p__Bacteroidetes;c__Bacteroidia;o__Bacteroidales;f__Bacteroidaceae;g__Bacteroides;s__Bacteroides_cellulosilyticus	k__Bacteria;p__Bacteroidetes;c__Bacteroidia;o__Bacteroidales;f__Rikenellaceae;g__Alistipes;s__Alistipes_obesi	k__Bacteria;p__Firmicutes;c__Clostridia;o__Clostridiales;f__Lachnospiraceae;g__;s__[Eubacterium]_rectale	k__Bacteria;p__Bacteroidetes;c__Bacteroidia;o__Bacteroidales;f__Bacteroidaceae;g__Bacteroides;s__Bacteroides_plebeius	k__Bacteria;p__Bacteroidetes;c__Bacteroidia;o__Bacteroidales;f__Bacteroidaceae;g__Bacteroides;s__Bacteroides_fragilis	k__Bacteria;p__Proteobacteria;c__Betaproteobacteria;o__Burkholderiales;f__Sutterellaceae;g__Sutterella;s__Sutterella_wadsworthensis	k__Bacteria;p__Bacteroidetes;c__Bacteroidia;o__Bacteroidales;f__Porphyromonadaceae;g__Barnesiella;s__Barnesiella_intestinihominis	k__Bacteria;p__Bacteroidetes;c__Bacteroidia;o__Bacteroidales;f__Odoribacteraceae;g__Odoribacter;s__Odoribacter_splanchnicus	k__Bacteria;p__Bacteroidetes;c__Bacteroidia;o__Bacteroidales;f__Bacteroidaceae;g__Bacteroides;s__Bacteroides_salyersiae	k__Bacteria;p__Firmicutes;c__Clostridia;o__Clostridiales;f__Ruminococcaceae;g__Ruminiclostridium;s__[Eubacterium]_siraeum	k__Bacteria;p__Proteobacteria;c__Betaproteobacteria;o__Burkholderiales;f__Sutterellaceae;g__Parasutterella;s__Parasutterella_excrementihominis	k__Bacteria;p__Actinobacteria;c__Actinobacteria;o__Bifidobacteriales;f__Bifidobacteriaceae;g__Bifidobacterium;s__Bifidobacterium_adolescentis	k__Bacteria;p__Firmicutes;c__Clostridia;o__Clostridiales;f__Oscillospiraceae;g__Oscillibacter;s__Oscillibacter_sp._KLE_1745	k__Bacteria;p__Bacteroidetes;c__Bacteroidia;o__Bacteroidales;f__Bacteroidaceae;g__Bacteroides;s__Bacteroides_coprophilus	k__Bacteria;p__Firmicutes;c__Clostridia;o__Clostridiales;f__Lachnospiraceae;g__Roseburia;s__Roseburia_intestinalis	k__Bacteria;p__Firmicutes;c__Clostridia;o__Clostridiales;f__Lachnospiraceae;g__Roseburia;s__Roseburia_hominis	k__Bacteria;p__Bacteroidetes;c__Bacteroidia;o__Bacteroidales;f__Porphyromonadaceae;g__Parabacteroides;s__Parabacteroides_johnsonii	k__Bacteria;p__Actinobacteria;c__Actinobacteria;o__Bifidobacteriales;f__Bifidobacteriaceae;g__Bifidobacterium;s__Bifidobacterium_longum	k__Bacteria;p__Firmicutes;c__Clostridia;o__Clostridiales;f__;g__Flavonifractor;s__Flavonifractor_plautii	k__Bacteria;p__Firmicutes;c__Clostridia;o__Clostridiales;f__Clostridiaceae;g__Clostridium;s__Clostridium_phoceensis	k__Bacteria;p__Verrucomicrobia;c__Verrucomicrobiae;o__Verrucomicrobiales;f__Akkermansiaceae;g__Akkermansia;s__Akkermansia_muciniphila	k__Bacteria;p__Bacteroidetes;c__Bacteroidia;o__Bacteroidales;f__Prevotellaceae;g__Paraprevotella;s__Paraprevotella_xylaniphila	k__Bacteria;p__Firmicutes;c__Clostridia;o__Clostridiales;f__Ruminococcaceae;g__Ruminococcus;s__Ruminococcus_callidus	k__Bacteria;p__Bacteroidetes;c__Bacteroidia;o__Bacteroidales;f__Rikenellaceae;g__Alistipes;s__Alistipes_senegalensis	k__Bacteria;p__Firmicutes;c__Clostridia;o__Clostridiales;f__Lachnospiraceae;g__Blautia;s__Blautia_sp._KLE_1732	k__Bacteria;p__Bacteroidetes;c__Bacteroidia;o__Bacteroidales;f__Bacteroidaceae;g__Bacteroides;s__Bacteroides_oleiciplenus	k__Bacteria;p__Firmicutes;c__Clostridia;o__Clostridiales;f__Ruminococcaceae;g__Ruminococcus;s__Ruminococcus_bicirculans	k__Bacteria;p__Bacteroidetes;c__Bacteroidia;o__Bacteroidales;f__Bacteroidaceae;g__Bacteroides;s__Bacteroides_fluxus	k__Bacteria;p__Bacteroidetes;c__Bacteroidia;o__Bacteroidales;f__Prevotellaceae;g__Prevotella;s__Prevotella_stercorea	k__Bacteria;p__Firmicutes;c__Clostridia;o__Clostridiales;f__Lachnospiraceae;g__Dorea;s__Dorea_longicatena	k__Bacteria;p__Firmicutes;c__Clostridia;o__Clostridiales;f__Eubacteriaceae;g__Eubacterium;s__[Eubacterium]_eligens	k__Bacteria;p__Firmicutes;c__Clostridia;o__Clostridiales;f__Ruminococcaceae;g__;s__Ruminococcaceae_bacterium_D16	k__Bacteria;p__Firmicutes;c__Clostridia;o__Clostridiales;f__Lachnospiraceae;g__Coprococcus;s__Coprococcus_comes	k__Bacteria;p__Proteobacteria;c__Gammaproteobacteria;o__Enterobacterales;f__Enterobacteriaceae;g__Escherichia;s__Escherichia_coli	k__Bacteria;p__Firmicutes;c__Clostridia;o__Clostridiales;f__Ruminococcaceae;g__Anaerotruncus;s__Anaerotruncus_colihominis	k__Bacteria;p__Firmicutes;c__Clostridia;o__Clostridiales;f__Lachnospiraceae;g__Blautia;s__Blautia_obeum	k__Bacteria;p__Bacteroidetes;c__Bacteroidia;o__Bacteroidales;f__Odoribacteraceae;g__Odoribacter;s__Odoribacter_laneus	k__Bacteria;p__Firmicutes;c__Clostridia;o__Clostridiales;f__Ruminococcaceae;g__Ruminiclostridium;s__[Clostridium]_leptum	k__Bacteria;p__Bacteroidetes;c__Bacteroidia;o__Bacteroidales;f__Porphyromonadaceae;g__Parabacteroides;s__Parabacteroides_goldsteinii	k__Bacteria;p__Firmicutes;c__Clostridia;o__Clostridiales;f__Lachnospiraceae;g__Anaerostipes;s__Anaerostipes_hadrus	k__Bacteria;p__Firmicutes;c__Clostridia;o__Clostridiales;f__Ruminococcaceae;g__Ruminococcus;s__Ruminococcus_lactaris	k__Bacteria;p__Firmicutes;c__Clostridia;o__Clostridiales;f__Clostridiaceae;g__Clostridium;s__Clostridium_sp._L2-50	k__Bacteria;p__Firmicutes;c__Clostridia;o__Clostridiales;f__Clostridiaceae;g__Clostridium;s__Clostridium_sp._M62/1	k__Bacteria;p__Firmicutes;c__Clostridia;o__Clostridiales;f__;g__Intestinimonas;s__Intestinimonas_butyriciproducens	k__Bacteria;p__Actinobacteria;c__Actinobacteria;o__Bifidobacteriales;f__Bifidobacteriaceae;g__Bifidobacterium;s__Bifidobacterium_bifidum	k__Bacteria;p__Firmicutes;c__Negativicutes;o__Veillonellales;f__Veillonellaceae;g__Dialister;s__Dialister_invisus	k__Bacteria;p__Bacteroidetes;c__Bacteroidia;o__Bacteroidales;f__Bacteroidaceae;g__Bacteroides;s__Bacteroides_salanitronis
k__Bacteria;p__Bacteroidetes;c__Bacteroidia;o__Bacteroidales;f__Bacteroidaceae;g__Bacteroides;s__Bacteroides_vulgatus	1.0	-0.0680277237902	-0.0359725296965	-0.0111246712146	-0.00808508777912	-0.00709044969994	-0.0676253040039	0.0625437260896	-0.00278162205858	-0.0131905718774	-0.00163544021489	-0.0621129138633	0.0502317389739	-0.0142171289356	0.0376318239223	-0.0217547120434	-0.00820706178635	-0.11750062049	0.0552479373025	-0.0551784681072	0.0056016535536	-0.0433819225783	0.0125315501324	-0.0226894894081	0.0127782561813	-0.0144480198488	0.0188489571444	0.0198512939607	0.00106737678228	-0.0261177130795	-0.0194689037696	-0.00246996971716	-0.0177870148839	-0.0819102562322	0.0226414704787	-0.0480387014495	0.0305130738677	0.0498352328726	-0.00246952643208	0.1093724148	0.0115831995061	-0.00879414200806	-0.0190908017913	-0.0880464145996	-0.0115715423908	0.0140637259609	0.0136220299481	-0.00458068856373	0.0209806551889	-0.0365677495369	0.0352351279445	-0.0650338861485	0.0450936935235	0.00177507785654	-0.00399701279117	-0.0311087252712	0.0535552250781	0.00513644268156	0.011630201389
k__Bacteria;p__Bacteroidetes;c__Bacteroidia;o__Bacteroidales;f__Bacteroidaceae;g__Bacteroides;s__Bacteroides_uniformis	-0.0680277237902	1.0	0.00212339788647	0.0264461440204	-0.0248999896565	-0.00772722124173	0.0433395957403	-0.0753023553501	-0.0324449602802	0.0172721391916	-0.00689280364388	0.0392179736937	0.0422120777336	-0.0391563377747	0.00116274546638	0.0237075480866	0.00984259705611	-0.00113151559349	-0.0625161632605	0.0181519994469	-0.018742223899	-0.0208825450641	-0.00523723927433	0.0477164951097	-0.0513127729216	-0.0335492122807	-0.040241734503	0.0108429167176	-0.0458549805238	-0.052921670021	0.0745686473839	-0.0194514323277	-0.00924279086525	-0.0340978325198	0.0188331602186	-0.0607422821438	-0.0187094767134	-0.0700481915534	0.0184082252946	0.0197698846342	-0.0299295510142	0.0417236529898	-0.0279699532478	0.0640756131205	-0.0243325017534	-0.0259575203436	-0.0116544148095	0.0156561411737	-0.0259677932911	-0.0225577530021	0.0130212058809	0.0226043017582	-0.120296622107	0.0123787802821	-0.0662546906551	-0.0427126390633	-0.00593849854779	-0.0591213038917	0.0292413884505
k__Bacteria;p__Bacteroidetes;c__Bacteroidia;o__Bacteroidales;f__Rikenellaceae;g__Alistipes;s__Alistipes_putredinis	-0.0359725296965	0.00212339788647	1.0	-0.0265191846245	0.0761933728594	0.0298269858414	-0.0135411017588	-0.0271667952252	-0.0695177151169	-0.0748688916277	-0.0319529326379	-0.0315125115265	-0.0699800312818	0.00722207319329	-0.027087637873	-0.02882131862	-0.0262774629634	-0.0249421575473	-0.0158220410693	-0.0169762095375	-0.0388517557128	-0.0660160718873	0.0198566692789	0.0247417878348	-0.028903041997	0.0390800006288	-0.0218366230733	-0.0214217342142	0.019773133501	-0.018739935723	-0.0473467302737	-0.0204828673821	0.0139304445055	-0.0151141341462	-0.0159515505587	-0.00314756548903	-0.0157747299058	-0.053023539364	0.0124360698218	-0.0293582150528	0.0368320057067	-0.101100209029	-0.0188938468592	-0.0621647130491	-0.0254679560251	0.0139825056458	0.0107591134663	-0.0163448182038	0.0343408461458	-0.00149052809772	0.0587258546191	-0.0307828419761	-0.034288358288	0.0188231043536	0.00290259689511	-0.00570927291429	-0.0344785454399	-0.0441863969702	0.00436484654173
k__Bacteria;p__Bacteroidetes;c__Bacteroidia;o__Bacteroidales;f__Prevotellaceae;g__Prevotella;s__Prevotella_copri	-0.0111246712146	0.0264461440204	-0.0265191846245	1.0	0.00841801774168	-0.029167924253	-0.0164701303456	-0.0549588202489	-0.0235448728704	0.0118461532642	-0.0102673851339	0.0136696037684	0.0354597857148	0.0112091465122	-0.0056845796382	0.0194269895617	-0.0140233882025	0.0103165484929	-0.0350460904133	-0.0341902378239	0.0237510582165	-0.0531842720583	0.0317549229008	-0.0428132408878	0.0757387052055	-0.00728606739949	-0.0473718006859	0.00928508717211	0.00945330651379	0.0441830832108	0.0170298313318	-0.0394706895854	-0.0736511849805	0.0445185574988	-0.0484885496015	-0.00100660782652	-0.0262774077738	0.0534610763458	-0.018406400723	0.0453032964558	-0.00997842989015	-0.00848420111089	-0.0237856190845	0.0535486720803	0.0225740591502	0.0195531703985	0.0412742918488	0.0422957512306	-0.0414514548174	-0.0158647121488	0.020524496093	0.00959746461889	-0.0174839116563	-0.00254797010533	-0.0226576636243	-0.00489257305076	-0.0616889820173	-0.0018351752175	-0.065879148896
k__Bacteria;p__Bacteroidetes;c__Bacteroidia;o__Bacteroidales;f__Bacteroidaceae;g__Bacteroides;s__Bacteroides_stercoris	-0.00808508777912	-0.0248999896565	0.0761933728594	0.00841801774168	1.0	-0.0478953899505	0.026898012528	-0.00903188060224	-0.0207272733932	-0.104088693934	-0.000125544213698	0.0446871036149	-0.0234731039217	-0.0137181045013	0.00341395032354	0.0326941722215	-0.0448590253913	0.0204401637201	-0.0542359346067	0.0319752478108	0.0478991484362	-0.0120897941992	-0.037700673106	-0.0773899320727	-0.0475328855855	-0.00718614737319	-2.21360550886e-05	0.0169586158941	-0.00225991118303	0.0226961746185	0.0356918008381	-0.0725251286693	-0.0177460729369	-0.0598241079579	0.00680808428082	-0.0122704035564	-0.0433992356373	-0.00767935840008	-0.0415975188065	0.0390960242257	0.0409643666178	-0.0193233120921	0.046988388801	-0.0508336358625	-0.0123284290185	0.00827945275876	-0.0158416475159	-0.0697512572441	0.0415469602758	-0.0392359062315	-0.0225654438889	0.0166203069435	0.0236517109623	-0.0406336924877	-0.0427053155709	0.0416595503722	0.0198792911252	0.0361089956174	-0.0121356012765
k__Bacteria;p__Bacteroidetes;c__Bacteroidia;o__Bacteroidales;f__Bacteroidaceae;g__Bacteroides;s__Bacteroides_ovatus	-0.00709044969994	-0.00772722124173	0.0298269858414	-0.029167924253	-0.0478953899505	1.0	0.0212167950363	0.0126839141699	0.00314436787929	-0.0167977296553	0.0145669902636	-0.0332290375325	-0.0410250021639	0.0436476956939	0.0187389426974	0.00753522090221	0.0130267326834	-0.00678072414587	-0.0250177157396	0.0168024569233	0.0337741285383	0.0229417150962	-0.056592671757	-0.0195515345428	0.0118145612496	0.0679731732288	-0.0538036515002	0.0389845666186	-0.058734532446	-0.010297573915	-0.00636388481769	-0.036378986057	-0.0687458128855	0.0688316452123	0.0262565559448	0.0387436879497	0.0170660461973	0.00601061926026	-0.0768607202407	-0.0288643930203	-0.0131416848102	0.0460297679786	0.0203565102913	-0.00594309604733	0.00868549193966	-0.0971073836524	-0.0164611598156	-0.0032675293279	-0.0258489133247	-0.0200313530805	0.0104303984448	0.0300167749621	-0.000729544992472	0.00730558069198	-0.0564992291564	0.0268913849267	-0.00869929922408	-0.0236044600432	-0.0145030471798
k__Bacteria;p__Bacteroidetes;c__Bacteroidia;o__Bacteroidales;f__Rikenellaceae;g__Alistipes;s__Alistipes_shahii	-0.0676253040039	0.0433395957403	-0.0135411017588	-0.0164701303456	0.026898012528	0.0212167950363	1.0	-0.068629219509	-0.054824672627	0.00633930223151	0.0198420924342	-0.0101277170479	-0.0582486187855	0.00346115772042	-0.00341573704355	-0.0579650269097	0.00199290994201	0.00666627546049	-0.00138706437962	0.0401174587599	-0.00937571657129	0.0162331832789	-0.0300147225019	-0.0298303742313	0.00274660335403	0.0322365976698	0.0250830965805	-0.0327017798304	-0.062371723539	-0.0105594226812	-0.0290877097516	0.0269666588225	0.0261126708498	-0.03017981863	0.00194542410078	0.0455226635324	-0.0131744276184	-0.0218326934276	-0.00529315261719	-0.0210422482168	-0.0334247516625	-0.0225708325987	0.0348682507549	0.0683592280855	0.0136389809325	0.0235681398039	0.0128888617524	0.0345368415019	-0.0419406728331	0.00469486167682	0.00506023467002	0.00131378588356	0.00285653328185	-0.0468389427809	0.023090049279	0.00314891429658	-0.00780567082674	0.0144191900609	0.0594694701812
k__Bacteria;p__Firmicutes;c__Clostridia;o__Clostridiales;f__Ruminococcaceae;g__Faecalibacterium;s__Faecalibacterium_prausnitzii	0.0625437260896	-0.0753023553501	-0.0271667952252	-0.0549588202489	-0.00903188060224	0.0126839141699	-0.068629219509	1.0	-0.0169542674775	-0.00995309047869	0.0287660437977	0.0253692636867	-0.0388613568377	-0.0145162586269	0.00651504860453	-0.0483764872308	-0.00255531887134	0.0409818591072	-0.0298566862094	-0.0245762193737	-0.0232937159717	0.0387025081235	0.0741225102836	0.00490141598616	0.0129379305954	-0.052829039695	0.0199499399172	0.0403482636219	0.0221157404272	-0.0349757003402	-0.0300492616411	0.0600914155122	-0.0611032551761	-0.0593992024441	0.00160579968537	-0.0381603517498	-0.0748912164479	0.0226568148444	-0.001933859482	-0.0208918352931	-0.0277645438668	0.0285000436874	-0.00279462715268	-0.0314447334097	0.0107061288732	-0.0156264253865	-0.021669688468	-0.0439375772588	0.0133318233704	0.015619294896	-0.0115635060866	-0.017498682855	-0.0170466022464	-0.0547745464242	0.126193319578	0.0499364393785	-0.0193770586162	-0.0402689066443	0.0124358879149
k__Bacteria;p__Bacteroidetes;c__Bacteroidia;o__Bacteroidales;f__Rikenellaceae;g__Alistipes;s__Alistipes_finegoldii	-0.00278162205858	-0.0324449602802	-0.0695177151169	-0.0235448728704	-0.0207272733932	0.00314436787929	-0.054824672627	-0.0169542674775	1.0	-0.0248394895257	-0.0115518665704	0.0370534308527	0.00526780585811	0.0156502610252	0.0112496934462	0.0125371855974	0.0360838076251	0.0711006979273	-0.0312491114546	-0.0191804983622	0.0410811193241	0.0152991184229	-0.0343958656325	-0.0138998536896	-0.0226627683198	-0.0116210804206	-0.0307232829056	-0.0225017030182	-0.0599989020155	0.0591600272821	-0.00774596925164	-0.0643759223609	-0.0592957977976	0.0342907996625	-0.0809784036093	-0.048077085469	-0.00213072628236	-0.0238788809817	0.027731901298	-0.0139003095985	-0.0344419766461	0.0318579604725	-0.0326514681484	-0.0295917743487	0.082207602608	-0.0176656977808	-0.000197583739805	-0.0554608979492	-0.047139393727	0.0652188491485	-0.0317052951152	-0.0461496950344	-0.0345608174943	-0.00424008609359	-0.00262258653591	0.0718968904422	-0.0117545159065	0.0528063878801	-0.0375801531911
k__Bacteria;p__Bacteroidetes;c__Bacteroidia;o__Bacteroidales;f__Porphyromonadaceae;g__Parabacteroides;s__Parabacteroides_distasonis	-0.0131905718774	0.0172721391916	-0.0748688916277	0.0118461532642	-0.104088693934	-0.0167977296553	0.00633930223151	-0.00995309047869	-0.0248394895257	1.0	0.0218252734913	-0.0064460165102	0.00778113689236	0.0135978263801	0.0934521613809	-0.0347018844709	-0.000259787817318	-0.0170456028158	-0.044651318313	-0.0652924061109	-0.0325549997551	-0.00775397124574	0.0276908357518	0.0537364456664	0.0211208889719	0.0131594987111	0.0281712401915	-0.0448229925246	0.0365853251442	-0.0217970867878	-0.00599430492787	-0.0182348934044	-0.0622836770691	-0.0156830737062	-0.017979887567	0.0523178694333	-0.0307012246072	-0.048054416507	-0.0107334919723	0.026511947815	0.0142408466002	-0.0282786845256	0.024129546001	-0.014337644732	0.00583655587209	-0.0338780060822	0.00250503916776	-0.0735831145135	-0.0249813854145	-0.023064202768	0.030311610733	-0.0135820954348	-0.0169011921262	0.00412325315494	0.0268891508378	-0.013977402486	0.0485740124759	-0.0139538527906	0.0168570086324
k__Bacteria;p__Bacteroidetes;c__Bacteroidia;o__Bacteroidales;f__Bacteroidaceae;g__Bacteroides;s__Bacteroides_thetaiotaomicron	-0.00163544021489	-0.00689280364388	-0.0319529326379	-0.0102673851339	-0.000125544213698	0.0145669902636	0.0198420924342	0.0287660437977	-0.0115518665704	0.0218252734913	1.0	0.027121461045	-0.0128580039335	0.00939550855006	-0.0279490224717	-0.0150197576626	-0.0242764072868	0.00671255758074	0.0543658433179	-0.0511842706339	-0.0444627358753	-0.017486231171	-0.0268949324184	-0.0413970563637	-0.0373161073211	-0.0195711181071	-0.010495882343	-0.0316654449705	-0.00754393335149	0.0146182120337	-0.000668103449166	0.0133057805643	-0.0260286948291	-0.0238402463355	0.00324472638592	-0.0235545552118	0.00611697502318	-0.0277311026979	-0.0286239852917	0.0217525810753	-0.029439461014	0.00457744364885	-0.0192330438784	-0.0624595482496	-0.0486298619538	0.0209681920163	-0.00688057091785	0.0221979806832	-0.00375044764926	0.00832331060357	0.0314922596434	-0.0300821310274	-0.0358161567634	-0.00340522264714	0.0462460960398	-0.00854423149695	0.0347411825433	-0.0187023893946	0.0105307632999
k__Bacteria;p__Bacteroidetes;c__Bacteroidia;o__Bacteroidales;f__Bacteroidaceae;g__Bacteroides;s__Bacteroides_coprocola	-0.0621129138633	0.0392179736937	-0.0315125115265	0.0136696037684	0.0446871036149	-0.0332290375325	-0.0101277170479	0.0253692636867	0.0370534308527	-0.0064460165102	0.027121461045	1.0	0.0489190491594	0.0165506358659	0.0316443142788	-0.0187970948836	-0.0616357510878	0.0465020501133	-0.0187595536325	0.066388128052	0.0181212535984	-0.0341403413011	-0.0318451025497	0.015191872685	-0.0330311103605	-0.011311464067	-0.0106621162544	-0.0122903392475	-0.0394654734917	-0.000732500028644	-0.0793646343055	-0.00111844097907	-0.099047510371	0.0318455378093	-0.0173707007841	-0.011078575019	-0.0444357980071	-0.00761901928195	0.00506764657295	0.0457719963783	-0.0385925119491	0.00222960806624	0.0283558381379	0.0211316341501	0.0437752307829	-0.0246996379634	-0.0194782028605	0.0410955438738	-0.0254908848604	-0.034046437574	0.0222751795916	0.0359837549819	-0.000408545180267	0.0267346059039	-0.0262879082744	-0.00763914696552	0.0113659287778	-0.0391059028266	-0.0408411168275
k__Bacteria;p__Bacteroidetes;c__Bacteroidia;o__Bacteroidales;f__Bacteroidaceae;g__Bacteroides;s__Bacteroides_cellulosilyticus	0.0502317389739	0.0422120777336	-0.0699800312818	0.0354597857148	-0.0234731039217	-0.0410250021639	-0.0582486187855	-0.0388613568377	0.00526780585811	0.00778113689236	-0.0128580039335	0.0489190491594	1.0	-0.0181140314872	-0.0141199907027	0.00198679146179	-0.00919024582778	-0.00674763666098	-0.0119704523297	0.0324682728598	-0.0311060879697	0.0467709999512	-0.0399888062997	-8.51801284009e-05	-0.00962731662231	-0.0323440077929	-0.0502888318336	0.0259298490038	0.0480976201061	-0.0138704884052	-0.0193345792297	-0.0170504749824	-0.0218998172582	-0.0275360737794	0.0115582413526	0.0319942958232	-0.0114460955567	-0.0350955384236	-0.0369491512397	-0.0115860544247	-0.00493524592789	0.0229707934388	0.0102406767988	-0.0260092119629	0.0272952771631	-0.0402624550096	0.0211991094658	-0.0236372667423	-0.0237168484178	-0.00917192651785	-0.015121768166	0.011893618807	0.036753681921	0.00554199489978	-0.059721323483	-0.0269892770622	0.0409985730992	-0.0106571560386	-0.0111756828778
k__Bacteria;p__Bacteroidetes;c__Bacteroidia;o__Bacteroidales;f__Rikenellaceae;g__Alistipes;s__Alistipes_obesi	-0.0142171289356	-0.0391563377747	0.00722207319329	0.0112091465122	-0.0137181045013	0.0436476956939	0.00346115772042	-0.0145162586269	0.0156502610252	0.0135978263801	0.00939550855006	0.0165506358659	-0.0181140314872	1.0	0.0198771608098	0.00456192461858	0.0429454959273	0.00368578162722	-0.00925382125694	-0.0232772290697	0.0270120041039	0.046254356059	-0.010813670671	-0.0256225385766	0.0521607792366	-0.020284823138	0.00182174444206	0.00381119508725	-0.00477720382275	0.00935194106139	0.0607259318038	-0.0328235186218	0.0119698901388	0.0374301334736	-0.0260797889235	-0.0219690301912	-0.00511239118155	-0.0338003101465	0.0173224448488	-0.0342487721416	-0.036785159302	-0.0434563453978	-0.0263917625779	-0.0435607196092	-0.0328110564278	0.0110222306332	0.00472079221351	0.0410564946129	-0.0601064561206	0.00402088352285	-0.0186923867334	0.0296591593847	0.0117100933682	-0.0136964085566	-0.0181362387768	-0.0501270709809	0.0124133792282	-0.0204335847495	-0.00319601313718
k__Bacteria;p__Firmicutes;c__Clostridia;o__Clostridiales;f__Lachnospiraceae;g__;s__[Eubacterium]_rectale	0.0376318239223	0.00116274546638	-0.027087637873	-0.0056845796382	0.00341395032354	0.0187389426974	-0.00341573704355	0.00651504860453	0.0112496934462	0.0934521613809	-0.0279490224717	0.0316443142788	-0.0141199907027	0.0198771608098	1.0	-0.0140342372239	0.00616084302945	-0.0320460025473	0.00743320716361	-0.0245533002608	0.0130005634247	-0.0247086530235	0.00800152542436	-0.0391743742669	0.049492447151	-0.0711247360111	-0.048792254459	0.0063280911116	0.0269121043807	-0.0830948730802	0.0252704081322	-0.0363573641196	-0.00095178879454	0.0104761913526	0.0187204120275	-0.0129692402854	-0.0353123765611	0.0128490477421	-0.0156130191927	0.00907039549022	-0.0389043796696	-0.0439796137048	-0.0189023587465	-0.10879071669	0.00725060818654	0.0225068711118	0.0156013648154	-0.00676872836745	0.0236077602472	0.00892137488257	-0.00548377702026	2.4374900483e-06	-0.00331497490654	-0.0378332477339	-0.0511550057885	0.0147370499057	-0.0600709476505	-0.0242393264708	0.0260523160409
k__Bacteria;p__Bacteroidetes;c__Bacteroidia;o__Bacteroidales;f__Bacteroidaceae;g__Bacteroides;s__Bacteroides_plebeius	-0.0217547120434	0.0237075480866	-0.02882131862	0.0194269895617	0.0326941722215	0.00753522090221	-0.0579650269097	-0.0483764872308	0.0125371855974	-0.0347018844709	-0.0150197576626	-0.0187970948836	0.00198679146179	0.00456192461858	-0.0140342372239	1.0	-0.0167838436213	0.00809760756307	0.0101139571748	0.00883253880613	-0.0119610869984	0.0368752210925	0.0364564700747	-0.0971475751667	0.0525651666973	0.0218148761012	-0.0408416588458	-0.010271454486	-0.00540161686554	-0.0344028627404	-0.10653165184	0.0197986408337	0.0248659022629	-0.0328893597094	-0.0308117863926	-0.000868930184751	0.00208766790566	0.0357928052036	-0.0569440395771	0.0437143428228	-0.0285605648275	-0.0722734123337	0.029107652675	0.0159567379386	0.0234621810074	0.0465839506895	0.0128985775437	-0.0352208516987	-0.0368557828799	-0.0137037790063	-0.019625909081	-0.0670567292894	-0.0538835093439	0.0177547083854	-0.0732395118577	0.0351600775015	-0.0711530640088	-0.0020308236296	0.0488499065327
k__Bacteria;p__Bacteroidetes;c__Bacteroidia;o__Bacteroidales;f__Bacteroidaceae;g__Bacteroides;s__Bacteroides_fragilis	-0.00820706178635	0.00984259705611	-0.0262774629634	-0.0140233882025	-0.0448590253913	0.0130267326834	0.00199290994201	-0.00255531887134	0.0360838076251	-0.000259787817318	-0.0242764072868	-0.0616357510878	-0.00919024582778	0.0429454959273	0.00616084302945	-0.0167838436213	1.0	-0.0430126367044	-0.00521964721291	-0.0259998013284	-0.0162380352853	0.038002540808	7.26698269336e-05	-0.00174693839435	-0.00103954117723	-0.0228776771691	-0.0168176646154	-0.0782991044036	-0.00527545802003	-0.0246951750836	0.00202531853832	-0.0293439919599	-0.00239799025584	0.0714638952417	-0.00638871052333	-0.0239259388002	-0.0423063232535	-0.0236888089992	-0.053854574656	-0.063220535834	0.00740021676449	0.0296469702907	-0.0048951533801	0.00484209399248	0.0770152574852	-0.018091443677	0.0100821964781	0.0050815288288	0.00220024497483	0.00831949806942	-0.0189747657062	0.0309555680245	0.00498841248093	-0.0185852954023	-0.0408289047138	-0.0132257623797	0.00367271503029	0.0327297410403	-0.00659313897782
k__Bacteria;p__Proteobacteria;c__Betaproteobacteria;o__Burkholderiales;f__Sutterellaceae;g__Sutterella;s__Sutterella_wadsworthensis	-0.11750062049	-0.00113151559349	-0.0249421575473	0.0103165484929	0.0204401637201	-0.00678072414587	0.00666627546049	0.0409818591072	0.0711006979273	-0.0170456028158	0.00671255758074	0.0465020501133	-0.00674763666098	0.00368578162722	-0.0320460025473	0.00809760756307	-0.0430126367044	1.0	-0.0227945329221	-0.0347646371365	0.00648938853003	0.0126908412102	-0.0399216853632	0.0301278026118	-0.00944963880065	-0.0343923615985	0.0228457179664	0.0427113948366	-0.0173019674695	-0.0015464932199	-0.0569381620066	0.00964221124679	0.0407841656518	-0.0586678901164	0.0378074439539	0.0112148045061	-0.00552990068271	0.025354775669	0.0343734905265	-0.0120121851441	-0.0268424257791	0.0106304650059	-0.00919898475595	-0.0401075058255	-0.0727641656666	-0.00388256722968	0.0318642002469	0.0157052356879	-0.0256545003445	-0.00835444728335	0.0280114659144	-0.0653801695411	-0.00899333460723	-0.0423359768274	-0.00988087279602	0.0314716171646	-0.0626050025449	-0.0215456468077	0.00488367640659
k__Bacteria;p__Bacteroidetes;c__Bacteroidia;o__Bacteroidales;f__Porphyromonadaceae;g__Barnesiella;s__Barnesiella_intestinihominis	0.0552479373025	-0.0625161632605	-0.0158220410693	-0.0350460904133	-0.0542359346067	-0.0250177157396	-0.00138706437962	-0.0298566862094	-0.0312491114546	-0.044651318313	0.0543658433179	-0.0187595536325	-0.0119704523297	-0.00925382125694	0.00743320716361	0.0101139571748	-0.00521964721291	-0.0227945329221	1.0	-0.0184046786785	0.0143077052807	0.00958742395831	-0.0209427620504	-0.0511495167903	-0.00884872801194	-0.0154734339132	0.0125980502178	-0.0451936989098	0.0692917248734	-0.0364420839056	-0.0527108600299	0.0448305590441	0.0764014012863	-0.0354700927808	0.00278652704348	0.00981713638896	0.0464291964627	-0.0152700022026	0.0115724826043	0.0236662611665	0.0611577396245	0.00449706666698	-0.101305800783	-0.00245300792834	0.0149939129583	-0.000212878516906	-0.00572130529166	-0.0288613041823	0.0492066891348	0.0596773458655	-0.0773138954656	0.0085072946645	-0.0219462119685	-0.00927080000438	0.0306471034477	-0.00467449465757	-0.014249171796	0.0214985673458	0.00988125300999
k__Bacteria;p__Bacteroidetes;c__Bacteroidia;o__Bacteroidales;f__Odoribacteraceae;g__Odoribacter;s__Odoribacter_splanchnicus	-0.0551784681072	0.0181519994469	-0.0169762095375	-0.0341902378239	0.0319752478108	0.0168024569233	0.0401174587599	-0.0245762193737	-0.0191804983622	-0.0652924061109	-0.0511842706339	0.066388128052	0.0324682728598	-0.0232772290697	-0.0245533002608	0.00883253880613	-0.0259998013284	-0.0347646371365	-0.0184046786785	1.0	-0.0708027862257	-0.0029414174696	0.0531919859308	-0.0262369900599	0.0259356952322	-0.004192142559	-0.0623739100555	0.0359859158432	-0.00313002276991	0.00168654114174	0.00619944517632	0.0336957241261	-0.000546508360352	-0.0108416160505	-0.0347320300494	-0.0117390169441	0.00952238746776	0.0232554049172	-0.0176560819424	-0.000375116002903	-0.00284180807088	-0.00979643263047	0.0260431594201	-0.0264772468062	-0.0107026300735	-0.00825324422822	-0.0302600637039	-0.0568090341074	0.00763123543925	0.0128531972292	0.0280909031312	-0.0194159504944	-0.0377527747627	0.0210532393643	-0.0164013789328	-0.0284919185596	-0.0365774976606	-0.0249085127036	-0.0607716499692
k__Bacteria;p__Bacteroidetes;c__Bacteroidia;o__Bacteroidales;f__Bacteroidaceae;g__Bacteroides;s__Bacteroides_salyersiae	0.0056016535536	-0.018742223899	-0.0388517557128	0.0237510582165	0.0478991484362	0.0337741285383	-0.00937571657129	-0.0232937159717	0.0410811193241	-0.0325549997551	-0.0444627358753	0.0181212535984	-0.0311060879697	0.0270120041039	0.0130005634247	-0.0119610869984	-0.0162380352853	0.00648938853003	0.0143077052807	-0.0708027862257	1.0	0.00605206005625	-0.0425787321988	-0.0109068848428	0.0234751588154	-0.0582412663343	0.00370056946365	0.00224918546147	0.0161957860386	0.013495331322	-0.0492052149901	-0.0146952785958	0.00828796216169	-0.00419195244115	-0.0101652110541	-0.0182962150043	0.0142769332035	0.0373798379744	0.0511541688649	-0.0587024991521	-0.00175702075557	-0.00720607273419	-0.0154607292132	-0.00566372585083	-0.0169495528857	0.0133835816064	-0.0044939677281	-0.0238498469024	-0.00899785902945	0.00316052920001	0.0146155477782	-0.0790845173645	-0.00516896748284	-0.031253202041	0.0458419467389	-0.0732135689667	0.00752921511647	-0.0285197979038	-0.0130509890765
k__Bacteria;p__Firmicutes;c__Clostridia;o__Clostridiales;f__Ruminococcaceae;g__Ruminiclostridium;s__[Eubacterium]_siraeum	-0.0433819225783	-0.0208825450641	-0.0660160718873	-0.0531842720583	-0.0120897941992	0.0229417150962	0.0162331832789	0.0387025081235	0.0152991184229	-0.00775397124574	-0.017486231171	-0.0341403413011	0.0467709999512	0.046254356059	-0.0247086530235	0.0368752210925	0.038002540808	0.0126908412102	0.00958742395831	-0.0029414174696	0.00605206005625	1.0	0.0422060143207	0.00577165123577	-0.00874264713632	0.0453875913051	0.0154118531386	0.00504564591832	-0.0424194154824	0.0257751874078	-0.00268477767255	-0.0325939970106	-0.00764307188554	-0.0220118806274	0.000572047026704	0.0384299944147	-0.0655978052135	-0.022666200441	0.0206911766514	0.0346033094851	0.019017781294	0.0616297713321	-0.00728537968284	0.00169922857396	0.0364985600679	-0.0141981853523	-0.0399397462235	-0.0750693409404	-0.0221564806519	-0.0120069924502	0.0377758850167	-0.0247363889882	0.0186051950046	-0.0291922860379	0.01074670758	-0.0199491004408	0.00874363516331	-0.019484016211	-0.0410578567012
k__Bacteria;p__Proteobacteria;c__Betaproteobacteria;o__Burkholderiales;f__Sutterellaceae;g__Parasutterella;s__Parasutterella_excrementihominis	0.0125315501324	-0.00523723927433	0.0198566692789	0.0317549229008	-0.037700673106	-0.056592671757	-0.0300147225019	0.0741225102836	-0.0343958656325	0.0276908357518	-0.0268949324184	-0.0318451025497	-0.0399888062997	-0.010813670671	0.00800152542436	0.0364564700747	7.26698269336e-05	-0.0399216853632	-0.0209427620504	0.0531919859308	-0.0425787321988	0.0422060143207	1.0	-0.00789082823566	-0.0345530815594	0.0534746701973	-0.00826066040494	0.0129383890635	0.00156880779725	0.0373585450203	0.0773445425844	-0.00168397676181	-0.00794908151963	-0.0198796254359	-0.029927275422	0.0202536338046	0.0127371110688	0.0144141578746	0.00228098042835	-0.0234106149096	-0.00689026509744	0.00220637655625	-0.0387262949839	-0.00656079269801	0.00289611095149	0.0354806421245	-0.0718263262806	-0.0174197922854	-0.0307451428957	-0.0468375379963	-0.0719643065364	0.0535698470784	-0.0419328143584	0.012418885535	0.00825633973537	-0.0351900235905	-0.00517285213849	-0.00188175338756	-0.00424960856353
k__Bacteria;p__Actinobacteria;c__Actinobacteria;o__Bifidobacteriales;f__Bifidobacteriaceae;g__Bifidobacterium;s__Bifidobacterium_adolescentis	-0.0226894894081	0.0477164951097	0.0247417878348	-0.0428132408878	-0.0773899320727	-0.0195515345428	-0.0298303742313	0.00490141598616	-0.0138998536896	0.0537364456664	-0.0413970563637	0.015191872685	-8.51801284009e-05	-0.0256225385766	-0.0391743742669	-0.0971475751667	-0.00174693839435	0.0301278026118	-0.0511495167903	-0.0262369900599	-0.0109068848428	0.00577165123577	-0.00789082823566	1.0	-0.00674360740836	-0.0185040356613	0.0301980777837	0.0177104861793	-0.00222667729914	-0.0222524891359	-0.0118855261084	0.0037510146378	-0.00881028435178	0.01159516149	0.0293135135834	-0.0183993647144	0.0596918185851	0.0190648791509	-0.000282033474489	-0.0318579267317	-0.0542567125788	-0.00964509949472	-0.0246466415686	-0.0296280798199	-0.0428908212466	-0.0170275474602	0.00746890490717	0.0145252060202	0.048174709721	-0.0148489615342	-0.00354973261466	0.0389265480012	0.0379733558582	-0.0336469318874	-0.016649882712	0.0581810362435	0.00760368922575	0.0208073531824	-0.0616842007597
k__Bacteria;p__Firmicutes;c__Clostridia;o__Clostridiales;f__Oscillospiraceae;g__Oscillibacter;s__Oscillibacter_sp._KLE_1745	0.0127782561813	-0.0513127729216	-0.028903041997	0.0757387052055	-0.0475328855855	0.0118145612496	0.00274660335403	0.0129379305954	-0.0226627683198	0.0211208889719	-0.0373161073211	-0.0330311103605	-0.00962731662231	0.0521607792366	0.049492447151	0.0525651666973	-0.00103954117723	-0.00944963880065	-0.00884872801194	0.0259356952322	0.0234751588154	-0.00874264713632	-0.0345530815594	-0.00674360740836	1.0	-0.0339483790343	-0.00369136146548	0.034434192534	-0.00917116263199	-0.0204404737871	-0.00175271329704	0.00502085681414	-0.0593525483362	-0.0138372610174	-0.0347283665871	-0.0266738722502	-0.0307781131551	0.016393964518	0.0360295006522	-0.0145882003379	-0.0306732517157	-0.0312111611826	-0.0187659457202	-0.0685993219173	-0.0352988805062	-0.028373994987	-0.0188048953884	0.0621766253413	0.00369618232425	-0.0239175082918	-0.0248893240626	-0.0588974475946	-0.023618622828	-0.0385371618519	-0.0318420976058	-0.0403840906448	0.0222219673518	-0.0370469702629	0.0153901876627
k__Bacteria;p__Bacteroidetes;c__Bacteroidia;o__Bacteroidales;f__Bacteroidaceae;g__Bacteroides;s__Bacteroides_coprophilus	-0.0144480198488	-0.0335492122807	0.0390800006288	-0.00728606739949	-0.00718614737319	0.0679731732288	0.0322365976698	-0.052829039695	-0.0116210804206	0.0131594987111	-0.0195711181071	-0.011311464067	-0.0323440077929	-0.020284823138	-0.0711247360111	0.0218148761012	-0.0228776771691	-0.0343923615985	-0.0154734339132	-0.004192142559	-0.0582412663343	0.0453875913051	0.0534746701973	-0.0185040356613	-0.0339483790343	1.0	0.047452810946	0.0282528540402	-0.0446864128908	-0.00838596499839	-0.0384640994185	0.0173215051997	0.00445321492149	0.0326424223503	0.0126220851095	-0.0180506659444	0.000522529656166	0.000904442292681	0.00577355842629	0.00236724841446	-0.0149781353662	-0.0176532871412	-0.0250417555867	0.080512121621	0.0106157130286	-0.0436419160264	-0.00344196526039	-0.00297215191524	-0.0117775622836	-0.022391534856	-0.0401393300881	-0.0320586505699	-0.0259962609386	-0.00916265129956	-0.0136165812187	0.0574263987736	-0.00245116079715	-0.0344897076728	0.0184620782432
k__Bacteria;p__Firmicutes;c__Clostridia;o__Clostridiales;f__Lachnospiraceae;g__Roseburia;s__Roseburia_intestinalis	0.0188489571444	-0.040241734503	-0.0218366230733	-0.0473718006859	-2.21360550886e-05	-0.0538036515002	0.0250830965805	0.0199499399172	-0.0307232829056	0.0281712401915	-0.010495882343	-0.0106621162544	-0.0502888318336	0.00182174444206	-0.048792254459	-0.0408416588458	-0.0168176646154	0.0228457179664	0.0125980502178	-0.0623739100555	0.00370056946365	0.0154118531386	-0.00826066040494	0.0301980777837	-0.00369136146548	0.047452810946	1.0	-0.0763178091446	0.0084476982748	-0.0323376502561	0.0108564079385	0.067199365392	0.0194625639455	-0.00564773775857	0.0222920029765	-0.0333798078847	0.0275388179553	-0.0431416788409	-0.0307395747405	0.0385026780022	-0.0214097085583	0.00358389376359	-0.00616698682695	-0.0584012705891	0.0414140445622	0.0250448614415	0.0249258942632	0.0398249535531	-0.0167144850494	0.00801467025693	-0.0344239579471	0.0186667695859	0.0526827413426	0.0360049017938	-0.0568411508162	-0.016802641758	0.0015614942687	-0.0169706352645	-0.00104661896884
k__Bacteria;p__Firmicutes;c__Clostridia;o__Clostridiales;f__Lachnospiraceae;g__Roseburia;s__Roseburia_hominis	0.0198512939607	0.0108429167176	-0.0214217342142	0.00928508717211	0.0169586158941	0.0389845666186	-0.0327017798304	0.0403482636219	-0.0225017030182	-0.0448229925246	-0.0316654449705	-0.0122903392475	0.0259298490038	0.00381119508725	0.0063280911116	-0.010271454486	-0.0782991044036	0.0427113948366	-0.0451936989098	0.0359859158432	0.00224918546147	0.00504564591832	0.0129383890635	0.0177104861793	0.034434192534	0.0282528540402	-0.0763178091446	1.0	0.0442906546384	-0.00637837575896	-0.0257076366124	-0.0388658174949	-0.0124789692968	-0.0148125675371	0.0291842557711	-0.0237638267224	-0.0417863230007	0.0252938758717	-0.0481679714175	-0.0163745455461	-0.0571231793957	-0.00243496869692	0.00568828479522	-0.0600920431102	-0.0327894529748	-0.0317296735172	-0.0155119817422	0.012912151492	0.0567907125464	-0.0326569472228	0.0249197341559	-0.0723051472727	0.0131718806671	0.0160649643831	0.00178075717243	-0.0106357439528	-0.0760481590669	0.0470646224845	-0.0291940105698
k__Bacteria;p__Bacteroidetes;c__Bacteroidia;o__Bacteroidales;f__Porphyromonadaceae;g__Parabacteroides;s__Parabacteroides_johnsonii	0.00106737678228	-0.0458549805238	0.019773133501	0.00945330651379	-0.00225991118303	-0.058734532446	-0.062371723539	0.0221157404272	-0.0599989020155	0.0365853251442	-0.00754393335149	-0.0394654734917	0.0480976201061	-0.00477720382275	0.0269121043807	-0.00540161686554	-0.00527545802003	-0.0173019674695	0.0692917248734	-0.00313002276991	0.0161957860386	-0.0424194154824	0.00156880779725	-0.00222667729914	-0.00917116263199	-0.0446864128908	0.0084476982748	0.0442906546384	1.0	-0.0302085815659	0.0181718008361	-0.0505139592985	0.0132243427517	0.00184370358923	-0.0474409996566	-0.0437094441065	0.00618491041811	-0.0447831181847	-0.0347875936537	-0.0207318298117	0.0257474228885	0.0321365874103	-0.0455426241185	0.0162803076664	-0.0633558156962	-0.00296099419742	0.0167303199289	0.0140732780128	0.0245809723263	0.0437229456336	-0.0470447910431	-0.0617658847927	-0.0501516959923	-0.0214696000982	0.0162913843777	-0.00963057120133	0.00377546505795	0.0150153516184	-0.0445607851159
k__Bacteria;p__Actinobacteria;c__Actinobacteria;o__Bifidobacteriales;f__Bifidobacteriaceae;g__Bifidobacterium;s__Bifidobacterium_longum	-0.0261177130795	-0.052921670021	-0.018739935723	0.0441830832108	0.0226961746185	-0.010297573915	-0.0105594226812	-0.0349757003402	0.0591600272821	-0.0217970867878	0.0146182120337	-0.000732500028644	-0.0138704884052	0.00935194106139	-0.0830948730802	-0.0344028627404	-0.0246951750836	-0.0015464932199	-0.0364420839056	0.00168654114174	0.013495331322	0.0257751874078	0.0373585450203	-0.0222524891359	-0.0204404737871	-0.00838596499839	-0.0323376502561	-0.00637837575896	-0.0302085815659	1.0	-0.0310665937708	-0.0256805539432	0.02572030388	0.0257434884994	-0.0428821247133	0.00197857978116	0.0129182627368	-0.02238823324	0.0515585245199	-0.0232154605186	-0.00835086527939	-0.00841807664795	-0.0430680872606	0.0229488618934	-0.0487145992944	-0.043856063338	0.00185842284563	0.0315178628986	0.00475528212362	-0.0123925324086	-0.00131044631272	-0.0460116310306	0.0202577705047	-0.0284044244753	0.0193059455464	-0.0151291439127	0.0429474501287	-0.0168023978195	-0.0406555563754
