#taxonomy	k__Bacteria;p__Bacteroidetes;c__Bacteroidia;o__Bacteroidales;f__Bacteroidaceae;g__Bacteroides;s__Bacteroides_vulgatus	k__Bacteria;p__Bacteroidetes;c__Bacteroidia;o__Bacteroidales;f__Bacteroidaceae;g__Bacteroides;s__Bacteroides_uniformis	k__Bacteria;p__Bacteroidetes;c__Bacteroidia;o__Bacteroidales;f__Rikenellaceae;g__Alistipes;s__Alistipes_putredinis	k__Bacteria;p__Bacteroidetes;c__Bacteroidia;o__Bacteroidales;f__Prevotellaceae;g__Prevotella;s__Prevotella_copri	k__Bacteria;p__Bacteroidetes;c__Bacteroidia;o__Bacteroidales;f__Bacteroidaceae;g__Bacteroides;s__Bacteroides_stercoris	k__Bacteria;p__Bacteroidetes;c__Bacteroidia;o__Bacteroidales;f__Bacteroidaceae;g__Bacteroides;s__Bacteroides_ovatus	k__Bacteria;p__Bacteroidetes;c__Bacteroidia;o__Bacteroidales;f__Rikenellaceae;g__Alistipes;s__Alistipes_shahii	k__Bacteria;p__Firmicutes;c__Clostridia;o__Clostridiales;f__Ruminococcaceae;g__Faecalibacterium;s__Faecalibacterium_prausnitzii	k__Bacteria;p__Bacteroidetes;c__Bacteroidia;o__Bacteroidales;f__Rikenellaceae;g__Alistipes;s__Alistipes_finegoldii	k__Bacteria;p__Bacteroidetes;c__Bacteroidia;o__Bacteroidales;f__Porphyromonadaceae;g__Parabacteroides;s__Parabacteroides_distasonis	k__Bacteria;p__Bacteroidetes;c__Bacteroidia;o__Bacteroidales;f__Bacteroidaceae;g__Bacteroides;s__Bacteroides_thetaiotaomicron	k__Bacteria;p__Bacteroidetes;c__Bacteroidia;o__Bacteroidales;f__Bacteroidaceae;g__Bacteroides;s__Bacteroides_coprocola	k__Bacteria;p__Bacteroidetes;c__Bacteroidia;o__Bacteroidales;f__Bacteroidaceae;g__Bacteroides;s__Bacteroides_cellulosilyticus	k__Bacteria;p__Bacteroidetes;c__Bacteroidia;o__Bacteroidales;f__Rikenellaceae;g__Alistipes;s__Alistipes_obesi	k__Bacteria;p__Firmicutes;c__Clostridia;o__Clostridiales;f__Lachnospiraceae;g__;s__[Eubacterium]_rectale	k__Bacteria;p__Bacteroidetes;c__Bacteroidia;o__Bacteroidales;f__Bacteroidaceae;g__Bacteroides;s__Bacteroides_plebeius	k__Bacteria;p__Bacteroidetes;c__Bacteroidia;o__Bacteroidales;f__Bacteroidaceae;g__Bacteroides;s__Bacteroides_fragilis	k__Bacteria;p__Proteobacteria;c__Betaproteobacteria;o__Burkholderiales;f__Sutterellaceae;g__Sutterella;s__Sutterella_wadsworthensis	k__Bacteria;p__Bacteroidetes;c__Bacteroidia;o__Bacteroidales;f__Porphyromonadaceae;g__Barnesiella;s__Barnesiella_intestinihominis	k__Bacteria;p__Bacteroidetes;c__Bacteroidia;o__Bacteroidales;f__Odoribacteraceae;g__Odoribacter;s__Odoribacter_splanchnicus	k__Bacteria;p__Bacteroidetes;c__Bacteroidia;o__Bacteroidales;f__Bacteroidaceae;g__Bacteroides;s__Bacteroides_salyersiae	k__Bacteria;p__Firmicutes;c__Clostridia;o__Clostridiales;f__Ruminococcaceae;g__Ruminiclostridium;s__[Eubacterium]_siraeum	k__Bacteria;p__Proteobacteria;c__Betaproteobacteria;o__Burkholderiales;f__Sutterellaceae;g__Parasutterella;s__Parasutterella_excrementihominis	k__Bacteria;p__Actinobacteria;c__Actinobacteria;o__Bifidobacteriales;f__Bifidobacteriaceae;g__Bifidobacterium;s__Bifidobacterium_adolescentis	k__Bacteria;p__Firmicutes;c__Clostridia;o__Clostridiales;f__Oscillospiraceae;g__Oscillibacter;s__Oscillibacter_sp._KLE_1745	k__Bacteria;p__Bacteroidetes;c__Bacteroidia;o__Bacteroidales;f__Bacteroidaceae;g__Bacteroides;s__Bacteroides_coprophilus	k__Bacteria;p__Firmicutes;c__Clostridia;o__Clostridiales;f__Lachnospiraceae;g__Roseburia;s__Roseburia_intestinalis	k__Bacteria;p__Firmicutes;c__Clostridia;o__Clostridiales;f__Lachnospiraceae;g__Roseburia;s__Roseburia_hominis	k__Bacteria;p__Bacteroidetes;c__Bacteroidia;o__Bacteroidales;f__Porphyromonadaceae;g__Parabacteroides;s__Parabacteroides_johnsonii	k__Bacteria;p__Actinobacteria;c__Actinobacteria;o__Bifidobacteriales;f__Bifidobacteriaceae;g__Bifidobacterium;s__Bifidobacterium_longum	k__Bacteria;p__Firmicutes;c__Clostridia;o__Clostridiales;f__;g__Flavonifractor;s__Flavonifractor_plautii	k__Bacteria;p__Firmicutes;c__Clostridia;o__Clostridiales;f__Clostridiaceae;g__Clostridium;s__Clostridium_phoceensis	k__Bacteria;p__Verrucomicrobia;c__Verrucomicrobiae;o__Verrucomicrobiales;f__Akkermansiaceae;g__Akkermansia;s__Akkermansia_muciniphila	k__Bacteria;p__Bacteroidetes;c__Bacteroidia;o__Bacteroidales;f__Prevotellaceae;g__Paraprevotella;s__Paraprevotella_xylaniphila	k__Bacteria;p__Firmicutes;c__Clostridia;o__Clostridiales;f__Ruminococcaceae;g__Ruminococcus;s__Ruminococcus_callidus	k__Bacteria;p__Bacteroidetes;c__Bacteroidia;o__Bacteroidales;f__Rikenellaceae;g__Alistipes;s__Alistipes_senegalensis	k__Bacteria;p__Firmicutes;c__Clostridia;o__Clostridiales;f__Lachnospiraceae;g__Blautia;s__Blautia_sp._KLE_1732	k__Bacteria;p__Bacteroidetes;c__Bacteroidia;o__Bacteroidales;f__Bacteroidaceae;g__Bacteroides;s__Bacteroides_oleiciplenus	k__Bacteria;p__Firmicutes;c__Clostridia;o__Clostridiales;f__Ruminococcaceae;g__Ruminococcus;s__Ruminococcus_bicirculans	k__Bacteria;p__Bacteroidetes;c__Bacteroidia;o__Bacteroidales;f__Bacteroidaceae;g__Bacteroides;s__Bacteroides_fluxus	k__Bacteria;p__Bacteroidetes;c__Bacteroidia;o__Bacteroidales;f__Prevotellaceae;g__Prevotella;s__Prevotella_stercorea	k__Bacteria;p__Firmicutes;c__Clostridia;o__Clostridiales;f__Lachnospiraceae;g__Dorea;s__Dorea_longicatena	k__Bacteria;p__Firmicutes;c__Clostridia;o__Clostridiales;f__Eubacteriaceae;g__Eubacterium;s__[Eubacterium]_eligens	k__Bacteria;p__Firmicutes;c__Clostridia;o__Clostridiales;f__Ruminococcaceae;g__;s__Ruminococcaceae_bacterium_D16	k__Bacteria;p__Firmicutes;c__Clostridia;o__Clostridiales;f__Lachnospiraceae;g__Coprococcus;s__Coprococcus_comes	k__Bacteria;p__Proteobacteria;c__Gammaproteobacteria;o__Enterobacterales;f__Enterobacteriaceae;g__Escherichia;s__Escherichia_coli	k__Bacteria;p__Firmicutes;c__Clostridia;o__Clostridiales;f__Ruminococcaceae;g__Anaerotruncus;s__Anaerotruncus_colihominis	k__Bacteria;p__Firmicutes;c__Clostridia;o__Clostridiales;f__Lachnospiraceae;g__Blautia;s__Blautia_obeum	k__Bacteria;p__Bacteroidetes;c__Bacteroidia;o__Bacteroidales;f__Odoribacteraceae;g__Odoribacter;s__Odoribacter_laneus	k__Bacteria;p__Firmicutes;c__Clostridia;o__Clostridiales;f__Ruminococcaceae;g__Ruminiclostridium;s__[Clostridium]_leptum	k__Bacteria;p__Bacteroidetes;c__Bacteroidia;o__Bacteroidales;f__Porphyromonadaceae;g__Parabacteroides;s__Parabacteroides_goldsteinii	k__Bacteria;p__Firmicutes;c__Clostridia;o__Clostridiales;f__Lachnospiraceae;g__Anaerostipes;s__Anaerostipes_hadrus	k__Bacteria;p__Firmicutes;c__Clostridia;o__Clostridiales;f__Ruminococcaceae;g__Ruminococcus;s__Ruminococcus_lactaris	k__Bacteria;p__Firmicutes;c__Clostridia;o__Clostridiales;f__Clostridiaceae;g__Clostridium;s__Clostridium_sp._L2-50	k__Bacteria;p__Firmicutes;c__Clostridia;o__Clostridiales;f__Clostridiaceae;g__Clostridium;s__Clostridium_sp._M62/1	k__Bacteria;p__Firmicutes;c__Clostridia;o__Clostridiales;f__;g__Intestinimonas;s__Intestinimonas_butyriciproducens	k__Bacteria;p__Actinobacteria;c__Actinobacteria;o__Bifidobacteriales;f__Bifidobacteriaceae;g__Bifidobacterium;s__Bifidobacterium_bifidum	k__Bacteria;p__Firmicutes;c__Negativicutes;o__Veillonellales;f__Veillonellaceae;g__Dialister;s__Dialister_invisus	k__Bacteria;p__Bacteroidetes;c__Bacteroidia;o__Bacteroidales;f__Bacteroidaceae;g__Bacteroides;s__Bacteroides_salanitronis
k__Bacteria;p__Bacteroidetes;c__Bacteroidia;o__Bacteroidales;f__Bacteroidaceae;g__Bacteroides;s__Bacteroides_vulgatus	1.0	-0.0209843902568	-0.0520719863853	0.0401758425989	-0.017779009023	-0.0382087310496	0.00372533289215	0.018193999651	0.0235159083788	-0.0193605542479	-0.00588975245057	-0.00206282348564	-0.00448712688312	-0.0613599114658	-0.0339423872148	-0.0322000802607	-0.0127718145958	-0.0266005415764	0.00171281927857	-0.0400219594663	-0.0574590007415	-0.0600680683774	0.00162917614663	0.00796607267263	-0.0105246430778	-0.0446440992332	-0.0172267884383	-0.00285593400454	-0.0358853606319	-0.0110035136578	-0.00628443230822	-0.0504932846572	0.0423761521629	0.00271266741155	0.0452701507964	-0.0381772169344	-0.0364058358606	0.0870942649675	-0.0359872201491	-0.0251004514245	0.032691631107	0.0155871913363	0.0168510948775	0.0146734819779	-0.0226245917767	0.0122349474644	-0.0155748500883	-0.0426676352142	-0.0373365974056	0.0087698044829	0.00821753247817	0.000842599644388	0.0667360982566	0.0243743829078	-0.034723175627	-0.024165507216	-0.00772246076052	-0.00817421095277	-0.0114062326126
k__Bacteria;p__Bacteroidetes;c__Bacteroidia;o__Bacteroidales;f__Bacteroidaceae;g__Bacteroides;s__Bacteroides_uniformis	-0.0209843902568	1.0	-0.0116979981365	-0.0225350995764	0.0306261024146	-0.00876596964381	-0.0333120738802	0.0155210171563	-0.0148278799513	-0.025129547042	-0.0486516977598	-0.00389754326623	-0.0772480808048	0.0198045217417	0.00322377520617	0.00502187599292	0.041426425377	-0.0577463042251	0.0158940458934	-0.023457631265	0.0220291697656	-0.0102273816294	0.00381631449177	0.0238748760221	-0.0225168167487	0.0301694704932	-0.0327621899411	0.0317947626784	-0.0181037863354	-0.0720566619764	0.0014028706019	-0.0127207876271	-0.0282420565801	0.0219301720119	-0.018660891926	-0.0138302614266	-0.0136452553803	-0.021251609902	-0.028981722738	-0.0078661823003	-0.0777235856767	0.0125341364312	-0.0229376019073	-0.0448471130794	0.0719127652981	-0.0276148020396	0.0135497735606	-0.0499567200977	0.0544510782431	-0.0299772122538	-0.0609677052395	-0.00330220612399	-0.0458248154867	-0.0281465280147	-0.000629919663358	-0.021756163908	0.0341246365253	-0.0321054292282	0.0304329164178
k__Bacteria;p__Bacteroidetes;c__Bacteroidia;o__Bacteroidales;f__Rikenellaceae;g__Alistipes;s__Alistipes_putredinis	-0.0520719863853	-0.0116979981365	1.0	-0.0223542687063	0.008747599054	0.00707023953401	0.0258039494636	0.000729798380442	0.0252134316232	-0.000455646167887	0.0166253098839	-0.034873070006	-0.0511777289802	-0.0135618577049	0.0179733691487	0.0165963310163	0.039887319007	-0.0393102486048	-0.0451278107234	-0.0180966787037	0.00409544573403	-0.0211767141111	0.00251296899899	-0.0228299448283	0.0277503415709	-0.0332593904048	0.013715685104	-0.0182684577138	-0.0322738404611	-0.0025885622296	0.0287239699697	-0.00832771526822	-0.0241301970876	-0.0416412830276	-0.0943961942755	-0.0203358685823	0.0167702323599	-0.0120509413762	-0.0121462189275	0.00370834170641	-0.0132433779367	-0.015662152095	-0.0290521511093	-0.0163731910302	-0.00557615997359	0.00791044649133	-0.0488860446929	-0.0682669883548	-0.0712995359888	-0.0322247737512	0.0145077241098	-0.0176448055896	0.00814369658844	-0.00784590044283	-0.0509700847945	-0.0362151100535	-0.0189637177845	0.0171832284256	-0.0185006565623
k__Bacteria;p__Bacteroidetes;c__Bacteroidia;o__Bacteroidales;f__Prevotellaceae;g__Prevotella;s__Prevotella_copri	0.0401758425989	-0.0225350995764	-0.0223542687063	1.0	0.00297676222367	-0.00478988449176	-0.0378651169244	-0.0351328454922	0.0270329815523	0.00272456069805	-0.00584608715808	-0.0227592231457	-0.0210914716509	-0.0109368279479	-0.048168916727	-0.0037027046498	-0.0675002407667	0.0101432883778	-0.0163936401447	-0.0195147992719	-0.0455786653683	0.00341998393664	0.0595581064688	-0.0342137598739	-0.0482512551316	0.0223243319409	0.0592673284501	0.0344425434149	-0.0209209203105	0.0315406675803	0.00158671725958	0.00495561394614	-0.0283239140724	0.00204465015825	0.00316912344499	-0.0289534651962	0.000480350438119	-0.0479432142849	-0.00372896315883	0.0234061372586	0.0294395987928	0.020455685317	0.0103434598486	-0.0119453878381	0.00895222471592	-0.0377873668806	-0.0193390712707	-0.00812162781659	-0.0194844807431	-0.0487870483132	-0.0273391870481	-0.0371106482355	-0.0459851783165	0.0386703250227	0.0624734053563	0.0810320429983	-0.0601646220525	0.0201451986437	-0.0136263829809
k__Bacteria;p__Bacteroidetes;c__Bacteroidia;o__Bacteroidales;f__Bacteroidaceae;g__Bacteroides;s__Bacteroides_stercoris	-0.017779009023	0.0306261024146	0.008747599054	0.00297676222367	1.0	-0.109818196632	0.00614950651779	-0.0619404087671	-0.0275779727418	0.0136747763221	-0.00641122592049	-0.00611328693173	-0.0487078767899	0.0131960383482	0.0190561074726	-0.0450153937972	-0.0292433318746	-0.0178409135552	-0.0319839550733	-0.00492131864277	0.00703548245155	0.0015508420086	0.0670325117101	-0.0304874199088	-0.00697266756697	-0.0263145484402	-0.00600687814042	-0.0119748945196	-0.0416182838958	0.0471668791211	0.0266638995389	-0.0555429470706	-0.047826446973	0.0425379352702	-0.0154431884222	-0.00607197719692	-0.0505879634486	0.0410119142367	0.00313749346658	0.00645351798789	-0.00075172441477	0.0400829211417	-0.0361411767015	-0.0360404515754	-0.0345943672106	-0.00888200532873	0.0400261882892	-0.0283772500888	-0.00683361667307	0.0194130721822	-0.0361261395247	-0.0470004426792	-0.0663884723682	-0.0263494889241	0.0484769772575	-0.0471084821625	0.0615481494898	0.0472429719079	0.0137519636341
k__Bacteria;p__Bacteroidetes;c__Bacteroidia;o__Bacteroidales;f__Bacteroidaceae;g__Bacteroides;s__Bacteroides_ovatus	-0.0382087310496	-0.00876596964381	0.00707023953401	-0.00478988449176	-0.109818196632	1.0	0.0612835540928	0.0197301325148	-0.0276556105698	0.0253912942242	-0.0425721072579	0.0224026328335	-0.0619501382887	-0.0419980532724	0.0166695774451	-0.0133283336059	-0.00962394184989	0.0377814469533	0.00135273492817	-0.0478006020885	0.0393659582779	-0.0140481062625	0.0631246591941	0.0486501423844	0.00146498646977	-0.0121701428315	-0.0325168669918	-0.023820208438	-0.0661410460794	-0.0417675950059	0.0224144181316	-0.00938379383703	-0.0626923619744	0.0703632755678	0.00765512523773	-0.062737212812	0.0183369199963	-0.0229119363368	0.0104558002463	0.0148267075453	0.0230067954606	0.0185730327226	0.0399775389541	0.00535144871558	-0.0110379691222	0.0487193932067	-0.0657225850117	0.00141351736288	-0.0294513289424	-0.056485183161	-0.0128320039761	0.0346400299319	-0.00362876281454	0.0404729849255	-0.00642275478917	-0.0534252455342	-0.0909514897907	-0.0030636248037	0.018024399514
k__Bacteria;p__Bacteroidetes;c__Bacteroidia;o__Bacteroidales;f__Rikenellaceae;g__Alistipes;s__Alistipes_shahii	0.00372533289215	-0.0333120738802	0.0258039494636	-0.0378651169244	0.00614950651779	0.0612835540928	1.0	-0.0263192241867	0.0307473398708	-0.00738248439477	-0.0519437940677	-0.0292944081386	-0.0103100782413	0.0194053017129	-0.0113832130722	0.012661201649	-0.00607098816035	0.0064897046428	0.023949197173	0.00179795173865	0.0195573548504	-0.0363809274125	-0.0407234543616	-0.0024743312858	-0.0233036826745	-0.0320047265314	-0.0154577226444	0.0159329887227	-0.0741837349745	0.0342131620469	0.0445270295587	-0.00053976418144	-0.0247453355921	-0.0224572496763	0.00430315300449	0.0359543354098	-0.0829057151578	-0.035015060395	0.0289146421058	-0.0275668884421	0.0483408934298	-0.00607964081264	-0.0144573773337	0.0190797202556	0.00580683568825	0.0377594624079	0.00365185109262	-0.0480717878192	-0.0328711644171	-0.0250405196792	0.00669674924588	-0.0371000327895	0.0219568496286	-0.0121603268669	-0.0379032559166	-0.02407739449	-0.0390334428759	0.00921635673009	0.0115202452122
k__Bacteria;p__Firmicutes;c__Clostridia;o__Clostridiales;f__Ruminococcaceae;g__Faecalibacterium;s__Faecalibacterium_prausnitzii	0.018193999651	0.0155210171563	0.000729798380442	-0.0351328454922	-0.0619404087671	0.0197301325148	-0.0263192241867	1.0	-0.042255825806	-0.0183616229143	-0.0269324369145	-0.0458714110439	-0.014178408798	0.00706662563121	-0.00333775166803	-0.0309509644524	-0.0275758864884	-0.0284593335599	-0.00696898237707	0.00136087208382	0.0153796350373	-0.0506744100116	-0.0273110122003	-0.0450249337255	-0.00231738816674	0.00259479170574	0.00695315664933	-0.0267896691273	-0.041923020797	0.0768848147189	-0.00871178343429	0.0118110482192	0.0111732043173	-0.0132434644989	-0.0155901016327	-0.0172430522164	-0.0199508188793	0.035001526744	-0.000785563747028	0.00948114231677	0.0124378588236	-0.0056713824994	-0.0495378535719	-0.00659692068411	-0.0049299978264	-0.071418245272	-0.00538483693584	0.0504067312563	0.0364710849838	0.000942251669181	-0.0176419786308	-0.0209580380304	-0.0197051334954	0.061590202576	0.00498127475044	-0.00591305977932	-0.0136716853278	0.0504440458315	0.0303363264127
k__Bacteria;p__Bacteroidetes;c__Bacteroidia;o__Bacteroidales;f__Rikenellaceae;g__Alistipes;s__Alistipes_finegoldii	0.0235159083788	-0.0148278799513	0.0252134316232	0.0270329815523	-0.0275779727418	-0.0276556105698	0.0307473398708	-0.042255825806	1.0	-0.0117700811766	0.0225276296337	-0.000780454756037	-0.00713476025333	-0.0529605868903	0.0388613918196	-0.0208878155777	0.0271008119475	0.00947376364108	-0.00479589768842	-0.044439751134	-0.000696106440021	-0.0713180304417	0.00313227591313	-0.0183241445926	-0.0744618550229	0.0348998139747	-0.0652983354857	0.00712457608068	0.0537470144546	0.0418319362433	-0.0112536067511	-0.00689720740746	0.0494824873197	-0.0162440373684	-0.0463812995608	0.0437116404712	0.0153786525521	0.023461614949	0.0204180563539	0.023718282798	0.0154258012222	-0.058339501897	-0.000977888248137	0.000860734054203	0.0164762701318	0.00784163882149	-0.00833090943444	-0.0866194958455	-0.0839843590856	-0.0132849513085	-0.00551316040492	-0.0812847530603	0.0451967017636	0.00123788627282	0.0130724810898	-0.0355055698356	0.0140960058296	-0.030276436419	0.0300889824225
k__Bacteria;p__Bacteroidetes;c__Bacteroidia;o__Bacteroidales;f__Porphyromonadaceae;g__Parabacteroides;s__Parabacteroides_distasonis	-0.0193605542479	-0.025129547042	-0.000455646167887	0.00272456069805	0.0136747763221	0.0253912942242	-0.00738248439477	-0.0183616229143	-0.0117700811766	1.0	0.0114953465427	-0.0246921876845	0.0146453961352	0.023333780558	0.0552797500527	-0.0055284725569	-0.087850576284	-0.00320656615583	-0.00991816795301	0.0247931320782	0.0201132550354	-0.0464521443013	-0.00281267053073	-0.0440526123036	-0.0267921463877	-0.0256533971759	0.0090069700258	-0.0193416427441	0.0249860702248	-0.0116109495047	0.0116304703767	-0.00595820182555	-0.0457006854898	-0.0776046919488	-0.00251777818304	-0.0202281878898	0.000706637290168	0.00596618491737	-0.0451638008182	0.0724850676881	-0.0316358997334	0.0594161694782	-0.0383789134445	-0.0296012686179	0.0334283574125	-0.00759404011594	-0.0382146269953	0.024986622851	-0.0173653002081	0.0509309838967	-0.0032730181305	-0.0851494146919	-0.0640405573048	-0.0239907003815	0.037892261501	-0.029548979977	-0.00513884020504	0.00237897131232	-0.0199891777733
k__Bacteria;p__Bacteroidetes;c__Bacteroidia;o__Bacteroidales;f__Bacteroidaceae;g__Bacteroides;s__Bacteroides_thetaiotaomicron	-0.00588975245057	-0.0486516977598	0.0166253098839	-0.00584608715808	-0.00641122592049	-0.0425721072579	-0.0519437940677	-0.0269324369145	0.0225276296337	0.0114953465427	1.0	-0.0275093428186	0.00772317602757	-0.0260117268248	-0.0257728948626	0.0107059248431	-0.0423800301364	0.00631922894557	0.0537581721137	0.0223488169885	-0.0226597685961	0.00942445717938	-0.0281096731311	0.0124043105018	-0.032905669293	0.0105703441402	0.0391010250543	-0.0131710948796	0.0293826894043	0.00461117110004	-0.0445723008111	-0.02891069324	0.00819330078551	0.00910554485859	-0.0326852666213	0.0265270980587	-0.0103292820625	-0.0455552506262	-0.0347100015424	-0.0171821166188	0.0366920250245	0.0042689548135	0.00306951328525	-0.0235320389892	-0.0321324905799	0.0526075549101	0.00488873016447	-0.031646515459	-0.0337751905113	0.00158901359822	0.0219624097599	-0.0143946490842	0.0452666878985	-0.0198922526277	-0.0314636562721	0.0305071346751	0.0496701035987	-0.0177521655225	0.0455437796959
k__Bacteria;p__Bacteroidetes;c__Bacteroidia;o__Bacteroidales;f__Bacteroidaceae;g__Bacteroides;s__Bacteroides_coprocola	-0.00206282348564	-0.00389754326623	-0.034873070006	-0.0227592231457	-0.00611328693173	0.0224026328335	-0.0292944081386	-0.0458714110439	-0.000780454756037	-0.0246921876845	-0.0275093428186	1.0	0.0389463562456	-0.00403045208639	-0.0462380753446	0.0484808716613	0.0152253511552	0.0281219164849	-0.0155546114831	-0.0521922297119	0.0384672856203	-0.0337626170686	0.00448480658327	-0.00429645178497	0.0445475929536	0.0060941375129	-0.0196675583932	-0.066509341601	0.0131034134936	0.022135466779	0.00986005570237	0.00623039951538	-0.0198571162513	-0.0474920847471	0.0308910727931	-0.00946436981012	-0.0289666346084	0.0149138789164	-0.0288254556582	-0.0579237683384	-0.0108184023663	0.000698101767549	-0.038165677367	-0.0134493126985	-0.0388116620486	-0.0479244432038	0.0158547025788	0.000872645439042	-0.0407904546056	-0.0348135149367	0.00490153160306	0.00330695014204	0.0467810009449	-0.00409103478641	-0.0464358679078	-0.0434491790817	0.00581996875109	-0.0140460417373	-0.0317456312091
k__Bacteria;p__Bacteroidetes;c__Bacteroidia;o__Bacteroidales;f__Bacteroidaceae;g__Bacteroides;s__Bacteroides_cellulosilyticus	-0.00448712688312	-0.0772480808048	-0.0511777289802	-0.0210914716509	-0.0487078767899	-0.0619501382887	-0.0103100782413	-0.014178408798	-0.00713476025333	0.0146453961352	0.00772317602757	0.0389463562456	1.0	0.0380138268587	-0.041773860115	0.0396787397301	-0.0583234614622	0.0116470762866	-0.0288079762379	0.0259151816229	-0.0175947337143	0.00239016499137	0.0040938436706	0.0147529890548	-0.0217905930401	-0.0179959103633	0.024499798803	-0.0126610659246	-0.00946399108279	0.019287392574	0.0255875226376	-0.00219709321619	0.0324180638169	-0.0336006602205	0.0348412143819	0.0188934711633	-0.0204816547635	-0.00110108322577	-0.0163287325191	0.0141698070417	-0.0323913342573	-0.00864549569251	-0.0165673337446	0.0143399287585	0.00498248557676	0.0112749571784	-0.051118303386	0.0243910652323	-0.01057463917	-0.00810430528572	0.012590467492	-0.0729659654748	-0.00699533791724	-0.0307731436432	-0.0777891136249	0.0247290983682	-0.0131749040374	-0.0301097121099	-0.0252676381515
k__Bacteria;p__Bacteroidetes;c__Bacteroidia;o__Bacteroidales;f__Rikenellaceae;g__Alistipes;s__Alistipes_obesi	-0.0613599114658	0.0198045217417	-0.0135618577049	-0.0109368279479	0.0131960383482	-0.0419980532724	0.0194053017129	0.00706662563121	-0.0529605868903	0.023333780558	-0.0260117268248	-0.00403045208639	0.0380138268587	1.0	0.0191132823995	-0.013314176771	-0.0287143646714	0.0292339008235	-0.0712544616446	-0.0132848849484	-0.0516005390424	-0.0189931451472	-0.0153213758157	-0.031481683857	-0.0203200013828	-0.0368064618152	0.0293611932357	0.038172057354	0.0261280139969	0.0326642518353	0.0254191185458	-0.0576242789939	0.0264577923308	0.0740965697965	-0.0246772867352	-0.0653486168946	0.0327704471698	0.000173431673724	-0.0148792634063	-0.000136505275841	0.0186186255755	-0.027913602668	-0.0172734333252	-0.0552041050874	0.00393048051606	-0.00713537706702	-0.0170862037064	0.00102209066728	-0.0122103145622	-0.0289085151885	0.0312816350335	-0.0468538240465	0.00304153319956	0.00639479428334	0.0154443626008	0.00310808898468	-0.011632816166	-0.00935298560028	-0.0512476352348
k__Bacteria;p__Firmicutes;c__Clostridia;o__Clostridiales;f__Lachnospiraceae;g__;s__[Eubacterium]_rectale	-0.0339423872148	0.00322377520617	0.0179733691487	-0.048168916727	0.0190561074726	0.0166695774451	-0.0113832130722	-0.00333775166803	0.0388613918196	0.0552797500527	-0.0257728948626	-0.0462380753446	-0.041773860115	0.0191132823995	1.0	0.0311720217632	0.00398743333438	-0.00869537524235	0.0262038009503	0.0290130960104	-0.0121465720226	0.0493754118043	0.0129123582149	-0.0238966775626	0.0323790038088	0.00644957217626	-0.0032050550634	-0.0262995546254	0.020097999868	0.00083510870718	-0.00262181962165	-0.0434741300692	-0.0273543630298	0.0150329204411	0.018535056265	0.00732100241934	0.0299902294468	-0.0725411848248	-0.085050459738	0.0077508627201	0.0122124700617	0.0233354757688	-0.0152585732783	-0.013311752793	0.0262350897634	-0.0329798251991	-0.0402954357701	-0.0645972331243	-0.0154452023935	-0.00921017043174	0.0646093109783	-0.0169647394566	-0.00830041273117	0.0114835800882	-0.0147927142856	-0.00281904477926	-0.00868755223845	-0.0442533960509	-0.0338993027255
k__Bacteria;p__Bacteroidetes;c__Bacteroidia;o__Bacteroidales;f__Bacteroidaceae;g__Bacteroides;s__Bacteroides_plebeius	-0.0322000802607	0.00502187599292	0.0165963310163	-0.0037027046498	-0.0450153937972	-0.0133283336059	0.012661201649	-0.0309509644524	-0.0208878155777	-0.0055284725569	0.0107059248431	0.0484808716613	0.0396787397301	-0.013314176771	0.0311720217632	1.0	-0.0151715984221	-0.046504878723	0.0175760642379	0.0146748366296	0.0356032237964	0.0821027810884	0.0630487098453	0.00716966065009	-0.0196197031767	-0.0616549752623	0.0222673350554	0.00682659918198	-0.0262851960943	0.00353526617435	-0.0180967064091	-0.0132973075902	-0.00736649843858	0.00927610503284	-0.0489006303611	-0.0902980077107	0.0022065358827	-0.0362407639151	0.0543713194189	-0.0675475452842	-0.0045908891974	0.00277025230808	0.0367265720928	-0.0643527143964	-0.00688483951615	-0.0560383260095	-0.0391088239914	-0.0416497963993	0.00254119861578	-0.0208479950659	-0.030532625646	0.0857525396364	-0.0487669995036	0.0336942043362	0.0586124365214	-0.0104794949601	-0.0130493496762	-0.038022360349	-0.0423883198206
k__Bacteria;p__Bacteroidetes;c__Bacteroidia;o__Bacteroidales;f__Bacteroidaceae;g__Bacteroides;s__Bacteroides_fragilis	-0.0127718145958	0.041426425377	0.039887319007	-0.0675002407667	-0.0292433318746	-0.00962394184989	-0.00607098816035	-0.0275758864884	0.0271008119475	-0.087850576284	-0.0423800301364	0.0152253511552	-0.0583234614622	-0.0287143646714	0.00398743333438	-0.0151715984221	1.0	0.0316122635274	0.00024344392931	-0.0898021566307	-0.0503399891164	-0.0340505070074	-0.0211407922101	0.0181878547555	0.00149746280818	0.0200658328715	-0.0578928841771	0.00654863049173	-0.0226491438613	-0.0836537539798	0.000949398875753	0.0750960094383	-0.0154614824931	0.0133414173929	0.0207080586122	0.0173924803015	0.00738720036909	0.0203532523538	0.0204860489282	0.0304143581107	-0.0131984888038	-0.0400408349429	0.0337042949348	-0.0200612456514	0.023542873469	-0.00436237448981	-0.0349947147041	-0.024935912529	0.0366784071787	0.0147115588256	-0.0706137447389	-0.00752149522638	0.0168346356222	-0.013450901477	0.0110138489995	0.0039347165099	0.0153331634444	-0.0137739474065	-0.0535520512742
k__Bacteria;p__Proteobacteria;c__Betaproteobacteria;o__Burkholderiales;f__Sutterellaceae;g__Sutterella;s__Sutterella_wadsworthensis	-0.0266005415764	-0.0577463042251	-0.0393102486048	0.0101432883778	-0.0178409135552	0.0377814469533	0.0064897046428	-0.0284593335599	0.00947376364108	-0.00320656615583	0.00631922894557	0.0281219164849	0.0116470762866	0.0292339008235	-0.00869537524235	-0.046504878723	0.0316122635274	1.0	0.00350778272057	0.0170262704947	-0.0555179970723	-0.0204947260935	-0.0253014757347	0.000818279861791	-0.0305291614843	0.0606581704391	-0.0054778358384	-0.045806635743	0.0118833831541	0.0371036472082	-0.0725494002311	-0.00422958369188	0.0192014279543	-0.0566056095973	-0.0448957431013	0.0429207433587	-0.0217850272394	-0.0610408612969	-0.0255470544729	0.0701408179653	0.0174857407619	0.0035680528188	-0.0202327114885	0.0348662975751	-0.00550169104163	-0.0501732124226	0.0186074365845	-0.0484205372607	-0.000149040578975	0.0196151070043	0.0428982071287	0.0012865256285	-0.0209559254042	0.0192986990075	0.0121569166141	-0.0309857785726	0.0332135743825	-0.0334228803297	-0.0136369938581
k__Bacteria;p__Bacteroidetes;c__Bacteroidia;o__Bacteroidales;f__Porphyromonadaceae;g__Barnesiella;s__Barnesiella_intestinihominis	0.00171281927857	0.0158940458934	-0.0451278107234	-0.0163936401447	-0.0319839550733	0.00135273492817	0.023949197173	-0.00696898237707	-0.00479589768842	-0.00991816795301	0.0537581721137	-0.0155546114831	-0.0288079762379	-0.0712544616446	0.0262038009503	0.0175760642379	0.00024344392931	0.00350778272057	1.0	-0.00868185600921	0.0436303836937	0.00471661971831	-0.0171268233581	0.0679223647566	0.00624252800278	-0.0111503116137	-0.0215480722624	-0.0223521573812	-0.024490959953	-0.0237547737574	-0.0108285217244	-0.0212331728865	-0.0224982118301	0.0280735670515	0.00452302333318	0.00335069929801	0.0325257915671	0.000864902760598	-0.0803881628051	0.00740331762262	-0.0327510023241	0.010432866688	-0.0134733328538	-0.0480762166707	-0.0223778091161	-0.0234779661394	-0.0324975960318	-0.0473524392054	0.0342527226208	-0.0177099436551	0.00270903909088	0.061124109583	-0.0580580082833	0.011213416664	-0.0503141269929	0.016204594927	-0.0122385263877	-0.0185725053307	-0.0869237506521
k__Bacteria;p__Bacteroidetes;c__Bacteroidia;o__Bacteroidales;f__Odoribacteraceae;g__Odoribacter;s__Odoribacter_splanchnicus	-0.0400219594663	-0.023457631265	-0.0180966787037	-0.0195147992719	-0.00492131864277	-0.0478006020885	0.00179795173865	0.00136087208382	-0.044439751134	0.0247931320782	0.0223488169885	-0.0521922297119	0.0259151816229	-0.0132848849484	0.0290130960104	0.0146748366296	-0.0898021566307	0.0170262704947	-0.00868185600921	1.0	-0.00288702945171	-0.0101898238307	0.0265796156254	0.00706612010562	-0.00489699803202	-0.0407275690442	-0.0407501907054	-0.0254892921066	0.0628420259594	-0.0023272229702	-0.0433159622502	-0.0427714711533	-0.0411414949526	-0.0816536101096	0.000320886846383	-0.0494930585112	0.0151281746216	-0.0301699498871	0.0550640109567	-0.0382998079462	0.0241700164798	-0.0533538563912	-0.00996980952158	0.0417713790501	0.0185154289968	0.0636079884548	0.0450837285567	-0.0136054733268	0.0501325790077	-0.00629168838338	-0.0347487198827	-0.00451543121724	0.0175162469909	-0.0575557219971	-0.00920330000373	0.0279479713999	0.000983742303448	-0.0284368687793	0.0328716769403
k__Bacteria;p__Bacteroidetes;c__Bacteroidia;o__Bacteroidales;f__Bacteroidaceae;g__Bacteroides;s__Bacteroides_salyersiae	-0.0574590007415	0.0220291697656	0.00409544573403	-0.0455786653683	0.00703548245155	0.0393659582779	0.0195573548504	0.0153796350373	-0.000696106440021	0.0201132550354	-0.0226597685961	0.0384672856203	-0.0175947337143	-0.0516005390424	-0.0121465720226	0.0356032237964	-0.0503399891164	-0.0555179970723	0.0436303836937	-0.00288702945171	1.0	0.013791785803	0.0130303930814	-0.0223211051745	-0.0449050412329	-0.0184443050294	-0.0418178526484	-0.00443381060526	-0.0297411093956	-0.0177626949075	0.0543130275159	-0.00179082346214	-0.0514243035644	0.000221813469448	0.00484257539884	-0.00368243309647	0.014736215386	-0.0174459629991	-0.0093475445629	-0.0882992408674	-0.0317948011888	-0.0761357310793	0.0113771310279	0.00292114740058	-0.016061670022	0.0159312102618	0.00563848920711	0.0536822342365	-0.0256695336848	-0.034221428331	0.0415351288595	-0.0146609797157	-0.0442091129497	0.0203948821062	0.0277159997957	-0.0234245203754	0.0356523275725	-0.0339393113224	-0.0183384316654
k__Bacteria;p__Firmicutes;c__Clostridia;o__Clostridiales;f__Ruminococcaceae;g__Ruminiclostridium;s__[Eubacterium]_siraeum	-0.0600680683774	-0.0102273816294	-0.0211767141111	0.00341998393664	0.0015508420086	-0.0140481062625	-0.0363809274125	-0.0506744100116	-0.0713180304417	-0.0464521443013	0.00942445717938	-0.0337626170686	0.00239016499137	-0.0189931451472	0.0493754118043	0.0821027810884	-0.0340505070074	-0.0204947260935	0.00471661971831	-0.0101898238307	0.013791785803	1.0	0.0235433874697	0.0705369705557	-0.0595576882532	0.018517730227	-0.0222399152768	0.0244674078575	-0.00848853467159	0.0138362633935	-0.0221459021171	0.0419184467045	-0.0747547756521	0.00799710088105	-0.0364081238579	-0.00106905550499	0.011255344926	-0.0381388582364	0.021952731489	-0.0520471534368	0.0492622528887	-0.0379973588067	-0.0154444880779	-0.0415644100178	-0.0444875250769	-0.0617442367718	-0.0114636211523	0.0522468844421	-0.00506856205597	0.00573617054325	0.003762182509	0.077308358186	-0.0367791902131	-0.0110299823046	0.00877334218206	0.0163570802641	-0.00525095797287	0.030253047334	-0.0103284237949
k__Bacteria;p__Proteobacteria;c__Betaproteobacteria;o__Burkholderiales;f__Sutterellaceae;g__Parasutterella;s__Parasutterella_excrementihominis	0.00162917614663	0.00381631449177	0.00251296899899	0.0595581064688	0.0670325117101	0.0631246591941	-0.0407234543616	-0.0273110122003	0.00313227591313	-0.00281267053073	-0.0281096731311	0.00448480658327	0.0040938436706	-0.0153213758157	0.0129123582149	0.0630487098453	-0.0211407922101	-0.0253014757347	-0.0171268233581	0.0265796156254	0.0130303930814	0.0235433874697	1.0	-0.0280949050777	0.0214386908715	-0.0641522239273	-0.00867823817876	-0.0467159469881	-0.0257878754004	0.04246626302	0.0391919844103	0.0410740062716	-0.00690982263285	-0.0663836231657	-0.0918317870995	0.0202682804718	0.0296424509463	0.0344587780697	0.0128230998324	0.0108509674453	-0.0515293791272	-0.0584399589245	0.0406474476233	0.0209373689918	-0.0429557796658	-0.0402281406762	-0.0349331544233	-0.0293288657514	-0.0720209807182	-0.00636774833963	0.0396531197164	-0.0290573060418	-0.0335503318724	0.00185408657625	0.0107535844088	-0.021705991698	-0.0249144383619	0.0472690332579	0.0330508044076
k__Bacteria;p__Actinobacteria;c__Actinobacteria;o__Bifidobacteriales;f__Bifidobacteriaceae;g__Bifidobacterium;s__Bifidobacterium_adolescentis	0.00796607267263	0.0238748760221	-0.0228299448283	-0.0342137598739	-0.0304874199088	0.0486501423844	-0.0024743312858	-0.0450249337255	-0.0183241445926	-0.0440526123036	0.0124043105018	-0.00429645178497	0.0147529890548	-0.031481683857	-0.0238966775626	0.00716966065009	0.0181878547555	0.000818279861791	0.0679223647566	0.00706612010562	-0.0223211051745	0.0705369705557	-0.0280949050777	1.0	-0.0154127007901	0.00739122342668	-0.00698762162738	0.0651379905435	-0.0209510898297	-0.0189978181978	-0.0286817427692	-0.0253977357856	-0.0239478356971	-0.0593341796348	0.0589744879338	-0.00186724029959	0.0171963911344	-0.0588448137116	-0.0539573016555	0.0316282419302	-0.00644418912441	-0.0435258055742	0.00560840307156	-0.00184603620323	-0.0302570524464	-0.00985748061545	-0.00182323974671	0.0470357118177	-0.000909446840727	-0.0212314784934	-0.000810259176067	-0.0451039962585	0.0274474512999	0.0124255330527	-0.0544623115215	-0.0243438676816	-0.0255692094581	-0.0255854045454	0.0534151996679
k__Bacteria;p__Firmicutes;c__Clostridia;o__Clostridiales;f__Oscillospiraceae;g__Oscillibacter;s__Oscillibacter_sp._KLE_1745	-0.0105246430778	-0.0225168167487	0.0277503415709	-0.0482512551316	-0.00697266756697	0.00146498646977	-0.0233036826745	-0.00231738816674	-0.0744618550229	-0.0267921463877	-0.032905669293	0.0445475929536	-0.0217905930401	-0.0203200013828	0.0323790038088	-0.0196197031767	0.00149746280818	-0.0305291614843	0.00624252800278	-0.00489699803202	-0.0449050412329	-0.0595576882532	0.0214386908715	-0.0154127007901	1.0	0.0230708545255	-0.00199457637405	0.0262745378556	-0.00605800966115	-0.069055085232	0.00934350154311	-0.0115510492165	0.0195757831453	0.0122561210713	0.017218585092	-0.00346731474632	0.0677125341683	-0.0511324803436	0.0367678882458	-0.0044711896285	-0.0402508089952	-0.019826396102	0.00655883781263	0.00961039416311	-0.0236334971338	0.00477043260419	-0.018238932023	0.0138586938637	-0.00890472409115	-0.047766432627	0.0119571749179	0.0288397168887	-0.0250367846878	0.00275641313453	-0.040222272674	0.0734618951457	-0.003809611024	0.0547144532366	0.0185399444497
k__Bacteria;p__Bacteroidetes;c__Bacteroidia;o__Bacteroidales;f__Bacteroidaceae;g__Bacteroides;s__Bacteroides_coprophilus	-0.0446440992332	0.0301694704932	-0.0332593904048	0.0223243319409	-0.0263145484402	-0.0121701428315	-0.0320047265314	0.00259479170574	0.0348998139747	-0.0256533971759	0.0105703441402	0.0060941375129	-0.0179959103633	-0.0368064618152	0.00644957217626	-0.0616549752623	0.0200658328715	0.0606581704391	-0.0111503116137	-0.0407275690442	-0.0184443050294	0.018517730227	-0.0641522239273	0.00739122342668	0.0230708545255	1.0	0.0504152324094	-0.0320042871789	0.0370271114257	-0.0253796227599	0.0059171744418	0.0249094857918	-0.0212269810958	0.0530888975403	-0.0407101079491	0.0187790256462	0.0175674451082	-0.0553059914045	-0.0270605740119	0.0178102841143	0.00705391297871	0.0193394857377	0.0158670210988	-0.0010031122566	0.0114567237083	0.0698473877468	-0.0011607721624	-0.0217614389432	-0.0193179969291	-0.0576323903347	-0.00870612143204	-0.031809306204	-0.073501286443	-0.0150543853017	-0.0233638718644	-0.0148598558733	-0.0366521998393	0.041172679171	-0.0356499033365
k__Bacteria;p__Firmicutes;c__Clostridia;o__Clostridiales;f__Lachnospiraceae;g__Roseburia;s__Roseburia_intestinalis	-0.0172267884383	-0.0327621899411	0.013715685104	0.0592673284501	-0.00600687814042	-0.0325168669918	-0.0154577226444	0.00695315664933	-0.0652983354857	0.0090069700258	0.0391010250543	-0.0196675583932	0.024499798803	0.0293611932357	-0.0032050550634	0.0222673350554	-0.0578928841771	-0.0054778358384	-0.0215480722624	-0.0407501907054	-0.0418178526484	-0.0222399152768	-0.00867823817876	-0.00698762162738	-0.00199457637405	0.0504152324094	1.0	-0.0739769260717	-0.072403047053	-0.00320146132246	0.0354838068999	-0.0288821936939	-0.008286336331	-0.0718079871925	0.0390758507886	-0.0844185417684	0.0333291747112	0.0482559698176	-0.0683386630037	-0.00193300433622	-0.0173359596449	0.00767351813897	-0.0307669245487	0.0644304638045	-0.0248266511874	-0.0461316555602	0.0138825588874	0.0165756473853	-0.0461074317962	0.0117016511545	-0.00673027075399	-0.0296048178378	0.016598324099	-0.0524594935022	0.00727136623345	0.0689690610438	-0.0226794411348	-0.00644567444344	-0.0102639346135
k__Bacteria;p__Firmicutes;c__Clostridia;o__Clostridiales;f__Lachnospiraceae;g__Roseburia;s__Roseburia_hominis	-0.00285593400454	0.0317947626784	-0.0182684577138	0.0344425434149	-0.0119748945196	-0.023820208438	0.0159329887227	-0.0267896691273	0.00712457608068	-0.0193416427441	-0.0131710948796	-0.066509341601	-0.0126610659246	0.038172057354	-0.0262995546254	0.00682659918198	0.00654863049173	-0.045806635743	-0.0223521573812	-0.0254892921066	-0.00443381060526	0.0244674078575	-0.0467159469881	0.0651379905435	0.0262745378556	-0.0320042871789	-0.0739769260717	1.0	-0.0589741454666	-0.00505172426873	0.0391180135521	-0.00736326072391	0.00261465618552	0.0168179316415	-0.0224791179496	0.0322833452696	-0.0343853660939	0.0213063927473	-0.00653533912618	0.00931908807672	-0.0426697018296	-0.0563792944131	0.0310319426116	0.0139860040611	0.00632932820946	-0.0328674591077	0.019146018415	0.0103122594642	-0.0112226688883	0.0338670019161	-0.00121318390243	-0.0217986127458	1.31791310724e-05	-0.0366524796497	-0.0133353896502	-0.0458350264706	-0.0220080204649	0.00685724059808	0.0460814199612
k__Bacteria;p__Bacteroidetes;c__Bacteroidia;o__Bacteroidales;f__Porphyromonadaceae;g__Parabacteroides;s__Parabacteroides_johnsonii	-0.0358853606319	-0.0181037863354	-0.0322738404611	-0.0209209203105	-0.0416182838958	-0.0661410460794	-0.0741837349745	-0.041923020797	0.0537470144546	0.0249860702248	0.0293826894043	0.0131034134936	-0.00946399108279	0.0261280139969	0.020097999868	-0.0262851960943	-0.0226491438613	0.0118833831541	-0.024490959953	0.0628420259594	-0.0297411093956	-0.00848853467159	-0.0257878754004	-0.0209510898297	-0.00605800966115	0.0370271114257	-0.072403047053	-0.0589741454666	1.0	0.0302338737718	-0.0132890492549	-0.0242044928764	0.0166188951403	0.0108106323354	-0.0260505237422	0.0666978041029	-0.00594052898742	-0.00325673223265	0.00247567633898	-0.00198343947404	-0.00257509581466	0.0120913455011	0.00654252751824	-0.0519312462745	-0.00356553510767	0.0431719926114	0.0142608514061	-0.0268995236119	-0.00456041238728	0.00782364136057	-0.0141789434446	-0.00370723002602	0.024875264858	-0.0071849176669	-0.00510229796797	-0.0393288407718	-0.0238422197489	-0.0394896159742	-0.0334593503168
k__Bacteria;p__Actinobacteria;c__Actinobacteria;o__Bifidobacteriales;f__Bifidobacteriaceae;g__Bifidobacterium;s__Bifidobacterium_longum	-0.0110035136578	-0.0720566619764	-0.0025885622296	0.0315406675803	0.0471668791211	-0.0417675950059	0.0342131620469	0.0768848147189	0.0418319362433	-0.0116109495047	0.00461117110004	0.022135466779	0.019287392574	0.0326642518353	0.00083510870718	0.00353526617435	-0.0836537539798	0.0371036472082	-0.0237547737574	-0.0023272229702	-0.0177626949075	0.0138362633935	0.04246626302	-0.0189978181978	-0.069055085232	-0.0253796227599	-0.00320146132246	-0.00505172426873	0.0302338737718	1.0	-0.0147499051867	0.00211354348488	0.00995861716592	-0.033870640797	0.00459927081325	-0.019847898937	-0.0593813852785	0.0372614494607	-0.0262990440199	-0.00541532354825	0.00995308642006	-0.00731581308399	-0.057051121608	0.00500541009882	-0.0216452464687	-0.0283653902155	-0.0330369882525	-0.0134410922247	0.0262989490128	0.0300176264205	-0.0325411037244	-0.0506289472706	0.0809170401711	-0.0370662848687	-0.000744452066872	-0.0293065177562	-0.0682633149843	-0.00560831620004	-0.0211071714896
