#taxonomy	k__Bacteria;p__Bacteroidetes;c__Bacteroidia;o__Bacteroidales;f__Bacteroidaceae;g__Bacteroides;s__Bacteroides_vulgatus	k__Bacteria;p__Bacteroidetes;c__Bacteroidia;o__Bacteroidales;f__Bacteroidaceae;g__Bacteroides;s__Bacteroides_uniformis	k__Bacteria;p__Bacteroidetes;c__Bacteroidia;o__Bacteroidales;f__Rikenellaceae;g__Alistipes;s__Alistipes_putredinis	k__Bacteria;p__Bacteroidetes;c__Bacteroidia;o__Bacteroidales;f__Prevotellaceae;g__Prevotella;s__Prevotella_copri	k__Bacteria;p__Bacteroidetes;c__Bacteroidia;o__Bacteroidales;f__Bacteroidaceae;g__Bacteroides;s__Bacteroides_stercoris	k__Bacteria;p__Bacteroidetes;c__Bacteroidia;o__Bacteroidales;f__Bacteroidaceae;g__Bacteroides;s__Bacteroides_ovatus	k__Bacteria;p__Bacteroidetes;c__Bacteroidia;o__Bacteroidales;f__Rikenellaceae;g__Alistipes;s__Alistipes_shahii	k__Bacteria;p__Firmicutes;c__Clostridia;o__Clostridiales;f__Ruminococcaceae;g__Faecalibacterium;s__Faecalibacterium_prausnitzii	k__Bacteria;p__Bacteroidetes;c__Bacteroidia;o__Bacteroidales;f__Rikenellaceae;g__Alistipes;s__Alistipes_finegoldii	k__Bacteria;p__Bacteroidetes;c__Bacteroidia;o__Bacteroidales;f__Porphyromonadaceae;g__Parabacteroides;s__Parabacteroides_distasonis	k__Bacteria;p__Bacteroidetes;c__Bacteroidia;o__Bacteroidales;f__Bacteroidaceae;g__Bacteroides;s__Bacteroides_thetaiotaomicron	k__Bacteria;p__Bacteroidetes;c__Bacteroidia;o__Bacteroidales;f__Bacteroidaceae;g__Bacteroides;s__Bacteroides_coprocola	k__Bacteria;p__Bacteroidetes;c__Bacteroidia;o__Bacteroidales;f__Bacteroidaceae;g__Bacteroides;s__Bacteroides_cellulosilyticus	k__Bacteria;p__Bacteroidetes;c__Bacteroidia;o__Bacteroidales;f__Rikenellaceae;g__Alistipes;s__Alistipes_obesi	k__Bacteria;p__Firmicutes;c__Clostridia;o__Clostridiales;f__Lachnospiraceae;g__;s__[Eubacterium]_rectale	k__Bacteria;p__Bacteroidetes;c__Bacteroidia;o__Bacteroidales;f__Bacteroidaceae;g__Bacteroides;s__Bacteroides_plebeius	k__Bacteria;p__Bacteroidetes;c__Bacteroidia;o__Bacteroidales;f__Bacteroidaceae;g__Bacteroides;s__Bacteroides_fragilis	k__Bacteria;p__Proteobacteria;c__Betaproteobacteria;o__Burkholderiales;f__Sutterellaceae;g__Sutterella;s__Sutterella_wadsworthensis	k__Bacteria;p__Bacteroidetes;c__Bacteroidia;o__Bacteroidales;f__Porphyromonadaceae;g__Barnesiella;s__Barnesiella_intestinihominis	k__Bacteria;p__Bacteroidetes;c__Bacteroidia;o__Bacteroidales;f__Odoribacteraceae;g__Odoribacter;s__Odoribacter_splanchnicus	k__Bacteria;p__Bacteroidetes;c__Bacteroidia;o__Bacteroidales;f__Bacteroidaceae;g__Bacteroides;s__Bacteroides_salyersiae	k__Bacteria;p__Firmicutes;c__Clostridia;o__Clostridiales;f__Ruminococcaceae;g__Ruminiclostridium;s__[Eubacterium]_siraeum	k__Bacteria;p__Proteobacteria;c__Betaproteobacteria;o__Burkholderiales;f__Sutterellaceae;g__Parasutterella;s__Parasutterella_excrementihominis	k__Bacteria;p__Actinobacteria;c__Actinobacteria;o__Bifidobacteriales;f__Bifidobacteriaceae;g__Bifidobacterium;s__Bifidobacterium_adolescentis	k__Bacteria;p__Firmicutes;c__Clostridia;o__Clostridiales;f__Oscillospiraceae;g__Oscillibacter;s__Oscillibacter_sp._KLE_1745	k__Bacteria;p__Bacteroidetes;c__Bacteroidia;o__Bacteroidales;f__Bacteroidaceae;g__Bacteroides;s__Bacteroides_coprophilus	k__Bacteria;p__Firmicutes;c__Clostridia;o__Clostridiales;f__Lachnospiraceae;g__Roseburia;s__Roseburia_intestinalis	k__Bacteria;p__Firmicutes;c__Clostridia;o__Clostridiales;f__Lachnospiraceae;g__Roseburia;s__Roseburia_hominis	k__Bacteria;p__Bacteroidetes;c__Bacteroidia;o__Bacteroidales;f__Porphyromonadaceae;g__Parabacteroides;s__Parabacteroides_johnsonii	k__Bacteria;p__Actinobacteria;c__Actinobacteria;o__Bifidobacteriales;f__Bifidobacteriaceae;g__Bifidobacterium;s__Bifidobacterium_longum	k__Bacteria;p__Firmicutes;c__Clostridia;o__Clostridiales;f__;g__Flavonifractor;s__Flavonifractor_plautii	k__Bacteria;p__Firmicutes;c__Clostridia;o__Clostridiales;f__Clostridiaceae;g__Clostridium;s__Clostridium_phoceensis	k__Bacteria;p__Verrucomicrobia;c__Verrucomicrobiae;o__Verrucomicrobiales;f__Akkermansiaceae;g__Akkermansia;s__Akkermansia_muciniphila	k__Bacteria;p__Bacteroidetes;c__Bacteroidia;o__Bacteroidales;f__Prevotellaceae;g__Paraprevotella;s__Paraprevotella_xylaniphila	k__Bacteria;p__Firmicutes;c__Clostridia;o__Clostridiales;f__Ruminococcaceae;g__Ruminococcus;s__Ruminococcus_callidus	k__Bacteria;p__Bacteroidetes;c__Bacteroidia;o__Bacteroidales;f__Rikenellaceae;g__Alistipes;s__Alistipes_senegalensis	k__Bacteria;p__Firmicutes;c__Clostridia;o__Clostridiales;f__Lachnospiraceae;g__Blautia;s__Blautia_sp._KLE_1732	k__Bacteria;p__Bacteroidetes;c__Bacteroidia;o__Bacteroidales;f__Bacteroidaceae;g__Bacteroides;s__Bacteroides_oleiciplenus	k__Bacteria;p__Firmicutes;c__Clostridia;o__Clostridiales;f__Ruminococcaceae;g__Ruminococcus;s__Ruminococcus_bicirculans	k__Bacteria;p__Bacteroidetes;c__Bacteroidia;o__Bacteroidales;f__Bacteroidaceae;g__Bacteroides;s__Bacteroides_fluxus	k__Bacteria;p__Bacteroidetes;c__Bacteroidia;o__Bacteroidales;f__Prevotellaceae;g__Prevotella;s__Prevotella_stercorea	k__Bacteria;p__Firmicutes;c__Clostridia;o__Clostridiales;f__Lachnospiraceae;g__Dorea;s__Dorea_longicatena	k__Bacteria;p__Firmicutes;c__Clostridia;o__Clostridiales;f__Eubacteriaceae;g__Eubacterium;s__[Eubacterium]_eligens	k__Bacteria;p__Firmicutes;c__Clostridia;o__Clostridiales;f__Ruminococcaceae;g__;s__Ruminococcaceae_bacterium_D16	k__Bacteria;p__Firmicutes;c__Clostridia;o__Clostridiales;f__Lachnospiraceae;g__Coprococcus;s__Coprococcus_comes	k__Bacteria;p__Proteobacteria;c__Gammaproteobacteria;o__Enterobacterales;f__Enterobacteriaceae;g__Escherichia;s__Escherichia_coli	k__Bacteria;p__Firmicutes;c__Clostridia;o__Clostridiales;f__Ruminococcaceae;g__Anaerotruncus;s__Anaerotruncus_colihominis	k__Bacteria;p__Firmicutes;c__Clostridia;o__Clostridiales;f__Lachnospiraceae;g__Blautia;s__Blautia_obeum	k__Bacteria;p__Bacteroidetes;c__Bacteroidia;o__Bacteroidales;f__Odoribacteraceae;g__Odoribacter;s__Odoribacter_laneus	k__Bacteria;p__Firmicutes;c__Clostridia;o__Clostridiales;f__Ruminococcaceae;g__Ruminiclostridium;s__[Clostridium]_leptum	k__Bacteria;p__Bacteroidetes;c__Bacteroidia;o__Bacteroidales;f__Porphyromonadaceae;g__Parabacteroides;s__Parabacteroides_goldsteinii	k__Bacteria;p__Firmicutes;c__Clostridia;o__Clostridiales;f__Lachnospiraceae;g__Anaerostipes;s__Anaerostipes_hadrus	k__Bacteria;p__Firmicutes;c__Clostridia;o__Clostridiales;f__Ruminococcaceae;g__Ruminococcus;s__Ruminococcus_lactaris	k__Bacteria;p__Firmicutes;c__Clostridia;o__Clostridiales;f__Clostridiaceae;g__Clostridium;s__Clostridium_sp._L2-50	k__Bacteria;p__Firmicutes;c__Clostridia;o__Clostridiales;f__Clostridiaceae;g__Clostridium;s__Clostridium_sp._M62/1	k__Bacteria;p__Firmicutes;c__Clostridia;o__Clostridiales;f__;g__Intestinimonas;s__Intestinimonas_butyriciproducens	k__Bacteria;p__Actinobacteria;c__Actinobacteria;o__Bifidobacteriales;f__Bifidobacteriaceae;g__Bifidobacterium;s__Bifidobacterium_bifidum	k__Bacteria;p__Firmicutes;c__Negativicutes;o__Veillonellales;f__Veillonellaceae;g__Dialister;s__Dialister_invisus	k__Bacteria;p__Bacteroidetes;c__Bacteroidia;o__Bacteroidales;f__Bacteroidaceae;g__Bacteroides;s__Bacteroides_salanitronis
k__Bacteria;p__Bacteroidetes;c__Bacteroidia;o__Bacteroidales;f__Bacteroidaceae;g__Bacteroides;s__Bacteroides_vulgatus	1.0	0.0233426572654	-0.00575498226439	0.0458467991303	0.0118667214019	0.0655052720794	-0.00807219234481	0.016480370188	0.0292555656514	0.00654482409999	-0.0363488516358	-0.0488747175726	0.0161519148927	-0.0347249209188	-0.0298532622977	-0.00610071965911	0.0108901105103	-0.0382133594905	0.00975923462375	0.0286675308329	-0.01421962637	0.0137351210069	-0.0183146245871	0.0587010332236	0.000559964270287	0.0023324885809	-0.0491110225743	0.00147281655313	0.0658434962862	0.0307321048687	-0.0642846383931	-0.0204135341329	-0.0081009777809	-0.0618400380958	-0.045577991271	-0.0673385931978	-0.0120947728392	-0.0318768404174	-0.0188068790305	-0.0210117291517	0.0224555368263	-0.00320619844991	-0.00990215941978	0.00682179217287	-0.0057631518029	0.0357670405743	0.022747952575	0.019435656332	-0.0353066394925	-0.0106705080104	-0.0220395557678	-0.0305474239579	0.0307609096686	-0.00522838440637	0.0325964302648	-0.0458150748075	-0.0219542342418	-0.0301671713723	-0.0365618345281
k__Bacteria;p__Bacteroidetes;c__Bacteroidia;o__Bacteroidales;f__Bacteroidaceae;g__Bacteroides;s__Bacteroides_uniformis	0.0233426572654	1.0	0.00170254056603	-0.0114202110456	-0.00851708126486	-0.0462709368675	-0.0179460547229	-0.0305043704094	0.0267517724945	0.0116455538399	0.031201663414	0.00838596214542	0.0221150140053	0.0349368524895	-0.0500623148771	-0.0324347009319	-0.0025334653066	0.0359621336486	-0.0222332978279	0.00161540823743	-0.0189015229238	-0.055318281542	-0.0165503837936	-0.020459233713	-0.0500607312687	-0.0123378477689	-0.0172517339459	-0.00967256406201	-0.0382641331179	-0.0146116070151	-0.0469187541104	0.0196646173293	0.0180413225238	-0.0235142222933	0.0143937965354	0.0661461238006	0.0112574058739	-0.0164755067905	0.0158629794446	0.0517530978695	-0.0679388179581	0.00496148976099	0.0502693776794	-0.0180885717836	0.0862871678737	-0.0769137722489	0.00451714260973	0.0289292100043	0.0223687060851	0.0805695685579	-0.00735249111867	-0.0124195157252	0.00775843086431	-0.0248130281441	-0.00417916329856	-0.0059530470324	-0.0631465324449	-0.0257891851338	-0.0228104757445
k__Bacteria;p__Bacteroidetes;c__Bacteroidia;o__Bacteroidales;f__Rikenellaceae;g__Alistipes;s__Alistipes_putredinis	-0.00575498226439	0.00170254056603	1.0	0.0264299845722	0.0399249406038	0.00197966673707	0.00444227442311	0.0643994829767	-0.0231311736195	-0.0314316423103	0.0195910675699	-0.0216334593368	0.0439936141155	-0.0230529152721	-0.00250200109626	-0.00718372402954	0.00590626175366	-0.00600366211842	0.0235682819516	-0.0313807690981	-0.0203038118287	0.0175498370267	-0.000523665481172	0.00978704727252	0.0472393510421	0.0445343446547	-0.0671526361532	-0.0541443240042	0.0246060506246	-0.00975724430382	-0.0140456409263	0.0405004868872	-0.051649076618	-0.00371655717605	-0.00141971906262	0.0507112361812	-0.0327221959663	-0.0880473755475	0.00985840937923	-0.0564850591872	0.0188301706366	-0.0404255329033	-0.00457235654809	-0.0318345667559	-0.00738001965256	0.0465876460908	-0.0183013591643	0.0517534961194	-0.0522559329803	0.0101896119175	-0.0127781830638	-0.0175357288361	0.0115142153852	-0.0361538957231	-0.0500943046864	-0.0173656068162	-0.0339341939459	-0.0543971406775	0.0165739034466
k__Bacteria;p__Bacteroidetes;c__Bacteroidia;o__Bacteroidales;f__Prevotellaceae;g__Prevotella;s__Prevotella_copri	0.0458467991303	-0.0114202110456	0.0264299845722	1.0	0.000109981298236	-0.0267064282878	-0.0278838577801	-0.0477193148148	0.0381824682994	-0.00704449111059	-0.0501123101371	-0.0156661327685	-0.019446474079	0.00651200581704	-0.065602164587	0.0120680268326	-0.105199095222	-0.0684379410378	-0.00579691795814	-0.0266034084416	-0.0163884459807	0.020836935049	-0.0191094839115	-0.0278593074384	-0.0308854600296	-0.0218520062592	0.0074227972513	-0.00220232447855	-0.00030025058084	-0.0529907377195	-0.00897984239684	0.0129792558018	-0.00498551598559	0.0501294977996	-0.020541171509	-0.022859187659	0.0323193864342	-0.0211195569824	0.0141285122191	-0.00408583566811	0.0202340035872	-0.00297817667079	-0.0134447464785	-0.0443014083629	0.00254139605093	0.0551363140052	-0.00137654826934	0.0291428290434	-0.0441372539745	-0.0352655914268	-0.0426821273919	0.0184341830161	0.0448990075212	0.00755585986019	0.0534065205321	-0.00134858789755	-0.0237469221868	-0.0318785349615	-0.0488360217225
k__Bacteria;p__Bacteroidetes;c__Bacteroidia;o__Bacteroidales;f__Bacteroidaceae;g__Bacteroides;s__Bacteroides_stercoris	0.0118667214019	-0.00851708126486	0.0399249406038	0.000109981298236	1.0	-0.0290012188477	-0.0722594509759	-0.0707665355355	-0.0276917273421	0.0684678640914	-0.000340421210002	-0.0168213028247	-0.0125205858211	-0.0247165389835	0.0223049259233	0.00817939128892	0.00942748353872	-0.0992589929167	0.0329444583031	-0.0164627444007	-0.0615084681523	0.0233805298943	0.0358632549522	-0.0154568953786	0.024435450357	-0.0349788070737	-0.0359177109103	0.0534075081097	0.0121196951151	-0.0392892473978	-0.00631384380931	0.0016245050523	-0.0396731821725	0.0201887966263	0.0672223430901	-0.0281509160104	-0.0489567843876	0.0106759596895	0.0468817455388	-0.0798552276635	0.000423396757147	0.0146952109205	0.0243519328871	0.0229615418743	-0.0403071089107	-0.0408927140651	-0.00776010121693	0.0328821151417	0.0267506819874	0.0173162313162	0.0124862753102	-0.00780956914615	-0.0404947702506	0.0189223162405	0.0211138623482	-0.0232002208096	-0.0378393797837	-0.0307018263128	-0.0519140066692
k__Bacteria;p__Bacteroidetes;c__Bacteroidia;o__Bacteroidales;f__Bacteroidaceae;g__Bacteroides;s__Bacteroides_ovatus	0.0655052720794	-0.0462709368675	0.00197966673707	-0.0267064282878	-0.0290012188477	1.0	-0.00561697579972	0.0314976997323	0.0134270815835	0.0288917344247	0.00967353241677	0.0129997221605	-0.055352381873	0.00390793576738	0.0398799607452	0.00867872892594	-0.036461632403	-0.0299861712196	0.0150253133146	-0.0869801868521	-0.042158366985	0.0622312225172	-0.0279448759615	0.013843872307	0.00361668755425	0.0554585777145	0.0209054028884	-0.0421135475152	0.0138326001452	-0.0356323395679	-0.0294041229555	-0.0512431048233	-0.026733451956	-0.0227267572759	-0.0232232334126	-0.00149113341211	-0.0055744077744	-0.0201483877111	0.0251755812217	0.0415777316717	-0.0225551254131	0.0376186321258	-0.0321598476702	0.0285662942155	-0.0356050406587	-0.0356531558804	0.0146492400968	0.0115555575593	-0.0610094234614	0.00716732801705	-0.0472422370068	-0.0180506674516	-0.000141805040457	-0.0438956264976	-0.0510423584743	-0.00517702782537	0.0250211149091	-0.0356272874957	0.0274522460091
k__Bacteria;p__Bacteroidetes;c__Bacteroidia;o__Bacteroidales;f__Rikenellaceae;g__Alistipes;s__Alistipes_shahii	-0.00807219234481	-0.0179460547229	0.00444227442311	-0.0278838577801	-0.0722594509759	-0.00561697579972	1.0	0.000912315772291	0.0307872591213	-0.0296697527458	-0.0552732969944	0.0112284712477	-0.0213824889155	0.0101606043158	-0.047064878683	-0.00446536362192	-0.00737957380896	0.0134737126995	-0.101238611966	-0.0314440905135	-0.00914724805177	0.0290792434434	0.0115533816817	-0.0212538369501	-0.0165922004484	-0.0064477143346	0.029831266867	0.0230648572904	0.0517390874318	-0.0335984400242	-0.0517259506608	-0.025864326768	-0.0326615948186	0.0383602172713	0.0691370956406	-0.0538714524098	-0.0237871095147	0.038149258221	0.0290661364639	-0.0209638869724	0.0233519287335	0.00582126962722	0.0404961984889	-0.0268391608593	0.00615063216398	0.00392614876466	0.0116234941864	0.0032051784262	-0.00924076085167	-0.0305560560543	-0.0179678366951	0.0584624648855	-0.0457355839881	-0.0015562833118	0.0234036745759	0.017165325661	-0.0138300575889	-0.00220957162582	0.0659721650191
k__Bacteria;p__Firmicutes;c__Clostridia;o__Clostridiales;f__Ruminococcaceae;g__Faecalibacterium;s__Faecalibacterium_prausnitzii	0.016480370188	-0.0305043704094	0.0643994829767	-0.0477193148148	-0.0707665355355	0.0314976997323	0.000912315772291	1.0	-0.0424644738278	0.0249403787981	0.000275378069132	-0.0614471186007	-0.000551527300188	-0.0543133431149	-0.0490404595831	0.000516405560314	-0.107714311893	-0.0120171713795	0.0347215728419	0.0495977736099	-0.0230207126777	0.0500568135835	0.0230895255449	-0.0410821529425	-0.0250442328445	-0.0215481688128	-0.0045604213735	-0.0376749535089	-0.0156934774297	-0.0398042635229	0.0184165806018	-0.0573142116866	0.00337701451126	0.0327148045341	0.00334626463838	0.0145069585275	-0.00231957944144	-0.0249620449572	-0.0400819284424	-0.0237039205209	0.0119714136615	-0.0303597696662	0.0629434445348	0.0231989043801	0.00752692326334	-0.0174192802672	-0.0479931220979	0.0188067432596	0.00460711148379	0.00573546613278	0.00185653716385	-0.000933829510366	-0.0123033603054	0.00110405600678	0.00947402867106	0.000178218354534	0.0269346853277	-0.0195833678572	0.0368780962985
k__Bacteria;p__Bacteroidetes;c__Bacteroidia;o__Bacteroidales;f__Rikenellaceae;g__Alistipes;s__Alistipes_finegoldii	0.0292555656514	0.0267517724945	-0.0231311736195	0.0381824682994	-0.0276917273421	0.0134270815835	0.0307872591213	-0.0424644738278	1.0	-0.0491397366613	-0.002311920897	-0.0399018265107	-0.0432790537272	0.0507635123929	-0.0251195630388	0.0218969262453	0.0285826076402	-0.0193306096684	0.00745889993792	-0.0502072243915	-0.0536357786243	-0.0322291708345	-0.0240005767148	0.0193953137699	-0.0236650261886	-0.0187290598168	-0.0021940496561	-0.0258373323439	-0.00137571176146	0.0268542606403	-0.0292109634786	-0.0197007701278	-0.0230113367225	0.0147846667303	-0.0224082137207	-0.0873308827868	-0.0390725029154	-0.0444795001443	-0.059074674988	0.036303701823	-0.00566213079819	-0.0114436393915	-0.0729589718805	0.0123541416531	-0.0250991568269	0.0150840103303	0.0949606806607	-0.0243786806101	-0.00435141361912	-0.0391772099438	0.00336642335374	0.0161336157486	0.00773733485837	0.022128247935	-0.0368494699135	-0.0092885790633	-0.0266733848438	-0.0266946111951	-0.00735841357916
k__Bacteria;p__Bacteroidetes;c__Bacteroidia;o__Bacteroidales;f__Porphyromonadaceae;g__Parabacteroides;s__Parabacteroides_distasonis	0.00654482409999	0.0116455538399	-0.0314316423103	-0.00704449111059	0.0684678640914	0.0288917344247	-0.0296697527458	0.0249403787981	-0.0491397366613	1.0	-0.0137556102959	0.00486056947258	-0.00757251712617	-0.0278780351393	-0.03962261593	-0.0252600737841	-0.0404175533403	-0.000233661156771	-0.0314378197318	-0.0353196813766	0.00422979215561	0.000769367663769	-0.0309661054396	-0.0433516813642	0.0354603666643	0.0414743613021	-0.0103628982057	0.0866585479374	-0.0191053262825	-0.0122342903555	-0.00775407798731	0.0596919595053	-0.019856170774	-0.0359947354873	-0.0222394578133	0.00887971554968	0.0694778523552	-0.0201914730767	0.0416026400179	-0.0266943661961	0.00160958623739	-0.0431443764402	0.0147391251955	0.00330252140344	0.000177937639109	-0.0078376114015	-0.0268535585329	-0.0318767866867	-0.00887218196874	-0.0233619340008	0.0184052850426	-0.0198751241693	-0.0556127283947	-0.0591283542676	-0.0467884017748	0.0235901994282	0.0252255320564	-0.0516875921941	0.0225357665455
k__Bacteria;p__Bacteroidetes;c__Bacteroidia;o__Bacteroidales;f__Bacteroidaceae;g__Bacteroides;s__Bacteroides_thetaiotaomicron	-0.0363488516358	0.031201663414	0.0195910675699	-0.0501123101371	-0.000340421210002	0.00967353241677	-0.0552732969944	0.000275378069132	-0.002311920897	-0.0137556102959	1.0	-0.0146321478954	-0.0578335944937	-0.0400469212657	-0.0366551501975	-0.0259424816684	-0.0388502326989	0.000825504744243	-0.0418133748653	0.0390001459113	0.0206723656585	0.0011777661295	-0.0142851175397	-0.0181782241841	0.00849139349775	0.0703863722173	0.0063652992444	0.00603503054752	0.00732610521272	-0.0441923452358	-0.0584535090091	-0.0270012355617	0.00500738052455	-0.00775397219906	-0.0228473815013	-0.00614316484473	0.0297329146736	-0.0641003914681	0.0505032106258	-0.0315353325944	0.0266066679341	-0.0289111141572	-0.00352016654448	-0.0320047459388	-0.0285035432153	-0.00181004277683	-0.00282812511644	-0.000285085763128	-0.0340115728883	-0.027539151628	0.00430675771358	-0.012540622342	-0.0329785587469	0.0646450116292	-0.0265934877685	-0.0502183153948	0.0233182545686	-0.0168477219258	0.0122978133611
k__Bacteria;p__Bacteroidetes;c__Bacteroidia;o__Bacteroidales;f__Bacteroidaceae;g__Bacteroides;s__Bacteroides_coprocola	-0.0488747175726	0.00838596214542	-0.0216334593368	-0.0156661327685	-0.0168213028247	0.0129997221605	0.0112284712477	-0.0614471186007	-0.0399018265107	0.00486056947258	-0.0146321478954	1.0	0.00668915005807	-0.00440284476719	-0.0332193592246	0.0310800305623	-0.0021515611994	0.000991704407667	0.0335192560786	-0.0617446696894	-0.0493445570974	0.000135795940657	0.00683872951944	-0.00765137532753	0.00938641880816	-0.0100468765108	-0.039571470681	0.0814810329342	-0.0174630604112	-0.000193433554065	-0.0425500733996	-0.028653933169	-0.0180325004218	-0.00314851297143	-0.0491181228231	-0.00750035209619	0.0197057458665	0.00794954911254	-0.0172476546639	-0.0205783407389	-0.0131151083813	-0.013271142397	0.013981254216	-0.0281182815055	0.00237606257469	0.00176483269452	-0.0203764378508	0.0157603062117	0.0325483114227	-0.0673200622923	-0.0440953099166	0.000440750017612	-0.00891939466741	-0.0388254398108	0.0334861643353	0.000920898803179	-0.0328915938673	0.014750380787	0.00803169601336
k__Bacteria;p__Bacteroidetes;c__Bacteroidia;o__Bacteroidales;f__Bacteroidaceae;g__Bacteroides;s__Bacteroides_cellulosilyticus	0.0161519148927	0.0221150140053	0.0439936141155	-0.019446474079	-0.0125205858211	-0.055352381873	-0.0213824889155	-0.000551527300188	-0.0432790537272	-0.00757251712617	-0.0578335944937	0.00668915005807	1.0	0.0322011651153	0.0360553647125	-0.0190834337874	0.00126649776688	-0.023700794785	-0.0496129662808	-0.0141192330558	-0.0218797859941	-0.0251929784529	0.0396239723274	-0.0529393453256	-0.0240530227225	-0.0445209514469	0.0190938290403	0.00614733790803	0.0297748852021	-0.0388466441334	-0.0192988767764	-0.00629025633744	-0.0268839253623	9.99838748808e-05	0.0183311856405	-0.019102434822	-0.0574535335558	0.0337126707356	-0.0547423340133	-0.0708891509712	-0.042169456756	-0.000241950835526	0.00896154991453	0.0233842216988	-0.0366747921214	-0.032853320677	-0.022666722594	0.0502927289813	-0.00775221065985	0.0136894032425	0.0263357484597	-0.0258164819528	0.0229751478114	0.00877919620308	0.00851950182751	-0.0317216109326	-0.00877902299904	-0.0275233533191	0.01713019867
k__Bacteria;p__Bacteroidetes;c__Bacteroidia;o__Bacteroidales;f__Rikenellaceae;g__Alistipes;s__Alistipes_obesi	-0.0347249209188	0.0349368524895	-0.0230529152721	0.00651200581704	-0.0247165389835	0.00390793576738	0.0101606043158	-0.0543133431149	0.0507635123929	-0.0278780351393	-0.0400469212657	-0.00440284476719	0.0322011651153	1.0	-0.0108634070348	-0.0629007076571	0.0104747947484	-0.0202061286061	-0.0315609158588	0.0050479711339	0.0672495905715	-0.00683411930426	-0.046837352748	0.0312093793321	-0.011307653845	0.0265000560061	-0.00249746109224	-0.0587725314624	-0.0726594182002	-0.00275052452308	0.00104627607522	0.064542787613	-0.000587266310066	0.00826075821506	-0.0266078038603	-0.0335886012293	-0.0226063661335	-0.0155300665959	0.00206266620112	0.0175511131599	-0.00462457394567	0.0239045763375	-0.00209980856115	-0.0619921773705	-0.0180651636999	-0.0339855677828	-0.0369263221703	0.0118374754325	-0.0158119275435	0.0475177997656	-0.0198840078785	0.0344776030172	-0.039650465672	0.030763674868	-0.0188508017779	-0.0337052364058	0.0134754687921	-0.0207467958342	-0.0103312943507
k__Bacteria;p__Firmicutes;c__Clostridia;o__Clostridiales;f__Lachnospiraceae;g__;s__[Eubacterium]_rectale	-0.0298532622977	-0.0500623148771	-0.00250200109626	-0.065602164587	0.0223049259233	0.0398799607452	-0.047064878683	-0.0490404595831	-0.0251195630388	-0.03962261593	-0.0366551501975	-0.0332193592246	0.0360553647125	-0.0108634070348	1.0	-0.0606673710775	0.0226305873849	-0.0293700927649	-0.00144953414745	0.00184194074876	-0.0444831878091	-0.0137232076521	-0.0428900365114	-0.00690642402125	0.026576516423	-0.0430267261279	-0.0869928411334	0.00461239037634	-0.0124843678531	0.00320268849153	0.0386303318721	0.0478006904076	0.014102618058	0.00667858060202	0.0425415127909	0.0687672277306	0.0594674294169	0.0135494008176	-0.0369039982307	-0.0332063055536	0.00356979175145	0.0129544557653	-0.0591713839854	0.0133084649634	-0.0170797984854	-0.0166269890578	0.0252454750775	-0.0345395036255	-0.0218189380475	0.0407298953544	-0.0588882219614	0.00584259640534	0.0228130411518	-0.0303238070102	0.000370482608662	-0.0101121097735	0.0346171682918	0.000107241887827	-0.0549104851503
k__Bacteria;p__Bacteroidetes;c__Bacteroidia;o__Bacteroidales;f__Bacteroidaceae;g__Bacteroides;s__Bacteroides_plebeius	-0.00610071965911	-0.0324347009319	-0.00718372402954	0.0120680268326	0.00817939128892	0.00867872892594	-0.00446536362192	0.000516405560314	0.0218969262453	-0.0252600737841	-0.0259424816684	0.0310800305623	-0.0190834337874	-0.0629007076571	-0.0606673710775	1.0	-0.0439799488533	-0.0569923399262	-0.017646242387	0.0112433333352	-0.0165294404518	-0.00223102781835	0.00077481084037	0.0232083866599	-0.00431468075155	-0.0193058284354	-0.0223736324062	0.000387010316423	-0.0506595816453	0.0193098201871	-0.03262154988	0.014468711395	-0.00600197222117	0.00816761727527	-0.0452697815467	0.0100020680712	0.0396559468209	-0.0456037893462	0.0460982646166	-0.0474717368622	0.0483386136867	-0.0390421171217	0.0592437752001	0.0326705931148	0.0175377160019	-0.0153110168971	0.0151147648638	0.00492020416374	-0.00488455628661	-0.0130638956223	-0.0238078330754	-0.00571781918092	-0.0101330196823	-0.000456474738318	-0.000257796555839	-0.0394831282607	0.00948238938919	-0.0644944137535	-0.0196550649357
k__Bacteria;p__Bacteroidetes;c__Bacteroidia;o__Bacteroidales;f__Bacteroidaceae;g__Bacteroides;s__Bacteroides_fragilis	0.0108901105103	-0.0025334653066	0.00590626175366	-0.105199095222	0.00942748353872	-0.036461632403	-0.00737957380896	-0.107714311893	0.0285826076402	-0.0404175533403	-0.0388502326989	-0.0021515611994	0.00126649776688	0.0104747947484	0.0226305873849	-0.0439799488533	1.0	-0.0571571331445	0.0526206073221	-0.00393168701481	0.0285009073586	0.0154006076766	-0.0616726682337	0.0104106677231	-0.033997878958	0.0241387851844	-0.0355371765975	-0.0351533742857	-0.0262322833514	-0.0128444469376	-0.00538388894313	-0.0527251613932	-0.073141390202	-0.0359907163113	0.0319012844312	0.0668147707495	-0.0227273715332	0.0433198870132	0.0065054664773	0.0390627390429	-0.0149243177949	-0.0236303155077	-0.032126754859	0.0285439983909	-0.00734111322502	-0.0122346164459	0.0319292576579	0.0165699735649	-0.00309634684735	-0.0043071205975	0.0105066114496	0.0189483129761	-0.0138740730102	-0.0389349910984	-0.0284164780721	-0.0354693912236	0.0384187572714	0.0362454467269	0.0501099349077
k__Bacteria;p__Proteobacteria;c__Betaproteobacteria;o__Burkholderiales;f__Sutterellaceae;g__Sutterella;s__Sutterella_wadsworthensis	-0.0382133594905	0.0359621336486	-0.00600366211842	-0.0684379410378	-0.0992589929167	-0.0299861712196	0.0134737126995	-0.0120171713795	-0.0193306096684	-0.000233661156771	0.000825504744243	0.000991704407667	-0.023700794785	-0.0202061286061	-0.0293700927649	-0.0569923399262	-0.0571571331445	1.0	-0.0231452845609	0.0605312053723	-0.0123659004501	0.0771396962692	0.0309934561635	-0.028652791884	-0.0235546869443	-0.00644166233515	-0.0552649577774	0.0344607795178	-0.0162674910589	-0.0170488126003	0.0170889521492	-0.0577590943181	0.00899841890017	-0.0570029327083	0.00432237380217	0.0167544907466	-0.0260387498156	0.0326976140352	0.0302499998927	0.0501759991681	0.0174449006545	-0.0319671014669	-0.0341371857233	-0.0340965538217	0.029730314122	-0.0389969358105	0.0223076334944	-0.0341764963559	0.0040920846011	0.0588897034039	-0.00355236254992	-0.0371735818803	-0.0759992351601	-0.0199452908117	0.00672791690381	0.0170452067038	0.0115835155991	0.0219349478177	-0.00276193661921
k__Bacteria;p__Bacteroidetes;c__Bacteroidia;o__Bacteroidales;f__Porphyromonadaceae;g__Barnesiella;s__Barnesiella_intestinihominis	0.00975923462375	-0.0222332978279	0.0235682819516	-0.00579691795814	0.0329444583031	0.0150253133146	-0.101238611966	0.0347215728419	0.00745889993792	-0.0314378197318	-0.0418133748653	0.0335192560786	-0.0496129662808	-0.0315609158588	-0.00144953414745	-0.017646242387	0.0526206073221	-0.0231452845609	1.0	-0.0078641657553	0.0146059431754	-0.00828497039315	-0.0124810026935	0.00225121730698	-0.00206362450462	-0.0469007497339	-0.0372426916717	-0.0437620007813	-0.0364791367115	-0.0287296641537	-0.0134790577651	0.00775411823554	0.0674710402733	-0.0324974137055	0.0175950494945	-0.00925360726888	0.0477809764044	0.0513023278937	0.00323480099438	0.0169415261576	-0.00144829204303	0.0021622042923	0.0112885652797	0.00908329726371	-0.0322708524959	0.00313565005659	0.0139713928888	-0.0350235461177	-0.00176163246062	-0.0307974461532	0.0232959675624	-0.0469759719338	-0.014878861746	-0.0353160225094	8.2059244828e-05	0.0360008429274	0.0146260496407	0.0501514310452	-0.0333910934297
k__Bacteria;p__Bacteroidetes;c__Bacteroidia;o__Bacteroidales;f__Odoribacteraceae;g__Odoribacter;s__Odoribacter_splanchnicus	0.0286675308329	0.00161540823743	-0.0313807690981	-0.0266034084416	-0.0164627444007	-0.0869801868521	-0.0314440905135	0.0495977736099	-0.0502072243915	-0.0353196813766	0.0390001459113	-0.0617446696894	-0.0141192330558	0.0050479711339	0.00184194074876	0.0112433333352	-0.00393168701481	0.0605312053723	-0.0078641657553	1.0	-0.0551451548865	-0.0202378950158	0.00696986324367	0.0223918268041	-0.0398254890938	-0.0125141453868	-0.00627238835121	0.0140813454256	-0.0434449356271	0.0606186067812	-0.0579164673626	0.0344734907048	-0.0308680541927	0.0115343708666	-0.0119693096727	0.0442388512361	-0.0407467008403	0.0244462909977	0.00556421343232	-0.0507480183167	-0.0289421880153	0.019235105798	-0.0402032874934	-0.0195105334515	-0.000106085524454	-0.0176226276656	-0.00388159761744	-0.0167079307089	-0.0137590775181	-0.0627655781677	0.0448068169837	0.00363716532706	0.000873601144575	0.01427165359	-0.00880526164018	0.0194548573035	-0.0266417228399	0.0420086474903	0.0392139001961
k__Bacteria;p__Bacteroidetes;c__Bacteroidia;o__Bacteroidales;f__Bacteroidaceae;g__Bacteroides;s__Bacteroides_salyersiae	-0.01421962637	-0.0189015229238	-0.0203038118287	-0.0163884459807	-0.0615084681523	-0.042158366985	-0.00914724805177	-0.0230207126777	-0.0536357786243	0.00422979215561	0.0206723656585	-0.0493445570974	-0.0218797859941	0.0672495905715	-0.0444831878091	-0.0165294404518	0.0285009073586	-0.0123659004501	0.0146059431754	-0.0551451548865	1.0	0.0179973806346	-0.0531848552167	0.040788395581	-0.0325489556393	0.046502492324	-0.0210870938735	-0.0467398642805	0.00412367226333	0.0384901957709	-0.000339626051465	0.00853527651045	0.0727916521831	-0.0152889650205	0.0143959115388	-0.0632270749719	-0.0439798684085	0.037391798655	-0.0190683496471	0.050796676518	-0.0407341607401	-0.060822273494	0.0326288885851	0.0137376521909	-0.0796768133968	0.00717164247167	0.0363479177469	-0.0235923075693	-0.0483320919315	-0.00551026231569	0.00242916634317	-0.000466433995772	-0.0429631372106	-0.0262311874455	-0.0428860189259	0.0337207558745	-0.00731719734342	-0.0433740673335	0.0272369113058
k__Bacteria;p__Firmicutes;c__Clostridia;o__Clostridiales;f__Ruminococcaceae;g__Ruminiclostridium;s__[Eubacterium]_siraeum	0.0137351210069	-0.055318281542	0.0175498370267	0.020836935049	0.0233805298943	0.0622312225172	0.0290792434434	0.0500568135835	-0.0322291708345	0.000769367663769	0.0011777661295	0.000135795940657	-0.0251929784529	-0.00683411930426	-0.0137232076521	-0.00223102781835	0.0154006076766	0.0771396962692	-0.00828497039315	-0.0202378950158	0.0179973806346	1.0	-0.0159027061213	-0.0431541598145	-0.0658649816116	-0.0516585168449	0.0498314289237	-0.00402474518205	0.0167671747843	0.00535256510646	0.00345234940344	-0.016242235074	-0.00152066850734	0.0299852792266	0.0233555406427	-0.0534546004326	0.017256731222	-0.0784358425598	0.00147067155845	0.0236501838305	-0.00928184176274	-0.0125146953716	-0.0404377096094	-0.0436964972197	-7.82083132272e-05	-0.00595612460289	-0.043980306557	-0.0336206713856	-0.0149662253121	-0.0109596350303	0.00122914365608	-0.0339721791948	0.00686506634014	-0.0315676142614	-0.0441483927422	0.0243022810852	-0.0511700996646	0.0102770282438	0.0373164862674
k__Bacteria;p__Proteobacteria;c__Betaproteobacteria;o__Burkholderiales;f__Sutterellaceae;g__Parasutterella;s__Parasutterella_excrementihominis	-0.0183146245871	-0.0165503837936	-0.000523665481172	-0.0191094839115	0.0358632549522	-0.0279448759615	0.0115533816817	0.0230895255449	-0.0240005767148	-0.0309661054396	-0.0142851175397	0.00683872951944	0.0396239723274	-0.046837352748	-0.0428900365114	0.00077481084037	-0.0616726682337	0.0309934561635	-0.0124810026935	0.00696986324367	-0.0531848552167	-0.0159027061213	1.0	-0.0490147300882	-0.068347541922	0.0164480914157	0.0457719525075	0.000212410043992	-0.028880404717	-0.0424998296992	0.0337761555471	0.0304480301223	0.0333849798224	-0.0276661762616	-0.0103162664009	-0.00530478483231	-0.0313379374133	-0.0257575872137	0.0120743979281	-0.0350913625995	-0.0587486735804	-0.00446390830509	0.03550324809	-0.0541019262923	0.0258825424763	0.0534427371162	-0.0276025919811	0.0397314263684	0.0129437296018	0.0247559680446	-0.00216016694232	0.00155788136672	0.000773806193773	0.0368186538034	0.0492558962456	-0.0497181240255	-0.0525110548359	0.0305105802613	-0.00770472278014
k__Bacteria;p__Actinobacteria;c__Actinobacteria;o__Bifidobacteriales;f__Bifidobacteriaceae;g__Bifidobacterium;s__Bifidobacterium_adolescentis	0.0587010332236	-0.020459233713	0.00978704727252	-0.0278593074384	-0.0154568953786	0.013843872307	-0.0212538369501	-0.0410821529425	0.0193953137699	-0.0433516813642	-0.0181782241841	-0.00765137532753	-0.0529393453256	0.0312093793321	-0.00690642402125	0.0232083866599	0.0104106677231	-0.028652791884	0.00225121730698	0.0223918268041	0.040788395581	-0.0431541598145	-0.0490147300882	1.0	-0.00354622726842	-0.00329701964236	0.0138795650652	0.0232364709155	-0.0421901066542	-0.0130034174018	0.0499295757593	0.0216139197507	-0.0420717960197	-0.0329666346901	-0.0277330672907	0.00711206048549	-0.0248428684141	0.0081601061399	0.0410566901182	0.00344420826712	-0.0191112712251	-0.0018445905338	0.0325474046541	-0.0249506674573	0.0469267963995	-0.0873044147471	-0.0734024683486	-0.00397928009753	-0.00863424381579	0.0220041904414	-0.0401573127305	0.0310753997286	-0.0221151491434	-0.0441371593041	-0.0291112364651	0.00396134685062	-0.0589126834619	-0.0527026329805	0.0232401401549
k__Bacteria;p__Firmicutes;c__Clostridia;o__Clostridiales;f__Oscillospiraceae;g__Oscillibacter;s__Oscillibacter_sp._KLE_1745	0.000559964270287	-0.0500607312687	0.0472393510421	-0.0308854600296	0.024435450357	0.00361668755425	-0.0165922004484	-0.0250442328445	-0.0236650261886	0.0354603666643	0.00849139349775	0.00938641880816	-0.0240530227225	-0.011307653845	0.026576516423	-0.00431468075155	-0.033997878958	-0.0235546869443	-0.00206362450462	-0.0398254890938	-0.0325489556393	-0.0658649816116	-0.068347541922	-0.00354622726842	1.0	0.0082739484718	-0.027815363283	-0.0076532478008	0.0205391173959	-0.0512949061395	0.042378299383	-0.0147610417617	-0.00124509188533	0.00332665489615	0.0346879672373	0.00104657947083	-0.0484931161028	-0.0481434823234	-0.00840494563613	0.0263772093366	-0.0172670896314	0.00105300568463	0.0139897244708	-0.0530225743787	-0.043819728196	-0.0769364540088	-0.0450187331754	-0.0104267533509	0.0368492293655	-0.0434282325287	-0.000255289495567	-0.00891547619028	0.0230288550235	0.100907318089	0.00137509681786	0.0520191331672	-0.0550870620164	0.0335306298644	0.063737657991
k__Bacteria;p__Bacteroidetes;c__Bacteroidia;o__Bacteroidales;f__Bacteroidaceae;g__Bacteroides;s__Bacteroides_coprophilus	0.0023324885809	-0.0123378477689	0.0445343446547	-0.0218520062592	-0.0349788070737	0.0554585777145	-0.0064477143346	-0.0215481688128	-0.0187290598168	0.0414743613021	0.0703863722173	-0.0100468765108	-0.0445209514469	0.0265000560061	-0.0430267261279	-0.0193058284354	0.0241387851844	-0.00644166233515	-0.0469007497339	-0.0125141453868	0.046502492324	-0.0516585168449	0.0164480914157	-0.00329701964236	0.0082739484718	1.0	-0.00119912205451	-0.0341531558169	0.00330278953626	-0.025851163049	-0.0445604630748	-0.0210456752988	-0.0156489889795	0.0598196219845	-0.0982597745466	-0.0250626678022	-0.0606676223009	-0.0244338941943	0.018509122657	-0.0408488834078	-0.0293397157646	-0.0326348858612	-0.00940888400964	-0.0219953159076	0.0115173371401	-0.0155579964878	0.0055157844518	-0.0295409896277	0.0397881597976	-0.080154017966	-0.0692510813589	0.00803446356448	0.0555891786001	-0.00420688888105	0.0740379115377	-0.0344689147177	-0.10357884326	-0.0628089490267	0.0420131980542
k__Bacteria;p__Firmicutes;c__Clostridia;o__Clostridiales;f__Lachnospiraceae;g__Roseburia;s__Roseburia_intestinalis	-0.0491110225743	-0.0172517339459	-0.0671526361532	0.0074227972513	-0.0359177109103	0.0209054028884	0.029831266867	-0.0045604213735	-0.0021940496561	-0.0103628982057	0.0063652992444	-0.039571470681	0.0190938290403	-0.00249746109224	-0.0869928411334	-0.0223736324062	-0.0355371765975	-0.0552649577774	-0.0372426916717	-0.00627238835121	-0.0210870938735	0.0498314289237	0.0457719525075	0.0138795650652	-0.027815363283	-0.00119912205451	1.0	0.0415884880925	0.0206638716626	-0.0083988109534	-0.0184361568401	-0.0579922286353	-0.0388256044614	-0.0537156676344	-0.00341223900155	-0.0202435445618	0.0470094949978	-0.0186804548152	-0.00961804603456	-0.00263049534561	-0.0692259120851	-0.0171087076191	-0.0447438663463	-0.0162413480794	0.0195503237799	0.0190960957945	-0.0543656038758	-0.00882952103394	0.025708025715	0.0189141439752	-0.0168299094448	0.00195999017007	0.0132742910445	-0.0180578268734	-0.0484668023452	0.0303807462485	0.050877110521	0.0650331353147	0.0339505734204
k__Bacteria;p__Firmicutes;c__Clostridia;o__Clostridiales;f__Lachnospiraceae;g__Roseburia;s__Roseburia_hominis	0.00147281655313	-0.00967256406201	-0.0541443240042	-0.00220232447855	0.0534075081097	-0.0421135475152	0.0230648572904	-0.0376749535089	-0.0258373323439	0.0866585479374	0.00603503054752	0.0814810329342	0.00614733790803	-0.0587725314624	0.00461239037634	0.000387010316423	-0.0351533742857	0.0344607795178	-0.0437620007813	0.0140813454256	-0.0467398642805	-0.00402474518205	0.000212410043992	0.0232364709155	-0.0076532478008	-0.0341531558169	0.0415884880925	1.0	-0.0402506480207	0.0155782288004	-0.0380596246128	-0.022624955235	0.048363632761	-0.0342033830674	-0.0403275781086	0.0340676880365	-0.0176127889553	-0.0114535408131	0.0254714202168	0.00539755691022	-0.0146281057324	-0.0305631370371	0.0547011008135	0.0248316141036	-0.0185212475088	-0.0411457844403	-0.0322078400669	0.0373892819214	-0.043743733754	-0.00994967740144	-2.27785270137e-05	-0.0620902372791	-0.0552992859116	0.0306298201043	0.0135281481208	-0.0392092363282	0.0160935793703	-0.00902246939759	0.0158176651394
k__Bacteria;p__Bacteroidetes;c__Bacteroidia;o__Bacteroidales;f__Porphyromonadaceae;g__Parabacteroides;s__Parabacteroides_johnsonii	0.0658434962862	-0.0382641331179	0.0246060506246	-0.00030025058084	0.0121196951151	0.0138326001452	0.0517390874318	-0.0156934774297	-0.00137571176146	-0.0191053262825	0.00732610521272	-0.0174630604112	0.0297748852021	-0.0726594182002	-0.0124843678531	-0.0506595816453	-0.0262322833514	-0.0162674910589	-0.0364791367115	-0.0434449356271	0.00412367226333	0.0167671747843	-0.028880404717	-0.0421901066542	0.0205391173959	0.00330278953626	0.0206638716626	-0.0402506480207	1.0	-0.050205989509	0.00355180424405	-0.046181653781	-0.0750851094634	-0.0242026733876	-0.00621293539251	-0.0883859679589	0.00130511538468	0.0154505246658	-0.0244594352175	0.0051489953507	-0.0399830772512	-0.0410900975932	0.0156911670403	-0.0346966964436	-0.00313411624175	-0.00345604867598	0.0141819437349	-0.0678676873072	0.0482520946085	-0.0521042285863	0.0767980725768	-0.00975747708137	0.0429401445045	-0.051122284855	0.00661022310411	0.0235512303966	0.0250243622958	0.0547431402321	-0.0129441993381
