#taxonomy	k__Bacteria;p__Bacteroidetes;c__Bacteroidia;o__Bacteroidales;f__Bacteroidaceae;g__Bacteroides;s__Bacteroides_vulgatus	k__Bacteria;p__Bacteroidetes;c__Bacteroidia;o__Bacteroidales;f__Bacteroidaceae;g__Bacteroides;s__Bacteroides_uniformis	k__Bacteria;p__Bacteroidetes;c__Bacteroidia;o__Bacteroidales;f__Rikenellaceae;g__Alistipes;s__Alistipes_putredinis	k__Bacteria;p__Bacteroidetes;c__Bacteroidia;o__Bacteroidales;f__Prevotellaceae;g__Prevotella;s__Prevotella_copri	k__Bacteria;p__Bacteroidetes;c__Bacteroidia;o__Bacteroidales;f__Bacteroidaceae;g__Bacteroides;s__Bacteroides_stercoris	k__Bacteria;p__Bacteroidetes;c__Bacteroidia;o__Bacteroidales;f__Bacteroidaceae;g__Bacteroides;s__Bacteroides_ovatus	k__Bacteria;p__Bacteroidetes;c__Bacteroidia;o__Bacteroidales;f__Rikenellaceae;g__Alistipes;s__Alistipes_shahii	k__Bacteria;p__Firmicutes;c__Clostridia;o__Clostridiales;f__Ruminococcaceae;g__Faecalibacterium;s__Faecalibacterium_prausnitzii	k__Bacteria;p__Bacteroidetes;c__Bacteroidia;o__Bacteroidales;f__Rikenellaceae;g__Alistipes;s__Alistipes_finegoldii	k__Bacteria;p__Bacteroidetes;c__Bacteroidia;o__Bacteroidales;f__Porphyromonadaceae;g__Parabacteroides;s__Parabacteroides_distasonis	k__Bacteria;p__Bacteroidetes;c__Bacteroidia;o__Bacteroidales;f__Bacteroidaceae;g__Bacteroides;s__Bacteroides_thetaiotaomicron	k__Bacteria;p__Bacteroidetes;c__Bacteroidia;o__Bacteroidales;f__Bacteroidaceae;g__Bacteroides;s__Bacteroides_coprocola	k__Bacteria;p__Bacteroidetes;c__Bacteroidia;o__Bacteroidales;f__Bacteroidaceae;g__Bacteroides;s__Bacteroides_cellulosilyticus	k__Bacteria;p__Bacteroidetes;c__Bacteroidia;o__Bacteroidales;f__Rikenellaceae;g__Alistipes;s__Alistipes_obesi	k__Bacteria;p__Firmicutes;c__Clostridia;o__Clostridiales;f__Lachnospiraceae;g__;s__[Eubacterium]_rectale	k__Bacteria;p__Bacteroidetes;c__Bacteroidia;o__Bacteroidales;f__Bacteroidaceae;g__Bacteroides;s__Bacteroides_plebeius	k__Bacteria;p__Bacteroidetes;c__Bacteroidia;o__Bacteroidales;f__Bacteroidaceae;g__Bacteroides;s__Bacteroides_fragilis	k__Bacteria;p__Proteobacteria;c__Betaproteobacteria;o__Burkholderiales;f__Sutterellaceae;g__Sutterella;s__Sutterella_wadsworthensis	k__Bacteria;p__Bacteroidetes;c__Bacteroidia;o__Bacteroidales;f__Porphyromonadaceae;g__Barnesiella;s__Barnesiella_intestinihominis	k__Bacteria;p__Bacteroidetes;c__Bacteroidia;o__Bacteroidales;f__Odoribacteraceae;g__Odoribacter;s__Odoribacter_splanchnicus	k__Bacteria;p__Bacteroidetes;c__Bacteroidia;o__Bacteroidales;f__Bacteroidaceae;g__Bacteroides;s__Bacteroides_salyersiae	k__Bacteria;p__Firmicutes;c__Clostridia;o__Clostridiales;f__Ruminococcaceae;g__Ruminiclostridium;s__[Eubacterium]_siraeum	k__Bacteria;p__Proteobacteria;c__Betaproteobacteria;o__Burkholderiales;f__Sutterellaceae;g__Parasutterella;s__Parasutterella_excrementihominis	k__Bacteria;p__Actinobacteria;c__Actinobacteria;o__Bifidobacteriales;f__Bifidobacteriaceae;g__Bifidobacterium;s__Bifidobacterium_adolescentis	k__Bacteria;p__Firmicutes;c__Clostridia;o__Clostridiales;f__Oscillospiraceae;g__Oscillibacter;s__Oscillibacter_sp._KLE_1745	k__Bacteria;p__Bacteroidetes;c__Bacteroidia;o__Bacteroidales;f__Bacteroidaceae;g__Bacteroides;s__Bacteroides_coprophilus	k__Bacteria;p__Firmicutes;c__Clostridia;o__Clostridiales;f__Lachnospiraceae;g__Roseburia;s__Roseburia_intestinalis	k__Bacteria;p__Firmicutes;c__Clostridia;o__Clostridiales;f__Lachnospiraceae;g__Roseburia;s__Roseburia_hominis	k__Bacteria;p__Bacteroidetes;c__Bacteroidia;o__Bacteroidales;f__Porphyromonadaceae;g__Parabacteroides;s__Parabacteroides_johnsonii	k__Bacteria;p__Actinobacteria;c__Actinobacteria;o__Bifidobacteriales;f__Bifidobacteriaceae;g__Bifidobacterium;s__Bifidobacterium_longum	k__Bacteria;p__Firmicutes;c__Clostridia;o__Clostridiales;f__;g__Flavonifractor;s__Flavonifractor_plautii	k__Bacteria;p__Firmicutes;c__Clostridia;o__Clostridiales;f__Clostridiaceae;g__Clostridium;s__Clostridium_phoceensis	k__Bacteria;p__Verrucomicrobia;c__Verrucomicrobiae;o__Verrucomicrobiales;f__Akkermansiaceae;g__Akkermansia;s__Akkermansia_muciniphila	k__Bacteria;p__Bacteroidetes;c__Bacteroidia;o__Bacteroidales;f__Prevotellaceae;g__Paraprevotella;s__Paraprevotella_xylaniphila	k__Bacteria;p__Firmicutes;c__Clostridia;o__Clostridiales;f__Ruminococcaceae;g__Ruminococcus;s__Ruminococcus_callidus	k__Bacteria;p__Bacteroidetes;c__Bacteroidia;o__Bacteroidales;f__Rikenellaceae;g__Alistipes;s__Alistipes_senegalensis	k__Bacteria;p__Firmicutes;c__Clostridia;o__Clostridiales;f__Lachnospiraceae;g__Blautia;s__Blautia_sp._KLE_1732	k__Bacteria;p__Bacteroidetes;c__Bacteroidia;o__Bacteroidales;f__Bacteroidaceae;g__Bacteroides;s__Bacteroides_oleiciplenus	k__Bacteria;p__Firmicutes;c__Clostridia;o__Clostridiales;f__Ruminococcaceae;g__Ruminococcus;s__Ruminococcus_bicirculans	k__Bacteria;p__Bacteroidetes;c__Bacteroidia;o__Bacteroidales;f__Bacteroidaceae;g__Bacteroides;s__Bacteroides_fluxus	k__Bacteria;p__Bacteroidetes;c__Bacteroidia;o__Bacteroidales;f__Prevotellaceae;g__Prevotella;s__Prevotella_stercorea	k__Bacteria;p__Firmicutes;c__Clostridia;o__Clostridiales;f__Lachnospiraceae;g__Dorea;s__Dorea_longicatena	k__Bacteria;p__Firmicutes;c__Clostridia;o__Clostridiales;f__Eubacteriaceae;g__Eubacterium;s__[Eubacterium]_eligens	k__Bacteria;p__Firmicutes;c__Clostridia;o__Clostridiales;f__Ruminococcaceae;g__;s__Ruminococcaceae_bacterium_D16	k__Bacteria;p__Firmicutes;c__Clostridia;o__Clostridiales;f__Lachnospiraceae;g__Coprococcus;s__Coprococcus_comes	k__Bacteria;p__Proteobacteria;c__Gammaproteobacteria;o__Enterobacterales;f__Enterobacteriaceae;g__Escherichia;s__Escherichia_coli	k__Bacteria;p__Firmicutes;c__Clostridia;o__Clostridiales;f__Ruminococcaceae;g__Anaerotruncus;s__Anaerotruncus_colihominis	k__Bacteria;p__Firmicutes;c__Clostridia;o__Clostridiales;f__Lachnospiraceae;g__Blautia;s__Blautia_obeum	k__Bacteria;p__Bacteroidetes;c__Bacteroidia;o__Bacteroidales;f__Odoribacteraceae;g__Odoribacter;s__Odoribacter_laneus	k__Bacteria;p__Firmicutes;c__Clostridia;o__Clostridiales;f__Ruminococcaceae;g__Ruminiclostridium;s__[Clostridium]_leptum	k__Bacteria;p__Bacteroidetes;c__Bacteroidia;o__Bacteroidales;f__Porphyromonadaceae;g__Parabacteroides;s__Parabacteroides_goldsteinii	k__Bacteria;p__Firmicutes;c__Clostridia;o__Clostridiales;f__Lachnospiraceae;g__Anaerostipes;s__Anaerostipes_hadrus	k__Bacteria;p__Firmicutes;c__Clostridia;o__Clostridiales;f__Ruminococcaceae;g__Ruminococcus;s__Ruminococcus_lactaris	k__Bacteria;p__Firmicutes;c__Clostridia;o__Clostridiales;f__Clostridiaceae;g__Clostridium;s__Clostridium_sp._L2-50	k__Bacteria;p__Firmicutes;c__Clostridia;o__Clostridiales;f__Clostridiaceae;g__Clostridium;s__Clostridium_sp._M62/1	k__Bacteria;p__Firmicutes;c__Clostridia;o__Clostridiales;f__;g__Intestinimonas;s__Intestinimonas_butyriciproducens	k__Bacteria;p__Actinobacteria;c__Actinobacteria;o__Bifidobacteriales;f__Bifidobacteriaceae;g__Bifidobacterium;s__Bifidobacterium_bifidum	k__Bacteria;p__Firmicutes;c__Negativicutes;o__Veillonellales;f__Veillonellaceae;g__Dialister;s__Dialister_invisus	k__Bacteria;p__Bacteroidetes;c__Bacteroidia;o__Bacteroidales;f__Bacteroidaceae;g__Bacteroides;s__Bacteroides_salanitronis
k__Bacteria;p__Bacteroidetes;c__Bacteroidia;o__Bacteroidales;f__Bacteroidaceae;g__Bacteroides;s__Bacteroides_vulgatus	1.0	0.0203002931832	0.0287077044383	0.0171725344454	0.0329056880095	-0.0698141297197	0.0134321594066	-0.0281670930078	0.0461764682013	0.0117178351329	0.00564366146306	0.000784928476724	0.000787043132491	-0.00908282377926	-0.00786907852867	-0.0186306605806	0.0388991379494	-0.000898136466955	0.033938568405	-0.0564594373413	0.0426378954478	-0.0328239421738	-0.025704417452	0.0120493058885	-0.0472980470085	-0.0741316307235	0.00596521034575	-0.000940742100031	0.0190518064409	-0.046567242154	0.0377845387225	-0.0245688552022	-0.0399550474535	-0.0266800305151	-0.0372685463586	0.0492654653298	-0.00748321828729	-0.0200279951865	0.0175399743912	0.00280913127432	-0.0738358110587	-0.0292885839924	0.0238826985464	0.0374638152554	0.0323038442725	-0.012989014753	0.00656126968688	6.60953981946e-06	0.0558271587418	-0.0194722357663	0.0363323527188	-0.0106588064035	-0.029425700418	-0.0264980524801	-0.0214666297794	0.0430374845713	0.0087236001921	-0.0193536237615	0.0616493953911
k__Bacteria;p__Bacteroidetes;c__Bacteroidia;o__Bacteroidales;f__Bacteroidaceae;g__Bacteroides;s__Bacteroides_uniformis	0.0203002931832	1.0	0.041948659642	0.0043981230376	0.0302906744876	0.00985623078627	-0.0322336018253	-0.0466737515648	-0.0278216815294	-0.00912717538316	-0.0630067163425	-0.0188315875312	0.0223462484256	-0.00628221633728	-0.0497448116079	-0.0387783094919	0.0535549121876	0.0271141618018	0.0198957752484	-0.0344895255371	-0.0252292622901	0.00805459921596	0.00383193272387	-0.0326828371	-0.00776644151443	-0.0367763457431	-0.0527901208815	-0.00607999907516	-0.0300205068831	0.00767133451218	-0.0135538574446	-0.0704113590165	0.0223613819937	0.00770680517852	-0.030674166292	0.0413862661321	-0.0359127887017	0.00740679160695	0.0264826691265	-0.0141719791478	-0.0842049220705	-0.0525444392248	0.0217355794388	-0.0629609296439	0.0479819417085	0.00763385706993	-0.113896789925	-0.0685719420669	-0.0185862164254	-0.0319362747536	-0.0447744016913	0.021870940536	-0.023977407695	0.00157780853385	0.0212942012484	0.011228900214	-0.00736743292385	0.0315032646082	0.00647017204496
k__Bacteria;p__Bacteroidetes;c__Bacteroidia;o__Bacteroidales;f__Rikenellaceae;g__Alistipes;s__Alistipes_putredinis	0.0287077044383	0.041948659642	1.0	0.0115137514533	0.0385062615512	-0.0509379751297	-0.0368933832735	-0.03610771088	0.0062988163516	-0.0100274458067	0.00624684215405	0.0241977314274	0.0261868711033	0.0393548165017	-0.063029217071	0.029767922461	-0.0332463470856	-0.00136444443297	-0.0368402673896	-0.0156738335613	-0.00989288191026	0.0701311108357	0.0144552784749	-0.0696754571359	-0.0189105774482	-0.00992708324512	-0.0697723170741	0.00890821445006	0.0466941796087	0.0112593693891	0.0071429165541	-0.0319748543976	-0.0445628687085	-0.0148187222754	-0.0404563885214	-0.0356946891654	0.004034016612	0.0176240579269	0.00759177267305	-0.0563259621343	-0.00702070358946	0.00605445261186	0.0154787613715	0.01455065646	-0.0474178762044	0.00887768686207	0.0667782249908	-0.035927921698	-0.0262707508513	-0.0243900199877	-0.0129530929179	0.0537266267972	-0.0578131211037	0.00674970740166	-0.00281054159288	0.04949833847	0.0164827044555	-0.0555590357242	-0.00205903529655
k__Bacteria;p__Bacteroidetes;c__Bacteroidia;o__Bacteroidales;f__Prevotellaceae;g__Prevotella;s__Prevotella_copri	0.0171725344454	0.0043981230376	0.0115137514533	1.0	0.00111579978409	0.00907434595491	0.0196731402157	-0.027478233079	-0.0203869429568	0.0307045863082	0.0319201658898	-0.027897800865	-0.0346012386251	0.00590916418959	-0.00254764188522	-0.0575383977731	-0.0289640498401	0.0455396287481	-0.0286747273588	-0.0252031608296	0.0125180358907	-0.0749571052181	0.0132712355129	0.0218553830575	0.00727165260985	-0.0156986504414	0.00536391173465	0.0362705214315	-0.00561438568178	-0.00734005878989	-0.0243563939185	-0.0378284064581	0.100868478401	0.0135845236008	-0.0123859850397	-0.00454144170413	0.0181861083165	-0.0272401954073	0.0457131187802	0.0305558654828	-0.0119505516391	-0.0705839564445	-0.0268793606943	-0.00194410162254	-0.0292078784163	-0.0102043704745	0.00657902782529	-0.0464002765499	0.0386023143404	0.0120042198948	-0.0397721512101	0.0170320296236	0.000534444840706	-0.0664412877951	-0.0400246496648	0.0567555623177	0.0519504874539	0.00329270279623	-0.0161011336478
k__Bacteria;p__Bacteroidetes;c__Bacteroidia;o__Bacteroidales;f__Bacteroidaceae;g__Bacteroides;s__Bacteroides_stercoris	0.0329056880095	0.0302906744876	0.0385062615512	0.00111579978409	1.0	0.0396482674533	0.0395165463676	-0.0688533637448	-0.0696318954619	-0.0325780885465	-0.0119679370541	-0.0212746499297	-0.0194085420881	0.0487539906154	-0.0325586071828	-0.0216135087723	0.0051160241106	-0.0288273667626	0.055861521967	0.027505014639	0.0171826245359	-0.0389626650908	-0.0268790817059	-0.0393368056599	0.00340117351793	-0.0187738914522	0.0174979457904	-0.0462886883758	0.0177785611106	-0.00614068296925	-0.0446235665448	0.0126821498465	-0.0118698465891	-0.018479659959	0.0285299190994	0.0357348533547	-0.0257633849286	-0.0789490026422	0.0514527495727	0.000469633294375	-0.0426301462585	-0.0244077347219	-0.0211088096004	-0.00981737709716	-0.038183835257	0.0229322072747	0.00459347284099	-0.0615421753314	-0.0645442104387	0.0189309788333	-0.00283912572815	-0.0198482652529	-0.00739946952267	0.0278375801971	0.0301103085588	-0.0394382025995	-0.0208619822989	-0.0156480720957	0.00627743408367
k__Bacteria;p__Bacteroidetes;c__Bacteroidia;o__Bacteroidales;f__Bacteroidaceae;g__Bacteroides;s__Bacteroides_ovatus	-0.0698141297197	0.00985623078627	-0.0509379751297	0.00907434595491	0.0396482674533	1.0	0.0262299235987	0.0458311405155	-0.050327715992	0.0106164310782	-0.0130050369416	-0.0226663943084	0.0305509313541	-0.0318579589012	0.0200639738872	-0.0427377437489	0.0125018108036	-0.0130427517702	-0.0361887574409	0.00175741405376	0.0429305810371	-0.0148692319196	0.000650643901994	-0.0192545050237	-0.0235929510908	0.0140241706616	-0.0351642543453	-0.0486580945786	-0.0281359192776	-0.018707119059	-0.00429704038714	-0.063392495388	-0.0417687707828	-0.0477576980942	0.00539864108947	0.00279187537087	0.00206545551798	7.76204955108e-05	-0.0400132582392	0.00880694454077	0.0242386952622	-0.045142998233	-0.0182664283956	-0.0234449129416	0.0294788777584	0.0364601290457	-0.0152185071644	-0.0119182193499	-0.00763304491314	-0.0149366860664	0.0360445187559	-0.0288105900581	0.0796309799106	0.0287958824598	-0.021715657924	-0.0349749998378	0.0217109567456	0.0252170250806	-0.0815953836966
k__Bacteria;p__Bacteroidetes;c__Bacteroidia;o__Bacteroidales;f__Rikenellaceae;g__Alistipes;s__Alistipes_shahii	0.0134321594066	-0.0322336018253	-0.0368933832735	0.0196731402157	0.0395165463676	0.0262299235987	1.0	0.0346763876707	-0.00761933468277	-0.000957664109939	-0.0413143851842	0.0574214532199	-0.0213786051857	0.0216878631756	-0.00221752118986	-0.0488488157029	-0.0179508810541	-0.0153477264909	-0.0187774405046	-0.00222344227241	-0.016186592566	0.0460234073415	-0.0286790188633	0.051257630073	-0.0503616739966	-0.0581252930151	0.00657421109918	0.0263506093468	-0.00788716713471	-0.0895839162192	-0.0229223279405	0.00903507605151	0.018512868056	-0.0779797185135	-0.00572210561701	0.0182462267206	0.0109411325896	-0.0110058760768	0.0387096553738	0.00868713682181	-0.0323668292086	0.0257772404192	-0.0800110424845	0.024851002155	0.00778209292399	-0.0163018612211	0.0221210299359	-0.0115596297864	0.00241032384982	-0.0161103117047	-0.0126984222004	-0.0422610294529	-0.0382568203802	-0.0493657405645	0.0217360776831	0.0275997937415	0.0382365867363	-0.00680156142497	-0.070630964955
k__Bacteria;p__Firmicutes;c__Clostridia;o__Clostridiales;f__Ruminococcaceae;g__Faecalibacterium;s__Faecalibacterium_prausnitzii	-0.0281670930078	-0.0466737515648	-0.03610771088	-0.027478233079	-0.0688533637448	0.0458311405155	0.0346763876707	1.0	-0.0547312872086	-0.00668754146654	-0.0216341396894	-0.0120017305202	0.0140279441655	-0.0510723455533	-0.0579253166806	0.0240550610551	-0.0512070875745	-0.0155201185001	0.0529506651431	-0.0307514394895	-0.00329076822922	-0.0174674091945	0.016576817426	-0.0175506621374	-0.030998542098	0.0954826937334	0.00243130987819	-0.053389473568	-0.0568794165157	-0.0013948163367	-0.0240323206802	0.011973618034	-0.0193369631352	0.0343948208255	-0.0167766939573	-0.00861011886859	-0.0679289071123	0.0570948583087	0.00157869792408	0.00403536973774	0.00184643267007	-0.0513443108299	0.00680215724252	0.00598911324607	-0.0395943391365	0.0150053772351	0.0465034676633	-0.0105965136004	0.0181625069429	-0.0254739632139	0.0571599715734	0.0296752454213	-0.0337066217482	0.0354530729581	0.00440968190501	-0.00224742489152	0.0170094141738	-0.0368625696981	-0.0132256212401
k__Bacteria;p__Bacteroidetes;c__Bacteroidia;o__Bacteroidales;f__Rikenellaceae;g__Alistipes;s__Alistipes_finegoldii	0.0461764682013	-0.0278216815294	0.0062988163516	-0.0203869429568	-0.0696318954619	-0.050327715992	-0.00761933468277	-0.0547312872086	1.0	-0.000302678394657	0.00786366180229	0.0175319896229	-0.0471144611648	-0.0421062746807	-0.00825771489469	-0.030136853711	-0.00149592733978	-0.00316229689846	-0.0153805110797	0.0089763294928	-0.0309713132795	0.014111977752	0.0137185463704	0.043545462078	-0.0247058516864	0.00538135122654	0.0248467262299	-0.0373223204423	-0.0795475134059	-0.028415199451	0.0109727735846	0.0323465751539	-0.0177475100531	-0.034465029307	0.0215480572088	0.0216982311305	0.0387132495356	-0.00634732704651	-0.0367023264099	-0.038362895986	0.0051276329981	-0.0312634532527	-0.00464972184948	0.0966724994857	-0.00197950344332	-0.0488204393304	0.0795901293416	0.00281893671104	-0.0218143579583	0.0100009816632	0.0109969196048	0.0347827714782	0.0517456697677	-0.0283868221341	-0.0508954434104	0.0207745668867	-0.0468965564163	0.0557533177228	-0.00262530255664
k__Bacteria;p__Bacteroidetes;c__Bacteroidia;o__Bacteroidales;f__Porphyromonadaceae;g__Parabacteroides;s__Parabacteroides_distasonis	0.0117178351329	-0.00912717538316	-0.0100274458067	0.0307045863082	-0.0325780885465	0.0106164310782	-0.000957664109939	-0.00668754146654	-0.000302678394657	1.0	-0.0911195103387	0.0154305528197	-0.0620994303634	0.0228755315277	-0.0144967297834	-0.0321111377217	-0.00703276101642	0.0219744377439	0.0324317614702	-0.0262106311088	-0.0137276714358	0.016521645734	0.014929456456	0.013473173164	0.0108464828312	-0.0517532545671	-0.00537182819002	0.00519525518387	-0.0699513860058	0.00438516400941	0.0513599395169	0.0196663565178	0.0261522421422	-0.0231645578521	0.002713020479	0.00443767065989	-0.0490622658169	-0.0638330807406	-0.0274588553594	0.0175086701433	-0.020789051166	0.043694472984	-0.0417628720482	0.0131247780103	0.00484947516078	-0.0140858742918	0.0252470880818	0.0348275567503	-0.02280000494	0.0202798269031	-0.0625031055511	-0.0295118465243	0.0338401173072	-0.0195719059736	-0.0940215438785	0.00927275788581	-0.025039868269	-0.0220229774265	-0.0239201987129
k__Bacteria;p__Bacteroidetes;c__Bacteroidia;o__Bacteroidales;f__Bacteroidaceae;g__Bacteroides;s__Bacteroides_thetaiotaomicron	0.00564366146306	-0.0630067163425	0.00624684215405	0.0319201658898	-0.0119679370541	-0.0130050369416	-0.0413143851842	-0.0216341396894	0.00786366180229	-0.0911195103387	1.0	-0.0253969781885	0.00683515807345	0.0427083387681	0.00594458630414	0.0182697489401	0.00250501161031	0.017981836856	-0.00912958852983	0.0131926515228	0.0307262062014	-0.0121058738719	-0.0236198884488	-0.00282101912403	0.0697714514098	-0.0121160033751	0.0439837135351	0.0191614063882	-0.00545820464153	-0.00839049867847	-0.0213849261731	0.0213453316698	-0.0209897159016	-0.0369534857821	-0.0192738667315	0.0373386631025	0.0672277149235	0.00982847085786	-0.00543976406708	-0.0168662345422	-0.0547300686977	-0.012018106024	-0.0106701558337	-0.0182656245655	-0.0328971618512	-0.0407820469226	0.0820936915803	-0.0900925439358	0.017744541263	0.00684113082903	-0.0311719810579	0.0674011675915	0.00492635729563	0.00341760005613	0.042650352977	-0.0324489869154	-0.0373215388675	0.015618153301	-0.0781064870017
k__Bacteria;p__Bacteroidetes;c__Bacteroidia;o__Bacteroidales;f__Bacteroidaceae;g__Bacteroides;s__Bacteroides_coprocola	0.000784928476724	-0.0188315875312	0.0241977314274	-0.027897800865	-0.0212746499297	-0.0226663943084	0.0574214532199	-0.0120017305202	0.0175319896229	0.0154305528197	-0.0253969781885	1.0	-0.038807447314	-0.0153287170217	-0.0078127815269	-0.028548617234	-0.0430542745363	-0.0216193330422	-0.00915950993846	-0.0362997697835	-0.0423854661384	-0.0364546432446	0.0269539840998	0.0375205144662	0.0107128811509	0.0360555805097	-0.0550311691353	0.0320914629692	-0.00537835359459	-0.00372389690629	-0.0495335083714	0.0456277563328	-0.0392731213457	-0.0569640999998	0.0797048913574	-0.0502492992394	-0.0132235328574	0.00358415313753	0.0198967140134	-0.0433168444035	0.0332307310188	-0.0251528604298	0.0869600773865	-0.0935527556931	-0.0599020997857	0.015001866026	0.0365082952988	-0.00732957191559	0.0245070589723	3.36761211365e-05	-0.00468460044547	0.0030405834273	0.041623070419	-0.0397953720221	-0.0191090596699	0.0199056912958	0.0406739040266	0.00577369785607	0.0725170899786
k__Bacteria;p__Bacteroidetes;c__Bacteroidia;o__Bacteroidales;f__Bacteroidaceae;g__Bacteroides;s__Bacteroides_cellulosilyticus	0.000787043132491	0.0223462484256	0.0261868711033	-0.0346012386251	-0.0194085420881	0.0305509313541	-0.0213786051857	0.0140279441655	-0.0471144611648	-0.0620994303634	0.00683515807345	-0.038807447314	1.0	0.00329853339676	-0.0248268032449	-0.00986692613344	-0.0129875929996	-0.0222031723038	-0.015975648568	-0.00500524080508	0.00199682852372	-0.00231748849423	-0.0100547748318	-0.0706928744348	0.00997337546614	-0.0696195774511	0.0134358936259	0.0153514552878	0.028859089709	-0.0163296308068	0.0367771566056	-0.010662175958	-0.0257888487969	0.0112861002771	-0.0205351728553	0.00186870883262	0.0190641469447	-0.024743226212	-0.00205404809013	-0.0362722224057	-0.0415645113464	0.0197690302304	0.00124002922154	0.0189959008583	0.0319569664341	-0.0617707471165	-0.0169372883615	-0.0107319498617	0.0135393563277	-0.0545874400707	0.109543811266	-0.0312762058563	-0.0121878927551	0.017360646702	0.0229887081983	-0.0301203448631	0.019666314776	-0.0107322225483	0.015127912384
k__Bacteria;p__Bacteroidetes;c__Bacteroidia;o__Bacteroidales;f__Rikenellaceae;g__Alistipes;s__Alistipes_obesi	-0.00908282377926	-0.00628221633728	0.0393548165017	0.00590916418959	0.0487539906154	-0.0318579589012	0.0216878631756	-0.0510723455533	-0.0421062746807	0.0228755315277	0.0427083387681	-0.0153287170217	0.00329853339676	1.0	-0.0011057753641	-0.0257169136255	0.0190588946305	-0.0138591560432	-0.0329136980001	-0.023179745907	0.0634653744846	0.0519948179641	-0.00231203618295	-0.0215148516827	0.0442024799653	-0.00514433204744	-0.0166630114402	0.0314697724182	0.00552203072703	-0.0275762165761	-0.0318129995474	0.0170443412795	-0.0205837564999	0.0146782932711	-0.0489930233453	0.0237920665291	-0.0222524734754	-0.0414962611774	-0.0584560924261	-0.0207267475978	0.000993673105689	-0.0253026986286	-0.0177613786777	0.0228148014386	0.00533814096447	-0.0160733618905	-0.0420924747417	-0.0288935196935	0.0343108964504	0.0464468946938	-0.0400151608454	-0.00506603397009	-0.00480771025257	-0.0200017358973	0.00270899903801	0.0186144977617	-0.00158464926558	-0.0355533760588	-0.00650540006519
k__Bacteria;p__Firmicutes;c__Clostridia;o__Clostridiales;f__Lachnospiraceae;g__;s__[Eubacterium]_rectale	-0.00786907852867	-0.0497448116079	-0.063029217071	-0.00254764188522	-0.0325586071828	0.0200639738872	-0.00221752118986	-0.0579253166806	-0.00825771489469	-0.0144967297834	0.00594458630414	-0.0078127815269	-0.0248268032449	-0.0011057753641	1.0	0.0140598686848	0.00417635928363	0.0200056890383	0.0334126408578	-0.00350714613235	0.0419088551691	0.0187534566594	-0.0269670042355	0.0123331620983	-0.00759974596297	-0.00677024334863	-0.0145619876768	-0.0119679593978	-0.00665507212828	-0.0297114613675	-0.0278679338355	0.0196876455556	0.0123630126766	-0.0225811304179	0.0116227958943	0.0490444292367	-0.0242529904622	0.0123636853721	0.013692968117	-0.00849835432026	0.020406018615	-0.0223292007572	0.0185368507815	-0.0235360291213	-0.0407293008749	0.0142271377895	-0.0248500563386	-0.0146207126834	-0.0391106555276	-0.0436735561727	0.00848752689262	-0.0552871922887	-0.00928388955574	-0.0685255230346	0.015762650212	0.0152579163921	-0.0157105799455	-0.0176764211796	-0.0233224351634
k__Bacteria;p__Bacteroidetes;c__Bacteroidia;o__Bacteroidales;f__Bacteroidaceae;g__Bacteroides;s__Bacteroides_plebeius	-0.0186306605806	-0.0387783094919	0.029767922461	-0.0575383977731	-0.0216135087723	-0.0427377437489	-0.0488488157029	0.0240550610551	-0.030136853711	-0.0321111377217	0.0182697489401	-0.028548617234	-0.00986692613344	-0.0257169136255	0.0140598686848	1.0	-0.0784478796901	-0.00135841568394	0.0073596007994	-0.00275078073749	0.00777213539103	-0.00974266572895	-0.068749645604	0.00890386218216	-0.0225169439181	-0.0167122864984	-0.00781652976562	-0.00956469352225	-0.0191051207363	-0.0297288620435	-0.00682224268589	0.061260264355	-0.0665578517506	0.04565181644	-0.0379010575455	-0.0366018280216	-0.00625130056358	-0.0476477765074	0.0228432067254	-0.00817532072597	-0.0171624036239	0.00799789609271	0.013054015768	0.0221300733816	-0.0558580824393	-0.0109900719721	-0.0201700447829	-0.0487749154702	-0.0120030274222	-0.000629418543114	-0.0114499111855	-0.0287747766488	0.0328591361525	0.00220505874576	-0.00795812533011	-0.00835754097213	0.00425080533851	-0.0240120346101	0.0466097325459
k__Bacteria;p__Bacteroidetes;c__Bacteroidia;o__Bacteroidales;f__Bacteroidaceae;g__Bacteroides;s__Bacteroides_fragilis	0.0388991379494	0.0535549121876	-0.0332463470856	-0.0289640498401	0.0051160241106	0.0125018108036	-0.0179508810541	-0.0512070875745	-0.00149592733978	-0.00703276101642	0.00250501161031	-0.0430542745363	-0.0129875929996	0.0190588946305	0.00417635928363	-0.0784478796901	1.0	0.0190953338075	0.0154340501436	-0.00724519790176	-0.0343676136938	-0.0489984063573	-0.00455553102577	0.0430103018537	0.0111935068607	-0.00708891210877	-0.0730789612553	-0.0147344887872	0.032713190373	-0.0123705933679	-0.0223188303518	-0.0644251826912	-0.047703346717	0.0192152788952	0.0218809227194	-0.0111266902736	0.00163415992248	0.0145654480905	0.000859777697146	0.00416778241737	-0.0236527025212	-0.010154426763	-0.0186625107142	0.00407284153697	0.0382095818317	-0.0314173309141	0.00839548175261	-0.0218529852616	-0.0663240919762	0.0025349555997	0.0213721327036	-0.00578351975197	0.0332083274155	-0.0602215390248	-0.0985921289595	0.0364358344313	-0.0202232106182	0.0345041908113	-0.00776825128666
k__Bacteria;p__Proteobacteria;c__Betaproteobacteria;o__Burkholderiales;f__Sutterellaceae;g__Sutterella;s__Sutterella_wadsworthensis	-0.000898136466956	0.0271141618018	-0.00136444443297	0.0455396287481	-0.0288273667626	-0.0130427517702	-0.0153477264909	-0.0155201185001	-0.00316229689846	0.0219744377439	0.017981836856	-0.0216193330422	-0.0222031723038	-0.0138591560432	0.0200056890383	-0.00135841568394	0.0190953338075	1.0	-0.0345299779106	-0.0298282135404	-0.0253267306845	-0.0803550354583	-9.0346953025e-05	-0.051482219437	-0.0137007455635	-0.0194349267365	-0.047717836555	-0.00160439575798	-0.0265262644485	-0.0186792486093	-0.0612125564268	-0.0032217961401	0.0320102412505	0.0362751980472	-0.0206536646563	0.0052649723705	0.0560127895017	-0.0177953525279	-0.0115440358678	0.00339936415006	-0.0355284217143	0.0470597669885	-0.0116177083388	0.0117917742578	0.0483101037385	0.0390841199503	-0.0874719151873	-0.0116009722968	-0.0223653551346	-0.00229407936984	-0.0136675157656	0.00306751096498	0.0372924873601	-0.0314290404399	0.0117264008476	-0.0307739158396	-0.0463059131613	0.0163871216361	0.0254554198885
k__Bacteria;p__Bacteroidetes;c__Bacteroidia;o__Bacteroidales;f__Porphyromonadaceae;g__Barnesiella;s__Barnesiella_intestinihominis	0.033938568405	0.0198957752484	-0.0368402673896	-0.0286747273588	0.055861521967	-0.0361887574409	-0.0187774405046	0.0529506651431	-0.0153805110797	0.0324317614702	-0.00912958852983	-0.00915950993846	-0.015975648568	-0.0329136980001	0.0334126408578	0.0073596007994	0.0154340501436	-0.0345299779106	1.0	-0.023916384107	-0.0312357344665	-0.0608048169006	-0.0222189018945	-0.0662485684115	-0.00314905099983	-0.0294885228959	-0.00922147966195	-0.0556885855743	0.00112512993584	0.0647940073191	0.0159247691403	0.064767812307	-0.0757198913457	-0.0268751006204	-0.018268425253	-0.0106533671419	-0.0422853740157	0.0408537478291	-0.021407050491	0.0396069764532	-0.0116440762895	-0.0448716646292	0.0335895773938	0.0296033421075	0.0449997504343	-0.0803802466557	-0.0294677746951	-0.0236896992521	-0.020437002786	0.047670173176	0.0430155183971	-0.00119143454465	0.00378736423478	-0.0216385458213	-0.0227163731006	0.027950753501	0.0363808144593	-0.0464692565243	-0.012623932475
k__Bacteria;p__Bacteroidetes;c__Bacteroidia;o__Bacteroidales;f__Odoribacteraceae;g__Odoribacter;s__Odoribacter_splanchnicus	-0.0564594373413	-0.0344895255371	-0.0156738335613	-0.0252031608296	0.027505014639	0.00175741405376	-0.00222344227241	-0.0307514394895	0.0089763294928	-0.0262106311088	0.0131926515228	-0.0362997697835	-0.00500524080508	-0.023179745907	-0.00350714613235	-0.00275078073749	-0.00724519790176	-0.0298282135404	-0.023916384107	1.0	-0.0411645594703	0.00390691335414	0.0159667745341	0.0356216126418	0.0027001825357	-0.0363206072739	0.0456530329427	-0.0103491981187	-0.0523611726537	0.0221203426097	-0.0390650528419	-0.0470017601401	-0.00136480549964	0.028381983638	-0.0230169717326	0.0176261346732	-0.0787760393246	0.0161928614686	-0.000915771260519	0.0242178544197	-0.0501088104923	0.0293756727766	-0.037155495019	-0.0153846772777	-0.00704820092799	-0.0083405675789	-0.0365070256877	-0.0229013752123	0.027564258689	-0.035716132206	0.0444426042625	-0.0695644032256	-0.0808338747857	0.00884641401577	0.0295884351431	0.0169856909263	-0.00486551682032	-0.00400990159723	0.00735141966496
k__Bacteria;p__Bacteroidetes;c__Bacteroidia;o__Bacteroidales;f__Bacteroidaceae;g__Bacteroides;s__Bacteroides_salyersiae	0.0426378954478	-0.0252292622901	-0.00989288191026	0.0125180358907	0.0171826245359	0.0429305810371	-0.016186592566	-0.00329076822922	-0.0309713132795	-0.0137276714358	0.0307262062014	-0.0423854661384	0.00199682852372	0.0634653744846	0.0419088551691	0.00777213539103	-0.0343676136938	-0.0253267306845	-0.0312357344665	-0.0411645594703	1.0	0.01687218283	0.00319908782239	-0.0125806847177	0.0626807795358	0.0174389837071	0.00107939864195	-0.0502517596417	-0.00395386665097	-0.0118344954676	0.00193009749008	0.00208026698567	0.0418856487399	0.0232768336057	0.0330320911392	-0.0246777271007	0.0405592193045	-0.049882358873	-0.00528340034626	-0.0657823351524	0.031843687072	-0.0170655614017	0.0365834900586	-0.0118401355713	-0.0141660003673	-0.00231686530113	-0.0218865612428	0.00692075532457	0.00738504471388	0.0400569698721	-0.0418833234735	-0.0119582559817	-0.0463472472155	-0.0505665188151	-0.0364989465072	-0.0130826085201	-0.0353726782017	0.0142720078695	1.69925186455e-05
k__Bacteria;p__Firmicutes;c__Clostridia;o__Clostridiales;f__Ruminococcaceae;g__Ruminiclostridium;s__[Eubacterium]_siraeum	-0.0328239421738	0.00805459921596	0.0701311108357	-0.0749571052181	-0.0389626650908	-0.0148692319196	0.0460234073415	-0.0174674091945	0.014111977752	0.016521645734	-0.0121058738719	-0.0364546432446	-0.00231748849423	0.0519948179641	0.0187534566594	-0.00974266572895	-0.0489984063573	-0.0803550354583	-0.0608048169006	0.00390691335414	0.01687218283	1.0	-0.022419038498	-0.0183120265563	0.0124118986763	0.000404861549495	-0.00150075570015	-0.0435052474168	-0.0296944468376	0.0402573912903	-0.0330295307791	-0.0250158985387	0.0241483317892	-0.0541230443394	-0.0682601166051	-0.00843719442127	0.0754693176612	-0.0213299477908	-0.0563282897882	-0.00698799148258	-0.048205946258	0.0280834117951	0.0119993746063	0.0191726436806	-0.0130841322667	0.0176976187974	0.0299864611353	-0.00409075276554	-0.0236209576312	0.0096504113774	-0.0291220675186	0.0481308958002	0.0279937244319	-0.0142025727477	0.0441392262776	-0.0142196498779	-0.00111090062261	0.0102568290313	-0.00350174956253
k__Bacteria;p__Proteobacteria;c__Betaproteobacteria;o__Burkholderiales;f__Sutterellaceae;g__Parasutterella;s__Parasutterella_excrementihominis	-0.025704417452	0.00383193272387	0.0144552784749	0.0132712355129	-0.0268790817059	0.000650643901994	-0.0286790188633	0.016576817426	0.0137185463704	0.014929456456	-0.0236198884488	0.0269539840998	-0.0100547748318	-0.00231203618295	-0.0269670042355	-0.068749645604	-0.00455553102577	-9.03469530249e-05	-0.0222189018945	0.0159667745341	0.00319908782239	-0.022419038498	1.0	-0.0276331882167	-0.0193763300962	-0.00105423824027	-0.0238507134729	0.0432650703068	-0.00453921043588	-0.0235070313423	0.0243764681033	-0.0281063507368	0.0299798820951	-0.0491187772424	0.0267623409567	-0.0265807338956	-0.000435853696976	-0.0224430494152	0.0114786078385	-0.013356846601	0.0667251756046	-0.0156293886899	0.00362072699211	-0.00796499372798	0.0479367033577	0.00646820312704	-0.0147555691652	-0.0119378918617	-0.00230571792108	0.0152843908331	-0.0494873648903	0.0151474136603	-0.011845306481	0.0108390710184	0.0167405274929	-0.0805987753835	0.0283498893855	-0.000316364959906	-0.026311520568
k__Bacteria;p__Actinobacteria;c__Actinobacteria;o__Bifidobacteriales;f__Bifidobacteriaceae;g__Bifidobacterium;s__Bifidobacterium_adolescentis	0.0120493058885	-0.0326828371	-0.0696754571359	0.0218553830575	-0.0393368056599	-0.0192545050237	0.051257630073	-0.0175506621374	0.043545462078	0.013473173164	-0.00282101912403	0.0375205144662	-0.0706928744348	-0.0215148516827	0.0123331620983	0.00890386218216	0.0430103018537	-0.051482219437	-0.0662485684115	0.0356216126418	-0.0125806847177	-0.0183120265563	-0.0276331882167	1.0	-0.0163861206861	-0.0074512786897	-0.0160191264437	-0.0534268963716	-0.0295508354702	0.0155811056225	0.020711269096	-0.0474098734213	0.0123396791006	0.0331345222573	0.0257496247033	-0.0886502470014	-0.0467286028471	0.035946448358	-0.0607907072674	0.00603270705897	0.027595007256	0.00228156186634	0.00422978108407	0.0278199540993	-0.0805920649696	0.0327248024427	-0.00291858505871	0.019029065402	-0.00772523485433	0.00542838274462	0.0312051761213	-0.0295012391653	0.0127070498111	-0.00461129807207	0.00427268095485	0.0132236621164	-0.00534749180175	-0.0444305312694	-0.0546274384615
k__Bacteria;p__Firmicutes;c__Clostridia;o__Clostridiales;f__Oscillospiraceae;g__Oscillibacter;s__Oscillibacter_sp._KLE_1745	-0.0472980470085	-0.00776644151443	-0.0189105774482	0.00727165260985	0.00340117351793	-0.0235929510908	-0.0503616739966	-0.030998542098	-0.0247058516864	0.0108464828312	0.0697714514098	0.0107128811509	0.00997337546614	0.0442024799653	-0.00759974596297	-0.0225169439181	0.0111935068607	-0.0137007455635	-0.00314905099983	0.0027001825357	0.0626807795358	0.0124118986763	-0.0193763300962	-0.0163861206861	1.0	0.0167016191011	0.0358102263753	-0.0518286621437	-0.0559569482109	-0.0223193981138	0.00488819062209	0.00781898627126	-0.00186741615986	-0.0453947363276	-0.00134854520931	0.00145657157109	0.0345812819953	-0.0198500772558	-0.0140480127199	0.0159178115726	0.00694898320814	-0.024378628451	0.0133119315367	-0.0205754525994	-0.0633720542331	0.0408934485627	-0.0288850645352	-0.0364893433239	0.0146912157102	-0.0373077390236	-0.0382034202177	0.00640726529312	-0.000530621902177	-0.0652907117807	-0.0396258877089	-0.0170555418135	0.00952757143723	0.0115226612117	0.0556435081111
k__Bacteria;p__Bacteroidetes;c__Bacteroidia;o__Bacteroidales;f__Bacteroidaceae;g__Bacteroides;s__Bacteroides_coprophilus	-0.0741316307235	-0.0367763457431	-0.00992708324512	-0.0156986504414	-0.0187738914522	0.0140241706616	-0.0581252930151	0.0954826937334	0.00538135122654	-0.0517532545671	-0.0121160033751	0.0360555805097	-0.0696195774511	-0.00514433204744	-0.00677024334863	-0.0167122864984	-0.00708891210877	-0.0194349267365	-0.0294885228959	-0.0363206072739	0.0174389837071	0.000404861549495	-0.00105423824027	-0.0074512786897	0.0167016191011	1.0	-0.00421971457431	0.0159244339087	-0.0309378577908	-0.00714165733009	-0.0108604629214	0.00226450306546	-0.0123206671252	0.00105527748681	0.00060693710404	0.0260533628903	0.0100025253679	0.0979205559523	-7.68872627297e-05	-0.0510295888676	0.0282000687258	0.0356227435075	-0.0463497194506	-0.0271271138872	-0.0203552295855	0.00372398970754	-0.0340455220587	-0.00287637208883	0.0189465162487	0.0489902403197	-0.000524906091671	0.00095455354572	-0.0119026744214	-0.058091521891	-0.0606469878635	-0.0219308070957	0.023983603135	-3.18801485834e-05	-0.0446826352671
k__Bacteria;p__Firmicutes;c__Clostridia;o__Clostridiales;f__Lachnospiraceae;g__Roseburia;s__Roseburia_intestinalis	0.00596521034575	-0.0527901208815	-0.0697723170741	0.00536391173465	0.0174979457904	-0.0351642543453	0.00657421109918	0.00243130987819	0.0248467262299	-0.00537182819002	0.0439837135351	-0.0550311691353	0.0134358936259	-0.0166630114402	-0.0145619876768	-0.00781652976562	-0.0730789612553	-0.047717836555	-0.00922147966195	0.0456530329427	0.00107939864195	-0.00150075570015	-0.0238507134729	-0.0160191264437	0.0358102263753	-0.0042197145743	1.0	0.0233042351388	0.0225004963669	-0.0377050697404	-0.0127170733892	0.0237692860786	-0.0690347593302	0.0005283139732	-0.0134884245821	0.063826776423	-0.050754625129	-0.0192108209518	-0.048296451608	0.0104049324185	0.0744607570653	-0.0435926448322	0.00389980286829	0.00188029341467	0.000636162027262	-0.0217007451488	0.0366334308252	0.0369475609892	0.0254833554551	-0.00257693734333	-0.0672785405976	0.0481919059062	-0.0615080047766	-0.00368144234356	-0.0116934352938	0.0104802516567	-0.0336276890777	-0.0114056300282	-0.0588505598142
k__Bacteria;p__Firmicutes;c__Clostridia;o__Clostridiales;f__Lachnospiraceae;g__Roseburia;s__Roseburia_hominis	-0.000940742100031	-0.00607999907516	0.00890821445006	0.0362705214315	-0.0462886883758	-0.0486580945786	0.0263506093468	-0.053389473568	-0.0373223204423	0.00519525518387	0.0191614063882	0.0320914629692	0.0153514552878	0.0314697724182	-0.0119679593978	-0.00956469352225	-0.0147344887872	-0.00160439575798	-0.0556885855743	-0.0103491981187	-0.0502517596417	-0.0435052474168	0.0432650703068	-0.0534268963716	-0.0518286621437	0.0159244339087	0.0233042351388	1.0	-0.00684280185126	-0.00191961244929	-0.0183120684475	0.0318937174871	-0.0304398205359	0.0382876559977	-0.0581232035276	-0.0728997432988	-0.00396924345924	0.00590077653239	-0.0133762753095	-0.00764815138192	3.36100011468e-05	0.0469723997921	-0.0826047886691	-0.0455898893576	0.00353693210929	-0.0175531800123	-0.00641590514166	-0.0132272932755	0.00870401600026	-0.0189674922169	0.0390090841929	0.0018311841376	-0.000747217065446	0.00733041320371	-0.0158594174414	-0.00369646165977	0.00374115912109	-0.0017307424791	-0.0502820841427
k__Bacteria;p__Bacteroidetes;c__Bacteroidia;o__Bacteroidales;f__Porphyromonadaceae;g__Parabacteroides;s__Parabacteroides_johnsonii	0.0190518064409	-0.0300205068831	0.0466941796087	-0.00561438568178	0.0177785611106	-0.0281359192776	-0.00788716713471	-0.0568794165157	-0.0795475134059	-0.0699513860058	-0.00545820464153	-0.00537835359459	0.028859089709	0.00552203072703	-0.00665507212828	-0.0191051207363	0.032713190373	-0.0265262644485	0.00112512993584	-0.0523611726537	-0.00395386665097	-0.0296944468376	-0.00453921043588	-0.0295508354702	-0.0559569482109	-0.0309378577908	0.0225004963669	-0.00684280185126	1.0	0.0345005313445	0.0220446853939	-0.0171248200542	0.0116337508102	0.0266349284109	-0.00208539705726	-0.0578267707792	0.00974732214258	-0.0268502819368	0.0128492670047	0.00158899306291	0.0340045588635	-0.00614552363974	0.00896054409971	0.00912335739062	-0.0264462940924	0.00977056271221	-0.0113215833524	-0.054225868843	-0.0203495585382	0.027884115879	-0.0266869525314	0.0566301113037	-0.0465647041668	-0.0107870419639	-0.00961164389176	0.0595368526664	0.0658367254679	0.015061649648	-0.00789733559514
k__Bacteria;p__Actinobacteria;c__Actinobacteria;o__Bifidobacteriales;f__Bifidobacteriaceae;g__Bifidobacterium;s__Bifidobacterium_longum	-0.046567242154	0.00767133451218	0.0112593693891	-0.00734005878989	-0.00614068296925	-0.018707119059	-0.0895839162192	-0.0013948163367	-0.028415199451	0.00438516400941	-0.00839049867847	-0.00372389690629	-0.0163296308068	-0.0275762165761	-0.0297114613675	-0.0297288620435	-0.0123705933679	-0.0186792486093	0.0647940073191	0.0221203426097	-0.0118344954676	0.0402573912903	-0.0235070313423	0.0155811056225	-0.0223193981138	-0.00714165733009	-0.0377050697404	-0.00191961244929	0.0345005313445	1.0	0.00870230584811	0.0111698414906	-0.0149972140213	-0.0467700770358	0.00489556422657	-0.00420934996819	-0.020484957561	0.0237466215636	0.0037615114918	8.29581033964e-05	-0.0151818090217	-0.0833245678359	-0.0118919452901	-0.0374213759967	0.00522867527885	0.0127731198157	-0.0179514279435	-0.0135643100251	-0.026899890143	0.0312234159587	-0.00480206453258	-0.0252709261783	0.0591318777832	-0.0230693946527	-0.0112817766849	-0.0438303389373	0.000369219160855	-0.0517986987022	-0.0390477224864
