#taxonomy	k__Bacteria;p__Bacteroidetes;c__Bacteroidia;o__Bacteroidales;f__Bacteroidaceae;g__Bacteroides;s__Bacteroides_vulgatus	k__Bacteria;p__Bacteroidetes;c__Bacteroidia;o__Bacteroidales;f__Bacteroidaceae;g__Bacteroides;s__Bacteroides_uniformis	k__Bacteria;p__Bacteroidetes;c__Bacteroidia;o__Bacteroidales;f__Rikenellaceae;g__Alistipes;s__Alistipes_putredinis	k__Bacteria;p__Bacteroidetes;c__Bacteroidia;o__Bacteroidales;f__Prevotellaceae;g__Prevotella;s__Prevotella_copri	k__Bacteria;p__Bacteroidetes;c__Bacteroidia;o__Bacteroidales;f__Bacteroidaceae;g__Bacteroides;s__Bacteroides_stercoris	k__Bacteria;p__Bacteroidetes;c__Bacteroidia;o__Bacteroidales;f__Bacteroidaceae;g__Bacteroides;s__Bacteroides_ovatus	k__Bacteria;p__Bacteroidetes;c__Bacteroidia;o__Bacteroidales;f__Rikenellaceae;g__Alistipes;s__Alistipes_shahii	k__Bacteria;p__Firmicutes;c__Clostridia;o__Clostridiales;f__Ruminococcaceae;g__Faecalibacterium;s__Faecalibacterium_prausnitzii	k__Bacteria;p__Bacteroidetes;c__Bacteroidia;o__Bacteroidales;f__Rikenellaceae;g__Alistipes;s__Alistipes_finegoldii	k__Bacteria;p__Bacteroidetes;c__Bacteroidia;o__Bacteroidales;f__Porphyromonadaceae;g__Parabacteroides;s__Parabacteroides_distasonis	k__Bacteria;p__Bacteroidetes;c__Bacteroidia;o__Bacteroidales;f__Bacteroidaceae;g__Bacteroides;s__Bacteroides_thetaiotaomicron	k__Bacteria;p__Bacteroidetes;c__Bacteroidia;o__Bacteroidales;f__Bacteroidaceae;g__Bacteroides;s__Bacteroides_coprocola	k__Bacteria;p__Bacteroidetes;c__Bacteroidia;o__Bacteroidales;f__Bacteroidaceae;g__Bacteroides;s__Bacteroides_cellulosilyticus	k__Bacteria;p__Bacteroidetes;c__Bacteroidia;o__Bacteroidales;f__Rikenellaceae;g__Alistipes;s__Alistipes_obesi	k__Bacteria;p__Firmicutes;c__Clostridia;o__Clostridiales;f__Lachnospiraceae;g__;s__[Eubacterium]_rectale	k__Bacteria;p__Bacteroidetes;c__Bacteroidia;o__Bacteroidales;f__Bacteroidaceae;g__Bacteroides;s__Bacteroides_plebeius	k__Bacteria;p__Bacteroidetes;c__Bacteroidia;o__Bacteroidales;f__Bacteroidaceae;g__Bacteroides;s__Bacteroides_fragilis	k__Bacteria;p__Proteobacteria;c__Betaproteobacteria;o__Burkholderiales;f__Sutterellaceae;g__Sutterella;s__Sutterella_wadsworthensis	k__Bacteria;p__Bacteroidetes;c__Bacteroidia;o__Bacteroidales;f__Porphyromonadaceae;g__Barnesiella;s__Barnesiella_intestinihominis	k__Bacteria;p__Bacteroidetes;c__Bacteroidia;o__Bacteroidales;f__Odoribacteraceae;g__Odoribacter;s__Odoribacter_splanchnicus	k__Bacteria;p__Bacteroidetes;c__Bacteroidia;o__Bacteroidales;f__Bacteroidaceae;g__Bacteroides;s__Bacteroides_salyersiae	k__Bacteria;p__Firmicutes;c__Clostridia;o__Clostridiales;f__Ruminococcaceae;g__Ruminiclostridium;s__[Eubacterium]_siraeum	k__Bacteria;p__Proteobacteria;c__Betaproteobacteria;o__Burkholderiales;f__Sutterellaceae;g__Parasutterella;s__Parasutterella_excrementihominis	k__Bacteria;p__Actinobacteria;c__Actinobacteria;o__Bifidobacteriales;f__Bifidobacteriaceae;g__Bifidobacterium;s__Bifidobacterium_adolescentis	k__Bacteria;p__Firmicutes;c__Clostridia;o__Clostridiales;f__Oscillospiraceae;g__Oscillibacter;s__Oscillibacter_sp._KLE_1745	k__Bacteria;p__Bacteroidetes;c__Bacteroidia;o__Bacteroidales;f__Bacteroidaceae;g__Bacteroides;s__Bacteroides_coprophilus	k__Bacteria;p__Firmicutes;c__Clostridia;o__Clostridiales;f__Lachnospiraceae;g__Roseburia;s__Roseburia_intestinalis	k__Bacteria;p__Firmicutes;c__Clostridia;o__Clostridiales;f__Lachnospiraceae;g__Roseburia;s__Roseburia_hominis	k__Bacteria;p__Bacteroidetes;c__Bacteroidia;o__Bacteroidales;f__Porphyromonadaceae;g__Parabacteroides;s__Parabacteroides_johnsonii	k__Bacteria;p__Actinobacteria;c__Actinobacteria;o__Bifidobacteriales;f__Bifidobacteriaceae;g__Bifidobacterium;s__Bifidobacterium_longum	k__Bacteria;p__Firmicutes;c__Clostridia;o__Clostridiales;f__;g__Flavonifractor;s__Flavonifractor_plautii	k__Bacteria;p__Firmicutes;c__Clostridia;o__Clostridiales;f__Clostridiaceae;g__Clostridium;s__Clostridium_phoceensis	k__Bacteria;p__Verrucomicrobia;c__Verrucomicrobiae;o__Verrucomicrobiales;f__Akkermansiaceae;g__Akkermansia;s__Akkermansia_muciniphila	k__Bacteria;p__Bacteroidetes;c__Bacteroidia;o__Bacteroidales;f__Prevotellaceae;g__Paraprevotella;s__Paraprevotella_xylaniphila	k__Bacteria;p__Firmicutes;c__Clostridia;o__Clostridiales;f__Ruminococcaceae;g__Ruminococcus;s__Ruminococcus_callidus	k__Bacteria;p__Bacteroidetes;c__Bacteroidia;o__Bacteroidales;f__Rikenellaceae;g__Alistipes;s__Alistipes_senegalensis	k__Bacteria;p__Firmicutes;c__Clostridia;o__Clostridiales;f__Lachnospiraceae;g__Blautia;s__Blautia_sp._KLE_1732	k__Bacteria;p__Bacteroidetes;c__Bacteroidia;o__Bacteroidales;f__Bacteroidaceae;g__Bacteroides;s__Bacteroides_oleiciplenus	k__Bacteria;p__Firmicutes;c__Clostridia;o__Clostridiales;f__Ruminococcaceae;g__Ruminococcus;s__Ruminococcus_bicirculans	k__Bacteria;p__Bacteroidetes;c__Bacteroidia;o__Bacteroidales;f__Bacteroidaceae;g__Bacteroides;s__Bacteroides_fluxus	k__Bacteria;p__Bacteroidetes;c__Bacteroidia;o__Bacteroidales;f__Prevotellaceae;g__Prevotella;s__Prevotella_stercorea	k__Bacteria;p__Firmicutes;c__Clostridia;o__Clostridiales;f__Lachnospiraceae;g__Dorea;s__Dorea_longicatena	k__Bacteria;p__Firmicutes;c__Clostridia;o__Clostridiales;f__Eubacteriaceae;g__Eubacterium;s__[Eubacterium]_eligens	k__Bacteria;p__Firmicutes;c__Clostridia;o__Clostridiales;f__Ruminococcaceae;g__;s__Ruminococcaceae_bacterium_D16	k__Bacteria;p__Firmicutes;c__Clostridia;o__Clostridiales;f__Lachnospiraceae;g__Coprococcus;s__Coprococcus_comes	k__Bacteria;p__Proteobacteria;c__Gammaproteobacteria;o__Enterobacterales;f__Enterobacteriaceae;g__Escherichia;s__Escherichia_coli	k__Bacteria;p__Firmicutes;c__Clostridia;o__Clostridiales;f__Ruminococcaceae;g__Anaerotruncus;s__Anaerotruncus_colihominis	k__Bacteria;p__Firmicutes;c__Clostridia;o__Clostridiales;f__Lachnospiraceae;g__Blautia;s__Blautia_obeum	k__Bacteria;p__Bacteroidetes;c__Bacteroidia;o__Bacteroidales;f__Odoribacteraceae;g__Odoribacter;s__Odoribacter_laneus	k__Bacteria;p__Firmicutes;c__Clostridia;o__Clostridiales;f__Ruminococcaceae;g__Ruminiclostridium;s__[Clostridium]_leptum	k__Bacteria;p__Bacteroidetes;c__Bacteroidia;o__Bacteroidales;f__Porphyromonadaceae;g__Parabacteroides;s__Parabacteroides_goldsteinii	k__Bacteria;p__Firmicutes;c__Clostridia;o__Clostridiales;f__Lachnospiraceae;g__Anaerostipes;s__Anaerostipes_hadrus	k__Bacteria;p__Firmicutes;c__Clostridia;o__Clostridiales;f__Ruminococcaceae;g__Ruminococcus;s__Ruminococcus_lactaris	k__Bacteria;p__Firmicutes;c__Clostridia;o__Clostridiales;f__Clostridiaceae;g__Clostridium;s__Clostridium_sp._L2-50	k__Bacteria;p__Firmicutes;c__Clostridia;o__Clostridiales;f__Clostridiaceae;g__Clostridium;s__Clostridium_sp._M62/1	k__Bacteria;p__Firmicutes;c__Clostridia;o__Clostridiales;f__;g__Intestinimonas;s__Intestinimonas_butyriciproducens	k__Bacteria;p__Actinobacteria;c__Actinobacteria;o__Bifidobacteriales;f__Bifidobacteriaceae;g__Bifidobacterium;s__Bifidobacterium_bifidum	k__Bacteria;p__Firmicutes;c__Negativicutes;o__Veillonellales;f__Veillonellaceae;g__Dialister;s__Dialister_invisus	k__Bacteria;p__Bacteroidetes;c__Bacteroidia;o__Bacteroidales;f__Bacteroidaceae;g__Bacteroides;s__Bacteroides_salanitronis
k__Bacteria;p__Bacteroidetes;c__Bacteroidia;o__Bacteroidales;f__Bacteroidaceae;g__Bacteroides;s__Bacteroides_vulgatus	1.0	-0.000952188321286	-0.0496278626459	-0.0165513120011	0.0152545118171	-0.0282333742031	-0.0488591949547	0.0134855478101	0.022481703362	-0.0112873464582	-0.0429611963624	-0.0525769899048	-0.0426282752585	-0.0157273474912	-0.0398364413645	0.000383499269773	0.000920191360215	0.00134702549942	0.0416933008032	0.049058444318	-0.0611922162742	0.0392954200399	-0.0152436685941	0.0249212470146	0.0051583158697	-0.00796902007535	0.0233348402468	-0.0338175773979	-0.00430724236636	0.00891934213071	-0.0206572501016	0.00959484576188	-0.00170932309602	-0.0347010928641	-0.0391434263602	0.00933176164668	0.00478215446933	-0.0212185043935	0.0115745163352	0.0237886172836	0.0132873205135	-0.00420088166542	-0.00667059821484	0.0404280826605	0.0112828033882	-0.0960389777	-0.0115984214646	0.00206558099295	-0.0479349262981	0.0232368234246	0.00185566696695	-0.0569615810488	0.0699435757698	-0.0120347595551	-0.0349682360736	-0.0058843354379	-0.0301464937784	-0.01529696876	0.00514105629615
k__Bacteria;p__Bacteroidetes;c__Bacteroidia;o__Bacteroidales;f__Bacteroidaceae;g__Bacteroides;s__Bacteroides_uniformis	-0.000952188321286	1.0	0.0196930076963	-0.0231154001521	0.0304370278132	0.0138648157959	-0.0282009533842	0.0271037872616	-0.0386647031055	-0.00419711729817	-0.027177470966	0.0125248008469	0.0375346308019	0.0161645397689	-0.0565138492377	-0.00573695898404	-0.0395259220684	-0.00136564887836	-0.0756323711112	-0.0579957757962	-0.0208769054548	-0.00347739901395	-0.0271538129926	-0.0358060728678	-0.0224049626776	0.00276921311806	-0.049021569005	-0.0231134953946	-0.0399790061619	-0.0421814120937	-0.0319037043733	0.00441501151003	-0.0419608003756	-0.0065292240638	-0.0401033419587	-0.0320693485796	0.00037240621321	0.0160995077605	-0.0110439420146	0.00846527391508	0.0312234741831	0.012080021948	0.000857780829091	-0.0307737813249	0.0180483692392	-0.0427626811491	-0.0116234935808	0.0613260586792	0.0085583423028	-0.0405069951492	-0.0513648161661	-0.00771942888422	0.0343916548267	-0.000554827059955	-0.0223399388801	0.0574402273221	0.00690619361518	-0.00888767643866	0.00559801937348
k__Bacteria;p__Bacteroidetes;c__Bacteroidia;o__Bacteroidales;f__Rikenellaceae;g__Alistipes;s__Alistipes_putredinis	-0.0496278626459	0.0196930076963	1.0	-0.012503252774	0.0562757587501	0.0415601526058	-0.0463353544426	0.00290364316152	0.0120220362763	-0.0264557494264	-0.058465490012	0.0701352738303	-0.00647794998386	-0.0597891817977	0.0280466281254	0.0144557854341	0.0167517667697	-0.0228555903823	-0.0237767700424	-0.0393734985693	0.0343360854726	-0.0356709147991	0.00285218732721	-0.0500015038269	0.0369817240624	-0.0404280549837	-0.0504734598083	0.043122560355	0.0555999518671	-0.0300484294101	-0.0130938426366	-0.0556561957322	0.0211005006804	0.0171030903702	-0.0282856000675	-0.00947016930606	0.0374340516632	0.0099788015893	-0.031821138961	-0.00617418008111	-0.0455786728643	-0.0479939619701	-0.0686509108164	0.0180202443875	0.00887107891441	-0.030919057325	-0.0152010479322	-0.0180159964081	0.0131150552022	0.0436393180559	0.0656681619279	-0.0305779655264	-0.0185010080741	-0.0435651152888	-0.0176588449719	-0.0564391231422	0.0790099626324	-0.0642383728955	-0.00391618469981
k__Bacteria;p__Bacteroidetes;c__Bacteroidia;o__Bacteroidales;f__Prevotellaceae;g__Prevotella;s__Prevotella_copri	-0.0165513120011	-0.0231154001521	-0.012503252774	1.0	0.062501347808	0.000798393032424	0.032691433223	-0.0670804462705	-0.00404858303501	0.0260441758834	-0.0267829852745	0.0226837406189	-0.0197628190005	0.0139427791764	0.0396995158311	0.00252687572976	0.00219968427781	-0.0310750628623	-0.0280312685575	-0.0493166705534	-0.0347988232497	-0.077236717124	-0.0208406090787	0.0127732101698	0.00790601326157	0.018403565498	0.0147489069151	0.0252506057391	0.0548112947435	-0.0333215321862	-0.00295557304082	-0.047074576242	-0.0227481148599	-0.0399125987337	-0.00551329874459	-0.0273877214894	0.000348988974918	0.0241252485161	-0.0636223559132	0.0187436888318	0.0450243862927	-0.00218528072277	-0.011057796998	-0.00655032103839	0.0422399936684	0.00281162406194	0.0478085833232	-0.0282628868	-0.10516574735	-0.0324592532032	-0.0451876725828	0.0175707441378	-0.0524383291201	-0.00956032208773	0.00918969976063	-0.0158316256338	-0.0171489147322	0.0293804852349	0.00525568302667
k__Bacteria;p__Bacteroidetes;c__Bacteroidia;o__Bacteroidales;f__Bacteroidaceae;g__Bacteroides;s__Bacteroides_stercoris	0.0152545118171	0.0304370278132	0.0562757587501	0.062501347808	1.0	0.0209952487146	-0.079418376321	0.00601083606358	0.0219021170412	0.0251020485234	-0.00824180986617	-0.00957538878411	0.0109405492218	0.00190582678149	0.0167678172092	-0.0310724407271	-0.000132824043628	0.0464378947706	0.00742600825477	-0.00604857296858	0.0152868366397	0.0494562196575	-0.0410530850336	-0.0199375849408	0.00465966374928	0.0363447639823	0.0157511732156	0.0114933182597	0.0119229029634	-0.0106531520769	-0.0806015456297	-0.0626585193637	-0.0231983888051	0.0011948204161	0.0254573200668	-0.0288674181431	-0.0111224080892	0.00509116171265	-0.0527467806148	-0.0463247983203	0.0124978204165	-0.0247674149002	-0.0161504337986	0.0183363615888	-0.00470528855855	-0.0403698195835	-0.0149759887481	-0.0603315737595	-0.0120581292136	0.0398146156105	0.0184703373175	-0.0507932196537	-0.00843395330207	-0.0291822033273	0.0497528217588	-0.00481096167564	-0.0263109221597	0.00522055130532	-0.0243788909026
k__Bacteria;p__Bacteroidetes;c__Bacteroidia;o__Bacteroidales;f__Bacteroidaceae;g__Bacteroides;s__Bacteroides_ovatus	-0.0282333742031	0.0138648157959	0.0415601526058	0.000798393032424	0.0209952487146	1.0	-0.0160302793717	-0.0186307595039	-0.0289531858912	-0.0603548969938	0.000847530782958	-0.0246378168156	-0.0282560183675	-0.0399202338945	-0.0417846022982	0.0362298584284	-0.00709424562448	-0.0428022912176	-0.0229137513669	-0.0118197862608	-0.00695575242741	-0.028892039725	-0.0362540236238	-0.0438847365422	-0.0322604371253	-0.063071108301	-0.003902974263	-0.0532248817023	0.038975876274	-0.00577341483002	0.0126796536737	0.0297593104311	-0.027726385915	-0.0378677915595	0.0199626793704	-0.00311047246901	0.00736277108791	0.0267231685615	-0.00493272806297	-0.0170015992153	-0.00442516456367	-0.00148963667211	0.0510784783137	0.0384832436173	0.0211409119995	-0.00119099382182	0.022291543674	0.0141393555812	-0.0451161324195	0.0281805977586	0.0423439411787	-0.0507734268462	0.032328041477	-0.00136281923558	-0.0220034916161	-0.0533333956968	-0.0105629429671	-0.0108394843224	0.0622399685983
k__Bacteria;p__Bacteroidetes;c__Bacteroidia;o__Bacteroidales;f__Rikenellaceae;g__Alistipes;s__Alistipes_shahii	-0.0488591949547	-0.0282009533842	-0.0463353544426	0.032691433223	-0.079418376321	-0.0160302793717	1.0	-0.043502059378	0.00565476073921	0.0521538817169	-0.0227729433233	-0.0294194719483	-0.004964762165	-0.0219442873325	0.00659699748522	0.0136161400818	0.0339457042817	-0.0165574690615	0.0170493651376	-0.0187388383085	0.00706066438385	0.0194402635972	0.0179497502726	-0.00844137633939	-0.0507570131195	-0.0441257414225	-0.00228343913659	-0.0261529880914	0.0261023518683	-0.0107761274539	-0.0412134046897	-0.00791059760413	0.0169517292895	0.0366689125548	-0.0686507162509	-0.0297891473815	0.0183096172742	0.0483532465397	0.0282658832416	0.101749775207	-0.0169780406653	0.020634153855	-0.0200504454936	-0.0751447568116	0.0183234523799	-0.0124415225942	-0.00117414533095	-0.0583041529853	-0.00431719011471	0.0314028173612	-0.0147434653349	-0.0399329646897	-0.0235125836384	0.0298442773697	0.0308363681123	-0.00932040497114	0.0190197281176	0.0808283842592	0.0428218458275
k__Bacteria;p__Firmicutes;c__Clostridia;o__Clostridiales;f__Ruminococcaceae;g__Faecalibacterium;s__Faecalibacterium_prausnitzii	0.0134855478101	0.0271037872616	0.00290364316152	-0.0670804462705	0.00601083606358	-0.0186307595039	-0.043502059378	1.0	-0.0336785196636	-0.0454609702537	-0.0346707670314	0.040866502035	0.0430239537875	0.0170843788885	-0.0886490306422	0.0184027198189	0.000187573479361	0.0251170646225	-0.018168757229	0.0666004008952	0.0551664952302	0.0045403105024	0.00577290683718	-0.0265404647076	0.0135828960988	-0.0154599400677	0.0138560096111	-0.00434200905905	-0.0191521455376	-0.0399405925765	0.0352382108333	0.00637539608597	-0.0414820273173	-0.0101221858822	-0.0702967382163	-0.0253857709835	-0.030727540659	0.000427034606037	-0.0445267490493	0.0439092115997	0.0148718789002	0.0247752516946	-0.0777393182264	0.0199495778612	-0.00209547547327	0.053345452992	-0.0225548775604	0.0164000012089	-0.0447419404259	0.076570048031	-0.0361836109378	-0.0221340781945	-0.0191042926274	-0.0259066921767	-0.02209780059	0.0186599086389	-0.00664323067285	0.0262402428823	-0.0491266103486
k__Bacteria;p__Bacteroidetes;c__Bacteroidia;o__Bacteroidales;f__Rikenellaceae;g__Alistipes;s__Alistipes_finegoldii	0.022481703362	-0.0386647031055	0.0120220362763	-0.00404858303501	0.0219021170412	-0.0289531858912	0.00565476073921	-0.0336785196636	1.0	-0.0758812205872	0.00522411243243	-0.0712610108042	-0.00900079455631	0.0338318067678	0.0330298175536	-0.0159327407737	0.00154639684474	0.099428169641	-0.0513191048508	-0.000542949567258	0.00299441127936	-0.105549889477	-0.0195564570164	0.0139993333009	-0.0205560396143	-0.0680930164631	0.0325306927804	0.00438291010629	0.0456334595828	0.0109677577284	-0.00544461380057	-0.00879879910513	0.00560225649619	-0.0178591313598	-0.0133486333107	0.0455088012077	0.021832583674	-0.0102110759374	-0.0243322133004	0.0303088532924	0.0889074757689	-0.0324585748595	-0.032431564492	-0.0156868884053	-0.048073981988	0.00744573291905	-0.035610716233	-0.0209200598193	0.0311359310184	-0.0313126655222	-0.0113729917208	0.0221580661838	-0.000484478227708	0.0255433406535	-0.0522791896028	0.0119935530222	0.0406525677853	0.0831124117843	-0.0117923658308
k__Bacteria;p__Bacteroidetes;c__Bacteroidia;o__Bacteroidales;f__Porphyromonadaceae;g__Parabacteroides;s__Parabacteroides_distasonis	-0.0112873464582	-0.00419711729817	-0.0264557494264	0.0260441758834	0.0251020485234	-0.0603548969938	0.0521538817169	-0.0454609702537	-0.0758812205872	1.0	0.0359484969137	-0.0503387446907	0.00744211370364	0.0154663120021	0.031029511742	0.00875047078707	0.00851744699142	-0.025378425193	0.0319590014856	-0.0809669165195	0.00732132640898	0.058007644779	0.01258536009	0.0816042507306	-0.0160368897378	-0.00110023256355	-0.0201692301277	0.0350266426965	-0.00685240531911	0.00585272339722	-0.033665319144	-0.0041134238863	0.0248552780758	0.0101668782067	-0.0410921507761	0.0098043664696	0.0289981887688	-0.0360680117615	-0.0384341140872	-0.00200677088755	-0.000213983708981	-0.0145684238771	-0.0920465159528	0.038391267635	0.0387682367771	0.0158224054833	0.0171965834233	0.0032443244796	-0.00842447175302	0.0142713416457	0.0125843990687	0.00454847735836	-0.0361633419713	0.00386084523746	-0.0187251689739	0.0350578797265	-0.00610164726647	-0.0541265290721	-0.000310191689429
k__Bacteria;p__Bacteroidetes;c__Bacteroidia;o__Bacteroidales;f__Bacteroidaceae;g__Bacteroides;s__Bacteroides_thetaiotaomicron	-0.0429611963624	-0.027177470966	-0.058465490012	-0.0267829852745	-0.00824180986617	0.000847530782958	-0.0227729433233	-0.0346707670314	0.00522411243243	0.0359484969137	1.0	-0.0532981419543	0.0325463544572	-0.00882114643804	0.0165278366475	-0.00994584915731	-0.00231506409992	-0.0494399502621	0.0539393292549	0.00411279328383	-0.00828544551839	-0.0283927799098	-0.0194446492949	-0.0207736308458	-0.0165451808249	-0.0123408516803	-0.0162753797333	-0.000534608455498	0.0127100796125	-0.0180984399785	-0.0195958222857	-0.00671791968408	0.0660600064858	-0.0116833048057	0.000749287449709	-0.00309118274323	0.00360623660588	-0.0280725261125	-0.0341814884852	-0.0621871098021	0.0566355961305	0.0212934309721	0.0169112143743	-0.0174993324163	0.0149944435627	0.00453017742429	-0.0290287959322	-0.0222309338637	0.0205438330351	0.0282400253967	0.0108915769538	0.0460467012546	-0.055664329808	-0.00961173766283	0.0360861722104	0.0130854015989	-0.0265043474393	-0.00848750250882	-0.0270271823124
k__Bacteria;p__Bacteroidetes;c__Bacteroidia;o__Bacteroidales;f__Bacteroidaceae;g__Bacteroides;s__Bacteroides_coprocola	-0.0525769899048	0.0125248008469	0.0701352738303	0.0226837406189	-0.00957538878411	-0.0246378168156	-0.0294194719483	0.040866502035	-0.0712610108042	-0.0503387446907	-0.0532981419543	1.0	-0.0169798660465	-0.0182810302562	0.00570645629746	0.0364734752876	-0.0195063540493	-0.0274659347998	0.00293507340191	0.022952467769	-0.0261294482923	0.0117821714208	-0.0210393474774	0.015077728834	-0.0541512380879	-0.0129011933385	-0.0301824075096	0.0069662079129	-0.0147688799915	-0.0149627682681	0.0163281783007	-0.0198894374713	-0.0254350188452	0.00200726172047	-0.00103990016902	0.0131309941418	0.0309057735982	0.0544154678239	0.00272933187617	-0.0238995994831	-0.0583420096162	-0.0289202662685	0.00242436770892	0.00495666651373	-0.00280979576981	0.018270819192	-0.0403206830015	0.0187848078724	-0.0410513405554	-0.00854727625225	0.0260202326829	-0.0203165292996	-0.012038213071	-0.00461480118065	0.0190836828984	-0.0324813977211	0.0116312348416	-0.0390855540259	-0.017133576107
k__Bacteria;p__Bacteroidetes;c__Bacteroidia;o__Bacteroidales;f__Bacteroidaceae;g__Bacteroides;s__Bacteroides_cellulosilyticus	-0.0426282752585	0.0375346308019	-0.00647794998386	-0.0197628190005	0.0109405492218	-0.0282560183675	-0.004964762165	0.0430239537875	-0.00900079455631	0.00744211370364	0.0325463544572	-0.0169798660465	1.0	-0.00761277584341	-9.68393446669e-05	-0.0193808383223	-0.0440223544555	-0.0306038196041	0.0111043234681	-0.0128268699029	-0.0397955170308	-0.0231427177703	0.0284014532599	0.0218293049455	0.0510625056607	0.0163872084553	-0.0143692249118	-0.0144161883222	0.0327376142845	-0.00105037575321	0.0322326968705	-0.0552997027275	-0.0438215393334	-0.0212837322774	-0.0166355038718	-0.0272317955952	0.00696484034218	0.0147087775835	0.0222009748716	0.0420767421627	0.0152949309774	0.0402557435203	-0.0536925612026	-0.0418243609338	-0.0552435863087	0.0297814210435	0.0482484122771	0.00766589304671	-0.028608753146	-0.0314418531085	-0.0090051262441	-0.0413445996006	-0.0457188111948	-0.0529774755431	-0.0246337509211	-0.0351823975237	0.0305201273386	-0.0638537514113	0.020628796449
k__Bacteria;p__Bacteroidetes;c__Bacteroidia;o__Bacteroidales;f__Rikenellaceae;g__Alistipes;s__Alistipes_obesi	-0.0157273474912	0.0161645397689	-0.0597891817977	0.0139427791764	0.00190582678149	-0.0399202338945	-0.0219442873325	0.0170843788885	0.0338318067678	0.0154663120021	-0.00882114643804	-0.0182810302562	-0.00761277584341	1.0	-0.0252589100773	-0.0481059140601	0.0494533011976	-0.0284508079053	0.0156627169603	0.0029766810792	0.0202046270944	-0.0253726977089	-0.013508126312	-0.00499627400885	-0.0411969181212	0.056067803779	-0.00983565213951	-0.0502372037669	-0.0699496146115	-0.0281526025882	-0.0179454395843	0.00219977550181	-0.0171915692478	0.00198771005391	0.00862306850635	0.0412893822526	-0.0544442670642	-0.0119592176913	-0.0138750713253	-0.0116137099923	0.00152841249807	0.0466428320304	0.00597958950521	-0.0573990713132	-0.00788769969903	-0.0102617767418	-0.0774504218416	-0.039833715038	0.0289681528269	-0.027088938104	-0.0191215795035	0.0923446787188	-0.0547951619232	-0.0331942432244	0.011110637181	0.0450835832186	-0.007901891257	-0.00410056857054	-0.00561388142335
k__Bacteria;p__Firmicutes;c__Clostridia;o__Clostridiales;f__Lachnospiraceae;g__;s__[Eubacterium]_rectale	-0.0398364413645	-0.0565138492377	0.0280466281254	0.0396995158311	0.0167678172092	-0.0417846022982	0.00659699748522	-0.0886490306422	0.0330298175536	0.031029511742	0.0165278366475	0.00570645629746	-9.68393446669e-05	-0.0252589100773	1.0	0.0397618715623	-0.0264086878868	-0.0277874316399	-0.0166844488764	0.0154626721452	-0.0438600287575	0.00453862619296	0.000883737032256	-0.052092848214	-0.00256766767155	0.0266398637593	-0.0410086328529	0.00293735265524	-0.0365681067223	0.0315623485273	-0.0207902788256	-0.00537146531476	0.0221213200158	-0.00407560158367	0.0531208032317	-0.0525506009936	0.0453047031604	0.0339820774825	-0.000194236745804	-0.0125372067335	-0.0394983021327	-0.0248361348803	-0.0133779914392	0.0399089472022	-0.0282262871496	0.063941037928	0.021081615699	-0.0180308108763	0.00647530565862	-0.00657435615603	0.0612547183296	-0.0983092289933	-0.0509329431214	0.0407308435742	-0.043575271097	-0.0137015080228	0.0193989113559	0.00365978515413	0.0274016134218
k__Bacteria;p__Bacteroidetes;c__Bacteroidia;o__Bacteroidales;f__Bacteroidaceae;g__Bacteroides;s__Bacteroides_plebeius	0.000383499269773	-0.00573695898404	0.0144557854341	0.00252687572976	-0.0310724407271	0.0362298584284	0.0136161400818	0.0184027198189	-0.0159327407737	0.00875047078707	-0.00994584915731	0.0364734752876	-0.0193808383223	-0.0481059140601	0.0397618715623	1.0	-0.0144217022719	-0.00359192745347	0.0337790661065	0.0575901202587	0.0023672506508	-0.0301904605548	-0.0502514420654	-0.0344506128619	-0.0424908962387	0.00323223780476	0.00240461148979	-0.00737507811131	-0.0769896020204	-0.0174406540945	-0.0812204789622	-0.00970306172284	0.0241810572167	-0.00211162860267	-0.000807034960554	-0.0230030328985	-0.0188861468529	-0.00717024329958	0.0221706412005	-0.0180744943293	-0.0809249576386	0.0281427119705	-0.0208751662815	-0.0125849155749	0.0832291479587	-0.0141402620401	-0.00697192016778	0.0110503816069	-0.0144758461472	0.0168133169231	0.048831781478	-0.0137676504747	0.00203345289341	0.000955445267374	0.00102109616135	-0.0400193135268	0.0706139617951	-0.00232002423196	-0.0298040513574
k__Bacteria;p__Bacteroidetes;c__Bacteroidia;o__Bacteroidales;f__Bacteroidaceae;g__Bacteroides;s__Bacteroides_fragilis	0.000920191360215	-0.0395259220684	0.0167517667697	0.00219968427781	-0.000132824043628	-0.00709424562448	0.0339457042817	0.000187573479361	0.00154639684474	0.00851744699142	-0.00231506409992	-0.0195063540493	-0.0440223544555	0.0494533011976	-0.0264086878868	-0.0144217022719	1.0	-0.0914309645783	-0.000769310915	0.0234382875271	0.0379644317914	-0.0604085074408	0.00209255794936	-0.055951817533	-0.0377024287629	0.0654838967911	0.0381056253633	0.0517107578105	0.0794225831586	0.000773817443741	0.0267472145827	-0.00199138230517	0.0435806998989	0.00434217481449	-0.0394583731765	-0.0329389357328	-0.00097355598703	0.00400019350302	-0.0811718365021	-0.0474579329116	0.0278308825857	-0.0326968671714	-0.037580702308	-0.00311384275338	0.0154318622426	-0.0687677054187	0.0135861448275	-0.0271312171589	0.0286175413635	-0.03938367319	-0.0224336787961	-0.0127623378053	0.0161659951384	-0.034511020577	-0.0782549884106	-6.84151708755e-05	-0.00817834625169	-0.0470362608922	-0.0402272695228
k__Bacteria;p__Proteobacteria;c__Betaproteobacteria;o__Burkholderiales;f__Sutterellaceae;g__Sutterella;s__Sutterella_wadsworthensis	0.00134702549942	-0.00136564887836	-0.0228555903823	-0.0310750628623	0.0464378947706	-0.0428022912176	-0.0165574690615	0.0251170646225	0.099428169641	-0.025378425193	-0.0494399502621	-0.0274659347998	-0.0306038196041	-0.0284508079053	-0.0277874316399	-0.00359192745347	-0.0914309645783	1.0	-0.0310812558895	-0.00240313668438	-0.0129515141798	0.0306001936629	-0.0171809869938	0.032785209982	-0.0175462999132	0.000421666430902	-0.0735644580161	0.0297623065828	-0.0245985064737	-0.0695925514711	-0.0492394154907	-0.0296700110061	0.0320534476963	0.0280834313662	0.028317477342	-0.0266961537623	0.0036251903483	-0.0340890117067	-0.0173532723191	-0.0255446858573	0.0214695602628	-0.0194371734023	0.0469901067343	0.0242673471895	-0.0160932038543	-0.0375363617096	-0.0464000545466	0.0261718904507	-0.0575976962178	-0.0503511158614	0.00164001998126	0.0448179565064	-0.0414969624831	-0.00708335444025	-0.0295881089297	-0.00395122581391	0.0302589536821	0.00836060005797	-0.028118936002
k__Bacteria;p__Bacteroidetes;c__Bacteroidia;o__Bacteroidales;f__Porphyromonadaceae;g__Barnesiella;s__Barnesiella_intestinihominis	0.0416933008032	-0.0756323711112	-0.0237767700424	-0.0280312685575	0.00742600825477	-0.0229137513669	0.0170493651376	-0.018168757229	-0.0513191048508	0.0319590014856	0.0539393292549	0.00293507340191	0.0111043234681	0.0156627169603	-0.0166844488764	0.0337790661065	-0.000769310915	-0.0310812558895	1.0	-0.0146912689098	0.00947472896994	-0.0166563337301	-0.020391109836	-0.0816653927058	0.0381975970588	-0.0425535920703	-0.0537714735476	0.0214258109864	0.0364483102018	0.0150649479684	0.0462990021857	-0.0465763022507	0.0206680254765	-0.0146066875286	-0.0381597005174	0.00291261456078	-0.0672010920321	0.00849888983234	0.0177648870219	-0.0499788206892	0.0312033789901	-0.00874771686872	0.0316078480137	0.0280142956951	-0.0275933804435	-0.0594623607311	0.0481852289341	0.0481877283947	0.0373871763727	0.00200172000373	0.00491711379088	-0.0179693189924	-0.00608636172451	-0.0189834668616	-0.0629851105703	0.0616368810771	-0.0502734593028	0.00561422297691	-0.0227971803947
k__Bacteria;p__Bacteroidetes;c__Bacteroidia;o__Bacteroidales;f__Odoribacteraceae;g__Odoribacter;s__Odoribacter_splanchnicus	0.049058444318	-0.0579957757962	-0.0393734985693	-0.0493166705534	-0.00604857296858	-0.0118197862608	-0.0187388383085	0.0666004008952	-0.000542949567258	-0.0809669165195	0.00411279328383	0.022952467769	-0.0128268699029	0.0029766810792	0.0154626721452	0.0575901202587	0.0234382875271	-0.00240313668438	-0.0146912689098	1.0	-0.0668105143625	-0.00442405375637	-0.0338985359338	0.0361386963437	-0.0241596403711	0.0150742975477	0.00475190062369	-0.00262181061461	-0.0447280689066	0.00847230907972	-0.00702079980286	-0.038506399169	-0.0107163339132	-0.0115795871647	-0.0521672784492	-0.0209316615503	-0.0354722768505	-0.0720414126278	0.0143781599325	-0.0174307965313	-0.0320268839611	-0.0391318937595	-0.0109343254541	-0.0358505508878	0.0262173148163	0.0254465254409	0.0161224283045	-0.0250167400085	0.00671248353022	0.0380952194466	-0.0342045980667	0.0792038908624	0.115771266625	-0.0199455137713	0.0111496730551	0.0345685329203	-0.0399901764898	0.0211217234755	0.00528277740784
k__Bacteria;p__Bacteroidetes;c__Bacteroidia;o__Bacteroidales;f__Bacteroidaceae;g__Bacteroides;s__Bacteroides_salyersiae	-0.0611922162742	-0.0208769054548	0.0343360854726	-0.0347988232497	0.0152868366397	-0.00695575242741	0.00706066438385	0.0551664952302	0.00299441127936	0.00732132640898	-0.00828544551839	-0.0261294482923	-0.0397955170308	0.0202046270944	-0.0438600287575	0.0023672506508	0.0379644317914	-0.0129515141798	0.00947472896994	-0.0668105143625	1.0	-0.0422669126812	0.0318360724319	0.0273453282309	0.00332855724794	-0.0569137803775	-0.00945508448633	-0.00535225327073	-0.0147569108239	-0.0651266106409	-0.0294166447466	-0.0646666420525	0.0287708865584	-0.0161981488186	0.025160821852	-0.027372255241	-0.0258436231809	0.00132180775159	0.0454271050331	-0.00160679189533	0.0140251314274	0.0146794195579	-0.0057132083841	0.0313159007051	0.000956511651594	-0.0088459581942	-0.0101991658936	-0.0558102929138	0.00563045588378	0.00488214661293	0.00327692560935	0.0224971537243	-0.0528307143788	0.0430867438306	-0.0661282273777	-0.0196910790315	-0.0107045769652	-0.0521373791501	0.013954808819
k__Bacteria;p__Firmicutes;c__Clostridia;o__Clostridiales;f__Ruminococcaceae;g__Ruminiclostridium;s__[Eubacterium]_siraeum	0.0392954200399	-0.00347739901395	-0.0356709147991	-0.077236717124	0.0494562196575	-0.028892039725	0.0194402635972	0.0045403105024	-0.105549889477	0.058007644779	-0.0283927799098	0.0117821714208	-0.0231427177703	-0.0253726977089	0.00453862619296	-0.0301904605548	-0.0604085074408	0.0306001936629	-0.0166563337301	-0.00442405375637	-0.0422669126812	1.0	0.0140019609804	-0.0127124906817	-0.00702160491288	-0.107079991841	0.00757350166219	0.0610223284318	-0.0191216599074	-0.061208792326	-0.0480398606634	-0.024731811355	0.0122591929512	0.0247630827795	0.00779135252001	0.0278852751499	-0.00174147242326	-0.0216245004046	-0.029867180819	-0.011878497548	-0.0124041878532	0.0425467295232	-0.0112148267993	-0.0319053128565	-0.00515194857658	0.0364936660918	0.0440231359363	0.0298457404786	-0.0152885154545	0.0323469392776	-0.00193147712308	0.0467783289438	-0.0376436930627	-0.00314118559366	0.0688844105699	-0.00508728448297	-0.0662114964377	0.0452130954572	0.038174843198
k__Bacteria;p__Proteobacteria;c__Betaproteobacteria;o__Burkholderiales;f__Sutterellaceae;g__Parasutterella;s__Parasutterella_excrementihominis	-0.0152436685941	-0.0271538129926	0.00285218732721	-0.0208406090787	-0.0410530850336	-0.0362540236238	0.0179497502726	0.00577290683718	-0.0195564570164	0.01258536009	-0.0194446492949	-0.0210393474774	0.0284014532599	-0.013508126312	0.000883737032256	-0.0502514420654	0.00209255794936	-0.0171809869938	-0.020391109836	-0.0338985359338	0.0318360724319	0.0140019609804	1.0	-0.0183027516285	0.0307756552296	0.0015875972074	0.00491102793726	-0.0182784553534	0.0282497235355	0.00083669695644	0.0305418693339	-0.00926837210262	0.0366152788429	-0.093871987707	-0.0821221030356	-0.00326788950869	-0.0256378846024	0.00974602581566	-0.0234810693341	-0.0092243673358	-0.0417043072176	0.00848894919108	0.00786696079355	-0.00873232494416	0.0705507040513	0.00845693715319	-0.0210616765824	0.0248487473631	0.0134944384079	-0.0629753812316	0.0187545976691	-0.045609814531	-0.00600035309279	-0.0328589284201	-0.00816563617956	-0.034296957197	-0.00860558591487	0.0209550835598	-0.0464725687778
k__Bacteria;p__Actinobacteria;c__Actinobacteria;o__Bifidobacteriales;f__Bifidobacteriaceae;g__Bifidobacterium;s__Bifidobacterium_adolescentis	0.0249212470146	-0.0358060728678	-0.0500015038269	0.0127732101698	-0.0199375849408	-0.0438847365422	-0.00844137633939	-0.0265404647076	0.0139993333009	0.0816042507306	-0.0207736308458	0.015077728834	0.0218293049455	-0.00499627400885	-0.052092848214	-0.0344506128619	-0.055951817533	0.032785209982	-0.0816653927058	0.0361386963437	0.0273453282309	-0.0127124906817	-0.0183027516285	1.0	-0.0305665435751	0.00422059994355	0.0374686177492	-0.0474088294133	0.0193655011711	0.0334070911697	0.0543945999487	-0.0646546913653	-0.0179615891849	0.00570475255864	-0.0255713247226	-0.0264492738774	-0.0572330905902	-0.0140645251234	-0.0193131884679	0.00011128927596	-0.0022818099653	0.000221011243496	-0.0165762418478	-0.0231748382403	-0.0434402697269	-0.0169433636225	-0.0390307548782	-0.0559826307188	0.0300690704736	0.0701447717824	0.0426532773891	0.0593911632583	-0.00356611746676	-0.0464746658091	0.0273633432172	0.0907970430016	-0.0152093776088	-0.0723710554074	-0.0430397131916
k__Bacteria;p__Firmicutes;c__Clostridia;o__Clostridiales;f__Oscillospiraceae;g__Oscillibacter;s__Oscillibacter_sp._KLE_1745	0.0051583158697	-0.0224049626776	0.0369817240624	0.00790601326157	0.00465966374928	-0.0322604371253	-0.0507570131195	0.0135828960988	-0.0205560396143	-0.0160368897378	-0.0165451808249	-0.0541512380879	0.0510625056607	-0.0411969181212	-0.00256766767155	-0.0424908962387	-0.0377024287629	-0.0175462999132	0.0381975970588	-0.0241596403711	0.00332855724794	-0.00702160491288	0.0307756552296	-0.030566543575	1.0	-0.0246719278403	-0.0355696165702	-0.0402001656212	0.0292095156857	-0.0702748163188	-0.0496569033798	-0.0183523436076	0.0685415652074	-0.0126824283692	0.00337982304682	-0.0524988547356	-0.00205788507337	-0.0126274354151	0.0556393893157	0.0635089977959	-0.017115422166	0.00186498197139	-0.0177063208331	0.0297371819658	0.0406020176377	-0.0269146977971	0.0190693982886	0.0290422324747	-0.0100659603972	-0.0371809263368	-0.0215726218543	0.00344574557244	0.0126867824855	0.0285098795236	0.00232402851914	0.0262691216792	-0.00214753305511	0.0602460411491	-0.0480939685727
k__Bacteria;p__Bacteroidetes;c__Bacteroidia;o__Bacteroidales;f__Bacteroidaceae;g__Bacteroides;s__Bacteroides_coprophilus	-0.00796902007535	0.00276921311806	-0.0404280549837	0.018403565498	0.0363447639823	-0.063071108301	-0.0441257414225	-0.0154599400677	-0.0680930164631	-0.00110023256355	-0.0123408516803	-0.0129011933385	0.0163872084553	0.056067803779	0.0266398637593	0.00323223780476	0.0654838967911	0.000421666430902	-0.0425535920703	0.0150742975477	-0.0569137803775	-0.107079991841	0.0015875972074	0.00422059994355	-0.0246719278403	1.0	0.0727069403483	-0.029919144435	-0.0697605789721	-0.0163392066398	0.0404004923051	-0.0041341777616	-0.043628240369	0.00924916035808	0.00245391442317	-0.0528416191881	-0.00677204183	-0.00281790965799	0.0441352307618	-0.000749247655574	-0.0405703823496	-0.0493812059674	-0.00597706534068	0.0448407793539	-0.0403612783686	-0.00371206858055	-0.0203870902868	0.0342150886322	-0.0135062246865	0.00899792732574	0.0222144772481	0.041422661536	-0.0271736762114	-0.0650539581697	-0.00631918503582	-0.0350041549742	0.0529006276172	-0.0167241153421	-0.0505125932482
k__Bacteria;p__Firmicutes;c__Clostridia;o__Clostridiales;f__Lachnospiraceae;g__Roseburia;s__Roseburia_intestinalis	0.0233348402468	-0.049021569005	-0.0504734598083	0.0147489069151	0.0157511732156	-0.003902974263	-0.00228343913659	0.0138560096111	0.0325306927804	-0.0201692301277	-0.0162753797333	-0.0301824075096	-0.0143692249118	-0.00983565213951	-0.0410086328529	0.00240461148979	0.0381056253633	-0.0735644580161	-0.0537714735476	0.00475190062369	-0.00945508448633	0.00757350166219	0.00491102793726	0.0374686177492	-0.0355696165702	0.0727069403483	1.0	0.0200948631672	-0.024717811374	0.0313730688229	0.0495592293613	-0.0387777163	-0.0105406891915	0.0422870835031	0.0401556423196	-0.0701118786295	-0.0387170487713	-0.0311185446404	-0.00272633165214	-0.000234816089136	-0.0216184184565	-0.0436904251839	-0.057518011885	-0.00857372325304	-0.0206706587948	0.0364116839204	-0.0390369841158	0.0707438650571	-0.0193906710628	-0.0149768667637	-0.0353852394726	0.00716533607199	-0.0218917857721	0.0254733227223	-0.0100259464768	0.0332257677348	0.00692999457304	0.0056370282198	-0.0264232822289
k__Bacteria;p__Firmicutes;c__Clostridia;o__Clostridiales;f__Lachnospiraceae;g__Roseburia;s__Roseburia_hominis	-0.0338175773979	-0.0231134953946	0.043122560355	0.0252506057391	0.0114933182597	-0.0532248817023	-0.0261529880914	-0.00434200905905	0.00438291010629	0.0350266426965	-0.000534608455498	0.0069662079129	-0.0144161883222	-0.0502372037669	0.00293735265524	-0.00737507811131	0.0517107578105	0.0297623065828	0.0214258109864	-0.00262181061461	-0.00535225327073	0.0610223284318	-0.0182784553534	-0.0474088294133	-0.0402001656212	-0.029919144435	0.0200948631672	1.0	-0.062151560991	-0.0072596609595	-0.0192026634927	0.00759993320064	0.0635368984899	0.0429502286365	0.0459092133423	-0.000165472311528	0.0190221795495	-0.039511817005	0.00663544819372	-0.00222314542909	-0.0153206526114	-0.0141667709447	-0.0164743298921	0.016097697487	-0.0165102147747	0.00463500062712	-0.0256421293845	0.000755533036067	-0.00611083904274	-0.0366963370876	0.0081638266451	-0.0186489770509	-0.0607964813407	-0.0078062137991	0.03370665043	-0.0412801213235	-0.0150453877203	-0.00965825026432	0.0515206347096
k__Bacteria;p__Bacteroidetes;c__Bacteroidia;o__Bacteroidales;f__Porphyromonadaceae;g__Parabacteroides;s__Parabacteroides_johnsonii	-0.00430724236636	-0.0399790061619	0.0555999518671	0.0548112947435	0.0119229029634	0.038975876274	0.0261023518683	-0.0191521455376	0.0456334595828	-0.00685240531911	0.0127100796125	-0.0147688799915	0.0327376142845	-0.0699496146115	-0.0365681067223	-0.0769896020204	0.0794225831586	-0.0245985064737	0.0364483102018	-0.0447280689066	-0.0147569108239	-0.0191216599074	0.0282497235355	0.0193655011711	0.0292095156857	-0.0697605789721	-0.024717811374	-0.062151560991	1.0	-0.028752720238	-0.0100284901804	0.0648874566827	-0.0363511984813	-0.0203500519549	0.0035609255847	-0.000320960695184	-0.0425521517899	-0.0381604919103	0.044184557345	0.0061011490997	0.00894160882402	-0.0517802634382	0.0239922316888	-0.0511847271782	-0.0542464210949	0.0228511828384	0.00155129798163	0.0333388024227	0.0511403383746	0.00592721065455	-0.0811599405506	-0.0581741393579	-0.028644351877	0.0351266183669	-0.0307650262975	-0.046623084985	0.0478188666399	0.0415206531425	-0.0740006558159
k__Bacteria;p__Actinobacteria;c__Actinobacteria;o__Bifidobacteriales;f__Bifidobacteriaceae;g__Bifidobacterium;s__Bifidobacterium_longum	0.00891934213071	-0.0421814120937	-0.0300484294101	-0.0333215321862	-0.0106531520769	-0.00577341483002	-0.0107761274539	-0.0399405925765	0.0109677577284	0.00585272339722	-0.0180984399785	-0.0149627682681	-0.00105037575321	-0.0281526025882	0.0315623485273	-0.0174406540945	0.000773817443741	-0.0695925514711	0.0150649479684	0.00847230907972	-0.0651266106409	-0.061208792326	0.00083669695644	0.0334070911697	-0.0702748163188	-0.0163392066398	0.0313730688229	-0.0072596609595	-0.028752720238	1.0	-0.00244280747585	0.0071653976223	0.00438923122456	-0.0524733783022	0.00100442871577	0.00931363964607	-0.00950332909978	-0.0168845307181	-0.0603333209949	0.090963144516	0.00503059290472	0.0358225655209	0.00440952888885	0.0166148000434	0.0448258660002	-0.0348821660763	0.0094056809002	-0.0373265149092	0.106971861402	0.020176280105	0.00272078246037	-0.0225540345414	-0.0120058104684	-0.0193500022643	-0.0201471160744	0.0221876945299	-0.0246305088808	0.0200042899672	0.0125186210514
