#taxonomy	k__Bacteria;p__Bacteroidetes;c__Bacteroidia;o__Bacteroidales;f__Bacteroidaceae;g__Bacteroides;s__Bacteroides_vulgatus	k__Bacteria;p__Bacteroidetes;c__Bacteroidia;o__Bacteroidales;f__Bacteroidaceae;g__Bacteroides;s__Bacteroides_uniformis	k__Bacteria;p__Bacteroidetes;c__Bacteroidia;o__Bacteroidales;f__Rikenellaceae;g__Alistipes;s__Alistipes_putredinis	k__Bacteria;p__Bacteroidetes;c__Bacteroidia;o__Bacteroidales;f__Prevotellaceae;g__Prevotella;s__Prevotella_copri	k__Bacteria;p__Bacteroidetes;c__Bacteroidia;o__Bacteroidales;f__Bacteroidaceae;g__Bacteroides;s__Bacteroides_stercoris	k__Bacteria;p__Bacteroidetes;c__Bacteroidia;o__Bacteroidales;f__Bacteroidaceae;g__Bacteroides;s__Bacteroides_ovatus	k__Bacteria;p__Bacteroidetes;c__Bacteroidia;o__Bacteroidales;f__Rikenellaceae;g__Alistipes;s__Alistipes_shahii	k__Bacteria;p__Firmicutes;c__Clostridia;o__Clostridiales;f__Ruminococcaceae;g__Faecalibacterium;s__Faecalibacterium_prausnitzii	k__Bacteria;p__Bacteroidetes;c__Bacteroidia;o__Bacteroidales;f__Rikenellaceae;g__Alistipes;s__Alistipes_finegoldii	k__Bacteria;p__Bacteroidetes;c__Bacteroidia;o__Bacteroidales;f__Porphyromonadaceae;g__Parabacteroides;s__Parabacteroides_distasonis	k__Bacteria;p__Bacteroidetes;c__Bacteroidia;o__Bacteroidales;f__Bacteroidaceae;g__Bacteroides;s__Bacteroides_thetaiotaomicron	k__Bacteria;p__Bacteroidetes;c__Bacteroidia;o__Bacteroidales;f__Bacteroidaceae;g__Bacteroides;s__Bacteroides_coprocola	k__Bacteria;p__Bacteroidetes;c__Bacteroidia;o__Bacteroidales;f__Bacteroidaceae;g__Bacteroides;s__Bacteroides_cellulosilyticus	k__Bacteria;p__Bacteroidetes;c__Bacteroidia;o__Bacteroidales;f__Rikenellaceae;g__Alistipes;s__Alistipes_obesi	k__Bacteria;p__Firmicutes;c__Clostridia;o__Clostridiales;f__Lachnospiraceae;g__;s__[Eubacterium]_rectale	k__Bacteria;p__Bacteroidetes;c__Bacteroidia;o__Bacteroidales;f__Bacteroidaceae;g__Bacteroides;s__Bacteroides_plebeius	k__Bacteria;p__Bacteroidetes;c__Bacteroidia;o__Bacteroidales;f__Bacteroidaceae;g__Bacteroides;s__Bacteroides_fragilis	k__Bacteria;p__Proteobacteria;c__Betaproteobacteria;o__Burkholderiales;f__Sutterellaceae;g__Sutterella;s__Sutterella_wadsworthensis	k__Bacteria;p__Bacteroidetes;c__Bacteroidia;o__Bacteroidales;f__Porphyromonadaceae;g__Barnesiella;s__Barnesiella_intestinihominis	k__Bacteria;p__Bacteroidetes;c__Bacteroidia;o__Bacteroidales;f__Odoribacteraceae;g__Odoribacter;s__Odoribacter_splanchnicus	k__Bacteria;p__Bacteroidetes;c__Bacteroidia;o__Bacteroidales;f__Bacteroidaceae;g__Bacteroides;s__Bacteroides_salyersiae	k__Bacteria;p__Firmicutes;c__Clostridia;o__Clostridiales;f__Ruminococcaceae;g__Ruminiclostridium;s__[Eubacterium]_siraeum	k__Bacteria;p__Proteobacteria;c__Betaproteobacteria;o__Burkholderiales;f__Sutterellaceae;g__Parasutterella;s__Parasutterella_excrementihominis	k__Bacteria;p__Actinobacteria;c__Actinobacteria;o__Bifidobacteriales;f__Bifidobacteriaceae;g__Bifidobacterium;s__Bifidobacterium_adolescentis	k__Bacteria;p__Firmicutes;c__Clostridia;o__Clostridiales;f__Oscillospiraceae;g__Oscillibacter;s__Oscillibacter_sp._KLE_1745	k__Bacteria;p__Bacteroidetes;c__Bacteroidia;o__Bacteroidales;f__Bacteroidaceae;g__Bacteroides;s__Bacteroides_coprophilus	k__Bacteria;p__Firmicutes;c__Clostridia;o__Clostridiales;f__Lachnospiraceae;g__Roseburia;s__Roseburia_intestinalis	k__Bacteria;p__Firmicutes;c__Clostridia;o__Clostridiales;f__Lachnospiraceae;g__Roseburia;s__Roseburia_hominis	k__Bacteria;p__Bacteroidetes;c__Bacteroidia;o__Bacteroidales;f__Porphyromonadaceae;g__Parabacteroides;s__Parabacteroides_johnsonii	k__Bacteria;p__Actinobacteria;c__Actinobacteria;o__Bifidobacteriales;f__Bifidobacteriaceae;g__Bifidobacterium;s__Bifidobacterium_longum	k__Bacteria;p__Firmicutes;c__Clostridia;o__Clostridiales;f__;g__Flavonifractor;s__Flavonifractor_plautii	k__Bacteria;p__Firmicutes;c__Clostridia;o__Clostridiales;f__Clostridiaceae;g__Clostridium;s__Clostridium_phoceensis	k__Bacteria;p__Verrucomicrobia;c__Verrucomicrobiae;o__Verrucomicrobiales;f__Akkermansiaceae;g__Akkermansia;s__Akkermansia_muciniphila	k__Bacteria;p__Bacteroidetes;c__Bacteroidia;o__Bacteroidales;f__Prevotellaceae;g__Paraprevotella;s__Paraprevotella_xylaniphila	k__Bacteria;p__Firmicutes;c__Clostridia;o__Clostridiales;f__Ruminococcaceae;g__Ruminococcus;s__Ruminococcus_callidus	k__Bacteria;p__Bacteroidetes;c__Bacteroidia;o__Bacteroidales;f__Rikenellaceae;g__Alistipes;s__Alistipes_senegalensis	k__Bacteria;p__Firmicutes;c__Clostridia;o__Clostridiales;f__Lachnospiraceae;g__Blautia;s__Blautia_sp._KLE_1732	k__Bacteria;p__Bacteroidetes;c__Bacteroidia;o__Bacteroidales;f__Bacteroidaceae;g__Bacteroides;s__Bacteroides_oleiciplenus	k__Bacteria;p__Firmicutes;c__Clostridia;o__Clostridiales;f__Ruminococcaceae;g__Ruminococcus;s__Ruminococcus_bicirculans	k__Bacteria;p__Bacteroidetes;c__Bacteroidia;o__Bacteroidales;f__Bacteroidaceae;g__Bacteroides;s__Bacteroides_fluxus	k__Bacteria;p__Bacteroidetes;c__Bacteroidia;o__Bacteroidales;f__Prevotellaceae;g__Prevotella;s__Prevotella_stercorea	k__Bacteria;p__Firmicutes;c__Clostridia;o__Clostridiales;f__Lachnospiraceae;g__Dorea;s__Dorea_longicatena	k__Bacteria;p__Firmicutes;c__Clostridia;o__Clostridiales;f__Eubacteriaceae;g__Eubacterium;s__[Eubacterium]_eligens	k__Bacteria;p__Firmicutes;c__Clostridia;o__Clostridiales;f__Ruminococcaceae;g__;s__Ruminococcaceae_bacterium_D16	k__Bacteria;p__Firmicutes;c__Clostridia;o__Clostridiales;f__Lachnospiraceae;g__Coprococcus;s__Coprococcus_comes	k__Bacteria;p__Proteobacteria;c__Gammaproteobacteria;o__Enterobacterales;f__Enterobacteriaceae;g__Escherichia;s__Escherichia_coli	k__Bacteria;p__Firmicutes;c__Clostridia;o__Clostridiales;f__Ruminococcaceae;g__Anaerotruncus;s__Anaerotruncus_colihominis	k__Bacteria;p__Firmicutes;c__Clostridia;o__Clostridiales;f__Lachnospiraceae;g__Blautia;s__Blautia_obeum	k__Bacteria;p__Bacteroidetes;c__Bacteroidia;o__Bacteroidales;f__Odoribacteraceae;g__Odoribacter;s__Odoribacter_laneus	k__Bacteria;p__Firmicutes;c__Clostridia;o__Clostridiales;f__Ruminococcaceae;g__Ruminiclostridium;s__[Clostridium]_leptum	k__Bacteria;p__Bacteroidetes;c__Bacteroidia;o__Bacteroidales;f__Porphyromonadaceae;g__Parabacteroides;s__Parabacteroides_goldsteinii	k__Bacteria;p__Firmicutes;c__Clostridia;o__Clostridiales;f__Lachnospiraceae;g__Anaerostipes;s__Anaerostipes_hadrus	k__Bacteria;p__Firmicutes;c__Clostridia;o__Clostridiales;f__Ruminococcaceae;g__Ruminococcus;s__Ruminococcus_lactaris	k__Bacteria;p__Firmicutes;c__Clostridia;o__Clostridiales;f__Clostridiaceae;g__Clostridium;s__Clostridium_sp._L2-50	k__Bacteria;p__Firmicutes;c__Clostridia;o__Clostridiales;f__Clostridiaceae;g__Clostridium;s__Clostridium_sp._M62/1	k__Bacteria;p__Firmicutes;c__Clostridia;o__Clostridiales;f__;g__Intestinimonas;s__Intestinimonas_butyriciproducens	k__Bacteria;p__Actinobacteria;c__Actinobacteria;o__Bifidobacteriales;f__Bifidobacteriaceae;g__Bifidobacterium;s__Bifidobacterium_bifidum	k__Bacteria;p__Firmicutes;c__Negativicutes;o__Veillonellales;f__Veillonellaceae;g__Dialister;s__Dialister_invisus	k__Bacteria;p__Bacteroidetes;c__Bacteroidia;o__Bacteroidales;f__Bacteroidaceae;g__Bacteroides;s__Bacteroides_salanitronis
k__Bacteria;p__Bacteroidetes;c__Bacteroidia;o__Bacteroidales;f__Bacteroidaceae;g__Bacteroides;s__Bacteroides_vulgatus	1.0	-0.0481084090086	-0.0292049352937	-0.0478735292439	-0.000708540839083	0.00382536542209	0.0148237961272	0.00675442029735	-0.0603558841622	-0.0397452132524	0.019475658821	-0.0574896189376	-0.0224573541285	-0.00885954172045	-0.0211818424093	0.0182665127026	-0.0201263643821	-0.0263301142979	-0.0544807816875	0.0497455713565	0.0185420719234	0.027330630904	0.00762645757475	-0.0211748738286	-0.000459558553301	0.0352599686474	-0.00506439291659	-0.0349500801875	-0.012274712142	0.0103927723827	0.0410000817472	-0.0855382460758	-0.0186537275206	0.0718065079592	0.0111278907702	-0.0616023602711	-0.0581469817353	-0.0150351231731	0.0389332294497	0.0166640912019	-0.0601516970053	0.0230665075895	0.0119685530289	-0.0341213408566	-0.0125296076725	0.00109109160165	0.0106582231875	-0.0315644956374	-0.0243314583473	0.0286008334715	0.0328385800524	-0.0327956080797	-0.0223674879506	0.0258804756856	-0.02626306945	0.0340487563764	0.0180919159982	0.0038801785177	-0.0357154386665
k__Bacteria;p__Bacteroidetes;c__Bacteroidia;o__Bacteroidales;f__Bacteroidaceae;g__Bacteroides;s__Bacteroides_uniformis	-0.0481084090086	1.0	-0.0514355188715	0.0300470355418	-0.0362092452924	-0.0218460005852	0.0192439320041	-0.0369058711106	0.00632211177011	-0.0621773798455	-0.0152692752592	-0.0140302693054	0.00806159107426	0.0584330643624	0.0325065085164	0.00587077283557	0.00813044961112	-0.011001328232	0.00134277545873	0.0229256072442	-0.0293876726641	-0.0857634228827	-0.0166553129102	0.0114760993476	-0.00390918661655	-0.0144416211327	0.0325572854065	0.0199408910829	-0.0434260224327	0.0410320665341	0.00649505337292	0.021892649426	0.0221237479029	-0.0490242516238	-0.00891861120336	0.00679815394678	-0.0448727978014	0.0352404700242	-0.0613590626854	-0.0220124869214	0.00587172316696	-0.00900173660355	-0.00234359873205	0.0470827120782	0.00837792601503	-0.0228685817963	-0.00122664990094	-0.104019023204	0.0768649143238	0.0168322632281	0.0163471745921	-0.0226174081771	-0.032076548437	-0.0349229298754	-0.0164143931678	-0.0111788318897	0.023108432962	0.0265673985945	-0.0371561917464
k__Bacteria;p__Bacteroidetes;c__Bacteroidia;o__Bacteroidales;f__Rikenellaceae;g__Alistipes;s__Alistipes_putredinis	-0.0292049352937	-0.0514355188715	1.0	-0.00271814508513	-0.0241784182034	-0.0403400977467	0.0088860519409	0.0283821986831	0.043657218022	-0.0450141386901	0.0340908969692	-0.0236347772029	-0.058144843875	0.0191626312542	0.0238049561626	-0.0516825820198	0.0180673178506	-0.0695718327234	-0.0157302218633	0.0364021737221	-0.0758774475125	-0.008869713279	-0.0431916883683	-0.0251968529678	-0.0208783520442	-0.00653392549608	-0.0472130728553	0.0256962285955	-0.0205105759037	0.0626333246635	0.0272812904104	-0.0357475549838	0.0250069855577	0.00626392907005	0.0342103273633	-0.0141510288517	-0.0326400952212	-0.0439590054788	0.033042569584	0.0157669533886	-0.0019834536401	0.0107933364574	0.00613076349832	-0.0240563317368	0.0445659686347	-0.0352310655586	-0.0075956172859	0.00153426464203	-0.025796045897	-0.00123960046126	0.0434572408172	-0.0306843359592	0.0204763365818	0.00343908572505	0.0362313532573	0.0253751745921	-0.0345568342257	-0.0485264913091	0.038146382917
k__Bacteria;p__Bacteroidetes;c__Bacteroidia;o__Bacteroidales;f__Prevotellaceae;g__Prevotella;s__Prevotella_copri	-0.0478735292439	0.0300470355418	-0.00271814508513	1.0	-0.0324812450652	-0.0118802347567	0.00226607168156	-0.0383079201878	-0.0142970500016	0.0466213038845	0.0064363401099	0.00884542348517	0.0238821059041	-0.065981851696	0.0251554062687	-0.00846758844334	-0.026783697452	0.00750795595876	-0.0537684931335	-0.0204049833451	-0.0310136163442	-0.00854613618105	-0.0140220739273	-0.0194995211231	0.0167239614503	-0.0168749278302	-0.047631926979	-0.0329775402631	0.0295646168845	0.0162757807826	0.00128459820922	-0.0172155258982	0.00992029566376	-0.00506293611807	0.00512547625583	0.0105537783836	-0.015874638308	0.0448860251846	0.0162497915014	0.0231356063173	0.0443899169637	-0.0298687398928	0.00363554009539	-0.0439876996791	0.022219139682	6.40005331689e-05	-0.0263158402149	-0.0113032867894	0.0119868396677	0.025368655769	0.055192440694	-0.0101057594192	-0.00578374597918	0.0360676378008	0.02465700147	0.0281368642841	-0.00032470658187	0.0511674266623	-0.00203811179864
k__Bacteria;p__Bacteroidetes;c__Bacteroidia;o__Bacteroidales;f__Bacteroidaceae;g__Bacteroides;s__Bacteroides_stercoris	-0.000708540839083	-0.0362092452924	-0.0241784182034	-0.0324812450652	1.0	0.0625174081768	-0.0159580212121	0.0150517114595	0.0224271380947	0.0184121411271	0.00929303817017	-0.0560600822519	-0.0320805721031	0.00184389206644	0.0250524171364	-0.00126075108407	0.0129417782244	0.0188942511813	0.0168411030453	-0.0221678338453	0.034186685459	-0.00301176101191	0.0150346653641	0.0154558171678	-0.0186889528644	-0.0384890195523	-0.026851381617	0.0328639999298	-0.020290479572	-0.0157990243967	0.0241183890779	-0.0350869793323	-0.0298045245884	0.0545607647292	0.0135133700264	0.0173083107141	0.00805315317252	-0.0213003839495	-0.00411247972811	0.0293801970756	0.0241958662647	-0.051183069036	-0.00858501584718	-0.0375956462816	-0.0302801684652	0.00494006659978	-0.0239484017597	-0.00264311244541	-0.0231220039663	0.0227877490074	-0.012801259323	0.0026499518519	-0.0288543161862	-0.0140539987225	-0.0288826482425	0.0305401392639	-0.0269622168012	0.0131832750221	-0.0179363563678
k__Bacteria;p__Bacteroidetes;c__Bacteroidia;o__Bacteroidales;f__Bacteroidaceae;g__Bacteroides;s__Bacteroides_ovatus	0.00382536542209	-0.0218460005852	-0.0403400977467	-0.0118802347567	0.0625174081768	1.0	-0.0662181127375	0.0269482873122	0.0154185995578	0.000477113267224	-0.0291033911572	-0.00733484382386	0.0419170404417	-0.0293993618504	-0.0460868459244	0.00770650036433	0.0311039989572	-0.0339256687868	0.00493588501086	0.00452189789209	-0.0256801158834	0.0131691852938	-0.0330469777833	0.00277355046195	-0.0583258595795	-0.0119179639343	-0.0447839786828	0.00371326415505	0.0245524193996	-0.018826054341	-0.0285184149023	0.0431362778071	0.0128726635501	-0.00428464101752	-0.0290532593156	0.0519154981944	-0.0499745187621	0.00500488584838	-0.0144229197215	0.02117374894	0.0196830001364	-0.00619897828071	-0.0447316774138	-0.0582001169546	0.00581717497786	-0.00480601664246	0.0134634789215	0.0122004785647	-0.0468502602459	-0.0185908849801	0.0072297444067	-0.00755075542586	0.00938581788419	0.00634261157044	-0.0725132267202	-0.00250566973159	-0.00537585301211	0.0161073510518	0.0570366582921
k__Bacteria;p__Bacteroidetes;c__Bacteroidia;o__Bacteroidales;f__Rikenellaceae;g__Alistipes;s__Alistipes_shahii	0.0148237961272	0.0192439320041	0.0088860519409	0.00226607168156	-0.0159580212121	-0.0662181127375	1.0	-0.0959837977292	-0.0213747630836	-0.00270524897341	-0.0293511690163	9.63957096408e-05	0.0480894387514	-0.0156898765489	0.0232628998457	-0.0179251784884	0.00766618303527	-0.0281287954719	-0.0329176533826	-0.0434370715345	-0.0374681835425	-0.00582478425534	0.00477610267494	-0.00239550482412	0.00492519722254	0.0422919179453	0.0127975238656	-0.00885489518246	-0.0176347501321	-0.0394483236614	-0.0080316053894	0.0278460687759	-0.00406929381425	-0.0013457207353	0.0131434652306	-0.000775176548929	-0.02491695861	0.0031918330012	-0.0223431114907	-0.0266876369854	-0.0237835644216	0.0191496605284	-0.0442552508848	-0.0399967799988	-0.0170166961513	0.0208378506546	-0.00792038834403	0.00190377432845	-0.0363006015437	-0.0448224568768	-0.0146205445998	-0.0631394275641	-0.00503992819666	0.0025330485503	0.0750344508454	-0.0233673753371	-0.0166465695571	0.00750072158399	0.0495877954267
k__Bacteria;p__Firmicutes;c__Clostridia;o__Clostridiales;f__Ruminococcaceae;g__Faecalibacterium;s__Faecalibacterium_prausnitzii	0.00675442029735	-0.0369058711106	0.0283821986831	-0.0383079201878	0.0150517114595	0.0269482873122	-0.0959837977292	1.0	0.0252933115833	-0.0353696654387	-0.0147740066822	0.00305641913734	0.0680993952272	0.000731216484063	0.008906878025	0.00818480423014	-0.0389154804621	0.00214036754668	0.0970264889556	-0.0553661708494	-0.0732679766312	0.0150390977751	-0.0148597136379	-0.0357267815565	-0.0224466963175	0.00698962311149	0.0279488514131	-0.0152089036526	0.0654726647247	-0.0372482381506	-0.0100891125757	-0.0182469503715	0.00197757735593	0.0129826048904	-0.070334561681	0.0200391041263	0.0334830715415	-0.0371352601319	0.0249805028253	-0.0585224209424	0.0285821153174	0.021278079632	0.00384671771997	0.0346988415757	-0.0398068528837	0.0139314054649	-0.00479902018236	0.0237037946627	-0.0240680673084	-0.000407070935887	0.0227543204049	0.0205363250522	0.0146177442114	-0.0207356116927	0.0176496952113	-0.0261307358424	-0.010385102837	-0.00606922076373	-0.032943609733
k__Bacteria;p__Bacteroidetes;c__Bacteroidia;o__Bacteroidales;f__Rikenellaceae;g__Alistipes;s__Alistipes_finegoldii	-0.0603558841622	0.00632211177011	0.043657218022	-0.0142970500016	0.0224271380947	0.0154185995578	-0.0213747630836	0.0252933115833	1.0	-0.0030333139491	-0.0126932394749	-0.0256661592737	-0.0776537306956	0.0816986132908	-0.0357291443933	-0.0212655188587	0.0663161931568	0.0351267532159	0.0278744940302	-0.00167320454481	0.00299830650633	-0.039137180953	0.0161436068821	-0.0154083023033	0.00110541753957	-0.0376226417277	0.0473149996342	0.038159347746	0.0238295155125	-0.00615952719611	-0.0600486725892	0.0387719779212	0.0162160112356	-0.0119419055096	0.0203577122348	-0.00133217866433	-0.0111174049816	-0.0297777224286	-0.0258341986175	0.0601682424575	-0.0582563490316	0.0117646644203	-0.0125959450319	-0.0737428534601	-0.0356294913573	-0.0302421681334	0.0238411513818	0.00753336701644	0.00400146679306	-0.0461115473907	-0.0313520195459	0.00148066320589	-0.0147480802722	-0.0237807151126	0.0313102581185	0.0346768469062	-0.00194071511514	-0.0614317423536	-0.00237566526227
k__Bacteria;p__Bacteroidetes;c__Bacteroidia;o__Bacteroidales;f__Porphyromonadaceae;g__Parabacteroides;s__Parabacteroides_distasonis	-0.0397452132524	-0.0621773798455	-0.0450141386901	0.0466213038845	0.0184121411271	0.000477113267224	-0.00270524897341	-0.0353696654387	-0.0030333139491	1.0	0.0149669852919	-0.0595697980392	-0.0394988516361	-0.00725411808319	-0.0308464437774	-0.0117932015332	-0.00593729750337	-0.00307136230575	0.0449471001059	-0.0300401538824	0.00797350922827	0.00178547657279	0.0130478456047	-0.0209601084758	-0.0260799567404	-0.0140106326991	0.041687373461	-0.0412760818922	-0.0471028847484	0.0405736605284	-0.0275083806009	-0.0339124229736	-0.00742044790855	-0.0162908468939	-0.00927281489397	-0.0620911320264	-0.0120102722484	0.026943087229	0.0152214278966	-0.0317389325953	-0.0230364478915	0.028057353579	0.00600529343596	-0.00292557075748	-0.034226375726	-0.0175440852869	-0.0564090839671	-0.0131093727224	0.0206728053934	0.000834041740952	-0.0225171599971	0.0262847485203	-0.0051949060603	-0.0440651847406	0.0279379353944	0.0320633674532	-0.0325417000021	-0.0237034071079	-0.0432864716378
k__Bacteria;p__Bacteroidetes;c__Bacteroidia;o__Bacteroidales;f__Bacteroidaceae;g__Bacteroides;s__Bacteroides_thetaiotaomicron	0.019475658821	-0.0152692752592	0.0340908969692	0.0064363401099	0.00929303817017	-0.0291033911572	-0.0293511690163	-0.0147740066822	-0.0126932394749	0.0149669852919	1.0	-0.00853469957398	0.0671550913356	-0.00457927845785	0.000218869482112	0.041324050614	-0.0499076949072	-0.0164656591362	-0.0195579351414	-0.0451668326381	0.00375073619924	-0.0314568807011	0.0316087726856	0.0319018138904	0.0330728567967	-0.0678840386026	-0.00848068296912	-0.0535805956074	-0.0139126999017	0.00189696393244	-0.0496341880515	0.0245633580612	0.00543202512986	2.61051219707e-06	-0.0121377696646	-0.0207871063473	0.0242175095572	-0.0388422321093	-0.0404118987361	0.00342401609121	-0.0142925638016	-0.0319987393359	-0.0628968332524	-0.0561281584498	0.0125310746642	-0.0744434996231	0.0251675887195	-0.00395795689897	0.0188888657377	-0.0286752070735	0.0160160485534	0.0431539296663	-0.00625089916967	0.0300066935998	-0.0244087018214	-0.0477554338986	0.0776262675708	0.0368355977561	-0.0277502657611
k__Bacteria;p__Bacteroidetes;c__Bacteroidia;o__Bacteroidales;f__Bacteroidaceae;g__Bacteroides;s__Bacteroides_coprocola	-0.0574896189376	-0.0140302693054	-0.0236347772029	0.00884542348517	-0.0560600822519	-0.00733484382386	9.63957096409e-05	0.00305641913734	-0.0256661592737	-0.0595697980392	-0.00853469957398	1.0	-0.0458186054693	0.0903865373056	-0.0391788260837	0.00258535386463	0.0225381610322	-0.0131104269758	-0.0164551034902	-0.0168654455549	0.0230432524506	-0.0259838686296	-0.0564134142138	-0.00758892506376	-0.0105922200478	0.00333051202167	0.0273111398773	0.00861048646254	0.0247007939774	-0.00643390589461	-0.0167466788571	-0.0350326871969	-0.0637695891961	0.00179763060632	-0.0272774802477	0.0542340525365	-0.0193780716226	-0.00882937785937	0.00839914463998	0.0350472403883	-0.0635605517029	0.06580518736	0.00308809367588	0.0252162511402	-0.0239447880542	-0.0367636267746	-0.00196697559767	0.0475823449854	-0.0363847609687	-0.00900289625407	0.00359660353927	-0.00345478407846	-0.0378960777507	-0.00084666215019	0.0270265139457	0.00290196454188	-0.0272381366911	0.0299050160664	0.00914229602133
k__Bacteria;p__Bacteroidetes;c__Bacteroidia;o__Bacteroidales;f__Bacteroidaceae;g__Bacteroides;s__Bacteroides_cellulosilyticus	-0.0224573541285	0.00806159107426	-0.058144843875	0.0238821059041	-0.0320805721031	0.0419170404417	0.0480894387514	0.0680993952272	-0.0776537306956	-0.0394988516361	0.0671550913356	-0.0458186054693	1.0	-0.0918103707909	-0.00500479663268	0.0169998168646	-0.0569204802955	-0.0320876276225	-0.0330432214303	-0.0174697236104	0.0296779372497	-0.00712580021058	0.00384008248719	0.0230771149286	0.00688869795079	-0.0202931891706	0.032585279807	-0.060307079232	0.0429540345279	0.0342040018728	0.0333012232316	-0.0229775236623	0.0371132832898	-0.00174597472887	-0.0174588929931	0.0140400296498	0.0278483064044	0.0103709478263	0.00759137780831	-0.0179122818423	0.0360295939016	-0.0181202484122	-0.0188334980712	0.0028218992807	0.0520779260189	-0.00917444301025	-0.0329053157909	-0.0248307513149	0.0155381270673	-0.0194153289572	-0.0187432575039	0.0044850608997	-0.0262821319884	0.0134575712679	-0.0776857570207	0.00811208402487	-0.00840534349839	-0.0132792008439	0.0106201617081
k__Bacteria;p__Bacteroidetes;c__Bacteroidia;o__Bacteroidales;f__Rikenellaceae;g__Alistipes;s__Alistipes_obesi	-0.00885954172045	0.0584330643624	0.0191626312542	-0.065981851696	0.00184389206644	-0.0293993618504	-0.0156898765489	0.000731216484063	0.0816986132908	-0.00725411808319	-0.00457927845785	0.0903865373056	-0.0918103707909	1.0	-0.018345151274	-0.0543169225102	-0.016889908947	-0.012949739387	-0.051756317969	0.00345557972588	0.041775741223	-0.0263401486644	0.0133355360188	0.0338409504913	-0.0276973974845	0.00976599142544	-0.0153231211687	-0.0255214060793	-0.055815939115	0.0417478654118	-0.0108464384806	-0.0197156984122	-0.0329860190715	-0.0439123954212	0.030761659773	-0.0158753924127	0.00774540262146	-0.0124327665968	-0.0139363596142	0.0676539984659	-0.0631664825573	0.0135505766058	-0.00468630200274	0.0182144404595	-0.0222634938555	0.00344655078601	-0.00768752407112	-0.0160449145204	-0.0143158245176	-0.0200258846503	0.00677308264664	-0.00637472942761	-0.0293664937729	-0.0371947646999	-0.0246227500543	-0.0276212216858	-0.0587968913654	-0.0284741415507	-0.00777424822337
k__Bacteria;p__Firmicutes;c__Clostridia;o__Clostridiales;f__Lachnospiraceae;g__;s__[Eubacterium]_rectale	-0.0211818424093	0.0325065085164	0.0238049561626	0.0251554062687	0.0250524171364	-0.0460868459244	0.0232628998457	0.008906878025	-0.0357291443933	-0.0308464437774	0.000218869482112	-0.0391788260837	-0.00500479663268	-0.018345151274	1.0	0.0117085544467	-0.00103852311985	-0.0177666401518	0.00562911230467	0.0193314086521	0.0393821780735	-0.00214180270114	-0.00163386949287	0.0211503575094	-0.0273203916952	-0.0379537641907	-0.0568681452981	-0.0146089282475	0.0195914645744	-0.00410378020358	-0.000788578867652	-0.0144836387833	-0.0108166059729	-0.0422647552512	0.00110501934538	0.00595467571662	0.00522473912629	-0.0240183378468	0.0210017325553	0.0271809904407	-0.017560936851	0.01876909179	-0.0420045883874	0.011873742803	-0.0211405505634	0.0273341987333	0.0240042441321	0.0425229388287	-0.0681350480013	-0.0166896676765	-0.0175104274249	-0.0085486463473	-0.0546687272787	0.042676909508	-0.0354261910183	-0.101583930597	-0.0113368132167	-0.0188738484725	-0.0311274373866
k__Bacteria;p__Bacteroidetes;c__Bacteroidia;o__Bacteroidales;f__Bacteroidaceae;g__Bacteroides;s__Bacteroides_plebeius	0.0182665127026	0.00587077283557	-0.0516825820198	-0.00846758844334	-0.00126075108407	0.00770650036433	-0.0179251784884	0.00818480423014	-0.0212655188587	-0.0117932015332	0.041324050614	0.00258535386463	0.0169998168646	-0.0543169225102	0.0117085544467	1.0	0.042729581736	-0.0273815347886	-0.0173125474021	0.0228340606078	0.0349168791663	0.0723431000661	-0.00704243319157	-0.0226472246186	-0.0173552694958	-0.0398026029936	0.0234295526709	-0.0307243797027	-0.022050161162	-0.0101605834006	0.00403531080756	-0.0280774966369	-0.0313784058412	-0.000971375679169	-0.0578419337175	0.027911084529	-0.0376437080439	0.0211430197526	-0.0327769115012	0.00526916665139	-0.00108923225098	-0.037127860605	0.034238575236	0.00130826760141	-0.0649842544632	-0.0371158824171	0.0488036387753	0.0118321780267	-0.0220773199392	0.0337996154182	0.0205574312072	-0.058453230147	0.0352995316553	-0.00273797501681	-0.0521482669802	-0.0235839807252	0.0129813117191	0.00657438857246	0.000931469397074
k__Bacteria;p__Bacteroidetes;c__Bacteroidia;o__Bacteroidales;f__Bacteroidaceae;g__Bacteroides;s__Bacteroides_fragilis	-0.0201263643821	0.00813044961112	0.0180673178506	-0.026783697452	0.0129417782244	0.0311039989572	0.00766618303527	-0.0389154804621	0.0663161931568	-0.00593729750337	-0.0499076949072	0.0225381610322	-0.0569204802955	-0.016889908947	-0.00103852311985	0.042729581736	1.0	-0.0808054023971	-0.00573677818671	-0.0164743316041	0.0879600467032	-0.00199341406776	-0.0459232830726	0.0656553131065	0.0115703588518	-0.0373750238379	-0.0485948366894	-0.00115576972629	-0.0209658296006	-0.0376905625709	0.0225122213554	-0.00110602522478	-0.012430043176	0.0206513944109	-0.0324874022565	0.0327448511344	-0.0135060252283	0.00707979880013	-0.0420265906332	-0.0130467239904	-0.0711367753695	0.0198507677469	0.0232929675901	-0.0073445179065	0.00396584784003	-0.0310530728264	-0.0335121241386	-0.0703826553231	-0.0172994801382	0.0468257695886	-0.0283033033294	-0.0109994685505	-0.0231678747145	-0.00356720611482	-0.00684938697487	-0.0328127348305	-0.0163152397526	-0.0140853121034	-0.0300230565363
k__Bacteria;p__Proteobacteria;c__Betaproteobacteria;o__Burkholderiales;f__Sutterellaceae;g__Sutterella;s__Sutterella_wadsworthensis	-0.0263301142979	-0.011001328232	-0.0695718327234	0.00750795595876	0.0188942511813	-0.0339256687868	-0.0281287954719	0.00214036754668	0.0351267532159	-0.00307136230575	-0.0164656591362	-0.0131104269758	-0.0320876276225	-0.012949739387	-0.0177666401518	-0.0273815347886	-0.0808054023971	1.0	0.0153512774937	-0.0406994188338	0.0145422964174	-0.0456100672201	-0.0437898225925	-0.0503504639512	0.0441159138946	-0.035636071757	-0.0111994511521	-0.0142033419417	-0.0174856772482	-0.0100024225531	0.0383151604359	0.0075121934116	-0.0131132110071	-0.0248185311372	-0.00595446465767	-0.0215739206711	0.0292576625649	-0.0298754492761	0.072815044414	-0.0379696021349	-0.0346413692152	0.00858896359141	-0.0300770561275	-0.000364681856635	-0.0114416391199	-0.00424702351369	-0.0361090224229	0.0360448779469	-0.0200501006109	0.0820803629207	0.030024805182	0.0502785877684	-0.0250326174679	0.0305033840476	-0.0757674997717	0.0699972582668	0.0237977052811	-0.030795414732	0.0250059046899
k__Bacteria;p__Bacteroidetes;c__Bacteroidia;o__Bacteroidales;f__Porphyromonadaceae;g__Barnesiella;s__Barnesiella_intestinihominis	-0.0544807816875	0.00134277545873	-0.0157302218633	-0.0537684931335	0.0168411030453	0.00493588501086	-0.0329176533826	0.0970264889556	0.0278744940302	0.0449471001059	-0.0195579351414	-0.0164551034902	-0.0330432214303	-0.051756317969	0.00562911230467	-0.0173125474021	-0.00573677818671	0.0153512774937	1.0	-0.00625192475235	-0.0856981197818	-0.0614292621331	-0.0253227591168	0.0811812818148	-0.0188210269616	-0.015223628077	-0.0468476525975	-0.00672017494102	-0.0295919044428	-0.0131717307675	-0.0233860667424	0.0115310706113	0.00445728843771	0.0360111759813	0.0359596551097	-0.0863092076736	0.00446533319522	-0.0332358053864	-0.0437524713199	-0.0500816250164	0.0227557152837	0.0194669323395	0.00458791507786	0.0247283612016	0.0143778356038	-0.045547336601	0.0474234524107	-0.0275985836754	-0.00170059033284	0.00723852881187	0.00630818827144	0.00478439634031	0.0729351193515	-0.0566505878007	-0.0542062396998	0.0177384985159	0.0167464656835	-0.0523529536083	-0.0273550411402
k__Bacteria;p__Bacteroidetes;c__Bacteroidia;o__Bacteroidales;f__Odoribacteraceae;g__Odoribacter;s__Odoribacter_splanchnicus	0.0497455713565	0.0229256072442	0.0364021737221	-0.0204049833451	-0.0221678338453	0.00452189789209	-0.0434370715345	-0.0553661708494	-0.00167320454481	-0.0300401538824	-0.0451668326381	-0.0168654455549	-0.0174697236104	0.00345557972588	0.0193314086521	0.0228340606078	-0.0164743316041	-0.0406994188338	-0.00625192475235	1.0	-0.0147605861861	0.061096184509	0.0485646725509	-0.0803855482049	-0.0349660014374	0.0286777306721	0.0641420210756	-0.0326388989003	0.0198979810578	-0.0287702051094	-0.028766254652	0.0241065650947	-0.0196524672906	-0.048408166207	-0.0352348680074	0.00248757915165	0.0242937283552	0.041497676814	0.00531182559742	-0.0127492368629	-0.0286382861215	0.0183650961871	-0.0467078210664	0.0468249604169	0.0739159683896	0.00546810925293	-0.0279297599898	-0.00170185870785	-0.00889329323084	-0.00662742786224	0.00261851710565	-0.0279878856904	-0.0562299312012	-0.0293279387947	-0.00991055603063	0.0107607106486	-0.0560914871265	-0.0207613373498	0.0128565288003
k__Bacteria;p__Bacteroidetes;c__Bacteroidia;o__Bacteroidales;f__Bacteroidaceae;g__Bacteroides;s__Bacteroides_salyersiae	0.0185420719234	-0.0293876726641	-0.0758774475125	-0.0310136163442	0.034186685459	-0.0256801158834	-0.0374681835425	-0.0732679766312	0.00299830650633	0.00797350922827	0.00375073619924	0.0230432524506	0.0296779372497	0.041775741223	0.0393821780735	0.0349168791663	0.0879600467032	0.0145422964174	-0.0856981197818	-0.0147605861861	1.0	-0.0602268994407	-0.0140528916961	0.0592901374789	-0.039516606163	-0.0868834286345	-0.0187434017474	0.00754884223342	-0.03422671654	-0.0351313831097	0.0531380372863	0.0155838126116	0.00264731472445	0.0234846471362	0.048685553514	-0.0363629578087	-0.0496242835959	-0.0456208626255	-0.0667356155957	-0.0106473419433	0.0731787681015	-0.0506357279405	0.00500017748834	-0.00904082000413	-0.0720562364999	0.038520047159	0.0221921965967	-0.0278570542771	-0.0159836163913	-0.00839146779313	0.0383712591165	-0.0156692305247	0.0197008784777	0.0103043737144	0.0211249819083	-0.0283172539752	0.0110625699342	0.0737085705049	-0.0311853356222
k__Bacteria;p__Firmicutes;c__Clostridia;o__Clostridiales;f__Ruminococcaceae;g__Ruminiclostridium;s__[Eubacterium]_siraeum	0.027330630904	-0.0857634228827	-0.008869713279	-0.00854613618105	-0.00301176101191	0.0131691852938	-0.00582478425534	0.0150390977751	-0.039137180953	0.00178547657279	-0.0314568807011	-0.0259838686296	-0.00712580021058	-0.0263401486644	-0.00214180270114	0.0723431000661	-0.00199341406776	-0.0456100672201	-0.0614292621331	0.061096184509	-0.0602268994407	1.0	-0.00721867000393	-0.0581385028386	-0.00491252623825	-0.0473902298288	0.00184746528191	0.0349149582687	0.0348464378529	-0.0200236462388	-0.0318782603711	0.0187794340993	-0.0392443176325	0.0972436600095	0.018742792942	0.027663155143	-0.0230734001512	-0.0271199570137	-0.0361261078696	-0.0713423872749	0.00939502724884	-0.0431427271088	-0.0291562839949	0.0249966983927	-0.0139522749353	-0.00382094918507	-0.00698610452372	0.0125363634057	-0.00554921391513	-0.025094948145	-0.0394623547865	0.0132533342135	0.0183895830752	-0.00101004182053	0.0222002884531	0.0193047203357	-0.0476255978621	-0.0209428232669	0.0467681066075
k__Bacteria;p__Proteobacteria;c__Betaproteobacteria;o__Burkholderiales;f__Sutterellaceae;g__Parasutterella;s__Parasutterella_excrementihominis	0.00762645757475	-0.0166553129102	-0.0431916883683	-0.0140220739273	0.0150346653641	-0.0330469777833	0.00477610267494	-0.0148597136379	0.0161436068821	0.0130478456047	0.0316087726856	-0.0564134142138	0.00384008248719	0.0133355360188	-0.00163386949287	-0.00704243319157	-0.0459232830726	-0.0437898225925	-0.0253227591168	0.0485646725509	-0.0140528916961	-0.00721867000393	1.0	-0.0134482609911	0.00489906939238	-0.0480705891342	-0.0213588821344	0.0484079313369	0.0420457108273	0.0260507458429	-0.0676253090561	-0.00961874929146	0.0100712038568	-0.0271528530844	0.00709574168108	-0.0304536123414	0.0258076161489	0.0446541190706	-0.00161385692187	-0.056990304644	-0.0426795658205	-0.00270606746816	-0.0282843930189	-0.00720807789573	0.00305500100991	-0.0139451553862	-0.020887316063	-0.0672337642363	-0.0367034506968	-0.00901496210803	0.00362790014497	0.0109329112269	0.0758072248405	-0.0455974771623	0.0244004906221	0.00130805117767	0.0191175342917	0.00251393805954	0.0153766648202
k__Bacteria;p__Actinobacteria;c__Actinobacteria;o__Bifidobacteriales;f__Bifidobacteriaceae;g__Bifidobacterium;s__Bifidobacterium_adolescentis	-0.0211748738286	0.0114760993476	-0.0251968529678	-0.0194995211231	0.0154558171678	0.00277355046195	-0.00239550482412	-0.0357267815565	-0.0154083023033	-0.0209601084758	0.0319018138904	-0.00758892506376	0.0230771149286	0.0338409504913	0.0211503575094	-0.0226472246186	0.0656553131065	-0.0503504639512	0.0811812818148	-0.0803855482049	0.0592901374789	-0.0581385028386	-0.0134482609911	1.0	0.0052883102258	-0.0284074089439	0.0105531958494	0.0355687349582	-0.0126688617485	0.0324718181014	0.096979152546	0.0160896572923	0.00155581434411	-0.0304634544628	-0.0910614735984	-0.0438120687288	-0.0279797688685	0.0502407782564	-0.0172196711349	-0.0461138777481	-0.0497031424246	-0.0197191915652	0.028999669985	-0.0102514282001	-0.0309609135632	-0.025955036932	-0.0183248908659	-0.00635347079986	0.0101208669356	0.0164904465978	-0.0482799822756	0.0356063763838	-0.0101521806564	-0.00382058496926	-0.0217606061614	-0.0341823813055	-0.000298863327253	-0.0402683277052	-0.0163529823422
k__Bacteria;p__Firmicutes;c__Clostridia;o__Clostridiales;f__Oscillospiraceae;g__Oscillibacter;s__Oscillibacter_sp._KLE_1745	-0.000459558553301	-0.00390918661655	-0.0208783520442	0.0167239614503	-0.0186889528644	-0.0583258595795	0.00492519722254	-0.0224466963175	0.00110541753957	-0.0260799567404	0.0330728567967	-0.0105922200478	0.00688869795079	-0.0276973974845	-0.0273203916952	-0.0173552694958	0.0115703588518	0.0441159138946	-0.0188210269616	-0.0349660014374	-0.039516606163	-0.00491252623825	0.00489906939238	0.0052883102258	1.0	-0.0409095196874	0.0315111017834	0.00311048558262	0.00949795731483	-0.0027750474434	-0.00840685812972	0.000190333744011	-0.0777869980687	-0.051906982282	0.0259022444126	0.0186580059372	0.0295685604141	-0.0551922009837	-0.00166444720099	-0.0031439860969	0.00648418134308	0.026779132298	0.0441916813519	0.0358808569776	0.0397014380991	0.00265099605969	-0.0160892112175	-0.0262851234611	0.00134343305187	0.0266386503862	-0.0212656163887	-0.0236056577685	-0.00919658642413	0.0874671359424	-0.013128774002	-0.0167245783	-0.0547715140361	0.022423007046	0.000628297597989
k__Bacteria;p__Bacteroidetes;c__Bacteroidia;o__Bacteroidales;f__Bacteroidaceae;g__Bacteroides;s__Bacteroides_coprophilus	0.0352599686474	-0.0144416211327	-0.00653392549608	-0.0168749278302	-0.0384890195523	-0.0119179639343	0.0422919179453	0.00698962311149	-0.0376226417277	-0.0140106326991	-0.0678840386026	0.00333051202167	-0.0202931891706	0.00976599142544	-0.0379537641907	-0.0398026029936	-0.0373750238379	-0.035636071757	-0.015223628077	0.0286777306721	-0.0868834286345	-0.0473902298288	-0.0480705891342	-0.0284074089439	-0.0409095196874	1.0	-0.0268747497464	0.0371235067597	-0.0211293917479	-0.0133047154812	0.0476284595178	-0.0346239558579	-0.00103334810634	-0.0364776694988	0.0100323348099	-0.0308007930151	-0.0363836106874	0.006799420485	-0.0121724808898	0.0202361945861	-0.0381586088552	0.0121601168053	-0.0810529335724	-0.00599312882547	0.00896745289284	0.0179174851518	-0.0366017406367	0.0018623103979	-0.00726662673457	0.0267321510195	-0.0103325894387	-0.0607663259271	-0.0182990927539	-0.00719671995892	0.0332791236052	-0.0183953090509	0.0167078787646	0.0579216893977	-0.00731800716154
k__Bacteria;p__Firmicutes;c__Clostridia;o__Clostridiales;f__Lachnospiraceae;g__Roseburia;s__Roseburia_intestinalis	-0.00506439291659	0.0325572854065	-0.0472130728553	-0.047631926979	-0.026851381617	-0.0447839786828	0.0127975238656	0.0279488514131	0.0473149996342	0.041687373461	-0.00848068296912	0.0273111398773	0.032585279807	-0.0153231211687	-0.0568681452981	0.0234295526709	-0.0485948366894	-0.0111994511521	-0.0468476525975	0.0641420210756	-0.0187434017474	0.00184746528191	-0.0213588821344	0.0105531958494	0.0315111017834	-0.0268747497464	1.0	-0.00662297187534	-0.0795858371606	-0.0359929956204	-0.00590093058994	-0.00920002501836	-0.0514444406308	-0.0293544664649	0.0342998059985	-0.00879413492178	-0.0104913873253	0.00219537197739	0.046809466031	0.0304714563142	-0.025878052511	0.0559926632995	-0.0156583797095	-0.00308093221553	-0.00350125087308	-0.0333592140602	-0.00381944963324	-0.0524685026026	0.0128242629873	-0.0253824637755	-0.0544455611685	0.00821651428129	-0.0377251737635	0.00339635013424	-0.0405378349325	0.0128342119338	-0.00336942732191	0.0267146918435	0.0136224324296
k__Bacteria;p__Firmicutes;c__Clostridia;o__Clostridiales;f__Lachnospiraceae;g__Roseburia;s__Roseburia_hominis	-0.0349500801875	0.0199408910829	0.0256962285955	-0.0329775402631	0.0328639999298	0.00371326415505	-0.00885489518246	-0.0152089036526	0.038159347746	-0.0412760818922	-0.0535805956074	0.00861048646254	-0.060307079232	-0.0255214060793	-0.0146089282475	-0.0307243797027	-0.00115576972629	-0.0142033419417	-0.00672017494102	-0.0326388989003	0.00754884223342	0.0349149582687	0.0484079313369	0.0355687349582	0.00311048558262	0.0371235067597	-0.00662297187534	1.0	0.0143744644562	0.00542597244155	-0.00566649541807	0.0265792296323	-0.0178224974348	0.0121366581977	0.0185507538471	0.0449862021774	0.0189364264622	-0.0843203373872	-0.0351563140894	-0.0182019053103	0.0096190302206	0.00826098767712	0.0250881490894	0.00159483966254	0.0263066088274	-0.0472671754261	-0.00120082442372	0.0259411228595	-0.00372816131016	-0.0691868799058	-0.0367687011029	-0.0573733749482	0.0176932318009	0.0219868263229	0.0364395110449	0.0198929806675	0.0186944731017	0.0164577155496	-0.0171177051689
k__Bacteria;p__Bacteroidetes;c__Bacteroidia;o__Bacteroidales;f__Porphyromonadaceae;g__Parabacteroides;s__Parabacteroides_johnsonii	-0.012274712142	-0.0434260224327	-0.0205105759037	0.0295646168845	-0.020290479572	0.0245524193996	-0.0176347501321	0.0654726647247	0.0238295155125	-0.0471028847484	-0.0139126999017	0.0247007939774	0.0429540345279	-0.055815939115	0.0195914645744	-0.022050161162	-0.0209658296006	-0.0174856772482	-0.0295919044428	0.0198979810578	-0.03422671654	0.0348464378529	0.0420457108273	-0.0126688617485	0.00949795731483	-0.0211293917479	-0.0795858371606	0.0143744644562	1.0	-0.0491047845644	-0.0172577169721	-0.0155928766038	0.0328446419403	-0.038539683774	-0.0521320436129	-0.018616173639	0.0114303906961	0.0182093557851	0.00258263939132	0.0107555210942	0.0148479984119	0.00346684106713	-0.0482486701594	0.0167428004938	0.0194484939008	-0.0325499967638	0.0223504293052	0.00203417372896	-0.0149511710858	0.0332688448218	-0.0152392461133	0.0254333360579	-0.0463152571435	0.0155788537179	0.0375542625953	-0.0712172818204	-0.0149175232367	-0.0418037594508	-0.0108939855728
k__Bacteria;p__Actinobacteria;c__Actinobacteria;o__Bifidobacteriales;f__Bifidobacteriaceae;g__Bifidobacterium;s__Bifidobacterium_longum	0.0103927723827	0.0410320665341	0.0626333246635	0.0162757807826	-0.0157990243967	-0.018826054341	-0.0394483236614	-0.0372482381506	-0.00615952719611	0.0405736605284	0.00189696393244	-0.00643390589461	0.0342040018728	0.0417478654118	-0.00410378020358	-0.0101605834006	-0.0376905625709	-0.0100024225531	-0.0131717307675	-0.0287702051094	-0.0351313831097	-0.0200236462388	0.0260507458429	0.0324718181014	-0.0027750474434	-0.0133047154812	-0.0359929956204	0.00542597244155	-0.0491047845644	1.0	-0.0138078945712	-0.00130850032775	0.00698169978078	-0.0268938231082	0.034827477507	-0.0421810591016	-0.0613533053506	0.0212471134361	-0.0144661102183	-0.0124804827748	0.0139620218677	-0.0123069142615	-0.0437417462369	-0.0262602493213	-0.00263935728188	-0.105019331406	-0.0598416043502	-0.00110583636888	-0.00508442722366	-0.0366183651001	0.0529144103736	-0.0198251664312	-0.00304488338381	-0.0608566900743	-0.00429969979093	-0.0137349662637	-0.00865380259305	-0.0314817355436	-0.0597757827692
