#taxonomy	k__Bacteria;p__Bacteroidetes;c__Bacteroidia;o__Bacteroidales;f__Bacteroidaceae;g__Bacteroides;s__Bacteroides_vulgatus	k__Bacteria;p__Bacteroidetes;c__Bacteroidia;o__Bacteroidales;f__Bacteroidaceae;g__Bacteroides;s__Bacteroides_uniformis	k__Bacteria;p__Bacteroidetes;c__Bacteroidia;o__Bacteroidales;f__Rikenellaceae;g__Alistipes;s__Alistipes_putredinis	k__Bacteria;p__Bacteroidetes;c__Bacteroidia;o__Bacteroidales;f__Prevotellaceae;g__Prevotella;s__Prevotella_copri	k__Bacteria;p__Bacteroidetes;c__Bacteroidia;o__Bacteroidales;f__Bacteroidaceae;g__Bacteroides;s__Bacteroides_stercoris	k__Bacteria;p__Bacteroidetes;c__Bacteroidia;o__Bacteroidales;f__Bacteroidaceae;g__Bacteroides;s__Bacteroides_ovatus	k__Bacteria;p__Bacteroidetes;c__Bacteroidia;o__Bacteroidales;f__Rikenellaceae;g__Alistipes;s__Alistipes_shahii	k__Bacteria;p__Firmicutes;c__Clostridia;o__Clostridiales;f__Ruminococcaceae;g__Faecalibacterium;s__Faecalibacterium_prausnitzii	k__Bacteria;p__Bacteroidetes;c__Bacteroidia;o__Bacteroidales;f__Rikenellaceae;g__Alistipes;s__Alistipes_finegoldii	k__Bacteria;p__Bacteroidetes;c__Bacteroidia;o__Bacteroidales;f__Porphyromonadaceae;g__Parabacteroides;s__Parabacteroides_distasonis	k__Bacteria;p__Bacteroidetes;c__Bacteroidia;o__Bacteroidales;f__Bacteroidaceae;g__Bacteroides;s__Bacteroides_thetaiotaomicron	k__Bacteria;p__Bacteroidetes;c__Bacteroidia;o__Bacteroidales;f__Bacteroidaceae;g__Bacteroides;s__Bacteroides_coprocola	k__Bacteria;p__Bacteroidetes;c__Bacteroidia;o__Bacteroidales;f__Bacteroidaceae;g__Bacteroides;s__Bacteroides_cellulosilyticus	k__Bacteria;p__Bacteroidetes;c__Bacteroidia;o__Bacteroidales;f__Rikenellaceae;g__Alistipes;s__Alistipes_obesi	k__Bacteria;p__Firmicutes;c__Clostridia;o__Clostridiales;f__Lachnospiraceae;g__;s__[Eubacterium]_rectale	k__Bacteria;p__Bacteroidetes;c__Bacteroidia;o__Bacteroidales;f__Bacteroidaceae;g__Bacteroides;s__Bacteroides_plebeius	k__Bacteria;p__Bacteroidetes;c__Bacteroidia;o__Bacteroidales;f__Bacteroidaceae;g__Bacteroides;s__Bacteroides_fragilis	k__Bacteria;p__Proteobacteria;c__Betaproteobacteria;o__Burkholderiales;f__Sutterellaceae;g__Sutterella;s__Sutterella_wadsworthensis	k__Bacteria;p__Bacteroidetes;c__Bacteroidia;o__Bacteroidales;f__Porphyromonadaceae;g__Barnesiella;s__Barnesiella_intestinihominis	k__Bacteria;p__Bacteroidetes;c__Bacteroidia;o__Bacteroidales;f__Odoribacteraceae;g__Odoribacter;s__Odoribacter_splanchnicus	k__Bacteria;p__Bacteroidetes;c__Bacteroidia;o__Bacteroidales;f__Bacteroidaceae;g__Bacteroides;s__Bacteroides_salyersiae	k__Bacteria;p__Firmicutes;c__Clostridia;o__Clostridiales;f__Ruminococcaceae;g__Ruminiclostridium;s__[Eubacterium]_siraeum	k__Bacteria;p__Proteobacteria;c__Betaproteobacteria;o__Burkholderiales;f__Sutterellaceae;g__Parasutterella;s__Parasutterella_excrementihominis	k__Bacteria;p__Actinobacteria;c__Actinobacteria;o__Bifidobacteriales;f__Bifidobacteriaceae;g__Bifidobacterium;s__Bifidobacterium_adolescentis	k__Bacteria;p__Firmicutes;c__Clostridia;o__Clostridiales;f__Oscillospiraceae;g__Oscillibacter;s__Oscillibacter_sp._KLE_1745	k__Bacteria;p__Bacteroidetes;c__Bacteroidia;o__Bacteroidales;f__Bacteroidaceae;g__Bacteroides;s__Bacteroides_coprophilus	k__Bacteria;p__Firmicutes;c__Clostridia;o__Clostridiales;f__Lachnospiraceae;g__Roseburia;s__Roseburia_intestinalis	k__Bacteria;p__Firmicutes;c__Clostridia;o__Clostridiales;f__Lachnospiraceae;g__Roseburia;s__Roseburia_hominis	k__Bacteria;p__Bacteroidetes;c__Bacteroidia;o__Bacteroidales;f__Porphyromonadaceae;g__Parabacteroides;s__Parabacteroides_johnsonii	k__Bacteria;p__Actinobacteria;c__Actinobacteria;o__Bifidobacteriales;f__Bifidobacteriaceae;g__Bifidobacterium;s__Bifidobacterium_longum	k__Bacteria;p__Firmicutes;c__Clostridia;o__Clostridiales;f__;g__Flavonifractor;s__Flavonifractor_plautii	k__Bacteria;p__Firmicutes;c__Clostridia;o__Clostridiales;f__Clostridiaceae;g__Clostridium;s__Clostridium_phoceensis	k__Bacteria;p__Verrucomicrobia;c__Verrucomicrobiae;o__Verrucomicrobiales;f__Akkermansiaceae;g__Akkermansia;s__Akkermansia_muciniphila	k__Bacteria;p__Bacteroidetes;c__Bacteroidia;o__Bacteroidales;f__Prevotellaceae;g__Paraprevotella;s__Paraprevotella_xylaniphila	k__Bacteria;p__Firmicutes;c__Clostridia;o__Clostridiales;f__Ruminococcaceae;g__Ruminococcus;s__Ruminococcus_callidus	k__Bacteria;p__Bacteroidetes;c__Bacteroidia;o__Bacteroidales;f__Rikenellaceae;g__Alistipes;s__Alistipes_senegalensis	k__Bacteria;p__Firmicutes;c__Clostridia;o__Clostridiales;f__Lachnospiraceae;g__Blautia;s__Blautia_sp._KLE_1732	k__Bacteria;p__Bacteroidetes;c__Bacteroidia;o__Bacteroidales;f__Bacteroidaceae;g__Bacteroides;s__Bacteroides_oleiciplenus	k__Bacteria;p__Firmicutes;c__Clostridia;o__Clostridiales;f__Ruminococcaceae;g__Ruminococcus;s__Ruminococcus_bicirculans	k__Bacteria;p__Bacteroidetes;c__Bacteroidia;o__Bacteroidales;f__Bacteroidaceae;g__Bacteroides;s__Bacteroides_fluxus	k__Bacteria;p__Bacteroidetes;c__Bacteroidia;o__Bacteroidales;f__Prevotellaceae;g__Prevotella;s__Prevotella_stercorea	k__Bacteria;p__Firmicutes;c__Clostridia;o__Clostridiales;f__Lachnospiraceae;g__Dorea;s__Dorea_longicatena	k__Bacteria;p__Firmicutes;c__Clostridia;o__Clostridiales;f__Eubacteriaceae;g__Eubacterium;s__[Eubacterium]_eligens	k__Bacteria;p__Firmicutes;c__Clostridia;o__Clostridiales;f__Ruminococcaceae;g__;s__Ruminococcaceae_bacterium_D16	k__Bacteria;p__Firmicutes;c__Clostridia;o__Clostridiales;f__Lachnospiraceae;g__Coprococcus;s__Coprococcus_comes	k__Bacteria;p__Proteobacteria;c__Gammaproteobacteria;o__Enterobacterales;f__Enterobacteriaceae;g__Escherichia;s__Escherichia_coli	k__Bacteria;p__Firmicutes;c__Clostridia;o__Clostridiales;f__Ruminococcaceae;g__Anaerotruncus;s__Anaerotruncus_colihominis	k__Bacteria;p__Firmicutes;c__Clostridia;o__Clostridiales;f__Lachnospiraceae;g__Blautia;s__Blautia_obeum	k__Bacteria;p__Bacteroidetes;c__Bacteroidia;o__Bacteroidales;f__Odoribacteraceae;g__Odoribacter;s__Odoribacter_laneus	k__Bacteria;p__Firmicutes;c__Clostridia;o__Clostridiales;f__Ruminococcaceae;g__Ruminiclostridium;s__[Clostridium]_leptum	k__Bacteria;p__Bacteroidetes;c__Bacteroidia;o__Bacteroidales;f__Porphyromonadaceae;g__Parabacteroides;s__Parabacteroides_goldsteinii	k__Bacteria;p__Firmicutes;c__Clostridia;o__Clostridiales;f__Lachnospiraceae;g__Anaerostipes;s__Anaerostipes_hadrus	k__Bacteria;p__Firmicutes;c__Clostridia;o__Clostridiales;f__Ruminococcaceae;g__Ruminococcus;s__Ruminococcus_lactaris	k__Bacteria;p__Firmicutes;c__Clostridia;o__Clostridiales;f__Clostridiaceae;g__Clostridium;s__Clostridium_sp._L2-50	k__Bacteria;p__Firmicutes;c__Clostridia;o__Clostridiales;f__Clostridiaceae;g__Clostridium;s__Clostridium_sp._M62/1	k__Bacteria;p__Firmicutes;c__Clostridia;o__Clostridiales;f__;g__Intestinimonas;s__Intestinimonas_butyriciproducens	k__Bacteria;p__Actinobacteria;c__Actinobacteria;o__Bifidobacteriales;f__Bifidobacteriaceae;g__Bifidobacterium;s__Bifidobacterium_bifidum	k__Bacteria;p__Firmicutes;c__Negativicutes;o__Veillonellales;f__Veillonellaceae;g__Dialister;s__Dialister_invisus	k__Bacteria;p__Bacteroidetes;c__Bacteroidia;o__Bacteroidales;f__Bacteroidaceae;g__Bacteroides;s__Bacteroides_salanitronis
k__Bacteria;p__Bacteroidetes;c__Bacteroidia;o__Bacteroidales;f__Bacteroidaceae;g__Bacteroides;s__Bacteroides_vulgatus	1.0	-0.0153357855153	-0.0322583320599	-0.00641613406816	0.00902558201098	0.0382432577928	0.015939886073	-0.0226676328647	0.0212352988064	-0.0172620756328	-0.0590085405026	-0.0208492180084	0.000138939505348	-0.015288301381	-0.0161758924898	0.0568700758537	0.0597409594438	0.0336286705525	0.0146716292822	-0.00311141130502	-0.0017433932523	-0.0405915696783	-0.00596879077778	-0.0144829612449	-0.045806841571	-0.0158513029292	-0.0450353411143	-0.0119712661252	0.0315326523475	-0.0125633364776	-0.00733323430246	0.0164661040448	-0.0121720566761	-0.0554707571688	-0.022031765907	0.0425213594208	-0.000645057180404	-0.010576327349	-0.0467467896675	0.0069015562029	0.0105023677573	0.00231759112821	0.0467355287454	-0.0190756442744	0.0191577602829	0.0534134565262	0.0151314158124	0.0028152331815	-0.0374153971319	0.0438809674406	0.0407306405242	-0.00634686277576	-0.000602882140981	0.0258585596513	0.0372804888869	-0.0585634639608	0.0465468191594	0.0219672326741	-0.0232337339085
k__Bacteria;p__Bacteroidetes;c__Bacteroidia;o__Bacteroidales;f__Bacteroidaceae;g__Bacteroides;s__Bacteroides_uniformis	-0.0153357855153	1.0	0.00167415687136	-0.0311129019152	-0.011660546778	-0.02711533709	-0.0126263319131	-0.0610180191642	-0.00457455295568	0.0317193753126	-0.00937434619553	0.0125951556938	-0.0271330761268	0.0212855217644	0.023370511661	-0.0234224770259	0.0317163429523	-0.0278996287464	-0.00423661012711	-0.00836024741964	0.0162194140465	-0.027404562841	0.0156509152354	0.014313274898	0.00913676754891	0.0185210310125	-0.0644528965476	-0.0640135053487	-0.024999900959	0.0296904338776	-0.0142399441338	-0.0346608381432	0.0320949679359	0.024528576537	-0.0184652095055	0.0526289343727	0.00873115033086	-0.0804023326144	0.0428228529837	-0.0164113051308	0.01307731612	-0.00590225431058	-0.0663052486434	0.0440891676479	0.0127364729555	-0.0590403036039	0.0584572266091	-0.0109808725153	0.0201923458635	0.0137577001868	0.0577997589937	-0.0443132223373	-0.029948336185	0.00437469914461	-0.00648681252488	-0.0383427421282	-0.00327411653211	0.0336511432728	0.0391674026357
k__Bacteria;p__Bacteroidetes;c__Bacteroidia;o__Bacteroidales;f__Rikenellaceae;g__Alistipes;s__Alistipes_putredinis	-0.0322583320599	0.00167415687136	1.0	-0.010701713358	-0.0197884951337	-0.00755245401738	0.0307487449299	-0.000961607608472	-0.0460897196631	0.0243492230341	0.00208441116595	-0.00454783012472	-0.0436701706049	-0.0174240025636	0.0503075036055	0.0283613327833	-0.0268937977998	0.0586987837507	-0.00917196256846	0.0273714783785	0.0515064402601	-0.00871836139936	-0.0469837318657	0.0214262889489	-0.0328027288454	-0.0224544489055	0.0258176973614	-0.0225360015132	0.00996527378594	-0.0230792840109	0.0130368983069	0.00905181762568	-0.00645353596906	-0.0363509310943	0.0363093527326	-0.0602328529029	-0.101598308921	-0.00911660419186	-0.0171548041808	0.0386746941784	-0.0306747418568	-0.0245815848895	-0.0751226405763	-0.0594747808554	0.00444027866187	-0.000276674516194	0.0033030965362	0.0349775110622	-0.0314701684566	0.00337107573922	-0.0114321476334	-0.0414308760233	0.0429918183118	-0.00583421646384	0.0127803004888	-0.0338681057609	0.00181585932679	-0.0269389700026	-0.0351855151743
k__Bacteria;p__Bacteroidetes;c__Bacteroidia;o__Bacteroidales;f__Prevotellaceae;g__Prevotella;s__Prevotella_copri	-0.00641613406816	-0.0311129019152	-0.010701713358	1.0	0.0254857081846	-0.000180246536945	-0.0137169807628	-0.00504114514457	0.00372938944437	0.035353531506	-0.0316874909889	-0.000722453234141	-0.0360730615679	0.0259690040305	0.0240113355189	-0.00905187340308	-0.00400418224546	-0.00272532443276	0.010642682673	-0.0271245047924	-0.0149793219797	-0.0137829426635	0.024933244956	-0.026129429769	-0.0337874109545	0.00667450991607	-0.0178738919851	-0.0601440675412	-0.0321793910789	-0.0131246830797	0.0213079199856	-0.0539093161448	0.00714297932719	-0.083146064554	0.0425544057505	-0.0114687428215	-0.0395712683064	0.0397310348325	0.0154111767086	-0.0155097169671	-0.0167628973256	-0.0119800098999	-0.0341438267946	-0.0158360220912	-0.00600198329844	-0.0510343700902	-0.0399769127647	-0.0203311356565	0.00953081685482	-0.0320126769496	0.0106958787606	0.0343028335061	-0.0310296303162	-0.021942668101	0.0459803159032	0.00960444975767	0.0103553273713	-0.0271775709659	0.0192068807143
k__Bacteria;p__Bacteroidetes;c__Bacteroidia;o__Bacteroidales;f__Bacteroidaceae;g__Bacteroides;s__Bacteroides_stercoris	0.00902558201098	-0.011660546778	-0.0197884951337	0.0254857081846	1.0	-0.0455467671482	-0.0363270147146	-0.0255731738899	0.0522871922893	-0.0329340346433	0.0197647750088	0.0283476529669	-0.0197501184552	-0.0676397061585	0.0113472337004	-0.0332788290845	-0.0506177298526	-0.0314098854125	-0.0415807448176	0.00785875547084	0.0383696138345	0.0293807911335	0.012078041884	-0.0203502055014	-0.0038625413617	0.0185459425597	-0.0653211116225	0.0481951364464	0.011853388814	-0.0125759849877	0.0113953567729	-0.0559037335217	0.0465861589372	0.0209356049053	-0.024319673916	-0.000338671702051	-0.034300511819	0.0236865641257	0.0196174968822	0.0410555938225	0.0132747851103	-0.0396046212011	-0.0267858488277	0.0224867078712	0.0227434237996	-0.0378907681659	-0.0394785108474	-0.0192610685008	0.0284247033886	0.0294175394398	-0.0033981229929	0.0278218895058	-0.0503122301025	-0.0346832471737	-0.0333344211226	-0.04576962843	-0.00791549586893	0.0327430454889	0.0321747507917
k__Bacteria;p__Bacteroidetes;c__Bacteroidia;o__Bacteroidales;f__Bacteroidaceae;g__Bacteroides;s__Bacteroides_ovatus	0.0382432577928	-0.02711533709	-0.00755245401738	-0.000180246536945	-0.0455467671482	1.0	0.0188660576348	-0.0222489554822	0.02138685448	-0.0297350137705	-0.00554008458262	-0.0326170758355	-0.0766151582981	-0.0167587898584	0.0274483059444	-0.050753694543	0.00366049681665	0.00496820574846	-0.00334056835707	0.0481819896775	-0.0393225376307	0.0477277513502	-0.0216312977033	-0.0326224619289	-0.0509672534556	-0.00101669078789	0.0100041666924	0.080254239321	-0.0484801123143	0.0244825630203	-0.026155795711	0.0337988210632	0.0423710673148	0.0119519288648	0.0240254759685	-0.0496425901167	0.0217639851283	-0.0145601952112	0.0781118267764	0.0890759377449	-0.0328181682164	0.0293963735981	-0.0237134767095	0.042941064182	-0.00114549311628	0.0146653407491	0.0115624303576	-0.100574906993	-0.00800772134119	0.0425458815057	-0.0137206048948	0.00193975254324	-0.0435706830294	0.0312863575005	0.00462939746069	0.0015632404879	0.0160927735074	0.00731485210701	-0.0229054057627
k__Bacteria;p__Bacteroidetes;c__Bacteroidia;o__Bacteroidales;f__Rikenellaceae;g__Alistipes;s__Alistipes_shahii	0.015939886073	-0.0126263319131	0.0307487449299	-0.0137169807628	-0.0363270147146	0.0188660576348	1.0	-0.0573975551556	-0.0280504491125	-0.0110163345088	0.0297569842716	-0.0100611613907	0.0109558019154	0.0180071693346	-0.0385437932072	-0.0295514813702	-0.0151295866936	-0.0238569851545	-0.0381943321714	0.052242765786	-0.0100508970564	0.020167196531	-0.0504780700433	-0.0299882081994	0.00552920326016	0.0175994328415	-0.0716524096242	0.00695029706335	0.036247138084	-0.00929835351805	-0.0277559097427	-0.042829378329	-0.016787610896	0.0407496337804	-0.0034855338634	-0.0253849877993	-0.0157884144449	-0.0169065946373	0.0294106036916	-0.0373214721348	0.017867488387	0.04862773844	-0.00821009574193	-0.0333826155966	0.0403502014523	-0.0278341157766	-0.0282895402091	0.0126853518732	0.00273418781738	0.0189043958654	0.0283369175113	-0.0119637000964	-0.0505904770619	0.0396915307684	-0.0297205782154	0.000694059979286	-0.0569012894955	0.0310210831547	-0.00861970030942
k__Bacteria;p__Firmicutes;c__Clostridia;o__Clostridiales;f__Ruminococcaceae;g__Faecalibacterium;s__Faecalibacterium_prausnitzii	-0.0226676328647	-0.0610180191642	-0.000961607608472	-0.00504114514457	-0.0255731738899	-0.0222489554822	-0.0573975551556	1.0	0.0266485180162	-0.00362626773019	0.055217169005	0.0133410760457	-0.00392968909575	0.0195711712368	-0.0582962608229	-0.00252121606924	0.00203938040612	0.0239061084033	0.0145818839128	-0.0251010925017	-0.0429857712473	0.018195120237	0.00393742951811	-0.0353364003543	-0.0130593978132	0.024009847288	-0.0526213783565	-0.0364845125794	-0.0186437453055	0.0280775469976	0.0117152511533	-0.0137027235374	0.0100921204205	0.0547284267776	-0.0511654959561	-0.0148442312788	0.0133822025803	0.00396761324795	-0.0330327185881	0.0207297974643	0.0125982224934	0.0408455896243	0.00461823551754	0.0446712295664	0.0482699257849	0.0372779806028	-0.0260157279316	-0.00275277830606	0.015611283044	-0.00833296742923	-0.0828111031367	-0.0288459616601	-0.00359501608414	0.0444038699975	0.00819617559441	0.0132348558372	0.0600088768652	0.0287178057061	-0.0425055551099
k__Bacteria;p__Bacteroidetes;c__Bacteroidia;o__Bacteroidales;f__Rikenellaceae;g__Alistipes;s__Alistipes_finegoldii	0.0212352988064	-0.00457455295568	-0.0460897196631	0.00372938944437	0.0522871922893	0.02138685448	-0.0280504491125	0.0266485180162	1.0	0.0116874552076	0.00736208222715	-0.0584094494833	0.0271634664725	-0.00724226433479	0.0130055834496	-0.00922723602208	-0.0238438447549	-0.0696703539144	0.00844605002024	-0.0260840497922	0.000854766153899	0.00806280679614	-0.018763553508	0.00605589300046	-0.0108215967833	0.0332675023248	-0.0381432785942	-0.053619937296	-0.0234964219694	0.0291349074158	-0.00721187401479	-0.00906092077999	0.0319097120314	-0.016099828793	-0.00639560647244	-0.00787303113613	-0.0061881730454	0.0172424827099	-0.0209521103336	-0.0421223544801	0.00450938627254	-0.0317704127904	-0.0404423842042	-0.0385008618246	0.0264225137398	-0.0117642443595	-0.0147565991823	-0.0209713132967	0.0359957455337	-0.00331801714954	-0.0140746553247	0.00905505857198	-0.0557562154795	0.0180970294806	0.00432815788444	0.0511462686839	0.0112709017725	0.0802263907241	-0.0436592827827
k__Bacteria;p__Bacteroidetes;c__Bacteroidia;o__Bacteroidales;f__Porphyromonadaceae;g__Parabacteroides;s__Parabacteroides_distasonis	-0.0172620756328	0.0317193753126	0.0243492230341	0.035353531506	-0.0329340346433	-0.0297350137705	-0.0110163345088	-0.00362626773019	0.0116874552076	1.0	0.0930645724742	-0.0221742957708	-0.0328870512159	0.0243995814944	-0.00899666485333	0.0508365435092	0.0161822025401	-0.0149505865546	-0.0101950634477	0.0149281431742	-0.0587322386601	0.0337035327198	0.0144762967968	-0.0243836609607	0.0208548264417	-0.0254165779776	0.0193065103694	0.0241534426823	-0.0681549610429	-0.0519956455475	0.00822562225139	0.0249793176434	0.0157903395259	-0.0190955319066	0.0214775389829	0.0344970041186	0.00102581964075	-0.0576840715635	-0.0379338152074	-0.0223037148372	-0.00611881198823	-0.00610739952814	-0.00828479716104	-0.0150232368982	-0.0203248906656	-0.00566199607427	-0.00262855374158	-0.0501424763641	0.0303907095259	-0.0108361367021	-0.00961757873123	-0.00907491301107	0.0143241001358	0.0108619999425	0.0152728945921	-0.0792646691854	0.00421321531595	-0.0543055155304	0.0105860996514
k__Bacteria;p__Bacteroidetes;c__Bacteroidia;o__Bacteroidales;f__Bacteroidaceae;g__Bacteroides;s__Bacteroides_thetaiotaomicron	-0.0590085405026	-0.00937434619553	0.00208441116595	-0.0316874909889	0.0197647750088	-0.00554008458262	0.0297569842716	0.055217169005	0.00736208222715	0.0930645724742	1.0	-0.0380085105812	0.0423573250792	-0.0157379472766	-0.00277788423824	-0.0216319536032	0.00185821041592	-0.0684983469096	0.0105071494427	0.0061972543508	0.0390187094851	0.0134245430523	0.00536603166872	0.0112207737412	-0.0145830684865	-0.0335165022186	-0.0134222901978	0.021513593217	0.0305756579882	0.00597208746051	0.0144053726166	-0.0398383101388	-0.0194022513092	0.0276597799377	0.0284087312776	-0.0371649483031	-0.0339996194476	0.015905733717	0.0207828140671	0.0410409142374	0.0188970021433	-0.0460741999213	-0.0460308762787	0.00802285118074	0.00623865490685	0.0327302998656	-0.0309702109558	-0.0393279248101	0.0177451562728	0.0470504835482	-0.0703111352011	-0.0458120612131	-0.00297534783255	-0.0720096747576	-0.00863060196648	-0.0309986077295	0.00169186682751	0.0328203991599	0.035143008307
k__Bacteria;p__Bacteroidetes;c__Bacteroidia;o__Bacteroidales;f__Bacteroidaceae;g__Bacteroides;s__Bacteroides_coprocola	-0.0208492180084	0.0125951556938	-0.00454783012472	-0.000722453234141	0.0283476529669	-0.0326170758355	-0.0100611613907	0.0133410760457	-0.0584094494833	-0.0221742957708	-0.0380085105812	1.0	-0.0551111861056	-0.00736018410373	-0.0183489311292	0.0611565745497	0.0108663479023	0.0124428886352	-0.0511482031597	-0.0065271700457	-0.0520629174439	0.0358232345488	-0.0272606509062	0.00753916553205	0.0180930995129	0.041188641134	-0.0306686618622	-0.0483325153862	-0.041507959245	0.00673111554234	0.026444546487	0.00871531436451	-0.0333080192941	-0.0157388978935	-0.00208581894952	0.0320462887416	-0.0144611942989	-0.016519855848	0.038900549265	-0.032899807154	-0.0864333683077	-0.0483275996457	0.00464760765888	0.0228286644498	-0.0330209697985	0.0388020906799	0.0719439176397	-0.0527356556335	-0.0290574409771	-0.013797512774	-0.00213841655525	-0.00819728474839	0.0394096375704	0.0104825090854	0.0304672424561	0.0360074478596	-0.0279511530591	0.0307363106907	0.0154840373378
k__Bacteria;p__Bacteroidetes;c__Bacteroidia;o__Bacteroidales;f__Bacteroidaceae;g__Bacteroides;s__Bacteroides_cellulosilyticus	0.000138939505348	-0.0271330761268	-0.0436701706049	-0.0360730615679	-0.0197501184552	-0.0766151582981	0.0109558019154	-0.00392968909575	0.0271634664725	-0.0328870512159	0.0423573250792	-0.0551111861056	1.0	-0.0284669761026	0.00454046416427	-0.0452365904255	-0.0405200144285	0.000228681483263	0.00991460288083	0.00675018069629	0.081611420075	-0.00982920728504	-0.0178402909663	0.00159554455716	-0.00352695653302	0.0026804791088	-0.000374444832471	-0.0453873694727	0.0162882407395	-0.020038731345	-0.00224284642426	-0.0523025598099	-0.00278101119048	-0.0550080583852	0.0162820087884	-0.0184001394896	-0.0635837646395	-0.0696087121885	0.0286001531168	-0.0153726839516	0.0150511304078	-0.0437605758204	-0.00150697638555	0.0302867079747	-0.00151080606154	0.0343819914852	-0.00406085107265	0.00835581906261	-0.0574877094744	-0.0278562901704	-0.00495498659432	0.0325353062089	-0.0246859047382	-0.0572812088514	-0.0205773071718	-0.0162259302163	0.023739608507	0.045482742521	0.0087491088733
k__Bacteria;p__Bacteroidetes;c__Bacteroidia;o__Bacteroidales;f__Rikenellaceae;g__Alistipes;s__Alistipes_obesi	-0.015288301381	0.0212855217644	-0.0174240025636	0.0259690040305	-0.0676397061585	-0.0167587898584	0.0180071693346	0.0195711712368	-0.00724226433479	0.0243995814944	-0.0157379472766	-0.00736018410373	-0.0284669761026	1.0	-0.0540280253369	0.0695493222986	0.048898811176	0.0195070205082	-0.0244347998338	-0.0655097707521	0.0205940594183	-0.0461732475008	-0.0196073083781	-0.0306339729582	-0.0304844257744	0.0150309483163	-0.0479553642645	-0.00755585886524	0.0220783885954	0.00600007944061	0.00366320439247	-0.0507439201806	-0.0133932465983	0.0158815359412	0.0207981793194	0.0420271859973	0.0381654803571	-0.0491088569724	0.0168762165068	-0.0107259049617	-0.0263214205498	-0.058748387618	-0.0560806660621	-0.00956289706086	-0.0242810583511	-0.00522643526754	0.0416382424605	0.0269747706757	-0.00195471443557	-0.0150971949984	-0.0193032548789	-0.049144065409	-0.00822928540371	-0.0170877660541	-0.0419552435559	0.0232452523519	0.00216560172805	-0.0381826047231	-0.00898090858574
k__Bacteria;p__Firmicutes;c__Clostridia;o__Clostridiales;f__Lachnospiraceae;g__;s__[Eubacterium]_rectale	-0.0161758924898	0.023370511661	0.0503075036055	0.0240113355189	0.0113472337004	0.0274483059444	-0.0385437932072	-0.0582962608229	0.0130055834496	-0.00899666485333	-0.00277788423824	-0.0183489311292	0.00454046416427	-0.0540280253369	1.0	-0.0488546399264	0.0115303259477	-0.000601015583998	-0.00878458239565	-0.0243739208314	0.00195625186398	-0.0664673058556	0.0172116370531	-0.0296021673352	0.00808921072688	-0.0232523891642	-0.0539118850446	0.0163459010382	0.0669149155968	0.00601442821584	-0.0158642171591	-0.0327093912743	-0.00427045873688	0.0226707185203	0.014091894213	0.0230548388397	0.00794727096406	-0.0343444782692	-0.0262814205985	0.02343681769	0.0461689950801	-0.0553718037624	-0.039128346286	0.00826043907796	0.00804806340596	-0.00203913130301	0.0170585347531	0.0157603837166	0.00259406677088	0.0418488492961	0.00383411978668	-0.0254174244383	-0.0729890503186	-0.00941379096	-0.0644765558747	0.00956995502088	-0.0795107352452	-0.0390523854121	-0.0201509353529
k__Bacteria;p__Bacteroidetes;c__Bacteroidia;o__Bacteroidales;f__Bacteroidaceae;g__Bacteroides;s__Bacteroides_plebeius	0.0568700758537	-0.0234224770259	0.0283613327833	-0.00905187340308	-0.0332788290845	-0.050753694543	-0.0295514813702	-0.00252121606924	-0.00922723602208	0.0508365435092	-0.0216319536033	0.0611565745497	-0.0452365904255	0.0695493222986	-0.0488546399264	1.0	0.0135078562826	0.0372721684621	0.0216572151385	-0.0207610173911	-0.00301589402887	-0.00301568945251	-0.0134150105514	0.00611026148745	-0.0396540587607	-0.0387430372897	-0.0130208474537	-0.0275310896258	0.0509406982585	-0.0273101671775	0.0339778989336	-0.00758908695535	-0.0525058255152	0.0130509516166	-0.0711871431631	-0.0260680254692	-0.00416514144097	0.0474513353413	0.00563368882621	0.00107377539954	0.00651460950184	-0.012158082775	0.019899616766	-0.0790583109023	-0.0129837755175	-0.00576220085541	-0.0288088526523	-0.0408182246781	-0.00946902919698	-0.0223465507589	0.0111537795589	-0.00732932476978	0.0160843966773	0.029751387594	0.00455330744355	0.0371332686375	0.0117069442188	0.00116150504431	0.0316901855549
k__Bacteria;p__Bacteroidetes;c__Bacteroidia;o__Bacteroidales;f__Bacteroidaceae;g__Bacteroides;s__Bacteroides_fragilis	0.0597409594438	0.0317163429523	-0.0268937977998	-0.00400418224546	-0.0506177298526	0.00366049681665	-0.0151295866936	0.00203938040612	-0.0238438447549	0.0161822025401	0.00185821041592	0.0108663479023	-0.0405200144285	0.048898811176	0.0115303259477	0.0135078562826	1.0	-0.0139417666352	-0.0164513571478	-0.0130400701843	-0.0229589719583	0.00526666580652	-0.0619966866569	-0.00144816458049	-0.0426179105812	0.0327608077917	-0.0295592735706	0.0541675324874	-0.0582466068716	0.0398305264734	0.0341725411723	-0.032685522623	0.0220625854393	0.0249393397183	-0.0202817998039	0.0366984349863	0.00824405461757	0.00985674366227	-0.056831519619	0.0188733958043	0.0446732096778	-0.0311265248403	-0.0285609393883	0.022627185519	-0.0242627250686	0.0131991696306	0.0410762150219	0.0198612608632	-0.00694289655734	0.0297681760956	0.0416554196823	-0.0534660569704	0.0228376965009	-0.0284971719145	-0.0303257844284	-0.0566862116279	-0.0360356180883	-0.00153736577123	-0.00749747488889
k__Bacteria;p__Proteobacteria;c__Betaproteobacteria;o__Burkholderiales;f__Sutterellaceae;g__Sutterella;s__Sutterella_wadsworthensis	0.0336286705525	-0.0278996287464	0.0586987837507	-0.00272532443276	-0.0314098854125	0.00496820574846	-0.0238569851545	0.0239061084033	-0.0696703539144	-0.0149505865546	-0.0684983469096	0.0124428886352	0.000228681483263	0.0195070205082	-0.000601015583998	0.0372721684621	-0.0139417666352	1.0	-0.0521025653485	-0.0342803779761	0.0521138405859	-0.0437538462942	-0.0323751084141	0.00283291366561	-0.0224349130559	-0.00598411109683	0.0373391149618	-0.0650777946001	-0.0253275916495	-0.0310099181653	0.0638706031945	0.0376562079432	-0.000434138185305	-0.0382506159107	0.0311413858139	0.039751090778	0.0141133234793	0.0235746413679	-0.0256866996339	-0.0500982092313	-0.0440181559887	0.00489593377416	0.00441583029662	-0.0279377529406	0.022722481634	-0.0360006573335	0.00655389746327	-0.0213783273568	0.00888266644544	-0.0193408217988	-0.016948787413	0.00917128347443	-0.063709454254	0.000132810798963	-0.0189833313945	0.0123137657786	-0.0156586034594	-0.0401481021692	0.0115800141688
k__Bacteria;p__Bacteroidetes;c__Bacteroidia;o__Bacteroidales;f__Porphyromonadaceae;g__Barnesiella;s__Barnesiella_intestinihominis	0.0146716292822	-0.00423661012711	-0.00917196256846	0.010642682673	-0.0415807448176	-0.00334056835707	-0.0381943321714	0.0145818839128	0.00844605002024	-0.0101950634477	0.0105071494427	-0.0511482031597	0.00991460288083	-0.0244347998338	-0.00878458239565	0.0216572151385	-0.0164513571478	-0.0521025653485	1.0	-0.0322764315692	0.00222156462515	-0.0164750091962	0.0826246762073	-0.0607326609529	0.00177452204063	-0.0797738317037	-0.0163042569391	-0.0271149070127	0.0416495776075	-0.0181137453194	0.0217463414079	-0.0253232747204	0.0109641225714	0.0158326165954	0.0283732355673	-0.0314137913377	-0.00129804643167	-0.0250394187939	-0.010713530423	0.00903620938771	-0.0520216129629	-0.00474293479417	-0.030646227677	0.0194581438196	0.0505713622685	0.00921698126885	-0.0869861312642	0.0385430242443	-0.0242164181765	0.032926609532	-0.0552731980421	-0.0200769994214	-0.0352759699495	-0.00819293291976	0.0176513079285	0.0041257619278	0.017627340297	-0.0124698045247	0.0191338021117
k__Bacteria;p__Bacteroidetes;c__Bacteroidia;o__Bacteroidales;f__Odoribacteraceae;g__Odoribacter;s__Odoribacter_splanchnicus	-0.00311141130502	-0.00836024741964	0.0273714783785	-0.0271245047924	0.00785875547084	0.0481819896775	0.052242765786	-0.0251010925017	-0.0260840497922	0.0149281431742	0.0061972543508	-0.0065271700457	0.00675018069629	-0.0655097707521	-0.0243739208314	-0.0207610173911	-0.0130400701843	-0.0342803779761	-0.0322764315692	1.0	-0.0116461432787	0.0299940064109	0.0365653091659	-0.0342204644685	0.0269840095747	-0.0593112967791	0.0228952518801	-0.0224164927835	-0.0181601876315	0.028153644195	-0.0228112197182	0.0519393667982	0.00114155579971	-0.00632319593292	-0.0300097548323	-0.0207991294721	-0.0425186295045	-0.020455030155	-0.00258844570001	-0.0365104254135	0.000446652540094	0.011322623619	0.0527689583752	-0.0139711691341	0.0201579748599	0.018585148436	0.000564154068448	-0.0303046904465	-0.00604807709518	-0.0148343347145	0.0178830937908	0.0287812519691	-0.00744104759351	-0.0556355632807	-0.0326115260664	0.00202966372349	0.0304463484018	-0.0117980375963	0.00176806926002
k__Bacteria;p__Bacteroidetes;c__Bacteroidia;o__Bacteroidales;f__Bacteroidaceae;g__Bacteroides;s__Bacteroides_salyersiae	-0.0017433932523	0.0162194140465	0.0515064402601	-0.0149793219797	0.0383696138345	-0.0393225376307	-0.0100508970564	-0.0429857712473	0.000854766153899	-0.0587322386601	0.0390187094851	-0.0520629174439	0.081611420075	0.0205940594183	0.00195625186398	-0.00301589402887	-0.0229589719583	0.0521138405859	0.00222156462515	-0.0116461432787	1.0	-0.0230187552958	-0.0327044330803	0.0413793810111	0.0275148492876	-0.066823239017	-0.0210951125038	0.0218766367242	-0.018312807015	-0.0254495852749	0.0283803227022	-0.048247140797	-0.0290125494703	0.0540226247567	-0.0171621656172	0.0131035570317	-0.0162330726069	0.00996974040849	-0.0192673684682	0.015625892	0.0284329282659	-0.0436057853792	0.0209427769751	0.0115230143323	0.0107064687551	-0.0105161934561	-0.0472376667616	-0.0489256191599	-0.0160705956278	-0.0387378481781	-0.0108383535644	-0.00275928659517	-0.0353050672116	0.0175682974744	-0.0514588842553	-0.0372610328828	0.0579451274597	0.00207728570081	0.00610253690359
k__Bacteria;p__Firmicutes;c__Clostridia;o__Clostridiales;f__Ruminococcaceae;g__Ruminiclostridium;s__[Eubacterium]_siraeum	-0.0405915696783	-0.027404562841	-0.00871836139936	-0.0137829426635	0.0293807911335	0.0477277513502	0.020167196531	0.018195120237	0.00806280679614	0.0337035327198	0.0134245430523	0.0358232345488	-0.00982920728504	-0.0461732475008	-0.0664673058556	-0.00301568945251	0.00526666580652	-0.0437538462942	-0.0164750091962	0.0299940064109	-0.0230187552958	1.0	0.033664963056	0.0305130414544	-0.0198670469098	-0.0138669023661	0.00538639418725	-0.0182595705085	-0.0178130905423	-0.0246099614771	0.0102529293875	0.0154313199439	-0.0652328207238	-0.0362945315987	0.0170537611788	0.0189272947285	-0.0166346035475	-0.0208485563779	0.0238448747639	0.0210954638291	-0.037838048342	0.00227299379453	0.0126044533616	0.0162559985431	-0.0511592158588	-0.000751973784642	-0.0683828822395	0.014687311804	0.0111946945581	-0.0229719878759	-0.0437253029326	0.0245087704457	-0.0248003909544	-0.0135485925406	-0.0173818042499	-0.0137182472957	0.0168186925685	-0.00100766179706	0.0191339177494
k__Bacteria;p__Proteobacteria;c__Betaproteobacteria;o__Burkholderiales;f__Sutterellaceae;g__Parasutterella;s__Parasutterella_excrementihominis	-0.00596879077778	0.0156509152354	-0.0469837318657	0.024933244956	0.012078041884	-0.0216312977033	-0.0504780700433	0.00393742951811	-0.018763553508	0.0144762967968	0.00536603166872	-0.0272606509062	-0.0178402909663	-0.0196073083781	0.0172116370531	-0.0134150105514	-0.0619966866569	-0.0323751084141	0.0826246762073	0.0365653091659	-0.0327044330803	0.033664963056	1.0	0.0354838516319	-0.0191850059964	-0.0299057303837	0.0422155277806	0.0203607676037	-0.0189362605414	0.0492085997702	-0.0354495985046	0.0125466623688	0.0023232998453	-0.0301847146243	0.00518123849898	-0.021922493663	0.019085642413	-0.0461390033797	-0.0137383626236	-0.00396938952705	0.0042410582273	0.0382448335	0.0155956038351	-0.0763520668099	-0.0328192794048	-0.0651721586024	-0.015390074285	0.0617660867999	0.0050024898361	-0.00808142303346	-0.0219509335083	-0.0665549316711	0.0157493222231	0.0617539695352	-0.0113805611769	-0.0377178167915	-0.0122985875206	0.031914030423	-0.0488112425429
k__Bacteria;p__Actinobacteria;c__Actinobacteria;o__Bifidobacteriales;f__Bifidobacteriaceae;g__Bifidobacterium;s__Bifidobacterium_adolescentis	-0.0144829612449	0.014313274898	0.0214262889489	-0.026129429769	-0.0203502055014	-0.0326224619289	-0.0299882081994	-0.0353364003543	0.00605589300046	-0.0243836609607	0.0112207737412	0.00753916553205	0.00159554455716	-0.0306339729582	-0.0296021673352	0.00611026148745	-0.00144816458049	0.00283291366561	-0.0607326609529	-0.0342204644685	0.0413793810111	0.0305130414544	0.0354838516319	1.0	0.0145676966525	0.0591047323133	0.00369445911057	0.0195189434249	-0.0222456877489	0.00679920989462	-0.00303571060056	-0.00112856943928	-0.0311791835372	0.00363562606564	0.0214564266438	0.0224196271513	-0.0269517469045	0.036084127914	-0.0678094135623	-0.0165995090767	0.0263949734283	-0.0110898226003	-0.0530265710734	-0.0230300409295	0.00772632161821	0.0333563442865	0.0265857567892	0.0382626842048	0.034986101545	-0.0403900050049	0.0229732573301	0.0290233271185	0.0354123281501	-0.0406588541665	0.0107897929512	0.0114819062848	0.00475745644638	0.046349026835	-0.048078074743
k__Bacteria;p__Firmicutes;c__Clostridia;o__Clostridiales;f__Oscillospiraceae;g__Oscillibacter;s__Oscillibacter_sp._KLE_1745	-0.045806841571	0.00913676754891	-0.0328027288454	-0.0337874109545	-0.0038625413617	-0.0509672534556	0.00552920326016	-0.0130593978132	-0.0108215967833	0.0208548264417	-0.0145830684865	0.0180930995129	-0.00352695653302	-0.0304844257744	0.00808921072688	-0.0396540587607	-0.0426179105812	-0.0224349130559	0.00177452204063	0.0269840095747	0.0275148492876	-0.0198670469098	-0.0191850059964	0.0145676966525	1.0	-0.0607557987206	-0.0338473843973	-0.0745952762764	-0.0127586377874	0.0228370696068	0.0151989461918	0.0447753882371	-0.0337999961214	-0.00960758585646	0.0396372533841	0.00123921482625	0.0380681008336	-0.000157937693732	0.0149982653134	-0.056893629499	0.0640203946009	0.0243399294663	-0.024350971928	0.0363997693809	0.0240567278358	0.0537151365774	-0.0670476517291	-0.036159255004	-0.0126831081249	-0.0593152307318	-0.0419817431923	0.0225247100577	-0.0105765257401	-0.0227621736747	0.0322833767011	-0.00959706576269	0.0275475197015	-0.00461483891999	-0.0430620175055
k__Bacteria;p__Bacteroidetes;c__Bacteroidia;o__Bacteroidales;f__Bacteroidaceae;g__Bacteroides;s__Bacteroides_coprophilus	-0.0158513029292	0.0185210310125	-0.0224544489055	0.00667450991607	0.0185459425597	-0.00101669078789	0.0175994328415	0.024009847288	0.0332675023248	-0.0254165779776	-0.0335165022186	0.041188641134	0.0026804791088	0.0150309483163	-0.0232523891642	-0.0387430372897	0.0327608077917	-0.00598411109683	-0.0797738317037	-0.0593112967791	-0.066823239017	-0.0138669023661	-0.0299057303837	0.0591047323133	-0.0607557987206	1.0	-0.0313945222004	0.0215768115036	0.0292906883651	-0.0364954041361	-0.046575635527	-0.00276755165561	0.0102100719023	-0.0564928930611	-0.0741535392704	0.00164348006445	0.0297418035295	0.0658390721568	-0.00862208715391	0.0504720659721	-0.0719918879555	0.0170388954422	-0.0137596595782	0.0274518937336	-0.0456242763716	-0.107695116376	-0.00543712414365	0.03486016521	-0.00457744216329	-0.0369678708828	0.0297318764777	0.0256154456112	0.0110275946909	0.0325413300225	0.00280070473494	0.0434286737107	-0.0139853237837	-0.0136246918115	-0.0291869117704
k__Bacteria;p__Firmicutes;c__Clostridia;o__Clostridiales;f__Lachnospiraceae;g__Roseburia;s__Roseburia_intestinalis	-0.0450353411143	-0.0644528965476	0.0258176973614	-0.0178738919851	-0.0653211116225	0.0100041666924	-0.0716524096242	-0.0526213783565	-0.0381432785942	0.0193065103694	-0.0134222901978	-0.0306686618622	-0.000374444832471	-0.0479553642645	-0.0539118850446	-0.0130208474537	-0.0295592735706	0.0373391149618	-0.0163042569391	0.0228952518801	-0.0210951125038	0.00538639418725	0.0422155277806	0.00369445911057	-0.0338473843973	-0.0313945222004	1.0	0.00766351906194	0.0518868302667	0.00739012071442	0.0508622710147	-0.00845560830931	0.000768762066636	-0.00895257464246	0.0191988131331	-0.0213856333812	-0.0385407998079	-0.0453961848668	0.0223799817468	-0.060694411549	-0.000813984196187	-0.034172621237	0.00593220903233	-0.0370959140129	-0.0353347495662	-0.043463005492	-0.0103326642692	0.0679022202922	-0.0049960206216	0.00355065127296	-0.00975783474343	0.0416562865585	0.00315494962847	-0.016156392031	-0.0360599839876	0.0311889626206	-0.0400140784579	0.0174816955114	0.00472959237823
k__Bacteria;p__Firmicutes;c__Clostridia;o__Clostridiales;f__Lachnospiraceae;g__Roseburia;s__Roseburia_hominis	-0.0119712661252	-0.0640135053487	-0.0225360015132	-0.0601440675412	0.0481951364464	0.080254239321	0.00695029706335	-0.0364845125794	-0.053619937296	0.0241534426823	0.021513593217	-0.0483325153862	-0.0453873694727	-0.00755585886524	0.0163459010382	-0.0275310896258	0.0541675324874	-0.0650777946001	-0.0271149070127	-0.0224164927835	0.0218766367242	-0.0182595705085	0.0203607676037	0.0195189434249	-0.0745952762764	0.0215768115036	0.00766351906194	1.0	-0.0448723945882	-0.0481184967108	-0.0148228544047	0.00920307189575	-0.00468141514441	0.0365260999446	0.028138701317	-0.0238094884727	-0.0171457838507	0.00437028418515	0.0105847178122	0.0594383600144	-0.0308018316367	-0.0186240926932	0.00493679086886	0.0206707836449	0.00694891065848	-0.0241835996417	0.0179299034028	0.00157163286949	-0.0449571946368	0.0262677608295	-0.0277848497192	-0.0687161132474	-0.0254941270759	-0.021315966119	0.0279253479565	-0.00142724451971	-0.00237981370456	-0.00809964390089	0.0584123627282
k__Bacteria;p__Bacteroidetes;c__Bacteroidia;o__Bacteroidales;f__Porphyromonadaceae;g__Parabacteroides;s__Parabacteroides_johnsonii	0.0315326523475	-0.024999900959	0.00996527378594	-0.0321793910789	0.011853388814	-0.0484801123143	0.036247138084	-0.0186437453055	-0.0234964219694	-0.0681549610429	0.0305756579882	-0.041507959245	0.0162882407395	0.0220783885954	0.0669149155968	0.0509406982585	-0.0582466068716	-0.0253275916495	0.0416495776075	-0.0181601876315	-0.018312807015	-0.0178130905423	-0.0189362605414	-0.0222456877489	-0.0127586377874	0.0292906883651	0.0518868302667	-0.0448723945882	1.0	-0.0262014182333	-0.0106768151714	0.0185652167784	-0.042701696343	0.040104493021	0.00903549477423	-0.0470437146069	0.0585844902721	0.00922298274749	-0.0574735930232	0.0417759429167	0.0474354354575	0.0176635382584	-0.00195998373914	-0.0188401069527	0.00504217399128	-0.013834744786	0.0229804099139	0.00502710309952	0.0315130029687	0.0143606013646	-0.0681277007257	-0.0272505945369	-0.016617198143	0.00890330086458	-0.062830926538	0.0135534873448	-0.00709308332825	-0.0156364797855	-0.036786161309
k__Bacteria;p__Actinobacteria;c__Actinobacteria;o__Bifidobacteriales;f__Bifidobacteriaceae;g__Bifidobacterium;s__Bifidobacterium_longum	-0.0125633364776	0.0296904338776	-0.0230792840109	-0.0131246830797	-0.0125759849877	0.0244825630203	-0.00929835351805	0.0280775469976	0.0291349074158	-0.0519956455475	0.00597208746051	0.00673111554234	-0.020038731345	0.00600007944061	0.00601442821584	-0.0273101671775	0.0398305264734	-0.0310099181653	-0.0181137453194	0.028153644195	-0.0254495852749	-0.0246099614771	0.0492085997702	0.00679920989462	0.0228370696068	-0.0364954041361	0.00739012071442	-0.0481184967108	-0.0262014182333	1.0	0.00247428320955	0.0116376629343	-0.00123348900403	-0.0421054310898	-0.0645889788221	-0.00414403355596	0.0268225270445	0.0418796347086	-0.0384566168222	0.00878440152259	-0.0338891258069	0.0156210525646	-0.00546846086616	-0.0177621128636	0.034964597671	0.00200969515395	0.0255880153874	-0.0389696572867	-0.0386809091113	0.0345503455008	0.0384660061308	-0.0625802311292	0.033669445954	-0.11298804281	-0.0344260335821	0.00730145385038	-0.0159422004468	-0.00261759876932	-0.0696892388365
