#taxonomy	k__Bacteria;p__Bacteroidetes;c__Bacteroidia;o__Bacteroidales;f__Bacteroidaceae;g__Bacteroides;s__Bacteroides_vulgatus	k__Bacteria;p__Bacteroidetes;c__Bacteroidia;o__Bacteroidales;f__Bacteroidaceae;g__Bacteroides;s__Bacteroides_uniformis	k__Bacteria;p__Bacteroidetes;c__Bacteroidia;o__Bacteroidales;f__Rikenellaceae;g__Alistipes;s__Alistipes_putredinis	k__Bacteria;p__Bacteroidetes;c__Bacteroidia;o__Bacteroidales;f__Prevotellaceae;g__Prevotella;s__Prevotella_copri	k__Bacteria;p__Bacteroidetes;c__Bacteroidia;o__Bacteroidales;f__Bacteroidaceae;g__Bacteroides;s__Bacteroides_stercoris	k__Bacteria;p__Bacteroidetes;c__Bacteroidia;o__Bacteroidales;f__Bacteroidaceae;g__Bacteroides;s__Bacteroides_ovatus	k__Bacteria;p__Bacteroidetes;c__Bacteroidia;o__Bacteroidales;f__Rikenellaceae;g__Alistipes;s__Alistipes_shahii	k__Bacteria;p__Firmicutes;c__Clostridia;o__Clostridiales;f__Ruminococcaceae;g__Faecalibacterium;s__Faecalibacterium_prausnitzii	k__Bacteria;p__Bacteroidetes;c__Bacteroidia;o__Bacteroidales;f__Rikenellaceae;g__Alistipes;s__Alistipes_finegoldii	k__Bacteria;p__Bacteroidetes;c__Bacteroidia;o__Bacteroidales;f__Porphyromonadaceae;g__Parabacteroides;s__Parabacteroides_distasonis	k__Bacteria;p__Bacteroidetes;c__Bacteroidia;o__Bacteroidales;f__Bacteroidaceae;g__Bacteroides;s__Bacteroides_thetaiotaomicron	k__Bacteria;p__Bacteroidetes;c__Bacteroidia;o__Bacteroidales;f__Bacteroidaceae;g__Bacteroides;s__Bacteroides_coprocola	k__Bacteria;p__Bacteroidetes;c__Bacteroidia;o__Bacteroidales;f__Bacteroidaceae;g__Bacteroides;s__Bacteroides_cellulosilyticus	k__Bacteria;p__Bacteroidetes;c__Bacteroidia;o__Bacteroidales;f__Rikenellaceae;g__Alistipes;s__Alistipes_obesi	k__Bacteria;p__Firmicutes;c__Clostridia;o__Clostridiales;f__Lachnospiraceae;g__;s__[Eubacterium]_rectale	k__Bacteria;p__Bacteroidetes;c__Bacteroidia;o__Bacteroidales;f__Bacteroidaceae;g__Bacteroides;s__Bacteroides_plebeius	k__Bacteria;p__Bacteroidetes;c__Bacteroidia;o__Bacteroidales;f__Bacteroidaceae;g__Bacteroides;s__Bacteroides_fragilis	k__Bacteria;p__Proteobacteria;c__Betaproteobacteria;o__Burkholderiales;f__Sutterellaceae;g__Sutterella;s__Sutterella_wadsworthensis	k__Bacteria;p__Bacteroidetes;c__Bacteroidia;o__Bacteroidales;f__Porphyromonadaceae;g__Barnesiella;s__Barnesiella_intestinihominis	k__Bacteria;p__Bacteroidetes;c__Bacteroidia;o__Bacteroidales;f__Odoribacteraceae;g__Odoribacter;s__Odoribacter_splanchnicus	k__Bacteria;p__Bacteroidetes;c__Bacteroidia;o__Bacteroidales;f__Bacteroidaceae;g__Bacteroides;s__Bacteroides_salyersiae	k__Bacteria;p__Firmicutes;c__Clostridia;o__Clostridiales;f__Ruminococcaceae;g__Ruminiclostridium;s__[Eubacterium]_siraeum	k__Bacteria;p__Proteobacteria;c__Betaproteobacteria;o__Burkholderiales;f__Sutterellaceae;g__Parasutterella;s__Parasutterella_excrementihominis	k__Bacteria;p__Actinobacteria;c__Actinobacteria;o__Bifidobacteriales;f__Bifidobacteriaceae;g__Bifidobacterium;s__Bifidobacterium_adolescentis	k__Bacteria;p__Firmicutes;c__Clostridia;o__Clostridiales;f__Oscillospiraceae;g__Oscillibacter;s__Oscillibacter_sp._KLE_1745	k__Bacteria;p__Bacteroidetes;c__Bacteroidia;o__Bacteroidales;f__Bacteroidaceae;g__Bacteroides;s__Bacteroides_coprophilus	k__Bacteria;p__Firmicutes;c__Clostridia;o__Clostridiales;f__Lachnospiraceae;g__Roseburia;s__Roseburia_intestinalis	k__Bacteria;p__Firmicutes;c__Clostridia;o__Clostridiales;f__Lachnospiraceae;g__Roseburia;s__Roseburia_hominis	k__Bacteria;p__Bacteroidetes;c__Bacteroidia;o__Bacteroidales;f__Porphyromonadaceae;g__Parabacteroides;s__Parabacteroides_johnsonii	k__Bacteria;p__Actinobacteria;c__Actinobacteria;o__Bifidobacteriales;f__Bifidobacteriaceae;g__Bifidobacterium;s__Bifidobacterium_longum	k__Bacteria;p__Firmicutes;c__Clostridia;o__Clostridiales;f__;g__Flavonifractor;s__Flavonifractor_plautii	k__Bacteria;p__Firmicutes;c__Clostridia;o__Clostridiales;f__Clostridiaceae;g__Clostridium;s__Clostridium_phoceensis	k__Bacteria;p__Verrucomicrobia;c__Verrucomicrobiae;o__Verrucomicrobiales;f__Akkermansiaceae;g__Akkermansia;s__Akkermansia_muciniphila	k__Bacteria;p__Bacteroidetes;c__Bacteroidia;o__Bacteroidales;f__Prevotellaceae;g__Paraprevotella;s__Paraprevotella_xylaniphila	k__Bacteria;p__Firmicutes;c__Clostridia;o__Clostridiales;f__Ruminococcaceae;g__Ruminococcus;s__Ruminococcus_callidus	k__Bacteria;p__Bacteroidetes;c__Bacteroidia;o__Bacteroidales;f__Rikenellaceae;g__Alistipes;s__Alistipes_senegalensis	k__Bacteria;p__Firmicutes;c__Clostridia;o__Clostridiales;f__Lachnospiraceae;g__Blautia;s__Blautia_sp._KLE_1732	k__Bacteria;p__Bacteroidetes;c__Bacteroidia;o__Bacteroidales;f__Bacteroidaceae;g__Bacteroides;s__Bacteroides_oleiciplenus	k__Bacteria;p__Firmicutes;c__Clostridia;o__Clostridiales;f__Ruminococcaceae;g__Ruminococcus;s__Ruminococcus_bicirculans	k__Bacteria;p__Bacteroidetes;c__Bacteroidia;o__Bacteroidales;f__Bacteroidaceae;g__Bacteroides;s__Bacteroides_fluxus	k__Bacteria;p__Bacteroidetes;c__Bacteroidia;o__Bacteroidales;f__Prevotellaceae;g__Prevotella;s__Prevotella_stercorea	k__Bacteria;p__Firmicutes;c__Clostridia;o__Clostridiales;f__Lachnospiraceae;g__Dorea;s__Dorea_longicatena	k__Bacteria;p__Firmicutes;c__Clostridia;o__Clostridiales;f__Eubacteriaceae;g__Eubacterium;s__[Eubacterium]_eligens	k__Bacteria;p__Firmicutes;c__Clostridia;o__Clostridiales;f__Ruminococcaceae;g__;s__Ruminococcaceae_bacterium_D16	k__Bacteria;p__Firmicutes;c__Clostridia;o__Clostridiales;f__Lachnospiraceae;g__Coprococcus;s__Coprococcus_comes	k__Bacteria;p__Proteobacteria;c__Gammaproteobacteria;o__Enterobacterales;f__Enterobacteriaceae;g__Escherichia;s__Escherichia_coli	k__Bacteria;p__Firmicutes;c__Clostridia;o__Clostridiales;f__Ruminococcaceae;g__Anaerotruncus;s__Anaerotruncus_colihominis	k__Bacteria;p__Firmicutes;c__Clostridia;o__Clostridiales;f__Lachnospiraceae;g__Blautia;s__Blautia_obeum	k__Bacteria;p__Bacteroidetes;c__Bacteroidia;o__Bacteroidales;f__Odoribacteraceae;g__Odoribacter;s__Odoribacter_laneus	k__Bacteria;p__Firmicutes;c__Clostridia;o__Clostridiales;f__Ruminococcaceae;g__Ruminiclostridium;s__[Clostridium]_leptum	k__Bacteria;p__Bacteroidetes;c__Bacteroidia;o__Bacteroidales;f__Porphyromonadaceae;g__Parabacteroides;s__Parabacteroides_goldsteinii	k__Bacteria;p__Firmicutes;c__Clostridia;o__Clostridiales;f__Lachnospiraceae;g__Anaerostipes;s__Anaerostipes_hadrus	k__Bacteria;p__Firmicutes;c__Clostridia;o__Clostridiales;f__Ruminococcaceae;g__Ruminococcus;s__Ruminococcus_lactaris	k__Bacteria;p__Firmicutes;c__Clostridia;o__Clostridiales;f__Clostridiaceae;g__Clostridium;s__Clostridium_sp._L2-50	k__Bacteria;p__Firmicutes;c__Clostridia;o__Clostridiales;f__Clostridiaceae;g__Clostridium;s__Clostridium_sp._M62/1	k__Bacteria;p__Firmicutes;c__Clostridia;o__Clostridiales;f__;g__Intestinimonas;s__Intestinimonas_butyriciproducens	k__Bacteria;p__Actinobacteria;c__Actinobacteria;o__Bifidobacteriales;f__Bifidobacteriaceae;g__Bifidobacterium;s__Bifidobacterium_bifidum	k__Bacteria;p__Firmicutes;c__Negativicutes;o__Veillonellales;f__Veillonellaceae;g__Dialister;s__Dialister_invisus	k__Bacteria;p__Bacteroidetes;c__Bacteroidia;o__Bacteroidales;f__Bacteroidaceae;g__Bacteroides;s__Bacteroides_salanitronis
k__Bacteria;p__Bacteroidetes;c__Bacteroidia;o__Bacteroidales;f__Bacteroidaceae;g__Bacteroides;s__Bacteroides_vulgatus	1.0	-0.0554274929444	0.0126312099149	-0.000536950079965	-0.0103896729335	0.0182906905981	0.0136301317688	-0.0348543122892	-0.0277097350429	-0.013574784995	-0.0161165044948	0.0106864701659	0.0396558213872	-0.00804399646846	0.0268948911895	-0.0145274747961	-0.0191425034881	0.00511903889562	0.00521819997231	-0.0592778377866	-0.0141312501301	-0.0321101140616	0.0719203015999	0.0488858146171	0.0383220072315	0.0175598239866	0.0355077026895	-0.00564127730883	-0.00452111789502	-0.0692278985797	-0.0373022686257	0.0462017642688	-0.0251835471649	0.0185105247289	0.00756159650459	0.0187871280368	0.0424229349871	0.00607805407816	-0.0189818108192	-0.0198621331338	-0.0256742369793	-0.0838329254967	-0.0465593067886	-0.00864221912736	-0.0011362937225	0.0391051569518	-0.0638182545517	-0.0299445854881	0.0424705741	0.0109004448272	0.02940169877	0.00776149517918	-0.106809160567	0.0152285238254	-6.09648094888e-05	-0.0389850827719	-0.0111016322103	-0.0683327338075	-0.0306187861076
k__Bacteria;p__Bacteroidetes;c__Bacteroidia;o__Bacteroidales;f__Bacteroidaceae;g__Bacteroides;s__Bacteroides_uniformis	-0.0554274929444	1.0	-0.0235383807891	-0.00611580720192	-0.0393738504332	0.00887972107238	-0.0177615653429	0.00536118955469	-0.0184302464425	0.0176326782211	-0.0204620732067	-0.038498908165	0.00234923106127	-0.0719788927892	-0.0354600894756	-0.03636891853	7.39506727395e-05	-0.0307696340562	-0.00744254157394	-0.04356555261	-0.00838648214703	0.0287167508991	0.00514297827611	0.00451665499242	0.00325027551121	-0.0661232170361	0.0211006184513	0.0462906287467	-0.0410649208917	-0.0108081619685	-0.0568313200403	-0.02066928317	0.01699037452	0.00233780110718	0.0462485297042	-0.0129974938062	-0.00667321921111	-0.0506411138271	0.0434834428625	0.00824821059226	-0.0182521260148	-0.0475835207525	-0.0484129608487	0.0184377730176	-0.0325710803928	0.0281954972506	0.00214589477427	-0.0312841997956	0.0164513341613	-0.0217884666198	0.025107446421	-0.00714598905332	0.0166786533096	-0.0306879810693	-0.0256674514081	-0.0375181432628	-0.0150182348444	0.00992508190209	0.0163450272892
k__Bacteria;p__Bacteroidetes;c__Bacteroidia;o__Bacteroidales;f__Rikenellaceae;g__Alistipes;s__Alistipes_putredinis	0.0126312099149	-0.0235383807891	1.0	-0.0429094230913	-0.0119730903721	-0.039880111415	-0.0221975831173	-0.0544319792822	0.0279665324722	0.0122306602057	0.0372196593621	0.0402087618276	-0.0184369338066	-0.0199017795012	-0.0522432064345	-0.00640390473314	0.0233851748398	0.00312537867439	0.00694448265565	-0.0122592090179	0.0686064708558	-0.0294071322407	-0.0271650888562	-0.0199346246119	-0.039281814725	-0.0171826864358	-0.0644349381089	0.0150812774348	-0.0564802081772	0.00770723609059	-0.00992629005653	-0.0119341003878	-0.0111607144135	0.0084002685911	-0.0309664508645	-0.00225075654597	-0.00443132912958	0.0424949402211	-0.00957860211831	0.0246213429413	0.0592577914535	-0.0563056300752	0.056973835008	-0.0341023644763	-0.0106964089315	-0.00307198497003	0.00997285603721	0.0180612499249	0.0221588723432	-0.0248952049399	0.0267820437145	-0.0411692822313	0.00400213226034	-0.0403163065314	-0.00935045966334	-0.00697361079661	-0.0280226011554	0.055129190329	0.0241400017948
k__Bacteria;p__Bacteroidetes;c__Bacteroidia;o__Bacteroidales;f__Prevotellaceae;g__Prevotella;s__Prevotella_copri	-0.000536950079965	-0.00611580720192	-0.0429094230913	1.0	-0.0320207476298	0.0365603671903	-0.0119565455528	-0.0384346450113	-0.00871222564905	-0.0231855693491	0.0248963788304	0.00315971318632	0.0566348071984	-0.0022130586735	-0.0868737308099	0.0306068134422	0.0137829321837	5.50608318887e-05	-0.00981822443894	-0.0218661663515	-0.0035382495518	0.0107836857865	0.0221121501525	0.0114117691277	-0.0456479894114	0.0420496975574	0.00117017524274	-0.0142907228472	-0.00236297365906	-0.0201689986112	-0.0296569913765	-0.0178014250968	0.00537168039704	-0.0313653470869	-0.0697334655413	0.0467494732146	-0.074797994352	-0.0240566797765	-0.0417148416851	0.0153950724275	-0.0336669625189	-0.00247161701694	0.0434777975478	-0.0239218564393	0.0140127457438	-0.0379210904966	0.0169132317758	0.00944726309977	0.0346125575721	0.027464146195	-0.00557219145535	-0.023382125461	-0.0366311250003	0.00347592398944	0.0357448114313	-0.0128857791625	-0.0695261342617	-0.0188361735149	-0.0286444346273
k__Bacteria;p__Bacteroidetes;c__Bacteroidia;o__Bacteroidales;f__Bacteroidaceae;g__Bacteroides;s__Bacteroides_stercoris	-0.0103896729335	-0.0393738504332	-0.0119730903721	-0.0320207476298	1.0	-0.0100249684767	-0.0298770603239	0.0164679698338	-0.0639298674145	0.00286969329492	-0.0335160343002	-0.0283392652182	0.025352543954	-0.0646580598406	-0.038538544497	0.00402721181936	-0.002963626798	-0.00637272381277	-0.0675581836333	0.00227417977301	0.00943317318229	0.00390374600798	-0.0212223484093	-0.00699478449998	-0.0120601441269	0.0190728519017	-0.0251287084343	0.0205397553523	-0.00167521260787	-0.00813506506045	0.0150310400333	-0.0235824886679	-0.0330129648116	0.00666085120105	-0.0164609309546	-0.0289717359368	0.0374397560235	-0.00626027420815	-0.0647437687868	-0.014812095945	-0.0297634695536	0.0251024268467	-0.0193008563446	0.000403207535189	0.0697679243062	0.0208808305569	-0.0437438945165	-0.024725425593	0.0563177499157	-0.0164975020522	0.0100565207499	-0.0644111839834	-0.0119358546229	0.0160406271118	0.0962540968942	0.0069997730376	-0.0300310176738	0.0406523224478	-0.0180644843934
k__Bacteria;p__Bacteroidetes;c__Bacteroidia;o__Bacteroidales;f__Bacteroidaceae;g__Bacteroides;s__Bacteroides_ovatus	0.0182906905981	0.00887972107238	-0.039880111415	0.0365603671903	-0.0100249684767	1.0	0.0330934709967	-0.0460840323501	-0.00731921047519	0.0104367817886	0.0313367211138	0.0749794982486	0.032786439717	0.0329921274709	0.00417008306508	-0.0617980399271	0.000680273414321	0.0106854382785	0.0307380260071	-0.0218377703871	-0.0597647583311	0.0217811650846	-0.040413861875	0.0209912683852	-0.0350072127777	0.0118106539071	-0.0280651581173	0.0611788199261	-0.0226720659516	0.00192401604657	0.0437827664989	-0.0492712535312	0.0269467565821	-0.0475848156807	0.006278617056	0.0155237737286	-0.0629999382756	-0.019724648304	-0.0193605922812	0.0247091633475	-0.00900509288978	-0.00927907177547	-0.0694064368182	0.0102521880355	-0.0157109805906	-0.0676692861956	0.0116154692756	-0.0134535506907	-0.031752891883	0.050033856348	0.0365630659496	-0.034390802592	-0.0177529340161	0.00237800948611	0.00659589435307	-0.0108093026385	0.00226408846915	0.0266870315073	-0.0323710718087
k__Bacteria;p__Bacteroidetes;c__Bacteroidia;o__Bacteroidales;f__Rikenellaceae;g__Alistipes;s__Alistipes_shahii	0.0136301317688	-0.0177615653429	-0.0221975831173	-0.0119565455528	-0.0298770603239	0.0330934709967	1.0	0.0248910918099	0.00361807621857	-0.0511674293161	0.0595736272571	-0.0404333366701	-0.0148815106648	-0.00660613681885	0.053707184506	-0.0085948770308	0.00501811262447	-0.0126360009513	-0.0487921485059	0.0212260411621	-0.0296414886001	-0.000649858212943	-0.0128496915964	-0.103719257369	-0.0295666550739	-0.0492720801661	-0.0106739658174	0.00689249998114	0.00396933073086	0.0221055900753	-0.000947962793841	-0.052875756508	-0.0390203738988	0.00225942777269	0.0528616022857	0.0125273214068	0.0294617478301	-0.0318189257361	0.0728338840815	-0.0065631828943	0.00121364856093	0.0266499719455	0.0161521118296	-0.0447275394062	-0.0343639150543	-0.0404768892784	-0.00452086870227	-0.0205092036657	0.0245148362532	-0.0091034954134	0.0207697522034	0.0725909702212	0.02363481066	0.0366349532578	-0.00420689731222	0.0102271375163	-0.0550776880653	-0.0137678586182	0.00571985810652
k__Bacteria;p__Firmicutes;c__Clostridia;o__Clostridiales;f__Ruminococcaceae;g__Faecalibacterium;s__Faecalibacterium_prausnitzii	-0.0348543122892	0.00536118955469	-0.0544319792822	-0.0384346450113	0.0164679698338	-0.0460840323501	0.0248910918099	1.0	0.0732149020558	-0.000700364128845	0.0212956135345	-0.0281438478937	-0.0115617965452	-0.00609478060001	0.0292643042636	-0.00261002430049	-0.0484606443639	0.0104767182046	0.00077002595203	0.0430816420905	-0.019237777902	-0.00299814471661	-0.0145202280116	0.0168101333272	-0.0239628726332	-0.0237396823599	-0.00506298541053	0.0221623769817	0.0618608301135	-0.0028495187492	0.0224775411138	0.0178118522554	-0.0234092207259	0.00838374677848	0.00161828195927	-0.0520740801829	-0.00948349502743	-0.00345931200507	-0.0408768377575	-0.00416100275505	0.00262746335883	-0.0331546889628	0.0117625431124	-0.0493348288701	-0.0297906079744	-0.0358420705088	-0.000718611009079	-0.0100068606732	0.0288290539238	0.0324579183742	-0.0105168222036	-0.0836330051762	-0.054966619541	0.0169619677179	-0.015908430631	0.0252515099393	-0.0286645230665	0.0364610338785	-0.0638489165143
k__Bacteria;p__Bacteroidetes;c__Bacteroidia;o__Bacteroidales;f__Rikenellaceae;g__Alistipes;s__Alistipes_finegoldii	-0.0277097350429	-0.0184302464425	0.0279665324722	-0.00871222564905	-0.0639298674145	-0.00731921047519	0.00361807621857	0.0732149020558	1.0	-0.0436661027107	0.0100394230518	0.00680066406094	0.0222249483966	-0.000903108077166	-0.0106379384929	-0.00843005806751	0.00171114540426	0.038696600642	0.0336291127674	0.00295764747538	-0.0541970559355	-0.0234505159699	-0.0413430241256	0.0325535055096	0.0134959890018	-0.029779855635	-0.0522023385335	-0.0187225895069	0.0218990830548	-0.00238684732106	-0.0275798516618	-0.00274111403782	-0.0212514831981	-0.0372110725619	0.0245677964014	0.0109902146614	-0.0870976573765	-0.054837939758	-0.0162985416754	-0.0522407737774	0.0713031410192	0.0364911258966	-0.0658157609826	0.0153592297062	-0.0392599450276	0.00459377459802	-0.0342084220587	-0.0067106957719	-0.0229699028558	0.0115784792568	-0.0533309588211	-0.0136175142895	0.0154170177527	0.0467965007258	-0.0662475096758	0.0378815018765	0.015403910308	0.00252155546003	-0.00446238795985
k__Bacteria;p__Bacteroidetes;c__Bacteroidia;o__Bacteroidales;f__Porphyromonadaceae;g__Parabacteroides;s__Parabacteroides_distasonis	-0.013574784995	0.0176326782211	0.0122306602057	-0.0231855693491	0.00286969329492	0.0104367817886	-0.0511674293161	-0.000700364128845	-0.0436661027107	1.0	-0.0155086281268	0.00495522255241	0.0218233465299	-0.0332283308492	0.104662217576	-0.00687995613078	-0.0304238497321	-0.013949175598	0.0321021030558	0.00737831828287	0.0357674522698	-0.0550977871816	-0.0303706996989	0.0383796858431	-0.0271868681459	-0.00565459356237	-0.0168600104651	0.00986658636936	-0.0111570869829	-0.0158772433863	-0.0110551615381	0.0116793481069	0.0507275434947	-0.0409935400599	-0.0221421242321	0.00337907909463	-0.0579390775875	-0.072347260952	-0.0197199163643	0.020335499265	-0.0277905261669	0.0245418008488	0.00166363230121	0.0145076674333	0.0551058120583	-0.0691647197024	0.00388827266747	-0.022377499783	-0.0241687349968	-0.0559526756747	-0.0549783447202	-0.0480911970275	0.00385823162183	0.00331212514699	0.0422700261914	0.0107895881235	0.0618508257804	0.0199810115029	-0.0224461842563
k__Bacteria;p__Bacteroidetes;c__Bacteroidia;o__Bacteroidales;f__Bacteroidaceae;g__Bacteroides;s__Bacteroides_thetaiotaomicron	-0.0161165044948	-0.0204620732067	0.0372196593621	0.0248963788304	-0.0335160343002	0.0313367211138	0.0595736272571	0.0212956135345	0.0100394230518	-0.0155086281268	1.0	0.003536422676	-0.0389134067518	0.0307389802446	0.0235782192156	0.0383850724325	-0.0174174806029	0.0422659793756	-0.051389769309	-0.0184678019014	-0.00696495306349	-0.0497608420344	-0.0459953792295	-0.036075112973	-0.00570007794494	0.0326545146295	-0.00690939788831	-0.0681124013743	0.0307360006891	-0.0275783107551	0.0236701469801	-0.051840126469	-0.0633996187775	0.0142443393912	-0.0372353264868	0.00461004322863	-0.0333307149358	-0.0154278565719	-0.00356479675271	0.048728044766	-0.0243428387637	-0.0366238714241	-0.070007194636	-0.0449914825276	-0.0434351898857	-0.0242344566495	-0.0447846895712	0.0156821601066	-0.0195516890972	0.0658906556917	0.0315324391597	-0.0352379968952	0.0233150969715	0.0236649160945	-0.0398733537922	0.0124490572234	-0.112676239187	0.042761360891	-0.024873031036
k__Bacteria;p__Bacteroidetes;c__Bacteroidia;o__Bacteroidales;f__Bacteroidaceae;g__Bacteroides;s__Bacteroides_coprocola	0.0106864701659	-0.038498908165	0.0402087618276	0.00315971318632	-0.0283392652182	0.0749794982486	-0.0404333366701	-0.0281438478937	0.00680066406094	0.00495522255241	0.003536422676	1.0	-0.0480146132504	-0.0613965363187	-0.0284433006939	-0.0659087976381	-0.00569342152769	0.0480573521089	0.0374193278262	-0.023666751346	0.00228754971167	0.0275245017605	-0.0645164209374	-0.0230535059281	-0.0164011040745	0.0591234549329	0.0444203067348	-0.0168093045916	-0.0170238889357	0.0461050115634	-0.0496262806304	0.00840545314846	0.00489415434984	-0.0064305616125	-0.0511127108953	0.0696957365841	-0.0436287140448	0.0256522508265	0.0170592248267	0.0203330381609	-0.0172950232805	0.0253169026272	-0.0207222600496	-0.0563539509387	0.0069015418724	-0.0358637418269	-0.0289565481565	0.0358874366278	0.00924112664523	0.0204394736438	-0.0315081526803	-0.0333231540877	-0.0440043783294	-0.0242605430048	0.0100213514389	-0.0540033506222	-0.0448186801107	0.0241532153405	0.003627444465
k__Bacteria;p__Bacteroidetes;c__Bacteroidia;o__Bacteroidales;f__Bacteroidaceae;g__Bacteroides;s__Bacteroides_cellulosilyticus	0.0396558213872	0.00234923106127	-0.0184369338066	0.0566348071984	0.025352543954	0.032786439717	-0.0148815106648	-0.0115617965452	0.0222249483966	0.0218233465299	-0.0389134067518	-0.0480146132504	1.0	-0.0147550545318	-0.0552130501441	-0.0217986688338	0.023404162496	-0.0542283968485	-0.0132728771592	0.0201493301144	-0.0198123285534	-0.0329805026791	0.0272752102644	-0.0110867037343	0.0118769660715	0.0024048621558	-0.0369338107758	0.0690766955072	0.0269502480569	-0.0140990380767	0.00441370323944	0.0209912953289	0.0107531863573	-0.0516724908661	-0.0162557563381	-0.0207644074333	-0.0162990815173	-0.0185247916791	0.0439755363702	0.0397459600492	0.0342610505355	-0.0285762011149	-0.0140017876334	-0.0193903701598	0.066064591727	-0.0363988990999	0.00705231278883	-0.000115256773109	-0.0229220757013	0.0342087321914	0.00824668053762	-0.00548286143263	-0.0176054055742	0.0122332990099	-0.0337007503945	-0.0529881906408	-0.0642480946533	-0.0748218067057	-0.0118980509024
k__Bacteria;p__Bacteroidetes;c__Bacteroidia;o__Bacteroidales;f__Rikenellaceae;g__Alistipes;s__Alistipes_obesi	-0.00804399646846	-0.0719788927892	-0.0199017795012	-0.0022130586735	-0.0646580598406	0.0329921274709	-0.00660613681885	-0.00609478060001	-0.000903108077166	-0.0332283308492	0.0307389802446	-0.0613965363187	-0.0147550545318	1.0	-0.0123599423862	-0.0389806553548	-0.015100461463	0.00763301142479	-0.0247315792264	-0.0114096376027	-0.00459724561649	-0.0507176732665	0.0256345553891	0.0065051915954	-0.0550544165431	0.0336428668433	-0.0063911562089	-0.00133997038335	-0.0061714925011	-0.0196815813494	0.0458823339679	-0.0314055911821	0.0100642916079	0.0384917050137	-0.0331586582117	-0.102199158075	0.0337540493213	-0.0227530036435	-0.0583231812958	0.0169974774963	-0.00652351009959	-0.0510099003616	-0.0636609637437	-0.0428879953218	-0.0329579857071	-0.0367600237975	-0.0449903315657	0.0173548863418	-0.0293508487228	-0.00390989226951	0.0295382354395	-0.0015588604063	0.020275881058	-0.000666372552456	-0.0428832716571	0.0142104261666	-0.00171178581994	0.0462479949108	-0.029623807434
k__Bacteria;p__Firmicutes;c__Clostridia;o__Clostridiales;f__Lachnospiraceae;g__;s__[Eubacterium]_rectale	0.0268948911895	-0.0354600894756	-0.0522432064345	-0.0868737308099	-0.038538544497	0.00417008306508	0.053707184506	0.0292643042636	-0.0106379384929	0.104662217576	0.0235782192156	-0.0284433006939	-0.0552130501441	-0.0123599423862	1.0	-0.0466850005395	0.00735130010984	-0.0254093269222	0.00450848130167	-0.0595199851408	-0.00138926701648	-0.0297493935036	-0.0273442337864	0.0345286195204	-0.0696311007079	-0.00411258620791	0.0145629551907	0.0401923989927	0.00534943607132	-0.0229777418385	-0.0269040011425	0.0177608221054	-0.00582201404489	0.0462557383196	-0.014094023581	0.00726403908767	-0.00439047248045	-0.023063367766	0.00668198923381	-0.00679607537458	-0.0400011689781	0.0342986087728	0.0149484096565	0.0297207356135	0.0462650918616	-0.00859722024179	-0.0304877550309	-0.0234200499957	-0.0245456063905	-0.0702150476514	-0.00361050557573	0.0166459595989	0.00696535307863	0.00815299569937	-0.035151588738	0.0128980257271	0.0414828957149	0.0446404551607	-0.025821796262
k__Bacteria;p__Bacteroidetes;c__Bacteroidia;o__Bacteroidales;f__Bacteroidaceae;g__Bacteroides;s__Bacteroides_plebeius	-0.0145274747961	-0.03636891853	-0.00640390473314	0.0306068134422	0.00402721181936	-0.0617980399271	-0.0085948770308	-0.00261002430049	-0.00843005806751	-0.00687995613078	0.0383850724325	-0.0659087976381	-0.0217986688338	-0.0389806553548	-0.0466850005395	1.0	0.0248674643641	0.0299212202205	-0.011300896886	0.0416114370259	-0.0125418327919	0.0189704880464	-0.0345903008994	0.0582684424715	-0.0357678463064	0.0254386478024	-0.0507760786944	-0.0109717479196	-0.049667942083	0.0320768650399	0.0217839387254	0.044186183022	-0.0215097587163	0.047771752152	0.041783526666	0.00806161352839	0.0156331482043	0.000433305744832	0.0468716644283	-0.043898267107	-0.039573002493	0.00723430133041	0.0577101411877	0.00473724394101	-0.0429244711142	-0.00187391886473	-0.0612245786473	0.00533719723402	0.00627061880696	-0.0328763709717	-0.0622300905504	-0.00583042399471	0.00232435428371	0.0190266579019	-0.0171875411833	0.0065867635583	-0.0130422368563	0.0132414514978	-0.0326253582305
k__Bacteria;p__Bacteroidetes;c__Bacteroidia;o__Bacteroidales;f__Bacteroidaceae;g__Bacteroides;s__Bacteroides_fragilis	-0.0191425034881	7.39506727395e-05	0.0233851748398	0.0137829321837	-0.002963626798	0.00068027341432	0.00501811262447	-0.0484606443639	0.00171114540426	-0.0304238497321	-0.0174174806029	-0.00569342152769	0.023404162496	-0.015100461463	0.00735130010984	0.0248674643641	1.0	0.0210889912766	0.00164801663191	-0.021911823465	-0.0246857527911	-0.0126554226518	-0.0505260448329	0.00774256305443	-0.030686413972	-0.0546357127591	-0.0486014065038	0.0729296281977	-0.0172290043453	-0.0115700170946	0.0126309461349	0.046519202566	-0.0164864587851	0.0138649361027	0.0264588898762	-0.0162727289308	-0.0703264751443	0.0488227983438	-0.000764360216994	-0.0217778688887	0.0299377006089	0.0285783978937	0.0239693230837	-0.0323878607754	-0.0292779319595	0.0128162854354	-0.00730265158168	-0.0817193883497	-0.0286217344084	0.00177652162757	-0.0269442729831	0.00882770382437	-0.0392584449555	0.0390202931759	0.0069121099661	-0.0193535368454	-0.0169840242299	0.0383435924458	0.0561287209983
k__Bacteria;p__Proteobacteria;c__Betaproteobacteria;o__Burkholderiales;f__Sutterellaceae;g__Sutterella;s__Sutterella_wadsworthensis	0.00511903889562	-0.0307696340562	0.00312537867439	5.50608318886e-05	-0.00637272381277	0.0106854382785	-0.0126360009513	0.0104767182046	0.038696600642	-0.013949175598	0.0422659793756	0.0480573521089	-0.0542283968485	0.00763301142479	-0.0254093269222	0.0299212202205	0.0210889912766	1.0	0.00101875568075	-0.0242003144061	-0.0447059534146	0.0288233504762	0.0101916063816	-0.0299799465094	-0.0458672933749	-0.0344760117246	-0.0616461632605	-0.011467242119	-0.0186729927825	-0.0259649152682	-0.0238357813875	-0.0194115960443	-0.0223090678672	0.0475710745796	0.0308711385096	0.00314751216436	-0.0274645080145	-0.00728345599396	0.0296034696243	0.00933016228907	-0.0173821482884	0.0215504280812	0.0491594127831	-0.0555797264558	-0.0374668378247	-0.00409167189746	0.0108390772819	0.0224312017583	-0.0441826374733	0.0012598231482	-0.0649868878739	-0.0595790860044	-0.109958814105	0.0140961091379	-0.056801386963	-0.0436704824731	-0.00551235944658	0.0149011791365	-0.00432744574198
k__Bacteria;p__Bacteroidetes;c__Bacteroidia;o__Bacteroidales;f__Porphyromonadaceae;g__Barnesiella;s__Barnesiella_intestinihominis	0.00521819997231	-0.00744254157394	0.00694448265565	-0.00981822443894	-0.0675581836333	0.0307380260071	-0.0487921485059	0.000770025952031	0.0336291127674	0.0321021030558	-0.051389769309	0.0374193278262	-0.0132728771592	-0.0247315792264	0.00450848130167	-0.011300896886	0.00164801663191	0.00101875568075	1.0	-0.0150160027106	0.0474986913655	-0.0395094430284	-0.0909920333357	-0.0170827517302	0.0281544671124	-0.0578271541901	0.075671682898	-0.0485920453457	0.011981909503	-0.00176462396227	0.0175574566299	-0.0383024932078	-0.0149602531873	0.0228677516408	0.0351823175974	0.0252972997873	-0.0149114729581	-0.0144497188883	-0.00207069239766	-0.00991107151348	0.0302247624045	-0.0308824654343	0.00360442545289	-0.0111259425343	-0.0289126399558	-0.0288352916321	-0.0165587037378	0.0341300208796	0.0014055221584	0.0106403739329	-0.0271350858323	0.0178857094685	-0.0170839551968	-0.0301563219978	0.0314843524301	0.00904134577521	0.015523665099	0.00575551020739	-0.00272422275542
k__Bacteria;p__Bacteroidetes;c__Bacteroidia;o__Bacteroidales;f__Odoribacteraceae;g__Odoribacter;s__Odoribacter_splanchnicus	-0.0592778377866	-0.04356555261	-0.0122592090179	-0.0218661663515	0.00227417977301	-0.0218377703871	0.0212260411621	0.0430816420905	0.00295764747538	0.00737831828287	-0.0184678019014	-0.023666751346	0.0201493301144	-0.0114096376027	-0.0595199851408	0.0416114370259	-0.021911823465	-0.0242003144061	-0.0150160027106	1.0	0.0157886410609	0.0184062047309	-0.0870778282792	-0.0116577578084	0.000255476948595	-0.0223268119212	0.0433970867458	-0.0144499776513	0.0114855287039	-0.01859510709	-0.00805368770531	0.0050124896921	-0.0461581129942	-0.00502619558885	-0.0511616293242	-0.0554231869578	0.0525117886132	0.00434197473554	-0.0151831590031	-0.050093070495	-0.0135238829452	-0.00429967506589	-0.0387293649084	-0.013504385701	-0.0225925811902	-0.0226900576679	-0.0127592996965	0.022757911903	-0.0189107926019	-0.0247085874124	0.00415158442837	-0.0145951184683	-0.0203318405931	0.071129002488	-0.0540448842052	-0.00971578743178	0.0276150560807	-0.00644156541997	-0.0256871855644
k__Bacteria;p__Bacteroidetes;c__Bacteroidia;o__Bacteroidales;f__Bacteroidaceae;g__Bacteroides;s__Bacteroides_salyersiae	-0.0141312501301	-0.00838648214703	0.0686064708558	-0.0035382495518	0.00943317318229	-0.0597647583311	-0.0296414886001	-0.019237777902	-0.0541970559355	0.0357674522698	-0.00696495306349	0.00228754971167	-0.0198123285534	-0.00459724561649	-0.00138926701648	-0.0125418327919	-0.0246857527911	-0.0447059534146	0.0474986913655	0.0157886410609	1.0	-0.0168262958698	0.00586773651054	-0.00388300798433	-0.0494201034829	0.0570905320566	-0.00489715228888	-0.0492979095728	0.0277926893702	-0.00883198486171	-0.0154961267353	-0.0133516730329	0.0040567613484	-0.0204330555091	0.0566585569297	-0.0207901197793	0.0307234467742	-0.0600726365814	-0.0405635911739	-0.0260176329098	-0.0760279570128	-0.016150361487	-0.0420112034574	0.0676306101288	0.0142653473097	-0.0434543880907	-0.00773646966507	-0.0146583483752	0.0498711137127	0.0149508818428	-0.0158752779738	-0.0332928647743	0.00441794823869	-0.0529196928284	-0.00696523976011	0.0629282191098	0.0300249296568	-0.0432996139294	-0.0355554675366
k__Bacteria;p__Firmicutes;c__Clostridia;o__Clostridiales;f__Ruminococcaceae;g__Ruminiclostridium;s__[Eubacterium]_siraeum	-0.0321101140616	0.0287167508991	-0.0294071322407	0.0107836857865	0.00390374600798	0.0217811650846	-0.000649858212943	-0.00299814471661	-0.0234505159699	-0.0550977871816	-0.0497608420344	0.0275245017605	-0.0329805026791	-0.0507176732665	-0.0297493935036	0.0189704880464	-0.0126554226518	0.0288233504762	-0.0395094430284	0.0184062047309	-0.0168262958698	1.0	-0.0192006923832	-0.00618057281119	0.0518066667756	-0.0439782042262	-0.0131016153893	-0.0311109372424	-0.0772595359154	-0.0160809435788	-0.0162187119035	-0.00681684776741	4.34410346985e-05	-0.0338854748853	-0.0286662385055	0.0252706516407	-0.020827557389	-0.0540232297669	0.0776835131299	-0.104938375346	0.0106611037615	0.0172941751396	0.00181445093937	0.0424387618069	-0.00658929841616	0.00640271392828	-0.0842597194868	-0.00017625270444	0.0557813811621	0.0239536951154	-0.00120104669353	-0.00686945149973	-0.0568399160906	0.0316171788097	-0.00954797569664	0.0304312691345	0.0102375550487	-0.0168295651164	0.0205162408674
k__Bacteria;p__Proteobacteria;c__Betaproteobacteria;o__Burkholderiales;f__Sutterellaceae;g__Parasutterella;s__Parasutterella_excrementihominis	0.0719203015999	0.00514297827611	-0.0271650888562	0.0221121501525	-0.0212223484093	-0.040413861875	-0.0128496915964	-0.0145202280116	-0.0413430241256	-0.0303706996989	-0.0459953792295	-0.0645164209374	0.0272752102644	0.0256345553891	-0.0273442337864	-0.0345903008994	-0.0505260448329	0.0101916063816	-0.0909920333357	-0.0870778282792	0.00586773651054	-0.0192006923832	1.0	0.0268539858479	-0.0769121756294	0.0195134690817	-0.0670171671179	0.0169347339275	-0.018659802328	-0.00146893831746	0.0519908839551	-0.0504608777958	-0.0423058405858	-0.00537293948936	-0.069726112982	-0.00617167412214	0.017634007604	0.0576063086348	0.0199457260932	-0.00333545069357	-0.0629328908751	0.0322375427817	0.0325559393139	-0.00128156244545	0.00325499937875	0.0551814645915	-0.0325649676977	0.03197989396	-0.0253027881695	-0.0280625472364	0.0237860487473	0.0502902728433	-0.0288912709562	-0.0240621078317	-0.0147727360698	-0.0111483715797	-0.00288911004186	0.0693426265624	0.0233532866648
k__Bacteria;p__Actinobacteria;c__Actinobacteria;o__Bifidobacteriales;f__Bifidobacteriaceae;g__Bifidobacterium;s__Bifidobacterium_adolescentis	0.0488858146171	0.00451665499242	-0.0199346246119	0.0114117691277	-0.00699478449998	0.0209912683852	-0.103719257369	0.0168101333272	0.0325535055096	0.0383796858431	-0.036075112973	-0.0230535059281	-0.0110867037343	0.0065051915954	0.0345286195204	0.0582684424715	0.00774256305443	-0.0299799465094	-0.0170827517302	-0.0116577578084	-0.00388300798433	-0.00618057281119	0.0268539858479	1.0	-0.0469740938661	0.0436796859261	-0.020147869549	0.00210624873848	0.00332634626788	0.0397192779959	-0.0285114976664	-0.00866473158163	0.0053068397531	-0.0364629118112	-0.00135744013526	-0.0578339716725	-0.0101212037941	-0.0228723394086	0.0156091640233	-0.052105798932	-0.00890592723197	-0.0189444922625	0.0362403467283	0.0163126364711	-0.0408467306364	-0.0263254817357	-0.0408183196751	-0.00648386888682	-0.0139559812853	-0.0714531438835	0.0130980042733	0.00922798641088	0.00564312410025	-0.000307289903994	0.0266201947308	0.0518135310322	0.00610786954238	0.0232911143143	-0.0829581492201
k__Bacteria;p__Firmicutes;c__Clostridia;o__Clostridiales;f__Oscillospiraceae;g__Oscillibacter;s__Oscillibacter_sp._KLE_1745	0.0383220072315	0.00325027551121	-0.039281814725	-0.0456479894114	-0.0120601441269	-0.0350072127777	-0.0295666550739	-0.0239628726332	0.0134959890018	-0.0271868681459	-0.00570007794494	-0.0164011040745	0.0118769660715	-0.0550544165431	-0.0696311007079	-0.0357678463064	-0.030686413972	-0.0458672933749	0.0281544671124	0.000255476948595	-0.0494201034829	0.0518066667756	-0.0769121756294	-0.0469740938661	1.0	0.0084416582068	0.0248369009858	-0.00553249153363	-0.0548946231078	-0.0745135199435	0.0552515941719	-0.0138267153508	0.000611160000577	0.0254062168006	0.00344279157586	0.0457518279121	0.0156780947984	0.0185630777426	0.0500658616542	-0.0812206666752	0.00164779512598	-0.0313872958153	-0.0343012470438	-0.0279005905733	0.00521173040675	-0.0227793894785	-0.00812410085679	0.0060773102387	-0.029609902535	0.0321847183654	0.0193619175051	9.44901859982e-05	0.00108545445795	0.0140131301967	-0.00023809427747	-0.0241881221887	-0.0122032084805	-0.0206242790163	0.0144523677388
k__Bacteria;p__Bacteroidetes;c__Bacteroidia;o__Bacteroidales;f__Bacteroidaceae;g__Bacteroides;s__Bacteroides_coprophilus	0.0175598239866	-0.0661232170361	-0.0171826864358	0.0420496975574	0.0190728519017	0.0118106539071	-0.0492720801661	-0.0237396823599	-0.029779855635	-0.00565459356237	0.0326545146295	0.0591234549329	0.0024048621558	0.0336428668433	-0.00411258620791	0.0254386478024	-0.0546357127591	-0.0344760117246	-0.0578271541901	-0.0223268119212	0.0570905320566	-0.0439782042262	0.0195134690817	0.0436796859261	0.0084416582068	1.0	-0.000599317807229	0.0308626654818	-0.0231340954914	0.0044345055733	0.0222774537451	0.00719506078068	-0.0620704116372	0.00499862189929	-0.0241047329359	-0.0201133424894	-0.0210585207267	-0.0315759396449	-0.0488986760782	-0.0190451050327	-0.00492520031182	0.0112540256859	0.0227484457099	0.0286839877826	-0.00681848740906	-0.0209683526741	-0.0431622679357	0.00203219377576	0.0471294902956	-0.00339382357142	-0.0473157247855	0.011149271001	0.0234999526781	-0.0294044989232	-0.0197959900837	-0.037170687834	0.00594567451905	0.00424993586266	-0.00598759830397
k__Bacteria;p__Firmicutes;c__Clostridia;o__Clostridiales;f__Lachnospiraceae;g__Roseburia;s__Roseburia_intestinalis	0.0355077026895	0.0211006184513	-0.0644349381089	0.00117017524274	-0.0251287084343	-0.0280651581173	-0.0106739658174	-0.00506298541053	-0.0522023385335	-0.0168600104651	-0.00690939788831	0.0444203067348	-0.0369338107758	-0.0063911562089	0.0145629551907	-0.0507760786944	-0.0486014065038	-0.0616461632605	0.075671682898	0.0433970867458	-0.00489715228888	-0.0131016153893	-0.0670171671179	-0.020147869549	0.0248369009858	-0.000599317807229	1.0	-0.0208568464174	0.0480507472937	-0.0133779690112	-0.00839040857147	0.00853383975713	-0.0086760924304	-0.0450802552766	-0.0745816142621	-0.0252882843547	-0.00459887168172	-0.0192756216209	0.0762861009944	0.0540308253222	-0.00846361980086	0.0142612413228	-0.0387359457166	-0.0265977606688	-0.0140793101792	0.0115476186704	-0.0100886891977	-0.0596500039047	0.0242969741876	0.0100830744411	-0.0510320118467	0.0195124382138	-0.00876684645458	-0.0458956076578	-0.0366779164874	-0.0201709914575	0.013812620272	0.0182187655867	0.00754980931541
k__Bacteria;p__Firmicutes;c__Clostridia;o__Clostridiales;f__Lachnospiraceae;g__Roseburia;s__Roseburia_hominis	-0.00564127730883	0.0462906287467	0.0150812774348	-0.0142907228472	0.0205397553523	0.0611788199261	0.00689249998114	0.0221623769817	-0.0187225895069	0.00986658636936	-0.0681124013743	-0.0168093045916	0.0690766955072	-0.00133997038335	0.0401923989927	-0.0109717479196	0.0729296281977	-0.011467242119	-0.0485920453457	-0.0144499776513	-0.0492979095728	-0.0311109372424	0.0169347339275	0.00210624873848	-0.00553249153363	0.0308626654818	-0.0208568464174	1.0	-0.0722710091762	-0.0165305074687	-0.00693036492909	-0.0410642982866	-0.0191418974964	-0.0439360788017	-0.0299629755235	-0.0711062211261	-0.0172317172162	-0.0339132048174	0.0149318346341	-0.0477221436762	-0.010431380813	0.0271729602506	-0.01214411637	-0.055762964307	-0.0165957875062	0.07115238715	-0.026070931063	-0.032944073375	-0.00269227397572	-0.0514259126979	0.024009153643	-0.00291279839447	0.00548243995446	0.0227246458579	-0.059308366483	-0.0049720634252	0.0174580205215	-0.00682704715356	0.0352724070239
k__Bacteria;p__Bacteroidetes;c__Bacteroidia;o__Bacteroidales;f__Porphyromonadaceae;g__Parabacteroides;s__Parabacteroides_johnsonii	-0.00452111789502	-0.0410649208917	-0.0564802081772	-0.00236297365906	-0.00167521260787	-0.0226720659516	0.00396933073086	0.0618608301135	0.0218990830548	-0.0111570869829	0.0307360006891	-0.0170238889357	0.0269502480569	-0.0061714925011	0.00534943607132	-0.049667942083	-0.0172290043453	-0.0186729927825	0.011981909503	0.0114855287039	0.0277926893702	-0.0772595359154	-0.018659802328	0.00332634626788	-0.0548946231078	-0.0231340954914	0.0480507472937	-0.0722710091762	1.0	0.0313426419023	0.00910415234486	0.0515468501245	-0.0457839299408	-0.00294293618542	-0.00709413637422	0.0115750792635	0.0202661749636	-0.0391230443686	0.0349176745748	0.0538158921997	0.0397015608773	-0.0223041300305	-0.029350512236	-0.0239909777926	-0.0562105128867	0.0461385787975	0.016133020155	-0.0488857645797	-0.043586684122	0.0383964998988	-0.0585680228069	-0.00620422069339	-0.0146396123542	-0.0478743789996	0.0039804445404	0.022808973125	0.0161178900072	-0.033428788402	-0.0214413065665
k__Bacteria;p__Actinobacteria;c__Actinobacteria;o__Bifidobacteriales;f__Bifidobacteriaceae;g__Bifidobacterium;s__Bifidobacterium_longum	-0.0692278985797	-0.0108081619685	0.00770723609059	-0.0201689986112	-0.00813506506045	0.00192401604657	0.0221055900753	-0.0028495187492	-0.00238684732106	-0.0158772433863	-0.0275783107551	0.0461050115634	-0.0140990380767	-0.0196815813494	-0.0229777418385	0.0320768650399	-0.0115700170946	-0.0259649152682	-0.00176462396227	-0.01859510709	-0.00883198486171	-0.0160809435788	-0.00146893831746	0.0397192779959	-0.0745135199435	0.0044345055733	-0.0133779690112	-0.0165305074687	0.0313426419023	1.0	-0.0041875353212	-0.0587534354585	0.00178805574964	0.0101115960202	-0.0283275119429	0.0299876610453	0.0529379714367	0.0196496770825	-0.0141378310384	-0.0285308990901	-0.0544328933453	0.00109950632033	-0.00312791539363	-0.014632924692	-0.0531582773392	0.0166005150224	0.0105064899019	-8.20491961054e-05	-0.0299752348124	-0.00409249397553	0.0673929890208	-0.0383740442586	0.0589368079716	-0.0374266328617	0.0243963159349	0.0178700262255	-0.00546625662535	0.0343029696174	-0.0231781327918
