#taxonomy	k__Bacteria;p__Bacteroidetes;c__Bacteroidia;o__Bacteroidales;f__Bacteroidaceae;g__Bacteroides;s__Bacteroides_vulgatus	k__Bacteria;p__Bacteroidetes;c__Bacteroidia;o__Bacteroidales;f__Bacteroidaceae;g__Bacteroides;s__Bacteroides_uniformis	k__Bacteria;p__Bacteroidetes;c__Bacteroidia;o__Bacteroidales;f__Rikenellaceae;g__Alistipes;s__Alistipes_putredinis	k__Bacteria;p__Bacteroidetes;c__Bacteroidia;o__Bacteroidales;f__Prevotellaceae;g__Prevotella;s__Prevotella_copri	k__Bacteria;p__Bacteroidetes;c__Bacteroidia;o__Bacteroidales;f__Bacteroidaceae;g__Bacteroides;s__Bacteroides_stercoris	k__Bacteria;p__Bacteroidetes;c__Bacteroidia;o__Bacteroidales;f__Bacteroidaceae;g__Bacteroides;s__Bacteroides_ovatus	k__Bacteria;p__Bacteroidetes;c__Bacteroidia;o__Bacteroidales;f__Rikenellaceae;g__Alistipes;s__Alistipes_shahii	k__Bacteria;p__Firmicutes;c__Clostridia;o__Clostridiales;f__Ruminococcaceae;g__Faecalibacterium;s__Faecalibacterium_prausnitzii	k__Bacteria;p__Bacteroidetes;c__Bacteroidia;o__Bacteroidales;f__Rikenellaceae;g__Alistipes;s__Alistipes_finegoldii	k__Bacteria;p__Bacteroidetes;c__Bacteroidia;o__Bacteroidales;f__Porphyromonadaceae;g__Parabacteroides;s__Parabacteroides_distasonis	k__Bacteria;p__Bacteroidetes;c__Bacteroidia;o__Bacteroidales;f__Bacteroidaceae;g__Bacteroides;s__Bacteroides_thetaiotaomicron	k__Bacteria;p__Bacteroidetes;c__Bacteroidia;o__Bacteroidales;f__Bacteroidaceae;g__Bacteroides;s__Bacteroides_coprocola	k__Bacteria;p__Bacteroidetes;c__Bacteroidia;o__Bacteroidales;f__Bacteroidaceae;g__Bacteroides;s__Bacteroides_cellulosilyticus	k__Bacteria;p__Bacteroidetes;c__Bacteroidia;o__Bacteroidales;f__Rikenellaceae;g__Alistipes;s__Alistipes_obesi	k__Bacteria;p__Firmicutes;c__Clostridia;o__Clostridiales;f__Lachnospiraceae;g__;s__[Eubacterium]_rectale	k__Bacteria;p__Bacteroidetes;c__Bacteroidia;o__Bacteroidales;f__Bacteroidaceae;g__Bacteroides;s__Bacteroides_plebeius	k__Bacteria;p__Bacteroidetes;c__Bacteroidia;o__Bacteroidales;f__Bacteroidaceae;g__Bacteroides;s__Bacteroides_fragilis	k__Bacteria;p__Proteobacteria;c__Betaproteobacteria;o__Burkholderiales;f__Sutterellaceae;g__Sutterella;s__Sutterella_wadsworthensis	k__Bacteria;p__Bacteroidetes;c__Bacteroidia;o__Bacteroidales;f__Porphyromonadaceae;g__Barnesiella;s__Barnesiella_intestinihominis	k__Bacteria;p__Bacteroidetes;c__Bacteroidia;o__Bacteroidales;f__Odoribacteraceae;g__Odoribacter;s__Odoribacter_splanchnicus	k__Bacteria;p__Bacteroidetes;c__Bacteroidia;o__Bacteroidales;f__Bacteroidaceae;g__Bacteroides;s__Bacteroides_salyersiae	k__Bacteria;p__Firmicutes;c__Clostridia;o__Clostridiales;f__Ruminococcaceae;g__Ruminiclostridium;s__[Eubacterium]_siraeum	k__Bacteria;p__Proteobacteria;c__Betaproteobacteria;o__Burkholderiales;f__Sutterellaceae;g__Parasutterella;s__Parasutterella_excrementihominis	k__Bacteria;p__Actinobacteria;c__Actinobacteria;o__Bifidobacteriales;f__Bifidobacteriaceae;g__Bifidobacterium;s__Bifidobacterium_adolescentis	k__Bacteria;p__Firmicutes;c__Clostridia;o__Clostridiales;f__Oscillospiraceae;g__Oscillibacter;s__Oscillibacter_sp._KLE_1745	k__Bacteria;p__Bacteroidetes;c__Bacteroidia;o__Bacteroidales;f__Bacteroidaceae;g__Bacteroides;s__Bacteroides_coprophilus	k__Bacteria;p__Firmicutes;c__Clostridia;o__Clostridiales;f__Lachnospiraceae;g__Roseburia;s__Roseburia_intestinalis	k__Bacteria;p__Firmicutes;c__Clostridia;o__Clostridiales;f__Lachnospiraceae;g__Roseburia;s__Roseburia_hominis	k__Bacteria;p__Bacteroidetes;c__Bacteroidia;o__Bacteroidales;f__Porphyromonadaceae;g__Parabacteroides;s__Parabacteroides_johnsonii	k__Bacteria;p__Actinobacteria;c__Actinobacteria;o__Bifidobacteriales;f__Bifidobacteriaceae;g__Bifidobacterium;s__Bifidobacterium_longum	k__Bacteria;p__Firmicutes;c__Clostridia;o__Clostridiales;f__;g__Flavonifractor;s__Flavonifractor_plautii	k__Bacteria;p__Firmicutes;c__Clostridia;o__Clostridiales;f__Clostridiaceae;g__Clostridium;s__Clostridium_phoceensis	k__Bacteria;p__Verrucomicrobia;c__Verrucomicrobiae;o__Verrucomicrobiales;f__Akkermansiaceae;g__Akkermansia;s__Akkermansia_muciniphila	k__Bacteria;p__Bacteroidetes;c__Bacteroidia;o__Bacteroidales;f__Prevotellaceae;g__Paraprevotella;s__Paraprevotella_xylaniphila	k__Bacteria;p__Firmicutes;c__Clostridia;o__Clostridiales;f__Ruminococcaceae;g__Ruminococcus;s__Ruminococcus_callidus	k__Bacteria;p__Bacteroidetes;c__Bacteroidia;o__Bacteroidales;f__Rikenellaceae;g__Alistipes;s__Alistipes_senegalensis	k__Bacteria;p__Firmicutes;c__Clostridia;o__Clostridiales;f__Lachnospiraceae;g__Blautia;s__Blautia_sp._KLE_1732	k__Bacteria;p__Bacteroidetes;c__Bacteroidia;o__Bacteroidales;f__Bacteroidaceae;g__Bacteroides;s__Bacteroides_oleiciplenus	k__Bacteria;p__Firmicutes;c__Clostridia;o__Clostridiales;f__Ruminococcaceae;g__Ruminococcus;s__Ruminococcus_bicirculans	k__Bacteria;p__Bacteroidetes;c__Bacteroidia;o__Bacteroidales;f__Bacteroidaceae;g__Bacteroides;s__Bacteroides_fluxus	k__Bacteria;p__Bacteroidetes;c__Bacteroidia;o__Bacteroidales;f__Prevotellaceae;g__Prevotella;s__Prevotella_stercorea	k__Bacteria;p__Firmicutes;c__Clostridia;o__Clostridiales;f__Lachnospiraceae;g__Dorea;s__Dorea_longicatena	k__Bacteria;p__Firmicutes;c__Clostridia;o__Clostridiales;f__Eubacteriaceae;g__Eubacterium;s__[Eubacterium]_eligens	k__Bacteria;p__Firmicutes;c__Clostridia;o__Clostridiales;f__Ruminococcaceae;g__;s__Ruminococcaceae_bacterium_D16	k__Bacteria;p__Firmicutes;c__Clostridia;o__Clostridiales;f__Lachnospiraceae;g__Coprococcus;s__Coprococcus_comes	k__Bacteria;p__Proteobacteria;c__Gammaproteobacteria;o__Enterobacterales;f__Enterobacteriaceae;g__Escherichia;s__Escherichia_coli	k__Bacteria;p__Firmicutes;c__Clostridia;o__Clostridiales;f__Ruminococcaceae;g__Anaerotruncus;s__Anaerotruncus_colihominis	k__Bacteria;p__Firmicutes;c__Clostridia;o__Clostridiales;f__Lachnospiraceae;g__Blautia;s__Blautia_obeum	k__Bacteria;p__Bacteroidetes;c__Bacteroidia;o__Bacteroidales;f__Odoribacteraceae;g__Odoribacter;s__Odoribacter_laneus	k__Bacteria;p__Firmicutes;c__Clostridia;o__Clostridiales;f__Ruminococcaceae;g__Ruminiclostridium;s__[Clostridium]_leptum	k__Bacteria;p__Bacteroidetes;c__Bacteroidia;o__Bacteroidales;f__Porphyromonadaceae;g__Parabacteroides;s__Parabacteroides_goldsteinii	k__Bacteria;p__Firmicutes;c__Clostridia;o__Clostridiales;f__Lachnospiraceae;g__Anaerostipes;s__Anaerostipes_hadrus	k__Bacteria;p__Firmicutes;c__Clostridia;o__Clostridiales;f__Ruminococcaceae;g__Ruminococcus;s__Ruminococcus_lactaris	k__Bacteria;p__Firmicutes;c__Clostridia;o__Clostridiales;f__Clostridiaceae;g__Clostridium;s__Clostridium_sp._L2-50	k__Bacteria;p__Firmicutes;c__Clostridia;o__Clostridiales;f__Clostridiaceae;g__Clostridium;s__Clostridium_sp._M62/1	k__Bacteria;p__Firmicutes;c__Clostridia;o__Clostridiales;f__;g__Intestinimonas;s__Intestinimonas_butyriciproducens	k__Bacteria;p__Actinobacteria;c__Actinobacteria;o__Bifidobacteriales;f__Bifidobacteriaceae;g__Bifidobacterium;s__Bifidobacterium_bifidum	k__Bacteria;p__Firmicutes;c__Negativicutes;o__Veillonellales;f__Veillonellaceae;g__Dialister;s__Dialister_invisus	k__Bacteria;p__Bacteroidetes;c__Bacteroidia;o__Bacteroidales;f__Bacteroidaceae;g__Bacteroides;s__Bacteroides_salanitronis
k__Bacteria;p__Bacteroidetes;c__Bacteroidia;o__Bacteroidales;f__Bacteroidaceae;g__Bacteroides;s__Bacteroides_vulgatus	1.0	-0.0168241502326	0.0394844712157	-0.00625782333776	-0.00888964306467	-0.024920620442	-0.037872640275	0.0203623433195	0.0382125084514	-0.0640920106811	0.00641181914977	-0.024438992471	0.0326349944587	0.0556762098318	0.0261233354305	0.051747544198	-0.015560681979	0.00902577661245	0.0061941163915	-0.00948028805474	0.0358265775967	-0.0135623399918	-0.0309318568089	0.0203353933378	0.0219829332999	0.0107507642279	-0.0709034225151	-0.0164225377642	-0.0156362208996	-0.00415556990057	-0.0727222702216	0.0157395368088	0.0103781169052	0.0139642515802	0.0180580866421	-0.0436576136759	-0.000159509533813	-0.0185443460155	0.0367610877024	0.00590926048992	-0.0582889595457	-0.0302606120195	-0.01603950935	-0.0191007050857	-0.0394333769858	-0.0533628527021	0.0133087042213	-0.0446222925874	-0.0142724468637	-0.0261723771619	0.0181580697178	-0.031122068365	0.0258915885472	0.0213481520794	0.0110498732883	0.0242639592549	-0.00285675051464	0.0448587667191	0.00345347602108
k__Bacteria;p__Bacteroidetes;c__Bacteroidia;o__Bacteroidales;f__Bacteroidaceae;g__Bacteroides;s__Bacteroides_uniformis	-0.0168241502326	1.0	-0.00414672564869	-0.0232835402739	0.0195017384056	-0.0575025985425	-0.0152668253991	0.0211251198178	-0.0772292179369	0.0334875182532	-0.0148022886915	-0.0415381354204	0.0123841884938	-0.0266387573995	0.0229410452579	-0.0609188855457	0.0242119636439	-0.0137462601702	0.037823252642	-0.00108189653573	-0.00114460986046	-0.0207297625945	-0.0350326583975	0.0568518501501	-0.0849612406202	-0.0283554093255	0.0683420910712	0.00660824173432	-0.0043655756331	-0.0818871113912	0.0709198431576	0.0459685672933	-0.0412941439663	-0.0328959392986	-0.00710061852514	0.0009439253145	-0.024997011425	0.00678665425305	0.0148654467769	0.0034617519002	-0.0395390830795	0.0419331495181	-0.00580836814362	-0.0351455279065	0.0324729873649	-0.0464102380811	0.0339747749186	0.003970170337	-0.0482935072745	-0.0135468283092	0.013274268682	0.0262514235916	0.0654999137331	-0.0126221355777	0.0323919496423	0.00919563795126	-0.0338317187736	0.00618610577952	-0.0287015760789
k__Bacteria;p__Bacteroidetes;c__Bacteroidia;o__Bacteroidales;f__Rikenellaceae;g__Alistipes;s__Alistipes_putredinis	0.0394844712157	-0.00414672564869	1.0	-0.0294577297393	0.00899557230615	-0.00370156697909	0.0194209082663	-0.0248926111598	0.0039767737861	0.0208982348907	-0.00641116736898	-0.013993647419	0.0138036530219	-0.0395417406552	-0.0426169691647	0.0112124951497	0.0291907399598	-0.0234856575031	0.00791760915725	0.0115987263177	-0.0435209168734	-0.0126877380232	0.0257266887083	-0.0114166805613	-0.0480648021501	-0.0442618340224	-0.00120765623639	-0.0136382985937	-0.0369279370463	0.0091516868171	-0.0629799176317	-0.0311248956436	-0.0085073964868	-0.0409029014013	-0.0714698412619	0.00293033317354	-0.0463823903901	0.0700149752669	0.0384553204636	-0.00838030293832	-0.0421081436784	-0.0405541193782	0.0183639709056	-0.0393635999436	-0.0448289138432	-0.00265466824058	0.000839179049219	-0.0227985624833	-0.00468118314342	0.0486396918552	-0.019505841405	0.0127201252845	-0.0319201428085	0.00679306316305	-0.0483561977114	0.032678001226	-0.0205497377004	-0.0343446077714	0.0314201220644
k__Bacteria;p__Bacteroidetes;c__Bacteroidia;o__Bacteroidales;f__Prevotellaceae;g__Prevotella;s__Prevotella_copri	-0.00625782333776	-0.0232835402739	-0.0294577297393	1.0	0.00675515441783	0.083843757777	-0.0109980180388	-0.0343073522993	-0.0369761760803	0.0413808925826	-0.0381467011559	0.0175123237858	-0.0362144411706	0.00166330577897	0.0257918404277	-0.0332558257051	-0.00332876263457	-0.00525686226249	0.0326731298805	0.00845613101255	-0.0025921529993	0.0072348978835	0.00627695768716	0.0072798834708	-0.0275759990256	-0.0111958565949	-0.0407663248087	0.0149602274594	-0.0834694688601	-0.0331003571915	-0.036141024464	-0.0262337166483	0.0233560663513	0.00311716086168	-0.0330280058003	0.00719300445484	0.0443101288207	-0.0395974996501	0.0334125852647	0.0223894116108	0.00460896710465	-0.000984820156647	-0.0713791020484	0.00647166902621	0.0336501288342	0.0357556134767	-0.0230752619062	-0.0204288425332	-0.0233980628938	-0.00810849395742	0.0172764988056	0.022932754805	-0.00420132882724	0.0224584642685	0.0374630710727	0.0445371265133	0.0409281074074	-0.0247069335496	-0.033943223816
k__Bacteria;p__Bacteroidetes;c__Bacteroidia;o__Bacteroidales;f__Bacteroidaceae;g__Bacteroides;s__Bacteroides_stercoris	-0.00888964306467	0.0195017384056	0.00899557230615	0.00675515441783	1.0	-0.0707352804128	-0.0659981194004	-0.0148873261707	-0.0358177056167	-0.0768299282503	0.00535599676718	-0.0332605765435	-0.0183740560805	-0.0169418008723	-0.0311373597934	-0.00852492884663	0.0195904659864	0.00648186653193	0.00332928453054	0.0102578227109	-0.0179427194396	-0.049588401546	0.0117481854834	0.0342043009718	0.0208526529226	0.00424932173275	-0.0317521764726	0.0489201511189	0.00170656139055	0.00353294646868	0.0536495314613	0.0183427109284	-0.0499114219159	0.0241826172552	0.019653238225	0.00210591197044	0.017250632545	-0.0640495801476	0.00206381259017	-0.024197921852	-0.0107711582754	-0.0383861825787	-0.0287125575409	-0.0422019860415	-0.0570075871302	-0.0268678414825	0.0810070274004	0.0350359659298	0.0119130272706	0.0116710426612	0.0394964512085	-0.0305177930806	-0.00966768216461	0.0633806225318	-0.0616174651945	-0.00197286519771	0.0617590529638	-0.041476726379	0.040592406272
k__Bacteria;p__Bacteroidetes;c__Bacteroidia;o__Bacteroidales;f__Bacteroidaceae;g__Bacteroides;s__Bacteroides_ovatus	-0.024920620442	-0.0575025985425	-0.00370156697909	0.083843757777	-0.0707352804128	1.0	-0.000682157666905	0.0431760129875	0.00959497444169	0.0128106881595	-0.0449624919331	-0.0108816140614	-0.0377656428512	-0.01072673301	-0.0241320680475	0.00773879628048	-0.000457886505197	0.049814670112	-0.00915510852795	0.00415850317736	-0.019391096212	0.0529835330071	0.0217808931068	0.00981892601505	-0.00560621702399	-0.0216328692891	0.0417704862214	-0.0286197827235	-0.017110345655	0.0668194325791	0.0324457044585	-0.0580326889349	-0.0442283601839	-0.0653526387789	-0.0225382475447	-0.0388194288135	-0.0236829723233	0.0144276076143	-0.042883062697	0.0268707871079	-0.0308774903551	0.0140628121044	0.0902108518419	0.0394330705858	-0.0392071542367	0.0345846146854	0.0117743862746	-0.0542424277831	-0.0740799393205	-0.0254514912433	-0.0306977120598	0.00430791130322	-0.0169318584533	0.0109764284339	-0.0253717040968	-0.0382041978687	0.0104249043044	-0.0221132188232	-0.0233855771723
k__Bacteria;p__Bacteroidetes;c__Bacteroidia;o__Bacteroidales;f__Rikenellaceae;g__Alistipes;s__Alistipes_shahii	-0.037872640275	-0.0152668253991	0.0194209082663	-0.0109980180388	-0.0659981194004	-0.000682157666905	1.0	0.0545257920893	-0.0566220076031	0.0583979913135	-0.00568675539957	-0.0484715780186	0.0135605884592	0.00798889884437	-0.00962124949256	-0.0752104556262	-0.0667252929914	0.0374436406502	0.00667657740712	0.0306304720688	0.0190168657183	0.00982616492033	-0.00380895386883	0.00398326662241	-0.0406906019052	0.00880965495294	-0.0303146844377	0.00827595835755	-0.0357255958648	-0.00965038778665	-0.0656836923843	0.0209691632657	0.0222286916259	-0.0539235335732	0.0404567798474	-0.0354199906296	0.0231374047653	0.0436163313043	-0.0141778565296	-0.00700492740691	-0.00660129567047	0.0110400281228	-0.0317979529102	0.000904804490987	-6.1643724755e-05	-0.0390316746582	-0.0242552916844	0.0042176789334	0.0205850851512	0.0583421280542	-0.0088675906727	-0.0158735622634	0.0599786493555	-0.00530631576632	-0.0634943893535	-0.000922234487158	-0.0387991763203	-0.0108784451819	-0.0225448142538
k__Bacteria;p__Firmicutes;c__Clostridia;o__Clostridiales;f__Ruminococcaceae;g__Faecalibacterium;s__Faecalibacterium_prausnitzii	0.0203623433195	0.0211251198178	-0.0248926111598	-0.0343073522993	-0.0148873261707	0.0431760129875	0.0545257920893	1.0	6.2064867971e-05	0.00844265430881	0.0246932180794	0.048539418859	-0.0288086859305	-0.0246041643306	-0.0260196754563	-0.0440515384442	0.0340838892076	-0.0183085483148	0.0252743857716	0.0302535295502	-0.0391921824174	-0.0129304768095	0.00749922527365	-0.0371668158343	0.0138728859628	0.0274911705698	-0.0495597772485	-0.0188131536862	0.00844051893466	0.0122735628918	0.0240779374113	0.0258133624612	-0.00609505748716	-0.0231674298177	-0.0615544496135	-0.022415472025	-0.0241526193937	0.0145003269212	0.00660147888358	0.0189100774707	0.0421500397997	0.0375513321813	0.057719374323	0.0287197099855	-0.00894761673535	-0.0188311727582	-0.0366364117992	-0.04097602708	-0.0135974018947	-0.0234297329616	-0.00842285320532	-0.0292598339298	-0.019000524217	0.0208611812406	-0.0240074012974	-0.00171236136499	0.0093579869108	0.0285220419058	-0.0951263083935
k__Bacteria;p__Bacteroidetes;c__Bacteroidia;o__Bacteroidales;f__Rikenellaceae;g__Alistipes;s__Alistipes_finegoldii	0.0382125084514	-0.0772292179369	0.0039767737861	-0.0369761760803	-0.0358177056167	0.00959497444169	-0.0566220076031	6.2064867971e-05	1.0	-0.0479447863165	-0.0506954964411	0.0270231334624	0.0197760410086	0.00173860088867	-0.0490900768477	-0.00352201743731	-0.00682301573196	-0.0448079321121	0.0358848683666	0.028825661399	0.00418877384913	-0.0415884253343	-0.0814261386204	-0.00396350754537	0.020992547461	-0.0327219595886	0.0382273547662	-0.0135305783423	0.034548417076	0.0200378500632	-0.0338777948707	-0.0482972775116	-0.0600773903802	-0.0338753014991	0.000713089937201	0.00740234465965	-0.00636334960443	0.017170452883	0.017703356253	0.035251877371	-0.0184618657793	0.0175659465056	0.00858996909322	0.0445818598476	0.0170837705807	0.0189192362619	0.0405257114649	0.00916421607793	0.00813978224519	-0.0772034222741	0.0667211005809	-0.076427311353	-0.0276144652251	-0.0343133039405	0.0218707477445	-0.0594009166136	-0.0191032180007	-0.0123867802233	0.0447303156279
k__Bacteria;p__Bacteroidetes;c__Bacteroidia;o__Bacteroidales;f__Porphyromonadaceae;g__Parabacteroides;s__Parabacteroides_distasonis	-0.0640920106811	0.0334875182532	0.0208982348907	0.0413808925826	-0.0768299282503	0.0128106881595	0.0583979913135	0.00844265430881	-0.0479447863165	1.0	-0.00480809471061	-0.0153672195065	-0.0231982682443	0.0145564261075	0.0223392028379	-0.01659640586	-0.0447671107273	0.0357083703445	0.0216438033525	0.0660224546754	0.0264594804429	0.00719129755722	0.0520094895936	-0.0184170015211	-0.025619117685	-0.0270313874468	0.00116224496499	-0.00883239359575	-0.0324265639128	0.0535155145016	0.0114928141436	0.0453138925709	0.00599630740335	0.0151782406707	0.0226965985774	0.0378866837866	-0.0597631657027	-0.06572542638	9.30041673964e-05	-0.0296048806375	-0.00295236286137	-0.0278711525677	-0.0423732203435	-0.0167466296291	0.0667036815031	0.042523872365	-0.0330559574216	-0.0183531178621	0.0573758565588	0.0151955730707	-0.0808637348629	-0.0157847576665	-0.0526916502793	0.0564439992496	9.09150162459e-05	-0.008855029816	-0.0264874299757	0.0152729503603	-0.0392621354117
k__Bacteria;p__Bacteroidetes;c__Bacteroidia;o__Bacteroidales;f__Bacteroidaceae;g__Bacteroides;s__Bacteroides_thetaiotaomicron	0.00641181914977	-0.0148022886915	-0.00641116736898	-0.0381467011559	0.00535599676718	-0.0449624919331	-0.00568675539957	0.0246932180794	-0.0506954964411	-0.00480809471061	1.0	-0.000487002390997	-0.0351771030048	0.00916369440328	-0.0381930863924	0.0344757419253	0.0070027692624	-0.0449576788609	0.0502340167188	0.0153561353046	0.0178418438553	0.0450630628613	0.0322669359561	0.0316522673563	0.0181411376101	0.0122901296946	0.0302102713753	-0.0126727082146	0.0026581769768	0.0092623924831	-0.03809703905	-0.0345485519034	0.00115619160023	0.00702607164165	-0.0388802194997	-0.0226558236901	0.0454730139655	-0.0173675317366	-0.0173886641178	0.0110021817367	0.00755930649949	0.0401551325832	-0.00511678938878	-0.0683682804142	0.00234914933048	-0.0023507870468	0.0138123137921	-0.0187368535133	0.0416786481517	0.0366990644214	-0.0344615884094	0.0687194100683	-0.0157455672621	-0.0860659956252	-0.04305008989	-0.0532694345751	-0.0187807131921	-0.0636113219739	-0.0549813277201
k__Bacteria;p__Bacteroidetes;c__Bacteroidia;o__Bacteroidales;f__Bacteroidaceae;g__Bacteroides;s__Bacteroides_coprocola	-0.024438992471	-0.0415381354204	-0.013993647419	0.0175123237858	-0.0332605765435	-0.0108816140614	-0.0484715780186	0.048539418859	0.0270231334624	-0.0153672195065	-0.000487002390997	1.0	0.0611282310859	0.00961039600806	-0.0510900393421	-0.0380206880001	-0.0263531760855	0.00794489266428	-0.0364297818152	0.0297026973015	-0.000630537273601	0.0166491070068	-0.0305987485156	-0.0162176301287	-0.0366628383525	-0.00435861581046	0.0440693392741	-0.00597072898901	-0.0376700323039	0.0159903779022	-0.0249855371595	-0.016217037438	0.00523806095592	-0.0449132248339	-0.0236052624427	-0.0457883400031	-0.0168165494536	0.0572823189346	-0.0168683466204	-0.0276773084599	-0.0145604710227	-0.0395378040691	0.00727278862336	0.0440528079483	7.34074316307e-05	0.0351218774849	-0.0498969084285	-0.0499340300927	-0.00157967252969	0.00490699397077	0.00196115510793	-0.045012093657	0.0257033621241	-0.0461387340233	-0.0178217623343	0.0144359222497	-0.0582418382152	-0.022168298585	-0.0122521962442
k__Bacteria;p__Bacteroidetes;c__Bacteroidia;o__Bacteroidales;f__Bacteroidaceae;g__Bacteroides;s__Bacteroides_cellulosilyticus	0.0326349944587	0.0123841884938	0.0138036530219	-0.0362144411706	-0.0183740560805	-0.0377656428512	0.0135605884592	-0.0288086859305	0.0197760410086	-0.0231982682443	-0.0351771030048	0.0611282310859	1.0	-0.0100385873784	0.0232618652603	0.0124249206899	0.00389474382907	-0.0498821654325	0.00182014751926	-0.0205088526353	-0.00727886591912	-0.0160137053958	-0.0427756701518	-0.0587886565172	0.00126202658767	0.0702811587964	0.0306810025554	0.00246320107915	0.0221320194406	-0.0332156048501	0.00178835161298	-0.0367874073749	-0.0469619027366	-0.0313519789183	-0.0314029024376	0.0195825692305	0.012795209995	0.00681364572664	0.00634327421768	0.0366717836183	-0.00229922721675	-0.0340067267826	0.0273158191947	0.00340678502565	0.00733406460468	-0.0662100869996	0.00335414962918	-0.0337431630907	0.0221579618095	0.0376028993492	-0.0488142484095	0.0284512385844	-0.00154246705795	-0.0771158380176	-0.0191248752785	-0.0222138309662	0.00499072102159	-0.0358580191441	-0.0479483415216
k__Bacteria;p__Bacteroidetes;c__Bacteroidia;o__Bacteroidales;f__Rikenellaceae;g__Alistipes;s__Alistipes_obesi	0.0556762098318	-0.0266387573995	-0.0395417406552	0.00166330577897	-0.0169418008723	-0.01072673301	0.00798889884437	-0.0246041643306	0.00173860088867	0.0145564261075	0.00916369440328	0.00961039600806	-0.0100385873784	1.0	-0.0460810305702	-0.0510189809084	0.041360614638	0.0263307250145	0.0468590722844	-0.00302127478137	-0.0164904483831	0.00681874442697	-0.0252269344845	-0.0877765535375	0.0148647077381	0.0055787599135	-0.01328433032	-0.0108588087721	0.0103680133399	-0.0198067740211	-0.013247439201	-0.0128819534512	-0.0628551220194	-0.0260017693805	0.0074490934826	-0.0137477312895	0.00563647753411	0.0101745814052	-0.0189542438591	-0.0013745923847	0.0583575637726	-0.0381889564288	0.000457452370458	0.0025717381415	-0.0270743138889	-0.044803283343	0.0322551560582	-0.034327329185	-0.0593336478276	0.00244406197326	-0.00138673291832	-0.0234993595837	0.0220766822822	-0.0359719429884	-0.0644235627939	-0.0063699547545	0.0192267575267	0.0458577125934	0.0456685939998
k__Bacteria;p__Firmicutes;c__Clostridia;o__Clostridiales;f__Lachnospiraceae;g__;s__[Eubacterium]_rectale	0.0261233354305	0.0229410452579	-0.0426169691647	0.0257918404277	-0.0311373597934	-0.0241320680475	-0.00962124949256	-0.0260196754563	-0.0490900768477	0.0223392028379	-0.0381930863924	-0.0510900393421	0.0232618652603	-0.0460810305702	1.0	0.0466933993086	0.0191947598555	0.00165984817218	-0.0563523459699	-0.0035057591061	-0.000317754799129	-0.00930152160331	0.0640337787675	-0.0136101842083	0.00255780944019	0.0103346919312	0.0424144410374	-0.0261578290863	0.0217335982234	-0.0324566980582	0.00999373585192	-0.00211728209926	-0.0147134578672	-0.0527868497196	0.00941812576354	0.00731325332612	-0.0117130515916	-0.00599578653382	0.0313875298076	-0.0189049829548	0.00889708747106	-0.0537803168621	-0.0247751842138	-0.0208940275904	-0.0228778253586	0.00573645254202	-0.0388070794122	-0.0117572334285	0.00447415695296	0.00899534859796	0.0302208684983	-0.0574048473012	0.0182694387893	-0.0605169385725	0.0222934933796	0.0552010669945	0.00771044141892	0.0101801826395	0.0318739538767
k__Bacteria;p__Bacteroidetes;c__Bacteroidia;o__Bacteroidales;f__Bacteroidaceae;g__Bacteroides;s__Bacteroides_plebeius	0.051747544198	-0.0609188855457	0.0112124951497	-0.0332558257051	-0.00852492884663	0.00773879628048	-0.0752104556262	-0.0440515384442	-0.00352201743731	-0.01659640586	0.0344757419253	-0.0380206880001	0.0124249206899	-0.0510189809084	0.0466933993086	1.0	-0.0162717228788	-0.0631500844386	-0.006111097864	0.00308718553991	-0.00543110845054	-0.0495351207441	0.00278980142773	0.0238899521553	-0.00430329849175	-0.00841976951831	-0.0418361207186	-0.0165662045261	0.00285863034136	0.0105966981445	0.0517579493983	0.00993613782258	0.017143896893	-0.0544450756589	-0.0167280533707	-0.0117629590377	0.00320270905083	0.0185469704898	0.0129455870012	-0.0277243108095	0.028783369735	0.0153345071512	0.0174399560841	-0.0450206324499	0.0185648321733	0.00439571191829	0.0644601254323	-0.0200470146854	-0.0197232749754	-0.0633541450498	-0.0168464276346	-0.0741937382126	0.010147923274	-0.0534958694299	-0.00789512870559	-0.0395767073262	0.030339974395	0.0347693278159	0.0384329215151
k__Bacteria;p__Bacteroidetes;c__Bacteroidia;o__Bacteroidales;f__Bacteroidaceae;g__Bacteroides;s__Bacteroides_fragilis	-0.015560681979	0.0242119636439	0.0291907399598	-0.00332876263457	0.0195904659864	-0.000457886505197	-0.0667252929914	0.0340838892076	-0.00682301573196	-0.0447671107273	0.0070027692624	-0.0263531760855	0.00389474382907	0.041360614638	0.0191947598555	-0.0162717228788	1.0	0.0182719341031	-0.027736075555	-0.0535943588494	0.00222975259049	-0.0175886984842	-0.005119393616	0.0450828975294	-0.0508499103844	0.0100926273822	-0.00967323943417	-0.0166669415804	-0.0318631243007	0.0114308919709	-0.0216599645135	-0.0505700502237	-0.00972646696992	-0.0354604333621	0.0214903850618	0.0335827789519	-0.0545639851008	0.0341257635693	0.0489513065682	-0.0163971944281	0.023949479926	0.0024486650257	-0.0466052190529	0.0620673847282	-0.0177904445015	-0.0581476546027	-0.0462886553981	0.0447796224078	-0.0282473321394	-0.051061535444	0.0513407387362	-0.0192030687277	-0.0317956988139	-0.0341227155191	-0.0423408257546	-0.0231354891549	0.0446979621446	-0.0109643552813	0.0323124333699
k__Bacteria;p__Proteobacteria;c__Betaproteobacteria;o__Burkholderiales;f__Sutterellaceae;g__Sutterella;s__Sutterella_wadsworthensis	0.00902577661245	-0.0137462601702	-0.0234856575031	-0.00525686226249	0.00648186653193	0.049814670112	0.0374436406502	-0.0183085483148	-0.0448079321121	0.0357083703445	-0.0449576788609	0.00794489266428	-0.0498821654325	0.0263307250145	0.00165984817218	-0.0631500844386	0.0182719341031	1.0	-0.00901143174525	-0.0620292143278	-0.0099399332152	0.01569509469	0.0333409023078	-0.0279866479492	-0.0175013279232	-0.0512196723134	0.0042373354253	-0.00611402503614	0.0504510132824	0.0534678016196	-0.0332919595455	0.0246729669631	0.00660826828056	-0.0103868285957	0.0222406199651	0.0425096757008	-0.0103469169908	-0.00992788506153	-0.0478877143217	-0.0357457931519	0.0241896692907	-0.00923766147066	0.0489271803235	-0.0266485264024	-0.0282586123686	0.00734497271788	0.0112591482156	0.0228171941023	0.00950297948705	0.0187763112692	0.00150461899236	-0.041070128476	0.0521681210604	0.00239789103614	-0.0271026703301	-0.0274146429141	-0.041535465943	0.0357650628897	0.0399924783225
k__Bacteria;p__Bacteroidetes;c__Bacteroidia;o__Bacteroidales;f__Porphyromonadaceae;g__Barnesiella;s__Barnesiella_intestinihominis	0.0061941163915	0.037823252642	0.00791760915725	0.0326731298805	0.00332928453054	-0.00915510852795	0.00667657740712	0.0252743857716	0.0358848683666	0.0216438033525	0.0502340167188	-0.0364297818152	0.00182014751926	0.0468590722844	-0.0563523459699	-0.006111097864	-0.027736075555	-0.00901143174525	1.0	-0.0199536327418	-0.0117523005268	-0.0151904144304	-0.0208706724195	-0.0163366518906	-0.0134093329432	-0.0196774271736	-0.0137101451252	0.00113087191004	0.0156169147241	-0.0365726074724	0.0193484973901	0.100120952963	-0.0537630977088	-0.0165944605971	0.026162072908	-0.0427137066661	-0.0374556834164	0.0131440296414	-0.0562987181546	-0.0343300985231	0.017709021443	-0.0641958505431	-0.027852873593	-0.0166010073365	-0.0187348202133	-0.0199452156317	0.0136212234948	-0.0552543821351	-0.00262275411287	-0.0285835375468	0.0122683694336	0.0260405410377	0.0339592907228	-0.0124491863978	0.00052784234498	-0.0334770530927	-0.0246677213544	-0.0395045471243	0.0513331829605
k__Bacteria;p__Bacteroidetes;c__Bacteroidia;o__Bacteroidales;f__Odoribacteraceae;g__Odoribacter;s__Odoribacter_splanchnicus	-0.00948028805474	-0.00108189653573	0.0115987263177	0.00845613101255	0.0102578227109	0.00415850317736	0.0306304720688	0.0302535295502	0.028825661399	0.0660224546754	0.0153561353046	0.0297026973015	-0.0205088526353	-0.00302127478137	-0.0035057591061	0.00308718553991	-0.0535943588494	-0.0620292143278	-0.0199536327418	1.0	-0.0325200220877	0.00155831102653	0.0101583502191	0.0731448070389	0.0155662045106	-0.028285774484	-0.000309298482324	0.0288481472893	-0.016379388015	-0.0426419469893	-0.0112969402292	0.0123528168228	0.0275957003258	-0.0197735775429	-0.0142675809845	-0.0323172945218	-0.0402348470228	-0.0280115531218	-0.0293904871514	0.0471880580521	-0.0350663944732	-0.0272731572919	0.000808529509817	-0.026642786362	0.0555401918763	0.0684790819457	0.0342283263199	-0.0455865298949	-0.00715972501322	-0.0607520757297	-0.000790167053514	-0.00136507470898	0.00780023826927	-0.00351489118243	0.00556623402664	0.0106338393207	0.0433837071713	0.00365409589598	0.000892558784048
k__Bacteria;p__Bacteroidetes;c__Bacteroidia;o__Bacteroidales;f__Bacteroidaceae;g__Bacteroides;s__Bacteroides_salyersiae	0.0358265775967	-0.00114460986046	-0.0435209168734	-0.0025921529993	-0.0179427194396	-0.019391096212	0.0190168657183	-0.0391921824174	0.00418877384913	0.0264594804429	0.0178418438553	-0.000630537273601	-0.00727886591912	-0.0164904483831	-0.000317754799129	-0.00543110845054	0.00222975259049	-0.0099399332152	-0.0117523005268	-0.0325200220877	1.0	-0.0808411939414	-0.0154099946001	0.0309124279891	0.0449004643976	0.0200188876309	-0.0104273130969	0.014011009322	0.0343249488124	-0.0393726232545	-0.0613302377372	-0.0584860743105	-0.0238925912151	-0.0575934761398	-0.0356381665312	0.00617249362376	-0.0222220317672	-0.0335227149875	-0.00503474587584	-0.0128592222774	0.0552296924276	-0.0664845412649	-0.0254792857465	0.0541939284031	-0.0201884700699	0.00578459204729	0.0435592950804	0.00540222628609	-0.00768300780236	-0.0685440389496	0.0344388886687	-0.00588279764163	-0.00286409962814	0.0391628322024	-0.0301718304076	-0.00749109232769	-0.0102116330157	0.0627345941866	0.00852257547475
k__Bacteria;p__Firmicutes;c__Clostridia;o__Clostridiales;f__Ruminococcaceae;g__Ruminiclostridium;s__[Eubacterium]_siraeum	-0.0135623399918	-0.0207297625945	-0.0126877380232	0.0072348978835	-0.049588401546	0.0529835330071	0.00982616492033	-0.0129304768095	-0.0415884253343	0.00719129755722	0.0450630628613	0.0166491070068	-0.0160137053958	0.00681874442697	-0.00930152160331	-0.0495351207441	-0.0175886984842	0.01569509469	-0.0151904144304	0.00155831102653	-0.0808411939414	1.0	-0.0453711970082	-0.0350993022739	-0.0120492621951	-0.0174377369727	-0.0193173308737	-0.00628283495266	-0.0199029727124	0.0233192089131	-0.0104482707453	0.0349963310148	-0.00246033877485	0.0240022192122	0.0286394670137	-0.0385107473146	0.0386481746569	0.0102783951531	-0.053586017885	0.0530227892139	-0.0311194657061	-0.0473252337978	-0.0323286606105	-0.0403142253909	-0.0605138012097	-0.0422415501322	-0.0152123138823	-0.0204819620546	-0.0116371580464	-0.0243052528637	-0.0272288057236	0.03089281227	-0.0456698556633	-0.0549441732477	0.0414102371747	-0.0630750482287	-0.00798034760086	-0.0419847517324	0.0116558826186
k__Bacteria;p__Proteobacteria;c__Betaproteobacteria;o__Burkholderiales;f__Sutterellaceae;g__Parasutterella;s__Parasutterella_excrementihominis	-0.0309318568089	-0.0350326583975	0.0257266887083	0.00627695768716	0.0117481854834	0.0217808931068	-0.00380895386883	0.00749922527365	-0.0814261386204	0.0520094895936	0.0322669359561	-0.0305987485156	-0.0427756701518	-0.0252269344845	0.0640337787675	0.00278980142773	-0.005119393616	0.0333409023078	-0.0208706724195	0.0101583502191	-0.0154099946001	-0.0453711970082	1.0	-0.00233820607046	-0.0400931548562	0.0172292420412	0.0116700095739	-0.0446154679604	0.0213140775516	-0.0644982506809	0.0440881595389	-0.0257388410309	0.0303231196007	-0.0211353355732	-0.0018243629905	0.0393774432187	0.00659798966921	0.0011859381795	-0.0268163355951	0.00229185315213	-0.0403836634147	0.0352646630696	-0.000102472099098	0.0145882825242	-0.0504555655983	0.0158159146714	-0.0324245042614	0.0512230048542	0.00352976966178	0.0171703387623	-0.00218996743348	-0.0486329950564	-0.0971005441545	0.0271482352719	-0.0649329600096	0.0114391379214	0.0148498491635	-0.0349219476279	-0.013847999414
k__Bacteria;p__Actinobacteria;c__Actinobacteria;o__Bifidobacteriales;f__Bifidobacteriaceae;g__Bifidobacterium;s__Bifidobacterium_adolescentis	0.0203353933378	0.0568518501501	-0.0114166805613	0.0072798834708	0.0342043009718	0.00981892601505	0.00398326662241	-0.0371668158343	-0.00396350754537	-0.0184170015211	0.0316522673563	-0.0162176301287	-0.0587886565172	-0.0877765535375	-0.0136101842083	0.0238899521553	0.0450828975294	-0.0279866479492	-0.0163366518906	0.0731448070389	0.0309124279891	-0.0350993022739	-0.00233820607046	1.0	-0.00158923707218	0.0296531425395	0.0129699788002	-0.00568389904496	-0.0619068992887	-0.0889395316663	-0.0398189557661	-0.0158594469401	-0.0426595995092	0.0177891703477	0.0115835214801	0.0137286306877	0.0284649496628	0.0358049764842	-0.0536817722566	0.00514214473537	-0.0485014695528	-0.036007626333	-0.0279107689577	0.00691539113522	-0.0238311417185	-0.0379445228792	0.0103758761581	-0.00889948677837	-0.0430100668272	-0.0616595824852	-0.052287978766	-0.0396695174584	-0.00814815040726	-0.00370599669673	0.0352851452149	-0.00313413436827	-0.0131949524152	-0.0197477811277	0.032216734799
k__Bacteria;p__Firmicutes;c__Clostridia;o__Clostridiales;f__Oscillospiraceae;g__Oscillibacter;s__Oscillibacter_sp._KLE_1745	0.0219829332999	-0.0849612406202	-0.0480648021501	-0.0275759990256	0.0208526529226	-0.00560621702399	-0.0406906019052	0.0138728859628	0.020992547461	-0.025619117685	0.0181411376101	-0.0366628383525	0.00126202658767	0.0148647077381	0.00255780944019	-0.00430329849175	-0.0508499103844	-0.0175013279232	-0.0134093329432	0.0155662045106	0.0449004643976	-0.0120492621951	-0.0400931548562	-0.00158923707218	1.0	-0.033510995607	0.0352712484106	0.0344352824179	-0.00215939427969	0.0442563500322	-0.0108542495117	0.0177860236859	-0.00036838034237	0.000910285971278	-0.0516685396873	-0.0736585288923	-0.0176335326221	-0.0333478253284	-0.0108254895657	0.0268797305432	-0.0188396824688	-0.0239505441333	0.0663003399646	0.0214296850611	-0.016041739725	0.0151929790533	-0.0142196085861	-0.0422276783561	-0.00115777362995	-0.00703250005578	-0.00825182738962	0.0011678603406	0.000217848948952	-0.0208678599716	-0.0160169213075	0.0109992308042	0.0346788875794	0.0264260949799	-0.0335703781871
k__Bacteria;p__Bacteroidetes;c__Bacteroidia;o__Bacteroidales;f__Bacteroidaceae;g__Bacteroides;s__Bacteroides_coprophilus	0.0107507642279	-0.0283554093255	-0.0442618340224	-0.0111958565949	0.00424932173275	-0.0216328692891	0.00880965495294	0.0274911705698	-0.0327219595886	-0.0270313874468	0.0122901296946	-0.00435861581046	0.0702811587964	0.0055787599135	0.0103346919312	-0.00841976951831	0.0100926273822	-0.0512196723134	-0.0196774271736	-0.028285774484	0.0200188876309	-0.0174377369727	0.0172292420412	0.0296531425395	-0.033510995607	1.0	0.00314105815363	-0.0533134196445	0.0387075146269	0.0059199948357	0.0448276172204	0.0355255787256	0.0628800000427	0.0361386004434	-0.0454826017853	-0.0326566578309	-0.0127606817902	0.00133796100498	0.0188640142874	-0.0485096672683	-0.0152200273431	0.00489571319983	-0.0712531759409	0.0219059607944	0.0200923837745	-0.0163059043335	0.0105828881925	-0.000680782451443	0.00374338183518	-0.0556735435585	0.0251924092804	0.00272901195853	-0.0173052928192	0.0374372079694	0.00515330720567	0.0224885467053	-0.0131332469157	0.0264372185644	-0.0869704479889
k__Bacteria;p__Firmicutes;c__Clostridia;o__Clostridiales;f__Lachnospiraceae;g__Roseburia;s__Roseburia_intestinalis	-0.0709034225151	0.0683420910712	-0.00120765623639	-0.0407663248087	-0.0317521764726	0.0417704862214	-0.0303146844377	-0.0495597772485	0.0382273547662	0.00116224496499	0.0302102713753	0.0440693392741	0.0306810025554	-0.01328433032	0.0424144410374	-0.0418361207186	-0.00967323943417	0.0042373354253	-0.0137101451252	-0.000309298482324	-0.0104273130969	-0.0193173308737	0.0116700095739	0.0129699788002	0.0352712484106	0.00314105815363	1.0	0.0584367824308	-0.0824051420213	-0.0106320563686	0.00721070665662	-0.00225880204196	0.000116226140266	-0.0493274699327	-0.0498238940335	-0.0231685150369	-0.0239993331417	0.0206804087756	0.0360367388069	0.0177183109658	-0.019251170457	-0.0585260932408	-0.0439967343764	-0.00581885784414	0.00237610546257	-0.0218206607307	-0.0525442903995	-0.0651489508666	-0.0156433754	0.0350625915151	-0.0417433064629	0.00484633885312	-0.00189754497134	0.000193915364359	-0.00146811676132	-0.0556141927689	-0.00406459706965	-0.0060204165097	-0.0186969588935
k__Bacteria;p__Firmicutes;c__Clostridia;o__Clostridiales;f__Lachnospiraceae;g__Roseburia;s__Roseburia_hominis	-0.0164225377642	0.00660824173432	-0.0136382985937	0.0149602274594	0.0489201511189	-0.0286197827235	0.00827595835755	-0.0188131536862	-0.0135305783423	-0.00883239359575	-0.0126727082146	-0.00597072898901	0.00246320107915	-0.0108588087721	-0.0261578290863	-0.0165662045261	-0.0166669415804	-0.00611402503614	0.00113087191004	0.0288481472893	0.014011009322	-0.00628283495266	-0.0446154679604	-0.00568389904496	0.0344352824179	-0.0533134196445	0.0584367824308	1.0	-0.073114569164	-0.0113014106705	0.0459825108096	-0.0425253049743	-0.0673244628972	0.0363225857303	-0.0312423219375	0.00524012367314	-0.0194473383168	0.00671305796784	0.0167073508744	0.013675781892	-0.00719028794335	-0.0143261190821	0.0342327880918	0.0065729457972	0.0176677171699	-0.093048780488	-0.0435323665408	-0.0564781180151	0.0351820402229	-0.00024386031143	0.0409763287558	-0.000697630942678	-0.058020481836	0.000232560152974	0.0677503799635	-0.041821567323	0.0216729889381	0.0107421882963	-0.0214051514512
k__Bacteria;p__Bacteroidetes;c__Bacteroidia;o__Bacteroidales;f__Porphyromonadaceae;g__Parabacteroides;s__Parabacteroides_johnsonii	-0.0156362208996	-0.0043655756331	-0.0369279370463	-0.0834694688601	0.00170656139055	-0.017110345655	-0.0357255958648	0.00844051893466	0.034548417076	-0.0324265639128	0.0026581769768	-0.0376700323039	0.0221320194406	0.0103680133399	0.0217335982234	0.00285863034136	-0.0318631243007	0.0504510132824	0.0156169147241	-0.016379388015	0.0343249488124	-0.0199029727124	0.0213140775516	-0.0619068992887	-0.00215939427969	0.0387075146269	-0.0824051420213	-0.073114569164	1.0	0.0219254899556	0.00684982328441	0.01111116337	0.0201393902495	0.00828845535197	-0.0452393804891	0.0206609880535	0.0129136935335	-0.00932248267799	-0.0229924500146	-0.0333890537794	0.00564843502966	-0.0212258412645	-0.0860917842094	0.00396508502057	0.0042744325515	-0.012746167462	-0.00865114417606	-0.0353882795838	-0.0249144394998	-0.0182897282872	-0.043817538041	0.0121015312067	0.0424267203464	-0.0409831803007	0.000944902595234	-0.0042144604158	0.00885296445514	0.0110437462327	-0.0141953882609
k__Bacteria;p__Actinobacteria;c__Actinobacteria;o__Bifidobacteriales;f__Bifidobacteriaceae;g__Bifidobacterium;s__Bifidobacterium_longum	-0.00415556990057	-0.0818871113912	0.0091516868171	-0.0331003571915	0.00353294646868	0.0668194325791	-0.00965038778665	0.0122735628918	0.0200378500632	0.0535155145016	0.0092623924831	0.0159903779022	-0.0332156048501	-0.0198067740211	-0.0324566980582	0.0105966981445	0.0114308919709	0.0534678016197	-0.0365726074724	-0.0426419469893	-0.0393726232545	0.0233192089131	-0.0644982506809	-0.0889395316663	0.0442563500322	0.0059199948357	-0.0106320563686	-0.0113014106705	0.0219254899556	1.0	0.0457252983207	0.00776379536431	0.0264640673854	-0.0170135598135	0.0376379849686	-0.0126728081493	0.0224334683045	-0.0194688741074	0.0568699155993	-0.0618037549606	0.0226592923872	0.0121513272465	0.0269229536178	-0.00132209759989	0.042146139405	-0.00110367432723	-0.0491050344369	-2.87653546093e-05	0.00149986615355	0.00035585086393	-0.0199120643229	0.0115455081815	-0.00406609275881	0.0112012160254	-0.0165404646249	0.0450577313645	-0.0131653995537	-0.0351561933856	0.00623831353587
