#taxonomy	k__Bacteria;p__Bacteroidetes;c__Bacteroidia;o__Bacteroidales;f__Bacteroidaceae;g__Bacteroides;s__Bacteroides_vulgatus	k__Bacteria;p__Bacteroidetes;c__Bacteroidia;o__Bacteroidales;f__Bacteroidaceae;g__Bacteroides;s__Bacteroides_uniformis	k__Bacteria;p__Bacteroidetes;c__Bacteroidia;o__Bacteroidales;f__Rikenellaceae;g__Alistipes;s__Alistipes_putredinis	k__Bacteria;p__Bacteroidetes;c__Bacteroidia;o__Bacteroidales;f__Prevotellaceae;g__Prevotella;s__Prevotella_copri	k__Bacteria;p__Bacteroidetes;c__Bacteroidia;o__Bacteroidales;f__Bacteroidaceae;g__Bacteroides;s__Bacteroides_stercoris	k__Bacteria;p__Bacteroidetes;c__Bacteroidia;o__Bacteroidales;f__Bacteroidaceae;g__Bacteroides;s__Bacteroides_ovatus	k__Bacteria;p__Bacteroidetes;c__Bacteroidia;o__Bacteroidales;f__Rikenellaceae;g__Alistipes;s__Alistipes_shahii	k__Bacteria;p__Firmicutes;c__Clostridia;o__Clostridiales;f__Ruminococcaceae;g__Faecalibacterium;s__Faecalibacterium_prausnitzii	k__Bacteria;p__Bacteroidetes;c__Bacteroidia;o__Bacteroidales;f__Rikenellaceae;g__Alistipes;s__Alistipes_finegoldii	k__Bacteria;p__Bacteroidetes;c__Bacteroidia;o__Bacteroidales;f__Porphyromonadaceae;g__Parabacteroides;s__Parabacteroides_distasonis	k__Bacteria;p__Bacteroidetes;c__Bacteroidia;o__Bacteroidales;f__Bacteroidaceae;g__Bacteroides;s__Bacteroides_thetaiotaomicron	k__Bacteria;p__Bacteroidetes;c__Bacteroidia;o__Bacteroidales;f__Bacteroidaceae;g__Bacteroides;s__Bacteroides_coprocola	k__Bacteria;p__Bacteroidetes;c__Bacteroidia;o__Bacteroidales;f__Bacteroidaceae;g__Bacteroides;s__Bacteroides_cellulosilyticus	k__Bacteria;p__Bacteroidetes;c__Bacteroidia;o__Bacteroidales;f__Rikenellaceae;g__Alistipes;s__Alistipes_obesi	k__Bacteria;p__Firmicutes;c__Clostridia;o__Clostridiales;f__Lachnospiraceae;g__;s__[Eubacterium]_rectale	k__Bacteria;p__Bacteroidetes;c__Bacteroidia;o__Bacteroidales;f__Bacteroidaceae;g__Bacteroides;s__Bacteroides_plebeius	k__Bacteria;p__Bacteroidetes;c__Bacteroidia;o__Bacteroidales;f__Bacteroidaceae;g__Bacteroides;s__Bacteroides_fragilis	k__Bacteria;p__Proteobacteria;c__Betaproteobacteria;o__Burkholderiales;f__Sutterellaceae;g__Sutterella;s__Sutterella_wadsworthensis	k__Bacteria;p__Bacteroidetes;c__Bacteroidia;o__Bacteroidales;f__Porphyromonadaceae;g__Barnesiella;s__Barnesiella_intestinihominis	k__Bacteria;p__Bacteroidetes;c__Bacteroidia;o__Bacteroidales;f__Odoribacteraceae;g__Odoribacter;s__Odoribacter_splanchnicus	k__Bacteria;p__Bacteroidetes;c__Bacteroidia;o__Bacteroidales;f__Bacteroidaceae;g__Bacteroides;s__Bacteroides_salyersiae	k__Bacteria;p__Firmicutes;c__Clostridia;o__Clostridiales;f__Ruminococcaceae;g__Ruminiclostridium;s__[Eubacterium]_siraeum	k__Bacteria;p__Proteobacteria;c__Betaproteobacteria;o__Burkholderiales;f__Sutterellaceae;g__Parasutterella;s__Parasutterella_excrementihominis	k__Bacteria;p__Actinobacteria;c__Actinobacteria;o__Bifidobacteriales;f__Bifidobacteriaceae;g__Bifidobacterium;s__Bifidobacterium_adolescentis	k__Bacteria;p__Firmicutes;c__Clostridia;o__Clostridiales;f__Oscillospiraceae;g__Oscillibacter;s__Oscillibacter_sp._KLE_1745	k__Bacteria;p__Bacteroidetes;c__Bacteroidia;o__Bacteroidales;f__Bacteroidaceae;g__Bacteroides;s__Bacteroides_coprophilus	k__Bacteria;p__Firmicutes;c__Clostridia;o__Clostridiales;f__Lachnospiraceae;g__Roseburia;s__Roseburia_intestinalis	k__Bacteria;p__Firmicutes;c__Clostridia;o__Clostridiales;f__Lachnospiraceae;g__Roseburia;s__Roseburia_hominis	k__Bacteria;p__Bacteroidetes;c__Bacteroidia;o__Bacteroidales;f__Porphyromonadaceae;g__Parabacteroides;s__Parabacteroides_johnsonii	k__Bacteria;p__Actinobacteria;c__Actinobacteria;o__Bifidobacteriales;f__Bifidobacteriaceae;g__Bifidobacterium;s__Bifidobacterium_longum	k__Bacteria;p__Firmicutes;c__Clostridia;o__Clostridiales;f__;g__Flavonifractor;s__Flavonifractor_plautii	k__Bacteria;p__Firmicutes;c__Clostridia;o__Clostridiales;f__Clostridiaceae;g__Clostridium;s__Clostridium_phoceensis	k__Bacteria;p__Verrucomicrobia;c__Verrucomicrobiae;o__Verrucomicrobiales;f__Akkermansiaceae;g__Akkermansia;s__Akkermansia_muciniphila	k__Bacteria;p__Bacteroidetes;c__Bacteroidia;o__Bacteroidales;f__Prevotellaceae;g__Paraprevotella;s__Paraprevotella_xylaniphila	k__Bacteria;p__Firmicutes;c__Clostridia;o__Clostridiales;f__Ruminococcaceae;g__Ruminococcus;s__Ruminococcus_callidus	k__Bacteria;p__Bacteroidetes;c__Bacteroidia;o__Bacteroidales;f__Rikenellaceae;g__Alistipes;s__Alistipes_senegalensis	k__Bacteria;p__Firmicutes;c__Clostridia;o__Clostridiales;f__Lachnospiraceae;g__Blautia;s__Blautia_sp._KLE_1732	k__Bacteria;p__Bacteroidetes;c__Bacteroidia;o__Bacteroidales;f__Bacteroidaceae;g__Bacteroides;s__Bacteroides_oleiciplenus	k__Bacteria;p__Firmicutes;c__Clostridia;o__Clostridiales;f__Ruminococcaceae;g__Ruminococcus;s__Ruminococcus_bicirculans	k__Bacteria;p__Bacteroidetes;c__Bacteroidia;o__Bacteroidales;f__Bacteroidaceae;g__Bacteroides;s__Bacteroides_fluxus	k__Bacteria;p__Bacteroidetes;c__Bacteroidia;o__Bacteroidales;f__Prevotellaceae;g__Prevotella;s__Prevotella_stercorea	k__Bacteria;p__Firmicutes;c__Clostridia;o__Clostridiales;f__Lachnospiraceae;g__Dorea;s__Dorea_longicatena	k__Bacteria;p__Firmicutes;c__Clostridia;o__Clostridiales;f__Eubacteriaceae;g__Eubacterium;s__[Eubacterium]_eligens	k__Bacteria;p__Firmicutes;c__Clostridia;o__Clostridiales;f__Ruminococcaceae;g__;s__Ruminococcaceae_bacterium_D16	k__Bacteria;p__Firmicutes;c__Clostridia;o__Clostridiales;f__Lachnospiraceae;g__Coprococcus;s__Coprococcus_comes	k__Bacteria;p__Proteobacteria;c__Gammaproteobacteria;o__Enterobacterales;f__Enterobacteriaceae;g__Escherichia;s__Escherichia_coli	k__Bacteria;p__Firmicutes;c__Clostridia;o__Clostridiales;f__Ruminococcaceae;g__Anaerotruncus;s__Anaerotruncus_colihominis	k__Bacteria;p__Firmicutes;c__Clostridia;o__Clostridiales;f__Lachnospiraceae;g__Blautia;s__Blautia_obeum	k__Bacteria;p__Bacteroidetes;c__Bacteroidia;o__Bacteroidales;f__Odoribacteraceae;g__Odoribacter;s__Odoribacter_laneus	k__Bacteria;p__Firmicutes;c__Clostridia;o__Clostridiales;f__Ruminococcaceae;g__Ruminiclostridium;s__[Clostridium]_leptum	k__Bacteria;p__Bacteroidetes;c__Bacteroidia;o__Bacteroidales;f__Porphyromonadaceae;g__Parabacteroides;s__Parabacteroides_goldsteinii	k__Bacteria;p__Firmicutes;c__Clostridia;o__Clostridiales;f__Lachnospiraceae;g__Anaerostipes;s__Anaerostipes_hadrus	k__Bacteria;p__Firmicutes;c__Clostridia;o__Clostridiales;f__Ruminococcaceae;g__Ruminococcus;s__Ruminococcus_lactaris	k__Bacteria;p__Firmicutes;c__Clostridia;o__Clostridiales;f__Clostridiaceae;g__Clostridium;s__Clostridium_sp._L2-50	k__Bacteria;p__Firmicutes;c__Clostridia;o__Clostridiales;f__Clostridiaceae;g__Clostridium;s__Clostridium_sp._M62/1	k__Bacteria;p__Firmicutes;c__Clostridia;o__Clostridiales;f__;g__Intestinimonas;s__Intestinimonas_butyriciproducens	k__Bacteria;p__Actinobacteria;c__Actinobacteria;o__Bifidobacteriales;f__Bifidobacteriaceae;g__Bifidobacterium;s__Bifidobacterium_bifidum	k__Bacteria;p__Firmicutes;c__Negativicutes;o__Veillonellales;f__Veillonellaceae;g__Dialister;s__Dialister_invisus	k__Bacteria;p__Bacteroidetes;c__Bacteroidia;o__Bacteroidales;f__Bacteroidaceae;g__Bacteroides;s__Bacteroides_salanitronis
k__Bacteria;p__Bacteroidetes;c__Bacteroidia;o__Bacteroidales;f__Bacteroidaceae;g__Bacteroides;s__Bacteroides_vulgatus	1.0	-0.00354304293993	-0.0413532197095	-0.0448744238389	0.0335596113821	0.0352113614206	-0.0156324853384	-0.0241246259101	0.00140417660191	0.0388116904766	-0.00908750135173	0.00689128396265	-0.00836461765769	0.0159098272983	-0.0348037440684	-0.101765876602	0.0495360155045	-0.0442515221192	0.0401517038424	0.00525275910772	-0.049323715495	-0.0377186782357	-0.00487286338248	-0.0422056886227	-0.0584517221254	0.0355983605379	0.0243456802858	0.0472777272114	0.0486048192403	-0.00241878468612	0.0317997153533	0.00174971659985	-0.00826399184874	-0.0469362166029	0.04840691411	-0.0384732056543	-0.0556085171235	-0.0288193140757	0.022093734628	0.0264484096029	0.0551429075079	-0.0304099352663	-0.08518225844	0.0110111766642	-0.0486298224581	-0.0496472602563	-0.000690502889588	-0.0325502726782	-0.0217928187941	0.0323089606118	0.0314052281095	-0.0014462554994	-0.00213302747089	0.00101867407743	-0.0242214601864	0.043339723582	-0.0474795115858	-0.0397654871131	0.000941330535661
k__Bacteria;p__Bacteroidetes;c__Bacteroidia;o__Bacteroidales;f__Bacteroidaceae;g__Bacteroides;s__Bacteroides_uniformis	-0.00354304293993	1.0	0.0106664519153	-0.0319528252871	-0.0106592151133	0.0550349927372	-0.0122636567252	-0.00726749142377	-0.0286037188783	-0.0341007968586	0.00132917174893	0.0147242127911	-0.0115117311138	-0.0148334582298	-0.015851011399	-0.0173202864875	-0.00545907962034	-0.0570771372488	-0.0184975423878	0.0107603676626	-0.0947065847058	-0.0222242186204	-0.00782371803446	-0.0275571843259	0.0254327286917	-0.0115701182805	-0.00510145092592	0.0527213648583	-0.0142280079783	-0.0016750006311	0.0376833378423	0.00951330671403	0.0645823604594	0.0333899653636	0.0297913471379	0.00684109097801	-0.0182326261589	-0.0435524725823	0.00266314819704	-0.00696957726451	0.0123180160001	-0.0529365037379	0.0200817175397	-0.0189771093749	0.0544330470818	0.0114458135986	0.00396818821542	-0.0181317172133	-0.00706853076573	-0.0414396041142	0.0217757025883	-0.0341039432769	0.00423195907882	-0.0324632195791	0.0452561877005	-0.00498509159829	-0.053090969772	-0.0159783720507	-0.0238340058443
k__Bacteria;p__Bacteroidetes;c__Bacteroidia;o__Bacteroidales;f__Rikenellaceae;g__Alistipes;s__Alistipes_putredinis	-0.0413532197095	0.0106664519153	1.0	-0.0128853339072	-0.0313965365986	-0.0318364475692	-0.00163444685692	-0.0399086742537	0.0153998814876	0.0495113180506	-0.0478168472188	0.00680614969546	0.0120782255914	-0.0493365338248	0.000955214651585	-0.0521907506597	-0.029742152016	-0.00462245326962	-0.0327354425302	0.00491236894608	0.0260529505249	0.045537593363	-0.0208954295064	-0.0222227008104	0.0339688233651	-0.033087879385	-0.00260997254207	-0.0187560312339	0.0118339704614	-0.0601309612577	0.00945748201265	0.00617966153233	0.00296531469949	-0.0271076050619	0.0101700367263	0.0111315989693	0.000558231888644	-0.0630551680471	0.00369292646637	-0.0418996702921	0.0316779480919	0.0215985416809	-0.00501787815971	0.0118718807804	-0.0425609245189	-0.0484469587525	0.00115782037113	-0.0226385087593	-0.0270613692375	0.00832283076634	-0.0389355868495	-0.0657528694745	-0.00219849960712	-0.0269932814627	0.011877576103	-0.052905407416	0.0309263652104	-0.0320652487901	-0.0057345508715
k__Bacteria;p__Bacteroidetes;c__Bacteroidia;o__Bacteroidales;f__Prevotellaceae;g__Prevotella;s__Prevotella_copri	-0.0448744238389	-0.0319528252871	-0.0128853339072	1.0	-0.00164056720782	0.0425924743561	-0.0367691173242	-0.0403642573431	-0.0322891446342	-0.00758259151541	-0.00767682740243	0.0142702555031	-0.0434319299353	0.00549767506268	-0.0426981511917	0.0125484559688	0.0533171704587	-0.0104470323791	-0.0518276725139	-0.0684082384079	-0.0340312193133	0.0635160279817	0.0041195596679	0.0435615468045	0.0103892500807	0.0365706685073	0.017425773389	-0.0456167393739	-0.0203621243652	-0.0516740433571	-0.036890869303	-0.0563203378623	-0.0196162579521	0.0148141280586	0.0204703952622	0.0381942948383	0.00148485374359	-0.00615189060382	-0.00520324065969	-0.0579623461184	0.0311262170655	-0.00266360146943	0.0128806280368	-0.0230041577746	0.0262108116259	-0.0216085417847	0.00194999304354	0.0314263615383	-0.039916259055	0.0142624984003	-0.0238400335888	-0.0113385720336	-0.0306187126352	-0.0258495354427	0.0253542907698	-0.0222151291713	0.0252547657628	-0.0271196734451	-0.0275908172827
k__Bacteria;p__Bacteroidetes;c__Bacteroidia;o__Bacteroidales;f__Bacteroidaceae;g__Bacteroides;s__Bacteroides_stercoris	0.0335596113821	-0.0106592151133	-0.0313965365986	-0.00164056720782	1.0	0.024580860718	0.03332801742	0.0246869179019	0.00325694253385	0.00434217297739	0.0209336285277	0.0593234122008	0.00352623209988	0.0121818593883	-0.0880338071978	-0.0201013767299	-0.0321765130047	0.00427655834552	0.0453837769282	-0.00408850513711	-0.0192549939681	-0.0181333676564	-0.0557511920152	-0.00297785687635	-0.0322357620824	-0.0662195083839	0.0198809708019	-0.069279954723	0.029052081798	0.00844682972065	0.0200527681438	-0.0339987203761	0.025532033797	0.0119272786752	-0.0693912192203	0.000486146768386	0.019920013905	0.0445858031937	-0.051155217463	-0.040296312178	0.0118797476077	-0.0413928039144	-0.0763204761395	-0.0265390759703	-0.0481433598648	-0.0570449448156	0.0470560467399	-0.0312098790382	0.00113426418239	0.0475651277857	-0.0131042034784	0.0406985955626	-0.0639948853364	0.0767143304363	-0.00810809641281	0.00257463535496	0.0106065576922	-0.00881431903299	0.0292680954002
k__Bacteria;p__Bacteroidetes;c__Bacteroidia;o__Bacteroidales;f__Bacteroidaceae;g__Bacteroides;s__Bacteroides_ovatus	0.0352113614206	0.0550349927372	-0.0318364475692	0.0425924743561	0.024580860718	1.0	-0.0113023032805	-0.00636747399735	0.00638454226001	0.0230407279319	-0.0132249302764	0.0929576292227	-0.00265083910171	0.0175640656888	0.0222204850154	-0.0124553261194	-0.0451451997506	-0.038281109494	-0.00926158635721	0.0599802998482	0.00333153456346	-0.0844720516669	0.0106413740951	-0.014981595355	-0.0174683465128	-0.0128229263201	-0.0177114163002	-0.0162797468867	-0.0401738182956	-0.0543615835883	0.0462632914012	0.0462941789372	0.0302947560534	-0.0134770247775	0.0251162274776	0.0413675692593	-0.0332035576264	0.0387141201984	-0.0133375790141	-0.0689384223921	-0.0105335913843	-0.0478683729598	-0.0548735121845	-0.00720723342872	0.00820617510449	-0.0465357164089	-0.0270366594558	-0.0350881707084	0.0244379432162	0.0394778725723	0.000293516988374	-0.0363445998915	0.00646899214243	-0.00574822533849	0.00218446172253	-0.0399737182581	-0.017353281887	-0.0290577050827	-0.0287558724999
k__Bacteria;p__Bacteroidetes;c__Bacteroidia;o__Bacteroidales;f__Rikenellaceae;g__Alistipes;s__Alistipes_shahii	-0.0156324853384	-0.0122636567252	-0.00163444685692	-0.0367691173242	0.03332801742	-0.0113023032805	1.0	0.00207392072358	-0.00913701252874	0.00456861140472	0.00490781971308	0.00824589546415	0.0203254758484	-0.0171594513074	0.0303865796085	0.00694064122964	0.0050891313611	0.0368462760964	0.0273405028462	0.0183015220971	0.00476031024056	0.0193211975631	-0.06805126058	-0.015382230211	0.0223772336513	-0.00482951010129	-0.0330800830622	-0.00931683006694	0.0273532669104	-0.0266698414148	0.0567522324791	-0.0245927305539	-0.063028843525	0.00485822098764	0.0239882633538	0.0623000934209	-0.0380632021906	-0.00542206281602	0.0263545769636	0.00832750274073	0.00117058143626	-0.0411256799446	-0.0332552131561	-0.0534130080971	-0.00283652838734	0.0746844731773	-0.0364383371407	-0.037193848011	-0.0138682025352	0.0154765603883	-0.0426011286028	0.013117102585	0.0288330749751	0.0457269857169	-0.0457718242261	-0.0144011554513	0.0492916150379	-0.0195582579377	-0.0266606653738
k__Bacteria;p__Firmicutes;c__Clostridia;o__Clostridiales;f__Ruminococcaceae;g__Faecalibacterium;s__Faecalibacterium_prausnitzii	-0.0241246259101	-0.00726749142377	-0.0399086742537	-0.0403642573431	0.0246869179019	-0.00636747399735	0.00207392072358	1.0	-0.0228992460613	-0.0316516757827	0.0414885484019	-0.044745509887	0.0186657931325	-0.0165882865835	-0.0133749323639	-0.0739667338598	-0.024659436048	-0.0696946342771	-0.046783461739	-0.0182884620893	-0.0150659889332	-0.0196847599539	0.0530199077521	0.085099387073	0.0215204728476	0.00357327591373	-0.0290406261895	0.00505177952003	-0.0499293403135	0.0644572061361	-0.00932825859332	0.0483672947503	0.0720955255768	-0.0198260774402	0.0197361211336	-0.0391926581582	0.0507985358655	-0.0625731199488	-0.0671805012225	0.00738346907547	-0.0191902701021	-0.0210201618581	0.00775364464466	-0.0199982751124	0.0350451260425	0.04317638004	-0.0563588770452	-0.052332527405	0.0248681805609	-0.00518790896624	0.0128300232026	-0.00629343509674	-0.0152323609119	-0.0354732896377	0.046678166887	-0.0557299718168	-0.0142846676589	0.0861898506505	0.0146891691827
k__Bacteria;p__Bacteroidetes;c__Bacteroidia;o__Bacteroidales;f__Rikenellaceae;g__Alistipes;s__Alistipes_finegoldii	0.00140417660191	-0.0286037188783	0.0153998814876	-0.0322891446342	0.00325694253385	0.00638454226001	-0.00913701252874	-0.0228992460613	1.0	-0.0108956017943	-0.00322064313626	-0.00172429716591	-0.045084258257	-0.0221079177923	0.0225256176997	-0.00806459061771	0.0545984351391	0.0257138126982	-0.0354879626103	-0.0421600870957	-0.0213451954617	-0.0637500559279	-0.0158981810934	-0.0507611535416	0.000250718435889	0.0403058244747	0.0130500789884	0.0276921054076	-0.00288331397045	-0.0275772283631	-0.0368239401072	-0.0158350790805	-0.0108553468758	0.0675325681927	-0.0394223484109	-0.0721583943432	-0.0117798268966	-0.0242652142557	-0.0472670251734	0.00130294876311	0.0188574791555	-0.0410169063711	-0.0048694738456	-0.0315664434593	0.0230727222266	0.0099393600429	-0.0705969550108	0.0141113670871	0.0026966753463	0.0551228418978	0.00293924747028	-0.00981082841876	-0.0302196815031	-0.0858681929686	0.0303706087013	0.00690881218643	0.0347964154961	-0.021320464763	0.0486601840486
k__Bacteria;p__Bacteroidetes;c__Bacteroidia;o__Bacteroidales;f__Porphyromonadaceae;g__Parabacteroides;s__Parabacteroides_distasonis	0.0388116904766	-0.0341007968586	0.0495113180506	-0.00758259151541	0.00434217297739	0.0230407279319	0.00456861140472	-0.0316516757827	-0.0108956017943	1.0	-0.0104839286927	0.000117220953931	-0.0485617924403	-0.0679269148296	0.0116691136435	-0.0394548398186	0.00752140912689	0.0215865767358	0.0584803644592	0.00948245756023	-0.059138436884	-0.00530475288629	0.0260646719405	-0.0249112895335	-0.00719260400101	-0.0121559633881	0.0230772313936	0.00812769071779	0.00870182707369	-0.00973196666388	0.0214879121123	-0.0370559219126	-0.0689526251591	-0.0315110219128	0.00888504657035	-0.0217101024672	-0.0230617042951	0.000293154400677	-0.0614069671359	-0.0541273842166	-0.0309676068506	-0.016177487688	-0.0152695970725	-0.0172843597195	-0.00880988730937	-0.0545284830997	-0.00199686444013	-0.0315093405287	0.0212251850323	-0.0054684451162	-0.00500425615402	0.0389851701185	0.0669295539578	0.0343670572658	0.0032801822235	-0.00322945560807	0.0180633583939	0.0391384692853	0.0179817284113
k__Bacteria;p__Bacteroidetes;c__Bacteroidia;o__Bacteroidales;f__Bacteroidaceae;g__Bacteroides;s__Bacteroides_thetaiotaomicron	-0.00908750135173	0.00132917174893	-0.0478168472188	-0.00767682740243	0.0209336285277	-0.0132249302764	0.00490781971308	0.0414885484019	-0.00322064313626	-0.0104839286927	1.0	0.0141054527184	0.0171550152943	0.0158473336894	0.0123180358671	0.038575073297	0.0493408970028	-0.0485641336959	-0.0116472806935	-0.00171061876332	-0.00559683470813	0.00571798260491	0.00208460715206	-0.0173839640237	-0.0113381652372	-0.0450919020129	-0.0264121039477	0.0251228927336	0.0301767784564	-0.0214328550484	-0.0284098647099	0.0250055494236	-0.0621587146998	-0.00431002851967	0.052545515812	0.00764938767956	-0.0122171122516	-0.000102529137875	0.0123300641285	0.0242147860626	-0.101217423163	-0.0106084885165	0.0478067090498	-0.0201129993161	-0.0450830977522	-0.0183384227829	-0.041268939903	-0.00390381329255	-0.0119734005914	-0.00790432139178	-0.0515712878035	-0.0467882948247	0.058958023411	-0.00315377637171	-0.0195445524678	0.0212606608106	0.041644731188	0.0130598350523	-0.0383631454398
k__Bacteria;p__Bacteroidetes;c__Bacteroidia;o__Bacteroidales;f__Bacteroidaceae;g__Bacteroides;s__Bacteroides_coprocola	0.00689128396265	0.0147242127911	0.00680614969546	0.0142702555031	0.0593234122008	0.0929576292227	0.00824589546415	-0.044745509887	-0.00172429716591	0.000117220953931	0.0141054527184	1.0	0.0233798883897	0.00693666836403	0.0440466249615	0.0229654357911	-0.072247703018	-0.00619305548756	-0.0122351431971	-0.0286655254829	0.0253373087836	0.019248754985	-0.0337368897547	0.00442111268923	-0.0534676423105	0.000168358654841	-0.0164010479973	-0.000571502993829	0.0235719996409	-0.01535753655	-0.0129545109453	0.0387474552134	0.00596958599721	-0.0164968740746	-0.0631879471787	-0.00372716367019	0.0280203067563	-0.032447632387	-0.0563119308853	-0.0304138627644	-0.0670887552092	-0.00325033629455	-0.102990019039	0.106327772097	-0.0372109319521	0.016388405823	0.0280172418694	-0.0543127909341	-0.0155558295916	-0.0942827012288	-0.0392630760065	0.0219669371557	-0.0305742919764	-0.00614645389836	-0.00212754619441	-0.0228896996476	0.0560021947422	0.0727232760943	-0.071319619813
k__Bacteria;p__Bacteroidetes;c__Bacteroidia;o__Bacteroidales;f__Bacteroidaceae;g__Bacteroides;s__Bacteroides_cellulosilyticus	-0.00836461765769	-0.0115117311138	0.0120782255914	-0.0434319299353	0.00352623209988	-0.00265083910171	0.0203254758484	0.0186657931325	-0.045084258257	-0.0485617924403	0.0171550152943	0.0233798883897	1.0	-0.0321356358232	0.018907506409	-0.0285405715042	-0.0389326238316	0.00262627119303	-0.0336592115809	0.00828641503813	0.0420384550751	0.0215104520036	0.0225192518335	-0.0334045982465	-0.00868357100396	-0.00929768803108	0.0669277540723	0.0928331268827	-0.0414632308652	0.0062389844619	-0.0540538391046	0.0711734740153	-0.0403538398161	-0.0458049963864	-0.0159153843876	-0.0621852844595	-0.0108868980791	0.00078339965874	-0.0342556494841	0.025153578648	-0.0291228470465	0.0247062461358	0.00370300795667	-0.0288135851835	-0.00655599525031	0.00481228625511	0.0125910583027	0.0335560551065	0.0358897475864	-0.00589412224124	-0.0214800975218	0.0103537780635	0.00833201117816	-0.0262636439912	-0.040091523514	-0.0459071198942	-0.00789116697282	0.0210665936722	-0.0565010585862
k__Bacteria;p__Bacteroidetes;c__Bacteroidia;o__Bacteroidales;f__Rikenellaceae;g__Alistipes;s__Alistipes_obesi	0.0159098272983	-0.0148334582298	-0.0493365338248	0.00549767506268	0.0121818593883	0.0175640656888	-0.0171594513074	-0.0165882865835	-0.0221079177923	-0.0679269148296	0.0158473336894	0.00693666836403	-0.0321356358232	1.0	0.0116460461678	0.0702811363372	-0.0287257531957	-0.0172745232997	-0.0208696127457	0.00127250881075	-0.0644140796056	-0.00847135856902	-0.0363223713483	-0.0426043081744	-0.0107645189792	-0.047674720732	0.000821664237052	-0.0474220854753	-0.0147631310454	0.00323760056387	-0.0324895075148	0.0334377808312	0.0149303693369	-0.0502807346843	-0.0499293370071	0.0216560948087	0.00381216425468	-0.0455121503307	-0.0186025379937	0.0111504047877	0.0163079271287	-0.0302333900507	-0.0975469224356	-0.0255693848912	0.00374395208703	0.0345215525507	0.0440152421923	-0.0256453265773	-0.0179886104115	-0.0229247763524	-3.38556398408e-06	0.0664258355751	-0.0380049869476	0.0437747069408	-0.0227060413603	0.0226726089407	-0.0214322861586	0.0245570706254	-0.0160714688
k__Bacteria;p__Firmicutes;c__Clostridia;o__Clostridiales;f__Lachnospiraceae;g__;s__[Eubacterium]_rectale	-0.0348037440684	-0.015851011399	0.000955214651585	-0.0426981511917	-0.0880338071978	0.0222204850154	0.0303865796085	-0.0133749323639	0.0225256176997	0.0116691136435	0.0123180358671	0.0440466249615	0.018907506409	0.0116460461678	1.0	-0.037071701097	0.0330788340797	0.0472021045394	-0.0254555238106	-0.0394447824361	0.0210962730203	0.0341566208706	-0.00610304376841	-0.0233193268052	0.00836978134308	-0.0122841767822	-0.0460625318478	0.00102853972146	-0.0264470250761	-0.0408736133088	-0.00777622006305	-0.0444616719996	0.012991909093	-0.0201926743942	-0.0115569477006	-0.0105975585242	0.0378543149993	-0.0179154698571	0.024294075295	-0.0862982079753	-0.0269992415641	-0.023889738363	-0.0174698445491	0.0223109603283	-0.00968685585227	0.024993860527	-0.0193593746287	-0.0451645783347	-0.0205016711798	0.015980177244	-0.00950425693362	0.0382427353495	-0.0173783438818	0.0371992547476	-0.0929882153912	-0.00810248554802	-0.0292354657157	0.03692939865	0.00573280229134
k__Bacteria;p__Bacteroidetes;c__Bacteroidia;o__Bacteroidales;f__Bacteroidaceae;g__Bacteroides;s__Bacteroides_plebeius	-0.101765876602	-0.0173202864875	-0.0521907506597	0.0125484559688	-0.0201013767299	-0.0124553261194	0.00694064122964	-0.0739667338598	-0.00806459061771	-0.0394548398186	0.038575073297	0.0229654357911	-0.0285405715042	0.0702811363372	-0.037071701097	1.0	-0.0211900972674	0.0124667360866	-0.0646952904514	0.0185626377693	-0.0149348683572	-0.0191211528244	-0.0120101529124	0.00172466652775	0.00555286023171	0.0158285862553	0.013792728837	-0.0257576315382	-0.0297991335681	-0.0386139120005	-0.0454423366686	0.0131554661258	0.0492763273048	0.0130370010405	0.012396260157	-0.0222509297242	-0.0588975940638	0.0137883963175	-0.0155466225698	0.00893387261867	-0.0204586655686	0.0277922779176	0.00605418768072	0.0203868692269	-0.0118766179904	-0.0559701504136	-0.011902326279	0.0303909542293	-0.0292787831501	-0.023922448767	0.0253815879929	-0.011208447659	0.0332820137283	-0.0183308406922	0.0381052484488	-0.0341810706302	0.052218681538	0.0147339145279	0.0159019145514
k__Bacteria;p__Bacteroidetes;c__Bacteroidia;o__Bacteroidales;f__Bacteroidaceae;g__Bacteroides;s__Bacteroides_fragilis	0.0495360155045	-0.00545907962034	-0.029742152016	0.0533171704587	-0.0321765130047	-0.0451451997506	0.0050891313611	-0.024659436048	0.0545984351391	0.00752140912689	0.0493408970028	-0.072247703018	-0.0389326238316	-0.0287257531957	0.0330788340797	-0.0211900972674	1.0	0.0170056065626	-0.0369885296005	0.0392336257966	-0.0101883395854	-0.000410742519295	0.0175125497748	0.00648503339893	0.000662301535526	-0.0880054633936	-0.0415835174965	-0.0034077820996	0.0123558780368	0.011088124045	0.00942712782814	-0.0240451915005	-0.0465607421206	-0.027186013057	-0.0290862100644	-0.0135055149423	-0.107222166381	-0.0696759249068	0.0306024012376	-0.019384020397	0.0131047721174	0.0074266465159	-0.0319172500718	0.0215525878775	-0.0140652291846	0.0424497260027	-0.00385583191568	-0.0241453146688	-0.00677810590153	0.024071852949	-0.00957324990175	0.0191738740143	-0.0137715087262	0.0035840241202	0.00461932703632	0.0204143017665	-0.0516528326598	-0.00446998113652	0.0777944626122
k__Bacteria;p__Proteobacteria;c__Betaproteobacteria;o__Burkholderiales;f__Sutterellaceae;g__Sutterella;s__Sutterella_wadsworthensis	-0.0442515221192	-0.0570771372488	-0.00462245326962	-0.0104470323791	0.00427655834552	-0.038281109494	0.0368462760964	-0.0696946342771	0.0257138126982	0.0215865767358	-0.0485641336959	-0.00619305548756	0.00262627119303	-0.0172745232997	0.0472021045394	0.0124667360866	0.0170056065626	1.0	0.00596113365867	-0.00471207465322	-0.0437944164303	-0.0013933257126	0.00244353476325	-0.0444359320791	-0.0350284624247	0.00344812372969	-0.00512223340766	0.0231936689458	0.045389114945	-0.0341104925636	-0.0163683527291	-0.0681773496004	-0.0101840158771	-0.00322869761869	-0.0102933379337	0.0454174996228	0.00917581620421	0.0268127302681	-0.0533808598415	0.030179673341	-0.0350061964112	-0.0787787090483	0.0145163546094	0.0376902974079	-0.0253373041323	-0.00964049566867	-0.0195416856055	-0.0460877017169	-0.00960257906294	0.0424531197215	-0.0037751562996	0.047026571678	0.000888742825095	-0.0238222505445	-0.0385568426303	0.0254589634974	0.0200993910179	-0.0283794796324	0.00876655802374
k__Bacteria;p__Bacteroidetes;c__Bacteroidia;o__Bacteroidales;f__Porphyromonadaceae;g__Barnesiella;s__Barnesiella_intestinihominis	0.0401517038424	-0.0184975423878	-0.0327354425302	-0.0518276725139	0.0453837769282	-0.00926158635721	0.0273405028462	-0.046783461739	-0.0354879626103	0.0584803644592	-0.0116472806935	-0.0122351431971	-0.0336592115809	-0.0208696127457	-0.0254555238106	-0.0646952904514	-0.0369885296005	0.00596113365867	1.0	-0.053812313223	-0.00260707102621	0.000833254306084	-0.0227620066965	-0.00397795355458	0.0324391428391	0.0559440001423	0.0142188358912	-0.0164948372959	-0.0544938564399	0.035865182494	-0.0130561638787	-0.0733788164027	-0.0485669263717	-0.0365734115426	0.0106780840811	0.0243594260012	-0.00433331239574	-0.000601119910872	0.0302231659741	-0.0261821013398	0.0333351168691	-0.0238473923379	-0.051038408313	-0.0553256786752	-0.0142094466357	-0.0458105854759	-0.008977106373	-0.0414605870148	0.0449146745758	0.0291201660475	-0.0198859561434	-0.0112154484106	0.0117024819466	-0.0278692900097	0.00861016911551	0.0350770491494	0.0321605438982	-0.0238359707026	-0.0347516533734
k__Bacteria;p__Bacteroidetes;c__Bacteroidia;o__Bacteroidales;f__Odoribacteraceae;g__Odoribacter;s__Odoribacter_splanchnicus	0.00525275910772	0.0107603676626	0.00491236894608	-0.0684082384079	-0.00408850513711	0.0599802998482	0.0183015220971	-0.0182884620893	-0.0421600870957	0.00948245756022	-0.00171061876332	-0.0286655254829	0.00828641503813	0.00127250881075	-0.0394447824361	0.0185626377693	0.0392336257966	-0.00471207465322	-0.053812313223	1.0	-0.015988343444	-0.0063625020433	0.0192016273291	0.0121231240663	0.0355895847875	-0.00171269855955	-0.0464169035505	0.0543560147622	0.00572085699743	-0.00425733485883	-0.0681545879759	0.0350056168684	0.0767277269401	0.00802252740313	-0.00539647967258	-0.0715397663908	-0.00415586122603	-0.00766930767889	-0.0301324600491	0.0290366589074	-0.0779559532598	-0.0234094772379	0.0205023817553	0.00215840197205	-0.0435018312403	-0.00561301026631	-0.00644317013679	-0.0142469703417	-0.0405530484955	-0.0221804763098	0.0219827442892	-0.0161258347838	-0.0280450395368	0.0199744317556	-0.00249644804266	0.00700501676711	-0.0425480076236	-0.0134107372014	-0.028304785087
k__Bacteria;p__Bacteroidetes;c__Bacteroidia;o__Bacteroidales;f__Bacteroidaceae;g__Bacteroides;s__Bacteroides_salyersiae	-0.049323715495	-0.0947065847058	0.0260529505249	-0.0340312193133	-0.0192549939681	0.00333153456346	0.00476031024056	-0.0150659889332	-0.0213451954617	-0.059138436884	-0.00559683470813	0.0253373087836	0.0420384550751	-0.0644140796056	0.0210962730203	-0.0149348683572	-0.0101883395854	-0.0437944164303	-0.00260707102621	-0.015988343444	1.0	-0.00244155552225	0.0098379211756	-0.0202480727225	-0.0407185070772	0.0152048382291	-0.0631757956118	-0.0198901777732	-0.0259746018912	-0.0118026281168	-0.0144792266802	0.0248922937391	-0.00288950580215	-0.0424777242266	-0.0186392265444	-0.0439490217816	-0.0277094398992	-0.0362193986874	-0.0787455223623	0.0124211747305	-0.0107550977288	0.00753215803919	0.00778147497172	-0.0292408864511	-0.0226026076248	-0.0330390336806	0.0576618355221	0.0158231019814	-0.00763440363533	-0.0112413737623	-0.024469595125	-0.00369439368443	0.0494541010698	0.0407876416639	0.0246066647373	-0.0200342970271	0.0189872593654	-0.0705597122397	-0.0115918979298
k__Bacteria;p__Firmicutes;c__Clostridia;o__Clostridiales;f__Ruminococcaceae;g__Ruminiclostridium;s__[Eubacterium]_siraeum	-0.0377186782357	-0.0222242186204	0.045537593363	0.0635160279817	-0.0181333676564	-0.0844720516669	0.0193211975631	-0.0196847599539	-0.0637500559279	-0.00530475288629	0.00571798260491	0.019248754985	0.0215104520036	-0.00847135856902	0.0341566208706	-0.0191211528244	-0.000410742519295	-0.0013933257126	0.000833254306084	-0.0063625020433	-0.00244155552225	1.0	-0.018649479543	0.0310642346449	0.0180574724424	0.0695836145783	-0.000577555017941	0.0152609093986	-0.0281506106039	-0.000276544277313	0.0212157834068	-0.0492131555471	-0.0368261990912	0.0200167317836	0.0195362344423	-0.0094893528128	0.0562803129473	0.0203120571446	0.00876576680053	-0.0603269795662	-0.0402627861426	0.0356108757144	-0.00557508756146	0.0161933846	0.0382482800449	-0.0819224944378	-0.0142822545793	-0.00455513609049	0.0112696134532	-0.0517214846829	-0.0131454159197	-0.0264186893796	-0.00855754279372	-0.0439414418168	-0.0827287776906	0.0141812806774	0.0215269041778	-0.0514111463301	-0.026617480131
k__Bacteria;p__Proteobacteria;c__Betaproteobacteria;o__Burkholderiales;f__Sutterellaceae;g__Parasutterella;s__Parasutterella_excrementihominis	-0.00487286338248	-0.00782371803446	-0.0208954295064	0.0041195596679	-0.0557511920152	0.0106413740951	-0.06805126058	0.0530199077521	-0.0158981810934	0.0260646719405	0.00208460715206	-0.0337368897547	0.0225192518335	-0.0363223713483	-0.00610304376841	-0.0120101529124	0.0175125497748	0.00244353476325	-0.0227620066965	0.0192016273291	0.0098379211756	-0.018649479543	1.0	-0.0171369703657	0.00345740763246	0.0453841228083	-0.0324274982263	-0.0714827863032	-0.0741971265483	0.0387854888894	-0.0637283055865	0.0157280054057	0.0176600285056	-0.00309669918495	-0.0460756926639	0.010233198637	-0.0101438570567	0.00897918542632	0.0457500291109	-0.0151828206442	0.0240896988014	-0.0227872435125	0.0262387824619	-0.0724937582625	-0.00844581514327	0.0296984630741	-0.010184716205	-0.0309361356823	-0.0187872264155	-0.0513198058586	0.0379715655213	0.00574465199734	-0.0143498007159	0.0130724210687	-0.00320762627516	-0.0198231233416	0.00438221485959	-0.0300238851711	0.039105103668
k__Bacteria;p__Actinobacteria;c__Actinobacteria;o__Bifidobacteriales;f__Bifidobacteriaceae;g__Bifidobacterium;s__Bifidobacterium_adolescentis	-0.0422056886227	-0.0275571843259	-0.0222227008104	0.0435615468045	-0.00297785687635	-0.014981595355	-0.015382230211	0.085099387073	-0.0507611535416	-0.0249112895335	-0.0173839640237	0.00442111268923	-0.0334045982465	-0.0426043081744	-0.0233193268052	0.00172466652775	0.00648503339893	-0.0444359320791	-0.00397795355458	0.0121231240663	-0.0202480727225	0.0310642346449	-0.0171369703657	1.0	0.00911009293284	-0.0204215849637	0.0125208338517	0.0261756680459	0.0568458016804	0.0644002197597	0.00316468116771	-0.0180675438483	-0.029625971789	-0.0291019600426	-0.0340619078988	-0.0114258470959	0.0167354236717	-0.0394787257018	0.00638313451458	0.000820008228637	0.00271921878106	-0.0122237590327	0.00662914143823	0.0191010410044	0.0519011203544	-0.0464635321608	0.0048102196229	0.00389203887829	0.0552965799497	0.0138804621063	0.0184018644205	-0.0377988373378	-0.0023178489748	-0.0522423736076	-0.00747237296329	0.0505220162144	-0.0411933965531	-0.0706193147387	0.0445922195905
k__Bacteria;p__Firmicutes;c__Clostridia;o__Clostridiales;f__Oscillospiraceae;g__Oscillibacter;s__Oscillibacter_sp._KLE_1745	-0.0584517221254	0.0254327286917	0.0339688233651	0.0103892500807	-0.0322357620824	-0.0174683465128	0.0223772336513	0.0215204728476	0.000250718435889	-0.00719260400101	-0.0113381652372	-0.0534676423105	-0.00868357100396	-0.0107645189792	0.00836978134308	0.00555286023171	0.000662301535526	-0.0350284624247	0.0324391428391	0.0355895847875	-0.0407185070772	0.0180574724424	0.00345740763246	0.00911009293284	1.0	0.0246121216179	0.0361731134075	-0.00693168990791	-0.107548274231	0.00679983119307	0.0186857999958	-0.0664599001576	-0.0250430996738	-0.000303987688236	0.00993828852627	-0.0310090694351	-0.0413929828419	0.0177629623496	-0.00870170474687	-0.0127459380565	0.0214679937168	0.0470471415581	-0.00857570738288	-0.00626888585193	-0.045457848097	-0.010189300213	0.0307154888843	0.000700429932182	0.0029980098008	-0.0333714664749	0.0251842299619	0.0367568934111	-0.0314011179894	0.0842814540109	-0.0369652314539	0.0109031545506	-0.000690786602529	-0.0164474554103	-0.0718881467796
k__Bacteria;p__Bacteroidetes;c__Bacteroidia;o__Bacteroidales;f__Bacteroidaceae;g__Bacteroides;s__Bacteroides_coprophilus	0.0355983605379	-0.0115701182805	-0.033087879385	0.0365706685073	-0.0662195083839	-0.0128229263201	-0.00482951010129	0.00357327591373	0.0403058244747	-0.0121559633881	-0.0450919020129	0.000168358654841	-0.00929768803108	-0.047674720732	-0.0122841767822	0.0158285862553	-0.0880054633936	0.00344812372969	0.0559440001423	-0.00171269855955	0.0152048382291	0.0695836145783	0.0453841228083	-0.0204215849637	0.0246121216179	1.0	0.0406915642803	-0.029224054174	-0.00208178157592	0.0111120403887	-0.0424918508307	0.0283629992899	0.0349494576259	0.00682095288743	-0.0747139007342	-0.0831596299121	-0.00364486188518	-0.0396144755712	-0.00719562690269	-0.00423923682716	-0.0460219488081	-0.023875592833	0.0387976548524	-0.0137743250701	-0.0154507387436	-0.0272898772911	0.00882010661581	-0.00748461122042	-0.0285556880484	-0.0525825290087	-0.0111527438626	-0.0391289757377	-0.0166391471469	-0.0713040026953	0.0209277846344	-0.0153439906133	0.045491158832	-0.011962342178	0.0162734945549
k__Bacteria;p__Firmicutes;c__Clostridia;o__Clostridiales;f__Lachnospiraceae;g__Roseburia;s__Roseburia_intestinalis	0.0243456802858	-0.00510145092592	-0.00260997254207	0.017425773389	0.0198809708019	-0.0177114163002	-0.0330800830622	-0.0290406261895	0.0130500789884	0.0230772313936	-0.0264121039477	-0.0164010479973	0.0669277540723	0.000821664237052	-0.0460625318478	0.013792728837	-0.0415835174965	-0.00512223340766	0.0142188358912	-0.0464169035505	-0.0631757956118	-0.000577555017941	-0.0324274982263	0.0125208338517	0.0361731134075	0.0406915642803	1.0	-0.0128661890593	-0.0047631924646	-0.0136893993398	0.0030243565653	-0.0354230626866	-0.0360311487635	-0.00674997721376	-0.00418201592945	0.014461379311	-0.0280751209813	-0.00291304627724	-0.00709600065331	0.0483873659781	-0.0172925560142	0.0107308065951	0.0148462707842	0.00390626215993	-0.0224576413586	-0.0157699177779	0.0187196959373	0.0230217276221	-0.0616519025962	0.00628210241583	-0.0318822580033	0.0110778919579	0.0136868798846	-0.00574984124263	0.0379247640722	0.00437296237174	-0.0200277098709	-0.0208418606135	-0.0143440790021
k__Bacteria;p__Firmicutes;c__Clostridia;o__Clostridiales;f__Lachnospiraceae;g__Roseburia;s__Roseburia_hominis	0.0472777272114	0.0527213648583	-0.0187560312339	-0.0456167393739	-0.069279954723	-0.0162797468867	-0.00931683006694	0.00505177952003	0.0276921054076	0.00812769071779	0.0251228927336	-0.000571502993829	0.0928331268827	-0.0474220854753	0.00102853972146	-0.0257576315382	-0.0034077820996	0.0231936689458	-0.0164948372959	0.0543560147622	-0.0198901777732	0.0152609093986	-0.0714827863032	0.0261756680459	-0.00693168990791	-0.029224054174	-0.0128661890593	1.0	0.0107157080745	-0.0414105403519	-0.0649451673514	-0.0399647060682	-0.0139907774213	-0.046670541386	0.000314403128163	0.0336685430494	0.00750270114837	-0.0139605643848	0.0201428702414	0.0204428752173	-0.0124510582221	-0.0797987149473	-0.0298731273194	-0.0322338440667	-0.0480209732164	-0.0271692290517	-0.0216863003828	-0.00255552499206	0.000336470730803	-0.00797767537131	0.00675201146697	-0.0843802786757	-0.0164278721136	0.00507106464962	0.0146161151326	0.00300112094927	0.0186489602388	-0.049557711571	0.0147365783783
k__Bacteria;p__Bacteroidetes;c__Bacteroidia;o__Bacteroidales;f__Porphyromonadaceae;g__Parabacteroides;s__Parabacteroides_johnsonii	0.0486048192403	-0.0142280079783	0.0118339704614	-0.0203621243652	0.029052081798	-0.0401738182956	0.0273532669104	-0.0499293403135	-0.00288331397045	0.00870182707369	0.0301767784564	0.0235719996409	-0.0414632308652	-0.0147631310454	-0.0264470250761	-0.0297991335681	0.0123558780368	0.045389114945	-0.0544938564399	0.00572085699743	-0.0259746018912	-0.0281506106039	-0.0741971265483	0.0568458016804	-0.107548274231	-0.00208178157592	-0.0047631924646	0.0107157080745	1.0	0.0670488994898	-0.00708045230582	0.0159867304974	0.0384683596429	-0.0115320472917	0.0139287655479	0.000778574462279	0.0242202702695	-0.0172711704343	0.0202855852699	0.00849692127514	-0.00220337801353	-0.0395508206599	-0.0337733296193	0.0398520549678	-0.0409215398996	-0.00331516634835	-0.063286722997	-0.0283326204418	0.00782835363076	-0.0491810237099	-0.0232362163038	-0.00312227676966	0.0455712863345	0.00655045515821	-0.0376990214698	0.0351779857658	-0.0158900537971	0.022241733295	-0.0218974484494
k__Bacteria;p__Actinobacteria;c__Actinobacteria;o__Bifidobacteriales;f__Bifidobacteriaceae;g__Bifidobacterium;s__Bifidobacterium_longum	-0.00241878468612	-0.0016750006311	-0.0601309612577	-0.0516740433571	0.00844682972065	-0.0543615835883	-0.0266698414148	0.0644572061361	-0.0275772283631	-0.00973196666388	-0.0214328550484	-0.01535753655	0.0062389844619	0.00323760056387	-0.0408736133088	-0.0386139120005	0.011088124045	-0.0341104925636	0.035865182494	-0.00425733485883	-0.0118026281168	-0.000276544277313	0.0387854888894	0.0644002197597	0.00679983119307	0.0111120403887	-0.0136893993398	-0.0414105403519	0.0670488994898	1.0	0.0032081372611	0.0662977836275	-0.0325891508266	-0.000613102549648	-0.026955551494	-0.000402656248077	-0.0284848932289	-0.000151893835334	-0.0721596672986	0.0414511738756	-0.0335977567997	0.00753183039277	-0.0818790074696	0.0129156274878	-0.0350525085262	0.00177699021034	-0.0124247816429	0.00177537356874	-0.0281090201919	-0.0322676422143	0.0135190689938	0.00437837264719	-0.0417919298544	0.000393710446328	0.0171286179779	0.0532427807454	0.0148242334833	-0.0359439560916	-0.0166827398063
