#taxonomy	k__Bacteria;p__Bacteroidetes;c__Bacteroidia;o__Bacteroidales;f__Bacteroidaceae;g__Bacteroides;s__Bacteroides_vulgatus	k__Bacteria;p__Bacteroidetes;c__Bacteroidia;o__Bacteroidales;f__Bacteroidaceae;g__Bacteroides;s__Bacteroides_uniformis	k__Bacteria;p__Bacteroidetes;c__Bacteroidia;o__Bacteroidales;f__Rikenellaceae;g__Alistipes;s__Alistipes_putredinis	k__Bacteria;p__Bacteroidetes;c__Bacteroidia;o__Bacteroidales;f__Prevotellaceae;g__Prevotella;s__Prevotella_copri	k__Bacteria;p__Bacteroidetes;c__Bacteroidia;o__Bacteroidales;f__Bacteroidaceae;g__Bacteroides;s__Bacteroides_stercoris	k__Bacteria;p__Bacteroidetes;c__Bacteroidia;o__Bacteroidales;f__Bacteroidaceae;g__Bacteroides;s__Bacteroides_ovatus	k__Bacteria;p__Bacteroidetes;c__Bacteroidia;o__Bacteroidales;f__Rikenellaceae;g__Alistipes;s__Alistipes_shahii	k__Bacteria;p__Firmicutes;c__Clostridia;o__Clostridiales;f__Ruminococcaceae;g__Faecalibacterium;s__Faecalibacterium_prausnitzii	k__Bacteria;p__Bacteroidetes;c__Bacteroidia;o__Bacteroidales;f__Rikenellaceae;g__Alistipes;s__Alistipes_finegoldii	k__Bacteria;p__Bacteroidetes;c__Bacteroidia;o__Bacteroidales;f__Porphyromonadaceae;g__Parabacteroides;s__Parabacteroides_distasonis	k__Bacteria;p__Bacteroidetes;c__Bacteroidia;o__Bacteroidales;f__Bacteroidaceae;g__Bacteroides;s__Bacteroides_thetaiotaomicron	k__Bacteria;p__Bacteroidetes;c__Bacteroidia;o__Bacteroidales;f__Bacteroidaceae;g__Bacteroides;s__Bacteroides_coprocola	k__Bacteria;p__Bacteroidetes;c__Bacteroidia;o__Bacteroidales;f__Bacteroidaceae;g__Bacteroides;s__Bacteroides_cellulosilyticus	k__Bacteria;p__Bacteroidetes;c__Bacteroidia;o__Bacteroidales;f__Rikenellaceae;g__Alistipes;s__Alistipes_obesi	k__Bacteria;p__Firmicutes;c__Clostridia;o__Clostridiales;f__Lachnospiraceae;g__;s__[Eubacterium]_rectale	k__Bacteria;p__Bacteroidetes;c__Bacteroidia;o__Bacteroidales;f__Bacteroidaceae;g__Bacteroides;s__Bacteroides_plebeius	k__Bacteria;p__Bacteroidetes;c__Bacteroidia;o__Bacteroidales;f__Bacteroidaceae;g__Bacteroides;s__Bacteroides_fragilis	k__Bacteria;p__Proteobacteria;c__Betaproteobacteria;o__Burkholderiales;f__Sutterellaceae;g__Sutterella;s__Sutterella_wadsworthensis	k__Bacteria;p__Bacteroidetes;c__Bacteroidia;o__Bacteroidales;f__Porphyromonadaceae;g__Barnesiella;s__Barnesiella_intestinihominis	k__Bacteria;p__Bacteroidetes;c__Bacteroidia;o__Bacteroidales;f__Odoribacteraceae;g__Odoribacter;s__Odoribacter_splanchnicus	k__Bacteria;p__Bacteroidetes;c__Bacteroidia;o__Bacteroidales;f__Bacteroidaceae;g__Bacteroides;s__Bacteroides_salyersiae	k__Bacteria;p__Firmicutes;c__Clostridia;o__Clostridiales;f__Ruminococcaceae;g__Ruminiclostridium;s__[Eubacterium]_siraeum	k__Bacteria;p__Proteobacteria;c__Betaproteobacteria;o__Burkholderiales;f__Sutterellaceae;g__Parasutterella;s__Parasutterella_excrementihominis	k__Bacteria;p__Actinobacteria;c__Actinobacteria;o__Bifidobacteriales;f__Bifidobacteriaceae;g__Bifidobacterium;s__Bifidobacterium_adolescentis	k__Bacteria;p__Firmicutes;c__Clostridia;o__Clostridiales;f__Oscillospiraceae;g__Oscillibacter;s__Oscillibacter_sp._KLE_1745	k__Bacteria;p__Bacteroidetes;c__Bacteroidia;o__Bacteroidales;f__Bacteroidaceae;g__Bacteroides;s__Bacteroides_coprophilus	k__Bacteria;p__Firmicutes;c__Clostridia;o__Clostridiales;f__Lachnospiraceae;g__Roseburia;s__Roseburia_intestinalis	k__Bacteria;p__Firmicutes;c__Clostridia;o__Clostridiales;f__Lachnospiraceae;g__Roseburia;s__Roseburia_hominis	k__Bacteria;p__Bacteroidetes;c__Bacteroidia;o__Bacteroidales;f__Porphyromonadaceae;g__Parabacteroides;s__Parabacteroides_johnsonii	k__Bacteria;p__Actinobacteria;c__Actinobacteria;o__Bifidobacteriales;f__Bifidobacteriaceae;g__Bifidobacterium;s__Bifidobacterium_longum	k__Bacteria;p__Firmicutes;c__Clostridia;o__Clostridiales;f__;g__Flavonifractor;s__Flavonifractor_plautii	k__Bacteria;p__Firmicutes;c__Clostridia;o__Clostridiales;f__Clostridiaceae;g__Clostridium;s__Clostridium_phoceensis	k__Bacteria;p__Verrucomicrobia;c__Verrucomicrobiae;o__Verrucomicrobiales;f__Akkermansiaceae;g__Akkermansia;s__Akkermansia_muciniphila	k__Bacteria;p__Bacteroidetes;c__Bacteroidia;o__Bacteroidales;f__Prevotellaceae;g__Paraprevotella;s__Paraprevotella_xylaniphila	k__Bacteria;p__Firmicutes;c__Clostridia;o__Clostridiales;f__Ruminococcaceae;g__Ruminococcus;s__Ruminococcus_callidus	k__Bacteria;p__Bacteroidetes;c__Bacteroidia;o__Bacteroidales;f__Rikenellaceae;g__Alistipes;s__Alistipes_senegalensis	k__Bacteria;p__Firmicutes;c__Clostridia;o__Clostridiales;f__Lachnospiraceae;g__Blautia;s__Blautia_sp._KLE_1732	k__Bacteria;p__Bacteroidetes;c__Bacteroidia;o__Bacteroidales;f__Bacteroidaceae;g__Bacteroides;s__Bacteroides_oleiciplenus	k__Bacteria;p__Firmicutes;c__Clostridia;o__Clostridiales;f__Ruminococcaceae;g__Ruminococcus;s__Ruminococcus_bicirculans	k__Bacteria;p__Bacteroidetes;c__Bacteroidia;o__Bacteroidales;f__Bacteroidaceae;g__Bacteroides;s__Bacteroides_fluxus	k__Bacteria;p__Bacteroidetes;c__Bacteroidia;o__Bacteroidales;f__Prevotellaceae;g__Prevotella;s__Prevotella_stercorea	k__Bacteria;p__Firmicutes;c__Clostridia;o__Clostridiales;f__Lachnospiraceae;g__Dorea;s__Dorea_longicatena	k__Bacteria;p__Firmicutes;c__Clostridia;o__Clostridiales;f__Eubacteriaceae;g__Eubacterium;s__[Eubacterium]_eligens	k__Bacteria;p__Firmicutes;c__Clostridia;o__Clostridiales;f__Ruminococcaceae;g__;s__Ruminococcaceae_bacterium_D16	k__Bacteria;p__Firmicutes;c__Clostridia;o__Clostridiales;f__Lachnospiraceae;g__Coprococcus;s__Coprococcus_comes	k__Bacteria;p__Proteobacteria;c__Gammaproteobacteria;o__Enterobacterales;f__Enterobacteriaceae;g__Escherichia;s__Escherichia_coli	k__Bacteria;p__Firmicutes;c__Clostridia;o__Clostridiales;f__Ruminococcaceae;g__Anaerotruncus;s__Anaerotruncus_colihominis	k__Bacteria;p__Firmicutes;c__Clostridia;o__Clostridiales;f__Lachnospiraceae;g__Blautia;s__Blautia_obeum	k__Bacteria;p__Bacteroidetes;c__Bacteroidia;o__Bacteroidales;f__Odoribacteraceae;g__Odoribacter;s__Odoribacter_laneus	k__Bacteria;p__Firmicutes;c__Clostridia;o__Clostridiales;f__Ruminococcaceae;g__Ruminiclostridium;s__[Clostridium]_leptum	k__Bacteria;p__Bacteroidetes;c__Bacteroidia;o__Bacteroidales;f__Porphyromonadaceae;g__Parabacteroides;s__Parabacteroides_goldsteinii	k__Bacteria;p__Firmicutes;c__Clostridia;o__Clostridiales;f__Lachnospiraceae;g__Anaerostipes;s__Anaerostipes_hadrus	k__Bacteria;p__Firmicutes;c__Clostridia;o__Clostridiales;f__Ruminococcaceae;g__Ruminococcus;s__Ruminococcus_lactaris	k__Bacteria;p__Firmicutes;c__Clostridia;o__Clostridiales;f__Clostridiaceae;g__Clostridium;s__Clostridium_sp._L2-50	k__Bacteria;p__Firmicutes;c__Clostridia;o__Clostridiales;f__Clostridiaceae;g__Clostridium;s__Clostridium_sp._M62/1	k__Bacteria;p__Firmicutes;c__Clostridia;o__Clostridiales;f__;g__Intestinimonas;s__Intestinimonas_butyriciproducens	k__Bacteria;p__Actinobacteria;c__Actinobacteria;o__Bifidobacteriales;f__Bifidobacteriaceae;g__Bifidobacterium;s__Bifidobacterium_bifidum	k__Bacteria;p__Firmicutes;c__Negativicutes;o__Veillonellales;f__Veillonellaceae;g__Dialister;s__Dialister_invisus	k__Bacteria;p__Bacteroidetes;c__Bacteroidia;o__Bacteroidales;f__Bacteroidaceae;g__Bacteroides;s__Bacteroides_salanitronis
k__Bacteria;p__Bacteroidetes;c__Bacteroidia;o__Bacteroidales;f__Bacteroidaceae;g__Bacteroides;s__Bacteroides_vulgatus	1.0	0.0247178475109	-0.0006815507322	0.0122346599197	0.0178366016539	-0.0252996478383	-0.0153885331654	-0.0424308319129	-0.0215740985554	0.000710642995444	-0.00573934268098	0.00646964134743	-0.015451796174	-0.0189019957714	-0.0341815798917	0.014176436271	-0.0208160539693	0.0298149924533	-0.0357691677399	-0.0372503163602	-0.0537290383141	0.00566972597682	-0.0134313343397	-0.000352084993564	-0.0222991317525	0.0206465575895	0.00784789119469	-0.0619108381504	-0.0299823228948	0.00562496865223	0.0106864611531	0.00227845725763	-0.043493476669	0.0309341261086	0.0169892825735	-0.00486553944336	0.082160715269	-0.0234858293269	-0.0159984541402	0.00756136116561	-0.0179124788797	-0.00323776427951	-0.0281693847853	-0.00569075658993	-0.0308620537464	0.0121935935406	0.0111329264525	0.01291824381	-0.0347266514255	-0.0140957900503	0.0179387297484	-0.0247897080132	0.0269952476442	-0.0499910982977	-0.0347579597843	0.0015963317855	0.0225585136101	-0.00028612761752	0.0469285275144
k__Bacteria;p__Bacteroidetes;c__Bacteroidia;o__Bacteroidales;f__Bacteroidaceae;g__Bacteroides;s__Bacteroides_uniformis	0.0247178475109	1.0	-0.0507436905847	-0.0160245747265	0.00513969926237	0.00654676353568	0.0378183461693	0.0138645807925	-0.0176654788041	-0.00734132849149	-0.0461006181478	-0.0531275898142	-0.0153869955421	-0.0329144139116	0.0217728692684	-0.0196249871773	0.0110838691317	-0.0225839635484	0.0133247557817	-0.0636848104287	-0.0224307128765	-0.0197265347248	0.0246549388426	0.0119086269378	-0.0561161611578	0.0037714824294	-0.0714795884543	0.0690210942937	-0.0140112964076	-0.00770581233989	-0.00996768514668	0.0274038489095	-0.0650393196437	-0.0217817939612	-0.0366347112237	-0.0548197591373	-0.0077526161035	-0.0194497624215	0.0279193185225	-0.0151256292812	0.013123795965	-0.0266044048805	-0.0139288276814	0.0372485076483	0.00613320863473	0.039698664327	-0.0343972153086	-0.0355382604463	-0.0623546592734	-0.0390506624023	-0.0122217344759	0.0269789959389	-0.0564748283088	-0.000907117409105	0.0360054334785	-0.0146815568805	-0.0541725084608	0.0320468422054	0.0201926203889
k__Bacteria;p__Bacteroidetes;c__Bacteroidia;o__Bacteroidales;f__Rikenellaceae;g__Alistipes;s__Alistipes_putredinis	-0.0006815507322	-0.0507436905847	1.0	-0.00338218903235	-0.0345701607165	0.074300242478	-0.0561329357568	0.0099640450621	0.0122141267348	0.00131451369991	-0.0430860705767	0.0323256643703	0.0115699558121	0.0274577600853	-0.00541841117316	-0.0268552374478	-0.0445869711619	-0.0854292846572	0.0065624503759	-0.0188103205932	-0.0114281905422	-0.00750413448444	-0.0405327257529	0.00738111136221	0.0380356752686	-0.031612418444	-0.0196987293337	0.0161158879219	-0.00158371105032	0.0383744721009	-0.0290255488445	-0.0652617243896	0.0150503235046	0.00100059283997	-0.000170855871366	0.033028496063	-0.0172278472844	-0.0238015293914	-0.0464424847764	-0.00682498395449	0.0265493383439	-0.029960794206	0.0105925237097	-0.0168325920817	-0.0578383434043	0.00258017308114	0.0116332594994	0.0272077947434	-0.00190281299859	-0.0399604604592	-0.0270400223609	0.055675709698	-0.0358352732318	0.00378424679941	-0.0244046481747	0.0269253636191	-0.0167886721995	-0.0391174799848	-0.00748156692362
k__Bacteria;p__Bacteroidetes;c__Bacteroidia;o__Bacteroidales;f__Prevotellaceae;g__Prevotella;s__Prevotella_copri	0.0122346599197	-0.0160245747265	-0.00338218903235	1.0	0.0461296327286	-0.0352688778818	0.0944730378646	-0.0330488309303	0.00864093805318	0.0597544077665	0.0346219288499	-0.0748239048085	-0.012648309032	-0.000387878219688	-0.0656137398983	-0.0322323186029	0.0335830122321	-0.0257546814167	-0.0367649511597	0.0275936839986	-0.036191613029	-0.051269812445	-0.0080041992464	-0.0481315860661	-0.0321278521929	0.0212347853919	-0.0481873607967	0.0265843312446	-0.0171955587589	0.0488867808545	-0.00814526607637	-0.0331236954724	0.00715867394219	0.0635920033785	-0.0595786655063	-0.0464753816607	-0.0952989778279	-0.0104801275515	0.0266951228798	0.0117149456559	0.00738576566456	0.058562842873	-0.0414166670196	-0.0302806247333	-0.0335364800098	0.0296526796696	0.0116921344564	0.0292877547037	0.022348237752	-0.0168613894115	0.00655289720644	-0.0525846081813	0.0301670836013	-0.0690526321457	-0.0355715531674	-0.0427523237745	-0.000347262909651	0.0018657077174	-0.0335036469688
k__Bacteria;p__Bacteroidetes;c__Bacteroidia;o__Bacteroidales;f__Bacteroidaceae;g__Bacteroides;s__Bacteroides_stercoris	0.0178366016539	0.00513969926237	-0.0345701607165	0.0461296327286	1.0	-0.00690366127207	-0.0740284255569	-0.0805404353288	0.0342167346692	-0.00345386419998	-0.00345675722021	-0.03004567056	-0.035042763305	-0.00186459815061	-0.00673031844893	-0.0021209187939	-0.0359344323222	0.00849912085549	0.00447056613474	-0.0126541724351	0.0148630594879	-0.0210847461963	-0.0256251126422	-0.02638070479	-0.000689628609756	-0.0560737780414	0.0459189957294	0.0442989720763	0.0195411652041	0.0252620610477	-0.0363534604111	-0.0138261073363	0.0460196252641	-0.0149932241124	-0.0475664729766	-0.0416253522713	-0.0807766470132	-0.0187285274683	-0.0162954385811	0.00740608928131	-0.0502721570885	-0.0510717243997	0.0535944695447	-0.0117793023141	0.0714032609833	-0.00442440569168	-0.03308717413	-0.0095482323652	0.0133957490851	-0.0267196063192	-0.0152066994387	0.0761956517615	-0.0637381601392	0.0455731096545	-0.0046585362441	-0.0244537989157	0.0388601581505	-0.0350349893627	0.0651935398408
k__Bacteria;p__Bacteroidetes;c__Bacteroidia;o__Bacteroidales;f__Bacteroidaceae;g__Bacteroides;s__Bacteroides_ovatus	-0.0252996478383	0.00654676353568	0.074300242478	-0.0352688778818	-0.00690366127207	1.0	0.0469793629302	-0.00188925163574	0.0270677688958	-0.0263496873968	0.0241324400906	-0.0128097888758	0.0503708722219	0.0458595306975	-0.00714485535597	0.0105766397512	-0.020184936592	-0.0188251858801	-0.0381060031049	0.0399938607684	-0.0356814055923	-0.00620762146807	0.00557164940205	-0.0360069004877	0.0521731216042	-0.0191844714925	0.0178503527633	0.0443216984239	-0.0388141689784	-0.0400118089701	-0.0170030981844	-0.00719944948027	-0.0285313448107	-0.0146874983803	-0.0188554738627	-0.0557765349427	0.028503953457	-0.0458595448492	-0.0519444567085	0.00445258413663	-0.0190912276805	-0.00144840962138	0.0253890149016	-0.0495071828361	-0.0188285049745	-0.0243548497774	-0.0237314704321	-0.0472345314353	0.0517430593065	-0.0474825906948	0.000696433825588	0.0119491536675	0.0698801978379	-0.0531027254778	0.0350326887475	-0.0307824089599	-0.0597219239251	0.00148804581653	0.0204657365663
k__Bacteria;p__Bacteroidetes;c__Bacteroidia;o__Bacteroidales;f__Rikenellaceae;g__Alistipes;s__Alistipes_shahii	-0.0153885331654	0.0378183461693	-0.0561329357568	0.0944730378646	-0.0740284255569	0.0469793629302	1.0	-0.0101467510831	-0.0146256420298	0.0186099053865	-0.00701403110157	0.0377384567736	0.00147201617301	0.0101929141443	-0.0410320537602	0.0238057405633	-0.00680987038548	0.0128164313611	-0.0237323235093	0.0497356759656	0.0241262164043	0.0114324250901	0.00542847777628	-0.00740700013868	0.0386322379158	0.0305585652843	-0.105416671073	0.0160653869783	-0.0206112762296	-0.0435631535372	-0.0293478361189	-0.00190894068521	0.0339616418712	-0.0392722442406	-0.0329321366488	-0.0360582921555	-0.0307114334035	0.0026174166024	-0.0213775835612	-0.0151321636622	0.00695738072577	-0.0389854630955	-0.0402115008326	-0.0155513498803	-0.0316538208009	0.00487572745334	-0.00573613250187	0.00232585677565	0.0261096880245	-0.0332874106127	3.66178927409e-06	0.00744275678545	0.0108766396513	-0.0362901623458	-0.018458032007	-0.0228279949025	-0.00967227026438	-0.0212568527855	0.0207784240695
k__Bacteria;p__Firmicutes;c__Clostridia;o__Clostridiales;f__Ruminococcaceae;g__Faecalibacterium;s__Faecalibacterium_prausnitzii	-0.0424308319129	0.0138645807925	0.0099640450621	-0.0330488309303	-0.0805404353288	-0.00188925163574	-0.0101467510831	1.0	0.0236668792978	0.00724046033504	-0.0150980795573	0.0353998612404	-0.00951563236302	-0.0433849373668	-0.0441149012786	-0.0182250882391	-0.0496556996861	-0.0448873418013	-0.0558211090207	-0.064550288455	0.00340479671093	0.0132487520662	-0.0123630948159	0.0766029475226	0.0257252935299	0.0989788757322	0.0077286089891	-0.0220870649642	-0.0115308946063	-0.0243314544972	0.00964296034609	0.00436341561722	-0.0248349262127	0.00798422472768	0.00327627134209	0.0113469299418	0.00973311331699	0.0383841436503	-0.0318353657987	0.00127078033168	0.0106199583947	0.0278963224505	0.00030342624478	0.0362756613694	0.0426593701979	-0.0332227621556	-0.0288704671816	-0.0622409550051	-0.0886675540295	0.00186268635917	-0.0278693676388	-0.0409593717906	-0.00258847680028	0.0115479963107	-0.0877097533589	-0.0080627392633	-0.0334375800061	0.0278487349785	-0.0153912000271
k__Bacteria;p__Bacteroidetes;c__Bacteroidia;o__Bacteroidales;f__Rikenellaceae;g__Alistipes;s__Alistipes_finegoldii	-0.0215740985554	-0.0176654788041	0.0122141267348	0.00864093805318	0.0342167346692	0.0270677688958	-0.0146256420298	0.0236668792978	1.0	-0.0745365093297	0.00609751620692	-0.0320791708525	0.00953078768781	0.0104532813962	-0.00956238393687	0.00326853427419	-0.0209108546387	5.13590330438e-06	-0.00280018146007	0.00545205391336	0.0357402857696	0.0373975717186	0.0434288295076	-0.0131240884445	0.061306450069	0.029468503561	0.0415886312128	0.0450297815004	-0.02267251974	-0.0323775070697	0.0107615308932	-0.0326221655549	-0.0818292088853	0.0212123836349	0.0240179269859	0.0514526454552	0.00501518853992	0.011106237156	-0.0050026013955	0.0196082398495	-0.00899934923004	-0.0147684912429	-0.0754353095379	-0.00133972013267	-0.0688762699573	-0.0186022115389	-0.0352259056645	0.0244394316317	0.00682470354951	-0.0147438755657	0.0325802558656	-0.00758609658339	-0.0223492469107	-0.0184810269953	-0.010146388578	-0.00540485394099	-0.0327577447276	-0.0183319371412	-0.0243289774563
k__Bacteria;p__Bacteroidetes;c__Bacteroidia;o__Bacteroidales;f__Porphyromonadaceae;g__Parabacteroides;s__Parabacteroides_distasonis	0.000710642995444	-0.00734132849149	0.00131451369991	0.0597544077665	-0.00345386419998	-0.0263496873968	0.0186099053865	0.00724046033504	-0.0745365093297	1.0	0.0358893563832	-0.0357004708739	0.0139489795846	0.00547317540189	-0.0403625968907	-0.0396912701623	0.0456847508134	0.0248242120136	-0.0206976210137	-0.000244109610894	0.00305313024676	0.016966496826	-0.0708028278272	0.00562082151742	-0.0475319467387	0.0428843053684	-0.0191030392003	0.0748947236284	-0.0354491715265	-0.00119533803457	-0.0250877039796	-0.009359357957	-0.0294110266394	-0.0248377915692	0.00110517800552	-0.0452563815696	-0.0401029622601	-0.0358609116276	0.00229841100818	0.0139411258374	-0.00654271105156	-0.0285722539418	-0.0210463549981	0.0201300097689	-0.0249541878828	0.056379186175	-0.00448001885729	-0.0426452674991	0.0127865434351	-0.010742001957	-0.0630460853692	0.0256883020694	0.0713007744152	-0.0259104524355	0.0112988698093	-0.000686740304278	-0.00459627943234	-0.00798812557067	-0.0267449898659
k__Bacteria;p__Bacteroidetes;c__Bacteroidia;o__Bacteroidales;f__Bacteroidaceae;g__Bacteroides;s__Bacteroides_thetaiotaomicron	-0.00573934268098	-0.0461006181478	-0.0430860705767	0.0346219288499	-0.00345675722021	0.0241324400906	-0.00701403110157	-0.0150980795573	0.00609751620692	0.0358893563832	1.0	-0.0164859570971	-0.0410422559377	0.0162142199833	0.0524707464973	-0.0601633394156	-0.0609662510187	-0.0292346445811	-4.40295060823e-07	-0.0204186076528	-0.0201758706767	0.00446462330057	-0.0149964198636	-0.057603466347	-0.00420411494532	0.010113834751	0.0588709929897	0.0180354097921	-0.0585268739338	-0.007138540683	0.0466188234454	0.0484086121778	-0.0221859455788	0.0829250653775	-0.0319100261061	-0.00321625544328	0.00155614529789	-0.00148857729146	-0.0163408249779	0.043556054402	-0.0395233217653	-0.0191162925857	-0.0393015553772	-0.0355258985541	-0.0286943165558	0.00461153667316	-0.0179680427452	-0.039555948366	-0.0541545810634	0.0331242228289	-0.00589198219136	-0.0890268789207	0.0581750202489	-0.010450526969	-0.0186768544412	0.0100560979884	-0.0650233137387	-0.0282765135285	-0.00170635703854
k__Bacteria;p__Bacteroidetes;c__Bacteroidia;o__Bacteroidales;f__Bacteroidaceae;g__Bacteroides;s__Bacteroides_coprocola	0.00646964134743	-0.0531275898142	0.0323256643703	-0.0748239048085	-0.03004567056	-0.0128097888758	0.0377384567736	0.0353998612404	-0.0320791708525	-0.0357004708739	-0.0164859570971	1.0	-0.0181196976584	-0.00824315048505	0.0160078801913	0.0238731031846	-0.0310420319032	0.0104412758258	0.0204275302496	-0.00139909214169	-0.0210862336847	-0.00102148713299	0.0299482669353	-0.0177844286549	0.0152944756011	0.0453127084103	0.0685645072974	-0.00310249847731	-0.0214372633076	-0.0189531203652	-0.0200953063301	0.00140626036817	-0.0196017097376	-0.027009332234	-0.0447940167634	0.042153363863	-0.0206745606753	-0.00221731703785	-0.00347664972038	-0.0272222929327	-0.0405255843473	-0.0550782125467	-0.0164143533845	-0.00240110932913	-0.0351571529322	0.0513082446372	0.0509878326124	-0.016676852493	-0.0375560129073	-0.0111922524268	-0.0305756818703	-0.0367153134309	-0.046902046104	-0.024282351312	-0.00833210350477	-0.0466064626648	0.0190805429318	-0.0221583193968	-0.0451770149281
k__Bacteria;p__Bacteroidetes;c__Bacteroidia;o__Bacteroidales;f__Bacteroidaceae;g__Bacteroides;s__Bacteroides_cellulosilyticus	-0.015451796174	-0.0153869955421	0.0115699558121	-0.012648309032	-0.035042763305	0.0503708722219	0.00147201617301	-0.00951563236302	0.00953078768781	0.0139489795846	-0.0410422559377	-0.0181196976584	1.0	-0.00270192623346	0.00306814172755	0.0222099082676	0.0164146481655	0.00140742735844	-0.0406069565775	3.64482936849e-05	0.0212905953121	-0.0370502397806	-0.0162745287867	-0.00546241908956	-0.0873191040768	-0.0185664499849	-0.00835234651078	0.043613481363	0.0094323848159	-0.0524144342523	0.0499060311725	-0.0102356540968	-0.0399389530427	-0.00715570589559	-0.0418350625076	0.00431595592017	-0.0167360628969	0.0238508095733	-0.0540215471364	-0.00394065451472	-0.0101014222588	-0.00935397434407	0.028498892164	-0.0493051214967	0.0140587192959	-0.055932987277	0.0224832722611	-0.023720100375	-0.0052665161053	-0.000669695299831	0.0350305919408	-0.00196603665502	0.0305906765066	-0.0259848428691	0.0312773030658	0.0115205535276	0.00469414026659	-0.046473789998	0.0120647110698
k__Bacteria;p__Bacteroidetes;c__Bacteroidia;o__Bacteroidales;f__Rikenellaceae;g__Alistipes;s__Alistipes_obesi	-0.0189019957714	-0.0329144139116	0.0274577600853	-0.000387878219688	-0.00186459815061	0.0458595306975	0.0101929141443	-0.0433849373668	0.0104532813962	0.00547317540189	0.0162142199833	-0.00824315048505	-0.00270192623346	1.0	0.0132304955303	0.0552868826457	-0.0255209201976	-0.069352368926	0.0160301044951	-0.00454550295508	0.0506733518707	0.0705577083434	-0.072542202985	-0.0360467017687	-0.0245039838403	-0.0529357826571	-0.0147103544262	-0.012644172816	0.0193138151877	-0.0639300865945	-0.0503893973536	-0.0474428311218	-0.0651338049787	-0.052939154047	0.0178543785541	-0.0287705669632	-0.00759596915174	-0.00635445580938	0.0014992434241	-0.0114924205851	-0.0100693054596	-0.0172093742185	-0.00640255797439	-0.0396891056151	-0.0295266414416	-0.0362616664395	-0.00344687263617	0.0524294851714	-0.0185329603286	-0.0216207630687	0.0610678611225	0.0174312550447	-0.0112729651445	0.00878521798388	0.00443323667092	-0.00201228825143	-0.0693809940261	0.0418237366093	-0.01216857426
k__Bacteria;p__Firmicutes;c__Clostridia;o__Clostridiales;f__Lachnospiraceae;g__;s__[Eubacterium]_rectale	-0.0341815798917	0.0217728692684	-0.00541841117316	-0.0656137398983	-0.00673031844893	-0.00714485535597	-0.0410320537602	-0.0441149012786	-0.00956238393687	-0.0403625968907	0.0524707464973	0.0160078801913	0.00306814172755	0.0132304955303	1.0	-0.0357941081789	0.0106373534634	-0.00361780790034	-0.00384681627928	-0.0310354345923	-0.00920563998881	0.0070569110268	-0.0138533088243	0.0536041159145	-0.047370983574	-0.043640652061	0.0592840254176	-0.00762791461666	-0.0191063747154	0.013941527289	-0.0176262750741	-0.0096478161965	0.00121674403147	0.0411558978597	-0.0257610362984	-0.0364865022789	-0.0379448976681	-0.0028749622604	-0.0296230011487	-0.0227485241076	-0.00372187841729	-0.0286227199935	-0.016085557877	-0.0185372109868	-0.0447758747134	0.00945134110334	0.0135211183952	0.000541549870683	0.0347166389866	0.0104438315357	-0.0506717333669	-0.0212367942753	0.0540457243449	0.00537738197142	-0.0243822885044	0.0196130420727	0.00445467021103	0.0386675294665	0.000947134691587
k__Bacteria;p__Bacteroidetes;c__Bacteroidia;o__Bacteroidales;f__Bacteroidaceae;g__Bacteroides;s__Bacteroides_plebeius	0.014176436271	-0.0196249871773	-0.0268552374478	-0.0322323186029	-0.0021209187939	0.0105766397512	0.0238057405633	-0.0182250882391	0.00326853427419	-0.0396912701623	-0.0601633394156	0.0238731031846	0.0222099082676	0.0552868826457	-0.0357941081789	1.0	0.0121508771723	0.0471484726522	0.0104061481129	-0.0267935603727	-0.0254333844493	0.0352100593876	0.0857920634553	-0.0674792002419	0.0150861826268	-0.0496027630997	-0.0348757047295	-0.00188909529616	0.0466352535499	-0.0254886123951	-0.0244644090965	0.0473214925768	0.00539667620408	0.0455790687095	0.00999935772282	-0.014564856798	-0.0320678736108	0.00873790697694	-0.0625915279149	0.0542619884367	-0.048253175461	-0.0504272547994	-0.000556786898954	-0.0365499314199	0.00714175003255	0.0209060145368	0.0669061475132	-0.0531753504132	-0.0493016842892	0.00589163739	0.0282588962831	0.0381044031285	-0.0102396747427	-0.0146832108767	-0.00813402414698	-0.0210728869025	-0.0784342276102	-0.0261445181029	-0.0394317665822
k__Bacteria;p__Bacteroidetes;c__Bacteroidia;o__Bacteroidales;f__Bacteroidaceae;g__Bacteroides;s__Bacteroides_fragilis	-0.0208160539693	0.0110838691317	-0.0445869711619	0.0335830122321	-0.0359344323222	-0.020184936592	-0.00680987038548	-0.0496556996861	-0.0209108546387	0.0456847508134	-0.0609662510187	-0.0310420319032	0.0164146481655	-0.0255209201976	0.0106373534634	0.0121508771723	1.0	-0.0300036946197	-0.00102299298901	-0.0125286809517	-0.000991624340705	-0.07074392755	0.00313157773871	0.0221941123896	-0.0381100308641	-0.00365813025613	-0.0269319262761	0.0977928176304	0.0532566089724	0.0275434016553	-0.0955593342385	-0.0366819230387	-0.0374378623173	-0.0464676878621	-0.0376177504354	0.0264624615707	0.0170293267288	-0.0196426863043	0.0803528437253	-0.0374735724808	-0.0589793671863	0.0415563260398	-0.0125270218634	-0.0371373578985	0.039768655849	-0.0491473104916	-0.0202576673222	-0.00681580331325	0.0100504889474	0.00148960211974	0.0296040857989	0.0109900919476	-0.0458460100885	-0.00396482616242	0.0340878271091	-0.0406280496523	-0.00240336551491	-0.0236672597875	0.0350776358641
k__Bacteria;p__Proteobacteria;c__Betaproteobacteria;o__Burkholderiales;f__Sutterellaceae;g__Sutterella;s__Sutterella_wadsworthensis	0.0298149924533	-0.0225839635484	-0.0854292846572	-0.0257546814167	0.00849912085549	-0.0188251858801	0.0128164313611	-0.0448873418013	5.13590330438e-06	0.0248242120136	-0.0292346445811	0.0104412758258	0.00140742735844	-0.069352368926	-0.00361780790034	0.0471484726522	-0.0300036946197	1.0	0.0605683210444	0.0266865200846	0.0295307717407	-0.0444696684891	-0.00922560733235	0.00836794455656	-0.0338026757791	0.0498275681356	-0.0189543694056	-0.0362908464745	-0.0552842846017	-0.0479784935511	0.0226354650023	-0.0311793795289	-0.0285979517679	-0.0141784954772	-0.00974676883522	-0.0174247456248	-0.0313333442789	0.00751825044699	0.0508143492794	-0.0216105753424	-0.0629817851461	0.00199383251955	0.0543010121067	-0.0073046408326	0.00719841737322	-0.00932016300651	0.001179788695	0.00286615619943	0.0136960298956	-0.000948832738912	-0.00911635049052	-0.00618115987756	0.0458895847446	-0.128689992889	-0.000919354564969	-0.00416824056471	-0.0263894955299	0.0126564640984	0.042375292854
k__Bacteria;p__Bacteroidetes;c__Bacteroidia;o__Bacteroidales;f__Porphyromonadaceae;g__Barnesiella;s__Barnesiella_intestinihominis	-0.0357691677399	0.0133247557817	0.0065624503759	-0.0367649511597	0.00447056613474	-0.0381060031049	-0.0237323235093	-0.0558211090207	-0.00280018146007	-0.0206976210137	-4.40295060916e-07	0.0204275302496	-0.0406069565775	0.0160301044951	-0.00384681627928	0.0104061481129	-0.00102299298901	0.0605683210444	1.0	0.00300261145567	0.0165088210088	-0.012380326133	-0.020790747217	0.00592422228009	0.0180162880958	-0.0173201857766	-0.0715699979051	-0.00766504200422	0.00915910530924	0.0377702213918	0.0306776838275	0.0293900834623	0.0129207178186	-0.0690775935441	0.0138155804697	-0.0569145151509	0.0104836249895	-0.0501052630333	-0.0712271727674	0.00766475916004	0.0149343294935	0.0542320636843	-0.023695212849	-0.0106223189148	-0.0440903618124	-0.00678737589375	-0.0224783712946	0.0327573804213	0.00352181359522	0.0102045871562	0.00651617794353	-0.0206586921139	-0.00923513242879	-0.0767588392088	0.0196214877066	-0.0253804736114	0.064130292174	0.0197296460925	-0.0222365303374
k__Bacteria;p__Bacteroidetes;c__Bacteroidia;o__Bacteroidales;f__Odoribacteraceae;g__Odoribacter;s__Odoribacter_splanchnicus	-0.0372503163602	-0.0636848104287	-0.0188103205932	0.0275936839986	-0.0126541724351	0.0399938607684	0.0497356759656	-0.064550288455	0.00545205391336	-0.000244109610894	-0.0204186076528	-0.00139909214169	3.64482936849e-05	-0.00454550295508	-0.0310354345923	-0.0267935603727	-0.0125286809517	0.0266865200846	0.00300261145567	1.0	-0.000217177051321	-0.013858052058	-0.0262168242382	-0.000688309524142	0.0140151416192	-0.0220175841484	0.0159378598898	0.00191669025191	-0.00503211637363	-0.0434915606212	-0.0472560166064	-0.0334604545286	-0.0262331651367	0.00492790293576	0.0185549132069	0.0114607043103	0.00971402161337	-0.0412194485528	0.0398276199798	-0.0447869888231	-0.0431966534615	0.0118079476772	-0.044239724913	-0.00105196684979	0.0131198468021	-0.0176360229273	-0.0720371543855	0.014544723916	0.0317906960713	-0.004050382609	0.0500004712572	-0.0205226498223	0.0172254732535	0.029337709813	0.0095523394681	0.00840096122712	-0.00205010561194	0.0246461445324	-0.0180643244728
k__Bacteria;p__Bacteroidetes;c__Bacteroidia;o__Bacteroidales;f__Bacteroidaceae;g__Bacteroides;s__Bacteroides_salyersiae	-0.0537290383141	-0.0224307128765	-0.0114281905422	-0.036191613029	0.0148630594879	-0.0356814055923	0.0241262164043	0.00340479671093	0.0357402857696	0.00305313024676	-0.0201758706767	-0.0210862336847	0.0212905953121	0.0506733518707	-0.00920563998881	-0.0254333844493	-0.000991624340705	0.0295307717407	0.0165088210088	-0.000217177051321	1.0	0.0561008791403	0.0153226114515	-0.017804559421	-0.0603041319372	0.0212138109619	-0.00120347951681	-0.0380390178121	-0.00793620972899	0.00404771699495	-0.0593340878104	0.035543434533	-0.0122061561197	-0.0752503804667	0.0422903602076	-0.0229200877071	0.00653955834635	0.0117719807389	0.00436142522404	-0.000272102541761	-0.00596802879596	-0.00436566984871	0.0398572569596	-0.0674236815365	0.0267219912466	-0.0274629088293	-0.0172710339398	-0.0122778134525	0.00818211195083	-0.0325886419127	0.0414692123945	0.0168120081365	-0.0300223984405	0.00593399492727	-0.100484547033	0.0112938511686	-0.000653448916184	-0.00773490003776	-0.0557945246412
k__Bacteria;p__Firmicutes;c__Clostridia;o__Clostridiales;f__Ruminococcaceae;g__Ruminiclostridium;s__[Eubacterium]_siraeum	0.00566972597682	-0.0197265347248	-0.00750413448444	-0.051269812445	-0.0210847461963	-0.00620762146807	0.0114324250901	0.0132487520662	0.0373975717186	0.016966496826	0.00446462330057	-0.00102148713299	-0.0370502397806	0.0705577083434	0.0070569110268	0.0352100593876	-0.07074392755	-0.0444696684891	-0.012380326133	-0.013858052058	0.0561008791403	1.0	-0.0275440256294	-0.0277903889859	-0.000424167247872	-0.0586370902142	-0.0231094617359	-0.0115137934527	-0.00226105884109	-0.0410281647693	-0.00612547372759	-0.00894764439408	-0.0130054299556	0.00448420358146	-0.0170418098049	0.0359147265481	0.0336396128497	0.0243201059382	-0.00283047555449	-0.0250348851642	-0.0635865480168	-0.0122792645554	0.0295156796689	0.0154774776974	0.0115683571619	0.0434495736483	-0.0681433922051	0.0058019375116	-0.0470100074487	-0.0019533728474	-0.0217825439383	-0.0453879144201	-0.00408516056619	0.0110515840726	0.0393207025822	-0.000591853798246	-0.0221079820445	0.0198443987644	0.0343572740422
k__Bacteria;p__Proteobacteria;c__Betaproteobacteria;o__Burkholderiales;f__Sutterellaceae;g__Parasutterella;s__Parasutterella_excrementihominis	-0.0134313343397	0.0246549388426	-0.0405327257529	-0.0080041992464	-0.0256251126422	0.00557164940205	0.00542847777628	-0.0123630948159	0.0434288295076	-0.0708028278272	-0.0149964198636	0.0299482669353	-0.0162745287867	-0.072542202985	-0.0138533088243	0.0857920634553	0.00313157773871	-0.00922560733235	-0.020790747217	-0.0262168242382	0.0153226114515	-0.0275440256294	1.0	0.00386543718145	-0.021101667763	0.0344927832416	0.0384827981174	0.0316470051418	0.00960239143237	-0.0121826748842	0.0194472849483	-0.0173683881569	-0.044959906634	-0.00391351818866	-0.0386868707713	0.00081284899947	0.00913388165943	0.0160929104868	-0.0202812289904	0.0150624296567	0.055740368594	-0.0302431038937	-0.0277921763591	-0.020202216474	0.0207717590088	-0.0225203518375	-0.0163577307678	-0.0283283888369	0.00369173907202	-0.0153589251415	-0.0235036126705	-0.0274052340777	-0.0227374726804	-0.0395537554378	0.0125457920418	0.0204623411425	0.0205173666277	0.0383930208662	-0.00998621938988
k__Bacteria;p__Actinobacteria;c__Actinobacteria;o__Bifidobacteriales;f__Bifidobacteriaceae;g__Bifidobacterium;s__Bifidobacterium_adolescentis	-0.000352084993564	0.0119086269378	0.00738111136221	-0.0481315860661	-0.02638070479	-0.0360069004877	-0.00740700013868	0.0766029475226	-0.0131240884445	0.00562082151742	-0.057603466347	-0.0177844286549	-0.00546241908956	-0.0360467017687	0.0536041159145	-0.0674792002419	0.0221941123896	0.00836794455656	0.00592422228009	-0.000688309524142	-0.017804559421	-0.0277903889859	0.00386543718145	1.0	-0.0329814704855	-0.00257378684763	-0.00280412427746	-0.0230228548976	-0.0585619698325	0.0611501056981	0.0106683028531	-0.0199312159234	-0.0560886271621	-0.0151015294981	-0.0366596233375	-0.0100370321026	-0.00578980403948	-0.027230953046	-0.0134749987051	-0.0282827125911	-0.0333745559706	0.0644503980981	-0.0185954108934	-0.0130782011365	-0.00766976936236	0.0210691058939	-0.00487801574019	-0.0335887187244	0.000284591592152	-0.0564054230444	-0.00113604877177	-0.00850439307878	-0.0149753805281	-0.00140287855036	-0.0325118178441	-0.0408152362742	-0.000814110903936	0.000346973499167	0.0403971377789
k__Bacteria;p__Firmicutes;c__Clostridia;o__Clostridiales;f__Oscillospiraceae;g__Oscillibacter;s__Oscillibacter_sp._KLE_1745	-0.0222991317525	-0.0561161611578	0.0380356752686	-0.0321278521929	-0.000689628609756	0.0521731216042	0.0386322379158	0.0257252935299	0.061306450069	-0.0475319467387	-0.00420411494532	0.0152944756011	-0.0873191040768	-0.0245039838403	-0.047370983574	0.0150861826268	-0.0381100308641	-0.0338026757791	0.0180162880958	0.0140151416192	-0.0603041319372	-0.000424167247872	-0.021101667763	-0.0329814704855	1.0	0.0214022108768	0.0161645687756	-0.00749923315235	0.0116829138095	-0.00900221978696	-0.0296126340491	-0.0153286307846	0.0323706284023	0.0398877427999	-0.0338477600407	-0.0233113094404	0.0348924490639	-0.00319576218077	-0.0408853289849	0.021238250878	-0.0805764262466	0.0160737108797	0.0167841162053	8.70488747453e-05	-0.00480252833352	-0.0507348399548	0.0341012917972	-0.009664128037	-0.00532789410323	-0.0589620221063	0.0199065607333	-0.0153147394487	-0.0469851267814	-0.0345452739862	-0.0485022667389	0.0161169964229	0.0186771204464	-0.017064363595	0.0289468596123
k__Bacteria;p__Bacteroidetes;c__Bacteroidia;o__Bacteroidales;f__Bacteroidaceae;g__Bacteroides;s__Bacteroides_coprophilus	0.0206465575895	0.0037714824294	-0.031612418444	0.0212347853919	-0.0560737780414	-0.0191844714925	0.0305585652843	0.0989788757322	0.029468503561	0.0428843053684	0.010113834751	0.0453127084103	-0.0185664499849	-0.0529357826571	-0.043640652061	-0.0496027630997	-0.00365813025613	0.0498275681356	-0.0173201857766	-0.0220175841484	0.0212138109619	-0.0586370902142	0.0344927832416	-0.00257378684763	0.0214022108768	1.0	0.00355709032637	-0.0545019443234	0.0071050695093	-0.000990638077522	0.0078670348532	0.00790256144863	-0.00259903889258	0.008359748597	0.00167720239787	-0.00778166103915	0.0104447573392	-0.00673557061119	-0.00744442862342	-0.0630894496147	-0.0154108808889	0.000277146919634	-0.0216349225811	-8.86852376575e-05	-0.00875019333644	0.00278761334282	-0.00466600747737	-0.0332491164953	0.0163287185258	-0.0881237332183	-0.0332435252032	-0.0112195775872	-0.00313705654244	0.033999879611	-0.00951926905749	-0.0627528909928	-0.045362766725	0.0467907086986	-0.0319123965218
k__Bacteria;p__Firmicutes;c__Clostridia;o__Clostridiales;f__Lachnospiraceae;g__Roseburia;s__Roseburia_intestinalis	0.00784789119469	-0.0714795884543	-0.0196987293337	-0.0481873607967	0.0459189957294	0.0178503527633	-0.105416671073	0.0077286089891	0.0415886312128	-0.0191030392003	0.0588709929897	0.0685645072974	-0.00835234651078	-0.0147103544262	0.0592840254176	-0.0348757047295	-0.0269319262761	-0.0189543694056	-0.0715699979051	0.0159378598898	-0.00120347951681	-0.0231094617359	0.0384827981174	-0.00280412427746	0.0161645687756	0.00355709032637	1.0	-0.0435136258443	0.0300327354511	-0.0140919726862	0.0245683322403	-0.0177213692781	0.0104742325274	-0.045402714188	0.0467492523519	-0.0186420342518	0.0549213736316	-0.0561798724347	-0.077768973564	0.0213479870592	-0.0504968172487	-0.00931489787614	-0.00447766368779	0.00661113576172	-0.0242199957789	-0.0313366015428	0.0288571971437	-0.0725684905637	-0.0228952638939	0.00838013498631	-0.000414128030337	0.00861611694659	0.0961669130364	0.00917520915944	-0.0136939833944	0.0199704623098	-0.0472379897508	0.020891667723	-0.0288160298717
k__Bacteria;p__Firmicutes;c__Clostridia;o__Clostridiales;f__Lachnospiraceae;g__Roseburia;s__Roseburia_hominis	-0.0619108381504	0.0690210942937	0.0161158879219	0.0265843312446	0.0442989720763	0.0443216984239	0.0160653869783	-0.0220870649642	0.0450297815004	0.0748947236284	0.0180354097921	-0.00310249847731	0.043613481363	-0.012644172816	-0.00762791461666	-0.00188909529616	0.0977928176304	-0.0362908464745	-0.00766504200422	0.00191669025191	-0.0380390178121	-0.0115137934527	0.0316470051418	-0.0230228548976	-0.00749923315235	-0.0545019443234	-0.0435136258443	1.0	0.00466479453785	-0.0220040094667	-0.0288570595561	0.00792364900161	0.0134717497733	0.00614156285426	0.0139004830408	0.0403022587831	0.000528489113191	-0.0126044028449	0.0153409619312	-0.0770560079934	0.0033339255044	0.0163225257343	-0.0833910986287	-0.0129857527861	0.0657697021935	-0.0387515742835	-0.0554028872854	0.0552209539096	0.0412983610071	-0.0301615075898	0.0130932118008	0.00471687360526	0.00384231118793	0.00857462206852	-0.0139565626404	-0.0260526423741	-0.0420600192225	-0.0514464015593	-0.0434571694171
k__Bacteria;p__Bacteroidetes;c__Bacteroidia;o__Bacteroidales;f__Porphyromonadaceae;g__Parabacteroides;s__Parabacteroides_johnsonii	-0.0299823228948	-0.0140112964076	-0.00158371105032	-0.0171955587589	0.0195411652041	-0.0388141689784	-0.0206112762296	-0.0115308946063	-0.02267251974	-0.0354491715265	-0.0585268739338	-0.0214372633076	0.0094323848159	0.0193138151877	-0.0191063747154	0.0466352535499	0.0532566089724	-0.0552842846017	0.00915910530924	-0.00503211637363	-0.00793620972899	-0.00226105884109	0.00960239143237	-0.0585619698325	0.0116829138095	0.0071050695093	0.0300327354511	0.00466479453785	1.0	-0.0334272566643	-0.000697259352688	0.0191645070088	0.00372273972138	-0.00685196935007	-0.039131837914	0.00452201065168	0.0153670728093	-0.0397229858587	0.0298316434037	0.00337248852436	-0.0252190945395	-0.009765394216	0.0219676901727	0.0389346716283	0.0254600675784	-0.0220231560869	-0.020886389775	-0.0375388096875	-0.0251017105868	-0.00485972374559	0.0555891912141	-0.0365347305273	-0.0467710953994	-0.00659872531518	0.0328440188057	-0.0172791766481	0.0511613955517	-0.00162378432117	-0.0408642745861
