#taxonomy	k__Bacteria;p__Bacteroidetes;c__Bacteroidia;o__Bacteroidales;f__Bacteroidaceae;g__Bacteroides;s__Bacteroides_vulgatus	k__Bacteria;p__Bacteroidetes;c__Bacteroidia;o__Bacteroidales;f__Bacteroidaceae;g__Bacteroides;s__Bacteroides_uniformis	k__Bacteria;p__Bacteroidetes;c__Bacteroidia;o__Bacteroidales;f__Rikenellaceae;g__Alistipes;s__Alistipes_putredinis	k__Bacteria;p__Bacteroidetes;c__Bacteroidia;o__Bacteroidales;f__Prevotellaceae;g__Prevotella;s__Prevotella_copri	k__Bacteria;p__Bacteroidetes;c__Bacteroidia;o__Bacteroidales;f__Bacteroidaceae;g__Bacteroides;s__Bacteroides_stercoris	k__Bacteria;p__Bacteroidetes;c__Bacteroidia;o__Bacteroidales;f__Bacteroidaceae;g__Bacteroides;s__Bacteroides_ovatus	k__Bacteria;p__Bacteroidetes;c__Bacteroidia;o__Bacteroidales;f__Rikenellaceae;g__Alistipes;s__Alistipes_shahii	k__Bacteria;p__Firmicutes;c__Clostridia;o__Clostridiales;f__Ruminococcaceae;g__Faecalibacterium;s__Faecalibacterium_prausnitzii	k__Bacteria;p__Bacteroidetes;c__Bacteroidia;o__Bacteroidales;f__Rikenellaceae;g__Alistipes;s__Alistipes_finegoldii	k__Bacteria;p__Bacteroidetes;c__Bacteroidia;o__Bacteroidales;f__Porphyromonadaceae;g__Parabacteroides;s__Parabacteroides_distasonis	k__Bacteria;p__Bacteroidetes;c__Bacteroidia;o__Bacteroidales;f__Bacteroidaceae;g__Bacteroides;s__Bacteroides_thetaiotaomicron	k__Bacteria;p__Bacteroidetes;c__Bacteroidia;o__Bacteroidales;f__Bacteroidaceae;g__Bacteroides;s__Bacteroides_coprocola	k__Bacteria;p__Bacteroidetes;c__Bacteroidia;o__Bacteroidales;f__Bacteroidaceae;g__Bacteroides;s__Bacteroides_cellulosilyticus	k__Bacteria;p__Bacteroidetes;c__Bacteroidia;o__Bacteroidales;f__Rikenellaceae;g__Alistipes;s__Alistipes_obesi	k__Bacteria;p__Firmicutes;c__Clostridia;o__Clostridiales;f__Lachnospiraceae;g__;s__[Eubacterium]_rectale	k__Bacteria;p__Bacteroidetes;c__Bacteroidia;o__Bacteroidales;f__Bacteroidaceae;g__Bacteroides;s__Bacteroides_plebeius	k__Bacteria;p__Bacteroidetes;c__Bacteroidia;o__Bacteroidales;f__Bacteroidaceae;g__Bacteroides;s__Bacteroides_fragilis	k__Bacteria;p__Proteobacteria;c__Betaproteobacteria;o__Burkholderiales;f__Sutterellaceae;g__Sutterella;s__Sutterella_wadsworthensis	k__Bacteria;p__Bacteroidetes;c__Bacteroidia;o__Bacteroidales;f__Porphyromonadaceae;g__Barnesiella;s__Barnesiella_intestinihominis	k__Bacteria;p__Bacteroidetes;c__Bacteroidia;o__Bacteroidales;f__Odoribacteraceae;g__Odoribacter;s__Odoribacter_splanchnicus	k__Bacteria;p__Bacteroidetes;c__Bacteroidia;o__Bacteroidales;f__Bacteroidaceae;g__Bacteroides;s__Bacteroides_salyersiae	k__Bacteria;p__Firmicutes;c__Clostridia;o__Clostridiales;f__Ruminococcaceae;g__Ruminiclostridium;s__[Eubacterium]_siraeum	k__Bacteria;p__Proteobacteria;c__Betaproteobacteria;o__Burkholderiales;f__Sutterellaceae;g__Parasutterella;s__Parasutterella_excrementihominis	k__Bacteria;p__Actinobacteria;c__Actinobacteria;o__Bifidobacteriales;f__Bifidobacteriaceae;g__Bifidobacterium;s__Bifidobacterium_adolescentis	k__Bacteria;p__Firmicutes;c__Clostridia;o__Clostridiales;f__Oscillospiraceae;g__Oscillibacter;s__Oscillibacter_sp._KLE_1745	k__Bacteria;p__Bacteroidetes;c__Bacteroidia;o__Bacteroidales;f__Bacteroidaceae;g__Bacteroides;s__Bacteroides_coprophilus	k__Bacteria;p__Firmicutes;c__Clostridia;o__Clostridiales;f__Lachnospiraceae;g__Roseburia;s__Roseburia_intestinalis	k__Bacteria;p__Firmicutes;c__Clostridia;o__Clostridiales;f__Lachnospiraceae;g__Roseburia;s__Roseburia_hominis	k__Bacteria;p__Bacteroidetes;c__Bacteroidia;o__Bacteroidales;f__Porphyromonadaceae;g__Parabacteroides;s__Parabacteroides_johnsonii	k__Bacteria;p__Actinobacteria;c__Actinobacteria;o__Bifidobacteriales;f__Bifidobacteriaceae;g__Bifidobacterium;s__Bifidobacterium_longum	k__Bacteria;p__Firmicutes;c__Clostridia;o__Clostridiales;f__;g__Flavonifractor;s__Flavonifractor_plautii	k__Bacteria;p__Firmicutes;c__Clostridia;o__Clostridiales;f__Clostridiaceae;g__Clostridium;s__Clostridium_phoceensis	k__Bacteria;p__Verrucomicrobia;c__Verrucomicrobiae;o__Verrucomicrobiales;f__Akkermansiaceae;g__Akkermansia;s__Akkermansia_muciniphila	k__Bacteria;p__Bacteroidetes;c__Bacteroidia;o__Bacteroidales;f__Prevotellaceae;g__Paraprevotella;s__Paraprevotella_xylaniphila	k__Bacteria;p__Firmicutes;c__Clostridia;o__Clostridiales;f__Ruminococcaceae;g__Ruminococcus;s__Ruminococcus_callidus	k__Bacteria;p__Bacteroidetes;c__Bacteroidia;o__Bacteroidales;f__Rikenellaceae;g__Alistipes;s__Alistipes_senegalensis	k__Bacteria;p__Firmicutes;c__Clostridia;o__Clostridiales;f__Lachnospiraceae;g__Blautia;s__Blautia_sp._KLE_1732	k__Bacteria;p__Bacteroidetes;c__Bacteroidia;o__Bacteroidales;f__Bacteroidaceae;g__Bacteroides;s__Bacteroides_oleiciplenus	k__Bacteria;p__Firmicutes;c__Clostridia;o__Clostridiales;f__Ruminococcaceae;g__Ruminococcus;s__Ruminococcus_bicirculans	k__Bacteria;p__Bacteroidetes;c__Bacteroidia;o__Bacteroidales;f__Bacteroidaceae;g__Bacteroides;s__Bacteroides_fluxus	k__Bacteria;p__Bacteroidetes;c__Bacteroidia;o__Bacteroidales;f__Prevotellaceae;g__Prevotella;s__Prevotella_stercorea	k__Bacteria;p__Firmicutes;c__Clostridia;o__Clostridiales;f__Lachnospiraceae;g__Dorea;s__Dorea_longicatena	k__Bacteria;p__Firmicutes;c__Clostridia;o__Clostridiales;f__Eubacteriaceae;g__Eubacterium;s__[Eubacterium]_eligens	k__Bacteria;p__Firmicutes;c__Clostridia;o__Clostridiales;f__Ruminococcaceae;g__;s__Ruminococcaceae_bacterium_D16	k__Bacteria;p__Firmicutes;c__Clostridia;o__Clostridiales;f__Lachnospiraceae;g__Coprococcus;s__Coprococcus_comes	k__Bacteria;p__Proteobacteria;c__Gammaproteobacteria;o__Enterobacterales;f__Enterobacteriaceae;g__Escherichia;s__Escherichia_coli	k__Bacteria;p__Firmicutes;c__Clostridia;o__Clostridiales;f__Ruminococcaceae;g__Anaerotruncus;s__Anaerotruncus_colihominis	k__Bacteria;p__Firmicutes;c__Clostridia;o__Clostridiales;f__Lachnospiraceae;g__Blautia;s__Blautia_obeum	k__Bacteria;p__Bacteroidetes;c__Bacteroidia;o__Bacteroidales;f__Odoribacteraceae;g__Odoribacter;s__Odoribacter_laneus	k__Bacteria;p__Firmicutes;c__Clostridia;o__Clostridiales;f__Ruminococcaceae;g__Ruminiclostridium;s__[Clostridium]_leptum	k__Bacteria;p__Bacteroidetes;c__Bacteroidia;o__Bacteroidales;f__Porphyromonadaceae;g__Parabacteroides;s__Parabacteroides_goldsteinii	k__Bacteria;p__Firmicutes;c__Clostridia;o__Clostridiales;f__Lachnospiraceae;g__Anaerostipes;s__Anaerostipes_hadrus	k__Bacteria;p__Firmicutes;c__Clostridia;o__Clostridiales;f__Ruminococcaceae;g__Ruminococcus;s__Ruminococcus_lactaris	k__Bacteria;p__Firmicutes;c__Clostridia;o__Clostridiales;f__Clostridiaceae;g__Clostridium;s__Clostridium_sp._L2-50	k__Bacteria;p__Firmicutes;c__Clostridia;o__Clostridiales;f__Clostridiaceae;g__Clostridium;s__Clostridium_sp._M62/1	k__Bacteria;p__Firmicutes;c__Clostridia;o__Clostridiales;f__;g__Intestinimonas;s__Intestinimonas_butyriciproducens	k__Bacteria;p__Actinobacteria;c__Actinobacteria;o__Bifidobacteriales;f__Bifidobacteriaceae;g__Bifidobacterium;s__Bifidobacterium_bifidum	k__Bacteria;p__Firmicutes;c__Negativicutes;o__Veillonellales;f__Veillonellaceae;g__Dialister;s__Dialister_invisus	k__Bacteria;p__Bacteroidetes;c__Bacteroidia;o__Bacteroidales;f__Bacteroidaceae;g__Bacteroides;s__Bacteroides_salanitronis
k__Bacteria;p__Bacteroidetes;c__Bacteroidia;o__Bacteroidales;f__Bacteroidaceae;g__Bacteroides;s__Bacteroides_vulgatus	1.0	0.00562791053826	0.0300434192432	-0.0704446456881	0.0777577598132	0.0293710810777	0.0176302661231	-0.0125473029447	-0.0143579272585	-0.0794963416068	0.00893454944286	-0.0386267926393	0.0151508663245	0.00754706529341	0.0124550712467	-0.0640266340626	0.0251220028145	0.0211257885979	-0.0354800490306	-0.0438946709647	-0.0518446613354	-0.0215053239179	-0.0495119822053	-0.0145507678615	0.0157158675913	-0.025871016117	-0.00470436065993	0.0343634104792	0.00814616339125	-0.0965332657957	-0.0387226667005	-0.0194879124394	-0.0217440062256	-0.0059180660384	-0.0404815633031	-0.0657597801049	-0.0111786850442	-0.00308671002084	-0.0187404295288	-0.00611616742658	-0.0115103199448	0.0400322820565	0.0368885217221	0.00772173418224	0.000204590457272	0.00892083656463	0.0333499684191	0.0114034752497	0.00575518860446	-0.022134978818	-0.018595866385	0.0241127123013	-0.00855436680534	0.00871667021971	0.0192613840272	0.0285405388443	0.00434276946138	-0.0245245242719	0.00313676949303
k__Bacteria;p__Bacteroidetes;c__Bacteroidia;o__Bacteroidales;f__Bacteroidaceae;g__Bacteroides;s__Bacteroides_uniformis	0.00562791053826	1.0	0.01576947865	-0.0122647128483	-0.0081125436987	-0.0395635438224	-0.0272027012952	-0.0180092397117	0.00104943547416	0.0280170897078	-0.00494963465203	-0.0335343321952	0.0405314626585	-0.00649089402088	-0.029086525754	-0.0204596783123	-0.0462923462968	0.029417874035	0.0224873762007	0.00341110768906	0.00759655865693	0.014910034921	0.0219901065888	-0.0141733622979	0.0353550311343	-0.0180095833948	0.0145172378292	-0.0157653413818	-0.0189158805083	-0.00326354262694	0.028684814115	-1.14616954122e-05	-0.072070976634	-0.0283242064484	0.042404403968	-0.00256568990332	0.00028289803095	0.0162342415003	-0.0286832214834	-0.0292844567735	-0.00276703597711	0.0882228090095	-0.0862896979902	-0.0561874768353	0.00338762108472	0.00606446624985	-0.0256619707116	-0.0734157318196	0.0296710415807	0.0384957628888	0.015939182622	-0.00516008484718	-0.00168083368719	-0.0287718288279	0.017255752219	0.0305053838507	-0.0359359959977	0.000869172343085	0.0234446604455
k__Bacteria;p__Bacteroidetes;c__Bacteroidia;o__Bacteroidales;f__Rikenellaceae;g__Alistipes;s__Alistipes_putredinis	0.0300434192432	0.01576947865	1.0	-0.00679525005049	0.0288506049947	-0.0169470343986	0.0273772666142	-0.022292330856	-0.0162409890427	-0.00904227411568	0.0390808260303	0.0163819267558	0.0274501870389	0.00589327987799	7.6081519069e-05	-0.00288181040213	-0.0494880870446	0.0101292842742	-0.049800940116	0.025631120642	-0.046673251977	-0.0445558499403	-0.0907142542721	0.0497267220783	-0.0420870891281	0.0428447426049	0.0257950070787	-0.0319724471944	-0.00161772943003	-0.00402105341707	0.0115086300217	0.0403169012703	0.00828696933435	-0.00339712032131	0.00835267110577	-0.00107288679028	0.035629256126	0.00588389930187	-0.00550737951431	-0.000931122530024	-0.0449802716056	0.0241838875797	-0.127308446281	-0.0339540056355	-0.0062498231299	0.0336082625224	-0.0584059682045	-0.022182931752	-0.00928329328376	-0.000679481728198	-0.000387492184412	-0.000508598622184	-0.0209854056813	0.0247000806021	-0.0694195559249	0.0111089703434	0.0666223247009	0.0149226813162	0.00671202431622
k__Bacteria;p__Bacteroidetes;c__Bacteroidia;o__Bacteroidales;f__Prevotellaceae;g__Prevotella;s__Prevotella_copri	-0.0704446456881	-0.0122647128483	-0.00679525005049	1.0	-0.0221768033106	-0.0449183844084	0.022536497991	0.0322783282069	0.0109890298059	-0.0575259225975	-0.023308380678	-0.0185298880277	-0.0323486996676	-0.0164213790357	0.00802441206487	-0.0241862890955	-0.0234888410018	0.0180566130591	-0.0191750395751	-0.00156262683716	-0.0699843965312	0.00171550969951	0.00229210299694	-0.00850779953869	0.00802640139701	0.00776929556595	-0.0531965461633	0.0177811979998	0.00807273306629	0.0553934935894	-0.0338658692222	0.014914266124	-0.0461770925251	0.000534566997199	-0.0220594741578	0.0330235775551	-0.0154979005813	0.000229920714142	-0.0210970776313	-0.0574496723057	0.0194556926346	-0.00671327608262	-0.0497407978962	0.0377406715759	0.0305787736508	-0.00979973064102	0.0255624244075	0.01780152434	-0.0170373080253	-0.0312646175669	0.0249008781817	0.0215616010993	0.0594777255178	0.00889905479244	0.000443245834203	0.0289956622385	0.0135608047071	0.0188234185218	-0.0190814372864
k__Bacteria;p__Bacteroidetes;c__Bacteroidia;o__Bacteroidales;f__Bacteroidaceae;g__Bacteroides;s__Bacteroides_stercoris	0.0777577598132	-0.0081125436987	0.0288506049947	-0.0221768033106	1.0	0.0172608488388	0.0237979784573	0.0145220048057	-0.0460900930704	-0.032958272215	0.0152934890649	0.00949131346919	0.00645339901299	-0.0596678010921	-0.00133098660347	-0.0336405204647	-0.0174852175917	-0.0277426253036	-0.012966751199	0.000102497326126	0.0348943255259	0.0330542549301	-0.0357425631272	-0.0172489071105	0.0312358318111	0.0152536031389	-0.0191266196177	-0.0342214844122	0.00665154338596	-0.0657017292187	0.0195332356784	0.0597464115266	-0.00587595163427	0.0312988743457	0.0412446922976	-0.00868722308602	0.037024374773	0.041920014696	-0.0203175494401	-0.0696874308772	-0.0146362842568	-0.0422844721253	-0.0156937739592	-0.0298388984497	-0.00226981299323	-0.0313414216461	-0.0233697760288	-0.00453133515195	-0.0294905830994	0.0272408937944	-0.0554963937419	-0.0563470449311	0.0235302622034	0.0366896982921	-0.0179591892065	-0.0687433296652	-0.0258294015502	0.0438882682435	-0.0191475491616
k__Bacteria;p__Bacteroidetes;c__Bacteroidia;o__Bacteroidales;f__Bacteroidaceae;g__Bacteroides;s__Bacteroides_ovatus	0.0293710810777	-0.0395635438224	-0.0169470343986	-0.0449183844084	0.0172608488388	1.0	0.002442699278	0.0286036360263	-0.0201574519473	0.0152321239561	0.0213619917977	-0.0420831784985	-0.00279931366471	-0.0230612927058	-0.0778341200243	0.0657824157487	0.0748406514446	0.00225341653905	-0.00325460122085	-0.0156139815718	0.029080707596	0.0110890217024	0.00577082950572	0.00693899528806	-0.030664597766	-0.0315537397238	-0.0302805471136	-0.00632864764518	-0.0447436584742	-0.0438888342129	0.00153089964333	0.037822621112	0.0128932518122	0.040836085177	-0.0695614536182	-0.0179812706714	-0.0720945040516	-0.0276120183939	-0.065692370362	0.0547815726526	-0.00568640773371	-0.0599685070821	0.000220474672439	-0.00533940827377	-0.0248767770256	0.0268685782089	-0.0249752848363	-0.0616021307322	-0.0269798147653	0.0328704301604	0.0165856170329	-0.056109676239	-0.0435310654434	0.0174464162371	-0.0285241455843	0.0449052453428	0.0611391448478	-0.00355043894383	0.00971354855717
k__Bacteria;p__Bacteroidetes;c__Bacteroidia;o__Bacteroidales;f__Rikenellaceae;g__Alistipes;s__Alistipes_shahii	0.0176302661231	-0.0272027012952	0.0273772666142	0.022536497991	0.0237979784573	0.002442699278	1.0	-0.0142537495938	-0.0493580580047	-0.00561299005526	-0.00227735250533	-0.0288918048778	0.0259717914794	-0.0135409134903	0.000742607567914	-0.0419406042522	-0.0316270456765	-0.0673060290484	0.0237966634533	0.0222855783421	-0.0388522422423	-0.0628144548202	0.0286686249091	0.0268054103029	-0.0164342382896	-0.0482819598501	-0.0144277524425	-0.0689086943711	-0.0220425119745	0.0364414568639	-0.0175193959551	-0.0436701532877	0.029349907168	0.00128747735133	-0.0269623649938	-0.0104620508612	0.0313507394791	-0.022086111401	0.0314253271583	-0.015941200178	-0.0131966208634	-0.00330149918024	-0.0355148931524	-0.0211952785847	0.0127621145906	-0.0382031425294	0.00431491598518	-0.0253648509612	-0.0208461585711	0.0611958358122	-0.00720128885478	0.0414780433214	0.0425654214924	-0.0709125165691	-0.0460402688588	-0.0557479156872	0.00333840478565	-0.0122974095774	0.0163757294952
k__Bacteria;p__Firmicutes;c__Clostridia;o__Clostridiales;f__Ruminococcaceae;g__Faecalibacterium;s__Faecalibacterium_prausnitzii	-0.0125473029447	-0.0180092397117	-0.022292330856	0.0322783282069	0.0145220048057	0.0286036360263	-0.0142537495938	1.0	-0.018876697504	0.0146894841499	-0.0377174001	-0.00241721615868	0.0393754686525	-0.0236359579191	-0.0267637735833	0.0362529886872	-0.0631472424434	-0.0364815147246	-0.0313031190945	-0.0463312166023	0.0179065739498	0.000623532208276	0.00934478443505	-0.0388068439707	0.0151962608493	0.00964943694804	0.00171780668284	-0.0418922481291	-0.0369436319641	0.04305048409	0.0308865271751	-0.018171870518	-0.0284266436165	-0.000762672891311	0.00137632424945	0.070941145601	-0.0214821590761	-0.0285837956997	0.027687540621	-0.0416662000577	0.0308728652095	-0.00163329913459	-0.00454832000637	-0.0260518720291	-0.0107294671198	-0.0275340673527	-0.0181768296991	0.05852462052	-0.0251609748367	0.00402856239361	-0.000836501237262	0.00602046711886	0.00804510915716	-0.0495752276524	0.0566403562619	0.0306725926709	0.010484666228	-0.0641042507257	-0.00569113445276
k__Bacteria;p__Bacteroidetes;c__Bacteroidia;o__Bacteroidales;f__Rikenellaceae;g__Alistipes;s__Alistipes_finegoldii	-0.0143579272585	0.00104943547416	-0.0162409890427	0.0109890298059	-0.0460900930704	-0.0201574519473	-0.0493580580047	-0.018876697504	1.0	0.0989192489777	-0.0581371157659	-0.0609801559832	0.0272810360985	-0.018666974743	-0.00517043604914	-0.0314962055653	0.0144019458018	-0.0635063529323	-0.0280684947765	0.0079398878571	-0.0592838847455	-0.0145461169021	0.054545567727	-0.0429579177825	0.00421004829863	-0.00821344578446	-0.00905537406336	0.00117988783834	-0.00876649325922	0.0417937186843	-0.0218030778799	0.0698524798511	-0.0270000402635	0.036475164247	-0.00883175945993	0.030631824986	0.00358489961576	-0.044134934224	-0.00182213415314	0.0522107923886	-0.0282512410621	4.25887029727e-05	-0.0165108414347	0.0424503245216	0.0153459912685	-0.0402334763265	0.0125388232778	-0.0202452286675	-0.0129257208858	0.012519822709	0.0443176436997	-0.0660537276291	0.0692300830763	-0.01837808016	-0.00449454561621	-0.0128538032681	-0.0201111122602	-0.000996567372538	0.0020012644912
k__Bacteria;p__Bacteroidetes;c__Bacteroidia;o__Bacteroidales;f__Porphyromonadaceae;g__Parabacteroides;s__Parabacteroides_distasonis	-0.0794963416068	0.0280170897078	-0.00904227411568	-0.0575259225975	-0.032958272215	0.0152321239561	-0.00561299005526	0.0146894841499	0.0989192489777	1.0	-0.0270799251285	-0.0346423918932	0.0241256339389	-0.00438475470164	-0.0167870973067	0.0188978883813	0.00718859485242	0.0217244753045	-0.050282762801	-0.0150267998996	-0.00836993972207	-0.0246874756424	0.012054622367	0.0151796681493	-0.0150250790062	-0.0327638157088	-0.0218592779313	-0.0536113356469	0.0322181602479	0.00969539517781	-0.0248256559646	0.013956489038	0.00508780137584	-0.0714155544138	0.0590295623092	0.0578289708181	0.0170259979762	-0.0357691245211	0.0567993985749	0.0130170009705	-0.0544954170866	-0.0147992843134	0.012887623643	-0.0134829084574	-0.0306444488416	-0.0481543681349	0.0133808908863	0.000848862692208	-0.0586920563276	-0.036798255932	-0.0190326515273	0.00244268590346	0.0359729967051	-0.00299557036395	-0.0257667968992	-0.0159750431577	0.0217990469002	-0.0036351440299	-0.0239917533329
k__Bacteria;p__Bacteroidetes;c__Bacteroidia;o__Bacteroidales;f__Bacteroidaceae;g__Bacteroides;s__Bacteroides_thetaiotaomicron	0.00893454944286	-0.00494963465203	0.0390808260303	-0.023308380678	0.0152934890649	0.0213619917977	-0.00227735250533	-0.0377174001	-0.0581371157659	-0.0270799251285	1.0	-0.0762775352363	0.0170183688054	0.0262366580881	-0.00248342997987	0.00675470591451	0.0127071651959	-0.0384271052447	0.0121830960925	-0.0162875339567	0.00302807354071	-0.0074126812589	-0.01070084684	-0.0520280430063	-0.0546838460866	-0.0535576503357	-0.0344598021827	-0.035157597709	-0.0231926694468	0.028068582422	0.00205444881473	-0.0318222680065	-0.019160119593	0.0230918237377	0.0014891108783	-0.0229121961474	0.032530628796	0.0408227066391	-0.0240792290307	0.0200580214445	0.0550323444928	-0.0404019329653	0.00598996078068	-0.00809837036038	0.0297160375256	0.0358165313491	-0.00800035365662	-0.00515131321326	-0.0585795540735	0.0112375934343	-0.0500666103199	-0.0479887065593	-0.0403486957989	0.0110886457322	-0.0108322951554	0.007051046863	-0.0235149023346	0.00531577278438	0.0218327834992
k__Bacteria;p__Bacteroidetes;c__Bacteroidia;o__Bacteroidales;f__Bacteroidaceae;g__Bacteroides;s__Bacteroides_coprocola	-0.0386267926393	-0.0335343321952	0.0163819267558	-0.0185298880277	0.00949131346919	-0.0420831784985	-0.0288918048778	-0.00241721615868	-0.0609801559832	-0.0346423918932	-0.0762775352363	1.0	-0.0031012042623	-0.0256272788039	0.0115743180764	-0.0178289860576	0.0116699289277	-0.031680741542	0.0245706348668	0.0105338973162	0.0471694981331	0.00943823271759	-0.0240097546875	0.0403399318901	-0.0220817752951	-0.0517722611411	0.0511350800829	-0.038263928796	-0.0021203408328	0.00297184347287	-0.00303506717162	-0.017404870291	0.0319731597035	-0.0262012166738	0.0494949043912	0.0104279901626	-0.018760664728	-0.000370746859741	-0.0354291910264	0.0251814899576	-0.0549450521507	-0.00821209282461	-0.0132067355381	-0.0227568609967	-0.0372915083243	-0.0431175785137	-0.0595679212314	-0.0272278391194	-0.0094074267467	0.0497388204173	-0.0270549269746	0.0137240443675	-0.0465853573004	0.0203730040951	-0.0434077739781	-0.0558992909981	-0.00200230055458	0.064668710175	-0.0526083389829
k__Bacteria;p__Bacteroidetes;c__Bacteroidia;o__Bacteroidales;f__Bacteroidaceae;g__Bacteroides;s__Bacteroides_cellulosilyticus	0.0151508663245	0.0405314626585	0.0274501870389	-0.0323486996676	0.00645339901299	-0.00279931366471	0.0259717914794	0.0393754686525	0.0272810360985	0.0241256339389	0.0170183688054	-0.0031012042623	1.0	-0.00599285008488	-0.0618917370084	0.00468717744967	-0.045592055009	-0.0117477138281	0.00735017587025	-0.0521567535427	-0.0369760458944	-0.00177633495058	-0.00839059543181	-0.00428693460367	0.0181184957908	0.0357683859443	-0.0331367348976	-0.0266073079263	0.0376646121446	0.0350370258538	-0.0782883696832	0.00658036841394	0.0132662680361	-0.0227928913704	-0.00646830443327	-0.0266083361385	-0.00735165800236	-0.0183464772444	0.0693477390897	-0.0313917034036	-0.0500138212167	0.0204074119279	-0.00773149503137	-0.00724371333924	-0.0484298054238	-0.0105913857107	0.0428892504718	0.0329119526981	-0.0543054842715	-0.032990993502	0.0376438962575	-0.00805726732953	-0.0213467863377	-0.0119103584105	-0.0139875929951	-0.00555861421305	-0.0350618348766	-0.0266499457311	-0.0276800573886
k__Bacteria;p__Bacteroidetes;c__Bacteroidia;o__Bacteroidales;f__Rikenellaceae;g__Alistipes;s__Alistipes_obesi	0.00754706529341	-0.00649089402088	0.00589327987799	-0.0164213790357	-0.0596678010921	-0.0230612927058	-0.0135409134903	-0.0236359579191	-0.018666974743	-0.00438475470164	0.0262366580881	-0.0256272788039	-0.00599285008488	1.0	-0.00987435877711	-0.0159527723167	0.0408468679108	-0.0805918030059	-0.0396551714838	0.00812551004948	0.0114702149749	-0.0290933120309	-0.0505117975521	-0.00332172870667	0.00549058096758	0.00441985599289	-0.0393119964756	-0.0287550771368	0.0455530314705	0.0173624698634	0.0370417066779	-0.00684888152868	-0.0382355003207	0.0576346060925	-0.0139584984607	-0.00209905680418	0.0203583372101	0.025343219355	-0.0232683143855	-0.0196579882418	-0.0227538465852	-0.0165697046546	0.042400754555	-0.0387801843821	-0.022774107807	-0.0106516455684	0.0232487008085	-0.00685334081971	-0.000246214276909	-0.112847448016	-0.0136611197385	-0.00838876575423	0.00670724722042	0.0199053682574	0.00987090240387	-0.0215035631797	0.0536127075801	0.0259533599818	-0.020573916378
k__Bacteria;p__Firmicutes;c__Clostridia;o__Clostridiales;f__Lachnospiraceae;g__;s__[Eubacterium]_rectale	0.0124550712467	-0.029086525754	7.60815190691e-05	0.00802441206487	-0.00133098660347	-0.0778341200243	0.000742607567914	-0.0267637735833	-0.00517043604914	-0.0167870973067	-0.00248342997987	0.0115743180764	-0.0618917370084	-0.00987435877711	1.0	-0.0341778733474	0.0194521397183	-0.0690184662601	0.0356158745129	-0.0203223899395	0.0156430433415	-0.0405306978491	-0.00869767594915	0.0203321913002	-0.0276403960471	-0.0355881023724	-0.0162890621131	-0.0187334034895	0.0222677578361	-0.00892014229655	0.00401178396569	-0.0156911427495	0.0190021842344	0.0237608081277	0.0283029499604	-0.00133728765946	-0.0157550845274	-0.00879956136268	-0.00513445672148	-0.0452377389093	0.0171669931345	0.00390090999104	0.00396507496296	0.0131444029643	-0.0535726529062	0.00363053742408	-0.0164418551974	0.0486560857722	-0.0532750243915	-0.0128409130678	0.015799008778	-0.0306237565814	0.0146883984668	-0.0177865099645	-0.0260995963527	-0.010894718065	-0.00157839680636	0.0117798613952	-0.010625554796
k__Bacteria;p__Bacteroidetes;c__Bacteroidia;o__Bacteroidales;f__Bacteroidaceae;g__Bacteroides;s__Bacteroides_plebeius	-0.0640266340626	-0.0204596783123	-0.00288181040213	-0.0241862890955	-0.0336405204647	0.0657824157487	-0.0419406042522	0.0362529886872	-0.0314962055653	0.0188978883813	0.00675470591451	-0.0178289860576	0.00468717744967	-0.0159527723167	-0.0341778733474	1.0	0.0145739300536	0.0221553251385	-0.00823726245515	0.0431533801887	-0.0263877111073	-0.0248118045348	-0.0543733142074	-0.0161776800688	-0.0171211002325	0.00848598814151	0.0398736598295	-0.0403274495503	-0.0248698349074	0.0634839888607	-0.03383047973	-0.00420925109735	0.0348870439732	0.000901709268149	-0.0323591411201	-0.037666256379	0.0259713843331	0.0285033842163	-0.00393117015219	-0.045541251625	0.0458237785122	0.01255043348	0.0504161901925	-0.0252236819193	0.0163898804044	-0.0463650643197	-0.0188548751039	-0.0230455719148	0.0142591963032	-0.0290651307466	0.0388447288473	0.0153592727483	-0.00576154343462	0.0217925893385	-0.0113669815601	-0.0173549533875	0.0165554865503	-0.0246304884063	-0.00106745575729
k__Bacteria;p__Bacteroidetes;c__Bacteroidia;o__Bacteroidales;f__Bacteroidaceae;g__Bacteroides;s__Bacteroides_fragilis	0.0251220028145	-0.0462923462968	-0.0494880870446	-0.0234888410018	-0.0174852175917	0.0748406514446	-0.0316270456765	-0.0631472424434	0.0144019458018	0.00718859485242	0.0127071651959	0.0116699289277	-0.045592055009	0.0408468679108	0.0194521397183	0.0145739300536	1.0	-0.0395194338653	-0.0156303336045	0.0507521991671	0.0108254416537	-0.0123288843846	0.00906623571313	0.00868408818894	-0.0093594150909	0.0020067995353	0.0180674277096	0.00640509037613	-0.0213589400945	0.0131437753706	0.00725091202289	-0.00291103612361	0.0240370633446	0.029232908753	-0.0314722658226	-0.0254855928959	0.0432998935068	-0.0321951686812	-0.020343564755	0.0479500953454	-0.0311718792362	0.0103424405776	0.0452566431971	0.0512366499628	-0.00553655136879	-0.0520317195768	-0.00723416203206	-0.00499344332457	0.0451387926555	-0.0624285765634	0.0109025083567	-0.00154810290585	0.0329623198068	-0.0386411909716	0.0465938644643	0.0161327784316	-0.0252748569127	-0.00794981440621	0.0382350756959
k__Bacteria;p__Proteobacteria;c__Betaproteobacteria;o__Burkholderiales;f__Sutterellaceae;g__Sutterella;s__Sutterella_wadsworthensis	0.0211257885979	0.029417874035	0.0101292842742	0.0180566130591	-0.0277426253036	0.00225341653905	-0.0673060290484	-0.0364815147246	-0.0635063529323	0.0217244753045	-0.0384271052447	-0.031680741542	-0.0117477138281	-0.0805918030059	-0.0690184662601	0.0221553251385	-0.0395194338653	1.0	-0.0241128826726	-0.00582322075027	-0.00640889700644	0.0378372337109	-0.0562937993026	-0.0298377188563	-0.0245614649746	-0.016841204463	0.0210586139346	0.0122851912363	0.0214648900615	-0.00859142760432	0.038859268864	0.014371621078	-0.0326392127203	0.00589753051789	-0.00891741264146	-0.000245349663998	0.0407606371329	0.0194566649403	0.0434153984867	-0.0387898577123	-0.00771333308545	-0.0183381091671	0.0140287732539	-0.00417657442775	-0.0396153824371	-0.0368241468947	0.0123807590234	0.00325334339273	-0.0570452637944	-0.0055776705382	0.0085447577145	-0.0301343300364	0.00123135021402	-0.0368804428464	-0.0471765337402	0.00671158574713	0.017683847382	-0.0144341724676	0.0592300110537
k__Bacteria;p__Bacteroidetes;c__Bacteroidia;o__Bacteroidales;f__Porphyromonadaceae;g__Barnesiella;s__Barnesiella_intestinihominis	-0.0354800490306	0.0224873762007	-0.049800940116	-0.0191750395751	-0.012966751199	-0.00325460122085	0.0237966634533	-0.0313031190945	-0.0280684947765	-0.050282762801	0.0121830960925	0.0245706348668	0.00735017587025	-0.0396551714838	0.0356158745129	-0.00823726245515	-0.0156303336045	-0.0241128826726	1.0	0.0828679519516	0.0373028499288	-0.0292922456129	-0.0126585340106	-0.0335207312009	-0.0186354652572	-0.0336876435791	-0.000185005555414	0.0238076209429	-0.0451832923386	0.00220527235634	-0.0276946913487	0.00954728704902	-0.0104786291714	-0.0601124312573	-0.00624885954936	0.029354615698	0.0870470480933	0.0154790663919	-0.032055815491	-0.0322357159404	0.0201403109482	-0.0271205305872	-0.0198043718178	-0.0459331124911	0.0306823049904	-0.0171738815919	0.012655752318	-0.0121227517806	-0.0433762401096	-0.030055558161	0.0181847317884	-0.0585592321492	-0.0127126456684	-0.0237454198345	0.0284523077452	0.000768987054753	0.0240389188635	0.0156459456457	-0.00358070863768
k__Bacteria;p__Bacteroidetes;c__Bacteroidia;o__Bacteroidales;f__Odoribacteraceae;g__Odoribacter;s__Odoribacter_splanchnicus	-0.0438946709647	0.00341110768906	0.025631120642	-0.00156262683716	0.000102497326126	-0.0156139815718	0.0222855783421	-0.0463312166023	0.0079398878571	-0.0150267998996	-0.0162875339567	0.0105338973162	-0.0521567535427	0.00812551004948	-0.0203223899395	0.0431533801887	0.0507521991671	-0.00582322075027	0.0828679519516	1.0	-0.000831731930425	-0.0082843671607	-0.0432910349805	-0.00943508968295	-0.0177144448293	0.0118005342165	0.0274132362545	-0.00127579123417	-0.037817308783	-0.0443157604307	-0.0331791120531	-0.00396565554114	-0.0313275999014	-0.043743391463	0.0112858439483	0.0177299024767	0.0610467644462	0.0261167451144	-0.0413938928087	-0.0186241850856	0.00101022854068	0.0143680608663	-0.0547826975528	0.00419842307978	0.0571639286028	-0.041370712378	-0.0303292295514	0.110425494104	-0.0273532331314	-0.0647477283421	-0.0266098385219	0.0109198161634	-0.0539552926997	-0.0335983873708	0.0570470796288	-0.0305173813525	0.00685644624374	-0.0845611824909	0.0112175436162
k__Bacteria;p__Bacteroidetes;c__Bacteroidia;o__Bacteroidales;f__Bacteroidaceae;g__Bacteroides;s__Bacteroides_salyersiae	-0.0518446613354	0.00759655865693	-0.046673251977	-0.0699843965312	0.0348943255259	0.029080707596	-0.0388522422423	0.0179065739498	-0.0592838847455	-0.00836993972207	0.00302807354071	0.0471694981331	-0.0369760458944	0.0114702149749	0.0156430433415	-0.0263877111073	0.0108254416537	-0.00640889700644	0.0373028499288	-0.000831731930425	1.0	0.0487178308303	-0.0116015401211	-0.0828568598069	-0.0178296692227	-0.0415746235134	-0.0134593243404	0.0263536279532	-0.0266018011493	-0.00313321375166	0.0532321102803	-0.0351057427127	-0.0533172157453	0.0238306006543	-0.0432568211205	-0.0262349835641	-0.031076254252	0.0521078034896	0.0177415519633	-0.0371966457392	-0.0404252428695	-0.0129499739847	0.00706064703674	0.00273301334061	-0.0535284818171	-0.0348568430479	-0.0733174917855	0.00026105533762	0.0180860430048	-0.0504756315933	-0.0447755029862	0.00924379137525	-0.0391373126406	-0.0134212870132	0.0137983940675	0.0114388031594	-0.0120183826705	0.0376650476367	-0.00492131076079
k__Bacteria;p__Firmicutes;c__Clostridia;o__Clostridiales;f__Ruminococcaceae;g__Ruminiclostridium;s__[Eubacterium]_siraeum	-0.0215053239179	0.014910034921	-0.0445558499403	0.00171550969951	0.0330542549301	0.0110890217024	-0.0628144548202	0.000623532208276	-0.0145461169021	-0.0246874756424	-0.0074126812589	0.00943823271759	-0.00177633495058	-0.0290933120309	-0.0405306978491	-0.0248118045348	-0.0123288843846	0.0378372337109	-0.0292922456129	-0.0082843671607	0.0487178308303	1.0	-0.0148417612157	0.0301932077379	-0.0491933224558	0.0333848760738	-0.00519771149236	-0.00359496254711	-0.00814106570735	-0.0224651604741	0.0205904820595	-0.0534905498985	-0.0614726251408	0.00603584652763	-0.0324753762764	-0.00671619673716	0.0167619619586	-0.0317258230424	-0.0069304618467	0.0303436861045	0.0014425735608	-0.0240095576364	-0.0950606304455	0.0170182245391	0.0392720217316	-0.00847000375609	0.00801304879763	-0.0387908554801	0.0381967006989	-0.0346732713162	-0.0595148087195	-0.0421204434967	0.0125653216445	-0.0164200250785	-0.0219033889089	-0.0160237578784	-0.0198784502889	0.0274831914142	-0.0521637996541
k__Bacteria;p__Proteobacteria;c__Betaproteobacteria;o__Burkholderiales;f__Sutterellaceae;g__Parasutterella;s__Parasutterella_excrementihominis	-0.0495119822053	0.0219901065888	-0.0907142542721	0.00229210299694	-0.0357425631272	0.00577082950572	0.0286686249091	0.00934478443505	0.054545567727	0.012054622367	-0.01070084684	-0.0240097546875	-0.00839059543181	-0.0505117975521	-0.00869767594915	-0.0543733142074	0.00906623571313	-0.0562937993026	-0.0126585340106	-0.0432910349805	-0.0116015401211	-0.0148417612157	1.0	-0.00251463976653	0.055399103341	-0.0536437181683	0.0168234003239	-0.00583855821507	-0.0328273631091	-0.0531759721507	-0.00323862491968	-0.0103349548568	0.0141494405839	-0.0522333775047	0.0261607737493	-0.00629906978722	-0.0303071351006	-0.00135323834054	0.00733260411911	0.0376660508422	-0.0298966894532	-0.0218248723886	0.0520772279399	0.00435887488222	-0.052933347916	0.0361229805312	0.0212239137718	0.0259340661993	-0.0560730572653	-0.0330275262401	-0.00508383277203	-0.0617187097068	0.0133820119553	0.00428087575942	0.032212067428	-0.0269972397869	0.0432413399027	-0.0235021281032	0.0323246234312
k__Bacteria;p__Actinobacteria;c__Actinobacteria;o__Bifidobacteriales;f__Bifidobacteriaceae;g__Bifidobacterium;s__Bifidobacterium_adolescentis	-0.0145507678615	-0.0141733622979	0.0497267220783	-0.00850779953869	-0.0172489071105	0.00693899528806	0.0268054103029	-0.0388068439707	-0.0429579177825	0.0151796681493	-0.0520280430063	0.0403399318901	-0.00428693460367	-0.00332172870667	0.0203321913002	-0.0161776800688	0.00868408818894	-0.0298377188563	-0.0335207312009	-0.00943508968295	-0.0828568598069	0.0301932077379	-0.00251463976653	1.0	0.00351552934442	-0.0665271249372	0.0123203994769	-0.0072555748456	-0.031526414488	-0.021387663438	0.0396307154159	-0.0347706378134	-0.0482912968762	-0.0151564989323	0.00530066713442	-0.0479857368803	-0.0290943301702	0.0166214424151	0.00724015772874	-0.0079205404759	-0.00242402597488	-0.00693233933122	-0.0403003889186	-0.0192373354951	0.0449590372041	-0.0261805254114	-0.0454438666646	0.0078588496072	0.0266301236963	0.00595130860518	-0.00851767611199	0.0156517975884	-0.000433156004639	0.0528885323406	0.0214188548956	0.00169124322282	-0.0356124345691	-0.0420917179624	-0.0364732950776
k__Bacteria;p__Firmicutes;c__Clostridia;o__Clostridiales;f__Oscillospiraceae;g__Oscillibacter;s__Oscillibacter_sp._KLE_1745	0.0157158675913	0.0353550311343	-0.0420870891281	0.00802640139701	0.0312358318111	-0.030664597766	-0.0164342382896	0.0151962608493	0.00421004829863	-0.0150250790062	-0.0546838460866	-0.0220817752951	0.0181184957908	0.00549058096758	-0.0276403960471	-0.0171211002325	-0.0093594150909	-0.0245614649746	-0.0186354652572	-0.0177144448293	-0.0178296692227	-0.0491933224558	0.055399103341	0.00351552934442	1.0	0.00129630980299	0.00640380665657	-0.0339574547829	0.00183596177207	0.0454076334626	-0.00317879901756	-0.00856092164516	0.015623936035	-0.0559328842744	0.000848904098161	0.0303709212285	-0.0112961062319	-0.0124227855818	0.00769498487576	-0.0222274358583	-0.0421643696295	0.0370634723262	0.0549307376945	0.0221737821638	-0.0118827215038	0.0378914046448	-0.0832992496919	0.0121119058892	0.0124789469326	0.00524216378743	0.0107868448064	-0.0609380341677	-0.0519661381754	-0.0353939881847	-0.00691062788176	-0.0255007961117	0.0694308415637	0.0539295897716	0.0406093161032
k__Bacteria;p__Bacteroidetes;c__Bacteroidia;o__Bacteroidales;f__Bacteroidaceae;g__Bacteroides;s__Bacteroides_coprophilus	-0.025871016117	-0.0180095833948	0.0428447426049	0.00776929556595	0.0152536031389	-0.0315537397238	-0.0482819598501	0.00964943694804	-0.00821344578446	-0.0327638157088	-0.0535576503357	-0.0517722611411	0.0357683859443	0.00441985599289	-0.0355881023724	0.00848598814151	0.0020067995353	-0.016841204463	-0.0336876435791	0.0118005342165	-0.0415746235134	0.0333848760738	-0.0536437181683	-0.0665271249372	0.00129630980299	1.0	0.0255239119568	0.00546278953997	-0.0179471866454	0.0121469126856	-0.0309309806461	-0.0399066546277	0.0133277688432	0.00760010088603	0.0611291463002	-0.0249770428075	0.00891180699473	0.0138479994784	0.0332342885518	0.0113841354097	0.0320939108073	-0.00745990951026	-0.0347096827131	-0.021996499085	-0.0312889081944	-0.014032592496	-0.0377799864656	0.0137200501339	-0.0134479997776	0.0142219258224	0.00412777432205	0.0360546986198	-0.000246141303751	0.0409358189886	-0.0120092577887	-0.0130320956089	-0.0451756958026	-0.0299953497272	-0.0293217506217
k__Bacteria;p__Firmicutes;c__Clostridia;o__Clostridiales;f__Lachnospiraceae;g__Roseburia;s__Roseburia_intestinalis	-0.00470436065993	0.0145172378292	0.0257950070787	-0.0531965461633	-0.0191266196177	-0.0302805471136	-0.0144277524425	0.00171780668284	-0.00905537406336	-0.0218592779313	-0.0344598021827	0.0511350800829	-0.0331367348976	-0.0393119964756	-0.0162890621131	0.0398736598295	0.0180674277096	0.0210586139346	-0.000185005555414	0.0274132362545	-0.0134593243404	-0.00519771149236	0.0168234003239	0.0123203994769	0.00640380665657	0.0255239119568	1.0	-0.0245119616887	-0.0169264362808	0.0282092641833	-0.0126563523063	0.0247476313259	-0.0353517122608	-0.00594908338078	0.0310667126129	0.00345679951603	0.00723810546654	-0.0433240740731	-0.00997309606099	0.00445442844079	0.0130619679648	0.0395564460476	-0.00642241261054	-0.0367738921468	-0.0312796554297	-0.0347164322731	-0.0356902410641	0.0246045494656	0.0643449154983	0.0108745084736	0.0221242394808	-0.00909474995582	0.000854385180332	-0.000988756787787	-0.0414968156779	0.00585055553662	0.062129491049	0.00739539185074	0.0225036285676
k__Bacteria;p__Firmicutes;c__Clostridia;o__Clostridiales;f__Lachnospiraceae;g__Roseburia;s__Roseburia_hominis	0.0343634104792	-0.0157653413818	-0.0319724471944	0.0177811979998	-0.0342214844122	-0.00632864764518	-0.0689086943711	-0.0418922481291	0.00117988783834	-0.0536113356469	-0.035157597709	-0.038263928796	-0.0266073079263	-0.0287550771368	-0.0187334034895	-0.0403274495503	0.00640509037613	0.0122851912363	0.0238076209429	-0.00127579123417	0.0263536279532	-0.00359496254711	-0.00583855821507	-0.0072555748456	-0.0339574547829	0.00546278953997	-0.0245119616887	1.0	0.0633691381807	-0.0204260328944	-0.0195998928938	-0.0478352191457	-0.0556304218711	-0.0358948476982	-0.0511421832777	0.0391032490084	-0.0581150239921	-0.0285537560083	0.0155516820082	-0.0685552572614	-0.00698891197077	-0.0261873178547	-0.0272952428205	0.0421121131183	0.00272459349675	-0.00203427658613	0.0423816182586	-0.0180651020675	0.0215998683855	0.00223711016331	-0.00167921522948	0.0498970785956	0.0395593274017	0.0399102694055	-0.0373120886459	0.0124559755772	-0.0395434516289	-0.0175549090269	0.0340525384587
k__Bacteria;p__Bacteroidetes;c__Bacteroidia;o__Bacteroidales;f__Porphyromonadaceae;g__Parabacteroides;s__Parabacteroides_johnsonii	0.00814616339125	-0.0189158805083	-0.00161772943003	0.00807273306629	0.00665154338596	-0.0447436584742	-0.0220425119745	-0.0369436319641	-0.00876649325922	0.0322181602479	-0.0231926694468	-0.0021203408328	0.0376646121446	0.0455530314705	0.0222677578361	-0.0248698349074	-0.0213589400945	0.0214648900615	-0.0451832923386	-0.037817308783	-0.0266018011493	-0.00814106570735	-0.0328273631091	-0.031526414488	0.00183596177207	-0.0179471866454	-0.0169264362808	0.0633691381807	1.0	-0.0364538979076	-0.0116957449596	-0.0592800453963	0.0203199835621	-0.0173327368419	-0.0329822490279	0.0186463942273	0.00390052681482	-0.0444230473982	0.0099315896101	-0.0208688476347	-0.0136408531778	-0.00740695073104	-0.0536483496154	0.0242003923018	0.0433868471265	-0.0119632823024	0.00601952927324	0.0086369315045	0.0286144435837	0.0298351131574	-0.0250575356742	-0.0130197077159	0.0205143533593	-0.039920119068	-0.0064706273114	-0.0433627482995	0.0307513385321	0.0119936401205	-0.0749967342201
k__Bacteria;p__Actinobacteria;c__Actinobacteria;o__Bifidobacteriales;f__Bifidobacteriaceae;g__Bifidobacterium;s__Bifidobacterium_longum	-0.0965332657957	-0.00326354262694	-0.00402105341707	0.0553934935894	-0.0657017292187	-0.0438888342129	0.0364414568639	0.04305048409	0.0417937186843	0.00969539517781	0.028068582422	0.00297184347287	0.0350370258538	0.0173624698634	-0.00892014229655	0.0634839888607	0.0131437753706	-0.00859142760432	0.00220527235634	-0.0443157604307	-0.00313321375166	-0.0224651604741	-0.0531759721507	-0.021387663438	0.0454076334626	0.0121469126856	0.0282092641833	-0.0204260328944	-0.0364538979076	1.0	0.013901828799	-0.0808279774489	-0.00264298369411	0.038758844191	-0.0137323833726	0.0783950230259	0.0143098281643	0.00177553510194	-0.00843959267232	-0.0261879467807	-0.0452911797501	-0.0130570577189	-0.0090690305322	-0.0201500775652	-0.00636452785981	-0.0290170136953	-0.0569816882942	-0.0499047736767	0.0132958381331	-0.0637577938477	0.0204795934941	-0.0611789470646	-0.0545770638364	0.0483539604535	-0.106776543457	-0.013968889549	-0.0155108880713	0.0165919526755	-0.0107248203825
