#taxonomy	k__Bacteria;p__Bacteroidetes;c__Bacteroidia;o__Bacteroidales;f__Bacteroidaceae;g__Bacteroides;s__Bacteroides_vulgatus	k__Bacteria;p__Bacteroidetes;c__Bacteroidia;o__Bacteroidales;f__Bacteroidaceae;g__Bacteroides;s__Bacteroides_uniformis	k__Bacteria;p__Bacteroidetes;c__Bacteroidia;o__Bacteroidales;f__Rikenellaceae;g__Alistipes;s__Alistipes_putredinis	k__Bacteria;p__Bacteroidetes;c__Bacteroidia;o__Bacteroidales;f__Prevotellaceae;g__Prevotella;s__Prevotella_copri	k__Bacteria;p__Bacteroidetes;c__Bacteroidia;o__Bacteroidales;f__Bacteroidaceae;g__Bacteroides;s__Bacteroides_stercoris	k__Bacteria;p__Bacteroidetes;c__Bacteroidia;o__Bacteroidales;f__Bacteroidaceae;g__Bacteroides;s__Bacteroides_ovatus	k__Bacteria;p__Bacteroidetes;c__Bacteroidia;o__Bacteroidales;f__Rikenellaceae;g__Alistipes;s__Alistipes_shahii	k__Bacteria;p__Firmicutes;c__Clostridia;o__Clostridiales;f__Ruminococcaceae;g__Faecalibacterium;s__Faecalibacterium_prausnitzii	k__Bacteria;p__Bacteroidetes;c__Bacteroidia;o__Bacteroidales;f__Rikenellaceae;g__Alistipes;s__Alistipes_finegoldii	k__Bacteria;p__Bacteroidetes;c__Bacteroidia;o__Bacteroidales;f__Porphyromonadaceae;g__Parabacteroides;s__Parabacteroides_distasonis	k__Bacteria;p__Bacteroidetes;c__Bacteroidia;o__Bacteroidales;f__Bacteroidaceae;g__Bacteroides;s__Bacteroides_thetaiotaomicron	k__Bacteria;p__Bacteroidetes;c__Bacteroidia;o__Bacteroidales;f__Bacteroidaceae;g__Bacteroides;s__Bacteroides_coprocola	k__Bacteria;p__Bacteroidetes;c__Bacteroidia;o__Bacteroidales;f__Bacteroidaceae;g__Bacteroides;s__Bacteroides_cellulosilyticus	k__Bacteria;p__Bacteroidetes;c__Bacteroidia;o__Bacteroidales;f__Rikenellaceae;g__Alistipes;s__Alistipes_obesi	k__Bacteria;p__Firmicutes;c__Clostridia;o__Clostridiales;f__Lachnospiraceae;g__;s__[Eubacterium]_rectale	k__Bacteria;p__Bacteroidetes;c__Bacteroidia;o__Bacteroidales;f__Bacteroidaceae;g__Bacteroides;s__Bacteroides_plebeius	k__Bacteria;p__Bacteroidetes;c__Bacteroidia;o__Bacteroidales;f__Bacteroidaceae;g__Bacteroides;s__Bacteroides_fragilis	k__Bacteria;p__Proteobacteria;c__Betaproteobacteria;o__Burkholderiales;f__Sutterellaceae;g__Sutterella;s__Sutterella_wadsworthensis	k__Bacteria;p__Bacteroidetes;c__Bacteroidia;o__Bacteroidales;f__Porphyromonadaceae;g__Barnesiella;s__Barnesiella_intestinihominis	k__Bacteria;p__Bacteroidetes;c__Bacteroidia;o__Bacteroidales;f__Odoribacteraceae;g__Odoribacter;s__Odoribacter_splanchnicus	k__Bacteria;p__Bacteroidetes;c__Bacteroidia;o__Bacteroidales;f__Bacteroidaceae;g__Bacteroides;s__Bacteroides_salyersiae	k__Bacteria;p__Firmicutes;c__Clostridia;o__Clostridiales;f__Ruminococcaceae;g__Ruminiclostridium;s__[Eubacterium]_siraeum	k__Bacteria;p__Proteobacteria;c__Betaproteobacteria;o__Burkholderiales;f__Sutterellaceae;g__Parasutterella;s__Parasutterella_excrementihominis	k__Bacteria;p__Actinobacteria;c__Actinobacteria;o__Bifidobacteriales;f__Bifidobacteriaceae;g__Bifidobacterium;s__Bifidobacterium_adolescentis	k__Bacteria;p__Firmicutes;c__Clostridia;o__Clostridiales;f__Oscillospiraceae;g__Oscillibacter;s__Oscillibacter_sp._KLE_1745	k__Bacteria;p__Bacteroidetes;c__Bacteroidia;o__Bacteroidales;f__Bacteroidaceae;g__Bacteroides;s__Bacteroides_coprophilus	k__Bacteria;p__Firmicutes;c__Clostridia;o__Clostridiales;f__Lachnospiraceae;g__Roseburia;s__Roseburia_intestinalis	k__Bacteria;p__Firmicutes;c__Clostridia;o__Clostridiales;f__Lachnospiraceae;g__Roseburia;s__Roseburia_hominis	k__Bacteria;p__Bacteroidetes;c__Bacteroidia;o__Bacteroidales;f__Porphyromonadaceae;g__Parabacteroides;s__Parabacteroides_johnsonii	k__Bacteria;p__Actinobacteria;c__Actinobacteria;o__Bifidobacteriales;f__Bifidobacteriaceae;g__Bifidobacterium;s__Bifidobacterium_longum	k__Bacteria;p__Firmicutes;c__Clostridia;o__Clostridiales;f__;g__Flavonifractor;s__Flavonifractor_plautii	k__Bacteria;p__Firmicutes;c__Clostridia;o__Clostridiales;f__Clostridiaceae;g__Clostridium;s__Clostridium_phoceensis	k__Bacteria;p__Verrucomicrobia;c__Verrucomicrobiae;o__Verrucomicrobiales;f__Akkermansiaceae;g__Akkermansia;s__Akkermansia_muciniphila	k__Bacteria;p__Bacteroidetes;c__Bacteroidia;o__Bacteroidales;f__Prevotellaceae;g__Paraprevotella;s__Paraprevotella_xylaniphila	k__Bacteria;p__Firmicutes;c__Clostridia;o__Clostridiales;f__Ruminococcaceae;g__Ruminococcus;s__Ruminococcus_callidus	k__Bacteria;p__Bacteroidetes;c__Bacteroidia;o__Bacteroidales;f__Rikenellaceae;g__Alistipes;s__Alistipes_senegalensis	k__Bacteria;p__Firmicutes;c__Clostridia;o__Clostridiales;f__Lachnospiraceae;g__Blautia;s__Blautia_sp._KLE_1732	k__Bacteria;p__Bacteroidetes;c__Bacteroidia;o__Bacteroidales;f__Bacteroidaceae;g__Bacteroides;s__Bacteroides_oleiciplenus	k__Bacteria;p__Firmicutes;c__Clostridia;o__Clostridiales;f__Ruminococcaceae;g__Ruminococcus;s__Ruminococcus_bicirculans	k__Bacteria;p__Bacteroidetes;c__Bacteroidia;o__Bacteroidales;f__Bacteroidaceae;g__Bacteroides;s__Bacteroides_fluxus	k__Bacteria;p__Bacteroidetes;c__Bacteroidia;o__Bacteroidales;f__Prevotellaceae;g__Prevotella;s__Prevotella_stercorea	k__Bacteria;p__Firmicutes;c__Clostridia;o__Clostridiales;f__Lachnospiraceae;g__Dorea;s__Dorea_longicatena	k__Bacteria;p__Firmicutes;c__Clostridia;o__Clostridiales;f__Eubacteriaceae;g__Eubacterium;s__[Eubacterium]_eligens	k__Bacteria;p__Firmicutes;c__Clostridia;o__Clostridiales;f__Ruminococcaceae;g__;s__Ruminococcaceae_bacterium_D16	k__Bacteria;p__Firmicutes;c__Clostridia;o__Clostridiales;f__Lachnospiraceae;g__Coprococcus;s__Coprococcus_comes	k__Bacteria;p__Proteobacteria;c__Gammaproteobacteria;o__Enterobacterales;f__Enterobacteriaceae;g__Escherichia;s__Escherichia_coli	k__Bacteria;p__Firmicutes;c__Clostridia;o__Clostridiales;f__Ruminococcaceae;g__Anaerotruncus;s__Anaerotruncus_colihominis	k__Bacteria;p__Firmicutes;c__Clostridia;o__Clostridiales;f__Lachnospiraceae;g__Blautia;s__Blautia_obeum	k__Bacteria;p__Bacteroidetes;c__Bacteroidia;o__Bacteroidales;f__Odoribacteraceae;g__Odoribacter;s__Odoribacter_laneus	k__Bacteria;p__Firmicutes;c__Clostridia;o__Clostridiales;f__Ruminococcaceae;g__Ruminiclostridium;s__[Clostridium]_leptum	k__Bacteria;p__Bacteroidetes;c__Bacteroidia;o__Bacteroidales;f__Porphyromonadaceae;g__Parabacteroides;s__Parabacteroides_goldsteinii	k__Bacteria;p__Firmicutes;c__Clostridia;o__Clostridiales;f__Lachnospiraceae;g__Anaerostipes;s__Anaerostipes_hadrus	k__Bacteria;p__Firmicutes;c__Clostridia;o__Clostridiales;f__Ruminococcaceae;g__Ruminococcus;s__Ruminococcus_lactaris	k__Bacteria;p__Firmicutes;c__Clostridia;o__Clostridiales;f__Clostridiaceae;g__Clostridium;s__Clostridium_sp._L2-50	k__Bacteria;p__Firmicutes;c__Clostridia;o__Clostridiales;f__Clostridiaceae;g__Clostridium;s__Clostridium_sp._M62/1	k__Bacteria;p__Firmicutes;c__Clostridia;o__Clostridiales;f__;g__Intestinimonas;s__Intestinimonas_butyriciproducens	k__Bacteria;p__Actinobacteria;c__Actinobacteria;o__Bifidobacteriales;f__Bifidobacteriaceae;g__Bifidobacterium;s__Bifidobacterium_bifidum	k__Bacteria;p__Firmicutes;c__Negativicutes;o__Veillonellales;f__Veillonellaceae;g__Dialister;s__Dialister_invisus	k__Bacteria;p__Bacteroidetes;c__Bacteroidia;o__Bacteroidales;f__Bacteroidaceae;g__Bacteroides;s__Bacteroides_salanitronis
k__Bacteria;p__Bacteroidetes;c__Bacteroidia;o__Bacteroidales;f__Bacteroidaceae;g__Bacteroides;s__Bacteroides_vulgatus	1.0	-0.0123525640405	0.0465356792955	-0.0566255604034	0.00865052053552	0.0340506015517	0.0271392182983	-0.0159249649522	-0.00791165910838	-0.00643928867205	0.0205012085692	-0.0212944380489	0.0416928134451	-0.021956202192	4.77435116917e-05	-0.0286793272788	0.0622867377852	0.0180153079457	0.0204847708725	0.0118723661164	-0.047697913185	-0.0837938694591	0.0251331689535	0.0100148581398	0.0186913697753	-0.0341987219227	-0.013739707666	-0.0480270452425	0.0312966584552	0.0264402533098	-0.0552218331455	-0.0418047557204	-0.0154775125963	-0.0878286759581	-0.00528390870835	-0.0270573179363	0.0461273154687	-0.00705636706493	0.0524072663857	-0.0150685553031	-0.0772514154709	0.00851691311143	0.00753113557736	-0.0481116367552	0.00498767166193	-0.0318596747287	0.0521419832685	-0.00476120827531	-0.0794789114452	0.0137695199136	-0.0132253909216	0.0388482442389	-0.0352912839356	0.0168873833393	-0.0538865751421	0.00466287655796	-0.015104915584	-0.0438511472281	0.00646075167952
k__Bacteria;p__Bacteroidetes;c__Bacteroidia;o__Bacteroidales;f__Bacteroidaceae;g__Bacteroides;s__Bacteroides_uniformis	-0.0123525640405	1.0	-0.05199661356	-0.00845831306426	-0.0120141039341	0.0333097049563	-0.0183689331816	0.0262546961266	-0.0339230874042	0.0299353333405	-0.026876989801	-0.0441291921839	0.0391416031293	-0.0409117868197	0.0230062742048	0.00366309345818	-0.0243770409696	0.0102741493898	0.0451131631051	0.00532464133854	-0.00530863399538	-0.00640515736641	-0.039821675561	-0.0324560291913	0.0464724545999	-0.0133031250779	-0.0114251029672	-0.0471680410681	-0.0254534763175	-0.0328380533342	-0.0333839302038	0.044667668947	-0.00304366310155	-0.0295137198637	0.0180624095127	0.0199456609939	0.112563546882	0.0342689219928	-0.0373949567552	0.0261501995055	0.0224721801158	-0.0539200944747	-0.0534520952514	-0.00607125406277	0.0158070662844	-0.01231598457	0.0134898254115	0.0849435325536	-0.023626783038	-0.0214275937103	-0.000872220383819	-0.0314429664507	0.0538962172855	-0.0301620532877	-0.0294159932046	-0.0424207061491	-0.0868750680467	-0.0454205529818	0.0135144779579
k__Bacteria;p__Bacteroidetes;c__Bacteroidia;o__Bacteroidales;f__Rikenellaceae;g__Alistipes;s__Alistipes_putredinis	0.0465356792955	-0.05199661356	1.0	-0.0171988985161	-0.000215904992689	-0.00243188423838	-0.00934059606616	0.017749222903	0.0442364704554	-0.00519239640391	-0.0390608835742	0.000114964031559	-0.00235297847956	-0.0772381307586	-0.0142457250048	0.0097911489395	-0.0261095693015	-0.0171309537464	0.00968692872456	0.000973621031427	0.0065300960378	-0.0130241083705	-0.0378885200867	0.016698212361	0.0380329412575	-0.0688364156135	-0.04492973846	-0.00700711169208	0.0299417146338	-0.0569124465172	-0.0207412514657	-0.00959389250696	-0.0295569268058	-0.0532924604095	-0.0199486571395	-0.00247451368162	-0.00525363863794	0.003370820195	-0.0265810658793	-0.0117509852515	-0.0534007491295	0.0539316395366	-0.0517471071356	-0.0166410770564	0.0269298647354	-0.0224116569901	-0.0375591363332	-0.0113300869669	-0.00501493541497	-0.00287022022572	-0.0141971529799	0.0593433859019	0.0109580247696	-0.0135673885524	0.0195152774454	-0.0229698430602	0.0556225080595	0.035467055473	0.0036363096251
k__Bacteria;p__Bacteroidetes;c__Bacteroidia;o__Bacteroidales;f__Prevotellaceae;g__Prevotella;s__Prevotella_copri	-0.0566255604034	-0.00845831306426	-0.0171988985161	1.0	0.0471749629645	-0.073772829201	-0.0358459904441	0.00306730540419	-0.0188786836341	-0.033594165595	-0.053050932165	-0.023314389623	0.0258042657027	-0.0209259480121	0.0015231795138	-0.0340373912413	-0.0503920252071	-0.0886215515389	0.00718754694725	0.00919301914229	-0.0193973685448	-0.0109892572975	-0.0629060510909	0.0565122779101	0.0319831342378	-0.0592068393608	0.0157772338497	0.0302459623461	-0.00722442668328	0.0133244705981	0.0337470935777	-0.0324628200333	0.00581024112334	0.012523210337	-0.0224033654702	-0.0533327194843	0.0253634350115	0.0220831673128	0.00736658490177	-0.0319583410546	-0.015675349397	0.0172816010948	-0.0608131993828	-0.00422593719312	0.028094526594	-0.0374376220415	-0.0158845011701	0.00150150908308	0.0136091798326	-0.0457421447463	-0.0207101152586	0.0149569999662	-0.068887845276	0.0314866510956	-0.0335667553931	-0.0139645591599	-0.00221404777642	0.0545366051647	-0.0421994706117
k__Bacteria;p__Bacteroidetes;c__Bacteroidia;o__Bacteroidales;f__Bacteroidaceae;g__Bacteroides;s__Bacteroides_stercoris	0.00865052053552	-0.0120141039341	-0.000215904992689	0.0471749629645	1.0	0.0442490270542	-0.0454603189007	0.00440384724839	-0.040954864784	-0.0177939269696	-0.00149311184778	0.0342582851204	0.00140884452676	0.0334541122919	-0.0264478164989	-0.00113393872079	-0.0126457772166	-0.0302810935098	-0.0207024195513	-0.0258928080562	-0.0144480996825	0.0277336683749	-0.0224775434829	-0.00379709781839	-0.0277575609287	-0.00513504438373	-0.0276280265984	-0.0454315940585	0.0082023216451	0.0290809954468	-0.0492154241289	-0.0192658300687	-0.0351879626462	0.006854497318	0.0241059000515	-0.0282057648022	-0.00497123367428	-0.0273329604819	-0.0182372612293	0.00450399088144	0.0446802152902	-0.063178243955	0.013466246583	-0.000113228120786	-0.0284285837309	-0.0281917253605	0.00984918124959	-0.000293364806187	-0.0869003000091	-0.0199129104601	0.0465359226029	0.00130273797313	0.0400023530398	-0.00920774704576	-0.00471835755357	-0.00938442493218	0.0379223679539	0.0193682012948	-0.0455540911473
k__Bacteria;p__Bacteroidetes;c__Bacteroidia;o__Bacteroidales;f__Bacteroidaceae;g__Bacteroides;s__Bacteroides_ovatus	0.0340506015517	0.0333097049563	-0.00243188423838	-0.073772829201	0.0442490270542	1.0	0.005680783362	-0.0552466707275	0.00809769293725	-0.0967169436219	-0.00821088613545	-0.0376754108157	0.0104266810132	-0.0166276845008	0.0120483354536	-0.0542726773632	0.0286028386221	0.0158942044035	0.030867326211	0.0541741735182	-0.0304865066226	-0.0623150491952	-0.0368645705387	-0.0569364010375	0.0623988403543	0.0245650706631	-0.00602667575352	-0.0370591877089	0.0592392469476	0.0218818855252	-0.0323748183629	-0.00381065058536	0.0347163836167	-0.0552772775217	-0.0154589890227	-0.0690696997518	0.000805046008526	0.059407501134	-0.0104973056403	0.0248353592493	-0.00723868100788	0.0156025226619	0.0596584312811	-0.0149523368086	-0.037623588717	-0.00126358906639	-0.0394501019836	-0.0222925988518	-0.0349749522044	0.0199826167372	0.0230670823945	-0.019073258257	-0.0380309761442	-0.00877863867139	0.0211251490156	-0.0400873541546	-0.0158428903873	-0.0144561571975	-0.0382760822427
k__Bacteria;p__Bacteroidetes;c__Bacteroidia;o__Bacteroidales;f__Rikenellaceae;g__Alistipes;s__Alistipes_shahii	0.0271392182983	-0.0183689331816	-0.00934059606616	-0.0358459904441	-0.0454603189007	0.005680783362	1.0	-0.0479448538457	-0.057866781596	0.0346258423616	0.0167482765343	-0.0299158096539	-0.0649103058478	0.00127408576681	0.0243999720419	0.00126639112898	-0.00894235261994	-0.00357548222293	-0.0274787986615	0.0309618058582	-0.00614063393803	0.0179383924723	-0.0343653771022	-0.0602577414851	0.00578208772113	0.00646161521675	0.0282404674341	-0.00247964493508	-0.0266127644578	-0.00109296102114	0.0207019633673	0.0293087792149	0.047819341772	0.0482624581943	-0.0118093612837	0.0302322487728	-0.0143917731959	-0.00772730918917	-0.0202562241865	-0.0259373312818	0.0420223387813	-0.00898659221629	-0.0598913230033	-0.0618188573938	-0.010060773505	0.00891018405814	-0.0181718101352	0.00259604006384	-0.0310437120912	-0.0609680153699	0.00510786888361	-0.0117164390496	-0.0101777161909	-0.0598729769495	-0.0225748111284	-0.0231373846517	0.0241319312248	0.0138814413564	0.0119608709312
k__Bacteria;p__Firmicutes;c__Clostridia;o__Clostridiales;f__Ruminococcaceae;g__Faecalibacterium;s__Faecalibacterium_prausnitzii	-0.0159249649522	0.0262546961266	0.017749222903	0.00306730540419	0.00440384724839	-0.0552466707275	-0.0479448538457	1.0	-0.0531000337289	0.00213926388178	-0.0456601872591	0.0325362790148	0.027039909341	-0.00332895944215	0.0432807841035	0.0226543080111	0.0317568036428	-0.0172132248577	0.00241901289589	-0.0144452330371	0.0145458367169	-0.0078535779441	0.0380798365532	0.0219516941879	-0.0438808313826	0.00228732600345	-0.0273191434941	-0.0171128761751	-0.00160382192996	0.00285223699317	-0.0101553836329	-0.0283647111279	-0.0363030254557	-0.0171894445077	0.00883212397213	-0.0139354699355	-0.00298823325955	0.00741543026948	0.0533568850098	-0.0157573901609	0.0361410844455	-0.0681209881057	-0.0293127041201	0.0147742077331	-0.052077081335	0.0182615154941	0.0251275688675	0.00288271143657	-0.0169720162243	-0.0240925046384	-0.0269793235748	0.0145634453968	-0.0134453735695	0.027993439222	0.0199124625996	-0.0595696210057	0.0280166108597	0.0311807794291	-0.0128322851698
k__Bacteria;p__Bacteroidetes;c__Bacteroidia;o__Bacteroidales;f__Rikenellaceae;g__Alistipes;s__Alistipes_finegoldii	-0.00791165910838	-0.0339230874042	0.0442364704554	-0.0188786836341	-0.040954864784	0.00809769293725	-0.057866781596	-0.0531000337289	1.0	-0.000852813470619	0.0272439282588	-0.0204363358512	0.0024308142157	-0.0406618674007	-0.0908132763587	-0.023768807337	-0.0175298511187	0.00609654600158	0.0310158624804	-0.0456782977403	0.00413856073378	0.0504317058307	-0.0400820541119	0.025263356957	-0.0314529379201	0.0146198546174	0.00119893440583	-0.0537259728882	0.000742238400266	0.0100943563704	-0.0494391093685	-0.041374897826	-0.0144118584663	-0.0383865133707	-0.0017842430759	0.031077731459	-0.0357952173744	-0.0852102849057	-0.0238716188297	0.0559191368814	-0.0324363209847	0.0409796535539	0.00029270977914	0.0159119400496	0.00242677727904	-0.00355882042003	-0.0170475798516	-0.019921269256	-0.0482539964221	-0.0211634328504	-0.0170571965174	-0.031995234971	-0.0652210100483	0.0225799143348	-0.000483053566483	-0.0427394446026	0.0308760929561	0.00870253437499	-0.0293363642968
k__Bacteria;p__Bacteroidetes;c__Bacteroidia;o__Bacteroidales;f__Porphyromonadaceae;g__Parabacteroides;s__Parabacteroides_distasonis	-0.00643928867205	0.0299353333405	-0.00519239640391	-0.033594165595	-0.0177939269696	-0.0967169436219	0.0346258423616	0.00213926388178	-0.000852813470619	1.0	-0.0152100030807	-0.0420863231346	-0.00168458852991	-0.0286151002744	0.0317838319751	-0.018141801065	0.0383470860359	0.00926759894362	-0.0485949061825	-0.0297532949097	0.00353159229961	0.0277785640555	0.00883151302179	-0.0303063611282	-0.044251192091	-0.0346355427432	-0.0361061234495	0.0308255769959	0.0137159714756	0.106685884792	0.0497571636638	0.00536818288751	0.0252261962481	-0.0242741253872	0.00959771067845	-0.0623208385204	-0.0364673954025	-0.051428383618	-0.0549216153507	0.0162681270106	-0.0163263983708	-0.0283848553675	0.043616367795	0.00219420066547	0.0263176308966	0.029370098088	0.00973937413102	-0.023337975066	0.03815623754	-0.00381633109556	-0.0415105093828	-0.0421956375023	-0.0269257167602	0.00736670440881	-0.0462377554505	0.00199730669603	-0.0520030213728	-0.0316708755065	0.0057467207441
k__Bacteria;p__Bacteroidetes;c__Bacteroidia;o__Bacteroidales;f__Bacteroidaceae;g__Bacteroides;s__Bacteroides_thetaiotaomicron	0.0205012085692	-0.026876989801	-0.0390608835742	-0.053050932165	-0.00149311184778	-0.00821088613545	0.0167482765343	-0.0456601872591	0.0272439282588	-0.0152100030807	1.0	-0.015203325133	0.00666408398551	-0.0266762589309	-0.00505364317833	0.0236258545767	-0.0712951946578	-0.0753274832494	0.0197188747763	0.0136431399186	0.0166188234287	0.0393279738914	-0.00540263846322	0.0536365013629	-0.025568608847	0.0220765168432	-0.0258904827616	0.00973776896115	-0.032044405901	0.00301907253791	-0.00871470203403	-0.0177151642915	0.0356449271201	-0.0107801555901	0.0638052622874	0.00632971991904	0.0265185048349	-0.0180472822907	-0.0204465406707	0.0710615902175	-0.0404985506107	-0.0513137229256	0.01691373169	-0.0339230925669	-0.0774787758596	0.0526968825005	-0.000709826179904	0.0299173907061	-0.0271321663356	0.00563711025688	-0.0271081963623	0.0128227366857	-0.00617874692469	-0.00772489775558	-0.0667667979174	-0.0158699898125	-0.0209916144896	0.0393588232607	0.00960278311439
k__Bacteria;p__Bacteroidetes;c__Bacteroidia;o__Bacteroidales;f__Bacteroidaceae;g__Bacteroides;s__Bacteroides_coprocola	-0.0212944380489	-0.0441291921839	0.000114964031559	-0.023314389623	0.0342582851204	-0.0376754108157	-0.0299158096539	0.0325362790148	-0.0204363358512	-0.0420863231346	-0.015203325133	1.0	-0.00101344693325	-0.0188263288968	-0.0379466250648	-0.0400107120179	-0.0148955313596	-0.00825526943471	0.000369233049517	-0.0196116440045	0.0140309327667	0.0432855565576	0.029010646532	-0.0170821214395	-0.0425499040352	-0.00642071075236	-0.00378256779501	0.0338216428182	0.0047385820836	-0.04825798572	-0.0279096239504	-0.0243855618425	0.00109508314176	0.0532769377319	0.00620293830866	-0.0119662822122	-0.0177297924903	-0.00390417129423	0.00349844638355	-0.0219475935058	0.0389875997034	-0.0732619031767	-0.0634091895584	0.0182906033045	0.0384208084245	0.0487421661746	-0.0164090807731	-0.0334227849968	0.0659479814859	0.0152031449838	0.00568608142046	0.015086011491	0.0196382833631	-0.0040507954018	0.0023519545491	-0.00918304986208	0.0460138790389	-0.00721055302919	-0.00949474512729
k__Bacteria;p__Bacteroidetes;c__Bacteroidia;o__Bacteroidales;f__Bacteroidaceae;g__Bacteroides;s__Bacteroides_cellulosilyticus	0.0416928134451	0.0391416031293	-0.00235297847956	0.0258042657027	0.00140884452676	0.0104266810132	-0.0649103058478	0.027039909341	0.0024308142157	-0.00168458852991	0.00666408398551	-0.00101344693325	1.0	0.00773674751115	-0.0171049226115	-0.0217919827671	0.0152932369439	0.0176631914149	0.0480749720083	0.0158397414722	-0.0057428226881	0.00144756309602	0.0246266442035	-0.0479020976516	-0.0202490047211	-0.0511592374819	0.00238711108905	0.0318254853836	-0.00204829627685	-0.0453983171898	0.024215524726	0.0589640157989	-0.00144275038167	-0.0739580641977	-0.00695542582364	-0.053060129163	-0.0716234633825	-0.0174776607161	-0.0164342694045	-0.00629195823167	-0.0513032988301	0.0173211102867	-0.0405999329266	0.000570099618208	-0.0189015535665	-0.00502081080682	0.0318178265566	-0.0402073540119	-0.067782126193	-0.0413859703499	-0.0089270374959	-0.0236692541158	-0.0613969398062	-0.0322282340072	-0.0136088624308	-0.0778111182714	0.0323273530189	-0.00698965745981	-0.0210416762003
k__Bacteria;p__Bacteroidetes;c__Bacteroidia;o__Bacteroidales;f__Rikenellaceae;g__Alistipes;s__Alistipes_obesi	-0.021956202192	-0.0409117868197	-0.0772381307586	-0.0209259480121	0.0334541122919	-0.0166276845008	0.00127408576681	-0.00332895944215	-0.0406618674007	-0.0286151002744	-0.0266762589309	-0.0188263288968	0.00773674751115	1.0	0.0419375939822	0.0129413956651	0.00219432722819	0.048363262762	-0.0784745756852	-0.0385648656892	0.0363109396609	0.0178279455603	-0.0118255657473	-0.0049388852964	-0.0206138391035	0.0213442965627	0.00347918823658	-0.0503072197264	0.0443133678367	-0.0117190350083	-0.0152615411012	0.008518133395	-0.057038993598	0.00539545240369	-0.0025510534568	0.0022374531032	0.0129325116045	-0.018866966095	-0.0143631579395	-0.0629969107585	-0.00353213807934	0.00748265390728	-0.0159465553105	-0.0506436772567	-0.0384936241525	-0.0722971328666	0.0141343581564	0.0361098245743	0.00429399496086	-0.0261318977819	-0.00157830648732	0.0457643781245	-0.0282844399325	0.0223106682732	0.000981768408746	-0.00376530701672	-0.0125086122844	-0.0367472818179	-0.00365295314084
k__Bacteria;p__Firmicutes;c__Clostridia;o__Clostridiales;f__Lachnospiraceae;g__;s__[Eubacterium]_rectale	4.77435116917e-05	0.0230062742048	-0.0142457250048	0.0015231795138	-0.0264478164989	0.0120483354536	0.0243999720419	0.0432807841035	-0.0908132763587	0.0317838319751	-0.00505364317833	-0.0379466250648	-0.0171049226115	0.0419375939822	1.0	-0.0720696469759	0.0100731423674	-0.0508229973574	-0.0504898379629	0.0526763629896	-0.0360866594951	-0.0300796323789	-0.0122139956986	0.0121225337071	-0.0631437883246	-0.00294574990324	-0.00972220170408	-0.00373680364076	-0.0281933263342	0.0261376369455	0.0324267263091	0.0878504979786	-0.00362031238146	-0.0147956290354	-0.0114644028306	-0.0108295553468	-0.0394346168121	-0.0600105087699	0.0733815538103	-0.0418462011183	0.0221304137642	-0.0029408427842	0.022430640171	-0.00527793311885	-0.00500590812329	0.0112881395621	-0.0308568304612	0.00143041279531	0.0119994472969	-0.0258077163192	-0.0125825440903	0.0482571489526	0.0291850805362	-0.0708826463553	-0.015956771874	-0.0376061558154	0.0147173720637	-0.0137517791015	-0.0135785730948
k__Bacteria;p__Bacteroidetes;c__Bacteroidia;o__Bacteroidales;f__Bacteroidaceae;g__Bacteroides;s__Bacteroides_plebeius	-0.0286793272788	0.00366309345818	0.0097911489395	-0.0340373912413	-0.00113393872079	-0.0542726773632	0.00126639112898	0.0226543080111	-0.023768807337	-0.018141801065	0.0236258545767	-0.0400107120179	-0.0217919827671	0.0129413956651	-0.0720696469759	1.0	-0.0458469193345	-0.0409019003237	-0.00934742036721	-0.0307376732177	-0.0703289623336	0.0115937684298	0.0279895334954	-0.0444908873204	-0.00601360497567	-0.004297122923	0.050312364656	-0.0622386127364	0.0372448127323	-0.00166036354554	0.0357398933554	0.0810701077468	-0.0660985411712	-0.0208301119912	0.029156103425	0.0873376425021	0.0269964560299	-0.046342555555	-0.0131294254212	-0.012387742417	0.0188050508462	-0.00274427449703	0.0179389845878	-0.00946196317866	-0.00742303347725	-0.00770295170412	-0.0602766710154	0.0205155107119	-0.0139471451064	0.0714599630472	0.0303905896678	-0.00626703537125	0.0011716227407	-0.00791134679229	-0.0209550704819	-0.0271779357728	0.0111787272566	-0.0469359340865	0.02944451118
k__Bacteria;p__Bacteroidetes;c__Bacteroidia;o__Bacteroidales;f__Bacteroidaceae;g__Bacteroides;s__Bacteroides_fragilis	0.0622867377852	-0.0243770409696	-0.0261095693015	-0.0503920252071	-0.0126457772166	0.0286028386221	-0.00894235261994	0.0317568036428	-0.0175298511187	0.0383470860359	-0.0712951946578	-0.0148955313596	0.0152932369439	0.00219432722819	0.0100731423674	-0.0458469193345	1.0	-0.037079963286	-0.0232316265616	0.0389532855196	-0.0244696087945	-0.0562283569869	0.00800527708976	0.00708323848861	0.0246611156726	0.0568665655026	-0.00581375056518	-0.0369809934009	-0.0174852179733	-0.00242855565171	-0.0334197551984	0.0179969954719	-0.00945681899659	-0.0316708416881	-0.00196892257566	-0.0218767132126	-0.0801991325373	0.0538588265648	0.0169840880819	-0.0116315701623	-0.082596385511	-0.00220199686676	-0.0532632703981	0.0338892705651	0.0122248593607	-0.0185056167055	0.00209771179013	-0.0295175700305	-0.0416032315304	0.0449815500512	0.0255331874251	-0.0609297822997	-0.00718540823842	0.00475807634949	0.0154256485716	0.0191500448706	0.0110837546448	-0.00470384703157	0.00467050038678
k__Bacteria;p__Proteobacteria;c__Betaproteobacteria;o__Burkholderiales;f__Sutterellaceae;g__Sutterella;s__Sutterella_wadsworthensis	0.0180153079457	0.0102741493898	-0.0171309537464	-0.0886215515389	-0.0302810935098	0.0158942044035	-0.00357548222293	-0.0172132248577	0.00609654600158	0.00926759894362	-0.0753274832494	-0.00825526943471	0.0176631914149	0.048363262762	-0.0508229973574	-0.0409019003237	-0.037079963286	1.0	-0.0234014473232	-0.0930536189757	-0.0189074530419	-0.0345876419639	0.0176691671363	-0.0229342576424	-0.0427063748803	0.0572590455115	-0.007464275091	0.0113602683356	-0.0277489233198	0.000269058774715	0.0372627095184	-0.0566656418118	0.02514783693	0.00596455343181	0.00968741684322	-0.0209797996575	0.044447520246	0.00779517747792	0.0183072296911	0.00340767441903	-0.0309025988619	0.00933961224555	0.0421727550635	-0.0172249031633	0.012470387557	0.00532166612272	-0.0562379597678	-0.0202966467275	-0.0206651689696	-0.0374596296535	-0.0432178067649	0.0372862519209	0.0216202377283	0.0230946446147	0.0603997070664	-0.00245913726381	-0.0234435247592	0.0132234208379	-0.000802554342463
k__Bacteria;p__Bacteroidetes;c__Bacteroidia;o__Bacteroidales;f__Porphyromonadaceae;g__Barnesiella;s__Barnesiella_intestinihominis	0.0204847708725	0.0451131631051	0.00968692872456	0.00718754694725	-0.0207024195513	0.030867326211	-0.0274787986615	0.00241901289589	0.0310158624804	-0.0485949061825	0.0197188747763	0.000369233049517	0.0480749720083	-0.0784745756852	-0.0504898379629	-0.00934742036721	-0.0232316265616	-0.0234014473232	1.0	-0.0386686589011	0.00441969987349	0.000202143737104	0.00146663791496	-0.0224965296075	0.0442249157647	0.00798235608204	0.022125555068	-0.0277984984956	-0.0241685473413	0.00183720115803	0.0429738898153	0.0602370678779	-0.034062138878	0.0290382002732	-0.0125265489009	0.025561976935	-0.00356637839441	-0.000811361629042	-0.00822902564707	-0.0152099167838	-0.0155165093904	-0.0428845305457	0.00619199063645	0.0385775443209	-0.0556421216873	-0.0464028930296	-0.00927530220105	-0.0131340516099	-0.0227416371315	0.00928358821547	0.0167669940297	0.0356386630615	0.0128020581983	-0.0186946762752	-0.0234020449429	0.069601648	-0.0100206724484	-0.0394209368758	-0.0472376159998
k__Bacteria;p__Bacteroidetes;c__Bacteroidia;o__Bacteroidales;f__Odoribacteraceae;g__Odoribacter;s__Odoribacter_splanchnicus	0.0118723661164	0.00532464133854	0.000973621031427	0.00919301914229	-0.0258928080562	0.0541741735182	0.0309618058582	-0.0144452330371	-0.0456782977403	-0.0297532949097	0.0136431399186	-0.0196116440045	0.0158397414722	-0.0385648656892	0.0526763629896	-0.0307376732177	0.0389532855196	-0.0930536189757	-0.0386686589011	1.0	-0.0168621672037	0.0457617342233	-0.00228347840811	0.0200351926576	0.0157838655502	-0.0422643138686	0.00868992825867	0.0128929435042	0.0139112137079	0.0157461323719	0.0603680724171	-0.00563719246497	-0.00386614596313	-0.0185795052524	-0.00885415598521	-0.0216145078632	0.00248060904301	0.0108563561768	-0.00524006452019	-0.00668454040402	-0.00837682773133	0.0280947991012	-0.00333511539125	-0.0404959778854	0.0115310723099	0.0511846623491	-0.0323642717119	0.0185876509838	-0.0741227834045	-0.0662053235364	-0.0147695354876	-0.0371807648338	-0.0210461690406	-0.0210319847477	-0.0043530556512	0.010907251183	0.0229082406693	0.022410051015	-0.0544271485094
k__Bacteria;p__Bacteroidetes;c__Bacteroidia;o__Bacteroidales;f__Bacteroidaceae;g__Bacteroides;s__Bacteroides_salyersiae	-0.047697913185	-0.00530863399538	0.0065300960378	-0.0193973685448	-0.0144480996825	-0.0304865066226	-0.00614063393803	0.0145458367169	0.00413856073378	0.00353159229961	0.0166188234287	0.0140309327667	-0.0057428226881	0.0363109396609	-0.0360866594951	-0.0703289623336	-0.0244696087945	-0.0189074530419	0.00441969987349	-0.0168621672037	1.0	-0.0311249026177	0.0595099801984	-0.0549497140617	0.017422534452	-0.0733401555433	-0.0342838392726	0.038471075047	-0.0149683573647	-0.0714046032174	-0.000190717217605	-0.0043274666828	-0.103481658739	0.00282335523899	0.00393158123796	-0.0643186090481	-0.0376971304413	-0.00480861765139	0.00516545370692	0.0451058996009	-0.0193554423337	0.0020939197916	-0.0342116209829	7.84013508581e-05	0.0253611723367	-0.0386447416309	0.0157677466325	-0.0400918746549	0.0417542513211	-0.0596376191798	-0.0435668170866	0.0728874311836	0.0275979176348	0.0249008912952	0.0344825985609	0.0838423995115	0.000632038700422	0.0216978583469	-0.0292826272305
k__Bacteria;p__Firmicutes;c__Clostridia;o__Clostridiales;f__Ruminococcaceae;g__Ruminiclostridium;s__[Eubacterium]_siraeum	-0.0837938694591	-0.00640515736641	-0.0130241083705	-0.0109892572975	0.0277336683749	-0.0623150491952	0.0179383924723	-0.0078535779441	0.0504317058307	0.0277785640555	0.0393279738914	0.0432855565576	0.00144756309602	0.0178279455603	-0.0300796323789	0.0115937684298	-0.0562283569869	-0.0345876419639	0.000202143737104	0.0457617342233	-0.0311249026177	1.0	-0.0767521165619	0.0251101183926	0.0104304883335	0.00438847221198	-0.0330870636667	-0.0621747252574	-0.00585018470173	-0.00567026852616	-0.0701280872226	0.00920113047405	0.0223568402993	-0.00816557843336	-0.0296310748319	0.0264986120273	0.0198325430275	0.0118303181215	-0.0573716280286	-0.0213709447587	-0.00427570714464	0.0363775425777	-0.0251152032561	-0.0103576950115	-0.0220715721919	0.019809495873	0.00461217605822	0.0239293544041	-0.05189631402	-0.0262080147664	-0.01735552709	-0.0423871982935	0.0760166307245	-0.0192346772303	-0.00175080503692	0.0409585587069	0.00137016805255	0.0393596565554	-0.0224888242349
k__Bacteria;p__Proteobacteria;c__Betaproteobacteria;o__Burkholderiales;f__Sutterellaceae;g__Parasutterella;s__Parasutterella_excrementihominis	0.0251331689535	-0.039821675561	-0.0378885200867	-0.0629060510909	-0.0224775434829	-0.0368645705387	-0.0343653771022	0.0380798365532	-0.0400820541119	0.00883151302179	-0.00540263846322	0.029010646532	0.0246266442035	-0.0118255657473	-0.0122139956986	0.0279895334954	0.00800527708976	0.0176691671363	0.00146663791496	-0.00228347840811	0.0595099801984	-0.0767521165619	1.0	-0.0123251073883	-0.053321601142	-0.0134444546299	0.00475819497231	-0.0121962979745	-0.0315574952588	-0.0366763248969	-0.0142583559422	-0.0315537545243	-0.0438381364123	0.0110206119641	0.0121312045546	-0.0505455957887	0.035973551105	0.0239975490831	0.0385399947638	-0.0156265365599	0.00824403347297	-0.0531655186523	0.00932514179128	-0.039133541675	0.0418213920545	-0.0464288221689	0.0428404700088	-0.0528896210243	-0.0153545396143	0.0465909232114	-0.0016115340598	0.02182816242	-0.00450766759062	0.0714989352444	-0.0248573531146	-0.000137159695317	-0.0402799109196	-0.0189739534016	0.0257816978244
k__Bacteria;p__Actinobacteria;c__Actinobacteria;o__Bifidobacteriales;f__Bifidobacteriaceae;g__Bifidobacterium;s__Bifidobacterium_adolescentis	0.0100148581398	-0.0324560291913	0.016698212361	0.0565122779101	-0.00379709781839	-0.0569364010375	-0.0602577414851	0.0219516941879	0.025263356957	-0.0303063611282	0.0536365013629	-0.0170821214395	-0.0479020976516	-0.0049388852964	0.0121225337071	-0.0444908873204	0.00708323848861	-0.0229342576424	-0.0224965296075	0.0200351926576	-0.0549497140617	0.0251101183926	-0.0123251073883	1.0	-0.023646591082	-0.0413565978452	-0.0238704607627	0.071968425736	-0.0244783874677	-0.0203683266681	0.0270338364799	-0.00683494897146	-0.0312931864535	-0.0287092666429	0.0119582928942	0.0224916132539	0.00384710909537	-0.0223917069759	0.00176785079952	0.029401192972	-0.00885647441045	-0.00720272263455	-0.00571908700331	0.0349677825175	-0.00206953394811	-0.0337921576621	0.0176606869741	-0.0766817714983	0.0621751550453	-0.0615186527757	0.0560505489469	-0.0250829553643	0.00576819860465	0.0173551177429	0.0335884258587	-0.0127115860227	-0.0406556608428	0.0479134428127	-0.0490719481923
k__Bacteria;p__Firmicutes;c__Clostridia;o__Clostridiales;f__Oscillospiraceae;g__Oscillibacter;s__Oscillibacter_sp._KLE_1745	0.0186913697753	0.0464724545999	0.0380329412575	0.0319831342378	-0.0277575609287	0.0623988403543	0.00578208772113	-0.0438808313826	-0.0314529379201	-0.044251192091	-0.025568608847	-0.0425499040352	-0.0202490047211	-0.0206138391035	-0.0631437883246	-0.00601360497567	0.0246611156726	-0.0427063748803	0.0442249157647	0.0157838655502	0.017422534452	0.0104304883335	-0.053321601142	-0.023646591082	1.0	0.0515888408938	0.0229352076197	-0.00793698035775	-0.0140681655279	0.0537192093009	-0.0719557941808	-0.0125984344012	0.0735630924389	0.0719440688701	-0.0294794444673	-0.0302998950968	0.0101045371551	-0.0143237956996	-0.0364025020469	-0.0663821973754	0.0182442149899	-0.0181965807515	-0.0168952034135	0.0166769995968	0.00204158708829	-0.0068934806822	-0.0147871940277	0.0121068802755	-0.0015344349727	-0.0673573938982	-0.0435383048221	-0.0415285065079	0.0656313454234	0.0290889152744	0.00165633306983	-0.0229205023254	-0.0161531268373	0.0117890243915	0.0360070459527
k__Bacteria;p__Bacteroidetes;c__Bacteroidia;o__Bacteroidales;f__Bacteroidaceae;g__Bacteroides;s__Bacteroides_coprophilus	-0.0341987219227	-0.0133031250779	-0.0688364156135	-0.0592068393608	-0.00513504438373	0.0245650706631	0.00646161521675	0.00228732600346	0.0146198546174	-0.0346355427432	0.0220765168432	-0.00642071075236	-0.0511592374819	0.0213442965627	-0.00294574990324	-0.004297122923	0.0568665655026	0.0572590455115	0.00798235608204	-0.0422643138686	-0.0733401555433	0.00438847221198	-0.0134444546299	-0.0413565978452	0.0515888408938	1.0	-0.0212091538564	-0.0052232065207	0.0331608389113	0.052451076391	-0.00810335376399	-0.0173882325784	-0.0256323751322	-0.0280686115344	0.00457651573428	0.0117601831256	-0.0320449438672	-0.0674777775747	-0.0474143231415	-0.0951805285437	0.0242507607454	-0.0126312478235	-0.0294849034553	-0.0578383351954	0.00563233156444	-0.0119810432506	-0.00177883694655	0.0312760317139	-0.0462505815707	0.0345777939125	0.0554897262755	-0.0217865424926	0.0538990876642	-0.0668763742091	0.00363502305389	-0.0357631309116	0.0082293990217	-0.00998037093051	0.0445462795778
k__Bacteria;p__Firmicutes;c__Clostridia;o__Clostridiales;f__Lachnospiraceae;g__Roseburia;s__Roseburia_intestinalis	-0.013739707666	-0.0114251029672	-0.04492973846	0.0157772338497	-0.0276280265984	-0.00602667575352	0.0282404674341	-0.0273191434941	0.00119893440583	-0.0361061234495	-0.0258904827616	-0.00378256779501	0.00238711108905	0.00347918823658	-0.00972220170408	0.050312364656	-0.00581375056518	-0.007464275091	0.022125555068	0.00868992825867	-0.0342838392726	-0.0330870636667	0.00475819497231	-0.0238704607627	0.0229352076197	-0.0212091538564	1.0	-0.0180640322161	-0.035804577395	-0.00069614492631	0.0223206782841	0.0168037601364	0.0239851956488	-0.0422188206667	0.018172557936	-0.0458866846609	0.0296552280685	-0.037370416621	-0.0432908503343	0.0330150126887	-0.0362943206032	-0.0253912352598	0.011170631688	-0.0676180436365	-0.0492808589092	-0.0388289442846	0.0448624585569	0.0432395793839	-0.0311606232213	-0.0229313559425	-0.00301746379353	-0.0213569633369	0.0070736180736	-0.00469830544941	0.037912383328	-0.00407362733761	-0.00735874939477	-0.0559084942121	0.0288077966535
k__Bacteria;p__Firmicutes;c__Clostridia;o__Clostridiales;f__Lachnospiraceae;g__Roseburia;s__Roseburia_hominis	-0.0480270452425	-0.0471680410681	-0.00700711169208	0.0302459623461	-0.0454315940585	-0.0370591877089	-0.00247964493508	-0.0171128761751	-0.0537259728882	0.0308255769959	0.00973776896115	0.0338216428182	0.0318254853836	-0.0503072197264	-0.00373680364076	-0.0622386127364	-0.0369809934009	0.0113602683356	-0.0277984984956	0.0128929435042	0.038471075047	-0.0621747252574	-0.0121962979745	0.071968425736	-0.00793698035775	-0.0052232065207	-0.0180640322161	1.0	-0.0102360719515	0.0694961116932	-0.0070279202779	-0.0436732011526	0.0301818910695	0.00210733596928	-0.0409974948746	-0.0391825981108	-0.0503640851591	-0.00693179322377	-0.0112137746673	0.0379047936346	-0.0417802939829	0.0215429020796	0.0236758622974	-0.00392929791037	-0.00841306256459	-0.0213720307038	0.0242497546463	-0.0188949430826	-0.0882972529059	-0.0448081362321	0.00698139644791	0.00820477386998	-0.0129544693942	0.0263744586452	-0.0441283816097	-0.0266212431062	0.0172565690984	0.0143465973583	-0.00956878177963
k__Bacteria;p__Bacteroidetes;c__Bacteroidia;o__Bacteroidales;f__Porphyromonadaceae;g__Parabacteroides;s__Parabacteroides_johnsonii	0.0312966584552	-0.0254534763175	0.0299417146338	-0.00722442668328	0.0082023216451	0.0592392469476	-0.0266127644578	-0.00160382192996	0.000742238400266	0.0137159714756	-0.032044405901	0.0047385820836	-0.00204829627685	0.0443133678367	-0.0281933263342	0.0372448127323	-0.0174852179733	-0.0277489233198	-0.0241685473413	0.0139112137079	-0.0149683573647	-0.00585018470173	-0.0315574952588	-0.0244783874677	-0.0140681655279	0.0331608389113	-0.035804577395	-0.0102360719515	1.0	-0.00746599702007	0.0364415317508	-0.0317898251566	0.0299964511816	0.0174661933825	0.0137068435448	-0.0289354529323	-0.0261328917634	0.066067393408	-0.0838195547186	-0.0510609458617	-0.0197530958769	0.00248623575416	-0.0195597929696	-0.0327317984192	0.0104717483363	-0.00270468914059	-0.0168568592795	-0.0736888003319	-0.0441203752478	0.0282008876298	-0.00261968337058	0.00671800670957	0.0391645967305	0.0401879834903	0.00597844047714	0.022045871564	0.00225507198587	0.0175914444937	-0.0893834233924
k__Bacteria;p__Actinobacteria;c__Actinobacteria;o__Bifidobacteriales;f__Bifidobacteriaceae;g__Bifidobacterium;s__Bifidobacterium_longum	0.0264402533098	-0.0328380533342	-0.0569124465172	0.0133244705981	0.0290809954468	0.0218818855252	-0.00109296102114	0.00285223699317	0.0100943563704	0.106685884792	0.00301907253791	-0.04825798572	-0.0453983171898	-0.0117190350083	0.0261376369455	-0.00166036354554	-0.00242855565171	0.000269058774715	0.00183720115803	0.0157461323719	-0.0714046032174	-0.00567026852616	-0.0366763248969	-0.0203683266681	0.0537192093009	0.052451076391	-0.000696144926309	0.0694961116932	-0.00746599702007	1.0	-0.0458290935766	-0.0461719021811	0.0290871068621	0.0444892095763	-0.0156441691956	0.000484344246377	-0.0252444398152	-0.0340514086128	0.0387470846201	-0.0113283298099	0.0186448884476	-0.0751979801142	0.00530574103101	-0.0285303925677	0.0159487534635	0.0705972974863	-0.0258927876012	-0.0437085586329	-0.059990536379	-0.0617865968663	-0.0252294991605	-0.00733548303382	-0.0493611357002	-0.0289108700067	0.05344246563	-0.0154067353113	0.0212822914165	0.0150520152907	0.00262238991756
