#taxonomy	k__Bacteria;p__Bacteroidetes;c__Bacteroidia;o__Bacteroidales;f__Bacteroidaceae;g__Bacteroides;s__Bacteroides_vulgatus	k__Bacteria;p__Bacteroidetes;c__Bacteroidia;o__Bacteroidales;f__Bacteroidaceae;g__Bacteroides;s__Bacteroides_uniformis	k__Bacteria;p__Bacteroidetes;c__Bacteroidia;o__Bacteroidales;f__Rikenellaceae;g__Alistipes;s__Alistipes_putredinis	k__Bacteria;p__Bacteroidetes;c__Bacteroidia;o__Bacteroidales;f__Prevotellaceae;g__Prevotella;s__Prevotella_copri	k__Bacteria;p__Bacteroidetes;c__Bacteroidia;o__Bacteroidales;f__Bacteroidaceae;g__Bacteroides;s__Bacteroides_stercoris	k__Bacteria;p__Bacteroidetes;c__Bacteroidia;o__Bacteroidales;f__Bacteroidaceae;g__Bacteroides;s__Bacteroides_ovatus	k__Bacteria;p__Bacteroidetes;c__Bacteroidia;o__Bacteroidales;f__Rikenellaceae;g__Alistipes;s__Alistipes_shahii	k__Bacteria;p__Firmicutes;c__Clostridia;o__Clostridiales;f__Ruminococcaceae;g__Faecalibacterium;s__Faecalibacterium_prausnitzii	k__Bacteria;p__Bacteroidetes;c__Bacteroidia;o__Bacteroidales;f__Rikenellaceae;g__Alistipes;s__Alistipes_finegoldii	k__Bacteria;p__Bacteroidetes;c__Bacteroidia;o__Bacteroidales;f__Porphyromonadaceae;g__Parabacteroides;s__Parabacteroides_distasonis	k__Bacteria;p__Bacteroidetes;c__Bacteroidia;o__Bacteroidales;f__Bacteroidaceae;g__Bacteroides;s__Bacteroides_thetaiotaomicron	k__Bacteria;p__Bacteroidetes;c__Bacteroidia;o__Bacteroidales;f__Bacteroidaceae;g__Bacteroides;s__Bacteroides_coprocola	k__Bacteria;p__Bacteroidetes;c__Bacteroidia;o__Bacteroidales;f__Bacteroidaceae;g__Bacteroides;s__Bacteroides_cellulosilyticus	k__Bacteria;p__Bacteroidetes;c__Bacteroidia;o__Bacteroidales;f__Rikenellaceae;g__Alistipes;s__Alistipes_obesi	k__Bacteria;p__Firmicutes;c__Clostridia;o__Clostridiales;f__Lachnospiraceae;g__;s__[Eubacterium]_rectale	k__Bacteria;p__Bacteroidetes;c__Bacteroidia;o__Bacteroidales;f__Bacteroidaceae;g__Bacteroides;s__Bacteroides_plebeius	k__Bacteria;p__Bacteroidetes;c__Bacteroidia;o__Bacteroidales;f__Bacteroidaceae;g__Bacteroides;s__Bacteroides_fragilis	k__Bacteria;p__Proteobacteria;c__Betaproteobacteria;o__Burkholderiales;f__Sutterellaceae;g__Sutterella;s__Sutterella_wadsworthensis	k__Bacteria;p__Bacteroidetes;c__Bacteroidia;o__Bacteroidales;f__Porphyromonadaceae;g__Barnesiella;s__Barnesiella_intestinihominis	k__Bacteria;p__Bacteroidetes;c__Bacteroidia;o__Bacteroidales;f__Odoribacteraceae;g__Odoribacter;s__Odoribacter_splanchnicus	k__Bacteria;p__Bacteroidetes;c__Bacteroidia;o__Bacteroidales;f__Bacteroidaceae;g__Bacteroides;s__Bacteroides_salyersiae	k__Bacteria;p__Firmicutes;c__Clostridia;o__Clostridiales;f__Ruminococcaceae;g__Ruminiclostridium;s__[Eubacterium]_siraeum	k__Bacteria;p__Proteobacteria;c__Betaproteobacteria;o__Burkholderiales;f__Sutterellaceae;g__Parasutterella;s__Parasutterella_excrementihominis	k__Bacteria;p__Actinobacteria;c__Actinobacteria;o__Bifidobacteriales;f__Bifidobacteriaceae;g__Bifidobacterium;s__Bifidobacterium_adolescentis	k__Bacteria;p__Firmicutes;c__Clostridia;o__Clostridiales;f__Oscillospiraceae;g__Oscillibacter;s__Oscillibacter_sp._KLE_1745	k__Bacteria;p__Bacteroidetes;c__Bacteroidia;o__Bacteroidales;f__Bacteroidaceae;g__Bacteroides;s__Bacteroides_coprophilus	k__Bacteria;p__Firmicutes;c__Clostridia;o__Clostridiales;f__Lachnospiraceae;g__Roseburia;s__Roseburia_intestinalis	k__Bacteria;p__Firmicutes;c__Clostridia;o__Clostridiales;f__Lachnospiraceae;g__Roseburia;s__Roseburia_hominis	k__Bacteria;p__Bacteroidetes;c__Bacteroidia;o__Bacteroidales;f__Porphyromonadaceae;g__Parabacteroides;s__Parabacteroides_johnsonii	k__Bacteria;p__Actinobacteria;c__Actinobacteria;o__Bifidobacteriales;f__Bifidobacteriaceae;g__Bifidobacterium;s__Bifidobacterium_longum	k__Bacteria;p__Firmicutes;c__Clostridia;o__Clostridiales;f__;g__Flavonifractor;s__Flavonifractor_plautii	k__Bacteria;p__Firmicutes;c__Clostridia;o__Clostridiales;f__Clostridiaceae;g__Clostridium;s__Clostridium_phoceensis	k__Bacteria;p__Verrucomicrobia;c__Verrucomicrobiae;o__Verrucomicrobiales;f__Akkermansiaceae;g__Akkermansia;s__Akkermansia_muciniphila	k__Bacteria;p__Bacteroidetes;c__Bacteroidia;o__Bacteroidales;f__Prevotellaceae;g__Paraprevotella;s__Paraprevotella_xylaniphila	k__Bacteria;p__Firmicutes;c__Clostridia;o__Clostridiales;f__Ruminococcaceae;g__Ruminococcus;s__Ruminococcus_callidus	k__Bacteria;p__Bacteroidetes;c__Bacteroidia;o__Bacteroidales;f__Rikenellaceae;g__Alistipes;s__Alistipes_senegalensis	k__Bacteria;p__Firmicutes;c__Clostridia;o__Clostridiales;f__Lachnospiraceae;g__Blautia;s__Blautia_sp._KLE_1732	k__Bacteria;p__Bacteroidetes;c__Bacteroidia;o__Bacteroidales;f__Bacteroidaceae;g__Bacteroides;s__Bacteroides_oleiciplenus	k__Bacteria;p__Firmicutes;c__Clostridia;o__Clostridiales;f__Ruminococcaceae;g__Ruminococcus;s__Ruminococcus_bicirculans	k__Bacteria;p__Bacteroidetes;c__Bacteroidia;o__Bacteroidales;f__Bacteroidaceae;g__Bacteroides;s__Bacteroides_fluxus	k__Bacteria;p__Bacteroidetes;c__Bacteroidia;o__Bacteroidales;f__Prevotellaceae;g__Prevotella;s__Prevotella_stercorea	k__Bacteria;p__Firmicutes;c__Clostridia;o__Clostridiales;f__Lachnospiraceae;g__Dorea;s__Dorea_longicatena	k__Bacteria;p__Firmicutes;c__Clostridia;o__Clostridiales;f__Eubacteriaceae;g__Eubacterium;s__[Eubacterium]_eligens	k__Bacteria;p__Firmicutes;c__Clostridia;o__Clostridiales;f__Ruminococcaceae;g__;s__Ruminococcaceae_bacterium_D16	k__Bacteria;p__Firmicutes;c__Clostridia;o__Clostridiales;f__Lachnospiraceae;g__Coprococcus;s__Coprococcus_comes	k__Bacteria;p__Proteobacteria;c__Gammaproteobacteria;o__Enterobacterales;f__Enterobacteriaceae;g__Escherichia;s__Escherichia_coli	k__Bacteria;p__Firmicutes;c__Clostridia;o__Clostridiales;f__Ruminococcaceae;g__Anaerotruncus;s__Anaerotruncus_colihominis	k__Bacteria;p__Firmicutes;c__Clostridia;o__Clostridiales;f__Lachnospiraceae;g__Blautia;s__Blautia_obeum	k__Bacteria;p__Bacteroidetes;c__Bacteroidia;o__Bacteroidales;f__Odoribacteraceae;g__Odoribacter;s__Odoribacter_laneus	k__Bacteria;p__Firmicutes;c__Clostridia;o__Clostridiales;f__Ruminococcaceae;g__Ruminiclostridium;s__[Clostridium]_leptum	k__Bacteria;p__Bacteroidetes;c__Bacteroidia;o__Bacteroidales;f__Porphyromonadaceae;g__Parabacteroides;s__Parabacteroides_goldsteinii	k__Bacteria;p__Firmicutes;c__Clostridia;o__Clostridiales;f__Lachnospiraceae;g__Anaerostipes;s__Anaerostipes_hadrus	k__Bacteria;p__Firmicutes;c__Clostridia;o__Clostridiales;f__Ruminococcaceae;g__Ruminococcus;s__Ruminococcus_lactaris	k__Bacteria;p__Firmicutes;c__Clostridia;o__Clostridiales;f__Clostridiaceae;g__Clostridium;s__Clostridium_sp._L2-50	k__Bacteria;p__Firmicutes;c__Clostridia;o__Clostridiales;f__Clostridiaceae;g__Clostridium;s__Clostridium_sp._M62/1	k__Bacteria;p__Firmicutes;c__Clostridia;o__Clostridiales;f__;g__Intestinimonas;s__Intestinimonas_butyriciproducens	k__Bacteria;p__Actinobacteria;c__Actinobacteria;o__Bifidobacteriales;f__Bifidobacteriaceae;g__Bifidobacterium;s__Bifidobacterium_bifidum	k__Bacteria;p__Firmicutes;c__Negativicutes;o__Veillonellales;f__Veillonellaceae;g__Dialister;s__Dialister_invisus	k__Bacteria;p__Bacteroidetes;c__Bacteroidia;o__Bacteroidales;f__Bacteroidaceae;g__Bacteroides;s__Bacteroides_salanitronis
k__Bacteria;p__Bacteroidetes;c__Bacteroidia;o__Bacteroidales;f__Bacteroidaceae;g__Bacteroides;s__Bacteroides_vulgatus	1.0	-0.00430621555373	0.00655315610462	0.0150102033302	0.0349523934386	-0.0111712597663	0.0164525682842	-0.055058337433	-0.00901511372096	-0.0364751962854	0.00703259274696	-0.0382114535027	0.0242724403978	-0.011244349039	0.00627681517178	-0.0324742264814	-0.00646068258838	-0.0192510856536	-0.0400813867796	0.0349359004702	-0.0285977666447	-0.0451196313253	-0.0507356322664	0.0671210078231	-0.0373467730184	0.0262293002692	-0.0186963341578	-0.00425101063832	0.0104521402986	-0.00915757022489	-0.00303535369192	-0.00825731665248	-0.00569691960482	0.00047050293906	-0.0559930784339	0.0778315408068	-0.0381227267619	-0.00980844039579	-0.0100350040219	0.000856507611425	0.0204250455021	-0.0162482839851	-0.0305127509608	-0.0255715151418	0.0445802125195	-0.0046278602714	-0.0117027548632	0.0186992319275	0.0463320369916	0.000733554324372	0.00844376891471	0.0185862729096	0.0280790416588	0.00685248472353	-0.0148768697157	0.0149475851799	-0.0829227598735	0.0347660429563	0.018358520035
k__Bacteria;p__Bacteroidetes;c__Bacteroidia;o__Bacteroidales;f__Bacteroidaceae;g__Bacteroides;s__Bacteroides_uniformis	-0.00430621555373	1.0	0.00361535914704	-0.0381835451368	-0.0443427697575	0.010628648365	0.0032936778349	-0.0381578032009	-0.0646715894412	0.0116545619573	0.0155721617893	0.0178619618316	-0.0428988459132	0.0194969588293	-0.0319478996703	-0.00780357141687	-0.0138882557486	0.0508015944245	-0.00880634817831	-0.00723436619037	0.0123208203541	-0.0247204905842	0.0339423915538	0.0639734807891	0.00882660847954	-0.0226388466918	-7.41120147623e-05	0.00491770261374	-0.0142770423448	-0.0245488747597	-0.0172307643195	-0.0177129665362	0.0666926151104	-0.025042588459	-0.0626273680328	0.00532979194038	0.0512086716369	0.00288592859552	0.0661314565072	-0.0660313824639	-0.00307838467852	0.0233759459317	-0.00385324399569	-0.0383266868967	0.00586160971383	0.0762092261047	-0.0109912872809	0.0134069626396	-0.0106736873028	-0.0847526383912	0.0247638791498	-0.0566108058771	0.0159634112579	0.00967091064971	-0.00614906134893	-0.0251198580416	0.0225368612257	-0.0209995463702	-0.0013131092647
k__Bacteria;p__Bacteroidetes;c__Bacteroidia;o__Bacteroidales;f__Rikenellaceae;g__Alistipes;s__Alistipes_putredinis	0.00655315610462	0.00361535914704	1.0	-0.0153656428562	-0.0173153422266	0.0339723242674	-0.0123394733165	-0.011217145903	0.0247189176499	-0.0323772003799	-0.0210185028008	-0.00883406995809	-0.0191903356106	-0.0172944682746	-0.00962695636306	0.0126228083763	-0.0239294624733	-0.00988440368145	-0.046279255791	0.0052074401928	-0.00091769624041	-0.022209279685	-0.00819805230813	0.0340252145763	5.36869473331e-05	-0.0106872955237	-0.0411584160923	-0.0266680199292	0.00892000132043	-0.0176419276972	-0.0486098122391	-0.00181267514266	0.0121902972294	-0.0222962842425	-0.0406194672851	0.0451210059608	0.00291407819034	-0.00699684587847	-0.0132582916546	-0.0228498041614	-0.0670924862947	-0.00325549614935	0.0073959225115	-0.014824296177	0.00759678663428	0.0656638960196	0.0483477243033	0.00571914065866	-0.0238460533769	0.0442613228745	-0.0643520958441	-0.0147813925429	-0.0432125682315	0.00608095111626	0.0175437740481	-0.0243503479394	-0.0272346259569	-0.00749402767779	0.00865089804233
k__Bacteria;p__Bacteroidetes;c__Bacteroidia;o__Bacteroidales;f__Prevotellaceae;g__Prevotella;s__Prevotella_copri	0.0150102033302	-0.0381835451368	-0.0153656428562	1.0	-0.0342048735265	-0.0263328574357	-0.00831200804253	0.00778487381732	-0.0487919864501	-0.0176264447929	-0.00128515518333	0.00215503173543	-0.00615443815523	-0.00988010929375	0.00640097548308	0.00380713851508	0.0385999076731	-0.0167913511799	-0.0120420942869	-0.0503188743812	-0.0301194117449	0.0689247423013	-0.032226862782	-0.0701766233315	-0.00649789977773	-0.0272418499749	-0.0312580788759	0.00614782206514	0.00866368608863	-0.0191514319245	-0.0144828159804	0.0373762703042	0.0142476001757	-0.0555942338701	0.0121895100695	0.00413029197235	-0.00743887908703	-0.00283361574527	-0.0116681559103	0.00569989611332	-0.0707061206632	-0.0418253453012	-0.0736084971968	-0.0262722681118	-0.00302618281855	0.0588373174523	0.0464427352569	0.00360642851698	-0.0358137040878	-0.00577907852216	-0.00121257575311	0.0106755647157	0.044096394131	-0.0197208447161	-0.00012952971318	0.0517399514137	0.00344849995458	0.0201193504643	-0.0747445225253
k__Bacteria;p__Bacteroidetes;c__Bacteroidia;o__Bacteroidales;f__Bacteroidaceae;g__Bacteroides;s__Bacteroides_stercoris	0.0349523934386	-0.0443427697575	-0.0173153422266	-0.0342048735265	1.0	0.0181111175541	-0.0107527306241	0.0350935311929	0.00146101771815	-0.0372965787869	0.0150188043954	-0.0104583981842	-4.99107462017e-05	0.00895270092124	-0.000768621125612	-0.0090199444048	0.0419367582724	-0.0180125076328	-0.0223950362216	0.00164460230198	-0.00502176064427	-0.000317143274402	-0.0172057464828	-0.0170718735683	0.0176914255929	-0.0283350247025	0.0445125948791	0.0103947003287	0.015621519171	-0.00937868028452	-0.0627910012095	-0.0132818106335	-0.000720437083964	-0.0347809217901	-0.0285845094557	0.0438731007503	-0.0370525694901	0.0296800619826	-0.0628339724543	-0.0269971933775	-0.050749068647	0.00122208186802	-0.0148034782343	0.0206438544608	0.0199880206064	-0.031231593549	0.0145239820256	0.00920164335193	-0.0034883142033	-0.0369221591963	0.00104617990389	0.0378105791988	-0.0045104356899	-0.00501444804696	0.00567155448349	-0.0280251187954	0.00787929722391	-0.0366374542096	0.00601290911409
k__Bacteria;p__Bacteroidetes;c__Bacteroidia;o__Bacteroidales;f__Bacteroidaceae;g__Bacteroides;s__Bacteroides_ovatus	-0.0111712597663	0.010628648365	0.0339723242674	-0.0263328574357	0.0181111175541	1.0	0.00183872245848	-0.0309578789102	-0.0410097126027	0.0219439168043	-0.0476199348681	0.00422285396151	0.0523472626398	0.000454075044916	-0.0623126965534	0.00664560530661	0.0234989024715	-0.038085851626	-0.0123675893713	-0.0277707914244	-0.0173264320099	-0.0197641202744	-0.0246749778012	-0.036315245052	0.00213855444319	0.0243254902236	-0.0783354303252	-0.022154206014	-0.0193903032382	0.0873598824886	-0.07283474943	-0.0467120236662	0.0218484219443	0.0311288864147	-0.0300528366489	0.0234154278353	-0.0394274064688	0.0365630806823	-0.061316216254	0.00645710283844	-0.03018666951	-0.0357220440587	-0.0347403137613	0.0553767520524	0.065885252457	-0.00709075326774	-0.00470196074829	0.0315835197981	0.00410926776729	-0.0115540141736	-0.00383241364308	-0.0414292698848	-0.0215067868696	0.00167176696294	-0.0299101901859	-0.022238804691	0.0157513664453	0.00947488357424	-0.0598714497068
k__Bacteria;p__Bacteroidetes;c__Bacteroidia;o__Bacteroidales;f__Rikenellaceae;g__Alistipes;s__Alistipes_shahii	0.0164525682842	0.0032936778349	-0.0123394733165	-0.00831200804253	-0.0107527306241	0.00183872245848	1.0	-0.0483238720784	-0.0143688628361	-0.0499916019338	-0.0442224386575	-0.0119032668309	0.0176529887655	-0.0287504769733	-0.0582573823013	0.00902007109248	-0.00353254919662	0.0087605446748	-0.0384310749566	-0.0189571634077	-0.0192001806627	-0.0113339776542	0.0187155657869	0.0247438903497	0.0220710479594	0.0320422702781	-0.000293053110254	-0.000257110888708	0.0204749789325	0.0015423588909	-0.0179897989989	-0.0275449330568	-0.00858133126058	-0.00302183739291	0.0248099432438	-0.00205418467892	0.0485750350563	-0.0528240907779	-0.00102856917086	-0.00863214428007	-0.0134773725666	0.0780716262105	0.00888519286795	-0.0338911997396	-0.0296834587593	-0.00214076332741	-0.0183725571051	0.0223262192035	-0.00458179431048	-0.029692576888	0.010976446706	-0.0602876868845	0.0191491187282	0.03817554326	0.0222811955006	0.0110332974096	-0.00693299747025	-0.0202581300423	0.00344877919092
k__Bacteria;p__Firmicutes;c__Clostridia;o__Clostridiales;f__Ruminococcaceae;g__Faecalibacterium;s__Faecalibacterium_prausnitzii	-0.055058337433	-0.0381578032009	-0.011217145903	0.00778487381732	0.0350935311929	-0.0309578789102	-0.0483238720784	1.0	-0.025889238971	-0.0110353475685	0.0147106255459	-0.0191548687515	0.059983995516	-0.00548293384285	-0.00900060921222	0.00285306388068	-0.0857613875122	0.0109754032269	0.0170208910315	0.0428996789489	0.00567466153604	0.0185639946665	0.0455552281124	-0.0422210552739	-0.079373926317	0.02403755352	0.000697238465238	-0.0235695073585	-0.0533669414881	0.0055803843788	-0.00633863317113	-0.00226261941822	0.00399673334092	0.0293394415559	-0.0343791939661	-0.0110482090003	-0.0359069756419	-0.0413525559016	-0.0132467750699	-0.0053454424143	-0.00223985534753	0.0523011069976	0.0533056397388	0.0311728540392	0.0444594975262	-0.031855267407	-0.0161959746385	-0.0642982114488	-0.0471767814111	0.0221006539544	0.0274798884579	-0.0153999708219	-0.0199267200231	-0.0309637100316	0.0254459986221	-0.019685750056	-0.0334568524324	-0.0239820871562	0.0113378070735
k__Bacteria;p__Bacteroidetes;c__Bacteroidia;o__Bacteroidales;f__Rikenellaceae;g__Alistipes;s__Alistipes_finegoldii	-0.00901511372096	-0.0646715894412	0.0247189176499	-0.0487919864501	0.00146101771815	-0.0410097126027	-0.0143688628361	-0.025889238971	1.0	0.0125881968423	0.0357022332142	0.0107283980293	-0.0120354411139	0.0357268274402	0.0172979628809	0.0126259849285	0.00470221888743	-0.0463909009734	0.034754279875	0.0590938290629	0.030627009212	0.0133024067706	0.0328686686173	-0.0524586824358	0.0128455364777	0.0371765656994	-0.0128830677708	0.0379116099678	0.0253398852898	0.0197561675182	-0.0303089419631	-0.0142145888786	-0.00942015413739	-0.00628712892991	-0.0124657904938	-0.0119990901281	-0.050542765385	-0.0136068014386	-0.0325225319732	-0.0260313842992	-0.0115590428448	0.0216298400653	-0.0639898234243	-0.0306142148435	-0.0479370254559	-0.0808684840588	0.0129725297656	0.0267755740436	-0.0110912920221	-0.0114898613729	0.0146966075241	0.00408172926712	-0.00601086374309	0.0214383215365	0.0260116665776	-0.032050043814	0.0221253323376	0.0107707197549	-0.0265620284226
k__Bacteria;p__Bacteroidetes;c__Bacteroidia;o__Bacteroidales;f__Porphyromonadaceae;g__Parabacteroides;s__Parabacteroides_distasonis	-0.0364751962854	0.0116545619573	-0.0323772003799	-0.0176264447929	-0.0372965787869	0.0219439168043	-0.0499916019338	-0.0110353475685	0.0125881968423	1.0	-0.0535493196259	-0.0197079126505	-0.0007185699558	0.0110228075151	0.00746265939891	-0.0160125036059	-0.0034888249056	-0.0232859804522	-0.019854139231	0.0142155502494	0.0296619806131	-0.00299938299818	-0.0614241898187	0.00903481240973	-0.0616047917559	-0.0176181121458	0.0146794718172	-0.0548942765219	-0.0230148216636	0.0336771197192	-0.0138531627617	-0.0615650515875	0.0277644598701	-0.0191679528388	-0.0264282582791	0.0282014222826	0.0179166677981	0.0124285306038	0.000356648934866	0.0500300925679	-0.0173550275047	0.00656754920097	0.0321705604865	-0.0491985618109	-0.0158838157445	-0.0164357704408	0.0300692084563	0.00979698561602	0.0145090770312	0.000338927177213	-0.0321027885909	0.0614032123694	-0.0352134596057	0.0177551272849	0.0360048942598	-0.0238592805425	-0.0436372078881	0.0192168482882	-0.0557359438029
k__Bacteria;p__Bacteroidetes;c__Bacteroidia;o__Bacteroidales;f__Bacteroidaceae;g__Bacteroides;s__Bacteroides_thetaiotaomicron	0.00703259274696	0.0155721617893	-0.0210185028008	-0.00128515518333	0.0150188043954	-0.0476199348681	-0.0442224386575	0.0147106255459	0.0357022332142	-0.0535493196259	1.0	0.0211970161567	-0.0143818985252	0.0376833069283	0.0303320690037	0.015079949199	0.0617368794746	-0.0129249914406	0.0703488017862	-0.0195159499233	-0.0383859803447	0.00140212201883	-0.0841882632502	-0.0062318203125	0.034621309502	-0.0154009867958	0.0156998448647	-0.0433989235432	-0.044464934774	0.00137292029534	-0.0530481711297	-0.00658030453339	-0.0255194029607	-0.0110485189566	0.00996969488011	-0.0242104402971	0.0155060301881	0.000394732591856	0.0352785781081	0.00896335969639	0.0238154785572	-0.0254954304866	0.00602844309122	-0.069383504272	-0.0232313730582	0.00721841964877	-0.0333781377689	-0.038520496942	0.0075163568853	-0.0235726575244	0.00305456180737	-0.0300557304357	-0.0446902473301	0.0549916956306	0.00626988412509	0.0383671745748	0.0185636690796	-0.0220005351598	0.0262269622911
k__Bacteria;p__Bacteroidetes;c__Bacteroidia;o__Bacteroidales;f__Bacteroidaceae;g__Bacteroides;s__Bacteroides_coprocola	-0.0382114535027	0.0178619618316	-0.00883406995809	0.00215503173543	-0.0104583981842	0.00422285396151	-0.0119032668309	-0.0191548687515	0.0107283980293	-0.0197079126505	0.0211970161567	1.0	-0.0132363507201	-0.051271741485	0.0553470215963	0.0208807547441	-0.00873082511142	-0.0256066134561	0.02953769169	-0.00461758277598	-0.0411325115732	0.0040160555887	0.0269467909547	0.0271236617788	-0.01529221405	0.0141099477335	-0.0176128852889	-0.0386314712449	-0.00440480200933	-0.0120188935301	0.0472603874494	-0.00112757581422	0.0106146774931	-0.000181216094034	0.04261265812	-0.00835517445327	-0.0292790369291	-0.0061992088599	0.0206213022102	-0.0193470432405	-0.0575739451231	-0.0150997855651	-0.0469786641922	0.0293065712432	-0.00621108991903	0.048132300767	-0.024031992996	0.0827866035359	-0.051937922083	-0.0267118867714	0.0593094673365	-0.0246853220731	0.043198963889	-0.0504957573455	-0.0477648971176	-0.0469992837826	0.0374300410735	0.0756501732951	-0.0134836793765
k__Bacteria;p__Bacteroidetes;c__Bacteroidia;o__Bacteroidales;f__Bacteroidaceae;g__Bacteroides;s__Bacteroides_cellulosilyticus	0.0242724403978	-0.0428988459132	-0.0191903356106	-0.00615443815523	-4.99107462017e-05	0.0523472626398	0.0176529887655	0.059983995516	-0.0120354411139	-0.0007185699558	-0.0143818985252	-0.0132363507201	1.0	-0.00872584420083	-0.00010649417213	0.0451442104197	-0.0402465264481	-0.0307747200667	-0.0416794385606	0.00864172938088	0.009755298098	0.0715937308202	0.0344492001218	0.024530327268	-0.0206090756826	-0.00509792468708	-0.044217833691	-0.0342207359792	0.021553308998	0.0326521326291	-0.0261632636313	-0.0513647433135	0.02289040408	0.0026060960725	-0.00922570909404	-0.0679410775238	-0.0180964646976	-0.01446677021	-0.0396783138092	-0.0327487074523	-0.0119848432761	0.0381650655539	-0.0363719023124	-0.0444892119907	-0.0962681285564	-0.0353420606873	-0.0484638560282	0.044367996929	-0.0358254071732	-0.0390874172818	0.0616512335937	-0.0151434903966	0.0148225897048	0.00154286435492	-0.0373907338804	-0.0255243886574	-0.0306805291119	0.0068769941519	-0.0512598205427
k__Bacteria;p__Bacteroidetes;c__Bacteroidia;o__Bacteroidales;f__Rikenellaceae;g__Alistipes;s__Alistipes_obesi	-0.011244349039	0.0194969588293	-0.0172944682746	-0.00988010929375	0.00895270092124	0.000454075044916	-0.0287504769733	-0.00548293384285	0.0357268274402	0.0110228075151	0.0376833069283	-0.051271741485	-0.00872584420083	1.0	0.00285053458532	-0.0330391626958	0.041241367896	-0.00365757075554	0.0448654722014	-0.0400055585102	0.0261760233809	-0.112236310611	-0.0433987610728	-0.0173508957191	-0.0744771420652	-0.0325524749904	0.0436607509723	-0.0196004689152	0.107856089204	-0.0462931298636	0.0122088046901	-0.0167039944019	-0.0983014023226	-0.00653134282758	0.0234460489862	-0.0410962080411	-0.0288074984088	0.0264640499209	-0.0249960628812	0.0190861386003	0.0466668099957	-0.00750120833873	-0.0168984885007	0.0314330051003	-0.0529032019354	-0.0442035406133	-0.0143089813196	0.024891155065	-0.0660012956722	-0.000288548654226	-0.0201722047244	-0.00843640807898	-0.026144138685	-0.0224777641659	0.0294558267922	0.0294410908967	0.0193394196751	-0.00688493317929	-0.0485697106072
k__Bacteria;p__Firmicutes;c__Clostridia;o__Clostridiales;f__Lachnospiraceae;g__;s__[Eubacterium]_rectale	0.00627681517178	-0.0319478996703	-0.00962695636306	0.00640097548308	-0.000768621125611	-0.0623126965534	-0.0582573823013	-0.00900060921222	0.0172979628809	0.00746265939891	0.0303320690037	0.0553470215963	-0.00010649417213	0.00285053458532	1.0	-0.046997029591	-0.0426370296216	0.000425324537193	-0.0013026261924	-0.00784721197594	-0.0329778528441	-0.0205014047831	-0.0133080819266	-0.00390742597196	0.0530824370657	-0.0766657070978	0.0221952321366	0.00712865694748	0.0420182532083	-0.0393167881311	0.00947956034238	-0.0152348044675	-0.014891658759	-0.0346842387344	0.00365598901612	-0.0140340918876	-0.0866181830791	-0.0370854853961	-0.0301593456283	-0.000597118732633	0.0222559677665	-0.0439366613186	-0.0301845658343	-0.0254052446371	-0.0089786717807	-0.0292926731412	-0.0544453492569	-0.0139937443815	0.0430074510296	0.0195045836152	-0.0152200145957	-0.0260572203173	-0.00201405132956	-0.0063706672356	0.0325599200223	-0.0330415369624	-0.0483951119878	-0.00168777154533	-0.0137703043664
k__Bacteria;p__Bacteroidetes;c__Bacteroidia;o__Bacteroidales;f__Bacteroidaceae;g__Bacteroides;s__Bacteroides_plebeius	-0.0324742264814	-0.00780357141687	0.0126228083763	0.00380713851508	-0.0090199444048	0.00664560530661	0.00902007109248	0.00285306388068	0.0126259849285	-0.0160125036059	0.015079949199	0.0208807547441	0.0451442104197	-0.0330391626958	-0.046997029591	1.0	0.0502909229109	0.0468678604078	-0.00192457550646	-0.0163142354992	-0.0434172464492	-0.048344602538	-0.0325464738717	-0.0306682419201	-0.0585416075047	-0.0154744034493	-0.000901831272921	0.0134426234706	0.0597803933552	-0.00988721170649	-0.0403979608221	-0.0254298562551	0.0433943340488	0.0476563211443	-0.050785940468	-0.0135027867547	0.0276894956443	-0.0061864973585	-0.0197031148976	0.0135088886215	-0.0106959058163	-0.0192849247801	-0.0034632190949	-0.0197731193243	-0.04200595853	0.0237389889366	-0.0335416844431	-0.0531964080229	0.0345622862314	0.0112566400868	-0.000468966110635	-0.0407007941798	-0.0164317720101	0.0234407552658	-0.00646028510058	-0.020684067755	-0.0165665705599	0.0197321022223	-0.0209517996496
k__Bacteria;p__Bacteroidetes;c__Bacteroidia;o__Bacteroidales;f__Bacteroidaceae;g__Bacteroides;s__Bacteroides_fragilis	-0.00646068258838	-0.0138882557486	-0.0239294624733	0.0385999076731	0.0419367582724	0.0234989024715	-0.00353254919662	-0.0857613875122	0.00470221888743	-0.0034888249056	0.0617368794746	-0.00873082511142	-0.0402465264481	0.041241367896	-0.0426370296216	0.0502909229109	1.0	0.0113612648282	-0.00220619655784	-0.065016642565	-0.0465076635165	-0.0756195696975	-0.0480942521115	0.00313898610963	-0.00321483028274	-0.0211991294753	-0.00880940494081	0.0512176712787	-0.0529108650239	-0.0191493865428	-0.0114408965673	-0.000843449381578	-0.00557132708826	-0.00183832989377	-0.046685715807	-0.0673425372042	-0.0370203377553	-0.0119746583944	0.0239727686088	0.0117042151716	-0.102073424078	0.0199479985481	-0.00173200607923	0.00455450899923	0.00650111226568	0.0581965828991	0.0853319805571	0.0201586581577	0.0113016848234	-0.0871196166473	0.0254617911091	-0.026108630983	-0.0354834274692	0.0017315003903	0.0105241042564	-0.0168228468239	0.0038963672382	0.0263953166005	0.00223146767152
k__Bacteria;p__Proteobacteria;c__Betaproteobacteria;o__Burkholderiales;f__Sutterellaceae;g__Sutterella;s__Sutterella_wadsworthensis	-0.0192510856536	0.0508015944245	-0.00988440368145	-0.0167913511799	-0.0180125076328	-0.038085851626	0.0087605446748	0.0109754032269	-0.0463909009734	-0.0232859804522	-0.0129249914406	-0.0256066134561	-0.0307747200667	-0.00365757075554	0.000425324537193	0.0468678604078	0.0113612648282	1.0	0.0310064011119	0.0059239128655	-0.0710745061639	-0.0257790194179	-0.0277636645912	0.00229382654658	0.0414586001192	0.024116735572	0.00471784000008	-0.0320671163185	-0.0157198490894	-0.00773992712956	0.0241617620884	0.0174470290152	0.0199571913445	0.0488422151146	0.00660747070364	-0.0322684842529	0.0417186021887	-0.0672204090503	0.0113686310264	-0.0118907414789	-0.102963059372	-0.0119737778007	0.0445229876231	-0.0561521405508	-0.0351088431184	-0.016725503155	0.0136791792415	-0.00342760533166	0.00925636278389	-0.00454059812407	-0.00967707427847	0.0141965435831	-0.0159209111037	0.00706929740451	0.0370960175027	-0.0719105661726	0.000953618551765	0.000628843195108	0.0318615428371
k__Bacteria;p__Bacteroidetes;c__Bacteroidia;o__Bacteroidales;f__Porphyromonadaceae;g__Barnesiella;s__Barnesiella_intestinihominis	-0.0400813867796	-0.00880634817831	-0.046279255791	-0.0120420942869	-0.0223950362216	-0.0123675893713	-0.0384310749566	0.0170208910315	0.034754279875	-0.019854139231	0.0703488017862	0.02953769169	-0.0416794385606	0.0448654722014	-0.0013026261924	-0.00192457550646	-0.00220619655784	0.0310064011119	1.0	-0.020708115231	-0.0170986904168	-0.0661114996465	0.0202491562165	-0.0199173693682	-0.0311980988506	0.0145812401076	0.0166483988303	-0.00456448760151	-0.0159919968974	-0.00893792012787	0.0179323810761	0.0571090824139	-0.0399091280357	-0.00697036756034	-0.0369314948065	0.014009086268	0.0173636098112	0.0477886457609	0.01456766222	0.0335641632403	-0.0240086594246	0.00742350934246	-0.050361311774	-0.00711014959167	-0.0595151660672	-0.00519209708997	0.00282232473341	-0.047377544295	-0.020151472088	-0.0452210097847	-0.00392052950219	-0.0470514404937	0.0151254813949	0.00291671321307	-0.0389189908409	-0.0050303825232	0.00321457618623	-0.0639058246218	0.0261187399817
k__Bacteria;p__Bacteroidetes;c__Bacteroidia;o__Bacteroidales;f__Odoribacteraceae;g__Odoribacter;s__Odoribacter_splanchnicus	0.0349359004702	-0.00723436619037	0.0052074401928	-0.0503188743812	0.00164460230198	-0.0277707914244	-0.0189571634077	0.0428996789489	0.0590938290629	0.0142155502494	-0.0195159499233	-0.00461758277598	0.00864172938088	-0.0400055585102	-0.00784721197594	-0.0163142354992	-0.065016642565	0.0059239128655	-0.020708115231	1.0	0.0105960343187	-0.0413159853824	0.020690273121	-0.0119199271092	0.0467472916391	-0.0223658600755	-0.0402318574235	-0.0118199364896	0.0087106316096	-0.00853101762354	-0.00188807112714	-0.00673204146404	-0.00813032103236	0.0341482579378	0.0195801553343	0.00691965918852	0.0134026850713	0.0288914019547	0.00564187338454	0.00830354235542	-0.0200428635501	-0.036244677513	0.0380097721079	0.00292567209568	0.00832353351797	0.0183338249658	-0.0086506441335	-0.0334482261738	-0.0141622866785	0.0277158951203	-0.0495611157638	-0.0393773774622	-0.00342607404441	-0.00141166164279	-0.0261648632771	0.0288931769955	-0.0240270738713	-0.0604803685348	-0.0503908792674
k__Bacteria;p__Bacteroidetes;c__Bacteroidia;o__Bacteroidales;f__Bacteroidaceae;g__Bacteroides;s__Bacteroides_salyersiae	-0.0285977666447	0.0123208203541	-0.00091769624041	-0.0301194117449	-0.00502176064427	-0.0173264320099	-0.0192001806627	0.00567466153604	0.030627009212	0.0296619806131	-0.0383859803447	-0.0411325115732	0.009755298098	0.0261760233809	-0.0329778528441	-0.0434172464492	-0.0465076635165	-0.0710745061639	-0.0170986904168	0.0105960343187	1.0	0.0490125795701	-0.0615015714753	-0.0307961221934	0.00862213256839	-0.0147289462499	-0.00599444709133	0.00880878286172	-0.0202800553193	-0.0365545286542	-0.000793347481157	0.0190054074006	0.00704377353936	0.00170631792383	0.00688809661828	-0.0310997622468	-0.0702614921242	0.0479297706625	-0.0180436913382	-0.0305912287362	0.00489112143943	0.0381302682919	-0.0516502625	0.034026072003	-0.0591498322409	0.00377027580848	0.0205283441794	-0.0188927493934	-0.0322002487252	-0.0620423594402	-0.0118896431452	-0.0508661790388	0.0176007773376	0.0315910914962	-0.0280065063129	0.00961728650634	-0.0500110223701	-0.0042160494338	0.0119649737665
k__Bacteria;p__Firmicutes;c__Clostridia;o__Clostridiales;f__Ruminococcaceae;g__Ruminiclostridium;s__[Eubacterium]_siraeum	-0.0451196313253	-0.0247204905842	-0.022209279685	0.0689247423013	-0.000317143274402	-0.0197641202744	-0.0113339776542	0.0185639946665	0.0133024067706	-0.00299938299818	0.00140212201883	0.0040160555887	0.0715937308202	-0.112236310611	-0.0205014047831	-0.048344602538	-0.0756195696975	-0.0257790194179	-0.0661114996465	-0.0413159853824	0.0490125795701	1.0	0.00138662212738	-0.0121163664236	-0.0134586206285	-0.0432709301414	-0.0503052478515	-0.0489213464747	-0.0438340925756	-0.0172196268277	0.0420315873609	0.000464280894016	0.0531805377667	0.0520967782576	0.0315338034832	-0.0519534955799	0.00239155116141	-0.0201292539565	0.00187262000247	-0.0469378293946	-0.0234536755309	0.0355029918586	0.0529720774525	0.00792659637436	0.0313909662378	0.0118489844773	-0.0384387868921	-0.00719948351246	0.00339206152661	0.0218362693575	-0.0148941733767	0.00248181225499	-0.0642111935093	0.0032475233035	-0.0165640007145	0.0164277252842	0.0404836024558	-0.0179727938626	-0.0328307534656
k__Bacteria;p__Proteobacteria;c__Betaproteobacteria;o__Burkholderiales;f__Sutterellaceae;g__Parasutterella;s__Parasutterella_excrementihominis	-0.0507356322664	0.0339423915538	-0.00819805230813	-0.032226862782	-0.0172057464828	-0.0246749778012	0.0187155657869	0.0455552281124	0.0328686686173	-0.0614241898187	-0.0841882632502	0.0269467909547	0.0344492001218	-0.0433987610728	-0.0133080819266	-0.0325464738717	-0.0480942521115	-0.0277636645912	0.0202491562165	0.020690273121	-0.0615015714753	0.00138662212738	1.0	-0.0534043571243	-0.022916312026	-0.0204738838677	-0.0125383038705	0.00407120251029	0.000391737991852	-0.0226889314214	0.00737245663351	-0.00125141925618	-0.017619126779	-0.000616729453597	0.0392691667905	0.015490960088	-0.0514773195608	0.0622426465499	0.0473627845053	0.0217587481308	-0.0128407555593	-0.00524872166613	-0.0424150714735	-0.00368747136817	-0.0131553937261	0.021704329828	0.0105368222858	-0.00593358557644	0.0156683795228	0.0136430159755	-0.0698236298846	-0.0112824583841	0.00994231665687	-0.0104653554477	0.041013756479	-0.0385829111322	0.0412572819171	-0.00582853587138	0.0373121583198
k__Bacteria;p__Actinobacteria;c__Actinobacteria;o__Bifidobacteriales;f__Bifidobacteriaceae;g__Bifidobacterium;s__Bifidobacterium_adolescentis	0.0671210078231	0.0639734807891	0.0340252145763	-0.0701766233315	-0.0170718735683	-0.036315245052	0.0247438903497	-0.0422210552739	-0.0524586824358	0.00903481240973	-0.0062318203125	0.0271236617788	0.024530327268	-0.0173508957191	-0.00390742597196	-0.0306682419201	0.00313898610963	0.00229382654658	-0.0199173693682	-0.0119199271092	-0.0307961221934	-0.0121163664236	-0.0534043571243	1.0	-0.00943587972398	0.00218101846322	0.0364747685176	-0.0014053034701	-0.0559082431516	-0.0145116905507	0.0717798173584	0.0255356071943	0.0600175705881	-0.0754600780782	0.00714137256834	-0.0363980078861	0.014156380004	-0.0129172825167	0.0171374663282	-0.00078967337933	-0.0338421553211	-0.014686787436	0.0230390490568	-0.0131381164885	0.0213887989696	-0.0201055691596	-0.0309734450927	-0.0739033856335	-0.0207208748479	-0.00799981096734	-0.00493296572425	0.00320433124433	0.0199439509911	0.00374925029972	-0.011810121581	-0.00060166888115	0.0206281670709	-0.0143561337136	0.0138944363372
k__Bacteria;p__Firmicutes;c__Clostridia;o__Clostridiales;f__Oscillospiraceae;g__Oscillibacter;s__Oscillibacter_sp._KLE_1745	-0.0373467730184	0.00882660847954	5.36869473333e-05	-0.00649789977773	0.0176914255929	0.00213855444319	0.0220710479594	-0.079373926317	0.0128455364777	-0.0616047917559	0.034621309502	-0.01529221405	-0.0206090756826	-0.0744771420652	0.0530824370657	-0.0585416075047	-0.00321483028274	0.0414586001192	-0.0311980988506	0.0467472916391	0.00862213256839	-0.0134586206285	-0.022916312026	-0.00943587972398	1.0	-0.0481484773523	-0.0344017968628	0.0377706749912	-0.0391732569026	-0.010283459356	0.0630392360972	0.0653909777526	-0.0717306789041	0.0365250035111	-0.0293475036499	-0.0522154663896	-0.0355635886776	-0.0165379966286	0.00640672575763	0.0108701646689	-8.71269977324e-05	0.0238133459344	0.0118839387258	0.0129256063534	-0.0169295638217	-0.0307947907456	0.00931700697304	-0.0480538573788	-0.019930350984	-0.0157806777685	0.0173037687014	-0.0214584919095	-0.0144352543387	-0.0325798821928	-0.0516710589455	-0.0582170440147	-0.0260451406179	0.0253182792155	0.055795694163
k__Bacteria;p__Bacteroidetes;c__Bacteroidia;o__Bacteroidales;f__Bacteroidaceae;g__Bacteroides;s__Bacteroides_coprophilus	0.0262293002692	-0.0226388466918	-0.0106872955237	-0.0272418499749	-0.0283350247025	0.0243254902236	0.0320422702781	0.02403755352	0.0371765656994	-0.0176181121458	-0.0154009867958	0.0141099477335	-0.00509792468708	-0.0325524749904	-0.0766657070978	-0.0154744034493	-0.0211991294753	0.024116735572	0.0145812401076	-0.0223658600755	-0.0147289462499	-0.0432709301414	-0.0204738838677	0.00218101846322	-0.0481484773523	1.0	-0.0433669906293	-0.0225338262312	0.0264982677005	-0.028731734586	0.0888725979617	0.00258553201313	0.0090971026067	0.00132305662653	0.0347127190749	0.00392230954453	0.0789333866878	-0.0181533333072	0.00426840916484	-0.0861170212942	-0.024792493601	0.0356697780811	-0.0410063595577	-0.0160558039352	0.056641544963	-0.0546982702226	0.00481140941142	-0.00174052986493	-0.0097132138217	-0.0725356536529	-0.013028798822	0.0360933574825	0.0172275579919	-0.00228305426206	-0.0532830710094	-0.0151066562363	0.00593364394589	-0.0107567111522	0.0111423119617
k__Bacteria;p__Firmicutes;c__Clostridia;o__Clostridiales;f__Lachnospiraceae;g__Roseburia;s__Roseburia_intestinalis	-0.0186963341578	-7.41120147624e-05	-0.0411584160923	-0.0312580788759	0.0445125948791	-0.0783354303252	-0.000293053110254	0.000697238465238	-0.0128830677708	0.0146794718172	0.0156998448647	-0.0176128852889	-0.044217833691	0.0436607509723	0.0221952321366	-0.000901831272921	-0.00880940494081	0.00471784000008	0.0166483988303	-0.0402318574235	-0.00599444709133	-0.0503052478515	-0.0125383038705	0.0364747685176	-0.0344017968628	-0.0433669906293	1.0	0.0242692728395	-0.0323852418742	0.039651942757	0.0176853723841	-0.0475294099789	0.0293420758522	-0.00769220289069	-0.0262250792354	0.0028801910401	0.00176163607484	-0.0269356591194	-0.00781152515299	-0.0114329011706	0.0264038962673	-0.015044952636	0.0182066350715	-0.0508221299361	-0.0301596810451	-0.0164602082294	0.0365313951886	0.00651988873495	0.0184440211383	0.0462601757917	-0.0112661302588	0.00996568440511	0.0164203309454	-0.0457005980288	-0.0333775595959	0.0135988164898	0.0253115583222	0.0148920873586	-0.0293325966762
k__Bacteria;p__Firmicutes;c__Clostridia;o__Clostridiales;f__Lachnospiraceae;g__Roseburia;s__Roseburia_hominis	-0.00425101063832	0.00491770261374	-0.0266680199292	0.00614782206514	0.0103947003287	-0.022154206014	-0.000257110888708	-0.0235695073585	0.0379116099678	-0.0548942765219	-0.0433989235432	-0.0386314712449	-0.0342207359792	-0.0196004689152	0.00712865694748	0.0134426234706	0.0512176712787	-0.0320671163185	-0.00456448760151	-0.0118199364896	0.00880878286172	-0.0489213464747	0.00407120251029	-0.0014053034701	0.0377706749912	-0.0225338262312	0.0242692728395	1.0	0.0546774359568	0.0475801576863	0.00380560748011	0.0152918084933	0.00682692386691	0.00180322498207	0.0293665215272	-0.0305431323069	-0.0291547855473	-0.000878009375414	-0.0418417984588	-0.000318842811661	-0.00483136089795	0.0317458913912	-0.0212647623997	0.0479390562865	-0.0327792828635	0.0126650164293	-0.00823938650192	-0.080871352404	-0.00984321274248	-0.00811265200113	0.0363397338571	-0.0213749519723	-0.0319778601436	-0.0180924919742	0.0405554211718	-0.0787722715465	0.0109661217577	-0.0123381873595	0.0104831266152
k__Bacteria;p__Bacteroidetes;c__Bacteroidia;o__Bacteroidales;f__Porphyromonadaceae;g__Parabacteroides;s__Parabacteroides_johnsonii	0.0104521402986	-0.0142770423448	0.00892000132043	0.00866368608863	0.015621519171	-0.0193903032382	0.0204749789325	-0.0533669414881	0.0253398852898	-0.0230148216636	-0.044464934774	-0.00440480200933	0.021553308998	0.107856089204	0.0420182532083	0.0597803933552	-0.0529108650239	-0.0157198490894	-0.0159919968974	0.0087106316096	-0.0202800553193	-0.0438340925756	0.000391737991852	-0.0559082431516	-0.0391732569026	0.0264982677005	-0.0323852418742	0.0546774359568	1.0	0.01798709687	-0.00926710040722	0.0267663456353	-0.00531295451197	-0.0188181246371	-0.0212012033487	0.0276532102251	-0.0251437599375	-0.00655953627211	-0.022246339503	-0.0284110902487	0.102188748946	0.0359075962845	0.0519716388612	0.00539395007233	-0.0249520437	-0.0145534952177	-0.0529182766285	-0.0241676823955	0.00679423653358	-0.00912995346664	-0.0362015111602	-0.0420830920673	-0.0104721670128	-0.0176133478642	-0.0311355285294	-0.0144298345874	0.00517897522461	0.0357601363728	-0.0120674997486
k__Bacteria;p__Actinobacteria;c__Actinobacteria;o__Bifidobacteriales;f__Bifidobacteriaceae;g__Bifidobacterium;s__Bifidobacterium_longum	-0.00915757022489	-0.0245488747597	-0.0176419276972	-0.0191514319245	-0.00937868028452	0.0873598824886	0.0015423588909	0.0055803843788	0.0197561675182	0.0336771197192	0.00137292029534	-0.0120188935301	0.0326521326291	-0.0462931298636	-0.0393167881311	-0.00988721170649	-0.0191493865428	-0.00773992712956	-0.00893792012787	-0.00853101762354	-0.0365545286542	-0.0172196268277	-0.0226889314214	-0.0145116905507	-0.010283459356	-0.028731734586	0.039651942757	0.0475801576863	0.01798709687	1.0	-0.0310022916114	-0.0282054215949	0.0122259047775	-0.00292643202971	0.0584549320482	-0.0320836799856	0.0199236812549	-0.0450196709407	-0.0442573379724	0.0272399065478	-0.0473611002686	-0.0144341617176	-0.0294077877124	0.0444837621122	-0.0383444968327	0.0383047122809	0.0237951426682	0.00817826920267	-0.00170157582118	-0.0320294897623	0.00456280144573	0.059687569425	-0.0681224835843	-0.0375651739262	-0.0403198104105	-0.00245302665498	-0.0606087160448	0.0270954864243	-0.00846501431492
