#taxonomy	k__Bacteria;p__Bacteroidetes;c__Bacteroidia;o__Bacteroidales;f__Bacteroidaceae;g__Bacteroides;s__Bacteroides_vulgatus	k__Bacteria;p__Bacteroidetes;c__Bacteroidia;o__Bacteroidales;f__Bacteroidaceae;g__Bacteroides;s__Bacteroides_uniformis	k__Bacteria;p__Bacteroidetes;c__Bacteroidia;o__Bacteroidales;f__Rikenellaceae;g__Alistipes;s__Alistipes_putredinis	k__Bacteria;p__Bacteroidetes;c__Bacteroidia;o__Bacteroidales;f__Prevotellaceae;g__Prevotella;s__Prevotella_copri	k__Bacteria;p__Bacteroidetes;c__Bacteroidia;o__Bacteroidales;f__Bacteroidaceae;g__Bacteroides;s__Bacteroides_stercoris	k__Bacteria;p__Bacteroidetes;c__Bacteroidia;o__Bacteroidales;f__Bacteroidaceae;g__Bacteroides;s__Bacteroides_ovatus	k__Bacteria;p__Bacteroidetes;c__Bacteroidia;o__Bacteroidales;f__Rikenellaceae;g__Alistipes;s__Alistipes_shahii	k__Bacteria;p__Firmicutes;c__Clostridia;o__Clostridiales;f__Ruminococcaceae;g__Faecalibacterium;s__Faecalibacterium_prausnitzii	k__Bacteria;p__Bacteroidetes;c__Bacteroidia;o__Bacteroidales;f__Rikenellaceae;g__Alistipes;s__Alistipes_finegoldii	k__Bacteria;p__Bacteroidetes;c__Bacteroidia;o__Bacteroidales;f__Porphyromonadaceae;g__Parabacteroides;s__Parabacteroides_distasonis	k__Bacteria;p__Bacteroidetes;c__Bacteroidia;o__Bacteroidales;f__Bacteroidaceae;g__Bacteroides;s__Bacteroides_thetaiotaomicron	k__Bacteria;p__Bacteroidetes;c__Bacteroidia;o__Bacteroidales;f__Bacteroidaceae;g__Bacteroides;s__Bacteroides_coprocola	k__Bacteria;p__Bacteroidetes;c__Bacteroidia;o__Bacteroidales;f__Bacteroidaceae;g__Bacteroides;s__Bacteroides_cellulosilyticus	k__Bacteria;p__Bacteroidetes;c__Bacteroidia;o__Bacteroidales;f__Rikenellaceae;g__Alistipes;s__Alistipes_obesi	k__Bacteria;p__Firmicutes;c__Clostridia;o__Clostridiales;f__Lachnospiraceae;g__;s__[Eubacterium]_rectale	k__Bacteria;p__Bacteroidetes;c__Bacteroidia;o__Bacteroidales;f__Bacteroidaceae;g__Bacteroides;s__Bacteroides_plebeius	k__Bacteria;p__Bacteroidetes;c__Bacteroidia;o__Bacteroidales;f__Bacteroidaceae;g__Bacteroides;s__Bacteroides_fragilis	k__Bacteria;p__Proteobacteria;c__Betaproteobacteria;o__Burkholderiales;f__Sutterellaceae;g__Sutterella;s__Sutterella_wadsworthensis	k__Bacteria;p__Bacteroidetes;c__Bacteroidia;o__Bacteroidales;f__Porphyromonadaceae;g__Barnesiella;s__Barnesiella_intestinihominis	k__Bacteria;p__Bacteroidetes;c__Bacteroidia;o__Bacteroidales;f__Odoribacteraceae;g__Odoribacter;s__Odoribacter_splanchnicus	k__Bacteria;p__Bacteroidetes;c__Bacteroidia;o__Bacteroidales;f__Bacteroidaceae;g__Bacteroides;s__Bacteroides_salyersiae	k__Bacteria;p__Firmicutes;c__Clostridia;o__Clostridiales;f__Ruminococcaceae;g__Ruminiclostridium;s__[Eubacterium]_siraeum	k__Bacteria;p__Proteobacteria;c__Betaproteobacteria;o__Burkholderiales;f__Sutterellaceae;g__Parasutterella;s__Parasutterella_excrementihominis	k__Bacteria;p__Actinobacteria;c__Actinobacteria;o__Bifidobacteriales;f__Bifidobacteriaceae;g__Bifidobacterium;s__Bifidobacterium_adolescentis	k__Bacteria;p__Firmicutes;c__Clostridia;o__Clostridiales;f__Oscillospiraceae;g__Oscillibacter;s__Oscillibacter_sp._KLE_1745	k__Bacteria;p__Bacteroidetes;c__Bacteroidia;o__Bacteroidales;f__Bacteroidaceae;g__Bacteroides;s__Bacteroides_coprophilus	k__Bacteria;p__Firmicutes;c__Clostridia;o__Clostridiales;f__Lachnospiraceae;g__Roseburia;s__Roseburia_intestinalis	k__Bacteria;p__Firmicutes;c__Clostridia;o__Clostridiales;f__Lachnospiraceae;g__Roseburia;s__Roseburia_hominis	k__Bacteria;p__Bacteroidetes;c__Bacteroidia;o__Bacteroidales;f__Porphyromonadaceae;g__Parabacteroides;s__Parabacteroides_johnsonii	k__Bacteria;p__Actinobacteria;c__Actinobacteria;o__Bifidobacteriales;f__Bifidobacteriaceae;g__Bifidobacterium;s__Bifidobacterium_longum	k__Bacteria;p__Firmicutes;c__Clostridia;o__Clostridiales;f__;g__Flavonifractor;s__Flavonifractor_plautii	k__Bacteria;p__Firmicutes;c__Clostridia;o__Clostridiales;f__Clostridiaceae;g__Clostridium;s__Clostridium_phoceensis	k__Bacteria;p__Verrucomicrobia;c__Verrucomicrobiae;o__Verrucomicrobiales;f__Akkermansiaceae;g__Akkermansia;s__Akkermansia_muciniphila	k__Bacteria;p__Bacteroidetes;c__Bacteroidia;o__Bacteroidales;f__Prevotellaceae;g__Paraprevotella;s__Paraprevotella_xylaniphila	k__Bacteria;p__Firmicutes;c__Clostridia;o__Clostridiales;f__Ruminococcaceae;g__Ruminococcus;s__Ruminococcus_callidus	k__Bacteria;p__Bacteroidetes;c__Bacteroidia;o__Bacteroidales;f__Rikenellaceae;g__Alistipes;s__Alistipes_senegalensis	k__Bacteria;p__Firmicutes;c__Clostridia;o__Clostridiales;f__Lachnospiraceae;g__Blautia;s__Blautia_sp._KLE_1732	k__Bacteria;p__Bacteroidetes;c__Bacteroidia;o__Bacteroidales;f__Bacteroidaceae;g__Bacteroides;s__Bacteroides_oleiciplenus	k__Bacteria;p__Firmicutes;c__Clostridia;o__Clostridiales;f__Ruminococcaceae;g__Ruminococcus;s__Ruminococcus_bicirculans	k__Bacteria;p__Bacteroidetes;c__Bacteroidia;o__Bacteroidales;f__Bacteroidaceae;g__Bacteroides;s__Bacteroides_fluxus	k__Bacteria;p__Bacteroidetes;c__Bacteroidia;o__Bacteroidales;f__Prevotellaceae;g__Prevotella;s__Prevotella_stercorea	k__Bacteria;p__Firmicutes;c__Clostridia;o__Clostridiales;f__Lachnospiraceae;g__Dorea;s__Dorea_longicatena	k__Bacteria;p__Firmicutes;c__Clostridia;o__Clostridiales;f__Eubacteriaceae;g__Eubacterium;s__[Eubacterium]_eligens	k__Bacteria;p__Firmicutes;c__Clostridia;o__Clostridiales;f__Ruminococcaceae;g__;s__Ruminococcaceae_bacterium_D16	k__Bacteria;p__Firmicutes;c__Clostridia;o__Clostridiales;f__Lachnospiraceae;g__Coprococcus;s__Coprococcus_comes	k__Bacteria;p__Proteobacteria;c__Gammaproteobacteria;o__Enterobacterales;f__Enterobacteriaceae;g__Escherichia;s__Escherichia_coli	k__Bacteria;p__Firmicutes;c__Clostridia;o__Clostridiales;f__Ruminococcaceae;g__Anaerotruncus;s__Anaerotruncus_colihominis	k__Bacteria;p__Firmicutes;c__Clostridia;o__Clostridiales;f__Lachnospiraceae;g__Blautia;s__Blautia_obeum	k__Bacteria;p__Bacteroidetes;c__Bacteroidia;o__Bacteroidales;f__Odoribacteraceae;g__Odoribacter;s__Odoribacter_laneus	k__Bacteria;p__Firmicutes;c__Clostridia;o__Clostridiales;f__Ruminococcaceae;g__Ruminiclostridium;s__[Clostridium]_leptum	k__Bacteria;p__Bacteroidetes;c__Bacteroidia;o__Bacteroidales;f__Porphyromonadaceae;g__Parabacteroides;s__Parabacteroides_goldsteinii	k__Bacteria;p__Firmicutes;c__Clostridia;o__Clostridiales;f__Lachnospiraceae;g__Anaerostipes;s__Anaerostipes_hadrus	k__Bacteria;p__Firmicutes;c__Clostridia;o__Clostridiales;f__Ruminococcaceae;g__Ruminococcus;s__Ruminococcus_lactaris	k__Bacteria;p__Firmicutes;c__Clostridia;o__Clostridiales;f__Clostridiaceae;g__Clostridium;s__Clostridium_sp._L2-50	k__Bacteria;p__Firmicutes;c__Clostridia;o__Clostridiales;f__Clostridiaceae;g__Clostridium;s__Clostridium_sp._M62/1	k__Bacteria;p__Firmicutes;c__Clostridia;o__Clostridiales;f__;g__Intestinimonas;s__Intestinimonas_butyriciproducens	k__Bacteria;p__Actinobacteria;c__Actinobacteria;o__Bifidobacteriales;f__Bifidobacteriaceae;g__Bifidobacterium;s__Bifidobacterium_bifidum	k__Bacteria;p__Firmicutes;c__Negativicutes;o__Veillonellales;f__Veillonellaceae;g__Dialister;s__Dialister_invisus	k__Bacteria;p__Bacteroidetes;c__Bacteroidia;o__Bacteroidales;f__Bacteroidaceae;g__Bacteroides;s__Bacteroides_salanitronis
k__Bacteria;p__Bacteroidetes;c__Bacteroidia;o__Bacteroidales;f__Bacteroidaceae;g__Bacteroides;s__Bacteroides_vulgatus	1.0	0.0529473293968	0.0672832312363	0.00562874137402	0.0306927923391	-0.000632914363496	0.00782841362593	0.0295860852531	0.0344159604382	0.00846649539978	-0.00585246885148	0.0491650531222	0.0517081024307	0.00121930634477	-0.0370624195316	-0.0388750788047	0.0360141450866	0.0417165189924	0.0433942521738	-0.0624108107536	-0.0471317927437	0.0509461303886	0.0368643564842	0.000985171134841	-0.031719207997	0.0102623994617	0.0479774216523	0.0132350068992	-0.000317448595388	0.0131112172814	-0.127309564134	-0.109312834419	-0.00904179084683	-0.0103043376984	0.051734008824	0.0345471992517	-0.0177391897806	0.0127220309941	0.0119231234715	-0.0322638088432	-0.101106168077	-0.0101379543956	-0.0145237066783	-0.045685534844	-0.0228315608326	-0.0390935974922	0.0124495911653	-0.0368742270262	-0.0399862141423	0.00480534901038	-0.0271820725526	-0.0456653332053	-0.0576106632457	-0.0250234812816	-0.0300600228482	-0.0255056726435	-0.0530212813806	0.0311075345816	0.00311307142661
k__Bacteria;p__Bacteroidetes;c__Bacteroidia;o__Bacteroidales;f__Bacteroidaceae;g__Bacteroides;s__Bacteroides_uniformis	0.0529473293968	1.0	-0.010516142804	-0.0508952091005	-0.00314232999467	-0.0518774336812	0.00372192203529	-0.0133326613144	-0.0960507162748	-0.052718517413	-0.0323383649544	-0.000721668837927	0.0147966532567	-0.0296139820398	0.0283039082489	0.0219505300018	0.0040290687803	0.032052287481	0.0130125183683	-0.0537782127067	0.00999042203503	0.0251329071624	-0.0802052141845	0.0113873307108	0.00885098632555	0.0468402877341	0.00959730071345	0.0424598084936	0.00142886047259	-0.0492249549419	0.0180336693271	0.108545615261	-0.0576292867155	-0.0191255018308	-0.0345187542692	-0.0173883281539	0.0225718400449	-0.0356249184422	0.0188114711764	-0.0265937303103	-0.000722690013566	0.05692698357	-0.0240951828677	-0.0246183587884	0.030359742916	0.00178712189786	-0.0562757993001	0.0243180936478	0.0186523136397	0.0337160002658	0.0106943282724	-0.0113722709601	0.0113911799756	-0.0252734908443	-0.0204210272431	-0.0366727755057	0.0138576249553	0.0390356885555	0.00276587908761
k__Bacteria;p__Bacteroidetes;c__Bacteroidia;o__Bacteroidales;f__Rikenellaceae;g__Alistipes;s__Alistipes_putredinis	0.0672832312363	-0.010516142804	1.0	-0.0360339334566	-0.0113126899847	-0.0272622605502	-0.0866168348514	0.0112678071117	0.0177354249191	-0.0174229635173	0.0102786425331	0.0104945973789	-0.038308126118	0.0325332529788	-0.071064015007	0.0575251937215	-0.012694872763	0.0194281509691	-0.0118506334832	0.00980521784326	0.0156324627186	0.0060560747062	0.0539662583807	0.0819567422805	0.018729555609	-0.0282853778056	-0.0300028799766	0.00621335073711	-0.00410069963275	-0.0105029106689	0.0185391763478	-0.0921758917455	0.00873224142562	-0.0348684865297	0.00839185974552	-0.0551969366278	0.0124489017022	-0.00435300842791	-0.00344248153317	0.0112105504815	0.0371606738012	0.0281870080301	-0.0295414326416	-0.0476292933809	-0.0134295553164	-0.0154511039416	-0.0554988266031	-0.022969735119	-0.0418143675991	0.00424555887938	-0.0241373941965	0.00834581754897	4.22435255545e-06	-0.0233788741095	-0.00406325701151	0.0214157071661	-0.0541609244351	0.0311609951698	0.0705672407671
k__Bacteria;p__Bacteroidetes;c__Bacteroidia;o__Bacteroidales;f__Prevotellaceae;g__Prevotella;s__Prevotella_copri	0.00562874137402	-0.0508952091005	-0.0360339334566	1.0	-0.00175757724317	0.0366992800746	0.0245875825992	-0.025223278028	0.0448758168614	0.00654360031152	-0.00456649099792	0.072659145284	0.0321911973917	-0.0708311016493	0.0411740007962	-0.0846513397073	0.0124894981879	0.0223679010935	-0.031197525469	0.0337202027245	-0.0365869878771	0.00528893556539	-0.0157659563674	-0.028770476345	-0.0411273126543	-0.0298300274848	-0.0554104732938	0.00499900665497	0.0406746067179	0.00444404072942	-0.043813157531	0.0292634942588	0.0533596411354	-0.00609279445793	-0.060539757295	-0.0508451691722	0.0923626079617	-0.0490395089198	-0.0490247262512	0.0141911328497	-0.000110458431217	-0.0255510071486	-0.00106993483808	-0.00831407332394	-0.00230255798668	0.0132656794977	0.00468575695144	-0.0297106043991	0.0268612259965	-0.0154863136467	0.00502100186727	-0.0167985973424	-0.0426789589802	-0.025195927741	0.0138132570796	-0.0357728969684	0.0278226728447	-0.0243121178457	0.0473325967523
k__Bacteria;p__Bacteroidetes;c__Bacteroidia;o__Bacteroidales;f__Bacteroidaceae;g__Bacteroides;s__Bacteroides_stercoris	0.0306927923391	-0.00314232999467	-0.0113126899847	-0.00175757724317	1.0	-0.0296590860157	0.0464061204144	0.0117402561335	0.0082447736693	-0.0251084473044	0.0196351493864	-0.0608314710337	-0.0765895158667	0.0206528032046	0.0339567234832	-0.0145451396331	0.00129702536461	-0.046880138163	-0.0060332963107	0.00982075508752	0.00979316634741	-0.00235370296636	0.0113025697409	-0.000939961248984	0.0333100973456	-0.0154999503079	0.0283969534198	0.00776509067416	-0.0189379398705	0.0140233024221	-0.0404135005124	-0.00827155382957	-0.0738488790541	0.00980467830417	-0.0161876999834	0.0346300942714	-0.0160748486944	-0.0269166711288	-0.0167178176478	-0.0925646058751	0.0161035700925	-0.0190604713968	-0.0136385606638	-0.00509297532582	-0.0545411071523	-0.0482390089221	0.0100354257778	-0.029404580115	0.0480107240535	-0.0524936648174	0.0408760635703	0.0359477662032	0.0329459380527	-0.00919265522981	-0.0109894348836	-0.0500364304611	0.00166034589134	-0.0737460731967	0.0740154805566
k__Bacteria;p__Bacteroidetes;c__Bacteroidia;o__Bacteroidales;f__Bacteroidaceae;g__Bacteroides;s__Bacteroides_ovatus	-0.000632914363496	-0.0518774336812	-0.0272622605502	0.0366992800746	-0.0296590860157	1.0	-0.0217974427448	0.00268258228667	-0.00368329524704	0.0179405011185	-0.0584946396588	0.0337726875442	0.0231849832533	-0.000285721644471	0.0196999556239	0.00716975975247	-0.00546432090075	0.00317457127984	0.000873529384859	0.0102114564488	-0.0143807603322	-0.00328151573348	-0.00722618425809	-0.0286768060033	0.025692449582	-0.000298500860591	-0.00595790800505	-0.00671825337401	0.00360854756739	-0.0346596485253	0.0329486928739	0.0215869213169	0.00663399141835	-0.0236757651753	-0.0418139022939	-0.0337314943999	-0.0263318477531	0.0499237956526	-0.0587214520049	-0.00217005184937	0.0114808663082	-0.00283417956482	-0.0407943264161	-0.044158759236	-0.0459811799233	0.00188842020026	0.0448519859586	-0.000846329356491	-0.0183397750926	0.00685287682555	0.00512959431844	-0.0426542143063	-0.0132803390042	-0.0246732790734	0.0201046001977	-0.0238357887205	-0.0669250456531	0.0301278653822	-0.0247102303124
k__Bacteria;p__Bacteroidetes;c__Bacteroidia;o__Bacteroidales;f__Rikenellaceae;g__Alistipes;s__Alistipes_shahii	0.00782841362593	0.00372192203529	-0.0866168348514	0.0245875825992	0.0464061204144	-0.0217974427448	1.0	-0.0376852287927	-0.0292169009384	0.0354689346853	-0.00242885795698	-0.00193031192008	-0.0719561836148	-0.000994845323766	0.00250419327076	-0.0246411228702	-0.0684148529603	0.0590040267674	-0.00846010373124	-0.0761699050596	-0.0732691895496	-0.00876116385129	-0.0606027536519	0.0139966829486	0.00198488368203	-0.00605746898146	0.0218258273572	0.0193280435871	-0.0538328392938	-0.0315782743917	0.0166984118713	-0.00159340658021	-0.00784918034062	0.0138932673589	0.0565796277775	-0.0546599685516	-0.00908343731007	-0.0321907662044	0.0234256468169	-0.0314757626495	-0.0295974403524	-0.00645280779387	-0.037288236712	-0.00879552567226	-0.0216115661672	0.0594367392001	-0.00228239241026	0.015288273385	0.00759968238495	-0.0508645580229	-0.0092516930714	-0.0435532959944	0.0155811857419	-0.000270507220092	-0.0247032596522	-0.0051878627443	-0.0332582829622	0.00491116885395	0.0515285934784
k__Bacteria;p__Firmicutes;c__Clostridia;o__Clostridiales;f__Ruminococcaceae;g__Faecalibacterium;s__Faecalibacterium_prausnitzii	0.0295860852531	-0.0133326613144	0.0112678071117	-0.025223278028	0.0117402561335	0.00268258228667	-0.0376852287927	1.0	-0.0372279749134	-0.0160595436011	-0.0749557957532	0.00139885573189	0.0197065474929	-0.0362875017806	-0.00463806393651	0.0736341152884	0.035168382644	-0.0484962116166	0.0387907038851	-0.00238632277936	-0.033983755615	-0.0403930235206	0.0475475586008	-0.0332591942152	-0.03957175854	-0.0614210993144	-0.00357033194882	-0.0144713387957	0.0248798455637	0.0188343182583	-0.0325964079384	0.063939109755	0.0465278563477	-0.00368164209273	0.0150926124663	-0.0204484589148	-0.011072008523	0.042374546636	-0.0603907188236	-0.02220417577	-0.107626041639	-0.0154170387485	-0.00272545869221	-0.00846142643603	-0.0317737997465	-0.0111171552347	0.0128142122353	0.0118409895521	0.0163900785876	0.065969398743	0.0433007481231	0.00261134293018	0.00567137972542	0.0034383649977	-0.0500351316476	-0.0211777508545	-0.0187161953403	-0.027054816511	0.00271097901435
k__Bacteria;p__Bacteroidetes;c__Bacteroidia;o__Bacteroidales;f__Rikenellaceae;g__Alistipes;s__Alistipes_finegoldii	0.0344159604382	-0.0960507162748	0.0177354249191	0.0448758168614	0.0082447736693	-0.00368329524704	-0.0292169009384	-0.0372279749134	1.0	-0.0147771037663	-0.00743915055859	-0.000782000993346	-0.00311890931032	-0.0544447297473	0.000254588721034	-0.0280019506477	-0.0082209981907	-0.0174268667309	-0.0613675478166	-0.0205627408143	-0.0256658834345	-0.00491774856694	0.0121209951218	0.0222208614221	-0.00217029184026	0.0144505343631	0.0251302713303	0.0474759044974	0.0107537895527	-0.0638298621779	-0.00803277730728	-0.0368222470961	-0.026764675572	-0.0459783695327	0.034893584868	0.0307406131925	-0.0387392631537	0.0716699677307	-0.0259165336391	-0.00322123132445	-0.00649774071819	0.0436196213814	0.0411767382022	-0.0971608453263	-0.0756314938522	-0.0183555036436	-0.0151253788072	0.00726645324663	0.00332027016652	-0.0259250336595	0.025946046602	0.0492954521753	0.00265496404396	0.0134637087121	0.00408068972717	0.00234724282539	0.0210070452366	-0.0107180978513	-0.0523800034165
k__Bacteria;p__Bacteroidetes;c__Bacteroidia;o__Bacteroidales;f__Porphyromonadaceae;g__Parabacteroides;s__Parabacteroides_distasonis	0.00846649539978	-0.052718517413	-0.0174229635173	0.00654360031152	-0.0251084473044	0.0179405011185	0.0354689346853	-0.0160595436011	-0.0147771037663	1.0	-0.0107355628179	-0.00392894412952	-0.0191049249776	-0.00197015325548	-0.00928691269799	0.00300117350651	-0.00152251458038	0.0249277749938	0.0674860836361	0.0194234061482	-0.0086688508982	-0.0186505477972	0.028422993694	-0.0156185684735	0.023546908814	-0.00528612009427	-0.00605907872295	-0.000645624682049	0.0136066134446	-0.0200226689201	-0.0277870248175	0.0653995014978	0.0028647254635	-0.0593741750499	-0.0190829551118	0.00364139481139	0.00251274669725	0.0435580853534	-0.0625054406537	-0.0407905390309	-0.000889927330895	-0.0745891459245	-0.0658151878244	0.015984612293	0.0328157388565	-0.00532286299235	0.0397879671165	0.0049232967069	0.0099804862954	-0.0232648410266	-0.0424248546854	-0.00457637584971	0.0388097603336	-0.0133075807085	0.0170977199451	0.0622953509124	-0.0584958432206	0.0549505104769	0.0100784191335
k__Bacteria;p__Bacteroidetes;c__Bacteroidia;o__Bacteroidales;f__Bacteroidaceae;g__Bacteroides;s__Bacteroides_thetaiotaomicron	-0.00585246885148	-0.0323383649544	0.0102786425331	-0.00456649099792	0.0196351493864	-0.0584946396588	-0.00242885795698	-0.0749557957532	-0.00743915055859	-0.0107355628179	1.0	-0.0296742225458	-0.0135552248469	0.021242546638	0.0118393995322	-0.000707272751748	-0.0183837440927	-0.0344497886404	0.0342280044487	-0.00545819420627	-0.0135409964524	0.0480656625907	0.0374372754533	-0.0520064443825	0.0527354298295	-0.0421211478353	0.0274977782773	0.0484800805998	0.0104699859421	0.00433343433823	-0.0654306325181	-0.0342171356347	-0.00612857185894	0.0107007987787	-0.0223248267931	0.0185758863827	0.00632327447962	-0.0327367324994	-0.0121279618406	0.0139795226089	-0.000673064096455	-0.0370379854058	-0.0217426246783	-0.0917590356654	-0.0330161329083	0.0690245672023	-0.0195013505405	0.00792816420172	-0.0387412302992	0.00461217050151	-0.0713554576462	-0.000333852999815	-0.0396826200072	-0.0497970504891	-0.00715297968979	-0.00350863584912	-0.0685046804757	-0.0707730278152	-0.0230754862322
k__Bacteria;p__Bacteroidetes;c__Bacteroidia;o__Bacteroidales;f__Bacteroidaceae;g__Bacteroides;s__Bacteroides_coprocola	0.0491650531222	-0.000721668837927	0.0104945973789	0.072659145284	-0.0608314710337	0.0337726875442	-0.00193031192008	0.00139885573189	-0.000782000993346	-0.00392894412952	-0.0296742225458	1.0	0.028715805284	0.0378466156737	-0.0262384571439	0.0136934874244	0.0327985555888	-0.00277389842359	-0.0295736045189	-0.0233992787662	0.0125716015933	-0.0460206639347	-0.0555986766377	-0.0318821352015	0.0397638386963	-0.0202971528315	-0.0270764013739	-0.0575915063078	-0.0613518730611	-0.0203271576663	-0.0511389248269	0.00230833541032	0.0170144847558	0.00408706307332	-0.00725607824275	-0.0502529060503	-0.0189538844604	-0.0277487853607	0.0247581655271	-0.00796058408083	-0.0343015605636	-0.041947185547	0.0239889332295	0.0470375448307	0.0224102461682	-0.00132682798886	-0.00145573337344	-0.0207799200663	0.014794273792	0.0111742780023	-0.129334327726	0.0286903404092	-0.00162691760243	-0.0103795386665	-0.00549734811883	-0.0228337757496	-0.00174841063285	0.010024871234	-0.00616314510919
k__Bacteria;p__Bacteroidetes;c__Bacteroidia;o__Bacteroidales;f__Bacteroidaceae;g__Bacteroides;s__Bacteroides_cellulosilyticus	0.0517081024307	0.0147966532567	-0.038308126118	0.0321911973917	-0.0765895158667	0.0231849832533	-0.0719561836148	0.0197065474929	-0.00311890931032	-0.0191049249776	-0.0135552248469	0.028715805284	1.0	0.0151029301194	-0.0202200889853	-0.0124747103365	0.0444558168589	0.00182457859011	-0.010265672325	-0.00984201313108	-0.00492441331423	-0.0241831964042	0.0177073836973	0.0181082764085	0.0275290913739	-0.0100386296168	0.02254062784	-0.0613492416936	-0.0294867959527	-0.0238785345784	-0.0162706275598	-0.0501323297921	0.0154675839678	-0.00852450469128	-0.040414816922	-0.0364584744717	0.00866958303527	-0.00174678502355	-0.00862657749793	0.00399895243819	-0.0332597010386	-0.00828500292752	0.00621051200933	0.0383989323532	0.0392668206035	-0.00215917863488	0.0321409472221	-0.0108104744863	-0.0231901771492	0.0403497906714	-0.00511066360183	0.0224198392451	-0.0447951476936	-0.00825693499642	-0.0148658899191	-0.0318022108589	0.0200442486945	0.042769235584	-0.0267427826945
k__Bacteria;p__Bacteroidetes;c__Bacteroidia;o__Bacteroidales;f__Rikenellaceae;g__Alistipes;s__Alistipes_obesi	0.00121930634477	-0.0296139820398	0.0325332529788	-0.0708311016493	0.0206528032046	-0.000285721644471	-0.000994845323766	-0.0362875017806	-0.0544447297473	-0.00197015325548	0.021242546638	0.0378466156737	0.0151029301194	1.0	0.0217455379481	-0.0699067451648	0.0288901927902	0.0329373599468	0.027357500314	0.0262090469576	-0.00786565525169	-0.0366434847314	0.0036013040147	-0.0510381932147	0.0168150187183	0.0124008169899	-0.0238620005814	0.0332883466927	-0.0443180698911	-0.0405903993763	0.0317679962836	0.00949486063125	-0.0929696940982	-0.0856476034782	-0.0411839339177	-0.0320953023525	-0.0209058880749	-0.00635776264195	0.0737545657568	-0.040818499658	0.0365034747024	-0.0120691360537	-0.0088763803701	0.0112373807418	-0.00162157201224	-0.0392902794722	0.0236644420472	0.0298234090027	0.0800324223227	-0.0557280634456	-0.0191096779488	-0.013387620377	-0.0473061953524	0.0165828578278	-0.0152500056216	0.0318333175056	-0.00543813802622	-0.0141726054941	-0.0115433274916
k__Bacteria;p__Firmicutes;c__Clostridia;o__Clostridiales;f__Lachnospiraceae;g__;s__[Eubacterium]_rectale	-0.0370624195316	0.0283039082489	-0.071064015007	0.0411740007962	0.0339567234832	0.0196999556239	0.00250419327076	-0.00463806393651	0.000254588721034	-0.00928691269799	0.0118393995322	-0.0262384571439	-0.0202200889853	0.0217455379481	1.0	-0.0457994219916	-0.0444504734723	-0.0409366736143	0.0218893533954	0.0230987462623	0.0644756466351	0.0309920827716	-0.0120846850019	-0.0291284045348	0.000355257318459	-0.0150911747874	-0.0020549305822	0.0140337474149	0.0375059463315	0.0602503863158	0.0223527055532	-0.0654717419881	-0.00801712997521	-0.0682901625395	0.00886159085055	0.0272276092603	0.0180202977747	-0.0237999912787	-0.0199300257843	-0.0179723318446	-0.0604845692612	0.0712072030898	-0.0513863445633	0.00365340619711	-0.0306502514862	0.0114693618023	-0.0748954496221	-0.00930896663891	0.0111060547117	-0.0199651320978	0.00981321338295	-0.0446540178262	-0.0198754936604	-0.0118990843021	-0.0175018453172	-0.0517347594584	-0.0566068968096	0.0237506857825	-0.00620839234294
k__Bacteria;p__Bacteroidetes;c__Bacteroidia;o__Bacteroidales;f__Bacteroidaceae;g__Bacteroides;s__Bacteroides_plebeius	-0.0388750788047	0.0219505300018	0.0575251937215	-0.0846513397073	-0.0145451396331	0.00716975975247	-0.0246411228702	0.0736341152884	-0.0280019506477	0.00300117350651	-0.000707272751748	0.0136934874244	-0.0124747103365	-0.0699067451648	-0.0457994219916	1.0	0.0577286639578	-0.0681676720577	-0.0163922904106	0.0188480061306	-0.00727164961468	0.0052435795439	-0.0405444587364	-0.00875613393966	-0.0341012319634	0.030326274042	-0.00521148358049	-0.00956906383959	-0.0567679241078	-0.00318163812288	0.00936231907797	-0.032013986619	0.0411812306471	-0.0109773081892	0.0463909604835	0.0321245814491	0.013924233692	0.0250362210443	-0.0670698165039	-0.0116894551352	-0.0635362602519	0.0170723535322	0.0119624278041	-0.00172236817063	-0.0051707407315	0.0311389318357	-0.0270021544515	0.00483751089524	-0.0258396453878	0.00303232496574	0.0384201014838	0.0347630606214	-0.043019475475	-0.0101651507191	-0.0241119480145	-0.0203662524847	0.0393244663546	0.0496464313742	-0.0280660885349
k__Bacteria;p__Bacteroidetes;c__Bacteroidia;o__Bacteroidales;f__Bacteroidaceae;g__Bacteroides;s__Bacteroides_fragilis	0.0360141450866	0.0040290687803	-0.012694872763	0.0124894981879	0.00129702536461	-0.00546432090075	-0.0684148529603	0.035168382644	-0.0082209981907	-0.00152251458038	-0.0183837440927	0.0327985555888	0.0444558168589	0.0288901927902	-0.0444504734723	0.0577286639578	1.0	-0.0599714989089	-0.0531638104505	-0.0331898567762	-0.00636910569408	-0.0295206829742	0.0340482513725	0.0416991911804	-0.0588648089888	-0.0201851811026	0.000317026419759	-0.0442076210029	-0.0379360049171	-0.0176614585234	-0.0413939351227	-0.00330463302921	0.0433274961293	0.021098795943	-0.0132078342277	-0.0400091136965	0.00279284810739	-0.0285417918841	0.0239678807984	0.0240725799339	-0.0127283103865	-0.0404391252483	0.02452262441	0.0103281461003	0.00181984738595	-0.0551271148175	-0.0230351970491	-0.0157341153586	0.0751363994366	-0.0345917210129	-0.0228383819328	0.0256568947675	0.00449930041119	-0.0299443350119	-0.0109463392852	-0.0484975605192	0.0478122874371	0.0398408415667	0.00894017365473
k__Bacteria;p__Proteobacteria;c__Betaproteobacteria;o__Burkholderiales;f__Sutterellaceae;g__Sutterella;s__Sutterella_wadsworthensis	0.0417165189924	0.032052287481	0.0194281509691	0.0223679010935	-0.046880138163	0.00317457127984	0.0590040267674	-0.0484962116166	-0.0174268667309	0.0249277749938	-0.0344497886404	-0.00277389842359	0.00182457859011	0.0329373599468	-0.0409366736143	-0.0681676720577	-0.0599714989089	1.0	-0.000967299839483	-0.0296468587918	0.0222728615058	-0.0307982296155	0.00683650954037	-0.0305043250109	-0.0128467185682	0.00344217075932	-0.0453118360715	-0.0269978235491	-0.0407014628618	0.0260945420463	-0.0262648436404	0.00720368256834	-0.0070721878639	0.0249319089969	-0.0230198562369	-0.0054990453868	0.005772131902	-0.0251028468386	-0.027957153577	0.000860203055358	0.0295379066926	-0.0430838726449	0.0136409197808	0.0034528385486	0.0236020438165	-0.023336115615	0.00119759291509	0.0107227406292	-0.0318236000934	-0.0389346783159	-0.0302046650717	-0.00817012720331	-0.00847291829787	0.0783616547821	0.0192320380173	0.0121762499937	-0.0413902600207	0.0142973632484	-0.0453980422767
k__Bacteria;p__Bacteroidetes;c__Bacteroidia;o__Bacteroidales;f__Porphyromonadaceae;g__Barnesiella;s__Barnesiella_intestinihominis	0.0433942521738	0.0130125183683	-0.0118506334832	-0.031197525469	-0.0060332963107	0.000873529384859	-0.00846010373124	0.0387907038851	-0.0613675478166	0.0674860836361	0.0342280044487	-0.0295736045189	-0.010265672325	0.027357500314	0.0218893533954	-0.0163922904106	-0.0531638104505	-0.000967299839483	1.0	0.00607066727655	-0.0336694104603	0.0296246885796	0.0309179250683	0.029722753495	-0.0672503952906	-0.0149339500827	-0.0073319657117	-0.0411389350132	0.0778692298899	0.00332218741761	-0.0469668028435	-0.00429797335779	0.00458306089328	-0.00818185861633	-0.0449117092326	-0.023205976007	-0.0318732719371	0.0218434578598	-0.0769847219203	0.0109638301477	0.0303979634409	0.034955345313	0.0296415219127	0.0225142193416	-0.00702040100927	-0.0378420374161	0.0081426002441	0.00542016004752	0.0146417193874	0.0315264796211	-0.015055611296	-0.0017766536376	0.0015068220324	0.0582323088787	-0.0395037016463	-0.0699078961764	-0.00754661341325	-0.0337451173432	-0.00203873812926
k__Bacteria;p__Bacteroidetes;c__Bacteroidia;o__Bacteroidales;f__Odoribacteraceae;g__Odoribacter;s__Odoribacter_splanchnicus	-0.0624108107536	-0.0537782127067	0.00980521784326	0.0337202027245	0.00982075508752	0.0102114564488	-0.0761699050596	-0.00238632277937	-0.0205627408143	0.0194234061482	-0.00545819420627	-0.0233992787662	-0.00984201313108	0.0262090469576	0.0230987462623	0.0188480061306	-0.0331898567762	-0.0296468587918	0.00607066727655	1.0	0.0387932979428	-0.012321291182	0.0374370395469	0.0156718301679	-0.0293440226444	0.0707252374228	-0.0690575661845	0.00666620056683	-0.033015076174	0.0230620193782	0.00303201595149	0.0405121384724	0.0169950077815	-0.0433352442253	-0.0157521579241	-0.0546430006508	0.00972063958863	-0.0407824295992	-0.0273127353823	-0.0220360367814	-0.00938916195278	-0.000526379720892	-0.0366046252354	0.0071848962361	0.00669701515257	-0.0112552585084	0.0210990906148	-0.0258359416723	-0.0143490198436	0.000574163371806	0.0234107168505	0.0493157892752	-0.00248309144969	-0.0422138639015	-0.0190907751734	-0.0324611859957	-0.0152587345185	0.0503598929937	-0.0689919410124
k__Bacteria;p__Bacteroidetes;c__Bacteroidia;o__Bacteroidales;f__Bacteroidaceae;g__Bacteroides;s__Bacteroides_salyersiae	-0.0471317927437	0.00999042203503	0.0156324627186	-0.0365869878771	0.00979316634741	-0.0143807603322	-0.0732691895496	-0.033983755615	-0.0256658834345	-0.0086688508982	-0.0135409964524	0.0125716015933	-0.00492441331423	-0.00786565525169	0.0644756466351	-0.00727164961468	-0.00636910569408	0.0222728615058	-0.0336694104603	0.0387932979428	1.0	0.0358113444532	-0.0507762579181	0.00928840371072	-0.043491802236	0.005300776425	-0.0512293354156	0.036482296601	0.029949301009	0.0530788344832	0.00917032241274	-0.000936433129674	0.00246376983557	-0.0308194464107	-0.00454843261803	-0.0585326659861	0.00851590621929	-0.0555956987247	0.0128566461512	0.0616809849395	-0.0477439769556	-0.0230993161299	0.0267417061697	0.0259836201389	0.0035717633431	-0.0272976734125	-0.0265514807524	-0.00882959509983	-0.0729255615171	-0.0333583394849	-0.0271310075235	0.0505618285523	0.00308956221283	-0.0227819444724	-0.00833310519943	-0.00937790035008	-0.00317112415942	0.00879615121418	0.00429964731432
k__Bacteria;p__Firmicutes;c__Clostridia;o__Clostridiales;f__Ruminococcaceae;g__Ruminiclostridium;s__[Eubacterium]_siraeum	0.0509461303886	0.0251329071624	0.0060560747062	0.00528893556539	-0.00235370296636	-0.00328151573348	-0.00876116385129	-0.0403930235206	-0.00491774856694	-0.0186505477972	0.0480656625907	-0.0460206639347	-0.0241831964042	-0.0366434847314	0.0309920827716	0.0052435795439	-0.0295206829742	-0.0307982296155	0.0296246885796	-0.012321291182	0.0358113444532	1.0	0.00827471418954	-0.0125239602535	-0.0449721999206	-0.102568241959	-0.0533415612394	0.0214055474192	-0.0381882425937	-0.00400725879567	-0.0275496747997	-0.00329797498609	-0.0715149445573	-0.0169858646604	0.0398237033097	0.0101463708966	0.0277815150688	-0.0125470146242	0.00410014226922	0.00354670627324	-0.021123621863	-0.00882462778928	0.0563337312214	0.00638453057315	-0.0119528321537	0.0251041565941	-0.0515335101063	0.00648898647749	0.0523009658458	0.00754039659731	0.0346495869392	-0.00580948977512	0.0447559806655	0.0222771532378	0.0313253251992	-0.0153236224241	-0.0229800474274	-0.043305112146	-0.0199597784633
k__Bacteria;p__Proteobacteria;c__Betaproteobacteria;o__Burkholderiales;f__Sutterellaceae;g__Parasutterella;s__Parasutterella_excrementihominis	0.0368643564842	-0.0802052141845	0.0539662583807	-0.0157659563674	0.0113025697409	-0.00722618425809	-0.0606027536519	0.0475475586008	0.0121209951218	0.028422993694	0.0374372754533	-0.0555986766377	0.0177073836973	0.0036013040147	-0.0120846850019	-0.0405444587364	0.0340482513725	0.00683650954037	0.0309179250683	0.0374370395469	-0.0507762579181	0.00827471418954	1.0	-0.05518062112	0.0154578350625	0.000287214024969	0.00619043688084	0.00429536150198	0.0219007416104	-0.0279358383733	0.0044538998325	0.0604039088653	-0.0216894023811	0.0658724440728	-0.00113829835617	-0.0193230984376	-0.0681749889915	-0.0254270509284	-0.0322344684492	0.0557860722394	0.00264112535495	0.00493251685286	-0.0112562149024	-0.0291408070069	0.00669807853108	-0.00999693465371	-0.000682873739574	-0.0242442023686	-0.0229454916883	0.0348197803449	-0.00759567259384	-0.0563178477752	0.00238669245673	-0.000652199842684	0.00257125552769	-0.0170736286857	-0.0239180903118	-8.85937142833e-05	-0.102896667672
k__Bacteria;p__Actinobacteria;c__Actinobacteria;o__Bifidobacteriales;f__Bifidobacteriaceae;g__Bifidobacterium;s__Bifidobacterium_adolescentis	0.000985171134841	0.0113873307108	0.0819567422805	-0.028770476345	-0.000939961248984	-0.0286768060033	0.0139966829486	-0.0332591942152	0.0222208614221	-0.0156185684735	-0.0520064443825	-0.0318821352015	0.0181082764085	-0.0510381932147	-0.0291284045348	-0.00875613393966	0.0416991911804	-0.0305043250109	0.029722753495	0.0156718301679	0.00928840371072	-0.0125239602535	-0.05518062112	1.0	-0.030702519266	0.0179169747929	-0.0101450181774	-0.0835825202758	0.0589868725104	0.00177324956282	0.0197914692293	0.00993126682133	-0.0151239295126	0.0381704132928	-0.0506691502367	-0.0344945242536	-0.0758037995236	-0.0109124897471	-0.00723394605494	-0.0270406947047	-0.00207477948177	-0.0259431648457	-0.0353994213715	0.0191067748088	0.0144694916176	0.00681696498607	-0.0295994199023	-0.037502279618	-0.0132010906427	0.00326330990354	-0.0194217529713	0.00688879263539	-0.0063891546697	-0.0256534454917	-0.0477353492072	-0.038020830573	-0.020491044734	-0.0275473157583	-0.043140665528
k__Bacteria;p__Firmicutes;c__Clostridia;o__Clostridiales;f__Oscillospiraceae;g__Oscillibacter;s__Oscillibacter_sp._KLE_1745	-0.031719207997	0.00885098632555	0.018729555609	-0.0411273126543	0.0333100973456	0.025692449582	0.00198488368203	-0.03957175854	-0.00217029184026	0.023546908814	0.0527354298295	0.0397638386963	0.0275290913739	0.0168150187183	0.000355257318459	-0.0341012319634	-0.0588648089888	-0.0128467185682	-0.0672503952906	-0.0293440226444	-0.043491802236	-0.0449721999206	0.0154578350625	-0.030702519266	1.0	-0.0293685311372	-0.0239360728371	0.00199307873859	0.00186749921209	0.0490433968612	0.0247777331167	-0.0214140385952	0.0236392890518	-0.0168832164342	-0.0506013644106	0.0423193490939	-0.0511867277478	-0.0506197114213	-0.0387070546257	0.000578382003362	0.0243892224476	-0.0522218976756	-0.0493384867412	0.0288641483701	0.0104100680191	0.0088728983614	-0.0579497417333	0.0637148520339	-0.000302672343609	-0.0034624222033	-0.0265137234326	-0.0604599949772	-0.00336259206557	-0.0121043600193	-0.0201911941142	-0.020902572015	-0.0286040880699	-0.0279450965004	0.0168777977917
k__Bacteria;p__Bacteroidetes;c__Bacteroidia;o__Bacteroidales;f__Bacteroidaceae;g__Bacteroides;s__Bacteroides_coprophilus	0.0102623994617	0.0468402877341	-0.0282853778056	-0.0298300274848	-0.0154999503079	-0.000298500860591	-0.00605746898146	-0.0614210993144	0.0144505343631	-0.00528612009427	-0.0421211478353	-0.0202971528315	-0.0100386296168	0.0124008169899	-0.0150911747874	0.030326274042	-0.0201851811026	0.00344217075932	-0.0149339500827	0.0707252374228	0.005300776425	-0.102568241959	0.000287214024969	0.0179169747929	-0.0293685311372	1.0	0.0169747386817	0.0598330833458	0.000997961919616	0.00792085393462	-0.0344628744522	-0.0422067466789	-0.0209215244378	0.0299666756241	0.0224795294589	0.0283543576106	-0.0184142157988	0.0177111774618	0.0162576802321	-0.0529232916071	0.0101272542921	0.0297427287165	-0.0634661781996	-0.0321115189897	-0.0330394149752	0.0475279379669	-0.0353220932443	-0.00136483011115	0.031064115895	-0.0459781495591	0.0295123913442	-0.0259274876012	-0.0438721022508	-0.0322131186367	-0.0380082659029	-0.0253841615465	-0.010516321529	-0.0227339814819	0.00416850038375
k__Bacteria;p__Firmicutes;c__Clostridia;o__Clostridiales;f__Lachnospiraceae;g__Roseburia;s__Roseburia_intestinalis	0.0479774216523	0.00959730071345	-0.0300028799766	-0.0554104732938	0.0283969534198	-0.00595790800505	0.0218258273572	-0.00357033194882	0.0251302713303	-0.00605907872295	0.0274977782773	-0.0270764013739	0.02254062784	-0.0238620005814	-0.0020549305822	-0.00521148358049	0.000317026419759	-0.0453118360715	-0.0073319657117	-0.0690575661845	-0.0512293354156	-0.0533415612394	0.00619043688084	-0.0101450181774	-0.0239360728371	0.0169747386817	1.0	-0.0746231157327	0.000698363399962	0.0268804729905	0.0266942942083	0.0162447171062	0.0408862339648	-0.0116444950058	0.0106162860004	0.0150844464434	-0.0207333149851	0.0101787803366	0.00300683690098	-0.0576744642172	0.0028379226917	-0.0116857728275	-0.0545399430139	0.00479298329685	0.00425128887084	-0.0438759559999	-0.00258326389528	-0.0550579383429	-0.0307427680262	0.0398013311669	-0.0364809739396	-0.00082051565418	-0.00201057821945	-0.0733063829328	-0.0408865517812	-0.0167508999585	0.00303828453	0.0440515623403	-0.0255178697609
k__Bacteria;p__Firmicutes;c__Clostridia;o__Clostridiales;f__Lachnospiraceae;g__Roseburia;s__Roseburia_hominis	0.0132350068992	0.0424598084936	0.00621335073711	0.00499900665497	0.00776509067416	-0.00671825337401	0.0193280435871	-0.0144713387957	0.0474759044974	-0.000645624682049	0.0484800805998	-0.0575915063078	-0.0613492416936	0.0332883466927	0.0140337474149	-0.00956906383959	-0.0442076210029	-0.0269978235491	-0.0411389350132	0.00666620056683	0.036482296601	0.0214055474192	0.00429536150198	-0.0835825202758	0.00199307873859	0.0598330833458	-0.0746231157327	1.0	0.00482594801407	0.00758209814527	-0.0118014920168	-0.0188968838265	-0.0784603817353	-0.0109801292755	-0.0175128777696	0.0488406737844	0.0154967468433	0.0600998821036	-0.0714938140648	0.0390262401389	-0.00222921061487	0.0118588330344	-0.0281010107258	-0.0362543579615	0.000836612607175	0.00862646141444	-0.0306577643566	-0.023626897204	-0.00819938800188	0.0308206587257	0.0416732124581	-0.0674882570338	-0.0500533764217	0.00161251525312	-0.0422555041165	-0.00690291683268	-0.0142588246569	0.0243321179416	0.0222850575953
k__Bacteria;p__Bacteroidetes;c__Bacteroidia;o__Bacteroidales;f__Porphyromonadaceae;g__Parabacteroides;s__Parabacteroides_johnsonii	-0.000317448595388	0.00142886047259	-0.00410069963275	0.0406746067179	-0.0189379398705	0.00360854756739	-0.0538328392938	0.0248798455637	0.0107537895527	0.0136066134446	0.0104699859421	-0.0613518730611	-0.0294867959527	-0.0443180698911	0.0375059463315	-0.0567679241078	-0.0379360049171	-0.0407014628618	0.0778692298899	-0.033015076174	0.029949301009	-0.0381882425937	0.0219007416104	0.0589868725104	0.00186749921209	0.000997961919616	0.000698363399962	0.00482594801407	1.0	-0.0149724109854	0.00481218891259	-0.0362668800033	0.0235248324233	0.0151877638684	-0.00509021698015	-0.00431152373582	0.0162721700843	-0.00526212689639	0.0630987364406	-0.0387673284996	-0.00252715876089	-0.0305526248117	-0.0242226635375	-0.0126376645452	-0.0769189708389	-0.000287837940412	0.0152631783114	-0.0110513896885	-0.0198696110148	0.0180200992989	0.0322920840721	0.00141749662353	-0.046609840209	-0.0255762107955	0.0435664725915	-0.0509583788164	-0.0352364114303	0.0277609139375	-0.0208131164371
