#taxonomy	k__Bacteria;p__Bacteroidetes;c__Bacteroidia;o__Bacteroidales;f__Bacteroidaceae;g__Bacteroides;s__Bacteroides_vulgatus	k__Bacteria;p__Bacteroidetes;c__Bacteroidia;o__Bacteroidales;f__Bacteroidaceae;g__Bacteroides;s__Bacteroides_uniformis	k__Bacteria;p__Bacteroidetes;c__Bacteroidia;o__Bacteroidales;f__Rikenellaceae;g__Alistipes;s__Alistipes_putredinis	k__Bacteria;p__Bacteroidetes;c__Bacteroidia;o__Bacteroidales;f__Prevotellaceae;g__Prevotella;s__Prevotella_copri	k__Bacteria;p__Bacteroidetes;c__Bacteroidia;o__Bacteroidales;f__Bacteroidaceae;g__Bacteroides;s__Bacteroides_stercoris	k__Bacteria;p__Bacteroidetes;c__Bacteroidia;o__Bacteroidales;f__Bacteroidaceae;g__Bacteroides;s__Bacteroides_ovatus	k__Bacteria;p__Bacteroidetes;c__Bacteroidia;o__Bacteroidales;f__Rikenellaceae;g__Alistipes;s__Alistipes_shahii	k__Bacteria;p__Firmicutes;c__Clostridia;o__Clostridiales;f__Ruminococcaceae;g__Faecalibacterium;s__Faecalibacterium_prausnitzii	k__Bacteria;p__Bacteroidetes;c__Bacteroidia;o__Bacteroidales;f__Rikenellaceae;g__Alistipes;s__Alistipes_finegoldii	k__Bacteria;p__Bacteroidetes;c__Bacteroidia;o__Bacteroidales;f__Porphyromonadaceae;g__Parabacteroides;s__Parabacteroides_distasonis	k__Bacteria;p__Bacteroidetes;c__Bacteroidia;o__Bacteroidales;f__Bacteroidaceae;g__Bacteroides;s__Bacteroides_thetaiotaomicron	k__Bacteria;p__Bacteroidetes;c__Bacteroidia;o__Bacteroidales;f__Bacteroidaceae;g__Bacteroides;s__Bacteroides_coprocola	k__Bacteria;p__Bacteroidetes;c__Bacteroidia;o__Bacteroidales;f__Bacteroidaceae;g__Bacteroides;s__Bacteroides_cellulosilyticus	k__Bacteria;p__Bacteroidetes;c__Bacteroidia;o__Bacteroidales;f__Rikenellaceae;g__Alistipes;s__Alistipes_obesi	k__Bacteria;p__Firmicutes;c__Clostridia;o__Clostridiales;f__Lachnospiraceae;g__;s__[Eubacterium]_rectale	k__Bacteria;p__Bacteroidetes;c__Bacteroidia;o__Bacteroidales;f__Bacteroidaceae;g__Bacteroides;s__Bacteroides_plebeius	k__Bacteria;p__Bacteroidetes;c__Bacteroidia;o__Bacteroidales;f__Bacteroidaceae;g__Bacteroides;s__Bacteroides_fragilis	k__Bacteria;p__Proteobacteria;c__Betaproteobacteria;o__Burkholderiales;f__Sutterellaceae;g__Sutterella;s__Sutterella_wadsworthensis	k__Bacteria;p__Bacteroidetes;c__Bacteroidia;o__Bacteroidales;f__Porphyromonadaceae;g__Barnesiella;s__Barnesiella_intestinihominis	k__Bacteria;p__Bacteroidetes;c__Bacteroidia;o__Bacteroidales;f__Odoribacteraceae;g__Odoribacter;s__Odoribacter_splanchnicus	k__Bacteria;p__Bacteroidetes;c__Bacteroidia;o__Bacteroidales;f__Bacteroidaceae;g__Bacteroides;s__Bacteroides_salyersiae	k__Bacteria;p__Firmicutes;c__Clostridia;o__Clostridiales;f__Ruminococcaceae;g__Ruminiclostridium;s__[Eubacterium]_siraeum	k__Bacteria;p__Proteobacteria;c__Betaproteobacteria;o__Burkholderiales;f__Sutterellaceae;g__Parasutterella;s__Parasutterella_excrementihominis	k__Bacteria;p__Actinobacteria;c__Actinobacteria;o__Bifidobacteriales;f__Bifidobacteriaceae;g__Bifidobacterium;s__Bifidobacterium_adolescentis	k__Bacteria;p__Firmicutes;c__Clostridia;o__Clostridiales;f__Oscillospiraceae;g__Oscillibacter;s__Oscillibacter_sp._KLE_1745	k__Bacteria;p__Bacteroidetes;c__Bacteroidia;o__Bacteroidales;f__Bacteroidaceae;g__Bacteroides;s__Bacteroides_coprophilus	k__Bacteria;p__Firmicutes;c__Clostridia;o__Clostridiales;f__Lachnospiraceae;g__Roseburia;s__Roseburia_intestinalis	k__Bacteria;p__Firmicutes;c__Clostridia;o__Clostridiales;f__Lachnospiraceae;g__Roseburia;s__Roseburia_hominis	k__Bacteria;p__Bacteroidetes;c__Bacteroidia;o__Bacteroidales;f__Porphyromonadaceae;g__Parabacteroides;s__Parabacteroides_johnsonii	k__Bacteria;p__Actinobacteria;c__Actinobacteria;o__Bifidobacteriales;f__Bifidobacteriaceae;g__Bifidobacterium;s__Bifidobacterium_longum	k__Bacteria;p__Firmicutes;c__Clostridia;o__Clostridiales;f__;g__Flavonifractor;s__Flavonifractor_plautii	k__Bacteria;p__Firmicutes;c__Clostridia;o__Clostridiales;f__Clostridiaceae;g__Clostridium;s__Clostridium_phoceensis	k__Bacteria;p__Verrucomicrobia;c__Verrucomicrobiae;o__Verrucomicrobiales;f__Akkermansiaceae;g__Akkermansia;s__Akkermansia_muciniphila	k__Bacteria;p__Bacteroidetes;c__Bacteroidia;o__Bacteroidales;f__Prevotellaceae;g__Paraprevotella;s__Paraprevotella_xylaniphila	k__Bacteria;p__Firmicutes;c__Clostridia;o__Clostridiales;f__Ruminococcaceae;g__Ruminococcus;s__Ruminococcus_callidus	k__Bacteria;p__Bacteroidetes;c__Bacteroidia;o__Bacteroidales;f__Rikenellaceae;g__Alistipes;s__Alistipes_senegalensis	k__Bacteria;p__Firmicutes;c__Clostridia;o__Clostridiales;f__Lachnospiraceae;g__Blautia;s__Blautia_sp._KLE_1732	k__Bacteria;p__Bacteroidetes;c__Bacteroidia;o__Bacteroidales;f__Bacteroidaceae;g__Bacteroides;s__Bacteroides_oleiciplenus	k__Bacteria;p__Firmicutes;c__Clostridia;o__Clostridiales;f__Ruminococcaceae;g__Ruminococcus;s__Ruminococcus_bicirculans	k__Bacteria;p__Bacteroidetes;c__Bacteroidia;o__Bacteroidales;f__Bacteroidaceae;g__Bacteroides;s__Bacteroides_fluxus	k__Bacteria;p__Bacteroidetes;c__Bacteroidia;o__Bacteroidales;f__Prevotellaceae;g__Prevotella;s__Prevotella_stercorea	k__Bacteria;p__Firmicutes;c__Clostridia;o__Clostridiales;f__Lachnospiraceae;g__Dorea;s__Dorea_longicatena	k__Bacteria;p__Firmicutes;c__Clostridia;o__Clostridiales;f__Eubacteriaceae;g__Eubacterium;s__[Eubacterium]_eligens	k__Bacteria;p__Firmicutes;c__Clostridia;o__Clostridiales;f__Ruminococcaceae;g__;s__Ruminococcaceae_bacterium_D16	k__Bacteria;p__Firmicutes;c__Clostridia;o__Clostridiales;f__Lachnospiraceae;g__Coprococcus;s__Coprococcus_comes	k__Bacteria;p__Proteobacteria;c__Gammaproteobacteria;o__Enterobacterales;f__Enterobacteriaceae;g__Escherichia;s__Escherichia_coli	k__Bacteria;p__Firmicutes;c__Clostridia;o__Clostridiales;f__Ruminococcaceae;g__Anaerotruncus;s__Anaerotruncus_colihominis	k__Bacteria;p__Firmicutes;c__Clostridia;o__Clostridiales;f__Lachnospiraceae;g__Blautia;s__Blautia_obeum	k__Bacteria;p__Bacteroidetes;c__Bacteroidia;o__Bacteroidales;f__Odoribacteraceae;g__Odoribacter;s__Odoribacter_laneus	k__Bacteria;p__Firmicutes;c__Clostridia;o__Clostridiales;f__Ruminococcaceae;g__Ruminiclostridium;s__[Clostridium]_leptum	k__Bacteria;p__Bacteroidetes;c__Bacteroidia;o__Bacteroidales;f__Porphyromonadaceae;g__Parabacteroides;s__Parabacteroides_goldsteinii	k__Bacteria;p__Firmicutes;c__Clostridia;o__Clostridiales;f__Lachnospiraceae;g__Anaerostipes;s__Anaerostipes_hadrus	k__Bacteria;p__Firmicutes;c__Clostridia;o__Clostridiales;f__Ruminococcaceae;g__Ruminococcus;s__Ruminococcus_lactaris	k__Bacteria;p__Firmicutes;c__Clostridia;o__Clostridiales;f__Clostridiaceae;g__Clostridium;s__Clostridium_sp._L2-50	k__Bacteria;p__Firmicutes;c__Clostridia;o__Clostridiales;f__Clostridiaceae;g__Clostridium;s__Clostridium_sp._M62/1	k__Bacteria;p__Firmicutes;c__Clostridia;o__Clostridiales;f__;g__Intestinimonas;s__Intestinimonas_butyriciproducens	k__Bacteria;p__Actinobacteria;c__Actinobacteria;o__Bifidobacteriales;f__Bifidobacteriaceae;g__Bifidobacterium;s__Bifidobacterium_bifidum	k__Bacteria;p__Firmicutes;c__Negativicutes;o__Veillonellales;f__Veillonellaceae;g__Dialister;s__Dialister_invisus	k__Bacteria;p__Bacteroidetes;c__Bacteroidia;o__Bacteroidales;f__Bacteroidaceae;g__Bacteroides;s__Bacteroides_salanitronis
k__Bacteria;p__Bacteroidetes;c__Bacteroidia;o__Bacteroidales;f__Bacteroidaceae;g__Bacteroides;s__Bacteroides_vulgatus	1.0	-0.0152901143598	-0.0333112080897	-0.0028995815525	-0.0495684972449	-0.0245113227705	-0.0189814452158	-0.0291972728967	0.0151909389489	-0.0327451479752	-0.00822087559291	-0.00793980430389	0.0291220167883	0.00931400618296	0.0505408919255	-0.0127695818253	-0.0347201675326	0.0135730781665	0.0126220649035	0.0289286592274	-0.00917573877446	0.0543824388975	0.0789301995702	-0.0441563459406	-0.0236840452103	0.00230518534128	-0.0751105514658	-0.00832736078663	0.0375890900345	-0.0581224935998	-0.00438766922188	0.0182325071999	0.00179529717797	-0.0674718388621	-0.0114121010473	0.0672766273291	-0.0456616244279	0.0190242293147	-0.0243383782978	0.0240429078704	-0.0146096841902	0.017172355674	0.0254715243087	-0.00038605628307	-0.0201881025398	0.0146599565767	-0.0464850154066	0.00490543819107	-0.0229899535906	-0.0337833078526	-0.0573608482942	0.00402681292987	0.0249467511211	-0.0190920514665	0.0295588032298	-0.0238581159518	0.024204025471	0.00398838913387	-0.0486977067398
k__Bacteria;p__Bacteroidetes;c__Bacteroidia;o__Bacteroidales;f__Bacteroidaceae;g__Bacteroides;s__Bacteroides_uniformis	-0.0152901143598	1.0	0.00595582036977	0.0152846301451	-0.000840679891578	-0.00721863353348	0.0100915141141	0.0597192742781	0.0399458685734	-0.00405004021091	-0.0396535230469	-0.032515704798	-0.0193790994748	-0.0183484921777	0.0146009176749	0.0521889798983	0.0562767860521	-0.0277558940328	-0.0462733101316	0.0605943789747	-0.0426585631896	0.0297115299931	0.0064721438414	-0.00354313342441	0.0435192957275	-0.0710725417528	0.0418436555827	-0.00579137300687	-0.0168972214757	-0.0396068284939	-0.0217776203201	-0.0527513404366	0.0190650920778	-0.0292864161924	-0.0206085220437	-0.0331394892641	0.00826802307157	0.0154129330322	-0.0141973948088	-0.00725556085861	-0.0495498341207	0.0158230641073	0.00484757727841	0.0133706165135	0.0285651491321	0.00365279323825	0.0249890583147	0.0179189199634	-0.0200896307926	-0.0332942359064	-0.00822276778019	-0.0128499356524	0.0182899757475	-0.028299627988	-0.00294230042358	-0.0210015674212	0.00370061644647	-0.0498139300543	-0.0333097511563
k__Bacteria;p__Bacteroidetes;c__Bacteroidia;o__Bacteroidales;f__Rikenellaceae;g__Alistipes;s__Alistipes_putredinis	-0.0333112080897	0.00595582036977	1.0	0.0297640300621	0.0424963959299	-0.00982333294427	0.0127752282933	-0.0249540411004	0.00481454547462	-0.0325316004676	-0.0258940545607	-0.0294559332459	-0.0238214612513	-0.0208361981407	0.0348393297197	0.00583471301757	0.0356542350427	0.0227886068399	-0.0587449809709	-0.0319124831102	0.0199486928816	0.00169794202243	0.00605937156212	-0.0600562186729	0.00984168978744	0.0250996757907	0.0208134120031	-0.012956681255	-0.00911908878711	0.0205311535342	-0.0153879079518	-0.0185389856794	-0.0346648484237	0.0379236774747	0.0302252085408	0.0151467493841	-0.0545814485046	-0.0473056420416	-0.0212090102545	-0.0406681030962	0.0419711554184	-0.0687521115508	0.0653918774633	0.00386353073211	-0.0307701112175	0.0203743601036	0.029624842509	0.0146345251671	0.0203232379441	-0.053201814483	0.0174396282185	0.0291401493457	-0.0112048289961	-0.000808899519183	-0.0143643463384	-0.042597782237	-0.0150048873476	-0.0623114897145	-0.0163252885353
k__Bacteria;p__Bacteroidetes;c__Bacteroidia;o__Bacteroidales;f__Prevotellaceae;g__Prevotella;s__Prevotella_copri	-0.0028995815525	0.0152846301451	0.0297640300621	1.0	0.0434931851461	-0.0385679964454	0.0241507603371	-0.00327216005322	0.0313155115689	0.00334728823284	0.0186980177829	-0.00632539111913	0.0207491622771	-0.0241798537138	0.0151116703338	0.03585816691	-0.0454282862252	-0.0379612602682	-0.0441642381395	-0.0654524082689	0.0162293404767	-0.00912401000295	-0.0610452957652	-0.00110571663838	0.00553541921802	-0.121056732357	-0.0154663611789	-0.0431880429119	-0.0184916114037	-0.000345361441306	-0.0213772363741	-0.012844784163	-0.0313545244263	-0.0592796805318	-0.00430346712788	-0.0720735389056	-0.0237370632683	0.0191335436535	0.0197377178877	0.0673820603804	0.0163217621843	0.0226213421771	0.0344877755082	0.0148829546581	0.0391462318992	0.00737561022913	0.0362752225363	0.0180911389688	0.0123910237773	-0.0342147193008	0.045402137384	-0.0357912038641	0.00519845729293	-0.0577524656375	-0.104374819502	-0.00759974531392	-0.00386074408858	0.0180506818168	-0.0232534852737
k__Bacteria;p__Bacteroidetes;c__Bacteroidia;o__Bacteroidales;f__Bacteroidaceae;g__Bacteroides;s__Bacteroides_stercoris	-0.0495684972449	-0.000840679891578	0.0424963959299	0.0434931851461	1.0	-0.00489999996553	-0.0289678083349	-0.0620612134378	0.00238750203807	0.0666745420097	-0.0226370127185	0.0442800262053	-0.0270486503264	-0.025606619553	-0.0370976894951	-0.00241417105448	-4.37556082572e-05	-0.00271779421181	-0.0235406259622	-0.0674960578694	0.0133877412046	-0.0552156377212	-0.0173217142792	-0.0458359556479	-0.0304116933801	0.00690138628248	-0.0328466547665	0.00133615388241	-0.0379910413172	0.0474140972821	-0.0147116463229	-0.0354376261567	-0.00646725113292	-0.0801359468848	-0.038773178131	-0.032580612853	-0.0490647940884	0.0137854088339	0.0551603262325	0.0610013473759	0.0306854185773	0.0115858893169	-0.00987353431032	0.0276446213258	-0.0466077894271	-0.0206234941463	-0.00226121146519	0.0210286077296	0.0360797446907	0.0416425567577	0.0440162911684	0.0021101308231	-0.0340032531517	-0.00574476534536	-0.00530662762181	-0.0163474199047	-0.0277954779682	-0.0548143871827	-0.00788533468227
k__Bacteria;p__Bacteroidetes;c__Bacteroidia;o__Bacteroidales;f__Bacteroidaceae;g__Bacteroides;s__Bacteroides_ovatus	-0.0245113227705	-0.00721863353348	-0.00982333294427	-0.0385679964454	-0.00489999996553	1.0	0.0432166062103	-0.00171370126179	0.0196178005468	-0.0425067431468	0.0150212927511	0.0362352063105	-0.0228444080242	-0.056569295579	0.0308521363379	0.0517002989488	0.00709050606883	0.00820975080717	-0.0172123947628	-0.0334884243131	-0.000728742594345	-0.0215566274162	-0.0119059310063	0.0103476506499	0.0160110030694	0.0633200533207	-0.00656485794041	0.0283068657816	-0.0287347880114	-0.0256431069049	-0.0191618172501	-0.0632622925453	-0.00775563885429	0.0679423077407	-0.0236721760475	-0.0432556014484	-0.029676981534	0.0232229726888	0.00984062758132	0.0326250783156	-0.00492209572912	-0.0671292206966	-0.0179272747972	0.0554668190922	-0.0706443312651	0.00664248607983	0.00179063848695	-0.0126472139648	-0.0214677189954	0.0126842924486	-0.0289690545508	-0.00548531007806	-0.0202752540173	-0.026051102861	-0.00263450112115	-0.0331218267498	0.000583104041542	-0.0216866502807	-0.0490399055796
k__Bacteria;p__Bacteroidetes;c__Bacteroidia;o__Bacteroidales;f__Rikenellaceae;g__Alistipes;s__Alistipes_shahii	-0.0189814452158	0.0100915141141	0.0127752282933	0.0241507603371	-0.0289678083349	0.0432166062103	1.0	-0.0760640889679	-0.0112820101749	-0.041728602391	0.0255000939849	-0.0172228726441	-0.0184380821078	-0.0182649356412	0.0179293487737	-0.0573421333804	0.0336926025146	-0.0531835325971	0.0584448518801	0.0389095897331	0.0358730998715	-0.0356200545201	-0.0218157956307	0.0173139392339	0.016083832444	0.078114567603	0.0489582611668	-0.0476305074556	-0.00350865596608	-0.0375121293585	-0.000576172637376	-0.0777268526989	-0.0267602698667	-0.0634623504109	-0.0250324251912	-0.0266897502653	-0.112501635096	0.019689684335	0.0566264157497	-0.0085296805732	0.0100635253575	0.0291578459181	-0.00151446838021	0.0167940720126	-0.0189283173384	-0.0568976342726	-0.000813370256431	-0.0625646224579	0.00860351645461	-0.00764749012069	-0.00360377707028	0.0156686800343	-0.0102633566379	0.0206961205143	-0.0476531368821	0.0265214312705	0.00858198304953	0.0205093095515	0.00867459628433
k__Bacteria;p__Firmicutes;c__Clostridia;o__Clostridiales;f__Ruminococcaceae;g__Faecalibacterium;s__Faecalibacterium_prausnitzii	-0.0291972728967	0.0597192742781	-0.0249540411004	-0.00327216005322	-0.0620612134378	-0.00171370126179	-0.0760640889679	1.0	-0.0503770362152	0.0337486004678	-0.00803993158455	-0.00715346685338	0.0288815911112	-0.00820600522892	0.0242716106499	-0.0644968975774	0.0088847926752	-0.0219894471638	-0.00246232661437	0.0151063333532	0.0220160341471	-0.020904981193	-0.010937623236	-0.00271163799656	0.0282999621048	-0.0368569321292	0.00175290061871	-0.0396487071366	0.0141826686058	-0.0176475786217	-0.00404978154308	-0.0485295117179	0.0104553647467	0.00651442389685	0.0213293431843	0.0446803497245	0.000334137509237	0.0154216669293	-0.0197536452749	0.0522896583471	-0.0643732187447	-0.0174159218499	-0.0307113969012	-0.0250870891399	0.0200874784847	-0.0764491656907	0.0535990011664	0.0510167082944	-0.0890101446429	0.0760941363567	-0.0202166636089	-0.0184853005511	0.0342850923759	-0.0118882713834	0.00303059761543	-0.0279111490745	-0.0579518605919	-0.0401827582103	-0.0414963372794
k__Bacteria;p__Bacteroidetes;c__Bacteroidia;o__Bacteroidales;f__Rikenellaceae;g__Alistipes;s__Alistipes_finegoldii	0.0151909389489	0.0399458685734	0.00481454547462	0.0313155115689	0.00238750203807	0.0196178005468	-0.0112820101749	-0.0503770362152	1.0	-0.0612678420867	-0.0330243782441	0.00612430832509	-0.0332061967259	-0.0472970390556	-0.0416476316031	-0.0442695821611	0.0220816368945	0.00760078155387	0.00733875510412	-0.00486682482869	0.0339496994002	0.0481643958852	-1.06400427737e-05	0.000475586489384	-0.0327330503574	0.0401624244496	-0.0160916280173	-0.0110418131589	0.0111839353209	0.010138649695	-0.0763398476893	-0.0130198546361	-0.0112151841987	0.00216364574722	-0.00326004074653	-0.0244478816138	0.0161026458103	-0.0515153802835	0.0617793791772	0.0508270913388	0.0294700050128	-0.0249358721457	0.0276739518209	0.0134983189125	-0.0631118136314	0.0103192747047	0.0381658401269	-0.0445185545855	-0.0123630725192	-0.025258370525	-0.0543224655557	-0.0665744072827	0.0357572829707	0.0124792317835	0.018066362653	-0.0426370960507	-0.00178720244793	-0.0561127359195	0.0143696518896
k__Bacteria;p__Bacteroidetes;c__Bacteroidia;o__Bacteroidales;f__Porphyromonadaceae;g__Parabacteroides;s__Parabacteroides_distasonis	-0.0327451479752	-0.00405004021091	-0.0325316004676	0.00334728823284	0.0666745420097	-0.0425067431468	-0.041728602391	0.0337486004678	-0.0612678420867	1.0	-0.000115196168837	0.05844289231	-0.00351994520405	0.0545653066363	0.00601780171817	0.064460492679	0.0579109169585	0.0278140582634	-0.0226464349561	0.00278320123549	-0.00964287292859	0.00843708857888	-0.0130447554437	-0.0914446634589	-0.0138797630217	-0.034454062482	-0.0612816001289	0.0552469624968	0.0117642167397	-0.0135413354917	-0.0617111391468	0.0211957570416	-0.00755442466122	0.0220209583863	-0.0185570758982	-0.00337702877067	0.0190474328868	-0.00974521812622	0.00858661322777	-0.0541766821363	-0.00224192158128	0.0121928075129	0.0207591321442	0.0266871395708	0.0361476667982	-0.0212224187368	0.0101429692379	-0.00633837029393	0.0213351658773	0.0348069722438	-0.0193189368622	-0.0104338489494	-0.0269576718669	-0.0306934675528	-0.0272539709558	0.0295973226215	-0.0227313313907	0.00861307095156	-0.0372024952307
k__Bacteria;p__Bacteroidetes;c__Bacteroidia;o__Bacteroidales;f__Bacteroidaceae;g__Bacteroides;s__Bacteroides_thetaiotaomicron	-0.00822087559291	-0.0396535230469	-0.0258940545607	0.0186980177829	-0.0226370127185	0.0150212927511	0.0255000939849	-0.00803993158455	-0.0330243782441	-0.000115196168837	1.0	-0.0108796073199	0.035007775955	-0.0285428898766	-0.0160901631186	-0.0127099594805	-0.0419163527386	-0.00936185926099	-0.0277784014954	-0.0171183743127	-0.0204399434713	0.00284785881639	-0.0361774563582	0.0131557323449	0.0105696535557	-0.0106094825102	-0.0306188251274	-0.0179382441019	-0.0250082068991	-0.0328706071225	0.00639625912733	-0.0337080121231	0.0034054226408	0.00539791735354	-0.0208380899649	-0.06664413673	0.00887250479227	-0.0550309871369	-0.0301118256551	-0.0220467538929	-0.0180574668226	0.00199724924619	0.0307993908182	0.0127644850175	0.0261128177327	-0.00189179203247	-0.0107311735308	-0.0117544020692	-0.0205617056765	-0.0132258898826	0.00434160898756	-0.0879814286145	0.0601731467512	0.063932554975	-0.0268315510638	0.0140737667458	0.0606153231334	-0.0150900703063	0.00994550333384
k__Bacteria;p__Bacteroidetes;c__Bacteroidia;o__Bacteroidales;f__Bacteroidaceae;g__Bacteroides;s__Bacteroides_coprocola	-0.00793980430389	-0.032515704798	-0.0294559332459	-0.00632539111913	0.0442800262053	0.0362352063105	-0.0172228726441	-0.00715346685338	0.00612430832509	0.05844289231	-0.0108796073199	1.0	-0.00745237702409	-0.0419246467599	-0.0600624162537	-0.0359317691492	-0.0291154637706	-0.00691627566249	-0.0669211418564	0.0258154080792	-0.0307150391333	0.00707485808036	-0.00645700782106	0.041946450457	-0.0215955065806	-0.0440549436602	-0.00703921747298	-0.033067658796	0.0018188225135	0.00973736480113	-0.0108550619856	0.0129124203522	0.0139807968384	0.0293847385037	-0.0120429947804	0.000506533558784	0.0690245631588	0.0635312862181	0.0111359149325	-0.0965928740461	0.0298195664133	-0.00533066006311	0.0221084163739	-0.0388382282775	-0.00640348413415	-0.0601813527542	-0.0243144366944	-0.00722809422326	0.0499035934287	-0.0130076295434	0.00278121335679	-0.0417736586041	0.0278739441203	-0.0521048730595	-0.0119014155164	-0.0148519968405	-0.00214137942486	0.0692501805937	-0.0236769663407
k__Bacteria;p__Bacteroidetes;c__Bacteroidia;o__Bacteroidales;f__Bacteroidaceae;g__Bacteroides;s__Bacteroides_cellulosilyticus	0.0291220167883	-0.0193790994748	-0.0238214612513	0.0207491622771	-0.0270486503264	-0.0228444080242	-0.0184380821078	0.0288815911112	-0.0332061967259	-0.00351994520405	0.035007775955	-0.00745237702409	1.0	-0.00158905579935	-0.037457218647	0.00896542527749	0.0547831252556	0.0284021970202	0.0354754240527	-0.0592933995668	0.0107519873628	-0.0127287262081	-0.00745484180005	-0.0411178239905	-0.0108856044802	0.0452643563648	-0.0445222857383	0.00125688829613	0.0120694203728	-0.0221921356964	-0.0466793354479	-0.0311240382808	-0.033510931345	0.00716525615095	-0.0317998234944	-0.00856139806899	-0.00280881525038	-0.0553001282257	-0.0169654368258	0.00960575376723	-0.0312687901881	0.00167977456747	-0.0236206096708	0.008128622769	-0.00651836160365	-0.0146467664212	-0.0652129784428	0.0354233470531	0.0579834947985	0.0403114871033	-0.0370895473982	0.0345741487843	-0.00923987000914	0.0149659601094	-0.0159486398598	0.000802342464869	-0.00596647239708	-0.00227170016792	0.028204733806
k__Bacteria;p__Bacteroidetes;c__Bacteroidia;o__Bacteroidales;f__Rikenellaceae;g__Alistipes;s__Alistipes_obesi	0.00931400618296	-0.0183484921777	-0.0208361981407	-0.0241798537138	-0.025606619553	-0.056569295579	-0.0182649356412	-0.00820600522892	-0.0472970390556	0.0545653066363	-0.0285428898766	-0.0419246467599	-0.00158905579935	1.0	-0.0942922986943	-0.0298585222871	0.0410923892887	-0.0141655088919	0.0214900492046	0.0117734961538	-0.018946387337	-0.0218164848876	-0.0438741452121	-0.0101481892189	-0.00669293374667	-0.0267470391425	-0.0107302910255	-0.0126193906674	0.0136223697168	-0.0389402881328	-0.00333253848251	-0.00937574831408	-0.0284461938328	0.00146908664427	0.000619579670399	0.0531124128959	0.0302323361835	0.0252978104242	0.0504754849643	0.0224553817873	-0.0111642051937	-0.057661728642	-0.0183227468554	-0.0193321901866	0.034247211461	-0.0375227743025	-0.0201799852312	0.0202732263915	0.0396913732757	-0.0178174044846	0.00316387149733	0.0173079517942	0.016537400601	-0.0229564348612	0.0377564035067	0.067980689972	0.0151426887031	-0.00956749842429	0.00011185088313
k__Bacteria;p__Firmicutes;c__Clostridia;o__Clostridiales;f__Lachnospiraceae;g__;s__[Eubacterium]_rectale	0.0505408919255	0.0146009176749	0.0348393297197	0.0151116703338	-0.0370976894951	0.0308521363379	0.0179293487737	0.0242716106499	-0.0416476316031	0.00601780171817	-0.0160901631186	-0.0600624162537	-0.037457218647	-0.0942922986943	1.0	-0.0374426168697	0.00784916179212	-0.0439997232375	0.0434500365265	0.00288293976419	-0.00416805536629	0.00550080659067	-0.0310723421271	-0.0168295548716	-0.043707674988	-0.0455387213745	-0.00833630592	0.00907156078777	-0.00534564441548	0.0426532916893	0.0549381902092	-0.0143953514338	-0.0340725899431	-0.0127460570592	0.0291303196269	-0.0213740639344	0.0708807170201	0.0194247560661	-0.0508114955072	0.066915241572	-0.0172051035003	0.0437751496764	-0.00589843705033	-0.00586427510907	-0.0179138325404	-0.0126730145261	0.00801594517735	-0.00346061873704	-0.0460894571391	0.0199200997558	-0.0197070760318	-0.0445920617428	0.00384000549681	-0.0453198913971	0.0208923941186	-0.0649983615071	-0.00718695014686	0.0112144464034	-0.0252543960279
k__Bacteria;p__Bacteroidetes;c__Bacteroidia;o__Bacteroidales;f__Bacteroidaceae;g__Bacteroides;s__Bacteroides_plebeius	-0.0127695818253	0.0521889798983	0.00583471301757	0.03585816691	-0.00241417105448	0.0517002989488	-0.0573421333804	-0.0644968975774	-0.0442695821611	0.064460492679	-0.0127099594805	-0.0359317691492	0.00896542527749	-0.0298585222871	-0.0374426168697	1.0	-0.0135015605317	0.00462564641508	0.0311688423712	0.016343995712	-0.0479622011457	0.0193796109501	0.0274536640107	-0.0132233093551	-0.0417209339561	0.00962011645893	0.00544519826377	-0.0701694050108	0.0288035996217	0.0181883909659	-0.0444831926885	-0.0217089198472	0.0350657238781	0.0211027657481	-0.0106228772723	-0.00231714421341	0.0615709883967	0.00614439887415	-0.0444267226791	0.0173415229881	0.0250237619425	0.0039266051752	-0.0410169771473	0.0236102538286	-0.0315024782048	-0.0305495438388	-0.00305113713504	-0.0310767333438	0.0213878600122	-0.00938460770428	-0.0148342757995	0.0111824856747	0.0164992933901	-0.0280843824678	0.031083671456	-0.0773567429971	-0.013030974998	-0.0377978158177	-0.0273164169624
k__Bacteria;p__Bacteroidetes;c__Bacteroidia;o__Bacteroidales;f__Bacteroidaceae;g__Bacteroides;s__Bacteroides_fragilis	-0.0347201675326	0.0562767860521	0.0356542350427	-0.0454282862252	-4.3755608257e-05	0.00709050606883	0.0336926025146	0.0088847926752	0.0220816368945	0.0579109169585	-0.0419163527386	-0.0291154637706	0.0547831252556	0.0410923892887	0.00784916179212	-0.0135015605317	1.0	0.0593455731917	-0.0121946744169	0.00290228579128	-0.0157478038615	-0.043066802959	-0.00127066007037	0.0816766387049	0.0136141754812	-0.0315042584503	-0.040889349915	-0.0414397724844	-0.0322304434186	-0.00756776135213	-0.0236100208908	-0.041872366644	-0.0534078161973	-0.0407510548129	-0.0516859371728	-0.0579044152007	0.00920358008752	-0.103284138579	-0.0286544979732	-0.0585915163895	-0.063425290544	-0.0443111028839	-0.0181474131787	-0.0182717075093	-0.0280752811714	-0.0162928707142	0.0259982750488	-0.00587819031522	0.0116241024669	0.0349607235514	-0.0433041734121	0.00509200954506	-0.0125397629168	0.0186352580723	0.118065518168	-0.0986494055472	-0.0479047931252	0.0341653193508	0.0110942036536
k__Bacteria;p__Proteobacteria;c__Betaproteobacteria;o__Burkholderiales;f__Sutterellaceae;g__Sutterella;s__Sutterella_wadsworthensis	0.0135730781665	-0.0277558940328	0.0227886068399	-0.0379612602682	-0.00271779421181	0.00820975080716	-0.0531835325971	-0.0219894471638	0.00760078155387	0.0278140582634	-0.00936185926099	-0.00691627566249	0.0284021970202	-0.0141655088919	-0.0439997232375	0.00462564641508	0.0593455731917	1.0	-0.031490250724	-0.024541390679	-0.00349351679773	0.0183935838664	0.0138237867906	-0.0655352303587	-0.0921002934794	0.0696059790282	0.0231637160323	0.000964308027629	0.0183020787662	-0.0578006565709	0.0677430724094	-0.0680297883189	0.00430327814543	0.0298137848653	0.031865741074	-0.0596658967019	-0.0370054720019	-0.049600940335	0.0171148297947	-0.0142671202841	-0.00643906178753	-0.0543896735785	-0.0152988466935	-0.0475978779232	0.0427256960467	0.00374586819347	0.000702949994378	-0.00357534632282	0.0433667504843	-0.0289637082214	-0.0475954863345	-0.047724133079	0.00645541234413	-0.0302140229026	-0.0123694042053	0.00333744237775	-0.0459971578947	0.0326121394125	-0.0583336143543
k__Bacteria;p__Bacteroidetes;c__Bacteroidia;o__Bacteroidales;f__Porphyromonadaceae;g__Barnesiella;s__Barnesiella_intestinihominis	0.0126220649035	-0.0462733101316	-0.0587449809709	-0.0441642381395	-0.0235406259622	-0.0172123947628	0.0584448518801	-0.00246232661437	0.00733875510412	-0.0226464349561	-0.0277784014954	-0.0669211418564	0.0354754240527	0.0214900492046	0.0434500365265	0.0311688423712	-0.0121946744169	-0.031490250724	1.0	-0.0884644977861	0.000935892082083	-0.00555927236082	-0.00697615057738	0.0222414309704	-0.00296307475352	-0.0418531008601	0.0172614716144	-0.00162961406494	0.0324580275234	-0.017971712627	-0.026760781839	-0.0271475983196	0.0191760715017	-0.000164819312649	0.00372464865541	0.00695685092159	0.0253350337609	0.0227703444303	0.0112508826421	-0.0472933797813	-0.020984928046	0.00684146488132	-0.0442610737646	-0.0234350510159	-0.067528504758	0.0439904423359	-0.0416304048255	-0.0209228010855	-0.0125389732912	0.0040773559834	0.0849313870518	0.00100054194592	-0.0406276510538	0.0124337658546	0.0126649083804	-0.00848638304783	-0.0277007161854	-0.0324336156816	0.00754881812399
k__Bacteria;p__Bacteroidetes;c__Bacteroidia;o__Bacteroidales;f__Odoribacteraceae;g__Odoribacter;s__Odoribacter_splanchnicus	0.0289286592274	0.0605943789747	-0.0319124831102	-0.0654524082689	-0.0674960578694	-0.0334884243131	0.0389095897331	0.0151063333532	-0.00486682482869	0.00278320123549	-0.0171183743127	0.0258154080792	-0.0592933995668	0.0117734961538	0.00288293976419	0.016343995712	0.00290228579128	-0.024541390679	-0.0884644977861	1.0	-0.0323368392664	0.00826722157855	0.00136936089133	0.0411671411879	0.0422311088002	-0.0329439035746	0.0155813627551	-0.0246043203625	0.0423982397664	-0.0216222820286	-0.0516133399526	0.0370401433829	0.0204425671877	0.00204568034068	0.00616973047066	0.0365322742457	-0.0330755585511	-0.018990810887	-0.0185234002519	-0.0236294662025	0.0160619132109	0.0504512159484	-0.0592602353315	0.0391786601788	0.0688644252717	0.0411298922357	-0.0233512813429	-0.00333584663672	0.0478563153366	-0.0030352828758	-0.0614390368511	-0.0542061552085	-0.000896741503332	-0.022899205926	-0.0290996162543	0.00879977271602	-0.0286660485423	-0.00933931580117	-0.0578543667849
k__Bacteria;p__Bacteroidetes;c__Bacteroidia;o__Bacteroidales;f__Bacteroidaceae;g__Bacteroides;s__Bacteroides_salyersiae	-0.00917573877446	-0.0426585631896	0.0199486928816	0.0162293404767	0.0133877412046	-0.000728742594344	0.0358730998715	0.0220160341471	0.0339496994002	-0.00964287292859	-0.0204399434713	-0.0307150391333	0.0107519873628	-0.018946387337	-0.00416805536629	-0.0479622011457	-0.0157478038615	-0.00349351679773	0.000935892082083	-0.0323368392664	1.0	0.0598431447041	0.0456241357475	-0.0525992555375	-0.0136328341118	-0.0118250881665	-0.0344464905119	0.00694744349138	-0.0156502528203	0.0401939422617	0.05208014157	-0.0141943758433	-0.0188784542046	0.00155985985782	-0.0262455240852	-0.0154923639492	-0.0156974405796	-0.0198543422702	-0.0453482789435	0.0149730815714	-0.0587319262069	-0.0404217363233	-0.00975462772561	0.0365934534503	-0.00939525079616	-0.019707401247	-0.0153636077511	0.00535140717582	0.018268007998	0.0121348725476	-0.0518849514076	0.0344930617342	-0.0293777526653	-0.00601211827561	-0.0174236105951	0.0492047843816	-0.0213222876658	-0.0469824816535	-0.00497050918669
k__Bacteria;p__Firmicutes;c__Clostridia;o__Clostridiales;f__Ruminococcaceae;g__Ruminiclostridium;s__[Eubacterium]_siraeum	0.0543824388975	0.0297115299931	0.00169794202243	-0.00912401000295	-0.0552156377212	-0.0215566274162	-0.0356200545201	-0.020904981193	0.0481643958852	0.00843708857888	0.00284785881639	0.00707485808036	-0.0127287262081	-0.0218164848876	0.00550080659067	0.0193796109501	-0.043066802959	0.0183935838664	-0.00555927236082	0.00826722157855	0.0598431447041	1.0	0.0426217385616	-0.0226223100812	0.0257479170244	0.0112794121993	0.0350108260346	-0.00947002201444	0.00369603630215	-0.0339235758479	0.0699604892571	-0.0572001659917	-0.023867197493	-0.0820953213949	-0.0305535138604	-0.0209882107064	-0.0307023754778	-0.0395937263995	0.00278107353562	-0.0309480347974	-0.00791026342655	0.00193172744463	0.0603702576453	0.00482014969959	-0.0720574958871	0.0157466948706	-0.0502688808793	0.0721252916093	0.0234949562729	-0.035503678439	0.0528583216129	0.0180333800669	-0.0078772765367	0.00829824993034	0.0348857384686	0.0147175353903	0.0121475936393	0.0276588785153	-0.00143900333112
k__Bacteria;p__Proteobacteria;c__Betaproteobacteria;o__Burkholderiales;f__Sutterellaceae;g__Parasutterella;s__Parasutterella_excrementihominis	0.0789301995702	0.0064721438414	0.00605937156212	-0.0610452957652	-0.0173217142792	-0.0119059310063	-0.0218157956307	-0.010937623236	-1.06400427737e-05	-0.0130447554437	-0.0361774563582	-0.00645700782106	-0.00745484180005	-0.0438741452121	-0.0310723421271	0.0274536640107	-0.00127066007037	0.0138237867906	-0.00697615057738	0.00136936089133	0.0456241357475	0.0426217385616	1.0	0.0199320279168	0.0269137357504	-0.025437076256	-0.00328777892888	-0.0292269444948	0.0272343239683	-0.0204941763742	-0.036143609817	0.0371552458954	0.00666113749111	-0.0154993774226	-0.0737787187842	-0.0453772304708	0.0102674415117	0.0091127121442	0.00607255761539	0.00810513570747	0.019893048495	0.0548190917767	-0.0678596772029	-0.020580931349	-0.0421082104276	-0.0186223655505	-0.021395716436	-0.0117266122605	0.00458348760038	0.0191604239626	-0.00394919826491	-0.00292047738021	-0.00848971892172	0.0504386378012	-0.0239373572501	-0.0288678869006	-0.0122240245541	-0.0295638892152	-0.0439788810194
k__Bacteria;p__Actinobacteria;c__Actinobacteria;o__Bifidobacteriales;f__Bifidobacteriaceae;g__Bifidobacterium;s__Bifidobacterium_adolescentis	-0.0441563459406	-0.00354313342441	-0.0600562186729	-0.00110571663838	-0.0458359556479	0.0103476506499	0.0173139392339	-0.00271163799656	0.000475586489384	-0.0914446634589	0.0131557323449	0.041946450457	-0.0411178239905	-0.0101481892189	-0.0168295548716	-0.0132233093551	0.0816766387049	-0.0655352303587	0.0222414309704	0.0411671411879	-0.0525992555375	-0.0226223100812	0.0199320279168	1.0	-0.0122012545918	0.0141229234064	0.0752570867702	0.0311717331375	0.0263386140167	-0.0288881852349	-0.0477977634511	-0.019164710619	-0.0041154218473	-0.00485540677422	0.0156372841583	-0.0396493719554	0.0448017502564	0.103440831511	0.0336912360055	-0.0580652997828	-0.0172219717463	-0.0122663982912	0.00330098165386	-0.0119529427946	-0.0133139837714	0.0132271849026	-0.001271727723	-0.0310372931864	0.0307334367132	-0.0416045840883	-0.0318693775597	0.00159485674014	0.0183561301313	0.0409157674327	0.0432616562036	-0.0408137189797	-0.069264632258	0.0613062185401	0.0193673013389
k__Bacteria;p__Firmicutes;c__Clostridia;o__Clostridiales;f__Oscillospiraceae;g__Oscillibacter;s__Oscillibacter_sp._KLE_1745	-0.0236840452103	0.0435192957275	0.00984168978744	0.00553541921802	-0.0304116933801	0.0160110030694	0.016083832444	0.0282999621048	-0.0327330503574	-0.0138797630217	0.0105696535557	-0.0215955065806	-0.0108856044802	-0.00669293374667	-0.043707674988	-0.0417209339561	0.0136141754812	-0.0921002934794	-0.00296307475352	0.0422311088002	-0.0136328341118	0.0257479170244	0.0269137357504	-0.0122012545918	1.0	-0.00727183974489	-0.0279385863247	-7.34699232936e-05	-0.00384888006227	-0.0790833440774	-0.00223224268584	-0.0151589283389	0.0148092034847	-0.0279855249647	-0.0106481853788	-0.0401030508243	-0.0865019310582	0.0129453865177	-0.000410717058967	-0.0632170764199	-0.0294358309612	0.0298989745728	0.0277725651242	-0.00690649145436	-0.0545400158782	0.000641356596681	-0.0622045195346	-0.0238872429633	-0.0143821481105	0.019539179166	-0.0296893006483	-0.0290902619598	-0.0021991774859	0.00289946541746	-0.0215776897001	0.00015035482069	-0.0127869054105	-0.00232662074469	0.0534481674367
k__Bacteria;p__Bacteroidetes;c__Bacteroidia;o__Bacteroidales;f__Bacteroidaceae;g__Bacteroides;s__Bacteroides_coprophilus	0.00230518534128	-0.0710725417528	0.0250996757907	-0.121056732357	0.00690138628248	0.0633200533207	0.078114567603	-0.0368569321292	0.0401624244496	-0.034454062482	-0.0106094825102	-0.0440549436602	0.0452643563648	-0.0267470391425	-0.0455387213745	0.00962011645893	-0.0315042584503	0.0696059790282	-0.0418531008601	-0.0329439035746	-0.0118250881665	0.0112794121993	-0.025437076256	0.0141229234064	-0.00727183974489	1.0	0.0121174821382	0.0524341417896	-0.00264649989762	-0.0262553241937	-0.0215994710653	0.0257024507788	-0.0049233427131	-0.0397711346935	-0.0214338478955	-0.00333518982776	-0.0570326451155	-0.00801106718359	-0.0142495675173	-0.00890111076869	0.00472156038291	0.0089763001212	-0.0732428022558	-0.0190006610202	0.00869350522264	0.0240354907838	-0.0377665975366	-0.02112242862	-0.0241889052916	-0.0230932304483	0.000165043924717	0.0287260935191	-0.0152355130655	-0.0423950414431	-0.0113439466231	0.00967498900401	-0.0587143536907	0.0479116389501	-0.00131002034191
k__Bacteria;p__Firmicutes;c__Clostridia;o__Clostridiales;f__Lachnospiraceae;g__Roseburia;s__Roseburia_intestinalis	-0.0751105514658	0.0418436555827	0.0208134120031	-0.0154663611789	-0.0328466547665	-0.00656485794041	0.0489582611668	0.00175290061871	-0.0160916280173	-0.0612816001289	-0.0306188251274	-0.00703921747298	-0.0445222857383	-0.0107302910255	-0.00833630592	0.00544519826377	-0.040889349915	0.0231637160323	0.0172614716144	0.0155813627551	-0.0344464905119	0.0350108260346	-0.00328777892888	0.0752570867702	-0.0279385863247	0.0121174821382	1.0	0.035666520801	-0.0164250465839	0.0760845307409	-0.000936278330901	0.00266339075536	-0.0351077552272	-0.0587620641232	0.0750711859716	0.0233243013127	-0.0496729213284	-0.031627403955	-0.0471941083431	-0.039058357687	0.0565104457937	0.00711242147645	0.00769454779853	-0.0544186655777	0.00875798430921	-0.0327314408567	0.0507041043141	-0.0205611982785	-0.00273449468419	-0.0970746254192	-0.0249070500702	-0.024837951793	-0.0257388950192	0.0204813386669	-0.0310046388911	-0.00902721770845	0.0294752428959	0.0624431254915	-0.0251678619625
k__Bacteria;p__Firmicutes;c__Clostridia;o__Clostridiales;f__Lachnospiraceae;g__Roseburia;s__Roseburia_hominis	-0.00832736078663	-0.00579137300687	-0.012956681255	-0.0431880429119	0.00133615388241	0.0283068657816	-0.0476305074556	-0.0396487071366	-0.0110418131589	0.0552469624968	-0.0179382441019	-0.033067658796	0.00125688829613	-0.0126193906674	0.00907156078777	-0.0701694050108	-0.0414397724844	0.000964308027629	-0.00162961406494	-0.0246043203625	0.00694744349138	-0.00947002201444	-0.0292269444948	0.0311717331375	-7.34699232936e-05	0.0524341417896	0.035666520801	1.0	-0.000251063614484	-0.00859787273268	0.0177474140134	-0.0640308634438	0.0459069182057	0.0011392517346	-0.0506317295052	-0.0630326399832	-0.00949812692973	-0.0560813604686	-0.0300731834218	0.0129205076632	-0.0269176663526	-0.0151829193935	-0.0212710541017	0.0271975987969	-0.0399609456075	0.0432637472594	0.0206479237014	-0.0287731236673	-0.00076012627856	-0.0608212688676	-0.00326170958028	-0.0495125998747	0.0240516373189	-0.020836288911	0.00185532520741	-0.00225069191775	0.0709736576862	-0.0054285379697	-0.0645870080583
k__Bacteria;p__Bacteroidetes;c__Bacteroidia;o__Bacteroidales;f__Porphyromonadaceae;g__Parabacteroides;s__Parabacteroides_johnsonii	0.0375890900345	-0.0168972214757	-0.00911908878711	-0.0184916114037	-0.0379910413172	-0.0287347880114	-0.00350865596608	0.0141826686058	0.0111839353209	0.0117642167397	-0.0250082068991	0.0018188225135	0.0120694203728	0.0136223697168	-0.00534564441548	0.0288035996217	-0.0322304434186	0.0183020787662	0.0324580275234	0.0423982397664	-0.0156502528203	0.00369603630215	0.0272343239683	0.0263386140167	-0.00384888006227	-0.00264649989762	-0.0164250465839	-0.000251063614484	1.0	-0.0309087136132	0.00729743821369	-0.0342692491337	0.0155330290015	0.00858533455212	0.0147711651241	0.03368096303	-0.0583310080346	-0.000268670894476	-0.00809230826155	0.00870707631727	0.00173055465964	0.117886717826	-0.00542801247585	-0.0247904616128	-0.0241380865361	-0.0201007268806	0.0318386529841	-0.0380299119759	-0.0173235356543	-0.0115190079047	0.0113683229558	0.00158731965432	-0.0237511321909	-0.036817108192	-0.0538629226899	-0.0296529507787	0.013318765842	-0.00958453090864	-0.0195337566581
