#taxonomy	k__Bacteria;p__Bacteroidetes;c__Bacteroidia;o__Bacteroidales;f__Bacteroidaceae;g__Bacteroides;s__Bacteroides_vulgatus	k__Bacteria;p__Bacteroidetes;c__Bacteroidia;o__Bacteroidales;f__Bacteroidaceae;g__Bacteroides;s__Bacteroides_uniformis	k__Bacteria;p__Bacteroidetes;c__Bacteroidia;o__Bacteroidales;f__Rikenellaceae;g__Alistipes;s__Alistipes_putredinis	k__Bacteria;p__Bacteroidetes;c__Bacteroidia;o__Bacteroidales;f__Prevotellaceae;g__Prevotella;s__Prevotella_copri	k__Bacteria;p__Bacteroidetes;c__Bacteroidia;o__Bacteroidales;f__Bacteroidaceae;g__Bacteroides;s__Bacteroides_stercoris	k__Bacteria;p__Bacteroidetes;c__Bacteroidia;o__Bacteroidales;f__Bacteroidaceae;g__Bacteroides;s__Bacteroides_ovatus	k__Bacteria;p__Bacteroidetes;c__Bacteroidia;o__Bacteroidales;f__Rikenellaceae;g__Alistipes;s__Alistipes_shahii	k__Bacteria;p__Firmicutes;c__Clostridia;o__Clostridiales;f__Ruminococcaceae;g__Faecalibacterium;s__Faecalibacterium_prausnitzii	k__Bacteria;p__Bacteroidetes;c__Bacteroidia;o__Bacteroidales;f__Rikenellaceae;g__Alistipes;s__Alistipes_finegoldii	k__Bacteria;p__Bacteroidetes;c__Bacteroidia;o__Bacteroidales;f__Porphyromonadaceae;g__Parabacteroides;s__Parabacteroides_distasonis	k__Bacteria;p__Bacteroidetes;c__Bacteroidia;o__Bacteroidales;f__Bacteroidaceae;g__Bacteroides;s__Bacteroides_thetaiotaomicron	k__Bacteria;p__Bacteroidetes;c__Bacteroidia;o__Bacteroidales;f__Bacteroidaceae;g__Bacteroides;s__Bacteroides_coprocola	k__Bacteria;p__Bacteroidetes;c__Bacteroidia;o__Bacteroidales;f__Bacteroidaceae;g__Bacteroides;s__Bacteroides_cellulosilyticus	k__Bacteria;p__Bacteroidetes;c__Bacteroidia;o__Bacteroidales;f__Rikenellaceae;g__Alistipes;s__Alistipes_obesi	k__Bacteria;p__Firmicutes;c__Clostridia;o__Clostridiales;f__Lachnospiraceae;g__;s__[Eubacterium]_rectale	k__Bacteria;p__Bacteroidetes;c__Bacteroidia;o__Bacteroidales;f__Bacteroidaceae;g__Bacteroides;s__Bacteroides_plebeius	k__Bacteria;p__Bacteroidetes;c__Bacteroidia;o__Bacteroidales;f__Bacteroidaceae;g__Bacteroides;s__Bacteroides_fragilis	k__Bacteria;p__Proteobacteria;c__Betaproteobacteria;o__Burkholderiales;f__Sutterellaceae;g__Sutterella;s__Sutterella_wadsworthensis	k__Bacteria;p__Bacteroidetes;c__Bacteroidia;o__Bacteroidales;f__Porphyromonadaceae;g__Barnesiella;s__Barnesiella_intestinihominis	k__Bacteria;p__Bacteroidetes;c__Bacteroidia;o__Bacteroidales;f__Odoribacteraceae;g__Odoribacter;s__Odoribacter_splanchnicus	k__Bacteria;p__Bacteroidetes;c__Bacteroidia;o__Bacteroidales;f__Bacteroidaceae;g__Bacteroides;s__Bacteroides_salyersiae	k__Bacteria;p__Firmicutes;c__Clostridia;o__Clostridiales;f__Ruminococcaceae;g__Ruminiclostridium;s__[Eubacterium]_siraeum	k__Bacteria;p__Proteobacteria;c__Betaproteobacteria;o__Burkholderiales;f__Sutterellaceae;g__Parasutterella;s__Parasutterella_excrementihominis	k__Bacteria;p__Actinobacteria;c__Actinobacteria;o__Bifidobacteriales;f__Bifidobacteriaceae;g__Bifidobacterium;s__Bifidobacterium_adolescentis	k__Bacteria;p__Firmicutes;c__Clostridia;o__Clostridiales;f__Oscillospiraceae;g__Oscillibacter;s__Oscillibacter_sp._KLE_1745	k__Bacteria;p__Bacteroidetes;c__Bacteroidia;o__Bacteroidales;f__Bacteroidaceae;g__Bacteroides;s__Bacteroides_coprophilus	k__Bacteria;p__Firmicutes;c__Clostridia;o__Clostridiales;f__Lachnospiraceae;g__Roseburia;s__Roseburia_intestinalis	k__Bacteria;p__Firmicutes;c__Clostridia;o__Clostridiales;f__Lachnospiraceae;g__Roseburia;s__Roseburia_hominis	k__Bacteria;p__Bacteroidetes;c__Bacteroidia;o__Bacteroidales;f__Porphyromonadaceae;g__Parabacteroides;s__Parabacteroides_johnsonii	k__Bacteria;p__Actinobacteria;c__Actinobacteria;o__Bifidobacteriales;f__Bifidobacteriaceae;g__Bifidobacterium;s__Bifidobacterium_longum	k__Bacteria;p__Firmicutes;c__Clostridia;o__Clostridiales;f__;g__Flavonifractor;s__Flavonifractor_plautii	k__Bacteria;p__Firmicutes;c__Clostridia;o__Clostridiales;f__Clostridiaceae;g__Clostridium;s__Clostridium_phoceensis	k__Bacteria;p__Verrucomicrobia;c__Verrucomicrobiae;o__Verrucomicrobiales;f__Akkermansiaceae;g__Akkermansia;s__Akkermansia_muciniphila	k__Bacteria;p__Bacteroidetes;c__Bacteroidia;o__Bacteroidales;f__Prevotellaceae;g__Paraprevotella;s__Paraprevotella_xylaniphila	k__Bacteria;p__Firmicutes;c__Clostridia;o__Clostridiales;f__Ruminococcaceae;g__Ruminococcus;s__Ruminococcus_callidus	k__Bacteria;p__Bacteroidetes;c__Bacteroidia;o__Bacteroidales;f__Rikenellaceae;g__Alistipes;s__Alistipes_senegalensis	k__Bacteria;p__Firmicutes;c__Clostridia;o__Clostridiales;f__Lachnospiraceae;g__Blautia;s__Blautia_sp._KLE_1732	k__Bacteria;p__Bacteroidetes;c__Bacteroidia;o__Bacteroidales;f__Bacteroidaceae;g__Bacteroides;s__Bacteroides_oleiciplenus	k__Bacteria;p__Firmicutes;c__Clostridia;o__Clostridiales;f__Ruminococcaceae;g__Ruminococcus;s__Ruminococcus_bicirculans	k__Bacteria;p__Bacteroidetes;c__Bacteroidia;o__Bacteroidales;f__Bacteroidaceae;g__Bacteroides;s__Bacteroides_fluxus	k__Bacteria;p__Bacteroidetes;c__Bacteroidia;o__Bacteroidales;f__Prevotellaceae;g__Prevotella;s__Prevotella_stercorea	k__Bacteria;p__Firmicutes;c__Clostridia;o__Clostridiales;f__Lachnospiraceae;g__Dorea;s__Dorea_longicatena	k__Bacteria;p__Firmicutes;c__Clostridia;o__Clostridiales;f__Eubacteriaceae;g__Eubacterium;s__[Eubacterium]_eligens	k__Bacteria;p__Firmicutes;c__Clostridia;o__Clostridiales;f__Ruminococcaceae;g__;s__Ruminococcaceae_bacterium_D16	k__Bacteria;p__Firmicutes;c__Clostridia;o__Clostridiales;f__Lachnospiraceae;g__Coprococcus;s__Coprococcus_comes	k__Bacteria;p__Proteobacteria;c__Gammaproteobacteria;o__Enterobacterales;f__Enterobacteriaceae;g__Escherichia;s__Escherichia_coli	k__Bacteria;p__Firmicutes;c__Clostridia;o__Clostridiales;f__Ruminococcaceae;g__Anaerotruncus;s__Anaerotruncus_colihominis	k__Bacteria;p__Firmicutes;c__Clostridia;o__Clostridiales;f__Lachnospiraceae;g__Blautia;s__Blautia_obeum	k__Bacteria;p__Bacteroidetes;c__Bacteroidia;o__Bacteroidales;f__Odoribacteraceae;g__Odoribacter;s__Odoribacter_laneus	k__Bacteria;p__Firmicutes;c__Clostridia;o__Clostridiales;f__Ruminococcaceae;g__Ruminiclostridium;s__[Clostridium]_leptum	k__Bacteria;p__Bacteroidetes;c__Bacteroidia;o__Bacteroidales;f__Porphyromonadaceae;g__Parabacteroides;s__Parabacteroides_goldsteinii	k__Bacteria;p__Firmicutes;c__Clostridia;o__Clostridiales;f__Lachnospiraceae;g__Anaerostipes;s__Anaerostipes_hadrus	k__Bacteria;p__Firmicutes;c__Clostridia;o__Clostridiales;f__Ruminococcaceae;g__Ruminococcus;s__Ruminococcus_lactaris	k__Bacteria;p__Firmicutes;c__Clostridia;o__Clostridiales;f__Clostridiaceae;g__Clostridium;s__Clostridium_sp._L2-50	k__Bacteria;p__Firmicutes;c__Clostridia;o__Clostridiales;f__Clostridiaceae;g__Clostridium;s__Clostridium_sp._M62/1	k__Bacteria;p__Firmicutes;c__Clostridia;o__Clostridiales;f__;g__Intestinimonas;s__Intestinimonas_butyriciproducens	k__Bacteria;p__Actinobacteria;c__Actinobacteria;o__Bifidobacteriales;f__Bifidobacteriaceae;g__Bifidobacterium;s__Bifidobacterium_bifidum	k__Bacteria;p__Firmicutes;c__Negativicutes;o__Veillonellales;f__Veillonellaceae;g__Dialister;s__Dialister_invisus	k__Bacteria;p__Bacteroidetes;c__Bacteroidia;o__Bacteroidales;f__Bacteroidaceae;g__Bacteroides;s__Bacteroides_salanitronis
k__Bacteria;p__Bacteroidetes;c__Bacteroidia;o__Bacteroidales;f__Bacteroidaceae;g__Bacteroides;s__Bacteroides_vulgatus	1.0	-0.00232474361728	-0.0178009549503	0.0461860244805	-0.066754704195	-0.00339428760953	0.0338295876534	-0.0269328972422	-0.0242445941691	0.0222643222803	0.066319231969	0.000664289585857	0.0514577751894	-0.00598236060203	0.0214835938164	0.0191989476982	0.0333232066525	0.0262374999045	0.0116667908315	-0.00434775447094	0.030341082631	-0.00303084685892	-0.0286991646651	0.0186057142546	-0.025015854644	-0.0648947614933	-0.0571055116791	-0.0602538711063	0.0390407429256	-0.0608291277501	0.0284976389892	-0.00230135425561	0.0119247041944	0.0336480917358	-0.000549342134973	-0.0102546287515	0.0179494709333	0.00278402722291	-0.0399372067826	-0.0405234704647	-0.0464489025613	-0.0283669296152	0.0120939855168	0.0340585903768	-0.032577757256	-0.0634429657334	-0.0473920505093	-0.0540690934515	-0.0279395193032	-0.00860948272439	-0.0149813214379	0.0315952189319	-0.0189247291971	-0.00724326233052	-0.0342267453764	0.0026861367823	-0.0555265630749	0.0190949300658	-0.0589014156523
k__Bacteria;p__Bacteroidetes;c__Bacteroidia;o__Bacteroidales;f__Bacteroidaceae;g__Bacteroides;s__Bacteroides_uniformis	-0.00232474361728	1.0	-0.00972012762802	0.0483316958265	-0.0138185507274	-0.0136019997119	0.0320913055792	0.00276308982322	0.040002351839	-0.0323369079775	0.0522069427717	-0.0140518750653	-0.00300623159254	-0.0182270907529	-0.00977291492743	-0.0282733109831	-0.0357162272132	-0.0207775062104	-0.0206308701615	0.0128644969152	-0.0010444602912	0.0374374155509	0.0180893277225	0.040515452243	0.0204895356891	-0.00682075895295	-0.0109891136067	-0.0258091047754	-0.00613956342635	0.00627645932259	-0.0295275056847	-0.00971534461689	-0.0419092916262	0.052842947406	0.00307512725689	-0.0140599587315	-0.0209240269514	-0.0242876671301	-0.0129867527519	0.0398836601421	0.0326975339989	0.0158066838053	-0.0508881461735	-0.0786871661387	-0.0131956380448	0.0680718642015	-0.0692630635051	-0.031088670168	-0.0121550697554	-0.0333301996854	-0.0389378833315	-0.0351534964373	0.0253690965163	-0.0384531837504	-0.0397819801609	-0.0415651384521	-0.012748437149	0.0104579968708	0.0239051097723
k__Bacteria;p__Bacteroidetes;c__Bacteroidia;o__Bacteroidales;f__Rikenellaceae;g__Alistipes;s__Alistipes_putredinis	-0.0178009549503	-0.00972012762802	1.0	0.0464035485421	-0.00612153077476	0.0362337330633	-0.0212851195114	0.0169256476295	-0.0881720834155	-0.000616815903129	0.0611658467665	0.022056952119	-0.00951406806276	-0.0272388962943	-0.0188490993034	-0.0189648653091	-0.0630555586672	0.0236908339852	-0.00646254401461	0.00777951242871	-0.0528019726669	0.0121015913526	-0.0559821508588	-0.0273290326882	0.0268611166	-0.0516128769981	-0.0650265968954	-0.00136077234443	0.0118273457048	0.0285019178524	0.030789289755	0.0140075584759	0.00438656768945	-0.0160509714202	0.0175962824075	-0.0558726480908	0.020920162643	0.0331373277967	0.0236327859905	-0.00355952592946	0.0270499064423	0.00291820543235	0.0131065158512	-0.0251600254281	-0.00198019263353	-0.00033981041314	0.0357158050275	0.0180279576709	-0.0465704949271	-0.025133969922	-0.0258619544202	0.0552767165478	0.0504829741486	-0.0319661752242	0.00624070754347	-0.0692176445929	0.00110377819371	-0.0244314479878	0.00760504483313
k__Bacteria;p__Bacteroidetes;c__Bacteroidia;o__Bacteroidales;f__Prevotellaceae;g__Prevotella;s__Prevotella_copri	0.0461860244805	0.0483316958265	0.0464035485421	1.0	-0.058006882411	0.0461321314337	-0.00425132258805	0.0183954452233	-0.0330900928526	-0.0172255271852	-0.0125203871486	-0.0448762176757	0.0482228656189	-0.00892146978729	-0.0775974459245	0.0412266935123	0.00928461885078	-0.0229641992975	-0.0338167421538	0.0279925952578	-0.0144619025253	0.0375967638248	0.0136418298188	-0.00148003533736	-0.0354056256154	0.0290039043681	-0.0282547520804	0.013121705931	-0.016603765408	-0.0261745354642	-0.0166941327179	-0.0414574827669	6.95777186888e-05	0.0124580644315	-0.00791922164786	-0.0334091662718	-0.0524753990475	-0.0144146467305	-0.0290431693418	0.0255612256727	0.026523161869	0.028457125163	-0.0101165803363	-0.0305705632855	0.00554063245347	0.0141674811615	0.0105954131707	0.0548435750949	0.0245709103763	-0.0048607343269	-0.102537943413	0.0287748545448	-0.0500479903713	0.0113196876187	-0.0548471376612	-0.0388135091229	0.0418736844709	-0.0467466950682	0.00893555321742
k__Bacteria;p__Bacteroidetes;c__Bacteroidia;o__Bacteroidales;f__Bacteroidaceae;g__Bacteroides;s__Bacteroides_stercoris	-0.066754704195	-0.0138185507274	-0.00612153077476	-0.058006882411	1.0	-0.0329437063096	0.0119608120231	-0.0496933878232	-0.0202134455886	0.013878408004	-0.0699147576822	-0.00132741058376	0.043462449245	0.00495837573112	-0.00695077712572	-0.0171320394249	-0.0227450117305	0.0164181185025	0.00352864445258	0.0109585399427	0.019441177362	0.0225835018191	0.0428716057768	0.00377624727947	0.0182273977834	-0.0722031948108	0.00128277553714	-0.00214911954867	0.0131360317313	0.0256249713528	-0.0385948726646	0.0326790223378	-0.0157414079058	-0.0178845311293	0.0134428247649	0.0114395399679	-0.0091650616694	0.0113887936111	-0.0275697417215	0.00365570070538	-0.0532192481522	-0.00328368120726	-0.0277269770112	-0.00876178337186	-0.0270684236498	-0.00101452723533	-0.0221915637241	0.0168464617137	-0.00608840097606	-0.0110405385188	0.0054555485264	0.0595975991112	-0.0266136412239	0.00226498487476	-0.0891751628221	0.0055685639548	-0.0186325551551	-0.0262879475069	0.0166457326155
k__Bacteria;p__Bacteroidetes;c__Bacteroidia;o__Bacteroidales;f__Bacteroidaceae;g__Bacteroides;s__Bacteroides_ovatus	-0.00339428760953	-0.0136019997119	0.0362337330633	0.0461321314337	-0.0329437063096	1.0	-0.00519371114618	-0.0266541339344	0.00392362673208	-0.0574141388319	0.00371194645019	-0.00193482119557	0.00525811916974	-0.0297247775562	-0.0055502695087	0.0130415444732	-0.0267457952416	0.00359112213307	-0.0483033762384	-0.0128086337443	0.00119540683033	-0.0475331040012	-0.00327912599416	0.0622033349056	-0.0385535488092	-0.044443299825	-0.0236879911076	-0.0652359388994	-0.00500329374589	0.0142179294524	-0.0126695921571	0.00735955976307	0.0143990984458	-0.0283754910044	0.0363242760911	0.0676222301128	0.02018278055	0.0215943076251	-0.0939995121139	0.0130064583974	0.0236730405718	0.00773229637173	-0.0116123089376	-0.0434127213607	0.0293810833213	-0.0188829935921	-0.0527677330757	-0.0112443888135	-0.0446382919486	-0.0041239810691	-0.00502285672045	0.0162554947318	-0.0203864063475	-0.0171100854772	0.0313484954039	0.00169010192657	-0.0337745332355	-0.0181769321763	-0.00922368572052
k__Bacteria;p__Bacteroidetes;c__Bacteroidia;o__Bacteroidales;f__Rikenellaceae;g__Alistipes;s__Alistipes_shahii	0.0338295876534	0.0320913055792	-0.0212851195114	-0.00425132258805	0.0119608120231	-0.00519371114618	1.0	-0.0188183640937	0.0637318751938	-0.0756111555711	-0.03146064576	-0.0569148982318	-0.0162421103415	-0.0445778290738	0.032765763385	0.0288291177594	0.0156318916206	-0.0413369649698	-0.0466940231628	-0.0446666188097	-0.00277472038527	0.0249695683619	0.076691897144	0.018658471008	-0.0107465708647	-0.029768581328	-0.0262403641698	0.000984731055264	0.056941262817	-0.0491677947641	-0.0242182071649	-0.0517273283759	-0.000349788121555	-0.0379903128307	-0.0039341333348	-0.0138234806452	0.015181833791	0.020914069039	-0.0822541293104	0.0185613784107	-0.0496148579817	0.000465708352478	0.012929394589	-0.0112414321747	0.0381994135607	0.0162613754918	-0.0146426788427	0.00319303707983	0.0719870144646	-0.0589644357299	-0.00654331878625	0.0151749115083	-0.0225522217555	0.00152141895708	-0.0427339370641	-0.00121902962616	0.0331201145658	0.0585413543334	-0.00937274933957
k__Bacteria;p__Firmicutes;c__Clostridia;o__Clostridiales;f__Ruminococcaceae;g__Faecalibacterium;s__Faecalibacterium_prausnitzii	-0.0269328972422	0.00276308982322	0.0169256476295	0.0183954452233	-0.0496933878232	-0.0266541339344	-0.0188183640937	1.0	-0.036812703314	0.0220835634596	-0.0431408044505	-0.0432595824352	-0.0622475778285	-0.00963291763106	-0.0108657456501	-0.03426951357	-0.00686609432642	-0.0676733768186	0.0087775809313	-0.0164310604113	-0.0140498136385	-0.00430456922467	-0.0408055253043	-0.00271325132367	-0.0224583616873	-0.013578250879	-0.0180050352463	-0.0344462306492	-0.0250490589105	0.0559221101092	-0.00218821297787	-0.0111567496895	-0.0217527440562	-0.0144142855563	-0.0404135258364	-0.00416399362251	0.0203017304895	-0.00535910725353	0.0264624418089	-0.0291745827579	-0.036092888551	-0.0746674306604	-0.0517731673899	-0.0509500878303	0.0180427991044	0.0302226928684	-0.0684026541344	-0.0387909456814	0.0235692829475	-0.0165052956892	-0.0263224828047	-0.0235163637084	-0.00922486302291	-0.00124106174231	-0.0360814108294	-0.0219519122465	-0.0306277896338	0.0128670162002	-0.00935103673335
k__Bacteria;p__Bacteroidetes;c__Bacteroidia;o__Bacteroidales;f__Rikenellaceae;g__Alistipes;s__Alistipes_finegoldii	-0.0242445941691	0.040002351839	-0.0881720834155	-0.0330900928526	-0.0202134455886	0.00392362673208	0.0637318751938	-0.036812703314	1.0	-0.0304529412116	0.0457543758096	-0.00762157076129	-0.00263472854566	0.0173986422259	-0.0435860533288	-0.0363497686514	0.0151284586152	-0.036824036968	-0.0382635856802	0.0304473700175	0.0364922013054	-0.00906225963088	-0.023021121256	0.0364256418101	0.046566075701	0.0197106287006	-0.000191455254068	0.0541863795902	-0.0365499415166	-0.0621083843094	-0.0561013561304	-0.0889267455358	-0.0135556761287	-0.00802129189163	0.0508539163238	0.0177260616463	-0.00795865837509	-0.0594200278952	-0.0641808151173	-0.0436729008889	0.0339382112224	-0.0232802216764	-0.0157156238932	-0.0766364218041	-0.00394471433792	-0.034565466644	-0.00717740478118	0.0239666930708	0.0394169077525	-0.0388452866687	-0.0288094195564	0.0524693849605	-0.014247177323	0.0199944573814	0.0191447500522	0.0243928126253	-0.0663743641799	0.00201010372379	0.0437552440925
k__Bacteria;p__Bacteroidetes;c__Bacteroidia;o__Bacteroidales;f__Porphyromonadaceae;g__Parabacteroides;s__Parabacteroides_distasonis	0.0222643222803	-0.0323369079775	-0.000616815903129	-0.0172255271852	0.013878408004	-0.0574141388319	-0.0756111555711	0.0220835634596	-0.0304529412116	1.0	-0.0393631721715	-0.0638409835359	-0.0311172651065	0.00885418606447	0.0283142011902	-0.0238628535547	0.0292093071478	-0.0347475360394	-0.0656856351563	0.00172123281059	0.0470358855021	0.0384668721553	0.0171342926652	0.00999089417826	0.00245307222779	0.00706468246972	-0.00913102759936	0.0130907632101	0.023287676179	-0.0460747841449	0.0266242352185	-0.0482564758144	0.0101408410168	-0.0361297414262	0.0182942688822	-4.70860509496e-05	0.0339455041788	0.00198474263892	-0.00617804219133	-0.0507073977963	-0.0131203287181	-0.085795686463	0.0269343425419	-0.00195025898762	0.00436289419365	0.00324763060571	-0.0432655042699	-0.0452898417135	0.0115198531353	-0.0534169501775	0.0214220979619	0.00625234936727	0.00756031535265	-0.0128361519285	0.0921255030388	-0.0194761696816	0.0541080855601	-0.0709896069608	0.00474097645179
k__Bacteria;p__Bacteroidetes;c__Bacteroidia;o__Bacteroidales;f__Bacteroidaceae;g__Bacteroides;s__Bacteroides_thetaiotaomicron	0.066319231969	0.0522069427717	0.0611658467665	-0.0125203871486	-0.0699147576822	0.00371194645019	-0.03146064576	-0.0431408044505	0.0457543758096	-0.0393631721715	1.0	0.0552546368103	0.0108842384645	-0.00229957873988	-0.00406429071254	0.0110556753237	-0.0895370109748	0.000495068939296	0.0786661626569	-0.0309909853167	0.0421222278146	0.0246255368369	0.0187746528568	0.012786439936	-0.0159832200125	-0.0184309563667	0.0213272847762	-0.0112076759709	0.0307118085274	0.000561392058958	-0.00611089394239	-0.00160776777474	-0.0228767028022	0.0320227932197	-0.0465377496321	0.0225757773212	-0.0364981246532	0.0219433868811	-0.00130775067218	0.0201360730576	-0.00581273721525	0.00935830718649	0.000287430676877	-0.00769782078782	0.0664880633669	-0.00701083458629	-0.0465541339189	-0.00278593691405	0.0330619541967	-0.0541653937906	-0.00215712607588	-0.0159512323642	-0.00729064117886	0.0183585236408	-0.000512197504634	-0.0554245367344	-0.0363114569252	-0.0260515144137	-0.099153809546
k__Bacteria;p__Bacteroidetes;c__Bacteroidia;o__Bacteroidales;f__Bacteroidaceae;g__Bacteroides;s__Bacteroides_coprocola	0.000664289585857	-0.0140518750653	0.022056952119	-0.0448762176757	-0.00132741058376	-0.00193482119557	-0.0569148982318	-0.0432595824352	-0.00762157076129	-0.0638409835359	0.0552546368103	1.0	-0.015548381467	0.00773596449892	0.0259222446637	-0.018960112977	-0.024870600268	-0.0507430046533	0.037254271754	0.0179365608112	-0.0527871515159	-0.0379640804626	-0.0517552067261	0.00729053316951	0.0255609362543	0.00266540986552	-0.0198612204214	0.00916836316025	0.0122119108515	0.0387798131539	0.021254374056	-0.0165039629688	0.0222636076057	-0.0169199399821	-0.0195016872639	-0.0366685041727	-0.00159422719916	0.0204459627481	-0.0183652009044	0.0553429842102	0.00239528666671	-0.0777584631931	0.00540604991547	0.0391410887953	-0.0408060901936	-0.0245622811728	0.0211195526506	-0.0356098376017	0.0263004679107	0.0553492157996	0.00474590050481	-0.00558348712675	-0.0354065034901	-0.0357656234546	0.0558098470937	0.0825047343974	-0.0213567928201	-0.00551495267431	-0.0360509950269
k__Bacteria;p__Bacteroidetes;c__Bacteroidia;o__Bacteroidales;f__Bacteroidaceae;g__Bacteroides;s__Bacteroides_cellulosilyticus	0.0514577751894	-0.00300623159254	-0.00951406806276	0.0482228656189	0.043462449245	0.00525811916974	-0.0162421103415	-0.0622475778285	-0.00263472854566	-0.0311172651065	0.0108842384645	-0.015548381467	1.0	0.0435364190005	-0.0187478061574	0.0428173470124	-0.0459008612325	-0.0857497048463	-0.023243555757	0.0692357996995	0.011838607716	-0.0148310860968	-0.0333220729831	0.0395290523354	0.0607146413529	0.0499113101564	-0.0412998326149	-0.0359766898017	-0.0470982009147	-0.0584369271661	0.019460108257	-0.0518984206854	0.0415856588044	-0.00128753636482	-0.0531773846433	0.0823518417539	0.00659506478438	-0.0602453052841	-0.0377131394947	-0.0567273742731	-0.0136867696974	-0.0818968301399	-0.0200200704618	0.0337017935091	-0.0223831423536	0.0838854539625	-0.0242261521439	-0.0165184723299	-0.00737027840403	-0.0560310914556	0.0368780938494	0.00488170400207	-0.0100494374961	0.0101742991975	0.027610916431	-0.0195430284884	0.0225742126246	-0.0527138588729	0.0192416875842
k__Bacteria;p__Bacteroidetes;c__Bacteroidia;o__Bacteroidales;f__Rikenellaceae;g__Alistipes;s__Alistipes_obesi	-0.00598236060203	-0.0182270907529	-0.0272388962943	-0.00892146978729	0.00495837573112	-0.0297247775562	-0.0445778290738	-0.00963291763106	0.0173986422259	0.00885418606447	-0.00229957873988	0.00773596449892	0.0435364190005	1.0	0.0297580383098	-0.0991609733727	-0.0221991161483	-0.00249167226569	0.00668333859932	0.0205405797378	0.0543125407319	0.0161916119088	-0.0755350750892	-0.0187457585723	-0.0611203284771	0.000408293541067	0.0484891553433	0.0067172726406	0.0401282572102	-0.0105990081373	-0.0302007819572	0.00489557156435	-0.039934887389	0.0181378269002	0.0182639730217	-0.104048327748	0.0442674306882	0.0340320238656	-0.0179884697533	0.00399708427804	0.0364182582615	0.00875902645864	-0.00403068325313	-0.0124743556949	0.0307506010723	-0.0591311435882	0.0499291518048	-0.0172727466904	-0.0984501410352	0.039563667611	0.00448285120939	-0.0407141889623	-0.0301492362299	-0.04490288411	0.0262178152442	0.0189372601287	-0.0263257256807	-0.0200586915385	0.0305996781679
k__Bacteria;p__Firmicutes;c__Clostridia;o__Clostridiales;f__Lachnospiraceae;g__;s__[Eubacterium]_rectale	0.0214835938164	-0.00977291492743	-0.0188490993034	-0.0775974459245	-0.00695077712572	-0.0055502695087	0.032765763385	-0.0108657456501	-0.0435860533288	0.0283142011902	-0.00406429071254	0.0259222446637	-0.0187478061574	0.0297580383098	1.0	-0.0423665191488	0.0430645830497	0.029770366519	-0.0405675646521	0.00406338061175	0.0377417680637	-0.0308425415755	-0.0301677857747	-0.0282004565425	-0.0698091669538	-0.00237968231675	0.00128734750789	-0.00354835785923	0.0291260112911	0.0122727042522	0.0187514747041	0.039424110661	-0.056187660017	0.00440043498132	-0.0510023522197	0.0172281379668	0.000147895982096	-0.0431473165077	-0.000291031642652	-0.0399627767425	0.0151188298876	-0.0633440892614	-0.0136931767387	-0.0311563211661	-0.0451714000201	-0.0143888146691	-0.0188327390131	-0.0115755925338	0.0116362898613	0.0421968216265	-0.00659750937278	-0.0119036914253	-0.0348237854457	-0.0179340860108	-0.0555319887296	0.00811448170422	-0.0127023933662	-0.00674561533639	0.0246102554542
k__Bacteria;p__Bacteroidetes;c__Bacteroidia;o__Bacteroidales;f__Bacteroidaceae;g__Bacteroides;s__Bacteroides_plebeius	0.0191989476982	-0.0282733109831	-0.0189648653091	0.0412266935123	-0.0171320394249	0.0130415444732	0.0288291177594	-0.03426951357	-0.0363497686514	-0.0238628535547	0.0110556753237	-0.018960112977	0.0428173470124	-0.0991609733727	-0.0423665191488	1.0	-0.0296557902709	0.0186164973758	-0.0229462672472	-0.0564723877366	0.00109732241586	0.011211482853	0.0523156311193	0.0334119943114	-0.0639416239232	-0.0790710997969	0.00514822210441	0.00683943649106	0.00705237682726	-0.00906187331446	0.00691586808206	0.038215317437	0.026903145891	0.00384040246363	-0.0307565787487	-0.000347434600024	0.0373207048423	-0.0364001526928	-0.0343316903399	-0.0275867774049	-0.0323692857633	0.0186162244438	0.0100832781005	-0.0182222163697	-0.0593289441235	-0.0594010877415	0.0313356073496	-0.0214002265792	0.00673930078376	-0.00243380050029	0.0146048864032	0.00753191318614	-0.0726683654123	0.0408803098587	-0.00468336207744	-0.0195627873981	0.0219841584691	0.0699394112541	-0.022933988717
k__Bacteria;p__Bacteroidetes;c__Bacteroidia;o__Bacteroidales;f__Bacteroidaceae;g__Bacteroides;s__Bacteroides_fragilis	0.0333232066525	-0.0357162272132	-0.0630555586672	0.00928461885078	-0.0227450117305	-0.0267457952416	0.0156318916206	-0.00686609432642	0.0151284586152	0.0292093071478	-0.0895370109748	-0.024870600268	-0.0459008612325	-0.0221991161483	0.0430645830497	-0.0296557902709	1.0	-0.0561192099207	-0.00189478765335	0.0472646072665	0.0144242568641	-0.0408102437868	-0.023034971808	0.0249039515761	-0.034857210402	0.000732652385992	0.0248128264191	-0.00244914052904	-0.0318845115792	-0.00354043221357	-0.0137965323327	0.0255285799637	0.0218457906695	0.0146037766093	-0.0786376329115	0.0168421293754	-0.0605709159631	-0.0249468292474	0.0179748405203	-0.0667381411903	-0.00432990383284	0.0336662118919	0.0300486314072	-0.00593046544288	-0.00656451150595	0.015056068869	0.0402668198081	-0.0373840948622	0.0225842230917	0.00159989016126	-0.0368320241617	-0.0448305780914	0.0265370492735	-0.0346244230234	-0.0121356424896	0.0187048222778	-3.76389963895e-05	-0.00854967944533	-0.0494674778554
k__Bacteria;p__Proteobacteria;c__Betaproteobacteria;o__Burkholderiales;f__Sutterellaceae;g__Sutterella;s__Sutterella_wadsworthensis	0.0262374999045	-0.0207775062104	0.0236908339852	-0.0229641992975	0.0164181185025	0.00359112213307	-0.0413369649698	-0.0676733768186	-0.036824036968	-0.0347475360394	0.000495068939296	-0.0507430046533	-0.0857497048463	-0.00249167226569	0.029770366519	0.0186164973758	-0.0561192099207	1.0	0.00501849233683	0.0111234016196	-0.0548624157802	0.0502601785402	0.00684634888214	-0.0676363883359	0.0174341281706	0.0362904652167	0.0522205691417	-0.00566776179416	-0.0408855400229	0.0232325854444	0.0280818271327	0.047913058413	-0.0315493501535	-0.0573531888329	-0.0620567535208	-0.0172617887089	-0.045094933074	0.00536189454506	-0.00393198059119	0.0414320232147	-0.00973749189842	0.0382427397766	-0.0466468876092	0.0299966700564	-0.00275870989549	-0.0210096691307	-0.00798475980275	-0.0219754716111	-0.0438932100102	-0.0621213605668	-0.0352582751325	-0.00563545435378	0.0808255718727	-0.0404933516386	-0.0329378849695	-0.00708132960145	-0.016823430601	0.0786555909829	-0.0169735280878
k__Bacteria;p__Bacteroidetes;c__Bacteroidia;o__Bacteroidales;f__Porphyromonadaceae;g__Barnesiella;s__Barnesiella_intestinihominis	0.0116667908315	-0.0206308701615	-0.00646254401461	-0.0338167421538	0.00352864445258	-0.0483033762384	-0.0466940231628	0.0087775809313	-0.0382635856802	-0.0656856351563	0.0786661626569	0.037254271754	-0.023243555757	0.00668333859932	-0.0405675646521	-0.0229462672472	-0.00189478765335	0.00501849233683	1.0	-0.0271606143284	-0.0212361034118	-0.0225273224795	-0.0549490802662	-0.0211854171186	0.0232429806501	0.0583461207814	-0.0261665607538	-0.00441186345631	0.0520285747501	0.0282286241588	-0.0219899529594	-0.0205012478429	0.0275365977245	-0.0170685472359	0.022252816815	-0.0294351028392	-0.0470042878337	0.0178754203255	-0.0197904853062	0.0588404509569	-0.0309605849101	-0.0242677103382	-0.0279768741563	0.00275505966194	0.0519495403024	0.00152771315782	0.0472467239319	0.0436500271733	0.0343682958472	-0.0448278483853	0.021714351636	-0.045007587546	0.043536986449	-0.0484987644353	-0.075700676238	0.0121834947027	-0.0359292556117	-0.0231848618273	0.051887460108
k__Bacteria;p__Bacteroidetes;c__Bacteroidia;o__Bacteroidales;f__Odoribacteraceae;g__Odoribacter;s__Odoribacter_splanchnicus	-0.00434775447094	0.0128644969152	0.00777951242871	0.0279925952578	0.0109585399427	-0.0128086337443	-0.0446666188097	-0.0164310604113	0.0304473700175	0.00172123281059	-0.0309909853167	0.0179365608112	0.0692357996995	0.0205405797378	0.00406338061175	-0.0564723877366	0.0472646072665	0.0111234016196	-0.0271606143284	1.0	-0.0487310483915	-0.00827398882993	-0.0366986279131	-0.026511649552	-0.0215877485535	0.0177303078624	-0.0308948920273	-0.0311624469606	-0.00483673857106	-0.0247776123275	0.0310157142929	0.0342534960712	-0.00852856574238	0.053071145799	0.00926698990506	-0.0121571782369	0.075115276812	-0.0731541698994	-0.0583568922756	0.000181646421782	0.0509351480658	-0.0147198646826	0.0119702924263	-0.0395363140176	0.00579687817147	0.00798401583511	-0.0371261621372	-0.00434634509106	-0.040021971544	-0.00431752689852	0.00725983030793	-0.0234068889868	0.0124551834071	-0.037406033825	0.031015551788	-0.0546115761484	0.0391051885385	-0.0294464802012	0.0293380506198
k__Bacteria;p__Bacteroidetes;c__Bacteroidia;o__Bacteroidales;f__Bacteroidaceae;g__Bacteroides;s__Bacteroides_salyersiae	0.030341082631	-0.0010444602912	-0.0528019726669	-0.0144619025253	0.019441177362	0.00119540683033	-0.00277472038527	-0.0140498136385	0.0364922013054	0.0470358855021	0.0421222278146	-0.0527871515159	0.011838607716	0.0543125407319	0.0377417680637	0.00109732241586	0.0144242568641	-0.0548624157802	-0.0212361034118	-0.0487310483915	1.0	-0.0646121200868	0.0106223782991	0.0485685462968	-0.00813554232528	-0.0341508312258	-0.0655112461779	0.0613274284438	-0.0163355581665	-0.00225356318188	0.0262224414993	-0.0733966508581	0.00334932054104	0.0133296557132	0.00104995220262	0.0849104616379	-0.00435742289268	0.00757377428935	-0.00183376324271	-0.00995153699603	-0.0426195748158	0.0250820378914	-0.0154997304145	0.0195168260944	-0.00544334403963	-0.0559595905043	0.0329981900091	0.0177872511264	-0.0349121080898	-0.0308592611291	0.0250754436575	-0.0466025066401	-0.0289096899589	-0.0140571735628	0.0231502156592	0.0112433600567	-0.0314599947602	-0.0302442961373	-0.00863522079716
k__Bacteria;p__Firmicutes;c__Clostridia;o__Clostridiales;f__Ruminococcaceae;g__Ruminiclostridium;s__[Eubacterium]_siraeum	-0.00303084685892	0.0374374155509	0.0121015913526	0.0375967638248	0.0225835018191	-0.0475331040012	0.0249695683619	-0.00430456922467	-0.00906225963088	0.0384668721553	0.0246255368369	-0.0379640804626	-0.0148310860968	0.0161916119088	-0.0308425415755	0.011211482853	-0.0408102437868	0.0502601785402	-0.0225273224795	-0.00827398882993	-0.0646121200868	1.0	-0.0275629421486	0.0696670229578	0.0555769851727	0.0237079812841	0.0656859159948	-0.00994496336365	-0.00132968998375	-0.062195122216	-0.0609961246502	0.00453563048617	-0.00452503383391	-0.0315225298426	0.0454315504509	0.0381418944382	-0.0153659725241	-0.029807711562	-0.0423093956698	-0.0141665288506	-0.0115078358458	0.0345594747114	-0.0313824352519	-0.00952715057573	0.00187839285827	-0.0110846478199	0.0754429252201	-0.0272783067434	-0.0152028364622	-0.0266853661245	-0.0190234464603	-0.0665445785818	0.0389532938503	-0.0562900906449	0.037854897014	0.00844845177145	-0.0389719481137	0.00621945194868	-0.0143829048443
k__Bacteria;p__Proteobacteria;c__Betaproteobacteria;o__Burkholderiales;f__Sutterellaceae;g__Parasutterella;s__Parasutterella_excrementihominis	-0.0286991646651	0.0180893277225	-0.0559821508588	0.0136418298188	0.0428716057768	-0.00327912599416	0.076691897144	-0.0408055253043	-0.023021121256	0.0171342926652	0.0187746528568	-0.0517552067261	-0.0333220729831	-0.0755350750892	-0.0301677857747	0.0523156311193	-0.023034971808	0.00684634888214	-0.0549490802662	-0.0366986279131	0.0106223782991	-0.0275629421486	1.0	-0.0351628587586	-0.0505200450841	-0.0858926530475	-0.00848837518738	-0.0350093420093	-0.00675265586161	-0.0288990556349	-0.027432454819	0.0513286699591	0.0224460891961	-0.034232573256	0.0129309878453	-0.0362486772312	-0.030737865606	-0.00338146778506	-0.0210141002662	-0.0325716248064	-0.00928874940785	-0.00905535886047	-0.00406976703338	-0.021049672776	0.063669248996	-0.0377156566695	-0.0317683744479	0.00582012068351	0.0123448412924	0.0179201034856	-0.0360039562933	-0.00542117129183	-0.0116156486511	0.00592127411362	-0.0331538930691	-0.0387404937069	0.0479350464617	0.0169069104344	-0.0158161838471
k__Bacteria;p__Actinobacteria;c__Actinobacteria;o__Bifidobacteriales;f__Bifidobacteriaceae;g__Bifidobacterium;s__Bifidobacterium_adolescentis	0.0186057142546	0.040515452243	-0.0273290326882	-0.00148003533736	0.00377624727947	0.0622033349056	0.018658471008	-0.00271325132367	0.0364256418101	0.00999089417826	0.012786439936	0.00729053316951	0.0395290523354	-0.0187457585723	-0.0282004565425	0.0334119943114	0.0249039515761	-0.0676363883359	-0.0211854171186	-0.026511649552	0.0485685462968	0.0696670229578	-0.0351628587586	1.0	-0.0299030232828	0.0355924335373	-0.0604354073627	0.060705993245	-0.0730306750775	-0.0579808033676	-0.0196959481009	0.0217578128086	0.00413203156713	-0.0184227411561	0.038912325707	0.0135143914544	0.0103191167348	0.00859600694157	-0.00977685422007	0.00923523399751	-0.0129584058303	-0.0796955009256	0.0285036685551	-0.0610556414923	-0.0681863342545	0.0469104483146	-0.0702631979137	0.00358744442298	-0.0299741162428	-0.0482436302927	0.010019713116	-0.0184190323201	-0.0680525179008	-0.00747612863657	-0.0224598042131	0.0114722377983	-0.0228047521271	-0.0353062502013	-0.00419012656954
k__Bacteria;p__Firmicutes;c__Clostridia;o__Clostridiales;f__Oscillospiraceae;g__Oscillibacter;s__Oscillibacter_sp._KLE_1745	-0.025015854644	0.0204895356891	0.0268611166	-0.0354056256154	0.0182273977834	-0.0385535488092	-0.0107465708647	-0.0224583616873	0.046566075701	0.00245307222779	-0.0159832200125	0.0255609362543	0.0607146413529	-0.0611203284771	-0.0698091669538	-0.0639416239232	-0.034857210402	0.0174341281706	0.0232429806501	-0.0215877485535	-0.00813554232528	0.0555769851727	-0.0505200450841	-0.0299030232828	1.0	-0.0389054491982	0.00908820010889	-0.00208218542696	-0.0273571431001	0.00630617787278	0.0129742949484	-0.0271977541995	-0.00650792861505	-0.0110506496519	-0.0323169971208	0.0468914006569	0.00416410400018	0.0280308550083	-0.0240405490396	0.00952734160051	0.0202529206155	0.0306068377231	0.00483828796174	-0.0409067468375	0.0101218393765	0.0412355489803	0.00821204351564	0.0488519097582	-0.018452424991	-0.00118492918494	0.00751833728294	0.0297265313771	-0.0145361276075	-0.0300816714716	-0.0395063489692	-0.0326513370292	0.0337430002975	0.000218097891326	-0.0980066831128
k__Bacteria;p__Bacteroidetes;c__Bacteroidia;o__Bacteroidales;f__Bacteroidaceae;g__Bacteroides;s__Bacteroides_coprophilus	-0.0648947614933	-0.00682075895295	-0.0516128769981	0.0290039043681	-0.0722031948108	-0.044443299825	-0.029768581328	-0.013578250879	0.0197106287006	0.00706468246972	-0.0184309563667	0.00266540986552	0.0499113101564	0.000408293541067	-0.00237968231675	-0.0790710997969	0.000732652385992	0.0362904652167	0.0583461207814	0.0177303078624	-0.0341508312258	0.0237079812841	-0.0858926530475	0.0355924335373	-0.0389054491982	1.0	-0.0302324470379	-0.0001992512853	0.0119447522063	0.045957291536	-0.0309464047377	-0.0104046764547	0.0232483122673	-0.0288726926921	-0.0131987293296	0.00753376574223	-0.0446049922173	-0.0940501071004	-0.0232659248745	0.0436726211181	-0.0687138284948	-0.00145821456179	0.0211228514457	0.0120928560051	-0.0213378199725	0.0272896909651	0.0832435963651	0.0218015233255	0.00383283379559	0.0545819350874	0.0131924636446	-0.0377966060374	0.0297689558471	0.0423832204442	-0.0326422382124	0.0461409175632	-0.0121978322732	-0.0632436291574	-0.00839703097772
k__Bacteria;p__Firmicutes;c__Clostridia;o__Clostridiales;f__Lachnospiraceae;g__Roseburia;s__Roseburia_intestinalis	-0.0571055116791	-0.0109891136067	-0.0650265968954	-0.0282547520804	0.00128277553714	-0.0236879911076	-0.0262403641698	-0.0180050352463	-0.000191455254068	-0.00913102759936	0.0213272847762	-0.0198612204214	-0.0412998326149	0.0484891553433	0.00128734750789	0.00514822210441	0.0248128264191	0.0522205691417	-0.0261665607538	-0.0308948920273	-0.0655112461779	0.0656859159948	-0.00848837518738	-0.0604354073627	0.00908820010889	-0.0302324470379	1.0	0.00357585422792	0.0301920086902	0.000671121905147	-0.0112607717547	-0.00612040438468	-0.027707924258	0.0225815978476	0.0334833298347	-0.0236826044243	-0.0814442722196	0.0485667082759	0.0126147209606	0.0185286987163	0.00801126358978	0.00024485202504	0.0362539408931	0.0179271826215	0.00692660975065	0.0239592651881	0.02596877664	-0.0430806331174	-0.0288527219434	-0.0452088531168	0.0419727073529	-0.0657297846373	-0.003871442185	-0.00147435126429	-0.0328847132139	0.00681369488127	0.043753942062	0.0256491179663	-0.0180280722459
k__Bacteria;p__Firmicutes;c__Clostridia;o__Clostridiales;f__Lachnospiraceae;g__Roseburia;s__Roseburia_hominis	-0.0602538711063	-0.0258091047754	-0.00136077234443	0.013121705931	-0.00214911954867	-0.0652359388994	0.000984731055264	-0.0344462306492	0.0541863795902	0.0130907632101	-0.0112076759709	0.00916836316025	-0.0359766898017	0.0067172726406	-0.00354835785923	0.00683943649106	-0.00244914052904	-0.00566776179416	-0.00441186345631	-0.0311624469606	0.0613274284438	-0.00994496336365	-0.0350093420093	0.060705993245	-0.00208218542696	-0.000199251285299	0.00357585422792	1.0	-0.0058733234523	-0.0404977172625	-0.0271090923222	0.0271030987405	-0.0293063259199	-0.0369200479118	-0.0188291524404	0.0404093549226	0.0398913923449	-0.00128215993975	-0.000740279299346	-0.0476709386149	0.0140424933348	0.0320832578993	-0.0214254929502	0.024889911567	-0.00557205813213	-0.030532356817	0.0301526910274	-0.0279320215597	-0.0252352664058	-0.011824894346	-0.0182654880029	0.0291538940313	-0.00852582080689	0.0202178764993	-0.0115579059653	-0.0320769644302	0.0117273552237	0.0386950800271	0.000996625233936
k__Bacteria;p__Bacteroidetes;c__Bacteroidia;o__Bacteroidales;f__Porphyromonadaceae;g__Parabacteroides;s__Parabacteroides_johnsonii	0.0390407429256	-0.00613956342635	0.0118273457048	-0.016603765408	0.0131360317313	-0.00500329374589	0.056941262817	-0.0250490589105	-0.0365499415166	0.023287676179	0.0307118085274	0.0122119108515	-0.0470982009147	0.0401282572102	0.0291260112911	0.00705237682726	-0.0318845115792	-0.0408855400229	0.0520285747501	-0.00483673857106	-0.0163355581665	-0.00132968998375	-0.00675265586161	-0.0730306750775	-0.0273571431001	0.0119447522063	0.0301920086902	-0.0058733234523	1.0	0.048825410275	-0.0232761725148	-0.00244505059241	-0.0439971712296	-0.0316766536221	-0.0691228649224	-0.0146657673655	-0.0210143859793	0.0168627892248	0.0135777413625	-0.0093813839365	-0.0517979378304	0.0233705882951	-0.0464404809775	0.0268345234215	0.0678828587601	-0.0693000462614	0.0190212605629	0.00152968221582	0.015391956936	0.044159401223	-0.019809916192	-0.0204978352704	0.0101843880438	0.00130963713557	0.0386977847039	-0.0292320404593	-0.0329917225825	-0.0123032957896	0.00781858240468
k__Bacteria;p__Actinobacteria;c__Actinobacteria;o__Bifidobacteriales;f__Bifidobacteriaceae;g__Bifidobacterium;s__Bifidobacterium_longum	-0.0608291277501	0.00627645932259	0.0285019178524	-0.0261745354642	0.0256249713528	0.0142179294524	-0.0491677947641	0.0559221101092	-0.0621083843094	-0.0460747841449	0.000561392058958	0.0387798131539	-0.0584369271661	-0.0105990081373	0.0122727042522	-0.00906187331446	-0.00354043221357	0.0232325854444	0.0282286241588	-0.0247776123275	-0.00225356318188	-0.062195122216	-0.0288990556349	-0.0579808033676	0.00630617787278	0.045957291536	0.000671121905147	-0.0404977172625	0.048825410275	1.0	0.0310062048851	-0.00867896696704	-0.0260205554634	0.0125137004906	-0.00767304029032	0.0118345372251	-0.0250996569494	0.00459354838577	-0.0270513867606	-0.0441976675998	-0.0105007149083	0.0380748740811	-0.0327451029787	0.00196923702324	-0.104683246216	0.00976826847508	0.0119410548539	0.0362972058102	-0.0413259640784	0.0646504489807	0.0160965718777	-0.0234976657349	-0.0152871164402	-0.00910993204924	-0.0118458708061	0.0274840701683	-0.0238673885262	0.0222295334371	0.046558052729
