#taxonomy	k__Bacteria;p__Bacteroidetes;c__Bacteroidia;o__Bacteroidales;f__Bacteroidaceae;g__Bacteroides;s__Bacteroides_vulgatus	k__Bacteria;p__Bacteroidetes;c__Bacteroidia;o__Bacteroidales;f__Bacteroidaceae;g__Bacteroides;s__Bacteroides_uniformis	k__Bacteria;p__Bacteroidetes;c__Bacteroidia;o__Bacteroidales;f__Rikenellaceae;g__Alistipes;s__Alistipes_putredinis	k__Bacteria;p__Bacteroidetes;c__Bacteroidia;o__Bacteroidales;f__Prevotellaceae;g__Prevotella;s__Prevotella_copri	k__Bacteria;p__Bacteroidetes;c__Bacteroidia;o__Bacteroidales;f__Bacteroidaceae;g__Bacteroides;s__Bacteroides_stercoris	k__Bacteria;p__Bacteroidetes;c__Bacteroidia;o__Bacteroidales;f__Bacteroidaceae;g__Bacteroides;s__Bacteroides_ovatus	k__Bacteria;p__Bacteroidetes;c__Bacteroidia;o__Bacteroidales;f__Rikenellaceae;g__Alistipes;s__Alistipes_shahii	k__Bacteria;p__Firmicutes;c__Clostridia;o__Clostridiales;f__Ruminococcaceae;g__Faecalibacterium;s__Faecalibacterium_prausnitzii	k__Bacteria;p__Bacteroidetes;c__Bacteroidia;o__Bacteroidales;f__Rikenellaceae;g__Alistipes;s__Alistipes_finegoldii	k__Bacteria;p__Bacteroidetes;c__Bacteroidia;o__Bacteroidales;f__Porphyromonadaceae;g__Parabacteroides;s__Parabacteroides_distasonis	k__Bacteria;p__Bacteroidetes;c__Bacteroidia;o__Bacteroidales;f__Bacteroidaceae;g__Bacteroides;s__Bacteroides_thetaiotaomicron	k__Bacteria;p__Bacteroidetes;c__Bacteroidia;o__Bacteroidales;f__Bacteroidaceae;g__Bacteroides;s__Bacteroides_coprocola	k__Bacteria;p__Bacteroidetes;c__Bacteroidia;o__Bacteroidales;f__Bacteroidaceae;g__Bacteroides;s__Bacteroides_cellulosilyticus	k__Bacteria;p__Bacteroidetes;c__Bacteroidia;o__Bacteroidales;f__Rikenellaceae;g__Alistipes;s__Alistipes_obesi	k__Bacteria;p__Firmicutes;c__Clostridia;o__Clostridiales;f__Lachnospiraceae;g__;s__[Eubacterium]_rectale	k__Bacteria;p__Bacteroidetes;c__Bacteroidia;o__Bacteroidales;f__Bacteroidaceae;g__Bacteroides;s__Bacteroides_plebeius	k__Bacteria;p__Bacteroidetes;c__Bacteroidia;o__Bacteroidales;f__Bacteroidaceae;g__Bacteroides;s__Bacteroides_fragilis	k__Bacteria;p__Proteobacteria;c__Betaproteobacteria;o__Burkholderiales;f__Sutterellaceae;g__Sutterella;s__Sutterella_wadsworthensis	k__Bacteria;p__Bacteroidetes;c__Bacteroidia;o__Bacteroidales;f__Porphyromonadaceae;g__Barnesiella;s__Barnesiella_intestinihominis	k__Bacteria;p__Bacteroidetes;c__Bacteroidia;o__Bacteroidales;f__Odoribacteraceae;g__Odoribacter;s__Odoribacter_splanchnicus	k__Bacteria;p__Bacteroidetes;c__Bacteroidia;o__Bacteroidales;f__Bacteroidaceae;g__Bacteroides;s__Bacteroides_salyersiae	k__Bacteria;p__Firmicutes;c__Clostridia;o__Clostridiales;f__Ruminococcaceae;g__Ruminiclostridium;s__[Eubacterium]_siraeum	k__Bacteria;p__Proteobacteria;c__Betaproteobacteria;o__Burkholderiales;f__Sutterellaceae;g__Parasutterella;s__Parasutterella_excrementihominis	k__Bacteria;p__Actinobacteria;c__Actinobacteria;o__Bifidobacteriales;f__Bifidobacteriaceae;g__Bifidobacterium;s__Bifidobacterium_adolescentis	k__Bacteria;p__Firmicutes;c__Clostridia;o__Clostridiales;f__Oscillospiraceae;g__Oscillibacter;s__Oscillibacter_sp._KLE_1745	k__Bacteria;p__Bacteroidetes;c__Bacteroidia;o__Bacteroidales;f__Bacteroidaceae;g__Bacteroides;s__Bacteroides_coprophilus	k__Bacteria;p__Firmicutes;c__Clostridia;o__Clostridiales;f__Lachnospiraceae;g__Roseburia;s__Roseburia_intestinalis	k__Bacteria;p__Firmicutes;c__Clostridia;o__Clostridiales;f__Lachnospiraceae;g__Roseburia;s__Roseburia_hominis	k__Bacteria;p__Bacteroidetes;c__Bacteroidia;o__Bacteroidales;f__Porphyromonadaceae;g__Parabacteroides;s__Parabacteroides_johnsonii	k__Bacteria;p__Actinobacteria;c__Actinobacteria;o__Bifidobacteriales;f__Bifidobacteriaceae;g__Bifidobacterium;s__Bifidobacterium_longum	k__Bacteria;p__Firmicutes;c__Clostridia;o__Clostridiales;f__;g__Flavonifractor;s__Flavonifractor_plautii	k__Bacteria;p__Firmicutes;c__Clostridia;o__Clostridiales;f__Clostridiaceae;g__Clostridium;s__Clostridium_phoceensis	k__Bacteria;p__Verrucomicrobia;c__Verrucomicrobiae;o__Verrucomicrobiales;f__Akkermansiaceae;g__Akkermansia;s__Akkermansia_muciniphila	k__Bacteria;p__Bacteroidetes;c__Bacteroidia;o__Bacteroidales;f__Prevotellaceae;g__Paraprevotella;s__Paraprevotella_xylaniphila	k__Bacteria;p__Firmicutes;c__Clostridia;o__Clostridiales;f__Ruminococcaceae;g__Ruminococcus;s__Ruminococcus_callidus	k__Bacteria;p__Bacteroidetes;c__Bacteroidia;o__Bacteroidales;f__Rikenellaceae;g__Alistipes;s__Alistipes_senegalensis	k__Bacteria;p__Firmicutes;c__Clostridia;o__Clostridiales;f__Lachnospiraceae;g__Blautia;s__Blautia_sp._KLE_1732	k__Bacteria;p__Bacteroidetes;c__Bacteroidia;o__Bacteroidales;f__Bacteroidaceae;g__Bacteroides;s__Bacteroides_oleiciplenus	k__Bacteria;p__Firmicutes;c__Clostridia;o__Clostridiales;f__Ruminococcaceae;g__Ruminococcus;s__Ruminococcus_bicirculans	k__Bacteria;p__Bacteroidetes;c__Bacteroidia;o__Bacteroidales;f__Bacteroidaceae;g__Bacteroides;s__Bacteroides_fluxus	k__Bacteria;p__Bacteroidetes;c__Bacteroidia;o__Bacteroidales;f__Prevotellaceae;g__Prevotella;s__Prevotella_stercorea	k__Bacteria;p__Firmicutes;c__Clostridia;o__Clostridiales;f__Lachnospiraceae;g__Dorea;s__Dorea_longicatena	k__Bacteria;p__Firmicutes;c__Clostridia;o__Clostridiales;f__Eubacteriaceae;g__Eubacterium;s__[Eubacterium]_eligens	k__Bacteria;p__Firmicutes;c__Clostridia;o__Clostridiales;f__Ruminococcaceae;g__;s__Ruminococcaceae_bacterium_D16	k__Bacteria;p__Firmicutes;c__Clostridia;o__Clostridiales;f__Lachnospiraceae;g__Coprococcus;s__Coprococcus_comes	k__Bacteria;p__Proteobacteria;c__Gammaproteobacteria;o__Enterobacterales;f__Enterobacteriaceae;g__Escherichia;s__Escherichia_coli	k__Bacteria;p__Firmicutes;c__Clostridia;o__Clostridiales;f__Ruminococcaceae;g__Anaerotruncus;s__Anaerotruncus_colihominis	k__Bacteria;p__Firmicutes;c__Clostridia;o__Clostridiales;f__Lachnospiraceae;g__Blautia;s__Blautia_obeum	k__Bacteria;p__Bacteroidetes;c__Bacteroidia;o__Bacteroidales;f__Odoribacteraceae;g__Odoribacter;s__Odoribacter_laneus	k__Bacteria;p__Firmicutes;c__Clostridia;o__Clostridiales;f__Ruminococcaceae;g__Ruminiclostridium;s__[Clostridium]_leptum	k__Bacteria;p__Bacteroidetes;c__Bacteroidia;o__Bacteroidales;f__Porphyromonadaceae;g__Parabacteroides;s__Parabacteroides_goldsteinii	k__Bacteria;p__Firmicutes;c__Clostridia;o__Clostridiales;f__Lachnospiraceae;g__Anaerostipes;s__Anaerostipes_hadrus	k__Bacteria;p__Firmicutes;c__Clostridia;o__Clostridiales;f__Ruminococcaceae;g__Ruminococcus;s__Ruminococcus_lactaris	k__Bacteria;p__Firmicutes;c__Clostridia;o__Clostridiales;f__Clostridiaceae;g__Clostridium;s__Clostridium_sp._L2-50	k__Bacteria;p__Firmicutes;c__Clostridia;o__Clostridiales;f__Clostridiaceae;g__Clostridium;s__Clostridium_sp._M62/1	k__Bacteria;p__Firmicutes;c__Clostridia;o__Clostridiales;f__;g__Intestinimonas;s__Intestinimonas_butyriciproducens	k__Bacteria;p__Actinobacteria;c__Actinobacteria;o__Bifidobacteriales;f__Bifidobacteriaceae;g__Bifidobacterium;s__Bifidobacterium_bifidum	k__Bacteria;p__Firmicutes;c__Negativicutes;o__Veillonellales;f__Veillonellaceae;g__Dialister;s__Dialister_invisus	k__Bacteria;p__Bacteroidetes;c__Bacteroidia;o__Bacteroidales;f__Bacteroidaceae;g__Bacteroides;s__Bacteroides_salanitronis
k__Bacteria;p__Bacteroidetes;c__Bacteroidia;o__Bacteroidales;f__Bacteroidaceae;g__Bacteroides;s__Bacteroides_vulgatus	1.0	-2.09315400394e-05	-0.0444838841278	-0.026175931767	0.00221426249443	0.00349770726202	-0.0200476532773	0.0195464117299	0.0321907291874	-0.0197194981793	-0.0138188336392	0.00388532295374	0.00691668726775	-0.0593736274068	-0.0178952487889	-0.00311447313544	0.0305025559748	-0.0800016359843	-0.0538143493146	0.00273020874673	0.016049025216	-0.00327288226238	-0.00116568196153	0.030451822043	-0.0146394201074	0.0122563487256	0.00870301038139	-0.0136885544579	0.0117576344521	-0.0388866638677	0.023410929231	-0.00106098517746	-0.00391768150977	0.0135707502245	-0.0525916172266	0.0036463611306	0.0130200210725	-0.0454535753995	-0.0414961563418	0.011821788265	0.00203222401019	0.0407215475483	0.0402534831498	-0.0046500066823	-0.0563826651675	-0.0441762924008	-0.00743382322237	0.0135852285074	-0.00470689051603	-0.00752053000338	-0.0153487936844	0.00575186982358	-0.0087058800568	0.0393462512083	-0.0612116239187	0.043822924888	-0.0299116192378	-0.029847159066	-0.0423436837431
k__Bacteria;p__Bacteroidetes;c__Bacteroidia;o__Bacteroidales;f__Bacteroidaceae;g__Bacteroides;s__Bacteroides_uniformis	-2.09315400394e-05	1.0	-0.0424779483261	-0.0260029381737	-0.0677775105625	0.0504205433091	0.009053016487	-0.0484313863535	0.0572127576901	-0.021701794456	0.0238619513145	0.0186321033706	0.0448866911246	0.0187158690285	0.0216529971462	0.0187052243706	-0.0376565427965	-0.0260913616136	0.0294321209397	-0.039740630362	0.00771107286514	0.017708574363	-0.00475434527038	-0.0493260331093	0.0235360153079	0.0043710657161	0.00624609099064	-0.034700713607	0.0679196794377	0.0141290332491	-0.0110519197936	-0.0331192022625	-0.0886707352371	-0.031653034642	-0.00975149651113	0.0287063544121	-0.0108052876808	0.00623000151496	0.0383590276391	0.0584508221284	-0.0247929839393	-0.00592337459302	-0.0184210127409	-0.0543657376113	-0.0511892527572	-0.0674442131181	-0.0435501686997	-0.0111684008434	-0.053779150032	-0.0296017330457	-0.0215198052661	0.0203506713762	0.000945404246051	-0.0410604953221	-0.015733877507	-0.00370423498622	-0.0433516315359	0.00620276689483	0.0594391629639
k__Bacteria;p__Bacteroidetes;c__Bacteroidia;o__Bacteroidales;f__Rikenellaceae;g__Alistipes;s__Alistipes_putredinis	-0.0444838841278	-0.0424779483261	1.0	0.0312570868327	-0.0384123889969	-0.0232078803415	-0.0255243494001	0.000418516442569	0.0180733893269	-0.0351404883462	0.0493262929168	0.0084754758566	0.0112978894001	0.00873274195174	0.0270569706016	-0.0272018764393	-0.0362257483062	0.0409026760826	0.0506902324622	0.00309220621009	-0.0301650677995	0.0216616792078	-0.00504902547696	0.0159125375476	-0.0118697279354	-0.0120180155068	-8.86038710689e-05	0.0490038261097	0.0197270684825	-0.0464820426437	0.0249724430637	0.00104334007214	-0.0860173921595	-0.0439819144818	0.0441569952618	-0.0398787021802	0.0338633776049	-0.00457803561953	0.000743983752768	0.00205931454515	-0.0586759429274	-0.0103565713823	0.0750631004698	0.0318209648931	-0.0185652436707	0.0331616308033	-0.0333585867849	-0.0383149375606	-0.0080893578515	-0.0333110412937	-0.075954547011	0.0146699516355	-0.0101965425383	-0.0574333138506	-0.00391210438774	-0.00743231604097	-0.0127244413842	-0.0213126505348	-0.00113914233479
k__Bacteria;p__Bacteroidetes;c__Bacteroidia;o__Bacteroidales;f__Prevotellaceae;g__Prevotella;s__Prevotella_copri	-0.026175931767	-0.0260029381737	0.0312570868327	1.0	-0.0225176854433	-0.0134712862976	0.0762742633484	-0.00207974483973	-0.0020618853306	-0.0435828799967	-0.00760316518837	-0.000851387725411	0.0113734057859	0.0150082511093	0.0153972824555	-0.0355529708279	-0.0350308596878	0.0781585361284	-0.0238530295794	-0.00154974597285	-0.0551003086231	-0.0217768371431	0.0422565649456	0.0362568165032	-0.0473677744398	0.0231616333907	0.0138972879898	-0.0189197510542	-0.0173510023668	0.0016570285279	-0.0492399221275	0.00398473849356	-0.0154137632978	-0.0637081575434	0.0155233617815	-0.0316230137234	-0.0236988394797	0.0210373907778	0.0494589185504	0.0214093898119	-0.0281705104221	0.00193939126184	-0.00158675440422	-0.0845637393402	-0.0297847829341	0.00817099584616	-0.00267595272089	-0.0314323060819	-0.00666939560988	-0.044849683804	0.0697722010291	-0.00118489181333	-0.00649989239849	0.0294596138508	-0.0525855023718	-0.0377369996971	0.0267526410761	0.0273273972505	-0.048039369987
k__Bacteria;p__Bacteroidetes;c__Bacteroidia;o__Bacteroidales;f__Bacteroidaceae;g__Bacteroides;s__Bacteroides_stercoris	0.00221426249443	-0.0677775105625	-0.0384123889969	-0.0225176854433	1.0	-0.0262355248439	0.0573427908159	-0.0236308019895	-0.0251463152531	-0.053201228379	-0.0149297261747	0.01156143901	0.0312154199031	-0.00986561237684	0.0066730743463	-0.0822827591622	-0.0422656286172	0.0123759326076	0.0176113950587	-0.0315438747226	-0.0268039354159	-0.0495850760065	-0.0415919427919	0.00250687689455	0.0305748880367	-0.0223691938951	-0.0373201031186	-0.0156360672664	-0.0243012913218	0.0280404741825	-0.00458261575502	0.0374258257164	-0.0273179752814	-0.0480219312833	-0.0193803404252	0.0552061297038	0.0252088241907	-0.0325569323817	-0.0247149600821	-0.0105931341371	-0.0266238904711	2.76298058261e-05	-0.0183053903898	-0.0177327101999	0.0536718674697	0.039452892441	-0.0164235590496	-0.0102146047996	-0.000805460386195	0.0234171272874	0.0193465799572	0.0462697673643	0.0153664758098	-0.036654525926	-0.0160114056375	0.0303083906267	0.00901764626425	-0.0320972082693	0.0277246346304
k__Bacteria;p__Bacteroidetes;c__Bacteroidia;o__Bacteroidales;f__Bacteroidaceae;g__Bacteroides;s__Bacteroides_ovatus	0.00349770726202	0.0504205433091	-0.0232078803415	-0.0134712862976	-0.0262355248439	1.0	0.00331297755147	0.0350884692355	-0.0352986683306	0.00144649411307	0.0227198493533	-0.0273873691445	-0.000379685938722	-0.0096995941749	0.036401522046	0.0633679671312	-0.0572530096559	-0.0019543648297	-0.0250436205148	-0.0386436896437	0.0496681401586	-0.0258080345122	-0.0144267662218	0.0239546436763	-0.00337775285336	-0.0133730630524	-0.0118380910655	0.00319425049028	-0.0399455693611	-0.00935318376937	-0.0356021463453	-0.0341004628336	-0.0674238758702	-0.000288987734964	-0.0751491882361	0.0226247791459	-0.0346455081459	-0.0376861637862	0.0167140738251	-0.0122954053488	-0.0148115849871	0.00874626378298	-0.028159919593	-0.072379627861	-0.0070852332824	0.000152346447806	0.0161677300872	-0.016002284447	-0.0335185391268	-0.0245331757989	-0.0163939375533	-0.00913915211722	-0.0612978963622	-0.0139696017686	-0.0731961924933	0.0291341418301	0.0411583401248	-0.0387054079451	0.0108249296017
k__Bacteria;p__Bacteroidetes;c__Bacteroidia;o__Bacteroidales;f__Rikenellaceae;g__Alistipes;s__Alistipes_shahii	-0.0200476532773	0.009053016487	-0.0255243494001	0.0762742633484	0.0573427908159	0.00331297755147	1.0	0.0280252483788	-0.0662900911534	0.00356797684878	0.0453302281141	-0.0206652067167	-0.0239374719822	0.00955941211498	0.0230656987999	0.00949879049264	-0.0234149355184	-0.00858553252347	-0.0237175086117	-0.0580858539994	-0.0679288835007	-0.0150346810765	0.001656572666	0.00398025903247	0.0372745173938	0.0508781202371	-0.010200734164	-0.0387552227529	-0.0197918238192	0.0658177334057	0.0479406855618	-0.0277320059404	0.0507550128761	-0.0286073844965	0.0306614945384	-0.0180986399006	-0.0390200588773	-0.0697369445327	-0.0149422077471	-0.00891218582349	-0.0556951270574	-0.00213815602267	0.000776706531323	0.0232176815439	-0.0475596925045	0.0566066867309	-0.0134990807538	-0.00270442629876	0.00958106214414	-0.0416677294135	-0.0137320888791	-0.0712735720199	0.00530685762089	-0.0116891279685	-0.0318862576644	-0.00655232737917	0.0612713714541	-0.012619014214	-0.0437961752893
k__Bacteria;p__Firmicutes;c__Clostridia;o__Clostridiales;f__Ruminococcaceae;g__Faecalibacterium;s__Faecalibacterium_prausnitzii	0.0195464117299	-0.0484313863535	0.000418516442569	-0.00207974483972	-0.0236308019895	0.0350884692355	0.0280252483788	1.0	-0.0433362410678	0.0204644651719	-0.0330305738802	-0.057129568735	-0.0441907398399	-0.00612949863807	-0.0169078130421	-0.0140531857566	-0.01022229458	0.0224374088996	0.0163214494824	-0.0116095339888	0.0278962517592	0.00160195040415	0.0187385021676	0.0815247144683	0.000504863302477	-0.0382349442102	-0.0185054714533	-0.0224378422503	0.00334370671494	0.0452758125738	-0.050030981214	-0.0169977555828	0.0193051075766	0.0600560732185	-0.0110903004934	-0.0388330207305	-0.0545996809163	-0.0441351114171	0.0267161465005	-0.00850538839489	-0.0197691045668	0.0182407106444	-0.0290819805759	0.00909300608089	0.0300111144076	-0.043915554947	-0.0381044925612	-0.0215535868878	-0.0124589857325	0.0246090289422	-0.025894439878	-0.0118068091617	-0.0213948832175	0.0029843731282	0.0080161965222	-0.0144078418086	0.01353722689	0.000659771283285	-0.0255014581235
k__Bacteria;p__Bacteroidetes;c__Bacteroidia;o__Bacteroidales;f__Rikenellaceae;g__Alistipes;s__Alistipes_finegoldii	0.0321907291874	0.0572127576901	0.0180733893269	-0.0020618853306	-0.0251463152531	-0.0352986683306	-0.0662900911534	-0.0433362410678	1.0	-0.0244065184827	0.0302332461325	0.0388832509642	0.014163071719	-0.0455457289736	-0.0355437960801	-0.0104644156087	0.00148608890338	0.0206333140101	-0.0203622969328	-0.0325448168065	-0.0100997307885	-0.0516141143589	0.0150881309725	-0.0305396473879	-0.0187665778401	0.0656865448986	0.0192696745458	-0.00440385810475	-0.0123389659459	-0.0196426835201	0.0298999778755	-0.00266836874772	0.025516074872	0.000521513321044	-0.0243244134527	-0.0175736172442	-0.00455568816948	-0.0644298808196	0.0292052110252	0.0463770398129	-0.0084954798215	0.0393655013933	0.0554904210325	-0.0338939142957	-0.0126859701164	-0.0374300773544	-0.00667278542045	-0.00943674234448	0.00992596301975	0.0194911233963	0.00991288767436	0.0134126252232	-0.0228342344511	0.00763460580678	-0.0129392739506	-0.0199077451373	0.0317425383411	-0.0228209725712	0.00111903165218
k__Bacteria;p__Bacteroidetes;c__Bacteroidia;o__Bacteroidales;f__Porphyromonadaceae;g__Parabacteroides;s__Parabacteroides_distasonis	-0.0197194981793	-0.021701794456	-0.0351404883462	-0.0435828799967	-0.053201228379	0.00144649411307	0.00356797684878	0.0204644651719	-0.0244065184827	1.0	-0.00370154360768	-0.00712561667468	0.0175624196412	-0.0195535411683	-0.0332363697225	-0.0210494937871	-0.0407628851225	-0.027529650978	0.0246650835207	-0.0145403847718	0.01333326374	0.0240285572077	-0.0165199675229	-0.0200715017814	-0.00437830725379	-0.0156438899236	-0.0223193657092	-0.0218367598395	0.0148461076267	0.0546194179166	0.0163710969536	-0.00360363994115	-0.0103131176186	-0.00204212705401	0.00495964533222	0.0310488558852	-0.000903146331457	0.0592830467733	0.021553851128	-0.0320192786726	0.0205954974479	0.028087349946	0.0188692368203	-0.025350823904	-0.00857004271458	-0.0467162305251	-0.021463880717	-0.0288697678645	0.0555563516353	-0.0845039730185	0.0466898679361	0.00296032698786	-0.0255503108497	-0.00355623918251	0.0321392322163	0.00091587141399	-0.0160702896431	0.0289853912862	-0.0282285485295
k__Bacteria;p__Bacteroidetes;c__Bacteroidia;o__Bacteroidales;f__Bacteroidaceae;g__Bacteroides;s__Bacteroides_thetaiotaomicron	-0.0138188336392	0.0238619513145	0.0493262929168	-0.00760316518837	-0.0149297261747	0.0227198493533	0.0453302281141	-0.0330305738802	0.0302332461325	-0.00370154360768	1.0	-0.0194324105479	-0.0282570955271	-0.0287962879139	0.0173286275548	0.015318536578	0.0143287707318	0.0125476162977	-0.000473935869246	-0.0133615818605	0.0464178892691	-0.0115694737039	-0.0807232802796	0.00821740035182	-0.0323498529249	-0.0195695673241	0.0368824097519	-0.0116867234717	0.0242488216981	-0.00310393020092	-0.0376675945869	-0.0289023710883	-0.0376836658467	-0.00167036416229	0.0363352710583	-0.01218039927	0.0311910035058	-0.0155106359297	-0.0249379031544	-0.0181124764419	0.0293332214902	-0.0336690406239	-0.0275592621822	-0.0151514020955	-0.0393724198048	0.0215779755694	0.0132871061679	-0.0197500504338	0.00109928728868	0.0227546975558	-0.0334929603542	0.0202665691031	0.00380554823173	0.0413865258661	-0.0682502215274	-0.0196198112091	-0.0580012226831	-0.0484148497815	-0.0308564036718
k__Bacteria;p__Bacteroidetes;c__Bacteroidia;o__Bacteroidales;f__Bacteroidaceae;g__Bacteroides;s__Bacteroides_coprocola	0.00388532295374	0.0186321033706	0.0084754758566	-0.000851387725411	0.01156143901	-0.0273873691445	-0.0206652067167	-0.057129568735	0.0388832509642	-0.00712561667468	-0.0194324105479	1.0	-0.0395741535722	-0.0319792896782	0.0280768820378	0.0142979609035	0.0402181206251	0.0260669911112	0.0197191983379	-0.0300215779772	0.0460954246755	-0.00163519048047	-0.015531323562	0.0216117306674	-0.0381915432646	-0.00259501936412	-0.0399110413289	-0.0083071192304	0.00737131120067	-0.0088186484266	-0.0102339463956	-0.0551935529624	-0.00129509443644	0.0470145082857	-0.0368948621749	-0.0880934992309	-0.0125505604391	0.0444227703107	0.0397013286253	-0.0481757396751	-0.090950520112	0.0609471162239	0.00708314944891	-0.0623112084508	0.0507441616134	-0.00938813706501	-0.0196633415126	0.0277391057868	-0.0328520242468	-0.0336468226139	-0.0627802514988	0.025834110771	0.0196003250946	0.0117372129515	-0.0269960252793	-0.0409256067068	0.0310400269485	-0.0314245518275	0.0395871089697
k__Bacteria;p__Bacteroidetes;c__Bacteroidia;o__Bacteroidales;f__Bacteroidaceae;g__Bacteroides;s__Bacteroides_cellulosilyticus	0.00691668726775	0.0448866911246	0.0112978894001	0.0113734057859	0.0312154199031	-0.000379685938722	-0.0239374719822	-0.0441907398399	0.014163071719	0.0175624196412	-0.0282570955271	-0.0395741535722	1.0	-0.0211167868345	0.0244503172233	-0.0339499269664	0.00952173086925	-0.0576830847474	-0.0548926049258	-0.0237169386953	-0.00395766513937	0.00357117670171	-0.00855782178493	0.0403053175496	-0.00703672487789	-0.0584189155589	-0.0114182683816	0.0125024793921	-0.00247701760503	0.0559147153623	0.0621985438288	-0.028198033021	0.0270180024022	-0.0604232395829	0.0188754670601	0.011740962924	0.000928041717972	-0.0141339861614	-0.0205096636048	-0.027330545084	0.0232051713995	-0.0215343398365	-0.0868658425987	-0.0233762387748	-0.0351575118218	-0.0878473479917	-0.00362659124687	0.0293020253109	-0.0303916161781	-0.0114748550093	0.0142144009378	-0.0131268748426	0.0166720957293	0.00760012553283	-0.00503577648924	0.0588520398158	-0.0170347329788	0.0235425028662	-0.0114090606641
k__Bacteria;p__Bacteroidetes;c__Bacteroidia;o__Bacteroidales;f__Rikenellaceae;g__Alistipes;s__Alistipes_obesi	-0.0593736274068	0.0187158690285	0.00873274195174	0.0150082511093	-0.00986561237684	-0.0096995941749	0.00955941211498	-0.00612949863807	-0.0455457289736	-0.0195535411683	-0.0287962879139	-0.0319792896782	-0.0211167868345	1.0	0.0399519045858	-0.0324129180405	-0.0226111371081	0.0434921831011	-0.0471665699306	0.0268990147059	-0.0625891733135	0.0656035938845	-0.0307274039566	-0.0404992197203	-0.041409818623	0.0440404299744	0.0164836062337	-0.039591432138	-0.0807269069124	-0.0318427986707	0.0486932064904	-0.010463104775	-0.0207983102036	0.00072851017402	-0.0549027408072	0.0144394586399	-0.00575466825881	0.0196391626896	-0.0130898391301	0.00945598890178	-0.0173322045714	0.0293413237919	-0.0167190036645	-0.0337434968713	0.0184396764614	-0.0102842795977	-0.0048629888136	-0.025671768731	-0.0299973033943	-0.0158140645593	-0.0221626004397	0.0341458644343	-0.039977618653	-0.0408139811432	-0.0239627279509	-0.0419921207363	-0.0185527280253	0.0654346227575	0.0284257882616
k__Bacteria;p__Firmicutes;c__Clostridia;o__Clostridiales;f__Lachnospiraceae;g__;s__[Eubacterium]_rectale	-0.0178952487889	0.0216529971462	0.0270569706016	0.0153972824555	0.0066730743463	0.036401522046	0.0230656987999	-0.0169078130421	-0.0355437960801	-0.0332363697225	0.0173286275548	0.0280768820378	0.0244503172233	0.0399519045858	1.0	0.0509344535534	-0.0319516410414	0.00489945148193	-0.0182692805248	-0.00799874296676	0.0367603310665	-0.00262853875736	-0.0774534529561	-0.00641590329978	0.0171221150774	-0.0631013298548	0.0192785075123	-0.0261548680906	-0.00142261142828	0.00496518435614	-0.0253199432951	-0.0312838880292	-0.0551973550577	-0.0204249520896	0.0349671432238	0.0125499337508	-0.0657109032516	-0.006601152845	-0.0663689659726	0.0187179762209	-0.0894022586938	0.00462654090545	-0.00452976563186	0.0289805238544	-0.022153646817	-0.0383654099116	-0.0396958856316	-0.0178939345532	-0.0222430897308	-0.0232151667	-0.0366200329425	-0.00741745951537	-0.033082922793	-0.0821303121254	0.0259382453437	0.0109349501193	-0.0505658108766	-0.000844313124945	0.00560053439906
k__Bacteria;p__Bacteroidetes;c__Bacteroidia;o__Bacteroidales;f__Bacteroidaceae;g__Bacteroides;s__Bacteroides_plebeius	-0.00311447313544	0.0187052243706	-0.0272018764393	-0.0355529708279	-0.0822827591622	0.0633679671312	0.00949879049264	-0.0140531857566	-0.0104644156087	-0.0210494937871	0.015318536578	0.0142979609035	-0.0339499269664	-0.0324129180405	0.0509344535534	1.0	0.000548145141356	0.0552666618665	0.011099122395	0.00997467899502	0.0115334644525	-0.0106671245779	-0.00967944173147	-0.05701200299	0.0309395310044	-0.00798687949949	-0.0134165351304	0.00613000292282	-0.00155736017961	-0.00318591009696	-0.0361512363074	0.0238333071017	-0.00440289106119	-0.0202662987971	0.0267975347348	-0.0639432787644	0.0163814355531	-0.00107884920359	0.0285374875749	0.00845926673716	-0.0307170115415	-0.0226236413188	-0.0324871582048	-0.0219552182405	-0.0394018410232	0.0371594117764	-0.00866256422275	-0.000768298285248	0.0212716669403	0.0153022915347	-0.0285849102006	-0.0049668484442	0.0325107909553	0.0101446685529	-0.10769309629	-0.0411591655377	-0.0129428885219	-0.0330570932789	-0.0137968903589
k__Bacteria;p__Bacteroidetes;c__Bacteroidia;o__Bacteroidales;f__Bacteroidaceae;g__Bacteroides;s__Bacteroides_fragilis	0.0305025559748	-0.0376565427965	-0.0362257483062	-0.0350308596878	-0.0422656286172	-0.0572530096559	-0.0234149355184	-0.01022229458	0.00148608890338	-0.0407628851225	0.0143287707318	0.0402181206251	0.00952173086925	-0.0226111371081	-0.0319516410414	0.000548145141356	1.0	0.0428074440676	-0.00295708033923	-0.00668247549487	0.0432452859481	0.028740859114	-0.04061931767	-0.0469305059672	-0.0145238334514	0.00966961523676	-0.0124407970033	0.0333725386459	0.0146088600344	-0.0370734143408	0.047269520836	0.0281695678082	-0.00145819813943	-0.0584713195877	-0.0124242351289	-0.0295314481423	-0.0835404391952	-0.0116660162723	-0.0548681324483	-0.0476871211798	0.0015104265092	-0.0142688360827	0.0202613450596	-0.0235798900777	-0.0480142910808	-0.0359996734642	0.0410826639529	0.00701035862316	0.0472716043378	-0.0123274906822	0.0301332422413	-0.0288045581533	0.00346926750101	0.00101458923908	0.0185752386828	0.0311305019049	0.0052843349209	-0.00506823713959	0.00768080983247
k__Bacteria;p__Proteobacteria;c__Betaproteobacteria;o__Burkholderiales;f__Sutterellaceae;g__Sutterella;s__Sutterella_wadsworthensis	-0.0800016359843	-0.0260913616136	0.0409026760826	0.0781585361284	0.0123759326076	-0.0019543648297	-0.00858553252347	0.0224374088996	0.0206333140101	-0.027529650978	0.0125476162977	0.0260669911112	-0.0576830847474	0.0434921831011	0.00489945148193	0.0552666618665	0.0428074440676	1.0	0.0153656539245	0.00374217962887	0.0150582367544	-0.03664962604	0.00638870186081	-0.00417582146605	-0.0455645704167	-0.0125588858179	0.0188141070174	-0.0111886208685	-0.0461803821448	-0.0286691844535	-0.0184826495036	-0.014959638027	-0.010621446162	-0.0117817118508	-0.0286755193668	-0.0414038651303	0.00404047128846	-0.00885179686175	-0.024649973396	0.000279819603392	0.0340250012232	-0.0358680375895	-0.0301976218908	0.0300836566426	-0.0395937333979	-0.021932592086	-0.0141172359542	-0.0167275823118	-0.0204810356152	-0.00117678151441	0.0236038906958	-0.00869110768105	-0.0139175240694	-0.00327560770366	-0.0132177378063	-0.00643322374419	0.0413141521096	0.0215630415302	-0.0570532431498
k__Bacteria;p__Bacteroidetes;c__Bacteroidia;o__Bacteroidales;f__Porphyromonadaceae;g__Barnesiella;s__Barnesiella_intestinihominis	-0.0538143493146	0.0294321209397	0.0506902324622	-0.0238530295794	0.0176113950587	-0.0250436205148	-0.0237175086117	0.0163214494824	-0.0203622969328	0.0246650835207	-0.000473935869246	0.0197191983379	-0.0548926049258	-0.0471665699306	-0.0182692805248	0.011099122395	-0.00295708033923	0.0153656539245	1.0	-0.00909809827527	0.00204509355448	-0.00441810267422	-0.00313663190455	-0.0507262983649	0.0176186898006	-0.0424416799862	0.00533168025906	-0.0502272671815	-0.0221952204566	0.0117153395999	0.0292059603931	0.0309156644893	0.0109202541543	0.0283857146898	0.00294112294907	0.0165014685413	-0.0518148937053	0.000516604496444	-0.0289068798165	0.0212494788047	-0.0211809006226	-0.0377762674359	-0.00647377161634	0.0128643892631	0.00734090635721	-0.036717988604	0.0104105186874	0.0139194454503	-0.0108386062929	-0.00716398100511	0.0120515677438	-0.0245288187766	-0.028685687898	0.0161929441332	0.0321952205671	-0.0421121795939	-0.0036064352891	-0.0345206850002	-0.00768377819041
k__Bacteria;p__Bacteroidetes;c__Bacteroidia;o__Bacteroidales;f__Odoribacteraceae;g__Odoribacter;s__Odoribacter_splanchnicus	0.00273020874673	-0.039740630362	0.00309220621009	-0.00154974597285	-0.0315438747226	-0.0386436896437	-0.0580858539994	-0.0116095339888	-0.0325448168065	-0.0145403847718	-0.0133615818605	-0.0300215779772	-0.0237169386953	0.0268990147059	-0.00799874296676	0.00997467899502	-0.00668247549487	0.00374217962887	-0.00909809827527	1.0	-0.00884649658305	-0.0365353502014	-0.0228266779373	-0.0473563007288	-0.0644253417315	-0.00104174895793	-0.000366245759534	0.0452678691603	0.00714685141353	-0.0580818602259	0.00773642773188	0.0261554955078	-0.00782371915917	-0.0291641331809	0.02674200601	-0.00530499064139	0.0460121942566	0.0540315081694	0.0334969332871	-0.0539285411458	0.0462794082593	-0.0461488890765	0.0117204816514	0.101026052022	-0.015111449325	0.00562103238776	0.0322214462146	-0.0793462130456	0.00235245279599	0.00946569570701	-0.0277409877402	-0.00893982022144	0.0197500932888	0.0504994950664	0.0446636480117	0.0286717888071	-0.021012545289	0.0195486718789	-0.0091985411479
k__Bacteria;p__Bacteroidetes;c__Bacteroidia;o__Bacteroidales;f__Bacteroidaceae;g__Bacteroides;s__Bacteroides_salyersiae	0.016049025216	0.00771107286514	-0.0301650677995	-0.0551003086231	-0.0268039354159	0.0496681401586	-0.0679288835007	0.0278962517592	-0.0100997307885	0.01333326374	0.0464178892691	0.0460954246755	-0.00395766513937	-0.0625891733135	0.0367603310665	0.0115334644525	0.0432452859481	0.0150582367544	0.00204509355448	-0.00884649658305	1.0	-0.0670696362273	-0.00339870785576	-0.0114858796476	-0.018915264435	0.0302308503543	0.00671072405859	-0.0110071944265	0.0475798028913	-0.0028784232227	-0.0297678024388	-0.0271511278679	-0.0136272377864	-0.00994365792517	-0.0453304516561	-0.0491129145748	0.0304189421394	-0.0263709532223	0.000384177803879	-0.00102041418527	0.0213744244711	-0.0700357562946	0.0210661773143	-0.0537699419948	-0.0565299428868	-0.00076050807241	-0.0330790898928	0.0429463562266	0.0303241331829	-0.0377775946295	-0.0553156526301	0.00626867862598	0.054784107463	0.0165893524589	-0.0027854823077	-0.0688771002479	0.00297122633862	-0.0405581068871	0.0646599468534
k__Bacteria;p__Firmicutes;c__Clostridia;o__Clostridiales;f__Ruminococcaceae;g__Ruminiclostridium;s__[Eubacterium]_siraeum	-0.00327288226238	0.017708574363	0.0216616792078	-0.0217768371431	-0.0495850760065	-0.0258080345122	-0.0150346810765	0.00160195040415	-0.0516141143589	0.0240285572077	-0.0115694737039	-0.00163519048047	0.00357117670171	0.0656035938845	-0.00262853875736	-0.0106671245779	0.028740859114	-0.03664962604	-0.00441810267422	-0.0365353502014	-0.0670696362273	1.0	-0.039416907644	0.027558885442	0.0105216547761	-0.0581437209873	-0.0241601555612	-0.014989683214	-0.0183531895366	-0.0147912008481	0.0157476433351	-0.000722939051901	0.0107371533944	-0.0442370079853	0.0257307061565	-0.0422455122293	-0.0387095470044	0.0330980218617	0.0172234943923	-0.0290307562187	0.0146373134711	0.0472863032664	0.00579645447027	-0.0143280304639	0.01852576679	-0.0184272895017	0.0487358342416	0.0497561167267	-0.0140795472355	-0.0141000864395	0.0472317543534	0.016304129513	0.00122727607428	-0.0319031571312	-0.0048138622572	0.0413724591243	-0.0199612239308	-0.0221181062665	-0.0311630361098
k__Bacteria;p__Proteobacteria;c__Betaproteobacteria;o__Burkholderiales;f__Sutterellaceae;g__Parasutterella;s__Parasutterella_excrementihominis	-0.00116568196153	-0.00475434527038	-0.00504902547696	0.0422565649456	-0.0415919427919	-0.0144267662218	0.001656572666	0.0187385021676	0.0150881309725	-0.0165199675229	-0.0807232802796	-0.015531323562	-0.00855782178493	-0.0307274039566	-0.0774534529561	-0.00967944173147	-0.04061931767	0.00638870186081	-0.00313663190455	-0.0228266779373	-0.00339870785576	-0.039416907644	1.0	0.00286854995385	-0.0221044832957	0.0133949397999	0.0419576116584	0.0271566032447	0.0283916879573	0.00323512458226	0.0597451078538	-0.0346947005075	0.0266277617878	-0.0144048015277	-0.0122410293079	-0.0201192615568	-0.0320899369744	-0.0697631721452	-0.0100479573515	0.00820527000517	-0.0131025325627	-0.0518954360255	0.055989554257	0.0145198282239	-0.019948150951	-0.0147370412443	-0.0371976954088	-0.018152340331	-0.000453802611462	0.00339273404235	0.010613222713	0.0122603215816	-0.0139673527304	-0.017188560943	-0.0126906616323	0.0507296771089	0.029039422771	-0.0345167452641	-0.0442315841693
k__Bacteria;p__Actinobacteria;c__Actinobacteria;o__Bifidobacteriales;f__Bifidobacteriaceae;g__Bifidobacterium;s__Bifidobacterium_adolescentis	0.030451822043	-0.0493260331093	0.0159125375476	0.0362568165032	0.00250687689455	0.0239546436763	0.00398025903247	0.0815247144683	-0.0305396473879	-0.0200715017814	0.00821740035182	0.0216117306674	0.0403053175496	-0.0404992197203	-0.00641590329978	-0.05701200299	-0.0469305059672	-0.00417582146605	-0.0507262983649	-0.0473563007288	-0.0114858796476	0.027558885442	0.00286854995385	1.0	-0.000239037311581	-0.0494379323769	-0.0282632974665	-0.00746516186501	-0.0249406293642	-0.0290454391881	0.0234688632286	-0.0342971955146	-0.0135333886455	0.0451736755722	-0.0482012990418	0.0134964879169	0.0022317846126	-0.0647737388201	-0.0072709054275	-0.0174624314856	-0.0146113604559	-0.060520397177	0.030367587691	-0.00290214434676	0.0135202832918	0.0292398814763	-0.01702565443	-0.00660639512232	0.0111073671963	0.0493456002345	-0.0136447490061	0.0172228244	-0.02802381688	0.0368490178392	-0.0580944491694	0.00523395665178	0.0427132052465	-0.0280615705816	-0.00598005555933
k__Bacteria;p__Firmicutes;c__Clostridia;o__Clostridiales;f__Oscillospiraceae;g__Oscillibacter;s__Oscillibacter_sp._KLE_1745	-0.0146394201074	0.0235360153079	-0.0118697279354	-0.0473677744398	0.0305748880367	-0.00337775285336	0.0372745173938	0.000504863302477	-0.0187665778401	-0.00437830725379	-0.0323498529249	-0.0381915432646	-0.00703672487789	-0.041409818623	0.0171221150774	0.0309395310044	-0.0145238334514	-0.0455645704167	0.0176186898006	-0.0644253417315	-0.018915264435	0.0105216547761	-0.0221044832957	-0.000239037311581	1.0	-0.0153656925045	-0.031501031641	-0.013269311275	-0.00238936388884	0.00820761882924	0.0226466194596	-0.0080884275296	-0.104614986357	-0.0304539170726	-0.0321366764566	0.014136941261	-0.0333625400089	-0.0735656351484	-0.0256310801299	0.012453520252	-0.0196443295985	0.00813319140038	-0.0071739478024	-0.035407267659	-0.0225285139753	0.00107052039445	0.0161280079541	-0.0231117885245	-0.00317564535472	-0.00527815123307	0.00186506647532	-0.00870055783942	-0.0419882845014	-0.0508269860788	-0.0043697034031	-0.00809544404026	-0.0260608894653	-0.021176799683	0.0207903469512
k__Bacteria;p__Bacteroidetes;c__Bacteroidia;o__Bacteroidales;f__Bacteroidaceae;g__Bacteroides;s__Bacteroides_coprophilus	0.0122563487256	0.0043710657161	-0.0120180155068	0.0231616333907	-0.0223691938951	-0.0133730630524	0.0508781202371	-0.0382349442102	0.0656865448986	-0.0156438899236	-0.0195695673241	-0.00259501936412	-0.0584189155589	0.0440404299744	-0.0631013298548	-0.00798687949949	0.00966961523676	-0.0125588858179	-0.0424416799862	-0.00104174895793	0.0302308503543	-0.0581437209873	0.0133949397999	-0.0494379323769	-0.0153656925045	1.0	-0.0161113442771	-0.0420506173862	-0.0233752584089	-0.0401381260654	-0.018752998121	-0.0371024313782	-0.025428127387	-0.0175279249125	0.00861316879683	0.0108529560246	-0.00152939131126	-0.00234073782616	-0.0282905016948	0.0203757420567	-0.0288252941035	-0.00120065381242	0.00670300255569	-0.06177587559	-0.0396280801317	-0.00503583159345	-0.0364296852979	-0.0163400055563	0.028693100682	-0.0253312348963	-0.0408577668875	0.0196325806712	0.00770731074503	0.0491655500812	-0.0196551959658	-0.0106820784827	0.0545042364371	-0.00896671997068	0.00635841658866
k__Bacteria;p__Firmicutes;c__Clostridia;o__Clostridiales;f__Lachnospiraceae;g__Roseburia;s__Roseburia_intestinalis	0.00870301038139	0.00624609099064	-8.86038710689e-05	0.0138972879898	-0.0373201031186	-0.0118380910655	-0.010200734164	-0.0185054714533	0.0192696745458	-0.0223193657092	0.0368824097519	-0.0399110413289	-0.0114182683816	0.0164836062337	0.0192785075123	-0.0134165351304	-0.0124407970033	0.0188141070174	0.00533168025906	-0.000366245759534	0.00671072405859	-0.0241601555612	0.0419576116584	-0.0282632974665	-0.031501031641	-0.0161113442771	1.0	-0.00779518128481	-0.0498957652676	-0.0388358542919	-0.0324695077739	-0.0382893085438	-0.0298816908171	-0.00178812794563	-0.0130879598202	0.0209876200668	0.0123964802975	-0.0295131931752	-0.0504562772787	-0.0285770700281	0.00130661711401	-0.0121139829117	-0.0369108827864	-0.034027005843	-0.0304047031392	0.0233422395734	-0.0457027712442	0.00631135871489	-0.0582066945816	0.0234524944473	-0.000505797097086	0.0161939398755	0.00850352199882	0.0569254418825	-0.0134881548608	0.0329719182187	0.00919127207549	-0.00527382521813	0.0128420064789
k__Bacteria;p__Firmicutes;c__Clostridia;o__Clostridiales;f__Lachnospiraceae;g__Roseburia;s__Roseburia_hominis	-0.0136885544579	-0.034700713607	0.0490038261097	-0.0189197510542	-0.0156360672664	0.00319425049028	-0.0387552227529	-0.0224378422503	-0.00440385810475	-0.0218367598395	-0.0116867234717	-0.0083071192304	0.0125024793921	-0.039591432138	-0.0261548680906	0.00613000292282	0.0333725386459	-0.0111886208685	-0.0502272671815	0.0452678691603	-0.0110071944265	-0.014989683214	0.0271566032447	-0.00746516186501	-0.013269311275	-0.0420506173862	-0.00779518128481	1.0	0.0114848932326	0.0155971084207	0.00629815256808	-0.0262276217179	-0.0229387340835	0.0683745544324	-0.0412761034766	0.024055932405	-0.00260662006382	0.029003219729	-0.0195361159799	-0.0434696540896	-0.0216813464715	0.0105098961311	-0.0361011399341	-0.00621002088516	0.0545173403034	0.0917977911323	0.0030332346534	-0.00639638824654	0.0248273205457	-0.00957890550891	-0.0435171955498	-0.0222762054322	0.0518033505222	0.0271237668982	-0.0111559369368	-0.0133981390389	0.0341305696964	0.0243239523349	-0.0665040353326
k__Bacteria;p__Bacteroidetes;c__Bacteroidia;o__Bacteroidales;f__Porphyromonadaceae;g__Parabacteroides;s__Parabacteroides_johnsonii	0.0117576344521	0.0679196794377	0.0197270684825	-0.0173510023668	-0.0243012913218	-0.0399455693611	-0.0197918238192	0.00334370671494	-0.0123389659459	0.0148461076267	0.0242488216981	0.00737131120067	-0.00247701760503	-0.0807269069124	-0.00142261142828	-0.00155736017961	0.0146088600344	-0.0461803821448	-0.0221952204566	0.00714685141353	0.0475798028913	-0.0183531895366	0.0283916879573	-0.0249406293642	-0.00238936388884	-0.0233752584089	-0.0498957652676	0.0114848932326	1.0	0.0272204836966	-0.0588250369176	0.0197072719754	-0.059394518508	0.00266017169658	0.013066995186	-0.0369358935318	-0.0254788421298	-0.0019896198597	0.00385934685914	0.0141896489397	-0.000691208352779	0.0523129201532	0.000420586524844	-0.0644493055101	-0.0211472087195	0.0169745813352	-0.0360461740975	-0.0201818856201	0.0292989819375	0.0184369810902	0.0502979818798	-0.0466524730895	-0.0205735812673	-0.0587810483586	0.0139543267857	-0.0223559213627	-0.0799322121754	0.000803228124327	-0.0131792135503
k__Bacteria;p__Actinobacteria;c__Actinobacteria;o__Bifidobacteriales;f__Bifidobacteriaceae;g__Bifidobacterium;s__Bifidobacterium_longum	-0.0388866638677	0.0141290332491	-0.0464820426437	0.0016570285279	0.0280404741825	-0.00935318376937	0.0658177334057	0.0452758125738	-0.0196426835201	0.0546194179166	-0.00310393020092	-0.0088186484266	0.0559147153623	-0.0318427986707	0.00496518435614	-0.00318591009696	-0.0370734143408	-0.0286691844535	0.0117153395999	-0.0580818602259	-0.0028784232227	-0.0147912008481	0.00323512458226	-0.0290454391881	0.00820761882924	-0.0401381260654	-0.0388358542919	0.0155971084207	0.0272204836966	1.0	-0.0220660496177	-0.00260066763255	0.036102533639	0.00804989065211	0.02336603103	-0.0203118596807	-0.0108711125096	0.00298440029313	-0.0170478239335	0.00566710985046	0.00492164157779	-0.048631277851	-0.00749676787171	0.0048693230709	0.0213497503755	-0.0417999515049	-0.00574056419034	0.0194662341081	0.0027359639217	-0.0636664911937	0.0498639888147	-0.0366793485364	0.0384541653545	0.0162094635845	-0.000779448479979	-0.0421921845223	-0.0331193610315	0.000962947253882	-0.00115443212825
