#taxonomy	k__Bacteria;p__Bacteroidetes;c__Bacteroidia;o__Bacteroidales;f__Bacteroidaceae;g__Bacteroides;s__Bacteroides_vulgatus	k__Bacteria;p__Bacteroidetes;c__Bacteroidia;o__Bacteroidales;f__Bacteroidaceae;g__Bacteroides;s__Bacteroides_uniformis	k__Bacteria;p__Bacteroidetes;c__Bacteroidia;o__Bacteroidales;f__Rikenellaceae;g__Alistipes;s__Alistipes_putredinis	k__Bacteria;p__Bacteroidetes;c__Bacteroidia;o__Bacteroidales;f__Prevotellaceae;g__Prevotella;s__Prevotella_copri	k__Bacteria;p__Bacteroidetes;c__Bacteroidia;o__Bacteroidales;f__Bacteroidaceae;g__Bacteroides;s__Bacteroides_stercoris	k__Bacteria;p__Bacteroidetes;c__Bacteroidia;o__Bacteroidales;f__Bacteroidaceae;g__Bacteroides;s__Bacteroides_ovatus	k__Bacteria;p__Bacteroidetes;c__Bacteroidia;o__Bacteroidales;f__Rikenellaceae;g__Alistipes;s__Alistipes_shahii	k__Bacteria;p__Firmicutes;c__Clostridia;o__Clostridiales;f__Ruminococcaceae;g__Faecalibacterium;s__Faecalibacterium_prausnitzii	k__Bacteria;p__Bacteroidetes;c__Bacteroidia;o__Bacteroidales;f__Rikenellaceae;g__Alistipes;s__Alistipes_finegoldii	k__Bacteria;p__Bacteroidetes;c__Bacteroidia;o__Bacteroidales;f__Porphyromonadaceae;g__Parabacteroides;s__Parabacteroides_distasonis	k__Bacteria;p__Bacteroidetes;c__Bacteroidia;o__Bacteroidales;f__Bacteroidaceae;g__Bacteroides;s__Bacteroides_thetaiotaomicron	k__Bacteria;p__Bacteroidetes;c__Bacteroidia;o__Bacteroidales;f__Bacteroidaceae;g__Bacteroides;s__Bacteroides_coprocola	k__Bacteria;p__Bacteroidetes;c__Bacteroidia;o__Bacteroidales;f__Bacteroidaceae;g__Bacteroides;s__Bacteroides_cellulosilyticus	k__Bacteria;p__Bacteroidetes;c__Bacteroidia;o__Bacteroidales;f__Rikenellaceae;g__Alistipes;s__Alistipes_obesi	k__Bacteria;p__Firmicutes;c__Clostridia;o__Clostridiales;f__Lachnospiraceae;g__;s__[Eubacterium]_rectale	k__Bacteria;p__Bacteroidetes;c__Bacteroidia;o__Bacteroidales;f__Bacteroidaceae;g__Bacteroides;s__Bacteroides_plebeius	k__Bacteria;p__Bacteroidetes;c__Bacteroidia;o__Bacteroidales;f__Bacteroidaceae;g__Bacteroides;s__Bacteroides_fragilis	k__Bacteria;p__Proteobacteria;c__Betaproteobacteria;o__Burkholderiales;f__Sutterellaceae;g__Sutterella;s__Sutterella_wadsworthensis	k__Bacteria;p__Bacteroidetes;c__Bacteroidia;o__Bacteroidales;f__Porphyromonadaceae;g__Barnesiella;s__Barnesiella_intestinihominis	k__Bacteria;p__Bacteroidetes;c__Bacteroidia;o__Bacteroidales;f__Odoribacteraceae;g__Odoribacter;s__Odoribacter_splanchnicus	k__Bacteria;p__Bacteroidetes;c__Bacteroidia;o__Bacteroidales;f__Bacteroidaceae;g__Bacteroides;s__Bacteroides_salyersiae	k__Bacteria;p__Firmicutes;c__Clostridia;o__Clostridiales;f__Ruminococcaceae;g__Ruminiclostridium;s__[Eubacterium]_siraeum	k__Bacteria;p__Proteobacteria;c__Betaproteobacteria;o__Burkholderiales;f__Sutterellaceae;g__Parasutterella;s__Parasutterella_excrementihominis	k__Bacteria;p__Actinobacteria;c__Actinobacteria;o__Bifidobacteriales;f__Bifidobacteriaceae;g__Bifidobacterium;s__Bifidobacterium_adolescentis	k__Bacteria;p__Firmicutes;c__Clostridia;o__Clostridiales;f__Oscillospiraceae;g__Oscillibacter;s__Oscillibacter_sp._KLE_1745	k__Bacteria;p__Bacteroidetes;c__Bacteroidia;o__Bacteroidales;f__Bacteroidaceae;g__Bacteroides;s__Bacteroides_coprophilus	k__Bacteria;p__Firmicutes;c__Clostridia;o__Clostridiales;f__Lachnospiraceae;g__Roseburia;s__Roseburia_intestinalis	k__Bacteria;p__Firmicutes;c__Clostridia;o__Clostridiales;f__Lachnospiraceae;g__Roseburia;s__Roseburia_hominis	k__Bacteria;p__Bacteroidetes;c__Bacteroidia;o__Bacteroidales;f__Porphyromonadaceae;g__Parabacteroides;s__Parabacteroides_johnsonii	k__Bacteria;p__Actinobacteria;c__Actinobacteria;o__Bifidobacteriales;f__Bifidobacteriaceae;g__Bifidobacterium;s__Bifidobacterium_longum	k__Bacteria;p__Firmicutes;c__Clostridia;o__Clostridiales;f__;g__Flavonifractor;s__Flavonifractor_plautii	k__Bacteria;p__Firmicutes;c__Clostridia;o__Clostridiales;f__Clostridiaceae;g__Clostridium;s__Clostridium_phoceensis	k__Bacteria;p__Verrucomicrobia;c__Verrucomicrobiae;o__Verrucomicrobiales;f__Akkermansiaceae;g__Akkermansia;s__Akkermansia_muciniphila	k__Bacteria;p__Bacteroidetes;c__Bacteroidia;o__Bacteroidales;f__Prevotellaceae;g__Paraprevotella;s__Paraprevotella_xylaniphila	k__Bacteria;p__Firmicutes;c__Clostridia;o__Clostridiales;f__Ruminococcaceae;g__Ruminococcus;s__Ruminococcus_callidus	k__Bacteria;p__Bacteroidetes;c__Bacteroidia;o__Bacteroidales;f__Rikenellaceae;g__Alistipes;s__Alistipes_senegalensis	k__Bacteria;p__Firmicutes;c__Clostridia;o__Clostridiales;f__Lachnospiraceae;g__Blautia;s__Blautia_sp._KLE_1732	k__Bacteria;p__Bacteroidetes;c__Bacteroidia;o__Bacteroidales;f__Bacteroidaceae;g__Bacteroides;s__Bacteroides_oleiciplenus	k__Bacteria;p__Firmicutes;c__Clostridia;o__Clostridiales;f__Ruminococcaceae;g__Ruminococcus;s__Ruminococcus_bicirculans	k__Bacteria;p__Bacteroidetes;c__Bacteroidia;o__Bacteroidales;f__Bacteroidaceae;g__Bacteroides;s__Bacteroides_fluxus	k__Bacteria;p__Bacteroidetes;c__Bacteroidia;o__Bacteroidales;f__Prevotellaceae;g__Prevotella;s__Prevotella_stercorea	k__Bacteria;p__Firmicutes;c__Clostridia;o__Clostridiales;f__Lachnospiraceae;g__Dorea;s__Dorea_longicatena	k__Bacteria;p__Firmicutes;c__Clostridia;o__Clostridiales;f__Eubacteriaceae;g__Eubacterium;s__[Eubacterium]_eligens	k__Bacteria;p__Firmicutes;c__Clostridia;o__Clostridiales;f__Ruminococcaceae;g__;s__Ruminococcaceae_bacterium_D16	k__Bacteria;p__Firmicutes;c__Clostridia;o__Clostridiales;f__Lachnospiraceae;g__Coprococcus;s__Coprococcus_comes	k__Bacteria;p__Proteobacteria;c__Gammaproteobacteria;o__Enterobacterales;f__Enterobacteriaceae;g__Escherichia;s__Escherichia_coli	k__Bacteria;p__Firmicutes;c__Clostridia;o__Clostridiales;f__Ruminococcaceae;g__Anaerotruncus;s__Anaerotruncus_colihominis	k__Bacteria;p__Firmicutes;c__Clostridia;o__Clostridiales;f__Lachnospiraceae;g__Blautia;s__Blautia_obeum	k__Bacteria;p__Bacteroidetes;c__Bacteroidia;o__Bacteroidales;f__Odoribacteraceae;g__Odoribacter;s__Odoribacter_laneus	k__Bacteria;p__Firmicutes;c__Clostridia;o__Clostridiales;f__Ruminococcaceae;g__Ruminiclostridium;s__[Clostridium]_leptum	k__Bacteria;p__Bacteroidetes;c__Bacteroidia;o__Bacteroidales;f__Porphyromonadaceae;g__Parabacteroides;s__Parabacteroides_goldsteinii	k__Bacteria;p__Firmicutes;c__Clostridia;o__Clostridiales;f__Lachnospiraceae;g__Anaerostipes;s__Anaerostipes_hadrus	k__Bacteria;p__Firmicutes;c__Clostridia;o__Clostridiales;f__Ruminococcaceae;g__Ruminococcus;s__Ruminococcus_lactaris	k__Bacteria;p__Firmicutes;c__Clostridia;o__Clostridiales;f__Clostridiaceae;g__Clostridium;s__Clostridium_sp._L2-50	k__Bacteria;p__Firmicutes;c__Clostridia;o__Clostridiales;f__Clostridiaceae;g__Clostridium;s__Clostridium_sp._M62/1	k__Bacteria;p__Firmicutes;c__Clostridia;o__Clostridiales;f__;g__Intestinimonas;s__Intestinimonas_butyriciproducens	k__Bacteria;p__Actinobacteria;c__Actinobacteria;o__Bifidobacteriales;f__Bifidobacteriaceae;g__Bifidobacterium;s__Bifidobacterium_bifidum	k__Bacteria;p__Firmicutes;c__Negativicutes;o__Veillonellales;f__Veillonellaceae;g__Dialister;s__Dialister_invisus	k__Bacteria;p__Bacteroidetes;c__Bacteroidia;o__Bacteroidales;f__Bacteroidaceae;g__Bacteroides;s__Bacteroides_salanitronis
k__Bacteria;p__Bacteroidetes;c__Bacteroidia;o__Bacteroidales;f__Bacteroidaceae;g__Bacteroides;s__Bacteroides_vulgatus	1.0	-0.0532431867603	-0.0449152029157	-0.00743664293761	0.0177373681517	0.0259621423766	0.0367023350889	-0.0319903074032	-0.00394735404107	-0.0500941395612	0.011914398701	-0.0359638179358	0.0202680894507	0.0199055292189	-0.0244550688201	-0.0770219374818	-0.0190364391232	0.0390280925391	0.00284227485391	-0.0474274242804	0.0112778630439	5.9345057591e-05	0.0262054165908	0.0276256995665	0.0270083936688	0.0115174410497	0.0356130543323	0.0265101632792	-0.068087100952	-0.0550062357162	0.0181849516311	-0.0908976177099	-0.00814695479567	-0.0193103254443	0.0166049530276	-0.00580676844241	-0.0749448384905	-0.0320419350353	-0.027651524768	-0.00800547484653	-0.0377096221919	-0.0399312013986	0.00886009834087	-0.0310330852392	-0.0167615588867	-0.0278443774193	-0.0320717124536	0.00158946296302	0.00635486035217	-0.0168046331174	-0.0120445743152	-0.0242514452599	0.0120403312262	-0.0313217293655	0.0312410900121	0.000497671554192	0.0607708493293	-0.0101793731211	-0.00367536892314
k__Bacteria;p__Bacteroidetes;c__Bacteroidia;o__Bacteroidales;f__Bacteroidaceae;g__Bacteroides;s__Bacteroides_uniformis	-0.0532431867603	1.0	0.0319325071469	0.0127355031171	-0.0200617100408	-0.00481376270731	0.0135087275362	-0.0472029309377	-0.0162701239091	-0.0303838479866	0.00285968292392	0.0168321470877	-0.0238154980725	-0.0416656384058	0.0134149226371	0.0147920311792	0.0354837528355	-0.0269852132604	0.00978872155696	-0.007407766864	-0.0462511774606	-0.0906934567056	0.0101433043911	-0.0161414455753	0.0239464417517	0.0239056356783	-0.0513495458375	0.0313626732579	-0.0330662420439	0.0474001987008	0.030633410004	-0.0191591188151	-0.00288230604643	-0.0361744496842	-0.0176111171142	0.0237848892868	-0.0258965848885	-0.0389943769958	0.0238088493967	0.025345164281	-0.0465628568691	0.0268454690604	0.0256402148775	-0.0152546838604	-0.027313177909	0.0181087637242	-0.00701595130551	-0.0482989313459	0.030860127776	-0.0157155159616	0.0353743626198	0.0665824193991	-0.0157913100794	0.0370378975106	0.0794441335149	-0.0231179409385	-0.0239231250297	0.0106477561978	0.00620430340083
k__Bacteria;p__Bacteroidetes;c__Bacteroidia;o__Bacteroidales;f__Rikenellaceae;g__Alistipes;s__Alistipes_putredinis	-0.0449152029157	0.0319325071469	1.0	-0.0149963391724	-0.018114328568	0.00992397172323	-0.00559516855971	-0.0432849326334	-0.0356729414016	-0.00572872566922	0.00199887513372	-0.0798633446716	0.0165501009147	0.0330195483091	0.0109274330402	-0.0382006035961	-0.00178343251852	-0.0167563664394	0.00956025085541	0.00432393170773	-0.0211406922597	-0.0245388440507	-0.023584749856	0.0109984295506	-0.0185610786379	0.0326469651328	-0.0205698284546	0.0343952448705	0.0200820440145	0.0150522704419	0.0212945474375	-0.0394330108308	-0.00269088370859	-0.00434091624059	-0.0782926576678	-0.0044397198093	-0.0496773121371	0.00523279365209	-0.00301726657827	-0.0290278324539	-0.00649790430682	-0.0262241647756	-0.0280316861634	-0.00240997473992	0.0684187182238	-0.0202946337281	0.0377502642223	0.00580131609422	0.0284136885743	-0.0131819836869	-0.0135796354456	-0.0269367226648	-0.020313117875	-0.00865894277939	-0.0409537868579	-0.0131610513527	0.00509777815668	-0.0354607338952	-0.0298842053116
k__Bacteria;p__Bacteroidetes;c__Bacteroidia;o__Bacteroidales;f__Prevotellaceae;g__Prevotella;s__Prevotella_copri	-0.00743664293761	0.0127355031171	-0.0149963391724	1.0	-0.0681392244069	0.0515971749243	-0.00563991267436	-0.00572374697052	-0.048900235577	-0.0675884116138	0.0293787067522	-0.0186115313585	0.0434693586949	-0.0531540096704	-0.0227969982525	0.0397608040349	0.0130346973447	0.0347543983064	-0.0478090170558	0.0293606808332	-0.0486588505374	0.0126519192319	0.00556010650748	0.0491580756131	-0.000890752240129	-0.0168414419024	-0.0353054412016	-0.0676269374586	-0.0213972253488	0.0181049259758	0.0127046907667	-0.0223974342554	-0.0333696498363	0.00389529320945	-0.0722246152025	-0.00783922031237	-0.0197225847802	-0.0065146956543	-0.00848981355317	-0.024310432233	0.00435450477232	0.0431589473959	-0.000332366845994	-0.00757959760585	-0.0302482569314	-0.0454350203671	-0.00925835903842	0.0136546930306	-0.00676101405701	0.0420027314937	-0.0764457723523	0.00419717671575	-0.00506144978967	0.0273061266971	0.0142158453693	0.0257385978675	-0.00306570319676	-0.0278552913089	0.0560904461043
k__Bacteria;p__Bacteroidetes;c__Bacteroidia;o__Bacteroidales;f__Bacteroidaceae;g__Bacteroides;s__Bacteroides_stercoris	0.0177373681517	-0.0200617100408	-0.018114328568	-0.0681392244069	1.0	0.0145052779589	0.00539780780714	0.0208930434519	0.0467065313484	-0.047891591713	0.016376219026	-0.0206768342235	0.00156200345666	0.0149686804066	-0.010070704162	-0.00993202586562	-0.0463554086187	-0.0614627414801	0.0412481480487	0.0148895608765	0.0317961601056	0.0290918679546	-0.0128538567319	-0.0557964964713	-0.0547384243446	-0.0236913707256	-0.0497972520111	0.0323061694592	0.0110647277044	-0.112419372524	-0.068142077666	-0.0401956938704	-0.014779911617	-0.00411944356491	-0.00348576163931	0.0203539587982	0.0203214401139	-0.117737148733	0.0730820508171	-0.0146573661033	-0.0224698115	-0.0193483325696	-0.018574493662	0.0182898075058	-0.0254907247963	0.018088083997	-0.0527314643857	0.0374407196828	0.0402377257149	0.0415325400112	-0.0277821967713	-0.0144294396304	-0.0179505162086	-0.0138825226987	0.0258859377507	-0.0485713675941	-0.048699766997	0.0247854600129	0.0229002463206
k__Bacteria;p__Bacteroidetes;c__Bacteroidia;o__Bacteroidales;f__Bacteroidaceae;g__Bacteroides;s__Bacteroides_ovatus	0.0259621423766	-0.00481376270731	0.00992397172323	0.0515971749243	0.0145052779589	1.0	-0.00676491189337	-0.0595136692453	-0.0468356011466	0.0161259641025	0.0328767458209	-0.00336549517559	0.0568833651246	-0.0288604258491	0.00612991699223	0.00494143176701	0.0308681994788	-0.0252237424771	-0.0349326670501	-0.0175008205789	0.0265478640882	-0.0270813627377	-0.00631280851753	0.0273578251495	0.01426318659	-0.0236333849677	0.015997306279	-0.0744417078894	0.0549831893813	0.0186016383698	-0.0254252696641	-0.0532009463457	-0.0728504251758	-0.0297673767657	0.00749720320872	-0.0568257956773	0.0273784181869	-0.0242958350727	-0.0320273928437	0.0202455434004	-0.0294208261052	0.00842904619866	0.0354861204159	0.0261127563069	0.0207797309447	-0.0106120191893	-0.0246831090622	-0.0580400866635	-0.00821276060564	-0.0714723916499	-0.043444534712	-0.00615097500735	-0.0256663146057	-0.0314830388584	0.0836325923557	0.0648040354404	0.00210274224035	-0.0261180303747	0.0599344384232
k__Bacteria;p__Bacteroidetes;c__Bacteroidia;o__Bacteroidales;f__Rikenellaceae;g__Alistipes;s__Alistipes_shahii	0.0367023350889	0.0135087275362	-0.00559516855971	-0.00563991267436	0.00539780780714	-0.00676491189337	1.0	0.00255233733056	0.0141726647522	-0.0153775042047	-0.00066271881937	-0.00604622905148	-0.0205221447153	0.0546787567026	0.000406707333476	-0.0906375561887	-0.0486786334496	-0.0407943247496	0.00989997298752	-0.015542872849	0.0104296329631	-0.0144249431937	-0.0122707749731	0.0203664501157	0.00779975363466	0.0118592853174	0.00236630588524	-0.0240623847803	-0.06981954039	0.0092893571854	-0.0502884541045	-0.03168402587	0.00526528316916	-0.0367732546589	-0.0370676286579	-0.0335397630858	-0.0244773522635	-0.0317800365252	-0.0083775629035	-0.0447525910326	0.0134005532989	-0.0220681830657	-0.0592576566699	0.0219389135372	-0.00160489949188	0.0341447377797	-0.0585133085641	0.0228068737102	0.0162741621119	-0.00116132437165	0.0250386026618	-0.0329049143949	-0.0217026497554	-0.0180183770792	0.0226112621986	-0.0218018435032	-0.00452513047242	-0.00301412497416	-0.0300640271011
k__Bacteria;p__Firmicutes;c__Clostridia;o__Clostridiales;f__Ruminococcaceae;g__Faecalibacterium;s__Faecalibacterium_prausnitzii	-0.0319903074032	-0.0472029309377	-0.0432849326334	-0.00572374697052	0.0208930434519	-0.0595136692453	0.00255233733056	1.0	-0.0367090321617	-0.0355720300234	-0.0427551580033	0.0226465370556	0.00086028130498	0.0152553111986	-0.0259221078289	-0.0155890149593	-0.0244180478676	-0.00510045772979	-0.0221570156114	-0.048323291052	0.0319234218829	-0.00390456821697	-0.0141114277088	0.0413211880531	0.0216495335844	-0.0655590615362	0.0220865179511	0.0219311774647	0.00996305018523	0.019272631367	-0.0192042052967	0.0648352408446	-0.0124999533975	-0.0426167197115	0.00360438768657	-0.0272499826157	0.0645394765296	0.00930166784162	-0.0405601214384	0.0399069393388	-0.0275060671058	-0.0146759270139	-0.000805260134703	-0.056182339173	0.0361286210015	0.0158082137214	-0.0545993165231	-0.00586321338035	0.0368308745653	-0.016372637081	0.0209602277425	-0.0540981999969	0.0149061567303	0.0260070016501	0.0200215863091	0.00212852367631	0.0585947638364	0.000744589770428	-0.0138338276066
k__Bacteria;p__Bacteroidetes;c__Bacteroidia;o__Bacteroidales;f__Rikenellaceae;g__Alistipes;s__Alistipes_finegoldii	-0.00394735404107	-0.0162701239091	-0.0356729414016	-0.048900235577	0.0467065313484	-0.0468356011466	0.0141726647522	-0.0367090321617	1.0	0.0197303111527	-0.0265392235324	0.0310561478284	0.0227080661957	-0.0266890011877	0.0487134797298	-0.0410970784901	0.012359980846	-0.0355610168173	0.000776018521923	-0.0329643571704	0.0165005722554	0.0058711225349	-0.0245188778124	0.00332473766192	0.0181673284176	0.0340758302083	-0.0604167139702	0.0452582658208	-0.00652661835387	-0.0419476558844	0.00203512185496	-0.0119062813305	-0.00482122878944	0.00320707156035	-0.0101895252549	-0.0547329024412	-0.00319941900742	0.0204136869749	-0.057203850886	0.00316122239141	0.0482810859183	-0.041389091205	0.0083999517446	-0.0277514654872	0.0111083460042	-0.0133583684744	0.0145432443312	0.0074765469868	-0.060296816987	-0.0132226639728	0.0116022315768	0.00387422028291	0.0308825380086	-0.0772077005393	-0.0346757443794	0.00470271089501	0.0264147040593	0.0186783314599	-0.048535356193
k__Bacteria;p__Bacteroidetes;c__Bacteroidia;o__Bacteroidales;f__Porphyromonadaceae;g__Parabacteroides;s__Parabacteroides_distasonis	-0.0500941395612	-0.0303838479866	-0.00572872566922	-0.0675884116138	-0.047891591713	0.0161259641025	-0.0153775042047	-0.0355720300234	0.0197303111527	1.0	-0.0561333652737	-0.0372718744915	-0.00358733609423	0.00766116779134	0.0777975936106	0.0829035482377	-0.0443816558131	-0.0190049106505	0.0342669221147	-0.0112199675523	-0.00272871057742	0.017139406133	-0.0306521431825	0.00284345205013	0.0287371596419	0.0242451473086	-0.00211107767654	0.0371396422226	0.010314546869	0.0307910785953	0.0295227626813	-0.0309393608101	0.00242115008404	-0.0806163747399	-0.0356141167894	0.0118479276883	0.0490458370687	-0.0311249534646	-0.0146944255306	0.0109190103046	-0.0196242323305	-0.0110367051344	-0.0232902602988	0.0225348515363	-0.0339532797704	-0.0164186118909	0.0232724139824	0.0262363316227	0.00887649047323	-0.0592535465488	0.0389705619637	-0.0231244165289	-0.0536255665798	-0.0296572348467	0.00765527849691	0.0183537771554	-0.0220763027165	-0.0032085549229	-0.000680325250563
k__Bacteria;p__Bacteroidetes;c__Bacteroidia;o__Bacteroidales;f__Bacteroidaceae;g__Bacteroides;s__Bacteroides_thetaiotaomicron	0.011914398701	0.00285968292392	0.00199887513372	0.0293787067522	0.016376219026	0.0328767458209	-0.00066271881937	-0.0427551580033	-0.0265392235324	-0.0561333652737	1.0	0.0070503275283	0.0098532481775	-0.0312240137759	-0.106157172942	-0.0386741993887	0.0138888408804	0.0016535240834	-0.0276107895818	0.00581489489716	-0.0131590816875	0.0177871709266	0.013441702462	0.00549836809074	-0.031372644068	0.0149167011781	-0.0678246190466	-0.0393205040435	-0.0265986989315	-0.00197687446699	-0.000920977906527	-0.0275557667084	0.0428733605969	-0.0222848906435	0.031441466577	0.00917638352892	-0.0206224143474	0.0160237592947	-0.00241558055092	-0.00918339062111	0.00491804564118	0.0253858543594	-0.0477207209323	-0.0436855065151	0.0394895155232	-0.0228310053577	-0.00111362533473	-0.0143763037264	0.041505466067	-0.0401567405947	-0.0355563465629	0.00556833915517	-0.00846172194702	0.00116367766771	0.00844085923949	-0.000243973283867	0.00023163500403	0.00143257209994	-0.00901223686623
k__Bacteria;p__Bacteroidetes;c__Bacteroidia;o__Bacteroidales;f__Bacteroidaceae;g__Bacteroides;s__Bacteroides_coprocola	-0.0359638179358	0.0168321470877	-0.0798633446716	-0.0186115313585	-0.0206768342235	-0.00336549517559	-0.00604622905148	0.0226465370556	0.0310561478284	-0.0372718744915	0.0070503275283	1.0	0.0492677120619	-0.00885278975961	-0.0736566739119	0.0100634472742	-0.0168707782573	-0.000747500394464	0.0404860798798	0.0121845718247	-0.0313685266244	-0.000589768608752	-0.00212802749406	-0.000179538018309	-0.00925405018034	-0.0211735336743	-0.0065660608418	0.0715060644084	0.0300580036934	-0.0244842224535	0.00948334780877	0.0212589536522	-0.0147732241987	-0.0583260856369	0.0298493846121	0.00645571462368	-0.011677593217	-0.029067491686	0.000330309459861	-0.0272994795564	0.0556886121919	-0.0601823313716	0.0569780183828	-0.000149076224316	0.0296680948136	-0.0340960301508	0.0166452632211	0.00289823024369	-0.0311387726861	0.0284470749933	-0.0119972093253	0.0131994739093	-0.0316732256738	0.0263902932828	-0.0155261956107	0.049119631843	-0.0409653005901	0.0552812005785	-0.0271079930779
k__Bacteria;p__Bacteroidetes;c__Bacteroidia;o__Bacteroidales;f__Bacteroidaceae;g__Bacteroides;s__Bacteroides_cellulosilyticus	0.0202680894507	-0.0238154980725	0.0165501009147	0.0434693586949	0.00156200345666	0.0568833651246	-0.0205221447153	0.00086028130498	0.0227080661957	-0.00358733609423	0.0098532481775	0.0492677120619	1.0	-0.00385015604195	-0.0448710199967	-0.0624970660417	-0.019019676455	-0.0481583162262	0.0037160925466	0.0588543485179	0.00287964371684	0.0447632212646	-0.050144097342	-0.00150984333972	-0.047851711269	-0.0433152161052	-0.0289173576206	-0.0120817474855	-0.0236860723422	-0.0438962004723	0.0155816138899	0.00403208842932	-0.0450536740518	-0.00477400171214	-0.0269486547115	-0.00183088000655	0.0536576482268	0.00297858943732	0.0136848390085	-0.0800548406846	0.0248057790826	0.00820261425102	-0.00243545844743	-0.00897656451164	-0.0105937070273	0.00546148576551	-0.00785189909376	0.0268416998499	-0.00865557800135	0.0129370706836	-0.0228196162163	-0.0288157484496	-0.0299905684221	-0.0107733627163	-0.0163766020696	-0.0271285847017	-0.00589249116152	0.0420030096243	-0.00807746978853
k__Bacteria;p__Bacteroidetes;c__Bacteroidia;o__Bacteroidales;f__Rikenellaceae;g__Alistipes;s__Alistipes_obesi	0.0199055292189	-0.0416656384058	0.0330195483091	-0.0531540096704	0.0149686804066	-0.0288604258491	0.0546787567026	0.0152553111986	-0.0266890011877	0.00766116779134	-0.0312240137759	-0.00885278975961	-0.00385015604195	1.0	0.0178414819069	-0.0600952246591	-0.0276411644764	-0.0323873948136	-0.0311228405405	-0.0235968662837	0.00585974691511	-0.016652379612	0.0131750993831	0.0272963317452	-0.0238326580908	0.0141277974961	0.0101423990884	-0.00118293936478	0.00717971412977	-0.0251465231103	-0.00116195509884	-0.0395052363036	0.0182927627964	0.0273088383613	0.0175920110006	0.00660084129559	-0.0932647747065	0.00601957037629	0.0071578249082	-0.00641527364537	-0.0182861096233	-0.0372811838949	-0.03625735883	-0.0227434430422	-0.0270511294991	-0.00815397107992	-0.0490209408813	0.00351167597251	0.0239847789617	0.00722376125794	-0.0130379523091	-0.0519050503781	-0.0212051370225	0.0183879174208	-0.0123593748332	-0.0761419476012	0.0444785214598	-0.0172505394969	0.00477525479947
k__Bacteria;p__Firmicutes;c__Clostridia;o__Clostridiales;f__Lachnospiraceae;g__;s__[Eubacterium]_rectale	-0.0244550688201	0.0134149226371	0.0109274330402	-0.0227969982525	-0.010070704162	0.00612991699223	0.000406707333476	-0.0259221078289	0.0487134797298	0.0777975936106	-0.106157172942	-0.0736566739119	-0.0448710199967	0.0178414819069	1.0	-0.0268086752557	-0.0179818292081	-0.0497651813834	-0.0493885074241	-0.0476466539356	0.0266848322665	-0.065122764092	-0.0131342198542	-0.00693163428391	0.0142714155485	-0.0080290920565	-0.0357946367013	0.0228103592223	-0.00851223733586	0.0265502256319	0.0316591019283	-0.0117844666289	0.0177532867214	0.00222009693305	-0.0169274648432	0.0114771624862	-0.0119262142357	-0.00780601367374	-0.0240786305835	0.00856926965047	-0.0187846496291	-0.0306669385571	-0.0225257443131	0.00636101003205	-0.00676412354575	-0.0157693867433	-0.029313854904	0.0228578593569	-0.0421117115689	0.0261477942709	0.00294881864717	0.0127926464991	-0.0746703221609	-0.0425870616029	-0.0261405480351	-0.00390942449901	0.0180842078489	-0.0980505542616	0.0338830109101
k__Bacteria;p__Bacteroidetes;c__Bacteroidia;o__Bacteroidales;f__Bacteroidaceae;g__Bacteroides;s__Bacteroides_plebeius	-0.0770219374818	0.0147920311792	-0.0382006035961	0.0397608040349	-0.00993202586562	0.00494143176701	-0.0906375561887	-0.0155890149593	-0.0410970784901	0.0829035482377	-0.0386741993887	0.0100634472742	-0.0624970660417	-0.0600952246591	-0.0268086752557	1.0	0.0145964598977	-0.0850509497861	0.0265395599736	0.0485502550872	-0.00422430967291	0.0931333782725	-0.0151178399877	-0.0124558381579	0.0472316329577	-0.0314112266046	-0.0221676888037	0.0391386659588	-0.0136154133539	0.0227105570522	-0.0502185884624	0.016977788309	-0.0215088822981	-0.0618845769782	-0.00829621688091	0.034475230595	0.00990879326829	-0.0264293083953	-0.0201292182199	0.00392583638869	-0.00418629691129	0.0353646190437	-0.0135543119703	0.0666543460624	0.0430659421693	-0.0895942216061	-0.0731166638574	0.00983128983534	-0.0429723821624	-0.0200901691392	0.0132491434591	-0.038423268739	0.0217542588289	-0.0208609806302	0.0619328204636	-0.00308211192313	-0.0426506657083	-0.0259453206391	-0.0807840054782
k__Bacteria;p__Bacteroidetes;c__Bacteroidia;o__Bacteroidales;f__Bacteroidaceae;g__Bacteroides;s__Bacteroides_fragilis	-0.0190364391232	0.0354837528355	-0.00178343251852	0.0130346973447	-0.0463554086187	0.0308681994788	-0.0486786334496	-0.0244180478676	0.012359980846	-0.0443816558131	0.0138888408804	-0.0168707782573	-0.019019676455	-0.0276411644764	-0.0179818292081	0.0145964598977	1.0	-0.0175485577884	-0.0219154518387	-0.0316729615159	-0.0131928334538	-0.0225101604363	0.0212068347385	-0.00835164460183	-0.00743868649987	-0.0112520653354	0.00970152882295	0.0237497262015	-0.0505245283846	0.00382485521118	-0.0105025230201	0.0157194878037	0.0498792434109	0.00609744630797	-0.0478597576652	-0.0176109119277	-0.0359219152004	0.0450560607077	-0.0122900986741	0.0609699860685	-0.00907489021663	0.0303908344021	0.0791476448908	-0.019823156043	-0.0096622115262	-0.0452730718304	0.00858756352454	0.0243368132113	0.068435742012	-0.0385122637128	-0.0168130252977	0.00589430737532	0.0102048499561	-0.0455631310212	-0.0331742160112	0.0327708466873	-0.0638859969412	-0.00526443980382	0.000650761073449
k__Bacteria;p__Proteobacteria;c__Betaproteobacteria;o__Burkholderiales;f__Sutterellaceae;g__Sutterella;s__Sutterella_wadsworthensis	0.0390280925391	-0.0269852132604	-0.0167563664394	0.0347543983064	-0.0614627414801	-0.0252237424771	-0.0407943247496	-0.00510045772979	-0.0355610168173	-0.0190049106505	0.0016535240834	-0.000747500394464	-0.0481583162262	-0.0323873948136	-0.0497651813834	-0.0850509497861	-0.0175485577884	1.0	0.0247468723618	-0.0504109370312	0.0824989915517	0.0223825614266	-0.0539559217323	0.0553301892509	-0.0381826039745	-0.00157442438102	-0.0776117534991	-0.0226021139631	0.0222749901793	0.0121743458745	0.0227503306659	-0.00862068088979	-0.0487435363034	-0.00567089268594	-0.013110085796	0.0295721563376	-0.0443828704991	0.034013212759	-0.0152570434711	0.0171784133499	0.0443288608014	-0.0281472282077	-0.027861731378	0.00551109208325	0.00651009697279	0.00352498378251	-0.0253588835465	-0.0103845430858	0.0533673267091	0.0203356344504	-0.0542701427043	0.0480023593645	0.0214932585769	0.00553729984871	-0.0888668530446	-0.0155399157661	0.0640460128028	-0.0351982626473	-0.0351050717351
k__Bacteria;p__Bacteroidetes;c__Bacteroidia;o__Bacteroidales;f__Porphyromonadaceae;g__Barnesiella;s__Barnesiella_intestinihominis	0.00284227485391	0.00978872155696	0.00956025085541	-0.0478090170558	0.0412481480487	-0.0349326670501	0.00989997298752	-0.0221570156114	0.000776018521923	0.0342669221147	-0.0276107895818	0.0404860798798	0.0037160925466	-0.0311228405405	-0.0493885074241	0.0265395599736	-0.0219154518387	0.0247468723618	1.0	0.020782567438	0.044130775836	-0.0354878790529	-0.0550346549164	0.0263905663283	-0.0533596225531	-0.0215970716369	-0.0403631107512	-0.0357977687507	-0.00885747084072	0.0415228434061	-0.0220390012472	0.0140624257022	-0.0479125509678	-0.0881996564039	0.0307939389642	0.0716148022459	0.0116851303216	0.00976182709053	0.0120619699377	0.015821756476	-0.0631912301938	0.0507976115902	-0.00023235693792	0.02136340039	-0.0181445511817	0.10051233152	-0.0339956806847	0.0234743114036	0.0183917390684	0.0131794605095	0.0294400332478	0.021053903292	-0.0557911967357	-0.0199065108029	-0.0425819859599	0.000363157595536	-0.01556646494	0.0283418696676	-0.0467949831383
k__Bacteria;p__Bacteroidetes;c__Bacteroidia;o__Bacteroidales;f__Odoribacteraceae;g__Odoribacter;s__Odoribacter_splanchnicus	-0.0474274242804	-0.007407766864	0.00432393170773	0.0293606808332	0.0148895608765	-0.0175008205789	-0.015542872849	-0.048323291052	-0.0329643571704	-0.0112199675523	0.00581489489716	0.0121845718247	0.0588543485179	-0.0235968662837	-0.0476466539356	0.0485502550872	-0.0316729615159	-0.0504109370312	0.020782567438	1.0	-0.0431990543042	-0.0184480504838	-0.0254639459791	0.0417889236677	-0.0331912509459	0.0376383446386	0.00189496615256	0.00600965610387	0.0224338971118	0.0182559246737	-0.00257527658221	-0.0648051562506	-0.0226797309205	0.0364498626639	0.0225797047513	-0.0309193296845	0.00065342242756	0.0178588893775	-0.0238451071555	-0.0440446279847	-0.0398666715974	-0.00848356890253	-0.0628272830258	0.0178723921482	-0.0441648125924	0.0453259501289	0.0704237095992	-0.0335056385949	-0.0254657735707	0.0251092190947	-0.0216955300381	0.0350905645144	-0.0152326635252	-0.0137969447224	0.0260737387507	0.0523545998003	-0.0603720538395	-0.0261762803356	0.00864990403696
k__Bacteria;p__Bacteroidetes;c__Bacteroidia;o__Bacteroidales;f__Bacteroidaceae;g__Bacteroides;s__Bacteroides_salyersiae	0.0112778630439	-0.0462511774606	-0.0211406922597	-0.0486588505374	0.0317961601056	0.0265478640882	0.0104296329631	0.0319234218829	0.0165005722554	-0.00272871057742	-0.0131590816875	-0.0313685266244	0.00287964371684	0.00585974691511	0.0266848322665	-0.00422430967291	-0.0131928334538	0.0824989915517	0.044130775836	-0.0431990543042	1.0	-0.0272620613858	-0.0542271747964	0.00476416702313	0.0151623962745	-0.038298199608	0.0116114280691	0.0176187536112	0.005195366093	-0.0383973600037	-0.0333640896133	0.0372057135846	0.0156050157303	-0.0226233244455	0.0422637690432	0.0122206535797	-0.0366002544785	-0.0304969715961	-0.0118501350553	-0.0270809044754	0.0189721431692	0.000178353468231	-0.0312424764105	0.0552335409011	-0.022710456997	-0.0391112642301	0.0478781772706	-0.0522363986276	-0.0344599150616	-0.0137128932861	0.00360663429023	-0.0451407732678	-0.0504447274061	-0.0498939513617	-0.0482971551024	-0.0582319716018	0.0149005180811	-0.0273018491517	0.0303098646795
k__Bacteria;p__Firmicutes;c__Clostridia;o__Clostridiales;f__Ruminococcaceae;g__Ruminiclostridium;s__[Eubacterium]_siraeum	5.9345057591e-05	-0.0906934567056	-0.0245388440507	0.0126519192319	0.0290918679546	-0.0270813627377	-0.0144249431937	-0.00390456821697	0.0058711225349	0.017139406133	0.0177871709266	-0.000589768608752	0.0447632212646	-0.016652379612	-0.065122764092	0.0931333782725	-0.0225101604363	0.0223825614266	-0.0354878790529	-0.0184480504838	-0.0272620613858	1.0	0.0342769478953	-0.0730363273389	0.0282563839576	0.0159804608076	0.0235961408583	-0.0588058334775	-0.0195046934479	-0.0222469249651	0.00808313068145	0.0288058374467	0.00204238340302	-0.00938109864801	-0.0270739700823	-0.0239373399533	-0.00561081939964	0.0305150882605	0.0439361680242	-0.000735186422166	-0.0220853578737	-0.0288947615427	-0.0260017236059	0.00528397284633	-0.0185916258334	-0.0367824088605	-0.0377083290823	0.0262765258199	0.00930617503539	0.02946688712	-0.0716522946183	-0.00208081491898	-0.0464811734749	-0.0308168280996	-0.0517086003374	-0.0138390870778	0.000390409470215	0.0286039719654	0.0300414277124
k__Bacteria;p__Proteobacteria;c__Betaproteobacteria;o__Burkholderiales;f__Sutterellaceae;g__Parasutterella;s__Parasutterella_excrementihominis	0.0262054165908	0.0101433043911	-0.023584749856	0.00556010650748	-0.0128538567319	-0.00631280851753	-0.0122707749731	-0.0141114277088	-0.0245188778124	-0.0306521431825	0.013441702462	-0.00212802749406	-0.050144097342	0.0131750993831	-0.0131342198542	-0.0151178399877	0.0212068347385	-0.0539559217323	-0.0550346549164	-0.0254639459791	-0.0542271747964	0.0342769478953	1.0	-0.0960825634825	-0.016528195184	-0.0150026037655	0.0145620816422	0.0190175573504	-0.0218444556682	-0.0155732123082	-0.0479840385924	0.00230574446057	-0.0238141191901	-0.00963046706063	-0.000806749100504	0.00665317242218	-0.0179699412044	-0.0128651371969	0.0346961441951	0.000932712385123	0.0191018731815	0.00990346421056	0.042887791638	-0.00832061709539	0.0233537120175	-0.0279104808053	0.0541853171749	-0.0575578701258	-0.0533825971908	0.00337775948043	0.00842806376646	-0.00178051729532	-0.0203854248408	0.000182124040804	0.0209822515106	0.0166107024885	0.00595405226561	-0.00756619646636	0.00327492029165
k__Bacteria;p__Actinobacteria;c__Actinobacteria;o__Bifidobacteriales;f__Bifidobacteriaceae;g__Bifidobacterium;s__Bifidobacterium_adolescentis	0.0276256995665	-0.0161414455753	0.0109984295506	0.0491580756131	-0.0557964964713	0.0273578251495	0.0203664501157	0.0413211880531	0.00332473766192	0.00284345205013	0.00549836809074	-0.000179538018309	-0.00150984333972	0.0272963317452	-0.00693163428391	-0.0124558381579	-0.00835164460183	0.0553301892509	0.0263905663283	0.0417889236677	0.00476416702313	-0.0730363273389	-0.0960825634825	1.0	-0.018189222974	-0.00439420245524	0.00128421260678	-0.0695841615929	-0.0118632393411	-0.0238473834745	0.0293522474053	-0.0364502330453	0.00726257657428	-0.0420486996221	-0.00778360465969	-0.0207752924144	-0.00378767646026	-0.0378794587604	0.0672447945868	0.0122552708373	-0.0770842917609	0.0202800147017	0.0173527056563	0.0455350539061	0.0197780397444	0.00691102361649	0.016905944453	-0.0412621125855	-0.0392921956004	-0.0472443852592	0.0131376219234	0.0120175780236	-0.0161387594409	0.05958479638	-0.0437329314789	0.0198805206007	0.0243179384431	-0.0370030571618	-0.0606721798421
k__Bacteria;p__Firmicutes;c__Clostridia;o__Clostridiales;f__Oscillospiraceae;g__Oscillibacter;s__Oscillibacter_sp._KLE_1745	0.0270083936688	0.0239464417517	-0.0185610786379	-0.000890752240129	-0.0547384243446	0.01426318659	0.00779975363466	0.0216495335844	0.0181673284176	0.0287371596419	-0.031372644068	-0.00925405018034	-0.047851711269	-0.0238326580908	0.0142714155485	0.0472316329577	-0.00743868649987	-0.0381826039745	-0.0533596225531	-0.0331912509459	0.0151623962745	0.0282563839576	-0.016528195184	-0.018189222974	1.0	-0.0382699665012	-0.0335731219168	-0.0454679923156	0.0247032309825	0.070713862833	-0.0510239459828	-0.00904238269203	0.0323500805589	-0.085560666381	-0.0104399407285	0.0294006991479	0.0362177151304	-0.00413571728959	-0.0216673270828	-0.0314181937476	-0.0437307443229	-0.086760208052	-0.0242449107561	-0.0113716897635	-0.0352841346071	-0.0421514664574	0.00818179334947	-0.0484646035528	0.0169747628252	0.0053326929347	-0.0220054982507	0.0401380412605	-0.0664930668182	0.0494446194628	-0.0322912489787	-0.00103248978169	0.0200705232951	0.00654397932321	-0.0299750922102
k__Bacteria;p__Bacteroidetes;c__Bacteroidia;o__Bacteroidales;f__Bacteroidaceae;g__Bacteroides;s__Bacteroides_coprophilus	0.0115174410497	0.0239056356783	0.0326469651328	-0.0168414419024	-0.0236913707256	-0.0236333849677	0.0118592853174	-0.0655590615362	0.0340758302083	0.0242451473086	0.0149167011781	-0.0211735336743	-0.0433152161052	0.0141277974961	-0.0080290920565	-0.0314112266046	-0.0112520653354	-0.00157442438102	-0.0215970716369	0.0376383446386	-0.038298199608	0.0159804608076	-0.0150026037655	-0.00439420245524	-0.0382699665012	1.0	-0.0317905781245	-0.0435976978927	-0.00564946918499	0.0474514124325	-0.0164861654399	0.0239111984163	0.0373458993981	-0.0101948315639	-0.0130202087588	-0.0132919040165	0.0343650564479	-0.0482940189132	0.0397451753341	-0.0258590446217	0.0398652077009	-0.0820038094544	0.00410787070391	0.0338709413872	-0.0389265712595	-0.0222830186113	0.0223953396555	-0.0395785014988	-0.0213203463432	0.00194210703001	-0.0540045971606	0.0156564489065	0.040889238212	-0.00871321341683	-0.0289929353961	0.0654469999843	0.0172497812325	0.0128327092862	0.00865472993457
k__Bacteria;p__Firmicutes;c__Clostridia;o__Clostridiales;f__Lachnospiraceae;g__Roseburia;s__Roseburia_intestinalis	0.0356130543323	-0.0513495458375	-0.0205698284546	-0.0353054412016	-0.0497972520111	0.015997306279	0.00236630588524	0.0220865179511	-0.0604167139702	-0.00211107767654	-0.0678246190466	-0.0065660608418	-0.0289173576206	0.0101423990884	-0.0357946367013	-0.0221676888037	0.00970152882295	-0.0776117534991	-0.0403631107512	0.00189496615256	0.0116114280691	0.0235961408583	0.0145620816422	0.00128421260678	-0.0335731219168	-0.0317905781245	1.0	-0.00972917780282	-0.00330539996676	-0.0518758596724	0.0162426795357	-0.0391116153223	0.0354449092314	0.0323949503198	0.0337552963411	0.00654620674776	-0.0318942656376	-0.0223433282155	0.0252451349095	0.0847793896164	-0.0382811895479	-0.0571819649709	0.0430829078497	-0.0373740920625	0.0532890561908	-0.0673408857099	-0.0199109611745	-0.0138302283616	0.00530629039654	-0.0159074663704	0.00952744069554	-0.000558096808841	0.0663690233568	0.0200957917396	-0.0294205162022	-0.0334730471217	0.00593768611933	-0.0219041938582	-0.0179654633637
k__Bacteria;p__Firmicutes;c__Clostridia;o__Clostridiales;f__Lachnospiraceae;g__Roseburia;s__Roseburia_hominis	0.0265101632792	0.0313626732579	0.0343952448705	-0.0676269374586	0.0323061694592	-0.0744417078894	-0.0240623847803	0.0219311774647	0.0452582658208	0.0371396422226	-0.0393205040435	0.0715060644084	-0.0120817474855	-0.00118293936478	0.0228103592223	0.0391386659588	0.0237497262015	-0.0226021139631	-0.0357977687507	0.00600965610387	0.0176187536112	-0.0588058334775	0.0190175573504	-0.0695841615929	-0.0454679923156	-0.0435976978927	-0.00972917780282	1.0	-0.0896248516696	0.0273811497371	0.0267805433705	0.0196769545919	0.0375664333069	-0.0161288105821	-0.0133882614935	-0.0238536344812	-0.0132520322678	-0.0305345042411	-0.00792383192355	-0.0176504654291	0.00482744159677	0.00839828367299	0.00933503600462	-0.0569828439196	-0.0253288566874	-0.00174927736946	-0.0575857787606	-0.0195946544632	0.0400457501459	0.0103245869611	0.0425048878796	0.0132712921528	0.00901704000872	-0.0275652415876	0.0118200798486	-0.0283495065575	-0.00611576079135	0.0691590162796	-0.0508464544143
k__Bacteria;p__Bacteroidetes;c__Bacteroidia;o__Bacteroidales;f__Porphyromonadaceae;g__Parabacteroides;s__Parabacteroides_johnsonii	-0.068087100952	-0.0330662420439	0.0200820440145	-0.0213972253488	0.0110647277044	0.0549831893813	-0.06981954039	0.00996305018523	-0.00652661835387	0.010314546869	-0.0265986989315	0.0300580036934	-0.0236860723422	0.00717971412977	-0.00851223733586	-0.0136154133539	-0.0505245283846	0.0222749901793	-0.00885747084072	0.0224338971118	0.005195366093	-0.0195046934479	-0.0218444556682	-0.0118632393411	0.0247032309825	-0.00564946918499	-0.00330539996676	-0.0896248516696	1.0	0.032435991007	-0.00537805780745	-0.0322594955713	0.0134618098426	0.0920276720927	-0.0230698101516	0.0161233857313	-0.0325177105809	-0.019809796903	0.0407497206257	-0.0272187013234	-0.0349416104481	-0.0206614360678	-0.0160831864676	-0.0146330438542	0.0036489852278	-0.0368458955545	-0.0018984228692	-0.00361311674994	-0.0738012350071	-0.0696935224964	-0.0464851245113	-0.0544788985366	-0.0284135066169	-0.00531086233837	-0.000143061264573	-0.0497623993955	-0.0240622269411	0.0208947603392	0.00611110557704
k__Bacteria;p__Actinobacteria;c__Actinobacteria;o__Bifidobacteriales;f__Bifidobacteriaceae;g__Bifidobacterium;s__Bifidobacterium_longum	-0.0550062357162	0.0474001987008	0.0150522704419	0.0181049259758	-0.112419372524	0.0186016383698	0.0092893571854	0.019272631367	-0.0419476558844	0.0307910785953	-0.00197687446699	-0.0244842224535	-0.0438962004723	-0.0251465231103	0.0265502256319	0.0227105570522	0.00382485521118	0.0121743458745	0.0415228434061	0.0182559246737	-0.0383973600037	-0.0222469249651	-0.0155732123082	-0.0238473834745	0.070713862833	0.0474514124325	-0.0518758596724	0.0273811497371	0.032435991007	1.0	0.00990783511599	-0.0102056646162	-0.0446098156129	0.0198604987479	-0.058070419574	-0.0100061865696	-0.00347168770954	0.00713584153749	-0.0266157672965	-0.011114866626	0.0103131446299	-0.00156090291772	-0.0558734161962	-0.0392254590462	-0.0285443355062	-0.00371418740205	0.0226847003385	-0.0138626774212	-0.0899865713359	-0.0107938031438	-0.0447304784307	0.0132397645257	0.0159941843374	0.00155732676871	0.000543687606382	-0.0309595157137	0.00867580613476	0.0134940346459	0.0660168956735
