#taxonomy	k__Bacteria;p__Bacteroidetes;c__Bacteroidia;o__Bacteroidales;f__Bacteroidaceae;g__Bacteroides;s__Bacteroides_vulgatus	k__Bacteria;p__Bacteroidetes;c__Bacteroidia;o__Bacteroidales;f__Bacteroidaceae;g__Bacteroides;s__Bacteroides_uniformis	k__Bacteria;p__Bacteroidetes;c__Bacteroidia;o__Bacteroidales;f__Rikenellaceae;g__Alistipes;s__Alistipes_putredinis	k__Bacteria;p__Bacteroidetes;c__Bacteroidia;o__Bacteroidales;f__Prevotellaceae;g__Prevotella;s__Prevotella_copri	k__Bacteria;p__Bacteroidetes;c__Bacteroidia;o__Bacteroidales;f__Bacteroidaceae;g__Bacteroides;s__Bacteroides_stercoris	k__Bacteria;p__Bacteroidetes;c__Bacteroidia;o__Bacteroidales;f__Bacteroidaceae;g__Bacteroides;s__Bacteroides_ovatus	k__Bacteria;p__Bacteroidetes;c__Bacteroidia;o__Bacteroidales;f__Rikenellaceae;g__Alistipes;s__Alistipes_shahii	k__Bacteria;p__Firmicutes;c__Clostridia;o__Clostridiales;f__Ruminococcaceae;g__Faecalibacterium;s__Faecalibacterium_prausnitzii	k__Bacteria;p__Bacteroidetes;c__Bacteroidia;o__Bacteroidales;f__Rikenellaceae;g__Alistipes;s__Alistipes_finegoldii	k__Bacteria;p__Bacteroidetes;c__Bacteroidia;o__Bacteroidales;f__Porphyromonadaceae;g__Parabacteroides;s__Parabacteroides_distasonis	k__Bacteria;p__Bacteroidetes;c__Bacteroidia;o__Bacteroidales;f__Bacteroidaceae;g__Bacteroides;s__Bacteroides_thetaiotaomicron	k__Bacteria;p__Bacteroidetes;c__Bacteroidia;o__Bacteroidales;f__Bacteroidaceae;g__Bacteroides;s__Bacteroides_coprocola	k__Bacteria;p__Bacteroidetes;c__Bacteroidia;o__Bacteroidales;f__Bacteroidaceae;g__Bacteroides;s__Bacteroides_cellulosilyticus	k__Bacteria;p__Bacteroidetes;c__Bacteroidia;o__Bacteroidales;f__Rikenellaceae;g__Alistipes;s__Alistipes_obesi	k__Bacteria;p__Firmicutes;c__Clostridia;o__Clostridiales;f__Lachnospiraceae;g__;s__[Eubacterium]_rectale	k__Bacteria;p__Bacteroidetes;c__Bacteroidia;o__Bacteroidales;f__Bacteroidaceae;g__Bacteroides;s__Bacteroides_plebeius	k__Bacteria;p__Bacteroidetes;c__Bacteroidia;o__Bacteroidales;f__Bacteroidaceae;g__Bacteroides;s__Bacteroides_fragilis	k__Bacteria;p__Proteobacteria;c__Betaproteobacteria;o__Burkholderiales;f__Sutterellaceae;g__Sutterella;s__Sutterella_wadsworthensis	k__Bacteria;p__Bacteroidetes;c__Bacteroidia;o__Bacteroidales;f__Porphyromonadaceae;g__Barnesiella;s__Barnesiella_intestinihominis	k__Bacteria;p__Bacteroidetes;c__Bacteroidia;o__Bacteroidales;f__Odoribacteraceae;g__Odoribacter;s__Odoribacter_splanchnicus	k__Bacteria;p__Bacteroidetes;c__Bacteroidia;o__Bacteroidales;f__Bacteroidaceae;g__Bacteroides;s__Bacteroides_salyersiae	k__Bacteria;p__Firmicutes;c__Clostridia;o__Clostridiales;f__Ruminococcaceae;g__Ruminiclostridium;s__[Eubacterium]_siraeum	k__Bacteria;p__Proteobacteria;c__Betaproteobacteria;o__Burkholderiales;f__Sutterellaceae;g__Parasutterella;s__Parasutterella_excrementihominis	k__Bacteria;p__Actinobacteria;c__Actinobacteria;o__Bifidobacteriales;f__Bifidobacteriaceae;g__Bifidobacterium;s__Bifidobacterium_adolescentis	k__Bacteria;p__Firmicutes;c__Clostridia;o__Clostridiales;f__Oscillospiraceae;g__Oscillibacter;s__Oscillibacter_sp._KLE_1745	k__Bacteria;p__Bacteroidetes;c__Bacteroidia;o__Bacteroidales;f__Bacteroidaceae;g__Bacteroides;s__Bacteroides_coprophilus	k__Bacteria;p__Firmicutes;c__Clostridia;o__Clostridiales;f__Lachnospiraceae;g__Roseburia;s__Roseburia_intestinalis	k__Bacteria;p__Firmicutes;c__Clostridia;o__Clostridiales;f__Lachnospiraceae;g__Roseburia;s__Roseburia_hominis	k__Bacteria;p__Bacteroidetes;c__Bacteroidia;o__Bacteroidales;f__Porphyromonadaceae;g__Parabacteroides;s__Parabacteroides_johnsonii	k__Bacteria;p__Actinobacteria;c__Actinobacteria;o__Bifidobacteriales;f__Bifidobacteriaceae;g__Bifidobacterium;s__Bifidobacterium_longum	k__Bacteria;p__Firmicutes;c__Clostridia;o__Clostridiales;f__;g__Flavonifractor;s__Flavonifractor_plautii	k__Bacteria;p__Firmicutes;c__Clostridia;o__Clostridiales;f__Clostridiaceae;g__Clostridium;s__Clostridium_phoceensis	k__Bacteria;p__Verrucomicrobia;c__Verrucomicrobiae;o__Verrucomicrobiales;f__Akkermansiaceae;g__Akkermansia;s__Akkermansia_muciniphila	k__Bacteria;p__Bacteroidetes;c__Bacteroidia;o__Bacteroidales;f__Prevotellaceae;g__Paraprevotella;s__Paraprevotella_xylaniphila	k__Bacteria;p__Firmicutes;c__Clostridia;o__Clostridiales;f__Ruminococcaceae;g__Ruminococcus;s__Ruminococcus_callidus	k__Bacteria;p__Bacteroidetes;c__Bacteroidia;o__Bacteroidales;f__Rikenellaceae;g__Alistipes;s__Alistipes_senegalensis	k__Bacteria;p__Firmicutes;c__Clostridia;o__Clostridiales;f__Lachnospiraceae;g__Blautia;s__Blautia_sp._KLE_1732	k__Bacteria;p__Bacteroidetes;c__Bacteroidia;o__Bacteroidales;f__Bacteroidaceae;g__Bacteroides;s__Bacteroides_oleiciplenus	k__Bacteria;p__Firmicutes;c__Clostridia;o__Clostridiales;f__Ruminococcaceae;g__Ruminococcus;s__Ruminococcus_bicirculans	k__Bacteria;p__Bacteroidetes;c__Bacteroidia;o__Bacteroidales;f__Bacteroidaceae;g__Bacteroides;s__Bacteroides_fluxus	k__Bacteria;p__Bacteroidetes;c__Bacteroidia;o__Bacteroidales;f__Prevotellaceae;g__Prevotella;s__Prevotella_stercorea	k__Bacteria;p__Firmicutes;c__Clostridia;o__Clostridiales;f__Lachnospiraceae;g__Dorea;s__Dorea_longicatena	k__Bacteria;p__Firmicutes;c__Clostridia;o__Clostridiales;f__Eubacteriaceae;g__Eubacterium;s__[Eubacterium]_eligens	k__Bacteria;p__Firmicutes;c__Clostridia;o__Clostridiales;f__Ruminococcaceae;g__;s__Ruminococcaceae_bacterium_D16	k__Bacteria;p__Firmicutes;c__Clostridia;o__Clostridiales;f__Lachnospiraceae;g__Coprococcus;s__Coprococcus_comes	k__Bacteria;p__Proteobacteria;c__Gammaproteobacteria;o__Enterobacterales;f__Enterobacteriaceae;g__Escherichia;s__Escherichia_coli	k__Bacteria;p__Firmicutes;c__Clostridia;o__Clostridiales;f__Ruminococcaceae;g__Anaerotruncus;s__Anaerotruncus_colihominis	k__Bacteria;p__Firmicutes;c__Clostridia;o__Clostridiales;f__Lachnospiraceae;g__Blautia;s__Blautia_obeum	k__Bacteria;p__Bacteroidetes;c__Bacteroidia;o__Bacteroidales;f__Odoribacteraceae;g__Odoribacter;s__Odoribacter_laneus	k__Bacteria;p__Firmicutes;c__Clostridia;o__Clostridiales;f__Ruminococcaceae;g__Ruminiclostridium;s__[Clostridium]_leptum	k__Bacteria;p__Bacteroidetes;c__Bacteroidia;o__Bacteroidales;f__Porphyromonadaceae;g__Parabacteroides;s__Parabacteroides_goldsteinii	k__Bacteria;p__Firmicutes;c__Clostridia;o__Clostridiales;f__Lachnospiraceae;g__Anaerostipes;s__Anaerostipes_hadrus	k__Bacteria;p__Firmicutes;c__Clostridia;o__Clostridiales;f__Ruminococcaceae;g__Ruminococcus;s__Ruminococcus_lactaris	k__Bacteria;p__Firmicutes;c__Clostridia;o__Clostridiales;f__Clostridiaceae;g__Clostridium;s__Clostridium_sp._L2-50	k__Bacteria;p__Firmicutes;c__Clostridia;o__Clostridiales;f__Clostridiaceae;g__Clostridium;s__Clostridium_sp._M62/1	k__Bacteria;p__Firmicutes;c__Clostridia;o__Clostridiales;f__;g__Intestinimonas;s__Intestinimonas_butyriciproducens	k__Bacteria;p__Actinobacteria;c__Actinobacteria;o__Bifidobacteriales;f__Bifidobacteriaceae;g__Bifidobacterium;s__Bifidobacterium_bifidum	k__Bacteria;p__Firmicutes;c__Negativicutes;o__Veillonellales;f__Veillonellaceae;g__Dialister;s__Dialister_invisus	k__Bacteria;p__Bacteroidetes;c__Bacteroidia;o__Bacteroidales;f__Bacteroidaceae;g__Bacteroides;s__Bacteroides_salanitronis
k__Bacteria;p__Bacteroidetes;c__Bacteroidia;o__Bacteroidales;f__Bacteroidaceae;g__Bacteroides;s__Bacteroides_vulgatus	1.0	-0.026052817893	-0.00148705171272	-0.00492792634392	-0.0503285076546	-0.0294308794981	-0.0144358355615	0.0321421177754	0.0270998365348	0.0137505710167	-0.00711133343346	-0.0183905973888	0.0072744801929	-0.0217716802199	0.0673244731109	-0.0146606305829	-0.0430592115723	-0.0660653090973	-0.0155541025253	0.0260272780677	0.03743812413	0.0362529212918	-0.0326270801059	0.0527965959411	-0.0218592660563	-0.0379656949897	-0.021246320203	-0.0136286037827	0.0457608923398	-0.0234713962091	-0.00996715538994	-0.00296443532749	-0.0152861643128	-0.017306363868	-0.0464913799703	0.00389588321229	-0.0411500451178	0.00329194925379	0.0102976675401	0.0367197203367	0.0164053829184	0.0338697610391	-0.00106937496619	-0.00352995248064	-0.0371876889841	0.00091522390766	0.0274308487771	-0.00843647202152	0.0126301821554	0.00505601438145	-0.0499537422513	0.0021549935163	0.0368195949929	-0.019168174245	-0.0416931048332	0.0220801114828	0.0152674104765	-0.00298116904457	0.0283796451165
k__Bacteria;p__Bacteroidetes;c__Bacteroidia;o__Bacteroidales;f__Bacteroidaceae;g__Bacteroides;s__Bacteroides_uniformis	-0.026052817893	1.0	-0.109994906918	-0.00402621387565	0.0436446508026	0.0739340749788	0.0201588742532	-0.0453608411608	-0.019705127638	-0.0204025356779	0.0232777992186	-0.0637244579268	0.0288041136214	0.034892623861	-0.00186843489853	-0.0243255892808	0.0278305982476	-0.0276322209441	-0.0391916587616	0.0443395298383	-0.0253961696526	-0.0108716448579	0.046510698035	0.0279353302325	0.0103268803481	-0.0161117369558	-0.0208826179235	-0.0167589280061	-0.0702719926375	0.0407107969713	0.0586905198382	0.0171461212973	-0.00430077863109	0.024343456909	-0.0435384302217	-0.019298798549	0.0402391264722	0.0279487603048	-0.00361382797656	0.0143039170953	-0.0241386838244	0.016509218368	0.0499196464754	-0.0334647047641	0.0243100804007	-0.0514467500699	-0.0182454014225	-0.0396749559235	0.0238552573432	0.0141478071351	0.0587185160773	-0.045842257726	-0.0118830620207	0.0095364049497	0.00473019828701	-0.0564373005841	-0.0132070773913	0.0322509272878	-0.0725474486894
k__Bacteria;p__Bacteroidetes;c__Bacteroidia;o__Bacteroidales;f__Rikenellaceae;g__Alistipes;s__Alistipes_putredinis	-0.00148705171272	-0.109994906918	1.0	-0.0192971254041	-0.0179955964202	-0.0780356169065	-0.0386167936037	-0.0959484709259	0.0390301321756	0.0111587950722	-0.00887071531749	-0.00582410008473	-0.0177840867437	0.00836519339047	-0.0279512931693	-0.029690973748	0.0303137450236	-0.00702265023836	-0.000384399040152	-0.00988706452492	0.0805783831154	0.0111879694387	0.0414959261675	0.0270623571852	-0.0100615945455	-0.0576392516781	-0.018049284661	-0.0377638407349	0.0260056860289	-0.0201458710973	-0.0348234426641	0.0647855887636	0.00514309567111	-0.0495036323318	-0.00718688398936	-0.0206923493773	0.0703032969249	0.0232859775801	0.0343889127827	-0.0699716978659	-0.0246245497187	-0.028842835297	-0.00228819815299	0.0121885481883	-0.0315200670613	-0.0213239071813	0.0187817317331	-0.0701419058161	0.0367139893248	0.00403292944532	-0.0207899288176	-0.072313190364	-0.0471363920592	0.0203522765705	-0.0574562902876	0.000559782903454	-0.0531986276469	-0.0428557644329	0.0757701678661
k__Bacteria;p__Bacteroidetes;c__Bacteroidia;o__Bacteroidales;f__Prevotellaceae;g__Prevotella;s__Prevotella_copri	-0.00492792634392	-0.00402621387565	-0.0192971254041	1.0	-0.0544016965511	0.0439175532982	0.00478318333035	-0.0158125423316	0.0206961546961	0.00338939160991	-0.0186545909403	-0.0182072867185	-0.0185986549282	-0.0738845966069	-0.0605275232682	-0.00522776021554	-0.0280843400326	-0.00504349024667	-0.0178103189217	-0.0101917035282	-0.0334425923401	0.0195955578685	-0.063142423084	0.025949426951	-0.00258991846132	-0.0291264287167	-0.00589822658849	-0.0568977526151	0.00960329084104	-0.0577355480761	-0.0174473088056	-0.00277571972863	0.0495261617147	-0.0124948164443	-0.0130192151929	-0.00571414259696	0.00524168348159	-0.0356733183659	-0.0291353409515	-0.00615528820557	-0.00402227785935	0.00948362422825	0.0096123665659	-0.0808717395757	-0.00665441666929	0.0080154434628	0.0259622938316	0.0702104928989	0.0210024569681	-0.0519468056665	0.0188398229222	-0.00426279233097	0.0228123061683	0.0437337258626	-0.0160353622647	0.0388323431547	0.0172470673103	-0.00272430361234	-0.0607618841388
k__Bacteria;p__Bacteroidetes;c__Bacteroidia;o__Bacteroidales;f__Bacteroidaceae;g__Bacteroides;s__Bacteroides_stercoris	-0.0503285076546	0.0436446508026	-0.0179955964202	-0.0544016965511	1.0	-0.00489969721614	0.0291056178869	3.6825261866e-05	0.064465615761	-0.00553443671061	0.00279105512951	-0.0410023160591	0.018962733582	-0.0930493624418	-0.0566901152916	-0.0279857474477	-0.0293233909576	-0.0152168685213	0.0378878462578	0.0161551915573	-0.00184768956745	-0.0230095432107	-0.00789984735597	-0.00983745788209	0.0372193012183	0.0433205045177	0.0425308580035	-0.0907011157394	0.0209054658399	-0.000281905951805	-0.00156165737847	0.0277695863718	-0.0361377522987	0.0128545448019	-0.0750218569692	-0.0045665292125	-0.0152322559803	0.045868422121	0.0168146247093	0.0184387766659	0.00817021942533	-0.0136786745209	-0.0627991052335	-0.0117682482439	0.0105287610678	0.0064175528493	-0.0222911270391	-0.0288188902595	0.000530210314483	0.00189450425497	-0.0115722040026	0.000716678920931	-0.0105838251527	-0.0110946829764	-0.0292938452895	-0.0975495395764	-0.0318392319957	0.0638011603926	0.00056717513621
k__Bacteria;p__Bacteroidetes;c__Bacteroidia;o__Bacteroidales;f__Bacteroidaceae;g__Bacteroides;s__Bacteroides_ovatus	-0.0294308794981	0.0739340749788	-0.0780356169065	0.0439175532982	-0.00489969721614	1.0	0.0224973582755	-0.0379035689564	0.00492155933748	-0.0323331169797	0.00677419419901	-0.00839186183629	0.032195652885	-0.0229026456911	-0.00624342863081	-0.0249361301295	-0.0290613421917	-0.0260872265073	-0.0282589800528	0.00176021170713	-0.0738778975553	-0.00583428843059	-0.0060924782584	-0.0299421501219	0.020963382821	-0.000347634470015	-0.0488620044118	0.0504278017694	0.00732501218721	-0.00101601020167	0.0241263261933	-0.0325312458681	0.0687460359506	-0.0487930677702	0.0193390914976	-0.00751804551141	0.0080612021704	-0.00390499263108	-0.0192846798816	0.0386453767152	-0.0825931613674	0.00497632094592	0.0421347697396	0.0274596842591	-0.00266744702932	-0.0342482976853	-0.0630363284719	0.000407208676294	0.0389810522779	-0.0201071683664	0.0260913072374	-0.0168443397433	0.0694214753799	-0.0170467893463	0.0137886612249	-0.00441064437343	-0.0397214673683	0.0506404132891	-0.0408863137101
k__Bacteria;p__Bacteroidetes;c__Bacteroidia;o__Bacteroidales;f__Rikenellaceae;g__Alistipes;s__Alistipes_shahii	-0.0144358355615	0.0201588742532	-0.0386167936037	0.00478318333035	0.0291056178869	0.0224973582755	1.0	-0.0235774715939	-0.00504987912644	0.0211355532388	0.0540540440242	0.00594689218579	-0.0359293369156	-0.0661399567572	-0.0540849288166	-0.0596991255419	0.0142248753069	0.0361062344957	0.0444491212876	-0.00922499112357	0.0115183377616	-0.0404067895154	-0.0350214264684	0.0101467407231	-0.0570850201359	-0.0270309510871	-0.0194504858517	-0.0437843081604	0.0122977287761	0.0168161320139	0.0331532286075	-0.0722484508992	-0.08190297564	-0.0579464927592	0.0336559384969	0.018343082845	0.0242764942221	-0.0264520604106	-0.0118370492624	0.014233920925	-0.0690463117691	0.0257379412007	-0.0291742829546	0.0619836655704	-0.0651845895458	0.00662390503342	-0.00917511377785	0.0181951385553	-0.000643383996639	0.0498547166647	-0.0354896897875	-0.0258864655499	0.0232638297939	-0.0102354892263	-0.0421895150308	-0.0157610388589	-0.0254759310311	0.061675838908	0.0475370564341
k__Bacteria;p__Firmicutes;c__Clostridia;o__Clostridiales;f__Ruminococcaceae;g__Faecalibacterium;s__Faecalibacterium_prausnitzii	0.0321421177754	-0.0453608411608	-0.0959484709259	-0.0158125423316	3.68252618657e-05	-0.0379035689564	-0.0235774715939	1.0	-0.0172792344425	-0.0196158324685	-0.0295552475852	0.0297899168637	-0.00963555990006	0.0461911799789	0.00914964431304	0.0231472602881	-0.035247938116	0.0791049284755	-0.00618925812121	-0.0168381138641	-0.0770505611768	0.0200352383341	-0.0404076586301	-0.0373330800838	0.0163195685294	-0.0370204961068	-0.0459126215689	0.0255614288713	-0.00964391099581	0.036645082139	-0.0611018554394	-0.0379207724783	-0.00130715269213	-0.0432536999634	-0.0408957661394	-0.0589072723577	-0.0294037785554	-0.0442231709525	0.0188177241077	-0.0274099889002	-0.0522414607337	-0.0605656217822	0.0128648900822	-0.00232694562698	-0.00215992514208	-0.104712939526	0.000415926621065	-0.00145129787926	-0.0106902500587	0.0324493192335	-0.0384036684026	-0.00105159282909	-0.0234803919509	0.0414092120973	-0.0251714995572	0.00804727898025	0.0260533056554	0.0233956431205	-0.0262415641733
k__Bacteria;p__Bacteroidetes;c__Bacteroidia;o__Bacteroidales;f__Rikenellaceae;g__Alistipes;s__Alistipes_finegoldii	0.0270998365348	-0.019705127638	0.0390301321756	0.0206961546961	0.064465615761	0.00492155933748	-0.00504987912644	-0.0172792344425	1.0	-0.0387531648118	-0.0328453830423	-0.0293888853802	-0.00987964691447	-0.0479343722748	-0.0586115670637	0.00638474164258	-0.0167601316683	-0.0229006162538	-0.0026872265054	-0.00290050875205	-0.0369016766183	0.0384990712635	-0.0571381890325	0.011114209248	-0.0140474797618	-0.0210443962082	0.00203443325112	0.00805039790238	0.0119973411324	0.0171960977594	0.012513738896	-0.00524972492225	-0.0677634733681	-0.00496106674562	-0.05887142189	0.0228344356614	0.0156865488573	-0.0215213427121	0.0043264701825	0.00550369142823	0.0149271225442	-0.0540220033166	0.023219802844	-0.0214590230984	-0.0237274975685	0.0121242532429	-0.0607382053288	0.0283487413901	-0.0215433583676	-0.0635043199579	-0.0531048829591	-0.0415172702867	-0.0275730673926	0.0481615417605	-0.0341392415321	-0.0104361105801	0.0305233981501	0.0311185362906	0.0559815847945
k__Bacteria;p__Bacteroidetes;c__Bacteroidia;o__Bacteroidales;f__Porphyromonadaceae;g__Parabacteroides;s__Parabacteroides_distasonis	0.0137505710167	-0.0204025356779	0.0111587950722	0.00338939160991	-0.00553443671061	-0.0323331169797	0.0211355532388	-0.0196158324685	-0.0387531648118	1.0	0.0579218090009	0.0319264488678	0.0270906140894	-0.0299014824788	-0.0259267939416	-0.0323394696482	-0.00878443441042	0.0326032602314	0.0128002993812	-0.0584667133248	0.0044906659059	0.0475714553493	-0.0232932395943	0.0554897128093	-0.00856330329739	-0.00855576644803	0.00617503385713	0.0743571216249	-0.0256507331335	0.0473563466416	-0.026772920071	0.00592090743954	-0.0242666607177	-0.00274039711624	-0.00612674585763	-0.0091156583984	0.0319432919114	0.0170377417259	0.0315565065664	0.00988940306321	-0.0118384736293	0.0152915892367	0.00228658762102	-0.0536004028803	-0.0307597281587	-0.00173916469064	-0.0216308051528	-0.0193613692369	0.0322047977916	-0.0217764431442	-0.00915628013108	-0.0171605447227	-0.00905595563842	-0.0274460190489	-0.0137353795003	-0.0261550362587	-0.0320904573242	-0.0371198256512	-0.0536284311018
k__Bacteria;p__Bacteroidetes;c__Bacteroidia;o__Bacteroidales;f__Bacteroidaceae;g__Bacteroides;s__Bacteroides_thetaiotaomicron	-0.00711133343346	0.0232777992186	-0.00887071531749	-0.0186545909403	0.00279105512951	0.00677419419901	0.0540540440242	-0.0295552475852	-0.0328453830423	0.0579218090009	1.0	-0.0319521466934	0.0369274287504	-0.0323490568739	0.00266199105532	-0.0200312424207	0.0262747542974	-0.002366778282	-0.0159113544919	-0.0593827035473	-0.0100751310203	-0.00504227933101	0.0044458188133	0.0227300815265	0.0580817378437	0.00994567129821	-0.0473304383874	0.00514725636673	-0.0347766823121	0.0108132086417	0.0156800194719	0.0186638162263	-0.0335834762031	-0.0100564215439	-0.0169876703595	0.0380391207965	-0.0174023193924	-0.0120666101633	-0.0522412071148	0.0631179279806	-0.0672393693654	-0.0704459393935	-0.0417692824829	0.0828086776105	-0.0367950515503	0.0137770483433	0.0028954061577	0.0390036143262	-0.0222734380565	0.0161036939689	0.0175380664075	0.0445769216332	-0.00949361322315	0.00442868735045	-0.0035739863609	-0.0215551866203	-0.0102837115211	0.031606723526	0.0151517966941
k__Bacteria;p__Bacteroidetes;c__Bacteroidia;o__Bacteroidales;f__Bacteroidaceae;g__Bacteroides;s__Bacteroides_coprocola	-0.0183905973888	-0.0637244579268	-0.00582410008473	-0.0182072867185	-0.0410023160591	-0.00839186183629	0.00594689218579	0.0297899168637	-0.0293888853802	0.0319264488678	-0.0319521466934	1.0	0.0227774407417	0.000662175496771	0.0463499716043	-0.0144859588982	-0.0346783958807	-0.00426292414251	-0.0318506163596	0.0244953902364	-0.0046668880357	-0.0205459273178	0.0246362816101	0.0497640287211	0.0460756650583	-0.0574082713555	-0.109141603087	-0.0166579559034	0.0437371298842	-0.0513362944757	-0.0283517542926	0.0346562016735	0.0250034091922	0.0533016216776	-0.0205479654641	0.00961039960882	-0.0463183919603	0.0638767427317	0.00508444714266	-0.0739901379302	-0.00306374283949	-0.0291128780479	-0.0208137859926	-0.0115184145935	0.010314032305	-0.0770699998438	-0.0255136075751	0.00580486303013	-0.0330678756552	0.0165559188223	-0.0461476427976	-0.00754252555284	0.0057806481433	-0.0248281299728	-0.0174225470737	-0.0574066369055	0.0161689303687	-0.00665301629803	0.0251068643397
k__Bacteria;p__Bacteroidetes;c__Bacteroidia;o__Bacteroidales;f__Bacteroidaceae;g__Bacteroides;s__Bacteroides_cellulosilyticus	0.0072744801929	0.0288041136214	-0.0177840867437	-0.0185986549282	0.018962733582	0.032195652885	-0.0359293369156	-0.00963555990006	-0.00987964691447	0.0270906140894	0.0369274287504	0.0227774407417	1.0	0.00705293322577	-0.00416741188735	0.0242800503082	-0.0288832505939	0.0206627790881	0.0457002469252	0.0775510900926	0.0177823220145	-0.0380859923343	-0.00130416929192	-0.0330553130814	-0.0382115874665	0.0128770513883	-0.0417266655486	-0.00256798701961	-0.0230801667505	-0.00459718526406	-0.0826405901173	-0.0205441559396	0.00394457222838	0.0105866999704	-0.0274466742327	-0.0345724861947	-0.0453680264907	0.0075449083937	-0.0729112355453	0.0246189408444	-0.0303648809391	0.00884543039628	-0.00307098196019	-0.0730419148413	-0.0185463180726	0.0218683281356	0.025557046944	-0.0232963313545	0.0141429718542	-0.0813392827787	0.0164649993045	-0.0574335370548	-0.0519875169488	0.00421065299163	-0.032522118838	-0.00519264975185	-0.00833479155825	-0.048093079498	0.00110597634796
k__Bacteria;p__Bacteroidetes;c__Bacteroidia;o__Bacteroidales;f__Rikenellaceae;g__Alistipes;s__Alistipes_obesi	-0.0217716802199	0.034892623861	0.00836519339047	-0.0738845966069	-0.0930493624418	-0.0229026456911	-0.0661399567572	0.0461911799789	-0.0479343722748	-0.0299014824788	-0.0323490568739	0.000662175496771	0.00705293322577	1.0	0.0177820283068	-0.0176254112805	-0.102461170139	-0.00359586003388	-0.00320991847747	-0.0281535336323	0.0122685547669	0.00330588016349	0.129461362644	-0.0848507524478	-0.00483480602183	0.0205893738643	-0.0827987717107	0.00790082197831	-0.00130053141893	0.0259395412242	0.0301822426622	-0.00546363451171	0.0293138314078	-0.0037430663356	0.0125840413358	-0.0218474797445	-0.047091441098	-0.0496793151828	0.0339763780333	-0.0530241241597	-0.00413804304868	0.034511890562	-0.019392559233	0.00832445550724	0.0150893850616	0.0409043537804	-0.0410175894679	-0.0277519838191	-0.0321211624992	0.0290539959882	-0.00458451478627	-0.0697367168609	0.00155288472324	-0.0651041123133	-0.0357736718445	-0.0721977445739	0.0766123580257	0.0247739157978	-0.020515112003
k__Bacteria;p__Firmicutes;c__Clostridia;o__Clostridiales;f__Lachnospiraceae;g__;s__[Eubacterium]_rectale	0.0673244731109	-0.00186843489853	-0.0279512931693	-0.0605275232682	-0.0566901152916	-0.00624342863081	-0.0540849288166	0.00914964431304	-0.0586115670637	-0.0259267939416	0.00266199105532	0.0463499716043	-0.00416741188735	0.0177820283068	1.0	0.00574092443435	0.029676193723	-0.0182220911913	-0.0194666624084	-0.0302791001237	0.0206534779583	-0.0304154844241	-0.0613650282888	-0.0476311885486	-0.0412857353017	-0.010367384962	-0.0169267334424	-0.0312407053969	0.0155534367048	-0.0120849405117	0.0171120234044	-0.0530284503438	0.0633788372087	-0.00858282804477	-0.00635067463209	0.0238574171654	0.0668157620289	-0.00140126257452	0.0215689334221	-0.0181793076375	0.0219067829491	0.0181154336193	0.0336315756669	-0.110034708866	0.00465341373048	0.00229285697154	0.019062222189	0.0159956216249	0.00770681082917	-0.0362156154917	-0.0138567852566	0.0241034762849	-0.035385342096	-0.0258197410312	0.0563609228292	0.019130164381	-0.0610142298234	0.00530339481312	-0.0703970490565
k__Bacteria;p__Bacteroidetes;c__Bacteroidia;o__Bacteroidales;f__Bacteroidaceae;g__Bacteroides;s__Bacteroides_plebeius	-0.0146606305829	-0.0243255892808	-0.029690973748	-0.00522776021554	-0.0279857474477	-0.0249361301295	-0.0596991255419	0.0231472602881	0.00638474164258	-0.0323394696482	-0.0200312424207	-0.0144859588982	0.0242800503082	-0.0176254112805	0.00574092443435	1.0	0.0138804374592	-0.00845715975799	-0.0407891169252	0.00984409153051	0.0601616678311	0.0121420001703	0.00783267302983	0.0410713953792	-0.00115434922938	-0.00738056821823	0.00642624817618	-0.00529121336565	-0.0131495032012	0.0100695878826	0.016653910235	0.00484139978214	0.00931106142502	-0.0409118919567	-0.0335846101071	0.0129765971227	-0.0299388396384	0.0120572282147	0.00857737648914	-0.0571113408396	0.00671029824709	-0.0136203558402	0.020744962781	-0.00940702955756	-0.0429630764566	-0.0256646177741	-0.0423053438238	0.0150647971166	0.00949991649017	-0.0451386267442	-0.0173408369207	-0.0479993836033	0.0533312873266	-0.0513850654989	0.0471994913679	0.0453774736599	-0.0156083517295	0.0196177068242	0.0271955674896
k__Bacteria;p__Bacteroidetes;c__Bacteroidia;o__Bacteroidales;f__Bacteroidaceae;g__Bacteroides;s__Bacteroides_fragilis	-0.0430592115723	0.0278305982476	0.0303137450236	-0.0280843400326	-0.0293233909576	-0.0290613421917	0.0142248753069	-0.035247938116	-0.0167601316683	-0.00878443441042	0.0262747542974	-0.0346783958807	-0.0288832505939	-0.102461170139	0.029676193723	0.0138804374592	1.0	-0.045017072606	0.00256062597127	-0.0386390861199	-0.0110525099533	-0.0336681362442	-0.0350338102184	-0.0357444405367	-0.00385681971622	0.0113411890216	-0.0147769256458	0.0215641762363	-0.0106964017603	-0.0417411019264	-0.0675955760434	-0.065650289295	0.0204833261854	0.0240347963829	-0.0202492151575	-0.0175160831333	0.00347523395709	0.0514690848537	0.00464520696956	0.0221212964917	0.0398038977547	-0.0270644020305	-0.0266234866396	-0.0210202496821	-0.00380525411248	-0.0356021274019	-0.0187739214601	-0.0322071034118	-0.0409411616311	-0.000662750607778	-0.0240071108029	-0.0423729933019	-0.0176594396225	-0.000473286966594	-0.0048579587325	0.0579751736997	0.0150858865226	0.00734396379778	0.0334697837717
k__Bacteria;p__Proteobacteria;c__Betaproteobacteria;o__Burkholderiales;f__Sutterellaceae;g__Sutterella;s__Sutterella_wadsworthensis	-0.0660653090973	-0.0276322209441	-0.00702265023836	-0.00504349024667	-0.0152168685213	-0.0260872265073	0.0361062344957	0.0791049284755	-0.0229006162538	0.0326032602314	-0.002366778282	-0.00426292414251	0.0206627790881	-0.00359586003388	-0.0182220911913	-0.00845715975799	-0.045017072606	1.0	0.0508398814868	0.0034968865988	-0.0749669203959	-0.00241979765183	0.0299938866567	0.0219422734739	0.030808026444	0.044140291861	-0.0257831683893	-0.010207148361	0.00951531986734	0.00977222741185	-0.055018369842	0.00182482616685	-0.0335753805266	-0.010731386621	-0.0208497094067	-0.0329156180564	-0.014041307182	-0.0424249564801	-0.00381167024784	0.029287282522	-0.00987050406172	-0.0545861061095	-0.00669022133374	-0.016118318297	-0.0859500330174	-0.0312693192694	0.0306787573802	0.0245252301984	-0.00625181778356	-0.0338086975208	0.000448123032403	0.0156078817123	0.00822608214885	0.0150960432824	-0.0140092065844	0.0335121879574	-0.029279462307	0.0358047733015	-0.0293037944326
k__Bacteria;p__Bacteroidetes;c__Bacteroidia;o__Bacteroidales;f__Porphyromonadaceae;g__Barnesiella;s__Barnesiella_intestinihominis	-0.0155541025253	-0.0391916587616	-0.000384399040152	-0.0178103189217	0.0378878462578	-0.0282589800528	0.0444491212876	-0.00618925812121	-0.0026872265054	0.0128002993812	-0.0159113544919	-0.0318506163596	0.0457002469252	-0.00320991847747	-0.0194666624084	-0.0407891169252	0.00256062597127	0.0508398814868	1.0	-0.00658064921496	-0.0213356587021	-0.0529210370708	-0.0240349906721	-0.0111927295689	0.0311817217215	0.0387307136888	-0.0247959464939	-0.0330700362794	-0.0196730820137	-0.0225830994009	-0.05048950431	-0.0391365073608	-0.0612268334954	0.0986262803412	-0.0380259002019	0.00447859076796	-0.000753928308426	-0.00225827676426	0.0147318548626	0.00482180043132	-0.0403869351683	-0.00592430705549	0.0111465664434	-0.0507840069737	-0.0197083514671	-0.010272408702	-0.00429013983384	0.0154979014205	-0.081952570026	-0.0309532813278	-0.000417594653836	-0.0280950988103	0.0073696828694	0.0588254835668	0.00083237897519	-0.0458789377095	-0.0218703255431	0.0111548463753	-0.00294566753685
k__Bacteria;p__Bacteroidetes;c__Bacteroidia;o__Bacteroidales;f__Odoribacteraceae;g__Odoribacter;s__Odoribacter_splanchnicus	0.0260272780677	0.0443395298383	-0.00988706452492	-0.0101917035282	0.0161551915573	0.00176021170713	-0.00922499112357	-0.0168381138641	-0.00290050875205	-0.0584667133248	-0.0593827035473	0.0244953902364	0.0775510900926	-0.0281535336323	-0.0302791001237	0.00984409153051	-0.0386390861199	0.0034968865988	-0.00658064921496	1.0	0.00279700171632	-0.0475000697354	-0.000204232741896	-0.0132780061638	-0.043322392073	0.00751782582086	0.011482550856	0.0960256974592	-0.100733004881	-0.0496410051035	0.0197564802419	-0.0512068585179	-0.0388386196097	-0.011495088512	-0.00572097697971	0.0191569645664	0.0588185730843	-0.0172913236017	0.0208871008422	0.0223979662682	0.0455533789373	0.0179733081432	0.0117679854681	-0.00972692214904	-0.000752736674619	0.0613196591206	-0.0403253791555	-0.00694466655025	-0.0695594706712	0.0131735193956	-0.0274901318228	0.00792556777182	0.00994378266063	-0.0268434729539	0.0330589534215	-0.034982762178	0.0128409161385	0.0359649739332	-0.0287773515476
k__Bacteria;p__Bacteroidetes;c__Bacteroidia;o__Bacteroidales;f__Bacteroidaceae;g__Bacteroides;s__Bacteroides_salyersiae	0.03743812413	-0.0253961696526	0.0805783831154	-0.0334425923401	-0.00184768956745	-0.0738778975553	0.0115183377616	-0.0770505611768	-0.0369016766183	0.0044906659059	-0.0100751310203	-0.0046668880357	0.0177823220145	0.0122685547669	0.0206534779583	0.0601616678311	-0.0110525099533	-0.0749669203959	-0.0213356587021	0.00279700171632	1.0	-0.0242485261303	0.0242597853912	-0.000420289441625	0.0291407580329	0.0316632432281	0.0363657379397	-0.0127344223497	-0.0147330934924	-0.0358809357754	-0.0676642282005	-0.0201739569468	0.0047663239549	0.011100992831	-0.00206896289125	-0.016656981535	-0.0268266008277	0.0294890148022	0.0115577367709	0.0316660388329	-0.0901985007442	-0.0055951481495	0.016492566113	-0.020745188934	-0.000567823031982	0.0134479899588	-0.0368731307395	-0.0177488651999	-0.0420126987335	-0.0223123448726	-0.0159426031451	0.0162289083019	-0.00553934591955	-0.00589307340198	-0.0120550242731	0.000759963417442	-0.0183984281273	-0.00755959873245	-0.00267457945142
k__Bacteria;p__Firmicutes;c__Clostridia;o__Clostridiales;f__Ruminococcaceae;g__Ruminiclostridium;s__[Eubacterium]_siraeum	0.0362529212918	-0.0108716448579	0.0111879694387	0.0195955578685	-0.0230095432107	-0.00583428843059	-0.0404067895154	0.0200352383341	0.0384990712635	0.0475714553493	-0.00504227933101	-0.0205459273178	-0.0380859923343	0.00330588016349	-0.0304154844241	0.0121420001703	-0.0336681362442	-0.00241979765183	-0.0529210370708	-0.0475000697354	-0.0242485261303	1.0	-0.0644462743743	0.00486325982902	-0.0068015258718	-0.0920420534568	0.0127032601374	-0.0111757541611	-0.00231868181293	-0.00580476846215	-0.00842635419112	-0.00361751599216	0.00973544288799	0.00819686256206	0.0092245614604	0.0367959362833	-0.00815036600239	0.0163463159358	0.0715318983019	-0.0185394167795	-0.0571070787201	0.0599711223438	-0.0395982845136	0.0310094240702	0.0481645538578	0.00313916640305	-0.048320844499	-0.0374551265697	0.0388938813264	0.00677940171417	0.0312344498589	-0.0114739654206	-0.0408262210337	-0.0323529874027	0.0161667645895	0.036051308494	-0.0308874939556	-0.0283587310515	-0.00377874029718
k__Bacteria;p__Proteobacteria;c__Betaproteobacteria;o__Burkholderiales;f__Sutterellaceae;g__Parasutterella;s__Parasutterella_excrementihominis	-0.0326270801059	0.046510698035	0.0414959261675	-0.063142423084	-0.00789984735597	-0.0060924782584	-0.0350214264684	-0.0404076586301	-0.0571381890325	-0.0232932395943	0.0044458188133	0.0246362816101	-0.00130416929192	0.129461362644	-0.0613650282888	0.00783267302983	-0.0350338102184	0.0299938866567	-0.0240349906721	-0.000204232741896	0.0242597853912	-0.0644462743743	1.0	0.00323215672947	-0.0316523756505	-0.0418535843008	0.0190817419112	-0.00370520318516	0.00920170335565	-0.0188007365388	0.0269191822122	-0.0639044928989	-0.000775220745432	-0.0612932696939	0.0143651022144	-0.0116125584119	-0.0136378061629	-0.00997462422838	0.0284230692854	0.00201274838212	-0.00618216398264	-0.0295935056445	-0.00941694210874	-0.000114871692553	-0.00159164281782	-0.0464683351585	-0.0295884873087	0.0675509921325	-0.0080162092107	0.0347660803896	-0.0387411954361	-0.0110130483142	-0.0426058332781	0.0197603547778	0.0890595879702	0.0110528310278	0.00555047267037	-0.0547981542296	0.0241065559558
k__Bacteria;p__Actinobacteria;c__Actinobacteria;o__Bifidobacteriales;f__Bifidobacteriaceae;g__Bifidobacterium;s__Bifidobacterium_adolescentis	0.0527965959411	0.0279353302325	0.0270623571852	0.025949426951	-0.00983745788209	-0.0299421501219	0.0101467407231	-0.0373330800838	0.011114209248	0.0554897128093	0.0227300815265	0.0497640287211	-0.0330553130814	-0.0848507524478	-0.0476311885486	0.0410713953792	-0.0357444405367	0.0219422734739	-0.0111927295689	-0.0132780061638	-0.000420289441625	0.00486325982902	0.00323215672947	1.0	0.00240874610912	-0.0842167069812	0.00365224217085	-0.000337528033717	-0.0673836446926	0.0433467304893	-0.0224579640205	0.0375026072393	0.0422077421744	0.0384590672568	-0.0476926438518	-0.0169840280988	-0.042065086478	0.0249691294707	-0.0351715889219	-0.0420152123298	-0.0449852404399	-0.0486442942348	0.0158219697481	-0.0587235303409	-0.0173420771157	-0.0239194684239	-0.0390979843298	-0.0270686526554	0.00237193486196	0.0123373297157	-0.0349365942491	-0.0556810464749	-0.0231829128915	-0.0429718067978	-0.0374510480419	-0.00495061811924	-0.0309133945033	-0.0587797989558	0.0593468268036
k__Bacteria;p__Firmicutes;c__Clostridia;o__Clostridiales;f__Oscillospiraceae;g__Oscillibacter;s__Oscillibacter_sp._KLE_1745	-0.0218592660563	0.0103268803481	-0.0100615945455	-0.00258991846132	0.0372193012183	0.020963382821	-0.0570850201359	0.0163195685294	-0.0140474797618	-0.00856330329739	0.0580817378437	0.0460756650583	-0.0382115874665	-0.00483480602183	-0.0412857353017	-0.00115434922938	-0.00385681971622	0.030808026444	0.0311817217215	-0.043322392073	0.0291407580329	-0.0068015258718	-0.0316523756505	0.00240874610912	1.0	-0.053244806815	-0.0031427343382	0.0490729073904	0.0287214516928	0.0160495743271	0.0232586495207	0.00483288344019	-0.00511429679772	0.042474543659	-0.0498705128171	0.0202746969241	-0.0392708450305	-0.00432924420537	0.00720260487654	-0.0741553079019	-0.0849605354365	-0.0835010830731	0.020003884144	0.0395330805902	-0.00841439585248	-0.0109475196557	-0.0196674387616	-0.0270997517146	-0.00364987027004	0.00315047029989	0.00027071044255	0.00810363357932	0.0153986353874	0.0122202445676	0.025500424734	-0.0308638111796	-0.0245712959201	0.0343110628597	-0.0483810699437
k__Bacteria;p__Bacteroidetes;c__Bacteroidia;o__Bacteroidales;f__Bacteroidaceae;g__Bacteroides;s__Bacteroides_coprophilus	-0.0379656949897	-0.0161117369558	-0.0576392516781	-0.0291264287167	0.0433205045177	-0.000347634470015	-0.0270309510871	-0.0370204961068	-0.0210443962082	-0.00855576644803	0.00994567129821	-0.0574082713555	0.0128770513883	0.0205893738643	-0.010367384962	-0.00738056821823	0.0113411890216	0.044140291861	0.0387307136888	0.00751782582086	0.0316632432281	-0.0920420534568	-0.0418535843008	-0.0842167069812	-0.053244806815	1.0	-0.0222583878571	0.0234356281523	0.0434902288447	0.0481833826569	-0.0175774758065	-0.0251459359425	0.0145599184257	0.0461342857889	-0.0105657546651	-0.00397073383315	-0.03708227061	-0.0597516874062	0.00430305033763	0.0602364620258	0.0187535174148	-0.0698616767262	0.0384478498153	-0.0103323284629	0.0247789234253	0.0365803637419	0.0400966708513	-0.0136018763268	-0.0039263602841	0.0189237804523	-0.0364752496083	0.00661323677489	-0.032614359379	-0.0647817473027	-0.0808295325241	-0.0425921473888	-0.0118284606247	0.0713064897588	-0.00356169660887
k__Bacteria;p__Firmicutes;c__Clostridia;o__Clostridiales;f__Lachnospiraceae;g__Roseburia;s__Roseburia_intestinalis	-0.021246320203	-0.0208826179235	-0.018049284661	-0.00589822658849	0.0425308580035	-0.0488620044118	-0.0194504858517	-0.0459126215689	0.00203443325112	0.00617503385713	-0.0473304383874	-0.109141603087	-0.0417266655486	-0.0827987717107	-0.0169267334424	0.00642624817618	-0.0147769256458	-0.0257831683893	-0.0247959464939	0.011482550856	0.0363657379397	0.0127032601374	0.0190817419112	0.00365224217086	-0.0031427343382	-0.0222583878571	1.0	0.0456199650337	0.00165975495887	-0.0162656168914	0.00130308607952	-0.0568888474695	-0.0238881556044	0.03745129817	0.0265648330287	-0.0532452129376	-0.0119637516923	0.0358528530201	0.0230461682266	-0.0107150314228	0.0053865931854	0.0510671243831	-0.0607019316554	0.0202839012168	-0.048166993008	0.00249574760069	-0.0306402014609	-0.0152020648001	0.0238069499524	0.0129132037198	-0.00529350883262	0.00973742476698	-0.034592807474	-0.0150396579122	0.00649667845499	0.0566453319932	0.0295257006833	0.0341400366954	-0.00228762231048
k__Bacteria;p__Firmicutes;c__Clostridia;o__Clostridiales;f__Lachnospiraceae;g__Roseburia;s__Roseburia_hominis	-0.0136286037827	-0.0167589280061	-0.0377638407349	-0.0568977526151	-0.0907011157394	0.0504278017694	-0.0437843081604	0.0255614288713	0.00805039790238	0.0743571216249	0.00514725636673	-0.0166579559034	-0.00256798701961	0.00790082197831	-0.0312407053969	-0.00529121336565	0.0215641762363	-0.010207148361	-0.0330700362794	0.0960256974592	-0.0127344223497	-0.0111757541611	-0.00370520318516	-0.000337528033717	0.0490729073904	0.0234356281523	0.0456199650337	1.0	0.00973671330157	-0.0178786324255	-0.00494388000977	-0.0571061806163	-0.0100357979548	-0.0442734742721	0.0794276030967	-0.000595855352553	0.0301133897048	0.0291919773768	0.0295740595992	-0.0104261761123	0.00868626998221	-0.00511159136977	-0.00602654758755	0.0203757617294	-0.011453739332	0.0361823855575	-0.00099132947623	-0.0464593987165	0.0296556725558	-0.0410733604236	-0.0110015519406	-0.0162166405644	-0.0270620539332	-0.0146499052403	0.0548995707048	-0.0148902172744	-0.0505038997944	-0.00254765448525	-0.00695189705358
k__Bacteria;p__Bacteroidetes;c__Bacteroidia;o__Bacteroidales;f__Porphyromonadaceae;g__Parabacteroides;s__Parabacteroides_johnsonii	0.0457608923398	-0.0702719926375	0.0260056860289	0.00960329084104	0.0209054658399	0.00732501218721	0.0122977287761	-0.00964391099581	0.0119973411324	-0.0256507331335	-0.0347766823121	0.0437371298842	-0.0230801667505	-0.00130053141893	0.0155534367048	-0.0131495032012	-0.0106964017603	0.00951531986734	-0.0196730820137	-0.100733004881	-0.0147330934924	-0.00231868181293	0.00920170335565	-0.0673836446926	0.0287214516928	0.0434902288447	0.00165975495887	0.00973671330157	1.0	0.0036007033006	-0.0433066084832	0.0244211867036	-0.0336063467575	-0.0219478279528	-0.00380514724647	-0.0645436557684	0.0253245251652	-0.028469822881	-0.00760400074862	-0.0439859657975	-0.0328079325559	0.00999991959915	0.000647583283696	-0.072575625484	-0.00603347755473	-0.0290812524436	0.0287336465784	0.0473885855908	0.0498200707239	-0.0154414738381	-0.014281428924	-0.0411696762967	-0.0108274708139	-0.0293012362993	0.0412254646316	0.0504751809625	0.0214035714193	-0.0209905294442	0.0653514751477
