#taxonomy	k__Bacteria;p__Bacteroidetes;c__Bacteroidia;o__Bacteroidales;f__Bacteroidaceae;g__Bacteroides;s__Bacteroides_vulgatus	k__Bacteria;p__Bacteroidetes;c__Bacteroidia;o__Bacteroidales;f__Bacteroidaceae;g__Bacteroides;s__Bacteroides_uniformis	k__Bacteria;p__Bacteroidetes;c__Bacteroidia;o__Bacteroidales;f__Rikenellaceae;g__Alistipes;s__Alistipes_putredinis	k__Bacteria;p__Bacteroidetes;c__Bacteroidia;o__Bacteroidales;f__Prevotellaceae;g__Prevotella;s__Prevotella_copri	k__Bacteria;p__Bacteroidetes;c__Bacteroidia;o__Bacteroidales;f__Bacteroidaceae;g__Bacteroides;s__Bacteroides_stercoris	k__Bacteria;p__Bacteroidetes;c__Bacteroidia;o__Bacteroidales;f__Bacteroidaceae;g__Bacteroides;s__Bacteroides_ovatus	k__Bacteria;p__Bacteroidetes;c__Bacteroidia;o__Bacteroidales;f__Rikenellaceae;g__Alistipes;s__Alistipes_shahii	k__Bacteria;p__Firmicutes;c__Clostridia;o__Clostridiales;f__Ruminococcaceae;g__Faecalibacterium;s__Faecalibacterium_prausnitzii	k__Bacteria;p__Bacteroidetes;c__Bacteroidia;o__Bacteroidales;f__Rikenellaceae;g__Alistipes;s__Alistipes_finegoldii	k__Bacteria;p__Bacteroidetes;c__Bacteroidia;o__Bacteroidales;f__Porphyromonadaceae;g__Parabacteroides;s__Parabacteroides_distasonis	k__Bacteria;p__Bacteroidetes;c__Bacteroidia;o__Bacteroidales;f__Bacteroidaceae;g__Bacteroides;s__Bacteroides_thetaiotaomicron	k__Bacteria;p__Bacteroidetes;c__Bacteroidia;o__Bacteroidales;f__Bacteroidaceae;g__Bacteroides;s__Bacteroides_coprocola	k__Bacteria;p__Bacteroidetes;c__Bacteroidia;o__Bacteroidales;f__Bacteroidaceae;g__Bacteroides;s__Bacteroides_cellulosilyticus	k__Bacteria;p__Bacteroidetes;c__Bacteroidia;o__Bacteroidales;f__Rikenellaceae;g__Alistipes;s__Alistipes_obesi	k__Bacteria;p__Firmicutes;c__Clostridia;o__Clostridiales;f__Lachnospiraceae;g__;s__[Eubacterium]_rectale	k__Bacteria;p__Bacteroidetes;c__Bacteroidia;o__Bacteroidales;f__Bacteroidaceae;g__Bacteroides;s__Bacteroides_plebeius	k__Bacteria;p__Bacteroidetes;c__Bacteroidia;o__Bacteroidales;f__Bacteroidaceae;g__Bacteroides;s__Bacteroides_fragilis	k__Bacteria;p__Proteobacteria;c__Betaproteobacteria;o__Burkholderiales;f__Sutterellaceae;g__Sutterella;s__Sutterella_wadsworthensis	k__Bacteria;p__Bacteroidetes;c__Bacteroidia;o__Bacteroidales;f__Porphyromonadaceae;g__Barnesiella;s__Barnesiella_intestinihominis	k__Bacteria;p__Bacteroidetes;c__Bacteroidia;o__Bacteroidales;f__Odoribacteraceae;g__Odoribacter;s__Odoribacter_splanchnicus	k__Bacteria;p__Bacteroidetes;c__Bacteroidia;o__Bacteroidales;f__Bacteroidaceae;g__Bacteroides;s__Bacteroides_salyersiae	k__Bacteria;p__Firmicutes;c__Clostridia;o__Clostridiales;f__Ruminococcaceae;g__Ruminiclostridium;s__[Eubacterium]_siraeum	k__Bacteria;p__Proteobacteria;c__Betaproteobacteria;o__Burkholderiales;f__Sutterellaceae;g__Parasutterella;s__Parasutterella_excrementihominis	k__Bacteria;p__Actinobacteria;c__Actinobacteria;o__Bifidobacteriales;f__Bifidobacteriaceae;g__Bifidobacterium;s__Bifidobacterium_adolescentis	k__Bacteria;p__Firmicutes;c__Clostridia;o__Clostridiales;f__Oscillospiraceae;g__Oscillibacter;s__Oscillibacter_sp._KLE_1745	k__Bacteria;p__Bacteroidetes;c__Bacteroidia;o__Bacteroidales;f__Bacteroidaceae;g__Bacteroides;s__Bacteroides_coprophilus	k__Bacteria;p__Firmicutes;c__Clostridia;o__Clostridiales;f__Lachnospiraceae;g__Roseburia;s__Roseburia_intestinalis	k__Bacteria;p__Firmicutes;c__Clostridia;o__Clostridiales;f__Lachnospiraceae;g__Roseburia;s__Roseburia_hominis	k__Bacteria;p__Bacteroidetes;c__Bacteroidia;o__Bacteroidales;f__Porphyromonadaceae;g__Parabacteroides;s__Parabacteroides_johnsonii	k__Bacteria;p__Actinobacteria;c__Actinobacteria;o__Bifidobacteriales;f__Bifidobacteriaceae;g__Bifidobacterium;s__Bifidobacterium_longum	k__Bacteria;p__Firmicutes;c__Clostridia;o__Clostridiales;f__;g__Flavonifractor;s__Flavonifractor_plautii	k__Bacteria;p__Firmicutes;c__Clostridia;o__Clostridiales;f__Clostridiaceae;g__Clostridium;s__Clostridium_phoceensis	k__Bacteria;p__Verrucomicrobia;c__Verrucomicrobiae;o__Verrucomicrobiales;f__Akkermansiaceae;g__Akkermansia;s__Akkermansia_muciniphila	k__Bacteria;p__Bacteroidetes;c__Bacteroidia;o__Bacteroidales;f__Prevotellaceae;g__Paraprevotella;s__Paraprevotella_xylaniphila	k__Bacteria;p__Firmicutes;c__Clostridia;o__Clostridiales;f__Ruminococcaceae;g__Ruminococcus;s__Ruminococcus_callidus	k__Bacteria;p__Bacteroidetes;c__Bacteroidia;o__Bacteroidales;f__Rikenellaceae;g__Alistipes;s__Alistipes_senegalensis	k__Bacteria;p__Firmicutes;c__Clostridia;o__Clostridiales;f__Lachnospiraceae;g__Blautia;s__Blautia_sp._KLE_1732	k__Bacteria;p__Bacteroidetes;c__Bacteroidia;o__Bacteroidales;f__Bacteroidaceae;g__Bacteroides;s__Bacteroides_oleiciplenus	k__Bacteria;p__Firmicutes;c__Clostridia;o__Clostridiales;f__Ruminococcaceae;g__Ruminococcus;s__Ruminococcus_bicirculans	k__Bacteria;p__Bacteroidetes;c__Bacteroidia;o__Bacteroidales;f__Bacteroidaceae;g__Bacteroides;s__Bacteroides_fluxus	k__Bacteria;p__Bacteroidetes;c__Bacteroidia;o__Bacteroidales;f__Prevotellaceae;g__Prevotella;s__Prevotella_stercorea	k__Bacteria;p__Firmicutes;c__Clostridia;o__Clostridiales;f__Lachnospiraceae;g__Dorea;s__Dorea_longicatena	k__Bacteria;p__Firmicutes;c__Clostridia;o__Clostridiales;f__Eubacteriaceae;g__Eubacterium;s__[Eubacterium]_eligens	k__Bacteria;p__Firmicutes;c__Clostridia;o__Clostridiales;f__Ruminococcaceae;g__;s__Ruminococcaceae_bacterium_D16	k__Bacteria;p__Firmicutes;c__Clostridia;o__Clostridiales;f__Lachnospiraceae;g__Coprococcus;s__Coprococcus_comes	k__Bacteria;p__Proteobacteria;c__Gammaproteobacteria;o__Enterobacterales;f__Enterobacteriaceae;g__Escherichia;s__Escherichia_coli	k__Bacteria;p__Firmicutes;c__Clostridia;o__Clostridiales;f__Ruminococcaceae;g__Anaerotruncus;s__Anaerotruncus_colihominis	k__Bacteria;p__Firmicutes;c__Clostridia;o__Clostridiales;f__Lachnospiraceae;g__Blautia;s__Blautia_obeum	k__Bacteria;p__Bacteroidetes;c__Bacteroidia;o__Bacteroidales;f__Odoribacteraceae;g__Odoribacter;s__Odoribacter_laneus	k__Bacteria;p__Firmicutes;c__Clostridia;o__Clostridiales;f__Ruminococcaceae;g__Ruminiclostridium;s__[Clostridium]_leptum	k__Bacteria;p__Bacteroidetes;c__Bacteroidia;o__Bacteroidales;f__Porphyromonadaceae;g__Parabacteroides;s__Parabacteroides_goldsteinii	k__Bacteria;p__Firmicutes;c__Clostridia;o__Clostridiales;f__Lachnospiraceae;g__Anaerostipes;s__Anaerostipes_hadrus	k__Bacteria;p__Firmicutes;c__Clostridia;o__Clostridiales;f__Ruminococcaceae;g__Ruminococcus;s__Ruminococcus_lactaris	k__Bacteria;p__Firmicutes;c__Clostridia;o__Clostridiales;f__Clostridiaceae;g__Clostridium;s__Clostridium_sp._L2-50	k__Bacteria;p__Firmicutes;c__Clostridia;o__Clostridiales;f__Clostridiaceae;g__Clostridium;s__Clostridium_sp._M62/1	k__Bacteria;p__Firmicutes;c__Clostridia;o__Clostridiales;f__;g__Intestinimonas;s__Intestinimonas_butyriciproducens	k__Bacteria;p__Actinobacteria;c__Actinobacteria;o__Bifidobacteriales;f__Bifidobacteriaceae;g__Bifidobacterium;s__Bifidobacterium_bifidum	k__Bacteria;p__Firmicutes;c__Negativicutes;o__Veillonellales;f__Veillonellaceae;g__Dialister;s__Dialister_invisus	k__Bacteria;p__Bacteroidetes;c__Bacteroidia;o__Bacteroidales;f__Bacteroidaceae;g__Bacteroides;s__Bacteroides_salanitronis
k__Bacteria;p__Bacteroidetes;c__Bacteroidia;o__Bacteroidales;f__Bacteroidaceae;g__Bacteroides;s__Bacteroides_vulgatus	1.0	-0.0231988472371	-0.0208306748744	0.0177912430505	0.0480115935677	-0.0371399089388	-0.0612510379608	0.0408292653625	-0.0858784242043	-0.0476958239588	-0.0494561451387	0.0495297566635	0.013800212659	0.00668348134469	0.0348869828096	0.0162017668812	0.00598325688642	-0.00937535709382	-0.0108084939477	-0.0470436286704	-0.0294606910873	-0.0106484422403	0.00960014965487	-0.0406400772427	-0.0760944288774	-0.0173055466542	0.0228586626054	0.0588700045675	0.0060745340874	0.020457883633	-0.0342724633389	0.0150361734112	0.0423154112234	0.00903764175136	-0.00863998826878	0.0732426406917	-0.0344750510249	0.0191807701695	-0.0618750227027	0.00202356068511	-0.00455091347758	-0.0227287473043	0.0504582446963	-0.0402378430204	-0.0190859007542	-0.00871900549199	0.0315168297024	0.00570861084049	0.00139773511415	-0.0740121309569	0.0280340185975	-0.0182094233535	-0.0487277953875	-0.0329569231271	-0.0308270794486	0.025280129474	0.0109235099894	0.0340518751012	-0.0172291208178
k__Bacteria;p__Bacteroidetes;c__Bacteroidia;o__Bacteroidales;f__Bacteroidaceae;g__Bacteroides;s__Bacteroides_uniformis	-0.0231988472371	1.0	0.00427006704745	-0.00212469473652	-0.0487891602936	-0.00303573464459	0.00153964738655	-0.0112891480748	0.0022342220893	-0.0207577884333	0.0457396455025	0.0262984651029	0.0133798739498	-0.0533053863193	-0.0159182487127	-0.00651463391022	-0.0734106463746	-0.00732175572826	0.0212850016069	-0.0527567946142	0.0642488052921	-0.03461003345	-0.0119385331359	0.00269925912833	-0.0358182055735	-0.000434049045961	0.00806586678537	-0.0348292059642	-0.047414190325	-0.0429676142619	-0.00673150536202	0.00684027193052	-0.00272141006093	0.0271019004393	0.0107624700047	-0.00668757024173	-0.0485101648882	0.0319687076501	0.0385825024365	-0.0319611457833	0.0382874742394	-0.0135180041868	0.058783122659	0.014336749839	0.0160748039221	0.0626661636099	0.0230742352257	0.0336599660627	0.00557851092203	-0.00103881499377	-0.0224564425775	-0.0309432319127	0.0642923404942	0.00321629600766	0.0209894493084	0.0344667621385	-0.0560043023682	-0.0257983630478	-0.0383497745096
k__Bacteria;p__Bacteroidetes;c__Bacteroidia;o__Bacteroidales;f__Rikenellaceae;g__Alistipes;s__Alistipes_putredinis	-0.0208306748744	0.00427006704745	1.0	-0.0341202935435	-0.0680387723381	-0.0141232637577	-0.0122690626687	-0.00575052156906	-0.0153686820154	0.0258821532943	-0.0513902931653	-0.0310700526705	0.000604711397438	-0.0653735787157	-0.00855982675431	0.00134765424806	0.0407218865848	0.0215184456121	-0.0285918052187	-0.0160187986115	0.0219755452711	-0.00511868392356	-0.0163218736355	0.033692336552	-0.0599413163664	0.0534913934059	-0.00530680711407	-0.0540275514079	-0.0110327267835	-0.0251368072588	-0.0264951733363	-0.0417731914348	0.000892410625559	0.000593249795079	-0.00558159544156	0.0346436151244	-0.0244100372305	-0.0281378383852	-0.0218692910041	-0.00272155118124	-0.0512980400405	0.0049965242092	0.0192570396031	-0.00924401535497	0.0163892893359	0.0398304235375	-0.0874192570565	0.0637857734461	0.089826892253	-0.0149678664539	0.0607070971313	-0.0267906463347	-0.0326942459779	-0.0252281784848	0.0647306113388	-0.010066462291	0.0492088931261	0.00564768588666	-0.0638361128277
k__Bacteria;p__Bacteroidetes;c__Bacteroidia;o__Bacteroidales;f__Prevotellaceae;g__Prevotella;s__Prevotella_copri	0.0177912430505	-0.00212469473652	-0.0341202935435	1.0	0.00393893116473	0.0731416709535	-0.0114982286464	-0.0211105955629	-0.0279758846345	0.0219572814147	-0.0352601026501	-0.0267512071924	-0.0200689465987	-0.0364417861307	-0.0363132068939	-0.0121464427134	0.00742081540198	0.00326884012537	-0.0423607603703	0.00665562431311	-0.00855078163075	-0.0100872067087	0.0274121089037	-0.0222768784422	-0.00399799204877	0.0575105503943	-0.0179137831737	0.00350747762373	0.0510488455395	-0.0114592759865	0.00512028327968	0.00737771471069	0.014227357106	-0.0213349409319	-0.00230810233937	-0.0228759958882	-0.0602457884254	0.00944804931595	0.0492095008211	0.0477417805287	-0.0286190178009	0.0855791489135	-0.0092208295124	-0.0328742971989	0.0292423485124	0.00627576888141	-0.0472337789401	-0.0600809074776	-0.0308590726928	-0.000232130767398	-0.0560380713993	-0.0479261677068	-0.00425455136803	-0.0149938251328	-0.0513426440918	-0.0292023672495	-0.0418801197879	0.101224900447	-0.0522947385677
k__Bacteria;p__Bacteroidetes;c__Bacteroidia;o__Bacteroidales;f__Bacteroidaceae;g__Bacteroides;s__Bacteroides_stercoris	0.0480115935677	-0.0487891602936	-0.0680387723381	0.00393893116473	1.0	0.0341750982069	-0.0110334686762	-0.0145589007682	-0.0055146047223	0.0548291201155	0.0227385650327	-0.00230765785119	-0.00849430694298	0.0906108918878	-0.0410090198628	0.036906351955	-0.0261351251204	0.00560811132595	0.0843548954218	-0.0403093451277	-0.00174877782581	0.00716892112107	0.0176870349212	0.00614235320684	0.00979591025494	-0.0096519856013	0.0793496503465	0.0116515327992	-0.00908210508939	0.0204810292003	-0.0672417401735	-0.0295307015977	-0.0250628580529	0.0199600909866	-0.0427948313005	-0.035911016369	0.00512982605076	-0.0463601300142	-0.0125040428555	-0.0437838845094	-0.00288870492419	0.000726447024173	0.0192328894678	0.0523451834184	-0.0165813383001	-0.0563169469724	-0.0727882173509	-0.0615482293916	-0.0109642681618	-0.0095759759834	-0.023150949762	-0.0390657287319	-0.0384651444717	0.00151995605185	-0.00905073644485	-0.00296158636923	-0.0394193662597	0.0483998273543	-0.0147022037993
k__Bacteria;p__Bacteroidetes;c__Bacteroidia;o__Bacteroidales;f__Bacteroidaceae;g__Bacteroides;s__Bacteroides_ovatus	-0.0371399089388	-0.00303573464459	-0.0141232637577	0.0731416709535	0.0341750982069	1.0	-0.00369953175426	-0.0064816602431	0.0224008307574	-0.0313689610337	0.0362117530511	-0.0613237837568	0.0680741309388	-0.0265897503795	0.00749751687501	-0.0410787313872	-0.0249302639846	-0.0511766655517	-0.0326593818088	-0.0190704953794	-0.036805707175	0.0375916498947	-0.0176150438842	-0.014815549198	-0.00465863668801	-0.0240472143034	0.0668954339562	-0.0239663664824	0.00809880597813	-0.0327347058677	-0.0424494749852	-0.0178241572315	0.0102885875255	-0.0392450144007	0.0175238049751	-0.0505907077329	-0.00200558889856	0.0209867098897	-7.29240866052e-05	-0.0421537069011	0.0527151850796	0.00422248909923	-0.0516049478648	-0.0450017286253	-0.0205064447692	0.0231011336573	0.00940014989337	-0.0260269896658	-0.00931026509755	0.0188907524912	-0.0555616569873	-0.0119715411244	0.00444370584767	0.0108634996911	-0.0680343262619	-0.0299731474991	0.0256991412459	0.00237187770874	-0.0133044859353
k__Bacteria;p__Bacteroidetes;c__Bacteroidia;o__Bacteroidales;f__Rikenellaceae;g__Alistipes;s__Alistipes_shahii	-0.0612510379608	0.00153964738655	-0.0122690626687	-0.0114982286464	-0.0110334686762	-0.00369953175426	1.0	0.010048725331	0.036605191629	0.0913378215809	-0.0168318679701	0.000472602125988	-0.0223798755003	-0.0163419448367	-0.00597339137191	-0.00934733274535	-0.00401220100166	-0.0061754039875	-0.0204107100466	-0.0239753548089	0.021228607426	-0.00526117989682	0.0126003610343	-0.0580741563988	0.0305824377193	0.0046827805899	0.00529660323501	-0.0221758476913	-0.0416046201761	-0.0366660804623	0.0429276239661	-0.0246823448262	-0.0384549689693	-0.0247132589926	-0.0145008611478	0.0838520545937	0.0296184572783	-0.0169433679094	-0.0116317176888	0.0387526813591	-0.0348385004097	0.0247244920275	-0.00770556575497	-0.0187499357506	0.00518087700633	0.00800847379436	-0.0304598989925	0.0233757097445	0.00211457126855	-0.0313058905242	0.0367190571615	-0.0125332748296	0.0147773329469	-0.05055357873	0.00304424234536	-0.00168011029251	-0.00622367666629	0.0033837437556	-0.0262501710713
k__Bacteria;p__Firmicutes;c__Clostridia;o__Clostridiales;f__Ruminococcaceae;g__Faecalibacterium;s__Faecalibacterium_prausnitzii	0.0408292653625	-0.0112891480748	-0.00575052156906	-0.0211105955629	-0.0145589007682	-0.0064816602431	0.010048725331	1.0	-0.0229613780669	0.026129221116	0.0156810800478	-0.0303759872182	-0.0187178350993	-0.0529133929947	-0.0224923054784	-0.0305548902239	-0.0412870180445	0.0482638780498	-0.0468288709191	-0.0569056660923	-0.00581406944324	-0.0102093006772	-0.00377067214427	-0.0194567968296	0.023772500346	0.0153906525537	0.0260733558365	0.0365538127725	0.00578970646307	0.0245573023243	-0.0641545333728	-0.0738125670849	-0.0644019776907	-0.0756664416962	-0.0682891501416	0.036553745352	-0.00550040378882	-0.0705650026218	0.0843462922895	-0.0510726888924	0.00090889291325	0.01417159803	-0.0103408076728	0.064835453101	0.0407572566489	-0.00459632421579	-0.0153021694257	-0.0655727272323	0.0387850222508	-0.0185936486173	-0.0231457087856	0.0232400304217	-0.0497300195749	-0.00484878176045	0.000252152244963	-0.001476976939	-0.0355685322813	-0.00887014512273	-0.0564548428399
k__Bacteria;p__Bacteroidetes;c__Bacteroidia;o__Bacteroidales;f__Rikenellaceae;g__Alistipes;s__Alistipes_finegoldii	-0.0858784242043	0.0022342220893	-0.0153686820154	-0.0279758846345	-0.0055146047223	0.0224008307574	0.036605191629	-0.0229613780669	1.0	-0.0149668895159	-0.0165571133859	-0.0403644627656	-0.0667238575213	-0.00316447497031	-0.0175662696012	-0.0177047391177	0.0165298359246	-0.022986744456	-0.0557334625064	-0.0107595433246	-0.0345861111836	-0.0456906900647	-0.0643814909753	0.0881211011142	-0.0162959253392	-0.0202735595736	0.00457881437483	0.0353008839805	0.0517473382902	0.023805972005	0.0146829532756	-0.0446004397706	0.0113922959391	0.00136862613766	0.0131254624295	0.0171478281813	0.0597780514167	-0.0450525996101	0.0470653942041	-0.0150390877519	-0.0365792759798	-0.0236585711786	-0.0200364417305	-0.014610936788	-0.0228682127431	0.0414272551006	-0.0355997164045	-0.0234923158111	0.0189327921552	0.00723406037976	0.0519960240306	0.0416628356032	0.038228505951	-0.0131836491066	0.00416162397861	0.0113487402487	0.0246353535566	-0.0377214839887	0.029114787297
k__Bacteria;p__Bacteroidetes;c__Bacteroidia;o__Bacteroidales;f__Porphyromonadaceae;g__Parabacteroides;s__Parabacteroides_distasonis	-0.0476958239588	-0.0207577884333	0.0258821532943	0.0219572814147	0.0548291201155	-0.0313689610337	0.0913378215809	0.026129221116	-0.0149668895159	1.0	0.068765417019	-0.0252623156733	0.0138576339343	0.0157686748475	-0.0537435692662	-0.0236750430003	-0.0375219605062	0.00133691263452	-0.0664679491195	-0.087407992127	-0.0190506771791	0.0250096392214	-0.0594313767707	0.0238196058575	-0.00752881516126	0.00899618413158	-0.0480384670032	-0.0223762109436	0.00703934740312	0.0310781511686	-0.01387740936	-0.00744782476758	-0.0384001005027	-0.0467967807642	-0.068523645121	-0.00650700367422	0.0128528181531	-0.0220533723896	-0.00956903049027	-0.02792045143	-0.0285206828653	-0.00313045183098	0.00412284210295	-0.00607999413465	-0.00372753960951	0.035710745422	0.00881484423351	-0.0357737337901	-0.0301468728596	0.0287431440823	0.0379472613564	-0.0318913208786	0.0157887064522	-0.0156981938822	0.00835990763389	-0.0502793305869	0.0212471862684	0.0253638860072	-0.0296422142702
k__Bacteria;p__Bacteroidetes;c__Bacteroidia;o__Bacteroidales;f__Bacteroidaceae;g__Bacteroides;s__Bacteroides_thetaiotaomicron	-0.0494561451387	0.0457396455025	-0.0513902931653	-0.0352601026501	0.0227385650327	0.0362117530511	-0.0168318679701	0.0156810800478	-0.0165571133859	0.068765417019	1.0	0.0286276154506	0.0263331378777	-0.00908170921984	0.00387293652145	-0.0487162572254	0.0389107016946	-0.0146985945497	-0.0423268975986	-0.0293098919785	-0.0556187870732	0.0130289798731	-0.0409732353071	-0.0318855283252	-0.00619982633736	-0.0503207768844	0.00948296840172	-0.0428220040508	-0.0221401522016	-0.00621221731787	-0.0260338712507	-0.0060484126492	0.00598988121538	0.0256261060504	0.0150295191611	-0.0136135944941	0.0306077441206	-0.0878777530572	-0.0396231281019	0.0280708579749	0.0313141858784	0.0431556120345	-0.00342645227888	-0.0483461544059	0.0253936697884	0.0466625774309	-0.0171546865641	-0.0364808730316	-0.00245201957419	0.0254188140878	0.0475439598746	0.0127459150089	-0.0274344248726	0.00631238900267	0.0518764852816	-0.0197034210121	0.0235480323603	-0.00540475038788	-0.0304020949078
k__Bacteria;p__Bacteroidetes;c__Bacteroidia;o__Bacteroidales;f__Bacteroidaceae;g__Bacteroides;s__Bacteroides_coprocola	0.0495297566635	0.0262984651029	-0.0310700526705	-0.0267512071924	-0.00230765785119	-0.0613237837568	0.000472602125988	-0.0303759872182	-0.0403644627656	-0.0252623156733	0.0286276154506	1.0	-0.0377385197078	-0.0071536227369	0.0264821586849	0.0316713466373	-0.0260858550224	0.0268847586095	-0.00351505359593	0.0127275428956	0.000758001386751	-0.000909199741793	-0.0430166057386	-0.0834378081052	-0.0294899241416	0.00572520491068	-0.0312090119632	-0.0187920791912	-0.0275544492587	0.00234684148746	-0.00421481395693	-0.0234178730088	-0.00427011416657	0.0441134052902	-0.0264051165162	-0.04502707994	0.00714312502846	-0.0124730567151	-0.0504067055606	-0.0549362131472	-0.0256948842923	0.00111975869142	-0.00667863487163	-0.0381345913939	0.0143077012765	-0.0145652360985	0.000738837684933	0.017799927928	0.0418361544876	0.0104244470183	-0.024733730862	-0.0340363023048	0.0167609464067	0.00154866088256	-0.033044267722	-0.0038831557559	0.0441248330492	0.0231821839048	0.0100635663269
k__Bacteria;p__Bacteroidetes;c__Bacteroidia;o__Bacteroidales;f__Bacteroidaceae;g__Bacteroides;s__Bacteroides_cellulosilyticus	0.013800212659	0.0133798739498	0.000604711397438	-0.0200689465987	-0.00849430694298	0.0680741309388	-0.0223798755003	-0.0187178350993	-0.0667238575213	0.0138576339343	0.0263331378777	-0.0377385197078	1.0	0.00902724809075	0.0693091227855	-0.0439936940447	0.0179990440926	0.000952629183325	-0.0414073071806	0.0134223057224	-0.0240511673464	0.0368279157343	-0.0300338017858	-0.0097972971605	-0.0697895881276	0.00837406965782	-0.00774688525066	-0.0287500074656	-0.0709894139305	-0.0527368084485	0.0345852859053	0.00419725982489	0.0547029022545	-0.0446757649353	0.0143689309028	4.5330410065e-05	0.0186568264559	0.0138079375431	0.00474516760096	-0.0183934701178	0.0151087533372	0.0311929015107	-0.0478016983926	-0.0276371923307	0.0347655287106	-0.0456881197473	-0.0369261546078	0.0157878862121	-0.0111718190293	-0.0173892260441	-0.0050515894361	0.0653299655802	-0.0122700001297	-0.0498448916174	-0.00555991594771	0.039188888057	-0.0280472606319	-0.0684019568028	-0.00866596735747
k__Bacteria;p__Bacteroidetes;c__Bacteroidia;o__Bacteroidales;f__Rikenellaceae;g__Alistipes;s__Alistipes_obesi	0.00668348134469	-0.0533053863193	-0.0653735787157	-0.0364417861307	0.0906108918878	-0.0265897503795	-0.0163419448367	-0.0529133929947	-0.00316447497031	0.0157686748475	-0.00908170921984	-0.0071536227369	0.00902724809075	1.0	-0.00333526564393	-0.0143514090672	-0.0296167028738	-0.014058729152	0.0644634892298	0.0199447504743	-0.0701943015924	-0.011157095713	-0.00946998972341	-0.0281473683928	-0.0289022628442	-0.0220518688594	-0.024681786753	-0.0053456368574	0.00191293076691	0.0194821846771	-0.0343190592248	-0.0294799729318	0.0156645196927	0.0501373066918	-0.028590640007	-0.0226638113878	-0.00971444587237	0.0171453430232	-0.0300747813499	0.0404864939756	-0.0117693665585	-0.0211426950818	-0.0130782370903	0.0366394334802	0.00273533816202	-0.0109620954941	0.044475901674	0.047971359513	-0.0610549262073	-0.000829770629536	-0.0140514906811	-0.0631637525775	-0.0691719074766	-0.0723781288981	-0.0577589722477	-0.00964389830163	-0.00746760068527	-0.0279855294739	-0.0410530265468
k__Bacteria;p__Firmicutes;c__Clostridia;o__Clostridiales;f__Lachnospiraceae;g__;s__[Eubacterium]_rectale	0.0348869828096	-0.0159182487127	-0.00855982675431	-0.0363132068939	-0.0410090198628	0.00749751687501	-0.00597339137191	-0.0224923054784	-0.0175662696012	-0.0537435692662	0.00387293652145	0.0264821586849	0.0693091227855	-0.00333526564393	1.0	-0.0383827673926	0.00869829986148	0.0300314965368	-0.0178736163801	-0.0214423781834	0.00201532704375	0.0415936830424	-0.0196784943217	-0.012971164556	0.0508671447664	0.0481894946909	0.0288443096607	-0.0331412715213	-0.0120039573486	-0.00104449435614	-0.00170520607767	-0.0235071604904	-0.00473478257022	-0.0228049565827	-0.0126461093908	-0.0651956162927	-0.0334257355541	0.0110556984911	0.0395585450089	-0.0557241354427	-0.0165014660831	0.0375470283659	0.0330470309074	0.00373594968997	0.0285331502693	-0.0325937240505	-0.0534510188341	-0.0390592065885	-0.0188258015224	-0.00369211519701	0.0192611778582	0.0327630775728	0.0448897780068	-0.0115491469684	0.0360567615	0.0259388830574	-0.0372583416165	-0.0651738630713	-0.0166635267324
k__Bacteria;p__Bacteroidetes;c__Bacteroidia;o__Bacteroidales;f__Bacteroidaceae;g__Bacteroides;s__Bacteroides_plebeius	0.0162017668812	-0.00651463391022	0.00134765424806	-0.0121464427134	0.036906351955	-0.0410787313872	-0.00934733274535	-0.0305548902239	-0.0177047391177	-0.0236750430003	-0.0487162572254	0.0316713466373	-0.0439936940447	-0.0143514090672	-0.0383827673926	1.0	0.031930975273	0.0436029196604	0.0333753841912	0.0101131893791	0.00154761212809	-0.014094037382	0.00839185419714	-0.0297764717975	-0.0360421371264	0.00369149296122	0.008808982417	-0.0179942847914	-0.0677603583821	-0.0144489703605	-0.0241519696001	-0.00033424450796	-0.0636189870776	-0.0482236371015	-0.0316980268823	0.0283540804137	-0.00133923265348	-0.0544132642014	-0.027634421476	-0.0127915927946	0.0736192511344	0.0229334310148	0.00569855598707	0.0124573115437	-0.000908711826298	-0.0585026468624	0.0615420352644	0.0442265026694	-0.0155193499006	0.0626992264133	-0.0398980281584	-0.0257458856107	-0.0393379931815	0.00324688102909	0.0122549578019	-0.0393982806554	0.0190144605738	-0.00872455759867	-0.0521819587024
k__Bacteria;p__Bacteroidetes;c__Bacteroidia;o__Bacteroidales;f__Bacteroidaceae;g__Bacteroides;s__Bacteroides_fragilis	0.00598325688642	-0.0734106463746	0.0407218865848	0.00742081540198	-0.0261351251204	-0.0249302639846	-0.00401220100166	-0.0412870180445	0.0165298359246	-0.0375219605062	0.0389107016946	-0.0260858550224	0.0179990440926	-0.0296167028738	0.00869829986148	0.031930975273	1.0	-0.0042204665301	-0.0102166944343	-0.0278048836201	-0.0502203539406	-0.00118005418283	-0.00810377185181	0.0265165332182	-0.0152972393388	-0.00974253557546	-0.0396440258971	0.00243970864107	0.000512935660703	-0.028832162691	0.0292362831247	0.0841468500016	-0.0146454293589	-0.0363072198715	-0.0110788438001	0.0216121303769	0.000567010406725	-0.00479138015061	0.00124720172838	0.013740413227	0.00598930519914	-0.0130920995527	0.0429606434078	0.0337672438298	0.0279418986734	-0.0242976892753	0.0362867886637	-0.0360836950082	0.00419678316045	-0.0375330466592	0.0100896486593	0.0258776144056	-0.0236520771544	0.0319888803208	0.0570089049297	-0.0394370933026	0.0134874532147	-0.0436952568243	-0.0414752832003
k__Bacteria;p__Proteobacteria;c__Betaproteobacteria;o__Burkholderiales;f__Sutterellaceae;g__Sutterella;s__Sutterella_wadsworthensis	-0.00937535709382	-0.00732175572826	0.0215184456121	0.00326884012537	0.00560811132595	-0.0511766655517	-0.0061754039875	0.0482638780498	-0.022986744456	0.00133691263452	-0.0146985945497	0.0268847586095	0.000952629183325	-0.014058729152	0.0300314965368	0.0436029196604	-0.0042204665301	1.0	-0.0609309062918	0.0320271857626	0.00493261237278	-0.0174077328456	-0.0183361424538	0.0397114393701	0.00526054346144	-0.00271500821542	-0.0855989536806	0.0256129476738	-0.00402412312905	0.0241812810399	0.100673428628	-0.0247904283347	-0.044944207916	-0.0307936519678	0.0498668559827	-0.00235030501443	-0.00826451557895	0.00813583064227	0.0338591482273	-0.0077551444778	-0.0250202325116	0.0243109251282	-0.0428007386639	-0.0252949818327	0.00328153223772	-0.00303144850855	-0.000918183567489	-0.0500621602445	0.00316559639308	0.0495552126874	0.00462923338141	0.0148000539728	-0.0305093981299	0.00545728989677	0.00159357491808	-0.00650429783509	-0.0487261550664	0.0181959731826	-0.0114664593562
k__Bacteria;p__Bacteroidetes;c__Bacteroidia;o__Bacteroidales;f__Porphyromonadaceae;g__Barnesiella;s__Barnesiella_intestinihominis	-0.0108084939477	0.0212850016069	-0.0285918052187	-0.0423607603703	0.0843548954218	-0.0326593818088	-0.0204107100466	-0.0468288709191	-0.0557334625064	-0.0664679491195	-0.0423268975986	-0.00351505359593	-0.0414073071806	0.0644634892298	-0.0178736163801	0.0333753841912	-0.0102166944343	-0.0609309062918	1.0	0.0134421058677	-0.058093419242	-0.0120302693448	0.0359845134953	-0.032949661901	-0.0242166627204	-0.0383019605923	-0.0151540845953	-0.0164641978247	-0.0299115504019	-0.00359147818143	-0.0104751224954	-0.0402771633485	0.0211619006294	-0.0203707936013	0.0278487305967	0.0478988915939	-0.0168854305893	0.0203747065716	0.0553712764197	-0.0540547349723	0.012370295763	-0.0781967391278	0.000832942840487	0.0719669707506	-0.0156970958968	-0.0103180571535	0.0222343825799	0.00261703989742	-0.0517135367321	-0.0661868488665	0.000771464120306	0.01792131504	0.0229874329866	-0.0257200963978	0.0305256916837	-0.0322140276818	0.0517050724141	0.0011382884664	-0.019590281339
k__Bacteria;p__Bacteroidetes;c__Bacteroidia;o__Bacteroidales;f__Odoribacteraceae;g__Odoribacter;s__Odoribacter_splanchnicus	-0.0470436286704	-0.0527567946142	-0.0160187986115	0.00665562431311	-0.0403093451277	-0.0190704953794	-0.0239753548089	-0.0569056660923	-0.0107595433246	-0.087407992127	-0.0293098919785	0.0127275428956	0.0134223057224	0.0199447504743	-0.0214423781834	0.0101131893791	-0.0278048836201	0.0320271857626	0.0134421058677	1.0	0.0461554982043	-0.00577033877224	0.0426179709937	-0.0226920013981	-0.0283689209972	-0.0275951056045	0.00840501764371	-0.0155131204362	0.0837396258089	-0.015522192093	-0.0554072976622	0.0168651925547	-0.00805098966396	0.0073185274259	-0.0291831381988	-0.000802098100638	-0.0522784606591	-0.0046674267934	0.0189540883875	-0.0217210522205	-0.0380449631031	-0.0699038425333	-0.0712701286567	-2.27993989773e-05	0.00345442424817	0.0373046228674	-0.0632145848306	0.057893101998	-0.0192914643413	-0.00360895142595	0.0559728916781	0.00592808724954	-0.0285583679944	0.0114470922373	0.0181334231228	-0.0412030927149	-0.0229460171533	-0.0284327821344	0.00812577040357
k__Bacteria;p__Bacteroidetes;c__Bacteroidia;o__Bacteroidales;f__Bacteroidaceae;g__Bacteroides;s__Bacteroides_salyersiae	-0.0294606910873	0.0642488052921	0.0219755452711	-0.00855078163075	-0.00174877782581	-0.036805707175	0.021228607426	-0.00581406944324	-0.0345861111836	-0.0190506771791	-0.0556187870732	0.000758001386751	-0.0240511673464	-0.0701943015924	0.00201532704375	0.00154761212809	-0.0502203539406	0.00493261237278	-0.058093419242	0.0461554982043	1.0	-0.0400334275981	-0.00205481652176	0.0447603226688	-0.0446415797786	0.0621572805388	0.0522472102689	0.0134105542993	0.0602005199933	-0.0309341624857	0.00727179527616	-0.00196035054075	0.0316966951838	-0.0733654568468	0.0423398421965	0.0720758909672	-0.00972107628359	0.0283032732707	0.00235718111551	-0.0227179631302	0.029174993791	0.024782021114	-0.0124123241871	0.0243290989047	-0.000612664877335	0.00840923033849	0.00182597209145	0.0195149072859	-0.0317287111671	0.0898423689693	0.0256381133903	0.0232773104493	0.0318289935211	-0.0240899771306	-0.048655165714	-0.0441745129971	-0.00580074631877	-0.00834410103149	-0.00897551136322
k__Bacteria;p__Firmicutes;c__Clostridia;o__Clostridiales;f__Ruminococcaceae;g__Ruminiclostridium;s__[Eubacterium]_siraeum	-0.0106484422403	-0.03461003345	-0.00511868392356	-0.0100872067087	0.00716892112107	0.0375916498947	-0.00526117989682	-0.0102093006772	-0.0456906900647	0.0250096392214	0.0130289798731	-0.000909199741793	0.0368279157343	-0.011157095713	0.0415936830424	-0.014094037382	-0.00118005418283	-0.0174077328456	-0.0120302693448	-0.00577033877224	-0.0400334275981	1.0	-0.00662618653755	-0.0315792840886	-0.00546539816918	-0.0228835467007	0.041127362304	0.0263208510029	-0.0505053161797	0.0047431364499	-0.0286110557171	0.0154949222492	-0.0297412811584	-0.0212540037785	-0.0389249417016	0.0083693086632	-0.0245415448457	-0.00125094171242	0.0320002075899	-0.027196925112	-0.0152224977065	-0.0379719190117	-0.0190006034974	0.0287842929435	-0.0911812683334	-0.00758474892494	0.0266591754992	0.00382176612168	0.0176805177033	-0.0148533414905	0.00832184783485	-0.0230304887898	-0.0207134823523	-0.0194745918682	0.0406670194815	0.00905174888745	-0.037853592316	0.0379179564832	-0.00859981231608
k__Bacteria;p__Proteobacteria;c__Betaproteobacteria;o__Burkholderiales;f__Sutterellaceae;g__Parasutterella;s__Parasutterella_excrementihominis	0.00960014965487	-0.0119385331359	-0.0163218736355	0.0274121089037	0.0176870349212	-0.0176150438842	0.0126003610343	-0.00377067214427	-0.0643814909753	-0.0594313767707	-0.0409732353071	-0.0430166057386	-0.0300338017858	-0.00946998972341	-0.0196784943217	0.00839185419714	-0.00810377185181	-0.0183361424538	0.0359845134953	0.0426179709937	-0.00205481652176	-0.00662618653755	1.0	-0.0191809179578	0.0565254522685	0.00261449188718	-0.0258592155231	0.0143418952301	-0.0687150219508	0.0423724544396	-0.00602178717543	0.0148504621656	-0.00282949432376	-0.0514440499864	-0.0127313537537	-0.0436009005817	0.00375446115026	0.0249274165542	-0.0366463946139	0.0245057520003	-0.0279612681621	-0.0109888642299	-0.0732630740588	-0.0539620025248	-0.015240550315	-0.00336594948535	-0.0274185533104	0.00408900836759	0.00403050925892	0.044724646956	-0.0320945127457	0.00788151112627	-0.0363083959435	-0.0263826190221	-0.0382772520209	-0.0810611529201	0.0405083570529	-0.00352799739672	-0.0510853594361
k__Bacteria;p__Actinobacteria;c__Actinobacteria;o__Bifidobacteriales;f__Bifidobacteriaceae;g__Bifidobacterium;s__Bifidobacterium_adolescentis	-0.0406400772427	0.00269925912833	0.033692336552	-0.0222768784422	0.00614235320684	-0.014815549198	-0.0580741563988	-0.0194567968296	0.0881211011142	0.0238196058575	-0.0318855283252	-0.0834378081052	-0.0097972971605	-0.0281473683928	-0.012971164556	-0.0297764717975	0.0265165332182	0.0397114393701	-0.032949661901	-0.0226920013981	0.0447603226688	-0.0315792840886	-0.0191809179578	1.0	-0.0356313680378	-0.0209963256921	0.000763340056629	0.055483330492	0.12515144007	0.0217896282302	-0.0105088333787	-0.0526956837023	-0.00523355705668	0.00611360566923	0.0502156738083	0.0356505806747	0.0408097384993	0.05721199775	0.04115426226	-0.00428435678564	-0.00891687840265	0.0070533173317	0.0224595213372	-0.0535956937167	0.0273787112738	0.0333074554406	-0.00407005078907	-0.0526586108243	-0.00808528442271	-0.0293316512513	-0.0237446086177	0.00260276503583	-0.0197465142975	0.00166991748092	0.00505971595415	-0.0190581427112	0.0184485237137	-0.0680471553844	-0.0229533167477
k__Bacteria;p__Firmicutes;c__Clostridia;o__Clostridiales;f__Oscillospiraceae;g__Oscillibacter;s__Oscillibacter_sp._KLE_1745	-0.0760944288774	-0.0358182055735	-0.0599413163664	-0.00399799204877	0.00979591025494	-0.00465863668801	0.0305824377193	0.023772500346	-0.0162959253392	-0.00752881516126	-0.00619982633736	-0.0294899241416	-0.0697895881276	-0.0289022628442	0.0508671447664	-0.0360421371264	-0.0152972393388	0.00526054346144	-0.0242166627204	-0.0283689209972	-0.0446415797786	-0.00546539816918	0.0565254522685	-0.0356313680378	1.0	0.00132928212264	-0.0378739972508	-0.0215612121854	0.00354844897014	0.0233418710089	-0.0168585173199	-0.0413781759434	-0.0373357635437	0.00156247910496	-0.00478316113029	0.0464465661889	0.0189094446902	-0.00352258077614	0.00423421270384	0.0213305402545	-0.020169884929	0.0137797512743	-0.0150849156713	-0.0455858267397	-0.0221194214635	0.00216225469515	-0.0105489861426	0.0234973973419	-0.0398836115879	0.0730463816668	0.000180521139375	0.00220846257441	-0.0104846159361	0.0212248044095	0.00823025265423	0.0280690607166	0.0292185235738	-0.034542922539	-0.0464677116323
k__Bacteria;p__Bacteroidetes;c__Bacteroidia;o__Bacteroidales;f__Bacteroidaceae;g__Bacteroides;s__Bacteroides_coprophilus	-0.0173055466542	-0.000434049045961	0.0534913934059	0.0575105503943	-0.0096519856013	-0.0240472143034	0.0046827805899	0.0153906525537	-0.0202735595736	0.00899618413158	-0.0503207768844	0.00572520491068	0.00837406965782	-0.0220518688594	0.0481894946909	0.00369149296122	-0.00974253557546	-0.00271500821542	-0.0383019605923	-0.0275951056045	0.0621572805388	-0.0228835467007	0.00261449188718	-0.0209963256921	0.00132928212264	1.0	0.0145022485346	-0.0482549314896	-0.0261037034457	0.0294410676731	0.0180756382007	0.0530227137918	-0.042178057478	-0.0250977937487	-0.0179423884234	0.041445858832	0.0159846482866	-0.0354504655193	-0.0366925171333	-0.0723154621368	-0.00550156021226	0.0423520329315	-0.0698977086049	-0.0470663766534	-0.00489108106013	0.0359773429253	-0.0062593555291	0.00730333483369	-0.0215230200767	0.00445838938846	0.000765850524596	-0.0563213172958	0.0272368353978	0.007404649963	0.0118395054788	-0.0421117205837	-0.0478706662965	0.0323942734101	0.00620179582279
k__Bacteria;p__Firmicutes;c__Clostridia;o__Clostridiales;f__Lachnospiraceae;g__Roseburia;s__Roseburia_intestinalis	0.0228586626054	0.00806586678537	-0.00530680711407	-0.0179137831737	0.0793496503465	0.0668954339562	0.00529660323501	0.0260733558365	0.00457881437483	-0.0480384670032	0.00948296840172	-0.0312090119632	-0.00774688525066	-0.024681786753	0.0288443096607	0.008808982417	-0.0396440258971	-0.0855989536806	-0.0151540845953	0.00840501764371	0.0522472102689	0.041127362304	-0.0258592155231	0.000763340056629	-0.0378739972508	0.0145022485346	1.0	-0.023494939835	0.00783928788735	-0.0240459092154	0.00567726831914	-0.00220651978319	0.018995452994	-0.0412943110824	-0.0438121977007	-0.023871020597	-0.00876261575126	-0.0473551042093	0.0273274514012	0.0433707169277	0.00675772654827	-0.0132931792883	0.00455601582252	-0.0475272358553	-0.0490806471391	-0.0824507440365	0.0149081221464	-0.0151335151037	-0.0319276083604	-0.0108179715944	0.0552548812131	-0.0338111967059	-0.0187121305357	0.00262274945175	-0.0685523971849	0.0228190087294	-0.0939849116291	-0.0251923075982	0.0237054149393
k__Bacteria;p__Firmicutes;c__Clostridia;o__Clostridiales;f__Lachnospiraceae;g__Roseburia;s__Roseburia_hominis	0.0588700045675	-0.0348292059642	-0.0540275514079	0.00350747762373	0.0116515327992	-0.0239663664824	-0.0221758476913	0.0365538127725	0.0353008839805	-0.0223762109436	-0.0428220040508	-0.0187920791912	-0.0287500074656	-0.0053456368574	-0.0331412715213	-0.0179942847914	0.00243970864107	0.0256129476738	-0.0164641978247	-0.0155131204362	0.0134105542993	0.0263208510029	0.0143418952301	0.055483330492	-0.0215612121854	-0.0482549314896	-0.023494939835	1.0	-0.00964141717947	-0.0119722072777	-0.0266317224352	-0.0262773896578	0.00474503899093	0.0119164085235	-0.00584596971678	-0.0435345494994	-0.0298065883432	0.0316887200845	0.0180946028554	0.0209807977555	-0.0726514958282	-0.0293111878684	-0.0533608862694	-0.00889879468144	-0.0200092096402	-0.0157106622929	0.0151639679307	-0.00579366253125	-0.0336673860971	-0.0243519766973	0.0378626688524	0.0536725700114	-0.0453341137182	0.00454957519989	-0.0180996140524	0.0453076212044	0.0205626797696	0.0274539889676	-0.00177946043669
k__Bacteria;p__Bacteroidetes;c__Bacteroidia;o__Bacteroidales;f__Porphyromonadaceae;g__Parabacteroides;s__Parabacteroides_johnsonii	0.0060745340874	-0.047414190325	-0.0110327267835	0.0510488455395	-0.00908210508939	0.00809880597813	-0.0416046201761	0.00578970646307	0.0517473382902	0.00703934740312	-0.0221401522016	-0.0275544492587	-0.0709894139305	0.00191293076691	-0.0120039573486	-0.0677603583821	0.000512935660703	-0.00402412312905	-0.0299115504019	0.0837396258089	0.0602005199933	-0.0505053161797	-0.0687150219508	0.12515144007	0.00354844897014	-0.0261037034457	0.00783928788735	-0.00964141717947	1.0	0.0235688642046	0.0671503989708	0.00757225998147	0.0390781963915	-0.00663924497489	-0.0134365992588	0.0242224136402	-0.0795473735318	-0.0215616653474	-0.0120209478451	0.00324968774937	-0.0165792653441	0.0111305384812	0.0137324578092	-0.0745459985802	-0.00519449258014	-0.049315630436	-0.00660966423043	-0.0851405594636	0.00155382388843	-0.0194101333548	-0.0213584056372	0.0159607115594	-0.0437771895461	0.0342006185198	0.0268025202258	0.017192295609	-0.0248974065965	-0.0322623833804	-0.0306376221894
