#taxonomy	k__Bacteria;p__Bacteroidetes;c__Bacteroidia;o__Bacteroidales;f__Bacteroidaceae;g__Bacteroides;s__Bacteroides_vulgatus	k__Bacteria;p__Bacteroidetes;c__Bacteroidia;o__Bacteroidales;f__Bacteroidaceae;g__Bacteroides;s__Bacteroides_uniformis	k__Bacteria;p__Bacteroidetes;c__Bacteroidia;o__Bacteroidales;f__Rikenellaceae;g__Alistipes;s__Alistipes_putredinis	k__Bacteria;p__Bacteroidetes;c__Bacteroidia;o__Bacteroidales;f__Prevotellaceae;g__Prevotella;s__Prevotella_copri	k__Bacteria;p__Bacteroidetes;c__Bacteroidia;o__Bacteroidales;f__Bacteroidaceae;g__Bacteroides;s__Bacteroides_stercoris	k__Bacteria;p__Bacteroidetes;c__Bacteroidia;o__Bacteroidales;f__Bacteroidaceae;g__Bacteroides;s__Bacteroides_ovatus	k__Bacteria;p__Bacteroidetes;c__Bacteroidia;o__Bacteroidales;f__Rikenellaceae;g__Alistipes;s__Alistipes_shahii	k__Bacteria;p__Firmicutes;c__Clostridia;o__Clostridiales;f__Ruminococcaceae;g__Faecalibacterium;s__Faecalibacterium_prausnitzii	k__Bacteria;p__Bacteroidetes;c__Bacteroidia;o__Bacteroidales;f__Rikenellaceae;g__Alistipes;s__Alistipes_finegoldii	k__Bacteria;p__Bacteroidetes;c__Bacteroidia;o__Bacteroidales;f__Porphyromonadaceae;g__Parabacteroides;s__Parabacteroides_distasonis	k__Bacteria;p__Bacteroidetes;c__Bacteroidia;o__Bacteroidales;f__Bacteroidaceae;g__Bacteroides;s__Bacteroides_thetaiotaomicron	k__Bacteria;p__Bacteroidetes;c__Bacteroidia;o__Bacteroidales;f__Bacteroidaceae;g__Bacteroides;s__Bacteroides_coprocola	k__Bacteria;p__Bacteroidetes;c__Bacteroidia;o__Bacteroidales;f__Bacteroidaceae;g__Bacteroides;s__Bacteroides_cellulosilyticus	k__Bacteria;p__Bacteroidetes;c__Bacteroidia;o__Bacteroidales;f__Rikenellaceae;g__Alistipes;s__Alistipes_obesi	k__Bacteria;p__Firmicutes;c__Clostridia;o__Clostridiales;f__Lachnospiraceae;g__;s__[Eubacterium]_rectale	k__Bacteria;p__Bacteroidetes;c__Bacteroidia;o__Bacteroidales;f__Bacteroidaceae;g__Bacteroides;s__Bacteroides_plebeius	k__Bacteria;p__Bacteroidetes;c__Bacteroidia;o__Bacteroidales;f__Bacteroidaceae;g__Bacteroides;s__Bacteroides_fragilis	k__Bacteria;p__Proteobacteria;c__Betaproteobacteria;o__Burkholderiales;f__Sutterellaceae;g__Sutterella;s__Sutterella_wadsworthensis	k__Bacteria;p__Bacteroidetes;c__Bacteroidia;o__Bacteroidales;f__Porphyromonadaceae;g__Barnesiella;s__Barnesiella_intestinihominis	k__Bacteria;p__Bacteroidetes;c__Bacteroidia;o__Bacteroidales;f__Odoribacteraceae;g__Odoribacter;s__Odoribacter_splanchnicus	k__Bacteria;p__Bacteroidetes;c__Bacteroidia;o__Bacteroidales;f__Bacteroidaceae;g__Bacteroides;s__Bacteroides_salyersiae	k__Bacteria;p__Firmicutes;c__Clostridia;o__Clostridiales;f__Ruminococcaceae;g__Ruminiclostridium;s__[Eubacterium]_siraeum	k__Bacteria;p__Proteobacteria;c__Betaproteobacteria;o__Burkholderiales;f__Sutterellaceae;g__Parasutterella;s__Parasutterella_excrementihominis	k__Bacteria;p__Actinobacteria;c__Actinobacteria;o__Bifidobacteriales;f__Bifidobacteriaceae;g__Bifidobacterium;s__Bifidobacterium_adolescentis	k__Bacteria;p__Firmicutes;c__Clostridia;o__Clostridiales;f__Oscillospiraceae;g__Oscillibacter;s__Oscillibacter_sp._KLE_1745	k__Bacteria;p__Bacteroidetes;c__Bacteroidia;o__Bacteroidales;f__Bacteroidaceae;g__Bacteroides;s__Bacteroides_coprophilus	k__Bacteria;p__Firmicutes;c__Clostridia;o__Clostridiales;f__Lachnospiraceae;g__Roseburia;s__Roseburia_intestinalis	k__Bacteria;p__Firmicutes;c__Clostridia;o__Clostridiales;f__Lachnospiraceae;g__Roseburia;s__Roseburia_hominis	k__Bacteria;p__Bacteroidetes;c__Bacteroidia;o__Bacteroidales;f__Porphyromonadaceae;g__Parabacteroides;s__Parabacteroides_johnsonii	k__Bacteria;p__Actinobacteria;c__Actinobacteria;o__Bifidobacteriales;f__Bifidobacteriaceae;g__Bifidobacterium;s__Bifidobacterium_longum	k__Bacteria;p__Firmicutes;c__Clostridia;o__Clostridiales;f__;g__Flavonifractor;s__Flavonifractor_plautii	k__Bacteria;p__Firmicutes;c__Clostridia;o__Clostridiales;f__Clostridiaceae;g__Clostridium;s__Clostridium_phoceensis	k__Bacteria;p__Verrucomicrobia;c__Verrucomicrobiae;o__Verrucomicrobiales;f__Akkermansiaceae;g__Akkermansia;s__Akkermansia_muciniphila	k__Bacteria;p__Bacteroidetes;c__Bacteroidia;o__Bacteroidales;f__Prevotellaceae;g__Paraprevotella;s__Paraprevotella_xylaniphila	k__Bacteria;p__Firmicutes;c__Clostridia;o__Clostridiales;f__Ruminococcaceae;g__Ruminococcus;s__Ruminococcus_callidus	k__Bacteria;p__Bacteroidetes;c__Bacteroidia;o__Bacteroidales;f__Rikenellaceae;g__Alistipes;s__Alistipes_senegalensis	k__Bacteria;p__Firmicutes;c__Clostridia;o__Clostridiales;f__Lachnospiraceae;g__Blautia;s__Blautia_sp._KLE_1732	k__Bacteria;p__Bacteroidetes;c__Bacteroidia;o__Bacteroidales;f__Bacteroidaceae;g__Bacteroides;s__Bacteroides_oleiciplenus	k__Bacteria;p__Firmicutes;c__Clostridia;o__Clostridiales;f__Ruminococcaceae;g__Ruminococcus;s__Ruminococcus_bicirculans	k__Bacteria;p__Bacteroidetes;c__Bacteroidia;o__Bacteroidales;f__Bacteroidaceae;g__Bacteroides;s__Bacteroides_fluxus	k__Bacteria;p__Bacteroidetes;c__Bacteroidia;o__Bacteroidales;f__Prevotellaceae;g__Prevotella;s__Prevotella_stercorea	k__Bacteria;p__Firmicutes;c__Clostridia;o__Clostridiales;f__Lachnospiraceae;g__Dorea;s__Dorea_longicatena	k__Bacteria;p__Firmicutes;c__Clostridia;o__Clostridiales;f__Eubacteriaceae;g__Eubacterium;s__[Eubacterium]_eligens	k__Bacteria;p__Firmicutes;c__Clostridia;o__Clostridiales;f__Ruminococcaceae;g__;s__Ruminococcaceae_bacterium_D16	k__Bacteria;p__Firmicutes;c__Clostridia;o__Clostridiales;f__Lachnospiraceae;g__Coprococcus;s__Coprococcus_comes	k__Bacteria;p__Proteobacteria;c__Gammaproteobacteria;o__Enterobacterales;f__Enterobacteriaceae;g__Escherichia;s__Escherichia_coli	k__Bacteria;p__Firmicutes;c__Clostridia;o__Clostridiales;f__Ruminococcaceae;g__Anaerotruncus;s__Anaerotruncus_colihominis	k__Bacteria;p__Firmicutes;c__Clostridia;o__Clostridiales;f__Lachnospiraceae;g__Blautia;s__Blautia_obeum	k__Bacteria;p__Bacteroidetes;c__Bacteroidia;o__Bacteroidales;f__Odoribacteraceae;g__Odoribacter;s__Odoribacter_laneus	k__Bacteria;p__Firmicutes;c__Clostridia;o__Clostridiales;f__Ruminococcaceae;g__Ruminiclostridium;s__[Clostridium]_leptum	k__Bacteria;p__Bacteroidetes;c__Bacteroidia;o__Bacteroidales;f__Porphyromonadaceae;g__Parabacteroides;s__Parabacteroides_goldsteinii	k__Bacteria;p__Firmicutes;c__Clostridia;o__Clostridiales;f__Lachnospiraceae;g__Anaerostipes;s__Anaerostipes_hadrus	k__Bacteria;p__Firmicutes;c__Clostridia;o__Clostridiales;f__Ruminococcaceae;g__Ruminococcus;s__Ruminococcus_lactaris	k__Bacteria;p__Firmicutes;c__Clostridia;o__Clostridiales;f__Clostridiaceae;g__Clostridium;s__Clostridium_sp._L2-50	k__Bacteria;p__Firmicutes;c__Clostridia;o__Clostridiales;f__Clostridiaceae;g__Clostridium;s__Clostridium_sp._M62/1	k__Bacteria;p__Firmicutes;c__Clostridia;o__Clostridiales;f__;g__Intestinimonas;s__Intestinimonas_butyriciproducens	k__Bacteria;p__Actinobacteria;c__Actinobacteria;o__Bifidobacteriales;f__Bifidobacteriaceae;g__Bifidobacterium;s__Bifidobacterium_bifidum	k__Bacteria;p__Firmicutes;c__Negativicutes;o__Veillonellales;f__Veillonellaceae;g__Dialister;s__Dialister_invisus	k__Bacteria;p__Bacteroidetes;c__Bacteroidia;o__Bacteroidales;f__Bacteroidaceae;g__Bacteroides;s__Bacteroides_salanitronis
k__Bacteria;p__Bacteroidetes;c__Bacteroidia;o__Bacteroidales;f__Bacteroidaceae;g__Bacteroides;s__Bacteroides_vulgatus	1.0	0.0237214321286	-0.0145297239975	-0.00175520445922	-0.0131231146424	-0.0771075289602	-0.0560532822371	-0.0271708569252	0.052312309644	0.106105367026	-0.0103963696564	0.0122233752613	-0.0996412608419	-0.0251778418805	0.00974409391525	0.0302351442547	0.01404383745	-0.0351461586912	0.0283759522898	0.000777470111508	-0.0668594230458	-0.142676782851	-0.0562841315681	-0.118029240472	-0.0572457378952	-0.0818824311534	-0.152639319346	0.00864640557957	0.0771865409241	-0.0481902993739	-0.122077550067	0.136445863006	-0.0288186014479	-0.0466424415757	0.0163446097296	0.0435388308694	0.0138200412924	-0.0220733074454	-0.0479800451606	-0.0472956493051	-0.0538731278208	0.0383600247914	-0.0383017283631	-0.132503987096	-0.020652275646	-0.00569306726008	0.0501381405008	-0.0761872385488	-0.0485004463662	-0.0386420022778	0.0487482274308	-0.00238126925342	-0.0130176564721	0.0264992966565	0.0392193405867	-0.0596530403063	0.00855140021369	0.00164023649429	0.00636621604703
k__Bacteria;p__Bacteroidetes;c__Bacteroidia;o__Bacteroidales;f__Bacteroidaceae;g__Bacteroides;s__Bacteroides_uniformis	0.0237214321286	1.0	-0.00721600535482	-0.135599410419	-0.0366338319277	0.0007890315874	-0.0348752187125	-0.0809910823151	-0.0573652049877	0.0201234643275	-0.0328326766822	-0.062176503235	-0.0919778568652	-0.114386949249	-0.0843072683329	0.023451264773	-0.0727520669126	0.030000022151	-0.0260288312071	0.0393567830781	0.103698372102	-0.11454354773	0.00849643983483	-0.111034206519	-0.0305585434649	-0.0772133318501	0.0306718825907	-0.0734672860368	-0.0909258932492	-0.071837766286	-0.0948319216883	0.0242338601707	-0.0572510897195	-0.00259984072725	-0.0465440117459	0.00437385291928	0.0601678406606	-0.0466508993024	-0.0545126331614	-0.00908867161189	-0.152234110583	-0.0513138137019	-0.109505567926	-0.0728337619447	-0.0209245500324	0.022182961766	-0.214623066247	-0.0417871971333	-0.0525541465129	-0.062279622273	-0.0143487824547	-0.0652587773581	-0.0835453847635	-0.0254076332678	-0.0672396367138	-0.00839973534628	-0.0903974098015	0.0457246002857	0.0157698049584
k__Bacteria;p__Bacteroidetes;c__Bacteroidia;o__Bacteroidales;f__Rikenellaceae;g__Alistipes;s__Alistipes_putredinis	-0.0145297239975	-0.00721600535482	1.0	-0.0227773596402	-0.0198510765131	0.00225088323801	-0.0309003189888	-0.029985390288	0.00500778134076	-0.123895915936	0.0883797799663	0.0190040130767	-0.013288587186	-0.0151891788519	0.00733250727546	-0.0389422469157	-0.0266108257393	-0.0305068967693	0.0680933875128	-0.0156479589873	-0.0109812464176	-0.0491135502575	-0.069934464899	-0.00881932326082	0.0161160668507	0.0519765763859	0.024711031398	-0.110301803355	-0.0952072733869	0.00245193957336	0.0217751646435	-0.0493767473067	0.0214146597277	-0.140037618407	-0.0815293412924	-0.034023805385	-0.00356097618412	-0.119792442891	-0.0724301385105	-0.00251301878174	-0.0200952334053	0.00312343535556	-0.0563056430223	-0.00571260235985	-0.0669683528206	0.0938986990255	-0.0707668870598	-0.00684076134367	-0.0219673086632	0.0322270653858	0.0194859751722	0.0065874912807	-0.0266933707868	-0.0026008515325	0.00343737897173	-0.0760045335088	0.037509068322	-0.0200371847972	-0.124617506766
k__Bacteria;p__Bacteroidetes;c__Bacteroidia;o__Bacteroidales;f__Prevotellaceae;g__Prevotella;s__Prevotella_copri	-0.00175520445922	-0.135599410419	-0.0227773596402	1.0	-0.0985634739387	-0.149263463691	-0.119562046532	-0.0696545104596	-0.050494685733	0.00202183600525	-0.019922456989	0.0526675330626	0.0445438297631	-0.0673146946134	-0.0102545018528	-0.0210383044627	-0.0221294593743	-0.0362108738669	0.0383293483126	-0.136701440797	-0.0393270015054	0.0606414537201	-0.0541593226701	-0.0723025231872	-0.0902137919629	-0.0613704414246	0.0529194655022	-0.0370387516303	-0.0282415720319	0.0549574409067	-0.0228446593862	-0.076735988851	-0.012591370743	0.00352783348447	0.0437094435644	0.0263164101133	-0.120994926879	-0.0728779803603	-0.00324217090136	0.0396730582631	0.043206755368	-0.079712906982	0.0153930327769	0.00605803222047	-0.0626578479639	-0.0149041206162	0.00227268312345	-0.00858567639069	-0.130360272114	0.038769940444	-0.00594654091137	-0.077381062084	-0.119505198283	0.0207777806906	-0.0299935076924	-0.142312747592	-0.00848399687259	-0.0801895248359	-0.0103264521824
k__Bacteria;p__Bacteroidetes;c__Bacteroidia;o__Bacteroidales;f__Bacteroidaceae;g__Bacteroides;s__Bacteroides_stercoris	-0.0131231146424	-0.0366338319277	-0.0198510765131	-0.0985634739387	1.0	0.0693545124522	0.0490872039718	-0.118072102385	-0.00278569454428	-0.0678925479444	-0.0266020039567	-0.0132917042705	-0.0644230755208	-0.0812370438605	-0.00869786619316	0.0862260107181	-0.0109331181285	-0.0148032834501	-0.0164604571852	-0.0731303448213	0.123321415028	-0.00641352222439	0.0945731462589	-0.0414528363753	-0.0643419057824	-0.0303191089183	0.0201093944503	-0.0232061120107	-0.0204736180058	-0.0553082936763	0.048984954253	-0.0819720657189	-0.115062714243	-0.103873931271	-0.0381701588974	-0.0840592874337	0.0176771552577	0.0853439151396	-0.0698771689998	-0.0999779838278	-0.0240100238143	-0.128803602984	-0.0010106958385	-0.0565217915255	0.0235277467732	0.0471452254091	0.0474110316283	-0.122299644983	0.0758610277784	-0.0956729754885	0.0180661997081	-0.066862989282	-0.019487122767	-0.0526637038428	-0.0736924566056	0.0818668520221	0.05101258436	-0.0672166722139	0.010250765687
k__Bacteria;p__Bacteroidetes;c__Bacteroidia;o__Bacteroidales;f__Bacteroidaceae;g__Bacteroides;s__Bacteroides_ovatus	-0.0771075289602	0.0007890315874	0.00225088323801	-0.149263463691	0.0693545124522	1.0	-0.00418945967607	-0.0709871823838	-0.131180897504	-0.0631221891594	-0.032084538944	-0.0810304433047	-0.0258609785565	0.107975008028	-0.00452378339621	-0.0144934307246	0.0245062217212	0.0430922110983	-0.0430924157443	0.0362280962262	-0.0343596279447	-0.0144268401393	0.00294150484995	-0.0706105124066	0.0707343750048	-0.106846099376	-0.00389702174131	-0.0915153173113	0.0304497183768	0.143582535214	0.0154063665331	-0.0838872513455	-0.00666419062091	0.153260915943	0.11981154849	-0.169408433032	0.0481014054385	0.0242773372747	-0.154852998172	0.0683320335333	-0.0703114292661	0.0512885167364	-1.20292079985e-05	-0.0160707302983	0.0116892722886	-0.0357643102885	-0.0573877990911	-0.0998369222185	-0.0748450318341	-0.0921292058989	-0.0882403588089	0.00479980568149	-0.0668538314075	-0.0449955939737	-0.0580719430527	-0.0512816012602	0.0232111545305	0.00426624686048	-0.0120928257011
k__Bacteria;p__Bacteroidetes;c__Bacteroidia;o__Bacteroidales;f__Rikenellaceae;g__Alistipes;s__Alistipes_shahii	-0.0560532822371	-0.0348752187125	-0.0309003189888	-0.119562046532	0.0490872039718	-0.00418945967607	1.0	0.0680063199933	-0.0468421802829	-0.115071939617	-0.0106732306279	0.0151934126157	-0.087334790009	0.0321281001633	0.0245185350053	0.0143090133357	-0.0708881815626	-0.059169046342	0.0399221752255	-0.0909098133018	-0.0381266542509	-0.0781337224904	-0.0856669518649	-0.0715280646952	0.127062672296	-0.00421893528116	0.099276165679	0.0168579021458	-0.0217998460886	-0.0750849955679	-0.0429630183985	-0.0169353982192	0.000159443515502	-0.0665020156036	-0.0489740362398	-0.0822657806847	0.014089233194	-0.0116862536591	0.0135368376441	-0.051575576693	0.100904988935	-0.112844474852	-0.0798777474935	-0.0367143806914	0.000252930575046	0.0512856500965	0.00221762239597	-0.0548099258212	-0.112629490288	0.00710530303088	0.0322193761805	-0.166022845005	0.115941486781	0.0218199926159	-0.0402594096504	0.00925184301056	-0.0652696998012	-0.0148070819467	-0.0952803278768
k__Bacteria;p__Firmicutes;c__Clostridia;o__Clostridiales;f__Ruminococcaceae;g__Faecalibacterium;s__Faecalibacterium_prausnitzii	-0.0271708569252	-0.0809910823151	-0.029985390288	-0.0696545104596	-0.118072102385	-0.0709871823838	0.0680063199933	1.0	0.00202249582778	0.0274564614389	-0.11750704664	-0.015541012732	-0.0813231370902	-0.0626257732871	-0.0183107630116	0.0626422559407	-0.107240340312	-0.0212592811997	-0.077715474592	-0.103621739128	-0.0798206693768	0.03371020989	-0.10612472723	-0.0102955474058	-0.0247763787488	0.0355699639073	-0.145279869104	-0.0693013775637	-0.0665706347118	0.0042822003183	-0.107996208255	-0.0806514559179	-0.0571643139247	0.0148450667376	-0.0503254182944	0.0265979956732	-0.0139077888276	-0.050757860905	-0.117924736328	-0.0666729454127	-0.0326584250337	0.116328575355	-0.0907513594333	-0.0311573427941	0.0157228498173	0.0355072531558	-0.115243283962	-0.025914959715	0.00682869644092	0.0485297658647	0.0737535488418	-0.00537404765619	0.0439924485111	0.0310797068343	0.0234005654656	-0.0501344839	0.0334764261839	-0.0892700749266	0.0235697089021
k__Bacteria;p__Bacteroidetes;c__Bacteroidia;o__Bacteroidales;f__Rikenellaceae;g__Alistipes;s__Alistipes_finegoldii	0.052312309644	-0.0573652049877	0.00500778134076	-0.050494685733	-0.00278569454428	-0.131180897504	-0.0468421802829	0.00202249582778	1.0	-0.000751328305126	-0.0436810728654	-0.0467113744029	0.0155813029848	-0.0630957267418	-0.108994829008	-0.0787190305881	-0.0985377763358	-0.0195190965757	-0.0126080613661	0.0975787612459	0.147374885648	0.0182416043955	0.0176896457725	0.0427316697649	-0.0119328886992	-0.0137885193659	0.0340820100727	-0.0331028710442	0.0368462101709	-0.0643413217096	0.0152684679999	-0.0325642627427	-0.00984662563807	-0.0786127302987	-0.0491161899066	-0.086554205015	0.132289894008	-0.0933417053034	0.0137743671743	0.043865518101	0.0209585987555	-0.0566804984332	0.0753312348562	-0.0826904465488	-0.0192438893553	-0.0435106858812	-0.0038395643914	-0.0893992658422	0.0364155784046	0.0382835927146	0.0289467946312	0.00838403054476	-0.0471037292146	-0.0412376353371	0.025849054467	-0.0830008155083	-0.0480381593157	-0.0423668876387	-0.0598627590779
k__Bacteria;p__Bacteroidetes;c__Bacteroidia;o__Bacteroidales;f__Porphyromonadaceae;g__Parabacteroides;s__Parabacteroides_distasonis	0.106105367026	0.0201234643275	-0.123895915936	0.00202183600525	-0.0678925479444	-0.0631221891594	-0.115071939617	0.0274564614389	-0.000751328305126	1.0	-0.000733353490907	-0.0507267614803	-0.118384287042	0.0354072349123	-0.0481285336882	-0.0148344763059	0.00248839092578	-0.0273292555665	-0.0548474709844	-0.0365278557032	-0.0689781936683	-0.0220042037696	-0.0317680457017	-0.0280641648179	-0.100632563222	-0.0512869097717	0.0139248907577	-0.00902675836818	0.00594917734877	-0.0949379688394	-0.0644440613294	0.0431597576028	-0.0526196937656	0.00158987566564	0.041843879863	-0.0147692689304	-0.0350233987699	-0.0689549006728	-0.0543340395378	0.0677994073465	-0.035811148669	-0.0682751505955	-0.0315401610473	-0.0369811753145	-0.134728328268	-0.0173185719864	0.0201960069328	-0.0557802730029	0.0115025414987	-0.0529831366271	-0.0992348065474	-0.0224987288455	-0.0645436980209	0.0600500384894	-0.100990046078	-0.05290751568	-0.0748115546924	-0.0585344530167	0.0518442775567
k__Bacteria;p__Bacteroidetes;c__Bacteroidia;o__Bacteroidales;f__Bacteroidaceae;g__Bacteroides;s__Bacteroides_thetaiotaomicron	-0.0103963696564	-0.0328326766822	0.0883797799663	-0.019922456989	-0.0266020039567	-0.032084538944	-0.0106732306279	-0.11750704664	-0.0436810728654	-0.000733353490907	1.0	-0.0993717125111	0.00331903378099	-0.151532127689	-0.0530995123066	-0.0732478820541	-0.0313114088417	0.0424143539368	-0.0490027352657	0.002373548891	-0.046916804998	-0.134576034526	-0.0827361181796	0.0248436074948	0.0465703921219	-0.0500588055167	-0.101667512717	-0.0947385021797	0.0736340082542	-0.0967499598601	-0.0947643782199	-0.0116033498804	-0.032081756193	0.00153839557012	-0.0420946781599	-0.0268813108325	-0.0517307394854	-0.0658271421949	-0.0407408955521	-0.113146822811	0.00914135095486	-0.0751721678652	-0.0706632508104	-0.0167249000259	-0.00629914461803	0.110434439348	-0.0218103363401	0.0384366159839	-0.0590628763148	-0.0461816265407	-0.053189375868	-0.0444906607043	0.029892647073	-0.0128260766739	-0.0872959815775	0.00418381208622	-0.0631848624819	-0.0652087629468	-0.00240362506237
k__Bacteria;p__Bacteroidetes;c__Bacteroidia;o__Bacteroidales;f__Bacteroidaceae;g__Bacteroides;s__Bacteroides_coprocola	0.0122233752613	-0.062176503235	0.0190040130767	0.0526675330626	-0.0132917042705	-0.0810304433047	0.0151934126157	-0.015541012732	-0.0467113744029	-0.0507267614803	-0.0993717125111	1.0	0.0566268173094	-0.0413170487341	0.01279328722	-0.0698327592301	-0.068980855856	-0.0508179184237	0.0216294042484	-0.0740351197113	-0.0659693169328	-0.0972240685487	-0.0260217345731	0.0308515789925	0.0212221394962	-0.145885199334	0.019127068288	-0.0498155723252	-0.0719984078057	-0.0321931062775	-0.0420095112632	-0.127173418499	0.0669224403545	-0.0111328907503	-0.0395708090759	-0.00838209682076	0.0158548394201	-0.00282635274364	0.00166022547156	-0.0564208610732	-0.00209474929678	0.00560519822298	-0.0852650820858	-0.177582944325	-0.0565260318141	0.00745158364845	0.0499188352824	0.0220224139707	-0.0267167416226	0.0716059177443	-0.0836844387095	0.0229191443964	-0.0872201215881	-0.00530565537725	-0.0352629768228	-0.0750732715272	-0.0723495527546	-0.0149618370671	0.0343827916041
k__Bacteria;p__Bacteroidetes;c__Bacteroidia;o__Bacteroidales;f__Bacteroidaceae;g__Bacteroides;s__Bacteroides_cellulosilyticus	-0.0996412608419	-0.0919778568652	-0.013288587186	0.0445438297631	-0.0644230755208	-0.0258609785565	-0.087334790009	-0.0813231370902	0.0155813029848	-0.118384287042	0.00331903378099	0.0566268173094	1.0	-0.153883983437	-0.134381562218	-0.0980578722564	-0.0441369537188	0.0984425587358	0.033103119322	-0.00522115626326	-0.112920453272	-0.130119354296	-0.0464480696995	-0.0162738748307	-0.0186727839933	-0.00913867148887	-0.0629924522417	0.0288765706967	0.0909877153301	0.120419663054	-0.00661287371377	-0.0403085146777	-0.0288539017702	-0.0181277272426	-0.0792528058553	0.0442480788626	-0.025181887295	-0.0773875987367	-0.0219521937995	0.0261087038845	0.00674660590741	-0.133051038619	-0.0776389811194	-0.0302137251304	-0.0193931636188	-0.0248395451362	-0.0470010469814	-0.0393531314743	0.0155469618051	-0.0260910182731	-0.0749669371379	-0.0359298703128	-0.046295194059	-0.098820948884	-0.108110897475	0.0153624081261	-0.12132039216	0.0212945317709	0.0156045492137
k__Bacteria;p__Bacteroidetes;c__Bacteroidia;o__Bacteroidales;f__Rikenellaceae;g__Alistipes;s__Alistipes_obesi	-0.0251778418805	-0.114386949249	-0.0151891788519	-0.0673146946134	-0.0812370438605	0.107975008028	0.0321281001633	-0.0626257732871	-0.0630957267418	0.0354072349123	-0.151532127689	-0.0413170487341	-0.153883983437	1.0	-0.0791040468189	0.0426871736778	0.0414750682039	-0.0681921912277	-0.0822696134011	0.0606110301609	0.0621089981261	-0.0295012346929	-0.00862713755998	-0.108960868251	-0.0363294633627	-0.0232096308947	0.0712218159035	0.0115384285452	-0.0263817571152	-0.0380564779813	-0.0771101977684	-0.0251307209472	0.00208326577436	0.0359087648316	-0.0389548703277	-0.0283443338434	0.0426754576341	-0.13290792518	-0.0326445475143	-0.00825895670085	-0.0683836486436	-0.0575988236952	0.0613832311972	-0.00500093622116	-0.103049579467	-0.0205978990409	-0.0341726891869	0.00620153002081	0.0434536824743	0.116384016011	-0.00271691573552	0.0532986467904	0.0271968670806	-0.0680688861563	-0.00754326406092	-0.0963156711279	0.00351672067783	-0.087426718395	0.0225855247851
k__Bacteria;p__Firmicutes;c__Clostridia;o__Clostridiales;f__Lachnospiraceae;g__;s__[Eubacterium]_rectale	0.00974409391525	-0.0843072683329	0.00733250727546	-0.0102545018528	-0.00869786619316	-0.00452378339621	0.0245185350053	-0.0183107630116	-0.108994829008	-0.0481285336882	-0.0530995123066	0.01279328722	-0.134381562218	-0.0791040468189	1.0	-0.0600529018713	0.0120144295398	-0.10609660044	-0.0977960020329	-0.117915552055	0.00365714918443	0.00954120083123	0.0152864486862	0.00596141008448	-0.0907394881625	-0.126956909636	-0.059334088279	-0.0748698711444	0.0124675809064	-0.00730961186077	0.0714906617378	0.068044612967	-0.0380973385077	-0.010414819948	-0.0206615267613	-0.0302027206053	-0.0273375058864	-0.0164275301577	2.19868958471e-05	-0.0891432172695	0.0745585756741	0.0513745157153	0.046942748985	-0.00407924892499	0.000738424627966	-0.0185253144016	-0.0405953404544	-0.0823448121774	-0.0398822944199	-0.0623816137573	-0.0137940421191	-0.0163130802161	-0.0469853294249	0.0268299940345	-0.0127752535887	0.00668600014917	-0.0585355271058	-0.0438874298679	0.00406691183678
k__Bacteria;p__Bacteroidetes;c__Bacteroidia;o__Bacteroidales;f__Bacteroidaceae;g__Bacteroides;s__Bacteroides_plebeius	0.0302351442547	0.023451264773	-0.0389422469157	-0.0210383044627	0.0862260107181	-0.0144934307246	0.0143090133357	0.0626422559407	-0.0787190305881	-0.0148344763059	-0.0732478820541	-0.0698327592301	-0.0980578722564	0.0426871736778	-0.0600529018713	1.0	-0.000822424594922	-0.0731229017973	-0.0662728567541	-0.0871682336122	0.015552121452	-0.0613314525557	0.0476758869259	-0.07015757625	-0.0739104691808	-0.0175940455266	-0.00449194274734	0.0908803350617	0.0463768620542	-0.0684782460854	0.0407521554179	-0.087354616844	-0.0203089926742	0.0806753977867	-0.0516329350229	-0.0361243700071	-0.0839849020058	0.0190116841093	-0.00579963329014	-0.0620831437805	-0.0588345403932	-0.0344789515023	-0.0357581157096	-0.00625726698077	-0.0470053025572	0.0131413813664	-0.111627537618	-0.129131516668	0.0142741876105	-0.0639998866903	0.0691869969732	0.00217224546349	0.048730691505	-0.0508497520447	0.082821364555	0.00193038666733	0.0657236417502	-0.0776253702181	0.130533180006
k__Bacteria;p__Bacteroidetes;c__Bacteroidia;o__Bacteroidales;f__Bacteroidaceae;g__Bacteroides;s__Bacteroides_fragilis	0.01404383745	-0.0727520669126	-0.0266108257393	-0.0221294593743	-0.0109331181285	0.0245062217212	-0.0708881815626	-0.107240340312	-0.0985377763358	0.00248839092578	-0.0313114088417	-0.068980855856	-0.0441369537188	0.0414750682039	0.0120144295398	-0.000822424594922	1.0	-0.00901527583768	-0.0868967346221	-0.0401919138081	-0.0463993082035	-0.0615756694022	0.0198742216746	-0.0190992639105	-0.0185325333285	-0.0188570438971	0.0307356537843	0.0493257283209	-0.0341005660476	-0.088160876534	0.0871503981901	-0.0530654896408	0.00538262051616	-0.0232453147767	-0.0631289046514	0.0050096111917	-0.0418910223566	-0.0211406661644	0.0134158119332	-0.164288039505	-0.11023546995	-0.121415059976	0.00564750726599	-0.00208976190446	0.0266992130656	-0.0289828891472	-0.0129132588295	0.012980795666	0.00149833213316	-0.0952021936522	-0.0587348825523	-0.0445808754028	0.0867482858327	-0.0592360252095	0.0771652884364	-0.0186730543601	-0.0249649449981	-0.153390147366	0.0616110737467
k__Bacteria;p__Proteobacteria;c__Betaproteobacteria;o__Burkholderiales;f__Sutterellaceae;g__Sutterella;s__Sutterella_wadsworthensis	-0.0351461586912	0.030000022151	-0.0305068967693	-0.0362108738669	-0.0148032834501	0.0430922110983	-0.059169046342	-0.0212592811997	-0.0195190965757	-0.0273292555665	0.0424143539368	-0.0508179184237	0.0984425587358	-0.0681921912277	-0.10609660044	-0.0731229017973	-0.00901527583768	1.0	-0.0451522469214	-0.0409957382821	-0.0384754843651	-0.0711021240441	-0.097982371862	-0.00651150823092	-0.101462479759	-0.122192989445	-0.0224356688837	0.0510374707676	0.0281207042806	-0.0384946246188	-0.0250460146982	-0.0745247240072	-0.01948702114	-0.141915511143	-0.0381375046549	-0.0579866833751	0.0200177297781	0.0869643285997	0.0141088140094	-0.0739812471173	-0.0622511892657	-0.0285700670237	0.031674922174	-0.0457592852391	0.0656802406336	-0.0407432298779	0.0533498466783	-0.103246307203	-0.0520590556841	-0.0898469688069	0.00933200895993	-0.0461257593674	-0.0535150383225	0.00861262723303	-0.033530674675	0.0147957060937	-0.00535342117672	-0.146507443104	-0.0122858875127
k__Bacteria;p__Bacteroidetes;c__Bacteroidia;o__Bacteroidales;f__Porphyromonadaceae;g__Barnesiella;s__Barnesiella_intestinihominis	0.0283759522898	-0.0260288312071	0.0680933875128	0.0383293483126	-0.0164604571852	-0.0430924157443	0.0399221752255	-0.077715474592	-0.0126080613661	-0.0548474709844	-0.0490027352657	0.0216294042484	0.033103119322	-0.0822696134011	-0.0977960020329	-0.0662728567541	-0.0868967346221	-0.0451522469214	1.0	-0.0513808622062	-0.0111438192386	-0.0189751946151	-0.0197544140269	-0.0888656007278	0.0166851860269	-0.0633183984627	-0.00325519895753	0.0118178777108	-0.033334040398	0.0305906430308	-0.111044180775	-0.169524832399	-0.136695523567	-0.0856851193809	0.00375068325037	-0.0786967863085	0.0126784168089	-0.0268542664731	-0.134030551279	-0.0639952571944	-0.0277461251909	-0.0309230607301	-0.0764729907884	-0.0144995297905	-0.0563998038185	-0.0634454957095	-0.103013131702	0.0206693757101	0.0776255135835	-0.0279171936308	-0.0295376546887	-0.0500203516344	-0.166891327896	-0.099435596284	-0.0702525593941	-0.109936792745	-0.0804255355936	0.140080238624	-0.0637281301149
k__Bacteria;p__Bacteroidetes;c__Bacteroidia;o__Bacteroidales;f__Odoribacteraceae;g__Odoribacter;s__Odoribacter_splanchnicus	0.000777470111508	0.0393567830781	-0.0156479589873	-0.136701440797	-0.0731303448213	0.0362280962262	-0.0909098133018	-0.103621739128	0.0975787612459	-0.0365278557032	0.002373548891	-0.0740351197113	-0.00522115626326	0.0606110301609	-0.117915552055	-0.0871682336122	-0.0401919138081	-0.0409957382821	-0.0513808622062	1.0	0.122789686483	-0.0301438341243	-0.0270975227844	-0.0512758674631	-0.0389493299034	-0.141581041103	-0.0698290038267	-0.0481816439249	-0.0324660729278	0.0354319386045	-0.0295937215752	0.0603586980635	-0.0294828886607	0.0623769094383	0.075868489932	-0.0182281207606	0.0303545505321	-0.0928879438118	0.000486668578734	0.0155622275533	0.00844502380019	-0.0383461960007	-0.0461691485277	0.0138768780962	0.0485295134252	-0.11602508568	-0.0905009895424	0.00709239690368	-0.00137368428826	-0.0938638612854	-0.0925267910808	-0.0501164891953	0.124393403618	-0.0184880832864	0.00875212401212	-0.0470952296985	-0.125450530539	0.0999273748356	-0.159565332311
k__Bacteria;p__Bacteroidetes;c__Bacteroidia;o__Bacteroidales;f__Bacteroidaceae;g__Bacteroides;s__Bacteroides_salyersiae	-0.0668594230458	0.103698372102	-0.0109812464176	-0.0393270015054	0.123321415028	-0.0343596279447	-0.0381266542509	-0.0798206693768	0.147374885648	-0.0689781936683	-0.046916804998	-0.0659693169328	-0.112920453272	0.0621089981261	0.00365714918443	0.015552121452	-0.0463993082035	-0.0384754843651	-0.0111438192386	0.122789686483	1.0	-0.0497570723623	-0.104107011556	-0.0123485318112	-0.0226087303595	0.0179270488261	-0.113058727784	-0.127443535657	0.000305516531269	-0.133432322944	-0.064119670765	-0.126588933526	-0.1032304898	-0.0482203104308	-0.038291021721	0.0281041884516	-0.100323448833	-0.0363289547106	0.0232639816639	-0.140743117021	-0.0691880621925	-0.0377188242118	0.05846132579	-0.0102085328011	-0.0852889192238	-0.0149539521846	0.0724371576305	-0.0645239330407	-0.0268297037122	-0.054924416359	-0.0360615389243	0.00517124161086	0.00975516070243	-0.0559512382225	-0.0322323345086	0.0127556641639	-0.0975257116167	-0.0220009322883	0.0395756417761
k__Bacteria;p__Firmicutes;c__Clostridia;o__Clostridiales;f__Ruminococcaceae;g__Ruminiclostridium;s__[Eubacterium]_siraeum	-0.142676782851	-0.11454354773	-0.0491135502575	0.0606414537201	-0.00641352222439	-0.0144268401393	-0.0781337224904	0.03371020989	0.0182416043955	-0.0220042037696	-0.134576034526	-0.0972240685487	-0.130119354296	-0.0295012346929	0.00954120083123	-0.0613314525557	-0.0615756694022	-0.0711021240441	-0.0189751946151	-0.0301438341243	-0.0497570723623	1.0	-0.0414148824371	-0.0300987197744	-0.0392560798278	-0.0335897669904	0.0428332598912	-0.0217663777807	-0.0569691578207	-0.0170048839852	-0.0901603036403	-0.0926278704584	-0.0849550036007	-0.0310161598266	-0.100150759733	0.0362421183279	-0.0310670300378	-0.108248790062	-0.00776889004277	-0.0468003344461	0.0308172735781	-0.0359530793566	-0.00578632167267	-0.0561194302543	-0.133518040786	-0.0867587537069	-0.0409017928014	0.104180954812	0.0260452717977	0.0931015511343	-0.0414585416799	0.0591491086182	-0.00373393429767	0.0839128228101	-0.0543176028584	0.00121883395552	-0.0971169400793	-0.0545656992149	-0.0713970554638
k__Bacteria;p__Proteobacteria;c__Betaproteobacteria;o__Burkholderiales;f__Sutterellaceae;g__Parasutterella;s__Parasutterella_excrementihominis	-0.0562841315681	0.00849643983483	-0.069934464899	-0.0541593226701	0.0945731462589	0.00294150484995	-0.0856669518649	-0.10612472723	0.0176896457725	-0.0317680457017	-0.0827361181796	-0.0260217345731	-0.0464480696995	-0.00862713755998	0.0152864486862	0.0476758869259	0.0198742216746	-0.097982371862	-0.0197544140269	-0.0270975227844	-0.104107011556	-0.0414148824371	1.0	-0.0478700365462	-0.10547116749	-0.0296012887388	-0.0478777568097	0.0330203632595	-0.0565999475339	0.0106829027395	0.0482621445551	0.0315850705599	-0.0292405236775	-0.0454273155229	0.00762651541442	-0.0786407885607	-0.0766325707506	-0.15258914395	-0.0620698280285	-0.0646333124858	-0.0495720317194	-0.0950045937194	-0.061442388329	-0.0702538024102	0.0566217822176	0.0307304131943	0.0119842336573	0.0194281638225	0.0281628339074	-0.0263029567234	-0.0772311684905	-0.101924264349	-0.141707385641	-0.103698981463	-0.0841839295127	-0.0485578937243	-0.0109239513101	0.0130430951672	-0.0724148276635
k__Bacteria;p__Actinobacteria;c__Actinobacteria;o__Bifidobacteriales;f__Bifidobacteriaceae;g__Bifidobacterium;s__Bifidobacterium_adolescentis	-0.118029240472	-0.111034206519	-0.00881932326082	-0.0723025231872	-0.0414528363753	-0.0706105124066	-0.0715280646952	-0.0102955474058	0.0427316697649	-0.0280641648179	0.0248436074948	0.0308515789925	-0.0162738748307	-0.108960868251	0.00596141008448	-0.07015757625	-0.0190992639105	-0.00651150823092	-0.0888656007278	-0.0512758674631	-0.0123485318112	-0.0300987197744	-0.0478700365462	1.0	-0.064518167422	-0.00968870923527	-0.00288547668981	0.0165399171028	0.0943501405278	-0.0680457504367	-0.0384537456701	0.0011291033434	-0.00319156557443	0.0174921358527	-0.0201709531623	0.0522504138572	0.0265221774902	-0.0477719855943	-0.0604387724444	-0.0772816768002	-0.13646564327	0.0383925966913	-0.0170935633513	-0.0552894237169	0.0584273082831	-0.0831038395004	-0.0311649961794	-0.0538123013607	-0.0896585001196	-0.0642929180702	-0.12411294948	0.0723075479048	-0.0629153543654	-0.059466217383	-0.00844567376685	0.026152350326	-0.0409466496821	-0.0243367000752	0.0301586192327
k__Bacteria;p__Firmicutes;c__Clostridia;o__Clostridiales;f__Oscillospiraceae;g__Oscillibacter;s__Oscillibacter_sp._KLE_1745	-0.0572457378952	-0.0305585434649	0.0161160668507	-0.0902137919629	-0.0643419057824	0.0707343750048	0.127062672296	-0.0247763787488	-0.0119328886992	-0.100632563222	0.0465703921219	0.0212221394962	-0.0186727839933	-0.0363294633627	-0.0907394881625	-0.0739104691808	-0.0185325333285	-0.101462479759	0.0166851860269	-0.0389493299034	-0.0226087303595	-0.0392560798278	-0.10547116749	-0.064518167422	1.0	-0.0674136562799	0.0214272029553	-0.0423738867415	-0.074408791245	-0.000738753971544	-0.0631691111973	0.0658933279561	-0.0187377821068	0.00402939967068	0.0154131745221	0.0295317620682	-0.0443496491764	-0.011394692523	-0.100084211944	0.00742073344783	-0.130695037458	-0.0142566945115	-0.0563159655126	0.0113163799399	-0.0424006454213	-0.0576544479193	0.0732104240054	-0.103925572661	-0.05292738629	-0.0590769524833	-0.0367437828558	-0.0109750518185	-0.022387255537	-0.0411231420218	-0.08253002737	-0.00946259696753	0.0131161876737	-0.00623875128555	0.0168454785488
k__Bacteria;p__Bacteroidetes;c__Bacteroidia;o__Bacteroidales;f__Bacteroidaceae;g__Bacteroides;s__Bacteroides_coprophilus	-0.0818824311534	-0.0772133318501	0.0519765763859	-0.0613704414246	-0.0303191089183	-0.106846099376	-0.00421893528116	0.0355699639073	-0.0137885193659	-0.0512869097717	-0.0500588055167	-0.145885199334	-0.00913867148887	-0.0232096308947	-0.126956909636	-0.0175940455266	-0.0188570438971	-0.122192989445	-0.0633183984627	-0.141581041103	0.0179270488261	-0.0335897669904	-0.0296012887388	-0.00968870923527	-0.0674136562799	1.0	0.0125980078139	-0.0537511673306	-0.152959712452	-0.0871006211796	0.0538894331934	-0.140832286316	-0.0434795217184	-0.199216458345	-0.0453032483161	0.0602522916055	0.119873092698	0.05774404169	-0.0890762262073	0.0590421934866	-0.146368923961	-0.00456485793905	-0.109781736569	-0.0492549876467	0.0246908791653	-0.00432744191587	-0.0825150071566	0.0543008979265	0.0521830469073	-0.0606192309825	0.078400319225	-0.0386009643005	0.00550451283496	-0.0597605757667	-0.0365404427045	0.0848155077839	0.00327190834349	0.057549614273	-0.0599047823733
k__Bacteria;p__Firmicutes;c__Clostridia;o__Clostridiales;f__Lachnospiraceae;g__Roseburia;s__Roseburia_intestinalis	-0.152639319346	0.0306718825907	0.024711031398	0.0529194655022	0.0201093944503	-0.00389702174131	0.099276165679	-0.145279869104	0.0340820100727	0.0139248907577	-0.101667512717	0.019127068288	-0.0629924522417	0.0712218159035	-0.059334088279	-0.00449194274734	0.0307356537843	-0.0224356688837	-0.00325519895753	-0.0698290038267	-0.113058727784	0.0428332598912	-0.0478777568097	-0.00288547668981	0.0214272029553	0.0125980078139	1.0	-0.0320999604098	-0.0245089653398	0.00973610122069	-0.0311488927863	-0.0312389533814	-0.0287916263554	-0.0558413872474	-0.0287399166672	-0.00320807684583	-0.0113957361539	-0.0199993056939	-0.0455799239221	8.85061568395e-05	0.0170284165948	0.0188264009163	-0.012465492135	0.0445541997959	-0.121146306977	6.64005406969e-05	-0.0564431278585	-0.100034223621	-0.125279927328	-0.0816765420557	-0.0293386591187	-0.0837241663192	-0.0509685651258	0.0246248714029	-0.130715685474	-0.0224302215474	0.0242334137729	-0.0375718276213	0.0167532713985
k__Bacteria;p__Firmicutes;c__Clostridia;o__Clostridiales;f__Lachnospiraceae;g__Roseburia;s__Roseburia_hominis	0.00864640557957	-0.0734672860368	-0.110301803355	-0.0370387516303	-0.0232061120107	-0.0915153173113	0.0168579021458	-0.0693013775637	-0.0331028710442	-0.00902675836818	-0.0947385021797	-0.0498155723252	0.0288765706967	0.0115384285452	-0.0748698711444	0.0908803350617	0.0493257283209	0.0510374707676	0.0118178777108	-0.0481816439249	-0.127443535657	-0.0217663777807	0.0330203632595	0.0165399171028	-0.0423738867415	-0.0537511673306	-0.0320999604098	1.0	0.0147352538503	-0.109901219029	0.0276077127807	-0.0272797239192	-0.0700694807653	0.0066829389205	-0.0980175582438	-0.0151114354562	-0.024549967439	0.00538555109205	-0.0666782649171	-0.0733260101452	-0.0182750464474	0.0244589979907	0.11370461714	0.0737431220144	-0.0112264019201	-0.0139889374772	0.0303964287682	-0.0965943300241	0.00226356428289	-0.0594981851498	-0.0472460830606	0.0104251879109	-0.0773294969659	0.0348418066827	-0.0801298989293	-0.0103195326406	-0.140737937988	-0.0528946197415	-0.118711346688
k__Bacteria;p__Bacteroidetes;c__Bacteroidia;o__Bacteroidales;f__Porphyromonadaceae;g__Parabacteroides;s__Parabacteroides_johnsonii	0.0771865409241	-0.0909258932492	-0.0952072733869	-0.0282415720319	-0.0204736180058	0.0304497183768	-0.0217998460886	-0.0665706347118	0.0368462101709	0.00594917734877	0.0736340082542	-0.0719984078057	0.0909877153301	-0.0263817571152	0.0124675809064	0.0463768620542	-0.0341005660476	0.0281207042806	-0.033334040398	-0.0324660729278	0.000305516531269	-0.0569691578207	-0.0565999475339	0.0943501405278	-0.074408791245	-0.152959712452	-0.0245089653398	0.0147352538503	1.0	-0.138030244699	0.0563148833462	-0.0741199613371	0.00357530051768	-0.110492628446	-0.00744896142304	0.0348955646491	0.011330710303	-0.0610921189728	0.0362665428577	-0.0200180479234	-0.0293243257646	-0.0944162937473	0.0618402975109	0.0556141647078	-0.018885810883	0.0618854811232	0.0667617958294	-0.120641795796	0.0115297691615	-0.132893345282	0.0126871650816	-0.091791413099	-0.0986552248171	0.104084901184	-0.112911108488	-0.0060455782491	-0.122979745149	-0.0489792918553	0.066892378844
k__Bacteria;p__Actinobacteria;c__Actinobacteria;o__Bifidobacteriales;f__Bifidobacteriaceae;g__Bifidobacterium;s__Bifidobacterium_longum	-0.0481902993739	-0.071837766286	0.00245193957336	0.0549574409067	-0.0553082936763	0.143582535214	-0.0750849955679	0.0042822003183	-0.0643413217096	-0.0949379688394	-0.0967499598601	-0.0321931062775	0.120419663054	-0.0380564779813	-0.00730961186077	-0.0684782460854	-0.088160876534	-0.0384946246188	0.0305906430308	0.0354319386045	-0.133432322944	-0.0170048839852	0.0106829027395	-0.0680457504367	-0.000738753971544	-0.0871006211796	0.00973610122069	-0.109901219029	-0.138030244699	1.0	0.00457455052653	0.0560588991905	-0.142322786879	0.0104862198786	-0.138034628343	-0.123867218514	-0.0323560897237	0.0284716107011	-0.117382983282	-0.0210239070352	-0.0316935453171	-0.0652154734468	-0.0582201952831	0.0171747981185	-0.0526475675016	-0.0871921190165	-0.00869546129385	-0.0404208315195	-0.156242051975	0.0307089997263	0.0157935174507	0.054361226765	-0.1137171275	0.0638138976103	0.00903466791129	-0.0131197004441	-0.00997386439732	-0.0162699754671	0.00457837654907
