#taxonomy	k__Bacteria;p__Bacteroidetes;c__Bacteroidia;o__Bacteroidales;f__Bacteroidaceae;g__Bacteroides;s__Bacteroides_vulgatus	k__Bacteria;p__Bacteroidetes;c__Bacteroidia;o__Bacteroidales;f__Bacteroidaceae;g__Bacteroides;s__Bacteroides_uniformis	k__Bacteria;p__Bacteroidetes;c__Bacteroidia;o__Bacteroidales;f__Rikenellaceae;g__Alistipes;s__Alistipes_putredinis	k__Bacteria;p__Bacteroidetes;c__Bacteroidia;o__Bacteroidales;f__Prevotellaceae;g__Prevotella;s__Prevotella_copri	k__Bacteria;p__Bacteroidetes;c__Bacteroidia;o__Bacteroidales;f__Bacteroidaceae;g__Bacteroides;s__Bacteroides_stercoris	k__Bacteria;p__Bacteroidetes;c__Bacteroidia;o__Bacteroidales;f__Bacteroidaceae;g__Bacteroides;s__Bacteroides_ovatus	k__Bacteria;p__Bacteroidetes;c__Bacteroidia;o__Bacteroidales;f__Rikenellaceae;g__Alistipes;s__Alistipes_shahii	k__Bacteria;p__Firmicutes;c__Clostridia;o__Clostridiales;f__Ruminococcaceae;g__Faecalibacterium;s__Faecalibacterium_prausnitzii	k__Bacteria;p__Bacteroidetes;c__Bacteroidia;o__Bacteroidales;f__Rikenellaceae;g__Alistipes;s__Alistipes_finegoldii	k__Bacteria;p__Bacteroidetes;c__Bacteroidia;o__Bacteroidales;f__Porphyromonadaceae;g__Parabacteroides;s__Parabacteroides_distasonis	k__Bacteria;p__Bacteroidetes;c__Bacteroidia;o__Bacteroidales;f__Bacteroidaceae;g__Bacteroides;s__Bacteroides_thetaiotaomicron	k__Bacteria;p__Bacteroidetes;c__Bacteroidia;o__Bacteroidales;f__Bacteroidaceae;g__Bacteroides;s__Bacteroides_coprocola	k__Bacteria;p__Bacteroidetes;c__Bacteroidia;o__Bacteroidales;f__Bacteroidaceae;g__Bacteroides;s__Bacteroides_cellulosilyticus	k__Bacteria;p__Bacteroidetes;c__Bacteroidia;o__Bacteroidales;f__Rikenellaceae;g__Alistipes;s__Alistipes_obesi	k__Bacteria;p__Firmicutes;c__Clostridia;o__Clostridiales;f__Lachnospiraceae;g__;s__[Eubacterium]_rectale	k__Bacteria;p__Bacteroidetes;c__Bacteroidia;o__Bacteroidales;f__Bacteroidaceae;g__Bacteroides;s__Bacteroides_plebeius	k__Bacteria;p__Bacteroidetes;c__Bacteroidia;o__Bacteroidales;f__Bacteroidaceae;g__Bacteroides;s__Bacteroides_fragilis	k__Bacteria;p__Proteobacteria;c__Betaproteobacteria;o__Burkholderiales;f__Sutterellaceae;g__Sutterella;s__Sutterella_wadsworthensis	k__Bacteria;p__Bacteroidetes;c__Bacteroidia;o__Bacteroidales;f__Porphyromonadaceae;g__Barnesiella;s__Barnesiella_intestinihominis	k__Bacteria;p__Bacteroidetes;c__Bacteroidia;o__Bacteroidales;f__Odoribacteraceae;g__Odoribacter;s__Odoribacter_splanchnicus	k__Bacteria;p__Bacteroidetes;c__Bacteroidia;o__Bacteroidales;f__Bacteroidaceae;g__Bacteroides;s__Bacteroides_salyersiae	k__Bacteria;p__Firmicutes;c__Clostridia;o__Clostridiales;f__Ruminococcaceae;g__Ruminiclostridium;s__[Eubacterium]_siraeum	k__Bacteria;p__Proteobacteria;c__Betaproteobacteria;o__Burkholderiales;f__Sutterellaceae;g__Parasutterella;s__Parasutterella_excrementihominis	k__Bacteria;p__Actinobacteria;c__Actinobacteria;o__Bifidobacteriales;f__Bifidobacteriaceae;g__Bifidobacterium;s__Bifidobacterium_adolescentis	k__Bacteria;p__Firmicutes;c__Clostridia;o__Clostridiales;f__Oscillospiraceae;g__Oscillibacter;s__Oscillibacter_sp._KLE_1745	k__Bacteria;p__Bacteroidetes;c__Bacteroidia;o__Bacteroidales;f__Bacteroidaceae;g__Bacteroides;s__Bacteroides_coprophilus	k__Bacteria;p__Firmicutes;c__Clostridia;o__Clostridiales;f__Lachnospiraceae;g__Roseburia;s__Roseburia_intestinalis	k__Bacteria;p__Firmicutes;c__Clostridia;o__Clostridiales;f__Lachnospiraceae;g__Roseburia;s__Roseburia_hominis	k__Bacteria;p__Bacteroidetes;c__Bacteroidia;o__Bacteroidales;f__Porphyromonadaceae;g__Parabacteroides;s__Parabacteroides_johnsonii	k__Bacteria;p__Actinobacteria;c__Actinobacteria;o__Bifidobacteriales;f__Bifidobacteriaceae;g__Bifidobacterium;s__Bifidobacterium_longum	k__Bacteria;p__Firmicutes;c__Clostridia;o__Clostridiales;f__;g__Flavonifractor;s__Flavonifractor_plautii	k__Bacteria;p__Firmicutes;c__Clostridia;o__Clostridiales;f__Clostridiaceae;g__Clostridium;s__Clostridium_phoceensis	k__Bacteria;p__Verrucomicrobia;c__Verrucomicrobiae;o__Verrucomicrobiales;f__Akkermansiaceae;g__Akkermansia;s__Akkermansia_muciniphila	k__Bacteria;p__Bacteroidetes;c__Bacteroidia;o__Bacteroidales;f__Prevotellaceae;g__Paraprevotella;s__Paraprevotella_xylaniphila	k__Bacteria;p__Firmicutes;c__Clostridia;o__Clostridiales;f__Ruminococcaceae;g__Ruminococcus;s__Ruminococcus_callidus	k__Bacteria;p__Bacteroidetes;c__Bacteroidia;o__Bacteroidales;f__Rikenellaceae;g__Alistipes;s__Alistipes_senegalensis	k__Bacteria;p__Firmicutes;c__Clostridia;o__Clostridiales;f__Lachnospiraceae;g__Blautia;s__Blautia_sp._KLE_1732	k__Bacteria;p__Bacteroidetes;c__Bacteroidia;o__Bacteroidales;f__Bacteroidaceae;g__Bacteroides;s__Bacteroides_oleiciplenus	k__Bacteria;p__Firmicutes;c__Clostridia;o__Clostridiales;f__Ruminococcaceae;g__Ruminococcus;s__Ruminococcus_bicirculans	k__Bacteria;p__Bacteroidetes;c__Bacteroidia;o__Bacteroidales;f__Bacteroidaceae;g__Bacteroides;s__Bacteroides_fluxus	k__Bacteria;p__Bacteroidetes;c__Bacteroidia;o__Bacteroidales;f__Prevotellaceae;g__Prevotella;s__Prevotella_stercorea	k__Bacteria;p__Firmicutes;c__Clostridia;o__Clostridiales;f__Lachnospiraceae;g__Dorea;s__Dorea_longicatena	k__Bacteria;p__Firmicutes;c__Clostridia;o__Clostridiales;f__Eubacteriaceae;g__Eubacterium;s__[Eubacterium]_eligens	k__Bacteria;p__Firmicutes;c__Clostridia;o__Clostridiales;f__Ruminococcaceae;g__;s__Ruminococcaceae_bacterium_D16	k__Bacteria;p__Firmicutes;c__Clostridia;o__Clostridiales;f__Lachnospiraceae;g__Coprococcus;s__Coprococcus_comes	k__Bacteria;p__Proteobacteria;c__Gammaproteobacteria;o__Enterobacterales;f__Enterobacteriaceae;g__Escherichia;s__Escherichia_coli	k__Bacteria;p__Firmicutes;c__Clostridia;o__Clostridiales;f__Ruminococcaceae;g__Anaerotruncus;s__Anaerotruncus_colihominis	k__Bacteria;p__Firmicutes;c__Clostridia;o__Clostridiales;f__Lachnospiraceae;g__Blautia;s__Blautia_obeum	k__Bacteria;p__Bacteroidetes;c__Bacteroidia;o__Bacteroidales;f__Odoribacteraceae;g__Odoribacter;s__Odoribacter_laneus	k__Bacteria;p__Firmicutes;c__Clostridia;o__Clostridiales;f__Ruminococcaceae;g__Ruminiclostridium;s__[Clostridium]_leptum	k__Bacteria;p__Bacteroidetes;c__Bacteroidia;o__Bacteroidales;f__Porphyromonadaceae;g__Parabacteroides;s__Parabacteroides_goldsteinii	k__Bacteria;p__Firmicutes;c__Clostridia;o__Clostridiales;f__Lachnospiraceae;g__Anaerostipes;s__Anaerostipes_hadrus	k__Bacteria;p__Firmicutes;c__Clostridia;o__Clostridiales;f__Ruminococcaceae;g__Ruminococcus;s__Ruminococcus_lactaris	k__Bacteria;p__Firmicutes;c__Clostridia;o__Clostridiales;f__Clostridiaceae;g__Clostridium;s__Clostridium_sp._L2-50	k__Bacteria;p__Firmicutes;c__Clostridia;o__Clostridiales;f__Clostridiaceae;g__Clostridium;s__Clostridium_sp._M62/1	k__Bacteria;p__Firmicutes;c__Clostridia;o__Clostridiales;f__;g__Intestinimonas;s__Intestinimonas_butyriciproducens	k__Bacteria;p__Actinobacteria;c__Actinobacteria;o__Bifidobacteriales;f__Bifidobacteriaceae;g__Bifidobacterium;s__Bifidobacterium_bifidum	k__Bacteria;p__Firmicutes;c__Negativicutes;o__Veillonellales;f__Veillonellaceae;g__Dialister;s__Dialister_invisus	k__Bacteria;p__Bacteroidetes;c__Bacteroidia;o__Bacteroidales;f__Bacteroidaceae;g__Bacteroides;s__Bacteroides_salanitronis
k__Bacteria;p__Bacteroidetes;c__Bacteroidia;o__Bacteroidales;f__Bacteroidaceae;g__Bacteroides;s__Bacteroides_vulgatus	1.0	-0.0534154773693	0.0239277519525	-0.0317954847119	0.0529692758003	-0.120265469568	-0.0584067875371	0.046076496216	-0.107627630081	0.110250228527	-0.0417893182236	-0.0224203180478	-0.0253656224794	-0.0613777665178	-0.108986268606	0.059531954354	-0.155835495676	0.00881857289087	0.0444868657964	0.0353130871938	-0.00932062820986	-0.00464382914042	0.0439643580659	-0.0529677640112	-0.00279819219516	0.00320858985368	-0.00887512088377	0.0164591343795	0.0167716345175	-0.0792460905362	-0.0305651194434	-0.147738091784	-0.0625432115953	0.0245137353845	0.0319860127557	0.0384863198927	-0.0932902446135	0.0113370481003	-0.0673268409797	-0.0397021682145	-0.00537929426769	-0.113166632873	-0.090260123894	-0.0506106250267	-0.0617443089777	-0.00411118507197	-0.0744969707941	0.172091482674	-0.0324916772215	-0.0528942562621	-0.105773683487	-0.0937487361948	-0.0887923638049	-0.0624482152927	0.0833430907659	-0.0745488643748	-0.0249254690895	-0.09986180178	-0.00829394230679
k__Bacteria;p__Bacteroidetes;c__Bacteroidia;o__Bacteroidales;f__Bacteroidaceae;g__Bacteroides;s__Bacteroides_uniformis	-0.0534154773693	1.0	-0.00566387787478	0.0796370517849	-0.0193328040357	-0.0590872076876	-0.0160040451557	0.00678899873233	0.0403809171638	0.0482975112698	-0.0204643874408	0.0755076182272	-0.0294645503396	0.0696127125865	-0.0381510569358	-0.0105477081916	0.0689840502	0.00591957303412	0.0219271976186	0.0527264851167	-0.0433020728992	-0.0632187762036	-0.0221891871662	-0.0587340954972	-0.0148427014569	-0.102499169949	0.024546090263	0.0214466776739	0.0262955169721	-0.0527714917299	-0.103122706245	-0.0314232723087	-0.0156943064217	-0.0168312374518	-0.048329125091	-0.0488317011319	-0.0620077821391	-0.0308855063922	0.0603015930084	-0.0770257542273	-0.112348376267	0.022643791033	-0.215970566541	0.00235972481283	-0.0700812464598	0.0363608055034	0.0291114302275	-0.112445146549	0.0235955208942	-0.0947818238198	-0.0662493206575	0.0564828287122	-0.0561872549884	0.0939841238132	-0.0195397403465	-0.00974615239235	-0.0314943403865	-5.1175661146e-05	-0.0583832356509
k__Bacteria;p__Bacteroidetes;c__Bacteroidia;o__Bacteroidales;f__Rikenellaceae;g__Alistipes;s__Alistipes_putredinis	0.0239277519525	-0.00566387787478	1.0	-0.010225715899	-0.14482774301	-0.0467860748693	-0.0110446938623	-0.0431679791918	-0.0406766421886	-0.0776288953127	0.0209823978714	-0.0615025909135	-0.0991590184115	-0.0498643620705	-0.0724595428876	-0.0841533634273	-0.119061716807	-0.0459344398181	0.0201359825444	-0.029422605586	-0.111778391537	-0.116708992317	0.0137195247653	0.00195947287946	-0.0437526382773	0.0353596692156	0.0133351999576	0.0459789398833	0.0402868860634	-0.0701083439134	-0.0541763886229	-0.0943542958014	0.00436739823953	-0.00461682783104	0.0194677556401	0.0235388989801	-0.0123064226797	-0.106894492365	-0.0871637906735	-0.0342762122073	-0.0618497528322	-0.0900265962029	-0.0236298936993	0.0501999969052	-0.0815361869514	-0.128800586402	-0.0458225237675	-0.0347563853092	-0.00876186159192	0.00370671275816	0.0650860158272	0.0562450707805	-0.0808006764104	-0.097668996007	-0.0984990605353	-0.0651390411654	-0.076196187826	-0.00242879759548	-0.0814710975101
k__Bacteria;p__Bacteroidetes;c__Bacteroidia;o__Bacteroidales;f__Prevotellaceae;g__Prevotella;s__Prevotella_copri	-0.0317954847119	0.0796370517849	-0.010225715899	1.0	0.00380935141781	-0.0892919234836	-0.0595175620629	0.0116596461898	-0.00344147532871	-0.0092485449554	-0.0299489352004	0.0607856636004	-0.0255698456076	-0.041356047304	-0.0693749995272	-0.127291679588	0.0430840466675	0.000963495019905	-0.07383339109	-0.0492100494515	-0.0608745996834	-0.0288658927122	-0.0739460930033	-0.0639548023354	-0.0946984819498	-0.0722549702516	0.0144627039671	-0.0153678467256	-0.0971202358262	-0.0727749428005	0.0608404479284	0.0236934625322	0.0348397013457	-0.0169441610252	-0.0701039998545	-0.0348778651333	-0.0394792205677	-0.142048859526	-0.0676129351027	-0.117295635129	0.0269891354543	0.0392175372632	-0.0451579391333	-0.0178123907954	-0.00306266865961	-0.150526493019	-0.100682719081	-0.0802091172094	-0.0270170603025	-0.0772894824533	-0.0281773703024	-0.0540727117218	-0.0834962905317	-0.0606723062672	0.0222321753245	0.0318968406329	-0.0859025110932	-0.0356190151791	0.0620385378653
k__Bacteria;p__Bacteroidetes;c__Bacteroidia;o__Bacteroidales;f__Bacteroidaceae;g__Bacteroides;s__Bacteroides_stercoris	0.0529692758003	-0.0193328040357	-0.14482774301	0.00380935141781	1.0	-0.017414245973	0.100531067496	-0.0483321220088	0.00417987192046	-0.0672010078203	0.0191882124868	-0.0312015991197	-0.103430565155	-0.0242818381953	-0.100206368705	0.0360043989406	0.0440877605557	0.0175896523142	-0.0842255877808	-0.0230796816934	-0.0212321443411	-0.00748726492087	-0.0138880477251	-0.0672067770731	-0.145257366637	-0.0580957143363	-0.0529687474207	-0.138995031423	-0.07659675883	-0.0640717621296	0.0383365971022	-0.0812060464944	-0.0957032324597	-0.0868253243069	0.0726908520032	-0.0682354506695	-0.0388968353253	0.0135946534935	-0.0793920180931	-0.123545584971	0.046201322601	-0.0359285846977	0.00590186949825	-0.0379661812333	-0.0394384548512	-0.0705202410784	0.0471782755145	-0.0200063552467	-0.0402521540109	0.0245309388426	-0.115099940766	-0.057107373096	0.0766155339571	0.0804067400484	-0.00704366689803	-0.0240906816037	0.0580693206199	-0.0187296395676	-0.160887157052
k__Bacteria;p__Bacteroidetes;c__Bacteroidia;o__Bacteroidales;f__Bacteroidaceae;g__Bacteroides;s__Bacteroides_ovatus	-0.120265469568	-0.0590872076876	-0.0467860748693	-0.0892919234836	-0.017414245973	1.0	0.000303669517416	-0.103691590686	-0.037648266244	0.0916631022996	-0.0747117455963	0.0606671758029	0.0586271323683	-0.0912921786111	-0.0337950890342	-0.0621597063721	-0.0945227681499	-0.00330563376909	-0.038815504095	-0.184753266748	-0.0291883414778	-0.039641686265	-0.00614490943106	-0.103369240318	-0.0675315314266	-6.06396621904e-05	-0.0316772912275	-0.0168885411431	-0.125471830286	-0.00455733561219	-0.0495646296629	-0.0331571560434	0.0270760875198	0.0304640051608	-0.0382124003878	-0.0659373429409	0.0957668998056	-0.120785700267	-0.0353566504862	0.00548375927188	-0.000800802573833	0.0573379206355	-0.141692860993	-0.0317243517011	0.070973882897	-0.00955964028501	-0.0517367997243	-0.0220424628914	0.0129746443785	0.000233766540351	-0.065250444068	-0.0426574295418	0.0385886772159	-0.0493062669924	-0.0510071369828	-0.114695822117	0.0417593786833	0.0498386941073	-0.0510630728885
k__Bacteria;p__Bacteroidetes;c__Bacteroidia;o__Bacteroidales;f__Rikenellaceae;g__Alistipes;s__Alistipes_shahii	-0.0584067875371	-0.0160040451557	-0.0110446938623	-0.0595175620629	0.100531067496	0.000303669517416	1.0	-0.064632098812	-0.114115219596	-0.0432910096351	0.018009362768	-0.0537337785619	-0.0168456455488	-0.0643677385795	-0.0909376474164	0.0190891356262	-0.0789362878955	-0.023493680777	0.0400780268984	-0.0728393535964	-0.0102650767994	-0.0905733436796	-0.0185164950509	-0.00817367759294	-0.00760971992041	0.0328975351131	0.0531764365034	0.0151348278876	-0.0674993870037	-0.0944514637345	-0.0320926147792	-0.0074965726747	-0.0112714291968	0.00507613749005	-0.0936264570907	-0.0977198587326	-0.0022123346388	-0.0375207768367	0.00420306771864	0.0247125782753	0.0208420170375	-0.0496704617083	-0.0760100136448	-0.00076463601283	-0.0866220798717	0.0371058756853	-0.0588657008973	0.0174428561143	-0.00966842025732	-0.0620916806738	-0.0877677556295	-0.0102211569345	-0.0775955000479	0.0504257391919	0.000964316627338	0.0328227555494	-0.0684653114656	-0.019774461132	0.0392739017686
k__Bacteria;p__Firmicutes;c__Clostridia;o__Clostridiales;f__Ruminococcaceae;g__Faecalibacterium;s__Faecalibacterium_prausnitzii	0.046076496216	0.00678899873233	-0.0431679791918	0.0116596461898	-0.0483321220088	-0.103691590686	-0.064632098812	1.0	-0.00322173159436	-0.00865806248412	-0.0847746203624	0.0120272702228	0.0321684957039	-0.13612532641	-0.153403370125	-0.0430618485245	-0.00865424014748	0.0617714445794	-0.0373568128758	-0.0698981343952	-0.0804503668044	-0.0522867591299	-0.0155829472251	0.0295070275774	-0.0508517006659	0.00312530182056	-0.0630194134118	-0.112729016366	-0.105506903424	0.0249619617631	-0.0417176932279	-0.0426198912779	-0.0325246907269	-0.0543570551542	0.008988711499	-0.0416823231635	-0.0966502706081	0.0396809259101	-0.0966956048788	-0.0197393412836	-0.121136320542	0.0259996425129	-0.0406981939592	0.00163812083647	-0.0592345421249	0.152713852235	-0.0490062023645	-0.0336973401339	-0.0481318840548	0.0755881168085	-0.0559085691617	0.00214408185129	0.0918709488658	0.0182318321866	-0.0993495811112	-0.00685628541322	-0.0749108251629	-0.0404772017271	-0.0608683919682
k__Bacteria;p__Bacteroidetes;c__Bacteroidia;o__Bacteroidales;f__Rikenellaceae;g__Alistipes;s__Alistipes_finegoldii	-0.107627630081	0.0403809171638	-0.0406766421886	-0.00344147532871	0.00417987192046	-0.037648266244	-0.114115219596	-0.00322173159436	1.0	0.0799953490164	0.0736606869902	0.0424178209753	0.00151681495137	-0.0750524406849	0.0253677387097	-0.0975231924901	-0.0526412428207	0.0703784456327	-0.071624653993	0.06693421652	-0.0659791665263	0.0294012649935	-0.0569743260824	-0.101570940182	-0.000668947118608	-0.0135634794021	-0.0581347096529	0.0311123710134	-0.121546108379	0.0933053895806	-0.0541676643397	0.0221831284022	-0.0295903300271	0.0507836307434	-0.0151896261363	-0.0535062169635	-0.123405424608	-0.00601511628298	0.0710780539961	-0.0255782012967	-0.116083992741	-0.0333159961153	-0.0329527694817	0.0977379690324	-0.0380081395693	-0.00109199964025	-0.0279916817804	-0.0112204926275	-0.00416849641545	-0.0453324949826	0.0362639725357	0.0650130789872	-0.0307643225417	-0.119752146854	-0.0196227397474	-0.0449259625088	-0.0306696283914	0.0306393419011	-0.0781030271211
k__Bacteria;p__Bacteroidetes;c__Bacteroidia;o__Bacteroidales;f__Porphyromonadaceae;g__Parabacteroides;s__Parabacteroides_distasonis	0.110250228527	0.0482975112698	-0.0776288953127	-0.0092485449554	-0.0672010078203	0.0916631022996	-0.0432910096351	-0.00865806248412	0.0799953490164	1.0	-0.0436548101268	0.0834289474054	-0.0571879595686	-0.00962403874541	-0.0281681464795	-0.0101818892939	0.00570541832583	-0.0118539705219	-0.0673710905502	-0.0254730960104	-0.0152582242093	-0.0448800178675	0.0203405303521	0.0199623275117	0.0114926345904	-0.00270546456413	0.0548055048779	-0.00741103176849	-0.0227632870286	-0.0722094642077	-0.0688086492253	-0.0219651302699	0.017220257874	0.0558403732632	-0.0633308500662	-0.0483571198403	-0.0976372896367	0.0200512804835	-0.0276396517779	-0.0945712860124	-0.0140408943651	0.00702406448456	-0.0912076057894	0.022837300397	-0.0201208214016	0.0614363858032	-0.0864666140681	0.043031399547	-0.0453229678611	0.0734290519273	-0.0425199257385	0.00762948920458	-0.0910401794903	-0.0716919674003	-0.0112634864027	-0.0226973717691	-0.00629850176408	-0.121688022656	-0.0603248606753
k__Bacteria;p__Bacteroidetes;c__Bacteroidia;o__Bacteroidales;f__Bacteroidaceae;g__Bacteroides;s__Bacteroides_thetaiotaomicron	-0.0417893182236	-0.0204643874408	0.0209823978714	-0.0299489352004	0.0191882124868	-0.0747117455963	0.018009362768	-0.0847746203624	0.0736606869902	-0.0436548101268	1.0	-0.0552428937223	-0.0326795790892	-0.0641922423912	0.0127404830091	-0.117559445058	-0.0427663440022	-0.0236756500081	-0.00118097157829	-0.0586783876987	-0.0211872298108	-0.0908072894469	-0.0715654391924	-0.124494717735	-0.015737058082	-0.0737835796566	0.0586963211283	0.00542997742038	0.0156277205037	-0.0165246134174	-0.0271003296272	0.00408088768679	-0.0615840144787	-0.0835833563251	0.0191135065328	-0.05679526453	-0.0675316250196	-0.0333909830361	0.0469337497718	-0.0356366971773	-0.0570450802702	-0.0438787095861	0.187209415825	-0.0809691775876	-0.0496704673945	-0.0361422583684	-0.0744918634495	0.022330460357	-0.136683621412	-0.0722766317165	-0.0569298120459	0.0406844646863	-0.219478996532	-0.0496246501673	0.0188484994112	-0.0980056584678	-0.156681095986	-0.024922732271	0.00709796509481
k__Bacteria;p__Bacteroidetes;c__Bacteroidia;o__Bacteroidales;f__Bacteroidaceae;g__Bacteroides;s__Bacteroides_coprocola	-0.0224203180478	0.0755076182272	-0.0615025909135	0.0607856636004	-0.0312015991197	0.0606671758029	-0.0537337785619	0.0120272702228	0.0424178209753	0.0834289474054	-0.0552428937223	1.0	-0.0233138522561	-0.0078090834721	0.077932779063	-0.081875886505	0.0209234678319	-0.0800839055721	0.00882503216845	-0.0719280534282	0.04054734944	-0.0641484496704	-0.0228709791343	-0.0516641440792	-0.0959421499528	-0.0251514980384	0.0369627381963	-0.0393566800103	-0.0248652326081	0.0600741753055	0.00327959780554	-0.075040013748	0.0604001445535	-0.0848112557521	0.034405973913	0.0495730101488	-0.0300258419702	-0.011354948244	-0.0898866832754	-0.0134797351272	0.0104521988088	-0.101650879487	-0.133339628454	0.030356335773	-0.0417810753815	-0.0853386136599	-0.045901777287	0.0862930082983	-0.0138848393924	-0.149408293559	-0.0554892465273	-0.0362997357022	-0.0119082124784	-0.046840677548	-0.0907004331867	0.123860149686	0.0615256306855	0.0525608408524	-0.115822889364
k__Bacteria;p__Bacteroidetes;c__Bacteroidia;o__Bacteroidales;f__Bacteroidaceae;g__Bacteroides;s__Bacteroides_cellulosilyticus	-0.0253656224794	-0.0294645503396	-0.0991590184115	-0.0255698456076	-0.103430565155	0.0586271323683	-0.0168456455488	0.0321684957039	0.00151681495137	-0.0571879595686	-0.0326795790892	-0.0233138522561	1.0	0.00570605274756	-0.0972663232573	-0.0338116260925	-0.0625708463433	0.0222034588584	-0.0753310304062	-0.0625887912205	-0.0344442978876	0.0524395715974	-0.0275846775445	-0.0817721081771	0.0803989560242	-0.0570542638096	-0.0319026480351	-0.138809970917	-0.024072437104	0.020843873887	-0.0851589677289	-0.0135272282317	-0.0430101332041	-0.0796019713652	0.0744230366131	-0.111295857491	0.0266242455875	0.0369031520191	-0.0550811197228	-0.0741083611333	-0.0517011100067	0.0628275347681	-0.0306091115638	-0.0515134947331	0.0186087455816	0.0176546209633	0.0265515076959	-0.156231224829	-0.0607945151787	0.0730498103027	-0.0868119003667	-0.0471430819074	-0.0110955409689	-0.116795046026	-0.000623233009078	-0.0982318524341	0.0162363532755	0.0228538231439	-0.0483436406354
k__Bacteria;p__Bacteroidetes;c__Bacteroidia;o__Bacteroidales;f__Rikenellaceae;g__Alistipes;s__Alistipes_obesi	-0.0613777665178	0.0696127125865	-0.0498643620705	-0.041356047304	-0.0242818381953	-0.0912921786111	-0.0643677385795	-0.13612532641	-0.0750524406849	-0.00962403874541	-0.0641922423912	-0.0078090834721	0.00570605274756	1.0	0.0460294816309	0.0523083085205	0.0107485608481	-0.068673709837	-0.103636660112	0.0413775400367	-0.0194014939173	0.0308397880452	-0.0246880006667	0.0586132507739	-0.0606765718396	-0.00240239678235	0.0105455642101	-0.0518951712402	-0.00245899777866	-0.0424292932858	-0.0447004704797	-0.0719718531529	-0.0596842505194	-0.077127854838	-0.0670901125892	-0.0642641476256	0.00235410121793	-0.103343215417	0.11055227254	0.00229977482719	-0.188100678881	0.023487420838	-0.0872549226456	0.0969363816863	-0.0561471170201	0.0030449462067	0.0303700779324	-0.0813231414885	0.0101806581784	-0.150044463713	0.0440791270384	-0.0455555711092	-0.0264040640814	-0.0422673575049	0.028243880002	0.0445844203221	-0.0278732428625	-0.0360436329587	-0.136537900118
k__Bacteria;p__Firmicutes;c__Clostridia;o__Clostridiales;f__Lachnospiraceae;g__;s__[Eubacterium]_rectale	-0.108986268606	-0.0381510569358	-0.0724595428876	-0.0693749995272	-0.100206368705	-0.0337950890342	-0.0909376474164	-0.153403370125	0.0253677387097	-0.0281681464795	0.0127404830091	0.077932779063	-0.0972663232573	0.0460294816309	1.0	0.0513329220792	-0.0626637728538	-0.0528274763273	0.0609464006778	-0.00385081978478	0.0143714732005	-0.0407605396387	0.0321674470913	0.0014736753914	0.00959908657186	-0.024214422336	-0.100979433763	-0.0788257994692	-0.0792821317247	-0.0444315911248	-0.0838860827881	-0.103161037967	0.00572029522452	-0.0583165715443	-0.0550550803633	-0.0635119311097	-0.127339946589	-0.0703322314025	-0.00217937547231	0.0367784135605	-0.00665425234664	0.0432915302997	-0.051397343234	0.0586608506537	0.000488834512813	-0.0268235159193	-0.0999585746793	-0.0142756623939	-0.00326399979786	-0.0865570123936	0.027491529518	0.00275762265043	-0.0455843823265	-0.134263662488	-0.0181699604166	-0.0804309322399	-0.0849105617646	-0.0760192286836	0.0131063442645
k__Bacteria;p__Bacteroidetes;c__Bacteroidia;o__Bacteroidales;f__Bacteroidaceae;g__Bacteroides;s__Bacteroides_plebeius	0.059531954354	-0.0105477081916	-0.0841533634273	-0.127291679588	0.0360043989406	-0.0621597063721	0.0190891356262	-0.0430618485245	-0.0975231924901	-0.0101818892939	-0.117559445058	-0.081875886505	-0.0338116260925	0.0523083085205	0.0513329220792	1.0	-0.0328518412682	-0.0889638952933	-0.0747887109968	-0.00411011020635	0.02793646505	-0.0188509717579	-0.0389560930916	-0.00772059105932	-0.00678278752812	0.00822397697794	-0.076734828261	-0.0760002946633	-0.0854207258857	-0.0522510592513	-0.0115323834734	0.0282168413071	-0.036350886705	0.00683409750585	-0.0295690225054	-0.0308835553933	-0.020573771729	-0.0483000433319	-0.0424859228298	0.0194646374248	-0.0847508224748	-0.111198997468	-0.0310463268583	-0.0420842193099	-0.00734314926348	-0.0490176579933	-0.0317618264434	-0.202553964048	0.116070423256	-0.0703243816483	-0.100042631153	0.121428088555	-0.0613225410971	-0.0637490763464	-0.00874792288253	0.00412771179655	-0.0341967821748	-0.0622525233026	-0.0237212107674
k__Bacteria;p__Bacteroidetes;c__Bacteroidia;o__Bacteroidales;f__Bacteroidaceae;g__Bacteroides;s__Bacteroides_fragilis	-0.155835495676	0.0689840502	-0.119061716807	0.0430840466675	0.0440877605557	-0.0945227681499	-0.0789362878955	-0.00865424014748	-0.0526412428207	0.00570541832583	-0.0427663440022	0.0209234678319	-0.0625708463433	0.0107485608481	-0.0626637728538	-0.0328518412682	1.0	-0.0132912939489	-0.0422629454505	0.000352667596215	-0.0676230702547	-0.0864134197248	0.075806947774	-0.0943703749546	0.0342835006946	-0.12995123092	0.10328451656	-0.121253513482	0.00595508488146	0.0301000705847	-0.0771248863329	0.0321767264509	-0.00107488625123	-0.000258611343663	-0.0788979548417	0.00754879080586	0.0351440500891	0.0214363994843	-0.0857970162011	-0.150905360189	-0.0460773195094	-0.0571386613279	0.0209106252729	-0.0425361719802	-0.0310082494885	-0.0764061388434	-0.0777100734735	-0.121389153992	-0.0848027730686	-0.0551194872828	0.0229082067667	0.00369550236391	-0.0312924346478	0.0461054744089	-0.0633917317062	-0.097839347451	-0.0470317647459	-0.116240593305	-0.0270842687638
k__Bacteria;p__Proteobacteria;c__Betaproteobacteria;o__Burkholderiales;f__Sutterellaceae;g__Sutterella;s__Sutterella_wadsworthensis	0.00881857289087	0.00591957303412	-0.0459344398181	0.000963495019905	0.0175896523142	-0.00330563376909	-0.023493680777	0.0617714445794	0.0703784456327	-0.0118539705219	-0.0236756500081	-0.0800839055721	0.0222034588584	-0.068673709837	-0.0528274763273	-0.0889638952933	-0.0132912939489	1.0	-0.0179375301707	0.106992070112	0.0030407076107	0.00705857685814	-0.0327348774626	-0.00784393646611	-0.0684052834357	-0.087732367832	0.0472575622365	-0.0571409543872	-0.0670282072109	-0.0935702756898	-0.0234590174124	0.0966970453897	0.0590005501722	-0.0355822551588	-0.113859580377	-0.0402100350743	-0.0360219846148	-0.0607746805765	0.0498913452841	0.0227224590395	0.0329727709181	-0.102643423953	0.0218951996206	-0.0166339899812	-0.0946737979393	0.00366012355033	0.0158001507758	-0.0644021384993	-0.071084167171	0.0140347585583	-0.00340164806805	-0.0566528584908	-0.0128374397063	0.0362562674923	-0.0253200633165	-0.0288621707808	-0.0176670972871	0.00151926059439	-0.115600600498
k__Bacteria;p__Bacteroidetes;c__Bacteroidia;o__Bacteroidales;f__Porphyromonadaceae;g__Barnesiella;s__Barnesiella_intestinihominis	0.0444868657964	0.0219271976186	0.0201359825444	-0.07383339109	-0.0842255877808	-0.038815504095	0.0400780268984	-0.0373568128758	-0.071624653993	-0.0673710905502	-0.00118097157829	0.00882503216845	-0.0753310304062	-0.103636660112	0.0609464006778	-0.0747887109968	-0.0422629454505	-0.0179375301707	1.0	-0.0428608595488	0.0247333713	-0.132604427654	0.0283992111857	-0.00745539946794	-0.133426201291	-0.0249887525799	0.0371691057368	-0.0599468225991	-0.0948382153442	-0.0342866054154	0.0438700506222	-0.0898513629924	0.0883362690009	-0.030481549187	-0.0649274107437	-0.155995846583	0.0245643894978	0.00146166307314	0.0501493239952	-0.0406661095873	0.0753198430081	0.0116621749373	0.00286798544295	-0.129228383996	-0.156858359899	0.0317993241048	-0.105782644348	0.0744204295996	0.0273117780055	0.0434471258722	0.0631626900531	-0.129047982023	-0.0582113498354	-0.0927944727344	0.0206830220706	0.0554838965973	-0.0530261000983	-0.0752551333348	-0.0288707392706
k__Bacteria;p__Bacteroidetes;c__Bacteroidia;o__Bacteroidales;f__Odoribacteraceae;g__Odoribacter;s__Odoribacter_splanchnicus	0.0353130871938	0.0527264851167	-0.029422605586	-0.0492100494515	-0.0230796816934	-0.184753266748	-0.0728393535964	-0.0698981343952	0.06693421652	-0.0254730960104	-0.0586783876987	-0.0719280534282	-0.0625887912205	0.0413775400367	-0.00385081978478	-0.00411011020635	0.000352667596215	0.106992070112	-0.0428608595488	1.0	0.0417255598845	0.0592380565522	-0.0606895793035	-0.0808612957524	0.0799955153589	0.0412599634314	-0.00638153367016	0.0118641476962	0.0211799624213	0.0387287697282	0.0140367244796	-0.013606473718	-0.128018867699	-0.0265197250027	0.0130243956861	-0.0715644977622	0.0231208539727	-0.0700686129149	-0.0823797233476	-0.0195571149342	-0.0629491284712	-0.0483370907053	0.0406260776531	-0.105501844096	-0.0238863050428	0.00379859029943	-0.0603105593457	-0.0221059847439	-0.0518826728469	-0.0569522777502	0.101809127396	-0.0310696759817	-0.0287024320011	-0.0521157228328	0.0318248546815	0.00304311824741	0.0237690997381	-0.05651124471	-0.0810831109344
k__Bacteria;p__Bacteroidetes;c__Bacteroidia;o__Bacteroidales;f__Bacteroidaceae;g__Bacteroides;s__Bacteroides_salyersiae	-0.00932062820986	-0.0433020728992	-0.111778391537	-0.0608745996834	-0.0212321443411	-0.0291883414778	-0.0102650767994	-0.0804503668044	-0.0659791665263	-0.0152582242093	-0.0211872298108	0.04054734944	-0.0344442978876	-0.0194014939173	0.0143714732005	0.02793646505	-0.0676230702547	0.0030407076107	0.0247333713	0.0417255598845	1.0	-0.00346845605363	-0.0286003587471	-0.0238817713802	0.0673729559518	-0.0242779033803	-0.070089825981	-0.0371180897567	-0.00494513954222	0.0281732812278	-0.0119432099417	-0.0549614772871	0.00110000242886	-0.0248959834717	-0.0239266658323	-0.140680890628	-0.103960169423	-0.0272102318614	0.0541541925397	0.00120065011585	-0.108657606517	-0.0754509951674	0.0139617347249	-0.109453563997	0.164076249987	-0.104286669829	-0.0217093562004	-0.0246539395078	0.0550901289401	-0.104466847344	0.118686556875	-0.120290303259	-0.14457306947	0.0150313120831	0.125246375197	0.0687076992165	-0.105587436621	-0.12207396865	-0.049025202606
k__Bacteria;p__Firmicutes;c__Clostridia;o__Clostridiales;f__Ruminococcaceae;g__Ruminiclostridium;s__[Eubacterium]_siraeum	-0.00464382914042	-0.0632187762036	-0.116708992317	-0.0288658927122	-0.00748726492087	-0.039641686265	-0.0905733436796	-0.0522867591299	0.0294012649935	-0.0448800178675	-0.0908072894469	-0.0641484496704	0.0524395715974	0.0308397880452	-0.0407605396387	-0.0188509717579	-0.0864134197248	0.00705857685814	-0.132604427654	0.0592380565522	-0.00346845605363	1.0	-0.0930224168635	0.0337348793355	0.00156950970602	-0.0120816196991	0.0578861570352	-0.027918731033	0.0337372213307	-0.076000944657	-0.00697850925476	-0.0349565359803	-0.0333990688475	0.00334283982323	-0.0394483896965	-0.0950340939974	0.0509713824602	-0.0723036206208	-0.0107852980833	-0.0837042272832	0.0296635812883	0.0207087423464	0.00440285948704	-0.0244414008165	-0.0402183916178	-0.0131204734986	-0.0725333755419	-0.0530540092741	-0.0832370477367	0.0302732498216	-0.0480705546768	-0.121958614964	0.0315872624483	-0.0540751227245	-0.025605067261	0.0553924444316	0.13832228961	-0.0486394020197	-0.0381773867223
k__Bacteria;p__Proteobacteria;c__Betaproteobacteria;o__Burkholderiales;f__Sutterellaceae;g__Parasutterella;s__Parasutterella_excrementihominis	0.0439643580659	-0.0221891871662	0.0137195247653	-0.0739460930033	-0.0138880477251	-0.00614490943106	-0.0185164950509	-0.0155829472251	-0.0569743260824	0.0203405303521	-0.0715654391924	-0.0228709791343	-0.0275846775445	-0.0246880006667	0.0321674470913	-0.0389560930916	0.075806947774	-0.0327348774626	0.0283992111857	-0.0606895793035	-0.0286003587471	-0.0930224168635	1.0	0.0643416305744	-0.0412305372433	-0.101981380332	-0.16547749358	0.00182785103601	-0.0415265194822	-0.0697845600891	-0.124456396604	-0.0312752128239	-0.151782672033	0.0446377810715	-0.0722368757436	-0.0276167698285	0.0468655332883	-0.0902731239949	-0.0177881428847	-0.0421965365686	0.0172410542227	-0.0353277721244	0.00685608343926	-0.0619285442642	0.00707382628425	0.050331768555	-0.0723654920323	-0.0349964014998	-0.0465807868524	0.0310019855328	-0.031776369192	-0.0664390440056	-0.0131955177961	0.0601978355166	-0.0227977254347	-0.0451228255431	-0.128196104113	-0.0128457324089	0.0676486295629
k__Bacteria;p__Actinobacteria;c__Actinobacteria;o__Bifidobacteriales;f__Bifidobacteriaceae;g__Bifidobacterium;s__Bifidobacterium_adolescentis	-0.0529677640112	-0.0587340954972	0.00195947287946	-0.0639548023354	-0.0672067770731	-0.103369240318	-0.00817367759294	0.0295070275774	-0.101570940182	0.0199623275117	-0.124494717735	-0.0516641440792	-0.0817721081771	0.0586132507739	0.0014736753914	-0.00772059105932	-0.0943703749546	-0.00784393646611	-0.00745539946794	-0.0808612957524	-0.0238817713802	0.0337348793355	0.0643416305744	1.0	0.0418238517041	0.0703232018944	0.0734747335365	-0.0466064068821	-0.0590061516194	-0.0102264283742	0.0184775437499	-0.0262018611825	-0.0570471927317	-0.0300291997963	0.0444463321573	0.0370352671491	0.0333692435528	0.044773464198	-0.109276887822	-0.0465959040764	-0.0097171673967	0.0867230108348	0.0475905291804	0.0387339681063	-0.0553114468658	-0.0466834667966	-0.102748572683	-0.0984645567949	-0.0866480369349	-0.047122868293	-0.0811801964217	-0.0293229469702	0.0230075861522	-0.022276867825	-0.0428563188921	0.0289592369603	0.108114919067	-0.0647096246442	-0.0708404748625
k__Bacteria;p__Firmicutes;c__Clostridia;o__Clostridiales;f__Oscillospiraceae;g__Oscillibacter;s__Oscillibacter_sp._KLE_1745	-0.00279819219516	-0.0148427014569	-0.0437526382773	-0.0946984819498	-0.145257366637	-0.0675315314266	-0.00760971992041	-0.0508517006659	-0.000668947118608	0.0114926345904	-0.015737058082	-0.0959421499528	0.0803989560242	-0.0606765718396	0.00959908657186	-0.00678278752812	0.0342835006946	-0.0684052834357	-0.133426201291	0.0799955153589	0.0673729559518	0.00156950970602	-0.0412305372433	0.0418238517041	1.0	-0.0742569964713	0.0642737535359	-0.0482282773282	-0.00462829647329	-0.12844284984	-0.156068302486	-0.113662965044	0.0321742606335	-0.0376535240294	-0.0502806649951	0.0202678865096	0.0372864095014	-0.0993193071688	-0.224173144237	-0.0499158386833	-0.088607026993	-0.0755533851769	0.00632817468347	-0.0539106303629	0.00852265584824	0.0129484005278	-0.0686583492316	0.00548595623477	-0.0359742733156	-0.131140462791	0.0318672065984	-0.0793885410034	-0.0392594796335	-0.0595276947812	-0.102948619233	0.00371606431735	-0.100645498523	0.027286520626	-0.0691792118531
k__Bacteria;p__Bacteroidetes;c__Bacteroidia;o__Bacteroidales;f__Bacteroidaceae;g__Bacteroides;s__Bacteroides_coprophilus	0.00320858985368	-0.102499169949	0.0353596692156	-0.0722549702516	-0.0580957143363	-6.06396621904e-05	0.0328975351131	0.00312530182056	-0.0135634794021	-0.00270546456413	-0.0737835796566	-0.0251514980384	-0.0570542638096	-0.00240239678235	-0.024214422336	0.00822397697794	-0.12995123092	-0.087732367832	-0.0249887525799	0.0412599634314	-0.0242779033803	-0.0120816196991	-0.101981380332	0.0703232018944	-0.0742569964713	1.0	-0.0551414808024	-0.0299586775895	0.00753729762039	0.0247735711575	-0.074309056021	-0.044793695801	0.0172286447002	0.00764138912925	0.0566668251025	-0.0424981082816	-0.043374197954	0.114789739022	-0.0254574954896	-0.112758526625	0.159545007965	-0.0195006605336	-0.00545991099302	-0.0875904666818	-0.0060496136718	-0.0552801100377	-0.0451964495777	0.0174726747261	-0.0138747070921	0.00640243733754	-0.00329063509516	0.0181483834119	-0.035010649738	-0.0574680815201	-0.0166657663657	0.0772712669144	0.051752608056	-0.091384665676	-0.0571395481511
k__Bacteria;p__Firmicutes;c__Clostridia;o__Clostridiales;f__Lachnospiraceae;g__Roseburia;s__Roseburia_intestinalis	-0.00887512088377	0.024546090263	0.0133351999576	0.0144627039671	-0.0529687474207	-0.0316772912275	0.0531764365034	-0.0630194134118	-0.0581347096529	0.0548055048779	0.0586963211283	0.0369627381963	-0.0319026480351	0.0105455642101	-0.100979433763	-0.076734828261	0.10328451656	0.0472575622365	0.0371691057368	-0.00638153367016	-0.070089825981	0.0578861570352	-0.16547749358	0.0734747335365	0.0642737535359	-0.0551414808024	1.0	0.0576390395292	0.0404768515253	-0.0843430141928	0.00227721187526	-0.167928276457	-0.0570192450744	-0.083457177156	-0.0978961621172	-0.0335331151809	-0.0618024367594	-0.0572080504406	-0.0212101594136	-0.113481465187	0.0458555353774	0.00874822482318	-0.0799497997894	-0.143055723834	-0.0306296446759	-0.0698678192392	-0.0598186370419	0.0381036602758	-0.0398468067396	-0.0765807135604	-0.0515949174164	-0.0137375341337	-0.0341211407087	0.0164545890584	-0.0940388699193	-0.0519555614373	0.0106498767989	-0.110273366246	0.0881968222462
k__Bacteria;p__Firmicutes;c__Clostridia;o__Clostridiales;f__Lachnospiraceae;g__Roseburia;s__Roseburia_hominis	0.0164591343795	0.0214466776739	0.0459789398833	-0.0153678467256	-0.138995031423	-0.0168885411431	0.0151348278876	-0.112729016366	0.0311123710134	-0.00741103176849	0.00542997742038	-0.0393566800103	-0.138809970917	-0.0518951712402	-0.0788257994692	-0.0760002946633	-0.121253513482	-0.0571409543872	-0.0599468225991	0.0118641476962	-0.0371180897567	-0.027918731033	0.00182785103601	-0.0466064068821	-0.0482282773282	-0.0299586775895	0.0576390395292	1.0	0.0603498089766	0.0219218354045	0.0759988231222	0.0290984106977	-0.0661276778209	-0.0335494882164	0.0056815454699	-0.0699299261146	-0.0935416957753	-0.0535109887738	-0.0858841025521	-0.0624493390116	-0.0784054913242	-0.110043830551	0.0092968075682	0.0286682851891	-0.0708750389513	-0.011193925726	0.0652083675101	-0.0989008420867	0.0364495998386	-0.020306460728	-0.0101106860887	0.0991847712507	0.019781562884	-0.111891616327	-0.092415824294	0.0711090687187	-0.0618501413686	0.0365744010497	-0.0329372142456
k__Bacteria;p__Bacteroidetes;c__Bacteroidia;o__Bacteroidales;f__Porphyromonadaceae;g__Parabacteroides;s__Parabacteroides_johnsonii	0.0167716345175	0.0262955169721	0.0402868860634	-0.0971202358262	-0.07659675883	-0.125471830286	-0.0674993870037	-0.105506903424	-0.121546108379	-0.0227632870286	0.0156277205037	-0.0248652326081	-0.024072437104	-0.00245899777866	-0.0792821317247	-0.0854207258857	0.00595508488146	-0.0670282072109	-0.0948382153442	0.0211799624213	-0.00494513954222	0.0337372213307	-0.0415265194822	-0.0590061516194	-0.00462829647329	0.00753729762039	0.0404768515253	0.0603498089766	1.0	0.0406414888847	-0.0937116234852	-0.00366898114318	-0.0608442547472	-0.118796242731	-0.0347307603307	0.0112973766699	0.0675622628703	-0.0393423041442	-0.00983866826716	-0.025329217027	-0.130324024553	-0.022460910477	0.11140999361	-0.00227949090133	-0.0381434499834	0.0423677752517	0.00422587776782	-0.12323713966	-0.055557441731	-0.0620611035521	-0.0556705388687	0.0394955624048	-0.0711553644045	-0.0800980167802	0.0411452592991	-0.0842869108041	-0.158658434078	-0.0580673611875	-0.0111923965327
k__Bacteria;p__Actinobacteria;c__Actinobacteria;o__Bifidobacteriales;f__Bifidobacteriaceae;g__Bifidobacterium;s__Bifidobacterium_longum	-0.0792460905362	-0.0527714917299	-0.0701083439134	-0.0727749428005	-0.0640717621296	-0.00455733561219	-0.0944514637345	0.0249619617631	0.0933053895806	-0.0722094642077	-0.0165246134174	0.0600741753055	0.020843873887	-0.0424292932858	-0.0444315911248	-0.0522510592513	0.0301000705847	-0.0935702756898	-0.0342866054154	0.0387287697282	0.0281732812278	-0.076000944657	-0.0697845600891	-0.0102264283742	-0.12844284984	0.0247735711575	-0.0843430141928	0.0219218354045	0.0406414888847	1.0	0.0476514733351	-0.00683882725976	-0.0506130006433	-0.0154251423742	-0.00911330887743	-0.0445213490224	-0.000651094605391	0.0663537924146	-0.0571470242423	-0.00838718910129	-0.136285415248	-0.108612425136	-0.0773927206782	-0.0367658287738	-0.0760912186759	0.0174724745	0.0175331909577	-0.117108136721	-0.0257793566676	-0.0181492977581	-0.0287771924327	-0.0749678734863	0.106263210766	0.0374373917286	-0.0685490821094	-0.0708497716983	0.0372962345987	-0.0480737503336	-0.0611685635532
