#taxonomy	k__Bacteria;p__Bacteroidetes;c__Bacteroidia;o__Bacteroidales;f__Bacteroidaceae;g__Bacteroides;s__Bacteroides_vulgatus	k__Bacteria;p__Bacteroidetes;c__Bacteroidia;o__Bacteroidales;f__Bacteroidaceae;g__Bacteroides;s__Bacteroides_uniformis	k__Bacteria;p__Bacteroidetes;c__Bacteroidia;o__Bacteroidales;f__Rikenellaceae;g__Alistipes;s__Alistipes_putredinis	k__Bacteria;p__Bacteroidetes;c__Bacteroidia;o__Bacteroidales;f__Prevotellaceae;g__Prevotella;s__Prevotella_copri	k__Bacteria;p__Bacteroidetes;c__Bacteroidia;o__Bacteroidales;f__Bacteroidaceae;g__Bacteroides;s__Bacteroides_stercoris	k__Bacteria;p__Bacteroidetes;c__Bacteroidia;o__Bacteroidales;f__Bacteroidaceae;g__Bacteroides;s__Bacteroides_ovatus	k__Bacteria;p__Bacteroidetes;c__Bacteroidia;o__Bacteroidales;f__Rikenellaceae;g__Alistipes;s__Alistipes_shahii	k__Bacteria;p__Firmicutes;c__Clostridia;o__Clostridiales;f__Ruminococcaceae;g__Faecalibacterium;s__Faecalibacterium_prausnitzii	k__Bacteria;p__Bacteroidetes;c__Bacteroidia;o__Bacteroidales;f__Rikenellaceae;g__Alistipes;s__Alistipes_finegoldii	k__Bacteria;p__Bacteroidetes;c__Bacteroidia;o__Bacteroidales;f__Porphyromonadaceae;g__Parabacteroides;s__Parabacteroides_distasonis	k__Bacteria;p__Bacteroidetes;c__Bacteroidia;o__Bacteroidales;f__Bacteroidaceae;g__Bacteroides;s__Bacteroides_thetaiotaomicron	k__Bacteria;p__Bacteroidetes;c__Bacteroidia;o__Bacteroidales;f__Bacteroidaceae;g__Bacteroides;s__Bacteroides_coprocola	k__Bacteria;p__Bacteroidetes;c__Bacteroidia;o__Bacteroidales;f__Bacteroidaceae;g__Bacteroides;s__Bacteroides_cellulosilyticus	k__Bacteria;p__Bacteroidetes;c__Bacteroidia;o__Bacteroidales;f__Rikenellaceae;g__Alistipes;s__Alistipes_obesi	k__Bacteria;p__Firmicutes;c__Clostridia;o__Clostridiales;f__Lachnospiraceae;g__;s__[Eubacterium]_rectale	k__Bacteria;p__Bacteroidetes;c__Bacteroidia;o__Bacteroidales;f__Bacteroidaceae;g__Bacteroides;s__Bacteroides_plebeius	k__Bacteria;p__Bacteroidetes;c__Bacteroidia;o__Bacteroidales;f__Bacteroidaceae;g__Bacteroides;s__Bacteroides_fragilis	k__Bacteria;p__Proteobacteria;c__Betaproteobacteria;o__Burkholderiales;f__Sutterellaceae;g__Sutterella;s__Sutterella_wadsworthensis	k__Bacteria;p__Bacteroidetes;c__Bacteroidia;o__Bacteroidales;f__Porphyromonadaceae;g__Barnesiella;s__Barnesiella_intestinihominis	k__Bacteria;p__Bacteroidetes;c__Bacteroidia;o__Bacteroidales;f__Odoribacteraceae;g__Odoribacter;s__Odoribacter_splanchnicus	k__Bacteria;p__Bacteroidetes;c__Bacteroidia;o__Bacteroidales;f__Bacteroidaceae;g__Bacteroides;s__Bacteroides_salyersiae	k__Bacteria;p__Firmicutes;c__Clostridia;o__Clostridiales;f__Ruminococcaceae;g__Ruminiclostridium;s__[Eubacterium]_siraeum	k__Bacteria;p__Proteobacteria;c__Betaproteobacteria;o__Burkholderiales;f__Sutterellaceae;g__Parasutterella;s__Parasutterella_excrementihominis	k__Bacteria;p__Actinobacteria;c__Actinobacteria;o__Bifidobacteriales;f__Bifidobacteriaceae;g__Bifidobacterium;s__Bifidobacterium_adolescentis	k__Bacteria;p__Firmicutes;c__Clostridia;o__Clostridiales;f__Oscillospiraceae;g__Oscillibacter;s__Oscillibacter_sp._KLE_1745	k__Bacteria;p__Bacteroidetes;c__Bacteroidia;o__Bacteroidales;f__Bacteroidaceae;g__Bacteroides;s__Bacteroides_coprophilus	k__Bacteria;p__Firmicutes;c__Clostridia;o__Clostridiales;f__Lachnospiraceae;g__Roseburia;s__Roseburia_intestinalis	k__Bacteria;p__Firmicutes;c__Clostridia;o__Clostridiales;f__Lachnospiraceae;g__Roseburia;s__Roseburia_hominis	k__Bacteria;p__Bacteroidetes;c__Bacteroidia;o__Bacteroidales;f__Porphyromonadaceae;g__Parabacteroides;s__Parabacteroides_johnsonii	k__Bacteria;p__Actinobacteria;c__Actinobacteria;o__Bifidobacteriales;f__Bifidobacteriaceae;g__Bifidobacterium;s__Bifidobacterium_longum	k__Bacteria;p__Firmicutes;c__Clostridia;o__Clostridiales;f__;g__Flavonifractor;s__Flavonifractor_plautii	k__Bacteria;p__Firmicutes;c__Clostridia;o__Clostridiales;f__Clostridiaceae;g__Clostridium;s__Clostridium_phoceensis	k__Bacteria;p__Verrucomicrobia;c__Verrucomicrobiae;o__Verrucomicrobiales;f__Akkermansiaceae;g__Akkermansia;s__Akkermansia_muciniphila	k__Bacteria;p__Bacteroidetes;c__Bacteroidia;o__Bacteroidales;f__Prevotellaceae;g__Paraprevotella;s__Paraprevotella_xylaniphila	k__Bacteria;p__Firmicutes;c__Clostridia;o__Clostridiales;f__Ruminococcaceae;g__Ruminococcus;s__Ruminococcus_callidus	k__Bacteria;p__Bacteroidetes;c__Bacteroidia;o__Bacteroidales;f__Rikenellaceae;g__Alistipes;s__Alistipes_senegalensis	k__Bacteria;p__Firmicutes;c__Clostridia;o__Clostridiales;f__Lachnospiraceae;g__Blautia;s__Blautia_sp._KLE_1732	k__Bacteria;p__Bacteroidetes;c__Bacteroidia;o__Bacteroidales;f__Bacteroidaceae;g__Bacteroides;s__Bacteroides_oleiciplenus	k__Bacteria;p__Firmicutes;c__Clostridia;o__Clostridiales;f__Ruminococcaceae;g__Ruminococcus;s__Ruminococcus_bicirculans	k__Bacteria;p__Bacteroidetes;c__Bacteroidia;o__Bacteroidales;f__Bacteroidaceae;g__Bacteroides;s__Bacteroides_fluxus	k__Bacteria;p__Bacteroidetes;c__Bacteroidia;o__Bacteroidales;f__Prevotellaceae;g__Prevotella;s__Prevotella_stercorea	k__Bacteria;p__Firmicutes;c__Clostridia;o__Clostridiales;f__Lachnospiraceae;g__Dorea;s__Dorea_longicatena	k__Bacteria;p__Firmicutes;c__Clostridia;o__Clostridiales;f__Eubacteriaceae;g__Eubacterium;s__[Eubacterium]_eligens	k__Bacteria;p__Firmicutes;c__Clostridia;o__Clostridiales;f__Ruminococcaceae;g__;s__Ruminococcaceae_bacterium_D16	k__Bacteria;p__Firmicutes;c__Clostridia;o__Clostridiales;f__Lachnospiraceae;g__Coprococcus;s__Coprococcus_comes	k__Bacteria;p__Proteobacteria;c__Gammaproteobacteria;o__Enterobacterales;f__Enterobacteriaceae;g__Escherichia;s__Escherichia_coli	k__Bacteria;p__Firmicutes;c__Clostridia;o__Clostridiales;f__Ruminococcaceae;g__Anaerotruncus;s__Anaerotruncus_colihominis	k__Bacteria;p__Firmicutes;c__Clostridia;o__Clostridiales;f__Lachnospiraceae;g__Blautia;s__Blautia_obeum	k__Bacteria;p__Bacteroidetes;c__Bacteroidia;o__Bacteroidales;f__Odoribacteraceae;g__Odoribacter;s__Odoribacter_laneus	k__Bacteria;p__Firmicutes;c__Clostridia;o__Clostridiales;f__Ruminococcaceae;g__Ruminiclostridium;s__[Clostridium]_leptum	k__Bacteria;p__Bacteroidetes;c__Bacteroidia;o__Bacteroidales;f__Porphyromonadaceae;g__Parabacteroides;s__Parabacteroides_goldsteinii	k__Bacteria;p__Firmicutes;c__Clostridia;o__Clostridiales;f__Lachnospiraceae;g__Anaerostipes;s__Anaerostipes_hadrus	k__Bacteria;p__Firmicutes;c__Clostridia;o__Clostridiales;f__Ruminococcaceae;g__Ruminococcus;s__Ruminococcus_lactaris	k__Bacteria;p__Firmicutes;c__Clostridia;o__Clostridiales;f__Clostridiaceae;g__Clostridium;s__Clostridium_sp._L2-50	k__Bacteria;p__Firmicutes;c__Clostridia;o__Clostridiales;f__Clostridiaceae;g__Clostridium;s__Clostridium_sp._M62/1	k__Bacteria;p__Firmicutes;c__Clostridia;o__Clostridiales;f__;g__Intestinimonas;s__Intestinimonas_butyriciproducens	k__Bacteria;p__Actinobacteria;c__Actinobacteria;o__Bifidobacteriales;f__Bifidobacteriaceae;g__Bifidobacterium;s__Bifidobacterium_bifidum	k__Bacteria;p__Firmicutes;c__Negativicutes;o__Veillonellales;f__Veillonellaceae;g__Dialister;s__Dialister_invisus	k__Bacteria;p__Bacteroidetes;c__Bacteroidia;o__Bacteroidales;f__Bacteroidaceae;g__Bacteroides;s__Bacteroides_salanitronis
k__Bacteria;p__Bacteroidetes;c__Bacteroidia;o__Bacteroidales;f__Bacteroidaceae;g__Bacteroides;s__Bacteroides_vulgatus	1.0	-0.0950801514034	-0.01841672585	-0.0284383815046	-0.099845242367	0.035735414965	-0.0527512760418	0.00783509981595	0.0192179444909	-0.00980993907597	0.0440010990337	-0.0462079171735	-0.084035188788	-0.0590799550649	-0.159801193499	-0.0600277968271	0.0596265784922	-0.0588250997034	0.0317280431728	0.00702669749412	-0.0515984060509	-0.0739515351666	-0.05643531166	-0.00604053904435	0.00899115423482	-0.099299763995	-0.123871829731	0.0313549119888	0.0138897671474	0.0321111668654	0.0776426508622	0.0806062399584	-0.0414931241472	-0.0560688350337	0.0104940224047	-0.154996414358	0.0676283440608	-0.0529341587394	-0.0285405768141	-0.128559121532	-0.0203675315243	-0.0735916205271	-0.120376342432	-0.0688218060784	-0.0468950540641	-0.0686092253647	0.0535669436584	-0.0614941416476	-0.021789252404	-0.16012498362	0.0314183425251	0.0431884657686	-0.040090137486	-0.0268118473853	-0.00223075968884	-0.0878759142448	0.0340516447347	0.0366562041342	0.0258214185541
k__Bacteria;p__Bacteroidetes;c__Bacteroidia;o__Bacteroidales;f__Bacteroidaceae;g__Bacteroides;s__Bacteroides_uniformis	-0.0950801514034	1.0	-0.0132451234619	-0.145244484281	0.0544123009907	-0.059230638835	-0.0262005294163	-0.0368026453254	-0.040767911728	0.0353399911171	-0.0325262795231	0.00367932245316	-0.0860271712247	-0.125868507463	0.00594668274313	0.0579975091223	0.146771343789	0.0156552016887	0.0259019284483	-0.0409060398065	-0.0151497748876	-0.0709777346351	-0.126975649801	0.00937316343177	-0.0239833040309	0.0236028213884	-0.0235895413613	-0.152133417978	-0.134563393482	-0.0167461220572	-0.105383791863	-0.0894784566142	-0.029397576933	-0.0564715175077	-0.0141800293488	0.0179049100373	-0.137977016859	0.0156713893294	-0.0507891012965	-0.0237829355178	-0.0562793676267	-0.0538708477355	-0.0253580019283	-0.0184791528333	-0.0578430600402	0.0797881864686	-0.153895528325	-0.0443554765167	0.0360343392423	-0.00521529091775	0.0465992333737	0.0175096712709	0.0296701757663	-0.0130255528363	-0.0413000008362	0.00543066881104	-0.0492909370656	0.0717884046728	0.0135604804481
k__Bacteria;p__Bacteroidetes;c__Bacteroidia;o__Bacteroidales;f__Rikenellaceae;g__Alistipes;s__Alistipes_putredinis	-0.01841672585	-0.0132451234619	1.0	0.0519430553424	0.0255402191101	-0.0313249636796	-0.153142340534	0.00179362062905	-0.0871344110771	-0.175263096137	0.00273992496295	-0.0971574349438	-0.104896729163	-0.0383363350154	-0.0206854003024	-0.0181948964192	-0.0512301020283	0.0672010036222	0.133130039449	0.0452312541971	-0.0509682163066	0.0911306203286	0.0242900340498	-0.0141661826272	-0.0323697628566	-0.098510627058	0.0519909520897	-0.0601418529995	0.0269654438571	-0.0159086467882	-0.0245325769982	-0.0343636902131	0.0469377297421	0.0797696488552	-0.0317863550074	0.000273775017484	0.0805543449152	-0.00750731591447	-0.013752338651	0.00408674956245	-0.0110396955137	-0.115964303796	-0.128727381878	-0.0157386638805	-0.0897110242703	-0.065912275598	-0.0477927902951	-0.0554271439538	-0.0730837595139	0.136493950547	0.0160974667824	-0.0554667815803	0.0426662437659	0.0345058769782	-0.00461582664691	-0.0666439922095	-0.0890592440787	0.0830281674275	0.0200146756192
k__Bacteria;p__Bacteroidetes;c__Bacteroidia;o__Bacteroidales;f__Prevotellaceae;g__Prevotella;s__Prevotella_copri	-0.0284383815046	-0.145244484281	0.0519430553424	1.0	0.0108645944313	-0.127354565945	-0.153531367596	-0.00518247591777	-0.0484174074647	-0.045063732202	-0.0151246513511	0.119001067694	0.0270752767578	-0.0823788009039	0.101978432719	0.0199152257525	0.046132721545	0.018837295863	-0.06153840436	-0.101261942514	0.00987625487771	0.0461262904069	-0.0195465280528	0.0473663533046	-0.118988625032	-0.0704110299329	0.00434973602281	-0.0217309919529	-0.00906331537497	0.0304858361126	-0.140726821259	-0.021796027208	-0.00039025856291	-0.0268958003113	0.0208434068547	-0.0459886380445	-0.0823334433542	-0.0849164918851	-0.0292402418373	0.0443595232893	-0.136815090672	-0.105992854835	-0.0601433279525	-0.0464000467522	0.0603637693357	-0.0598737561245	0.0580801828696	-0.01531534047	-0.0197931664537	-0.00860441394605	0.0329342816251	-0.0401081353825	-0.0251275205495	-0.0249085335472	-0.00500955278767	-0.0150281530695	-0.0606476954979	-0.0891392931824	0.0107614198755
k__Bacteria;p__Bacteroidetes;c__Bacteroidia;o__Bacteroidales;f__Bacteroidaceae;g__Bacteroides;s__Bacteroides_stercoris	-0.099845242367	0.0544123009907	0.0255402191101	0.0108645944313	1.0	-0.0469402259063	-0.126218976877	-0.0312315687362	-0.121154530069	0.00105414607452	-0.108186507219	0.0694986432754	-0.035567177053	-0.0656627116308	-0.0105365443099	-0.0222289867722	-0.0415210015033	0.0437424234126	-0.0828597318904	-0.114131650015	0.0766274610497	-0.069060406907	-0.0164634385924	-0.0152844884289	-0.0253173103161	-0.0608710633145	-0.00171054312461	0.0152510180951	-0.0301914943294	-0.15017175755	-0.0131636946819	-0.148194966609	-0.0756990115763	-0.0127886762075	-0.00102210987668	-0.0540426967512	-0.025057766205	-0.0943978351201	-0.0533740439775	-0.100828370784	0.00803720811832	-0.0373196409069	0.0404608634813	0.0490659812278	-0.109669480588	0.0155873551961	-0.0821794362195	-0.0823157715226	-0.0531997712384	0.00635624467729	-0.00124570563837	-0.0451306502885	-0.132302866263	0.0726565934794	0.0295775661888	0.0916337210681	-0.0693832251672	0.0276073812301	-0.112898330712
k__Bacteria;p__Bacteroidetes;c__Bacteroidia;o__Bacteroidales;f__Bacteroidaceae;g__Bacteroides;s__Bacteroides_ovatus	0.035735414965	-0.059230638835	-0.0313249636796	-0.127354565945	-0.0469402259063	1.0	-0.0451183470697	-0.0402447336293	-0.0269379352617	-0.089111049388	-0.0407641485089	-0.00156113202503	-0.0221185441051	0.0136032153755	-0.0350912262298	-0.0671178536337	-0.232775638448	-0.0815480216159	-0.135441941862	-0.0344247407207	-0.0270441497167	-0.0241208752476	-0.131792769915	-0.0691811943897	-0.136333387479	-0.0547342280666	0.0991542461256	0.0446592033813	-0.0250677491964	0.048573795533	-0.0614075503893	0.0361535921112	-0.0290857311602	-0.0822631148978	-0.0668515947667	-0.0853618052455	0.0140287323966	-0.0693505580354	-0.119357319436	0.0269160061176	-0.00661219349847	0.115140992686	0.0956562405517	0.0341521399291	-0.00742623601998	-0.157219574967	-0.0589885971987	-0.00692311573549	0.0705926914878	-0.0147889643918	0.0192474334951	-0.120952451786	0.0446361169	0.024781066358	-0.0202115208098	-0.0244627653398	0.0311254954219	-0.0103374351757	-0.0240310600601
k__Bacteria;p__Bacteroidetes;c__Bacteroidia;o__Bacteroidales;f__Rikenellaceae;g__Alistipes;s__Alistipes_shahii	-0.0527512760418	-0.0262005294163	-0.153142340534	-0.153531367596	-0.126218976877	-0.0451183470697	1.0	0.0296664287822	-0.0497261230865	0.02044587987	-0.0935575578375	-0.00200743677478	-0.0628679565452	-0.0532092373228	0.0112375338327	-0.115856184851	-0.0088562777612	-0.176356283206	-0.0735550036317	-0.0457534227677	-0.00965618785766	-0.135654961163	-0.0190887135825	-0.0189531861885	-0.026648048888	0.0356956430804	-0.0763750661789	-0.124260377353	0.0662843707184	0.0527965437206	-0.108823239992	-0.00285810048304	-0.00587675604547	-0.0815066784228	0.0495632773374	0.00039699454338	-0.119584050899	0.0988312029633	-0.0324856697794	-0.0570214667996	-0.0409673766052	-0.0738024362068	-0.0326008707749	-0.011671375154	0.0017728804617	0.0371342006692	-0.0764473614063	0.0329634266226	0.0707499477711	0.0238620799869	-0.0466287718514	-0.201944853258	-0.00228136115219	0.0249361159397	0.0295283238501	0.111357912941	0.0792900954169	-0.0114699346212	-0.0358472654975
k__Bacteria;p__Firmicutes;c__Clostridia;o__Clostridiales;f__Ruminococcaceae;g__Faecalibacterium;s__Faecalibacterium_prausnitzii	0.00783509981595	-0.0368026453254	0.00179362062905	-0.00518247591777	-0.0312315687362	-0.0402447336293	0.0296664287822	1.0	0.00247293413199	0.0636633493302	-0.144740888064	-0.0925330313085	-0.0633974954465	-0.106734905654	0.0242768416933	-0.00580736261479	-0.0613005565707	-0.140562668803	-0.118135086391	-0.080676125819	-0.0660218607273	-0.0712549449134	0.161435146544	0.00714246129949	-0.0130695723913	0.0511180802901	-0.0439813803864	-0.102559062056	-0.0235883054581	-0.0544793114695	0.0275155219981	-0.0176035026547	-0.0465808897565	-0.0419008782774	0.0398058253883	-0.0530596029982	-0.0154544870419	-0.0641393715051	0.00417984104453	0.0409207637484	0.0644359393091	-0.0667756481405	-0.108198958635	-0.0504510429416	-0.0448452310625	-0.0860090766338	-0.00908428405233	0.0120265834476	-0.0629120773094	-0.112494456854	0.087334563402	0.0129058846822	-0.187830213131	-0.0814902926332	0.010927742272	-0.0684396100189	-0.00311185295122	-0.0508510520944	-0.0496440533202
k__Bacteria;p__Bacteroidetes;c__Bacteroidia;o__Bacteroidales;f__Rikenellaceae;g__Alistipes;s__Alistipes_finegoldii	0.0192179444909	-0.040767911728	-0.0871344110771	-0.0484174074647	-0.121154530069	-0.0269379352617	-0.0497261230865	0.00247293413199	1.0	-0.130596583698	0.0484587855633	-0.116641574579	0.00580632498749	-0.0568388309609	-0.0724618412034	-0.0628069280099	0.0359972120944	-0.112920928971	0.0034831766545	-0.0136687113125	-0.0229569627347	-0.0617437299964	0.00214832117439	-0.0231521344326	0.0373806851271	-0.006053976667	0.0990402232972	0.0169182001837	-0.0314378111996	0.0128210952654	0.116562223308	0.0246403645739	-0.0407449394579	0.0352691046201	-0.0783574942232	0.0258409302741	0.0662577367084	-0.00925930362943	0.00374549585622	-0.0509405175092	-0.126247324612	0.0140181961405	-0.0186888415804	-0.0252872769056	-0.0623139538224	-0.0407592800272	0.0353471558592	-0.124212523603	-0.0484847590485	0.0110179059421	0.00671843423835	-0.0625950860075	-0.0834255537472	0.036185838896	-0.145243001039	0.0402974222613	-0.131786190293	-0.0362611037826	0.0832865353419
k__Bacteria;p__Bacteroidetes;c__Bacteroidia;o__Bacteroidales;f__Porphyromonadaceae;g__Parabacteroides;s__Parabacteroides_distasonis	-0.00980993907597	0.0353399911171	-0.175263096137	-0.045063732202	0.00105414607452	-0.089111049388	0.02044587987	0.0636633493302	-0.130596583698	1.0	-0.077712222737	-0.0265166903859	-0.0880755662382	-0.0172741109162	-0.11553758932	0.00786721368555	-0.0700906489114	0.0188742814176	-0.040277363365	-0.0950297927844	-0.0517946833589	0.0249069188056	-0.0127700408496	-0.0576871359368	0.00188224930378	0.0255289102142	0.0459950447934	0.0959732378085	-0.154324603602	-0.129249740085	0.0060508093501	-0.00576767651838	-0.00251700002596	-0.0785746055504	-0.0579285336837	-0.0818531441262	0.034037549918	-0.114291091086	-0.0589942105801	-0.0297558183945	0.075573638029	-0.0599815860806	-0.017733800266	0.0248467827115	-0.0506825763605	-0.0525276889929	0.0403098102317	-0.104670096872	0.0704465659493	-0.00637994560035	-0.150214657579	-0.0811218343395	-0.00482666200414	-0.112705121409	0.0319044831214	0.0606756436135	0.169363112604	0.0533949391621	-0.156956403944
k__Bacteria;p__Bacteroidetes;c__Bacteroidia;o__Bacteroidales;f__Bacteroidaceae;g__Bacteroides;s__Bacteroides_thetaiotaomicron	0.0440010990337	-0.0325262795231	0.00273992496295	-0.0151246513511	-0.108186507219	-0.0407641485089	-0.0935575578375	-0.144740888064	0.0484587855633	-0.077712222737	1.0	-0.0442260034772	-0.0247431392989	-0.0209658476573	-0.0343063714448	-0.142299338241	-0.114367962555	-0.0619794082611	-0.0279159329756	-0.113426467422	-0.0629911329327	-0.0144361833848	0.0306484703346	-0.0107952960902	-0.0180292048482	-0.0995808718869	-0.103365071681	0.111152271023	-0.11235983171	-0.0443115970104	-0.0913143485471	-0.0512136062986	-0.0227580182278	0.00310325943019	-0.0626745445134	0.0456680903843	-0.0421660259919	-0.00191731918821	0.00855114191634	-0.0460403244553	0.0072276301503	0.0123198545106	-0.0243563838339	-0.0725550958364	-0.0668970655918	0.106031887787	0.00609759818461	-0.0731256303636	0.0476295900379	-0.0444292662253	-0.0520849662953	0.0452578489695	0.0619716715332	-0.0425499020858	-0.00633333957812	0.00501400995247	-0.0774981701715	-0.00897911504413	-0.0479213722193
k__Bacteria;p__Bacteroidetes;c__Bacteroidia;o__Bacteroidales;f__Bacteroidaceae;g__Bacteroides;s__Bacteroides_coprocola	-0.0462079171735	0.00367932245316	-0.0971574349438	0.119001067694	0.0694986432754	-0.00156113202503	-0.00200743677478	-0.0925330313085	-0.116641574579	-0.0265166903859	-0.0442260034772	1.0	0.044683690257	-0.0722550204378	0.0464292870778	-0.0171823623552	-0.136852921635	-0.04416647718	-0.047909118036	-0.0931144645733	-0.07531050636	-0.0305527841243	-0.0795782160362	-0.0411060737649	0.0192137302427	-0.0286690686631	-0.0288292967987	-0.0240670794556	0.0516628151303	-0.0213660041652	-0.0493177203394	-0.0779943490174	0.0911758381042	0.0767001023817	0.0475300486678	-0.020560510109	-0.0542763245253	0.0402638672193	-0.0231044310297	-0.0560787293638	-0.0329909491609	-0.0699212992403	-0.0873998370814	0.0088292693009	0.146131010398	0.111513327703	-0.0325947869331	-0.11111403086	-0.00515523659353	0.0170167898636	-0.0394820237313	-0.0831878305005	-0.132962800148	-0.0107203360617	-0.0347882374764	-0.105040786762	0.0471559454815	0.0381981058426	-0.0476337944279
k__Bacteria;p__Bacteroidetes;c__Bacteroidia;o__Bacteroidales;f__Bacteroidaceae;g__Bacteroides;s__Bacteroides_cellulosilyticus	-0.084035188788	-0.0860271712247	-0.104896729163	0.0270752767578	-0.035567177053	-0.0221185441051	-0.0628679565452	-0.0633974954465	0.00580632498749	-0.0880755662382	-0.0247431392989	0.044683690257	1.0	-0.0282988855979	-0.0634296875377	-0.12279632217	-0.0715092954473	0.0812407746653	-0.0410004628564	-0.109566738232	-0.0415938931175	-0.0252473122169	0.0541846077631	-0.0475398209286	-0.00492226847281	0.0157931994479	-0.0339404948675	-0.0466079340085	0.0221943879021	-0.0671209992583	-0.0851949735248	-0.0355952444774	0.0662935968905	-0.0239763376352	0.0104950754398	0.0792453320281	-0.00345099834616	-0.155444175232	0.0135203981925	-0.0307425274046	-0.0652021797254	0.00662070633389	0.0121817151068	-0.0239523803936	0.0107283404762	0.00325246812997	0.0141792013648	-0.013039048612	-0.00180387994619	-0.00204781711041	0.00457793110148	-0.119588791789	-0.00684018052191	-0.0289035510609	-0.0688951763772	-0.0171272402268	-0.0438403177335	-0.0951798876989	-0.00928944006572
k__Bacteria;p__Bacteroidetes;c__Bacteroidia;o__Bacteroidales;f__Rikenellaceae;g__Alistipes;s__Alistipes_obesi	-0.0590799550649	-0.125868507463	-0.0383363350154	-0.0823788009039	-0.0656627116308	0.0136032153755	-0.0532092373228	-0.106734905654	-0.0568388309609	-0.0172741109162	-0.0209658476573	-0.0722550204378	-0.0282988855979	1.0	0.0131057049979	-0.0612774496219	-0.071317202094	-0.0380294609997	-0.022172079567	0.0318344814173	0.00948102584655	0.0269621077856	-0.107115681696	-0.0195419901782	-0.0767316050053	-0.0647576488529	-0.052766781028	-0.0731716090706	0.0350936598563	-0.0290389874193	-0.0540584676145	0.0577497758468	0.0559421826637	-0.0138000981478	0.0302840298688	-0.0590802063489	-0.129970158895	-0.103088055713	0.00943166832113	0.0468482621698	0.0963576203355	-0.0239451741996	-0.0247951720768	0.0308884373825	-0.054797166606	-0.0638417219529	-0.0897404823685	-0.0114475538549	-0.0935987688166	-0.0508547229192	-0.082081540558	-0.0994051345982	-0.00148042327837	-0.0415584840406	-0.0354633725713	-0.0436763330628	-0.0409751117108	0.0504563852455	0.00379710213987
k__Bacteria;p__Firmicutes;c__Clostridia;o__Clostridiales;f__Lachnospiraceae;g__;s__[Eubacterium]_rectale	-0.159801193499	0.00594668274313	-0.0206854003024	0.101978432719	-0.0105365443099	-0.0350912262298	0.0112375338327	0.0242768416933	-0.0724618412034	-0.11553758932	-0.0343063714448	0.0464292870778	-0.0634296875377	0.0131057049979	1.0	0.00621011214156	-0.0297928000556	0.018074647509	-0.0131228206098	-0.0276187963705	-0.108624690171	-0.0307888614013	-0.0920068825836	-0.0505624469423	0.0577098544365	-0.110353743156	0.0293580322259	0.00271371561851	-0.157356544528	-0.0464717800792	-0.0289290957874	0.0359004967024	-0.0440140031764	0.00513660290442	0.0451668887764	-0.08816902899	-0.0596700461371	-0.023090082585	-0.0917130040786	-0.028633852868	-0.00953801562181	-0.0548080692845	0.0716259578952	-0.00421543717463	-0.0455870394287	-0.0236884377609	-0.0460313617058	-0.108987515215	-0.150157210168	0.0301297113198	0.0200717289309	-0.108739460766	0.0351620490075	0.0140755087974	-0.0103930523083	0.0371393204962	-0.0607071859417	-0.0794697600109	-0.0384853792607
k__Bacteria;p__Bacteroidetes;c__Bacteroidia;o__Bacteroidales;f__Bacteroidaceae;g__Bacteroides;s__Bacteroides_plebeius	-0.0600277968271	0.0579975091223	-0.0181948964192	0.0199152257525	-0.0222289867722	-0.0671178536337	-0.115856184851	-0.00580736261479	-0.0628069280099	0.00786721368555	-0.142299338241	-0.0171823623552	-0.12279632217	-0.0612774496219	0.00621011214156	1.0	0.00456290430098	0.0549856647466	-0.133420483314	0.0235784605488	-0.0946929196476	0.0544751506469	-0.0682201705001	-0.0610808783258	0.0364924258773	-0.100372814199	-0.0285287581769	-0.0712637069267	-0.0352851316615	-0.0643204425395	-0.120338497095	0.102195961768	-0.0521653480667	-0.00610016240442	0.0100995403509	0.0227789280074	-0.0619113817283	-0.0673110132483	0.0032029365247	-0.00186656899762	-0.0592208022821	-0.0718578216217	0.0109891459461	0.0232644715881	-0.091900412057	-0.104344355982	-0.0147041361664	0.0452585417047	-0.0692708417292	-0.031882435405	0.0486401584041	0.0211460900977	-0.0372611750153	-0.0694666186433	0.111208760467	-0.0805694025254	0.052162283283	-0.0371153106405	-0.0734469830013
k__Bacteria;p__Bacteroidetes;c__Bacteroidia;o__Bacteroidales;f__Bacteroidaceae;g__Bacteroides;s__Bacteroides_fragilis	0.0596265784922	0.146771343789	-0.0512301020283	0.046132721545	-0.0415210015033	-0.232775638448	-0.0088562777612	-0.0613005565707	0.0359972120944	-0.0700906489114	-0.114367962555	-0.136852921635	-0.0715092954473	-0.071317202094	-0.0297928000556	0.00456290430098	1.0	0.0260003157454	-0.0901103777179	-0.0302200737847	-0.0148098378873	-0.00849357122354	-0.058865450456	-0.0620144818948	-0.0519014671614	-0.0610931675039	-0.0361927933228	-0.0182366431241	-0.00313648000354	-0.016144528474	-0.0855825512705	-0.0871321060363	-0.0716458877559	-0.00497763766455	-0.151561897242	0.0393663765464	-0.0664414134792	0.0112063512103	-0.0683991434938	-0.0435369954547	-0.00996029501166	-0.018543029525	0.0745386607483	-0.0327656940046	-0.086403768437	-0.00644563308493	-0.0759329058188	-0.0709167561864	-0.0556714923725	-0.0147602171011	-0.0216021609943	0.03783597724	-0.0725842733394	-0.00138375030765	0.0814222435781	0.0400040258913	-0.0609497941619	0.0477959413121	-0.0424636069987
k__Bacteria;p__Proteobacteria;c__Betaproteobacteria;o__Burkholderiales;f__Sutterellaceae;g__Sutterella;s__Sutterella_wadsworthensis	-0.0588250997034	0.0156552016887	0.0672010036222	0.018837295863	0.0437424234126	-0.0815480216159	-0.176356283206	-0.140562668803	-0.112920928971	0.0188742814176	-0.0619794082611	-0.04416647718	0.0812407746653	-0.0380294609997	0.018074647509	0.0549856647466	0.0260003157454	1.0	-0.0473591940886	-0.0374564664733	-0.0324372639621	-0.0619350598792	-0.0754637510322	-0.0280801418948	-0.0680253527583	-0.0484221893713	-0.0441301388765	-0.0145107255926	-0.032200423812	-0.0560811959535	0.0842045317218	-0.0616473155484	-0.140205744796	-0.0347043404348	-0.0513951382471	0.0127412039601	-0.13618995933	-0.0411611491648	0.0825393828745	-0.0548544913939	0.0539603194907	-0.0759882771734	0.034869578409	0.018755529824	-0.101421210865	-0.0758343054903	-0.0648809468357	-0.0254271362291	-0.0210130923739	0.0228083956612	0.0258265414648	-0.0279434415562	0.0624654593651	0.0229581724316	0.0126132666906	-0.0447363226964	0.0287802966342	-0.0342910984377	0.0239153117236
k__Bacteria;p__Bacteroidetes;c__Bacteroidia;o__Bacteroidales;f__Porphyromonadaceae;g__Barnesiella;s__Barnesiella_intestinihominis	0.0317280431728	0.0259019284483	0.133130039449	-0.06153840436	-0.0828597318904	-0.135441941862	-0.0735550036317	-0.118135086391	0.0034831766545	-0.040277363365	-0.0279159329756	-0.047909118036	-0.0410004628564	-0.022172079567	-0.0131228206098	-0.133420483314	-0.0901103777179	-0.0473591940886	1.0	-0.0994527169169	-0.0388149827944	-0.0547995342459	0.0194385183708	-0.0223532419878	0.00746133793147	-0.151239687025	0.0120131354128	-0.102964260387	-0.100823306185	0.0262096512242	-0.0548402915057	-0.0225940134144	0.151032151116	-0.0765769702677	-0.0468059394064	0.000240490832159	-0.0166236930839	-0.000521201150673	-0.0701882540315	-0.0819832842368	-0.0155259657642	-0.0542748007124	-0.122747932204	0.00428590057642	-0.0382625908234	-0.0798366511324	0.00613066265028	-0.0389076427258	-0.12123323027	-0.0650328786035	0.0103680389765	-0.0546871743383	-0.0603202525835	-0.0401720941373	-0.11026048329	0.00625938835449	-0.000250747346492	0.0501553630404	-0.11471893657
k__Bacteria;p__Bacteroidetes;c__Bacteroidia;o__Bacteroidales;f__Odoribacteraceae;g__Odoribacter;s__Odoribacter_splanchnicus	0.00702669749412	-0.0409060398065	0.0452312541971	-0.101261942514	-0.114131650015	-0.0344247407207	-0.0457534227677	-0.080676125819	-0.0136687113125	-0.0950297927844	-0.113426467422	-0.0931144645733	-0.109566738232	0.0318344814173	-0.0276187963705	0.0235784605488	-0.0302200737847	-0.0374564664733	-0.0994527169169	1.0	0.00814992325328	-0.0225492126036	-0.0184381298859	0.0608971717512	0.0511335661187	0.0397170367738	-0.0380351732158	0.0196150271316	-0.109630042711	0.00503208164229	-0.04385611085	0.0552695317815	0.00567970173072	-0.0437205085206	-0.0410158688712	0.0408235282328	-0.0719181094456	-0.0149057282508	-0.0864658205933	-0.121858286398	-0.136887202876	0.0146922886156	0.0249798948427	0.0169256332575	-0.0442586738613	-0.0106982675995	-0.0860169543236	-0.103639305147	-0.0324359276467	0.0758137087976	-0.0703537800513	0.0542676306296	0.00792252985762	0.0494932490713	-0.117387461294	-0.0339683625644	-0.00433870898037	0.0502419652546	0.0547024657759
k__Bacteria;p__Bacteroidetes;c__Bacteroidia;o__Bacteroidales;f__Bacteroidaceae;g__Bacteroides;s__Bacteroides_salyersiae	-0.0515984060509	-0.0151497748876	-0.0509682163066	0.00987625487771	0.0766274610497	-0.0270441497167	-0.00965618785766	-0.0660218607273	-0.0229569627347	-0.0517946833589	-0.0629911329327	-0.07531050636	-0.0415938931175	0.00948102584655	-0.108624690171	-0.0946929196476	-0.0148098378873	-0.0324372639621	-0.0388149827944	0.00814992325328	1.0	-0.100882619194	-0.0701203724324	0.00472737795857	-0.0163831066772	-0.136958502031	0.0730555738903	0.0280483305874	0.0522079070553	0.0698391629215	-0.0776848887842	-0.0999116061432	-0.0790581814135	0.00561001431127	-0.0185988973682	-0.0880371457451	0.130550667335	-0.0554451257897	-0.0917402644805	-0.0671717707409	-0.0340226597563	-0.00407718008931	-0.0388624569606	0.0102300877309	-0.0802240187725	0.0623820570036	-0.039865697797	-0.103957894423	-0.00741620303723	-0.0964333997749	-0.0241235815013	-0.0892626631242	-0.0274345514417	-0.0806140249579	0.0147139101659	-0.0344512194825	-0.139205107874	-0.00359982021553	0.0211201031515
k__Bacteria;p__Firmicutes;c__Clostridia;o__Clostridiales;f__Ruminococcaceae;g__Ruminiclostridium;s__[Eubacterium]_siraeum	-0.0739515351666	-0.0709777346351	0.0911306203286	0.0461262904069	-0.069060406907	-0.0241208752476	-0.135654961163	-0.0712549449134	-0.0617437299964	0.0249069188056	-0.0144361833848	-0.0305527841243	-0.0252473122169	0.0269621077856	-0.0307888614013	0.0544751506469	-0.00849357122354	-0.0619350598792	-0.0547995342459	-0.0225492126036	-0.100882619194	1.0	-0.0357699223345	-0.109008340738	0.0567292389776	-0.0497450874694	-0.0159653687798	-0.0293077476644	0.0242938190724	-0.0587659387712	0.00632550759666	-0.0684964456463	0.0703458939909	-0.0920110104655	0.0195407176507	-0.0950020633881	-0.125616157984	-0.160275075819	-0.0316446781253	0.0684852157182	-0.102456309806	0.0147450312181	-0.0344238425619	-0.030341571112	-0.0702128332533	0.0114780833604	-0.043781972971	-0.051604487544	-0.0440877902829	-0.105631820952	-0.0841084177188	-0.0063302332224	-0.00803793832321	-0.0930684177696	0.0472135128009	-0.0894601907295	0.0237536372989	0.0484808669343	-0.103616678819
k__Bacteria;p__Proteobacteria;c__Betaproteobacteria;o__Burkholderiales;f__Sutterellaceae;g__Parasutterella;s__Parasutterella_excrementihominis	-0.05643531166	-0.126975649801	0.0242900340498	-0.0195465280528	-0.0164634385924	-0.131792769915	-0.0190887135825	0.161435146544	0.00214832117439	-0.0127700408496	0.0306484703346	-0.0795782160362	0.0541846077631	-0.107115681696	-0.0920068825836	-0.0682201705001	-0.058865450456	-0.0754637510322	0.0194385183708	-0.0184381298859	-0.0701203724324	-0.0357699223345	1.0	-0.0370926765769	0.0181224349645	-0.0400724506753	0.00249051854868	-0.0108870897618	-0.0649184882044	-0.0440073689851	0.0363191438062	-0.127855382341	0.101079459566	-0.040618155979	-0.0023544538836	0.053888040161	-0.0204553155515	-0.0481262060169	0.0623994919712	0.0213545127316	-0.0274023350309	0.118654997382	-0.0589576856275	-0.0115145887579	-0.105722347022	-0.0870206348398	-0.0412094930672	0.0424731039747	-0.0388101977548	-0.0684852483723	-0.0304766335485	0.0578077592216	-0.0763699137921	0.0631013641625	-0.0498496503791	-0.0408196927432	0.0939412630627	-0.0868037851024	0.0509567907747
k__Bacteria;p__Actinobacteria;c__Actinobacteria;o__Bifidobacteriales;f__Bifidobacteriaceae;g__Bifidobacterium;s__Bifidobacterium_adolescentis	-0.00604053904435	0.00937316343177	-0.0141661826272	0.0473663533046	-0.0152844884289	-0.0691811943897	-0.0189531861885	0.00714246129949	-0.0231521344326	-0.0576871359368	-0.0107952960902	-0.0411060737649	-0.0475398209286	-0.0195419901782	-0.0505624469423	-0.0610808783258	-0.0620144818948	-0.0280801418948	-0.0223532419878	0.0608971717512	0.00472737795857	-0.109008340738	-0.0370926765769	1.0	-0.021469917584	-0.0157448602018	0.0193131966285	0.0252292278645	-0.11147476359	-0.0648736455769	-0.0176254156027	-0.0111515910008	-0.110623759829	-0.0751538626505	-0.00799145159273	-0.0952716411677	-0.0681194529217	0.055900891961	-0.0538091960449	-0.0574228269459	-0.0109020096876	-0.0376202577444	0.00316477716314	-0.0266326166726	-0.033203803867	0.0585989366198	0.0955419485824	0.0323765916043	-0.010784241404	-0.0714132785567	-0.0546304693334	0.0884037258979	-0.0457204273782	-0.0213108456358	-0.00195917604388	-0.0989375776589	-0.0874560695889	0.0309187869676	-0.0444269288116
k__Bacteria;p__Firmicutes;c__Clostridia;o__Clostridiales;f__Oscillospiraceae;g__Oscillibacter;s__Oscillibacter_sp._KLE_1745	0.00899115423482	-0.0239833040309	-0.0323697628566	-0.118988625032	-0.0253173103161	-0.136333387479	-0.026648048888	-0.0130695723913	0.0373806851271	0.00188224930378	-0.0180292048482	0.0192137302427	-0.00492226847281	-0.0767316050053	0.0577098544365	0.0364924258773	-0.0519014671614	-0.0680253527583	0.00746133793147	0.0511335661187	-0.0163831066772	0.0567292389776	0.0181224349645	-0.021469917584	1.0	0.0256344430606	0.0147038958305	-0.0209978039289	0.00819344423849	0.0157775315957	-0.0441724897251	-0.102811225326	-0.0518938096388	-0.0508488924388	-0.0676560885225	-0.0428197519733	-0.089670769948	0.00157260606694	-0.0142841192545	0.0696881363763	-0.0695910420805	-0.0938199409042	-0.0585963118329	-0.0164278950465	0.0111983288721	0.089947780882	-0.0296131249019	-0.0631090362368	-0.0718133336359	-0.0459593747993	0.0234315428287	0.0180933939759	-0.0567325588575	-0.0471540574692	0.00630230902388	0.0107651701829	-0.0590297378284	0.0607526795478	0.0411988275165
k__Bacteria;p__Bacteroidetes;c__Bacteroidia;o__Bacteroidales;f__Bacteroidaceae;g__Bacteroides;s__Bacteroides_coprophilus	-0.099299763995	0.0236028213884	-0.098510627058	-0.0704110299329	-0.0608710633145	-0.0547342280666	0.0356956430804	0.0511180802901	-0.006053976667	0.0255289102142	-0.0995808718869	-0.0286690686631	0.0157931994479	-0.0647576488529	-0.110353743156	-0.100372814199	-0.0610931675039	-0.0484221893713	-0.151239687025	0.0397170367738	-0.136958502031	-0.0497450874694	-0.0400724506753	-0.0157448602018	0.0256344430606	1.0	-0.108512718742	-0.0491677040043	-0.0108672894903	-0.0962229476938	-0.0409847633209	0.0183317359829	-0.128787505727	0.00250464787105	-0.17683928563	-0.00970960534147	-0.108929278868	-0.0934482981205	0.0924450470144	0.136979433849	0.0359903609443	0.0241907413468	-0.0752426884503	0.023465835002	-0.0593149676004	-0.0424242851138	-0.0518078017991	-0.0455054240422	-0.00227136324857	-0.0217491323948	0.00391678825113	0.0325848230809	-0.127334597039	0.0336557995265	0.0100013616972	-0.162124673528	0.0931750187202	0.0380162791219	-0.0364153976878
k__Bacteria;p__Firmicutes;c__Clostridia;o__Clostridiales;f__Lachnospiraceae;g__Roseburia;s__Roseburia_intestinalis	-0.123871829731	-0.0235895413613	0.0519909520897	0.00434973602281	-0.00171054312461	0.0991542461256	-0.0763750661789	-0.0439813803864	0.0990402232972	0.0459950447934	-0.103365071681	-0.0288292967987	-0.0339404948675	-0.052766781028	0.0293580322259	-0.0285287581769	-0.0361927933228	-0.0441301388765	0.0120131354128	-0.0380351732158	0.0730555738903	-0.0159653687798	0.00249051854868	0.0193131966285	0.0147038958305	-0.108512718742	1.0	0.00316526590556	-0.0196871597072	-0.021448067339	-0.0104917450267	0.00384321427914	0.0420631571857	-0.122048305763	0.0192708975559	0.122584955246	-0.0203613066605	-0.0211687329949	-0.00370304208259	-0.0781592572771	-0.121137200531	0.0723010295291	-0.0139686773902	-0.0465672232586	0.0208972890234	-0.0759016183812	-0.0138696421625	-0.0638703510106	0.0146818894901	0.0249262869935	-0.00587387022456	-0.112751255958	-0.0590567540725	0.103524031568	-0.0857533374103	-0.0255321454917	-0.032872069508	-0.181475770715	-0.0476856198375
k__Bacteria;p__Firmicutes;c__Clostridia;o__Clostridiales;f__Lachnospiraceae;g__Roseburia;s__Roseburia_hominis	0.0313549119888	-0.152133417978	-0.0601418529995	-0.0217309919529	0.0152510180951	0.0446592033813	-0.124260377353	-0.102559062056	0.0169182001837	0.0959732378085	0.111152271023	-0.0240670794556	-0.0466079340085	-0.0731716090706	0.00271371561851	-0.0712637069267	-0.0182366431241	-0.0145107255926	-0.102964260387	0.0196150271316	0.0280483305874	-0.0293077476644	-0.0108870897618	0.0252292278645	-0.0209978039289	-0.0491677040043	0.00316526590556	1.0	-0.0122553567773	-0.062162241497	-0.141035796613	-0.00521437733716	-0.0175566069365	-0.129762142543	-0.0741435034156	0.0164136112756	-0.0147018260941	-0.101622077718	0.00407108420335	-0.0228517311282	0.0435160929972	-0.0634136622307	0.0326092387285	-0.0438015681132	-0.0759355465129	-0.112985029394	0.0026867106758	0.0128711291619	-0.0605935493035	-0.0498796230211	-0.0581713900569	0.0107266094592	0.0914680226989	-0.0148509545224	-0.193981209061	-0.038916168801	-0.0995840896895	-0.0317547424986	-0.0282490634335
k__Bacteria;p__Bacteroidetes;c__Bacteroidia;o__Bacteroidales;f__Porphyromonadaceae;g__Parabacteroides;s__Parabacteroides_johnsonii	0.0138897671474	-0.134563393482	0.0269654438571	-0.00906331537497	-0.0301914943294	-0.0250677491964	0.0662843707184	-0.0235883054581	-0.0314378111996	-0.154324603602	-0.11235983171	0.0516628151303	0.0221943879021	0.0350936598563	-0.157356544528	-0.0352851316615	-0.00313648000354	-0.032200423812	-0.100823306185	-0.109630042711	0.0522079070553	0.0242938190724	-0.0649184882044	-0.11147476359	0.00819344423849	-0.0108672894903	-0.0196871597072	-0.0122553567773	1.0	0.0245011367059	0.0250848688703	-0.0782411222769	0.0114607388273	-0.0798688881796	-0.046860060058	-0.00939443069619	-0.0292412931219	0.0818887034375	-0.0327994446401	0.0903908756733	-0.0490842636647	-0.0887657382087	-0.0387476049938	-0.0548734883986	-0.0862161861341	0.0189170120766	-0.0339427683638	-0.0369213281842	-0.0978648108475	-0.102438141488	0.0245619028098	-0.00141181258122	0.0722597871165	0.00567851850564	-0.119983570604	0.0936523900422	-0.0816987569207	-0.0622196376929	0.0254727128685
k__Bacteria;p__Actinobacteria;c__Actinobacteria;o__Bifidobacteriales;f__Bifidobacteriaceae;g__Bifidobacterium;s__Bifidobacterium_longum	0.0321111668654	-0.0167461220572	-0.0159086467882	0.0304858361126	-0.15017175755	0.048573795533	0.0527965437206	-0.0544793114695	0.0128210952654	-0.129249740085	-0.0443115970104	-0.0213660041652	-0.0671209992583	-0.0290389874193	-0.0464717800792	-0.0643204425395	-0.016144528474	-0.0560811959535	0.0262096512242	0.00503208164229	0.0698391629215	-0.0587659387712	-0.0440073689851	-0.0648736455769	0.0157775315957	-0.0962229476938	-0.021448067339	-0.062162241497	0.0245011367059	1.0	-0.00824223151078	0.00227124667052	-0.0482257577324	-0.0792498996302	-0.0330292705806	0.0507219204412	-0.0724144313743	0.0401095474931	-0.0829011665212	0.010369490848	-0.0813401859152	-0.0206522814423	-0.0352981306418	-0.0247329853428	-0.0450791162524	-0.0122137990705	0.0330415919323	-0.0969019914579	0.0806746701161	-0.00441146140355	0.0266909101982	-0.0491940502591	0.0386696968875	-0.0184547730028	-0.0355339628371	-0.0531480045921	-0.0780434464832	-0.011527544153	0.0828516854013
