#taxonomy	k__Bacteria;p__Bacteroidetes;c__Bacteroidia;o__Bacteroidales;f__Bacteroidaceae;g__Bacteroides;s__Bacteroides_vulgatus	k__Bacteria;p__Bacteroidetes;c__Bacteroidia;o__Bacteroidales;f__Bacteroidaceae;g__Bacteroides;s__Bacteroides_uniformis	k__Bacteria;p__Bacteroidetes;c__Bacteroidia;o__Bacteroidales;f__Rikenellaceae;g__Alistipes;s__Alistipes_putredinis	k__Bacteria;p__Bacteroidetes;c__Bacteroidia;o__Bacteroidales;f__Prevotellaceae;g__Prevotella;s__Prevotella_copri	k__Bacteria;p__Bacteroidetes;c__Bacteroidia;o__Bacteroidales;f__Bacteroidaceae;g__Bacteroides;s__Bacteroides_stercoris	k__Bacteria;p__Bacteroidetes;c__Bacteroidia;o__Bacteroidales;f__Bacteroidaceae;g__Bacteroides;s__Bacteroides_ovatus	k__Bacteria;p__Bacteroidetes;c__Bacteroidia;o__Bacteroidales;f__Rikenellaceae;g__Alistipes;s__Alistipes_shahii	k__Bacteria;p__Firmicutes;c__Clostridia;o__Clostridiales;f__Ruminococcaceae;g__Faecalibacterium;s__Faecalibacterium_prausnitzii	k__Bacteria;p__Bacteroidetes;c__Bacteroidia;o__Bacteroidales;f__Rikenellaceae;g__Alistipes;s__Alistipes_finegoldii	k__Bacteria;p__Bacteroidetes;c__Bacteroidia;o__Bacteroidales;f__Porphyromonadaceae;g__Parabacteroides;s__Parabacteroides_distasonis	k__Bacteria;p__Bacteroidetes;c__Bacteroidia;o__Bacteroidales;f__Bacteroidaceae;g__Bacteroides;s__Bacteroides_thetaiotaomicron	k__Bacteria;p__Bacteroidetes;c__Bacteroidia;o__Bacteroidales;f__Bacteroidaceae;g__Bacteroides;s__Bacteroides_coprocola	k__Bacteria;p__Bacteroidetes;c__Bacteroidia;o__Bacteroidales;f__Bacteroidaceae;g__Bacteroides;s__Bacteroides_cellulosilyticus	k__Bacteria;p__Bacteroidetes;c__Bacteroidia;o__Bacteroidales;f__Rikenellaceae;g__Alistipes;s__Alistipes_obesi	k__Bacteria;p__Firmicutes;c__Clostridia;o__Clostridiales;f__Lachnospiraceae;g__;s__[Eubacterium]_rectale	k__Bacteria;p__Bacteroidetes;c__Bacteroidia;o__Bacteroidales;f__Bacteroidaceae;g__Bacteroides;s__Bacteroides_plebeius	k__Bacteria;p__Bacteroidetes;c__Bacteroidia;o__Bacteroidales;f__Bacteroidaceae;g__Bacteroides;s__Bacteroides_fragilis	k__Bacteria;p__Proteobacteria;c__Betaproteobacteria;o__Burkholderiales;f__Sutterellaceae;g__Sutterella;s__Sutterella_wadsworthensis	k__Bacteria;p__Bacteroidetes;c__Bacteroidia;o__Bacteroidales;f__Porphyromonadaceae;g__Barnesiella;s__Barnesiella_intestinihominis	k__Bacteria;p__Bacteroidetes;c__Bacteroidia;o__Bacteroidales;f__Odoribacteraceae;g__Odoribacter;s__Odoribacter_splanchnicus	k__Bacteria;p__Bacteroidetes;c__Bacteroidia;o__Bacteroidales;f__Bacteroidaceae;g__Bacteroides;s__Bacteroides_salyersiae	k__Bacteria;p__Firmicutes;c__Clostridia;o__Clostridiales;f__Ruminococcaceae;g__Ruminiclostridium;s__[Eubacterium]_siraeum	k__Bacteria;p__Proteobacteria;c__Betaproteobacteria;o__Burkholderiales;f__Sutterellaceae;g__Parasutterella;s__Parasutterella_excrementihominis	k__Bacteria;p__Actinobacteria;c__Actinobacteria;o__Bifidobacteriales;f__Bifidobacteriaceae;g__Bifidobacterium;s__Bifidobacterium_adolescentis	k__Bacteria;p__Firmicutes;c__Clostridia;o__Clostridiales;f__Oscillospiraceae;g__Oscillibacter;s__Oscillibacter_sp._KLE_1745	k__Bacteria;p__Bacteroidetes;c__Bacteroidia;o__Bacteroidales;f__Bacteroidaceae;g__Bacteroides;s__Bacteroides_coprophilus	k__Bacteria;p__Firmicutes;c__Clostridia;o__Clostridiales;f__Lachnospiraceae;g__Roseburia;s__Roseburia_intestinalis	k__Bacteria;p__Firmicutes;c__Clostridia;o__Clostridiales;f__Lachnospiraceae;g__Roseburia;s__Roseburia_hominis	k__Bacteria;p__Bacteroidetes;c__Bacteroidia;o__Bacteroidales;f__Porphyromonadaceae;g__Parabacteroides;s__Parabacteroides_johnsonii	k__Bacteria;p__Actinobacteria;c__Actinobacteria;o__Bifidobacteriales;f__Bifidobacteriaceae;g__Bifidobacterium;s__Bifidobacterium_longum	k__Bacteria;p__Firmicutes;c__Clostridia;o__Clostridiales;f__;g__Flavonifractor;s__Flavonifractor_plautii	k__Bacteria;p__Firmicutes;c__Clostridia;o__Clostridiales;f__Clostridiaceae;g__Clostridium;s__Clostridium_phoceensis	k__Bacteria;p__Verrucomicrobia;c__Verrucomicrobiae;o__Verrucomicrobiales;f__Akkermansiaceae;g__Akkermansia;s__Akkermansia_muciniphila	k__Bacteria;p__Bacteroidetes;c__Bacteroidia;o__Bacteroidales;f__Prevotellaceae;g__Paraprevotella;s__Paraprevotella_xylaniphila	k__Bacteria;p__Firmicutes;c__Clostridia;o__Clostridiales;f__Ruminococcaceae;g__Ruminococcus;s__Ruminococcus_callidus	k__Bacteria;p__Bacteroidetes;c__Bacteroidia;o__Bacteroidales;f__Rikenellaceae;g__Alistipes;s__Alistipes_senegalensis	k__Bacteria;p__Firmicutes;c__Clostridia;o__Clostridiales;f__Lachnospiraceae;g__Blautia;s__Blautia_sp._KLE_1732	k__Bacteria;p__Bacteroidetes;c__Bacteroidia;o__Bacteroidales;f__Bacteroidaceae;g__Bacteroides;s__Bacteroides_oleiciplenus	k__Bacteria;p__Firmicutes;c__Clostridia;o__Clostridiales;f__Ruminococcaceae;g__Ruminococcus;s__Ruminococcus_bicirculans	k__Bacteria;p__Bacteroidetes;c__Bacteroidia;o__Bacteroidales;f__Bacteroidaceae;g__Bacteroides;s__Bacteroides_fluxus	k__Bacteria;p__Bacteroidetes;c__Bacteroidia;o__Bacteroidales;f__Prevotellaceae;g__Prevotella;s__Prevotella_stercorea	k__Bacteria;p__Firmicutes;c__Clostridia;o__Clostridiales;f__Lachnospiraceae;g__Dorea;s__Dorea_longicatena	k__Bacteria;p__Firmicutes;c__Clostridia;o__Clostridiales;f__Eubacteriaceae;g__Eubacterium;s__[Eubacterium]_eligens	k__Bacteria;p__Firmicutes;c__Clostridia;o__Clostridiales;f__Ruminococcaceae;g__;s__Ruminococcaceae_bacterium_D16	k__Bacteria;p__Firmicutes;c__Clostridia;o__Clostridiales;f__Lachnospiraceae;g__Coprococcus;s__Coprococcus_comes	k__Bacteria;p__Proteobacteria;c__Gammaproteobacteria;o__Enterobacterales;f__Enterobacteriaceae;g__Escherichia;s__Escherichia_coli	k__Bacteria;p__Firmicutes;c__Clostridia;o__Clostridiales;f__Ruminococcaceae;g__Anaerotruncus;s__Anaerotruncus_colihominis	k__Bacteria;p__Firmicutes;c__Clostridia;o__Clostridiales;f__Lachnospiraceae;g__Blautia;s__Blautia_obeum	k__Bacteria;p__Bacteroidetes;c__Bacteroidia;o__Bacteroidales;f__Odoribacteraceae;g__Odoribacter;s__Odoribacter_laneus	k__Bacteria;p__Firmicutes;c__Clostridia;o__Clostridiales;f__Ruminococcaceae;g__Ruminiclostridium;s__[Clostridium]_leptum	k__Bacteria;p__Bacteroidetes;c__Bacteroidia;o__Bacteroidales;f__Porphyromonadaceae;g__Parabacteroides;s__Parabacteroides_goldsteinii	k__Bacteria;p__Firmicutes;c__Clostridia;o__Clostridiales;f__Lachnospiraceae;g__Anaerostipes;s__Anaerostipes_hadrus	k__Bacteria;p__Firmicutes;c__Clostridia;o__Clostridiales;f__Ruminococcaceae;g__Ruminococcus;s__Ruminococcus_lactaris	k__Bacteria;p__Firmicutes;c__Clostridia;o__Clostridiales;f__Clostridiaceae;g__Clostridium;s__Clostridium_sp._L2-50	k__Bacteria;p__Firmicutes;c__Clostridia;o__Clostridiales;f__Clostridiaceae;g__Clostridium;s__Clostridium_sp._M62/1	k__Bacteria;p__Firmicutes;c__Clostridia;o__Clostridiales;f__;g__Intestinimonas;s__Intestinimonas_butyriciproducens	k__Bacteria;p__Actinobacteria;c__Actinobacteria;o__Bifidobacteriales;f__Bifidobacteriaceae;g__Bifidobacterium;s__Bifidobacterium_bifidum	k__Bacteria;p__Firmicutes;c__Negativicutes;o__Veillonellales;f__Veillonellaceae;g__Dialister;s__Dialister_invisus	k__Bacteria;p__Bacteroidetes;c__Bacteroidia;o__Bacteroidales;f__Bacteroidaceae;g__Bacteroides;s__Bacteroides_salanitronis
k__Bacteria;p__Bacteroidetes;c__Bacteroidia;o__Bacteroidales;f__Bacteroidaceae;g__Bacteroides;s__Bacteroides_vulgatus	1.0	0.0135241068019	-0.113221235459	-0.00852712957037	-0.0850438948022	-0.0096305513985	-0.0652190618593	-0.00229482326854	0.100025863493	0.0137568965566	-0.0561112687124	0.0879556173322	-0.152197260918	-0.0469713705057	-0.0783487623342	0.0217555024218	0.00164053407002	-0.025555778858	0.0218706660703	0.0658700935337	0.0963939951809	-0.0507177565044	-0.0568601561489	0.0184630107183	0.0453703891606	-0.0205368291672	-0.0163541701698	-0.0368072638382	-0.0464545837095	-0.0478751901528	-0.0272329845902	0.0304355186075	0.0594980936825	0.00115258089456	0.0154963881712	-0.0770885764705	-0.180273305272	0.0595138229377	0.0384275915685	-0.0376181538991	-0.125069672606	-0.0708502177578	0.0424129948126	-0.0453059874021	-0.0495699787444	0.00809430053963	0.0122846799427	-0.0317937768145	-0.240131283996	-0.0170951776429	-0.0613987300473	-0.106181645803	-0.115078392364	-0.109965497273	-0.0836397069238	0.00153090493334	-0.0323064471675	-0.153957082941	-0.048421055825
k__Bacteria;p__Bacteroidetes;c__Bacteroidia;o__Bacteroidales;f__Bacteroidaceae;g__Bacteroides;s__Bacteroides_uniformis	0.0135241068019	1.0	-0.102801739722	-0.064579276365	-0.0725058952563	-0.133568585499	-0.057809893934	-0.0672378975685	-0.000821816511842	0.0406872369627	0.0411986852681	-0.0108691940219	0.058130642864	-0.0983601978958	0.000451857363047	0.057656025342	-0.0899058598517	-0.0580404491009	-0.0469257007016	0.00695777231579	-0.0124090663856	-0.0854956111141	-0.0355015854405	-0.0189753255931	0.0307417958013	-0.0576532609998	-0.0330001992071	-0.106225863137	-0.0753503193206	-0.0446755010605	0.00187851957823	-0.0243305924588	0.020966195676	-0.0736582547077	-0.0656279497006	-0.0517771217339	-0.0796520437639	0.00401303797901	-0.00862296890624	0.0114705372003	-0.0331989957776	-0.015342788629	-0.159190803052	-0.0459749699739	0.027345301304	-0.0506105645104	-0.00237886775764	0.0161259364819	-0.0103947345013	0.0352068708493	0.0199286141515	-0.00244967478755	-0.0649444764031	0.0105181892059	-0.0237416392863	-0.0350450854931	-0.0676828058751	0.0649927441075	0.0760253775851
k__Bacteria;p__Bacteroidetes;c__Bacteroidia;o__Bacteroidales;f__Rikenellaceae;g__Alistipes;s__Alistipes_putredinis	-0.113221235459	-0.102801739722	1.0	-0.0166172166411	-0.0502877145181	-0.092150260948	0.0387516660795	0.000582034952503	0.00519473818176	0.0980786371236	-0.093047337517	-0.0784970532384	-0.0468847314774	0.0406746245218	-0.0162797275384	0.00019930642909	0.017086170985	-0.054936412238	0.0737671008115	0.0273714914812	-0.154443744826	0.0585445456432	-0.0367930186509	0.0310601703553	0.00153441749501	-0.022117133733	0.00935082948592	0.0416463722621	0.0354131248936	0.0161948677858	-0.129196434718	-0.0397744566611	-0.125117405123	0.0726107361984	0.0197184114558	-0.0793223382546	-0.0587055037435	-0.0909419545751	-0.0825842943208	0.0556846274825	-0.0283270289823	-0.00939769532988	0.024467196154	-0.000483625693429	-0.022279770621	-0.0314169854439	-0.0866687066629	-0.0245224163791	-0.042119275664	-0.0581503704126	-0.0703095917013	-0.023943478664	-0.0327316770921	0.0549620869137	-0.150273476623	0.00425404311857	-0.0401228040246	0.011062022337	-0.0808141776205
k__Bacteria;p__Bacteroidetes;c__Bacteroidia;o__Bacteroidales;f__Prevotellaceae;g__Prevotella;s__Prevotella_copri	-0.00852712957037	-0.064579276365	-0.0166172166411	1.0	-0.0912998637253	0.017121238629	0.00690641278767	0.0116307151035	0.0721013407374	-0.0978114454279	-0.0274401395217	0.00241352708442	0.0193125222738	-0.0121168676812	-0.0624764911527	-0.0495124050531	0.0195277111845	-0.00978609575965	-0.00364164069103	-0.0274636333169	-0.0541460793531	0.00949065990187	-0.0223822711126	-0.0365493151525	0.00515363201176	0.0668511168837	0.150481072001	0.011582931268	-0.108957047661	0.0186297020944	0.0164186798153	-0.0494287012265	-0.0259477264848	-0.0721511527583	-0.0454895866179	-0.0357918365163	0.0612286835492	-0.0685811240562	-0.0575510801936	-0.0061531535858	0.00249575765044	-0.0980984192053	-0.0756571900722	-0.134048781035	-0.049516214477	-0.0170814108596	0.0540861087627	-0.106241460251	-0.0363448504345	-0.0586903918855	0.0645785305981	0.0342083095713	0.0528034792109	-0.123168270449	-0.0989773635542	0.0121914925767	-0.0161330729578	-0.0593593633317	-0.00442751321005
k__Bacteria;p__Bacteroidetes;c__Bacteroidia;o__Bacteroidales;f__Bacteroidaceae;g__Bacteroides;s__Bacteroides_stercoris	-0.0850438948022	-0.0725058952563	-0.0502877145181	-0.0912998637253	1.0	-0.0353638180493	-0.0568112745367	-0.124958423363	-0.0714378976524	-0.0951225611074	-0.0333277697866	0.038971751822	-0.0423252609062	-0.0441440952729	-0.0217971645899	-0.00692643118546	0.010029778835	0.0449185520532	-0.0444055815466	0.063004932674	-0.108349630045	-0.073532833866	-0.117100018014	-0.0356836953119	0.0385169275708	-0.0648656270021	0.087422761201	-0.0303938317895	0.0289021532878	-0.0289119622826	-0.0719053811648	0.0189314064522	-0.115645346062	0.0107334505597	-0.042565176015	0.00936576919898	0.063684199608	-0.106798830718	-0.0775244207297	0.0201852831028	-0.0438813229618	-0.0104457250236	0.0976552379923	-0.071572943521	-0.0747800604731	-0.0845333743387	-0.0385810160928	-0.00596787054908	0.0210443312606	-0.0938733515148	-0.00203044248107	0.0307681517367	-0.065639014121	-0.025239941893	-0.036049154396	0.0456484125084	0.00449366354827	-0.0193556584581	-0.019314765899
k__Bacteria;p__Bacteroidetes;c__Bacteroidia;o__Bacteroidales;f__Bacteroidaceae;g__Bacteroides;s__Bacteroides_ovatus	-0.0096305513985	-0.133568585499	-0.092150260948	0.017121238629	-0.0353638180493	1.0	-0.0685869370432	-0.0216604582951	-0.0289434218925	0.049911326898	-0.0336105732692	4.72819601731e-05	-0.0207844982535	0.0459391995943	0.102761946571	-0.115487164443	-0.117175135223	-0.115235719039	-0.0493601120364	-0.106092063602	-0.0514318886369	-0.0513098837773	0.00612069607127	-0.0965946911066	-0.00489513424929	-0.00966096624824	0.0375059364129	0.0181252481529	-0.0628915889806	-0.0918586882921	-0.0197057580742	-0.0223361019504	0.109848468535	0.0475487264013	-0.0677986593903	-0.0716265611541	-0.0242989255579	-0.0837207906587	-0.0802374894766	-0.0316515213425	0.0192597010123	-0.0344045887001	0.0450033624389	0.0678866731101	-0.0535948123551	-0.00502283149892	-0.0742735161343	0.0157700577043	-0.0438163741705	-0.00541110544831	-0.0521329992048	-0.0557481204049	-0.0227523263097	-0.0297843832225	-0.102012220222	-0.0275342337238	-0.0962203044829	-0.00695714040622	-0.0784765292978
k__Bacteria;p__Bacteroidetes;c__Bacteroidia;o__Bacteroidales;f__Rikenellaceae;g__Alistipes;s__Alistipes_shahii	-0.0652190618593	-0.057809893934	0.0387516660795	0.00690641278767	-0.0568112745367	-0.0685869370432	1.0	-0.0370968727305	-0.0602420692728	-0.157264874979	0.0287187526099	-0.0723303707226	0.00348559799397	0.0584625407903	-0.0187651891923	-0.0679186890467	0.0382685702655	0.151813734173	-0.129934237065	-0.00880016921394	-0.0290716336903	-0.0602318698276	0.00647833819976	0.00757885886582	0.0534956493314	0.0804049676186	0.0801845415007	0.0413532499651	0.00884561828102	-0.0464472057104	0.0223205415603	-0.023403356126	-0.0415199200177	0.0441741139418	-0.0371537675197	-0.102301378054	-0.0157327541395	0.0223506514328	-0.0835768401078	0.022797309731	-0.059281410656	-0.0746466537399	0.00506032727713	-0.119200860164	-0.0493899448092	-0.0685436835084	-0.0686381544146	-0.217898544021	-0.122059618746	-0.0304992803754	-0.10929208371	0.0160474830589	-0.0578241413965	0.0674821552694	-0.0163631720453	-0.0758495367472	-0.0414030644591	-0.093943779273	-0.133886625601
k__Bacteria;p__Firmicutes;c__Clostridia;o__Clostridiales;f__Ruminococcaceae;g__Faecalibacterium;s__Faecalibacterium_prausnitzii	-0.00229482326854	-0.0672378975685	0.000582034952503	0.0116307151035	-0.124958423363	-0.0216604582951	-0.0370968727305	1.0	0.00961511398956	-0.0409765780395	-0.0305512040237	-0.0369301267244	0.081600968342	0.00288580271294	0.0178652350135	0.0610685988192	-0.0393566681223	-0.112776276625	0.0918083198025	-0.120585771197	-0.011805326261	0.070368543176	0.0214491138428	0.0273748170584	-0.0103030678644	0.00629042760873	-0.0375946162827	0.0819441437966	-0.0363520893311	-0.00587742923551	0.0107540967598	-0.0906672595875	0.00140984466503	-0.00150550482773	-0.123075335268	-0.126569335817	0.0391462930989	-0.0225833600602	-0.00392058752606	-0.0695891179977	0.051495712568	-0.0463731408937	-0.0177273700776	-0.0416742008849	-0.0100511605612	-0.152522449317	-0.0702126659872	0.0264464948469	-0.0817919687062	-0.0451351816582	-0.0437948017706	-0.0487931872017	0.0815654996773	-0.0265301798341	-0.0262994725887	0.0377778546489	-0.017073713506	-0.0406325577632	0.0151938500081
k__Bacteria;p__Bacteroidetes;c__Bacteroidia;o__Bacteroidales;f__Rikenellaceae;g__Alistipes;s__Alistipes_finegoldii	0.100025863493	-0.000821816511842	0.00519473818176	0.0721013407374	-0.0714378976524	-0.0289434218925	-0.0602420692728	0.00961511398956	1.0	-0.185859956485	-0.0421732331451	0.0141056785665	-0.0463005585139	-0.0528186537371	-0.139607143604	-0.0366297506987	-0.0798613224432	-0.0867586455362	0.0249508076774	-0.0105517829953	-0.106152504953	-0.00175577635149	0.0556415643114	0.0212320522594	-0.0246080456953	-0.0119068387771	0.141512919062	-0.11563571444	0.0112403097195	0.0247337892585	-0.127917386435	0.00699688429293	0.0369139049864	-0.130143056727	0.00620493627492	-0.089730491664	-0.0586997386807	-0.0220172146542	-0.0456047323696	-0.0207773484509	-0.00310530483306	-0.0355233665993	-0.00869825751913	0.0177363692432	0.0532799928715	0.032093286557	-0.133916655166	-0.00865476407304	-0.00951603270826	-0.114755703705	-0.0741632340797	0.0401326538489	-0.0555892142183	-0.0195621444228	-0.083703794549	0.0819725506614	0.0380824792091	-0.0584097233568	-0.0703566793166
k__Bacteria;p__Bacteroidetes;c__Bacteroidia;o__Bacteroidales;f__Porphyromonadaceae;g__Parabacteroides;s__Parabacteroides_distasonis	0.0137568965566	0.0406872369627	0.0980786371236	-0.0978114454279	-0.0951225611074	0.049911326898	-0.157264874979	-0.0409765780395	-0.185859956485	1.0	0.051893966986	0.0534165781398	-0.109417016267	-0.129754847133	0.132260374535	-0.124379974014	0.030930713464	-0.105656848366	-0.102911646444	-0.107979536983	-0.0279823671418	0.06584811051	-0.0756651989105	0.0510844668535	0.016472670978	-0.00700391933598	-0.0114392004095	0.0202764047385	-0.0628167184798	-0.082945674198	-0.031202524404	-0.0619359718799	-0.0023609461951	-0.0429870546279	0.0319827273192	0.0868755099923	0.0123720568844	0.0161259485401	-0.0327995207604	0.0218127145356	-0.0641345004727	-0.0527975943167	-0.12416077619	-0.125447762757	-0.125241280304	-0.117084334003	-0.0109184057322	0.0194898351612	-0.00823990272376	0.00724959110263	0.0358434314196	-0.119242975132	-0.0653308785535	0.0313419108693	0.0357127476601	-0.0650069193457	0.064569019702	0.0280265342796	0.0439950792878
k__Bacteria;p__Bacteroidetes;c__Bacteroidia;o__Bacteroidales;f__Bacteroidaceae;g__Bacteroides;s__Bacteroides_thetaiotaomicron	-0.0561112687124	0.0411986852681	-0.093047337517	-0.0274401395217	-0.0333277697866	-0.0336105732692	0.0287187526099	-0.0305512040237	-0.0421732331451	0.051893966986	1.0	-0.0118058050531	-0.0770441410682	-0.00688862928483	-0.0763977870947	-0.0994778646366	-0.0350821009445	-0.114403265809	-0.00947233412008	-0.0783059086293	-0.0482780876652	-0.100610154229	-0.0109043428018	-0.0255212261836	-0.0267836334449	-0.0908956312557	-0.0501231927983	-0.0163721765592	-0.070170241763	0.0512179183606	-0.0799440892871	-0.0659701918949	-0.00648601783482	-0.10933930906	-0.105331006027	0.0765255020591	0.0323404956343	-0.0518512598212	0.105149324885	0.00195375126036	-0.0525158523999	-0.0448866535584	-0.0305960564469	0.0436128283384	-0.0486995741327	-0.034595668714	-0.0177086028104	0.000516284853227	-0.0722493855756	-0.0763374242372	-0.0293442492868	0.000530694498339	-0.0517755885873	-0.0587910436249	-0.0642693751103	-0.0693270491673	-0.0161276589325	0.130008705171	-0.00453421826296
k__Bacteria;p__Bacteroidetes;c__Bacteroidia;o__Bacteroidales;f__Bacteroidaceae;g__Bacteroides;s__Bacteroides_coprocola	0.0879556173322	-0.0108691940219	-0.0784970532384	0.00241352708442	0.038971751822	4.72819601731e-05	-0.0723303707226	-0.0369301267244	0.0141056785665	0.0534165781398	-0.0118058050531	1.0	0.0561859326766	-0.0456343283071	-0.00839915267985	-0.0472659266117	0.0678613759533	-0.0200111932349	-0.0610514694919	-0.0691702222988	-0.0544832623028	0.0190408241501	0.0072929892837	-0.0338583929675	0.0140817477297	0.0522042475086	-0.0723658100938	-0.0227148563467	-0.0339133597968	0.0515263587754	0.0314108393872	-0.0439826066483	-0.0579400479055	-0.116835656729	-0.00997677966196	-0.107897875	-0.0367937136765	0.070995303638	-0.00931001756489	-0.0332473038612	-0.124948501287	-0.00527133559429	-0.0328317714116	0.0122140058711	0.00787709317071	-0.0285755044169	0.00188035403683	-0.121003916839	-0.0524290403086	-0.0486244923833	-0.0998744930366	0.00553031673201	-0.14170109414	-0.145933608027	-0.0167132049935	0.0116603497529	-0.00609577672662	0.012455025876	-0.0145157416535
k__Bacteria;p__Bacteroidetes;c__Bacteroidia;o__Bacteroidales;f__Bacteroidaceae;g__Bacteroides;s__Bacteroides_cellulosilyticus	-0.152197260918	0.058130642864	-0.0468847314774	0.0193125222738	-0.0423252609062	-0.0207844982535	0.00348559799397	0.081600968342	-0.0463005585139	-0.109417016267	-0.0770441410682	0.0561859326766	1.0	0.0521684846433	0.018604902778	-0.0075570709724	0.0521615612391	0.00785070190623	0.000159718251337	0.0659634130436	-0.00887084064338	-0.0159601091984	0.00147241500181	-0.0233923252203	-0.0375466824089	0.047675580769	0.018647672254	-0.0211975749641	-0.0977469427354	-0.0769195534869	-0.0823219677885	-0.157617091638	-0.0823484138677	-0.09846640848	-0.0380263427331	0.0944942749733	-0.0561648653177	0.0461943191285	-0.0603594694094	-0.030530216579	0.0167558432229	-0.0811518788308	-0.0496894712517	-0.000788042846483	-0.133433710422	-0.105871920023	-0.126500482379	-0.0228293638004	-0.066519982227	-0.0376269828367	-0.0851854281117	-0.107060266222	-0.0553734594156	-0.0964494601072	-0.0782996659212	-0.0314972384497	-0.0328612342605	-0.0484936400673	-0.0812512253138
k__Bacteria;p__Bacteroidetes;c__Bacteroidia;o__Bacteroidales;f__Rikenellaceae;g__Alistipes;s__Alistipes_obesi	-0.0469713705057	-0.0983601978958	0.0406746245218	-0.0121168676812	-0.0441440952729	0.0459391995943	0.0584625407903	0.00288580271294	-0.0528186537371	-0.129754847133	-0.00688862928483	-0.0456343283071	0.0521684846433	1.0	-0.0615930051155	-0.0782183254693	-0.00538607552547	0.00991520666012	-0.0993663339256	0.0453255504491	-0.0868911626006	0.0231649549867	-0.0306598835393	-0.0168201459454	0.0146749303002	-0.0287590505111	-0.0929176261384	-0.0727334612642	0.0486321993429	-0.0239933239047	-0.0429237691549	-0.0580126893634	-0.0944089026454	-0.132045251762	0.06110750666	-0.0140566495714	-0.0666215181302	-0.028846266959	-0.063942847303	0.0467138304689	0.0539229999114	-0.0286075149244	-0.0255069770893	-0.0988163868407	-0.0270752095196	0.00867151893653	-0.0282127112323	0.00940534904172	-0.00902395040154	-0.0225551208839	-0.0309514748727	-0.00761194010345	-0.0761545086319	0.0465809685902	0.0222010400183	-0.0183350502292	-0.116798172749	-0.109082872381	-0.00137123919276
k__Bacteria;p__Firmicutes;c__Clostridia;o__Clostridiales;f__Lachnospiraceae;g__;s__[Eubacterium]_rectale	-0.0783487623342	0.000451857363047	-0.0162797275384	-0.0624764911527	-0.0217971645899	0.102761946571	-0.0187651891923	0.0178652350135	-0.139607143604	0.132260374535	-0.0763977870947	-0.00839915267985	0.018604902778	-0.0615930051155	1.0	0.0326371317334	-0.0521818763923	-0.0292299424456	-0.0841784945656	-0.0639534629647	-0.0766974377783	-0.109834881189	-0.0292426385183	0.0796142554506	0.000100480836544	0.0250600070941	0.00467503782614	0.0242505208168	9.39496484109e-06	-0.10361194811	-0.0503723365314	-0.00586437987275	-0.102361315848	-0.0188373719582	-0.0743515030705	-0.00371248658858	-0.0772099137185	-0.0868988194292	-0.00718707748559	0.0190435673528	-0.043484152193	-0.0180467119703	-0.00103114281961	-0.0373691470666	0.030242005613	-0.0441100140846	-0.0248466275902	-0.047029794875	-0.02257767504	0.0363899221036	0.0634795081769	-0.0140648866849	-0.112503770884	-0.0463416117837	-0.0237925340087	-0.00957349447949	-0.0270142715793	0.00189777535023	0.0404782969478
k__Bacteria;p__Bacteroidetes;c__Bacteroidia;o__Bacteroidales;f__Bacteroidaceae;g__Bacteroides;s__Bacteroides_plebeius	0.0217555024218	0.057656025342	0.00019930642909	-0.0495124050531	-0.00692643118546	-0.115487164443	-0.0679186890467	0.0610685988192	-0.0366297506987	-0.124379974014	-0.0994778646366	-0.0472659266117	-0.0075570709724	-0.0782183254693	0.0326371317334	1.0	-0.104846659657	-0.106664378706	-0.0840954613896	0.0155002178974	0.0174336475399	-0.11248707514	-0.0963026111533	-0.0362149959355	-0.113713926819	-0.00996731645769	-0.073682129764	0.0439333729626	0.0386568197981	0.00287552358107	0.0583740356871	-0.0965265679774	-0.113665715804	-0.108851764784	-0.0821688449403	-0.0512685186011	-0.085659552776	-0.0335466114789	-0.0518369530747	-0.156051407388	-0.0287702724644	-0.0878289739032	0.0765643371286	-0.0444736681041	-0.00182591058178	-0.0342128818466	-0.0340462034003	0.056135111703	0.0247071740926	-0.0687770623319	-0.0115395298727	-0.0285518840032	-0.0741794129965	-0.145133892161	-0.0644150635441	0.00965962225822	-0.0322595679332	-0.00102955713849	0.025314117768
k__Bacteria;p__Bacteroidetes;c__Bacteroidia;o__Bacteroidales;f__Bacteroidaceae;g__Bacteroides;s__Bacteroides_fragilis	0.00164053407002	-0.0899058598517	0.017086170985	0.0195277111845	0.010029778835	-0.117175135223	0.0382685702655	-0.0393566681223	-0.0798613224432	0.030930713464	-0.0350821009445	0.0678613759533	0.0521615612391	-0.00538607552547	-0.0521818763923	-0.104846659657	1.0	-0.0431535899806	0.104626161839	-0.0908611450943	0.0172548467326	0.0446967937997	0.041209357217	-0.0386117357653	-0.0849240758985	0.0217534730196	-0.0770109687263	-0.113483115894	-0.00637778398628	0.00637151651956	0.0389455666221	0.0410566570778	-0.0405107718303	-0.076200363698	0.0353922651363	0.0324402615908	-0.0607325823214	-0.113304232403	-0.0546097143045	-0.0428288413916	0.0117293071129	-0.0554645242707	-0.010376638082	-0.0548028147826	-0.0315851787824	-0.127317944027	-0.0464277986795	-0.0457650640022	-0.0656802288997	0.00605585495409	-0.00370402221371	-0.0564981265849	-0.0152586273105	-0.0533259663134	0.00350730617509	-0.0628855914675	-0.0153540577156	0.0249185963235	-0.0658921928906
k__Bacteria;p__Proteobacteria;c__Betaproteobacteria;o__Burkholderiales;f__Sutterellaceae;g__Sutterella;s__Sutterella_wadsworthensis	-0.025555778858	-0.0580404491009	-0.054936412238	-0.00978609575965	0.0449185520532	-0.115235719039	0.151813734173	-0.112776276625	-0.0867586455362	-0.105656848366	-0.114403265809	-0.0200111932349	0.00785070190623	0.00991520666012	-0.0292299424456	-0.106664378706	-0.0431535899806	1.0	0.0140325066556	-0.0299065204975	0.0718529334436	0.00248426314822	0.0729186598941	-0.0871581314348	-0.0296366595564	0.0448539267182	-0.00953709710386	0.086451917785	-0.0657070278365	-0.0407261464862	-0.0462782741412	0.0351366866614	-0.043556397704	0.00839961725164	-0.0618421243631	-0.065790811119	-0.0965352010208	-0.0299690676404	-0.0952468015978	-0.0696579619238	0.0381623133379	0.0637548012022	-0.084384229253	-0.0572663398991	-0.108504276494	-0.10874670502	-0.0688458446775	-0.042704112515	-0.106192436171	0.0832035925669	-0.00700117871149	0.0656917833177	0.0274485675139	0.0210989040783	0.0304263610592	-0.0226507315843	-0.0571626555941	-0.091610014256	-0.00452788982629
k__Bacteria;p__Bacteroidetes;c__Bacteroidia;o__Bacteroidales;f__Porphyromonadaceae;g__Barnesiella;s__Barnesiella_intestinihominis	0.0218706660703	-0.0469257007016	0.0737671008115	-0.00364164069103	-0.0444055815466	-0.0493601120364	-0.129934237065	0.0918083198025	0.0249508076774	-0.102911646444	-0.00947233412008	-0.0610514694919	0.000159718251337	-0.0993663339256	-0.0841784945656	-0.0840954613896	0.104626161839	0.0140325066556	1.0	-0.134693832963	-0.100838431938	0.0180209565778	-0.00206657289739	-0.0714035637359	-0.109315703046	-0.0800978804297	0.00220894035207	-0.0184650284781	-0.04849454422	-0.0204560459267	0.0492959588848	0.116190597252	-0.0743745813748	-0.0561836558717	0.00114704753006	-0.047607673378	0.00294367869844	-0.0429376571919	-0.0892722645544	-0.0762255170476	0.003801399904	0.0058855437306	-0.061703177506	0.0898231344369	-0.0634671749686	-0.00313836561635	-0.163140901403	-0.0815245438665	-0.0685271659874	-0.00929085323351	-0.00625168547278	-0.00599797459911	0.0144759566568	0.0392072948157	-0.153859122054	0.0110877885245	-0.0486627651731	-0.0364589428081	-0.0556969097496
k__Bacteria;p__Bacteroidetes;c__Bacteroidia;o__Bacteroidales;f__Odoribacteraceae;g__Odoribacter;s__Odoribacter_splanchnicus	0.0658700935337	0.00695777231579	0.0273714914812	-0.0274636333169	0.063004932674	-0.106092063602	-0.00880016921394	-0.120585771197	-0.0105517829953	-0.107979536983	-0.0783059086293	-0.0691702222988	0.0659634130436	0.0453255504491	-0.0639534629647	0.0155002178974	-0.0908611450943	-0.0299065204975	-0.134693832963	1.0	-0.0903011837769	-0.158010713092	-0.0357377515525	-0.0467059058667	-0.107990835515	-0.0880509066345	-0.0100901983458	-0.0715712312313	-0.132279928772	0.0869019216712	-0.0538766680566	-0.153985302712	0.020288105362	-0.0560319853643	0.0326643391776	0.0326253658046	-0.0764524295532	-0.0187415344723	-0.0154042507769	0.0436039315495	-0.0847707929567	-0.134159132211	-0.0873314247797	-0.0828798019311	0.0248027306422	-0.0387800099262	0.0849452567375	0.0238996584233	-0.0776707703066	-0.0692603460303	-0.11964852403	0.0364322649519	-0.00507743621681	-0.0592453682085	-0.0983934768752	0.0583306719226	-0.106450392819	-0.0194931255097	0.0502546457297
k__Bacteria;p__Bacteroidetes;c__Bacteroidia;o__Bacteroidales;f__Bacteroidaceae;g__Bacteroides;s__Bacteroides_salyersiae	0.0963939951809	-0.0124090663856	-0.154443744826	-0.0541460793531	-0.108349630045	-0.0514318886369	-0.0290716336903	-0.011805326261	-0.106152504953	-0.0279823671418	-0.0482780876652	-0.0544832623028	-0.00887084064338	-0.0868911626006	-0.0766974377783	0.0174336475399	0.0172548467326	0.0718529334436	-0.100838431938	-0.0903011837769	1.0	0.0445251615201	0.06683753102	-0.0178011465302	-0.0235886995362	-0.0656372493059	-0.0842007331101	-0.0622206356294	-0.0659802300531	-0.0397264387986	0.0243783453335	-0.0285870496205	0.0344298397865	-0.0753237570358	-0.0556977823073	-0.0273679615736	-0.00392978095531	0.104508651139	0.0231592659167	-0.0165822544787	-0.0335773305578	-0.0948598173351	0.0453935405846	-0.0420041366308	-0.105483129914	-0.0197388125009	0.0904609739012	-0.00532530663206	-0.0313148534447	-0.0118699767703	-0.0624710866974	-0.106819394488	-0.0635224148314	-0.105670518736	-0.0879113758417	-0.0883931026843	-0.0207225518265	-0.217639643385	-0.0104870646335
k__Bacteria;p__Firmicutes;c__Clostridia;o__Clostridiales;f__Ruminococcaceae;g__Ruminiclostridium;s__[Eubacterium]_siraeum	-0.0507177565044	-0.0854956111141	0.0585445456432	0.00949065990187	-0.073532833866	-0.0513098837773	-0.0602318698276	0.070368543176	-0.00175577635149	0.06584811051	-0.100610154229	0.0190408241501	-0.0159601091984	0.0231649549867	-0.109834881189	-0.11248707514	0.0446967937997	0.00248426314822	0.0180209565778	-0.158010713092	0.0445251615201	1.0	-0.0559328428179	0.0176789947115	0.0912235880209	-0.0320513766756	-0.0104169318918	-0.0244377910172	0.0132984714209	0.0376032747619	-0.0896651956237	-0.0179244150117	-0.0236904224139	-0.0942973280391	-0.0601860946286	-0.0440225972263	-0.0736283894773	-0.00031554193491	0.052933395581	-0.0743049087046	-0.00904425738034	0.0239847585639	-0.00475195425632	-0.0109942438826	-0.0116615589336	-0.0803342854198	-0.101145415447	-0.0270534911759	0.00299866313857	0.000128992180177	0.0766116315382	-0.0892261447602	-0.0109354647856	-0.0056741679876	0.00860973042161	-0.0846958803148	-0.0465187050086	-0.107471193152	-0.0448230190511
k__Bacteria;p__Proteobacteria;c__Betaproteobacteria;o__Burkholderiales;f__Sutterellaceae;g__Parasutterella;s__Parasutterella_excrementihominis	-0.0568601561489	-0.0355015854405	-0.0367930186509	-0.0223822711126	-0.117100018014	0.00612069607127	0.00647833819976	0.0214491138428	0.0556415643114	-0.0756651989105	-0.0109043428018	0.0072929892837	0.00147241500181	-0.0306598835393	-0.0292426385183	-0.0963026111533	0.041209357217	0.0729186598941	-0.00206657289739	-0.0357377515525	0.06683753102	-0.0559328428179	1.0	-0.0918060965045	-0.047772532324	-0.069538425265	-0.13280886158	0.0223589223323	-0.104437254526	-0.145146183339	0.0565868105584	0.010239702939	-0.0107885500184	-0.0520596291273	0.048937844103	-0.0454057311595	-0.087918535632	-0.0188496829634	-0.0896495698722	-0.0483701361774	0.0797026695033	-0.142776461426	-0.0227914863818	-0.0696386568138	-0.100564695722	0.0875276864995	-0.116313263047	-0.0478113194384	0.0049509952838	-0.0632485392089	-0.0368416504153	0.0363548823702	-0.0360374602812	-0.0861372773565	0.0383089220519	-0.0526336339125	-0.0452731605397	-0.125251734626	-0.0289615403064
k__Bacteria;p__Actinobacteria;c__Actinobacteria;o__Bifidobacteriales;f__Bifidobacteriaceae;g__Bifidobacterium;s__Bifidobacterium_adolescentis	0.0184630107183	-0.0189753255931	0.0310601703553	-0.0365493151525	-0.0356836953119	-0.0965946911066	0.00757885886582	0.0273748170584	0.0212320522594	0.0510844668535	-0.0255212261836	-0.0338583929675	-0.0233923252203	-0.0168201459454	0.0796142554506	-0.0362149959355	-0.0386117357653	-0.0871581314348	-0.0714035637359	-0.0467059058667	-0.0178011465302	0.0176789947115	-0.0918060965045	1.0	-0.0917477058948	-0.0150620866635	0.0199929916931	-0.000480075781167	-0.0757439056567	-0.00382435976818	-0.0597858953696	0.0378386073025	-0.112378829288	0.00761267076185	-0.092838394045	-0.000884611131012	-0.137963547448	-0.114554305492	-0.152467265253	0.0214993243041	-0.0104954577591	-0.067770515704	0.0673115496989	-0.0765894018556	0.00345530980778	0.0140441053002	-0.0696176729139	0.0507818264488	0.0332289298503	-0.0513953469539	0.0114204004339	0.0508368872915	-0.0587454516325	0.0113755075005	-0.0430137477649	-0.0934252705693	0.022367059568	-0.0199653505221	-0.0746421440044
k__Bacteria;p__Firmicutes;c__Clostridia;o__Clostridiales;f__Oscillospiraceae;g__Oscillibacter;s__Oscillibacter_sp._KLE_1745	0.0453703891606	0.0307417958013	0.00153441749501	0.00515363201176	0.0385169275708	-0.00489513424929	0.0534956493314	-0.0103030678644	-0.0246080456953	0.016472670978	-0.0267836334449	0.0140817477297	-0.0375466824089	0.0146749303002	0.000100480836544	-0.113713926819	-0.0849240758985	-0.0296366595564	-0.109315703046	-0.107990835515	-0.0235886995362	0.0912235880209	-0.047772532324	-0.0917477058948	1.0	0.0422687820958	-0.0568133393223	-0.117802491681	0.018960331715	-0.0710099935222	-0.111254201641	0.0183386877981	0.0613949937609	-0.0833660582888	-0.112336939363	0.0678956283745	-0.045176906299	-0.143842538917	-0.0372532077677	-0.00306207830187	-0.0296317435752	-0.101737817151	-0.094146587163	0.000836379780586	-0.087982126371	0.0205301330079	0.0635443278133	-0.0713097131877	-0.0666768292982	0.0155760609995	-0.00327808699448	-0.0563453573559	-0.0743489233901	0.0215345444589	0.00274609245136	-0.0542952671414	0.011345126327	0.0184476249728	-0.147531511912
k__Bacteria;p__Bacteroidetes;c__Bacteroidia;o__Bacteroidales;f__Bacteroidaceae;g__Bacteroides;s__Bacteroides_coprophilus	-0.0205368291672	-0.0576532609998	-0.022117133733	0.0668511168837	-0.0648656270021	-0.00966096624824	0.0804049676186	0.00629042760873	-0.0119068387771	-0.00700391933598	-0.0908956312557	0.0522042475086	0.047675580769	-0.0287590505111	0.0250600070941	-0.00996731645769	0.0217534730196	0.0448539267182	-0.0800978804297	-0.0880509066345	-0.0656372493059	-0.0320513766756	-0.069538425265	-0.0150620866635	0.0422687820958	1.0	-0.0639323634573	-0.106700754293	-0.055768881133	-0.127916693518	0.00593305044704	-0.122306859441	-0.0415903977358	-0.0858998244479	0.0565615313654	-0.119386645403	0.0255946960355	0.00653821205136	-0.0154037734218	-0.0733279536611	-0.0332286194027	-0.0233614333097	-0.0860839196061	0.0109908703231	-0.0260857559382	0.0162814153314	-0.0606849675701	-0.0284900801219	-0.0308409542341	0.0988318732596	-0.0701682183863	0.0314002026924	0.108535655456	-0.0505590293497	-0.0575527038462	-0.0486890795406	-0.000982663630186	-0.0777935468291	-0.0745338120725
k__Bacteria;p__Firmicutes;c__Clostridia;o__Clostridiales;f__Lachnospiraceae;g__Roseburia;s__Roseburia_intestinalis	-0.0163541701698	-0.0330001992071	0.00935082948592	0.150481072001	0.087422761201	0.0375059364129	0.0801845415007	-0.0375946162827	0.141512919062	-0.0114392004095	-0.0501231927983	-0.0723658100938	0.018647672254	-0.0929176261384	0.00467503782614	-0.073682129764	-0.0770109687263	-0.00953709710386	0.00220894035207	-0.0100901983458	-0.0842007331101	-0.0104169318918	-0.13280886158	0.0199929916931	-0.0568133393223	-0.0639323634573	1.0	-0.142936765656	-0.0798889239366	0.0279755200406	-0.0323785254985	0.0652347139413	0.00374790253262	-0.0764659135462	0.0556210744638	-0.0170259514976	0.0226175101498	-0.0111609615766	-0.112895394253	-0.0355845925824	-0.11104962979	-0.0699347765983	0.0900274806506	-0.0739184442862	-0.0678945718907	-0.0318364945117	0.0496567182113	-0.0633956521578	0.0395741584129	-0.0201135957413	0.0181628673082	0.0607649832036	-0.0222906127799	0.0716921663606	0.0314384481689	-0.0768372174727	0.000246464888609	-0.0748391254486	0.0274815268779
k__Bacteria;p__Firmicutes;c__Clostridia;o__Clostridiales;f__Lachnospiraceae;g__Roseburia;s__Roseburia_hominis	-0.0368072638382	-0.106225863137	0.0416463722621	0.011582931268	-0.0303938317895	0.0181252481529	0.0413532499651	0.0819441437966	-0.11563571444	0.0202764047385	-0.0163721765592	-0.0227148563467	-0.0211975749641	-0.0727334612642	0.0242505208168	0.0439333729626	-0.113483115894	0.086451917785	-0.0184650284781	-0.0715712312313	-0.0622206356294	-0.0244377910172	0.0223589223323	-0.000480075781167	-0.117802491681	-0.106700754293	-0.142936765656	1.0	-0.0793257314071	0.0573393137412	0.00680049639149	-0.0475966031418	-0.129265747867	0.0178940055413	-0.0297080457891	-0.0361059678781	-0.1078501926	0.0228698458419	0.00638039156422	-0.012280568681	0.0743319547244	-0.000990885313791	-0.0138520459315	-0.0139165312168	-0.039721635609	0.0320123868438	-0.0721570412127	0.00254521770536	-0.00162917351339	-0.0567285057546	0.0737843346304	-0.0768076924225	-0.0531077352709	0.0479325792727	-0.0286246665857	0.0654421698773	-0.0715797372739	-0.0403546499387	-0.0108642844789
k__Bacteria;p__Bacteroidetes;c__Bacteroidia;o__Bacteroidales;f__Porphyromonadaceae;g__Parabacteroides;s__Parabacteroides_johnsonii	-0.0464545837095	-0.0753503193206	0.0354131248936	-0.108957047661	0.0289021532878	-0.0628915889806	0.00884561828102	-0.0363520893311	0.0112403097195	-0.0628167184798	-0.070170241763	-0.0339133597968	-0.0977469427354	0.0486321993429	9.39496484109e-06	0.0386568197981	-0.00637778398628	-0.0657070278365	-0.04849454422	-0.132279928772	-0.0659802300531	0.0132984714209	-0.104437254526	-0.0757439056567	0.018960331715	-0.055768881133	-0.0798889239366	-0.0793257314071	1.0	0.0282224946767	-0.0706080560613	0.0192499934149	-0.0571860991592	0.0368102298733	-0.0319338191721	-0.0800430848181	-0.0282385836865	-0.079060298754	0.060117169307	-0.119872819325	-0.0946656343026	0.0291852599869	0.0104028288277	-0.00928238127433	-0.0093020064016	1.89629419472e-05	-0.0594980292106	-0.0970271946259	-0.0680446109869	-0.0707878252398	-0.103861788592	-0.0805485871738	0.0163314269601	-0.0313050336205	0.0322507758283	0.000795418163919	-0.100216483398	-0.042620031591	-0.0284703898166
k__Bacteria;p__Actinobacteria;c__Actinobacteria;o__Bifidobacteriales;f__Bifidobacteriaceae;g__Bifidobacterium;s__Bifidobacterium_longum	-0.0478751901528	-0.0446755010605	0.0161948677858	0.0186297020944	-0.0289119622826	-0.0918586882921	-0.0464472057104	-0.00587742923551	0.0247337892585	-0.082945674198	0.0512179183606	0.0515263587754	-0.0769195534869	-0.0239933239047	-0.10361194811	0.00287552358107	0.00637151651956	-0.0407261464862	-0.0204560459267	0.0869019216712	-0.0397264387986	0.0376032747619	-0.145146183339	-0.00382435976818	-0.0710099935222	-0.127916693518	0.0279755200406	0.0573393137412	0.0282224946767	1.0	0.0188134994825	-0.0476752999907	-0.0269608652787	-0.00344959474704	-0.0185484892334	-0.00325331961157	-0.0300273231323	0.00135493975411	-0.0194475474676	-0.0206160790559	0.0098787566257	0.0176450071701	-0.0687665177548	0.0289604092889	-0.00536203515046	-0.0178679392895	-0.05060588867	-0.0184291297178	-0.0403821856255	-0.159264745438	-0.0403100225458	0.0256080188053	-0.0698481222042	0.0415316455517	0.0250790951593	-0.0727329944434	-0.101524672914	-0.0390324031119	-0.03442711866
