#taxonomy	k__Bacteria;p__Bacteroidetes;c__Bacteroidia;o__Bacteroidales;f__Bacteroidaceae;g__Bacteroides;s__Bacteroides_vulgatus	k__Bacteria;p__Bacteroidetes;c__Bacteroidia;o__Bacteroidales;f__Bacteroidaceae;g__Bacteroides;s__Bacteroides_uniformis	k__Bacteria;p__Bacteroidetes;c__Bacteroidia;o__Bacteroidales;f__Rikenellaceae;g__Alistipes;s__Alistipes_putredinis	k__Bacteria;p__Bacteroidetes;c__Bacteroidia;o__Bacteroidales;f__Prevotellaceae;g__Prevotella;s__Prevotella_copri	k__Bacteria;p__Bacteroidetes;c__Bacteroidia;o__Bacteroidales;f__Bacteroidaceae;g__Bacteroides;s__Bacteroides_stercoris	k__Bacteria;p__Bacteroidetes;c__Bacteroidia;o__Bacteroidales;f__Bacteroidaceae;g__Bacteroides;s__Bacteroides_ovatus	k__Bacteria;p__Bacteroidetes;c__Bacteroidia;o__Bacteroidales;f__Rikenellaceae;g__Alistipes;s__Alistipes_shahii	k__Bacteria;p__Firmicutes;c__Clostridia;o__Clostridiales;f__Ruminococcaceae;g__Faecalibacterium;s__Faecalibacterium_prausnitzii	k__Bacteria;p__Bacteroidetes;c__Bacteroidia;o__Bacteroidales;f__Rikenellaceae;g__Alistipes;s__Alistipes_finegoldii	k__Bacteria;p__Bacteroidetes;c__Bacteroidia;o__Bacteroidales;f__Porphyromonadaceae;g__Parabacteroides;s__Parabacteroides_distasonis	k__Bacteria;p__Bacteroidetes;c__Bacteroidia;o__Bacteroidales;f__Bacteroidaceae;g__Bacteroides;s__Bacteroides_thetaiotaomicron	k__Bacteria;p__Bacteroidetes;c__Bacteroidia;o__Bacteroidales;f__Bacteroidaceae;g__Bacteroides;s__Bacteroides_coprocola	k__Bacteria;p__Bacteroidetes;c__Bacteroidia;o__Bacteroidales;f__Bacteroidaceae;g__Bacteroides;s__Bacteroides_cellulosilyticus	k__Bacteria;p__Bacteroidetes;c__Bacteroidia;o__Bacteroidales;f__Rikenellaceae;g__Alistipes;s__Alistipes_obesi	k__Bacteria;p__Firmicutes;c__Clostridia;o__Clostridiales;f__Lachnospiraceae;g__;s__[Eubacterium]_rectale	k__Bacteria;p__Bacteroidetes;c__Bacteroidia;o__Bacteroidales;f__Bacteroidaceae;g__Bacteroides;s__Bacteroides_plebeius	k__Bacteria;p__Bacteroidetes;c__Bacteroidia;o__Bacteroidales;f__Bacteroidaceae;g__Bacteroides;s__Bacteroides_fragilis	k__Bacteria;p__Proteobacteria;c__Betaproteobacteria;o__Burkholderiales;f__Sutterellaceae;g__Sutterella;s__Sutterella_wadsworthensis	k__Bacteria;p__Bacteroidetes;c__Bacteroidia;o__Bacteroidales;f__Porphyromonadaceae;g__Barnesiella;s__Barnesiella_intestinihominis	k__Bacteria;p__Bacteroidetes;c__Bacteroidia;o__Bacteroidales;f__Odoribacteraceae;g__Odoribacter;s__Odoribacter_splanchnicus	k__Bacteria;p__Bacteroidetes;c__Bacteroidia;o__Bacteroidales;f__Bacteroidaceae;g__Bacteroides;s__Bacteroides_salyersiae	k__Bacteria;p__Firmicutes;c__Clostridia;o__Clostridiales;f__Ruminococcaceae;g__Ruminiclostridium;s__[Eubacterium]_siraeum	k__Bacteria;p__Proteobacteria;c__Betaproteobacteria;o__Burkholderiales;f__Sutterellaceae;g__Parasutterella;s__Parasutterella_excrementihominis	k__Bacteria;p__Actinobacteria;c__Actinobacteria;o__Bifidobacteriales;f__Bifidobacteriaceae;g__Bifidobacterium;s__Bifidobacterium_adolescentis	k__Bacteria;p__Firmicutes;c__Clostridia;o__Clostridiales;f__Oscillospiraceae;g__Oscillibacter;s__Oscillibacter_sp._KLE_1745	k__Bacteria;p__Bacteroidetes;c__Bacteroidia;o__Bacteroidales;f__Bacteroidaceae;g__Bacteroides;s__Bacteroides_coprophilus	k__Bacteria;p__Firmicutes;c__Clostridia;o__Clostridiales;f__Lachnospiraceae;g__Roseburia;s__Roseburia_intestinalis	k__Bacteria;p__Firmicutes;c__Clostridia;o__Clostridiales;f__Lachnospiraceae;g__Roseburia;s__Roseburia_hominis	k__Bacteria;p__Bacteroidetes;c__Bacteroidia;o__Bacteroidales;f__Porphyromonadaceae;g__Parabacteroides;s__Parabacteroides_johnsonii	k__Bacteria;p__Actinobacteria;c__Actinobacteria;o__Bifidobacteriales;f__Bifidobacteriaceae;g__Bifidobacterium;s__Bifidobacterium_longum	k__Bacteria;p__Firmicutes;c__Clostridia;o__Clostridiales;f__;g__Flavonifractor;s__Flavonifractor_plautii	k__Bacteria;p__Firmicutes;c__Clostridia;o__Clostridiales;f__Clostridiaceae;g__Clostridium;s__Clostridium_phoceensis	k__Bacteria;p__Verrucomicrobia;c__Verrucomicrobiae;o__Verrucomicrobiales;f__Akkermansiaceae;g__Akkermansia;s__Akkermansia_muciniphila	k__Bacteria;p__Bacteroidetes;c__Bacteroidia;o__Bacteroidales;f__Prevotellaceae;g__Paraprevotella;s__Paraprevotella_xylaniphila	k__Bacteria;p__Firmicutes;c__Clostridia;o__Clostridiales;f__Ruminococcaceae;g__Ruminococcus;s__Ruminococcus_callidus	k__Bacteria;p__Bacteroidetes;c__Bacteroidia;o__Bacteroidales;f__Rikenellaceae;g__Alistipes;s__Alistipes_senegalensis	k__Bacteria;p__Firmicutes;c__Clostridia;o__Clostridiales;f__Lachnospiraceae;g__Blautia;s__Blautia_sp._KLE_1732	k__Bacteria;p__Bacteroidetes;c__Bacteroidia;o__Bacteroidales;f__Bacteroidaceae;g__Bacteroides;s__Bacteroides_oleiciplenus	k__Bacteria;p__Firmicutes;c__Clostridia;o__Clostridiales;f__Ruminococcaceae;g__Ruminococcus;s__Ruminococcus_bicirculans	k__Bacteria;p__Bacteroidetes;c__Bacteroidia;o__Bacteroidales;f__Bacteroidaceae;g__Bacteroides;s__Bacteroides_fluxus	k__Bacteria;p__Bacteroidetes;c__Bacteroidia;o__Bacteroidales;f__Prevotellaceae;g__Prevotella;s__Prevotella_stercorea	k__Bacteria;p__Firmicutes;c__Clostridia;o__Clostridiales;f__Lachnospiraceae;g__Dorea;s__Dorea_longicatena	k__Bacteria;p__Firmicutes;c__Clostridia;o__Clostridiales;f__Eubacteriaceae;g__Eubacterium;s__[Eubacterium]_eligens	k__Bacteria;p__Firmicutes;c__Clostridia;o__Clostridiales;f__Ruminococcaceae;g__;s__Ruminococcaceae_bacterium_D16	k__Bacteria;p__Firmicutes;c__Clostridia;o__Clostridiales;f__Lachnospiraceae;g__Coprococcus;s__Coprococcus_comes	k__Bacteria;p__Proteobacteria;c__Gammaproteobacteria;o__Enterobacterales;f__Enterobacteriaceae;g__Escherichia;s__Escherichia_coli	k__Bacteria;p__Firmicutes;c__Clostridia;o__Clostridiales;f__Ruminococcaceae;g__Anaerotruncus;s__Anaerotruncus_colihominis	k__Bacteria;p__Firmicutes;c__Clostridia;o__Clostridiales;f__Lachnospiraceae;g__Blautia;s__Blautia_obeum	k__Bacteria;p__Bacteroidetes;c__Bacteroidia;o__Bacteroidales;f__Odoribacteraceae;g__Odoribacter;s__Odoribacter_laneus	k__Bacteria;p__Firmicutes;c__Clostridia;o__Clostridiales;f__Ruminococcaceae;g__Ruminiclostridium;s__[Clostridium]_leptum	k__Bacteria;p__Bacteroidetes;c__Bacteroidia;o__Bacteroidales;f__Porphyromonadaceae;g__Parabacteroides;s__Parabacteroides_goldsteinii	k__Bacteria;p__Firmicutes;c__Clostridia;o__Clostridiales;f__Lachnospiraceae;g__Anaerostipes;s__Anaerostipes_hadrus	k__Bacteria;p__Firmicutes;c__Clostridia;o__Clostridiales;f__Ruminococcaceae;g__Ruminococcus;s__Ruminococcus_lactaris	k__Bacteria;p__Firmicutes;c__Clostridia;o__Clostridiales;f__Clostridiaceae;g__Clostridium;s__Clostridium_sp._L2-50	k__Bacteria;p__Firmicutes;c__Clostridia;o__Clostridiales;f__Clostridiaceae;g__Clostridium;s__Clostridium_sp._M62/1	k__Bacteria;p__Firmicutes;c__Clostridia;o__Clostridiales;f__;g__Intestinimonas;s__Intestinimonas_butyriciproducens	k__Bacteria;p__Actinobacteria;c__Actinobacteria;o__Bifidobacteriales;f__Bifidobacteriaceae;g__Bifidobacterium;s__Bifidobacterium_bifidum	k__Bacteria;p__Firmicutes;c__Negativicutes;o__Veillonellales;f__Veillonellaceae;g__Dialister;s__Dialister_invisus	k__Bacteria;p__Bacteroidetes;c__Bacteroidia;o__Bacteroidales;f__Bacteroidaceae;g__Bacteroides;s__Bacteroides_salanitronis
k__Bacteria;p__Bacteroidetes;c__Bacteroidia;o__Bacteroidales;f__Bacteroidaceae;g__Bacteroides;s__Bacteroides_vulgatus	1.0	0.108395702512	-0.0487020619465	-0.0853284144642	-0.0784513874499	0.0164526675329	-0.0333465398364	0.0379840606601	-0.0335901921785	0.0141472210616	-0.0583249776534	0.0591268012546	-0.0370136684621	-0.0203030331824	-0.0955609269528	0.0706492933729	-0.0543227638693	-0.0489195032684	-0.104991468402	0.00385427757872	-0.0151510359921	-0.237671131317	-0.0600941080856	-0.0717858110196	-0.043160284566	-0.107787195137	-0.0488782887026	0.0378957175327	0.0974833928762	-0.00582590619358	-0.0400394279586	-0.0581575252102	0.0239860945198	-0.0104616805627	-0.037953375981	-0.0544349350098	-0.0756931342236	0.00682605662166	-0.185331039695	-0.00677529090452	0.00498961266193	-0.0584969707952	0.0483475867312	-0.000654587401734	0.0249228122103	-0.00124408510469	0.0700775749792	-0.00536526841829	-0.0734850906649	0.0397707728014	0.0337817051383	-0.126337062365	0.00588756658189	-0.0173621451315	-0.0669526980472	-0.0209432662426	0.00291577645583	0.0437422441165	-0.0355215154112
k__Bacteria;p__Bacteroidetes;c__Bacteroidia;o__Bacteroidales;f__Bacteroidaceae;g__Bacteroides;s__Bacteroides_uniformis	0.108395702512	1.0	-0.01113195652	-0.0389417933105	-0.0715756450336	0.00812130624402	0.0245958363442	0.0512234804047	-0.0531626587769	-0.148673253367	0.0736835007831	-0.0402299074002	-0.0662624640115	-0.0605814796188	-0.078521770085	-0.033993219983	0.00836059586294	-0.00756160066577	-0.0687838746659	-0.0353913997684	-0.0292222427797	-0.109083284544	-0.0507035605378	0.0368814111765	-0.0121460598976	-0.0330365525385	-0.046682298822	-0.0823899606304	0.00265775692495	-0.0288452511225	0.0146793327994	-0.00337228251418	0.0683752565279	-0.0183189626058	-0.0807111416731	-0.0781758548698	-0.0236543898015	0.00403458675191	-0.00464657138426	-0.00353275209356	-0.0663174577019	0.0114550012687	-0.00937596252839	-0.00826816835426	-0.0163646802603	-0.0406147916976	-0.0419199332645	0.01007350452	0.00465956923509	-0.113575030886	-0.0800911061981	0.0321968416734	-0.0882546390908	0.0297730623064	-0.098992186636	0.0516606403668	-0.0773357954751	0.0214923598381	-0.0439787218074
k__Bacteria;p__Bacteroidetes;c__Bacteroidia;o__Bacteroidales;f__Rikenellaceae;g__Alistipes;s__Alistipes_putredinis	-0.0487020619465	-0.01113195652	1.0	-0.0312600202494	0.0594894186208	-0.00808919404821	0.0083959024504	-0.0317178774665	-0.0304957543621	-0.0680072672492	-0.0549068279071	-0.0238784186539	-0.0985470776391	-0.0291117669018	-0.0173171873111	0.0519642086903	-0.109658806827	0.00383951769394	-0.0482146409926	-0.0201765680519	-0.0610655730993	-0.0652419881601	0.0645355628528	-0.115726484254	-0.0246325646347	-0.0242627314193	0.0543333745919	-0.0507278631865	-0.0429150330898	-0.116289247383	0.0154925076975	-0.0775966193073	-0.00614168979854	-0.0542507281468	0.0223205635169	-0.031869558832	0.0118650577642	-0.0319479959399	-0.136933563442	-0.0245709174775	0.082775971667	-0.132165803164	0.0161229296212	-0.0285140099937	-0.0239991445028	-0.0207915172694	0.064306876113	-0.068838309978	0.0623033954108	-0.0130251061359	-0.0311929790753	-0.0126476286907	0.0508906846672	-0.1101199123	-0.0312257522132	-0.0544397843713	0.0548970383439	0.0540819194914	0.0343434231529
k__Bacteria;p__Bacteroidetes;c__Bacteroidia;o__Bacteroidales;f__Prevotellaceae;g__Prevotella;s__Prevotella_copri	-0.0853284144642	-0.0389417933105	-0.0312600202494	1.0	-0.0381066613695	-0.0775327665307	0.130151196641	0.00616874100604	-0.0324113543863	0.0016938001483	-0.0418419423841	-0.100860860963	0.0338232030166	0.00276162288192	0.0279919270184	-0.13654888717	-0.0163364121354	-0.0701251156099	0.0126706775322	-0.0247556610936	-0.00769983020068	-0.0757829670002	-0.0183401752462	-0.0741792964658	0.0268617919076	0.0253506701542	0.0242482831782	-0.0519115178783	0.0406859495992	-0.0718430159097	-0.0936243181778	-0.044127012208	0.0812972648951	-0.0452366342165	-0.0134135731231	-0.0679580127183	0.0480841778365	-0.0453392479556	-0.0945290512554	0.071971766365	-0.0276693557973	-0.0548450395973	-0.0366510203609	0.0114275645042	-0.0433295543849	0.000822457663149	-0.0787048036182	-0.0498475097204	-0.0670035399672	-0.0444647754054	-0.0537035129779	0.0176880232643	-0.00984652170545	0.0451235076635	0.0119525068476	-0.0116431814586	-0.0605334921934	0.0149596387468	-0.0783907293804
k__Bacteria;p__Bacteroidetes;c__Bacteroidia;o__Bacteroidales;f__Bacteroidaceae;g__Bacteroides;s__Bacteroides_stercoris	-0.0784513874499	-0.0715756450336	0.0594894186208	-0.0381066613695	1.0	-0.00440746732297	-0.0236335646399	0.10697135061	-0.0964718415962	0.0470831409603	0.0584708747332	0.0889807911116	-0.165451532722	-0.041032328432	0.00638111427678	-0.123387721791	0.0179925187131	-0.0353364661806	0.0100895634799	-0.0324906468431	0.0189038321725	-0.0374011179889	-0.041525253787	-0.0410749205854	-0.0355792496279	-0.0553209794884	-0.0634667806683	0.171697733278	-0.0656755176041	0.0896105112994	0.0113707664572	-0.00227854124602	-0.00899775739807	-0.0291433452627	-0.0574029962769	-0.0130863262294	-0.00514465283458	-0.0421745431939	-0.0191485374101	-0.104262995677	0.0366096468123	-0.0234842187564	-0.0203323308077	0.057974416114	-0.0764005423268	0.0165158443074	-0.0868804376434	-0.00735677120396	-0.0113586859988	-0.149716512458	0.0255425972876	-0.074592427197	0.024969931111	0.0147312981666	-0.0761161348756	-0.0203550248566	0.00364572585709	0.00528980307384	-0.020080063882
k__Bacteria;p__Bacteroidetes;c__Bacteroidia;o__Bacteroidales;f__Bacteroidaceae;g__Bacteroides;s__Bacteroides_ovatus	0.0164526675329	0.00812130624402	-0.00808919404821	-0.0775327665307	-0.00440746732297	1.0	-0.110703833684	-0.0473664987945	-0.0158150757123	-0.0696577925592	0.00969741752148	-0.00586185589711	-0.137100868737	-0.114508728659	0.0055202580762	0.0518073172333	-0.0397524001094	0.0435865339199	0.01008953944	-0.107491171803	-0.0545398220779	-0.0625557780994	0.00500581675445	-0.125642197489	0.0316216547396	-0.0479396530552	-0.0663010698445	0.0431401133008	-0.0734003593136	-0.0319440003372	-0.0134572413271	-0.0387529151137	-0.0222685234533	-0.0732863463489	-0.0526052854473	-0.0498289142507	0.0491983562632	0.00124449329603	-0.0535933034995	-0.0336017636421	-0.0365329773108	-0.0451048143098	-0.0488181829164	-0.0190350595192	0.0210736456399	-0.15536994938	0.0816267488458	0.0258732519783	-0.0102803416792	-0.0554110653467	-0.00611048033157	0.0459126520639	-0.0175774094769	-0.0558533208494	-0.0336764529052	0.0445103460415	0.0221444766423	-0.0606611159341	-0.00158481162045
k__Bacteria;p__Bacteroidetes;c__Bacteroidia;o__Bacteroidales;f__Rikenellaceae;g__Alistipes;s__Alistipes_shahii	-0.0333465398364	0.0245958363442	0.0083959024504	0.130151196641	-0.0236335646399	-0.110703833684	1.0	-0.0297791266884	-0.0228637861578	0.00510361518247	0.0575822979502	-0.0565782323869	-0.0632610591573	-0.107139582062	0.0122888098379	-0.143730218559	-0.0533876893038	-0.09297076263	-0.0379943209336	-0.0261382449096	-0.0538269481593	-0.0392792072308	-0.0230507053091	0.0348250306149	-0.139864920909	0.00592125148108	0.0228936144903	0.0258781271634	-0.0275420347589	-0.167527320451	-0.0779518825631	0.00487268334288	-0.0534434320405	0.00203434360694	-0.0604016840958	-0.061751566499	0.027055588321	-0.019142612292	-0.0819369037793	-0.0446372729323	0.0270422624557	-0.0605144273352	-0.0555119548168	-0.0213609380077	-0.0271557956491	0.0332057172453	-0.024001620763	-0.0470401684785	-0.030445689311	-0.0557303220046	-0.0184744390604	0.0523474123449	0.0831477421857	0.0402973298799	0.00135751532234	0.0279721042861	-0.147958236272	-0.0184948507846	0.0774864778029
k__Bacteria;p__Firmicutes;c__Clostridia;o__Clostridiales;f__Ruminococcaceae;g__Faecalibacterium;s__Faecalibacterium_prausnitzii	0.0379840606601	0.0512234804047	-0.0317178774665	0.00616874100604	0.10697135061	-0.0473664987945	-0.0297791266884	1.0	0.00378421836355	-0.0309297500015	-0.0837429713729	-0.108200536256	-0.0613140747574	-0.0663515869169	-0.10013258093	-0.0190792787504	0.0423732068006	-0.0533672989353	-0.106134323964	-0.0110535299664	-0.110040992202	0.0301290783027	-0.0246889502962	-0.113017589791	-0.0716502079135	-0.0701711830261	0.0160700830468	0.112963487418	-0.0474455238508	-0.00861978505609	-0.0651358848518	-0.0249222280866	0.0137059456582	-0.0449372932311	-0.0868198312648	-0.00218236782034	-0.0574358242398	-0.054460135803	-0.0614546586543	0.00874605826651	0.0842812885209	0.073055955484	-0.0851228322297	-0.089768497823	-0.0431319777516	0.00569103655147	-0.0650672858363	-0.116193472228	0.0122236681657	-0.0238863098395	-0.00819927591817	0.0677695220805	-0.016612495426	-0.00446059721393	0.051154209685	0.0120988359115	-0.00531460445897	-0.0368759654402	0.0242638854828
k__Bacteria;p__Bacteroidetes;c__Bacteroidia;o__Bacteroidales;f__Rikenellaceae;g__Alistipes;s__Alistipes_finegoldii	-0.0335901921785	-0.0531626587769	-0.0304957543621	-0.0324113543863	-0.0964718415962	-0.0158150757123	-0.0228637861578	0.00378421836355	1.0	-0.00288333559636	-0.0363639109073	-0.0486757682319	-0.0573312994526	0.16763777989	0.0363019918599	-0.0363094484057	-0.0188978278164	-0.00215380854213	-0.0305797058587	0.0209424292087	-0.0348364411648	0.0341875782231	-0.0676405298892	-0.0488673648129	-0.096295091306	-0.070924796664	-0.0168478985003	0.0330802434053	0.0185001879063	0.080923860902	0.0700288419374	-0.036103697421	-0.0231153274164	-0.163117080055	-0.060464585836	0.041892387163	-0.115335439592	-0.0246303012906	-0.0988783809511	-0.00256778077546	0.0122211618394	-0.0248429376691	0.0762251265033	-0.173589942843	0.109300308717	-0.0410936269455	0.0176695899902	0.0344074472682	0.0057675721538	0.0440033495997	-0.031023674301	-0.114480991236	-0.0241010402318	0.0297114141844	0.0698688581794	-0.0907128805594	-0.0398289018288	-0.0753848139971	-0.0470498242688
k__Bacteria;p__Bacteroidetes;c__Bacteroidia;o__Bacteroidales;f__Porphyromonadaceae;g__Parabacteroides;s__Parabacteroides_distasonis	0.0141472210616	-0.148673253367	-0.0680072672492	0.0016938001483	0.0470831409603	-0.0696577925592	0.00510361518247	-0.0309297500015	-0.00288333559636	1.0	-0.0369951610715	-0.00388787365589	-0.0818812592279	0.0256883903634	-0.0747135817955	-0.071514149082	0.0525199865111	-0.0496679976927	0.0457717344813	-0.0383813977029	-0.0225343386984	-0.086318192175	-0.0821033013794	-0.0528797798093	-0.0667159714264	-0.0726353106865	-0.14384009498	-0.0405706187652	0.0387025266665	-0.0164413359489	-0.065128369706	-0.0567459421243	-0.000964038303321	-0.0270900515321	-0.0240813260216	-0.074365528811	-0.0425166352999	0.0640449526793	-0.0734261462635	0.105543645929	-0.0606971259716	-0.0129859493762	0.0189258919344	-0.027646638977	-0.0927388313821	0.0622201812519	0.00211135009034	-0.0322329903727	-0.0617532027164	0.0741701738097	-0.100433768189	-0.0394672804463	-0.0409898382989	-0.0965281277302	-0.101678908952	-0.0956439881815	-0.109908351092	0.00259700303692	-0.0041638721422
k__Bacteria;p__Bacteroidetes;c__Bacteroidia;o__Bacteroidales;f__Bacteroidaceae;g__Bacteroides;s__Bacteroides_thetaiotaomicron	-0.0583249776534	0.0736835007831	-0.0549068279071	-0.0418419423841	0.0584708747332	0.00969741752148	0.0575822979502	-0.0837429713729	-0.0363639109073	-0.0369951610715	1.0	-0.00794625186825	-0.112287939849	0.061063583931	0.0813773868495	0.0784908609289	-0.0472469277228	-0.0990215319316	-0.00123682114701	-0.0507172989972	-0.0077142399047	-0.0871845860159	-0.0225863615915	0.0170788588321	-0.0380369069208	0.0126616094745	-0.00993095645321	-0.0203620719285	0.0376323666205	0.142764782024	-0.109685811212	0.0938465488236	-0.0569968768636	-0.0104839804476	-0.108538182759	0.0477523892153	-0.0516932357498	-0.00560586990634	0.0142158563425	-0.0384512621781	0.108203495674	-0.124771031099	-0.0614681207895	-0.021078326063	0.0110766014806	-0.169109890482	0.0249551232634	-0.044686432978	-0.00960198584022	-0.0917165292209	-0.0447542678861	-0.109888352004	-0.130309664517	0.00274094710796	0.0328622388508	-0.0376220352397	-0.115000688519	-0.0247332411903	-0.0497801567156
k__Bacteria;p__Bacteroidetes;c__Bacteroidia;o__Bacteroidales;f__Bacteroidaceae;g__Bacteroides;s__Bacteroides_coprocola	0.0591268012546	-0.0402299074002	-0.0238784186539	-0.100860860963	0.0889807911116	-0.00586185589711	-0.0565782323869	-0.108200536256	-0.0486757682319	-0.00388787365589	-0.00794625186825	1.0	-0.0303413333273	-0.0257945664124	-0.0612767305607	-0.0469450091093	-0.158544837436	-0.0667762037309	-0.0285662278139	0.0756152634256	-0.075570796764	0.0877149468824	0.0732955131575	-0.0490204644172	0.00745814297253	-0.105110301098	-0.189905381771	-0.0116977084833	-0.0216046034217	-0.0877781080214	0.051746531108	-0.0809316875725	-0.108787906275	-0.0285655192265	0.105588298956	0.00784594893841	0.0726060336512	-0.11852587041	0.0411213185057	-0.0337565717058	0.0269377806213	-0.102950180252	0.0221672453759	-0.0133489126019	-0.0863787204681	-0.00570289431747	-0.021844971153	-0.0540560884453	-0.0959320664953	-0.0295645092927	-0.131708378363	-0.088485683528	0.0108243361289	-0.0755023397395	-0.140085004826	-0.0220126873809	-0.0959160246082	-0.00332410109224	-0.123805310799
k__Bacteria;p__Bacteroidetes;c__Bacteroidia;o__Bacteroidales;f__Bacteroidaceae;g__Bacteroides;s__Bacteroides_cellulosilyticus	-0.0370136684621	-0.0662624640115	-0.0985470776391	0.0338232030166	-0.165451532722	-0.137100868737	-0.0632610591573	-0.0613140747574	-0.0573312994526	-0.0818812592279	-0.112287939849	-0.0303413333273	1.0	-0.006778928119	-0.0543658372029	-0.12903021485	-0.0278842238494	0.0441436228414	-0.0905679816304	0.0558399416673	-0.0403134246927	0.0150025772632	-0.00377307130344	-0.00141087355081	-0.00830453594158	-0.0437079652294	0.0126913210632	0.023204254336	0.0390170092547	-0.0978877590206	-0.130100158436	-0.0771010638302	-0.0159175321149	-0.0255393553432	-0.117613608917	-0.00914498200737	-0.0257713588691	0.0523339581601	-0.01808878421	-0.0644093406539	-0.0518777347884	-0.0342584220073	0.0878286988273	-0.106492291886	0.0265186541526	0.0525023309069	0.0541331238845	-0.0820899518112	-0.0675171753212	0.121123492003	-0.0422380400298	-0.0922252008627	-0.0245164002027	-0.0917398231277	0.0595125214875	-0.0614492182476	-0.0949115114841	-0.0121682282638	-0.170844320486
k__Bacteria;p__Bacteroidetes;c__Bacteroidia;o__Bacteroidales;f__Rikenellaceae;g__Alistipes;s__Alistipes_obesi	-0.0203030331824	-0.0605814796188	-0.0291117669018	0.00276162288192	-0.041032328432	-0.114508728659	-0.107139582062	-0.0663515869169	0.16763777989	0.0256883903634	0.061063583931	-0.0257945664124	-0.006778928119	1.0	-0.0690634894087	-0.0221845819298	-0.0354918177461	0.0529273937023	-0.0213415814094	-0.0248941890493	-0.0694908687387	-0.124561597564	0.0203014350817	0.00102989326352	-0.0764262777911	-0.0325090482243	0.0824929307294	0.0180478896507	0.0736554246946	0.0170114742996	-0.00363119162785	-0.0363041327854	-0.00989979470411	-0.0447348016278	-0.0216265745289	0.00296712954608	-0.0403403409301	-0.0456305118899	0.0504737914226	0.0247321682354	-0.0248433695303	-0.0873858178639	-0.00898513501655	-0.0565446272301	0.0459470228943	-0.00617661356386	-0.0956094409491	-0.0588266993651	0.0380404899318	-0.0506831193871	-0.112842143685	0.0554087415376	-0.0844841419314	-0.165331024245	0.00161624787796	-0.00804210466818	-0.0759060689548	-0.079391652828	-0.00525474545126
k__Bacteria;p__Firmicutes;c__Clostridia;o__Clostridiales;f__Lachnospiraceae;g__;s__[Eubacterium]_rectale	-0.0955609269528	-0.078521770085	-0.0173171873111	0.0279919270184	0.00638111427678	0.0055202580762	0.0122888098379	-0.10013258093	0.0363019918599	-0.0747135817955	0.0813773868495	-0.0612767305607	-0.0543658372029	-0.0690634894087	1.0	-0.000271636789538	-0.048743988055	-0.02389629405	-0.0148753561273	-0.0492183233586	0.0881536411448	-0.0238818601019	0.014171619974	-0.011629752972	0.0579107673165	-0.0173576680673	-0.0379456997683	-0.0311037200835	0.0706976439562	-0.0580763039647	-0.0152119684709	-0.109737091857	0.0248109575799	-0.0112522742378	-0.0387697248703	-0.0472129864435	-0.056424895596	0.0657145477118	-0.0532171761017	-0.00117271076943	-0.0885284728322	0.0332169545904	0.024206822053	0.0058639533731	-0.0509781768888	-0.0291316858728	0.0491205262727	-0.00705112095172	-0.042165843709	-0.0217152207188	-0.0206496927928	0.00562913923374	0.0114790270838	-0.0247771379891	-0.0209393828365	-0.0566214382842	-0.100403715479	0.063617817862	-0.0088057631329
k__Bacteria;p__Bacteroidetes;c__Bacteroidia;o__Bacteroidales;f__Bacteroidaceae;g__Bacteroides;s__Bacteroides_plebeius	0.0706492933729	-0.033993219983	0.0519642086903	-0.13654888717	-0.123387721791	0.0518073172333	-0.143730218559	-0.0190792787504	-0.0363094484057	-0.071514149082	0.0784908609289	-0.0469450091093	-0.12903021485	-0.0221845819298	-0.000271636789538	1.0	0.0538109635279	0.0265175202554	-0.0485518303676	-0.0444470753528	0.0145634482551	0.0152562506038	-0.0590738773791	-0.0625554533484	-0.0272741977783	0.0490589741545	-0.0456084694631	-0.0273724232178	-0.119897063097	0.00430672215005	-0.0958999031886	-0.0067581877076	-0.0219400018464	-0.0403790439857	-0.062215419005	0.00810338396085	-0.0555781069399	-0.0483442531141	0.0826652866212	-0.0841489975439	-0.0234996572886	-0.00609038315469	-0.00315556739849	0.0406995306042	0.063318366862	0.032316213517	-9.80144618903e-06	-0.100128336107	0.0191764915327	-0.116431994354	-0.0349673013043	-0.0620880135537	0.0240970914622	-0.0766029274561	-0.0358746651783	-0.0338570749141	-0.0354417810204	-0.00338378381579	0.0364132056043
k__Bacteria;p__Bacteroidetes;c__Bacteroidia;o__Bacteroidales;f__Bacteroidaceae;g__Bacteroides;s__Bacteroides_fragilis	-0.0543227638693	0.00836059586294	-0.109658806827	-0.0163364121354	0.0179925187131	-0.0397524001094	-0.0533876893038	0.0423732068006	-0.0188978278164	0.0525199865111	-0.0472469277228	-0.158544837436	-0.0278842238494	-0.0354918177461	-0.048743988055	0.0538109635279	1.0	-0.0704659150882	0.0420743190371	-0.0285067232547	0.0678048042013	0.0397775369499	-0.00613360696236	-0.0143138449466	0.0651173116001	0.0253599291743	-0.0752141082573	-0.0774176533063	-0.0375167944024	-0.0616360429475	-0.0806745830018	-0.0446083151143	-0.00762956131162	-0.0142521287207	-0.0750660921005	0.00767876093568	-0.0224354943445	-0.0467481198071	-0.121111862184	-0.066544681182	0.0173708546831	0.0224845926934	-0.0855710226064	-0.0911696802766	-0.0457904151139	-0.071013448527	-0.0542709095936	-0.0353018869167	9.15952191145e-05	-0.12279420284	0.0158453000793	-0.166746183401	0.0847197852355	-0.0420349939949	-0.073710791359	-0.0903632328825	-0.0130331670893	-0.00875879875349	-0.00278253929944
k__Bacteria;p__Proteobacteria;c__Betaproteobacteria;o__Burkholderiales;f__Sutterellaceae;g__Sutterella;s__Sutterella_wadsworthensis	-0.0489195032684	-0.00756160066577	0.00383951769394	-0.0701251156099	-0.0353364661806	0.0435865339199	-0.09297076263	-0.0533672989353	-0.00215380854213	-0.0496679976927	-0.0990215319316	-0.0667762037309	0.0441436228414	0.0529273937023	-0.02389629405	0.0265175202554	-0.0704659150882	1.0	-0.19373608375	-0.0214932605513	0.000308696490598	0.0473125595763	-0.0159954037132	-0.099919917578	-0.0140712606621	0.0788661865384	0.0109911194537	-0.108428561908	0.0492791066735	0.0434208837778	-0.0426816402667	0.0723795812107	-0.0628135172804	0.0257655374311	-0.022711930891	0.0175202055024	-0.0532229918095	-0.122492028389	-0.0715184309664	-0.0575818495205	0.0110609848573	-0.103043735361	-0.0719913931446	-0.0646115190509	-0.0723939691012	0.000531495963137	-0.0066379891266	-0.00989507087921	-0.0905675516373	-0.123827758356	-0.124563851845	-0.0169921026915	-0.0859256273775	-0.013746910043	-0.0299996242436	-0.0084001597804	-0.0368145297792	0.0232171469985	-0.0648757327217
k__Bacteria;p__Bacteroidetes;c__Bacteroidia;o__Bacteroidales;f__Porphyromonadaceae;g__Barnesiella;s__Barnesiella_intestinihominis	-0.104991468402	-0.0687838746659	-0.0482146409926	0.0126706775322	0.0100895634799	0.01008953944	-0.0379943209336	-0.106134323964	-0.0305797058587	0.0457717344813	-0.00123682114701	-0.0285662278139	-0.0905679816304	-0.0213415814094	-0.0148753561273	-0.0485518303676	0.0420743190371	-0.19373608375	1.0	-0.00112977645774	-0.200330124134	-0.0312232580667	0.0122988064543	0.047634956149	-0.052068392758	-0.173470388954	-0.0330692883158	0.0245318208126	-0.0909424700833	-0.0685566335113	0.115981149389	-0.00524722557909	0.0297530242276	-0.10297299784	-0.0896278567106	-0.0280871527998	0.0687529648455	0.0190906061039	-0.0865935528108	-0.0672867682992	0.0613461843027	-0.0141571346159	0.0235888755091	-0.013111247614	-0.073485742807	-0.0195799036709	-0.116487924189	-0.0110270551508	-0.0299474355822	-0.0827746248523	-0.0525730142238	0.00982029321925	-0.0420373044347	0.0302544647548	-0.0399109654146	-0.0144789085165	0.0222019806268	-0.0864475778953	-0.0537436766661
k__Bacteria;p__Bacteroidetes;c__Bacteroidia;o__Bacteroidales;f__Odoribacteraceae;g__Odoribacter;s__Odoribacter_splanchnicus	0.00385427757872	-0.0353913997684	-0.0201765680519	-0.0247556610936	-0.0324906468431	-0.107491171803	-0.0261382449096	-0.0110535299664	0.0209424292087	-0.0383813977029	-0.0507172989972	0.0756152634256	0.0558399416673	-0.0248941890493	-0.0492183233586	-0.0444470753528	-0.0285067232547	-0.0214932605513	-0.00112977645774	1.0	-0.114422242004	-0.0411781104893	-0.00150853808487	-0.00124413341445	-0.0759556034768	-0.00149954693099	0.0128748154058	-0.131698694015	-0.00342038964464	-0.0565813013622	-0.0300698673557	-0.0041326080732	-0.0116445122674	0.0123445939451	0.0183522684436	-0.114203683114	-0.0663430147958	0.0357818782491	-0.0677353034331	0.0208908958058	0.0101822365804	-0.0492439189801	-0.0249143416029	-0.00763327291907	-0.0964620711283	-0.0479305967165	0.0206881971876	0.023146826241	0.0738390309028	-0.0506418881515	0.0128198195938	-0.0707221108248	0.0728361955201	-0.0899661258784	0.0241666729271	-0.0463219988762	-0.0871207045016	-0.00194802847044	-0.0199334772389
k__Bacteria;p__Bacteroidetes;c__Bacteroidia;o__Bacteroidales;f__Bacteroidaceae;g__Bacteroides;s__Bacteroides_salyersiae	-0.0151510359921	-0.0292222427797	-0.0610655730993	-0.00769983020068	0.0189038321725	-0.0545398220779	-0.0538269481593	-0.110040992202	-0.0348364411648	-0.0225343386984	-0.0077142399047	-0.075570796764	-0.0403134246927	-0.0694908687387	0.0881536411448	0.0145634482551	0.0678048042013	0.000308696490598	-0.200330124134	-0.114422242004	1.0	-0.0235286476354	-0.184715656753	-0.0283350998397	-0.0698498254661	-0.0352523018413	0.00287778245657	-0.0182941996691	0.0219135939364	0.0171885530335	-0.0207310410425	0.0379800818782	-0.070966961437	0.00401404587058	-0.0905933348312	-0.159164785364	-0.0478945346233	-0.0653000994223	-0.0430188819592	0.046811256968	-0.0642389301988	0.0600961758095	-0.0595451559727	0.0420159825537	-0.116230800879	0.0703379235807	-0.00477979279866	0.117762176774	-0.0543398254937	-0.0558253430077	0.00601880347015	0.0543204508125	-0.0608843519357	0.101221246121	-0.0313587654399	0.015142001107	-0.0227478874436	-0.126668060804	-0.0656449704562
k__Bacteria;p__Firmicutes;c__Clostridia;o__Clostridiales;f__Ruminococcaceae;g__Ruminiclostridium;s__[Eubacterium]_siraeum	-0.237671131317	-0.109083284544	-0.0652419881601	-0.0757829670002	-0.0374011179889	-0.0625557780994	-0.0392792072308	0.0301290783027	0.0341875782231	-0.086318192175	-0.0871845860159	0.0877149468824	0.0150025772632	-0.124561597564	-0.0238818601019	0.0152562506038	0.0397775369499	0.0473125595763	-0.0312232580667	-0.0411781104893	-0.0235286476354	1.0	-0.0651125165309	-0.0328116810426	-0.0949458032336	0.0240457486751	-0.115204975119	-0.0952290636157	-0.108397432893	0.0139718925057	0.0567640821032	-0.0435732484105	-0.0412934446508	0.100376614996	0.054480001418	0.0289793225881	-0.0386356115029	-0.0359053571454	0.00130703404324	-0.0783571301233	-0.0183769526461	-0.0827383594484	-0.0398484962242	-0.00638341021184	-0.0463124689547	-0.068566808541	0.00231065161178	-0.0544060488622	0.00431854701954	-0.0793243880176	-0.0826069414407	-0.0590319684106	0.025064850201	0.0404154590399	-0.0287614688419	-0.11728268398	-0.00357734448798	-0.0500096926731	0.0772368264783
k__Bacteria;p__Proteobacteria;c__Betaproteobacteria;o__Burkholderiales;f__Sutterellaceae;g__Parasutterella;s__Parasutterella_excrementihominis	-0.0600941080856	-0.0507035605378	0.0645355628528	-0.0183401752462	-0.041525253787	0.00500581675445	-0.0230507053091	-0.0246889502962	-0.0676405298892	-0.0821033013794	-0.0225863615915	0.0732955131575	-0.00377307130344	0.0203014350817	0.014171619974	-0.0590738773791	-0.00613360696236	-0.0159954037132	0.0122988064543	-0.00150853808487	-0.184715656753	-0.0651125165309	1.0	-0.0421564843865	-0.12333191801	-0.0809855420259	-0.0814169431392	-0.0939710941108	-0.0561310621532	-0.0307063272671	0.0212397771027	0.0164444091775	-0.0559084472734	0.0592081086399	-0.0169766056983	-0.0858529596722	0.0166978902151	-0.0689254141835	-0.0189665157816	-0.0359046234846	0.0043543068072	-0.00216104252101	-0.0508024799762	-0.047469678963	-0.0156617068781	-0.149689534472	-0.0387312851401	0.0330036781687	0.0405341009099	-0.063209558626	-0.0398003522785	-0.0495119354305	-0.00386164211938	-0.0702139663391	0.0811923620634	-0.054099236429	-0.0185234091719	0.00729940020849	-0.0485235327635
k__Bacteria;p__Actinobacteria;c__Actinobacteria;o__Bifidobacteriales;f__Bifidobacteriaceae;g__Bifidobacterium;s__Bifidobacterium_adolescentis	-0.0717858110196	0.0368814111765	-0.115726484254	-0.0741792964658	-0.0410749205854	-0.125642197489	0.0348250306149	-0.113017589791	-0.0488673648129	-0.0528797798093	0.0170788588321	-0.0490204644172	-0.00141087355081	0.00102989326352	-0.011629752972	-0.0625554533484	-0.0143138449466	-0.099919917578	0.047634956149	-0.00124413341445	-0.0283350998397	-0.0328116810426	-0.0421564843865	1.0	0.0152821078166	-0.0419854154288	0.0570632319413	-0.00892414889768	-0.00743348987795	-0.00271913409435	0.0372352861275	0.000432980141285	-0.0272219077805	-0.098668997925	-0.0206208954386	0.0269175272284	0.0669462740595	-0.0841084395015	0.0183407818041	-0.035995800667	-0.0487288888995	-0.0805884443592	0.0282840321962	0.133646819769	0.0716629853081	0.0564588097211	-0.105183569084	-0.10994182671	0.00567967129465	-0.0513337933006	0.0352342655472	0.0141792425707	-0.147124308803	-0.0541347740992	0.0377735674521	0.0204634429704	0.0105046989787	-0.0792980666873	-0.0128755523634
k__Bacteria;p__Firmicutes;c__Clostridia;o__Clostridiales;f__Oscillospiraceae;g__Oscillibacter;s__Oscillibacter_sp._KLE_1745	-0.043160284566	-0.0121460598976	-0.0246325646347	0.0268617919076	-0.0355792496279	0.0316216547396	-0.139864920909	-0.0716502079135	-0.096295091306	-0.0667159714264	-0.0380369069208	0.00745814297253	-0.00830453594158	-0.0764262777911	0.0579107673165	-0.0272741977783	0.0651173116001	-0.0140712606621	-0.052068392758	-0.0759556034768	-0.0698498254661	-0.0949458032336	-0.12333191801	0.0152821078166	1.0	0.000179948330988	0.0623781552147	-0.0818427577142	-0.0791168935031	-0.0317101570764	-0.0368213742089	0.00321717220766	0.125990392112	-0.0085244367283	-0.124446327986	-0.0325541931557	-0.0128273736327	0.00275370175983	0.0443627916092	0.0199349861255	-0.0512005303824	0.070234082539	-0.0830820043346	-0.107060796901	-0.10665544594	-0.00481328073925	-0.122900430041	-0.0980400936408	-0.0225051715398	-0.0854191268828	-0.0115496388989	-0.017450618577	-0.0542711529927	-0.103470208144	0.0722273043487	0.0283356177524	-0.00925868031346	0.076718323289	-0.140663765168
k__Bacteria;p__Bacteroidetes;c__Bacteroidia;o__Bacteroidales;f__Bacteroidaceae;g__Bacteroides;s__Bacteroides_coprophilus	-0.107787195137	-0.0330365525385	-0.0242627314193	0.0253506701542	-0.0553209794884	-0.0479396530552	0.00592125148108	-0.0701711830261	-0.070924796664	-0.0726353106865	0.0126616094745	-0.105110301098	-0.0437079652294	-0.0325090482243	-0.0173576680673	0.0490589741545	0.0253599291743	0.0788661865384	-0.173470388954	-0.00149954693099	-0.0352523018413	0.0240457486751	-0.0809855420259	-0.0419854154288	0.000179948330988	1.0	-0.122583134757	-0.117487721523	0.118780110201	-0.105767969939	-0.0317236217227	0.106742164885	-0.0965131607537	-0.00425400526316	-0.0301267754343	0.0157132318125	-0.0825952983674	-0.0534924182166	-0.0463210679713	-0.0414949804656	-0.0425320198324	-0.0823563278815	-0.0794670435087	-0.0137869614085	-0.100134147272	-0.040391599314	0.014058826678	0.0245295184273	-0.0664801800056	-0.00802565542211	-0.0221458704719	0.00986758086554	0.0220013150681	0.0572868130312	-0.104169019341	-0.109913030159	-0.157820133212	0.0328775191151	-0.00888277537814
k__Bacteria;p__Firmicutes;c__Clostridia;o__Clostridiales;f__Lachnospiraceae;g__Roseburia;s__Roseburia_intestinalis	-0.0488782887026	-0.046682298822	0.0543333745919	0.0242482831782	-0.0634667806683	-0.0663010698445	0.0228936144903	0.0160700830468	-0.0168478985003	-0.14384009498	-0.00993095645321	-0.189905381771	0.0126913210632	0.0824929307294	-0.0379456997683	-0.0456084694631	-0.0752141082573	0.0109911194537	-0.0330692883158	0.0128748154058	0.00287778245657	-0.115204975119	-0.0814169431392	0.0570632319413	0.0623781552147	-0.122583134757	1.0	-0.0275652704488	-0.0655389450559	-0.0556363219247	0.0491130785826	-0.0538265386005	-0.016198026873	-0.0183363600295	-0.108619982246	0.0211659431001	-0.0648493014402	-0.0189806459361	-0.0591261993491	-0.0601904054541	-0.0838544649072	-1.00592375625e-05	0.0468185271446	-0.0312052863191	0.0264582887535	0.0158803143305	-0.0608245341182	0.00789587696884	0.0134185902235	0.116931573004	-0.00538886845623	-0.101443227058	-0.0371377367285	0.0093146140984	0.0400593280917	-0.0701037302104	-0.0375299894262	-0.0138138148688	0.0360798774709
k__Bacteria;p__Firmicutes;c__Clostridia;o__Clostridiales;f__Lachnospiraceae;g__Roseburia;s__Roseburia_hominis	0.0378957175327	-0.0823899606304	-0.0507278631865	-0.0519115178783	0.171697733278	0.0431401133008	0.0258781271634	0.112963487418	0.0330802434053	-0.0405706187652	-0.0203620719285	-0.0116977084833	0.023204254336	0.0180478896507	-0.0311037200835	-0.0273724232178	-0.0774176533063	-0.108428561908	0.0245318208126	-0.131698694015	-0.0182941996691	-0.0952290636157	-0.0939710941108	-0.00892414889768	-0.0818427577142	-0.117487721523	-0.0275652704488	1.0	0.0427780143968	-0.000479782205508	-0.0945156665284	-0.00776742790767	-0.0650027481463	-0.0749706899848	-0.0832786616889	0.0421765893445	-0.0620289347311	-0.0350382605568	-0.0268731355948	-0.0193871815063	-0.0385058373823	-0.10431550065	0.0381688608678	-0.00764538147894	-0.042304802206	-0.102245608254	-0.0982360164825	-0.00716454350205	0.0193533663531	0.0154028084813	-0.0703382557725	-0.0129644519196	-0.0854357498398	-0.0600098798101	0.0461510206919	-0.0144291256995	-0.016476306584	0.0528839245542	-0.0133301873652
k__Bacteria;p__Bacteroidetes;c__Bacteroidia;o__Bacteroidales;f__Porphyromonadaceae;g__Parabacteroides;s__Parabacteroides_johnsonii	0.0974833928762	0.00265775692495	-0.0429150330898	0.0406859495992	-0.0656755176041	-0.0734003593136	-0.0275420347589	-0.0474455238508	0.0185001879063	0.0387025266665	0.0376323666205	-0.0216046034217	0.0390170092547	0.0736554246946	0.0706976439562	-0.119897063097	-0.0375167944024	0.0492791066735	-0.0909424700833	-0.00342038964464	0.0219135939364	-0.108397432893	-0.0561310621532	-0.00743348987795	-0.0791168935031	0.118780110201	-0.0655389450559	0.0427780143968	1.0	0.00438791501996	-0.0575567620344	0.000989533300462	-0.0376353211821	-0.0663067219259	-0.00444913459898	-0.0250386750785	-0.0752821349763	-0.0191499099105	-0.0198388191565	0.0677750634552	0.0402831383112	-0.0547633467134	-0.0602843925962	-0.0764083966064	-0.059888376503	-0.0776810052196	0.0272723156253	-0.0449080809539	-0.114204682826	0.0107175824347	-0.00153081490825	0.0619665116195	-0.0667462404832	-0.0599299399862	-0.0420154449557	-0.0104301804253	-0.196393355549	0.0287753970108	-0.0162905196244
k__Bacteria;p__Actinobacteria;c__Actinobacteria;o__Bifidobacteriales;f__Bifidobacteriaceae;g__Bifidobacterium;s__Bifidobacterium_longum	-0.00582590619358	-0.0288452511225	-0.116289247383	-0.0718430159097	0.0896105112994	-0.0319440003372	-0.167527320451	-0.00861978505609	0.080923860902	-0.0164413359489	0.142764782024	-0.0877781080214	-0.0978877590206	0.0170114742996	-0.0580763039647	0.00430672215005	-0.0616360429475	0.0434208837778	-0.0685566335113	-0.0565813013622	0.0171885530335	0.0139718925057	-0.0307063272671	-0.00271913409435	-0.0317101570764	-0.105767969939	-0.0556363219247	-0.000479782205508	0.00438791501996	1.0	-0.0818019405316	-0.00294936649615	-0.0115573602661	-0.0801575265233	0.0234795612311	-0.0215715534895	-0.0385215618305	0.0144668100578	-0.0385430500938	-0.135387758285	-0.0171340617671	-0.0811414420713	-0.0866605192361	0.0473063593859	-0.0790818896613	-0.0446929560997	-0.0370042787403	0.0306417489684	-0.0704365400889	-0.0947930554558	-0.00564954494959	-0.0903025967656	-0.0499495430657	-0.153453737879	0.0643943948231	-0.0377570094089	-0.0261228865671	-0.0285803485975	-0.0566331586509
