#taxonomy	k__Bacteria;p__Bacteroidetes;c__Bacteroidia;o__Bacteroidales;f__Bacteroidaceae;g__Bacteroides;s__Bacteroides_vulgatus	k__Bacteria;p__Bacteroidetes;c__Bacteroidia;o__Bacteroidales;f__Bacteroidaceae;g__Bacteroides;s__Bacteroides_uniformis	k__Bacteria;p__Bacteroidetes;c__Bacteroidia;o__Bacteroidales;f__Rikenellaceae;g__Alistipes;s__Alistipes_putredinis	k__Bacteria;p__Bacteroidetes;c__Bacteroidia;o__Bacteroidales;f__Prevotellaceae;g__Prevotella;s__Prevotella_copri	k__Bacteria;p__Bacteroidetes;c__Bacteroidia;o__Bacteroidales;f__Bacteroidaceae;g__Bacteroides;s__Bacteroides_stercoris	k__Bacteria;p__Bacteroidetes;c__Bacteroidia;o__Bacteroidales;f__Bacteroidaceae;g__Bacteroides;s__Bacteroides_ovatus	k__Bacteria;p__Bacteroidetes;c__Bacteroidia;o__Bacteroidales;f__Rikenellaceae;g__Alistipes;s__Alistipes_shahii	k__Bacteria;p__Firmicutes;c__Clostridia;o__Clostridiales;f__Ruminococcaceae;g__Faecalibacterium;s__Faecalibacterium_prausnitzii	k__Bacteria;p__Bacteroidetes;c__Bacteroidia;o__Bacteroidales;f__Rikenellaceae;g__Alistipes;s__Alistipes_finegoldii	k__Bacteria;p__Bacteroidetes;c__Bacteroidia;o__Bacteroidales;f__Porphyromonadaceae;g__Parabacteroides;s__Parabacteroides_distasonis	k__Bacteria;p__Bacteroidetes;c__Bacteroidia;o__Bacteroidales;f__Bacteroidaceae;g__Bacteroides;s__Bacteroides_thetaiotaomicron	k__Bacteria;p__Bacteroidetes;c__Bacteroidia;o__Bacteroidales;f__Bacteroidaceae;g__Bacteroides;s__Bacteroides_coprocola	k__Bacteria;p__Bacteroidetes;c__Bacteroidia;o__Bacteroidales;f__Bacteroidaceae;g__Bacteroides;s__Bacteroides_cellulosilyticus	k__Bacteria;p__Bacteroidetes;c__Bacteroidia;o__Bacteroidales;f__Rikenellaceae;g__Alistipes;s__Alistipes_obesi	k__Bacteria;p__Firmicutes;c__Clostridia;o__Clostridiales;f__Lachnospiraceae;g__;s__[Eubacterium]_rectale	k__Bacteria;p__Bacteroidetes;c__Bacteroidia;o__Bacteroidales;f__Bacteroidaceae;g__Bacteroides;s__Bacteroides_plebeius	k__Bacteria;p__Bacteroidetes;c__Bacteroidia;o__Bacteroidales;f__Bacteroidaceae;g__Bacteroides;s__Bacteroides_fragilis	k__Bacteria;p__Proteobacteria;c__Betaproteobacteria;o__Burkholderiales;f__Sutterellaceae;g__Sutterella;s__Sutterella_wadsworthensis	k__Bacteria;p__Bacteroidetes;c__Bacteroidia;o__Bacteroidales;f__Porphyromonadaceae;g__Barnesiella;s__Barnesiella_intestinihominis	k__Bacteria;p__Bacteroidetes;c__Bacteroidia;o__Bacteroidales;f__Odoribacteraceae;g__Odoribacter;s__Odoribacter_splanchnicus	k__Bacteria;p__Bacteroidetes;c__Bacteroidia;o__Bacteroidales;f__Bacteroidaceae;g__Bacteroides;s__Bacteroides_salyersiae	k__Bacteria;p__Firmicutes;c__Clostridia;o__Clostridiales;f__Ruminococcaceae;g__Ruminiclostridium;s__[Eubacterium]_siraeum	k__Bacteria;p__Proteobacteria;c__Betaproteobacteria;o__Burkholderiales;f__Sutterellaceae;g__Parasutterella;s__Parasutterella_excrementihominis	k__Bacteria;p__Actinobacteria;c__Actinobacteria;o__Bifidobacteriales;f__Bifidobacteriaceae;g__Bifidobacterium;s__Bifidobacterium_adolescentis	k__Bacteria;p__Firmicutes;c__Clostridia;o__Clostridiales;f__Oscillospiraceae;g__Oscillibacter;s__Oscillibacter_sp._KLE_1745	k__Bacteria;p__Bacteroidetes;c__Bacteroidia;o__Bacteroidales;f__Bacteroidaceae;g__Bacteroides;s__Bacteroides_coprophilus	k__Bacteria;p__Firmicutes;c__Clostridia;o__Clostridiales;f__Lachnospiraceae;g__Roseburia;s__Roseburia_intestinalis	k__Bacteria;p__Firmicutes;c__Clostridia;o__Clostridiales;f__Lachnospiraceae;g__Roseburia;s__Roseburia_hominis	k__Bacteria;p__Bacteroidetes;c__Bacteroidia;o__Bacteroidales;f__Porphyromonadaceae;g__Parabacteroides;s__Parabacteroides_johnsonii	k__Bacteria;p__Actinobacteria;c__Actinobacteria;o__Bifidobacteriales;f__Bifidobacteriaceae;g__Bifidobacterium;s__Bifidobacterium_longum	k__Bacteria;p__Firmicutes;c__Clostridia;o__Clostridiales;f__;g__Flavonifractor;s__Flavonifractor_plautii	k__Bacteria;p__Firmicutes;c__Clostridia;o__Clostridiales;f__Clostridiaceae;g__Clostridium;s__Clostridium_phoceensis	k__Bacteria;p__Verrucomicrobia;c__Verrucomicrobiae;o__Verrucomicrobiales;f__Akkermansiaceae;g__Akkermansia;s__Akkermansia_muciniphila	k__Bacteria;p__Bacteroidetes;c__Bacteroidia;o__Bacteroidales;f__Prevotellaceae;g__Paraprevotella;s__Paraprevotella_xylaniphila	k__Bacteria;p__Firmicutes;c__Clostridia;o__Clostridiales;f__Ruminococcaceae;g__Ruminococcus;s__Ruminococcus_callidus	k__Bacteria;p__Bacteroidetes;c__Bacteroidia;o__Bacteroidales;f__Rikenellaceae;g__Alistipes;s__Alistipes_senegalensis	k__Bacteria;p__Firmicutes;c__Clostridia;o__Clostridiales;f__Lachnospiraceae;g__Blautia;s__Blautia_sp._KLE_1732	k__Bacteria;p__Bacteroidetes;c__Bacteroidia;o__Bacteroidales;f__Bacteroidaceae;g__Bacteroides;s__Bacteroides_oleiciplenus	k__Bacteria;p__Firmicutes;c__Clostridia;o__Clostridiales;f__Ruminococcaceae;g__Ruminococcus;s__Ruminococcus_bicirculans	k__Bacteria;p__Bacteroidetes;c__Bacteroidia;o__Bacteroidales;f__Bacteroidaceae;g__Bacteroides;s__Bacteroides_fluxus	k__Bacteria;p__Bacteroidetes;c__Bacteroidia;o__Bacteroidales;f__Prevotellaceae;g__Prevotella;s__Prevotella_stercorea	k__Bacteria;p__Firmicutes;c__Clostridia;o__Clostridiales;f__Lachnospiraceae;g__Dorea;s__Dorea_longicatena	k__Bacteria;p__Firmicutes;c__Clostridia;o__Clostridiales;f__Eubacteriaceae;g__Eubacterium;s__[Eubacterium]_eligens	k__Bacteria;p__Firmicutes;c__Clostridia;o__Clostridiales;f__Ruminococcaceae;g__;s__Ruminococcaceae_bacterium_D16	k__Bacteria;p__Firmicutes;c__Clostridia;o__Clostridiales;f__Lachnospiraceae;g__Coprococcus;s__Coprococcus_comes	k__Bacteria;p__Proteobacteria;c__Gammaproteobacteria;o__Enterobacterales;f__Enterobacteriaceae;g__Escherichia;s__Escherichia_coli	k__Bacteria;p__Firmicutes;c__Clostridia;o__Clostridiales;f__Ruminococcaceae;g__Anaerotruncus;s__Anaerotruncus_colihominis	k__Bacteria;p__Firmicutes;c__Clostridia;o__Clostridiales;f__Lachnospiraceae;g__Blautia;s__Blautia_obeum	k__Bacteria;p__Bacteroidetes;c__Bacteroidia;o__Bacteroidales;f__Odoribacteraceae;g__Odoribacter;s__Odoribacter_laneus	k__Bacteria;p__Firmicutes;c__Clostridia;o__Clostridiales;f__Ruminococcaceae;g__Ruminiclostridium;s__[Clostridium]_leptum	k__Bacteria;p__Bacteroidetes;c__Bacteroidia;o__Bacteroidales;f__Porphyromonadaceae;g__Parabacteroides;s__Parabacteroides_goldsteinii	k__Bacteria;p__Firmicutes;c__Clostridia;o__Clostridiales;f__Lachnospiraceae;g__Anaerostipes;s__Anaerostipes_hadrus	k__Bacteria;p__Firmicutes;c__Clostridia;o__Clostridiales;f__Ruminococcaceae;g__Ruminococcus;s__Ruminococcus_lactaris	k__Bacteria;p__Firmicutes;c__Clostridia;o__Clostridiales;f__Clostridiaceae;g__Clostridium;s__Clostridium_sp._L2-50	k__Bacteria;p__Firmicutes;c__Clostridia;o__Clostridiales;f__Clostridiaceae;g__Clostridium;s__Clostridium_sp._M62/1	k__Bacteria;p__Firmicutes;c__Clostridia;o__Clostridiales;f__;g__Intestinimonas;s__Intestinimonas_butyriciproducens	k__Bacteria;p__Actinobacteria;c__Actinobacteria;o__Bifidobacteriales;f__Bifidobacteriaceae;g__Bifidobacterium;s__Bifidobacterium_bifidum	k__Bacteria;p__Firmicutes;c__Negativicutes;o__Veillonellales;f__Veillonellaceae;g__Dialister;s__Dialister_invisus	k__Bacteria;p__Bacteroidetes;c__Bacteroidia;o__Bacteroidales;f__Bacteroidaceae;g__Bacteroides;s__Bacteroides_salanitronis
k__Bacteria;p__Bacteroidetes;c__Bacteroidia;o__Bacteroidales;f__Bacteroidaceae;g__Bacteroides;s__Bacteroides_vulgatus	1.0	-0.0375278773968	-0.0411202453846	-0.0345649938359	-0.0472905542165	0.103505690187	0.117398503414	-0.0808679981612	-0.0727243749658	-0.0261329542707	-0.0423138847802	-0.00947743251265	0.123652776213	-0.0322435964096	-0.102776222483	0.0621453242952	-0.126185169051	-0.0406724432334	-0.064779364793	-0.113029095615	0.103583656625	-0.179884580629	-0.0285104026011	-0.114409995273	-0.00121924671682	-0.00548744284539	-0.034136657381	0.0498500942857	-0.135819207662	-0.133640051982	-0.0655408313849	-0.04099526407	-0.0979293363535	0.0535073831713	-0.0528686222163	-0.11269231656	-0.0472398831888	-0.00179682703389	-0.0512610440528	0.0868138912329	-0.0672209655301	0.0113611118999	-0.0315270927345	0.0436756720849	0.0127252007915	-0.0992358347503	0.0232689418055	-0.071140631523	-0.00572254993544	0.0696301219915	0.0492424575675	-0.0755699959854	-0.0737109933923	-0.07664127907	-0.0537406902041	0.0302497667276	-0.0300366153658	0.0598501062888	0.0313444629892
k__Bacteria;p__Bacteroidetes;c__Bacteroidia;o__Bacteroidales;f__Bacteroidaceae;g__Bacteroides;s__Bacteroides_uniformis	-0.0375278773968	1.0	-0.0366154162303	0.0620130734418	-0.0764890322023	-0.100178767561	0.024734728355	0.0671247786376	0.0119554728818	-0.11012561595	0.0059722131122	-0.0478796366034	-0.034244943365	0.0448206380661	0.0134553745907	-0.0528215851061	0.0180340792669	-0.0133935719493	0.148178427466	-0.0343119830838	-0.0032247064927	0.0359589215995	-0.127717885465	0.0456581600691	-0.0105890764763	-0.0132579768242	-0.128860428111	-0.00968293281571	-0.138452557983	-0.0716831367819	0.0700781878429	0.000688168007096	-0.00798940340276	-0.0873943801527	0.0157893729075	-0.058801755433	-0.0612519680816	-0.0694224717656	-0.0618664536255	-0.0845523597969	0.0796521362634	0.000309888802098	0.0412061621964	0.0670339226231	0.0397922222403	-0.106185902249	0.0540363404294	0.0374637151711	-0.111114288193	-0.0437151501706	-0.0915811080666	-0.0536290506231	-0.0388196103125	-0.0701408748318	-0.0906261766299	0.0137542352153	-0.13440947003	-0.0960387256852	0.00573853685816
k__Bacteria;p__Bacteroidetes;c__Bacteroidia;o__Bacteroidales;f__Rikenellaceae;g__Alistipes;s__Alistipes_putredinis	-0.0411202453846	-0.0366154162303	1.0	0.0166421828366	0.0259509941152	-0.0572475149606	0.00245676155725	-0.134810729085	-0.0104233345113	0.000789132478152	0.0180416673019	-0.0345510206644	-0.0392316539856	-0.00881608465699	0.0156075436789	-0.0323585506845	0.0434550549166	-0.0862838368965	-0.108455228873	-0.00556480151349	-0.0107963129759	-0.0460045944688	0.0168667449317	-0.0210110760795	-0.0196173028653	-0.0570326246382	-0.0855228500367	-0.0838313036647	0.00853157680327	0.0104259751908	-0.00547720168587	0.0628207591948	0.0151485880572	-0.0969058988919	0.0585782186332	0.0398959904973	-0.0786488097631	-0.130518273284	-0.0456332555834	-0.0944222289086	-0.00831317294554	0.0124602379076	-0.0395381223314	-0.0786501563701	-0.0480231623754	0.0639487718855	-0.0056597822256	-0.062662844641	-0.0115485623097	-0.00446203105056	0.0272546051345	-0.0937601598195	-0.0199800434614	-0.000536781156968	0.00293217722472	-0.0699032403717	-0.0459242045311	-0.0539060777662	-0.0861116357401
k__Bacteria;p__Bacteroidetes;c__Bacteroidia;o__Bacteroidales;f__Prevotellaceae;g__Prevotella;s__Prevotella_copri	-0.0345649938359	0.0620130734418	0.0166421828366	1.0	-0.0104544674545	0.0135572633725	-0.07316342312	0.0501942421555	-0.00184515113454	0.0272413736432	0.0496184899414	0.0941331452995	-0.0332209866262	-0.00116822980219	0.0377051906234	-0.0717379571089	-0.121299902887	-0.137108626761	-0.0893497290394	0.00449237586215	0.00540693766438	0.0104842356459	-0.0564680745296	0.0621018155256	-0.103373442803	-0.00953109049417	-0.02115402234	-0.0810020892558	-0.00675462920458	-0.0656246999123	-0.0388726985553	0.0582411585327	-0.0715173176573	-0.0972730116387	0.00577455734954	-0.0611753801069	-0.0473617018654	0.010731057766	0.0107656529689	0.00405207661167	0.0570037279833	0.0502699296195	-0.0669833181181	-0.0898607863633	0.0955269015031	0.0421097525579	-0.0171023544795	-0.0149884214596	0.0451120851138	0.0133360397801	-0.0841179760788	-0.0360458864441	-0.0741321632954	-0.00450454690199	-0.0978285569772	-0.0524440455723	-0.0164722914996	0.0568866044818	-0.0619462757435
k__Bacteria;p__Bacteroidetes;c__Bacteroidia;o__Bacteroidales;f__Bacteroidaceae;g__Bacteroides;s__Bacteroides_stercoris	-0.0472905542165	-0.0764890322023	0.0259509941152	-0.0104544674545	1.0	-0.0583946249909	0.0104171430361	-0.0349031934671	-0.127762668386	-0.0168958320529	-0.0838223376895	-0.0141119020649	-0.0219511543723	0.105205298915	-0.0671369818522	0.0610907313164	-0.0282949706752	0.0108284147986	0.0574199762981	-0.0445248702853	-0.0265958443254	0.0625329053014	0.0924349450755	0.0134633731306	-0.0388093461305	-0.0349473950225	-0.00988479042977	-0.108759751035	0.0290579850871	-0.0613137330683	-0.00244647701505	0.0327971290222	-0.0329973639765	0.0105004372888	-0.0238265698994	-0.0774474131165	-0.0391704527598	-0.0661155059941	-0.0471493615813	0.00551217575379	-0.0730453712186	-0.128205703125	0.0354941898864	-0.075511642991	0.000379671437359	0.0335063516574	-0.0430417495714	-0.010611557484	-0.0983809981855	-0.0205699503829	0.00705404818047	0.0421730205032	-0.124086037727	-0.0469408263616	-0.00345562237369	0.00440296231751	-0.137458578475	-0.0409424807638	-0.00381190364317
k__Bacteria;p__Bacteroidetes;c__Bacteroidia;o__Bacteroidales;f__Bacteroidaceae;g__Bacteroides;s__Bacteroides_ovatus	0.103505690187	-0.100178767561	-0.0572475149606	0.0135572633725	-0.0583946249909	1.0	0.0246539210279	0.033032829371	-0.0658076450723	-0.0104907690743	-0.0467164159671	0.0529401129946	-0.00396288460224	-0.0560779757855	-0.00291567643767	-0.0185220581403	0.0143047688122	-0.0030355148216	-0.0361930265971	-0.0524798424069	-0.0539171884858	0.00794316668727	-0.0352890472344	-0.0776600870547	0.0392900932161	-0.00521984686619	0.00983825566434	-0.0349388613829	0.00964473746474	0.105850429147	-0.128962278126	-0.115130336702	-0.0723607246709	-0.00277788291272	-0.172786195365	-0.106527389569	-0.0594859526179	-0.068977379234	0.00330061166156	-0.00580903591428	-0.0411790823301	-0.102098923021	-0.0784215097309	0.0035047047496	0.00654554223827	0.0945878868631	0.0238739408833	0.0262867036145	0.0354242172948	-0.0299497964692	-0.0620367350508	-0.109138377161	0.0123090346067	-0.0384122466777	-0.104763758245	-0.0252670088002	0.0751882480216	-0.0340449522664	-0.0184961013868
k__Bacteria;p__Bacteroidetes;c__Bacteroidia;o__Bacteroidales;f__Rikenellaceae;g__Alistipes;s__Alistipes_shahii	0.117398503414	0.024734728355	0.00245676155725	-0.07316342312	0.0104171430361	0.0246539210279	1.0	-0.103273471271	-0.0775635713867	-0.0289749662192	-0.0819917331346	-0.0200940999424	-0.0246276209203	0.0111893239898	-0.0144292909197	-0.0338985570393	0.00627738745092	0.0937169015861	0.0672327784323	-0.0396213151933	-0.0389024707429	-0.11582172756	-0.0681692934258	-0.0886119310801	0.0542387352502	0.00907653453828	0.109426619027	-0.0327993588839	0.0530611529864	0.0885302627174	0.0397072239749	-0.0219127463375	-0.131267362115	-0.0802211486149	-0.0834168049888	0.0186136960243	0.0102634499647	-0.0340999421148	-0.0536023034415	-0.0527608955349	-0.0258753426798	-0.130954845151	-0.091492373855	-0.00694881381963	-0.0377909141087	0.0952322929211	0.0203338258344	-0.0449017813598	-0.0523117467316	-0.0427381976124	-0.0406738693694	0.0387444996891	-0.1140227498	-0.0176617519045	0.0525076664142	-0.0142129622437	-0.0285662582767	-0.0412035382529	0.00517643580967
k__Bacteria;p__Firmicutes;c__Clostridia;o__Clostridiales;f__Ruminococcaceae;g__Faecalibacterium;s__Faecalibacterium_prausnitzii	-0.0808679981612	0.0671247786376	-0.134810729085	0.0501942421555	-0.0349031934671	0.033032829371	-0.103273471271	1.0	-0.0235852101932	-0.0353708934066	0.0456918960329	-0.0584565401252	-0.0530197099858	-0.0422244339808	0.0727511233924	-0.0149431139098	-0.0192717408787	0.0624455898568	-0.0622057449597	-0.0380799539358	-0.0531878893956	0.0270201735022	0.00426590265966	-0.072320182085	0.0298919223294	-0.0192685467822	0.0136480574877	-0.00635092242326	-0.0821550328629	-0.0841481999248	-0.0583029778541	-0.0185401532752	-0.0510994799273	-0.0180486257321	-0.0496033096371	-0.0382582281347	-0.0665847107053	0.0421178336705	0.029235308011	0.000475408262716	-0.0216213021477	-0.0584656870929	-0.0630126706481	-0.0521666917305	-0.026595159307	-0.0074837783742	-0.176977416436	-0.0923658661239	-0.000578888267726	-0.0827536372472	0.0212343219657	-0.082301077672	-0.0212696289364	-0.0866837726928	-0.0106182991017	0.06631270217	-0.0482461598953	-0.0757024552027	-0.0763192256585
k__Bacteria;p__Bacteroidetes;c__Bacteroidia;o__Bacteroidales;f__Rikenellaceae;g__Alistipes;s__Alistipes_finegoldii	-0.0727243749658	0.0119554728818	-0.0104233345113	-0.00184515113454	-0.127762668386	-0.0658076450723	-0.0775635713867	-0.0235852101932	1.0	-0.0413279578541	-0.0875755393045	-0.0100895755333	-0.0647315195286	-0.0343629989377	0.0461444702325	-0.0622391286475	-0.0723983850335	-0.00640115927522	0.0440450190039	0.0505226720685	0.0130101856383	0.0232247143797	-0.106850941439	0.0200139871116	-0.0607205799186	-0.0355309082176	-0.000555959028307	-0.0395666715115	-0.113659389223	0.00383233000231	-0.0672686482465	-0.0177754254972	-0.0248786175441	-0.0857257960495	-0.0113380838867	-0.0759203909714	-0.112475489511	-0.0421988767629	-0.0606910522853	-0.0507217630791	-0.0319185979827	0.0655200626864	-0.0722381095075	-0.0232499837735	-0.0652818064766	-0.0346709460837	-0.00735710176644	-0.0146001566151	0.0672210077114	0.00332670598053	0.0585024787678	-0.0243421443385	-0.037967755137	-0.103416615112	-0.0353534012591	0.0172712716815	-0.0156706942881	-0.0485388674537	-0.0427093571357
k__Bacteria;p__Bacteroidetes;c__Bacteroidia;o__Bacteroidales;f__Porphyromonadaceae;g__Parabacteroides;s__Parabacteroides_distasonis	-0.0261329542707	-0.11012561595	0.000789132478152	0.0272413736432	-0.0168958320529	-0.0104907690743	-0.0289749662192	-0.0353708934066	-0.0413279578541	1.0	-0.0370605935564	-0.04122701584	0.0465682665798	-0.0484697693806	-0.115398110774	0.0173518190483	-0.0753277676978	-0.0153382907443	-0.0459208351543	0.11172943848	-0.0246322567498	-0.0900523169447	-0.00599667809208	-0.00146686789284	0.000203736439775	0.068933347825	-0.0127913447568	-0.0823781937268	-0.0209820748081	0.0135919625184	-0.121823191309	-0.103912657765	0.0655477010529	0.0148956689245	-0.0256919160959	0.011055926861	-0.0501204561977	-0.118768397974	-0.0846269816097	0.00930351878935	-0.0825862666991	-0.0781264850148	-0.0829008142572	-0.0287548409581	-0.0754551496206	0.0327167542006	-0.00998075437273	-0.106665233511	0.0428195040562	-0.042988256851	-0.0745359908022	-0.0354786360079	-0.0729910571242	-0.0285911348341	-0.0183249510728	-0.00202318350086	0.00616304176835	-0.0232209144783	-0.068263345706
k__Bacteria;p__Bacteroidetes;c__Bacteroidia;o__Bacteroidales;f__Bacteroidaceae;g__Bacteroides;s__Bacteroides_thetaiotaomicron	-0.0423138847802	0.0059722131122	0.0180416673019	0.0496184899414	-0.0838223376895	-0.0467164159671	-0.0819917331346	0.0456918960329	-0.0875755393045	-0.0370605935564	1.0	-0.0871665934088	-0.0885305049497	0.11657340252	-0.00319107102153	-0.108427990924	0.130165898688	-0.0168492199859	-0.0468587751227	-0.00886731415699	0.0221157585648	-0.0832782874973	-0.0185773928016	-0.0870414282662	0.0456361870859	-0.102205887665	0.0205885154573	-0.000993630470463	0.0250255442953	-0.0401047743618	-0.0312263642456	-0.120412675067	-0.169516967691	-0.00696466058466	-0.114680665237	0.00879463674996	-0.010390966055	-0.102498626711	-0.0620658088427	-0.0624452021432	-0.0499159269143	0.0617318786042	-0.0792478881334	-0.065415540789	-0.0652941695185	-0.118913685629	-0.0748871204725	0.0070051882902	0.0341098935602	0.0427378109152	0.00335549068356	-0.0287614091869	-0.00773223204495	0.14099806088	-0.00437384994688	-0.0920029064288	-0.0199755579743	-0.0412181664406	-0.00992604316036
k__Bacteria;p__Bacteroidetes;c__Bacteroidia;o__Bacteroidales;f__Bacteroidaceae;g__Bacteroides;s__Bacteroides_coprocola	-0.00947743251265	-0.0478796366034	-0.0345510206644	0.0941331452995	-0.0141119020649	0.0529401129946	-0.0200940999424	-0.0584565401252	-0.0100895755333	-0.04122701584	-0.0871665934088	1.0	-0.00130557155213	-0.101357813683	-0.0203804469427	-0.112851805406	0.014344560966	-0.0106931656617	-0.053442550711	-0.0620137692289	-0.0191223863146	-0.0896674770052	0.0188953810336	-0.116128530113	0.0363169896694	0.0512295955809	-0.0700192410931	-0.106196581401	-0.0761144706089	-0.00277030152085	-0.0489761573422	-0.0743575732671	0.0819454737646	-0.0108606060205	-0.0213224596292	-0.116758814564	0.0196466697049	-0.0710868045577	-0.0186284240376	-0.0194579586798	-0.00311309539343	-0.0396777895405	-0.0389388931314	-0.114279272428	-0.0458709170139	-0.0191350843219	-0.0905103337472	0.0108027256733	0.0239676124727	-0.0762235140169	-0.110287665503	-0.027102291577	-0.0442559373795	-0.156205712866	0.0526806989366	-0.0433662944657	-0.0149406930308	-0.0629112937957	-0.112750087928
k__Bacteria;p__Bacteroidetes;c__Bacteroidia;o__Bacteroidales;f__Bacteroidaceae;g__Bacteroides;s__Bacteroides_cellulosilyticus	0.123652776213	-0.034244943365	-0.0392316539856	-0.0332209866262	-0.0219511543723	-0.00396288460224	-0.0246276209203	-0.0530197099858	-0.0647315195286	0.0465682665798	-0.0885305049497	-0.00130557155213	1.0	0.038753379058	-0.0618829259484	-0.0821122929384	-0.0273794827096	-0.0731469390365	-0.0845013288088	-0.0294011470174	-0.0604311304352	-0.0371375417309	0.0596329239332	-0.0704640839772	-0.0156075308355	-0.0558196221582	0.0471418455996	-0.0735933143831	-0.00423150801804	-0.0244325368686	-0.0691882347003	-0.0550772077343	-0.0903863988965	-0.0638230665578	0.00320246582549	-0.140244424172	-0.0452969572309	-0.0104714742254	0.0233004261363	0.0267191332186	0.0339641402756	0.000289562346322	-0.0300700158518	-0.0269839234154	0.020546561761	-0.0454698066422	-0.0451104272685	-0.0735257382073	0.0145481610078	-0.0178222259377	-0.0263290578363	-0.0993003209684	-0.0870049535032	-0.0079805995274	0.0197703728894	-0.0391690127798	0.0157906013512	0.0652720253626	-0.0198174392606
k__Bacteria;p__Bacteroidetes;c__Bacteroidia;o__Bacteroidales;f__Rikenellaceae;g__Alistipes;s__Alistipes_obesi	-0.0322435964096	0.0448206380661	-0.00881608465699	-0.00116822980219	0.105205298915	-0.0560779757855	0.0111893239898	-0.0422244339808	-0.0343629989377	-0.0484697693806	0.11657340252	-0.101357813683	0.038753379058	1.0	-0.0234078603046	0.0213633892516	-0.153926565076	-0.0271840026816	-0.0561921147471	-0.0443802941792	-0.0504195340294	0.0421433641554	-0.0614430717259	-0.0998086634046	0.0752408745732	0.0401984660105	0.0400470782621	-0.107255650643	0.0277319261176	-0.0544665023979	-0.104912484764	-0.131076547237	-0.126421273926	-0.0597735099941	0.0312115905837	-0.0889804323775	-0.05472656926	0.0147754669328	-0.0297153910563	0.01523129447	-0.0606758329502	0.0942892968219	-0.163484500964	-0.0214755757627	-0.0141576079486	-0.0177515188912	-0.145752501559	-0.0601438470468	-0.0783390947587	-0.0261646912494	-0.0487060588535	-0.0119268333716	0.0839806745501	-0.00283973651452	0.0218876024392	-0.0441939199046	-0.105087416161	-0.0463523450755	-0.118584216139
k__Bacteria;p__Firmicutes;c__Clostridia;o__Clostridiales;f__Lachnospiraceae;g__;s__[Eubacterium]_rectale	-0.102776222483	0.0134553745907	0.0156075436789	0.0377051906234	-0.0671369818522	-0.00291567643767	-0.0144292909197	0.0727511233924	0.0461444702325	-0.115398110774	-0.00319107102153	-0.0203804469427	-0.0618829259484	-0.0234078603046	1.0	-0.0665980054513	-0.0699447035048	0.00080288281089	-0.136595962929	0.0296954293732	-0.0478723960045	0.115254537699	-0.0170046987689	-0.00157548684625	0.033995285023	-0.0944381272365	-0.00876971894937	-0.0747486939197	-0.0402951144572	0.0505097037526	-0.0111948959309	0.0247052921169	-0.0804370814801	-0.0585271872336	-0.0718688947398	-0.0646373121878	0.0449982457714	-0.0834043456025	-0.13666688962	-0.0537672781908	-0.0502628978119	-0.0586992258337	-0.134705381525	-0.0309693495165	-0.0569133614151	-0.034458840794	0.04465720227	-0.054347270554	0.0537976359658	0.0702305966696	0.00257889112533	0.0233944393838	0.0707438180708	-0.0258717497619	-0.00800532559727	-0.050186074931	0.0784471513974	-0.0320523743866	-0.0209029829844
k__Bacteria;p__Bacteroidetes;c__Bacteroidia;o__Bacteroidales;f__Bacteroidaceae;g__Bacteroides;s__Bacteroides_plebeius	0.0621453242952	-0.0528215851061	-0.0323585506845	-0.0717379571089	0.0610907313164	-0.0185220581403	-0.0338985570393	-0.0149431139098	-0.0622391286475	0.0173518190483	-0.108427990924	-0.112851805406	-0.0821122929384	0.0213633892516	-0.0665980054513	1.0	0.0257194131914	-0.0529624509861	0.040676506341	0.039897950515	-0.078189881224	-0.0823950965206	-0.0184685510999	0.0105453183506	-0.0187641138993	-0.00989870618524	-0.0340529934118	0.02983424448	-0.0499066625409	0.0605084139629	0.00675906734037	-0.0753787988975	-0.100744607928	-0.044073506531	0.0138492747056	-0.00190254283025	-0.0440377500476	0.0291099905858	-0.0773474462277	-0.0896168444625	-0.00947254346416	-0.0988582815286	-0.0312940868623	-0.0497968037074	0.0906616966379	-0.104165882601	-0.132103529567	-0.0451542332043	-0.0106843182574	-0.0263628597264	-0.0968940428987	-0.11785222808	0.0138727553265	0.0154044463919	-0.060447684837	-0.0278695352531	-0.0338823610212	-0.066452236477	0.0524946861226
k__Bacteria;p__Bacteroidetes;c__Bacteroidia;o__Bacteroidales;f__Bacteroidaceae;g__Bacteroides;s__Bacteroides_fragilis	-0.126185169051	0.0180340792669	0.0434550549166	-0.121299902887	-0.0282949706752	0.0143047688122	0.00627738745092	-0.0192717408787	-0.0723983850335	-0.0753277676978	0.130165898688	0.014344560966	-0.0273794827096	-0.153926565076	-0.0699447035048	0.0257194131914	1.0	0.0270597410565	-0.00414723615236	-0.0562332742451	0.00298492661124	-0.02682693025	-0.0205756549913	-0.030929212793	-0.016076865399	-0.103299424272	-0.0526828407547	-0.0672974073343	0.0364436622914	-0.0404837907941	-0.0274730811933	-0.0505272674262	0.00013007568609	-0.0380151955596	-0.0995119172181	-0.0863366016053	-0.00502976601159	-0.0281447238552	-0.00126346847053	0.00566966766094	-0.0405241785363	-0.087572616134	-0.0706277012863	-0.0131810905854	-0.0466267622769	-0.0127530494366	-0.0306504735646	-0.062679453716	0.0555866792359	-0.0290959127655	-0.0242289204996	-0.00579576978898	0.0640291082867	0.0435476360434	0.0386691508847	0.0477934808623	0.0259071301285	-0.0521201484624	0.00741520616446
k__Bacteria;p__Proteobacteria;c__Betaproteobacteria;o__Burkholderiales;f__Sutterellaceae;g__Sutterella;s__Sutterella_wadsworthensis	-0.0406724432334	-0.0133935719493	-0.0862838368965	-0.137108626761	0.0108284147986	-0.0030355148216	0.0937169015861	0.0624455898568	-0.00640115927522	-0.0153382907443	-0.0168492199859	-0.0106931656617	-0.0731469390365	-0.0271840026816	0.00080288281089	-0.0529624509861	0.0270597410565	1.0	0.0490630939268	-0.207117535611	-0.031802419401	-0.0663124127435	-0.0518980970998	-0.100796190611	-0.0328148481512	-0.0448551208976	-0.0532506781297	0.0829846897485	-0.0263083278027	-0.0628989612187	0.0594821042509	0.0213600730572	0.00374495850095	0.0332257802431	-0.0341120928676	-0.0619751195267	-0.0271907057672	-0.00067270185136	-0.117010941592	-0.0603288129084	-0.0301077471611	-0.0121543075508	-0.100269280764	0.0419079718854	-0.0305620924704	-0.0662224442816	0.058306035884	-0.0926944846727	-0.0549560891888	-0.00156571709034	-0.0804201345212	-0.137494580581	-0.0455565802678	0.0409621417212	-0.0396850452917	-0.0265726365586	-0.0771328764828	-0.00976074521871	-0.0310591452279
k__Bacteria;p__Bacteroidetes;c__Bacteroidia;o__Bacteroidales;f__Porphyromonadaceae;g__Barnesiella;s__Barnesiella_intestinihominis	-0.064779364793	0.148178427466	-0.108455228873	-0.0893497290394	0.0574199762981	-0.0361930265971	0.0672327784323	-0.0622057449597	0.0440450190039	-0.0459208351543	-0.0468587751227	-0.053442550711	-0.0845013288088	-0.0561921147471	-0.136595962929	0.040676506341	-0.00414723615236	0.0490630939268	1.0	-0.0676775903329	-0.0650241072052	-0.0243664092074	-0.0586844917392	-0.059757227277	0.0216882747467	0.0653514095306	-0.0412891976042	-0.104041591688	-0.0908762005631	-0.0103334655583	0.0645306191836	0.0331684737996	-0.0543095197871	0.0376231033312	-0.101723081431	-0.125681676845	-0.0990544332684	-0.045428749369	-0.112469279832	-0.0370675817478	-0.0260038585896	-0.0110051077675	-0.0703274190957	0.0963813286039	-0.0624803158362	0.00307218167489	-0.0237436999856	-0.00311556610453	-0.0153648920776	-0.00359381864133	-0.0430514059663	-0.0481529507087	-0.0292794074362	-0.107836544901	-0.00611494531421	-0.0418594839553	-0.144540541574	-0.0832472085072	-0.0178950075883
k__Bacteria;p__Bacteroidetes;c__Bacteroidia;o__Bacteroidales;f__Odoribacteraceae;g__Odoribacter;s__Odoribacter_splanchnicus	-0.113029095615	-0.0343119830838	-0.00556480151349	0.00449237586215	-0.0445248702853	-0.0524798424069	-0.0396213151933	-0.0380799539358	0.0505226720685	0.11172943848	-0.00886731415699	-0.0620137692289	-0.0294011470174	-0.0443802941792	0.0296954293732	0.039897950515	-0.0562332742451	-0.207117535611	-0.0676775903329	1.0	-0.0899748521875	-0.122514287301	-0.0924756246156	0.0167935334375	0.0257266633967	-0.052665709479	-0.0302555652745	-0.0119159693271	-0.0383466846673	-0.0878953843368	0.0753451716731	-0.119808615902	-0.0639956381716	-0.00998601851392	-0.131850016132	0.0522451788637	-0.000659440818847	-0.0518072447304	-0.0216531912236	-0.0113061397314	-0.0730814881049	-0.0125018647365	0.0158195540518	0.0177489521188	-0.00455575936872	-0.0544559148429	-0.11136970039	-0.04324465873	0.0105206352611	0.0399260890401	-0.0111871159854	-0.153333869569	0.0340281812855	-0.0598005931811	-0.0186030663211	-0.0651326199148	0.0794534926099	-0.00460612613954	-0.0754316397819
k__Bacteria;p__Bacteroidetes;c__Bacteroidia;o__Bacteroidales;f__Bacteroidaceae;g__Bacteroides;s__Bacteroides_salyersiae	0.103583656625	-0.0032247064927	-0.0107963129759	0.00540693766438	-0.0265958443254	-0.0539171884858	-0.0389024707429	-0.0531878893956	0.0130101856383	-0.0246322567498	0.0221157585648	-0.0191223863146	-0.0604311304352	-0.0504195340294	-0.0478723960045	-0.078189881224	0.00298492661124	-0.031802419401	-0.0650241072052	-0.0899748521875	1.0	-0.0110459411856	-0.0220324898662	-0.0610945983948	-0.038581411354	0.0797409143934	-0.074885360914	0.0613857732693	0.0345334533688	0.0454021551423	0.101630322542	-0.0913969739937	-0.0227731511896	0.0294906251694	-0.138121705521	-0.00499173977451	0.00511306525002	0.00161415977116	0.0614484324283	0.020242741683	-0.0341357949504	-0.1405336412	-0.0697120672256	0.0593191356505	-0.0102614417696	0.0664606540572	-0.00621789752676	-0.0920277414868	-0.101096045837	-0.0935821377348	0.0274531855289	-0.0721618089851	-0.0272367301919	0.025897465318	-0.0157322416002	-0.0025543152957	-0.0486607292802	-0.0320612713802	-0.0969146381051
k__Bacteria;p__Firmicutes;c__Clostridia;o__Clostridiales;f__Ruminococcaceae;g__Ruminiclostridium;s__[Eubacterium]_siraeum	-0.179884580629	0.0359589215995	-0.0460045944688	0.0104842356459	0.0625329053014	0.00794316668727	-0.11582172756	0.0270201735022	0.0232247143797	-0.0900523169447	-0.0832782874973	-0.0896674770052	-0.0371375417309	0.0421433641554	0.115254537699	-0.0823950965206	-0.02682693025	-0.0663124127435	-0.0243664092074	-0.122514287301	-0.0110459411856	1.0	0.0246461069437	-0.0680381232135	-0.065531095536	-0.0540561738134	-0.086251953969	-0.098929631433	-0.0202575501591	0.0616931783494	-0.048370107943	-0.0543933925247	-0.0432647962186	-0.0250103240115	-0.0510177549664	0.00362319217341	-0.0942692455414	0.0135351694019	-0.0457479736768	-0.024156966738	-0.0757170118835	0.00332367429854	-0.0457373854485	0.00399658273178	-0.0670666248874	-0.035870391976	-0.0197210352197	0.056742189481	-0.0224884605986	-0.0326972323979	-0.040296505153	0.049335913232	0.00699257886354	-0.0475076158863	-0.114211926504	-0.084690176012	-0.0476822039202	0.117551006001	-0.00807081435781
k__Bacteria;p__Proteobacteria;c__Betaproteobacteria;o__Burkholderiales;f__Sutterellaceae;g__Parasutterella;s__Parasutterella_excrementihominis	-0.0285104026011	-0.127717885465	0.0168667449317	-0.0564680745296	0.0924349450755	-0.0352890472344	-0.0681692934258	0.00426590265966	-0.106850941439	-0.00599667809208	-0.0185773928016	0.0188953810336	0.0596329239332	-0.0614430717259	-0.0170046987689	-0.0184685510999	-0.0205756549913	-0.0518980970998	-0.0586844917392	-0.0924756246156	-0.0220324898662	0.0246461069437	1.0	-0.0345668283537	-0.130735258362	-0.137464579438	-0.00578197513263	-0.00967331805139	0.120757924538	0.0303304438919	0.000399791045694	-0.106146708603	-0.109752754694	-0.0640790069267	0.0656083264998	-0.0919508428304	-0.132628970945	0.00842173637177	0.0695646987398	-0.0154608438465	0.0346742376306	-0.0316399135268	-0.0801417967846	-0.000764830570206	0.0204408778799	-0.00295574615391	0.0469992161947	0.0997700756781	-0.0493611534804	-0.023839726902	-0.0555014184614	-0.0384402406917	-0.0567011818609	0.0977107213534	0.0585155588304	-0.0654877215449	-0.0156405669121	-0.142243855118	-0.0339266159256
k__Bacteria;p__Actinobacteria;c__Actinobacteria;o__Bifidobacteriales;f__Bifidobacteriaceae;g__Bifidobacterium;s__Bifidobacterium_adolescentis	-0.114409995273	0.0456581600691	-0.0210110760795	0.0621018155256	0.0134633731306	-0.0776600870547	-0.0886119310801	-0.072320182085	0.0200139871116	-0.00146686789284	-0.0870414282662	-0.116128530113	-0.0704640839772	-0.0998086634046	-0.00157548684625	0.0105453183506	-0.030929212793	-0.100796190611	-0.059757227277	0.0167935334375	-0.0610945983948	-0.0680381232135	-0.0345668283537	1.0	-0.0436653296376	-0.0590419367184	-0.00932001284423	-0.0114584648057	-0.0745308062048	-0.0738614961684	0.0320990862161	-0.0824968712657	0.0410983131282	-0.0458549915347	-0.136494182317	-0.00239987567484	-0.0230834590737	0.0592476935454	-0.0084930362773	-0.00939320037404	-0.0374784213717	-0.0796103852755	-0.0375564873125	-0.0402978244088	-0.0545977973292	0.161865099427	-0.0149128868996	0.0318102670583	-0.0567307914999	0.0564243031005	-0.0485109835573	-0.0307186063364	-0.151235978418	-0.0233801102019	0.0080879878828	-0.0891780826338	0.0720653367766	-0.027716019001	0.0122215747879
k__Bacteria;p__Firmicutes;c__Clostridia;o__Clostridiales;f__Oscillospiraceae;g__Oscillibacter;s__Oscillibacter_sp._KLE_1745	-0.00121924671682	-0.0105890764763	-0.0196173028653	-0.103373442803	-0.0388093461305	0.0392900932161	0.0542387352502	0.0298919223294	-0.0607205799186	0.000203736439775	0.0456361870859	0.0363169896694	-0.0156075308355	0.0752408745732	0.033995285023	-0.0187641138993	-0.016076865399	-0.0328148481512	0.0216882747467	0.0257266633967	-0.038581411354	-0.065531095536	-0.130735258362	-0.0436653296376	1.0	0.0350673515907	-0.0530534575811	-0.0687517477047	0.0771260247855	-0.0412320082344	-0.0403495423647	-0.118530383131	-0.0121501725658	-0.0305251319018	-0.146889913743	0.0472436060933	-0.0228026424146	0.00415228399286	-0.0983197363545	-0.0154768372121	-0.000605933799096	-0.0440521554654	0.0118681503721	-0.074767778067	-0.0157847615109	-0.0187932952963	-0.0214155914172	-0.0581495413813	-0.0715542402207	-0.0666644966648	0.035460428127	-0.142350599432	-0.0290979410288	-0.100558143574	-0.0942719514233	0.0205839358461	0.0645366927504	-0.0666722374775	-0.0700498061026
k__Bacteria;p__Bacteroidetes;c__Bacteroidia;o__Bacteroidales;f__Bacteroidaceae;g__Bacteroides;s__Bacteroides_coprophilus	-0.00548744284539	-0.0132579768242	-0.0570326246382	-0.00953109049417	-0.0349473950225	-0.00521984686619	0.00907653453828	-0.0192685467822	-0.0355309082176	0.068933347825	-0.102205887665	0.0512295955809	-0.0558196221582	0.0401984660105	-0.0944381272365	-0.00989870618524	-0.103299424272	-0.0448551208976	0.0653514095306	-0.052665709479	0.0797409143934	-0.0540561738134	-0.137464579438	-0.0590419367184	0.0350673515907	1.0	-0.084269670099	-0.0020427031474	-0.054843185997	-0.00655828301838	0.0136294744975	-0.0244746442228	0.0491436680501	0.0410403090439	-0.104638329508	-0.152917098092	-0.0933066017569	-0.0493659785799	0.00903407157792	-0.0417733150633	-0.191031969759	-0.0397359342502	-0.0651447394012	0.0577653189746	0.00172377778983	-0.0417711085857	-0.0146386797242	-0.113905055426	-0.109740840608	-0.0635511452453	-0.0742704698879	0.0645534975124	0.0402863534467	-0.0470515063265	-0.0228891040218	0.0065762288489	-0.0873440068206	-0.00414470961	-0.000172836606364
k__Bacteria;p__Firmicutes;c__Clostridia;o__Clostridiales;f__Lachnospiraceae;g__Roseburia;s__Roseburia_intestinalis	-0.034136657381	-0.128860428111	-0.0855228500367	-0.02115402234	-0.00988479042977	0.00983825566434	0.109426619027	0.0136480574877	-0.000555959028307	-0.0127913447568	0.0205885154573	-0.0700192410931	0.0471418455996	0.0400470782621	-0.00876971894937	-0.0340529934118	-0.0526828407547	-0.0532506781297	-0.0412891976042	-0.0302555652745	-0.074885360914	-0.086251953969	-0.00578197513263	-0.00932001284423	-0.0530534575811	-0.084269670099	1.0	-0.123794444906	-0.105292870403	-0.0503615353657	-0.131558860479	-0.0572123299822	-0.152130699758	0.0257991852327	-0.11402774427	-0.0841392592096	-0.0057475132375	-0.0812929364881	-0.0238666095102	-0.0299660208146	-0.161463530501	-0.107161898103	-0.0360686782162	-0.0514898197789	-0.0214664658268	-0.0783577222037	-0.101481493655	-0.0839652097025	-0.00560976863991	0.0786453464898	-0.0937309524056	-0.120482242855	0.107163748252	-0.0263310415902	-0.151786065257	-0.0863294303506	-0.0166110968959	0.0112324290233	0.0164273941224
k__Bacteria;p__Firmicutes;c__Clostridia;o__Clostridiales;f__Lachnospiraceae;g__Roseburia;s__Roseburia_hominis	0.0498500942857	-0.00968293281571	-0.0838313036647	-0.0810020892558	-0.108759751035	-0.0349388613829	-0.0327993588839	-0.00635092242326	-0.0395666715115	-0.0823781937268	-0.000993630470463	-0.106196581401	-0.0735933143831	-0.107255650643	-0.0747486939197	0.02983424448	-0.0672974073343	0.0829846897485	-0.104041591688	-0.0119159693271	0.0613857732693	-0.098929631433	-0.00967331805139	-0.0114584648057	-0.0687517477047	-0.0020427031474	-0.123794444906	1.0	-0.000102400697075	-0.0293593526281	-0.0121239656819	-0.00690043602618	0.00285343436372	-0.107840682104	0.0158342182646	-0.0339711656171	0.0296185012848	-0.148392730447	0.0292777476855	-0.111342846495	0.0608120958277	-0.0178642763478	0.0389932186735	-0.0607913092799	-0.0226791061998	-0.0207121959271	-0.107975098108	0.00460366409895	-0.0975628291156	-0.0760585665167	0.0966820116017	0.0201992598231	-0.066650012261	-0.0879505115115	-0.0770464612725	0.0524159608439	0.0238888625054	-0.0377449473458	-0.0164943808857
k__Bacteria;p__Bacteroidetes;c__Bacteroidia;o__Bacteroidales;f__Porphyromonadaceae;g__Parabacteroides;s__Parabacteroides_johnsonii	-0.135819207662	-0.138452557983	0.00853157680327	-0.00675462920458	0.0290579850871	0.00964473746474	0.0530611529864	-0.0821550328629	-0.113659389223	-0.0209820748081	0.0250255442953	-0.0761144706089	-0.00423150801804	0.0277319261176	-0.0402951144572	-0.0499066625409	0.0364436622914	-0.0263083278027	-0.0908762005631	-0.0383466846673	0.0345334533688	-0.0202575501591	0.120757924538	-0.0745308062048	0.0771260247855	-0.054843185997	-0.105292870403	-0.000102400697075	1.0	0.0191977898124	0.0303606872816	0.00457721520723	0.0289546273624	-0.0939817758033	0.0228510977015	-0.0579563125827	-0.0158197346494	0.0253106817427	0.0155730935061	-0.117540249926	0.0218524892415	-0.0330366950189	-0.0316428449732	-0.0432135257065	-0.0286416504887	-0.151831086905	-0.0538921379956	-0.108767316947	-0.112309651659	-0.0995752728579	0.155551736541	0.0219199185917	-0.0934454622747	-0.0823924198025	0.026475558353	0.0674285471347	-0.0072013031767	-0.0296193907499	-0.0102847919679
k__Bacteria;p__Actinobacteria;c__Actinobacteria;o__Bifidobacteriales;f__Bifidobacteriaceae;g__Bifidobacterium;s__Bifidobacterium_longum	-0.133640051982	-0.0716831367819	0.0104259751908	-0.0656246999123	-0.0613137330683	0.105850429147	0.0885302627174	-0.0841481999248	0.00383233000231	0.0135919625184	-0.0401047743618	-0.00277030152085	-0.0244325368686	-0.0544665023979	0.0505097037526	0.0605084139629	-0.0404837907941	-0.0628989612187	-0.0103334655583	-0.0878953843368	0.0454021551423	0.0616931783494	0.0303304438919	-0.0738614961684	-0.0412320082344	-0.00655828301838	-0.0503615353657	-0.0293593526281	0.0191977898124	1.0	-0.073438313466	-0.103446348989	0.0613288898297	0.0443439423152	-0.0247780528032	0.00304612687204	-0.0480128490645	0.014390952168	0.0783288365155	-0.0367082649248	-0.0567808816426	-0.0311156429639	-0.138310706903	-0.102409506345	-0.154142856833	-0.00200143564044	-0.0273043736552	-0.0296175303659	-0.0883059108001	-0.0689625133781	-0.0520342643152	-0.017060774573	0.0421927699713	-0.0673292181333	-0.12322499385	-0.0242117579955	-0.0223647269547	0.00291151399175	-0.101507315317
