#taxonomy	k__Bacteria;p__Bacteroidetes;c__Bacteroidia;o__Bacteroidales;f__Bacteroidaceae;g__Bacteroides;s__Bacteroides_vulgatus	k__Bacteria;p__Bacteroidetes;c__Bacteroidia;o__Bacteroidales;f__Bacteroidaceae;g__Bacteroides;s__Bacteroides_uniformis	k__Bacteria;p__Bacteroidetes;c__Bacteroidia;o__Bacteroidales;f__Rikenellaceae;g__Alistipes;s__Alistipes_putredinis	k__Bacteria;p__Bacteroidetes;c__Bacteroidia;o__Bacteroidales;f__Prevotellaceae;g__Prevotella;s__Prevotella_copri	k__Bacteria;p__Bacteroidetes;c__Bacteroidia;o__Bacteroidales;f__Bacteroidaceae;g__Bacteroides;s__Bacteroides_stercoris	k__Bacteria;p__Bacteroidetes;c__Bacteroidia;o__Bacteroidales;f__Bacteroidaceae;g__Bacteroides;s__Bacteroides_ovatus	k__Bacteria;p__Bacteroidetes;c__Bacteroidia;o__Bacteroidales;f__Rikenellaceae;g__Alistipes;s__Alistipes_shahii	k__Bacteria;p__Firmicutes;c__Clostridia;o__Clostridiales;f__Ruminococcaceae;g__Faecalibacterium;s__Faecalibacterium_prausnitzii	k__Bacteria;p__Bacteroidetes;c__Bacteroidia;o__Bacteroidales;f__Rikenellaceae;g__Alistipes;s__Alistipes_finegoldii	k__Bacteria;p__Bacteroidetes;c__Bacteroidia;o__Bacteroidales;f__Porphyromonadaceae;g__Parabacteroides;s__Parabacteroides_distasonis	k__Bacteria;p__Bacteroidetes;c__Bacteroidia;o__Bacteroidales;f__Bacteroidaceae;g__Bacteroides;s__Bacteroides_thetaiotaomicron	k__Bacteria;p__Bacteroidetes;c__Bacteroidia;o__Bacteroidales;f__Bacteroidaceae;g__Bacteroides;s__Bacteroides_coprocola	k__Bacteria;p__Bacteroidetes;c__Bacteroidia;o__Bacteroidales;f__Bacteroidaceae;g__Bacteroides;s__Bacteroides_cellulosilyticus	k__Bacteria;p__Bacteroidetes;c__Bacteroidia;o__Bacteroidales;f__Rikenellaceae;g__Alistipes;s__Alistipes_obesi	k__Bacteria;p__Firmicutes;c__Clostridia;o__Clostridiales;f__Lachnospiraceae;g__;s__[Eubacterium]_rectale	k__Bacteria;p__Bacteroidetes;c__Bacteroidia;o__Bacteroidales;f__Bacteroidaceae;g__Bacteroides;s__Bacteroides_plebeius	k__Bacteria;p__Bacteroidetes;c__Bacteroidia;o__Bacteroidales;f__Bacteroidaceae;g__Bacteroides;s__Bacteroides_fragilis	k__Bacteria;p__Proteobacteria;c__Betaproteobacteria;o__Burkholderiales;f__Sutterellaceae;g__Sutterella;s__Sutterella_wadsworthensis	k__Bacteria;p__Bacteroidetes;c__Bacteroidia;o__Bacteroidales;f__Porphyromonadaceae;g__Barnesiella;s__Barnesiella_intestinihominis	k__Bacteria;p__Bacteroidetes;c__Bacteroidia;o__Bacteroidales;f__Odoribacteraceae;g__Odoribacter;s__Odoribacter_splanchnicus	k__Bacteria;p__Bacteroidetes;c__Bacteroidia;o__Bacteroidales;f__Bacteroidaceae;g__Bacteroides;s__Bacteroides_salyersiae	k__Bacteria;p__Firmicutes;c__Clostridia;o__Clostridiales;f__Ruminococcaceae;g__Ruminiclostridium;s__[Eubacterium]_siraeum	k__Bacteria;p__Proteobacteria;c__Betaproteobacteria;o__Burkholderiales;f__Sutterellaceae;g__Parasutterella;s__Parasutterella_excrementihominis	k__Bacteria;p__Actinobacteria;c__Actinobacteria;o__Bifidobacteriales;f__Bifidobacteriaceae;g__Bifidobacterium;s__Bifidobacterium_adolescentis	k__Bacteria;p__Firmicutes;c__Clostridia;o__Clostridiales;f__Oscillospiraceae;g__Oscillibacter;s__Oscillibacter_sp._KLE_1745	k__Bacteria;p__Bacteroidetes;c__Bacteroidia;o__Bacteroidales;f__Bacteroidaceae;g__Bacteroides;s__Bacteroides_coprophilus	k__Bacteria;p__Firmicutes;c__Clostridia;o__Clostridiales;f__Lachnospiraceae;g__Roseburia;s__Roseburia_intestinalis	k__Bacteria;p__Firmicutes;c__Clostridia;o__Clostridiales;f__Lachnospiraceae;g__Roseburia;s__Roseburia_hominis	k__Bacteria;p__Bacteroidetes;c__Bacteroidia;o__Bacteroidales;f__Porphyromonadaceae;g__Parabacteroides;s__Parabacteroides_johnsonii	k__Bacteria;p__Actinobacteria;c__Actinobacteria;o__Bifidobacteriales;f__Bifidobacteriaceae;g__Bifidobacterium;s__Bifidobacterium_longum	k__Bacteria;p__Firmicutes;c__Clostridia;o__Clostridiales;f__;g__Flavonifractor;s__Flavonifractor_plautii	k__Bacteria;p__Firmicutes;c__Clostridia;o__Clostridiales;f__Clostridiaceae;g__Clostridium;s__Clostridium_phoceensis	k__Bacteria;p__Verrucomicrobia;c__Verrucomicrobiae;o__Verrucomicrobiales;f__Akkermansiaceae;g__Akkermansia;s__Akkermansia_muciniphila	k__Bacteria;p__Bacteroidetes;c__Bacteroidia;o__Bacteroidales;f__Prevotellaceae;g__Paraprevotella;s__Paraprevotella_xylaniphila	k__Bacteria;p__Firmicutes;c__Clostridia;o__Clostridiales;f__Ruminococcaceae;g__Ruminococcus;s__Ruminococcus_callidus	k__Bacteria;p__Bacteroidetes;c__Bacteroidia;o__Bacteroidales;f__Rikenellaceae;g__Alistipes;s__Alistipes_senegalensis	k__Bacteria;p__Firmicutes;c__Clostridia;o__Clostridiales;f__Lachnospiraceae;g__Blautia;s__Blautia_sp._KLE_1732	k__Bacteria;p__Bacteroidetes;c__Bacteroidia;o__Bacteroidales;f__Bacteroidaceae;g__Bacteroides;s__Bacteroides_oleiciplenus	k__Bacteria;p__Firmicutes;c__Clostridia;o__Clostridiales;f__Ruminococcaceae;g__Ruminococcus;s__Ruminococcus_bicirculans	k__Bacteria;p__Bacteroidetes;c__Bacteroidia;o__Bacteroidales;f__Bacteroidaceae;g__Bacteroides;s__Bacteroides_fluxus	k__Bacteria;p__Bacteroidetes;c__Bacteroidia;o__Bacteroidales;f__Prevotellaceae;g__Prevotella;s__Prevotella_stercorea	k__Bacteria;p__Firmicutes;c__Clostridia;o__Clostridiales;f__Lachnospiraceae;g__Dorea;s__Dorea_longicatena	k__Bacteria;p__Firmicutes;c__Clostridia;o__Clostridiales;f__Eubacteriaceae;g__Eubacterium;s__[Eubacterium]_eligens	k__Bacteria;p__Firmicutes;c__Clostridia;o__Clostridiales;f__Ruminococcaceae;g__;s__Ruminococcaceae_bacterium_D16	k__Bacteria;p__Firmicutes;c__Clostridia;o__Clostridiales;f__Lachnospiraceae;g__Coprococcus;s__Coprococcus_comes	k__Bacteria;p__Proteobacteria;c__Gammaproteobacteria;o__Enterobacterales;f__Enterobacteriaceae;g__Escherichia;s__Escherichia_coli	k__Bacteria;p__Firmicutes;c__Clostridia;o__Clostridiales;f__Ruminococcaceae;g__Anaerotruncus;s__Anaerotruncus_colihominis	k__Bacteria;p__Firmicutes;c__Clostridia;o__Clostridiales;f__Lachnospiraceae;g__Blautia;s__Blautia_obeum	k__Bacteria;p__Bacteroidetes;c__Bacteroidia;o__Bacteroidales;f__Odoribacteraceae;g__Odoribacter;s__Odoribacter_laneus	k__Bacteria;p__Firmicutes;c__Clostridia;o__Clostridiales;f__Ruminococcaceae;g__Ruminiclostridium;s__[Clostridium]_leptum	k__Bacteria;p__Bacteroidetes;c__Bacteroidia;o__Bacteroidales;f__Porphyromonadaceae;g__Parabacteroides;s__Parabacteroides_goldsteinii	k__Bacteria;p__Firmicutes;c__Clostridia;o__Clostridiales;f__Lachnospiraceae;g__Anaerostipes;s__Anaerostipes_hadrus	k__Bacteria;p__Firmicutes;c__Clostridia;o__Clostridiales;f__Ruminococcaceae;g__Ruminococcus;s__Ruminococcus_lactaris	k__Bacteria;p__Firmicutes;c__Clostridia;o__Clostridiales;f__Clostridiaceae;g__Clostridium;s__Clostridium_sp._L2-50	k__Bacteria;p__Firmicutes;c__Clostridia;o__Clostridiales;f__Clostridiaceae;g__Clostridium;s__Clostridium_sp._M62/1	k__Bacteria;p__Firmicutes;c__Clostridia;o__Clostridiales;f__;g__Intestinimonas;s__Intestinimonas_butyriciproducens	k__Bacteria;p__Actinobacteria;c__Actinobacteria;o__Bifidobacteriales;f__Bifidobacteriaceae;g__Bifidobacterium;s__Bifidobacterium_bifidum	k__Bacteria;p__Firmicutes;c__Negativicutes;o__Veillonellales;f__Veillonellaceae;g__Dialister;s__Dialister_invisus	k__Bacteria;p__Bacteroidetes;c__Bacteroidia;o__Bacteroidales;f__Bacteroidaceae;g__Bacteroides;s__Bacteroides_salanitronis
k__Bacteria;p__Bacteroidetes;c__Bacteroidia;o__Bacteroidales;f__Bacteroidaceae;g__Bacteroides;s__Bacteroides_vulgatus	1.0	-0.114053508237	0.037672147285	-0.0905959392691	-0.0445005407173	-0.00821313724033	0.0240250333937	-0.092386380113	-0.132649375686	-0.100323230228	0.0259751287817	-0.0798446379468	-0.0427168252056	0.0748339166325	-0.0641548304761	-0.0405846286524	-0.057425757733	-0.0664296603593	-0.0753913442812	-0.0389897645834	-0.031327622023	0.0456996054115	-0.128088971126	-0.0270331581651	-0.0284080963029	-0.115780738708	0.0052084699374	0.00352438558324	-0.040389853145	-0.0618286465318	-0.00450973185135	-0.0538079033061	-0.0513974102376	0.0483147303986	-0.077833283583	-0.0530570466166	-0.0628353195875	-0.0178371265606	-0.143320111703	-0.00147735062325	0.125867909637	0.0406617141559	-0.056692661409	-0.0377591326511	-0.104014670291	-0.0163249840836	-0.0331749513345	0.0601449017928	-0.0334571235313	-0.121943233549	-0.00994001478634	-0.0354536467791	-0.0305606621027	0.0524950795607	-0.0508774668765	-0.167918850678	-0.0117020555465	-0.0670516961865	-0.102274936578
k__Bacteria;p__Bacteroidetes;c__Bacteroidia;o__Bacteroidales;f__Bacteroidaceae;g__Bacteroides;s__Bacteroides_uniformis	-0.114053508237	1.0	-0.000990751646808	2.75039862533e-05	-0.0335095318889	-0.00110621062587	0.00206581302377	0.0414696200046	-0.0953965317948	0.051510787317	-0.141202677022	-0.00641824742932	0.0132554050739	0.0614801774127	-0.0927698672706	-0.0137020510225	-0.0551067799269	0.0565436216818	-0.0605260062094	-0.0740046972418	-0.0919791660667	-0.0696151601609	-0.0444249352022	0.0627195784924	-0.0511163650058	0.00813621718082	-0.0713552392556	0.0274101386939	-0.0142157204128	-0.0390356515363	-0.0755500162182	0.00923090652793	0.0506874032345	-0.0590603916318	-0.0536006615542	-0.00661559836014	0.0314765953728	0.00960206611784	-0.0861917879521	0.0173937542967	-0.0222049467531	-0.0611412686338	0.086906507662	-0.0273793263307	-0.0295481299427	0.155344100378	0.0732711815251	0.0286007950098	-0.0893850759522	-0.0415614466625	0.0309255237059	-0.0639531042639	-0.00944030728076	-0.0700999304189	-0.147252943734	-0.00571430747953	0.0143991893839	-0.0129124079592	-0.139218191048
k__Bacteria;p__Bacteroidetes;c__Bacteroidia;o__Bacteroidales;f__Rikenellaceae;g__Alistipes;s__Alistipes_putredinis	0.037672147285	-0.000990751646808	1.0	-0.023355334569	0.00219184229831	-0.0386951710354	-0.122484248652	-0.0354486539653	-0.0111867485403	-0.126255539176	0.00983680856757	-0.00979488562811	-0.108578975238	0.0320415096795	-0.0429218800257	-0.132532999287	-0.0385922373212	-0.0123234580426	-0.0213660250903	-0.0525059469187	0.0420604492012	0.07020377856	-0.00613324601982	0.00448425584155	-0.117150254368	-0.0833864944353	-0.133200806701	0.0439347385999	-0.0776375034174	0.0453873584625	0.064189038708	-0.0347475340491	-0.075362614586	-0.0556055116183	0.0625417060512	0.017699162126	-0.0391861663663	-0.072685118657	0.129352862841	0.0350367098761	-0.0610708365811	-0.0762748864292	0.0578153370943	-0.131139514211	-0.000622106185763	-0.0601995858622	-0.10021449509	-0.0141411263353	0.0264434001199	-0.119673222329	0.000825857678426	-0.0847367281443	-0.056637380231	-0.0832974635205	-0.105448542677	0.00568567701507	0.0199115435936	-0.0297222587803	-0.049646202964
k__Bacteria;p__Bacteroidetes;c__Bacteroidia;o__Bacteroidales;f__Prevotellaceae;g__Prevotella;s__Prevotella_copri	-0.0905959392691	2.75039862533e-05	-0.023355334569	1.0	-0.0168059389757	-0.0390947493609	-0.107786399034	-0.0150375402802	0.0010200031066	-0.037646311012	-0.166705853549	-0.0146183690707	-0.0793650047813	-0.0527619832023	-0.0274139023503	0.0378922211726	-0.0969001078457	-0.0381472130785	-0.0950688155017	-0.00929010164371	-0.0608824709005	0.0112619277848	0.00376163633308	-0.0397401222271	-0.104177438819	-0.0607617537724	-0.00802714675908	0.0331758014977	-0.0470635364414	-0.0782520925819	-0.0906252825807	-0.0768541791489	-0.0350355815193	0.0386164978391	0.019350213508	-0.0311279191841	0.00246359340793	-0.0588530383029	-0.0350728021446	-0.034373802787	-0.0210718560372	0.0147867764581	0.0983785705007	-0.0310533648481	-0.0538330075629	-0.0360985077478	-0.0931924230133	0.0118318224808	-0.0317747605716	-0.0132855160584	0.0188081518441	-0.015861478994	-0.00991474702988	-0.0292339392271	-0.0535714431479	0.0131477773497	0.00729679620278	0.0127770990123	-0.098558938484
k__Bacteria;p__Bacteroidetes;c__Bacteroidia;o__Bacteroidales;f__Bacteroidaceae;g__Bacteroides;s__Bacteroides_stercoris	-0.0445005407173	-0.0335095318889	0.00219184229831	-0.0168059389757	1.0	-0.0356425073884	0.0824039657676	-0.133746808336	0.0842447110577	-0.000159492791936	-0.0120904762655	-0.0325860489479	-0.0649701840982	0.0593106967585	-0.0440180940595	0.121824816577	-0.00799759170234	-0.106574171334	-0.154987408281	-0.0293981005396	-0.0563218638409	-0.0132527657739	-0.0571129110703	-0.0325292792356	0.0769667140483	-0.111865076761	-0.0297536638243	-0.106637072563	0.0358384346169	0.0881659384058	-0.0411435462336	-0.103047923673	0.00314754505465	-0.0529792574255	0.0715648216908	-0.00606151796079	0.0664390304915	-0.0192076917606	-0.0260132113712	-0.0875188011238	-0.104927001445	-0.078956334006	-0.021318823367	-0.0135237543029	-0.152692579164	0.054269070671	-0.0191982454693	-0.00716956433454	-0.126562047359	-0.0371343801343	-0.0156798013547	-0.0193458595887	0.0557470024379	0.000142480307299	-0.0455662299018	0.0527437271429	-0.0634770800176	-0.0579501180681	0.0165166302213
k__Bacteria;p__Bacteroidetes;c__Bacteroidia;o__Bacteroidales;f__Bacteroidaceae;g__Bacteroides;s__Bacteroides_ovatus	-0.00821313724033	-0.00110621062587	-0.0386951710354	-0.0390947493609	-0.0356425073884	1.0	-0.0722168264996	0.0174492497173	-0.085822873273	0.0672070899982	-0.0670604177386	0.032321694172	0.104334678961	-0.0457790140729	-0.0868898701329	-0.00475818563883	-0.122146327318	-0.0854264246133	-0.0535766992642	0.0975049957722	0.013685562904	-0.0552879200989	-0.0570474021034	0.0329497365465	0.00472342703124	-0.0592660832053	-0.10203881582	-0.0342900615363	-0.114188831598	0.0453693730491	0.0125778488798	-0.0695361504068	-0.0846852409822	-0.0625475094405	-0.0904782208461	-0.0384191932938	-0.0714439641895	0.0376207641537	-0.0146368851357	0.0459681598673	0.0577018482542	0.060010303769	-0.097025217071	0.00317834693256	0.0055080092347	-0.0443466560014	-0.0500438213609	0.00388507007082	-0.0435385390088	-0.0329933971821	-0.0163727890451	0.0304772260421	0.0606723106998	-0.0802762991904	-0.144818342145	-0.0340718994011	-0.00392152274872	-0.00980375608497	-0.0423200318194
k__Bacteria;p__Bacteroidetes;c__Bacteroidia;o__Bacteroidales;f__Rikenellaceae;g__Alistipes;s__Alistipes_shahii	0.0240250333937	0.00206581302377	-0.122484248652	-0.107786399034	0.0824039657676	-0.0722168264996	1.0	-0.0478384802527	-0.0857066268553	-0.0148057076035	-0.0742385635987	-0.0186881798831	-0.0440328815764	-0.043097378109	-0.138806229791	-0.102788610762	0.0916154912869	0.0616753068751	0.0786731699524	-0.0208326567278	-0.0289160713559	-0.0160165995704	-0.0114826879948	-0.0547647375102	0.0266636563202	-0.055340812661	-0.0702348402645	0.0969146884287	0.00370896787157	0.0328024224035	-0.0855540258306	-0.0300094484439	0.00381754130513	-0.0624792670849	0.0130804775895	-0.0147738507895	-0.0415705947605	-0.0271123887138	0.0688549438023	-0.0970194093316	-0.126109139238	-0.0485318169837	0.0527973597513	0.0194859892496	-0.00442254995301	-0.0764289296011	-0.0174813838623	-0.087254893553	-0.0190747997531	-0.095676555446	0.0242347449118	-0.0890276928323	-0.0185640367599	0.0745008802257	0.00675743175516	-0.0446658816635	-0.0383277074771	0.0693350772488	-0.0604552484956
k__Bacteria;p__Firmicutes;c__Clostridia;o__Clostridiales;f__Ruminococcaceae;g__Faecalibacterium;s__Faecalibacterium_prausnitzii	-0.092386380113	0.0414696200046	-0.0354486539653	-0.0150375402802	-0.133746808336	0.0174492497173	-0.0478384802527	1.0	-0.0522106857386	0.0119431419004	-0.00616258642246	-0.119668435692	-0.0723935976516	0.0202575308785	-0.0343689549924	-0.0526741119802	-0.0781634314542	-0.0635984774309	-0.00457347492691	-0.0114948804876	-0.0416664528455	0.0367576569062	0.149793237036	0.0170938399738	0.0551779966201	-0.133686775549	-0.0606257140766	-0.112379317033	0.0185862033598	-0.0492008425983	-0.0398124188901	-0.0582526125244	0.00946674479702	-0.0677335368841	0.0310036024388	-0.0331459065299	-0.0466497968563	0.0232869477025	-0.0724162692747	0.0336702253698	-0.0926674134503	-0.0176866092923	0.00293233383491	-0.0833970866441	0.0363786636196	-0.0912557930472	-0.0330626651367	-0.0306064250286	0.0453066405287	-0.042746991747	-0.0112841053757	-0.0712750729067	0.0296420731914	-0.0664939213084	0.0134247394959	-0.0741153026714	0.0427850874891	-0.0228957960561	0.0373821077882
k__Bacteria;p__Bacteroidetes;c__Bacteroidia;o__Bacteroidales;f__Rikenellaceae;g__Alistipes;s__Alistipes_finegoldii	-0.132649375686	-0.0953965317948	-0.0111867485403	0.0010200031066	0.0842447110577	-0.085822873273	-0.0857066268553	-0.0522106857386	1.0	0.0137040548451	-0.0662706802249	0.0077337621046	0.0589844227325	-0.0723480955294	0.07978542221	-0.000789087261842	-0.0228454865541	0.0486703352693	0.0619482565321	-0.0200542774658	0.0664212548231	0.0229876411366	0.00890986919763	-0.0295885839015	-0.102205881054	-0.032143577388	-0.0245112586618	0.0199408936838	-0.00308532987273	-0.0340731992774	-0.0732768067132	-0.0154617519499	-0.0609349197577	-0.0287523540183	-0.0643612360743	-0.0374014170248	-0.112944564918	-0.0815464141739	-0.00484330119148	0.009773525389	-0.0541897291346	-0.0789435854996	-0.0854838067009	-0.0693063152737	-0.0632992290607	-0.0446594834908	-0.0196873828031	-0.0272399343163	-0.0596940444596	-0.0221569760601	-0.12694361378	0.0537678227834	-0.0374816630085	-0.0623582711272	0.00761569406218	0.0209315747103	-0.0382314606284	-0.0916002727067	0.00153287384495
k__Bacteria;p__Bacteroidetes;c__Bacteroidia;o__Bacteroidales;f__Porphyromonadaceae;g__Parabacteroides;s__Parabacteroides_distasonis	-0.100323230228	0.051510787317	-0.126255539176	-0.037646311012	-0.000159492791936	0.0672070899982	-0.0148057076035	0.0119431419004	0.0137040548451	1.0	0.0651676375888	0.054028898853	0.040692561706	-0.0789726921783	-0.00288419155445	-0.00576974204655	-0.131925060361	-0.0465990931242	-0.0103687415464	0.0357078144352	-0.102049326724	0.0819809621446	0.0169156848692	-0.0272925968768	-0.0547351089778	0.0654562215821	0.00790925301023	-0.0216218230767	-0.0333813821558	-0.0100354913232	-0.00232200783674	-0.108711023699	-0.0474501975643	0.0239316255855	0.013434438122	-0.0903791721784	-0.0426520374747	-0.068937228596	0.0288341708337	-0.027085477134	-0.0563610288517	0.0115054956427	0.00888200056915	0.00364542577568	-0.101668309779	0.00545062016667	0.0109118364377	-0.0573456311764	0.0114399497166	-0.0271227192468	-0.0897587238438	-0.0175029980912	0.0319296155753	0.00190070205048	-0.0483427111411	-0.0634400705494	-0.00732776599233	-0.0241538378229	-0.0686858273089
k__Bacteria;p__Bacteroidetes;c__Bacteroidia;o__Bacteroidales;f__Bacteroidaceae;g__Bacteroides;s__Bacteroides_thetaiotaomicron	0.0259751287817	-0.141202677022	0.00983680856757	-0.166705853549	-0.0120904762655	-0.0670604177386	-0.0742385635987	-0.00616258642246	-0.0662706802249	0.0651676375888	1.0	-0.0250264011008	0.0232799496358	0.00143059135801	-0.00439342023453	-0.0402602190737	-0.0481599304978	0.0312510663617	-0.0411925604401	-0.0819867719306	-0.0795215455428	-0.0596066075213	-0.0113384639201	-0.0335859397403	-0.0393427813886	0.028919868601	0.0341909332288	0.0880390358124	0.115772028003	0.123837849037	-0.0133701736608	0.0671587744442	-0.0849713842516	-0.0724686535504	-0.164213931029	0.0198377224768	-0.0493359450518	-0.0844864119266	-0.0625521323679	0.0233337584749	-0.0547662988829	-0.0263525034497	-0.0756124679709	-0.00414596088286	-0.0110266280143	0.0199369988688	-0.0651994080576	-0.0308768467405	-0.00515784730194	-0.118772094751	-0.0626801754121	0.108890060093	0.0284122474116	0.0118836788359	-0.0247732699322	-0.136236222822	-0.0274871164407	-0.098108800083	0.0758601901896
k__Bacteria;p__Bacteroidetes;c__Bacteroidia;o__Bacteroidales;f__Bacteroidaceae;g__Bacteroides;s__Bacteroides_coprocola	-0.0798446379468	-0.00641824742932	-0.00979488562811	-0.0146183690707	-0.0325860489479	0.032321694172	-0.0186881798831	-0.119668435692	0.0077337621046	0.054028898853	-0.0250264011008	1.0	-0.0309467578549	0.0765453363626	-0.0111811278904	-0.0271703349097	-0.0196135349562	-0.021433573977	0.0235726476234	-0.0533560308283	-0.0756923527698	-0.0330050295302	-0.128439297521	-0.0970335341698	-0.0764869556651	-0.0358934780238	0.0197814356908	-0.0782383216602	-0.0148706183744	-0.0555458864113	-0.121560485677	0.0189408940785	-0.0119866010704	0.0453046483079	-0.0555228687417	-0.00147476944298	-0.172590012926	-0.103305054526	-0.00210624339083	-0.0085722609192	-0.0359507544029	-0.0479251555783	-0.0124530111443	0.0311727527542	0.00408524082339	-0.00168401834551	-0.0218532608101	0.0358182984898	-0.0616497040248	0.0932640711327	-0.0791602921582	-0.014179044393	-0.0298089519471	-0.0207009450945	-0.086082413184	-0.05214287214	-0.0148319317435	0.0288376570691	-0.0753251528585
k__Bacteria;p__Bacteroidetes;c__Bacteroidia;o__Bacteroidales;f__Bacteroidaceae;g__Bacteroides;s__Bacteroides_cellulosilyticus	-0.0427168252056	0.0132554050739	-0.108578975238	-0.0793650047813	-0.0649701840982	0.104334678961	-0.0440328815764	-0.0723935976516	0.0589844227325	0.040692561706	0.0232799496358	-0.0309467578549	1.0	-0.143788526534	0.0361343646625	0.014737265734	0.0375010063307	-0.016699220817	0.106674686367	0.0266399247251	0.0859811088607	-0.0861742675531	-0.0312836076433	0.0151396777702	-0.09013524155	-0.00947640539149	-0.0376550609463	-0.107308634229	-0.0204229854778	-0.063252720859	-0.0226969377298	-0.0982733869785	-0.0725896086166	-0.00516316817615	-0.129529543127	-0.136383681542	0.0970482881709	-0.0451534664478	-0.0676683718642	-0.0420117028114	0.0219965851057	-0.0364240312084	-0.0648915198632	0.034163497844	-0.0594066918002	-0.00463849702166	-0.0115648577209	-0.0779990036856	0.075542294159	-0.136425551784	-0.000291562532503	-0.00406372679163	-0.111914627405	-0.0583254299303	-0.0318076593267	-0.0505680195378	0.0859380572669	-0.105817984968	-0.0630081791666
k__Bacteria;p__Bacteroidetes;c__Bacteroidia;o__Bacteroidales;f__Rikenellaceae;g__Alistipes;s__Alistipes_obesi	0.0748339166325	0.0614801774127	0.0320415096795	-0.0527619832023	0.0593106967585	-0.0457790140729	-0.043097378109	0.0202575308785	-0.0723480955294	-0.0789726921783	0.00143059135801	0.0765453363626	-0.143788526534	1.0	-0.0129626577856	-0.104763582603	-0.0984582049394	0.0267981861131	-0.0652018359822	-0.0937228270025	-0.100499262449	0.0700077624391	0.00630689546328	-0.0262856992865	0.0188677748428	0.0867367234094	-0.050758518982	-0.0349114874921	-0.00848280909876	-0.114067616731	-0.0507157242807	-0.0958812456285	-0.0521784831776	-0.0884546048218	-0.0215599859648	-0.0547743257603	-0.135438987541	-0.0425813025453	-0.142238649421	-0.00206377883114	-0.0695548229912	-0.00304660167288	-0.0539963707717	-0.0304913003322	-0.0271939546922	3.88317237528e-05	-0.0161375512819	0.079869255891	0.0226322945418	-0.123904794955	0.00273108579168	-0.0436208199974	-0.0479238829312	0.0604488163159	-0.0174385337092	-0.0193546485376	0.0100756069926	-0.0370389335578	-0.0339866901156
k__Bacteria;p__Firmicutes;c__Clostridia;o__Clostridiales;f__Lachnospiraceae;g__;s__[Eubacterium]_rectale	-0.0641548304761	-0.0927698672706	-0.0429218800257	-0.0274139023503	-0.0440180940595	-0.0868898701329	-0.138806229791	-0.0343689549924	0.07978542221	-0.00288419155445	-0.00439342023453	-0.0111811278904	0.0361343646625	-0.0129626577856	1.0	-0.126186383001	-0.0155487145515	0.0810138189982	-0.0520649728364	-0.0126865063076	0.0587512742612	-0.0349450581665	-0.0509265393573	0.0185216219604	0.0552312896704	0.0213616335519	0.0642955944499	-0.0545799876854	-0.0257357683459	-0.0240993370621	0.0278478659256	-0.106335453198	-0.0220508370049	0.0628096826523	-0.00424099834075	0.0976550454185	-0.0669151914982	-0.0402683862876	-0.131730395696	-0.061270976606	0.032943643537	-0.00163185138543	-0.076712092111	-0.0865004096655	-0.0660297558099	-0.0504152625512	0.000953448901486	-0.113684209531	-0.0644329522234	-0.0880665590541	0.0731870920301	-0.0796017186994	-0.0455814396833	-0.0138820679244	0.00257751902647	-0.0190502265888	-0.0678917916597	-0.186820720603	0.0944421706286
k__Bacteria;p__Bacteroidetes;c__Bacteroidia;o__Bacteroidales;f__Bacteroidaceae;g__Bacteroides;s__Bacteroides_plebeius	-0.0405846286524	-0.0137020510225	-0.132532999287	0.0378922211726	0.121824816577	-0.00475818563883	-0.102788610762	-0.0526741119802	-0.000789087261842	-0.00576974204655	-0.0402602190737	-0.0271703349097	0.014737265734	-0.104763582603	-0.126186383001	1.0	-0.0473340768952	-0.0775409808884	-0.0506222191025	-0.00479978318975	0.0273058131061	-0.0222699950932	0.00470916118142	-0.032220045744	-0.0160505380442	-0.0118419162063	0.0762448397512	0.0543431064892	-0.098643224544	-0.0971888931884	0.0628078767408	-0.0536396080653	0.0534191030671	-0.0652759262337	-0.0727116733123	-0.113578160553	-0.0846714129399	-0.077156649895	0.00447680301014	0.029900560806	0.0266733404686	-0.0436667980722	0.0298600051707	-0.0763165428301	-0.0255400532873	0.0106470805422	-0.0718610510908	-0.00388478371319	-0.136292345908	0.0299585053459	-0.032559738243	-0.0353069523778	0.0133389086152	-0.0276273746784	-0.104498230877	0.0780946631287	0.0191454654932	-0.085394419412	-0.0163137779091
k__Bacteria;p__Bacteroidetes;c__Bacteroidia;o__Bacteroidales;f__Bacteroidaceae;g__Bacteroides;s__Bacteroides_fragilis	-0.057425757733	-0.0551067799269	-0.0385922373212	-0.0969001078457	-0.00799759170234	-0.122146327318	0.0916154912869	-0.0781634314542	-0.0228454865541	-0.131925060361	-0.0481599304978	-0.0196135349562	0.0375010063307	-0.0984582049394	-0.0155487145515	-0.0473340768952	1.0	-0.156956020366	0.020217172481	-0.0954428907484	0.000945492218677	-0.0548479790941	-0.0383488181281	0.00852429236473	-0.0104724194577	-0.0668695796057	-0.0161704509414	-0.0197395767781	0.000226728294049	0.0359261560984	-0.0801581109257	0.0260988313501	0.0663156928312	-0.015395007731	0.0137583385089	0.0289795489272	-0.0842512233053	-0.0438777103453	0.0191111240243	-0.146045892104	-0.0861013536101	0.0200887175141	-0.0823443273962	-0.00720223116588	-0.0280087809324	0.000986099722286	0.0127709041723	-0.0317532009922	-0.00896884267247	0.0305078595356	-0.126401776618	-0.0261345995367	0.0100685988326	-0.0600975187646	-0.0399118594314	-0.0478071211247	-0.181231824609	0.08475415093	0.0299004411174
k__Bacteria;p__Proteobacteria;c__Betaproteobacteria;o__Burkholderiales;f__Sutterellaceae;g__Sutterella;s__Sutterella_wadsworthensis	-0.0664296603593	0.0565436216818	-0.0123234580426	-0.0381472130785	-0.106574171334	-0.0854264246133	0.0616753068751	-0.0635984774309	0.0486703352693	-0.0465990931242	0.0312510663617	-0.021433573977	-0.016699220817	0.0267981861131	0.0810138189982	-0.0775409808884	-0.156956020366	1.0	-0.063692338341	-0.0452003352948	0.0457427844511	0.0205218995829	-0.0800091785627	-0.0773009880003	-0.120962037775	0.0318850001077	-0.0555423244948	-0.00720907593493	0.00188404654818	-0.0522667033145	0.044216975209	-0.0287064375862	-0.000480702372094	-0.0253044363659	-0.0403764948028	-0.0760721305461	-0.0474319267437	-0.105659290528	-0.0429613775783	0.0863355942247	-0.0596075950875	-0.0318864393065	-0.107307860238	-0.0764421646844	0.0754137146558	-0.0175772521625	-0.0317210895642	-0.0697512975952	-0.102792843615	-0.0121928948626	-0.0198098109916	0.0341589132781	-0.0276415761703	-0.0941743832917	-0.103635108614	0.0149903038386	-0.0960026291172	0.0138174865334	-0.0536169495851
k__Bacteria;p__Bacteroidetes;c__Bacteroidia;o__Bacteroidales;f__Porphyromonadaceae;g__Barnesiella;s__Barnesiella_intestinihominis	-0.0753913442812	-0.0605260062094	-0.0213660250903	-0.0950688155017	-0.154987408281	-0.0535766992642	0.0786731699524	-0.00457347492691	0.0619482565321	-0.0103687415464	-0.0411925604401	0.0235726476234	0.106674686367	-0.0652018359822	-0.0520649728364	-0.0506222191025	0.020217172481	-0.063692338341	1.0	-0.0762456222126	0.0377535118636	-0.0618893308452	-0.130702777487	-0.0720309423312	-0.00819425937717	0.0386179456401	-0.0219149857748	-0.0954644440764	-0.0638335440092	0.0582467060515	-0.0410857116858	-0.0290308615532	-0.0915647582152	-0.00811325032301	0.00606634889891	-0.0227715325143	-0.0736549595566	0.00926282685617	0.00143939642008	0.00650651918649	-0.102660323132	0.00590696128758	0.0383241398162	0.0123348997277	-0.0626421112205	-0.0563074391081	0.0214429269197	0.0889121487411	-0.0362290428876	0.0208050850442	-0.0104965471932	-0.0234636404331	-0.0267212459866	-0.128448302801	-0.116235722102	-0.109018189796	0.0447872645596	0.152841034844	-0.00643397764994
k__Bacteria;p__Bacteroidetes;c__Bacteroidia;o__Bacteroidales;f__Odoribacteraceae;g__Odoribacter;s__Odoribacter_splanchnicus	-0.0389897645834	-0.0740046972418	-0.0525059469187	-0.00929010164371	-0.0293981005396	0.0975049957722	-0.0208326567278	-0.0114948804876	-0.0200542774658	0.0357078144352	-0.0819867719306	-0.0533560308283	0.0266399247251	-0.0937228270025	-0.0126865063076	-0.00479978318975	-0.0954428907484	-0.0452003352948	-0.0762456222126	1.0	-0.128436700154	0.0697983962891	-0.0290105978217	0.00799867583597	-0.0507335495002	0.0138079590826	0.0724878510985	-0.0336152727236	-0.120403567415	-0.0438296360977	-0.0362130610246	0.0255181878861	-0.0615750886248	0.0411607365245	-0.0957424220121	-0.129208653698	-0.0639737793615	-0.0410776486392	0.101394099114	-0.0669712674834	0.129013596687	-0.0178151905504	0.0652780337084	0.0356910496859	-0.101017174832	-0.061735651654	0.03783014391	-0.106405628509	0.0323668031993	-0.0122240692587	-0.0956607579273	-0.10646963133	-0.0701942897953	0.0110973150871	0.0165613147384	0.0961052452599	-0.0155079280966	-0.112103765972	0.0140459825023
k__Bacteria;p__Bacteroidetes;c__Bacteroidia;o__Bacteroidales;f__Bacteroidaceae;g__Bacteroides;s__Bacteroides_salyersiae	-0.031327622023	-0.0919791660667	0.0420604492012	-0.0608824709005	-0.0563218638409	0.013685562904	-0.0289160713559	-0.0416664528455	0.0664212548231	-0.102049326724	-0.0795215455428	-0.0756923527698	0.0859811088607	-0.100499262449	0.0587512742612	0.0273058131061	0.000945492218677	0.0457427844511	0.0377535118636	-0.128436700154	1.0	-0.0194170972336	-0.0193264985323	-0.0348933146868	-0.0762272391996	-0.0863931191548	0.0137528822451	-0.0328560129869	-0.0804994670343	0.101351341703	-0.0203012526761	-0.107777345321	-0.00973139116501	-0.0760272302268	0.000735254868426	-0.125449932279	-0.0701347788085	-0.0235065575966	0.0393393940553	0.0411093812717	-0.00603781204074	-0.0421437111748	-0.0753985350596	0.0951365338325	-0.0342009908755	-0.141929097997	-0.0246045853814	-0.0607044705666	-0.0829254648909	-0.0438208073861	-0.0695685897372	-0.155431231725	-0.0134711472059	0.0112990662702	-0.0350798585018	-0.0247851399998	0.0671670397659	-0.0877686536697	0.0239057142586
k__Bacteria;p__Firmicutes;c__Clostridia;o__Clostridiales;f__Ruminococcaceae;g__Ruminiclostridium;s__[Eubacterium]_siraeum	0.0456996054115	-0.0696151601609	0.07020377856	0.0112619277848	-0.0132527657739	-0.0552879200989	-0.0160165995704	0.0367576569062	0.0229876411366	0.0819809621446	-0.0596066075213	-0.0330050295302	-0.0861742675531	0.0700077624391	-0.0349450581665	-0.0222699950932	-0.0548479790941	0.0205218995829	-0.0618893308452	0.0697983962891	-0.0194170972336	1.0	-0.0455950017466	0.0318857008514	-0.0803182299951	-0.0686405301362	0.00167046309225	0.0102911278525	-0.0210829086238	0.0138129207406	-0.0332979367908	0.0756890921087	0.0464241380823	-0.028888495986	-0.00682925389482	-0.0406249027589	-0.0303716703067	-0.00467404539397	0.088467776567	-0.0251221440894	-0.0839869456958	-0.0504094044155	-0.0384363794724	-0.00901673578337	-0.0287271737823	-0.0899271748149	-0.0731218883693	-0.0741206193248	-0.0755927159468	-0.0456287161929	-0.0241045389951	-0.0091354207417	-0.0429476706527	-0.0534104892008	0.0293566358363	-0.0869490193636	-0.0166199722794	0.0150858680354	-0.068418089571
k__Bacteria;p__Proteobacteria;c__Betaproteobacteria;o__Burkholderiales;f__Sutterellaceae;g__Parasutterella;s__Parasutterella_excrementihominis	-0.128088971126	-0.0444249352022	-0.00613324601982	0.00376163633308	-0.0571129110703	-0.0570474021034	-0.0114826879948	0.149793237036	0.00890986919763	0.0169156848692	-0.0113384639201	-0.128439297521	-0.0312836076433	0.00630689546328	-0.0509265393573	0.00470916118142	-0.0383488181281	-0.0800091785627	-0.130702777487	-0.0290105978217	-0.0193264985323	-0.0455950017466	1.0	-0.0321453370382	-0.0467593031389	0.0479344392872	-0.100946018205	-0.0631112696121	-0.0972065126342	-0.0982183452494	-0.0350067611391	-0.0992460450279	0.0313584437444	-0.0406397207874	-0.0223842138916	-0.0677908874919	-0.0238107292668	0.0362193992852	0.0573701506202	0.0288714687762	-0.077576917512	0.0139669755572	-0.00147655131566	-0.0732188274891	-0.0737039773622	0.0428977090503	-0.013214390924	-0.0143800143658	-0.0111129923931	-0.028639915366	-0.0352043984483	0.0886119217872	-0.0964970513014	-0.141014429362	-0.0652660406253	-0.0799337445877	0.02807766665	-0.0785527814248	0.0488916239139
k__Bacteria;p__Actinobacteria;c__Actinobacteria;o__Bifidobacteriales;f__Bifidobacteriaceae;g__Bifidobacterium;s__Bifidobacterium_adolescentis	-0.0270331581651	0.0627195784924	0.00448425584155	-0.0397401222271	-0.0325292792356	0.0329497365465	-0.0547647375102	0.0170938399738	-0.0295885839015	-0.0272925968768	-0.0335859397403	-0.0970335341698	0.0151396777702	-0.0262856992865	0.0185216219604	-0.032220045744	0.00852429236473	-0.0773009880003	-0.0720309423312	0.00799867583597	-0.0348933146868	0.0318857008514	-0.0321453370382	1.0	-0.0357302302146	-0.0452603969582	-0.00977292329901	0.00122146807277	-0.0526315432795	0.0410888938074	-0.000338136707699	-0.0168981891696	-0.020116473024	-0.0587152700812	-0.0144675829707	0.00790934936567	0.0227581925717	-0.0152117834935	0.0536528606213	-0.0322448762829	0.0328779398588	0.0140835924356	-0.0406352647651	0.116513667618	-0.0287154982039	-0.0862796775899	-0.0292026306214	-0.00171916553033	0.000844024314113	-0.0607148252154	-0.125213373621	-0.00226425450929	-0.0853727745041	0.0201432554785	-0.025941088893	-0.0145018120527	-0.0468746486526	-0.0146299471718	0.0256668375272
k__Bacteria;p__Firmicutes;c__Clostridia;o__Clostridiales;f__Oscillospiraceae;g__Oscillibacter;s__Oscillibacter_sp._KLE_1745	-0.0284080963029	-0.0511163650058	-0.117150254368	-0.104177438819	0.0769667140483	0.00472342703124	0.0266636563202	0.0551779966201	-0.102205881054	-0.0547351089778	-0.0393427813886	-0.0764869556651	-0.09013524155	0.0188677748428	0.0552312896704	-0.0160505380442	-0.0104724194577	-0.120962037775	-0.00819425937717	-0.0507335495002	-0.0762272391996	-0.0803182299951	-0.0467593031389	-0.0357302302146	1.0	0.0732161734797	0.087871552078	-0.0610689594766	-0.0117734172319	-0.0933063094179	-0.0591462547786	0.0733605638693	0.0130778555865	-0.02931189199	-0.087866962428	-0.057136974917	-0.0639777477256	-0.0188914588592	-0.0754757996788	-0.0426408781991	-0.0358128084363	0.0218905212386	0.114849799462	-0.02462334949	-0.00614149561818	-0.035129670001	-0.0624249598873	0.109474530868	-0.0514056326304	-0.0900815003412	-0.0511950168628	-0.0209115089685	-0.0207518326292	-0.0249351152618	-0.106861165018	-0.0160402609185	-0.0821635706872	-0.00582391590607	0.00283104332528
k__Bacteria;p__Bacteroidetes;c__Bacteroidia;o__Bacteroidales;f__Bacteroidaceae;g__Bacteroides;s__Bacteroides_coprophilus	-0.115780738708	0.00813621718082	-0.0833864944353	-0.0607617537724	-0.111865076761	-0.0592660832053	-0.055340812661	-0.133686775549	-0.032143577388	0.0654562215821	0.028919868601	-0.0358934780238	-0.00947640539149	0.0867367234094	0.0213616335519	-0.0118419162063	-0.0668695796057	0.0318850001077	0.0386179456401	0.0138079590826	-0.0863931191548	-0.0686405301362	0.0479344392872	-0.0452603969582	0.0732161734797	1.0	-0.0444250040915	-0.0645187187321	-0.107246251451	-0.0217874900067	-0.0167762316812	0.0119034768978	-0.0092719850716	0.0089908881923	-0.0501449934495	-0.00309438858832	0.0896687422125	-0.0436476216385	0.0136638556565	-0.0814688239328	-0.063701836161	-0.179062772656	-0.17415946183	-0.0425793494813	0.025816432536	-0.0901251781514	-0.0673786777924	0.0845652205012	0.0712671225797	0.064692396694	-0.0829954536102	0.0206905957427	-0.0171712003528	-0.0915612940083	-0.0347331238456	-0.0506885986998	0.0575816200641	-0.00525342943375	-0.073999230898
k__Bacteria;p__Firmicutes;c__Clostridia;o__Clostridiales;f__Lachnospiraceae;g__Roseburia;s__Roseburia_intestinalis	0.0052084699374	-0.0713552392556	-0.133200806701	-0.00802714675908	-0.0297536638243	-0.10203881582	-0.0702348402645	-0.0606257140766	-0.0245112586618	0.00790925301023	0.0341909332288	0.0197814356908	-0.0376550609463	-0.050758518982	0.0642955944499	0.0762448397512	-0.0161704509414	-0.0555423244948	-0.0219149857748	0.0724878510985	0.0137528822451	0.00167046309225	-0.100946018205	-0.00977292329901	0.087871552078	-0.0444250040915	1.0	-0.012411581344	-0.0352954801395	-0.0681679864419	-0.155717105987	-0.0395525183327	-0.0877752571401	0.00819509137986	0.0132279249419	0.00133738214689	-0.0290305877299	-0.0269142142717	0.0726140096167	0.0652878978005	0.0587685677639	-0.0411173953901	0.0480739347913	0.0599742243973	-0.0305795529577	-0.0832786947096	-0.0400706950575	0.0285204831894	-0.0357220865308	0.084922125326	-0.0908368042743	-0.117862073465	0.030422852374	-0.0303815608492	-0.0748374906456	0.00359287754583	-0.0299343488548	-0.0548634885382	0.0392787798792
k__Bacteria;p__Firmicutes;c__Clostridia;o__Clostridiales;f__Lachnospiraceae;g__Roseburia;s__Roseburia_hominis	0.00352438558324	0.0274101386939	0.0439347385999	0.0331758014977	-0.106637072563	-0.0342900615363	0.0969146884287	-0.112379317033	0.0199408936838	-0.0216218230767	0.0880390358124	-0.0782383216602	-0.107308634229	-0.0349114874921	-0.0545799876854	0.0543431064892	-0.0197395767781	-0.00720907593493	-0.0954644440764	-0.0336152727236	-0.0328560129869	0.0102911278525	-0.0631112696121	0.00122146807277	-0.0610689594766	-0.0645187187321	-0.012411581344	1.0	0.0521224719637	-0.0153884865667	-0.047234092677	0.00496237397387	-0.0873808630511	0.0193757865611	0.035841355656	-0.0196449645397	0.0116718357214	-0.0780814563747	-0.0479852932081	0.0202624552206	-0.0832648724477	-0.0561361979893	-0.0291620546643	-0.0998467732715	-0.0339987520295	0.0044691513053	0.0197498077548	-0.145417187628	-0.0190019806152	-0.0632920493169	-0.00142624991154	-0.0519227654807	-0.0941781596365	-0.0897669919635	-0.0537585983668	-0.037673591478	-0.0422470182744	-0.111788672151	-0.0315573283374
k__Bacteria;p__Bacteroidetes;c__Bacteroidia;o__Bacteroidales;f__Porphyromonadaceae;g__Parabacteroides;s__Parabacteroides_johnsonii	-0.040389853145	-0.0142157204128	-0.0776375034174	-0.0470635364414	0.0358384346169	-0.114188831598	0.00370896787157	0.0185862033598	-0.00308532987273	-0.0333813821558	0.115772028003	-0.0148706183744	-0.0204229854778	-0.00848280909876	-0.0257357683459	-0.098643224544	0.000226728294049	0.00188404654818	-0.0638335440092	-0.120403567415	-0.0804994670343	-0.0210829086238	-0.0972065126342	-0.0526315432795	-0.0117734172319	-0.107246251451	-0.0352954801395	0.0521224719637	1.0	-0.0261584682444	0.000226205309046	0.0802685438708	-0.0552810793013	0.0248674849755	-0.0088163847075	0.0623854715763	-0.0264370383613	-0.00554791153596	-0.0552119480537	-0.0692706433204	-0.107485101562	-0.0519102662271	-0.113376943724	-0.0271028075922	-0.0621867833085	0.0274699141473	-0.0443206872838	0.0110181235573	-0.081647728327	-0.0922583239415	-0.0720377519471	0.00128009326766	0.00335851334033	0.0677773737842	-0.00796784680435	-0.00688188074674	-0.144319952874	-0.0997559601178	-0.0609961839687
k__Bacteria;p__Actinobacteria;c__Actinobacteria;o__Bifidobacteriales;f__Bifidobacteriaceae;g__Bifidobacterium;s__Bifidobacterium_longum	-0.0618286465318	-0.0390356515363	0.0453873584625	-0.0782520925819	0.0881659384058	0.0453693730491	0.0328024224035	-0.0492008425983	-0.0340731992774	-0.0100354913232	0.123837849037	-0.0555458864113	-0.063252720859	-0.114067616731	-0.0240993370621	-0.0971888931884	0.0359261560984	-0.0522667033145	0.0582467060515	-0.0438296360977	0.101351341703	0.0138129207406	-0.0982183452494	0.0410888938074	-0.0933063094179	-0.0217874900067	-0.0681679864419	-0.0153884865667	-0.0261584682444	1.0	0.00185699389645	-0.0181909344047	0.049758817059	-0.0533157326857	0.0470232404562	0.119156677784	0.0845356766802	-0.0434275836284	-0.0910049756008	-0.0652675494229	-0.0840659912291	-0.041037129128	0.0118889303693	-0.00529989282004	-0.132851306379	0.0014635116241	-0.0290208721984	-0.071644978022	-0.0341732274165	-0.013056795502	-0.0567091604402	-0.0732203483816	-0.029424873803	-0.017342106477	-0.080034848649	-0.159096949557	-0.0110241531714	0.0172882169501	-0.068139251006
