#taxonomy	k__Bacteria;p__Bacteroidetes;c__Bacteroidia;o__Bacteroidales;f__Bacteroidaceae;g__Bacteroides;s__Bacteroides_vulgatus	k__Bacteria;p__Bacteroidetes;c__Bacteroidia;o__Bacteroidales;f__Bacteroidaceae;g__Bacteroides;s__Bacteroides_uniformis	k__Bacteria;p__Bacteroidetes;c__Bacteroidia;o__Bacteroidales;f__Rikenellaceae;g__Alistipes;s__Alistipes_putredinis	k__Bacteria;p__Bacteroidetes;c__Bacteroidia;o__Bacteroidales;f__Prevotellaceae;g__Prevotella;s__Prevotella_copri	k__Bacteria;p__Bacteroidetes;c__Bacteroidia;o__Bacteroidales;f__Bacteroidaceae;g__Bacteroides;s__Bacteroides_stercoris	k__Bacteria;p__Bacteroidetes;c__Bacteroidia;o__Bacteroidales;f__Bacteroidaceae;g__Bacteroides;s__Bacteroides_ovatus	k__Bacteria;p__Bacteroidetes;c__Bacteroidia;o__Bacteroidales;f__Rikenellaceae;g__Alistipes;s__Alistipes_shahii	k__Bacteria;p__Firmicutes;c__Clostridia;o__Clostridiales;f__Ruminococcaceae;g__Faecalibacterium;s__Faecalibacterium_prausnitzii	k__Bacteria;p__Bacteroidetes;c__Bacteroidia;o__Bacteroidales;f__Rikenellaceae;g__Alistipes;s__Alistipes_finegoldii	k__Bacteria;p__Bacteroidetes;c__Bacteroidia;o__Bacteroidales;f__Porphyromonadaceae;g__Parabacteroides;s__Parabacteroides_distasonis	k__Bacteria;p__Bacteroidetes;c__Bacteroidia;o__Bacteroidales;f__Bacteroidaceae;g__Bacteroides;s__Bacteroides_thetaiotaomicron	k__Bacteria;p__Bacteroidetes;c__Bacteroidia;o__Bacteroidales;f__Bacteroidaceae;g__Bacteroides;s__Bacteroides_coprocola	k__Bacteria;p__Bacteroidetes;c__Bacteroidia;o__Bacteroidales;f__Bacteroidaceae;g__Bacteroides;s__Bacteroides_cellulosilyticus	k__Bacteria;p__Bacteroidetes;c__Bacteroidia;o__Bacteroidales;f__Rikenellaceae;g__Alistipes;s__Alistipes_obesi	k__Bacteria;p__Firmicutes;c__Clostridia;o__Clostridiales;f__Lachnospiraceae;g__;s__[Eubacterium]_rectale	k__Bacteria;p__Bacteroidetes;c__Bacteroidia;o__Bacteroidales;f__Bacteroidaceae;g__Bacteroides;s__Bacteroides_plebeius	k__Bacteria;p__Bacteroidetes;c__Bacteroidia;o__Bacteroidales;f__Bacteroidaceae;g__Bacteroides;s__Bacteroides_fragilis	k__Bacteria;p__Proteobacteria;c__Betaproteobacteria;o__Burkholderiales;f__Sutterellaceae;g__Sutterella;s__Sutterella_wadsworthensis	k__Bacteria;p__Bacteroidetes;c__Bacteroidia;o__Bacteroidales;f__Porphyromonadaceae;g__Barnesiella;s__Barnesiella_intestinihominis	k__Bacteria;p__Bacteroidetes;c__Bacteroidia;o__Bacteroidales;f__Odoribacteraceae;g__Odoribacter;s__Odoribacter_splanchnicus	k__Bacteria;p__Bacteroidetes;c__Bacteroidia;o__Bacteroidales;f__Bacteroidaceae;g__Bacteroides;s__Bacteroides_salyersiae	k__Bacteria;p__Firmicutes;c__Clostridia;o__Clostridiales;f__Ruminococcaceae;g__Ruminiclostridium;s__[Eubacterium]_siraeum	k__Bacteria;p__Proteobacteria;c__Betaproteobacteria;o__Burkholderiales;f__Sutterellaceae;g__Parasutterella;s__Parasutterella_excrementihominis	k__Bacteria;p__Actinobacteria;c__Actinobacteria;o__Bifidobacteriales;f__Bifidobacteriaceae;g__Bifidobacterium;s__Bifidobacterium_adolescentis	k__Bacteria;p__Firmicutes;c__Clostridia;o__Clostridiales;f__Oscillospiraceae;g__Oscillibacter;s__Oscillibacter_sp._KLE_1745	k__Bacteria;p__Bacteroidetes;c__Bacteroidia;o__Bacteroidales;f__Bacteroidaceae;g__Bacteroides;s__Bacteroides_coprophilus	k__Bacteria;p__Firmicutes;c__Clostridia;o__Clostridiales;f__Lachnospiraceae;g__Roseburia;s__Roseburia_intestinalis	k__Bacteria;p__Firmicutes;c__Clostridia;o__Clostridiales;f__Lachnospiraceae;g__Roseburia;s__Roseburia_hominis	k__Bacteria;p__Bacteroidetes;c__Bacteroidia;o__Bacteroidales;f__Porphyromonadaceae;g__Parabacteroides;s__Parabacteroides_johnsonii	k__Bacteria;p__Actinobacteria;c__Actinobacteria;o__Bifidobacteriales;f__Bifidobacteriaceae;g__Bifidobacterium;s__Bifidobacterium_longum	k__Bacteria;p__Firmicutes;c__Clostridia;o__Clostridiales;f__;g__Flavonifractor;s__Flavonifractor_plautii	k__Bacteria;p__Firmicutes;c__Clostridia;o__Clostridiales;f__Clostridiaceae;g__Clostridium;s__Clostridium_phoceensis	k__Bacteria;p__Verrucomicrobia;c__Verrucomicrobiae;o__Verrucomicrobiales;f__Akkermansiaceae;g__Akkermansia;s__Akkermansia_muciniphila	k__Bacteria;p__Bacteroidetes;c__Bacteroidia;o__Bacteroidales;f__Prevotellaceae;g__Paraprevotella;s__Paraprevotella_xylaniphila	k__Bacteria;p__Firmicutes;c__Clostridia;o__Clostridiales;f__Ruminococcaceae;g__Ruminococcus;s__Ruminococcus_callidus	k__Bacteria;p__Bacteroidetes;c__Bacteroidia;o__Bacteroidales;f__Rikenellaceae;g__Alistipes;s__Alistipes_senegalensis	k__Bacteria;p__Firmicutes;c__Clostridia;o__Clostridiales;f__Lachnospiraceae;g__Blautia;s__Blautia_sp._KLE_1732	k__Bacteria;p__Bacteroidetes;c__Bacteroidia;o__Bacteroidales;f__Bacteroidaceae;g__Bacteroides;s__Bacteroides_oleiciplenus	k__Bacteria;p__Firmicutes;c__Clostridia;o__Clostridiales;f__Ruminococcaceae;g__Ruminococcus;s__Ruminococcus_bicirculans	k__Bacteria;p__Bacteroidetes;c__Bacteroidia;o__Bacteroidales;f__Bacteroidaceae;g__Bacteroides;s__Bacteroides_fluxus	k__Bacteria;p__Bacteroidetes;c__Bacteroidia;o__Bacteroidales;f__Prevotellaceae;g__Prevotella;s__Prevotella_stercorea	k__Bacteria;p__Firmicutes;c__Clostridia;o__Clostridiales;f__Lachnospiraceae;g__Dorea;s__Dorea_longicatena	k__Bacteria;p__Firmicutes;c__Clostridia;o__Clostridiales;f__Eubacteriaceae;g__Eubacterium;s__[Eubacterium]_eligens	k__Bacteria;p__Firmicutes;c__Clostridia;o__Clostridiales;f__Ruminococcaceae;g__;s__Ruminococcaceae_bacterium_D16	k__Bacteria;p__Firmicutes;c__Clostridia;o__Clostridiales;f__Lachnospiraceae;g__Coprococcus;s__Coprococcus_comes	k__Bacteria;p__Proteobacteria;c__Gammaproteobacteria;o__Enterobacterales;f__Enterobacteriaceae;g__Escherichia;s__Escherichia_coli	k__Bacteria;p__Firmicutes;c__Clostridia;o__Clostridiales;f__Ruminococcaceae;g__Anaerotruncus;s__Anaerotruncus_colihominis	k__Bacteria;p__Firmicutes;c__Clostridia;o__Clostridiales;f__Lachnospiraceae;g__Blautia;s__Blautia_obeum	k__Bacteria;p__Bacteroidetes;c__Bacteroidia;o__Bacteroidales;f__Odoribacteraceae;g__Odoribacter;s__Odoribacter_laneus	k__Bacteria;p__Firmicutes;c__Clostridia;o__Clostridiales;f__Ruminococcaceae;g__Ruminiclostridium;s__[Clostridium]_leptum	k__Bacteria;p__Bacteroidetes;c__Bacteroidia;o__Bacteroidales;f__Porphyromonadaceae;g__Parabacteroides;s__Parabacteroides_goldsteinii	k__Bacteria;p__Firmicutes;c__Clostridia;o__Clostridiales;f__Lachnospiraceae;g__Anaerostipes;s__Anaerostipes_hadrus	k__Bacteria;p__Firmicutes;c__Clostridia;o__Clostridiales;f__Ruminococcaceae;g__Ruminococcus;s__Ruminococcus_lactaris	k__Bacteria;p__Firmicutes;c__Clostridia;o__Clostridiales;f__Clostridiaceae;g__Clostridium;s__Clostridium_sp._L2-50	k__Bacteria;p__Firmicutes;c__Clostridia;o__Clostridiales;f__Clostridiaceae;g__Clostridium;s__Clostridium_sp._M62/1	k__Bacteria;p__Firmicutes;c__Clostridia;o__Clostridiales;f__;g__Intestinimonas;s__Intestinimonas_butyriciproducens	k__Bacteria;p__Actinobacteria;c__Actinobacteria;o__Bifidobacteriales;f__Bifidobacteriaceae;g__Bifidobacterium;s__Bifidobacterium_bifidum	k__Bacteria;p__Firmicutes;c__Negativicutes;o__Veillonellales;f__Veillonellaceae;g__Dialister;s__Dialister_invisus	k__Bacteria;p__Bacteroidetes;c__Bacteroidia;o__Bacteroidales;f__Bacteroidaceae;g__Bacteroides;s__Bacteroides_salanitronis
k__Bacteria;p__Bacteroidetes;c__Bacteroidia;o__Bacteroidales;f__Bacteroidaceae;g__Bacteroides;s__Bacteroides_vulgatus	1.0	-0.0369182466074	0.0124801517387	-0.0610710057586	0.041114461941	-0.0115236071246	-0.00670102503555	0.0137419049395	0.0780756403041	-0.0798618146277	-0.0284814809474	-0.081341997851	0.101034697758	-0.060416079354	-0.11307707913	-0.129790806737	-0.0468074280262	0.0310000918704	-0.0202701221223	0.0157405202321	-0.073674947831	-0.0284440728649	-0.0192953836124	-0.0343508536773	-0.0620481575112	-0.0821759113142	-0.0512309555864	-0.0220262817094	-0.0241761029365	0.109653515258	0.0471634760892	-0.0178766965474	0.021828152518	-0.0190342079012	-0.0770007737543	-0.0159450840145	-0.122152209005	-0.0350340646605	0.0122194542807	-0.0722589874848	-0.010636283595	0.0138293015507	-0.072047929213	-0.0185002686465	-0.0226813737565	0.000454544628838	-0.0772676300106	0.134348356745	0.0934658894682	0.137851576613	-0.129290313724	0.0176578076797	0.0789804378753	-0.0100746055501	-0.125656731392	-0.0271391949521	0.0403437029182	0.0188209941786	-0.0485803231786
k__Bacteria;p__Bacteroidetes;c__Bacteroidia;o__Bacteroidales;f__Bacteroidaceae;g__Bacteroides;s__Bacteroides_uniformis	-0.0369182466074	1.0	-0.113052078935	-0.0290712113356	-0.154605144845	0.0715809734511	0.0167936633917	-0.0584447999177	-0.0878365137305	0.0915169311628	-0.0754737577908	-0.0319705109562	-0.00911882705756	-0.0731877241481	-0.014182165412	0.0364435724486	-0.0441974263024	-0.143604526221	0.00764045684265	-0.024873242789	0.0608377091529	-0.0855484445055	-0.0247952042357	-0.00610636373116	0.0143330457893	-0.0346188813496	0.0542522096701	0.080428783818	-0.0829266437412	0.0230048714975	-0.0259872921726	0.0541007000634	-0.00384790616948	-0.0835804364895	-0.0191047053722	0.00788209569977	-0.085193205658	-0.039180104687	-0.0673251270391	-0.0391160942275	-0.172582185286	0.00744759242268	-0.0631646836838	-0.0349137702179	0.000797755902268	0.0399815350095	-0.0474711375862	-0.0955220695828	-0.118066397054	0.0233903299624	-0.0370341569061	-0.0165492459067	-0.0864718064867	-0.066773159471	0.0143127202738	-0.0384660959427	0.0161035286647	-0.0437134525036	-0.0538974347739
k__Bacteria;p__Bacteroidetes;c__Bacteroidia;o__Bacteroidales;f__Rikenellaceae;g__Alistipes;s__Alistipes_putredinis	0.0124801517387	-0.113052078935	1.0	-0.0511583589726	-0.0602293633159	-0.0108772263447	-0.0629119280753	-0.0684079857127	-0.000949120283553	-0.00771508281994	0.0853458860196	0.00370615001506	0.043852311624	-0.036947987115	-0.0280482292223	0.076117148962	-0.0322983807363	-0.0445264118368	-0.0577740502395	-0.051081306208	-0.035146154532	0.00471184668971	-0.0850834910396	-0.0540158026586	-0.0153140611516	0.0140033247868	0.0123228752144	0.0675100191183	0.0312904538284	0.00257063772621	0.028268850563	-0.020048667367	0.0191012747683	-0.0548054094945	0.0454153681161	-0.0352227120368	-0.106245200082	-0.0977596263088	-0.0688450853242	-0.00322850984055	-0.0272812847625	-0.0336333528762	-0.0664207723747	-0.016269923239	-0.121615424029	0.0166351645645	0.0214499510902	-0.0141573921965	-0.0143913776737	-0.0895596875936	-0.00942409847903	-0.0132362589622	-0.0587095694792	-0.0510879387068	0.0636890505391	0.0978243163083	-0.0770547585275	-0.0731301482028	-0.0210902182117
k__Bacteria;p__Bacteroidetes;c__Bacteroidia;o__Bacteroidales;f__Prevotellaceae;g__Prevotella;s__Prevotella_copri	-0.0610710057586	-0.0290712113356	-0.0511583589726	1.0	-0.0515204553786	-0.04454843844	-0.0474377251028	-0.0300196935579	-0.109799255175	-0.015241656274	0.0567350316959	-0.125808201534	0.0216053473639	0.00383816401675	-0.068103310771	-0.00737882524618	-0.0227349068768	-0.0589257034596	0.0641121382195	-0.114882413553	-0.0411917815964	0.0202951801954	-0.0800764730975	-0.0119252426227	-0.135672496608	0.0373528383355	-0.00639247226716	-0.083510760469	0.0229882514488	-0.167121561209	-0.0788074051946	-0.0149436451466	-0.0320397875085	0.0203667759989	-0.0258453365135	0.031465025858	0.115457421949	-0.0567470735322	-0.035401460223	-0.0892349416205	0.0150938600532	-0.065603679657	-0.036101217874	0.0365966677792	-0.105493649993	-0.122715900144	-0.115466830772	-0.0549527511201	-0.00136280980176	0.0438160110974	-0.0175657729862	-0.0602032264312	-0.0779659500824	-0.156655522618	-0.00135158320847	-0.035133399026	0.00955167229528	-0.040123489484	0.0837848872402
k__Bacteria;p__Bacteroidetes;c__Bacteroidia;o__Bacteroidales;f__Bacteroidaceae;g__Bacteroides;s__Bacteroides_stercoris	0.041114461941	-0.154605144845	-0.0602293633159	-0.0515204553786	1.0	-0.0683515682218	-0.061424458191	-0.0376909550522	0.0289891768613	0.0463638860918	-0.0505023957183	-0.0601598803234	-0.0699970561513	-0.034982593605	-0.0567885915478	-0.0839437394939	-0.0137382329187	-0.0277740087563	0.00267092909509	-0.0431415397256	-0.0492740433963	-0.0164467059511	-0.0460258265078	-0.106716056583	-0.113152250548	0.0284964530532	-0.0600914216366	-0.044336024123	0.0394597840297	-0.130486926199	-0.081030494159	-0.0190491665608	-0.0108809390975	0.0142893980857	0.0676542395586	0.0290290576559	-0.0103880811846	-0.00510929084446	0.0690184617343	0.0930229361162	0.0202426954272	-0.0856954650392	-0.0812217833222	-0.0388088850931	-0.0346746087357	-0.0409207568969	0.0254074128133	0.020183032374	0.0274147364444	0.0337182548065	-0.117604891615	0.0338253474773	0.02209155251	-0.10735502036	-0.157875997595	-0.0140280853361	-0.0514622774909	-0.0355237202224	-0.0152153254813
k__Bacteria;p__Bacteroidetes;c__Bacteroidia;o__Bacteroidales;f__Bacteroidaceae;g__Bacteroides;s__Bacteroides_ovatus	-0.0115236071246	0.0715809734511	-0.0108772263447	-0.04454843844	-0.0683515682218	1.0	0.0176562114817	-0.149932529162	-0.104970913128	0.0770248763176	0.011209280394	0.109951033895	0.0325017834649	-0.0832313322674	-0.0868386563327	-0.146818206111	-0.0772223347476	0.0569852294284	-0.0508512028855	-0.0147878777275	-0.00577528537744	-0.100442990404	0.051386077243	-0.0652983860948	-0.0592543481406	-0.124266899168	-0.0533916054706	0.00119421811961	0.0498987775904	0.0833691797526	0.0140451412046	-0.0570124668078	-0.0408492069521	-0.0278635976439	-0.0294455317619	-0.0624122231757	0.0190814303749	-0.0774598575774	-0.00565848405741	-0.072756474878	-0.0702337084373	0.010965050703	0.0785442680131	-0.038402516738	-0.0513648954652	-0.0019555116465	-0.035200089632	0.124139639864	-0.069875577122	-0.0309299801306	0.0155507348822	-0.0506493517012	-0.04592336987	-0.102760543288	0.0595027233366	-0.107958734588	0.109616910955	-0.00816553550494	-0.0579676002058
k__Bacteria;p__Bacteroidetes;c__Bacteroidia;o__Bacteroidales;f__Rikenellaceae;g__Alistipes;s__Alistipes_shahii	-0.00670102503555	0.0167936633917	-0.0629119280753	-0.0474377251028	-0.061424458191	0.0176562114817	1.0	-0.00264364915401	-0.0496155478769	0.0507516544284	0.0651128197641	0.0100823909427	-0.0528057275781	0.0509804350664	0.0249867009982	0.0596665158797	-0.0481894638308	-0.0138558899643	-0.0268651569271	-0.0996105555137	0.0299670007075	0.00947641299163	-0.0146994790372	-0.051383160277	-0.105403293317	-0.0506423449332	0.0353256447458	-0.0557970364875	0.0194664446755	-0.0110698696873	-0.108484702597	-0.0158433647571	-0.176439320615	0.00794061494652	-0.0356073390397	-0.0315588481687	-0.0410780768371	-0.07684269377	-0.0499209796954	-0.0309277752898	-0.0404669118402	0.0495061640837	0.100575158761	-0.0858569097707	0.00163731356797	-0.0935552568335	0.0185067774314	-0.0509896927589	-0.0257956415229	0.052822678142	0.0104294281693	-0.105788949887	-0.0850343417299	-0.0579800403302	-0.0583521494103	-0.0792344217461	0.00223971814836	0.0134942721854	-0.0937317538369
k__Bacteria;p__Firmicutes;c__Clostridia;o__Clostridiales;f__Ruminococcaceae;g__Faecalibacterium;s__Faecalibacterium_prausnitzii	0.0137419049395	-0.0584447999177	-0.0684079857127	-0.0300196935579	-0.0376909550522	-0.149932529162	-0.00264364915401	1.0	-0.0433294327938	-0.106459004741	0.0559987901621	-0.0437550685424	-0.0430312871103	-0.0427626348953	0.116284260772	-0.0877886008152	0.0438040004779	-0.125697087961	0.0201133358565	0.0151268372952	-0.0132333092234	0.0123475726757	-0.0144835656086	-5.58671704711e-05	-0.0627960425987	-0.106384405205	-0.0265673699844	0.0342274077513	0.0176301044097	-0.0655651482856	0.0397387175174	-0.0868421889257	-0.0325586918122	0.0201792557245	-0.0526877616021	-0.0859595068534	-0.0562673715857	-0.0438090250838	0.0141429745764	0.00815805015768	-0.0281110765333	0.0463133162431	0.02368204182	-0.1218964809	-0.0625195666624	0.0238056037275	-0.0533853726932	-0.142635706798	-0.0571321725328	0.0181140480891	0.00833198631084	-0.0548660949596	-0.04236077703	-0.0250469117153	-0.0264777226457	-0.0114505513797	-0.115956456548	0.00591183115898	-0.0249362366207
k__Bacteria;p__Bacteroidetes;c__Bacteroidia;o__Bacteroidales;f__Rikenellaceae;g__Alistipes;s__Alistipes_finegoldii	0.0780756403041	-0.0878365137305	-0.000949120283553	-0.109799255175	0.0289891768613	-0.104970913128	-0.0496155478769	-0.0433294327938	1.0	-0.0404490104736	-0.00817822955546	-0.0195310663165	-0.0247311021206	-0.0501286571417	-0.0017281214726	-0.0265397889938	-0.15904905813	-0.0823838555732	0.0241185526082	-0.0417436535814	0.00070570004466	-0.186925632671	-0.0461845982891	-0.0498210230561	0.0372029310593	0.0238210104122	-0.0229199858782	-0.0363035967365	0.0207826927232	-0.0486063979009	0.0131093973391	-0.0293275054952	-0.0364934487821	-0.0325588544791	-0.0757224656737	-0.0244115956428	-0.0461936090267	0.0271869928197	-0.116980464598	0.00731233227149	-0.0195326365461	-0.0103555837852	-0.0551926140633	-0.00703603913294	0.074442676741	-0.052356699154	-0.0632116235644	0.0777097996453	-0.088864222603	-0.0294398497893	-0.00218395036291	0.0273924468033	-0.116545591549	0.0424427003999	-0.0288798028099	-0.0702368655805	-0.0165035110441	0.0338255678157	-0.116492953737
k__Bacteria;p__Bacteroidetes;c__Bacteroidia;o__Bacteroidales;f__Porphyromonadaceae;g__Parabacteroides;s__Parabacteroides_distasonis	-0.0798618146277	0.0915169311628	-0.00771508281994	-0.015241656274	0.0463638860918	0.0770248763176	0.0507516544284	-0.106459004741	-0.0404490104736	1.0	0.0583350553214	0.0309757609419	-0.0455975969688	-0.0750265743126	-0.12817067684	-0.00966127456902	-0.0166194127835	-0.102709840028	-0.0532606116883	-0.0500833826796	-0.00162562413194	-0.0613458371327	-0.00967785512172	-0.0564334679589	0.0327634024767	-0.136766250216	-0.151614679158	-0.0342234494726	0.0122488380962	-0.107596641568	-0.0339952277674	-0.00938118385425	0.0112524996726	-0.0975020207567	0.0733835217133	0.00771726751472	0.0469258900136	-0.0541622156753	-0.0352020153731	-0.0164285169809	0.0812504432921	-0.0249208714081	0.0544933914422	-0.0290590282388	0.029554120169	-0.110661650897	0.10264898974	-0.165957568409	-0.064410044018	-0.0950996227103	-0.0142140225453	-0.2030030362	0.0196984029643	-0.0600801580622	-0.121052815975	0.0774642205227	-0.034253923916	-0.0433446102882	0.0237246088673
k__Bacteria;p__Bacteroidetes;c__Bacteroidia;o__Bacteroidales;f__Bacteroidaceae;g__Bacteroides;s__Bacteroides_thetaiotaomicron	-0.0284814809474	-0.0754737577908	0.0853458860196	0.0567350316959	-0.0505023957183	0.011209280394	0.0651128197641	0.0559987901621	-0.00817822955546	0.0583350553214	1.0	-0.104545377691	-0.0893089182456	-0.0922303703439	0.070711576243	-0.0300096763103	-0.0964155570161	-0.05903106832	-0.004326184719	-0.103657843271	0.0820103290587	0.00611981555909	-0.0350515019893	-0.0773555125859	-0.12091708301	0.101232845315	-0.0733269858903	-0.0136540157221	-0.0225913776942	-0.0509212590092	0.035232156881	0.048735091714	0.0572550463736	-0.0406819707732	0.0160735784553	-0.0704184712081	-0.130982436111	-0.00265557381582	0.0782642611838	-0.0611670985593	-0.102879418254	-0.0974546538933	-0.000969631981711	-0.0337495856552	-0.100665304174	0.00549757865189	0.0714794231103	-0.066224557787	-0.0447116873698	-0.108580795826	0.0611055164328	-0.0388279724206	-0.0332180944618	-0.107173533525	0.0156903516923	-0.0450525073478	-0.127081133107	0.0618525116802	0.0615669612701
k__Bacteria;p__Bacteroidetes;c__Bacteroidia;o__Bacteroidales;f__Bacteroidaceae;g__Bacteroides;s__Bacteroides_coprocola	-0.081341997851	-0.0319705109562	0.00370615001506	-0.125808201534	-0.0601598803234	0.109951033895	0.0100823909427	-0.0437550685424	-0.0195310663165	0.0309757609419	-0.104545377691	1.0	-0.0691890027919	0.023111071339	-0.0211250920736	-0.0377826303273	-0.0424083801766	-0.0369346782528	-0.049280356556	-0.0714726530325	-0.064566723413	-0.110386750692	-0.0264305813967	0.0612996762609	-0.0231680078984	-0.0707108040014	-0.111554047748	-0.110076112608	0.0600932551244	-0.115115292933	-0.12572184395	0.0138769614192	-0.108913007519	-0.0752946570717	-0.0464992010346	-0.117687040353	0.0655444671274	-0.0513969345799	0.0380747116007	-0.0729485850007	-0.156447860837	0.00554354648702	-0.0161463095734	0.0529654522867	0.065111292921	-0.116936592336	0.0188728058539	0.000344219193971	-0.0319847296767	-0.0167826292548	-0.121007225368	-0.0166229264144	0.00310642414754	0.0506600771221	0.126818292463	-0.115182969388	0.065194794985	-0.0400471860155	-0.053134743804
k__Bacteria;p__Bacteroidetes;c__Bacteroidia;o__Bacteroidales;f__Bacteroidaceae;g__Bacteroides;s__Bacteroides_cellulosilyticus	0.101034697758	-0.00911882705756	0.043852311624	0.0216053473639	-0.0699970561513	0.0325017834649	-0.0528057275781	-0.0430312871103	-0.0247311021206	-0.0455975969688	-0.0893089182456	-0.0691890027919	1.0	-0.0140000088531	-0.109719260214	-0.0381789599356	-0.0379703191295	-0.0411877370584	0.0762338241677	-0.024738498146	0.0488704324944	-0.0690301288442	-0.0725775032016	-0.0308916972584	-0.0748485459237	0.165985997368	0.0304327429922	-0.00250530393413	-0.0934944104895	-0.028146211089	0.0120792078816	-0.0284379970185	-0.0431894358263	-0.0717482073557	0.0299280868534	-0.076226657333	0.00333520849508	-0.124925773024	-0.0112056208515	-0.0267502584827	-0.0242289984409	-0.0490323883078	-0.115551140064	-0.104639677899	-0.00717844775698	-0.162992906838	0.0287415866667	-0.0723791028249	-0.0612256601341	-0.0238030669102	-0.0261099910642	-0.034544206155	-0.0359365527573	0.0537987062525	-0.0697747779243	-0.0256364319498	0.0392585278894	-0.118142150501	-0.0920416498978
k__Bacteria;p__Bacteroidetes;c__Bacteroidia;o__Bacteroidales;f__Rikenellaceae;g__Alistipes;s__Alistipes_obesi	-0.060416079354	-0.0731877241481	-0.036947987115	0.00383816401675	-0.034982593605	-0.0832313322674	0.0509804350664	-0.0427626348953	-0.0501286571417	-0.0750265743126	-0.0922303703439	0.023111071339	-0.0140000088531	1.0	0.00129586685219	-0.025421343998	-0.000539222552433	0.0106980958462	0.0103822215136	-0.025020924189	-0.132380536059	0.0121907174411	-0.0277284161699	0.0454631085847	-0.000723997940622	-0.0393196389074	-0.0142042455431	-0.103902923451	-0.0724303401596	-0.0410784248186	0.0296017062994	-0.0627246743681	0.0239240008643	0.0124619786051	0.0111532711183	-0.0581424211049	-0.0102533318567	-0.0158186528757	-0.044911873012	-0.0519917812463	-0.0880590021876	0.0126580266612	-0.0724818166946	-0.0175939213861	-0.0755108377792	-0.0894709431829	-0.0137981944336	0.0167784685434	0.0347783241797	0.0588815587977	-0.0388271408836	-0.0260626038222	-0.00583813478412	-0.0566225657813	0.00655438394037	0.0640898076441	-0.0273864009667	-0.0262481109813	-0.0194271707007
k__Bacteria;p__Firmicutes;c__Clostridia;o__Clostridiales;f__Lachnospiraceae;g__;s__[Eubacterium]_rectale	-0.11307707913	-0.014182165412	-0.0280482292223	-0.068103310771	-0.0567885915478	-0.0868386563327	0.0249867009982	0.116284260772	-0.0017281214726	-0.12817067684	0.070711576243	-0.0211250920736	-0.109719260214	0.00129586685219	1.0	0.029475975294	-0.0706809513818	-0.0394103137106	-0.0123343469625	-0.0620373161743	-0.00912743743478	-0.0777845702993	-0.0603548623417	-0.00516918535631	-0.0932621014169	-0.0632306606442	-0.0587414305138	-0.127916664537	-0.0452340745834	0.16325247283	-0.00730736785595	-0.0406910265561	-0.166738429871	-0.00576756017028	-0.0924129938652	-0.0601947110418	0.0362580667925	-0.0615898068569	0.032214351266	0.00769148167948	-0.0763325898804	0.00996435034384	-0.0915463539447	-0.0287373736722	-0.0607074166835	0.0270536956015	0.00217267370511	-0.0702886125691	0.0119776638875	-0.0502214939349	0.0076608750845	0.0448981636757	-0.0238743925572	-0.0666509460687	0.0756972713712	-0.0493281147624	-0.0616232280552	-0.0266630007116	0.0264380038491
k__Bacteria;p__Bacteroidetes;c__Bacteroidia;o__Bacteroidales;f__Bacteroidaceae;g__Bacteroides;s__Bacteroides_plebeius	-0.129790806737	0.0364435724486	0.076117148962	-0.00737882524618	-0.0839437394939	-0.146818206111	0.0596665158797	-0.0877886008152	-0.0265397889938	-0.00966127456902	-0.0300096763103	-0.0377826303273	-0.0381789599356	-0.025421343998	0.029475975294	1.0	-0.0249286839771	-0.0097801341707	0.0105300832799	-0.0639523504331	-0.0396983191595	-0.0217492834864	-0.0969277448859	-0.044757213452	-0.0804328496799	-0.0248290379823	-0.0771635142812	0.0208648131563	-0.126749478333	-0.0795549368191	-0.0679095039778	-0.0244074299835	-0.157230429403	-0.0823534235726	-0.0377024462735	0.0114866411248	0.0361033744185	-0.0132999400567	-0.0511626772787	-0.00622835703036	-0.0960919130443	0.0997722574126	-0.089793100324	-0.0363866585242	-0.0377467162073	-0.0220619240075	0.0293697408596	0.0157728924045	-0.0329494489046	-0.0677873398614	0.0122709776484	0.00373306468113	0.00669722946382	-0.0712510065859	-0.0455776482427	-0.0178991203044	-0.00327374682994	-0.0684388463132	0.140772715028
k__Bacteria;p__Bacteroidetes;c__Bacteroidia;o__Bacteroidales;f__Bacteroidaceae;g__Bacteroides;s__Bacteroides_fragilis	-0.0468074280262	-0.0441974263024	-0.0322983807363	-0.0227349068768	-0.0137382329187	-0.0772223347476	-0.0481894638308	0.0438040004779	-0.15904905813	-0.0166194127835	-0.0964155570161	-0.0424083801766	-0.0379703191295	-0.000539222552433	-0.0706809513818	-0.0249286839771	1.0	-0.0456074468735	-0.124858866731	-0.0677800610231	-0.012835603232	0.0893420481651	0.00454877226425	-0.00480000962927	-0.0598617683755	-0.0760241151691	-0.070158996767	0.0396715217152	0.0511466055923	0.0281093338238	-0.0709537859556	-0.0500580969902	-0.0161673504548	-0.0381661187842	0.0600288324789	-0.0419532417787	-0.0298156782707	-0.0353124201362	0.036202644446	-0.141033493406	0.0453719387135	0.071921224545	0.0372660228244	-0.140539318396	-0.0372917959604	0.00312691124507	0.0834971316434	-0.0619417400625	0.00542438781412	-0.0558862829209	-0.0106282215409	-0.140523931372	0.00666465946504	0.123759906771	-0.0594991528235	0.0218853150274	-0.0315406286488	0.0149976012842	-0.00589246084313
k__Bacteria;p__Proteobacteria;c__Betaproteobacteria;o__Burkholderiales;f__Sutterellaceae;g__Sutterella;s__Sutterella_wadsworthensis	0.0310000918704	-0.143604526221	-0.0445264118368	-0.0589257034596	-0.0277740087563	0.0569852294284	-0.0138558899643	-0.125697087961	-0.0823838555732	-0.102709840028	-0.05903106832	-0.0369346782528	-0.0411877370584	0.0106980958462	-0.0394103137106	-0.0097801341707	-0.0456074468735	1.0	0.0457621142264	0.0149487786363	-0.10136639892	0.02706590588	0.0827616892989	0.0605519317201	-0.0825773179345	-0.0283360764947	0.0161808070976	0.00261838629099	0.0386262962492	0.0332252867161	-0.064465280104	0.00563041756477	-0.00311279428498	0.0236895953527	-0.0374558879411	-0.0236870489885	-0.0418914655102	-0.0160925739755	-0.0351162804854	-0.00681123326589	-0.0121939458736	-0.00846216497513	0.0899905122739	-0.0380729877889	-0.0217426511004	-0.055099022858	-0.0983797440849	-0.0442303924767	-0.0455551355808	-0.0346304432766	-0.0648433757341	-0.110419244331	-0.140025534321	-0.101584842303	-0.114885851825	-0.124131469738	0.091037299075	-0.102702708287	-0.0555219696607
k__Bacteria;p__Bacteroidetes;c__Bacteroidia;o__Bacteroidales;f__Porphyromonadaceae;g__Barnesiella;s__Barnesiella_intestinihominis	-0.0202701221223	0.00764045684265	-0.0577740502395	0.0641121382195	0.00267092909509	-0.0508512028855	-0.0268651569271	0.0201133358565	0.0241185526082	-0.0532606116883	-0.004326184719	-0.049280356556	0.0762338241677	0.0103822215136	-0.0123343469625	0.0105300832799	-0.124858866731	0.0457621142264	1.0	-0.0324536586593	0.0643107473406	0.0155182258447	0.0236462603428	0.0736760690181	-0.0688010633858	-0.073240095811	0.0210892545411	-0.00365873801607	0.0408131897942	-0.134369596844	-0.0204795462211	-0.0578037063797	-0.0401615441023	-0.0929395809687	-0.0303118544593	-0.0152723112147	0.118097537777	-0.121714665342	-0.0595979742256	-0.0127088329384	0.00321103568145	-0.150681397952	-0.177472620373	-0.00472376482166	-0.0431858317047	-0.0726705423105	-0.0657306698464	0.0188493417723	0.00273157145081	-0.0696075728827	0.00748911687305	-0.0194429437925	-0.0282348498623	0.0610616948594	-0.0163643675626	-0.127975659048	-0.0299273872246	-0.0293041960931	-0.119964296743
k__Bacteria;p__Bacteroidetes;c__Bacteroidia;o__Bacteroidales;f__Odoribacteraceae;g__Odoribacter;s__Odoribacter_splanchnicus	0.0157405202321	-0.024873242789	-0.051081306208	-0.114882413553	-0.0431415397256	-0.0147878777275	-0.0996105555137	0.0151268372952	-0.0417436535814	-0.0500833826796	-0.103657843271	-0.0714726530325	-0.024738498146	-0.025020924189	-0.0620373161743	-0.0639523504331	-0.0677800610231	0.0149487786363	-0.0324536586593	1.0	-0.0356406640926	-0.0514468197446	-0.135804517804	-0.0490028907061	0.0106940856627	-0.0784299660051	0.0587729336937	-0.000320691103369	0.0138544556628	-0.00541328675142	0.105440060269	-0.0188986313332	-0.0985467768384	-0.0368770212892	-0.0754196825399	0.0557622609867	-0.0722019988036	-0.00280201530591	-0.0130470501868	-0.0602239087501	0.0506882288335	-0.0266267158228	-0.0430543554986	-0.114412682217	0.0404672082225	0.00984108180032	0.0691848399485	-0.0779484316922	-0.0737917212845	-0.102334633973	0.0192220241385	-0.00208657415749	0.0478166434502	-0.0138102954348	0.0119420961491	0.0330008321227	-0.126629098015	-0.0674766796298	0.0476416126857
k__Bacteria;p__Bacteroidetes;c__Bacteroidia;o__Bacteroidales;f__Bacteroidaceae;g__Bacteroides;s__Bacteroides_salyersiae	-0.073674947831	0.0608377091529	-0.035146154532	-0.0411917815964	-0.0492740433963	-0.00577528537744	0.0299670007075	-0.0132333092234	0.00070570004466	-0.00162562413194	0.0820103290587	-0.064566723413	0.0488704324944	-0.132380536059	-0.00912743743478	-0.0396983191595	-0.012835603232	-0.10136639892	0.0643107473406	-0.0356406640926	1.0	-0.0130534606771	0.0275645491119	-0.100843415886	0.0321928539776	-0.0859345126786	-0.0839916074926	0.0121376481491	-0.0715616776475	0.0200681223947	0.00432513836375	0.0633320417325	-0.12854272456	0.0287751079353	0.00748685286955	-0.019935844422	-0.0116614352878	-0.106764694057	-0.108869164097	-0.124746687462	-0.0667253766671	-0.0233795104439	-0.0464418660162	-0.0361716645124	0.0444147581271	0.00341992547148	0.0412962906081	-0.128701588323	-0.0810877005034	-0.09791513277	0.084091695017	-0.0156793668196	-0.0702662221551	-0.102562138592	-0.00624298022216	0.0321239859595	-0.0927300083431	-0.137310724691	-0.0762775736298
k__Bacteria;p__Firmicutes;c__Clostridia;o__Clostridiales;f__Ruminococcaceae;g__Ruminiclostridium;s__[Eubacterium]_siraeum	-0.0284440728649	-0.0855484445054	0.00471184668971	0.0202951801954	-0.0164467059511	-0.100442990404	0.00947641299163	0.0123475726757	-0.186925632671	-0.0613458371327	0.00611981555909	-0.110386750692	-0.0690301288442	0.0121907174411	-0.0777845702993	-0.0217492834864	0.0893420481651	0.02706590588	0.0155182258447	-0.0514468197446	-0.0130534606771	1.0	0.0161612821468	-0.0959863526127	-0.0309295525348	0.0564639215267	0.0111154424672	0.0162850694423	-0.0622964547289	-0.135987946667	-0.0677587852286	0.0326516022839	-0.0861675881223	0.0204164414465	0.0445681972096	-0.140558564529	0.0745805341286	-0.0731613775857	-0.0840810221632	-0.0606157163318	-0.0315731551895	0.0561704862106	-0.07367998446	-0.0743265476193	-0.00761873444645	-0.0141750847879	-0.00518588412022	-0.0502358211708	0.0371887835909	-0.0561652682882	0.00578793174705	-0.134406540098	0.0275133466298	0.0181088418264	-0.0409842241302	0.0432406271599	0.0164190409567	0.0105834130893	0.0312897096768
k__Bacteria;p__Proteobacteria;c__Betaproteobacteria;o__Burkholderiales;f__Sutterellaceae;g__Parasutterella;s__Parasutterella_excrementihominis	-0.0192953836124	-0.0247952042357	-0.0850834910396	-0.0800764730975	-0.0460258265078	0.051386077243	-0.0146994790372	-0.0144835656086	-0.0461845982891	-0.00967785512172	-0.0350515019893	-0.0264305813967	-0.0725775032016	-0.0277284161699	-0.0603548623417	-0.0969277448859	0.00454877226425	0.0827616892989	0.0236462603428	-0.135804517804	0.0275645491119	0.0161612821468	1.0	-0.0100391251447	-0.0349120253075	-0.0166108192762	0.0225563829905	-0.0306056115073	-0.112211702173	-0.0503126212814	-0.0608156016647	-0.0424123619821	0.0419908306226	-0.0750608831565	-0.0558531788939	0.0178428002868	0.0298568246687	-0.0892983743933	-0.0445217056563	-0.00702327049796	0.060763821164	0.0448282755873	0.083705504537	-0.12611604356	-0.0420103824725	-0.0401000356349	-0.110098174886	-0.0383679854229	-0.12598545295	-0.0744837334267	-0.0370862268	-0.0721495227061	-0.0150496850749	-0.0656751522339	-0.0483714244049	-0.109233234803	0.0757584269437	0.0923355688717	-0.00119104555094
k__Bacteria;p__Actinobacteria;c__Actinobacteria;o__Bifidobacteriales;f__Bifidobacteriaceae;g__Bifidobacterium;s__Bifidobacterium_adolescentis	-0.0343508536773	-0.00610636373116	-0.0540158026586	-0.0119252426227	-0.106716056583	-0.0652983860948	-0.051383160277	-5.58671704711e-05	-0.0498210230561	-0.0564334679589	-0.0773555125859	0.0612996762609	-0.0308916972584	0.0454631085847	-0.00516918535631	-0.044757213452	-0.00480000962927	0.0605519317201	0.0736760690181	-0.0490028907061	-0.100843415886	-0.0959863526127	-0.0100391251447	1.0	0.0096408370025	-0.0329237493977	-0.00907274478331	-0.0728627078355	-0.0389569044392	-0.0347569729392	0.0228801888361	-0.047140119092	0.0158832156412	-0.0591061829187	-0.0696294182393	-0.04450761455	0.0393004729219	-0.0484671750008	-0.0328367490033	-0.0254475226823	-0.0893342934195	-0.0402818889925	-0.186021091268	-0.025243283131	-0.0174209295262	-0.0432113688085	0.0601934286603	-0.106752376389	-0.0813166859262	-0.127700576864	0.0165810002414	-0.0615186376659	0.0588820761677	-0.043455373037	0.11053013363	0.021247825259	-0.0872936246029	-0.0431670878892	-0.0597508645495
k__Bacteria;p__Firmicutes;c__Clostridia;o__Clostridiales;f__Oscillospiraceae;g__Oscillibacter;s__Oscillibacter_sp._KLE_1745	-0.0620481575112	0.0143330457893	-0.0153140611516	-0.135672496608	-0.113152250548	-0.0592543481406	-0.105403293317	-0.0627960425987	0.0372029310593	0.0327634024767	-0.12091708301	-0.0231680078984	-0.0748485459237	-0.000723997940622	-0.0932621014169	-0.0804328496799	-0.0598617683755	-0.0825773179345	-0.0688010633858	0.0106940856627	0.0321928539776	-0.0309295525348	-0.0349120253075	0.0096408370025	1.0	0.0247322844456	-0.0872677584166	0.0376063448203	0.0126593613189	0.0288834227505	-0.0259115120441	-0.0735597386678	0.0582360848189	-0.0133211279137	0.0254867374182	0.0135021411079	-0.0995695728732	-0.0340844659003	-0.061380872688	0.0206189005373	-0.0034100674464	-0.0655165547308	0.0109092810576	-0.0398159981361	-0.0637918977291	-0.0786889022603	-0.0788269551616	-0.0347127758564	-0.0195546911996	-0.000209998419285	-0.0212465137876	0.0283742453668	0.0121603966797	0.0654574934752	-0.0117904836404	-0.0087012912146	0.0224368142124	-0.133451711603	-0.103371340884
k__Bacteria;p__Bacteroidetes;c__Bacteroidia;o__Bacteroidales;f__Bacteroidaceae;g__Bacteroides;s__Bacteroides_coprophilus	-0.0821759113142	-0.0346188813496	0.0140033247868	0.0373528383355	0.0284964530532	-0.124266899168	-0.0506423449332	-0.106384405205	0.0238210104122	-0.136766250216	0.101232845315	-0.0707108040014	0.165985997368	-0.0393196389074	-0.0632306606442	-0.0248290379823	-0.0760241151691	-0.0283360764947	-0.073240095811	-0.0784299660051	-0.0859345126786	0.0564639215267	-0.0166108192762	-0.0329237493977	0.0247322844456	1.0	0.0577180065618	-0.0511417658186	-0.00896435805995	-0.141797980254	-0.0653617223268	-0.07214203492	0.0287358705301	-0.0665254782993	0.0202039055588	-0.0238161251915	-0.14185042874	0.0707552414684	-0.0286694375814	0.00467887490413	-0.0625664122535	-0.025134795892	-0.000861952847128	-0.0924826494419	-0.0320416434427	-0.00554022726946	-0.00909914434276	-0.0383659651603	0.0279201056911	-0.0712733318241	-0.0954642829101	0.00226715143836	-0.0453699247235	-0.0271108848773	0.0233813219012	-0.00642423269649	-0.0226549096178	0.0268218637079	-0.0758407906743
k__Bacteria;p__Firmicutes;c__Clostridia;o__Clostridiales;f__Lachnospiraceae;g__Roseburia;s__Roseburia_intestinalis	-0.0512309555864	0.0542522096701	0.0123228752144	-0.00639247226716	-0.0600914216366	-0.0533916054706	0.0353256447458	-0.0265673699844	-0.0229199858782	-0.151614679158	-0.0733269858903	-0.111554047748	0.0304327429922	-0.0142042455431	-0.0587414305138	-0.0771635142812	-0.070158996767	0.0161808070976	0.0210892545411	0.0587729336937	-0.0839916074926	0.0111154424672	0.0225563829905	-0.00907274478331	-0.0872677584166	0.0577180065618	1.0	0.0541798604266	-0.0658568579532	0.00810029719386	-0.0427895931758	-0.00918918227223	-0.113146931962	0.0850327251625	-0.0588356839349	-0.0736623397797	0.00051986802783	-0.0399455304212	-0.069371332868	-0.0494286506382	-0.0200725269011	-0.131928889098	-0.121157979643	0.016025068062	-0.100576505783	-0.0979253575045	-0.0347098577758	0.0051366839164	-0.0344912576295	-0.0471523513201	-0.117959462234	0.00599144296011	-0.0825004747684	-0.0227969960703	-0.0743544921526	0.0874556281603	0.00764279748569	0.0440497930338	-0.0296054419466
k__Bacteria;p__Firmicutes;c__Clostridia;o__Clostridiales;f__Lachnospiraceae;g__Roseburia;s__Roseburia_hominis	-0.0220262817094	0.080428783818	0.0675100191183	-0.083510760469	-0.044336024123	0.00119421811961	-0.0557970364875	0.0342274077513	-0.0363035967365	-0.0342234494726	-0.0136540157221	-0.110076112608	-0.00250530393413	-0.103902923451	-0.127916664537	0.0208648131563	0.0396715217152	0.00261838629099	-0.00365873801607	-0.000320691103369	0.0121376481491	0.0162850694423	-0.0306056115073	-0.0728627078355	0.0376063448203	-0.0511417658186	0.0541798604266	1.0	-0.110990726003	-0.107563479469	-0.0309463292323	-0.112981194573	-0.0923664937859	-0.0539351533441	-0.0559128954795	-0.0512271890535	-0.0811851969628	-0.0246963491979	-0.00281974044582	-0.057704468889	-0.061645985706	0.067088253899	-0.0665521056516	0.0250215906619	-0.119632786727	-0.00349002892967	-0.0449250733265	0.0413078767243	-0.0639014673592	-0.026740267578	-0.0187690293274	0.0158409595915	-0.0650963867027	-0.0815526888956	-0.0476860032571	0.0754077382203	-0.0631402286823	-0.0324412764175	-0.0587654700884
k__Bacteria;p__Bacteroidetes;c__Bacteroidia;o__Bacteroidales;f__Porphyromonadaceae;g__Parabacteroides;s__Parabacteroides_johnsonii	-0.0241761029365	-0.0829266437412	0.0312904538284	0.0229882514488	0.0394597840297	0.0498987775904	0.0194664446755	0.0176301044097	0.0207826927232	0.0122488380962	-0.0225913776942	0.0600932551244	-0.0934944104895	-0.0724303401596	-0.0452340745834	-0.126749478333	0.0511466055923	0.0386262962492	0.0408131897942	0.0138544556628	-0.0715616776475	-0.0622964547289	-0.112211702173	-0.0389569044392	0.0126593613189	-0.00896435805995	-0.0658568579532	-0.110990726003	1.0	0.0412793444881	0.0232935900878	0.0967253571822	-0.0712320087956	0.0354650857184	-0.0208285414354	0.00740049830711	-0.0939560710286	-0.0952232938952	0.06551657701	0.0664572503568	-0.0918582068854	-0.126493716146	-0.0115450696657	-0.0761148961858	-0.0654217926962	-0.226504233236	0.0662851750691	-0.045185086271	-0.00520567249877	-0.0106974378055	-0.0991766099951	0.0146856261797	0.0432643352579	0.012825650329	-0.0124302893513	0.00762594851673	-0.0711903951384	-0.164402768067	-0.0767544177298
k__Bacteria;p__Actinobacteria;c__Actinobacteria;o__Bifidobacteriales;f__Bifidobacteriaceae;g__Bifidobacterium;s__Bifidobacterium_longum	0.109653515258	0.0230048714975	0.00257063772621	-0.167121561209	-0.130486926199	0.0833691797526	-0.0110698696873	-0.0655651482856	-0.0486063979009	-0.107596641568	-0.0509212590092	-0.115115292933	-0.028146211089	-0.0410784248186	0.16325247283	-0.0795549368191	0.0281093338238	0.0332252867161	-0.134369596844	-0.00541328675142	0.0200681223947	-0.135987946667	-0.0503126212814	-0.0347569729392	0.0288834227505	-0.141797980254	0.00810029719386	-0.107563479469	0.0412793444881	1.0	0.00631712765645	-0.0228121506653	-0.0714147084235	0.00508953236877	-0.0484591544779	-0.0102021950413	-0.0410923754264	0.0146736152194	0.107712991718	-0.0788451853947	-0.101897883772	-0.0504917715527	0.0425074455728	-0.039184420137	-0.0970906262015	0.0879809995479	-0.0746126629779	-0.0200495156077	0.0960865335729	-0.0698577403438	-0.0308635027444	-0.104476913923	-0.0301348213777	-0.0680303687204	0.0115746322767	0.0466107236917	-0.0727582043691	0.0257059250657	-0.102777329126
