#taxonomy	k__Bacteria;p__Bacteroidetes;c__Bacteroidia;o__Bacteroidales;f__Bacteroidaceae;g__Bacteroides;s__Bacteroides_vulgatus	k__Bacteria;p__Bacteroidetes;c__Bacteroidia;o__Bacteroidales;f__Bacteroidaceae;g__Bacteroides;s__Bacteroides_uniformis	k__Bacteria;p__Bacteroidetes;c__Bacteroidia;o__Bacteroidales;f__Rikenellaceae;g__Alistipes;s__Alistipes_putredinis	k__Bacteria;p__Bacteroidetes;c__Bacteroidia;o__Bacteroidales;f__Prevotellaceae;g__Prevotella;s__Prevotella_copri	k__Bacteria;p__Bacteroidetes;c__Bacteroidia;o__Bacteroidales;f__Bacteroidaceae;g__Bacteroides;s__Bacteroides_stercoris	k__Bacteria;p__Bacteroidetes;c__Bacteroidia;o__Bacteroidales;f__Bacteroidaceae;g__Bacteroides;s__Bacteroides_ovatus	k__Bacteria;p__Bacteroidetes;c__Bacteroidia;o__Bacteroidales;f__Rikenellaceae;g__Alistipes;s__Alistipes_shahii	k__Bacteria;p__Firmicutes;c__Clostridia;o__Clostridiales;f__Ruminococcaceae;g__Faecalibacterium;s__Faecalibacterium_prausnitzii	k__Bacteria;p__Bacteroidetes;c__Bacteroidia;o__Bacteroidales;f__Rikenellaceae;g__Alistipes;s__Alistipes_finegoldii	k__Bacteria;p__Bacteroidetes;c__Bacteroidia;o__Bacteroidales;f__Porphyromonadaceae;g__Parabacteroides;s__Parabacteroides_distasonis	k__Bacteria;p__Bacteroidetes;c__Bacteroidia;o__Bacteroidales;f__Bacteroidaceae;g__Bacteroides;s__Bacteroides_thetaiotaomicron	k__Bacteria;p__Bacteroidetes;c__Bacteroidia;o__Bacteroidales;f__Bacteroidaceae;g__Bacteroides;s__Bacteroides_coprocola	k__Bacteria;p__Bacteroidetes;c__Bacteroidia;o__Bacteroidales;f__Bacteroidaceae;g__Bacteroides;s__Bacteroides_cellulosilyticus	k__Bacteria;p__Bacteroidetes;c__Bacteroidia;o__Bacteroidales;f__Rikenellaceae;g__Alistipes;s__Alistipes_obesi	k__Bacteria;p__Firmicutes;c__Clostridia;o__Clostridiales;f__Lachnospiraceae;g__;s__[Eubacterium]_rectale	k__Bacteria;p__Bacteroidetes;c__Bacteroidia;o__Bacteroidales;f__Bacteroidaceae;g__Bacteroides;s__Bacteroides_plebeius	k__Bacteria;p__Bacteroidetes;c__Bacteroidia;o__Bacteroidales;f__Bacteroidaceae;g__Bacteroides;s__Bacteroides_fragilis	k__Bacteria;p__Proteobacteria;c__Betaproteobacteria;o__Burkholderiales;f__Sutterellaceae;g__Sutterella;s__Sutterella_wadsworthensis	k__Bacteria;p__Bacteroidetes;c__Bacteroidia;o__Bacteroidales;f__Porphyromonadaceae;g__Barnesiella;s__Barnesiella_intestinihominis	k__Bacteria;p__Bacteroidetes;c__Bacteroidia;o__Bacteroidales;f__Odoribacteraceae;g__Odoribacter;s__Odoribacter_splanchnicus	k__Bacteria;p__Bacteroidetes;c__Bacteroidia;o__Bacteroidales;f__Bacteroidaceae;g__Bacteroides;s__Bacteroides_salyersiae	k__Bacteria;p__Firmicutes;c__Clostridia;o__Clostridiales;f__Ruminococcaceae;g__Ruminiclostridium;s__[Eubacterium]_siraeum	k__Bacteria;p__Proteobacteria;c__Betaproteobacteria;o__Burkholderiales;f__Sutterellaceae;g__Parasutterella;s__Parasutterella_excrementihominis	k__Bacteria;p__Actinobacteria;c__Actinobacteria;o__Bifidobacteriales;f__Bifidobacteriaceae;g__Bifidobacterium;s__Bifidobacterium_adolescentis	k__Bacteria;p__Firmicutes;c__Clostridia;o__Clostridiales;f__Oscillospiraceae;g__Oscillibacter;s__Oscillibacter_sp._KLE_1745	k__Bacteria;p__Bacteroidetes;c__Bacteroidia;o__Bacteroidales;f__Bacteroidaceae;g__Bacteroides;s__Bacteroides_coprophilus	k__Bacteria;p__Firmicutes;c__Clostridia;o__Clostridiales;f__Lachnospiraceae;g__Roseburia;s__Roseburia_intestinalis	k__Bacteria;p__Firmicutes;c__Clostridia;o__Clostridiales;f__Lachnospiraceae;g__Roseburia;s__Roseburia_hominis	k__Bacteria;p__Bacteroidetes;c__Bacteroidia;o__Bacteroidales;f__Porphyromonadaceae;g__Parabacteroides;s__Parabacteroides_johnsonii	k__Bacteria;p__Actinobacteria;c__Actinobacteria;o__Bifidobacteriales;f__Bifidobacteriaceae;g__Bifidobacterium;s__Bifidobacterium_longum	k__Bacteria;p__Firmicutes;c__Clostridia;o__Clostridiales;f__;g__Flavonifractor;s__Flavonifractor_plautii	k__Bacteria;p__Firmicutes;c__Clostridia;o__Clostridiales;f__Clostridiaceae;g__Clostridium;s__Clostridium_phoceensis	k__Bacteria;p__Verrucomicrobia;c__Verrucomicrobiae;o__Verrucomicrobiales;f__Akkermansiaceae;g__Akkermansia;s__Akkermansia_muciniphila	k__Bacteria;p__Bacteroidetes;c__Bacteroidia;o__Bacteroidales;f__Prevotellaceae;g__Paraprevotella;s__Paraprevotella_xylaniphila	k__Bacteria;p__Firmicutes;c__Clostridia;o__Clostridiales;f__Ruminococcaceae;g__Ruminococcus;s__Ruminococcus_callidus	k__Bacteria;p__Bacteroidetes;c__Bacteroidia;o__Bacteroidales;f__Rikenellaceae;g__Alistipes;s__Alistipes_senegalensis	k__Bacteria;p__Firmicutes;c__Clostridia;o__Clostridiales;f__Lachnospiraceae;g__Blautia;s__Blautia_sp._KLE_1732	k__Bacteria;p__Bacteroidetes;c__Bacteroidia;o__Bacteroidales;f__Bacteroidaceae;g__Bacteroides;s__Bacteroides_oleiciplenus	k__Bacteria;p__Firmicutes;c__Clostridia;o__Clostridiales;f__Ruminococcaceae;g__Ruminococcus;s__Ruminococcus_bicirculans	k__Bacteria;p__Bacteroidetes;c__Bacteroidia;o__Bacteroidales;f__Bacteroidaceae;g__Bacteroides;s__Bacteroides_fluxus	k__Bacteria;p__Bacteroidetes;c__Bacteroidia;o__Bacteroidales;f__Prevotellaceae;g__Prevotella;s__Prevotella_stercorea	k__Bacteria;p__Firmicutes;c__Clostridia;o__Clostridiales;f__Lachnospiraceae;g__Dorea;s__Dorea_longicatena	k__Bacteria;p__Firmicutes;c__Clostridia;o__Clostridiales;f__Eubacteriaceae;g__Eubacterium;s__[Eubacterium]_eligens	k__Bacteria;p__Firmicutes;c__Clostridia;o__Clostridiales;f__Ruminococcaceae;g__;s__Ruminococcaceae_bacterium_D16	k__Bacteria;p__Firmicutes;c__Clostridia;o__Clostridiales;f__Lachnospiraceae;g__Coprococcus;s__Coprococcus_comes	k__Bacteria;p__Proteobacteria;c__Gammaproteobacteria;o__Enterobacterales;f__Enterobacteriaceae;g__Escherichia;s__Escherichia_coli	k__Bacteria;p__Firmicutes;c__Clostridia;o__Clostridiales;f__Ruminococcaceae;g__Anaerotruncus;s__Anaerotruncus_colihominis	k__Bacteria;p__Firmicutes;c__Clostridia;o__Clostridiales;f__Lachnospiraceae;g__Blautia;s__Blautia_obeum	k__Bacteria;p__Bacteroidetes;c__Bacteroidia;o__Bacteroidales;f__Odoribacteraceae;g__Odoribacter;s__Odoribacter_laneus	k__Bacteria;p__Firmicutes;c__Clostridia;o__Clostridiales;f__Ruminococcaceae;g__Ruminiclostridium;s__[Clostridium]_leptum	k__Bacteria;p__Bacteroidetes;c__Bacteroidia;o__Bacteroidales;f__Porphyromonadaceae;g__Parabacteroides;s__Parabacteroides_goldsteinii	k__Bacteria;p__Firmicutes;c__Clostridia;o__Clostridiales;f__Lachnospiraceae;g__Anaerostipes;s__Anaerostipes_hadrus	k__Bacteria;p__Firmicutes;c__Clostridia;o__Clostridiales;f__Ruminococcaceae;g__Ruminococcus;s__Ruminococcus_lactaris	k__Bacteria;p__Firmicutes;c__Clostridia;o__Clostridiales;f__Clostridiaceae;g__Clostridium;s__Clostridium_sp._L2-50	k__Bacteria;p__Firmicutes;c__Clostridia;o__Clostridiales;f__Clostridiaceae;g__Clostridium;s__Clostridium_sp._M62/1	k__Bacteria;p__Firmicutes;c__Clostridia;o__Clostridiales;f__;g__Intestinimonas;s__Intestinimonas_butyriciproducens	k__Bacteria;p__Actinobacteria;c__Actinobacteria;o__Bifidobacteriales;f__Bifidobacteriaceae;g__Bifidobacterium;s__Bifidobacterium_bifidum	k__Bacteria;p__Firmicutes;c__Negativicutes;o__Veillonellales;f__Veillonellaceae;g__Dialister;s__Dialister_invisus	k__Bacteria;p__Bacteroidetes;c__Bacteroidia;o__Bacteroidales;f__Bacteroidaceae;g__Bacteroides;s__Bacteroides_salanitronis
k__Bacteria;p__Bacteroidetes;c__Bacteroidia;o__Bacteroidales;f__Bacteroidaceae;g__Bacteroides;s__Bacteroides_vulgatus	1.0	-0.126084898834	-0.0874962163179	-0.00367268205253	0.0101424841371	-0.0381797864396	0.00565601481591	-0.0328924905298	0.0412747631221	0.061302322124	-0.0926816823633	-0.0348714562015	-0.0537576036892	-0.00492064637022	0.0610644839677	0.00780093834627	-0.0150889174076	-0.0366451613687	0.014631859372	0.0688367696499	-0.0445368677361	-0.0898842162878	0.00197351124857	-0.0169573902307	-0.0352915375255	-0.0190056674839	-0.077487365303	-0.0509639425098	-0.0477163998588	-0.0700679874702	0.00129668658335	0.0925985058942	-0.0592901786822	0.0354576464025	-0.0940808199497	0.0109549915127	-0.0035496370196	0.00226148414687	-0.0459630286659	-0.0499045183226	0.0666262667151	-0.0215066418804	0.0488015512184	-0.0312392625377	0.0405654101506	-0.172949110613	-0.0484780794205	-0.00217929226645	-0.090208248634	-0.0886001911572	0.0260490451762	-0.0157202764168	-0.0116852943471	-0.128293166458	-0.0549808711813	-0.0597111936353	0.101564422065	0.0305637763135	-0.0510021211569
k__Bacteria;p__Bacteroidetes;c__Bacteroidia;o__Bacteroidales;f__Bacteroidaceae;g__Bacteroides;s__Bacteroides_uniformis	-0.126084898834	1.0	-0.0656939326412	0.0385029390197	-0.0580253432247	-0.082433995993	-0.0373821781793	-0.000570676908178	-0.0239632106528	-0.0201320455568	0.0090685558931	-0.0170280412161	0.0285762705362	-0.0375272366279	-0.0843529983013	-0.0713181221616	-0.0910282642692	-0.100044946638	0.00229703525233	0.0279467889744	-0.0282723032025	0.0572324754001	0.0923583738888	-0.0514909517829	0.0308381481239	-0.0169552556792	-0.0706287851859	-0.0272810484864	-0.00246424583333	-0.113277158242	0.0781919008014	-0.0224729260716	0.00448099605924	0.0576975019566	-0.0615921807737	-0.0333597539046	-0.0972024872025	0.0129755587439	-0.0800457538428	0.0671963311435	-0.00268841615671	-0.0566110128711	-0.0688895710511	-0.0277108174646	0.00222061671624	0.0213945647898	-0.0398714034683	-0.064516413361	0.0276355740021	0.0375436277401	-0.133278470608	0.00537661623367	0.00441211590127	-0.0174060170556	-0.119031673479	-0.0800422991813	0.0200883204747	0.021676809971	-0.0159855878464
k__Bacteria;p__Bacteroidetes;c__Bacteroidia;o__Bacteroidales;f__Rikenellaceae;g__Alistipes;s__Alistipes_putredinis	-0.0874962163179	-0.0656939326412	1.0	-0.0560296245009	-0.00758743394247	-0.0457961554063	0.00109143811897	-0.0240165530257	0.0755800487458	0.0191686604915	-0.0205511224696	0.00709936330497	-0.0793710551025	-0.0154596902971	-0.0671939965429	0.0513680089485	-0.0250933056383	-0.0143213127161	0.0844369163936	-0.0914242438323	-0.115506271046	0.0358738486982	0.0680572435899	-0.00398570025695	-0.0951990700338	-0.000251285128522	-0.0105329498684	-0.0898107946763	-0.0413300975496	-0.0739087284457	0.0237183851677	-0.031953801212	-0.0539373187734	-0.147326309101	0.0254743630284	-0.0622521398817	-0.0964383837006	-0.0496004973864	-0.021406583868	0.0122992171649	-0.140961403653	0.0475253460187	0.120414200597	-0.0214473312108	0.0197822200946	-0.0201289685844	-0.132997114846	-0.0974727249049	-0.058613138384	-0.00586956049248	-0.0452125075133	-0.0174450520673	0.0530835618448	-0.0287225376249	0.0661792486151	-0.021725196546	-0.0535870142424	-0.0676453649301	-0.126319152207
k__Bacteria;p__Bacteroidetes;c__Bacteroidia;o__Bacteroidales;f__Prevotellaceae;g__Prevotella;s__Prevotella_copri	-0.00367268205253	0.0385029390197	-0.0560296245009	1.0	0.0124835224655	0.00583441332907	-0.0233149743344	0.00283331697494	0.0168746438579	-0.0532264936204	-0.101981752045	-0.0438003195426	0.0932761297477	0.0911486029884	0.0263904472687	-0.0992864151827	-0.0738065559586	-0.0806567273777	0.00730210309421	0.0839022359658	0.0523356349688	-0.0394990236654	-0.0849855759735	-0.215142803701	0.145421660912	-0.0370512846248	-0.0024535603578	-0.0167807033496	-0.0467338165073	-0.114612134617	0.0576674961132	0.0458072357302	-0.0525918357554	-0.0717021124777	-0.0401817086823	-0.0470224302446	0.0517829427622	-0.0975036918474	-0.065314444201	-0.0647991451557	0.0551721863915	-0.15605235284	-0.0839421422438	0.206764718963	-0.0486688211708	-0.0548832217414	-0.00126818491374	-0.00466965251286	-0.102195877052	0.037705572792	-0.0370033170431	0.0151293030128	-0.0624496585204	-0.0135687273768	0.0862542761072	0.0211088805009	-0.00784325878355	-0.00759590664017	0.0187480481408
k__Bacteria;p__Bacteroidetes;c__Bacteroidia;o__Bacteroidales;f__Bacteroidaceae;g__Bacteroides;s__Bacteroides_stercoris	0.0101424841371	-0.0580253432247	-0.00758743394247	0.0124835224655	1.0	0.0516949920142	-0.125034864142	-0.0552588605566	-0.0518161286902	0.0406761265696	0.0927189415667	-0.1067132085	0.0112450469595	-0.0243889656497	-0.115881239213	0.120400106591	0.0704515615866	-0.0785410359203	-0.174745053599	0.0260758073891	-0.0663257521576	-0.0736859650288	-0.013226309067	-0.00672340323395	-0.0308993942467	0.014060394225	0.0879430129131	0.0323516474876	-0.0333890256988	-0.110970146116	-0.0765094469408	0.01927508458	0.056845661541	-0.108552454001	-0.0176085133731	0.0680452735005	0.085508782502	-0.0609872131834	0.00538045790182	-0.0519338645854	-0.00512095489083	0.0266417613089	-0.00696588407823	-0.0688789059692	-0.00296688412139	-0.0394593997667	-0.0679370813631	-0.0712622376498	-0.0515038613874	0.0118843248477	-0.0525966367051	-0.038440859259	-0.0494304488487	-0.0468306064945	-0.067468856332	-0.0119150721299	-0.0836970621254	-0.0108930839062	-0.0618835948394
k__Bacteria;p__Bacteroidetes;c__Bacteroidia;o__Bacteroidales;f__Bacteroidaceae;g__Bacteroides;s__Bacteroides_ovatus	-0.0381797864396	-0.082433995993	-0.0457961554063	0.00583441332907	0.0516949920142	1.0	-0.022564698213	-0.0488593974316	-0.0741343135319	0.0652040081271	-0.00320508155125	0.0130898535505	-0.065075376277	0.0492761898143	0.101087982482	-0.0303143461881	-0.0639828401618	0.00181689148904	-0.0331310071974	-0.0103985874354	0.0126062547819	-0.110222228603	-0.0262391568856	-0.108628766617	0.0928566006122	-0.00260964033195	-0.0594287912323	-0.0151178556255	-0.023330946515	-0.068147654621	-0.105006580086	-0.0734086454629	-0.0486511427063	-0.117527374007	-0.0443978445396	0.0104277174992	-0.028031652782	-0.00174031119224	-0.029690933046	-0.113674415594	0.146827441619	-0.0865767641413	-0.125549315231	0.12579827587	-0.0051091911343	0.0243360685839	-0.0707890617734	0.0380472506841	-0.0295225434262	-0.0792504166552	0.0103907928359	-0.0552469973408	-0.0691394860765	0.00622417343683	0.0262497785459	-0.0768552893237	0.032765367587	-0.0560680677247	0.00610500705869
k__Bacteria;p__Bacteroidetes;c__Bacteroidia;o__Bacteroidales;f__Rikenellaceae;g__Alistipes;s__Alistipes_shahii	0.00565601481591	-0.0373821781793	0.00109143811897	-0.0233149743344	-0.125034864142	-0.022564698213	1.0	5.5872506054e-05	0.0796083050875	-0.0194941984154	-0.0351352073407	0.0285373620492	0.0203898372366	0.0303735359932	-0.0252980124	0.0880365575305	0.0404105352667	-0.0223923935823	-0.0565565097084	-0.00862278605606	0.0869430573489	-0.0667005379275	0.0662023828318	-0.0593267377556	-0.100467171911	0.0404939091698	-0.0556891256849	-0.0999938953548	-0.0878123654089	-0.0578206480706	-0.0511209439286	-0.0453818002576	-0.0063173001597	0.0462695740659	-0.0959014650539	-0.0815816433388	-0.0219665186441	-0.0083692827183	0.0433316329826	-0.0274387028079	-0.0402757037903	0.0264236540825	-0.0466706782834	-0.0197528017581	-0.0329882025554	-0.0235048106756	0.0815095051249	-0.0235707398218	-0.0717397839006	-0.0222279090647	-0.0110619873755	-0.112690549024	-0.0947961395665	0.0129672439754	-0.0754134812153	-0.0426978261639	-0.0254474583244	-0.0398980828177	-0.00379122607682
k__Bacteria;p__Firmicutes;c__Clostridia;o__Clostridiales;f__Ruminococcaceae;g__Faecalibacterium;s__Faecalibacterium_prausnitzii	-0.0328924905298	-0.000570676908178	-0.0240165530257	0.00283331697494	-0.0552588605566	-0.0488593974316	5.5872506054e-05	1.0	-0.0682470543601	-0.0328050699995	0.0477449021016	-0.0115773684834	-0.0550359978471	-0.0223881737009	-0.085415625509	-0.0114850127655	-0.0363314786218	0.0599410583021	0.00718481497614	-0.017321759803	0.0218936295865	0.00771954232359	-0.0731509313596	0.0447821265702	-0.0622402075489	-0.147990685698	-0.0918463221443	0.00310115404437	-0.108013662244	-0.102391756027	-0.0104403685765	-0.0741369792641	-0.00266817994334	-0.0778707382803	-0.068820176995	-0.0153297694195	-0.00322048110979	-0.0826381316112	0.0153726764771	0.00761093303987	0.0570718507074	-0.0258714066985	0.0087860700797	-0.0877442322753	-0.0799887232809	0.0954095339104	0.0794402275857	-0.0475423574474	0.000595685805985	0.141009994545	-0.0524998176063	0.00909785035982	-0.126511825556	0.0337888475084	-0.0515975592077	-0.0514689567487	-0.0535779110451	0.00375255716967	-0.0533419481091
k__Bacteria;p__Bacteroidetes;c__Bacteroidia;o__Bacteroidales;f__Rikenellaceae;g__Alistipes;s__Alistipes_finegoldii	0.0412747631221	-0.0239632106528	0.0755800487458	0.0168746438579	-0.0518161286902	-0.0741343135319	0.0796083050875	-0.0682470543601	1.0	-0.039053944971	-0.0468598814367	-0.107941938733	-0.0519847089725	-0.0193764981673	0.0361508446633	-0.109828516091	0.065335956356	-0.00316712717997	-0.120637864586	-0.0422021117465	-0.0171290388767	-0.0229395249354	-0.0573519957641	0.0587012542389	-0.0377883298976	0.0239804403408	-0.0935641129097	-0.0227133559797	-0.0572288687234	-0.039840322925	-0.0471573136512	0.0319185585524	-0.0911895789586	-0.0271599227393	-0.0499424327791	-0.0592056507329	-0.0624201965699	-0.0898191398847	-0.00179280554043	0.0251174957596	-0.124057213027	0.0228014224618	-0.00258967792003	-0.0332395148033	0.0054806659675	-0.0439272509146	-0.0044313741568	0.0254046592555	-0.0653301014277	-0.0499251459206	0.0292586381733	-0.00506537054119	0.0222128056421	0.00491786682984	-0.0677144213867	-0.0739578704913	-0.0499282276289	0.0207139759398	-0.119202957407
k__Bacteria;p__Bacteroidetes;c__Bacteroidia;o__Bacteroidales;f__Porphyromonadaceae;g__Parabacteroides;s__Parabacteroides_distasonis	0.061302322124	-0.0201320455568	0.0191686604915	-0.0532264936204	0.0406761265696	0.0652040081271	-0.0194941984154	-0.0328050699995	-0.039053944971	1.0	-0.0306113410158	-0.0144331153323	-0.140782732584	-0.0146219883695	0.0953086755007	0.0561396236909	-0.0227459595612	0.0153974517776	0.0129178780407	0.0134882470391	-0.0522691768976	-0.014011754226	-0.136064599024	3.63856003766e-05	0.0580114380688	-0.0111944631477	-0.0093967315911	-0.0880490390269	-0.0207844882557	-0.0498798911721	0.00447629369072	-0.00583035807745	-0.0683921535726	-0.119142258932	-0.00500620754539	-0.111592796877	0.00557412311795	-0.0613389708207	-0.0695432444471	0.0442566750233	0.0635579460988	-0.0056629077231	-0.0454235206215	-0.0522551606026	-0.0824081180857	0.00112852207884	-0.0852568462165	-0.0681868130304	-0.118298220037	-0.0249254632118	-0.0870662115603	-0.125660471181	-0.0415078192384	0.021928973463	-0.045647927842	0.0451279299731	-0.0698613961372	0.0927999706017	0.0939373193685
k__Bacteria;p__Bacteroidetes;c__Bacteroidia;o__Bacteroidales;f__Bacteroidaceae;g__Bacteroides;s__Bacteroides_thetaiotaomicron	-0.0926816823633	0.0090685558931	-0.0205511224696	-0.101981752045	0.0927189415667	-0.00320508155125	-0.0351352073407	0.0477449021016	-0.0468598814367	-0.0306113410158	1.0	0.0253315024599	-0.0895591353502	-0.00255862559113	-0.0051576927079	-0.012127123795	0.00248875041157	-0.0194293445183	-0.00907882962835	0.00560836755385	0.0314075426378	-0.043333503471	-0.0205183172017	-0.0782837022416	-0.119942429052	0.0292892460252	-0.00480822411889	0.0403607573651	-0.0306390613612	-0.073212710885	-0.0934899476987	-0.066699471108	0.0111169979695	-0.0834832019728	0.100096172819	-0.0162066429523	0.0121226441569	-0.0719379285147	-0.00568597138097	-0.0753935664178	-0.0605552919922	0.0346165084236	-0.0246600406798	-0.0862774865608	0.0845145296055	0.0411551184528	-0.118153473048	-0.0163404607947	-0.0477381134245	0.057056314612	0.072020125219	-0.0292098916657	-0.0461596604674	-0.0413171713705	-0.0885463145914	-0.0575551906383	-0.0744140619317	-0.0414608438859	-0.049359273865
k__Bacteria;p__Bacteroidetes;c__Bacteroidia;o__Bacteroidales;f__Bacteroidaceae;g__Bacteroides;s__Bacteroides_coprocola	-0.0348714562015	-0.0170280412161	0.00709936330497	-0.0438003195426	-0.1067132085	0.0130898535505	0.0285373620492	-0.0115773684834	-0.107941938733	-0.0144331153323	0.0253315024599	1.0	-0.0660071894465	-0.0690709810571	-0.0206476510887	-0.0554491250606	0.0634760478334	-0.0341820181599	0.0206462578334	-0.0875943329535	-0.0136130637405	0.0330806177963	-0.11271709254	0.0583033840318	-0.0643453599958	-0.0774476070781	-0.022016807152	0.0156018975263	0.0553948193926	0.0374874439231	-0.118636822059	-0.0396440256154	0.0217947538543	-0.0329493213572	-0.0939355086693	0.00185896210369	-0.00549997790674	-0.00367482360987	0.00433121445721	-0.00652553173305	-0.0138613566437	0.0929212032235	0.0406229060083	0.00203296078445	-0.105102598123	0.00188808044856	0.00633382394577	0.0363577344166	-0.0653285004054	-0.0681411899752	-0.0744542155126	-0.00979180105379	-0.0822891784526	-0.0204215617941	-0.0437242663375	-0.109277486639	-0.0497458657826	-0.043989330272	-0.0510661515619
k__Bacteria;p__Bacteroidetes;c__Bacteroidia;o__Bacteroidales;f__Bacteroidaceae;g__Bacteroides;s__Bacteroides_cellulosilyticus	-0.0537576036892	0.0285762705362	-0.0793710551025	0.0932761297477	0.0112450469595	-0.065075376277	0.0203898372366	-0.0550359978471	-0.0519847089725	-0.140782732584	-0.0895591353502	-0.0660071894465	1.0	-0.00200769358002	-0.0526832491347	-0.0890907508759	0.0833605302938	-0.0581181433014	0.0357465318411	-0.0367707513305	-0.113274865223	0.0718734836329	0.0827417388494	-0.137632295866	-0.158221209179	0.0979055913149	-0.0786804621581	0.0223713519046	-0.0751830935363	0.00132882742477	-0.0530716939541	-0.0488667000047	0.02259103221	-0.0688204555989	0.00522121983917	0.00226036487138	0.0473766038221	0.130839578653	-0.0357695018068	0.00153950504999	-0.0820143735843	0.0143976825089	-0.0538257908458	0.0320826889191	-0.0580103577322	0.0811406045731	-0.104979906283	-0.010303340397	-0.0705929552035	-0.0680714520992	-0.0364223524079	0.107876652188	-0.0123433586637	0.0511058923763	-0.0359335151256	0.0931200724802	-0.0659584579644	0.0305862464264	0.072746936172
k__Bacteria;p__Bacteroidetes;c__Bacteroidia;o__Bacteroidales;f__Rikenellaceae;g__Alistipes;s__Alistipes_obesi	-0.00492064637022	-0.0375272366279	-0.0154596902971	0.0911486029884	-0.0243889656497	0.0492761898143	0.0303735359932	-0.0223881737009	-0.0193764981673	-0.0146219883695	-0.00255862559113	-0.0690709810571	-0.00200769358002	1.0	-0.128128074683	-0.0675236132714	-0.102119650458	-0.0657539942933	0.0164808978525	-0.0571112017171	-0.0533485035059	-0.0216216458923	-0.101039117937	-0.0506526795999	-0.00136414528051	-0.137162671318	-0.111082052187	-0.0273423165373	-0.0451732768612	-0.00996704031284	0.033506421156	0.0335118943199	-0.048876388054	-0.0908225461	-0.0229257702197	-0.0622272801171	-0.09273777997	-0.0787828496686	-0.023431815903	-0.0941096498796	0.00597976053393	-0.0725189831565	-0.00739245129824	-0.0531801046476	-0.00741674134165	0.0295163049743	0.0166575044978	-0.00140787764839	-0.0815419746765	0.0465934667127	-0.0936715202265	-0.0780526176699	-0.0157760610568	0.0432934624276	0.00875493207031	-0.0537499297003	-0.0596809904575	-0.0381078995526	-0.0700920434491
k__Bacteria;p__Firmicutes;c__Clostridia;o__Clostridiales;f__Lachnospiraceae;g__;s__[Eubacterium]_rectale	0.0610644839677	-0.0843529983013	-0.0671939965429	0.0263904472687	-0.115881239213	0.101087982482	-0.0252980124	-0.085415625509	0.0361508446633	0.0953086755007	-0.0051576927079	-0.0206476510887	-0.0526832491347	-0.128128074683	1.0	0.0695085606523	-0.0818081644591	0.0231692890602	-0.0509362086955	-0.0119812972324	-0.0298104008673	-0.0881278907517	-0.0647502010301	-0.138172560336	-0.00452451185758	-0.0329283305183	0.0955224022841	-0.0404036295016	-0.0637602211123	-0.0261395499382	0.0606418595456	-0.0335299350979	-0.0218034154535	-0.0622966801335	0.0731373411601	-0.0435610146528	0.0356283759522	-0.0654353065468	0.0329884251759	-0.138352530634	-0.00196052907018	-0.0810244525867	0.000349997802442	-0.0549555186186	-0.0630300108696	-0.137172798235	0.02833348681	-0.0850769529204	0.031417012713	-0.0198641395384	0.117971124851	0.0362429505336	0.0157012191912	0.00201847206376	0.00050809322233	0.0392584988133	0.0101298255075	-0.0756312177258	-0.120257484322
k__Bacteria;p__Bacteroidetes;c__Bacteroidia;o__Bacteroidales;f__Bacteroidaceae;g__Bacteroides;s__Bacteroides_plebeius	0.00780093834627	-0.0713181221616	0.0513680089485	-0.0992864151827	0.120400106591	-0.0303143461881	0.0880365575305	-0.0114850127655	-0.109828516091	0.0561396236909	-0.012127123795	-0.0554491250606	-0.0890907508759	-0.0675236132714	0.0695085606523	1.0	0.0178452168227	-0.0245150544561	0.0181332559022	-0.00837433977674	-0.0656164529237	0.05059519801	0.0220695010013	0.0826323770301	0.0118736749981	-0.037298463096	0.0497059941335	-0.0606092974918	-0.191027337193	-0.0120928477634	-0.0780434131677	-0.1559053144	0.0088313449416	-0.0793959442625	0.0306862210658	-0.118282878021	-0.00641463906983	-0.0101823293304	-0.03290840796	-0.0235070368597	-0.0761949064456	-0.0144849070503	0.0705037664868	0.0193959246135	-0.0924759104734	-0.0176078129094	-0.0857115278061	-0.0901987558635	0.026988011345	-0.00474198254635	-0.091130066209	0.00034971369741	-0.0657300033805	0.027561101556	-0.00774611390955	0.000103046792277	-0.105204693942	0.00911437858992	-0.130063811733
k__Bacteria;p__Bacteroidetes;c__Bacteroidia;o__Bacteroidales;f__Bacteroidaceae;g__Bacteroides;s__Bacteroides_fragilis	-0.0150889174076	-0.0910282642692	-0.0250933056383	-0.0738065559586	0.0704515615866	-0.0639828401618	0.0404105352667	-0.0363314786218	0.065335956356	-0.0227459595612	0.00248875041157	0.0634760478334	0.0833605302938	-0.102119650458	-0.0818081644591	0.0178452168227	1.0	-0.0436378678773	-0.0028458186776	-0.0661078713801	-0.00626252233262	-0.120975699431	0.062583448322	-0.0385454317276	-0.0495907919658	-0.0570209449032	0.0169111929799	0.00932641755503	-0.0355095683507	0.00393532364371	0.00224697842197	-0.166002001968	-0.00357732733479	0.00875821788788	-0.099001493428	-0.0244081685243	-0.0101051831656	-0.0711093368937	-0.106689145452	-0.0932681209727	-0.0740116571577	0.088270608301	-0.0577775052575	-0.0810171379218	-0.0238012897038	-0.107965970318	-0.103662837725	-0.057822747638	-0.0726474431856	-0.0305536946046	0.0135730751882	0.0507965662183	-0.0320139819943	-0.0286207709232	0.0965320926211	-0.0785330363626	0.0437196204122	0.0441430438658	-0.0687783225992
k__Bacteria;p__Proteobacteria;c__Betaproteobacteria;o__Burkholderiales;f__Sutterellaceae;g__Sutterella;s__Sutterella_wadsworthensis	-0.0366451613687	-0.100044946638	-0.0143213127161	-0.0806567273777	-0.0785410359203	0.00181689148904	-0.0223923935823	0.0599410583021	-0.00316712717997	0.0153974517776	-0.0194293445183	-0.0341820181599	-0.0581181433014	-0.0657539942933	0.0231692890602	-0.0245150544561	-0.0436378678773	1.0	-0.10230170837	-0.00789123839129	0.0116733675243	-0.0111614828772	0.016485080749	-0.076778189867	0.0760497508935	-0.0262414273767	-0.00853994837427	-0.0421413699715	0.0010286116699	-0.0511737439871	-0.0367117674025	-0.125869387138	0.00711172513652	0.0860571867709	-0.0758375629793	-0.0550616379916	0.047205710714	0.0329601626968	-0.0287301797782	-0.0860103433579	-0.011585016693	-0.0315193485955	0.0505600729246	-0.0251117167778	-0.0495764403639	-0.0490262585276	-0.119801425738	-0.100491895233	-0.142115839686	0.034751073358	0.0481901910587	-0.0668835559796	0.0555866326378	-0.055929365776	-0.0505050269332	-0.0400712685548	0.0401430668348	0.0230829126731	-0.0373670826091
k__Bacteria;p__Bacteroidetes;c__Bacteroidia;o__Bacteroidales;f__Porphyromonadaceae;g__Barnesiella;s__Barnesiella_intestinihominis	0.014631859372	0.00229703525233	0.0844369163936	0.00730210309421	-0.174745053599	-0.0331310071974	-0.0565565097084	0.00718481497614	-0.120637864586	0.0129178780407	-0.00907882962835	0.0206462578334	0.0357465318411	0.0164808978525	-0.0509362086955	0.0181332559022	-0.0028458186776	-0.10230170837	1.0	-0.0626913510214	-0.0803515619667	0.0381393690884	-0.000641525569106	-0.0727013525688	0.042905592839	0.0217732209156	0.031386933683	-0.0152052172003	-0.0400236686321	-0.120746834953	-0.0224371533886	-0.0646871466822	-0.098009128142	-0.0302572007663	0.0118092611461	-0.0964491914484	-0.0850536000248	-0.038186670459	-0.0423352578399	-0.00563747379905	-0.0113393579513	0.0212954673919	-0.0457684293733	-0.113307138565	-0.0385593810289	-0.0143857066969	-0.0542520765684	0.0110546011824	0.053887697262	-0.0248580951682	-0.0314071512639	0.00790824004773	0.0238408856205	-0.0982221445465	-0.12203484534	0.0797437977752	-0.0628828911927	0.0916796455657	-0.0234030724028
k__Bacteria;p__Bacteroidetes;c__Bacteroidia;o__Bacteroidales;f__Odoribacteraceae;g__Odoribacter;s__Odoribacter_splanchnicus	0.0688367696499	0.0279467889744	-0.0914242438323	0.0839022359658	0.0260758073891	-0.0103985874354	-0.00862278605606	-0.017321759803	-0.0422021117465	0.0134882470391	0.00560836755385	-0.0875943329535	-0.0367707513305	-0.0571112017171	-0.0119812972324	-0.00837433977674	-0.0661078713801	-0.00789123839129	-0.0626913510214	1.0	-0.00336530987598	-0.0365842077293	-0.0696416740505	-0.00232146309157	-0.119795306511	0.0830997032593	0.0380193645695	-0.0761651649765	-0.129174075073	-0.088276962904	-0.0197259439359	-0.0426687736045	-0.107346014311	0.0230622707983	-0.0213211664049	-0.0200253956341	-0.0774170675081	0.0828730705781	-0.0259040486152	-0.12031425062	-0.131587920116	0.0941186446877	-0.0596922459319	-0.0426155216921	-0.142993052732	-0.0689468634425	-0.159947026119	0.00260746839556	-0.049797363598	-0.0253539746515	0.0258553538565	-0.0328219548419	-0.0982494842033	-0.0779951156895	0.0751118323514	-0.054992617473	0.0397027927586	0.00120248318512	-0.0377068438094
k__Bacteria;p__Bacteroidetes;c__Bacteroidia;o__Bacteroidales;f__Bacteroidaceae;g__Bacteroides;s__Bacteroides_salyersiae	-0.0445368677361	-0.0282723032025	-0.115506271046	0.0523356349688	-0.0663257521576	0.0126062547819	0.0869430573489	0.0218936295865	-0.0171290388767	-0.0522691768976	0.0314075426378	-0.0136130637405	-0.113274865223	-0.0533485035059	-0.0298104008673	-0.0656164529237	-0.00626252233262	0.0116733675243	-0.0803515619667	-0.00336530987598	1.0	-0.102253380686	-0.144320873732	-0.105498936061	0.0133147897563	0.0183766743997	-0.115716202828	-0.0567856252323	-0.0999299857516	0.0307445308804	-0.00306416595107	-0.0204064928101	0.031704175184	0.0355293533307	0.00817549382335	0.0123049537588	0.0280587092619	-0.0893854382351	-0.0282619726558	0.0398774206382	-0.0572230129018	-0.0151958153981	-0.0440797366739	-0.0444885308962	0.0540730566442	-0.0332184051807	-0.0821590390519	-0.0595944791774	-0.115939466075	-0.0218377024139	0.0176243334859	-0.151850634298	-0.076919515255	-0.061699738375	-0.0458054925035	-0.0520555489175	-0.0545203248397	0.0247017541298	0.0229326006507
k__Bacteria;p__Firmicutes;c__Clostridia;o__Clostridiales;f__Ruminococcaceae;g__Ruminiclostridium;s__[Eubacterium]_siraeum	-0.0898842162878	0.0572324754001	0.0358738486982	-0.0394990236654	-0.0736859650288	-0.110222228603	-0.0667005379275	0.00771954232359	-0.0229395249354	-0.014011754226	-0.043333503471	0.0330806177963	0.0718734836329	-0.0216216458923	-0.0881278907517	0.05059519801	-0.120975699431	-0.0111614828772	0.0381393690884	-0.0365842077293	-0.102253380686	1.0	-0.0412185255497	-0.0528929065622	0.00496442838189	-0.123491557962	-0.0107095159346	-0.0574410382972	-0.0732970962596	-0.0429926763253	0.0430398635236	-0.0893559643776	-0.00142102300161	0.0625686475374	0.0475618727938	-0.0671893233963	-0.0211043446396	-0.0219210591309	-0.0840989864377	-0.0792864577891	-0.0369996126443	-0.0471617052903	-0.0243873299471	0.115531549691	-0.00595041452484	0.0933053984304	-0.0611330095286	-0.0744623209768	-0.0466986689795	0.0454738995836	-0.0233424398534	0.0097535967504	0.0412523507616	0.0556459718865	-0.0813859984684	0.0934440616998	-0.0383064669777	-0.145529436265	0.0551420722696
k__Bacteria;p__Proteobacteria;c__Betaproteobacteria;o__Burkholderiales;f__Sutterellaceae;g__Parasutterella;s__Parasutterella_excrementihominis	0.00197351124857	0.0923583738888	0.0680572435899	-0.0849855759735	-0.013226309067	-0.0262391568856	0.0662023828318	-0.0731509313596	-0.0573519957641	-0.136064599024	-0.0205183172017	-0.11271709254	0.0827417388494	-0.101039117937	-0.0647502010301	0.0220695010013	0.062583448322	0.016485080749	-0.000641525569106	-0.0696416740505	-0.144320873732	-0.0412185255497	1.0	0.139437413243	-0.0698501545861	0.0649971807206	0.0230509579594	-0.0520370993575	-0.0552607634924	-0.161091125805	-0.0605835391558	-0.0682890738528	-0.0817493862758	0.00364091819128	-0.110941406519	-0.0100619741849	0.0323509482682	0.098323274812	-0.0270266182242	-0.0751220238355	-0.00545309800113	-0.0657669940685	-0.091266997265	0.0294987757742	-0.0708522414011	-0.141380021434	0.0198017856044	0.0741742306508	-0.101395242679	-0.00819439918807	0.025701520121	0.0383667952995	-0.0521145699635	0.0679753133731	-0.0709219285272	-0.0682906316589	0.0986388630432	-0.00830866700751	-0.00402229258234
k__Bacteria;p__Actinobacteria;c__Actinobacteria;o__Bifidobacteriales;f__Bifidobacteriaceae;g__Bifidobacterium;s__Bifidobacterium_adolescentis	-0.0169573902307	-0.0514909517829	-0.00398570025695	-0.215142803701	-0.00672340323395	-0.108628766617	-0.0593267377556	0.0447821265702	0.0587012542389	3.63856003766e-05	-0.0782837022416	0.0583033840318	-0.137632295866	-0.0506526795999	-0.138172560336	0.0826323770301	-0.0385454317276	-0.076778189867	-0.0727013525688	-0.00232146309157	-0.105498936061	-0.0528929065622	0.139437413243	1.0	-0.04741929116	0.0673230940542	-0.053767122381	-0.114028763735	-0.0847622661176	-0.015416045979	-0.085089119522	-0.0163845129963	-0.0308000775398	-0.0145744643953	0.0258822222602	-0.0434608624109	-0.0574594769824	0.0333127831218	0.0194230198112	-0.0379620372801	-0.0703287228668	-0.0737118172512	-0.0327384590232	-0.116247849222	-0.00804354861822	0.000588178713585	-0.0855272275393	-0.0548442639319	-0.00351105528132	-0.0348339153702	0.0142400709222	0.0156945271311	-0.0329092122379	-0.0222345266147	-0.00606118521508	-0.129677334989	-0.051531487956	-0.0970363680713	-0.0676120290943
k__Bacteria;p__Firmicutes;c__Clostridia;o__Clostridiales;f__Oscillospiraceae;g__Oscillibacter;s__Oscillibacter_sp._KLE_1745	-0.0352915375255	0.0308381481239	-0.0951990700338	0.145421660912	-0.0308993942467	0.0928566006122	-0.100467171911	-0.0622402075489	-0.0377883298976	0.0580114380688	-0.119942429052	-0.0643453599958	-0.158221209179	-0.00136414528051	-0.00452451185758	0.0118736749981	-0.0495907919658	0.0760497508935	0.042905592839	-0.119795306511	0.0133147897563	0.00496442838189	-0.0698501545861	-0.04741929116	1.0	-0.084428712185	0.0467725075237	0.00275251173907	-0.120409817771	-0.0172694416319	-0.0375699936143	-0.0394060826515	-0.016704069876	0.0453158987592	-0.0972503642559	-0.122650319627	-0.046260535204	-0.117751326275	-0.0829613609742	-0.0359665261963	0.0859718638411	-0.0785773366607	-0.0748368469257	-0.0348912608854	0.0193445245277	-0.0861244713449	-0.0521284730943	0.0208590458401	0.0888320990576	-0.0278475823496	-0.0171058308272	-0.0606492715662	0.0804183362007	-0.0804481171554	-0.0321029353839	-0.106965664801	-0.0712491030428	-0.0501929494784	-0.0581847236706
k__Bacteria;p__Bacteroidetes;c__Bacteroidia;o__Bacteroidales;f__Bacteroidaceae;g__Bacteroides;s__Bacteroides_coprophilus	-0.0190056674839	-0.0169552556792	-0.000251285128522	-0.0370512846248	0.014060394225	-0.00260964033195	0.0404939091698	-0.147990685698	0.0239804403408	-0.0111944631477	0.0292892460252	-0.0774476070781	0.0979055913149	-0.137162671318	-0.0329283305183	-0.037298463096	-0.0570209449032	-0.0262414273767	0.0217732209156	0.0830997032593	0.0183766743997	-0.123491557962	0.0649971807206	0.0673230940542	-0.084428712185	1.0	-0.0988509752216	0.0786326560889	0.0709925029766	-0.00222557271254	-0.0680960878676	-0.0597300270313	-0.026050865713	-0.0706258307889	-0.0326506615601	-0.0476830606074	-0.0115903002354	-0.0975082459644	-0.0535230316018	-0.00607502160585	-0.0955912295929	0.0465339343492	0.00855056048523	-0.00434087459118	-0.0832988390366	-0.0451956312013	-0.0301047798596	-0.0520976514652	-0.121459892963	-0.0754019677483	-0.0836421889186	0.163522790144	0.0065427755564	-0.0341075323652	-0.0150548020046	-0.031107084397	0.0591707942394	-0.056913836927	-0.0901587029796
k__Bacteria;p__Firmicutes;c__Clostridia;o__Clostridiales;f__Lachnospiraceae;g__Roseburia;s__Roseburia_intestinalis	-0.077487365303	-0.0706287851859	-0.0105329498684	-0.0024535603578	0.0879430129131	-0.0594287912323	-0.0556891256849	-0.0918463221443	-0.0935641129097	-0.0093967315911	-0.00480822411889	-0.022016807152	-0.0786804621581	-0.111082052187	0.0955224022841	0.0497059941335	0.0169111929799	-0.00853994837427	0.031386933683	0.0380193645695	-0.115716202828	-0.0107095159346	0.0230509579594	-0.053767122381	0.0467725075237	-0.0988509752216	1.0	-0.000227442318515	-0.0997097225204	0.0547826161747	-0.0789038463419	0.0153327655686	0.0635737524983	-0.0863191231172	0.0426121037989	0.0297557465956	-0.0469672524543	-0.0225285826803	0.117043881096	-0.0486576599149	-0.0571017273762	-0.048057593978	0.02879600266	-0.123063786674	-0.124249016652	-0.133950452831	0.030295010245	0.00227602462371	-0.0178386254808	-0.0798058984368	-0.0581993842884	-0.0884924743863	0.0926220453477	0.0414235559321	-0.0464517122519	-0.0191841194858	-0.0532659992362	-0.0306227652103	-0.0738174132439
k__Bacteria;p__Firmicutes;c__Clostridia;o__Clostridiales;f__Lachnospiraceae;g__Roseburia;s__Roseburia_hominis	-0.0509639425098	-0.0272810484864	-0.0898107946763	-0.0167807033496	0.0323516474876	-0.0151178556255	-0.0999938953548	0.00310115404437	-0.0227133559797	-0.0880490390269	0.0403607573651	0.0156018975263	0.0223713519046	-0.0273423165373	-0.0404036295016	-0.0606092974918	0.00932641755503	-0.0421413699715	-0.0152052172003	-0.0761651649765	-0.0567856252323	-0.0574410382972	-0.0520370993575	-0.114028763735	0.00275251173907	0.0786326560889	-0.000227442318515	1.0	-0.145887256335	-0.00932956925651	-0.0216643477261	0.0154365775055	-0.0401112036414	0.0107031920762	-0.025987730459	-0.0238078998191	-0.114351428553	-0.0768190674828	-0.0319999210175	-0.00421446058229	-0.0420359712368	-0.0409215344913	-0.0231705602126	-0.0922273665283	-0.0508239941781	-0.00846259391912	-0.0529344957309	-0.0739275355199	-0.00539384632106	0.022726714612	-0.176895744375	0.0807416585718	-0.0229621009632	0.0261064761836	-0.0148004820808	-0.131339862392	-0.0475933503428	0.0583047385988	-0.136177196255
k__Bacteria;p__Bacteroidetes;c__Bacteroidia;o__Bacteroidales;f__Porphyromonadaceae;g__Parabacteroides;s__Parabacteroides_johnsonii	-0.0477163998588	-0.00246424583333	-0.0413300975496	-0.0467338165073	-0.0333890256988	-0.023330946515	-0.0878123654089	-0.108013662244	-0.0572288687234	-0.0207844882557	-0.0306390613612	0.0553948193926	-0.0751830935363	-0.0451732768612	-0.0637602211123	-0.191027337193	-0.0355095683507	0.0010286116699	-0.0400236686321	-0.129174075073	-0.0999299857516	-0.0732970962596	-0.0552607634924	-0.0847622661176	-0.120409817771	0.0709925029766	-0.0997097225204	-0.145887256335	1.0	-0.0301597138432	0.0107746637801	-0.0436504231152	-0.0843953337219	-0.0705085769752	-0.00693431452623	0.069654290391	0.00574124974304	-0.0705519803805	-0.0153126094944	-0.149263260812	0.0898160128497	0.00382198942744	-0.0185180856258	-0.0296460732124	0.0402977487289	0.0599575330974	0.0309506128204	-0.0245899191259	0.0671066378329	-0.0555588080695	-0.0573163718229	-0.121143617851	-0.0493580117531	-0.0346619733362	0.0269855523136	-0.0269253642792	-0.0267458012578	0.01872616199	0.0586999032148
k__Bacteria;p__Actinobacteria;c__Actinobacteria;o__Bifidobacteriales;f__Bifidobacteriaceae;g__Bifidobacterium;s__Bifidobacterium_longum	-0.0700679874702	-0.113277158242	-0.0739087284457	-0.114612134617	-0.110970146116	-0.068147654621	-0.0578206480706	-0.102391756027	-0.039840322925	-0.0498798911721	-0.073212710885	0.0374874439231	0.00132882742477	-0.00996704031284	-0.0261395499382	-0.0120928477634	0.00393532364371	-0.0511737439871	-0.120746834953	-0.088276962904	0.0307445308805	-0.0429926763253	-0.161091125805	-0.015416045979	-0.0172694416319	-0.00222557271254	0.0547826161747	-0.00932956925651	-0.0301597138432	1.0	-0.00917177182778	-0.0468361971147	0.130912685943	-0.0173891326042	-0.0899109484472	0.0103085534571	-0.0780344303054	-0.0109787509019	-0.0265961939028	0.0331605764387	-0.0118913964854	-0.0298225321884	0.0760906765432	0.0351120546793	-0.0257864221974	0.032677760503	-0.0682399443511	-0.0960935421454	-0.00727222765854	-0.107639741992	-0.0174639090784	-0.0356143505157	-0.026204376117	-0.0663941142592	-0.04253844908	-0.00882307094189	-0.0649876522959	-0.128374872889	0.153056847877
