#taxonomy	k__Bacteria;p__Bacteroidetes;c__Bacteroidia;o__Bacteroidales;f__Bacteroidaceae;g__Bacteroides;s__Bacteroides_vulgatus	k__Bacteria;p__Bacteroidetes;c__Bacteroidia;o__Bacteroidales;f__Bacteroidaceae;g__Bacteroides;s__Bacteroides_uniformis	k__Bacteria;p__Bacteroidetes;c__Bacteroidia;o__Bacteroidales;f__Rikenellaceae;g__Alistipes;s__Alistipes_putredinis	k__Bacteria;p__Bacteroidetes;c__Bacteroidia;o__Bacteroidales;f__Prevotellaceae;g__Prevotella;s__Prevotella_copri	k__Bacteria;p__Bacteroidetes;c__Bacteroidia;o__Bacteroidales;f__Bacteroidaceae;g__Bacteroides;s__Bacteroides_stercoris	k__Bacteria;p__Bacteroidetes;c__Bacteroidia;o__Bacteroidales;f__Bacteroidaceae;g__Bacteroides;s__Bacteroides_ovatus	k__Bacteria;p__Bacteroidetes;c__Bacteroidia;o__Bacteroidales;f__Rikenellaceae;g__Alistipes;s__Alistipes_shahii	k__Bacteria;p__Firmicutes;c__Clostridia;o__Clostridiales;f__Ruminococcaceae;g__Faecalibacterium;s__Faecalibacterium_prausnitzii	k__Bacteria;p__Bacteroidetes;c__Bacteroidia;o__Bacteroidales;f__Rikenellaceae;g__Alistipes;s__Alistipes_finegoldii	k__Bacteria;p__Bacteroidetes;c__Bacteroidia;o__Bacteroidales;f__Porphyromonadaceae;g__Parabacteroides;s__Parabacteroides_distasonis	k__Bacteria;p__Bacteroidetes;c__Bacteroidia;o__Bacteroidales;f__Bacteroidaceae;g__Bacteroides;s__Bacteroides_thetaiotaomicron	k__Bacteria;p__Bacteroidetes;c__Bacteroidia;o__Bacteroidales;f__Bacteroidaceae;g__Bacteroides;s__Bacteroides_coprocola	k__Bacteria;p__Bacteroidetes;c__Bacteroidia;o__Bacteroidales;f__Bacteroidaceae;g__Bacteroides;s__Bacteroides_cellulosilyticus	k__Bacteria;p__Bacteroidetes;c__Bacteroidia;o__Bacteroidales;f__Rikenellaceae;g__Alistipes;s__Alistipes_obesi	k__Bacteria;p__Firmicutes;c__Clostridia;o__Clostridiales;f__Lachnospiraceae;g__;s__[Eubacterium]_rectale	k__Bacteria;p__Bacteroidetes;c__Bacteroidia;o__Bacteroidales;f__Bacteroidaceae;g__Bacteroides;s__Bacteroides_plebeius	k__Bacteria;p__Bacteroidetes;c__Bacteroidia;o__Bacteroidales;f__Bacteroidaceae;g__Bacteroides;s__Bacteroides_fragilis	k__Bacteria;p__Proteobacteria;c__Betaproteobacteria;o__Burkholderiales;f__Sutterellaceae;g__Sutterella;s__Sutterella_wadsworthensis	k__Bacteria;p__Bacteroidetes;c__Bacteroidia;o__Bacteroidales;f__Porphyromonadaceae;g__Barnesiella;s__Barnesiella_intestinihominis	k__Bacteria;p__Bacteroidetes;c__Bacteroidia;o__Bacteroidales;f__Odoribacteraceae;g__Odoribacter;s__Odoribacter_splanchnicus	k__Bacteria;p__Bacteroidetes;c__Bacteroidia;o__Bacteroidales;f__Bacteroidaceae;g__Bacteroides;s__Bacteroides_salyersiae	k__Bacteria;p__Firmicutes;c__Clostridia;o__Clostridiales;f__Ruminococcaceae;g__Ruminiclostridium;s__[Eubacterium]_siraeum	k__Bacteria;p__Proteobacteria;c__Betaproteobacteria;o__Burkholderiales;f__Sutterellaceae;g__Parasutterella;s__Parasutterella_excrementihominis	k__Bacteria;p__Actinobacteria;c__Actinobacteria;o__Bifidobacteriales;f__Bifidobacteriaceae;g__Bifidobacterium;s__Bifidobacterium_adolescentis	k__Bacteria;p__Firmicutes;c__Clostridia;o__Clostridiales;f__Oscillospiraceae;g__Oscillibacter;s__Oscillibacter_sp._KLE_1745	k__Bacteria;p__Bacteroidetes;c__Bacteroidia;o__Bacteroidales;f__Bacteroidaceae;g__Bacteroides;s__Bacteroides_coprophilus	k__Bacteria;p__Firmicutes;c__Clostridia;o__Clostridiales;f__Lachnospiraceae;g__Roseburia;s__Roseburia_intestinalis	k__Bacteria;p__Firmicutes;c__Clostridia;o__Clostridiales;f__Lachnospiraceae;g__Roseburia;s__Roseburia_hominis	k__Bacteria;p__Bacteroidetes;c__Bacteroidia;o__Bacteroidales;f__Porphyromonadaceae;g__Parabacteroides;s__Parabacteroides_johnsonii	k__Bacteria;p__Actinobacteria;c__Actinobacteria;o__Bifidobacteriales;f__Bifidobacteriaceae;g__Bifidobacterium;s__Bifidobacterium_longum	k__Bacteria;p__Firmicutes;c__Clostridia;o__Clostridiales;f__;g__Flavonifractor;s__Flavonifractor_plautii	k__Bacteria;p__Firmicutes;c__Clostridia;o__Clostridiales;f__Clostridiaceae;g__Clostridium;s__Clostridium_phoceensis	k__Bacteria;p__Verrucomicrobia;c__Verrucomicrobiae;o__Verrucomicrobiales;f__Akkermansiaceae;g__Akkermansia;s__Akkermansia_muciniphila	k__Bacteria;p__Bacteroidetes;c__Bacteroidia;o__Bacteroidales;f__Prevotellaceae;g__Paraprevotella;s__Paraprevotella_xylaniphila	k__Bacteria;p__Firmicutes;c__Clostridia;o__Clostridiales;f__Ruminococcaceae;g__Ruminococcus;s__Ruminococcus_callidus	k__Bacteria;p__Bacteroidetes;c__Bacteroidia;o__Bacteroidales;f__Rikenellaceae;g__Alistipes;s__Alistipes_senegalensis	k__Bacteria;p__Firmicutes;c__Clostridia;o__Clostridiales;f__Lachnospiraceae;g__Blautia;s__Blautia_sp._KLE_1732	k__Bacteria;p__Bacteroidetes;c__Bacteroidia;o__Bacteroidales;f__Bacteroidaceae;g__Bacteroides;s__Bacteroides_oleiciplenus	k__Bacteria;p__Firmicutes;c__Clostridia;o__Clostridiales;f__Ruminococcaceae;g__Ruminococcus;s__Ruminococcus_bicirculans	k__Bacteria;p__Bacteroidetes;c__Bacteroidia;o__Bacteroidales;f__Bacteroidaceae;g__Bacteroides;s__Bacteroides_fluxus	k__Bacteria;p__Bacteroidetes;c__Bacteroidia;o__Bacteroidales;f__Prevotellaceae;g__Prevotella;s__Prevotella_stercorea	k__Bacteria;p__Firmicutes;c__Clostridia;o__Clostridiales;f__Lachnospiraceae;g__Dorea;s__Dorea_longicatena	k__Bacteria;p__Firmicutes;c__Clostridia;o__Clostridiales;f__Eubacteriaceae;g__Eubacterium;s__[Eubacterium]_eligens	k__Bacteria;p__Firmicutes;c__Clostridia;o__Clostridiales;f__Ruminococcaceae;g__;s__Ruminococcaceae_bacterium_D16	k__Bacteria;p__Firmicutes;c__Clostridia;o__Clostridiales;f__Lachnospiraceae;g__Coprococcus;s__Coprococcus_comes	k__Bacteria;p__Proteobacteria;c__Gammaproteobacteria;o__Enterobacterales;f__Enterobacteriaceae;g__Escherichia;s__Escherichia_coli	k__Bacteria;p__Firmicutes;c__Clostridia;o__Clostridiales;f__Ruminococcaceae;g__Anaerotruncus;s__Anaerotruncus_colihominis	k__Bacteria;p__Firmicutes;c__Clostridia;o__Clostridiales;f__Lachnospiraceae;g__Blautia;s__Blautia_obeum	k__Bacteria;p__Bacteroidetes;c__Bacteroidia;o__Bacteroidales;f__Odoribacteraceae;g__Odoribacter;s__Odoribacter_laneus	k__Bacteria;p__Firmicutes;c__Clostridia;o__Clostridiales;f__Ruminococcaceae;g__Ruminiclostridium;s__[Clostridium]_leptum	k__Bacteria;p__Bacteroidetes;c__Bacteroidia;o__Bacteroidales;f__Porphyromonadaceae;g__Parabacteroides;s__Parabacteroides_goldsteinii	k__Bacteria;p__Firmicutes;c__Clostridia;o__Clostridiales;f__Lachnospiraceae;g__Anaerostipes;s__Anaerostipes_hadrus	k__Bacteria;p__Firmicutes;c__Clostridia;o__Clostridiales;f__Ruminococcaceae;g__Ruminococcus;s__Ruminococcus_lactaris	k__Bacteria;p__Firmicutes;c__Clostridia;o__Clostridiales;f__Clostridiaceae;g__Clostridium;s__Clostridium_sp._L2-50	k__Bacteria;p__Firmicutes;c__Clostridia;o__Clostridiales;f__Clostridiaceae;g__Clostridium;s__Clostridium_sp._M62/1	k__Bacteria;p__Firmicutes;c__Clostridia;o__Clostridiales;f__;g__Intestinimonas;s__Intestinimonas_butyriciproducens	k__Bacteria;p__Actinobacteria;c__Actinobacteria;o__Bifidobacteriales;f__Bifidobacteriaceae;g__Bifidobacterium;s__Bifidobacterium_bifidum	k__Bacteria;p__Firmicutes;c__Negativicutes;o__Veillonellales;f__Veillonellaceae;g__Dialister;s__Dialister_invisus	k__Bacteria;p__Bacteroidetes;c__Bacteroidia;o__Bacteroidales;f__Bacteroidaceae;g__Bacteroides;s__Bacteroides_salanitronis
k__Bacteria;p__Bacteroidetes;c__Bacteroidia;o__Bacteroidales;f__Bacteroidaceae;g__Bacteroides;s__Bacteroides_vulgatus	1.0	-0.0888669912561	-0.0913416755474	-0.0460052650066	0.0682390525838	-0.0648067931787	0.107661350788	-0.021379105547	-0.0469830652041	-0.00899756298174	-0.128859897159	0.0114631683694	0.0766305648676	-0.0161852962147	-0.000463957822679	-0.138138247782	-0.0572611127387	0.0124858816081	-0.0269318518267	-0.0390278288219	-0.0997903453777	-0.0220781701936	-0.0759355460834	0.00478534764109	-0.0152593772486	-0.0437526472855	0.00690207374243	-0.0369165801006	-0.127814484528	0.0943948391092	0.112928148905	-0.0463613676277	-0.0841944598948	0.0780996375371	-0.0420600541562	0.0853716519067	0.00409899911762	0.0895785343695	-0.0779242699112	-0.121376734328	-0.0444221832727	-0.0824471393157	-0.127139382019	-0.0791319446388	-0.0467531088675	-0.041687549727	0.0909438565961	-0.0457385307095	0.0507107192992	0.0298975123382	0.0294571380929	-0.108458624319	-0.0330288513761	0.02591858771	0.00280721798824	0.0546094242271	-0.0585712289776	-0.0642825956076	-0.0221101720254
k__Bacteria;p__Bacteroidetes;c__Bacteroidia;o__Bacteroidales;f__Bacteroidaceae;g__Bacteroides;s__Bacteroides_uniformis	-0.0888669912561	1.0	-0.0382691468481	-0.119904696162	0.0620861138179	-0.00366037161497	-0.0537419680326	-0.0144292619901	-0.0367900620721	0.0598746781743	0.0380815754337	-0.127511930385	-0.102504371174	0.00188655066932	-0.0524448748173	0.0347611980113	0.0713414056466	-0.0203722539184	-0.0870755268364	-0.000992560452474	-0.0584264880926	-0.066579923478	-0.133701636984	0.0505012008145	-0.118418443062	0.00379755129391	0.00327672314789	-0.0240954963337	-0.0215522608258	0.0673824702343	0.00281735933627	-0.0704627229366	-0.0074362983737	-0.00421331539661	-0.0726452815647	-0.0613052115298	-0.0141215452657	-0.0271547236831	0.0177876598354	-0.0394144278222	-0.0379108363802	-0.13524643426	-0.0496240011817	-0.119487275794	-0.0927826362512	0.0323430154746	0.0493543694395	0.010405429148	-0.0583486852547	-0.112134426372	0.0710140552518	-0.0309030011368	0.0419544882496	-0.0217119312637	0.0119490038124	0.0182843018952	-0.139088867919	-0.0140927371983	-0.0882799983315
k__Bacteria;p__Bacteroidetes;c__Bacteroidia;o__Bacteroidales;f__Rikenellaceae;g__Alistipes;s__Alistipes_putredinis	-0.0913416755474	-0.0382691468481	1.0	-0.0581515064659	0.0247659323749	-0.0643591778538	-0.0866999576075	-0.0561999370449	-0.142588126904	-0.097560828953	-0.0766475878677	-0.0399378068989	0.0527271411694	-0.138932459214	-0.0122037501221	-0.0386906658046	0.0199655731553	-0.0172733815274	-0.0891796415062	-0.0462144342124	-0.0286102891346	-0.0482686792417	0.0642241886259	-0.0150748573791	-0.0380450421849	-0.0117781365806	-0.0445268876965	-0.0505972695298	0.0321682390228	0.0348833024216	-0.0256293300965	-0.0434786368207	-0.064194477201	-0.0546354717281	0.0303609417478	-0.102851241126	-0.0250083019293	-0.0076366971734	-0.166834712628	0.0592075115	-0.028419276192	0.0398658789446	-0.0197115142197	-0.0839681644479	0.0192050898298	0.00934104727847	-0.0399771958463	0.040672151462	0.0198551413147	-0.0410054442605	-0.0418399602586	-0.0925549138017	0.0374584806649	0.00651224418595	-0.0672148016781	0.0976959142419	-0.0971164678347	0.043992603671	-0.10777865747
k__Bacteria;p__Bacteroidetes;c__Bacteroidia;o__Bacteroidales;f__Prevotellaceae;g__Prevotella;s__Prevotella_copri	-0.0460052650066	-0.119904696162	-0.0581515064659	1.0	-0.108539205586	-0.113273272834	-0.0630596487329	0.0464393688862	-0.0829919753949	0.0965277222918	0.0339320413175	-0.0184039948708	-0.0271805770444	0.03502204255	-0.0159441677133	-0.0349478394548	-0.0781302178704	-0.137105768025	0.118127965676	-0.0404715189396	-0.0804932828287	-0.00353543460687	0.0484350571537	-0.00546540726164	-0.0404853403951	-0.0313320499306	0.0410497586271	0.0756659693696	-0.0899615403142	-0.0445882329566	-0.0166084473146	-0.08036305473	-0.0447969670017	-0.0956528306109	0.0636095664174	-0.0699296401749	-0.0706894086136	-0.0988734385616	0.0738607855668	-0.0807508800839	-0.045770351861	-0.0281218337322	0.091101122381	-0.0157255379892	-0.0683781450503	0.00428188275252	-0.0426863393274	-0.116374894365	-0.143852208518	0.00467997570588	-0.105348605303	-0.0358755883848	-0.0206375201418	0.00126369486175	-0.0553236281042	0.00707489701619	-0.00184629092437	-0.100297718608	0.0115135854367
k__Bacteria;p__Bacteroidetes;c__Bacteroidia;o__Bacteroidales;f__Bacteroidaceae;g__Bacteroides;s__Bacteroides_stercoris	0.0682390525838	0.0620861138179	0.0247659323749	-0.108539205586	1.0	0.0284070353003	-0.0450442955632	-0.0619183385481	-0.0526345199648	0.0222378988377	-0.0692649533458	0.0675514709402	-0.0135226116512	-0.0189759234029	-0.0471988905838	0.0520161432722	-0.00804441693196	-0.0348942218715	-0.0777846928915	-0.0359875079494	-0.0195027128722	-0.0524889532539	0.0176880233129	0.0338874071667	-0.0335396678754	-0.0283963507935	-0.00969061870799	-0.00173079502619	0.0702766594731	-0.0154614541823	-0.0557510434895	0.0254828955857	0.0310043737011	-0.0524762599887	0.0686942217778	-0.07018207423	-0.065012493198	0.00420160825408	0.00313506816663	-0.0726571414298	-0.118522232146	-0.0127226293841	-0.14891938465	0.00170733774905	0.0592945077301	0.0392074503152	-0.0997329573891	-0.115126984681	0.0166668822949	-0.0532198637504	-0.0617026637751	0.0406119877915	0.015542574781	-0.0562481600723	-0.104547163297	-0.0177260621053	-0.00763063305613	-0.0319325818298	-0.0420654955504
k__Bacteria;p__Bacteroidetes;c__Bacteroidia;o__Bacteroidales;f__Bacteroidaceae;g__Bacteroides;s__Bacteroides_ovatus	-0.0648067931787	-0.00366037161497	-0.0643591778538	-0.113273272834	0.0284070353003	1.0	0.0188470064803	-0.0612868180068	-0.0195074523192	-0.103797228949	-0.00883441565125	-0.0853894867374	-0.0476266697073	0.0418574066368	-0.0882896825057	-0.00398422115267	-0.0238259299307	0.0215358754678	-0.0219250283443	0.00827199233119	0.0237260299241	-0.00740829607383	-0.149599186003	0.00254643005926	0.0457831024146	-0.0214663334637	-0.0470750828851	0.0134543495637	0.0555250529121	0.00238325397283	0.000660840947807	0.0809695832901	-0.0941426464662	-0.0849872394892	0.0128943125735	0.0157422482075	-0.040228448218	-0.0333452981545	-0.117094568571	-0.0946464439692	-0.0822981796647	-0.048378156444	-0.0814005309749	-0.080571231151	-0.0242239692242	0.0407360326758	-0.0116078766487	-0.12898483417	-0.0622057691728	-0.00982451606522	-0.0356628317609	-0.0345526895204	-0.0716946128806	0.0546181271569	0.000469664104569	0.0132370943033	-0.108791403522	0.0690738406189	-0.0288434720765
k__Bacteria;p__Bacteroidetes;c__Bacteroidia;o__Bacteroidales;f__Rikenellaceae;g__Alistipes;s__Alistipes_shahii	0.107661350788	-0.0537419680326	-0.0866999576075	-0.0630596487329	-0.0450442955632	0.0188470064803	1.0	0.144136553925	-0.141695730695	0.0199489362427	-0.108328294559	0.0632431319363	-0.0744539993777	-0.0545306862167	-0.028875156914	0.0380300285832	-0.0633868779629	-0.0481406866609	-0.0130082249656	-0.0993333139309	0.00567288331018	0.0224627648394	0.0387189044699	0.0520120102942	-0.00753032327067	0.044703032002	0.0364799649411	-0.118117252118	-0.0491160743885	0.00577114408677	-0.0110073000257	-0.110306838555	0.0645844302344	-0.117098882278	-0.095249730083	-0.0561093634456	0.00763837333509	-0.0502894704516	0.022881858639	-0.0501230636232	-0.0802817585904	0.00809891170494	-0.0317744112703	-0.0330978358663	-0.104444234176	0.0104020898015	-0.00255185140188	0.0552239124254	-0.0531585939866	-0.123116311046	-0.0430721235045	-0.0817954847312	0.020190987384	-0.102145401949	-0.0744935666659	0.0196521992242	-0.0161570520819	-0.0164526147402	-0.0660143595841
k__Bacteria;p__Firmicutes;c__Clostridia;o__Clostridiales;f__Ruminococcaceae;g__Faecalibacterium;s__Faecalibacterium_prausnitzii	-0.021379105547	-0.0144292619901	-0.0561999370449	0.0464393688862	-0.0619183385481	-0.0612868180068	0.144136553925	1.0	0.0180532358053	-0.0500671187515	-0.0494354459446	-0.00932756860146	5.05729651897e-05	-0.033134577617	-0.037350976427	-0.0717069026029	-0.0856161157348	-0.149327165116	-0.194865393804	-0.0539919935856	-0.00812910741686	-0.0456289238566	0.00566866921089	-0.0529641240205	-0.0326067175068	0.0508569895128	-0.0507661236912	0.059650114059	-0.0706087928517	0.0801671692683	-0.0238264714836	-0.0509821703827	-0.0644315609439	-0.00510289566423	0.033467561596	-0.0362218612719	-0.0831887701944	0.0241892783677	0.0663869180603	-0.0472623781397	-0.0694519495824	0.0182653635881	-0.0810749592348	0.043095483815	-0.0504086597631	-0.0464991558861	-5.89603641255e-05	0.0140728000096	0.035104843132	-0.0482740495499	-0.0659039125345	-0.0779616397256	-0.0646519391819	0.000526997784568	0.0199177841565	0.00478564810781	-0.00436439085167	-0.0833487736818	0.0607875884083
k__Bacteria;p__Bacteroidetes;c__Bacteroidia;o__Bacteroidales;f__Rikenellaceae;g__Alistipes;s__Alistipes_finegoldii	-0.0469830652041	-0.0367900620721	-0.142588126904	-0.0829919753949	-0.0526345199648	-0.0195074523192	-0.141695730695	0.0180532358053	1.0	-0.0767845581375	-0.0704849235951	0.0301708136124	-0.0247738443576	-0.0307616135375	0.00354970102166	0.0278237962457	0.050410857465	-0.0367101664659	-0.158991308811	0.0996296889268	-0.0333010780846	-0.0324824237641	0.0269727544851	-0.0382745176331	0.0134019814669	0.067218282228	-0.106944098883	0.0322509918538	-0.149850317614	-0.0601145758933	-0.0175286515208	-0.0190381622599	-0.133859948659	0.00505539702116	-0.104399022509	-0.0259140686566	0.0204282422232	-0.111407427071	-0.0469260122299	-0.0605081421098	0.0116849490754	0.005794996705	0.0927865959691	-0.0862491568034	-0.0196858263338	-0.145332483904	-0.108565513789	-0.0144381398137	0.0446478128366	-0.000415660451366	0.0839729884417	0.0347541769074	0.0148275286697	-0.14381027039	0.0776020718747	0.0702076805379	0.110605241351	-0.035474025759	0.0401573869041
k__Bacteria;p__Bacteroidetes;c__Bacteroidia;o__Bacteroidales;f__Porphyromonadaceae;g__Parabacteroides;s__Parabacteroides_distasonis	-0.00899756298174	0.0598746781743	-0.097560828953	0.0965277222918	0.0222378988377	-0.103797228949	0.0199489362427	-0.0500671187515	-0.0767845581375	1.0	-0.00385485930799	-0.122912524718	-0.0872115414424	-0.113226118448	-0.140777084766	0.0398172771445	-0.0429997204557	-0.0521589209234	-0.00604756600308	-0.0132842553372	-0.00154262823289	0.0667734305466	-0.0720411379752	-0.0513869665287	-0.0738007630026	-0.0406914985718	-0.0312586064822	-0.0274704429159	-0.00541818067897	0.0329319746831	-0.0407057538505	-0.0995913196685	-0.0322260273709	-0.0609267239478	-0.0635357865216	-0.004877245562	-0.102857812293	-0.0437954903745	-0.00760833467769	-0.0883410689984	0.0131161627337	-0.0426084045995	0.013019025145	0.0777388903648	-0.12539205714	-0.0524004462448	0.023103938634	0.019144309849	-0.0624690901772	-0.0304181292344	0.0275022612829	0.0762427604426	-0.0568199216087	-0.04844149363	-0.00624197254767	-0.0862377889566	-0.0733760065621	0.0217347734106	-0.129107577006
k__Bacteria;p__Bacteroidetes;c__Bacteroidia;o__Bacteroidales;f__Bacteroidaceae;g__Bacteroides;s__Bacteroides_thetaiotaomicron	-0.128859897159	0.0380815754337	-0.0766475878677	0.0339320413175	-0.0692649533458	-0.00883441565125	-0.108328294559	-0.0494354459446	-0.0704849235951	-0.00385485930799	1.0	-0.0109121164284	-0.042022730698	-0.00976342569266	-0.0468450787186	-0.0563813144409	-0.00135710355142	0.0218410842355	0.07401213936	-0.0387556273296	0.0357417109938	-0.0671119284876	0.0408895170026	-0.00551997711776	-0.00278189520039	-0.0712369633004	0.179716635932	-0.0171536401913	0.0056305613701	-0.0733307348717	-0.00322126629641	0.114297850854	-0.0308646651567	-0.0193595948572	-0.0388069336496	0.0356946852737	0.0246986082464	-0.029795804035	-0.0323518838361	-0.0295677245108	0.0433385965417	0.0805582135708	-0.0315700097743	-0.0737695281752	-0.0529863989568	-0.0532018176336	-0.107314631324	-0.103062786566	0.00121192340756	0.0427157240243	0.0683575089751	0.0433629229848	0.104675193708	-0.0796171491805	-0.0272547540564	-0.21892569493	-0.143776935975	-0.0257525653826	-0.00665805245546
k__Bacteria;p__Bacteroidetes;c__Bacteroidia;o__Bacteroidales;f__Bacteroidaceae;g__Bacteroides;s__Bacteroides_coprocola	0.0114631683694	-0.127511930385	-0.0399378068989	-0.0184039948708	0.0675514709402	-0.0853894867374	0.0632431319363	-0.00932756860146	0.0301708136124	-0.122912524718	-0.0109121164284	1.0	-0.0844648121967	-0.106578611638	0.0603899169989	-0.110858839531	-0.0142490764644	0.0169013594006	-0.0880494640302	0.041709431755	0.00384664969024	0.0543221328234	-0.041411626569	0.00282298089287	-0.0444773415232	0.0285845693223	-0.063845365069	-0.00212738848648	-0.0256633188742	-0.118157348005	-0.031786746241	0.0915843431617	0.0453726265618	-0.115487032913	0.0892029474873	-0.0760672211072	-0.0186994773268	-0.138229902884	0.0194159783306	0.012914323984	-0.0299622134686	0.0185747067015	-0.0596006908309	-0.0112347842042	0.00454205206153	-0.0793853123679	-0.0163841265059	-0.0519058405383	-0.102985010379	-0.0229479711378	0.0190001690508	0.0506771701982	0.00953067906717	0.0252832822008	-0.135438265297	-0.0172654450263	0.0231934178092	-0.0505476225696	-0.0119189891584
k__Bacteria;p__Bacteroidetes;c__Bacteroidia;o__Bacteroidales;f__Bacteroidaceae;g__Bacteroides;s__Bacteroides_cellulosilyticus	0.0766305648676	-0.102504371174	0.0527271411694	-0.0271805770444	-0.0135226116512	-0.0476266697073	-0.0744539993777	5.05729651897e-05	-0.0247738443576	-0.0872115414424	-0.042022730698	-0.0844648121967	1.0	0.0710973135519	-0.0942992859937	-0.0246941518184	-0.00784496595969	-0.0152617980738	-0.0391154636668	-0.068270511931	0.00403160535851	-0.084828702593	-0.0196891391433	-0.152822012843	-0.0976332157969	-0.13886750367	0.00262642237668	0.0623948172641	0.0717322221328	0.00353514181257	-0.0772676123253	-0.0515450534808	-0.0229699564254	-0.0517836608054	0.0230946252294	-0.0785511015329	0.00361002733269	-0.0394851913727	-0.074620295577	-0.050196702207	-0.0442506178693	-0.0617613834393	0.147851595976	-0.0511468950381	0.0253003846367	0.013995146781	-0.0609147307295	0.00867880321449	0.0785869758589	0.0198659481222	-0.0211965171619	0.0643428102747	-0.120123570909	-0.0816419684877	-0.0640899991922	-0.0724707816961	-0.0761206178086	-0.160140490462	0.0285700272815
k__Bacteria;p__Bacteroidetes;c__Bacteroidia;o__Bacteroidales;f__Rikenellaceae;g__Alistipes;s__Alistipes_obesi	-0.0161852962147	0.00188655066932	-0.138932459214	0.03502204255	-0.0189759234029	0.0418574066368	-0.0545306862167	-0.033134577617	-0.0307616135375	-0.113226118448	-0.00976342569266	-0.106578611638	0.0710973135519	1.0	-0.0991487323471	-0.0324493086648	0.0192624730559	-0.146192395431	0.00892842268615	-0.0384965677697	-0.0390969058329	0.0481602067004	-0.0490403373099	0.0173998413239	-0.0521251205513	-0.0671699997254	0.0498587917486	-0.0308408978312	0.00705952246623	0.0299435773392	0.068131616391	-0.00963759107604	-0.0716903666516	-0.0516542548097	-0.0736766731701	-0.0116858786213	0.120086162436	0.0398925896146	-0.194988540913	-0.0890729653911	-0.12416931031	-0.102656956337	-0.0986390584008	0.00563818213021	-0.090639387414	-0.0691095328869	-0.0445703065568	-0.153595884044	-0.0599562851563	-0.0656989692686	-0.0296852207487	-0.00178062351165	0.0409177836476	0.00996488049282	0.0269168038742	-0.151504604642	0.0126380577587	0.0376712979486	-0.00569059743799
k__Bacteria;p__Firmicutes;c__Clostridia;o__Clostridiales;f__Lachnospiraceae;g__;s__[Eubacterium]_rectale	-0.000463957822679	-0.0524448748173	-0.0122037501221	-0.0159441677133	-0.0471988905838	-0.0882896825057	-0.028875156914	-0.037350976427	0.00354970102166	-0.140777084766	-0.0468450787186	0.0603899169989	-0.0942992859937	-0.0991487323471	1.0	-0.00352206007404	0.035357986018	0.0238675157208	-0.030867387251	0.0113705684106	-0.0999126655084	0.0700806280011	0.064605334199	0.0616146601971	-0.0311767835115	-0.0127058195995	-0.0370957112789	-0.0839178225319	-0.0819026772905	-0.0151319857111	0.0161275624412	0.0345593145047	-0.101633534968	-0.0653851525478	-0.0226560103417	-0.0296185727427	0.0253137905987	-0.0195377358512	0.00204112192169	-0.155381713706	0.0513649588108	0.0319696160323	0.0293892730356	-0.0361157485412	0.0298888098144	0.061552809769	-0.0239560580192	-0.0519019470285	0.0378692473578	0.0759798165701	-0.0928876635902	-0.102298494392	-0.0527699183749	0.0108613625409	-0.126946815729	-0.0872395302675	-0.000458135828045	-0.120963738162	-0.171110558859
k__Bacteria;p__Bacteroidetes;c__Bacteroidia;o__Bacteroidales;f__Bacteroidaceae;g__Bacteroides;s__Bacteroides_plebeius	-0.138138247782	0.0347611980113	-0.0386906658046	-0.0349478394548	0.0520161432722	-0.00398422115267	0.0380300285832	-0.0717069026029	0.0278237962457	0.0398172771445	-0.0563813144409	-0.110858839531	-0.0246941518184	-0.0324493086648	-0.00352206007404	1.0	-0.0846588778738	0.03585035357	-0.0516392087159	0.0641737331278	-0.00813834835839	-0.0870713844767	-0.0229622831611	-0.0134388778346	0.0217892087341	-0.0895790781059	-0.0162990921522	-0.137983477561	0.0442828514194	-0.0179894835736	0.107588669156	-0.0389819385919	-0.139663643659	-0.153134334419	-0.0903220621395	-0.0764029947777	-0.0569255374643	-0.0289592305272	0.000315550424295	-0.0633047305112	0.116595422537	0.0229535691651	0.0177870112716	0.0350125860068	-0.069785709625	-0.0164603925825	0.0443202430924	-0.0933236755513	-0.0713442703	-0.0340882486333	-0.105530121136	-0.006888447624	0.0203958137202	-0.0682934742889	-0.0461114893676	-0.0924600482848	-0.10823320057	0.00343993913665	-0.0529365433823
k__Bacteria;p__Bacteroidetes;c__Bacteroidia;o__Bacteroidales;f__Bacteroidaceae;g__Bacteroides;s__Bacteroides_fragilis	-0.0572611127387	0.0713414056466	0.0199655731553	-0.0781302178704	-0.00804441693196	-0.0238259299307	-0.0633868779629	-0.0856161157348	0.050410857465	-0.0429997204557	-0.00135710355142	-0.0142490764644	-0.00784496595969	0.0192624730559	0.035357986018	-0.0846588778738	1.0	0.0730159862823	-0.00468298663055	-0.0418317532859	0.0167621798073	0.0112381427137	-0.112517618048	-0.013867770339	-0.0042747350084	-0.063792555409	-0.16969096246	-0.137558239818	0.137618601043	-0.0564217838982	-0.0666735168499	0.0215873519175	-0.0545690301472	-0.0589055841948	0.0311981433274	-0.0105110713664	-0.0606997211556	0.0641498178388	0.0199823825888	-0.0494705856378	0.0470965056585	-0.121203843375	-0.0787160354043	-0.128540987804	-0.0707119151803	-0.0459945951347	-0.0641342780951	-0.0138061987696	-0.0615739281521	-0.0496912899819	0.138806365397	0.0281552341282	-0.0696188460258	-0.0885273068303	0.0216603786833	-0.0324551085498	-0.132311662951	-0.100001952773	-0.0871309204142
k__Bacteria;p__Proteobacteria;c__Betaproteobacteria;o__Burkholderiales;f__Sutterellaceae;g__Sutterella;s__Sutterella_wadsworthensis	0.0124858816081	-0.0203722539184	-0.0172733815274	-0.137105768025	-0.0348942218715	0.0215358754678	-0.0481406866609	-0.149327165116	-0.0367101664659	-0.0521589209234	0.0218410842355	0.0169013594006	-0.0152617980738	-0.146192395431	0.0238675157208	0.03585035357	0.0730159862823	1.0	-0.0104970251905	-0.0532580474925	-0.0216901823022	-0.103355002051	0.0491624386392	-0.0389813577646	-0.0340964609249	-0.0428992468175	0.0370982046637	-0.124806792104	0.0291782050245	-0.117684605404	-0.0215689682556	0.0629831355085	0.0149687366723	-0.00925865363721	0.0526345088389	0.110263726315	-0.0895214226601	0.0310503066439	-0.0783044375964	-0.0557740410064	-0.133927035618	-0.0301534285658	0.0219473247972	0.00211458393028	0.010968543604	-0.0783848546145	-0.0888010364685	-0.068944158757	0.0739613471927	-0.00777182991423	0.000902053839847	-0.0354836029974	-0.0244840607874	-0.158150113939	-0.137678863019	-0.0300318889359	-0.100202277296	-0.0623648709002	-0.0898408156385
k__Bacteria;p__Bacteroidetes;c__Bacteroidia;o__Bacteroidales;f__Porphyromonadaceae;g__Barnesiella;s__Barnesiella_intestinihominis	-0.0269318518267	-0.0870755268364	-0.0891796415062	0.118127965676	-0.0777846928915	-0.0219250283443	-0.0130082249656	-0.194865393804	-0.158991308811	-0.00604756600308	0.07401213936	-0.0880494640302	-0.0391154636668	0.00892842268615	-0.030867387251	-0.0516392087159	-0.00468298663055	-0.0104970251905	1.0	-0.0614861672775	-0.0353470952403	-0.00271142551912	0.0387570436896	0.0426446850866	-0.00473261710189	-0.0801104404806	-0.0695837797454	-0.0441872576634	0.00847632091385	-0.0295264977741	-0.0626665823506	-0.0598718599711	0.026092370293	-0.0223963579298	-0.0936826615147	-0.0790654601801	-0.0320781346183	0.00873491513498	-0.0866464414786	-0.0700144216753	0.0248091326775	-0.0965394852092	-0.00866680565348	0.00894132148606	0.0198479062029	-0.0407111124142	-0.0641553515642	0.0637087669048	0.119752207106	-0.00403111273499	-0.0492462736513	-0.0433666078782	0.041998261044	0.0327925962171	-0.0104238456811	-0.117965992761	-0.0407153199331	-0.0394139406455	-0.143201432864
k__Bacteria;p__Bacteroidetes;c__Bacteroidia;o__Bacteroidales;f__Odoribacteraceae;g__Odoribacter;s__Odoribacter_splanchnicus	-0.0390278288219	-0.000992560452474	-0.0462144342124	-0.0404715189396	-0.0359875079494	0.00827199233119	-0.0993333139309	-0.0539919935856	0.0996296889268	-0.0132842553372	-0.0387556273296	0.041709431755	-0.068270511931	-0.0384965677697	0.0113705684106	0.0641737331278	-0.0418317532859	-0.0532580474925	-0.0614861672775	1.0	0.093844944446	-0.0503906111437	0.030226176713	0.0303209278155	0.0372734717086	-0.0935086313216	-0.0466150550226	-0.0507066734204	-0.169921968953	-0.054087730837	-0.00434691555787	-0.0613731025719	-0.0661157047422	-0.174105376895	-0.0370144439013	-0.0103918461389	-0.0774304698305	-0.0551598913634	0.00936921710671	-0.0773973685314	0.0537823026117	-0.153635852306	-0.0589559136047	-0.0222228403907	0.0644966506407	-0.106872093111	-0.0243842823553	-0.0117791558483	-0.0132951247142	-0.118415927109	-0.0241838442006	-0.116101941214	-0.128180967305	-0.0546772740304	0.0737247659627	-0.0355719564137	-0.0809549441379	-0.0276776604819	0.0732378729008
k__Bacteria;p__Bacteroidetes;c__Bacteroidia;o__Bacteroidales;f__Bacteroidaceae;g__Bacteroides;s__Bacteroides_salyersiae	-0.0997903453777	-0.0584264880926	-0.0286102891346	-0.0804932828287	-0.0195027128722	0.0237260299241	0.00567288331018	-0.00812910741686	-0.0333010780846	-0.00154262823289	0.0357417109938	0.00384664969024	0.00403160535851	-0.0390969058329	-0.0999126655084	-0.00813834835839	0.0167621798073	-0.0216901823022	-0.0353470952403	0.093844944446	1.0	-0.076725600846	-0.0568851199981	-0.0771376717356	-0.0293222620468	0.0304898952367	-0.04849483515	0.0290379291594	-0.0258656046823	0.0126933771576	-0.0626754725549	-0.051745779063	-0.0606075690556	0.0244863233469	0.0473367227872	-0.0168455482718	-0.0833414127664	0.0196221108035	0.000621307225113	-0.0396486957888	-0.0532887894359	-0.00580515671146	0.0280377209685	-0.00566522645692	-0.0623178850852	0.00775451829958	-0.0523093585899	0.00172735831088	-0.0128458045787	-0.0303772241489	-0.0341783807429	-0.125352343118	-0.0408747232657	0.0561220233182	-0.0231093294755	-0.0366347341016	-0.021343221169	-0.0770936573526	-0.108646339181
k__Bacteria;p__Firmicutes;c__Clostridia;o__Clostridiales;f__Ruminococcaceae;g__Ruminiclostridium;s__[Eubacterium]_siraeum	-0.0220781701936	-0.066579923478	-0.0482686792417	-0.00353543460687	-0.0524889532539	-0.00740829607383	0.0224627648394	-0.0456289238566	-0.0324824237641	0.0667734305466	-0.0671119284876	0.0543221328234	-0.084828702593	0.0481602067004	0.0700806280011	-0.0870713844767	0.0112381427137	-0.103355002051	-0.00271142551912	-0.0503906111437	-0.076725600846	1.0	-0.221360684176	0.0438819758494	0.0298357818464	-0.0336492020344	-0.0694547598139	-0.0331138237757	-0.0556782381538	-0.0652113845288	-0.0131594123936	-0.0365407732259	-0.075124503031	0.0254464996179	-0.0442894434728	-0.0147005303958	-0.0529183130214	-0.0563352682901	0.00762385506318	-0.0334944722746	-0.00318417994099	0.0681977607872	0.025752896923	-0.0665814125119	-0.0800784525713	-0.0309738643801	-0.0399782626395	-0.0339443391682	0.0293549995898	0.0201006512555	-0.0560883824351	0.0367811049282	-0.091013827611	-0.0244892597095	0.044549891531	-0.0927618836001	-0.0360109646982	-0.0291876335048	0.0548523732045
k__Bacteria;p__Proteobacteria;c__Betaproteobacteria;o__Burkholderiales;f__Sutterellaceae;g__Parasutterella;s__Parasutterella_excrementihominis	-0.0759355460834	-0.133701636984	0.0642241886259	0.0484350571537	0.0176880233129	-0.149599186003	0.0387189044699	0.00566866921089	0.0269727544851	-0.0720411379752	0.0408895170026	-0.041411626569	-0.0196891391433	-0.0490403373099	0.064605334199	-0.0229622831611	-0.112517618048	0.0491624386392	0.0387570436896	0.030226176713	-0.0568851199981	-0.221360684176	1.0	-0.0289187138012	-0.0419319229185	-0.0723870872716	0.00747217191084	0.0275781752646	-0.0207226074662	-0.0260632685547	0.0836923354009	-0.0391172582783	0.0503455519278	0.0656658095844	-0.0338834341135	-0.105840603014	0.00328271236689	-0.0459453985983	-0.0356397203564	0.0146201590913	-0.0697499852374	-0.0126710582828	0.0362832376312	0.0669860212531	-0.0316136385373	0.0223337991015	-0.118091782795	-0.0773936445485	-0.0542702478518	0.00700193144993	-0.0953487783625	-0.0328149520629	-0.0233991711284	-0.0239198009041	0.0195640164277	-0.0592581110115	0.0748248112995	-0.109741040073	-0.0104332857915
k__Bacteria;p__Actinobacteria;c__Actinobacteria;o__Bifidobacteriales;f__Bifidobacteriaceae;g__Bifidobacterium;s__Bifidobacterium_adolescentis	0.00478534764109	0.0505012008145	-0.0150748573791	-0.00546540726164	0.0338874071667	0.00254643005926	0.0520120102942	-0.0529641240205	-0.0382745176331	-0.0513869665287	-0.00551997711776	0.00282298089287	-0.152822012843	0.0173998413239	0.0616146601971	-0.0134388778346	-0.013867770339	-0.0389813577646	0.0426446850866	0.0303209278155	-0.0771376717356	0.0438819758494	-0.0289187138012	1.0	-0.0144938599277	-0.0677158141382	-0.0856457168301	-0.0994579308776	-0.0345440215471	-0.0592702910026	-0.0588020732163	-0.0272246050755	0.117633850793	-0.0765969333346	-0.0587792606752	-0.032935066704	-0.00294816059549	-0.0153326280487	0.0068959820475	0.0328317584902	-0.0484672847116	-0.0408572046257	0.0375442431413	-0.000302535294936	-0.00290068675873	-0.0528529005469	-0.0800665489664	0.0710277337319	0.0368429496024	0.0675491577549	-0.0654752624774	-0.0139130656597	0.0423398215213	-0.0203730334133	-0.00525979045083	0.0368775222673	-0.0565979508392	-0.119479091029	-0.064407346234
k__Bacteria;p__Firmicutes;c__Clostridia;o__Clostridiales;f__Oscillospiraceae;g__Oscillibacter;s__Oscillibacter_sp._KLE_1745	-0.0152593772486	-0.118418443062	-0.0380450421849	-0.0404853403951	-0.0335396678754	0.0457831024146	-0.00753032327067	-0.0326067175068	0.0134019814669	-0.0738007630026	-0.00278189520039	-0.0444773415232	-0.0976332157969	-0.0521251205513	-0.0311767835115	0.0217892087341	-0.0042747350084	-0.0340964609249	-0.00473261710189	0.0372734717086	-0.0293222620468	0.0298357818464	-0.0419319229185	-0.0144938599277	1.0	-0.0419037326097	-0.0696619830671	-0.0514561143336	0.0703060159836	-0.0839407563732	-0.09024489111	-0.0159251016119	-0.0360667189686	-0.0541445159307	-0.0242870178924	-0.0674085544409	0.0672497993152	-0.118180741308	-0.00690431381124	-0.0384905412338	-0.0119531519808	0.0516427306286	-0.0990729395425	0.0012633679284	0.0149532241838	-0.073961357756	0.0485031851654	-0.0638129435612	-0.0409359893969	-0.0605167804318	-0.128072028024	-0.0859120197795	-0.0871443006484	0.105016023906	-0.049243916404	-0.0197715820636	-0.0791527600917	-0.0633143105193	0.00471322549765
k__Bacteria;p__Bacteroidetes;c__Bacteroidia;o__Bacteroidales;f__Bacteroidaceae;g__Bacteroides;s__Bacteroides_coprophilus	-0.0437526472855	0.00379755129391	-0.0117781365806	-0.0313320499306	-0.0283963507935	-0.0214663334637	0.044703032002	0.0508569895128	0.067218282228	-0.0406914985718	-0.0712369633004	0.0285845693223	-0.13886750367	-0.0671699997254	-0.0127058195995	-0.0895790781059	-0.063792555409	-0.0428992468175	-0.0801104404806	-0.0935086313216	0.0304898952367	-0.0336492020344	-0.0723870872716	-0.0677158141382	-0.0419037326097	1.0	-0.108348173667	-0.0201000451435	0.0263453536558	-0.0383821805406	0.0436387957914	-0.0614954362724	-0.069463110634	-0.0712055183013	-0.0823099022909	-0.0311201948603	0.0355422039845	0.014715666326	-0.0148464863291	0.00401097106532	0.0957091202402	-0.0317997111612	-0.119173542415	-0.0829295134546	-0.0764236439019	0.0293138672825	-0.00501069319193	-0.0578680656476	0.017327816469	-0.0603230279576	0.00273857119931	-0.11422915154	-0.0853099017437	-0.0308276941557	-0.12543370429	0.0966457357564	-0.0698668452341	-0.022841836137	-0.0454181749996
k__Bacteria;p__Firmicutes;c__Clostridia;o__Clostridiales;f__Lachnospiraceae;g__Roseburia;s__Roseburia_intestinalis	0.00690207374243	0.00327672314789	-0.0445268876965	0.0410497586271	-0.00969061870799	-0.0470750828851	0.0364799649411	-0.0507661236912	-0.106944098883	-0.0312586064822	0.179716635932	-0.063845365069	0.00262642237668	0.0498587917486	-0.0370957112789	-0.0162990921522	-0.16969096246	0.0370982046637	-0.0695837797454	-0.0466150550226	-0.04849483515	-0.0694547598139	0.00747217191084	-0.0856457168301	-0.0696619830671	-0.108348173667	1.0	0.0154303154843	0.0198510670218	-0.124783468496	0.0235290076004	-0.00461204981644	-0.00036184003436	-0.0109347890489	-0.0794505661416	-0.057658373458	0.00251473759047	0.0606193949755	-0.137660779736	-0.0841721860799	0.0834912317937	-0.0595173343878	-0.0644513473591	-0.0558916931856	-0.0248334268104	-0.0517840243184	0.0177671077307	-0.0931138077633	-0.00946590447974	0.0293340044311	-0.0100213271174	0.0441741677811	-0.0546886983741	0.0184505426564	-0.0752970639319	-0.0533216836209	0.0308676825403	0.0852036508589	-0.0733920745187
k__Bacteria;p__Firmicutes;c__Clostridia;o__Clostridiales;f__Lachnospiraceae;g__Roseburia;s__Roseburia_hominis	-0.0369165801006	-0.0240954963337	-0.0505972695298	0.0756659693696	-0.00173079502619	0.0134543495637	-0.118117252118	0.059650114059	0.0322509918538	-0.0274704429159	-0.0171536401913	-0.00212738848648	0.0623948172641	-0.0308408978312	-0.0839178225319	-0.137983477561	-0.137558239818	-0.124806792104	-0.0441872576634	-0.0507066734204	0.0290379291594	-0.0331138237757	0.0275781752646	-0.0994579308776	-0.0514561143336	-0.0201000451435	0.0154303154843	1.0	-0.0218186128772	0.0228636312416	0.0620205197252	-0.1311254881	0.0849367044165	-0.103549479955	-0.0572651486213	0.033976357622	-0.0758841701189	-0.0775800306909	-0.0802967241218	-0.0850064578245	0.0299485810217	-0.0216093326631	0.0858151133808	-0.102959277168	-0.100386045114	-0.0402414301623	-0.0427801097787	-0.050766398434	-0.0256493133434	0.131823038297	-0.0974855006354	-0.0101268771662	-0.0301029872602	0.0480036304382	-0.102521101867	0.0104038315068	0.0168240690725	-0.0405226429895	-0.00505471916973
k__Bacteria;p__Bacteroidetes;c__Bacteroidia;o__Bacteroidales;f__Porphyromonadaceae;g__Parabacteroides;s__Parabacteroides_johnsonii	-0.127814484528	-0.0215522608258	0.0321682390228	-0.0899615403142	0.0702766594731	0.0555250529121	-0.0491160743885	-0.0706087928517	-0.149850317614	-0.00541818067897	0.0056305613701	-0.0256633188742	0.0717322221328	0.00705952246623	-0.0819026772905	0.0442828514194	0.137618601043	0.0291782050245	0.00847632091385	-0.169921968953	-0.0258656046823	-0.0556782381538	-0.0207226074662	-0.0345440215471	0.0703060159836	0.0263453536558	0.0198510670218	-0.0218186128772	1.0	-0.0976717229533	-0.0789543213148	-0.0349796776057	-0.111496623917	-0.095863420363	0.036256158595	0.000668396195585	0.0231538396947	-0.0495289008638	-0.108678722266	-0.00704096713312	-0.0616789538891	-0.0789732143712	-0.0919752947668	-0.0675343041692	-0.00522082323791	0.103303687801	0.0217227236248	-0.0278908040936	-0.0676567220881	-0.087299215807	0.0692225438143	0.0407350009541	-0.0100686864335	-0.0447222331359	-0.0812737895377	-0.012352364203	-0.124840534005	-0.0696409727785	0.0270230990248
k__Bacteria;p__Actinobacteria;c__Actinobacteria;o__Bifidobacteriales;f__Bifidobacteriaceae;g__Bifidobacterium;s__Bifidobacterium_longum	0.0943948391092	0.0673824702343	0.0348833024216	-0.0445882329566	-0.0154614541823	0.00238325397283	0.00577114408677	0.0801671692683	-0.0601145758933	0.0329319746831	-0.0733307348717	-0.118157348005	0.00353514181257	0.0299435773392	-0.0151319857111	-0.0179894835736	-0.0564217838982	-0.117684605404	-0.0295264977741	-0.054087730837	0.0126933771576	-0.0652113845288	-0.0260632685547	-0.0592702910026	-0.0839407563732	-0.0383821805406	-0.124783468496	0.0228636312416	-0.0976717229533	1.0	0.00858727758483	0.0154030680423	0.0320924444974	0.0294213771973	-0.034162592616	-0.00286466379021	0.0417081924892	-0.0405788139313	0.00258475332918	-0.0212150301039	-0.0268767189472	-0.0502310614212	0.0203143080831	-0.0360553650189	0.0071555208581	-0.043830493513	0.0866660905644	0.018089532263	0.00757725410743	-0.0174044383069	-0.014016002665	-0.098552760011	0.0554400880139	-0.101625659693	0.000261968712935	-0.0846569375251	-0.0168123210325	-0.0894474882791	-0.0306957424375
