#taxonomy	k__Bacteria;p__Bacteroidetes;c__Bacteroidia;o__Bacteroidales;f__Bacteroidaceae;g__Bacteroides;s__Bacteroides_vulgatus	k__Bacteria;p__Bacteroidetes;c__Bacteroidia;o__Bacteroidales;f__Bacteroidaceae;g__Bacteroides;s__Bacteroides_uniformis	k__Bacteria;p__Bacteroidetes;c__Bacteroidia;o__Bacteroidales;f__Rikenellaceae;g__Alistipes;s__Alistipes_putredinis	k__Bacteria;p__Bacteroidetes;c__Bacteroidia;o__Bacteroidales;f__Prevotellaceae;g__Prevotella;s__Prevotella_copri	k__Bacteria;p__Bacteroidetes;c__Bacteroidia;o__Bacteroidales;f__Bacteroidaceae;g__Bacteroides;s__Bacteroides_stercoris	k__Bacteria;p__Bacteroidetes;c__Bacteroidia;o__Bacteroidales;f__Bacteroidaceae;g__Bacteroides;s__Bacteroides_ovatus	k__Bacteria;p__Bacteroidetes;c__Bacteroidia;o__Bacteroidales;f__Rikenellaceae;g__Alistipes;s__Alistipes_shahii	k__Bacteria;p__Firmicutes;c__Clostridia;o__Clostridiales;f__Ruminococcaceae;g__Faecalibacterium;s__Faecalibacterium_prausnitzii	k__Bacteria;p__Bacteroidetes;c__Bacteroidia;o__Bacteroidales;f__Rikenellaceae;g__Alistipes;s__Alistipes_finegoldii	k__Bacteria;p__Bacteroidetes;c__Bacteroidia;o__Bacteroidales;f__Porphyromonadaceae;g__Parabacteroides;s__Parabacteroides_distasonis	k__Bacteria;p__Bacteroidetes;c__Bacteroidia;o__Bacteroidales;f__Bacteroidaceae;g__Bacteroides;s__Bacteroides_thetaiotaomicron	k__Bacteria;p__Bacteroidetes;c__Bacteroidia;o__Bacteroidales;f__Bacteroidaceae;g__Bacteroides;s__Bacteroides_coprocola	k__Bacteria;p__Bacteroidetes;c__Bacteroidia;o__Bacteroidales;f__Bacteroidaceae;g__Bacteroides;s__Bacteroides_cellulosilyticus	k__Bacteria;p__Bacteroidetes;c__Bacteroidia;o__Bacteroidales;f__Rikenellaceae;g__Alistipes;s__Alistipes_obesi	k__Bacteria;p__Firmicutes;c__Clostridia;o__Clostridiales;f__Lachnospiraceae;g__;s__[Eubacterium]_rectale	k__Bacteria;p__Bacteroidetes;c__Bacteroidia;o__Bacteroidales;f__Bacteroidaceae;g__Bacteroides;s__Bacteroides_plebeius	k__Bacteria;p__Bacteroidetes;c__Bacteroidia;o__Bacteroidales;f__Bacteroidaceae;g__Bacteroides;s__Bacteroides_fragilis	k__Bacteria;p__Proteobacteria;c__Betaproteobacteria;o__Burkholderiales;f__Sutterellaceae;g__Sutterella;s__Sutterella_wadsworthensis	k__Bacteria;p__Bacteroidetes;c__Bacteroidia;o__Bacteroidales;f__Porphyromonadaceae;g__Barnesiella;s__Barnesiella_intestinihominis	k__Bacteria;p__Bacteroidetes;c__Bacteroidia;o__Bacteroidales;f__Odoribacteraceae;g__Odoribacter;s__Odoribacter_splanchnicus	k__Bacteria;p__Bacteroidetes;c__Bacteroidia;o__Bacteroidales;f__Bacteroidaceae;g__Bacteroides;s__Bacteroides_salyersiae	k__Bacteria;p__Firmicutes;c__Clostridia;o__Clostridiales;f__Ruminococcaceae;g__Ruminiclostridium;s__[Eubacterium]_siraeum	k__Bacteria;p__Proteobacteria;c__Betaproteobacteria;o__Burkholderiales;f__Sutterellaceae;g__Parasutterella;s__Parasutterella_excrementihominis	k__Bacteria;p__Actinobacteria;c__Actinobacteria;o__Bifidobacteriales;f__Bifidobacteriaceae;g__Bifidobacterium;s__Bifidobacterium_adolescentis	k__Bacteria;p__Firmicutes;c__Clostridia;o__Clostridiales;f__Oscillospiraceae;g__Oscillibacter;s__Oscillibacter_sp._KLE_1745	k__Bacteria;p__Bacteroidetes;c__Bacteroidia;o__Bacteroidales;f__Bacteroidaceae;g__Bacteroides;s__Bacteroides_coprophilus	k__Bacteria;p__Firmicutes;c__Clostridia;o__Clostridiales;f__Lachnospiraceae;g__Roseburia;s__Roseburia_intestinalis	k__Bacteria;p__Firmicutes;c__Clostridia;o__Clostridiales;f__Lachnospiraceae;g__Roseburia;s__Roseburia_hominis	k__Bacteria;p__Bacteroidetes;c__Bacteroidia;o__Bacteroidales;f__Porphyromonadaceae;g__Parabacteroides;s__Parabacteroides_johnsonii	k__Bacteria;p__Actinobacteria;c__Actinobacteria;o__Bifidobacteriales;f__Bifidobacteriaceae;g__Bifidobacterium;s__Bifidobacterium_longum	k__Bacteria;p__Firmicutes;c__Clostridia;o__Clostridiales;f__;g__Flavonifractor;s__Flavonifractor_plautii	k__Bacteria;p__Firmicutes;c__Clostridia;o__Clostridiales;f__Clostridiaceae;g__Clostridium;s__Clostridium_phoceensis	k__Bacteria;p__Verrucomicrobia;c__Verrucomicrobiae;o__Verrucomicrobiales;f__Akkermansiaceae;g__Akkermansia;s__Akkermansia_muciniphila	k__Bacteria;p__Bacteroidetes;c__Bacteroidia;o__Bacteroidales;f__Prevotellaceae;g__Paraprevotella;s__Paraprevotella_xylaniphila	k__Bacteria;p__Firmicutes;c__Clostridia;o__Clostridiales;f__Ruminococcaceae;g__Ruminococcus;s__Ruminococcus_callidus	k__Bacteria;p__Bacteroidetes;c__Bacteroidia;o__Bacteroidales;f__Rikenellaceae;g__Alistipes;s__Alistipes_senegalensis	k__Bacteria;p__Firmicutes;c__Clostridia;o__Clostridiales;f__Lachnospiraceae;g__Blautia;s__Blautia_sp._KLE_1732	k__Bacteria;p__Bacteroidetes;c__Bacteroidia;o__Bacteroidales;f__Bacteroidaceae;g__Bacteroides;s__Bacteroides_oleiciplenus	k__Bacteria;p__Firmicutes;c__Clostridia;o__Clostridiales;f__Ruminococcaceae;g__Ruminococcus;s__Ruminococcus_bicirculans	k__Bacteria;p__Bacteroidetes;c__Bacteroidia;o__Bacteroidales;f__Bacteroidaceae;g__Bacteroides;s__Bacteroides_fluxus	k__Bacteria;p__Bacteroidetes;c__Bacteroidia;o__Bacteroidales;f__Prevotellaceae;g__Prevotella;s__Prevotella_stercorea	k__Bacteria;p__Firmicutes;c__Clostridia;o__Clostridiales;f__Lachnospiraceae;g__Dorea;s__Dorea_longicatena	k__Bacteria;p__Firmicutes;c__Clostridia;o__Clostridiales;f__Eubacteriaceae;g__Eubacterium;s__[Eubacterium]_eligens	k__Bacteria;p__Firmicutes;c__Clostridia;o__Clostridiales;f__Ruminococcaceae;g__;s__Ruminococcaceae_bacterium_D16	k__Bacteria;p__Firmicutes;c__Clostridia;o__Clostridiales;f__Lachnospiraceae;g__Coprococcus;s__Coprococcus_comes	k__Bacteria;p__Proteobacteria;c__Gammaproteobacteria;o__Enterobacterales;f__Enterobacteriaceae;g__Escherichia;s__Escherichia_coli	k__Bacteria;p__Firmicutes;c__Clostridia;o__Clostridiales;f__Ruminococcaceae;g__Anaerotruncus;s__Anaerotruncus_colihominis	k__Bacteria;p__Firmicutes;c__Clostridia;o__Clostridiales;f__Lachnospiraceae;g__Blautia;s__Blautia_obeum	k__Bacteria;p__Bacteroidetes;c__Bacteroidia;o__Bacteroidales;f__Odoribacteraceae;g__Odoribacter;s__Odoribacter_laneus	k__Bacteria;p__Firmicutes;c__Clostridia;o__Clostridiales;f__Ruminococcaceae;g__Ruminiclostridium;s__[Clostridium]_leptum	k__Bacteria;p__Bacteroidetes;c__Bacteroidia;o__Bacteroidales;f__Porphyromonadaceae;g__Parabacteroides;s__Parabacteroides_goldsteinii	k__Bacteria;p__Firmicutes;c__Clostridia;o__Clostridiales;f__Lachnospiraceae;g__Anaerostipes;s__Anaerostipes_hadrus	k__Bacteria;p__Firmicutes;c__Clostridia;o__Clostridiales;f__Ruminococcaceae;g__Ruminococcus;s__Ruminococcus_lactaris	k__Bacteria;p__Firmicutes;c__Clostridia;o__Clostridiales;f__Clostridiaceae;g__Clostridium;s__Clostridium_sp._L2-50	k__Bacteria;p__Firmicutes;c__Clostridia;o__Clostridiales;f__Clostridiaceae;g__Clostridium;s__Clostridium_sp._M62/1	k__Bacteria;p__Firmicutes;c__Clostridia;o__Clostridiales;f__;g__Intestinimonas;s__Intestinimonas_butyriciproducens	k__Bacteria;p__Actinobacteria;c__Actinobacteria;o__Bifidobacteriales;f__Bifidobacteriaceae;g__Bifidobacterium;s__Bifidobacterium_bifidum	k__Bacteria;p__Firmicutes;c__Negativicutes;o__Veillonellales;f__Veillonellaceae;g__Dialister;s__Dialister_invisus	k__Bacteria;p__Bacteroidetes;c__Bacteroidia;o__Bacteroidales;f__Bacteroidaceae;g__Bacteroides;s__Bacteroides_salanitronis
k__Bacteria;p__Bacteroidetes;c__Bacteroidia;o__Bacteroidales;f__Bacteroidaceae;g__Bacteroides;s__Bacteroides_vulgatus	1.0	-0.0896839783996	0.00740731106013	0.00793211618422	-0.0396455923005	0.00718467240399	-0.0648600168316	0.043371407098	-0.059322237334	0.0302045466689	0.0288592470452	0.00299074753338	-0.0444666701996	0.0723862636647	-0.0626566573098	-0.00873672166837	0.0322541666433	-0.140581993179	-0.0192664417762	-0.0661472066627	-0.0277547222636	-0.127965748266	-0.110053891863	-0.076891317354	0.0453638343877	-0.0917258853504	-0.020825704307	-0.0789463501426	-0.00772306312035	0.0674707351688	-0.0365860967748	-0.0685918096136	0.055114387937	0.0656853159511	0.048640277741	0.0612877669439	-0.0789753204224	-0.0646194921248	-0.0663187581934	0.0204605513976	-0.0990579684656	0.0240488485398	-0.0134911807829	-0.0868774064458	-0.0510597975819	-0.0644132584725	-0.0639219766461	-0.0228411778829	0.0535229071895	0.0410405750655	-0.138137469515	-0.0470745976188	-0.0306695388751	-0.143266460958	-0.0473918115192	0.0754192212252	-0.167042185892	-0.0465170242365	0.0168194184755
k__Bacteria;p__Bacteroidetes;c__Bacteroidia;o__Bacteroidales;f__Bacteroidaceae;g__Bacteroides;s__Bacteroides_uniformis	-0.0896839783996	1.0	-0.0241482785244	-0.0871942180413	-0.0399870637751	0.00618470847963	-0.115321096804	-0.080484166265	0.0261745446607	0.0237460383605	0.0584045206345	-0.21127847831	-0.0812893620196	-0.0618982437395	0.0718472099514	-0.00621771481382	0.00299771257323	-0.0671122546771	0.0126937225677	-0.099004319496	-0.0412623420572	0.0750978223544	-0.102233838226	7.62519830171e-05	-0.134036334537	-0.0946287005803	0.141825342356	-0.135273229787	-0.057338021093	-0.00928209836706	0.0616912838205	0.00318969561766	-0.050556628244	0.00365317395685	-0.043840118787	-0.0845751058867	0.0442476180961	-0.0147869352828	-0.0287163251967	0.0517099358584	0.0174973555006	-0.089849389883	-0.0479442816593	0.0313108056362	-0.0514816750253	-0.0211262697986	-0.103184653903	-0.0198776736105	0.01589195328	-0.0205832885854	-0.0801427810528	-0.0358517613865	0.0772575373471	-0.0872530678353	-0.100422022287	0.065785142533	0.0669671120086	-0.0416107855293	-0.00569562133025
k__Bacteria;p__Bacteroidetes;c__Bacteroidia;o__Bacteroidales;f__Rikenellaceae;g__Alistipes;s__Alistipes_putredinis	0.00740731106013	-0.0241482785244	1.0	0.012518664487	-0.0327133109349	-0.0739193396917	-0.100509096893	0.0121867548867	0.026085680065	-0.0224901806147	0.0331444019401	0.0241660999235	0.0123492659041	0.0340889355059	0.0342574410261	0.00181636264668	-0.0474427816573	-0.171298341493	0.0348605551768	-0.0662733232014	-0.0085263764925	0.0276819015952	-0.109078746026	0.0160435292309	-0.0377164498599	-0.00522820907719	-0.0729686318491	-0.0257927991135	0.0495772106163	0.0150028502784	-0.104113217001	0.018957844219	0.0794577027008	-0.0350445499295	-0.0723390831526	-0.104117819616	-0.0506083638925	0.0791121519517	-0.0312237379748	-0.0164609402491	-0.11303118227	0.0286079404181	-0.101541596137	-0.0623693688548	-0.0762145302608	-0.0172823134428	-0.0649761737671	-0.0570471512901	-0.0216427840768	-0.0705014624267	-0.126490101619	-0.0808060545972	0.0276529042331	-0.0262100894002	0.0366626976475	0.00534612439655	-0.0259267829641	0.0125378315361	0.0336564536492
k__Bacteria;p__Bacteroidetes;c__Bacteroidia;o__Bacteroidales;f__Prevotellaceae;g__Prevotella;s__Prevotella_copri	0.00793211618422	-0.0871942180413	0.012518664487	1.0	-0.0712784233638	0.0133851106596	-0.0913342781008	-0.0467222894878	-0.0244618891193	-0.0576958175091	0.112476745666	-0.0670679952847	-0.00957491183517	-0.131821181315	-0.0620416057861	0.0509953673426	-0.0329807559242	0.0338613286874	0.00535776791707	-0.176264631181	-0.110355430386	-0.0467944868461	0.00297980169207	-0.0876793855046	-0.0666378575884	0.0290189765413	-0.0354696347507	0.0514098225909	-0.00300225236961	-0.050576101927	0.0318037339632	-0.0396923635045	0.0169170210378	-0.0520048105466	-0.0135517679598	0.0215416593614	0.060477586835	-0.0351363739264	-0.101711561051	0.0374683481758	-0.0193162739435	0.0373929960468	-0.0429606912773	-0.00245819190855	0.047844822542	0.00781489780773	-0.0821060318798	-0.0867153017733	0.0540566129973	-0.0436056790813	0.0831856665408	-0.0404183909407	-0.0165692441478	0.0675767045045	-0.0702228125993	-0.00617723875439	0.0405226784264	-0.0107905882952	-0.12891553278
k__Bacteria;p__Bacteroidetes;c__Bacteroidia;o__Bacteroidales;f__Bacteroidaceae;g__Bacteroides;s__Bacteroides_stercoris	-0.0396455923005	-0.0399870637751	-0.0327133109349	-0.0712784233638	1.0	-0.0159835945776	-0.0354953360824	0.0203999812105	-0.00901848717334	-0.0891078831608	-0.130536422558	-0.109196913841	0.00932427490916	0.0803782367233	-0.0528279492904	0.016894106876	-0.00659544856253	-0.0557577940571	-0.0267806681445	0.047768010201	-0.0651969730431	-0.0890060018934	-0.0277797926329	0.00628182486171	0.000892923803221	-0.0871778260307	-0.0158270565202	-0.00359607798315	0.0708401269878	-0.0580170720412	-0.0861139702549	-0.0449228807822	-0.0351873680088	0.0203834310076	-0.0090923084713	0.00656757098342	0.114898438129	-0.0254445677472	-0.0239213830319	0.0170362302504	-0.0781270314396	-0.0563128220204	-0.0969364075437	0.0141249986612	0.0104428809579	0.0239579191435	-0.0932900999818	-0.0498876143762	0.0055843936046	0.0505158560513	0.0170073156756	0.0067709589914	-0.0784657057169	-0.0645536175677	0.0360554237811	-0.0114323948707	-0.049065626888	0.0254389996249	-0.0849559036891
k__Bacteria;p__Bacteroidetes;c__Bacteroidia;o__Bacteroidales;f__Bacteroidaceae;g__Bacteroides;s__Bacteroides_ovatus	0.00718467240399	0.00618470847963	-0.0739193396917	0.0133851106596	-0.0159835945776	1.0	-0.0544956338116	-0.0341175164385	-0.0524114415379	-0.122647779071	-0.0116291016489	0.00139184331974	-0.0404170807283	0.0176772531702	-0.0221264754817	-0.0938641038908	0.0749257872266	0.0478245416517	-0.0231535205635	-0.0538044252117	-0.0378263157442	-0.139946525899	-0.0602179617273	-0.110154074486	-0.0434965578601	0.0198874492078	-0.0356950455556	-0.0607543176556	-0.087247979816	-0.00980304974507	-0.0173512663516	-0.073568998704	-0.0674656312271	-0.017164318651	-0.00822466477339	-0.00614381978365	-0.0532225760015	-0.0645627273367	-0.166316025602	-0.0143531757714	-0.0752436573758	-0.0772184864917	-0.118912856297	0.0163964996521	-0.0789659461168	-0.0317715735137	0.044266626595	-0.098680533536	-0.0446159563433	-0.0576255395995	0.0791584669567	-0.0572818088493	-0.0745073479895	0.01001233879	-0.0670178607089	-0.056213811211	-0.0488301927162	-0.00352564109629	0.00297818140551
k__Bacteria;p__Bacteroidetes;c__Bacteroidia;o__Bacteroidales;f__Rikenellaceae;g__Alistipes;s__Alistipes_shahii	-0.0648600168316	-0.115321096804	-0.100509096893	-0.0913342781008	-0.0354953360824	-0.0544956338116	1.0	-0.0332558375118	-0.0993851535173	-0.0343273876053	-0.148053667216	0.0269532798829	-0.12536276626	-0.0542217094898	-0.0803947936489	0.0447117341642	0.00943896861505	-0.0479650182376	0.0261820884711	0.00387670473625	0.013917395898	-0.0323955429032	-0.0593080448417	-0.0431046079269	-0.0577658292622	-0.0506708276688	-0.082841855862	0.0271223029686	0.0556844075341	0.076422042154	-0.000586326079839	-0.11960794147	-0.134346354909	-0.0534449518262	-0.0216973282032	-0.0147929243384	-0.147196266684	0.0166672687514	0.0691659957716	0.0910533911336	-0.00336389612301	-0.0364911014556	0.0185771737633	-0.0433527132909	0.0754830255858	0.0562327486811	0.0279739623768	-0.122645723943	-0.0140424866173	-0.0249779432475	-0.0618608293454	0.0116480558879	-0.0160870504196	-0.0671633833015	-0.0551340651941	-0.0744381675564	0.0615533182641	-0.0798026585605	0.0814003685738
k__Bacteria;p__Firmicutes;c__Clostridia;o__Clostridiales;f__Ruminococcaceae;g__Faecalibacterium;s__Faecalibacterium_prausnitzii	0.043371407098	-0.080484166265	0.0121867548867	-0.0467222894878	0.0203999812105	-0.0341175164385	-0.0332558375118	1.0	0.00388604004311	-0.0211791601875	-0.105862611841	-0.132654265458	0.0370616091713	-0.0156683724885	0.0431110043768	-0.0782128088916	-0.0863327698052	0.0075581711953	-0.0672425939661	0.0427480685411	-0.046893944683	-0.0452434417693	0.0345131914084	0.0311572187852	-0.055111740721	-0.0495238089198	0.000156594488629	-0.0356898687154	0.00602889729537	0.00228810289983	-0.0349538788387	-0.113005619438	-0.10841610548	-0.0429426722295	-0.110246908988	0.0262888057913	0.0857545969275	-0.0245914273984	-0.0671167641181	0.0131249279534	0.0141764304686	0.00664135152811	0.0275949810651	-0.0153980588808	-0.0786003195686	0.0747543133822	-0.0378568106774	0.0458352051699	0.00922108947132	-0.17129226142	-0.129481705145	-0.0638020321953	-0.0477452271989	-0.000818072115818	-0.0875948543723	-0.0708649550752	-0.0601851349993	-0.052305872577	-0.107620686667
k__Bacteria;p__Bacteroidetes;c__Bacteroidia;o__Bacteroidales;f__Rikenellaceae;g__Alistipes;s__Alistipes_finegoldii	-0.059322237334	0.0261745446607	0.026085680065	-0.0244618891193	-0.00901848717334	-0.0524114415379	-0.0993851535173	0.00388604004311	1.0	-0.00577422618522	-0.0499397229126	-0.070430228981	-0.0122452947623	0.00303071377156	-0.00446856388657	-0.0572148103129	-0.100856542982	0.0173174049297	0.0350850760966	-0.0119378455608	0.0630210737084	0.0541887084675	-0.0535722861642	0.0373360563386	-0.0280156901037	-0.0548612514287	-0.11523257164	-0.0589759334107	-0.00773211579733	-0.035245295248	-0.153428693194	0.0804667567894	-0.104240859762	0.0673709031864	0.00152021812063	-0.0922315308001	-0.0348329056121	-0.0498859661612	-0.129541574764	-0.0581034490208	-0.0607349074287	-0.0386615564986	-0.000630593154269	-0.0479172428362	-0.0285793616034	-0.0815122615568	-0.171650551435	-0.0607163900287	-0.0299909433774	0.0123769317974	-0.041061990658	-0.0358300709848	-0.0545276117949	0.0112956609377	-0.0384808119226	-0.00713618995825	0.031283956685	0.0111113378063	-0.00409294445005
k__Bacteria;p__Bacteroidetes;c__Bacteroidia;o__Bacteroidales;f__Porphyromonadaceae;g__Parabacteroides;s__Parabacteroides_distasonis	0.0302045466689	0.0237460383605	-0.0224901806147	-0.0576958175091	-0.0891078831608	-0.122647779071	-0.0343273876053	-0.0211791601875	-0.00577422618522	1.0	-0.0229993866655	0.0108473956367	-0.059131106848	-0.0401776402263	-0.0282873222842	-0.0386656244583	-0.048751847128	-0.0833423505804	-0.0762306678127	-0.0667419021734	0.0421720615779	-0.0543593475369	0.0223941256172	-0.0733757472138	-0.0883255828309	-0.0283380697051	-0.00586579969183	0.00914017444381	-0.0144085753455	0.0272789192755	-0.0972381850587	-0.0936496231912	0.0021332730615	0.0835565642065	0.130520120135	-0.0848889392588	0.0182670832325	-0.020359121695	-0.00190791165273	-0.0178971078187	0.104273873558	-0.0525554392638	-0.0592344594701	-0.0940167650366	0.0521095074917	-0.0999088211062	0.0210046300268	-0.0698157002502	0.0514295292968	0.00216377627161	0.0225952505017	0.000206756743503	-0.0644222937788	-0.0750070925962	-0.0282232668976	-0.0267554023873	-0.0234542830251	-0.0034736703972	0.0658713083541
k__Bacteria;p__Bacteroidetes;c__Bacteroidia;o__Bacteroidales;f__Bacteroidaceae;g__Bacteroides;s__Bacteroides_thetaiotaomicron	0.0288592470452	0.0584045206345	0.0331444019401	0.112476745666	-0.130536422558	-0.0116291016489	-0.148053667216	-0.105862611841	-0.0499397229126	-0.0229993866655	1.0	-0.0316040118586	-0.081369915126	-0.0960552829681	-0.0472899450322	0.0282843332917	-0.0721902576706	0.0559472209955	0.00472790362506	-0.0240511020772	-0.106681638988	-0.0253643757629	-0.0252646137749	0.00330785508541	-0.0499688714451	-0.0492383320366	0.0351089978081	0.0287934475088	0.0373476683702	-0.0293286296148	0.0161513608909	0.00356376990759	0.0536367706184	0.0834148106552	-0.0628052750511	0.04141740992	0.00547581200371	-0.134015738021	-0.00581100143471	-0.138568766093	0.0670163254131	-0.0877064139246	-0.0383735323299	0.0606673957562	0.0140153570792	-0.0184899525843	-0.00771726491168	0.0947889913207	-0.114308552178	-0.0283800119595	0.0415356492359	-0.0943317909129	-0.0684711350372	-0.0979115888943	-0.0301025744864	0.0521124829392	-0.0491999830599	-0.00876876275412	-0.131827830414
k__Bacteria;p__Bacteroidetes;c__Bacteroidia;o__Bacteroidales;f__Bacteroidaceae;g__Bacteroides;s__Bacteroides_coprocola	0.00299074753338	-0.21127847831	0.0241660999235	-0.0670679952847	-0.109196913841	0.00139184331974	0.0269532798829	-0.132654265458	-0.070430228981	0.0108473956367	-0.0316040118586	1.0	-0.0217309199939	-0.0623152659356	0.0926756119367	-0.0195376964568	-0.0126387718595	0.0204094388786	-0.0846833041669	0.0294687477536	-0.10122788828	0.0505109053934	-0.0851619777641	0.0113249155555	-0.0258971339696	-0.0968859969769	-0.0974105013856	0.0979155105542	0.0420620132256	-0.0143487909706	-0.0433133521817	-0.000420844937892	0.0160844420333	0.00685940653088	0.00595454231303	-0.118383626038	-0.110196892538	-0.0096838892915	-0.0222090581549	-0.144386023667	-0.0544974910498	0.0100339365889	0.0224982693292	-0.0722566903839	-0.0587716008452	-0.0557605522414	0.0407313719627	-0.0140979046413	-0.122408061432	-0.139997326084	0.0302176740792	0.0419331972669	-0.118615239502	-0.0583777539681	0.0143817410444	-0.0646589338401	-0.0302012004711	-0.0317940881086	-0.00822477960197
k__Bacteria;p__Bacteroidetes;c__Bacteroidia;o__Bacteroidales;f__Bacteroidaceae;g__Bacteroides;s__Bacteroides_cellulosilyticus	-0.0444666701996	-0.0812893620196	0.0123492659041	-0.00957491183517	0.00932427490916	-0.0404170807283	-0.12536276626	0.0370616091713	-0.0122452947623	-0.059131106848	-0.081369915126	-0.0217309199939	1.0	-0.026169257923	0.0101376622199	-0.0473647240545	-0.0815544223165	-0.0565229135498	-0.056638436715	-0.0148570807407	0.0222088756267	0.0777969254758	0.0199812192948	0.0890632991204	0.0975344471656	-0.0247255288252	-0.0496250725567	-0.00223219935439	-0.0308604671055	-0.123413666968	-0.0543200054149	-0.0772479406426	0.00266133170564	-0.013156450729	0.0183455400542	-0.0379959407544	-0.000655737360909	-0.040916276369	0.032953436281	0.0215340017425	-0.0715561359151	-0.103975078026	0.00622612288532	-0.0960686657435	-0.0142551004031	-0.0358482989937	0.0190732231067	-0.0373735106765	-0.167712343594	-0.100202463278	-0.0294430752333	0.0300877698119	-0.065125061503	-0.0504201342345	0.0189522787981	-0.0150203158167	-0.00957715078909	0.0991812862251	0.0858997720684
k__Bacteria;p__Bacteroidetes;c__Bacteroidia;o__Bacteroidales;f__Rikenellaceae;g__Alistipes;s__Alistipes_obesi	0.0723862636647	-0.0618982437395	0.0340889355059	-0.131821181315	0.0803782367233	0.0176772531702	-0.0542217094898	-0.0156683724885	0.00303071377156	-0.0401776402263	-0.0960552829681	-0.0623152659356	-0.026169257923	1.0	-0.0076546608388	0.000414083591219	-0.0431015529052	-0.129583112911	-0.0832270016593	-0.00106173349472	-0.0993892362067	0.0468113651818	0.0546863128698	-0.0067443758594	-0.149572505413	3.81423524697e-05	-0.064080612942	0.0827133921086	-0.0487586581537	0.00531186752184	0.0160598105777	-0.0617709192939	0.0176151765512	0.0253548181634	0.0120427895681	0.00657809850113	-0.0841236810594	0.0759789206134	-0.12172903023	-0.00222094876096	0.0161798927408	0.0211439743661	-0.182894061113	-0.0691481754558	0.0320612188125	-0.0483628989071	-0.052303262383	-0.0563215886358	-0.0333765914975	0.0701913883342	-0.0846424222767	0.000243761845201	-0.0245477144963	-0.0790653841943	-0.00782350025487	-0.00574239113177	-0.00204715748023	0.0204035067296	-0.0358040553754
k__Bacteria;p__Firmicutes;c__Clostridia;o__Clostridiales;f__Lachnospiraceae;g__;s__[Eubacterium]_rectale	-0.0626566573098	0.0718472099514	0.0342574410261	-0.0620416057861	-0.0528279492904	-0.0221264754817	-0.0803947936489	0.0431110043768	-0.00446856388657	-0.0282873222842	-0.0472899450322	0.0926756119367	0.0101376622199	-0.0076546608388	1.0	0.0584654303386	-0.0514974385335	-0.093986256375	-0.0549706744075	-0.0521275998786	0.121349178398	0.00325227578866	-0.0246092304258	-0.106358944368	0.0813379396532	-0.0236332834634	-0.0126785068368	-0.073445115098	0.168953991491	-0.0112350598531	-0.0680364553117	-0.0880073545245	0.0758368324923	0.104575777748	0.0453463608541	-0.00186165833787	0.0244492188667	-0.1536331921	0.00612667352122	-0.0848570734202	-0.0398939809051	0.0204758154369	-0.02467209604	-0.0706763986121	-0.0960289568699	-0.00444229391937	-0.0965701268398	-0.0632994043071	-0.031085832535	0.00877524175955	0.0495884116506	-0.0761872590714	-0.0650399833216	-0.0396906844673	-0.0500349382185	0.0202455004855	-0.125727773544	-0.00878477859235	-0.0539435480932
k__Bacteria;p__Bacteroidetes;c__Bacteroidia;o__Bacteroidales;f__Bacteroidaceae;g__Bacteroides;s__Bacteroides_plebeius	-0.00873672166837	-0.00621771481382	0.00181636264668	0.0509953673426	0.016894106876	-0.0938641038908	0.0447117341642	-0.0782128088916	-0.0572148103129	-0.0386656244583	0.0282843332917	-0.0195376964568	-0.0473647240545	0.000414083591219	0.0584654303386	1.0	0.00288255026952	-0.0332094846692	-0.0211892621697	-0.0209831928622	-0.0283421825868	-0.0659761667803	-0.024558713922	-0.164033064648	0.0242402877429	0.0415641950343	-0.0230338620301	-0.115964872967	-0.0673762954006	-0.125554086276	-0.0194707794887	-0.00984555434741	0.042174006482	-0.00852316862801	-0.0339504750853	0.0328544664432	-0.103990709166	0.0170827499703	0.055240342186	-0.0401364913374	-0.0441876002584	0.0370645965781	-0.0910597292517	0.0151070712356	-0.0350524005675	0.0200820006405	-0.110230346665	-0.116497840453	0.0432896504038	0.00463041569384	-0.105933062224	0.00743818081232	0.0511931533204	-0.110539965625	0.0108842254525	0.0263397799469	0.00424420087701	0.0400066160837	0.0325148224811
k__Bacteria;p__Bacteroidetes;c__Bacteroidia;o__Bacteroidales;f__Bacteroidaceae;g__Bacteroides;s__Bacteroides_fragilis	0.0322541666433	0.00299771257323	-0.0474427816573	-0.0329807559242	-0.00659544856253	0.0749257872266	0.00943896861505	-0.0863327698052	-0.100856542982	-0.048751847128	-0.0721902576706	-0.0126387718595	-0.0815544223165	-0.0431015529052	-0.0514974385335	0.00288255026952	1.0	-0.105884199523	-0.0612286638671	0.036604533856	0.0821325447884	-0.0953103439678	0.00878116349098	-0.0239957978731	0.00288413283251	-0.0595649626233	-0.0136379151358	0.081889968107	-0.0120971822837	-0.0480466858459	-0.0871774531621	-0.0867082526746	-0.0529487090657	-0.0287360071936	0.0120649967166	0.0531492958315	0.089986077742	-0.0929007656696	0.0253782668394	0.0422030377275	0.0656779927232	-0.0348520275416	0.00491651838018	-0.0225258475111	-0.0650310297888	-0.093692637289	0.0332365730423	-0.0917619666531	-0.0397238638407	-0.0780191326996	-0.081762163127	-0.0560835898719	-0.0115508607398	-0.106235648518	-0.0438345421428	-0.0503017593927	-0.0376286576609	-0.0195696245545	-0.0150434842918
k__Bacteria;p__Proteobacteria;c__Betaproteobacteria;o__Burkholderiales;f__Sutterellaceae;g__Sutterella;s__Sutterella_wadsworthensis	-0.140581993179	-0.0671122546771	-0.171298341493	0.0338613286874	-0.0557577940571	0.0478245416517	-0.0479650182376	0.0075581711953	0.0173174049297	-0.0833423505804	0.0559472209955	0.0204094388786	-0.0565229135498	-0.129583112911	-0.093986256375	-0.0332094846692	-0.105884199523	1.0	0.0251936250606	-0.0233780253682	-0.0410319933827	-0.0235694846523	-0.106295585791	-0.0091340670562	-0.0214076776405	-0.125706604591	-0.0646928864833	-0.070318295625	-0.0994241876949	-0.106441771872	-0.025816077556	-0.0320400346741	-0.084752014563	0.0286614129877	-0.0495696785085	-0.0954087726451	0.0384918042653	0.0206053943438	-0.0170730297029	0.0121906572153	0.0523632694094	-0.0120846638153	0.0309805133249	0.0321931982558	-0.00365751275056	0.0196570275574	-0.0200621278531	-0.0113295929516	-0.0293102777018	-0.108774112563	-0.0533182327187	-0.0440023164548	0.00941797168539	-0.111580832692	-0.0430352573422	-0.0519884658893	-0.00386896585629	-0.0234381996004	-0.0637890427673
k__Bacteria;p__Bacteroidetes;c__Bacteroidia;o__Bacteroidales;f__Porphyromonadaceae;g__Barnesiella;s__Barnesiella_intestinihominis	-0.0192664417762	0.0126937225677	0.0348605551768	0.00535776791707	-0.0267806681445	-0.0231535205635	0.0261820884711	-0.0672425939661	0.0350850760966	-0.0762306678127	0.00472790362506	-0.0846833041669	-0.056638436715	-0.0832270016593	-0.0549706744075	-0.0211892621697	-0.0612286638671	0.0251936250606	1.0	-0.0707645224068	0.0404993299594	0.0262485136327	-0.0715224820471	-0.0688540835643	-0.0431768833517	-0.0564887859671	-0.0649049740193	-0.101485488399	-0.0756684205361	0.0471613807983	-0.0456029418244	0.0777857436453	0.0247191429461	-0.130004979785	-0.0417281621106	0.130915044488	0.0180766265025	0.0468547381639	-0.00075754189313	-0.0855436495724	-0.0623729389573	0.0180856005007	-0.0688627032886	-0.115096123899	0.0108902291171	-0.0672483497713	0.0589042367538	-0.0802262227449	-0.121535477228	-0.0281280698185	-0.034631585986	-0.0432550125328	0.0822282968577	-0.0787871610863	-0.0356924969514	0.0314669979173	-0.0503115924609	-0.0154164423745	0.0560670211044
k__Bacteria;p__Bacteroidetes;c__Bacteroidia;o__Bacteroidales;f__Odoribacteraceae;g__Odoribacter;s__Odoribacter_splanchnicus	-0.0661472066627	-0.099004319496	-0.0662733232014	-0.176264631181	0.047768010201	-0.0538044252117	0.00387670473625	0.0427480685411	-0.0119378455608	-0.0667419021734	-0.0240511020772	0.0294687477536	-0.0148570807407	-0.00106173349472	-0.0521275998786	-0.0209831928622	0.036604533856	-0.0233780253682	-0.0707645224068	1.0	-0.0850483154282	-0.049447487285	-0.0527619174605	0.00481583473354	-0.0624229202338	-0.0553462853548	-0.0737682252877	0.0454046020304	-0.106772774165	-0.00877058562244	-0.0227526737836	-0.116169571769	0.0779184721409	-0.00685771850162	0.00783635551681	-0.0421617236162	-0.00433339288712	-0.067757415474	0.0076839405086	-0.107832305215	-0.0243212254924	-0.0614651230882	-0.0565704638083	-0.0994170019196	0.0374859155233	-0.0666133332509	0.0604784941144	-0.00960941598311	0.0366602851836	-0.0877380185131	0.0395550712038	-0.133509707614	-0.100499643788	-0.0181613211295	-0.00415229045843	-0.0395647470998	-0.0676445369442	0.0545977748532	-0.0475515126298
k__Bacteria;p__Bacteroidetes;c__Bacteroidia;o__Bacteroidales;f__Bacteroidaceae;g__Bacteroides;s__Bacteroides_salyersiae	-0.0277547222636	-0.0412623420572	-0.0085263764925	-0.110355430386	-0.0651969730431	-0.0378263157442	0.013917395898	-0.046893944683	0.0630210737084	0.0421720615779	-0.106681638988	-0.10122788828	0.0222088756267	-0.0993892362067	0.121349178398	-0.0283421825868	0.0821325447884	-0.0410319933827	0.0404993299594	-0.0850483154282	1.0	-0.123345858076	-0.0235290821516	-0.0389982777971	-0.0498085865112	-0.131371159326	-0.120126424101	0.10451500752	-0.0600463434898	-0.0232154672506	-0.0036418894054	0.0112297866484	0.0690738923391	0.017473078104	-0.0460961458639	-0.0914233990061	-0.0102834160987	-0.0374512688839	-0.0300826303942	0.0302579665993	-0.0492385820585	-0.0334278911962	0.008157443425	-0.0975198066823	-0.0116989661755	-0.0751705029051	0.0104291457758	-0.0782715809084	-0.0145277147028	0.0158719586007	-0.0881204063289	-0.00323553390356	-0.0200275263529	0.0337117178856	-0.0625008626488	-0.0451236662527	0.0232107169482	0.0522646906838	0.0741980927567
k__Bacteria;p__Firmicutes;c__Clostridia;o__Clostridiales;f__Ruminococcaceae;g__Ruminiclostridium;s__[Eubacterium]_siraeum	-0.127965748266	0.0750978223544	0.0276819015952	-0.0467944868461	-0.0890060018934	-0.139946525899	-0.0323955429032	-0.0452434417693	0.0541887084675	-0.0543593475369	-0.0253643757629	0.0505109053934	0.0777969254758	0.0468113651818	0.00325227578866	-0.0659761667803	-0.0953103439678	-0.0235694846523	0.0262485136327	-0.049447487285	-0.123345858076	1.0	0.0195743474875	0.0344264677315	-0.0164005044669	0.00127405561423	-0.0708769221339	-0.0201127287748	-0.0771966744394	-0.122862635706	-0.0391484434314	-0.0700926549639	-0.0426205671177	-0.0831808577757	-0.0734723325355	-0.0776611602192	-0.111016833789	-0.0223600108717	-0.037062162678	-0.123935519455	0.0490751441782	-0.0241043698234	-0.10499344897	0.0167347557918	-0.00884324860191	-0.105731790855	0.000222024180086	-0.113663637631	0.0111582751922	-0.00709326848969	-0.0534140860199	0.0982284173683	0.0745359590471	-0.0159736544057	-0.00691826236777	-0.0806301591872	-0.0256439460397	-0.0408202925423	0.088190399795
k__Bacteria;p__Proteobacteria;c__Betaproteobacteria;o__Burkholderiales;f__Sutterellaceae;g__Parasutterella;s__Parasutterella_excrementihominis	-0.110053891863	-0.102233838226	-0.109078746026	0.00297980169207	-0.0277797926329	-0.0602179617273	-0.0593080448417	0.0345131914084	-0.0535722861642	0.0223941256172	-0.0252646137749	-0.0851619777641	0.0199812192948	0.0546863128698	-0.0246092304258	-0.024558713922	0.00878116349098	-0.106295585791	-0.0715224820471	-0.0527619174605	-0.0235290821516	0.0195743474875	1.0	-0.0711764278528	-0.118249034317	0.06215950956	-0.0921916125981	-0.111474357899	0.159651891304	-0.0723249974715	-0.0655516927434	0.0210502367306	-0.0565212895761	0.0135267394324	0.00588228951245	-0.010876026003	0.0254911699356	-0.0227675465841	-0.0491006382151	-0.0524710622547	0.0220172714285	-0.0150238868531	-0.154010792757	0.0156893167638	-0.00401934888763	-0.0674966034289	0.0172269859784	0.00155641285423	-0.0433195009904	-0.124597176099	-0.0123357327705	0.0407765005465	-0.0540457632298	0.0217110389471	-0.0584659435842	-0.101967349539	-0.143286492595	0.014491443092	0.00731468909573
k__Bacteria;p__Actinobacteria;c__Actinobacteria;o__Bifidobacteriales;f__Bifidobacteriaceae;g__Bifidobacterium;s__Bifidobacterium_adolescentis	-0.076891317354	7.62519830171e-05	0.0160435292309	-0.0876793855046	0.00628182486171	-0.110154074486	-0.0431046079269	0.0311572187852	0.0373360563386	-0.0733757472138	0.00330785508541	0.0113249155555	0.0890632991204	-0.0067443758594	-0.106358944368	-0.164033064648	-0.0239957978731	-0.0091340670562	-0.0688540835643	0.00481583473354	-0.0389982777971	0.0344264677315	-0.0711764278528	1.0	-0.0319750557876	0.0528866806083	0.0128543018698	-0.140245663316	0.0106567495827	0.0758814749237	0.0107097242921	-0.0256870551377	-0.0745333049778	0.091377798374	-0.0294061122082	-0.13074644964	-0.0636198995739	-0.149291350645	-0.0914923592459	-0.0219198752172	-0.02268276218	-0.00686989403673	0.00593409637111	-0.0163258686526	0.0532420081236	-0.0562588219954	0.0101390143331	-0.0449460375582	-0.0409186316149	-0.141872340654	-0.0306549107077	-0.093952509452	-0.0241432746142	0.0454645599802	-0.0455136384649	-0.112934717829	-0.0255897100117	-0.000219309784637	0.043187798151
k__Bacteria;p__Firmicutes;c__Clostridia;o__Clostridiales;f__Oscillospiraceae;g__Oscillibacter;s__Oscillibacter_sp._KLE_1745	0.0453638343877	-0.134036334537	-0.0377164498599	-0.0666378575884	0.000892923803221	-0.0434965578601	-0.0577658292622	-0.055111740721	-0.0280156901037	-0.0883255828309	-0.0499688714451	-0.0258971339696	0.0975344471656	-0.149572505413	0.0813379396532	0.0242402877429	0.00288413283251	-0.0214076776405	-0.0431768833517	-0.0624229202338	-0.0498085865112	-0.0164005044669	-0.118249034317	-0.0319750557876	1.0	0.0215684340705	-0.0919691463501	0.0185139303464	-0.0160279010168	-0.0121915028417	-0.182172000471	0.0279347693346	-0.0220108203757	0.0212801565636	0.00124965127637	-0.0273453299735	0.0387993399091	-0.123499534107	-0.0720553209516	-0.018528913233	-0.0911669719649	-0.0454498637031	0.0887331478897	0.0315044643989	-0.0725184935015	-0.0318333689895	-0.035755242274	0.00376951958921	0.0249629085664	-0.0499495885335	0.0427094217016	-0.0074534031769	0.0697845610734	0.00350805406077	0.084523784622	-0.101210447527	-0.130457025099	-0.0157462092504	0.0642826102453
k__Bacteria;p__Bacteroidetes;c__Bacteroidia;o__Bacteroidales;f__Bacteroidaceae;g__Bacteroides;s__Bacteroides_coprophilus	-0.0917258853504	-0.0946287005803	-0.00522820907719	0.0290189765413	-0.0871778260307	0.0198874492078	-0.0506708276688	-0.0495238089198	-0.0548612514287	-0.0283380697051	-0.0492383320366	-0.0968859969769	-0.0247255288252	3.81423524697e-05	-0.0236332834634	0.0415641950343	-0.0595649626233	-0.125706604591	-0.0564887859671	-0.0553462853548	-0.131371159326	0.00127405561423	0.06215950956	0.0528866806083	0.0215684340705	1.0	0.0607285397662	-0.0593242520724	-0.139640576819	0.0629388154055	0.00916354269253	0.0290179776595	-0.0371032074197	-0.0180023187607	-0.069276562212	-0.0727335844608	-0.0133218438175	-0.0685254616731	-0.129165291251	-0.0646756736605	0.00407064173382	-0.0265264907327	-0.127599502527	-0.0475338251841	-0.0138718898465	0.0320672573045	-0.0376124859321	-0.0514916920179	-0.0469624158713	-0.0225663111733	0.0268768312125	-0.112353044225	0.0544720610968	0.0266368185721	-0.0350108486259	-0.113984510242	0.0675481709604	-0.097052616931	-0.0924778867969
k__Bacteria;p__Firmicutes;c__Clostridia;o__Clostridiales;f__Lachnospiraceae;g__Roseburia;s__Roseburia_intestinalis	-0.020825704307	0.141825342356	-0.0729686318491	-0.0354696347507	-0.0158270565202	-0.0356950455556	-0.082841855862	0.000156594488629	-0.11523257164	-0.00586579969183	0.0351089978081	-0.0974105013856	-0.0496250725567	-0.064080612942	-0.0126785068368	-0.0230338620301	-0.0136379151358	-0.0646928864833	-0.0649049740193	-0.0737682252877	-0.120126424101	-0.0708769221339	-0.0921916125981	0.0128543018698	-0.0919691463501	0.0607285397662	1.0	-0.0404764014744	-0.0870181524389	0.0285042687255	-0.0841939578909	-0.0419939145864	0.0451910386231	0.00841170893362	0.011113746212	0.0899089170036	0.0646084885217	-0.0857768393805	-0.0337354402883	-0.074985186587	0.0224817744948	0.0426770238101	-0.0165337812405	-0.0324686639442	-0.0653844356428	-0.0532598437876	-0.0873459147043	0.0524533603281	0.0169035390982	-0.0382923108247	0.0348994855324	-0.134521209548	-0.0134146818548	-0.109633195183	-0.262489620344	-0.0619042154676	0.0108723786186	-0.0944362449004	-0.0773820234955
k__Bacteria;p__Firmicutes;c__Clostridia;o__Clostridiales;f__Lachnospiraceae;g__Roseburia;s__Roseburia_hominis	-0.0789463501426	-0.135273229787	-0.0257927991135	0.0514098225909	-0.00359607798315	-0.0607543176556	0.0271223029686	-0.0356898687154	-0.0589759334107	0.00914017444381	0.0287934475088	0.0979155105542	-0.00223219935439	0.0827133921086	-0.073445115098	-0.115964872967	0.081889968107	-0.070318295625	-0.101485488399	0.0454046020304	0.10451500752	-0.0201127287748	-0.111474357899	-0.140245663316	0.0185139303464	-0.0593242520724	-0.0404764014744	1.0	-0.0186278601226	-0.0444340774531	-0.0607063592985	-0.034996290135	-0.0165559221454	-0.0683095028183	-0.0139910700344	-0.188896474159	-0.0296735257152	-0.0713875392739	0.00151879463789	0.0283125200755	0.0854585392136	-0.0302514435518	0.064452674064	0.00738011462291	0.00589177859641	-0.0200852509354	-0.057478163619	-0.043636483416	0.0326824715939	-0.0216358873426	-0.0114777847824	-0.080715653131	0.0159283257481	-0.0541768164356	-0.0970655581967	-0.0475120227978	-0.0189048647621	0.0245777996912	-0.0751276843578
k__Bacteria;p__Bacteroidetes;c__Bacteroidia;o__Bacteroidales;f__Porphyromonadaceae;g__Parabacteroides;s__Parabacteroides_johnsonii	-0.00772306312035	-0.057338021093	0.0495772106163	-0.00300225236961	0.0708401269878	-0.087247979816	0.0556844075341	0.00602889729537	-0.00773211579733	-0.0144085753455	0.0373476683702	0.0420620132256	-0.0308604671055	-0.0487586581537	0.168953991491	-0.0673762954006	-0.0120971822837	-0.0994241876949	-0.0756684205361	-0.106772774165	-0.0600463434898	-0.0771966744394	0.159651891304	0.0106567495827	-0.0160279010168	-0.139640576819	-0.0870181524389	-0.0186278601226	1.0	0.0487036953485	-0.0208604583161	0.0153170319783	-0.132808514245	0.0537663652442	0.096971392829	-0.0397671560832	-0.0552054487739	-0.0751882905236	0.00190784692183	0.0846731399686	-0.0625333303985	-0.0257219267302	0.0100346454434	-0.020703070748	0.048586025159	0.0534412872464	0.0667847978369	-0.0104371486718	-0.0104238381428	-0.0576146456615	-0.0423003600002	-0.0657520844385	-0.100387770493	-0.0697532356481	-0.0431948355636	0.0200124709502	-0.115942742605	-0.0960506939746	-0.0637116144264
k__Bacteria;p__Actinobacteria;c__Actinobacteria;o__Bifidobacteriales;f__Bifidobacteriaceae;g__Bifidobacterium;s__Bifidobacterium_longum	0.0674707351688	-0.00928209836706	0.0150028502784	-0.050576101927	-0.0580170720412	-0.00980304974507	0.076422042154	0.00228810289983	-0.035245295248	0.0272789192755	-0.0293286296148	-0.0143487909706	-0.123413666968	0.00531186752184	-0.0112350598531	-0.125554086276	-0.0480466858459	-0.106441771872	0.0471613807983	-0.00877058562244	-0.0232154672506	-0.122862635706	-0.0723249974715	0.0758814749237	-0.0121915028417	0.0629388154055	0.0285042687255	-0.0444340774531	0.0487036953485	1.0	-0.0113637842784	0.00770776702683	-0.010934676467	-0.0331290115743	-0.0123838988124	0.0791314543896	-0.0339769367492	-0.0627732818371	-0.00480006749819	-0.0437488000999	0.051836587164	0.0159201300938	-0.0707357939707	-0.0456453137052	-0.0413913385802	-0.0861073507234	0.133594737272	0.0276599883665	-0.0801606900087	-0.0179468929073	-0.0439134426659	-0.017309348057	-0.00746999291571	-0.0469483395036	-0.047603517852	0.00284346197543	0.0458348459828	-0.121018347108	-0.00424933220251
