#taxonomy	k__Bacteria;p__Bacteroidetes;c__Bacteroidia;o__Bacteroidales;f__Bacteroidaceae;g__Bacteroides;s__Bacteroides_vulgatus	k__Bacteria;p__Bacteroidetes;c__Bacteroidia;o__Bacteroidales;f__Bacteroidaceae;g__Bacteroides;s__Bacteroides_uniformis	k__Bacteria;p__Bacteroidetes;c__Bacteroidia;o__Bacteroidales;f__Rikenellaceae;g__Alistipes;s__Alistipes_putredinis	k__Bacteria;p__Bacteroidetes;c__Bacteroidia;o__Bacteroidales;f__Prevotellaceae;g__Prevotella;s__Prevotella_copri	k__Bacteria;p__Bacteroidetes;c__Bacteroidia;o__Bacteroidales;f__Bacteroidaceae;g__Bacteroides;s__Bacteroides_stercoris	k__Bacteria;p__Bacteroidetes;c__Bacteroidia;o__Bacteroidales;f__Bacteroidaceae;g__Bacteroides;s__Bacteroides_ovatus	k__Bacteria;p__Bacteroidetes;c__Bacteroidia;o__Bacteroidales;f__Rikenellaceae;g__Alistipes;s__Alistipes_shahii	k__Bacteria;p__Firmicutes;c__Clostridia;o__Clostridiales;f__Ruminococcaceae;g__Faecalibacterium;s__Faecalibacterium_prausnitzii	k__Bacteria;p__Bacteroidetes;c__Bacteroidia;o__Bacteroidales;f__Rikenellaceae;g__Alistipes;s__Alistipes_finegoldii	k__Bacteria;p__Bacteroidetes;c__Bacteroidia;o__Bacteroidales;f__Porphyromonadaceae;g__Parabacteroides;s__Parabacteroides_distasonis	k__Bacteria;p__Bacteroidetes;c__Bacteroidia;o__Bacteroidales;f__Bacteroidaceae;g__Bacteroides;s__Bacteroides_thetaiotaomicron	k__Bacteria;p__Bacteroidetes;c__Bacteroidia;o__Bacteroidales;f__Bacteroidaceae;g__Bacteroides;s__Bacteroides_coprocola	k__Bacteria;p__Bacteroidetes;c__Bacteroidia;o__Bacteroidales;f__Bacteroidaceae;g__Bacteroides;s__Bacteroides_cellulosilyticus	k__Bacteria;p__Bacteroidetes;c__Bacteroidia;o__Bacteroidales;f__Rikenellaceae;g__Alistipes;s__Alistipes_obesi	k__Bacteria;p__Firmicutes;c__Clostridia;o__Clostridiales;f__Lachnospiraceae;g__;s__[Eubacterium]_rectale	k__Bacteria;p__Bacteroidetes;c__Bacteroidia;o__Bacteroidales;f__Bacteroidaceae;g__Bacteroides;s__Bacteroides_plebeius	k__Bacteria;p__Bacteroidetes;c__Bacteroidia;o__Bacteroidales;f__Bacteroidaceae;g__Bacteroides;s__Bacteroides_fragilis	k__Bacteria;p__Proteobacteria;c__Betaproteobacteria;o__Burkholderiales;f__Sutterellaceae;g__Sutterella;s__Sutterella_wadsworthensis	k__Bacteria;p__Bacteroidetes;c__Bacteroidia;o__Bacteroidales;f__Porphyromonadaceae;g__Barnesiella;s__Barnesiella_intestinihominis	k__Bacteria;p__Bacteroidetes;c__Bacteroidia;o__Bacteroidales;f__Odoribacteraceae;g__Odoribacter;s__Odoribacter_splanchnicus	k__Bacteria;p__Bacteroidetes;c__Bacteroidia;o__Bacteroidales;f__Bacteroidaceae;g__Bacteroides;s__Bacteroides_salyersiae	k__Bacteria;p__Firmicutes;c__Clostridia;o__Clostridiales;f__Ruminococcaceae;g__Ruminiclostridium;s__[Eubacterium]_siraeum	k__Bacteria;p__Proteobacteria;c__Betaproteobacteria;o__Burkholderiales;f__Sutterellaceae;g__Parasutterella;s__Parasutterella_excrementihominis	k__Bacteria;p__Actinobacteria;c__Actinobacteria;o__Bifidobacteriales;f__Bifidobacteriaceae;g__Bifidobacterium;s__Bifidobacterium_adolescentis	k__Bacteria;p__Firmicutes;c__Clostridia;o__Clostridiales;f__Oscillospiraceae;g__Oscillibacter;s__Oscillibacter_sp._KLE_1745	k__Bacteria;p__Bacteroidetes;c__Bacteroidia;o__Bacteroidales;f__Bacteroidaceae;g__Bacteroides;s__Bacteroides_coprophilus	k__Bacteria;p__Firmicutes;c__Clostridia;o__Clostridiales;f__Lachnospiraceae;g__Roseburia;s__Roseburia_intestinalis	k__Bacteria;p__Firmicutes;c__Clostridia;o__Clostridiales;f__Lachnospiraceae;g__Roseburia;s__Roseburia_hominis	k__Bacteria;p__Bacteroidetes;c__Bacteroidia;o__Bacteroidales;f__Porphyromonadaceae;g__Parabacteroides;s__Parabacteroides_johnsonii	k__Bacteria;p__Actinobacteria;c__Actinobacteria;o__Bifidobacteriales;f__Bifidobacteriaceae;g__Bifidobacterium;s__Bifidobacterium_longum	k__Bacteria;p__Firmicutes;c__Clostridia;o__Clostridiales;f__;g__Flavonifractor;s__Flavonifractor_plautii	k__Bacteria;p__Firmicutes;c__Clostridia;o__Clostridiales;f__Clostridiaceae;g__Clostridium;s__Clostridium_phoceensis	k__Bacteria;p__Verrucomicrobia;c__Verrucomicrobiae;o__Verrucomicrobiales;f__Akkermansiaceae;g__Akkermansia;s__Akkermansia_muciniphila	k__Bacteria;p__Bacteroidetes;c__Bacteroidia;o__Bacteroidales;f__Prevotellaceae;g__Paraprevotella;s__Paraprevotella_xylaniphila	k__Bacteria;p__Firmicutes;c__Clostridia;o__Clostridiales;f__Ruminococcaceae;g__Ruminococcus;s__Ruminococcus_callidus	k__Bacteria;p__Bacteroidetes;c__Bacteroidia;o__Bacteroidales;f__Rikenellaceae;g__Alistipes;s__Alistipes_senegalensis	k__Bacteria;p__Firmicutes;c__Clostridia;o__Clostridiales;f__Lachnospiraceae;g__Blautia;s__Blautia_sp._KLE_1732	k__Bacteria;p__Bacteroidetes;c__Bacteroidia;o__Bacteroidales;f__Bacteroidaceae;g__Bacteroides;s__Bacteroides_oleiciplenus	k__Bacteria;p__Firmicutes;c__Clostridia;o__Clostridiales;f__Ruminococcaceae;g__Ruminococcus;s__Ruminococcus_bicirculans	k__Bacteria;p__Bacteroidetes;c__Bacteroidia;o__Bacteroidales;f__Bacteroidaceae;g__Bacteroides;s__Bacteroides_fluxus	k__Bacteria;p__Bacteroidetes;c__Bacteroidia;o__Bacteroidales;f__Prevotellaceae;g__Prevotella;s__Prevotella_stercorea	k__Bacteria;p__Firmicutes;c__Clostridia;o__Clostridiales;f__Lachnospiraceae;g__Dorea;s__Dorea_longicatena	k__Bacteria;p__Firmicutes;c__Clostridia;o__Clostridiales;f__Eubacteriaceae;g__Eubacterium;s__[Eubacterium]_eligens	k__Bacteria;p__Firmicutes;c__Clostridia;o__Clostridiales;f__Ruminococcaceae;g__;s__Ruminococcaceae_bacterium_D16	k__Bacteria;p__Firmicutes;c__Clostridia;o__Clostridiales;f__Lachnospiraceae;g__Coprococcus;s__Coprococcus_comes	k__Bacteria;p__Proteobacteria;c__Gammaproteobacteria;o__Enterobacterales;f__Enterobacteriaceae;g__Escherichia;s__Escherichia_coli	k__Bacteria;p__Firmicutes;c__Clostridia;o__Clostridiales;f__Ruminococcaceae;g__Anaerotruncus;s__Anaerotruncus_colihominis	k__Bacteria;p__Firmicutes;c__Clostridia;o__Clostridiales;f__Lachnospiraceae;g__Blautia;s__Blautia_obeum	k__Bacteria;p__Bacteroidetes;c__Bacteroidia;o__Bacteroidales;f__Odoribacteraceae;g__Odoribacter;s__Odoribacter_laneus	k__Bacteria;p__Firmicutes;c__Clostridia;o__Clostridiales;f__Ruminococcaceae;g__Ruminiclostridium;s__[Clostridium]_leptum	k__Bacteria;p__Bacteroidetes;c__Bacteroidia;o__Bacteroidales;f__Porphyromonadaceae;g__Parabacteroides;s__Parabacteroides_goldsteinii	k__Bacteria;p__Firmicutes;c__Clostridia;o__Clostridiales;f__Lachnospiraceae;g__Anaerostipes;s__Anaerostipes_hadrus	k__Bacteria;p__Firmicutes;c__Clostridia;o__Clostridiales;f__Ruminococcaceae;g__Ruminococcus;s__Ruminococcus_lactaris	k__Bacteria;p__Firmicutes;c__Clostridia;o__Clostridiales;f__Clostridiaceae;g__Clostridium;s__Clostridium_sp._L2-50	k__Bacteria;p__Firmicutes;c__Clostridia;o__Clostridiales;f__Clostridiaceae;g__Clostridium;s__Clostridium_sp._M62/1	k__Bacteria;p__Firmicutes;c__Clostridia;o__Clostridiales;f__;g__Intestinimonas;s__Intestinimonas_butyriciproducens	k__Bacteria;p__Actinobacteria;c__Actinobacteria;o__Bifidobacteriales;f__Bifidobacteriaceae;g__Bifidobacterium;s__Bifidobacterium_bifidum	k__Bacteria;p__Firmicutes;c__Negativicutes;o__Veillonellales;f__Veillonellaceae;g__Dialister;s__Dialister_invisus	k__Bacteria;p__Bacteroidetes;c__Bacteroidia;o__Bacteroidales;f__Bacteroidaceae;g__Bacteroides;s__Bacteroides_salanitronis
k__Bacteria;p__Bacteroidetes;c__Bacteroidia;o__Bacteroidales;f__Bacteroidaceae;g__Bacteroides;s__Bacteroides_vulgatus	1.0	0.0438139338861	0.0588646894549	-0.0157436128441	-0.0146099061351	-0.125457088961	-0.0203301431679	-0.152879119414	-0.0305537371554	-0.04812280538	0.015061662411	-0.0130390731311	0.0545640134024	-0.0744351609905	-0.00994832520445	-0.00214819803407	-0.0444617407172	0.00896723356019	0.0583436836026	-0.0418747552144	0.0354106193187	0.0149396170904	-0.196381508704	-0.0874986432395	-0.0518146077244	-0.0373429958685	-0.132489747456	-0.122255850795	0.0603221063764	0.0647171637862	0.0415994225872	-0.128618748408	-0.103040830451	-0.0201732382059	-0.150718791691	-0.0815094940612	-0.0595303123931	-0.103449441395	-0.0951736687089	0.0670165706609	0.0551359084003	0.020524696353	-0.0294421777973	-0.0853216647787	0.0355453032323	-0.0832455921652	0.0193815690326	0.124191430266	-0.0589909348055	0.0512396348106	0.0465187708117	0.00119093941526	0.0928503312556	-0.0416950456451	-0.0564084167406	-0.10755033485	-0.0103797885971	-0.0645429877967	-0.0168438726023
k__Bacteria;p__Bacteroidetes;c__Bacteroidia;o__Bacteroidales;f__Bacteroidaceae;g__Bacteroides;s__Bacteroides_uniformis	0.0438139338861	1.0	-4.10506355021e-05	-0.0268010911652	-0.0336214180282	-0.0263521728047	-0.0207922616563	-0.119451305192	-0.00722524458859	-0.0652850653996	0.0128501570796	0.0632498853185	-0.100193316724	-0.00727910720803	-0.0365393041325	-0.0614083188524	0.011114846637	-0.0115238989373	-0.0981893820674	0.137571277185	-0.143424663807	-0.0752604107307	-0.048423280857	-0.0624388806211	-0.0595465784041	-0.0256268749907	-0.0547134208283	0.0747115228323	0.0566253080934	-0.105334526132	-0.0273180155787	-0.095896078902	-0.0410244325696	-0.0118752276406	-0.0137444741674	-0.0950020572219	0.0508923284898	-0.0719958011105	0.0344961084939	-0.103628762107	-0.0560547399005	0.0206330406034	-0.0590297899906	0.0395363672681	-0.000689183828885	-0.116471596191	-0.0860494932902	-0.0515650597435	0.0128375774988	0.0852465649546	-0.0364066854394	-0.0921263120397	-0.093845109469	-0.0260818116699	-0.014812051591	-0.120577365655	-0.0116281473447	0.010720411357	0.0350535409997
k__Bacteria;p__Bacteroidetes;c__Bacteroidia;o__Bacteroidales;f__Rikenellaceae;g__Alistipes;s__Alistipes_putredinis	0.0588646894549	-4.10506355021e-05	1.0	-0.0115400385024	-0.0966868597185	-0.0984454323509	0.0727605436719	-0.0706034024055	-0.00637927196497	-0.0261125554856	-0.0334908893148	0.0187875710008	-0.0382276943991	-0.0892042378393	-0.0468710205759	-0.0389508080317	0.0380581320422	-0.0294402202729	-0.0420755734465	-0.0700989337317	-0.0760188977154	-0.0297653369875	-0.0388921830427	-0.067870410583	-0.00898544771123	-0.0797780477215	0.0451774487755	0.0432210901827	-0.0502191614697	0.0125183553082	-0.0402585191415	0.018289321189	-0.00141106752756	-0.00495021633007	-0.0827890208119	-0.0848331920068	-0.175829611027	-0.0496813935647	-0.00155517989606	0.151605342424	-0.0229704813298	-0.193144157119	-0.0537154670935	-0.0491191344894	-0.0019607311664	-0.00620591646049	-0.0141001239319	-0.0646662628256	-0.137347269627	-0.0560528694587	-0.0263298724433	0.0776706191456	-0.00802095662713	0.0584621723631	-0.111426049747	-0.0339586414917	-0.030908575528	0.0176870713063	-0.0714329306948
k__Bacteria;p__Bacteroidetes;c__Bacteroidia;o__Bacteroidales;f__Prevotellaceae;g__Prevotella;s__Prevotella_copri	-0.0157436128441	-0.0268010911652	-0.0115400385024	1.0	-0.0473746796021	-0.106038101848	0.036206350128	-0.0567446993169	-0.0935172329952	-0.107720248975	-0.125043459236	-0.0387293716809	0.118909547517	0.0227670118212	0.0110340325057	-0.0374359271854	0.0428451887414	-0.00550082451682	0.039726250128	-0.100257434464	-0.0334871168817	-0.0489561454075	-0.0562057507873	-0.008943992446	-0.0125570886253	0.0267995050224	-0.0324674947891	-0.00458006205139	0.00322525992122	-0.0274122461874	-0.0648608132151	-0.125511596	-0.0380988984826	0.0369154749774	-0.0875620239322	-0.0393318407213	-0.11559846354	-0.051980689181	-0.0227868031764	-0.0906879027146	-0.046927798492	0.0099018159719	-0.0217653045788	0.0174510057506	-0.0541484610663	-0.0368126212102	0.00408778882107	-0.0939687574424	-0.0719099424136	-0.039766584488	0.0755510159791	-0.049689721768	-0.0401685420676	-0.071825619543	-0.144824670964	-0.0421227250768	0.0648685924079	-0.0416683481267	0.103028260317
k__Bacteria;p__Bacteroidetes;c__Bacteroidia;o__Bacteroidales;f__Bacteroidaceae;g__Bacteroides;s__Bacteroides_stercoris	-0.0146099061351	-0.0336214180282	-0.0966868597185	-0.0473746796021	1.0	-0.086881421711	-0.0654645814658	-0.0826532527474	-0.02530027178	0.0634259209146	-0.0955181058568	-0.134788441729	0.00592419369973	-0.0579716982184	-0.0788670810406	0.00713820241542	-0.0153436323024	-0.0247448624173	0.0351670517042	-0.057632505925	-0.0122347664081	-0.0130051129642	-0.06401568745	-0.0916973510717	0.0010488576051	-0.0210569936445	-0.0143614086877	0.0300121277543	-0.0569419630812	-0.0315725756279	-0.0442271119609	-0.0526169177492	-0.0333767829618	0.0341067230053	-0.0113634068123	-0.0659468551241	-0.162058051294	0.099695133404	-0.0212200878388	-0.121090582641	-0.138420959199	-0.00389313005802	0.0510343220291	0.068686554872	-0.0196999941738	-0.0164128576518	-0.111593566072	0.063409653315	-0.0523596570037	-0.0894578097839	-0.0471193946371	-0.0235536130368	-0.00307107243139	-0.0358353952358	-0.0527342599704	-0.15572535111	-0.0486617613561	0.0546998917704	-0.0139995195425
k__Bacteria;p__Bacteroidetes;c__Bacteroidia;o__Bacteroidales;f__Bacteroidaceae;g__Bacteroides;s__Bacteroides_ovatus	-0.125457088961	-0.0263521728047	-0.0984454323509	-0.106038101848	-0.086881421711	1.0	-0.0568206246714	-0.00165290016318	0.014766614422	0.110277631212	-0.0392314612424	-0.0384702925423	-0.0426969572697	-0.0366347898249	0.0322757948597	-0.0760936706984	-0.0469471873387	-0.0677439266414	-0.0967279278848	-0.0657101376324	-0.000530030914963	0.0181520846927	0.0916563646967	0.0461365887189	-0.0493232635329	0.0608570714382	0.02939491437	-0.140741271733	-0.00774255073369	0.0569151468561	0.0491383211305	-0.0896562165559	-0.00797551587274	-0.0932030835232	0.0249132924553	-0.0274219045345	-0.0439467565268	-0.0823574100914	-0.055442258999	-0.0245255302964	0.0036375305161	0.0284860659903	-0.029453097266	-0.0148617764767	0.0616003845759	-0.0377635336066	-0.0969131876962	-0.0420666930031	-0.0216453573697	-0.0124060171373	-0.0467089369613	0.0714659887434	-0.0171319808464	-0.073760315264	0.07132141802	0.0131463059798	-0.014134090762	-0.073238490938	-0.0338372579969
k__Bacteria;p__Bacteroidetes;c__Bacteroidia;o__Bacteroidales;f__Rikenellaceae;g__Alistipes;s__Alistipes_shahii	-0.0203301431679	-0.0207922616563	0.0727605436719	0.036206350128	-0.0654645814658	-0.0568206246714	1.0	0.0345753589774	-0.0522156669107	0.0758294343951	0.010345202663	-0.0300082839787	0.00196491075312	-0.0893773512567	-0.0242663498542	-0.116878705708	-0.0414145371157	0.0905910876008	-0.0838664407143	-0.0305310135619	0.0321306244525	0.015464592458	-0.00518014875786	0.0744978464327	0.0448919618914	-0.0960650657431	0.0334889669378	-0.141205859324	-0.0486129844399	-0.00244657652111	-0.0153818277998	-0.0497798361374	-0.055268692897	-0.0199902281843	-0.0774289727911	-0.0312389284064	-0.0304821220735	-0.0306954007197	-0.00897187721723	-0.0502675345123	-0.00151778825299	-0.119993608645	-0.0252704872011	-0.0510427135264	0.043180778717	-0.163724961549	0.0664284181474	0.046027554883	-0.135610973078	-0.0298088833766	0.028873642408	0.0379295557667	-0.0247686789021	-0.0353166355274	0.0124126966073	-0.0393198583222	0.0576256252135	-0.0120209383044	-0.0434894323655
k__Bacteria;p__Firmicutes;c__Clostridia;o__Clostridiales;f__Ruminococcaceae;g__Faecalibacterium;s__Faecalibacterium_prausnitzii	-0.152879119414	-0.119451305192	-0.0706034024055	-0.0567446993169	-0.0826532527474	-0.00165290016318	0.0345753589774	1.0	0.162916742417	0.0239035558178	0.0429914962434	0.00140080090818	-0.00434351838908	-0.0615584591763	-0.115283130808	-0.0489142847505	-0.0686670282985	-0.014041077909	-0.0127763911085	-0.0708997591652	0.0894989798736	0.0232289266224	0.0203875752165	-0.0220498875284	0.0659834121595	-0.052571738534	-0.0127992783001	-0.094472752792	-0.104533426847	-0.0730057715513	-0.108581773888	0.00033839920426	-0.0989970815652	-0.0872170377625	-0.0772525450953	-0.046140086202	-0.0698964388316	0.0572110452594	-0.138021262988	0.0388778552187	-0.0592563474058	0.0916236904174	-0.0769237241659	0.0115300913318	0.0110293689479	-0.0656078151301	0.0879382545536	-0.00248331571179	-0.11660316498	-0.0900291003275	-0.0361062925458	-0.0624854005023	-0.04445329591	0.0438635324218	0.023462675574	0.0238455186534	-0.040869749633	-0.186039499079	0.0572813350757
k__Bacteria;p__Bacteroidetes;c__Bacteroidia;o__Bacteroidales;f__Rikenellaceae;g__Alistipes;s__Alistipes_finegoldii	-0.0305537371554	-0.00722524458859	-0.00637927196497	-0.0935172329952	-0.02530027178	0.014766614422	-0.0522156669107	0.162916742417	1.0	0.0849598354633	-0.00305559706985	0.0142920695021	-0.105707239334	-0.0981134520909	-0.024296150947	0.0411125075196	-0.00589862374113	-0.0446772923798	-0.067781252998	0.0384864373802	0.0643640529651	-0.0927288806137	-0.106573894937	-0.112536240784	0.0221382130722	0.0714614719317	-0.0371759473899	0.0391960453619	-0.0322691545931	0.0435285893893	0.0452968876842	0.00592499589955	0.058954971925	-0.15022777191	-0.057365522292	-0.0587196467464	-0.0733297792514	-0.0487800842078	0.119662674007	-0.000593807792383	-0.0781219115276	-0.045929324509	-0.0820300302225	-0.0104870842081	-0.0700340401785	-0.108916733635	0.131754324786	-0.00891782900907	0.00534183027439	-0.031764181643	-0.0368393985817	-0.0720504054768	0.0471566242419	-0.0680216115415	-0.0293670700529	-0.166930963633	-0.020736700804	-0.121862920958	0.016191915485
k__Bacteria;p__Bacteroidetes;c__Bacteroidia;o__Bacteroidales;f__Porphyromonadaceae;g__Parabacteroides;s__Parabacteroides_distasonis	-0.04812280538	-0.0652850653996	-0.0261125554856	-0.107720248975	0.0634259209146	0.110277631212	0.0758294343951	0.0239035558178	0.0849598354633	1.0	-0.0259842782701	-0.1041257132	-0.00129743275457	-0.088118819035	-0.00625272408535	-0.0900446467381	0.0692977713817	0.0136786123826	-0.0319609286707	-0.0156912520689	-0.0237263525505	-0.000807301796071	0.0108125620136	0.039710664893	0.0287829134936	0.0169770328294	-0.0750346338591	-0.034804458975	-0.0525388189993	-0.0845366690839	-0.0189185374985	-0.0661020928052	-0.0349784162655	-0.129385685189	-0.0325686138304	0.00895866167381	-0.107617828459	0.00286935264777	-0.0209265981976	-0.107919692388	0.0300093592238	-0.0194971098378	-0.0345961781889	0.0889666326859	-0.0484007424919	-0.0306842440402	-0.0979368889301	-0.0687607482493	-0.0303027646417	0.0398863726022	-0.0660608687486	-0.0555515001077	0.0126476013335	-0.0214871780785	-0.00870904470095	0.0500928171715	-0.0191876210657	0.0109612835363	-0.00178720033689
k__Bacteria;p__Bacteroidetes;c__Bacteroidia;o__Bacteroidales;f__Bacteroidaceae;g__Bacteroides;s__Bacteroides_thetaiotaomicron	0.015061662411	0.0128501570796	-0.0334908893148	-0.125043459236	-0.0955181058568	-0.0392314612424	0.010345202663	0.0429914962434	-0.00305559706985	-0.0259842782701	1.0	-0.0874063180065	-0.0464292439799	0.00644230152445	-0.0152241756338	0.0616038431128	-0.0332490277712	-0.0923343964888	-0.11755800216	0.0193216878645	0.0351451664301	-0.0225896489403	-0.0306326758886	-0.0157312828405	0.020983431116	-0.0127947641684	-0.0739039557559	-0.0837323901448	-0.0192760496658	-0.0990811780267	-0.0583961938912	-0.0825238804103	-0.0316206205028	-0.0450733486791	-0.032565233351	-0.0662669547096	0.0253129273961	-0.000186683370474	0.0684676533444	0.0594260697718	-0.0425523749151	-0.0383101072414	0.00261900315394	-0.0881224352234	-0.0820763750585	-0.0832946141733	-0.0335381122431	-0.113326841434	-0.139333271064	-0.0822357719013	0.0225239403965	0.0509856983053	0.012566309378	-0.0289118311805	-0.0227775538384	-0.00109971165086	0.0518254849978	-0.143392291943	0.00102467620626
k__Bacteria;p__Bacteroidetes;c__Bacteroidia;o__Bacteroidales;f__Bacteroidaceae;g__Bacteroides;s__Bacteroides_coprocola	-0.0130390731311	0.0632498853185	0.0187875710008	-0.0387293716809	-0.134788441729	-0.0384702925423	-0.0300082839787	0.00140080090818	0.0142920695021	-0.1041257132	-0.0874063180065	1.0	-0.0706287275464	-0.0426160381872	-0.0128685542464	-0.0894705347502	-0.000953494364848	-0.0306631914609	-0.0706317345203	0.0604805955958	0.000850026760279	-0.129912284433	-0.142096356128	0.0219252921456	0.0276757067896	-0.046476165381	-0.0272734277334	-0.0793729950191	0.0312214748491	-0.0283276503353	0.0335062347038	-0.0687143704734	-0.0346604943849	-0.00866763353433	0.0460685659965	-0.0818603628367	0.00792246871035	-0.0543714321391	-0.0228444398863	0.038051635065	0.00849165509585	0.0516204808292	0.0237833367631	0.0645907350256	-0.0397640095316	-0.0281171310381	0.0450280798894	-0.15576488501	-0.0520766441727	-0.00305604096515	-0.0758370849452	-0.1025558394	-0.0437435329791	0.0294743801439	-0.0839544831146	-0.0441131700828	-0.114771395398	0.00878545420831	-0.00795374201212
k__Bacteria;p__Bacteroidetes;c__Bacteroidia;o__Bacteroidales;f__Bacteroidaceae;g__Bacteroides;s__Bacteroides_cellulosilyticus	0.0545640134024	-0.100193316724	-0.0382276943991	0.118909547517	0.00592419369973	-0.0426969572697	0.00196491075312	-0.00434351838908	-0.105707239334	-0.00129743275457	-0.0464292439799	-0.0706287275464	1.0	-0.00455616075783	-0.0301159542912	0.0450549468095	-0.0750248476257	-0.161418489108	-0.0161386303388	-0.0568776625435	-0.0952686952218	-0.020440462161	-0.0215130691555	-0.0191120665138	-0.038171183922	-0.110576851165	0.00454895447208	0.00381253524751	0.0721660429526	-0.0608328887864	-0.00862414260447	0.0331496762297	-0.0452608253634	0.0837550118178	-0.056788627931	0.0264707874282	0.0720187173175	-0.0327183737158	-0.00680521908193	-0.0294975373585	-0.0824491306686	-0.0443848385732	-0.0398619047144	-0.0883930491279	-0.109679379708	-0.0681230785677	-0.0563920771001	-0.0105851480391	-0.00823653935819	0.0588719168257	0.00717411992017	-0.146739502238	-0.0211330661047	0.0705287532467	-0.0406972844141	-0.0411017998643	-0.0674066868606	-0.0999910820299	0.00388351624399
k__Bacteria;p__Bacteroidetes;c__Bacteroidia;o__Bacteroidales;f__Rikenellaceae;g__Alistipes;s__Alistipes_obesi	-0.0744351609905	-0.00727910720803	-0.0892042378393	0.0227670118212	-0.0579716982184	-0.0366347898249	-0.0893773512567	-0.0615584591763	-0.0981134520909	-0.088118819035	0.00644230152445	-0.0426160381872	-0.00455616075783	1.0	-0.0564892411583	-0.090854477221	-0.0224233736294	0.0530175209154	0.00534687012092	-0.0720360161069	-0.0247408881137	-0.0542114590344	-0.0170103385092	0.0129860119611	0.00826236702113	-0.0353041096236	0.0234655496106	0.00834001555466	-0.0181075294526	-0.00771558174681	-0.0315249180729	-7.47842495282e-05	0.045811443871	0.0381881930235	-0.0829778915511	-0.0164853294434	-0.063743553301	-0.054179873908	-0.0159186911269	0.0264042300428	-0.090896099314	-0.0700154282185	-0.0314406920235	-0.0444333036118	-0.0543059350968	-0.0134490343972	-0.00181842214375	-0.0154173922696	-0.0520332622334	-0.051705178028	0.0811222891517	0.0550770529291	-0.0326365256044	-0.0519876809244	-0.0714794892328	-0.0333441352139	0.0162957660735	-0.0321814651218	0.0219399296786
k__Bacteria;p__Firmicutes;c__Clostridia;o__Clostridiales;f__Lachnospiraceae;g__;s__[Eubacterium]_rectale	-0.00994832520445	-0.0365393041325	-0.0468710205759	0.0110340325057	-0.0788670810406	0.0322757948597	-0.0242663498542	-0.115283130808	-0.024296150947	-0.00625272408535	-0.0152241756338	-0.0128685542464	-0.0301159542912	-0.0564892411583	1.0	0.0258067357749	-0.0515459244704	0.00245293580575	-0.0628967091221	-0.0505499493709	0.0278368082928	-0.101295084915	0.0227106442491	0.00691568080983	-0.0560998147546	0.00105205970211	0.0016873353417	-0.0564893291498	0.0476436842371	-0.0137788628915	0.0540583745189	0.0595766123963	-0.00484521902605	0.0272693129452	0.0208957144925	0.00575090643508	-0.0593125470067	-0.0512393689279	-0.101465258461	-0.109731912585	0.0488021546232	-0.0746779820825	0.0763357047359	-0.0153196956892	-0.00777967322748	-0.0644270581748	-0.0439142350688	-0.0282707058144	-0.0936367009655	-0.0234745405356	0.0246768803893	-0.108432205936	-0.214271951305	-0.124069714884	0.00812092015783	0.000707673562186	-0.0252172569759	0.0722100603157	-0.0754757584178
k__Bacteria;p__Bacteroidetes;c__Bacteroidia;o__Bacteroidales;f__Bacteroidaceae;g__Bacteroides;s__Bacteroides_plebeius	-0.00214819803407	-0.0614083188524	-0.0389508080317	-0.0374359271854	0.00713820241542	-0.0760936706984	-0.116878705708	-0.0489142847505	0.0411125075196	-0.0900446467381	0.0616038431128	-0.0894705347502	0.0450549468095	-0.090854477221	0.0258067357749	1.0	0.00580839152467	-0.0889679532839	-0.039128924933	0.0912483502797	-0.0402497981461	-0.0226569369388	0.0648951079758	-0.0822006351775	0.013292304654	0.0152538217907	-0.0410008424156	-0.0126627375356	-0.0166724576508	-0.0327706942737	0.00327871313741	-0.0956126962772	-0.0100869270273	2.20071223744e-05	-0.057787929908	0.0409822836456	-0.0418111006833	0.00684095362195	-0.0232663892265	0.0364543516109	-0.0589341285989	0.0344890404304	-0.0380435539224	-0.166932201808	-0.117009866164	-0.0293270981454	-0.0317574412967	-0.110136040785	0.00659304894716	0.0181671871468	-0.0490123713803	-0.0580533132322	-0.0733199168657	0.0447809517069	-0.0804698665373	0.0465388058232	0.0254001539979	-0.0580382533797	-0.0836290065661
k__Bacteria;p__Bacteroidetes;c__Bacteroidia;o__Bacteroidales;f__Bacteroidaceae;g__Bacteroides;s__Bacteroides_fragilis	-0.0444617407172	0.011114846637	0.0380581320422	0.0428451887414	-0.0153436323024	-0.0469471873387	-0.0414145371157	-0.0686670282985	-0.00589862374113	0.0692977713817	-0.0332490277712	-0.000953494364848	-0.0750248476257	-0.0224233736294	-0.0515459244704	0.00580839152467	1.0	-0.0106800049567	-0.0732619703268	0.00168636974398	-0.00144318569269	-0.106345125948	-0.000696363589812	0.0120679549036	0.0367010388026	-0.0787659129387	0.127724742052	-0.0522448725496	0.049979296265	-0.0671675567685	0.0303022721172	0.00373514579963	-0.0237317142189	0.0873809056886	-0.0999536766353	-0.0107471208159	-0.0889034805464	-0.0442119137963	-0.086684221367	-0.011321342016	-0.0248470098968	-0.0504066772934	-0.0796829354683	0.0341733008953	-0.119404601959	-0.0863821101603	-0.0675985697388	-0.128053505833	0.102474828945	-0.06099663979	-0.00181409855308	0.0632387304586	0.00505289125759	-0.0456127640869	-0.0712797781942	-0.0615999644425	0.0701963628468	-0.0613261685383	-0.0908793880614
k__Bacteria;p__Proteobacteria;c__Betaproteobacteria;o__Burkholderiales;f__Sutterellaceae;g__Sutterella;s__Sutterella_wadsworthensis	0.00896723356019	-0.0115238989373	-0.0294402202729	-0.00550082451682	-0.0247448624173	-0.0677439266414	0.0905910876008	-0.014041077909	-0.0446772923798	0.0136786123826	-0.0923343964888	-0.0306631914609	-0.161418489108	0.0530175209154	0.00245293580575	-0.0889679532839	-0.0106800049567	1.0	-0.00593670744426	-0.0247560823996	-0.0944758505873	0.0883907965776	0.0338577925471	-0.0124646194911	-0.0601526512372	-0.0928688102943	0.0499949781676	0.0175652092418	0.0544354999311	0.005492893635	-0.0254177072971	-0.0315611796774	-0.1040152274	-0.0659463884281	0.0233906526105	0.0500669769795	0.0282765771709	-0.054701263158	-0.052356657748	-0.00512940734628	-0.0261288423764	-0.147906227353	-0.0240890376545	-0.00410669543186	0.00722378745365	0.021422855063	-0.103554085667	0.0544140179224	-0.0409174916037	0.0749773662183	0.0194240343443	-0.0302371054891	-0.00500946509638	-0.0236973616857	-0.0422727549209	-0.139474126157	0.00508409206257	-0.0152478807744	-0.0158790734893
k__Bacteria;p__Bacteroidetes;c__Bacteroidia;o__Bacteroidales;f__Porphyromonadaceae;g__Barnesiella;s__Barnesiella_intestinihominis	0.0583436836026	-0.0981893820674	-0.0420755734465	0.039726250128	0.0351670517042	-0.0967279278848	-0.0838664407143	-0.0127763911085	-0.067781252998	-0.0319609286707	-0.11755800216	-0.0706317345203	-0.0161386303388	0.00534687012092	-0.0628967091221	-0.039128924933	-0.0732619703268	-0.00593670744426	1.0	0.0443173448262	0.0532652696867	0.0435722011083	0.0589311802616	-0.0985221035104	-0.115893491526	0.0602529250238	-0.0743184060885	-0.0438715029693	-0.0548255940404	0.0171821601988	-0.0652044122354	0.0361845871766	-0.11674198518	-0.013851241006	-0.0345581402892	-0.00932569392216	0.0143632893079	0.0214664882633	0.0829161237199	0.0241669984934	-0.0403835077828	-0.0386709353854	-0.0660048843072	0.0170178594363	-0.0416927912625	0.115532488558	-0.108388084488	-0.0123528883369	-0.0627519252719	-0.09109285849	-0.02859661208	-0.0162978084204	-0.0041931186278	-0.0484781395263	0.11379433473	-0.0658283769912	-0.0906827338105	-0.0630826857597	-0.0457236332041
k__Bacteria;p__Bacteroidetes;c__Bacteroidia;o__Bacteroidales;f__Odoribacteraceae;g__Odoribacter;s__Odoribacter_splanchnicus	-0.0418747552144	0.137571277185	-0.0700989337317	-0.100257434464	-0.057632505925	-0.0657101376324	-0.0305310135619	-0.0708997591652	0.0384864373802	-0.0156912520689	0.0193216878645	0.0604805955958	-0.0568776625435	-0.0720360161069	-0.0505499493709	0.0912483502797	0.00168636974398	-0.0247560823996	0.0443173448262	1.0	-0.0252733136217	0.0342873042711	-0.0152325800752	-0.0773757399174	-0.0494279585499	-0.127308514777	-0.0863026470977	0.0148763226642	0.0575403111284	-0.050304193331	-0.00543286322216	-0.0939649170369	-0.0432157362228	-0.0440284278912	-0.00967396748432	-0.0219502932726	0.0700440601601	0.0855876304111	-0.0273007184249	-0.0289837944248	-0.0259372353717	-0.0403837314834	-0.055131116483	-0.130714952387	0.0379471900804	0.0163709900867	0.00276448193841	-0.00467623842548	-0.0614014350861	0.0521006105392	0.0127463799407	-0.116566448534	-0.0446306978861	-0.0853922944775	0.0490421326865	-0.0174265013891	0.0514117974523	-0.0760536892086	-0.00372892923942
k__Bacteria;p__Bacteroidetes;c__Bacteroidia;o__Bacteroidales;f__Bacteroidaceae;g__Bacteroides;s__Bacteroides_salyersiae	0.0354106193187	-0.143424663807	-0.0760188977154	-0.0334871168817	-0.0122347664081	-0.000530030914963	0.0321306244525	0.0894989798736	0.0643640529651	-0.0237263525505	0.0351451664301	0.000850026760279	-0.0952686952218	-0.0247408881137	0.0278368082928	-0.0402497981461	-0.00144318569269	-0.0944758505873	0.0532652696867	-0.0252733136217	1.0	0.0241485754457	-0.0351513803213	-0.0289192964742	0.0186527081581	0.0578546915813	0.0190894064261	-0.011306646063	0.0404563745554	-0.0694592604961	-0.0887192357863	-0.0191108366028	-0.023002232822	-0.0433609119307	0.066446112575	-0.0216368233155	-0.0478300934964	-0.0197973711148	-0.104012601009	0.0343491703915	-0.00895066519349	-0.053014533506	-0.0134369514503	0.0134346019868	-0.0150991007538	0.00575101865714	0.049776708803	-0.0600760218632	0.00467382870607	-0.035555822535	0.053149763997	-0.0916737916313	0.102786251065	0.00128402802303	-0.0164053164273	-0.0649699782906	-0.0954349591619	0.0103804274181	0.0282146256519
k__Bacteria;p__Firmicutes;c__Clostridia;o__Clostridiales;f__Ruminococcaceae;g__Ruminiclostridium;s__[Eubacterium]_siraeum	0.0149396170904	-0.0752604107307	-0.0297653369875	-0.0489561454075	-0.0130051129642	0.0181520846927	0.015464592458	0.0232289266224	-0.0927288806137	-0.000807301796071	-0.0225896489403	-0.129912284433	-0.020440462161	-0.0542114590344	-0.101295084915	-0.0226569369388	-0.106345125948	0.0883907965776	0.0435722011083	0.0342873042711	0.0241485754457	1.0	0.0254317962706	-0.0336557994911	-0.0584810589068	0.0141694242403	-0.118975966497	0.0599221434505	-0.0658210740584	0.0423068647757	0.0414457476081	-0.0533976037561	-0.107885232238	-0.0182462373006	0.0537608672384	0.0622781104071	0.0195125549663	-0.0350294759574	0.0476368518883	-0.00599456778686	-7.7377808247e-05	-0.0842858743794	-0.0670856770416	-0.169010263986	-0.0829390834269	-0.0101501860227	-0.00706243308742	0.00752913639883	0.0976463386329	-0.0477835208323	-0.0150183788903	0.0359849684927	0.0657154604675	-0.0676420016408	-0.0204222803485	-0.0457177652206	0.00245905363966	-0.0319728690073	0.0269048151365
k__Bacteria;p__Proteobacteria;c__Betaproteobacteria;o__Burkholderiales;f__Sutterellaceae;g__Parasutterella;s__Parasutterella_excrementihominis	-0.196381508704	-0.048423280857	-0.0388921830427	-0.0562057507873	-0.06401568745	0.0916563646967	-0.00518014875786	0.0203875752165	-0.106573894937	0.0108125620136	-0.0306326758886	-0.142096356128	-0.0215130691555	-0.0170103385092	0.0227106442491	0.0648951079758	-0.000696363589812	0.0338577925471	0.0589311802616	-0.0152325800752	-0.0351513803213	0.0254317962706	1.0	-0.144206643749	0.0367554638679	-0.0285517946506	-0.097623644994	-0.0438864689338	-0.0524548751818	0.0145736148837	0.0783678288044	-0.0371684580115	-0.0196223441298	-0.077660695358	0.0143565588462	-0.0427931696526	-0.0157967087294	-0.066810104631	-0.0248414488662	-0.0500328702593	-0.0859444020403	-0.083468523345	0.0386674034084	-0.0292235703276	-0.0554437470061	-0.107454350815	-0.044796988235	-0.0352383914088	0.0232605484028	-0.0562996889658	-0.10755268011	-0.0440102923725	0.0031124171862	0.0495706948792	0.0731697727744	0.0248920578517	-0.0401323258004	-0.00298458971831	-0.0513508091666
k__Bacteria;p__Actinobacteria;c__Actinobacteria;o__Bifidobacteriales;f__Bifidobacteriaceae;g__Bifidobacterium;s__Bifidobacterium_adolescentis	-0.0874986432395	-0.0624388806211	-0.067870410583	-0.008943992446	-0.0916973510717	0.0461365887189	0.0744978464327	-0.0220498875284	-0.112536240784	0.039710664893	-0.0157312828405	0.0219252921456	-0.0191120665138	0.0129860119611	0.00691568080983	-0.0822006351775	0.0120679549036	-0.0124646194911	-0.0985221035104	-0.0773757399174	-0.0289192964742	-0.0336557994911	-0.144206643749	1.0	-0.119065698224	0.00310243867624	-0.0596427561267	0.0180278851533	-0.0611333943059	-0.08248961051	-0.107547125303	-0.0811766338719	-0.0144072567713	-0.0229710929139	-0.0443792580784	-0.0613487493838	0.00218173022104	-0.0209937483729	-0.0796314247841	-0.0216328205865	-0.0554313356099	-0.0484749315746	0.00844140496862	-0.0484095219469	-0.0136319607365	-0.0357233589992	0.046613136061	-0.0465053643845	-0.0027528200936	-0.0537553750855	0.0202797330162	0.022683781309	0.0985665528906	0.0247826239729	-0.0647267220355	0.0239339582856	-0.0586869820171	-0.0699127365616	-0.0400901229045
k__Bacteria;p__Firmicutes;c__Clostridia;o__Clostridiales;f__Oscillospiraceae;g__Oscillibacter;s__Oscillibacter_sp._KLE_1745	-0.0518146077244	-0.0595465784041	-0.00898544771123	-0.0125570886253	0.0010488576051	-0.0493232635329	0.0448919618914	0.0659834121595	0.0221382130722	0.0287829134936	0.020983431116	0.0276757067896	-0.038171183922	0.00826236702113	-0.0560998147546	0.013292304654	0.0367010388026	-0.0601526512372	-0.115893491526	-0.0494279585499	0.0186527081581	-0.0584810589068	0.0367554638679	-0.119065698224	1.0	-0.0302270618908	0.00683958087271	0.0092936455396	-0.0722471056544	0.0047965800542	-0.0226895323105	0.0208237615367	0.0572734223468	-0.0592640709533	-0.0877093681915	0.0175892144127	-0.1187323458	-0.091696154454	-0.0906106556499	-0.00580116626958	0.0659600718521	0.017739871325	-0.0188119304072	-0.0356296399246	0.0294365689002	-0.17061252574	0.0779918350989	0.00181238595146	0.00384887633372	-0.0887923535379	0.0444389302729	-0.116393071606	-0.176948721246	-0.0397629017882	-0.110758700829	-0.0224741823262	-0.13876823878	-0.0489095112424	-0.0195762633864
k__Bacteria;p__Bacteroidetes;c__Bacteroidia;o__Bacteroidales;f__Bacteroidaceae;g__Bacteroides;s__Bacteroides_coprophilus	-0.0373429958685	-0.0256268749907	-0.0797780477215	0.0267995050224	-0.0210569936445	0.0608570714382	-0.0960650657431	-0.052571738534	0.0714614719317	0.0169770328294	-0.0127947641684	-0.046476165381	-0.110576851165	-0.0353041096236	0.00105205970211	0.0152538217907	-0.0787659129387	-0.0928688102943	0.0602529250238	-0.127308514777	0.0578546915813	0.0141694242403	-0.0285517946506	0.00310243867624	-0.0302270618908	1.0	0.0495837300803	-0.0315414357895	-0.127525127146	-0.0138501176537	-0.0539383737083	-0.000340526901771	-0.0266836796719	-0.204757002769	0.0652500721616	-0.0332281707875	0.033640088881	0.0138618683385	0.107212553639	0.0583128788089	0.0164282203116	-0.0028898600275	-0.00962774621631	-0.105159918035	-0.00414064187427	-0.0697360900765	0.0523889382969	-0.0417596089211	-0.094603521534	-0.124327157741	0.0344643823706	-0.123836918363	0.0471651568564	0.0140686832683	-0.0657782740903	-0.00610341388914	-0.026306942571	-0.0166691615926	0.0148605693705
k__Bacteria;p__Firmicutes;c__Clostridia;o__Clostridiales;f__Lachnospiraceae;g__Roseburia;s__Roseburia_intestinalis	-0.132489747456	-0.0547134208283	0.0451774487755	-0.0324674947891	-0.0143614086877	0.02939491437	0.0334889669378	-0.0127992783001	-0.0371759473899	-0.0750346338591	-0.0739039557559	-0.0272734277334	0.00454895447208	0.0234655496106	0.0016873353417	-0.0410008424156	0.127724742052	0.0499949781676	-0.0743184060885	-0.0863026470977	0.0190894064261	-0.118975966497	-0.097623644994	-0.0596427561267	0.00683958087271	0.0495837300803	1.0	0.0538003921289	-0.041372987532	-0.0203150971064	-0.0590989583024	-0.0306054056912	-0.0679209382562	-0.124874020975	-0.104228595925	0.0242161524002	-0.00697459094144	-0.0199582912429	-0.0512805236105	-0.0160817289872	-0.0906645903695	-0.150755297355	-0.0509300329446	-0.0730158050945	0.00650865494069	-0.00381047229624	0.0112760494946	-0.0380202513755	-0.0393924342975	-0.077974368971	0.068778695049	-0.0867909104348	-0.0166887715666	-0.0396943774344	-0.113158982283	-0.0143936004016	0.0312092985809	0.0792693930152	-0.0607049965871
k__Bacteria;p__Firmicutes;c__Clostridia;o__Clostridiales;f__Lachnospiraceae;g__Roseburia;s__Roseburia_hominis	-0.122255850795	0.0747115228323	0.0432210901827	-0.00458006205139	0.0300121277543	-0.140741271733	-0.141205859324	-0.094472752792	0.0391960453619	-0.034804458975	-0.0837323901448	-0.0793729950191	0.00381253524751	0.00834001555466	-0.0564893291498	-0.0126627375356	-0.0522448725496	0.0175652092418	-0.0438715029693	0.0148763226642	-0.011306646063	0.0599221434505	-0.0438864689338	0.0180278851533	0.0092936455396	-0.0315414357895	0.0538003921289	1.0	-0.0777003719015	0.024815087054	-0.0451146283306	-0.0160147268667	-0.0736613208783	-0.0837967082117	-0.0260372161554	-0.0160566386323	-0.00205646210546	-0.0973482322209	-0.1532293696	-0.103615386962	-0.0574088160679	-0.00978931895618	-0.0483247946843	-0.0994287551935	-0.0853884392583	0.056811358075	-0.10865630919	-0.0427259564256	0.0272966010251	-0.0399149788585	-0.0135657443237	-0.0360137206469	-0.00467442183783	-0.0269560922016	-0.00274610394796	-0.153018240958	-0.0960913267338	0.0839833334306	-0.0615469481947
k__Bacteria;p__Bacteroidetes;c__Bacteroidia;o__Bacteroidales;f__Porphyromonadaceae;g__Parabacteroides;s__Parabacteroides_johnsonii	0.0603221063764	0.0566253080934	-0.0502191614697	0.00322525992122	-0.0569419630812	-0.00774255073369	-0.0486129844399	-0.104533426847	-0.0322691545931	-0.0525388189993	-0.0192760496658	0.0312214748491	0.0721660429526	-0.0181075294526	0.0476436842371	-0.0166724576508	0.049979296265	0.0544354999311	-0.0548255940404	0.0575403111284	0.0404563745554	-0.0658210740584	-0.0524548751818	-0.0611333943059	-0.0722471056544	-0.127525127146	-0.041372987532	-0.0777003719015	1.0	-0.0179967425494	0.0267614403179	-0.0389059462845	-0.0110813641367	-0.018022381468	-0.0957444578852	0.0663392808965	-0.137431529053	-0.0239525709952	0.00929647385299	-0.0224523704872	0.018212971892	-0.0132594666407	0.0559971882705	-0.021678126053	-0.012233080193	-0.0763126334677	-0.0820487679644	-0.0228340577623	-0.0664175748817	-0.0840238870141	0.045233215881	-0.00248158117288	-0.0696757350276	-0.0696151299384	-0.0767035965684	-0.087948847915	0.0230674611451	-0.102000012173	-0.0071056768166
k__Bacteria;p__Actinobacteria;c__Actinobacteria;o__Bifidobacteriales;f__Bifidobacteriaceae;g__Bifidobacterium;s__Bifidobacterium_longum	0.0647171637862	-0.105334526132	0.0125183553082	-0.0274122461874	-0.0315725756279	0.0569151468561	-0.00244657652111	-0.0730057715513	0.0435285893893	-0.0845366690839	-0.0990811780267	-0.0283276503353	-0.0608328887864	-0.00771558174681	-0.0137788628915	-0.0327706942737	-0.0671675567685	0.005492893635	0.0171821601988	-0.050304193331	-0.0694592604961	0.0423068647757	0.0145736148837	-0.08248961051	0.0047965800542	-0.0138501176537	-0.0203150971064	0.024815087054	-0.0179967425494	1.0	0.0105118693989	-0.0131119513831	-0.0331282452862	-0.0288491458585	-0.0990852770417	-0.0109400635987	0.0271570233162	-0.0189824147702	-0.0352096577939	-0.0357258094545	-0.00564175689898	0.0207246759153	-0.112062148449	0.015142231971	0.0148254398047	-0.00816372662989	0.0196732534904	0.00575392890859	-0.0173867977832	-0.046466961929	-0.046032886422	0.019108023905	-0.017060562857	-0.0871910802909	0.00893792049939	-0.0926553157173	-0.0554021216899	0.040248124985	-0.0651348855093
