#taxonomy	k__Bacteria;p__Bacteroidetes;c__Bacteroidia;o__Bacteroidales;f__Bacteroidaceae;g__Bacteroides;s__Bacteroides_vulgatus	k__Bacteria;p__Bacteroidetes;c__Bacteroidia;o__Bacteroidales;f__Bacteroidaceae;g__Bacteroides;s__Bacteroides_uniformis	k__Bacteria;p__Bacteroidetes;c__Bacteroidia;o__Bacteroidales;f__Rikenellaceae;g__Alistipes;s__Alistipes_putredinis	k__Bacteria;p__Bacteroidetes;c__Bacteroidia;o__Bacteroidales;f__Prevotellaceae;g__Prevotella;s__Prevotella_copri	k__Bacteria;p__Bacteroidetes;c__Bacteroidia;o__Bacteroidales;f__Bacteroidaceae;g__Bacteroides;s__Bacteroides_stercoris	k__Bacteria;p__Bacteroidetes;c__Bacteroidia;o__Bacteroidales;f__Bacteroidaceae;g__Bacteroides;s__Bacteroides_ovatus	k__Bacteria;p__Bacteroidetes;c__Bacteroidia;o__Bacteroidales;f__Rikenellaceae;g__Alistipes;s__Alistipes_shahii	k__Bacteria;p__Firmicutes;c__Clostridia;o__Clostridiales;f__Ruminococcaceae;g__Faecalibacterium;s__Faecalibacterium_prausnitzii	k__Bacteria;p__Bacteroidetes;c__Bacteroidia;o__Bacteroidales;f__Rikenellaceae;g__Alistipes;s__Alistipes_finegoldii	k__Bacteria;p__Bacteroidetes;c__Bacteroidia;o__Bacteroidales;f__Porphyromonadaceae;g__Parabacteroides;s__Parabacteroides_distasonis	k__Bacteria;p__Bacteroidetes;c__Bacteroidia;o__Bacteroidales;f__Bacteroidaceae;g__Bacteroides;s__Bacteroides_thetaiotaomicron	k__Bacteria;p__Bacteroidetes;c__Bacteroidia;o__Bacteroidales;f__Bacteroidaceae;g__Bacteroides;s__Bacteroides_coprocola	k__Bacteria;p__Bacteroidetes;c__Bacteroidia;o__Bacteroidales;f__Bacteroidaceae;g__Bacteroides;s__Bacteroides_cellulosilyticus	k__Bacteria;p__Bacteroidetes;c__Bacteroidia;o__Bacteroidales;f__Rikenellaceae;g__Alistipes;s__Alistipes_obesi	k__Bacteria;p__Firmicutes;c__Clostridia;o__Clostridiales;f__Lachnospiraceae;g__;s__[Eubacterium]_rectale	k__Bacteria;p__Bacteroidetes;c__Bacteroidia;o__Bacteroidales;f__Bacteroidaceae;g__Bacteroides;s__Bacteroides_plebeius	k__Bacteria;p__Bacteroidetes;c__Bacteroidia;o__Bacteroidales;f__Bacteroidaceae;g__Bacteroides;s__Bacteroides_fragilis	k__Bacteria;p__Proteobacteria;c__Betaproteobacteria;o__Burkholderiales;f__Sutterellaceae;g__Sutterella;s__Sutterella_wadsworthensis	k__Bacteria;p__Bacteroidetes;c__Bacteroidia;o__Bacteroidales;f__Porphyromonadaceae;g__Barnesiella;s__Barnesiella_intestinihominis	k__Bacteria;p__Bacteroidetes;c__Bacteroidia;o__Bacteroidales;f__Odoribacteraceae;g__Odoribacter;s__Odoribacter_splanchnicus	k__Bacteria;p__Bacteroidetes;c__Bacteroidia;o__Bacteroidales;f__Bacteroidaceae;g__Bacteroides;s__Bacteroides_salyersiae	k__Bacteria;p__Firmicutes;c__Clostridia;o__Clostridiales;f__Ruminococcaceae;g__Ruminiclostridium;s__[Eubacterium]_siraeum	k__Bacteria;p__Proteobacteria;c__Betaproteobacteria;o__Burkholderiales;f__Sutterellaceae;g__Parasutterella;s__Parasutterella_excrementihominis	k__Bacteria;p__Actinobacteria;c__Actinobacteria;o__Bifidobacteriales;f__Bifidobacteriaceae;g__Bifidobacterium;s__Bifidobacterium_adolescentis	k__Bacteria;p__Firmicutes;c__Clostridia;o__Clostridiales;f__Oscillospiraceae;g__Oscillibacter;s__Oscillibacter_sp._KLE_1745	k__Bacteria;p__Bacteroidetes;c__Bacteroidia;o__Bacteroidales;f__Bacteroidaceae;g__Bacteroides;s__Bacteroides_coprophilus	k__Bacteria;p__Firmicutes;c__Clostridia;o__Clostridiales;f__Lachnospiraceae;g__Roseburia;s__Roseburia_intestinalis	k__Bacteria;p__Firmicutes;c__Clostridia;o__Clostridiales;f__Lachnospiraceae;g__Roseburia;s__Roseburia_hominis	k__Bacteria;p__Bacteroidetes;c__Bacteroidia;o__Bacteroidales;f__Porphyromonadaceae;g__Parabacteroides;s__Parabacteroides_johnsonii	k__Bacteria;p__Actinobacteria;c__Actinobacteria;o__Bifidobacteriales;f__Bifidobacteriaceae;g__Bifidobacterium;s__Bifidobacterium_longum	k__Bacteria;p__Firmicutes;c__Clostridia;o__Clostridiales;f__;g__Flavonifractor;s__Flavonifractor_plautii	k__Bacteria;p__Firmicutes;c__Clostridia;o__Clostridiales;f__Clostridiaceae;g__Clostridium;s__Clostridium_phoceensis	k__Bacteria;p__Verrucomicrobia;c__Verrucomicrobiae;o__Verrucomicrobiales;f__Akkermansiaceae;g__Akkermansia;s__Akkermansia_muciniphila	k__Bacteria;p__Bacteroidetes;c__Bacteroidia;o__Bacteroidales;f__Prevotellaceae;g__Paraprevotella;s__Paraprevotella_xylaniphila	k__Bacteria;p__Firmicutes;c__Clostridia;o__Clostridiales;f__Ruminococcaceae;g__Ruminococcus;s__Ruminococcus_callidus	k__Bacteria;p__Bacteroidetes;c__Bacteroidia;o__Bacteroidales;f__Rikenellaceae;g__Alistipes;s__Alistipes_senegalensis	k__Bacteria;p__Firmicutes;c__Clostridia;o__Clostridiales;f__Lachnospiraceae;g__Blautia;s__Blautia_sp._KLE_1732	k__Bacteria;p__Bacteroidetes;c__Bacteroidia;o__Bacteroidales;f__Bacteroidaceae;g__Bacteroides;s__Bacteroides_oleiciplenus	k__Bacteria;p__Firmicutes;c__Clostridia;o__Clostridiales;f__Ruminococcaceae;g__Ruminococcus;s__Ruminococcus_bicirculans	k__Bacteria;p__Bacteroidetes;c__Bacteroidia;o__Bacteroidales;f__Bacteroidaceae;g__Bacteroides;s__Bacteroides_fluxus	k__Bacteria;p__Bacteroidetes;c__Bacteroidia;o__Bacteroidales;f__Prevotellaceae;g__Prevotella;s__Prevotella_stercorea	k__Bacteria;p__Firmicutes;c__Clostridia;o__Clostridiales;f__Lachnospiraceae;g__Dorea;s__Dorea_longicatena	k__Bacteria;p__Firmicutes;c__Clostridia;o__Clostridiales;f__Eubacteriaceae;g__Eubacterium;s__[Eubacterium]_eligens	k__Bacteria;p__Firmicutes;c__Clostridia;o__Clostridiales;f__Ruminococcaceae;g__;s__Ruminococcaceae_bacterium_D16	k__Bacteria;p__Firmicutes;c__Clostridia;o__Clostridiales;f__Lachnospiraceae;g__Coprococcus;s__Coprococcus_comes	k__Bacteria;p__Proteobacteria;c__Gammaproteobacteria;o__Enterobacterales;f__Enterobacteriaceae;g__Escherichia;s__Escherichia_coli	k__Bacteria;p__Firmicutes;c__Clostridia;o__Clostridiales;f__Ruminococcaceae;g__Anaerotruncus;s__Anaerotruncus_colihominis	k__Bacteria;p__Firmicutes;c__Clostridia;o__Clostridiales;f__Lachnospiraceae;g__Blautia;s__Blautia_obeum	k__Bacteria;p__Bacteroidetes;c__Bacteroidia;o__Bacteroidales;f__Odoribacteraceae;g__Odoribacter;s__Odoribacter_laneus	k__Bacteria;p__Firmicutes;c__Clostridia;o__Clostridiales;f__Ruminococcaceae;g__Ruminiclostridium;s__[Clostridium]_leptum	k__Bacteria;p__Bacteroidetes;c__Bacteroidia;o__Bacteroidales;f__Porphyromonadaceae;g__Parabacteroides;s__Parabacteroides_goldsteinii	k__Bacteria;p__Firmicutes;c__Clostridia;o__Clostridiales;f__Lachnospiraceae;g__Anaerostipes;s__Anaerostipes_hadrus	k__Bacteria;p__Firmicutes;c__Clostridia;o__Clostridiales;f__Ruminococcaceae;g__Ruminococcus;s__Ruminococcus_lactaris	k__Bacteria;p__Firmicutes;c__Clostridia;o__Clostridiales;f__Clostridiaceae;g__Clostridium;s__Clostridium_sp._L2-50	k__Bacteria;p__Firmicutes;c__Clostridia;o__Clostridiales;f__Clostridiaceae;g__Clostridium;s__Clostridium_sp._M62/1	k__Bacteria;p__Firmicutes;c__Clostridia;o__Clostridiales;f__;g__Intestinimonas;s__Intestinimonas_butyriciproducens	k__Bacteria;p__Actinobacteria;c__Actinobacteria;o__Bifidobacteriales;f__Bifidobacteriaceae;g__Bifidobacterium;s__Bifidobacterium_bifidum	k__Bacteria;p__Firmicutes;c__Negativicutes;o__Veillonellales;f__Veillonellaceae;g__Dialister;s__Dialister_invisus	k__Bacteria;p__Bacteroidetes;c__Bacteroidia;o__Bacteroidales;f__Bacteroidaceae;g__Bacteroides;s__Bacteroides_salanitronis
k__Bacteria;p__Bacteroidetes;c__Bacteroidia;o__Bacteroidales;f__Bacteroidaceae;g__Bacteroides;s__Bacteroides_vulgatus	1.0	0.00303911031886	0.0083893251686	-0.0419091183835	0.0956680264011	-0.0117448602439	0.0244876461429	-0.0850703946973	0.0853187364504	-0.0481906594967	-0.101111520349	0.0679609200764	-0.0605046306423	-0.00664894724285	0.101593416757	-0.0167126438426	0.0178407195094	0.0898041107997	-0.0846792538087	-0.145717424029	-0.109544369686	-0.0181199396666	0.0568694298101	-0.0654262232647	-0.031301242977	-0.0905167796957	-0.104321232535	-0.0522804201177	0.0491701682152	0.0878070866206	-0.0324115041384	0.00872862904526	-0.0052682928537	-0.0332043768229	-0.0109718023575	0.0539995461657	-0.0246106610748	-0.0194738855903	0.0213809757671	-0.0118128622522	-0.0598712934007	-0.0839567193539	-0.103245917166	-0.0821901641442	-0.0821329066887	0.0186576062866	-0.04904251792	-0.026467427663	-0.141857257145	-0.00189096236768	-0.015743552971	0.00601075864575	0.0809091761378	-0.0983436490928	-0.0250174185113	0.0114342111482	-0.182482038593	-0.0862432811764	0.0012275384184
k__Bacteria;p__Bacteroidetes;c__Bacteroidia;o__Bacteroidales;f__Bacteroidaceae;g__Bacteroides;s__Bacteroides_uniformis	0.00303911031886	1.0	-0.17252273237	0.00408909668327	-0.0925071627744	-0.112995856737	-0.0328351731723	-0.100440690626	0.0621416574093	0.00339849211223	-0.0409257831108	0.0199859610396	0.0540674002834	-0.0500101465564	-0.0579708339195	0.0754801411145	-0.0475843645465	-0.0674606281105	-0.0290398953734	0.0190672925001	0.0831688543713	-0.0721127146321	0.0209174977224	-0.0698895054702	0.0256351714337	0.0374252958227	-0.063767627126	-0.0361635614887	-0.0135305317228	-0.026879272339	-0.0302149864937	0.0803505557288	-0.0699284978177	-0.0368689899783	0.0324106856503	-0.0319431908106	-0.0606692148062	-0.0997018876034	-0.0792911978246	0.042157543546	-0.0648660428245	0.0257906131816	-0.0888555407851	-0.0427181560036	-0.0446419358459	0.0560567436202	-0.0478456671647	-0.0602295726989	-0.0533754311434	-0.0537294795797	-0.0671798693458	-0.0574064760669	-0.0701247682711	-0.0744022636367	-0.068075109864	0.0292497785323	0.0290088316455	0.0456246680058	-0.0342719967385
k__Bacteria;p__Bacteroidetes;c__Bacteroidia;o__Bacteroidales;f__Rikenellaceae;g__Alistipes;s__Alistipes_putredinis	0.0083893251686	-0.17252273237	1.0	0.00308010161515	0.0258760721522	0.0132486910598	0.0567491829994	-0.034524198277	-0.0812017522487	-0.0755408471827	0.0288129910526	-0.00833174097849	-0.00597091348346	-0.095274571514	0.0611317068724	0.0940687774269	-0.0424194360134	-0.0958866255849	-0.128307992675	-0.0341907654671	0.0163474839426	-0.080547020386	-0.0752595097385	-0.0322447080695	-0.085838068661	-0.0942894867498	-0.104778431678	-0.0410741592804	-0.105077018987	0.00202455462791	0.0421955214604	-0.0584955725709	-0.107554065489	-0.058029315414	-0.09412898909	0.0937301985984	-0.14171000704	-0.0271321090484	0.0355450842931	-0.0198042022572	0.0250818671642	-0.033149131182	-0.0507941412088	-0.00940053844739	0.00113455631899	0.0314835262597	-0.06786473919	0.0414765221756	-0.111591016228	-0.021937153463	0.0162065746867	0.0216136842837	-0.0928570121328	0.0117415651417	0.0155073478439	0.0553928026851	-0.0362539877892	-0.0704589625788	-0.0713596902743
k__Bacteria;p__Bacteroidetes;c__Bacteroidia;o__Bacteroidales;f__Prevotellaceae;g__Prevotella;s__Prevotella_copri	-0.0419091183835	0.00408909668327	0.00308010161515	1.0	-0.00750283432729	-0.101426686903	0.0361109138817	-0.032282590523	0.0803307638326	-0.115695758349	0.00316004487454	0.10629230864	-0.0266933561269	0.059409946265	0.0999865242309	-0.0716041294392	-0.00353826034702	-0.00103066163055	-0.0981627384736	0.00538303516218	-0.0989330614613	-0.0269940706209	-0.00214096330151	-0.0307449633704	0.114767873429	0.0531185295393	-0.0582867244461	-0.0727661142705	-0.0526666899372	-0.0780837045389	-0.109642429371	0.0166607958434	-0.0294230767786	-0.023450226984	-0.00659458487305	-0.0522861986328	-0.0740652798764	-0.0681698285121	-0.059936463622	-0.0474332240649	-0.0269340675949	0.0369046138729	0.0315611462472	-0.0227597876761	-0.121837695178	-0.0314912730087	0.0366607432583	-0.0974874360231	-0.0112891583006	-0.0557941353956	-0.0123306595038	0.0167019088593	0.0237403691348	-0.0773979292994	0.0707440345507	-0.0315651632286	-0.00861593425116	-0.0202569835659	-0.0335368077509
k__Bacteria;p__Bacteroidetes;c__Bacteroidia;o__Bacteroidales;f__Bacteroidaceae;g__Bacteroides;s__Bacteroides_stercoris	0.0956680264011	-0.0925071627744	0.0258760721522	-0.00750283432729	1.0	-0.00461468941064	-0.0259770445513	-0.0849929059962	-0.0437089254722	0.042900457602	0.0446141231821	-0.106529740986	-0.109432022452	0.0522521744825	-0.0645524000216	-0.0819713279751	3.18301894474e-05	-0.0603803119051	-0.056127308493	0.0501080138583	-0.0525287236012	-0.0215001875809	-0.104572243944	-0.005637230413	0.036785458965	0.0104400372259	-0.0233119413362	-0.0399566714087	0.00652065131162	-0.0193549409138	-0.0804052567914	-0.0254952180852	0.0687120239098	0.0235380039651	-0.0283595550351	-0.0510025388849	-0.0943711693365	0.00129123644354	0.0368184075976	-0.0377952000448	-0.0595474311011	0.0337839677181	0.03512738722	0.0637237523408	-0.0970138902313	-0.057084960653	-0.0485325100863	0.0545798183642	0.020922163284	-0.0131590220653	0.00557648921619	-0.0726680151872	0.0177917151648	0.00912037977971	-0.00608442641625	0.0852971238312	0.0363738616219	0.0542061102805	-0.155534074236
k__Bacteria;p__Bacteroidetes;c__Bacteroidia;o__Bacteroidales;f__Bacteroidaceae;g__Bacteroides;s__Bacteroides_ovatus	-0.0117448602439	-0.112995856737	0.0132486910598	-0.101426686903	-0.00461468941064	1.0	0.00222757593876	-0.0822960296599	-0.0338508987252	0.141484345277	0.0274734173809	0.0398425074743	-0.0483517410908	-0.0772960544541	-0.114366659251	-0.04883542374	-0.092974332913	-0.0294705788314	0.00805973417691	-0.0167759248743	0.0550106895216	0.0493413074449	0.0495877993178	-0.0362225677364	-0.0457761295641	-0.0602401213814	-0.0633299561079	-0.0535537550049	-0.0389793496928	0.0539025369955	-0.0895355242165	0.0339244747426	-0.148164776746	0.0652015310916	-0.0793792827495	-0.0739627275462	0.0687042649447	-0.0385215835043	-0.0145153898366	-0.104861248505	-0.100001216387	0.013650230105	-0.136072174589	-0.076013642632	0.0857104701198	-0.0552458107488	0.0697124002379	-3.56593921947e-05	-0.00706424222712	0.0251490386531	-0.0677171566097	-0.0536464109008	-0.0791891998429	-0.00122296757979	0.0166473192202	0.0154604825848	-0.0223124229776	-0.174562109022	-0.0918328514371
k__Bacteria;p__Bacteroidetes;c__Bacteroidia;o__Bacteroidales;f__Rikenellaceae;g__Alistipes;s__Alistipes_shahii	0.0244876461429	-0.0328351731723	0.0567491829994	0.0361109138817	-0.0259770445513	0.00222757593876	1.0	-0.0893704305327	0.0543624160543	-0.10482299756	-0.0200132326306	-0.0860299653253	0.0830937466955	-0.0073050615801	0.0181560306312	0.0326647928978	-0.0658101168436	-0.0956858353642	-0.109805634665	-0.0702627002011	0.060243841785	-0.0471884908974	0.0729250880366	0.0302851888381	-0.0386369111638	-0.0109826037903	0.0815325551367	-0.045303725916	-0.0269036590587	-0.160934814065	-0.0866946334889	0.0558713750812	-0.0256439110006	-0.00437904287838	-0.00652420029166	-0.0269419186162	-0.00789723059894	0.0333951076517	-0.112633904162	0.00503631088836	-0.11119726904	-0.117052792166	-0.0653364040171	-0.0793852815033	0.0171254654384	-0.00532933416461	-0.0741565505341	-0.102852924324	0.0201937984982	-0.0654562520913	-0.121962969223	-0.0503496777215	-0.0582808660974	-0.0776210299408	-0.0367487371748	-0.057289170562	0.0796705040498	0.0332765121057	-0.0154916380054
k__Bacteria;p__Firmicutes;c__Clostridia;o__Clostridiales;f__Ruminococcaceae;g__Faecalibacterium;s__Faecalibacterium_prausnitzii	-0.0850703946973	-0.100440690626	-0.034524198277	-0.032282590523	-0.0849929059962	-0.0822960296599	-0.0893704305327	1.0	0.0694507848442	0.00840418071549	-0.0393551084062	-0.0163274096429	-0.0341379410598	0.0301112664289	-0.158302620599	0.0531544556208	0.0183047368494	0.0348262467457	-0.0487985120227	-0.0307896407533	-0.0502257218822	-0.00458820619032	0.000836837208021	0.0958943039935	-0.0331316222859	-0.0128762125302	-0.0418117038812	-0.105994801659	-0.0993733340402	-0.0433289698178	-0.0676031757545	-0.107038266051	-0.0571570104254	-0.0483841825491	-0.0160322657139	-0.0452909067438	0.00802886403452	-0.0332249538371	-0.143090431416	-0.0378288146441	0.0941826291085	-0.0221746881888	-0.0314484830949	-0.0263470051385	-0.044563193522	-0.0143850482528	-0.0346014778662	-0.0159764440611	0.0630028388192	-0.0137357129047	-0.0463239043228	-0.11031400259	-0.0380447263958	-0.0961598933734	-0.00473151935988	-0.00399127571828	-0.0745182611525	-0.119885641176	0.0717291571033
k__Bacteria;p__Bacteroidetes;c__Bacteroidia;o__Bacteroidales;f__Rikenellaceae;g__Alistipes;s__Alistipes_finegoldii	0.0853187364504	0.0621416574093	-0.0812017522487	0.0803307638326	-0.0437089254722	-0.0338508987252	0.0543624160543	0.0694507848442	1.0	-0.000354663409579	-0.0181167802201	0.100711865996	-0.0754407712375	-0.0231403417066	0.0150623875758	-0.00968457776688	-0.0867467932255	-0.0612253673774	-0.06624618998	0.0377831484559	-0.0935445541199	0.0376961811619	0.00855988846989	0.0525608938459	0.0408338842461	-0.078325474403	-0.0482512566203	-0.0106928895957	-0.00801756204044	-0.0931589264323	-0.0217280291911	0.019443447311	0.11883353153	-0.00466126711435	-0.0322701255752	-0.090080910419	-0.0079168389052	0.0579290245471	0.00105769973217	-0.180734222443	-0.0660190070678	-0.0558830590314	-0.016803037325	-0.164965403942	-0.0140264299839	0.0287799874751	-0.0129438554152	-0.057863860628	0.0158302901132	-0.097518589111	-0.0347137552536	-0.0559206667665	-0.00150575046766	-0.0562980902854	-0.0900925724404	0.0152760062493	-0.0905075397738	-0.0345938552077	-0.0441593255803
k__Bacteria;p__Bacteroidetes;c__Bacteroidia;o__Bacteroidales;f__Porphyromonadaceae;g__Parabacteroides;s__Parabacteroides_distasonis	-0.0481906594967	0.00339849211223	-0.0755408471827	-0.115695758349	0.042900457602	0.141484345277	-0.10482299756	0.00840418071549	-0.000354663409579	1.0	0.0141112149362	-0.0421665013018	-0.0481518909285	-0.0741276076624	-0.0605377311395	0.0190897140747	0.0982959889885	-0.0433435992971	-0.179370347808	-0.0266184059318	-0.131164562151	-0.0368255762442	-0.0735571897364	-0.0181759118245	-0.0877812868042	-0.11860238861	-0.154810823649	-0.0171312578346	-0.115041286129	-0.0371666449355	0.0181770482875	-0.0703824152895	0.047968147603	-0.0574241565637	0.0471969912203	-0.112111688429	0.0383440299446	-0.0127791034649	-0.0864956231691	0.0096426104517	-0.0272675295984	-0.0233615862131	-0.0481306920351	-0.0885373891108	0.0443987285187	0.0980058945917	0.0158134682878	0.0132450352547	-0.025291187413	-0.0150474052603	-0.104773852437	-0.0480619411206	-0.0773046376049	0.0130772754138	0.0307996373417	-0.122298696398	0.0476586246206	-0.0509636468138	0.0285886986611
k__Bacteria;p__Bacteroidetes;c__Bacteroidia;o__Bacteroidales;f__Bacteroidaceae;g__Bacteroides;s__Bacteroides_thetaiotaomicron	-0.101111520349	-0.0409257831108	0.0288129910526	0.00316004487454	0.0446141231821	0.0274734173809	-0.0200132326306	-0.0393551084062	-0.0181167802201	0.0141112149362	1.0	-0.055736452444	-0.0629699754431	-0.0895305462736	-0.026483946579	0.0128494195653	-0.0185359312624	-0.0321808811437	-0.0256871154294	-0.0333529545562	-0.00439322416038	0.0644516843357	-0.00384264965398	-0.0750329334925	-3.08935746153e-05	0.00730881805004	-0.022554344566	0.00669442404007	-0.0244210980229	-0.107625852966	-0.111645117404	-0.0498033744312	-0.158766576192	-0.0844420872626	-0.100182401965	-0.00723995889584	-0.0411306937945	0.00517771775132	0.025578388694	-0.0348655102907	-0.0500686395771	-0.103450361246	-0.0475440444852	-0.120848569254	-0.0313479047777	-0.0535516260926	-0.0553156044469	0.0789865456868	-0.0190486166926	-0.128350185669	-0.0563095734619	-0.0593525191075	-0.00451923127314	0.104113642717	-0.0517896652959	0.0358808375667	-0.044081341504	0.0246648824258	-0.0858141218548
k__Bacteria;p__Bacteroidetes;c__Bacteroidia;o__Bacteroidales;f__Bacteroidaceae;g__Bacteroides;s__Bacteroides_coprocola	0.0679609200764	0.0199859610396	-0.00833174097849	0.10629230864	-0.106529740986	0.0398425074743	-0.0860299653253	-0.0163274096429	0.100711865996	-0.0421665013018	-0.055736452444	1.0	-0.103844089461	-0.116452250297	-0.0189002693872	-0.0608148978939	-0.064647081232	-0.0923194254857	-0.106649627604	0.00508565593801	-0.020128377881	-0.0416598011939	0.1138200104	0.0213857644923	-0.033470117916	-0.0508358387647	0.0178849670192	0.0754772426489	-0.0206875448575	-0.0164275140604	-0.0446654743222	-0.0833750474788	0.0201228077128	0.0375970592805	0.0744542834931	0.0436655708593	0.0110018072486	-0.107716528401	0.00625321258167	-0.208580781346	-0.0462304368714	0.0741924053996	-0.0957208973793	0.0757190486795	-0.00765825152764	-0.0793379718736	0.0216116242531	0.000918669525359	-0.0152910638332	-0.0809409454031	0.0338283978286	0.038623252924	-0.0908900706804	-0.0703724616026	0.0283841070951	0.0304391625071	-0.0376876698682	-0.008918501306	-0.131361572101
k__Bacteria;p__Bacteroidetes;c__Bacteroidia;o__Bacteroidales;f__Bacteroidaceae;g__Bacteroides;s__Bacteroides_cellulosilyticus	-0.0605046306423	0.0540674002834	-0.00597091348346	-0.0266933561269	-0.109432022452	-0.0483517410908	0.0830937466955	-0.0341379410598	-0.0754407712375	-0.0481518909285	-0.0629699754431	-0.103844089461	1.0	-0.0387722704856	-0.127582717285	-0.128065077261	0.0846691288411	-0.0826804007586	0.0281601003893	-0.0383069770516	-0.0564658261357	0.0377640776039	0.0892324885384	-0.0818657463155	-0.0423190989326	-0.0113038885752	-0.114473946206	-0.0207650599624	-0.0731265851092	0.0115220940163	-0.0676248876774	0.0416999334627	0.0404157632363	-0.0864248542081	-0.0294120403269	0.0081427767597	0.0390287974952	0.0376298439626	0.0394543353169	0.0336740482173	0.000775212367207	2.19890332516e-05	-0.0203555148873	-0.0357567879837	-0.064006195857	0.0095040638764	-0.0220716517002	0.0211183157434	-0.0268662891213	-0.10348744994	0.0120589152636	0.0288055458168	-0.00876172472086	-0.107037671246	-0.0193029569065	-0.0253388529582	-0.0887235036802	-0.0886406930139	-0.0134094475802
k__Bacteria;p__Bacteroidetes;c__Bacteroidia;o__Bacteroidales;f__Rikenellaceae;g__Alistipes;s__Alistipes_obesi	-0.00664894724285	-0.0500101465564	-0.095274571514	0.059409946265	0.0522521744825	-0.0772960544541	-0.0073050615801	0.0301112664289	-0.0231403417066	-0.0741276076624	-0.0895305462736	-0.116452250297	-0.0387722704856	1.0	0.0717734713736	0.0691960289484	-0.015608556933	-0.0690898808753	-0.0124935481694	-0.0612076739957	0.0651298817712	0.0365820877345	0.0227505245821	0.0463482440842	0.100755644931	-0.0928574187458	0.00881768869899	0.000539340738861	-0.0103630760295	0.0458924142608	-0.0838634869825	-0.0474985447985	-0.0484113083562	0.0112247407361	0.00978946568999	0.00458099894236	-0.0902194870766	-0.0187702451929	0.027680932463	0.00746257345682	0.00641024955921	0.0265125595577	0.0135890715928	-0.0249351446609	-0.0226333106595	-0.0766942065117	0.0295483403896	-0.0570955476609	0.0653885451952	-0.0317450014781	0.0845242558712	-0.082703327209	-0.00760118058407	-0.0839099369738	-0.0885948571498	-0.0765545277929	-0.0119127974055	-0.0533431102973	-0.00213254607889
k__Bacteria;p__Firmicutes;c__Clostridia;o__Clostridiales;f__Lachnospiraceae;g__;s__[Eubacterium]_rectale	0.101593416757	-0.0579708339195	0.0611317068724	0.0999865242309	-0.0645524000216	-0.114366659251	0.0181560306312	-0.158302620599	0.0150623875758	-0.0605377311395	-0.026483946579	-0.0189002693872	-0.127582717285	0.0717734713736	1.0	-0.151964932542	0.104211661737	0.101369526425	-0.00420766836976	-0.000333206669816	-0.0528110547527	-0.0372298893727	-0.0696866259015	-0.0352604544342	-0.074216538777	-0.0309814245077	-0.0755526623303	-0.0166082059785	-0.0273698364677	-0.0203178418088	0.000421385726128	-0.042031937281	0.040954409428	0.000141475688995	-0.0419096281095	0.0454809372859	-0.143098385003	-0.0247783876496	0.100410012124	-0.0648614758819	-0.0989756461253	-0.121749114917	-0.0458507781761	-0.0550096050737	-0.0791732101608	0.0314982670462	0.0185205780601	0.0222459661693	-0.0956442141103	-0.0610919200712	0.0824444427932	0.0273426778881	0.0380907006404	-0.0528905199298	0.0688718861971	-0.112530906902	-0.0035343117051	-0.0169332443714	-0.0426625486888
k__Bacteria;p__Bacteroidetes;c__Bacteroidia;o__Bacteroidales;f__Bacteroidaceae;g__Bacteroides;s__Bacteroides_plebeius	-0.0167126438426	0.0754801411145	0.0940687774269	-0.0716041294392	-0.0819713279751	-0.04883542374	0.0326647928978	0.0531544556208	-0.00968457776688	0.0190897140747	0.0128494195653	-0.0608148978939	-0.128065077261	0.0691960289484	-0.151964932542	1.0	-0.0389494355674	-0.0473289915449	0.0275375611949	-0.124523835767	-0.0510916527261	-0.0349582884801	0.0492784217998	0.0626066202265	-0.013891176464	-0.0173749061113	0.0665259544277	-0.0263849628162	-0.0494351308396	-0.0988139045271	0.0329419892399	-0.00907670767845	-0.0353157919089	-0.0483699927192	0.0226421107173	-0.0172541426509	-0.0984357302364	-0.0161364034445	-0.0495294238918	-0.0669792650831	-0.0769135098757	-0.0241718967958	0.0253555419937	0.00585862712044	-0.110497343498	-0.0835668655687	0.0589610749855	-0.0206847305395	-0.0688770613192	0.00965424463356	-0.0474414089329	-0.0793176519943	-0.0324132659768	0.121655512298	0.0887798779595	-0.0831453792327	-0.00231204168474	-0.022322570297	-0.101004808106
k__Bacteria;p__Bacteroidetes;c__Bacteroidia;o__Bacteroidales;f__Bacteroidaceae;g__Bacteroides;s__Bacteroides_fragilis	0.0178407195094	-0.0475843645465	-0.0424194360134	-0.00353826034702	3.18301894474e-05	-0.092974332913	-0.0658101168436	0.0183047368494	-0.0867467932255	0.0982959889885	-0.0185359312624	-0.064647081232	0.0846691288411	-0.015608556933	0.104211661737	-0.0389494355674	1.0	0.0804080229286	-0.140056569188	-0.0037661861056	-0.0232903026045	0.0183698640692	-0.0737830251346	-0.082433230834	-0.0178886586872	-0.0908185833774	-0.0151700388798	0.0322601889021	-0.106003599101	-0.0937183043314	0.0252102195214	-0.0769053820773	-0.0530622058063	-0.0161737724346	-0.0597774013424	0.100331056612	-0.0629019512632	-0.0796236790339	-0.0743093969199	0.00979592241489	0.00153392282464	-0.0546396910642	0.000485620551643	-0.0742531296397	-0.0244652518604	-0.0494827021028	-0.0207256683783	0.0535155556806	-0.0939722308997	0.00855641005692	-0.0715674191469	0.030436341048	-0.0876840605084	-0.068084733798	0.040785385202	-0.200624022695	-0.0331401394434	-0.0701052738763	-0.0530195750318
k__Bacteria;p__Proteobacteria;c__Betaproteobacteria;o__Burkholderiales;f__Sutterellaceae;g__Sutterella;s__Sutterella_wadsworthensis	0.0898041107997	-0.0674606281105	-0.0958866255849	-0.00103066163055	-0.0603803119051	-0.0294705788314	-0.0956858353642	0.0348262467457	-0.0612253673774	-0.0433435992971	-0.0321808811437	-0.0923194254857	-0.0826804007586	-0.0690898808753	0.101369526425	-0.0473289915449	0.0804080229286	1.0	-0.0814930928363	0.0436303663245	-0.111938486912	-0.00897683363204	-0.0423948685494	-0.0392093566359	-0.00769703975378	-0.0220746342028	-0.0341192815051	-0.0442417900661	-0.0255711638656	0.0349353280182	-0.0272881581275	-0.00286016132332	0.0132848361678	0.059647733351	-0.0452774577508	-0.0448056213692	-0.072171383547	-0.0743850728969	-0.0514133321396	-0.0158355029086	-0.0843145717303	-0.0551248288163	-0.04859308409	-0.0465053129423	0.0455650884999	-0.0587675357612	0.0118605336381	0.0366215733349	-0.120375734233	-0.0533747065294	0.030569689005	0.0134409339528	0.0821379477063	0.0516060874407	-0.0988362976984	-0.135649613958	-0.00489365879119	-0.119208655901	-0.0401249955174
k__Bacteria;p__Bacteroidetes;c__Bacteroidia;o__Bacteroidales;f__Porphyromonadaceae;g__Barnesiella;s__Barnesiella_intestinihominis	-0.0846792538087	-0.0290398953734	-0.128307992675	-0.0981627384736	-0.056127308493	0.00805973417691	-0.109805634665	-0.0487985120227	-0.06624618998	-0.179370347808	-0.0256871154294	-0.106649627604	0.0281601003893	-0.0124935481694	-0.00420766836976	0.0275375611949	-0.140056569188	-0.0814930928363	1.0	0.00309078660337	-0.0706009659594	-0.064528223887	-0.0177850872136	-0.075041394416	-0.0817263834716	0.0272318651739	0.0655579918746	-0.0335087232875	-0.0212181169263	-0.1107852796	0.0681518575024	-0.0273307811311	-0.0209001372125	-0.0198906781319	-0.073129872049	-0.0113172450665	0.0532309202407	-0.0126716471087	-0.0207612910295	0.0782234735097	0.018331475988	0.121932492682	-0.0689480802391	-0.0648630892104	-0.08951911813	-0.0192468261131	-0.0586818954645	-0.220316750615	-0.0640310633337	-0.0715377331991	-0.0324169800572	-0.0560742582945	-0.0264712370064	-0.0316907750156	-0.0841037339695	-0.0469128684816	-0.0767463792368	-0.0419920240496	-0.0821700234223
k__Bacteria;p__Bacteroidetes;c__Bacteroidia;o__Bacteroidales;f__Odoribacteraceae;g__Odoribacter;s__Odoribacter_splanchnicus	-0.145717424029	0.0190672925001	-0.0341907654671	0.00538303516218	0.0501080138583	-0.0167759248743	-0.0702627002011	-0.0307896407533	0.0377831484559	-0.0266184059318	-0.0333529545562	0.00508565593801	-0.0383069770516	-0.0612076739957	-0.000333206669816	-0.124523835767	-0.0037661861056	0.0436303663245	0.00309078660337	1.0	0.0336998737188	-0.0385638906954	-0.0295015491041	-0.0716293571024	-0.158193229374	-0.0577557728543	-0.0616549074808	0.00329902284958	-0.0206538066279	-0.0540696833072	-0.00290665622545	-0.0254124415169	0.116851556801	-0.0959501029057	-0.106575943158	-0.0187259747469	-0.0129205293062	-0.0359901068127	0.0409680799194	0.0781113368057	0.0101028607394	-0.0318768171192	0.00684007487073	-0.0756043372734	0.0166842839149	-0.0716452000825	-0.102150918527	-0.00735607894627	-0.0709991271031	-0.0257556839103	0.0684818708448	-0.0184624435908	-0.00985173674962	0.0233517168532	0.0194921586146	0.026618132886	-0.148772738388	0.00823300489694	0.0146459889042
k__Bacteria;p__Bacteroidetes;c__Bacteroidia;o__Bacteroidales;f__Bacteroidaceae;g__Bacteroides;s__Bacteroides_salyersiae	-0.109544369686	0.0831688543713	0.0163474839426	-0.0989330614613	-0.0525287236012	0.0550106895216	0.060243841785	-0.0502257218822	-0.0935445541199	-0.131164562151	-0.00439322416038	-0.020128377881	-0.0564658261357	0.0651298817712	-0.0528110547527	-0.0510916527261	-0.0232903026045	-0.111938486912	-0.0706009659594	0.0336998737188	1.0	0.0364402906175	-0.0319327887734	-0.0312286647852	-0.0397259956545	-0.110789368185	-0.0842105960827	-0.0553757831322	-0.0682750574448	-0.0411280552817	-0.172844846918	-0.029026568113	-0.0981949957169	-0.0401709681949	-0.0271298788357	0.0324942077507	-0.0992051100957	0.0921662792224	0.00771410033933	0.0495276895257	-0.00931469720273	0.0400150821803	-0.102939166217	-0.033824370871	-0.0199758585572	-0.0400085898186	-0.0566964037447	-0.0500153359954	0.0223865259571	-0.0282299756503	0.023035416975	-0.016186179052	-0.0900336894381	-0.0910025171837	-0.0238432215016	0.0402377284397	0.0265738913822	-0.0543679161066	-0.0744475374648
k__Bacteria;p__Firmicutes;c__Clostridia;o__Clostridiales;f__Ruminococcaceae;g__Ruminiclostridium;s__[Eubacterium]_siraeum	-0.0181199396666	-0.0721127146321	-0.080547020386	-0.0269940706209	-0.0215001875809	0.0493413074449	-0.0471884908974	-0.00458820619032	0.0376961811619	-0.0368255762442	0.0644516843357	-0.0416598011939	0.0377640776039	0.0365820877345	-0.0372298893727	-0.0349582884801	0.0183698640692	-0.00897683363204	-0.064528223887	-0.0385638906954	0.0364402906175	1.0	0.0185703537727	-0.0355905116244	0.032822578989	-0.0986004367694	-0.115773915264	-0.0852995830945	-0.0457419154061	-0.0220090528132	-0.00396839070995	0.0733280615098	-0.0559838076857	-0.0107005805658	0.0897847849333	-0.0562116816218	0.0661597813936	-0.0202963884552	-0.105153281672	0.00608188641759	-0.0913225975054	0.0598607532622	-0.0683125903932	-0.00313475395494	-0.0367373061904	-0.0471112560067	-0.0341598179538	0.042864731215	-0.0645366591187	-0.0525020515682	-0.0726343485693	-0.114469775665	-0.0848693593158	-0.156079747525	0.00319619539762	-0.0023781467729	-0.0421533358764	-0.0714543457972	-0.0171239009784
k__Bacteria;p__Proteobacteria;c__Betaproteobacteria;o__Burkholderiales;f__Sutterellaceae;g__Parasutterella;s__Parasutterella_excrementihominis	0.0568694298101	0.0209174977224	-0.0752595097385	-0.00214096330151	-0.104572243944	0.0495877993178	0.0729250880366	0.000836837208021	0.00855988846989	-0.0735571897364	-0.00384264965398	0.1138200104	0.0892324885384	0.0227505245821	-0.0696866259015	0.0492784217998	-0.0737830251346	-0.0423948685494	-0.0177850872136	-0.0295015491041	-0.0319327887734	0.0185703537727	1.0	0.0632269593765	-0.025000672634	0.0447766254049	-0.0274092945167	-0.0214441337502	-0.0115861967044	-0.0463142187981	-0.0586516792081	-0.0836739047772	-0.0326525950243	-0.00329051219777	0.0013342251942	-0.0697456485424	-0.0494237916955	-0.0534322667703	-0.0319460443767	0.0744383250339	-0.0553836984571	-0.0139340510909	0.0619545893254	-0.0568818560216	-0.00359157940489	-0.00941741643621	-0.00887893793752	-0.0173115532821	0.0768052650169	0.0266525586038	-0.0336388038522	-0.0856860561885	-0.0501969396222	-0.0357398893517	-0.0659640089335	-0.0290765741891	-0.0420117620746	-0.0424829111953	0.00933302555708
k__Bacteria;p__Actinobacteria;c__Actinobacteria;o__Bifidobacteriales;f__Bifidobacteriaceae;g__Bifidobacterium;s__Bifidobacterium_adolescentis	-0.0654262232647	-0.0698895054702	-0.0322447080695	-0.0307449633704	-0.005637230413	-0.0362225677364	0.0302851888381	0.0958943039935	0.0525608938459	-0.0181759118245	-0.0750329334925	0.0213857644923	-0.0818657463155	0.0463482440842	-0.0352604544342	0.0626066202265	-0.082433230834	-0.0392093566359	-0.075041394416	-0.0716293571024	-0.0312286647852	-0.0355905116244	0.0632269593765	1.0	-0.0266359094096	-0.0445145627364	-0.0873751568197	-0.100939579198	0.0548821211512	-0.000109243173689	-0.00213333342671	-0.0271662646939	0.0358872477871	0.0482276011795	-0.0187738235911	0.0246163883118	-0.0243903177199	-0.00132173683954	-0.0396337868455	-0.0733529265798	-0.059052373115	-0.0994447763794	-0.0234803166008	-0.07617234081	-0.133578397627	-0.067222377715	-0.0237820287445	-0.17831886597	0.152212414463	-0.0652651005872	0.00324670874584	-0.0220517406857	-0.00780508092609	-0.034882939775	-0.0903426764741	0.0458360337562	-0.114177981064	0.0520496540514	-0.0886064488918
k__Bacteria;p__Firmicutes;c__Clostridia;o__Clostridiales;f__Oscillospiraceae;g__Oscillibacter;s__Oscillibacter_sp._KLE_1745	-0.031301242977	0.0256351714337	-0.085838068661	0.114767873429	0.036785458965	-0.0457761295641	-0.0386369111638	-0.0331316222859	0.0408338842461	-0.0877812868042	-3.08935746153e-05	-0.033470117916	-0.0423190989326	0.100755644931	-0.074216538777	-0.013891176464	-0.0178886586872	-0.00769703975378	-0.0817263834716	-0.158193229374	-0.0397259956545	0.032822578989	-0.025000672634	-0.0266359094096	1.0	-0.0219782677437	0.0258149678911	-0.0422753932323	-0.0827604247739	0.0270665464296	-0.00838892408539	-0.115628308839	0.0325595538597	-0.0101188401015	-0.0483339167169	0.0665688658098	0.0138740651126	-0.0486588205555	-0.0360222707978	0.00115153029698	-0.0590533946914	-0.0539432933052	-0.0303526851522	0.0189873104544	0.0331294844046	-0.0295633254681	-0.0969140587445	-0.0166086995612	-0.0659989036902	0.0716181852353	-0.0915364449503	-0.106400383387	-0.0717104684836	-0.0130614435294	0.0075411405271	0.0259115086593	0.024183856152	-0.00184612001411	-0.0466134021793
k__Bacteria;p__Bacteroidetes;c__Bacteroidia;o__Bacteroidales;f__Bacteroidaceae;g__Bacteroides;s__Bacteroides_coprophilus	-0.0905167796957	0.0374252958227	-0.0942894867498	0.0531185295393	0.0104400372259	-0.0602401213814	-0.0109826037903	-0.0128762125302	-0.078325474403	-0.11860238861	0.00730881805004	-0.0508358387647	-0.0113038885752	-0.0928574187458	-0.0309814245077	-0.0173749061113	-0.0908185833774	-0.0220746342028	0.0272318651739	-0.0577557728543	-0.110789368185	-0.0986004367694	0.0447766254049	-0.0445145627364	-0.0219782677437	1.0	-0.0171942034878	-0.0633435949619	0.0661333604743	0.04095265135	0.0203546400295	-0.123321436554	0.0290683872876	-0.0825732100856	-0.00167879999106	0.00173685687719	-0.0299727854616	-0.0119030733211	-0.0110423570334	0.0892819046872	-0.0652035628591	-0.0015498939808	-0.105386705484	0.0136036046713	-0.068240275057	-0.0199714601787	-0.0384764412523	0.0273078832916	-0.00844653109247	0.0664926725464	-0.0363220606594	-0.0827615533852	0.0220547960825	-0.0691336562043	-0.0631907912189	0.0671988228167	0.0199247725213	-0.0407808879717	0.0412279090857
k__Bacteria;p__Firmicutes;c__Clostridia;o__Clostridiales;f__Lachnospiraceae;g__Roseburia;s__Roseburia_intestinalis	-0.104321232535	-0.063767627126	-0.104778431678	-0.0582867244461	-0.0233119413362	-0.0633299561079	0.0815325551367	-0.0418117038812	-0.0482512566203	-0.154810823649	-0.022554344566	0.0178849670192	-0.114473946206	0.00881768869899	-0.0755526623303	0.0665259544277	-0.0151700388798	-0.0341192815051	0.0655579918746	-0.0616549074808	-0.0842105960827	-0.115773915264	-0.0274092945167	-0.0873751568197	0.0258149678911	-0.0171942034878	1.0	-0.0592117746028	0.123694342709	-0.0822738100444	-0.066573314496	0.000736964889426	-0.0492410516904	0.00600992326988	-0.102240751958	-0.00333375870433	-0.123550714694	0.101315101799	-0.0534634105036	0.0788925998045	-0.0872011573009	0.0404641870202	0.0405437093463	0.0153499905554	-0.03075992918	-0.00552762025586	0.00642994607624	-0.0973737043024	-0.0343804396279	-0.0108425592142	-0.050308643969	-0.0839991111669	-0.0761397726158	0.00181816531409	-0.0941858787476	0.0498217881454	0.0732429184445	-0.0321293360075	0.0474748802434
k__Bacteria;p__Firmicutes;c__Clostridia;o__Clostridiales;f__Lachnospiraceae;g__Roseburia;s__Roseburia_hominis	-0.0522804201177	-0.0361635614887	-0.0410741592804	-0.0727661142705	-0.0399566714087	-0.0535537550049	-0.045303725916	-0.105994801659	-0.0106928895957	-0.0171312578346	0.00669442404007	0.0754772426489	-0.0207650599624	0.000539340738861	-0.0166082059785	-0.0263849628162	0.0322601889021	-0.0442417900661	-0.0335087232875	0.00329902284958	-0.0553757831322	-0.0852995830945	-0.0214441337502	-0.100939579198	-0.0422753932323	-0.0633435949619	-0.0592117746028	1.0	0.021049883751	0.0231367691203	-0.131432457656	-0.0518847396748	0.0583846076107	-0.0316804330712	-0.105225552175	-0.0238273267416	-0.115928644516	0.00462836479313	0.085267849883	-0.136513366444	0.0513854723269	-0.0976568520206	-0.054403224076	-0.0465990185148	-0.108249035684	-0.0495410875787	-0.0147317676708	0.0332136862346	0.0496066953413	-0.102439508592	-0.0934951248681	0.0661177572222	-0.13343465819	0.0306149889533	-0.0249584922282	-0.0557293637593	-0.0442118442432	0.152193343409	0.00323216079286
k__Bacteria;p__Bacteroidetes;c__Bacteroidia;o__Bacteroidales;f__Porphyromonadaceae;g__Parabacteroides;s__Parabacteroides_johnsonii	0.0491701682152	-0.0135305317228	-0.105077018987	-0.0526666899372	0.00652065131162	-0.0389793496928	-0.0269036590587	-0.0993733340402	-0.00801756204044	-0.115041286129	-0.0244210980229	-0.0206875448575	-0.0731265851092	-0.0103630760295	-0.0273698364677	-0.0494351308396	-0.106003599101	-0.0255711638656	-0.0212181169263	-0.0206538066279	-0.0682750574448	-0.0457419154061	-0.0115861967044	0.0548821211512	-0.0827604247739	0.0661333604743	0.123694342709	0.021049883751	1.0	0.0379296745247	-0.0144363860326	-0.0299988470353	0.00732914691312	-0.0121025333434	-0.0170002536215	-0.0476010363969	-0.0622878492247	-0.0417669249304	-0.038329446375	0.0269085703643	-0.0206874843575	-0.0789308214706	0.0149050669724	-0.0149837259822	-0.046940556684	-0.0692320719268	-0.0423345752874	0.125880070683	-0.086363446919	-0.0266904406811	-0.00538886317823	-0.0493547771792	-0.114275689999	-0.00648362829523	-0.114765601767	0.020248199942	-0.00401952358889	0.0293555281243	-0.0237293981365
k__Bacteria;p__Actinobacteria;c__Actinobacteria;o__Bifidobacteriales;f__Bifidobacteriaceae;g__Bifidobacterium;s__Bifidobacterium_longum	0.0878070866206	-0.026879272339	0.00202455462791	-0.0780837045389	-0.0193549409138	0.0539025369955	-0.160934814065	-0.0433289698178	-0.0931589264323	-0.0371666449355	-0.107625852966	-0.0164275140604	0.0115220940163	0.0458924142608	-0.0203178418088	-0.0988139045271	-0.0937183043314	0.0349353280182	-0.1107852796	-0.0540696833072	-0.0411280552817	-0.0220090528132	-0.0463142187981	-0.000109243173689	0.0270665464296	0.04095265135	-0.0822738100444	0.0231367691203	0.0379296745247	1.0	-0.0311505343919	-0.135553995668	-0.0146518377283	0.0332969352565	-0.0832582113801	-0.0894193371772	0.0468201165308	-0.102688853619	-0.0506022954875	0.0136531407799	-0.0230562386955	0.0752650223838	-0.0348784453556	0.0159970846008	-0.0799358149365	-0.0179814361467	0.0075206450681	-0.0144411033267	0.0275781926981	0.102279224915	0.0168226599356	-0.0612094263798	-0.0947897165474	-0.107516540884	0.0104625419935	0.0499730694062	-0.0140299272127	0.00520644177911	-0.0172373795931
