#taxonomy	k__Bacteria;p__Bacteroidetes;c__Bacteroidia;o__Bacteroidales;f__Bacteroidaceae;g__Bacteroides;s__Bacteroides_vulgatus	k__Bacteria;p__Bacteroidetes;c__Bacteroidia;o__Bacteroidales;f__Bacteroidaceae;g__Bacteroides;s__Bacteroides_uniformis	k__Bacteria;p__Bacteroidetes;c__Bacteroidia;o__Bacteroidales;f__Rikenellaceae;g__Alistipes;s__Alistipes_putredinis	k__Bacteria;p__Bacteroidetes;c__Bacteroidia;o__Bacteroidales;f__Prevotellaceae;g__Prevotella;s__Prevotella_copri	k__Bacteria;p__Bacteroidetes;c__Bacteroidia;o__Bacteroidales;f__Bacteroidaceae;g__Bacteroides;s__Bacteroides_stercoris	k__Bacteria;p__Bacteroidetes;c__Bacteroidia;o__Bacteroidales;f__Bacteroidaceae;g__Bacteroides;s__Bacteroides_ovatus	k__Bacteria;p__Bacteroidetes;c__Bacteroidia;o__Bacteroidales;f__Rikenellaceae;g__Alistipes;s__Alistipes_shahii	k__Bacteria;p__Firmicutes;c__Clostridia;o__Clostridiales;f__Ruminococcaceae;g__Faecalibacterium;s__Faecalibacterium_prausnitzii	k__Bacteria;p__Bacteroidetes;c__Bacteroidia;o__Bacteroidales;f__Rikenellaceae;g__Alistipes;s__Alistipes_finegoldii	k__Bacteria;p__Bacteroidetes;c__Bacteroidia;o__Bacteroidales;f__Porphyromonadaceae;g__Parabacteroides;s__Parabacteroides_distasonis	k__Bacteria;p__Bacteroidetes;c__Bacteroidia;o__Bacteroidales;f__Bacteroidaceae;g__Bacteroides;s__Bacteroides_thetaiotaomicron	k__Bacteria;p__Bacteroidetes;c__Bacteroidia;o__Bacteroidales;f__Bacteroidaceae;g__Bacteroides;s__Bacteroides_coprocola	k__Bacteria;p__Bacteroidetes;c__Bacteroidia;o__Bacteroidales;f__Bacteroidaceae;g__Bacteroides;s__Bacteroides_cellulosilyticus	k__Bacteria;p__Bacteroidetes;c__Bacteroidia;o__Bacteroidales;f__Rikenellaceae;g__Alistipes;s__Alistipes_obesi	k__Bacteria;p__Firmicutes;c__Clostridia;o__Clostridiales;f__Lachnospiraceae;g__;s__[Eubacterium]_rectale	k__Bacteria;p__Bacteroidetes;c__Bacteroidia;o__Bacteroidales;f__Bacteroidaceae;g__Bacteroides;s__Bacteroides_plebeius	k__Bacteria;p__Bacteroidetes;c__Bacteroidia;o__Bacteroidales;f__Bacteroidaceae;g__Bacteroides;s__Bacteroides_fragilis	k__Bacteria;p__Proteobacteria;c__Betaproteobacteria;o__Burkholderiales;f__Sutterellaceae;g__Sutterella;s__Sutterella_wadsworthensis	k__Bacteria;p__Bacteroidetes;c__Bacteroidia;o__Bacteroidales;f__Porphyromonadaceae;g__Barnesiella;s__Barnesiella_intestinihominis	k__Bacteria;p__Bacteroidetes;c__Bacteroidia;o__Bacteroidales;f__Odoribacteraceae;g__Odoribacter;s__Odoribacter_splanchnicus	k__Bacteria;p__Bacteroidetes;c__Bacteroidia;o__Bacteroidales;f__Bacteroidaceae;g__Bacteroides;s__Bacteroides_salyersiae	k__Bacteria;p__Firmicutes;c__Clostridia;o__Clostridiales;f__Ruminococcaceae;g__Ruminiclostridium;s__[Eubacterium]_siraeum	k__Bacteria;p__Proteobacteria;c__Betaproteobacteria;o__Burkholderiales;f__Sutterellaceae;g__Parasutterella;s__Parasutterella_excrementihominis	k__Bacteria;p__Actinobacteria;c__Actinobacteria;o__Bifidobacteriales;f__Bifidobacteriaceae;g__Bifidobacterium;s__Bifidobacterium_adolescentis	k__Bacteria;p__Firmicutes;c__Clostridia;o__Clostridiales;f__Oscillospiraceae;g__Oscillibacter;s__Oscillibacter_sp._KLE_1745	k__Bacteria;p__Bacteroidetes;c__Bacteroidia;o__Bacteroidales;f__Bacteroidaceae;g__Bacteroides;s__Bacteroides_coprophilus	k__Bacteria;p__Firmicutes;c__Clostridia;o__Clostridiales;f__Lachnospiraceae;g__Roseburia;s__Roseburia_intestinalis	k__Bacteria;p__Firmicutes;c__Clostridia;o__Clostridiales;f__Lachnospiraceae;g__Roseburia;s__Roseburia_hominis	k__Bacteria;p__Bacteroidetes;c__Bacteroidia;o__Bacteroidales;f__Porphyromonadaceae;g__Parabacteroides;s__Parabacteroides_johnsonii	k__Bacteria;p__Actinobacteria;c__Actinobacteria;o__Bifidobacteriales;f__Bifidobacteriaceae;g__Bifidobacterium;s__Bifidobacterium_longum	k__Bacteria;p__Firmicutes;c__Clostridia;o__Clostridiales;f__;g__Flavonifractor;s__Flavonifractor_plautii	k__Bacteria;p__Firmicutes;c__Clostridia;o__Clostridiales;f__Clostridiaceae;g__Clostridium;s__Clostridium_phoceensis	k__Bacteria;p__Verrucomicrobia;c__Verrucomicrobiae;o__Verrucomicrobiales;f__Akkermansiaceae;g__Akkermansia;s__Akkermansia_muciniphila	k__Bacteria;p__Bacteroidetes;c__Bacteroidia;o__Bacteroidales;f__Prevotellaceae;g__Paraprevotella;s__Paraprevotella_xylaniphila	k__Bacteria;p__Firmicutes;c__Clostridia;o__Clostridiales;f__Ruminococcaceae;g__Ruminococcus;s__Ruminococcus_callidus	k__Bacteria;p__Bacteroidetes;c__Bacteroidia;o__Bacteroidales;f__Rikenellaceae;g__Alistipes;s__Alistipes_senegalensis	k__Bacteria;p__Firmicutes;c__Clostridia;o__Clostridiales;f__Lachnospiraceae;g__Blautia;s__Blautia_sp._KLE_1732	k__Bacteria;p__Bacteroidetes;c__Bacteroidia;o__Bacteroidales;f__Bacteroidaceae;g__Bacteroides;s__Bacteroides_oleiciplenus	k__Bacteria;p__Firmicutes;c__Clostridia;o__Clostridiales;f__Ruminococcaceae;g__Ruminococcus;s__Ruminococcus_bicirculans	k__Bacteria;p__Bacteroidetes;c__Bacteroidia;o__Bacteroidales;f__Bacteroidaceae;g__Bacteroides;s__Bacteroides_fluxus	k__Bacteria;p__Bacteroidetes;c__Bacteroidia;o__Bacteroidales;f__Prevotellaceae;g__Prevotella;s__Prevotella_stercorea	k__Bacteria;p__Firmicutes;c__Clostridia;o__Clostridiales;f__Lachnospiraceae;g__Dorea;s__Dorea_longicatena	k__Bacteria;p__Firmicutes;c__Clostridia;o__Clostridiales;f__Eubacteriaceae;g__Eubacterium;s__[Eubacterium]_eligens	k__Bacteria;p__Firmicutes;c__Clostridia;o__Clostridiales;f__Ruminococcaceae;g__;s__Ruminococcaceae_bacterium_D16	k__Bacteria;p__Firmicutes;c__Clostridia;o__Clostridiales;f__Lachnospiraceae;g__Coprococcus;s__Coprococcus_comes	k__Bacteria;p__Proteobacteria;c__Gammaproteobacteria;o__Enterobacterales;f__Enterobacteriaceae;g__Escherichia;s__Escherichia_coli	k__Bacteria;p__Firmicutes;c__Clostridia;o__Clostridiales;f__Ruminococcaceae;g__Anaerotruncus;s__Anaerotruncus_colihominis	k__Bacteria;p__Firmicutes;c__Clostridia;o__Clostridiales;f__Lachnospiraceae;g__Blautia;s__Blautia_obeum	k__Bacteria;p__Bacteroidetes;c__Bacteroidia;o__Bacteroidales;f__Odoribacteraceae;g__Odoribacter;s__Odoribacter_laneus	k__Bacteria;p__Firmicutes;c__Clostridia;o__Clostridiales;f__Ruminococcaceae;g__Ruminiclostridium;s__[Clostridium]_leptum	k__Bacteria;p__Bacteroidetes;c__Bacteroidia;o__Bacteroidales;f__Porphyromonadaceae;g__Parabacteroides;s__Parabacteroides_goldsteinii	k__Bacteria;p__Firmicutes;c__Clostridia;o__Clostridiales;f__Lachnospiraceae;g__Anaerostipes;s__Anaerostipes_hadrus	k__Bacteria;p__Firmicutes;c__Clostridia;o__Clostridiales;f__Ruminococcaceae;g__Ruminococcus;s__Ruminococcus_lactaris	k__Bacteria;p__Firmicutes;c__Clostridia;o__Clostridiales;f__Clostridiaceae;g__Clostridium;s__Clostridium_sp._L2-50	k__Bacteria;p__Firmicutes;c__Clostridia;o__Clostridiales;f__Clostridiaceae;g__Clostridium;s__Clostridium_sp._M62/1	k__Bacteria;p__Firmicutes;c__Clostridia;o__Clostridiales;f__;g__Intestinimonas;s__Intestinimonas_butyriciproducens	k__Bacteria;p__Actinobacteria;c__Actinobacteria;o__Bifidobacteriales;f__Bifidobacteriaceae;g__Bifidobacterium;s__Bifidobacterium_bifidum	k__Bacteria;p__Firmicutes;c__Negativicutes;o__Veillonellales;f__Veillonellaceae;g__Dialister;s__Dialister_invisus	k__Bacteria;p__Bacteroidetes;c__Bacteroidia;o__Bacteroidales;f__Bacteroidaceae;g__Bacteroides;s__Bacteroides_salanitronis
k__Bacteria;p__Bacteroidetes;c__Bacteroidia;o__Bacteroidales;f__Bacteroidaceae;g__Bacteroides;s__Bacteroides_vulgatus	1.0	0.0286463380187	-0.0261245155401	-0.0454666381032	0.0870612544747	-0.0233779594879	-0.144076163696	-0.0473614119108	-0.169222032492	-0.0144059766257	-0.0913756138717	0.0365752489667	-0.174738853132	-0.0929962464899	0.0786023696092	-0.0593416041432	-0.0142448715563	0.0335053667948	0.104054629074	-0.0525422865604	0.0988404334427	0.0455649263583	-0.0986735216912	-0.0526851645947	-0.0347897323084	-0.0142418341906	-0.0793022512053	-0.0176806823004	-0.0245092731841	-0.154444830547	-0.040548039626	-0.0181076043164	0.0540733728841	-0.00794838554176	-0.0393218417359	-0.0819255335916	-0.00846848366845	0.0149715972543	-0.0258649280899	-0.02532859681	-0.00897985578206	-0.0270027723674	-0.134986551396	-0.152911233316	0.0700857011646	0.101398068295	-0.0835590101576	-0.153331279496	-0.0315458195069	0.0223221566494	0.0139299810685	0.0463905309571	0.00383488393134	0.0313030363898	-0.0162449112914	-0.14324945562	-0.0295106762513	-0.0943374855283	0.0345218405297
k__Bacteria;p__Bacteroidetes;c__Bacteroidia;o__Bacteroidales;f__Bacteroidaceae;g__Bacteroides;s__Bacteroides_uniformis	0.0286463380187	1.0	-0.109128865889	-0.0469001724315	0.00812197531673	0.0856663803939	-0.000609003109629	-0.0138832947275	-0.0254379309189	-0.00377449113585	-0.0579001751913	-0.0963162480421	-0.055984186315	-0.0179376214561	-0.0441517140442	0.0865849705603	-0.0967204379475	-0.000978512895458	0.0218109949533	-0.0601239687515	0.0182395584197	-0.0340911259758	0.0283921319906	-0.0660276732233	-0.0310597448122	0.0147290031696	-0.0601117885387	-0.0244604229376	-0.0416372280586	0.0266395030488	-0.00336736344915	-0.00214096225242	-0.138935127053	-0.0781817337456	-0.0567940139015	-0.00730721449417	-0.016432498247	0.0498551741563	-0.0487808693899	-0.0369987694919	0.00198195438229	-0.0788042632383	-0.0736093012969	-0.0144759463006	0.0544026715902	0.0268917358208	-0.0424817603101	-0.0107886513557	-0.0719721776346	-0.00309576728173	-0.0114667966192	-0.0660147927858	0.0132021285337	0.00374643924531	-0.162119014224	-0.00320363327934	-0.0265366578824	-0.00932177112131	-0.0390453954268
k__Bacteria;p__Bacteroidetes;c__Bacteroidia;o__Bacteroidales;f__Rikenellaceae;g__Alistipes;s__Alistipes_putredinis	-0.0261245155401	-0.109128865889	1.0	0.0243883878501	0.00269220825381	-0.00284247904474	-0.0305199595459	-0.0294608719222	0.0635612512239	0.0201411043477	-0.0825354813433	-0.130473107721	-0.0676048086717	-0.135869663594	0.0589589440622	-0.0114003043186	-0.059613573242	-0.0793758104727	-0.0273166345097	-0.0358728587011	-0.00552762058755	0.00268391514856	-0.0491998479877	-0.0804994227481	-0.0356188687472	-0.040159646122	-0.0335028499873	0.0786938124865	6.90481367666e-06	0.0170553665008	-0.107507992496	-0.0148035044327	0.0100579671059	-0.06487248167	0.0240596413275	-0.0836178038094	-0.0819142054697	0.133996549413	-0.00763062851427	-0.024525854622	-0.0324062494822	-0.102606462338	-0.105885576703	-0.0723378215837	-0.0742522218747	-0.153708613894	0.0178550036785	-0.0476929722696	-0.0458872683199	-0.0490776344897	0.029239668572	-0.0246542890779	-0.107013577973	-0.0416297593177	-0.0578937940509	0.0433016961792	-0.0206304728838	-0.0443527720423	0.131314432262
k__Bacteria;p__Bacteroidetes;c__Bacteroidia;o__Bacteroidales;f__Prevotellaceae;g__Prevotella;s__Prevotella_copri	-0.0454666381032	-0.0469001724315	0.0243883878501	1.0	-0.100655157964	0.0474051785181	-0.100409048474	-0.0653744434964	-0.00570582666139	-0.101584503851	-0.107131184227	0.0034114946155	0.00249937299008	0.0414505656226	-0.0263842055009	-0.0512661975692	-0.0600559750367	-0.0904767051076	-0.0191518127206	-0.0248492994442	0.0139525034616	-0.0401597343789	-0.00776988676902	-0.0383652023441	0.0418396338485	-0.0450477817665	-0.0521475680428	0.0454037291447	0.0363558833381	0.0156616340753	0.0365415259202	-0.0805028536338	-0.112375921057	-0.100616594945	-0.082187334871	-0.0555936706258	0.0320045313262	0.0707604138086	0.0377852725935	-0.0094287045326	-0.121920635678	-0.00174349860823	0.041295691809	-0.0406882253369	0.0455768316585	-0.0369447121034	-0.151469650879	-0.0940830588404	-0.0378883781505	0.019583012752	0.019932717472	-0.0922786176701	0.0347611090335	-0.00865509304824	-0.0216204338055	0.0813023561621	0.0189636558395	-0.0401403431566	0.00491433658055
k__Bacteria;p__Bacteroidetes;c__Bacteroidia;o__Bacteroidales;f__Bacteroidaceae;g__Bacteroides;s__Bacteroides_stercoris	0.0870612544747	0.00812197531673	0.00269220825381	-0.100655157964	1.0	0.0361935116367	0.0450637961874	-0.0752712482997	0.0523526838707	0.114077858225	-0.00735913698125	0.0181750828391	-0.106297727502	-0.0318579459404	-0.0384361751532	0.0611290349945	0.0126737443704	-0.036167663335	-0.0325103898723	-0.0683020663879	-0.013033429923	0.020683364543	-0.11583307191	-0.0126816377271	-0.0936562181598	0.0408633246592	0.0626443432392	-0.0566265185722	-0.0222324276998	-0.0841297770259	-0.114046810763	-0.0865169107234	0.0230608446217	0.0327014444739	0.0548521178495	-0.0990495433759	-0.0219031833989	-0.121688624304	-0.0298196891778	-0.00946154253773	-0.0327870786193	0.067099806987	-0.130691978106	-0.0329961623725	-0.086389091419	0.00166890329911	-0.0593751800785	-0.00725636286087	-0.0912598229181	-0.102372247112	-0.0635010759361	-0.0143277511036	-0.0481184230496	-0.0918118859197	0.0706240260706	0.0227160332889	-0.0201797372074	-0.112381014084	0.061923094807
k__Bacteria;p__Bacteroidetes;c__Bacteroidia;o__Bacteroidales;f__Bacteroidaceae;g__Bacteroides;s__Bacteroides_ovatus	-0.0233779594879	0.0856663803939	-0.00284247904474	0.0474051785181	0.0361935116367	1.0	-0.0670864010007	-0.0752352078738	0.00578836932757	0.152353219912	0.116680974152	-0.13980535538	-0.0367241819642	-0.0686102039595	-0.0112683707944	0.0941817494531	-0.00371089369461	-0.0400735823818	0.06426032578	-0.0667155958051	-0.0123383029462	-0.0849993788845	-0.175971193063	-0.0466413831296	-0.116816825094	-0.169561015307	0.0767000114731	-0.145354045159	-0.0680229527036	-0.023780039783	-0.0835930419144	-0.0970605485913	-0.0490938880255	-0.0191565651172	-0.045255652875	-0.0844049835704	0.0545939812071	-0.0133526571469	-0.0780722476604	-0.0708779555148	0.047143958616	-0.0455613170934	-0.119852636502	-0.122087830546	-0.0433343060999	-0.00266226184269	-0.0896156034482	-0.0349849005066	0.0315014387507	0.0328302756264	-0.0805267817765	0.073958217062	-0.0358876614291	0.0453722594346	0.0156763448838	-0.0586119778131	-0.0326740780462	-0.118983230324	0.0623440009773
k__Bacteria;p__Bacteroidetes;c__Bacteroidia;o__Bacteroidales;f__Rikenellaceae;g__Alistipes;s__Alistipes_shahii	-0.144076163696	-0.000609003109629	-0.0305199595459	-0.100409048474	0.0450637961874	-0.0670864010007	1.0	-0.0438346983776	-0.0552014514549	-0.00967003883449	0.0825164705639	0.0332780430899	-0.0101561672877	0.0963856972946	-0.0842019329656	0.0869698508162	0.0249855375133	0.0806620181527	0.0088162269337	-0.118183461832	-0.0194191678275	-0.147402133861	-0.158697395763	-0.0188064237355	-0.00514915707394	0.0844875977623	0.00983011155027	0.0677796449152	-0.0882692445022	-0.0130161594827	-0.0565479143885	-0.0359292989252	-0.020806189604	-0.0194369364514	-0.0687368943225	0.0291815452126	-0.0758942429526	-0.101108597671	0.0456833166841	0.00596474623168	-0.00524584611404	-0.0535945755679	0.00204761524813	0.0534179903422	-0.0979029886769	0.0474364266683	0.0606609941836	-0.0509691579891	0.06890378631	-0.068832931174	-0.135944406364	-0.0838399747109	-0.0615235123154	-0.0698973784288	0.0160619648608	-0.0581985372424	-0.0541277722662	-0.0359809303137	-0.0336434201594
k__Bacteria;p__Firmicutes;c__Clostridia;o__Clostridiales;f__Ruminococcaceae;g__Faecalibacterium;s__Faecalibacterium_prausnitzii	-0.0473614119108	-0.0138832947275	-0.0294608719222	-0.0653744434964	-0.0752712482997	-0.0752352078738	-0.0438346983776	1.0	-0.062061941439	0.0441159601075	-0.0934543393834	-0.119487580918	-0.100950060618	-0.0245290288108	0.0386572410666	0.0253913018487	-0.0235882638606	0.0654066458923	0.0333383873399	-0.0868718920193	0.101593381455	-0.016598821577	-0.0347509711958	-0.0253129379057	-0.0748527297197	-0.0667058721499	-0.00946616844001	0.0156342520672	-0.104193736645	0.0203023534192	-0.0102524039064	-0.0357163332768	-0.13857219641	-0.0454696163756	-0.0820475953206	0.0461961682941	-0.0210510417963	0.069738044539	0.0191778359653	-0.0375485812847	0.00237808544322	-0.0197057178146	0.00748490821485	0.0528207721027	-0.0489357064958	0.017090201357	-0.0801349988738	-0.0333062073354	-0.0469254108449	-0.106114537204	0.0116232015185	0.0705302529588	-0.0383846029492	-0.0233901842267	0.0169587500012	0.00831650727982	0.0128778931746	-0.129094161645	-0.0431063021374
k__Bacteria;p__Bacteroidetes;c__Bacteroidia;o__Bacteroidales;f__Rikenellaceae;g__Alistipes;s__Alistipes_finegoldii	-0.169222032492	-0.0254379309189	0.0635612512239	-0.00570582666139	0.0523526838707	0.00578836932757	-0.0552014514549	-0.062061941439	1.0	-0.00309872736867	0.00437572175284	-0.126467905151	0.0392228035097	-0.0219701062281	-0.104254017573	0.0290935682842	0.0615333077741	-0.056807285557	-0.126893295973	0.00877262194922	0.0232001247949	0.0389809343975	0.0379904927822	-0.0475854658695	-0.0644896959995	-0.0896694380312	-0.0739290895049	0.139383654603	0.0119483046302	-0.0441935678119	0.0266306620616	0.0696910771676	0.0274161704198	-0.0254295205395	0.0672708166972	-0.0698810712328	-0.0629383794156	-0.139905280986	-0.114744843421	-0.179937480657	0.0193500548093	0.112313601815	-0.00575949707564	-0.0441244831494	-0.0951952415884	-0.0501305618248	-0.114274712945	-0.0526831453958	-0.0668515248421	-0.124824588587	-0.00149027518947	-0.0116022683227	0.0863045514163	-0.0256040071049	-0.0538645634048	-0.0832502778301	-0.0409007227289	-0.00203851591506	-0.0929598446618
k__Bacteria;p__Bacteroidetes;c__Bacteroidia;o__Bacteroidales;f__Porphyromonadaceae;g__Parabacteroides;s__Parabacteroides_distasonis	-0.0144059766257	-0.00377449113585	0.0201411043477	-0.101584503851	0.114077858225	0.152353219912	-0.00967003883449	0.0441159601075	-0.00309872736867	1.0	0.0706516441631	-0.00397724454029	-0.0424070851195	-0.0115063583796	0.106647091419	0.0186241432549	0.00829864476386	-0.00530738200638	0.0310843969472	0.0262254690084	-0.0355689162833	-0.0411375342136	0.0401232447352	0.0205005367691	-0.063234619178	-0.0658359811655	-0.0965270963037	-0.164629612879	-0.0262438943649	-0.0901688726331	-0.0659068064719	0.0313708244926	-0.074508613552	-0.0570021908392	-0.0372230070227	-0.0369417068514	-0.03295845412	-0.18946207794	-0.0626376844931	-0.139252199978	-0.00239153015892	-0.0485303298718	-0.0117774456292	0.0542706817805	-0.0732603097804	0.0336491551662	-0.0852484451595	0.0260312697175	-0.143044007619	-0.128330848686	0.0744169429016	-0.00633374400475	-0.116221264443	0.00727557016609	0.0765873779278	-0.0765839461014	-0.0602453393084	0.0126023324155	0.0149796803261
k__Bacteria;p__Bacteroidetes;c__Bacteroidia;o__Bacteroidales;f__Bacteroidaceae;g__Bacteroides;s__Bacteroides_thetaiotaomicron	-0.0913756138717	-0.0579001751913	-0.0825354813433	-0.107131184227	-0.00735913698125	0.116680974152	0.0825164705639	-0.0934543393834	0.00437572175284	0.0706516441631	1.0	-0.0985239877647	-0.0387860542588	-0.11010972598	0.0667383021949	-0.0325726931641	-0.0185183452456	0.0932459953584	-0.0900321906959	-0.0457792909803	-0.132537962248	-0.0774543974606	-0.06482552134	-0.119735235872	-0.0983400483832	-0.0645936763482	-0.00641544154093	-0.044641481077	-0.0389632005241	-0.101450750122	0.0691606855128	-0.103430781663	0.0208853306787	-0.0640317156069	-0.102742562995	-0.0259107477268	0.0278219607778	-0.0423085295171	0.0597202036835	-0.0483185903932	0.0266354300242	-0.0105693598462	-0.0229807514917	0.0422417227704	-0.0478970154632	-0.0178180872629	0.0468633971005	0.00123966240558	0.107378768431	0.0140604229825	-0.0495132520094	-0.0361210610372	-0.04898396952	0.0478960324033	-0.0575984781528	0.0077283108147	-0.00644083946095	-0.0211781911767	-0.054835969745
k__Bacteria;p__Bacteroidetes;c__Bacteroidia;o__Bacteroidales;f__Bacteroidaceae;g__Bacteroides;s__Bacteroides_coprocola	0.0365752489667	-0.0963162480421	-0.130473107721	0.0034114946155	0.0181750828391	-0.13980535538	0.0332780430899	-0.119487580918	-0.126467905151	-0.00397724454029	-0.0985239877647	1.0	0.0496825690175	0.0133470843321	-0.123258420357	-0.00429879477074	-0.100253601672	0.0540668193634	-0.0475888469447	-0.0579594250598	-0.047672455897	0.0240221710061	-0.117497951618	-0.0803273835915	0.0391926282581	-0.0403070344878	0.063706795227	0.0237393666201	-0.0714199138832	-0.0511529193456	-0.0526955909615	0.0860661596392	-0.0337031408971	0.0292583843629	-0.0464903619992	-0.0108214311521	-0.0254652335145	-0.00857672953693	0.0539192776978	0.0217370723709	-0.00425271166168	0.000802429158143	-0.0408975126189	-0.0592288794783	-0.101366491077	-0.0362582615323	0.0824235658946	-0.0631288794113	0.010540286996	0.0184106299978	-0.0679735570263	0.0821654923311	-0.03919118022	0.0954203175686	0.070515238002	-0.0177469222807	-0.0817391835068	0.0650481920503	-0.0282540136329
k__Bacteria;p__Bacteroidetes;c__Bacteroidia;o__Bacteroidales;f__Bacteroidaceae;g__Bacteroides;s__Bacteroides_cellulosilyticus	-0.174738853132	-0.055984186315	-0.0676048086717	0.00249937299008	-0.106297727502	-0.0367241819642	-0.0101561672877	-0.100950060618	0.0392228035097	-0.0424070851195	-0.0387860542588	0.0496825690175	1.0	0.0382433843926	0.0367540867412	0.114257448715	-0.0964112102079	-0.0926435145496	-0.0751477729297	-0.0934368633395	-0.0925335456278	0.0220982977416	-0.123591160107	-0.0509290068275	-0.0627992030901	0.037587067679	0.113210319674	-0.0971077043621	0.104716756594	-0.0852762288083	-0.0468882173321	0.0315182022877	-0.117455875782	-0.0432543855792	-0.0571827709017	-0.0805497493138	-0.0289584587227	-0.0579979427696	0.00794332273478	-0.0272190738684	-0.0773231771788	0.0406903572489	0.0800331270084	-0.0222957989648	0.00312634153604	-0.00901557547767	0.0128559506323	-0.00601159300077	0.0422275505182	0.0252940069028	-0.047137354042	-0.119235702596	0.00290990770439	-0.0291577160947	0.0445682090552	-0.00963003751342	-0.12298465827	-0.0295199949253	-0.0926699702472
k__Bacteria;p__Bacteroidetes;c__Bacteroidia;o__Bacteroidales;f__Rikenellaceae;g__Alistipes;s__Alistipes_obesi	-0.0929962464899	-0.0179376214561	-0.135869663594	0.0414505656226	-0.0318579459404	-0.0686102039595	0.0963856972946	-0.0245290288108	-0.0219701062281	-0.0115063583796	-0.11010972598	0.0133470843321	0.0382433843926	1.0	-0.157923381331	-0.0919635314344	-0.148584850156	-0.0433083974127	0.00851541121753	-0.0642769467003	0.0216672235897	-0.0219289909417	0.099187478862	-0.0644492742795	-0.042821859887	-0.0417599970437	-0.0306705065368	-0.0811004605209	-0.0753801346727	0.0364989497739	-0.0796633635267	0.0589031745162	0.0541837927351	0.0764194030326	-0.0454809458693	0.0049593996858	-0.00590252771151	-0.140738299743	-0.0814442032959	0.0655787584333	0.0239576113314	-0.0982323071294	-0.0484532454405	-0.0635400994924	0.155275875348	0.0145018762391	-0.115197818522	-0.0259866538192	0.0575985941671	0.0421158296586	-0.0473464945734	0.00533812301647	0.0365192759838	-0.0942815102972	-0.108662541961	-0.0453799048535	0.0151358718059	-0.142916645022	-0.0898058136136
k__Bacteria;p__Firmicutes;c__Clostridia;o__Clostridiales;f__Lachnospiraceae;g__;s__[Eubacterium]_rectale	0.0786023696092	-0.0441517140442	0.0589589440622	-0.0263842055009	-0.0384361751532	-0.0112683707944	-0.0842019329656	0.0386572410666	-0.104254017573	0.106647091419	0.0667383021949	-0.123258420357	0.0367540867412	-0.157923381331	1.0	-0.000839506716806	0.0819230241195	0.0643718964769	-0.0544231301007	0.0626139934449	-0.0581903927713	-0.011614813004	0.00875589044029	-0.114241322075	-0.134129328056	-0.100430252697	-0.0513005832853	-0.0120460340774	-0.0470483758101	-0.01049518628	0.0267825633925	-0.111773084455	-0.0913787758368	0.0510403701501	-0.0596688360288	-0.0317076017672	0.0135340493974	-0.0351095859257	-0.041391855867	0.0334646638933	-0.00932903375176	0.110641910179	0.0302474348187	-0.0442583443439	-0.134255810292	-0.0532318102758	0.0100108890301	-0.0343373919968	0.0200773088817	-0.0553941968735	0.0659456193842	-0.0997785294634	-0.0376292045538	-0.0423764989768	-0.0965562801117	-0.00601652851103	-0.0839345219814	-0.11229647907	-0.00711353601973
k__Bacteria;p__Bacteroidetes;c__Bacteroidia;o__Bacteroidales;f__Bacteroidaceae;g__Bacteroides;s__Bacteroides_plebeius	-0.0593416041432	0.0865849705603	-0.0114003043186	-0.0512661975692	0.0611290349945	0.0941817494531	0.0869698508162	0.0253913018487	0.0290935682842	0.0186241432549	-0.0325726931641	-0.00429879477074	0.114257448715	-0.0919635314344	-0.000839506716806	1.0	-0.0540481397439	-0.0760033040338	-0.041049007065	0.0128130825685	-0.0922934494226	-0.108902619077	-0.00205259864954	-0.0774208940656	-0.139581026476	0.00569188196176	-0.0758344766375	-0.0554665499102	0.0439339987523	0.049809260216	-0.102919381644	-0.0507943675863	-0.0699175879565	-0.0479640735078	-0.0469537356144	-0.0710574416078	-0.0311552107682	-0.1333109993	-0.0669130010178	-0.112411329406	-0.146756601124	-0.0389503071226	-0.0669211778065	-0.0701285102527	-0.0246707851254	0.047857041217	0.0257180582797	0.033904132172	0.0334255044942	-0.0127214471516	0.0508363020166	0.0256500732228	0.0260548270646	-0.0636032456958	0.0451254209143	0.0241760744211	-0.0422780947562	0.0181795236204	-0.0270361334669
k__Bacteria;p__Bacteroidetes;c__Bacteroidia;o__Bacteroidales;f__Bacteroidaceae;g__Bacteroides;s__Bacteroides_fragilis	-0.0142448715563	-0.0967204379475	-0.059613573242	-0.0600559750367	0.0126737443704	-0.00371089369461	0.0249855375133	-0.0235882638606	0.0615333077741	0.00829864476386	-0.0185183452456	-0.100253601672	-0.0964112102079	-0.148584850156	0.0819230241195	-0.0540481397439	1.0	0.075819225056	-0.0644203132271	0.0139007413924	-0.0467709634999	-0.0100132910138	-0.00693964068237	0.0457223999518	0.00549116920456	-0.0876576009647	-0.0166989979679	-0.102109284801	-0.0153750109337	0.0292402286501	-0.00145090632717	0.0446195832747	-0.0458555552297	-0.0613757176894	0.0825054594832	0.0317479249192	-0.106857721859	-0.0825652066527	0.0661729759684	-0.0883336336983	-0.0472462653846	0.0148422964927	-0.0805591048951	-0.0989182343468	-0.0446634081324	-0.0634345208346	-0.0686875900956	-0.0559081711352	-0.0519343240483	-0.0584379029629	-0.0989399860671	-0.0368343653056	-0.0388997917928	-0.00862423136662	-0.171964863959	-0.0348041147873	0.0557578218379	0.0089515296363	-0.0474918297214
k__Bacteria;p__Proteobacteria;c__Betaproteobacteria;o__Burkholderiales;f__Sutterellaceae;g__Sutterella;s__Sutterella_wadsworthensis	0.0335053667948	-0.000978512895458	-0.0793758104727	-0.0904767051076	-0.036167663335	-0.0400735823818	0.0806620181527	0.0654066458923	-0.056807285557	-0.00530738200638	0.0932459953584	0.0540668193634	-0.0926435145496	-0.0433083974127	0.0643718964769	-0.0760033040338	0.075819225056	1.0	-0.00379258311173	-0.0202857890317	0.0366004085223	-0.0450896601276	-0.0976894699381	-0.12425589287	0.102941709689	-0.106764922043	-0.0935670225647	0.0121385118737	-0.106895822786	0.017697934085	-0.0157951904835	0.0296853155508	-0.0112985612263	-0.0756152680365	0.0422522530773	-0.00345638858733	0.0172852309251	-0.0207094455201	-0.0770241731074	0.0173918775219	-0.016386554674	0.0562304076161	0.0110468902788	0.00168903937117	-0.152218496198	-0.0405059313681	-0.0222252682954	-0.0879744843882	-0.0496947917821	-0.0615991358613	0.0247297564222	0.0170096022538	-0.054363273097	-0.00938841255343	-0.0637829912621	-0.0165571927565	-0.0548637195749	-0.00937762764822	-0.0118205458247
k__Bacteria;p__Bacteroidetes;c__Bacteroidia;o__Bacteroidales;f__Porphyromonadaceae;g__Barnesiella;s__Barnesiella_intestinihominis	0.104054629074	0.0218109949533	-0.0273166345097	-0.0191518127206	-0.0325103898723	0.06426032578	0.0088162269337	0.0333383873399	-0.126893295973	0.0310843969472	-0.0900321906959	-0.0475888469447	-0.0751477729297	0.00851541121753	-0.0544231301007	-0.041049007065	-0.0644203132271	-0.00379258311173	1.0	-0.0269600497664	-0.0625698681823	-0.0690183910669	0.0605373804495	-0.0304473576894	-0.0993769209061	0.0117379239646	-0.0304361833612	-0.0090547463607	-0.121160907269	0.0313642457044	-0.0323843217555	-0.0630949785931	-0.0848099779818	-0.0385694900335	-0.0253929179079	-0.059281328818	-0.148175691828	-0.0815411061969	-0.0336546508334	0.0586975068339	0.00905663693746	-0.0307208144509	-0.0787706252687	-0.0783562169272	0.0256321576848	0.115586820096	0.0971281896338	-0.0361713290474	0.0850786877826	-0.103914378245	0.0145117777914	-0.0230887887653	0.0191556709759	-0.0422506280284	-0.0987405532785	-0.160224178705	0.10185917049	-0.0405693753217	-0.0454250978462
k__Bacteria;p__Bacteroidetes;c__Bacteroidia;o__Bacteroidales;f__Odoribacteraceae;g__Odoribacter;s__Odoribacter_splanchnicus	-0.0525422865604	-0.0601239687515	-0.0358728587011	-0.0248492994442	-0.0683020663879	-0.0667155958051	-0.118183461832	-0.0868718920193	0.00877262194922	0.0262254690084	-0.0457792909803	-0.0579594250598	-0.0934368633395	-0.0642769467003	0.0626139934449	0.0128130825685	0.0139007413924	-0.0202857890317	-0.0269600497664	1.0	-0.0330798371214	-0.0374398716789	0.0523696704754	-0.0542118813088	-0.0724818098685	-0.0240963555998	-0.104332953954	-0.0605269720216	-0.0680527082436	-0.0197782440198	-0.00871302351757	-0.10104356419	-0.0392547203375	0.0147528208172	-0.00360625707951	-0.026128756242	-0.00438814843386	0.0495851152061	0.0530914582876	-0.0360524855633	-0.0220853668052	0.0120641768047	0.0777263092649	-0.095731545388	-0.0231867137427	-0.0884757286242	-0.0292702742861	-0.069465315306	-0.00264686061959	-0.00726423145357	-0.104609805037	-0.0499288892643	0.0710967141497	0.00348091527691	0.0480904834881	-0.107147752852	-0.0615242856415	-0.0150786186854	-0.108948234404
k__Bacteria;p__Bacteroidetes;c__Bacteroidia;o__Bacteroidales;f__Bacteroidaceae;g__Bacteroides;s__Bacteroides_salyersiae	0.0988404334427	0.0182395584197	-0.00552762058755	0.0139525034616	-0.013033429923	-0.0123383029462	-0.0194191678275	0.101593381455	0.0232001247949	-0.0355689162833	-0.132537962248	-0.047672455897	-0.0925335456278	0.0216672235897	-0.0581903927713	-0.0922934494226	-0.0467709634999	0.0366004085223	-0.0625698681823	-0.0330798371214	1.0	-0.019807321659	-0.120955040662	-0.102124302275	-0.108203499381	-0.0555330770562	-0.0606386408816	0.0394468914156	0.0328474616959	-0.0883504551878	5.87572305295e-06	0.0291775629194	0.0707985624382	-0.0161722038477	-0.0271509393327	-0.079872938708	-0.0029018566782	0.109725718337	-0.0945316319566	0.0369886152156	-0.0385529870202	-0.0645333731339	0.00863043144526	0.0384005876831	0.0402870261493	0.0549335465457	-0.0912543906306	0.00132074548833	-0.0323488258236	-0.111483655076	-0.0783344345991	-0.11771299807	-0.0168039345518	-0.0647899284397	-0.0871533060538	0.0268163771162	-0.0433606414988	-0.146934592683	-0.0473392661681
k__Bacteria;p__Firmicutes;c__Clostridia;o__Clostridiales;f__Ruminococcaceae;g__Ruminiclostridium;s__[Eubacterium]_siraeum	0.0455649263583	-0.0340911259758	0.00268391514856	-0.0401597343789	0.020683364543	-0.0849993788845	-0.147402133861	-0.016598821577	0.0389809343975	-0.0411375342136	-0.0774543974606	0.0240221710061	0.0220982977416	-0.0219289909417	-0.011614813004	-0.108902619077	-0.0100132910138	-0.0450896601276	-0.0690183910669	-0.0374398716789	-0.019807321659	1.0	0.0287617748257	-0.0247170884681	-0.0825694598738	-0.0548882194962	-0.038229962753	-0.019659347261	-0.0639412650861	-0.10472204321	-0.0356298788807	0.00491418479143	-0.109039717757	-0.00424771650687	0.0701280610731	0.029141720604	-0.127370732825	0.0157163026973	-0.020131202566	0.0206848578921	0.0344294689283	-0.0877945290684	0.0441100777434	0.04684817478	-0.0518364072644	-0.127505249569	0.0189550933747	-0.199045777665	-0.0454978994137	-0.0200771006886	-0.0147705394951	-0.0489332824376	-0.0735993311647	-0.0272275675089	0.0201973553809	-0.041924190572	0.0373281804699	-0.0608049964273	-0.140178700145
k__Bacteria;p__Proteobacteria;c__Betaproteobacteria;o__Burkholderiales;f__Sutterellaceae;g__Parasutterella;s__Parasutterella_excrementihominis	-0.0986735216912	0.0283921319906	-0.0491998479877	-0.00776988676902	-0.11583307191	-0.175971193063	-0.158697395763	-0.0347509711958	0.0379904927822	0.0401232447352	-0.06482552134	-0.117497951618	-0.123591160107	0.099187478862	0.00875589044029	-0.00205259864954	-0.00693964068237	-0.0976894699381	0.0605373804495	0.0523696704754	-0.120955040662	0.0287617748257	1.0	0.0409968176681	0.0122230383885	-0.0333707751724	-0.135353181355	-0.0486400702455	0.0720236560078	0.0839847746365	-0.00868156280514	-0.0304818055655	-0.0568993421332	-0.0868706279183	0.000236747677565	-0.0727967567329	-0.00327074213676	-0.0564288298903	-0.0561217923012	0.0409251028172	-0.187255343031	-0.11703932769	0.0290010507303	0.0301638528758	-0.0205975149923	-0.0843486950544	0.0141526957909	0.0253552837392	-0.065463580634	0.128462276991	-0.103248190883	-0.148957359369	-0.0100706749174	-0.0376894498995	-0.146448768646	0.0563397754555	-0.0186798456228	-0.0188445737122	0.00987664201745
k__Bacteria;p__Actinobacteria;c__Actinobacteria;o__Bifidobacteriales;f__Bifidobacteriaceae;g__Bifidobacterium;s__Bifidobacterium_adolescentis	-0.0526851645947	-0.0660276732233	-0.0804994227481	-0.0383652023441	-0.0126816377271	-0.0466413831296	-0.0188064237355	-0.0253129379057	-0.0475854658695	0.0205005367691	-0.119735235872	-0.0803273835915	-0.0509290068275	-0.0644492742795	-0.114241322075	-0.0774208940656	0.0457223999518	-0.12425589287	-0.0304473576894	-0.0542118813088	-0.102124302275	-0.0247170884681	0.0409968176681	1.0	-0.0100575663297	0.036202010954	-0.0703478521368	0.00964613617585	-0.0888017181171	-0.0241819429627	0.114254127921	0.0194409452344	-0.0425240377224	0.0348988843959	-0.17734759282	-0.0567031702218	0.00854191460789	-0.124624343488	-0.0366796397796	-0.014233778646	-0.0933670608235	-0.0196936592084	0.0965785074755	-0.120464319001	-0.0238042800204	0.00664579469672	-0.0798859804803	0.0273696381172	-0.0792919246137	0.0488961884692	-0.0276866440624	-0.0515902792186	-0.0598643815559	-0.0747933570957	0.00213434821566	-0.0205858341781	-0.0931047303333	-0.031699669391	0.0237556622152
k__Bacteria;p__Firmicutes;c__Clostridia;o__Clostridiales;f__Oscillospiraceae;g__Oscillibacter;s__Oscillibacter_sp._KLE_1745	-0.0347897323084	-0.0310597448122	-0.0356188687472	0.0418396338485	-0.0936562181598	-0.116816825094	-0.00514915707394	-0.0748527297197	-0.0644896959995	-0.063234619178	-0.0983400483832	0.0391926282581	-0.0627992030901	-0.042821859887	-0.134129328056	-0.139581026476	0.00549116920456	0.102941709689	-0.0993769209061	-0.0724818098685	-0.108203499381	-0.0825694598738	0.0122230383885	-0.0100575663297	1.0	-0.113100416407	-0.0720443128135	-0.0273029739332	-0.0226255607332	-0.0765411946593	0.00982466349294	0.119533898751	-0.0322675245674	0.00902287089127	-0.0700747360275	-0.0470391734767	-0.00399392302803	-0.0348003486856	-0.0622391960503	0.089168725741	0.00365967380441	0.0213868586237	-0.0335105737681	0.0249948558729	0.0103177899968	-0.00230533751292	-0.0241773004083	-0.091399946093	-0.0615594576429	-0.070183669458	-0.0204157062216	-0.0400753873076	0.0845421261047	0.0761621696422	0.0165993284172	-0.0733542849076	-0.0307955367644	-0.0487159239913	-0.0110665804302
k__Bacteria;p__Bacteroidetes;c__Bacteroidia;o__Bacteroidales;f__Bacteroidaceae;g__Bacteroides;s__Bacteroides_coprophilus	-0.0142418341906	0.0147290031696	-0.040159646122	-0.0450477817665	0.0408633246592	-0.169561015307	0.0844875977623	-0.0667058721499	-0.0896694380312	-0.0658359811655	-0.0645936763482	-0.0403070344878	0.037587067679	-0.0417599970437	-0.100430252697	0.00569188196176	-0.0876576009647	-0.106764922043	0.0117379239646	-0.0240963555998	-0.0555330770562	-0.0548882194962	-0.0333707751724	0.036202010954	-0.113100416407	1.0	0.0456525696105	0.0218821834306	-0.0369470008669	-0.109869943733	-0.147790878465	0.0178821363893	-0.136456187536	-0.106987780604	-0.0313007232917	0.0718701487407	0.0350236396046	-0.0539454053479	-0.0845133177282	-0.0646094351288	-0.0560836365486	0.00992544872373	-0.0384077652383	0.0475981783929	-0.0578690218686	0.0263208259616	-0.071072894281	0.0276566446743	-0.0529935697667	0.10423678186	-0.0246575310537	-0.0296420148627	-0.122387923806	-0.0503108934239	0.0188015140109	0.00356409728382	-0.0127683425022	0.0468731585136	-0.00717216753899
k__Bacteria;p__Firmicutes;c__Clostridia;o__Clostridiales;f__Lachnospiraceae;g__Roseburia;s__Roseburia_intestinalis	-0.0793022512053	-0.0601117885387	-0.0335028499873	-0.0521475680428	0.0626443432392	0.0767000114731	0.00983011155027	-0.00946616844001	-0.0739290895049	-0.0965270963037	-0.00641544154093	0.063706795227	0.113210319674	-0.0306705065368	-0.0513005832853	-0.0758344766375	-0.0166989979679	-0.0935670225647	-0.0304361833612	-0.104332953954	-0.0606386408816	-0.038229962753	-0.135353181355	-0.0703478521368	-0.0720443128135	0.0456525696105	1.0	-0.0331751272885	-0.0591583929329	-0.0185639016934	-0.0029026441444	-0.00373651434217	-0.0971307908978	0.0262077373221	0.005018450472	0.0141852799119	-0.0449372614645	-0.0201379921829	0.0114196550917	-0.0498218891391	0.0320889844318	-0.0107803485251	-0.0279149143781	-0.0338277657488	-0.00443500373175	0.0108312846814	-0.127401837777	0.110114197969	0.0170752615661	-0.133121299004	-0.0388620341228	0.0508343577788	0.0545198633263	0.0301895700812	-0.0942932565373	0.0581620551462	-0.00520099487889	0.00785299095235	-0.0984609800533
k__Bacteria;p__Firmicutes;c__Clostridia;o__Clostridiales;f__Lachnospiraceae;g__Roseburia;s__Roseburia_hominis	-0.0176806823004	-0.0244604229376	0.0786938124865	0.0454037291447	-0.0566265185722	-0.145354045159	0.0677796449152	0.0156342520672	0.139383654603	-0.164629612879	-0.044641481077	0.0237393666201	-0.0971077043621	-0.0811004605209	-0.0120460340774	-0.0554665499102	-0.102109284801	0.0121385118737	-0.0090547463607	-0.0605269720216	0.0394468914156	-0.019659347261	-0.0486400702455	0.00964613617585	-0.0273029739332	0.0218821834306	-0.0331751272885	1.0	-0.0117171100639	0.0204806868131	-0.00368678007242	0.00888881483272	0.0409515521696	-0.0601540008388	-0.0924100082146	-0.0393565956412	-0.0377210167417	-0.112827435943	-0.0881109809927	-0.0178708813893	-0.0728768154235	-0.0862869136097	0.0534550409063	0.00578031501687	-0.00515285068937	0.0398537097859	-0.0840256467659	-0.0585688697885	-0.0163499179552	-0.029887240966	0.0686716009969	-0.0577218652532	-0.0973252492026	-0.0921696744776	-0.0541839067013	-0.0258278788146	-0.0502288877537	-0.0301216933388	-0.0200164237603
k__Bacteria;p__Bacteroidetes;c__Bacteroidia;o__Bacteroidales;f__Porphyromonadaceae;g__Parabacteroides;s__Parabacteroides_johnsonii	-0.0245092731841	-0.0416372280586	6.90481367666e-06	0.0363558833381	-0.0222324276998	-0.0680229527036	-0.0882692445022	-0.104193736645	0.0119483046302	-0.0262438943649	-0.0389632005241	-0.0714199138832	0.104716756594	-0.0753801346727	-0.0470483758101	0.0439339987523	-0.0153750109337	-0.106895822786	-0.121160907269	-0.0680527082436	0.0328474616959	-0.0639412650861	0.0720236560078	-0.0888017181171	-0.0226255607332	-0.0369470008669	-0.0591583929329	-0.0117171100639	1.0	0.154379129609	-0.0978265488561	0.0530252146152	-0.0703848493927	0.0294283336318	-0.0339723064935	-0.0216096382266	-0.0914265838086	-0.00752842884011	-0.12797994615	-0.0641276937093	0.0461629364494	-0.024509259488	0.0125232077889	-0.00516273426859	0.0541645072601	-0.0803888927783	-0.0482901597663	-0.0160644626332	-0.0630614581324	-0.0284121250393	-0.100691006215	-0.110574746963	-0.0799310374089	-0.022642498844	-0.0736604811194	0.0961269712144	-0.00664453580647	-0.11747416416	-0.017662471127
k__Bacteria;p__Actinobacteria;c__Actinobacteria;o__Bifidobacteriales;f__Bifidobacteriaceae;g__Bifidobacterium;s__Bifidobacterium_longum	-0.154444830547	0.0266395030488	0.0170553665008	0.0156616340753	-0.0841297770259	-0.023780039783	-0.0130161594827	0.0203023534192	-0.0441935678119	-0.0901688726331	-0.101450750122	-0.0511529193456	-0.0852762288083	0.0364989497739	-0.01049518628	0.049809260216	0.0292402286501	0.017697934085	0.0313642457044	-0.0197782440198	-0.0883504551878	-0.10472204321	0.0839847746365	-0.0241819429627	-0.0765411946593	-0.109869943733	-0.0185639016934	0.0204806868131	0.154379129609	1.0	0.0258711476077	-0.112505264019	-0.0381845832786	-0.0276292237413	0.0330388936667	-0.0847926430634	-0.0919658882709	-0.0936930907741	0.0933676614236	-0.0419980806118	0.0224837815874	0.0327177869805	0.0869573720832	-0.0204349368873	0.00386724537016	-0.0285777761645	-0.0214263628768	-0.0855744647038	0.00271158605895	-0.106274100432	-0.0875658488092	-0.0177566104106	-0.0401194123799	0.0204759860059	-0.0512936289662	0.0186034336274	-0.0663792985547	-0.033046129264	-0.0948390988995
