#taxonomy	k__Bacteria;p__Bacteroidetes;c__Bacteroidia;o__Bacteroidales;f__Bacteroidaceae;g__Bacteroides;s__Bacteroides_vulgatus	k__Bacteria;p__Bacteroidetes;c__Bacteroidia;o__Bacteroidales;f__Bacteroidaceae;g__Bacteroides;s__Bacteroides_uniformis	k__Bacteria;p__Bacteroidetes;c__Bacteroidia;o__Bacteroidales;f__Rikenellaceae;g__Alistipes;s__Alistipes_putredinis	k__Bacteria;p__Bacteroidetes;c__Bacteroidia;o__Bacteroidales;f__Prevotellaceae;g__Prevotella;s__Prevotella_copri	k__Bacteria;p__Bacteroidetes;c__Bacteroidia;o__Bacteroidales;f__Bacteroidaceae;g__Bacteroides;s__Bacteroides_stercoris	k__Bacteria;p__Bacteroidetes;c__Bacteroidia;o__Bacteroidales;f__Bacteroidaceae;g__Bacteroides;s__Bacteroides_ovatus	k__Bacteria;p__Bacteroidetes;c__Bacteroidia;o__Bacteroidales;f__Rikenellaceae;g__Alistipes;s__Alistipes_shahii	k__Bacteria;p__Firmicutes;c__Clostridia;o__Clostridiales;f__Ruminococcaceae;g__Faecalibacterium;s__Faecalibacterium_prausnitzii	k__Bacteria;p__Bacteroidetes;c__Bacteroidia;o__Bacteroidales;f__Rikenellaceae;g__Alistipes;s__Alistipes_finegoldii	k__Bacteria;p__Bacteroidetes;c__Bacteroidia;o__Bacteroidales;f__Porphyromonadaceae;g__Parabacteroides;s__Parabacteroides_distasonis	k__Bacteria;p__Bacteroidetes;c__Bacteroidia;o__Bacteroidales;f__Bacteroidaceae;g__Bacteroides;s__Bacteroides_thetaiotaomicron	k__Bacteria;p__Bacteroidetes;c__Bacteroidia;o__Bacteroidales;f__Bacteroidaceae;g__Bacteroides;s__Bacteroides_coprocola	k__Bacteria;p__Bacteroidetes;c__Bacteroidia;o__Bacteroidales;f__Bacteroidaceae;g__Bacteroides;s__Bacteroides_cellulosilyticus	k__Bacteria;p__Bacteroidetes;c__Bacteroidia;o__Bacteroidales;f__Rikenellaceae;g__Alistipes;s__Alistipes_obesi	k__Bacteria;p__Firmicutes;c__Clostridia;o__Clostridiales;f__Lachnospiraceae;g__;s__[Eubacterium]_rectale	k__Bacteria;p__Bacteroidetes;c__Bacteroidia;o__Bacteroidales;f__Bacteroidaceae;g__Bacteroides;s__Bacteroides_plebeius	k__Bacteria;p__Bacteroidetes;c__Bacteroidia;o__Bacteroidales;f__Bacteroidaceae;g__Bacteroides;s__Bacteroides_fragilis	k__Bacteria;p__Proteobacteria;c__Betaproteobacteria;o__Burkholderiales;f__Sutterellaceae;g__Sutterella;s__Sutterella_wadsworthensis	k__Bacteria;p__Bacteroidetes;c__Bacteroidia;o__Bacteroidales;f__Porphyromonadaceae;g__Barnesiella;s__Barnesiella_intestinihominis	k__Bacteria;p__Bacteroidetes;c__Bacteroidia;o__Bacteroidales;f__Odoribacteraceae;g__Odoribacter;s__Odoribacter_splanchnicus	k__Bacteria;p__Bacteroidetes;c__Bacteroidia;o__Bacteroidales;f__Bacteroidaceae;g__Bacteroides;s__Bacteroides_salyersiae	k__Bacteria;p__Firmicutes;c__Clostridia;o__Clostridiales;f__Ruminococcaceae;g__Ruminiclostridium;s__[Eubacterium]_siraeum	k__Bacteria;p__Proteobacteria;c__Betaproteobacteria;o__Burkholderiales;f__Sutterellaceae;g__Parasutterella;s__Parasutterella_excrementihominis	k__Bacteria;p__Actinobacteria;c__Actinobacteria;o__Bifidobacteriales;f__Bifidobacteriaceae;g__Bifidobacterium;s__Bifidobacterium_adolescentis	k__Bacteria;p__Firmicutes;c__Clostridia;o__Clostridiales;f__Oscillospiraceae;g__Oscillibacter;s__Oscillibacter_sp._KLE_1745	k__Bacteria;p__Bacteroidetes;c__Bacteroidia;o__Bacteroidales;f__Bacteroidaceae;g__Bacteroides;s__Bacteroides_coprophilus	k__Bacteria;p__Firmicutes;c__Clostridia;o__Clostridiales;f__Lachnospiraceae;g__Roseburia;s__Roseburia_intestinalis	k__Bacteria;p__Firmicutes;c__Clostridia;o__Clostridiales;f__Lachnospiraceae;g__Roseburia;s__Roseburia_hominis	k__Bacteria;p__Bacteroidetes;c__Bacteroidia;o__Bacteroidales;f__Porphyromonadaceae;g__Parabacteroides;s__Parabacteroides_johnsonii	k__Bacteria;p__Actinobacteria;c__Actinobacteria;o__Bifidobacteriales;f__Bifidobacteriaceae;g__Bifidobacterium;s__Bifidobacterium_longum	k__Bacteria;p__Firmicutes;c__Clostridia;o__Clostridiales;f__;g__Flavonifractor;s__Flavonifractor_plautii	k__Bacteria;p__Firmicutes;c__Clostridia;o__Clostridiales;f__Clostridiaceae;g__Clostridium;s__Clostridium_phoceensis	k__Bacteria;p__Verrucomicrobia;c__Verrucomicrobiae;o__Verrucomicrobiales;f__Akkermansiaceae;g__Akkermansia;s__Akkermansia_muciniphila	k__Bacteria;p__Bacteroidetes;c__Bacteroidia;o__Bacteroidales;f__Prevotellaceae;g__Paraprevotella;s__Paraprevotella_xylaniphila	k__Bacteria;p__Firmicutes;c__Clostridia;o__Clostridiales;f__Ruminococcaceae;g__Ruminococcus;s__Ruminococcus_callidus	k__Bacteria;p__Bacteroidetes;c__Bacteroidia;o__Bacteroidales;f__Rikenellaceae;g__Alistipes;s__Alistipes_senegalensis	k__Bacteria;p__Firmicutes;c__Clostridia;o__Clostridiales;f__Lachnospiraceae;g__Blautia;s__Blautia_sp._KLE_1732	k__Bacteria;p__Bacteroidetes;c__Bacteroidia;o__Bacteroidales;f__Bacteroidaceae;g__Bacteroides;s__Bacteroides_oleiciplenus	k__Bacteria;p__Firmicutes;c__Clostridia;o__Clostridiales;f__Ruminococcaceae;g__Ruminococcus;s__Ruminococcus_bicirculans	k__Bacteria;p__Bacteroidetes;c__Bacteroidia;o__Bacteroidales;f__Bacteroidaceae;g__Bacteroides;s__Bacteroides_fluxus	k__Bacteria;p__Bacteroidetes;c__Bacteroidia;o__Bacteroidales;f__Prevotellaceae;g__Prevotella;s__Prevotella_stercorea	k__Bacteria;p__Firmicutes;c__Clostridia;o__Clostridiales;f__Lachnospiraceae;g__Dorea;s__Dorea_longicatena	k__Bacteria;p__Firmicutes;c__Clostridia;o__Clostridiales;f__Eubacteriaceae;g__Eubacterium;s__[Eubacterium]_eligens	k__Bacteria;p__Firmicutes;c__Clostridia;o__Clostridiales;f__Ruminococcaceae;g__;s__Ruminococcaceae_bacterium_D16	k__Bacteria;p__Firmicutes;c__Clostridia;o__Clostridiales;f__Lachnospiraceae;g__Coprococcus;s__Coprococcus_comes	k__Bacteria;p__Proteobacteria;c__Gammaproteobacteria;o__Enterobacterales;f__Enterobacteriaceae;g__Escherichia;s__Escherichia_coli	k__Bacteria;p__Firmicutes;c__Clostridia;o__Clostridiales;f__Ruminococcaceae;g__Anaerotruncus;s__Anaerotruncus_colihominis	k__Bacteria;p__Firmicutes;c__Clostridia;o__Clostridiales;f__Lachnospiraceae;g__Blautia;s__Blautia_obeum	k__Bacteria;p__Bacteroidetes;c__Bacteroidia;o__Bacteroidales;f__Odoribacteraceae;g__Odoribacter;s__Odoribacter_laneus	k__Bacteria;p__Firmicutes;c__Clostridia;o__Clostridiales;f__Ruminococcaceae;g__Ruminiclostridium;s__[Clostridium]_leptum	k__Bacteria;p__Bacteroidetes;c__Bacteroidia;o__Bacteroidales;f__Porphyromonadaceae;g__Parabacteroides;s__Parabacteroides_goldsteinii	k__Bacteria;p__Firmicutes;c__Clostridia;o__Clostridiales;f__Lachnospiraceae;g__Anaerostipes;s__Anaerostipes_hadrus	k__Bacteria;p__Firmicutes;c__Clostridia;o__Clostridiales;f__Ruminococcaceae;g__Ruminococcus;s__Ruminococcus_lactaris	k__Bacteria;p__Firmicutes;c__Clostridia;o__Clostridiales;f__Clostridiaceae;g__Clostridium;s__Clostridium_sp._L2-50	k__Bacteria;p__Firmicutes;c__Clostridia;o__Clostridiales;f__Clostridiaceae;g__Clostridium;s__Clostridium_sp._M62/1	k__Bacteria;p__Firmicutes;c__Clostridia;o__Clostridiales;f__;g__Intestinimonas;s__Intestinimonas_butyriciproducens	k__Bacteria;p__Actinobacteria;c__Actinobacteria;o__Bifidobacteriales;f__Bifidobacteriaceae;g__Bifidobacterium;s__Bifidobacterium_bifidum	k__Bacteria;p__Firmicutes;c__Negativicutes;o__Veillonellales;f__Veillonellaceae;g__Dialister;s__Dialister_invisus	k__Bacteria;p__Bacteroidetes;c__Bacteroidia;o__Bacteroidales;f__Bacteroidaceae;g__Bacteroides;s__Bacteroides_salanitronis
k__Bacteria;p__Bacteroidetes;c__Bacteroidia;o__Bacteroidales;f__Bacteroidaceae;g__Bacteroides;s__Bacteroides_vulgatus	1.0	-0.0379823843805	-0.0781211574513	0.00185937083621	-0.15903740357	-0.0487229795071	-0.038549907675	0.010975240974	-0.0271520348012	-0.111388469568	-0.0430363381683	-0.133560765217	-0.10871261191	0.0630755381287	-0.0329626128521	-0.0111414628378	-0.0972783572954	0.0538716546736	-0.0913666080261	0.0497795455147	0.0840461850247	-0.0754296841901	0.0545379174344	-0.0390590224926	0.0418139834986	-0.0233185658057	0.0493130201886	-0.0177838426152	-0.117480650423	-0.0616220434604	0.00488828544384	-0.031435923168	-0.044167752134	-0.15475811651	-0.0946937019786	0.0107331507115	-0.0486749888715	0.0121511210471	-0.00484491192462	0.0586722391391	-0.0261984627668	-0.0276333132235	0.0421003055234	-0.0397823326787	0.0867332379555	-0.0742213172334	0.0298793356837	0.0233159433569	-0.00177985422748	-0.0287888133708	-0.0884622079941	0.0151438399556	-0.0197775958608	-0.0300302281595	-0.14456677771	0.0423152892166	-0.129856752406	0.0296708357644	-0.165551933477
k__Bacteria;p__Bacteroidetes;c__Bacteroidia;o__Bacteroidales;f__Bacteroidaceae;g__Bacteroides;s__Bacteroides_uniformis	-0.0379823843805	1.0	0.0409110838337	-0.041476814862	0.00776208041307	0.0332749043109	-0.0726906513847	0.0442218502645	-0.15699535073	-0.0554914257535	-0.142847609973	-0.0243755964537	-0.0932927806986	-0.0304480821145	0.0203467706005	0.00670683111638	0.0569819225187	-0.0295001128971	-0.0562102185268	0.110448706559	-0.0997522597035	-0.0476427424427	-0.00590095750871	0.0120119129826	0.0253841977046	-0.106213261926	-0.0480761048509	0.0551434281582	-0.0485295734711	0.00609737599309	-0.132590614506	0.0398628156021	-0.163089626913	-0.056529941111	0.00376762993377	0.0315914125556	0.0046356243994	-0.0257771932151	-0.0544339518569	-0.101983004133	0.0371663588974	0.0318792400453	-0.0322594716386	-0.00885138732216	0.0547621961519	-0.0489536454272	-0.0343190569615	-0.0718622140308	-0.0590483408951	-0.0428358243064	-0.000469272468516	-0.0513618152133	-0.0692168347901	-0.0597799339359	-0.0493162015942	-0.0361393505965	-0.0335206206782	-0.0807887149671	0.0514952492294
k__Bacteria;p__Bacteroidetes;c__Bacteroidia;o__Bacteroidales;f__Rikenellaceae;g__Alistipes;s__Alistipes_putredinis	-0.0781211574513	0.0409110838337	1.0	-0.0202463452347	-0.100801795098	-0.0448622188497	-0.0251725106544	0.0209667360835	-0.0182170444672	-0.10257102711	-0.0116534368069	-0.0309468759678	0.00375641201356	-0.00368521405494	-0.0535401750744	-0.015969110927	-0.00315356589526	0.0586969365505	0.0178026634742	-0.0130119311948	0.0612673252673	-0.0567845973215	0.083183437514	0.0598782905989	-0.0634502606982	-0.0678505113006	-0.00922772785859	0.0998337008401	-0.00493205582867	-0.0142701364815	0.00634706724373	-0.115831708219	-0.0880085925712	-0.0542221670412	-0.104768541653	-0.0223468525077	-0.0723517567184	0.0354123414323	0.024248711283	0.0223283696117	-0.0476866044239	-0.0435383151635	-0.140715823915	0.044952824549	-0.0285854299525	0.0491165024134	-0.0313735581729	0.0495340834064	-0.025373072642	-0.0621760523989	0.0291873550364	0.0366659164471	0.0235925929754	0.0740123770823	-0.0408166546073	0.0240395112528	-0.0289989177119	-0.021975032939	-0.0383824805992
k__Bacteria;p__Bacteroidetes;c__Bacteroidia;o__Bacteroidales;f__Prevotellaceae;g__Prevotella;s__Prevotella_copri	0.00185937083621	-0.041476814862	-0.0202463452347	1.0	-0.129405759277	0.0709069658877	-0.0345879481028	0.0682241917541	0.0451895059855	0.043359133159	-0.0591574286327	0.0303674478903	-0.109957946476	-0.108458599401	-0.046133663616	-0.0233785754872	-0.0160663437998	-0.0244882371474	-0.0122106817082	0.0355650000425	-0.00706846034975	-0.0472603191988	-0.00854906233585	-0.099233833694	0.0326449020106	-0.0162598727654	-0.0585407404094	-0.0954121733684	0.05043374587	-0.0178450995919	-0.0962111160245	-0.091449948159	-0.0739869156464	0.0239204472083	-0.0742929294497	0.00727903187828	0.111634670082	-0.0344003145426	0.0107682272674	0.0327285191158	0.0253176691016	-0.0789437652319	-0.0449661399761	0.0198515813012	-0.0214610556357	-0.00637360262094	0.0520841024304	0.00886277842649	0.0377829407256	0.0250993856926	-0.044481990522	0.108790817068	-0.0931401190313	0.00521007392674	-0.0529217526394	-0.0255543336556	-0.0832387560603	0.004276280954	-0.0450751001517
k__Bacteria;p__Bacteroidetes;c__Bacteroidia;o__Bacteroidales;f__Bacteroidaceae;g__Bacteroides;s__Bacteroides_stercoris	-0.15903740357	0.00776208041307	-0.100801795098	-0.129405759277	1.0	-0.110735887736	0.0933206542867	-0.050968204539	-0.161444664032	0.0208687871743	0.0706667800816	-0.0300583326017	-0.132885095401	-0.0196883567709	-0.0636270774212	-0.0698612019841	-0.041098037318	-0.102158577267	0.0325151044504	-0.123495103281	0.0195451405549	0.0325099004135	-0.0629846841735	-0.0128184713214	-0.045799851299	0.00521464267987	0.0599199931708	-0.0720703976451	-0.0853282177579	0.0144527097393	0.0345540666789	0.0303686461033	0.109950598026	-0.0187357952139	0.0714787288749	-0.00567679290415	-0.0713579504269	-0.0178575725563	0.0516527690819	-0.074610508582	0.0509623926405	-0.083692243008	-0.119817599836	0.10257933412	-0.0864012678571	-0.0615748851272	0.00687027331843	0.0331567146721	-0.026395392973	-0.0591284063372	0.0630850317902	-0.0626146442337	0.137346149312	0.0294649159224	0.00414888124556	-0.104375280854	-0.0129216473895	-0.0709579623527	0.0212262837295
k__Bacteria;p__Bacteroidetes;c__Bacteroidia;o__Bacteroidales;f__Bacteroidaceae;g__Bacteroides;s__Bacteroides_ovatus	-0.0487229795071	0.0332749043109	-0.0448622188497	0.0709069658877	-0.110735887736	1.0	-0.132646159045	-0.0638491803741	-0.0433457958418	-0.00192247172814	-0.104505428149	-0.0851556781288	0.029846908274	-0.106984390563	-0.0235616080535	0.00577097369836	0.0760495233723	0.00511113457912	-0.0232138661344	-0.000879161362164	0.039612780994	0.0198833320988	-0.0333062855637	0.049561288721	0.0433146598527	-0.0384751696533	-0.0102965342049	0.00197164982878	-0.0727793823209	-0.0857775757503	-0.0471280430073	-0.0326572470922	-0.11622234876	-0.00985242563272	-0.00955093385578	-0.00063754546031	0.0712952874308	0.0228095625797	-0.0710311562001	-0.0262247163221	-0.0191082256616	0.124169463544	0.0153813394775	-0.0206871784971	0.0529427228355	0.0927691048228	-0.0108187333094	-0.0636061116648	0.0154498402179	-0.0615776043498	0.0825690743543	-0.106850477098	-0.0616446963926	0.0268495745461	-0.0444890846301	-0.0157282924244	-0.167763770479	-0.0896760771382	0.0353514816748
k__Bacteria;p__Bacteroidetes;c__Bacteroidia;o__Bacteroidales;f__Rikenellaceae;g__Alistipes;s__Alistipes_shahii	-0.038549907675	-0.0726906513847	-0.0251725106544	-0.0345879481028	0.0933206542867	-0.132646159045	1.0	-0.0600679171832	-0.0470995180296	-0.101909088698	-0.0792046214813	-0.045233667249	-0.0756258098103	-0.0344260028345	-0.0453946749001	0.144257356225	-0.0178380323003	-0.000265412652312	-0.0793621619769	0.0238398972562	0.046128674715	-0.00626950765223	-0.0255611955374	-0.0409784007556	-0.122371239223	0.149030161246	-0.0522623726424	-0.0473522362296	-0.0115982536884	0.0496398656639	0.0294762424916	-0.0565805333083	-0.0412129337536	-0.00557323328087	-0.0441417320671	0.00281944488272	-0.0904321667254	0.00937141740486	0.0253567726047	-0.0568806650115	-0.00163534648009	0.0583730429812	-0.0393603232769	0.0515357376461	-0.0400331352835	0.0193771205165	0.106317684179	0.00195727700833	-0.0453000385475	0.0133378145041	-0.0412271387683	-0.0680872975992	0.0207107485747	-0.0617938286588	-0.0947984818474	-0.0481007699547	-0.104484997816	-0.134319488522	0.00209984758564
k__Bacteria;p__Firmicutes;c__Clostridia;o__Clostridiales;f__Ruminococcaceae;g__Faecalibacterium;s__Faecalibacterium_prausnitzii	0.010975240974	0.0442218502645	0.0209667360835	0.0682241917541	-0.050968204539	-0.0638491803741	-0.0600679171832	1.0	0.00947252123377	-0.0942608544285	-0.0519907392145	-0.13172388895	-0.121342827304	-0.0518328530932	0.0103259978574	-0.0814395373525	-0.0270265162243	-0.0524721081518	-0.0463542502429	-0.0960605331567	0.014911552605	-0.124062034278	-0.124366627343	0.0082810945118	0.00766100541063	-0.0792270792613	-0.0829512418212	-0.0399553619747	0.0128891432127	0.0641621673327	0.134019040625	-0.106877662378	0.0722481879165	0.0607132609204	-0.0306648381192	-0.07039555294	-0.0805505623082	0.0404937800115	-0.100990174693	0.0714804103581	-0.0609177743096	0.083776060845	-0.0941469194965	-0.00572213152619	0.10460214143	-0.126901729066	0.00691900854419	0.0565959708488	0.0170649477716	-0.0131401410021	-0.0178332036619	0.0244009640264	-0.0951377962942	-0.0127466563806	-0.0896034836517	0.0456276029706	0.0225611472367	0.0349206650461	-0.00773525098299
k__Bacteria;p__Bacteroidetes;c__Bacteroidia;o__Bacteroidales;f__Rikenellaceae;g__Alistipes;s__Alistipes_finegoldii	-0.0271520348012	-0.15699535073	-0.0182170444672	0.0451895059855	-0.161444664032	-0.0433457958418	-0.0470995180296	0.00947252123377	1.0	0.031945805296	0.0130004487651	0.0857510271584	-0.164953180156	-0.0143833779981	-0.155919973408	0.0113072880313	-0.0862778851691	0.00519456554759	-0.036428631758	-0.00692624875519	-0.0300637420184	-0.0545152338952	-0.0328390427806	-0.0845778467206	-0.0127016017963	-0.0635289776116	-0.0221526299149	-0.0263884254407	0.0334384963268	-0.0779037271215	-0.121310480907	0.00887141421779	-0.0470144756202	0.0281542525482	-0.109399472751	0.0276217082222	0.0301639695481	-0.0197582651038	-0.152773808531	0.0277247762783	-0.0556178514938	-0.0554553079141	-0.00941851068082	-0.00351946002486	-0.0447462223008	-0.0561382763053	-0.0979643526545	0.00752733334396	-0.00645143363296	0.0463755466997	0.0356053765948	0.0451949822431	-0.0415246794433	-0.00813481395539	0.0207896367228	-0.0888845095472	-0.0105458346565	0.07086018506	0.00166809914443
k__Bacteria;p__Bacteroidetes;c__Bacteroidia;o__Bacteroidales;f__Porphyromonadaceae;g__Parabacteroides;s__Parabacteroides_distasonis	-0.111388469568	-0.0554914257535	-0.10257102711	0.043359133159	0.0208687871743	-0.00192247172814	-0.101909088698	-0.0942608544285	0.031945805296	1.0	0.0176530718186	-0.00993475637184	-0.0121047317376	-0.0860631655043	-0.0278108367049	-0.0182628177272	0.0328041709643	-0.136016448619	-0.0355122954539	0.0499260236484	-0.130334043898	0.0460506589672	-0.0264695980901	-0.050648167595	-0.00376242435186	0.019723983352	-0.0195301766894	-0.0701291684962	0.0687717715644	-0.00687388150679	-0.00668063445531	0.0509249624274	0.0304830635453	0.012375251278	-0.0274060243373	-0.130171717134	0.0307254387653	0.0636737458752	0.0713903058424	-0.0467228125918	0.0182743475243	-0.00313640198891	-0.0873276467719	0.0339763048298	-0.0848660644856	0.0175494073167	-0.0969066833614	-0.0329388106437	-0.0891174884859	-0.0671405260413	0.0197946555663	-0.059663395462	-0.0614187171027	0.00385329778731	-0.0488962891774	-0.0199166597151	-0.0590852254615	-7.46551765372e-06	-0.100669227884
k__Bacteria;p__Bacteroidetes;c__Bacteroidia;o__Bacteroidales;f__Bacteroidaceae;g__Bacteroides;s__Bacteroides_thetaiotaomicron	-0.0430363381683	-0.142847609973	-0.0116534368069	-0.0591574286327	0.0706667800816	-0.104505428149	-0.0792046214813	-0.0519907392145	0.0130004487651	0.0176530718186	1.0	-0.0980481363117	-0.0583552976863	-0.016340911918	0.00396705444597	-0.0377435012654	-0.0852326710816	-0.0790635508237	-0.0315555400099	-0.0347660191133	0.0397829971475	-0.0474166653339	-0.00622931271718	0.0713584492689	-0.0564020699602	0.0540047912163	-0.124562372301	0.0381094650563	-0.0351837507335	-0.0545090161495	-0.0755743695009	0.00101733052481	-0.096542327217	0.00320675755104	-0.0214169633368	-0.106629178527	-0.0741359561561	-0.0163134890078	0.00921872455594	0.0839556408873	-0.0727921883878	-0.107177424022	-0.0593876355065	0.0225305164282	0.0226827458079	-0.00138737175965	0.00201638299638	-0.0722103673137	-0.111704156073	0.0417650640473	0.0374321122693	0.0371468338178	0.00469504909318	0.0481396703007	-0.204739039403	-0.0470502945201	-0.00153303778534	-0.130599704127	-0.0908958037702
k__Bacteria;p__Bacteroidetes;c__Bacteroidia;o__Bacteroidales;f__Bacteroidaceae;g__Bacteroides;s__Bacteroides_coprocola	-0.133560765217	-0.0243755964537	-0.0309468759678	0.0303674478903	-0.0300583326017	-0.0851556781288	-0.045233667249	-0.13172388895	0.0857510271584	-0.00993475637184	-0.0980481363117	1.0	0.0510163348079	0.0304061655695	-0.063576558948	-0.110291491755	-0.0620009501508	-0.0527879316924	-0.121776889028	-0.0125550179121	-0.0618318672866	-0.0772438278174	-0.114506444002	-0.0262484389452	0.0447120785117	-0.105061472157	-0.0287731791294	-0.0708865270865	-0.0207477387345	-0.0236049384882	-0.116902550295	0.0459545785863	0.0822690417632	-0.01567293711	-0.0487528481801	-0.0687625824268	-0.0882032193537	0.0049222868843	0.0714456722635	0.0274463277696	-0.0294324768099	-0.0352674842064	-0.0729627836687	0.0941690611228	0.0422935800838	-0.0334135368846	-0.0614612996323	0.00840061517362	-0.181399195228	0.0416431282235	0.00597670881225	-0.0864732556569	-0.0403902710233	-0.0843890265446	-0.00333569281488	0.0362903381047	-0.136665072231	-0.0599203594161	-0.0227627668653
k__Bacteria;p__Bacteroidetes;c__Bacteroidia;o__Bacteroidales;f__Bacteroidaceae;g__Bacteroides;s__Bacteroides_cellulosilyticus	-0.10871261191	-0.0932927806986	0.00375641201356	-0.109957946476	-0.132885095401	0.029846908274	-0.0756258098103	-0.121342827304	-0.164953180156	-0.0121047317376	-0.0583552976863	0.0510163348079	1.0	-0.0253312682331	-0.0279052595976	0.0199054847125	-0.079738661338	0.0698249888811	-0.0290167218902	0.0286641787297	0.0851886643003	-0.126613782571	0.0192285989758	0.00650116703472	-0.0986834807928	-0.0511967042	0.0166723345999	0.118686675238	-0.0744340667951	-0.0828492686478	-0.00148666916695	-0.0612426567368	-0.02412470136	0.0240217949632	0.00653844496584	0.000835062131146	-0.00504613868547	0.116759905685	0.0428710707739	0.0965900089521	0.0532996866029	-0.124748720716	0.00837459497388	-0.172501567647	-0.0866804223565	-0.0444862380232	0.0182957496705	-0.0908890668702	0.0379202560125	-0.0852478844582	-0.0849611249774	-0.139295726418	-0.0216806709208	0.0619903254288	-0.00745417809489	0.0810470970524	0.0488932881135	-0.0359227090262	0.0138136638003
k__Bacteria;p__Bacteroidetes;c__Bacteroidia;o__Bacteroidales;f__Rikenellaceae;g__Alistipes;s__Alistipes_obesi	0.0630755381287	-0.0304480821145	-0.00368521405494	-0.108458599401	-0.0196883567709	-0.106984390563	-0.0344260028345	-0.0518328530932	-0.0143833779981	-0.0860631655043	-0.016340911918	0.0304061655695	-0.0253312682331	1.0	-0.0389448526928	-0.115447046732	0.0239128781581	0.0457019909161	-0.128586507057	0.0412325286582	-0.039029096591	-0.0105192700159	-0.0417293068025	-0.00551531896125	-0.10169309522	-0.128421752349	-0.0539613584524	0.0583509327603	-0.113745231952	-0.00122688715271	-0.0307231233149	0.0950693820429	-0.0819503963588	-0.0449311521025	-0.0253141026721	-0.0153343183455	-0.0536772012297	-0.0253713265941	-0.0625250557271	0.00859260893976	-0.0511377080452	-0.0102334709525	0.0490619346451	-0.0453165948163	-0.0866286514265	-0.00150404739968	0.0043260031859	0.0906078558749	-0.00847172085033	-0.0822968913273	-0.120913676921	-0.129067359799	0.0348445186882	0.0274741133059	-0.0348829198837	0.0171426382023	-0.0839591659822	-0.0349407780532	-0.108911183191
k__Bacteria;p__Firmicutes;c__Clostridia;o__Clostridiales;f__Lachnospiraceae;g__;s__[Eubacterium]_rectale	-0.0329626128521	0.0203467706005	-0.0535401750744	-0.046133663616	-0.0636270774212	-0.0235616080535	-0.0453946749001	0.0103259978574	-0.155919973408	-0.0278108367049	0.00396705444597	-0.063576558948	-0.0279052595976	-0.0389448526928	1.0	0.0335443303339	0.0171134038536	-0.0201187250867	-0.008464541705	-0.110886622396	0.00911341071922	0.0521892667028	-0.0207377502262	-0.0969838040241	-0.0977931355865	0.0110961145102	-0.111313153293	0.108228521463	-0.0754115016695	-0.0967190066559	0.151415131315	-0.0773175717416	-0.015938599033	-0.0229520671728	0.0671586444821	-0.0081750325794	-0.0937089438628	0.0198623934714	-0.0947298321813	-0.0364587305885	-0.0573756808031	-0.0497928679261	-0.0801493339432	0.0305134507432	-0.106380760913	-0.0197474787267	-0.0765398667894	0.0486834703313	-0.0412709201275	-0.0969641330516	-0.0515486835218	0.0725365560368	-0.036249924089	-0.0268555371964	0.0872862735859	-0.0685265632936	-0.0299318104055	0.00115009599058	-0.0184099759715
k__Bacteria;p__Bacteroidetes;c__Bacteroidia;o__Bacteroidales;f__Bacteroidaceae;g__Bacteroides;s__Bacteroides_plebeius	-0.0111414628378	0.00670683111638	-0.015969110927	-0.0233785754872	-0.0698612019841	0.00577097369836	0.144257356225	-0.0814395373525	0.0113072880313	-0.0182628177272	-0.0377435012654	-0.110291491755	0.0199054847125	-0.115447046732	0.0335443303339	1.0	-0.0283912957162	-0.000528207235781	-0.058152267516	-0.0426399019787	-0.0481995699905	-0.0592010600264	-0.0393715839326	0.0201337489684	-0.0139572986901	-0.102366140826	-0.0457263534804	-0.0117644990831	-0.0341721815654	-0.0285507159162	-0.099274383838	-0.0989627274254	-0.04579058341	0.022647691499	0.0193713459877	-0.0294986156441	0.00188520614178	-0.0357321007718	0.000580668339267	0.051215515357	-0.137154417662	0.0197014947711	-0.0800364902714	0.0497889358934	-0.0281283788173	-0.0483808387134	0.0198685598609	-0.057772676727	-0.116233684315	-0.122690822356	-0.0573608486261	-0.0653142509974	-0.0468180146575	-0.0559914631674	-0.0434935100661	0.00129753112683	-0.024843732939	-0.036078328372	-0.0875255302116
k__Bacteria;p__Bacteroidetes;c__Bacteroidia;o__Bacteroidales;f__Bacteroidaceae;g__Bacteroides;s__Bacteroides_fragilis	-0.0972783572954	0.0569819225187	-0.00315356589526	-0.0160663437998	-0.041098037318	0.0760495233723	-0.0178380323003	-0.0270265162243	-0.0862778851691	0.0328041709643	-0.0852326710816	-0.0620009501508	-0.079738661338	0.0239128781581	0.0171134038536	-0.0283912957162	1.0	-0.0474316488244	0.0287732609875	0.0559211084494	-0.0244848262061	-0.0685176665139	0.00427100375048	0.0268222207692	-0.00370388688553	-0.0613085145765	-0.0341371817814	-0.0176365943457	0.0331253925977	-0.0470221277399	-0.136223670928	0.0202479398026	-0.0833211780516	-0.0355015641559	-0.0860724917421	-0.0215974507133	0.0373119820321	0.037105361198	-0.0593292167521	0.0687504574296	0.0191173478256	-0.0343632346048	-0.000407280859823	0.0131296295943	-0.0249739868194	-0.0575852670264	-0.0242891529077	0.0508765334418	0.00198709168326	0.0753150217733	-0.0566021939554	-0.00724112161457	0.0125757732736	-0.0570392721404	0.0256262596391	-0.0637252469014	-0.075871116266	-0.175528549322	0.00874222987081
k__Bacteria;p__Proteobacteria;c__Betaproteobacteria;o__Burkholderiales;f__Sutterellaceae;g__Sutterella;s__Sutterella_wadsworthensis	0.0538716546736	-0.0295001128971	0.0586969365505	-0.0244882371474	-0.102158577267	0.00511113457912	-0.000265412652312	-0.0524721081518	0.00519456554759	-0.136016448619	-0.0790635508237	-0.0527879316924	0.0698249888811	0.0457019909161	-0.0201187250867	-0.000528207235781	-0.0474316488244	1.0	-0.00270175515366	-0.0332695793673	-0.0432248541465	-0.145642539299	0.041166782888	-0.01267178269	0.00473206909971	0.0227157746653	0.0185291462751	-0.033580347181	-0.0959919357182	-0.0977382199295	-0.035330004912	-0.0442672172489	0.113261460857	-0.0392072774536	0.0678419367602	-0.0114332823651	0.0898422800005	-0.0182592891357	0.0412451882696	-0.0325317750126	-0.0199816207747	-0.0552267847417	0.00736135824326	-0.00427067941315	0.00219610718666	0.0264233820271	-0.0707014808491	-0.0879591152105	0.0435262846315	-0.0449290115084	0.0179465104302	-0.00560668296108	-0.0115451824594	0.0728659613036	0.00863401732562	-0.129005377807	-0.0443084363012	0.0619526731653	-0.0452024469939
k__Bacteria;p__Bacteroidetes;c__Bacteroidia;o__Bacteroidales;f__Porphyromonadaceae;g__Barnesiella;s__Barnesiella_intestinihominis	-0.0913666080261	-0.0562102185268	0.0178026634742	-0.0122106817082	0.0325151044504	-0.0232138661344	-0.0793621619769	-0.0463542502429	-0.036428631758	-0.0355122954539	-0.0315555400099	-0.121776889028	-0.0290167218902	-0.128586507057	-0.008464541705	-0.058152267516	0.0287732609875	-0.00270175515366	1.0	-0.0332316670929	-0.0372916124707	0.00628948033962	-0.0496686265118	0.0655042698318	-0.00299641854777	0.0573456571663	-0.0734323088505	0.0293630953813	-0.0261841557849	0.021997770775	0.0199513180222	0.00797232409892	0.0154954184659	0.0387848371393	-0.0887041627851	-0.0641749047177	-0.0466301701792	0.0213103699014	-0.044688607235	-0.00971725892386	-0.0559533783181	-0.0108584921931	-0.0400037424079	-0.00726704068275	-0.0922972305529	-0.0375231092337	-0.0258341257635	-0.034942082835	0.0414098665439	-0.0868513439508	-0.0938614041588	0.0499268509788	-0.0156402102488	-0.0959023300178	0.0100221992001	0.0440567584037	0.0739629434729	0.00562354331029	-0.181983212402
k__Bacteria;p__Bacteroidetes;c__Bacteroidia;o__Bacteroidales;f__Odoribacteraceae;g__Odoribacter;s__Odoribacter_splanchnicus	0.0497795455147	0.110448706559	-0.0130119311948	0.0355650000425	-0.123495103281	-0.000879161362164	0.0238398972562	-0.0960605331567	-0.00692624875519	0.0499260236484	-0.0347660191133	-0.0125550179121	0.0286641787297	0.0412325286582	-0.110886622396	-0.0426399019787	0.0559211084494	-0.0332695793673	-0.0332316670929	1.0	-0.0403164972345	0.0207811240236	-0.0570284273371	-0.0463365678365	-0.0119065366853	-0.00208353875772	-0.0154051313873	-0.0490890910179	-0.11567301949	-0.142656402612	-0.0461605212706	-0.0655917437631	-0.144664138459	0.0243925468614	-0.0754030547615	-0.06031714839	-0.0801391222682	-0.0143496146667	0.0211605742652	0.0400038563658	0.00675781061513	-0.0788357386192	0.0634635074577	-0.104285668363	0.1417483604	-0.051294650798	-0.125547962078	-0.0280686410323	-0.076458816803	-0.0427467154067	-0.06782827441	-0.12963831926	0.132083398858	-0.0333358643034	0.002029218916	0.00997952695122	-0.0333441958291	-0.104841977677	-0.0729515251324
k__Bacteria;p__Bacteroidetes;c__Bacteroidia;o__Bacteroidales;f__Bacteroidaceae;g__Bacteroides;s__Bacteroides_salyersiae	0.0840461850247	-0.0997522597035	0.0612673252673	-0.00706846034975	0.0195451405549	0.039612780994	0.046128674715	0.014911552605	-0.0300637420184	-0.130334043898	0.0397829971475	-0.0618318672866	0.0851886643003	-0.039029096591	0.00911341071922	-0.0481995699905	-0.0244848262061	-0.0432248541465	-0.0372916124707	-0.0403164972345	1.0	-0.147310899241	-0.0300728030859	-0.0429427846798	-0.10911143838	-0.0397377862431	0.0775616214384	-0.077520353507	-0.0412061998827	0.0244673822022	-0.112437654015	-0.0170208540795	-0.0205527654883	-0.120895366285	-0.0138094447225	-0.0436702939902	-0.10211896043	0.0255885062256	-0.0859107871623	-0.0106346687089	-0.146998818087	0.183191798499	-0.00300045319876	-0.0316126093588	-0.100486792289	-0.135493543317	0.0497744796435	0.0216112977066	0.0322482874523	-0.0382224362249	0.025953659538	0.0742519333818	-0.0844737917148	-0.0388395160696	-0.0199778645418	-0.0210045526827	0.0224090438813	-0.0558590262083	-0.14270314433
k__Bacteria;p__Firmicutes;c__Clostridia;o__Clostridiales;f__Ruminococcaceae;g__Ruminiclostridium;s__[Eubacterium]_siraeum	-0.0754296841901	-0.0476427424427	-0.0567845973215	-0.0472603191988	0.0325099004135	0.0198833320988	-0.00626950765223	-0.124062034278	-0.0545152338952	0.0460506589672	-0.0474166653339	-0.0772438278174	-0.126613782571	-0.0105192700159	0.0521892667028	-0.0592010600264	-0.0685176665139	-0.145642539299	0.00628948033962	0.0207811240236	-0.147310899241	1.0	-0.0860244660281	-0.117758509584	-0.00244032852603	-0.0516061678073	0.0245652675966	-0.0381086597575	-0.0655881782211	0.0345950578765	0.00657098843026	0.0041734886102	-0.00240758422415	-0.0175826021866	-0.0235038018377	0.0472899928941	0.0241351021363	-0.101728887027	0.0356546121981	-0.0648265234169	-0.00382847356925	-0.0995421761502	-0.0137202408931	-0.104883483127	0.0725582477039	-0.017667169732	-0.0199712710154	-0.134832657844	-0.0101077026151	-0.0488658421206	0.0244328535816	0.00952070295603	0.0127085852724	-0.125916044395	-0.00177404860075	0.0367302353437	-0.0744756855888	-0.00354941617334	0.0667758750086
k__Bacteria;p__Proteobacteria;c__Betaproteobacteria;o__Burkholderiales;f__Sutterellaceae;g__Parasutterella;s__Parasutterella_excrementihominis	0.0545379174344	-0.00590095750871	0.083183437514	-0.00854906233585	-0.0629846841735	-0.0333062855637	-0.0255611955374	-0.124366627343	-0.0328390427806	-0.0264695980901	-0.00622931271718	-0.114506444002	0.0192285989758	-0.0417293068025	-0.0207377502262	-0.0393715839326	0.00427100375048	0.041166782888	-0.0496686265118	-0.0570284273371	-0.0300728030859	-0.0860244660281	1.0	-0.0198510625562	-0.0936296047773	-0.12240489794	-0.0107762989756	-0.139930260785	-0.0805221136237	0.0344268638563	-0.0608236410666	-0.0962699585075	-0.0109859270657	0.0401043918891	-0.099018009475	-0.0406646668044	0.0412404843203	0.0763046376578	-0.126680500934	-0.0977141608026	0.0831874634476	0.049048351624	-0.0206328825863	0.00510507751788	0.0359739550467	-0.0290162776235	-0.0340206608088	0.00305898596383	-0.0848407463444	-0.0989406164541	-0.0526485233164	-0.00607218985457	-0.0180038121566	-0.0106134060741	0.0454629105555	-0.0469290111344	0.060500211763	-0.0671306820314	-0.0597670676485
k__Bacteria;p__Actinobacteria;c__Actinobacteria;o__Bifidobacteriales;f__Bifidobacteriaceae;g__Bifidobacterium;s__Bifidobacterium_adolescentis	-0.0390590224926	0.0120119129826	0.0598782905989	-0.099233833694	-0.0128184713214	0.049561288721	-0.0409784007556	0.0082810945118	-0.0845778467206	-0.050648167595	0.0713584492689	-0.0262484389452	0.00650116703472	-0.00551531896125	-0.0969838040241	0.0201337489684	0.0268222207692	-0.01267178269	0.0655042698318	-0.0463365678365	-0.0429427846798	-0.117758509584	-0.0198510625562	1.0	-0.0693358949223	-0.0321938048647	0.0185294131904	-0.00730663569475	-0.0200293598751	-0.0192507857731	-0.0369464708869	-0.0485212760573	0.0331400694342	0.0145040043106	-0.0696879778295	-0.119319722714	-0.10948595952	0.037821453841	-0.0303304407641	-0.0389094002662	-0.0481531075455	0.0206138695182	-0.0397582183858	-0.0849540776069	0.0229424746431	-0.0718590854223	-0.0497251196672	-0.0805717608886	-0.0571557580196	0.0451222242941	-0.0664438560815	-0.00825950806216	0.0422303699808	-0.0281497893283	0.0299633394075	-0.0206394300299	0.0113281643313	-0.0205837380578	-0.161223661846
k__Bacteria;p__Firmicutes;c__Clostridia;o__Clostridiales;f__Oscillospiraceae;g__Oscillibacter;s__Oscillibacter_sp._KLE_1745	0.0418139834986	0.0253841977046	-0.0634502606982	0.0326449020106	-0.045799851299	0.0433146598527	-0.122371239223	0.00766100541063	-0.0127016017963	-0.00376242435186	-0.0564020699602	0.0447120785117	-0.0986834807928	-0.10169309522	-0.0977931355865	-0.0139572986901	-0.00370388688553	0.00473206909971	-0.00299641854777	-0.0119065366853	-0.10911143838	-0.00244032852603	-0.0936296047773	-0.0693358949223	1.0	-0.0168234765492	-0.108157703411	-0.0265255148799	-0.0147785433527	-0.0491161793703	-0.0610711490475	0.00767731029025	-0.0503885034663	-0.0637310123411	-0.0825252964643	0.00501006788667	0.0200516889579	0.0259140843321	-0.00610570076264	-0.0775732028012	0.0228709673024	-0.172812450824	-0.10625632455	0.0396524641039	0.0153563335971	-0.0322014603854	-0.0119319452178	-0.0195474324386	-0.0813771451939	0.0295777460603	-0.0453607332841	-0.0659553755674	-0.0660675459941	-0.0916095006845	0.0303154826849	-0.0612532979951	-0.0325814164658	0.0327801768646	-0.0776918890807
k__Bacteria;p__Bacteroidetes;c__Bacteroidia;o__Bacteroidales;f__Bacteroidaceae;g__Bacteroides;s__Bacteroides_coprophilus	-0.0233185658057	-0.106213261926	-0.0678505113006	-0.0162598727654	0.00521464267987	-0.0384751696533	0.149030161246	-0.0792270792613	-0.0635289776116	0.019723983352	0.0540047912163	-0.105061472157	-0.0511967042	-0.128421752349	0.0110961145102	-0.102366140826	-0.0613085145765	0.0227157746653	0.0573456571663	-0.00208353875772	-0.0397377862431	-0.0516061678073	-0.12240489794	-0.0321938048647	-0.0168234765492	1.0	-0.0273355710144	-0.0294322211882	0.033133706589	-0.0755912499924	-0.0214413090026	-0.0418534904912	-0.0614369781356	0.00781497736039	-0.096516977119	0.0808839426804	0.0349124106037	0.0400770925501	0.0116877559004	0.0121666691165	-0.0152767718689	-0.0484463096639	0.0467230349447	-0.00274068835179	-0.0596178956925	-0.0745707526185	-0.128754373477	0.0358163133725	-0.0222384029395	-0.00518815623204	-0.0500370285784	-0.105754596891	0.0338345024234	-0.00340409116105	-0.0834039671039	-0.10609903154	-0.0256698819314	0.0163279092301	0.00786778080206
k__Bacteria;p__Firmicutes;c__Clostridia;o__Clostridiales;f__Lachnospiraceae;g__Roseburia;s__Roseburia_intestinalis	0.0493130201886	-0.0480761048509	-0.00922772785859	-0.0585407404094	0.0599199931708	-0.0102965342049	-0.0522623726424	-0.0829512418212	-0.0221526299149	-0.0195301766894	-0.124562372301	-0.0287731791294	0.0166723345999	-0.0539613584524	-0.111313153293	-0.0457263534804	-0.0341371817814	0.0185291462751	-0.0734323088505	-0.0154051313873	0.0775616214384	0.0245652675966	-0.0107762989756	0.0185294131904	-0.108157703411	-0.0273355710144	1.0	0.128348040145	-0.101317450446	-0.0473467588164	-0.0194923337764	-0.0724547838497	0.0440617759786	-0.064454512328	-0.14125159988	-0.0328913280016	-0.027654378913	-0.0461133995333	-0.0494894742409	-0.107993766544	-0.0161619419469	-0.0413291644776	0.100077733228	-0.0334730141359	-0.000784931405531	-0.0908446438948	-0.089026612112	-0.0133097215932	0.109972209674	-0.0721762002691	-0.0696225025404	0.0630297762467	-0.173056345312	-0.0836168909162	-0.0123042395317	0.0233757908675	0.0115239130566	-0.0847508639275	-0.0761551288944
k__Bacteria;p__Firmicutes;c__Clostridia;o__Clostridiales;f__Lachnospiraceae;g__Roseburia;s__Roseburia_hominis	-0.0177838426152	0.0551434281582	0.0998337008401	-0.0954121733684	-0.0720703976451	0.00197164982878	-0.0473522362296	-0.0399553619747	-0.0263884254407	-0.0701291684962	0.0381094650563	-0.0708865270865	0.118686675238	0.0583509327603	0.108228521463	-0.0117644990831	-0.0176365943457	-0.033580347181	0.0293630953813	-0.0490890910179	-0.077520353507	-0.0381086597575	-0.139930260785	-0.00730663569475	-0.0265255148799	-0.0294322211882	0.128348040145	1.0	-0.115451100319	-0.0358702991624	-0.0378209408745	0.00461295284709	-0.0626342420526	0.117305946416	-0.039276354608	0.0459313334317	-0.0246577554647	-0.024603758365	-0.0434390233342	-0.00186151126708	-0.115041951302	0.0295489516463	0.0382000995002	0.00271499976159	-0.121684861778	-0.0488527829374	0.0802312385796	0.0449649550942	-0.0220717488778	-0.0159580047267	-0.0369244451087	-0.00570319538809	-0.0951138421978	-0.073971684831	-0.011440900366	-0.0978702092055	0.023063356158	-0.0785623585913	-0.112086836702
k__Bacteria;p__Bacteroidetes;c__Bacteroidia;o__Bacteroidales;f__Porphyromonadaceae;g__Parabacteroides;s__Parabacteroides_johnsonii	-0.117480650423	-0.0485295734711	-0.00493205582867	0.05043374587	-0.0853282177579	-0.0727793823209	-0.0115982536884	0.0128891432127	0.0334384963268	0.0687717715644	-0.0351837507335	-0.0207477387345	-0.0744340667951	-0.113745231952	-0.0754115016695	-0.0341721815654	0.0331253925977	-0.0959919357182	-0.0261841557849	-0.11567301949	-0.0412061998827	-0.0655881782211	-0.0805221136237	-0.0200293598751	-0.0147785433527	0.033133706589	-0.101317450446	-0.115451100319	1.0	-0.00535963671993	0.0071990691617	-0.116514667273	-0.0515587720649	-0.0254920755312	0.0189608783295	0.0450681412441	-0.0281284200393	-0.0648327525375	0.0395802061152	-0.132249715614	-0.0368448936246	-0.0321193263379	0.00812361124686	-0.026433625974	-0.142749406346	-0.00953922422483	-0.0448126367778	0.0512341923195	-0.098193348382	-0.077664735218	-0.00367709815176	-0.0451627763671	-0.00899081871973	-0.0503337898695	-0.0471009495729	0.0731746523737	0.018049709621	0.085652709021	0.0650140895828
k__Bacteria;p__Actinobacteria;c__Actinobacteria;o__Bifidobacteriales;f__Bifidobacteriaceae;g__Bifidobacterium;s__Bifidobacterium_longum	-0.0616220434604	0.00609737599309	-0.0142701364815	-0.0178450995919	0.0144527097393	-0.0857775757503	0.0496398656639	0.0641621673327	-0.0779037271215	-0.00687388150679	-0.0545090161495	-0.0236049384882	-0.0828492686478	-0.00122688715271	-0.0967190066559	-0.0285507159162	-0.0470221277399	-0.0977382199295	0.021997770775	-0.142656402612	0.0244673822022	0.0345950578765	0.0344268638563	-0.0192507857731	-0.0491161793703	-0.0755912499924	-0.0473467588164	-0.0358702991624	-0.00535963671993	1.0	-0.0199983703602	0.0224539814842	0.0918092178005	-0.0557729190431	-0.0519247491316	-0.177667185607	-0.186666039209	-0.086355842518	0.0722324449096	0.0450859735479	-0.0682015999175	0.0524182309251	-0.0777757170475	-0.0983490400153	-0.0687034007271	-0.0470680959861	0.0882228476721	-0.0454246768361	0.0116793353547	-0.02093717546	0.0154653305618	-0.0532335403633	-0.0608652763937	-0.0256355690546	0.0482082306374	0.0525303055347	-0.122124575798	-0.0685539526019	-0.110160671842
