#taxonomy	k__Bacteria;p__Bacteroidetes;c__Bacteroidia;o__Bacteroidales;f__Bacteroidaceae;g__Bacteroides;s__Bacteroides_vulgatus	k__Bacteria;p__Bacteroidetes;c__Bacteroidia;o__Bacteroidales;f__Bacteroidaceae;g__Bacteroides;s__Bacteroides_uniformis	k__Bacteria;p__Bacteroidetes;c__Bacteroidia;o__Bacteroidales;f__Rikenellaceae;g__Alistipes;s__Alistipes_putredinis	k__Bacteria;p__Bacteroidetes;c__Bacteroidia;o__Bacteroidales;f__Prevotellaceae;g__Prevotella;s__Prevotella_copri	k__Bacteria;p__Bacteroidetes;c__Bacteroidia;o__Bacteroidales;f__Bacteroidaceae;g__Bacteroides;s__Bacteroides_stercoris	k__Bacteria;p__Bacteroidetes;c__Bacteroidia;o__Bacteroidales;f__Bacteroidaceae;g__Bacteroides;s__Bacteroides_ovatus	k__Bacteria;p__Bacteroidetes;c__Bacteroidia;o__Bacteroidales;f__Rikenellaceae;g__Alistipes;s__Alistipes_shahii	k__Bacteria;p__Firmicutes;c__Clostridia;o__Clostridiales;f__Ruminococcaceae;g__Faecalibacterium;s__Faecalibacterium_prausnitzii	k__Bacteria;p__Bacteroidetes;c__Bacteroidia;o__Bacteroidales;f__Rikenellaceae;g__Alistipes;s__Alistipes_finegoldii	k__Bacteria;p__Bacteroidetes;c__Bacteroidia;o__Bacteroidales;f__Porphyromonadaceae;g__Parabacteroides;s__Parabacteroides_distasonis	k__Bacteria;p__Bacteroidetes;c__Bacteroidia;o__Bacteroidales;f__Bacteroidaceae;g__Bacteroides;s__Bacteroides_thetaiotaomicron	k__Bacteria;p__Bacteroidetes;c__Bacteroidia;o__Bacteroidales;f__Bacteroidaceae;g__Bacteroides;s__Bacteroides_coprocola	k__Bacteria;p__Bacteroidetes;c__Bacteroidia;o__Bacteroidales;f__Bacteroidaceae;g__Bacteroides;s__Bacteroides_cellulosilyticus	k__Bacteria;p__Bacteroidetes;c__Bacteroidia;o__Bacteroidales;f__Rikenellaceae;g__Alistipes;s__Alistipes_obesi	k__Bacteria;p__Firmicutes;c__Clostridia;o__Clostridiales;f__Lachnospiraceae;g__;s__[Eubacterium]_rectale	k__Bacteria;p__Bacteroidetes;c__Bacteroidia;o__Bacteroidales;f__Bacteroidaceae;g__Bacteroides;s__Bacteroides_plebeius	k__Bacteria;p__Bacteroidetes;c__Bacteroidia;o__Bacteroidales;f__Bacteroidaceae;g__Bacteroides;s__Bacteroides_fragilis	k__Bacteria;p__Proteobacteria;c__Betaproteobacteria;o__Burkholderiales;f__Sutterellaceae;g__Sutterella;s__Sutterella_wadsworthensis	k__Bacteria;p__Bacteroidetes;c__Bacteroidia;o__Bacteroidales;f__Porphyromonadaceae;g__Barnesiella;s__Barnesiella_intestinihominis	k__Bacteria;p__Bacteroidetes;c__Bacteroidia;o__Bacteroidales;f__Odoribacteraceae;g__Odoribacter;s__Odoribacter_splanchnicus	k__Bacteria;p__Bacteroidetes;c__Bacteroidia;o__Bacteroidales;f__Bacteroidaceae;g__Bacteroides;s__Bacteroides_salyersiae	k__Bacteria;p__Firmicutes;c__Clostridia;o__Clostridiales;f__Ruminococcaceae;g__Ruminiclostridium;s__[Eubacterium]_siraeum	k__Bacteria;p__Proteobacteria;c__Betaproteobacteria;o__Burkholderiales;f__Sutterellaceae;g__Parasutterella;s__Parasutterella_excrementihominis	k__Bacteria;p__Actinobacteria;c__Actinobacteria;o__Bifidobacteriales;f__Bifidobacteriaceae;g__Bifidobacterium;s__Bifidobacterium_adolescentis	k__Bacteria;p__Firmicutes;c__Clostridia;o__Clostridiales;f__Oscillospiraceae;g__Oscillibacter;s__Oscillibacter_sp._KLE_1745	k__Bacteria;p__Bacteroidetes;c__Bacteroidia;o__Bacteroidales;f__Bacteroidaceae;g__Bacteroides;s__Bacteroides_coprophilus	k__Bacteria;p__Firmicutes;c__Clostridia;o__Clostridiales;f__Lachnospiraceae;g__Roseburia;s__Roseburia_intestinalis	k__Bacteria;p__Firmicutes;c__Clostridia;o__Clostridiales;f__Lachnospiraceae;g__Roseburia;s__Roseburia_hominis	k__Bacteria;p__Bacteroidetes;c__Bacteroidia;o__Bacteroidales;f__Porphyromonadaceae;g__Parabacteroides;s__Parabacteroides_johnsonii	k__Bacteria;p__Actinobacteria;c__Actinobacteria;o__Bifidobacteriales;f__Bifidobacteriaceae;g__Bifidobacterium;s__Bifidobacterium_longum	k__Bacteria;p__Firmicutes;c__Clostridia;o__Clostridiales;f__;g__Flavonifractor;s__Flavonifractor_plautii	k__Bacteria;p__Firmicutes;c__Clostridia;o__Clostridiales;f__Clostridiaceae;g__Clostridium;s__Clostridium_phoceensis	k__Bacteria;p__Verrucomicrobia;c__Verrucomicrobiae;o__Verrucomicrobiales;f__Akkermansiaceae;g__Akkermansia;s__Akkermansia_muciniphila	k__Bacteria;p__Bacteroidetes;c__Bacteroidia;o__Bacteroidales;f__Prevotellaceae;g__Paraprevotella;s__Paraprevotella_xylaniphila	k__Bacteria;p__Firmicutes;c__Clostridia;o__Clostridiales;f__Ruminococcaceae;g__Ruminococcus;s__Ruminococcus_callidus	k__Bacteria;p__Bacteroidetes;c__Bacteroidia;o__Bacteroidales;f__Rikenellaceae;g__Alistipes;s__Alistipes_senegalensis	k__Bacteria;p__Firmicutes;c__Clostridia;o__Clostridiales;f__Lachnospiraceae;g__Blautia;s__Blautia_sp._KLE_1732	k__Bacteria;p__Bacteroidetes;c__Bacteroidia;o__Bacteroidales;f__Bacteroidaceae;g__Bacteroides;s__Bacteroides_oleiciplenus	k__Bacteria;p__Firmicutes;c__Clostridia;o__Clostridiales;f__Ruminococcaceae;g__Ruminococcus;s__Ruminococcus_bicirculans	k__Bacteria;p__Bacteroidetes;c__Bacteroidia;o__Bacteroidales;f__Bacteroidaceae;g__Bacteroides;s__Bacteroides_fluxus	k__Bacteria;p__Bacteroidetes;c__Bacteroidia;o__Bacteroidales;f__Prevotellaceae;g__Prevotella;s__Prevotella_stercorea	k__Bacteria;p__Firmicutes;c__Clostridia;o__Clostridiales;f__Lachnospiraceae;g__Dorea;s__Dorea_longicatena	k__Bacteria;p__Firmicutes;c__Clostridia;o__Clostridiales;f__Eubacteriaceae;g__Eubacterium;s__[Eubacterium]_eligens	k__Bacteria;p__Firmicutes;c__Clostridia;o__Clostridiales;f__Ruminococcaceae;g__;s__Ruminococcaceae_bacterium_D16	k__Bacteria;p__Firmicutes;c__Clostridia;o__Clostridiales;f__Lachnospiraceae;g__Coprococcus;s__Coprococcus_comes	k__Bacteria;p__Proteobacteria;c__Gammaproteobacteria;o__Enterobacterales;f__Enterobacteriaceae;g__Escherichia;s__Escherichia_coli	k__Bacteria;p__Firmicutes;c__Clostridia;o__Clostridiales;f__Ruminococcaceae;g__Anaerotruncus;s__Anaerotruncus_colihominis	k__Bacteria;p__Firmicutes;c__Clostridia;o__Clostridiales;f__Lachnospiraceae;g__Blautia;s__Blautia_obeum	k__Bacteria;p__Bacteroidetes;c__Bacteroidia;o__Bacteroidales;f__Odoribacteraceae;g__Odoribacter;s__Odoribacter_laneus	k__Bacteria;p__Firmicutes;c__Clostridia;o__Clostridiales;f__Ruminococcaceae;g__Ruminiclostridium;s__[Clostridium]_leptum	k__Bacteria;p__Bacteroidetes;c__Bacteroidia;o__Bacteroidales;f__Porphyromonadaceae;g__Parabacteroides;s__Parabacteroides_goldsteinii	k__Bacteria;p__Firmicutes;c__Clostridia;o__Clostridiales;f__Lachnospiraceae;g__Anaerostipes;s__Anaerostipes_hadrus	k__Bacteria;p__Firmicutes;c__Clostridia;o__Clostridiales;f__Ruminococcaceae;g__Ruminococcus;s__Ruminococcus_lactaris	k__Bacteria;p__Firmicutes;c__Clostridia;o__Clostridiales;f__Clostridiaceae;g__Clostridium;s__Clostridium_sp._L2-50	k__Bacteria;p__Firmicutes;c__Clostridia;o__Clostridiales;f__Clostridiaceae;g__Clostridium;s__Clostridium_sp._M62/1	k__Bacteria;p__Firmicutes;c__Clostridia;o__Clostridiales;f__;g__Intestinimonas;s__Intestinimonas_butyriciproducens	k__Bacteria;p__Actinobacteria;c__Actinobacteria;o__Bifidobacteriales;f__Bifidobacteriaceae;g__Bifidobacterium;s__Bifidobacterium_bifidum	k__Bacteria;p__Firmicutes;c__Negativicutes;o__Veillonellales;f__Veillonellaceae;g__Dialister;s__Dialister_invisus	k__Bacteria;p__Bacteroidetes;c__Bacteroidia;o__Bacteroidales;f__Bacteroidaceae;g__Bacteroides;s__Bacteroides_salanitronis
k__Bacteria;p__Bacteroidetes;c__Bacteroidia;o__Bacteroidales;f__Bacteroidaceae;g__Bacteroides;s__Bacteroides_vulgatus	1.0	-0.0593283982112	-0.0600311074189	-0.00539012347945	-0.0528875937497	0.0196753558006	0.00725941285128	-0.0753233004404	-0.0999806144393	0.0335910717486	-0.0407692802036	-0.0623360437514	-0.0699306732512	0.0499761166751	0.00795253215699	-0.0465697702217	-0.0140624674814	-0.0160226148349	-0.121721794537	0.0575206212017	-0.133237723583	0.0542086569843	0.00577098592551	-0.0563218281911	-0.0633878624569	0.0737511665474	-0.0159562738326	-0.128867666769	-0.00106141663263	-0.0256569973232	-0.0104211581259	-0.0446841096282	0.0316919737284	-0.0976426252727	0.0768672320867	0.0638344036492	-0.0442044527289	-0.0658273656278	-0.0473849882751	-0.098348404312	-0.0562445709968	0.00496157314363	-0.027545693746	-0.00967102670461	0.0579159478774	-0.0811505134037	-0.0755608297624	0.070933294877	-0.0157810175062	0.0184724901968	-0.0740641248061	0.0544793788069	0.0160532729274	-0.0863188605553	-0.099569037747	0.020777458258	-0.0780463403303	8.95117370829e-05	-0.00182190515167
k__Bacteria;p__Bacteroidetes;c__Bacteroidia;o__Bacteroidales;f__Bacteroidaceae;g__Bacteroides;s__Bacteroides_uniformis	-0.0593283982112	1.0	-0.0255876661565	0.0353496862144	-0.0298272091643	0.0258086161868	-0.00704305953444	-0.0535040668051	0.00140381037086	-0.0272831611039	-0.0718552269345	-0.0819021328746	-0.0109558181841	-0.0296167251119	-0.0275104918468	0.0549231372089	0.139145310608	-0.146566489756	0.0120281492319	-0.132390249842	-0.0261298437314	-0.0226199424321	-0.116596874684	-0.111629959087	0.0490165759787	-0.0564039527438	0.0450631654905	-0.0979416112468	-0.025090665809	-0.0674020874485	-0.0635672754915	-0.00682117657108	0.0522501178504	-0.0413306619252	-0.00432185988665	-0.116391598402	-0.0203483854687	-0.0478936124902	0.0495965393802	-0.0318883700314	-0.0165867225626	-0.180719974783	0.0684250630626	-0.0462404102657	0.0122823061125	-0.0581443681772	0.0404953490152	-0.0275240118379	-0.108512846575	0.00359868305677	-9.81840807605e-05	-0.113560248065	-0.0946832204337	-0.0358470546491	0.0521868508857	-0.0629949716973	-0.0148770552362	0.0498714110313	-0.0466741727575
k__Bacteria;p__Bacteroidetes;c__Bacteroidia;o__Bacteroidales;f__Rikenellaceae;g__Alistipes;s__Alistipes_putredinis	-0.0600311074189	-0.0255876661565	1.0	-0.00855317371835	-0.0602675622497	-0.0527456788771	-0.085402890732	-0.061693253304	-0.0314048297141	0.0062699789448	-0.188766464694	0.0217867060364	-0.0471492324039	-0.0235133706921	-0.13214632739	-0.0551257108979	-0.0855933932779	0.0120746207909	0.0015827101965	-0.0360866933179	0.0321402874443	0.0463319383605	-0.113968732193	-0.0419541777442	-0.0539490011441	-0.0448908430278	0.0626702077034	0.0891750667754	-0.0459496731587	0.0129808482946	-0.00740623998691	-0.0392839842267	0.0383515760138	0.0592102882239	-0.0632398479842	0.0315938605629	-0.0860377505593	-0.135003736122	-0.0379591859238	-0.210509468307	0.000661012450901	-0.0919522755374	0.0305078427859	-0.116783478191	-0.0103102239001	-0.111047973645	-0.00726872850633	-0.0480162121973	-0.0403928896194	0.0369262000278	0.0376103444726	-0.0856275781644	0.00193542273238	0.0178828987769	0.0481645082865	0.0333706199959	-0.113078936697	-0.0659960563079	0.0179052341833
k__Bacteria;p__Bacteroidetes;c__Bacteroidia;o__Bacteroidales;f__Prevotellaceae;g__Prevotella;s__Prevotella_copri	-0.00539012347945	0.0353496862144	-0.00855317371835	1.0	-0.0811089746974	-0.0529819355324	-0.128171363644	-0.0156546453121	0.0620062606151	0.009791979271	-0.0123598552142	-0.0726183218733	-0.0598393094567	-0.129861883473	-0.0856932030456	-0.10436129991	-0.0313839567422	-0.0688351929073	-0.093455213423	-0.0835565250801	0.0107165763916	-0.0321917997881	-0.0369094032486	0.0253995251696	0.102196034476	0.0435169506317	-0.0492216459334	-0.0547809726813	0.0076370993277	-0.112360946688	0.0218307275837	-0.025282016151	0.0316200616185	0.0114777568587	-0.0751010858068	-0.0470049397182	-0.120209878674	-0.0125745178513	-0.0682228764981	-0.0988508689071	-0.011454267615	-0.00899537218774	0.030340029749	0.0136886568262	-0.0583221419657	0.0176051435343	0.0478990434491	-0.0490665128836	-0.169413626841	0.0290022477561	0.0523477798178	-0.0290350688892	-0.0532498305327	-0.00671945154383	-0.0185186150039	-0.0298777254071	0.003287232264	-0.103942032388	-0.0393115186217
k__Bacteria;p__Bacteroidetes;c__Bacteroidia;o__Bacteroidales;f__Bacteroidaceae;g__Bacteroides;s__Bacteroides_stercoris	-0.0528875937497	-0.0298272091643	-0.0602675622497	-0.0811089746974	1.0	0.110730090324	0.0180425285361	-0.00914810430013	0.105398604595	0.0306643934958	-0.0696734784928	-0.00513701680141	-0.038472395602	-0.0255049811244	0.0203124524346	-0.0181074067811	0.00795147382985	-0.152520171337	-0.0459395054554	-0.0973695664688	-0.00998824267858	-0.0963390739776	0.0108916315223	-0.00997242452382	-0.179026225184	-0.184271662429	-0.0173294692267	-0.0633779896479	0.0143681472308	-0.0676306844293	-0.0308403471289	-0.0500700303038	-0.106270352673	-0.094800330179	0.0306896436381	0.145807848267	0.0412866061641	-0.0111585841483	-0.106984593433	-0.00133204998217	-0.0212052819122	-0.011487643528	-0.00573932506265	-0.0112499013483	-0.147533803364	0.0720144550064	-0.124352902892	-0.0148999219826	-0.0144815952165	-0.0121578188555	-0.0600015157204	-0.0756498311395	-0.0170128925619	-0.0125506729795	-0.149269923934	0.035486446955	-0.0559666646857	-0.0820824175213	-0.0297165697064
k__Bacteria;p__Bacteroidetes;c__Bacteroidia;o__Bacteroidales;f__Bacteroidaceae;g__Bacteroides;s__Bacteroides_ovatus	0.0196753558006	0.0258086161868	-0.0527456788771	-0.0529819355324	0.110730090324	1.0	0.0615595567608	-0.137694004723	-0.0432272558501	-0.0701414999845	0.0202830920061	-0.00320372056687	-0.056969670208	0.0304598146827	0.0072509087304	-0.0789818456694	-0.0860904387173	-0.0639553651097	0.0313806159214	-0.0186519213403	-0.0387094512248	0.0159584611281	-0.0381834570643	0.0155401294247	0.0560583377159	0.00123088006395	-0.0540202774369	-0.11218011231	-0.0369942994827	-0.120595252431	-0.0189101085137	-0.0525334733764	-0.0374223700017	0.0277411100991	-0.0158853645294	0.103494526162	0.0259522585503	-0.0594896849796	-0.0825085857895	0.0414280098093	-0.127238495196	-0.04064019855	0.048920355213	-0.0675789445948	-0.0022328133036	-0.0838034005068	-0.042079265104	-0.0106581055863	-0.11427792111	-0.0508172978957	-0.0313669006656	-0.0856741162667	0.0385125335094	0.0340686962488	0.00557497702544	0.00791292281031	-0.0796877300598	-0.0218594607642	0.0293670718992
k__Bacteria;p__Bacteroidetes;c__Bacteroidia;o__Bacteroidales;f__Rikenellaceae;g__Alistipes;s__Alistipes_shahii	0.00725941285128	-0.00704305953444	-0.085402890732	-0.128171363644	0.0180425285361	0.0615595567608	1.0	-0.0682357543575	-0.0493907601098	0.026508822093	-0.0397961124991	0.0493239063357	-0.00230236225535	-0.102749651984	0.0330977365464	0.0195189613018	-0.0697402690865	0.0403704494575	-0.089508893266	-0.0310842019416	-0.0284931184806	0.0636793722933	0.0179760679344	-0.0209606162123	-0.0489402840421	-0.0102810733767	-0.095059088741	-0.0570283747525	-0.0326250678143	-0.0258780060183	0.0880610041952	-0.0365058771278	0.0356714685967	0.018010685074	0.136208373859	-0.0885098536433	0.0252299015461	0.0299737025846	-0.129160559965	0.0412226675193	0.00113545577179	-0.0548673846245	-0.0471440434828	-0.0828701891662	-0.00739461817881	0.0576875602225	-0.110244978627	-0.0310514915134	-0.0310071390114	-0.00968077430078	-0.0385326888066	0.0904776454077	-0.0637220429735	-0.0302104287355	-0.0157105813163	-0.0705680167941	0.0762003811287	0.0100887790807	0.0425916769377
k__Bacteria;p__Firmicutes;c__Clostridia;o__Clostridiales;f__Ruminococcaceae;g__Faecalibacterium;s__Faecalibacterium_prausnitzii	-0.0753233004404	-0.0535040668051	-0.061693253304	-0.0156546453121	-0.00914810430013	-0.137694004723	-0.0682357543575	1.0	-0.0481462972898	0.0153454098609	-0.0492288422985	0.0660796775592	-0.112471634719	-0.0776058899671	-0.113354937869	-0.0902397677961	-0.0432559125961	-0.0459907986954	-0.0263265962945	-0.0618211279929	-0.0624222666793	0.0346840454954	0.143921498607	0.0125593211686	-0.000255075243177	-0.0994371257993	-0.036344178484	0.0272863591413	-0.0402507846603	-0.0352663952395	0.108481967354	-0.035621402843	-0.0529213680881	0.0398502092912	-0.0970448236769	-0.117873131478	-0.0292550231483	0.0560328247188	0.00148340592436	0.0203682403831	0.0447463179763	-0.114805091959	-0.0913715311628	-0.0994169236557	0.0562317766172	-0.0561783778944	0.058756190215	-0.0402420662561	-0.0698444554362	-0.041612045416	0.016239984263	0.00972889503302	-0.0536471265385	-0.00874201239637	0.0263923307347	-0.0398720859114	-0.0797677833318	-0.00498246652003	-0.169870118803
k__Bacteria;p__Bacteroidetes;c__Bacteroidia;o__Bacteroidales;f__Rikenellaceae;g__Alistipes;s__Alistipes_finegoldii	-0.0999806144393	0.00140381037086	-0.0314048297141	0.0620062606151	0.105398604595	-0.0432272558501	-0.0493907601098	-0.0481462972898	1.0	-0.00352498393569	-0.0146351971815	0.0349688343995	-0.163854712385	0.00467457756245	-0.0275391666839	-0.0871641299265	-0.0221655753281	-0.101944112592	0.0159430287205	-0.0411760326717	0.00969661573038	-0.0551072517129	-0.0552164170394	-0.0877907557271	-0.00746831422396	0.0228033720883	0.0183453245136	0.0612759670013	-0.00476825924744	-0.110697489854	0.042227654369	-0.108083256785	0.0020296829805	-0.048273732166	-0.14044686712	-0.0783261490169	-0.0122115002963	-0.104227568742	0.007368808998	-0.0153787109628	-0.086434712063	-0.0683403946381	-0.0506544646443	0.120585186573	-0.0800430485821	-0.0270716710443	-0.0171658740492	-0.0254566587196	0.0366106672617	-0.0881218640967	-0.0465083038781	-0.0691157224188	-0.0932723560227	0.00696087058416	-0.0601839563798	0.0132163347515	-0.0556686799611	-0.0363445378119	0.0705895885412
k__Bacteria;p__Bacteroidetes;c__Bacteroidia;o__Bacteroidales;f__Porphyromonadaceae;g__Parabacteroides;s__Parabacteroides_distasonis	0.0335910717486	-0.0272831611039	0.0062699789448	0.009791979271	0.0306643934958	-0.0701414999845	0.026508822093	0.0153454098609	-0.00352498393569	1.0	-0.00185752966221	-0.122518759358	-0.110633033755	0.099362428923	-0.132285324899	-0.0401417087296	0.0707005040925	0.0383748031839	-0.0607820841304	-0.0457256886617	0.125922641068	0.0367117664234	-0.0185696743008	0.102211619431	-0.0205891775681	-0.09378855567	0.0132760848827	-0.102058603645	-0.0184127627858	0.0109242902425	0.0142832220543	0.10859831378	-0.067248580202	-0.0586001258925	-0.0450209536552	0.00186137660436	-0.064009204746	-0.0552191541537	0.0549202186951	-0.00897640621529	-0.163527331319	-0.013679194452	-0.053730174363	-0.121020923497	-0.0289323277484	-0.106184493131	-0.124035811881	-0.0757508880306	0.0113102053707	-0.207097648736	-0.0107961306868	-0.0218289429694	-0.0532228655947	0.00990923095127	-0.000956865440446	0.0495497075706	0.00429829368756	-0.0584068989485	0.00783346498939
k__Bacteria;p__Bacteroidetes;c__Bacteroidia;o__Bacteroidales;f__Bacteroidaceae;g__Bacteroides;s__Bacteroides_thetaiotaomicron	-0.0407692802036	-0.0718552269345	-0.188766464694	-0.0123598552142	-0.0696734784928	0.0202830920061	-0.0397961124991	-0.0492288422985	-0.0146351971815	-0.00185752966221	1.0	-0.126371333883	0.00477185305898	-0.0639539434123	0.0719279555055	0.00253132859314	-0.070677710576	-0.0621190199328	-0.0952413657546	-0.0807241973008	-0.0238338467639	-0.0736454682945	0.108275756317	-0.0131784806551	-1.01797932724e-05	-0.106027774565	-0.0482783029737	-0.0153138054784	-0.0975545708685	0.095948893163	-0.0465521318864	0.0774457611809	-0.000858523939465	-0.0275387679127	-0.0817167402356	-0.0116609608861	-0.0459273308131	-0.0824079054252	0.0460090475505	0.0232859383133	-0.0814269103287	-0.0272495781588	-0.0272844774749	0.0416301842514	0.00665864463816	0.0458504413189	-0.0953147462442	-0.0019632181961	-0.0409515643962	0.0489650237548	-0.0235226175933	-0.057642343288	0.0526241637259	-0.0420747939783	-0.0905482249856	0.000457822829194	-0.023476091027	-0.0149343315075	0.00810356016103
k__Bacteria;p__Bacteroidetes;c__Bacteroidia;o__Bacteroidales;f__Bacteroidaceae;g__Bacteroides;s__Bacteroides_coprocola	-0.0623360437514	-0.0819021328746	0.0217867060364	-0.0726183218733	-0.00513701680141	-0.00320372056687	0.0493239063357	0.0660796775592	0.0349688343995	-0.122518759358	-0.126371333883	1.0	-0.126268939097	-0.0788000680337	0.132424910821	-0.104179941406	-0.0370518120672	-0.13333003773	-0.00164263364177	-0.0904684399126	-0.0820521974339	-0.019354623692	0.00648722993965	-0.016782165921	0.00496276553674	-0.0146447918241	-0.0523821769859	0.0279467899678	0.0739428136953	-0.0129756723799	0.0814236258404	-0.138813022192	-0.0425629543281	-0.0137204521853	0.039659029546	-0.141869558426	-0.0164462055282	-0.0475497438951	-0.0273909493431	-0.0448276765746	-0.0910293581899	-0.103018216966	0.0411423034446	-0.0518761665895	-0.023341174754	0.0568665646429	0.0516669914101	-0.0552080637135	-0.0091619230585	-0.0927548636801	-0.0116158659088	-0.164816431512	0.0219631758053	0.00224195567846	0.0609653784584	0.0225246603634	0.0204121126478	-0.0169235165093	0.0962453517474
k__Bacteria;p__Bacteroidetes;c__Bacteroidia;o__Bacteroidales;f__Bacteroidaceae;g__Bacteroides;s__Bacteroides_cellulosilyticus	-0.0699306732512	-0.0109558181841	-0.0471492324039	-0.0598393094567	-0.038472395602	-0.056969670208	-0.00230236225535	-0.112471634719	-0.163854712385	-0.110633033755	0.00477185305898	-0.126268939097	1.0	0.00655268700971	-0.0162263869701	0.0991010602851	0.0229592751793	-0.0937543981636	-0.0522261497962	-0.030236069975	-0.0519074030931	0.00980286319425	-0.0362211364198	-0.0624044578306	-0.0436705358864	0.0293861098368	-0.06572891009	0.0378753148212	-0.0525749154879	-0.015802037596	0.00360407260173	0.0403346149058	-0.101977615129	0.0238248746167	-0.00867102504131	-0.109781981349	-0.0996706814953	-0.0138107705696	-0.0558687655097	-0.133380787829	-0.00303455681908	-0.0117334017393	0.0147273540232	0.0324761292085	-0.126714084391	-0.122748078351	-0.0318641738885	-0.0167540544857	-0.0424199783378	0.101901687978	-0.00450394545292	0.0237869203504	0.0194830586746	0.0550834843248	0.0539580894598	-0.0226202236683	-0.0486510052697	0.0459188100543	0.00898215402082
k__Bacteria;p__Bacteroidetes;c__Bacteroidia;o__Bacteroidales;f__Rikenellaceae;g__Alistipes;s__Alistipes_obesi	0.0499761166751	-0.0296167251119	-0.0235133706921	-0.129861883473	-0.0255049811244	0.0304598146827	-0.102749651984	-0.0776058899671	0.00467457756245	0.099362428923	-0.0639539434123	-0.0788000680337	0.00655268700971	1.0	-0.0468036224311	0.0428290058887	-0.149568584293	0.0244894713023	0.0395844433618	-0.122661114191	-0.089395795546	-0.0736135518765	-0.0394626550459	0.0152453953792	0.0213493165609	-0.059145391632	-0.0174187381286	-0.0810935962303	0.0313338474919	-0.0328351334885	-0.0049840835598	0.0259831767108	-0.00142448969434	-0.0878682222203	-0.0967040063962	-0.107028180972	-0.133782255023	-0.00244528581326	-0.0507187312516	-0.0544642749403	-0.0681134356706	0.0840647880777	0.0674216608949	-0.0366222192462	0.0759711907528	0.0171416339634	-0.0255668435426	-0.0580722504967	-0.0552654586222	-0.0859634861543	-0.0249459016934	0.0197546753417	0.0304228518613	0.0298220661989	0.0248766928069	0.068460245035	-0.0286051227089	0.022616335526	-0.000545922343919
k__Bacteria;p__Firmicutes;c__Clostridia;o__Clostridiales;f__Lachnospiraceae;g__;s__[Eubacterium]_rectale	0.00795253215699	-0.0275104918468	-0.13214632739	-0.0856932030456	0.0203124524346	0.0072509087304	0.0330977365464	-0.113354937869	-0.0275391666839	-0.132285324899	0.0719279555055	0.132424910821	-0.0162263869701	-0.0468036224311	1.0	0.0600049265183	-0.0797274591827	0.105828773736	-0.0306946861346	-0.023006183738	-0.151917866922	-0.0748675792544	-0.00918751417695	-0.0067291213681	0.002290700048	-0.000667028711394	-0.0950960615305	-0.00904284948662	0.0440526476647	0.0524429891762	0.00532754169103	-0.0752747339215	-0.0822936269635	-0.0371614309231	0.0802653680535	-0.101923450977	0.0865181927484	0.0316711169729	-0.0986023680931	-0.023527101443	0.0486242311497	0.0147645100316	-0.161567892319	-0.0113662073149	-0.0951768576699	0.0830304288421	-0.000524280084048	-0.0382484502825	-0.0318326409833	-0.163818726311	-0.0783742997416	0.0469150392105	0.0348430759133	-0.0382058257329	0.0108893067452	0.0296507801857	-0.0698562890415	0.0124703504378	-0.0399540736124
k__Bacteria;p__Bacteroidetes;c__Bacteroidia;o__Bacteroidales;f__Bacteroidaceae;g__Bacteroides;s__Bacteroides_plebeius	-0.0465697702217	0.0549231372089	-0.0551257108979	-0.10436129991	-0.0181074067811	-0.0789818456694	0.0195189613018	-0.0902397677961	-0.0871641299265	-0.0401417087296	0.00253132859314	-0.104179941406	0.0991010602851	0.0428290058887	0.0600049265183	1.0	-0.0490368484321	-0.000146457391717	-0.02313757465	0.0840043802856	-0.0694882233449	0.0739148775372	-0.0427734435205	-0.0593356181556	0.0349848525862	-0.0835958047271	-0.120334676655	0.0300906500831	0.067752914517	-0.0719565847697	-0.0839782213867	0.0129734458366	-0.0870284272012	0.0907628983764	0.0231002989134	-0.0936622577946	0.0183442787003	-0.0549419428582	-0.135814633167	-0.00533365758007	-0.0802901699245	0.0660748000571	-0.0209664257964	-0.0965903744072	-0.10498149462	-0.028372591817	-0.01834842731	-0.119862980543	-0.0271499336574	-0.0450605977888	0.010519238841	0.0695334767264	-0.0475674079867	-0.0639420075847	-0.0444965081213	0.0475898635165	0.00693305953439	-0.0879337944443	-0.00765223302263
k__Bacteria;p__Bacteroidetes;c__Bacteroidia;o__Bacteroidales;f__Bacteroidaceae;g__Bacteroides;s__Bacteroides_fragilis	-0.0140624674814	0.139145310608	-0.0855933932779	-0.0313839567422	0.00795147382985	-0.0860904387173	-0.0697402690865	-0.0432559125961	-0.0221655753281	0.0707005040925	-0.070677710576	-0.0370518120672	0.0229592751793	-0.149568584293	-0.0797274591827	-0.0490368484321	1.0	-0.0695301899389	-0.10848063564	0.0416222698385	0.00862053315935	0.00790001782953	-0.0039409495193	-0.0346317481846	-0.0457335206363	-0.0617593941705	-0.0352048222792	-0.0383128921232	-0.0523665418075	-0.0825009299693	0.0450976375689	-0.0269969795748	-0.0596437659164	-0.0462419541619	0.0539922162413	-0.0360638202997	-0.0687239401605	-0.0714983616232	0.00684613619086	0.00281427283464	0.0180265154668	0.0612175364677	0.0847677543224	-0.0581619309881	0.00705847399549	-0.145579902251	-0.0443484424906	0.0298908272896	-0.00485985026657	-0.0616414484151	0.130613250036	-0.00980657569588	-0.0327164501704	0.0083643418542	-0.112397392482	0.0287421428742	0.0921516554903	-0.0582057589116	-0.0312048018901
k__Bacteria;p__Proteobacteria;c__Betaproteobacteria;o__Burkholderiales;f__Sutterellaceae;g__Sutterella;s__Sutterella_wadsworthensis	-0.0160226148349	-0.146566489756	0.0120746207909	-0.0688351929073	-0.152520171337	-0.0639553651097	0.0403704494575	-0.0459907986954	-0.101944112592	0.0383748031839	-0.0621190199328	-0.13333003773	-0.0937543981636	0.0244894713023	0.105828773736	-0.000146457391717	-0.0695301899389	1.0	0.0262915855853	-0.0750750604922	-0.0351482481133	0.0962018512782	-0.0180630233161	0.0137886131176	-0.0889432761219	0.0700682936398	0.0259124573742	-0.0802056488045	-0.0624295275798	-0.0316384169241	0.0632443365962	-0.0316767378879	-0.0500447045578	-0.0731473900058	-0.0915235512827	0.004712532241	-0.055589599552	0.0444488227905	-0.0110198484025	-0.0106993957851	0.0988961772587	-0.00707812691769	-0.0415725127037	-0.0318718845458	-0.0176767326074	-0.0277095314201	-0.0930240910087	0.0242103914599	-0.0408408335296	-0.0958506773578	-0.18051942127	-0.0513771619984	-0.0124787284566	0.0598307198256	0.00805942061498	0.0312734726086	-0.0451948587633	-0.00804965658083	0.00492840143659
k__Bacteria;p__Bacteroidetes;c__Bacteroidia;o__Bacteroidales;f__Porphyromonadaceae;g__Barnesiella;s__Barnesiella_intestinihominis	-0.121721794537	0.0120281492319	0.0015827101965	-0.093455213423	-0.0459395054554	0.0313806159214	-0.089508893266	-0.0263265962945	0.0159430287205	-0.0607820841304	-0.0952413657546	-0.00164263364177	-0.0522261497962	0.0395844433618	-0.0306946861346	-0.02313757465	-0.10848063564	0.0262915855853	1.0	0.0575391674836	-0.067254651327	-0.0633111400644	0.0472338258794	0.0152133043812	0.0548002661396	-0.090635647298	0.00190370399236	-0.0636727487463	0.0176204123887	-0.0387943338933	0.0637998365444	-0.0711097914479	-0.0211547127712	0.0249618838147	-0.0688627159043	-0.00442697891164	-0.0466995691214	-0.158053276555	0.0230967306335	-0.0276654646753	-0.0153161222573	-0.161381678836	0.0119780987021	0.0221976408893	-0.0115785323266	-0.0416405312178	-0.038806449432	-0.0345380472871	-0.101762415364	-0.103127549054	-0.0938186414156	-0.030401630391	-0.0731931374338	-0.0666432327835	0.0857132161808	0.0241122572958	-0.0672233197615	-0.0820427626307	0.0185677283795
k__Bacteria;p__Bacteroidetes;c__Bacteroidia;o__Bacteroidales;f__Odoribacteraceae;g__Odoribacter;s__Odoribacter_splanchnicus	0.0575206212017	-0.132390249842	-0.0360866933179	-0.0835565250801	-0.0973695664688	-0.0186519213403	-0.0310842019416	-0.0618211279929	-0.0411760326717	-0.0457256886617	-0.0807241973008	-0.0904684399126	-0.030236069975	-0.122661114191	-0.023006183738	0.0840043802856	0.0416222698385	-0.0750750604922	0.0575391674836	1.0	0.0891969436452	-0.0275718213903	-0.00472130272617	-0.00218778074846	0.141242080107	-0.0717413034056	-0.106829473365	-0.0151010174843	0.0206921619273	-0.0486027682754	-0.112676804236	-0.0909076454271	0.0100140985312	-0.094773623083	0.0558896210369	-0.0759107146052	-0.0323754817765	-0.13473408372	-0.0682347423301	-0.0165194870985	0.0506746742144	-0.00621814542035	-0.127263474443	-0.0186030969506	0.00590716110391	-0.0965804818121	0.00445414304383	0.0860951885167	-0.0220617862622	-0.0463104252869	-0.0912413082066	0.0093052561222	-0.1052414818	-0.12924024052	-0.0348226228181	0.028441812722	-0.0356951413584	0.00335246637224	0.0263019504928
k__Bacteria;p__Bacteroidetes;c__Bacteroidia;o__Bacteroidales;f__Bacteroidaceae;g__Bacteroides;s__Bacteroides_salyersiae	-0.133237723583	-0.0261298437314	0.0321402874443	0.0107165763916	-0.00998824267858	-0.0387094512248	-0.0284931184806	-0.0624222666793	0.00969661573038	0.125922641068	-0.0238338467639	-0.0820521974339	-0.0519074030931	-0.089395795546	-0.151917866922	-0.0694882233449	0.00862053315935	-0.0351482481133	-0.067254651327	0.0891969436452	1.0	-0.0264688387328	-0.0605668870365	0.027421442619	0.0359746979781	0.0766321974102	-0.057236875592	0.0294000051627	0.0237822199634	-0.0319292253067	0.0922148152326	0.0839477836732	0.0325384085584	-0.0141861479303	-0.00581826944001	-0.0721188464669	-0.129370549201	-0.0343030681133	-0.0790964251165	0.0502891922603	0.00801619451703	0.0148493680343	-0.0311003345048	-0.0991028685163	-0.11035791756	-0.0326314085566	-0.0468333679627	-0.0588982854568	-0.0247645089072	-0.08408188425	0.0402305522619	-0.0644376109938	-0.0291121159359	-0.0199515786164	-0.0629311138561	0.0203691092693	-0.156308901555	0.00369804076732	-0.0454071609808
k__Bacteria;p__Firmicutes;c__Clostridia;o__Clostridiales;f__Ruminococcaceae;g__Ruminiclostridium;s__[Eubacterium]_siraeum	0.0542086569843	-0.0226199424321	0.0463319383605	-0.0321917997881	-0.0963390739776	0.0159584611281	0.0636793722933	0.0346840454954	-0.0551072517129	0.0367117664234	-0.0736454682945	-0.019354623692	0.00980286319425	-0.0736135518765	-0.0748675792544	0.0739148775372	0.00790001782953	0.0962018512782	-0.0633111400644	-0.0275718213903	-0.0264688387328	1.0	-0.0922528626851	-0.0777471984938	-0.0225744976381	0.0135479927054	-0.00793751098882	-0.0713815227704	0.00958095238895	-0.0361158891861	-0.0249421506902	-0.0479105051325	-0.0884259254309	-0.011001329226	-0.0624576258903	-0.0445265080059	-0.0106505030813	0.0223095928903	-0.145326162114	0.0680335033086	-0.108860657024	0.0330484337746	-0.0874614733417	-0.0264668778737	-0.0613950633141	0.0824725424964	0.0583429606133	-0.0115031913963	0.0308407203185	-0.00180279933291	0.00132328113972	-0.0757994782231	-0.068992681939	0.0894711268679	-0.0629288935843	0.0137789210633	-0.0390725385282	-0.126324323132	-0.000317487611949
k__Bacteria;p__Proteobacteria;c__Betaproteobacteria;o__Burkholderiales;f__Sutterellaceae;g__Parasutterella;s__Parasutterella_excrementihominis	0.00577098592551	-0.116596874684	-0.113968732193	-0.0369094032486	0.0108916315223	-0.0381834570643	0.0179760679344	0.143921498607	-0.0552164170394	-0.0185696743008	0.108275756317	0.00648722993965	-0.0362211364198	-0.0394626550459	-0.00918751417695	-0.0427734435205	-0.0039409495193	-0.0180630233161	0.0472338258794	-0.00472130272617	-0.0605668870365	-0.0922528626851	1.0	-0.0619761183196	-0.0285115499407	-0.0820572680313	0.00598020169295	0.0702888425421	-0.0770069590018	-0.0834796981489	-0.0877523855219	-0.0454315409489	-0.111342923252	-0.0693978627517	-0.0441025157025	-0.00896372326769	0.0435185994584	-0.0417904642599	-0.0108132008495	0.0527705283363	-0.00303815110961	-0.0171341794563	-0.116525553857	-0.0334145927523	0.0554117925552	-0.0133379390777	-0.0203047635429	0.101051341827	-0.0131700477463	-0.162932588553	-0.0817457838654	-0.00198274130187	-0.0325418891757	-0.0146753811274	0.0677775217071	-0.0522765990806	-0.0113574122994	-0.067746316064	-0.00217429778387
k__Bacteria;p__Actinobacteria;c__Actinobacteria;o__Bifidobacteriales;f__Bifidobacteriaceae;g__Bifidobacterium;s__Bifidobacterium_adolescentis	-0.0563218281911	-0.111629959087	-0.0419541777442	0.0253995251696	-0.00997242452382	0.0155401294247	-0.0209606162123	0.0125593211686	-0.0877907557271	0.102211619431	-0.0131784806551	-0.016782165921	-0.0624044578306	0.0152453953792	-0.0067291213681	-0.0593356181556	-0.0346317481846	0.0137886131176	0.0152133043812	-0.00218778074846	0.027421442619	-0.0777471984938	-0.0619761183196	1.0	-0.141501272689	-0.0892444886656	-0.07945830861	0.00271960464558	0.0435605049007	-0.0935763962032	-0.0443512455711	-0.0065029594622	0.0101433142781	-0.0762553776007	0.0349429098027	0.00727876487901	0.0604822115411	0.0474264485368	-0.0397586383139	-0.0306088818032	0.0178963533363	0.0388071252347	0.0637005859273	-0.0208876013765	-0.0510698095891	0.0344043355168	-0.022342346192	-0.05692962016	-0.031482671579	-0.0608875472271	-0.00729330989251	-0.0990524655153	-0.0843446556154	-0.101496510812	0.0697061270381	-0.0631887081391	0.0548635255677	-0.0523132797599	-0.0518513235829
k__Bacteria;p__Firmicutes;c__Clostridia;o__Clostridiales;f__Oscillospiraceae;g__Oscillibacter;s__Oscillibacter_sp._KLE_1745	-0.0633878624569	0.0490165759787	-0.0539490011441	0.102196034476	-0.179026225184	0.0560583377159	-0.0489402840421	-0.000255075243177	-0.00746831422396	-0.0205891775681	-1.01797932724e-05	0.00496276553674	-0.0436705358864	0.0213493165609	0.002290700048	0.0349848525862	-0.0457335206363	-0.0889432761219	0.0548002661396	0.141242080107	0.0359746979781	-0.0225744976381	-0.0285115499407	-0.141501272689	1.0	-0.0823678521145	-0.00725603860812	0.0515390054618	0.00026913525933	-0.0800193087252	-0.028697705657	-0.0165068173237	0.00149850462031	-0.0325696802201	-0.092456221313	-0.0776342912774	-0.0391163740814	0.116168369063	0.000739729560516	-0.144373425792	-0.0188814708769	-0.0799688350305	0.00170803239643	-0.0142647605709	0.0520114534595	-0.173080397638	0.0765454323354	-0.104556258315	-0.0145703662252	-0.0496208865999	0.0439439678599	-0.0713068180143	0.0468926674059	-0.0743371237947	-0.168287690513	-0.0553434591436	-0.0196774248755	-0.0201890088271	0.0235176091103
k__Bacteria;p__Bacteroidetes;c__Bacteroidia;o__Bacteroidales;f__Bacteroidaceae;g__Bacteroides;s__Bacteroides_coprophilus	0.0737511665474	-0.0564039527438	-0.0448908430278	0.0435169506317	-0.184271662429	0.00123088006395	-0.0102810733767	-0.0994371257993	0.0228033720883	-0.09378855567	-0.106027774565	-0.0146447918241	0.0293861098368	-0.059145391632	-0.000667028711394	-0.0835958047271	-0.0617593941705	0.0700682936398	-0.090635647298	-0.0717413034056	0.0766321974102	0.0135479927054	-0.0820572680313	-0.0892444886656	-0.0823678521145	1.0	-0.0466101069708	-0.113633403763	0.0070259184941	0.0825549868751	-0.0478881457634	-0.0412356699742	-0.0043470992748	0.0280896059437	0.00936310744971	-0.0298329752512	0.0361836215106	-0.081786810672	-0.0684547059629	0.173107700574	-0.0234431253792	-0.031744228331	-0.135648797366	-0.10500252178	-0.00815345907023	-0.166837452392	-0.0916689280832	0.0639838313133	-0.124504362661	0.0254498215231	-0.0528424389736	-0.0092583612428	-0.105554280773	-0.00718323584571	-0.0547777289254	-0.101331136437	0.00325744665526	-0.047711974675	0.0259090750683
k__Bacteria;p__Firmicutes;c__Clostridia;o__Clostridiales;f__Lachnospiraceae;g__Roseburia;s__Roseburia_intestinalis	-0.0159562738326	0.0450631654905	0.0626702077034	-0.0492216459334	-0.0173294692267	-0.0540202774369	-0.095059088741	-0.036344178484	0.0183453245136	0.0132760848827	-0.0482783029737	-0.0523821769859	-0.06572891009	-0.0174187381286	-0.0950960615305	-0.120334676655	-0.0352048222792	0.0259124573742	0.00190370399236	-0.106829473365	-0.057236875592	-0.00793751098882	0.00598020169295	-0.07945830861	-0.00725603860812	-0.0466101069708	1.0	-0.100752163474	-0.0856116666087	0.0548131445177	-0.00828575902384	-0.0635540715204	-0.0207425975756	0.0937937126384	0.0396169425987	-0.0530294712746	-0.0150603495165	0.0242265340917	0.0724374943216	-0.0329641380828	-0.043774650935	-0.0182163935878	-0.000415971701187	-0.0921006449659	0.075703697186	-0.0631224783155	0.0161197845714	-0.0659544927835	-0.0609413379679	0.169669325067	-0.0712735513751	-0.0225382242948	-0.00946154664362	0.0894157649115	0.0465813538017	0.0218604548197	0.0409844523347	-0.0474903877699	-0.00193112190121
k__Bacteria;p__Firmicutes;c__Clostridia;o__Clostridiales;f__Lachnospiraceae;g__Roseburia;s__Roseburia_hominis	-0.128867666769	-0.0979416112468	0.0891750667754	-0.0547809726813	-0.0633779896479	-0.11218011231	-0.0570283747525	0.0272863591413	0.0612759670013	-0.102058603645	-0.0153138054784	0.0279467899678	0.0378753148212	-0.0810935962303	-0.00904284948662	0.0300906500831	-0.0383128921232	-0.0802056488045	-0.0636727487463	-0.0151010174843	0.0294000051627	-0.0713815227704	0.0702888425421	0.00271960464558	0.0515390054618	-0.113633403763	-0.100752163474	1.0	-0.0233045340486	-0.0605465722907	-0.0978453631772	0.0826919058582	0.0387055484479	-0.0362857735298	-0.122106767958	-0.0998682129917	-0.00298321452212	-0.0721123272723	-0.0493253627493	-0.0112642057401	-0.0154424664065	-0.0192141544058	-0.0892131412021	-0.0262025695001	-0.186572887958	-0.00147890803878	-0.0664527375527	-0.0411896244863	-0.109673870442	-0.00284606628002	0.0363099534306	-0.0182863057475	0.0128252950151	0.0541930156701	-0.0196270643872	-0.0103437956153	-0.0192332973698	-0.0672757961684	-0.0142366507246
k__Bacteria;p__Bacteroidetes;c__Bacteroidia;o__Bacteroidales;f__Porphyromonadaceae;g__Parabacteroides;s__Parabacteroides_johnsonii	-0.00106141663263	-0.025090665809	-0.0459496731587	0.0076370993277	0.0143681472308	-0.0369942994827	-0.0326250678143	-0.0402507846603	-0.00476825924744	-0.0184127627858	-0.0975545708685	0.0739428136953	-0.0525749154879	0.0313338474919	0.0440526476647	0.067752914517	-0.0523665418075	-0.0624295275798	0.0176204123887	0.0206921619273	0.0237822199634	0.00958095238895	-0.0770069590018	0.0435605049007	0.00026913525933	0.0070259184941	-0.0856116666087	-0.0233045340486	1.0	-0.0682120777511	-0.137258524344	-0.22110820368	-0.00207267181686	-0.0929629301462	-0.0552978112108	-0.0506058097041	0.0318447403789	0.0631456635023	-0.0361465562393	-0.0607946466667	-0.0102187502989	0.0743505068173	-0.0396437669378	-0.0835798923352	-0.105385919783	-0.0395095601571	-0.0751360562883	-0.0615470513702	0.00419609014067	-0.0889302324227	0.0652368586533	-0.0680096057692	0.0210421357595	-0.0703612292281	-0.0529248901559	-0.000429520034323	0.107054315828	-0.118657224862	-0.0308945936125
k__Bacteria;p__Actinobacteria;c__Actinobacteria;o__Bifidobacteriales;f__Bifidobacteriaceae;g__Bifidobacterium;s__Bifidobacterium_longum	-0.0256569973232	-0.0674020874485	0.0129808482946	-0.112360946688	-0.0676306844293	-0.120595252431	-0.0258780060183	-0.0352663952395	-0.110697489854	0.0109242902425	0.095948893163	-0.0129756723799	-0.015802037596	-0.0328351334885	0.0524429891762	-0.0719565847697	-0.0825009299693	-0.0316384169241	-0.0387943338933	-0.0486027682754	-0.0319292253067	-0.0361158891861	-0.0834796981489	-0.0935763962032	-0.0800193087252	0.0825549868751	0.0548131445177	-0.0605465722907	-0.0682120777511	1.0	-0.0961140879434	0.0278515837852	0.0742109880194	0.0813743274097	0.02034628617	0.0223166104784	-0.00902456283928	-0.0442481596334	-0.0440409362837	-0.00859960375547	-0.12929081836	-0.0812922294782	0.0195257795267	0.0233987865968	-0.0612325934269	0.0663994444796	-0.0496520801729	-0.00875744368273	-0.068388810132	0.0161113436996	-0.0382984561739	0.058013050785	-0.0175339794388	-0.0247849903258	-0.0640133844403	0.0109676472872	-0.0206271823336	-0.0974592213428	-0.0606749343388
