#taxonomy	k__Bacteria;p__Bacteroidetes;c__Bacteroidia;o__Bacteroidales;f__Bacteroidaceae;g__Bacteroides;s__Bacteroides_vulgatus	k__Bacteria;p__Bacteroidetes;c__Bacteroidia;o__Bacteroidales;f__Bacteroidaceae;g__Bacteroides;s__Bacteroides_uniformis	k__Bacteria;p__Bacteroidetes;c__Bacteroidia;o__Bacteroidales;f__Rikenellaceae;g__Alistipes;s__Alistipes_putredinis	k__Bacteria;p__Bacteroidetes;c__Bacteroidia;o__Bacteroidales;f__Prevotellaceae;g__Prevotella;s__Prevotella_copri	k__Bacteria;p__Bacteroidetes;c__Bacteroidia;o__Bacteroidales;f__Bacteroidaceae;g__Bacteroides;s__Bacteroides_stercoris	k__Bacteria;p__Bacteroidetes;c__Bacteroidia;o__Bacteroidales;f__Bacteroidaceae;g__Bacteroides;s__Bacteroides_ovatus	k__Bacteria;p__Bacteroidetes;c__Bacteroidia;o__Bacteroidales;f__Rikenellaceae;g__Alistipes;s__Alistipes_shahii	k__Bacteria;p__Firmicutes;c__Clostridia;o__Clostridiales;f__Ruminococcaceae;g__Faecalibacterium;s__Faecalibacterium_prausnitzii	k__Bacteria;p__Bacteroidetes;c__Bacteroidia;o__Bacteroidales;f__Rikenellaceae;g__Alistipes;s__Alistipes_finegoldii	k__Bacteria;p__Bacteroidetes;c__Bacteroidia;o__Bacteroidales;f__Porphyromonadaceae;g__Parabacteroides;s__Parabacteroides_distasonis	k__Bacteria;p__Bacteroidetes;c__Bacteroidia;o__Bacteroidales;f__Bacteroidaceae;g__Bacteroides;s__Bacteroides_thetaiotaomicron	k__Bacteria;p__Bacteroidetes;c__Bacteroidia;o__Bacteroidales;f__Bacteroidaceae;g__Bacteroides;s__Bacteroides_coprocola	k__Bacteria;p__Bacteroidetes;c__Bacteroidia;o__Bacteroidales;f__Bacteroidaceae;g__Bacteroides;s__Bacteroides_cellulosilyticus	k__Bacteria;p__Bacteroidetes;c__Bacteroidia;o__Bacteroidales;f__Rikenellaceae;g__Alistipes;s__Alistipes_obesi	k__Bacteria;p__Firmicutes;c__Clostridia;o__Clostridiales;f__Lachnospiraceae;g__;s__[Eubacterium]_rectale	k__Bacteria;p__Bacteroidetes;c__Bacteroidia;o__Bacteroidales;f__Bacteroidaceae;g__Bacteroides;s__Bacteroides_plebeius	k__Bacteria;p__Bacteroidetes;c__Bacteroidia;o__Bacteroidales;f__Bacteroidaceae;g__Bacteroides;s__Bacteroides_fragilis	k__Bacteria;p__Proteobacteria;c__Betaproteobacteria;o__Burkholderiales;f__Sutterellaceae;g__Sutterella;s__Sutterella_wadsworthensis	k__Bacteria;p__Bacteroidetes;c__Bacteroidia;o__Bacteroidales;f__Porphyromonadaceae;g__Barnesiella;s__Barnesiella_intestinihominis	k__Bacteria;p__Bacteroidetes;c__Bacteroidia;o__Bacteroidales;f__Odoribacteraceae;g__Odoribacter;s__Odoribacter_splanchnicus	k__Bacteria;p__Bacteroidetes;c__Bacteroidia;o__Bacteroidales;f__Bacteroidaceae;g__Bacteroides;s__Bacteroides_salyersiae	k__Bacteria;p__Firmicutes;c__Clostridia;o__Clostridiales;f__Ruminococcaceae;g__Ruminiclostridium;s__[Eubacterium]_siraeum	k__Bacteria;p__Proteobacteria;c__Betaproteobacteria;o__Burkholderiales;f__Sutterellaceae;g__Parasutterella;s__Parasutterella_excrementihominis	k__Bacteria;p__Actinobacteria;c__Actinobacteria;o__Bifidobacteriales;f__Bifidobacteriaceae;g__Bifidobacterium;s__Bifidobacterium_adolescentis	k__Bacteria;p__Firmicutes;c__Clostridia;o__Clostridiales;f__Oscillospiraceae;g__Oscillibacter;s__Oscillibacter_sp._KLE_1745	k__Bacteria;p__Bacteroidetes;c__Bacteroidia;o__Bacteroidales;f__Bacteroidaceae;g__Bacteroides;s__Bacteroides_coprophilus	k__Bacteria;p__Firmicutes;c__Clostridia;o__Clostridiales;f__Lachnospiraceae;g__Roseburia;s__Roseburia_intestinalis	k__Bacteria;p__Firmicutes;c__Clostridia;o__Clostridiales;f__Lachnospiraceae;g__Roseburia;s__Roseburia_hominis	k__Bacteria;p__Bacteroidetes;c__Bacteroidia;o__Bacteroidales;f__Porphyromonadaceae;g__Parabacteroides;s__Parabacteroides_johnsonii	k__Bacteria;p__Actinobacteria;c__Actinobacteria;o__Bifidobacteriales;f__Bifidobacteriaceae;g__Bifidobacterium;s__Bifidobacterium_longum	k__Bacteria;p__Firmicutes;c__Clostridia;o__Clostridiales;f__;g__Flavonifractor;s__Flavonifractor_plautii	k__Bacteria;p__Firmicutes;c__Clostridia;o__Clostridiales;f__Clostridiaceae;g__Clostridium;s__Clostridium_phoceensis	k__Bacteria;p__Verrucomicrobia;c__Verrucomicrobiae;o__Verrucomicrobiales;f__Akkermansiaceae;g__Akkermansia;s__Akkermansia_muciniphila	k__Bacteria;p__Bacteroidetes;c__Bacteroidia;o__Bacteroidales;f__Prevotellaceae;g__Paraprevotella;s__Paraprevotella_xylaniphila	k__Bacteria;p__Firmicutes;c__Clostridia;o__Clostridiales;f__Ruminococcaceae;g__Ruminococcus;s__Ruminococcus_callidus	k__Bacteria;p__Bacteroidetes;c__Bacteroidia;o__Bacteroidales;f__Rikenellaceae;g__Alistipes;s__Alistipes_senegalensis	k__Bacteria;p__Firmicutes;c__Clostridia;o__Clostridiales;f__Lachnospiraceae;g__Blautia;s__Blautia_sp._KLE_1732	k__Bacteria;p__Bacteroidetes;c__Bacteroidia;o__Bacteroidales;f__Bacteroidaceae;g__Bacteroides;s__Bacteroides_oleiciplenus	k__Bacteria;p__Firmicutes;c__Clostridia;o__Clostridiales;f__Ruminococcaceae;g__Ruminococcus;s__Ruminococcus_bicirculans	k__Bacteria;p__Bacteroidetes;c__Bacteroidia;o__Bacteroidales;f__Bacteroidaceae;g__Bacteroides;s__Bacteroides_fluxus	k__Bacteria;p__Bacteroidetes;c__Bacteroidia;o__Bacteroidales;f__Prevotellaceae;g__Prevotella;s__Prevotella_stercorea	k__Bacteria;p__Firmicutes;c__Clostridia;o__Clostridiales;f__Lachnospiraceae;g__Dorea;s__Dorea_longicatena	k__Bacteria;p__Firmicutes;c__Clostridia;o__Clostridiales;f__Eubacteriaceae;g__Eubacterium;s__[Eubacterium]_eligens	k__Bacteria;p__Firmicutes;c__Clostridia;o__Clostridiales;f__Ruminococcaceae;g__;s__Ruminococcaceae_bacterium_D16	k__Bacteria;p__Firmicutes;c__Clostridia;o__Clostridiales;f__Lachnospiraceae;g__Coprococcus;s__Coprococcus_comes	k__Bacteria;p__Proteobacteria;c__Gammaproteobacteria;o__Enterobacterales;f__Enterobacteriaceae;g__Escherichia;s__Escherichia_coli	k__Bacteria;p__Firmicutes;c__Clostridia;o__Clostridiales;f__Ruminococcaceae;g__Anaerotruncus;s__Anaerotruncus_colihominis	k__Bacteria;p__Firmicutes;c__Clostridia;o__Clostridiales;f__Lachnospiraceae;g__Blautia;s__Blautia_obeum	k__Bacteria;p__Bacteroidetes;c__Bacteroidia;o__Bacteroidales;f__Odoribacteraceae;g__Odoribacter;s__Odoribacter_laneus	k__Bacteria;p__Firmicutes;c__Clostridia;o__Clostridiales;f__Ruminococcaceae;g__Ruminiclostridium;s__[Clostridium]_leptum	k__Bacteria;p__Bacteroidetes;c__Bacteroidia;o__Bacteroidales;f__Porphyromonadaceae;g__Parabacteroides;s__Parabacteroides_goldsteinii	k__Bacteria;p__Firmicutes;c__Clostridia;o__Clostridiales;f__Lachnospiraceae;g__Anaerostipes;s__Anaerostipes_hadrus	k__Bacteria;p__Firmicutes;c__Clostridia;o__Clostridiales;f__Ruminococcaceae;g__Ruminococcus;s__Ruminococcus_lactaris	k__Bacteria;p__Firmicutes;c__Clostridia;o__Clostridiales;f__Clostridiaceae;g__Clostridium;s__Clostridium_sp._L2-50	k__Bacteria;p__Firmicutes;c__Clostridia;o__Clostridiales;f__Clostridiaceae;g__Clostridium;s__Clostridium_sp._M62/1	k__Bacteria;p__Firmicutes;c__Clostridia;o__Clostridiales;f__;g__Intestinimonas;s__Intestinimonas_butyriciproducens	k__Bacteria;p__Actinobacteria;c__Actinobacteria;o__Bifidobacteriales;f__Bifidobacteriaceae;g__Bifidobacterium;s__Bifidobacterium_bifidum	k__Bacteria;p__Firmicutes;c__Negativicutes;o__Veillonellales;f__Veillonellaceae;g__Dialister;s__Dialister_invisus	k__Bacteria;p__Bacteroidetes;c__Bacteroidia;o__Bacteroidales;f__Bacteroidaceae;g__Bacteroides;s__Bacteroides_salanitronis
k__Bacteria;p__Bacteroidetes;c__Bacteroidia;o__Bacteroidales;f__Bacteroidaceae;g__Bacteroides;s__Bacteroides_vulgatus	1.0	0.0167608127375	-0.0493203553637	0.0487550030288	-0.0173273108877	-0.03332494831	-0.000919186451875	-0.0492124153325	-0.158902482827	-0.00765128481458	0.0324455972284	-0.0714988519412	-0.0842992916876	-0.0329859243874	-0.0324388396129	-0.101711475951	-0.0221915878345	-0.045897459466	-0.0104226554789	-0.0404426196012	0.0372139480262	-0.0148828482728	-0.0872937578873	-0.126036669972	0.0364768760911	-0.0936868052624	-0.092578235921	0.0504802740846	-0.0468332741886	0.0102895620245	0.0194862299576	0.0651881993612	-0.0202051720075	-0.00970315918075	0.0329681506306	-0.0403134094178	-0.029063606991	-0.0656033180003	-0.0638898616459	-0.0258574614021	0.0824615605561	0.0396044444911	-0.0277711045884	0.0291616476468	-0.0484242987838	-0.0530356802344	0.0671100360551	-0.0923298187062	0.0243680281062	-0.144835964465	-0.0138635005684	0.00632550512548	0.00652522512587	0.0731611561853	-0.112311265762	0.0129481295586	-0.101658301666	-0.0353332826685	0.0145796421612
k__Bacteria;p__Bacteroidetes;c__Bacteroidia;o__Bacteroidales;f__Bacteroidaceae;g__Bacteroides;s__Bacteroides_uniformis	0.0167608127375	1.0	-0.0172660545471	-0.0461272493791	-0.0576995823827	-0.0207448611776	-0.0413883391494	-0.0784722255456	0.0102484760561	-0.00032343973536	0.00748173082224	-0.0409451985107	0.0728997865826	-0.114206598385	-0.00774044559844	-0.0685070943334	-0.0585764318092	-0.0529781870097	0.000865510548436	-0.0251333594304	0.068056441774	-0.0408903575976	-0.0542851782176	-0.0722409504406	0.0429242912458	-0.102105929093	-0.0278367426591	-0.0723396988625	-0.120861053492	-0.119108228015	-0.0333469634349	-0.0828415200349	0.0226693275309	-0.010268600285	-0.0244649735529	-0.0274412015079	-0.00576909711995	-0.0166847827049	0.0137860519438	0.00899070455564	0.0678266157454	-0.0607468965253	-0.00476048462871	-0.00557843373536	0.00148747617232	0.00396443209291	0.00460310421837	-0.0117524639644	0.0687816623396	0.0819509815231	0.0296324103301	-0.0318327503515	-0.00915354715847	-0.00706455174512	0.0926708359339	-0.0534082925476	-0.00971733678599	-0.012138501813	0.00461664354581
k__Bacteria;p__Bacteroidetes;c__Bacteroidia;o__Bacteroidales;f__Rikenellaceae;g__Alistipes;s__Alistipes_putredinis	-0.0493203553637	-0.0172660545471	1.0	0.0146202365012	0.0106378397973	0.00035791363819	-0.113244652507	0.0848867426903	0.13508105721	0.00871294377059	0.0332120843203	-0.0603353453021	-0.0826960589809	0.00609339312349	-0.0224214005653	-0.0393290763999	-0.0596641266233	0.00367547124726	-0.0287024626955	-0.00668151030979	-0.128950818633	0.030268106119	0.00706476221605	0.00776734150161	-0.0871555315978	0.0841927929837	-0.0195777979935	0.0333246714955	-0.0745224934031	-0.0395175031031	-0.0569083524801	-0.0607999479976	0.0572456843607	0.0134187391135	-0.015357004782	-0.0351385839754	-0.102196975562	-0.0350800846673	0.0691319158543	-0.0294204333721	-0.150375193504	-0.0850617384833	-0.003432763049	0.0846684249467	0.0125102292676	-0.0385070210498	-0.0107697073225	0.0925626870942	-0.0176445833515	-0.0170304584994	-0.0152514899175	-0.145397777368	0.0415715071551	-0.048822329654	-0.0858767046299	-0.0562870552907	-0.106330078429	-0.0440136166009	-0.127731801001
k__Bacteria;p__Bacteroidetes;c__Bacteroidia;o__Bacteroidales;f__Prevotellaceae;g__Prevotella;s__Prevotella_copri	0.0487550030288	-0.0461272493791	0.0146202365012	1.0	-0.0164980429844	0.0207043972554	-0.0448527477599	-0.0171587081469	-0.111573828188	-0.0978976531254	-0.125690802841	-0.0390068143635	-0.0568268267496	-0.067382736581	-0.0920122047105	-0.0413465131109	-0.00965652173865	-0.087342212914	-0.0277776640981	0.0714800899747	-0.00605070260772	-0.0573892865644	0.0875383807329	0.0425437353199	-0.0435743995685	-0.099133237562	-0.0760065696673	0.0799964535981	-0.0143234327776	-0.0608811135621	0.0477554822687	0.0128050817075	0.0426167537958	-0.076572906729	-0.151625540035	-0.04500415887	-0.0432963368461	0.0902362119662	-0.108251302309	-0.012731223832	-0.00364432595535	-0.0286214651401	-0.0242748376424	-0.0716714994399	0.155025568413	-0.0341692910363	-0.0509755733579	0.0125960638168	-0.0264455633039	0.0335078804828	0.0744131085813	-0.0602968911286	-0.0834170159391	-0.0585267100092	-0.0434752102681	-0.164924705483	-0.093081485743	-0.106610468677	-0.0809092398662
k__Bacteria;p__Bacteroidetes;c__Bacteroidia;o__Bacteroidales;f__Bacteroidaceae;g__Bacteroides;s__Bacteroides_stercoris	-0.0173273108877	-0.0576995823827	0.0106378397973	-0.0164980429844	1.0	-0.0855097312459	0.0129181247924	0.020707683996	-0.0944623636591	0.0219086511824	-0.0935594741032	0.0253664022907	-0.11108972774	0.0104753269433	-0.0783876627489	-0.0479111920701	-0.121528862199	-0.0193632656872	-0.05899044376	-0.0399948944533	0.0236457293049	-0.0858000066768	0.0178518239498	-0.0349159554573	-0.0303953545639	-0.0241964676357	-0.0396290962255	0.0627899823974	-0.0226614757235	0.0477415015249	-0.0204742780574	-0.116537322578	-0.0315699865714	-0.0420493248732	-0.0125656654327	0.0694974534082	0.0753814103275	-0.00676208229982	-0.0450772136764	0.0599311420913	-0.0884077626762	-0.023895418646	-0.0427217634574	-0.114239357583	0.00206990223015	-0.0645071368959	0.0839302531	-0.097979470525	-0.0593320030987	-0.0429959982878	-0.0702066544525	-0.034999853727	-0.0888036093113	-0.0171421849176	-0.131748388386	0.0134348133388	-0.00423579610575	-0.038532167617	-0.0221761698986
k__Bacteria;p__Bacteroidetes;c__Bacteroidia;o__Bacteroidales;f__Bacteroidaceae;g__Bacteroides;s__Bacteroides_ovatus	-0.03332494831	-0.0207448611776	0.00035791363819	0.0207043972554	-0.0855097312459	1.0	-0.029824010437	-0.105559661149	0.00645245443169	-0.0420263582617	-0.0437097071318	0.031221314381	-0.0113210933111	-0.10112379899	0.099255239973	-0.0533488141588	-0.0841083446598	-0.0122738185503	0.0117031645975	-0.0839479022038	-0.00207165528593	-0.11733182609	0.00893479944696	-0.0871608848893	-0.0621665359677	-0.0687961565057	-0.0274592504678	-0.0936730549217	-0.0709046578885	0.027717325843	-0.0844409581188	-0.0417340152253	-0.0729982260552	0.0422254413663	0.00216875505967	0.0558349933895	0.00443865308559	0.0128730420798	0.100761706192	-0.00418124298982	-0.0851556614329	-0.070822515184	-0.00627854364381	-0.0225516565304	-0.0383332566184	-0.0578057318728	-0.0862341082191	-0.0273649559973	-0.0283675231246	-0.100354113799	0.0629377762681	-0.110397612558	-0.0559282697657	-0.0111181202203	-0.0416182849985	0.00826945124441	-0.0935279413299	-0.11784239603	-0.0419997504542
k__Bacteria;p__Bacteroidetes;c__Bacteroidia;o__Bacteroidales;f__Rikenellaceae;g__Alistipes;s__Alistipes_shahii	-0.000919186451875	-0.0413883391494	-0.113244652507	-0.0448527477599	0.0129181247924	-0.029824010437	1.0	-0.0615946792216	-0.00793021628966	-0.0656879928471	-0.0542929400906	-0.00873479789467	-0.0880267506001	0.0276790136446	-0.0818085606459	-0.0196138431183	-0.00916936236511	-0.104787679344	-0.0127963815524	0.0236020206839	0.0128399762698	0.0336528836969	-0.176844906835	-0.00349171143826	0.0268406805442	-0.00529453537316	-0.0837257394242	-0.0327998310338	-0.116750529894	0.00155878337081	-0.0626137426121	-0.019495392994	0.0543470919295	-0.0216777108924	-0.103903214585	0.00771417608143	-0.00948877887709	0.00405100649373	-0.12950523883	0.0477471438704	0.0957591546358	0.0316728359206	-0.014464127899	0.0224837098416	0.015188193909	0.0740929937357	-0.0392117263205	-0.0600854357125	-0.0357031040619	-0.0696977913166	-0.0451001049224	-0.0100901952826	-0.0291320349094	0.0406017279796	0.0115157307741	-0.0353291810813	-0.0466777669518	-0.0963926347711	0.0449505536894
k__Bacteria;p__Firmicutes;c__Clostridia;o__Clostridiales;f__Ruminococcaceae;g__Faecalibacterium;s__Faecalibacterium_prausnitzii	-0.0492124153325	-0.0784722255456	0.0848867426903	-0.0171587081469	0.020707683996	-0.105559661149	-0.0615946792216	1.0	0.159356318948	-0.0687353652535	-0.0403025374138	-0.0718254058281	-0.048858793476	-0.0692139390058	-0.0653953433413	0.209800289598	0.0400283461865	0.00514126783406	-0.067275928946	-0.0302566573252	0.072755601827	0.00497558827864	-0.0401739542652	0.0277398716221	-0.0302138511793	-0.180242611808	0.02225360151	-0.0474927201348	-0.0315940047215	-0.033494232246	0.0271493084634	0.0406096950668	0.0311622066944	0.0840255325036	-0.0115100813179	-0.0085080529527	-0.00284409655616	-0.00620574619816	-0.0344262398106	0.0367017558242	-0.101234297055	0.0708443216807	0.0133962360447	0.0339665687542	-0.0195326490461	0.00621704379208	-0.0167296201903	-0.12636153841	-0.00911434135491	0.0317844067463	-0.0314959242248	-0.0179979216492	-0.0768517472847	-0.0177837633164	-7.80075680574e-05	-0.1143563913	0.0216130047165	-0.154317751616	0.00202768462466
k__Bacteria;p__Bacteroidetes;c__Bacteroidia;o__Bacteroidales;f__Rikenellaceae;g__Alistipes;s__Alistipes_finegoldii	-0.158902482827	0.0102484760561	0.13508105721	-0.111573828188	-0.0944623636591	0.00645245443169	-0.00793021628966	0.159356318948	1.0	-0.0973519226542	-0.116732177158	-0.0261483716864	0.0941108965268	0.0822593817326	0.0137469872575	-0.0648011120911	-0.0504256859579	0.0708501122767	0.0467233091642	-0.0368547984747	-0.0829318509317	0.00186586543901	-0.0619146602736	0.0229818633354	-0.0506134329701	0.035055423922	-0.0535097503855	-0.163442704429	0.000956315730887	-0.0262226859658	0.0987684092303	0.019087096836	-0.0832993027985	0.0264356531036	-0.0796368271839	-0.014011444589	0.134120446649	-0.093573358331	-0.0718529012642	-0.0646870091091	-0.0338436243954	-0.0690913127584	-0.083489106388	-0.0398281745749	-0.0340855332212	-0.0836192558687	0.0113425250576	-0.0127974875572	-0.0641519713237	-0.0294378819844	-0.0848530820462	0.0748390456543	0.00343975986774	0.00551009143735	-0.0552237222635	-0.203401592105	-0.0981249816081	0.0122159364447	-0.0533261967365
k__Bacteria;p__Bacteroidetes;c__Bacteroidia;o__Bacteroidales;f__Porphyromonadaceae;g__Parabacteroides;s__Parabacteroides_distasonis	-0.00765128481458	-0.00032343973536	0.00871294377059	-0.0978976531254	0.0219086511824	-0.0420263582617	-0.0656879928471	-0.0687353652535	-0.0973519226542	1.0	0.168107114862	0.0944890322933	-0.0176880418381	0.0329780198749	0.0345316749363	0.0243457906252	0.0299698136029	-0.0501833648621	0.0334267793796	-0.123230671159	-0.0376781180235	0.0178948672986	-0.00907387828519	-0.00941684343535	-0.0568595268294	-0.00388147914587	-0.063103130194	0.021948504935	-0.0206433870237	0.00635405784214	0.0208332108491	0.00158712667841	-0.0212852281666	-0.0546980300777	0.011341382501	-0.102199988792	-0.050349987818	-0.0197665374726	-0.172915457691	-0.0191710727081	-0.0885586067425	-0.0454722256953	-0.0989148323721	-0.105584137308	-0.0417048040053	0.0175210511815	-0.0609245998803	0.0410296664808	-0.0152435257149	-0.14486321078	-0.103934920948	-0.0398047270159	-0.0232898215493	0.00507562302013	0.12878669469	-0.0447562086148	-0.0217762890283	-0.0412846610537	-0.0356623612694
k__Bacteria;p__Bacteroidetes;c__Bacteroidia;o__Bacteroidales;f__Bacteroidaceae;g__Bacteroides;s__Bacteroides_thetaiotaomicron	0.0324455972284	0.00748173082224	0.0332120843203	-0.125690802841	-0.0935594741032	-0.0437097071318	-0.0542929400906	-0.0403025374138	-0.116732177158	0.168107114862	1.0	0.0318455394252	0.0326571104315	0.0309113699649	-0.0565342553979	0.0472563973715	0.016015119618	-0.0136551579683	-0.0438844487809	0.0172048951863	-0.0754694834121	-0.0618737097801	-0.138309423392	-0.0156267024502	-0.0609585193518	-0.027155346245	-0.0510837635127	-0.0256011189291	-0.0967978470703	0.0463885370622	-0.0124647154745	-0.0666472936969	-0.135740289233	0.0135139105488	-0.0278980447075	-0.0102385708375	0.0305341465452	-0.00567812140648	-0.0131664058694	-0.094000168736	-0.030239228534	-0.124878173273	0.0298868796917	-0.13595294756	0.0239744214895	-0.0703479905537	0.0117498724154	-0.0584659436718	-0.0484228242468	-0.027427736049	-0.0273437004605	-0.0523304087943	0.114174739145	-0.0640397804583	-0.00584797637433	-0.0653937669225	0.0130351122166	-0.0289480045516	-0.0469665085306
k__Bacteria;p__Bacteroidetes;c__Bacteroidia;o__Bacteroidales;f__Bacteroidaceae;g__Bacteroides;s__Bacteroides_coprocola	-0.0714988519412	-0.0409451985107	-0.0603353453021	-0.0390068143635	0.0253664022907	0.031221314381	-0.00873479789467	-0.0718254058281	-0.0261483716864	0.0944890322933	0.0318455394252	1.0	0.0464581745036	-0.0256870904172	-0.0244843672092	0.00338281104548	-0.0447214743578	0.02468732957	-0.0718264286379	-0.0959002733049	-0.0980886659235	0.0521099766113	-0.00209893693358	0.0311639187091	-0.0327178579258	-0.0400083519512	-0.0907114091692	-0.154411770147	-0.100204009861	0.0240165554414	-0.0411018507128	0.0116803150256	0.0459004886273	-0.0291231003657	0.0300457212514	-0.138718330637	-0.0711232490756	0.010116755733	-0.0200643120742	-0.149181663534	-0.0991521510718	-0.0902569194614	0.050773761193	-0.125051473103	0.00664907548166	0.0223452737469	0.0622184282604	-0.0935914149716	-0.0669928446426	-0.0665055666916	-0.0361674750478	-0.0889032624112	-0.0955871039404	-0.0402958797549	0.0765790712803	-0.109809496752	-0.0752039744701	0.0448733136915	-0.0520551228939
k__Bacteria;p__Bacteroidetes;c__Bacteroidia;o__Bacteroidales;f__Bacteroidaceae;g__Bacteroides;s__Bacteroides_cellulosilyticus	-0.0842992916876	0.0728997865826	-0.0826960589809	-0.0568268267496	-0.11108972774	-0.0113210933111	-0.0880267506001	-0.048858793476	0.0941108965268	-0.0176880418381	0.0326571104315	0.0464581745036	1.0	-0.0919472512148	-0.00194662277283	-0.0279407984124	0.0115421366359	-0.00550045299996	0.030408681493	-0.0885773796849	-0.0344548829996	-0.00177107761258	-0.0867482355823	-0.0660833926686	-0.0548560757114	-0.0807511430263	-0.0559031868242	-0.0118721226393	0.0121218971922	-0.00728405492153	-0.0768437722799	-0.0253045949185	-0.0098763422757	-0.142999695394	-0.130801620675	0.0543498878611	-0.0902684956433	-0.000881573176775	-0.0510179187764	-0.0818187076878	-0.0339609077443	0.085937161385	0.0284522071365	-0.0185899939033	0.00727897426339	0.0365028021979	-0.0273272877808	0.0373886806857	0.0152309538089	0.00291509497881	-0.0132273685515	-0.12141132007	0.0128874015322	-0.0273491048404	-0.128974342454	-0.0373078095184	-0.0864378048855	-0.0477322662572	0.0157341416246
k__Bacteria;p__Bacteroidetes;c__Bacteroidia;o__Bacteroidales;f__Rikenellaceae;g__Alistipes;s__Alistipes_obesi	-0.0329859243874	-0.114206598385	0.00609339312349	-0.067382736581	0.0104753269433	-0.10112379899	0.0276790136446	-0.0692139390058	0.0822593817326	0.0329780198749	0.0309113699649	-0.0256870904172	-0.0919472512148	1.0	-0.160306889028	0.00127656740896	-0.0296389144454	-0.0961662858469	0.0103954625476	-0.0238471905704	-0.0624191817389	-0.030728953055	-0.0105724890447	-0.185356911637	-0.0102921832235	-0.0463147248442	-0.0665734849964	-0.0355844356735	0.0308177643191	-0.0703366761787	-0.0422408343257	-0.00171245392058	0.0344580239664	-0.00464258663299	0.0713188078464	0.0164882656097	-0.0722817092786	-0.04207956104	0.00447170653362	-0.0182976924527	-0.0134772375247	-0.0851871401215	-0.0475234130036	0.0705837495192	-0.00141042185482	-0.0954994356797	0.0459602694764	0.00650567091543	-0.0291069437302	-0.0215754458176	0.00321249269123	-0.0459088099076	0.0553860800245	-0.105716456166	-0.0608013750134	-0.107128880176	0.0877662747524	0.0539488810896	-0.028657952247
k__Bacteria;p__Firmicutes;c__Clostridia;o__Clostridiales;f__Lachnospiraceae;g__;s__[Eubacterium]_rectale	-0.0324388396129	-0.00774044559844	-0.0224214005653	-0.0920122047105	-0.0783876627489	0.099255239973	-0.0818085606459	-0.0653953433413	0.0137469872575	0.0345316749363	-0.0565342553979	-0.0244843672092	-0.00194662277283	-0.160306889028	1.0	0.0263576313534	0.0245305258569	-0.0678004433512	-0.0818453392625	0.0321239298294	-0.0162251037803	-0.0317597640644	0.084016938777	0.0531971406113	-0.0124113480313	0.0158812046304	-0.0766760903964	-0.0437209117541	-0.0126805695989	-0.139259634878	-0.0957401364382	-0.0653518551364	0.0137830327116	-0.046965092979	-0.0239178386974	-0.00412833363764	0.00980450297378	-0.0374160494824	-0.164078136037	-0.0666245189701	-0.0538560683837	0.0483255396715	-0.0235645929012	-0.036243706422	-0.0964058368067	-0.0716059717445	-0.104552897346	-0.0652917635643	0.0215491126507	-0.0628140827548	-0.00506438789996	-0.0171819791542	0.00431256292599	-0.113656599255	-0.0251953969205	0.0125581456354	-0.0115392814572	-0.0608321912189	-0.0174633130926
k__Bacteria;p__Bacteroidetes;c__Bacteroidia;o__Bacteroidales;f__Bacteroidaceae;g__Bacteroides;s__Bacteroides_plebeius	-0.101711475951	-0.0685070943334	-0.0393290763999	-0.0413465131109	-0.0479111920701	-0.0533488141588	-0.0196138431183	0.209800289598	-0.0648011120911	0.0243457906252	0.0472563973715	0.00338281104548	-0.0279407984124	0.00127656740896	0.0263576313534	1.0	-0.106010343663	-0.0036385186054	-0.0867787476995	-0.00786482307394	-0.0999484121814	0.124103067584	-0.0992516651086	-0.0172151754234	-0.18257065865	-0.0924908330533	-0.0480420959967	-0.121693781191	-0.00739717713872	0.00836867773052	-0.0883520778476	-0.00799675047539	-0.0475952083334	-0.051978613098	-0.00309161432881	-0.110952014082	-0.0648539880584	-0.0314072347922	-0.164536471748	0.00291733734928	-0.0153817396286	0.029852745534	0.0916425184178	0.00266630614624	0.021387974633	0.0451789397712	-0.117597573659	-0.0537625028996	0.09254860365	-0.0343180655295	0.102820687702	0.0047338998382	-0.00754702662019	0.0644009522262	0.0152912453171	-0.0832912405301	-0.0673645164263	-0.0734416753898	0.0241880299608
k__Bacteria;p__Bacteroidetes;c__Bacteroidia;o__Bacteroidales;f__Bacteroidaceae;g__Bacteroides;s__Bacteroides_fragilis	-0.0221915878345	-0.0585764318092	-0.0596641266233	-0.00965652173865	-0.121528862199	-0.0841083446598	-0.00916936236511	0.0400283461865	-0.0504256859579	0.0299698136029	0.016015119618	-0.0447214743578	0.0115421366359	-0.0296389144454	0.0245305258569	-0.106010343663	1.0	0.0217622255214	-0.0454560611047	0.024978935442	0.126077391438	-0.0843469566691	-0.0678549196326	-0.0406576198692	-0.0985890601118	-0.0224588030688	-0.16332448006	-0.126403538	0.0425543643528	0.0610688009084	-0.00838645915456	0.0461644410028	0.0323460379384	0.126470882421	-0.0100211819834	-0.0377892880198	-0.0590913622258	-0.0458918363706	-0.0460813089572	-0.0361908516383	0.00955776672255	-0.209738301478	-0.0241769867118	0.0244333637603	0.0369185397139	-0.013004548809	-0.0447465300537	0.169257047337	-0.0158340164338	-0.0447958644823	-0.0338391750086	-0.031166309127	-0.0520151079207	-0.00354245473557	-0.0260360557201	-0.0378786189568	0.00183587051721	0.045425063498	0.0763023078565
k__Bacteria;p__Proteobacteria;c__Betaproteobacteria;o__Burkholderiales;f__Sutterellaceae;g__Sutterella;s__Sutterella_wadsworthensis	-0.045897459466	-0.0529781870097	0.00367547124726	-0.087342212914	-0.0193632656872	-0.0122738185503	-0.104787679344	0.00514126783406	0.0708501122767	-0.0501833648621	-0.0136551579683	0.02468732957	-0.00550045299996	-0.0961662858469	-0.0678004433512	-0.0036385186054	0.0217622255214	1.0	-0.142696179006	-0.0281134562314	0.00756902227146	-0.100376403355	0.0415279989342	0.0234857225743	-0.00276815378976	0.0269985666861	-1.16352476967e-06	-0.0334111382339	-0.0503491222122	-0.0075064867363	-0.0190696817155	-0.0588893883367	0.0334943602172	-0.0964464256954	-0.0274921986081	0.02102132476	0.0846156256464	-0.0674768582403	-0.0662489765852	-0.051723982838	0.026840288134	-0.0053206977975	-0.0484516228034	-0.0634986151817	0.0163610891204	-0.0610771991689	-0.0320221283715	0.00369654808732	-0.0433273121563	-0.0161667228795	0.0126183416965	0.0295702132313	0.0426673198718	-0.159007056845	-0.0592021300172	-0.0226560913212	0.00252087812522	-0.015859886313	-0.108473225512
k__Bacteria;p__Bacteroidetes;c__Bacteroidia;o__Bacteroidales;f__Porphyromonadaceae;g__Barnesiella;s__Barnesiella_intestinihominis	-0.0104226554789	0.000865510548436	-0.0287024626955	-0.0277776640981	-0.05899044376	0.0117031645975	-0.0127963815524	-0.067275928946	0.0467233091642	0.0334267793796	-0.0438844487809	-0.0718264286379	0.030408681493	0.0103954625476	-0.0818453392625	-0.0867787476995	-0.0454560611047	-0.142696179006	1.0	-0.0326772843041	-0.00800955986626	0.0528048252087	-0.062156531358	-0.0180541681604	0.0182153181331	-0.0987684897058	0.0342141290674	-0.18559444681	-0.0267268222652	-0.0756039862205	-0.0932135851965	0.0435702541937	-0.0830911824027	-0.0146017616485	-0.0135082828388	0.00432323642075	-0.0703284336319	-0.0683263370012	-0.101613854496	-0.00450674221518	-0.057259173866	0.0684799809164	-0.0170421496214	-0.06983931616	-0.0182602353117	0.0429364839809	0.0502394221853	-0.0789970272278	-0.0752549216047	-0.115618121964	-0.00364205319616	-0.000214846098013	0.0187676208413	-0.00995406109301	0.0460204086847	0.00258828853576	-0.0657055765522	-0.0369856840404	-0.0888179960918
k__Bacteria;p__Bacteroidetes;c__Bacteroidia;o__Bacteroidales;f__Odoribacteraceae;g__Odoribacter;s__Odoribacter_splanchnicus	-0.0404426196012	-0.0251333594304	-0.00668151030979	0.0714800899747	-0.0399948944533	-0.0839479022038	0.0236020206839	-0.0302566573252	-0.0368547984747	-0.123230671159	0.0172048951863	-0.0959002733049	-0.0885773796849	-0.0238471905704	0.0321239298294	-0.00786482307394	0.024978935442	-0.0281134562314	-0.0326772843041	1.0	-0.00605964221523	0.0129862808422	-0.0234085091379	0.00780414714571	0.052928377284	0.0318225001223	0.0983121416357	-0.0494559914139	-0.0703266050057	-0.0832373649019	0.0106523792332	-0.0585539876336	-0.134454089834	-0.0772831187716	-0.0237677585907	-0.125385187322	0.0200904072485	-0.0301907323915	0.0559131007868	-0.119525663368	0.0155471826323	0.0135571808856	-0.177917042738	-0.0315815684401	-0.0444477149097	-0.00788135569138	-0.0507071895436	0.00400201081198	-0.0286815792519	-0.0499893963226	-0.00461503819526	0.0438284435911	-0.00841190283554	-0.0345882543037	-0.0146182357865	0.100496316323	0.00193220768537	-0.076947814508	-0.0984307589148
k__Bacteria;p__Bacteroidetes;c__Bacteroidia;o__Bacteroidales;f__Bacteroidaceae;g__Bacteroides;s__Bacteroides_salyersiae	0.0372139480262	0.068056441774	-0.128950818633	-0.00605070260772	0.0236457293049	-0.00207165528593	0.0128399762698	0.072755601827	-0.0829318509317	-0.0376781180235	-0.0754694834121	-0.0980886659235	-0.0344548829996	-0.0624191817389	-0.0162251037803	-0.0999484121814	0.126077391438	0.00756902227146	-0.00800955986626	-0.00605964221523	1.0	-0.0766186994946	-0.117683135552	-0.0922122955412	0.057793739097	0.00362294786417	-0.00548046183481	0.0218640810229	0.0442128711488	-0.0388602726324	0.0279633343018	0.0134768550403	-0.0861209124658	0.0178812648348	0.0323161781381	-0.0459434589751	-0.117436982542	0.000538583903812	-0.0241656635407	-0.0236053930415	-0.0150043299343	-0.0538206881303	-0.0765899832162	-0.0858331347907	0.0207153707475	-0.034491369129	-0.0492807343883	-0.0273551862165	-0.0278384755654	-0.076229281899	-0.11149282269	0.0405572386116	-0.138291050235	0.0156480534686	0.025153392751	0.0464303038286	0.00136402137568	0.00587153489102	0.0324353905093
k__Bacteria;p__Firmicutes;c__Clostridia;o__Clostridiales;f__Ruminococcaceae;g__Ruminiclostridium;s__[Eubacterium]_siraeum	-0.0148828482728	-0.0408903575976	0.030268106119	-0.0573892865644	-0.0858000066768	-0.11733182609	0.0336528836969	0.00497558827864	0.00186586543901	0.0178948672986	-0.0618737097801	0.0521099766113	-0.00177107761258	-0.030728953055	-0.0317597640644	0.124103067584	-0.0843469566691	-0.100376403355	0.0528048252087	0.0129862808422	-0.0766186994946	1.0	-0.0754803365842	-0.0625062575661	-0.0339134825325	-0.0835328964914	-0.14022017371	-0.126806070508	-0.0591524075223	0.0739291761982	0.0461313573755	-0.00119452090733	-0.0565815806712	-0.0169473094369	-0.0291852618967	-0.0897384805412	0.0265035643732	-0.0251064552204	0.091686857379	0.0761586042152	0.0674908635507	0.0551345252879	-0.00826456166312	-0.0659329835681	-0.0243338050742	-0.0778501894994	-0.0445906369506	-0.0461326491961	-0.0634032268397	-0.0234281075746	-0.0524528906197	-0.0257454792993	0.0360432305878	-0.126642543673	0.0723703055835	0.0819373943321	-0.0221495365501	-0.0640690634357	-0.0204942939522
k__Bacteria;p__Proteobacteria;c__Betaproteobacteria;o__Burkholderiales;f__Sutterellaceae;g__Parasutterella;s__Parasutterella_excrementihominis	-0.0872937578873	-0.0542851782176	0.00706476221605	0.0875383807329	0.0178518239498	0.00893479944696	-0.176844906835	-0.0401739542652	-0.0619146602736	-0.00907387828519	-0.138309423392	-0.00209893693358	-0.0867482355823	-0.0105724890447	0.084016938777	-0.0992516651086	-0.0678549196326	0.0415279989342	-0.062156531358	-0.0234085091379	-0.117683135552	-0.0754803365842	1.0	0.019953668662	0.0706866628992	-0.11291876117	0.00363339857283	-0.018351919332	-0.035172048212	0.0418582603153	0.0441951377624	-0.132990119094	0.0125225487214	-0.0666179371039	0.0353267863065	-0.0351771601197	0.0485817077255	-0.0567411340146	0.0131654433926	-0.0672595014984	-0.0477044665683	-0.00319213583359	0.0376376958287	0.0398929911922	-0.0853614608556	-0.0905270440611	-0.0198678899129	0.0303344419161	-0.0272509242445	0.00660003360156	0.00865696306097	-0.0950463087972	-0.051980860022	0.048045065755	0.0111033330734	0.00595885156234	-0.0656830155534	-0.0786868834042	-0.0719040706098
k__Bacteria;p__Actinobacteria;c__Actinobacteria;o__Bifidobacteriales;f__Bifidobacteriaceae;g__Bifidobacterium;s__Bifidobacterium_adolescentis	-0.126036669972	-0.0722409504406	0.00776734150161	0.0425437353199	-0.0349159554573	-0.0871608848893	-0.00349171143826	0.0277398716221	0.0229818633354	-0.00941684343535	-0.0156267024502	0.0311639187091	-0.0660833926686	-0.185356911637	0.0531971406113	-0.0172151754234	-0.0406576198692	0.0234857225743	-0.0180541681604	0.00780414714571	-0.0922122955412	-0.0625062575661	0.019953668662	1.0	0.0104175855182	-0.0628752986719	0.072422221643	0.0643318457697	-0.0177979855603	-0.0898796487047	-0.0211397967085	-0.0617454841728	0.0588021091604	0.0205822131798	-0.148694539676	0.0904619135404	-0.125440436203	0.0323441721546	-0.0577134461347	0.12991607411	-0.0445919406491	0.0379258270617	-0.0814780095803	-0.0925306938518	-0.0513792162662	-0.00610663229035	-0.0535638176201	-0.080984058464	-0.0465763615025	-0.057510897612	-0.0316573080761	-0.0882414155017	-0.0787798436383	-0.0347777077878	-0.00208896769743	-0.0273291893372	0.049022607714	-0.0286334806193	0.0500225403178
k__Bacteria;p__Firmicutes;c__Clostridia;o__Clostridiales;f__Oscillospiraceae;g__Oscillibacter;s__Oscillibacter_sp._KLE_1745	0.0364768760911	0.0429242912458	-0.0871555315978	-0.0435743995685	-0.0303953545639	-0.0621665359677	0.0268406805442	-0.0302138511793	-0.0506134329701	-0.0568595268294	-0.0609585193518	-0.0327178579258	-0.0548560757114	-0.0102921832235	-0.0124113480313	-0.18257065865	-0.0985890601118	-0.00276815378976	0.0182153181331	0.052928377284	0.057793739097	-0.0339134825325	0.0706866628992	0.0104175855182	1.0	0.00992670767583	0.0402914318189	-0.0402768348398	-0.0392671198062	0.00014853388944	-0.0199304134044	0.0162080350689	-0.0303697660112	0.0095694948425	-0.0812559266308	-0.0261367257771	-0.0636814494806	-0.155207832514	-0.0349247979655	0.0240738507886	-0.0254912890552	0.0676280400241	-0.121379022762	-0.0667504020513	-0.0549391225316	-0.00652788368228	0.0296189498483	-0.135984867902	-0.0019901652067	0.0160588371542	0.012072014403	0.0212624829524	-0.00100334876298	-0.0135015051232	-0.115333265521	-0.0343539469275	0.00160579932137	0.0125846413014	0.1122159892
k__Bacteria;p__Bacteroidetes;c__Bacteroidia;o__Bacteroidales;f__Bacteroidaceae;g__Bacteroides;s__Bacteroides_coprophilus	-0.0936868052624	-0.102105929093	0.0841927929837	-0.099133237562	-0.0241964676357	-0.0687961565057	-0.00529453537316	-0.180242611808	0.035055423922	-0.00388147914587	-0.027155346245	-0.0400083519512	-0.0807511430263	-0.0463147248442	0.0158812046304	-0.0924908330533	-0.0224588030688	0.0269985666861	-0.0987684897058	0.0318225001223	0.00362294786417	-0.0835328964914	-0.11291876117	-0.0628752986719	0.00992670767583	1.0	-0.0662226859445	0.0350843988116	-0.0423114665482	0.0355324212083	-0.0559727297323	-0.0893184087386	0.0337734951365	-0.0347504494983	-0.111337564353	0.0182822552445	-0.0733249042123	0.0605490931716	-0.0667832862648	-0.0890039531502	-0.0661728931513	-0.0898496050047	0.0090705358452	0.0560733712355	0.00111865949694	0.00963123088503	-0.0521253477276	-0.073247599838	-0.0768326300318	0.0531562151761	-0.0293034831954	0.0932862128834	-0.0584344974959	0.0271819044213	-0.121663561703	-0.0316249101776	0.00501726268672	0.0240163301697	-0.05461442225
k__Bacteria;p__Firmicutes;c__Clostridia;o__Clostridiales;f__Lachnospiraceae;g__Roseburia;s__Roseburia_intestinalis	-0.092578235921	-0.0278367426591	-0.0195777979935	-0.0760065696673	-0.0396290962255	-0.0274592504678	-0.0837257394242	0.02225360151	-0.0535097503855	-0.063103130194	-0.0510837635127	-0.0907114091692	-0.0559031868242	-0.0665734849964	-0.0766760903964	-0.0480420959967	-0.16332448006	-1.16352476967e-06	0.0342141290674	0.0983121416357	-0.00548046183481	-0.14022017371	0.00363339857283	0.072422221643	0.0402914318189	-0.0662226859445	1.0	0.02056602372	-0.0180235676596	-0.0856178492371	-0.00246702779675	-0.120394866027	-0.00435141425125	0.0178666231428	-0.0300526659287	-0.0773922895683	-0.122381318283	-0.0403707164167	-0.0924158168704	-0.0150698633922	-0.131598730607	0.107054419107	-0.00584523109573	0.0147742570232	-0.0331236430752	-0.00689091137319	-0.127939649201	-0.0843135949861	-0.0594874293109	-0.0162213198904	-0.0103288864565	-0.0728342962584	-0.0215495597648	-0.0365811569677	-0.0319626258151	-0.0548851350722	0.00868257282781	-0.091613672954	0.0174160575575
k__Bacteria;p__Firmicutes;c__Clostridia;o__Clostridiales;f__Lachnospiraceae;g__Roseburia;s__Roseburia_hominis	0.0504802740846	-0.0723396988625	0.0333246714955	0.0799964535981	0.0627899823974	-0.0936730549217	-0.0327998310338	-0.0474927201348	-0.163442704429	0.021948504935	-0.0256011189291	-0.154411770147	-0.0118721226393	-0.0355844356735	-0.0437209117541	-0.121693781191	-0.126403538	-0.0334111382339	-0.18559444681	-0.0494559914139	0.0218640810229	-0.126806070508	-0.018351919332	0.0643318457697	-0.0402768348398	0.0350843988116	0.02056602372	1.0	-0.0700508720128	-0.0751326204945	-0.11529709856	0.0112766359398	0.0297922813585	-0.0446922028603	-0.0377691172399	-0.0880427552854	-0.0427993223056	-0.0892071957698	0.0649290411805	0.0528538892721	-0.0949411358301	-0.0610221939992	-0.0649928725293	-0.0825598062008	-0.0493445045186	-0.00364887173493	-0.0617693056033	0.00206451419231	0.0334640517902	0.0264385519838	0.0316099372533	-0.0498199582191	0.057070058319	-0.0327073789698	-0.144149571391	0.0742848631065	-0.0834924663834	-0.0414363761173	-0.096979024724
k__Bacteria;p__Bacteroidetes;c__Bacteroidia;o__Bacteroidales;f__Porphyromonadaceae;g__Parabacteroides;s__Parabacteroides_johnsonii	-0.0468332741886	-0.120861053492	-0.0745224934031	-0.0143234327776	-0.0226614757235	-0.0709046578885	-0.116750529894	-0.0315940047215	0.000956315730887	-0.0206433870237	-0.0967978470703	-0.100204009861	0.0121218971922	0.0308177643191	-0.0126805695989	-0.00739717713872	0.0425543643528	-0.0503491222122	-0.0267268222652	-0.0703266050057	0.0442128711488	-0.0591524075223	-0.035172048212	-0.0177979855603	-0.0392671198062	-0.0423114665482	-0.0180235676596	-0.0700508720128	1.0	-0.166738646667	0.0366900056899	-0.0725517669072	0.0386669294053	0.0927689263445	-0.0461447942876	-0.00508595660422	0.00112522548604	-0.040043595235	-0.0375770182661	-0.0376028162601	-0.113404249409	0.0330152551569	0.0561180789451	0.0463012414884	0.0112668563332	0.0150591662005	-0.0512134676124	-0.0174004478782	-0.0450870575511	0.0986546486059	-0.0358819967741	0.0924775782863	-0.0954724125325	0.00385112404973	-0.0730658190915	0.0712522590184	0.00772287902333	0.0840582697304	0.00286749586987
k__Bacteria;p__Actinobacteria;c__Actinobacteria;o__Bifidobacteriales;f__Bifidobacteriaceae;g__Bifidobacterium;s__Bifidobacterium_longum	0.0102895620245	-0.119108228015	-0.0395175031031	-0.0608811135621	0.0477415015249	0.027717325843	0.00155878337081	-0.033494232246	-0.0262226859658	0.00635405784214	0.0463885370622	0.0240165554414	-0.00728405492153	-0.0703366761787	-0.139259634878	0.00836867773052	0.0610688009084	-0.0075064867363	-0.0756039862205	-0.0832373649019	-0.0388602726324	0.0739291761982	0.0418582603153	-0.0898796487047	0.00014853388944	0.0355324212083	-0.0856178492371	-0.0751326204945	-0.166738646667	1.0	-0.00710478971877	-0.0696734153485	0.0564920913298	-0.00659085393771	0.0120785183764	0.068036881253	-0.146183349074	-0.0937617359877	-0.0136829653184	-0.0915907648896	-0.0108049577352	0.0150656732033	0.0707452826987	-0.104840093608	-0.0904254962794	0.0822392107356	-0.0119447011472	-0.0594207368766	-0.0632510332301	-0.0245398150575	-0.101462525584	-0.0269775777106	0.010563191084	0.0234103445249	0.00107963774745	-0.0263659944896	-0.0397571256493	-0.0673950517459	-0.0155899616365
