#taxonomy	k__Bacteria;p__Bacteroidetes;c__Bacteroidia;o__Bacteroidales;f__Bacteroidaceae;g__Bacteroides;s__Bacteroides_vulgatus	k__Bacteria;p__Bacteroidetes;c__Bacteroidia;o__Bacteroidales;f__Bacteroidaceae;g__Bacteroides;s__Bacteroides_uniformis	k__Bacteria;p__Bacteroidetes;c__Bacteroidia;o__Bacteroidales;f__Rikenellaceae;g__Alistipes;s__Alistipes_putredinis	k__Bacteria;p__Bacteroidetes;c__Bacteroidia;o__Bacteroidales;f__Prevotellaceae;g__Prevotella;s__Prevotella_copri	k__Bacteria;p__Bacteroidetes;c__Bacteroidia;o__Bacteroidales;f__Bacteroidaceae;g__Bacteroides;s__Bacteroides_stercoris	k__Bacteria;p__Bacteroidetes;c__Bacteroidia;o__Bacteroidales;f__Bacteroidaceae;g__Bacteroides;s__Bacteroides_ovatus	k__Bacteria;p__Bacteroidetes;c__Bacteroidia;o__Bacteroidales;f__Rikenellaceae;g__Alistipes;s__Alistipes_shahii	k__Bacteria;p__Firmicutes;c__Clostridia;o__Clostridiales;f__Ruminococcaceae;g__Faecalibacterium;s__Faecalibacterium_prausnitzii	k__Bacteria;p__Bacteroidetes;c__Bacteroidia;o__Bacteroidales;f__Rikenellaceae;g__Alistipes;s__Alistipes_finegoldii	k__Bacteria;p__Bacteroidetes;c__Bacteroidia;o__Bacteroidales;f__Porphyromonadaceae;g__Parabacteroides;s__Parabacteroides_distasonis	k__Bacteria;p__Bacteroidetes;c__Bacteroidia;o__Bacteroidales;f__Bacteroidaceae;g__Bacteroides;s__Bacteroides_thetaiotaomicron	k__Bacteria;p__Bacteroidetes;c__Bacteroidia;o__Bacteroidales;f__Bacteroidaceae;g__Bacteroides;s__Bacteroides_coprocola	k__Bacteria;p__Bacteroidetes;c__Bacteroidia;o__Bacteroidales;f__Bacteroidaceae;g__Bacteroides;s__Bacteroides_cellulosilyticus	k__Bacteria;p__Bacteroidetes;c__Bacteroidia;o__Bacteroidales;f__Rikenellaceae;g__Alistipes;s__Alistipes_obesi	k__Bacteria;p__Firmicutes;c__Clostridia;o__Clostridiales;f__Lachnospiraceae;g__;s__[Eubacterium]_rectale	k__Bacteria;p__Bacteroidetes;c__Bacteroidia;o__Bacteroidales;f__Bacteroidaceae;g__Bacteroides;s__Bacteroides_plebeius	k__Bacteria;p__Bacteroidetes;c__Bacteroidia;o__Bacteroidales;f__Bacteroidaceae;g__Bacteroides;s__Bacteroides_fragilis	k__Bacteria;p__Proteobacteria;c__Betaproteobacteria;o__Burkholderiales;f__Sutterellaceae;g__Sutterella;s__Sutterella_wadsworthensis	k__Bacteria;p__Bacteroidetes;c__Bacteroidia;o__Bacteroidales;f__Porphyromonadaceae;g__Barnesiella;s__Barnesiella_intestinihominis	k__Bacteria;p__Bacteroidetes;c__Bacteroidia;o__Bacteroidales;f__Odoribacteraceae;g__Odoribacter;s__Odoribacter_splanchnicus	k__Bacteria;p__Bacteroidetes;c__Bacteroidia;o__Bacteroidales;f__Bacteroidaceae;g__Bacteroides;s__Bacteroides_salyersiae	k__Bacteria;p__Firmicutes;c__Clostridia;o__Clostridiales;f__Ruminococcaceae;g__Ruminiclostridium;s__[Eubacterium]_siraeum	k__Bacteria;p__Proteobacteria;c__Betaproteobacteria;o__Burkholderiales;f__Sutterellaceae;g__Parasutterella;s__Parasutterella_excrementihominis	k__Bacteria;p__Actinobacteria;c__Actinobacteria;o__Bifidobacteriales;f__Bifidobacteriaceae;g__Bifidobacterium;s__Bifidobacterium_adolescentis	k__Bacteria;p__Firmicutes;c__Clostridia;o__Clostridiales;f__Oscillospiraceae;g__Oscillibacter;s__Oscillibacter_sp._KLE_1745	k__Bacteria;p__Bacteroidetes;c__Bacteroidia;o__Bacteroidales;f__Bacteroidaceae;g__Bacteroides;s__Bacteroides_coprophilus	k__Bacteria;p__Firmicutes;c__Clostridia;o__Clostridiales;f__Lachnospiraceae;g__Roseburia;s__Roseburia_intestinalis	k__Bacteria;p__Firmicutes;c__Clostridia;o__Clostridiales;f__Lachnospiraceae;g__Roseburia;s__Roseburia_hominis	k__Bacteria;p__Bacteroidetes;c__Bacteroidia;o__Bacteroidales;f__Porphyromonadaceae;g__Parabacteroides;s__Parabacteroides_johnsonii	k__Bacteria;p__Actinobacteria;c__Actinobacteria;o__Bifidobacteriales;f__Bifidobacteriaceae;g__Bifidobacterium;s__Bifidobacterium_longum	k__Bacteria;p__Firmicutes;c__Clostridia;o__Clostridiales;f__;g__Flavonifractor;s__Flavonifractor_plautii	k__Bacteria;p__Firmicutes;c__Clostridia;o__Clostridiales;f__Clostridiaceae;g__Clostridium;s__Clostridium_phoceensis	k__Bacteria;p__Verrucomicrobia;c__Verrucomicrobiae;o__Verrucomicrobiales;f__Akkermansiaceae;g__Akkermansia;s__Akkermansia_muciniphila	k__Bacteria;p__Bacteroidetes;c__Bacteroidia;o__Bacteroidales;f__Prevotellaceae;g__Paraprevotella;s__Paraprevotella_xylaniphila	k__Bacteria;p__Firmicutes;c__Clostridia;o__Clostridiales;f__Ruminococcaceae;g__Ruminococcus;s__Ruminococcus_callidus	k__Bacteria;p__Bacteroidetes;c__Bacteroidia;o__Bacteroidales;f__Rikenellaceae;g__Alistipes;s__Alistipes_senegalensis	k__Bacteria;p__Firmicutes;c__Clostridia;o__Clostridiales;f__Lachnospiraceae;g__Blautia;s__Blautia_sp._KLE_1732	k__Bacteria;p__Bacteroidetes;c__Bacteroidia;o__Bacteroidales;f__Bacteroidaceae;g__Bacteroides;s__Bacteroides_oleiciplenus	k__Bacteria;p__Firmicutes;c__Clostridia;o__Clostridiales;f__Ruminococcaceae;g__Ruminococcus;s__Ruminococcus_bicirculans	k__Bacteria;p__Bacteroidetes;c__Bacteroidia;o__Bacteroidales;f__Bacteroidaceae;g__Bacteroides;s__Bacteroides_fluxus	k__Bacteria;p__Bacteroidetes;c__Bacteroidia;o__Bacteroidales;f__Prevotellaceae;g__Prevotella;s__Prevotella_stercorea	k__Bacteria;p__Firmicutes;c__Clostridia;o__Clostridiales;f__Lachnospiraceae;g__Dorea;s__Dorea_longicatena	k__Bacteria;p__Firmicutes;c__Clostridia;o__Clostridiales;f__Eubacteriaceae;g__Eubacterium;s__[Eubacterium]_eligens	k__Bacteria;p__Firmicutes;c__Clostridia;o__Clostridiales;f__Ruminococcaceae;g__;s__Ruminococcaceae_bacterium_D16	k__Bacteria;p__Firmicutes;c__Clostridia;o__Clostridiales;f__Lachnospiraceae;g__Coprococcus;s__Coprococcus_comes	k__Bacteria;p__Proteobacteria;c__Gammaproteobacteria;o__Enterobacterales;f__Enterobacteriaceae;g__Escherichia;s__Escherichia_coli	k__Bacteria;p__Firmicutes;c__Clostridia;o__Clostridiales;f__Ruminococcaceae;g__Anaerotruncus;s__Anaerotruncus_colihominis	k__Bacteria;p__Firmicutes;c__Clostridia;o__Clostridiales;f__Lachnospiraceae;g__Blautia;s__Blautia_obeum	k__Bacteria;p__Bacteroidetes;c__Bacteroidia;o__Bacteroidales;f__Odoribacteraceae;g__Odoribacter;s__Odoribacter_laneus	k__Bacteria;p__Firmicutes;c__Clostridia;o__Clostridiales;f__Ruminococcaceae;g__Ruminiclostridium;s__[Clostridium]_leptum	k__Bacteria;p__Bacteroidetes;c__Bacteroidia;o__Bacteroidales;f__Porphyromonadaceae;g__Parabacteroides;s__Parabacteroides_goldsteinii	k__Bacteria;p__Firmicutes;c__Clostridia;o__Clostridiales;f__Lachnospiraceae;g__Anaerostipes;s__Anaerostipes_hadrus	k__Bacteria;p__Firmicutes;c__Clostridia;o__Clostridiales;f__Ruminococcaceae;g__Ruminococcus;s__Ruminococcus_lactaris	k__Bacteria;p__Firmicutes;c__Clostridia;o__Clostridiales;f__Clostridiaceae;g__Clostridium;s__Clostridium_sp._L2-50	k__Bacteria;p__Firmicutes;c__Clostridia;o__Clostridiales;f__Clostridiaceae;g__Clostridium;s__Clostridium_sp._M62/1	k__Bacteria;p__Firmicutes;c__Clostridia;o__Clostridiales;f__;g__Intestinimonas;s__Intestinimonas_butyriciproducens	k__Bacteria;p__Actinobacteria;c__Actinobacteria;o__Bifidobacteriales;f__Bifidobacteriaceae;g__Bifidobacterium;s__Bifidobacterium_bifidum	k__Bacteria;p__Firmicutes;c__Negativicutes;o__Veillonellales;f__Veillonellaceae;g__Dialister;s__Dialister_invisus	k__Bacteria;p__Bacteroidetes;c__Bacteroidia;o__Bacteroidales;f__Bacteroidaceae;g__Bacteroides;s__Bacteroides_salanitronis
k__Bacteria;p__Bacteroidetes;c__Bacteroidia;o__Bacteroidales;f__Bacteroidaceae;g__Bacteroides;s__Bacteroides_vulgatus	1.0	-0.046479369371	-0.0723561055743	0.0300219900992	-0.0840620635492	-0.0168858914868	-0.0601734872186	-0.108946181708	-0.0844087822841	-0.00919317948167	-0.148943324391	-0.0279280405988	-0.0267873535985	-0.0696473324417	-0.0488943417516	-0.0679118836431	-0.124711726184	-0.0456702977226	-0.0468882044163	0.0153203966958	-0.0229798979165	-0.00523628906248	0.00645143417407	0.0142599070385	-0.0109335827905	-0.00969118082313	-0.0147564235143	-0.0303216796254	0.040330587334	0.085017668555	0.0438532058505	-0.0288161454495	0.0330177891571	-0.0292935397395	-0.0619157790877	0.0523548549135	-0.113321520157	0.021970315762	-0.0556557461689	0.0370657928397	0.0416241606231	-0.0073735533054	0.00963782723815	-0.0701351362607	-0.00878159114428	-0.0437217577974	-0.0947466024203	-0.113151318715	0.00248111665822	0.0143709825883	-0.0696227212529	-0.0213419022271	-0.0784223477909	-0.0438458443628	-0.0421134148423	0.0737049984156	-0.0463412795347	0.0194890301338	0.00853006575533
k__Bacteria;p__Bacteroidetes;c__Bacteroidia;o__Bacteroidales;f__Bacteroidaceae;g__Bacteroides;s__Bacteroides_uniformis	-0.046479369371	1.0	0.0417297226635	-0.00732247501618	-0.0508510291633	0.00271462418317	0.0165871849794	-0.100232366235	-0.122375037716	-0.0778876888859	-0.128224851686	0.0353164435552	-0.050339168015	-0.0547556177394	0.0343961839527	0.0231356552061	-0.00582227447611	-0.0993752156736	-0.0313027965926	-0.0910666744406	-0.106189694128	-0.0745986544548	0.0467316306186	-0.0123698561399	0.0510960649624	-0.0114495258602	-0.139756625047	-0.0559045897396	-0.0713546873501	0.118002531764	-0.0276996889455	0.0941968300857	-0.0277495938146	-0.0757592231532	-0.085193157518	0.038856163727	0.118354875511	-0.0727602291909	-0.0720454638376	-0.00779113970322	-0.0354096969801	-0.00844644486588	-0.0822623147621	-0.0346694386437	0.0446098612968	-0.0149707047598	-0.0508044880334	-0.0624271780254	-0.0371074065802	-0.0753218989115	0.0518875569523	0.000940746420262	0.0238878203757	0.0575137019155	0.0385907370124	-0.046327841948	0.0085720642079	-0.107025185915	-0.0341880704823
k__Bacteria;p__Bacteroidetes;c__Bacteroidia;o__Bacteroidales;f__Rikenellaceae;g__Alistipes;s__Alistipes_putredinis	-0.0723561055743	0.0417297226635	1.0	-0.0632541293175	-0.039678622215	-0.0838414452276	-0.102482190296	-0.0564000570099	-0.116758325392	-0.0621431234472	-0.0121106947062	-0.0976183746577	0.139785376946	-0.0170449218876	0.0191152627008	-0.0423384632448	-0.182644864202	-0.0282553883738	0.0540126527955	0.00922530883398	0.0171489034129	-0.0603654869686	-0.0456892650922	-0.0678668138127	0.0191109434677	0.0712779149473	0.026351982399	0.00582348241103	-0.110607089248	0.00806207808279	0.0315895228314	-0.0337268947069	-0.0262756624457	-0.057408922512	0.026678740377	0.0968703713352	-0.112916095033	-0.059750383948	-0.0954639696234	-0.0163215044709	0.0413528172636	-0.0629236659413	-0.0103675887573	-0.0058849807284	0.0430147013323	-0.00926315914624	-0.101900439462	-0.00099314198855	-0.142897091027	0.0351280008903	0.0225281308504	-0.0226604760668	-0.0967945773491	-0.0141036240791	-0.0812937502532	0.0098543824383	-0.101614680336	-0.0713895532129	-0.116048423921
k__Bacteria;p__Bacteroidetes;c__Bacteroidia;o__Bacteroidales;f__Prevotellaceae;g__Prevotella;s__Prevotella_copri	0.0300219900992	-0.00732247501618	-0.0632541293175	1.0	-0.0895883202284	0.0590687760665	-0.0943609195999	-0.00639435258065	-0.127789079448	-0.108752078725	-0.044538180337	-0.015374854743	-0.0298038554636	-0.0622535484368	-0.0601361157624	-0.0243699351993	-0.0340084295045	-0.0902326461354	-0.0215443485032	0.0393298938604	-0.0178889872447	-0.0533949458902	-0.0221164096425	0.0088569605549	-0.0713691466148	-0.0785193615835	-0.119793663098	-0.0873433821284	-0.00979833806198	-0.0220785644117	-0.137430014024	-0.0325736853559	-0.0576434526364	-0.101360536856	-0.0523987722407	-0.016159353478	0.0444834045302	-0.0221591939709	-0.0443685684574	-0.096738738533	0.101003171448	0.0190634053636	0.0256183111934	-0.0643665904516	0.00139978609732	-0.0577230295514	-0.071573870404	-0.0953461110975	-0.0444509643877	-0.0204807707123	-0.0558071595225	-0.145924530295	-0.0107594973043	-0.0409449398626	-0.00054238149214	0.0866862678797	0.0145266398773	0.010343707494	-0.0324438281792
k__Bacteria;p__Bacteroidetes;c__Bacteroidia;o__Bacteroidales;f__Bacteroidaceae;g__Bacteroides;s__Bacteroides_stercoris	-0.0840620635492	-0.0508510291633	-0.039678622215	-0.0895883202284	1.0	-0.11534989038	0.109421756283	0.0938108108801	0.0210205038781	-0.102465522067	-0.0460544752926	-0.0991193296562	-0.0554586833333	-0.0252340268172	-0.0397114022521	0.105537703197	-0.0181606091547	-0.027422204044	-0.0627306449542	0.136925511225	0.0150763154432	-0.0172834464021	-0.0162361982597	-0.116022068648	-0.0186323775433	0.0283360612369	0.0283890832606	0.0189864820548	-0.0684371799099	-0.129642687099	-0.0900510672682	0.0112905091243	-0.014729828456	-0.0976265523209	0.0371305418079	-0.0321858711576	-0.0219250186322	0.0911869300622	1.48578526904e-05	-0.0343075804293	0.0219569528177	0.0285713509453	-0.0532066433876	0.0536778072874	-0.15134901216	-0.0300283513737	0.163812232248	-0.00252355358472	0.0211478663747	-0.0566656833666	0.0346257836609	-0.102333914838	0.0219058031181	0.0197359342286	-0.0450559507223	-0.06883420911	0.139753496628	-0.0855921247082	-0.00302303383589
k__Bacteria;p__Bacteroidetes;c__Bacteroidia;o__Bacteroidales;f__Bacteroidaceae;g__Bacteroides;s__Bacteroides_ovatus	-0.0168858914868	0.00271462418317	-0.0838414452276	0.0590687760665	-0.11534989038	1.0	0.0803839790064	-0.0616037352661	0.0111972040734	-0.00214959444296	-0.0277808713548	-0.0731487985513	0.0219178731832	-0.0113044099375	-0.0861688933354	-0.0475507239802	-0.0428561216179	-0.0538884952124	-0.15205817199	-0.0601394169513	-0.0697912655617	-0.0974397391764	-0.0745106098969	0.00408046768838	-0.107450301813	-0.040911024707	-0.0308120717725	-0.0632435228682	0.08196579922	-0.0617468451773	-0.0239298171615	0.00136130654716	-0.118014679452	0.0547637179257	-0.0422992339651	0.0605794718403	-0.00718426250138	0.0352401981472	-0.0347426190972	-0.00482528829041	-0.0220624292729	-0.0603327019074	-0.0727958194766	0.0934426350789	-0.0441126629837	-0.0521994680079	-0.102455231732	0.010897202917	0.0740370570871	-0.0395435116797	-0.0200534673886	0.0264938545044	-0.0736930228404	-0.0198670016757	-0.0994599963168	0.0503802048041	-0.0159895784479	-0.0244353350617	0.044032444431
k__Bacteria;p__Bacteroidetes;c__Bacteroidia;o__Bacteroidales;f__Rikenellaceae;g__Alistipes;s__Alistipes_shahii	-0.0601734872186	0.0165871849794	-0.102482190296	-0.0943609195999	0.109421756283	0.0803839790064	1.0	-0.0401018506534	0.0141131461742	-0.0624913985771	-0.0400209227057	0.014770772547	0.0778805834463	-0.0548652834671	-0.0129367928115	-0.0277671540001	-0.00802702531062	-0.152841556787	-0.128101121219	0.0500783387736	0.00411321280444	0.00849562293081	0.0209325902031	-0.00282909485205	-0.0150948520271	-0.0621920290497	-0.0347331545202	-0.0741217720412	0.00418708851432	-0.0592351669111	-0.041184138389	-0.0360021862976	-0.0460871692781	-0.054250582309	-0.0153401855347	-0.086175742002	-0.150191818814	0.0284481130267	0.11512213319	-0.0743955679973	0.0221898221334	0.0294658297683	-0.0863820292127	0.0192487555652	-0.0580263461081	-0.111779406901	0.116164305198	-0.0565476941108	0.0179642922026	-0.0745385691602	0.0723669426565	0.0308094579474	-0.0819777321643	-0.0773136213647	-0.137528559217	0.0251418900849	0.00252222202926	-0.0514388250052	-0.0745781075629
k__Bacteria;p__Firmicutes;c__Clostridia;o__Clostridiales;f__Ruminococcaceae;g__Faecalibacterium;s__Faecalibacterium_prausnitzii	-0.108946181708	-0.100232366235	-0.0564000570099	-0.00639435258065	0.0938108108801	-0.0616037352661	-0.0401018506534	1.0	0.0490497088106	0.0523429990011	0.00983095588749	-0.000793858803473	-0.0340575499011	0.014040420347	-0.122633880945	0.0242212733883	0.00368901838558	-0.0678153325618	0.0634791385683	-0.073144693078	-0.0332706717447	-0.0956440828691	-0.00901464515622	-0.0246331990103	-0.0112836167355	0.0085931562748	0.0306858249746	-0.072024171134	-0.029866900775	-0.0492647001355	-0.0214210442691	-0.0899748008135	-0.0640341905933	-0.0047376368985	0.0149791861149	-0.0283998357422	0.0588216535909	0.0371008247356	-0.00853380839023	0.0158658139768	0.0180875850964	0.00570554525484	-0.0626024759357	-0.048960189685	-0.0174031373917	-0.0381802691596	-0.0597767122808	-0.0242201094881	-0.073122870921	-0.0801269579817	-0.0755103377235	-0.0384935175157	-0.0331243832047	0.0244505451225	-0.0362758073816	0.0102411369056	-0.0672938518293	0.00457799342863	-0.0767250520273
k__Bacteria;p__Bacteroidetes;c__Bacteroidia;o__Bacteroidales;f__Rikenellaceae;g__Alistipes;s__Alistipes_finegoldii	-0.0844087822841	-0.122375037716	-0.116758325392	-0.127789079448	0.0210205038781	0.0111972040734	0.0141131461742	0.0490497088106	1.0	0.0361325478049	0.0014086121138	0.0684279715482	-0.0760847030687	0.0688279841698	-0.0625466274216	-0.0165054931708	-0.0173553506387	-0.0902682391872	-0.122676731752	-0.0193628417214	-0.00492901755763	0.054884553015	0.021509472657	0.043187905974	0.0221568042749	-0.0294957805081	-0.0422957630279	-0.0190343142466	0.0236836494477	-0.0145927693918	-0.0662971006486	-0.00491915452739	0.0276936503829	-0.0626885397287	0.0191349476552	0.0206128535433	-0.052109239567	0.00626138982256	-0.0392466707556	-0.0581497691702	-0.0596053086542	-0.0572213429736	-0.0480062782975	0.00130292532457	0.0145261631543	0.0256226362205	0.0069715954652	0.0744256325514	-0.0594077919565	-0.0147231062248	-0.104256398983	-0.085477032482	-0.0177757890852	0.0119855175083	-0.0512582724986	0.0192042531071	-0.156426229371	-0.0121440841327	-0.156728329934
k__Bacteria;p__Bacteroidetes;c__Bacteroidia;o__Bacteroidales;f__Porphyromonadaceae;g__Parabacteroides;s__Parabacteroides_distasonis	-0.00919317948167	-0.0778876888859	-0.0621431234472	-0.108752078725	-0.102465522067	-0.00214959444296	-0.0624913985771	0.0523429990011	0.0361325478049	1.0	-0.0275042033713	-0.00688439181964	-0.0763273758671	0.00945203220328	0.00218278470182	-0.17592280421	0.0395361583524	-0.0465245244186	0.040842689115	-0.0698560159446	-0.0117643290153	-0.04310257699	-0.0448810922455	-0.0434724185301	0.00983613307155	-0.071134955733	-0.0401515747627	-0.0643678345234	-0.0543369589069	0.0389183958078	-0.119875742595	-0.0469027583061	-0.0282391374132	0.0680313290458	-0.0219373021438	-0.0605290754208	-0.0751241162432	-0.0465476937737	-0.0453176992638	-0.0146306182008	-0.0580443283607	-0.0439528996422	-0.0395169776753	-0.0167414688441	0.00429546483229	-0.102957513052	-0.0514222764612	-0.0631113182563	-0.0303226572609	0.0106492048661	-0.0126679348127	0.0293600233296	-0.0930115988355	0.0398704426575	-0.0146229906341	0.0256986559103	2.78791726534e-05	-0.0156748723673	0.0458477254931
k__Bacteria;p__Bacteroidetes;c__Bacteroidia;o__Bacteroidales;f__Bacteroidaceae;g__Bacteroides;s__Bacteroides_thetaiotaomicron	-0.148943324391	-0.128224851686	-0.0121106947062	-0.044538180337	-0.0460544752926	-0.0277808713548	-0.0400209227057	0.00983095588749	0.0014086121138	-0.0275042033713	1.0	-0.0461224618447	-0.0795704025625	-0.0937501612194	-0.0523373152104	0.0613753058505	-0.0201895171204	0.0485884376727	-0.00638793056672	-0.0833398016081	-0.00151069462744	0.0203417747717	-0.0227873425426	-0.0771412649497	-0.0486223305928	-0.0919297888785	-0.0556791690443	-0.0101096916949	-0.0309478112424	-0.0404958838994	-0.0928097158583	-0.0154493541022	-0.0102742195118	0.0413146345857	-0.109557808816	-0.0733505151821	-0.0388008082219	-0.0434781464177	-0.025157677008	-0.0293793577425	0.0343948701594	-0.0274141067016	-0.0243243214774	0.0377655900375	-0.0696852568348	0.00122596698534	-0.0360447307328	-0.016661546486	0.00941749739475	-0.160505447798	0.0354299667	0.0437170237586	-0.0364211761601	-0.101965480045	-0.0354551830596	-0.0194000179615	-0.0224683367732	-0.000504277479112	-0.00746194513409
k__Bacteria;p__Bacteroidetes;c__Bacteroidia;o__Bacteroidales;f__Bacteroidaceae;g__Bacteroides;s__Bacteroides_coprocola	-0.0279280405988	0.0353164435552	-0.0976183746577	-0.015374854743	-0.0991193296562	-0.0731487985513	0.014770772547	-0.000793858803473	0.0684279715482	-0.00688439181964	-0.0461224618447	1.0	-0.0629591222562	-0.0488274503905	0.0260362325177	0.0110000422905	-0.012179485534	-0.117524285639	-0.123781455099	0.0453096478812	-0.0504432018831	-0.041282945222	-0.109320538023	0.0235298366971	-0.0647454225698	-0.0311810418513	-0.0774620081965	-0.0511851207205	-0.100376215216	-0.0241714999338	-0.0424031851151	-0.0237287648666	0.105822569239	-0.0808281116624	-0.0654347256863	-0.0567939649951	-0.1165783424	-0.0231795309447	-0.0211027739497	-0.0752163926252	0.0639828375568	0.00981615306927	0.0117885459275	-0.0309151749866	-0.0725940062775	0.0361278911787	-0.0273949812806	0.0198477261382	0.00965704218366	-0.100227057309	-0.063464765531	-0.0360530566392	-0.0437271400306	0.0340744011736	-0.0124985460569	-0.0117899333906	0.00843536540881	-0.0600451231283	0.0531888796031
k__Bacteria;p__Bacteroidetes;c__Bacteroidia;o__Bacteroidales;f__Bacteroidaceae;g__Bacteroides;s__Bacteroides_cellulosilyticus	-0.0267873535985	-0.050339168015	0.139785376946	-0.0298038554636	-0.0554586833333	0.0219178731832	0.0778805834463	-0.0340575499011	-0.0760847030687	-0.0763273758671	-0.0795704025625	-0.0629591222562	1.0	-0.0478384420054	-0.0406272635586	0.0381550922056	0.0406860976787	-0.0399425544748	0.0560899837459	-0.00948212339383	0.0431331061852	-0.10780384972	-0.0802391192204	-0.104826473143	-0.0872107543535	-0.0932113543903	-0.0156807691988	0.0607557292396	-0.00901872512854	0.053213403643	-0.0144280753288	-0.0023071285583	-0.040033069644	-0.0267784377589	-0.171284547888	-0.00350538375078	-0.0225275988091	-0.048219136904	0.0950046995476	-0.0895401513257	0.0567405184871	-0.10723040357	-0.026999855789	-0.00773179773239	-0.0683131069592	-0.152082943139	0.0520553904599	0.00434879794052	-0.0617330582233	-0.0369503423626	-0.133998624685	-0.0339603002583	-0.0922380422914	0.0460835496684	0.0446726493349	0.0146160746708	-0.0371303755104	-0.0488978194827	-0.000148829559896
k__Bacteria;p__Bacteroidetes;c__Bacteroidia;o__Bacteroidales;f__Rikenellaceae;g__Alistipes;s__Alistipes_obesi	-0.0696473324417	-0.0547556177394	-0.0170449218876	-0.0622535484368	-0.0252340268172	-0.0113044099375	-0.0548652834671	0.014040420347	0.0688279841698	0.00945203220328	-0.0937501612194	-0.0488274503905	-0.0478384420054	1.0	0.102444373511	-0.221670246693	-0.015721974849	0.0166629775861	0.0374952427893	-0.0229189205385	0.00160572203257	-0.0730130526597	-0.182191649486	-0.0290577946219	-0.184606289189	-0.174687232017	-0.0847277264426	-0.0415425436927	0.0266705326821	-0.00756520694608	0.0553232157707	-0.120025458549	-0.090099205689	-0.033706500323	0.120210449138	-0.00417776967447	-0.0183673464567	0.0264194635566	-0.0280129456933	0.00636149332602	-0.0170875280042	-0.0365394412048	-0.0883317292672	-0.0321407966642	4.34377554646e-05	0.00192671434881	-0.099021284816	0.0205525476859	-0.0673880823129	-0.173631068912	-0.0281474767953	-0.149992478631	-0.0533201424753	-0.0105160816529	-0.00402671833202	-0.076903783175	-0.0857264302418	-0.131805218	0.00755782262624
k__Bacteria;p__Firmicutes;c__Clostridia;o__Clostridiales;f__Lachnospiraceae;g__;s__[Eubacterium]_rectale	-0.0488943417516	0.0343961839527	0.0191152627008	-0.0601361157624	-0.0397114022521	-0.0861688933354	-0.0129367928115	-0.122633880945	-0.0625466274216	0.00218278470182	-0.0523373152104	0.0260362325177	-0.0406272635586	0.102444373511	1.0	-0.0857673105829	0.0235448165433	0.00728614561761	-0.0515548743407	-0.0916095494455	-0.0497544739125	0.0405606307355	-0.0574279426226	-0.0854090268699	0.0195768625423	0.00815153830917	0.00911959828844	-0.0446290197662	-0.0970390612646	-0.0549413545528	0.00275133505747	-0.0764037777573	0.0534477233049	-0.10393710235	-0.0350973170702	-0.0125812356561	-0.120240614367	-0.0224542969713	-0.0842310632794	0.0659037666598	-0.0127208487329	-0.0252397457866	-0.0446073752829	0.0303602708009	-0.0411800789482	-0.054040980016	-0.00191221221383	-0.0716974483546	-0.0633486238404	-0.220309159724	-0.0116744949403	-0.0256481027967	0.0927224867092	0.0218789066657	0.0227022433336	-0.0058502915273	0.024494355481	-0.113491425925	0.0161239198423
k__Bacteria;p__Bacteroidetes;c__Bacteroidia;o__Bacteroidales;f__Bacteroidaceae;g__Bacteroides;s__Bacteroides_plebeius	-0.0679118836431	0.0231356552061	-0.0423384632448	-0.0243699351993	0.105537703197	-0.0475507239802	-0.0277671540001	0.0242212733883	-0.0165054931708	-0.17592280421	0.0613753058505	0.0110000422905	0.0381550922056	-0.221670246693	-0.0857673105829	1.0	-0.0528250207816	-0.00216782827411	-0.0638142475662	0.0497601501362	0.0474472384225	-0.0774736722851	-0.0595374251177	0.0299055118978	-0.0309691835114	-0.135261906154	0.0291640032117	-0.0544109594493	-0.063313635135	-0.0746697850757	-0.134750100574	-0.0983601643338	0.0101360068988	-0.0623863381778	-0.0622715302497	-0.0329332832889	-0.0467625477033	0.024591111603	0.0947135839912	-0.0300374322851	-0.0652851641294	-0.0718462028183	-0.0400659571212	0.0126050079112	-0.109538507476	-0.12223127687	-0.0211009533139	0.0651522040339	0.0277661199101	-0.0718844054038	-0.00102782826189	-0.0262738778009	-0.156979929751	0.0207238071635	0.0298211731539	-0.0082731512757	0.0308619875368	-0.0331423655441	-0.0421522082817
k__Bacteria;p__Bacteroidetes;c__Bacteroidia;o__Bacteroidales;f__Bacteroidaceae;g__Bacteroides;s__Bacteroides_fragilis	-0.124711726184	-0.00582227447611	-0.182644864202	-0.0340084295045	-0.0181606091547	-0.0428561216179	-0.00802702531062	0.00368901838558	-0.0173553506387	0.0395361583524	-0.0201895171204	-0.012179485534	0.0406860976787	-0.015721974849	0.0235448165433	-0.0528250207816	1.0	-0.065316558622	0.0366268449074	-0.142823116356	0.0235591411165	0.0107933807402	-0.028660297917	0.0491567193113	-0.0017991381228	-0.112420145699	-0.0389815829552	0.0864497936025	0.025928845336	-0.0578922197713	-0.0245344522536	-0.0767017585447	-0.140808211304	-0.0501323234016	-0.153771553875	-0.100179557358	-0.0598110944716	-0.0983211632973	0.0267463498184	0.00223217784619	-0.101762271207	-0.104354724617	0.0323373126599	-0.166411456904	0.0228666022237	-0.150242085276	0.0407212791571	-0.0709030427657	-0.0557982668935	-0.0118573266734	0.0613241563147	0.0752747875342	0.0113713185274	-0.0463861317099	-0.0499767147547	-0.0115208738297	-0.0682772563534	0.0474076530903	0.0372116914528
k__Bacteria;p__Proteobacteria;c__Betaproteobacteria;o__Burkholderiales;f__Sutterellaceae;g__Sutterella;s__Sutterella_wadsworthensis	-0.0456702977226	-0.0993752156736	-0.0282553883738	-0.0902326461354	-0.027422204044	-0.0538884952124	-0.152841556787	-0.0678153325618	-0.0902682391872	-0.0465245244186	0.0485884376727	-0.117524285639	-0.0399425544748	0.0166629775861	0.00728614561761	-0.00216782827411	-0.065316558622	1.0	0.0778545113707	0.0231987701373	-0.110230715993	-0.0186251717886	-0.00889411627265	0.0182746917638	0.0142978684653	0.0187129990788	0.0904200323611	0.0395600017294	-0.091718552969	0.039151000928	0.00890464967419	-0.0259987478398	-0.00754885743587	0.0263945805352	-0.137522303942	-0.0824687440456	-0.0263340676245	-0.0303841390175	-0.118604362933	0.01157728384	-0.110931619353	0.0724984366433	-0.0646665613797	-0.0858388889349	0.0413504985006	0.155224723225	-0.0172403758634	0.0338149529972	-0.0707031332975	0.121695124284	0.0236380160563	0.053992158937	-0.0616321365706	0.0269054364757	0.0139702089171	-0.167981781152	-0.0176600658865	0.0213010294675	-0.0269226815042
k__Bacteria;p__Bacteroidetes;c__Bacteroidia;o__Bacteroidales;f__Porphyromonadaceae;g__Barnesiella;s__Barnesiella_intestinihominis	-0.0468882044163	-0.0313027965926	0.0540126527955	-0.0215443485032	-0.0627306449542	-0.15205817199	-0.128101121219	0.0634791385683	-0.122676731752	0.040842689115	-0.00638793056672	-0.123781455099	0.0560899837459	0.0374952427893	-0.0515548743407	-0.0638142475662	0.0366268449074	0.0778545113707	1.0	-0.0968366333885	-0.178099009288	0.0671605649388	-0.125952066825	0.0123954665276	-0.0613707984343	0.066398684792	-0.0621663152654	0.0520664464191	0.015840920309	-0.0322998862449	0.0351971302348	-0.0718380791718	0.0240236225755	-0.0358236230892	0.0947226398256	-0.025353807825	-0.0307438625878	0.0379666032466	0.0123834698973	-0.022460710806	-0.0713098157668	-0.0418262876782	-0.0164435643798	-0.0986042010185	-0.151736696873	0.00532138954738	-0.087931761506	-0.0395409269286	-0.068466652432	-0.0144693572661	0.061852608772	0.001425622903	-0.0452010671599	-0.13502091999	-0.0665656553443	-0.0458484986685	-0.00281582321992	0.0800075677963	0.029873661711
k__Bacteria;p__Bacteroidetes;c__Bacteroidia;o__Bacteroidales;f__Odoribacteraceae;g__Odoribacter;s__Odoribacter_splanchnicus	0.0153203966958	-0.0910666744406	0.00922530883398	0.0393298938604	0.136925511225	-0.0601394169513	0.0500783387736	-0.073144693078	-0.0193628417214	-0.0698560159446	-0.0833398016081	0.0453096478812	-0.00948212339383	-0.0229189205385	-0.0916095494455	0.0497601501362	-0.142823116356	0.0231987701373	-0.0968366333885	1.0	-0.0534721678399	-0.126733119985	-0.0567438170773	0.0521016384411	-0.0968238226121	0.0271721357921	-0.0367839476317	-0.00619852107969	-0.0939840889387	-0.113452707973	-0.0860061194173	-0.0304982374181	-0.0349787700383	-0.0301248164009	0.0207922635095	0.0549996162388	-0.0487090642029	-0.0690929717598	-0.000799198807311	-0.131950428283	-0.0676871835534	-0.0414007713215	0.00384192851553	-0.00902312861759	-0.0142427326404	-0.0532527665159	-0.0229130862997	-0.110491275357	0.00971439686575	0.0754397640733	-0.178878115268	0.0171549112039	-0.110770115934	0.11434236789	-0.0339497402799	-0.0659440653343	0.044971058868	-0.126261851435	-0.0900956301835
k__Bacteria;p__Bacteroidetes;c__Bacteroidia;o__Bacteroidales;f__Bacteroidaceae;g__Bacteroides;s__Bacteroides_salyersiae	-0.0229798979165	-0.106189694128	0.0171489034129	-0.0178889872447	0.0150763154432	-0.0697912655617	0.00411321280444	-0.0332706717447	-0.00492901755763	-0.0117643290153	-0.00151069462744	-0.0504432018831	0.0431331061852	0.00160572203257	-0.0497544739125	0.0474472384225	0.0235591411165	-0.110230715993	-0.178099009288	-0.0534721678399	1.0	-0.0241300781986	-0.0233123950111	0.00914883024128	-0.034699327349	-0.121935563798	-0.0302104117468	0.0244546454103	-0.122950687399	-0.0928416908837	-0.15951769695	-0.0303833890962	0.0598813291969	0.00292938552411	0.00619639843011	-0.070117451665	-0.131489152632	0.0477600352681	-0.0698615729262	0.0798456156388	0.0648700510017	-0.00485347074243	0.011510051525	-0.0787857232547	-0.0420098495015	-0.0723619820402	-0.00187723038586	0.0116284172509	0.0297479110415	-0.03170622981	-0.0574121295474	-0.00360285072583	0.00157227805564	-0.06942658863	-0.0793762532556	-0.0627082169181	0.00839495612483	-0.0476151683564	-0.0313128326198
k__Bacteria;p__Firmicutes;c__Clostridia;o__Clostridiales;f__Ruminococcaceae;g__Ruminiclostridium;s__[Eubacterium]_siraeum	-0.00523628906248	-0.0745986544548	-0.0603654869686	-0.0533949458902	-0.0172834464021	-0.0974397391764	0.00849562293081	-0.0956440828691	0.054884553015	-0.04310257699	0.0203417747717	-0.041282945222	-0.10780384972	-0.0730130526597	0.0405606307355	-0.0774736722851	0.0107933807402	-0.0186251717886	0.0671605649388	-0.126733119985	-0.0241300781986	1.0	0.00249271747986	-0.134179083634	-0.0960091559177	-0.08971171811	-0.0993785529151	-0.0234664116602	-0.0350015171297	-0.0467339255353	-0.0223838109587	0.0170616130101	0.0672115939461	0.00970695440555	0.0243141985157	-0.138721698	-0.100737351691	0.00105457175325	-0.105970224814	0.0266913109785	0.0028146356737	-0.106907275523	0.0466263628695	-0.0222190632124	-0.0862288381982	0.00545090258237	0.0288680297928	-0.0559818316072	-0.123373493531	-0.0162832983797	-0.0116535779118	0.0127107433668	0.0194968698501	-0.0202440228242	0.0112540363788	0.022449247066	-0.040747775782	0.0567590907772	-0.025633340842
k__Bacteria;p__Proteobacteria;c__Betaproteobacteria;o__Burkholderiales;f__Sutterellaceae;g__Parasutterella;s__Parasutterella_excrementihominis	0.00645143417407	0.0467316306186	-0.0456892650922	-0.0221164096425	-0.0162361982597	-0.0745106098969	0.0209325902031	-0.00901464515622	0.021509472657	-0.0448810922455	-0.0227873425426	-0.109320538023	-0.0802391192204	-0.182191649486	-0.0574279426226	-0.0595374251177	-0.028660297917	-0.00889411627265	-0.125952066825	-0.0567438170773	-0.0233123950111	0.00249271747986	1.0	-0.0135167709431	-0.0422213246365	0.0126311272501	-0.00240446360964	-0.0640325129255	0.0344364961681	-0.0402082915966	-0.0394350250675	-0.104528267544	-0.0382580586594	-0.100357522394	0.00826279594497	0.0116563619676	0.0222369376914	-0.134131331628	0.0462214549255	-0.0913272034448	-0.0492747926728	-0.017561676708	0.102572386474	-0.0143880737361	-0.0451389633658	-0.111749629641	-0.106456469386	-0.0390454045435	-0.0398908516521	0.0168971494137	0.0369642306393	-0.154770543103	-0.171452209104	-0.127208282069	-0.0475125737238	-0.00047002888406	-0.0708609278256	-0.0542194483192	-0.0766351737721
k__Bacteria;p__Actinobacteria;c__Actinobacteria;o__Bifidobacteriales;f__Bifidobacteriaceae;g__Bifidobacterium;s__Bifidobacterium_adolescentis	0.0142599070385	-0.0123698561399	-0.0678668138127	0.0088569605549	-0.116022068648	0.00408046768838	-0.00282909485205	-0.0246331990103	0.043187905974	-0.0434724185301	-0.0771412649497	0.0235298366971	-0.104826473143	-0.0290577946219	-0.0854090268699	0.0299055118978	0.0491567193113	0.0182746917638	0.0123954665276	0.0521016384411	0.00914883024128	-0.134179083634	-0.0135167709431	1.0	-0.103611467352	0.0165134809197	0.027937938538	-0.0359671561072	-0.0544489895561	-0.0176632241694	-0.0161017594121	-0.0127299199586	0.0616438973156	-0.0908669749094	1.40105450847e-05	-0.0430260468923	-0.0676992436421	0.0490601504959	-0.0414884737193	0.0300598663617	-0.144609474693	-0.0361542922229	0.0358948153263	-0.103736883778	0.000120215093796	-0.150009928458	-0.143157416989	-0.0547261054323	-0.0986494524176	-0.040732856811	-0.0122454996447	0.0389829279122	0.0561094641414	-0.0787855082526	-0.0424580105309	-0.0849017644566	-0.129575350369	0.0164710433715	0.0277827583381
k__Bacteria;p__Firmicutes;c__Clostridia;o__Clostridiales;f__Oscillospiraceae;g__Oscillibacter;s__Oscillibacter_sp._KLE_1745	-0.0109335827905	0.0510960649624	0.0191109434677	-0.0713691466148	-0.0186323775433	-0.107450301813	-0.0150948520271	-0.0112836167355	0.0221568042749	0.00983613307155	-0.0486223305928	-0.0647454225698	-0.0872107543535	-0.184606289189	0.0195768625423	-0.0309691835114	-0.0017991381228	0.0142978684653	-0.0613707984343	-0.0968238226121	-0.034699327349	-0.0960091559177	-0.0422213246365	-0.103611467352	1.0	-0.0151901002355	-0.0526764408035	-0.0508796649237	-0.0399428818127	-0.122803177791	0.0568235607196	-0.092540532752	-0.0664436462621	0.0225456676436	-0.049213161348	-0.0543276663745	0.0718856991527	-0.017343590021	-0.045592723112	-0.0242402212226	0.0489886102425	-0.038480983526	-0.114048285416	-0.0790092977612	-0.16607321201	-0.0317416589618	0.0210540685212	-0.037587061275	-0.0388371115128	-0.0865445055658	0.0718691488	-0.113940819303	0.0114429844874	-0.151944188451	-0.0164380298278	-0.0659498352387	0.0515795967079	-0.0435388745935	-0.0620448200601
k__Bacteria;p__Bacteroidetes;c__Bacteroidia;o__Bacteroidales;f__Bacteroidaceae;g__Bacteroides;s__Bacteroides_coprophilus	-0.00969118082313	-0.0114495258602	0.0712779149473	-0.0785193615835	0.0283360612369	-0.040911024707	-0.0621920290497	0.0085931562748	-0.0294957805081	-0.071134955733	-0.0919297888785	-0.0311810418513	-0.0932113543903	-0.174687232017	0.00815153830917	-0.135261906154	-0.112420145699	0.0187129990788	0.066398684792	0.0271721357921	-0.121935563798	-0.08971171811	0.0126311272501	0.0165134809197	-0.0151901002355	1.0	-0.100219280974	0.000360608374634	0.021385375724	0.00806130765755	0.0387518614893	0.0325945068708	-0.0935744172277	0.0440490187084	-0.0756850663695	0.00850670710748	-0.0348283058115	0.0164656090401	-0.0744063548811	0.0455638488681	-0.0628198188904	0.0564471021568	0.0903639426867	0.0399099230432	0.066769399045	-0.0510247236105	-0.0409209932952	-0.0225967467156	-0.0985354571988	0.0462127049572	-0.0357079264048	0.0187206163396	-0.0448656798499	-0.0440138876675	-0.0750911609956	-0.096356558442	0.0376142848921	0.000471909715997	-0.0677488385863
k__Bacteria;p__Firmicutes;c__Clostridia;o__Clostridiales;f__Lachnospiraceae;g__Roseburia;s__Roseburia_intestinalis	-0.0147564235143	-0.139756625047	0.026351982399	-0.119793663098	0.0283890832606	-0.0308120717725	-0.0347331545202	0.0306858249746	-0.0422957630279	-0.0401515747627	-0.0556791690443	-0.0774620081965	-0.0156807691988	-0.0847277264426	0.00911959828844	0.0291640032117	-0.0389815829552	0.0904200323611	-0.0621663152654	-0.0367839476317	-0.0302104117468	-0.0993785529151	-0.00240446360964	0.027937938538	-0.0526764408035	-0.100219280974	1.0	-0.00590399350084	-0.119871125706	-0.0638760716162	-0.0328177646948	0.0267035994246	0.00997486880479	-0.0502651675963	0.0859151585622	0.0565025105468	-0.056917271022	0.0200075597183	-0.0808502262499	0.091624742522	-0.0917293640064	0.139283912387	-0.0341362005847	0.0256981061775	0.0964069564702	-0.141495844451	-0.0108625215275	0.0636205484172	-0.0220820432831	-0.120766523185	0.0116715584007	-0.074702193892	-0.0418366982699	0.0246376787655	-0.0940883011036	-0.0613329982934	0.0739878258346	-0.119562698835	-0.0145851672925
k__Bacteria;p__Firmicutes;c__Clostridia;o__Clostridiales;f__Lachnospiraceae;g__Roseburia;s__Roseburia_hominis	-0.0303216796254	-0.0559045897396	0.00582348241103	-0.0873433821284	0.0189864820548	-0.0632435228682	-0.0741217720412	-0.072024171134	-0.0190343142466	-0.0643678345234	-0.0101096916949	-0.0511851207205	0.0607557292396	-0.0415425436927	-0.0446290197662	-0.0544109594493	0.0864497936025	0.0395600017294	0.0520664464191	-0.00619852107969	0.0244546454103	-0.0234664116602	-0.0640325129255	-0.0359671561072	-0.0508796649237	0.000360608374634	-0.00590399350084	1.0	-0.0261731305067	0.0472265316898	0.0442502075653	-0.0481256813159	-0.0101503420548	-0.0155281414977	-0.0242944907726	0.00688427522596	0.0257877375651	-0.0969422428554	-0.0202303534613	0.0572714573313	0.0140244320599	0.0142032810011	-0.00888008176099	-0.0349381585743	-0.00320049434578	-0.111819450814	0.0234084304898	0.0142236641839	-0.0820548219266	-0.027709864508	-0.0758009978255	-0.0987322364667	-0.0806246894518	-0.0389901904462	-0.0538715212752	-0.0503428758617	-0.00495302102896	-0.0856866676104	0.00594852761878
k__Bacteria;p__Bacteroidetes;c__Bacteroidia;o__Bacteroidales;f__Porphyromonadaceae;g__Parabacteroides;s__Parabacteroides_johnsonii	0.040330587334	-0.0713546873501	-0.110607089248	-0.00979833806198	-0.0684371799099	0.08196579922	0.00418708851432	-0.029866900775	0.0236836494477	-0.0543369589069	-0.0309478112424	-0.100376215216	-0.00901872512854	0.0266705326821	-0.0970390612646	-0.063313635135	0.025928845336	-0.091718552969	0.015840920309	-0.0939840889387	-0.122950687399	-0.0350015171297	0.0344364961681	-0.0544489895561	-0.0399428818127	0.021385375724	-0.119871125706	-0.0261731305067	1.0	-0.0770646720232	-0.050488636361	0.0126923595445	-0.105382590739	0.0766155002587	-0.0255872771861	-0.0597030656135	0.103842441448	-0.0285136798386	0.00150155606743	0.0487711750757	-0.0735401444299	-0.0615793443584	-0.015647131573	-0.129825782482	0.0740849458851	0.0320064711695	-0.0430062792336	0.0448268709059	0.0353555775442	-0.0346109929808	-0.110812235688	-0.00394633069882	-0.0162240970627	-0.12179726171	-0.0126186015192	0.00946015387134	-0.0870775965289	-0.0272818758699	-0.117893007973
k__Bacteria;p__Actinobacteria;c__Actinobacteria;o__Bifidobacteriales;f__Bifidobacteriaceae;g__Bifidobacterium;s__Bifidobacterium_longum	0.085017668555	0.118002531764	0.00806207808279	-0.0220785644117	-0.129642687099	-0.0617468451773	-0.0592351669111	-0.0492647001355	-0.0145927693918	0.0389183958078	-0.0404958838994	-0.0241714999338	0.053213403643	-0.00756520694608	-0.0549413545528	-0.0746697850757	-0.0578922197713	0.039151000928	-0.0322998862449	-0.113452707973	-0.0928416908837	-0.0467339255353	-0.0402082915966	-0.0176632241694	-0.122803177791	0.00806130765755	-0.0638760716162	0.0472265316898	-0.0770646720232	1.0	-0.0733552628486	-0.0882018367081	-0.0645029089649	-0.0486896233125	-0.00140210551424	0.0419131978586	-0.0764926524912	-0.145433820145	-0.0405136689318	-0.0816554121515	-0.0162652123711	0.091338601183	-0.0661887565693	0.0290288396666	-0.0364777276418	-0.0771391984944	-0.0355497186684	-0.00983427962824	-0.0228969603976	-0.0011732843623	-0.0389169779867	-0.146004320075	-0.122710405541	-0.0444180767342	0.00861879094837	-0.0423224166016	-0.0780852108963	0.0312421188938	-0.000600368861339
