#taxonomy	k__Bacteria;p__Bacteroidetes;c__Bacteroidia;o__Bacteroidales;f__Bacteroidaceae;g__Bacteroides;s__Bacteroides_vulgatus	k__Bacteria;p__Bacteroidetes;c__Bacteroidia;o__Bacteroidales;f__Bacteroidaceae;g__Bacteroides;s__Bacteroides_uniformis	k__Bacteria;p__Bacteroidetes;c__Bacteroidia;o__Bacteroidales;f__Rikenellaceae;g__Alistipes;s__Alistipes_putredinis	k__Bacteria;p__Bacteroidetes;c__Bacteroidia;o__Bacteroidales;f__Prevotellaceae;g__Prevotella;s__Prevotella_copri	k__Bacteria;p__Bacteroidetes;c__Bacteroidia;o__Bacteroidales;f__Bacteroidaceae;g__Bacteroides;s__Bacteroides_stercoris	k__Bacteria;p__Bacteroidetes;c__Bacteroidia;o__Bacteroidales;f__Bacteroidaceae;g__Bacteroides;s__Bacteroides_ovatus	k__Bacteria;p__Bacteroidetes;c__Bacteroidia;o__Bacteroidales;f__Rikenellaceae;g__Alistipes;s__Alistipes_shahii	k__Bacteria;p__Firmicutes;c__Clostridia;o__Clostridiales;f__Ruminococcaceae;g__Faecalibacterium;s__Faecalibacterium_prausnitzii	k__Bacteria;p__Bacteroidetes;c__Bacteroidia;o__Bacteroidales;f__Rikenellaceae;g__Alistipes;s__Alistipes_finegoldii	k__Bacteria;p__Bacteroidetes;c__Bacteroidia;o__Bacteroidales;f__Porphyromonadaceae;g__Parabacteroides;s__Parabacteroides_distasonis	k__Bacteria;p__Bacteroidetes;c__Bacteroidia;o__Bacteroidales;f__Bacteroidaceae;g__Bacteroides;s__Bacteroides_thetaiotaomicron	k__Bacteria;p__Bacteroidetes;c__Bacteroidia;o__Bacteroidales;f__Bacteroidaceae;g__Bacteroides;s__Bacteroides_coprocola	k__Bacteria;p__Bacteroidetes;c__Bacteroidia;o__Bacteroidales;f__Bacteroidaceae;g__Bacteroides;s__Bacteroides_cellulosilyticus	k__Bacteria;p__Bacteroidetes;c__Bacteroidia;o__Bacteroidales;f__Rikenellaceae;g__Alistipes;s__Alistipes_obesi	k__Bacteria;p__Firmicutes;c__Clostridia;o__Clostridiales;f__Lachnospiraceae;g__;s__[Eubacterium]_rectale	k__Bacteria;p__Bacteroidetes;c__Bacteroidia;o__Bacteroidales;f__Bacteroidaceae;g__Bacteroides;s__Bacteroides_plebeius	k__Bacteria;p__Bacteroidetes;c__Bacteroidia;o__Bacteroidales;f__Bacteroidaceae;g__Bacteroides;s__Bacteroides_fragilis	k__Bacteria;p__Proteobacteria;c__Betaproteobacteria;o__Burkholderiales;f__Sutterellaceae;g__Sutterella;s__Sutterella_wadsworthensis	k__Bacteria;p__Bacteroidetes;c__Bacteroidia;o__Bacteroidales;f__Porphyromonadaceae;g__Barnesiella;s__Barnesiella_intestinihominis	k__Bacteria;p__Bacteroidetes;c__Bacteroidia;o__Bacteroidales;f__Odoribacteraceae;g__Odoribacter;s__Odoribacter_splanchnicus	k__Bacteria;p__Bacteroidetes;c__Bacteroidia;o__Bacteroidales;f__Bacteroidaceae;g__Bacteroides;s__Bacteroides_salyersiae	k__Bacteria;p__Firmicutes;c__Clostridia;o__Clostridiales;f__Ruminococcaceae;g__Ruminiclostridium;s__[Eubacterium]_siraeum	k__Bacteria;p__Proteobacteria;c__Betaproteobacteria;o__Burkholderiales;f__Sutterellaceae;g__Parasutterella;s__Parasutterella_excrementihominis	k__Bacteria;p__Actinobacteria;c__Actinobacteria;o__Bifidobacteriales;f__Bifidobacteriaceae;g__Bifidobacterium;s__Bifidobacterium_adolescentis	k__Bacteria;p__Firmicutes;c__Clostridia;o__Clostridiales;f__Oscillospiraceae;g__Oscillibacter;s__Oscillibacter_sp._KLE_1745	k__Bacteria;p__Bacteroidetes;c__Bacteroidia;o__Bacteroidales;f__Bacteroidaceae;g__Bacteroides;s__Bacteroides_coprophilus	k__Bacteria;p__Firmicutes;c__Clostridia;o__Clostridiales;f__Lachnospiraceae;g__Roseburia;s__Roseburia_intestinalis	k__Bacteria;p__Firmicutes;c__Clostridia;o__Clostridiales;f__Lachnospiraceae;g__Roseburia;s__Roseburia_hominis	k__Bacteria;p__Bacteroidetes;c__Bacteroidia;o__Bacteroidales;f__Porphyromonadaceae;g__Parabacteroides;s__Parabacteroides_johnsonii	k__Bacteria;p__Actinobacteria;c__Actinobacteria;o__Bifidobacteriales;f__Bifidobacteriaceae;g__Bifidobacterium;s__Bifidobacterium_longum	k__Bacteria;p__Firmicutes;c__Clostridia;o__Clostridiales;f__;g__Flavonifractor;s__Flavonifractor_plautii	k__Bacteria;p__Firmicutes;c__Clostridia;o__Clostridiales;f__Clostridiaceae;g__Clostridium;s__Clostridium_phoceensis	k__Bacteria;p__Verrucomicrobia;c__Verrucomicrobiae;o__Verrucomicrobiales;f__Akkermansiaceae;g__Akkermansia;s__Akkermansia_muciniphila	k__Bacteria;p__Bacteroidetes;c__Bacteroidia;o__Bacteroidales;f__Prevotellaceae;g__Paraprevotella;s__Paraprevotella_xylaniphila	k__Bacteria;p__Firmicutes;c__Clostridia;o__Clostridiales;f__Ruminococcaceae;g__Ruminococcus;s__Ruminococcus_callidus	k__Bacteria;p__Bacteroidetes;c__Bacteroidia;o__Bacteroidales;f__Rikenellaceae;g__Alistipes;s__Alistipes_senegalensis	k__Bacteria;p__Firmicutes;c__Clostridia;o__Clostridiales;f__Lachnospiraceae;g__Blautia;s__Blautia_sp._KLE_1732	k__Bacteria;p__Bacteroidetes;c__Bacteroidia;o__Bacteroidales;f__Bacteroidaceae;g__Bacteroides;s__Bacteroides_oleiciplenus	k__Bacteria;p__Firmicutes;c__Clostridia;o__Clostridiales;f__Ruminococcaceae;g__Ruminococcus;s__Ruminococcus_bicirculans	k__Bacteria;p__Bacteroidetes;c__Bacteroidia;o__Bacteroidales;f__Bacteroidaceae;g__Bacteroides;s__Bacteroides_fluxus	k__Bacteria;p__Bacteroidetes;c__Bacteroidia;o__Bacteroidales;f__Prevotellaceae;g__Prevotella;s__Prevotella_stercorea	k__Bacteria;p__Firmicutes;c__Clostridia;o__Clostridiales;f__Lachnospiraceae;g__Dorea;s__Dorea_longicatena	k__Bacteria;p__Firmicutes;c__Clostridia;o__Clostridiales;f__Eubacteriaceae;g__Eubacterium;s__[Eubacterium]_eligens	k__Bacteria;p__Firmicutes;c__Clostridia;o__Clostridiales;f__Ruminococcaceae;g__;s__Ruminococcaceae_bacterium_D16	k__Bacteria;p__Firmicutes;c__Clostridia;o__Clostridiales;f__Lachnospiraceae;g__Coprococcus;s__Coprococcus_comes	k__Bacteria;p__Proteobacteria;c__Gammaproteobacteria;o__Enterobacterales;f__Enterobacteriaceae;g__Escherichia;s__Escherichia_coli	k__Bacteria;p__Firmicutes;c__Clostridia;o__Clostridiales;f__Ruminococcaceae;g__Anaerotruncus;s__Anaerotruncus_colihominis	k__Bacteria;p__Firmicutes;c__Clostridia;o__Clostridiales;f__Lachnospiraceae;g__Blautia;s__Blautia_obeum	k__Bacteria;p__Bacteroidetes;c__Bacteroidia;o__Bacteroidales;f__Odoribacteraceae;g__Odoribacter;s__Odoribacter_laneus	k__Bacteria;p__Firmicutes;c__Clostridia;o__Clostridiales;f__Ruminococcaceae;g__Ruminiclostridium;s__[Clostridium]_leptum	k__Bacteria;p__Bacteroidetes;c__Bacteroidia;o__Bacteroidales;f__Porphyromonadaceae;g__Parabacteroides;s__Parabacteroides_goldsteinii	k__Bacteria;p__Firmicutes;c__Clostridia;o__Clostridiales;f__Lachnospiraceae;g__Anaerostipes;s__Anaerostipes_hadrus	k__Bacteria;p__Firmicutes;c__Clostridia;o__Clostridiales;f__Ruminococcaceae;g__Ruminococcus;s__Ruminococcus_lactaris	k__Bacteria;p__Firmicutes;c__Clostridia;o__Clostridiales;f__Clostridiaceae;g__Clostridium;s__Clostridium_sp._L2-50	k__Bacteria;p__Firmicutes;c__Clostridia;o__Clostridiales;f__Clostridiaceae;g__Clostridium;s__Clostridium_sp._M62/1	k__Bacteria;p__Firmicutes;c__Clostridia;o__Clostridiales;f__;g__Intestinimonas;s__Intestinimonas_butyriciproducens	k__Bacteria;p__Actinobacteria;c__Actinobacteria;o__Bifidobacteriales;f__Bifidobacteriaceae;g__Bifidobacterium;s__Bifidobacterium_bifidum	k__Bacteria;p__Firmicutes;c__Negativicutes;o__Veillonellales;f__Veillonellaceae;g__Dialister;s__Dialister_invisus	k__Bacteria;p__Bacteroidetes;c__Bacteroidia;o__Bacteroidales;f__Bacteroidaceae;g__Bacteroides;s__Bacteroides_salanitronis
k__Bacteria;p__Bacteroidetes;c__Bacteroidia;o__Bacteroidales;f__Bacteroidaceae;g__Bacteroides;s__Bacteroides_vulgatus	1.0	-0.115732842911	-0.0235309215031	-0.135776606787	-0.085563607375	0.0041800904104	0.023546015738	0.0205655300336	0.0465973991075	-0.0114567499581	-0.0205490916297	0.00469049618742	-0.0441261923655	0.00621695303964	-0.118182123298	-0.0558230595294	0.00101937152332	-0.0629956994135	0.0385699029951	0.0302428788054	-0.0181064378569	-0.108606738311	0.0254685192862	-0.0800244677219	0.0478862575892	0.00359921093605	-0.0457865125698	-0.0423766238777	-0.0338837039345	-0.0740353445951	-0.132991131027	-0.00703111426968	0.0138133607592	-0.148226877596	-0.0233544260478	-0.00620170937796	0.00549241676477	-0.0531195650147	-0.0101645297309	-0.0704331650055	-0.00274129425483	0.021427394635	0.019473804599	-0.0599614153406	-0.0986943250221	0.022560986142	0.00441032128552	-0.0559100057905	-0.0245653437075	0.0322684967511	-0.0585251632936	-0.0593525451369	-0.0354343031364	-0.00649163318473	-0.00162183273126	0.0334470605202	-0.0293498646282	-0.1226076866	0.0351689710864
k__Bacteria;p__Bacteroidetes;c__Bacteroidia;o__Bacteroidales;f__Bacteroidaceae;g__Bacteroides;s__Bacteroides_uniformis	-0.115732842911	1.0	-0.0466694529741	-0.0282833717383	-0.0309985883792	0.0313307551882	-0.0990562021582	-0.0150314459239	-0.12669798081	-0.0832669133052	0.0368416876867	-0.0525427930658	-0.0110658634848	-0.185485692598	0.0459498488171	-0.0279270104076	-0.0893956373395	0.0455063797844	0.0151664426878	0.0139831189417	-0.0620557830216	-0.100177186227	0.0331390527462	-0.0576651993373	-0.0423714473909	-0.0267478195594	0.000664874116374	-0.0252722568384	-0.0368193111489	0.0485764618234	0.0929683689772	-0.0829872967256	0.0235956068838	0.015613015564	0.0485730061983	-0.0301601582489	-0.0134301931484	-0.106626987475	-0.0771742369225	0.00767841875804	-0.101456028919	-0.0147984076024	-0.0536707268966	-0.0208729027686	-0.103760354553	-0.0713333310608	0.0307213413822	-0.00281237496427	-0.0633215664795	0.0157379536987	-0.0289772073205	0.0188977042672	0.00351501290917	-0.0760048926847	0.0736250840345	-0.0701677165187	0.0256321316884	-0.011561662685	-0.0324483097646
k__Bacteria;p__Bacteroidetes;c__Bacteroidia;o__Bacteroidales;f__Rikenellaceae;g__Alistipes;s__Alistipes_putredinis	-0.0235309215031	-0.0466694529741	1.0	-0.0525878568722	-0.0649514965134	-0.0624214617399	-0.055616383215	-0.0758485310813	-0.0374758549464	-0.0939084102216	-0.138546353656	-0.102537671815	-0.0516189789917	0.0847910304776	0.029783393629	0.0752431006328	-0.00942736009578	0.00165129376524	-0.0218026464038	-0.0744670890829	-0.0582163073874	0.0241626416311	0.0278368772631	0.0619945565976	0.0174608253227	-0.0318803353281	-0.0779091693008	-0.00635282842915	0.014314220219	0.0597451133699	-0.0129040438198	-0.0483511839934	-0.0893851668293	-0.000786511265884	-0.0917714624886	-0.029289200913	-0.0395748105055	0.00509827508406	-0.00428518227869	-0.0636223146649	0.0253633452261	0.000458984151385	0.0546917531056	0.00989003022127	-0.0130391328181	-0.0292405277465	-0.0269110251424	0.01811513419	-0.0851906008979	-0.0772202993421	0.00271087248256	-0.137676659009	-0.0565738673182	-0.043415932659	-0.0322733701614	-0.0284768964018	-0.062136206649	0.0246050576083	0.00420580693285
k__Bacteria;p__Bacteroidetes;c__Bacteroidia;o__Bacteroidales;f__Prevotellaceae;g__Prevotella;s__Prevotella_copri	-0.135776606787	-0.0282833717383	-0.0525878568722	1.0	-0.104572189328	0.017503764356	-0.10983291974	-0.0657838500821	-0.0902736584321	-0.0858689982922	0.0814867820354	-0.00475701331979	-0.0392566023269	-0.0109170825897	-0.0595863695943	-0.0550621775725	-0.036755285456	-0.050502058344	-0.0195997618042	-0.0142458636994	-0.0910817116137	-0.0535030419097	-0.0390838631366	-0.000135004074147	-0.053459316076	-0.0391555434195	0.00514873510199	-0.0600937881101	0.00575128922405	-0.151879885998	-0.128988708639	0.0398811494326	0.0349585317913	-0.16233915886	0.0626883909133	-0.0940349325561	-0.117046783828	-0.00930542980026	-0.0697155497402	0.0132508705747	0.0119340599374	-0.0917509528582	-0.000915078058853	-0.0870135462188	-0.0186259946284	0.032209344108	-0.0676584659395	0.0663960090096	0.0116024659563	-0.0397391482058	0.0355907649898	-0.025650331657	-0.0458119422255	-0.0890997282652	-0.0965637382672	0.030304773138	-0.0921239796946	0.0581088737477	-0.0978573456147
k__Bacteria;p__Bacteroidetes;c__Bacteroidia;o__Bacteroidales;f__Bacteroidaceae;g__Bacteroides;s__Bacteroides_stercoris	-0.085563607375	-0.0309985883792	-0.0649514965134	-0.104572189328	1.0	-0.140163495338	-0.041558369459	-0.136397627452	-0.00294272006774	-0.021912639162	-0.00190306088568	-0.014371914464	-0.0116433773432	-0.0570572271177	-0.0346553854196	-0.108825377178	-0.155972787167	-0.0045480442697	-0.0247838121849	-0.0309811307579	0.109327960026	0.047074583233	-0.0918302283446	-0.0737162921484	0.063394769468	-0.115869379334	-0.0819301973833	0.0230584679067	0.0244249547598	0.0306632812723	-0.047770511452	-0.0149994023352	0.0962822058543	0.0346950004032	0.0171964691426	-0.150042735479	0.00694065597859	2.33149254953e-05	-0.0597565129579	-0.176804590233	-0.0626654092592	-0.0164765749207	0.0208051088318	-0.0535710493915	0.126354367827	0.0723815543042	-0.0839866086366	-0.0118214491025	-0.0839177457115	-0.0805493276381	0.0223236084104	-0.107472535436	-0.0393880413	0.0358638024362	-0.0865599461456	-0.0666654645063	-0.00666414390768	0.059216327092	0.00851302546238
k__Bacteria;p__Bacteroidetes;c__Bacteroidia;o__Bacteroidales;f__Bacteroidaceae;g__Bacteroides;s__Bacteroides_ovatus	0.0041800904104	0.0313307551882	-0.0624214617399	0.017503764356	-0.140163495338	1.0	-0.038864126082	0.00874197919174	-0.0692343465468	0.0421415861144	-0.0391256380782	0.0406914187021	0.0545205255883	-0.0556142000459	0.0214397393101	-0.0107937701513	-0.0715726592846	-0.110895337458	-0.053375454092	-0.0136259977505	-0.123304071788	0.0218068318114	-0.0618861698926	-0.020687127467	-0.0192012635499	-0.0734398580947	-0.0757987958675	-0.100095020757	-0.0395629438366	-0.101247356402	-0.0496831959633	0.0921946367024	-0.0431085765868	-0.0576753562552	-0.00918442726495	0.0442323045681	-0.0616802598149	0.022759087689	0.0434815796282	-0.132235822514	-0.07821653524	-0.0481464775322	0.0750228664962	-0.0844302334674	-0.0505621475346	-0.0130676494018	-0.0825401514748	0.0573456896473	0.00568154635537	0.0422350799344	-0.112188033887	-0.0843500600407	-0.0108435241653	-0.0481952854274	0.0155981936615	0.032277146342	0.00732171521309	-0.00923270392314	0.0693342348757
k__Bacteria;p__Bacteroidetes;c__Bacteroidia;o__Bacteroidales;f__Rikenellaceae;g__Alistipes;s__Alistipes_shahii	0.023546015738	-0.0990562021582	-0.055616383215	-0.10983291974	-0.041558369459	-0.038864126082	1.0	-0.131106232851	0.0434209243485	-0.111643463907	0.0236321596431	-0.0326204234964	-0.147119647468	0.11320406124	0.00241116622042	-0.116377912622	-0.0160661811814	-0.0830689271729	0.036899504539	-0.0466006746331	-0.0847096403606	-0.0662180295134	-0.0575518414371	-0.0593596776279	-0.0264411415489	0.0706841676866	0.069026557781	-0.137532569325	0.0697056766484	-0.0489988435014	0.0262930320922	-0.0211179906499	-0.00779376853584	-0.0263910246982	-0.0796640062353	-0.0108969228153	0.120044596995	-0.0643140586543	-0.0207556999652	0.0581253704731	-0.0870778102719	-0.0455335704603	0.0248746281877	0.083757580582	-0.00328442254362	0.060744777806	0.000371121309598	-0.0526454083414	0.106787792981	-0.018593869072	-0.0417948433284	-0.0499222290248	-0.0689928022898	-0.0554477068015	0.0118557591438	-0.0393352603655	-0.129480255857	-0.00380735531007	-0.0179976139752
k__Bacteria;p__Firmicutes;c__Clostridia;o__Clostridiales;f__Ruminococcaceae;g__Faecalibacterium;s__Faecalibacterium_prausnitzii	0.0205655300336	-0.0150314459239	-0.0758485310813	-0.0657838500821	-0.136397627452	0.00874197919174	-0.131106232851	1.0	-0.0540547505202	-0.023128430354	0.0307951359866	0.0116149080581	0.0924910188115	0.0593263120039	-0.0772384062679	-0.0688454168113	0.0511711158578	-0.0377104387747	0.0486618494746	-0.0122244859977	0.00411396646019	-0.0198289334864	-0.0448777306173	-0.0268515641214	-0.0368192264217	-0.0521705993436	0.0440946915543	-0.059675509936	-0.0461717267464	-0.05985729	-0.0205488513116	0.00383735802072	0.0173701634656	-0.0266100745053	-0.0727515706677	0.0703642664247	-0.129148817355	-0.0238999303836	-0.0993815643578	-0.000455611103071	0.084458284617	0.0148210153636	-0.168195527338	-0.106934822309	0.016753538692	0.00973582235648	-0.00670396652119	-0.156474293179	-0.0348226904247	-0.0117388467796	-0.024406444411	0.00721958084252	-0.0454161853637	0.00944718897648	0.0119049193757	0.044739517251	-0.0473534133321	-0.112346124467	-0.0494763600972
k__Bacteria;p__Bacteroidetes;c__Bacteroidia;o__Bacteroidales;f__Rikenellaceae;g__Alistipes;s__Alistipes_finegoldii	0.0465973991075	-0.12669798081	-0.0374758549464	-0.0902736584321	-0.00294272006774	-0.0692343465468	0.0434209243485	-0.0540547505202	1.0	-0.038339270623	-0.0394241019232	-0.125578619942	-0.00129676671861	-0.00722944262944	-0.153830934528	-0.135053109807	0.0163255365752	0.0526079867764	0.0023254856182	0.0170002967967	0.0630943145532	-0.0890368303196	0.00179751617002	-0.0281859727969	-0.0022143838805	-0.0027193422276	0.0297703090898	-0.0378218721704	-0.0264858406396	-0.120718180369	-0.00454415412754	0.0378660688333	-0.073293488404	-0.0619668315271	-0.0427563464801	-0.0606221113174	-0.0132554888977	-0.0592876066669	-0.0494862693676	-0.154510408821	0.0823576870185	-0.0806224782346	0.0202560818755	-0.0308801372607	0.00549616112995	-0.077508890281	0.038897625407	0.0298085619372	0.0508270926992	-0.0810418902171	-0.136318689293	-0.0148251182494	0.0258766234999	-0.0323778034828	-0.00601302496461	-0.110642995099	-0.00812157614984	0.0126918887389	-0.103227106089
k__Bacteria;p__Bacteroidetes;c__Bacteroidia;o__Bacteroidales;f__Porphyromonadaceae;g__Parabacteroides;s__Parabacteroides_distasonis	-0.0114567499581	-0.0832669133052	-0.0939084102216	-0.0858689982922	-0.021912639162	0.0421415861144	-0.111643463907	-0.023128430354	-0.038339270623	1.0	-0.0801338314161	0.0622722807659	-0.0516856363399	-0.159779289565	-0.0597666568126	-0.0112076991618	-0.00294981904569	-0.0249433279937	0.00857736932861	-0.0572387785182	0.0796300435922	-0.0697236267171	-0.10893586751	-0.0697028428287	0.0801952204924	-0.0921917955011	-0.0206067904617	0.0449846771716	-0.154575568096	-0.00099475586133	-0.029935592924	-0.0467299445937	-0.0452967014384	-0.0529458607041	0.0180449682083	-0.0808669584193	-0.0922188329495	-0.0660616094955	0.0924772742224	0.000299167048297	-0.0221877961474	0.00943634903728	0.00102139319236	0.0205694759145	-0.00252498316742	0.0410310518364	0.063154509422	-0.0249878228044	-0.0439000681542	-0.0913624834902	-0.0408559944756	-0.0334862633257	-0.104490195386	0.0338389076734	0.00603988844116	-0.00289169009577	-0.0675627255408	-0.064506217218	-0.0411867394101
k__Bacteria;p__Bacteroidetes;c__Bacteroidia;o__Bacteroidales;f__Bacteroidaceae;g__Bacteroides;s__Bacteroides_thetaiotaomicron	-0.0205490916297	0.0368416876867	-0.138546353656	0.0814867820354	-0.00190306088568	-0.0391256380782	0.0236321596431	0.0307951359866	-0.0394241019232	-0.0801338314161	1.0	0.0485247796834	0.0217052256818	-0.0113965392367	-0.0321490658627	-0.0928185643191	-0.0194863562813	-0.0968512443286	-0.0439987106763	-0.0200633020334	-0.0564298545852	0.000656014862252	-0.041192195136	-0.0665664859607	-0.00109796861969	-0.100872844262	0.0775239610069	-0.170774588629	-0.0618124006264	-0.0187323532864	0.00366631638181	0.0152510678893	-0.0126277696711	-0.068410247788	-0.0413604024593	-0.0448761897752	0.00612353872829	0.0252357783066	-0.0991614848718	0.0602950519702	-0.0224844743598	0.00326196857169	0.00228955560116	-0.124897825702	-0.058773585785	0.135316747832	-0.0729722908584	-0.0699671476603	0.0109491337466	-0.0659705248344	-0.0501451232471	0.0478157078772	-0.0775037886135	0.0992872068437	0.0198865313914	0.00546205716387	-0.0891484199391	0.00394101486815	0.0543820960963
k__Bacteria;p__Bacteroidetes;c__Bacteroidia;o__Bacteroidales;f__Bacteroidaceae;g__Bacteroides;s__Bacteroides_coprocola	0.00469049618742	-0.0525427930658	-0.102537671815	-0.00475701331979	-0.014371914464	0.0406914187021	-0.0326204234964	0.0116149080581	-0.125578619942	0.0622722807659	0.0485247796834	1.0	-0.06016674228	-0.0614617962395	0.0614842938121	0.103941075435	-0.00297459921346	0.00885488879776	0.0349718278262	-0.0574463691752	-0.036388830821	-0.0326565948402	-0.117824496027	0.0144593976623	-0.104840417207	-0.109723624218	-0.0134773279164	-0.0298089851649	-0.0514968060189	0.0832413004028	0.006392938846	-0.0336163409528	0.016316784674	-0.0248262984251	-0.0584265340084	-0.0705547413305	-0.0356224737018	-0.0905990415596	-0.115361368941	0.0261481927561	-0.0820526950703	-0.0440290760472	0.0017710901874	0.0613051050635	-0.0647319277953	-0.0660985698161	-0.0951054360643	-0.0226247103164	-0.0179757736557	-0.161123746219	-0.102741423149	-0.00707051421438	0.0594170858176	0.015946904253	0.00317284947207	-0.0606062822054	-0.0527622381006	-0.0465021781125	-0.0171537891531
k__Bacteria;p__Bacteroidetes;c__Bacteroidia;o__Bacteroidales;f__Bacteroidaceae;g__Bacteroides;s__Bacteroides_cellulosilyticus	-0.0441261923655	-0.0110658634848	-0.0516189789917	-0.0392566023269	-0.0116433773432	0.0545205255883	-0.147119647468	0.0924910188115	-0.00129676671861	-0.0516856363399	0.0217052256818	-0.06016674228	1.0	-0.0697901976848	-0.0964793207183	-0.0727010018156	-0.138079613282	-0.146673999505	-0.055222461309	0.128214497347	-0.0427867858387	-0.118249216566	-0.0459328132343	-0.0229266769375	-0.0630405138321	-0.0762840633529	0.10372967661	-0.0453232378491	-0.0252270629161	-0.0347538255397	-0.0405154461891	-0.0526337694962	-0.111422897382	-0.0410595501953	-0.0233107577471	-0.00306610832963	-0.0533880246288	-0.054580261973	-0.118999636053	-0.0728809619576	0.117074069622	-0.124870146134	-0.0622687036846	-0.0396206509366	0.0469830136755	0.102432013116	-0.101924505653	-0.0275550520418	-0.0352565781186	0.0648608579492	-0.0480231703252	-0.1593668838	0.0147611262695	0.0660101116804	-0.0791650876917	-0.154745247574	-0.0408112963763	-0.0493569269546	0.0452687973047
k__Bacteria;p__Bacteroidetes;c__Bacteroidia;o__Bacteroidales;f__Rikenellaceae;g__Alistipes;s__Alistipes_obesi	0.00621695303964	-0.185485692598	0.0847910304776	-0.0109170825897	-0.0570572271177	-0.0556142000459	0.11320406124	0.0593263120039	-0.00722944262944	-0.159779289565	-0.0113965392367	-0.0614617962395	-0.0697901976848	1.0	-0.0985523027468	0.0311569345736	-0.092873369436	-0.0584016555795	0.0209390178049	0.00491408744335	-0.0153161615649	0.00599680903143	0.0428123953286	0.015775143961	-0.0918204183613	-0.0468204871857	-0.00199932985047	-0.138183580085	0.0273569481765	-0.0207572385639	-0.0640636118984	-0.0264388653682	-0.0367103497481	0.00351752821964	-0.107497298557	-0.0465490376045	-0.0823438504791	0.00765860740805	-0.050748005867	-0.0455362563328	0.000467795192164	-0.0357203903391	-0.0226800383849	-0.041925493338	0.0253305325044	0.044373541984	0.00562797795275	-0.0240633040702	-0.0361407706027	0.000994187938027	0.00636721137222	-0.0646370262765	-0.162193045226	-0.00206578549501	-0.100570308882	-0.0542554553373	-0.103077194349	-0.10312836408	-0.0537826438207
k__Bacteria;p__Firmicutes;c__Clostridia;o__Clostridiales;f__Lachnospiraceae;g__;s__[Eubacterium]_rectale	-0.118182123298	0.0459498488171	0.029783393629	-0.0595863695943	-0.0346553854196	0.0214397393101	0.00241116622042	-0.0772384062679	-0.153830934528	-0.0597666568126	-0.0321490658627	0.0614842938121	-0.0964793207183	-0.0985523027468	1.0	-0.179782432448	0.051840054999	0.0380931445192	-0.0755775523212	-0.0532725693737	-0.0164729113553	-0.0687974855305	-0.00438140946127	-0.00739815928246	-0.181171246124	-0.135185654912	0.00738317068687	0.069349109183	-0.0280722646421	-0.0718050541422	0.102712812487	-0.12004776369	-0.0145153663973	-0.0999364421099	-0.0581918140332	0.118117830204	0.0195919864576	0.0772462519775	-0.0539232023092	0.00646643384975	-0.0817131680256	0.111924623206	0.0245682180786	-0.0261245902632	-0.081219771253	-0.140322193771	-0.175500741124	-0.00425421214035	0.145648380117	-0.0056595352022	-0.023302645276	0.0178745143745	-0.0491427180346	-0.0594509484185	-0.0773688185392	0.0141197866341	-0.133348108094	-0.0279470750616	-0.100187133373
k__Bacteria;p__Bacteroidetes;c__Bacteroidia;o__Bacteroidales;f__Bacteroidaceae;g__Bacteroides;s__Bacteroides_plebeius	-0.0558230595294	-0.0279270104076	0.0752431006328	-0.0550621775725	-0.108825377178	-0.0107937701513	-0.116377912622	-0.0688454168113	-0.135053109807	-0.0112076991618	-0.0928185643191	0.103941075435	-0.0727010018156	0.0311569345736	-0.179782432448	1.0	-0.038358617498	0.0127658907343	-0.0276832304398	0.0263979765818	-0.0546961938728	-0.127905373811	-0.071890203729	-0.0787332793962	-0.0546892328523	0.0726325582977	-0.00686858476873	4.6752526091e-05	-0.0347571746149	-0.0742235606134	0.0233838856163	-0.122462052204	-0.0840214633839	0.082428680221	-0.0205516306778	0.0623352360843	-0.090231895674	-0.0687647049713	0.0213199881896	-0.161281594081	-0.0651638038941	-0.0823921512819	-0.0922808131778	0.0198985637831	-0.122729782679	-0.0435612540569	-0.102155645659	0.00255046351366	0.0119978172555	-0.0145596312084	-0.0813214490732	-0.0421778571879	0.0384876121724	0.000604975867759	-0.0597458637095	0.0683070671376	0.0533383819121	-0.100121808546	-0.140157151437
k__Bacteria;p__Bacteroidetes;c__Bacteroidia;o__Bacteroidales;f__Bacteroidaceae;g__Bacteroides;s__Bacteroides_fragilis	0.00101937152332	-0.0893956373395	-0.00942736009578	-0.036755285456	-0.155972787167	-0.0715726592846	-0.0160661811814	0.0511711158578	0.0163255365752	-0.00294981904569	-0.0194863562813	-0.00297459921346	-0.138079613282	-0.092873369436	0.051840054999	-0.038358617498	1.0	0.146558859697	-0.0843442127713	-0.115339410674	0.0249539584795	-0.0323291598499	-0.0945512758658	-0.0754758908611	0.0833581955684	0.0951659835887	-0.00318238670973	-0.0381579272038	0.0474765893088	0.00168730655173	0.0614797816912	-0.0207122438891	-0.0886814343346	-0.0678983100908	-0.0675896975756	-0.0296545877809	-0.0620911534902	0.0265598076026	0.0837329306458	-0.0142077622604	-0.0505094654259	-0.0208383794132	-0.0622981419424	-0.0765204235124	0.00990902435976	-0.00279169515087	0.0187808510522	-0.0589707268082	-0.189501386584	-0.0604895901974	0.0215497788304	-0.020619429919	-0.0626631558155	-0.0902960479507	0.0223332912639	-0.0344710233069	0.0791230269038	-0.11136603529	0.0221921371422
k__Bacteria;p__Proteobacteria;c__Betaproteobacteria;o__Burkholderiales;f__Sutterellaceae;g__Sutterella;s__Sutterella_wadsworthensis	-0.0629956994135	0.0455063797844	0.00165129376524	-0.050502058344	-0.0045480442697	-0.110895337458	-0.0830689271729	-0.0377104387747	0.0526079867764	-0.0249433279937	-0.0968512443286	0.00885488879776	-0.146673999505	-0.0584016555795	0.0380931445192	0.0127658907343	0.146558859697	1.0	-0.139441823152	-0.0105125637542	-0.017376076563	0.0490480360219	0.0866125684043	-0.0742593601499	0.0488475312889	0.0295384577405	-0.00689041254902	0.0820605034125	-0.0818283249448	-0.0415390071012	0.0550038746935	-0.0702207839468	-0.0419331898468	-0.111010099044	0.00455166284562	-0.0291883192399	0.019004874251	-0.0468918770036	0.026075638473	0.00846559236734	-0.00501904067491	-0.085663316081	0.00568954463192	-0.0457040282212	-0.0374518919535	-0.01491247468	0.0904727933281	-0.0462637006949	-0.147909340618	-0.0438999210152	0.00874051500641	0.0127955737742	-0.049594362978	-0.0208534418195	0.0457185550096	-0.0308239815772	-0.151333629715	-0.0761919058956	-0.143943666673
k__Bacteria;p__Bacteroidetes;c__Bacteroidia;o__Bacteroidales;f__Porphyromonadaceae;g__Barnesiella;s__Barnesiella_intestinihominis	0.0385699029951	0.0151664426878	-0.0218026464038	-0.0195997618042	-0.0247838121849	-0.053375454092	0.036899504539	0.0486618494746	0.0023254856182	0.00857736932861	-0.0439987106763	0.0349718278262	-0.055222461309	0.0209390178049	-0.0755775523212	-0.0276832304398	-0.0843442127713	-0.139441823152	1.0	-0.0440090848425	-0.0262550939199	-0.0128502090943	-0.00303402811443	0.0352760965264	-0.0262201638675	-0.0303588145167	-0.0389533873671	-0.0841446782436	-0.0670805914821	0.0435080730202	-0.147066256665	-0.0908480328898	-0.0621650712651	-0.0930757477535	-0.0679206665277	-0.0278755901003	-0.0561722578102	-0.0322589086207	0.0867211302376	-0.0347001112478	-0.0199628465228	-0.043383432918	0.041608438186	-0.101518950229	-0.115226769977	-0.0284154631624	-0.104820224224	0.0136888028957	-0.00885535348297	0.105853459859	-0.0619255263101	-0.0485831926848	-0.00401448212306	-0.0512247524864	-0.0106421858777	-0.0473247275456	-0.0752544602467	-0.0454600932648	-0.00849340226866
k__Bacteria;p__Bacteroidetes;c__Bacteroidia;o__Bacteroidales;f__Odoribacteraceae;g__Odoribacter;s__Odoribacter_splanchnicus	0.0302428788054	0.0139831189417	-0.0744670890829	-0.0142458636994	-0.0309811307579	-0.0136259977505	-0.0466006746331	-0.0122244859977	0.0170002967967	-0.0572387785182	-0.0200633020334	-0.0574463691752	0.128214497347	0.00491408744335	-0.0532725693737	0.0263979765818	-0.115339410674	-0.0105125637542	-0.0440090848425	1.0	-0.0590393972952	-0.0349353704478	-0.142120952754	-0.0859365991795	0.0465461950324	0.0471885934584	-0.0509416110228	0.0350976769462	-0.0122435504776	0.0393001994825	0.0952870784263	-0.00979428441795	0.020874417532	0.0430262482819	0.0413046357968	0.0688869983628	0.0122279230842	0.053123813512	-0.0580415157585	0.0605981314634	0.0177175008674	-0.0781047971001	-0.0674501511318	-0.100635791958	-0.0847960408079	0.0854927788239	0.0143755418157	-0.0958996877412	-0.108396122559	0.0312280567623	-0.0419241876518	-0.0191815606847	-0.058228683873	0.0145873349283	-0.0668430109508	-0.115848405607	-0.00199325456074	0.0251497269846	-0.0391057950297
k__Bacteria;p__Bacteroidetes;c__Bacteroidia;o__Bacteroidales;f__Bacteroidaceae;g__Bacteroides;s__Bacteroides_salyersiae	-0.0181064378569	-0.0620557830216	-0.0582163073874	-0.0910817116137	0.109327960026	-0.123304071788	-0.0847096403606	0.00411396646019	0.0630943145532	0.0796300435922	-0.0564298545852	-0.036388830821	-0.0427867858387	-0.0153161615649	-0.0164729113553	-0.0546961938728	0.0249539584795	-0.017376076563	-0.0262550939199	-0.0590393972952	1.0	-0.00886363343801	-0.0342310007456	0.0693266150934	-0.00827428544348	-0.00291112528654	-0.0749223402009	0.0446929083267	-0.0377235668249	-0.0199088437313	-0.0789933510329	0.0690139276644	0.0833811218608	0.0494373993843	-0.0807008121659	-0.0256687748312	-0.0441985678171	-0.046446156067	-0.0331172635037	0.0587826097051	-0.0477671490999	-0.0406921479222	0.0156821400263	-0.0199170722607	0.00996326791117	-0.0329111807312	0.00147086802623	-0.0590494014973	-0.121578425559	-0.030804158814	0.0237663013371	-0.0540820864335	0.062107936657	-0.0322400396189	-0.132580794879	-0.079176958161	-0.0891979989784	0.0161166926387	0.00221685187105
k__Bacteria;p__Firmicutes;c__Clostridia;o__Clostridiales;f__Ruminococcaceae;g__Ruminiclostridium;s__[Eubacterium]_siraeum	-0.108606738311	-0.100177186227	0.0241626416311	-0.0535030419097	0.047074583233	0.0218068318114	-0.0662180295134	-0.0198289334864	-0.0890368303196	-0.0697236267171	0.000656014862252	-0.0326565948402	-0.118249216566	0.00599680903143	-0.0687974855305	-0.127905373811	-0.0323291598499	0.0490480360219	-0.0128502090943	-0.0349353704478	-0.00886363343801	1.0	0.0427411188513	0.0603969937758	-0.0452690323705	0.00384745484917	-0.132787133204	0.0687892342646	0.0527117270325	-0.12576831032	-0.0163281301077	-0.0317395370277	-0.0525661424853	-0.00106510049677	0.0826856071198	-0.0994784448941	0.000951231145828	-0.0867467400653	-0.0792931046919	-0.0159651035467	-0.140206797487	-0.00328102141869	-0.0806573081607	0.0268338987844	0.0229697357371	-0.0522761028488	-0.0209774314241	0.00222669998697	-0.0403761782424	-0.0466550618036	-0.0165225975053	0.0179801198172	-0.0654654252741	0.033180563247	-0.113378372236	0.0224586441333	-0.0963240806043	0.0640517131898	-0.0507960644511
k__Bacteria;p__Proteobacteria;c__Betaproteobacteria;o__Burkholderiales;f__Sutterellaceae;g__Parasutterella;s__Parasutterella_excrementihominis	0.0254685192862	0.0331390527462	0.0278368772631	-0.0390838631366	-0.0918302283446	-0.0618861698926	-0.0575518414371	-0.0448777306173	0.00179751617002	-0.10893586751	-0.041192195136	-0.117824496027	-0.0459328132343	0.0428123953286	-0.00438140946127	-0.071890203729	-0.0945512758658	0.0866125684043	-0.00303402811443	-0.142120952754	-0.0342310007456	0.0427411188513	1.0	0.0117925174343	-0.1002080492	-0.0344473050148	-0.0154342294247	-0.0107732015845	-0.0772782791696	-0.0126348139153	-0.0419155044859	-0.0790734662996	0.0533845857076	-0.0127178808213	-0.0440795644059	-0.0536532985615	0.0275025745875	-0.0724669248751	0.0227965533356	-0.0205514035565	-0.0901851499013	-0.0499622450862	-0.105386407384	-0.0238910055179	0.179611518943	0.0362342781827	-0.0786410286699	0.0194997338616	-0.0229115105864	0.0220568008547	-0.109088799962	-0.0416363086935	0.00514719941171	-0.0561313909617	0.0240960774431	-0.0163181186943	-0.04697365795	-0.0721078746205	-0.0836056581816
k__Bacteria;p__Actinobacteria;c__Actinobacteria;o__Bifidobacteriales;f__Bifidobacteriaceae;g__Bifidobacterium;s__Bifidobacterium_adolescentis	-0.0800244677219	-0.0576651993373	0.0619945565976	-0.000135004074147	-0.0737162921484	-0.020687127467	-0.0593596776279	-0.0268515641214	-0.0281859727969	-0.0697028428287	-0.0665664859607	0.0144593976623	-0.0229266769375	0.015775143961	-0.00739815928246	-0.0787332793962	-0.0754758908611	-0.0742593601499	0.0352760965264	-0.0859365991795	0.0693266150934	0.0603969937758	0.0117925174343	1.0	-0.092984651398	-0.0453718463782	-0.0429456736899	-0.0541971068456	-0.0063922685743	0.00623076291674	-0.191901802996	-0.0728040354647	-0.034674653326	0.0605182682654	-0.127952819962	0.0192443673799	-0.045723233431	-0.0875512371165	0.0295775629174	-0.0231809844584	0.0432407390207	-0.0221406915421	-0.0054311921351	0.0773239135513	-0.0026357637007	-0.0636901408565	-0.0586890516614	0.129237261227	-0.102683904118	-0.112530189379	0.0194392965835	-0.0459683659578	-0.101142732794	-0.0877026095176	0.0145218656199	-0.033235621136	0.0813260626602	-0.00777379684521	-0.0294439281812
k__Bacteria;p__Firmicutes;c__Clostridia;o__Clostridiales;f__Oscillospiraceae;g__Oscillibacter;s__Oscillibacter_sp._KLE_1745	0.0478862575892	-0.0423714473909	0.0174608253227	-0.053459316076	0.063394769468	-0.0192012635499	-0.0264411415489	-0.0368192264217	-0.0022143838805	0.0801952204924	-0.00109796861969	-0.104840417207	-0.0630405138321	-0.0918204183613	-0.181171246124	-0.0546892328523	0.0833581955684	0.0488475312889	-0.0262201638675	0.0465461950324	-0.00827428544348	-0.0452690323705	-0.1002080492	-0.092984651398	1.0	-0.000973081588502	-0.0835844464364	-0.00204855155198	-0.0922378060717	0.0213343530774	-0.0443087227105	-0.0169562537191	-0.115766450616	-0.0787316956044	-0.00613189303509	-0.119379379723	0.0768455508731	-0.0783380459165	0.0479351932637	-0.0347587119814	0.0392937075825	-0.00989710741098	-0.112973907241	-0.0439135462338	-0.103427526206	-0.0314994610111	0.0565496772733	-0.0372805258059	-0.0652111480734	-0.0415814358268	0.0112363250391	-0.111862532007	-0.068702751942	0.0191476890382	-0.140352418128	0.011724011613	-0.0905679470974	-0.0842786255944	-0.0393540243406
k__Bacteria;p__Bacteroidetes;c__Bacteroidia;o__Bacteroidales;f__Bacteroidaceae;g__Bacteroides;s__Bacteroides_coprophilus	0.00359921093605	-0.0267478195594	-0.0318803353281	-0.0391555434195	-0.115869379334	-0.0734398580947	0.0706841676866	-0.0521705993436	-0.0027193422276	-0.0921917955011	-0.100872844262	-0.109723624218	-0.0762840633529	-0.0468204871857	-0.135185654912	0.0726325582977	0.0951659835887	0.0295384577405	-0.0303588145167	0.0471885934584	-0.00291112528654	0.00384745484917	-0.0344473050148	-0.0453718463782	-0.000973081588502	1.0	-0.0192422389022	-0.0633554839039	0.0566444369426	0.0224134494987	-0.0644694118362	0.00861847804002	-0.157707669802	0.093706832072	-0.027779965079	-0.0165016517915	0.00187661605585	-0.0685437628736	0.0618955400844	0.0310978713849	-0.00953127755913	0.0446199715128	-0.0718296200688	0.0194356781674	-0.15922535303	-0.0291599141555	0.0604230455196	-0.0704789651007	-0.0962613014966	0.0408823479907	-0.0222048845151	-0.0974635869321	-0.0649270053855	-0.018521280294	-0.055627580503	-0.09060241713	-0.0913489694672	-0.0352960023161	-0.0327564842708
k__Bacteria;p__Firmicutes;c__Clostridia;o__Clostridiales;f__Lachnospiraceae;g__Roseburia;s__Roseburia_intestinalis	-0.0457865125698	0.000664874116374	-0.0779091693008	0.00514873510199	-0.0819301973833	-0.0757987958675	0.069026557781	0.0440946915543	0.0297703090898	-0.0206067904617	0.0775239610069	-0.0134773279164	0.10372967661	-0.00199932985047	0.00738317068687	-0.00686858476873	-0.00318238670973	-0.00689041254902	-0.0389533873671	-0.0509416110228	-0.0749223402009	-0.132787133204	-0.0154342294247	-0.0429456736899	-0.0835844464364	-0.0192422389022	1.0	0.0147080870019	-0.199623095179	-0.0318820517155	-0.0110563186624	-0.00708355587962	-0.0907969463001	-0.0380437246055	-0.0342650584643	-0.0708322207543	0.0437757331791	-0.0957300488821	0.00474874361428	-0.175047883686	0.0311711605324	-0.0579569680827	0.0357351191184	-0.0688665139488	-0.0205647249021	0.0473868424308	0.0250168265057	-0.0393219392431	-0.0257628457151	-0.0379956091055	-0.132509088838	-0.00110158274982	-0.0405345657349	-0.0603461009828	-0.031831593413	0.0345955636472	0.0073510392419	-0.0437372396181	-0.103777640475
k__Bacteria;p__Firmicutes;c__Clostridia;o__Clostridiales;f__Lachnospiraceae;g__Roseburia;s__Roseburia_hominis	-0.0423766238777	-0.0252722568384	-0.00635282842915	-0.0600937881101	0.0230584679067	-0.100095020757	-0.137532569325	-0.059675509936	-0.0378218721704	0.0449846771716	-0.170774588629	-0.0298089851649	-0.0453232378491	-0.138183580085	0.069349109183	4.6752526091e-05	-0.0381579272038	0.0820605034125	-0.0841446782436	0.0350976769462	0.0446929083267	0.0687892342646	-0.0107732015845	-0.0541971068456	-0.00204855155198	-0.0633554839039	0.0147080870019	1.0	-0.121467710494	-0.0192432631291	-0.0628545179741	-0.0710255854682	0.00990751644484	0.0822984507628	0.0470773002973	0.0274673619175	-0.0559908983839	0.0697432261776	0.0161110145974	-0.0312546071206	-0.00193463472401	-0.0147912969293	0.0433386616996	-0.0169632864438	0.0494254465463	-0.0408742884928	-0.0897067608347	-0.0578495048902	-0.0685915618398	-0.0320495766616	0.0743218393599	0.0033404738246	-0.0922563413085	-0.0106225326891	0.0199515641397	0.0253932466878	-0.00293553915584	-0.0483828293524	-0.00270834662085
k__Bacteria;p__Bacteroidetes;c__Bacteroidia;o__Bacteroidales;f__Porphyromonadaceae;g__Parabacteroides;s__Parabacteroides_johnsonii	-0.0338837039345	-0.0368193111489	0.014314220219	0.00575128922405	0.0244249547598	-0.0395629438366	0.0697056766484	-0.0461717267464	-0.0264858406396	-0.154575568096	-0.0618124006264	-0.0514968060189	-0.0252270629161	0.0273569481765	-0.0280722646421	-0.0347571746149	0.0474765893088	-0.0818283249448	-0.0670805914821	-0.0122435504776	-0.0377235668249	0.0527117270325	-0.0772782791696	-0.0063922685743	-0.0922378060717	0.0566444369426	-0.199623095179	-0.121467710494	1.0	-0.0198316918471	-0.0949316406745	0.0877343929033	0.0180480700994	0.0153583317593	-0.192128575406	-0.0122205817449	0.013923080286	-0.0255044889265	-0.0318460555038	0.0140084252637	0.00376081027888	-0.0365386994218	-0.0418211425535	-0.136004936844	-0.0363382921811	-0.0558202877766	-0.107948761129	-0.0338527433666	-0.0121126027735	-0.0194587728069	0.0595585131057	-0.0269708706512	-0.00583617511556	-0.112036026062	-0.0590861088768	-0.185393637201	0.0497384559942	-0.131496757431	-0.0450987049193
k__Bacteria;p__Actinobacteria;c__Actinobacteria;o__Bifidobacteriales;f__Bifidobacteriaceae;g__Bifidobacterium;s__Bifidobacterium_longum	-0.0740353445951	0.0485764618234	0.0597451133699	-0.151879885998	0.0306632812723	-0.101247356402	-0.0489988435014	-0.05985729	-0.120718180369	-0.00099475586133	-0.0187323532864	0.0832413004028	-0.0347538255397	-0.0207572385639	-0.0718050541422	-0.0742235606134	0.00168730655173	-0.0415390071012	0.0435080730202	0.0393001994825	-0.0199088437313	-0.12576831032	-0.0126348139153	0.00623076291674	0.0213343530774	0.0224134494987	-0.0318820517155	-0.0192432631291	-0.0198316918471	1.0	0.152556646296	-0.0311616465567	-0.0604650038631	-0.0625362586557	-0.0697254448418	-0.0494968084167	0.0593074239719	-0.0397465210328	-0.104390803932	0.02103244744	-0.0191912658376	-0.109447419023	0.0316423501454	-0.0407879413079	-0.0516593731117	-0.147074808153	-0.0408424934693	0.0181831854686	-0.105232987159	0.0684846924587	-0.0581860707322	-0.0639988721057	-0.0284026252559	-0.0328506119468	-0.0659045491232	0.0308965382597	-0.0810635812094	-0.0944592078433	0.0649700749972
