#taxonomy	k__Bacteria;p__Bacteroidetes;c__Bacteroidia;o__Bacteroidales;f__Bacteroidaceae;g__Bacteroides;s__Bacteroides_vulgatus	k__Bacteria;p__Bacteroidetes;c__Bacteroidia;o__Bacteroidales;f__Bacteroidaceae;g__Bacteroides;s__Bacteroides_uniformis	k__Bacteria;p__Bacteroidetes;c__Bacteroidia;o__Bacteroidales;f__Rikenellaceae;g__Alistipes;s__Alistipes_putredinis	k__Bacteria;p__Bacteroidetes;c__Bacteroidia;o__Bacteroidales;f__Prevotellaceae;g__Prevotella;s__Prevotella_copri	k__Bacteria;p__Bacteroidetes;c__Bacteroidia;o__Bacteroidales;f__Bacteroidaceae;g__Bacteroides;s__Bacteroides_stercoris	k__Bacteria;p__Bacteroidetes;c__Bacteroidia;o__Bacteroidales;f__Bacteroidaceae;g__Bacteroides;s__Bacteroides_ovatus	k__Bacteria;p__Bacteroidetes;c__Bacteroidia;o__Bacteroidales;f__Rikenellaceae;g__Alistipes;s__Alistipes_shahii	k__Bacteria;p__Firmicutes;c__Clostridia;o__Clostridiales;f__Ruminococcaceae;g__Faecalibacterium;s__Faecalibacterium_prausnitzii	k__Bacteria;p__Bacteroidetes;c__Bacteroidia;o__Bacteroidales;f__Rikenellaceae;g__Alistipes;s__Alistipes_finegoldii	k__Bacteria;p__Bacteroidetes;c__Bacteroidia;o__Bacteroidales;f__Porphyromonadaceae;g__Parabacteroides;s__Parabacteroides_distasonis	k__Bacteria;p__Bacteroidetes;c__Bacteroidia;o__Bacteroidales;f__Bacteroidaceae;g__Bacteroides;s__Bacteroides_thetaiotaomicron	k__Bacteria;p__Bacteroidetes;c__Bacteroidia;o__Bacteroidales;f__Bacteroidaceae;g__Bacteroides;s__Bacteroides_coprocola	k__Bacteria;p__Bacteroidetes;c__Bacteroidia;o__Bacteroidales;f__Bacteroidaceae;g__Bacteroides;s__Bacteroides_cellulosilyticus	k__Bacteria;p__Bacteroidetes;c__Bacteroidia;o__Bacteroidales;f__Rikenellaceae;g__Alistipes;s__Alistipes_obesi	k__Bacteria;p__Firmicutes;c__Clostridia;o__Clostridiales;f__Lachnospiraceae;g__;s__[Eubacterium]_rectale	k__Bacteria;p__Bacteroidetes;c__Bacteroidia;o__Bacteroidales;f__Bacteroidaceae;g__Bacteroides;s__Bacteroides_plebeius	k__Bacteria;p__Bacteroidetes;c__Bacteroidia;o__Bacteroidales;f__Bacteroidaceae;g__Bacteroides;s__Bacteroides_fragilis	k__Bacteria;p__Proteobacteria;c__Betaproteobacteria;o__Burkholderiales;f__Sutterellaceae;g__Sutterella;s__Sutterella_wadsworthensis	k__Bacteria;p__Bacteroidetes;c__Bacteroidia;o__Bacteroidales;f__Porphyromonadaceae;g__Barnesiella;s__Barnesiella_intestinihominis	k__Bacteria;p__Bacteroidetes;c__Bacteroidia;o__Bacteroidales;f__Odoribacteraceae;g__Odoribacter;s__Odoribacter_splanchnicus	k__Bacteria;p__Bacteroidetes;c__Bacteroidia;o__Bacteroidales;f__Bacteroidaceae;g__Bacteroides;s__Bacteroides_salyersiae	k__Bacteria;p__Firmicutes;c__Clostridia;o__Clostridiales;f__Ruminococcaceae;g__Ruminiclostridium;s__[Eubacterium]_siraeum	k__Bacteria;p__Proteobacteria;c__Betaproteobacteria;o__Burkholderiales;f__Sutterellaceae;g__Parasutterella;s__Parasutterella_excrementihominis	k__Bacteria;p__Actinobacteria;c__Actinobacteria;o__Bifidobacteriales;f__Bifidobacteriaceae;g__Bifidobacterium;s__Bifidobacterium_adolescentis	k__Bacteria;p__Firmicutes;c__Clostridia;o__Clostridiales;f__Oscillospiraceae;g__Oscillibacter;s__Oscillibacter_sp._KLE_1745	k__Bacteria;p__Bacteroidetes;c__Bacteroidia;o__Bacteroidales;f__Bacteroidaceae;g__Bacteroides;s__Bacteroides_coprophilus	k__Bacteria;p__Firmicutes;c__Clostridia;o__Clostridiales;f__Lachnospiraceae;g__Roseburia;s__Roseburia_intestinalis	k__Bacteria;p__Firmicutes;c__Clostridia;o__Clostridiales;f__Lachnospiraceae;g__Roseburia;s__Roseburia_hominis	k__Bacteria;p__Bacteroidetes;c__Bacteroidia;o__Bacteroidales;f__Porphyromonadaceae;g__Parabacteroides;s__Parabacteroides_johnsonii	k__Bacteria;p__Actinobacteria;c__Actinobacteria;o__Bifidobacteriales;f__Bifidobacteriaceae;g__Bifidobacterium;s__Bifidobacterium_longum	k__Bacteria;p__Firmicutes;c__Clostridia;o__Clostridiales;f__;g__Flavonifractor;s__Flavonifractor_plautii	k__Bacteria;p__Firmicutes;c__Clostridia;o__Clostridiales;f__Clostridiaceae;g__Clostridium;s__Clostridium_phoceensis	k__Bacteria;p__Verrucomicrobia;c__Verrucomicrobiae;o__Verrucomicrobiales;f__Akkermansiaceae;g__Akkermansia;s__Akkermansia_muciniphila	k__Bacteria;p__Bacteroidetes;c__Bacteroidia;o__Bacteroidales;f__Prevotellaceae;g__Paraprevotella;s__Paraprevotella_xylaniphila	k__Bacteria;p__Firmicutes;c__Clostridia;o__Clostridiales;f__Ruminococcaceae;g__Ruminococcus;s__Ruminococcus_callidus	k__Bacteria;p__Bacteroidetes;c__Bacteroidia;o__Bacteroidales;f__Rikenellaceae;g__Alistipes;s__Alistipes_senegalensis	k__Bacteria;p__Firmicutes;c__Clostridia;o__Clostridiales;f__Lachnospiraceae;g__Blautia;s__Blautia_sp._KLE_1732	k__Bacteria;p__Bacteroidetes;c__Bacteroidia;o__Bacteroidales;f__Bacteroidaceae;g__Bacteroides;s__Bacteroides_oleiciplenus	k__Bacteria;p__Firmicutes;c__Clostridia;o__Clostridiales;f__Ruminococcaceae;g__Ruminococcus;s__Ruminococcus_bicirculans	k__Bacteria;p__Bacteroidetes;c__Bacteroidia;o__Bacteroidales;f__Bacteroidaceae;g__Bacteroides;s__Bacteroides_fluxus	k__Bacteria;p__Bacteroidetes;c__Bacteroidia;o__Bacteroidales;f__Prevotellaceae;g__Prevotella;s__Prevotella_stercorea	k__Bacteria;p__Firmicutes;c__Clostridia;o__Clostridiales;f__Lachnospiraceae;g__Dorea;s__Dorea_longicatena	k__Bacteria;p__Firmicutes;c__Clostridia;o__Clostridiales;f__Eubacteriaceae;g__Eubacterium;s__[Eubacterium]_eligens	k__Bacteria;p__Firmicutes;c__Clostridia;o__Clostridiales;f__Ruminococcaceae;g__;s__Ruminococcaceae_bacterium_D16	k__Bacteria;p__Firmicutes;c__Clostridia;o__Clostridiales;f__Lachnospiraceae;g__Coprococcus;s__Coprococcus_comes	k__Bacteria;p__Proteobacteria;c__Gammaproteobacteria;o__Enterobacterales;f__Enterobacteriaceae;g__Escherichia;s__Escherichia_coli	k__Bacteria;p__Firmicutes;c__Clostridia;o__Clostridiales;f__Ruminococcaceae;g__Anaerotruncus;s__Anaerotruncus_colihominis	k__Bacteria;p__Firmicutes;c__Clostridia;o__Clostridiales;f__Lachnospiraceae;g__Blautia;s__Blautia_obeum	k__Bacteria;p__Bacteroidetes;c__Bacteroidia;o__Bacteroidales;f__Odoribacteraceae;g__Odoribacter;s__Odoribacter_laneus	k__Bacteria;p__Firmicutes;c__Clostridia;o__Clostridiales;f__Ruminococcaceae;g__Ruminiclostridium;s__[Clostridium]_leptum	k__Bacteria;p__Bacteroidetes;c__Bacteroidia;o__Bacteroidales;f__Porphyromonadaceae;g__Parabacteroides;s__Parabacteroides_goldsteinii	k__Bacteria;p__Firmicutes;c__Clostridia;o__Clostridiales;f__Lachnospiraceae;g__Anaerostipes;s__Anaerostipes_hadrus	k__Bacteria;p__Firmicutes;c__Clostridia;o__Clostridiales;f__Ruminococcaceae;g__Ruminococcus;s__Ruminococcus_lactaris	k__Bacteria;p__Firmicutes;c__Clostridia;o__Clostridiales;f__Clostridiaceae;g__Clostridium;s__Clostridium_sp._L2-50	k__Bacteria;p__Firmicutes;c__Clostridia;o__Clostridiales;f__Clostridiaceae;g__Clostridium;s__Clostridium_sp._M62/1	k__Bacteria;p__Firmicutes;c__Clostridia;o__Clostridiales;f__;g__Intestinimonas;s__Intestinimonas_butyriciproducens	k__Bacteria;p__Actinobacteria;c__Actinobacteria;o__Bifidobacteriales;f__Bifidobacteriaceae;g__Bifidobacterium;s__Bifidobacterium_bifidum	k__Bacteria;p__Firmicutes;c__Negativicutes;o__Veillonellales;f__Veillonellaceae;g__Dialister;s__Dialister_invisus	k__Bacteria;p__Bacteroidetes;c__Bacteroidia;o__Bacteroidales;f__Bacteroidaceae;g__Bacteroides;s__Bacteroides_salanitronis
k__Bacteria;p__Bacteroidetes;c__Bacteroidia;o__Bacteroidales;f__Bacteroidaceae;g__Bacteroides;s__Bacteroides_vulgatus	1.0	-0.0194373401452	0.00220662242243	-0.0406412546752	0.0355164660102	-0.047943479809	-0.0517695118217	0.0166515411908	-0.0173654573402	-0.172385214658	0.0496151406724	-0.0154508695139	-0.00225247735505	-0.0359029773011	0.0740345139502	-0.0104796345966	0.0464468869611	-0.0757975599303	-0.0611372433267	-0.122945099649	-0.0355251268701	0.0182638646812	-0.044691819952	-0.0219057487813	-0.0701160042846	0.0803442619302	0.000500616390663	-0.091715031427	0.00402938159471	-0.0469294720801	0.0186439203122	0.108473021534	-0.103164020397	0.0355448305226	-0.101620503893	-0.115223493971	-0.0201992460249	-0.0279543837145	0.000230280168049	0.0538161827906	-0.0237269770402	0.000447066822111	-0.105669460603	0.0498434184153	0.00379559407699	-0.00358283797111	-0.0343254552263	-0.0142353101613	-0.154899361361	0.0139181967303	0.0206786086408	-0.151181501332	0.0133375539203	0.0156004901342	0.0094944140125	0.0766809006275	-0.104213477499	0.0570533234089	0.00489172918661
k__Bacteria;p__Bacteroidetes;c__Bacteroidia;o__Bacteroidales;f__Bacteroidaceae;g__Bacteroides;s__Bacteroides_uniformis	-0.0194373401452	1.0	-0.0208707756838	-0.0442683597258	-0.0518699080674	-0.0338394687126	-0.108918970224	-0.0542571285352	-0.00623963031036	-0.0508913256479	-0.0422597010259	-0.0594981522715	-0.0266265348364	0.0220123523894	-0.0124838090942	-0.00636295057123	0.13629138119	-0.0446100533634	-0.0431032094284	-0.0050742927996	-0.0122985352364	0.0977105189048	-0.0201815400147	-0.0125665851659	-0.0447345316352	-0.0628018169218	-0.101121985584	0.0397997020393	-0.0329652570232	-0.0386370327709	-0.0791875655531	-0.0550749207492	0.048434242781	-0.0640409804974	0.0750983581097	-0.0233058361374	-0.00120360191874	-0.0311872216684	-0.155070174728	0.0142936267021	-0.0470811681082	-0.0560412010507	0.0181786267023	-0.0681258779256	0.00542806340458	-0.063404994764	-0.0549550020787	-0.0230743171396	-0.0278941654789	0.0231521569242	0.0290868431683	-0.0734949987856	-0.0301707507357	0.0446268464184	-0.112075580267	-0.0825282028461	0.0789403921497	-0.0226128803878	-0.0729295501914
k__Bacteria;p__Bacteroidetes;c__Bacteroidia;o__Bacteroidales;f__Rikenellaceae;g__Alistipes;s__Alistipes_putredinis	0.00220662242243	-0.0208707756838	1.0	-0.0704337604391	-0.0243833054167	0.0631683318027	-0.0457877014786	-0.108624721641	-0.0315802379266	-0.120995505045	0.0648451535018	0.0326789799792	0.0273537024477	-0.0315464813857	-0.120640137949	-0.118392522118	0.0373291721569	-0.0422476612162	-0.0530607233526	-0.0662518571362	-0.04392067619	-0.0718096039323	-0.0138837210039	-0.0650878246083	0.0255275886236	-0.0180539537477	-0.00172977211337	-0.029123082717	-0.00658000212639	-0.0161439407827	-0.0419815887946	0.0491968154268	-0.0239228891461	-0.0684305897627	-0.0223883255638	-0.0810838343564	-0.0903692135288	-0.0558271836208	-0.00486449175666	0.0782600743414	-0.0592595288184	0.0903864676699	-0.114826254782	-0.090962356746	0.0454183086394	-0.0424399498764	-0.100397027538	-0.0505082509933	-0.0436151502165	-0.0655797687901	0.00118410956956	-0.0845262504733	-0.163781795975	0.0653644866083	0.096772929063	-0.0554136729473	-0.0911369563241	-0.0256717468609	-0.0337858540524
k__Bacteria;p__Bacteroidetes;c__Bacteroidia;o__Bacteroidales;f__Prevotellaceae;g__Prevotella;s__Prevotella_copri	-0.0406412546752	-0.0442683597258	-0.0704337604391	1.0	0.0906667462739	-0.123666183076	-0.125287083123	-0.0452527775229	-0.099146948953	0.00883946403352	-0.0527018831618	0.0266960273084	-0.0573137563643	-0.0757315339598	-0.0238131953127	0.0702598812399	-0.130634110946	-0.0257224627813	-0.0405551679895	-0.0812425239516	0.107403810635	0.00662990250179	0.0152340733092	-0.0863086087107	-0.0595026610791	-0.0245201890871	-0.151613181468	-0.0480173062941	-0.0396775844564	0.00137502516881	-0.191923885455	-0.11398082282	-0.0985665564428	-0.0448608606418	-0.0123767410964	0.0412665430701	-0.0575627145791	-0.0107710263025	-0.0720811685479	-0.111946044199	-0.0614880539179	-0.0454412500938	0.0422527208651	0.0170117945333	-0.0748466610996	0.0294793510152	0.0196466839963	0.0148295166851	-0.0841781012375	-0.000176186689926	-0.0803448476795	-0.0383820308335	-0.0184629433918	-0.107497986728	0.08176978373	-0.0319987482174	-0.059853204105	-0.0483822023872	0.051085846914
k__Bacteria;p__Bacteroidetes;c__Bacteroidia;o__Bacteroidales;f__Bacteroidaceae;g__Bacteroides;s__Bacteroides_stercoris	0.0355164660102	-0.0518699080674	-0.0243833054167	0.0906667462739	1.0	0.0119461545718	0.0687126835477	-0.0617813860126	-0.0363180687642	0.0437963840392	-0.0628426588261	-0.0366610718531	-0.048321855406	0.0888604844433	0.152703891122	0.0427442202869	-0.0509818991198	-0.0683760934959	-0.0512433561912	-0.00611231443663	-0.0240226456472	-0.0366029179932	-0.0772701171953	-0.0294633268829	-0.0726941031715	-0.0583648964861	-0.12489423086	0.0432496952094	0.02640893059	-0.0290240080811	-0.0416151131739	-0.0720469837089	-0.000800808844488	-0.0596804465695	0.0383473564396	-0.0245553997707	-0.0691586695764	-0.143899047695	0.0204955001117	-0.0696528189833	-0.0384065933405	-0.0634714853277	0.0185026992454	-0.0963475616019	0.0143011872969	-0.0532034048163	-0.0394940128727	-0.110675230424	0.00228128228866	-0.00686825041279	0.0361177958674	0.0206615232766	-0.0895132907717	-0.15373945624	-0.121778945176	-0.0270325014012	-0.117898769699	0.0825448013298	-0.0135326212052
k__Bacteria;p__Bacteroidetes;c__Bacteroidia;o__Bacteroidales;f__Bacteroidaceae;g__Bacteroides;s__Bacteroides_ovatus	-0.047943479809	-0.0338394687126	0.0631683318027	-0.123666183076	0.0119461545718	1.0	0.0437627117798	-0.0724486696638	-0.0617025722391	0.0385911637369	-0.04799697067	0.0385697599068	-0.0385063491327	-0.062126433976	0.046308483328	0.0601859769102	0.0176822367655	-0.0301184424447	-0.040966277815	-0.0952828291128	-0.0637751357384	-0.0288418395314	-0.0633736165188	-0.0606582212561	-0.0851288062571	0.00811177101018	0.00503039190581	-0.0642319792723	0.0381870097501	-0.0757085083408	0.00832830327944	-0.0243828682015	-0.0304145127764	0.0975068238332	0.0371877000703	-0.0836370802193	-0.178998573638	-0.0227351658827	-0.0147342594369	0.0530749092382	-0.0328620516933	0.00186597785574	-0.17474163051	-0.132969065041	-0.0267606821756	0.0418846183697	0.00463210694576	-0.151211204766	-0.0432743714276	-0.0463050883057	-0.16114973464	-0.00291630218313	-0.0211922052943	-0.0785708143216	-0.0526432412217	-0.0982726028114	-0.00391360896162	-0.0254787512504	0.0218343192972
k__Bacteria;p__Bacteroidetes;c__Bacteroidia;o__Bacteroidales;f__Rikenellaceae;g__Alistipes;s__Alistipes_shahii	-0.0517695118217	-0.108918970224	-0.0457877014786	-0.125287083123	0.0687126835477	0.0437627117798	1.0	0.0319916761803	-0.0372274124252	-0.0616955819444	-0.028441416734	-0.074452498667	0.138042365696	-0.119103411209	-0.0044645198534	0.0658746375867	-0.00876106946445	-0.00140466342872	-0.0603003286182	-0.00274261790802	0.0265125169736	-0.0984924219503	-0.0116546705742	-0.0534982706532	-0.102928284123	-0.0190163272875	-0.063462363944	-0.127519696406	-0.023586555018	-0.179238428174	-0.0315882230546	-0.0661979293913	-0.035495956975	0.044158764001	-0.102678113842	-0.0393482085932	-0.0656366109475	0.0478475653038	-0.0614660143776	-0.0881547175133	-0.0378201063232	-0.0970323135008	0.0409519367726	-0.162088472112	-0.00258825987781	0.0727846325823	-0.0913958562115	-0.0619105113905	0.0687230548887	-0.104554618302	-0.029663376421	0.00472527969843	-0.0629909986535	-0.0248284862835	0.0336496980939	0.0322855954793	0.0701380792189	-0.00927560895209	0.0553851381298
k__Bacteria;p__Firmicutes;c__Clostridia;o__Clostridiales;f__Ruminococcaceae;g__Faecalibacterium;s__Faecalibacterium_prausnitzii	0.0166515411908	-0.0542571285352	-0.108624721641	-0.0452527775229	-0.0617813860126	-0.0724486696638	0.0319916761803	1.0	-0.0111923352573	0.0882625216506	-0.112152531493	0.0522970505513	-0.066180733439	0.00737280977929	0.0744060101818	-0.0444241421731	-0.133860083961	-0.0535752991614	-0.0659450655673	-0.0729981127906	-0.17767644613	-0.0695202118548	-0.113294527723	0.0196819188428	0.0069626562219	0.0447370021108	0.00593068516006	0.00235098534448	0.0347614911026	-0.0252377803989	0.0444948697383	0.000374283519649	0.0237362067315	-0.0149974475271	-0.0841987333052	0.125350521305	0.0476289669907	-0.0986037101199	-0.0645376544978	-0.0393955614275	-0.0221481176699	0.00760722201205	-0.0773793533274	-0.0331825786159	-0.0421389138324	0.0442644845311	0.0655199798706	-0.189837690364	0.105154757878	-0.0540425468245	0.0388785101932	-0.0761751305966	0.062114079547	-0.0442394512688	-0.0472756910937	0.0645311319719	-0.0349733141699	0.0156380972652	-0.0162007815043
k__Bacteria;p__Bacteroidetes;c__Bacteroidia;o__Bacteroidales;f__Rikenellaceae;g__Alistipes;s__Alistipes_finegoldii	-0.0173654573402	-0.00623963031036	-0.0315802379266	-0.099146948953	-0.0363180687642	-0.0617025722391	-0.0372274124252	-0.0111923352573	1.0	-0.0905214562084	-0.051457371976	-0.038213117201	-0.0802702905015	-0.00577543131942	-0.0272664290427	-0.0918295314059	-0.0521576386024	-0.00416591433119	-0.0857628785591	-0.0684757281944	0.0289791215832	-0.024337461178	0.0650193350796	-0.0147185276556	0.0115580895425	-0.105996895704	0.0222282147987	0.0295928248455	0.00730028386019	-0.00610179958554	0.0432905632891	0.0536987551274	-0.00355255273984	-0.104454374571	0.0305486469581	-0.0021563368949	-0.106897024732	0.0588734801384	-0.0849488028284	-0.104234350046	0.0635371712204	0.038374708706	0.0221470317662	-0.0925728702088	-0.0110855369086	-0.0553084722332	0.0135723185653	0.0792214210097	0.00972602208195	-0.0384985660448	0.00960721570101	-0.04961357455	-0.0492943912256	-0.00936934363499	0.0693679682821	-0.0161667167217	-0.121360484234	0.00418601189952	-0.0625073550102
k__Bacteria;p__Bacteroidetes;c__Bacteroidia;o__Bacteroidales;f__Porphyromonadaceae;g__Parabacteroides;s__Parabacteroides_distasonis	-0.172385214658	-0.0508913256479	-0.120995505045	0.00883946403352	0.0437963840392	0.0385911637369	-0.0616955819444	0.0882625216506	-0.0905214562084	1.0	-0.123841952713	0.042498653903	-0.106728571293	-0.017238774929	-0.0231482642206	-0.0346055504105	-0.165893477129	-0.0909561496666	0.00376361331661	-0.0135312943117	0.0142854324505	-0.147146909234	-0.0758927382129	0.0215778028011	-0.0956456702118	-0.184100784191	-0.0136421854583	-0.0403243357588	-0.0488988734551	-0.019141044157	-0.0331611919183	-0.0101329570513	-0.0440612289632	0.00684042077881	-0.043253602376	-0.0962230868364	-0.0201190314899	-0.0023220659009	0.0354949962277	0.0885298178182	0.0428264355128	0.0103016205728	-0.0387079705274	-0.0998956641281	-0.0685004956261	-0.0526732253649	0.0300717773841	0.0697922335339	0.0326659629172	-0.0180184124955	0.0638031981404	-0.0625434345967	-0.0520260964201	0.0153096744223	-0.0743309666692	-0.0135787719963	-0.076563704199	-0.00337628133066	-0.0856626339094
k__Bacteria;p__Bacteroidetes;c__Bacteroidia;o__Bacteroidales;f__Bacteroidaceae;g__Bacteroides;s__Bacteroides_thetaiotaomicron	0.0496151406724	-0.0422597010259	0.0648451535018	-0.0527018831618	-0.0628426588261	-0.04799697067	-0.028441416734	-0.112152531493	-0.051457371976	-0.123841952713	1.0	-0.127060371745	-0.109630837165	0.00193284213858	0.00174898625966	-0.101170318928	0.0409183499224	-0.0311494289599	-0.057676701348	-0.0662759318222	-0.0261918033525	-0.000579078034503	-0.109117917773	-0.0482998583184	-0.0675720288101	-0.0933720322919	0.0148765042844	0.0353020654837	-0.0339183036398	-0.0879552169825	0.0282933078673	-0.000350136514563	-0.059887361611	-0.0370619632909	-0.0409058605318	-0.0419901007152	0.0290467536433	-0.0491721626401	-0.0161346357667	-0.042478487549	0.0720227635283	0.0233007005075	-0.0306263245227	0.0345098884446	-0.0707632533673	-0.0211467624793	0.0696859631357	-0.0673539896307	0.0155758619776	-0.0211125145246	-0.0401738277904	0.0317653476191	-0.0392060527974	0.052613728553	0.0128275495268	0.0226466391022	-0.111182135082	0.0147644141501	0.046091148184
k__Bacteria;p__Bacteroidetes;c__Bacteroidia;o__Bacteroidales;f__Bacteroidaceae;g__Bacteroides;s__Bacteroides_coprocola	-0.0154508695139	-0.0594981522715	0.0326789799792	0.0266960273084	-0.0366610718531	0.0385697599068	-0.074452498667	0.0522970505513	-0.038213117201	0.042498653903	-0.127060371745	1.0	-0.037130268866	0.0236832000125	-0.0724876174961	-0.0813758294813	-0.00973597723583	-0.0696598703876	-0.0163359398738	-0.0776850504328	0.0201090829158	-0.0152077234121	0.0530299570322	-0.0534166055914	0.128820136284	0.00627877597928	-0.097321334608	-0.000351466107077	-0.0706281000084	-0.153873864879	-0.0746970503686	-0.027869316238	0.00302577503438	-0.0688173906817	-0.0198084882143	0.00953249314934	-0.0316480061424	-0.166220485649	-0.0312580786379	0.0836817083304	-0.089803279947	-0.0204273053997	-0.162839664882	-0.0403579593463	-0.00636677573778	0.0167887710303	-0.10218241423	0.00759924281019	-0.0532667156478	-0.11885046627	-0.0472711576363	-0.06929108184	0.00480223676515	-0.0767094349527	-0.0216503320097	-0.0805406548724	-0.0967287081133	0.0176659639457	0.11522313831
k__Bacteria;p__Bacteroidetes;c__Bacteroidia;o__Bacteroidales;f__Bacteroidaceae;g__Bacteroides;s__Bacteroides_cellulosilyticus	-0.00225247735505	-0.0266265348364	0.0273537024477	-0.0573137563643	-0.048321855406	-0.0385063491327	0.138042365696	-0.066180733439	-0.0802702905015	-0.106728571293	-0.109630837165	-0.037130268866	1.0	0.0436858445091	0.0129903412884	-0.151561021524	-0.0141013064772	0.0927203324165	0.0305701697973	-0.0359567425136	-0.0479299791852	-0.0157773969102	-0.0384467870549	-0.0484307655439	-0.092187545265	0.0200668581571	-0.0143794246828	-0.0806395394208	-0.00717668696558	-0.0931193050565	-0.102713185624	0.0105440322434	0.0263717069165	-0.0469256832882	-0.159389494129	0.0643800679199	-0.0528405790109	-0.0925162741698	0.0408722765786	0.0978940527568	0.0360715618486	-0.00221863475239	0.0260548141902	-0.0882540267973	0.0399597838505	-0.0104128490475	-0.108912021268	0.0454691687534	-0.106462227863	0.0313204392787	-0.144639059976	-0.106026681984	-0.0475709569116	-0.0196278101075	-0.0123656235831	-0.045045018825	-0.0723877297228	0.0475147506222	0.0205603546445
k__Bacteria;p__Bacteroidetes;c__Bacteroidia;o__Bacteroidales;f__Rikenellaceae;g__Alistipes;s__Alistipes_obesi	-0.0359029773011	0.0220123523894	-0.0315464813857	-0.0757315339598	0.0888604844433	-0.062126433976	-0.119103411209	0.00737280977929	-0.00577543131942	-0.017238774929	0.00193284213858	0.0236832000125	0.0436858445091	1.0	-0.0276152160847	-0.14494077191	-0.0345648307432	-0.10065277187	0.0273180793939	-0.141993103381	-0.0419625981974	-0.0495929104688	0.0125374490652	-0.00510987927677	-0.0370792650977	-0.0600503478451	-0.0502698471813	-0.0320458953634	-0.0237713405984	-0.0068583451493	-0.0804360023123	-0.0441035894488	-0.029290777898	0.0399923797875	-0.0947793138373	-0.0429116473142	0.0282229184351	-0.0997211586451	-0.0405458545756	0.0198138402496	0.0450511966353	0.0209785841083	-0.0208455399641	0.0785607302829	-0.0178358047763	-0.0787255791049	-0.0422066420021	-0.137218003335	-0.0936735712592	-0.143423063036	-0.0485545080948	-0.0372842683935	-0.0708017295405	0.0393768624906	0.00749356508692	0.00944462235584	0.0258364302386	-0.0178067232178	-0.0621175535753
k__Bacteria;p__Firmicutes;c__Clostridia;o__Clostridiales;f__Lachnospiraceae;g__;s__[Eubacterium]_rectale	0.0740345139502	-0.0124838090942	-0.120640137949	-0.0238131953127	0.152703891122	0.046308483328	-0.0044645198534	0.0744060101818	-0.0272664290427	-0.0231482642206	0.00174898625966	-0.0724876174961	0.0129903412884	-0.0276152160847	1.0	0.0120417875531	-0.0790974281684	-0.138721111855	-0.0254630898299	0.039482894847	-0.012624237031	-0.08734846546	-0.0382912899627	-0.0509880903592	0.0216869751096	-0.0305657577276	-0.00325432801554	-0.0223362740407	0.0501207364172	-0.0264066694184	-0.0820801626385	-0.0249666630572	0.0130237971569	0.0196074541865	-0.0298136573532	-0.0993548772617	-0.0178423023682	0.0011007459309	-0.00991035122778	-0.0489438243716	-0.0362173449864	0.0430363971633	-0.0163870293264	-0.0483986725047	0.0406456816216	-0.0849907629705	-0.0678945011756	-0.0916382201109	0.00579974863033	-0.0715683006404	-0.0401675431635	-0.0122212001042	-0.0992893330784	-0.0567896256104	-0.0456051535825	-0.0681433083257	-0.0911966954939	0.0342230303796	0.0266086546278
k__Bacteria;p__Bacteroidetes;c__Bacteroidia;o__Bacteroidales;f__Bacteroidaceae;g__Bacteroides;s__Bacteroides_plebeius	-0.0104796345966	-0.00636295057123	-0.118392522118	0.0702598812399	0.0427442202869	0.0601859769102	0.0658746375867	-0.0444241421731	-0.0918295314059	-0.0346055504105	-0.101170318928	-0.0813758294813	-0.151561021524	-0.14494077191	0.0120417875531	1.0	0.0714285265461	0.0256079493883	-0.0760068541099	0.0361703485103	-0.0649729231672	0.0443468335208	-0.0450672231588	0.0119364170782	-0.0149659015642	-0.0172811806144	-0.0612886328553	0.0239387129743	-0.0159826104706	0.0112667964322	-0.000601327446276	-0.0351694316205	-0.00245486107785	0.042121768701	-0.0880712581932	0.00157824582282	-0.0773285610707	-0.00380419543599	-0.153932379222	-0.0837877963267	-0.104752919891	-0.00957012276137	0.0409994085206	-0.00367166522174	-0.124581569503	0.0272962349366	0.00128072847623	-0.0346086071665	-0.0276237984645	0.0734820808257	-0.0462335236144	-0.0518148882697	-0.0328198285224	-0.0084775331445	-0.0565086409844	-0.117876017241	-0.0742357460822	-0.132851978081	0.0638136855849
k__Bacteria;p__Bacteroidetes;c__Bacteroidia;o__Bacteroidales;f__Bacteroidaceae;g__Bacteroides;s__Bacteroides_fragilis	0.0464468869611	0.13629138119	0.0373291721569	-0.130634110946	-0.0509818991198	0.0176822367655	-0.00876106946445	-0.133860083961	-0.0521576386024	-0.165893477129	0.0409183499224	-0.00973597723583	-0.0141013064772	-0.0345648307432	-0.0790974281684	0.0714285265461	1.0	0.023692289764	-0.0648646353273	-0.0108494834756	-0.0444969181962	-0.0987948940933	-0.0627705112139	-0.116979634183	-0.0241231152074	-0.0897445593132	-0.0476301930574	-0.118602187103	0.0452592840127	-0.0986484756617	-0.0284872002985	-0.0530461520375	-0.0653353166535	0.145282232585	0.0611824075851	-0.0290105630217	-0.10107401178	0.00383967034942	-0.0243461622565	-0.169705929445	0.0441630108847	-0.0610448046658	-0.037050115614	-0.0449080343237	-0.0494952752642	-0.0762478961241	-0.0638734188068	-0.0464871175545	-0.112282563507	-0.0569499224418	-0.0332300821015	0.0214729098079	-0.10154237324	-0.0478995645997	-0.0698496817998	-0.123047527578	0.0436110260474	-0.1003896435	0.0284389841876
k__Bacteria;p__Proteobacteria;c__Betaproteobacteria;o__Burkholderiales;f__Sutterellaceae;g__Sutterella;s__Sutterella_wadsworthensis	-0.0757975599303	-0.0446100533634	-0.0422476612162	-0.0257224627813	-0.0683760934959	-0.0301184424447	-0.00140466342872	-0.0535752991614	-0.00416591433119	-0.0909561496666	-0.0311494289599	-0.0696598703876	0.0927203324165	-0.10065277187	-0.138721111855	0.0256079493883	0.023692289764	1.0	-0.095830385802	0.0186185063343	-0.0318922062232	-0.00521506853438	0.0149518964284	-0.0211291354256	-0.0254233406928	0.0163996347162	0.0191255672067	-0.0538715267995	-0.0776164370408	0.0206616497215	0.0286769797891	-0.110068769409	-0.0109193125061	-0.0574661345931	-0.0874296993147	-0.052539911566	-0.00588257630025	-0.0257654532437	-0.0376036193795	0.0241402891282	0.00384987735288	0.0456461993739	0.0570143560309	0.0132007098017	-0.0261200969533	-0.071524498938	-0.0307328650184	-0.0874232439741	0.0903445611479	-0.0523922555077	-0.112637333808	-0.0949757443493	0.0186485354024	-0.1247855417	-0.0393504638898	-0.0382447653237	-0.0810016470146	-0.0471196875592	-0.125252661772
k__Bacteria;p__Bacteroidetes;c__Bacteroidia;o__Bacteroidales;f__Porphyromonadaceae;g__Barnesiella;s__Barnesiella_intestinihominis	-0.0611372433267	-0.0431032094284	-0.0530607233526	-0.0405551679895	-0.0512433561912	-0.040966277815	-0.0603003286182	-0.0659450655673	-0.0857628785591	0.00376361331661	-0.057676701348	-0.0163359398738	0.0305701697973	0.0273180793939	-0.0254630898299	-0.0760068541099	-0.0648646353273	-0.095830385802	1.0	-0.0249540435641	-0.000526510773898	-0.155776929353	-0.0898307495053	0.00189211587908	0.0205304469421	-0.0726788814571	-0.0543811960886	-0.0128022308769	0.0018456782645	-0.128806651068	-0.0479571617108	0.00647507972999	-0.0420640599386	-0.0190168328062	-0.152044936136	-0.0514601140617	0.0207306762922	-0.0565480791893	-0.0388849455222	-0.0875037394553	-0.00349899727719	-0.0385869070543	0.00360595638122	-0.0631834644084	-0.167365594146	0.0022641684541	0.00264876637767	-0.0526266152282	-0.0390503252443	-0.0263971299469	0.0677901976388	-0.00291216956646	-0.050307476877	0.00670247628676	-0.0732967014209	-0.0481611601166	0.0304738342491	-0.0871558467544	0.0266508021486
k__Bacteria;p__Bacteroidetes;c__Bacteroidia;o__Bacteroidales;f__Odoribacteraceae;g__Odoribacter;s__Odoribacter_splanchnicus	-0.122945099649	-0.0050742927996	-0.0662518571362	-0.0812425239516	-0.00611231443663	-0.0952828291128	-0.00274261790802	-0.0729981127906	-0.0684757281944	-0.0135312943117	-0.0662759318222	-0.0776850504328	-0.0359567425136	-0.141993103381	0.039482894847	0.0361703485103	-0.0108494834756	0.0186185063343	-0.0249540435641	1.0	-0.115095824096	-0.0318813488674	-0.0781366981143	-0.0466694980645	0.0909975228584	0.00706296500521	0.0198381893845	-0.12764584424	0.033475396998	-0.0438651497692	0.00355564592089	-0.0631527622527	0.0277297353342	0.0998603991348	0.0026154269991	-0.0133067155973	0.0249237386127	-0.0223341630869	0.0245614484877	-0.0214067008996	-0.039175246731	-0.0597072542507	-0.0104077576857	-0.0280533550768	-0.0416156156843	-0.0597741860359	-0.0333338173652	-0.1528518699	-0.049642163531	-0.10145609952	-0.0363232279979	0.0811817551113	-0.056848756186	-0.0541595875756	0.0408054302155	-0.116544643329	-0.0866675839308	-0.08918995211	0.0930553596002
k__Bacteria;p__Bacteroidetes;c__Bacteroidia;o__Bacteroidales;f__Bacteroidaceae;g__Bacteroides;s__Bacteroides_salyersiae	-0.0355251268701	-0.0122985352364	-0.04392067619	0.107403810635	-0.0240226456472	-0.0637751357384	0.0265125169736	-0.17767644613	0.0289791215832	0.0142854324505	-0.0261918033525	0.0201090829158	-0.0479299791852	-0.0419625981974	-0.012624237031	-0.0649729231672	-0.0444969181962	-0.0318922062232	-0.000526510773898	-0.115095824096	1.0	-0.0730095962665	0.0223680663004	-0.117999881353	-0.0957164174144	-0.108481460284	-0.0202389775549	-0.00324253217724	-0.0604555242254	-0.0119841590247	-0.00480759246345	0.0155588747033	-0.00909680442423	-0.076447949166	0.052163859942	-0.0105731484391	-0.0576659083109	0.0626504803776	-0.0566539355925	0.0340022750841	0.0710287796676	0.108721839634	0.0468008871718	-0.0382643900427	-0.0471189529732	-0.0388214169377	-0.0380554234799	-0.0439648502131	-0.00283211416495	-0.0282081877941	-0.0815588004861	-0.0602906909959	0.034961587901	-0.0366994154815	-0.0841536657126	0.078774596261	-0.0322470820479	-0.0572201511624	-0.0354393449847
k__Bacteria;p__Firmicutes;c__Clostridia;o__Clostridiales;f__Ruminococcaceae;g__Ruminiclostridium;s__[Eubacterium]_siraeum	0.0182638646812	0.0977105189048	-0.0718096039323	0.00662990250179	-0.0366029179932	-0.0288418395314	-0.0984924219503	-0.0695202118548	-0.024337461178	-0.147146909234	-0.000579078034503	-0.0152077234121	-0.0157773969102	-0.0495929104688	-0.08734846546	0.0443468335208	-0.0987948940933	-0.00521506853438	-0.155776929353	-0.0318813488674	-0.0730095962665	1.0	-0.0116436146193	0.0366199713668	-0.0645304617023	0.00466928780875	0.0399907073765	-0.0786828569219	0.0703644127034	0.00466985057748	0.0365170991608	0.0625895195899	-0.0334613108935	0.0467685228684	-0.141583423687	0.0571439351661	0.064890202726	0.0629662978378	-0.0607255652308	-0.142697295584	-0.138343764146	-0.13372440546	-0.0685803479065	-0.0864429675067	0.0314054559052	-0.119941743584	-0.0759153848457	0.0163477733163	-0.0547197767165	0.0549376043607	-0.0701119418215	-0.113162737653	-0.00385810947301	-0.035084593324	-0.0796067706918	-0.0251218480396	0.0650422018081	-0.0432102478068	-0.0822701714605
k__Bacteria;p__Proteobacteria;c__Betaproteobacteria;o__Burkholderiales;f__Sutterellaceae;g__Parasutterella;s__Parasutterella_excrementihominis	-0.044691819952	-0.0201815400147	-0.0138837210039	0.0152340733092	-0.0772701171953	-0.0633736165188	-0.0116546705742	-0.113294527723	0.0650193350796	-0.0758927382129	-0.109117917773	0.0530299570322	-0.0384467870549	0.0125374490652	-0.0382912899627	-0.0450672231588	-0.0627705112139	0.0149518964284	-0.0898307495053	-0.0781366981143	0.0223680663004	-0.0116436146193	1.0	0.0322658097699	0.0713301700123	0.0136923121216	-0.0206302286349	-0.0289650990332	-0.147194022216	-0.0193888281045	-0.0535533995075	-0.044064431405	0.0105114995186	-0.00751354337953	-0.0669214858798	-0.0417011587227	-0.102138638923	0.00747455322905	0.00687305082317	-0.029655547817	-0.0662339099281	0.0451467888498	-0.0128173386497	-0.0740600924476	-0.0825063596811	-0.0665800913601	-0.0912059211934	-0.0337252956408	-0.00139895889932	0.0909339992839	0.0226333918261	-0.00512912116877	-0.0536770863187	-0.062641282364	0.00467331533745	-0.0648241514816	0.0296820413509	-0.060176695804	-0.0103502156334
k__Bacteria;p__Actinobacteria;c__Actinobacteria;o__Bifidobacteriales;f__Bifidobacteriaceae;g__Bifidobacterium;s__Bifidobacterium_adolescentis	-0.0219057487813	-0.0125665851659	-0.0650878246083	-0.0863086087107	-0.0294633268829	-0.0606582212561	-0.0534982706532	0.0196819188428	-0.0147185276556	0.0215778028011	-0.0482998583184	-0.0534166055914	-0.0484307655439	-0.00510987927677	-0.0509880903592	0.0119364170782	-0.116979634183	-0.0211291354256	0.00189211587908	-0.0466694980645	-0.117999881353	0.0366199713668	0.0322658097699	1.0	-0.0235254376435	-0.044961871509	-0.0530748393437	0.000903448092739	0.02576291345	0.0951133260483	-0.0759776539071	0.0936528712	-0.0941445106763	-0.080624339636	-0.0955526952114	0.0377448076495	0.00129788646605	-0.0541759361114	0.0689810050867	0.0361857246283	-0.0257016083422	-0.0841933584778	-0.124333594106	0.00946555107023	-0.134886021482	-0.04884327373	0.0226357070853	0.103483279917	0.164841786714	-0.0769760805795	0.00522494319626	-0.0387058501642	-0.0795088273305	-0.0291652389977	-0.0944437332644	-0.0105325861291	-0.0202548061285	-0.0967545155714	-0.00772011538497
k__Bacteria;p__Firmicutes;c__Clostridia;o__Clostridiales;f__Oscillospiraceae;g__Oscillibacter;s__Oscillibacter_sp._KLE_1745	-0.0701160042846	-0.0447345316352	0.0255275886236	-0.0595026610791	-0.0726941031715	-0.0851288062571	-0.102928284123	0.0069626562219	0.0115580895425	-0.0956456702118	-0.0675720288101	0.128820136284	-0.092187545265	-0.0370792650977	0.0216869751096	-0.0149659015642	-0.0241231152074	-0.0254233406928	0.0205304469421	0.0909975228584	-0.0957164174144	-0.0645304617023	0.0713301700123	-0.0235254376435	1.0	-0.0333315131939	0.0238222021781	-0.118622945383	-0.00376368542253	0.0267681846575	0.0245863063576	0.0205390752679	-0.0244337451024	-0.0278201495033	0.0469390746182	0.0675324671543	-0.155892760625	-0.0859587942618	-0.0430043465561	-0.00634858158893	-0.0521014501046	0.00987854789601	-0.0301890076267	0.141963155357	-0.00708140897703	-0.00382007207176	-0.169053011474	-0.104522324804	0.0615876462646	-0.0138225583581	-0.0750073221306	-0.0644620328474	-0.0846083964399	-0.0569946687039	-0.0340558632456	-0.106173822969	-0.0334960290919	-0.115259211595	0.00532246239152
k__Bacteria;p__Bacteroidetes;c__Bacteroidia;o__Bacteroidales;f__Bacteroidaceae;g__Bacteroides;s__Bacteroides_coprophilus	0.0803442619302	-0.0628018169218	-0.0180539537477	-0.0245201890871	-0.0583648964861	0.00811177101018	-0.0190163272875	0.0447370021108	-0.105996895704	-0.184100784191	-0.0933720322919	0.00627877597928	0.0200668581571	-0.0600503478451	-0.0305657577276	-0.0172811806144	-0.0897445593132	0.0163996347162	-0.0726788814571	0.00706296500521	-0.108481460284	0.00466928780875	0.0136923121216	-0.044961871509	-0.0333315131939	1.0	0.00677001100285	-0.0328534965024	-0.0022284182686	-0.0548750059288	-0.0318755881568	-0.0207170909376	-0.0508240251864	0.0706609779179	-0.150994652197	-0.145925554182	0.00678306381381	-0.0895334270769	-0.0526927128538	0.0232941895674	-0.0146284186158	0.0119652322301	-0.0987105504592	-0.0418063379071	0.0251550338914	0.0982339425618	-0.0872320368725	-0.0675122574408	-0.114598931149	-0.105421871662	-0.0654749565501	-0.0142624506665	-0.00466225694304	0.0123137650992	0.0169802884839	0.0585943639776	0.0859646723199	-0.0205163755856	0.0214252497134
k__Bacteria;p__Firmicutes;c__Clostridia;o__Clostridiales;f__Lachnospiraceae;g__Roseburia;s__Roseburia_intestinalis	0.000500616390663	-0.101121985584	-0.00172977211337	-0.151613181468	-0.12489423086	0.00503039190581	-0.063462363944	0.00593068516006	0.0222282147987	-0.0136421854583	0.0148765042844	-0.097321334608	-0.0143794246828	-0.0502698471813	-0.00325432801554	-0.0612886328553	-0.0476301930574	0.0191255672067	-0.0543811960886	0.0198381893845	-0.0202389775549	0.0399907073765	-0.0206302286349	-0.0530748393437	0.0238222021781	0.00677001100285	1.0	0.045343224352	-0.0818814736709	-0.0369076256022	-0.0681843318505	0.00547015291327	-0.0355026783709	-0.0580904298541	-0.0462405935923	-0.111531288707	0.00128938300551	-0.0790158648687	-0.0516228036996	-0.0293593025905	-0.0690835337842	-0.0871406240823	0.00185538092565	-0.0638753089155	0.0172437699851	-0.0317732356714	0.0559096758594	-0.0469443687438	-0.0369520406855	-0.00233076286065	-0.0261696810261	-0.0825033169127	-0.0204295570992	0.00248934018446	0.024695470929	-0.0684166224265	0.00348406178219	-0.154647046321	0.0126025251371
k__Bacteria;p__Firmicutes;c__Clostridia;o__Clostridiales;f__Lachnospiraceae;g__Roseburia;s__Roseburia_hominis	-0.091715031427	0.0397997020393	-0.029123082717	-0.0480173062941	0.0432496952094	-0.0642319792723	-0.127519696406	0.00235098534448	0.0295928248455	-0.0403243357588	0.0353020654837	-0.000351466107077	-0.0806395394208	-0.0320458953634	-0.0223362740407	0.0239387129743	-0.118602187103	-0.0538715267995	-0.0128022308769	-0.12764584424	-0.00324253217724	-0.0786828569219	-0.0289650990332	0.000903448092739	-0.118622945383	-0.0328534965024	0.045343224352	1.0	-0.0708509549334	0.0346670300382	0.0237267724326	-0.00106263708919	0.0497962989008	-0.0840929051532	0.075052128494	-0.108274246901	0.0509550329941	0.0260405175	0.0365042076355	-0.0421108727772	-0.0600480820691	-0.0663709496781	0.0498929921924	-0.0543232755546	-0.0599792408184	0.15239487977	-0.0399411408104	0.09697016479	-0.0722534309564	0.0450072863691	0.0164222156688	-0.0915942898027	-0.0226926092514	-0.0356251513438	-0.0701226286464	0.012337756987	0.0584075550741	-0.13270736044	-0.0766386562721
k__Bacteria;p__Bacteroidetes;c__Bacteroidia;o__Bacteroidales;f__Porphyromonadaceae;g__Parabacteroides;s__Parabacteroides_johnsonii	0.00402938159471	-0.0329652570232	-0.00658000212639	-0.0396775844564	0.02640893059	0.0381870097501	-0.023586555018	0.0347614911026	0.00730028386019	-0.0488988734551	-0.0339183036398	-0.0706281000084	-0.00717668696558	-0.0237713405984	0.0501207364172	-0.0159826104706	0.0452592840127	-0.0776164370408	0.0018456782645	0.033475396998	-0.0604555242254	0.0703644127034	-0.147194022216	0.02576291345	-0.00376368542253	-0.0022284182686	-0.0818814736709	-0.0708509549334	1.0	-0.0682253860945	-0.0554096687345	-0.0222525108039	-0.0696327825512	0.0114070456821	0.0238248782601	-0.138198905674	-0.00679996830068	0.0185602455773	-0.054008895168	-0.0773052088724	0.0318815835252	0.0403474525838	-0.0995942151169	-0.0163624517638	0.0312224910667	-0.0844196278231	-0.0750620270603	-0.0346352625459	-0.0298199452475	-0.0653369203344	-0.0116721072035	-0.115706459206	-0.12377974045	-0.0265730783125	0.032067107232	-0.0497400340031	-0.0389780139713	0.0558206515554	-0.10220761847
k__Bacteria;p__Actinobacteria;c__Actinobacteria;o__Bifidobacteriales;f__Bifidobacteriaceae;g__Bifidobacterium;s__Bifidobacterium_longum	-0.0469294720801	-0.0386370327709	-0.0161439407827	0.00137502516881	-0.0290240080811	-0.0757085083408	-0.179238428174	-0.0252377803989	-0.00610179958554	-0.019141044157	-0.0879552169825	-0.153873864879	-0.0931193050565	-0.0068583451493	-0.0264066694184	0.0112667964322	-0.0986484756617	0.0206616497215	-0.128806651068	-0.0438651497692	-0.0119841590247	0.00466985057748	-0.0193888281045	0.0951133260483	0.0267681846575	-0.0548750059288	-0.0369076256022	0.0346670300382	-0.0682253860945	1.0	-0.0221598812632	-0.00752907788102	-0.147434350023	-0.041343718989	-0.117164922352	-0.083201483603	0.0788106979247	-0.000461653312201	0.012058358207	0.0282448050622	-0.0642108035402	0.01241612226	-0.0261492196204	-0.0122699154202	-0.124154633471	-0.152699820624	-0.0395544144642	-0.0608049691226	-0.0408064402873	0.0207225400121	-0.0459224890096	-0.143160674947	-0.0275619845851	-0.0336623038405	0.00661901574071	-0.0775652947988	-0.0512662906694	0.0767228133471	-0.0657942640938
