#taxonomy	k__Bacteria;p__Bacteroidetes;c__Bacteroidia;o__Bacteroidales;f__Bacteroidaceae;g__Bacteroides;s__Bacteroides_vulgatus	k__Bacteria;p__Bacteroidetes;c__Bacteroidia;o__Bacteroidales;f__Bacteroidaceae;g__Bacteroides;s__Bacteroides_uniformis	k__Bacteria;p__Bacteroidetes;c__Bacteroidia;o__Bacteroidales;f__Rikenellaceae;g__Alistipes;s__Alistipes_putredinis	k__Bacteria;p__Bacteroidetes;c__Bacteroidia;o__Bacteroidales;f__Prevotellaceae;g__Prevotella;s__Prevotella_copri	k__Bacteria;p__Bacteroidetes;c__Bacteroidia;o__Bacteroidales;f__Bacteroidaceae;g__Bacteroides;s__Bacteroides_stercoris	k__Bacteria;p__Bacteroidetes;c__Bacteroidia;o__Bacteroidales;f__Bacteroidaceae;g__Bacteroides;s__Bacteroides_ovatus	k__Bacteria;p__Bacteroidetes;c__Bacteroidia;o__Bacteroidales;f__Rikenellaceae;g__Alistipes;s__Alistipes_shahii	k__Bacteria;p__Firmicutes;c__Clostridia;o__Clostridiales;f__Ruminococcaceae;g__Faecalibacterium;s__Faecalibacterium_prausnitzii	k__Bacteria;p__Bacteroidetes;c__Bacteroidia;o__Bacteroidales;f__Rikenellaceae;g__Alistipes;s__Alistipes_finegoldii	k__Bacteria;p__Bacteroidetes;c__Bacteroidia;o__Bacteroidales;f__Porphyromonadaceae;g__Parabacteroides;s__Parabacteroides_distasonis	k__Bacteria;p__Bacteroidetes;c__Bacteroidia;o__Bacteroidales;f__Bacteroidaceae;g__Bacteroides;s__Bacteroides_thetaiotaomicron	k__Bacteria;p__Bacteroidetes;c__Bacteroidia;o__Bacteroidales;f__Bacteroidaceae;g__Bacteroides;s__Bacteroides_coprocola	k__Bacteria;p__Bacteroidetes;c__Bacteroidia;o__Bacteroidales;f__Bacteroidaceae;g__Bacteroides;s__Bacteroides_cellulosilyticus	k__Bacteria;p__Bacteroidetes;c__Bacteroidia;o__Bacteroidales;f__Rikenellaceae;g__Alistipes;s__Alistipes_obesi	k__Bacteria;p__Firmicutes;c__Clostridia;o__Clostridiales;f__Lachnospiraceae;g__;s__[Eubacterium]_rectale	k__Bacteria;p__Bacteroidetes;c__Bacteroidia;o__Bacteroidales;f__Bacteroidaceae;g__Bacteroides;s__Bacteroides_plebeius	k__Bacteria;p__Bacteroidetes;c__Bacteroidia;o__Bacteroidales;f__Bacteroidaceae;g__Bacteroides;s__Bacteroides_fragilis	k__Bacteria;p__Proteobacteria;c__Betaproteobacteria;o__Burkholderiales;f__Sutterellaceae;g__Sutterella;s__Sutterella_wadsworthensis	k__Bacteria;p__Bacteroidetes;c__Bacteroidia;o__Bacteroidales;f__Porphyromonadaceae;g__Barnesiella;s__Barnesiella_intestinihominis	k__Bacteria;p__Bacteroidetes;c__Bacteroidia;o__Bacteroidales;f__Odoribacteraceae;g__Odoribacter;s__Odoribacter_splanchnicus	k__Bacteria;p__Bacteroidetes;c__Bacteroidia;o__Bacteroidales;f__Bacteroidaceae;g__Bacteroides;s__Bacteroides_salyersiae	k__Bacteria;p__Firmicutes;c__Clostridia;o__Clostridiales;f__Ruminococcaceae;g__Ruminiclostridium;s__[Eubacterium]_siraeum	k__Bacteria;p__Proteobacteria;c__Betaproteobacteria;o__Burkholderiales;f__Sutterellaceae;g__Parasutterella;s__Parasutterella_excrementihominis	k__Bacteria;p__Actinobacteria;c__Actinobacteria;o__Bifidobacteriales;f__Bifidobacteriaceae;g__Bifidobacterium;s__Bifidobacterium_adolescentis	k__Bacteria;p__Firmicutes;c__Clostridia;o__Clostridiales;f__Oscillospiraceae;g__Oscillibacter;s__Oscillibacter_sp._KLE_1745	k__Bacteria;p__Bacteroidetes;c__Bacteroidia;o__Bacteroidales;f__Bacteroidaceae;g__Bacteroides;s__Bacteroides_coprophilus	k__Bacteria;p__Firmicutes;c__Clostridia;o__Clostridiales;f__Lachnospiraceae;g__Roseburia;s__Roseburia_intestinalis	k__Bacteria;p__Firmicutes;c__Clostridia;o__Clostridiales;f__Lachnospiraceae;g__Roseburia;s__Roseburia_hominis	k__Bacteria;p__Bacteroidetes;c__Bacteroidia;o__Bacteroidales;f__Porphyromonadaceae;g__Parabacteroides;s__Parabacteroides_johnsonii	k__Bacteria;p__Actinobacteria;c__Actinobacteria;o__Bifidobacteriales;f__Bifidobacteriaceae;g__Bifidobacterium;s__Bifidobacterium_longum	k__Bacteria;p__Firmicutes;c__Clostridia;o__Clostridiales;f__;g__Flavonifractor;s__Flavonifractor_plautii	k__Bacteria;p__Firmicutes;c__Clostridia;o__Clostridiales;f__Clostridiaceae;g__Clostridium;s__Clostridium_phoceensis	k__Bacteria;p__Verrucomicrobia;c__Verrucomicrobiae;o__Verrucomicrobiales;f__Akkermansiaceae;g__Akkermansia;s__Akkermansia_muciniphila	k__Bacteria;p__Bacteroidetes;c__Bacteroidia;o__Bacteroidales;f__Prevotellaceae;g__Paraprevotella;s__Paraprevotella_xylaniphila	k__Bacteria;p__Firmicutes;c__Clostridia;o__Clostridiales;f__Ruminococcaceae;g__Ruminococcus;s__Ruminococcus_callidus	k__Bacteria;p__Bacteroidetes;c__Bacteroidia;o__Bacteroidales;f__Rikenellaceae;g__Alistipes;s__Alistipes_senegalensis	k__Bacteria;p__Firmicutes;c__Clostridia;o__Clostridiales;f__Lachnospiraceae;g__Blautia;s__Blautia_sp._KLE_1732	k__Bacteria;p__Bacteroidetes;c__Bacteroidia;o__Bacteroidales;f__Bacteroidaceae;g__Bacteroides;s__Bacteroides_oleiciplenus	k__Bacteria;p__Firmicutes;c__Clostridia;o__Clostridiales;f__Ruminococcaceae;g__Ruminococcus;s__Ruminococcus_bicirculans	k__Bacteria;p__Bacteroidetes;c__Bacteroidia;o__Bacteroidales;f__Bacteroidaceae;g__Bacteroides;s__Bacteroides_fluxus	k__Bacteria;p__Bacteroidetes;c__Bacteroidia;o__Bacteroidales;f__Prevotellaceae;g__Prevotella;s__Prevotella_stercorea	k__Bacteria;p__Firmicutes;c__Clostridia;o__Clostridiales;f__Lachnospiraceae;g__Dorea;s__Dorea_longicatena	k__Bacteria;p__Firmicutes;c__Clostridia;o__Clostridiales;f__Eubacteriaceae;g__Eubacterium;s__[Eubacterium]_eligens	k__Bacteria;p__Firmicutes;c__Clostridia;o__Clostridiales;f__Ruminococcaceae;g__;s__Ruminococcaceae_bacterium_D16	k__Bacteria;p__Firmicutes;c__Clostridia;o__Clostridiales;f__Lachnospiraceae;g__Coprococcus;s__Coprococcus_comes	k__Bacteria;p__Proteobacteria;c__Gammaproteobacteria;o__Enterobacterales;f__Enterobacteriaceae;g__Escherichia;s__Escherichia_coli	k__Bacteria;p__Firmicutes;c__Clostridia;o__Clostridiales;f__Ruminococcaceae;g__Anaerotruncus;s__Anaerotruncus_colihominis	k__Bacteria;p__Firmicutes;c__Clostridia;o__Clostridiales;f__Lachnospiraceae;g__Blautia;s__Blautia_obeum	k__Bacteria;p__Bacteroidetes;c__Bacteroidia;o__Bacteroidales;f__Odoribacteraceae;g__Odoribacter;s__Odoribacter_laneus	k__Bacteria;p__Firmicutes;c__Clostridia;o__Clostridiales;f__Ruminococcaceae;g__Ruminiclostridium;s__[Clostridium]_leptum	k__Bacteria;p__Bacteroidetes;c__Bacteroidia;o__Bacteroidales;f__Porphyromonadaceae;g__Parabacteroides;s__Parabacteroides_goldsteinii	k__Bacteria;p__Firmicutes;c__Clostridia;o__Clostridiales;f__Lachnospiraceae;g__Anaerostipes;s__Anaerostipes_hadrus	k__Bacteria;p__Firmicutes;c__Clostridia;o__Clostridiales;f__Ruminococcaceae;g__Ruminococcus;s__Ruminococcus_lactaris	k__Bacteria;p__Firmicutes;c__Clostridia;o__Clostridiales;f__Clostridiaceae;g__Clostridium;s__Clostridium_sp._L2-50	k__Bacteria;p__Firmicutes;c__Clostridia;o__Clostridiales;f__Clostridiaceae;g__Clostridium;s__Clostridium_sp._M62/1	k__Bacteria;p__Firmicutes;c__Clostridia;o__Clostridiales;f__;g__Intestinimonas;s__Intestinimonas_butyriciproducens	k__Bacteria;p__Actinobacteria;c__Actinobacteria;o__Bifidobacteriales;f__Bifidobacteriaceae;g__Bifidobacterium;s__Bifidobacterium_bifidum	k__Bacteria;p__Firmicutes;c__Negativicutes;o__Veillonellales;f__Veillonellaceae;g__Dialister;s__Dialister_invisus	k__Bacteria;p__Bacteroidetes;c__Bacteroidia;o__Bacteroidales;f__Bacteroidaceae;g__Bacteroides;s__Bacteroides_salanitronis
k__Bacteria;p__Bacteroidetes;c__Bacteroidia;o__Bacteroidales;f__Bacteroidaceae;g__Bacteroides;s__Bacteroides_vulgatus	1.0	-0.045690936248	-0.0614095330056	-0.0391642692442	-0.0681446169576	-0.00303076938868	-0.125893587279	-0.11929498776	-0.0690662531377	0.0156203430677	0.0141763261126	0.0233699742585	0.0023094445083	0.0910710715518	0.0480335525274	-0.0504188630454	0.0866764635149	-0.045620736981	0.0209791221247	-0.0360169360359	-0.0506341618739	-0.0126863760339	0.0222462917202	-0.0990723626715	0.00351562879591	0.0786932121683	-0.0622043424627	-0.12735404034	-0.0143742279811	0.0188478434308	-0.0297886983773	0.00808344499156	0.0183280145482	0.0021571858206	-0.0670496914488	-0.00714540031292	0.000264678882902	-0.0476131403079	0.0597427318918	-0.082301770203	0.0778122813555	-0.0273112716248	0.0216130143939	-0.00261300554153	0.0197669098135	0.0363789364298	-0.14641805683	-0.0467632853783	-0.049319528025	0.0153750336673	0.00984617821274	-0.0146961905765	0.0208491158957	-0.0106478904099	-0.0982968212949	-0.0754595997507	-0.0105854333956	-0.0187081206252	0.0176774164135
k__Bacteria;p__Bacteroidetes;c__Bacteroidia;o__Bacteroidales;f__Bacteroidaceae;g__Bacteroides;s__Bacteroides_uniformis	-0.045690936248	1.0	-0.017858803456	-0.0206297603709	-0.032910356955	-0.0473929905335	-0.0661665555858	-0.0764819640452	-0.0377695779789	-0.141448253813	-0.0422341170977	-0.0987969042164	-0.0992722083415	-0.0825663389646	0.0357693468687	-0.00493645867637	-0.173620002489	-0.120854621916	0.146076668248	-0.0617920948877	-0.113992769658	0.0524255082517	-0.01212919019	-0.0215093265317	-0.0417806815612	0.00139506642578	0.0165113127497	-0.00835366419353	-0.0845871853886	0.0378779726359	-0.0185740776425	0.0402795275833	0.076778791628	0.0139473333508	-0.0114147223021	0.0157954165555	0.0110686268452	0.0543575663961	-0.0119850240669	-0.0121725532933	0.03773106033	-0.0720450379927	0.0122134847206	-0.0444655450157	-0.213466295953	-0.0634379886162	-0.123233701224	-0.0366808651442	-0.0300325347885	0.067977491555	0.00999263785869	-0.0223424239761	-0.00920629458929	0.0245310690662	0.0404535453741	0.0351423108574	-0.0529696349323	-0.0161493984485	0.0726917442449
k__Bacteria;p__Bacteroidetes;c__Bacteroidia;o__Bacteroidales;f__Rikenellaceae;g__Alistipes;s__Alistipes_putredinis	-0.0614095330056	-0.017858803456	1.0	0.0430404528305	-0.0360763989058	-0.0508291508367	-0.0388791566826	-0.068301743108	-0.0648450816432	-0.0617650899069	-0.0861125268475	0.0326342514743	-0.0118120051267	-0.0413329415018	-0.112797172629	-0.0910796452072	-0.0597841914867	0.105644715796	-0.0407614160878	0.03154996297	0.0358144051596	0.0423923991589	-0.0217633505848	-0.0688300264855	-0.00410064726255	0.0046774654645	-0.0169375017502	-0.0344222664847	0.0471487764023	-0.10150739586	0.0166873165358	0.0234957641671	-0.050771902624	0.0769238890951	-0.0113448679636	0.0339267894919	-0.0826726698122	-0.111860350073	0.0401961690131	-0.120662053777	-0.0311574522951	-0.148892476123	-0.0294638552361	-0.165427632023	-0.129847911785	-0.0460488734839	-0.0783238786978	-0.023991952499	-0.083948052771	-0.0451198098254	0.122200897242	-0.0127942617282	-0.0762333978025	0.0997514634904	-0.0501933976816	0.0702236554827	-0.0189359758376	-0.0555176471581	0.0173662851028
k__Bacteria;p__Bacteroidetes;c__Bacteroidia;o__Bacteroidales;f__Prevotellaceae;g__Prevotella;s__Prevotella_copri	-0.0391642692442	-0.0206297603709	0.0430404528305	1.0	-0.0111275470132	-0.144022490327	0.0238942909776	-0.0192754935264	-0.000975995481005	-0.0211255051022	-0.0406465495362	-0.0318931924551	-0.136839778392	0.00536781721848	-0.0158655752252	-0.063930271759	0.0356222888861	-0.0937071165094	-0.0297557486036	-0.00387608951402	-0.00889885416437	0.0284064689244	-0.0584015364571	-0.045417515848	0.0492449429586	-0.0356481874306	-0.0250555704407	-0.0879744198708	-0.0658471026045	0.0422418176894	-0.00102166484136	-0.0341887757863	0.00851490070139	-0.002114984535	-0.0474085282223	-0.00471174656665	0.00127613752656	-0.0187041006172	-0.00583863934805	-0.0490831245931	-0.07322321488	-0.0273428130464	-0.0420479831316	-0.0451659454139	0.0116677976757	-0.00126957652859	-0.0669093078413	-0.0165345258376	-0.034556549892	0.0213472493995	0.0856784792992	-0.00565748432344	-0.0974591608652	-0.0701854274011	0.0123463508492	-0.0624621720855	-0.0308736147792	0.0146101290247	0.108378547937
k__Bacteria;p__Bacteroidetes;c__Bacteroidia;o__Bacteroidales;f__Bacteroidaceae;g__Bacteroides;s__Bacteroides_stercoris	-0.0681446169576	-0.032910356955	-0.0360763989058	-0.0111275470132	1.0	0.0119989782564	-0.0813375553419	-0.0260997416753	-0.0614510040448	-0.0492710511142	-0.00804204485913	0.0375175059183	-0.098861963868	-0.0199590483269	-0.0192063895954	0.0210830681089	0.00393200580116	-0.107705364887	0.0983798084793	-0.0485978477173	0.0079346946246	-0.0738282803257	-0.00421537505583	-0.00100905013688	-0.00270506767904	-0.0797376563217	0.04997971348	-0.0130257294545	0.00500479483053	-0.0199311912196	-0.0303698667529	0.0162693654572	-0.103808521119	-0.104532869489	-0.0820045141243	-0.0661576193915	-0.0121120194359	-0.0107935433596	-0.0927650629823	-0.0594025982046	-0.0624021284552	0.0999556833918	0.0193656723386	-0.0410431231525	0.000719795696131	0.0118180938218	-0.0825612953304	-0.0698949404886	-0.0416814550652	-0.0479412913264	-0.0886078368883	-0.00425539272348	-0.0659942249314	-0.0234062187547	-0.0344573933077	-0.0185839663343	-0.0457442809667	-0.0555235401436	0.0876969106752
k__Bacteria;p__Bacteroidetes;c__Bacteroidia;o__Bacteroidales;f__Bacteroidaceae;g__Bacteroides;s__Bacteroides_ovatus	-0.00303076938868	-0.0473929905335	-0.0508291508367	-0.144022490327	0.0119989782564	1.0	-0.0336220333787	0.0192561154395	-0.0599010665056	-0.0605529218475	-0.0663699211359	-0.0251009719719	-0.00199116234061	0.0105261275011	-0.0988502035783	-0.0427286846556	-0.0354949323912	-0.0801762432895	-0.00828139901186	-0.00382062592637	0.0075935604979	-0.0889108941279	-0.050867617276	-0.00356728984592	-0.0066693133354	-0.036800050077	0.133326963707	-0.0639155636328	0.131853457104	-0.0858068512826	-0.0308433179963	0.00904198576333	0.0436034240429	-0.00309360091466	-0.134749708	-0.0482253340727	-0.0919719838521	0.000224737536761	0.0298900560899	0.0479874674645	-0.06922220658	-0.0192191365157	-0.0238167594367	-0.0553293500142	-0.0723144240646	-0.0589716346277	-0.0279332981488	-0.0730270954535	0.052341574764	-0.00552914794403	-0.00971648761624	-0.0394331887949	-0.0385196662048	0.0487322352463	-0.00667100646074	-0.154997879862	-0.0299001382807	-0.0847500442575	-0.0548899278649
k__Bacteria;p__Bacteroidetes;c__Bacteroidia;o__Bacteroidales;f__Rikenellaceae;g__Alistipes;s__Alistipes_shahii	-0.125893587279	-0.0661665555858	-0.0388791566826	0.0238942909776	-0.0813375553419	-0.0336220333787	1.0	-0.0727321414771	0.00150205544255	-0.0818547059614	-0.0405976541197	-0.0152910115903	0.0782399783076	0.00573570638263	-0.0927796920126	-0.0387100143199	0.0178453119183	0.0362888571915	-0.0430106884158	-0.0235055463339	-0.0331026691089	0.0305454733648	0.0297737233997	-0.0382077973682	-0.0176905025602	0.0381294714042	-0.0470004601714	0.0410021181997	-0.0065360780089	-0.072138231073	-0.0026094930788	-0.0680628813708	-0.119346001801	0.0203388928209	-0.0988155459149	-0.0600998632916	-0.0930552675222	-0.138224879019	-0.0842485883602	-0.04605067635	-0.129225051951	0.00966846410051	-0.132458669584	0.0131592884049	-0.0229865972448	0.0254426158501	0.0727431722035	-0.100621102453	-0.0172232870995	-0.0307786731927	-0.0242577772602	-0.0946233328392	0.0227677497329	-0.0525069403069	-0.000263405795846	-0.0789727417831	0.042350949732	-0.10499731356	-0.0197857121507
k__Bacteria;p__Firmicutes;c__Clostridia;o__Clostridiales;f__Ruminococcaceae;g__Faecalibacterium;s__Faecalibacterium_prausnitzii	-0.11929498776	-0.0764819640452	-0.068301743108	-0.0192754935264	-0.0260997416753	0.0192561154395	-0.0727321414771	1.0	0.0197714458683	-0.00841680720352	0.0552639556786	-0.0316812089756	-0.0985535270981	-0.0359381461824	0.0658635095144	0.0100816912834	-0.0920241966985	0.0316960245143	-0.0233099485817	0.0126447414157	0.0146946010053	0.0196502353924	-0.0237956310437	-0.0377753913656	-0.0715981850872	0.0754356960864	-0.0426201304964	-0.03176200634	0.02605280019	-0.0113662862546	0.00170664594029	-0.133297524631	-0.0306541526683	0.0412198577799	-0.106009330127	0.0213167394456	-0.126290840513	-0.0871114220775	-0.0621845131793	-0.0121008443838	0.0647541647426	-0.00555504020692	0.134653897895	-0.0465592492108	0.0198515850656	-0.136406217488	-0.109567293891	-0.0388636010836	-0.059558331905	0.0445969088473	-0.00184585271203	0.0832646475865	-0.0589172991304	-0.00164828068762	0.0219636889177	-0.0224647799195	-0.0403563129166	-0.167292365196	-0.0024705188325
k__Bacteria;p__Bacteroidetes;c__Bacteroidia;o__Bacteroidales;f__Rikenellaceae;g__Alistipes;s__Alistipes_finegoldii	-0.0690662531377	-0.0377695779789	-0.0648450816432	-0.000975995481005	-0.0614510040448	-0.0599010665056	0.00150205544255	0.0197714458683	1.0	-0.0323062510175	-0.0752697578951	-0.120282364433	-0.0778873764109	-0.0818966528018	-0.0445843041542	-0.000196964478618	-0.0810857234338	-0.00869330666219	0.00870817662992	0.0981937542728	-0.0564552655852	-0.0112172416917	-0.0134681522581	-0.0730555796913	-0.180845320863	-0.0850042218191	0.0178510420285	0.00519710327403	-0.0688677074074	-0.0779184892545	-0.00740832733719	-0.0265360693305	0.0505731149873	0.00187800360841	0.0231781880407	-0.0562416850275	-0.0759792182291	0.067471587889	-0.049824325515	-0.0808327445504	-0.0467150542995	-0.0460126211948	-0.0493882313942	-0.0341307196901	-0.0106019852266	-0.0212894288527	-0.029282943071	-0.0203062314535	-0.0259458890738	-0.00771282789415	-0.0271518623149	-0.105463932133	-0.0755104116371	-0.0411100584106	-0.0319593799367	0.0502471755949	-0.0378883863758	0.149546429373	0.0677778544968
k__Bacteria;p__Bacteroidetes;c__Bacteroidia;o__Bacteroidales;f__Porphyromonadaceae;g__Parabacteroides;s__Parabacteroides_distasonis	0.0156203430677	-0.141448253813	-0.0617650899069	-0.0211255051022	-0.0492710511142	-0.0605529218475	-0.0818547059614	-0.00841680720352	-0.0323062510175	1.0	-0.065513187612	0.0272664478636	0.0106654919758	-0.11833639046	-0.0299475232804	-0.00942169876925	0.00159011187866	-0.0365473560594	-0.0394539038113	0.0681034616106	0.0181198764033	-0.0618880167878	-0.0686364249568	-0.136982390633	-0.0617623025346	-0.049649036367	0.0676809129379	-0.0566072772458	-0.0530406943448	-0.0850574694701	0.0384636104191	-0.0399438291339	-0.0492183224954	-0.0147709152054	-0.0177097268262	0.0497003671729	-0.159895744712	-0.0291068763032	-0.0308228430861	0.0222328244108	-0.01413575998	-0.0637194461969	-0.0424416105453	0.0421576563091	0.0130261513799	0.00983451642185	-0.0506243778003	-0.00580995471861	0.00658250031965	-0.0474133596445	-0.00579642751262	-0.077240645792	0.0468314079243	0.0248622550912	-0.0220110347343	-0.112178526667	0.104072722731	-0.0368347410678	-0.0786910731129
k__Bacteria;p__Bacteroidetes;c__Bacteroidia;o__Bacteroidales;f__Bacteroidaceae;g__Bacteroides;s__Bacteroides_thetaiotaomicron	0.0141763261126	-0.0422341170977	-0.0861125268475	-0.0406465495362	-0.00804204485913	-0.0663699211359	-0.0405976541197	0.0552639556786	-0.0752697578951	-0.065513187612	1.0	-0.041532022942	-0.00604613626851	-0.0900723144874	-0.0900353413915	0.0510920445913	-0.0135207668928	-0.143996553766	0.00366640050286	-0.016422860611	-0.0666595169044	-0.0595413633319	0.0166438106069	-0.0241914254008	-0.0815710197214	-0.110462132026	0.0397357129657	0.00252608691632	-0.148211219812	0.0294231035042	0.00329676336796	-0.0353104813606	-0.0424395969742	-0.0325728216527	0.0645918553372	0.0663847141976	-0.00490424534273	-0.0696145918769	-0.0950079405079	-0.0307878243307	0.0183580942452	0.0300442384617	9.52597606899e-05	-0.0079784146286	-0.00397996706599	0.0346467234225	-0.0455095017003	0.0181804252439	-0.0545403040247	-0.0269839806181	-0.137938636783	-0.0963267480706	0.106182246206	-0.044632783162	0.0757205361947	-0.0178387996669	-0.0806874467929	-0.0513156927789	-0.0203177476998
k__Bacteria;p__Bacteroidetes;c__Bacteroidia;o__Bacteroidales;f__Bacteroidaceae;g__Bacteroides;s__Bacteroides_coprocola	0.0233699742585	-0.0987969042164	0.0326342514743	-0.0318931924551	0.0375175059183	-0.0251009719719	-0.0152910115903	-0.0316812089756	-0.120282364433	0.0272664478636	-0.041532022942	1.0	-0.00383352913914	0.105168132997	-0.0291321218271	-0.0359028298631	0.0103540479465	0.0281856755948	-0.0337848515928	-0.0341359331229	-0.0268787243608	0.00132322421546	-0.108467334767	0.0394073105515	-0.0410379588741	-0.121762345231	-0.0512217318988	0.0400620231817	0.0349952814817	-0.0580690488401	0.0384660847737	-0.0159644912849	-0.0494123094312	-0.00636395912697	-0.048974087295	-0.0524507248103	-0.0551367588392	-0.163075187165	-0.000796139287771	-0.143470488709	-0.0796633287445	-0.0389786839423	-0.0148415845914	0.0710370674798	-0.0366561239834	-0.0383657122162	-0.0853522666002	-0.0698191113503	-0.0215820673544	-0.0329021071862	0.0135574906606	-0.0685446974303	-0.0573424496281	-0.0131031765006	-0.010521977496	0.04505741262	0.0347336095202	-0.02088341968	-0.0622100152991
k__Bacteria;p__Bacteroidetes;c__Bacteroidia;o__Bacteroidales;f__Bacteroidaceae;g__Bacteroides;s__Bacteroides_cellulosilyticus	0.0023094445083	-0.0992722083415	-0.0118120051267	-0.136839778392	-0.098861963868	-0.00199116234061	0.0782399783076	-0.0985535270981	-0.0778873764109	0.0106654919758	-0.00604613626851	-0.00383352913914	1.0	-0.0982393183129	-0.0311045839916	-0.0743393559746	0.0274025668942	0.0697657673257	-0.123513085784	-0.103524254791	-0.00168611790954	-0.00721021490694	-0.015223997539	-0.0527563448217	-0.0119866812696	-0.0713285965588	0.0781013107679	-0.0278437329306	-0.107565638129	-0.0149444590864	0.00597634378879	-0.0222570842822	0.138762798929	-0.0821121709898	-0.0560631923347	-0.0190227700377	0.0128384611206	-0.0784403285725	0.0615003552111	-0.0445387412781	-0.0296442820207	-0.00605791874901	-0.00174497495169	-0.0684263849054	-0.0327123265571	-0.0564903714299	-0.00297556460311	0.102809587886	0.0198210237968	-0.0714566912895	0.0274236015007	-0.102147471054	-0.0773736549005	0.0671386782671	-0.14085109199	0.0277787925619	-0.0130508049374	-0.0484830303535	-0.0120275386944
k__Bacteria;p__Bacteroidetes;c__Bacteroidia;o__Bacteroidales;f__Rikenellaceae;g__Alistipes;s__Alistipes_obesi	0.0910710715518	-0.0825663389646	-0.0413329415018	0.00536781721848	-0.0199590483269	0.0105261275011	0.00573570638263	-0.0359381461824	-0.0818966528018	-0.11833639046	-0.0900723144874	0.105168132997	-0.0982393183129	1.0	-0.0127884000611	-0.058336484848	-0.0655275979132	0.0899108334995	-0.0488692260544	-0.0599540641288	-0.0503972787918	-0.0763128091555	-0.0363806625407	0.0125426272835	-0.081119962197	0.0396506210576	0.00825898061136	-0.0872739984454	-0.027830778048	-0.0305011826437	-0.0403494116042	-0.0295609518778	-0.0429243549651	-0.0443105745878	-0.128731697155	0.0206823150982	-0.0433381012034	0.00919887555296	-0.0273069000175	-0.0472207498869	-0.0204361072949	-0.00172741286684	-0.0407941264113	-0.0487660427035	0.0300888957265	-0.00502892023328	0.0313562579544	-0.0584377752537	-0.0410507677226	0.0246668344112	0.0504064622241	0.013592263657	-0.0283208114439	-0.0885774705203	-0.0937230260844	-0.0137402989903	0.0500120122596	-0.0269415526898	-0.127246254158
k__Bacteria;p__Firmicutes;c__Clostridia;o__Clostridiales;f__Lachnospiraceae;g__;s__[Eubacterium]_rectale	0.0480335525274	0.0357693468687	-0.112797172629	-0.0158655752252	-0.0192063895954	-0.0988502035783	-0.0927796920126	0.0658635095144	-0.0445843041542	-0.0299475232804	-0.0900353413915	-0.0291321218271	-0.0311045839916	-0.0127884000611	1.0	-0.0273343278334	0.0450344380059	-0.0835816631125	-0.0757234245645	-0.0452529062711	0.0216329092835	-0.0507545907111	0.0432903766135	-0.086611530186	0.0987497881205	-0.0485220340073	-0.044954203728	-0.00297624409991	-0.0106130342254	-0.0372652594455	-0.0133310054674	-0.0532990643239	-0.0419490162007	0.00587047871236	-0.0378743047454	0.00191637685119	-0.214544699276	-0.136287657482	-0.0154380936105	-0.0216808274732	-0.0749539276228	-0.107255524094	0.0112647476327	-0.0207382407991	0.0153188948762	-0.0210645762666	-0.0720960837938	-0.0658103501851	-0.00889633197115	0.15478584664	-0.0727305952014	0.0311490129094	0.00489038408424	-0.0845011024857	0.0934979611797	-0.0498542964304	-0.0786227839016	-0.0172196393476	0.0344412066872
k__Bacteria;p__Bacteroidetes;c__Bacteroidia;o__Bacteroidales;f__Bacteroidaceae;g__Bacteroides;s__Bacteroides_plebeius	-0.0504188630454	-0.00493645867637	-0.0910796452072	-0.063930271759	0.0210830681089	-0.0427286846556	-0.0387100143199	0.0100816912834	-0.000196964478618	-0.00942169876925	0.0510920445913	-0.0359028298631	-0.0743393559746	-0.058336484848	-0.0273343278334	1.0	-0.0621171980351	-0.00596400330713	-0.0446835886639	-0.0310485200488	-0.0111737552959	0.10171313901	-0.0877520298497	0.00939575534209	-0.0150278679716	0.0618963468144	-0.0102833764839	-0.0400203463986	-0.0409707019996	-0.0490016437532	-0.0681681364075	-0.109755698332	0.0873563273042	-0.111752043757	-0.0525572173916	-0.0137847208674	-0.033213946044	0.0014466002343	-0.00909530618066	-0.00263258670765	-0.0339610663251	-0.076163732979	0.0417604430574	-0.0498593385926	-0.012373034282	-0.0949853539086	0.00693344048372	-0.0134813739766	-0.0859878531524	-0.127219157626	-0.0899524346257	0.061242950177	-0.0726220654833	-0.137730370455	0.0226725310102	-0.032755171073	-0.093581172217	0.0479657860145	-0.0262575828949
k__Bacteria;p__Bacteroidetes;c__Bacteroidia;o__Bacteroidales;f__Bacteroidaceae;g__Bacteroides;s__Bacteroides_fragilis	0.0866764635149	-0.173620002489	-0.0597841914867	0.0356222888861	0.00393200580116	-0.0354949323912	0.0178453119183	-0.0920241966985	-0.0810857234338	0.00159011187866	-0.0135207668928	0.0103540479465	0.0274025668942	-0.0655275979132	0.0450344380059	-0.0621171980351	1.0	-0.0408758314803	-0.0260112037378	-0.0738816932401	-0.0108512225017	-0.0644552018155	-0.0287372391982	-0.0584637162788	-0.0178438991071	0.0459768392185	0.00200621355931	0.000246360751173	0.0713136777523	-0.0858623012985	0.022153592608	0.00166929668798	0.0432749934284	-0.0910155899445	0.0361292368435	-0.0918778733351	-0.0678217083233	-0.0672706644861	-0.0663513459892	-0.0214289137512	-0.00539173809401	0.00475288957707	-0.0941423886904	0.0161080807865	-0.0302250679352	0.0641630806884	-0.0477912211734	0.00590624780353	-0.032992711276	0.0471480975686	0.0206942090181	-0.00763628090223	-0.139854080176	0.0118715886505	-0.0130950246465	0.0138820993763	0.0638953147169	-0.0912882390825	-0.033873375602
k__Bacteria;p__Proteobacteria;c__Betaproteobacteria;o__Burkholderiales;f__Sutterellaceae;g__Sutterella;s__Sutterella_wadsworthensis	-0.045620736981	-0.120854621916	0.105644715796	-0.0937071165094	-0.107705364887	-0.0801762432895	0.0362888571915	0.0316960245143	-0.00869330666219	-0.0365473560594	-0.143996553766	0.0281856755948	0.0697657673257	0.0899108334995	-0.0835816631125	-0.00596400330713	-0.0408758314803	1.0	-0.0839985996038	-0.0852720789715	-0.0363874820477	0.0517251558548	-0.0861539618527	-0.0102172276499	-0.000679147782598	-0.0495185376173	-0.0804832123627	-0.091772378131	-0.00896042586585	-0.0894889857804	-0.0721860361107	-0.0867341838201	-0.0626341175795	-0.151046264639	0.0123144587581	0.0604996863796	-0.0881707898117	0.0168166730528	-0.0495460208926	0.0592290346891	0.00175029135549	-0.0531311072557	-0.103926934133	-0.047313236421	0.0290321176178	-0.050669452726	0.064561413851	-0.0558971243594	0.0537011293752	0.0331581115629	0.149959888328	0.0121791564287	-0.111191825476	0.123301452736	-0.00657340083601	0.0811321777022	-0.0552413668003	-0.0024817029967	-0.0258878917865
k__Bacteria;p__Bacteroidetes;c__Bacteroidia;o__Bacteroidales;f__Porphyromonadaceae;g__Barnesiella;s__Barnesiella_intestinihominis	0.0209791221247	0.146076668248	-0.0407614160878	-0.0297557486036	0.0983798084793	-0.00828139901186	-0.0430106884158	-0.0233099485817	0.00870817662992	-0.0394539038113	0.00366640050286	-0.0337848515928	-0.123513085784	-0.0488692260544	-0.0757234245645	-0.0446835886639	-0.0260112037378	-0.0839985996038	1.0	-0.0156352334618	-0.00422754676309	-0.0371222385226	0.00336323345869	-0.0651700026784	-0.0896067742051	-0.0552099490083	0.0289988917693	-0.112180437167	0.0262441995678	-0.0379239689711	-0.014803103182	-0.00164830568918	-0.0227427180058	0.00311702797124	-0.0142740239982	-0.0956127004003	0.0545814930454	0.0821543394636	-0.092566823337	-0.0368249467898	-0.182606456947	0.0106815751368	0.0450472759288	-0.00316864591921	0.00808733049228	-0.0212416886013	0.0584287395638	0.00241517995914	0.0271872809518	-0.0359901496689	-0.0680736031057	0.0976519484226	0.0721647613428	-0.143582563762	-0.074257154359	-0.0404827207567	0.0178111219268	-0.0221577827063	0.017216052755
k__Bacteria;p__Bacteroidetes;c__Bacteroidia;o__Bacteroidales;f__Odoribacteraceae;g__Odoribacter;s__Odoribacter_splanchnicus	-0.0360169360359	-0.0617920948877	0.03154996297	-0.00387608951402	-0.0485978477173	-0.00382062592637	-0.0235055463339	0.0126447414157	0.0981937542728	0.0681034616106	-0.016422860611	-0.0341359331229	-0.103524254791	-0.0599540641288	-0.0452529062711	-0.0310485200488	-0.0738816932401	-0.0852720789715	-0.0156352334618	1.0	0.106402225561	-0.0286522418968	0.0210670670573	0.0948406974579	-0.0279231628376	-0.0144267279082	0.0281588261921	-0.0577758322988	0.0170266014543	0.0304794898652	0.0498767158833	0.0670531760016	-0.00192216768435	-0.0527524123957	0.0171760357675	-0.0377527116635	-0.019572661164	-0.102504476787	-0.0745524482986	-0.0347124270358	0.0947931590546	-0.0998193880597	-0.0862866110309	-0.0144168116369	-0.0311927435137	-0.0783673169955	-0.134531588561	-0.00976990363294	-0.017121336498	0.0367256582926	-0.0741258371826	-0.144105620467	-0.0812427097871	-0.048080278501	-0.0157925713733	-0.0681970297746	0.0499077360498	-0.00529815230888	0.00149664415796
k__Bacteria;p__Bacteroidetes;c__Bacteroidia;o__Bacteroidales;f__Bacteroidaceae;g__Bacteroides;s__Bacteroides_salyersiae	-0.0506341618739	-0.113992769658	0.0358144051596	-0.00889885416437	0.0079346946246	0.0075935604979	-0.0331026691089	0.0146946010053	-0.0564552655852	0.0181198764033	-0.0666595169044	-0.0268787243608	-0.00168611790954	-0.0503972787918	0.0216329092835	-0.0111737552959	-0.0108512225017	-0.0363874820477	-0.00422754676309	0.106402225561	1.0	0.0307618222383	0.0739117246278	0.0703005709938	-0.0655536982587	-0.0221208979504	-0.0131481227934	0.00936691659083	-0.0466857636506	-0.0839833190992	0.0434059131445	-0.0703504116329	-0.053470073475	0.0496772299916	-0.0766691146749	-0.0334710781168	-0.0481203679251	-0.0457116310637	0.00522868130793	-0.0800919223135	-0.0224268234474	-0.0188146397287	-0.0138321115885	-0.0638096488203	0.0179357538234	-0.0232879424961	-0.0230033905285	0.0153211503951	-0.0244921206032	0.0793004906809	-0.0316962863169	-0.0549714068298	0.0285249299083	0.0794401103051	-0.132328089667	-0.0834574905172	-0.015601212441	-0.041431654745	-0.0345145925004
k__Bacteria;p__Firmicutes;c__Clostridia;o__Clostridiales;f__Ruminococcaceae;g__Ruminiclostridium;s__[Eubacterium]_siraeum	-0.0126863760339	0.0524255082517	0.0423923991589	0.0284064689244	-0.0738282803257	-0.0889108941279	0.0305454733648	0.0196502353924	-0.0112172416917	-0.0618880167878	-0.0595413633319	0.00132322421546	-0.00721021490694	-0.0763128091555	-0.0507545907111	0.10171313901	-0.0644552018155	0.0517251558548	-0.0371222385226	-0.0286522418968	0.0307618222383	1.0	-0.00949953331877	-0.136143235164	0.0788253016104	-0.00295932502369	-0.0839706674762	-0.13985183234	-0.0543724865482	-0.162365788022	-0.0998607267953	-0.0543295173643	-0.0953687319187	-0.015778287682	0.010072575141	0.0304568200801	0.097018529092	3.10966052719e-05	-0.0385231288428	0.0523699681653	-0.0343601274867	-0.0189420589928	0.0908549607841	-0.0765035592217	0.00984911550406	-0.0399823811404	0.0101643181857	0.00792421061373	0.0628067131358	-0.0950385644843	-0.0657637409882	0.0239344761409	-0.0198816656747	0.0898580016989	-0.0786941949534	-0.15074841035	-0.0568403465168	-0.0335470222128	-0.0930368051282
k__Bacteria;p__Proteobacteria;c__Betaproteobacteria;o__Burkholderiales;f__Sutterellaceae;g__Parasutterella;s__Parasutterella_excrementihominis	0.0222462917202	-0.01212919019	-0.0217633505848	-0.0584015364571	-0.00421537505583	-0.050867617276	0.0297737233997	-0.0237956310437	-0.0134681522581	-0.0686364249568	0.0166438106069	-0.108467334767	-0.015223997539	-0.0363806625407	0.0432903766135	-0.0877520298497	-0.0287372391982	-0.0861539618527	0.00336323345869	0.0210670670573	0.0739117246278	-0.00949953331877	1.0	-0.114411440567	-0.0249811598677	-0.0292923047584	0.00846657372212	0.00845672148236	-0.0250847703125	-0.0216832977313	0.00998391353407	0.0776808021062	-0.0765162246347	-0.0454880697316	-0.122481450714	-0.043515974953	-0.0685983301638	0.00591565137844	-0.0409275212972	0.00805468190002	-0.111070511078	-0.0452501770496	0.0380859815739	0.0351084920425	-0.125836381103	-0.0729200649164	-0.0187671804699	-0.0316988632447	0.0227914846622	0.0240261701142	-0.109176286184	0.0602974774805	0.00785247849802	0.0249836510996	-0.153057650183	-0.0151758648622	-0.0459523362773	0.0314617621025	-0.0320210398871
k__Bacteria;p__Actinobacteria;c__Actinobacteria;o__Bifidobacteriales;f__Bifidobacteriaceae;g__Bifidobacterium;s__Bifidobacterium_adolescentis	-0.0990723626715	-0.0215093265317	-0.0688300264855	-0.045417515848	-0.00100905013688	-0.00356728984592	-0.0382077973682	-0.0377753913656	-0.0730555796913	-0.136982390633	-0.0241914254008	0.0394073105515	-0.0527563448217	0.0125426272835	-0.086611530186	0.00939575534209	-0.0584637162788	-0.0102172276499	-0.0651700026784	0.0948406974579	0.0703005709938	-0.136143235164	-0.114411440567	1.0	-0.0316992712748	0.0347193810559	0.0400758088957	0.06766741721	-0.00764225915167	0.00449069595308	-0.026372821437	-0.102053548955	-0.0301677262055	0.0446559077907	0.0884917930933	-0.066312996076	-0.00884102529384	-0.0869788102774	-0.061798807543	-0.12703212848	0.021675991366	0.012717350961	-0.0909175852801	0.0992795516898	-0.135992821822	-0.0266733359537	0.0377411582664	-0.070576331584	-0.0632487551473	-0.0273485855203	0.0237554054314	0.0119594124609	-0.133102140798	-0.0100985565012	-0.0492249961728	0.00458740163064	-0.0162182951766	-0.0858604553091	-0.0212779739581
k__Bacteria;p__Firmicutes;c__Clostridia;o__Clostridiales;f__Oscillospiraceae;g__Oscillibacter;s__Oscillibacter_sp._KLE_1745	0.00351562879591	-0.0417806815612	-0.00410064726255	0.0492449429586	-0.00270506767904	-0.0066693133354	-0.0176905025602	-0.0715981850872	-0.180845320863	-0.0617623025346	-0.0815710197214	-0.0410379588741	-0.0119866812696	-0.081119962197	0.0987497881205	-0.0150278679716	-0.0178438991071	-0.000679147782598	-0.0896067742051	-0.0279231628376	-0.0655536982587	0.0788253016104	-0.0249811598677	-0.0316992712748	1.0	0.0848483503173	-0.0895600367632	-0.0694908573884	-0.0178394454927	0.0447663314417	0.0317903177613	0.013379914109	-0.117785493014	-0.119302903307	-0.0269149036727	-0.104937788613	-0.103002634663	-0.0650914240959	0.109425072616	-0.0740185477997	0.0130458714456	-0.0403893834205	-0.0851357366277	-0.00152874775337	0.00940163292539	-0.053793031563	-0.0908080395616	0.0210055970479	0.0097733671428	0.117228299559	-0.0176287961153	-0.0225324033697	-0.111740740741	-0.121239808674	0.041125268364	-0.024626863623	0.0681412798778	-0.0802949117881	-0.107640676791
k__Bacteria;p__Bacteroidetes;c__Bacteroidia;o__Bacteroidales;f__Bacteroidaceae;g__Bacteroides;s__Bacteroides_coprophilus	0.0786932121683	0.00139506642578	0.0046774654645	-0.0356481874306	-0.0797376563217	-0.036800050077	0.0381294714042	0.0754356960864	-0.0850042218191	-0.049649036367	-0.110462132026	-0.121762345231	-0.0713285965588	0.0396506210576	-0.0485220340073	0.0618963468144	0.0459768392185	-0.0495185376173	-0.0552099490083	-0.0144267279082	-0.0221208979504	-0.00295932502369	-0.0292923047584	0.0347193810559	0.0848483503173	1.0	-0.0926541642378	0.0889006761996	0.0304957052608	-0.00920472978953	-0.0153241458856	-0.0790296718726	0.0616740621315	-0.100830188856	0.0766735382814	0.0319430657901	-0.0514012388127	-0.0157729590111	0.045002831626	-0.15760479374	-0.00682291075082	0.0117705211191	-0.0621741016661	-0.0250508584725	-0.0435364996588	0.00395151968923	-0.0091690229093	-0.0313491907355	-0.156792039032	-0.0940150761687	-0.0791334287951	-0.0259685347072	-0.0976618129389	-0.00979385272446	-0.109022940313	-0.0586147690634	0.0166775906672	-0.0294792676599	-0.00907311818267
k__Bacteria;p__Firmicutes;c__Clostridia;o__Clostridiales;f__Lachnospiraceae;g__Roseburia;s__Roseburia_intestinalis	-0.0622043424627	0.0165113127497	-0.0169375017502	-0.0250555704407	0.04997971348	0.133326963707	-0.0470004601714	-0.0426201304964	0.0178510420285	0.0676809129379	0.0397357129657	-0.0512217318988	0.0781013107679	0.00825898061136	-0.044954203728	-0.0102833764839	0.00200621355931	-0.0804832123627	0.0289988917693	0.0281588261921	-0.0131481227934	-0.0839706674762	0.00846657372212	0.0400758088957	-0.0895600367632	-0.0926541642378	1.0	-0.0046717242481	-1.87895567469e-06	-0.106548597759	0.0162656401162	-0.170833469207	-0.00755932889467	-0.0258235712411	-0.0847059161159	-0.0491082781343	0.018650943491	0.141597667274	-0.0434567470811	0.0429184467153	-0.017289861073	-0.142763609439	-0.061122388387	-0.0319682886001	-0.0845176907396	-0.0675148076832	0.00339522584762	-0.00577732802142	-0.10989098944	-0.0995481693286	-0.0457552495619	-0.0184482743453	0.0426610815275	-0.136160693186	-0.057722861008	-0.000472830075891	-0.0127117480845	-0.00465818074021	-0.0534356457987
k__Bacteria;p__Firmicutes;c__Clostridia;o__Clostridiales;f__Lachnospiraceae;g__Roseburia;s__Roseburia_hominis	-0.12735404034	-0.00835366419353	-0.0344222664847	-0.0879744198708	-0.0130257294545	-0.0639155636328	0.0410021181997	-0.03176200634	0.00519710327403	-0.0566072772458	0.00252608691632	0.0400620231817	-0.0278437329306	-0.0872739984454	-0.00297624409991	-0.0400203463986	0.000246360751173	-0.091772378131	-0.112180437167	-0.0577758322988	0.00936691659083	-0.13985183234	0.00845672148236	0.06766741721	-0.0694908573884	0.0889006761996	-0.0046717242481	1.0	-0.000724746929293	-0.0841151692665	-0.0100746024105	-0.0718072536614	-0.0276138305348	0.104105388191	0.0155148588327	0.00445487000974	-0.109725547647	-0.0315069827272	-0.0140987824428	-0.0446383602389	-0.0461336989678	-0.0238436548882	-0.108838117557	-0.0648462666075	-0.0828208505946	0.0547891528894	0.0267134792405	-0.0708075270184	0.00025609229697	0.0105121888856	-0.0916734883509	-0.0121592879042	0.0371436358887	-0.0250757559463	0.0653778992661	-0.114358946322	0.0204208803128	0.00676465537701	-0.0240970184702
k__Bacteria;p__Bacteroidetes;c__Bacteroidia;o__Bacteroidales;f__Porphyromonadaceae;g__Parabacteroides;s__Parabacteroides_johnsonii	-0.0143742279811	-0.0845871853886	0.0471487764023	-0.0658471026045	0.00500479483053	0.131853457104	-0.0065360780089	0.02605280019	-0.0688677074074	-0.0530406943448	-0.148211219812	0.0349952814817	-0.107565638129	-0.027830778048	-0.0106130342254	-0.0409707019996	0.0713136777523	-0.00896042586585	0.0262441995678	0.0170266014543	-0.0466857636506	-0.0543724865482	-0.0250847703125	-0.00764225915167	-0.0178394454927	0.0304957052608	-1.87895567469e-06	-0.000724746929293	1.0	-0.0725245888676	-0.0742684352955	-0.0170326781274	0.00736605634166	-0.0391985647445	0.0344680627534	-0.0437306867931	-0.0318157089838	-0.00987551249171	0.041790286539	-0.0188911734478	-0.102634350585	0.0595008119132	0.0881182689635	-0.0952209834585	-0.0444152822222	-0.0635606312188	-0.0161249561723	-0.071074242417	-0.057837427773	-0.0554360990929	-0.0795367985857	0.0604452669792	-0.00987899472537	-0.244541132399	-0.101929315772	-0.0157658594807	-0.0265535246919	-0.0832834062755	-0.0263379021487
k__Bacteria;p__Actinobacteria;c__Actinobacteria;o__Bifidobacteriales;f__Bifidobacteriaceae;g__Bifidobacterium;s__Bifidobacterium_longum	0.0188478434308	0.0378779726359	-0.10150739586	0.0422418176894	-0.0199311912196	-0.0858068512826	-0.072138231073	-0.0113662862546	-0.0779184892545	-0.0850574694701	0.0294231035042	-0.0580690488401	-0.0149444590864	-0.0305011826437	-0.0372652594455	-0.0490016437532	-0.0858623012985	-0.0894889857804	-0.0379239689711	0.0304794898652	-0.0839833190992	-0.162365788022	-0.0216832977313	0.00449069595308	0.0447663314417	-0.00920472978953	-0.106548597759	-0.0841151692665	-0.0725245888676	1.0	0.0418789332232	0.0596587646312	0.020818440196	-0.0606692434719	-0.0490970611848	0.0326088913619	-0.0402208740175	-0.172954599072	0.0084162762197	-0.169361152115	0.00167878466222	0.050565782555	0.00431363692798	-0.0627431664967	-0.0442827644539	0.0156631202318	-0.109307548099	0.0111797946545	-0.000786735999725	0.00413613236956	-0.0957954416972	-0.0756970565644	-0.0351421597788	-0.0281526148658	0.00768433606229	0.000834752581712	-0.0182279983331	0.053703712036	0.0732525739588
