#taxonomy	k__Bacteria;p__Bacteroidetes;c__Bacteroidia;o__Bacteroidales;f__Bacteroidaceae;g__Bacteroides;s__Bacteroides_vulgatus	k__Bacteria;p__Bacteroidetes;c__Bacteroidia;o__Bacteroidales;f__Bacteroidaceae;g__Bacteroides;s__Bacteroides_uniformis	k__Bacteria;p__Bacteroidetes;c__Bacteroidia;o__Bacteroidales;f__Rikenellaceae;g__Alistipes;s__Alistipes_putredinis	k__Bacteria;p__Bacteroidetes;c__Bacteroidia;o__Bacteroidales;f__Prevotellaceae;g__Prevotella;s__Prevotella_copri	k__Bacteria;p__Bacteroidetes;c__Bacteroidia;o__Bacteroidales;f__Bacteroidaceae;g__Bacteroides;s__Bacteroides_stercoris	k__Bacteria;p__Bacteroidetes;c__Bacteroidia;o__Bacteroidales;f__Bacteroidaceae;g__Bacteroides;s__Bacteroides_ovatus	k__Bacteria;p__Bacteroidetes;c__Bacteroidia;o__Bacteroidales;f__Rikenellaceae;g__Alistipes;s__Alistipes_shahii	k__Bacteria;p__Firmicutes;c__Clostridia;o__Clostridiales;f__Ruminococcaceae;g__Faecalibacterium;s__Faecalibacterium_prausnitzii	k__Bacteria;p__Bacteroidetes;c__Bacteroidia;o__Bacteroidales;f__Rikenellaceae;g__Alistipes;s__Alistipes_finegoldii	k__Bacteria;p__Bacteroidetes;c__Bacteroidia;o__Bacteroidales;f__Porphyromonadaceae;g__Parabacteroides;s__Parabacteroides_distasonis	k__Bacteria;p__Bacteroidetes;c__Bacteroidia;o__Bacteroidales;f__Bacteroidaceae;g__Bacteroides;s__Bacteroides_thetaiotaomicron	k__Bacteria;p__Bacteroidetes;c__Bacteroidia;o__Bacteroidales;f__Bacteroidaceae;g__Bacteroides;s__Bacteroides_coprocola	k__Bacteria;p__Bacteroidetes;c__Bacteroidia;o__Bacteroidales;f__Bacteroidaceae;g__Bacteroides;s__Bacteroides_cellulosilyticus	k__Bacteria;p__Bacteroidetes;c__Bacteroidia;o__Bacteroidales;f__Rikenellaceae;g__Alistipes;s__Alistipes_obesi	k__Bacteria;p__Firmicutes;c__Clostridia;o__Clostridiales;f__Lachnospiraceae;g__;s__[Eubacterium]_rectale	k__Bacteria;p__Bacteroidetes;c__Bacteroidia;o__Bacteroidales;f__Bacteroidaceae;g__Bacteroides;s__Bacteroides_plebeius	k__Bacteria;p__Bacteroidetes;c__Bacteroidia;o__Bacteroidales;f__Bacteroidaceae;g__Bacteroides;s__Bacteroides_fragilis	k__Bacteria;p__Proteobacteria;c__Betaproteobacteria;o__Burkholderiales;f__Sutterellaceae;g__Sutterella;s__Sutterella_wadsworthensis	k__Bacteria;p__Bacteroidetes;c__Bacteroidia;o__Bacteroidales;f__Porphyromonadaceae;g__Barnesiella;s__Barnesiella_intestinihominis	k__Bacteria;p__Bacteroidetes;c__Bacteroidia;o__Bacteroidales;f__Odoribacteraceae;g__Odoribacter;s__Odoribacter_splanchnicus	k__Bacteria;p__Bacteroidetes;c__Bacteroidia;o__Bacteroidales;f__Bacteroidaceae;g__Bacteroides;s__Bacteroides_salyersiae	k__Bacteria;p__Firmicutes;c__Clostridia;o__Clostridiales;f__Ruminococcaceae;g__Ruminiclostridium;s__[Eubacterium]_siraeum	k__Bacteria;p__Proteobacteria;c__Betaproteobacteria;o__Burkholderiales;f__Sutterellaceae;g__Parasutterella;s__Parasutterella_excrementihominis	k__Bacteria;p__Actinobacteria;c__Actinobacteria;o__Bifidobacteriales;f__Bifidobacteriaceae;g__Bifidobacterium;s__Bifidobacterium_adolescentis	k__Bacteria;p__Firmicutes;c__Clostridia;o__Clostridiales;f__Oscillospiraceae;g__Oscillibacter;s__Oscillibacter_sp._KLE_1745	k__Bacteria;p__Bacteroidetes;c__Bacteroidia;o__Bacteroidales;f__Bacteroidaceae;g__Bacteroides;s__Bacteroides_coprophilus	k__Bacteria;p__Firmicutes;c__Clostridia;o__Clostridiales;f__Lachnospiraceae;g__Roseburia;s__Roseburia_intestinalis	k__Bacteria;p__Firmicutes;c__Clostridia;o__Clostridiales;f__Lachnospiraceae;g__Roseburia;s__Roseburia_hominis	k__Bacteria;p__Bacteroidetes;c__Bacteroidia;o__Bacteroidales;f__Porphyromonadaceae;g__Parabacteroides;s__Parabacteroides_johnsonii	k__Bacteria;p__Actinobacteria;c__Actinobacteria;o__Bifidobacteriales;f__Bifidobacteriaceae;g__Bifidobacterium;s__Bifidobacterium_longum	k__Bacteria;p__Firmicutes;c__Clostridia;o__Clostridiales;f__;g__Flavonifractor;s__Flavonifractor_plautii	k__Bacteria;p__Firmicutes;c__Clostridia;o__Clostridiales;f__Clostridiaceae;g__Clostridium;s__Clostridium_phoceensis	k__Bacteria;p__Verrucomicrobia;c__Verrucomicrobiae;o__Verrucomicrobiales;f__Akkermansiaceae;g__Akkermansia;s__Akkermansia_muciniphila	k__Bacteria;p__Bacteroidetes;c__Bacteroidia;o__Bacteroidales;f__Prevotellaceae;g__Paraprevotella;s__Paraprevotella_xylaniphila	k__Bacteria;p__Firmicutes;c__Clostridia;o__Clostridiales;f__Ruminococcaceae;g__Ruminococcus;s__Ruminococcus_callidus	k__Bacteria;p__Bacteroidetes;c__Bacteroidia;o__Bacteroidales;f__Rikenellaceae;g__Alistipes;s__Alistipes_senegalensis	k__Bacteria;p__Firmicutes;c__Clostridia;o__Clostridiales;f__Lachnospiraceae;g__Blautia;s__Blautia_sp._KLE_1732	k__Bacteria;p__Bacteroidetes;c__Bacteroidia;o__Bacteroidales;f__Bacteroidaceae;g__Bacteroides;s__Bacteroides_oleiciplenus	k__Bacteria;p__Firmicutes;c__Clostridia;o__Clostridiales;f__Ruminococcaceae;g__Ruminococcus;s__Ruminococcus_bicirculans	k__Bacteria;p__Bacteroidetes;c__Bacteroidia;o__Bacteroidales;f__Bacteroidaceae;g__Bacteroides;s__Bacteroides_fluxus	k__Bacteria;p__Bacteroidetes;c__Bacteroidia;o__Bacteroidales;f__Prevotellaceae;g__Prevotella;s__Prevotella_stercorea	k__Bacteria;p__Firmicutes;c__Clostridia;o__Clostridiales;f__Lachnospiraceae;g__Dorea;s__Dorea_longicatena	k__Bacteria;p__Firmicutes;c__Clostridia;o__Clostridiales;f__Eubacteriaceae;g__Eubacterium;s__[Eubacterium]_eligens	k__Bacteria;p__Firmicutes;c__Clostridia;o__Clostridiales;f__Ruminococcaceae;g__;s__Ruminococcaceae_bacterium_D16	k__Bacteria;p__Firmicutes;c__Clostridia;o__Clostridiales;f__Lachnospiraceae;g__Coprococcus;s__Coprococcus_comes	k__Bacteria;p__Proteobacteria;c__Gammaproteobacteria;o__Enterobacterales;f__Enterobacteriaceae;g__Escherichia;s__Escherichia_coli	k__Bacteria;p__Firmicutes;c__Clostridia;o__Clostridiales;f__Ruminococcaceae;g__Anaerotruncus;s__Anaerotruncus_colihominis	k__Bacteria;p__Firmicutes;c__Clostridia;o__Clostridiales;f__Lachnospiraceae;g__Blautia;s__Blautia_obeum	k__Bacteria;p__Bacteroidetes;c__Bacteroidia;o__Bacteroidales;f__Odoribacteraceae;g__Odoribacter;s__Odoribacter_laneus	k__Bacteria;p__Firmicutes;c__Clostridia;o__Clostridiales;f__Ruminococcaceae;g__Ruminiclostridium;s__[Clostridium]_leptum	k__Bacteria;p__Bacteroidetes;c__Bacteroidia;o__Bacteroidales;f__Porphyromonadaceae;g__Parabacteroides;s__Parabacteroides_goldsteinii	k__Bacteria;p__Firmicutes;c__Clostridia;o__Clostridiales;f__Lachnospiraceae;g__Anaerostipes;s__Anaerostipes_hadrus	k__Bacteria;p__Firmicutes;c__Clostridia;o__Clostridiales;f__Ruminococcaceae;g__Ruminococcus;s__Ruminococcus_lactaris	k__Bacteria;p__Firmicutes;c__Clostridia;o__Clostridiales;f__Clostridiaceae;g__Clostridium;s__Clostridium_sp._L2-50	k__Bacteria;p__Firmicutes;c__Clostridia;o__Clostridiales;f__Clostridiaceae;g__Clostridium;s__Clostridium_sp._M62/1	k__Bacteria;p__Firmicutes;c__Clostridia;o__Clostridiales;f__;g__Intestinimonas;s__Intestinimonas_butyriciproducens	k__Bacteria;p__Actinobacteria;c__Actinobacteria;o__Bifidobacteriales;f__Bifidobacteriaceae;g__Bifidobacterium;s__Bifidobacterium_bifidum	k__Bacteria;p__Firmicutes;c__Negativicutes;o__Veillonellales;f__Veillonellaceae;g__Dialister;s__Dialister_invisus	k__Bacteria;p__Bacteroidetes;c__Bacteroidia;o__Bacteroidales;f__Bacteroidaceae;g__Bacteroides;s__Bacteroides_salanitronis
k__Bacteria;p__Bacteroidetes;c__Bacteroidia;o__Bacteroidales;f__Bacteroidaceae;g__Bacteroides;s__Bacteroides_vulgatus	1.0	0.0664570975478	0.0164952063633	-0.0445107054802	-0.0778708813187	-0.0266263355223	-0.0434457326119	-0.10032870126	-0.083323405783	-0.150756962571	-0.076461526984	0.0825189607132	0.00167966260982	-0.0880157613031	-0.0179646182313	0.119928271024	0.0426441850095	-0.00575225630818	0.0310823210893	-0.00321986472936	0.00259068394774	-0.0164028905847	-0.0586564425772	-0.089898055742	-0.0590529605847	0.0326025925213	0.0458540827154	-0.0106983197948	-0.124654860102	0.0131548104307	-0.0569052865013	-0.10608765822	-0.0885527108594	-0.098758204135	0.0135780352237	-0.0032868944914	-0.00356382042262	-0.027628683747	0.0657510495395	0.00815713257198	-0.00769389099207	-0.0980915650801	-0.0237003088386	-0.0649796454273	-0.00903084859716	-0.0420023935108	-0.00347033233502	-0.103623777264	0.0107592164312	-0.0353949934998	0.0535045506572	0.0514054686989	0.0199534051335	-0.0779152855002	-0.073171702663	0.00405351394387	-0.149885861972	-0.0173000665239	-0.0210025115886
k__Bacteria;p__Bacteroidetes;c__Bacteroidia;o__Bacteroidales;f__Bacteroidaceae;g__Bacteroides;s__Bacteroides_uniformis	0.0664570975478	1.0	-0.0218959016041	-0.13284182534	-0.0390409425119	-0.0068347565542	-0.0130707728378	-0.0347710654724	-0.0737919016272	-0.091528735827	0.0215590441304	-0.0147271385042	-0.0446309759155	-0.202356241929	0.0302894060377	-0.0120045153092	0.0650269559364	0.0190970847152	-0.0196349272068	-0.0674920095276	-0.0938856049775	-0.0108968046664	-0.0796868159309	-0.0847858389015	0.00539358335345	0.0219813006022	-0.0506473595469	-0.0704280316177	-0.0924763274359	-0.0294572975913	0.136175441839	-0.0489081339457	-0.0338996239705	-0.0838324563517	0.0162138640966	0.0426469774939	-0.0866224729292	-0.175677204907	-0.0203211028479	0.0277756478097	0.116979398437	-0.0155033603797	-0.0444581518787	-0.0679192757936	-0.0689574658144	-0.0861657545123	0.0341521284367	0.0171941304523	-0.0618781927532	-0.106445259777	-0.0127899790559	0.0736923436234	-0.0493729166368	-0.0945856629768	-0.0425409681407	-0.0732730325633	-0.00139836878468	0.0294292837664	-0.0733330126804
k__Bacteria;p__Bacteroidetes;c__Bacteroidia;o__Bacteroidales;f__Rikenellaceae;g__Alistipes;s__Alistipes_putredinis	0.0164952063633	-0.0218959016041	1.0	-0.00102180752676	-0.0567101844268	-0.144444209723	-0.0437786723048	-0.0372452569406	-0.0725674645784	0.0116496227812	-0.0910142748973	-0.0653905403812	-0.0823089115832	-0.049246009268	0.0161182346065	0.0156262017154	0.00504005504577	-0.0650358460311	-0.0880252115517	-0.0458865902052	0.0553630809796	-0.0907425339876	0.00978554152507	-0.0469193808205	0.0142041791753	-0.110272249761	-0.0458673357645	-0.0686370173821	-0.0151670075291	-0.0877010099277	0.00329326080206	-0.0204266691933	-0.0302016232255	-0.156933790659	-0.165237253795	-0.0450162184422	-0.0750083578752	-0.0271464611998	-0.0298600367799	0.0727469083932	-0.0286670301889	-0.0614667787832	-0.088471570036	0.0452815807242	-0.0790958820489	-0.0339379683744	0.00958132674199	-0.0518347138273	-0.0369663233324	0.0308411692148	0.00268398552984	-0.0727880462733	-0.11334122442	-0.0397125615024	0.0595653933371	0.0384748963527	-0.0979255070361	-0.0982789296429	-0.00170563755839
k__Bacteria;p__Bacteroidetes;c__Bacteroidia;o__Bacteroidales;f__Prevotellaceae;g__Prevotella;s__Prevotella_copri	-0.0445107054802	-0.13284182534	-0.00102180752676	1.0	0.0256606179111	-0.0231057577901	-0.0174788762136	0.124390971185	-0.0403546113008	-0.0555875988448	0.00676211450305	-0.0488972561877	0.0667365002786	-0.152561873647	-0.0585078207536	-0.112383635514	-0.0381652232027	-0.106722216327	-0.0144746898998	-0.142269251994	-0.0813453151418	-0.0224119048421	0.0612024026557	0.0720714803876	-0.017540351572	-0.0303188976964	0.00146709044458	-0.0828094599563	0.0385662214465	-0.0210866928339	-0.0616121446605	-0.0208152952539	0.0514332925759	0.0537517580769	-0.0187335586201	-0.0774482558227	0.0250963577896	0.0432223347896	-0.120568488255	-0.0422388570259	0.0240507690836	-0.0375826388856	-0.146202344818	-0.0168605803956	0.0295691021535	-0.0638271462564	-0.0719737822336	0.00880434179454	-0.0649164214425	-0.0203440808745	-0.00871233416231	-0.0761830001785	0.014876415794	-0.00545914762995	-0.00442884787713	0.0144640885307	-0.156602053107	-0.0851064151979	-0.0876200651399
k__Bacteria;p__Bacteroidetes;c__Bacteroidia;o__Bacteroidales;f__Bacteroidaceae;g__Bacteroides;s__Bacteroides_stercoris	-0.0778708813187	-0.0390409425119	-0.0567101844268	0.0256606179111	1.0	-0.115895265399	-0.069998371775	-0.0816050313557	-0.121621138916	-0.0984738177605	-0.0320360430698	-0.0523257663342	-0.010206908253	-0.0334657971497	0.00661925885558	-0.0686373416483	0.0361425943082	-0.0321088634258	-0.0671344239416	-0.0949386788653	-0.166787804671	-0.0195006383616	-0.0148892983293	0.0383336637348	-0.0647558981939	-0.10197136671	0.0252749636567	0.0415452955901	-0.017977789242	-0.0480586164826	-0.00209388136498	-0.10664411667	-0.0354729277121	-0.0918368961019	-0.118768247661	-0.0336480196019	0.0489739309794	0.0784896737776	-0.0795811965185	0.127567772299	-0.051982350216	-0.0235235721149	-0.014994284407	-0.00477608831097	-0.0646464710811	0.0468093484935	-0.112308003351	-0.112778714246	0.0213226596087	-0.0109552344706	0.106223757475	-0.0404611922062	0.088480744856	0.0140080300253	0.0151357881054	0.0694562896654	-0.0345343605663	-0.0693314191325	0.0329329606205
k__Bacteria;p__Bacteroidetes;c__Bacteroidia;o__Bacteroidales;f__Bacteroidaceae;g__Bacteroides;s__Bacteroides_ovatus	-0.0266263355223	-0.0068347565542	-0.144444209723	-0.0231057577901	-0.115895265399	1.0	-0.156136352567	-0.0163994640062	0.0386071104229	-0.0568309453317	-0.029102592087	0.0211476993309	-0.0445667002497	0.0944062511034	-0.00583943294313	0.0311715411577	-0.0462061365833	-0.0826094286558	0.0735442290723	-0.0166910742811	-0.0307154963034	0.0213860976506	-0.0354839924029	-0.106681026264	0.0470637459821	-0.0205587888296	-0.126841603015	0.0103414939666	-0.0352437849632	-0.0371876548805	-0.116096863633	0.0420144130593	0.0104557867119	0.0077759123976	-0.0472261272985	-0.00108132436007	-0.113481687602	-0.0352064030261	-0.102901928534	-0.0695514265289	-0.009964392542	-0.106401100375	-0.133992098594	0.0508473408821	-0.138398264594	-0.0512753985695	0.11077415227	-0.00323410120017	-0.0372193034598	0.0433309355039	-0.0628622112862	-0.10666088559	-0.0164730798136	0.0409104245399	-0.0228350484328	0.142359410436	0.0983543864713	-0.134715988091	0.0186053862847
k__Bacteria;p__Bacteroidetes;c__Bacteroidia;o__Bacteroidales;f__Rikenellaceae;g__Alistipes;s__Alistipes_shahii	-0.0434457326119	-0.0130707728378	-0.0437786723048	-0.0174788762136	-0.069998371775	-0.156136352567	1.0	-0.0284680606711	-0.0476881134146	-0.0516937872709	0.0779577447811	0.0759397757488	-0.0561097031895	-0.0463196558408	-0.0552962295064	0.0305062618471	-0.0971017303005	0.0169413642734	0.00384858152629	0.0681691022209	-0.0486046869385	-0.0491769753443	-0.00301877709621	0.16074385639	-0.102743154575	-0.0250747528086	-0.0200380033968	0.00270563020657	-0.0184432171491	-0.0600929760006	0.00974817997373	0.0421398170083	-0.0122695437048	-0.101386733411	-0.0116511872227	-0.0506086643118	-0.0308836522389	-0.070305258335	-0.00804340769517	-0.111502797834	-0.0302419384934	-0.0109515995704	-0.106608410037	-0.0339363924984	-0.0898816161189	-0.0445444531429	-0.128057351224	-0.0720681533468	-0.0116058131741	0.0323496623535	-0.0915078325126	0.00676528067487	-0.0295691588779	-0.0187243781736	-0.0532869908056	-0.0856161790461	-0.0702097591279	0.0173013174493	0.00824533154989
k__Bacteria;p__Firmicutes;c__Clostridia;o__Clostridiales;f__Ruminococcaceae;g__Faecalibacterium;s__Faecalibacterium_prausnitzii	-0.10032870126	-0.0347710654724	-0.0372452569406	0.124390971185	-0.0816050313557	-0.0163994640062	-0.0284680606711	1.0	-0.0543423570683	0.0143574043888	-0.0427839257123	-0.0440376722177	-0.187052484018	0.116618678133	-0.049719304654	0.0214321748664	-0.140783435898	-0.0202134005895	0.0430653676786	-0.0721901977331	-0.0396217131247	-0.165228932368	0.0613585275846	-0.0683022810894	-0.0355829148814	-0.00563099516944	-0.0609600321607	-0.108024762135	-0.0494400247111	-0.0333417743009	0.0621376340299	-0.0309464164012	0.0832225463463	0.00912029111635	-0.0289292793241	-0.0884216092611	-0.0690934928745	-0.00124229129438	-0.098070133961	0.0149804366161	-0.0519120817159	-0.0319314161843	-0.100602883161	-0.16454475543	-0.0524831684246	-0.0185690943649	0.0217313576166	-0.041027599158	-0.0473661167484	-0.00756867839743	-0.0178036805097	-0.077516430513	-0.135398959589	0.0067975111277	-0.0243354314641	-0.0668256350975	-0.0532044819038	-0.0504576765967	-0.139460285441
k__Bacteria;p__Bacteroidetes;c__Bacteroidia;o__Bacteroidales;f__Rikenellaceae;g__Alistipes;s__Alistipes_finegoldii	-0.083323405783	-0.0737919016272	-0.0725674645784	-0.0403546113008	-0.121621138916	0.0386071104229	-0.0476881134146	-0.0543423570683	1.0	-0.0937968657229	0.0312176029595	-0.0607656165105	-0.0931361944341	-0.0287924013245	-0.06532983473	-0.0375225914065	-0.0836458014574	-0.0926171148218	-0.0100013689115	0.0715991705613	0.0379048548915	-0.0214599172682	-0.0406502990615	-0.0565448037718	-0.109015077167	-0.0464955533605	0.0679331555041	-0.0146717036073	-0.106350926711	-0.137004186174	-0.110415641911	0.0810369588115	-0.0853227523807	0.0525006375466	-0.0446143620665	-0.0334881790085	-0.050545094911	0.0126108986518	-0.0967691339621	-0.00592270209448	-0.0113201348689	0.1041239118	-0.0583172423783	-0.0426785859268	0.0159706250219	-0.127624408555	0.0681803074218	-0.0435828694336	0.0763473531531	0.00541062426156	-0.0168505431121	-0.0356047053921	0.0101456809295	0.125531704832	-0.0435901381282	0.0891960549139	0.0068363754293	-0.0806202961579	-0.0574148703377
k__Bacteria;p__Bacteroidetes;c__Bacteroidia;o__Bacteroidales;f__Porphyromonadaceae;g__Parabacteroides;s__Parabacteroides_distasonis	-0.150756962571	-0.091528735827	0.0116496227812	-0.0555875988448	-0.0984738177605	-0.0568309453317	-0.0516937872709	0.0143574043888	-0.0937968657229	1.0	-0.063115323274	0.0187081571565	0.010333360337	-0.00914018239008	0.00413446848852	-0.034684735495	-0.0511877842298	-0.0130787065618	-0.0295796678592	0.072382732034	0.0188768856198	-0.0521777116561	0.0308315481746	0.0384937880548	-0.0126519223447	0.0422755845188	-0.0920500892061	0.0117823350916	0.0657936626545	-0.0907464610046	-0.0731472417379	-0.113451420198	-0.0893516664568	-0.0185255769095	-0.033859075238	0.00248999916834	-0.0079397840177	0.1149290179	-0.00264946976012	0.00709145943476	0.0262417722419	-0.0891038078664	-0.0608609273303	-0.0492653055609	-0.0582874133469	-0.0257652984778	-0.0677482042817	-0.0702441858316	0.0181693795544	-0.0315311816782	-0.0128518044555	-0.00863692557137	0.00151493457834	-0.0663507826603	-0.00986236983424	-0.0539311416903	-0.060128619806	-0.0686292500609	-0.0223126957481
k__Bacteria;p__Bacteroidetes;c__Bacteroidia;o__Bacteroidales;f__Bacteroidaceae;g__Bacteroides;s__Bacteroides_thetaiotaomicron	-0.076461526984	0.0215590441304	-0.0910142748973	0.00676211450305	-0.0320360430698	-0.029102592087	0.0779577447811	-0.0427839257123	0.0312176029595	-0.063115323274	1.0	-0.00304109161115	-0.00741090055312	-0.0193927127559	0.0803051212731	-0.143153676303	0.0126889523638	-0.0130276186349	0.0280765335216	-0.114683027344	-0.0423559776411	-0.074033056241	0.0449327855005	-0.00417208000417	0.00917764950993	-0.0432232928587	-0.127259100879	-0.0261238443706	0.00807996868389	0.067693264113	0.0940676066221	-0.0385177881693	-0.106706675367	0.00131858251771	-0.0440545190435	0.0261688808734	0.0320024695604	-0.0192614261225	0.0362628247386	-0.00252761299883	0.0427801399637	-0.0477849873324	0.0530027836593	0.0504042672473	0.00677800670965	-0.107634492252	-0.0632638377925	-0.0484709329988	-0.0867078089896	-0.149321092123	0.0329953901865	-0.0922751530722	-0.0178528510752	-0.104543105229	0.0329351070057	-0.000884393821283	-0.0814031928991	0.0111955568795	-0.0486419655011
k__Bacteria;p__Bacteroidetes;c__Bacteroidia;o__Bacteroidales;f__Bacteroidaceae;g__Bacteroides;s__Bacteroides_coprocola	0.0825189607132	-0.0147271385042	-0.0653905403812	-0.0488972561877	-0.0523257663342	0.0211476993309	0.0759397757488	-0.0440376722177	-0.0607656165105	0.0187081571565	-0.00304109161115	1.0	-0.0327931868607	0.0169330593549	-0.0614443158779	0.00513636179759	-0.0528780487901	-0.0540628859277	-0.0592665810618	0.0103441812453	0.0182487208951	-0.148889613766	-0.0527731253966	-0.0772386814163	-0.0944366410206	-0.130933460967	-0.0194821806902	-0.0286891415002	0.0604626372877	0.0255711110203	-0.0109565236368	0.0241974081852	0.0105796057277	-0.0588816713772	-0.00954429291442	0.0971252638642	-0.119871959948	-0.0702556099032	0.0379466864425	-0.0469023006306	-0.116058427679	0.0149890904549	-0.0478315002136	-0.0455830876535	0.00498464094086	0.00621961160787	-0.0640467768049	0.00639442101255	-0.0340597449822	-0.073068803883	-0.0386717257738	0.00794682767374	-0.152803260924	-0.0816988457723	0.0233602649873	-0.108685549773	-0.0322587992812	-0.0967756437517	0.0201262776043
k__Bacteria;p__Bacteroidetes;c__Bacteroidia;o__Bacteroidales;f__Bacteroidaceae;g__Bacteroides;s__Bacteroides_cellulosilyticus	0.00167966260982	-0.0446309759155	-0.0823089115832	0.0667365002786	-0.010206908253	-0.0445667002497	-0.0561097031895	-0.187052484018	-0.0931361944341	0.010333360337	-0.00741090055312	-0.0327931868607	1.0	-0.0582836263478	0.0317998953216	0.00740106681417	-0.0544057164341	0.0638451160848	0.00019314880994	-0.0696582737238	-0.0797045336553	0.0683393565485	-0.0462278742429	0.042850383568	-0.0640188563347	0.0261030520843	0.00794948716757	-0.0639148624639	0.0454224294162	0.00462645527163	0.0845826216416	-0.0912826749343	-0.0533880037602	-0.0595937281193	-0.030511917692	-0.0619907218773	0.00483738472101	-0.0118073425981	-0.0966374850337	-0.111483327142	-0.0845822081691	-0.00978209618594	-0.0168303823437	0.0838265993057	-0.018571669997	0.110912450041	-0.159257925828	-0.104990543629	-0.00246243679434	-0.0323251733937	-0.0560427280154	-0.157392524093	0.0757934841163	-0.0703212278035	-0.0321519261438	-0.0482853877256	-0.0692679921679	-0.0123651732473	-0.0130837128572
k__Bacteria;p__Bacteroidetes;c__Bacteroidia;o__Bacteroidales;f__Rikenellaceae;g__Alistipes;s__Alistipes_obesi	-0.0880157613031	-0.202356241929	-0.049246009268	-0.152561873647	-0.0334657971497	0.0944062511034	-0.0463196558408	0.116618678133	-0.0287924013245	-0.00914018239008	-0.0193927127559	0.0169330593549	-0.0582836263478	1.0	-0.0104477760106	0.00400141995622	0.0106948074337	-0.0663969598014	0.00160251858914	0.0157322046252	0.0255086779713	0.0167037811723	-0.0617234160238	-0.114967559612	-0.0661784214242	0.0953496798838	0.0561342966671	-0.0130485596329	-0.0764961315562	-0.0208074646375	0.0808439645089	-0.0510920839724	-0.0310639847719	-0.0536429152889	-0.0869148916623	-0.0115071896932	-0.0707595336302	0.0143707021209	-0.108436374879	-0.0304012603898	-0.0138740391581	-0.069791359372	-0.0554643104602	-0.0221742701646	-0.014672697672	-0.0262645458219	-0.0555651521636	-0.0716264588178	0.0514810905008	-0.061520341991	-0.04613965726	0.0038678514424	-0.0825439033644	-0.0803185923884	0.0425559547792	-0.047081314343	-0.0499630108054	-0.0321741685338	-0.0782877494425
k__Bacteria;p__Firmicutes;c__Clostridia;o__Clostridiales;f__Lachnospiraceae;g__;s__[Eubacterium]_rectale	-0.0179646182313	0.0302894060377	0.0161182346065	-0.0585078207536	0.00661925885558	-0.00583943294313	-0.0552962295064	-0.049719304654	-0.06532983473	0.00413446848852	0.0803051212731	-0.0614443158779	0.0317998953216	-0.0104477760106	1.0	-0.0939102464559	-0.0382137839846	-0.0264178597301	-0.101486932324	-0.0263199916369	-0.0331540300596	-0.112986699057	0.0135636169026	-0.00304813356042	-0.0550349966855	-0.0597109892753	-0.119912116519	-0.0669563804359	-0.0228334941144	-0.00580558475874	0.00842862099632	-0.0378986777286	0.0682232044544	-0.0124349464777	0.0491282210754	0.0245232859405	0.000156164195422	-0.00955764542667	-0.0415772445983	-0.0492153532225	-0.0114756099795	-0.100409462483	0.031307534137	-0.0300413881453	-0.143124225275	0.0176641605127	0.0360824218922	-0.121668914512	-0.0371270025425	-0.00434004348551	-0.0459368546983	0.0349226565668	-0.0330859675809	-0.0324860855358	-0.074235094952	-0.0822940556044	-0.0705080167491	-0.0127687475691	-0.0103332653953
k__Bacteria;p__Bacteroidetes;c__Bacteroidia;o__Bacteroidales;f__Bacteroidaceae;g__Bacteroides;s__Bacteroides_plebeius	0.119928271024	-0.0120045153092	0.0156262017154	-0.112383635514	-0.0686373416483	0.0311715411577	0.0305062618471	0.0214321748664	-0.0375225914065	-0.034684735495	-0.143153676303	0.00513636179759	0.00740106681417	0.00400141995622	-0.0939102464559	1.0	-0.00072470770352	0.0609056490285	-0.0111203767214	-0.089384144897	-0.0919945101311	-0.0846219298327	-0.0427457938943	0.0131221137622	-0.0486426191392	0.059446083595	0.0341317699629	-0.125070816215	-0.0817131516428	-0.0236941523113	-0.109092890491	-0.0227044062125	-0.0994738578151	-0.0424328280647	0.0061216280135	-0.0278857349527	0.00327658992131	-0.0836167357899	-0.0356229688368	-0.0338364327689	0.017153109053	0.0560675718962	-0.080651986139	-0.0879008826736	-0.0656807442212	0.0228557872414	0.0616491861606	-0.0917130050034	0.0403262670859	-0.00991672652992	-0.0251058453043	0.00530979939913	0.0130090781112	0.0604761621053	-0.00421154379247	0.0372546315187	0.0373994721324	-0.0422723768563	-0.0285739269118
k__Bacteria;p__Bacteroidetes;c__Bacteroidia;o__Bacteroidales;f__Bacteroidaceae;g__Bacteroides;s__Bacteroides_fragilis	0.0426441850095	0.0650269559364	0.00504005504577	-0.0381652232027	0.0361425943082	-0.0462061365833	-0.0971017303005	-0.140783435898	-0.0836458014574	-0.0511877842298	0.0126889523638	-0.0528780487901	-0.0544057164341	0.0106948074337	-0.0382137839846	-0.00072470770352	1.0	0.0262750237806	-0.0370669946784	-0.090824407661	-0.0991554983109	0.0548747374917	-0.0266014699929	-0.124470810038	-0.036539040222	-0.00209231739059	0.0124507696121	0.0496521373891	-0.00672901989407	-0.0356476506278	-0.00113574422528	0.0655175964538	-0.0752790219886	-0.0456757874856	-0.0925209809239	-0.146810663635	0.0128973188396	-0.0890424983708	-0.00482567881822	-0.104079850748	-0.00392444746178	-0.00776956743908	-0.00994237740225	0.000687159350059	0.0436383746371	-0.0174467134874	0.0195191834474	-0.0178828507635	-0.126074466223	0.0348216724376	0.00504670199774	0.0912308079445	-0.0853249790072	-0.18346234155	-0.0383535145849	-0.0158894255945	-0.0298222983341	-0.132017714445	-0.0328800451872
k__Bacteria;p__Proteobacteria;c__Betaproteobacteria;o__Burkholderiales;f__Sutterellaceae;g__Sutterella;s__Sutterella_wadsworthensis	-0.00575225630818	0.0190970847152	-0.0650358460311	-0.106722216327	-0.0321088634258	-0.0826094286558	0.0169413642734	-0.0202134005895	-0.0926171148218	-0.0130787065618	-0.0130276186349	-0.0540628859277	0.0638451160848	-0.0663969598014	-0.0264178597301	0.0609056490285	0.0262750237806	1.0	-0.0167388930502	0.0623008883875	-0.0558138700607	-0.0796972072049	-0.0672513938795	0.0430847876179	0.0578999287334	-0.016467836728	-0.0192211926192	-0.13118908586	-0.00774285516993	0.0239732909126	0.0147606873789	-0.044907296909	0.0829858728643	-0.0544758983213	-0.0181846212977	-0.0903242564586	-0.112819645978	-0.0943857091064	0.0082702765765	-0.00548464953787	0.00380983950527	0.0830594974543	0.0679897881849	0.00320920445779	-0.0787666794335	-0.0913757171442	0.0205647444051	0.00720329681421	-0.0177808385062	-0.0241286123226	-0.0111641456959	-0.0125767803714	-0.0668399107174	0.0313235721968	-0.170989713121	-0.0249814049952	-0.0884868655471	-0.00426270233818	-0.101225448779
k__Bacteria;p__Bacteroidetes;c__Bacteroidia;o__Bacteroidales;f__Porphyromonadaceae;g__Barnesiella;s__Barnesiella_intestinihominis	0.0310823210893	-0.0196349272068	-0.0880252115517	-0.0144746898998	-0.0671344239416	0.0735442290723	0.00384858152629	0.0430653676786	-0.0100013689115	-0.0295796678592	0.0280765335216	-0.0592665810618	0.00019314880994	0.00160251858914	-0.101486932324	-0.0111203767214	-0.0370669946784	-0.0167388930502	1.0	-0.0959489739203	-0.00924519410664	-0.0204243620762	-0.042835515918	-0.0477820108678	-0.0401017906971	-0.0188913103733	0.00795319791261	0.0256199967446	-0.0341746931265	-0.0397427588714	-0.129921288875	0.0541500601427	-0.0477751688942	-0.00733422222594	-0.0879421075184	-0.066081727485	0.0531988936509	-0.00249644010709	-0.0438900185079	-0.131055704309	0.00850197147249	-0.0719603389543	-0.0312473614657	-0.105072874109	0.0538621245129	0.0223295228175	-0.0283597335968	-0.0571141493625	-0.0449680228634	-0.00948429248333	0.00801228113485	-0.0411987726271	-0.159163820398	0.081638486115	-0.107767852378	-0.111320618082	0.0556240363463	-0.0162336256429	-0.0152962663765
k__Bacteria;p__Bacteroidetes;c__Bacteroidia;o__Bacteroidales;f__Odoribacteraceae;g__Odoribacter;s__Odoribacter_splanchnicus	-0.00321986472936	-0.0674920095276	-0.0458865902052	-0.142269251994	-0.0949386788653	-0.0166910742811	0.0681691022209	-0.0721901977331	0.0715991705613	0.072382732034	-0.114683027344	0.0103441812453	-0.0696582737238	0.0157322046252	-0.0263199916369	-0.089384144897	-0.090824407661	0.0623008883875	-0.0959489739203	1.0	0.0127106400176	-0.0717573815691	0.00773419643398	0.0201503857806	-0.0265600864666	0.0426051509475	-0.0471394427879	-0.134783147534	0.0852083971057	-0.0574016447022	-0.0849723083972	-0.0844078197817	-0.0342582100617	-0.0540027437539	-0.118346056718	0.0425602392188	-0.0172012648801	-0.128358451934	-0.0568664254206	-0.126382520902	-0.0206681021606	0.0345415018374	-0.00577874931251	0.00282106245172	0.0605604796883	-0.0555632146935	0.0304201634021	-0.0416003496504	0.112155335631	-0.125506862974	-0.0647695550402	-0.110683390745	-0.0216649552117	0.0031328931506	-0.0883486717686	-0.0200166118065	-0.121536750515	-0.0353106042086	-0.103548972799
k__Bacteria;p__Bacteroidetes;c__Bacteroidia;o__Bacteroidales;f__Bacteroidaceae;g__Bacteroides;s__Bacteroides_salyersiae	0.00259068394774	-0.0938856049775	0.0553630809796	-0.0813453151418	-0.166787804671	-0.0307154963034	-0.0486046869385	-0.0396217131247	0.0379048548915	0.0188768856198	-0.0423559776411	0.0182487208951	-0.0797045336553	0.0255086779713	-0.0331540300596	-0.0919945101311	-0.0991554983109	-0.0558138700607	-0.00924519410664	0.0127106400176	1.0	0.0165337357675	-0.117110453456	-0.050154049754	-0.0421251768546	-0.0612124473808	-0.046583404602	0.0367479044012	0.000348062720769	0.00796964602144	0.00607245407036	-0.0429938806971	-0.0213615226761	0.0521333605989	0.0333685861381	0.00106728676836	-0.0600843886001	0.0217719390842	0.0198990117867	-0.0314347324021	0.0304261820268	0.0233240343976	0.0599524143264	-0.0848173397866	-0.0351611174425	-0.0538774070351	0.0836040963048	-0.0226177876831	-0.108240444925	-0.101730069455	-0.0402765642635	0.0187649878146	-0.039646020433	-0.0557913762356	0.0539433080384	-0.0143332788305	-0.0112086134416	0.00693452088353	-0.115892818791
k__Bacteria;p__Firmicutes;c__Clostridia;o__Clostridiales;f__Ruminococcaceae;g__Ruminiclostridium;s__[Eubacterium]_siraeum	-0.0164028905847	-0.0108968046664	-0.0907425339876	-0.0224119048421	-0.0195006383616	0.0213860976506	-0.0491769753443	-0.165228932368	-0.0214599172682	-0.0521777116561	-0.074033056241	-0.148889613766	0.0683393565485	0.0167037811723	-0.112986699057	-0.0846219298327	0.0548747374917	-0.0796972072049	-0.0204243620762	-0.0717573815691	0.0165337357675	1.0	-0.0590247578203	-0.172680792281	-0.0167947718719	-0.0508248581854	-0.0129790863744	0.114064974204	-0.129848356477	-0.0960461694274	-0.0321234750853	0.0348543141356	-0.134937067862	-0.0421340718043	-0.00388289178257	-0.136620339959	-0.0955893626922	-0.0839049184067	-0.033204998168	-0.0933545014743	-0.0644360506931	0.00831613561234	-0.0538813141963	-0.0137669300363	-0.00443144702872	-0.0160553732413	0.145179161351	0.0749933356548	0.040255337454	-0.0297486472837	-0.0963266516833	0.0133456236313	-0.0278498863951	-0.0734398174985	-0.046248877481	-0.00251306050178	0.00565901775254	-0.061867204551	-0.091094919546
k__Bacteria;p__Proteobacteria;c__Betaproteobacteria;o__Burkholderiales;f__Sutterellaceae;g__Parasutterella;s__Parasutterella_excrementihominis	-0.0586564425772	-0.0796868159309	0.00978554152507	0.0612024026557	-0.0148892983293	-0.0354839924029	-0.00301877709621	0.0613585275846	-0.0406502990615	0.0308315481746	0.0449327855005	-0.0527731253966	-0.0462278742429	-0.0617234160238	0.0135636169026	-0.0427457938943	-0.0266014699929	-0.0672513938795	-0.042835515918	0.00773419643398	-0.117110453456	-0.0590247578203	1.0	0.0539981260272	0.0222176733096	-0.0408560763425	-0.144333445043	-0.0743378589033	-0.00368457032024	0.034501159926	-0.0290815923172	-0.0106204756045	-0.0715243289069	0.091792457522	-0.0895159740066	-0.0743624950096	-0.0698644120142	0.0902680974374	0.01463896827	0.0132051218213	-0.0344680403047	0.0104670503593	-0.0191538975952	-0.180567620805	0.0300024879118	-0.136539771454	-0.0798179782584	0.00113441632869	-0.0259185790226	-0.0511936010803	-0.0676517274753	0.0313061134725	-0.0109851544164	-0.0190071927938	-0.05315919747	-0.0844850446295	-0.060400689482	-0.0848275528011	-0.0934326506858
k__Bacteria;p__Actinobacteria;c__Actinobacteria;o__Bifidobacteriales;f__Bifidobacteriaceae;g__Bifidobacterium;s__Bifidobacterium_adolescentis	-0.089898055742	-0.0847858389015	-0.0469193808205	0.0720714803876	0.0383336637348	-0.106681026264	0.16074385639	-0.0683022810894	-0.0565448037718	0.0384937880548	-0.00417208000417	-0.0772386814163	0.042850383568	-0.114967559612	-0.00304813356042	0.0131221137622	-0.124470810038	0.0430847876179	-0.0477820108678	0.0201503857806	-0.050154049754	-0.172680792281	0.0539981260272	1.0	0.000637902607053	-0.000567332625242	-0.109435209925	-0.0184410221203	-0.104529133472	0.00257479547749	-0.0984567851123	-0.0263967405282	-0.000615673495925	-0.0632595616147	0.00291136354632	-0.0654767762056	0.0166779440211	0.0773053399793	-0.0774762759983	-0.0121554488387	-0.0369455996389	-0.0247673554671	-0.145781290476	-0.0495209776317	-0.110476866214	-0.0951170081059	-0.017308591822	0.0593179068611	-0.017943322513	-0.11082781717	-0.00905408685464	-0.0937589110336	-0.0174444521715	0.00861462236998	-0.027650998826	-0.0380978631811	-0.0919341541207	0.043095551531	0.0267406061664
k__Bacteria;p__Firmicutes;c__Clostridia;o__Clostridiales;f__Oscillospiraceae;g__Oscillibacter;s__Oscillibacter_sp._KLE_1745	-0.0590529605847	0.00539358335345	0.0142041791753	-0.017540351572	-0.0647558981939	0.0470637459821	-0.102743154575	-0.0355829148814	-0.109015077167	-0.0126519223447	0.00917764950993	-0.0944366410206	-0.0640188563347	-0.0661784214242	-0.0550349966855	-0.0486426191392	-0.036539040222	0.0578999287334	-0.0401017906971	-0.0265600864666	-0.0421251768546	-0.0167947718719	0.0222176733096	0.000637902607053	1.0	-0.0484096315683	-0.102576428707	-0.0398603637061	-0.0835897770672	0.0465179465119	-0.0373969794642	-0.0980868496701	-0.0631477168431	-0.00840145856461	-0.0209078884546	-0.100715235671	0.0234236507644	0.00782682975726	-0.0318993952114	0.0496365202128	0.0174220881706	-0.0183915063124	0.0566455891134	-0.0112000651857	-0.0718051604694	-0.0687804113467	-0.117403166766	0.112075288605	-0.0574969575164	-0.0237310724058	-0.00787346655198	-0.0511738703204	-0.0401461456082	-0.0123098092982	-0.0608573462926	-0.0545888593573	-0.0354668143841	-0.0804323661068	-0.110353846509
k__Bacteria;p__Bacteroidetes;c__Bacteroidia;o__Bacteroidales;f__Bacteroidaceae;g__Bacteroides;s__Bacteroides_coprophilus	0.0326025925213	0.0219813006022	-0.110272249761	-0.0303188976964	-0.10197136671	-0.0205587888296	-0.0250747528086	-0.00563099516944	-0.0464955533605	0.0422755845188	-0.0432232928587	-0.130933460967	0.0261030520843	0.0953496798838	-0.0597109892753	0.059446083595	-0.00209231739059	-0.016467836728	-0.0188913103733	0.0426051509475	-0.0612124473808	-0.0508248581854	-0.0408560763425	-0.000567332625242	-0.0484096315683	1.0	-0.0367767185863	0.0207842583047	-0.0879128864661	0.0314618234893	-0.0400355843264	-0.021537094258	-0.0415943825185	0.0107702509746	0.0398395098141	-0.123607509074	-0.0331037897585	0.0688660021652	0.00405126469926	-0.0597289296198	0.0547268021467	0.0279825455083	0.00507636296456	-0.038089635353	0.0101413599193	0.0433712075287	-0.186061197239	-0.035386356509	-0.0718599822285	-0.0207835359744	-0.0936649572148	-0.0395128500544	-0.00457305988808	-0.0613079143708	0.0829111846617	-0.030059826861	0.0635845232619	-0.0526139679053	-0.0360604927195
k__Bacteria;p__Firmicutes;c__Clostridia;o__Clostridiales;f__Lachnospiraceae;g__Roseburia;s__Roseburia_intestinalis	0.0458540827154	-0.0506473595469	-0.0458673357645	0.00146709044458	0.0252749636567	-0.126841603015	-0.0200380033968	-0.0609600321607	0.0679331555041	-0.0920500892061	-0.127259100879	-0.0194821806902	0.00794948716757	0.0561342966671	-0.119912116519	0.0341317699629	0.0124507696121	-0.0192211926192	0.00795319791261	-0.0471394427879	-0.046583404602	-0.0129790863744	-0.144333445043	-0.109435209925	-0.102576428707	-0.0367767185863	1.0	-0.0585679447204	-0.00858741312559	-0.0301431953619	-0.0763312305577	-0.000352656794338	-0.00991938172179	0.076380601603	0.0040170582246	0.00491433164865	-0.0496568033473	-0.0595224288643	-0.0337277843162	0.0225758768326	-0.0634454860392	-0.131160935601	-0.0634227357901	0.029455955929	0.0678688699904	0.0166031472513	-0.0569126506061	-0.133180595394	0.046929971011	-0.0719218607583	0.00941621297364	0.0230933933235	-0.104209563632	-0.0396694952486	-0.127955247857	-0.0155757902833	-0.0169247400414	0.113963775135	0.00887945284463
k__Bacteria;p__Firmicutes;c__Clostridia;o__Clostridiales;f__Lachnospiraceae;g__Roseburia;s__Roseburia_hominis	-0.0106983197948	-0.0704280316177	-0.0686370173821	-0.0828094599563	0.0415452955901	0.0103414939666	0.00270563020657	-0.108024762135	-0.0146717036073	0.0117823350916	-0.0261238443706	-0.0286891415002	-0.0639148624639	-0.0130485596329	-0.0669563804359	-0.125070816215	0.0496521373891	-0.13118908586	0.0256199967446	-0.134783147534	0.0367479044012	0.114064974204	-0.0743378589033	-0.0184410221203	-0.0398603637061	0.0207842583047	-0.0585679447204	1.0	-0.0287818037721	-0.00950193982308	-0.0107383011509	-0.0820348041733	-0.0797633891171	-0.0975594545567	0.0213628427545	-0.0886680549237	-0.0665319344742	-0.0177350396762	0.0438977586881	-0.0970378743751	-0.0136869545861	-0.134835293106	-0.0686612027425	-0.104701433196	0.0176397302164	0.0438334114236	0.0122417389174	-0.0759054711408	-0.0383839107088	-0.0346412524645	-0.152731831365	0.0379935875108	-0.0270829881743	-0.0643571925359	-0.0816538923791	-0.0163975539721	-0.0425679306597	-0.0544586830917	-0.0676633100158
k__Bacteria;p__Bacteroidetes;c__Bacteroidia;o__Bacteroidales;f__Porphyromonadaceae;g__Parabacteroides;s__Parabacteroides_johnsonii	-0.124654860102	-0.0924763274359	-0.0151670075291	0.0385662214465	-0.017977789242	-0.0352437849632	-0.0184432171491	-0.0494400247111	-0.106350926711	0.0657936626545	0.00807996868389	0.0604626372877	0.0454224294162	-0.0764961315562	-0.0228334941144	-0.0817131516428	-0.00672901989407	-0.00774285516993	-0.0341746931265	0.0852083971057	0.000348062720769	-0.129848356477	-0.00368457032024	-0.104529133472	-0.0835897770672	-0.0879128864661	-0.00858741312559	-0.0287818037721	1.0	-0.00756533393024	0.0861103513939	0.0500634429029	-0.0675928072992	0.0576560701351	-0.0141623531334	-0.171697328906	-0.00273421763679	-0.00233151722245	-0.0851227345352	-0.003358236789	0.00361692308574	-0.0790536562707	-0.0534599772944	-0.0002004168242	-0.0223343529514	0.00497119455006	-0.0597258806404	0.0226428761035	-0.00323012860806	0.103307819141	0.0180376811636	-0.125780405366	-0.0616460031884	-0.00134580125162	-0.0283464824509	-0.0408133719998	-0.146384668874	-0.0266500024318	0.0763414893353
k__Bacteria;p__Actinobacteria;c__Actinobacteria;o__Bifidobacteriales;f__Bifidobacteriaceae;g__Bifidobacterium;s__Bifidobacterium_longum	0.0131548104307	-0.0294572975913	-0.0877010099277	-0.0210866928339	-0.0480586164826	-0.0371876548805	-0.0600929760006	-0.0333417743009	-0.137004186174	-0.0907464610046	0.067693264113	0.0255711110203	0.00462645527163	-0.0208074646375	-0.00580558475874	-0.0236941523113	-0.0356476506278	0.0239732909126	-0.0397427588714	-0.0574016447022	0.00796964602144	-0.0960461694274	0.034501159926	0.00257479547749	0.0465179465119	0.0314618234893	-0.0301431953619	-0.00950193982308	-0.00756533393024	1.0	-0.135944226143	-0.0273484233054	-0.0362090772934	-0.108456926994	0.0277916688521	0.0181633812896	0.00180104654594	-0.134316663991	-0.0139861638529	-0.0212341081686	-0.0162728400655	-0.0721133382598	-0.0336784221012	-0.00957643606342	0.056568455385	0.0320587098213	-0.0718551505639	-0.0921108160732	-0.0412185193972	-0.0327662831623	-0.0432918587098	-0.0890503993925	0.0809450553595	0.0786330457013	-0.0580724680519	-0.0726147934131	-0.0555230443405	-0.0615317928485	-0.0294428879185
