#taxonomy	k__Bacteria;p__Bacteroidetes;c__Bacteroidia;o__Bacteroidales;f__Bacteroidaceae;g__Bacteroides;s__Bacteroides_vulgatus	k__Bacteria;p__Bacteroidetes;c__Bacteroidia;o__Bacteroidales;f__Bacteroidaceae;g__Bacteroides;s__Bacteroides_uniformis	k__Bacteria;p__Bacteroidetes;c__Bacteroidia;o__Bacteroidales;f__Rikenellaceae;g__Alistipes;s__Alistipes_putredinis	k__Bacteria;p__Bacteroidetes;c__Bacteroidia;o__Bacteroidales;f__Prevotellaceae;g__Prevotella;s__Prevotella_copri	k__Bacteria;p__Bacteroidetes;c__Bacteroidia;o__Bacteroidales;f__Bacteroidaceae;g__Bacteroides;s__Bacteroides_stercoris	k__Bacteria;p__Bacteroidetes;c__Bacteroidia;o__Bacteroidales;f__Bacteroidaceae;g__Bacteroides;s__Bacteroides_ovatus	k__Bacteria;p__Bacteroidetes;c__Bacteroidia;o__Bacteroidales;f__Rikenellaceae;g__Alistipes;s__Alistipes_shahii	k__Bacteria;p__Firmicutes;c__Clostridia;o__Clostridiales;f__Ruminococcaceae;g__Faecalibacterium;s__Faecalibacterium_prausnitzii	k__Bacteria;p__Bacteroidetes;c__Bacteroidia;o__Bacteroidales;f__Rikenellaceae;g__Alistipes;s__Alistipes_finegoldii	k__Bacteria;p__Bacteroidetes;c__Bacteroidia;o__Bacteroidales;f__Porphyromonadaceae;g__Parabacteroides;s__Parabacteroides_distasonis	k__Bacteria;p__Bacteroidetes;c__Bacteroidia;o__Bacteroidales;f__Bacteroidaceae;g__Bacteroides;s__Bacteroides_thetaiotaomicron	k__Bacteria;p__Bacteroidetes;c__Bacteroidia;o__Bacteroidales;f__Bacteroidaceae;g__Bacteroides;s__Bacteroides_coprocola	k__Bacteria;p__Bacteroidetes;c__Bacteroidia;o__Bacteroidales;f__Bacteroidaceae;g__Bacteroides;s__Bacteroides_cellulosilyticus	k__Bacteria;p__Bacteroidetes;c__Bacteroidia;o__Bacteroidales;f__Rikenellaceae;g__Alistipes;s__Alistipes_obesi	k__Bacteria;p__Firmicutes;c__Clostridia;o__Clostridiales;f__Lachnospiraceae;g__;s__[Eubacterium]_rectale	k__Bacteria;p__Bacteroidetes;c__Bacteroidia;o__Bacteroidales;f__Bacteroidaceae;g__Bacteroides;s__Bacteroides_plebeius	k__Bacteria;p__Bacteroidetes;c__Bacteroidia;o__Bacteroidales;f__Bacteroidaceae;g__Bacteroides;s__Bacteroides_fragilis	k__Bacteria;p__Proteobacteria;c__Betaproteobacteria;o__Burkholderiales;f__Sutterellaceae;g__Sutterella;s__Sutterella_wadsworthensis	k__Bacteria;p__Bacteroidetes;c__Bacteroidia;o__Bacteroidales;f__Porphyromonadaceae;g__Barnesiella;s__Barnesiella_intestinihominis	k__Bacteria;p__Bacteroidetes;c__Bacteroidia;o__Bacteroidales;f__Odoribacteraceae;g__Odoribacter;s__Odoribacter_splanchnicus	k__Bacteria;p__Bacteroidetes;c__Bacteroidia;o__Bacteroidales;f__Bacteroidaceae;g__Bacteroides;s__Bacteroides_salyersiae	k__Bacteria;p__Firmicutes;c__Clostridia;o__Clostridiales;f__Ruminococcaceae;g__Ruminiclostridium;s__[Eubacterium]_siraeum	k__Bacteria;p__Proteobacteria;c__Betaproteobacteria;o__Burkholderiales;f__Sutterellaceae;g__Parasutterella;s__Parasutterella_excrementihominis	k__Bacteria;p__Actinobacteria;c__Actinobacteria;o__Bifidobacteriales;f__Bifidobacteriaceae;g__Bifidobacterium;s__Bifidobacterium_adolescentis	k__Bacteria;p__Firmicutes;c__Clostridia;o__Clostridiales;f__Oscillospiraceae;g__Oscillibacter;s__Oscillibacter_sp._KLE_1745	k__Bacteria;p__Bacteroidetes;c__Bacteroidia;o__Bacteroidales;f__Bacteroidaceae;g__Bacteroides;s__Bacteroides_coprophilus	k__Bacteria;p__Firmicutes;c__Clostridia;o__Clostridiales;f__Lachnospiraceae;g__Roseburia;s__Roseburia_intestinalis	k__Bacteria;p__Firmicutes;c__Clostridia;o__Clostridiales;f__Lachnospiraceae;g__Roseburia;s__Roseburia_hominis	k__Bacteria;p__Bacteroidetes;c__Bacteroidia;o__Bacteroidales;f__Porphyromonadaceae;g__Parabacteroides;s__Parabacteroides_johnsonii	k__Bacteria;p__Actinobacteria;c__Actinobacteria;o__Bifidobacteriales;f__Bifidobacteriaceae;g__Bifidobacterium;s__Bifidobacterium_longum	k__Bacteria;p__Firmicutes;c__Clostridia;o__Clostridiales;f__;g__Flavonifractor;s__Flavonifractor_plautii	k__Bacteria;p__Firmicutes;c__Clostridia;o__Clostridiales;f__Clostridiaceae;g__Clostridium;s__Clostridium_phoceensis	k__Bacteria;p__Verrucomicrobia;c__Verrucomicrobiae;o__Verrucomicrobiales;f__Akkermansiaceae;g__Akkermansia;s__Akkermansia_muciniphila	k__Bacteria;p__Bacteroidetes;c__Bacteroidia;o__Bacteroidales;f__Prevotellaceae;g__Paraprevotella;s__Paraprevotella_xylaniphila	k__Bacteria;p__Firmicutes;c__Clostridia;o__Clostridiales;f__Ruminococcaceae;g__Ruminococcus;s__Ruminococcus_callidus	k__Bacteria;p__Bacteroidetes;c__Bacteroidia;o__Bacteroidales;f__Rikenellaceae;g__Alistipes;s__Alistipes_senegalensis	k__Bacteria;p__Firmicutes;c__Clostridia;o__Clostridiales;f__Lachnospiraceae;g__Blautia;s__Blautia_sp._KLE_1732	k__Bacteria;p__Bacteroidetes;c__Bacteroidia;o__Bacteroidales;f__Bacteroidaceae;g__Bacteroides;s__Bacteroides_oleiciplenus	k__Bacteria;p__Firmicutes;c__Clostridia;o__Clostridiales;f__Ruminococcaceae;g__Ruminococcus;s__Ruminococcus_bicirculans	k__Bacteria;p__Bacteroidetes;c__Bacteroidia;o__Bacteroidales;f__Bacteroidaceae;g__Bacteroides;s__Bacteroides_fluxus	k__Bacteria;p__Bacteroidetes;c__Bacteroidia;o__Bacteroidales;f__Prevotellaceae;g__Prevotella;s__Prevotella_stercorea	k__Bacteria;p__Firmicutes;c__Clostridia;o__Clostridiales;f__Lachnospiraceae;g__Dorea;s__Dorea_longicatena	k__Bacteria;p__Firmicutes;c__Clostridia;o__Clostridiales;f__Eubacteriaceae;g__Eubacterium;s__[Eubacterium]_eligens	k__Bacteria;p__Firmicutes;c__Clostridia;o__Clostridiales;f__Ruminococcaceae;g__;s__Ruminococcaceae_bacterium_D16	k__Bacteria;p__Firmicutes;c__Clostridia;o__Clostridiales;f__Lachnospiraceae;g__Coprococcus;s__Coprococcus_comes	k__Bacteria;p__Proteobacteria;c__Gammaproteobacteria;o__Enterobacterales;f__Enterobacteriaceae;g__Escherichia;s__Escherichia_coli	k__Bacteria;p__Firmicutes;c__Clostridia;o__Clostridiales;f__Ruminococcaceae;g__Anaerotruncus;s__Anaerotruncus_colihominis	k__Bacteria;p__Firmicutes;c__Clostridia;o__Clostridiales;f__Lachnospiraceae;g__Blautia;s__Blautia_obeum	k__Bacteria;p__Bacteroidetes;c__Bacteroidia;o__Bacteroidales;f__Odoribacteraceae;g__Odoribacter;s__Odoribacter_laneus	k__Bacteria;p__Firmicutes;c__Clostridia;o__Clostridiales;f__Ruminococcaceae;g__Ruminiclostridium;s__[Clostridium]_leptum	k__Bacteria;p__Bacteroidetes;c__Bacteroidia;o__Bacteroidales;f__Porphyromonadaceae;g__Parabacteroides;s__Parabacteroides_goldsteinii	k__Bacteria;p__Firmicutes;c__Clostridia;o__Clostridiales;f__Lachnospiraceae;g__Anaerostipes;s__Anaerostipes_hadrus	k__Bacteria;p__Firmicutes;c__Clostridia;o__Clostridiales;f__Ruminococcaceae;g__Ruminococcus;s__Ruminococcus_lactaris	k__Bacteria;p__Firmicutes;c__Clostridia;o__Clostridiales;f__Clostridiaceae;g__Clostridium;s__Clostridium_sp._L2-50	k__Bacteria;p__Firmicutes;c__Clostridia;o__Clostridiales;f__Clostridiaceae;g__Clostridium;s__Clostridium_sp._M62/1	k__Bacteria;p__Firmicutes;c__Clostridia;o__Clostridiales;f__;g__Intestinimonas;s__Intestinimonas_butyriciproducens	k__Bacteria;p__Actinobacteria;c__Actinobacteria;o__Bifidobacteriales;f__Bifidobacteriaceae;g__Bifidobacterium;s__Bifidobacterium_bifidum	k__Bacteria;p__Firmicutes;c__Negativicutes;o__Veillonellales;f__Veillonellaceae;g__Dialister;s__Dialister_invisus	k__Bacteria;p__Bacteroidetes;c__Bacteroidia;o__Bacteroidales;f__Bacteroidaceae;g__Bacteroides;s__Bacteroides_salanitronis
k__Bacteria;p__Bacteroidetes;c__Bacteroidia;o__Bacteroidales;f__Bacteroidaceae;g__Bacteroides;s__Bacteroides_vulgatus	1.0	0.0116614685293	0.0857322719575	0.00988563571629	-0.059425132277	0.0158440469654	-0.0611924907699	-0.0312270580784	-0.0653275243616	0.00993766531709	-0.0311231989223	0.0377956544029	-0.0634153391589	-0.0191093922503	0.035360353089	-0.0480184284548	0.0473753021621	-0.0662397634463	-0.0424578783706	-0.0460720469031	-0.0883336916391	-0.0333264180402	-0.117031608645	0.0309151021392	-0.0935643727313	0.00942331191265	-0.109596323637	-0.022140901299	0.0222299438191	-0.0301787576555	0.0172308922942	0.0170580292535	0.0170770694172	0.0157986632809	-0.190219279123	0.100576502455	-0.0838595895451	0.0268372207936	0.00182210890853	-0.0812342458098	-0.0138830476675	-0.0046215246602	0.0172780789485	-0.0205137775098	0.0175307063256	-0.0152388772524	-0.0380595278019	0.0159724127346	-0.0573270382747	-0.0277117806933	-0.0807806799029	-0.0816020854778	0.0512164265994	-0.0848725764721	-0.0025306602511	-6.94732082246e-05	0.0516918891234	-0.129332954868	-0.0671997782231
k__Bacteria;p__Bacteroidetes;c__Bacteroidia;o__Bacteroidales;f__Bacteroidaceae;g__Bacteroides;s__Bacteroides_uniformis	0.0116614685293	1.0	-0.0352679267828	-0.0410254715404	-0.0965020402265	-0.0296341379817	0.0466498587403	-0.0363261700299	-0.0183165200883	-0.0345233791938	-0.139922785389	0.0497421180937	-0.091779976183	0.0513878942686	-0.00342183854584	-0.0916647040407	-0.00694143771894	0.0857200650378	-0.00383954973651	0.084502816998	-0.0442299236676	-0.0773789535581	-0.0350694611195	-0.112840325184	-0.0131518116519	0.0165510380179	-0.0383931393739	-0.0064714136738	0.00790061866152	0.00347886876359	-0.116786591735	-0.0234589344391	0.0879755709413	-0.0262682884662	-0.153634704128	-0.0286856363616	0.00765509295263	-0.0288910694873	0.0129583488223	-0.0726498666122	-0.00834184568219	0.0666358574315	-0.000943743424963	-0.0250606893503	-0.0742752251495	-0.199621251869	0.0532024180258	-0.148956003112	-0.064313200933	-0.018741792827	-0.0326029997782	-0.0423074161614	-0.0526004731993	0.023142706376	-0.0476480313351	0.0298856220295	-0.0958318242517	0.108598218239	0.000674037831904
k__Bacteria;p__Bacteroidetes;c__Bacteroidia;o__Bacteroidales;f__Rikenellaceae;g__Alistipes;s__Alistipes_putredinis	0.0857322719575	-0.0352679267828	1.0	0.00160399308544	-0.109013797732	0.0441100691902	0.0991009441049	-0.0776405575968	-0.0477976123252	-0.0132438730196	-0.0274784390737	-0.00559242992886	-0.0774538608365	-0.0165245679358	0.0350464549595	-0.00309822888097	0.0840548201255	-0.043443842757	-0.0193727779336	-0.0543390155093	0.0311685230738	-0.0791234392627	-0.0521768722777	-0.0363914261928	0.0315878526571	-0.0803131781431	-0.0967111946521	-0.0162276798438	0.0381994915383	-0.100175178206	-0.0596308062813	0.102526407158	-0.0223208686143	-0.0325275963341	-0.00209782520725	0.0178685738229	0.0267854540565	-0.0166859236805	-0.101384348186	0.0232491077215	-0.109508420755	-0.0355197400087	-0.038470939973	-0.0104606094203	-0.0395480801372	-0.0403788952905	0.0526549566004	0.0240739904708	-0.0718310370819	-0.052724621775	-0.135569190002	-0.150600799796	-0.086580058843	-0.0198686460301	0.011379645429	-0.0620933380574	-0.0666564330781	0.031393129715	0.0220594288661
k__Bacteria;p__Bacteroidetes;c__Bacteroidia;o__Bacteroidales;f__Prevotellaceae;g__Prevotella;s__Prevotella_copri	0.00988563571629	-0.0410254715404	0.00160399308544	1.0	0.0132619015616	-0.057533190651	-0.0356366133785	0.061388827081	0.0149052765863	-0.0423815338165	-0.0800627594276	-0.0738452139388	0.0879538062907	0.056480710593	-0.0154045329693	0.0309912612878	0.0442886717595	-0.0583563667198	-0.0343248329624	-0.000370631157697	-0.101565726585	-0.00445608499055	-0.114555812922	0.0143477482627	-0.111186768299	-0.0465887618366	-0.0534600551098	0.0153938134524	-0.0401137194469	-0.0261060375648	-0.0154706806666	-0.0102885215918	-0.131002819737	-0.0771835311651	-0.00648659108684	0.0156242725162	-0.21464569472	0.0537676591642	-0.0354532916925	-0.0388727922681	-0.0140787841269	-0.0583310343731	0.00681197755291	0.0298521353761	0.0555445043118	0.0246596924135	-0.0342083128851	0.0519212843146	-0.119299308379	-0.115433269795	0.0212770625546	-0.118886428824	-0.0484678342924	-0.152217342452	-0.108219349408	-0.0699969056476	-0.0209565209688	0.0732736825257	0.0245423122919
k__Bacteria;p__Bacteroidetes;c__Bacteroidia;o__Bacteroidales;f__Bacteroidaceae;g__Bacteroides;s__Bacteroides_stercoris	-0.059425132277	-0.0965020402265	-0.109013797732	0.0132619015616	1.0	0.0249216558307	-0.0992368906355	-0.0836592728018	0.113157027625	-0.140733747428	0.0541151103115	-0.0787472464218	0.015409900025	-0.0849376689867	0.0011016244291	-0.0278032772001	-0.0327389879511	0.0275966953423	0.00340920005561	0.0575043003788	0.0134688427377	-0.0230074511355	-0.0231976407969	-0.0317705577971	-0.0220583339082	0.0255279443537	-0.101827007134	-0.0614107346989	-0.0562583392551	0.0286229796634	-0.0857698865609	-0.0135820570677	0.00726081101161	0.0127499092021	-0.0203025029974	0.0213516662909	-0.138264862956	-0.132926010497	-0.0696585019347	-0.0399636209396	-0.0527322672727	0.00953528135695	-0.0275502466237	-0.0627815458825	-0.0172724660221	0.00405018965865	-0.124477833863	-0.038762567114	-0.0167432681898	-0.0682824284931	0.0032572142055	0.0464666985853	0.0474654114804	-0.0939245886906	0.0576935647535	-0.0600183452979	-0.00340804934551	-0.103774612001	0.0328627717394
k__Bacteria;p__Bacteroidetes;c__Bacteroidia;o__Bacteroidales;f__Bacteroidaceae;g__Bacteroides;s__Bacteroides_ovatus	0.0158440469654	-0.0296341379817	0.0441100691902	-0.057533190651	0.0249216558307	1.0	-0.060101801349	-0.0131702124429	-0.0159211995721	-0.0335048487383	0.0399753889257	-0.085125369024	-0.055208006713	-0.0730138679811	-0.0589483427675	-0.120124017976	-0.146349855474	-0.0524717470002	0.00906784174122	-0.0259134080443	0.0221860912396	-0.0571658851906	0.0379745382774	-0.167342280534	-0.0882737180048	-0.0412042435438	-0.00233102724936	-0.0122331736845	0.00167412085144	-0.00391568031816	-0.137971323535	-0.0523090158845	0.0768636656662	-0.0913100574748	-0.00910312357151	-0.0312457224549	0.000548808800215	0.0559286028151	-0.0782532662784	-0.0934542001038	-0.0658522446136	0.00461358726717	-0.0341034090291	-0.031899887343	0.0153445169628	-0.143782095237	0.0092573940276	0.00165020140243	-0.00559386712847	-0.0210765465197	0.0225991516909	0.0752795012367	-0.0893117497899	0.150162901295	-0.101298929881	0.00828013065166	0.082443389585	0.0380789972606	-0.0433028188281
k__Bacteria;p__Bacteroidetes;c__Bacteroidia;o__Bacteroidales;f__Rikenellaceae;g__Alistipes;s__Alistipes_shahii	-0.0611924907699	0.0466498587403	0.0991009441049	-0.0356366133785	-0.0992368906355	-0.060101801349	1.0	-0.042314581556	0.0421372340098	-0.0434847062835	0.0365556491203	-0.0977416144465	-0.0367060883122	0.0036425373159	-0.0270415229054	-0.0290844303778	-0.0345376538229	-0.00373241374271	0.0954568298583	-0.0594202582699	0.00547528527373	-0.021738402052	-0.000796162373548	-0.0909440694563	-0.0615926260663	-0.0472657496874	0.00290112937746	-0.00392050268274	-0.0553410663358	-0.0987757359646	-0.0363218761143	-0.0865201200201	-0.0408499508544	0.00235162614438	-0.0165681112722	-0.0862533775864	0.116072039197	0.0923055977686	-0.0226435675862	-0.00574003085989	0.11340767722	-0.0683871060351	-0.106501650212	-0.0198003210617	0.00494697929875	-0.0204187043186	-0.0386295673178	-0.0511027385684	0.0164070003649	-0.0988823165287	-0.00892819763801	-0.0166772788567	-0.0991493887085	0.0786305539695	-0.071161165715	-0.0529699946197	0.0471738537873	-0.0411868375234	-0.0586058400478
k__Bacteria;p__Firmicutes;c__Clostridia;o__Clostridiales;f__Ruminococcaceae;g__Faecalibacterium;s__Faecalibacterium_prausnitzii	-0.0312270580784	-0.0363261700299	-0.0776405575968	0.061388827081	-0.0836592728018	-0.0131702124429	-0.042314581556	1.0	-0.0843864378078	-0.00495449296245	-0.109821970577	-0.103405399908	-0.0629210502003	-0.134845407639	-0.00345838723196	-0.0334506351406	-0.051963805559	-0.0225892280975	-0.0482520589531	-0.0474213843617	-0.0181894783684	-0.0604605028859	0.0104962970336	0.00852285350439	-0.0570145396219	-0.0166413213532	-0.0618472630528	0.0249198748447	-0.0242283235216	0.0542185145434	-0.0255378340283	0.0034790424535	0.0676972340421	-0.0407646088475	0.060502091265	-0.0942601039904	0.0650999754651	0.00676967524118	0.0331433193963	0.00712116593784	0.00880364131717	-0.0530857228481	-0.0123925662263	-0.0314350503558	-0.0107899785793	0.0102851870047	-0.0987318889233	-0.0150154629618	0.0346373481994	0.0320504583584	-0.0189368595103	0.0111655814862	-0.0828083293247	-0.0816051332425	-0.054639446548	0.0363629528203	-0.00434823881865	-0.140379677699	-0.0305925057712
k__Bacteria;p__Bacteroidetes;c__Bacteroidia;o__Bacteroidales;f__Rikenellaceae;g__Alistipes;s__Alistipes_finegoldii	-0.0653275243616	-0.0183165200883	-0.0477976123252	0.0149052765863	0.113157027625	-0.0159211995721	0.0421372340098	-0.0843864378078	1.0	-0.0585615440253	-0.00607821235795	-0.100700925526	-0.0284403021597	-0.0384711384809	-0.0679609494846	0.0134329682401	-0.0698735727748	-0.0422128934776	0.0192135463859	-0.064043729547	-0.0355585610129	-0.0239426940304	-0.0478840499091	-0.186077793975	-0.0491775232234	-0.0489069612135	-0.107628264351	0.059138184635	-0.0442889480727	-0.00776790485198	-0.0229917431168	0.157171102889	0.0133895888872	-0.0167155953784	-0.0330074993302	-0.0356764485948	-0.0753994668379	-0.00222420343818	-0.0477787522282	0.0897258536566	-0.0653004368384	-0.00888064542646	0.00401323217905	0.0688492730859	-0.0609534631867	-0.0112678185508	-0.0664177043775	-0.02143497165	0.00135431268151	-0.0416495090075	-0.0440463588957	0.071999543437	0.037807549652	-0.045314259296	-0.0650840368848	0.113958033741	-0.0571817402774	0.0234105607041	-0.148085840533
k__Bacteria;p__Bacteroidetes;c__Bacteroidia;o__Bacteroidales;f__Porphyromonadaceae;g__Parabacteroides;s__Parabacteroides_distasonis	0.00993766531709	-0.0345233791938	-0.0132438730196	-0.0423815338165	-0.140733747428	-0.0335048487383	-0.0434847062835	-0.00495449296245	-0.0585615440253	1.0	-0.060487393639	-0.0681390213014	-0.0227293231719	-0.0691642364065	0.0556730277688	-0.0432856625504	-0.0389166314118	-0.0785207117064	-0.010188934287	-0.0543241766902	-0.0650413961073	0.00798628015805	-0.05844104254	0.0680032940591	0.00768242186383	-0.0828723932642	-0.0589726832197	-0.0522223377254	-0.0243156056294	-0.107612128833	-0.00926746100474	-0.00238710295349	-0.127698250565	-0.04525190425	0.0162755436239	-0.0280593633063	0.043848123139	0.0727753357754	-0.105343275454	-0.12210102511	-0.103728548633	-0.0832445198811	-0.0294792155985	-0.0385148694057	-0.0402927628323	-0.00886729235629	0.0248331565684	-0.0764320416273	-0.0179980127454	0.0235162352306	0.115861045992	-0.0637923336132	-0.0160845524667	0.0222529696261	0.0334770462156	-0.148197446329	0.0302309316379	0.0122760229155	-0.0866677953976
k__Bacteria;p__Bacteroidetes;c__Bacteroidia;o__Bacteroidales;f__Bacteroidaceae;g__Bacteroides;s__Bacteroides_thetaiotaomicron	-0.0311231989223	-0.139922785389	-0.0274784390737	-0.0800627594276	0.0541151103115	0.0399753889257	0.0365556491203	-0.109821970577	-0.00607821235795	-0.060487393639	1.0	-0.088523383017	-0.0112072902362	-0.145183325288	-0.0872492658773	-0.0503212596012	0.00195411007901	-0.0320935008421	0.0213920677658	-0.0832296507925	-0.00520727923726	-0.0269040842483	-0.0481517184255	0.0385916064568	-0.0933967638413	-0.0380157213276	0.0768562150093	0.0864323251839	-0.051402052613	-0.0675816424398	-0.0426202128901	0.118890805678	0.0573996091302	-0.032700796019	-0.172346006941	0.080239061072	-0.0522354766112	0.00515820131738	0.0627244625858	-0.0742169369697	0.0162058272611	-0.0222341933522	-0.0413568987871	-0.0781855184095	-0.0117901244219	-0.0134345707348	0.0348293408606	-0.0197030657614	0.0447013194099	-0.0150930912869	-0.0862883189774	-0.0745290099053	0.00272859263527	-0.00156805075802	0.00224663141013	0.0392438526992	-0.0427169765416	-0.0387282977836	-0.00706941516808
k__Bacteria;p__Bacteroidetes;c__Bacteroidia;o__Bacteroidales;f__Bacteroidaceae;g__Bacteroides;s__Bacteroides_coprocola	0.0377956544029	0.0497421180937	-0.00559242992886	-0.0738452139388	-0.0787472464218	-0.085125369024	-0.0977416144465	-0.103405399908	-0.100700925526	-0.0681390213014	-0.088523383017	1.0	-0.05984524282	-0.00156025975217	0.0100523128012	0.0110432667503	-0.0398048488824	-0.109124699168	-0.0668953514508	0.0712096674016	0.0498954363697	-0.0300547008691	-0.115350379864	-0.0560297000374	-0.105588482198	-0.0137906403674	-0.0589835342243	-0.0109134009969	-0.0246431734972	-0.0649272553672	0.159146375758	-0.0747798862312	-0.00316568628787	-0.0242763308763	-0.113523193617	0.018602718323	-0.00596365344775	0.0176913741528	-0.0778160798674	-0.0983014882548	0.0187938762085	0.0617166867471	-0.00672687777546	-0.0124407636779	-0.0711928507537	-0.0263971060536	-0.0470490170975	-0.0643981836442	0.07238395503	0.000547403617018	-0.0463049338567	-0.0756708825424	-0.0942628844174	-0.0258528937112	0.013629419861	-0.145554980919	0.0687320097114	-0.0133026165012	-0.0235302764604
k__Bacteria;p__Bacteroidetes;c__Bacteroidia;o__Bacteroidales;f__Bacteroidaceae;g__Bacteroides;s__Bacteroides_cellulosilyticus	-0.0634153391589	-0.091779976183	-0.0774538608365	0.0879538062907	0.015409900025	-0.055208006713	-0.0367060883122	-0.0629210502003	-0.0284403021597	-0.0227293231719	-0.0112072902362	-0.05984524282	1.0	-0.00881174471432	-0.0663344261868	-0.130447479353	-0.0780896146158	-0.00456116869248	0.0104829716527	-0.00407886063775	-0.0717742902125	-0.0185524805454	0.114505829982	-0.0882868238202	-0.0745964876848	-0.0324469888972	0.0202354173225	-0.0301203746438	-0.0920008027872	-0.0829089976065	0.0341718570336	-0.0312420087401	-0.111552830613	0.0776439610914	0.0396156460842	-0.0300929578873	-0.0436836271285	0.011204477788	-0.00387840209735	-0.115991399065	-0.0939120466863	-0.0816001520682	-0.0332975911575	-0.187658428706	0.0650120090517	-0.0499810884696	-0.0396401756018	-0.0757424480292	0.0197100990761	-0.0194783620267	-0.0244369651908	-0.0124326885764	0.0107305439793	-0.0699223043575	-0.144404147302	-0.0460588378698	0.0617267220104	-0.0346547410886	-0.0549429347428
k__Bacteria;p__Bacteroidetes;c__Bacteroidia;o__Bacteroidales;f__Rikenellaceae;g__Alistipes;s__Alistipes_obesi	-0.0191093922503	0.0513878942686	-0.0165245679358	0.056480710593	-0.0849376689867	-0.0730138679811	0.0036425373159	-0.134845407639	-0.0384711384809	-0.0691642364065	-0.145183325288	-0.00156025975217	-0.00881174471432	1.0	0.040791254118	0.0429870321964	-0.0339988807994	0.113739818256	-0.107393391656	-0.129681570068	-0.0467042306621	0.0644462635561	0.0581263762746	-0.029194791049	-0.100617145591	-0.0808940327701	-0.00333844582575	-0.0457334543707	0.0371600354786	-0.0668680538058	-0.00997643288165	-0.110000577197	-0.01268661301	-0.0284625074004	0.0333372306883	0.0672923598242	-0.0197388508857	-0.0161459470405	-0.0595161241066	-0.135012580524	-0.0235995090098	-0.0933589092225	-0.0179848133494	-0.0675855744038	-0.00126723656437	-0.012464252188	-0.0851032233992	0.0167580198358	0.00267568750465	-0.0687541125092	-0.0225006080867	-0.0494936033257	-0.0724744980871	-0.0946515966985	-0.045007669457	-0.0167433077569	0.0289367365277	-0.026187350141	-0.0591947591327
k__Bacteria;p__Firmicutes;c__Clostridia;o__Clostridiales;f__Lachnospiraceae;g__;s__[Eubacterium]_rectale	0.035360353089	-0.00342183854584	0.0350464549595	-0.0154045329693	0.0011016244291	-0.0589483427675	-0.0270415229054	-0.00345838723196	-0.0679609494846	0.0556730277688	-0.0872492658773	0.0100523128012	-0.0663344261868	0.040791254118	1.0	-0.0481642839252	-0.0832816573012	0.125564012103	-0.0129449218006	-0.0714945358235	-0.130652977637	0.0360745627869	-0.0341067447158	-0.0445515006809	-0.0697795408682	-0.0732125849409	0.0486446002586	-0.0259018239273	0.00971495215444	-0.00449847289025	0.0130387748208	-0.0419556239093	-0.143415734877	-0.0934255416461	-0.0464749275046	-0.0685846759681	-0.0898466775961	0.0365005989974	-0.0754802417708	-0.0675205998343	-0.107021456238	0.050584256342	-0.020786961094	-0.114582123567	-0.0382518053383	-0.0334913805048	-0.0521787430399	-0.0599611904961	-0.0364539576548	-0.067351377656	-0.00966880947082	0.0169676038293	-0.0851045411538	0.0505744112986	-0.0594194609205	-0.0965881429299	-0.0560191023389	-0.0233710875435	-0.142895033524
k__Bacteria;p__Bacteroidetes;c__Bacteroidia;o__Bacteroidales;f__Bacteroidaceae;g__Bacteroides;s__Bacteroides_plebeius	-0.0480184284548	-0.0916647040407	-0.00309822888097	0.0309912612878	-0.0278032772001	-0.120124017976	-0.0290844303778	-0.0334506351406	0.0134329682401	-0.0432856625504	-0.0503212596012	0.0110432667503	-0.130447479353	0.0429870321964	-0.0481642839252	1.0	-0.0331581402864	-0.0143907615733	0.0399134810286	0.0135515408663	-0.0156363447666	-0.105949345689	-0.0755453675622	0.0278955535292	-0.0864177002077	-0.00362201643851	-0.0405028434452	-0.064273735097	-0.144720682767	-0.0635069771975	0.0172688382403	-0.0215179352561	-0.121553783925	-0.121211442313	0.112563568279	-0.00558315125285	0.0419717494906	-0.0781971436151	-0.0229077321784	-0.0329751089846	0.00955727972635	-0.0561877284365	0.0400178223154	-0.057499824006	-0.0659424451952	0.0440385154427	-0.06694176255	0.039090969629	0.0224622298813	-0.0991350842165	-0.0699822148849	-0.0930621405044	-0.109223925761	0.0695323851107	-0.0750546467569	0.0513802200482	0.0238472783617	-0.0757905861648	-0.00435173322156
k__Bacteria;p__Bacteroidetes;c__Bacteroidia;o__Bacteroidales;f__Bacteroidaceae;g__Bacteroides;s__Bacteroides_fragilis	0.0473753021621	-0.00694143771894	0.0840548201255	0.0442886717595	-0.0327389879511	-0.146349855474	-0.0345376538229	-0.051963805559	-0.0698735727748	-0.0389166314118	0.00195411007901	-0.0398048488824	-0.0780896146158	-0.0339988807994	-0.0832816573012	-0.0331581402864	1.0	-0.0564039471291	-0.0654665250953	0.0351061544984	-0.0588028483436	-0.0444478109834	-0.0554728629171	-0.0172535384521	0.0213333742868	0.0931030129035	-0.00464499804254	-0.111144768295	0.0438347030829	-0.0149835589596	0.00743413698732	-0.0400932396801	0.0133081682368	-0.114188294465	0.0357187741371	-0.175996796646	-0.048778217278	-0.0413363998989	-0.0617000528455	-0.0449720940035	-0.0648042504798	-0.172897422115	0.0588341286953	-0.00851825252403	-0.0534451742462	-0.127903612996	-0.068940727302	0.0451645146541	-0.112102400038	-0.0851407787235	-0.0356942463895	-0.0756274518208	-0.0544938122731	-0.0809137501732	0.105955391504	-0.0607711575045	-0.0408271105142	-0.081560005608	0.0125828963814
k__Bacteria;p__Proteobacteria;c__Betaproteobacteria;o__Burkholderiales;f__Sutterellaceae;g__Sutterella;s__Sutterella_wadsworthensis	-0.0662397634463	0.0857200650378	-0.043443842757	-0.0583563667198	0.0275966953423	-0.0524717470002	-0.00373241374271	-0.0225892280975	-0.0422128934776	-0.0785207117064	-0.0320935008421	-0.109124699168	-0.00456116869248	0.113739818256	0.125564012103	-0.0143907615733	-0.0564039471291	1.0	0.0364989064028	0.00996938713805	0.011550254921	-0.0108485990269	-0.0444386191169	0.0650767223785	-0.0880150128084	0.061016254313	-0.0401738594155	0.0420409341003	-0.0141220637046	0.0157293561203	-0.0718415623126	-0.0297641998458	-0.068393033894	-0.0169141130298	0.0573562414842	-0.0843943239592	-0.133965304277	-0.00658206304157	-0.0104459266726	0.0589919663028	-0.0514592845779	-0.113065635941	-0.0811733614064	0.0256528753673	0.0298038704586	-0.0617276231276	0.112243814649	-0.0746764313303	-0.0308342166057	0.0138642942994	-0.0215823177321	-0.0918325427701	-0.0415078737364	-0.0963356596394	-0.0470433557269	-0.00720250290084	0.00996854362077	-0.0335470560635	-0.0979221280291
k__Bacteria;p__Bacteroidetes;c__Bacteroidia;o__Bacteroidales;f__Porphyromonadaceae;g__Barnesiella;s__Barnesiella_intestinihominis	-0.0424578783706	-0.00383954973651	-0.0193727779336	-0.0343248329624	0.00340920005561	0.00906784174122	0.0954568298583	-0.0482520589531	0.0192135463859	-0.010188934287	0.0213920677658	-0.0668953514508	0.0104829716527	-0.107393391656	-0.0129449218006	0.0399134810286	-0.0654665250953	0.0364989064028	1.0	0.0492862353295	-0.0247768816167	-0.0948961231017	-0.0494316024007	-0.0700909617414	-0.0475760980678	-0.0350714760894	0.0123565120932	-0.16753103183	0.00745338363194	-0.0444977322528	-0.104191080298	-0.0715150723059	-0.0611300392316	-0.0386693796508	0.0882571301849	-0.0707197715014	-0.0111880049559	0.0117153354042	-0.076400854349	0.0560535104901	-0.0610577352839	-0.0474057255679	-0.0513341151203	-0.0785793746905	-0.083319424444	-0.0846673548461	-0.0676824782849	0.0184810111133	-0.0683639004581	-0.0498485971649	-0.00560396389653	-0.0503041844348	-0.0565254319065	-0.0214673251823	0.0477917052649	-0.0337001084824	-0.0340523645506	0.0745516755878	-0.0530715558745
k__Bacteria;p__Bacteroidetes;c__Bacteroidia;o__Bacteroidales;f__Odoribacteraceae;g__Odoribacter;s__Odoribacter_splanchnicus	-0.0460720469031	0.084502816998	-0.0543390155093	-0.000370631157697	0.0575043003788	-0.0259134080443	-0.0594202582699	-0.0474213843617	-0.064043729547	-0.0543241766902	-0.0832296507925	0.0712096674016	-0.00407886063775	-0.129681570068	-0.0714945358235	0.0135515408663	0.0351061544984	0.00996938713805	0.0492862353295	1.0	-0.0293484240613	-0.0343776400611	-0.0239221377569	0.00943430037369	-0.00728015454809	0.0397677020269	-0.129550309528	-0.114043000751	-0.152634166496	0.0359826574214	0.066502190063	-0.052817687685	-0.0592091597672	-0.0547646176226	0.0626575695645	-0.0644088253539	0.0494995616007	0.0257011124456	0.0374809391466	0.0528109125567	-0.0437025342223	0.00914082844093	0.187948509865	-0.106729991091	-0.00665702549185	0.0486018731741	-0.00814605420889	0.0176378238927	-0.0693282987459	0.00333699672095	-0.0220021476041	-0.162082989211	-0.152767832926	0.0497158219883	-0.120725000248	-0.021576962267	-0.0148586226489	-0.0270568135022	-0.0236807303774
k__Bacteria;p__Bacteroidetes;c__Bacteroidia;o__Bacteroidales;f__Bacteroidaceae;g__Bacteroides;s__Bacteroides_salyersiae	-0.0883336916391	-0.0442299236676	0.0311685230738	-0.101565726585	0.0134688427377	0.0221860912396	0.00547528527373	-0.0181894783684	-0.0355585610129	-0.0650413961073	-0.00520727923726	0.0498954363697	-0.0717742902125	-0.0467042306621	-0.130652977637	-0.0156363447666	-0.0588028483436	0.011550254921	-0.0247768816167	-0.0293484240613	1.0	0.0722155261428	0.019203880723	-0.0253737022806	0.0191929984946	-0.0577499700248	-0.0490987838699	-0.0124015498193	-0.0455762240251	0.0314324913815	0.0474232731616	-0.00111302846824	-0.0145080721896	-0.0586023538552	0.00176980257384	-0.0205360001834	0.00899615843198	-0.12015450651	-0.0464235599133	-0.159262786102	-0.107292864689	-0.0206906665201	-0.0361796431712	-0.0231818042611	0.0455111335124	-0.0266671065388	0.00778799549984	-0.0399629018539	-0.130128929833	0.058447409112	-0.0112115401224	0.0490743378753	-0.0543070768407	0.0326713805159	-0.0608827870055	-0.0791566445314	-0.0938436329169	0.0406618056715	0.0479263224346
k__Bacteria;p__Firmicutes;c__Clostridia;o__Clostridiales;f__Ruminococcaceae;g__Ruminiclostridium;s__[Eubacterium]_siraeum	-0.0333264180402	-0.0773789535581	-0.0791234392627	-0.00445608499055	-0.0230074511355	-0.0571658851906	-0.021738402052	-0.0604605028859	-0.0239426940304	0.00798628015805	-0.0269040842483	-0.0300547008691	-0.0185524805454	0.0644462635561	0.0360745627869	-0.105949345689	-0.0444478109834	-0.0108485990269	-0.0948961231017	-0.0343776400611	0.0722155261428	1.0	-0.0294510349478	-0.0826610981641	0.0107671214066	-0.0190590825862	0.0758635037409	-0.0814057799662	-0.058070604357	-0.0167383635008	0.0233141679509	-0.110002067576	-0.0458773790948	-0.065283446335	0.00361306197248	0.00186023038312	-0.0530606906281	0.0241650312764	-0.0315041335404	-0.065457955785	0.00359220286415	0.021330508795	-0.0717440514566	-0.0107205881627	-0.0398271792775	-0.115407554446	-0.0414816550518	0.0122205222961	-0.0343365592106	-0.0632414167693	0.0968096203564	0.0351502812878	-0.0483791276828	-0.0885116483052	-0.0245377599968	4.28589241357e-06	-0.0594352938085	-0.0618990798785	-0.0186059590943
k__Bacteria;p__Proteobacteria;c__Betaproteobacteria;o__Burkholderiales;f__Sutterellaceae;g__Parasutterella;s__Parasutterella_excrementihominis	-0.117031608645	-0.0350694611195	-0.0521768722777	-0.114555812922	-0.0231976407969	0.0379745382774	-0.000796162373548	0.0104962970336	-0.0478840499091	-0.05844104254	-0.0481517184255	-0.115350379864	0.114505829982	0.0581263762746	-0.0341067447158	-0.0755453675622	-0.0554728629171	-0.0444386191169	-0.0494316024007	-0.0239221377569	0.019203880723	-0.0294510349478	1.0	0.0261017437941	0.0239614451815	-0.0355765902523	-0.0120718494405	-0.0549242968018	-0.0311633545499	0.026333295352	0.0112449215704	0.0280393937159	-0.0279855860681	-0.0490801455618	0.0117578866003	-0.0148972591233	-0.0594219948093	-0.0246663587875	0.0400981890995	-0.0639683497017	-0.0256605798326	-0.0828164284506	0.0432730727795	-0.0222529921065	-0.00959223935572	-0.0283209296168	-0.107562298345	-0.0524791387052	-0.138765532494	-0.108296625175	-0.066078460407	-0.026486797593	-0.0226234279113	-0.0440222356544	0.0876780110765	-0.0395690674464	-0.0924533021767	0.00866940253395	-0.138742251563
k__Bacteria;p__Actinobacteria;c__Actinobacteria;o__Bifidobacteriales;f__Bifidobacteriaceae;g__Bifidobacterium;s__Bifidobacterium_adolescentis	0.0309151021392	-0.112840325184	-0.0363914261928	0.0143477482627	-0.0317705577971	-0.167342280534	-0.0909440694563	0.00852285350439	-0.186077793975	0.0680032940591	0.0385916064568	-0.0560297000374	-0.0882868238202	-0.029194791049	-0.0445515006809	0.0278955535292	-0.0172535384521	0.0650767223785	-0.0700909617414	0.00943430037369	-0.0253737022806	-0.0826610981641	0.0261017437941	1.0	-0.0143335757928	-0.0542184777603	-0.0600397282987	-0.0881211569629	-0.0270270020052	-0.080401025605	0.0305212405467	-0.0690079263037	-0.0116368039623	-0.00737697702073	0.0026467035583	0.0314906382259	-0.0275482946451	0.00200938661107	-0.0705450661685	-0.0274645766578	-0.0590005189392	-0.00658084549072	-0.0768244022099	-0.00976727094576	-0.0977281024371	0.116939586666	0.0215399137873	-0.0123390710378	0.0228829501252	-0.0303401787097	-0.0385508362785	-0.0544734405796	-0.00583841308051	-0.0889848273909	-0.0426158845445	0.00173541435593	-0.0778599313446	-0.0548641329447	-0.0580439948436
k__Bacteria;p__Firmicutes;c__Clostridia;o__Clostridiales;f__Oscillospiraceae;g__Oscillibacter;s__Oscillibacter_sp._KLE_1745	-0.0935643727313	-0.0131518116519	0.0315878526571	-0.111186768299	-0.0220583339082	-0.0882737180048	-0.0615926260663	-0.0570145396219	-0.0491775232234	0.00768242186383	-0.0933967638413	-0.105588482198	-0.0745964876848	-0.100617145591	-0.0697795408682	-0.0864177002077	0.0213333742868	-0.0880150128084	-0.0475760980678	-0.00728015454809	0.0191929984946	0.0107671214066	0.0239614451815	-0.0143335757928	1.0	-0.0456651811134	-0.125362932534	-0.0800726024788	-0.0570601323887	-0.0113565934194	-0.109691880121	-0.0995335427906	-0.0911874755656	0.0998109072328	0.0784334020298	-0.06504894695	-0.00219748094967	-0.133077599339	0.177012174401	0.0416582826755	-0.0257581736324	-0.041075305441	-0.0334765758408	0.0135843651578	0.0142895008536	-0.0954543085386	-0.0327656913975	-0.0394163480937	0.0285019637121	-0.0317315703986	0.0199522748359	0.0090052023599	0.0499512513372	-0.0447941984765	-0.0434943852974	-0.0366545161545	-0.0642573135561	0.00509249751822	0.0657147894089
k__Bacteria;p__Bacteroidetes;c__Bacteroidia;o__Bacteroidales;f__Bacteroidaceae;g__Bacteroides;s__Bacteroides_coprophilus	0.00942331191265	0.0165510380179	-0.0803131781431	-0.0465887618366	0.0255279443537	-0.0412042435438	-0.0472657496874	-0.0166413213532	-0.0489069612135	-0.0828723932642	-0.0380157213276	-0.0137906403674	-0.0324469888972	-0.0808940327701	-0.0732125849409	-0.00362201643851	0.0931030129035	0.061016254313	-0.0350714760894	0.0397677020269	-0.0577499700248	-0.0190590825862	-0.0355765902523	-0.0542184777603	-0.0456651811134	1.0	0.0226828031837	-0.0736246006453	0.0318697436654	0.00193364465546	0.0479466474696	-0.0241581535567	-0.024379095988	-0.043683657704	-0.0238565225669	-0.0322799392262	-0.0669711257625	-0.0289847031525	-0.150097472611	-0.0242343632815	-0.000648298514847	-0.0622806808195	-0.086102343869	-0.0375864121596	0.0393664757106	-0.0413775568455	-0.00113965094761	-0.100825344764	0.0647426564384	0.0216713484629	-0.0184101269817	-0.0247517303055	-0.00415274564243	-0.0769091239783	-0.0173897926163	0.0521642904365	-0.0271963256623	-0.0497057873252	0.0721348797678
k__Bacteria;p__Firmicutes;c__Clostridia;o__Clostridiales;f__Lachnospiraceae;g__Roseburia;s__Roseburia_intestinalis	-0.109596323637	-0.0383931393739	-0.0967111946521	-0.0534600551098	-0.101827007134	-0.00233102724936	0.00290112937746	-0.0618472630528	-0.107628264351	-0.0589726832197	0.0768562150093	-0.0589835342243	0.0202354173225	-0.00333844582575	0.0486446002586	-0.0405028434452	-0.00464499804254	-0.0401738594155	0.0123565120932	-0.129550309528	-0.0490987838699	0.0758635037409	-0.0120718494405	-0.0600397282987	-0.125362932534	0.0226828031837	1.0	0.00886455292791	-0.0742201174614	0.0434095293317	-0.120452288806	-0.0393153131511	-0.055804103882	-0.00357814031338	-0.00242404017769	-0.0376831546865	0.0113374909356	-0.0213782094635	0.00919856391705	0.00568590178524	-0.028569530598	0.022365691006	-0.127861219188	-0.0198093777037	-0.0904470191966	0.0207730893938	0.0647920329123	-0.00932052482566	-0.0362697290985	-0.0208700959459	-0.044987838486	-0.109474714866	-0.151222067733	0.0536810346768	-0.0549312573324	-0.0636424138915	-0.043957951918	-0.0883034970813	-0.0224416457689
k__Bacteria;p__Firmicutes;c__Clostridia;o__Clostridiales;f__Lachnospiraceae;g__Roseburia;s__Roseburia_hominis	-0.022140901299	-0.0064714136738	-0.0162276798438	0.0153938134524	-0.0614107346989	-0.0122331736845	-0.00392050268274	0.0249198748447	0.059138184635	-0.0522223377254	0.0864323251839	-0.0109134009969	-0.0301203746438	-0.0457334543707	-0.0259018239273	-0.064273735097	-0.111144768295	0.0420409341003	-0.16753103183	-0.114043000751	-0.0124015498193	-0.0814057799662	-0.0549242968018	-0.0881211569629	-0.0800726024788	-0.0736246006453	0.00886455292791	1.0	0.0421015284663	0.0512870808288	-0.0678490179905	0.0019682748646	-0.0808423375365	-0.0209611902372	-0.0731812021287	-0.0071531280013	-0.123806351412	0.0298609315208	-0.0115060882891	-0.000625785678092	-0.0464594846228	-0.0856818303044	-0.0934533429879	-0.0546091533303	-0.0961709935752	0.010293683239	0.0782666222146	-0.118923204669	0.101149614363	-0.00227449669377	0.047249083342	-0.0095291683934	-0.015568046492	-0.0971992377332	-0.0108393467899	0.0021732053176	-0.0516989843891	-0.034256456371	-0.0682437297357
k__Bacteria;p__Bacteroidetes;c__Bacteroidia;o__Bacteroidales;f__Porphyromonadaceae;g__Parabacteroides;s__Parabacteroides_johnsonii	0.0222299438191	0.00790061866152	0.0381994915383	-0.0401137194469	-0.0562583392551	0.00167412085144	-0.0553410663358	-0.0242283235216	-0.0442889480727	-0.0243156056294	-0.051402052613	-0.0246431734972	-0.0920008027872	0.0371600354786	0.00971495215444	-0.144720682767	0.0438347030829	-0.0141220637046	0.00745338363194	-0.152634166496	-0.0455762240251	-0.058070604357	-0.0311633545499	-0.0270270020052	-0.0570601323887	0.0318697436654	-0.0742201174614	0.0421015284663	1.0	-0.0187252313554	-0.0481524288792	-0.0874934038022	-0.0315337629074	0.00559759320661	0.00397823432103	-0.0153688855988	-0.0660408023246	-0.0840950123044	-0.0767292806259	-0.0345434828143	-0.000189683664134	0.075855011418	-0.0354583872043	-0.0116029586484	-0.0100468401834	0.0150250180256	-0.0405407708518	0.00623451213646	-0.0302680014021	-0.0220293442329	0.0430908626892	-0.00450518307675	0.0352259008588	-0.023982237244	-0.129388868781	0.0188733047257	-0.101949789942	0.0349107999476	0.0336884515034
k__Bacteria;p__Actinobacteria;c__Actinobacteria;o__Bifidobacteriales;f__Bifidobacteriaceae;g__Bifidobacterium;s__Bifidobacterium_longum	-0.0301787576555	0.00347886876359	-0.100175178206	-0.0261060375648	0.0286229796634	-0.00391568031816	-0.0987757359646	0.0542185145434	-0.00776790485198	-0.107612128833	-0.0675816424398	-0.0649272553672	-0.0829089976065	-0.0668680538058	-0.00449847289025	-0.0635069771975	-0.0149835589596	0.0157293561203	-0.0444977322528	0.0359826574214	0.0314324913815	-0.0167383635008	0.026333295352	-0.080401025605	-0.0113565934194	0.00193364465546	0.0434095293317	0.0512870808288	-0.0187252313554	1.0	0.031954722976	-0.0451230542081	0.0360707165587	-0.171826590869	-0.0389041912137	0.0875677034162	-0.062054586848	0.0477597074647	-0.0148848579347	0.0672255036199	-0.0463886182161	-0.0520488664739	-0.117774520662	0.0302580217062	-0.0840627952149	-0.0232273861534	-0.00769348784581	-0.0455074901702	-0.114449493693	0.00129011049704	0.00374506502376	-0.157237121695	0.0421396237762	-0.101838004482	0.0530957833862	0.0121216060309	-0.143548946174	0.0168582775655	-0.00283066327096
