#taxonomy	k__Bacteria;p__Bacteroidetes;c__Bacteroidia;o__Bacteroidales;f__Bacteroidaceae;g__Bacteroides;s__Bacteroides_vulgatus	k__Bacteria;p__Bacteroidetes;c__Bacteroidia;o__Bacteroidales;f__Bacteroidaceae;g__Bacteroides;s__Bacteroides_uniformis	k__Bacteria;p__Bacteroidetes;c__Bacteroidia;o__Bacteroidales;f__Rikenellaceae;g__Alistipes;s__Alistipes_putredinis	k__Bacteria;p__Bacteroidetes;c__Bacteroidia;o__Bacteroidales;f__Prevotellaceae;g__Prevotella;s__Prevotella_copri	k__Bacteria;p__Bacteroidetes;c__Bacteroidia;o__Bacteroidales;f__Bacteroidaceae;g__Bacteroides;s__Bacteroides_stercoris	k__Bacteria;p__Bacteroidetes;c__Bacteroidia;o__Bacteroidales;f__Bacteroidaceae;g__Bacteroides;s__Bacteroides_ovatus	k__Bacteria;p__Bacteroidetes;c__Bacteroidia;o__Bacteroidales;f__Rikenellaceae;g__Alistipes;s__Alistipes_shahii	k__Bacteria;p__Firmicutes;c__Clostridia;o__Clostridiales;f__Ruminococcaceae;g__Faecalibacterium;s__Faecalibacterium_prausnitzii	k__Bacteria;p__Bacteroidetes;c__Bacteroidia;o__Bacteroidales;f__Rikenellaceae;g__Alistipes;s__Alistipes_finegoldii	k__Bacteria;p__Bacteroidetes;c__Bacteroidia;o__Bacteroidales;f__Porphyromonadaceae;g__Parabacteroides;s__Parabacteroides_distasonis	k__Bacteria;p__Bacteroidetes;c__Bacteroidia;o__Bacteroidales;f__Bacteroidaceae;g__Bacteroides;s__Bacteroides_thetaiotaomicron	k__Bacteria;p__Bacteroidetes;c__Bacteroidia;o__Bacteroidales;f__Bacteroidaceae;g__Bacteroides;s__Bacteroides_coprocola	k__Bacteria;p__Bacteroidetes;c__Bacteroidia;o__Bacteroidales;f__Bacteroidaceae;g__Bacteroides;s__Bacteroides_cellulosilyticus	k__Bacteria;p__Bacteroidetes;c__Bacteroidia;o__Bacteroidales;f__Rikenellaceae;g__Alistipes;s__Alistipes_obesi	k__Bacteria;p__Firmicutes;c__Clostridia;o__Clostridiales;f__Lachnospiraceae;g__;s__[Eubacterium]_rectale	k__Bacteria;p__Bacteroidetes;c__Bacteroidia;o__Bacteroidales;f__Bacteroidaceae;g__Bacteroides;s__Bacteroides_plebeius	k__Bacteria;p__Bacteroidetes;c__Bacteroidia;o__Bacteroidales;f__Bacteroidaceae;g__Bacteroides;s__Bacteroides_fragilis	k__Bacteria;p__Proteobacteria;c__Betaproteobacteria;o__Burkholderiales;f__Sutterellaceae;g__Sutterella;s__Sutterella_wadsworthensis	k__Bacteria;p__Bacteroidetes;c__Bacteroidia;o__Bacteroidales;f__Porphyromonadaceae;g__Barnesiella;s__Barnesiella_intestinihominis	k__Bacteria;p__Bacteroidetes;c__Bacteroidia;o__Bacteroidales;f__Odoribacteraceae;g__Odoribacter;s__Odoribacter_splanchnicus	k__Bacteria;p__Bacteroidetes;c__Bacteroidia;o__Bacteroidales;f__Bacteroidaceae;g__Bacteroides;s__Bacteroides_salyersiae	k__Bacteria;p__Firmicutes;c__Clostridia;o__Clostridiales;f__Ruminococcaceae;g__Ruminiclostridium;s__[Eubacterium]_siraeum	k__Bacteria;p__Proteobacteria;c__Betaproteobacteria;o__Burkholderiales;f__Sutterellaceae;g__Parasutterella;s__Parasutterella_excrementihominis	k__Bacteria;p__Actinobacteria;c__Actinobacteria;o__Bifidobacteriales;f__Bifidobacteriaceae;g__Bifidobacterium;s__Bifidobacterium_adolescentis	k__Bacteria;p__Firmicutes;c__Clostridia;o__Clostridiales;f__Oscillospiraceae;g__Oscillibacter;s__Oscillibacter_sp._KLE_1745	k__Bacteria;p__Bacteroidetes;c__Bacteroidia;o__Bacteroidales;f__Bacteroidaceae;g__Bacteroides;s__Bacteroides_coprophilus	k__Bacteria;p__Firmicutes;c__Clostridia;o__Clostridiales;f__Lachnospiraceae;g__Roseburia;s__Roseburia_intestinalis	k__Bacteria;p__Firmicutes;c__Clostridia;o__Clostridiales;f__Lachnospiraceae;g__Roseburia;s__Roseburia_hominis	k__Bacteria;p__Bacteroidetes;c__Bacteroidia;o__Bacteroidales;f__Porphyromonadaceae;g__Parabacteroides;s__Parabacteroides_johnsonii	k__Bacteria;p__Actinobacteria;c__Actinobacteria;o__Bifidobacteriales;f__Bifidobacteriaceae;g__Bifidobacterium;s__Bifidobacterium_longum	k__Bacteria;p__Firmicutes;c__Clostridia;o__Clostridiales;f__;g__Flavonifractor;s__Flavonifractor_plautii	k__Bacteria;p__Firmicutes;c__Clostridia;o__Clostridiales;f__Clostridiaceae;g__Clostridium;s__Clostridium_phoceensis	k__Bacteria;p__Verrucomicrobia;c__Verrucomicrobiae;o__Verrucomicrobiales;f__Akkermansiaceae;g__Akkermansia;s__Akkermansia_muciniphila	k__Bacteria;p__Bacteroidetes;c__Bacteroidia;o__Bacteroidales;f__Prevotellaceae;g__Paraprevotella;s__Paraprevotella_xylaniphila	k__Bacteria;p__Firmicutes;c__Clostridia;o__Clostridiales;f__Ruminococcaceae;g__Ruminococcus;s__Ruminococcus_callidus	k__Bacteria;p__Bacteroidetes;c__Bacteroidia;o__Bacteroidales;f__Rikenellaceae;g__Alistipes;s__Alistipes_senegalensis	k__Bacteria;p__Firmicutes;c__Clostridia;o__Clostridiales;f__Lachnospiraceae;g__Blautia;s__Blautia_sp._KLE_1732	k__Bacteria;p__Bacteroidetes;c__Bacteroidia;o__Bacteroidales;f__Bacteroidaceae;g__Bacteroides;s__Bacteroides_oleiciplenus	k__Bacteria;p__Firmicutes;c__Clostridia;o__Clostridiales;f__Ruminococcaceae;g__Ruminococcus;s__Ruminococcus_bicirculans	k__Bacteria;p__Bacteroidetes;c__Bacteroidia;o__Bacteroidales;f__Bacteroidaceae;g__Bacteroides;s__Bacteroides_fluxus	k__Bacteria;p__Bacteroidetes;c__Bacteroidia;o__Bacteroidales;f__Prevotellaceae;g__Prevotella;s__Prevotella_stercorea	k__Bacteria;p__Firmicutes;c__Clostridia;o__Clostridiales;f__Lachnospiraceae;g__Dorea;s__Dorea_longicatena	k__Bacteria;p__Firmicutes;c__Clostridia;o__Clostridiales;f__Eubacteriaceae;g__Eubacterium;s__[Eubacterium]_eligens	k__Bacteria;p__Firmicutes;c__Clostridia;o__Clostridiales;f__Ruminococcaceae;g__;s__Ruminococcaceae_bacterium_D16	k__Bacteria;p__Firmicutes;c__Clostridia;o__Clostridiales;f__Lachnospiraceae;g__Coprococcus;s__Coprococcus_comes	k__Bacteria;p__Proteobacteria;c__Gammaproteobacteria;o__Enterobacterales;f__Enterobacteriaceae;g__Escherichia;s__Escherichia_coli	k__Bacteria;p__Firmicutes;c__Clostridia;o__Clostridiales;f__Ruminococcaceae;g__Anaerotruncus;s__Anaerotruncus_colihominis	k__Bacteria;p__Firmicutes;c__Clostridia;o__Clostridiales;f__Lachnospiraceae;g__Blautia;s__Blautia_obeum	k__Bacteria;p__Bacteroidetes;c__Bacteroidia;o__Bacteroidales;f__Odoribacteraceae;g__Odoribacter;s__Odoribacter_laneus	k__Bacteria;p__Firmicutes;c__Clostridia;o__Clostridiales;f__Ruminococcaceae;g__Ruminiclostridium;s__[Clostridium]_leptum	k__Bacteria;p__Bacteroidetes;c__Bacteroidia;o__Bacteroidales;f__Porphyromonadaceae;g__Parabacteroides;s__Parabacteroides_goldsteinii	k__Bacteria;p__Firmicutes;c__Clostridia;o__Clostridiales;f__Lachnospiraceae;g__Anaerostipes;s__Anaerostipes_hadrus	k__Bacteria;p__Firmicutes;c__Clostridia;o__Clostridiales;f__Ruminococcaceae;g__Ruminococcus;s__Ruminococcus_lactaris	k__Bacteria;p__Firmicutes;c__Clostridia;o__Clostridiales;f__Clostridiaceae;g__Clostridium;s__Clostridium_sp._L2-50	k__Bacteria;p__Firmicutes;c__Clostridia;o__Clostridiales;f__Clostridiaceae;g__Clostridium;s__Clostridium_sp._M62/1	k__Bacteria;p__Firmicutes;c__Clostridia;o__Clostridiales;f__;g__Intestinimonas;s__Intestinimonas_butyriciproducens	k__Bacteria;p__Actinobacteria;c__Actinobacteria;o__Bifidobacteriales;f__Bifidobacteriaceae;g__Bifidobacterium;s__Bifidobacterium_bifidum	k__Bacteria;p__Firmicutes;c__Negativicutes;o__Veillonellales;f__Veillonellaceae;g__Dialister;s__Dialister_invisus	k__Bacteria;p__Bacteroidetes;c__Bacteroidia;o__Bacteroidales;f__Bacteroidaceae;g__Bacteroides;s__Bacteroides_salanitronis
k__Bacteria;p__Bacteroidetes;c__Bacteroidia;o__Bacteroidales;f__Bacteroidaceae;g__Bacteroides;s__Bacteroides_vulgatus	1.0	-0.0273455805507	-0.00184694959576	0.043337196013	0.0176428780416	-0.16084558846	-0.0116526106665	-0.055942208389	-0.0795925430632	-0.0208107659542	-0.0485068075658	-0.0298119316359	-0.0490635948804	0.00977817281963	-0.0602467306932	-0.0392657434826	0.0773801736425	-0.0605221352049	-0.00842386319875	0.0668894138354	-0.0202777263414	-0.038692728982	0.000288757669956	-0.0906317864234	-0.0294084276351	-0.130300661803	0.0200931930965	0.0319651304697	-0.0423027581071	-0.171711970359	-0.135576412765	0.0018686317756	-0.00812125097465	-0.0638149668971	-0.0242626748251	-0.0247727647167	0.0189491301871	-0.00118381821152	-0.0550500980447	-0.043295289047	-0.107362954665	-0.139461599177	0.06945849751	-0.00074615402085	-0.00300407039803	-0.0666843107559	-0.0557739397267	-0.101915480951	-0.0994333573137	-0.0585911224189	-0.0769904376492	-0.0619667481991	0.0463755862965	0.0140757049786	-0.107822913872	0.00384337377303	0.0548827305591	0.0952500160518	0.0134171454479
k__Bacteria;p__Bacteroidetes;c__Bacteroidia;o__Bacteroidales;f__Bacteroidaceae;g__Bacteroides;s__Bacteroides_uniformis	-0.0273455805507	1.0	-0.0301887880419	-0.10178944929	0.00402123895863	-0.0816038193755	0.00478770499656	0.0413892325896	-0.0404454650754	-0.102681117252	-0.050688342262	-0.0212900867547	0.0182466676264	0.0323308784205	-0.0441940094197	-0.0191735237515	-0.131146185797	-0.0291471963006	0.0445624610632	-0.00428989544846	-0.186226002959	-0.0467408542981	0.0186234385533	-0.0147025296206	-0.152063096594	0.0573322566731	-0.141549286372	-0.0112351703962	-0.0108713498846	0.000927860281853	0.0124282863859	-0.103315892971	-0.110309561746	0.101617086763	0.0321950627901	-0.0618045406639	-0.0508850747034	-0.11923582987	-0.0126022515961	-0.0943533947844	-0.00787860237427	0.0518599316347	-0.0374633960837	-0.00882427455798	-0.0417107205702	-0.0467443752346	0.00702565684093	-0.00381360126532	-0.0198731449857	0.0259114468352	0.0308100080211	0.0234151000606	-0.088008967333	0.000537065000801	-0.00939662179809	-0.0412636766257	-0.133886050577	-0.00401923834495	0.0327451556101
k__Bacteria;p__Bacteroidetes;c__Bacteroidia;o__Bacteroidales;f__Rikenellaceae;g__Alistipes;s__Alistipes_putredinis	-0.00184694959576	-0.0301887880419	1.0	0.00338514912514	-0.061046714567	-0.0462414260559	0.00176682210365	-0.0408056098507	-0.0200980629287	0.0485511946943	-0.0586331451118	-0.0545981667774	-0.0166913228744	0.0294579842251	-0.0236772176687	-0.0733525240279	-0.147483538909	-0.0639635172868	-0.0389748236615	0.0376884896084	-0.15446422327	-0.0219735928581	-0.0162841062822	-0.100115680572	-0.0473714255341	-0.0190071605847	-0.0184005278368	0.0256282884275	-0.147719877816	0.034336766702	-0.110911169469	-0.0795442394803	0.0753695282082	-0.0507773834257	0.0189374619905	-0.00811325874038	-0.0049046692044	-0.0846673814944	0.0211021801396	-0.10994445888	0.131439421212	-0.0352240905475	-0.00963136758244	-0.0402301043472	-0.0678969637763	-0.114685087384	-0.0605487546111	-0.0267926211919	0.00989229518671	-0.0368010764316	-0.0183213816062	0.0895562733329	-0.149111746591	-0.0053630728883	0.0180618936374	0.0132625939258	-0.0453204033969	-0.0195308871145	-0.0916891059928
k__Bacteria;p__Bacteroidetes;c__Bacteroidia;o__Bacteroidales;f__Prevotellaceae;g__Prevotella;s__Prevotella_copri	0.043337196013	-0.10178944929	0.00338514912514	1.0	0.0316382518526	-0.147586065488	-0.0209720944684	-0.0490411841776	-0.0567149792153	-0.0690335139362	-0.0233783176099	-0.0279747353099	-0.0890484711204	-0.0179044358503	-0.0338812163063	-0.100164304827	-0.116926362857	-0.00699844593331	0.0170133223495	-0.0987672214074	-0.0260221116021	-0.125830408191	0.00621604278572	-0.169305850537	-0.0321753990319	-0.155381463372	0.0280726208664	0.0683187573366	0.00518528357749	-0.111013168263	-0.149110146937	-0.0557600223811	0.0400026817268	-0.0580322103995	-0.0274256783402	-0.0165479241383	-0.0534979772308	0.00740314364996	-0.048360957847	-0.0402563967297	0.00139211242667	-0.0578916988826	0.0223125751333	0.0168795745232	0.0257363983127	-0.0462141161076	-0.00676311028537	0.0564412584683	-0.017113529203	0.0466525492476	-0.0145758255994	-0.0474209446112	0.0865525417097	-0.0980102689649	-0.0800447481829	-0.155148760304	-0.0984028287616	0.0428800191587	-0.0364143695128
k__Bacteria;p__Bacteroidetes;c__Bacteroidia;o__Bacteroidales;f__Bacteroidaceae;g__Bacteroides;s__Bacteroides_stercoris	0.0176428780416	0.00402123895863	-0.061046714567	0.0316382518526	1.0	-0.0805754951851	0.0142331792332	-0.0192788967712	-0.082321728701	-0.0780746707203	-0.0282392149247	0.02388117056	0.073405903636	-0.126253265707	-0.0789214514673	-0.0607428537712	0.0492353885909	-0.0845703405761	0.0993107971507	-0.0486393329951	-0.0780139328576	-0.0792043799209	-0.106597575106	-0.0303164646482	-0.0359976293425	-0.0165910746086	-0.0767112282165	0.0505278474779	-0.0192596419747	-0.0730897981263	-0.0129296524431	-0.0566902813335	-0.0577387489675	0.0296676226144	-0.0762622951383	0.0314210354315	-0.155691007235	0.012785419909	-0.0596583207902	0.0431438903816	-0.176641182805	0.00206154580615	0.0409802536333	0.0373621297019	-0.0606281987985	-0.0232757281126	0.0886422353919	-0.11128917463	-0.0211121399615	0.0565930489704	-0.0956548474715	-0.0244497058042	0.0607968034713	0.0574440045725	-0.0310625444539	-0.0222416359781	0.0151729763814	-0.0437764362713	0.00932211393912
k__Bacteria;p__Bacteroidetes;c__Bacteroidia;o__Bacteroidales;f__Bacteroidaceae;g__Bacteroides;s__Bacteroides_ovatus	-0.16084558846	-0.0816038193755	-0.0462414260559	-0.147586065488	-0.0805754951851	1.0	-0.0897035490082	0.0327930391359	-0.0993828795836	0.0520404850532	-0.0975741294961	-0.101420679356	0.0231686729261	0.0398948541861	0.00448488121364	0.0294763826257	-0.0286297388178	-0.000633940036865	-0.0906726558856	-0.0268679717092	-0.103026754792	0.0567985026876	-0.195232824605	0.000622904159276	-0.0725251298515	-0.0503216405003	-0.0982338413978	-0.135152094437	0.101199644727	0.0627797150834	-0.0928511713353	-0.0140138043738	-0.0113346517944	-0.0695677223203	-0.0448100472053	0.00606136802291	-0.0805951580742	0.0306660737021	-0.0603580518212	0.037500690036	0.0323503537145	-0.0302576469049	-0.124730999826	0.0261882492896	-0.037661793647	0.0633451456255	0.0515532823955	0.024081490845	-0.0970423008004	-0.0637960763187	0.0296594326739	-0.10490337649	-0.0663892819493	-0.0476787826879	0.0758330198561	0.00504285576262	-0.0106869098983	-0.00549919840158	0.0429520251958
k__Bacteria;p__Bacteroidetes;c__Bacteroidia;o__Bacteroidales;f__Rikenellaceae;g__Alistipes;s__Alistipes_shahii	-0.0116526106665	0.00478770499656	0.00176682210365	-0.0209720944684	0.0142331792332	-0.0897035490082	1.0	0.019835728945	0.0472915746003	-0.046030033077	-0.00160295639314	0.00354739221213	-0.0236324387512	0.0161991150754	-0.106148617884	-0.046080215436	-0.193428787669	-0.00351699283703	-0.0221938555541	0.00657185744182	-0.0373635514048	-0.108692479425	-0.0120816630755	-0.140916748413	-0.0880072273155	-0.0510982266861	0.0208966504308	-0.0450502142611	-0.0752179620212	0.0632694834772	-0.0112111132585	-0.0197897806631	-0.0682631600307	-0.114685030414	-0.0290258093423	-0.0391435458053	0.0680780553976	-0.0786868222737	-0.0242413390153	-0.034309363157	-0.0709898364631	-0.0431526036715	-0.0422572884249	-0.061677917183	-0.0288836114889	-0.0435392614996	-0.110875846714	0.0285445140411	0.131461754916	0.125540194956	-0.0498175704023	-0.133737626214	-0.0197421125024	-0.0871906849329	-0.0175014498197	-0.0184864117841	-0.0742495762643	0.0503056743622	-0.0190375785407
k__Bacteria;p__Firmicutes;c__Clostridia;o__Clostridiales;f__Ruminococcaceae;g__Faecalibacterium;s__Faecalibacterium_prausnitzii	-0.055942208389	0.0413892325896	-0.0408056098507	-0.0490411841776	-0.0192788967712	0.0327930391359	0.019835728945	1.0	-0.194795419032	0.0388487913732	-0.0465380639727	-0.0807176772379	0.0202018548787	-0.176044966141	-0.0932327441595	0.034205692684	-0.0695969689127	-0.117490951559	-0.0342557625616	-0.00276359344751	0.0647716661551	0.0363216822215	-0.03631755658	-0.0132256120672	0.013524175666	-0.0873670676012	0.0698017941435	0.0304788529291	0.0443099228088	-0.00683490759104	0.0311876530619	-0.00679753725027	0.000494981184254	-0.0170742866462	-0.0670896605061	-0.0405212582798	-0.0274221875539	-0.0289039015464	0.0707894661954	-0.0813380776209	-0.0384474732833	-0.0529813735123	-0.0151577111777	0.0286434682685	-0.0517723023264	0.0561662141403	-0.0262145891713	0.0161770240416	0.0507223542958	-0.0525606834564	-0.00531400864786	0.0877800421089	0.0636285140567	0.04469084491	-0.00551197955772	-0.122639190665	0.00841057878805	-0.106160265104	0.0122189055091
k__Bacteria;p__Bacteroidetes;c__Bacteroidia;o__Bacteroidales;f__Rikenellaceae;g__Alistipes;s__Alistipes_finegoldii	-0.0795925430632	-0.0404454650754	-0.0200980629287	-0.0567149792153	-0.082321728701	-0.0993828795836	0.0472915746003	-0.194795419032	1.0	0.0019217545214	-0.074867054606	-0.0589545381855	-0.0201356583061	0.0190730793927	0.0305707184201	-0.0136478596517	0.00260778194029	-0.00435169770444	-0.0374279516339	-0.000846369603892	0.0119415731153	-0.025047247935	0.000177470984389	0.0208184220034	-0.0640388026689	-0.0497461117058	-0.0560073383434	-0.05812836065	-0.0176261180658	-0.0384643379384	-0.0583975305463	-0.0155395173057	-0.00933425172288	0.0129050576674	0.0411998938264	-0.0377473760954	0.108817639568	-0.0643395989453	-0.064827691844	0.0391203131917	-0.0127337716111	-0.0329462394462	-0.0979268154319	0.0132349794325	0.0381652246099	-0.0241851488079	-0.0868101601187	-0.0441841038909	-0.0305163293764	-0.037979506127	-0.0233986975375	-0.0903008710987	0.108739464184	-0.0455889015428	-0.0271764936432	-0.0765357886429	0.0175204188974	-0.125688100374	-0.14651740701
k__Bacteria;p__Bacteroidetes;c__Bacteroidia;o__Bacteroidales;f__Porphyromonadaceae;g__Parabacteroides;s__Parabacteroides_distasonis	-0.0208107659542	-0.102681117252	0.0485511946943	-0.0690335139362	-0.0780746707203	0.0520404850532	-0.046030033077	0.0388487913732	0.0019217545214	1.0	-0.0744943325843	-0.052165441998	-0.00816559200051	-0.0944501151575	-0.0249282463134	-0.0101582457997	-0.059918190094	0.0120338582363	-0.0471169702152	-0.0333031558502	-0.0680861717809	0.000770452138202	-0.0546596706117	-0.0644885513735	-0.0150625133265	-0.0209114874304	0.0624921243713	-0.0706860324053	-0.0747847920015	-0.0457956178005	0.114093185573	0.0024643493521	-0.00412322460302	-0.0146202937717	-0.046656273834	-0.0684166227058	-0.0812063054876	-0.00755935102432	-0.0451059047452	-0.00579086983034	0.106442406652	-0.107544221544	0.0868509031262	-0.0544491105194	-0.0402662666569	-0.0793989867096	0.0359609584364	0.04304614033	-0.0190365981142	0.0271874757267	-0.0254002528828	-0.10737615083	-0.0557003539955	-0.0620194546802	-0.115098242954	-0.0432117746732	-0.0409416278563	-0.0762440218595	-0.0289968453272
k__Bacteria;p__Bacteroidetes;c__Bacteroidia;o__Bacteroidales;f__Bacteroidaceae;g__Bacteroides;s__Bacteroides_thetaiotaomicron	-0.0485068075658	-0.050688342262	-0.0586331451118	-0.0233783176099	-0.0282392149247	-0.0975741294961	-0.00160295639314	-0.0465380639727	-0.074867054606	-0.0744943325843	1.0	0.0172488875279	-0.0198318635339	-0.000484621955446	-0.0196880439137	-0.180183034508	-0.0254023850968	0.0124988777193	-0.00712807144776	-0.00691346387991	0.00875234176329	0.0468867885518	0.0969608452479	-0.0665757820386	-0.0304759676599	0.00334825058706	-0.0552038786562	-0.0168244212773	0.0181375938197	-0.0980097176531	-0.0608705446786	-0.154309316729	-0.0213910165395	-0.0289553193697	-0.0674294969521	0.0523714977915	-0.0213346616595	0.0770060625094	-0.0119125316983	-0.0126585815515	-0.0496405133591	-0.092305792179	-0.0414599254513	0.00257369289031	-0.0249414920036	-0.0358933537466	-0.0210740906226	-0.00800252406314	-0.0527419034636	-0.0359962865668	-0.0233126053708	0.0663623950552	-0.0247664130505	-0.0162890022472	0.01366416311	0.00280887222078	0.00234551931205	-0.0284261795717	0.0888134664971
k__Bacteria;p__Bacteroidetes;c__Bacteroidia;o__Bacteroidales;f__Bacteroidaceae;g__Bacteroides;s__Bacteroides_coprocola	-0.0298119316359	-0.0212900867547	-0.0545981667774	-0.0279747353099	0.02388117056	-0.101420679356	0.00354739221213	-0.0807176772379	-0.0589545381855	-0.052165441998	0.0172488875279	1.0	0.0456315995098	-0.0038058128443	-0.0325862626733	-0.000993961904722	-0.041529607816	-0.0476764128375	-0.0370795803796	-0.0337114569235	-0.147269731572	-0.0718409456096	-0.132289629813	-0.0390011310194	-0.0294011182741	-0.0920932607697	0.0285325409857	-0.00817873324407	0.0724942259734	0.0183953207137	0.00896457669318	-0.0676456393991	0.00608908718588	-0.0673663913559	-0.0439810633572	-0.00238801892067	-0.0221028494534	-0.0440879482963	-0.0402070173289	0.022341260306	0.0704191128254	-0.015149205373	-0.112378180942	0.00583804310372	-0.0773426791513	0.00876482593874	-0.0419662134982	-0.0226918667135	-0.0124128665098	0.00829157830769	-0.0492393779608	-0.0157926095348	-0.0641109127569	0.041033150828	-0.0603103908234	-0.0857407031786	0.0476888752136	-0.00856464446476	-0.00818178491696
k__Bacteria;p__Bacteroidetes;c__Bacteroidia;o__Bacteroidales;f__Bacteroidaceae;g__Bacteroides;s__Bacteroides_cellulosilyticus	-0.0490635948804	0.0182466676264	-0.0166913228744	-0.0890484711204	0.073405903636	0.0231686729261	-0.0236324387512	0.0202018548787	-0.0201356583061	-0.00816559200051	-0.0198318635339	0.0456315995098	1.0	-0.139413762057	-0.0270834373974	-0.128390766196	-0.0738448396233	-0.12068384272	-0.100890959568	-0.00155434810061	0.0223474585842	0.0262928734246	0.0413432634317	0.0196151618249	0.00714828138375	-0.0822413550759	0.0555118207347	0.0193054626764	-0.0827787523135	-0.144901795506	0.0344345080677	-0.0226437279181	-0.139910379816	0.0326015396308	-0.128436724284	-0.0144083112582	0.0276018316965	-0.0540918697309	0.0538453594898	-0.0762639833044	0.0617150058918	0.015047346575	0.0385499570554	0.0478111399996	-0.020636502833	-0.103601462335	0.0391446174549	-0.0773579915934	0.0257469232053	0.0846869717404	0.0705265941082	-0.0972151564271	0.0107097653224	-0.0639040326399	-0.0368728903911	0.00116994651663	-0.0381542854816	0.0127418114944	-0.0335496675921
k__Bacteria;p__Bacteroidetes;c__Bacteroidia;o__Bacteroidales;f__Rikenellaceae;g__Alistipes;s__Alistipes_obesi	0.00977817281963	0.0323308784205	0.0294579842251	-0.0179044358503	-0.126253265707	0.0398948541861	0.0161991150754	-0.176044966141	0.0190730793927	-0.0944501151575	-0.000484621955446	-0.0038058128443	-0.139413762057	1.0	0.0621497400501	-0.0553976655913	0.109723086137	-0.0257962338294	-0.0933181128616	-0.0760157962929	-0.165140618872	0.0128159979556	-0.0548169526739	-0.0482687581534	-0.0866317242102	0.0421072942397	0.062059447039	-0.0620552286174	-0.069514709751	-0.013306701017	-0.120200287918	0.015966882778	0.0285099772712	-0.124774005772	-0.0644065854092	-0.0368545911899	-0.0352959329944	-0.0374426511458	0.0124031148422	-0.0668797053337	-0.00206073275504	-0.011398504392	-0.014696366294	-0.00465508986876	-0.0255579296507	-0.0169604064623	-0.0372390340944	0.0365921135241	-0.0394146461515	-0.0158138407107	-0.0122020503471	-0.191086286056	-0.192314284145	0.0311221439639	-0.0316816578889	0.0149547769418	-0.0296764350644	-0.0255006432306	-0.010455974619
k__Bacteria;p__Firmicutes;c__Clostridia;o__Clostridiales;f__Lachnospiraceae;g__;s__[Eubacterium]_rectale	-0.0602467306932	-0.0441940094197	-0.0236772176687	-0.0338812163063	-0.0789214514673	0.00448488121364	-0.106148617884	-0.0932327441595	0.0305707184201	-0.0249282463134	-0.0196880439137	-0.0325862626733	-0.0270834373974	0.0621497400501	1.0	0.0335410738396	0.00789922012617	0.00985897487604	-0.0214474124362	0.00808349072225	-0.067754325011	-0.0143235391953	-0.101905664562	0.00761681707188	-0.125412120911	0.0352173319664	-0.0700943578362	-0.010542860105	-0.0218819847696	-0.0800142248207	0.0716510472222	0.0233031401674	-0.041351583907	-0.0736105745972	-0.0179076041355	-0.0940237806784	-0.0470870902015	-0.0542762461095	-0.102844454163	-0.0352357718099	-0.19650421317	-0.0816875094964	0.0192295253168	0.0083185256658	-0.0505990082832	-0.0501474795994	-0.0989558596498	-0.0153615703561	0.0116505045231	-0.053903819755	0.0370793047649	-0.0208189109047	-0.0382836318326	0.0662713109153	-0.0466584138881	-0.0339608852274	0.0168858701134	-0.0297154290668	-0.0816689216751
k__Bacteria;p__Bacteroidetes;c__Bacteroidia;o__Bacteroidales;f__Bacteroidaceae;g__Bacteroides;s__Bacteroides_plebeius	-0.0392657434826	-0.0191735237515	-0.0733525240279	-0.100164304827	-0.0607428537712	0.0294763826257	-0.046080215436	0.034205692684	-0.0136478596517	-0.0101582457997	-0.180183034508	-0.000993961904722	-0.128390766196	-0.0553976655913	0.0335410738396	1.0	-0.141269075566	0.0570355377604	-0.179918903814	-0.0176838537182	-0.0442383123879	-0.0284796456646	-0.0590849499579	-0.0740269588076	0.0103871801259	-0.0690759099408	-0.13644022975	-0.0309705386998	0.00118009798622	-0.0463858758958	-0.0410712358743	-0.116507548276	-0.0242610284136	0.0221856264024	-0.0196749773818	0.00991768531733	0.00239979144549	0.116619331637	0.0300787554794	0.078248387219	-0.080921755452	-0.0125129994646	0.0428547786025	-0.0124370202505	-0.0267428346886	-0.0322486678343	-0.107960658103	0.0143975383955	-0.0284616933551	-0.0976680120823	-0.207576457469	-0.0442184975805	0.0044576805451	0.00782608645136	-0.0107577085049	-0.108120672517	-0.017191216428	0.0692379332193	-0.0862517202193
k__Bacteria;p__Bacteroidetes;c__Bacteroidia;o__Bacteroidales;f__Bacteroidaceae;g__Bacteroides;s__Bacteroides_fragilis	0.0773801736425	-0.131146185797	-0.147483538909	-0.116926362857	0.0492353885909	-0.0286297388178	-0.193428787669	-0.0695969689127	0.00260778194029	-0.059918190094	-0.0254023850968	-0.041529607816	-0.0738448396233	0.109723086137	0.00789922012617	-0.141269075566	1.0	-0.0812397005916	0.0406185925904	-0.0344525996667	0.0837494288889	0.111412497142	0.0239111307026	0.0214541656867	0.0806706600739	-0.00457317949643	-0.0414253650243	-0.132599321182	-0.0468757455246	0.0680013620392	-0.0464415251866	-0.0824519205724	-0.145445318071	0.0395780782125	-0.0481356403739	0.0781260941468	0.0883121225577	-0.0580792568571	-0.092224514158	0.0541453837494	-0.0797433945183	-0.0745176291519	-0.0667026941583	-0.0461847858312	0.033266554733	0.0769997041882	-0.0470354097756	-0.054395082696	0.00105197140336	-0.0488478441496	0.109074442521	-0.149832013793	-0.101431637441	-0.0493859556021	-0.00927219116352	-0.0605886720258	-0.061152639472	-0.116383435378	-0.0761302685743
k__Bacteria;p__Proteobacteria;c__Betaproteobacteria;o__Burkholderiales;f__Sutterellaceae;g__Sutterella;s__Sutterella_wadsworthensis	-0.0605221352049	-0.0291471963006	-0.0639635172868	-0.00699844593331	-0.0845703405761	-0.000633940036865	-0.00351699283703	-0.117490951559	-0.00435169770444	0.0120338582363	0.0124988777193	-0.0476764128375	-0.12068384272	-0.0257962338294	0.00985897487604	0.0570355377604	-0.0812397005916	1.0	-0.111995863586	0.0264160904354	0.0395032105952	0.0570106331363	0.080110793793	-0.208658221614	0.0180160960947	0.0113222457946	0.0450017676329	0.132966925609	-0.143146268197	-0.0141778784595	-0.0462103108913	-0.00334729380144	-0.0488986759205	0.154773337148	-0.0371681992396	0.0367254277927	-0.0107743469491	-0.0302974892968	-0.116829510148	0.0691719242115	-0.130777690707	-0.0103272788746	-0.0437779216228	-0.0129661417566	-0.00961931355861	-0.0515743359217	-0.0807507096833	-0.0656316969981	0.005229285674	-0.134223715629	-0.0595880205703	-0.0871353585628	0.0632109016757	0.0895402523503	-0.0757438964787	-0.0676338709064	0.0175612934618	-0.113056217785	-0.109598920543
k__Bacteria;p__Bacteroidetes;c__Bacteroidia;o__Bacteroidales;f__Porphyromonadaceae;g__Barnesiella;s__Barnesiella_intestinihominis	-0.00842386319875	0.0445624610632	-0.0389748236615	0.0170133223495	0.0993107971507	-0.0906726558856	-0.0221938555541	-0.0342557625616	-0.0374279516339	-0.0471169702152	-0.00712807144776	-0.0370795803796	-0.100890959568	-0.0933181128616	-0.0214474124362	-0.179918903814	0.0406185925904	-0.111995863586	1.0	-0.0665590700809	-0.0483749411212	0.0198454223373	-0.0970645985942	-0.103317193744	-0.0229079677986	-0.0897872339518	-0.0217497575116	0.0766863361564	-0.00306693451897	0.0263148302072	0.078728835895	0.0884339446021	0.050280565189	-0.10087020431	-0.0921104410751	-0.111660981621	-0.0368309625402	-0.0764146775042	-0.0715986182424	-0.0373221916239	-0.0412973252402	-0.0275955289884	0.00587404415557	-0.057816778281	-0.028153521218	-0.00259357398775	0.0126765205614	0.0244208247165	-0.0097392782648	-0.0515635563215	-0.0420487515787	-0.0782815893662	-0.0744289221308	-0.0589533021453	0.00416965449906	-0.0864704697616	-0.0339168273782	-0.0806075872663	-0.110929150708
k__Bacteria;p__Bacteroidetes;c__Bacteroidia;o__Bacteroidales;f__Odoribacteraceae;g__Odoribacter;s__Odoribacter_splanchnicus	0.0668894138354	-0.00428989544846	0.0376884896084	-0.0987672214074	-0.0486393329951	-0.0268679717092	0.00657185744182	-0.00276359344751	-0.000846369603892	-0.0333031558502	-0.00691346387991	-0.0337114569235	-0.0015543481006	-0.0760157962929	0.00808349072225	-0.0176838537182	-0.0344525996667	0.0264160904354	-0.0665590700809	1.0	-0.0329403800762	-0.126882290158	0.0231495080106	-0.0514435252042	0.0452329602624	0.0599193217716	-0.0167579310043	-0.0860025901113	-0.0108960767124	0.011678559033	-0.0383717530649	-0.0689387363426	0.038696454561	-0.000193100028404	-0.082855751628	-0.065403249831	-0.0421536556216	-0.0134330318438	-0.0252299491999	0.00643458001262	0.049513319591	-0.00215070069742	-0.0422087485518	-0.0946337091607	-0.0109602486999	-0.016668724338	-0.0306271386069	-0.0799305659695	-0.094595572876	-0.00713229703775	-0.116254338394	-0.0182771568682	-0.0228389524239	-0.0647302410679	0.0382600613354	-0.0871375785376	0.00940399696088	-0.111130130039	-0.0165706805322
k__Bacteria;p__Bacteroidetes;c__Bacteroidia;o__Bacteroidales;f__Bacteroidaceae;g__Bacteroides;s__Bacteroides_salyersiae	-0.0202777263414	-0.186226002959	-0.15446422327	-0.0260221116021	-0.0780139328576	-0.103026754792	-0.0373635514048	0.0647716661551	0.0119415731153	-0.0680861717809	0.00875234176329	-0.147269731572	0.0223474585842	-0.165140618872	-0.067754325011	-0.0442383123879	0.0837494288889	0.0395032105952	-0.0483749411212	-0.0329403800762	1.0	0.0345153666137	-0.0297198802199	-0.0460564131674	0.0237877458894	-0.0941168427788	0.0676083912987	-0.044362543697	0.0149960203063	-0.1183409718	0.0576413318933	-0.0376038269858	-0.139350375976	0.0498729256577	-0.0212761665891	-0.0858646180718	0.027429930057	-0.016171506405	-0.0412309815737	0.0557643513006	-0.0454376986416	-0.0881866709614	-0.0608762538941	-0.0650931573008	-0.129123904673	-0.0397834613264	-0.00512323992324	0.0474903858224	-0.0274848582186	-0.0500717300459	0.0405865554488	0.00347708071517	-0.0624263944381	-0.021618676746	-0.0672136747633	-0.122644361609	-0.0161620807526	-0.0674342770561	0.106678421425
k__Bacteria;p__Firmicutes;c__Clostridia;o__Clostridiales;f__Ruminococcaceae;g__Ruminiclostridium;s__[Eubacterium]_siraeum	-0.038692728982	-0.0467408542981	-0.0219735928581	-0.125830408191	-0.0792043799209	0.0567985026876	-0.108692479425	0.0363216822215	-0.025047247935	0.000770452138202	0.0468867885518	-0.0718409456096	0.0262928734246	0.0128159979556	-0.0143235391953	-0.0284796456646	0.111412497142	0.0570106331363	0.0198454223373	-0.126882290158	0.0345153666137	1.0	-0.125219705116	-0.0178788949937	-0.0383099525998	-0.0950759573002	-0.0313595446625	0.0394414428175	0.0752519323634	-0.0777152371798	-0.0208038161905	0.00779963328289	-0.186876581324	0.0169019922078	-0.00312133193891	-0.193458761085	0.01526780887	0.0355586751253	-0.0269290465423	0.0630299962392	0.0233756072921	-0.0524016041284	0.118396606118	-0.0208814588065	0.0415669633584	-0.0288508817616	-0.0759831063899	-0.00602663352756	0.0213133560812	-0.00886333654617	0.0994668477412	-0.0358294326785	-0.0422035396207	0.10291838887	-0.0802819609388	-0.0900014765352	-0.0491400565268	-0.132780570383	-0.157158678561
k__Bacteria;p__Proteobacteria;c__Betaproteobacteria;o__Burkholderiales;f__Sutterellaceae;g__Parasutterella;s__Parasutterella_excrementihominis	0.000288757669956	0.0186234385533	-0.0162841062822	0.00621604278572	-0.106597575106	-0.195232824605	-0.0120816630755	-0.03631755658	0.000177470984389	-0.0546596706117	0.0969608452479	-0.132289629813	0.0413432634317	-0.0548169526739	-0.101905664562	-0.0590849499579	0.0239111307026	0.080110793793	-0.0970645985942	0.0231495080106	-0.0297198802199	-0.125219705116	1.0	-0.129114291236	-0.0341213114675	0.0382673765111	0.0219766750174	-0.0262142808117	-0.129588743414	0.0666026039447	0.0275533103131	0.0907028931026	-0.0409997754775	-0.0449152011032	-0.0408647965121	-0.00348938925844	-0.00835136258682	-0.0409367249744	-0.043155028515	0.0385476581653	0.0103193590914	0.0185566932765	-0.0294445047487	-0.0402744396086	0.0364760094604	-0.0559019779094	-0.059337510184	-0.0325689554794	0.0257434784369	0.0255188721989	-0.0544715431943	0.0430364029554	-0.0273682132022	-0.0610222134543	-0.0235563738524	-0.116267469017	-0.0162031709756	-0.0829407673108	-0.0915460709807
k__Bacteria;p__Actinobacteria;c__Actinobacteria;o__Bifidobacteriales;f__Bifidobacteriaceae;g__Bifidobacterium;s__Bifidobacterium_adolescentis	-0.0906317864234	-0.0147025296206	-0.100115680572	-0.169305850537	-0.0303164646482	0.000622904159276	-0.140916748413	-0.0132256120672	0.0208184220034	-0.0644885513735	-0.0665757820386	-0.0390011310194	0.0196151618249	-0.0482687581534	0.00761681707188	-0.0740269588076	0.0214541656867	-0.208658221614	-0.103317193744	-0.0514435252042	-0.0460564131674	-0.0178788949937	-0.129114291236	1.0	0.116277720571	-0.0139818666668	0.0223608230219	-0.0864581029339	0.0723012834034	-0.060583185359	0.02136281012	-0.0245823395237	0.0315393499361	-0.123767218155	0.0103485336304	-0.0238496719278	-0.035677868107	-0.0477159469036	0.0605090103001	-0.0631980771142	-0.0301863199226	-0.046880804135	0.0574246732679	-0.0699574929005	-0.00283941033304	-0.00626060091915	0.0192184912528	-0.116600227669	-0.0600983669392	-0.0624281436159	-0.0290216540077	0.175514719178	-0.14549381582	0.0163362283325	0.0235177150442	0.0825350446962	0.0544131758089	-0.00418612031071	-0.0291332570365
k__Bacteria;p__Firmicutes;c__Clostridia;o__Clostridiales;f__Oscillospiraceae;g__Oscillibacter;s__Oscillibacter_sp._KLE_1745	-0.0294084276351	-0.152063096594	-0.0473714255341	-0.0321753990319	-0.0359976293425	-0.0725251298515	-0.0880072273155	0.013524175666	-0.0640388026689	-0.0150625133265	-0.0304759676599	-0.0294011182741	0.00714828138375	-0.0866317242102	-0.125412120911	0.0103871801259	0.0806706600739	0.0180160960947	-0.0229079677986	0.0452329602624	0.0237877458894	-0.0383099525998	-0.0341213114675	0.116277720571	1.0	0.00353191543425	0.00363890241293	-0.0414318167259	0.0365793477381	0.0226321936907	-0.0431425053832	-0.130312530219	0.0565916776384	-0.0274428349001	-0.114458715995	-0.0683535722728	-0.105826221707	-0.0384745194821	-0.0121504783535	0.0396100136023	0.062164644396	-0.151047492585	-0.0900984506079	-0.0303088611205	-0.170379288898	-0.0223628588411	-0.0287723676946	-0.131799819837	-0.00485745063918	-0.00588700234379	0.0269307347416	-0.127504171661	-0.0812817055027	-0.0590186677933	-0.111528665545	0.0197392587221	-0.0832352077054	0.00913891983445	0.0144447040643
k__Bacteria;p__Bacteroidetes;c__Bacteroidia;o__Bacteroidales;f__Bacteroidaceae;g__Bacteroides;s__Bacteroides_coprophilus	-0.130300661803	0.0573322566731	-0.0190071605847	-0.155381463372	-0.0165910746086	-0.0503216405003	-0.0510982266861	-0.0873670676012	-0.0497461117058	-0.0209114874304	0.00334825058706	-0.0920932607697	-0.0822413550759	0.0421072942397	0.0352173319664	-0.0690759099408	-0.00457317949643	0.0113222457946	-0.0897872339518	0.0599193217716	-0.0941168427788	-0.0950759573002	0.0382673765111	-0.0139818666668	0.00353191543425	1.0	-0.0978028866059	-0.0226829009752	0.0209449003738	0.0196928153734	-0.0469679832206	0.0189426949086	-0.0511224925194	-0.0459288718836	-0.0129548668595	0.0573417016535	-0.038605456505	-0.0427387645291	-0.00504369235164	0.0403518630169	0.0678222483561	0.0597632365012	-0.0524760462497	-0.0804464814702	-0.0475254848855	0.014065768255	-0.0606414523467	-0.0352897880305	-0.0770278975214	-0.0483858228944	-0.045527364458	0.0804181089437	-0.0534678881333	-0.0800347496252	-0.0684967284558	-0.0236098402451	-0.110126178574	0.0285038298486	0.0206990111348
k__Bacteria;p__Firmicutes;c__Clostridia;o__Clostridiales;f__Lachnospiraceae;g__Roseburia;s__Roseburia_intestinalis	0.0200931930965	-0.141549286372	-0.0184005278368	0.0280726208664	-0.0767112282165	-0.0982338413978	0.0208966504308	0.0698017941435	-0.0560073383434	0.0624921243713	-0.0552038786562	0.0285325409857	0.0555118207347	0.062059447039	-0.0700943578362	-0.13644022975	-0.0414253650243	0.0450017676329	-0.0217497575116	-0.0167579310043	0.0676083912987	-0.0313595446625	0.0219766750174	0.0223608230219	0.00363890241293	-0.0978028866059	1.0	-0.0703015572655	-0.0392950030461	-0.00888888080053	0.0819702093935	0.00698752896783	0.0287283544313	-0.0547659688106	-0.00103802066814	-0.00585770375373	0.0252705441452	0.0141195419469	0.00324246519801	-0.0577026395755	0.0193087666653	-0.121296504704	-0.00705106412835	-0.0587308752576	0.0364327125017	-0.0785083168807	-0.089166948506	-0.0125829654956	0.0220358275297	-0.0996050304414	0.0189687014013	-0.0518186414748	0.0199553506341	0.0625847575875	-0.112516198627	-0.0478977037798	-0.0708105733309	-0.137888416302	-0.0689358126894
k__Bacteria;p__Firmicutes;c__Clostridia;o__Clostridiales;f__Lachnospiraceae;g__Roseburia;s__Roseburia_hominis	0.0319651304697	-0.0112351703962	0.0256282884275	0.0683187573366	0.0505278474779	-0.135152094437	-0.0450502142611	0.0304788529291	-0.05812836065	-0.0706860324053	-0.0168244212773	-0.00817873324407	0.0193054626764	-0.0620552286174	-0.010542860105	-0.0309705386998	-0.132599321182	0.132966925609	0.0766863361564	-0.0860025901113	-0.044362543697	0.0394414428175	-0.0262142808117	-0.0864581029339	-0.0414318167259	-0.0226829009752	-0.0703015572655	1.0	0.0345461899657	0.0617107001275	-0.0446162752711	0.0166920652642	-0.0240668273385	0.0582341674665	0.0531906091172	0.0785837846299	-0.0170064248432	-0.0139070987918	-0.0294949754819	-0.0148303953902	0.0444543386938	-0.0278923705983	-0.0725216651156	-0.173368630634	0.0248728256118	0.0283884042653	-0.0390705745372	-0.0413548600688	-0.030142807138	-0.0704044185464	-0.094651002873	0.0433548790666	-0.139837373899	-0.000362404572705	0.0283664967248	-0.0877643801688	0.0212610147984	-0.0520623695554	-0.0681192387619
k__Bacteria;p__Bacteroidetes;c__Bacteroidia;o__Bacteroidales;f__Porphyromonadaceae;g__Parabacteroides;s__Parabacteroides_johnsonii	-0.0423027581071	-0.0108713498846	-0.147719877816	0.00518528357749	-0.0192596419747	0.101199644727	-0.0752179620212	0.0443099228088	-0.0176261180658	-0.0747847920015	0.0181375938197	0.0724942259734	-0.0827787523135	-0.069514709751	-0.0218819847696	0.00118009798622	-0.0468757455246	-0.143146268197	-0.00306693451897	-0.0108960767124	0.0149960203063	0.0752519323634	-0.129588743414	0.0723012834034	0.0365793477381	0.0209449003738	-0.0392950030461	0.0345461899657	1.0	-0.00155869672895	-0.080356499515	-0.036781862765	-0.0688916904931	-0.187699292745	-0.146857822282	-0.0110913959748	-0.00455127315043	-0.0365125925516	-0.0537101453303	0.0548065715899	-0.026268113751	-0.00183677405912	0.0201271275441	0.00735342378481	0.0411586478558	0.133998641462	-0.0340023028863	-0.000708379683061	0.00394517362385	-0.020649793176	-0.0575537048141	-0.0445789249187	0.0045697946065	-0.0861821843195	-0.0608021526707	-0.0571591921341	-0.0588787181782	-0.0394212029494	-0.0832172203035
k__Bacteria;p__Actinobacteria;c__Actinobacteria;o__Bifidobacteriales;f__Bifidobacteriaceae;g__Bifidobacterium;s__Bifidobacterium_longum	-0.171711970359	0.000927860281853	0.034336766702	-0.111013168263	-0.0730897981263	0.0627797150834	0.0632694834772	-0.00683490759104	-0.0384643379384	-0.0457956178005	-0.0980097176531	0.0183953207137	-0.144901795506	-0.013306701017	-0.0800142248207	-0.0463858758958	0.0680013620392	-0.0141778784595	0.0263148302072	0.011678559033	-0.1183409718	-0.0777152371798	0.0666026039447	-0.060583185359	0.0226321936907	0.0196928153734	-0.00888888080053	0.0617107001275	-0.00155869672895	1.0	-0.0477188297805	-0.0903031800201	-0.0089544827161	-0.0877114708327	0.036820816849	0.0081555728431	-0.0675872077891	-0.00549345910606	-0.0133626363133	0.0158145912572	-0.0567646661785	0.0247131593449	-0.0977699170089	-0.100728906935	0.0887775082371	0.0382328227617	0.0729286533405	0.00406395635196	0.0331708718806	-0.101232834141	-0.0628595900593	-0.0743257794095	-0.0504349064148	-0.00342203718193	-0.0244862857888	-0.0443815240889	0.0874926622219	0.00726782152461	-0.0548507073174
