#taxonomy	k__Bacteria;p__Bacteroidetes;c__Bacteroidia;o__Bacteroidales;f__Bacteroidaceae;g__Bacteroides;s__Bacteroides_vulgatus	k__Bacteria;p__Bacteroidetes;c__Bacteroidia;o__Bacteroidales;f__Bacteroidaceae;g__Bacteroides;s__Bacteroides_uniformis	k__Bacteria;p__Bacteroidetes;c__Bacteroidia;o__Bacteroidales;f__Rikenellaceae;g__Alistipes;s__Alistipes_putredinis	k__Bacteria;p__Bacteroidetes;c__Bacteroidia;o__Bacteroidales;f__Prevotellaceae;g__Prevotella;s__Prevotella_copri	k__Bacteria;p__Bacteroidetes;c__Bacteroidia;o__Bacteroidales;f__Bacteroidaceae;g__Bacteroides;s__Bacteroides_stercoris	k__Bacteria;p__Bacteroidetes;c__Bacteroidia;o__Bacteroidales;f__Bacteroidaceae;g__Bacteroides;s__Bacteroides_ovatus	k__Bacteria;p__Bacteroidetes;c__Bacteroidia;o__Bacteroidales;f__Rikenellaceae;g__Alistipes;s__Alistipes_shahii	k__Bacteria;p__Firmicutes;c__Clostridia;o__Clostridiales;f__Ruminococcaceae;g__Faecalibacterium;s__Faecalibacterium_prausnitzii	k__Bacteria;p__Bacteroidetes;c__Bacteroidia;o__Bacteroidales;f__Rikenellaceae;g__Alistipes;s__Alistipes_finegoldii	k__Bacteria;p__Bacteroidetes;c__Bacteroidia;o__Bacteroidales;f__Porphyromonadaceae;g__Parabacteroides;s__Parabacteroides_distasonis	k__Bacteria;p__Bacteroidetes;c__Bacteroidia;o__Bacteroidales;f__Bacteroidaceae;g__Bacteroides;s__Bacteroides_thetaiotaomicron	k__Bacteria;p__Bacteroidetes;c__Bacteroidia;o__Bacteroidales;f__Bacteroidaceae;g__Bacteroides;s__Bacteroides_coprocola	k__Bacteria;p__Bacteroidetes;c__Bacteroidia;o__Bacteroidales;f__Bacteroidaceae;g__Bacteroides;s__Bacteroides_cellulosilyticus	k__Bacteria;p__Bacteroidetes;c__Bacteroidia;o__Bacteroidales;f__Rikenellaceae;g__Alistipes;s__Alistipes_obesi	k__Bacteria;p__Firmicutes;c__Clostridia;o__Clostridiales;f__Lachnospiraceae;g__;s__[Eubacterium]_rectale	k__Bacteria;p__Bacteroidetes;c__Bacteroidia;o__Bacteroidales;f__Bacteroidaceae;g__Bacteroides;s__Bacteroides_plebeius	k__Bacteria;p__Bacteroidetes;c__Bacteroidia;o__Bacteroidales;f__Bacteroidaceae;g__Bacteroides;s__Bacteroides_fragilis	k__Bacteria;p__Proteobacteria;c__Betaproteobacteria;o__Burkholderiales;f__Sutterellaceae;g__Sutterella;s__Sutterella_wadsworthensis	k__Bacteria;p__Bacteroidetes;c__Bacteroidia;o__Bacteroidales;f__Porphyromonadaceae;g__Barnesiella;s__Barnesiella_intestinihominis	k__Bacteria;p__Bacteroidetes;c__Bacteroidia;o__Bacteroidales;f__Odoribacteraceae;g__Odoribacter;s__Odoribacter_splanchnicus	k__Bacteria;p__Bacteroidetes;c__Bacteroidia;o__Bacteroidales;f__Bacteroidaceae;g__Bacteroides;s__Bacteroides_salyersiae	k__Bacteria;p__Firmicutes;c__Clostridia;o__Clostridiales;f__Ruminococcaceae;g__Ruminiclostridium;s__[Eubacterium]_siraeum	k__Bacteria;p__Proteobacteria;c__Betaproteobacteria;o__Burkholderiales;f__Sutterellaceae;g__Parasutterella;s__Parasutterella_excrementihominis	k__Bacteria;p__Actinobacteria;c__Actinobacteria;o__Bifidobacteriales;f__Bifidobacteriaceae;g__Bifidobacterium;s__Bifidobacterium_adolescentis	k__Bacteria;p__Firmicutes;c__Clostridia;o__Clostridiales;f__Oscillospiraceae;g__Oscillibacter;s__Oscillibacter_sp._KLE_1745	k__Bacteria;p__Bacteroidetes;c__Bacteroidia;o__Bacteroidales;f__Bacteroidaceae;g__Bacteroides;s__Bacteroides_coprophilus	k__Bacteria;p__Firmicutes;c__Clostridia;o__Clostridiales;f__Lachnospiraceae;g__Roseburia;s__Roseburia_intestinalis	k__Bacteria;p__Firmicutes;c__Clostridia;o__Clostridiales;f__Lachnospiraceae;g__Roseburia;s__Roseburia_hominis	k__Bacteria;p__Bacteroidetes;c__Bacteroidia;o__Bacteroidales;f__Porphyromonadaceae;g__Parabacteroides;s__Parabacteroides_johnsonii	k__Bacteria;p__Actinobacteria;c__Actinobacteria;o__Bifidobacteriales;f__Bifidobacteriaceae;g__Bifidobacterium;s__Bifidobacterium_longum	k__Bacteria;p__Firmicutes;c__Clostridia;o__Clostridiales;f__;g__Flavonifractor;s__Flavonifractor_plautii	k__Bacteria;p__Firmicutes;c__Clostridia;o__Clostridiales;f__Clostridiaceae;g__Clostridium;s__Clostridium_phoceensis	k__Bacteria;p__Verrucomicrobia;c__Verrucomicrobiae;o__Verrucomicrobiales;f__Akkermansiaceae;g__Akkermansia;s__Akkermansia_muciniphila	k__Bacteria;p__Bacteroidetes;c__Bacteroidia;o__Bacteroidales;f__Prevotellaceae;g__Paraprevotella;s__Paraprevotella_xylaniphila	k__Bacteria;p__Firmicutes;c__Clostridia;o__Clostridiales;f__Ruminococcaceae;g__Ruminococcus;s__Ruminococcus_callidus	k__Bacteria;p__Bacteroidetes;c__Bacteroidia;o__Bacteroidales;f__Rikenellaceae;g__Alistipes;s__Alistipes_senegalensis	k__Bacteria;p__Firmicutes;c__Clostridia;o__Clostridiales;f__Lachnospiraceae;g__Blautia;s__Blautia_sp._KLE_1732	k__Bacteria;p__Bacteroidetes;c__Bacteroidia;o__Bacteroidales;f__Bacteroidaceae;g__Bacteroides;s__Bacteroides_oleiciplenus	k__Bacteria;p__Firmicutes;c__Clostridia;o__Clostridiales;f__Ruminococcaceae;g__Ruminococcus;s__Ruminococcus_bicirculans	k__Bacteria;p__Bacteroidetes;c__Bacteroidia;o__Bacteroidales;f__Bacteroidaceae;g__Bacteroides;s__Bacteroides_fluxus	k__Bacteria;p__Bacteroidetes;c__Bacteroidia;o__Bacteroidales;f__Prevotellaceae;g__Prevotella;s__Prevotella_stercorea	k__Bacteria;p__Firmicutes;c__Clostridia;o__Clostridiales;f__Lachnospiraceae;g__Dorea;s__Dorea_longicatena	k__Bacteria;p__Firmicutes;c__Clostridia;o__Clostridiales;f__Eubacteriaceae;g__Eubacterium;s__[Eubacterium]_eligens	k__Bacteria;p__Firmicutes;c__Clostridia;o__Clostridiales;f__Ruminococcaceae;g__;s__Ruminococcaceae_bacterium_D16	k__Bacteria;p__Firmicutes;c__Clostridia;o__Clostridiales;f__Lachnospiraceae;g__Coprococcus;s__Coprococcus_comes	k__Bacteria;p__Proteobacteria;c__Gammaproteobacteria;o__Enterobacterales;f__Enterobacteriaceae;g__Escherichia;s__Escherichia_coli	k__Bacteria;p__Firmicutes;c__Clostridia;o__Clostridiales;f__Ruminococcaceae;g__Anaerotruncus;s__Anaerotruncus_colihominis	k__Bacteria;p__Firmicutes;c__Clostridia;o__Clostridiales;f__Lachnospiraceae;g__Blautia;s__Blautia_obeum	k__Bacteria;p__Bacteroidetes;c__Bacteroidia;o__Bacteroidales;f__Odoribacteraceae;g__Odoribacter;s__Odoribacter_laneus	k__Bacteria;p__Firmicutes;c__Clostridia;o__Clostridiales;f__Ruminococcaceae;g__Ruminiclostridium;s__[Clostridium]_leptum	k__Bacteria;p__Bacteroidetes;c__Bacteroidia;o__Bacteroidales;f__Porphyromonadaceae;g__Parabacteroides;s__Parabacteroides_goldsteinii	k__Bacteria;p__Firmicutes;c__Clostridia;o__Clostridiales;f__Lachnospiraceae;g__Anaerostipes;s__Anaerostipes_hadrus	k__Bacteria;p__Firmicutes;c__Clostridia;o__Clostridiales;f__Ruminococcaceae;g__Ruminococcus;s__Ruminococcus_lactaris	k__Bacteria;p__Firmicutes;c__Clostridia;o__Clostridiales;f__Clostridiaceae;g__Clostridium;s__Clostridium_sp._L2-50	k__Bacteria;p__Firmicutes;c__Clostridia;o__Clostridiales;f__Clostridiaceae;g__Clostridium;s__Clostridium_sp._M62/1	k__Bacteria;p__Firmicutes;c__Clostridia;o__Clostridiales;f__;g__Intestinimonas;s__Intestinimonas_butyriciproducens	k__Bacteria;p__Actinobacteria;c__Actinobacteria;o__Bifidobacteriales;f__Bifidobacteriaceae;g__Bifidobacterium;s__Bifidobacterium_bifidum	k__Bacteria;p__Firmicutes;c__Negativicutes;o__Veillonellales;f__Veillonellaceae;g__Dialister;s__Dialister_invisus	k__Bacteria;p__Bacteroidetes;c__Bacteroidia;o__Bacteroidales;f__Bacteroidaceae;g__Bacteroides;s__Bacteroides_salanitronis
k__Bacteria;p__Bacteroidetes;c__Bacteroidia;o__Bacteroidales;f__Bacteroidaceae;g__Bacteroides;s__Bacteroides_vulgatus	1.0	-0.0695274859707	-0.0708490227935	-0.0233655315782	-0.0244884356034	-0.100606635678	-0.0307259628947	-0.0139463047884	-0.080555618821	-0.0510518094448	-0.0104364996813	0.000482714855547	0.0332216745479	-0.0040820350743	0.0668817487303	0.00138443446306	-0.0750637374603	-0.0529306206485	-0.0634388457869	0.0899517768887	0.0376408928979	-0.0906409299388	0.00523006779208	0.0162437669755	0.0191850033567	-0.0673052277221	-0.0770023647065	0.0140282548681	-0.0621084647573	-0.138718496151	0.0141112610368	-0.0013726074355	0.0465283587662	-0.0128642914145	0.0410326615036	-0.103411343269	0.0495668887894	0.0615679584668	0.0877189065035	0.0163151926168	0.00954311717601	-0.0381904030115	-0.0442323046926	-0.178350310656	0.00513027771367	0.0679400414458	-0.136480479591	-0.013735528547	-0.0777693195618	-0.0185187501273	0.00365445395181	-0.0358662514444	-0.00728269286604	0.0482972546266	0.0850494083072	-0.00918442551924	-0.00146176074691	-0.0866280529235	0.0211946282932
k__Bacteria;p__Bacteroidetes;c__Bacteroidia;o__Bacteroidales;f__Bacteroidaceae;g__Bacteroides;s__Bacteroides_uniformis	-0.0695274859707	1.0	0.0023528399638	-0.126443004481	-0.0605601023189	0.10244007842	0.0106936892305	0.036939705917	-0.0085349155299	-0.0421813964003	-0.0703407521667	-0.0503556733934	0.0490338229964	-0.11619875555	0.0399005690683	-0.00755728058624	-0.0411454517511	-0.114130041259	-0.0312153707179	-0.0553909724022	0.0109169852348	-0.0020406622299	-0.0487768140985	-0.0525708582984	-0.0219375758901	0.00571025457137	-0.105039351539	-0.0560576011406	0.0299021309751	-0.0198048818482	-0.107038453762	-0.0615076724857	-0.0803541609513	-0.0585560175786	-0.0372109772097	-0.134747596625	-0.0303312635507	0.0336322461304	-0.0985142970159	-0.0776441181848	0.0135055720685	-0.0419509777532	0.0958137602842	0.0652059418512	-0.0461930298237	0.0335893806151	0.0141212193727	0.00374638224016	0.0193429020461	-0.00357462458383	-0.0319970031535	-0.0911907754537	-0.0316415627438	0.05535595395	-0.0336052880198	-0.0632128867043	0.0106850970795	0.0233873310251	3.78267864235e-05
k__Bacteria;p__Bacteroidetes;c__Bacteroidia;o__Bacteroidales;f__Rikenellaceae;g__Alistipes;s__Alistipes_putredinis	-0.0708490227935	0.0023528399638	1.0	-0.0798248058666	-0.0476354306727	-0.0247136503158	0.0204507192078	0.031894562905	0.0459279151411	-0.0203500597291	-0.00475433000166	0.0245918721128	-0.0501332600895	0.004278589298	0.0589046442302	-0.034821624184	0.0274690297385	-0.0255805046899	0.004311381573	-0.109621163685	-0.053726881132	-0.0367497902	0.00561821493882	-0.0695456346856	0.0128676752428	-0.145978573168	0.00449472105355	0.00592249197639	-0.0577419249521	0.0242271598737	0.0445247698466	-0.00892920942769	0.106756429948	-0.125807679801	-0.0427670233557	-0.107667036075	-0.0518436742118	-0.0384825294954	0.0252349702275	0.0260950075732	0.0281937961147	-0.081924308737	0.108562661785	-0.0129535851874	-0.00898338072996	-0.0188548646598	0.0755475648899	-0.0339002357068	-0.0395393137312	-0.0994390198936	-0.0506162659939	-0.0654416882242	-0.0497711719061	-0.139408930707	-0.0260458081472	-0.0244644801627	-0.0363427452395	-0.0447140176903	0.0955418716927
k__Bacteria;p__Bacteroidetes;c__Bacteroidia;o__Bacteroidales;f__Prevotellaceae;g__Prevotella;s__Prevotella_copri	-0.0233655315782	-0.126443004481	-0.0798248058666	1.0	0.102340728252	0.00090612141656	-0.0413519468216	-0.20764139271	0.0514982447646	-0.102900020744	-0.0752374267514	-0.0887721107871	0.000651776703003	-0.0474223404551	-0.00723234455021	0.0409694543322	-0.0419189441375	0.0370600219193	0.00660808921346	0.0187636245484	-0.0320222000368	-0.059452045036	0.0123897182893	0.00372324892035	-0.0162400953306	0.061721437625	-0.0787599782583	-0.0294503179826	-0.128309999455	0.0694251236066	-0.0965628193256	-0.103875502951	0.031624110426	-0.0876597006885	0.00865130445556	0.0476202454066	0.0406370876442	-0.0674070718619	-0.0632600408659	-0.122682751589	0.0189609869847	-0.00260025391295	-0.211063912926	-0.0183676877286	0.0222529796908	0.0349874855603	-0.114970917827	0.0335574804819	-0.0178086414792	0.0444596723949	0.0148243767695	-0.0884524952425	0.0184737773832	-0.0590015690369	-0.0338601508601	0.0807370069543	-0.0781701723344	-0.0466488235665	0.0422344514077
k__Bacteria;p__Bacteroidetes;c__Bacteroidia;o__Bacteroidales;f__Bacteroidaceae;g__Bacteroides;s__Bacteroides_stercoris	-0.0244884356034	-0.0605601023189	-0.0476354306727	0.102340728252	1.0	0.0318834630836	-0.102078654494	-0.00468587970733	0.0625173303604	-0.0885677071695	-0.139955371998	-0.058494292862	-0.0699733659637	0.0463757859513	-0.0564304509172	-0.00595224194608	-0.0475782827293	-0.069304659129	-0.0849344413548	-0.00670236853206	-0.130071457065	-0.00870405380618	0.00230047967734	0.0925527070574	-0.0119091209464	-0.143527025883	0.0721599952377	0.018612834805	0.0265667422593	0.0586517840939	-0.0201809609185	-0.0560745737421	-0.0938307459792	-0.0517329440496	-0.0846425655488	-0.00585175016974	-0.0599285326874	-0.0411616577802	-0.0942960766382	-0.084263344072	0.0226444574221	-0.00793572973423	-0.0755705493449	0.00545035503273	-0.126235572906	0.0520732573395	-0.0297946386907	0.0260309611561	-0.105943270175	-0.0917521403172	-0.0448179978072	0.00761804238625	0.0247263569212	-0.0627471606255	-0.0260110591364	-0.0794774004465	-0.0370438919448	0.00872883353203	-0.11822621989
k__Bacteria;p__Bacteroidetes;c__Bacteroidia;o__Bacteroidales;f__Bacteroidaceae;g__Bacteroides;s__Bacteroides_ovatus	-0.100606635678	0.10244007842	-0.0247136503158	0.00090612141656	0.0318834630836	1.0	-0.0524794503028	-0.0901178353568	-0.0258951243404	-0.0673581038356	-0.0389165171111	-0.0361919718296	-0.135799775836	0.0429597116842	-0.042279058881	0.0184891587648	0.00826870618125	-0.00445920560586	-0.0221360117598	0.0564290372193	-0.0400338099152	-0.0831353633847	-0.0442262006899	-0.0485753441774	-0.0286962949235	-0.0851943070761	-0.0421969452035	-0.0618025229994	0.0640648112747	-0.0795478742431	-0.107169905241	-0.000853968514639	-0.0494665340635	0.0351219765857	0.0298751031459	-0.0085236628227	-0.073866351923	-0.0863205319468	-0.0457555025615	-0.0458443522887	0.0256176603914	0.0371958519031	-0.0796584490845	-0.0123733548215	-0.0256563487959	-0.111936942005	-0.00219257302562	-0.10537125128	-0.0502372960407	0.0066022399099	0.0186398293468	0.0517633921079	-0.0156184748796	-0.110177468864	-0.0114162577301	-0.0865143080057	-0.0575560771288	-0.0211789186378	0.028253715788
k__Bacteria;p__Bacteroidetes;c__Bacteroidia;o__Bacteroidales;f__Rikenellaceae;g__Alistipes;s__Alistipes_shahii	-0.0307259628947	0.0106936892305	0.0204507192078	-0.0413519468216	-0.102078654494	-0.0524794503028	1.0	-0.0267298411031	-0.00713004029067	0.0102682075255	0.0245237615945	-0.0545709514151	0.0065721385456	-0.0614932009686	-0.0577873200926	-0.0168514827647	-0.0285531048475	0.0438858189859	-0.0343322472269	-0.0714532346737	0.0142288286641	-0.0333509834848	0.0172330095669	-0.162252842268	-0.0227056205941	-0.00839798360674	-0.0792786443897	-0.115623187187	0.000852459032927	-0.00489162070391	-0.00393021543166	-0.00151625977797	-0.0185635908755	0.0534202668351	0.0848389892327	0.0767855504157	-0.0121883648724	0.0200813527117	-0.0141322245975	0.0594861220574	-0.0173444930318	-0.0512430197697	0.0274906898052	-0.00756738743413	-0.0296534172734	-0.0660613207136	-0.0024770941405	-0.125843078302	-0.065942325497	-0.0719164319596	-0.0158696690002	-0.0323871460858	-0.0766183049977	-0.0417537346742	-0.12411815236	-0.0611781128235	-0.0854139231207	-0.0269330938707	0.0279405972697
k__Bacteria;p__Firmicutes;c__Clostridia;o__Clostridiales;f__Ruminococcaceae;g__Faecalibacterium;s__Faecalibacterium_prausnitzii	-0.0139463047884	0.036939705917	0.031894562905	-0.20764139271	-0.00468587970733	-0.0901178353568	-0.0267298411031	1.0	-0.112041480377	-0.100988331442	0.0228202887735	-0.0273506745229	-0.0131421148419	-0.0116637135266	-0.10167795582	-0.0670562688999	-0.0125997110107	0.0246013082299	-0.132408043264	0.00637611510032	-0.0145162875037	-0.0497928364764	0.0247955594236	0.0379326504876	0.0651178033295	-0.0292830429203	-0.0566152859316	-0.12193487704	0.0565166996392	-0.039493269295	-0.0978983141557	-0.103531704736	-0.0768515647067	0.0638139487042	-0.0404836381748	-0.0782283468222	0.107909664055	0.0155181466967	-0.060783995405	-0.0542196315559	-0.00970919383616	0.0155759296313	-0.106256975442	0.00644432233542	-0.0993860100461	0.0321234614994	0.0229787134284	-0.0188933818924	-0.021944295484	0.0536138366712	-0.0231050402398	-0.012057542085	-0.104022731302	0.0384636942691	0.0767673981428	-0.0316226778058	-0.0942139526979	0.025941879111	0.00160517544757
k__Bacteria;p__Bacteroidetes;c__Bacteroidia;o__Bacteroidales;f__Rikenellaceae;g__Alistipes;s__Alistipes_finegoldii	-0.080555618821	-0.0085349155299	0.0459279151411	0.0514982447646	0.0625173303604	-0.0258951243404	-0.00713004029067	-0.112041480377	1.0	-0.0693077945825	-0.0366924605757	0.0428375146699	0.0482417424185	-0.0210384023489	0.0317191970526	-0.120296499722	-0.0405073877553	-0.0362575047875	-0.0997857263359	-0.100662186032	0.0423153940977	0.0733953781746	0.0608321950312	0.0499864175642	0.051473559504	-0.080318522275	0.0763165638623	-0.0435334537886	0.0495704453082	-0.103413472892	0.00770186549004	-0.0259969573658	0.0305536589829	-0.00567336291808	-0.0239005671087	0.0916807698205	0.0425493717453	-0.0100318721767	-0.134578612964	-0.0300554197063	0.00500847210865	-0.0613691625197	-0.0110474122427	-0.0744972375113	-0.0600166234338	-0.0874049740245	-0.0888149261512	-0.0749033624634	-0.0360946544509	-0.100238512014	-0.0938097776524	-0.0164767357676	0.0488194601572	0.0760231487639	-0.117347281205	-0.122927350763	-0.0295833344587	0.0174851101492	0.0347536814543
k__Bacteria;p__Bacteroidetes;c__Bacteroidia;o__Bacteroidales;f__Porphyromonadaceae;g__Parabacteroides;s__Parabacteroides_distasonis	-0.0510518094448	-0.0421813964003	-0.0203500597291	-0.102900020744	-0.0885677071695	-0.0673581038356	0.0102682075255	-0.100988331442	-0.0693077945825	1.0	0.0342982529887	0.00456328762136	0.0352994325153	-0.058110624094	-0.00330611972074	-0.0916346524668	-0.095538366346	-0.0158977433216	-0.10278869127	-0.0536585408053	0.0116450163686	0.0992957099938	0.0450380022539	-0.04483631436	-0.0181388472955	0.0109506906803	-0.087232743364	0.0181317969067	-0.120967873319	-0.0374889181899	-0.0128441839089	-0.0404248017046	-0.127682827635	0.07710792077	5.79085039199e-05	-0.057804069938	0.00605183219274	-0.0789764110458	-0.0553168888579	-0.0593075157434	-0.0568508365923	-0.0445527625085	-0.0544218442537	-0.0940863906494	-0.0205152538118	0.0124407872736	-0.168657892152	-0.0179505156019	-0.0975157396909	-0.0505143174464	-0.0238277875174	0.0131334339493	0.0395827863106	-0.0726763114364	-0.0397649939512	-0.0619180618347	-0.0436493339689	-0.0256273093179	0.0341892200092
k__Bacteria;p__Bacteroidetes;c__Bacteroidia;o__Bacteroidales;f__Bacteroidaceae;g__Bacteroides;s__Bacteroides_thetaiotaomicron	-0.0104364996813	-0.0703407521667	-0.00475433000166	-0.0752374267514	-0.139955371998	-0.0389165171111	0.0245237615945	0.0228202887735	-0.0366924605757	0.0342982529887	1.0	-0.0355992815098	-0.00705231084268	0.0757048201634	-0.0119404715686	-0.0185067371689	-0.0183710833892	-0.0844753840614	-0.0477745362501	0.0193616089502	-0.0936043986305	0.0642755187783	-0.0927334566027	0.0169303116	-0.0906323155636	-0.0193111042671	0.0141991916592	-0.132612611439	-0.0286565980254	-0.0395167396161	-0.0562378744759	-0.0558711670262	-0.0545398848525	-0.0480234615093	-0.0254879624527	0.0135882363293	-0.0402070495321	-0.0196226924646	0.054603937342	0.0137581692522	-0.0263795568004	-0.136400239262	-0.0113742370709	0.0437327491171	0.0185159776179	0.0373635596074	-0.010948178074	-0.100640028643	-0.0771168416965	-0.0689049296207	-0.0334378152195	0.018618623715	0.0303869749952	-0.081195569731	-0.0940568366276	-0.013303242317	0.0220656447322	-0.113655141826	0.00121164417142
k__Bacteria;p__Bacteroidetes;c__Bacteroidia;o__Bacteroidales;f__Bacteroidaceae;g__Bacteroides;s__Bacteroides_coprocola	0.000482714855547	-0.0503556733934	0.0245918721128	-0.0887721107871	-0.058494292862	-0.0361919718296	-0.0545709514151	-0.0273506745229	0.0428375146699	0.00456328762136	-0.0355992815098	1.0	-0.0626068531007	0.0219236964805	-0.0485873131395	-0.0312704527955	-0.0750023843012	-0.119595279966	-0.111057949532	-0.182612690936	0.0296211200764	-0.0105009014455	-0.0587296727953	0.0890059430005	-0.0586252812768	-0.0294365497637	-0.000396505051537	-0.0729601058221	-0.100791026779	-0.0352760909264	-0.0642164162267	0.0364290690258	-0.0641691254035	-0.065274949029	-0.0182399865612	0.0724550395925	-0.015708289488	0.030103656964	0.0679428570007	-0.0829739761434	0.0182235839203	-0.0150724875741	-0.0384317871286	0.0689132455793	-0.0830871981794	-0.0481261336301	-0.0359628689943	0.0339203526892	0.0530819791687	-0.10968425859	-0.0671873352272	-0.0650687163923	-0.0605840221177	0.00631560952509	0.0712562500747	-0.00617476953877	0.0462886823879	-0.10623234309	-0.144535111735
k__Bacteria;p__Bacteroidetes;c__Bacteroidia;o__Bacteroidales;f__Bacteroidaceae;g__Bacteroides;s__Bacteroides_cellulosilyticus	0.0332216745479	0.0490338229964	-0.0501332600895	0.000651776703003	-0.0699733659637	-0.135799775836	0.0065721385456	-0.0131421148419	0.0482417424185	0.0352994325153	-0.00705231084268	-0.0626068531007	1.0	-0.0559201711051	-0.0662115541039	-0.0547006324843	0.0505520144376	-0.0268260877818	-0.0816637616299	-0.0935689176104	-0.0305682660633	0.0869602228154	-0.0940664428698	0.035524006407	-0.0177239068786	-0.0574504707055	-0.015032014339	0.032622043065	0.00283885741111	-0.00143775781906	0.0218941417791	-0.0790918382753	-0.0353836567056	0.0250237444756	0.0378193721992	-0.0486749502105	-0.0617279031467	-0.018934483726	-0.00570140788032	0.058620870094	-0.0988552274004	-0.0754129367762	0.0151229703679	0.0507913776897	-0.0115269306485	-0.0285082471949	-0.0642392034659	0.0225544822406	0.0244388935284	-0.0371288331024	0.0083657858096	-0.00480296393964	-0.0332863869281	-0.0558438098333	0.0719996979421	-0.0620355770612	0.00444507721977	0.00457606471901	-0.0439387634911
k__Bacteria;p__Bacteroidetes;c__Bacteroidia;o__Bacteroidales;f__Rikenellaceae;g__Alistipes;s__Alistipes_obesi	-0.0040820350743	-0.11619875555	0.004278589298	-0.0474223404551	0.0463757859513	0.0429597116842	-0.0614932009686	-0.0116637135266	-0.0210384023489	-0.058110624094	0.0757048201634	0.0219236964805	-0.0559201711051	1.0	-0.096774308911	0.0339736539904	-0.0542576442492	-0.00750394256022	-0.0872211408409	-0.0509691215895	-0.0830612589693	-0.0513412306112	-0.0486699774872	-0.0543896378876	0.0318347104338	-0.101348500795	0.00589245372725	0.0882727293449	0.0438963893488	-0.0852047396865	0.00333040155388	-0.0782206104664	0.120710378144	-0.138010301354	-0.0853573848419	0.0322537270021	-0.0291368080814	0.000171208705155	0.0631268556634	-0.0386223392339	-0.0760968351956	-0.0841593045563	-0.0953855532608	-0.00368357683554	0.0734227976254	-0.126134866536	0.0338404985182	-0.024236188502	0.0308443173407	-0.00279985724901	-0.146740510478	-0.079450815898	-0.0140985835473	-0.0229575581171	-0.113337637801	-0.0774875076853	0.043725984437	-0.108175564181	-0.0344518315053
k__Bacteria;p__Firmicutes;c__Clostridia;o__Clostridiales;f__Lachnospiraceae;g__;s__[Eubacterium]_rectale	0.0668817487303	0.0399005690683	0.0589046442302	-0.00723234455021	-0.0564304509172	-0.042279058881	-0.0577873200926	-0.10167795582	0.0317191970526	-0.00330611972074	-0.0119404715686	-0.0485873131395	-0.0662115541039	-0.096774308911	1.0	-0.100468333889	0.0200997807691	-0.0943732861132	-0.0188850910655	-0.061829396409	-0.0338534638456	-0.032508237078	-0.0519562067856	0.0420898225057	-0.0933022656698	0.0440207263488	0.0646728594831	0.00583491090837	-0.0525178057115	-0.150278987663	0.00594309794418	-0.0703387160983	0.0339919838772	0.0232278629393	-0.0792107398325	-0.00457300845813	-0.031111724434	-0.0634455321202	0.0306766433121	0.016863499815	-0.158669891431	-0.0499677435833	-0.0489362070934	0.0132032966059	-0.0905445147616	0.0678223988926	0.0145424950588	0.0308657526611	-0.0188583904701	-0.0483238818386	-0.218985859196	-0.123960908257	0.0539484600186	0.0484963046915	0.0143667583675	-0.154592988615	0.0583237944599	0.0333226454455	-0.146155177491
k__Bacteria;p__Bacteroidetes;c__Bacteroidia;o__Bacteroidales;f__Bacteroidaceae;g__Bacteroides;s__Bacteroides_plebeius	0.00138443446306	-0.00755728058624	-0.034821624184	0.0409694543322	-0.00595224194608	0.0184891587648	-0.0168514827647	-0.0670562688999	-0.120296499722	-0.0916346524668	-0.0185067371689	-0.0312704527955	-0.0547006324843	0.0339736539904	-0.100468333889	1.0	-0.0413746261277	-0.0531180717808	-0.0314569492758	-0.018806217505	-0.0612518285721	-0.0553720774117	-0.0817486979434	-0.0813831280542	0.00328063041429	-0.00816650350625	-0.0866026656515	-0.0381737250633	-0.0750438782952	-0.0179628693137	-0.0196678318824	0.0496945541843	0.0232164448265	0.0193000136116	0.0882182022987	-0.121489993989	-0.0299285351306	-0.0178031732757	-0.130638723318	-0.148050928477	-0.0514629361861	0.0378310059369	-0.0575769343297	0.0420935245066	0.0278389056497	-0.165257995524	-0.0163159937573	-0.0197736085757	-0.0485438792157	-0.105954836877	0.0200979018129	0.0213861113011	-0.0993088830991	-0.0698245699143	0.0247584398165	0.0276333118297	0.0214488575272	0.0117831817979	-0.127178720193
k__Bacteria;p__Bacteroidetes;c__Bacteroidia;o__Bacteroidales;f__Bacteroidaceae;g__Bacteroides;s__Bacteroides_fragilis	-0.0750637374603	-0.0411454517511	0.0274690297385	-0.0419189441375	-0.0475782827293	0.00826870618125	-0.0285531048475	-0.0125997110107	-0.0405073877553	-0.095538366346	-0.0183710833892	-0.0750023843012	0.0505520144376	-0.0542576442492	0.0200997807691	-0.0413746261277	1.0	0.0546140902582	-0.0880617915944	-0.129168995472	0.0567735164931	-0.0514600384851	-0.148202638724	0.124792737022	0.0158782883901	-0.0132946741798	-0.0297744781363	-0.0374451682257	0.0533767265501	0.0328435925698	0.052847684506	-0.110639010505	0.0818549646301	-0.0247985724952	-0.0879175365256	-0.0418948815291	-0.0221946878593	-0.0540154359319	-0.0488168994611	-0.0722242850352	-0.0301995088927	-0.0496277327997	0.0865265970335	0.0512213737221	-0.049085357413	-0.0259522498888	-0.0631689748552	0.0242366564029	-0.0205148088615	-0.035138692881	0.0383808437504	0.0247262013009	-0.11357252105	-0.0277781050928	-0.0322571103936	-0.0102755465346	-0.0450831645494	-0.0940469021643	-0.145098704495
k__Bacteria;p__Proteobacteria;c__Betaproteobacteria;o__Burkholderiales;f__Sutterellaceae;g__Sutterella;s__Sutterella_wadsworthensis	-0.0529306206485	-0.114130041259	-0.0255805046899	0.0370600219193	-0.069304659129	-0.00445920560586	0.0438858189859	0.0246013082299	-0.0362575047875	-0.0158977433216	-0.0844753840614	-0.119595279966	-0.0268260877818	-0.00750394256022	-0.0943732861132	-0.0531180717808	0.0546140902582	1.0	-0.0746427554834	0.00360790212966	-0.00629352628596	-0.0652356977243	-0.133388536737	0.0035559758486	0.0106430523647	-0.0206809369476	-0.0927934892392	0.0399568152229	0.02059110377	-0.0239939195914	0.00202389308406	-0.0646821968567	-0.0101374807973	-0.0128983659155	-0.0818194296402	-0.0573349939536	-0.0605905245511	0.0924808498575	-0.0912752694643	-0.0310952665433	0.0247296286633	-0.00996337006417	-0.0533206337418	-0.0182813674057	-0.0033978734822	-0.0745441692521	-0.119226104729	-0.0827109391298	-0.0709096461082	0.0314781936495	0.00332031439931	-0.0171266693462	-0.0747519348284	-0.0754289655936	-0.142722014422	-0.0362015826541	-0.0643441329997	-0.0840482897807	-0.0320959709593
k__Bacteria;p__Bacteroidetes;c__Bacteroidia;o__Bacteroidales;f__Porphyromonadaceae;g__Barnesiella;s__Barnesiella_intestinihominis	-0.0634388457869	-0.0312153707179	0.004311381573	0.00660808921346	-0.0849344413548	-0.0221360117598	-0.0343322472269	-0.132408043264	-0.0997857263359	-0.10278869127	-0.0477745362501	-0.111057949532	-0.0816637616299	-0.0872211408409	-0.0188850910655	-0.0314569492758	-0.0880617915944	-0.0746427554834	1.0	0.00805518635224	-0.0334221991748	-0.0761736114154	0.0707544750495	-0.0799713745037	0.0541541358369	0.0386813988572	0.0114052975148	-0.0574692387494	-0.000193392740454	0.00855602725579	-0.0344307055911	0.044804447252	-0.100193715915	-0.029802668249	0.00216143273429	0.0292114934621	-0.0393889429371	-0.0298274563661	-0.112988595172	-0.0721145412714	-0.0278012294822	0.0116663814301	-0.0476391733737	-0.0749961964116	-0.0529430289419	-0.0751860946464	-0.0418611940009	0.046745954264	-0.0177746082843	0.00434840693926	-0.0516639342017	0.0224195645661	0.00736633572159	-0.0182621347669	-0.0637240408551	-0.0169334478536	0.0428541337254	-0.0171213803749	-0.0522197798655
k__Bacteria;p__Bacteroidetes;c__Bacteroidia;o__Bacteroidales;f__Odoribacteraceae;g__Odoribacter;s__Odoribacter_splanchnicus	0.0899517768887	-0.0553909724022	-0.109621163685	0.0187636245484	-0.00670236853206	0.0564290372193	-0.0714532346737	0.00637611510032	-0.100662186032	-0.0536585408053	0.0193616089502	-0.182612690936	-0.0935689176104	-0.0509691215895	-0.061829396409	-0.018806217505	-0.129168995472	0.00360790212966	0.00805518635224	1.0	-0.105222434556	-0.132221740363	0.00623586250047	-0.127362479752	0.0173358643939	0.103838923625	-0.125167511956	-0.0542554108919	-0.0427032933079	-0.0366123186063	-0.0884770053812	-0.115406766683	-0.0824385518125	-0.026042183898	0.0476811312524	-0.0502921361964	0.0646688898791	-0.0389968822139	-0.0336836190402	-0.0654822852911	-0.0281321785173	0.0050873158427	0.00459988230179	-0.031487149898	-0.112765772898	-0.115921019361	-0.029232676714	-0.174580292543	-0.0377010894043	-0.0209063415018	-0.0990040619765	-0.136991073826	-0.0487681477758	-0.0381657090751	0.0794583717938	-0.0722503330422	0.00601637389699	-0.0119484250877	0.0705241191823
k__Bacteria;p__Bacteroidetes;c__Bacteroidia;o__Bacteroidales;f__Bacteroidaceae;g__Bacteroides;s__Bacteroides_salyersiae	0.0376408928979	0.0109169852348	-0.053726881132	-0.0320222000368	-0.130071457065	-0.0400338099152	0.0142288286641	-0.0145162875037	0.0423153940977	0.0116450163686	-0.0936043986305	0.0296211200764	-0.0305682660633	-0.0830612589693	-0.0338534638456	-0.0612518285721	0.0567735164931	-0.00629352628596	-0.0334221991748	-0.105222434556	1.0	-0.112121326051	0.00721085622111	0.0150285554991	-0.0853573262059	0.0110040460453	-0.0516728907582	-0.0013591665957	-0.0511560223439	0.00753520117772	-0.00762038177715	-0.00694677297688	0.0314341629364	-0.173579476382	-0.006227041992	0.00071768541694	0.144729893615	-0.0846859881025	-0.0291990358407	0.00726805515539	0.0512198298443	0.0498792538404	-0.0129447416032	-0.0708015943775	-0.121389538127	0.0143190828973	-0.0824011724516	-0.111733577234	0.0152197574894	0.0258079420751	-0.0676702938514	-0.0945531330077	-0.119848611468	-0.0288415861609	-0.0400582835817	-0.0120857947037	-0.0584997050714	-0.101145004728	-0.0426974522151
k__Bacteria;p__Firmicutes;c__Clostridia;o__Clostridiales;f__Ruminococcaceae;g__Ruminiclostridium;s__[Eubacterium]_siraeum	-0.0906409299388	-0.0020406622299	-0.0367497902	-0.059452045036	-0.00870405380618	-0.0831353633847	-0.0333509834848	-0.0497928364764	0.0733953781746	0.0992957099938	0.0642755187783	-0.0105009014455	0.0869602228154	-0.0513412306112	-0.032508237078	-0.0553720774117	-0.0514600384851	-0.0652356977243	-0.0761736114154	-0.132221740363	-0.112121326051	1.0	6.97911136695e-05	0.0549157889361	-0.0838509604575	0.0162099811776	-0.0507891008231	-0.0442339072403	-0.115642709436	0.0937139733663	-0.0557049934324	-0.0321881566564	-0.0586071479982	-0.00842951570114	-0.00894090822786	-0.0480851830548	0.0921103875561	-0.161062064671	-0.0137972303668	0.0567050484028	-0.0656432084132	0.0305514416472	-0.0676505687696	0.0189268224264	-0.0807398283666	-0.00385500099293	0.0351791518518	-0.0854571814694	-0.108542029549	-0.0799062834301	-0.0762528066787	-0.00693881923947	0.0290659358058	-0.0476106689467	-0.0161813457941	-0.0689863989238	-0.0370367855596	0.0769994379414	0.0733775295513
k__Bacteria;p__Proteobacteria;c__Betaproteobacteria;o__Burkholderiales;f__Sutterellaceae;g__Parasutterella;s__Parasutterella_excrementihominis	0.00523006779208	-0.0487768140985	0.00561821493882	0.0123897182893	0.00230047967734	-0.0442262006899	0.0172330095669	0.0247955594236	0.0608321950312	0.0450380022539	-0.0927334566027	-0.0587296727953	-0.0940664428698	-0.0486699774872	-0.0519562067856	-0.0817486979434	-0.148202638724	-0.133388536737	0.0707544750495	0.00623586250047	0.00721085622111	6.97911136695e-05	1.0	-0.042541816739	0.0912413037521	-0.0306736205663	-0.0475752143823	-0.0787199910199	-0.050836227408	-0.0611373751074	-0.0309173411246	-0.011241915802	0.0245489718327	-0.138267559097	0.0114597678121	0.0387696350859	-0.00521507432358	0.0322559040251	-0.0812032141322	0.0259199471727	-0.0658389309513	-0.0370199917075	-0.0367996336641	-0.040442199485	-0.0335138254596	0.0378571514983	-0.0532091716435	-0.0239351745377	-0.0490874740257	-0.0512899947382	-0.0411882495692	-0.0224443004194	0.0638821736444	-0.0573277109768	-0.0243984073285	0.0345912921099	-0.115835916858	-0.0315059875831	-0.0217413795727
k__Bacteria;p__Actinobacteria;c__Actinobacteria;o__Bifidobacteriales;f__Bifidobacteriaceae;g__Bifidobacterium;s__Bifidobacterium_adolescentis	0.0162437669755	-0.0525708582984	-0.0695456346856	0.00372324892035	0.0925527070574	-0.0485753441774	-0.162252842268	0.0379326504876	0.0499864175642	-0.04483631436	0.0169303116	0.0890059430005	0.035524006407	-0.0543896378876	0.0420898225057	-0.0813831280542	0.124792737022	0.0035559758486	-0.0799713745037	-0.127362479752	0.0150285554991	0.0549157889361	-0.042541816739	1.0	-0.0532319996397	0.0464172270278	-0.0133393153621	-0.094676486212	-0.128964347702	-0.0583918612161	0.0328849364263	0.0802611820755	-0.00142516625593	-0.0559388845348	-0.0106607215045	-0.000126113008964	-0.0126032605793	-0.0587464749914	0.0253060611523	-0.00789703891215	-0.116308983007	-0.00443054416439	0.0332395851838	-0.0408552507585	-0.127016245616	-0.0509497213015	-0.0218939765335	-0.0222751433471	-0.0681491002921	-0.00308602163646	-0.0643481040158	0.0626736617015	-0.00844655943499	0.00113710237981	-0.0035469183358	-0.00926691963206	0.0720763684294	-0.0288184544819	-0.0772583316962
k__Bacteria;p__Firmicutes;c__Clostridia;o__Clostridiales;f__Oscillospiraceae;g__Oscillibacter;s__Oscillibacter_sp._KLE_1745	0.0191850033567	-0.0219375758901	0.0128676752428	-0.0162400953306	-0.0119091209464	-0.0286962949235	-0.0227056205941	0.0651178033295	0.051473559504	-0.0181388472955	-0.0906323155636	-0.0586252812768	-0.0177239068786	0.0318347104338	-0.0933022656698	0.00328063041429	0.0158782883901	0.0106430523647	0.0541541358369	0.0173358643939	-0.0853573262059	-0.0838509604575	0.0912413037521	-0.0532319996397	1.0	-0.0637497098793	-0.0248718882772	0.0206099327259	0.0201709945903	0.00668445458517	-0.0600124235828	0.0224740628255	-0.0895081041751	-0.0273207295705	0.0423196322014	-0.107202426597	-0.0635872656665	-0.0412886562459	-0.0235117914991	0.0343118677372	-0.0330033540266	-0.0422679581043	-0.108499815491	-0.0349157648917	0.0470057744923	-0.111119600788	-0.0633947410426	-0.0815486837074	0.000251562929617	-0.0910676201182	0.0520726837596	0.0269233301961	-0.055659862643	-0.0710009403887	0.00236269800113	-0.0415574287962	-0.0574375035853	-0.0938049212029	-0.0306249453252
k__Bacteria;p__Bacteroidetes;c__Bacteroidia;o__Bacteroidales;f__Bacteroidaceae;g__Bacteroides;s__Bacteroides_coprophilus	-0.0673052277221	0.00571025457137	-0.145978573168	0.061721437625	-0.143527025883	-0.0851943070761	-0.00839798360674	-0.0292830429203	-0.080318522275	0.0109506906803	-0.0193111042671	-0.0294365497637	-0.0574504707055	-0.101348500795	0.0440207263488	-0.00816650350625	-0.0132946741798	-0.0206809369476	0.0386813988572	0.103838923625	0.0110040460453	0.0162099811776	-0.0306736205663	0.0464172270278	-0.0637497098793	1.0	0.0114867064622	0.0397978240322	-0.0150787412341	-0.0462179617816	-0.0710431905471	-0.0191939883878	-0.0164703753344	0.136723620453	-0.029448737533	0.0867815369186	-0.0206914332149	-0.0591036092271	-0.0867481348623	-0.153196558406	-0.0528797853839	0.0113473906137	-0.096661294052	-0.0222308948189	-0.00296108640134	-0.0138967186607	-0.0883824815714	0.00942212785673	-0.000813565690169	-0.0233749036636	0.0216184643809	-0.0436149836804	0.0264424496139	-0.0740496627571	-0.0501165837844	-0.123050163439	-0.0585271311621	-0.0654951174885	-0.153600503265
k__Bacteria;p__Firmicutes;c__Clostridia;o__Clostridiales;f__Lachnospiraceae;g__Roseburia;s__Roseburia_intestinalis	-0.0770023647065	-0.105039351539	0.00449472105355	-0.0787599782583	0.0721599952377	-0.0421969452035	-0.0792786443897	-0.0566152859316	0.0763165638623	-0.087232743364	0.0141991916592	-0.000396505051537	-0.015032014339	0.00589245372725	0.0646728594831	-0.0866026656515	-0.0297744781363	-0.0927934892392	0.0114052975148	-0.125167511956	-0.0516728907582	-0.0507891008231	-0.0475752143823	-0.0133393153621	-0.0248718882772	0.0114867064622	1.0	0.0360215686878	0.0691327287552	-0.0400786284287	-0.00176255785169	0.00687220962078	-0.0531658761619	0.000961539114295	-0.00594450744699	-0.0036004372473	0.0242018733039	-0.0662252532662	-0.0887222300859	0.0645765843929	-0.112280744022	-0.0231591800398	-0.048377691378	-0.0529676007333	-0.129340077925	-0.0246839831481	0.0240044519335	0.0161379224166	-0.035068047834	-0.0657379860627	-0.0178125200435	-0.0972906383614	0.0311026445449	0.064997081874	-0.00340321864817	-0.0720583233686	0.00380733706134	-0.0500877709646	0.0335709878711
k__Bacteria;p__Firmicutes;c__Clostridia;o__Clostridiales;f__Lachnospiraceae;g__Roseburia;s__Roseburia_hominis	0.0140282548681	-0.0560576011406	0.00592249197639	-0.0294503179826	0.018612834805	-0.0618025229994	-0.115623187187	-0.12193487704	-0.0435334537886	0.0181317969067	-0.132612611439	-0.0729601058221	0.032622043065	0.0882727293449	0.00583491090837	-0.0381737250633	-0.0374451682257	0.0399568152229	-0.0574692387494	-0.0542554108919	-0.0013591665957	-0.0442339072403	-0.0787199910199	-0.094676486212	0.0206099327259	0.0397978240322	0.0360215686878	1.0	-0.0126139387248	-0.0991280128188	0.039629607989	-0.0746673769874	-0.0430232811767	-0.0316429350539	-0.0630457576374	-0.00190636709247	-0.0120645991212	0.0712759438539	-0.0101977037415	-0.00418001244309	0.121099316452	-0.00548867547826	-0.0169291058989	-0.0976475162362	-0.00870997841611	-0.145769418297	-0.0402455792781	-0.0979526562591	-0.0652014333431	-0.0567348704295	-0.0485840005861	-0.0404210595097	-0.109626368977	-0.0582230760615	-0.0835468448899	-0.0192174429168	0.00565477663777	-0.0719283248432	-0.0208725274851
k__Bacteria;p__Bacteroidetes;c__Bacteroidia;o__Bacteroidales;f__Porphyromonadaceae;g__Parabacteroides;s__Parabacteroides_johnsonii	-0.0621084647573	0.0299021309751	-0.0577419249521	-0.128309999455	0.0265667422593	0.0640648112747	0.000852459032927	0.0565166996392	0.0495704453082	-0.120967873319	-0.0286565980254	-0.100791026779	0.00283885741111	0.0438963893488	-0.0525178057115	-0.0750438782952	0.0533767265501	0.02059110377	-0.000193392740454	-0.0427032933079	-0.0511560223439	-0.115642709436	-0.050836227408	-0.128964347702	0.0201709945903	-0.0150787412341	0.0691327287552	-0.0126139387248	1.0	-0.0969474410898	0.0376271105922	-0.0300132240067	-0.0245821731536	-0.120614941121	-0.0728990364253	-0.100621396424	-0.0103950530597	0.0157360995228	-0.0762741865539	0.0396058605835	-0.00425504866088	-0.0399051367332	-0.0852999720248	-0.0286129703602	-0.0518531860327	0.0828896180387	-0.0314915885677	-0.0683692143439	-0.0164694927589	-0.040269398037	-0.0123089084914	-0.0580711918858	-0.0132058094085	-0.0308930398292	0.0227471091644	-0.0246332209624	-0.0947993624407	0.00456020504684	0.025530451932
k__Bacteria;p__Actinobacteria;c__Actinobacteria;o__Bifidobacteriales;f__Bifidobacteriaceae;g__Bifidobacterium;s__Bifidobacterium_longum	-0.138718496151	-0.0198048818482	0.0242271598737	0.0694251236066	0.0586517840939	-0.0795478742431	-0.00489162070391	-0.039493269295	-0.103413472892	-0.0374889181899	-0.0395167396161	-0.0352760909264	-0.00143775781906	-0.0852047396865	-0.150278987663	-0.0179628693137	0.0328435925698	-0.0239939195914	0.00855602725579	-0.0366123186063	0.00753520117772	0.0937139733663	-0.0611373751074	-0.0583918612161	0.00668445458517	-0.0462179617816	-0.0400786284287	-0.0991280128188	-0.0969474410898	1.0	-0.107483799381	-0.0128479740688	-0.0507633767339	-0.0226476370995	-0.0838858811976	-0.036355662098	0.0486978153417	-0.0581390609898	-0.127616595258	-0.0427138674739	-0.0398457730842	-0.0412249613408	0.0346757390512	0.0371799467679	0.0136792007124	-0.124353489153	-0.135953158523	-0.0302449008801	0.0384690916185	-0.0547150448498	0.0554085776055	-0.0516802580025	0.0030401422307	-0.0621064068399	-0.0396727272909	0.0223550715556	-0.000887700637546	-0.0584553294745	-0.0857791108696
