#taxonomy	k__Bacteria;p__Bacteroidetes;c__Bacteroidia;o__Bacteroidales;f__Bacteroidaceae;g__Bacteroides;s__Bacteroides_vulgatus	k__Bacteria;p__Bacteroidetes;c__Bacteroidia;o__Bacteroidales;f__Bacteroidaceae;g__Bacteroides;s__Bacteroides_uniformis	k__Bacteria;p__Bacteroidetes;c__Bacteroidia;o__Bacteroidales;f__Rikenellaceae;g__Alistipes;s__Alistipes_putredinis	k__Bacteria;p__Bacteroidetes;c__Bacteroidia;o__Bacteroidales;f__Prevotellaceae;g__Prevotella;s__Prevotella_copri	k__Bacteria;p__Bacteroidetes;c__Bacteroidia;o__Bacteroidales;f__Bacteroidaceae;g__Bacteroides;s__Bacteroides_stercoris	k__Bacteria;p__Bacteroidetes;c__Bacteroidia;o__Bacteroidales;f__Bacteroidaceae;g__Bacteroides;s__Bacteroides_ovatus	k__Bacteria;p__Bacteroidetes;c__Bacteroidia;o__Bacteroidales;f__Rikenellaceae;g__Alistipes;s__Alistipes_shahii	k__Bacteria;p__Firmicutes;c__Clostridia;o__Clostridiales;f__Ruminococcaceae;g__Faecalibacterium;s__Faecalibacterium_prausnitzii	k__Bacteria;p__Bacteroidetes;c__Bacteroidia;o__Bacteroidales;f__Rikenellaceae;g__Alistipes;s__Alistipes_finegoldii	k__Bacteria;p__Bacteroidetes;c__Bacteroidia;o__Bacteroidales;f__Porphyromonadaceae;g__Parabacteroides;s__Parabacteroides_distasonis	k__Bacteria;p__Bacteroidetes;c__Bacteroidia;o__Bacteroidales;f__Bacteroidaceae;g__Bacteroides;s__Bacteroides_thetaiotaomicron	k__Bacteria;p__Bacteroidetes;c__Bacteroidia;o__Bacteroidales;f__Bacteroidaceae;g__Bacteroides;s__Bacteroides_coprocola	k__Bacteria;p__Bacteroidetes;c__Bacteroidia;o__Bacteroidales;f__Bacteroidaceae;g__Bacteroides;s__Bacteroides_cellulosilyticus	k__Bacteria;p__Bacteroidetes;c__Bacteroidia;o__Bacteroidales;f__Rikenellaceae;g__Alistipes;s__Alistipes_obesi	k__Bacteria;p__Firmicutes;c__Clostridia;o__Clostridiales;f__Lachnospiraceae;g__;s__[Eubacterium]_rectale	k__Bacteria;p__Bacteroidetes;c__Bacteroidia;o__Bacteroidales;f__Bacteroidaceae;g__Bacteroides;s__Bacteroides_plebeius	k__Bacteria;p__Bacteroidetes;c__Bacteroidia;o__Bacteroidales;f__Bacteroidaceae;g__Bacteroides;s__Bacteroides_fragilis	k__Bacteria;p__Proteobacteria;c__Betaproteobacteria;o__Burkholderiales;f__Sutterellaceae;g__Sutterella;s__Sutterella_wadsworthensis	k__Bacteria;p__Bacteroidetes;c__Bacteroidia;o__Bacteroidales;f__Porphyromonadaceae;g__Barnesiella;s__Barnesiella_intestinihominis	k__Bacteria;p__Bacteroidetes;c__Bacteroidia;o__Bacteroidales;f__Odoribacteraceae;g__Odoribacter;s__Odoribacter_splanchnicus	k__Bacteria;p__Bacteroidetes;c__Bacteroidia;o__Bacteroidales;f__Bacteroidaceae;g__Bacteroides;s__Bacteroides_salyersiae	k__Bacteria;p__Firmicutes;c__Clostridia;o__Clostridiales;f__Ruminococcaceae;g__Ruminiclostridium;s__[Eubacterium]_siraeum	k__Bacteria;p__Proteobacteria;c__Betaproteobacteria;o__Burkholderiales;f__Sutterellaceae;g__Parasutterella;s__Parasutterella_excrementihominis	k__Bacteria;p__Actinobacteria;c__Actinobacteria;o__Bifidobacteriales;f__Bifidobacteriaceae;g__Bifidobacterium;s__Bifidobacterium_adolescentis	k__Bacteria;p__Firmicutes;c__Clostridia;o__Clostridiales;f__Oscillospiraceae;g__Oscillibacter;s__Oscillibacter_sp._KLE_1745	k__Bacteria;p__Bacteroidetes;c__Bacteroidia;o__Bacteroidales;f__Bacteroidaceae;g__Bacteroides;s__Bacteroides_coprophilus	k__Bacteria;p__Firmicutes;c__Clostridia;o__Clostridiales;f__Lachnospiraceae;g__Roseburia;s__Roseburia_intestinalis	k__Bacteria;p__Firmicutes;c__Clostridia;o__Clostridiales;f__Lachnospiraceae;g__Roseburia;s__Roseburia_hominis	k__Bacteria;p__Bacteroidetes;c__Bacteroidia;o__Bacteroidales;f__Porphyromonadaceae;g__Parabacteroides;s__Parabacteroides_johnsonii	k__Bacteria;p__Actinobacteria;c__Actinobacteria;o__Bifidobacteriales;f__Bifidobacteriaceae;g__Bifidobacterium;s__Bifidobacterium_longum	k__Bacteria;p__Firmicutes;c__Clostridia;o__Clostridiales;f__;g__Flavonifractor;s__Flavonifractor_plautii	k__Bacteria;p__Firmicutes;c__Clostridia;o__Clostridiales;f__Clostridiaceae;g__Clostridium;s__Clostridium_phoceensis	k__Bacteria;p__Verrucomicrobia;c__Verrucomicrobiae;o__Verrucomicrobiales;f__Akkermansiaceae;g__Akkermansia;s__Akkermansia_muciniphila	k__Bacteria;p__Bacteroidetes;c__Bacteroidia;o__Bacteroidales;f__Prevotellaceae;g__Paraprevotella;s__Paraprevotella_xylaniphila	k__Bacteria;p__Firmicutes;c__Clostridia;o__Clostridiales;f__Ruminococcaceae;g__Ruminococcus;s__Ruminococcus_callidus	k__Bacteria;p__Bacteroidetes;c__Bacteroidia;o__Bacteroidales;f__Rikenellaceae;g__Alistipes;s__Alistipes_senegalensis	k__Bacteria;p__Firmicutes;c__Clostridia;o__Clostridiales;f__Lachnospiraceae;g__Blautia;s__Blautia_sp._KLE_1732	k__Bacteria;p__Bacteroidetes;c__Bacteroidia;o__Bacteroidales;f__Bacteroidaceae;g__Bacteroides;s__Bacteroides_oleiciplenus	k__Bacteria;p__Firmicutes;c__Clostridia;o__Clostridiales;f__Ruminococcaceae;g__Ruminococcus;s__Ruminococcus_bicirculans	k__Bacteria;p__Bacteroidetes;c__Bacteroidia;o__Bacteroidales;f__Bacteroidaceae;g__Bacteroides;s__Bacteroides_fluxus	k__Bacteria;p__Bacteroidetes;c__Bacteroidia;o__Bacteroidales;f__Prevotellaceae;g__Prevotella;s__Prevotella_stercorea	k__Bacteria;p__Firmicutes;c__Clostridia;o__Clostridiales;f__Lachnospiraceae;g__Dorea;s__Dorea_longicatena	k__Bacteria;p__Firmicutes;c__Clostridia;o__Clostridiales;f__Eubacteriaceae;g__Eubacterium;s__[Eubacterium]_eligens	k__Bacteria;p__Firmicutes;c__Clostridia;o__Clostridiales;f__Ruminococcaceae;g__;s__Ruminococcaceae_bacterium_D16	k__Bacteria;p__Firmicutes;c__Clostridia;o__Clostridiales;f__Lachnospiraceae;g__Coprococcus;s__Coprococcus_comes	k__Bacteria;p__Proteobacteria;c__Gammaproteobacteria;o__Enterobacterales;f__Enterobacteriaceae;g__Escherichia;s__Escherichia_coli	k__Bacteria;p__Firmicutes;c__Clostridia;o__Clostridiales;f__Ruminococcaceae;g__Anaerotruncus;s__Anaerotruncus_colihominis	k__Bacteria;p__Firmicutes;c__Clostridia;o__Clostridiales;f__Lachnospiraceae;g__Blautia;s__Blautia_obeum	k__Bacteria;p__Bacteroidetes;c__Bacteroidia;o__Bacteroidales;f__Odoribacteraceae;g__Odoribacter;s__Odoribacter_laneus	k__Bacteria;p__Firmicutes;c__Clostridia;o__Clostridiales;f__Ruminococcaceae;g__Ruminiclostridium;s__[Clostridium]_leptum	k__Bacteria;p__Bacteroidetes;c__Bacteroidia;o__Bacteroidales;f__Porphyromonadaceae;g__Parabacteroides;s__Parabacteroides_goldsteinii	k__Bacteria;p__Firmicutes;c__Clostridia;o__Clostridiales;f__Lachnospiraceae;g__Anaerostipes;s__Anaerostipes_hadrus	k__Bacteria;p__Firmicutes;c__Clostridia;o__Clostridiales;f__Ruminococcaceae;g__Ruminococcus;s__Ruminococcus_lactaris	k__Bacteria;p__Firmicutes;c__Clostridia;o__Clostridiales;f__Clostridiaceae;g__Clostridium;s__Clostridium_sp._L2-50	k__Bacteria;p__Firmicutes;c__Clostridia;o__Clostridiales;f__Clostridiaceae;g__Clostridium;s__Clostridium_sp._M62/1	k__Bacteria;p__Firmicutes;c__Clostridia;o__Clostridiales;f__;g__Intestinimonas;s__Intestinimonas_butyriciproducens	k__Bacteria;p__Actinobacteria;c__Actinobacteria;o__Bifidobacteriales;f__Bifidobacteriaceae;g__Bifidobacterium;s__Bifidobacterium_bifidum	k__Bacteria;p__Firmicutes;c__Negativicutes;o__Veillonellales;f__Veillonellaceae;g__Dialister;s__Dialister_invisus	k__Bacteria;p__Bacteroidetes;c__Bacteroidia;o__Bacteroidales;f__Bacteroidaceae;g__Bacteroides;s__Bacteroides_salanitronis
k__Bacteria;p__Bacteroidetes;c__Bacteroidia;o__Bacteroidales;f__Bacteroidaceae;g__Bacteroides;s__Bacteroides_vulgatus	1.0	0.00183615084567	-0.0780723710983	-0.0445421135128	-0.0281764702888	0.0162175315918	0.0151330689574	-0.0732292264722	0.0540450742724	-0.000389019409081	-0.0851435717524	0.0365893006558	-0.028789048789	-0.123374640915	0.0423485290421	-0.0671491209597	0.0189164567597	-0.042668866717	-0.0505076349494	0.0706467845294	-0.0541490375081	0.0137462590219	-0.0551016497481	-0.00866197903192	-0.0943381295184	0.0061961987057	-0.0173998546618	0.0621695559062	0.0400126055723	0.0729840803611	0.0879427791797	-0.0402429175593	-0.119216187147	-0.0674812929686	-0.00758540011142	-0.100345700575	0.0879604520924	-0.225214599535	0.016732056939	-0.0805236584394	0.0246716456855	-0.0301600579472	0.0474373458256	-0.0924953705082	0.0672655137868	-0.0544677816265	-0.0476961733778	-0.119749470033	-0.076007655368	-0.0521345495305	-0.0420461087096	-0.0960423044237	0.0045575908075	-0.000857527940001	-0.0449064668506	-0.0356406646276	-0.011639648698	-0.0101782334579	-0.0479045428573
k__Bacteria;p__Bacteroidetes;c__Bacteroidia;o__Bacteroidales;f__Bacteroidaceae;g__Bacteroides;s__Bacteroides_uniformis	0.00183615084567	1.0	-0.0426017936627	-0.008153652726	0.0773484864522	-0.0881221282473	-0.0535410305979	0.0411651081638	0.011364142496	0.0362554479358	-0.00260528778139	0.0248334893643	-0.0574172552268	0.00528178251008	0.0512123927733	0.0108343669415	0.08718012157	0.0262171679229	-0.100022598818	-0.0511752454405	-0.0380447635493	0.0311342052004	0.075193613662	-0.123123053167	-0.000833862462618	-0.10579141449	0.0719217157875	-0.0555397621021	-0.00858696884119	0.0750743037654	-0.0841185447237	-0.0848092814201	-0.0172266970787	0.0301959022918	-0.0148907012294	0.0346023525928	-0.0442990282248	0.0958003224445	-0.135959140963	-0.160120398091	-0.06731986126	-0.0610032281079	-0.0808488945567	0.0967251046717	-0.0146334061239	-0.00646008228861	-0.0432959977695	0.0549906545513	-0.0764923702879	-0.09339400967	-0.0631959840518	-0.00808706857348	-0.0769498242954	-0.0340051402992	-0.0339593591827	-0.0233707387457	-0.0455906251948	-0.0678017250756	0.0104654167211
k__Bacteria;p__Bacteroidetes;c__Bacteroidia;o__Bacteroidales;f__Rikenellaceae;g__Alistipes;s__Alistipes_putredinis	-0.0780723710983	-0.0426017936627	1.0	-0.0718231490804	0.0157806112727	0.00853914574237	0.0360782387022	-0.0311706360412	-0.176058459693	0.0325344364935	0.043354077052	-0.0339710036226	-0.113403051953	-0.0912388194849	0.0524765924424	-0.0256674259481	0.0467407594876	0.0150109996822	-0.0502717180815	0.0396487452831	-0.081267763854	-0.085403622033	-0.148205571143	0.0101148433914	0.00989720418495	-0.0189644717046	0.0321667080677	-0.0193678529765	-0.219012644166	0.0883701355275	-0.114235785914	-0.0193158755251	0.0480665656055	-0.0968866950659	0.0673457336251	0.0154208358735	0.0536298434276	0.0471961823277	-0.0374500994807	-0.0283079984393	-0.0524261718953	-0.0248185549885	-0.140470287716	-0.0581121580362	-0.100317721059	-0.0387597931113	0.0312832874559	-0.0254596427883	-0.0198973067086	-0.0291148741003	-0.00991063588134	0.0157485460042	0.0949930187216	-0.12981884372	-0.0377850841621	-0.0521469289592	-0.0037651006387	-0.103887693565	0.0531952844967
k__Bacteria;p__Bacteroidetes;c__Bacteroidia;o__Bacteroidales;f__Prevotellaceae;g__Prevotella;s__Prevotella_copri	-0.0445421135128	-0.008153652726	-0.0718231490804	1.0	-0.104098969222	0.00679238744366	-0.0402509601327	-0.0376334894596	-0.0742910499658	-0.146170372436	-0.110157272575	0.00731530880039	-0.0467851791702	-0.0187551033321	-0.0584711895552	-0.00990752111722	0.0653356263764	-0.0434899770792	-0.0566409312962	-0.0323014009498	0.00270927851807	-0.00996645954024	0.0839113639782	-0.0328868648415	-0.0433438330384	-0.0744645220869	-0.120570020582	-0.139202356573	-0.0455616044104	-0.107879591375	-0.0717939542606	-0.0659411781572	0.0801563820677	0.11541077414	-0.0285164166924	0.00148513938885	-0.108217724023	0.0340584196553	-0.0636469266434	-0.0521334584874	-0.00231332044941	-0.023728485206	0.0194061896018	0.0464707415365	5.30561351574e-05	0.0977859519243	-0.109286294639	-0.0379269865094	0.0139513671026	-0.0770098642398	0.0617633115224	-0.130412185419	0.00734119824841	0.0673903915859	-0.0386418030447	0.0161430782818	-0.0397073919144	-0.0648744310017	-0.0978077050422
k__Bacteria;p__Bacteroidetes;c__Bacteroidia;o__Bacteroidales;f__Bacteroidaceae;g__Bacteroides;s__Bacteroides_stercoris	-0.0281764702888	0.0773484864522	0.0157806112727	-0.104098969222	1.0	-0.0368321867162	-0.0714270106536	0.0733178822702	-0.0449468005194	0.0190984207743	0.0560939504234	-0.00800726385514	0.00185637427823	0.00542127309208	-0.0395561256176	0.0081242211491	-0.159155201151	-0.0157728112277	0.00968436175433	-0.0993612189568	-0.0171346792856	0.063612114649	-0.137462050584	-0.13030588554	-0.0705145497275	-0.00762731771677	-0.0643464806165	0.0108341978189	0.0121440561771	-0.0631903203575	0.035150734775	-0.0202032737245	0.0450932538334	0.00487309205897	-0.0440212326489	-0.105237185119	0.0136620718205	-0.10059841035	-0.00159934160062	0.0439909922352	-0.0754733364611	-0.0299302172224	-0.0481391916553	-0.0803892267581	-0.0248776295951	0.0223623551367	0.0434581938081	0.0734763370918	-0.02639189248	-0.0871608922374	0.135304625918	-0.00816468109718	-0.0961622362397	-0.064600960635	-0.027233212193	-0.0989540595268	-0.0386697244567	-0.0435698263008	0.0275356394034
k__Bacteria;p__Bacteroidetes;c__Bacteroidia;o__Bacteroidales;f__Bacteroidaceae;g__Bacteroides;s__Bacteroides_ovatus	0.0162175315918	-0.0881221282473	0.00853914574237	0.00679238744366	-0.0368321867162	1.0	-0.0463837741256	-0.0182964877889	0.0219921143376	0.0382232843881	-0.0772928379593	-0.101027882423	0.0252339438165	-0.104597457502	0.0494018236548	0.00163626312627	-0.0679926917557	-0.0971688481599	0.0917514546168	-0.0992396673487	-0.0222523100805	-0.0215636321157	0.0311574815854	0.0217211836878	0.0419075203226	0.069790389354	-0.00914981352196	0.0254936210405	-0.0132200140786	-0.0968080843768	-0.0564456527107	0.0671099615799	-0.157787918324	-0.0700127576466	0.0893352899141	-0.00841867622017	-0.0073477386015	-0.0942980924378	-0.034596876512	0.043966085246	-0.0481520284626	-0.0478527108155	-0.0524511502317	-0.0577710924504	-0.0215009477881	-0.00914191781832	-0.0866856227835	0.0173379227829	-0.0100482071477	-0.126219544762	0.0241314551962	-0.0591109778474	-0.031102719781	0.0586417533698	-0.0138863541963	-0.0497113510918	-0.0267045678267	-0.0555785107577	0.0715083166156
k__Bacteria;p__Bacteroidetes;c__Bacteroidia;o__Bacteroidales;f__Rikenellaceae;g__Alistipes;s__Alistipes_shahii	0.0151330689574	-0.0535410305979	0.0360782387022	-0.0402509601327	-0.0714270106536	-0.0463837741256	1.0	0.0537702860346	0.0434241985961	0.0135452746551	-0.0244318367521	-0.0753454935736	-0.0531005877511	-0.0935892937223	-0.0376744737157	0.0286911495107	0.0158385045564	0.01481072436	0.00475293430566	-0.114239850755	-0.0569140886542	0.00102374194428	0.0248559027837	-0.113940380459	0.0484695147287	-0.132030897117	-0.0778511258762	0.120486250272	-0.0512063032828	0.0161678523288	0.0359872299623	-0.13391093044	-0.0665404587779	-0.0477410759944	-0.0532962462424	0.00946901926162	0.0315000012252	-0.110500027774	-0.0696836771724	-0.0792459927009	-0.000448962372118	-0.0327268463934	0.101319711063	-0.0201717938276	0.0164016315228	0.00996078100416	-0.131237963597	-0.0281441183517	-0.100224566877	-0.0541475025494	0.0565769287014	-0.144797466499	0.0256564522548	-0.0101449603965	0.0101511617963	0.00730215063115	-0.0421176969522	-0.00396875024702	-0.0112457553995
k__Bacteria;p__Firmicutes;c__Clostridia;o__Clostridiales;f__Ruminococcaceae;g__Faecalibacterium;s__Faecalibacterium_prausnitzii	-0.0732292264722	0.0411651081638	-0.0311706360412	-0.0376334894596	0.0733178822702	-0.0182964877889	0.0537702860346	1.0	0.0490581880352	-0.0608587426929	0.0399525405695	0.00669317086865	-0.0933868412072	0.0985129684287	0.0221950166974	-0.0693609866351	0.0260719165424	-0.0326964509727	-0.0137768028502	-0.0670686296622	-0.0573779614848	0.044158161832	-0.00618290532528	-0.0870551408502	0.00394225832274	0.0161738782181	-0.00801768084514	-0.080706023513	-0.0282569226688	0.051082411349	0.0196006860365	-0.0669998030571	-0.111364851807	-0.0837837913231	-0.0683321866623	-0.0379318907511	-0.04782690823	-0.0244624272883	0.057266362552	-0.121255015171	-0.054631468104	-0.0709133712704	-0.00352166724562	-0.0196515329549	-0.0797194620006	-0.0629571586895	-0.110421763188	-0.177389033145	-0.0617541024742	-0.0669167766552	-0.0739920355486	-0.04402686982	0.0536804257134	-0.0951684136531	-0.0161577615831	0.0692926695806	0.04279960748	0.0528524862263	-0.054218627341
k__Bacteria;p__Bacteroidetes;c__Bacteroidia;o__Bacteroidales;f__Rikenellaceae;g__Alistipes;s__Alistipes_finegoldii	0.0540450742724	0.011364142496	-0.176058459693	-0.0742910499658	-0.0449468005194	0.0219921143376	0.0434241985961	0.0490581880352	1.0	0.0458655780901	-0.0539592525142	0.0939773758478	-0.137117466453	0.0284956733331	-0.0349548091354	-0.0155245424437	-0.0642203682992	-0.0476681644603	0.00361301354432	-0.0416063367441	-0.0628428499834	-0.00847619175081	-0.0232612445298	-0.0395621236859	-0.0736871809106	-0.0774160350952	-0.0980970450973	0.0606232782169	-0.0663679126252	-0.0512321244007	-0.0768629753007	-0.0863495554807	0.0445913582529	-0.054763488827	-0.0854135685953	-0.012004281675	0.0364729643573	-0.14966180336	0.00468847349029	0.0670116495292	-0.143372045049	-0.0370240488113	0.0657077800473	-0.0462754948483	-0.0202568293585	0.0187305739827	-0.116639754028	-0.0652230169425	-0.0215348172786	-0.0938629906024	-0.0191885542452	-0.0612909315347	-0.0933861371109	-0.0629936874683	-0.0159031938608	-0.0153335106188	-5.84364975689e-05	-0.0329222817644	-0.00720586312801
k__Bacteria;p__Bacteroidetes;c__Bacteroidia;o__Bacteroidales;f__Porphyromonadaceae;g__Parabacteroides;s__Parabacteroides_distasonis	-0.000389019409081	0.0362554479358	0.0325344364935	-0.146170372436	0.0190984207743	0.0382232843881	0.0135452746551	-0.0608587426929	0.0458655780901	1.0	0.101392356548	-0.090406713069	0.00199465705532	0.0387240232916	-0.0208089067354	-0.0515445231678	0.0259903943991	0.00337574618396	-0.0931000662018	-0.0290776452462	-0.0193978091489	0.0552255124398	-0.0676878076773	0.00624618809972	0.0477070041088	-0.00428647354536	-0.0663145515846	-0.0171893874697	-0.0277154429817	0.0121332410484	-0.0762106168112	0.00818342782761	-0.0119074942437	-0.0485525887864	0.0918686595838	0.00610786887542	-0.0841451730443	-0.0529875715154	0.00193256323069	-0.0130950816313	0.0227635252763	0.0104077693008	-0.0759592006971	0.0186851380092	-0.0301278956237	-0.0880870863138	-0.0941017508952	-0.0234796562143	-0.0671989766624	0.00479166598436	-0.0994620145538	-0.101104018559	-0.0700655149131	0.0111725936065	-0.0367315348035	-0.0843836674054	-0.0870152737038	0.00139413007709	-0.0554131012468
k__Bacteria;p__Bacteroidetes;c__Bacteroidia;o__Bacteroidales;f__Bacteroidaceae;g__Bacteroides;s__Bacteroides_thetaiotaomicron	-0.0851435717524	-0.00260528778139	0.043354077052	-0.110157272575	0.0560939504234	-0.0772928379593	-0.0244318367521	0.0399525405695	-0.0539592525142	0.101392356548	1.0	0.00255679744929	0.106592544076	0.114795956737	-0.145349072534	0.00604222656083	-0.119852772923	-0.0833898169558	-0.0107943456952	-0.00371784879374	-0.0740476241597	-0.0789954349308	-0.0731952870657	-0.079301419541	0.0516476894544	-0.0652797544752	-0.0477275946802	0.0183357821149	0.0248280306095	0.0389776523175	-0.0839410598271	-0.0781379789488	-0.0108489242102	0.0664824987474	0.0550622532984	0.0327000279467	0.0968357783034	-0.103986260566	-0.0159013608739	0.00363961102952	-0.0354796788877	-0.00505961918111	-0.071668210257	0.102899171728	-0.0222508029029	0.00236343098246	0.00780004647874	-0.119416211224	-0.0852602805586	-0.0791005426642	-0.0962115503876	-0.0882595134505	-0.0156926384714	-0.0345721355579	-0.0110418394687	-0.118599988458	-0.0192921571112	-0.042153302523	-0.0528632000212
k__Bacteria;p__Bacteroidetes;c__Bacteroidia;o__Bacteroidales;f__Bacteroidaceae;g__Bacteroides;s__Bacteroides_coprocola	0.0365893006558	0.0248334893643	-0.0339710036226	0.00731530880039	-0.00800726385514	-0.101027882423	-0.0753454935736	0.00669317086865	0.0939773758478	-0.090406713069	0.00255679744929	1.0	0.00136912397494	-0.0396397972152	-0.0297204844719	-0.0438119986703	0.0708621519368	-0.0170880698714	-0.0301961308719	-0.0660025592041	-0.0463334995745	-0.110276732283	-0.104118294295	-0.144512115984	-0.00592530506278	0.0661803462911	-0.0885432263971	-0.0340070568333	0.0746188330888	0.0504753497988	-0.0589485377499	-0.0315358497349	0.0268721593314	0.0315341223282	-0.0339465471586	-0.00285856061382	0.0227050933535	-0.0690504927025	-0.0875019117992	-0.100196531952	-0.103328250559	-0.0591124044433	0.0370540257501	-0.0328529810688	-0.0400580587757	0.0240927282267	-0.075695583629	-0.0562871106958	-0.0463322411649	-0.0271641298234	-0.0930254254562	-0.0600134268617	-0.128891755255	-0.0073474492463	-0.0203239500023	-0.0521673575862	0.014690658552	0.0185849324123	0.0294714076213
k__Bacteria;p__Bacteroidetes;c__Bacteroidia;o__Bacteroidales;f__Bacteroidaceae;g__Bacteroides;s__Bacteroides_cellulosilyticus	-0.028789048789	-0.0574172552268	-0.113403051953	-0.0467851791702	0.00185637427823	0.0252339438165	-0.0531005877511	-0.0933868412072	-0.137117466453	0.00199465705532	0.106592544076	0.00136912397494	1.0	-0.0202955916529	-0.0570150041099	-0.00120731609821	-0.10572864081	-0.0187146859799	0.0599051874082	0.00377955294715	0.039819184936	-0.138743992662	-0.0430771741156	0.0168949268317	-0.114443208973	-0.104995764659	-0.0400098496767	-0.0245679575854	0.0933123517155	-0.0699793252475	-0.025885394583	-0.0536726162794	0.0240508882232	0.00167611014244	0.0489352847972	0.113664401025	-0.0416552514766	-0.0534433357158	-0.162564027352	0.0138703689969	-0.059924483792	-0.136493899735	-0.032003931651	-0.0203834322622	-0.0160142011345	-0.078521190202	0.0439531616874	0.00954225406851	-0.124208974843	-0.0684611442612	-0.122384337163	0.0388392074854	-0.0734736949023	0.0215231604756	-0.0680306367049	-0.0698683492356	-0.0824303355506	0.120925456372	0.0513503939464
k__Bacteria;p__Bacteroidetes;c__Bacteroidia;o__Bacteroidales;f__Rikenellaceae;g__Alistipes;s__Alistipes_obesi	-0.123374640915	0.00528178251008	-0.0912388194849	-0.0187551033321	0.00542127309208	-0.104597457502	-0.0935892937223	0.0985129684287	0.0284956733331	0.0387240232916	0.114795956737	-0.0396397972152	-0.0202955916529	1.0	-0.0928114776393	-0.104358072926	-0.123843925986	-0.0388693991245	0.0274086114495	-0.0885547462815	0.0705900950339	-0.094958174008	-0.0159535282225	-0.0499669551366	0.0330375504049	-0.0766038313304	-0.102824535731	-0.0254602475013	-0.0617080545394	-0.101124266968	-0.0236119626145	-0.00400713507043	0.0320358004295	-0.0840925445703	0.036335888101	0.0728492222887	0.0149406003054	-0.0393756279791	-0.132700216954	0.0226710461354	0.0219140188854	0.0478281335293	-0.0982543041662	0.015766083744	0.0108005488278	0.0247089219324	0.0569961773254	-0.0447994537343	-0.122194210326	0.0047300378428	0.0659684579016	-0.0452117849435	-0.0817946911157	-0.0634576913423	0.0718012878016	-0.0608673919476	-0.115313791552	-0.0213365343738	-0.147572141803
k__Bacteria;p__Firmicutes;c__Clostridia;o__Clostridiales;f__Lachnospiraceae;g__;s__[Eubacterium]_rectale	0.0423485290421	0.0512123927733	0.0524765924424	-0.0584711895552	-0.0395561256176	0.0494018236548	-0.0376744737157	0.0221950166974	-0.0349548091354	-0.0208089067354	-0.145349072534	-0.0297204844719	-0.0570150041099	-0.0928114776393	1.0	-0.0183860037542	0.0174953727602	-0.0408402166397	-0.0554680627036	-0.018450147775	-0.0873132748377	0.0854159038354	-0.0228872953699	-0.0152322064452	0.0491886289481	0.00569750592481	0.00693884774942	-0.0671451566831	-0.0594352159778	-0.0302854568213	-0.0682107450349	-0.0358845467486	0.0276189415031	-0.0166623180605	0.033127719143	-0.00643840101872	0.116207004396	-0.0595301237095	0.117667882436	-0.0152786037527	-0.0674063442801	-0.0932871070701	-0.0166049871889	-0.00432244741313	-0.0957401826039	-0.0835223043184	-0.10203084356	-0.130657433232	-0.0260286834394	-0.0972825756237	0.0423797403647	-0.00706127762919	-0.110593755196	0.00786788750174	-0.0930101055033	-0.0431917123051	-0.0392124628217	-0.134449082207	0.0289456420522
k__Bacteria;p__Bacteroidetes;c__Bacteroidia;o__Bacteroidales;f__Bacteroidaceae;g__Bacteroides;s__Bacteroides_plebeius	-0.0671491209597	0.0108343669415	-0.0256674259481	-0.00990752111722	0.0081242211491	0.00163626312627	0.0286911495107	-0.0693609866351	-0.0155245424437	-0.0515445231678	0.00604222656083	-0.0438119986703	-0.00120731609821	-0.104358072926	-0.0183860037542	1.0	-0.0100325339019	-0.146612770763	-0.0721030869592	-0.0143047022633	-0.045658701536	-0.00915817500638	-0.0497560437378	-0.0258200586806	-0.0594792453727	-0.151031656999	-0.102340593615	-0.00978751475423	0.0118600300755	-0.0964317846976	-0.129598245274	-0.0222423878774	-0.0280004436739	0.0196722505907	-0.0643380079703	-0.101865450227	-0.111509083462	0.0770485370931	-0.100147298595	0.00531827668138	-0.0398418047368	-0.0528734816156	0.0179864642565	-0.0182798524847	-0.0461007078388	0.0132315744762	-0.0384029545692	-0.0971390339237	0.0520910506677	0.0572751174415	-0.0159293189793	-0.0518906247161	0.0170350277617	0.0240647203652	-0.11848947661	0.00288452005739	0.0217435818518	-0.0707922745475	0.0565810872422
k__Bacteria;p__Bacteroidetes;c__Bacteroidia;o__Bacteroidales;f__Bacteroidaceae;g__Bacteroides;s__Bacteroides_fragilis	0.0189164567597	0.08718012157	0.0467407594876	0.0653356263764	-0.159155201151	-0.0679926917557	0.0158385045564	0.0260719165424	-0.0642203682992	0.0259903943991	-0.119852772923	0.0708621519368	-0.10572864081	-0.123843925986	0.0174953727602	-0.0100325339019	1.0	0.158331127788	0.0173052319088	-0.031998376991	-0.0962981901455	-0.0915127539921	-0.0461207617056	0.0683078366668	-0.0897274909986	-0.0100790451349	0.0429870484494	-0.00741331269427	0.0371192849429	0.0289424138188	-0.0564539867806	0.0523348049872	-0.0851195431558	0.0871796382847	-0.0706947981664	-0.0291855342026	-0.0294689460883	0.0188741053765	-0.0225981277991	-0.0899032489797	-0.0923765030319	-0.040269015594	-0.0437671369759	-0.0966506028691	-0.068659851617	-0.140028117665	-0.00428557653495	-0.0783435253612	-0.110199269506	0.0520771805557	-0.0721516704092	-0.107885981417	0.0524216545928	-0.0285651120833	-0.0749951137614	-0.0243898281171	-0.0218245315767	-0.0221016875147	0.0666722412763
k__Bacteria;p__Proteobacteria;c__Betaproteobacteria;o__Burkholderiales;f__Sutterellaceae;g__Sutterella;s__Sutterella_wadsworthensis	-0.042668866717	0.0262171679229	0.0150109996822	-0.0434899770792	-0.0157728112277	-0.0971688481599	0.01481072436	-0.0326964509727	-0.0476681644603	0.00337574618396	-0.0833898169558	-0.0170880698714	-0.0187146859799	-0.0388693991245	-0.0408402166397	-0.146612770763	0.158331127788	1.0	-0.0374263398861	-0.0982227771367	-0.0994469930949	-0.0188942199925	-0.0282666740463	-0.0435163365715	-0.188149287808	-0.0331929307706	0.036318023637	-0.0450120998824	-0.0130568584095	0.025673715567	-0.0232206561469	0.0361505366968	0.0254534627792	-0.00860196922219	-0.0308669842649	-0.0726407976236	-0.0272174560792	0.066639110555	-0.0197461074532	-0.0924378410851	-0.0565719131214	-0.0474278084624	0.0158411105231	-0.132545495342	-0.173200348223	-0.0375570676011	0.0429557470319	-0.0620773234602	-0.00948221538013	0.021266591077	-0.155270565214	-0.0772396106415	-0.0732140706033	0.0014789832281	0.0937668579754	-0.0660377701292	0.055857455982	-0.0842953922779	-0.0541433091509
k__Bacteria;p__Bacteroidetes;c__Bacteroidia;o__Bacteroidales;f__Porphyromonadaceae;g__Barnesiella;s__Barnesiella_intestinihominis	-0.0505076349494	-0.100022598818	-0.0502717180815	-0.0566409312962	0.00968436175433	0.0917514546168	0.00475293430566	-0.0137768028502	0.00361301354432	-0.0931000662018	-0.0107943456952	-0.0301961308719	0.0599051874082	0.0274086114495	-0.0554680627036	-0.0721030869592	0.0173052319088	-0.0374263398861	1.0	-0.0787752090074	0.0670642988046	-0.000194308875861	-0.114514310322	-0.0830892563407	-0.112782386396	-0.0652928971033	-0.0603960789193	-0.00707978686328	0.00444571207727	-0.0731622440287	-0.069227938341	-0.0768642315754	0.0231335818427	-0.017454909338	-0.00698144950028	0.0325544726411	-0.0305199574226	0.0230776619022	-0.044482002539	0.00196446928835	0.00120012797513	-0.00212323737129	-0.0403771000679	-0.000458642545771	0.102632334722	0.0634330552582	-0.0452061068431	0.072336346882	-0.100886033618	0.0236058441538	0.0157430849498	-0.0389345033774	-0.10186465307	0.0426001330403	-0.10199140828	-0.0920311140358	-0.0225953578452	0.00867303572679	0.0482023203399
k__Bacteria;p__Bacteroidetes;c__Bacteroidia;o__Bacteroidales;f__Odoribacteraceae;g__Odoribacter;s__Odoribacter_splanchnicus	0.0706467845294	-0.0511752454405	0.0396487452831	-0.0323014009498	-0.0993612189568	-0.0992396673487	-0.114239850755	-0.0670686296622	-0.0416063367441	-0.0290776452462	-0.00371784879374	-0.0660025592041	0.00377955294715	-0.0885547462815	-0.018450147775	-0.0143047022633	-0.031998376991	-0.0982227771367	-0.0787752090074	1.0	-0.00785551140421	0.0544106504989	-0.0521931204384	-0.0986906486891	-0.0910354743748	-0.00486909919921	0.0599485285758	-0.0401422316909	0.103521160161	0.0200762125179	0.0187847446548	-0.0194892175169	-0.0309366603082	-0.00462348227136	-0.0710554277171	0.0663805108612	0.0190323482235	-0.0393579400986	-0.0640057573647	-0.116576353433	-0.0368152874775	-0.0536618057945	-0.101645163636	0.0376552250668	-0.154691474614	-0.0222678588245	0.0194436275899	-0.0323079636049	-0.0899573666007	-0.000270233712594	-0.117063798431	-0.000104213904229	-0.0851485310498	-0.0532711423913	0.0188498865262	-0.0447113664582	0.0104036552878	-0.0509193832519	-0.0936426980969
k__Bacteria;p__Bacteroidetes;c__Bacteroidia;o__Bacteroidales;f__Bacteroidaceae;g__Bacteroides;s__Bacteroides_salyersiae	-0.0541490375081	-0.0380447635493	-0.081267763854	0.00270927851807	-0.0171346792856	-0.0222523100805	-0.0569140886542	-0.0573779614848	-0.0628428499834	-0.0193978091489	-0.0740476241597	-0.0463334995745	0.039819184936	0.0705900950339	-0.0873132748377	-0.045658701536	-0.0962981901455	-0.0994469930949	0.0670642988046	-0.00785551140421	1.0	-0.0258942294879	-0.126219262085	-0.141969248025	-0.0604764733946	0.0050770481108	0.0276840217392	-0.0233374607858	-0.0437177851169	-0.0540130773299	0.0742242263984	0.00521080768236	-0.124409351583	-0.0678941545024	0.01568642099	0.0290844590581	-0.0778617136753	-0.0914342897298	-0.0695012763312	0.0791949597141	0.0434349899053	0.10908376634	-0.0523951651139	0.0584886808902	-0.0345476802089	-0.0475633076769	0.0344666106982	0.124840206213	0.092274809983	-0.103222559633	-0.0179562970436	-0.0957762150946	-0.0210486302731	-0.0529682559472	-0.0438077793893	-0.0507449887067	0.0356843306992	0.0595527611765	-0.17190417894
k__Bacteria;p__Firmicutes;c__Clostridia;o__Clostridiales;f__Ruminococcaceae;g__Ruminiclostridium;s__[Eubacterium]_siraeum	0.0137462590219	0.0311342052004	-0.085403622033	-0.00996645954024	0.063612114649	-0.0215636321157	0.00102374194428	0.044158161832	-0.00847619175081	0.0552255124398	-0.0789954349308	-0.110276732283	-0.138743992662	-0.094958174008	0.0854159038354	-0.00915817500638	-0.0915127539921	-0.0188942199925	-0.000194308875861	0.0544106504989	-0.0258942294879	1.0	-0.026851143051	-0.0431310109222	-0.0569298790533	-0.0182546955566	0.0362757089072	-0.0355308101091	-0.045387858053	0.0512924176251	-0.0209845904216	-0.136931222838	-0.0379686815335	-0.0949526016792	-0.0650073002631	-0.0255093754797	-0.0145736817017	-0.058193839598	0.0997887775182	-0.0277439089021	-0.0796025797724	-0.0381227175832	0.00736584372408	-0.0634956209182	-0.0430944668283	-0.0471410389304	0.0361419119518	0.0195756333402	0.0462916929953	0.0406130769843	0.0277094188657	-0.0516922215475	-0.0908427888412	-0.0292283137083	0.00373913666861	-0.121727676761	-0.0662679082082	-0.0290859618685	-0.101318031858
k__Bacteria;p__Proteobacteria;c__Betaproteobacteria;o__Burkholderiales;f__Sutterellaceae;g__Parasutterella;s__Parasutterella_excrementihominis	-0.0551016497481	0.075193613662	-0.148205571143	0.0839113639782	-0.137462050584	0.0311574815854	0.0248559027837	-0.00618290532528	-0.0232612445298	-0.0676878076773	-0.0731952870657	-0.104118294295	-0.0430771741156	-0.0159535282225	-0.0228872953699	-0.0497560437378	-0.0461207617056	-0.0282666740463	-0.114514310322	-0.0521931204384	-0.126219262085	-0.026851143051	1.0	-0.0189886612778	-0.0527967478277	-0.120626047659	-0.0204256524862	-0.0139239171236	0.0131284720957	0.000420180795364	-0.0230241523766	0.0630168958689	-0.0747499469765	-0.0673602024078	-0.052097776606	-0.153649542885	-0.0761414304805	0.0683548939581	-0.0147922539187	-0.0305135038571	-0.0648188957179	0.0133212792848	0.0435747967548	-0.0262627619509	0.0342292736503	-0.0523769905461	-0.0142748135321	-0.0633160051572	-0.0356480302224	0.0862647429884	-0.0680833664544	0.0239131828403	0.00454973395961	-0.104542381393	0.00456187914209	0.0140633341929	-0.022669294365	-0.102964300213	0.0552617449794
k__Bacteria;p__Actinobacteria;c__Actinobacteria;o__Bifidobacteriales;f__Bifidobacteriaceae;g__Bifidobacterium;s__Bifidobacterium_adolescentis	-0.00866197903192	-0.123123053167	0.0101148433914	-0.0328868648415	-0.13030588554	0.0217211836878	-0.113940380459	-0.0870551408502	-0.0395621236859	0.00624618809972	-0.079301419541	-0.144512115984	0.0168949268317	-0.0499669551366	-0.0152322064452	-0.0258200586806	0.0683078366668	-0.0435163365715	-0.0830892563407	-0.0986906486891	-0.141969248025	-0.0431310109222	-0.0189886612778	1.0	-0.124465886916	-0.0303902804788	0.0192911832724	-0.0734037153049	0.00520375864771	-0.0164944440363	0.0457341390753	-0.0601786357453	0.0110021060743	-0.0114274531199	-0.00361981943421	0.0588256791796	0.0520247385418	0.0560816567651	-0.116985881697	-0.00926761728476	-0.06757114557	-0.0496374180189	-0.0162783813752	-0.00994156555315	-0.0178358955905	0.0507022646525	-0.00782458950569	0.0523268369625	-0.0542158018452	0.0349170235465	-0.0598064443508	0.0051073171998	-0.109652454651	0.0473741522674	-0.0633900258917	-0.0407074617414	0.00513405268239	-0.0761979443924	-0.123188581856
k__Bacteria;p__Firmicutes;c__Clostridia;o__Clostridiales;f__Oscillospiraceae;g__Oscillibacter;s__Oscillibacter_sp._KLE_1745	-0.0943381295184	-0.000833862462618	0.00989720418495	-0.0433438330384	-0.0705145497275	0.0419075203226	0.0484695147287	0.00394225832274	-0.0736871809106	0.0477070041088	0.0516476894544	-0.00592530506278	-0.114443208973	0.0330375504049	0.0491886289481	-0.0594792453727	-0.0897274909986	-0.188149287808	-0.112782386396	-0.0910354743748	-0.0604764733946	-0.0569298790533	-0.0527967478277	-0.124465886916	1.0	-0.0745718375955	-0.0815724468521	-0.106350615334	-0.114378165287	-0.105110634405	-0.0898578646014	-0.00514557989659	0.0554272588372	-0.0312267706914	-0.0225231215485	0.00784865260601	0.049065802359	-0.00305873786752	-0.0698268795279	-0.103223064182	0.000158787100361	0.00455022864781	-0.0163868079039	0.0443540590831	-0.072995302469	0.0320255318724	0.0419945415285	-0.0155844290946	-0.0837741326553	-0.00467882898006	0.00291305709698	0.0608474367352	-0.0395799040149	0.000408365557416	-0.165816122183	0.0514648856607	-0.0358622615422	-0.0422319728036	-0.068042712098
k__Bacteria;p__Bacteroidetes;c__Bacteroidia;o__Bacteroidales;f__Bacteroidaceae;g__Bacteroides;s__Bacteroides_coprophilus	0.0061961987057	-0.10579141449	-0.0189644717046	-0.0744645220869	-0.00762731771677	0.069790389354	-0.132030897117	0.0161738782181	-0.0774160350952	-0.00428647354536	-0.0652797544752	0.0661803462911	-0.104995764659	-0.0766038313304	0.00569750592481	-0.151031656999	-0.0100790451349	-0.0331929307706	-0.0652928971033	-0.00486909919921	0.0050770481108	-0.0182546955566	-0.120626047659	-0.0303902804788	-0.0745718375955	1.0	-0.017238194053	-0.0235239878867	-0.045110631212	-0.0652134001042	-0.0608203977671	-0.0150359034286	-0.0947671199444	-0.0349658505679	-0.0538412474627	-0.0343521279614	-0.11756116537	-0.0612796895572	-0.0498120839576	-0.00520573318609	-0.0261659192169	0.0375846377543	-0.0420353714831	-0.0820342514855	-0.0966180841335	0.052479361067	0.0621231391314	-0.0403395283564	-0.0340108870562	0.0951273422324	-0.0974396555155	-0.0742287122996	0.0212307032291	-0.072070644065	0.0373578753308	-0.0613973460672	-0.0565002536243	-0.0855515506906	0.0108336654075
k__Bacteria;p__Firmicutes;c__Clostridia;o__Clostridiales;f__Lachnospiraceae;g__Roseburia;s__Roseburia_intestinalis	-0.0173998546618	0.0719217157875	0.0321667080677	-0.120570020582	-0.0643464806165	-0.00914981352196	-0.0778511258762	-0.00801768084514	-0.0980970450973	-0.0663145515846	-0.0477275946802	-0.0885432263971	-0.0400098496767	-0.102824535731	0.00693884774942	-0.102340593615	0.0429870484494	0.036318023637	-0.0603960789193	0.0599485285758	0.0276840217392	0.0362757089072	-0.0204256524862	0.0192911832724	-0.0815724468521	-0.017238194053	1.0	-0.00700126247074	0.0425157317309	-0.0898954390787	0.0135265292481	0.0592017440234	-0.0760058820853	-0.0746113424942	-0.0736970499849	0.051601456599	0.0575629094386	-0.12075934843	-0.0142876687096	-0.0545343788364	-0.11687762935	-0.0482955742426	-0.0744715651776	-0.142983201234	0.0683684080411	-0.00350106364956	0.118908828757	0.0268531572389	-0.00912081534107	-0.0759283503467	-0.0564477841583	-0.0586443883411	-0.0204953816007	-0.118414569615	-0.0683743879281	0.029580227984	-0.0197681878338	0.00736867951742	0.0481489225674
k__Bacteria;p__Firmicutes;c__Clostridia;o__Clostridiales;f__Lachnospiraceae;g__Roseburia;s__Roseburia_hominis	0.0621695559062	-0.0555397621021	-0.0193678529765	-0.139202356573	0.0108341978189	0.0254936210405	0.120486250272	-0.080706023513	0.0606232782169	-0.0171893874697	0.0183357821149	-0.0340070568333	-0.0245679575854	-0.0254602475013	-0.0671451566831	-0.00978751475423	-0.00741331269427	-0.0450120998824	-0.00707978686328	-0.0401422316909	-0.0233374607858	-0.0355308101091	-0.0139239171236	-0.0734037153049	-0.106350615334	-0.0235239878867	-0.00700126247074	1.0	-0.0604357230725	0.00856278150567	-0.123715598167	-0.0240876034288	0.0483826675625	-0.210424628481	-0.0885717224857	-0.0589182276854	-0.036062630315	0.0440845832625	0.0208740826295	0.0260551525531	0.058183879881	-0.0788561346792	-0.0387602764366	0.0125142104447	-0.096665487908	-0.0951202655776	0.00378210656891	-0.0451939675785	0.034299907663	-0.0208354418882	-0.058050327218	-0.043527172541	-0.0632333175433	-0.0165844476223	0.0432749272809	0.0142452422485	-0.0564472802675	0.0284297747045	-0.0609392022144
k__Bacteria;p__Bacteroidetes;c__Bacteroidia;o__Bacteroidales;f__Porphyromonadaceae;g__Parabacteroides;s__Parabacteroides_johnsonii	0.0400126055723	-0.00858696884119	-0.219012644166	-0.0455616044104	0.0121440561771	-0.0132200140786	-0.0512063032828	-0.0282569226688	-0.0663679126252	-0.0277154429817	0.0248280306095	0.0746188330888	0.0933123517155	-0.0617080545394	-0.0594352159778	0.0118600300755	0.0371192849429	-0.0130568584095	0.00444571207727	0.103521160161	-0.0437177851169	-0.045387858053	0.0131284720957	0.00520375864771	-0.114378165287	-0.045110631212	0.0425157317309	-0.0604357230725	1.0	-0.0842634217164	0.0373561416239	-0.116488742427	-0.0306331167452	-0.0138155790281	-0.0713280176759	-0.05663863174	-0.0251958429688	-0.0281068778553	-0.0912483540116	-0.0897151432247	-0.0811591954265	0.0100244436018	0.0307647167526	0.0444904836821	-0.139296617048	0.0342529973721	0.0276163938663	-0.0112494544436	0.0683285660921	-0.0462487015108	-0.171333674259	-0.0324533486536	-0.0863298818288	0.0379733656253	0.00492132981135	0.0284470284862	0.0651462305684	0.0856260418955	0.0358918011681
k__Bacteria;p__Actinobacteria;c__Actinobacteria;o__Bifidobacteriales;f__Bifidobacteriaceae;g__Bifidobacterium;s__Bifidobacterium_longum	0.0729840803611	0.0750743037654	0.0883701355275	-0.107879591375	-0.0631903203575	-0.0968080843768	0.0161678523288	0.051082411349	-0.0512321244007	0.0121332410484	0.0389776523175	0.0504753497988	-0.0699793252475	-0.101124266968	-0.0302854568213	-0.0964317846976	0.0289424138188	0.025673715567	-0.0731622440287	0.0200762125179	-0.0540130773299	0.0512924176251	0.000420180795364	-0.0164944440363	-0.105110634405	-0.0652134001042	-0.0898954390787	0.00856278150567	-0.0842634217164	1.0	0.00530208308657	0.0505534740247	-0.0722857755386	-0.106604618929	0.0768668309759	-0.13604508275	-0.0231655007199	-0.0126549592812	-0.0686652336649	-0.137927519001	-0.00631267003356	0.0217613114364	0.0509858201042	0.0755961836232	-0.0112008526628	-0.167728968663	0.0558715399333	-0.139393032878	-0.0819922546257	0.0188223102725	-0.00337095205906	-0.000100327508774	0.041456383688	-0.134008434703	-0.0267759641086	-0.00699966945337	0.0437103306931	-0.0863523915821	-0.0351122237088
