#taxonomy	k__Bacteria;p__Bacteroidetes;c__Bacteroidia;o__Bacteroidales;f__Bacteroidaceae;g__Bacteroides;s__Bacteroides_vulgatus	k__Bacteria;p__Bacteroidetes;c__Bacteroidia;o__Bacteroidales;f__Bacteroidaceae;g__Bacteroides;s__Bacteroides_uniformis	k__Bacteria;p__Bacteroidetes;c__Bacteroidia;o__Bacteroidales;f__Rikenellaceae;g__Alistipes;s__Alistipes_putredinis	k__Bacteria;p__Bacteroidetes;c__Bacteroidia;o__Bacteroidales;f__Prevotellaceae;g__Prevotella;s__Prevotella_copri	k__Bacteria;p__Bacteroidetes;c__Bacteroidia;o__Bacteroidales;f__Bacteroidaceae;g__Bacteroides;s__Bacteroides_stercoris	k__Bacteria;p__Bacteroidetes;c__Bacteroidia;o__Bacteroidales;f__Bacteroidaceae;g__Bacteroides;s__Bacteroides_ovatus	k__Bacteria;p__Bacteroidetes;c__Bacteroidia;o__Bacteroidales;f__Rikenellaceae;g__Alistipes;s__Alistipes_shahii	k__Bacteria;p__Firmicutes;c__Clostridia;o__Clostridiales;f__Ruminococcaceae;g__Faecalibacterium;s__Faecalibacterium_prausnitzii	k__Bacteria;p__Bacteroidetes;c__Bacteroidia;o__Bacteroidales;f__Rikenellaceae;g__Alistipes;s__Alistipes_finegoldii	k__Bacteria;p__Bacteroidetes;c__Bacteroidia;o__Bacteroidales;f__Porphyromonadaceae;g__Parabacteroides;s__Parabacteroides_distasonis	k__Bacteria;p__Bacteroidetes;c__Bacteroidia;o__Bacteroidales;f__Bacteroidaceae;g__Bacteroides;s__Bacteroides_thetaiotaomicron	k__Bacteria;p__Bacteroidetes;c__Bacteroidia;o__Bacteroidales;f__Bacteroidaceae;g__Bacteroides;s__Bacteroides_coprocola	k__Bacteria;p__Bacteroidetes;c__Bacteroidia;o__Bacteroidales;f__Bacteroidaceae;g__Bacteroides;s__Bacteroides_cellulosilyticus	k__Bacteria;p__Bacteroidetes;c__Bacteroidia;o__Bacteroidales;f__Rikenellaceae;g__Alistipes;s__Alistipes_obesi	k__Bacteria;p__Firmicutes;c__Clostridia;o__Clostridiales;f__Lachnospiraceae;g__;s__[Eubacterium]_rectale	k__Bacteria;p__Bacteroidetes;c__Bacteroidia;o__Bacteroidales;f__Bacteroidaceae;g__Bacteroides;s__Bacteroides_plebeius	k__Bacteria;p__Bacteroidetes;c__Bacteroidia;o__Bacteroidales;f__Bacteroidaceae;g__Bacteroides;s__Bacteroides_fragilis	k__Bacteria;p__Proteobacteria;c__Betaproteobacteria;o__Burkholderiales;f__Sutterellaceae;g__Sutterella;s__Sutterella_wadsworthensis	k__Bacteria;p__Bacteroidetes;c__Bacteroidia;o__Bacteroidales;f__Porphyromonadaceae;g__Barnesiella;s__Barnesiella_intestinihominis	k__Bacteria;p__Bacteroidetes;c__Bacteroidia;o__Bacteroidales;f__Odoribacteraceae;g__Odoribacter;s__Odoribacter_splanchnicus	k__Bacteria;p__Bacteroidetes;c__Bacteroidia;o__Bacteroidales;f__Bacteroidaceae;g__Bacteroides;s__Bacteroides_salyersiae	k__Bacteria;p__Firmicutes;c__Clostridia;o__Clostridiales;f__Ruminococcaceae;g__Ruminiclostridium;s__[Eubacterium]_siraeum	k__Bacteria;p__Proteobacteria;c__Betaproteobacteria;o__Burkholderiales;f__Sutterellaceae;g__Parasutterella;s__Parasutterella_excrementihominis	k__Bacteria;p__Actinobacteria;c__Actinobacteria;o__Bifidobacteriales;f__Bifidobacteriaceae;g__Bifidobacterium;s__Bifidobacterium_adolescentis	k__Bacteria;p__Firmicutes;c__Clostridia;o__Clostridiales;f__Oscillospiraceae;g__Oscillibacter;s__Oscillibacter_sp._KLE_1745	k__Bacteria;p__Bacteroidetes;c__Bacteroidia;o__Bacteroidales;f__Bacteroidaceae;g__Bacteroides;s__Bacteroides_coprophilus	k__Bacteria;p__Firmicutes;c__Clostridia;o__Clostridiales;f__Lachnospiraceae;g__Roseburia;s__Roseburia_intestinalis	k__Bacteria;p__Firmicutes;c__Clostridia;o__Clostridiales;f__Lachnospiraceae;g__Roseburia;s__Roseburia_hominis	k__Bacteria;p__Bacteroidetes;c__Bacteroidia;o__Bacteroidales;f__Porphyromonadaceae;g__Parabacteroides;s__Parabacteroides_johnsonii	k__Bacteria;p__Actinobacteria;c__Actinobacteria;o__Bifidobacteriales;f__Bifidobacteriaceae;g__Bifidobacterium;s__Bifidobacterium_longum	k__Bacteria;p__Firmicutes;c__Clostridia;o__Clostridiales;f__;g__Flavonifractor;s__Flavonifractor_plautii	k__Bacteria;p__Firmicutes;c__Clostridia;o__Clostridiales;f__Clostridiaceae;g__Clostridium;s__Clostridium_phoceensis	k__Bacteria;p__Verrucomicrobia;c__Verrucomicrobiae;o__Verrucomicrobiales;f__Akkermansiaceae;g__Akkermansia;s__Akkermansia_muciniphila	k__Bacteria;p__Bacteroidetes;c__Bacteroidia;o__Bacteroidales;f__Prevotellaceae;g__Paraprevotella;s__Paraprevotella_xylaniphila	k__Bacteria;p__Firmicutes;c__Clostridia;o__Clostridiales;f__Ruminococcaceae;g__Ruminococcus;s__Ruminococcus_callidus	k__Bacteria;p__Bacteroidetes;c__Bacteroidia;o__Bacteroidales;f__Rikenellaceae;g__Alistipes;s__Alistipes_senegalensis	k__Bacteria;p__Firmicutes;c__Clostridia;o__Clostridiales;f__Lachnospiraceae;g__Blautia;s__Blautia_sp._KLE_1732	k__Bacteria;p__Bacteroidetes;c__Bacteroidia;o__Bacteroidales;f__Bacteroidaceae;g__Bacteroides;s__Bacteroides_oleiciplenus	k__Bacteria;p__Firmicutes;c__Clostridia;o__Clostridiales;f__Ruminococcaceae;g__Ruminococcus;s__Ruminococcus_bicirculans	k__Bacteria;p__Bacteroidetes;c__Bacteroidia;o__Bacteroidales;f__Bacteroidaceae;g__Bacteroides;s__Bacteroides_fluxus	k__Bacteria;p__Bacteroidetes;c__Bacteroidia;o__Bacteroidales;f__Prevotellaceae;g__Prevotella;s__Prevotella_stercorea	k__Bacteria;p__Firmicutes;c__Clostridia;o__Clostridiales;f__Lachnospiraceae;g__Dorea;s__Dorea_longicatena	k__Bacteria;p__Firmicutes;c__Clostridia;o__Clostridiales;f__Eubacteriaceae;g__Eubacterium;s__[Eubacterium]_eligens	k__Bacteria;p__Firmicutes;c__Clostridia;o__Clostridiales;f__Ruminococcaceae;g__;s__Ruminococcaceae_bacterium_D16	k__Bacteria;p__Firmicutes;c__Clostridia;o__Clostridiales;f__Lachnospiraceae;g__Coprococcus;s__Coprococcus_comes	k__Bacteria;p__Proteobacteria;c__Gammaproteobacteria;o__Enterobacterales;f__Enterobacteriaceae;g__Escherichia;s__Escherichia_coli	k__Bacteria;p__Firmicutes;c__Clostridia;o__Clostridiales;f__Ruminococcaceae;g__Anaerotruncus;s__Anaerotruncus_colihominis	k__Bacteria;p__Firmicutes;c__Clostridia;o__Clostridiales;f__Lachnospiraceae;g__Blautia;s__Blautia_obeum	k__Bacteria;p__Bacteroidetes;c__Bacteroidia;o__Bacteroidales;f__Odoribacteraceae;g__Odoribacter;s__Odoribacter_laneus	k__Bacteria;p__Firmicutes;c__Clostridia;o__Clostridiales;f__Ruminococcaceae;g__Ruminiclostridium;s__[Clostridium]_leptum	k__Bacteria;p__Bacteroidetes;c__Bacteroidia;o__Bacteroidales;f__Porphyromonadaceae;g__Parabacteroides;s__Parabacteroides_goldsteinii	k__Bacteria;p__Firmicutes;c__Clostridia;o__Clostridiales;f__Lachnospiraceae;g__Anaerostipes;s__Anaerostipes_hadrus	k__Bacteria;p__Firmicutes;c__Clostridia;o__Clostridiales;f__Ruminococcaceae;g__Ruminococcus;s__Ruminococcus_lactaris	k__Bacteria;p__Firmicutes;c__Clostridia;o__Clostridiales;f__Clostridiaceae;g__Clostridium;s__Clostridium_sp._L2-50	k__Bacteria;p__Firmicutes;c__Clostridia;o__Clostridiales;f__Clostridiaceae;g__Clostridium;s__Clostridium_sp._M62/1	k__Bacteria;p__Firmicutes;c__Clostridia;o__Clostridiales;f__;g__Intestinimonas;s__Intestinimonas_butyriciproducens	k__Bacteria;p__Actinobacteria;c__Actinobacteria;o__Bifidobacteriales;f__Bifidobacteriaceae;g__Bifidobacterium;s__Bifidobacterium_bifidum	k__Bacteria;p__Firmicutes;c__Negativicutes;o__Veillonellales;f__Veillonellaceae;g__Dialister;s__Dialister_invisus	k__Bacteria;p__Bacteroidetes;c__Bacteroidia;o__Bacteroidales;f__Bacteroidaceae;g__Bacteroides;s__Bacteroides_salanitronis
k__Bacteria;p__Bacteroidetes;c__Bacteroidia;o__Bacteroidales;f__Bacteroidaceae;g__Bacteroides;s__Bacteroides_vulgatus	1.0	-0.0721632982708	-0.0492356223001	0.080225386372	-0.0763240901326	0.0393133580384	-0.0606398806533	-0.0266030988467	-0.0224614079947	0.00103162189638	-0.000290797789544	-0.0245553760851	-0.0397235107332	-0.110496288085	-0.0183607200597	-0.0564430353789	-0.0697002857137	-0.0590088649821	-0.017030000309	0.0213715652589	-0.0939979758123	-0.055891669883	-0.0136551687734	-0.0465340173976	0.136018378419	-0.0559284504209	0.0927122666654	-0.00614300735188	-0.0491471009054	-0.10106982537	-0.0819826017833	-0.0260480007294	-0.0280242058415	0.100582562333	0.0721269036626	-0.0295582207681	-0.0109862078923	-0.0201541628949	0.057008911004	-0.181725313987	-0.017227057757	0.00970851685602	-0.0264252138044	-0.0469931068551	-0.111565670678	-0.0219231437917	-0.0831034481777	0.0198508847158	0.104180607819	0.0549811203758	0.0471908769295	0.0205042238284	-0.00969945019851	-0.0184020437525	-0.0355007176964	-0.081086710808	-0.0255052332661	-0.192868966052	0.0204026319745
k__Bacteria;p__Bacteroidetes;c__Bacteroidia;o__Bacteroidales;f__Bacteroidaceae;g__Bacteroides;s__Bacteroides_uniformis	-0.0721632982708	1.0	-0.00246407812494	-0.0411816755493	-0.0180292932818	0.0582739536669	-0.153458227456	-0.0350102390542	0.0829477324086	-0.0603721955282	-0.0395795192721	-0.0713847877673	0.0687041451774	-0.0524077741901	0.0964960816668	0.0166654370353	0.0235084052243	-0.0189640732683	0.0307989570732	-0.0451640007947	-0.0232873859822	-0.00615334486912	-0.145587653153	0.0815272428096	-0.0286422503618	-0.0975714054461	-0.0639220015136	0.00996069724016	-0.0220828571359	-0.0853396363618	-0.0330772410325	0.0193044145358	0.015818420089	-0.0584369359646	0.0634371035637	-0.0449237474189	-0.0133668058029	0.000520358038213	0.0365988582063	-0.0746797615789	-0.15383746728	-0.0521279614608	-0.053376015343	-0.0410772441228	-0.0818182286372	-0.128835886699	-0.0179951140389	0.0122140039968	-0.0699113491088	-0.03936526736	0.0645162664422	-0.0428495115503	-0.0172544716616	0.0505079527816	0.0362876033167	0.0224302144861	-0.0858486467748	-0.0510903508107	0.0460114489704
k__Bacteria;p__Bacteroidetes;c__Bacteroidia;o__Bacteroidales;f__Rikenellaceae;g__Alistipes;s__Alistipes_putredinis	-0.0492356223001	-0.00246407812494	1.0	-0.0371941347361	0.113010271683	-0.0381630917891	-0.0817820575575	0.0520470224474	-0.040504701415	-0.154465821194	-0.0556767218064	0.0253838741504	-0.0339643876177	-0.000918589587534	0.00549414075234	-0.0586796676196	-0.0740671419574	-0.0421460536389	-0.0169135766153	-0.0692833226034	0.0795818962904	0.00474561420363	0.0776189347953	0.0287883765117	-0.0215483800604	-0.0335769037238	-0.0284031639546	-0.0720454867485	0.109854073583	0.00967764429083	0.0229037353341	-0.105819913332	0.0372495899466	-0.0494878771715	-0.0897198877844	-0.0812378739046	-0.0478332405169	0.0203333259418	0.00102624282256	0.0148904192703	0.0312151667224	-0.00597941175551	-0.067884865336	-0.00297977254752	-0.0852701599413	0.0165309515947	-0.0231611512601	-0.0471278131236	-0.0151576607131	-0.0949564237066	-0.0809387626519	-0.0213828033322	-0.180743851824	0.109652484905	-0.05683659629	-0.0504511850131	-0.0107482144215	-0.0784833486866	-0.0732382843245
k__Bacteria;p__Bacteroidetes;c__Bacteroidia;o__Bacteroidales;f__Prevotellaceae;g__Prevotella;s__Prevotella_copri	0.080225386372	-0.0411816755493	-0.0371941347361	1.0	-0.0353769183502	0.0351605024829	-0.0932604714489	-0.0180181656547	-0.0685357891049	-0.00910044631719	-0.0522007183018	-0.0157822918233	-0.0384577104997	-0.0207704133203	-0.113847825409	-0.0656528221358	-0.0498378214343	0.00862530717055	-0.0552812129445	-0.00413133484511	-0.0584600426011	0.0172187064039	0.00934963294746	0.0166140574195	-0.173012338395	-0.114074875865	0.0594720331896	0.0388995633229	-0.0457770566115	0.0609891807533	-0.0742377142381	0.0383328771246	0.0584913175882	-0.0316260567835	-0.164917469519	-0.0177220171264	0.106608802916	0.0199208168653	-0.0764132634674	-0.0313608102826	-0.0657203140623	-0.140275266717	0.0188919872252	-0.126480401942	-0.045842705537	-0.0136487315044	-0.0948244613724	-0.0405460689608	0.0124133793651	0.0406452725515	-0.064396423608	-0.112750617336	0.0239195609529	-0.140922642229	-0.0759321154982	-0.0641355650733	-0.00883859528194	0.0105894833501	0.0283190943142
k__Bacteria;p__Bacteroidetes;c__Bacteroidia;o__Bacteroidales;f__Bacteroidaceae;g__Bacteroides;s__Bacteroides_stercoris	-0.0763240901326	-0.0180292932818	0.113010271683	-0.0353769183502	1.0	0.022004074968	-0.0293508713659	-0.0166819546984	0.00493580200798	-0.0552223193541	-0.0498723543195	0.0212182759856	0.0168637462285	0.0551379626443	-0.0136824397915	0.104579721842	0.0100977658037	0.00185336284919	-0.0063569343358	-0.0167530542903	-0.118746690995	0.057648782659	-0.190625256878	-0.042335077255	-0.043425248353	-0.063580627027	0.115986297964	-0.0480679060557	-0.0323625357966	-0.0263516116739	-0.0497663702449	-0.081880939597	-0.00662236168092	0.040743914104	-0.0569834481426	-0.00230615831528	-0.0770046319282	0.006781106624	0.0902917478996	0.103220090144	0.0218358795723	-0.0914983474802	-0.0735185460465	-0.144859884651	-0.0401912400387	-0.0599302903099	-0.0728128043228	-0.0988444466276	-0.10082236116	0.0148158421707	-0.0609545941563	-0.00445898039461	-0.142009430244	-0.163077825584	-0.067417012366	-0.0376899530786	0.0334251107997	-0.0324770196363	0.0488539874501
k__Bacteria;p__Bacteroidetes;c__Bacteroidia;o__Bacteroidales;f__Bacteroidaceae;g__Bacteroides;s__Bacteroides_ovatus	0.0393133580384	0.0582739536669	-0.0381630917891	0.0351605024829	0.022004074968	1.0	0.0501231806023	-0.106738687369	-0.0789466521249	-0.0378394009231	0.0197812208154	-0.033633624755	-0.154631795327	-0.0385706404361	0.0343461977405	-0.140933991745	-0.0883017002931	-0.0945357315932	-0.089273050218	0.0278375246628	0.0488181936416	-0.0306501840278	-0.0832586020411	-0.0330188087713	-0.0286285812305	-0.0752441924223	0.0812988288775	-0.0904439378757	-0.0477655622567	-0.011191357243	0.0470591448024	-0.00591484948957	-0.102777315843	0.0169672350234	-0.0677721886399	0.0247211365561	0.0469198948995	-0.00607832769316	-0.0157921215079	-0.0468548528579	-0.0409964077114	-0.034585766519	-0.0758867740967	-0.0948218051477	0.0749105948183	-0.0479133371918	-0.0796243582233	0.0195368269666	-0.0928857325524	-0.0688176276836	-0.0701186669224	-0.0369327738175	0.0893908291069	0.0270536729307	0.0126600153453	0.0613616033675	-0.0309619432055	0.045228964228	-0.00111468271608
k__Bacteria;p__Bacteroidetes;c__Bacteroidia;o__Bacteroidales;f__Rikenellaceae;g__Alistipes;s__Alistipes_shahii	-0.0606398806533	-0.153458227456	-0.0817820575575	-0.0932604714489	-0.0293508713659	0.0501231806023	1.0	-0.0413940063956	-0.0549425440553	-0.143812494713	0.0679290885766	-0.118361929635	-0.0225331945041	-0.0803605177405	-0.0291021278136	0.0676054274091	-0.0391788725506	-0.0375718891546	-0.0819774173856	-0.021714099334	-0.0261268310511	0.000476500210339	-0.082927903586	-0.00488661914534	0.0462346052964	-0.100216747282	-0.0755245508897	-0.0197550311936	-0.165054243146	0.0349554504905	0.0864125000968	0.00821255789947	-0.0591184120584	-0.00932387575257	0.0484053400512	-0.045232159597	-0.0500660044645	-0.0156520724153	0.0580570851333	0.0201334186235	0.0328510084727	0.120454611993	0.0171957458545	0.023196599587	-0.0837030090049	-0.0842454096904	0.0707925655319	-0.168093016852	0.126887104718	-0.0542506746496	0.0334817728327	-0.0361263183778	-0.0156180426824	-0.0907956581217	0.0425050973632	-0.0607360098951	0.0108671731004	-0.00849225366187	-0.0984133297913
k__Bacteria;p__Firmicutes;c__Clostridia;o__Clostridiales;f__Ruminococcaceae;g__Faecalibacterium;s__Faecalibacterium_prausnitzii	-0.0266030988467	-0.0350102390542	0.0520470224474	-0.0180181656547	-0.0166819546984	-0.106738687369	-0.0413940063956	1.0	0.052675002231	-0.0502886731679	0.0561041165618	0.0923115471442	0.141155139176	0.0467262507706	-0.121035623874	-0.0154818601063	-0.0877974006843	-0.0601386696797	-0.000914537976989	-0.083447888758	-0.0578051787363	-0.0672371577872	-0.0508340548819	-0.096969118153	0.0619358835261	-0.106396833056	-0.0079442154502	0.0151990946469	-0.0085952526578	-0.0112317337881	0.0110938298642	-0.0359432840197	-0.064090262812	-0.0484800205677	-0.105538443598	-0.084724455741	-0.0990263223669	-0.0305476787194	0.0564694118666	0.0023760479888	0.0819546723092	-0.15611895929	-0.108369294049	0.0525311225638	0.0306299605513	-0.00620930149939	-0.0417452086692	-0.0384696112939	-0.0559332765877	-0.0680248220989	-0.057130397498	-0.0722025389438	0.00787857984623	0.0037286792664	0.0172543988062	0.0576859910259	-0.0396190426743	0.0287279482921	-0.140575559249
k__Bacteria;p__Bacteroidetes;c__Bacteroidia;o__Bacteroidales;f__Rikenellaceae;g__Alistipes;s__Alistipes_finegoldii	-0.0224614079947	0.0829477324086	-0.040504701415	-0.0685357891049	0.00493580200798	-0.0789466521249	-0.0549425440553	0.052675002231	1.0	0.02720360483	0.0412901202705	0.0843189724493	-0.0449747011878	-0.0372100680198	-0.0236862124161	0.0614509001396	0.0181097276377	-0.10896932657	-0.00905670568065	-0.0373220682872	-0.129846725949	-0.0127430826867	-0.0746583015217	-0.0737313547906	0.00740051640808	0.00913972880761	-0.0640010910875	0.0578878780831	-0.033895944482	-0.0223767392489	0.0739740860008	-0.0927652477428	-0.130962190638	0.0176505012356	-0.0901377457527	-0.123732444341	-0.0701957284897	0.0844000758568	0.0262769603475	-0.044142841611	-0.0525307449804	-0.0959410295575	0.0231494314508	0.0569162044464	0.0384287304782	-0.0460850604668	-0.0517224450141	0.0234177210102	-0.0157371776261	-0.116772272563	0.00485226629246	-0.0775852410509	-0.0697673607809	-0.00531749495059	0.039710557509	-0.0472506580316	-0.0600000425597	0.02367039806	-0.0304974286832
k__Bacteria;p__Bacteroidetes;c__Bacteroidia;o__Bacteroidales;f__Porphyromonadaceae;g__Parabacteroides;s__Parabacteroides_distasonis	0.00103162189638	-0.0603721955282	-0.154465821194	-0.00910044631719	-0.0552223193541	-0.0378394009231	-0.143812494713	-0.0502886731679	0.02720360483	1.0	0.00328555710772	-0.0963140143499	-0.0691867797664	-0.0689108920043	0.00536688465774	0.0397301594674	-0.00660194857067	-0.00075412086352	-0.0506407501326	0.041778692177	0.0176533176404	-0.0725453254814	0.0549704751604	-0.13632531516	0.00377985309729	0.0144520850316	0.0450478907002	-0.0162046583049	-0.0751674736038	-0.166923882171	-0.0607230507216	-0.0545480451981	-0.141727986937	-0.00449201132811	-0.0211443430872	-0.0379056246499	0.0405129459137	-0.00912751093738	0.0568649115864	-0.102265332461	-0.0528771913245	-0.0604629628327	0.0215982323246	0.0314384618374	0.0203093227415	0.0806494488218	-0.0840226664103	0.0282117772797	-0.0935815458944	-0.0579690637419	-0.0750939186352	-0.0251158292047	-0.0241837252258	-0.055705081109	-0.122726718553	-0.0339293789081	-0.0369576073049	0.0209702348265	-0.0560331829344
k__Bacteria;p__Bacteroidetes;c__Bacteroidia;o__Bacteroidales;f__Bacteroidaceae;g__Bacteroides;s__Bacteroides_thetaiotaomicron	-0.000290797789544	-0.0395795192721	-0.0556767218064	-0.0522007183018	-0.0498723543195	0.0197812208154	0.0679290885766	0.0561041165618	0.0412901202705	0.00328555710772	1.0	-0.079044222543	-0.0575381506096	-0.112380039387	0.0118704346156	-0.057550884153	-0.000392944103807	-0.0580936834809	0.042247313905	0.0645323369028	-0.00861311445881	-0.100989814821	-0.087592176822	-0.0688937424019	-0.0348041144374	0.0235593525732	-0.0755400507407	-0.122911651644	-0.0323910677726	-0.0937062621012	-0.0843407912692	-0.0562317973294	-0.0626908632713	-0.00127894150959	0.0440399084818	-0.0653391854188	-0.101756328739	-0.0697415471335	-0.0139916614242	-0.0160754359719	0.0221103499202	-0.078108420256	-0.133446088443	0.0360349121609	-0.0697269161393	-0.105917363806	-0.024792423175	-0.0596517098859	-0.0568330152323	-0.0501966881001	0.0536418684767	-0.0310194527645	0.0167088722577	0.0532582539951	0.0586307954573	0.0671659470484	0.0627203837967	-0.0666610912205	-0.0380228634044
k__Bacteria;p__Bacteroidetes;c__Bacteroidia;o__Bacteroidales;f__Bacteroidaceae;g__Bacteroides;s__Bacteroides_coprocola	-0.0245553760851	-0.0713847877673	0.0253838741504	-0.0157822918233	0.0212182759856	-0.033633624755	-0.118361929635	0.0923115471442	0.0843189724493	-0.0963140143499	-0.079044222543	1.0	-0.0366401665467	-0.0242124867057	-0.0966133980826	-0.0405750424806	-0.140270113786	0.0036777081337	-0.0130758906932	0.0581958114396	0.0315574599865	-0.0536102474081	-0.0163632942187	-0.0350888914528	0.024213228457	-0.0356083564767	-0.0160675591046	-0.0213286662978	0.0055509672249	0.0405981716986	0.0711958052485	0.0418056299806	-0.150141790758	0.00426128862653	-0.0334337483744	-0.0595983848428	-0.0353792520705	-0.0464136405499	-0.109701335174	-0.0133579225629	-0.0164073905472	-0.130588499899	-0.0480498210828	-0.0177174751628	-0.00998847180616	-0.0514915879334	-0.00796113576151	-0.0367168438705	-0.0643486493569	-0.0766699187295	-0.102461199628	-0.0253319017141	-0.0696086665726	0.0102528421201	-0.0684158444715	-0.0696319129907	0.105084579665	0.0295443292383	-0.151103611695
k__Bacteria;p__Bacteroidetes;c__Bacteroidia;o__Bacteroidales;f__Bacteroidaceae;g__Bacteroides;s__Bacteroides_cellulosilyticus	-0.0397235107332	0.0687041451774	-0.0339643876177	-0.0384577104997	0.0168637462285	-0.154631795327	-0.0225331945041	0.141155139176	-0.0449747011878	-0.0691867797664	-0.0575381506096	-0.0366401665467	1.0	0.0172679357834	0.000354087872737	-0.0923827020984	-0.0511054035056	0.00180771574952	-0.0203701853763	-0.140738355578	-0.0321072560132	0.0438701225075	-0.0324835108967	-0.14322799844	-0.0141946339471	-0.172129464638	-0.0519814664443	-0.0086648491707	0.0635936489538	0.0166785841045	-0.0427261570892	0.0127704024886	-0.0536082366128	0.020229504736	0.0223526940783	-0.00241284899008	-0.000108061293891	-0.145734510817	0.0354294872473	-0.0164255680393	-0.0929888751041	0.103010149524	0.00156803140651	-0.00445145812543	-0.0085233944025	-0.108528461891	0.022616150309	-0.0865163007096	0.0548962819676	-0.020795219891	0.0722640333021	-0.138661040025	0.0659978866346	-0.078361987931	-0.018442300733	0.00644265442906	-0.0476526034396	0.0692734807725	0.0468979755079
k__Bacteria;p__Bacteroidetes;c__Bacteroidia;o__Bacteroidales;f__Rikenellaceae;g__Alistipes;s__Alistipes_obesi	-0.110496288085	-0.0524077741901	-0.000918589587534	-0.0207704133203	0.0551379626443	-0.0385706404361	-0.0803605177405	0.0467262507706	-0.0372100680198	-0.0689108920043	-0.112380039387	-0.0242124867057	0.0172679357834	1.0	0.00592992364438	-0.0252442652133	-0.0080979228658	0.0375598234706	0.0732203458767	-0.0548591566793	0.0502501613326	-0.0189353769327	-0.00079720879332	0.112879564221	-0.108802903197	-0.152090833473	0.0162129650049	-0.0464011186748	0.0893907994434	-0.102704173908	-0.126261255373	-0.0342909596342	-0.0671875442281	-0.0773017358008	-0.0478568765173	0.054300005326	-0.0245404806878	0.0221067941067	-0.0957947047297	-0.00336469438226	-0.0325847431532	-0.0131387405212	0.0635736442583	-0.0206217203713	-0.0619226721879	0.0903874494929	-0.0617482595936	0.0595863800903	-0.0173630998774	-0.0444102015556	0.0283687721174	-0.0428889297933	-0.0468449410127	-0.0930082879161	-0.106644997055	-0.0805893704093	-0.0364790266035	0.0193335937242	-0.0267120093656
k__Bacteria;p__Firmicutes;c__Clostridia;o__Clostridiales;f__Lachnospiraceae;g__;s__[Eubacterium]_rectale	-0.0183607200597	0.0964960816668	0.00549414075234	-0.113847825409	-0.0136824397915	0.0343461977405	-0.0291021278136	-0.121035623874	-0.0236862124161	0.00536688465774	0.0118704346156	-0.0966133980826	0.000354087872737	0.00592992364438	1.0	0.00932861397098	-0.0143737211199	-0.135230057675	0.0289831956097	0.0218700512152	0.133130400167	-0.120898833507	0.0375367220697	0.0294046486858	0.0285730221059	-0.0804438201709	-0.105725032897	0.0325382319794	-0.0663393194565	-0.108319258433	0.0358000844346	-0.137033130415	-0.0982697750067	-0.0765611376146	0.0231472131615	-0.100614818433	-0.0146475275518	0.035723342662	-0.0114229149211	-0.0286209638828	0.0787342949129	0.0595177914332	0.0514762138082	-0.0664703825668	-0.0531415915237	-0.027217908298	-0.0880735216217	-0.0262201179511	-0.0259491396956	0.0218222136902	-0.0550730673237	-0.117768377034	-0.0263097378433	-0.0171613286561	-0.0360029501022	-0.141742614569	0.0189771028258	0.0663309648092	0.0306419505187
k__Bacteria;p__Bacteroidetes;c__Bacteroidia;o__Bacteroidales;f__Bacteroidaceae;g__Bacteroides;s__Bacteroides_plebeius	-0.0564430353789	0.0166654370353	-0.0586796676196	-0.0656528221358	0.104579721842	-0.140933991745	0.0676054274091	-0.0154818601063	0.0614509001396	0.0397301594674	-0.057550884153	-0.0405750424806	-0.0923827020984	-0.0252442652133	0.00932861397098	1.0	0.011028799098	-0.0413211937961	-0.052251460415	0.0166237363448	-0.0806868151321	0.102915656439	0.00902194291225	-0.0359726198617	-0.0554877310019	-0.0124127721881	-0.0115907030371	-0.108079793319	-0.0360297648159	-0.0419905869034	-0.0621909473852	0.0101848316495	-0.0942005024214	-0.0764935331602	0.0224633118769	0.0308898885755	-0.060221625331	-0.00832287029139	-0.123168204835	-0.0778442398843	-0.065044898646	-0.0382840091587	0.118670786108	-0.0161845086291	-0.0190515201405	0.0534615267457	-0.0212081018721	-0.04724487085	-0.0438712176644	-0.105022582113	0.0894269223742	0.0539119509747	0.0539404645907	-0.0795058565513	0.0285700020084	-0.074092959171	-0.0179961321875	-0.0972132572397	-0.00808902863846
k__Bacteria;p__Bacteroidetes;c__Bacteroidia;o__Bacteroidales;f__Bacteroidaceae;g__Bacteroides;s__Bacteroides_fragilis	-0.0697002857137	0.0235084052243	-0.0740671419574	-0.0498378214343	0.0100977658037	-0.0883017002931	-0.0391788725506	-0.0877974006843	0.0181097276377	-0.00660194857067	-0.000392944103807	-0.140270113786	-0.0511054035056	-0.0080979228658	-0.0143737211199	0.011028799098	1.0	-0.0412506737177	-0.00486541411268	-0.0321116914711	0.00259524085269	0.040178196314	-0.0732316449408	0.0377407315897	-0.072094302402	-0.144717840366	0.0894575402647	0.107660512152	-0.0476856808691	-0.0363511126916	-0.107591849279	0.0359311476013	-0.0455342459799	0.0118872305281	0.0596281643909	-0.0480308321039	-0.0493424447427	-0.0317419651607	0.0380584814577	-0.0956221770604	-0.096366826994	-0.0358470503503	-0.0577032162804	-0.0394715135423	-0.11134077475	-0.0185475030471	0.076177460977	-0.0393476808647	-0.109093591399	-0.017553742052	-0.0801002032907	-0.0497892051312	-0.00517276551165	0.00312550424497	0.0185906545293	-0.0389820530412	-0.0354950384337	-0.0596400372011	-0.0555765838779
k__Bacteria;p__Proteobacteria;c__Betaproteobacteria;o__Burkholderiales;f__Sutterellaceae;g__Sutterella;s__Sutterella_wadsworthensis	-0.0590088649821	-0.0189640732683	-0.0421460536389	0.00862530717055	0.00185336284919	-0.0945357315932	-0.0375718891546	-0.0601386696797	-0.10896932657	-0.00075412086352	-0.0580936834809	0.0036777081337	0.00180771574952	0.0375598234706	-0.135230057675	-0.0413211937961	-0.0412506737177	1.0	-0.0407244972558	-0.100622673709	-0.129584651176	0.0935447554673	0.070212125585	-0.0207923085536	-0.0909017690541	-0.0836214690524	0.0277341017083	-0.0484349767617	-0.0268153987929	-0.00411673691463	-0.0197826150134	-0.0388505478207	-0.055808432112	0.0242461620703	-0.0111897475121	-0.0426788130615	0.0131801990889	0.06102361556	0.00118510598025	-0.0121209653654	-0.0383426957589	-0.0964621538004	-0.124881622826	-0.0486338847088	0.0637420483082	0.0149266059446	-0.0377451445234	-0.0925960422469	-0.00380818225229	-0.0822333224515	-0.022006459551	-0.113835275908	-0.0304567490938	0.00511817363084	0.0769067515485	-0.0718489413027	-0.0229473026396	0.00504339453059	0.00518459020589
k__Bacteria;p__Bacteroidetes;c__Bacteroidia;o__Bacteroidales;f__Porphyromonadaceae;g__Barnesiella;s__Barnesiella_intestinihominis	-0.017030000309	0.0307989570732	-0.0169135766153	-0.0552812129445	-0.0063569343358	-0.089273050218	-0.0819774173856	-0.000914537976989	-0.00905670568065	-0.0506407501326	0.042247313905	-0.0130758906932	-0.0203701853763	0.0732203458767	0.0289831956097	-0.052251460415	-0.00486541411268	-0.0407244972558	1.0	-0.0928987143235	-0.0490044909301	0.0601729080438	-0.0800854995514	-0.0360856451944	0.0466817451574	-0.140287026728	-0.0195741021867	-0.0100303175948	-0.0182616682555	-0.0186715541889	0.0536703114213	0.0867271798849	0.0243559714194	-0.0849889047105	0.00841657892582	-0.0376453737868	-0.0912573549912	-0.0279576542768	-0.063572156252	0.0121385475147	-0.061708236439	-0.0827755772727	-0.110702104716	-0.140322948059	-0.101201757606	0.00692862755355	-0.0554641317948	-0.0869045294885	0.0253867477446	-0.0722694766201	0.0769192255993	0.0119590124167	-0.0942876997165	0.0784354132232	-0.0286747807226	-0.101805423904	-0.093813870573	-0.00737530693457	-0.0414497700728
k__Bacteria;p__Bacteroidetes;c__Bacteroidia;o__Bacteroidales;f__Odoribacteraceae;g__Odoribacter;s__Odoribacter_splanchnicus	0.0213715652589	-0.0451640007947	-0.0692833226034	-0.00413133484511	-0.0167530542903	0.0278375246628	-0.021714099334	-0.083447888758	-0.0373220682872	0.041778692177	0.0645323369028	0.0581958114396	-0.140738355578	-0.0548591566793	0.0218700512152	0.0166237363448	-0.0321116914711	-0.100622673709	-0.0928987143235	1.0	-0.0279106914132	-0.0688565463927	-0.0368882171131	0.0740923770438	0.0249724681885	0.0119693649103	-0.101724425668	-0.0310602336718	-0.102336526401	0.026478043718	-0.177685968212	-0.0372231237804	-0.0892352392305	0.0934738362344	-0.0582483459083	-0.0994929333874	-0.0598753093001	-0.0044882620912	-0.20530170187	-0.06291088476	-0.0499752411656	-0.0673380390738	0.0619844509628	-0.0698913843404	-0.0512297135281	-0.00561828493897	-0.0452493906587	-0.089367618811	0.10224349604	0.0317182597257	0.0142831686664	-0.00540200823447	-0.0950774230033	-0.0142791386502	-0.0551925275498	0.00879396471179	-0.0799844248754	-0.082576739809	0.0252165898277
k__Bacteria;p__Bacteroidetes;c__Bacteroidia;o__Bacteroidales;f__Bacteroidaceae;g__Bacteroides;s__Bacteroides_salyersiae	-0.0939979758123	-0.0232873859822	0.0795818962904	-0.0584600426011	-0.118746690995	0.0488181936416	-0.0261268310511	-0.0578051787363	-0.129846725949	0.0176533176404	-0.00861311445881	0.0315574599865	-0.0321072560132	0.0502501613326	0.133130400167	-0.0806868151321	0.00259524085269	-0.129584651176	-0.0490044909301	-0.0279106914132	1.0	-0.142524116227	-0.0762103653014	0.0697206820834	0.0526404559543	-0.0154038579669	-0.0769706077535	-0.0332352900076	-0.0638890986972	-0.00587635250964	0.0249427810162	-0.0728970783528	-0.0100663813247	-0.0672370325017	-0.0424009767822	-0.124029988286	0.0867385759218	-0.0312013277582	-0.0878375493405	-0.0850933300991	-0.0455797876351	0.028666205517	-0.0818107766748	-0.0436003568547	0.0638667945158	-0.0862743657232	-0.0472782898034	-0.0468273298324	0.11211531795	0.0630157030759	-0.0236546373431	-0.0689670321773	0.0593078249408	-0.0547395394322	0.0217433678228	-0.0628175577296	-0.029325027008	-0.0359802629397	-0.104296460608
k__Bacteria;p__Firmicutes;c__Clostridia;o__Clostridiales;f__Ruminococcaceae;g__Ruminiclostridium;s__[Eubacterium]_siraeum	-0.055891669883	-0.00615334486912	0.00474561420363	0.0172187064039	0.057648782659	-0.0306501840278	0.000476500210339	-0.0672371577872	-0.0127430826867	-0.0725453254814	-0.100989814821	-0.0536102474081	0.0438701225075	-0.0189353769327	-0.120898833507	0.102915656439	0.040178196314	0.0935447554673	0.0601729080438	-0.0688565463927	-0.142524116227	1.0	0.00892400339203	-0.0159871738212	-0.0931572852344	0.0726831812585	-0.117723367268	-0.0555909057683	0.031008863849	0.0147203869472	-0.0579532077895	-0.00603358652686	0.00128392781163	-0.0415900325643	-0.0390315374562	-0.0693759662684	-0.00329729908059	-0.0627516800012	-0.102414986386	-0.0116095560757	-0.121505497952	0.00230185146063	-0.0424575669566	-0.048206713228	-0.0481168738153	-0.0998205582859	0.0034308348562	-0.0805644032791	-0.0460001523145	-0.0395860186374	0.0164126128869	-0.0165573398907	-0.0612668291979	-0.00808899233195	0.0805680740705	0.0342450984561	0.0294499904663	-0.137667119779	-0.000431790848596
k__Bacteria;p__Proteobacteria;c__Betaproteobacteria;o__Burkholderiales;f__Sutterellaceae;g__Parasutterella;s__Parasutterella_excrementihominis	-0.0136551687734	-0.145587653153	0.0776189347953	0.00934963294746	-0.190625256878	-0.0832586020411	-0.082927903586	-0.0508340548819	-0.0746583015217	0.0549704751604	-0.087592176822	-0.0163632942187	-0.0324835108967	-0.00079720879332	0.0375367220697	0.00902194291225	-0.0732316449408	0.070212125585	-0.0800854995514	-0.0368882171131	-0.0762103653014	0.00892400339203	1.0	0.00101699779853	-0.0511545125615	-0.126881374419	0.0881836964892	0.0690527677363	0.00682969956632	0.0321157060994	-0.0256640606533	0.00162583828437	0.083965926573	0.0167001976807	-0.0617824196544	-0.0571597932229	-0.139112813251	-0.0760280111989	-0.0728509831495	0.0443035105644	0.0401681216823	0.00755367372053	-0.0339447303497	0.0821754755106	-0.139508320067	-0.0608721566217	-0.110420022676	-0.00126299812311	-0.0303946895422	-0.0318097446776	-0.0121701097372	-0.034739946171	-0.0813648049989	-0.081400239535	-0.0220081594359	-0.101664040315	-0.0387519272586	-0.0614136858189	-0.0210254443935
k__Bacteria;p__Actinobacteria;c__Actinobacteria;o__Bifidobacteriales;f__Bifidobacteriaceae;g__Bifidobacterium;s__Bifidobacterium_adolescentis	-0.0465340173976	0.0815272428096	0.0287883765117	0.0166140574195	-0.042335077255	-0.0330188087713	-0.00488661914534	-0.096969118153	-0.0737313547906	-0.13632531516	-0.0688937424019	-0.0350888914528	-0.14322799844	0.112879564221	0.0294046486858	-0.0359726198617	0.0377407315897	-0.0207923085536	-0.0360856451944	0.0740923770438	0.0697206820834	-0.0159871738212	0.00101699779853	1.0	0.0602741312662	0.00510905494675	0.0769928963006	-0.0653511756287	0.0120165212985	-0.0199634889413	0.00255995306849	0.0329730504518	0.0223511075812	-0.073117653767	-0.0223706362241	-0.0656278481703	-0.0929430801116	-0.0053762875893	-0.0966244604361	-0.0302997780073	-0.056666477169	-0.00688202345002	-0.0257349278287	-0.0914486549531	-0.165920307725	-0.0177476553692	-0.105558922201	-0.0311994954285	0.0314343666048	0.0764401714813	-0.0905349408045	0.0255313789919	-0.0114564911752	0.109348825703	0.0476989220747	-0.0626337106028	0.0445199133782	-0.0335955719618	-0.036595485896
k__Bacteria;p__Firmicutes;c__Clostridia;o__Clostridiales;f__Oscillospiraceae;g__Oscillibacter;s__Oscillibacter_sp._KLE_1745	0.136018378419	-0.0286422503618	-0.0215483800604	-0.173012338395	-0.043425248353	-0.0286285812305	0.0462346052964	0.0619358835261	0.00740051640808	0.00377985309729	-0.0348041144374	0.024213228457	-0.0141946339471	-0.108802903197	0.0285730221059	-0.0554877310019	-0.072094302402	-0.0909017690541	0.0466817451574	0.0249724681885	0.0526404559543	-0.0931572852344	-0.0511545125615	0.0602741312662	1.0	0.0818944218984	-0.0522559793091	-0.0838806530264	-0.0638766859784	-0.109048753939	-0.0335832125308	-0.0214424184476	-0.0110436353333	0.0293756289955	-0.0181389484639	-0.0402863634549	-0.139461884021	-0.0941741682577	0.0441066809729	-0.126087489861	-0.0285985493744	0.0420771447809	-0.00845690236883	-0.00612323722554	-0.142333280932	0.0826126737823	-0.0293478248901	0.0268797873891	0.033593003138	-0.0508386915869	0.0795911254469	-0.0308732841773	-0.132674707016	0.0359319895396	-0.0120944478729	0.0305216299111	-0.0538406624632	0.0129755835964	-0.011255541166
k__Bacteria;p__Bacteroidetes;c__Bacteroidia;o__Bacteroidales;f__Bacteroidaceae;g__Bacteroides;s__Bacteroides_coprophilus	-0.0559284504209	-0.0975714054461	-0.0335769037238	-0.114074875865	-0.063580627027	-0.0752441924223	-0.100216747282	-0.106396833056	0.00913972880761	0.0144520850316	0.0235593525732	-0.0356083564767	-0.172129464638	-0.152090833473	-0.0804438201709	-0.0124127721881	-0.144717840366	-0.0836214690524	-0.140287026728	0.0119693649103	-0.0154038579669	0.0726831812585	-0.126881374419	0.00510905494675	0.0818944218984	1.0	-0.0626357337801	0.0241724120283	0.00771813198717	-0.0362137307662	0.0221448421968	-0.123741907916	-0.00820836911189	-0.0968564393128	-0.0606773867053	-0.0315785389465	-0.000815693890002	-0.130466207344	-0.0100933031211	0.0137027001517	-0.0163171949952	-0.124142157514	-0.000250532908496	0.0859114101098	0.0205697409168	0.027587427136	-0.0960595344348	0.0603055017862	0.0613100949548	-0.035776137417	0.0263193272707	-0.0703020159143	-0.0623485569016	0.0603346320038	6.50762438602e-05	-0.0219220176308	0.0225818884453	-0.00593803397199	-0.0338404896063
k__Bacteria;p__Firmicutes;c__Clostridia;o__Clostridiales;f__Lachnospiraceae;g__Roseburia;s__Roseburia_intestinalis	0.0927122666654	-0.0639220015136	-0.0284031639546	0.0594720331896	0.115986297964	0.0812988288775	-0.0755245508897	-0.0079442154502	-0.0640010910875	0.0450478907002	-0.0755400507407	-0.0160675591046	-0.0519814664443	0.0162129650049	-0.105725032897	-0.0115907030371	0.0894575402647	0.0277341017083	-0.0195741021867	-0.101724425668	-0.0769706077535	-0.117723367268	0.0881836964892	0.0769928963006	-0.0522559793091	-0.0626357337801	1.0	-0.090022566237	-0.00519846037747	0.0129043553737	-0.111233838637	0.00490863658692	0.0354241546951	0.0136199564953	-0.0485907809414	-0.0146833422564	0.0329476413662	-0.0423319054248	0.0216332055565	-0.131049972463	-0.0603398645107	-0.0496256666655	-0.0745100059755	-0.0271483860779	-0.0359244666149	-0.103742010324	-0.15366819099	-0.0602387591691	0.0764373998148	0.0399804439807	-0.0247542840642	-0.131483955639	-0.037947012488	-0.111013568842	-0.0522765532926	-0.00941028636042	0.0424864291413	-0.00264882805732	-0.00693059471194
k__Bacteria;p__Firmicutes;c__Clostridia;o__Clostridiales;f__Lachnospiraceae;g__Roseburia;s__Roseburia_hominis	-0.00614300735188	0.00996069724016	-0.0720454867485	0.0388995633229	-0.0480679060557	-0.0904439378757	-0.0197550311936	0.0151990946469	0.0578878780831	-0.0162046583049	-0.122911651644	-0.0213286662978	-0.0086648491707	-0.0464011186748	0.0325382319794	-0.108079793319	0.107660512152	-0.0484349767617	-0.0100303175948	-0.0310602336718	-0.0332352900076	-0.0555909057683	0.0690527677363	-0.0653511756287	-0.0838806530264	0.0241724120283	-0.090022566237	1.0	0.00188678820803	-0.0406929909152	-0.0419560185958	0.0912617554266	0.0664092013526	-0.0726390542878	-0.0693364454258	-0.0697568034202	-0.112613308022	-0.0043564648344	-0.0745645531754	0.103021637313	0.0521775439445	0.0107845000046	0.0172538479616	0.0174005962355	-0.0176556721583	-0.058473911743	-0.115520706315	-0.085840669221	0.0198539597774	-0.0623180067936	-0.0521582823645	0.0333522607771	-0.0695086814862	-0.0943660243525	-0.181118424354	-0.0199437517787	-0.075989112179	-0.0176860812977	-0.0431323011787
k__Bacteria;p__Bacteroidetes;c__Bacteroidia;o__Bacteroidales;f__Porphyromonadaceae;g__Parabacteroides;s__Parabacteroides_johnsonii	-0.0491471009054	-0.0220828571359	0.109854073583	-0.0457770566115	-0.0323625357966	-0.0477655622567	-0.165054243146	-0.0085952526578	-0.033895944482	-0.0751674736038	-0.0323910677726	0.0055509672249	0.0635936489538	0.0893907994434	-0.0663393194565	-0.0360297648159	-0.0476856808691	-0.0268153987929	-0.0182616682555	-0.102336526401	-0.0638890986972	0.031008863849	0.00682969956632	0.0120165212985	-0.0638766859784	0.00771813198717	-0.00519846037747	0.00188678820803	1.0	-0.04647734735	-0.0399157067486	-0.0449520819006	-0.0373617790844	-0.0322838023912	0.0423001527055	0.012143487656	-0.0950715507491	-0.136148979208	0.0900913922509	0.124375122303	-0.00488548197439	-0.130071346529	-0.102227738596	-0.0210237107969	0.00757532059484	0.0220676765371	-0.0508889382796	0.0930640804706	-0.0573137310609	-0.00579715610728	-0.0380538878506	-0.106247203252	-0.0289953578077	-0.0239373547339	-0.040490509236	-0.0045499820224	0.000242908201713	-0.106038284771	-0.0431325480371
k__Bacteria;p__Actinobacteria;c__Actinobacteria;o__Bifidobacteriales;f__Bifidobacteriaceae;g__Bifidobacterium;s__Bifidobacterium_longum	-0.10106982537	-0.0853396363618	0.00967764429083	0.0609891807533	-0.0263516116739	-0.011191357243	0.0349554504905	-0.0112317337881	-0.0223767392489	-0.166923882171	-0.0937062621012	0.0405981716986	0.0166785841045	-0.102704173908	-0.108319258433	-0.0419905869034	-0.0363511126916	-0.00411673691463	-0.0186715541889	0.026478043718	-0.00587635250964	0.0147203869472	0.0321157060994	-0.0199634889413	-0.109048753939	-0.0362137307662	0.0129043553737	-0.0406929909152	-0.04647734735	1.0	-0.0309057240806	0.0621814077854	0.0199195773472	-0.0293249092263	-0.0339402490525	-0.0457523780657	-0.00787467963453	-0.0227774597115	-0.0914636675666	0.0905530249367	-0.0627289529145	-0.121604042389	-0.0209607375919	0.0442749789209	-0.0549531438038	-0.0599070595527	-0.0775165166713	-0.00936091504507	0.0639212787927	-0.0734329849344	-0.198764659549	-0.00370918307826	-0.034111318133	-0.0878487250968	-0.0868692387992	-0.0729836214626	0.0286247351875	0.0655788461475	-0.169569067264
