#taxonomy	k__Bacteria;p__Bacteroidetes;c__Bacteroidia;o__Bacteroidales;f__Bacteroidaceae;g__Bacteroides;s__Bacteroides_vulgatus	k__Bacteria;p__Bacteroidetes;c__Bacteroidia;o__Bacteroidales;f__Bacteroidaceae;g__Bacteroides;s__Bacteroides_uniformis	k__Bacteria;p__Bacteroidetes;c__Bacteroidia;o__Bacteroidales;f__Rikenellaceae;g__Alistipes;s__Alistipes_putredinis	k__Bacteria;p__Bacteroidetes;c__Bacteroidia;o__Bacteroidales;f__Prevotellaceae;g__Prevotella;s__Prevotella_copri	k__Bacteria;p__Bacteroidetes;c__Bacteroidia;o__Bacteroidales;f__Bacteroidaceae;g__Bacteroides;s__Bacteroides_stercoris	k__Bacteria;p__Bacteroidetes;c__Bacteroidia;o__Bacteroidales;f__Bacteroidaceae;g__Bacteroides;s__Bacteroides_ovatus	k__Bacteria;p__Bacteroidetes;c__Bacteroidia;o__Bacteroidales;f__Rikenellaceae;g__Alistipes;s__Alistipes_shahii	k__Bacteria;p__Firmicutes;c__Clostridia;o__Clostridiales;f__Ruminococcaceae;g__Faecalibacterium;s__Faecalibacterium_prausnitzii	k__Bacteria;p__Bacteroidetes;c__Bacteroidia;o__Bacteroidales;f__Rikenellaceae;g__Alistipes;s__Alistipes_finegoldii	k__Bacteria;p__Bacteroidetes;c__Bacteroidia;o__Bacteroidales;f__Porphyromonadaceae;g__Parabacteroides;s__Parabacteroides_distasonis	k__Bacteria;p__Bacteroidetes;c__Bacteroidia;o__Bacteroidales;f__Bacteroidaceae;g__Bacteroides;s__Bacteroides_thetaiotaomicron	k__Bacteria;p__Bacteroidetes;c__Bacteroidia;o__Bacteroidales;f__Bacteroidaceae;g__Bacteroides;s__Bacteroides_coprocola	k__Bacteria;p__Bacteroidetes;c__Bacteroidia;o__Bacteroidales;f__Bacteroidaceae;g__Bacteroides;s__Bacteroides_cellulosilyticus	k__Bacteria;p__Bacteroidetes;c__Bacteroidia;o__Bacteroidales;f__Rikenellaceae;g__Alistipes;s__Alistipes_obesi	k__Bacteria;p__Firmicutes;c__Clostridia;o__Clostridiales;f__Lachnospiraceae;g__;s__[Eubacterium]_rectale	k__Bacteria;p__Bacteroidetes;c__Bacteroidia;o__Bacteroidales;f__Bacteroidaceae;g__Bacteroides;s__Bacteroides_plebeius	k__Bacteria;p__Bacteroidetes;c__Bacteroidia;o__Bacteroidales;f__Bacteroidaceae;g__Bacteroides;s__Bacteroides_fragilis	k__Bacteria;p__Proteobacteria;c__Betaproteobacteria;o__Burkholderiales;f__Sutterellaceae;g__Sutterella;s__Sutterella_wadsworthensis	k__Bacteria;p__Bacteroidetes;c__Bacteroidia;o__Bacteroidales;f__Porphyromonadaceae;g__Barnesiella;s__Barnesiella_intestinihominis	k__Bacteria;p__Bacteroidetes;c__Bacteroidia;o__Bacteroidales;f__Odoribacteraceae;g__Odoribacter;s__Odoribacter_splanchnicus	k__Bacteria;p__Bacteroidetes;c__Bacteroidia;o__Bacteroidales;f__Bacteroidaceae;g__Bacteroides;s__Bacteroides_salyersiae	k__Bacteria;p__Firmicutes;c__Clostridia;o__Clostridiales;f__Ruminococcaceae;g__Ruminiclostridium;s__[Eubacterium]_siraeum	k__Bacteria;p__Proteobacteria;c__Betaproteobacteria;o__Burkholderiales;f__Sutterellaceae;g__Parasutterella;s__Parasutterella_excrementihominis	k__Bacteria;p__Actinobacteria;c__Actinobacteria;o__Bifidobacteriales;f__Bifidobacteriaceae;g__Bifidobacterium;s__Bifidobacterium_adolescentis	k__Bacteria;p__Firmicutes;c__Clostridia;o__Clostridiales;f__Oscillospiraceae;g__Oscillibacter;s__Oscillibacter_sp._KLE_1745	k__Bacteria;p__Bacteroidetes;c__Bacteroidia;o__Bacteroidales;f__Bacteroidaceae;g__Bacteroides;s__Bacteroides_coprophilus	k__Bacteria;p__Firmicutes;c__Clostridia;o__Clostridiales;f__Lachnospiraceae;g__Roseburia;s__Roseburia_intestinalis	k__Bacteria;p__Firmicutes;c__Clostridia;o__Clostridiales;f__Lachnospiraceae;g__Roseburia;s__Roseburia_hominis	k__Bacteria;p__Bacteroidetes;c__Bacteroidia;o__Bacteroidales;f__Porphyromonadaceae;g__Parabacteroides;s__Parabacteroides_johnsonii	k__Bacteria;p__Actinobacteria;c__Actinobacteria;o__Bifidobacteriales;f__Bifidobacteriaceae;g__Bifidobacterium;s__Bifidobacterium_longum	k__Bacteria;p__Firmicutes;c__Clostridia;o__Clostridiales;f__;g__Flavonifractor;s__Flavonifractor_plautii	k__Bacteria;p__Firmicutes;c__Clostridia;o__Clostridiales;f__Clostridiaceae;g__Clostridium;s__Clostridium_phoceensis	k__Bacteria;p__Verrucomicrobia;c__Verrucomicrobiae;o__Verrucomicrobiales;f__Akkermansiaceae;g__Akkermansia;s__Akkermansia_muciniphila	k__Bacteria;p__Bacteroidetes;c__Bacteroidia;o__Bacteroidales;f__Prevotellaceae;g__Paraprevotella;s__Paraprevotella_xylaniphila	k__Bacteria;p__Firmicutes;c__Clostridia;o__Clostridiales;f__Ruminococcaceae;g__Ruminococcus;s__Ruminococcus_callidus	k__Bacteria;p__Bacteroidetes;c__Bacteroidia;o__Bacteroidales;f__Rikenellaceae;g__Alistipes;s__Alistipes_senegalensis	k__Bacteria;p__Firmicutes;c__Clostridia;o__Clostridiales;f__Lachnospiraceae;g__Blautia;s__Blautia_sp._KLE_1732	k__Bacteria;p__Bacteroidetes;c__Bacteroidia;o__Bacteroidales;f__Bacteroidaceae;g__Bacteroides;s__Bacteroides_oleiciplenus	k__Bacteria;p__Firmicutes;c__Clostridia;o__Clostridiales;f__Ruminococcaceae;g__Ruminococcus;s__Ruminococcus_bicirculans	k__Bacteria;p__Bacteroidetes;c__Bacteroidia;o__Bacteroidales;f__Bacteroidaceae;g__Bacteroides;s__Bacteroides_fluxus	k__Bacteria;p__Bacteroidetes;c__Bacteroidia;o__Bacteroidales;f__Prevotellaceae;g__Prevotella;s__Prevotella_stercorea	k__Bacteria;p__Firmicutes;c__Clostridia;o__Clostridiales;f__Lachnospiraceae;g__Dorea;s__Dorea_longicatena	k__Bacteria;p__Firmicutes;c__Clostridia;o__Clostridiales;f__Eubacteriaceae;g__Eubacterium;s__[Eubacterium]_eligens	k__Bacteria;p__Firmicutes;c__Clostridia;o__Clostridiales;f__Ruminococcaceae;g__;s__Ruminococcaceae_bacterium_D16	k__Bacteria;p__Firmicutes;c__Clostridia;o__Clostridiales;f__Lachnospiraceae;g__Coprococcus;s__Coprococcus_comes	k__Bacteria;p__Proteobacteria;c__Gammaproteobacteria;o__Enterobacterales;f__Enterobacteriaceae;g__Escherichia;s__Escherichia_coli	k__Bacteria;p__Firmicutes;c__Clostridia;o__Clostridiales;f__Ruminococcaceae;g__Anaerotruncus;s__Anaerotruncus_colihominis	k__Bacteria;p__Firmicutes;c__Clostridia;o__Clostridiales;f__Lachnospiraceae;g__Blautia;s__Blautia_obeum	k__Bacteria;p__Bacteroidetes;c__Bacteroidia;o__Bacteroidales;f__Odoribacteraceae;g__Odoribacter;s__Odoribacter_laneus	k__Bacteria;p__Firmicutes;c__Clostridia;o__Clostridiales;f__Ruminococcaceae;g__Ruminiclostridium;s__[Clostridium]_leptum	k__Bacteria;p__Bacteroidetes;c__Bacteroidia;o__Bacteroidales;f__Porphyromonadaceae;g__Parabacteroides;s__Parabacteroides_goldsteinii	k__Bacteria;p__Firmicutes;c__Clostridia;o__Clostridiales;f__Lachnospiraceae;g__Anaerostipes;s__Anaerostipes_hadrus	k__Bacteria;p__Firmicutes;c__Clostridia;o__Clostridiales;f__Ruminococcaceae;g__Ruminococcus;s__Ruminococcus_lactaris	k__Bacteria;p__Firmicutes;c__Clostridia;o__Clostridiales;f__Clostridiaceae;g__Clostridium;s__Clostridium_sp._L2-50	k__Bacteria;p__Firmicutes;c__Clostridia;o__Clostridiales;f__Clostridiaceae;g__Clostridium;s__Clostridium_sp._M62/1	k__Bacteria;p__Firmicutes;c__Clostridia;o__Clostridiales;f__;g__Intestinimonas;s__Intestinimonas_butyriciproducens	k__Bacteria;p__Actinobacteria;c__Actinobacteria;o__Bifidobacteriales;f__Bifidobacteriaceae;g__Bifidobacterium;s__Bifidobacterium_bifidum	k__Bacteria;p__Firmicutes;c__Negativicutes;o__Veillonellales;f__Veillonellaceae;g__Dialister;s__Dialister_invisus	k__Bacteria;p__Bacteroidetes;c__Bacteroidia;o__Bacteroidales;f__Bacteroidaceae;g__Bacteroides;s__Bacteroides_salanitronis
k__Bacteria;p__Bacteroidetes;c__Bacteroidia;o__Bacteroidales;f__Bacteroidaceae;g__Bacteroides;s__Bacteroides_vulgatus	1.0	-0.0172150367735	-0.115551871688	-0.0397546229946	-0.0367640171045	-0.0901499588057	0.0491336815745	0.0365427726444	-0.0276034487278	-0.0606828627196	-0.0688180529741	0.0048643683529	-0.0121668825296	0.0341366905738	0.0179214201106	-0.114995856475	-0.018768268537	0.0128150754909	-0.0932588055267	-0.0679132137847	-0.193007558809	0.0194668375154	0.0679850795535	0.0309408397479	-0.00268061892226	0.0807788285776	0.095701277039	-0.197751385228	0.015455019934	-0.0296499898854	-0.0295251815734	-0.0288506794282	-0.027625940387	0.00929550509846	-0.0451904417484	0.0282937083721	-0.015410088427	-0.119435436566	-0.03718057784	-0.0215034211835	-0.142818693084	0.0979967195584	0.00776904907748	0.0321782418825	-0.00705006430059	-0.0780517580178	-0.0406252258795	-0.01243694209	0.080907551322	-0.0167013660426	-0.174130218659	-0.0077991124602	-0.0399493764231	-0.0696078097458	-0.0415817076274	-0.115128112099	-0.0692931766098	-0.0972178750116	-0.0494547579584
k__Bacteria;p__Bacteroidetes;c__Bacteroidia;o__Bacteroidales;f__Bacteroidaceae;g__Bacteroides;s__Bacteroides_uniformis	-0.0172150367735	1.0	-0.0580705530044	0.0222280299066	0.000148666036147	-0.0515914701673	-0.0713503657736	-0.0816655879218	-0.0634490907304	-0.147782371331	0.0805076700248	0.0232983363648	-0.0263816195405	-0.051976347659	-0.0496322441944	0.000570964970598	0.0137742859401	-0.135760178922	-0.0570235254911	-0.0319310247197	-0.045198973655	-0.0118661224055	-0.0347940897578	0.063429422018	0.0528224005912	0.11768308169	0.0229711733247	-0.114901922269	-0.0390772385192	-0.0340223589967	-0.0390827318568	-0.00687045616241	-0.106088934932	-0.057079896802	-0.0494419756856	-0.0564608002699	-0.0859721408615	-0.054339511388	-0.0345235074565	-0.0474010640217	0.043725308718	0.0095679578446	0.0251339587269	-0.106591309042	-0.0213169406621	-0.0646870675435	0.0181579351947	-0.0691104992259	0.000903786861515	0.0637374862962	0.0701943230458	-0.0564913328632	-0.009963697342	-0.0149597333149	-0.0285164870034	-0.0196609951863	0.0319054032651	0.000105307664541	-0.0687252229343
k__Bacteria;p__Bacteroidetes;c__Bacteroidia;o__Bacteroidales;f__Rikenellaceae;g__Alistipes;s__Alistipes_putredinis	-0.115551871688	-0.0580705530044	1.0	-0.0761376567103	0.0214582123826	-0.00235518704112	-0.0302394911541	-0.0732718113149	-0.0536959023674	-0.105754017248	-0.0381266205515	0.0717600874012	0.0177578802759	-0.00631277972552	0.0227839560921	-0.0710749242948	-0.061110816848	-0.0119737181455	-0.142058296247	0.0673766602988	-0.0123872299589	-0.0128629171052	0.00368268123477	0.0265821858045	0.0448107496905	-0.0941318040793	-0.0275328396173	0.104478942126	-0.0334356185341	0.00124194529895	-0.0317713632303	0.0224516044457	-0.016468239669	-0.0439078827638	-0.0622487712826	-0.0248671542874	-0.0855113065647	-0.122352945019	-0.0736542831481	-0.101980096443	-0.0760221956855	-0.00653454270878	0.0164772135535	0.030637574493	0.0119626527702	0.0032442080651	-0.0495075491468	0.0220922075255	-0.115644757891	-0.103841605147	-0.0767795962547	-0.12183845469	-0.0216408238462	0.0451696932095	-0.0107840172151	-0.0312583782799	0.0672017308947	-0.00900658435532	0.0230600679629
k__Bacteria;p__Bacteroidetes;c__Bacteroidia;o__Bacteroidales;f__Prevotellaceae;g__Prevotella;s__Prevotella_copri	-0.0397546229946	0.0222280299066	-0.0761376567103	1.0	-0.0607967122126	0.00626378461159	0.0169109597831	0.00972325867641	0.0216266737954	-0.111376796375	-0.00147220619502	-0.0754332325312	-0.056876691766	-0.0122768091447	-0.0494903985181	-0.0035471277767	-0.0194410199915	-0.0540717049907	-0.0660827483827	0.0148472822713	-0.118796152915	-0.0590747264321	0.0212283035992	-0.0456837794158	0.0541912982444	0.0910201532861	-0.0826334432978	-0.042580417258	-0.0555175579363	-0.0496792784762	-0.0526224356908	-0.0885573371134	-0.0319701238635	0.135040911623	-0.0834879129098	-0.0096001545141	0.00375097966326	-0.00661804650949	-0.10127779836	-0.0529556978091	0.00193238597733	-0.0264812784239	0.0290052718271	-0.00406389995592	0.044491609254	-0.08860409523	-0.0668731576932	0.0752357936798	0.0272998517187	-0.0779482104778	-0.178415996571	-0.0991024573067	-0.02394683857	-0.0706509316469	-0.0842511006689	0.00516408463405	-0.036562545708	0.177895275552	0.0738890574174
k__Bacteria;p__Bacteroidetes;c__Bacteroidia;o__Bacteroidales;f__Bacteroidaceae;g__Bacteroides;s__Bacteroides_stercoris	-0.0367640171045	0.000148666036147	0.0214582123826	-0.0607967122126	1.0	-0.0745449446877	-0.0390484487204	0.0321918157799	0.0386564921847	-0.00423293719312	-0.0449378856196	0.0595873356004	0.0207712140248	0.0218283693551	-0.0885889501223	-0.0460834739025	-0.0371261366657	-0.00790790186311	-0.00711211251431	0.0340284370459	-0.0637410537287	-0.0106362405998	-0.0102206817686	-0.00177496095788	0.00431761605239	0.0308203090865	-0.0664283767683	0.0595885590623	-0.118093785277	-0.0803346822214	-0.0257104768311	-0.0424709554369	0.0397330956124	-0.000301117173758	-0.00960995365018	-0.117607604566	0.0834987524976	0.0567567494511	0.0305258316813	-0.0972211371385	-0.130577917413	-0.037120843958	-0.0636075833667	0.0291158888977	-0.0249264261038	-0.0221965854402	0.0549228482143	-0.0515413294349	0.0263813736336	-0.174110028298	-0.0347931256959	-0.0662192395951	-0.00520662060036	0.0522076485447	-0.00851985839868	-0.0343917683097	0.0472006722118	-0.0233908058857	-0.0644869014929
k__Bacteria;p__Bacteroidetes;c__Bacteroidia;o__Bacteroidales;f__Bacteroidaceae;g__Bacteroides;s__Bacteroides_ovatus	-0.0901499588057	-0.0515914701673	-0.00235518704112	0.00626378461159	-0.0745449446877	1.0	-0.0273948774486	-0.0597600318425	-0.0426894639724	-0.00841972924207	0.00946420250238	-0.0447670523374	-0.166597427049	-0.022692029603	0.00137459748351	-0.0329813907394	0.00637410447286	-0.0700987223545	-0.0655708611536	-0.0284898877214	0.0350261726879	-0.00682436165268	-0.0620078983755	0.0199074965554	-0.0132547812795	-0.100049561631	-0.0331246073035	0.0640856316844	0.0515145866866	-0.0415055410477	-0.0237494791989	-0.0210308238401	-0.0571667186292	0.019005049216	0.120810923157	0.0511839681854	-0.105495835072	-0.0476730679696	0.0264865159402	-0.0704642706881	-0.00108468406432	0.049135542426	0.0810426962311	-0.0947244373972	-0.0419408608789	0.0208014342802	0.0396204728625	-0.0234766373377	-0.0841254020734	-0.041570769721	-0.0653819292151	0.0236024723376	-0.122466392309	-0.0391127880809	-0.0923219223775	-0.122695762691	-0.0804451672527	-0.0155644053847	0.0164507118319
k__Bacteria;p__Bacteroidetes;c__Bacteroidia;o__Bacteroidales;f__Rikenellaceae;g__Alistipes;s__Alistipes_shahii	0.0491336815745	-0.0713503657736	-0.0302394911541	0.0169109597831	-0.0390484487204	-0.0273948774486	1.0	0.130554641646	-0.0134463485033	-0.0533972270083	-0.0822952588561	-0.00127277488732	-0.0998347636732	-0.0354609987406	-0.0959771511302	-0.0046233872759	-0.227979223504	-0.0325710025232	0.00180680229673	-0.0814950734003	0.0302501761926	0.0391949194571	-0.0630162534435	0.0102121610628	-0.0462955322832	-0.0195647873849	0.00886217914218	-0.0964191502332	-0.00425980317028	-0.0823717149758	-0.11113012557	0.0844354556948	-0.151243906252	-0.0170269676655	-0.0445118478285	-0.0300264696627	-0.00158326261801	-0.11595294412	0.0676327605448	-0.0894931641171	-0.0947984474196	-0.00758485671302	-0.116248763413	-0.0616799750805	-0.0353601928458	-0.110142333154	-0.0379360855844	-0.00149015347605	0.00353695407948	0.0722891018588	-0.0424207253693	-0.0567801825308	0.0407232269853	-0.135770313417	-0.0712741321822	0.0607022498645	0.0188571820737	0.0395281781408	-0.0320614352765
k__Bacteria;p__Firmicutes;c__Clostridia;o__Clostridiales;f__Ruminococcaceae;g__Faecalibacterium;s__Faecalibacterium_prausnitzii	0.0365427726444	-0.0816655879218	-0.0732718113149	0.00972325867641	0.0321918157799	-0.0597600318425	0.130554641646	1.0	-0.0176622777179	-0.0265747520244	-0.208963257104	-0.0829622253332	-0.0958055968365	0.0234252732671	0.0656967064142	-0.0107123941679	0.0407790512453	-0.053701653186	0.0989655305715	0.0230032050181	-0.00736285610481	0.0196417840826	-0.0693220193878	-0.0036206082316	0.109675619163	-0.0586173267123	-0.0383160340413	-0.0634560291683	-0.163179996329	-0.0213184279779	0.0254496053904	0.060018756088	0.0302732917386	-0.104343122672	-0.00354967573808	-0.0332540765977	0.0152100738418	0.0105978592344	-0.0331011023464	0.0154811280327	-0.0237647413697	-0.109712058464	0.0191010399306	-0.104665492282	0.0404483918008	-0.106116199816	-0.027940203574	-0.0248958368213	-0.118501622029	-0.0705639199687	-0.12521956586	-0.0538465584006	-0.0738526153293	0.0450130553149	-0.0416558911398	-0.0390351490926	-0.055950563044	-0.0240124114846	-0.125327173111
k__Bacteria;p__Bacteroidetes;c__Bacteroidia;o__Bacteroidales;f__Rikenellaceae;g__Alistipes;s__Alistipes_finegoldii	-0.0276034487278	-0.0634490907304	-0.0536959023674	0.0216266737954	0.0386564921847	-0.0426894639724	-0.0134463485033	-0.0176622777179	1.0	-0.0495161618729	0.0143994157212	-0.0979150317868	-0.139264387781	-0.0957952119635	0.0568322396439	-0.100087196284	-0.0450326872414	0.00696433830643	0.0236335403466	-0.0551368588682	-0.0224648538049	-0.165361384757	-0.101613815249	-0.0830583646479	-0.00504779846025	-0.076786651875	-0.0286429155814	-0.0358773814981	-0.00337924713642	-0.108328246986	-0.0712141679581	0.0251820079462	0.00531689414631	0.0193922148759	-0.0747996975902	0.0546689140882	-0.031673382002	-0.0261437600027	-0.0801513367399	-0.148608026829	0.0720797461495	-0.113916784685	0.00471898278909	-0.00319293726968	0.00683409426591	-0.0767000323	0.152223978144	-0.00621011728379	-0.0965591943261	0.0476152404085	0.00944753227872	0.0126098750018	0.0487871892251	-0.0239802957152	0.118153817281	-0.0679568373804	-0.0167402280939	0.0429769545739	-0.0332654418828
k__Bacteria;p__Bacteroidetes;c__Bacteroidia;o__Bacteroidales;f__Porphyromonadaceae;g__Parabacteroides;s__Parabacteroides_distasonis	-0.0606828627196	-0.147782371331	-0.105754017248	-0.111376796375	-0.00423293719312	-0.00841972924207	-0.0533972270083	-0.0265747520244	-0.0495161618729	1.0	0.0371268819325	0.00989637276662	0.0243640589422	0.00742643705399	-0.0329336656178	0.000284878449597	-0.129266249189	0.0030239648917	-0.00920202844735	-0.0575753252967	-0.0684432799291	-0.0780734140205	-0.00345778844328	-0.0553098619866	0.0192764076166	-0.0562561598194	-0.0307815041063	-0.0062369837494	0.0509973219896	-0.117762432426	0.00756566922549	-0.0231434308644	-0.0629509790411	-0.0235166576311	-0.0692647136881	0.0426065031983	-0.0251618249513	-0.0333710981935	-0.0699165632738	0.0982185880025	0.0548145540601	-0.142656810731	-0.0399591879798	-0.00409136702075	0.0584971039325	-0.0485734808662	-0.00729929553055	-0.000566362744813	-0.0686884910014	-0.0496357110209	-0.00943493649654	-0.0281444172591	-0.0296155358759	-0.0446165428077	-0.0519176603761	-0.0415455507978	-0.037296159578	0.0124810003439	-0.00713102736891
k__Bacteria;p__Bacteroidetes;c__Bacteroidia;o__Bacteroidales;f__Bacteroidaceae;g__Bacteroides;s__Bacteroides_thetaiotaomicron	-0.0688180529741	0.0805076700248	-0.0381266205515	-0.00147220619502	-0.0449378856196	0.00946420250238	-0.0822952588561	-0.208963257104	0.0143994157212	0.0371268819325	1.0	-0.0195681014433	0.0552767349023	-0.132439898729	-0.221414840774	-0.0857087527078	-0.0182947246336	0.0475870875714	-0.0981489799254	0.0461910396316	-0.0996743457818	-0.0985267257088	0.0159072425029	-0.0257187719406	-0.0478247908567	-0.0251792118261	-0.0932840420948	-0.0300750511442	0.0293971408505	0.0817406837494	0.0693368367286	0.0650163186145	-0.0485606393291	-0.00354956280671	-0.0610462483868	0.0172594044283	-0.0414633042214	-0.16496369189	-0.0273176475716	0.00343273616668	-0.0234172487508	0.0621815551804	-0.0106463992124	-0.140760989173	-0.0451768343176	-0.113663319285	-0.071081932108	0.00763524577039	0.0275344305875	-0.0159091014366	-0.122043765744	0.0376351462284	-0.0437704856922	-0.0568467752065	-0.0603779417026	-0.0338273073832	-0.0353920187583	-0.0244239601946	-0.138906969808
k__Bacteria;p__Bacteroidetes;c__Bacteroidia;o__Bacteroidales;f__Bacteroidaceae;g__Bacteroides;s__Bacteroides_coprocola	0.0048643683529	0.0232983363648	0.0717600874012	-0.0754332325312	0.0595873356004	-0.0447670523374	-0.00127277488732	-0.0829622253332	-0.0979150317868	0.00989637276662	-0.0195681014433	1.0	0.0583058473996	-0.0687605056626	0.0581069618424	-0.107701634958	-0.0668840690964	-0.0189298152461	-0.0118373101224	0.0189864564487	-0.0580171138432	0.0356786388068	-0.110803129659	0.0136839711898	-0.144952878781	-0.0347143952793	0.00895177287666	-0.133315912436	-0.0524622628378	0.0278246843925	0.000481431444989	0.0477485427585	-0.0825606810118	0.0213844876288	-0.0348071601414	0.00766618107662	-0.00220327951466	-0.118114646332	0.0476134465284	0.00376800847753	0.0402244154254	-0.0137683744405	-0.0710715276054	0.0447842125707	0.00119386430611	0.0125276362133	-0.0580183657721	-0.0551884289086	-0.0431132975349	-0.0492448588383	-0.115278714061	-0.0342026199721	-0.0361227089407	0.0253925330491	-0.0612083615425	0.00602218357785	-0.0971659344452	-0.0509273339978	-0.0197120207466
k__Bacteria;p__Bacteroidetes;c__Bacteroidia;o__Bacteroidales;f__Bacteroidaceae;g__Bacteroides;s__Bacteroides_cellulosilyticus	-0.0121668825296	-0.0263816195405	0.0177578802759	-0.056876691766	0.0207712140248	-0.166597427049	-0.0998347636732	-0.0958055968365	-0.139264387781	0.0243640589422	0.0552767349023	0.0583058473996	1.0	-0.0634881425336	-0.139638694148	0.0162689782408	-0.00934851174144	0.0663902819699	-0.0588119767971	-0.0576045673945	-0.00561148992673	-0.102378863581	0.0225736355383	0.0471584526527	-0.0690276648978	0.00295492420612	0.0489241475365	-0.0574135750184	-0.062629883548	0.00668389515313	-0.0452191663127	0.0397846431181	-0.0163371815963	0.0281657238387	-0.0446524673771	-0.0614370656342	-0.0544117569128	-0.0450019805134	-0.027898605797	-0.0575936745434	-0.0654625108683	-0.0494819812383	0.0101763008622	-0.0160292741639	-0.0546340324222	0.0174063405625	-0.0463476578338	-0.0870178259906	0.0591819069131	0.0400617345187	-0.0572225436009	-0.0293339063184	0.0586639171668	0.0447134496248	0.0233538565456	-0.00396321580759	0.0203143347383	-0.0699261446664	-0.11727236848
k__Bacteria;p__Bacteroidetes;c__Bacteroidia;o__Bacteroidales;f__Rikenellaceae;g__Alistipes;s__Alistipes_obesi	0.0341366905738	-0.051976347659	-0.00631277972552	-0.0122768091447	0.0218283693551	-0.022692029603	-0.0354609987406	0.0234252732671	-0.0957952119635	0.00742643705399	-0.132439898729	-0.0687605056626	-0.0634881425336	1.0	0.0159480517141	-0.0363694007188	0.00119819194369	-0.069214474657	-0.0362983890337	-0.0592838413749	-0.029272102108	-0.0712459514898	-0.0216859302912	-0.110172962069	-0.0452551399296	-0.0986635228202	-0.0108562154295	-0.095726533289	-0.1130835599	-0.0807650426999	-0.0436535281604	0.0100111678641	-0.0511318268756	-0.0924645372524	-0.0791859842212	0.0102800174468	-0.00935031868775	-0.0456945958215	-0.0785934810688	-0.0214992392023	-0.0860414334054	-0.0381739498849	0.0838217612609	-0.0876601175742	-0.0548462642078	0.138076646409	0.0560560108713	0.0449531738051	-0.0127484874097	-0.08878529864	-0.121648606964	-0.0975518972685	0.0396254061399	-0.0331161077297	-0.0230930337859	-0.00960144015805	0.0195957292064	-0.176422921068	-0.00654496547469
k__Bacteria;p__Firmicutes;c__Clostridia;o__Clostridiales;f__Lachnospiraceae;g__;s__[Eubacterium]_rectale	0.0179214201106	-0.0496322441944	0.0227839560921	-0.0494903985181	-0.0885889501223	0.00137459748351	-0.0959771511302	0.0656967064142	0.0568322396439	-0.0329336656178	-0.221414840774	0.0581069618424	-0.139638694148	0.0159480517141	1.0	-0.000542207874438	0.0665552876377	0.0144930979565	-0.0474628941715	0.073263896511	-0.0867013909071	-0.0229251021498	-0.129277128992	-0.0677675941206	0.0701584156068	-0.106145849337	-0.113916001759	-0.062329167021	-0.00752207754729	-0.122938257208	0.0103654993251	-0.131166916004	-0.0739083255931	-0.0259281411917	-0.0203813630338	0.0882712972208	-0.0363462187907	0.0551731053058	0.0656031891686	-0.0520042577153	0.00266204595831	-0.063730691901	-0.0620101061275	0.0529689779606	-0.108021611703	-0.0818339836948	-0.062517813998	-0.0231381498273	0.010620067528	-0.0762806988303	-0.0520204565051	-0.0292817033667	-0.00355570426152	-0.0390570634973	-0.0119960429782	-0.140102927117	-0.0111773755555	-0.0759676088269	-0.0604374589063
k__Bacteria;p__Bacteroidetes;c__Bacteroidia;o__Bacteroidales;f__Bacteroidaceae;g__Bacteroides;s__Bacteroides_plebeius	-0.114995856475	0.000570964970598	-0.0710749242948	-0.0035471277767	-0.0460834739025	-0.0329813907394	-0.0046233872759	-0.0107123941679	-0.100087196284	0.000284878449597	-0.0857087527078	-0.107701634958	0.0162689782408	-0.0363694007188	-0.000542207874438	1.0	-0.0172762966803	-0.0187245577684	-0.0747736263962	-0.0915596271084	-0.0551158593016	-0.0945528080355	0.0508445777801	0.0352590094264	0.00281542832163	0.0923119377307	0.0436342688752	-0.0901266415777	-0.0137415599249	0.0640393683084	-0.0681707304414	-0.000313402488319	-0.0351972301702	-0.124545475527	0.0643882064708	0.00489042131972	-0.014761085422	0.0646246196437	0.0505554128519	-0.0557968501428	0.00441752808988	0.00258067824676	-0.082389526384	0.090238128153	0.0223951383526	-0.0742167385256	-0.100716353351	-0.0304892482087	0.00501998842761	-0.105970645418	0.118184498323	0.000531343128081	0.0353025713894	-0.0153024322583	-0.00734268663013	-0.0736992996403	-0.0623840530084	-0.0598518288684	-0.0525133371359
k__Bacteria;p__Bacteroidetes;c__Bacteroidia;o__Bacteroidales;f__Bacteroidaceae;g__Bacteroides;s__Bacteroides_fragilis	-0.018768268537	0.0137742859401	-0.061110816848	-0.0194410199915	-0.0371261366657	0.00637410447286	-0.227979223504	0.0407790512453	-0.0450326872414	-0.129266249189	-0.0182947246336	-0.0668840690964	-0.00934851174144	0.00119819194369	0.0665552876377	-0.0172762966803	1.0	0.0608502190071	0.0065439279431	-0.00226011143425	-0.0442537282813	0.107062196975	-0.0171416512577	0.0775341461715	-0.0477154170545	0.00858855098164	0.00132505860735	0.0118052907667	-0.0557409559259	-0.0573187873069	-0.0964434613269	-0.0617305685744	-0.15102712367	-0.100251527018	-0.0574761269649	-0.0484066807153	-0.0454717987117	-0.00365861131656	-0.0734436085168	-0.00263282446373	-0.103712234266	-0.0453428078618	-0.0723475787349	0.00292795134747	-0.0210948217027	-0.0700767832954	-0.0722305998104	-0.0293576284552	0.0667561641857	0.0590120389307	-0.0639444458125	-0.142313325855	-0.00257275599916	-0.00758168065619	-0.0416865713021	-0.0232096378713	-0.0131534156723	-0.14077150781	-0.0645436178729
k__Bacteria;p__Proteobacteria;c__Betaproteobacteria;o__Burkholderiales;f__Sutterellaceae;g__Sutterella;s__Sutterella_wadsworthensis	0.0128150754909	-0.135760178922	-0.0119737181455	-0.0540717049907	-0.00790790186311	-0.0700987223545	-0.0325710025232	-0.053701653186	0.00696433830643	0.0030239648917	0.0475870875714	-0.0189298152461	0.0663902819699	-0.069214474657	0.0144930979565	-0.0187245577684	0.0608502190071	1.0	-0.038010262178	-0.0165634262909	-0.0172071266416	0.0111767163827	-0.0873141065715	-0.0360347309921	-0.0969729728538	-0.0108676581566	-0.041872765704	0.132120842319	-0.0257295656861	-0.0276786857968	-0.0959251841956	-0.0765775167679	-0.0554452997396	0.0149868912133	-0.0267594599791	-0.0442205059138	-0.0057760171645	0.0290931295329	-0.0311135490305	-0.123418053163	-0.0465563026282	-0.0354755465373	-0.0335748056524	0.0174957574978	-0.000153346059713	0.0160088367817	0.00231357245739	0.0534055677917	0.0328148439294	0.00440074367206	0.00426677277052	0.0241107128863	-0.0675757893338	-0.000945135393416	-0.00515228348577	-0.0884422574175	-0.0381080936948	0.0131709825924	-0.0325985790901
k__Bacteria;p__Bacteroidetes;c__Bacteroidia;o__Bacteroidales;f__Porphyromonadaceae;g__Barnesiella;s__Barnesiella_intestinihominis	-0.0932588055267	-0.0570235254911	-0.142058296247	-0.0660827483827	-0.00711211251431	-0.0655708611536	0.00180680229673	0.0989655305715	0.0236335403466	-0.00920202844735	-0.0981489799254	-0.0118373101224	-0.0588119767971	-0.0362983890337	-0.0474628941715	-0.0747736263962	0.0065439279431	-0.038010262178	1.0	-0.0915558904601	0.0619181541879	0.116126340744	0.0570466660182	-0.157453734061	-0.0675748981944	-0.082126135126	-0.0561566059173	-0.0723767188822	-0.0534033021895	-0.0919947301062	-0.0937465256609	0.0908904309513	-0.150961909562	-0.00641109894198	0.0123495148648	0.0364145435379	-0.0210660545365	-0.00158641507977	0.00263644947857	-0.0154651192856	0.0667971181196	-0.054638902104	-0.0390297204611	-0.036196711684	0.0906497163214	-0.00222177661951	0.0804049746949	-0.0588866209517	-0.0264933314328	0.00910943590446	-0.0233014571075	0.013602767117	0.133485921011	0.0146219673256	-0.0800967753669	0.0638538595181	-0.03686408957	-0.089203521989	0.025057288288
k__Bacteria;p__Bacteroidetes;c__Bacteroidia;o__Bacteroidales;f__Odoribacteraceae;g__Odoribacter;s__Odoribacter_splanchnicus	-0.0679132137847	-0.0319310247197	0.0673766602988	0.0148472822713	0.0340284370459	-0.0284898877214	-0.0814950734003	0.0230032050181	-0.0551368588682	-0.0575753252967	0.0461910396316	0.0189864564487	-0.0576045673945	-0.0592838413749	0.073263896511	-0.0915596271084	-0.00226011143425	-0.0165634262909	-0.0915558904601	1.0	-0.0560774260778	-0.0334398177356	0.012544113042	0.0288649812899	-0.0640709476271	-0.0900314255059	-0.0766370619891	-0.0283247980651	0.0137483417882	-0.0369342083662	-0.0571085530196	-0.0884721905756	0.0137241808119	-0.0446145313146	-0.078620213623	-0.053920689729	-0.0311545674125	0.0436352275967	-0.063889310389	0.0581468132758	-0.174738815934	0.00316665114875	-0.092037927558	0.0232322128856	-0.0572489143831	-0.0651012220601	-0.0621234728832	0.00678890930005	-0.0948724483383	0.0920624127899	-0.0975373339473	-0.0476597504659	-0.0203695540587	0.0214145737391	-0.0661264675653	-0.053930188938	0.0495411451802	-0.0273131568393	-0.0466454821702
k__Bacteria;p__Bacteroidetes;c__Bacteroidia;o__Bacteroidales;f__Bacteroidaceae;g__Bacteroides;s__Bacteroides_salyersiae	-0.193007558809	-0.045198973655	-0.0123872299589	-0.118796152915	-0.0637410537287	0.0350261726879	0.0302501761926	-0.00736285610481	-0.0224648538049	-0.0684432799291	-0.0996743457818	-0.0580171138432	-0.00561148992673	-0.029272102108	-0.0867013909071	-0.0551158593016	-0.0442537282813	-0.0172071266416	0.0619181541879	-0.0560774260778	1.0	-0.0607729903008	-0.0404861096161	-0.0518843745986	-0.00933744177537	0.00739875328414	-0.100532442316	0.00800931407016	0.00571496749034	-0.0709169092382	0.0793812559901	-0.0360829693588	-0.107502729664	-0.0306299093468	-0.0867914546566	-0.0749071145595	-0.0027007616855	-0.0199785589871	-0.0269255036932	-0.0134326326499	0.0489955999656	-0.0490934905428	0.033706406178	-0.0443715998284	0.0764519570572	-0.014881031694	-0.00654255353746	0.0322496901858	-0.0112741289846	-0.0282048155427	-0.0240665950754	-0.0657725845892	-0.00607090566844	-0.0662387780102	0.00201141667213	-0.0301489991953	0.110340937988	0.0368915279237	-0.0536345310837
k__Bacteria;p__Firmicutes;c__Clostridia;o__Clostridiales;f__Ruminococcaceae;g__Ruminiclostridium;s__[Eubacterium]_siraeum	0.0194668375154	-0.0118661224055	-0.0128629171052	-0.0590747264321	-0.0106362405998	-0.00682436165268	0.0391949194571	0.0196417840826	-0.165361384757	-0.0780734140205	-0.0985267257088	0.0356786388068	-0.102378863581	-0.0712459514898	-0.0229251021498	-0.0945528080355	0.107062196975	0.0111767163827	0.116126340744	-0.0334398177356	-0.0607729903008	1.0	-0.101618431322	0.023445580207	0.0152307318608	0.0282223057749	0.0365665445097	-0.0310089349277	0.0203732846317	-0.110118915252	-0.0108356447457	-0.079255770533	-0.00827754958505	-0.098454042187	0.0495933497089	-0.0787420877941	0.00260798871376	0.0479765399804	0.0138241150417	0.0113489336845	-0.00753469739423	0.0990022254326	-0.0269704108635	-0.0882761440465	0.0101755905638	-0.0934069161433	-0.110620083951	-0.171358460493	0.000327929269966	0.0135904121986	-0.0723052584268	0.0222058105631	-0.0160994458828	0.0117334343277	-0.0894303519357	0.0160059302647	-0.124883521344	-0.0430976772951	-0.0253668198058
k__Bacteria;p__Proteobacteria;c__Betaproteobacteria;o__Burkholderiales;f__Sutterellaceae;g__Parasutterella;s__Parasutterella_excrementihominis	0.0679850795535	-0.0347940897578	0.00368268123477	0.0212283035992	-0.0102206817686	-0.0620078983755	-0.0630162534435	-0.0693220193878	-0.101613815249	-0.00345778844328	0.0159072425029	-0.110803129659	0.0225736355383	-0.0216859302912	-0.129277128992	0.0508445777801	-0.0171416512577	-0.0873141065715	0.0570466660182	0.012544113042	-0.0404861096161	-0.101618431322	1.0	0.0164627853709	-0.0303669690947	-0.0487164423608	0.0175363232654	-0.0921062945072	-0.0259001264366	-0.0987244173675	0.0653287089208	-0.012067711166	0.0351669381456	0.00498149312357	-0.046959158233	-0.0580749573704	-0.0619264735072	-0.00809059600528	0.00676997062462	-0.00813313049472	0.00919415155892	-0.143849509307	0.0261921234212	0.0793577949219	0.072126026145	-0.0344668784332	-0.0420558398794	-0.0763973177417	-0.0221592034618	-0.0307332163213	-0.0657450037751	-0.0235788831292	-0.0780048012514	-0.0376030664453	-0.0457319292504	-0.0186428585181	0.0189165642725	-0.0660635368266	0.0259841586379
k__Bacteria;p__Actinobacteria;c__Actinobacteria;o__Bifidobacteriales;f__Bifidobacteriaceae;g__Bifidobacterium;s__Bifidobacterium_adolescentis	0.0309408397479	0.063429422018	0.0265821858045	-0.0456837794158	-0.00177496095788	0.0199074965554	0.0102121610628	-0.0036206082316	-0.0830583646479	-0.0553098619866	-0.0257187719406	0.0136839711898	0.0471584526527	-0.110172962069	-0.0677675941206	0.0352590094264	0.0775341461715	-0.0360347309921	-0.157453734061	0.0288649812899	-0.0518843745986	0.023445580207	0.0164627853709	1.0	-0.142078177847	0.0161661730914	-0.100059534945	0.0420028550262	-0.153791249325	-0.00773206207446	-0.0973527869272	-0.12190222517	-0.0835506468451	-0.0130980768629	-0.096754008096	-0.0879426007694	-0.057204530454	0.0208412362735	-0.0404621706223	-0.0332177026614	0.0113972739773	-0.108646755672	-0.0365016778708	0.0151855031679	0.00121359058424	0.0641153827315	-0.0254319134043	-0.0701338444219	0.00990888729129	-0.0128362851623	0.0399539943459	-0.0807103601569	0.0190346232036	-0.0740939058974	-0.106971933165	-0.0636932615107	-0.0292615712782	0.0349524443149	-0.0138294587427
k__Bacteria;p__Firmicutes;c__Clostridia;o__Clostridiales;f__Oscillospiraceae;g__Oscillibacter;s__Oscillibacter_sp._KLE_1745	-0.00268061892226	0.0528224005912	0.0448107496905	0.0541912982444	0.00431761605239	-0.0132547812795	-0.0462955322832	0.109675619163	-0.00504779846025	0.0192764076166	-0.0478247908567	-0.144952878781	-0.0690276648978	-0.0452551399296	0.0701584156068	0.00281542832163	-0.0477154170545	-0.0969729728538	-0.0675748981944	-0.0640709476271	-0.00933744177537	0.0152307318608	-0.0303669690947	-0.142078177847	1.0	0.0907906239274	0.0393771901399	0.0885750366373	-0.0750365308483	-0.0206839709016	0.0151731734578	0.0727544845858	-0.0531395080499	-0.0373804193667	-0.0912145794516	-0.0275280548532	-0.0133576252667	-0.0418242123459	-0.0642106870284	0.0201409953735	-0.0170449736318	0.019361861531	-0.00067875040329	-0.0734560066186	-0.0277621437087	-0.101062714928	0.0627754163216	-0.0521188274001	-0.0749130167975	0.000125192206078	0.0568593026653	-0.111340062605	-0.0702853424171	-0.138346512228	-0.0081517390501	-0.111948147806	-0.0450714556168	0.0586595035368	-0.0657337096477
k__Bacteria;p__Bacteroidetes;c__Bacteroidia;o__Bacteroidales;f__Bacteroidaceae;g__Bacteroides;s__Bacteroides_coprophilus	0.0807788285776	0.11768308169	-0.0941318040793	0.0910201532861	0.0308203090865	-0.100049561631	-0.0195647873849	-0.0586173267123	-0.076786651875	-0.0562561598194	-0.0251792118261	-0.0347143952793	0.00295492420612	-0.0986635228202	-0.106145849337	0.0923119377307	0.00858855098164	-0.0108676581566	-0.082126135126	-0.0900314255059	0.00739875328414	0.0282223057749	-0.0487164423608	0.0161661730914	0.0907906239274	1.0	-0.0322008743696	-0.0161302007221	0.0208321840276	-0.0110504099178	-0.0792364515505	-0.0833734347374	-0.021126285721	0.0037118445042	-0.00958348419449	-0.0890393160986	0.0411606643454	-0.0100684171357	-0.0458733667982	-0.0380568840415	-0.036104266396	-0.14351034399	-0.0385355952074	-0.096343582157	0.0661752858898	0.0111141664257	-0.0603031246057	-0.0980658123278	-0.036582639662	-0.0444365453827	-0.0678516008663	-0.027452199063	-0.0915639939603	-0.0556252256608	-0.0541377067299	-0.074010972811	-0.0331785667856	0.0138350011296	0.0922489719554
k__Bacteria;p__Firmicutes;c__Clostridia;o__Clostridiales;f__Lachnospiraceae;g__Roseburia;s__Roseburia_intestinalis	0.095701277039	0.0229711733247	-0.0275328396173	-0.0826334432978	-0.0664283767683	-0.0331246073035	0.00886217914218	-0.0383160340413	-0.0286429155814	-0.0307815041063	-0.0932840420948	0.00895177287666	0.0489241475365	-0.0108562154295	-0.113916001759	0.0436342688752	0.00132505860735	-0.041872765704	-0.0561566059173	-0.0766370619891	-0.100532442316	0.0365665445097	0.0175363232654	-0.100059534945	0.0393771901399	-0.0322008743696	1.0	-0.0970222947215	-0.0767591455086	-0.0358323063951	-0.0784494332897	-0.00765092974414	-0.117526710248	0.0440884091641	-0.0386958415464	-0.0762040698504	-0.0703111933483	-0.100811246859	-0.00108480101852	-0.0772169077852	-0.0315778719821	0.0143422439113	-0.000222289340817	-0.0808362561879	-0.0601879223456	0.0417325035736	-0.00926308427726	-0.0397268042379	-0.00198726157581	0.00488017227891	-0.0131893358587	-0.0515180076922	-0.0154761281905	-0.030928825113	0.0752939630083	-0.0458700280248	-0.0160832502236	-0.0664853305804	-0.00718506153903
k__Bacteria;p__Firmicutes;c__Clostridia;o__Clostridiales;f__Lachnospiraceae;g__Roseburia;s__Roseburia_hominis	-0.197751385228	-0.114901922269	0.104478942126	-0.042580417258	0.0595885590623	0.0640856316844	-0.0964191502332	-0.0634560291683	-0.0358773814981	-0.0062369837494	-0.0300750511442	-0.133315912436	-0.0574135750184	-0.095726533289	-0.062329167021	-0.0901266415777	0.0118052907667	0.132120842319	-0.0723767188822	-0.0283247980651	0.00800931407016	-0.0310089349277	-0.0921062945072	0.0420028550262	0.0885750366373	-0.0161302007221	-0.0970222947215	1.0	-0.0775108659618	0.0025872171888	0.09779774128	-0.0977469641509	-0.00881398065757	0.074251272443	-0.0379116123665	0.0844050277047	0.0644606164517	0.137113571739	-0.0875967488691	-0.0477731662797	0.0160131406468	-0.0139289973753	-0.0399797205369	0.0357132722321	0.00922675279693	0.0106947593668	-0.00507537075031	-0.0659479955461	-0.0657018956024	-0.0474419509673	0.0503507997027	-0.0354786729725	-0.0308714555928	0.0577173594454	-0.0329116421858	-0.0808130540366	0.070712357126	-0.123486524089	-0.0413351379178
k__Bacteria;p__Bacteroidetes;c__Bacteroidia;o__Bacteroidales;f__Porphyromonadaceae;g__Parabacteroides;s__Parabacteroides_johnsonii	0.015455019934	-0.0390772385192	-0.0334356185341	-0.0555175579363	-0.118093785277	0.0515145866866	-0.00425980317028	-0.163179996329	-0.00337924713642	0.0509973219896	0.0293971408505	-0.0524622628378	-0.062629883548	-0.1130835599	-0.00752207754729	-0.0137415599249	-0.0557409559259	-0.0257295656861	-0.0534033021895	0.0137483417882	0.00571496749034	0.0203732846317	-0.0259001264366	-0.153791249325	-0.0750365308483	0.0208321840276	-0.0767591455086	-0.0775108659618	1.0	-0.0190542860002	-0.0412762814815	0.0737699100922	-0.0355139717483	-0.0168494404045	-0.0315920602416	0.026010752397	-0.0374943215432	0.0647603218539	0.016987254153	-0.0456832791325	-0.040934730014	-0.0641936073822	0.0625327135515	-0.0521710576674	-0.0543485951677	-0.0888589712674	-0.0526624985431	0.0403136351741	-0.0555877537078	0.065803401005	-0.0448726388536	-0.0275310565113	0.0451386144087	0.0240775925264	0.00387248514592	-0.0208991355886	-0.0307764724608	-0.176796914726	-0.0952211699714
k__Bacteria;p__Actinobacteria;c__Actinobacteria;o__Bifidobacteriales;f__Bifidobacteriaceae;g__Bifidobacterium;s__Bifidobacterium_longum	-0.0296499898854	-0.0340223589967	0.00124194529895	-0.0496792784762	-0.0803346822214	-0.0415055410477	-0.0823717149758	-0.0213184279779	-0.108328246986	-0.117762432426	0.0817406837494	0.0278246843925	0.00668389515313	-0.0807650426999	-0.122938257208	0.0640393683084	-0.0573187873069	-0.0276786857968	-0.0919947301062	-0.0369342083662	-0.0709169092382	-0.110118915252	-0.0987244173675	-0.00773206207446	-0.0206839709016	-0.0110504099178	-0.0358323063951	0.0025872171888	-0.0190542860002	1.0	-0.0939565147487	-0.0170340087132	0.000105513243382	-0.00856752283969	-0.000777502486398	0.00975516982529	0.0617879300106	0.0249757557996	-0.0119877299438	0.0010315854254	0.00561926951004	0.09489018486	-0.00444090541648	-0.0277544157171	-0.135473023323	-0.0998123600239	-0.0581410417796	0.0113466548923	-0.0165835596155	0.00340149478143	0.00741561034514	-0.0930441176614	0.0030701081598	-0.0141441567507	-0.0211827203268	0.0266600164751	-0.06764065262	-0.0557571634395	-0.0164719480073
