#taxonomy	k__Bacteria;p__Bacteroidetes;c__Bacteroidia;o__Bacteroidales;f__Bacteroidaceae;g__Bacteroides;s__Bacteroides_vulgatus	k__Bacteria;p__Bacteroidetes;c__Bacteroidia;o__Bacteroidales;f__Bacteroidaceae;g__Bacteroides;s__Bacteroides_uniformis	k__Bacteria;p__Bacteroidetes;c__Bacteroidia;o__Bacteroidales;f__Rikenellaceae;g__Alistipes;s__Alistipes_putredinis	k__Bacteria;p__Bacteroidetes;c__Bacteroidia;o__Bacteroidales;f__Prevotellaceae;g__Prevotella;s__Prevotella_copri	k__Bacteria;p__Bacteroidetes;c__Bacteroidia;o__Bacteroidales;f__Bacteroidaceae;g__Bacteroides;s__Bacteroides_stercoris	k__Bacteria;p__Bacteroidetes;c__Bacteroidia;o__Bacteroidales;f__Bacteroidaceae;g__Bacteroides;s__Bacteroides_ovatus	k__Bacteria;p__Bacteroidetes;c__Bacteroidia;o__Bacteroidales;f__Rikenellaceae;g__Alistipes;s__Alistipes_shahii	k__Bacteria;p__Firmicutes;c__Clostridia;o__Clostridiales;f__Ruminococcaceae;g__Faecalibacterium;s__Faecalibacterium_prausnitzii	k__Bacteria;p__Bacteroidetes;c__Bacteroidia;o__Bacteroidales;f__Rikenellaceae;g__Alistipes;s__Alistipes_finegoldii	k__Bacteria;p__Bacteroidetes;c__Bacteroidia;o__Bacteroidales;f__Porphyromonadaceae;g__Parabacteroides;s__Parabacteroides_distasonis	k__Bacteria;p__Bacteroidetes;c__Bacteroidia;o__Bacteroidales;f__Bacteroidaceae;g__Bacteroides;s__Bacteroides_thetaiotaomicron	k__Bacteria;p__Bacteroidetes;c__Bacteroidia;o__Bacteroidales;f__Bacteroidaceae;g__Bacteroides;s__Bacteroides_coprocola	k__Bacteria;p__Bacteroidetes;c__Bacteroidia;o__Bacteroidales;f__Bacteroidaceae;g__Bacteroides;s__Bacteroides_cellulosilyticus	k__Bacteria;p__Bacteroidetes;c__Bacteroidia;o__Bacteroidales;f__Rikenellaceae;g__Alistipes;s__Alistipes_obesi	k__Bacteria;p__Firmicutes;c__Clostridia;o__Clostridiales;f__Lachnospiraceae;g__;s__[Eubacterium]_rectale	k__Bacteria;p__Bacteroidetes;c__Bacteroidia;o__Bacteroidales;f__Bacteroidaceae;g__Bacteroides;s__Bacteroides_plebeius	k__Bacteria;p__Bacteroidetes;c__Bacteroidia;o__Bacteroidales;f__Bacteroidaceae;g__Bacteroides;s__Bacteroides_fragilis	k__Bacteria;p__Proteobacteria;c__Betaproteobacteria;o__Burkholderiales;f__Sutterellaceae;g__Sutterella;s__Sutterella_wadsworthensis	k__Bacteria;p__Bacteroidetes;c__Bacteroidia;o__Bacteroidales;f__Porphyromonadaceae;g__Barnesiella;s__Barnesiella_intestinihominis	k__Bacteria;p__Bacteroidetes;c__Bacteroidia;o__Bacteroidales;f__Odoribacteraceae;g__Odoribacter;s__Odoribacter_splanchnicus	k__Bacteria;p__Bacteroidetes;c__Bacteroidia;o__Bacteroidales;f__Bacteroidaceae;g__Bacteroides;s__Bacteroides_salyersiae	k__Bacteria;p__Firmicutes;c__Clostridia;o__Clostridiales;f__Ruminococcaceae;g__Ruminiclostridium;s__[Eubacterium]_siraeum	k__Bacteria;p__Proteobacteria;c__Betaproteobacteria;o__Burkholderiales;f__Sutterellaceae;g__Parasutterella;s__Parasutterella_excrementihominis	k__Bacteria;p__Actinobacteria;c__Actinobacteria;o__Bifidobacteriales;f__Bifidobacteriaceae;g__Bifidobacterium;s__Bifidobacterium_adolescentis	k__Bacteria;p__Firmicutes;c__Clostridia;o__Clostridiales;f__Oscillospiraceae;g__Oscillibacter;s__Oscillibacter_sp._KLE_1745	k__Bacteria;p__Bacteroidetes;c__Bacteroidia;o__Bacteroidales;f__Bacteroidaceae;g__Bacteroides;s__Bacteroides_coprophilus	k__Bacteria;p__Firmicutes;c__Clostridia;o__Clostridiales;f__Lachnospiraceae;g__Roseburia;s__Roseburia_intestinalis	k__Bacteria;p__Firmicutes;c__Clostridia;o__Clostridiales;f__Lachnospiraceae;g__Roseburia;s__Roseburia_hominis	k__Bacteria;p__Bacteroidetes;c__Bacteroidia;o__Bacteroidales;f__Porphyromonadaceae;g__Parabacteroides;s__Parabacteroides_johnsonii	k__Bacteria;p__Actinobacteria;c__Actinobacteria;o__Bifidobacteriales;f__Bifidobacteriaceae;g__Bifidobacterium;s__Bifidobacterium_longum	k__Bacteria;p__Firmicutes;c__Clostridia;o__Clostridiales;f__;g__Flavonifractor;s__Flavonifractor_plautii	k__Bacteria;p__Firmicutes;c__Clostridia;o__Clostridiales;f__Clostridiaceae;g__Clostridium;s__Clostridium_phoceensis	k__Bacteria;p__Verrucomicrobia;c__Verrucomicrobiae;o__Verrucomicrobiales;f__Akkermansiaceae;g__Akkermansia;s__Akkermansia_muciniphila	k__Bacteria;p__Bacteroidetes;c__Bacteroidia;o__Bacteroidales;f__Prevotellaceae;g__Paraprevotella;s__Paraprevotella_xylaniphila	k__Bacteria;p__Firmicutes;c__Clostridia;o__Clostridiales;f__Ruminococcaceae;g__Ruminococcus;s__Ruminococcus_callidus	k__Bacteria;p__Bacteroidetes;c__Bacteroidia;o__Bacteroidales;f__Rikenellaceae;g__Alistipes;s__Alistipes_senegalensis	k__Bacteria;p__Firmicutes;c__Clostridia;o__Clostridiales;f__Lachnospiraceae;g__Blautia;s__Blautia_sp._KLE_1732	k__Bacteria;p__Bacteroidetes;c__Bacteroidia;o__Bacteroidales;f__Bacteroidaceae;g__Bacteroides;s__Bacteroides_oleiciplenus	k__Bacteria;p__Firmicutes;c__Clostridia;o__Clostridiales;f__Ruminococcaceae;g__Ruminococcus;s__Ruminococcus_bicirculans	k__Bacteria;p__Bacteroidetes;c__Bacteroidia;o__Bacteroidales;f__Bacteroidaceae;g__Bacteroides;s__Bacteroides_fluxus	k__Bacteria;p__Bacteroidetes;c__Bacteroidia;o__Bacteroidales;f__Prevotellaceae;g__Prevotella;s__Prevotella_stercorea	k__Bacteria;p__Firmicutes;c__Clostridia;o__Clostridiales;f__Lachnospiraceae;g__Dorea;s__Dorea_longicatena	k__Bacteria;p__Firmicutes;c__Clostridia;o__Clostridiales;f__Eubacteriaceae;g__Eubacterium;s__[Eubacterium]_eligens	k__Bacteria;p__Firmicutes;c__Clostridia;o__Clostridiales;f__Ruminococcaceae;g__;s__Ruminococcaceae_bacterium_D16	k__Bacteria;p__Firmicutes;c__Clostridia;o__Clostridiales;f__Lachnospiraceae;g__Coprococcus;s__Coprococcus_comes	k__Bacteria;p__Proteobacteria;c__Gammaproteobacteria;o__Enterobacterales;f__Enterobacteriaceae;g__Escherichia;s__Escherichia_coli	k__Bacteria;p__Firmicutes;c__Clostridia;o__Clostridiales;f__Ruminococcaceae;g__Anaerotruncus;s__Anaerotruncus_colihominis	k__Bacteria;p__Firmicutes;c__Clostridia;o__Clostridiales;f__Lachnospiraceae;g__Blautia;s__Blautia_obeum	k__Bacteria;p__Bacteroidetes;c__Bacteroidia;o__Bacteroidales;f__Odoribacteraceae;g__Odoribacter;s__Odoribacter_laneus	k__Bacteria;p__Firmicutes;c__Clostridia;o__Clostridiales;f__Ruminococcaceae;g__Ruminiclostridium;s__[Clostridium]_leptum	k__Bacteria;p__Bacteroidetes;c__Bacteroidia;o__Bacteroidales;f__Porphyromonadaceae;g__Parabacteroides;s__Parabacteroides_goldsteinii	k__Bacteria;p__Firmicutes;c__Clostridia;o__Clostridiales;f__Lachnospiraceae;g__Anaerostipes;s__Anaerostipes_hadrus	k__Bacteria;p__Firmicutes;c__Clostridia;o__Clostridiales;f__Ruminococcaceae;g__Ruminococcus;s__Ruminococcus_lactaris	k__Bacteria;p__Firmicutes;c__Clostridia;o__Clostridiales;f__Clostridiaceae;g__Clostridium;s__Clostridium_sp._L2-50	k__Bacteria;p__Firmicutes;c__Clostridia;o__Clostridiales;f__Clostridiaceae;g__Clostridium;s__Clostridium_sp._M62/1	k__Bacteria;p__Firmicutes;c__Clostridia;o__Clostridiales;f__;g__Intestinimonas;s__Intestinimonas_butyriciproducens	k__Bacteria;p__Actinobacteria;c__Actinobacteria;o__Bifidobacteriales;f__Bifidobacteriaceae;g__Bifidobacterium;s__Bifidobacterium_bifidum	k__Bacteria;p__Firmicutes;c__Negativicutes;o__Veillonellales;f__Veillonellaceae;g__Dialister;s__Dialister_invisus	k__Bacteria;p__Bacteroidetes;c__Bacteroidia;o__Bacteroidales;f__Bacteroidaceae;g__Bacteroides;s__Bacteroides_salanitronis
k__Bacteria;p__Bacteroidetes;c__Bacteroidia;o__Bacteroidales;f__Bacteroidaceae;g__Bacteroides;s__Bacteroides_vulgatus	1.0	-0.0323039248085	0.0228562016381	-0.032821816715	-0.0725145644794	0.0598234585249	-0.0452831645526	0.0253744750236	0.0109037279187	-0.00944829821123	0.0041152729093	0.00410421495344	0.0273757269713	-0.0605192102965	-0.00912177884143	-0.00918378407572	-0.0338193600497	0.0053359090466	0.02316828076	0.00968834422826	-0.00946346309495	-0.0048042129138	-0.0271301604664	-0.0346427926169	0.0292808172658	0.0265207252487	0.0412684242902	-0.0296532046787	-0.0343454604892	-0.0257538189024	0.0572491690503	-0.0187914259763	0.0145448734728	0.0321110094555	-0.0361225738021	-0.0479753159249	0.0427137142313	0.0112612753606	-0.0128713819879	0.0522140753741	-0.00835245788101	0.0299329880625	0.00526746181747	0.00845226802804	-0.010319426213	-0.0391075742098	-0.0289074170555	-0.0254771715062	0.0096373546518	-0.0541783567521	0.0388763114346	0.00708399284567	-0.0892781621892	-0.0207552669707	-0.00680175576992	-0.07898628366	0.0374173391601	-0.0364994964598	-0.0177998538638
k__Bacteria;p__Bacteroidetes;c__Bacteroidia;o__Bacteroidales;f__Bacteroidaceae;g__Bacteroides;s__Bacteroides_uniformis	-0.0323039248085	1.0	-0.0587580468393	-0.0498572515521	-0.0253180942309	0.0562575805763	-0.00437948587851	0.00901132234487	-0.00667813243177	-0.0656141187901	0.0167968840218	0.0247365450154	0.0233679128358	-0.0299080342062	0.012408352167	-0.0675197906821	-0.000539239915898	-0.0119976673605	-0.00830751817106	0.0625019654303	-0.0142246928419	0.0195750968356	-0.0197623103915	-0.0098740986487	-0.0472943455515	-0.0915524419865	-0.0254201788741	-0.0045512873113	-0.0103812185402	0.00449255280762	0.0324543011825	-0.0154213904916	-0.0787117365893	0.0262529187936	0.00585461391267	0.0371685346014	-0.0152819244311	-0.055656850811	0.0174602942033	0.00397673102321	-0.00629814179951	0.0387435891037	-0.0325894194893	-0.0307754394877	0.0177806397223	-0.00600433337506	-0.0179270575639	-0.0497162366921	-0.053946856311	0.053639330269	0.0399887041019	0.0474045123777	-0.0276845579913	-0.0265685658238	-0.0144604526947	-0.0425626843226	-0.0462866464814	-0.0641733353963	0.0312945424792
k__Bacteria;p__Bacteroidetes;c__Bacteroidia;o__Bacteroidales;f__Rikenellaceae;g__Alistipes;s__Alistipes_putredinis	0.0228562016381	-0.0587580468393	1.0	-0.0295676876954	0.0288392073083	-0.038742134772	-0.0421097168294	-0.0385875211547	0.0139628324857	-0.0587652327885	0.000415643806847	-0.0211232475419	0.0104923231458	-0.0144230522161	0.00784389770866	0.0410647439991	-0.0697801977811	-0.0521570294727	-0.0480048385576	0.0222841258689	-0.0213095271638	0.0290340977334	-0.00763523276951	0.0565487655238	0.0220941465063	0.0330291917494	0.0108368826059	-0.0993505071383	0.0343960983978	0.0182538501695	-0.00101703571337	0.000712896343386	0.00936748225089	-0.0151633442052	-0.0314745491129	-0.081070628272	-0.0296928562488	-0.0401821203632	-0.0244897922047	0.0258816803621	-0.0540879486848	0.0575663121158	-0.00770680466474	-0.0479895445788	-0.0880797711532	-0.0273897584338	0.0761973492559	0.0438587330277	-0.061829517718	0.0189672373302	0.0216614463213	0.066893904594	0.00304644863139	0.0129680694363	0.00228100337108	0.0333925327236	-0.0443665270707	-0.0504316033344	-0.0838650949139
k__Bacteria;p__Bacteroidetes;c__Bacteroidia;o__Bacteroidales;f__Prevotellaceae;g__Prevotella;s__Prevotella_copri	-0.032821816715	-0.0498572515521	-0.0295676876954	1.0	-0.022280802753	0.013635567355	0.0121632857258	0.0339977780579	-0.00479152303616	-0.0498933045606	-0.00150814280208	0.06696583131	0.044600697847	0.0315067920217	-0.0123179735094	-0.0185001551782	-0.0563101737447	-0.0144971932348	-0.0581111092415	-0.0295490649045	-0.0518904142862	-0.0544879370631	0.00104721128181	-0.0248912744714	0.00745202278324	0.0199720515441	-0.053859054941	-7.49437392366e-05	0.0233200751635	-0.0654065249359	0.0086316788419	-0.0594141517456	-0.0127352274966	0.0278536417346	-0.0249210064058	0.0263405728942	-0.0623799289678	-0.00702162786873	-0.0422826072892	-0.0443460503764	0.0228278209506	-0.071415527685	0.0065972320877	0.0126353771978	-0.0347870854221	-0.00144135182639	0.000573973509406	0.0670337594538	-0.0513983349143	0.0464624418308	0.0347319403742	0.0345966307699	0.0136504981132	0.012159085502	-0.0218847249303	-0.0159515905831	-0.0271194483989	-0.00448209171047	-0.0963967142274
k__Bacteria;p__Bacteroidetes;c__Bacteroidia;o__Bacteroidales;f__Bacteroidaceae;g__Bacteroides;s__Bacteroides_stercoris	-0.0725145644794	-0.0253180942309	0.0288392073083	-0.022280802753	1.0	0.013929533125	0.0266206839948	-0.0245263611863	-0.0133870285597	0.020889561821	0.0424354434521	0.022373191456	0.0628378683493	-0.0633055577827	0.0552975386344	-0.0744515968331	0.0276743338585	-0.00799571890538	-0.0481217757427	0.024667898855	0.0220935548554	0.0262572215553	-0.0387432440859	0.0508902925225	0.0412045981777	0.0159174677846	-0.019518350463	-0.0649662674577	-0.0214063082434	-0.0450490274754	0.0442343342107	-0.0829488604735	-0.0270921852894	-0.0129298025108	-0.0489239973238	-0.0112315499518	0.0578363960556	-0.0186250938971	-0.0440326457235	0.0118186106026	0.0226041981581	0.0363816213488	0.0122890076521	-0.0428811719782	0.025190471507	-0.0536454233155	-0.00704820765194	-0.112958750977	0.0228357974158	0.0192661062135	-0.0105334858451	0.0499528589843	-0.0258984244002	0.00946901102993	-0.00760780941519	0.00889028248174	-0.0019276208815	-0.00621724115068	0.023048886746
k__Bacteria;p__Bacteroidetes;c__Bacteroidia;o__Bacteroidales;f__Bacteroidaceae;g__Bacteroides;s__Bacteroides_ovatus	0.0598234585249	0.0562575805763	-0.038742134772	0.013635567355	0.013929533125	1.0	-0.0854515354993	-0.0694626859541	-0.0422789249984	0.0077002068356	-0.0740695078563	0.0201572051083	0.0493866016213	-0.0815115340799	-0.0663739956933	0.0473326708714	-0.0273718696374	0.0181516621828	0.0281171914758	-0.0162449206985	-0.0493662353947	0.0179677070011	-0.0410505517622	0.021539750282	-0.0708811087819	-0.0600426567047	0.0638077713264	-0.0211727255996	-0.0487363926208	0.0273608760566	0.0115718817369	0.0162644554847	-0.0216215449832	0.0335649998049	0.0186061161236	-0.0317155947164	0.0157861641484	-0.033616988109	-0.00269387849161	-0.0516107757352	-0.0657331404701	-0.0312957239646	-0.0156172479544	-0.00734946590375	0.0313222056141	-0.014120502789	0.0151029609911	0.037451360973	-0.0178553818905	-0.0599186497135	0.0216006391001	-0.0408394427387	-0.00717779462801	0.00356922315309	0.0201503234515	0.0133075122888	-0.0398247178672	-0.0158320932428	0.0173622595754
k__Bacteria;p__Bacteroidetes;c__Bacteroidia;o__Bacteroidales;f__Rikenellaceae;g__Alistipes;s__Alistipes_shahii	-0.0452831645526	-0.00437948587851	-0.0421097168294	0.0121632857258	0.0266206839948	-0.0854515354993	1.0	0.00604632649822	-0.0491534572584	0.0172013886098	-0.0152534724716	-0.0457093715435	0.0238947314488	0.0327734359613	0.0485017985597	-0.00703947160184	-0.0207069843907	0.011448871054	-0.0135876189589	-0.0336323292342	-0.020344192726	-0.0218893241863	0.0326832070116	0.00928165057715	0.00149685793158	0.0293679201869	0.00718941376965	0.0288761230693	-0.0540245359774	-0.0543290184383	-0.106255223675	-0.00226568007358	0.0084135746548	0.0135332196537	-0.0448159260089	0.0376003705558	-0.0597280440686	-0.0276625473105	0.0393649121115	0.022548912193	-0.0180404425872	-0.0826219873676	-0.0522589494394	0.0446426970509	0.0313042919036	0.0611568191436	0.0146037264857	-0.00525016323447	-0.0514991135925	-0.0146392356796	-0.00876523285835	-0.0316573174213	-0.0365048105178	0.00072707895465	-0.0305134521885	0.0299637460401	-0.019305471072	-0.0281772171933	0.000448142949243
k__Bacteria;p__Firmicutes;c__Clostridia;o__Clostridiales;f__Ruminococcaceae;g__Faecalibacterium;s__Faecalibacterium_prausnitzii	0.0253744750236	0.00901132234487	-0.0385875211547	0.0339977780579	-0.0245263611863	-0.0694626859541	0.00604632649822	1.0	0.0192861526481	-0.0141383762615	-0.00214836416581	-0.0320570892193	0.0186140760178	0.0282695091269	0.0269562123896	-0.00609894717082	-0.0174128012003	0.0217581848497	-0.0554652817649	-0.0128670940348	-0.0591558841385	-0.0307549657289	-0.0192392026747	-0.0106172512347	-0.0097566575821	0.0288727987638	-0.0247745992614	0.0524410123776	-0.0278498415644	-0.0732400859392	0.0186699597097	0.0460624221706	0.000591997630154	-0.0277442024779	0.0140687622729	0.0470616211625	0.0583969160936	0.0161639372489	-0.00810947714682	0.0178937024262	0.0393838289602	-0.0354876735519	0.0937673241574	-0.0127981571904	-0.00550251891645	0.038651969994	-0.0212580303459	0.0222665589407	-0.00987266414518	-0.054044364087	-0.0491213324714	-0.0459948894347	-0.0242274977655	-0.023527489284	-0.0247477074453	0.0515255701416	-0.00117671287692	-0.0472152681628	-0.0394817090352
k__Bacteria;p__Bacteroidetes;c__Bacteroidia;o__Bacteroidales;f__Rikenellaceae;g__Alistipes;s__Alistipes_finegoldii	0.0109037279187	-0.00667813243177	0.0139628324857	-0.00479152303616	-0.0133870285597	-0.0422789249984	-0.0491534572584	0.0192861526481	1.0	0.00971973103601	-0.0247394437636	-0.0169838385255	-0.0611846374251	-0.00882479777173	-0.00234081320177	-0.0491547708114	0.0343884562269	-0.00123351766356	-0.0525664077051	-0.0597023264265	0.0452216658847	0.0205960924795	-0.0127181033211	0.0156326344842	-0.0491293957712	0.0044034573609	-0.0655644260176	-0.0196947817111	-0.0229315463484	-0.0116556280276	-0.0148636252869	0.0311128958145	0.0124057830837	0.0405783076405	-0.0471638893539	-0.0858259036097	-0.020875675141	-0.0538157207676	0.0348296600835	0.0324758275495	0.0650488808512	-0.0071239500037	0.0236278521719	-0.0409646777985	-0.0460183214122	-0.0441142956028	0.0154851146653	-0.0271977859724	0.0821566663202	0.022393259556	0.00140245519331	-0.0231444043603	-0.0297350634702	-0.0287468419607	0.031715580302	-0.0866953403644	-0.0189584582618	0.0137677954474	0.0762477310279
k__Bacteria;p__Bacteroidetes;c__Bacteroidia;o__Bacteroidales;f__Porphyromonadaceae;g__Parabacteroides;s__Parabacteroides_distasonis	-0.00944829821123	-0.0656141187901	-0.0587652327885	-0.0498933045606	0.020889561821	0.0077002068356	0.0172013886098	-0.0141383762615	0.00971973103601	1.0	-0.0625885912621	-0.0458733763973	-0.00557461892522	-0.0411868940105	0.0393294884228	0.0100207156555	-0.00980262168554	-0.00161391552077	0.036438942868	0.0571090069187	-0.000329857688121	-0.0103649533232	0.0617060725418	-0.0267678501522	-0.0414491087824	0.00334219748072	0.0326469879014	0.00577399518089	-0.00250799753206	-0.017757815976	0.00673690269475	-0.00291048196965	-0.0862438610078	-0.00245983455443	-0.0629210606791	0.00947833733537	0.00270969241306	0.023492206984	0.0174623632567	0.0552708957388	0.0255663544251	0.0625381551082	0.0986029746519	-0.0737380254999	0.0172045149943	-0.025009238725	0.0603505534004	-0.0731268294445	-0.018969322313	-0.00508383535063	0.0641045196258	-0.00970467509775	-0.0347911994476	-0.0768593224207	-0.0253717594815	-0.0256405690816	-0.00740923520209	-0.0914669418548	0.0693442381356
k__Bacteria;p__Bacteroidetes;c__Bacteroidia;o__Bacteroidales;f__Bacteroidaceae;g__Bacteroides;s__Bacteroides_thetaiotaomicron	0.0041152729093	0.0167968840218	0.000415643806847	-0.00150814280208	0.0424354434521	-0.0740695078563	-0.0152534724716	-0.00214836416581	-0.0247394437636	-0.0625885912621	1.0	-0.121018035375	-0.0319074044258	-0.0298666278348	-0.0143214612443	-0.00891169768331	0.0390787263575	0.0137817514459	-0.0329560191776	-0.024476182882	-0.0626030183833	-0.0435440384992	0.0127792106138	0.0255346724461	0.0287326768937	-0.00408030334482	-0.0168658381275	-0.049639684407	0.0293219211581	0.0757500243606	0.046012556242	0.00851648137464	-0.0130250902271	0.00198147731256	-0.0655543221858	-0.00828338312192	0.0421027116801	-0.0511262278636	0.00212756374298	0.0129720896472	-0.0503352551373	-0.0163244336692	-0.0237073634504	0.0350741545976	0.00307034853654	0.0585629967712	0.000659920448152	0.0268279055761	-0.0323924280412	-0.0120107756683	0.0124792828544	0.0253997029239	0.0379237856083	-0.0347627873226	0.00401094970206	-0.0327018802392	0.0473939876457	-0.0078071100762	-0.000280718700918
k__Bacteria;p__Bacteroidetes;c__Bacteroidia;o__Bacteroidales;f__Bacteroidaceae;g__Bacteroides;s__Bacteroides_coprocola	0.00410421495344	0.0247365450154	-0.0211232475419	0.06696583131	0.022373191456	0.0201572051083	-0.0457093715435	-0.0320570892193	-0.0169838385255	-0.0458733763973	-0.121018035375	1.0	0.0375221075601	0.0300793860953	-0.0135201484809	-0.00657470923366	-0.019263790134	-0.00954204352695	-0.0808245760961	0.0299126890166	-0.0291769269895	-0.0432348586482	-0.0211824570677	-0.025970095764	0.012906976447	-0.00734255195103	0.0434488157661	0.0318061504234	0.027377830695	0.123889866421	-0.0369738869371	-0.0698498925694	0.0126794376741	-0.0754301141689	-0.00867068580841	-0.0388451411904	0.00897154476709	0.00474742405646	-0.0554381501639	-0.0467871377226	0.0123081772335	0.0309792269806	0.0237509493405	-0.0622530908762	0.0853001205292	-0.0145000766953	-0.00138781339061	-0.0011505590014	0.038384219911	-0.0200297096803	-0.00859414966824	-0.0202261051854	0.0358459149451	-0.000595298646546	-0.000873179149987	-0.00622193606973	0.0103027486393	0.00062359507037	-0.0644095899402
k__Bacteria;p__Bacteroidetes;c__Bacteroidia;o__Bacteroidales;f__Bacteroidaceae;g__Bacteroides;s__Bacteroides_cellulosilyticus	0.0273757269713	0.0233679128358	0.0104923231458	0.044600697847	0.0628378683493	0.0493866016213	0.0238947314488	0.0186140760178	-0.0611846374251	-0.00557461892522	-0.0319074044258	0.0375221075601	1.0	-0.0271095687989	-0.0123012384112	0.000340651208668	-0.0476989100573	0.0263973530647	0.019241781354	-0.0633166989996	-0.0200398377551	0.0786115834393	-0.00808671746412	-0.0181065333651	0.0047338199657	-0.000925901571343	-0.036971147628	-0.0112639060909	0.0102416659514	0.0736879644791	-0.0096792779254	0.00492321302966	-0.0742212937666	-0.00127151790389	0.01358737672	-0.0835864387051	0.0199952798572	-0.0612289310334	0.0301561062215	-0.0244845077008	0.0617406717088	0.000161514144038	-0.0541173792048	0.0294072645015	0.00663110547587	-0.0276915947906	-0.0228518045127	-0.0319652276008	0.0340343269245	-0.0300188967279	-0.0340126470134	-0.0403757899629	-0.00454619981633	0.0046738259492	-0.0345730752532	-0.0144655267358	-0.0364752860437	-0.00814977718816	0.0109767150993
k__Bacteria;p__Bacteroidetes;c__Bacteroidia;o__Bacteroidales;f__Rikenellaceae;g__Alistipes;s__Alistipes_obesi	-0.0605192102965	-0.0299080342062	-0.0144230522161	0.0315067920217	-0.0633055577827	-0.0815115340799	0.0327734359613	0.0282695091269	-0.00882479777173	-0.0411868940105	-0.0298666278348	0.0300793860953	-0.0271095687989	1.0	0.0165133251634	-0.0121919248615	-0.0162945604806	0.00198835132745	0.112481016241	0.02360051139	-0.055445286458	0.016420245996	0.00161200063853	-0.0371471979309	-0.0219477206986	-0.00331335260805	0.0330786660686	0.00894174621578	0.032003062378	-0.0330887973245	0.0472534842438	0.0168274997065	0.0280812547653	-0.022569331702	-0.0300635626056	0.0183294471031	-0.0208875999528	0.00557386928202	-0.00471390505232	-0.0336373046795	0.0109120303927	-0.0261293393036	-0.036468616327	0.00977736782639	-0.0167146392929	0.0279044356438	0.00642151663563	-0.0300586971157	0.0496256741026	-0.0464556164067	0.00452779569741	-0.0471408405129	0.000421146307437	0.0100922456175	0.0410396357179	0.0145914576089	-0.0422182075665	0.0706063525479	-0.0515975550497
k__Bacteria;p__Firmicutes;c__Clostridia;o__Clostridiales;f__Lachnospiraceae;g__;s__[Eubacterium]_rectale	-0.00912177884143	0.012408352167	0.00784389770866	-0.0123179735094	0.0552975386344	-0.0663739956933	0.0485017985597	0.0269562123896	-0.00234081320177	0.0393294884228	-0.0143214612443	-0.0135201484809	-0.0123012384112	0.0165133251634	1.0	0.00959078861998	0.0131048576024	0.00501911908711	0.0182249478548	0.0179751633302	0.018197711532	-0.00851406865992	0.0127459243674	-0.000469048547969	-0.0279027948492	-0.0228122553393	0.0265465296521	-0.0301434109685	-0.0996996411631	-0.0118765807541	-0.0523248185031	-0.0352278976738	-0.0138165573913	-0.0351091198988	-0.0228415235683	-0.0258475314228	-0.0960745068933	0.0677818141637	-0.0125854335341	-0.0295689238405	-0.0526576195849	0.0357483900372	0.0390229026509	-0.0213721801708	0.00925721078728	-0.090978763381	-0.00679473332178	0.017226585923	-0.0432126559288	0.0169316122238	-0.0677973265275	0.0508049943892	0.0327200567098	-0.0150567469006	-0.0301062695693	-0.018283397614	-0.0289830402989	-0.0214982985713	0.0129016624939
k__Bacteria;p__Bacteroidetes;c__Bacteroidia;o__Bacteroidales;f__Bacteroidaceae;g__Bacteroides;s__Bacteroides_plebeius	-0.00918378407572	-0.0675197906821	0.0410647439991	-0.0185001551782	-0.0744515968331	0.0473326708714	-0.00703947160184	-0.00609894717082	-0.0491547708114	0.0100207156555	-0.00891169768331	-0.00657470923366	0.000340651208668	-0.0121919248615	0.00959078861998	1.0	-0.0407712662813	-0.00277916208244	-0.0193156655719	-0.0402509523118	-0.0199896772654	-0.0222502642729	-0.00192111845836	-0.00268530274002	0.0445964036385	-0.044602417305	0.0278115713999	-0.00245667623325	0.0295800789704	0.00956903523905	0.0150882230433	0.00815581787507	-0.0786828923975	0.0286483195759	-0.0344174962076	-0.0296919054186	0.0507094966587	-0.0154314544356	0.00782864663569	0.0138672931425	0.0149040410797	-0.0385724851186	0.0206302345005	0.0172746350759	0.0264274797903	4.05030106446e-05	-0.0299995912102	0.0317181218858	0.0335043080115	0.00899691876318	-0.00455775029936	0.00253916344016	0.000949108610747	-0.0117265482548	-0.0138664242021	0.0543371017995	0.0431215681536	0.0453861159781	0.0001316032173
k__Bacteria;p__Bacteroidetes;c__Bacteroidia;o__Bacteroidales;f__Bacteroidaceae;g__Bacteroides;s__Bacteroides_fragilis	-0.0338193600497	-0.000539239915898	-0.0697801977811	-0.0563101737447	0.0276743338585	-0.0273718696374	-0.0207069843907	-0.0174128012003	0.0343884562269	-0.00980262168554	0.0390787263575	-0.019263790134	-0.0476989100573	-0.0162945604806	0.0131048576024	-0.0407712662813	1.0	0.000859479963635	0.0191253701661	-0.020181620703	-0.0520791304683	-3.4970269743e-05	0.0134287686101	0.059565647344	0.00178290649925	-0.0308641738993	-0.0126779713946	-0.063099569797	0.0334892179688	-0.0147981460241	-0.00730913214817	0.00950222525466	0.0483864906649	0.00396554119561	-0.00726885327105	0.00316643618583	0.0255741434581	-0.0485117996875	0.0419399761858	0.0238969609696	-0.054249760826	-0.0960750376226	-0.0104288730896	0.0499870148711	0.00884063771782	-0.0254674744089	0.0106575489741	-0.0359755573774	-0.0212291980831	-0.00786804056524	-0.0643118265687	0.0249752439166	-0.00378830898732	-0.0292440669828	-0.00254327030486	-0.00883710522296	-0.0320123002847	0.01909828405	0.0405360425906
k__Bacteria;p__Proteobacteria;c__Betaproteobacteria;o__Burkholderiales;f__Sutterellaceae;g__Sutterella;s__Sutterella_wadsworthensis	0.0053359090466	-0.0119976673605	-0.0521570294727	-0.0144971932348	-0.00799571890538	0.0181516621828	0.011448871054	0.0217581848497	-0.00123351766356	-0.00161391552077	0.0137817514459	-0.00954204352695	0.0263973530647	0.00198835132745	0.00501911908711	-0.00277916208244	0.000859479963635	1.0	0.0173767191935	0.00149754137221	-0.0255121256788	-0.031148951569	-0.0649794630064	0.0322198950683	0.0791472069256	-0.0646314019749	-0.00257544212832	-0.0161315411434	-0.0574893273651	-0.0499504021739	-0.041538501626	0.0302411127808	0.0295297395335	0.014347234045	-0.0496093433042	0.0158396967965	0.0112037691197	0.046383188291	-0.0265564800017	-0.00403731267496	-0.0293355339727	0.00654312048387	0.00539446595245	-0.0423478745613	0.0261929693684	0.0582914909484	-0.0670210046163	-0.0151959902399	0.00342449505746	-0.0206626821272	-0.0467531355907	0.0358646610372	0.0321804319713	-0.0562344579132	0.00889537571448	-0.0124315014574	0.0237450281679	-0.0390432031498	-0.0144225731028
k__Bacteria;p__Bacteroidetes;c__Bacteroidia;o__Bacteroidales;f__Porphyromonadaceae;g__Barnesiella;s__Barnesiella_intestinihominis	0.02316828076	-0.00830751817106	-0.0480048385576	-0.0581111092415	-0.0481217757427	0.0281171914758	-0.0135876189589	-0.0554652817649	-0.0525664077051	0.036438942868	-0.0329560191776	-0.0808245760961	0.019241781354	0.112481016241	0.0182249478548	-0.0193156655719	0.0191253701661	0.0173767191935	1.0	0.0626562455216	-0.0227989409475	0.0236027750201	-0.0248355760668	0.0352484242396	-0.00326778784164	0.0187393794653	0.033044244146	-0.0214737239646	-0.0358690082063	-0.00943056177837	0.0264811625514	0.00774667948835	-0.0034632080292	0.0104509471627	-0.0301344706713	-0.0346435370352	0.00801885963733	-0.0185617612049	-0.024615892015	-0.00415785431318	0.0220504029818	0.0166167407979	-0.0521694405847	0.0432301812451	-0.0560335948078	0.0146993435079	0.0224894473324	-0.0185044986016	0.0344415821325	0.0399591219483	-0.0380654102095	0.00155748132064	-0.0207147904111	0.0113826035826	-0.0571456227968	-0.0358374678374	0.00558110148858	0.0579779137602	0.0142895411557
k__Bacteria;p__Bacteroidetes;c__Bacteroidia;o__Bacteroidales;f__Odoribacteraceae;g__Odoribacter;s__Odoribacter_splanchnicus	0.00968834422826	0.0625019654303	0.0222841258689	-0.0295490649045	0.024667898855	-0.0162449206985	-0.0336323292342	-0.0128670940348	-0.0597023264265	0.0571090069187	-0.024476182882	0.0299126890166	-0.0633166989996	0.02360051139	0.0179751633302	-0.0402509523118	-0.020181620703	0.00149754137221	0.0626562455216	1.0	0.0205345787351	-0.0404975906794	0.0664723562766	-0.025916776798	0.00127278814296	0.00260075841475	0.0210499210564	0.0153812470122	-0.00924890248837	-0.0555718212312	0.0259975453972	-0.0365416283792	-0.0246321955501	0.00675621570951	0.0121847082252	0.000367579415335	-0.0222470540063	-0.0368462241879	-0.0210136180178	0.0068420621651	-0.0548337538929	-0.0423723046576	-0.0226496606442	-0.0114489099866	-0.0184863821184	0.057610723112	-0.0192197441942	-0.08273798275	-0.109951847259	0.02276569995	0.0289670954569	0.0128470206008	-0.00551123156015	0.0362190725901	-0.0464954154136	-0.0168734999734	0.00548851830626	0.006380995006	-0.0614645146895
k__Bacteria;p__Bacteroidetes;c__Bacteroidia;o__Bacteroidales;f__Bacteroidaceae;g__Bacteroides;s__Bacteroides_salyersiae	-0.00946346309495	-0.0142246928419	-0.0213095271638	-0.0518904142862	0.0220935548554	-0.0493662353947	-0.020344192726	-0.0591558841385	0.0452216658847	-0.000329857688121	-0.0626030183833	-0.0291769269895	-0.0200398377551	-0.055445286458	0.018197711532	-0.0199896772654	-0.0520791304683	-0.0255121256788	-0.0227989409475	0.0205345787351	1.0	0.0132465511981	-0.0239648461506	-0.0284207909371	0.0113827505499	-0.00134972701605	0.0393979790345	-0.00141051442864	0.00417818667955	-0.00596369417497	-0.000600028470752	0.000458887040912	0.0337302845587	0.0155902136994	-0.038576499959	0.0109574814571	-0.0530252007759	0.0560416558339	0.0392197712721	-0.000353179345544	0.0302475951686	0.00481748795928	-0.0241650595604	-0.014587648295	-0.0646965475223	0.0496905252439	-0.0448860112206	0.0219365810793	-0.0179357363164	0.0213827913318	-0.0287324765875	0.0339831226545	0.014145376075	0.0477843591638	-0.00506224750037	-0.0160476341993	-0.0397089462275	-0.0216712987225	0.00629875598823
k__Bacteria;p__Firmicutes;c__Clostridia;o__Clostridiales;f__Ruminococcaceae;g__Ruminiclostridium;s__[Eubacterium]_siraeum	-0.0048042129138	0.0195750968356	0.0290340977334	-0.0544879370631	0.0262572215553	0.0179677070011	-0.0218893241863	-0.0307549657289	0.0205960924795	-0.0103649533232	-0.0435440384992	-0.0432348586482	0.0786115834393	0.016420245996	-0.00851406865992	-0.0222502642729	-3.4970269743e-05	-0.031148951569	0.0236027750201	-0.0404975906794	0.0132465511981	1.0	-0.0533052387546	0.00816073957209	-0.0691399333481	0.0385440376957	0.0121826658993	0.0324301484549	0.0287889350633	-0.0190715730473	-0.00357299706764	-0.0279055730663	-0.109981062659	-0.000333725755727	0.0444386696384	-0.00721255540899	-0.0192708119553	-0.0452061536784	0.021898984082	0.0564626137751	0.0281837264258	0.0659397054065	-0.00101517948932	-0.0456745426887	-0.0578331191908	-0.00525131573125	-0.0327113785189	0.0145966006372	-0.0139279089915	-0.0949549696587	-0.00992985265057	0.05006910877	-0.070274616667	-0.0211502928661	-0.0442707822971	-0.000664459024952	0.063416997793	0.019848809122	-0.013834781172
k__Bacteria;p__Proteobacteria;c__Betaproteobacteria;o__Burkholderiales;f__Sutterellaceae;g__Parasutterella;s__Parasutterella_excrementihominis	-0.0271301604664	-0.0197623103915	-0.00763523276951	0.00104721128181	-0.0387432440859	-0.0410505517622	0.0326832070116	-0.0192392026747	-0.0127181033211	0.0617060725418	0.0127792106138	-0.0211824570677	-0.00808671746412	0.00161200063853	0.0127459243674	-0.00192111845836	0.0134287686101	-0.0649794630064	-0.0248355760668	0.0664723562766	-0.0239648461506	-0.0533052387546	1.0	0.0444655390883	-0.0510120344425	0.00535152315225	0.00307440435394	-0.0711771752908	0.0643585443291	-0.000548954841601	-0.0189365965217	0.0135923662337	0.00960727165997	-0.0232060142874	-0.0378829213108	0.0127798038058	-0.0939426875985	0.0218736744172	-0.0691275834664	-0.022157032879	-0.0691328689592	0.0308685355518	0.0108814287074	0.0715097816381	-0.0612059104782	0.00748253356722	-0.021782715634	-0.0315288238754	0.0138810689827	-0.00405434481074	-0.0606091453009	-0.0223248964345	-0.000691590950129	0.0167532958621	0.0224393825448	-0.0477838248301	-0.00679691439062	-0.00914262829819	0.0150652609884
k__Bacteria;p__Actinobacteria;c__Actinobacteria;o__Bifidobacteriales;f__Bifidobacteriaceae;g__Bifidobacterium;s__Bifidobacterium_adolescentis	-0.0346427926169	-0.0098740986487	0.0565487655238	-0.0248912744714	0.0508902925225	0.021539750282	0.00928165057715	-0.0106172512347	0.0156326344842	-0.0267678501522	0.0255346724461	-0.025970095764	-0.0181065333651	-0.0371471979309	-0.000469048547969	-0.00268530274002	0.059565647344	0.0322198950683	0.0352484242396	-0.025916776798	-0.0284207909371	0.00816073957209	0.0444655390883	1.0	0.0398781198678	-0.0454109471882	-0.0564658775864	0.0065352364722	-0.0578013197241	0.00624342685673	-0.0695375657416	0.0382686676015	-0.0509164030351	-0.0208813005965	-0.0528096157737	0.0284118748892	0.00712716269798	0.0282502809913	0.0247463142588	-0.072259170677	-0.0304160426246	-0.0262128954802	-0.0202269016449	-0.0428700360057	-0.000104427681764	-0.0284722300123	-0.016235379108	-0.00126829312107	-0.0196808204798	-0.0438097396531	-0.0550680683115	0.0123822694732	0.0363019334995	0.056199486256	0.0592775664667	-0.0232946814477	-0.0730649313307	-0.044808048136	0.00658695321423
k__Bacteria;p__Firmicutes;c__Clostridia;o__Clostridiales;f__Oscillospiraceae;g__Oscillibacter;s__Oscillibacter_sp._KLE_1745	0.0292808172658	-0.0472943455515	0.0220941465063	0.00745202278324	0.0412045981777	-0.0708811087819	0.00149685793158	-0.0097566575821	-0.0491293957712	-0.0414491087824	0.0287326768937	0.012906976447	0.0047338199657	-0.0219477206986	-0.0279027948492	0.0445964036385	0.00178290649925	0.0791472069256	-0.00326778784164	0.00127278814296	0.0113827505499	-0.0691399333481	-0.0510120344425	0.0398781198678	1.0	0.0170732857919	0.00769025561472	-0.0679851021182	0.00781027948122	-0.010189470721	0.0615700137197	0.00228933587924	-0.00941432982981	-0.0502570936404	-0.0115370998492	-0.0497988438157	-0.00434052770065	0.00887575192146	0.0118297184918	0.0103840460531	-0.0549882547097	-0.00725431528343	0.044730510375	-0.0097869798627	0.00857227260954	-0.049305516298	0.0362179013366	-0.0366011621038	-0.0297134593098	0.000370021582134	-0.0238816391196	0.0141453368657	-0.0224247435509	-0.0179758311267	-0.0193523922429	-0.00670744452412	0.0166060088072	-0.0156469717795	-0.00146682824057
k__Bacteria;p__Bacteroidetes;c__Bacteroidia;o__Bacteroidales;f__Bacteroidaceae;g__Bacteroides;s__Bacteroides_coprophilus	0.0265207252487	-0.0915524419865	0.0330291917494	0.0199720515441	0.0159174677846	-0.0600426567047	0.0293679201869	0.0288727987638	0.0044034573609	0.00334219748072	-0.00408030334482	-0.00734255195103	-0.000925901571343	-0.00331335260805	-0.0228122553393	-0.044602417305	-0.0308641738993	-0.0646314019749	0.0187393794653	0.00260075841475	-0.00134972701605	0.0385440376957	0.00535152315225	-0.0454109471882	0.0170732857919	1.0	-0.0107350257811	-0.0575847068358	-0.0137013113911	-0.00308898301567	0.00628555443455	-0.0520157357295	0.0362181732491	0.00584363426386	-0.0311059160741	-0.0262783057131	-0.048301249472	-0.0902702308901	0.0131316564781	-0.0213067815082	-0.013629011365	-0.0288220425576	-0.00630738752829	0.00245224217176	-0.0367386256682	-0.0553197220872	0.0377292053835	0.0839899045018	0.0156749124323	0.0306013673652	-0.0114091618116	-0.0691062244213	0.0201945886978	0.0561946147603	-0.00276875007831	0.0166321047825	0.00514601851184	-0.0297428703286	0.00530426281888
k__Bacteria;p__Firmicutes;c__Clostridia;o__Clostridiales;f__Lachnospiraceae;g__Roseburia;s__Roseburia_intestinalis	0.0412684242902	-0.0254201788741	0.0108368826059	-0.053859054941	-0.019518350463	0.0638077713264	0.00718941376965	-0.0247745992614	-0.0655644260176	0.0326469879014	-0.0168658381275	0.0434488157661	-0.036971147628	0.0330786660686	0.0265465296521	0.0278115713999	-0.0126779713946	-0.00257544212832	0.033044244146	0.0210499210564	0.0393979790345	0.0121826658993	0.00307440435394	-0.0564658775864	0.00769025561472	-0.0107350257811	1.0	-0.0501238133915	-0.00188284067077	-0.048569653003	-0.00661923876779	0.0146589725309	0.0611505178913	-0.0616194757489	0.0282545177749	-0.0611951311848	-0.0518673517344	-0.033971348236	-0.0176613115254	-0.0115537168885	-0.0491561008318	0.0318300649679	-0.00585580477389	-0.0255238632433	-0.0471377694345	-0.0271469772357	-0.016631326798	0.0563852884424	0.0444270516467	-0.0651661613476	-0.0265189303062	-0.0576961662015	0.00958305800277	-0.0379305723473	-0.0140370374694	-0.0643397062358	-0.0653003273003	0.010525318019	-0.0323313172966
k__Bacteria;p__Firmicutes;c__Clostridia;o__Clostridiales;f__Lachnospiraceae;g__Roseburia;s__Roseburia_hominis	-0.0296532046787	-0.0045512873113	-0.0993505071383	-7.49437392366e-05	-0.0649662674577	-0.0211727255996	0.0288761230693	0.0524410123776	-0.0196947817111	0.0057739951809	-0.049639684407	0.0318061504234	-0.0112639060909	0.00894174621578	-0.0301434109685	-0.00245667623325	-0.063099569797	-0.0161315411434	-0.0214737239646	0.0153812470122	-0.00141051442864	0.0324301484549	-0.0711771752908	0.0065352364722	-0.0679851021182	-0.0575847068358	-0.0501238133915	1.0	0.0457665535535	0.00627507915415	0.040763069838	-0.0326095431195	-0.0201389798724	-0.0425681301842	-0.00901303034157	0.0291530118211	0.015181981341	-0.0216983800397	0.00229752970224	-0.0149136561208	-0.0126049513629	0.0497011453201	-0.0544804102417	0.0103435998245	0.00639245267715	-0.0111202782034	0.0901695048133	-0.00849544845862	-0.054244787017	0.0627435304248	-0.0392870445737	-0.00309615477991	-0.00793279213106	0.0172091760629	-0.0202357010762	-0.0292103449864	0.0127796901006	0.0272172237566	0.0158512618973
k__Bacteria;p__Bacteroidetes;c__Bacteroidia;o__Bacteroidales;f__Porphyromonadaceae;g__Parabacteroides;s__Parabacteroides_johnsonii	-0.0343454604892	-0.0103812185402	0.0343960983978	0.0233200751635	-0.0214063082434	-0.0487363926208	-0.0540245359774	-0.0278498415644	-0.0229315463484	-0.00250799753206	0.0293219211581	0.027377830695	0.0102416659514	0.032003062378	-0.0996996411631	0.0295800789704	0.0334892179688	-0.0574893273651	-0.0358690082063	-0.00924890248837	0.00417818667955	0.0287889350633	0.0643585443291	-0.0578013197241	0.00781027948122	-0.0137013113911	-0.00188284067077	0.0457665535535	1.0	-0.00463990540874	0.0463923138984	0.0644739589382	-0.0239030157965	-0.018977250554	-0.0107217474617	-0.0102243375486	-0.0240551716199	-0.0426941389131	-0.0477666500455	-0.00312229402182	-0.00914705425715	-0.0702972599038	-0.0994351315747	-0.0517526036363	-0.0403662745882	0.0928269172672	-0.0106686558302	0.0148741731252	0.0732282314934	0.0480770279358	-0.0192966271132	-0.0607817971398	-0.0370814134272	-0.0167263254299	-0.00228211776835	0.035525623777	-0.0212637790035	0.0603814664333	-0.0708371481409
k__Bacteria;p__Actinobacteria;c__Actinobacteria;o__Bifidobacteriales;f__Bifidobacteriaceae;g__Bifidobacterium;s__Bifidobacterium_longum	-0.0257538189024	0.00449255280762	0.0182538501695	-0.0654065249359	-0.0450490274754	0.0273608760566	-0.0543290184383	-0.0732400859392	-0.0116556280276	-0.017757815976	0.0757500243606	0.123889866421	0.0736879644791	-0.0330887973245	-0.0118765807541	0.00956903523906	-0.0147981460241	-0.0499504021739	-0.00943056177837	-0.0555718212312	-0.00596369417497	-0.0190715730473	-0.000548954841601	0.00624342685673	-0.010189470721	-0.00308898301567	-0.048569653003	0.00627507915415	-0.00463990540874	1.0	0.0242754458332	-0.0460532208992	0.01359757064	-0.060322407066	-0.00732841122201	0.055920307053	0.0188414046779	-0.0585272342285	0.0681504482063	-0.011505591022	0.0192308593673	0.016359160401	0.00507179395347	-0.0371683478265	0.0166993524371	-0.00654624981234	0.0154535749759	-0.0279313076165	-0.0228038773702	-0.0541692599406	-0.051691593842	-0.0270150773796	-0.0364408026139	-0.0302721308607	-0.015992728849	-0.0171668901261	-0.0364209763878	-0.0249432573621	0.0401342713012
