#taxonomy	k__Bacteria;p__Bacteroidetes;c__Bacteroidia;o__Bacteroidales;f__Bacteroidaceae;g__Bacteroides;s__Bacteroides_vulgatus	k__Bacteria;p__Bacteroidetes;c__Bacteroidia;o__Bacteroidales;f__Bacteroidaceae;g__Bacteroides;s__Bacteroides_uniformis	k__Bacteria;p__Bacteroidetes;c__Bacteroidia;o__Bacteroidales;f__Rikenellaceae;g__Alistipes;s__Alistipes_putredinis	k__Bacteria;p__Bacteroidetes;c__Bacteroidia;o__Bacteroidales;f__Prevotellaceae;g__Prevotella;s__Prevotella_copri	k__Bacteria;p__Bacteroidetes;c__Bacteroidia;o__Bacteroidales;f__Bacteroidaceae;g__Bacteroides;s__Bacteroides_stercoris	k__Bacteria;p__Bacteroidetes;c__Bacteroidia;o__Bacteroidales;f__Bacteroidaceae;g__Bacteroides;s__Bacteroides_ovatus	k__Bacteria;p__Bacteroidetes;c__Bacteroidia;o__Bacteroidales;f__Rikenellaceae;g__Alistipes;s__Alistipes_shahii	k__Bacteria;p__Firmicutes;c__Clostridia;o__Clostridiales;f__Ruminococcaceae;g__Faecalibacterium;s__Faecalibacterium_prausnitzii	k__Bacteria;p__Bacteroidetes;c__Bacteroidia;o__Bacteroidales;f__Rikenellaceae;g__Alistipes;s__Alistipes_finegoldii	k__Bacteria;p__Bacteroidetes;c__Bacteroidia;o__Bacteroidales;f__Porphyromonadaceae;g__Parabacteroides;s__Parabacteroides_distasonis	k__Bacteria;p__Bacteroidetes;c__Bacteroidia;o__Bacteroidales;f__Bacteroidaceae;g__Bacteroides;s__Bacteroides_thetaiotaomicron	k__Bacteria;p__Bacteroidetes;c__Bacteroidia;o__Bacteroidales;f__Bacteroidaceae;g__Bacteroides;s__Bacteroides_coprocola	k__Bacteria;p__Bacteroidetes;c__Bacteroidia;o__Bacteroidales;f__Bacteroidaceae;g__Bacteroides;s__Bacteroides_cellulosilyticus	k__Bacteria;p__Bacteroidetes;c__Bacteroidia;o__Bacteroidales;f__Rikenellaceae;g__Alistipes;s__Alistipes_obesi	k__Bacteria;p__Firmicutes;c__Clostridia;o__Clostridiales;f__Lachnospiraceae;g__;s__[Eubacterium]_rectale	k__Bacteria;p__Bacteroidetes;c__Bacteroidia;o__Bacteroidales;f__Bacteroidaceae;g__Bacteroides;s__Bacteroides_plebeius	k__Bacteria;p__Bacteroidetes;c__Bacteroidia;o__Bacteroidales;f__Bacteroidaceae;g__Bacteroides;s__Bacteroides_fragilis	k__Bacteria;p__Proteobacteria;c__Betaproteobacteria;o__Burkholderiales;f__Sutterellaceae;g__Sutterella;s__Sutterella_wadsworthensis	k__Bacteria;p__Bacteroidetes;c__Bacteroidia;o__Bacteroidales;f__Porphyromonadaceae;g__Barnesiella;s__Barnesiella_intestinihominis	k__Bacteria;p__Bacteroidetes;c__Bacteroidia;o__Bacteroidales;f__Odoribacteraceae;g__Odoribacter;s__Odoribacter_splanchnicus	k__Bacteria;p__Bacteroidetes;c__Bacteroidia;o__Bacteroidales;f__Bacteroidaceae;g__Bacteroides;s__Bacteroides_salyersiae	k__Bacteria;p__Firmicutes;c__Clostridia;o__Clostridiales;f__Ruminococcaceae;g__Ruminiclostridium;s__[Eubacterium]_siraeum	k__Bacteria;p__Proteobacteria;c__Betaproteobacteria;o__Burkholderiales;f__Sutterellaceae;g__Parasutterella;s__Parasutterella_excrementihominis	k__Bacteria;p__Actinobacteria;c__Actinobacteria;o__Bifidobacteriales;f__Bifidobacteriaceae;g__Bifidobacterium;s__Bifidobacterium_adolescentis	k__Bacteria;p__Firmicutes;c__Clostridia;o__Clostridiales;f__Oscillospiraceae;g__Oscillibacter;s__Oscillibacter_sp._KLE_1745	k__Bacteria;p__Bacteroidetes;c__Bacteroidia;o__Bacteroidales;f__Bacteroidaceae;g__Bacteroides;s__Bacteroides_coprophilus	k__Bacteria;p__Firmicutes;c__Clostridia;o__Clostridiales;f__Lachnospiraceae;g__Roseburia;s__Roseburia_intestinalis	k__Bacteria;p__Firmicutes;c__Clostridia;o__Clostridiales;f__Lachnospiraceae;g__Roseburia;s__Roseburia_hominis	k__Bacteria;p__Bacteroidetes;c__Bacteroidia;o__Bacteroidales;f__Porphyromonadaceae;g__Parabacteroides;s__Parabacteroides_johnsonii	k__Bacteria;p__Actinobacteria;c__Actinobacteria;o__Bifidobacteriales;f__Bifidobacteriaceae;g__Bifidobacterium;s__Bifidobacterium_longum	k__Bacteria;p__Firmicutes;c__Clostridia;o__Clostridiales;f__;g__Flavonifractor;s__Flavonifractor_plautii	k__Bacteria;p__Firmicutes;c__Clostridia;o__Clostridiales;f__Clostridiaceae;g__Clostridium;s__Clostridium_phoceensis	k__Bacteria;p__Verrucomicrobia;c__Verrucomicrobiae;o__Verrucomicrobiales;f__Akkermansiaceae;g__Akkermansia;s__Akkermansia_muciniphila	k__Bacteria;p__Bacteroidetes;c__Bacteroidia;o__Bacteroidales;f__Prevotellaceae;g__Paraprevotella;s__Paraprevotella_xylaniphila	k__Bacteria;p__Firmicutes;c__Clostridia;o__Clostridiales;f__Ruminococcaceae;g__Ruminococcus;s__Ruminococcus_callidus	k__Bacteria;p__Bacteroidetes;c__Bacteroidia;o__Bacteroidales;f__Rikenellaceae;g__Alistipes;s__Alistipes_senegalensis	k__Bacteria;p__Firmicutes;c__Clostridia;o__Clostridiales;f__Lachnospiraceae;g__Blautia;s__Blautia_sp._KLE_1732	k__Bacteria;p__Bacteroidetes;c__Bacteroidia;o__Bacteroidales;f__Bacteroidaceae;g__Bacteroides;s__Bacteroides_oleiciplenus	k__Bacteria;p__Firmicutes;c__Clostridia;o__Clostridiales;f__Ruminococcaceae;g__Ruminococcus;s__Ruminococcus_bicirculans	k__Bacteria;p__Bacteroidetes;c__Bacteroidia;o__Bacteroidales;f__Bacteroidaceae;g__Bacteroides;s__Bacteroides_fluxus	k__Bacteria;p__Bacteroidetes;c__Bacteroidia;o__Bacteroidales;f__Prevotellaceae;g__Prevotella;s__Prevotella_stercorea	k__Bacteria;p__Firmicutes;c__Clostridia;o__Clostridiales;f__Lachnospiraceae;g__Dorea;s__Dorea_longicatena	k__Bacteria;p__Firmicutes;c__Clostridia;o__Clostridiales;f__Eubacteriaceae;g__Eubacterium;s__[Eubacterium]_eligens	k__Bacteria;p__Firmicutes;c__Clostridia;o__Clostridiales;f__Ruminococcaceae;g__;s__Ruminococcaceae_bacterium_D16	k__Bacteria;p__Firmicutes;c__Clostridia;o__Clostridiales;f__Lachnospiraceae;g__Coprococcus;s__Coprococcus_comes	k__Bacteria;p__Proteobacteria;c__Gammaproteobacteria;o__Enterobacterales;f__Enterobacteriaceae;g__Escherichia;s__Escherichia_coli	k__Bacteria;p__Firmicutes;c__Clostridia;o__Clostridiales;f__Ruminococcaceae;g__Anaerotruncus;s__Anaerotruncus_colihominis	k__Bacteria;p__Firmicutes;c__Clostridia;o__Clostridiales;f__Lachnospiraceae;g__Blautia;s__Blautia_obeum	k__Bacteria;p__Bacteroidetes;c__Bacteroidia;o__Bacteroidales;f__Odoribacteraceae;g__Odoribacter;s__Odoribacter_laneus	k__Bacteria;p__Firmicutes;c__Clostridia;o__Clostridiales;f__Ruminococcaceae;g__Ruminiclostridium;s__[Clostridium]_leptum	k__Bacteria;p__Bacteroidetes;c__Bacteroidia;o__Bacteroidales;f__Porphyromonadaceae;g__Parabacteroides;s__Parabacteroides_goldsteinii	k__Bacteria;p__Firmicutes;c__Clostridia;o__Clostridiales;f__Lachnospiraceae;g__Anaerostipes;s__Anaerostipes_hadrus	k__Bacteria;p__Firmicutes;c__Clostridia;o__Clostridiales;f__Ruminococcaceae;g__Ruminococcus;s__Ruminococcus_lactaris	k__Bacteria;p__Firmicutes;c__Clostridia;o__Clostridiales;f__Clostridiaceae;g__Clostridium;s__Clostridium_sp._L2-50	k__Bacteria;p__Firmicutes;c__Clostridia;o__Clostridiales;f__Clostridiaceae;g__Clostridium;s__Clostridium_sp._M62/1	k__Bacteria;p__Firmicutes;c__Clostridia;o__Clostridiales;f__;g__Intestinimonas;s__Intestinimonas_butyriciproducens	k__Bacteria;p__Actinobacteria;c__Actinobacteria;o__Bifidobacteriales;f__Bifidobacteriaceae;g__Bifidobacterium;s__Bifidobacterium_bifidum	k__Bacteria;p__Firmicutes;c__Negativicutes;o__Veillonellales;f__Veillonellaceae;g__Dialister;s__Dialister_invisus	k__Bacteria;p__Bacteroidetes;c__Bacteroidia;o__Bacteroidales;f__Bacteroidaceae;g__Bacteroides;s__Bacteroides_salanitronis
k__Bacteria;p__Bacteroidetes;c__Bacteroidia;o__Bacteroidales;f__Bacteroidaceae;g__Bacteroides;s__Bacteroides_vulgatus	1.0	-0.0147361597541	-0.011883692158	-0.0488629861825	0.0246933961381	0.0178086232579	-0.00226853699324	-0.0284517879708	0.0118284044257	-0.0212664496751	-0.11428745835	-0.0141334944245	-0.00594774785468	0.029439998773	0.0484642559838	0.00427474297029	-0.00886088110701	-0.0526093490477	0.0195523257062	0.07635959816	-0.0881392480909	0.00851408045055	-0.055667484382	-0.00346319203721	0.0469697996634	-0.0418379820544	-0.00764886971969	-0.058957035402	0.0409228247371	-0.00123560203346	-0.0224452074948	-0.0305746552518	-0.039371104352	-0.0575073483584	0.0354898364418	0.0604090489521	0.0218086242873	0.0147370464193	-0.0311789894336	-0.0093592600228	0.0377981984272	0.0105284369882	-0.026370280265	-0.0102472391044	-0.0352241473661	0.000955183434649	-0.00831909822792	-0.0141585925576	0.0345315244136	0.0062888414393	0.00340515538965	0.0226916042664	-0.0280597782196	-0.00979337904915	-0.024855066359	-0.071683462038	0.00526394455885	-0.00331396739994	-0.0323717428559
k__Bacteria;p__Bacteroidetes;c__Bacteroidia;o__Bacteroidales;f__Bacteroidaceae;g__Bacteroides;s__Bacteroides_uniformis	-0.0147361597541	1.0	0.0296813961099	0.048716219214	-0.0990310419489	0.00601292798051	0.0129011667746	-0.00986788581178	-0.0523554741097	-0.0123078792251	-0.0316470935814	0.0123068455428	-0.0313375696717	-0.0167558204955	-0.00478844010451	-0.0340112209249	-0.0149945722237	0.0585224017801	-0.0207906880733	0.00824172418431	-0.0415645542985	0.0104569842037	-0.0171077835626	0.00556033781166	-0.0319641216864	-0.059119794169	0.00291329015782	0.0123464662005	0.0131770223018	-0.0416642328402	-0.00456665176111	0.0110512895622	0.00286916892329	-0.0179705302566	-0.068031827863	-0.0343529198293	-0.0765967911618	0.0158458644817	-0.0293482351957	-0.00864024121472	0.0520555956589	0.0260324837064	-0.020096917796	-0.0679966531443	-0.0361523718312	0.0578454894739	0.0192882221663	0.0822373660711	-0.0223671898263	-0.00789913462548	0.0189597814222	0.0152472982711	-0.124848741089	-0.0382669107787	-0.0497275932236	0.050036859299	0.0426308218853	0.0348347119545	0.0242032742917
k__Bacteria;p__Bacteroidetes;c__Bacteroidia;o__Bacteroidales;f__Rikenellaceae;g__Alistipes;s__Alistipes_putredinis	-0.011883692158	0.0296813961099	1.0	-0.00262698533224	-0.0230621733524	-0.0090202664879	0.00743722142058	0.0150652414866	-0.049147618723	-0.00850776870582	0.000763911549476	0.00298362699639	0.00187724834624	0.0434650017696	-0.0541385466914	0.0803594046108	-0.0119095399357	0.0526859197656	0.0205657535799	-0.063537967166	-0.0331290652401	1.1054750096e-05	0.00705431749546	0.0423798629774	0.020745123043	0.0331880341503	0.00980509445926	-0.0374623408363	-0.0753718795119	0.0483243716337	-0.0543928971882	-0.0425467346159	-0.0679702619738	-0.0125496882517	-0.0204141305383	-0.013385958104	0.0240898464889	-0.0516572160422	-0.0221662117856	0.00497918959585	0.00875423611452	-8.82712915175e-05	-0.0408257767189	-0.0444566468987	-0.0758515802828	0.0305235720345	-0.0358568119897	-0.0230108182827	-0.0703838909308	0.0274670385272	0.0127666351036	-0.0602085976078	-0.0392145729492	0.00490819153504	-0.0360090664596	-0.0118559491609	-0.0460015294771	-0.0119052014199	-0.0383366099492
k__Bacteria;p__Bacteroidetes;c__Bacteroidia;o__Bacteroidales;f__Prevotellaceae;g__Prevotella;s__Prevotella_copri	-0.0488629861825	0.048716219214	-0.00262698533224	1.0	0.0202782803379	0.0572461437115	0.0258702376987	0.00176657050424	-0.0196913421571	-0.0713464691461	-0.0732885498884	-0.0102752691166	0.0513535382862	-0.00877847222591	-0.0758242063165	-0.00590756575996	-0.0285700881756	-0.0715139298958	-0.00898936809583	-0.0289270231045	0.0134900000607	0.0174274358811	0.0168665123993	-0.0151712036639	-0.0612637521995	-0.0393101585866	0.00528935502704	-0.0226013293046	0.05260291418	-0.0070214070399	-0.0637381187072	0.0683809695496	-0.0354758290299	-0.006745595635	-0.0046426557219	-0.0252481982062	-0.0869526904696	0.0278668795231	-0.0123899169579	-0.0595909155869	0.0395909180234	-0.0301540282793	0.0463222782165	0.015963121993	-0.0138645785036	0.0303888327029	-0.0468415461552	-0.0817438488861	-0.0403504101842	-0.0308996643437	-0.0160972010016	0.0610920025539	-0.0311904964043	-0.0288745926015	0.0248400051523	-0.0138876364896	-0.0338708337071	-0.0325813452084	-0.0128316208578
k__Bacteria;p__Bacteroidetes;c__Bacteroidia;o__Bacteroidales;f__Bacteroidaceae;g__Bacteroides;s__Bacteroides_stercoris	0.0246933961381	-0.0990310419489	-0.0230621733524	0.0202782803379	1.0	0.0198270289882	-0.0339372406792	-0.0429839656475	0.0011470289796	0.0746349463918	-0.0197317345126	0.0126304339697	-0.0372175689563	-0.0158713352363	0.00120524423355	-0.00919634877066	0.00431208740201	-0.0663261772333	0.0458651403989	-0.043422502865	-0.00860326681135	-0.0110213174624	0.0327246028939	0.0228456226933	0.0154044185652	0.0526287276942	0.0414663125202	-0.0295747196716	-0.00849279434532	-0.0178378035202	-0.00691412620377	0.0573520416406	0.0254220055942	-0.0375382541322	0.0273792619956	0.0392374016514	0.0194714603444	-0.00370112007921	0.0264032132943	-0.05628958317	0.00401807408855	-0.0826193854	-0.0293881155245	0.00644152448423	-0.00989177458502	-0.0365323908005	-0.0432648695549	-0.0282361153121	-0.0202008637193	-0.0327616529139	-0.0523568469476	-0.0245704300688	-0.00823007645625	0.0196657646215	0.00243038695493	0.0144898840682	-0.0273232544998	0.0251691018672	-0.0348629995108
k__Bacteria;p__Bacteroidetes;c__Bacteroidia;o__Bacteroidales;f__Bacteroidaceae;g__Bacteroides;s__Bacteroides_ovatus	0.0178086232579	0.00601292798051	-0.0090202664879	0.0572461437115	0.0198270289882	1.0	0.0190178629041	0.03246450851	-0.00432549339468	-0.0287875682513	-0.028646230084	-0.0105655379189	0.0180820932118	-0.0333277719822	-0.0627377297974	-0.0166630694948	0.0574279771661	0.0103579149303	0.0129341849078	0.0322027369998	-0.0653005785226	-0.0125116051124	-0.00173651421234	0.00548434131378	-0.0202346009864	-0.0125683194082	0.032503544036	-0.00401165748292	-0.0385778542254	-0.0557400838322	0.0589005683536	0.00542208933321	-0.0813406899682	-0.00788683642217	-0.0166538179225	0.0144499400714	-0.0643445052086	0.000192268078812	-0.0550803547555	-0.0650055466184	0.0184308158957	-0.0274621867164	-0.00606342353796	-0.063327189949	0.0222291672446	0.0263411392395	0.0413269499629	-0.030463508973	-0.0424544929828	-0.0348857794533	0.0235716181872	0.0138388388995	0.00586124546993	0.015668577641	0.032207836936	-0.0196725365709	-0.0246034955304	0.00495934194323	-0.0276886802939
k__Bacteria;p__Bacteroidetes;c__Bacteroidia;o__Bacteroidales;f__Rikenellaceae;g__Alistipes;s__Alistipes_shahii	-0.00226853699324	0.0129011667746	0.00743722142058	0.0258702376987	-0.0339372406792	0.0190178629041	1.0	-0.0703890880513	-0.0691792062529	0.0484065575948	-0.0163365395329	0.00236915063364	0.0532050084017	0.00605538860893	-0.0311750935955	-0.0469169199009	-0.0204579389442	-0.0182550796414	0.0369542109697	0.034759753787	-0.0157774897134	0.000478256732878	0.00691468030044	-0.0247997351188	0.008159623588	-0.00149034700473	-0.00327565099933	0.0143714893045	0.00379780378145	-0.00750983473047	0.00317976637833	0.0738756692635	-0.0178611395468	-0.0143903632603	0.0102786293851	-0.0322009713729	0.0214051759186	0.032578880024	0.0230116705482	0.0536223986513	-0.0305749254386	0.0716090471622	-0.0523441721026	-0.0459762719535	0.00440306507624	-0.0197751835711	-0.0291455601687	-0.0373894866005	0.00651078492246	0.0349283641401	-0.0507488024175	-0.00149697680302	0.0106243756449	-0.0138906537447	-0.00897032897477	0.0181309522881	-0.00437381715241	-0.0126365631419	-0.00500081957951
k__Bacteria;p__Firmicutes;c__Clostridia;o__Clostridiales;f__Ruminococcaceae;g__Faecalibacterium;s__Faecalibacterium_prausnitzii	-0.0284517879708	-0.00986788581178	0.0150652414866	0.00176657050424	-0.0429839656475	0.03246450851	-0.0703890880513	1.0	-0.0113481634787	5.03275692445e-07	-0.00539331987082	0.00462598053084	-0.0212316924166	0.0100443902247	0.0104982665773	0.00930423464037	0.00780187914578	0.0307998417664	-0.0219331786298	-0.0960567943559	-0.0313437656811	-0.0483397546858	-0.0128368680852	-0.0249622125332	-0.0411976409928	-0.0253513397255	-0.0287050622774	0.0517352444423	0.0466327340352	0.0195757638604	0.0468646139724	0.004258281833	-0.00677965144811	0.011643251929	-0.0140454334287	0.032011003195	-0.0520285525134	-0.0138748654309	-0.0438328605426	0.0344648770292	-0.0135200179216	0.00939045512961	-0.0448620629718	0.0425288329177	0.0508578366463	-0.0141023401116	-0.0252496271654	-0.0396931575427	-0.0505760068072	0.0100236195803	-0.0845149257605	-0.0738831034286	-0.0160020958057	-0.0259699359535	-0.00853043069184	0.00697108598594	-0.0820708049301	0.0177359447655	-0.0428067430571
k__Bacteria;p__Bacteroidetes;c__Bacteroidia;o__Bacteroidales;f__Rikenellaceae;g__Alistipes;s__Alistipes_finegoldii	0.0118284044257	-0.0523554741097	-0.049147618723	-0.0196913421571	0.0011470289796	-0.00432549339468	-0.0691792062529	-0.0113481634787	1.0	-0.0417812170731	0.0134784874394	0.0256004705058	-0.00853928490933	-0.00518396662138	-0.0038911871585	-0.0169976450711	-0.0488376493145	-0.0180766482063	0.00234620595049	0.00899691278778	-0.0245914405289	-0.045455824282	-0.0227892175715	0.0615706839363	-0.0699851361812	-0.0365292102166	0.00712345031061	-0.0538889993702	0.0305142634795	0.0322464599368	-0.0327513803812	-0.0358582348203	-0.0122829656819	-0.012018037186	-0.00542623280888	-0.000677993418755	-0.0244388509479	-0.0244251807027	-0.00591305059201	-0.00498657089893	0.0351220521833	0.0254858510056	-0.0471898790956	0.0255087005018	-0.0301751052861	-0.0701106678645	-0.0306793155508	-0.00247685473129	-0.0313376571169	0.010706975953	0.0293414027192	-0.0641308946722	-0.059883858645	-0.0115305498013	0.043194357883	0.0230351079667	-0.0326064218961	-0.0310981763397	0.0420830178426
k__Bacteria;p__Bacteroidetes;c__Bacteroidia;o__Bacteroidales;f__Porphyromonadaceae;g__Parabacteroides;s__Parabacteroides_distasonis	-0.0212664496751	-0.0123078792251	-0.00850776870582	-0.0713464691461	0.0746349463918	-0.0287875682513	0.0484065575948	5.03275692445e-07	-0.0417812170731	1.0	-0.0554348114005	-0.0357311528906	0.0160079204792	-0.0357689925454	0.0334348032106	-0.0211539519496	-0.0306661021506	-0.0105766305464	-0.0222414274733	0.00872080814132	0.00869164303613	-0.0598699210107	0.0152196405271	0.0838529337337	0.0310334309655	0.0283167613303	-0.00333969281108	0.0100122688119	0.0011308551215	-0.0250537496862	-0.0198491788585	-0.0193532322494	0.000417149403004	0.0230648466248	0.0231254474406	-0.0168293379016	0.0996844480972	-0.0545562180783	-0.0146411651587	0.0160357084407	-0.0315234359172	-0.0116347865045	-0.0380144150547	0.0298934739493	0.0249959199044	0.0420334789842	-0.0579415142879	-0.0234157333001	0.0200872292483	0.0244577870201	0.00392100590285	0.0045347936599	0.0110198579686	0.00229241594467	-0.0646672161232	-0.0505152254274	-0.0234917002132	-0.0594750726132	0.0350226101464
k__Bacteria;p__Bacteroidetes;c__Bacteroidia;o__Bacteroidales;f__Bacteroidaceae;g__Bacteroides;s__Bacteroides_thetaiotaomicron	-0.11428745835	-0.0316470935814	0.000763911549476	-0.0732885498884	-0.0197317345126	-0.028646230084	-0.0163365395329	-0.00539331987082	0.0134784874394	-0.0554348114005	1.0	0.00432771530861	0.00854801373612	0.0434117706309	-0.0499922864385	-0.0661477404585	-0.0313252017129	0.00978361238946	-0.0198597737554	-0.0505741293742	0.00546760431963	-0.0574608168158	0.00458523800756	0.0327923701303	0.0105774596623	-0.0792198334004	0.0442137653219	-0.0120441314715	-0.00647897429087	-0.00234814880963	-0.0462319097359	0.0235854317609	0.0056360008426	-0.0752336815875	-0.0156532605892	-0.0685141860875	0.0224533742647	0.00913857491378	-0.0494304248749	-0.0142622600483	-0.00545810446847	0.00223346572869	-0.0113057949185	0.031599322705	0.00467548006067	0.00692410857431	0.0341226145983	-0.0227393488595	-0.0523387826796	0.0467800954239	-0.063748421716	0.00251594408219	-0.001224400732	-0.031786680216	-0.00716944334059	0.0157195958979	-0.0214884636123	0.00394578015996	0.0237004405491
k__Bacteria;p__Bacteroidetes;c__Bacteroidia;o__Bacteroidales;f__Bacteroidaceae;g__Bacteroides;s__Bacteroides_coprocola	-0.0141334944245	0.0123068455428	0.00298362699639	-0.0102752691166	0.0126304339697	-0.0105655379189	0.00236915063364	0.00462598053084	0.0256004705058	-0.0357311528906	0.00432771530861	1.0	-0.00721950352079	0.00459692311003	-0.0132717391187	0.0198397165522	-0.0219014224026	0.0180225374135	0.0307561272744	-0.02928191321	-0.0416082847559	-0.0220043006333	0.00209845503896	0.00967803379861	-0.0321836804611	-0.0369605530972	0.0507126049099	-0.0260435112838	-0.00598280484696	-0.00414705228919	0.0171950954778	0.0445618312251	-0.0100806918314	0.0327215597105	-0.0399256681848	-0.0118678638504	-0.0130288360582	-0.0231207630362	0.0351150563586	0.0251212123035	0.0403797886924	0.0418140349495	-0.038356297531	-0.0155975858428	0.00383425167097	-0.0259792632009	-0.00399621337027	-0.0354186683027	-0.054280847555	-0.0214875875685	-0.0618034288346	-0.0422121933625	-0.0627873445299	-0.0332107914091	-0.0703418072081	0.0298379068641	-0.00417652429083	0.0331113147698	0.0185244067086
k__Bacteria;p__Bacteroidetes;c__Bacteroidia;o__Bacteroidales;f__Bacteroidaceae;g__Bacteroides;s__Bacteroides_cellulosilyticus	-0.00594774785468	-0.0313375696717	0.00187724834624	0.0513535382862	-0.0372175689563	0.0180820932118	0.0532050084017	-0.0212316924166	-0.00853928490933	0.0160079204792	0.00854801373612	-0.00721950352079	1.0	0.05036295555	0.000399546887493	0.0397853856475	-0.0509648531677	-0.00967535849065	-0.0323312863749	-0.0467912822559	-0.0388988893899	-0.0577289621369	-0.0095193199742	-0.0105578799645	-0.0154258916586	-0.00392898457135	-0.061903413743	-0.0304215483023	-0.0368571276367	-0.07273485915	0.0102863276854	-0.0263430468894	-0.00115747238127	-0.0344658977312	0.00947146493355	-0.0141584398891	-0.00129587197007	-0.0119026667412	-0.00738595904222	-0.00140161954844	-0.0635170940796	-0.046012350498	0.0339109759814	0.00141257352371	0.0407953736178	0.0457164751322	-0.0327790590709	-0.0248009905755	0.0538938797452	0.0293383179538	-0.0198802758216	0.000293840302826	0.0145250316362	-0.0249342472545	0.0485349906297	0.0707975763334	0.027484888243	-0.0357994453593	-0.0536846229721
k__Bacteria;p__Bacteroidetes;c__Bacteroidia;o__Bacteroidales;f__Rikenellaceae;g__Alistipes;s__Alistipes_obesi	0.029439998773	-0.0167558204955	0.0434650017696	-0.00877847222591	-0.0158713352363	-0.0333277719822	0.00605538860893	0.0100443902247	-0.00518396662138	-0.0357689925454	0.0434117706309	0.00459692311003	0.05036295555	1.0	-0.0127660361153	0.0556308076456	-0.0219982663957	0.0075253193657	-0.0190884623479	-0.010554598244	-0.0357928900055	0.0188404680936	0.0259695254964	-0.0211783267833	0.0114407862531	0.0600848717951	-0.0377296092546	-0.048928945764	-0.0439272559791	-0.0464090057696	-0.0227462953114	0.0264426895506	0.00885578697783	-0.0264852569259	0.0379544460888	-0.0133073097728	0.0695572971544	0.0477732361463	0.0569677267048	-0.0509473631033	-0.0511205747027	-0.00689961690385	0.00588278802268	0.0140055962619	-0.0396541228264	-0.00182713664435	-0.0476017206683	-0.0272278875974	-0.013597970155	-0.0945723579528	0.0301108291986	0.077138833729	0.0218880432111	0.0156752321209	-0.0545573082959	0.0359054745337	-0.0327631946462	-0.00621597360178	-0.014789956123
k__Bacteria;p__Firmicutes;c__Clostridia;o__Clostridiales;f__Lachnospiraceae;g__;s__[Eubacterium]_rectale	0.0484642559838	-0.00478844010451	-0.0541385466914	-0.0758242063165	0.00120524423355	-0.0627377297974	-0.0311750935955	0.0104982665773	-0.0038911871585	0.0334348032106	-0.0499922864385	-0.0132717391187	0.000399546887493	-0.0127660361153	1.0	-0.00362798838287	-0.00345579053817	-0.0670713324311	-0.118661987271	-0.061136892224	-0.0472366313611	0.00906685527528	0.00528176368909	0.0238518350077	-0.0400179086996	0.0219434979189	-0.0241737288336	-0.0186527524537	-0.00699699282712	-0.0116002487173	0.0348716727665	-0.0142980669227	0.030815535783	-0.0652189360948	0.0569988238046	0.0401681654523	0.00553042542935	-0.0201262360271	0.051229053812	-0.00292280715833	0.00161285864085	0.0644374928857	-0.04821356443	-0.014240870614	0.0625297989772	0.00634113412382	-0.0307131263351	0.0118962624822	0.068905577734	0.0200300058039	0.0170190880755	0.0445638099196	-0.0245291794992	0.0201498166263	-0.0700654356457	-0.0457818218398	0.000703768212438	-0.032308501114	-0.0289519927636
k__Bacteria;p__Bacteroidetes;c__Bacteroidia;o__Bacteroidales;f__Bacteroidaceae;g__Bacteroides;s__Bacteroides_plebeius	0.00427474297029	-0.0340112209249	0.0803594046108	-0.00590756575996	-0.00919634877066	-0.0166630694948	-0.0469169199009	0.00930423464037	-0.0169976450711	-0.0211539519496	-0.0661477404585	0.0198397165522	0.0397853856475	0.0556308076456	-0.00362798838287	1.0	-0.057429827922	0.0177920665658	-0.0467874206944	0.0113318075585	-0.0140932368292	-0.0072834678281	0.0233072592505	-0.00224426027387	-0.0236902715298	0.0123763268391	-0.0564885072431	0.0926115404486	-0.0434103279607	-0.0054984385406	-0.0569694056558	0.00793770895708	0.051516458865	-0.0197151910415	0.000273240946576	0.00410679400219	-0.0174111855773	-0.0573980797446	0.00527478584973	0.0107960211535	-0.0111613733058	0.0304652865467	-0.026866333408	0.00493301145452	-0.0119051319948	-0.0165893084036	0.007492661231	-0.0257966242886	0.0340972781855	-0.0703548129747	-0.0562836048625	-0.0355309870204	-0.029419912657	-0.0272702585458	0.0399728721715	-0.0800456976238	0.0617764325554	-0.00498233794725	0.00828917068938
k__Bacteria;p__Bacteroidetes;c__Bacteroidia;o__Bacteroidales;f__Bacteroidaceae;g__Bacteroides;s__Bacteroides_fragilis	-0.00886088110701	-0.0149945722237	-0.0119095399357	-0.0285700881756	0.00431208740201	0.0574279771661	-0.0204579389442	0.00780187914578	-0.0488376493145	-0.0306661021506	-0.0313252017129	-0.0219014224026	-0.0509648531677	-0.0219982663957	-0.00345579053817	-0.057429827922	1.0	0.0615000955055	0.0571390358817	0.00216129118361	0.0544876521114	-0.0313979762231	-0.0237309845366	-0.0117561103399	-0.0625373174683	-0.0152613501624	0.00180722455145	0.0441289855028	-0.08273194282	-0.00557119947262	0.0209952139613	-0.00932521533022	0.0111036915533	-0.00201568972838	0.00864286760051	-0.00770261011605	0.0521781177833	-0.0454641056996	0.021800246699	-0.0579365439983	0.0295496576093	-0.0316421679254	0.0218909570916	0.0414436126056	0.0211224525157	-0.0372146361763	0.0350258522975	-0.0314141085252	0.0786531211224	-0.00501178614475	0.0241286302812	0.0111142888261	-0.041418790735	-0.0776803471669	-0.0240600966611	-0.0411615612232	-0.011942162326	-0.0325664424509	-0.0321493947259
k__Bacteria;p__Proteobacteria;c__Betaproteobacteria;o__Burkholderiales;f__Sutterellaceae;g__Sutterella;s__Sutterella_wadsworthensis	-0.0526093490477	0.0585224017801	0.0526859197656	-0.0715139298958	-0.0663261772333	0.0103579149303	-0.0182550796414	0.0307998417664	-0.0180766482063	-0.0105766305464	0.00978361238946	0.0180225374135	-0.00967535849065	0.0075253193657	-0.0670713324311	0.0177920665658	0.0615000955055	1.0	0.0137622006824	-0.0559483437737	0.0241795662877	0.0210376019975	-0.0563368270593	-0.0122656022573	-0.0879222189846	0.0627703556199	-0.00729136248941	-0.0393576328887	0.003877764826	-0.0847086973167	0.0650666835728	-0.0470008384867	0.00459829479509	0.0271514240992	-0.0645337193232	0.0148867529607	0.00572093356884	-0.00968996902064	0.00589973119339	0.0250423926263	0.0203358659243	-0.0192706350216	0.00448503536229	-0.0673022055493	0.0524346524584	-0.0538829963186	0.0464787496356	-0.0134836800523	0.0173675319553	-0.0403833992568	0.0377800495035	0.03547536302	0.00919847762302	0.0266090769621	0.0318016136131	0.0130514061285	-0.0228388725824	-0.0635874878551	0.0468392480817
k__Bacteria;p__Bacteroidetes;c__Bacteroidia;o__Bacteroidales;f__Porphyromonadaceae;g__Barnesiella;s__Barnesiella_intestinihominis	0.0195523257062	-0.0207906880733	0.0205657535799	-0.00898936809583	0.0458651403989	0.0129341849078	0.0369542109697	-0.0219331786298	0.00234620595049	-0.0222414274733	-0.0198597737554	0.0307561272744	-0.0323312863749	-0.0190884623479	-0.118661987271	-0.0467874206944	0.0571390358817	0.0137622006824	1.0	0.0725514251903	-0.0339482921233	-0.0147151145059	-0.0136351026876	-0.0645672049799	-0.0120331021695	0.0271195992843	-0.028945979153	0.00553832140988	-0.0291326769248	-0.0492194483866	-0.0638401338921	-0.00675058249266	-0.0597802191799	-0.0375019967691	-0.0343211920449	-0.03245136971	0.00431358082489	-0.0274729626361	-0.0359144415789	-0.0141702683394	-0.0111741706777	0.0293409622147	0.0495782922667	-0.0823256280982	-0.0507328039604	0.00276012572347	0.0823619585783	-0.0645410782478	-0.0321471122962	0.00406948581997	0.00677167241096	0.00275377165739	-0.0247891034044	-0.00136544797167	-0.0439546445169	-0.0264124632015	-0.0508020707229	0.0424771631251	0.0257224032081
k__Bacteria;p__Bacteroidetes;c__Bacteroidia;o__Bacteroidales;f__Odoribacteraceae;g__Odoribacter;s__Odoribacter_splanchnicus	0.07635959816	0.00824172418431	-0.063537967166	-0.0289270231045	-0.043422502865	0.0322027369998	0.034759753787	-0.0960567943559	0.00899691278778	0.00872080814132	-0.0505741293742	-0.02928191321	-0.0467912822559	-0.010554598244	-0.061136892224	0.0113318075585	0.00216129118361	-0.0559483437737	0.0725514251903	1.0	-0.00921947660838	-0.0388693288094	-0.0558906264436	-0.0220813408096	-0.00798571773733	0.0385718671728	0.0303845033739	0.0113530720606	-0.0271669499765	0.0550288894115	0.0157203401815	0.00668669039194	-0.0426615581073	-0.0155419406751	-0.0536276837022	-0.0509548029848	0.046271493476	-0.0710506667427	-0.0313426627981	0.0432022132921	-0.0335705901455	-0.00526679491653	0.039314977237	-0.0127981656821	-0.0227052947054	0.0369246238105	0.0161619668726	-0.0102072268189	0.0121687988618	-0.0175481424022	-0.0118962980076	0.074736641471	-0.0303186466715	-0.0150764616859	0.0186665977557	-0.0509768917939	-0.00369816040873	-0.0169058411719	-0.0426242490911
k__Bacteria;p__Bacteroidetes;c__Bacteroidia;o__Bacteroidales;f__Bacteroidaceae;g__Bacteroides;s__Bacteroides_salyersiae	-0.0881392480909	-0.0415645542985	-0.0331290652401	0.0134900000607	-0.00860326681135	-0.0653005785226	-0.0157774897134	-0.0313437656811	-0.0245914405289	0.00869164303613	0.00546760431963	-0.0416082847559	-0.0388988893899	-0.0357928900055	-0.0472366313611	-0.0140932368292	0.0544876521114	0.0241795662877	-0.0339482921233	-0.00921947660838	1.0	-0.0633519488973	-0.0232676937374	-0.0570285317321	-0.0136614707852	0.0049788741327	0.0186673778192	0.00200224482013	-0.0639820750864	0.00868885022951	0.0102128012843	-0.0390662073161	0.0374703447779	-0.0136271324366	0.0250075864679	-0.0768210698597	-0.0554413903339	0.0305376220922	-0.0467855032144	0.0392787028722	-0.0263909765821	-0.040017809242	0.0297710640536	0.0823453186084	0.00420126793927	-0.0538889059896	0.0234934206793	0.0507040534197	0.00826131741408	-0.0271193235332	0.0444180327175	0.0499395956478	-0.0205246519773	0.0146318934075	0.0210939331144	-0.0470302947036	0.0151655129142	-0.0560810480167	-0.0216341538697
k__Bacteria;p__Firmicutes;c__Clostridia;o__Clostridiales;f__Ruminococcaceae;g__Ruminiclostridium;s__[Eubacterium]_siraeum	0.00851408045055	0.0104569842037	1.1054750096e-05	0.0174274358811	-0.0110213174624	-0.0125116051124	0.000478256732878	-0.0483397546858	-0.045455824282	-0.0598699210107	-0.0574608168158	-0.0220043006333	-0.0577289621369	0.0188404680936	0.00906685527528	-0.0072834678281	-0.0313979762231	0.0210376019975	-0.0147151145059	-0.0388693288094	-0.0633519488973	1.0	0.0221097953563	-0.0066567589868	0.00779905964603	0.0366767917322	-0.0649722709725	0.00360642341252	0.0608543409145	0.0199008917877	0.0319763375112	-0.0117078433346	-0.0355942755197	0.0241086875154	-0.0194567843099	-0.0586599096522	-0.00229772440286	0.00549829510968	0.00605430360966	0.0406582202922	0.00601271018628	0.101796003069	-0.044520235508	-0.0869818555903	-0.0536093330181	0.0361997751384	-0.0145371354307	-0.0126340573731	-0.00490792429229	-0.044918192821	0.0152657322611	-0.0904151765741	-0.0410890077666	-0.0411973780196	-0.00372076945954	-0.0116889214771	0.0294576021351	0.0271617255312	0.0194934511616
k__Bacteria;p__Proteobacteria;c__Betaproteobacteria;o__Burkholderiales;f__Sutterellaceae;g__Parasutterella;s__Parasutterella_excrementihominis	-0.055667484382	-0.0171077835626	0.00705431749546	0.0168665123993	0.0327246028939	-0.00173651421234	0.00691468030044	-0.0128368680852	-0.0227892175715	0.0152196405271	0.00458523800756	0.00209845503896	-0.0095193199742	0.0259695254964	0.00528176368909	0.0233072592505	-0.0237309845366	-0.0563368270593	-0.0136351026876	-0.0558906264436	-0.0232676937374	0.0221097953563	1.0	-0.0494065897923	-0.0273601555184	0.0059801820177	-0.0313876517728	0.010393764643	0.0199807920695	0.0131183955064	-0.0224946088945	-0.043635503029	-0.0366964907368	-0.0589230980442	-0.0253681935843	0.00487740645852	0.0440398462818	0.0264961883606	-0.0327341926923	0.0377581929036	0.0433917285599	-0.0048234241227	0.0308918667968	-0.00537292885968	-0.00769061081518	0.0616949760505	-0.0385365251224	-0.00408726027333	-0.038100527878	-0.0164755645076	-0.0593483588744	-0.0244343996158	-0.00225824322498	0.0236207862042	-0.0905249852495	-0.0164125892307	0.00601668281156	-0.000187442314761	-0.0408886289021
k__Bacteria;p__Actinobacteria;c__Actinobacteria;o__Bifidobacteriales;f__Bifidobacteriaceae;g__Bifidobacterium;s__Bifidobacterium_adolescentis	-0.00346319203721	0.00556033781166	0.0423798629774	-0.0151712036639	0.0228456226933	0.00548434131378	-0.0247997351188	-0.0249622125332	0.0615706839363	0.0838529337337	0.0327923701303	0.00967803379861	-0.0105578799645	-0.0211783267833	0.0238518350077	-0.00224426027387	-0.0117561103399	-0.0122656022573	-0.0645672049799	-0.0220813408096	-0.0570285317321	-0.0066567589868	-0.0494065897923	1.0	-0.015472351896	-0.0297853153836	-0.00365725263101	-0.0220845180723	-0.013616571273	-0.0495907019366	-0.0624725669365	0.0232848767993	0.0299069129306	0.0242550170546	0.0236783076371	-0.033895565161	-0.00863814310872	-0.0707167744503	-0.0520820816477	-0.0312920694714	0.0102205119282	-0.0666800084572	0.0307232474106	-0.0254780739161	0.0206469183474	-0.00135376209222	-0.0169360151413	0.022780383142	-0.00658136340463	0.0145059978101	-0.0106081353584	-0.0682093540531	0.00923976505992	0.0254132573655	-0.0108015791527	-0.0346078624823	0.0747858940922	0.020292618405	0.0218339829976
k__Bacteria;p__Firmicutes;c__Clostridia;o__Clostridiales;f__Oscillospiraceae;g__Oscillibacter;s__Oscillibacter_sp._KLE_1745	0.0469697996634	-0.0319641216864	0.020745123043	-0.0612637521995	0.0154044185652	-0.0202346009864	0.008159623588	-0.0411976409928	-0.0699851361812	0.0310334309655	0.0105774596623	-0.0321836804611	-0.0154258916586	0.0114407862531	-0.0400179086996	-0.0236902715298	-0.0625373174683	-0.0879222189846	-0.0120331021695	-0.00798571773733	-0.0136614707852	0.00779905964603	-0.0273601555184	-0.015472351896	1.0	0.00580438561384	0.0154247669016	-0.00109055326807	0.0100823611879	0.03769991891	-0.0109981476828	-0.0128102837412	-0.042272598078	0.0332363781194	-0.0511643253248	-0.0613629771633	-0.0339695870338	0.039033781992	-0.0249317765675	0.00997566500806	0.00191636580755	-0.0130687420708	-0.00221905674419	0.00469177319898	-0.00127990051075	0.0043087409599	0.023392288719	-0.00167017577291	-0.0311889462136	0.0402295794979	-0.0355994310487	0.023578125259	-0.0354770673358	0.0773240982509	-0.00616677218779	0.0890236078207	-0.0341032250949	0.0199873710849	-0.0299902585262
k__Bacteria;p__Bacteroidetes;c__Bacteroidia;o__Bacteroidales;f__Bacteroidaceae;g__Bacteroides;s__Bacteroides_coprophilus	-0.0418379820544	-0.059119794169	0.0331880341503	-0.0393101585866	0.0526287276942	-0.0125683194082	-0.00149034700473	-0.0253513397255	-0.0365292102166	0.0283167613303	-0.0792198334004	-0.0369605530972	-0.00392898457135	0.0600848717951	0.0219434979189	0.0123763268391	-0.0152613501624	0.0627703556199	0.0271195992843	0.0385718671728	0.0049788741327	0.0366767917322	0.0059801820177	-0.0297853153836	0.00580438561384	1.0	0.00403205905138	0.0328282110206	0.052528732323	-0.00587073097253	0.0282194784859	-0.0571233580963	-0.0826576866882	0.0361059721686	0.0698771094977	-0.0385222685467	-0.0579615095449	-0.047869273518	-0.0279576428543	0.064308898388	-0.0378642126664	-0.0441964767518	0.0791147568677	-0.0153808867184	0.00219144890331	-0.0750251695079	-0.0118947548369	0.00533014046477	0.0467500252158	-0.0459285116381	0.0501286765429	0.0456183544089	0.0192091636329	0.0397122528275	-0.0263829549305	0.00679624549867	-0.0444893636842	-0.050345799968	-0.035217935962
k__Bacteria;p__Firmicutes;c__Clostridia;o__Clostridiales;f__Lachnospiraceae;g__Roseburia;s__Roseburia_intestinalis	-0.00764886971969	0.00291329015782	0.00980509445926	0.00528935502704	0.0414663125202	0.032503544036	-0.00327565099933	-0.0287050622774	0.00712345031061	-0.00333969281108	0.0442137653219	0.0507126049099	-0.061903413743	-0.0377296092546	-0.0241737288336	-0.0564885072431	0.00180722455145	-0.00729136248941	-0.028945979153	0.0303845033739	0.0186673778192	-0.0649722709725	-0.0313876517728	-0.00365725263101	0.0154247669016	0.00403205905138	1.0	0.00495853375387	-0.00290319407624	0.00702431393559	-0.0419779434276	-0.0322993639738	0.0193319402626	0.00212998591584	-0.00154062496122	-0.0202414899067	-0.050656617655	-0.0362456620742	0.0218642372997	-0.0253532537662	-0.00587892253039	-0.0330715428193	-0.0502224171232	-0.023756289299	-0.0138494682551	-0.0239392404364	-0.001707078974	0.0573659409351	-0.0374831954436	-0.0407744829796	0.0386471725404	0.0152968029827	0.00249286362175	-0.0211364243851	0.0426203203014	-0.0599740358995	0.0370836478224	0.0501537951043	-0.00873100616877
k__Bacteria;p__Firmicutes;c__Clostridia;o__Clostridiales;f__Lachnospiraceae;g__Roseburia;s__Roseburia_hominis	-0.058957035402	0.0123464662005	-0.0374623408363	-0.0226013293046	-0.0295747196716	-0.00401165748292	0.0143714893045	0.0517352444423	-0.0538889993702	0.0100122688119	-0.0120441314715	-0.0260435112838	-0.0304215483023	-0.048928945764	-0.0186527524537	0.0926115404486	0.0441289855028	-0.0393576328887	0.00553832140988	0.0113530720606	0.00200224482013	0.00360642341252	0.010393764643	-0.0220845180723	-0.00109055326807	0.0328282110206	0.00495853375387	1.0	-0.0863787366735	0.0269749153578	-0.0179514310242	0.0036890278905	-0.048853097446	0.0458571808468	-0.00935195058917	0.034285608297	-0.0509663985789	0.0586761780923	-0.0420322325902	0.00220872778075	-0.0177873444269	-0.0339054723818	0.0116493724809	-0.0113144984644	-0.01984467954	-0.00156598155132	-0.0635300296597	-0.0164539119591	-0.0179707010537	-0.031528818153	-0.0326101998651	-0.082545463772	-0.0314404735332	0.0363187940687	0.0194272360211	-0.0205483259464	0.0217034473064	-1.53156805491e-05	-0.0417359231125
k__Bacteria;p__Bacteroidetes;c__Bacteroidia;o__Bacteroidales;f__Porphyromonadaceae;g__Parabacteroides;s__Parabacteroides_johnsonii	0.0409228247371	0.0131770223018	-0.0753718795119	0.05260291418	-0.00849279434532	-0.0385778542254	0.00379780378145	0.0466327340352	0.0305142634795	0.0011308551215	-0.00647897429087	-0.00598280484696	-0.0368571276367	-0.0439272559791	-0.00699699282712	-0.0434103279607	-0.08273194282	0.003877764826	-0.0291326769248	-0.0271669499765	-0.0639820750864	0.0608543409145	0.0199807920695	-0.013616571273	0.0100823611879	0.052528732323	-0.00290319407624	-0.0863787366735	1.0	-0.0780680207791	-0.0221654579241	-0.0548817548088	0.00952929911321	0.00406885580567	-0.0596878180318	-0.0324217228284	0.013646703064	0.00256172803655	-0.0429671407518	-0.00682598260191	-0.014476513853	0.0110074600243	-0.00085536388728	-0.000897233643674	0.0171402665178	-0.00334232391629	-0.0572040561307	-0.0641378562279	-0.00485711623306	0.0452411478169	-0.0717702448538	0.0147625555854	-0.00613121040399	-0.0476109618541	-0.00918108757658	0.0724019378207	-0.0318276782044	-0.00608370588403	-0.0395038382583
k__Bacteria;p__Actinobacteria;c__Actinobacteria;o__Bifidobacteriales;f__Bifidobacteriaceae;g__Bifidobacterium;s__Bifidobacterium_longum	-0.00123560203346	-0.0416642328402	0.0483243716337	-0.0070214070399	-0.0178378035202	-0.0557400838322	-0.00750983473047	0.0195757638604	0.0322464599368	-0.0250537496862	-0.00234814880963	-0.00414705228919	-0.07273485915	-0.0464090057696	-0.0116002487173	-0.0054984385406	-0.00557119947262	-0.0847086973167	-0.0492194483866	0.0550288894115	0.00868885022951	0.0199008917877	0.0131183955064	-0.0495907019366	0.03769991891	-0.00587073097253	0.00702431393559	0.0269749153578	-0.0780680207791	1.0	0.00935811526774	0.0182980068547	0.0370400159645	0.0404028321808	0.0663613173574	0.0598896932055	-0.0335670955453	0.0209329869821	0.0160171896509	0.0653428893137	-0.0266771140694	-0.0137980920384	-0.0941538099861	-0.0213418529518	-0.0929327346713	0.0395091150279	-0.0394655742436	-0.0137673861789	-0.00818261655794	0.00418353095221	0.0251570498633	-0.0107727855071	-0.0320169730519	0.0189924063538	-0.0230052948139	-0.070732292973	-0.0104854210712	0.0203974187642	0.0119714928201
