#taxonomy	k__Bacteria;p__Bacteroidetes;c__Bacteroidia;o__Bacteroidales;f__Bacteroidaceae;g__Bacteroides;s__Bacteroides_vulgatus	k__Bacteria;p__Bacteroidetes;c__Bacteroidia;o__Bacteroidales;f__Bacteroidaceae;g__Bacteroides;s__Bacteroides_uniformis	k__Bacteria;p__Bacteroidetes;c__Bacteroidia;o__Bacteroidales;f__Rikenellaceae;g__Alistipes;s__Alistipes_putredinis	k__Bacteria;p__Bacteroidetes;c__Bacteroidia;o__Bacteroidales;f__Prevotellaceae;g__Prevotella;s__Prevotella_copri	k__Bacteria;p__Bacteroidetes;c__Bacteroidia;o__Bacteroidales;f__Bacteroidaceae;g__Bacteroides;s__Bacteroides_stercoris	k__Bacteria;p__Bacteroidetes;c__Bacteroidia;o__Bacteroidales;f__Bacteroidaceae;g__Bacteroides;s__Bacteroides_ovatus	k__Bacteria;p__Bacteroidetes;c__Bacteroidia;o__Bacteroidales;f__Rikenellaceae;g__Alistipes;s__Alistipes_shahii	k__Bacteria;p__Firmicutes;c__Clostridia;o__Clostridiales;f__Ruminococcaceae;g__Faecalibacterium;s__Faecalibacterium_prausnitzii	k__Bacteria;p__Bacteroidetes;c__Bacteroidia;o__Bacteroidales;f__Rikenellaceae;g__Alistipes;s__Alistipes_finegoldii	k__Bacteria;p__Bacteroidetes;c__Bacteroidia;o__Bacteroidales;f__Porphyromonadaceae;g__Parabacteroides;s__Parabacteroides_distasonis	k__Bacteria;p__Bacteroidetes;c__Bacteroidia;o__Bacteroidales;f__Bacteroidaceae;g__Bacteroides;s__Bacteroides_thetaiotaomicron	k__Bacteria;p__Bacteroidetes;c__Bacteroidia;o__Bacteroidales;f__Bacteroidaceae;g__Bacteroides;s__Bacteroides_coprocola	k__Bacteria;p__Bacteroidetes;c__Bacteroidia;o__Bacteroidales;f__Bacteroidaceae;g__Bacteroides;s__Bacteroides_cellulosilyticus	k__Bacteria;p__Bacteroidetes;c__Bacteroidia;o__Bacteroidales;f__Rikenellaceae;g__Alistipes;s__Alistipes_obesi	k__Bacteria;p__Firmicutes;c__Clostridia;o__Clostridiales;f__Lachnospiraceae;g__;s__[Eubacterium]_rectale	k__Bacteria;p__Bacteroidetes;c__Bacteroidia;o__Bacteroidales;f__Bacteroidaceae;g__Bacteroides;s__Bacteroides_plebeius	k__Bacteria;p__Bacteroidetes;c__Bacteroidia;o__Bacteroidales;f__Bacteroidaceae;g__Bacteroides;s__Bacteroides_fragilis	k__Bacteria;p__Proteobacteria;c__Betaproteobacteria;o__Burkholderiales;f__Sutterellaceae;g__Sutterella;s__Sutterella_wadsworthensis	k__Bacteria;p__Bacteroidetes;c__Bacteroidia;o__Bacteroidales;f__Porphyromonadaceae;g__Barnesiella;s__Barnesiella_intestinihominis	k__Bacteria;p__Bacteroidetes;c__Bacteroidia;o__Bacteroidales;f__Odoribacteraceae;g__Odoribacter;s__Odoribacter_splanchnicus	k__Bacteria;p__Bacteroidetes;c__Bacteroidia;o__Bacteroidales;f__Bacteroidaceae;g__Bacteroides;s__Bacteroides_salyersiae	k__Bacteria;p__Firmicutes;c__Clostridia;o__Clostridiales;f__Ruminococcaceae;g__Ruminiclostridium;s__[Eubacterium]_siraeum	k__Bacteria;p__Proteobacteria;c__Betaproteobacteria;o__Burkholderiales;f__Sutterellaceae;g__Parasutterella;s__Parasutterella_excrementihominis	k__Bacteria;p__Actinobacteria;c__Actinobacteria;o__Bifidobacteriales;f__Bifidobacteriaceae;g__Bifidobacterium;s__Bifidobacterium_adolescentis	k__Bacteria;p__Firmicutes;c__Clostridia;o__Clostridiales;f__Oscillospiraceae;g__Oscillibacter;s__Oscillibacter_sp._KLE_1745	k__Bacteria;p__Bacteroidetes;c__Bacteroidia;o__Bacteroidales;f__Bacteroidaceae;g__Bacteroides;s__Bacteroides_coprophilus	k__Bacteria;p__Firmicutes;c__Clostridia;o__Clostridiales;f__Lachnospiraceae;g__Roseburia;s__Roseburia_intestinalis	k__Bacteria;p__Firmicutes;c__Clostridia;o__Clostridiales;f__Lachnospiraceae;g__Roseburia;s__Roseburia_hominis	k__Bacteria;p__Bacteroidetes;c__Bacteroidia;o__Bacteroidales;f__Porphyromonadaceae;g__Parabacteroides;s__Parabacteroides_johnsonii	k__Bacteria;p__Actinobacteria;c__Actinobacteria;o__Bifidobacteriales;f__Bifidobacteriaceae;g__Bifidobacterium;s__Bifidobacterium_longum	k__Bacteria;p__Firmicutes;c__Clostridia;o__Clostridiales;f__;g__Flavonifractor;s__Flavonifractor_plautii	k__Bacteria;p__Firmicutes;c__Clostridia;o__Clostridiales;f__Clostridiaceae;g__Clostridium;s__Clostridium_phoceensis	k__Bacteria;p__Verrucomicrobia;c__Verrucomicrobiae;o__Verrucomicrobiales;f__Akkermansiaceae;g__Akkermansia;s__Akkermansia_muciniphila	k__Bacteria;p__Bacteroidetes;c__Bacteroidia;o__Bacteroidales;f__Prevotellaceae;g__Paraprevotella;s__Paraprevotella_xylaniphila	k__Bacteria;p__Firmicutes;c__Clostridia;o__Clostridiales;f__Ruminococcaceae;g__Ruminococcus;s__Ruminococcus_callidus	k__Bacteria;p__Bacteroidetes;c__Bacteroidia;o__Bacteroidales;f__Rikenellaceae;g__Alistipes;s__Alistipes_senegalensis	k__Bacteria;p__Firmicutes;c__Clostridia;o__Clostridiales;f__Lachnospiraceae;g__Blautia;s__Blautia_sp._KLE_1732	k__Bacteria;p__Bacteroidetes;c__Bacteroidia;o__Bacteroidales;f__Bacteroidaceae;g__Bacteroides;s__Bacteroides_oleiciplenus	k__Bacteria;p__Firmicutes;c__Clostridia;o__Clostridiales;f__Ruminococcaceae;g__Ruminococcus;s__Ruminococcus_bicirculans	k__Bacteria;p__Bacteroidetes;c__Bacteroidia;o__Bacteroidales;f__Bacteroidaceae;g__Bacteroides;s__Bacteroides_fluxus	k__Bacteria;p__Bacteroidetes;c__Bacteroidia;o__Bacteroidales;f__Prevotellaceae;g__Prevotella;s__Prevotella_stercorea	k__Bacteria;p__Firmicutes;c__Clostridia;o__Clostridiales;f__Lachnospiraceae;g__Dorea;s__Dorea_longicatena	k__Bacteria;p__Firmicutes;c__Clostridia;o__Clostridiales;f__Eubacteriaceae;g__Eubacterium;s__[Eubacterium]_eligens	k__Bacteria;p__Firmicutes;c__Clostridia;o__Clostridiales;f__Ruminococcaceae;g__;s__Ruminococcaceae_bacterium_D16	k__Bacteria;p__Firmicutes;c__Clostridia;o__Clostridiales;f__Lachnospiraceae;g__Coprococcus;s__Coprococcus_comes	k__Bacteria;p__Proteobacteria;c__Gammaproteobacteria;o__Enterobacterales;f__Enterobacteriaceae;g__Escherichia;s__Escherichia_coli	k__Bacteria;p__Firmicutes;c__Clostridia;o__Clostridiales;f__Ruminococcaceae;g__Anaerotruncus;s__Anaerotruncus_colihominis	k__Bacteria;p__Firmicutes;c__Clostridia;o__Clostridiales;f__Lachnospiraceae;g__Blautia;s__Blautia_obeum	k__Bacteria;p__Bacteroidetes;c__Bacteroidia;o__Bacteroidales;f__Odoribacteraceae;g__Odoribacter;s__Odoribacter_laneus	k__Bacteria;p__Firmicutes;c__Clostridia;o__Clostridiales;f__Ruminococcaceae;g__Ruminiclostridium;s__[Clostridium]_leptum	k__Bacteria;p__Bacteroidetes;c__Bacteroidia;o__Bacteroidales;f__Porphyromonadaceae;g__Parabacteroides;s__Parabacteroides_goldsteinii	k__Bacteria;p__Firmicutes;c__Clostridia;o__Clostridiales;f__Lachnospiraceae;g__Anaerostipes;s__Anaerostipes_hadrus	k__Bacteria;p__Firmicutes;c__Clostridia;o__Clostridiales;f__Ruminococcaceae;g__Ruminococcus;s__Ruminococcus_lactaris	k__Bacteria;p__Firmicutes;c__Clostridia;o__Clostridiales;f__Clostridiaceae;g__Clostridium;s__Clostridium_sp._L2-50	k__Bacteria;p__Firmicutes;c__Clostridia;o__Clostridiales;f__Clostridiaceae;g__Clostridium;s__Clostridium_sp._M62/1	k__Bacteria;p__Firmicutes;c__Clostridia;o__Clostridiales;f__;g__Intestinimonas;s__Intestinimonas_butyriciproducens	k__Bacteria;p__Actinobacteria;c__Actinobacteria;o__Bifidobacteriales;f__Bifidobacteriaceae;g__Bifidobacterium;s__Bifidobacterium_bifidum	k__Bacteria;p__Firmicutes;c__Negativicutes;o__Veillonellales;f__Veillonellaceae;g__Dialister;s__Dialister_invisus	k__Bacteria;p__Bacteroidetes;c__Bacteroidia;o__Bacteroidales;f__Bacteroidaceae;g__Bacteroides;s__Bacteroides_salanitronis
k__Bacteria;p__Bacteroidetes;c__Bacteroidia;o__Bacteroidales;f__Bacteroidaceae;g__Bacteroides;s__Bacteroides_vulgatus	1.0	0.0174903341987	-0.0298427671696	0.022878651667	0.0215104333077	-0.0282602599058	-0.00219266175661	0.00439805320206	-0.00165139619316	-0.087054085533	-0.0557288087429	-0.0522829713849	0.0031654766417	-0.00766457865347	0.0663376399999	-0.0360155189445	-0.00719222240657	-0.0112171283739	0.0311836584916	-0.0129358409799	0.0453482436989	-0.0201001069036	0.016497810212	-0.00588503412615	0.0217635550317	-0.0202184131822	0.0384283594078	-0.0433556291457	-0.0841548639495	0.0177555225058	0.0185557656103	-0.0262814189637	0.0220883731459	-0.0752809638137	-0.0570280494251	-0.0180231122835	-0.0427530990257	-0.0576973814236	0.0453730036276	0.0379742713034	-0.0664623816478	-0.0228171905455	-0.0498619775407	0.0177372299126	-0.0883492659226	0.0598241191798	0.0580991665688	-0.0169501371816	-0.0103230105073	0.0146887335761	-0.0499654832132	0.0326717670887	0.00131679566754	-0.0482315753596	-0.0348487484406	-0.00219894616724	-0.0124449186981	0.0755942841199	0.0233183677857
k__Bacteria;p__Bacteroidetes;c__Bacteroidia;o__Bacteroidales;f__Bacteroidaceae;g__Bacteroides;s__Bacteroides_uniformis	0.0174903341987	1.0	-0.032614959184	0.0307516001566	-0.0425389594632	-0.0342584527903	-0.0151826257524	0.0130026947918	-0.10603910573	-0.0389261482336	0.0316376347086	0.0606546788879	-0.0127671273895	0.0116020217773	-0.0564742254836	-0.063626472819	0.0410849443489	-0.0247193428563	-0.0270763814763	-0.0329706340979	0.0428639011508	-0.0508912595718	-0.0557006660148	0.0162792687383	0.00634042503024	-0.0237518019166	0.0794492236013	-0.0701024422628	-0.0379943625391	-0.0224188793073	0.0296715984493	-0.0341036993031	-0.0112372356501	0.0595770042796	0.0144358156499	0.00112042024856	0.0435784390223	0.0321697628588	-0.00640284948594	-0.00569661825856	0.0471733987666	0.0189051077879	0.00566804561229	0.00606634902582	-0.0423960503853	0.00690466123319	0.00325251892558	-0.0216344764667	-0.0226974709691	-0.00250994274308	0.0126227700074	0.0241647718049	0.012893533837	-0.00542042291044	-0.0334786232	0.0391399513922	-0.0272522062584	-0.081123400187	0.0102326843537
k__Bacteria;p__Bacteroidetes;c__Bacteroidia;o__Bacteroidales;f__Rikenellaceae;g__Alistipes;s__Alistipes_putredinis	-0.0298427671696	-0.032614959184	1.0	-0.0320532366481	0.0562866825097	-0.0394058254523	-0.0184601819031	0.0201184370467	-0.0731641768932	-0.00973599948391	-0.00654669160537	-0.0279401628782	0.0354069959565	0.011815155247	-0.00530855660308	0.028763970068	0.0603233897689	-0.0473060942716	-0.0521616498051	-0.0464050098665	-0.019705061326	0.0278527149293	-0.0208550292302	-0.0516084262337	-0.0213519750891	0.018303309213	0.0531211177373	0.0608869525992	0.0535436260713	0.0207434566358	-0.00992979402327	-0.0135037209756	-0.0348320846922	-0.0524538029318	-0.0168757126315	0.047356310218	-0.0320812718075	-0.0247676518461	0.00780746087201	-0.0154755259647	0.0480082215746	-0.0169295871058	-0.0522830278121	0.0113126536214	-0.0539828266837	0.0307204779689	0.040733230081	0.0135645928843	0.00855311771982	-0.0527765375385	0.0673406191517	-0.011798883028	-0.0631364990656	0.0228665330456	-0.043412452425	-0.0316800720884	-0.0159913384228	-0.00414874549324	-0.0203326778742
k__Bacteria;p__Bacteroidetes;c__Bacteroidia;o__Bacteroidales;f__Prevotellaceae;g__Prevotella;s__Prevotella_copri	0.022878651667	0.0307516001566	-0.0320532366481	1.0	-0.0313467583674	0.0255799036614	-0.0869130678089	-0.0432532421299	-0.0286944190574	-0.0541431387914	-0.0304580682213	-0.00846445554587	-0.0174918339812	-0.038761448662	0.00844575071169	-0.0168444781811	0.0457348120081	-0.0365542567926	0.00905199870481	0.0365960030519	0.0350331753467	-0.0148459018897	-0.0676326382314	-0.00939010006375	0.0186365792868	-0.0340675547894	-0.0163448613931	0.023150438189	-0.0274420602206	0.004787336045	-0.0543160267988	0.0435092142161	0.0252330226422	-0.0746166645205	0.0221632220587	-0.00640898637015	-0.0304328251023	-0.0848676596295	-0.000328665764576	-0.00766526512309	-0.0766775534775	0.00451771444192	-0.0220389014812	-0.0253589162745	0.041239305362	0.012922824931	0.0272303079525	-0.0202851938157	-0.0412002373801	-0.099118123397	0.0105733337419	0.0314979853349	0.0762345908459	0.0442450981845	0.025833548173	-0.0386974027305	-0.0136096878713	-0.0262315391619	0.0412454583459
k__Bacteria;p__Bacteroidetes;c__Bacteroidia;o__Bacteroidales;f__Bacteroidaceae;g__Bacteroides;s__Bacteroides_stercoris	0.0215104333077	-0.0425389594632	0.0562866825097	-0.0313467583674	1.0	0.0234869997672	-0.0179656949003	0.0242245426184	0.0594866491559	-0.0320988382192	0.0401770704004	0.0070983938198	-0.0306759530206	0.0267774277004	-0.0412890089181	0.054545030153	0.0197800437927	-0.0241744809962	-0.0670114479334	-0.0229441334876	0.0131427459633	0.0828369153294	-0.00632242664119	-0.030708922055	0.00819983104018	-0.0458437788965	0.0274212709402	-0.0415382401977	0.000409377819677	-0.10415220506	-0.0320334201937	-0.0317188436043	-0.0851668443356	-0.0619177912578	0.0634035430991	2.3097067986e-05	0.0622201157454	0.00604934243124	-0.0242682203808	0.0520549670634	-0.00774009003232	-0.0354585790872	-0.023212098079	-0.070763589335	0.0544002763859	-0.0544327934759	0.0109825952101	0.0108045648707	-0.0327147611988	-0.0171688878635	-0.0237429297388	-0.0188199718319	0.00420239427078	-0.0524681023079	-0.0416939257382	-0.01738790443	0.0340193241124	-0.0264467259846	-0.046765786339
k__Bacteria;p__Bacteroidetes;c__Bacteroidia;o__Bacteroidales;f__Bacteroidaceae;g__Bacteroides;s__Bacteroides_ovatus	-0.0282602599058	-0.0342584527903	-0.0394058254523	0.0255799036614	0.0234869997672	1.0	-0.0586910758193	0.00692078075946	-0.0306685248815	0.0341626539395	-0.0220436159394	0.0289960449708	-0.0697224312021	-0.0590126225982	0.013908792827	-0.0282551428031	-0.0626025072107	0.0325719622139	0.0611101340518	-0.000698029942804	0.00820613046623	-0.0354735810899	0.0796804397898	0.00613078026408	0.00617194987409	0.0331592762669	-0.00015230266571	0.0520251239208	0.00312131563993	-0.0594649157005	0.0284882103621	-0.0343384644176	-0.0346923210353	0.0508104346786	0.0217207809111	-0.0365367606357	-0.0406736454785	-0.00583332436432	-0.0476209171349	0.00360966410749	-0.0482371258761	-0.0129208182839	0.0627114598349	0.00248069972747	-0.0422922106729	-0.0173833950783	-0.0179844510246	-0.0235602913955	0.0365704798616	0.00198882992741	-0.0253394055284	-0.0518348523055	-0.0106119759528	-0.0526156150624	-0.0233515924697	-0.042145520643	0.00214599117749	-0.0192797771907	-0.0373742181177
k__Bacteria;p__Bacteroidetes;c__Bacteroidia;o__Bacteroidales;f__Rikenellaceae;g__Alistipes;s__Alistipes_shahii	-0.00219266175661	-0.0151826257524	-0.0184601819031	-0.0869130678089	-0.0179656949003	-0.0586910758193	1.0	-0.0320996997044	0.0096518852776	-0.0448387596727	-0.0524143106271	-0.0436218773653	0.0214399874256	0.00597931245572	-0.0170317806929	-0.00093409819376	-0.023853639202	-0.0481860454156	-0.0541460616826	-0.00491071194899	0.0116333325151	-0.000489751937032	0.0451189202872	-0.00118100820665	-0.0275197190078	-0.0709356302984	-0.045672439114	-0.0287343062599	0.0258761304622	0.0662564971038	-0.0157568095819	-0.0105647231711	-0.0363531175493	-0.00926757341093	-0.0604680522441	0.00940271036542	0.0793613123871	0.0190918503563	-0.0106093057262	-0.0463585630821	0.0195297645699	-0.0277640319195	-0.0129703095589	0.073587912152	0.0549648093796	-0.00154951931515	-0.00391601887787	-0.0306619740927	0.0354840895347	-0.00410671292289	0.0147342604607	0.0243094998798	-0.0499244352827	-0.0136957497836	0.00612907369014	-0.0331850990733	-0.023664786036	-0.0338224713549	-0.0554991543832
k__Bacteria;p__Firmicutes;c__Clostridia;o__Clostridiales;f__Ruminococcaceae;g__Faecalibacterium;s__Faecalibacterium_prausnitzii	0.00439805320206	0.0130026947918	0.0201184370467	-0.0432532421299	0.0242245426184	0.00692078075946	-0.0320996997044	1.0	0.00386635448696	0.0141542792526	-0.0440664764511	-0.0386239770988	0.0784888995468	-0.107484717892	-0.039586119843	0.033812910012	-0.0147704480522	0.0226089353254	-0.0879654073771	0.021316096506	0.0500846082647	0.0866506145432	0.0206949384918	0.0534565415217	-0.0179370201584	-0.0989077687671	-0.0538236954282	-0.00709891647586	0.0338478567306	-0.0792542434595	0.0400561248883	-0.0689716578086	0.00629013951118	-0.0274022414257	-0.0342778636367	-0.016316858977	-0.0263322724105	0.0270264334983	-0.0195260479762	0.0174314266032	0.0164397386631	-0.0201524850813	-0.0564656403046	-0.000422330867961	-0.03942899341	0.0562327410994	-0.0315394770957	-0.0265096478579	-0.033541058452	0.0741431284098	-0.00709836810152	-0.0448638708958	0.0098116341315	0.0433205077465	0.00570800413087	0.0242746748378	-0.0483699329317	-0.0112670947407	-0.0961244462111
k__Bacteria;p__Bacteroidetes;c__Bacteroidia;o__Bacteroidales;f__Rikenellaceae;g__Alistipes;s__Alistipes_finegoldii	-0.00165139619316	-0.10603910573	-0.0731641768932	-0.0286944190574	0.0594866491559	-0.0306685248815	0.0096518852776	0.00386635448696	1.0	0.0206548660489	-0.0323346290923	0.0354837427603	-0.00992266793813	-0.0221928835411	0.00919822362288	-0.00495261249345	0.0699728353733	0.0633214451257	-0.0404564614858	0.00810329177711	-0.0475697394013	-0.0103601108711	0.0266809342106	0.0165739536847	-0.0258719850903	0.0423593523172	-0.0079366954863	0.0622087344095	-0.0334576962262	-0.0552037521144	0.0289466365762	-0.021904065432	0.0363997954423	-0.0279484258905	0.0555371216458	0.0166604376871	-0.0403056996993	-0.0142008914317	0.0501539576333	-0.0760122782589	-0.108179968165	-0.0452389881003	0.008044278024	-0.00777855647943	-0.0101194284293	-0.0416388153154	0.0184962626842	-0.00518394654258	-0.00271888114545	-0.0488090020116	-0.00859247837404	-0.0250103291328	0.0258678579902	-0.0374988149261	-0.0242989719797	-0.0628769946729	-0.0459888427265	-0.00267118916358	-0.0668078443459
k__Bacteria;p__Bacteroidetes;c__Bacteroidia;o__Bacteroidales;f__Porphyromonadaceae;g__Parabacteroides;s__Parabacteroides_distasonis	-0.087054085533	-0.0389261482336	-0.00973599948391	-0.0541431387914	-0.0320988382192	0.0341626539395	-0.0448387596727	0.0141542792526	0.0206548660489	1.0	-0.000683922204035	0.00426593841937	0.0544492958565	0.0318218229398	0.039759179113	0.0739501663755	-0.0702353906498	-0.00973827580865	0.0278892932388	0.000168135517945	-0.0300520496208	0.00755810302991	0.00401092630273	0.0180926281263	-0.0432112778967	-0.0152966406844	-0.0414578091206	-0.0262260552816	-0.030347647195	0.0204947365956	-0.00394655712683	-0.0421763693742	0.050197585868	-0.0103423756532	0.000482722408862	-0.0115253739126	0.0191692318309	0.0279673076529	-0.0136443019311	-0.00767293618094	-0.108085056889	-0.0249634169317	-0.0446630483405	0.0282271320543	-0.0390327801072	0.00828714386151	-0.0373747073035	0.0287105096001	0.0200974876823	0.0246504197177	-0.0252156781846	-0.0670795053997	-0.0092098740897	0.00337828577824	-0.00776816004416	-0.0284685415955	0.0129623770911	-0.0235287670037	-0.00686127712918
k__Bacteria;p__Bacteroidetes;c__Bacteroidia;o__Bacteroidales;f__Bacteroidaceae;g__Bacteroides;s__Bacteroides_thetaiotaomicron	-0.0557288087429	0.0316376347086	-0.00654669160537	-0.0304580682213	0.0401770704004	-0.0220436159394	-0.0524143106271	-0.0440664764511	-0.0323346290923	-0.000683922204035	1.0	-0.00334132310947	0.0261121903372	-0.00545853913091	-0.0571265214753	-0.00527537753586	0.0130042584556	0.0347247549853	-0.00459303797439	0.00471540306241	0.0312745573363	0.00690191860448	-0.0138350519945	-0.0251169454972	-0.0110043278175	0.0419014337824	0.00061971732435	-0.0101319675445	-0.0709963164461	0.0466302337111	-0.0861958971982	0.0119538226255	0.097960466017	0.0464367392805	-0.0456117481633	-0.0304394998415	0.00980423762709	-0.0318501938714	0.0422428769531	0.0202007893854	-0.00849372571138	-0.0423815621831	-0.0180452476871	0.0682628644985	-0.0413229396383	0.022347055463	-0.0148057054426	0.0211108080496	-0.040939213201	0.0311282638175	-0.034605815647	0.0526612488607	-0.0460075316474	-0.0116889378249	0.0320335013015	0.0104228844902	0.0362527013636	-0.00583881075714	0.00925491614799
k__Bacteria;p__Bacteroidetes;c__Bacteroidia;o__Bacteroidales;f__Bacteroidaceae;g__Bacteroides;s__Bacteroides_coprocola	-0.0522829713849	0.0606546788879	-0.0279401628782	-0.00846445554587	0.0070983938198	0.0289960449708	-0.0436218773653	-0.0386239770988	0.0354837427603	0.00426593841937	-0.00334132310947	1.0	-0.0618362436194	-0.095559586245	-0.0250404314034	0.00729739327106	0.0549900615904	0.0368252805331	0.011917168393	-0.0236412928889	-0.00170270547801	0.0302080525392	-0.0300296450635	0.0155842417148	-0.000397281562453	-0.00649808666503	-0.0255367073422	-0.0882438077461	-0.0682302012834	-0.0860301401879	-0.0640359717243	-0.0462281557911	-0.0138154123658	-0.0848503714537	0.0145887509675	0.0215226658791	0.0438737032292	0.00269285716622	0.00581177893551	0.00832076948485	0.009556718308	-0.027880963964	-0.0066491773663	-0.0261365648129	0.0281886134309	0.0384006838692	0.0402562022109	0.0150491601919	-0.0303417439756	-0.0399088031954	-0.0325486251443	0.0397507055675	0.00854936462007	0.0465704454276	-0.0377090095842	-0.0311012773965	0.0189526108259	0.0214599558087	-0.0177110046087
k__Bacteria;p__Bacteroidetes;c__Bacteroidia;o__Bacteroidales;f__Bacteroidaceae;g__Bacteroides;s__Bacteroides_cellulosilyticus	0.0031654766417	-0.0127671273895	0.0354069959565	-0.0174918339812	-0.0306759530206	-0.0697224312021	0.0214399874256	0.0784888995468	-0.00992266793813	0.0544492958565	0.0261121903372	-0.0618362436194	1.0	0.00224803505035	-0.0116902126077	0.0556474900453	0.0348420259588	-0.0636439547046	-0.0206561094807	-0.0176135819281	-0.0322552202972	-0.0100536493142	0.0171657463558	0.0320407559739	-0.0279348740958	-0.0319234069103	0.0656254139377	0.00400019282413	0.0678421504581	-0.0441139037146	0.0140818461106	-0.0175335262261	-0.0958797789749	-0.0149369667006	-0.00875448346303	-0.0212179246244	0.0225601289614	0.0125151948384	-0.035440568239	-0.0288837275039	0.0455839340932	-0.0347543628952	-0.0207664693768	0.0427437119827	0.00893674924148	-0.0597515084031	-0.0418559743085	-0.0398551852856	0.0355672963422	-0.00593337813305	-0.016137506074	-0.0320941796527	-0.0926724797673	0.0234375551914	-0.0124365528569	-0.048541351197	-0.0266036203164	0.0086726619137	-0.0320031909286
k__Bacteria;p__Bacteroidetes;c__Bacteroidia;o__Bacteroidales;f__Rikenellaceae;g__Alistipes;s__Alistipes_obesi	-0.00766457865347	0.0116020217773	0.011815155247	-0.038761448662	0.0267774277004	-0.0590126225982	0.00597931245572	-0.107484717892	-0.0221928835411	0.0318218229398	-0.00545853913091	-0.095559586245	0.00224803505035	1.0	-0.00745649417237	0.0656330659462	0.0555543766582	0.000920740161305	-0.0300298678704	-0.0082960567382	-0.082637439154	0.00915734780248	-0.000135254762375	-0.00566326495047	-0.0708239493042	0.0081400544947	0.0833522569077	0.00431416068701	0.0318216042263	0.00704652793459	-0.0258466353676	-0.0339754870226	-0.0890203299994	0.0275253711174	-0.0150138947972	-0.027455690686	-0.0250517272321	-0.0250687318654	0.00558433953648	0.0237892101138	0.0154793298086	-0.0381170190664	0.0705710226828	-0.0155389826429	0.0336975158921	0.00676634672548	0.0702481900168	-0.00380003551367	-0.00380476500813	-0.0202789810483	-0.0226986734519	-0.0160367678202	0.119763580618	-0.0519534358752	-0.0274587321696	-0.0299439080135	-0.0104132998729	-0.00711412410295	-0.0151212661957
k__Bacteria;p__Firmicutes;c__Clostridia;o__Clostridiales;f__Lachnospiraceae;g__;s__[Eubacterium]_rectale	0.0663376399999	-0.0564742254836	-0.00530855660308	0.00844575071169	-0.0412890089181	0.013908792827	-0.0170317806929	-0.039586119843	0.00919822362288	0.039759179113	-0.0571265214753	-0.0250404314034	-0.0116902126077	-0.00745649417237	1.0	-0.0418019023279	0.0116416304426	0.0540134319785	0.0336702479833	0.00474817949261	-0.0878680698837	-0.0267360688359	-0.0358942377919	-0.060324324739	0.012182586021	-0.0229003804444	-0.00675775587733	-0.0221943993635	0.00509241242266	-0.0149760671062	0.0162906135257	0.0233571513085	-0.000898439441142	-0.0145684562177	-0.0195462931978	-0.0236768072638	-0.0396141011743	0.00964320458977	0.0186732519506	-0.0119730217841	-0.0290404180483	0.00544367729269	-0.0229342179342	-0.0278788166541	-0.00827284133167	-0.0408690133853	0.0315702340248	-0.0487685689402	0.0220983414735	0.0336060319799	0.0174253305248	0.0580638797407	0.00860042177438	-0.108490547025	-0.00793896339228	-0.0560123387517	-0.0234777986414	-0.0178461810513	0.0135449797044
k__Bacteria;p__Bacteroidetes;c__Bacteroidia;o__Bacteroidales;f__Bacteroidaceae;g__Bacteroides;s__Bacteroides_plebeius	-0.0360155189445	-0.063626472819	0.028763970068	-0.0168444781811	0.054545030153	-0.0282551428031	-0.00093409819376	0.033812910012	-0.00495261249345	0.0739501663755	-0.00527537753586	0.00729739327106	0.0556474900453	0.0656330659462	-0.0418019023279	1.0	-0.0486407232659	0.0350431561487	-0.0403330244687	-0.0325333944299	0.00427005352649	-0.00269784363873	0.0253160015283	0.0180262815111	-0.0165945801549	0.0184899300673	-0.0436257411965	-0.0629763586659	0.0559984080172	-0.0189358327844	-0.0537654071999	0.0348345166129	-0.073515331271	-0.0229450154134	-0.0126073227447	0.0284338866439	-0.0388570540373	0.0102246587966	-0.0326370744097	-0.0259951980115	-0.0257410964204	-0.0809039336231	0.0166360453933	-0.0272063637338	-0.0651061798554	-0.0351535116337	-0.0424956049861	-0.0273388163061	-0.0375030760502	-0.00186515071428	-0.0434274006193	0.0522900754926	0.00113581114925	0.000389802152023	-0.0232726215861	-0.0557413613989	0.0355339541575	0.00317398449545	-0.0186647284063
k__Bacteria;p__Bacteroidetes;c__Bacteroidia;o__Bacteroidales;f__Bacteroidaceae;g__Bacteroides;s__Bacteroides_fragilis	-0.00719222240657	0.0410849443489	0.0603233897689	0.0457348120081	0.0197800437927	-0.0626025072107	-0.023853639202	-0.0147704480522	0.0699728353733	-0.0702353906498	0.0130042584556	0.0549900615904	0.0348420259588	0.0555543766582	0.0116416304426	-0.0486407232659	1.0	-0.0627278315828	0.0152981241658	-0.0426580572901	0.0433505613298	0.00197456111189	-0.0644051865595	-0.0174232450964	-0.0319584104976	0.0261086552473	-0.069798664556	0.0846286575811	-0.0365894625856	-0.0209191815583	0.0154167108671	-0.0210034169195	-0.0729337009082	0.032238787	-0.0134483880225	-0.0324020527357	-0.0400867236686	-0.0136861613045	-0.0204289737667	-0.0201329728564	-0.0218881903363	-0.0755239221409	-0.0267705831057	-0.0240172091339	0.0201616222519	-0.00139272876664	0.063238503881	-0.0211445613691	-0.0146991609857	-0.0871839691651	0.0245164606951	-0.0362258425577	-0.0737733014191	-0.0254260680309	0.00902587649794	0.0351927959985	0.06780764313	0.0241851700966	-0.0079368558703
k__Bacteria;p__Proteobacteria;c__Betaproteobacteria;o__Burkholderiales;f__Sutterellaceae;g__Sutterella;s__Sutterella_wadsworthensis	-0.0112171283739	-0.0247193428563	-0.0473060942716	-0.0365542567926	-0.0241744809962	0.0325719622139	-0.0481860454156	0.0226089353254	0.0633214451257	-0.00973827580865	0.0347247549853	0.0368252805331	-0.0636439547046	0.000920740161305	0.0540134319785	0.0350431561487	-0.0627278315828	1.0	-0.038084596911	0.0325195920109	-0.0356218845416	0.00855434457967	0.00616374025983	0.025627579789	-0.0454782623323	0.00550355968717	-0.0636015179592	-0.0559921260007	0.00134535048779	-0.0259916096378	-0.0317832252453	-0.0682538186895	0.0565473179191	-0.0495792427168	-0.0398552628822	-0.0120058009096	-0.0520329479131	0.0405817517446	0.0254081247951	-0.043566149601	0.00375050162597	-0.0377707568879	-0.023224211951	-0.0333002510738	-0.000144057464022	-0.00704979445163	0.00749088025274	-0.0364984780355	0.0040176659582	-0.073350695759	0.027327833096	0.0198184735579	0.0201938359137	0.00919650194375	-0.0218441620452	-0.00717870650185	-0.029990357654	0.0463400887534	-0.00349448735732
k__Bacteria;p__Bacteroidetes;c__Bacteroidia;o__Bacteroidales;f__Porphyromonadaceae;g__Barnesiella;s__Barnesiella_intestinihominis	0.0311836584916	-0.0270763814763	-0.0521616498051	0.00905199870481	-0.0670114479334	0.0611101340518	-0.0541460616826	-0.0879654073771	-0.0404564614858	0.0278892932388	-0.00459303797439	0.011917168393	-0.0206561094807	-0.0300298678704	0.0336702479833	-0.0403330244687	0.0152981241658	-0.038084596911	1.0	-0.0498804677168	-0.00143120860426	-0.0419598692588	-0.056098521117	-0.0239228809584	0.0662401419769	-0.0538473499007	0.0522608462773	-0.032763086961	0.00453063349246	0.0200549371965	-0.0431239783643	-0.0144177349092	-0.0441871345784	-0.00586301853999	-0.12874587168	-0.0464099921363	0.026539347258	0.0206709285274	-0.0209138186124	-0.0615589294959	-0.0191052797679	-0.0209534307686	0.0222823375182	0.00353496620745	-0.0168633057253	0.0433650132991	0.0200518190593	-0.0236542210956	-0.0326305421	0.0659341552725	0.014221262492	-0.00266918051043	0.0127759239571	-0.00360645808011	0.0402943700175	0.0714663429785	-0.00590204875993	0.061389837078	-0.00578346966744
k__Bacteria;p__Bacteroidetes;c__Bacteroidia;o__Bacteroidales;f__Odoribacteraceae;g__Odoribacter;s__Odoribacter_splanchnicus	-0.0129358409799	-0.0329706340979	-0.0464050098665	0.0365960030519	-0.0229441334876	-0.000698029942805	-0.00491071194899	0.021316096506	0.00810329177711	0.000168135517945	0.00471540306241	-0.0236412928889	-0.0176135819281	-0.0082960567382	0.00474817949261	-0.0325333944299	-0.0426580572901	0.0325195920109	-0.0498804677168	1.0	0.0581170030567	0.0502952725821	-0.0249710601342	-0.0796213173964	0.022092339283	0.0212488285012	-0.0730662608839	0.0176623744363	0.0432461688801	0.0432716848587	-0.0567614317236	0.0258051811211	0.00435848471397	-0.0120814908077	0.0013007837164	0.0281854196397	-0.0528341679913	-0.00607237393295	-0.0204142084677	-0.00448499137345	0.0345335211154	-0.0297738937984	-0.00292516265275	-0.0456971918094	0.0240182077163	0.00585824167144	-0.0975919545354	-0.0883168793602	-0.000782646145433	-0.0295533292773	0.0483347570308	0.00942452780748	0.0265628480777	0.0503005689935	-0.0587271431769	-0.0105616628919	0.0514110051007	-0.0112260412883	0.0202628333583
k__Bacteria;p__Bacteroidetes;c__Bacteroidia;o__Bacteroidales;f__Bacteroidaceae;g__Bacteroides;s__Bacteroides_salyersiae	0.0453482436989	0.0428639011508	-0.019705061326	0.0350331753467	0.0131427459633	0.00820613046623	0.0116333325151	0.0500846082647	-0.0475697394013	-0.0300520496208	0.0312745573363	-0.00170270547801	-0.0322552202972	-0.082637439154	-0.0878680698837	0.00427005352649	0.0433505613298	-0.0356218845416	-0.00143120860426	0.0581170030567	1.0	0.0417750769321	-0.0186994005394	0.011757734583	0.0277577741211	0.0219076005318	0.00359985532155	-0.0231184678405	-0.0463484899971	-0.0146165457115	-0.012801784883	-0.065973823798	-0.0298458503528	-0.00107676032383	-0.00970167220678	0.0352546237937	0.0144258669763	0.00633948026748	0.035134565593	0.0298108742258	0.0723886949531	0.0686467271694	-0.0382727468305	-0.0174056787796	0.0399234903732	-0.0211396725652	-0.0345206939288	-0.0384735256071	0.00476105798179	0.0726405434712	-0.00350803640931	-0.0422779035763	-0.0178953283568	0.0569015899491	-0.0440066030488	-0.0412155563712	-0.0666596162376	-0.0190859010919	-0.0107521934714
k__Bacteria;p__Firmicutes;c__Clostridia;o__Clostridiales;f__Ruminococcaceae;g__Ruminiclostridium;s__[Eubacterium]_siraeum	-0.0201001069036	-0.0508912595718	0.0278527149293	-0.0148459018897	0.0828369153294	-0.0354735810899	-0.000489751937032	0.0866506145432	-0.0103601108711	0.00755810302991	0.00690191860448	0.0302080525392	-0.0100536493142	0.00915734780248	-0.0267360688359	-0.00269784363873	0.00197456111189	0.00855434457967	-0.0419598692588	0.0502952725821	0.0417750769321	1.0	0.0248207069043	-0.00504397108344	-0.0365152290649	-0.00100834450424	0.0540008170195	-0.0103380490937	-0.00347981870665	-0.0111273650149	0.0215582901384	-0.100639715339	-0.0556649113315	-0.042651222367	0.0544517143633	0.000804744450832	0.00411167000232	0.0395910937171	0.0116923442557	0.00327589342574	-0.0298114488563	-0.0410239968107	0.0320259303116	0.00457307740062	0.0170295095833	-0.016691570879	-0.00610401088732	0.0121247588434	-0.0195784766834	0.0048250868921	-0.0352151106066	-0.0231968605667	-0.0210113175127	0.000957047676549	-0.0175765699214	0.0341661562833	-0.00770501964438	0.0278704384186	-0.0261413166158
k__Bacteria;p__Proteobacteria;c__Betaproteobacteria;o__Burkholderiales;f__Sutterellaceae;g__Parasutterella;s__Parasutterella_excrementihominis	0.016497810212	-0.0557006660148	-0.0208550292302	-0.0676326382314	-0.00632242664119	0.0796804397898	0.0451189202872	0.0206949384918	0.0266809342106	0.00401092630273	-0.0138350519945	-0.0300296450635	0.0171657463558	-0.000135254762375	-0.0358942377919	0.0253160015283	-0.0644051865595	0.00616374025983	-0.056098521117	-0.0249710601342	-0.0186994005394	0.0248207069043	1.0	-0.034050921748	-0.0243527465157	-0.00581444778581	-0.015550119258	-0.0028700117749	-0.0258458360044	0.0234912811724	0.00285795012682	-0.00455643741666	0.0433994170692	0.0310627131363	-0.0376594058353	-0.0284061633028	0.017541016644	-0.0193455242154	-0.0401793050346	0.0196333254398	-0.099442359527	-0.0254504771307	-0.0286884378795	-0.0295931302767	-0.0182204473266	0.00721356226613	-0.0682951728906	0.0142277806752	0.00241182871967	0.0251121347062	-0.0245501326143	-0.0445460662703	-0.0603777743411	-0.00405831767656	-0.0427826302301	0.0577825221078	-0.0422217792775	-0.000184583266337	-0.0236798763222
k__Bacteria;p__Actinobacteria;c__Actinobacteria;o__Bifidobacteriales;f__Bifidobacteriaceae;g__Bifidobacterium;s__Bifidobacterium_adolescentis	-0.00588503412615	0.0162792687383	-0.0516084262337	-0.00939010006375	-0.030708922055	0.00613078026408	-0.00118100820665	0.0534565415217	0.0165739536847	0.0180926281263	-0.0251169454972	0.0155842417148	0.0320407559739	-0.00566326495047	-0.060324324739	0.0180262815111	-0.0174232450964	0.025627579789	-0.0239228809584	-0.0796213173964	0.011757734583	-0.00504397108344	-0.034050921748	1.0	-0.0173733179495	-0.022668172841	-0.0394458155608	0.0239632242127	-0.031654173787	0.0422984661447	0.016200361346	0.0395122674829	-0.102311060061	-0.00851913204456	-0.01149244379	-0.00877938638277	0.0167485802306	-0.00825646175151	0.00636586949541	0.00934896260516	-0.0491781787536	-0.104596547263	-0.0523186719423	-0.0202171383122	-0.092078163162	0.0549580514574	-0.0702051072402	0.00713594173626	-0.00519205919294	0.0327850839964	0.036338429291	0.0107214644039	-0.00515014427275	0.0533651873274	-0.00590149669563	-0.0179060508939	0.017559381225	0.000891083450447	-0.0257973827626
k__Bacteria;p__Firmicutes;c__Clostridia;o__Clostridiales;f__Oscillospiraceae;g__Oscillibacter;s__Oscillibacter_sp._KLE_1745	0.0217635550317	0.00634042503024	-0.0213519750891	0.0186365792868	0.00819983104018	0.00617194987409	-0.0275197190078	-0.0179370201584	-0.0258719850903	-0.0432112778967	-0.0110043278175	-0.000397281562453	-0.0279348740958	-0.0708239493042	0.012182586021	-0.0165945801549	-0.0319584104976	-0.0454782623323	0.0662401419769	0.022092339283	0.0277577741211	-0.0365152290649	-0.0243527465157	-0.0173733179495	1.0	0.00613429787393	-0.0170017203343	0.00122406203429	0.0105777866206	-0.0171774227488	-0.023803958642	-0.0142192968079	0.0037071779116	0.0341073710499	0.0343135483261	-0.0289752468913	-0.0262870445721	-0.0331905206333	-0.0079277993865	-0.031834661107	0.0358360820836	-0.0632903710325	-0.028543662803	-0.0347437434917	0.00894366566498	-0.0143884743726	-0.0372999129265	-0.0195967551683	0.0616905100311	0.0325513790311	-0.0252184047966	0.00158202953131	-0.0373965378942	-0.0166016719409	0.0151405160524	0.0203288098574	0.0243581280152	0.0275979404163	-0.0261261636779
k__Bacteria;p__Bacteroidetes;c__Bacteroidia;o__Bacteroidales;f__Bacteroidaceae;g__Bacteroides;s__Bacteroides_coprophilus	-0.0202184131822	-0.0237518019166	0.018303309213	-0.0340675547894	-0.0458437788965	0.0331592762669	-0.0709356302984	-0.0989077687671	0.0423593523172	-0.0152966406844	0.0419014337824	-0.00649808666503	-0.0319234069103	0.0081400544947	-0.0229003804444	0.0184899300673	0.0261086552473	0.00550355968717	-0.0538473499007	0.0212488285012	0.0219076005318	-0.00100834450424	-0.00581444778581	-0.022668172841	0.00613429787393	1.0	-0.00938752544753	-0.023885357208	0.0592432383426	0.000591983667928	0.0420646329525	-0.0997210064137	-0.0454566667158	-0.0155357857282	-0.0679890635227	0.0538368588677	-0.0184817486822	-0.0214202604051	0.0339133996289	0.0225856581157	-0.0478093517395	0.0992894905427	0.0581802182297	-0.0263815107654	-0.0354917815014	0.0265563937925	-0.0689326342476	0.0372214665102	0.0178149534348	-0.0241838269936	-0.0205659828889	-0.0533828436181	-0.0657497909399	0.0111919005787	-0.016659558584	0.0182397188812	-0.0833406794103	0.0525945462375	0.0318810347959
k__Bacteria;p__Firmicutes;c__Clostridia;o__Clostridiales;f__Lachnospiraceae;g__Roseburia;s__Roseburia_intestinalis	0.0384283594078	0.0794492236013	0.0531211177373	-0.0163448613931	0.0274212709402	-0.00015230266571	-0.045672439114	-0.0538236954282	-0.0079366954863	-0.0414578091206	0.00061971732435	-0.0255367073422	0.0656254139377	0.0833522569077	-0.00675775587733	-0.0436257411965	-0.069798664556	-0.0636015179592	0.0522608462773	-0.0730662608839	0.00359985532155	0.0540008170195	-0.015550119258	-0.0394458155608	-0.0170017203343	-0.00938752544753	1.0	-0.00219957607702	-0.0608343376221	-0.0314122038375	-0.0750843082928	-0.0154756777465	-0.0328535681857	0.0150422457264	0.0344791559386	0.000316399192603	0.0598611430215	0.00102409524488	-0.00614880017191	-0.0162886628321	0.0538197186318	-0.0367869864678	0.0101313326188	-0.0454783964991	-0.025339538716	-0.0139311308628	-0.012615276074	-0.0449019363609	0.00708274028204	-0.0525590001145	-0.0356901148555	-0.0218280839544	-0.0211668101284	-0.0279143084681	0.0235909969518	0.00517484728767	-0.0220440229904	-0.0295725023628	-0.0119199295786
k__Bacteria;p__Firmicutes;c__Clostridia;o__Clostridiales;f__Lachnospiraceae;g__Roseburia;s__Roseburia_hominis	-0.0433556291457	-0.0701024422628	0.0608869525992	0.023150438189	-0.0415382401977	0.0520251239208	-0.0287343062599	-0.00709891647586	0.0622087344095	-0.0262260552816	-0.0101319675445	-0.0882438077461	0.00400019282413	0.00431416068701	-0.0221943993635	-0.0629763586659	0.0846286575811	-0.0559921260007	-0.032763086961	0.0176623744363	-0.0231184678405	-0.0103380490937	-0.0028700117749	0.0239632242127	0.00122406203429	-0.023885357208	-0.00219957607702	1.0	0.0227089400623	-0.0117755454594	0.0444913379759	-0.016624594287	-0.00159850060146	-0.0323768193349	-0.0402313233031	0.000778064243857	-0.0546047141865	0.00994783940512	-0.0299157812431	0.0558965902773	0.00366749325639	-0.0301093162908	-0.0480128704399	0.0513421912056	-0.0178910849624	-0.0360976599202	0.0395839041065	-0.0696129884132	-0.0146264631181	0.00760451535331	-0.0468375447033	-0.0348598889587	-0.0272698826719	-0.0228137253196	0.00442196190689	-0.00576438932697	-0.015652716512	-0.0174213513069	-8.88787716876e-05
k__Bacteria;p__Bacteroidetes;c__Bacteroidia;o__Bacteroidales;f__Porphyromonadaceae;g__Parabacteroides;s__Parabacteroides_johnsonii	-0.0841548639495	-0.0379943625391	0.0535436260713	-0.0274420602206	0.000409377819677	0.00312131563993	0.0258761304622	0.0338478567306	-0.0334576962262	-0.030347647195	-0.0709963164461	-0.0682302012834	0.0678421504581	0.0318216042263	0.00509241242266	0.0559984080172	-0.0365894625856	0.00134535048779	0.00453063349246	0.0432461688801	-0.0463484899971	-0.00347981870665	-0.0258458360044	-0.031654173787	0.0105777866206	0.0592432383426	-0.0608343376221	0.0227089400623	1.0	-0.0345538597217	-0.0568929556023	0.0383544705693	-0.0389074642378	-0.0124181157901	-0.0149148373237	0.000954832576617	-0.0626933819136	-0.0481288953168	-0.00239932881465	0.0375464662573	-0.0134321182634	0.0123955630465	-0.00867884465461	0.000576966458343	0.0169236450038	-0.0340221171279	0.00901797164281	0.0182575510212	-0.00585674509059	0.0126882857199	0.00383692788215	0.00960011149222	-0.0708252176671	0.00906332580368	-0.0267796634502	-0.0311928851359	0.010939259098	-0.0296125662745	0.00344894560698
k__Bacteria;p__Actinobacteria;c__Actinobacteria;o__Bifidobacteriales;f__Bifidobacteriaceae;g__Bifidobacterium;s__Bifidobacterium_longum	0.0177555225058	-0.0224188793073	0.0207434566358	0.004787336045	-0.10415220506	-0.0594649157005	0.0662564971038	-0.0792542434595	-0.0552037521144	0.0204947365956	0.0466302337111	-0.0860301401879	-0.0441139037146	0.00704652793459	-0.0149760671062	-0.0189358327844	-0.0209191815583	-0.0259916096378	0.0200549371965	0.0432716848587	-0.0146165457115	-0.0111273650149	0.0234912811724	0.0422984661447	-0.0171774227488	0.000591983667928	-0.0314122038375	-0.0117755454594	-0.0345538597217	1.0	0.00105242907518	-0.0407387978196	0.101922611746	0.0334844158427	-0.0121921072162	-0.00647620853574	0.0579406477738	-0.0504949260532	-0.0421227364994	-0.00827223304107	-0.0366824894625	-0.0337992356885	-0.0269847316134	0.0146214804587	0.0470541225846	-0.0380748216585	0.0226810632144	-0.0407408836232	0.0382447073983	-0.0170936410971	0.0120279051173	-0.0468158703547	0.0286074688081	-0.0190034930351	-0.0298339620122	-0.0326935349289	-0.0322149154275	-0.0212042855915	-0.0104059045814
