#taxonomy	k__Bacteria;p__Bacteroidetes;c__Bacteroidia;o__Bacteroidales;f__Bacteroidaceae;g__Bacteroides;s__Bacteroides_vulgatus	k__Bacteria;p__Bacteroidetes;c__Bacteroidia;o__Bacteroidales;f__Bacteroidaceae;g__Bacteroides;s__Bacteroides_uniformis	k__Bacteria;p__Bacteroidetes;c__Bacteroidia;o__Bacteroidales;f__Rikenellaceae;g__Alistipes;s__Alistipes_putredinis	k__Bacteria;p__Bacteroidetes;c__Bacteroidia;o__Bacteroidales;f__Prevotellaceae;g__Prevotella;s__Prevotella_copri	k__Bacteria;p__Bacteroidetes;c__Bacteroidia;o__Bacteroidales;f__Bacteroidaceae;g__Bacteroides;s__Bacteroides_stercoris	k__Bacteria;p__Bacteroidetes;c__Bacteroidia;o__Bacteroidales;f__Bacteroidaceae;g__Bacteroides;s__Bacteroides_ovatus	k__Bacteria;p__Bacteroidetes;c__Bacteroidia;o__Bacteroidales;f__Rikenellaceae;g__Alistipes;s__Alistipes_shahii	k__Bacteria;p__Firmicutes;c__Clostridia;o__Clostridiales;f__Ruminococcaceae;g__Faecalibacterium;s__Faecalibacterium_prausnitzii	k__Bacteria;p__Bacteroidetes;c__Bacteroidia;o__Bacteroidales;f__Rikenellaceae;g__Alistipes;s__Alistipes_finegoldii	k__Bacteria;p__Bacteroidetes;c__Bacteroidia;o__Bacteroidales;f__Porphyromonadaceae;g__Parabacteroides;s__Parabacteroides_distasonis	k__Bacteria;p__Bacteroidetes;c__Bacteroidia;o__Bacteroidales;f__Bacteroidaceae;g__Bacteroides;s__Bacteroides_thetaiotaomicron	k__Bacteria;p__Bacteroidetes;c__Bacteroidia;o__Bacteroidales;f__Bacteroidaceae;g__Bacteroides;s__Bacteroides_coprocola	k__Bacteria;p__Bacteroidetes;c__Bacteroidia;o__Bacteroidales;f__Bacteroidaceae;g__Bacteroides;s__Bacteroides_cellulosilyticus	k__Bacteria;p__Bacteroidetes;c__Bacteroidia;o__Bacteroidales;f__Rikenellaceae;g__Alistipes;s__Alistipes_obesi	k__Bacteria;p__Firmicutes;c__Clostridia;o__Clostridiales;f__Lachnospiraceae;g__;s__[Eubacterium]_rectale	k__Bacteria;p__Bacteroidetes;c__Bacteroidia;o__Bacteroidales;f__Bacteroidaceae;g__Bacteroides;s__Bacteroides_plebeius	k__Bacteria;p__Bacteroidetes;c__Bacteroidia;o__Bacteroidales;f__Bacteroidaceae;g__Bacteroides;s__Bacteroides_fragilis	k__Bacteria;p__Proteobacteria;c__Betaproteobacteria;o__Burkholderiales;f__Sutterellaceae;g__Sutterella;s__Sutterella_wadsworthensis	k__Bacteria;p__Bacteroidetes;c__Bacteroidia;o__Bacteroidales;f__Porphyromonadaceae;g__Barnesiella;s__Barnesiella_intestinihominis	k__Bacteria;p__Bacteroidetes;c__Bacteroidia;o__Bacteroidales;f__Odoribacteraceae;g__Odoribacter;s__Odoribacter_splanchnicus	k__Bacteria;p__Bacteroidetes;c__Bacteroidia;o__Bacteroidales;f__Bacteroidaceae;g__Bacteroides;s__Bacteroides_salyersiae	k__Bacteria;p__Firmicutes;c__Clostridia;o__Clostridiales;f__Ruminococcaceae;g__Ruminiclostridium;s__[Eubacterium]_siraeum	k__Bacteria;p__Proteobacteria;c__Betaproteobacteria;o__Burkholderiales;f__Sutterellaceae;g__Parasutterella;s__Parasutterella_excrementihominis	k__Bacteria;p__Actinobacteria;c__Actinobacteria;o__Bifidobacteriales;f__Bifidobacteriaceae;g__Bifidobacterium;s__Bifidobacterium_adolescentis	k__Bacteria;p__Firmicutes;c__Clostridia;o__Clostridiales;f__Oscillospiraceae;g__Oscillibacter;s__Oscillibacter_sp._KLE_1745	k__Bacteria;p__Bacteroidetes;c__Bacteroidia;o__Bacteroidales;f__Bacteroidaceae;g__Bacteroides;s__Bacteroides_coprophilus	k__Bacteria;p__Firmicutes;c__Clostridia;o__Clostridiales;f__Lachnospiraceae;g__Roseburia;s__Roseburia_intestinalis	k__Bacteria;p__Firmicutes;c__Clostridia;o__Clostridiales;f__Lachnospiraceae;g__Roseburia;s__Roseburia_hominis	k__Bacteria;p__Bacteroidetes;c__Bacteroidia;o__Bacteroidales;f__Porphyromonadaceae;g__Parabacteroides;s__Parabacteroides_johnsonii	k__Bacteria;p__Actinobacteria;c__Actinobacteria;o__Bifidobacteriales;f__Bifidobacteriaceae;g__Bifidobacterium;s__Bifidobacterium_longum	k__Bacteria;p__Firmicutes;c__Clostridia;o__Clostridiales;f__;g__Flavonifractor;s__Flavonifractor_plautii	k__Bacteria;p__Firmicutes;c__Clostridia;o__Clostridiales;f__Clostridiaceae;g__Clostridium;s__Clostridium_phoceensis	k__Bacteria;p__Verrucomicrobia;c__Verrucomicrobiae;o__Verrucomicrobiales;f__Akkermansiaceae;g__Akkermansia;s__Akkermansia_muciniphila	k__Bacteria;p__Bacteroidetes;c__Bacteroidia;o__Bacteroidales;f__Prevotellaceae;g__Paraprevotella;s__Paraprevotella_xylaniphila	k__Bacteria;p__Firmicutes;c__Clostridia;o__Clostridiales;f__Ruminococcaceae;g__Ruminococcus;s__Ruminococcus_callidus	k__Bacteria;p__Bacteroidetes;c__Bacteroidia;o__Bacteroidales;f__Rikenellaceae;g__Alistipes;s__Alistipes_senegalensis	k__Bacteria;p__Firmicutes;c__Clostridia;o__Clostridiales;f__Lachnospiraceae;g__Blautia;s__Blautia_sp._KLE_1732	k__Bacteria;p__Bacteroidetes;c__Bacteroidia;o__Bacteroidales;f__Bacteroidaceae;g__Bacteroides;s__Bacteroides_oleiciplenus	k__Bacteria;p__Firmicutes;c__Clostridia;o__Clostridiales;f__Ruminococcaceae;g__Ruminococcus;s__Ruminococcus_bicirculans	k__Bacteria;p__Bacteroidetes;c__Bacteroidia;o__Bacteroidales;f__Bacteroidaceae;g__Bacteroides;s__Bacteroides_fluxus	k__Bacteria;p__Bacteroidetes;c__Bacteroidia;o__Bacteroidales;f__Prevotellaceae;g__Prevotella;s__Prevotella_stercorea	k__Bacteria;p__Firmicutes;c__Clostridia;o__Clostridiales;f__Lachnospiraceae;g__Dorea;s__Dorea_longicatena	k__Bacteria;p__Firmicutes;c__Clostridia;o__Clostridiales;f__Eubacteriaceae;g__Eubacterium;s__[Eubacterium]_eligens	k__Bacteria;p__Firmicutes;c__Clostridia;o__Clostridiales;f__Ruminococcaceae;g__;s__Ruminococcaceae_bacterium_D16	k__Bacteria;p__Firmicutes;c__Clostridia;o__Clostridiales;f__Lachnospiraceae;g__Coprococcus;s__Coprococcus_comes	k__Bacteria;p__Proteobacteria;c__Gammaproteobacteria;o__Enterobacterales;f__Enterobacteriaceae;g__Escherichia;s__Escherichia_coli	k__Bacteria;p__Firmicutes;c__Clostridia;o__Clostridiales;f__Ruminococcaceae;g__Anaerotruncus;s__Anaerotruncus_colihominis	k__Bacteria;p__Firmicutes;c__Clostridia;o__Clostridiales;f__Lachnospiraceae;g__Blautia;s__Blautia_obeum	k__Bacteria;p__Bacteroidetes;c__Bacteroidia;o__Bacteroidales;f__Odoribacteraceae;g__Odoribacter;s__Odoribacter_laneus	k__Bacteria;p__Firmicutes;c__Clostridia;o__Clostridiales;f__Ruminococcaceae;g__Ruminiclostridium;s__[Clostridium]_leptum	k__Bacteria;p__Bacteroidetes;c__Bacteroidia;o__Bacteroidales;f__Porphyromonadaceae;g__Parabacteroides;s__Parabacteroides_goldsteinii	k__Bacteria;p__Firmicutes;c__Clostridia;o__Clostridiales;f__Lachnospiraceae;g__Anaerostipes;s__Anaerostipes_hadrus	k__Bacteria;p__Firmicutes;c__Clostridia;o__Clostridiales;f__Ruminococcaceae;g__Ruminococcus;s__Ruminococcus_lactaris	k__Bacteria;p__Firmicutes;c__Clostridia;o__Clostridiales;f__Clostridiaceae;g__Clostridium;s__Clostridium_sp._L2-50	k__Bacteria;p__Firmicutes;c__Clostridia;o__Clostridiales;f__Clostridiaceae;g__Clostridium;s__Clostridium_sp._M62/1	k__Bacteria;p__Firmicutes;c__Clostridia;o__Clostridiales;f__;g__Intestinimonas;s__Intestinimonas_butyriciproducens	k__Bacteria;p__Actinobacteria;c__Actinobacteria;o__Bifidobacteriales;f__Bifidobacteriaceae;g__Bifidobacterium;s__Bifidobacterium_bifidum	k__Bacteria;p__Firmicutes;c__Negativicutes;o__Veillonellales;f__Veillonellaceae;g__Dialister;s__Dialister_invisus	k__Bacteria;p__Bacteroidetes;c__Bacteroidia;o__Bacteroidales;f__Bacteroidaceae;g__Bacteroides;s__Bacteroides_salanitronis
k__Bacteria;p__Bacteroidetes;c__Bacteroidia;o__Bacteroidales;f__Bacteroidaceae;g__Bacteroides;s__Bacteroides_vulgatus	1.0	0.00198294217501	-0.00943920811326	-0.0318528961909	-0.0197006968283	0.0306825239702	-0.0142929636744	-0.00325187464904	-0.0129544196648	0.0182265220037	0.0353785620245	0.00401054872628	-0.0478706886629	-0.0446630800754	-0.0673566748458	0.000762053737937	-0.000863770560912	0.0984548315246	-0.0146210480992	0.0379779554945	0.0343592410738	0.0315831258198	-0.032844068355	0.0255032778125	0.0243989798495	-0.0530492358504	0.0418810387731	0.0172314005704	-0.0416468357814	-0.040224307371	-0.00823981593633	0.00741970539472	-0.0109751950148	0.0249295103168	-0.0373105677934	0.0357333459237	-0.0331484433971	-0.0558368907275	0.0336259917684	0.00557444354196	-0.0292518488836	-0.0368630143201	0.00817991522201	-0.0151756364435	-0.0352621403835	0.0428870514933	-0.0328298249862	0.0186539606706	-0.0156898811022	-0.0358008482401	-0.0386664844262	-0.057158996217	-0.0556551016272	0.0475722963458	-4.28977538027e-05	0.0310680293532	0.00315551411791	-0.0761160198616	-0.037951119682
k__Bacteria;p__Bacteroidetes;c__Bacteroidia;o__Bacteroidales;f__Bacteroidaceae;g__Bacteroides;s__Bacteroides_uniformis	0.00198294217501	1.0	-0.0803926046894	-0.0342647751071	-0.0131884274819	0.0118122763772	-0.0523386881897	-0.0298654017444	0.00434161167791	-0.0289745761746	-0.0351522676634	-0.0290925719462	-0.0478865318813	-0.0241283863857	-0.0214785335558	0.0020229627517	-0.0135247902395	0.0120714311639	0.0138123241723	-0.0811179803289	0.00745360690741	0.000834903040287	-0.0282054467134	-0.0428366897963	0.0167863700968	-0.0237181709579	-0.0258947867258	-0.0223203466767	-0.0316494880468	-0.0182550510088	-0.0555818327655	0.0109499982887	-0.0152122686776	-0.0146348686243	-0.00644404424857	-0.0351684943682	0.00729826755221	-0.010771494896	-0.00924369933123	-0.0345622308157	-0.0695921878626	0.019419634994	0.00577471843026	0.0715432372495	0.00551932917785	0.0448909963263	-0.0457283298687	0.0551673906207	0.0400785928852	0.0100195648734	0.0122169806938	-0.00183691677271	0.00268058543752	0.0409670014165	-0.0233630179555	-0.00155203408842	0.0109025343907	0.0215451749137	0.00984583131096
k__Bacteria;p__Bacteroidetes;c__Bacteroidia;o__Bacteroidales;f__Rikenellaceae;g__Alistipes;s__Alistipes_putredinis	-0.00943920811326	-0.0803926046894	1.0	-0.020072870109	0.0223932796682	0.039781405882	0.0453593299545	0.00564912257462	0.00875707147816	0.0256118382902	-0.0052341428321	-0.0439659938494	0.031654311149	0.025256206851	0.0359230907891	-0.0335518455429	0.00980504326999	0.0470054698648	0.0225792962369	0.0439210333211	-0.0561351299441	-0.0353662745143	-0.0269058616134	-0.0247074140327	-0.00637816773485	-0.0565141774029	-0.0109556379648	-0.0220426510084	-0.0451184108506	-0.0302956160889	-0.020033197823	0.0400105900186	-0.0833021923481	-0.0167204965131	-0.0763863166517	0.0313553755409	0.0406414798641	-0.0093302529092	-0.0133911942902	-0.0081104836313	-0.0456371670549	0.00973517914828	-0.0381274997885	0.0196799139085	0.0372095299063	-0.0547261640368	-0.0024516938552	-0.01228894532	0.00933715995886	-0.00982439377368	0.00411900782795	-0.0208657343354	0.0530880959086	-0.021979122288	-0.0237735742733	0.0120770787797	-0.00813397960961	0.00696295616337	-0.0568636983774
k__Bacteria;p__Bacteroidetes;c__Bacteroidia;o__Bacteroidales;f__Prevotellaceae;g__Prevotella;s__Prevotella_copri	-0.0318528961909	-0.0342647751071	-0.020072870109	1.0	-0.0102957099854	-0.0156148667959	-0.0443160063667	-0.00139573004823	-0.129025233222	0.0191254314535	0.00274058910728	-0.0309096016498	0.00988540966829	-0.00520509987877	-0.0329718359512	0.018010538985	0.0642845173759	-0.00425315828376	-0.0265072027024	0.0267856498769	-0.0487442168321	-0.0412722451115	0.0169762627092	-0.045016110181	0.0787807131561	-0.00718010290284	-0.0258047179995	-0.0631590551786	-0.0695654974546	-0.0175272000986	-0.0326960250829	-0.0540164254295	0.0407805523178	-0.0191892520188	-0.0160405161576	0.0215209716719	0.00875201839346	-0.0197168933775	-0.0514772202923	-0.090500186068	0.0671843891578	0.0185230963469	0.0464863535964	-0.0114823700427	-0.0284771071745	-0.0262196585261	-0.0426654007074	-0.0232310036405	-0.0293004270597	-0.0271797603809	0.00188964074685	-0.0101592850875	-0.00389667161256	0.0142358604675	0.00685439036739	0.00744150163828	-0.0171626870513	0.048169508554	0.0405533632495
k__Bacteria;p__Bacteroidetes;c__Bacteroidia;o__Bacteroidales;f__Bacteroidaceae;g__Bacteroides;s__Bacteroides_stercoris	-0.0197006968283	-0.0131884274819	0.0223932796682	-0.0102957099854	1.0	0.00401569174251	-0.00211665507598	-0.0110101500751	-0.0251606681601	-0.0532461616998	-0.035259013673	-0.0618678072184	-0.0374458602857	0.039181302439	-0.0146691528312	-0.000799227315524	-0.000316876132721	0.0243111241798	-0.012530154176	0.0348819355844	-0.0639789026439	-0.0206083175639	-0.00560986655204	-0.00402004999517	-0.0140539722527	0.0030761383485	-0.0349411765567	0.030885158532	-0.00578759014687	-0.0443936074648	0.00914356084721	0.023773738037	0.0190898491581	-0.0209134978858	-0.0581838611995	-0.0256461260239	0.0176693383919	-0.00993168516022	-0.0231337827683	-0.0331814727049	-0.0162169821544	-0.00508445143369	-0.0582527223172	-0.0170558342004	0.0262749211943	0.00735737148215	0.0700909800475	-0.0414674806043	-0.0157408595533	-0.0707791068476	-0.0483705974224	-0.00928233134086	-0.0774870805154	0.0140420286404	-0.00252009221477	0.0695581567661	-0.0205334306933	-0.0456687814782	-0.033642821932
k__Bacteria;p__Bacteroidetes;c__Bacteroidia;o__Bacteroidales;f__Bacteroidaceae;g__Bacteroides;s__Bacteroides_ovatus	0.0306825239702	0.0118122763772	0.039781405882	-0.0156148667959	0.00401569174251	1.0	-0.0365593550654	-0.0113975008842	0.0223965097782	0.0312556684	0.0174492043169	0.0331594844868	0.0403267250438	-0.00312987327549	0.0515257345159	0.0376569683486	-0.026279299914	0.053849831326	0.0454624544408	-0.0197458043678	-0.0490296249401	-0.00656964397317	-0.0540094780444	-0.065263078766	0.00899386486156	-0.0232740208359	0.022304445563	0.0200811278703	-0.00663362020919	0.0511778715937	-0.0215141705421	0.00899791684866	-0.0326147593533	0.0160502431215	-0.0527296330866	0.0122260438686	-0.025655555463	-0.000504336780447	-0.0385131193461	0.0242511133603	-0.0664416221075	0.0275927396584	-0.0288637614446	0.056409777244	-0.00225068890801	-0.0215229092052	-0.0225156731082	0.00752846855312	0.0772446560413	0.00399428630743	-0.00907037644553	-0.00410968544809	-0.0052267937419	0.00919311129774	-0.0648437528592	-0.0805830080632	0.0022960324646	-0.0126981498254	-0.00198729056926
k__Bacteria;p__Bacteroidetes;c__Bacteroidia;o__Bacteroidales;f__Rikenellaceae;g__Alistipes;s__Alistipes_shahii	-0.0142929636744	-0.0523386881897	0.0453593299545	-0.0443160063667	-0.00211665507598	-0.0365593550654	1.0	0.0377181850995	0.00345994540687	-0.0190293628427	-0.0199847132918	0.0476372398824	0.0234628468073	-0.0261077999279	0.0391060233486	0.0285926382774	-0.0198327018539	-0.049683671208	-0.0436360905191	0.0663838247915	0.00568907300555	0.0170943149102	-0.0514885566914	0.00283500543038	0.00548250415146	0.0173831560223	0.0301660521519	0.0339755171056	0.00301887818149	-0.0344679178676	-0.0921320090162	0.0343476180712	-0.0054427265104	0.0534545537566	-0.00198295831333	0.0237442986565	0.0666250111996	-0.000821371630558	-0.0269778833907	-0.00501736054843	-0.0300961357555	-0.0179525290863	-0.0163895015039	0.0146516665367	0.0020795171385	-0.0728221816927	-0.0319223968038	-0.0369832039739	0.0442937685703	-0.000489619402373	-0.0167198668832	-0.014895798186	-0.00767849081164	-0.00785519857241	-0.0552085938595	0.0139825983012	-0.0218361234687	-0.0169868894794	-0.0181685962268
k__Bacteria;p__Firmicutes;c__Clostridia;o__Clostridiales;f__Ruminococcaceae;g__Faecalibacterium;s__Faecalibacterium_prausnitzii	-0.00325187464904	-0.0298654017444	0.00564912257462	-0.00139573004823	-0.0110101500751	-0.0113975008842	0.0377181850995	1.0	-0.00826255983899	-0.0352638781665	0.0020488100924	-0.0114912695311	0.0403385850247	-0.031843784207	-0.0303507768715	-0.00843044009234	-0.0447119326328	0.0135489822574	-0.000481685576939	0.00951884731489	0.03382862489	0.0443689555701	-0.0316197388221	0.00132982727608	-0.0212221259065	0.0207379148883	0.00952503889803	-0.0564861706249	0.0494247347909	0.00709083736328	0.0194637248635	0.0117629626981	-0.000546014570036	-0.0189700008975	-0.0205067911767	-0.0175217224056	0.0141258277981	-0.0339289514155	-0.052378160899	-0.0339004088276	-0.0360984542314	0.00177188281771	-0.0384773986538	-0.0306396592498	0.0622643754087	0.0312767584517	-0.0263456008085	0.0654098482376	-0.0368996186424	0.00923382855199	-0.00558511859152	-0.0374936502324	-0.00524955338474	-0.018550387511	0.0276002334219	-0.046562307384	-0.0346688337077	0.0170786823363	-0.0645803025864
k__Bacteria;p__Bacteroidetes;c__Bacteroidia;o__Bacteroidales;f__Rikenellaceae;g__Alistipes;s__Alistipes_finegoldii	-0.0129544196648	0.00434161167791	0.00875707147816	-0.129025233222	-0.02516066816	0.0223965097782	0.00345994540687	-0.00826255983899	1.0	0.0279159627959	-0.0466824366114	0.0224140740754	-0.00720165322123	0.0131814924794	-0.0176284621386	-0.0224183044831	-0.025741273007	-0.0601836628827	-0.00679938750529	0.0438760989162	0.0185731945247	-0.0125789957233	0.000462126152863	-0.0250931298889	0.0286824788179	-0.00458949738043	0.0199157140647	-0.0147847564622	0.0459319578732	0.0125908035729	-0.0161281014236	-0.0439291877339	-0.0370413979893	-0.04746323849	0.0297725613442	-0.0609794494998	-0.0098237951233	-0.0611582642457	-0.0104882170126	0.0708574043914	0.0432344679385	-0.0307113908668	-0.0497377677164	-0.0569012369431	-0.00761121468711	-0.00525481647696	0.0134583871149	-0.00585760332883	-0.0269237579518	0.0253591924854	0.0399275736946	-0.0402908469381	-0.0618572468081	-0.0370602247018	0.0202397098003	0.0731162656193	-0.0341582217519	0.0465005587684	0.0130903712556
k__Bacteria;p__Bacteroidetes;c__Bacteroidia;o__Bacteroidales;f__Porphyromonadaceae;g__Parabacteroides;s__Parabacteroides_distasonis	0.0182265220037	-0.0289745761746	0.0256118382902	0.0191254314535	-0.0532461616998	0.0312556684	-0.0190293628427	-0.0352638781665	0.0279159627959	1.0	-0.0638034839264	-0.044488525593	0.0597596003492	-0.0145709277538	0.00781494133124	-0.0644925736685	0.01156798334	-0.0366901257301	0.0694482439855	-0.0142443841983	0.0200101328801	-0.0487975137803	-0.0580517552558	-0.0564336156847	-0.0211992320309	-0.0413584375336	0.0265601585149	0.00261814049373	-0.0489754642376	0.0137195989461	-0.0171963821529	-0.0454745483001	-0.0287135877016	-0.017683249038	0.0124008638211	-0.0102817260878	-0.025360356428	0.000656596166872	0.0404777665302	-0.0481780999729	0.0193963967552	0.034326043687	0.0443010217941	-0.0333489532732	-0.0330824224196	0.071049946573	0.0184354071609	0.0565687781207	-0.021264870199	-0.00438288064384	0.00375471712623	0.0416731731691	-0.0571875179425	0.0625911052959	-0.0136937965129	-0.0459853176742	0.0697408319251	-0.0195101497017	0.0168179781727
k__Bacteria;p__Bacteroidetes;c__Bacteroidia;o__Bacteroidales;f__Bacteroidaceae;g__Bacteroides;s__Bacteroides_thetaiotaomicron	0.0353785620245	-0.0351522676634	-0.0052341428321	0.00274058910728	-0.035259013673	0.0174492043169	-0.0199847132918	0.0020488100924	-0.0466824366114	-0.0638034839264	1.0	-0.0359522563518	0.0567127408199	-0.0431738516779	-0.0158446359078	0.0179007695609	-0.0775454292395	0.0858120566554	-0.0292070778655	0.0318826318228	0.000911833441855	-0.0188800375459	-0.007758795325	0.0469460236752	0.0285448944076	-0.0304475554516	-0.0244541453527	-0.0427188965748	-0.0159722566128	-0.0496278360035	-0.0234473220766	-0.040649060625	0.0537036907698	0.0407073388273	-0.0100304753347	0.0111218424812	-0.0376973262091	0.0422495130291	-0.00289816833003	-0.0217319895853	-0.0303195978888	0.0522194164102	-0.0560117077426	-0.0475549622753	-0.0293276729788	0.0558979815296	-0.0048800273569	-0.000546235495636	0.0265973072791	0.014007633622	-0.0405789683155	-0.0244252950202	0.0358424899995	-0.0812617756988	0.0301880885369	-0.00199276842577	0.0332449646142	-0.0486738060111	0.00161624247424
k__Bacteria;p__Bacteroidetes;c__Bacteroidia;o__Bacteroidales;f__Bacteroidaceae;g__Bacteroides;s__Bacteroides_coprocola	0.00401054872628	-0.0290925719462	-0.0439659938494	-0.0309096016498	-0.0618678072184	0.0331594844868	0.0476372398824	-0.0114912695311	0.0224140740754	-0.044488525593	-0.0359522563518	1.0	-0.0259800748607	-0.0282040632607	-0.0418039336749	-0.0508397365405	-0.0296961967095	0.00205170222211	-0.0353136524533	-0.0450823915912	-0.0353910157556	-0.00724636445983	-0.0237652140759	-0.0851345562658	0.000661699221787	-0.0332460156429	-0.080062650928	-0.0273509577465	-0.0771916394855	0.0307151711908	0.0071793744439	0.0055788442429	0.0264609312853	0.0302941688921	0.00330545313907	-0.0543576470597	-0.031133487539	0.0980009032571	0.0398362878335	0.011784637053	-0.023997451187	-0.0375538467218	-0.0523658529029	-0.0161083038759	-0.0290497652231	-0.0251434121792	-0.0170742583365	0.0493849691417	0.0418105780909	0.0134991734161	-0.00319440994931	0.0223315256873	-0.031255318569	-0.0449578945706	0.0197356437449	-0.0743428651329	0.0398598221848	0.0276665612243	0.0365568896361
k__Bacteria;p__Bacteroidetes;c__Bacteroidia;o__Bacteroidales;f__Bacteroidaceae;g__Bacteroides;s__Bacteroides_cellulosilyticus	-0.0478706886629	-0.0478865318813	0.031654311149	0.00988540966829	-0.0374458602857	0.0403267250438	0.0234628468073	0.0403385850247	-0.00720165322123	0.0597596003492	0.0567127408199	-0.0259800748607	1.0	-0.00239975351276	0.00931067285644	0.00535133040253	-0.015284113591	-0.044375745083	-0.0652413679647	-0.0301570939025	0.0281272203399	-0.0386320221351	0.00167244653941	0.0758853725079	0.00848902292278	-0.0159089420554	0.00531256900483	-0.00304891168596	-0.0456664333662	0.0546377122042	-0.0378067261771	0.0392234719732	0.0123519046957	-0.0262856922623	0.0386393719167	-0.0224798608198	-0.0830378794656	-0.0623630686259	-0.0420086560838	-0.00988703206891	-0.0226905093261	-0.00183617689471	0.0311099596342	-0.030552681571	-0.0205088606665	-0.0663368356935	0.0155565216399	0.00438496997728	-0.0519651043083	0.034268313947	0.0100082721147	0.0323669434334	-0.0343560328226	0.00262879684507	-0.0378874293523	0.00722735452358	0.0138825738791	-0.0818882459264	-0.0375216634778
k__Bacteria;p__Bacteroidetes;c__Bacteroidia;o__Bacteroidales;f__Rikenellaceae;g__Alistipes;s__Alistipes_obesi	-0.0446630800754	-0.0241283863857	0.025256206851	-0.00520509987877	0.039181302439	-0.00312987327549	-0.0261077999279	-0.031843784207	0.0131814924794	-0.0145709277538	-0.0431738516779	-0.0282040632607	-0.00239975351276	1.0	0.0524353670394	0.0115074967123	-0.0137277536936	0.0142001787331	-0.0188088674373	-0.0441559672166	0.00821817435828	-0.0112586768652	0.0564409375748	0.00246142801188	-0.0213204269248	0.0132961823352	-0.0749392170946	0.000737714996164	-0.0206216775929	0.0253653775428	-0.00812025594772	0.0167699843901	0.00928591166378	0.0596449679828	-0.040973822167	-0.0348846855752	0.0175685056768	-0.0136445861143	0.024978806514	-0.00716199319919	-0.026659635119	-0.0505302752878	0.0354256647842	0.0187878853418	0.0313106346518	-0.0478859017745	0.0234885762296	-0.00420366269218	-0.01740949446	0.026423765963	0.0207433402388	-0.0592981972231	0.020342700102	0.0201606076898	0.0122697305565	0.0353006601921	-0.0144420073674	0.0531894412234	-0.017324025166
k__Bacteria;p__Firmicutes;c__Clostridia;o__Clostridiales;f__Lachnospiraceae;g__;s__[Eubacterium]_rectale	-0.0673566748458	-0.0214785335558	0.0359230907891	-0.0329718359512	-0.0146691528312	0.0515257345159	0.0391060233486	-0.0303507768715	-0.0176284621386	0.00781494133124	-0.0158446359078	-0.0418039336749	0.00931067285644	0.0524353670394	1.0	-0.0279852613358	-0.0256051693482	0.0205706292405	-0.00308311955394	-0.0255535743372	0.0605237831858	-0.0275196077078	0.0278976741657	-0.0226846919137	-0.0368759347523	-0.0171550866358	0.000690935129375	0.0104360775258	0.0223439323943	-0.0675512865378	0.00321701668938	-0.0055230809145	0.0416190349387	-0.0685921925483	0.0109250619022	-0.0818122205054	0.0394968717419	-0.0147364728967	0.0424034177969	-0.00173133765461	0.00972709487339	-0.0507903252849	0.0191366100024	0.00759868296511	0.0167036305886	0.0512763067989	-0.0063292510615	-0.0422601598364	0.0245256139259	0.029180226918	-0.0570170951373	-0.0135409936519	-0.0352227747348	-0.030004153463	-0.0422133150225	-0.0016404140273	-0.0534248847969	0.0016251564281	-0.0445054487745
k__Bacteria;p__Bacteroidetes;c__Bacteroidia;o__Bacteroidales;f__Bacteroidaceae;g__Bacteroides;s__Bacteroides_plebeius	0.000762053737937	0.0020229627517	-0.0335518455429	0.018010538985	-0.000799227315524	0.0376569683486	0.0285926382774	-0.00843044009234	-0.0224183044831	-0.0644925736685	0.0179007695609	-0.0508397365405	0.00535133040253	0.0115074967123	-0.0279852613358	1.0	0.0560384880982	-0.0488887142815	0.0340389984615	0.0219586731401	0.0469129885016	-0.0213228243305	0.0270461925368	-0.113571033254	0.00218913593607	-0.0501187676976	0.0476072308594	-0.00329254186655	-0.018888558391	-0.0072968059898	-0.000927380804381	-0.0124958127234	0.0155911363792	-0.0469291844031	-0.018204486971	0.0198207301669	0.040790628991	-0.0262598671497	-0.0766599446559	-0.0606519182184	-0.050631529975	0.0645350091123	0.0112051232045	0.0165531015358	-0.0668366324261	-0.0200863228567	0.000547573437028	-0.00311626848303	0.0810253651063	0.00301285884593	-0.0386136262023	0.00625512303266	0.0425096141848	-0.0449569619328	0.0202128937876	0.00842704095529	0.0838867956433	0.00966957107722	0.0679683323741
k__Bacteria;p__Bacteroidetes;c__Bacteroidia;o__Bacteroidales;f__Bacteroidaceae;g__Bacteroides;s__Bacteroides_fragilis	-0.000863770560912	-0.0135247902395	0.00980504326999	0.0642845173759	-0.000316876132721	-0.026279299914	-0.0198327018539	-0.0447119326328	-0.025741273007	0.01156798334	-0.0775454292395	-0.0296961967095	-0.015284113591	-0.0137277536936	-0.0256051693482	0.0560384880982	1.0	-0.00563307142712	-0.0622689501568	-0.00600379159539	-0.0409822331916	0.0529774411234	-0.0160193332077	0.0189398726444	-0.0435927220581	-0.0672703866919	-0.0659889517243	-0.0324643353773	-0.000277557530757	0.030040967881	0.018223891933	0.0416163217721	0.00387941342762	0.00623813222224	-0.0173489825948	-0.0153923008231	-0.0111684606272	0.00706614696626	-0.0215946337861	-0.0165463088672	-0.0875348219095	0.00297854013182	-0.0230555534884	-0.0319314202694	-0.0324330986928	-0.0381197690541	-0.0138323549131	0.0184333879358	0.0569051375093	0.00288683356977	-0.0534706439095	0.0442486180605	0.039959999419	0.0257815189244	0.0216132861244	-0.003308542947	-0.041758755393	0.0129155835146	0.00997730282557
k__Bacteria;p__Proteobacteria;c__Betaproteobacteria;o__Burkholderiales;f__Sutterellaceae;g__Sutterella;s__Sutterella_wadsworthensis	0.0984548315246	0.0120714311639	0.0470054698648	-0.00425315828376	0.0243111241798	0.053849831326	-0.049683671208	0.0135489822574	-0.0601836628827	-0.0366901257301	0.0858120566554	0.00205170222211	-0.044375745083	0.0142001787331	0.0205706292405	-0.0488887142815	-0.00563307142712	1.0	-0.00401329525917	-0.0380843745177	0.014034968936	-0.0053069156429	-0.02090188136	-0.0653569432255	-0.019535060057	0.021323897108	-0.0376378127416	0.00657020891899	0.0131184522866	0.0437548518289	-0.052105465006	0.0115420494383	0.00871083199952	-0.0592136639336	-0.0471564260469	-0.0972443473217	-0.0287298167628	-0.0156463386251	-0.0135518457697	0.0401436488178	-0.0426805596415	-0.0217700548689	-0.00823336094583	0.0233110131243	-0.0533655061781	-0.0141722870865	-0.00413468202121	-0.0450304965856	-0.0211502327969	-0.0208900687177	0.0424411803334	0.0035607291715	0.0486836319066	0.0379152490663	0.034862496545	0.00571178354737	0.0259923450456	-0.000807669062087	-0.00682722276043
k__Bacteria;p__Bacteroidetes;c__Bacteroidia;o__Bacteroidales;f__Porphyromonadaceae;g__Barnesiella;s__Barnesiella_intestinihominis	-0.0146210480992	0.0138123241723	0.0225792962369	-0.0265072027024	-0.012530154176	0.0454624544408	-0.0436360905191	-0.000481685576939	-0.00679938750529	0.0694482439855	-0.0292070778655	-0.0353136524533	-0.0652413679647	-0.0188088674373	-0.00308311955394	0.0340389984615	-0.0622689501568	-0.00401329525917	1.0	-0.00552973383623	-0.0672350134494	-0.00249439921094	-0.0226964781585	0.0145803073694	0.012244209165	0.0518110098292	0.0244396547756	-0.0553126118709	0.0199968049594	-0.0638367833977	0.0369308243306	0.00487913544344	-0.0685711671009	-0.030358831135	0.0618654167411	-0.0345420219369	-0.0336134867641	-0.0240011074002	-0.00315291556853	-0.0227417674011	0.0244269412393	0.00121739788979	-0.0425013046617	-0.0347917766041	0.0409674990965	0.0906199614489	-0.0427833529846	-0.0284642239557	-0.0294892142213	-0.0599243038213	0.0252551774485	0.0026608339229	0.0305594612441	-0.0348309898617	-0.0335195899124	0.0040608644437	-0.0582025309129	0.00675116887436	-0.0423429109372
k__Bacteria;p__Bacteroidetes;c__Bacteroidia;o__Bacteroidales;f__Odoribacteraceae;g__Odoribacter;s__Odoribacter_splanchnicus	0.0379779554945	-0.0811179803289	0.0439210333211	0.0267856498769	0.0348819355844	-0.0197458043678	0.0663838247915	0.00951884731489	0.0438760989162	-0.0142443841983	0.0318826318228	-0.0450823915912	-0.0301570939025	-0.0441559672166	-0.0255535743372	0.0219586731401	-0.00600379159539	-0.0380843745177	-0.00552973383623	1.0	-0.0236246702713	-0.0597682600331	-0.00791363076411	-0.0329866034769	0.00359664426354	-0.0775497222203	0.046937057435	-0.00109407190621	0.0175195469345	-0.0540407017631	-0.0569153122195	-0.00402929982974	0.043604039601	0.000110970294975	-0.00652432422192	-0.0698173920462	0.0121010432633	0.0256104067546	-0.0132960168641	-0.0670621843519	0.0102108429299	0.0186046723946	-0.0181595887429	-0.0166688173237	0.00551930580064	-0.0143152687623	0.006986829892	-0.0563787346528	0.00719291501522	-0.0314765055268	-0.027542616819	0.0857509807649	-0.0102295450533	-0.0326652134059	-0.0591160560408	-0.0405008891692	0.0241704147088	-0.019869895341	0.0366518469369
k__Bacteria;p__Bacteroidetes;c__Bacteroidia;o__Bacteroidales;f__Bacteroidaceae;g__Bacteroides;s__Bacteroides_salyersiae	0.0343592410738	0.00745360690741	-0.0561351299441	-0.0487442168321	-0.0639789026439	-0.0490296249401	0.00568907300555	0.03382862489	0.0185731945247	0.0200101328801	0.000911833441855	-0.0353910157556	0.0281272203399	0.00821817435828	0.0605237831858	0.0469129885016	-0.0409822331916	0.014034968936	-0.0672350134494	-0.0236246702713	1.0	0.0732942286655	0.0293263263719	0.0125182383992	-0.0173988466003	-0.0878975787886	0.104126026572	-0.029428373999	0.00409383799748	0.0237774031498	-0.0413598224443	-0.0413978955237	-0.00108458176519	0.0108274077799	-0.0738188303008	-0.0333097078889	0.0387415321085	-0.0720421446467	-0.0208840204557	0.0161954354732	0.00489495533095	-0.0313534669478	-0.0432725291878	-0.00204566143006	-0.0163001475914	0.0254278235421	0.0278072318792	0.00803629914091	-0.0391919637215	-0.0181092358374	-0.056067247456	-0.0452347842875	-0.00708477564994	-0.0350243797004	-0.0431576190915	0.00303112541693	-0.00418586036138	-0.0431685678153	-0.0101302527841
k__Bacteria;p__Firmicutes;c__Clostridia;o__Clostridiales;f__Ruminococcaceae;g__Ruminiclostridium;s__[Eubacterium]_siraeum	0.0315831258198	0.000834903040287	-0.0353662745143	-0.0412722451115	-0.0206083175639	-0.00656964397317	0.0170943149102	0.0443689555701	-0.0125789957233	-0.0487975137803	-0.0188800375459	-0.00724636445983	-0.0386320221351	-0.0112586768652	-0.0275196077078	-0.0213228243305	0.0529774411234	-0.0053069156429	-0.00249439921094	-0.0597682600331	0.0732942286655	1.0	0.0470707704528	-0.0159076471946	0.040477553359	-0.0180057210091	-0.0171927501021	0.00430342318721	-0.0297607800368	0.0741278295882	-0.0189760655636	0.00463951846868	-0.00925657108658	0.0146753692332	0.055029185675	0.0116818573065	-0.00418278807165	-0.0727306451144	0.0210097137174	0.0207790791232	-0.0179492727571	0.00591860051507	-0.0138907316968	-0.0488288497211	-0.0187971698081	-0.0143025809557	0.015231972743	0.0111915564425	0.00349810830828	-0.0131541527991	-0.0229544156453	-0.00282837264084	-0.0211275729021	0.046945339046	0.0447108955666	-0.0619492001353	-0.0404377711898	-0.0645850080703	-0.041933022124
k__Bacteria;p__Proteobacteria;c__Betaproteobacteria;o__Burkholderiales;f__Sutterellaceae;g__Parasutterella;s__Parasutterella_excrementihominis	-0.032844068355	-0.0282054467134	-0.0269058616134	0.0169762627092	-0.00560986655204	-0.0540094780444	-0.0514885566914	-0.0316197388221	0.000462126152863	-0.0580517552558	-0.007758795325	-0.0237652140759	0.00167244653941	0.0564409375748	0.0278976741657	0.0270461925368	-0.0160193332077	-0.02090188136	-0.0226964781585	-0.00791363076411	0.0293263263719	0.0470707704528	1.0	-0.0431477572066	0.0713872954169	0.00187869071387	0.0219241790582	0.0159137651442	0.0285222267255	-0.0136532969329	0.0210394133508	0.0103849471272	0.0140628934418	-0.00107501801818	-0.0156543374601	0.0128286317031	-0.0269773541618	-0.0356032927186	0.0158251733281	0.00235478206852	-0.0379685548378	0.0101974744092	0.00508594610136	0.0189402096832	-0.0332568334685	0.00303100871143	0.00235223430425	0.00886270427451	-0.0130515487804	-0.0226127266145	-0.0666857554501	-0.0263977566404	-0.0427814966967	-0.0244225395942	0.0134060817414	0.000556581200986	-0.0302276867583	-0.0186216939301	-0.00574640194459
k__Bacteria;p__Actinobacteria;c__Actinobacteria;o__Bifidobacteriales;f__Bifidobacteriaceae;g__Bifidobacterium;s__Bifidobacterium_adolescentis	0.0255032778125	-0.0428366897963	-0.0247074140327	-0.045016110181	-0.00402004999517	-0.065263078766	0.00283500543038	0.00132982727608	-0.0250931298889	-0.0564336156847	0.0469460236752	-0.0851345562658	0.0758853725079	0.00246142801188	-0.0226846919137	-0.113571033254	0.0189398726444	-0.0653569432255	0.0145803073694	-0.0329866034769	0.0125182383992	-0.0159076471946	-0.0431477572066	1.0	0.0635727382184	0.0190105567212	-0.0220861866921	0.0454715653782	-0.0273268502166	-0.0183343885032	-0.00938920737313	-0.00831436253155	0.0355447164228	0.00834048762391	-0.0138620874085	-0.086159876358	-0.0402231052383	-0.0669827966238	0.0308000559197	0.0177102966133	-0.00841857507443	0.00845539715004	0.0433173249432	-0.0494527056959	0.056475357284	-0.0525125552963	0.000973805565498	0.0130500477699	0.000386920080268	-0.0100630470712	-0.00802265382725	-0.0301306364738	0.0509413737431	-0.031526860722	-0.0136724356802	-0.0252969661097	0.0227009558817	-0.0426577758583	-0.00445235747727
k__Bacteria;p__Firmicutes;c__Clostridia;o__Clostridiales;f__Oscillospiraceae;g__Oscillibacter;s__Oscillibacter_sp._KLE_1745	0.0243989798495	0.0167863700968	-0.00637816773485	0.0787807131561	-0.0140539722527	0.00899386486156	0.00548250415146	-0.0212221259065	0.0286824788179	-0.0211992320309	0.0285448944076	0.000661699221787	0.00848902292278	-0.0213204269248	-0.0368759347523	0.00218913593607	-0.0435927220581	-0.019535060057	0.012244209165	0.00359664426354	-0.0173988466003	0.040477553359	0.0713872954169	0.0635727382184	1.0	0.0163431591082	-0.0528035721008	-0.0269432064419	-0.00918263813032	-0.0314969413293	0.00461243651933	0.0077524240261	-0.0628803419312	-0.00565100789766	-0.0503316237659	-0.020582295207	0.0247172009974	0.00262125340498	-0.0146800168144	-0.0354558918028	0.0204340090001	-0.0319202773756	-0.0173163904083	-0.0438411330631	0.0320052034436	-0.0583016674227	-0.0677680332351	0.0151149501137	-0.00119379235695	-0.0221690695661	-0.036457100691	0.00582665928105	-0.0133698042015	-0.0280888786014	-0.0888787326449	-0.046597489473	0.0257802986949	-0.0169560481227	0.0897819509054
k__Bacteria;p__Bacteroidetes;c__Bacteroidia;o__Bacteroidales;f__Bacteroidaceae;g__Bacteroides;s__Bacteroides_coprophilus	-0.0530492358504	-0.0237181709579	-0.0565141774029	-0.00718010290284	0.0030761383485	-0.0232740208359	0.0173831560223	0.0207379148883	-0.00458949738043	-0.0413584375336	-0.0304475554516	-0.0332460156429	-0.0159089420554	0.0132961823352	-0.0171550866358	-0.0501187676976	-0.0672703866919	0.021323897108	0.0518110098292	-0.0775497222203	-0.0878975787886	-0.0180057210091	0.00187869071387	0.0190105567212	0.0163431591082	1.0	0.0036115805912	0.0552620017629	-0.014209406498	-0.0229499747519	0.0776755312979	0.013842076453	-0.0104798612097	-0.00982902210099	-0.00887220927957	0.0176396386276	0.0130746410881	-0.0495869447562	0.0420194385145	0.033918008931	0.0316216880311	-0.0138608242254	0.0302584659134	-0.000683992068689	0.0376182854888	0.00668932766374	-0.0116792732262	-0.0360343358592	-0.0498445927297	-0.0527376852959	-0.0228776395923	0.00799103114711	0.0267227056368	-0.0319738112805	0.0251934454353	-0.0261083502285	-0.00878685297891	-0.00593657977128	-0.0081863119979
k__Bacteria;p__Firmicutes;c__Clostridia;o__Clostridiales;f__Lachnospiraceae;g__Roseburia;s__Roseburia_intestinalis	0.0418810387731	-0.0258947867258	-0.0109556379648	-0.0258047179995	-0.0349411765567	0.022304445563	0.0301660521519	0.00952503889803	0.0199157140647	0.0265601585149	-0.0244541453527	-0.080062650928	0.00531256900483	-0.0749392170946	0.000690935129375	0.0476072308594	-0.0659889517243	-0.0376378127416	0.0244396547756	0.046937057435	0.104126026572	-0.0171927501021	0.0219241790582	-0.0220861866921	-0.0528035721008	0.0036115805912	1.0	-0.0325534538582	-0.0416922899403	0.0167677427145	-0.00876673000999	-0.0841955705475	-0.0492593990772	0.0416745617712	-0.0119655772232	0.0657710718468	0.0153239881467	-0.0156060620066	-0.0223365361004	-0.015589583363	0.00096521042833	0.0495752580496	-0.0512270340106	0.0346151103936	-0.00699902614926	0.00555336795386	-0.0579506771976	-0.0528495630573	-0.00954476602323	-0.00155323819044	-0.0487952132838	0.0311320821061	-0.0297912286408	-0.0201177961631	0.0558238987884	0.0259537632269	0.0090184247791	0.022832734942	-0.0518375418173
k__Bacteria;p__Firmicutes;c__Clostridia;o__Clostridiales;f__Lachnospiraceae;g__Roseburia;s__Roseburia_hominis	0.0172314005704	-0.0223203466767	-0.0220426510084	-0.0631590551786	0.030885158532	0.0200811278703	0.0339755171056	-0.0564861706249	-0.0147847564622	0.00261814049373	-0.0427188965748	-0.0273509577465	-0.00304891168596	0.000737714996164	0.0104360775258	-0.00329254186655	-0.0324643353773	0.00657020891899	-0.0553126118709	-0.00109407190621	-0.029428373999	0.00430342318721	0.0159137651442	0.0454715653782	-0.0269432064419	0.0552620017629	-0.0325534538582	1.0	0.0189903046567	-0.0496919748132	-0.0574161913514	-0.0222434166163	0.0230223031955	0.0364765763928	-0.0777053496184	-0.00414186505856	-0.0110370714438	0.0352280181036	-0.00748593445586	0.0397471332877	-0.0495706297988	-0.0271339754771	0.0142487469195	0.00951363943032	0.0130320183886	-0.0578442144306	-0.00105889830309	0.0854788300926	0.0618320180848	-0.0291860251704	-0.0201316699642	-0.0115888859745	-0.0223730912183	-0.00193624693932	-0.0212978928393	-0.0872581990756	-0.0308523247475	-0.030620051731	0.0462510543102
k__Bacteria;p__Bacteroidetes;c__Bacteroidia;o__Bacteroidales;f__Porphyromonadaceae;g__Parabacteroides;s__Parabacteroides_johnsonii	-0.0416468357814	-0.0316494880468	-0.0451184108506	-0.0695654974546	-0.00578759014687	-0.00663362020919	0.00301887818149	0.0494247347909	0.0459319578732	-0.0489754642376	-0.0159722566128	-0.0771916394855	-0.0456664333662	-0.0206216775929	0.0223439323943	-0.018888558391	-0.000277557530757	0.0131184522866	0.0199968049594	0.0175195469345	0.00409383799748	-0.0297607800368	0.0285222267255	-0.0273268502166	-0.00918263813032	-0.014209406498	-0.0416922899403	0.0189903046567	1.0	-0.0345607307855	0.0315426709184	-0.000107130258623	0.0250345785822	-0.0112196697137	-0.0232502724473	0.00783939836481	0.0180058683557	-0.0552709084122	-0.0521618827739	0.0634888935458	-0.00295319209537	-0.0290133888547	0.0275622486784	-0.0314807848483	0.0369563228419	-0.0169204916474	0.00487864911263	-0.00958060312814	0.0118745283113	-0.0375679449352	-0.0320228307865	-0.0270327705409	0.0129910383336	-0.0346598296649	0.00359993180561	-0.0667497840945	0.0141067291622	0.0132154572226	0.00819365694311
k__Bacteria;p__Actinobacteria;c__Actinobacteria;o__Bifidobacteriales;f__Bifidobacteriaceae;g__Bifidobacterium;s__Bifidobacterium_longum	-0.040224307371	-0.0182550510088	-0.0302956160889	-0.0175272000986	-0.0443936074648	0.0511778715937	-0.0344679178676	0.00709083736328	0.0125908035729	0.0137195989461	-0.0496278360035	0.0307151711908	0.0546377122042	0.0253653775428	-0.0675512865378	-0.0072968059898	0.030040967881	0.0437548518289	-0.0638367833977	-0.0540407017631	0.0237774031498	0.0741278295882	-0.0136532969329	-0.0183343885032	-0.0314969413293	-0.0229499747519	0.0167677427145	-0.0496919748132	-0.0345607307855	1.0	-0.0699505679777	0.0220533782936	-0.0308913227866	-0.0135657970731	-0.00491499305482	-0.00590287129456	-0.0438473118971	0.0353499528549	0.0328770440337	-0.00522413406196	-0.0115207923326	0.00599035820673	0.0227833114926	0.010145393981	0.0139132503786	-0.0327723896238	-0.0107718754537	-0.0478931070271	0.00924981684348	-0.0100820782483	0.0494022521514	-0.0196953466256	-0.0204403340531	-0.0195606890401	0.00229174364673	-0.0280752354088	0.0225925278339	0.0147882092392	-0.022371931006
