#taxonomy	k__Bacteria;p__Bacteroidetes;c__Bacteroidia;o__Bacteroidales;f__Bacteroidaceae;g__Bacteroides;s__Bacteroides_vulgatus	k__Bacteria;p__Bacteroidetes;c__Bacteroidia;o__Bacteroidales;f__Bacteroidaceae;g__Bacteroides;s__Bacteroides_uniformis	k__Bacteria;p__Bacteroidetes;c__Bacteroidia;o__Bacteroidales;f__Rikenellaceae;g__Alistipes;s__Alistipes_putredinis	k__Bacteria;p__Bacteroidetes;c__Bacteroidia;o__Bacteroidales;f__Prevotellaceae;g__Prevotella;s__Prevotella_copri	k__Bacteria;p__Bacteroidetes;c__Bacteroidia;o__Bacteroidales;f__Bacteroidaceae;g__Bacteroides;s__Bacteroides_stercoris	k__Bacteria;p__Bacteroidetes;c__Bacteroidia;o__Bacteroidales;f__Bacteroidaceae;g__Bacteroides;s__Bacteroides_ovatus	k__Bacteria;p__Bacteroidetes;c__Bacteroidia;o__Bacteroidales;f__Rikenellaceae;g__Alistipes;s__Alistipes_shahii	k__Bacteria;p__Firmicutes;c__Clostridia;o__Clostridiales;f__Ruminococcaceae;g__Faecalibacterium;s__Faecalibacterium_prausnitzii	k__Bacteria;p__Bacteroidetes;c__Bacteroidia;o__Bacteroidales;f__Rikenellaceae;g__Alistipes;s__Alistipes_finegoldii	k__Bacteria;p__Bacteroidetes;c__Bacteroidia;o__Bacteroidales;f__Porphyromonadaceae;g__Parabacteroides;s__Parabacteroides_distasonis	k__Bacteria;p__Bacteroidetes;c__Bacteroidia;o__Bacteroidales;f__Bacteroidaceae;g__Bacteroides;s__Bacteroides_thetaiotaomicron	k__Bacteria;p__Bacteroidetes;c__Bacteroidia;o__Bacteroidales;f__Bacteroidaceae;g__Bacteroides;s__Bacteroides_coprocola	k__Bacteria;p__Bacteroidetes;c__Bacteroidia;o__Bacteroidales;f__Bacteroidaceae;g__Bacteroides;s__Bacteroides_cellulosilyticus	k__Bacteria;p__Bacteroidetes;c__Bacteroidia;o__Bacteroidales;f__Rikenellaceae;g__Alistipes;s__Alistipes_obesi	k__Bacteria;p__Firmicutes;c__Clostridia;o__Clostridiales;f__Lachnospiraceae;g__;s__[Eubacterium]_rectale	k__Bacteria;p__Bacteroidetes;c__Bacteroidia;o__Bacteroidales;f__Bacteroidaceae;g__Bacteroides;s__Bacteroides_plebeius	k__Bacteria;p__Bacteroidetes;c__Bacteroidia;o__Bacteroidales;f__Bacteroidaceae;g__Bacteroides;s__Bacteroides_fragilis	k__Bacteria;p__Proteobacteria;c__Betaproteobacteria;o__Burkholderiales;f__Sutterellaceae;g__Sutterella;s__Sutterella_wadsworthensis	k__Bacteria;p__Bacteroidetes;c__Bacteroidia;o__Bacteroidales;f__Porphyromonadaceae;g__Barnesiella;s__Barnesiella_intestinihominis	k__Bacteria;p__Bacteroidetes;c__Bacteroidia;o__Bacteroidales;f__Odoribacteraceae;g__Odoribacter;s__Odoribacter_splanchnicus	k__Bacteria;p__Bacteroidetes;c__Bacteroidia;o__Bacteroidales;f__Bacteroidaceae;g__Bacteroides;s__Bacteroides_salyersiae	k__Bacteria;p__Firmicutes;c__Clostridia;o__Clostridiales;f__Ruminococcaceae;g__Ruminiclostridium;s__[Eubacterium]_siraeum	k__Bacteria;p__Proteobacteria;c__Betaproteobacteria;o__Burkholderiales;f__Sutterellaceae;g__Parasutterella;s__Parasutterella_excrementihominis	k__Bacteria;p__Actinobacteria;c__Actinobacteria;o__Bifidobacteriales;f__Bifidobacteriaceae;g__Bifidobacterium;s__Bifidobacterium_adolescentis	k__Bacteria;p__Firmicutes;c__Clostridia;o__Clostridiales;f__Oscillospiraceae;g__Oscillibacter;s__Oscillibacter_sp._KLE_1745	k__Bacteria;p__Bacteroidetes;c__Bacteroidia;o__Bacteroidales;f__Bacteroidaceae;g__Bacteroides;s__Bacteroides_coprophilus	k__Bacteria;p__Firmicutes;c__Clostridia;o__Clostridiales;f__Lachnospiraceae;g__Roseburia;s__Roseburia_intestinalis	k__Bacteria;p__Firmicutes;c__Clostridia;o__Clostridiales;f__Lachnospiraceae;g__Roseburia;s__Roseburia_hominis	k__Bacteria;p__Bacteroidetes;c__Bacteroidia;o__Bacteroidales;f__Porphyromonadaceae;g__Parabacteroides;s__Parabacteroides_johnsonii	k__Bacteria;p__Actinobacteria;c__Actinobacteria;o__Bifidobacteriales;f__Bifidobacteriaceae;g__Bifidobacterium;s__Bifidobacterium_longum	k__Bacteria;p__Firmicutes;c__Clostridia;o__Clostridiales;f__;g__Flavonifractor;s__Flavonifractor_plautii	k__Bacteria;p__Firmicutes;c__Clostridia;o__Clostridiales;f__Clostridiaceae;g__Clostridium;s__Clostridium_phoceensis	k__Bacteria;p__Verrucomicrobia;c__Verrucomicrobiae;o__Verrucomicrobiales;f__Akkermansiaceae;g__Akkermansia;s__Akkermansia_muciniphila	k__Bacteria;p__Bacteroidetes;c__Bacteroidia;o__Bacteroidales;f__Prevotellaceae;g__Paraprevotella;s__Paraprevotella_xylaniphila	k__Bacteria;p__Firmicutes;c__Clostridia;o__Clostridiales;f__Ruminococcaceae;g__Ruminococcus;s__Ruminococcus_callidus	k__Bacteria;p__Bacteroidetes;c__Bacteroidia;o__Bacteroidales;f__Rikenellaceae;g__Alistipes;s__Alistipes_senegalensis	k__Bacteria;p__Firmicutes;c__Clostridia;o__Clostridiales;f__Lachnospiraceae;g__Blautia;s__Blautia_sp._KLE_1732	k__Bacteria;p__Bacteroidetes;c__Bacteroidia;o__Bacteroidales;f__Bacteroidaceae;g__Bacteroides;s__Bacteroides_oleiciplenus	k__Bacteria;p__Firmicutes;c__Clostridia;o__Clostridiales;f__Ruminococcaceae;g__Ruminococcus;s__Ruminococcus_bicirculans	k__Bacteria;p__Bacteroidetes;c__Bacteroidia;o__Bacteroidales;f__Bacteroidaceae;g__Bacteroides;s__Bacteroides_fluxus	k__Bacteria;p__Bacteroidetes;c__Bacteroidia;o__Bacteroidales;f__Prevotellaceae;g__Prevotella;s__Prevotella_stercorea	k__Bacteria;p__Firmicutes;c__Clostridia;o__Clostridiales;f__Lachnospiraceae;g__Dorea;s__Dorea_longicatena	k__Bacteria;p__Firmicutes;c__Clostridia;o__Clostridiales;f__Eubacteriaceae;g__Eubacterium;s__[Eubacterium]_eligens	k__Bacteria;p__Firmicutes;c__Clostridia;o__Clostridiales;f__Ruminococcaceae;g__;s__Ruminococcaceae_bacterium_D16	k__Bacteria;p__Firmicutes;c__Clostridia;o__Clostridiales;f__Lachnospiraceae;g__Coprococcus;s__Coprococcus_comes	k__Bacteria;p__Proteobacteria;c__Gammaproteobacteria;o__Enterobacterales;f__Enterobacteriaceae;g__Escherichia;s__Escherichia_coli	k__Bacteria;p__Firmicutes;c__Clostridia;o__Clostridiales;f__Ruminococcaceae;g__Anaerotruncus;s__Anaerotruncus_colihominis	k__Bacteria;p__Firmicutes;c__Clostridia;o__Clostridiales;f__Lachnospiraceae;g__Blautia;s__Blautia_obeum	k__Bacteria;p__Bacteroidetes;c__Bacteroidia;o__Bacteroidales;f__Odoribacteraceae;g__Odoribacter;s__Odoribacter_laneus	k__Bacteria;p__Firmicutes;c__Clostridia;o__Clostridiales;f__Ruminococcaceae;g__Ruminiclostridium;s__[Clostridium]_leptum	k__Bacteria;p__Bacteroidetes;c__Bacteroidia;o__Bacteroidales;f__Porphyromonadaceae;g__Parabacteroides;s__Parabacteroides_goldsteinii	k__Bacteria;p__Firmicutes;c__Clostridia;o__Clostridiales;f__Lachnospiraceae;g__Anaerostipes;s__Anaerostipes_hadrus	k__Bacteria;p__Firmicutes;c__Clostridia;o__Clostridiales;f__Ruminococcaceae;g__Ruminococcus;s__Ruminococcus_lactaris	k__Bacteria;p__Firmicutes;c__Clostridia;o__Clostridiales;f__Clostridiaceae;g__Clostridium;s__Clostridium_sp._L2-50	k__Bacteria;p__Firmicutes;c__Clostridia;o__Clostridiales;f__Clostridiaceae;g__Clostridium;s__Clostridium_sp._M62/1	k__Bacteria;p__Firmicutes;c__Clostridia;o__Clostridiales;f__;g__Intestinimonas;s__Intestinimonas_butyriciproducens	k__Bacteria;p__Actinobacteria;c__Actinobacteria;o__Bifidobacteriales;f__Bifidobacteriaceae;g__Bifidobacterium;s__Bifidobacterium_bifidum	k__Bacteria;p__Firmicutes;c__Negativicutes;o__Veillonellales;f__Veillonellaceae;g__Dialister;s__Dialister_invisus	k__Bacteria;p__Bacteroidetes;c__Bacteroidia;o__Bacteroidales;f__Bacteroidaceae;g__Bacteroides;s__Bacteroides_salanitronis
k__Bacteria;p__Bacteroidetes;c__Bacteroidia;o__Bacteroidales;f__Bacteroidaceae;g__Bacteroides;s__Bacteroides_vulgatus	1.0	0.0153937537234	-0.028131295292	0.0117852454103	-0.0174710629285	0.0758954588994	-0.0332436036906	0.000152949289177	-0.0387661626105	0.0351074004723	-0.0188031490503	-0.000777607584608	0.0101066196282	-0.037148825887	0.00624588073768	-0.00283294131153	0.0235420445607	0.0196151724178	0.00841469637801	-0.0172078054044	-0.0853194788171	-0.0202267555591	0.0211365267135	-0.0970201549906	-0.0657554842293	-0.0198045287958	-0.0120499235084	-0.0330634671093	0.0104996489638	0.0422362956223	-0.0138796552461	-0.0120458070625	-0.0175531557074	-0.00480601884603	0.00692095725624	-0.0198834712147	0.00354120662818	8.6056010859e-09	-0.00872210268131	-0.0450094790487	0.0384663149408	0.033118465174	-0.0251694339657	0.0132192816693	-0.0549553673408	-0.0376882945774	-0.0603365787305	0.00733733743682	-0.0170827867009	-0.0133630027894	0.0416050102868	0.0578551021689	0.0143992068338	-0.0628699682265	-0.0232991017628	-0.0229626456592	-0.0724278596965	0.00684990201407	0.0383676629624
k__Bacteria;p__Bacteroidetes;c__Bacteroidia;o__Bacteroidales;f__Bacteroidaceae;g__Bacteroides;s__Bacteroides_uniformis	0.0153937537234	1.0	-0.0291442277059	0.0336505353577	0.00123362194683	-6.06557180186e-05	0.0229567418306	0.0164421462223	-0.045279579197	-0.036347067582	-0.034511347358	-0.0218736842501	-0.0255458964241	-0.0450961708013	0.0118656182328	0.0382244116931	-0.00639847481894	-0.0342264426949	-0.0626380305872	-0.0216218504829	-0.00244718234695	-0.0326273646875	-0.00527025427735	-0.0364323672928	-0.0233949881931	-0.00155215351603	-0.00279313212948	-0.0108639890681	-0.0121066502517	0.00926881605995	0.0138320078278	0.0159491641457	-0.0516131401401	0.0222527186721	-0.0370222279746	0.00859194040355	-0.0376966327183	0.035428365878	-0.011037232916	-0.00792092706137	0.0445252023576	-0.0161220163314	-3.57199925797e-05	-0.0246653996261	0.00443626842758	-0.00643987607006	-0.0190263370689	0.0137342453654	0.0270287938799	-0.00212477932452	0.0207788882853	-0.0592087886186	-0.0491746453865	0.00182760037988	0.0573072841635	0.00272282910373	0.0113327632727	-0.025754731171	-0.0334685464383
k__Bacteria;p__Bacteroidetes;c__Bacteroidia;o__Bacteroidales;f__Rikenellaceae;g__Alistipes;s__Alistipes_putredinis	-0.028131295292	-0.0291442277059	1.0	0.0439341252769	0.00763727255039	0.000419745802019	-0.0261178513758	0.0487341975809	-0.0340221124334	-0.0268543681837	0.00970751027221	-0.000652691702542	-0.0428242719467	0.0130124745202	0.00374672185751	-0.0311410619645	0.0569104273927	-0.0151246282816	0.0225653771839	-0.0333847312444	-0.0106812570952	-0.0098683604652	0.0187537654151	-0.00339584170942	-0.0344397087325	0.0656850725358	-0.0647073090362	0.0173504658132	-0.0130644560701	0.00974755713345	-0.0032323641077	-0.052092406091	0.0333987502922	0.0157085898068	-0.01574341075	0.00925819469317	-0.0355941089599	-0.0622820269818	0.000228001475243	0.0279357868609	-0.0111842321211	0.024226862758	-0.0192998584437	0.0102882547511	-0.0413026491674	-0.0547106629038	0.0268129920786	-0.00647981245324	-0.0127996919132	-0.0149881863893	-0.060173975959	0.00858072151026	-0.00337556706365	0.00508402893426	0.00413954246109	-0.0338850150475	0.0733140765935	-0.0496588098471	0.014100969963
k__Bacteria;p__Bacteroidetes;c__Bacteroidia;o__Bacteroidales;f__Prevotellaceae;g__Prevotella;s__Prevotella_copri	0.0117852454103	0.0336505353577	0.0439341252769	1.0	0.017811804259	0.064397431148	-0.010346411515	-0.0360059802975	0.00982668684779	-0.00703830134064	-0.0436519683175	0.026276239597	-0.0133572929826	-0.0166321120678	-0.0125471220599	0.0235955975129	0.0125955531116	-0.0194072267583	-0.054338271583	0.0349768705987	0.0583016046147	-0.0577614852747	0.0181509512744	-0.0507430276567	-0.0129722293835	0.0148762414882	0.00154048123385	0.0159033330677	0.0415751074289	-0.0265265252601	-0.0565007740884	-0.00329132994722	-0.0504556115936	0.0240747933735	-0.0178053887855	-0.0208526828813	-0.0640555882915	0.0616533104776	-0.0118702379637	-0.0216292245135	-0.0106223048317	-0.0473913547822	0.0072150544649	0.0158382663453	0.0905708898644	-0.0204337044985	-0.00998713804831	-0.0361404465248	0.0050912359452	-0.030524580996	0.0128368551581	-0.0165680812493	-0.0299633033599	0.0146183126128	-0.000752146907202	-0.00254454455102	0.0250063838544	-0.0328212258153	0.0856938071604
k__Bacteria;p__Bacteroidetes;c__Bacteroidia;o__Bacteroidales;f__Bacteroidaceae;g__Bacteroides;s__Bacteroides_stercoris	-0.0174710629285	0.00123362194683	0.00763727255039	0.017811804259	1.0	0.00455406140382	-0.0479401565575	-0.00125720361993	-0.00859605549948	-0.0410930132249	0.0164864692183	0.00374539634908	0.0318239316707	-0.00348284154227	-0.0783959716831	-0.0284210805401	-0.0304547117574	0.031263401786	0.0227956013381	-0.00262215674851	-0.0226543705147	0.0383972802854	-0.0466535334626	0.0713897940249	-0.00582878554454	-0.0122003321124	-0.014602897387	-0.0487220922786	0.016184187809	-0.0101606188315	0.000692184494184	-0.0171928880876	-0.0515055430424	-0.00777654080159	0.0449102448663	-0.0215589372395	0.0437923590956	-0.0262477868469	-0.0374645239849	-0.0121090968442	-0.0148798995078	-0.0262136684765	0.00867828914523	-0.0172044426808	0.0144160746067	-0.00910101436698	-0.0348008427338	-0.0345750912174	-0.0360619784486	0.0371019999749	-0.0305505702746	-0.0294518065184	0.0187598562124	-0.0198493882704	0.0320032285138	0.0378482682444	0.0528442305909	-3.88570303625e-05	0.0288054007377
k__Bacteria;p__Bacteroidetes;c__Bacteroidia;o__Bacteroidales;f__Bacteroidaceae;g__Bacteroides;s__Bacteroides_ovatus	0.0758954588994	-6.0655718019e-05	0.000419745802019	0.064397431148	0.00455406140382	1.0	0.0218071540366	0.0161703952729	0.100086830456	-0.0699459983797	-0.00593543538236	-0.0822508822838	-0.0140404040367	-0.0126832618322	-0.00317648937386	-0.0105622695654	-0.0288189844409	-0.0286313899915	-0.0686206957358	-0.0228560592598	-0.00842337100918	-0.0461636749409	-0.0934284314054	-0.0430665386163	-0.00922889512964	0.00956794755886	-0.0286224173445	-0.0191823299888	0.0801885788462	-0.00183199851512	0.0202845819634	-0.0643542910648	-0.0170732493422	-0.0274388398973	0.0150311358945	0.0546839518391	0.00269060226844	0.0346626737557	-0.0383799296492	-0.0566322591524	0.0101063543179	-0.0601007755467	0.0303012897955	-0.0416171718853	0.000910801559133	0.0436641324599	-0.0211294491943	-0.0497172636368	0.0295467010325	0.0750834321322	0.020259021086	-0.0206998019511	-0.0599370661719	0.0206998125454	0.0319423351285	-0.0424539877081	-0.0043939871278	0.0322187228063	-0.0176338596954
k__Bacteria;p__Bacteroidetes;c__Bacteroidia;o__Bacteroidales;f__Rikenellaceae;g__Alistipes;s__Alistipes_shahii	-0.0332436036906	0.0229567418306	-0.0261178513758	-0.010346411515	-0.0479401565575	0.0218071540366	1.0	-0.0219480999171	-0.0138566035901	-0.0380885605529	-0.0277953802963	-0.0510703844511	0.0137665051053	-0.0191953478786	-0.0114183964463	0.053823311169	-0.00617890456724	-0.0202625882547	0.0420952955869	-0.0284917504451	0.0236037711752	0.004152148636	0.0231653032849	-0.0377323531789	-0.00821380466714	-0.0388600665934	0.0216524323965	0.0328823608918	0.0141334147914	-0.00933505025126	0.00252199209764	0.0366550185738	-0.00361856638471	-0.0539742249608	0.0807023977769	0.0187444031436	-0.0272281440799	0.00650395475019	0.0320955638146	0.00139702797138	0.0382350762746	0.0317576860441	0.0288895338012	-0.0227092523544	-0.048422280838	0.0277592763048	0.0529090100288	-0.0241805793477	-0.098993906108	0.0116002339267	0.00575070926775	0.00794941478236	0.0292001996644	-0.0218488185577	-0.0258076225678	-0.00574974601563	-0.0507098048683	-0.0415444690307	0.0436253568302
k__Bacteria;p__Firmicutes;c__Clostridia;o__Clostridiales;f__Ruminococcaceae;g__Faecalibacterium;s__Faecalibacterium_prausnitzii	0.000152949289177	0.0164421462223	0.0487341975809	-0.0360059802975	-0.00125720361993	0.0161703952729	-0.0219480999171	1.0	-0.0552597474968	-0.0487491725246	0.0180841875949	0.0103645519675	-0.0478491247036	-0.0362986089535	0.00350856169007	0.0180838263825	0.0916012509438	0.000584273970875	0.0512322249443	0.00757705876451	-0.00849847632585	0.0111984501189	-0.0377999005483	0.0415117580654	-0.0519386569533	0.00641453025401	-0.0353757772014	0.0400824428016	-0.0161818002801	-0.0222949706185	-0.00447141182798	-0.0605044232083	0.0301438787463	0.0132248917526	-0.0117897811204	-0.0740272921944	0.0126593048014	-0.0132607345533	-0.0160831848324	-0.0385558975519	-0.0453240626668	-0.0529054336851	-0.00809073438914	-0.0279078327569	-0.0728109837326	-0.0429206295514	-0.00509146182946	0.0294181768035	0.0245831157175	0.0366228340343	-0.0267829337463	0.0743032668565	0.0369700651341	0.090782984654	0.00556459827183	0.0362420524556	-0.0711076484959	-0.0315671441258	-0.0433898267806
k__Bacteria;p__Bacteroidetes;c__Bacteroidia;o__Bacteroidales;f__Rikenellaceae;g__Alistipes;s__Alistipes_finegoldii	-0.0387661626105	-0.045279579197	-0.0340221124334	0.00982668684779	-0.00859605549948	0.100086830456	-0.0138566035901	-0.0552597474968	1.0	0.00227326407609	-0.054290136934	-0.0205117303076	0.0118617379612	0.0076219753633	0.0189392732941	-0.0136596908173	-0.0310414513046	0.000814148024299	-0.0205155110831	-0.0677795298374	0.0259902113327	0.00869944017236	-0.0210419882997	0.0169984003115	-0.0302281917278	-0.00181816521388	0.00153494003623	0.0102681322747	-0.0486774975044	-0.0219467686333	-0.0507268968318	0.020110501592	-0.0102710817832	-0.0330987112476	0.0140179251158	-0.0230009412359	0.00679809317839	-0.0260244834968	0.0200785981318	0.0687768914382	0.0739967455797	-0.0380149849173	-0.0474969979499	-0.0135331288812	0.0125107966818	-0.0184465314494	0.00162953789446	-0.00392201608375	-0.0362830325445	-0.0126226128402	-0.0306395899321	-0.0638701116062	-0.0338266252693	0.0219389214131	0.0243471474473	-0.00653496514239	-0.0258594550437	0.047578568469	0.00322264719422
k__Bacteria;p__Bacteroidetes;c__Bacteroidia;o__Bacteroidales;f__Porphyromonadaceae;g__Parabacteroides;s__Parabacteroides_distasonis	0.0351074004723	-0.036347067582	-0.0268543681837	-0.00703830134064	-0.0410930132249	-0.0699459983797	-0.0380885605529	-0.0487491725246	0.00227326407609	1.0	-0.00193020653997	-0.0961525355596	0.0588295463991	-0.00817076109584	-0.0335760839488	-0.0213358890679	-0.0188270029639	-0.0108084491753	-0.0117687147826	-0.0248609307049	-0.00516512302176	-0.016574112011	-0.0283200374335	-0.0636263684245	-0.00234750544815	0.00162811237366	0.015620046522	0.0265176147148	-0.070163232785	0.0554492310309	-0.0142102731739	-0.0270876172999	-0.0442035361981	-0.000953012133737	-0.0158199934049	-0.00965229617487	0.0506882989916	-0.0173901469736	-0.0575303053041	-0.0110424649223	-0.00181302822017	-0.00151658566125	0.00502173312265	0.0367843346047	0.0654695609408	-0.0899223264617	-0.0263977278567	-0.0238205171409	0.0250995929492	0.024580950492	-0.057405076882	0.0517336052978	0.00809621786468	0.0360189495726	0.0347635173904	0.0360020946833	-0.0418317714021	0.0902909582359	-0.00876736149961
k__Bacteria;p__Bacteroidetes;c__Bacteroidia;o__Bacteroidales;f__Bacteroidaceae;g__Bacteroides;s__Bacteroides_thetaiotaomicron	-0.0188031490503	-0.034511347358	0.00970751027221	-0.0436519683175	0.0164864692183	-0.00593543538236	-0.0277953802963	0.0180841875949	-0.054290136934	-0.00193020653997	1.0	-0.0318123958607	-0.0282653906409	0.0168743993567	0.0245933219621	0.0176867917267	-0.0725681051691	0.0371340414073	0.0476133194475	-0.0306675550081	0.0167878930693	-0.046603139272	-0.0269991159274	-0.0420594199658	0.00510543763246	-0.0164896037186	0.00338883606258	-0.0302930236717	0.0199116021186	-0.0335576332386	0.0310804780773	-0.00689727633809	0.0315701290022	-0.0224747718805	0.0132238174154	-0.0379762390633	-0.0525379090784	0.0258501532789	-0.0164535618309	0.00744398416709	-0.020812091621	0.00184863985813	0.0266510211818	0.00608340177234	0.0775567784467	0.0637277993499	-0.0166221469948	0.0227649856708	0.0020359002897	0.0425593031917	0.00400208861639	-0.0570890179985	-0.048177618909	-0.0366585658019	-0.0618679961323	-0.041656514351	-0.0326204451002	0.0101788839532	-0.00602139134584
k__Bacteria;p__Bacteroidetes;c__Bacteroidia;o__Bacteroidales;f__Bacteroidaceae;g__Bacteroides;s__Bacteroides_coprocola	-0.000777607584608	-0.0218736842501	-0.000652691702542	0.026276239597	0.00374539634908	-0.0822508822838	-0.0510703844511	0.0103645519675	-0.0205117303076	-0.0961525355596	-0.0318123958607	1.0	0.0204123283426	-0.0526446555444	-0.0452661700157	-0.0365395808089	0.0249667041765	0.0941282347061	0.023518756147	-0.023726170273	-0.039130763707	-0.000825216833706	0.0439630182664	0.0268852202351	-0.0115294728082	0.0307009013117	0.0208548620684	-0.0198168333882	-0.0289524662819	-0.00195584930497	0.0110444037441	0.00430418896351	-0.0709664567175	0.0133771052852	-0.0112372837083	0.00308147199696	0.0449290566249	-0.0105250903124	0.0787592923731	-0.0202183284936	-0.0651781672115	0.00834455370059	0.0395920492674	0.0129073772137	0.0416180189841	-0.026037795645	0.0331237317807	0.0174655228317	-0.0055472057907	0.0355309424933	0.020142445864	0.0165633838158	-0.0211387598407	-0.0144935099781	0.0200813279033	-0.0680925368601	0.0260326064441	-0.0418353148541	-0.0545931134338
k__Bacteria;p__Bacteroidetes;c__Bacteroidia;o__Bacteroidales;f__Bacteroidaceae;g__Bacteroides;s__Bacteroides_cellulosilyticus	0.0101066196282	-0.0255458964241	-0.0428242719467	-0.0133572929826	0.0318239316707	-0.0140404040367	0.0137665051053	-0.0478491247036	0.0118617379612	0.0588295463991	-0.0282653906409	0.0204123283426	1.0	0.0247393975532	0.0345447387239	-0.0424550102497	0.00160441511545	0.00942025718414	-0.0336812667858	0.0014663352828	0.00595448341642	0.0161222000123	-0.0107515596227	-0.00596309980772	0.0187447424641	0.0359927201318	-0.0713682990868	0.0115342123969	0.047213892903	-0.0240760512354	0.0291703858285	-0.0501743392478	-0.0100580866645	0.00839880496803	0.00109093373407	-0.0326782721489	0.0166316193494	-0.0444867028426	-0.0673804933346	-0.0246005653156	-0.0441341725813	-0.0128655822295	-0.0119533699442	-0.0223356085909	0.010064424782	-0.0024598071713	0.00231451740699	-0.0760703225192	-0.019030415928	-0.0417388935478	0.0133499667597	0.0147464034788	0.0376161359964	0.0227036984103	-0.0303378566121	-0.00828303262445	0.0199157332221	-0.00176349137313	0.103832074918
k__Bacteria;p__Bacteroidetes;c__Bacteroidia;o__Bacteroidales;f__Rikenellaceae;g__Alistipes;s__Alistipes_obesi	-0.037148825887	-0.0450961708013	0.0130124745202	-0.0166321120678	-0.00348284154227	-0.0126832618322	-0.0191953478786	-0.0362986089535	0.0076219753633	-0.00817076109584	0.0168743993567	-0.0526446555444	0.0247393975532	1.0	-0.000492690748221	-0.0424449514219	-0.0469594415654	-0.0239827613044	-0.0185511407682	0.0274405241315	0.00469977051095	-0.0455494934502	-0.0247408088847	-0.0636023464012	-0.0192693775879	0.011131248294	-0.00517304518348	0.0545670083082	0.00573903975392	0.0193380637131	-0.0656258533438	-0.00869383736451	0.00041389113378	-0.0304853701543	0.0194659526543	0.0327918506579	-0.0176220283651	0.021571492786	-0.0300382067629	-0.0134998194897	-0.0531860722196	-0.0164769251957	-0.0222439890708	0.0638523148935	0.0709752978152	-0.0457665904456	-0.0523018355867	-0.0326601836229	0.0386348995651	-0.0620185664751	-0.0603446878067	-0.0190963224918	-0.0154577485204	0.0227786906846	-0.0429691564367	0.00210494174157	0.00176865059368	0.0800941333431	-0.0263014582535
k__Bacteria;p__Firmicutes;c__Clostridia;o__Clostridiales;f__Lachnospiraceae;g__;s__[Eubacterium]_rectale	0.00624588073768	0.0118656182328	0.00374672185751	-0.0125471220599	-0.0783959716831	-0.00317648937386	-0.0114183964463	0.00350856169007	0.0189392732941	-0.0335760839488	0.0245933219621	-0.0452661700157	0.0345447387239	-0.000492690748221	1.0	-0.0456413459038	-0.0419261451849	-0.0325499211479	0.0322189981275	0.020222354885	-0.0118869775117	-0.0297584093143	0.00955819161626	-0.0269585894301	-0.0302943030152	-0.0173749499308	-0.0325865845945	0.0155948922689	0.0108802386075	-0.0431459804989	-0.0212951595278	-0.0294073511918	0.0625128042121	0.012695246007	-0.0425417640221	-0.00437562389174	0.0146428651011	0.0378076397509	0.0023191125823	-0.0550085256243	-0.0114802535675	-0.0335883286164	0.00320013357635	0.0119075145071	0.0450767089841	-0.0518805846174	0.000108893991389	-0.00835252268968	-0.0313752153696	-0.0534682512132	0.028994154634	-0.0349014199845	0.0383195918004	-0.00958246486386	-0.0359498727976	-0.0117932265942	0.0399732867769	-0.0382858051731	-0.0196129114864
k__Bacteria;p__Bacteroidetes;c__Bacteroidia;o__Bacteroidales;f__Bacteroidaceae;g__Bacteroides;s__Bacteroides_plebeius	-0.00283294131153	0.0382244116931	-0.0311410619645	0.0235955975129	-0.0284210805401	-0.0105622695654	0.053823311169	0.0180838263825	-0.0136596908173	-0.0213358890679	0.0176867917267	-0.0365395808089	-0.0424550102497	-0.0424449514219	-0.0456413459038	1.0	0.0214121958688	-0.0320395331574	-0.0185438635379	-0.0439531263853	0.0226734025249	-0.0471024976061	0.0124126836491	-0.028922482893	0.00849335442865	0.0310291423439	-0.0063921019521	0.0161472560439	-0.0485494113499	0.063654825915	-0.0348258755752	-0.00199700816411	-0.0232827920974	0.0115807895047	-0.0168052702286	0.0560953414053	0.0382469517037	-0.0134211810977	0.0163344979379	-0.0133439310177	-0.0570291621573	0.0313925715294	-0.0190123103131	0.0496313291361	-0.0178141695339	-0.0342119340664	-0.00819846140423	-0.0260257726194	0.0161176572576	-0.019923161718	-0.00517968895713	-0.0286256099549	-0.0378004502539	0.028974870417	0.0370740212862	0.00504218783134	0.00652867906033	0.0280507762096	-0.0246047044115
k__Bacteria;p__Bacteroidetes;c__Bacteroidia;o__Bacteroidales;f__Bacteroidaceae;g__Bacteroides;s__Bacteroides_fragilis	0.0235420445607	-0.00639847481894	0.0569104273927	0.0125955531116	-0.0304547117574	-0.0288189844409	-0.00617890456724	0.0916012509438	-0.0310414513046	-0.0188270029639	-0.0725681051691	0.0249667041765	0.00160441511545	-0.0469594415654	-0.0419261451849	0.0214121958688	1.0	-0.0412614886271	-0.0536353573414	0.0108830772762	-0.00823143238654	-0.0437818807775	-0.0460980291544	0.0365774572183	-0.0675023891994	0.0221283978542	-0.0218989593213	0.0264343019449	-0.0205115752563	0.0283248259735	-0.0409574443401	-0.0617709015458	-0.00483380343766	0.0254268109392	-0.017669135866	-0.0526760627734	0.0482092947388	0.00687132537169	-0.0685286079948	0.0038330267472	0.0492135323645	-0.00233476958058	0.044362961717	-0.0204954866517	-0.00107031571725	0.0157503184853	0.0166576514526	0.0150926586159	0.00458065050475	0.0587622874797	-0.0281724752264	0.0344515011518	-0.0487040922655	0.0398499123718	-0.0208683643234	-0.0594846771878	-0.0350904694289	0.0639737912311	0.0273090692373
k__Bacteria;p__Proteobacteria;c__Betaproteobacteria;o__Burkholderiales;f__Sutterellaceae;g__Sutterella;s__Sutterella_wadsworthensis	0.0196151724178	-0.0342264426949	-0.0151246282816	-0.0194072267583	0.031263401786	-0.0286313899915	-0.0202625882547	0.000584273970875	0.000814148024299	-0.0108084491753	0.0371340414073	0.0941282347061	0.00942025718414	-0.0239827613044	-0.0325499211479	-0.0320395331574	-0.0412614886271	1.0	-0.0857837869051	-0.0272220668446	0.0631940003631	-0.0282088436255	-0.027900405606	0.0211844198928	0.0256558919708	-0.0248164570815	0.0600942608821	-0.0351252106245	-0.027228383277	0.0403855670822	-0.0160271508233	-0.0343285032144	0.0241392450165	-0.0642334520249	-0.0295484220984	0.0194942368899	-0.0647584417676	-0.0531897490436	-0.00274467886208	0.07561807642	0.00302473889055	-0.00301425946547	0.0598002494729	0.00966125762741	-0.0345125231777	-0.0397647660791	-0.0390579168265	0.0083467931307	0.0345275137896	-0.0051857028159	0.0201029311063	0.0107395967941	0.0193974247838	0.0366479578641	-0.0271327582223	-0.000490874990343	-0.0370179005778	-0.0258192311861	0.0357062900688
k__Bacteria;p__Bacteroidetes;c__Bacteroidia;o__Bacteroidales;f__Porphyromonadaceae;g__Barnesiella;s__Barnesiella_intestinihominis	0.00841469637801	-0.0626380305872	0.0225653771839	-0.054338271583	0.0227956013381	-0.0686206957358	0.0420952955869	0.0512322249443	-0.0205155110831	-0.0117687147826	0.0476133194475	0.023518756147	-0.0336812667858	-0.0185511407682	0.0322189981275	-0.0185438635379	-0.0536353573414	-0.0857837869051	1.0	0.0601379204669	-0.0127558952691	-0.0337094866653	0.0569744995555	0.00996670498016	-0.0156059579951	-0.0219893236356	0.0366149232408	0.0359396562294	0.0232383862111	-0.0551077153826	-0.0120654410321	-0.025907824387	-0.00169250391121	0.0339406960139	0.0372736678203	0.00814797438286	-0.0295647816068	-0.0109166020198	-0.0420133255409	0.0177080369652	0.0374851888811	-0.0500372551768	-0.0307570378224	-0.035956212855	-0.0360567709398	0.00624276800175	-0.0270926753847	0.0413903859573	0.00901542562393	0.0187261729672	0.0433148253541	0.0555260264458	-0.0614358610142	-0.0264539885174	-0.0323612271422	0.0136075951241	0.086985409595	0.0212005186553	-0.0237554200455
k__Bacteria;p__Bacteroidetes;c__Bacteroidia;o__Bacteroidales;f__Odoribacteraceae;g__Odoribacter;s__Odoribacter_splanchnicus	-0.0172078054044	-0.0216218504829	-0.0333847312444	0.0349768705987	-0.00262215674851	-0.0228560592598	-0.0284917504451	0.00757705876451	-0.0677795298374	-0.0248609307049	-0.0306675550081	-0.023726170273	0.0014663352828	0.0274405241315	0.020222354885	-0.0439531263853	0.0108830772762	-0.0272220668446	0.0601379204669	1.0	0.0420111036423	0.0427828554619	-0.0112057428487	-0.0397758588894	-0.0508781705986	-0.030633015189	-0.030037662556	-0.0472867601512	-0.0286088131436	0.0410683134975	-0.0115901285976	-0.0505738564598	0.00471772353901	-0.0375817211964	0.0240270217227	-0.0679929826347	-0.0908913634084	0.0409031359818	-0.0439133869005	0.0141201681126	-0.0180823304841	-0.00937474225663	-0.0668750930455	0.0749539912695	-0.00982833980688	-0.00649896931784	0.106754403221	0.0175278792463	-0.00471970548418	-0.0137770463546	-0.025530742926	0.016886347732	-0.0297565835179	-0.0279300165502	-0.0196106552407	0.0361287859531	0.0134876173471	0.00424739310866	0.0510712185111
k__Bacteria;p__Bacteroidetes;c__Bacteroidia;o__Bacteroidales;f__Bacteroidaceae;g__Bacteroides;s__Bacteroides_salyersiae	-0.0853194788171	-0.00244718234695	-0.0106812570952	0.0583016046147	-0.0226543705147	-0.00842337100918	0.0236037711752	-0.00849847632585	0.0259902113327	-0.00516512302176	0.0167878930693	-0.039130763707	0.00595448341642	0.00469977051095	-0.0118869775117	0.0226734025249	-0.00823143238654	0.0631940003631	-0.0127558952691	0.0420111036423	1.0	-0.015579883887	-0.0408558178766	0.0275812930567	0.0452495826597	0.0189330987195	-0.0218135430989	-0.015331679305	0.0230645924078	0.0350556186796	-0.0647996517176	0.0105549507644	-0.0597947887894	0.00729454491106	-0.0237723437074	-0.0446462664176	-0.0147115282371	-0.00559648777061	-0.0198731252277	0.0419462080501	-0.0408349628974	-0.0266689354483	-0.0107090824412	-0.0261564662402	-0.0183702034377	0.0252844928301	-0.0220266684886	-0.0648110776469	0.0127826951894	-0.0614558093481	-0.0520111186844	-0.0236282912035	-0.00198541519995	-0.00283177029039	0.0324420933083	-0.0303158312101	0.0325984527625	0.00310957569359	-0.0837610350687
k__Bacteria;p__Firmicutes;c__Clostridia;o__Clostridiales;f__Ruminococcaceae;g__Ruminiclostridium;s__[Eubacterium]_siraeum	-0.0202267555591	-0.0326273646875	-0.0098683604652	-0.0577614852747	0.0383972802854	-0.0461636749409	0.004152148636	0.0111984501189	0.00869944017236	-0.016574112011	-0.046603139272	-0.000825216833706	0.0161222000123	-0.0455494934502	-0.0297584093143	-0.0471024976061	-0.0437818807775	-0.0282088436255	-0.0337094866653	0.0427828554619	-0.015579883887	1.0	-0.0274648254448	0.050150463676	-0.00353147673683	0.0391340159746	-0.0414012105254	-0.0434031915723	0.0324105865915	0.0525331837705	-0.0154205997922	-0.0550427574269	-0.0457766445297	-0.0136030048965	-0.0817545200456	-0.0446254736123	-0.00190180738397	-0.00247565516566	0.0656415531287	-0.0304488161654	0.0087771270943	-0.028176030706	-0.00647451289954	-0.0212281628908	-0.0039694665058	0.0265213585909	-0.00588004533094	0.0273230781619	0.0554654934816	-0.0661705508128	0.0364729599924	0.0282459266906	-0.0115895413095	-0.0184291294496	-0.0483847799838	0.0424291297452	-0.0121095689778	0.0572345849838	-0.0201919576707
k__Bacteria;p__Proteobacteria;c__Betaproteobacteria;o__Burkholderiales;f__Sutterellaceae;g__Parasutterella;s__Parasutterella_excrementihominis	0.0211365267135	-0.00527025427735	0.0187537654151	0.0181509512744	-0.0466535334626	-0.0934284314054	0.0231653032849	-0.0377999005483	-0.0210419882997	-0.0283200374335	-0.0269991159274	0.0439630182664	-0.0107515596227	-0.0247408088847	0.00955819161626	0.0124126836491	-0.0460980291544	-0.027900405606	0.0569744995555	-0.0112057428487	-0.0408558178766	-0.0274648254448	1.0	0.0181967442874	-0.0388747152927	-0.0894597979952	0.0250481370572	-0.0572599292663	0.0323415805857	-0.0577144839976	-0.0622895728714	0.0481334132733	-0.0153444506228	-0.0194009529859	-0.0112990851513	0.0354915924209	-0.0817591177264	-0.0132070622997	-0.00997062376741	0.0419084957916	0.0635748054951	-0.0047023228067	-0.0563580833361	-0.0518189098802	0.0284030891788	0.0257200194295	-0.0178407628857	0.00551424071168	0.010211794719	-0.0242062371214	0.0509997668282	0.000858247292189	-0.00575989465746	-0.0169249718878	-0.00426336257211	-0.00985389884185	0.031038241694	0.00274553763505	-0.0553182720963
k__Bacteria;p__Actinobacteria;c__Actinobacteria;o__Bifidobacteriales;f__Bifidobacteriaceae;g__Bifidobacterium;s__Bifidobacterium_adolescentis	-0.0970201549906	-0.0364323672928	-0.00339584170942	-0.0507430276567	0.0713897940249	-0.0430665386163	-0.0377323531789	0.0415117580654	0.0169984003115	-0.0636263684245	-0.0420594199658	0.0268852202351	-0.00596309980772	-0.0636023464012	-0.0269585894301	-0.028922482893	0.0365774572183	0.0211844198928	0.00996670498016	-0.0397758588894	0.0275812930567	0.050150463676	0.0181967442874	1.0	0.00157203655969	-0.0395661101435	0.0164458557084	0.0222201290574	0.0324639416587	-0.0289316555706	-0.0233415703929	0.0615943135201	-0.00806669823937	0.0173745151361	-0.0352185672118	-0.0452438746091	-0.0600181262804	-0.0170979281432	-0.040596127365	-0.0465886342823	-0.0934785666098	0.000644841292628	0.0637547050479	-0.0104190434268	-0.0253747450852	0.00532029074945	-0.0337062379496	-0.0165015479288	-0.00826957919922	-0.00629945311634	0.0368051163035	0.00289015951565	-0.00360334915059	-0.048417515725	-0.0193998406742	-0.0220629711341	-0.024834910877	-0.0375951295586	0.00943847990561
k__Bacteria;p__Firmicutes;c__Clostridia;o__Clostridiales;f__Oscillospiraceae;g__Oscillibacter;s__Oscillibacter_sp._KLE_1745	-0.0657554842293	-0.0233949881931	-0.0344397087325	-0.0129722293835	-0.00582878554454	-0.00922889512964	-0.00821380466714	-0.0519386569533	-0.0302281917278	-0.00234750544815	0.00510543763246	-0.0115294728082	0.0187447424641	-0.0192693775879	-0.0302943030152	0.00849335442865	-0.0675023891994	0.0256558919708	-0.0156059579951	-0.0508781705986	0.0452495826597	-0.00353147673683	-0.0388747152927	0.00157203655969	1.0	0.0322671542243	0.0416181714244	-0.0291688548676	0.0502824469471	-0.0225519119861	0.00573288875625	0.0298152862341	0.0172000298752	0.00946600602037	-0.0135898506923	0.0117971215781	-0.0302461699516	-0.0113990112794	0.0280023575552	0.017010366854	-0.0292676479286	0.0606006224648	0.0276654894359	-0.0117883078632	-0.0278136883355	-0.0335541501302	0.00731752001995	-0.0547008147936	-0.0286444137524	-0.0392916157574	-0.00618114097458	-0.0462333609821	0.0549644089675	-0.00228501375971	0.00380636073169	-0.0153449116881	-0.0289042827445	-0.0106889557314	-0.0565589771681
k__Bacteria;p__Bacteroidetes;c__Bacteroidia;o__Bacteroidales;f__Bacteroidaceae;g__Bacteroides;s__Bacteroides_coprophilus	-0.0198045287958	-0.00155215351603	0.0656850725358	0.0148762414882	-0.0122003321124	0.00956794755886	-0.0388600665934	0.00641453025401	-0.00181816521388	0.00162811237366	-0.0164896037186	0.0307009013117	0.0359927201318	0.011131248294	-0.0173749499308	0.0310291423439	0.0221283978542	-0.0248164570815	-0.0219893236356	-0.030633015189	0.0189330987195	0.0391340159746	-0.0894597979952	-0.0395661101435	0.0322671542243	1.0	-0.0159126214838	-0.0137503742185	0.0214428118233	-0.0378232619917	0.0246634424401	-0.0690031317198	-0.0198172891759	0.0170500413706	-0.0113178341388	0.0228464754165	0.064383309651	-0.0812441793561	-0.0915930363534	0.00431786493683	-0.0272973252212	-0.022864973362	0.0289580894408	-0.000640386353593	0.0218174544879	-0.0287233037619	0.0381179328002	-0.0533132425427	0.0151656960722	-0.00659868672882	0.0423835407224	-0.0345031033578	0.0150314135257	0.0148875251098	0.013061415935	-0.0558891434971	-0.0212507714844	-0.0255892548686	-0.0229233774159
k__Bacteria;p__Firmicutes;c__Clostridia;o__Clostridiales;f__Lachnospiraceae;g__Roseburia;s__Roseburia_intestinalis	-0.0120499235084	-0.00279313212948	-0.0647073090362	0.00154048123385	-0.014602897387	-0.0286224173445	0.0216524323965	-0.0353757772014	0.00153494003623	0.015620046522	0.00338883606258	0.0208548620684	-0.0713682990868	-0.00517304518348	-0.0325865845945	-0.0063921019521	-0.0218989593213	0.0600942608821	0.0366149232408	-0.030037662556	-0.0218135430989	-0.0414012105254	0.0250481370572	0.0164458557084	0.0416181714244	-0.0159126214838	1.0	0.0147127341269	-0.0270528161899	0.00875259736288	-0.0226990055776	0.0316814591435	0.00912137192842	-0.054435134774	-0.00263056157928	-0.0380463520802	-0.0806620884373	0.0593514046387	0.0478723861437	-0.0269050706698	-0.0409198942858	0.000159150471811	-0.037341099527	-0.00469926860484	0.0194464492648	0.0289566311802	0.00125830464109	-0.0595500767758	-0.0921731894052	-0.0322824630187	0.0251853640225	-0.0113364588629	-0.0222641338479	0.00765822869989	-0.0412364852365	-0.00199065320972	-0.0056962032798	0.00799795721182	0.00210366498772
k__Bacteria;p__Firmicutes;c__Clostridia;o__Clostridiales;f__Lachnospiraceae;g__Roseburia;s__Roseburia_hominis	-0.0330634671093	-0.0108639890681	0.0173504658132	0.0159033330677	-0.0487220922786	-0.0191823299888	0.0328823608918	0.0400824428016	0.0102681322747	0.0265176147148	-0.0302930236717	-0.0198168333882	0.0115342123969	0.0545670083082	0.0155948922689	0.0161472560439	0.0264343019449	-0.0351252106245	0.0359396562294	-0.0472867601512	-0.015331679305	-0.0434031915723	-0.0572599292663	0.0222201290574	-0.0291688548676	-0.0137503742185	0.0147127341269	1.0	-0.0227283380905	-0.011529214868	0.00624790055162	0.0107116626368	0.00848727559814	-0.0236626572087	0.034511358809	-0.0261679344261	-0.0371367683412	-0.0653893756218	-0.031067259723	0.0345135278675	-0.0170675752921	-0.0191031040081	0.0454530723041	0.00659604994673	-0.0150418843955	-0.00626437682227	-0.0112433002019	-0.0293492248326	-0.0120546758475	0.00679752760025	-0.0111986795172	-0.0478779506983	-0.0738107560274	0.0190627040383	-0.0371983365671	-0.0614620007165	-0.065786404025	0.0109499589711	0.0184163883203
k__Bacteria;p__Bacteroidetes;c__Bacteroidia;o__Bacteroidales;f__Porphyromonadaceae;g__Parabacteroides;s__Parabacteroides_johnsonii	0.0104996489638	-0.0121066502517	-0.0130644560701	0.0415751074289	0.016184187809	0.0801885788462	0.0141334147914	-0.0161818002801	-0.0486774975044	-0.070163232785	0.0199116021186	-0.0289524662819	0.047213892903	0.00573903975392	0.0108802386075	-0.0485494113499	-0.0205115752563	-0.027228383277	0.0232383862111	-0.0286088131436	0.0230645924078	0.0324105865915	0.0323415805857	0.0324639416587	0.0502824469471	0.0214428118233	-0.0270528161899	-0.0227283380905	1.0	0.0582307883059	0.00873118333672	-0.0297391969525	-0.0534515293831	-0.0527298823267	0.0081590780502	-0.04647499707	0.0133128640152	-0.0684550661207	-0.0397501406073	-0.0761267166125	0.0205824633788	-0.0861893028258	0.00285795803046	0.0429452893733	-0.0196453308403	-0.00117493669954	0.00888150023501	-0.00787090150146	0.0158322654373	-0.0749561853246	-0.00767378849082	-0.0410407805483	0.0387461795642	0.0139795467123	-0.0173626625887	-0.0558640014853	-0.0334927844477	0.0402841393819	-0.0927540759584
k__Bacteria;p__Actinobacteria;c__Actinobacteria;o__Bifidobacteriales;f__Bifidobacteriaceae;g__Bifidobacterium;s__Bifidobacterium_longum	0.0422362956223	0.00926881605995	0.00974755713345	-0.0265265252601	-0.0101606188315	-0.00183199851512	-0.00933505025126	-0.0222949706185	-0.0219467686333	0.0554492310309	-0.0335576332386	-0.00195584930497	-0.0240760512354	0.0193380637131	-0.0431459804989	0.063654825915	0.0283248259735	0.0403855670822	-0.0551077153826	0.0410683134975	0.0350556186796	0.0525331837705	-0.0577144839976	-0.0289316555706	-0.0225519119861	-0.0378232619917	0.00875259736288	-0.011529214868	0.0582307883059	1.0	0.00708177728424	-0.0573631432477	-0.083413823683	-0.0564970699305	-0.0323266252539	0.0102994121262	-0.0110018932199	-0.0315931324658	0.0365363404444	-0.0275722065278	0.00840425106512	-0.0350774889185	-0.0398687933431	-0.00427577319771	-0.0206968853416	-0.0198058747285	-0.0514736313097	-0.0232659105903	0.00464484530958	0.0321064549742	0.0118082956643	0.0756375789231	0.0192913488219	-0.022514538758	0.0674268417304	0.0300159644029	-0.0952269901627	-0.0254967824965	0.000573040081573
