#taxonomy	k__Bacteria;p__Bacteroidetes;c__Bacteroidia;o__Bacteroidales;f__Bacteroidaceae;g__Bacteroides;s__Bacteroides_vulgatus	k__Bacteria;p__Bacteroidetes;c__Bacteroidia;o__Bacteroidales;f__Bacteroidaceae;g__Bacteroides;s__Bacteroides_uniformis	k__Bacteria;p__Bacteroidetes;c__Bacteroidia;o__Bacteroidales;f__Rikenellaceae;g__Alistipes;s__Alistipes_putredinis	k__Bacteria;p__Bacteroidetes;c__Bacteroidia;o__Bacteroidales;f__Prevotellaceae;g__Prevotella;s__Prevotella_copri	k__Bacteria;p__Bacteroidetes;c__Bacteroidia;o__Bacteroidales;f__Bacteroidaceae;g__Bacteroides;s__Bacteroides_stercoris	k__Bacteria;p__Bacteroidetes;c__Bacteroidia;o__Bacteroidales;f__Bacteroidaceae;g__Bacteroides;s__Bacteroides_ovatus	k__Bacteria;p__Bacteroidetes;c__Bacteroidia;o__Bacteroidales;f__Rikenellaceae;g__Alistipes;s__Alistipes_shahii	k__Bacteria;p__Firmicutes;c__Clostridia;o__Clostridiales;f__Ruminococcaceae;g__Faecalibacterium;s__Faecalibacterium_prausnitzii	k__Bacteria;p__Bacteroidetes;c__Bacteroidia;o__Bacteroidales;f__Rikenellaceae;g__Alistipes;s__Alistipes_finegoldii	k__Bacteria;p__Bacteroidetes;c__Bacteroidia;o__Bacteroidales;f__Porphyromonadaceae;g__Parabacteroides;s__Parabacteroides_distasonis	k__Bacteria;p__Bacteroidetes;c__Bacteroidia;o__Bacteroidales;f__Bacteroidaceae;g__Bacteroides;s__Bacteroides_thetaiotaomicron	k__Bacteria;p__Bacteroidetes;c__Bacteroidia;o__Bacteroidales;f__Bacteroidaceae;g__Bacteroides;s__Bacteroides_coprocola	k__Bacteria;p__Bacteroidetes;c__Bacteroidia;o__Bacteroidales;f__Bacteroidaceae;g__Bacteroides;s__Bacteroides_cellulosilyticus	k__Bacteria;p__Bacteroidetes;c__Bacteroidia;o__Bacteroidales;f__Rikenellaceae;g__Alistipes;s__Alistipes_obesi	k__Bacteria;p__Firmicutes;c__Clostridia;o__Clostridiales;f__Lachnospiraceae;g__;s__[Eubacterium]_rectale	k__Bacteria;p__Bacteroidetes;c__Bacteroidia;o__Bacteroidales;f__Bacteroidaceae;g__Bacteroides;s__Bacteroides_plebeius	k__Bacteria;p__Bacteroidetes;c__Bacteroidia;o__Bacteroidales;f__Bacteroidaceae;g__Bacteroides;s__Bacteroides_fragilis	k__Bacteria;p__Proteobacteria;c__Betaproteobacteria;o__Burkholderiales;f__Sutterellaceae;g__Sutterella;s__Sutterella_wadsworthensis	k__Bacteria;p__Bacteroidetes;c__Bacteroidia;o__Bacteroidales;f__Porphyromonadaceae;g__Barnesiella;s__Barnesiella_intestinihominis	k__Bacteria;p__Bacteroidetes;c__Bacteroidia;o__Bacteroidales;f__Odoribacteraceae;g__Odoribacter;s__Odoribacter_splanchnicus	k__Bacteria;p__Bacteroidetes;c__Bacteroidia;o__Bacteroidales;f__Bacteroidaceae;g__Bacteroides;s__Bacteroides_salyersiae	k__Bacteria;p__Firmicutes;c__Clostridia;o__Clostridiales;f__Ruminococcaceae;g__Ruminiclostridium;s__[Eubacterium]_siraeum	k__Bacteria;p__Proteobacteria;c__Betaproteobacteria;o__Burkholderiales;f__Sutterellaceae;g__Parasutterella;s__Parasutterella_excrementihominis	k__Bacteria;p__Actinobacteria;c__Actinobacteria;o__Bifidobacteriales;f__Bifidobacteriaceae;g__Bifidobacterium;s__Bifidobacterium_adolescentis	k__Bacteria;p__Firmicutes;c__Clostridia;o__Clostridiales;f__Oscillospiraceae;g__Oscillibacter;s__Oscillibacter_sp._KLE_1745	k__Bacteria;p__Bacteroidetes;c__Bacteroidia;o__Bacteroidales;f__Bacteroidaceae;g__Bacteroides;s__Bacteroides_coprophilus	k__Bacteria;p__Firmicutes;c__Clostridia;o__Clostridiales;f__Lachnospiraceae;g__Roseburia;s__Roseburia_intestinalis	k__Bacteria;p__Firmicutes;c__Clostridia;o__Clostridiales;f__Lachnospiraceae;g__Roseburia;s__Roseburia_hominis	k__Bacteria;p__Bacteroidetes;c__Bacteroidia;o__Bacteroidales;f__Porphyromonadaceae;g__Parabacteroides;s__Parabacteroides_johnsonii	k__Bacteria;p__Actinobacteria;c__Actinobacteria;o__Bifidobacteriales;f__Bifidobacteriaceae;g__Bifidobacterium;s__Bifidobacterium_longum	k__Bacteria;p__Firmicutes;c__Clostridia;o__Clostridiales;f__;g__Flavonifractor;s__Flavonifractor_plautii	k__Bacteria;p__Firmicutes;c__Clostridia;o__Clostridiales;f__Clostridiaceae;g__Clostridium;s__Clostridium_phoceensis	k__Bacteria;p__Verrucomicrobia;c__Verrucomicrobiae;o__Verrucomicrobiales;f__Akkermansiaceae;g__Akkermansia;s__Akkermansia_muciniphila	k__Bacteria;p__Bacteroidetes;c__Bacteroidia;o__Bacteroidales;f__Prevotellaceae;g__Paraprevotella;s__Paraprevotella_xylaniphila	k__Bacteria;p__Firmicutes;c__Clostridia;o__Clostridiales;f__Ruminococcaceae;g__Ruminococcus;s__Ruminococcus_callidus	k__Bacteria;p__Bacteroidetes;c__Bacteroidia;o__Bacteroidales;f__Rikenellaceae;g__Alistipes;s__Alistipes_senegalensis	k__Bacteria;p__Firmicutes;c__Clostridia;o__Clostridiales;f__Lachnospiraceae;g__Blautia;s__Blautia_sp._KLE_1732	k__Bacteria;p__Bacteroidetes;c__Bacteroidia;o__Bacteroidales;f__Bacteroidaceae;g__Bacteroides;s__Bacteroides_oleiciplenus	k__Bacteria;p__Firmicutes;c__Clostridia;o__Clostridiales;f__Ruminococcaceae;g__Ruminococcus;s__Ruminococcus_bicirculans	k__Bacteria;p__Bacteroidetes;c__Bacteroidia;o__Bacteroidales;f__Bacteroidaceae;g__Bacteroides;s__Bacteroides_fluxus	k__Bacteria;p__Bacteroidetes;c__Bacteroidia;o__Bacteroidales;f__Prevotellaceae;g__Prevotella;s__Prevotella_stercorea	k__Bacteria;p__Firmicutes;c__Clostridia;o__Clostridiales;f__Lachnospiraceae;g__Dorea;s__Dorea_longicatena	k__Bacteria;p__Firmicutes;c__Clostridia;o__Clostridiales;f__Eubacteriaceae;g__Eubacterium;s__[Eubacterium]_eligens	k__Bacteria;p__Firmicutes;c__Clostridia;o__Clostridiales;f__Ruminococcaceae;g__;s__Ruminococcaceae_bacterium_D16	k__Bacteria;p__Firmicutes;c__Clostridia;o__Clostridiales;f__Lachnospiraceae;g__Coprococcus;s__Coprococcus_comes	k__Bacteria;p__Proteobacteria;c__Gammaproteobacteria;o__Enterobacterales;f__Enterobacteriaceae;g__Escherichia;s__Escherichia_coli	k__Bacteria;p__Firmicutes;c__Clostridia;o__Clostridiales;f__Ruminococcaceae;g__Anaerotruncus;s__Anaerotruncus_colihominis	k__Bacteria;p__Firmicutes;c__Clostridia;o__Clostridiales;f__Lachnospiraceae;g__Blautia;s__Blautia_obeum	k__Bacteria;p__Bacteroidetes;c__Bacteroidia;o__Bacteroidales;f__Odoribacteraceae;g__Odoribacter;s__Odoribacter_laneus	k__Bacteria;p__Firmicutes;c__Clostridia;o__Clostridiales;f__Ruminococcaceae;g__Ruminiclostridium;s__[Clostridium]_leptum	k__Bacteria;p__Bacteroidetes;c__Bacteroidia;o__Bacteroidales;f__Porphyromonadaceae;g__Parabacteroides;s__Parabacteroides_goldsteinii	k__Bacteria;p__Firmicutes;c__Clostridia;o__Clostridiales;f__Lachnospiraceae;g__Anaerostipes;s__Anaerostipes_hadrus	k__Bacteria;p__Firmicutes;c__Clostridia;o__Clostridiales;f__Ruminococcaceae;g__Ruminococcus;s__Ruminococcus_lactaris	k__Bacteria;p__Firmicutes;c__Clostridia;o__Clostridiales;f__Clostridiaceae;g__Clostridium;s__Clostridium_sp._L2-50	k__Bacteria;p__Firmicutes;c__Clostridia;o__Clostridiales;f__Clostridiaceae;g__Clostridium;s__Clostridium_sp._M62/1	k__Bacteria;p__Firmicutes;c__Clostridia;o__Clostridiales;f__;g__Intestinimonas;s__Intestinimonas_butyriciproducens	k__Bacteria;p__Actinobacteria;c__Actinobacteria;o__Bifidobacteriales;f__Bifidobacteriaceae;g__Bifidobacterium;s__Bifidobacterium_bifidum	k__Bacteria;p__Firmicutes;c__Negativicutes;o__Veillonellales;f__Veillonellaceae;g__Dialister;s__Dialister_invisus	k__Bacteria;p__Bacteroidetes;c__Bacteroidia;o__Bacteroidales;f__Bacteroidaceae;g__Bacteroides;s__Bacteroides_salanitronis
k__Bacteria;p__Bacteroidetes;c__Bacteroidia;o__Bacteroidales;f__Bacteroidaceae;g__Bacteroides;s__Bacteroides_vulgatus	1.0	0.00639893228526	0.0242520652081	-0.0144674125086	-0.00269907859358	-0.00442009229435	-0.0440138158663	0.03195917697	-0.0666408548697	0.00461003593471	0.035092859035	-0.068164505966	-0.0530677070442	-0.0153852020991	-0.0548369005532	-0.0165915398347	-0.0128054914137	-0.0492382790838	-0.00335798587681	0.00608789990829	-0.0288937811974	0.0515781978998	-0.0405157417447	0.0952165372222	-0.00420779264317	-0.0573791121396	-0.0183849095114	0.0315907651508	0.00923523633625	0.0217338604522	0.0210283152201	0.0550559314786	0.036589204657	-0.0920764078525	0.0193671569954	-0.00238952310644	0.00180229416444	-0.0446775952807	-0.0129516774115	-0.0123650176647	-0.0135061684594	-0.037636990746	-0.0390969386045	-0.00495730517823	0.00791718640701	0.0113654138213	-0.0268539339373	-0.0300347974586	0.00688931083982	0.0117097522691	0.00640133370376	0.000827993479958	0.0280512145331	-0.0034432023693	0.0241103245715	0.0133591468	0.0658201208515	0.0356659437092	0.00563891481435
k__Bacteria;p__Bacteroidetes;c__Bacteroidia;o__Bacteroidales;f__Bacteroidaceae;g__Bacteroides;s__Bacteroides_uniformis	0.00639893228526	1.0	-0.0590891999314	-0.0320996854705	-0.0342919783414	0.0219123651299	-0.0217713953039	0.000732608607856	-0.0340050760949	-0.0105983496602	0.0109543494427	-0.0139096678124	0.000936812911023	-0.0433795710389	0.0297305460085	0.022279587101	0.00656200344879	-0.022661722429	-0.0338146897203	-0.0194646414473	0.00513758117423	-0.00612171470735	-0.00486186302725	-0.0257486368003	-0.0198863074826	0.00812984170054	-4.75222095942e-05	0.00665574464968	-0.0332924777688	0.0608311491648	-0.0324350384842	0.0191338390594	-0.020993180238	-0.0505471857589	-0.0575890709466	-0.025810393137	-0.0298220100649	0.0276669196815	-0.00121269958425	-0.0430892363776	-0.0494979278849	-0.0526502049059	-0.0203218955755	-0.0359892003019	-0.0265171028885	-0.0119955366591	0.00703051465388	-0.0489488733992	-0.0104561818326	0.00800937716641	-0.000969565588323	-0.0298592247454	-0.00322929841977	0.0147951170099	0.0421832427634	-0.0453843299623	-0.018958298937	0.0409606373565	-0.0617326880544
k__Bacteria;p__Bacteroidetes;c__Bacteroidia;o__Bacteroidales;f__Rikenellaceae;g__Alistipes;s__Alistipes_putredinis	0.0242520652081	-0.0590891999314	1.0	-0.0245224878646	0.00290905447667	-0.00263372555352	0.0363870093857	-0.00603143480189	0.0258314371471	0.0188323685673	-0.00898031715236	-0.0550709390634	-0.0362844115269	0.0283605860714	-0.0282329672725	-0.00567582093437	-0.0231075866473	0.0259503536378	-0.00947463877425	-0.033806681612	-0.0414605226477	-0.0415822331239	-0.0447509527886	-0.0306900131592	-0.0584429621626	0.00523825368899	-0.034056390859	0.00219905151004	-0.00900320652632	0.0319604604116	0.00282472632764	0.018251542131	0.0044050362007	0.0581423050915	0.0206053513929	-0.0491127562777	0.00710031550432	-0.026286822758	-0.0371132736004	0.0293874679781	-0.0609958072973	-0.0699209566133	0.00572795772353	-3.09529328651e-05	0.0295262667451	-0.0524384687622	0.0225143022728	-0.0269041262838	0.0117779669528	0.0108257783905	-0.0745839873156	0.00892186846295	0.0398620533965	0.0316069832672	-0.0529199789498	0.00915803473034	-0.0221454407206	-0.0608617992758	0.0032096947594
k__Bacteria;p__Bacteroidetes;c__Bacteroidia;o__Bacteroidales;f__Prevotellaceae;g__Prevotella;s__Prevotella_copri	-0.0144674125086	-0.0320996854705	-0.0245224878646	1.0	-0.0411129879467	-0.0163951581048	-0.00237021004876	-0.0379353678476	-0.0146496941428	-0.0259369589038	0.00950634903178	0.00183542385492	-0.0155239316762	0.0195537294518	0.0140884090142	-0.0858380916368	-0.0286602879217	-0.0660568380917	0.0129977249381	-0.00876732282994	-0.0522537021882	-0.0612267595206	0.0129263908614	-0.055351912089	-0.0227727600188	0.0117748891463	-0.0128731892931	-0.106588267353	0.0177929331322	-0.00940076413804	-0.00326621907014	-0.0113557900142	-0.00390753730134	0.0391573455662	-0.0103226082224	-0.0544157816943	-0.0131529512328	0.0270280522762	-0.00715038942519	-0.0355555317359	-0.0640897553809	0.0232860651839	0.0259021240499	0.0424163460418	0.00416497442663	-0.0174004938242	0.00492311458006	0.0149585360677	-0.00867551277446	-0.0405418362312	0.0485906969105	-0.0660036908066	-0.0166562558043	-0.0920720346311	-0.0350841969015	-0.00220105833007	-0.0343360858896	-0.0137208146018	0.0290621447669
k__Bacteria;p__Bacteroidetes;c__Bacteroidia;o__Bacteroidales;f__Bacteroidaceae;g__Bacteroides;s__Bacteroides_stercoris	-0.00269907859358	-0.0342919783414	0.00290905447667	-0.0411129879467	1.0	-0.00448433796755	-0.0046833875906	0.0218432239223	0.0373068662772	0.0390428448195	-0.0131178152399	0.000536511164821	0.0438090206249	0.0359055875464	-0.0396310487058	0.0353318965796	-0.0318234314631	-0.0407531738865	0.0173102802407	0.00165281272816	-0.00228635769727	-0.0267665615648	-0.0674668211827	0.00441692744077	-0.029126038781	0.0613443606316	-0.00992753138467	-0.0150104560946	0.00829980039745	-0.023059286414	0.0106724893403	-0.0433022498808	-0.0316754656985	-0.0205545290869	0.0337659355665	-0.0195636327902	-0.0690079940919	0.0441908525267	-0.0388851217169	-0.00765338814683	-0.036826523552	-0.0442478446013	0.0357715163944	0.0622594307219	-0.0358534315014	0.0358249227219	-0.0139304008567	0.0314667005655	-0.0129853096494	-0.0298600491276	-0.0145364604496	-0.0154808767381	-0.0441071084204	-0.0322134050652	-0.0872267014437	-0.0315837762313	-0.00621832555592	-0.0339872265743	0.00188445988329
k__Bacteria;p__Bacteroidetes;c__Bacteroidia;o__Bacteroidales;f__Bacteroidaceae;g__Bacteroides;s__Bacteroides_ovatus	-0.00442009229435	0.0219123651299	-0.00263372555352	-0.0163951581048	-0.00448433796755	1.0	-0.0252513915254	-0.0023420796735	-0.0663591665453	-0.0442932932208	-0.0817811570176	0.0748787703312	-0.0750066741789	0.00659244449201	0.00502014653854	-0.017137810635	0.0205773294202	0.0450586560871	0.0729562051786	0.0537547717048	-0.0201558525568	-0.0241758041163	-0.00146642282517	-0.043584051285	-0.0376360842736	-0.00456318751069	0.0212573713512	0.0391603540602	0.0261884930338	0.114985399079	-0.0326060821638	-0.0192636358966	-0.00924609845276	-0.036443702398	-0.011200169374	-0.067369048266	-0.00532515138842	-0.0252393967883	-0.0548857678411	-0.032793040351	-0.0387580735183	-0.109015993801	-0.0263781847159	0.0443947666766	0.00112494083641	0.00938428506645	-0.0309319650225	-0.0305168925785	-0.0388618786359	-0.0033594410283	-8.775827702e-05	-0.0480451761527	-0.0383742244001	0.0403897792952	0.0274932249674	0.0119182597214	-0.0109671718584	0.0128188790744	0.0531983825399
k__Bacteria;p__Bacteroidetes;c__Bacteroidia;o__Bacteroidales;f__Rikenellaceae;g__Alistipes;s__Alistipes_shahii	-0.0440138158663	-0.0217713953039	0.0363870093857	-0.00237021004876	-0.0046833875906	-0.0252513915254	1.0	-0.0423296183486	-0.0124212581029	0.0358438895023	-0.00584173005932	-0.0242262057133	0.0203546116312	-0.00377295573876	-0.0466556923419	-0.0616160257418	-0.0257397080589	-0.0442675086134	0.0857218536576	-0.0188367389792	-0.00400435494116	-0.0316821398996	0.0293500400087	-0.00465217241737	-0.0203636556312	-0.0114532699401	-0.058847173757	-0.00950081718016	0.0195157916104	-0.0352713439321	0.0181324549761	-0.00625132599781	0.000704995992427	0.0111166139542	-0.0627832985666	0.0327856682706	-0.00767650237883	0.0707345761629	0.0548903155336	0.0366528424219	0.0215739147614	-0.0207257457647	-0.04057105021	-0.0986793863175	0.0299965822863	0.0162290561076	-0.0135399311623	-0.0262228970905	-0.0277621483583	0.000602954530988	-0.0316993250463	-0.0150269238693	0.0290077185254	-0.089891666525	-0.0186821932949	-0.0445912585434	-0.0189014527548	-0.0251632867655	0.0425796476489
k__Bacteria;p__Firmicutes;c__Clostridia;o__Clostridiales;f__Ruminococcaceae;g__Faecalibacterium;s__Faecalibacterium_prausnitzii	0.03195917697	0.000732608607856	-0.00603143480189	-0.0379353678476	0.0218432239223	-0.0023420796735	-0.0423296183486	1.0	-0.0223273691116	-0.00292612990323	0.00816795113707	-0.0454150523951	0.00400897820937	-0.0336245038325	-0.00234133599419	-0.0112836443047	0.0446908872281	-0.0793801380538	-0.0368193567343	0.0352186871298	-0.0441475418868	0.0397874308272	0.0114589249646	-0.00226072589482	-0.0862280284144	-0.021532662664	-0.0349278253302	0.00581481157473	-0.0504079412345	0.0391813465396	0.0409386225365	0.027174212689	-0.000246894328752	-0.0177811724918	-0.0139294011714	0.0212961347761	-0.0112678185567	0.058282905205	0.0172976357618	0.000858682577787	-0.0501919120026	-0.0459525755674	-0.0314214566639	-0.0707996540639	-0.0117678672123	-0.0264005220039	-0.0410870664985	-0.0307186174581	-0.108290931254	-0.0288437711607	0.0240330947591	-0.00601660745542	-0.00670699244779	-0.0567345411817	-0.0600952405943	-0.0137964995021	0.048306796878	0.0646772331365	-0.0470770374029
k__Bacteria;p__Bacteroidetes;c__Bacteroidia;o__Bacteroidales;f__Rikenellaceae;g__Alistipes;s__Alistipes_finegoldii	-0.0666408548697	-0.0340050760949	0.0258314371471	-0.0146496941428	0.0373068662772	-0.0663591665453	-0.0124212581029	-0.0223273691116	1.0	0.0487274855537	-0.00990380638086	-0.0401828246044	0.0189477192473	-0.0574489896399	-0.00146229455793	0.02794954164	-0.000833853679744	-0.0404487756816	-0.0432114079535	-0.0120435956582	-0.00182405391713	0.0106993755801	0.0044503411657	0.0255576213707	0.0032073419973	0.00335109768513	-0.0362933755541	0.0274481183936	-0.0183959173603	-0.00518757839	-0.0396383185047	0.0101068971733	0.00362324451167	0.027514538052	0.0130554403014	0.00805284890727	-0.0117329777502	-0.0757728512151	0.0302861282442	-0.0559366388492	-0.0219941605554	0.0087035868653	-0.0262298964414	-0.00126694074126	-0.0554277985697	-0.0759825511451	0.0340974787458	0.0137768361781	0.0200363374169	-0.0118268587751	0.0230665789625	-0.0545588088401	0.0574473757839	-0.0757380927879	0.0489403129982	-0.0292848230013	0.0912508286962	-0.0148793040765	0.0408891268473
k__Bacteria;p__Bacteroidetes;c__Bacteroidia;o__Bacteroidales;f__Porphyromonadaceae;g__Parabacteroides;s__Parabacteroides_distasonis	0.00461003593471	-0.0105983496602	0.0188323685673	-0.0259369589038	0.0390428448195	-0.0442932932208	0.0358438895023	-0.00292612990323	0.0487274855537	1.0	0.00160690448589	-0.0167199723551	0.0245129772514	-0.0252888782475	-0.0158457967213	-0.0552504943405	-0.0180919256794	-0.00619981587364	-0.0301539597229	-0.0480152909225	-0.0823982669767	0.0361087945205	0.0559468094299	0.0119321022987	0.0283445163911	-0.0640805298639	0.00831395090424	0.0449491869099	0.0203862635744	-0.0116208006296	0.0121676658623	0.0502919841717	-0.056201708034	-0.011830166209	-0.0112931369239	0.0184159930269	-0.0241281614785	0.0119816919796	-0.0372021097179	-0.0170748732579	-0.100737951553	0.0410110335092	-0.0806545216	0.00674170653354	-0.0127206314984	-0.0131588873505	-0.0406196240941	0.00400263398357	-0.00756977023605	-0.0792788126007	0.00293139060599	-0.0563206393852	0.0346478452768	-0.0006433692435	0.0174588869277	-0.0326615409503	0.0732279154114	-0.00957413976623	-0.0175700619365
k__Bacteria;p__Bacteroidetes;c__Bacteroidia;o__Bacteroidales;f__Bacteroidaceae;g__Bacteroides;s__Bacteroides_thetaiotaomicron	0.035092859035	0.0109543494427	-0.00898031715236	0.00950634903178	-0.0131178152399	-0.0817811570176	-0.00584173005932	0.00816795113707	-0.00990380638086	0.00160690448589	1.0	0.00252188163655	-0.0443834131229	-0.025548638543	-0.00360647330133	-0.0622058445713	-0.0301544885529	0.00940666092353	-0.00309644699294	0.0014884933768	-0.0456635991644	-0.00513285366331	-0.013972687228	-0.0299477969149	0.00901394809826	0.0110840090841	0.0197483275875	0.00774409963608	-0.0124909699904	-0.0550196455253	0.0414190133674	-0.0296416152232	0.0100496338369	-0.033636625253	0.0118732135941	-0.0450223608521	0.0331569480051	-0.0504458470614	0.0135069528793	-0.0167390909013	-0.0599306085642	-0.00739266424765	-0.0702546246082	0.0187542897866	0.00245403015322	0.00195785015489	0.062093102557	-0.0179109043548	-0.0155470726883	-0.0388501311153	0.00703723288276	-0.0225581758513	-0.039689678703	0.0324615892745	-0.0223127356023	-0.034065434113	0.0277430990811	-0.028776420665	-0.0157923832327
k__Bacteria;p__Bacteroidetes;c__Bacteroidia;o__Bacteroidales;f__Bacteroidaceae;g__Bacteroides;s__Bacteroides_coprocola	-0.068164505966	-0.0139096678124	-0.0550709390634	0.00183542385492	0.000536511164821	0.0748787703312	-0.0242262057133	-0.0454150523951	-0.0401828246044	-0.0167199723551	0.00252188163655	1.0	-0.0779770791021	0.00377842945177	0.0161744222933	-0.0299161115003	-0.00846917251563	0.0965940822558	-0.0121814090498	0.0262245382673	-0.0176592556278	0.0242538249562	-0.0546132896678	-0.0368046027303	0.0330858841771	-0.0090927794901	0.0088959550955	-0.0275141499471	0.0269874452596	0.0139226507106	-0.0246429054171	-0.00450742906966	-0.0128034247394	0.0685342549287	0.0051601630992	-0.0159784760531	0.0675190418516	0.0116318418955	-0.00355927575474	0.00165956915496	-0.064930259199	-0.00569555876099	-0.0588563162371	0.0830368432838	-0.00261962315091	-0.068911350777	0.0485720110054	0.0548476009825	0.0136572472873	-0.0373083414949	0.0231855400326	0.0695753012771	-0.0397171691847	0.0178470230308	-0.0210731457481	0.0247884101514	0.0352435965204	0.0383172465459	-0.0483203220084
k__Bacteria;p__Bacteroidetes;c__Bacteroidia;o__Bacteroidales;f__Bacteroidaceae;g__Bacteroides;s__Bacteroides_cellulosilyticus	-0.0530677070442	0.000936812911023	-0.0362844115269	-0.0155239316762	0.0438090206249	-0.0750066741789	0.0203546116312	0.00400897820937	0.0189477192473	0.0245129772514	-0.0443834131229	-0.0779770791021	1.0	0.0658770210939	-0.0299481242474	-0.0176131853024	-0.0136653270636	-0.0037481369994	0.0138900522912	-0.0273984251193	-0.0147644486808	0.0140251444502	0.00712463722323	0.0277137390547	0.0366246890166	-0.0563058841101	-0.0148036607328	0.000347181041063	0.00903140374696	-0.0307223851183	0.0215130662338	-0.0641379175924	0.0515633471902	-0.00567518259424	-0.0294730860095	0.038166967357	0.0032314006177	-0.0552054516885	0.0110419848105	-0.0220088342482	0.025560817769	0.0149257101453	0.040840386805	0.0280148428826	0.0262913805772	-0.0662484767691	0.0279847001302	0.00740221516006	-0.0100138546118	-0.00980685533178	0.00492324449773	-0.0198303522455	0.0115001822902	-0.00867974714897	-0.0824808359052	-0.00995583050433	0.00686615087517	-0.0311894079226	-0.0368699370569
k__Bacteria;p__Bacteroidetes;c__Bacteroidia;o__Bacteroidales;f__Rikenellaceae;g__Alistipes;s__Alistipes_obesi	-0.0153852020991	-0.0433795710389	0.0283605860714	0.0195537294518	0.0359055875464	0.00659244449201	-0.00377295573876	-0.0336245038325	-0.0574489896399	-0.0252888782475	-0.025548638543	0.00377842945177	0.0658770210939	1.0	-0.0289685180061	-0.0310415784142	0.00145016559922	-0.0276194226289	0.0381514451619	-0.0437199772319	0.0157616525544	0.00152725587451	-0.070054183146	-0.00563064265981	-0.0186180517023	-0.00145045146429	0.00421958675603	-0.0499417480735	-0.0232439511046	-0.00686678432575	-0.0392981082149	0.0333073205499	0.000201655150822	-0.0078670562739	0.0122562541899	0.00928875501707	-0.0490601797445	0.0372899814645	-0.0721782017713	0.0139019887663	0.000372920562566	-0.0651332122258	0.0273858016356	0.00581364781387	0.00151716726462	-0.0473602877411	-0.0320128811758	-0.0102345621659	-0.0184170544346	-0.0442076500474	-0.0629441941903	0.0227117449084	-0.0186825261793	-0.0249040916864	0.0463719742102	0.0908233647824	0.0322472390906	0.0333618081107	0.0108294306134
k__Bacteria;p__Firmicutes;c__Clostridia;o__Clostridiales;f__Lachnospiraceae;g__;s__[Eubacterium]_rectale	-0.0548369005532	0.0297305460085	-0.0282329672725	0.0140884090142	-0.0396310487058	0.00502014653854	-0.0466556923419	-0.00234133599419	-0.00146229455793	-0.0158457967213	-0.00360647330133	0.0161744222933	-0.0299481242474	-0.0289685180061	1.0	-0.0289073185863	-0.0502432923986	-0.0108002859783	-0.0296183937505	0.0411222660885	0.0123609314603	-0.0324901068043	0.0352484541053	-0.00377801440286	-0.0288838194446	-0.0387142405181	0.00531641965981	-0.0262234469911	-0.00755276995784	0.0125057620914	0.0837183877842	-0.0474598108961	-0.029648199768	0.0947511472245	-0.00157095698023	0.0155183001074	-0.0463131262242	0.0358394377303	0.00229344557397	0.00955490167024	-0.0576867277578	0.0695391912548	0.0291871994502	0.00353530534739	-0.0420259066079	-0.00555923358463	-0.0662504141725	0.0566089291692	-0.0421842546906	0.0306579506709	-0.0261088888394	0.059758540754	-0.00445775819657	0.0187245885119	0.0366866206764	-0.00955682055039	-0.0622933447165	0.018782579394	-0.0172814174158
k__Bacteria;p__Bacteroidetes;c__Bacteroidia;o__Bacteroidales;f__Bacteroidaceae;g__Bacteroides;s__Bacteroides_plebeius	-0.0165915398347	0.022279587101	-0.00567582093437	-0.0858380916368	0.0353318965796	-0.017137810635	-0.0616160257418	-0.0112836443047	0.02794954164	-0.0552504943405	-0.0622058445713	-0.0299161115003	-0.0176131853024	-0.0310415784142	-0.0289073185863	1.0	-0.0503637011988	0.0401935128131	0.0283426046736	0.00702250378055	0.0424519687689	-0.0243834668818	0.0459969343617	-0.0292378858658	-0.0217651154002	-0.0239020250057	-0.0235322796578	0.0132473898675	-0.113052451432	0.076239354747	0.0185786664308	-0.070169473814	0.0881459359955	-0.0165495298322	0.016834258858	0.0042887890731	-0.0142773563075	-0.0732882858558	-0.00495937580264	-0.0192135340136	0.0050649785557	-0.0303852374552	0.0329739787872	-0.0269865520782	-0.0460219317291	0.0519809574354	-0.0230741040559	-0.00356206500557	-0.0353618982937	0.0163812827128	-0.0155394833874	0.0603411538514	0.0168744212367	0.0214870288514	-0.00893787358831	0.0110715645645	0.0461535871012	-0.00346893868446	-0.0618227599521
k__Bacteria;p__Bacteroidetes;c__Bacteroidia;o__Bacteroidales;f__Bacteroidaceae;g__Bacteroides;s__Bacteroides_fragilis	-0.0128054914137	0.00656200344879	-0.0231075866473	-0.0286602879217	-0.0318234314631	0.0205773294202	-0.0257397080589	0.0446908872281	-0.000833853679744	-0.0180919256794	-0.0301544885529	-0.00846917251563	-0.0136653270636	0.00145016559922	-0.0502432923986	-0.0503637011988	1.0	-0.0768679643968	-0.0349780792305	-0.0173521064981	-0.0266800471472	-0.0252957926558	0.00805836406996	0.0247490568414	-0.0124567150816	0.0436782650526	0.0161820784181	-0.0397892431933	0.0470362193021	0.0343376148289	-0.0651400896968	-0.0181985190748	-0.0224941708799	0.0278548116094	0.0585540675075	0.0725523481922	0.0209813779363	-0.0446328471745	0.0145023016677	-0.0206277463845	-0.0130812016843	-0.00453206505472	0.0051362706689	-0.0615866360409	0.0121213827321	-0.0172019200981	-0.0545631533319	-0.0224632691332	0.00522681292152	0.0908313629529	-0.0357587093022	-0.0177606946762	-0.013492928138	-0.0033691025923	-0.0157409490443	0.0446105254696	-0.0380384196662	-0.0109034431933	0.0466079607454
k__Bacteria;p__Proteobacteria;c__Betaproteobacteria;o__Burkholderiales;f__Sutterellaceae;g__Sutterella;s__Sutterella_wadsworthensis	-0.0492382790838	-0.022661722429	0.0259503536378	-0.0660568380917	-0.0407531738865	0.0450586560871	-0.0442675086134	-0.0793801380538	-0.0404487756816	-0.00619981587364	0.00940666092353	0.0965940822558	-0.0037481369994	-0.0276194226289	-0.0108002859783	0.0401935128131	-0.0768679643968	1.0	0.0253748550277	0.00461134281766	-0.0146153048708	0.0255962443649	-0.00353453053132	-0.00227539491791	0.0823680510381	-0.0646969440247	-0.0131302610542	-0.0243450675477	0.0344846627208	0.0237679592315	-0.0408100894147	-0.0547465691683	-0.0550974555748	-0.00597402708428	-0.00839669471262	-0.0231206715909	0.0506830932657	-0.0611247184118	0.0491569509242	0.00831151628864	-0.0334974318985	0.0519351275269	-0.0328881629845	0.0135426430219	0.0146802034645	0.0155110573235	-0.0647124796583	0.00138162268054	0.0752861983757	-0.0365126442599	-0.00874394462364	0.00602516606068	0.0305147606115	-0.0250417920273	-0.0111679667081	-0.00384496935213	-0.0316358612486	0.0183148914954	0.0115704212581
k__Bacteria;p__Bacteroidetes;c__Bacteroidia;o__Bacteroidales;f__Porphyromonadaceae;g__Barnesiella;s__Barnesiella_intestinihominis	-0.00335798587681	-0.0338146897203	-0.00947463877425	0.0129977249381	0.0173102802407	0.0729562051786	0.0857218536576	-0.0368193567343	-0.0432114079535	-0.0301539597229	-0.00309644699294	-0.0121814090498	0.0138900522912	0.0381514451619	-0.0296183937505	0.0283426046736	-0.0349780792305	0.0253748550277	1.0	-0.0461107544535	-0.00605220926893	-0.000716471775225	0.0320232686192	0.006323598344	-0.0160419919508	-0.00864696559257	0.00288187042884	-0.0140652224862	0.00406484106882	-0.0414237837181	-0.0466850989658	-0.0462828017705	0.0425143577607	-0.062740196196	-0.0027113284202	0.00305058730199	-0.041704189822	0.0281572439934	-0.0286532407216	-0.0595314450427	0.00696503532048	-0.0682763072623	-0.0136350188857	0.054023007765	0.0639543852585	-0.0437382847129	-0.0214202541677	-0.0242392288359	0.0299064452929	-0.00339591576613	-0.00603817030122	0.0319090909194	0.0128833234952	-0.0138280348274	-0.0275052598235	-0.0115249270967	-0.0258081985263	0.00188337023246	-0.0713827851479
k__Bacteria;p__Bacteroidetes;c__Bacteroidia;o__Bacteroidales;f__Odoribacteraceae;g__Odoribacter;s__Odoribacter_splanchnicus	0.00608789990829	-0.0194646414473	-0.033806681612	-0.00876732282994	0.00165281272816	0.0537547717048	-0.0188367389792	0.0352186871298	-0.0120435956582	-0.0480152909225	0.0014884933768	0.0262245382673	-0.0273984251193	-0.0437199772319	0.0411222660885	0.00702250378055	-0.0173521064981	0.00461134281766	-0.0461107544535	1.0	-0.0464725845198	-0.0995931458362	-0.0625987752493	-0.0394834171919	-0.0464058867209	-0.0111915383448	-0.050657340551	0.0390188459702	0.025876455824	0.038207773303	0.0120559766346	0.0134220779987	-0.0416622675153	-0.0330517151027	0.0574657617964	0.016222087209	0.0669853937079	0.0403721444389	0.010462521806	-0.0754102346557	0.00649825273198	0.0251520882114	-0.00109554133688	-0.0137023731709	0.019668824675	0.00797571296448	-0.0361639849292	-0.00725291768599	-0.0454575920931	-0.0283451853664	0.0291869412836	-0.0488628476286	-0.00408295168154	-0.0392698653101	-0.0412542130724	-0.0164396482141	-0.0298098908237	0.0208293589364	-0.0422622210735
k__Bacteria;p__Bacteroidetes;c__Bacteroidia;o__Bacteroidales;f__Bacteroidaceae;g__Bacteroides;s__Bacteroides_salyersiae	-0.0288937811974	0.00513758117423	-0.0414605226477	-0.0522537021882	-0.00228635769727	-0.0201558525568	-0.00400435494116	-0.0441475418868	-0.00182405391713	-0.0823982669767	-0.0456635991644	-0.0176592556278	-0.0147644486808	0.0157616525544	0.0123609314603	0.0424519687689	-0.0266800471472	-0.0146153048708	-0.00605220926893	-0.0464725845198	1.0	0.050250982055	0.0187654728002	-0.0195855631708	0.0117047363042	0.0357052113285	0.0287717723385	-0.0092572398597	-0.0528139488849	-0.0344206683242	-0.0181541571867	-0.00307802122229	0.0108446512281	0.0110071456476	-0.0406395777459	0.0223279067227	-0.031046089882	0.0398638325132	0.0500756020083	0.0456922228322	0.0269790111616	0.0281179542307	0.0155353129084	0.00695109354002	0.0178662171415	-0.0094243424857	-0.00987692299948	-0.0304647679183	0.00926961375734	0.00273961405227	-0.0438276368297	0.00041569018129	-0.0142140005387	0.00625581962142	0.0196095785234	-0.0107766017719	0.0789019498634	-0.0687214988072	-0.0339582422256
k__Bacteria;p__Firmicutes;c__Clostridia;o__Clostridiales;f__Ruminococcaceae;g__Ruminiclostridium;s__[Eubacterium]_siraeum	0.0515781978998	-0.00612171470735	-0.0415822331239	-0.0612267595206	-0.0267665615648	-0.0241758041163	-0.0316821398996	0.0397874308272	0.0106993755801	0.0361087945205	-0.00513285366331	0.0242538249562	0.0140251444502	0.00152725587451	-0.0324901068043	-0.0243834668818	-0.0252957926558	0.0255962443649	-0.000716471775225	-0.0995931458362	0.050250982055	1.0	-0.0134172412688	-0.0299970782148	0.0159172526584	0.0021509275129	-0.0123123361819	-0.126389452609	0.00892837158809	0.0147413017508	0.0392284708707	-0.0339645406743	0.00668892861291	0.0176216067043	-0.0553979334504	0.087517423816	-0.0321176326042	5.87355527179e-05	0.020433453123	-0.0142003158109	0.00193479092355	-0.0317859401536	0.00431863548189	-0.023403229273	-0.0792391967086	-0.0735712017352	0.0698788900799	-0.0244663166941	-0.0523645188488	-0.0183324445813	0.000515514936354	0.052985477396	-0.0196320071222	-0.0426793517482	-0.0471151302259	-0.0642456337172	-0.0547899958014	0.016111666615	0.0103594015033
k__Bacteria;p__Proteobacteria;c__Betaproteobacteria;o__Burkholderiales;f__Sutterellaceae;g__Parasutterella;s__Parasutterella_excrementihominis	-0.0405157417447	-0.00486186302725	-0.0447509527886	0.0129263908614	-0.0674668211827	-0.00146642282517	0.0293500400087	0.0114589249646	0.0044503411657	0.0559468094299	-0.013972687228	-0.0546132896678	0.00712463722323	-0.070054183146	0.0352484541053	0.0459969343617	0.00805836406996	-0.00353453053132	0.0320232686192	-0.0625987752493	0.0187654728002	-0.0134172412688	1.0	0.0394256965385	-0.00271233238723	-0.0232898851636	0.0339637255009	0.0156578580415	-0.0706301192681	0.0313371643837	-0.0343213367106	-0.0303778197831	-0.0144248219158	0.0317590892062	-0.0403698349745	0.0186383452039	0.0117268028131	-0.029113626397	0.108513416009	-0.0568927686671	0.0282220935858	0.0147909645277	-0.0558223999088	-0.0545013720701	0.00162810229127	-0.0163071535066	-0.00953775685455	0.00171381696738	-0.0121762623008	-0.0304424961035	-0.0347317335907	-0.0605129873034	0.00810063983456	-0.00203953718203	0.0132088709462	-0.0253788141169	0.0678366976126	-0.0702584778983	-0.0650436695505
k__Bacteria;p__Actinobacteria;c__Actinobacteria;o__Bifidobacteriales;f__Bifidobacteriaceae;g__Bifidobacterium;s__Bifidobacterium_adolescentis	0.0952165372222	-0.0257486368003	-0.0306900131592	-0.055351912089	0.00441692744077	-0.043584051285	-0.00465217241737	-0.00226072589482	0.0255576213707	0.0119321022987	-0.0299477969149	-0.0368046027303	0.0277137390547	-0.00563064265981	-0.00377801440286	-0.0292378858658	0.0247490568414	-0.00227539491791	0.006323598344	-0.0394834171919	-0.0195855631708	-0.0299970782148	0.0394256965385	1.0	-0.0295870920939	-0.0169413917931	0.0112260836241	0.0667973472146	0.00730526815581	0.0228357091383	-0.0535792986815	-0.0716489743214	0.00342825724218	-0.0145029015013	0.0401349090957	-0.030090724325	-0.0359999675241	-0.0019754493731	-0.0157652146697	-0.0624167964237	-0.0224021677343	0.00570686264856	0.0203568516289	-0.071706198646	-0.0203843637671	-0.00750850475186	-0.0194371735225	0.00843949795453	0.00596006990047	-0.0471011571659	-0.00170758711892	-0.0149512241511	-0.013622418698	0.0515434722689	0.0376145596191	-0.0544414397054	0.0119664102687	0.00168255291641	-0.0622734885059
k__Bacteria;p__Firmicutes;c__Clostridia;o__Clostridiales;f__Oscillospiraceae;g__Oscillibacter;s__Oscillibacter_sp._KLE_1745	-0.00420779264317	-0.0198863074826	-0.0584429621626	-0.0227727600188	-0.029126038781	-0.0376360842736	-0.0203636556312	-0.0862280284144	0.0032073419973	0.0283445163911	0.00901394809826	0.0330858841771	0.0366246890166	-0.0186180517023	-0.0288838194446	-0.0217651154002	-0.0124567150816	0.0823680510381	-0.0160419919508	-0.0464058867209	0.0117047363042	0.0159172526584	-0.00271233238723	-0.0295870920939	1.0	0.0154354956579	0.0028021262881	-0.0106953370941	-0.0380391908148	0.000177312161322	-0.0245345084635	-0.00387380947661	0.0316880514013	0.0162814477615	-0.00960506830648	0.0581309244367	-0.0021776754889	-0.0424616623096	0.0171921885626	0.0307861785952	0.00761583997329	-0.0310438017233	-0.0327394136875	-0.0780792874662	0.00447988483076	0.00847066024842	-0.0573451746302	0.0110808438352	-0.0185480351107	0.0350628517415	-0.0102125606276	0.00499574333079	-0.0193787676906	-0.00738979038248	0.0460147704557	-0.0323383351879	0.0416657797338	-0.0680400701858	0.0560634969225
k__Bacteria;p__Bacteroidetes;c__Bacteroidia;o__Bacteroidales;f__Bacteroidaceae;g__Bacteroides;s__Bacteroides_coprophilus	-0.0573791121396	0.00812984170054	0.00523825368899	0.0117748891463	0.0613443606316	-0.00456318751069	-0.0114532699401	-0.021532662664	0.00335109768513	-0.0640805298639	0.0110840090841	-0.0090927794901	-0.0563058841101	-0.00145045146429	-0.0387142405181	-0.0239020250057	0.0436782650526	-0.0646969440247	-0.00864696559257	-0.0111915383448	0.0357052113285	0.0021509275129	-0.0232898851636	-0.0169413917931	0.0154354956579	1.0	-0.0174390079951	0.0263896343996	0.025345308313	-0.0786594263032	-0.0366072361022	-0.0619002779563	-0.00446146148413	-0.0414799203681	0.0283240440667	-0.0115642007015	0.0585630670515	-0.0513447211258	0.0665142697393	-0.0270866671333	0.0326018229058	-0.00554333150621	-0.0192465640532	0.0517507945058	0.000266062770437	0.0010943714955	0.0356866990397	-0.0637223515735	-0.00598124578813	-0.0185298541724	0.0131491355974	-0.055649048321	-0.0111387882097	0.0272392273438	0.0305059029137	0.0273420805609	0.00140296583008	0.0268377684842	-0.0420254028224
k__Bacteria;p__Firmicutes;c__Clostridia;o__Clostridiales;f__Lachnospiraceae;g__Roseburia;s__Roseburia_intestinalis	-0.0183849095114	-4.75222095942e-05	-0.034056390859	-0.0128731892931	-0.00992753138467	0.0212573713512	-0.058847173757	-0.0349278253302	-0.0362933755541	0.00831395090424	0.0197483275875	0.0088959550955	-0.0148036607328	0.00421958675603	0.00531641965981	-0.0235322796578	0.0161820784181	-0.0131302610542	0.00288187042884	-0.050657340551	0.0287717723385	-0.0123123361819	0.0339637255009	0.0112260836241	0.0028021262881	-0.0174390079951	1.0	0.0796644017075	-0.0213025163195	-0.0410231466151	0.0080110679557	-0.0434085720962	0.0483777148645	-0.00524374510184	0.0442688749153	-0.0237673479099	-0.0224310485168	-0.0287229692872	0.0270679990868	0.0103783250731	-0.00637985663235	-0.0200235204889	-0.0121685948252	-0.0194314734584	-0.0356734457406	0.00508808980047	0.0110298070019	-0.00960945937598	0.0475522209983	-0.057661079884	-0.036348060757	0.0528166886103	-0.00219077141642	-0.0326433308863	-0.0175860126652	-0.0364256572371	-0.0234078387404	0.0360430424217	-0.0321769424278
k__Bacteria;p__Firmicutes;c__Clostridia;o__Clostridiales;f__Lachnospiraceae;g__Roseburia;s__Roseburia_hominis	0.0315907651508	0.00665574464968	0.00219905151004	-0.106588267353	-0.0150104560946	0.0391603540602	-0.00950081718016	0.00581481157473	0.0274481183936	0.0449491869099	0.00774409963608	-0.0275141499471	0.000347181041063	-0.0499417480735	-0.0262234469911	0.0132473898675	-0.0397892431933	-0.0243450675477	-0.0140652224862	0.0390188459702	-0.0092572398597	-0.126389452609	0.0156578580415	0.0667973472146	-0.0106953370941	0.0263896343996	0.0796644017075	1.0	-0.0225249294893	-0.0175265551981	-0.0112418691439	-0.0654867887785	0.00875923286321	-0.0338599400318	0.0158577879912	0.0475841978653	0.0126415010335	-0.0259289536118	0.053936600104	0.0167099746835	-0.0414341646374	-0.00376335660112	0.00988809612838	0.0485335306662	-0.00291147543207	0.0215676252972	0.0489835371799	0.0232012430452	-0.0532242047282	-0.0463869150299	0.00637267013172	0.00516196499531	0.0117451720933	0.0381823201851	0.000623414956039	-0.0272990433382	0.00320294618492	0.014399517889	-0.0366945646776
k__Bacteria;p__Bacteroidetes;c__Bacteroidia;o__Bacteroidales;f__Porphyromonadaceae;g__Parabacteroides;s__Parabacteroides_johnsonii	0.00923523633625	-0.0332924777688	-0.00900320652632	0.0177929331322	0.00829980039745	0.0261884930338	0.0195157916104	-0.0504079412345	-0.0183959173603	0.0203862635744	-0.0124909699904	0.0269874452596	0.00903140374696	-0.0232439511046	-0.00755276995784	-0.113052451432	0.0470362193021	0.0344846627208	0.00406484106882	0.025876455824	-0.0528139488849	0.00892837158809	-0.0706301192681	0.00730526815581	-0.0380391908148	0.025345308313	-0.0213025163195	-0.0225249294893	1.0	-0.0467370849453	-0.0215189724587	-0.00693013886431	-0.00551770870664	0.017738693321	-0.021865369206	-0.0164549245036	0.0110612189755	-0.0613479978471	0.00711340605165	-0.0228931496965	-0.0174609618976	0.0109186347848	-0.0213912083711	0.0865148716312	0.0126185461677	0.0379020654542	0.0164363028487	0.0476902326318	-0.0202264100776	-0.0209618605612	-0.060212677209	-0.0294885341092	-0.0174559137302	0.0369720180014	-0.00269521042837	-0.0330908789774	0.0583993511566	-0.0162810508842	0.0161516521785
k__Bacteria;p__Actinobacteria;c__Actinobacteria;o__Bifidobacteriales;f__Bifidobacteriaceae;g__Bifidobacterium;s__Bifidobacterium_longum	0.0217338604522	0.0608311491648	0.0319604604116	-0.00940076413804	-0.023059286414	0.114985399079	-0.0352713439321	0.0391813465396	-0.00518757839	-0.0116208006296	-0.0550196455253	0.0139226507106	-0.0307223851183	-0.00686678432575	0.0125057620914	0.076239354747	0.0343376148289	0.0237679592315	-0.0414237837181	0.038207773303	-0.0344206683242	0.0147413017508	0.0313371643837	0.0228357091383	0.000177312161322	-0.0786594263032	-0.0410231466151	-0.0175265551981	-0.0467370849453	1.0	-0.0105191569187	-0.0276448041889	-0.0811364480884	0.0296277006043	-0.00998720832991	-0.0226775638083	-0.0405549564239	-0.0206277419782	0.00451040887015	-0.0538162644129	-0.0353499689073	-0.0392407672636	0.00376754900846	-0.124716701063	0.0254940995115	0.0110007856096	0.00795593038	0.0254389751078	0.00669593670407	-0.0597831864698	0.00797698321942	0.0754181369257	-0.0375434930587	-0.0104626843736	0.0162665190627	-0.0160861674611	-0.077599373391	-0.0132696806806	0.0140223527667
