#taxonomy	k__Bacteria;p__Bacteroidetes;c__Bacteroidia;o__Bacteroidales;f__Bacteroidaceae;g__Bacteroides;s__Bacteroides_vulgatus	k__Bacteria;p__Bacteroidetes;c__Bacteroidia;o__Bacteroidales;f__Bacteroidaceae;g__Bacteroides;s__Bacteroides_uniformis	k__Bacteria;p__Bacteroidetes;c__Bacteroidia;o__Bacteroidales;f__Rikenellaceae;g__Alistipes;s__Alistipes_putredinis	k__Bacteria;p__Bacteroidetes;c__Bacteroidia;o__Bacteroidales;f__Prevotellaceae;g__Prevotella;s__Prevotella_copri	k__Bacteria;p__Bacteroidetes;c__Bacteroidia;o__Bacteroidales;f__Bacteroidaceae;g__Bacteroides;s__Bacteroides_stercoris	k__Bacteria;p__Bacteroidetes;c__Bacteroidia;o__Bacteroidales;f__Bacteroidaceae;g__Bacteroides;s__Bacteroides_ovatus	k__Bacteria;p__Bacteroidetes;c__Bacteroidia;o__Bacteroidales;f__Rikenellaceae;g__Alistipes;s__Alistipes_shahii	k__Bacteria;p__Firmicutes;c__Clostridia;o__Clostridiales;f__Ruminococcaceae;g__Faecalibacterium;s__Faecalibacterium_prausnitzii	k__Bacteria;p__Bacteroidetes;c__Bacteroidia;o__Bacteroidales;f__Rikenellaceae;g__Alistipes;s__Alistipes_finegoldii	k__Bacteria;p__Bacteroidetes;c__Bacteroidia;o__Bacteroidales;f__Porphyromonadaceae;g__Parabacteroides;s__Parabacteroides_distasonis	k__Bacteria;p__Bacteroidetes;c__Bacteroidia;o__Bacteroidales;f__Bacteroidaceae;g__Bacteroides;s__Bacteroides_thetaiotaomicron	k__Bacteria;p__Bacteroidetes;c__Bacteroidia;o__Bacteroidales;f__Bacteroidaceae;g__Bacteroides;s__Bacteroides_coprocola	k__Bacteria;p__Bacteroidetes;c__Bacteroidia;o__Bacteroidales;f__Bacteroidaceae;g__Bacteroides;s__Bacteroides_cellulosilyticus	k__Bacteria;p__Bacteroidetes;c__Bacteroidia;o__Bacteroidales;f__Rikenellaceae;g__Alistipes;s__Alistipes_obesi	k__Bacteria;p__Firmicutes;c__Clostridia;o__Clostridiales;f__Lachnospiraceae;g__;s__[Eubacterium]_rectale	k__Bacteria;p__Bacteroidetes;c__Bacteroidia;o__Bacteroidales;f__Bacteroidaceae;g__Bacteroides;s__Bacteroides_plebeius	k__Bacteria;p__Bacteroidetes;c__Bacteroidia;o__Bacteroidales;f__Bacteroidaceae;g__Bacteroides;s__Bacteroides_fragilis	k__Bacteria;p__Proteobacteria;c__Betaproteobacteria;o__Burkholderiales;f__Sutterellaceae;g__Sutterella;s__Sutterella_wadsworthensis	k__Bacteria;p__Bacteroidetes;c__Bacteroidia;o__Bacteroidales;f__Porphyromonadaceae;g__Barnesiella;s__Barnesiella_intestinihominis	k__Bacteria;p__Bacteroidetes;c__Bacteroidia;o__Bacteroidales;f__Odoribacteraceae;g__Odoribacter;s__Odoribacter_splanchnicus	k__Bacteria;p__Bacteroidetes;c__Bacteroidia;o__Bacteroidales;f__Bacteroidaceae;g__Bacteroides;s__Bacteroides_salyersiae	k__Bacteria;p__Firmicutes;c__Clostridia;o__Clostridiales;f__Ruminococcaceae;g__Ruminiclostridium;s__[Eubacterium]_siraeum	k__Bacteria;p__Proteobacteria;c__Betaproteobacteria;o__Burkholderiales;f__Sutterellaceae;g__Parasutterella;s__Parasutterella_excrementihominis	k__Bacteria;p__Actinobacteria;c__Actinobacteria;o__Bifidobacteriales;f__Bifidobacteriaceae;g__Bifidobacterium;s__Bifidobacterium_adolescentis	k__Bacteria;p__Firmicutes;c__Clostridia;o__Clostridiales;f__Oscillospiraceae;g__Oscillibacter;s__Oscillibacter_sp._KLE_1745	k__Bacteria;p__Bacteroidetes;c__Bacteroidia;o__Bacteroidales;f__Bacteroidaceae;g__Bacteroides;s__Bacteroides_coprophilus	k__Bacteria;p__Firmicutes;c__Clostridia;o__Clostridiales;f__Lachnospiraceae;g__Roseburia;s__Roseburia_intestinalis	k__Bacteria;p__Firmicutes;c__Clostridia;o__Clostridiales;f__Lachnospiraceae;g__Roseburia;s__Roseburia_hominis	k__Bacteria;p__Bacteroidetes;c__Bacteroidia;o__Bacteroidales;f__Porphyromonadaceae;g__Parabacteroides;s__Parabacteroides_johnsonii	k__Bacteria;p__Actinobacteria;c__Actinobacteria;o__Bifidobacteriales;f__Bifidobacteriaceae;g__Bifidobacterium;s__Bifidobacterium_longum	k__Bacteria;p__Firmicutes;c__Clostridia;o__Clostridiales;f__;g__Flavonifractor;s__Flavonifractor_plautii	k__Bacteria;p__Firmicutes;c__Clostridia;o__Clostridiales;f__Clostridiaceae;g__Clostridium;s__Clostridium_phoceensis	k__Bacteria;p__Verrucomicrobia;c__Verrucomicrobiae;o__Verrucomicrobiales;f__Akkermansiaceae;g__Akkermansia;s__Akkermansia_muciniphila	k__Bacteria;p__Bacteroidetes;c__Bacteroidia;o__Bacteroidales;f__Prevotellaceae;g__Paraprevotella;s__Paraprevotella_xylaniphila	k__Bacteria;p__Firmicutes;c__Clostridia;o__Clostridiales;f__Ruminococcaceae;g__Ruminococcus;s__Ruminococcus_callidus	k__Bacteria;p__Bacteroidetes;c__Bacteroidia;o__Bacteroidales;f__Rikenellaceae;g__Alistipes;s__Alistipes_senegalensis	k__Bacteria;p__Firmicutes;c__Clostridia;o__Clostridiales;f__Lachnospiraceae;g__Blautia;s__Blautia_sp._KLE_1732	k__Bacteria;p__Bacteroidetes;c__Bacteroidia;o__Bacteroidales;f__Bacteroidaceae;g__Bacteroides;s__Bacteroides_oleiciplenus	k__Bacteria;p__Firmicutes;c__Clostridia;o__Clostridiales;f__Ruminococcaceae;g__Ruminococcus;s__Ruminococcus_bicirculans	k__Bacteria;p__Bacteroidetes;c__Bacteroidia;o__Bacteroidales;f__Bacteroidaceae;g__Bacteroides;s__Bacteroides_fluxus	k__Bacteria;p__Bacteroidetes;c__Bacteroidia;o__Bacteroidales;f__Prevotellaceae;g__Prevotella;s__Prevotella_stercorea	k__Bacteria;p__Firmicutes;c__Clostridia;o__Clostridiales;f__Lachnospiraceae;g__Dorea;s__Dorea_longicatena	k__Bacteria;p__Firmicutes;c__Clostridia;o__Clostridiales;f__Eubacteriaceae;g__Eubacterium;s__[Eubacterium]_eligens	k__Bacteria;p__Firmicutes;c__Clostridia;o__Clostridiales;f__Ruminococcaceae;g__;s__Ruminococcaceae_bacterium_D16	k__Bacteria;p__Firmicutes;c__Clostridia;o__Clostridiales;f__Lachnospiraceae;g__Coprococcus;s__Coprococcus_comes	k__Bacteria;p__Proteobacteria;c__Gammaproteobacteria;o__Enterobacterales;f__Enterobacteriaceae;g__Escherichia;s__Escherichia_coli	k__Bacteria;p__Firmicutes;c__Clostridia;o__Clostridiales;f__Ruminococcaceae;g__Anaerotruncus;s__Anaerotruncus_colihominis	k__Bacteria;p__Firmicutes;c__Clostridia;o__Clostridiales;f__Lachnospiraceae;g__Blautia;s__Blautia_obeum	k__Bacteria;p__Bacteroidetes;c__Bacteroidia;o__Bacteroidales;f__Odoribacteraceae;g__Odoribacter;s__Odoribacter_laneus	k__Bacteria;p__Firmicutes;c__Clostridia;o__Clostridiales;f__Ruminococcaceae;g__Ruminiclostridium;s__[Clostridium]_leptum	k__Bacteria;p__Bacteroidetes;c__Bacteroidia;o__Bacteroidales;f__Porphyromonadaceae;g__Parabacteroides;s__Parabacteroides_goldsteinii	k__Bacteria;p__Firmicutes;c__Clostridia;o__Clostridiales;f__Lachnospiraceae;g__Anaerostipes;s__Anaerostipes_hadrus	k__Bacteria;p__Firmicutes;c__Clostridia;o__Clostridiales;f__Ruminococcaceae;g__Ruminococcus;s__Ruminococcus_lactaris	k__Bacteria;p__Firmicutes;c__Clostridia;o__Clostridiales;f__Clostridiaceae;g__Clostridium;s__Clostridium_sp._L2-50	k__Bacteria;p__Firmicutes;c__Clostridia;o__Clostridiales;f__Clostridiaceae;g__Clostridium;s__Clostridium_sp._M62/1	k__Bacteria;p__Firmicutes;c__Clostridia;o__Clostridiales;f__;g__Intestinimonas;s__Intestinimonas_butyriciproducens	k__Bacteria;p__Actinobacteria;c__Actinobacteria;o__Bifidobacteriales;f__Bifidobacteriaceae;g__Bifidobacterium;s__Bifidobacterium_bifidum	k__Bacteria;p__Firmicutes;c__Negativicutes;o__Veillonellales;f__Veillonellaceae;g__Dialister;s__Dialister_invisus	k__Bacteria;p__Bacteroidetes;c__Bacteroidia;o__Bacteroidales;f__Bacteroidaceae;g__Bacteroides;s__Bacteroides_salanitronis
k__Bacteria;p__Bacteroidetes;c__Bacteroidia;o__Bacteroidales;f__Bacteroidaceae;g__Bacteroides;s__Bacteroides_vulgatus	1.0	-0.066297240521	0.0212694101957	-0.0811736016214	-0.0298793556172	-0.00512304162674	-0.0153482552711	0.0210859549485	0.0189024416577	-0.0342392001662	0.00621661897485	-0.0605221180197	0.0324837904381	0.0019297721945	-0.0302379649395	-0.0577757416049	0.0202507986408	0.010625514764	-0.0147274096159	0.0369654989993	-0.0102259072045	-0.0296369931284	0.00819958983527	-0.0439287757425	0.0256796889414	0.00208922290635	-0.0699906695844	-0.00907044207922	0.0370963180908	-0.0177103644837	-0.0664297256054	0.00745842648822	-0.0515447563877	-0.0929533156267	0.0592145287204	-0.0247958479483	-0.016520217975	-0.0148955346374	-0.0429928324812	0.0559953102287	0.00313264483114	-0.0119105596595	-0.0280554793352	0.0315042641161	-0.0226327995001	-0.0488200855372	-0.0663505061677	-0.0325310164875	-0.00373383927083	-0.0643661088217	-0.0235602676517	0.00487184753004	0.00286878737816	-0.00764448393585	0.0171142497474	-0.0151216369704	0.0227442252974	0.0026274089691	-0.0363310982763
k__Bacteria;p__Bacteroidetes;c__Bacteroidia;o__Bacteroidales;f__Bacteroidaceae;g__Bacteroides;s__Bacteroides_uniformis	-0.066297240521	1.0	-0.0516600967827	0.0109188047047	-0.00601611551312	0.0392786181247	-0.0646156184109	-0.0530126308336	-0.0155449738336	0.0620927517428	-0.00938442889884	0.000204318414057	-0.0164261673535	-0.0142492482064	0.0147420139762	-0.043340410129	-0.0440607570351	-0.00350557717107	0.0159208187503	0.0227508261803	-0.0433288152676	-0.0265052987388	0.00250674279535	-0.0487507251719	0.025164566049	-0.0582489894225	0.0354104955897	0.00211859251862	0.0412382573695	0.0518290609327	0.00319640666043	-0.0462822804607	-0.00881861325457	-0.0348235452202	6.97757922474e-05	-0.00914285527597	-0.0668352170183	0.0383733662314	-0.0119538692813	-0.0705677926242	0.0463973458298	-0.0160791298321	-0.0192078595686	-0.0117527832454	-0.0262820839001	-0.0306870823346	-0.0022212302367	-0.0362445650208	-0.0080769314596	-0.00679972134236	-0.0111562710682	0.0216924458327	0.0213980651051	0.0596730195713	0.000259912925027	-0.0736794760895	-0.0229226655408	-0.0208168163995	-0.0287268372277
k__Bacteria;p__Bacteroidetes;c__Bacteroidia;o__Bacteroidales;f__Rikenellaceae;g__Alistipes;s__Alistipes_putredinis	0.0212694101957	-0.0516600967827	1.0	-0.0034775889271	0.000520127133351	-0.00533491077957	-0.0788541302901	-0.0293500510407	0.0775277271966	-0.00644841936638	-0.0199627607085	-0.112680391698	0.0103306942544	0.0344673499771	-0.00461770334068	-0.0187566480045	-0.0666334000444	-0.00792595949219	0.050482349743	0.000289853077078	0.020641072212	0.0179000931095	-0.0302556391701	-0.055487622592	-0.0224439220556	0.0207410995461	0.0249715939607	-0.00927243914133	0.024378914925	0.000308323571211	-0.016067410038	0.0538677857852	-0.0555955560987	-0.0110554849642	0.0690489321791	0.066594718341	0.00283889033015	0.00289573386269	-0.0137070775653	-0.0133934768955	0.03479228438	0.0271365295848	-0.0407732394594	-0.0189252257864	0.0173654867643	0.0202102467467	-0.0335845410951	0.00256880736773	0.0107974846162	-0.0427932343812	-0.0938703310335	-0.0286854295121	0.0634115422032	-0.0338424032305	0.010240839837	0.0349756802024	-0.0400066875546	-0.0136585004032	0.0739209829233
k__Bacteria;p__Bacteroidetes;c__Bacteroidia;o__Bacteroidales;f__Prevotellaceae;g__Prevotella;s__Prevotella_copri	-0.0811736016214	0.0109188047047	-0.0034775889271	1.0	-0.000783748089476	0.022406364361	-0.066055525575	0.0433382291402	-0.0113675266283	0.0354779500826	0.0182345845838	-0.00734441285233	0.0151033615751	-0.0115649601985	0.0204741044926	0.0163410043399	-0.0218353195202	-0.000385822917314	-0.0115800407147	-0.0624409611093	0.0250312278994	-0.00930748156878	-0.0498285964987	-0.0306748113114	-0.0239073200742	-0.0357674721564	0.0692696825957	0.010893905514	0.000398271149651	0.032884098381	0.0155037336877	-0.0205416639903	0.0388046758551	-0.0369395261069	0.00608333458717	0.0375340132337	0.018578891996	-0.0137812755215	-0.00878584597335	-0.0283460123145	-0.0149390216039	-0.0167070391067	-0.00374636924202	0.00942756465269	0.019455464485	0.0122340858759	0.0115164063928	-0.0208925344841	-0.0227668337438	-0.0273722090741	0.00389045990435	0.0102579151921	-0.0409344080606	-0.0134600627112	0.0211417934663	-0.0687171235198	0.0401229775062	2.07942770261e-06	-0.0399408246248
k__Bacteria;p__Bacteroidetes;c__Bacteroidia;o__Bacteroidales;f__Bacteroidaceae;g__Bacteroides;s__Bacteroides_stercoris	-0.0298793556172	-0.00601611551312	0.000520127133351	-0.000783748089476	1.0	0.00967510951909	-0.0409323977481	-0.0326327314879	-0.016282026974	-0.0399632234263	-0.0316435030511	-0.00756041045377	0.00158715230823	-0.0589430193715	-0.0589208489813	7.20415934381e-05	0.0190426281987	-0.0432962294434	0.00992271800298	-0.00727746782886	-0.0303268949005	0.098200559743	0.00965968219589	0.00308267715556	-0.0177240516576	-0.00106050652368	-0.0396380955226	-0.0691681056449	-0.00201846611262	-0.0127323604136	-0.0182249222627	0.0239525613915	0.000990281386564	-0.0451044594823	-0.0110973273598	0.0182782425527	-0.0318784020028	-0.0169957791256	0.0379931745142	0.0070058278941	0.00655934883757	0.0331825688982	-0.00357840947152	-0.0307253692152	0.00333909284836	-0.0104453559312	0.0406872898104	-0.00597697665894	0.0671485748071	-0.0262303334783	0.00768804871859	-0.0731740001219	0.00498107722284	-0.0484621053514	-0.0111978949291	-0.0132301580934	-0.0575313667985	-0.0109650139428	-0.0557939166237
k__Bacteria;p__Bacteroidetes;c__Bacteroidia;o__Bacteroidales;f__Bacteroidaceae;g__Bacteroides;s__Bacteroides_ovatus	-0.00512304162674	0.0392786181247	-0.00533491077957	0.022406364361	0.00967510951909	1.0	-0.0330935445599	0.0491014936554	-0.0239392729424	0.023046781271	0.0205291999361	-0.0180799800881	-0.083470451605	-0.0039357250129	-0.000524732864854	0.00850813534906	0.0640491577473	0.0120950241168	-0.00529445773886	0.00572712063611	-0.0158867615193	-0.0347382851128	-0.0269186565624	-0.0200295493863	0.00164428931714	0.0114294122156	-0.0327326303097	0.0321421768947	-0.00485904189738	-0.00353041612437	-0.0132503986322	-0.0386490729045	-0.00166011940565	0.00502943648528	-0.0120027888781	-0.0492132683466	0.030589343833	0.0223501388376	0.0810844135894	-0.0412843883637	0.0238270907582	-0.0514271147764	-0.0178757130578	-0.0174673973281	-0.0381825600491	0.0607758052931	-0.00310305926633	0.0229455941951	-0.064725431332	-0.0147089091793	-0.0431183602627	-0.0555229985458	-0.0458735970906	-0.0109591418298	-0.0194341416182	-0.0845371086736	0.00140355294986	0.0762422149888	-0.00416810357461
k__Bacteria;p__Bacteroidetes;c__Bacteroidia;o__Bacteroidales;f__Rikenellaceae;g__Alistipes;s__Alistipes_shahii	-0.0153482552711	-0.0646156184109	-0.0788541302901	-0.066055525575	-0.0409323977481	-0.0330935445599	1.0	0.000601674483694	0.0588896237575	0.0194122182891	-0.0375372935663	-0.0720338635186	-0.0307710997563	-0.0308369805362	-0.0310188631318	0.0382994742078	0.0272390964538	-0.00495152060247	-0.0325762017715	-0.0244890234377	0.0418847207514	-0.00761631132853	-0.0215966877943	-0.0118237863678	0.0399955180452	-0.0269917298334	-0.0191649285643	-0.0035233974752	-0.0791604239672	0.0167757411863	-0.0201165820267	-0.0413363834224	0.0438766876445	0.00591720863481	0.0605642547066	0.036609702999	-0.0345648596196	-0.0349809615282	0.0128879184656	0.00435821683936	0.015176495304	-0.0758215744219	-0.00221543963217	0.0231562871197	0.0086516926905	-0.0330537770685	0.0230853979564	0.015586721975	-0.0737402985287	0.0957347382592	-0.0120147900769	0.00737465479914	-0.0224195917053	-0.0321580849879	-0.0152919983234	-0.0306216764458	-0.00257364407915	0.0412251143673	-0.028641240464
k__Bacteria;p__Firmicutes;c__Clostridia;o__Clostridiales;f__Ruminococcaceae;g__Faecalibacterium;s__Faecalibacterium_prausnitzii	0.0210859549485	-0.0530126308336	-0.0293500510407	0.0433382291402	-0.0326327314879	0.0491014936554	0.000601674483694	1.0	0.0236150467758	-0.0373059849069	0.00669723500688	-0.0468439795449	0.00783017757477	-0.0534312188045	-0.0172111561898	-0.0178625286228	0.0185794511185	-0.0565867057551	-0.0335359432958	-0.0382692849002	-0.027321173779	-0.000961775178016	0.00274854763022	0.0206317858891	0.0683573440552	-0.00926462167464	-0.0137744576056	0.0309367895376	-0.0436355066796	-0.0228174178422	0.0132199995359	-0.0645596058156	0.0214290641871	-0.055272190378	-0.0208712135151	-0.0238772108069	-0.0546411312618	-0.0178637142585	-0.0219561833149	-0.033243357938	-0.0143147238986	0.0169665630056	0.0175380655015	0.0825665183892	0.0202797574742	-0.0125798537002	0.0283758416589	-0.0196591734706	-0.0734600098062	-0.0176751302528	-0.00594744765288	-0.0473286355887	0.0180845729002	0.0408139863797	-0.0410085506605	-0.0231509571026	-0.00102123021868	0.0669583480665	-0.0286807143781
k__Bacteria;p__Bacteroidetes;c__Bacteroidia;o__Bacteroidales;f__Rikenellaceae;g__Alistipes;s__Alistipes_finegoldii	0.0189024416577	-0.0155449738336	0.0775277271966	-0.0113675266283	-0.016282026974	-0.0239392729424	0.0588896237575	0.0236150467758	1.0	0.00408763841962	-0.0604714094059	-0.0243369960516	-0.00763191153119	-0.0517144563382	-0.0800792211915	-0.0323407642202	0.0259719236739	-0.020722037236	0.0581312289654	-0.0216837143063	0.0388392447516	0.0402178540094	-0.0346861434116	0.00229057927458	0.0276234082804	-0.031673735171	-0.00371838159176	0.0282770775186	0.0331682414973	-0.0648144775113	-0.0113135089313	0.0016960149489	-0.0163441675684	0.0259923834253	-0.0156214133646	0.0334874041175	-0.0267189707443	-0.00227033535438	-0.100455419329	-0.0269031759656	0.0622288177952	-0.000864389750346	0.00284553801797	-0.0231070283081	-0.0801071333231	-0.047328386985	0.0282017497849	-0.00690639463096	-0.0404864986617	0.0187401868776	-0.0044656554291	-0.0116977783501	0.0188076709853	-0.0472610274172	-0.00822463143613	-0.00501355666075	0.0441414816543	-0.0221728931417	0.0842435747524
k__Bacteria;p__Bacteroidetes;c__Bacteroidia;o__Bacteroidales;f__Porphyromonadaceae;g__Parabacteroides;s__Parabacteroides_distasonis	-0.0342392001662	0.0620927517428	-0.00644841936638	0.0354779500826	-0.0399632234263	0.023046781271	0.0194122182891	-0.0373059849069	0.00408763841962	1.0	-0.0322578806921	-0.00424057764765	-0.0914721981146	-0.00241084440159	0.0151696738877	0.00329520652201	-0.077575480321	-0.0216879761463	0.00990431462673	0.116834802077	0.00926830954481	-0.0580263478158	-0.0346342844299	-0.0637715073024	-0.0181516046388	-0.00413625397783	-0.00577035545852	-0.0393068762349	-0.0409398462781	0.00300582666647	-0.0266729706087	0.0173771189027	-0.0458987387701	0.047097981829	-0.077948719225	-0.0421900762049	0.0287539918571	0.029741047548	-0.0272815716531	0.00845607413928	0.063749071666	0.0393268787463	2.53913156156e-06	-0.000448038463438	-0.0139789995786	-0.0146524134833	-0.000971691937965	-0.0378753689042	-0.0603853198739	0.0197261125029	0.0117190822631	0.0232162562493	-0.00418107727723	-0.000523081995983	0.0123333178458	-0.0123435573395	0.0642059127106	0.0077566291664	0.00793608441504
k__Bacteria;p__Bacteroidetes;c__Bacteroidia;o__Bacteroidales;f__Bacteroidaceae;g__Bacteroides;s__Bacteroides_thetaiotaomicron	0.00621661897485	-0.00938442889884	-0.0199627607085	0.0182345845838	-0.0316435030511	0.0205291999361	-0.0375372935663	0.00669723500688	-0.0604714094059	-0.0322578806921	1.0	0.028559473067	0.0600167269904	-0.0260494008337	-0.014755662244	0.0460894803739	0.0284744327952	0.00586125264767	0.00985114594895	-0.0282955880231	-0.0283952779511	0.0114362279367	0.005862651796	-0.0509819383917	-0.0505780656635	0.0208724316672	-0.0281260410386	0.0503206568246	-0.0021051681675	-0.0210507795828	-0.0191934072608	-0.0615087861543	0.0562709980935	-0.0671733610012	0.00475165644705	-0.0692858710721	0.0588807176758	-0.0189632986315	-0.083930792395	0.0434138131662	0.0076148159363	0.0359930034436	0.0015620667424	-0.0439142954408	0.0258634954378	-0.0491105861066	0.00253718551966	-0.0151606696576	-0.0379533199371	0.0442103862182	-0.0338170106201	0.0135303266196	-0.0439671832013	-0.0586666684844	-0.0273247343905	-0.0881769433136	-0.0192352418811	0.00813070162026	-0.0419337746216
k__Bacteria;p__Bacteroidetes;c__Bacteroidia;o__Bacteroidales;f__Bacteroidaceae;g__Bacteroides;s__Bacteroides_coprocola	-0.0605221180197	0.000204318414057	-0.112680391698	-0.00734441285233	-0.00756041045377	-0.0180799800881	-0.0720338635186	-0.0468439795449	-0.0243369960516	-0.00424057764765	0.028559473067	1.0	-0.007300036462	0.0254367210128	-0.0117237127382	-0.0288648006203	-0.0459534906709	0.0340964424168	-0.0631239025201	-0.0373671797066	0.00358313752107	0.0210750444683	-0.0131213031859	-0.019887972155	0.0188152865763	-0.00217154073656	-0.0259090456088	0.032187190683	0.0169945842385	-0.0062641431953	-0.022242354688	-0.0278044913151	-0.0122763491412	-0.020252912054	0.0494635971168	0.00228390957269	0.0592928127842	-0.0365977878695	0.00966346665611	0.00521186216533	0.0272835761371	0.0131598132776	-0.0117327465675	-0.0370662204354	-0.0484197598044	-0.0381381918658	0.0263378999624	0.0486086603528	0.0193238522249	0.0152720283309	0.0480737782123	0.0414545873404	-0.00378879872246	0.0153051610361	0.0158660212357	-0.0421270837783	0.0068773785456	-0.0144868597796	0.063163894013
k__Bacteria;p__Bacteroidetes;c__Bacteroidia;o__Bacteroidales;f__Bacteroidaceae;g__Bacteroides;s__Bacteroides_cellulosilyticus	0.0324837904381	-0.0164261673535	0.0103306942544	0.0151033615751	0.00158715230823	-0.083470451605	-0.0307710997563	0.00783017757477	-0.00763191153119	-0.0914721981146	0.0600167269904	-0.007300036462	1.0	-0.00518240500439	0.0318383455376	-0.0406692407449	-0.0186728144304	0.0273416820737	-0.032513981302	-0.0346747709784	0.00835194631525	-0.0171962783834	0.0630206078529	-0.0305477732442	-0.0121749971179	-0.0569649875845	0.0142736599795	-0.0490276169667	-0.0186472598794	0.0691863512778	-0.0607000833468	0.0534137163636	0.0373639687598	0.0261432004708	-0.0520918874444	-0.00551163106855	-0.0285098053745	-0.00736979438722	-0.0968831575686	-0.0977494176143	0.00739840648013	-0.0333942181345	-0.118833305449	0.0380658484034	-0.0334613552891	0.0259376977624	-0.0185784887629	0.0284371624543	0.0542086675978	-0.035359100021	0.0285028943489	0.0371158864649	-0.0851144307216	-0.00344323470254	-0.00157675872539	0.0543595326602	-0.0204671350147	0.0490468001451	-0.0587290186537
k__Bacteria;p__Bacteroidetes;c__Bacteroidia;o__Bacteroidales;f__Rikenellaceae;g__Alistipes;s__Alistipes_obesi	0.0019297721945	-0.0142492482064	0.0344673499771	-0.0115649601985	-0.0589430193715	-0.0039357250129	-0.0308369805362	-0.0534312188045	-0.0517144563382	-0.00241084440159	-0.0260494008337	0.0254367210128	-0.00518240500439	1.0	0.0351706174662	0.0123156928567	0.0438874791106	-0.0065769074979	-0.0637159991773	-0.018462495758	-0.0519586221448	0.00863075499855	0.026816630351	-0.0944882999299	0.0087179298458	-0.0320444053361	-0.0237730758587	0.0231153559844	-0.0440469988458	-0.0433747007705	-0.028885690341	-0.0491630885495	-0.0231695404419	0.0113555363508	-0.0174683158977	-0.0515831535154	-0.0224724928036	-0.0336304573735	-0.035086557807	-0.013171346073	0.0177007140294	-0.0105180451113	-0.0286685008808	-0.0372315220757	-0.0198675946456	-0.0258350969257	-0.0201477746084	-0.00140041174638	0.0158634905458	0.0358493503194	-0.0107676908724	0.00695780917835	0.068032227497	0.0218557983864	0.0559023128802	0.00146715329425	-0.0364917186955	-0.0295398867901	0.0114473721771
k__Bacteria;p__Firmicutes;c__Clostridia;o__Clostridiales;f__Lachnospiraceae;g__;s__[Eubacterium]_rectale	-0.0302379649395	0.0147420139762	-0.00461770334068	0.0204741044926	-0.0589208489813	-0.000524732864854	-0.0310188631318	-0.0172111561898	-0.0800792211915	0.0151696738877	-0.014755662244	-0.0117237127382	0.0318383455376	0.0351706174662	1.0	-0.00410989365181	0.027787715883	0.00976566347685	-0.0178374709255	0.0174796128044	0.00479620798143	-0.0227939653479	0.0703031732263	0.0383406478855	0.00482191321588	0.0094552948116	0.0135925354735	-0.0204933521713	-0.00243641490807	0.0187826362797	0.0112565158303	-0.0200672216045	-0.0115460842427	0.00615781875712	-0.015902629125	0.0455424038764	-0.0168011888148	0.0157653801402	0.0119789644922	-0.000133051414312	0.0171370243541	0.0600672301106	-0.0558071018296	-0.00295812547433	-0.0121507396044	0.0249064598158	-0.0573691463389	-0.0397444448162	0.0154720247362	-0.0392401629893	0.0292730166401	0.0654637277129	-0.0213453561231	0.0290980861751	-0.0564269875483	-0.0996275148157	-0.0338390996054	-0.016783790497	-0.000512118017677
k__Bacteria;p__Bacteroidetes;c__Bacteroidia;o__Bacteroidales;f__Bacteroidaceae;g__Bacteroides;s__Bacteroides_plebeius	-0.0577757416049	-0.043340410129	-0.0187566480045	0.0163410043399	7.20415934381e-05	0.00850813534906	0.0382994742078	-0.0178625286228	-0.0323407642202	0.00329520652201	0.0460894803739	-0.0288648006203	-0.0406692407449	0.0123156928567	-0.00410989365181	1.0	-0.0412092387253	0.0353074962492	0.0186896777913	-0.0557668770119	-0.0438455829528	-0.00620467128146	-0.000814950980685	0.0145769611049	0.0132034851325	0.036396902599	-0.024458302458	0.0425811110792	-0.0407157549605	-0.0294855050101	-0.0317682627137	0.0113650620575	-0.0276536299492	0.00664712924947	0.0247678745802	-0.0178440601315	-0.0356178188833	-0.0408933330633	-0.0238894679174	-0.0710767051017	-0.00438791824581	-0.00785643857171	0.00628077674356	-0.0847251338855	-0.116245394584	-0.0306086159807	-0.0288024582981	0.0174551552181	-0.0154382900271	0.00641080170361	0.0628531910448	-0.015058464325	-0.0139608507699	0.0211528242019	-0.0175493222201	0.00961422456146	-0.00514000174552	0.017642226799	-0.00181676194738
k__Bacteria;p__Bacteroidetes;c__Bacteroidia;o__Bacteroidales;f__Bacteroidaceae;g__Bacteroides;s__Bacteroides_fragilis	0.0202507986408	-0.0440607570351	-0.0666334000444	-0.0218353195202	0.0190426281987	0.0640491577473	0.0272390964538	0.0185794511185	0.0259719236739	-0.077575480321	0.0284744327952	-0.0459534906709	-0.0186728144304	0.0438874791106	0.027787715883	-0.0412092387253	1.0	0.0309088975383	-0.0106187643711	-0.0191405243608	-0.0741628701137	-0.00386250866898	-0.00642686101313	-0.00703599388669	-0.0665652817283	0.0248371211726	0.0180717422565	-0.0316639180629	-0.0277398099201	0.00790852520083	-0.0701185854514	-0.0243355822167	0.0368268429196	0.052835254682	0.0251758242498	-0.0236901335966	0.0294675526149	0.0203075716738	-0.0225408743817	0.0193430039498	-0.00442913523829	0.047092427956	-0.0457682454413	-0.0468251596939	0.0279067324516	-0.0593832716595	0.0307978345456	-0.0410592867124	-0.0336995253624	-0.0143266378968	-0.0532079700762	-0.038376807524	-0.0261397415109	-0.0514296151701	0.103352375882	-0.0723453049979	-0.0281257124867	0.00257328925382	-0.0422193184356
k__Bacteria;p__Proteobacteria;c__Betaproteobacteria;o__Burkholderiales;f__Sutterellaceae;g__Sutterella;s__Sutterella_wadsworthensis	0.010625514764	-0.00350557717107	-0.00792595949219	-0.000385822917314	-0.0432962294434	0.0120950241168	-0.00495152060247	-0.0565867057551	-0.020722037236	-0.0216879761463	0.00586125264767	0.0340964424168	0.0273416820737	-0.0065769074979	0.00976566347685	0.0353074962492	0.0309088975383	1.0	-0.0845790237713	-0.0180522759169	0.0556779707267	-0.0318741878723	-0.0100595348598	0.00328112529402	-0.023543800992	-0.00665911331718	-0.00849437795067	0.0663202538866	-0.0484355959463	-0.0518206875109	-0.00884460389538	-0.0486817287876	0.0217733704077	0.0350953555657	-0.00161697399045	-0.0685065230816	-0.00101888098511	-0.0899361679391	0.0344270074788	-0.00738027450046	-0.0580725856492	-0.0398925908186	0.0297316910646	-0.00318198682927	0.014207936255	-0.0440505741106	-0.0771188074572	0.0168790678903	0.0315111623534	-0.0454780551846	-0.0345104872413	0.0536559292892	-0.0335557763963	0.0686045706354	0.0543275429741	-0.026341959296	-0.0217681651773	0.00909518257226	-0.000118807166634
k__Bacteria;p__Bacteroidetes;c__Bacteroidia;o__Bacteroidales;f__Porphyromonadaceae;g__Barnesiella;s__Barnesiella_intestinihominis	-0.0147274096159	0.0159208187503	0.050482349743	-0.0115800407147	0.00992271800298	-0.00529445773886	-0.0325762017715	-0.0335359432958	0.0581312289654	0.00990431462673	0.00985114594895	-0.0631239025201	-0.032513981302	-0.0637159991773	-0.0178374709255	0.0186896777913	-0.0106187643711	-0.0845790237713	1.0	-0.0353559952805	-0.0467163391726	-0.055803087735	0.0372643293144	-0.00464137684591	0.0101890545616	0.0201887877059	-0.00222570284846	-0.0680529161031	-0.0455788505966	-0.0507662494806	-0.00083493854082	-0.0369632827738	-0.0347668412486	-0.0530563385899	0.0433877466008	-0.0123655447288	-0.0270182905138	-0.0154129774862	-0.0301639927964	0.00202951531295	0.0164569684321	-0.0261763888819	0.00337456494705	-0.018281752968	-0.0784331986426	0.0228533774126	-0.0261109498612	0.055844887204	0.0540019349699	-0.000136180231448	-0.015215004555	-0.01568643681	-0.0246725463932	-0.0120697090593	0.0138646982321	-0.0789442035185	-0.034130507022	0.0173919864416	0.0348603751745
k__Bacteria;p__Bacteroidetes;c__Bacteroidia;o__Bacteroidales;f__Odoribacteraceae;g__Odoribacter;s__Odoribacter_splanchnicus	0.0369654989993	0.0227508261803	0.000289853077078	-0.0624409611093	-0.00727746782886	0.00572712063611	-0.0244890234377	-0.0382692849002	-0.0216837143063	0.116834802077	-0.0282955880231	-0.0373671797066	-0.0346747709784	-0.018462495758	0.0174796128044	-0.0557668770119	-0.0191405243608	-0.0180522759169	-0.0353559952805	1.0	-0.0251631267771	-0.0517273270699	-0.0128836561077	-0.0308468275364	-0.00425178867629	0.0299969794899	-0.0157925126118	-0.0498962491077	-0.0292264502481	0.053687043938	-0.046122680108	-0.00445824874306	-0.00476829572683	0.0241787823113	0.0422214282224	-0.0200543413548	-0.0431750048914	0.0351595640083	-0.0306450246945	-0.0359763545809	-0.0397335395688	-0.0297877504805	0.0487184138678	0.0389772319765	-0.0327052048414	0.0133132883742	0.0399109759162	-0.00758954698606	0.0120296905453	-0.0516038070643	-0.0771752267253	0.0461214866078	0.00382364767393	-0.0558719848963	0.0103341446143	0.0289837204684	-0.036460479949	-0.0199142852981	0.0239406926812
k__Bacteria;p__Bacteroidetes;c__Bacteroidia;o__Bacteroidales;f__Bacteroidaceae;g__Bacteroides;s__Bacteroides_salyersiae	-0.0102259072045	-0.0433288152676	0.020641072212	0.0250312278994	-0.0303268949005	-0.0158867615193	0.0418847207514	-0.027321173779	0.0388392447516	0.00926830954481	-0.0283952779511	0.00358313752107	0.00835194631525	-0.0519586221448	0.00479620798143	-0.0438455829528	-0.0741628701137	0.0556779707267	-0.0467163391726	-0.0251631267771	1.0	0.0432804038143	-0.0232668484406	-0.0802586687006	0.0622364256527	-0.0874900760853	-0.0679022048425	-0.00799240716191	0.0955253495804	-0.00707741428708	0.0357449466124	0.00882388873075	-0.00804682828661	-0.0297425009746	-0.0231621536305	0.03358937288	-0.0522853931069	0.00640262914869	-0.014438431975	0.010259750862	-0.0185847875451	0.054926721753	-0.00689220931791	-0.0419877489269	0.0204698512502	-0.0368044459185	-0.0263420492477	0.0120855733526	-0.036295225215	-0.0158934529366	0.0361228587233	-0.0235886855929	0.0320139440322	-0.0562519447949	-0.0689264312154	-0.0470522248423	-0.0311885924067	-0.0391568296093	-0.00482061567663
k__Bacteria;p__Firmicutes;c__Clostridia;o__Clostridiales;f__Ruminococcaceae;g__Ruminiclostridium;s__[Eubacterium]_siraeum	-0.0296369931284	-0.0265052987388	0.0179000931095	-0.00930748156878	0.098200559743	-0.0347382851128	-0.00761631132853	-0.000961775178016	0.0402178540094	-0.0580263478158	0.0114362279367	0.0210750444683	-0.0171962783834	0.00863075499855	-0.0227939653479	-0.00620467128146	-0.00386250866898	-0.0318741878723	-0.055803087735	-0.0517273270699	0.0432804038143	1.0	0.0722665081533	-0.0210223668392	0.0254289511559	-0.022752130875	0.0167048589043	-0.0163908644242	0.0623807083281	-0.0436885557753	-0.0179965148941	-0.0326419966618	0.0132993103478	0.00396599958904	0.00477929982032	0.0132910216875	-0.0133195842749	-0.0146037230779	0.000990613345515	0.042691797065	0.00779723932757	0.0819626475943	-0.0431971123708	-0.0128135786175	-0.00676667498419	0.0132036584144	0.0214737747039	-0.00507619164028	0.0328400993621	-0.0237509583235	-0.0597410372428	-0.0842168540941	0.0186286657936	-0.00906025213876	0.00403295054916	-0.050508690853	0.00494113274453	0.0220385222367	-0.0918339424326
k__Bacteria;p__Proteobacteria;c__Betaproteobacteria;o__Burkholderiales;f__Sutterellaceae;g__Parasutterella;s__Parasutterella_excrementihominis	0.00819958983527	0.00250674279535	-0.0302556391701	-0.0498285964987	0.00965968219589	-0.0269186565624	-0.0215966877943	0.00274854763022	-0.0346861434116	-0.0346342844299	0.005862651796	-0.0131213031859	0.0630206078529	0.026816630351	0.0703031732263	-0.000814950980685	-0.00642686101313	-0.0100595348598	0.0372643293144	-0.0128836561077	-0.0232668484406	0.0722665081533	1.0	-0.0448707803803	-0.0525005534994	0.0149767570072	-0.0404555297732	0.0430669962279	-0.016256670097	-0.036418179513	0.00499999980149	-0.0639692598463	-0.0449533974821	0.0201330689459	0.0126591096343	-0.0531385361046	-0.02674827129	0.0240939839756	-0.03059115608	-0.0322310382144	-0.0126744328496	0.0206645450884	-0.0311621252872	-0.0278730245807	-0.0557270667157	-0.0060447198093	-0.0309130461036	0.0465503755417	-0.0924004400905	-0.0144594501896	-0.0448407000346	-0.0473865000587	-0.00143823384934	0.0534039484319	0.0284796640342	-0.00901926870859	0.0484443844531	0.0373881162918	0.0144106960478
k__Bacteria;p__Actinobacteria;c__Actinobacteria;o__Bifidobacteriales;f__Bifidobacteriaceae;g__Bifidobacterium;s__Bifidobacterium_adolescentis	-0.0439287757425	-0.0487507251719	-0.055487622592	-0.0306748113114	0.00308267715556	-0.0200295493863	-0.0118237863678	0.0206317858891	0.00229057927458	-0.0637715073024	-0.0509819383917	-0.019887972155	-0.0305477732442	-0.0944882999299	0.0383406478855	0.0145769611049	-0.00703599388669	0.00328112529402	-0.00464137684591	-0.0308468275364	-0.0802586687006	-0.0210223668392	-0.0448707803803	1.0	-0.00752433571071	0.0137687263155	-0.0226841228624	-0.0655323242512	0.021763118648	-0.024975117596	0.0340847317477	0.0204326983461	0.0110443798665	0.0755766135521	-0.0293632694408	0.018457158907	0.00695579776593	-0.000757509570787	0.0101501449868	0.00838570868684	-0.0467931585143	-0.0365838084489	0.0377414101971	-0.0455301399216	-0.0369139848142	-0.0149469570439	-0.01661260624	0.0303846735791	-0.0212487182031	-0.0731971426048	-0.0168178717988	-0.0291799842642	0.0275612341942	-0.00829289650467	0.026781321212	0.0190348724166	-0.00369927055627	0.0480272400621	-0.0381994557014
k__Bacteria;p__Firmicutes;c__Clostridia;o__Clostridiales;f__Oscillospiraceae;g__Oscillibacter;s__Oscillibacter_sp._KLE_1745	0.0256796889414	0.025164566049	-0.0224439220556	-0.0239073200742	-0.0177240516576	0.00164428931714	0.0399955180452	0.0683573440552	0.0276234082804	-0.0181516046388	-0.0505780656635	0.0188152865763	-0.0121749971179	0.0087179298458	0.00482191321588	0.0132034851325	-0.0665652817283	-0.023543800992	0.0101890545616	-0.00425178867629	0.0622364256527	0.0254289511559	-0.0525005534994	-0.00752433571071	1.0	-0.0323125143774	-0.0534563829788	0.0387727092261	0.036570485554	-0.0306142684373	-0.0417073927035	-0.0472939581731	-0.0462290360835	0.00844914235277	-0.0113750337398	-0.0357139118633	-0.0399671223693	-0.0203718204736	0.0300126408027	-0.00714343960279	-0.0340412059244	-0.0126036245349	-0.00644464472775	-0.00444690558657	0.00711039736137	-0.0509790554971	-0.0520672541281	-0.0801998005372	0.0454788425785	0.0224812361492	0.0150564611474	0.0257474747784	-0.0379845916699	-0.0121239096471	0.00936072813459	-0.0193366046456	-0.081756539427	0.0194489250914	-0.0353535149119
k__Bacteria;p__Bacteroidetes;c__Bacteroidia;o__Bacteroidales;f__Bacteroidaceae;g__Bacteroides;s__Bacteroides_coprophilus	0.00208922290635	-0.0582489894225	0.0207410995461	-0.0357674721564	-0.00106050652368	0.0114294122156	-0.0269917298334	-0.00926462167464	-0.031673735171	-0.00413625397783	0.0208724316672	-0.00217154073656	-0.0569649875845	-0.0320444053361	0.0094552948116	0.036396902599	0.0248371211726	-0.00665911331718	0.0201887877059	0.0299969794899	-0.0874900760853	-0.022752130875	0.0149767570072	0.0137687263155	-0.0323125143774	1.0	-0.0370950233261	0.00707473581473	-0.0237923005095	-0.0439130864599	-0.00790745056593	-0.0149621562596	-0.0137731677032	0.0517557736961	-0.027613318074	-0.057168136833	-0.0180663257144	-0.00984787959462	-0.033056185656	-0.025499515787	-0.01587987651	0.00390157199304	0.00771181101868	0.0212064641235	-0.000755050531908	0.0139978646539	-0.0660842963342	0.0323918083826	-0.0103827287913	0.00715863173158	-0.00233791143017	-0.0600432300067	0.0107384968893	0.047671120428	-0.00779531541922	0.0182411838916	0.0364255138231	-0.00101512295548	0.0253715582879
k__Bacteria;p__Firmicutes;c__Clostridia;o__Clostridiales;f__Lachnospiraceae;g__Roseburia;s__Roseburia_intestinalis	-0.0699906695844	0.0354104955897	0.0249715939607	0.0692696825957	-0.0396380955226	-0.0327326303097	-0.0191649285643	-0.0137744576056	-0.00371838159176	-0.00577035545852	-0.0281260410386	-0.0259090456088	0.0142736599795	-0.0237730758587	0.0135925354735	-0.024458302458	0.0180717422565	-0.00849437795067	-0.00222570284846	-0.0157925126118	-0.0679022048425	0.0167048589043	-0.0404555297732	-0.0226841228624	-0.0534563829788	-0.0370950233261	1.0	-0.0414980600953	-0.0270659915493	0.0448294470656	-0.0721718678698	-0.00657801640565	0.0090768699724	-0.00882317808103	-0.0159993213094	0.00666777359801	-0.0181969601491	0.0187157449195	-0.0329203916678	-0.0403314356022	-0.0229554799872	0.0258066440822	0.0054496317165	-0.0337897421945	0.0137864628508	0.0508802576971	-0.012805299527	-0.0233249944949	-0.0172400839333	-0.00397034266317	0.0115517762869	0.0291567536005	-0.0114538911464	0.0269184610248	0.00178377498191	-0.0286336945876	-0.019440856518	-0.0470310542456	-0.0332229193008
k__Bacteria;p__Firmicutes;c__Clostridia;o__Clostridiales;f__Lachnospiraceae;g__Roseburia;s__Roseburia_hominis	-0.00907044207922	0.00211859251862	-0.00927243914133	0.010893905514	-0.0691681056449	0.0321421768947	-0.0035233974752	0.0309367895376	0.0282770775186	-0.0393068762349	0.0503206568246	0.032187190683	-0.0490276169667	0.0231153559844	-0.0204933521713	0.0425811110792	-0.0316639180629	0.0663202538866	-0.0680529161031	-0.0498962491077	-0.00799240716191	-0.0163908644242	0.0430669962279	-0.0655323242512	0.0387727092261	0.00707473581473	-0.0414980600953	1.0	-0.0256479741053	0.0327736698564	0.00518878936175	-0.0589162251787	-0.0651725465171	0.0450634981715	-0.0015247354844	0.0294791481175	-0.032792455915	-0.0544642250364	-0.0270486804491	-0.0309219740845	-0.0023053799582	-0.00456411308632	0.0120395371831	0.0419532858501	-0.00173923462579	-0.00878653160437	0.0199490207548	-0.00561784067676	0.00457513477331	-0.00833539219888	0.0240947930592	-0.0110544041496	-0.0564166065422	-0.0778555885432	-0.0376128957657	-0.00189281100569	-0.00986581429482	0.0268513012928	0.00760542748088
k__Bacteria;p__Bacteroidetes;c__Bacteroidia;o__Bacteroidales;f__Porphyromonadaceae;g__Parabacteroides;s__Parabacteroides_johnsonii	0.0370963180908	0.0412382573695	0.024378914925	0.000398271149651	-0.00201846611262	-0.00485904189738	-0.0791604239672	-0.0436355066796	0.0331682414974	-0.0409398462781	-0.0021051681675	0.0169945842385	-0.0186472598794	-0.0440469988458	-0.00243641490807	-0.0407157549605	-0.0277398099201	-0.0484355959463	-0.0455788505966	-0.0292264502481	0.0955253495804	0.0623807083281	-0.016256670097	0.021763118648	0.036570485554	-0.0237923005095	-0.0270659915493	-0.0256479741053	1.0	-0.00547052317997	-0.0287194682467	0.0183984804526	-0.0312404105593	-0.059947912455	-0.0235742446524	0.0220515366526	0.036569058113	-0.0118035651405	-0.0567580799359	0.030013716524	0.0572289916002	-0.0193492399766	-0.0303279456805	-0.0123441163053	0.0706650786548	0.0115314559698	0.0289017327128	-0.043269473936	-0.0236216802249	-0.0377178434935	-0.0106132827129	-0.0319338392563	-0.0139346584954	-0.0903540500174	-0.0321876559878	-0.0313774502155	0.00705808369378	0.0187641230443	-0.0123360500868
k__Bacteria;p__Actinobacteria;c__Actinobacteria;o__Bifidobacteriales;f__Bifidobacteriaceae;g__Bifidobacterium;s__Bifidobacterium_longum	-0.0177103644837	0.0518290609327	0.000308323571211	0.032884098381	-0.0127323604136	-0.00353041612437	0.0167757411863	-0.0228174178422	-0.0648144775113	0.00300582666647	-0.0210507795828	-0.0062641431953	0.0691863512778	-0.0433747007705	0.0187826362797	-0.0294855050101	0.00790852520083	-0.0518206875109	-0.0507662494806	0.053687043938	-0.00707741428708	-0.0436885557753	-0.036418179513	-0.024975117596	-0.0306142684373	-0.0439130864599	0.0448294470656	0.0327736698564	-0.00547052317997	1.0	-0.00547923177077	-0.0567883988887	-0.0120288004772	0.00818943112578	0.0398638182859	0.0446340899257	0.0677669007826	0.0175354484879	-0.0142488218516	-0.0207221742799	0.0143751390124	0.0143976659082	0.0319027342674	0.00977884722727	0.0344550649903	-0.00325828298756	-0.0353118532405	-0.00347339038487	0.00922488085782	-0.0201816732672	-0.0069953511669	-0.0117197468058	-0.013584793069	-0.039680045169	0.0588705391004	-0.0466758064898	0.017558784159	-0.00907142677659	-0.0166280421857
