#taxonomy	k__Bacteria;p__Bacteroidetes;c__Bacteroidia;o__Bacteroidales;f__Bacteroidaceae;g__Bacteroides;s__Bacteroides_vulgatus	k__Bacteria;p__Bacteroidetes;c__Bacteroidia;o__Bacteroidales;f__Bacteroidaceae;g__Bacteroides;s__Bacteroides_uniformis	k__Bacteria;p__Bacteroidetes;c__Bacteroidia;o__Bacteroidales;f__Rikenellaceae;g__Alistipes;s__Alistipes_putredinis	k__Bacteria;p__Bacteroidetes;c__Bacteroidia;o__Bacteroidales;f__Prevotellaceae;g__Prevotella;s__Prevotella_copri	k__Bacteria;p__Bacteroidetes;c__Bacteroidia;o__Bacteroidales;f__Bacteroidaceae;g__Bacteroides;s__Bacteroides_stercoris	k__Bacteria;p__Bacteroidetes;c__Bacteroidia;o__Bacteroidales;f__Bacteroidaceae;g__Bacteroides;s__Bacteroides_ovatus	k__Bacteria;p__Bacteroidetes;c__Bacteroidia;o__Bacteroidales;f__Rikenellaceae;g__Alistipes;s__Alistipes_shahii	k__Bacteria;p__Firmicutes;c__Clostridia;o__Clostridiales;f__Ruminococcaceae;g__Faecalibacterium;s__Faecalibacterium_prausnitzii	k__Bacteria;p__Bacteroidetes;c__Bacteroidia;o__Bacteroidales;f__Rikenellaceae;g__Alistipes;s__Alistipes_finegoldii	k__Bacteria;p__Bacteroidetes;c__Bacteroidia;o__Bacteroidales;f__Porphyromonadaceae;g__Parabacteroides;s__Parabacteroides_distasonis	k__Bacteria;p__Bacteroidetes;c__Bacteroidia;o__Bacteroidales;f__Bacteroidaceae;g__Bacteroides;s__Bacteroides_thetaiotaomicron	k__Bacteria;p__Bacteroidetes;c__Bacteroidia;o__Bacteroidales;f__Bacteroidaceae;g__Bacteroides;s__Bacteroides_coprocola	k__Bacteria;p__Bacteroidetes;c__Bacteroidia;o__Bacteroidales;f__Bacteroidaceae;g__Bacteroides;s__Bacteroides_cellulosilyticus	k__Bacteria;p__Bacteroidetes;c__Bacteroidia;o__Bacteroidales;f__Rikenellaceae;g__Alistipes;s__Alistipes_obesi	k__Bacteria;p__Firmicutes;c__Clostridia;o__Clostridiales;f__Lachnospiraceae;g__;s__[Eubacterium]_rectale	k__Bacteria;p__Bacteroidetes;c__Bacteroidia;o__Bacteroidales;f__Bacteroidaceae;g__Bacteroides;s__Bacteroides_plebeius	k__Bacteria;p__Bacteroidetes;c__Bacteroidia;o__Bacteroidales;f__Bacteroidaceae;g__Bacteroides;s__Bacteroides_fragilis	k__Bacteria;p__Proteobacteria;c__Betaproteobacteria;o__Burkholderiales;f__Sutterellaceae;g__Sutterella;s__Sutterella_wadsworthensis	k__Bacteria;p__Bacteroidetes;c__Bacteroidia;o__Bacteroidales;f__Porphyromonadaceae;g__Barnesiella;s__Barnesiella_intestinihominis	k__Bacteria;p__Bacteroidetes;c__Bacteroidia;o__Bacteroidales;f__Odoribacteraceae;g__Odoribacter;s__Odoribacter_splanchnicus	k__Bacteria;p__Bacteroidetes;c__Bacteroidia;o__Bacteroidales;f__Bacteroidaceae;g__Bacteroides;s__Bacteroides_salyersiae	k__Bacteria;p__Firmicutes;c__Clostridia;o__Clostridiales;f__Ruminococcaceae;g__Ruminiclostridium;s__[Eubacterium]_siraeum	k__Bacteria;p__Proteobacteria;c__Betaproteobacteria;o__Burkholderiales;f__Sutterellaceae;g__Parasutterella;s__Parasutterella_excrementihominis	k__Bacteria;p__Actinobacteria;c__Actinobacteria;o__Bifidobacteriales;f__Bifidobacteriaceae;g__Bifidobacterium;s__Bifidobacterium_adolescentis	k__Bacteria;p__Firmicutes;c__Clostridia;o__Clostridiales;f__Oscillospiraceae;g__Oscillibacter;s__Oscillibacter_sp._KLE_1745	k__Bacteria;p__Bacteroidetes;c__Bacteroidia;o__Bacteroidales;f__Bacteroidaceae;g__Bacteroides;s__Bacteroides_coprophilus	k__Bacteria;p__Firmicutes;c__Clostridia;o__Clostridiales;f__Lachnospiraceae;g__Roseburia;s__Roseburia_intestinalis	k__Bacteria;p__Firmicutes;c__Clostridia;o__Clostridiales;f__Lachnospiraceae;g__Roseburia;s__Roseburia_hominis	k__Bacteria;p__Bacteroidetes;c__Bacteroidia;o__Bacteroidales;f__Porphyromonadaceae;g__Parabacteroides;s__Parabacteroides_johnsonii	k__Bacteria;p__Actinobacteria;c__Actinobacteria;o__Bifidobacteriales;f__Bifidobacteriaceae;g__Bifidobacterium;s__Bifidobacterium_longum	k__Bacteria;p__Firmicutes;c__Clostridia;o__Clostridiales;f__;g__Flavonifractor;s__Flavonifractor_plautii	k__Bacteria;p__Firmicutes;c__Clostridia;o__Clostridiales;f__Clostridiaceae;g__Clostridium;s__Clostridium_phoceensis	k__Bacteria;p__Verrucomicrobia;c__Verrucomicrobiae;o__Verrucomicrobiales;f__Akkermansiaceae;g__Akkermansia;s__Akkermansia_muciniphila	k__Bacteria;p__Bacteroidetes;c__Bacteroidia;o__Bacteroidales;f__Prevotellaceae;g__Paraprevotella;s__Paraprevotella_xylaniphila	k__Bacteria;p__Firmicutes;c__Clostridia;o__Clostridiales;f__Ruminococcaceae;g__Ruminococcus;s__Ruminococcus_callidus	k__Bacteria;p__Bacteroidetes;c__Bacteroidia;o__Bacteroidales;f__Rikenellaceae;g__Alistipes;s__Alistipes_senegalensis	k__Bacteria;p__Firmicutes;c__Clostridia;o__Clostridiales;f__Lachnospiraceae;g__Blautia;s__Blautia_sp._KLE_1732	k__Bacteria;p__Bacteroidetes;c__Bacteroidia;o__Bacteroidales;f__Bacteroidaceae;g__Bacteroides;s__Bacteroides_oleiciplenus	k__Bacteria;p__Firmicutes;c__Clostridia;o__Clostridiales;f__Ruminococcaceae;g__Ruminococcus;s__Ruminococcus_bicirculans	k__Bacteria;p__Bacteroidetes;c__Bacteroidia;o__Bacteroidales;f__Bacteroidaceae;g__Bacteroides;s__Bacteroides_fluxus	k__Bacteria;p__Bacteroidetes;c__Bacteroidia;o__Bacteroidales;f__Prevotellaceae;g__Prevotella;s__Prevotella_stercorea	k__Bacteria;p__Firmicutes;c__Clostridia;o__Clostridiales;f__Lachnospiraceae;g__Dorea;s__Dorea_longicatena	k__Bacteria;p__Firmicutes;c__Clostridia;o__Clostridiales;f__Eubacteriaceae;g__Eubacterium;s__[Eubacterium]_eligens	k__Bacteria;p__Firmicutes;c__Clostridia;o__Clostridiales;f__Ruminococcaceae;g__;s__Ruminococcaceae_bacterium_D16	k__Bacteria;p__Firmicutes;c__Clostridia;o__Clostridiales;f__Lachnospiraceae;g__Coprococcus;s__Coprococcus_comes	k__Bacteria;p__Proteobacteria;c__Gammaproteobacteria;o__Enterobacterales;f__Enterobacteriaceae;g__Escherichia;s__Escherichia_coli	k__Bacteria;p__Firmicutes;c__Clostridia;o__Clostridiales;f__Ruminococcaceae;g__Anaerotruncus;s__Anaerotruncus_colihominis	k__Bacteria;p__Firmicutes;c__Clostridia;o__Clostridiales;f__Lachnospiraceae;g__Blautia;s__Blautia_obeum	k__Bacteria;p__Bacteroidetes;c__Bacteroidia;o__Bacteroidales;f__Odoribacteraceae;g__Odoribacter;s__Odoribacter_laneus	k__Bacteria;p__Firmicutes;c__Clostridia;o__Clostridiales;f__Ruminococcaceae;g__Ruminiclostridium;s__[Clostridium]_leptum	k__Bacteria;p__Bacteroidetes;c__Bacteroidia;o__Bacteroidales;f__Porphyromonadaceae;g__Parabacteroides;s__Parabacteroides_goldsteinii	k__Bacteria;p__Firmicutes;c__Clostridia;o__Clostridiales;f__Lachnospiraceae;g__Anaerostipes;s__Anaerostipes_hadrus	k__Bacteria;p__Firmicutes;c__Clostridia;o__Clostridiales;f__Ruminococcaceae;g__Ruminococcus;s__Ruminococcus_lactaris	k__Bacteria;p__Firmicutes;c__Clostridia;o__Clostridiales;f__Clostridiaceae;g__Clostridium;s__Clostridium_sp._L2-50	k__Bacteria;p__Firmicutes;c__Clostridia;o__Clostridiales;f__Clostridiaceae;g__Clostridium;s__Clostridium_sp._M62/1	k__Bacteria;p__Firmicutes;c__Clostridia;o__Clostridiales;f__;g__Intestinimonas;s__Intestinimonas_butyriciproducens	k__Bacteria;p__Actinobacteria;c__Actinobacteria;o__Bifidobacteriales;f__Bifidobacteriaceae;g__Bifidobacterium;s__Bifidobacterium_bifidum	k__Bacteria;p__Firmicutes;c__Negativicutes;o__Veillonellales;f__Veillonellaceae;g__Dialister;s__Dialister_invisus	k__Bacteria;p__Bacteroidetes;c__Bacteroidia;o__Bacteroidales;f__Bacteroidaceae;g__Bacteroides;s__Bacteroides_salanitronis
k__Bacteria;p__Bacteroidetes;c__Bacteroidia;o__Bacteroidales;f__Bacteroidaceae;g__Bacteroides;s__Bacteroides_vulgatus	1.0	0.0386458990021	0.00412360422614	-0.0331483275235	0.00615446508247	-0.0709056529509	-0.0265617004284	0.0212090574491	0.0386606309315	-0.0431432276129	-0.0291957791561	0.0157424497584	-0.0210639642487	-0.00648878909404	0.0193406937704	-0.0326090887448	-0.0377541061609	0.0524158012368	-0.0444743965843	0.0217063117705	-0.0774320744198	0.0253975460872	-0.0529075938856	-0.040421641204	0.00778668629916	-0.0519061794072	0.00750875157225	0.0415604712517	0.00518926198585	0.0210818563443	0.0596784048155	0.0221659194775	-0.013413855465	0.050949008119	-0.0686041712888	-0.0130694483297	-0.0420514895855	0.0126289207744	0.0236944907363	0.0193853874914	-0.0447259501886	0.0141417211075	-0.00283851333767	-0.0483400036667	0.0350431584151	0.00651690821514	-0.0517908750515	-0.00966558131285	0.0321409699454	0.046349170247	-0.0388092255629	-0.00639697118832	-0.0185776168929	-0.00720256605645	-0.040071026435	-0.0329762826253	-0.00496215595471	0.00845882810915	0.0232167655769
k__Bacteria;p__Bacteroidetes;c__Bacteroidia;o__Bacteroidales;f__Bacteroidaceae;g__Bacteroides;s__Bacteroides_uniformis	0.0386458990021	1.0	-0.0305485265612	0.0117588868247	0.00270370423634	-0.029498357777	0.0110538734651	-0.00546094478743	-0.0221288532036	-0.00626892738588	-0.0357442017824	-0.0395239549835	0.0108751436525	0.0104787865781	-0.0176675339881	0.0188397771489	0.0437115881075	0.00797336336784	0.0347967828294	-0.031073332308	-0.0467582887358	0.014539673292	-0.0113916873833	0.0739691295569	-0.00103041938083	-0.0578329943603	0.00335545241997	0.0119616445368	0.0401992268323	0.0213313692084	-0.0792312439567	-0.0414998633706	4.92870128075e-05	-0.0202262429172	-0.00284724882975	0.00742260970278	0.00560987190022	0.0130915292784	-0.0171941923416	-0.0289340302793	-0.0238995610792	-0.0185733120084	0.0083921081332	-0.0310380377889	-0.0600813175614	-0.056140695723	0.0339810928991	-0.0180316739671	-0.0631770234834	0.0252413982148	-0.0272354383002	-0.0405274028192	-5.15264389119e-05	0.0525041269723	-0.0397524372986	-0.00422224688222	-0.0178941395513	0.00748399105401	-0.0175057192393
k__Bacteria;p__Bacteroidetes;c__Bacteroidia;o__Bacteroidales;f__Rikenellaceae;g__Alistipes;s__Alistipes_putredinis	0.00412360422614	-0.0305485265612	1.0	0.0965196202051	-0.00987055670484	0.00015398114736	-0.0036722919369	-0.00653830963073	0.0170526662183	0.0192288226493	0.00639490813332	-0.0221711384942	0.0180638896965	0.00619382902172	0.0260280634373	0.0521624304189	0.00401629584689	-0.0437177062424	-0.0210431602255	-0.0279260590541	-0.040771979578	-0.0483065975429	-0.00359883526715	0.00833257039503	-0.0152145111565	-0.0487222390527	0.0155614223689	-0.00810720769237	-0.033196497288	0.00249550131227	-0.00673320461107	-0.0506843448647	0.0467414824873	0.0145881862765	0.0571147616578	-0.00703827985716	-0.072663182235	-0.0411483236707	-0.0381920058329	0.025175274118	-0.0727439028126	-0.00267936601847	-0.00821975605679	-0.013635709738	0.0161620692955	-0.0492996833879	-0.000742551440436	-0.0102141411861	-0.000594754842848	-0.0564416647882	-0.00938233891115	0.00234397893721	-0.0425809461528	-0.051026350382	0.0148449670724	-0.0712344199914	0.0376973450149	-0.0454266481149	-0.0090569595538
k__Bacteria;p__Bacteroidetes;c__Bacteroidia;o__Bacteroidales;f__Prevotellaceae;g__Prevotella;s__Prevotella_copri	-0.0331483275235	0.0117588868247	0.0965196202051	1.0	0.00232119111404	-0.030486055195	0.00884772014461	-0.0638102317269	-0.0206996045481	-0.0167682628318	-0.0214808363663	0.0218218148617	-0.0250014944897	0.00644658312602	-0.000840050863774	-0.0115087885381	-0.0154533366511	-0.0597982084799	-0.0579627457856	-0.0745827058994	0.0357584004397	0.0159717886691	0.0853475915516	0.0264668815347	-0.0686656793643	-0.0144707946098	-0.0167195605605	-0.0511555489339	-0.000437615925337	0.00725840982439	-0.0159152694749	0.00156212831285	0.01956846215	-0.0239234722193	-0.0487301600935	-0.0668393611013	0.036820682862	0.0079191888257	0.0281392510624	-0.0578954406378	-0.0961186922017	-0.0157020360792	-0.0591343045024	-0.0432640133914	-0.00611367539688	-0.0779650453559	-0.0232472994307	-0.031316426325	0.0314466296242	-0.0138653494368	-0.0334778313027	-0.013506576993	0.0558090678888	0.0275693835939	-0.00198594910792	0.0703490289011	-0.0397119198275	0.0195520990105	0.0510492678742
k__Bacteria;p__Bacteroidetes;c__Bacteroidia;o__Bacteroidales;f__Bacteroidaceae;g__Bacteroides;s__Bacteroides_stercoris	0.00615446508247	0.00270370423634	-0.00987055670484	0.00232119111404	1.0	0.00360453755854	0.00547718091161	0.018889464569	-0.0394139953216	0.0291362538072	-0.0299583021692	-0.0195831464366	-0.0524967953789	-0.0448396156916	0.00794512940844	-0.0561688283218	-0.0370350896177	0.0224256420455	-0.0635861371798	-0.0191635851487	-0.0229892544128	-0.0115160436562	-0.0123730328417	-0.0266752406015	-0.0177664755445	0.0496638489856	-0.00654679366888	-0.0285645947428	-0.0406357918247	0.0657660312592	-0.0335666892609	0.033983697058	-0.0429797370427	0.0134087059585	-0.0140998094735	0.0598411164076	0.0461939004609	-0.0182616356828	0.0126815893469	0.0348868134373	-0.0209726597955	0.0244093889656	-0.0528169427656	-0.00630154335379	0.00792392942993	0.0242700357715	0.0436741363077	0.000198274845929	-0.0677546361233	0.00307672535538	-0.00954902000714	-0.0512942140427	0.0234435444309	-0.018735753409	0.0355723753719	-0.0457803828667	0.0224195681752	0.0688169487338	0.0176741871349
k__Bacteria;p__Bacteroidetes;c__Bacteroidia;o__Bacteroidales;f__Bacteroidaceae;g__Bacteroides;s__Bacteroides_ovatus	-0.0709056529509	-0.029498357777	0.00015398114736	-0.030486055195	0.00360453755854	1.0	0.0275138984707	0.0346647709689	-0.0139576906795	-0.0499787471133	0.0482853414133	-0.0382254163666	-0.0275416473261	0.0142093347254	-0.0623327809479	0.0427180602582	-0.00971293548023	-0.0169118848198	-0.0344711983189	-0.00616098756613	-0.0114949064476	0.061221746286	0.0145055994968	0.0503028061704	-0.0457399942694	-0.050875676068	-0.0335945499054	-0.0197720059366	-0.0840357832864	-0.0454350690896	0.0600514484342	-0.0225038157785	0.0159088863063	-0.0465242580172	0.0118942697354	-0.0181463204242	-0.0351909558828	-0.0147699152578	-0.0250301487161	-0.046842266864	0.0779926094378	-0.0657318663391	-0.0330522690336	0.00590960253667	-0.0516254127085	-0.0368909899537	0.00537122661653	0.0284300784955	0.0126785273373	0.0269814200881	0.0709807923032	0.00899143067142	-0.00815232624398	-0.076662442639	-0.00645464709101	0.0363135230097	-0.00857758097332	0.0497054774179	0.00641420461116
k__Bacteria;p__Bacteroidetes;c__Bacteroidia;o__Bacteroidales;f__Rikenellaceae;g__Alistipes;s__Alistipes_shahii	-0.0265617004284	0.0110538734651	-0.0036722919369	0.00884772014461	0.00547718091161	0.0275138984707	1.0	0.024884253162	-0.0192551384653	0.0299990180507	0.0178531076848	-0.0301874786588	0.0358055598611	-0.0366102523006	0.00440959822435	0.0175546700198	9.52256869497e-05	-0.00721475394757	-0.0987172826216	-0.0146488223694	-0.0421099968536	0.0232441136574	-0.00653885675163	-0.0119488268389	0.0277418411962	-0.00340682063252	-0.0115834399877	-0.0442148556093	-0.0352847131545	-0.0746684356021	-0.0401119010401	0.00433751839811	-0.0508372753589	0.0480688101586	0.0049021508853	0.00269804914802	-0.0323102346183	-0.0331876969271	-0.00976343652318	-0.00610102667539	-0.00112471608959	-0.0126764788184	-0.0371139372201	-0.00427154702217	-0.0243893098656	0.00344666960364	0.023232421706	0.0100612185227	0.0460869495358	0.0128575229398	-0.00266011504642	0.0950995340682	0.0258699106253	-0.00565038434442	-0.0714518311418	-0.042024176198	0.0343554825588	0.0139543150899	-0.0299400290585
k__Bacteria;p__Firmicutes;c__Clostridia;o__Clostridiales;f__Ruminococcaceae;g__Faecalibacterium;s__Faecalibacterium_prausnitzii	0.0212090574491	-0.00546094478743	-0.00653830963073	-0.0638102317269	0.018889464569	0.0346647709689	0.024884253162	1.0	-0.0439234589021	-0.00410583095201	-0.00114051375398	-0.0133406025023	-0.0193983491957	0.00337259128654	-0.00878176813679	-0.0105855632106	0.0523682071165	0.0152782738752	-0.0127701636717	0.0279163053234	-0.00913498406424	-0.0498665345893	-0.0323235969227	-0.0271268197085	-0.0344041632514	-0.10100251906	-0.018823237404	-0.00433505440569	-0.0446954603928	-0.015352212751	-0.0465571953764	-0.00160159115757	0.0311714873607	0.0555990111549	-0.0300274603627	0.0850216085884	0.00194127156873	-0.0781590657473	-0.0059280613842	-0.00905285840523	0.0419021645917	-0.0516410704174	0.0328846599493	-0.00294126615945	-0.0266056065781	0.0634258417057	0.0130889056438	-0.0532100305773	-0.0857763251573	0.000531308980147	-0.00931922097949	-0.0219952587894	-0.0127932132076	0.00499197454587	-0.0541228775298	0.0487010415854	0.0164885826564	-0.0930866396841	0.0949527747703
k__Bacteria;p__Bacteroidetes;c__Bacteroidia;o__Bacteroidales;f__Rikenellaceae;g__Alistipes;s__Alistipes_finegoldii	0.0386606309315	-0.0221288532036	0.0170526662183	-0.0206996045481	-0.0394139953216	-0.0139576906795	-0.0192551384653	-0.0439234589021	1.0	-0.0254712469103	-0.0103385426431	0.0574575142596	0.0845626484738	0.0421702734575	-0.0305774903975	-0.0430586087238	0.0112858820201	0.0218259699243	0.0605726361505	0.00108350814461	-0.0462041891166	0.0866626037981	-0.0290339830033	-0.0703320410261	-0.0392452999974	-0.0285331732139	-0.100493077134	0.00611989973798	-0.035035886099	0.0417530932998	-0.0501201348161	-0.0121259361213	-0.0285701971843	-0.0651730642972	-0.00573739013418	-0.0256061776501	0.0584038416897	0.00542786285571	0.0886703760987	-0.00737348345925	-0.000945511425902	-0.0483323090994	-0.00844709072748	0.012925092222	-0.0592456362039	-0.105625979748	0.0140756397148	-0.0220521364771	0.0480841971252	-0.0194164475693	-0.0215435488795	-0.0096382621476	-0.000705176200055	0.00195496454141	-0.0314416800555	-0.05247141016	-0.000531851244968	0.0129127838958	-0.0306454994097
k__Bacteria;p__Bacteroidetes;c__Bacteroidia;o__Bacteroidales;f__Porphyromonadaceae;g__Parabacteroides;s__Parabacteroides_distasonis	-0.0431432276129	-0.00626892738588	0.0192288226493	-0.0167682628318	0.0291362538072	-0.0499787471133	0.0299990180507	-0.00410583095201	-0.0254712469103	1.0	0.0704567546391	0.0545069173301	0.0512581145311	-0.00654449265929	-0.0617144659674	0.063038363537	-0.0491966964777	-0.048233425939	-0.0524402477311	-0.0159799229423	0.0180340021906	-0.0108419087473	0.0265606233798	0.00703801111045	-0.0431423499253	0.00890402310544	-0.00866909787934	-0.0120097906077	-0.0740641147859	-0.0105200542822	0.0473013769181	0.012155541855	0.00520329591019	0.0338465633212	-0.0070540560749	0.0610920442616	-0.0097088556804	-0.00592855261101	0.039402030651	-0.0151403903525	-0.00801407815139	0.0228069880958	0.0178935098934	-0.0229386277997	0.0753504024367	0.0261460711941	-0.0252454227974	-0.0657632655273	-0.0182933140231	-0.0701932842974	-0.0350217294142	-0.00870035826476	0.00736380089909	-0.0172123776369	0.0249011681274	-0.0216445001036	-0.0246619837626	-0.00901861474752	-0.0304671564168
k__Bacteria;p__Bacteroidetes;c__Bacteroidia;o__Bacteroidales;f__Bacteroidaceae;g__Bacteroides;s__Bacteroides_thetaiotaomicron	-0.0291957791561	-0.0357442017824	0.00639490813332	-0.0214808363663	-0.0299583021692	0.0482853414133	0.0178531076848	-0.00114051375398	-0.0103385426431	0.0704567546391	1.0	-0.090515600833	-0.0659419633973	-0.0691058120101	-0.00188241978499	-0.0510543158213	0.00459156347107	-0.014041386067	-0.0324261481932	0.0119013189422	0.0507453993279	-0.0360218207269	0.00565312895291	-0.0499794687689	-0.00908453168939	-0.0349960308637	-0.0390455426143	0.0332768886893	0.000652175751452	-0.0412598677108	-0.0126844201513	-0.0427639760499	-0.0352657149941	0.00927564691184	-0.00881658124615	-0.0049822073569	-0.019094253196	-0.00936508772803	-0.0490948879431	-0.0274812596302	0.00283532178421	-0.0315257665498	0.0018813945805	-0.0203076206992	-0.01118171169	0.0418570018642	0.00715133110942	-0.062331762899	-0.0173650802996	0.00582881430752	0.00621637294127	0.0480415582275	-0.0616202967213	0.0214422589645	0.0299907251253	0.0284438466778	0.0560805670826	0.0300429323293	-0.0346278141274
k__Bacteria;p__Bacteroidetes;c__Bacteroidia;o__Bacteroidales;f__Bacteroidaceae;g__Bacteroides;s__Bacteroides_coprocola	0.0157424497584	-0.0395239549835	-0.0221711384942	0.0218218148617	-0.0195831464366	-0.0382254163666	-0.0301874786588	-0.0133406025023	0.0574575142596	0.0545069173301	-0.090515600833	1.0	-0.00364095149702	-0.0498108676698	-0.0377941159455	0.00722874650998	-0.0179164576335	-0.0279995401003	-0.0491324522105	-0.0142048431438	0.0299989357781	-0.0406118492847	0.00287634408032	0.0452472809077	0.0442218185608	0.0580048941964	-0.0395433341262	0.00741890271668	-0.0569328108623	-0.0533605533473	-0.0353276742644	0.0178820571664	0.0303232000206	-0.0420075155223	-0.00267712044206	-0.0175341746821	-0.00829116231799	-0.0157697635725	-0.0965447299654	-0.0477583806616	-0.00523225839889	-0.0389454715556	0.00523236481961	-0.00394406379443	0.021057793486	0.00800571079432	-0.0377788981617	-0.00497408034547	-0.00914153019672	-0.0196533601134	-0.0295273031529	0.0243751136096	0.0234949298185	-0.0277189659236	-0.0102643975575	0.0452787985562	0.0150553603058	-0.0142788459425	0.0683063645781
k__Bacteria;p__Bacteroidetes;c__Bacteroidia;o__Bacteroidales;f__Bacteroidaceae;g__Bacteroides;s__Bacteroides_cellulosilyticus	-0.0210639642487	0.0108751436525	0.0180638896965	-0.0250014944897	-0.0524967953789	-0.0275416473261	0.0358055598611	-0.0193983491957	0.0845626484738	0.0512581145311	-0.0659419633973	-0.00364095149702	1.0	-0.0328305114193	-0.0173201687901	0.0251348231693	-0.00206169535821	0.00443313154572	-0.00210361697597	0.0321430784462	0.027567270363	0.02262584455	0.0072289387755	-0.0149734427831	0.0191017544368	-0.0239172828295	-0.0292931348793	-0.0504190750096	-0.0109198319286	-0.0169548494577	0.0351900499072	-0.0104934746305	0.0190452683171	0.00657778777782	0.0540919933655	-0.020694113192	-0.026299638986	0.00646453765646	0.0147089259243	-0.012249579827	-0.0253951584608	-0.049295745406	-0.0452422338827	-0.00334708999999	-0.0445873882188	0.0130702971406	-0.0465555141562	-0.0117026248262	-0.0322700658322	-0.0486903283752	-0.0267078449831	-0.0221020558153	-0.0606022747917	0.0431382078148	-0.0123584373726	0.0151008208669	-0.0195230274804	-0.0411205080915	-0.00819718247009
k__Bacteria;p__Bacteroidetes;c__Bacteroidia;o__Bacteroidales;f__Rikenellaceae;g__Alistipes;s__Alistipes_obesi	-0.00648878909404	0.0104787865781	0.00619382902172	0.00644658312602	-0.0448396156916	0.0142093347254	-0.0366102523006	0.00337259128654	0.0421702734575	-0.00654449265929	-0.0691058120101	-0.0498108676698	-0.0328305114193	1.0	0.0677589602354	-0.0375312962255	-0.0269677357274	0.000637006166592	-0.0114748816301	-0.01418611951	-0.0465360371744	-0.0239599172533	-0.0349484480177	0.0111851917613	-0.0282383122525	0.0505323725505	-0.0246324580223	0.00440029365969	0.00673606526699	-0.0122864040089	-0.0416797318732	0.0174205579643	-0.0386763367827	0.0117956779628	-0.0265074598086	0.00799720979029	0.0393073849812	0.0315956372591	-0.000958893741535	-0.0550585726572	-0.0133127684316	-0.0156992420407	-0.0295478108037	-0.002382467909	-0.023606530747	0.0432601300389	-0.0751305094465	-0.0315691071723	-0.00873973541789	-0.00759986683666	0.017260757562	0.00627474100751	0.0524979770764	-0.0150683044026	0.0517587565774	0.0540371352796	-0.0507032608611	-0.0327097927065	0.0115837413937
k__Bacteria;p__Firmicutes;c__Clostridia;o__Clostridiales;f__Lachnospiraceae;g__;s__[Eubacterium]_rectale	0.0193406937704	-0.0176675339881	0.0260280634373	-0.000840050863774	0.00794512940844	-0.0623327809479	0.00440959822435	-0.00878176813679	-0.0305774903975	-0.0617144659674	-0.00188241978499	-0.0377941159455	-0.0173201687901	0.0677589602354	1.0	0.0034450608595	-0.0619854468101	-0.0314485841611	-0.0445068668384	0.0245380212765	-0.00788122333967	0.033264384258	-0.0637510354307	0.0226656426658	0.0151072257436	0.024019660107	-0.0394398135112	-0.0376539636753	-0.0549612465671	0.0155788742544	-0.0885522121899	0.0242872046983	0.0721208229105	0.00313063501591	0.0500008008149	-0.0185838688147	-0.0105211966149	-0.00305152738077	-0.0688449883191	-0.0336020920154	0.036194755113	0.0606157497104	0.0135194135567	0.00407818735122	-0.0134081921126	-0.020724166812	0.0578490770641	0.0129933506006	-0.00288262281662	0.0621169340726	-0.0585019615975	-0.00284769091766	-0.0577521279491	-0.025064742215	0.0407605883811	0.0477240413481	-0.0323993856445	0.00368776014964	-0.0496345365046
k__Bacteria;p__Bacteroidetes;c__Bacteroidia;o__Bacteroidales;f__Bacteroidaceae;g__Bacteroides;s__Bacteroides_plebeius	-0.0326090887448	0.0188397771489	0.0521624304189	-0.0115087885381	-0.0561688283218	0.0427180602582	0.0175546700198	-0.0105855632106	-0.0430586087238	0.063038363537	-0.0510543158213	0.00722874650998	0.0251348231693	-0.0375312962255	0.0034450608595	1.0	-0.014340590163	-0.105588363199	-0.0303433883726	0.012634076307	-0.0388273489137	-0.00509947622973	-0.0181368663603	0.00610060738873	-0.00963054887653	-0.000969378231458	0.0660177956617	-0.0221029946616	0.0623357660996	-0.0444732224841	-0.0235505743421	-0.0491805074317	-0.00366230341981	0.0702363027783	0.0329695884285	8.08158233864e-05	-0.0349076864341	0.0163275176182	0.0413810650461	0.00519174203893	-0.0376413129162	0.00335552655794	-0.0391564601096	-0.0384002978737	-0.0114406059426	-0.00800615724052	0.0624141941271	-0.0314398176771	-0.0293322785911	-0.0405909708968	0.0191543881239	-0.0734548967644	-0.0429633667146	-0.00136159258675	-0.0748204697939	-0.0504470752576	-0.0135798996935	-0.0484627159063	0.0156436941753
k__Bacteria;p__Bacteroidetes;c__Bacteroidia;o__Bacteroidales;f__Bacteroidaceae;g__Bacteroides;s__Bacteroides_fragilis	-0.0377541061609	0.0437115881075	0.00401629584689	-0.0154533366511	-0.0370350896177	-0.00971293548023	9.52256869496e-05	0.0523682071165	0.0112858820201	-0.0491966964777	0.00459156347107	-0.0179164576335	-0.00206169535821	-0.0269677357274	-0.0619854468101	-0.014340590163	1.0	0.0322693400726	0.0584416918677	-0.0166639118152	0.017393766004	0.0368423405754	0.0107805082536	-0.0345627228613	-0.00227380649297	0.0333092212929	-0.0141601358336	0.0442314308303	0.0470962764994	0.0269691535102	-0.00435071897006	0.00793199475809	-0.0347152280571	-0.00900462214069	-0.000371131629902	-0.0547298130521	0.0152879905781	0.0351547671802	0.00971680141579	0.00611657416146	-0.0169845983448	-0.0503524955205	-0.012433829477	0.011608457097	0.0221862653791	0.00879474054576	-0.0208028963816	-0.0258321722457	-0.0956272621807	0.0123007192678	-0.103640999601	-0.00386954159551	0.0743520899135	-0.0352120945938	0.0122531741088	0.0333286867441	-0.0030652376945	0.0787483632408	-0.0201969909688
k__Bacteria;p__Proteobacteria;c__Betaproteobacteria;o__Burkholderiales;f__Sutterellaceae;g__Sutterella;s__Sutterella_wadsworthensis	0.0524158012368	0.00797336336784	-0.0437177062424	-0.0597982084799	0.0224256420455	-0.0169118848198	-0.00721475394757	0.0152782738752	0.0218259699243	-0.048233425939	-0.014041386067	-0.0279995401003	0.00443313154572	0.000637006166592	-0.0314485841611	-0.105588363199	0.0322693400726	1.0	0.0472982673629	0.0373606388924	0.0214936729832	0.0363556316102	0.0228562885458	-0.0138227304666	0.0453849813402	-0.067028687135	-0.0784564458488	-0.0250483066735	0.00851388509409	0.0364828664801	-0.00907597111844	-0.0512660021512	-0.0292634771964	-0.0126245959863	0.000436087450287	0.00205169797727	0.0322796651989	-0.024926034352	0.0244006102188	0.0339878742913	-0.0738445528906	-0.0317185930882	0.0528595111167	-0.0393153825828	-0.0271578361942	0.0275736057951	-0.00332623138727	0.0172545474877	0.0189446353941	0.0119925715877	0.000360381943807	-0.000771102061097	-0.0302216785503	-0.0401885278229	-0.00237440989556	-0.070825032593	0.0207955755567	0.0252019385427	-0.0119039204902
k__Bacteria;p__Bacteroidetes;c__Bacteroidia;o__Bacteroidales;f__Porphyromonadaceae;g__Barnesiella;s__Barnesiella_intestinihominis	-0.0444743965843	0.0347967828294	-0.0210431602255	-0.0579627457856	-0.0635861371798	-0.0344711983189	-0.0987172826216	-0.0127701636717	0.0605726361505	-0.0524402477311	-0.0324261481932	-0.0491324522105	-0.00210361697597	-0.0114748816301	-0.0445068668384	-0.0303433883726	0.0584416918677	0.0472982673629	1.0	0.0413954765542	-0.000737787977456	0.0295726568541	-0.0778976688784	-0.0626028773053	-0.0407458952989	0.0221720492079	-0.00414119469074	0.0233549412593	0.0239795619186	-0.062556775715	0.0495269084759	-0.0336974699431	0.0129722086753	-0.01192005693	0.000576645649366	-0.0126006091882	0.0511096778695	-0.00324905682105	0.0851798571629	-0.0384357531106	0.0253538968536	-0.0426784360924	0.00405620557285	0.0393246465477	0.0467413399126	-0.0339678796197	-0.0495316498918	0.0503999812983	0.0180847286067	-0.00886486631936	0.0438341148588	-0.0129894322002	-0.011578202249	-0.0172273942919	-0.017286341808	-0.0226079960565	-0.02869166781	-0.0329909818537	-0.0589694844611
k__Bacteria;p__Bacteroidetes;c__Bacteroidia;o__Bacteroidales;f__Odoribacteraceae;g__Odoribacter;s__Odoribacter_splanchnicus	0.0217063117705	-0.031073332308	-0.0279260590541	-0.0745827058994	-0.0191635851487	-0.00616098756613	-0.0146488223694	0.0279163053234	0.00108350814461	-0.0159799229423	0.0119013189422	-0.0142048431438	0.0321430784462	-0.01418611951	0.0245380212765	0.012634076307	-0.0166639118152	0.0373606388924	0.0413954765542	1.0	-0.0401370165867	-0.0537539111544	0.0128541117007	-0.004996010644	-0.0339810311811	-0.0591478903914	2.21335968441e-05	-0.0135070380991	-0.00532417586441	0.0181421917711	-0.0380035104756	-0.0464088980514	-0.0476982146289	-0.0395806812481	0.00335881904084	-0.0123034796816	-0.0276089568674	-0.0140995919094	0.0108103031263	-0.0359933220552	-0.00346958999069	0.0501690077633	0.0203659537075	-0.00518375169657	0.00744239138587	-0.0141799325581	0.0276833280328	0.00101932291334	0.0403061213224	0.0118819380189	0.0402376618759	-0.00995526315449	-0.0364135407984	-0.0702825941804	-0.0633119951638	-0.0274937426508	-0.000626625640565	-0.0186732454818	-0.0187037182951
k__Bacteria;p__Bacteroidetes;c__Bacteroidia;o__Bacteroidales;f__Bacteroidaceae;g__Bacteroides;s__Bacteroides_salyersiae	-0.0774320744198	-0.0467582887358	-0.040771979578	0.0357584004397	-0.0229892544128	-0.0114949064476	-0.0421099968536	-0.00913498406424	-0.0462041891166	0.0180340021906	0.0507453993279	0.0299989357781	0.027567270363	-0.0465360371744	-0.00788122333967	-0.0388273489137	0.017393766004	0.0214936729832	-0.000737787977456	-0.0401370165867	1.0	-0.0276972138266	-0.0176819820642	0.0536407869913	-0.0478210638398	-0.0204399856332	0.0111389293232	0.0141064426978	0.00959288691408	-0.0112644508827	0.0383750472775	-0.0308841620156	0.0776927534328	-0.0969008314796	-0.0123674574794	-0.0154729626416	-0.0582872711359	-0.0176591668136	-0.0180594054495	0.00734501147877	-0.0144742352833	0.0310028173802	0.00489995582966	-0.0105137385953	0.0498693369104	-0.0134583461876	0.0127135758135	-0.0374373805517	-0.0204810616239	-0.0293601628238	-0.0658819112127	0.00971452228792	0.00972758442442	-0.0238446514359	-0.0402921381045	-0.0615033715758	-0.051987250393	-0.0611933509749	0.00245388607359
k__Bacteria;p__Firmicutes;c__Clostridia;o__Clostridiales;f__Ruminococcaceae;g__Ruminiclostridium;s__[Eubacterium]_siraeum	0.0253975460872	0.014539673292	-0.0483065975429	0.0159717886691	-0.0115160436562	0.061221746286	0.0232441136574	-0.0498665345893	0.0866626037981	-0.0108419087473	-0.0360218207269	-0.0406118492847	0.02262584455	-0.0239599172533	0.033264384258	-0.00509947622973	0.0368423405754	0.0363556316102	0.0295726568541	-0.0537539111544	-0.0276972138266	1.0	0.0489254368849	-0.0429720017863	0.0415311992057	-0.0555744345636	-0.026263625963	-0.0374547915167	-0.0192400269489	-0.000719719252017	-0.0521551643725	-0.0205874039766	-0.0154182727571	0.051714305664	-0.0164267566447	-0.0211417714036	-0.052771116853	0.029878823959	-0.0180828110761	0.0213457917665	-0.0703851820023	-0.0176161685452	-0.00480608732035	0.0434253414248	-0.0362362956756	-0.0217140054175	0.0450416498229	0.00861701330734	0.0096026604349	0.0102722828268	-0.0456433039905	0.00797411128775	-0.0347043105671	0.0213822664978	-0.0294769668652	-0.095314805777	-0.00453650286518	0.0158292152761	-0.0116590239155
k__Bacteria;p__Proteobacteria;c__Betaproteobacteria;o__Burkholderiales;f__Sutterellaceae;g__Parasutterella;s__Parasutterella_excrementihominis	-0.0529075938856	-0.0113916873833	-0.00359883526715	0.0853475915516	-0.0123730328417	0.0145055994968	-0.00653885675163	-0.0323235969227	-0.0290339830033	0.0265606233798	0.00565312895291	0.00287634408032	0.0072289387755	-0.0349484480177	-0.0637510354307	-0.0181368663603	0.0107805082536	0.0228562885458	-0.0778976688784	0.0128541117007	-0.0176819820642	0.0489254368849	1.0	0.0197709502415	0.0346613366217	-0.0800858610061	-0.0302885094772	0.00565269395229	-0.0479077257723	-0.0313981272443	0.0230063176111	0.0106989347441	-0.0193325322643	0.00403325974378	-0.0105440718671	-0.0147392954903	0.00951511614422	0.0232882701674	-0.0242605537171	0.0378022522951	-0.00120067455315	-0.0113304199122	-0.0400024087468	-0.0113724697105	0.0034130855756	-0.0392738636627	-0.0070467304535	0.0124594193887	-0.0161724023981	-0.036516613792	-0.00648702926703	0.0203944281761	-0.000199775038588	-0.00992291879742	0.0172710946742	-0.038544141699	0.104771548723	0.0123352318279	-0.0129643265981
k__Bacteria;p__Actinobacteria;c__Actinobacteria;o__Bifidobacteriales;f__Bifidobacteriaceae;g__Bifidobacterium;s__Bifidobacterium_adolescentis	-0.040421641204	0.0739691295569	0.00833257039503	0.0264668815347	-0.0266752406015	0.0503028061704	-0.0119488268389	-0.0271268197085	-0.0703320410261	0.00703801111045	-0.0499794687689	0.0452472809077	-0.0149734427831	0.0111851917613	0.0226656426658	0.00610060738873	-0.0345627228613	-0.0138227304666	-0.0626028773053	-0.004996010644	0.0536407869913	-0.0429720017863	0.0197709502415	1.0	-0.0495407069409	-0.0384301799087	0.0725163167494	0.0179834606045	-0.0770222704367	-0.00113060440853	0.00254439886739	0.0271605586229	0.0698929112982	0.00682479783734	-0.0133674055186	-0.0293022638224	-0.0310584724643	-0.0372502614675	0.0125107182812	-0.025904801458	0.0312977998111	0.0317404416235	0.0125227965062	0.0160469847176	-0.00479125340852	-0.04683637668	-0.0153763090094	-0.00207571145832	-0.0546491550057	-0.0666216201503	-0.0360562146648	-0.0143575754718	-0.0734103435266	-0.0563297416839	0.00552765576019	-0.00492534417306	0.073964017016	0.0536719482737	0.00184761682599
k__Bacteria;p__Firmicutes;c__Clostridia;o__Clostridiales;f__Oscillospiraceae;g__Oscillibacter;s__Oscillibacter_sp._KLE_1745	0.00778668629916	-0.00103041938083	-0.0152145111565	-0.0686656793643	-0.0177664755445	-0.0457399942694	0.0277418411962	-0.0344041632514	-0.0392452999974	-0.0431423499253	-0.00908453168939	0.0442218185608	0.0191017544368	-0.0282383122525	0.0151072257436	-0.00963054887653	-0.00227380649297	0.0453849813402	-0.0407458952989	-0.0339810311811	-0.0478210638398	0.0415311992057	0.0346613366217	-0.0495407069409	1.0	-0.00421241301498	-0.0453764058229	-0.066340349223	-0.0457081740215	-0.0646877999156	0.0156461875364	0.0284523613362	-0.041411778077	0.0123304993588	0.0149616121021	-0.0387726360437	0.0252601665198	-0.00611399685083	-0.0500884037699	0.024307333193	-0.1179574471	-0.0205272158556	-0.027293375634	-0.00189474626825	-0.037834736161	-0.0294778708746	-0.0616210727703	-0.0118839575327	-0.0249425968333	-0.00233398675289	0.0111514726118	0.0165151135098	0.016898909624	-0.00199812051329	0.055510836993	-0.0396619611911	0.0182704412488	0.0194495963257	0.0133152615718
k__Bacteria;p__Bacteroidetes;c__Bacteroidia;o__Bacteroidales;f__Bacteroidaceae;g__Bacteroides;s__Bacteroides_coprophilus	-0.0519061794072	-0.0578329943603	-0.0487222390527	-0.0144707946098	0.0496638489856	-0.050875676068	-0.00340682063252	-0.10100251906	-0.0285331732139	0.00890402310544	-0.0349960308637	0.0580048941964	-0.0239172828295	0.0505323725505	0.024019660107	-0.000969378231458	0.0333092212929	-0.067028687135	0.0221720492079	-0.0591478903914	-0.0204399856332	-0.0555744345636	-0.0800858610061	-0.0384301799087	-0.00421241301498	1.0	-0.0129919333968	-0.0146264684149	0.0548005416776	0.00702199556862	0.0646848596869	0.00998570968257	-0.0438298875231	0.0366675250517	-0.00762782001405	-0.0228609403826	-0.0590423596484	-0.0424046387247	0.0117038030916	0.0283187635307	0.0532894021234	-0.0045557888469	-0.0066705165681	0.0483593516602	0.0355116099434	-0.0182588146332	-0.0691237059004	0.0327527452853	-0.0176372115148	-0.00866029295323	0.0235333489102	-0.0430731936868	-0.0991348381512	-0.0359654791254	0.0144304692228	0.040766419874	-0.0193480543203	0.0370381542684	-0.00926583910486
k__Bacteria;p__Firmicutes;c__Clostridia;o__Clostridiales;f__Lachnospiraceae;g__Roseburia;s__Roseburia_intestinalis	0.00750875157225	0.00335545241997	0.0155614223689	-0.0167195605605	-0.00654679366888	-0.0335945499054	-0.0115834399877	-0.018823237404	-0.100493077134	-0.00866909787934	-0.0390455426143	-0.0395433341262	-0.0292931348793	-0.0246324580223	-0.0394398135112	0.0660177956617	-0.0141601358336	-0.0784564458488	-0.00414119469074	2.21335968441e-05	0.0111389293232	-0.026263625963	-0.0302885094772	0.0725163167494	-0.0453764058229	-0.0129919333968	1.0	-0.0226872213607	0.0107475710713	0.0119532909578	-0.0419265351898	-0.0457197636664	-0.00369139784242	0.0425090584665	0.00484838103087	-0.0601692631998	-0.0446375810522	0.00933200330032	-0.0276732189021	-0.00706145005869	0.00292528503804	-0.0519645594511	-0.0267826134413	-0.00273859909482	-0.0726807250456	-0.00859527745305	-0.00169995877584	0.00171778804277	0.0201833222059	-0.0129951539093	-0.0172890115006	0.00549728146404	0.00168786630306	-0.0106907154795	-0.0112054120533	-0.0260132436166	-0.0520967537127	0.0523967683139	0.0410578358389
k__Bacteria;p__Firmicutes;c__Clostridia;o__Clostridiales;f__Lachnospiraceae;g__Roseburia;s__Roseburia_hominis	0.0415604712517	0.0119616445368	-0.00810720769237	-0.0511555489339	-0.0285645947428	-0.0197720059366	-0.0442148556093	-0.00433505440569	0.00611989973798	-0.0120097906077	0.0332768886893	0.00741890271668	-0.0504190750096	0.00440029365969	-0.0376539636753	-0.0221029946616	0.0442314308303	-0.0250483066735	0.0233549412593	-0.0135070380991	0.0141064426978	-0.0374547915167	0.00565269395229	0.0179834606045	-0.066340349223	-0.0146264684149	-0.0226872213607	1.0	-0.00700370346817	-0.0190343590966	0.0384437899593	-0.0284290048449	-0.0319496122062	0.0304601702776	-0.109770928086	-0.030996619484	-0.0225177426967	0.00453532084032	0.00371519524351	-0.0331525510243	-0.019400382981	-0.0845551278324	0.0466432948379	-0.011345845746	0.0459730346571	-0.0353135991653	5.76794011342e-05	-0.0570958838905	0.0164315473101	-0.0213059726146	0.0407773942427	0.0295319853869	-0.035490635267	-0.0377351277982	-0.00648390095471	0.00717325815486	-0.000874041545424	-0.0385070297503	-0.00433970418316
k__Bacteria;p__Bacteroidetes;c__Bacteroidia;o__Bacteroidales;f__Porphyromonadaceae;g__Parabacteroides;s__Parabacteroides_johnsonii	0.00518926198585	0.0401992268323	-0.033196497288	-0.000437615925337	-0.0406357918247	-0.0840357832864	-0.0352847131545	-0.0446954603928	-0.035035886099	-0.0740641147859	0.000652175751452	-0.0569328108623	-0.0109198319286	0.00673606526699	-0.0549612465671	0.0623357660996	0.0470962764994	0.00851388509409	0.0239795619186	-0.00532417586441	0.00959288691408	-0.0192400269489	-0.0479077257723	-0.0770222704367	-0.0457081740215	0.0548005416776	0.0107475710713	-0.00700370346817	1.0	-0.019424089469	-0.0211617940587	0.0288172659756	-0.0123475237031	0.0340442071875	-0.0430517490004	-0.0746587443715	-0.0694826694154	0.0547210105715	-0.00494272651218	7.48810815293e-06	0.0217189512432	0.0369890482666	-0.0192379745315	-0.00341159036986	-0.0339059473872	0.0466074270108	-0.0700564611976	-0.0030061757865	-0.01939737345	-0.0340306498287	0.0576501588844	0.0180579816845	-0.0572156746201	-0.0279675767817	-0.0148475014816	-0.014969330034	-0.0753815180741	0.0776909409188	-0.0565352654493
k__Bacteria;p__Actinobacteria;c__Actinobacteria;o__Bifidobacteriales;f__Bifidobacteriaceae;g__Bifidobacterium;s__Bifidobacterium_longum	0.0210818563443	0.0213313692084	0.00249550131227	0.00725840982439	0.0657660312592	-0.0454350690896	-0.0746684356021	-0.015352212751	0.0417530932998	-0.0105200542822	-0.0412598677108	-0.0533605533473	-0.0169548494577	-0.0122864040089	0.0155788742544	-0.0444732224841	0.0269691535102	0.0364828664801	-0.062556775715	0.0181421917711	-0.0112644508827	-0.000719719252017	-0.0313981272443	-0.00113060440853	-0.0646877999156	0.00702199556862	0.0119532909578	-0.0190343590966	-0.019424089469	1.0	-0.0202637135139	-0.0466672567727	-0.00099966354293	-0.0204093467345	-0.0305045084919	-0.0625414774066	-0.0397723279783	-0.00054206734669	-0.032373500066	-0.0135968963341	0.0278078111331	0.00728028878364	0.00823915522073	0.0097237844774	-0.0041232701779	0.0531571668995	0.0206258707495	0.0175888176521	-0.0296444722186	-0.0902782426346	-0.0217198665602	-0.00253777668835	-0.0316098978435	0.0197039623627	0.00372146006223	0.0237909882031	-0.00807345682399	0.031327687576	-0.0385856282425
