#taxonomy	k__Bacteria;p__Bacteroidetes;c__Bacteroidia;o__Bacteroidales;f__Bacteroidaceae;g__Bacteroides;s__Bacteroides_vulgatus	k__Bacteria;p__Bacteroidetes;c__Bacteroidia;o__Bacteroidales;f__Bacteroidaceae;g__Bacteroides;s__Bacteroides_uniformis	k__Bacteria;p__Bacteroidetes;c__Bacteroidia;o__Bacteroidales;f__Rikenellaceae;g__Alistipes;s__Alistipes_putredinis	k__Bacteria;p__Bacteroidetes;c__Bacteroidia;o__Bacteroidales;f__Prevotellaceae;g__Prevotella;s__Prevotella_copri	k__Bacteria;p__Bacteroidetes;c__Bacteroidia;o__Bacteroidales;f__Bacteroidaceae;g__Bacteroides;s__Bacteroides_stercoris	k__Bacteria;p__Bacteroidetes;c__Bacteroidia;o__Bacteroidales;f__Bacteroidaceae;g__Bacteroides;s__Bacteroides_ovatus	k__Bacteria;p__Bacteroidetes;c__Bacteroidia;o__Bacteroidales;f__Rikenellaceae;g__Alistipes;s__Alistipes_shahii	k__Bacteria;p__Firmicutes;c__Clostridia;o__Clostridiales;f__Ruminococcaceae;g__Faecalibacterium;s__Faecalibacterium_prausnitzii	k__Bacteria;p__Bacteroidetes;c__Bacteroidia;o__Bacteroidales;f__Rikenellaceae;g__Alistipes;s__Alistipes_finegoldii	k__Bacteria;p__Bacteroidetes;c__Bacteroidia;o__Bacteroidales;f__Porphyromonadaceae;g__Parabacteroides;s__Parabacteroides_distasonis	k__Bacteria;p__Bacteroidetes;c__Bacteroidia;o__Bacteroidales;f__Bacteroidaceae;g__Bacteroides;s__Bacteroides_thetaiotaomicron	k__Bacteria;p__Bacteroidetes;c__Bacteroidia;o__Bacteroidales;f__Bacteroidaceae;g__Bacteroides;s__Bacteroides_coprocola	k__Bacteria;p__Bacteroidetes;c__Bacteroidia;o__Bacteroidales;f__Bacteroidaceae;g__Bacteroides;s__Bacteroides_cellulosilyticus	k__Bacteria;p__Bacteroidetes;c__Bacteroidia;o__Bacteroidales;f__Rikenellaceae;g__Alistipes;s__Alistipes_obesi	k__Bacteria;p__Firmicutes;c__Clostridia;o__Clostridiales;f__Lachnospiraceae;g__;s__[Eubacterium]_rectale	k__Bacteria;p__Bacteroidetes;c__Bacteroidia;o__Bacteroidales;f__Bacteroidaceae;g__Bacteroides;s__Bacteroides_plebeius	k__Bacteria;p__Bacteroidetes;c__Bacteroidia;o__Bacteroidales;f__Bacteroidaceae;g__Bacteroides;s__Bacteroides_fragilis	k__Bacteria;p__Proteobacteria;c__Betaproteobacteria;o__Burkholderiales;f__Sutterellaceae;g__Sutterella;s__Sutterella_wadsworthensis	k__Bacteria;p__Bacteroidetes;c__Bacteroidia;o__Bacteroidales;f__Porphyromonadaceae;g__Barnesiella;s__Barnesiella_intestinihominis	k__Bacteria;p__Bacteroidetes;c__Bacteroidia;o__Bacteroidales;f__Odoribacteraceae;g__Odoribacter;s__Odoribacter_splanchnicus	k__Bacteria;p__Bacteroidetes;c__Bacteroidia;o__Bacteroidales;f__Bacteroidaceae;g__Bacteroides;s__Bacteroides_salyersiae	k__Bacteria;p__Firmicutes;c__Clostridia;o__Clostridiales;f__Ruminococcaceae;g__Ruminiclostridium;s__[Eubacterium]_siraeum	k__Bacteria;p__Proteobacteria;c__Betaproteobacteria;o__Burkholderiales;f__Sutterellaceae;g__Parasutterella;s__Parasutterella_excrementihominis	k__Bacteria;p__Actinobacteria;c__Actinobacteria;o__Bifidobacteriales;f__Bifidobacteriaceae;g__Bifidobacterium;s__Bifidobacterium_adolescentis	k__Bacteria;p__Firmicutes;c__Clostridia;o__Clostridiales;f__Oscillospiraceae;g__Oscillibacter;s__Oscillibacter_sp._KLE_1745	k__Bacteria;p__Bacteroidetes;c__Bacteroidia;o__Bacteroidales;f__Bacteroidaceae;g__Bacteroides;s__Bacteroides_coprophilus	k__Bacteria;p__Firmicutes;c__Clostridia;o__Clostridiales;f__Lachnospiraceae;g__Roseburia;s__Roseburia_intestinalis	k__Bacteria;p__Firmicutes;c__Clostridia;o__Clostridiales;f__Lachnospiraceae;g__Roseburia;s__Roseburia_hominis	k__Bacteria;p__Bacteroidetes;c__Bacteroidia;o__Bacteroidales;f__Porphyromonadaceae;g__Parabacteroides;s__Parabacteroides_johnsonii	k__Bacteria;p__Actinobacteria;c__Actinobacteria;o__Bifidobacteriales;f__Bifidobacteriaceae;g__Bifidobacterium;s__Bifidobacterium_longum	k__Bacteria;p__Firmicutes;c__Clostridia;o__Clostridiales;f__;g__Flavonifractor;s__Flavonifractor_plautii	k__Bacteria;p__Firmicutes;c__Clostridia;o__Clostridiales;f__Clostridiaceae;g__Clostridium;s__Clostridium_phoceensis	k__Bacteria;p__Verrucomicrobia;c__Verrucomicrobiae;o__Verrucomicrobiales;f__Akkermansiaceae;g__Akkermansia;s__Akkermansia_muciniphila	k__Bacteria;p__Bacteroidetes;c__Bacteroidia;o__Bacteroidales;f__Prevotellaceae;g__Paraprevotella;s__Paraprevotella_xylaniphila	k__Bacteria;p__Firmicutes;c__Clostridia;o__Clostridiales;f__Ruminococcaceae;g__Ruminococcus;s__Ruminococcus_callidus	k__Bacteria;p__Bacteroidetes;c__Bacteroidia;o__Bacteroidales;f__Rikenellaceae;g__Alistipes;s__Alistipes_senegalensis	k__Bacteria;p__Firmicutes;c__Clostridia;o__Clostridiales;f__Lachnospiraceae;g__Blautia;s__Blautia_sp._KLE_1732	k__Bacteria;p__Bacteroidetes;c__Bacteroidia;o__Bacteroidales;f__Bacteroidaceae;g__Bacteroides;s__Bacteroides_oleiciplenus	k__Bacteria;p__Firmicutes;c__Clostridia;o__Clostridiales;f__Ruminococcaceae;g__Ruminococcus;s__Ruminococcus_bicirculans	k__Bacteria;p__Bacteroidetes;c__Bacteroidia;o__Bacteroidales;f__Bacteroidaceae;g__Bacteroides;s__Bacteroides_fluxus	k__Bacteria;p__Bacteroidetes;c__Bacteroidia;o__Bacteroidales;f__Prevotellaceae;g__Prevotella;s__Prevotella_stercorea	k__Bacteria;p__Firmicutes;c__Clostridia;o__Clostridiales;f__Lachnospiraceae;g__Dorea;s__Dorea_longicatena	k__Bacteria;p__Firmicutes;c__Clostridia;o__Clostridiales;f__Eubacteriaceae;g__Eubacterium;s__[Eubacterium]_eligens	k__Bacteria;p__Firmicutes;c__Clostridia;o__Clostridiales;f__Ruminococcaceae;g__;s__Ruminococcaceae_bacterium_D16	k__Bacteria;p__Firmicutes;c__Clostridia;o__Clostridiales;f__Lachnospiraceae;g__Coprococcus;s__Coprococcus_comes	k__Bacteria;p__Proteobacteria;c__Gammaproteobacteria;o__Enterobacterales;f__Enterobacteriaceae;g__Escherichia;s__Escherichia_coli	k__Bacteria;p__Firmicutes;c__Clostridia;o__Clostridiales;f__Ruminococcaceae;g__Anaerotruncus;s__Anaerotruncus_colihominis	k__Bacteria;p__Firmicutes;c__Clostridia;o__Clostridiales;f__Lachnospiraceae;g__Blautia;s__Blautia_obeum	k__Bacteria;p__Bacteroidetes;c__Bacteroidia;o__Bacteroidales;f__Odoribacteraceae;g__Odoribacter;s__Odoribacter_laneus	k__Bacteria;p__Firmicutes;c__Clostridia;o__Clostridiales;f__Ruminococcaceae;g__Ruminiclostridium;s__[Clostridium]_leptum	k__Bacteria;p__Bacteroidetes;c__Bacteroidia;o__Bacteroidales;f__Porphyromonadaceae;g__Parabacteroides;s__Parabacteroides_goldsteinii	k__Bacteria;p__Firmicutes;c__Clostridia;o__Clostridiales;f__Lachnospiraceae;g__Anaerostipes;s__Anaerostipes_hadrus	k__Bacteria;p__Firmicutes;c__Clostridia;o__Clostridiales;f__Ruminococcaceae;g__Ruminococcus;s__Ruminococcus_lactaris	k__Bacteria;p__Firmicutes;c__Clostridia;o__Clostridiales;f__Clostridiaceae;g__Clostridium;s__Clostridium_sp._L2-50	k__Bacteria;p__Firmicutes;c__Clostridia;o__Clostridiales;f__Clostridiaceae;g__Clostridium;s__Clostridium_sp._M62/1	k__Bacteria;p__Firmicutes;c__Clostridia;o__Clostridiales;f__;g__Intestinimonas;s__Intestinimonas_butyriciproducens	k__Bacteria;p__Actinobacteria;c__Actinobacteria;o__Bifidobacteriales;f__Bifidobacteriaceae;g__Bifidobacterium;s__Bifidobacterium_bifidum	k__Bacteria;p__Firmicutes;c__Negativicutes;o__Veillonellales;f__Veillonellaceae;g__Dialister;s__Dialister_invisus	k__Bacteria;p__Bacteroidetes;c__Bacteroidia;o__Bacteroidales;f__Bacteroidaceae;g__Bacteroides;s__Bacteroides_salanitronis
k__Bacteria;p__Bacteroidetes;c__Bacteroidia;o__Bacteroidales;f__Bacteroidaceae;g__Bacteroides;s__Bacteroides_vulgatus	1.0	-0.0480789994283	0.0389186539219	0.0304430522893	0.0294845241248	0.0351664324081	-0.0263671118529	0.0115953417565	0.0255065152799	-0.096608753639	-0.00183167265582	0.0334933105729	-0.0266307772615	-0.0285096756647	-0.00824766651233	-0.0169244172571	-0.0314135204042	0.0399474373605	0.00781212096169	-0.00834233590405	0.00499791907001	-0.0151396900918	0.0795635958196	0.0197260934962	0.0116210199311	-0.00144630565784	0.0297174526263	-0.0392681259344	-0.0240891638539	-0.0360793792473	-0.0309133026711	0.00527922555891	-0.0594749636349	-0.0164295108657	-0.0293110860057	-0.0861219198393	-0.0318315141628	-0.0264801045082	0.0015127544709	-0.0531569633131	-0.0354424107446	-0.0303145908044	0.0314951643979	-0.0205920011945	0.037078389332	0.0206720131719	0.0292563169596	0.0332766719604	-0.0458158310707	-0.0373894845101	-0.0186236412904	0.00709168487	-0.0190110884326	-0.0182631974935	-0.0691806899445	-0.051524869016	0.0477751648441	-0.0140682922257	0.00190713742156
k__Bacteria;p__Bacteroidetes;c__Bacteroidia;o__Bacteroidales;f__Bacteroidaceae;g__Bacteroides;s__Bacteroides_uniformis	-0.0480789994283	1.0	-0.0106733155421	-0.00301300884202	0.0112638168169	-0.00202429730091	0.00348189717258	0.0298139778766	-0.0198621756026	0.00546697721826	-0.0174282987682	-7.61325872743e-05	0.0356374792966	-0.0446426708134	0.0236310856573	0.0550080676111	0.0071909057115	0.0421157835689	-0.00425726368831	-0.0723050787137	-0.0135601877122	0.0288499381499	-0.0150266952584	-0.0249091289956	-0.0255674444566	-0.0127877600002	-0.0587266709194	0.0347342882899	-0.0282388335696	-0.0110479810631	-0.00940808646544	-0.00653084588268	-0.0380703300353	-0.0485661777043	0.0148447075391	0.0215226154242	-0.0276145168155	0.0205064061818	-0.0275106040525	0.0826504592557	-0.0150488018588	0.0120576312068	0.0253144103849	-0.0273228484154	0.0147265841579	-0.0406309530636	-0.0395153738159	-0.0936327681549	-0.0129151878403	-0.0597224865742	-0.0740808652737	0.0567036315597	-0.00611977223938	0.0314606908307	-0.0294829689293	0.0143055539823	-0.014814815084	0.00052520557065	-0.108168849236
k__Bacteria;p__Bacteroidetes;c__Bacteroidia;o__Bacteroidales;f__Rikenellaceae;g__Alistipes;s__Alistipes_putredinis	0.0389186539219	-0.0106733155421	1.0	0.0177463801781	-0.00329129147062	-0.077976783271	-0.0793302797885	-0.00643086121174	0.0119886611668	-0.0174369828329	0.0309094280008	0.0474181960234	-0.00472131377734	-0.0340043404133	-0.0268389201332	-0.0297105543463	0.0532441854176	-0.0312862366894	-0.0480961258296	-0.0342249489145	-0.0314835024716	-0.0492865901882	0.0199576354935	0.000241659640924	-0.110823766039	-0.0232847336328	0.0105905962727	-0.028274578912	0.0371507956288	-0.0422588585286	-0.0377857350727	-0.0205146897512	-0.0217610665396	0.0102729977515	-0.00286550125742	0.0402107001075	-0.0127936752202	-0.0389630947013	-0.0285181605527	-0.0401415819745	0.0065620271444	0.0087475690151	-0.0116511682625	-0.012721415434	-0.0359144581183	-0.00826814335731	-0.0551064270377	-0.039547842084	-0.0229324267441	-0.0601834498203	0.0485804164765	0.0125922679448	0.00207515544563	0.00603588750855	0.00858714792267	-0.0159161121903	0.0302192680746	0.00175013244289	0.00941787342893
k__Bacteria;p__Bacteroidetes;c__Bacteroidia;o__Bacteroidales;f__Prevotellaceae;g__Prevotella;s__Prevotella_copri	0.0304430522893	-0.00301300884202	0.0177463801781	1.0	0.00561349838232	-0.0378197684603	-0.00980529774186	-0.0258143270457	-0.037071722543	0.0623019027555	0.0528950324491	-0.0165620158499	-0.0253658722125	-0.017613742118	-0.0278965842705	0.0208437908656	0.00852786471391	-0.0210158398143	0.0203925474061	-0.0238255785378	0.0565419224769	-0.047996801607	-0.0233077976933	-0.0347598385482	-0.0198779742356	0.0359246273913	-0.0201030270794	-0.0487621006008	0.038277948755	-0.0532146254467	-0.00325529142517	0.0580088341827	0.00201341946176	0.0129511953684	0.00111710135024	0.00968040947299	-0.000826531038934	-0.0346154579385	0.0887436102729	0.0306111118105	-0.0402979630149	-0.0210140540518	-0.0127855293488	-0.00921022877295	0.0255778990697	-0.0601387024461	-0.0476116396857	-0.0316948523604	-0.0308923088122	0.0071127320745	-0.0050100774523	-0.0482351007572	0.01219221993	-0.0635760426217	-0.00656067706108	-0.0294040474892	-0.0260509761623	-0.00144291253677	-0.0184965094513
k__Bacteria;p__Bacteroidetes;c__Bacteroidia;o__Bacteroidales;f__Bacteroidaceae;g__Bacteroides;s__Bacteroides_stercoris	0.0294845241248	0.0112638168169	-0.00329129147062	0.00561349838232	1.0	0.010960428736	-0.0142436830034	0.0249822850211	0.0217641347274	-0.0176513375919	0.0465217891937	0.0362378307637	-0.0602597419173	-0.04644152716	-0.0120848309022	-0.0562583299713	-0.069108061245	-0.0166682958811	0.0239757461016	-0.00412373879578	-0.0365521040564	0.0805693902552	-0.0553384332214	-0.0696314548207	0.0216568455551	0.079906092174	0.0100561554578	-0.032640457208	-0.0229740508351	-0.0237460946527	-0.0122397974018	-0.0201555673471	-0.0302642290904	-0.0190803256341	-0.0375592185771	-0.0394951820785	0.0175772560665	0.0410220533399	-0.0604813535753	0.010760502701	-0.0105710815211	-0.00558864651131	-0.0139889256623	-0.0178697221304	-0.0289934119219	-0.0684136969655	0.0267887415156	-0.0123046578354	-0.0168195363383	-0.0313708406109	0.00347570778804	0.0147062762185	-0.0114488041981	0.0311842645793	-0.0226285466043	0.0459463870383	0.0411526715334	0.00532537328221	-0.0216136871013
k__Bacteria;p__Bacteroidetes;c__Bacteroidia;o__Bacteroidales;f__Bacteroidaceae;g__Bacteroides;s__Bacteroides_ovatus	0.0351664324081	-0.00202429730091	-0.077976783271	-0.0378197684603	0.010960428736	1.0	0.00314480812732	0.0159816953594	-0.00322828378368	-0.0273132208831	-0.00993791655455	0.0113779896648	-0.0641175047842	-0.0362670154037	-0.00590269091644	-0.0130041764744	-0.0130180646568	0.0360607419699	0.0238369019148	0.0238158569037	0.0174844242083	-0.00129190022011	-0.0104730365153	-0.0599947915722	0.00635815417379	0.029694946001	0.00698854935127	-0.00367354108918	-0.0165788361944	-0.0432568688295	-0.0172272369533	0.00472009472366	-0.000120671597271	-0.00181866190609	-0.0671354831747	-0.0197191052934	0.0476063144739	0.0135953124936	-0.0324789258741	0.0464170369	-3.26090548313e-05	-0.0154645597436	-0.0163477816405	-0.0489443618754	-0.034671657953	-0.0553246853076	-0.0408620825183	-0.0186024625339	-0.00892491855036	0.00667862352253	0.0334149172433	-0.0125675429855	0.04542401639	-0.00329978892701	0.033021233725	-0.0406464914837	0.0341113101279	-0.0322088966215	0.0306815599201
k__Bacteria;p__Bacteroidetes;c__Bacteroidia;o__Bacteroidales;f__Rikenellaceae;g__Alistipes;s__Alistipes_shahii	-0.0263671118529	0.00348189717258	-0.0793302797885	-0.00980529774186	-0.0142436830034	0.00314480812732	1.0	0.0074607017046	-0.0112673113551	0.000425873401904	0.0368402711893	0.00640862068151	0.0167793251099	-0.0141398056749	-0.0732461892244	-0.0186878688648	0.0609881806274	0.0153802469447	-0.0778828626525	0.0104130003599	-0.049025477166	0.0350969846445	-0.0530154188975	0.0583053185105	-0.0201706933115	0.0180968915678	-0.0484341745328	0.01354160229	0.00335876274179	-0.0512234609973	-0.0450256306887	0.0110643900311	0.0577978358065	0.0256212149651	-0.0563790307918	-0.0933855555635	0.0179156947669	0.0114691033441	0.00076110981929	0.0537270342746	-0.0440069253928	-0.076160965495	-0.0162527783576	-0.0400845662493	-0.0255665224709	-0.0360845028071	-0.0171084105766	0.00369120813421	0.0082747357204	-0.0140000179408	0.0846491247563	0.0414118867848	-0.043950888186	-0.0622022431339	-0.00332598731731	0.0269461923092	-0.031909418801	-0.0308263876352	0.0744370825001
k__Bacteria;p__Firmicutes;c__Clostridia;o__Clostridiales;f__Ruminococcaceae;g__Faecalibacterium;s__Faecalibacterium_prausnitzii	0.0115953417565	0.0298139778766	-0.00643086121174	-0.0258143270457	0.0249822850211	0.0159816953594	0.0074607017046	1.0	-0.0196690550765	-0.0200679433688	-0.0220703490906	0.0204735291259	-0.00151219519245	-0.0230331608649	-0.00402927980512	-0.0354210038413	0.0199310259764	0.00104626591786	-0.012326998978	0.0963460693938	0.00584216242107	-0.00706241052296	-0.00429927841442	0.0329821268497	0.0546658903305	-0.0176345893885	0.0218495088435	-0.0479195173774	-0.020420490046	-0.00324693144605	-0.0449572959409	-0.0128356905734	-0.0444744088309	-0.00737620942703	-0.0695176277411	-0.0393031059359	0.0271820032762	-0.0566376811764	-0.0292768631319	0.0252140383589	-0.00277122452748	-0.082617073949	-0.010421971011	-0.0289360014162	0.00252103808554	-0.0725995401432	-0.043642036798	-0.0347347572595	-0.0363696993748	0.00487570881734	-0.0325630890847	0.0181379754705	-0.00715884361617	-0.01457833693	-0.0544768008264	-0.0431832646762	-0.0384116316475	-0.00702038910181	-0.0205313293119
k__Bacteria;p__Bacteroidetes;c__Bacteroidia;o__Bacteroidales;f__Rikenellaceae;g__Alistipes;s__Alistipes_finegoldii	0.0255065152799	-0.0198621756026	0.0119886611668	-0.037071722543	0.0217641347274	-0.00322828378368	-0.0112673113551	-0.0196690550765	1.0	0.0461235762209	-0.000474972533208	0.00769791021437	-0.0131837386255	-0.0286725261473	-0.0352154902061	0.0475267135408	0.012266891343	0.015572872179	0.00715946765561	-0.0199475928954	0.0258186424624	0.0412434487624	-0.0713361289638	0.0195404288425	-0.0201048212003	-0.0983293134284	0.0532880687061	-0.00464695002408	-0.0889478071518	0.0139788812839	-0.000319918896502	-0.100375150912	0.00717380064829	0.0379424752442	-0.029576199998	0.0125250371608	0.031650430696	-0.00232192720597	0.0524879848157	-0.0169293632606	-0.0262568486881	0.0152087053581	-0.0197644489677	-0.0415468157219	0.0353781309968	-0.0135610067827	0.0372588909559	0.021161024216	-0.0113068664225	-0.00416744190798	-0.0204666258113	-0.00185082613142	-0.0391018057027	0.00315253150818	-0.0451043051847	-0.000598110551312	0.0232522789438	0.00325739680255	-0.0318250873216
k__Bacteria;p__Bacteroidetes;c__Bacteroidia;o__Bacteroidales;f__Porphyromonadaceae;g__Parabacteroides;s__Parabacteroides_distasonis	-0.096608753639	0.00546697721826	-0.0174369828329	0.0623019027555	-0.0176513375919	-0.0273132208831	0.000425873401904	-0.0200679433688	0.0461235762209	1.0	-0.0489522590785	-0.0198119189574	-0.0436245220759	-0.0595514213676	0.0552704546875	-0.0567272356412	-0.00168337071932	-0.0265403660437	0.00451348681018	-0.0183252325148	-0.0448367227835	-0.0386337815356	0.00868129718017	-0.0613528219897	0.0167207653336	0.0104639892104	0.0101742144052	-0.0421547493005	0.00944097704209	-0.0114328604301	0.0509712197833	-0.0229827846616	0.00944365563319	0.0221869896151	0.0189125802951	0.0603509237615	-0.0288364594558	-0.0276224610368	-0.0553475428789	0.0134673748696	0.0123837700888	0.0381748476427	0.0340342208992	0.0352614854869	-0.0376693566604	0.0254465217092	-0.0641648771268	0.0383047181992	-0.0545012591849	0.0176887642009	0.0117670095695	0.00278861301017	0.0262933880166	0.0653522855084	0.0077655448043	0.00461419724256	0.040145595774	-0.0771404939033	0.014728377993
k__Bacteria;p__Bacteroidetes;c__Bacteroidia;o__Bacteroidales;f__Bacteroidaceae;g__Bacteroides;s__Bacteroides_thetaiotaomicron	-0.00183167265582	-0.0174282987682	0.0309094280008	0.0528950324491	0.0465217891937	-0.00993791655455	0.0368402711893	-0.0220703490906	-0.000474972533208	-0.0489522590785	1.0	-0.014830053427	-0.00481176834937	0.00786992097826	0.0341544133097	0.000891557582748	-0.0260874633131	0.0244747478994	-0.0371356649374	-0.0257074658399	0.00225529602793	0.0471656181505	-0.0412624264624	-0.0645665207218	-0.0403787348854	-0.0772144259869	-0.0265528959302	0.0396132584689	0.039290423839	-0.005684253345	-0.0290943588823	-0.0123058090101	-0.017666535661	-0.05399712098	-0.0092229151971	-0.0514578632058	0.0139892556637	0.0184709227881	0.0163347890277	0.00956568106854	-0.0259218725076	-0.0549881778488	-0.10084306561	0.0100482965753	-0.0356737400238	-0.0922106945756	-0.00233621018727	0.0370087035431	0.0370943951013	0.0293069113382	0.0183990432774	0.0538264053967	-0.00587985319593	0.0216237447916	0.0061122963495	-0.0111420662217	-0.0459738816358	-0.0219403619603	0.0133315440128
k__Bacteria;p__Bacteroidetes;c__Bacteroidia;o__Bacteroidales;f__Bacteroidaceae;g__Bacteroides;s__Bacteroides_coprocola	0.0334933105729	-7.61325872743e-05	0.0474181960234	-0.0165620158499	0.0362378307637	0.0113779896648	0.00640862068151	0.0204735291259	0.00769791021437	-0.0198119189574	-0.014830053427	1.0	-0.0518685814328	0.016124355988	0.00539833881913	-0.00474782882982	-0.0571235371011	0.0430510849187	-0.0341427508033	-0.0468202143211	0.00630976855351	-0.0310775758013	0.0649346531284	-0.035260086206	-0.0244012256296	-0.0428445663522	0.02275065881	-0.0177192986987	-0.0464418743865	0.00782296323661	0.0101709844763	-0.0412953628928	-0.0250070716398	-0.0111406813556	0.00152011907029	-0.0202209803144	-0.00509771291615	-0.0125223473297	0.0218538007471	0.00453521415908	0.0353362611535	0.00601060671424	-0.0673697088217	-0.0773163894589	-0.011805809235	-0.0635458195883	-0.0105293552808	-0.0481263967454	0.0363911145353	-0.0365699162463	-0.0371504080841	-0.0430728715068	0.0465417214371	-0.000763681497442	-0.0735716917093	0.0239914083911	0.0115474866754	-0.036318360158	-0.0386243637184
k__Bacteria;p__Bacteroidetes;c__Bacteroidia;o__Bacteroidales;f__Bacteroidaceae;g__Bacteroides;s__Bacteroides_cellulosilyticus	-0.0266307772615	0.0356374792966	-0.00472131377734	-0.0253658722125	-0.0602597419173	-0.0641175047842	0.0167793251099	-0.00151219519245	-0.0131837386255	-0.0436245220759	-0.00481176834937	-0.0518685814328	1.0	-0.044165060089	0.0269155923046	0.00733336822075	-0.0721236755419	0.0362835978177	-0.0240508338272	0.0210749495006	-0.0227106237911	-0.0106528127734	-0.0325300071541	0.0861974342988	-0.00781067826245	-0.010065575284	0.0248028359527	-0.0678635914797	0.0155554475988	-0.0438542863387	0.0225955542283	-0.0583363785492	0.00939092683499	-0.0127918139904	-0.0223967657565	0.0161932538417	-0.0117255359866	-0.0435971309171	0.0245458863768	0.0253521692683	-0.0195273815611	-0.0316718826024	-0.00850476786256	-0.0443971545339	-0.015654813972	-0.00967417539198	0.0115660099532	-0.0626218141177	-0.0218705890288	0.0111858413196	-0.0322915306739	0.013025560917	-0.00444665058892	-0.0156405904108	-0.0392561714598	0.0550203982832	-0.0378666714004	0.0164836329883	-0.052606114682
k__Bacteria;p__Bacteroidetes;c__Bacteroidia;o__Bacteroidales;f__Rikenellaceae;g__Alistipes;s__Alistipes_obesi	-0.0285096756647	-0.0446426708134	-0.0340043404133	-0.017613742118	-0.04644152716	-0.0362670154037	-0.0141398056749	-0.0230331608649	-0.0286725261473	-0.0595514213676	0.00786992097826	0.016124355988	-0.044165060089	1.0	-0.0748014902849	-0.0329547935515	0.0913855499226	-0.040281834139	0.0397614725269	-0.0155937831764	0.00345189165751	0.00146667747606	-0.00232023408774	-0.0264372956835	-0.00973747489585	0.0152126205725	0.0116255517536	-0.0564323289484	0.022930915676	-0.00722215296424	-0.00576756416194	0.0133123963614	0.0503858595213	0.00297799782605	-0.00492550637413	-0.00787845436125	-0.0236049848528	-0.00490396113072	0.0428602533693	-0.0377167301419	0.00175761138762	-0.0374566307163	-0.00347793727642	-0.0507899554683	0.0130876058044	-0.00999720637907	-0.0179084162379	-0.041744303723	-0.0465129810626	-0.0167860092711	-0.00912785647493	-0.0407909012521	-0.0138568960659	-0.0130672364872	0.0383410783102	-0.0211830379748	-0.0312699809249	0.0620638922653	0.0210673489317
k__Bacteria;p__Firmicutes;c__Clostridia;o__Clostridiales;f__Lachnospiraceae;g__;s__[Eubacterium]_rectale	-0.00824766651233	0.0236310856573	-0.0268389201332	-0.0278965842705	-0.0120848309022	-0.00590269091644	-0.0732461892244	-0.00402927980512	-0.0352154902061	0.0552704546875	0.0341544133097	0.00539833881913	0.0269155923046	-0.0748014902849	1.0	-0.0396260201338	-0.0458193131452	-0.0231285428618	-0.015273270531	0.00982550400948	-0.00733891267958	0.017976733208	0.0243118281293	-0.0084348693657	-0.0343515417972	0.0177234656494	-0.0234920443493	-0.050511992685	0.0263061732157	0.0129313761302	0.012792187947	-0.0477154311744	0.00916893898374	-0.0656047570574	-0.0359686252252	0.0175688455579	-0.00853076475913	0.00122011779532	0.0124461983654	-0.0073941261915	-0.0261317805417	-0.0103793053841	0.0458239851374	-0.0679107816886	-0.0265812713474	0.038062464601	-0.0180697181543	-0.00545161689022	0.0509383790278	-0.0305891766353	-0.0445931809461	-0.0260374214013	-0.0121258265613	0.0295840679464	0.0114829234209	-0.0162405508637	-0.0517030623125	-0.0222795052134	-0.000425685905605
k__Bacteria;p__Bacteroidetes;c__Bacteroidia;o__Bacteroidales;f__Bacteroidaceae;g__Bacteroides;s__Bacteroides_plebeius	-0.0169244172571	0.0550080676111	-0.0297105543463	0.0208437908656	-0.0562583299713	-0.0130041764744	-0.0186878688648	-0.0354210038413	0.0475267135408	-0.0567272356412	0.000891557582748	-0.00474782882982	0.00733336822075	-0.0329547935515	-0.0396260201338	1.0	0.0204130072153	-0.0167005404464	-0.0575713656845	0.0202637534612	0.0554922652028	-0.0467389236444	-0.010954439711	-0.00134847232833	-0.0185794334874	-0.0145457608017	0.00224707607593	0.00699705829516	-0.0325822858303	-0.0171215948819	-0.00714944201692	0.00271648205015	-0.00561364217482	-0.0322162857259	0.0176170514156	-0.0572478249261	0.0363108872622	-0.00329260023297	0.0168101179793	-0.0414712240321	-0.0280499919496	-0.117644909402	0.00815606212461	0.0101314631201	-0.00891919875522	0.0135523205824	0.0192497916453	-0.00694733305954	0.0124702108506	-0.0170353099664	0.00586151457034	-0.00616695560307	-0.0616483311959	0.0191890493646	-0.045837480453	0.0267278174786	0.0208869573243	-0.025148969539	0.0456663119027
k__Bacteria;p__Bacteroidetes;c__Bacteroidia;o__Bacteroidales;f__Bacteroidaceae;g__Bacteroides;s__Bacteroides_fragilis	-0.0314135204042	0.0071909057115	0.0532441854176	0.00852786471391	-0.069108061245	-0.0130180646568	0.0609881806274	0.0199310259764	0.012266891343	-0.00168337071932	-0.0260874633131	-0.0571235371011	-0.0721236755419	0.0913855499226	-0.0458193131452	0.0204130072153	1.0	-0.0219245249119	-0.0750686377461	-0.0525001508678	-0.0817690665182	-0.0242876781449	0.0628002772811	-0.00873426349936	-0.0356606016188	-0.0476366118869	0.00193687841685	0.0302618133462	-0.0306020810247	0.00681252357245	-0.0120601819703	-0.026453321117	-0.0144604976847	0.0388309899218	0.00335849907069	-0.00272429369799	-0.0110987167356	0.0343206330131	-0.0514821921878	-0.0384902100626	-0.0465159545825	-0.0249151686217	0.0355939873629	0.0235361846218	-0.0221999511479	-0.057513525854	-0.0313105960699	0.00554557922124	0.00892254821872	-0.0256385615763	-0.0534199293092	-0.0212108821636	0.0518920047846	-0.0640747890716	0.0373972355086	0.012887374859	-0.0334945898514	-0.0210239043647	0.000890519804909
k__Bacteria;p__Proteobacteria;c__Betaproteobacteria;o__Burkholderiales;f__Sutterellaceae;g__Sutterella;s__Sutterella_wadsworthensis	0.0399474373605	0.0421157835689	-0.0312862366894	-0.0210158398143	-0.0166682958811	0.0360607419699	0.0153802469447	0.00104626591786	0.015572872179	-0.0265403660437	0.0244747478994	0.0430510849187	0.0362835978177	-0.040281834139	-0.0231285428618	-0.0167005404464	-0.0219245249119	1.0	-0.0142546179977	-0.032674604027	-0.0510144763031	0.0244123310014	0.0501112247175	0.0575911573645	0.0308594330323	0.0193270009931	0.0403195147233	0.0220023112587	-0.0588135196408	-0.0204909647289	0.0211578889848	0.0481641425872	-0.0167919491306	-0.000113915669958	-0.0188380013995	-0.0038023770793	-0.00388764456997	-0.0101283138936	-0.094339763199	-0.077250583797	-0.0134689361206	0.0237769999412	0.0062982527719	0.082905508781	-0.0423118690902	-0.030233497938	-0.0126500415007	-0.0319369451967	-0.0728318551027	-0.0395199915824	-0.0258254307319	0.00822460418459	0.00741571535654	0.0344925886264	0.0387353796194	0.0032593957691	0.0164623691987	-0.0274469488112	-0.00780689209348
k__Bacteria;p__Bacteroidetes;c__Bacteroidia;o__Bacteroidales;f__Porphyromonadaceae;g__Barnesiella;s__Barnesiella_intestinihominis	0.00781212096169	-0.00425726368831	-0.0480961258296	0.0203925474061	0.0239757461016	0.0238369019148	-0.0778828626525	-0.012326998978	0.00715946765561	0.00451348681018	-0.0371356649374	-0.0341427508033	-0.0240508338272	0.0397614725269	-0.015273270531	-0.0575713656845	-0.0750686377461	-0.0142546179977	1.0	0.00896334587163	-0.0149968450105	0.0495230735861	-0.0404134347779	0.0295308138364	-0.0340476728612	-0.0034797711383	0.00786159445379	-0.0403534507157	0.00573776267722	-0.0566754278035	0.041643877285	0.00311711412905	0.0308522133359	-0.00803194126041	-0.0194804464379	0.018439841068	0.0267512239793	0.0288202939512	0.0337884392747	0.0279117221878	-0.0399833779043	0.0283910024541	-0.0764673400854	0.00190808729312	0.0798535956202	-0.0539388892534	-0.0308489664732	-0.0740136395891	0.0121550304556	-0.0650825706254	0.00923817749903	-0.0499606529303	-0.0433823651455	0.00601543096191	0.0768298593367	-0.0230197655092	-0.0249216910755	-0.0381214212739	-0.0349003843617
k__Bacteria;p__Bacteroidetes;c__Bacteroidia;o__Bacteroidales;f__Odoribacteraceae;g__Odoribacter;s__Odoribacter_splanchnicus	-0.00834233590405	-0.0723050787137	-0.0342249489145	-0.0238255785378	-0.00412373879578	0.0238158569037	0.0104130003599	0.0963460693938	-0.0199475928954	-0.0183252325148	-0.0257074658399	-0.0468202143211	0.0210749495006	-0.0155937831764	0.00982550400948	0.0202637534612	-0.0525001508678	-0.032674604027	0.00896334587163	1.0	0.00795104786666	-0.0110923560896	0.0138863446007	0.0110589548015	0.0018766877509	0.0351804081169	0.0054331153585	-0.0200145935796	0.00320223815396	-0.0380015334884	-0.0273939513411	-0.050517182771	-0.00691128055473	0.0199881239178	0.0616801188143	0.049592325297	0.00145350603134	-0.00385477985179	-0.0679553249956	-0.0152545836486	0.0342891384948	-0.0656115325082	-0.0190014684347	-0.0395779851818	-0.018394878273	0.00164135662494	0.0141179710623	0.0170109480368	-0.0378203688306	-0.0643482528634	0.00310491829089	0.031430252035	-0.0551552290717	0.0150166846547	0.0179686058722	-0.0234753999595	0.0427276571452	0.0303936564158	0.0684340344305
k__Bacteria;p__Bacteroidetes;c__Bacteroidia;o__Bacteroidales;f__Bacteroidaceae;g__Bacteroides;s__Bacteroides_salyersiae	0.00499791907001	-0.0135601877122	-0.0314835024716	0.0565419224769	-0.0365521040564	0.0174844242083	-0.049025477166	0.00584216242107	0.0258186424624	-0.0448367227835	0.00225529602793	0.00630976855351	-0.0227106237911	0.00345189165751	-0.00733891267958	0.0554922652028	-0.0817690665182	-0.0510144763031	-0.0149968450105	0.00795104786666	1.0	-0.027164952588	-0.020295148735	0.0176790926751	0.045573194815	-0.0148755252221	0.064400088473	-0.0354787277792	-0.05446055454	0.0231750300409	0.0179501065351	-0.0218785936415	-0.0116274426811	-0.12583936836	0.0125258294261	0.00163961205325	0.0184460411282	-0.0422427811744	0.0487485009417	0.0237000289191	0.0802862921623	-0.0434574836705	0.0995473389219	-0.0593384049513	-0.0308193719828	-0.0158992808537	0.0117393588583	0.0389169806645	0.00223501950781	-0.0311691231384	-0.0217544362475	-0.0358956606823	-0.0357658751451	-0.0107023335552	-0.0144704652872	-0.0441599113889	-0.031853476269	-0.00928902758019	-0.101786689914
k__Bacteria;p__Firmicutes;c__Clostridia;o__Clostridiales;f__Ruminococcaceae;g__Ruminiclostridium;s__[Eubacterium]_siraeum	-0.0151396900918	0.0288499381499	-0.0492865901882	-0.047996801607	0.0805693902552	-0.00129190022011	0.0350969846445	-0.00706241052296	0.0412434487624	-0.0386337815356	0.0471656181505	-0.0310775758013	-0.0106528127734	0.00146667747606	0.017976733208	-0.0467389236444	-0.0242876781449	0.0244123310014	0.0495230735861	-0.0110923560896	-0.027164952588	1.0	0.0439360431105	0.00225926094347	-0.0560564822387	0.0171515493852	-0.0554552266061	-0.0326944318435	0.0287503690459	0.037209272147	0.083806206344	0.0299767629963	-0.0134251309337	-0.00579787152723	-0.0542869796753	-0.028929956247	-0.0393921890107	-0.0511430306135	0.000568578168118	0.0607531446136	0.0439608007526	-0.0527416593502	0.0613999271327	0.0411201821045	-0.00479076057644	-0.0197207247334	0.00838988029925	-0.0676803525088	0.00442174732016	0.0699975529001	-0.00905951876393	-0.0059618622739	-0.0512333661918	0.010584770342	-0.0081541288446	-0.00601964394038	0.00669622137787	-0.0158839377514	-0.00459018441028
k__Bacteria;p__Proteobacteria;c__Betaproteobacteria;o__Burkholderiales;f__Sutterellaceae;g__Parasutterella;s__Parasutterella_excrementihominis	0.0795635958196	-0.0150266952584	0.0199576354935	-0.0233077976933	-0.0553384332214	-0.0104730365153	-0.0530154188975	-0.00429927841442	-0.0713361289638	0.00868129718017	-0.0412624264624	0.0649346531284	-0.0325300071541	-0.00232023408774	0.0243118281293	-0.010954439711	0.0628002772811	0.0501112247175	-0.0404134347779	0.0138863446007	-0.020295148735	0.0439360431105	1.0	-0.0345878254033	-0.00581057733554	-0.0388657574445	-0.0439503320442	-0.00906856170254	-0.049976359953	-0.00818188249994	0.0765188362967	-0.0155634055994	-0.0893369174681	0.000606604352275	0.00894137438913	0.0785927190155	-0.0174250181276	0.019103139899	-0.0183463358875	-0.0228074054767	-0.00529984421379	0.0387048993382	-0.0325945437628	-0.0160981167771	0.0491914764303	-0.0306661730339	-0.0579529453748	-0.032112696992	0.000831378534763	-0.0580684536902	-0.0680252212929	0.00729380165074	0.0784229844628	-0.0601431037492	-0.0286807159181	-0.0690917814914	-0.024626892949	0.0556241142998	-0.0231500945216
k__Bacteria;p__Actinobacteria;c__Actinobacteria;o__Bifidobacteriales;f__Bifidobacteriaceae;g__Bifidobacterium;s__Bifidobacterium_adolescentis	0.0197260934962	-0.0249091289956	0.000241659640924	-0.0347598385482	-0.0696314548207	-0.0599947915722	0.0583053185105	0.0329821268497	0.0195404288425	-0.0613528219897	-0.0645665207218	-0.035260086206	0.0861974342988	-0.0264372956835	-0.0084348693657	-0.00134847232833	-0.00873426349936	0.0575911573645	0.0295308138364	0.0110589548015	0.0176790926751	0.00225926094347	-0.0345878254033	1.0	0.019954037914	-0.0116936933593	0.0193055348174	-0.050267005611	0.0159401588897	-0.0196167556272	-0.0256652945025	-0.0623337383441	-0.0342684092896	-0.028692784017	-0.0245785113985	-0.0324825468654	0.0761467946702	-0.00142562074417	0.0126214074306	-0.0105602435319	-0.0262311961278	-0.0747615312094	-0.0553612954046	0.0602432951713	0.00611999527493	-0.0497032027903	0.0278229262545	-0.0324579508092	0.0280735188601	-0.0264004142503	-0.0265522076647	-0.0623925938461	-0.0252837666083	0.00502228933653	0.00181275618013	-0.0762454309817	-0.0612953753511	-0.0552319389211	-0.00307967807569
k__Bacteria;p__Firmicutes;c__Clostridia;o__Clostridiales;f__Oscillospiraceae;g__Oscillibacter;s__Oscillibacter_sp._KLE_1745	0.0116210199311	-0.0255674444566	-0.110823766039	-0.0198779742356	0.0216568455551	0.00635815417379	-0.0201706933115	0.0546658903305	-0.0201048212003	0.0167207653336	-0.0403787348854	-0.0244012256296	-0.00781067826245	-0.00973747489584	-0.0343515417972	-0.0185794334874	-0.0356606016188	0.0308594330323	-0.0340476728612	0.0018766877509	0.045573194815	-0.0560564822387	-0.00581057733554	0.019954037914	1.0	0.00579710822948	-0.0640863253785	-0.00295536420961	-0.0490763247728	0.0511517500347	0.0105976948217	0.0747115297615	-0.00110004071018	-0.0659216735796	0.0156150107612	-0.0282204916958	0.00432528066529	-0.0290346611869	0.0234591476211	0.0507339224144	0.0515812975053	-0.0427495594047	0.00621953336196	0.0170796253686	-0.0252108669194	-0.0365920501656	0.013494274367	-0.006925873779	0.010900956904	-0.110987853752	0.0261140039459	-0.000489877204403	0.0535408106435	0.0312432972122	-0.0235814632692	-0.0714478353399	-0.0400856582084	-0.0386688169314	0.0326849952114
k__Bacteria;p__Bacteroidetes;c__Bacteroidia;o__Bacteroidales;f__Bacteroidaceae;g__Bacteroides;s__Bacteroides_coprophilus	-0.00144630565784	-0.0127877600002	-0.0232847336328	0.0359246273913	0.079906092174	0.029694946001	0.0180968915678	-0.0176345893885	-0.0983293134284	0.0104639892104	-0.0772144259869	-0.0428445663522	-0.010065575284	0.0152126205725	0.0177234656494	-0.0145457608017	-0.0476366118869	0.0193270009931	-0.0034797711383	0.0351804081169	-0.0148755252221	0.0171515493852	-0.0388657574445	-0.0116936933593	0.00579710822948	1.0	-0.0242264172772	0.0249856591385	-0.0144898219109	0.0313949896167	0.0911802944547	-0.00775321558109	0.000909978226556	-0.0197970515561	-0.00418180675233	0.0126561309896	-0.0392842897357	-0.0228831826534	-0.0317167121452	-0.077547196231	-0.0264874948785	0.0183488412898	0.0471856695399	-0.0642697662666	0.0218945031328	0.0121249407269	-0.0122423725056	-0.0646680404033	0.00396888702879	-0.0170975595302	0.0369401464592	0.0386107503835	-0.0540409740264	-0.0473584751477	0.0353597097189	0.0309279325392	0.010826040444	-0.0358399076217	-0.0367537803866
k__Bacteria;p__Firmicutes;c__Clostridia;o__Clostridiales;f__Lachnospiraceae;g__Roseburia;s__Roseburia_intestinalis	0.0297174526263	-0.0587266709194	0.0105905962727	-0.0201030270794	0.0100561554578	0.00698854935127	-0.0484341745328	0.0218495088435	0.0532880687061	0.0101742144052	-0.0265528959302	0.02275065881	0.0248028359527	0.0116255517536	-0.0234920443493	0.00224707607593	0.00193687841684	0.0403195147233	0.00786159445379	0.0054331153585	0.064400088473	-0.0554552266061	-0.0439503320442	0.0193055348174	-0.0640863253785	-0.0242264172772	1.0	-0.0235643409054	0.0471282808063	-0.0251593689792	-0.0336909371058	-0.0499573605413	-0.0331801498857	0.0350234837568	-0.0524553271203	-0.0217428081755	-0.0500103507146	-0.0190455616436	0.0525090683664	-0.0284775715762	-0.0133970313577	0.0344035085004	0.0706072914793	-0.0334239797797	0.00671011803374	-0.0869470927426	0.0187544575897	-0.0347297054398	-0.010586682273	-0.0283740240692	-0.0215757681157	0.0823794899748	-0.0667684705876	0.0376828639673	0.0407432235546	-0.00733466336655	-0.077882840011	-0.00694525102175	0.019872598872
k__Bacteria;p__Firmicutes;c__Clostridia;o__Clostridiales;f__Lachnospiraceae;g__Roseburia;s__Roseburia_hominis	-0.0392681259344	0.0347342882899	-0.028274578912	-0.0487621006008	-0.032640457208	-0.00367354108918	0.01354160229	-0.0479195173774	-0.00464695002408	-0.0421547493005	0.0396132584689	-0.0177192986987	-0.0678635914797	-0.0564323289484	-0.050511992685	0.00699705829516	0.0302618133462	0.0220023112587	-0.0403534507157	-0.0200145935796	-0.0354787277792	-0.0326944318435	-0.00906856170254	-0.050267005611	-0.00295536420961	0.0249856591385	-0.0235643409054	1.0	-0.0353373247277	0.0547886035258	-0.00245282244482	-0.00121517224581	0.033184957955	0.0146484296196	0.0542682608065	-0.0120588932375	-0.0542986722768	-0.0463124572591	-0.0379908540189	-0.0280633963123	-0.0446647615368	-0.016587221035	-0.0193384971725	-0.0329346568206	0.0287967146031	-0.0190677571433	-0.0380701821278	0.0368632826919	0.00592199843212	0.0352540376757	0.00607147195749	0.0562562207948	-0.0360667305795	0.0422344386468	0.0259191039039	-0.0311504497299	-0.0293933947489	0.0312547085883	-0.0200720317033
k__Bacteria;p__Bacteroidetes;c__Bacteroidia;o__Bacteroidales;f__Porphyromonadaceae;g__Parabacteroides;s__Parabacteroides_johnsonii	-0.0240891638539	-0.0282388335696	0.0371507956288	0.038277948755	-0.0229740508351	-0.0165788361944	0.00335876274179	-0.020420490046	-0.0889478071518	0.00944097704209	0.039290423839	-0.0464418743865	0.0155554475988	0.022930915676	0.0263061732157	-0.0325822858303	-0.0306020810247	-0.0588135196408	0.00573776267722	0.00320223815396	-0.05446055454	0.0287503690459	-0.049976359953	0.0159401588897	-0.0490763247728	-0.0144898219109	0.0471282808063	-0.0353373247277	1.0	-0.0616248966968	-0.0280934134553	-0.0448252300024	-0.0579658608937	0.0488940132443	0.00222856395123	-0.0348568852286	-0.0132442496379	-0.0622718990134	0.00500112166923	0.0575212088695	0.0268800985524	-0.034684502284	-0.0594154533347	-0.00433231510803	-0.00817400234549	-0.0574157270265	0.00822871848937	-0.0291700295918	-0.00926864790501	0.0583890375081	0.0243534051988	-0.0107013698559	-0.0606764594415	-0.0653052453504	-0.00202654437033	0.0256730894928	-0.0583124872661	0.0187892570645	0.00245536281345
k__Bacteria;p__Actinobacteria;c__Actinobacteria;o__Bifidobacteriales;f__Bifidobacteriaceae;g__Bifidobacterium;s__Bifidobacterium_longum	-0.0360793792473	-0.0110479810631	-0.0422588585286	-0.0532146254467	-0.0237460946527	-0.0432568688295	-0.0512234609973	-0.00324693144605	0.0139788812839	-0.0114328604301	-0.005684253345	0.00782296323661	-0.0438542863387	-0.00722215296424	0.0129313761302	-0.0171215948819	0.00681252357245	-0.0204909647289	-0.0566754278035	-0.0380015334884	0.0231750300409	0.037209272147	-0.00818188249994	-0.0196167556272	0.0511517500347	0.0313949896167	-0.0251593689792	0.0547886035258	-0.0616248966968	1.0	-0.0231143107615	-0.0126323085226	0.0252242962626	-0.0329251911991	0.00589827032201	-0.000553606458616	-0.0258685663218	-0.0615663759568	-0.0237112078749	-0.0230714043128	-0.000969910114769	-0.0057100240577	0.0502059635686	-0.0222612565845	-0.00929774885143	0.0278258938831	0.0109050644146	0.0265904106913	0.0459931416109	0.0171378582458	-0.0210540874899	-0.0563534755375	0.00699884121948	-0.0211276412105	-0.0167432490541	-0.00643171136351	-0.0452912750421	-0.0349648071729	-0.00187507534096
