#taxonomy	k__Bacteria;p__Bacteroidetes;c__Bacteroidia;o__Bacteroidales;f__Bacteroidaceae;g__Bacteroides;s__Bacteroides_vulgatus	k__Bacteria;p__Bacteroidetes;c__Bacteroidia;o__Bacteroidales;f__Bacteroidaceae;g__Bacteroides;s__Bacteroides_uniformis	k__Bacteria;p__Bacteroidetes;c__Bacteroidia;o__Bacteroidales;f__Rikenellaceae;g__Alistipes;s__Alistipes_putredinis	k__Bacteria;p__Bacteroidetes;c__Bacteroidia;o__Bacteroidales;f__Prevotellaceae;g__Prevotella;s__Prevotella_copri	k__Bacteria;p__Bacteroidetes;c__Bacteroidia;o__Bacteroidales;f__Bacteroidaceae;g__Bacteroides;s__Bacteroides_stercoris	k__Bacteria;p__Bacteroidetes;c__Bacteroidia;o__Bacteroidales;f__Bacteroidaceae;g__Bacteroides;s__Bacteroides_ovatus	k__Bacteria;p__Bacteroidetes;c__Bacteroidia;o__Bacteroidales;f__Rikenellaceae;g__Alistipes;s__Alistipes_shahii	k__Bacteria;p__Firmicutes;c__Clostridia;o__Clostridiales;f__Ruminococcaceae;g__Faecalibacterium;s__Faecalibacterium_prausnitzii	k__Bacteria;p__Bacteroidetes;c__Bacteroidia;o__Bacteroidales;f__Rikenellaceae;g__Alistipes;s__Alistipes_finegoldii	k__Bacteria;p__Bacteroidetes;c__Bacteroidia;o__Bacteroidales;f__Porphyromonadaceae;g__Parabacteroides;s__Parabacteroides_distasonis	k__Bacteria;p__Bacteroidetes;c__Bacteroidia;o__Bacteroidales;f__Bacteroidaceae;g__Bacteroides;s__Bacteroides_thetaiotaomicron	k__Bacteria;p__Bacteroidetes;c__Bacteroidia;o__Bacteroidales;f__Bacteroidaceae;g__Bacteroides;s__Bacteroides_coprocola	k__Bacteria;p__Bacteroidetes;c__Bacteroidia;o__Bacteroidales;f__Bacteroidaceae;g__Bacteroides;s__Bacteroides_cellulosilyticus	k__Bacteria;p__Bacteroidetes;c__Bacteroidia;o__Bacteroidales;f__Rikenellaceae;g__Alistipes;s__Alistipes_obesi	k__Bacteria;p__Firmicutes;c__Clostridia;o__Clostridiales;f__Lachnospiraceae;g__;s__[Eubacterium]_rectale	k__Bacteria;p__Bacteroidetes;c__Bacteroidia;o__Bacteroidales;f__Bacteroidaceae;g__Bacteroides;s__Bacteroides_plebeius	k__Bacteria;p__Bacteroidetes;c__Bacteroidia;o__Bacteroidales;f__Bacteroidaceae;g__Bacteroides;s__Bacteroides_fragilis	k__Bacteria;p__Proteobacteria;c__Betaproteobacteria;o__Burkholderiales;f__Sutterellaceae;g__Sutterella;s__Sutterella_wadsworthensis	k__Bacteria;p__Bacteroidetes;c__Bacteroidia;o__Bacteroidales;f__Porphyromonadaceae;g__Barnesiella;s__Barnesiella_intestinihominis	k__Bacteria;p__Bacteroidetes;c__Bacteroidia;o__Bacteroidales;f__Odoribacteraceae;g__Odoribacter;s__Odoribacter_splanchnicus	k__Bacteria;p__Bacteroidetes;c__Bacteroidia;o__Bacteroidales;f__Bacteroidaceae;g__Bacteroides;s__Bacteroides_salyersiae	k__Bacteria;p__Firmicutes;c__Clostridia;o__Clostridiales;f__Ruminococcaceae;g__Ruminiclostridium;s__[Eubacterium]_siraeum	k__Bacteria;p__Proteobacteria;c__Betaproteobacteria;o__Burkholderiales;f__Sutterellaceae;g__Parasutterella;s__Parasutterella_excrementihominis	k__Bacteria;p__Actinobacteria;c__Actinobacteria;o__Bifidobacteriales;f__Bifidobacteriaceae;g__Bifidobacterium;s__Bifidobacterium_adolescentis	k__Bacteria;p__Firmicutes;c__Clostridia;o__Clostridiales;f__Oscillospiraceae;g__Oscillibacter;s__Oscillibacter_sp._KLE_1745	k__Bacteria;p__Bacteroidetes;c__Bacteroidia;o__Bacteroidales;f__Bacteroidaceae;g__Bacteroides;s__Bacteroides_coprophilus	k__Bacteria;p__Firmicutes;c__Clostridia;o__Clostridiales;f__Lachnospiraceae;g__Roseburia;s__Roseburia_intestinalis	k__Bacteria;p__Firmicutes;c__Clostridia;o__Clostridiales;f__Lachnospiraceae;g__Roseburia;s__Roseburia_hominis	k__Bacteria;p__Bacteroidetes;c__Bacteroidia;o__Bacteroidales;f__Porphyromonadaceae;g__Parabacteroides;s__Parabacteroides_johnsonii	k__Bacteria;p__Actinobacteria;c__Actinobacteria;o__Bifidobacteriales;f__Bifidobacteriaceae;g__Bifidobacterium;s__Bifidobacterium_longum	k__Bacteria;p__Firmicutes;c__Clostridia;o__Clostridiales;f__;g__Flavonifractor;s__Flavonifractor_plautii	k__Bacteria;p__Firmicutes;c__Clostridia;o__Clostridiales;f__Clostridiaceae;g__Clostridium;s__Clostridium_phoceensis	k__Bacteria;p__Verrucomicrobia;c__Verrucomicrobiae;o__Verrucomicrobiales;f__Akkermansiaceae;g__Akkermansia;s__Akkermansia_muciniphila	k__Bacteria;p__Bacteroidetes;c__Bacteroidia;o__Bacteroidales;f__Prevotellaceae;g__Paraprevotella;s__Paraprevotella_xylaniphila	k__Bacteria;p__Firmicutes;c__Clostridia;o__Clostridiales;f__Ruminococcaceae;g__Ruminococcus;s__Ruminococcus_callidus	k__Bacteria;p__Bacteroidetes;c__Bacteroidia;o__Bacteroidales;f__Rikenellaceae;g__Alistipes;s__Alistipes_senegalensis	k__Bacteria;p__Firmicutes;c__Clostridia;o__Clostridiales;f__Lachnospiraceae;g__Blautia;s__Blautia_sp._KLE_1732	k__Bacteria;p__Bacteroidetes;c__Bacteroidia;o__Bacteroidales;f__Bacteroidaceae;g__Bacteroides;s__Bacteroides_oleiciplenus	k__Bacteria;p__Firmicutes;c__Clostridia;o__Clostridiales;f__Ruminococcaceae;g__Ruminococcus;s__Ruminococcus_bicirculans	k__Bacteria;p__Bacteroidetes;c__Bacteroidia;o__Bacteroidales;f__Bacteroidaceae;g__Bacteroides;s__Bacteroides_fluxus	k__Bacteria;p__Bacteroidetes;c__Bacteroidia;o__Bacteroidales;f__Prevotellaceae;g__Prevotella;s__Prevotella_stercorea	k__Bacteria;p__Firmicutes;c__Clostridia;o__Clostridiales;f__Lachnospiraceae;g__Dorea;s__Dorea_longicatena	k__Bacteria;p__Firmicutes;c__Clostridia;o__Clostridiales;f__Eubacteriaceae;g__Eubacterium;s__[Eubacterium]_eligens	k__Bacteria;p__Firmicutes;c__Clostridia;o__Clostridiales;f__Ruminococcaceae;g__;s__Ruminococcaceae_bacterium_D16	k__Bacteria;p__Firmicutes;c__Clostridia;o__Clostridiales;f__Lachnospiraceae;g__Coprococcus;s__Coprococcus_comes	k__Bacteria;p__Proteobacteria;c__Gammaproteobacteria;o__Enterobacterales;f__Enterobacteriaceae;g__Escherichia;s__Escherichia_coli	k__Bacteria;p__Firmicutes;c__Clostridia;o__Clostridiales;f__Ruminococcaceae;g__Anaerotruncus;s__Anaerotruncus_colihominis	k__Bacteria;p__Firmicutes;c__Clostridia;o__Clostridiales;f__Lachnospiraceae;g__Blautia;s__Blautia_obeum	k__Bacteria;p__Bacteroidetes;c__Bacteroidia;o__Bacteroidales;f__Odoribacteraceae;g__Odoribacter;s__Odoribacter_laneus	k__Bacteria;p__Firmicutes;c__Clostridia;o__Clostridiales;f__Ruminococcaceae;g__Ruminiclostridium;s__[Clostridium]_leptum	k__Bacteria;p__Bacteroidetes;c__Bacteroidia;o__Bacteroidales;f__Porphyromonadaceae;g__Parabacteroides;s__Parabacteroides_goldsteinii	k__Bacteria;p__Firmicutes;c__Clostridia;o__Clostridiales;f__Lachnospiraceae;g__Anaerostipes;s__Anaerostipes_hadrus	k__Bacteria;p__Firmicutes;c__Clostridia;o__Clostridiales;f__Ruminococcaceae;g__Ruminococcus;s__Ruminococcus_lactaris	k__Bacteria;p__Firmicutes;c__Clostridia;o__Clostridiales;f__Clostridiaceae;g__Clostridium;s__Clostridium_sp._L2-50	k__Bacteria;p__Firmicutes;c__Clostridia;o__Clostridiales;f__Clostridiaceae;g__Clostridium;s__Clostridium_sp._M62/1	k__Bacteria;p__Firmicutes;c__Clostridia;o__Clostridiales;f__;g__Intestinimonas;s__Intestinimonas_butyriciproducens	k__Bacteria;p__Actinobacteria;c__Actinobacteria;o__Bifidobacteriales;f__Bifidobacteriaceae;g__Bifidobacterium;s__Bifidobacterium_bifidum	k__Bacteria;p__Firmicutes;c__Negativicutes;o__Veillonellales;f__Veillonellaceae;g__Dialister;s__Dialister_invisus	k__Bacteria;p__Bacteroidetes;c__Bacteroidia;o__Bacteroidales;f__Bacteroidaceae;g__Bacteroides;s__Bacteroides_salanitronis
k__Bacteria;p__Bacteroidetes;c__Bacteroidia;o__Bacteroidales;f__Bacteroidaceae;g__Bacteroides;s__Bacteroides_vulgatus	1.0	-0.0533572207643	-0.0212983165541	-0.0108465665183	0.00770639448322	0.0546063268017	-0.0731001498926	0.00355850917926	0.0139715738291	-0.0092279401659	-0.0151358448544	-0.0337444277154	0.00852602789713	-0.022145408213	-0.018535820783	-0.00748896284679	-0.0434788998846	-0.0102779008032	0.0405870080531	-0.0543745493071	-0.00106038479954	-0.0343725807811	0.0145706133106	-0.0434593733187	-0.00789258433207	-0.0569928258616	0.0490534586875	-0.00354408293553	-0.0147881179118	0.0341896880707	0.0387134989426	-0.015879299014	-0.0264661966236	-0.025570184476	-0.0662379713393	-0.0341786277579	-0.0175908431022	-0.00568408322171	-0.0240704146936	-0.0238158721504	-0.0309766283184	-0.0342115238725	-0.012413720783	-0.0250361019012	0.0186339269721	0.0817576128199	0.0348403427148	-0.0206866327138	-0.0102663837166	0.0209260818291	0.00621136251679	0.00998379574671	0.0232634462047	0.000195583371342	-0.0277890524381	-0.0555164746619	0.036300710592	-0.0248612886864	0.00967903598823
k__Bacteria;p__Bacteroidetes;c__Bacteroidia;o__Bacteroidales;f__Bacteroidaceae;g__Bacteroides;s__Bacteroides_uniformis	-0.0533572207643	1.0	0.0536761833667	0.0164167302993	-0.0297921981413	0.00995198534845	0.0559187479106	-0.00295921521391	-0.017393415437	-0.0167096391997	0.0164381062976	-0.0132151936715	-0.0298113922291	-0.00844221389489	-0.0272291349892	0.0136548980802	0.0187108863078	-0.0607442027374	-0.0403035235678	-0.0614803437169	-0.00967086411018	-0.0404105210306	0.0331610636659	0.00973818734503	-0.0164084568408	-0.0527134103841	-0.0345539079347	-0.00297368092624	-0.0736696593248	-0.0517384180468	-0.00263441427831	-0.0183795612997	-0.0124232454181	0.00659059301322	0.00866035682503	0.0575370222293	-0.0249491138968	-0.0674522050233	-0.00416325989607	-0.00896842522703	-0.0195688861755	0.0396500971504	-0.0142782977487	-0.0283784329745	0.0231923651183	-0.0176219356506	0.0138804634283	0.0194030192878	-0.00226231995472	-0.016326578676	0.0174072948502	-0.010842517228	-0.0193981856414	-0.0198490775272	0.0290959390924	-0.0286212888637	0.0130902277881	-0.00583469205971	-0.0645419144695
k__Bacteria;p__Bacteroidetes;c__Bacteroidia;o__Bacteroidales;f__Rikenellaceae;g__Alistipes;s__Alistipes_putredinis	-0.0212983165541	0.0536761833667	1.0	0.00492249292362	-0.0429012012342	0.0829632983787	0.0105244011683	0.08278979691	0.0171198518547	-0.0276521140582	-0.00832459969009	-0.0199457884967	7.87183766558e-05	-0.0124237343339	-0.0160348275897	0.02274374786	-0.0152835856011	-0.00120973688776	0.00477953512137	0.0252666317819	0.0176385015694	0.0126489251147	0.0215710758945	0.0259778852032	-0.00877792491052	-0.0632022462419	-0.0192305708376	-0.00829801031332	0.0177961643192	-0.0754693640356	0.0188817367414	0.00331775229128	-0.0208432822302	-0.049069579748	-0.0427381496347	0.0119370486366	-0.0230191409528	-0.0142920474295	-0.0833429442525	-0.0285222493197	0.0490814888961	-0.00353707288055	0.0145346975121	0.024703246931	0.0154121730081	-0.00282264544692	-0.0280458206138	0.0152959317362	0.0754902836593	-0.0450538188637	-0.00662500023735	0.0566889304078	-0.0177101582576	-0.00584318301754	-0.0336591086969	-0.060444065462	0.00947783112918	0.0145881033342	0.0110329122268
k__Bacteria;p__Bacteroidetes;c__Bacteroidia;o__Bacteroidales;f__Prevotellaceae;g__Prevotella;s__Prevotella_copri	-0.0108465665183	0.0164167302993	0.00492249292362	1.0	0.0252778681123	-0.00622514944298	-0.0307478034659	0.0101708294751	0.0463982673752	0.0241199774957	-0.0282567140758	-0.0249151989219	0.0377846267103	-0.0964122918799	0.0229529341561	-0.028277959518	0.0344954534593	-0.0305627559575	0.0587839279584	-0.0111623729733	-0.00111941582235	-0.0455004730535	0.00346309983379	-0.0274855706159	-0.020461602686	-0.0289254665647	0.00737187797088	0.0156860672725	-0.0545699438772	0.0500883763494	-0.0211836988552	-0.00808402166057	-0.0374271913777	-0.0685491128067	0.0427315266365	0.0365903976738	-0.0455179736731	-0.00323909234738	-0.0474356773924	-0.0169444614221	-0.024904381345	-0.0382907064724	-0.0220574835708	0.0316109278407	0.0133068794836	0.00974886449024	0.0396228290476	-0.00884592549035	0.0741258651523	-0.0323884466116	-0.000596561536337	-0.0443515778068	-0.0215057562571	0.0126076736251	-0.00645769364318	-0.0234060203668	-0.0744160196945	0.0123328196776	-0.0254790594048
k__Bacteria;p__Bacteroidetes;c__Bacteroidia;o__Bacteroidales;f__Bacteroidaceae;g__Bacteroides;s__Bacteroides_stercoris	0.00770639448322	-0.0297921981413	-0.0429012012342	0.0252778681123	1.0	0.0381744192228	0.0405750501121	-0.037964644017	0.00903942782145	-0.0429923904209	-0.0191280461727	0.00905411239885	0.0378298122862	0.00341983085423	-0.032863475648	-0.0595001766926	-0.0502908312171	-0.0129133674726	-0.0554667007443	-0.0529412430277	0.0075110819212	-0.00524749581941	0.0336543064915	-0.0367726551208	0.00405566211977	-0.0557946259383	0.0181956648577	-0.0384589975661	-0.0216486955734	-0.0826716476601	-0.0301267015698	0.015561394093	0.0386712017023	0.0240827596577	0.0172716643759	0.0527541007688	0.0115358122973	-0.0591333608817	-0.0716640916943	0.0146857614709	-0.0848691587646	0.0177578936374	0.0640034702304	0.064374082896	-0.0443172099423	0.00787711783077	0.0293441727658	-0.0126279801805	-0.0765502309523	-0.0132627587016	-0.0478502023328	0.0681342239191	0.0455239683308	0.00676937868472	-0.0310447952923	0.067330684364	-0.0390460653583	-0.00826700715523	0.00775499811314
k__Bacteria;p__Bacteroidetes;c__Bacteroidia;o__Bacteroidales;f__Bacteroidaceae;g__Bacteroides;s__Bacteroides_ovatus	0.0546063268017	0.00995198534845	0.0829632983787	-0.00622514944298	0.0381744192228	1.0	0.043837269962	-0.0451666912333	-0.0315529836759	0.00490619064149	-0.000356184670259	0.0312214785641	-0.0318650390956	-0.0341810695718	-0.0168148564117	-0.0393121452958	-0.0615224204481	-0.0113463851512	-0.0179892982147	-0.025991047045	-0.0175116304073	-0.0324004658421	0.02226985517	0.0352892633455	0.0367712120858	-0.00937966880395	0.00364358624607	-0.0536680420551	0.0261547194823	-0.0646753479919	0.0158191757399	0.00392979784804	-0.0114372325581	-0.00899672977353	-0.0416425682161	-0.0643732346491	-0.00119862696606	-0.006707166011	0.0263260830302	-0.0429006644	0.0579077476257	-0.068467660893	-0.00147763987747	-0.0434187597816	0.0112440445386	-0.0829492645016	0.0245609197648	-0.0292245699923	0.00965198643038	0.0142304703022	0.00640885986909	-0.00261474558542	-0.0394183923423	0.0106482872449	0.0791917521088	-0.0789312569231	-0.0338426946912	-0.0220341983273	-0.0368754840197
k__Bacteria;p__Bacteroidetes;c__Bacteroidia;o__Bacteroidales;f__Rikenellaceae;g__Alistipes;s__Alistipes_shahii	-0.0731001498926	0.0559187479106	0.0105244011683	-0.0307478034659	0.0405750501121	0.043837269962	1.0	-0.0194420492102	0.0521300955564	0.0675190473426	0.0471311923279	0.0396749853487	0.0177448081685	-0.0108774936764	-0.0384399935734	-0.0345187152513	-0.0525089378631	0.0403755567839	0.00724803174179	-0.0442428505277	-0.030723627379	0.0254829745214	-0.0443914886249	-0.0783913400849	0.0236918388968	-0.0542152404952	-0.00475855958594	0.0520232879426	0.0709049735738	-0.0194011573548	-0.0780650009505	-0.0179649736266	0.00893089511275	-0.0692590012833	-0.00195086785922	-0.0989688995488	0.051762523708	0.047921765647	-0.0412034911767	-0.0432863149186	-0.0185736964421	-0.000571999582689	-0.0384630061024	-0.0262598909687	-0.0202982644004	-0.0657304986889	-0.0134611439888	0.0561729750355	0.0105904357997	-0.0786366588899	-0.0511462689048	-0.0374633091318	-0.0238571692409	-0.0103113609754	0.00206718396459	0.0518631804101	-0.0132918934144	-0.0288154224671	-0.0103295216674
k__Bacteria;p__Firmicutes;c__Clostridia;o__Clostridiales;f__Ruminococcaceae;g__Faecalibacterium;s__Faecalibacterium_prausnitzii	0.00355850917926	-0.00295921521391	0.08278979691	0.0101708294751	-0.037964644017	-0.0451666912333	-0.0194420492102	1.0	-0.00571089327431	-0.0196865937618	0.0155379209375	-0.0161609809873	-0.016880421039	-0.0176292153198	0.0156930753713	-0.0228458242351	-0.0235082535785	-0.0335463573538	-0.0353991629225	0.0148635890097	-0.0761617483023	-0.0281451665461	-0.0113546071199	-0.0651621650188	-0.027167467666	0.0263795234329	0.0207244062038	0.0203474646745	-0.00345400379249	-0.00933255272545	0.0287665357152	-0.0553460985838	0.0390708255908	0.0335038247496	0.00950957782002	-0.00285239487618	-0.00829611461517	0.0304588584299	-0.0143294596634	-0.00743555784517	-0.0231844819811	0.00839946531994	0.00727836271871	0.00570518265275	0.00898225169007	0.00802760678293	-0.0553522324297	-0.0304329704207	-0.0234990203548	0.0026847310317	-0.0151476666073	-0.0252827740994	-0.0328868019515	-0.0216789302968	0.0117902116664	-0.0267297970384	0.0103903473579	0.0307284953226	-0.0918646993391
k__Bacteria;p__Bacteroidetes;c__Bacteroidia;o__Bacteroidales;f__Rikenellaceae;g__Alistipes;s__Alistipes_finegoldii	0.0139715738291	-0.017393415437	0.0171198518547	0.0463982673752	0.00903942782145	-0.0315529836759	0.0521300955564	-0.00571089327431	1.0	0.0256318087979	-0.0142939894386	-0.0238392375786	-0.0103014073175	0.0204963766522	0.0124044393102	-0.0124751434313	0.0165788977236	-0.011548288995	-0.001072097934	-0.0117622200231	-0.0044505615952	-0.0123970813627	-0.000792966354212	-0.0141132495747	-0.0286278610965	-0.043958332934	-0.0750245503917	-0.0622920515323	-0.0291039138504	0.0653196601238	-0.0281961491217	0.0665893603587	0.0174298005256	-0.00236983911192	-0.0103848076688	-0.0520189995327	-0.0253411887221	-0.01955018406	-0.0181985720011	-0.0211402937425	-0.0148542128608	0.00380009094806	-0.0063908697145	0.0240977257939	0.00316913749058	-0.0391672025505	-0.0558806562957	0.0315375989168	-0.0106527770821	0.0109219752636	0.0220069864151	0.00776627066731	0.0189657857721	0.0116515342972	-0.00397075573779	-0.00345379554973	0.000961690984692	-0.0057710956944	-0.0290593877626
k__Bacteria;p__Bacteroidetes;c__Bacteroidia;o__Bacteroidales;f__Porphyromonadaceae;g__Parabacteroides;s__Parabacteroides_distasonis	-0.0092279401659	-0.0167096391997	-0.0276521140582	0.0241199774957	-0.0429923904209	0.00490619064149	0.0675190473426	-0.0196865937618	0.0256318087979	1.0	-0.0287432289376	0.0164879752917	-0.0346981586766	0.0672931898884	-0.0329979297835	-0.0577447921663	-0.0214906366386	0.0296762503201	-0.0156781319452	0.0135824589501	-0.014886970981	0.00516892248616	-0.000382850591227	-0.00362920755088	-0.0116473139666	-0.00639457386087	-0.0505498148581	0.0204242314023	0.0176209093059	0.0251917592633	-0.0148061018179	0.00311974703249	-0.0864774581749	0.0277498626514	-0.0179053892814	-0.0382251919085	0.043283354568	0.0230582598951	-0.023194804124	0.00582870903248	-0.00332731575785	-0.0299887072211	0.0206634881033	-0.039219212486	0.0210866653185	-0.0233200221809	-0.105455491866	-0.0300758484156	-0.028024849042	-0.00787042847428	-0.0422156106627	0.00208096133999	-0.0487993399653	-0.0150044435872	0.00222521164225	-0.0248681004544	0.0147377349546	0.00131020157189	-0.0435247643685
k__Bacteria;p__Bacteroidetes;c__Bacteroidia;o__Bacteroidales;f__Bacteroidaceae;g__Bacteroides;s__Bacteroides_thetaiotaomicron	-0.0151358448544	0.0164381062976	-0.00832459969009	-0.0282567140758	-0.0191280461727	-0.000356184670259	0.0471311923279	0.0155379209375	-0.0142939894386	-0.0287432289376	1.0	0.0138613019978	-0.00130721887289	-0.00507306899153	0.0202357201882	0.0281986717395	-0.00143594490176	0.0077346033833	-0.0268051713747	-0.0203506378508	-0.00126348319128	-0.0342555612291	-0.0312431880229	-0.0156284330808	-0.0129856484964	0.000374127484947	0.0607401261892	-0.052852916299	0.0529003698962	0.0272170574409	-0.0289585338409	-0.0670234746667	0.00378918298536	-0.00741063661754	-0.00964554791383	-0.0265405767913	-0.0133969305997	-0.0074051531467	0.00972728828218	0.0251842930716	-0.0912429053622	-0.0206093917196	0.00281394848681	0.0346081173419	-0.0424571994733	0.060745582764	0.0340332964777	-0.014925925521	0.00943352590555	-0.0135480631797	-0.00547174148454	-0.0482512407564	-0.00779722326342	0.00778374203458	0.0120378574894	-0.0236225355456	0.00558128663988	0.0263244107061	0.0340217859762
k__Bacteria;p__Bacteroidetes;c__Bacteroidia;o__Bacteroidales;f__Bacteroidaceae;g__Bacteroides;s__Bacteroides_coprocola	-0.0337444277154	-0.0132151936715	-0.0199457884967	-0.0249151989219	0.00905411239885	0.0312214785641	0.0396749853487	-0.0161609809873	-0.0238392375786	0.0164879752917	0.0138613019978	1.0	0.00426046283315	-0.0756579988779	0.0159629074239	0.0135193489156	0.0635441899283	-0.0250048796158	-0.0741893491421	0.00939766542149	-0.0340231921812	-0.0527258720825	0.0507900507567	0.0243855222188	-0.00350698599743	-0.00205378116671	0.0915728786449	-0.00974492546115	-0.0230041288892	-0.0396097924084	0.0517027903797	-0.02041058025	0.00243541160289	0.0557112752209	-0.0177121594583	0.0296132626225	-0.0560040387554	0.0373482267021	0.0377197058392	-0.0395198316981	-0.0470862623996	0.0466178094626	-0.0330192647288	-0.0177629807195	-0.028930360342	0.00365791299166	-0.0652710000885	-0.0703590271392	0.0389676544648	-0.0636692459502	-0.0506079635795	-0.0164423961514	-0.0356906053128	0.0127306447744	-0.0260795487297	-0.0540624859877	-0.0413218619822	-0.0503723641741	-0.0464730051814
k__Bacteria;p__Bacteroidetes;c__Bacteroidia;o__Bacteroidales;f__Bacteroidaceae;g__Bacteroides;s__Bacteroides_cellulosilyticus	0.00852602789713	-0.0298113922291	7.87183766557e-05	0.0377846267103	0.0378298122862	-0.0318650390956	0.0177448081685	-0.016880421039	-0.0103014073175	-0.0346981586766	-0.00130721887289	0.00426046283315	1.0	-0.0175630895122	0.0518513236885	-0.00190441011293	0.0176640773226	-0.00974608121513	0.0498464068652	0.0399926321086	0.0249108796972	-0.00642092907428	0.0397316275776	0.00744188456021	0.029049153728	-0.0266512309895	-0.0275452354561	-0.0167268153431	-0.00570469485373	-0.0363962392072	-0.0213730816888	-0.0699353721848	0.0122016994699	0.0244623725628	-0.0434493431853	-0.00413761950359	0.00531747098411	-0.00992840659528	0.0203684422046	0.0341613603685	-0.0670888501886	-0.0182429102441	-0.0550536865572	0.0137613432099	0.0470230295327	0.0355726798763	-0.0613594249662	-0.0912093325034	0.041196245731	0.000602835171428	-0.0647654715126	0.0344353184407	0.025705690443	0.0438607981891	0.0144430966467	-0.0106501709443	-0.0244535400274	-0.0150649724539	0.0260776841122
k__Bacteria;p__Bacteroidetes;c__Bacteroidia;o__Bacteroidales;f__Rikenellaceae;g__Alistipes;s__Alistipes_obesi	-0.022145408213	-0.00844221389489	-0.0124237343339	-0.0964122918799	0.00341983085423	-0.0341810695718	-0.0108774936764	-0.0176292153198	0.0204963766522	0.0672931898884	-0.00507306899153	-0.0756579988779	-0.0175630895122	1.0	0.0358507937079	0.0248855759192	-0.0803486673209	-0.0120928749026	-0.0297068503398	-0.025668567801	0.0123066651247	0.00543903410782	-0.0422358450828	-0.0529690282122	0.0120524358731	-0.00581630737221	0.0461116293669	0.0135322656793	-0.0275812650587	0.035149789003	-0.00298500074629	0.0665331504503	-0.00829264357886	-0.0293333848997	-0.040202120011	-0.0306992378406	0.01159308949	-0.020652855581	0.0921785998872	0.0443052988623	0.0102514324705	-0.0505837144946	0.0414076664898	0.00466741839837	-0.00343164221816	-0.0385010564296	-0.0498962199825	0.0384041264982	0.0309698395071	-0.00810994170263	-0.0246290430713	-0.0138370821182	-0.0115140760445	-0.0101112113433	-0.0156311824507	-0.0249680268905	-0.027786101376	-0.09123848988	0.0113835356996
k__Bacteria;p__Firmicutes;c__Clostridia;o__Clostridiales;f__Lachnospiraceae;g__;s__[Eubacterium]_rectale	-0.018535820783	-0.0272291349892	-0.0160348275897	0.0229529341561	-0.032863475648	-0.0168148564117	-0.0384399935734	0.0156930753713	0.0124044393102	-0.0329979297835	0.0202357201882	0.0159629074239	0.0518513236885	0.0358507937079	1.0	-0.0326194390094	-0.00662656104137	0.000497083154861	-0.0134391173764	0.0317485093296	-0.0107186060894	-0.0218778244399	0.0922199766666	-0.0112088314665	0.00232151196991	-0.0518381057297	0.0104431512605	-0.0092560426369	0.0340546593512	-0.0085538625815	0.0723752619305	-0.0922104428835	-0.00331904441094	0.0010687907271	-0.064810413605	-0.0322560858538	-0.0299345457305	-0.059713512331	0.0119894989272	0.0020340590062	-0.00980313085897	-0.026525788621	0.000571008520455	0.00338657610499	-0.0394022641493	-0.0765876790223	0.000666524021843	-0.0454420436738	0.00455557736032	0.0607506504573	-0.0044568883163	-0.0114015763633	0.0129639946365	-0.00848793330014	-0.00649400160396	0.0673912993886	0.0753511974306	-0.0753727191469	-0.0383471374547
k__Bacteria;p__Bacteroidetes;c__Bacteroidia;o__Bacteroidales;f__Bacteroidaceae;g__Bacteroides;s__Bacteroides_plebeius	-0.00748896284679	0.0136548980802	0.02274374786	-0.028277959518	-0.0595001766926	-0.0393121452958	-0.0345187152513	-0.0228458242351	-0.0124751434313	-0.0577447921663	0.0281986717395	0.0135193489156	-0.00190441011293	0.0248855759192	-0.0326194390094	1.0	0.0236392609828	-0.004765928602	0.04660627573	0.00860599716955	-0.0196073975423	-0.0736152345304	0.0318836524628	0.0412661645749	-0.0337010228025	0.00495804174139	-0.0210292299843	0.00601853996325	0.0167443136959	-0.017511954222	0.0195291016662	0.0322737456234	-0.046668143599	0.0182126928013	0.00591371640503	-0.0278433460349	0.00391295421952	-0.0855863324812	-0.0219465399001	0.0239791522319	-0.0182575773278	0.0191485313158	-0.0239900661316	0.0125000505347	0.0333119271976	0.0356383650351	0.0443048727177	-0.077654374189	0.0336055371974	-0.0326982308599	0.022442953279	-0.0349031695076	-0.0611957168073	0.0124545385906	-0.0077084019072	0.0160385507972	0.0282571607426	0.0192195236121	-0.00467561466232
k__Bacteria;p__Bacteroidetes;c__Bacteroidia;o__Bacteroidales;f__Bacteroidaceae;g__Bacteroides;s__Bacteroides_fragilis	-0.0434788998846	0.0187108863078	-0.0152835856011	0.0344954534593	-0.0502908312171	-0.0615224204481	-0.0525089378631	-0.0235082535785	0.0165788977236	-0.0214906366386	-0.00143594490176	0.0635441899283	0.0176640773226	-0.0803486673209	-0.00662656104137	0.0236392609828	1.0	0.00955360233153	0.0182615377948	0.056563436098	-0.0319871603175	-0.0263744278476	0.0102875635503	0.0270791478883	-0.0115433941567	0.0650728590747	0.0485196341434	0.0260655700292	0.00454448984573	-0.0102188072829	-0.038141681238	0.0145734659635	0.0163716637779	-0.00840882100322	0.02330602416	-0.0104652764371	-0.0309019889303	-0.0856582953264	0.0256264109177	-0.00535841580645	-0.0503988519474	0.0232600596022	-0.0658909350391	0.0311996488518	-0.00638979432183	0.0102290376525	-0.0748790830345	0.0142678588906	0.0259541501691	-0.00799223550379	-0.0189692677239	-0.0291519481405	-0.0653264334507	-0.0407733674884	-0.0632504517594	0.0280695067786	-0.0301495165457	0.0334433284407	0.0120723936035
k__Bacteria;p__Proteobacteria;c__Betaproteobacteria;o__Burkholderiales;f__Sutterellaceae;g__Sutterella;s__Sutterella_wadsworthensis	-0.0102779008032	-0.0607442027374	-0.00120973688776	-0.0305627559575	-0.0129133674726	-0.0113463851512	0.0403755567839	-0.0335463573538	-0.011548288995	0.0296762503201	0.0077346033833	-0.0250048796158	-0.00974608121513	-0.0120928749026	0.000497083154861	-0.004765928602	0.00955360233153	1.0	0.0726438017622	-0.02680514718	0.00667062764218	0.00722340784416	-0.0258103848042	-0.0173356355349	0.0322028609914	-0.0871556597838	-0.0263120733351	0.0166392223433	0.0233837185555	0.0165078517693	-0.0488898037749	0.0146090596212	-0.00639345530778	-0.0390652192626	-0.072885718915	-0.0243173970284	0.0221963449532	0.00761120617346	-0.0897731676349	0.0228884028678	-0.0137094569881	-0.0190691514804	-0.0698377313712	-0.0769887061867	-0.0451528727728	0.016998600123	-0.0377423317432	-0.00583112290775	-0.0379238556879	-0.0291822811696	-0.0179212670684	0.0321687005146	-0.0142694269864	-0.0908798169954	-0.0385312393319	0.0588679484227	0.0635990738734	-0.0501157768264	-0.0546813406913
k__Bacteria;p__Bacteroidetes;c__Bacteroidia;o__Bacteroidales;f__Porphyromonadaceae;g__Barnesiella;s__Barnesiella_intestinihominis	0.0405870080531	-0.0403035235678	0.00477953512137	0.0587839279584	-0.0554667007443	-0.0179892982147	0.00724803174179	-0.0353991629225	-0.001072097934	-0.0156781319452	-0.0268051713747	-0.0741893491421	0.0498464068652	-0.0297068503398	-0.0134391173764	0.04660627573	0.0182615377948	0.0726438017622	1.0	0.0181686250143	0.0429368042074	-0.0756554209837	-0.02450528185	-0.011802916155	-0.0246409347936	-0.0277660616236	-0.022462990027	-0.0866495733354	-0.0425314181497	-0.0342155712899	-0.00873457690396	-0.0166780748162	-0.00677682902917	0.00465839822147	0.00132450227714	0.0693657160858	0.064137704849	0.0145147949828	-0.000719773153456	0.020120463037	0.0787932807424	-0.0223662452032	-0.0291859461113	-0.00802872024415	-0.0156067314721	0.00192683099223	-0.0575458142022	-0.0065179375015	-0.0744995307605	-0.0179976701615	-0.0415839402505	0.0035904377648	-0.0835638354445	-0.0267185443066	-0.0364468187157	-0.0179093543738	0.0434853275135	-0.0300514998443	0.0482963083565
k__Bacteria;p__Bacteroidetes;c__Bacteroidia;o__Bacteroidales;f__Odoribacteraceae;g__Odoribacter;s__Odoribacter_splanchnicus	-0.0543745493071	-0.0614803437169	0.0252666317819	-0.0111623729733	-0.0529412430277	-0.025991047045	-0.0442428505277	0.0148635890097	-0.0117622200231	0.0135824589501	-0.0203506378508	0.00939766542149	0.0399926321086	-0.025668567801	0.0317485093296	0.00860599716955	0.056563436098	-0.02680514718	0.0181686250143	1.0	0.0182525670409	0.0177952014606	0.0389173914617	0.0404086980552	-0.0442221669402	-0.0623893303555	-0.00178628967088	0.0593043262011	0.00876393242217	0.00630910495904	0.013944381216	0.0549113035505	-0.0237049884321	-0.0467346102014	-0.0541349401895	0.00188990361876	-0.0165347939615	-0.0132962225828	0.0275065252869	-0.0168964480611	0.00747028154261	0.0282945713971	-0.0199410678516	-0.00630035253526	0.0188624709771	-0.0425938085395	0.0171216870896	0.00884942097805	0.0352523361861	0.0118444188477	0.00309069242918	0.0134461242154	-0.0218847383953	0.0245933461513	-0.0466135389279	0.0588368766796	-0.0299886882895	-0.0131537856116	0.0346253025527
k__Bacteria;p__Bacteroidetes;c__Bacteroidia;o__Bacteroidales;f__Bacteroidaceae;g__Bacteroides;s__Bacteroides_salyersiae	-0.00106038479954	-0.00967086411018	0.0176385015694	-0.00111941582235	0.0075110819212	-0.0175116304073	-0.030723627379	-0.0761617483023	-0.0044505615952	-0.014886970981	-0.00126348319128	-0.0340231921812	0.0249108796972	0.0123066651247	-0.0107186060894	-0.0196073975423	-0.0319871603175	0.00667062764218	0.0429368042074	0.0182525670409	1.0	0.0315776474781	-0.0200366840887	-0.138206621727	-0.0472708850801	-0.000781731977577	-0.043358700615	0.0190096450014	-0.0138457009715	-0.0623788096022	-0.00898446382864	-0.0266597483989	0.0372848381093	0.0656337956688	-0.0169029621125	0.0545664137317	0.0236898826603	-0.0473616620305	-0.0278943061241	-0.0452505325515	0.0218156062359	0.0401632195327	0.0949909494014	0.00717653589676	-0.0101138071018	0.0166558062771	-0.00435837952389	0.0178343320354	-0.0552383623766	-0.0151534493737	-0.0479838812717	-0.0496545669027	-0.0299909047178	0.0294383943416	-0.0461434181373	-0.00381624273852	0.00388032836853	-0.0348474896702	0.0685754105033
k__Bacteria;p__Firmicutes;c__Clostridia;o__Clostridiales;f__Ruminococcaceae;g__Ruminiclostridium;s__[Eubacterium]_siraeum	-0.0343725807811	-0.0404105210306	0.0126489251147	-0.0455004730535	-0.00524749581941	-0.0324004658421	0.0254829745214	-0.0281451665461	-0.0123970813627	0.00516892248616	-0.0342555612291	-0.0527258720825	-0.00642092907428	0.00543903410782	-0.0218778244399	-0.0736152345304	-0.0263744278476	0.00722340784416	-0.0756554209837	0.0177952014606	0.0315776474781	1.0	-0.0253903560922	-0.0269893302247	-0.0451391399287	0.00691174666005	-0.0487768500078	0.0552188217343	0.00632279965244	0.00926588689557	-0.0356337457985	0.0245153555815	0.00427110281564	-0.00280836952513	0.0617650381938	0.00301497361366	0.0200407856285	-0.0256569815565	0.0177645170827	0.00237936225576	0.00276095134432	-0.029589394121	-0.0358175125582	-0.0218200091056	0.0217775149156	-0.0637431066695	0.0391570899615	-0.0216814898509	-0.0714596147696	0.0238704895446	0.0670165426878	0.0171505806057	-0.0183687041475	0.0172174521159	-0.0932087180733	-0.0453324672737	-0.0694334405736	0.0299824205503	-0.000331466807246
k__Bacteria;p__Proteobacteria;c__Betaproteobacteria;o__Burkholderiales;f__Sutterellaceae;g__Parasutterella;s__Parasutterella_excrementihominis	0.0145706133106	0.0331610636659	0.0215710758945	0.00346309983379	0.0336543064915	0.02226985517	-0.0443914886249	-0.0113546071199	-0.000792966354212	-0.000382850591227	-0.0312431880229	0.0507900507567	0.0397316275776	-0.0422358450828	0.0922199766666	0.0318836524628	0.0102875635503	-0.0258103848042	-0.02450528185	0.0389173914617	-0.0200366840887	-0.0253903560922	1.0	0.00963502883101	-0.00524601607176	0.0101775678363	0.0295623341327	-0.01473645012	0.0125666685981	-0.0189560455465	-0.0295377086295	0.0370285366922	-0.048353201947	-0.0409588311818	-0.00772417796167	-0.0286098469637	0.00279545566773	-0.0196204074414	0.0212395673141	0.00442724321845	-0.0380614916149	-0.0644000400051	0.0152474685275	-0.00384451172974	-0.0044833900968	0.0293963113589	-0.0217232955648	-0.0251071119544	-0.036406444569	-0.0270589781621	-0.0478695611219	0.0401343149977	-0.0311042385289	-0.0333637476664	-0.039751159269	0.00922929741469	-0.0192584712934	-0.037792683885	-0.0085764397102
k__Bacteria;p__Actinobacteria;c__Actinobacteria;o__Bifidobacteriales;f__Bifidobacteriaceae;g__Bifidobacterium;s__Bifidobacterium_adolescentis	-0.0434593733187	0.00973818734503	0.0259778852032	-0.0274855706159	-0.0367726551208	0.0352892633455	-0.0783913400849	-0.0651621650188	-0.0141132495747	-0.00362920755088	-0.0156284330808	0.0243855222188	0.00744188456021	-0.0529690282122	-0.0112088314665	0.0412661645749	0.0270791478883	-0.0173356355349	-0.011802916155	0.0404086980552	-0.138206621727	-0.0269893302247	0.00963502883101	1.0	0.0607226610365	-0.00143364574035	-0.0195069095801	0.00279431518984	-0.0175191240081	0.0126085907763	0.0141141910788	-0.035390531453	-0.0767761976023	-0.0438695283692	0.00785824247904	0.0234859494351	0.034508685292	-0.0311320048212	0.0180372075327	-0.0554999022422	-0.0120830531878	0.00188548996164	0.00499277371657	-0.000479792707699	0.0393984288468	0.0367983566137	0.00808955161902	-0.0189886565982	-0.00239511514792	0.00682629572348	-0.0480260445784	-0.036840288129	-0.0254767258125	-0.00907041677555	-0.0858217273446	-0.0157378396078	0.0285398693433	-0.0184181628796	-0.0431690186885
k__Bacteria;p__Firmicutes;c__Clostridia;o__Clostridiales;f__Oscillospiraceae;g__Oscillibacter;s__Oscillibacter_sp._KLE_1745	-0.00789258433207	-0.0164084568408	-0.00877792491052	-0.020461602686	0.00405566211977	0.0367712120858	0.0236918388968	-0.027167467666	-0.0286278610965	-0.0116473139666	-0.0129856484964	-0.00350698599743	0.029049153728	0.0120524358731	0.00232151196991	-0.0337010228025	-0.0115433941567	0.0322028609914	-0.0246409347936	-0.0442221669402	-0.0472708850801	-0.0451391399287	-0.00524601607176	0.0607226610365	1.0	-0.0661865495089	0.0369315656249	-0.0240747335846	0.00090758514313	0.0320785309836	0.00381664798007	-0.0685430764594	-0.0263589008823	-0.0258349473742	0.0324171552164	-0.00487355385955	0.00301669498529	-0.100313956709	0.0199844793927	-0.016599698282	-0.0101294861473	-0.0116549492031	-0.0223251295246	-0.00930111963356	0.0144773322129	-0.0272342313303	0.0291193182154	-0.0186900505259	0.0452611076942	-0.0229527664084	-0.0630388432038	-0.00700527029478	0.0212213440909	-0.00284108335223	-0.000258560122077	0.0507324050492	-0.0158380160463	-0.0238895834553	-0.0165192281953
k__Bacteria;p__Bacteroidetes;c__Bacteroidia;o__Bacteroidales;f__Bacteroidaceae;g__Bacteroides;s__Bacteroides_coprophilus	-0.0569928258616	-0.0527134103841	-0.0632022462419	-0.0289254665647	-0.0557946259383	-0.00937966880395	-0.0542152404952	0.0263795234329	-0.043958332934	-0.00639457386087	0.000374127484947	-0.00205378116671	-0.0266512309895	-0.00581630737221	-0.0518381057297	0.00495804174139	0.0650728590747	-0.0871556597838	-0.0277660616236	-0.0623893303555	-0.000781731977577	0.00691174666005	0.0101775678363	-0.00143364574035	-0.0661865495089	1.0	-0.00572200462839	0.0455654300709	-0.0240130675105	-0.018160530214	0.00548416512759	-0.000417494945548	-0.0293069086317	-0.0066492690824	-0.0628536140361	-0.0155802141642	-0.0337012251228	0.0243981892178	0.0625409625446	-0.0095622071949	0.0159274426906	0.0104911596392	0.0179790150385	0.0197670507968	-0.0187864946508	0.0138297969396	0.00670587109472	0.0568622479259	-0.0193354592151	0.0145399781709	0.0222860023793	-0.0398538166272	0.0303561684255	0.0106198543489	0.0607615189652	0.012591545301	0.0101641017509	-0.0519555573206	0.0224141974879
k__Bacteria;p__Firmicutes;c__Clostridia;o__Clostridiales;f__Lachnospiraceae;g__Roseburia;s__Roseburia_intestinalis	0.0490534586875	-0.0345539079347	-0.0192305708376	0.00737187797088	0.0181956648577	0.00364358624607	-0.00475855958594	0.0207244062038	-0.0750245503917	-0.0505498148581	0.0607401261892	0.0915728786449	-0.0275452354561	0.0461116293669	0.0104431512605	-0.0210292299843	0.0485196341434	-0.0263120733351	-0.022462990027	-0.00178628967088	-0.043358700615	-0.0487768500078	0.0295623341327	-0.0195069095801	0.0369315656249	-0.00572200462839	1.0	-0.00740734043542	0.0222663631364	-0.0366569644639	0.027834765209	-0.0121202339573	0.027636594752	-0.0156491515182	0.00940700870317	-0.0453275532016	0.0196501219626	-0.00898126771753	-0.0111729968594	0.0187342849656	-0.0120260163308	-0.018631010675	-0.0181246430538	-0.0361620023593	-0.00180526950014	0.0173544703632	-0.021187805364	0.00526310078728	-0.0109392340112	-0.0176299725766	0.0561544173578	-0.0433041450727	0.0178922379374	0.0157058560687	-0.00532948250746	0.0170067068649	-0.0395925331523	-0.0169703546899	0.00764634509153
k__Bacteria;p__Firmicutes;c__Clostridia;o__Clostridiales;f__Lachnospiraceae;g__Roseburia;s__Roseburia_hominis	-0.00354408293553	-0.00297368092624	-0.00829801031332	0.0156860672725	-0.0384589975661	-0.0536680420551	0.0520232879426	0.0203474646745	-0.0622920515323	0.0204242314023	-0.052852916299	-0.00974492546115	-0.0167268153431	0.0135322656793	-0.0092560426369	0.00601853996325	0.0260655700292	0.0166392223433	-0.0866495733354	0.0593043262011	0.0190096450014	0.0552188217343	-0.01473645012	0.00279431518984	-0.0240747335846	0.0455654300709	-0.00740734043542	1.0	-0.0343776569495	-0.0719410403556	-0.051467356431	0.0184394025762	0.0220814077887	0.0136267692174	-0.0672311078732	0.0398662852742	0.0423513606864	-0.010088991297	-0.00711683833578	-0.0760985327231	-0.0489468209573	-0.0365202189907	0.00960590153497	0.0119717278635	0.0510318780018	-0.0205462983865	-0.0627524588885	-0.023261695701	-0.0340940484318	0.045274412762	-0.039849324558	-0.0127961225927	0.0140128040647	-0.0538418450116	0.0208610099584	0.00970338308824	0.0338595245422	-0.017018204412	-0.0197096047055
k__Bacteria;p__Bacteroidetes;c__Bacteroidia;o__Bacteroidales;f__Porphyromonadaceae;g__Parabacteroides;s__Parabacteroides_johnsonii	-0.0147881179118	-0.0736696593248	0.0177961643192	-0.0545699438772	-0.0216486955734	0.0261547194823	0.0709049735738	-0.00345400379249	-0.0291039138504	0.0176209093059	0.0529003698962	-0.0230041288892	-0.00570469485373	-0.0275812650587	0.0340546593512	0.0167443136959	0.00454448984573	0.0233837185555	-0.0425314181497	0.00876393242217	-0.0138457009715	0.00632279965244	0.0125666685981	-0.0175191240081	0.00090758514313	-0.0240130675105	0.0222663631364	-0.0343776569495	1.0	-0.0135981455448	-0.0597480893386	-0.0285713765758	-0.0292469738335	-0.0334825370831	0.0371367677131	-0.0646940848933	0.0124154504206	0.0361627580111	-0.00310292088613	0.00465064050585	0.0250824532726	-0.00207357631037	-0.0351687743913	0.0107015937229	-0.0396652812063	-0.0060161722901	0.0307876267835	0.0119092538107	0.0047759908514	-0.0239842040777	-0.0274611706879	0.00873545814132	0.0262379200118	-0.0160109794048	-0.00425422995545	-0.00543789785366	-0.0581406502982	0.01379835113	-0.0152087447128
k__Bacteria;p__Actinobacteria;c__Actinobacteria;o__Bifidobacteriales;f__Bifidobacteriaceae;g__Bifidobacterium;s__Bifidobacterium_longum	0.0341896880707	-0.0517384180468	-0.0754693640356	0.0500883763494	-0.0826716476601	-0.0646753479919	-0.0194011573548	-0.00933255272545	0.0653196601238	0.0251917592633	0.0272170574409	-0.0396097924084	-0.0363962392072	0.035149789003	-0.0085538625815	-0.017511954222	-0.0102188072829	0.0165078517693	-0.0342155712899	0.00630910495904	-0.0623788096022	0.00926588689557	-0.0189560455465	0.0126085907763	0.0320785309836	-0.018160530214	-0.0366569644639	-0.0719410403556	-0.0135981455448	1.0	-0.0289441630083	0.00850123149221	-0.0264368001373	-0.0424738878631	-0.10217100767	-0.0515916533515	-0.0307701584254	-0.0802547761005	0.0249983958878	-0.00198727372789	-0.0323683524056	-0.0163406340135	-0.0293003731141	-0.033292140751	-0.0170965059828	-0.0181430192123	0.0236529731034	-0.000167424639361	-0.0322707258655	-0.0223062407765	0.0654678799344	-0.00674841434547	0.0363086701232	-0.0374346366627	-0.0418631818441	0.00142271512067	0.0232934724788	0.0158253414347	0.0366639774133
