#taxonomy	k__Bacteria;p__Bacteroidetes;c__Bacteroidia;o__Bacteroidales;f__Bacteroidaceae;g__Bacteroides;s__Bacteroides_vulgatus	k__Bacteria;p__Bacteroidetes;c__Bacteroidia;o__Bacteroidales;f__Bacteroidaceae;g__Bacteroides;s__Bacteroides_uniformis	k__Bacteria;p__Bacteroidetes;c__Bacteroidia;o__Bacteroidales;f__Rikenellaceae;g__Alistipes;s__Alistipes_putredinis	k__Bacteria;p__Bacteroidetes;c__Bacteroidia;o__Bacteroidales;f__Prevotellaceae;g__Prevotella;s__Prevotella_copri	k__Bacteria;p__Bacteroidetes;c__Bacteroidia;o__Bacteroidales;f__Bacteroidaceae;g__Bacteroides;s__Bacteroides_stercoris	k__Bacteria;p__Bacteroidetes;c__Bacteroidia;o__Bacteroidales;f__Bacteroidaceae;g__Bacteroides;s__Bacteroides_ovatus	k__Bacteria;p__Bacteroidetes;c__Bacteroidia;o__Bacteroidales;f__Rikenellaceae;g__Alistipes;s__Alistipes_shahii	k__Bacteria;p__Firmicutes;c__Clostridia;o__Clostridiales;f__Ruminococcaceae;g__Faecalibacterium;s__Faecalibacterium_prausnitzii	k__Bacteria;p__Bacteroidetes;c__Bacteroidia;o__Bacteroidales;f__Rikenellaceae;g__Alistipes;s__Alistipes_finegoldii	k__Bacteria;p__Bacteroidetes;c__Bacteroidia;o__Bacteroidales;f__Porphyromonadaceae;g__Parabacteroides;s__Parabacteroides_distasonis	k__Bacteria;p__Bacteroidetes;c__Bacteroidia;o__Bacteroidales;f__Bacteroidaceae;g__Bacteroides;s__Bacteroides_thetaiotaomicron	k__Bacteria;p__Bacteroidetes;c__Bacteroidia;o__Bacteroidales;f__Bacteroidaceae;g__Bacteroides;s__Bacteroides_coprocola	k__Bacteria;p__Bacteroidetes;c__Bacteroidia;o__Bacteroidales;f__Bacteroidaceae;g__Bacteroides;s__Bacteroides_cellulosilyticus	k__Bacteria;p__Bacteroidetes;c__Bacteroidia;o__Bacteroidales;f__Rikenellaceae;g__Alistipes;s__Alistipes_obesi	k__Bacteria;p__Firmicutes;c__Clostridia;o__Clostridiales;f__Lachnospiraceae;g__;s__[Eubacterium]_rectale	k__Bacteria;p__Bacteroidetes;c__Bacteroidia;o__Bacteroidales;f__Bacteroidaceae;g__Bacteroides;s__Bacteroides_plebeius	k__Bacteria;p__Bacteroidetes;c__Bacteroidia;o__Bacteroidales;f__Bacteroidaceae;g__Bacteroides;s__Bacteroides_fragilis	k__Bacteria;p__Proteobacteria;c__Betaproteobacteria;o__Burkholderiales;f__Sutterellaceae;g__Sutterella;s__Sutterella_wadsworthensis	k__Bacteria;p__Bacteroidetes;c__Bacteroidia;o__Bacteroidales;f__Porphyromonadaceae;g__Barnesiella;s__Barnesiella_intestinihominis	k__Bacteria;p__Bacteroidetes;c__Bacteroidia;o__Bacteroidales;f__Odoribacteraceae;g__Odoribacter;s__Odoribacter_splanchnicus	k__Bacteria;p__Bacteroidetes;c__Bacteroidia;o__Bacteroidales;f__Bacteroidaceae;g__Bacteroides;s__Bacteroides_salyersiae	k__Bacteria;p__Firmicutes;c__Clostridia;o__Clostridiales;f__Ruminococcaceae;g__Ruminiclostridium;s__[Eubacterium]_siraeum	k__Bacteria;p__Proteobacteria;c__Betaproteobacteria;o__Burkholderiales;f__Sutterellaceae;g__Parasutterella;s__Parasutterella_excrementihominis	k__Bacteria;p__Actinobacteria;c__Actinobacteria;o__Bifidobacteriales;f__Bifidobacteriaceae;g__Bifidobacterium;s__Bifidobacterium_adolescentis	k__Bacteria;p__Firmicutes;c__Clostridia;o__Clostridiales;f__Oscillospiraceae;g__Oscillibacter;s__Oscillibacter_sp._KLE_1745	k__Bacteria;p__Bacteroidetes;c__Bacteroidia;o__Bacteroidales;f__Bacteroidaceae;g__Bacteroides;s__Bacteroides_coprophilus	k__Bacteria;p__Firmicutes;c__Clostridia;o__Clostridiales;f__Lachnospiraceae;g__Roseburia;s__Roseburia_intestinalis	k__Bacteria;p__Firmicutes;c__Clostridia;o__Clostridiales;f__Lachnospiraceae;g__Roseburia;s__Roseburia_hominis	k__Bacteria;p__Bacteroidetes;c__Bacteroidia;o__Bacteroidales;f__Porphyromonadaceae;g__Parabacteroides;s__Parabacteroides_johnsonii	k__Bacteria;p__Actinobacteria;c__Actinobacteria;o__Bifidobacteriales;f__Bifidobacteriaceae;g__Bifidobacterium;s__Bifidobacterium_longum	k__Bacteria;p__Firmicutes;c__Clostridia;o__Clostridiales;f__;g__Flavonifractor;s__Flavonifractor_plautii	k__Bacteria;p__Firmicutes;c__Clostridia;o__Clostridiales;f__Clostridiaceae;g__Clostridium;s__Clostridium_phoceensis	k__Bacteria;p__Verrucomicrobia;c__Verrucomicrobiae;o__Verrucomicrobiales;f__Akkermansiaceae;g__Akkermansia;s__Akkermansia_muciniphila	k__Bacteria;p__Bacteroidetes;c__Bacteroidia;o__Bacteroidales;f__Prevotellaceae;g__Paraprevotella;s__Paraprevotella_xylaniphila	k__Bacteria;p__Firmicutes;c__Clostridia;o__Clostridiales;f__Ruminococcaceae;g__Ruminococcus;s__Ruminococcus_callidus	k__Bacteria;p__Bacteroidetes;c__Bacteroidia;o__Bacteroidales;f__Rikenellaceae;g__Alistipes;s__Alistipes_senegalensis	k__Bacteria;p__Firmicutes;c__Clostridia;o__Clostridiales;f__Lachnospiraceae;g__Blautia;s__Blautia_sp._KLE_1732	k__Bacteria;p__Bacteroidetes;c__Bacteroidia;o__Bacteroidales;f__Bacteroidaceae;g__Bacteroides;s__Bacteroides_oleiciplenus	k__Bacteria;p__Firmicutes;c__Clostridia;o__Clostridiales;f__Ruminococcaceae;g__Ruminococcus;s__Ruminococcus_bicirculans	k__Bacteria;p__Bacteroidetes;c__Bacteroidia;o__Bacteroidales;f__Bacteroidaceae;g__Bacteroides;s__Bacteroides_fluxus	k__Bacteria;p__Bacteroidetes;c__Bacteroidia;o__Bacteroidales;f__Prevotellaceae;g__Prevotella;s__Prevotella_stercorea	k__Bacteria;p__Firmicutes;c__Clostridia;o__Clostridiales;f__Lachnospiraceae;g__Dorea;s__Dorea_longicatena	k__Bacteria;p__Firmicutes;c__Clostridia;o__Clostridiales;f__Eubacteriaceae;g__Eubacterium;s__[Eubacterium]_eligens	k__Bacteria;p__Firmicutes;c__Clostridia;o__Clostridiales;f__Ruminococcaceae;g__;s__Ruminococcaceae_bacterium_D16	k__Bacteria;p__Firmicutes;c__Clostridia;o__Clostridiales;f__Lachnospiraceae;g__Coprococcus;s__Coprococcus_comes	k__Bacteria;p__Proteobacteria;c__Gammaproteobacteria;o__Enterobacterales;f__Enterobacteriaceae;g__Escherichia;s__Escherichia_coli	k__Bacteria;p__Firmicutes;c__Clostridia;o__Clostridiales;f__Ruminococcaceae;g__Anaerotruncus;s__Anaerotruncus_colihominis	k__Bacteria;p__Firmicutes;c__Clostridia;o__Clostridiales;f__Lachnospiraceae;g__Blautia;s__Blautia_obeum	k__Bacteria;p__Bacteroidetes;c__Bacteroidia;o__Bacteroidales;f__Odoribacteraceae;g__Odoribacter;s__Odoribacter_laneus	k__Bacteria;p__Firmicutes;c__Clostridia;o__Clostridiales;f__Ruminococcaceae;g__Ruminiclostridium;s__[Clostridium]_leptum	k__Bacteria;p__Bacteroidetes;c__Bacteroidia;o__Bacteroidales;f__Porphyromonadaceae;g__Parabacteroides;s__Parabacteroides_goldsteinii	k__Bacteria;p__Firmicutes;c__Clostridia;o__Clostridiales;f__Lachnospiraceae;g__Anaerostipes;s__Anaerostipes_hadrus	k__Bacteria;p__Firmicutes;c__Clostridia;o__Clostridiales;f__Ruminococcaceae;g__Ruminococcus;s__Ruminococcus_lactaris	k__Bacteria;p__Firmicutes;c__Clostridia;o__Clostridiales;f__Clostridiaceae;g__Clostridium;s__Clostridium_sp._L2-50	k__Bacteria;p__Firmicutes;c__Clostridia;o__Clostridiales;f__Clostridiaceae;g__Clostridium;s__Clostridium_sp._M62/1	k__Bacteria;p__Firmicutes;c__Clostridia;o__Clostridiales;f__;g__Intestinimonas;s__Intestinimonas_butyriciproducens	k__Bacteria;p__Actinobacteria;c__Actinobacteria;o__Bifidobacteriales;f__Bifidobacteriaceae;g__Bifidobacterium;s__Bifidobacterium_bifidum	k__Bacteria;p__Firmicutes;c__Negativicutes;o__Veillonellales;f__Veillonellaceae;g__Dialister;s__Dialister_invisus	k__Bacteria;p__Bacteroidetes;c__Bacteroidia;o__Bacteroidales;f__Bacteroidaceae;g__Bacteroides;s__Bacteroides_salanitronis
k__Bacteria;p__Bacteroidetes;c__Bacteroidia;o__Bacteroidales;f__Bacteroidaceae;g__Bacteroides;s__Bacteroides_vulgatus	1.0	-0.0399900170337	0.052523328268	0.0430077332819	-0.0200589542163	0.00710096016536	-0.0221074630963	-0.0382329168749	0.0125489400928	0.0176138559591	-0.00245669017399	0.0483545397921	-0.0438364187626	-0.0159663541107	-0.0352274319706	-0.0194805731394	0.00880318865075	0.0399116744107	-0.0108817767357	0.00737220503821	-0.038473230512	-0.00556731930663	0.0292703316774	-0.0368835908701	-0.0410895374595	0.0480704149286	-0.0112991656358	0.0480804153217	0.00351410567993	-0.0727230004607	0.00154174776641	-0.0558090107674	-0.0169618021275	-0.0228355362225	-0.0255675760768	-0.0519502712377	0.0060481166199	-0.0508298542594	0.0664647564073	-0.0145521347094	0.0293684100115	-0.00583982492454	-0.0222795253993	-0.0567673632428	0.000845068354446	0.0194401143335	-0.0118929418409	-0.0510404250568	0.0349624806368	-0.016297110683	-0.0108372812054	0.0401898324735	0.00111734275032	0.00282840685824	-0.0464142642756	0.00627723001925	-0.0195819502835	-0.0899104610198	-0.0152604383455
k__Bacteria;p__Bacteroidetes;c__Bacteroidia;o__Bacteroidales;f__Bacteroidaceae;g__Bacteroides;s__Bacteroides_uniformis	-0.0399900170337	1.0	0.0367999001881	-0.0645117717194	-0.00566418346798	-0.029879894137	-0.0581031642128	-0.0332556249819	-0.0410698040666	0.066904877125	-0.00341991099104	-0.0218319192558	-0.0363766628142	-0.060368439888	-0.0592975269822	0.00811166824512	-0.0710422502221	-0.0105694662205	-0.0494370673533	-0.02638573695	0.00251723550967	-0.0700771042086	0.0138492920514	0.00154332130436	0.0541111146588	0.0164216389824	-0.00271894791312	0.00337429958223	0.000694169846947	-0.022525430476	0.0059185275444	0.0522239414371	0.00596171499778	-0.0254434352368	-0.0245343167762	-0.00258667584916	-0.0204957080263	-0.00435242610655	0.0705654116073	-0.0178154942398	-0.0670496269511	-0.0355058884115	-0.0526841980876	0.0274285284794	0.0121065543381	-0.00211369107376	-0.0307989652492	-0.0488509816274	-0.00713343783656	-0.0345885553291	-0.0203718775597	-0.0380779089583	-0.0350087917538	-0.0295237698224	-0.0282055518234	-0.0666861744597	0.0468328276561	0.00331176620056	0.0495823957975
k__Bacteria;p__Bacteroidetes;c__Bacteroidia;o__Bacteroidales;f__Rikenellaceae;g__Alistipes;s__Alistipes_putredinis	0.052523328268	0.0367999001881	1.0	-0.0385300266124	0.0319159392885	-0.0463204225002	0.0100651751018	-0.0255840001831	-0.0481045163858	-0.0400730947777	-0.0586258563588	0.00865026037595	-0.0268540515593	-0.0619622214816	0.00940413619204	-0.102098288545	0.0811619622863	0.00553283575202	0.0334837806399	-0.0226155820063	-0.0237746651777	0.0474171697467	-0.0559416675707	0.00965129443008	0.0105796508707	0.0404673331001	-0.00847659159917	-0.00897112298967	-0.0393194487638	-0.024241320687	-0.00747297698392	-0.026344241927	-0.0137541178059	0.0181244979017	-0.0214337218372	-0.0266142322607	0.0330069112643	-0.0623189716751	0.0318285019858	0.0234155956424	-0.0278871867442	0.0392784373127	0.00428482332807	-0.0408457523852	0.0190204797085	-0.0363937378667	0.0114634446026	0.0066197437078	-0.00873575693835	-0.0555519257277	-0.0438172581159	-0.0274285085441	0.0139184739467	-0.0354925418147	0.0085738670602	0.00268499109804	0.0142296909295	0.000493222473994	0.0283375486513
k__Bacteria;p__Bacteroidetes;c__Bacteroidia;o__Bacteroidales;f__Prevotellaceae;g__Prevotella;s__Prevotella_copri	0.0430077332819	-0.0645117717194	-0.0385300266124	1.0	-0.0550445045282	-0.0034915011472	-0.0512002420935	0.00856886882645	0.00044906622032	0.010773691724	-0.0464552313685	-0.0426171109353	-0.011050690626	0.0111812921112	0.00285932209063	0.0368968739021	-0.00948101048609	0.00663666439866	0.00432460574904	-0.00845293265586	-0.0332394807229	0.0229704109428	0.0024502096943	-0.0807664711554	-0.0619376878951	-0.0257288200581	0.0150226301847	0.038822919335	0.0476910081947	-0.0319527898614	-0.0189472206247	-0.0105155063839	-0.04034249515	-0.00156309767602	-0.0389035444535	-0.000135985696616	-0.0280716251669	0.0299916216706	0.0197986867503	-0.00290043806057	0.00222888818257	-0.0453128217291	-0.0440644963214	0.056809310062	0.0388944267321	-0.0114402375863	0.0255716702223	-0.0140158544109	-0.029434733474	0.0129123613091	-0.0588494728007	-0.0504887628047	-0.0418072116623	0.0239381616734	-0.0141438192467	-0.0219172243233	-0.00411336667816	0.00629670770233	-0.0141861833361
k__Bacteria;p__Bacteroidetes;c__Bacteroidia;o__Bacteroidales;f__Bacteroidaceae;g__Bacteroides;s__Bacteroides_stercoris	-0.0200589542163	-0.00566418346798	0.0319159392885	-0.0550445045282	1.0	-0.00726022303623	-0.0307485920376	-0.0656811377831	0.00190329319414	0.00815352749529	0.0171267053469	-0.0257231360526	-0.011872539195	-0.024099997926	-0.0874663440672	-0.0234123572399	-0.0103871171909	-0.0168801213794	0.0329935548515	-0.0395462671592	0.0335736363835	0.0272421496336	0.0675427693916	0.000904114719319	-0.0467802030588	-0.0480531945558	0.0692623132587	0.0351648345867	0.00162527706797	0.0432268257569	0.0106622271409	-0.0187980134826	-0.0253164614417	0.0273115494286	0.0206462594527	-0.0629942631547	-0.000729692409598	-0.055646994349	0.00103661977182	-0.0509767966113	-0.0382857484354	0.00838486414909	0.0614853638086	-0.040264406455	0.0476204779312	-0.009895556058	-0.0247127510609	-0.0234261492605	0.0176999321529	-0.0338543893907	-0.00378510183425	0.00397529422663	0.0182863316596	-0.0714636175972	-0.0106149634146	0.0300115943223	-0.000545175850079	-0.0231590846902	0.00857865001894
k__Bacteria;p__Bacteroidetes;c__Bacteroidia;o__Bacteroidales;f__Bacteroidaceae;g__Bacteroides;s__Bacteroides_ovatus	0.00710096016536	-0.029879894137	-0.0463204225002	-0.0034915011472	-0.00726022303623	1.0	-0.0340139735874	-0.107402220496	0.0229131146505	-0.0292338009726	-0.0382787822577	-0.039142099213	-0.032566777321	-0.00474247600976	-0.0423437534279	-0.00487010155372	0.0024427586981	0.0286412393822	-0.0407473978013	0.0470055641343	0.0219539841231	0.0372717841414	-0.00956182189956	-0.00696229974303	-0.0216854434228	-0.0263721721527	0.0521414837323	0.000159800456638	-0.00420529378116	0.00269431630027	-0.0242827120829	0.00881238409035	-0.00744963784913	-0.032476303538	-0.0743386976186	-0.0559871708541	-0.0135171921596	0.0156569159789	-0.00719432293339	-0.0298793257885	-0.00133686516962	-0.0407189500757	-0.00296705258839	-0.0150503426367	-0.0565861135008	-0.0485811681003	8.30326477233e-05	0.0369311474231	0.00621598371161	-0.00862456447744	-0.0399717714605	-0.0401234846266	-0.0174430864772	-0.0281061937996	0.0462785701155	-0.014069807104	0.00724039623021	-0.00932371191652	-0.0112262870165
k__Bacteria;p__Bacteroidetes;c__Bacteroidia;o__Bacteroidales;f__Rikenellaceae;g__Alistipes;s__Alistipes_shahii	-0.0221074630963	-0.0581031642128	0.0100651751018	-0.0512002420935	-0.0307485920376	-0.0340139735874	1.0	-0.0197266665113	-0.0330774973957	0.00184294417877	0.023618106458	-0.062218678544	-0.00689816630172	0.019339836456	-0.0595985273755	-0.0122046285915	-0.00712644184032	-0.0587172515255	-0.0241879451418	0.00085145020932	-0.0428084463509	0.0441669740323	-0.024233760299	0.00452202009745	-0.0073550460477	-0.0271647247715	-0.00517662599512	0.0527698566592	-0.0254864343832	0.00247588835862	-0.0106672249467	-0.0237060019003	-0.00261404955865	-0.0146565819883	-0.0251219196668	-0.0648422399971	0.00507020495526	-0.0692622114106	-0.00582117103426	-0.0218668952017	0.0572963444349	0.0204455212459	0.00428816986387	-0.0125811353917	-0.0303094707234	-0.00569765643895	-0.00818715965128	0.0734963723277	0.0185146206368	0.0107781863501	0.00324342922295	-0.0401709757017	0.00868496136764	0.0297211729365	0.0174226323276	0.00783298715271	0.00624111284491	-0.0561193514681	-0.0870773437139
k__Bacteria;p__Firmicutes;c__Clostridia;o__Clostridiales;f__Ruminococcaceae;g__Faecalibacterium;s__Faecalibacterium_prausnitzii	-0.0382329168749	-0.0332556249819	-0.0255840001831	0.00856886882645	-0.0656811377831	-0.107402220496	-0.0197266665113	1.0	-0.00109593174689	-0.00120930677716	0.0123924038435	-0.0284930219944	-0.0517090100566	-0.0433726750112	0.0302435076432	0.0149405622081	-0.051322975029	0.00631964795751	-0.0512616268635	-0.00622625690776	0.0202823185291	0.0486913297176	0.0475105628768	-0.0552856834027	-0.0364822061517	0.0558345217982	0.042339049552	-0.0376026668769	-0.0635355559157	-0.0182413602228	0.00177830476599	-0.0296197804563	0.0285309917954	0.0266619866736	0.0205833374055	0.0122465714329	0.0117742416944	0.0632019781093	-0.00405212079148	0.113239746631	-0.00846072075434	-0.014523096289	-0.058200998567	0.00735110044503	-0.0778449843458	0.0354719093771	-0.113765694119	0.00323568995629	-0.00139041923444	0.0370810209734	-0.0434368301668	-0.0558324357931	0.0181312028831	0.0103230193125	0.00859523137496	0.00434934095308	-0.0115912304412	0.0479995453086	0.0140971831473
k__Bacteria;p__Bacteroidetes;c__Bacteroidia;o__Bacteroidales;f__Rikenellaceae;g__Alistipes;s__Alistipes_finegoldii	0.0125489400928	-0.0410698040666	-0.0481045163858	0.00044906622032	0.00190329319414	0.0229131146505	-0.0330774973957	-0.00109593174689	1.0	0.0253759746236	-0.0369279484292	0.0375188636805	0.0326774222082	0.0256173772944	-0.0119609123988	-0.00145422533221	-0.00365120728145	-0.0199422355178	-0.0451300027708	-0.0257769768649	0.0249984426463	-0.0100982890614	-0.005441805234	-0.0484010019301	-0.0765562881067	0.00355967991217	-0.0376438062716	-0.0510801360699	-0.032518646185	-0.0297063274724	0.000734060770647	-0.00528274656172	-0.014290326311	0.02392207881	-0.0153585194542	-0.0349552508965	-0.00828603789647	-0.00265320495747	0.0490925894713	-0.0433232552748	0.0141814565071	-0.0233579037987	0.0188044613555	-0.037776242702	0.00250590108153	0.0199956959909	0.00993813621452	0.00807563197312	-0.026920429481	0.0534879166398	-0.00507931713441	-0.0270561769486	0.0220563445762	0.0158730241282	0.0564060129688	0.0885578902709	-0.00303498586701	-0.013178683176	-0.015635773661
k__Bacteria;p__Bacteroidetes;c__Bacteroidia;o__Bacteroidales;f__Porphyromonadaceae;g__Parabacteroides;s__Parabacteroides_distasonis	0.0176138559591	0.066904877125	-0.0400730947777	0.010773691724	0.00815352749529	-0.0292338009726	0.00184294417877	-0.00120930677716	0.0253759746236	1.0	-0.0095500483416	-0.0132806034638	-0.018896396024	-0.0155064026554	-0.0115771155045	0.0376217378752	0.0561419488649	0.0390543345892	-0.030780448948	0.0349573412086	-0.0384598193373	-0.010642408472	-0.0717425883658	-0.0547051910695	0.0313097106765	-0.00509414108512	0.0238946086535	0.047607944439	-0.0381659730578	0.0100135905614	-0.0171507183002	-0.0124121528474	0.0202005954151	-0.023454193661	0.0179546637072	-0.0362342914756	-0.0359700091647	-0.00920484665353	-0.0366115826694	-0.0232599089147	-0.0809618881072	-0.053488281508	-0.0630802085542	0.0345978920464	-0.0177077029457	-0.00540179850639	-0.0236923992988	0.0623461494599	-0.0644803075438	0.0176794530047	-0.0479023305113	0.0180815341361	0.00913490111476	-0.0442009467789	0.034794619549	0.0709245158321	-0.0427511527727	-0.00255325784635	-0.0242703201694
k__Bacteria;p__Bacteroidetes;c__Bacteroidia;o__Bacteroidales;f__Bacteroidaceae;g__Bacteroides;s__Bacteroides_thetaiotaomicron	-0.00245669017399	-0.00341991099104	-0.0586258563588	-0.0464552313685	0.0171267053469	-0.0382787822577	0.023618106458	0.0123924038435	-0.0369279484292	-0.0095500483416	1.0	0.00414191179168	-0.0301440195842	0.0324907782467	-0.0637291340841	-0.0533402824009	0.0236587010542	0.00489021470278	-0.00895287348781	-0.0481508411188	-0.0100455596967	-0.0209321161237	-0.0339201087095	0.00326405981536	-0.0832766125613	-0.0722738544877	0.0194426019345	0.010438954723	0.0350489536641	0.0440548639267	-0.0144913160377	0.0257435220041	0.0139021947015	-0.0200446894892	-0.00561738742611	-0.0285807085089	-0.0457223771831	0.0493306249674	0.047825160701	0.0188673598207	0.0442787279503	0.0625725895416	0.0119989588195	0.058556404097	0.0324287291828	-0.00722698833198	0.0229509247657	-0.0389294083213	-0.00492691585107	-0.0753846919972	-0.0326628584884	-0.00418730833926	0.040907096688	-0.0340023939306	-0.0643077874214	-0.0119336505813	0.0336633873431	0.0671267082129	-0.0526130242431
k__Bacteria;p__Bacteroidetes;c__Bacteroidia;o__Bacteroidales;f__Bacteroidaceae;g__Bacteroides;s__Bacteroides_coprocola	0.0483545397921	-0.0218319192558	0.00865026037595	-0.0426171109353	-0.0257231360526	-0.039142099213	-0.062218678544	-0.0284930219944	0.0375188636805	-0.0132806034638	0.00414191179168	1.0	-0.0100899132776	0.000195951902949	-0.0333519698463	0.023549568635	-0.0220177788606	-0.00912132699434	0.0088594885787	-0.0665803815655	-0.0262382441955	-0.000997403991279	-0.0387440856653	0.00504335953088	-0.00478028067874	0.0404007721119	-0.0358978263147	0.065331695784	-0.0265695951462	-0.0342014568661	-0.0285771662453	-0.0354007533684	-0.0145867681646	0.0484745799937	0.0186791570588	-0.0218484946639	-0.018668099868	-0.0324663477793	-0.0410188937811	-0.0411546605557	-0.0170372558727	0.0296684160569	-0.00314981951047	-0.046674484707	-0.00932463746853	0.043843318315	0.00200263309032	-0.0456040268283	-0.0328019171568	0.0193613541122	-0.0221103400726	0.00836831927656	-0.0689410693917	-0.0598202601576	0.0350715097047	0.0508864981202	0.00292737535937	-0.0265127154619	0.0242492815997
k__Bacteria;p__Bacteroidetes;c__Bacteroidia;o__Bacteroidales;f__Bacteroidaceae;g__Bacteroides;s__Bacteroides_cellulosilyticus	-0.0438364187626	-0.0363766628142	-0.0268540515593	-0.011050690626	-0.011872539195	-0.032566777321	-0.00689816630172	-0.0517090100566	0.0326774222082	-0.018896396024	-0.0301440195842	-0.0100899132776	1.0	0.0425637138622	-0.00137397354323	-0.00198736562835	0.0167487295473	-0.0227563130981	0.0348905424108	-0.0553309232023	-0.0480072989528	0.0267989299287	-0.00979300473214	-0.00578375497739	0.00352012193444	0.0176951215768	-0.0234526346355	-0.0486935446637	0.030212574225	0.0214314350644	-0.00874761440639	-0.0220469605737	0.0149253597648	0.01218869283	0.0158399036644	-0.0146531791402	-0.0489569915204	-0.00567338790777	-0.0479047941479	0.0255176360512	-0.013076961157	-0.0446243817922	-0.0206717240884	-0.0760966808794	0.0866043730631	0.0613336273583	0.0238871615458	-0.0103543858623	-0.0208583305265	-0.0137883891811	-0.00435711057469	-0.013531200937	-0.0476347232868	0.0279394857682	-0.0273249730108	0.0133855612043	0.0167722835196	0.0445698462577	0.014363751328
k__Bacteria;p__Bacteroidetes;c__Bacteroidia;o__Bacteroidales;f__Rikenellaceae;g__Alistipes;s__Alistipes_obesi	-0.0159663541107	-0.060368439888	-0.0619622214816	0.0111812921112	-0.024099997926	-0.00474247600976	0.019339836456	-0.0433726750112	0.0256173772944	-0.0155064026554	0.0324907782467	0.000195951902949	0.0425637138622	1.0	0.00295606861217	0.011066324659	-0.0734480492508	-0.054428346811	-0.0298171328885	0.0259811397375	0.0019270539032	0.0242489438441	-0.0250815535098	-0.0175037945482	0.0482039166607	-0.00418182362487	0.00620554946069	-0.00468910011721	-0.00956486418565	-0.0225786940119	0.0248724140764	0.00930272719546	-0.030598993726	-0.0851441826702	-0.0638150135835	0.0226867312426	-0.00344403673662	-0.00724249883262	-0.0151035788283	-0.0295197850004	0.0114553036089	-0.0221343195135	0.0137537843229	0.0441512313334	-0.00458071442006	-0.044264589185	-0.0232112605801	0.0325120050181	-0.0248792685001	0.00746704737251	0.0209352861015	-0.0600893240915	-0.00484214792129	0.0460455300283	-0.0262520331066	-0.0181608458453	-0.0375582367462	0.0258613957569	-0.0217027767719
k__Bacteria;p__Firmicutes;c__Clostridia;o__Clostridiales;f__Lachnospiraceae;g__;s__[Eubacterium]_rectale	-0.0352274319706	-0.0592975269822	0.00940413619204	0.00285932209063	-0.0874663440672	-0.0423437534279	-0.0595985273755	0.0302435076432	-0.0119609123988	-0.0115771155045	-0.0637291340841	-0.0333519698463	-0.00137397354323	0.00295606861217	1.0	0.01704445711	0.0147012933999	0.0666330069874	0.0927035609047	-0.0603305583854	-0.0170155147283	0.0334139358858	-0.0440555601404	-0.0129337142318	0.0267278115142	-0.0180583992667	0.00260210725412	0.0393027050404	0.0186453529481	0.00366609791993	-0.00511190999247	-0.0203122017017	-0.0739384624512	-0.0660067693777	-0.0190253650081	0.00432123447671	-0.0187948176614	-0.0488762503929	0.0160661244074	-0.0154030827781	-0.0464070672805	0.0163984019854	-0.00549575736415	-0.0611181448794	0.043936910431	-0.0143934850601	0.0351608563264	-0.0146790497227	0.0043824559384	-0.00245025760482	0.0164257794541	-0.0342826043035	-0.0107499136335	-0.0626571275656	-0.00745727669927	-0.0176020751432	-0.0892792608268	-0.0391972455397	0.00422423405999
k__Bacteria;p__Bacteroidetes;c__Bacteroidia;o__Bacteroidales;f__Bacteroidaceae;g__Bacteroides;s__Bacteroides_plebeius	-0.0194805731394	0.00811166824512	-0.102098288545	0.0368968739021	-0.0234123572399	-0.00487010155372	-0.0122046285915	0.0149405622081	-0.00145422533221	0.0376217378752	-0.0533402824009	0.023549568635	-0.00198736562835	0.011066324659	0.01704445711	1.0	-0.0481045877374	-0.0157758342768	0.000958048981949	-0.0232699855863	0.0421370310618	0.0441976332848	-0.0371704096476	-0.0525847152204	-0.0125918758967	-0.0567351278041	-0.0144069773938	-0.0538951008541	-0.000594768357127	0.0238681528196	-0.00305031339149	-0.0228168107966	0.0380145755089	-0.0143127539492	-0.00635608783133	0.00540165489522	-0.0303941123179	-0.0235410399155	-0.000484842338355	-0.0176060392747	-0.0300953584532	-0.0750324266693	-0.0308401009942	0.0387966884371	0.017921810769	0.036544247205	-0.0093688402791	0.081825785786	-0.0517808664106	0.00433527498023	0.0244937626899	0.0106955061144	0.074271030215	0.00136885331775	-0.0764749978787	-0.0376917287889	0.00547545122048	0.0184455081581	-0.0207238264747
k__Bacteria;p__Bacteroidetes;c__Bacteroidia;o__Bacteroidales;f__Bacteroidaceae;g__Bacteroides;s__Bacteroides_fragilis	0.00880318865075	-0.0710422502221	0.0811619622863	-0.00948101048609	-0.0103871171909	0.0024427586981	-0.00712644184032	-0.051322975029	-0.00365120728145	0.0561419488649	0.0236587010542	-0.0220177788606	0.0167487295473	-0.0734480492508	0.0147012933999	-0.0481045877374	1.0	-0.0176422631204	0.00143041063127	-0.00388243949041	-0.0380583392037	-0.00550956722112	-0.021124841144	0.0272058825546	-0.0276415857172	0.0300461543	-0.0376674804873	-0.0129093675258	-0.0242992653476	0.0142682738584	0.0167002884694	-0.0506464231257	-0.00202702315072	-0.0199896970146	-0.0284572881817	-0.010601868083	-0.0292641398703	0.0185434211767	0.0271686981664	-0.0543898758441	-0.0718238110715	0.0442414694327	0.00628401494169	-0.0223049209608	0.00326091729159	-0.0727569183331	0.0559991148917	-0.106049356401	0.00885663552348	-0.0404913508074	0.0151237697248	-0.0276090807753	0.0384100666297	-0.0284708832074	0.0215599994588	-0.00884849916365	-0.0567245799704	-0.0257545076864	-0.045262048853
k__Bacteria;p__Proteobacteria;c__Betaproteobacteria;o__Burkholderiales;f__Sutterellaceae;g__Sutterella;s__Sutterella_wadsworthensis	0.0399116744107	-0.0105694662205	0.00553283575202	0.00663666439866	-0.0168801213794	0.0286412393822	-0.0587172515255	0.00631964795751	-0.0199422355178	0.0390543345892	0.00489021470278	-0.00912132699434	-0.0227563130981	-0.054428346811	0.0666330069874	-0.0157758342768	-0.0176422631204	1.0	0.0317754943347	-0.0379749442731	0.0185031235181	-0.0534260941703	-0.0419188390684	-0.00491575217425	0.0534980448319	-0.0135436349682	-0.0361406655631	0.0393901139615	0.00805730654734	0.00294021833059	-0.0411689138261	0.00169767398866	0.0392762480331	-0.0589732056047	-0.0292494210708	-0.0110088106382	0.000328002827338	-0.0423616695296	-0.0453011332717	-0.0349198303249	-0.0259127720484	-0.0574817685023	-0.00209210090329	0.00249811133548	0.0152439661731	0.0387385742767	-0.0119327035045	0.00205517095265	-0.0217394868709	-0.0176300670433	-0.00370783020845	-0.0235586911084	0.0202033590406	0.0155365589962	-0.0951080199816	-0.0114062003823	-0.0417733280323	-0.0304968265065	-0.0143523082478
k__Bacteria;p__Bacteroidetes;c__Bacteroidia;o__Bacteroidales;f__Porphyromonadaceae;g__Barnesiella;s__Barnesiella_intestinihominis	-0.0108817767357	-0.0494370673533	0.0334837806399	0.00432460574904	0.0329935548515	-0.0407473978013	-0.0241879451418	-0.0512616268635	-0.0451300027708	-0.030780448948	-0.00895287348781	0.0088594885787	0.0348905424108	-0.0298171328885	0.0927035609047	0.000958048981949	0.00143041063127	0.0317754943347	1.0	0.0141067878586	-0.0608786960242	-0.0507813417975	0.000986894850472	-0.0363103579166	-0.0337558551383	0.00583378069908	0.0434262709248	0.0419531442978	0.00657458357831	-0.0581708042389	0.0128637843725	-0.052254519072	-0.00302971746679	-0.0372832696084	-0.0658429146667	-0.0320033276315	0.0454242564033	0.00301433982683	-0.0204463375476	-0.0606267368929	-0.00856848348486	0.00691797203132	-0.0270603609833	-0.0375256399087	0.0217131574201	0.00490447193245	-0.0258065970212	-0.0416497944616	0.000751923114133	-0.018132497771	-0.0287484125898	-0.00614109188098	-0.0121861832301	-0.0153810667914	-0.0162194911342	0.0272514601767	-0.0244405077676	-0.019767343852	-0.0460885802718
k__Bacteria;p__Bacteroidetes;c__Bacteroidia;o__Bacteroidales;f__Odoribacteraceae;g__Odoribacter;s__Odoribacter_splanchnicus	0.00737220503821	-0.02638573695	-0.0226155820063	-0.00845293265586	-0.0395462671592	0.0470055641343	0.00085145020932	-0.00622625690776	-0.0257769768649	0.0349573412086	-0.0481508411188	-0.0665803815655	-0.0553309232023	0.0259811397375	-0.0603305583854	-0.0232699855863	-0.00388243949041	-0.0379749442731	0.0141067878586	1.0	0.011925699258	-0.0177303674433	0.00764234264701	-0.000217341471954	-0.0175852473181	-0.0465227714767	0.0106777190554	0.0648701445007	0.0583954327254	0.0437909027888	-0.0137639475469	-0.0492789033494	-0.0315361546721	-0.00224719356255	0.00110290556408	-0.00871646306031	0.00690825733936	-0.00685896052822	-0.0202263953938	-0.0180675776028	0.0104836782867	-0.00987825364526	0.0296142252156	-0.0575368164678	-0.0794811643625	-0.0851059196161	-0.0326511021471	0.0355362528792	0.0551344753268	-0.0239257780597	-0.017287089949	0.0392102815618	0.0386650117336	-0.0477642781975	-0.0356321426994	0.0102242866878	-0.0363403669654	-0.0634422337982	0.0105715402814
k__Bacteria;p__Bacteroidetes;c__Bacteroidia;o__Bacteroidales;f__Bacteroidaceae;g__Bacteroides;s__Bacteroides_salyersiae	-0.038473230512	0.00251723550967	-0.0237746651777	-0.0332394807229	0.0335736363835	0.0219539841231	-0.0428084463509	0.0202823185291	0.0249984426463	-0.0384598193373	-0.0100455596967	-0.0262382441955	-0.0480072989528	0.0019270539032	-0.0170155147283	0.0421370310618	-0.0380583392037	0.0185031235181	-0.0608786960242	0.011925699258	1.0	0.0180095221819	-0.021357522978	0.0061469019411	0.0317930421855	0.0226651077127	-0.0444244479183	0.0251460921091	0.00885866304724	0.0495043014356	-0.0391497856969	0.0223349091337	-0.00473018151366	-0.0222733447847	0.0130966023711	-0.0380948977714	-0.0319244503142	-0.00531217497497	-0.0841006646775	-0.0409757546627	-0.000727945550806	-0.00887554185246	0.029628337707	-0.0286069763968	-0.0620866639381	0.00274997656057	-0.0263260020566	-0.0216956846326	-0.0355935148696	0.0154775997659	-4.95998419927e-05	0.0620023340562	0.0274465194766	0.0238399258104	-0.0349006720438	-0.0458204789882	-0.0457624111951	0.0502974776659	0.0314549011542
k__Bacteria;p__Firmicutes;c__Clostridia;o__Clostridiales;f__Ruminococcaceae;g__Ruminiclostridium;s__[Eubacterium]_siraeum	-0.00556731930663	-0.0700771042086	0.0474171697467	0.0229704109428	0.0272421496336	0.0372717841414	0.0441669740323	0.0486913297176	-0.0100982890614	-0.010642408472	-0.0209321161237	-0.000997403991279	0.0267989299287	0.0242489438441	0.0334139358858	0.0441976332848	-0.00550956722112	-0.0534260941703	-0.0507813417975	-0.0177303674433	0.0180095221819	1.0	-0.0170094175325	-0.0432721589343	-0.00279694967968	0.0138519451529	0.0467553616056	-0.0131385593699	-0.0155088321973	0.0186688533941	0.0164960597117	-0.0492381271947	-0.0596931672886	-0.0182202031868	-0.00552414524552	-0.0345769621983	0.00460590841562	-0.036045661592	-0.0926262979623	0.00371015645813	0.00103680703385	0.00946302322541	-0.000781251819721	-0.0151753874709	0.0416260408951	-0.00457415018861	-0.0163457612223	-0.0448276499504	-0.0615858211251	-0.0711843252809	0.00500097579973	0.0189913326501	-0.0270018842753	0.0145580219141	-0.034194583272	0.00994817991162	-0.0534846866238	0.00208833981607	-0.0305751336863
k__Bacteria;p__Proteobacteria;c__Betaproteobacteria;o__Burkholderiales;f__Sutterellaceae;g__Parasutterella;s__Parasutterella_excrementihominis	0.0292703316774	0.0138492920514	-0.0559416675707	0.0024502096943	0.0675427693916	-0.00956182189956	-0.024233760299	0.0475105628768	-0.005441805234	-0.0717425883658	-0.0339201087095	-0.0387440856653	-0.00979300473214	-0.0250815535098	-0.0440555601404	-0.0371704096476	-0.021124841144	-0.0419188390684	0.000986894850472	0.00764234264701	-0.021357522978	-0.0170094175325	1.0	0.0548447973084	-0.00639370138456	0.0442750428449	0.00149042449619	-0.0229104403484	-0.0350488487487	0.0333075205191	-0.0334221370671	0.0199025891701	0.0274947931989	-0.0421425682481	-0.0531564819373	-0.00201141351767	-0.016091224782	-0.0094784755477	0.0657622560417	0.0149021493504	-0.042859177011	0.00145149004234	-0.0773699232398	0.0325351362362	-0.0464907533086	-0.048106428438	-0.0800413044595	-0.00198125782776	-0.0597510175091	-0.0287510997713	0.0355952732958	-0.0219636629518	0.0196778199507	-0.000943252251264	-0.0180565788863	0.0159766991567	-0.083581387557	-0.0192817535089	-0.00244305419137
k__Bacteria;p__Actinobacteria;c__Actinobacteria;o__Bifidobacteriales;f__Bifidobacteriaceae;g__Bifidobacterium;s__Bifidobacterium_adolescentis	-0.0368835908701	0.00154332130436	0.00965129443008	-0.0807664711554	0.000904114719319	-0.00696229974303	0.00452202009745	-0.0552856834027	-0.0484010019301	-0.0547051910695	0.00326405981536	0.00504335953088	-0.00578375497739	-0.0175037945482	-0.0129337142318	-0.0525847152204	0.0272058825546	-0.00491575217425	-0.0363103579166	-0.000217341471955	0.0061469019411	-0.0432721589343	0.0548447973084	1.0	0.0080868030403	0.00300658119508	-0.051948799702	-0.0191588805223	-0.0653617650681	-0.0233796171185	0.0261647166228	0.0282025470068	-0.00763466776103	0.0645827792613	-0.0325528608241	0.0442355555118	0.00980479248966	0.00217680532291	-0.00512309804237	0.019096400492	-0.0281499603502	0.0395397915726	0.0425518441165	-0.0117193321261	0.00259665275847	0.00605945500902	0.00867191646408	0.012345562195	0.0526891249047	0.098529995477	0.0400574987899	0.033923603847	-0.0354889265623	-0.0660067558125	-0.0127713404943	-0.00780741557764	-0.0118399657461	-0.0377439413796	0.013525922604
k__Bacteria;p__Firmicutes;c__Clostridia;o__Clostridiales;f__Oscillospiraceae;g__Oscillibacter;s__Oscillibacter_sp._KLE_1745	-0.0410895374595	0.0541111146588	0.0105796508707	-0.0619376878951	-0.0467802030588	-0.0216854434228	-0.0073550460477	-0.0364822061517	-0.0765562881067	0.0313097106765	-0.0832766125613	-0.00478028067874	0.00352012193444	0.0482039166607	0.0267278115142	-0.0125918758967	-0.0276415857172	0.0534980448319	-0.0337558551383	-0.0175852473181	0.0317930421855	-0.00279694967968	-0.00639370138456	0.0080868030403	1.0	-0.00436747753753	0.0537047626874	-0.0208072129304	-0.0320157597976	-0.0405567839499	0.00219844766586	-0.055230175464	-0.00630953141386	0.00793579359318	-0.0338750137455	0.0115646303379	-0.0146630939522	-0.0284699579918	0.0381731500763	-0.0554462982068	0.00452811677526	0.00852045466955	0.0335326669165	-0.0259021572917	-0.0138068200438	-0.0250421812935	0.0374517566981	-0.0575906867708	-0.132926979499	0.00496744534102	0.0373459686975	0.013200680717	0.0315657315365	-0.0514922106182	-0.0195562267449	-0.0293200503527	0.014049606143	0.00817524106375	-0.105594668339
k__Bacteria;p__Bacteroidetes;c__Bacteroidia;o__Bacteroidales;f__Bacteroidaceae;g__Bacteroides;s__Bacteroides_coprophilus	0.0480704149286	0.0164216389824	0.0404673331001	-0.0257288200581	-0.0480531945558	-0.0263721721527	-0.0271647247715	0.0558345217982	0.00355967991217	-0.00509414108512	-0.0722738544877	0.0404007721119	0.0176951215768	-0.00418182362487	-0.0180583992667	-0.0567351278041	0.0300461543	-0.0135436349682	0.00583378069908	-0.0465227714767	0.0226651077127	0.0138519451529	0.0442750428449	0.00300658119508	-0.00436747753753	1.0	-0.0431143606578	-0.0537803033714	-0.0445465035325	-0.00543947501746	-0.0178776303645	-0.00538221542282	-0.00824421586627	-0.0372261767829	-0.0362249139575	0.00338539997461	0.0108697075309	-0.00417766947378	-0.0361379631371	0.0579780338567	-0.0330347593324	0.0356898922447	-0.0567283057935	-0.0511512007913	0.0115751765415	-0.0144347581693	0.00128720589224	-0.0178869267028	-0.0314789017014	0.0342422296993	-0.0146427460087	0.0185932617784	0.0201126591399	-0.0073965754447	-0.0230403997548	-0.00830407291848	-0.0659375458943	-0.00555498164605	0.0158929017109
k__Bacteria;p__Firmicutes;c__Clostridia;o__Clostridiales;f__Lachnospiraceae;g__Roseburia;s__Roseburia_intestinalis	-0.0112991656358	-0.00271894791312	-0.00847659159917	0.0150226301847	0.0692623132587	0.0521414837323	-0.00517662599512	0.042339049552	-0.0376438062716	0.0238946086535	0.0194426019345	-0.0358978263147	-0.0234526346355	0.00620554946069	0.00260210725412	-0.0144069773938	-0.0376674804873	-0.0361406655631	0.0434262709248	0.0106777190554	-0.0444244479183	0.0467553616056	0.00149042449619	-0.051948799702	0.0537047626874	-0.0431143606578	1.0	0.00190437492326	-0.000372112294073	-0.0280585944768	0.02021325316	-0.0266017540833	-0.0248847652066	-0.0279332827732	0.0389070912378	0.00654701707532	-0.005658430126	-0.0245764565673	-0.0159147894245	0.0330856883011	-0.0424896398865	-0.000182214372111	-0.0281555310171	0.0182704012567	-0.00964636843891	0.0520387205583	-0.00586168964008	0.0170159463642	0.00564523268847	-0.0929731316985	-0.0339369411754	-0.0161209977282	0.0237360707503	0.0204674921812	-0.0035676375451	-0.101615104314	-0.00436145069629	-0.0436521085618	0.000924484247052
k__Bacteria;p__Firmicutes;c__Clostridia;o__Clostridiales;f__Lachnospiraceae;g__Roseburia;s__Roseburia_hominis	0.0480804153217	0.00337429958223	-0.00897112298967	0.038822919335	0.0351648345867	0.000159800456638	0.0527698566592	-0.0376026668769	-0.0510801360699	0.047607944439	0.010438954723	0.065331695784	-0.0486935446637	-0.00468910011721	0.0393027050404	-0.0538951008541	-0.0129093675258	0.0393901139615	0.0419531442978	0.0648701445007	0.0251460921091	-0.0131385593699	-0.0229104403484	-0.0191588805223	-0.0208072129304	-0.0537803033714	0.00190437492326	1.0	-0.0134440300944	-0.00819714514417	-0.0266363684868	-0.0328097028449	0.022572948314	-0.00206322473326	0.0356597854921	-0.0157047306753	-0.0414771675822	-0.0484228941226	-0.101365038076	-0.0576260285617	0.0503438669656	-0.029258572629	0.0308023253079	0.0221574573819	0.0346942286987	-0.0199977515283	-0.0338555914522	-0.00520960161135	0.0370881912405	-0.0155739650214	-0.0294487816212	-0.00158404597338	-0.0143789123687	-0.0363846583965	-0.056507106466	-0.0130268505305	-0.0329642377852	-0.0119862977869	-0.000586758760932
k__Bacteria;p__Bacteroidetes;c__Bacteroidia;o__Bacteroidales;f__Porphyromonadaceae;g__Parabacteroides;s__Parabacteroides_johnsonii	0.00351410567993	0.000694169846947	-0.0393194487638	0.0476910081947	0.00162527706797	-0.00420529378116	-0.0254864343832	-0.0635355559157	-0.032518646185	-0.0381659730578	0.0350489536641	-0.0265695951462	0.030212574225	-0.00956486418565	0.0186453529481	-0.000594768357127	-0.0242992653476	0.00805730654734	0.00657458357831	0.0583954327254	0.00885866304724	-0.0155088321973	-0.0350488487487	-0.0653617650681	-0.0320157597976	-0.0445465035325	-0.000372112294073	-0.0134440300944	1.0	0.020058763355	-0.0117709918671	0.0838344156556	-0.0519441445853	0.0444059605765	0.0238412980348	0.0041014699634	-0.00381647979187	-0.023241114118	-0.0143469539243	0.0787868816339	-0.0196510639467	-0.0172080491581	0.0417262922758	-0.0216300066809	-0.00722632792739	0.00958427781018	-0.0441276753409	-0.0237231650796	-0.0301600103194	-0.0182022047583	-0.0454383366079	-0.0152514068209	-0.0246537024764	0.0116802819306	-0.00399262513396	-0.0160536725224	-0.00378076499946	0.0366184509901	0.00831233408666
