#taxonomy	k__Bacteria;p__Bacteroidetes;c__Bacteroidia;o__Bacteroidales;f__Bacteroidaceae;g__Bacteroides;s__Bacteroides_vulgatus	k__Bacteria;p__Bacteroidetes;c__Bacteroidia;o__Bacteroidales;f__Bacteroidaceae;g__Bacteroides;s__Bacteroides_uniformis	k__Bacteria;p__Bacteroidetes;c__Bacteroidia;o__Bacteroidales;f__Rikenellaceae;g__Alistipes;s__Alistipes_putredinis	k__Bacteria;p__Bacteroidetes;c__Bacteroidia;o__Bacteroidales;f__Prevotellaceae;g__Prevotella;s__Prevotella_copri	k__Bacteria;p__Bacteroidetes;c__Bacteroidia;o__Bacteroidales;f__Bacteroidaceae;g__Bacteroides;s__Bacteroides_stercoris	k__Bacteria;p__Bacteroidetes;c__Bacteroidia;o__Bacteroidales;f__Bacteroidaceae;g__Bacteroides;s__Bacteroides_ovatus	k__Bacteria;p__Bacteroidetes;c__Bacteroidia;o__Bacteroidales;f__Rikenellaceae;g__Alistipes;s__Alistipes_shahii	k__Bacteria;p__Firmicutes;c__Clostridia;o__Clostridiales;f__Ruminococcaceae;g__Faecalibacterium;s__Faecalibacterium_prausnitzii	k__Bacteria;p__Bacteroidetes;c__Bacteroidia;o__Bacteroidales;f__Rikenellaceae;g__Alistipes;s__Alistipes_finegoldii	k__Bacteria;p__Bacteroidetes;c__Bacteroidia;o__Bacteroidales;f__Porphyromonadaceae;g__Parabacteroides;s__Parabacteroides_distasonis	k__Bacteria;p__Bacteroidetes;c__Bacteroidia;o__Bacteroidales;f__Bacteroidaceae;g__Bacteroides;s__Bacteroides_thetaiotaomicron	k__Bacteria;p__Bacteroidetes;c__Bacteroidia;o__Bacteroidales;f__Bacteroidaceae;g__Bacteroides;s__Bacteroides_coprocola	k__Bacteria;p__Bacteroidetes;c__Bacteroidia;o__Bacteroidales;f__Bacteroidaceae;g__Bacteroides;s__Bacteroides_cellulosilyticus	k__Bacteria;p__Bacteroidetes;c__Bacteroidia;o__Bacteroidales;f__Rikenellaceae;g__Alistipes;s__Alistipes_obesi	k__Bacteria;p__Firmicutes;c__Clostridia;o__Clostridiales;f__Lachnospiraceae;g__;s__[Eubacterium]_rectale	k__Bacteria;p__Bacteroidetes;c__Bacteroidia;o__Bacteroidales;f__Bacteroidaceae;g__Bacteroides;s__Bacteroides_plebeius	k__Bacteria;p__Bacteroidetes;c__Bacteroidia;o__Bacteroidales;f__Bacteroidaceae;g__Bacteroides;s__Bacteroides_fragilis	k__Bacteria;p__Proteobacteria;c__Betaproteobacteria;o__Burkholderiales;f__Sutterellaceae;g__Sutterella;s__Sutterella_wadsworthensis	k__Bacteria;p__Bacteroidetes;c__Bacteroidia;o__Bacteroidales;f__Porphyromonadaceae;g__Barnesiella;s__Barnesiella_intestinihominis	k__Bacteria;p__Bacteroidetes;c__Bacteroidia;o__Bacteroidales;f__Odoribacteraceae;g__Odoribacter;s__Odoribacter_splanchnicus	k__Bacteria;p__Bacteroidetes;c__Bacteroidia;o__Bacteroidales;f__Bacteroidaceae;g__Bacteroides;s__Bacteroides_salyersiae	k__Bacteria;p__Firmicutes;c__Clostridia;o__Clostridiales;f__Ruminococcaceae;g__Ruminiclostridium;s__[Eubacterium]_siraeum	k__Bacteria;p__Proteobacteria;c__Betaproteobacteria;o__Burkholderiales;f__Sutterellaceae;g__Parasutterella;s__Parasutterella_excrementihominis	k__Bacteria;p__Actinobacteria;c__Actinobacteria;o__Bifidobacteriales;f__Bifidobacteriaceae;g__Bifidobacterium;s__Bifidobacterium_adolescentis	k__Bacteria;p__Firmicutes;c__Clostridia;o__Clostridiales;f__Oscillospiraceae;g__Oscillibacter;s__Oscillibacter_sp._KLE_1745	k__Bacteria;p__Bacteroidetes;c__Bacteroidia;o__Bacteroidales;f__Bacteroidaceae;g__Bacteroides;s__Bacteroides_coprophilus	k__Bacteria;p__Firmicutes;c__Clostridia;o__Clostridiales;f__Lachnospiraceae;g__Roseburia;s__Roseburia_intestinalis	k__Bacteria;p__Firmicutes;c__Clostridia;o__Clostridiales;f__Lachnospiraceae;g__Roseburia;s__Roseburia_hominis	k__Bacteria;p__Bacteroidetes;c__Bacteroidia;o__Bacteroidales;f__Porphyromonadaceae;g__Parabacteroides;s__Parabacteroides_johnsonii	k__Bacteria;p__Actinobacteria;c__Actinobacteria;o__Bifidobacteriales;f__Bifidobacteriaceae;g__Bifidobacterium;s__Bifidobacterium_longum	k__Bacteria;p__Firmicutes;c__Clostridia;o__Clostridiales;f__;g__Flavonifractor;s__Flavonifractor_plautii	k__Bacteria;p__Firmicutes;c__Clostridia;o__Clostridiales;f__Clostridiaceae;g__Clostridium;s__Clostridium_phoceensis	k__Bacteria;p__Verrucomicrobia;c__Verrucomicrobiae;o__Verrucomicrobiales;f__Akkermansiaceae;g__Akkermansia;s__Akkermansia_muciniphila	k__Bacteria;p__Bacteroidetes;c__Bacteroidia;o__Bacteroidales;f__Prevotellaceae;g__Paraprevotella;s__Paraprevotella_xylaniphila	k__Bacteria;p__Firmicutes;c__Clostridia;o__Clostridiales;f__Ruminococcaceae;g__Ruminococcus;s__Ruminococcus_callidus	k__Bacteria;p__Bacteroidetes;c__Bacteroidia;o__Bacteroidales;f__Rikenellaceae;g__Alistipes;s__Alistipes_senegalensis	k__Bacteria;p__Firmicutes;c__Clostridia;o__Clostridiales;f__Lachnospiraceae;g__Blautia;s__Blautia_sp._KLE_1732	k__Bacteria;p__Bacteroidetes;c__Bacteroidia;o__Bacteroidales;f__Bacteroidaceae;g__Bacteroides;s__Bacteroides_oleiciplenus	k__Bacteria;p__Firmicutes;c__Clostridia;o__Clostridiales;f__Ruminococcaceae;g__Ruminococcus;s__Ruminococcus_bicirculans	k__Bacteria;p__Bacteroidetes;c__Bacteroidia;o__Bacteroidales;f__Bacteroidaceae;g__Bacteroides;s__Bacteroides_fluxus	k__Bacteria;p__Bacteroidetes;c__Bacteroidia;o__Bacteroidales;f__Prevotellaceae;g__Prevotella;s__Prevotella_stercorea	k__Bacteria;p__Firmicutes;c__Clostridia;o__Clostridiales;f__Lachnospiraceae;g__Dorea;s__Dorea_longicatena	k__Bacteria;p__Firmicutes;c__Clostridia;o__Clostridiales;f__Eubacteriaceae;g__Eubacterium;s__[Eubacterium]_eligens	k__Bacteria;p__Firmicutes;c__Clostridia;o__Clostridiales;f__Ruminococcaceae;g__;s__Ruminococcaceae_bacterium_D16	k__Bacteria;p__Firmicutes;c__Clostridia;o__Clostridiales;f__Lachnospiraceae;g__Coprococcus;s__Coprococcus_comes	k__Bacteria;p__Proteobacteria;c__Gammaproteobacteria;o__Enterobacterales;f__Enterobacteriaceae;g__Escherichia;s__Escherichia_coli	k__Bacteria;p__Firmicutes;c__Clostridia;o__Clostridiales;f__Ruminococcaceae;g__Anaerotruncus;s__Anaerotruncus_colihominis	k__Bacteria;p__Firmicutes;c__Clostridia;o__Clostridiales;f__Lachnospiraceae;g__Blautia;s__Blautia_obeum	k__Bacteria;p__Bacteroidetes;c__Bacteroidia;o__Bacteroidales;f__Odoribacteraceae;g__Odoribacter;s__Odoribacter_laneus	k__Bacteria;p__Firmicutes;c__Clostridia;o__Clostridiales;f__Ruminococcaceae;g__Ruminiclostridium;s__[Clostridium]_leptum	k__Bacteria;p__Bacteroidetes;c__Bacteroidia;o__Bacteroidales;f__Porphyromonadaceae;g__Parabacteroides;s__Parabacteroides_goldsteinii	k__Bacteria;p__Firmicutes;c__Clostridia;o__Clostridiales;f__Lachnospiraceae;g__Anaerostipes;s__Anaerostipes_hadrus	k__Bacteria;p__Firmicutes;c__Clostridia;o__Clostridiales;f__Ruminococcaceae;g__Ruminococcus;s__Ruminococcus_lactaris	k__Bacteria;p__Firmicutes;c__Clostridia;o__Clostridiales;f__Clostridiaceae;g__Clostridium;s__Clostridium_sp._L2-50	k__Bacteria;p__Firmicutes;c__Clostridia;o__Clostridiales;f__Clostridiaceae;g__Clostridium;s__Clostridium_sp._M62/1	k__Bacteria;p__Firmicutes;c__Clostridia;o__Clostridiales;f__;g__Intestinimonas;s__Intestinimonas_butyriciproducens	k__Bacteria;p__Actinobacteria;c__Actinobacteria;o__Bifidobacteriales;f__Bifidobacteriaceae;g__Bifidobacterium;s__Bifidobacterium_bifidum	k__Bacteria;p__Firmicutes;c__Negativicutes;o__Veillonellales;f__Veillonellaceae;g__Dialister;s__Dialister_invisus	k__Bacteria;p__Bacteroidetes;c__Bacteroidia;o__Bacteroidales;f__Bacteroidaceae;g__Bacteroides;s__Bacteroides_salanitronis
k__Bacteria;p__Bacteroidetes;c__Bacteroidia;o__Bacteroidales;f__Bacteroidaceae;g__Bacteroides;s__Bacteroides_vulgatus	1.0	0.0741682494741	0.0128253454019	0.0410012555293	0.0375019385973	0.0418563113198	-0.0449364096075	-0.0249963343604	-0.0497058810078	-0.0626027692751	0.0297707841402	0.0245595113358	-0.0454830162169	-0.0180039319844	0.00404442528212	-0.0471715608421	-0.0410654687289	-0.0102192125175	-0.0441843880462	-0.0412797214522	-0.0122058780221	-0.0411313972442	-0.00871485180303	-0.000589227046991	-0.028536958595	0.00928602505695	-0.0760015561619	0.0557907627119	0.0151703668025	-0.00478465624501	0.0270727255375	-0.00580824440668	-0.000117627371572	-0.0190103441871	0.00324002774798	-0.0356450380025	-0.0152666516972	-0.0484782235551	-0.0441186691806	0.0485548322415	0.0375251470715	-0.0590544192975	-0.0131887483909	-0.0256315627929	-0.0489824818907	-0.0111796579883	-0.00465161543582	-0.0183142210873	-0.0459211120758	0.0119467474472	-0.0152841502798	0.00182999795622	0.00296252608802	0.00162352273152	-0.0609738374364	-0.0622055839089	-0.00381463754737	-0.0236607539669	-0.01590770592
k__Bacteria;p__Bacteroidetes;c__Bacteroidia;o__Bacteroidales;f__Bacteroidaceae;g__Bacteroides;s__Bacteroides_uniformis	0.0741682494741	1.0	0.0415235305746	0.0295565690335	-0.00482280971769	0.025576548656	-0.0445044453865	0.0226845596708	-0.0412880204303	-0.0542672901704	-0.0572584652656	0.015924754396	-0.0362961173999	-0.0444580571211	0.0520271469802	-0.0601030482869	0.000330865488058	-0.00379050363086	0.0202104837117	-0.0287487685166	-0.00900747619786	-0.0185063947305	-0.0165214914202	-0.0820386462999	-0.0715170900477	-0.0448660849304	0.0213978138614	-0.00758256200462	0.00248871404769	0.0129941868553	-0.0663254465671	0.0313259978844	-0.0117692467091	-0.00739428574661	0.0204224083834	0.00905370464633	-0.0151694588512	-0.0226370273271	-0.0103507432474	-0.0138087159623	0.0816085539407	-0.0556819934116	-0.00384871098653	-0.0394310083673	0.0489031320414	-0.0256399562389	0.0311904014388	-0.020708377058	-0.0284617486291	-0.0155722948331	0.0603903732525	-0.0143198053887	0.0319307430008	0.0304803331989	-0.0530003442602	-0.000122558211564	0.0296164630764	-0.0361015103781	0.0119743164621
k__Bacteria;p__Bacteroidetes;c__Bacteroidia;o__Bacteroidales;f__Rikenellaceae;g__Alistipes;s__Alistipes_putredinis	0.0128253454019	0.0415235305746	1.0	-0.0181330299049	0.0100989698176	0.100705031633	-0.0300737731673	-0.023143728424	0.0542166432754	-0.0602371556457	0.0235995287389	-0.0204327797385	0.0427265936314	0.0236803232307	-0.0401460709499	0.0556111603251	0.0376341267175	0.0365106163927	0.0171795695608	-0.00328006441255	-0.0110848021299	-0.0494159681288	-0.0229562057021	-0.0103829524909	-0.0149067244244	-0.0210059864874	0.0657631907647	0.00105469098952	-0.0442883417253	-0.00616086300575	-0.0923382744716	0.00188365851896	0.00796204362013	0.0600311297739	-0.00945543606733	-0.0240886716349	0.0448838042724	0.00917241409063	0.0423308688894	0.00565222173823	0.0130539661176	0.043143621491	-0.042731738771	0.0141383987412	0.0264687823821	-0.0245877117932	-0.0301439541348	-0.0502460529708	0.0101645617171	-0.0248142888251	-0.0283997960456	0.0366880628533	0.06663846857	-0.0514040131572	0.0212547175096	0.0237277191169	0.0475664354867	-0.0195234527751	-0.0335880293389
k__Bacteria;p__Bacteroidetes;c__Bacteroidia;o__Bacteroidales;f__Prevotellaceae;g__Prevotella;s__Prevotella_copri	0.0410012555293	0.0295565690335	-0.0181330299049	1.0	0.00762091383325	0.0375739873133	-0.0998177363311	-0.0152969626752	0.0323000893097	0.0303660103918	0.0196276291409	0.0195001905722	-0.0231535291683	0.0049079027156	0.00504685899636	0.0401506775495	-0.0366987809635	0.0265572856829	-0.0603532700027	0.0048188076033	0.0322557357023	-0.00541233172579	0.0494576407175	-0.0132930702377	-0.0132617207382	-0.0216191403087	-0.0660391723647	0.0125367580966	0.0129443946181	-0.0393420229343	-0.0708878884889	-0.0387060570958	-0.0217499299457	-0.00649689302045	-0.0270676034286	-0.0176887570851	-0.0378856945929	0.00469585967952	0.000488119780218	0.000211968869468	0.0274194240845	-0.0102036586593	-0.0194131238562	-0.0345330828538	0.0255411434552	-0.00104290269276	-0.0293625759453	-0.0884642553842	-0.00228638424016	-0.00318049996779	-0.0213375503341	-0.00505014127494	-0.0181827888493	0.0236161168501	-0.0182770792254	0.075286816035	-0.00351000845248	0.0107856386924	0.0304500385218
k__Bacteria;p__Bacteroidetes;c__Bacteroidia;o__Bacteroidales;f__Bacteroidaceae;g__Bacteroides;s__Bacteroides_stercoris	0.0375019385973	-0.00482280971769	0.0100989698176	0.00762091383325	1.0	0.0108551796982	0.0375541452435	0.0179701875763	-0.0437485181614	-0.0281259090545	-0.0704962130726	-0.014157600629	-0.00819247700947	-0.0301634734394	0.0102884646943	0.0252868813679	0.0410342219403	0.0123832975624	0.0373069345464	-0.01869665681	0.0150385860629	0.0282066573218	-0.0292621653882	-0.011146654343	-0.00243136182917	-0.0154331392891	-0.0767642791339	0.00675986132691	-0.0545983967478	-0.0519267214335	-0.0187416033475	-0.0405775480772	0.000376684486657	0.0059768618318	-0.0477640958924	0.0145253437713	0.041440926307	-0.046354927176	-0.0258832775088	0.0541986144819	-0.0091120495438	0.00540014819768	0.0527994607712	-0.0440624382198	0.0196849995026	0.00670601733343	-0.018686248001	-0.00913272601752	-0.103532703263	-0.0376414651779	0.00236061942065	-0.03136486373	-0.00946199262787	-0.0340595673545	0.0332354210556	0.0283377200584	0.0819906984965	-0.025800514842	-0.0176417841045
k__Bacteria;p__Bacteroidetes;c__Bacteroidia;o__Bacteroidales;f__Bacteroidaceae;g__Bacteroides;s__Bacteroides_ovatus	0.0418563113198	0.025576548656	0.100705031633	0.0375739873133	0.0108551796982	1.0	-0.0481248187716	-0.0570266009859	0.0199336791792	-0.00623070182781	-0.00291418128421	0.00740557576239	-0.0516514123617	0.030073204807	-0.0603951878159	0.0876027817918	0.0224624605374	0.0310662221463	0.0114949473533	-0.105563497088	-0.052756510309	0.00420364377022	-0.0409079414819	0.024035578189	-0.0951487317987	-0.00531109443097	-0.0421449603931	0.00698304036222	0.0289266403085	-0.00784726104812	-0.0644692665179	-0.0321679534514	0.0345667486118	0.0265530785342	-0.00753141852105	0.0028600121395	-0.00863029773486	-0.0860002178302	-0.0580313575433	-0.0209869993848	-0.0248966746016	-0.0143342557348	-0.0241489300807	-0.0238261932846	0.0301806497348	-0.052093760313	0.0309378172113	-0.0219922621198	0.0531783466829	-0.00195822907517	-0.0464545820723	-0.00598115306353	0.0130010735679	0.045407739742	-0.0217435137262	-0.0631092794578	0.00607345459752	0.0213383931099	-0.0572320148865
k__Bacteria;p__Bacteroidetes;c__Bacteroidia;o__Bacteroidales;f__Rikenellaceae;g__Alistipes;s__Alistipes_shahii	-0.0449364096075	-0.0445044453865	-0.0300737731673	-0.0998177363311	0.0375541452435	-0.0481248187716	1.0	0.0086884955859	-0.00826770117106	-0.00628339980532	0.0462967278396	0.0109948730321	0.0149786825831	-0.0227429663819	0.0446287604254	-0.03290123446	-0.0305571932164	0.0678123261643	-0.00409918708399	-0.00137531811023	0.00359233189801	0.0385920311469	-0.0646227650279	-0.078086996919	-0.0184086945569	0.0414321023947	-0.00926202789709	-0.0312573254141	0.0395465211506	-0.0148726599601	-0.00121997042274	-0.0369475858729	0.00460035944045	-0.0299253323885	0.0296754462627	0.0034928166004	0.0942426018229	-0.00215184708091	-0.0297455780344	-0.0365785282556	-1.7573550764e-05	0.0341265958955	-0.0249708162142	0.0235673922307	-0.00809295052871	0.0233767865557	-0.0363319252815	0.00445177900202	-0.0112836607457	-0.0360860506814	0.0110545056363	0.0122831163462	-0.0360910599781	0.00377570664808	-0.0107274759288	-0.0500573120526	-0.0457782151693	-0.0136221016066	0.00702074424519
k__Bacteria;p__Firmicutes;c__Clostridia;o__Clostridiales;f__Ruminococcaceae;g__Faecalibacterium;s__Faecalibacterium_prausnitzii	-0.0249963343604	0.0226845596708	-0.023143728424	-0.0152969626752	0.0179701875763	-0.0570266009859	0.0086884955859	1.0	-0.0180057405229	-0.00714016597789	-0.0014996525679	-0.0620934811746	-0.0359363852986	-0.0124260238672	-0.0141836782857	-0.00703001811814	-0.0499767833676	0.0146136392144	0.000872997383858	0.0137722453447	0.0290463381377	0.0226709219328	-0.0577254705944	0.0683158613921	-0.0159375091179	-0.0907716735322	0.0319182128209	0.0305156667337	-0.00292122553145	-0.0190183051715	-0.0180989032651	0.0178852765056	-0.0572648541848	-0.0982475218771	-0.0019582607104	-0.00610297998404	-0.0200520422219	0.00146784786801	-0.0282967805774	-0.0211914983174	-0.0723727158326	-0.0344313631889	0.0253017891835	-0.00943530810667	-0.00397207470374	0.0259260742886	0.00439685559803	-0.0605061671563	0.0094643725654	0.00705163516516	0.0255926146845	-0.0442460095164	-0.048291838477	-0.0198830175361	-0.0144566387334	-0.0368100243004	0.0558782686633	-0.0173947435932	-0.0780796399961
k__Bacteria;p__Bacteroidetes;c__Bacteroidia;o__Bacteroidales;f__Rikenellaceae;g__Alistipes;s__Alistipes_finegoldii	-0.0497058810078	-0.0412880204303	0.0542166432754	0.0323000893097	-0.0437485181614	0.0199336791792	-0.00826770117106	-0.0180057405229	1.0	0.0514424951683	-0.0367030550171	-0.00362585692951	-0.0817459657504	-0.0570163045297	-0.0689519427683	-0.0587533746586	-0.0240859112533	0.0286355791813	-0.0472885088595	0.00579896481828	-0.0135482660644	0.0052554583611	0.0118274124453	0.0555151484502	0.00669096471465	-0.0288883438136	0.0333655184715	-0.0321575686227	0.00177460736332	0.00950169211413	-0.00529815799881	0.0381577368322	0.0107153252426	-0.0128163756608	-0.0263151537942	0.0230101107762	-0.024731176609	0.0890206050735	-0.0217403432307	-0.0198541651815	-0.054018187215	-0.0729489783665	0.0180107509791	-0.0349572438169	0.0345405444569	0.0304439498362	0.0191290928864	-0.00321936143999	-0.0210306104033	0.0155630690756	0.0351971896807	0.00975877969623	0.0444938930371	0.0206202472886	-0.0466222875797	0.00296626051048	0.00590279436083	0.020677750343	-0.0599706158513
k__Bacteria;p__Bacteroidetes;c__Bacteroidia;o__Bacteroidales;f__Porphyromonadaceae;g__Parabacteroides;s__Parabacteroides_distasonis	-0.0626027692751	-0.0542672901704	-0.0602371556457	0.0303660103918	-0.0281259090545	-0.00623070182781	-0.00628339980532	-0.00714016597789	0.0514424951683	1.0	0.000415546080281	-0.0845496344085	0.00907664287528	-0.021240586342	-0.0355177631834	-0.0647858696827	0.0222524403389	0.0230825259137	0.0187613855394	0.011311434922	0.0243826906327	-0.0367077576558	-0.046904930034	0.0866089623418	-0.0580519127639	0.0025687175141	-0.0325183422295	0.00878010787315	0.0179620658732	0.00499622526202	-0.0159299419138	-0.0224713087226	-0.0160239570076	0.0629709336172	-0.0301754498677	0.0139189470701	-0.0776570451771	-0.0252068881889	-0.063500524317	0.0303424014827	-0.0251684285061	0.0275480794827	-0.0540625843104	0.0785610471541	0.017754091681	0.0210103036022	0.00348349196447	-0.0396241704842	-0.0113374109396	-0.0139618639594	0.0764590712095	-0.0412428462161	0.0125561461511	-0.0741760544157	0.0515503183471	0.00246392082498	-0.0587086420546	-0.024019546145	-0.0127520345444
k__Bacteria;p__Bacteroidetes;c__Bacteroidia;o__Bacteroidales;f__Bacteroidaceae;g__Bacteroides;s__Bacteroides_thetaiotaomicron	0.0297707841402	-0.0572584652656	0.0235995287389	0.0196276291409	-0.0704962130726	-0.00291418128421	0.0462967278396	-0.0014996525679	-0.0367030550171	0.000415546080282	1.0	-0.0287571363757	0.0311701587902	-0.00804892892562	-0.0176632504367	-0.0453415958952	-0.0108559004524	0.0208857815232	0.0792080367208	-0.0601712102527	-0.000185002886138	0.00687645878448	-0.0505200396888	-0.0742160812208	2.0766499402e-05	0.0298515483208	-0.0466938293593	0.0221597721332	0.0091125450913	0.0484047820798	0.0153750397394	0.0480339322727	-0.0298001547776	0.0211009628687	-0.0202694552671	-0.0145877698241	-0.0399207500542	-0.000506288796507	-0.0119341320193	0.0283730483581	-0.0158993147586	-0.0374858819538	-0.0203982237916	0.0290971058994	0.0302130814102	-0.0155930171681	0.0469034207186	0.0537469727941	0.0120852571825	0.0127566032405	-0.00740529741694	-0.0291115544241	-0.00913284564466	9.44566342512e-05	0.00896488233115	-0.00874094692409	-0.0235953039125	0.0116004618695	0.00408432949128
k__Bacteria;p__Bacteroidetes;c__Bacteroidia;o__Bacteroidales;f__Bacteroidaceae;g__Bacteroides;s__Bacteroides_coprocola	0.0245595113358	0.015924754396	-0.0204327797385	0.0195001905722	-0.014157600629	0.00740557576239	0.0109948730321	-0.0620934811746	-0.00362585692951	-0.0845496344085	-0.0287571363757	1.0	0.0178394853128	0.0244734508432	-0.0282686304571	-0.0373719004782	0.00837754762939	0.00703633661056	-0.00766879237168	0.0421761726895	-0.013215775877	-0.0341334277192	0.0073237509167	-0.0120063133988	0.0225485249839	-0.0202181873707	-0.0137216160792	0.00940140533693	-0.0527035629494	-0.00514658327342	0.00234558449289	-0.0361106812792	0.0100844858614	-0.016910652865	0.00595382564941	0.0195341015201	0.0199248449285	0.0119083327797	-0.0243036987565	0.000931376088136	0.0140413594187	-0.0146884787149	0.00770440814523	0.0410288958399	0.0482311468981	0.0351055474253	-0.0276051221178	-0.0218603962685	-0.0227103343991	0.00110742725935	-0.0504060428311	0.0525615855087	-0.0404419059943	-0.0214128431023	-0.0219465523018	-0.0330578207909	0.101112303174	-0.00508517458137	0.0168641266244
k__Bacteria;p__Bacteroidetes;c__Bacteroidia;o__Bacteroidales;f__Bacteroidaceae;g__Bacteroides;s__Bacteroides_cellulosilyticus	-0.0454830162169	-0.0362961173999	0.0427265936314	-0.0231535291683	-0.00819247700947	-0.0516514123617	0.0149786825831	-0.0359363852986	-0.0817459657504	0.00907664287528	0.0311701587902	0.0178394853128	1.0	-0.0017068772954	-0.00184794005966	-0.0331442500806	-0.0130625329811	-0.0349697677919	0.0451356112741	-0.0385475576035	0.0374076450877	0.0119616797253	0.0284123778355	0.052981345017	-0.0385549184304	-0.000348164093966	0.0307705865886	0.0116172324952	-0.0238861444884	0.00799008575287	0.0523501412628	-0.0083534145515	0.00312714693285	-0.0213689218105	0.0452494538754	0.00507857372663	0.0106724153785	-0.0090932918528	-0.0172380729722	0.0053841104952	-0.0252905256385	0.0599920289202	-0.0518285384206	0.0116652259759	0.0436678533954	-0.039756023695	0.0157259925829	0.000648837093481	0.0269497967511	-0.0151627331393	0.0157133259904	-0.000184293717881	-0.028006190802	-0.0140452722384	0.0354761652744	-0.0304040838202	-0.0550669858153	-0.0942940512694	0.0615647548374
k__Bacteria;p__Bacteroidetes;c__Bacteroidia;o__Bacteroidales;f__Rikenellaceae;g__Alistipes;s__Alistipes_obesi	-0.0180039319844	-0.0444580571211	0.0236803232307	0.0049079027156	-0.0301634734394	0.030073204807	-0.0227429663819	-0.0124260238672	-0.0570163045297	-0.021240586342	-0.00804892892562	0.0244734508432	-0.0017068772954	1.0	-0.0715028577568	0.0159074771364	0.00243035835623	-0.0315881590414	-0.0610570912011	-0.0615212023979	0.00730792731226	0.00622443118473	-0.00212306160713	-0.022096588905	-0.0491021610193	-0.0161125823344	0.0222135572331	-0.0186542545961	-0.0147883636896	-0.0225008895197	0.0711353766319	0.0305893192669	0.0610746118886	-0.00124800165173	0.0487266378792	-0.0216975800371	0.0396462015969	0.0125280632781	-0.0176091756734	0.0250483873931	0.0244584098311	-0.0357202071975	-0.0631719435093	0.0266179867104	-0.0521193462842	0.0460217395397	-0.02071560629	0.00889809202863	0.0271702063155	0.0578655657985	-0.0326246578917	-0.0914371756665	0.0177677095118	0.00358446559043	-0.026650255404	-0.00258015832876	0.0246407892137	-0.01411368238	-0.0370020505128
k__Bacteria;p__Firmicutes;c__Clostridia;o__Clostridiales;f__Lachnospiraceae;g__;s__[Eubacterium]_rectale	0.00404442528212	0.0520271469802	-0.0401460709499	0.00504685899636	0.0102884646943	-0.0603951878159	0.0446287604254	-0.0141836782857	-0.0689519427683	-0.0355177631834	-0.0176632504367	-0.0282686304571	-0.00184794005966	-0.0715028577568	1.0	-0.0443203376649	-0.0132523373991	-0.010348598547	-0.0233838436046	0.000550876223936	0.013657831206	-0.0426240593134	-0.0193317443731	-0.0705180738419	-0.0449490872606	-0.053575204939	-0.0373983947913	0.0242178065443	-0.0177874288458	0.0509464791648	0.0231353404989	-0.0201009693546	-0.0232624192592	0.0154924128433	-0.0301338238287	0.0224315823309	-0.0218951584782	-0.0563957166028	0.0122379606602	-0.0212192923129	-0.0394130902474	0.0443948227873	-0.091665805511	-0.0269022754123	-0.00540650846801	-0.048906124518	0.02697549913	-0.0177870560562	0.00839793131226	0.0157023054786	0.0734436334712	0.02065808158	0.0958732240123	-0.0172704248222	-0.0291603663161	0.0262829993592	-0.00761455814223	0.0225989859542	-0.045149290468
k__Bacteria;p__Bacteroidetes;c__Bacteroidia;o__Bacteroidales;f__Bacteroidaceae;g__Bacteroides;s__Bacteroides_plebeius	-0.0471715608421	-0.0601030482869	0.0556111603251	0.0401506775495	0.0252868813679	0.0876027817918	-0.03290123446	-0.00703001811814	-0.0587533746586	-0.0647858696827	-0.0453415958952	-0.0373719004782	-0.0331442500806	0.0159074771364	-0.0443203376649	1.0	0.0543813342555	-0.0212075008921	0.0603687755149	-0.0462371458657	0.00325916921938	-0.00744332904224	-0.0115832836541	-0.0174440841709	-0.0397087044833	-0.0373107192099	-0.015630054505	-0.000431813111899	0.00621880129734	0.0123799272113	0.0058300625032	-0.0300886994767	0.0312274367347	-0.00737743672229	-0.0365511524999	-0.0706189626847	-0.0182439557316	0.00618685577711	-0.0427269806911	0.029223630492	0.0226720864177	0.0570327702503	-0.0468974237167	0.0050048267873	0.0394633333202	-0.0208088416919	-0.0276292592207	0.0271591493803	0.0391876390339	0.009174295952	-0.0273804031573	0.0235341833249	0.0463648099568	-0.0394957903362	-0.0642909196337	-0.0900784209702	-0.00839934343949	-0.0125303720642	0.0419452163294
k__Bacteria;p__Bacteroidetes;c__Bacteroidia;o__Bacteroidales;f__Bacteroidaceae;g__Bacteroides;s__Bacteroides_fragilis	-0.0410654687289	0.000330865488057	0.0376341267175	-0.0366987809635	0.0410342219403	0.0224624605374	-0.0305571932164	-0.0499767833676	-0.0240859112533	0.0222524403389	-0.0108559004524	0.00837754762939	-0.0130625329811	0.00243035835623	-0.0132523373991	0.0543813342555	1.0	-0.0300881693622	0.0117513950975	0.0625483824356	-0.0348560398501	-0.031975252217	0.0121782116374	0.058570928921	0.0167916745236	-0.0151396715174	-0.0560537489832	0.00639535398101	-0.0108910362937	-0.0329873636579	0.0121166633211	0.0252750407873	0.0438153248083	-0.0375128747057	-0.0177751403146	-0.043712493691	-0.00619077734686	-0.0203591271725	-0.00189456560018	-0.0362799207897	-0.00119996811509	-0.0100698670663	-0.0162718621044	-0.0459768838691	-0.0127549839451	-0.0349192411979	0.0742179385901	0.0485665057129	-0.0573984398099	-0.0263824744072	0.0446282503745	0.00538609751766	-0.0355694697057	0.0626044794325	-0.0247749432561	0.0312536850672	-0.0426173108054	-0.0475661696116	-0.063787670829
k__Bacteria;p__Proteobacteria;c__Betaproteobacteria;o__Burkholderiales;f__Sutterellaceae;g__Sutterella;s__Sutterella_wadsworthensis	-0.0102192125175	-0.00379050363086	0.0365106163927	0.0265572856829	0.0123832975624	0.0310662221463	0.0678123261643	0.0146136392144	0.0286355791813	0.0230825259137	0.0208857815232	0.00703633661056	-0.0349697677919	-0.0315881590414	-0.010348598547	-0.0212075008921	-0.0300881693622	1.0	0.00498018277505	-0.0402941598214	-0.0181779390336	0.00347787628097	0.00638668673144	0.0509285357386	-0.0739995675561	-0.00956926182343	-0.00471011518349	-0.0154094946007	0.0100989378604	-0.0129845724329	-0.000626806229082	-0.00707315308601	-0.00543283287862	-0.0444957604869	-0.0139703892487	0.0462110304739	0.001388410896	0.0183475676538	0.0276574815351	-0.0169069481885	-0.0633071014886	-0.0425987666494	0.031575666725	0.0200401122595	-0.0206780978775	-0.00396158605578	-0.03999357513	0.0757755180652	0.0560651000713	-0.0286280074693	-0.0437198264148	-0.0660575450691	-0.0527183851726	0.0238904092459	-0.0240673850978	0.0116227554774	-0.00834086620872	-0.0512151877883	-0.00947011644053
k__Bacteria;p__Bacteroidetes;c__Bacteroidia;o__Bacteroidales;f__Porphyromonadaceae;g__Barnesiella;s__Barnesiella_intestinihominis	-0.0441843880462	0.0202104837117	0.0171795695608	-0.0603532700027	0.0373069345464	0.0114949473533	-0.00409918708399	0.000872997383858	-0.0472885088595	0.0187613855394	0.0792080367208	-0.00766879237168	0.0451356112741	-0.0610570912011	-0.0233838436046	0.0603687755149	0.0117513950975	0.00498018277505	1.0	-0.0216459135964	-0.00299534168785	-0.00320857935959	-0.000761561691557	-0.027926144901	-0.0206086693788	0.000616203990974	-0.0206493734068	0.0698150989826	-0.0451546209405	-0.0264066976999	-0.0508028800081	-0.0152396822391	0.0160230227223	-0.0180068228676	0.00416526267094	0.0286944128942	-0.0563994797559	-0.0796908244544	-0.00827375840223	-0.00848186859234	-0.036824206816	-0.0166773392101	0.0373011231955	-0.00287623878709	-0.0440066918844	-0.0287750913596	-0.0147160935886	0.0378098153568	-0.000654175337607	0.023345217815	-0.0819627367436	-0.0238720033292	-0.054705370049	-0.00210368218007	-0.0567211300763	-0.00255586165126	-0.0410491930391	-0.00211662945313	-0.00101782604789
k__Bacteria;p__Bacteroidetes;c__Bacteroidia;o__Bacteroidales;f__Odoribacteraceae;g__Odoribacter;s__Odoribacter_splanchnicus	-0.0412797214522	-0.0287487685166	-0.00328006441255	0.0048188076033	-0.01869665681	-0.105563497088	-0.00137531811023	0.0137722453447	0.00579896481828	0.011311434922	-0.0601712102527	0.0421761726895	-0.0385475576035	-0.0615212023979	0.000550876223936	-0.0462371458657	0.0625483824356	-0.0402941598214	-0.0216459135964	1.0	0.0418093633295	0.00346952162899	-0.0507894712788	0.0244100294164	0.0933167840347	-0.0163373452363	0.0239310697037	-0.0395170001955	0.0129532101046	-0.0178033595527	0.0172002606747	-0.0486103478838	-0.0711840764085	0.00152515852107	-0.0345621065526	-0.00123379042414	-0.00623827535358	-0.0191214627933	0.0450674461909	-0.0152586793716	-0.0164701525996	-0.0121700652545	0.0736514324136	-0.0172490380096	0.0047086714357	0.0262913554921	0.00966084494463	0.0291263267694	-0.00473717247454	0.0293723659786	-0.0223298135343	-0.0155446495239	-0.0240249985063	-0.0319908700998	-0.0929030850305	0.0258322682018	-0.0694953285188	-0.0114857970092	-0.0298505885205
k__Bacteria;p__Bacteroidetes;c__Bacteroidia;o__Bacteroidales;f__Bacteroidaceae;g__Bacteroides;s__Bacteroides_salyersiae	-0.0122058780221	-0.00900747619786	-0.0110848021299	0.0322557357023	0.0150385860629	-0.052756510309	0.00359233189801	0.0290463381377	-0.0135482660644	0.0243826906327	-0.000185002886138	-0.013215775877	0.0374076450877	0.00730792731226	0.013657831206	0.00325916921938	-0.0348560398501	-0.0181779390336	-0.00299534168785	0.0418093633295	1.0	-0.043900215608	0.00679817889851	-0.0667524571107	-0.014221300945	-0.0598839792838	-0.0257644130293	0.0246298337171	0.0164732266674	-0.0459404374107	-0.0577190952716	-0.035693360836	-0.04884806242	-0.0358472133393	-0.0437309979605	-0.00775578341944	-0.017511472999	-0.0251533201666	-0.0210328015885	0.0505834098477	-0.0229274874897	-0.0516757044778	-0.012065847219	0.0071150176081	0.0207792613572	-0.0173978538691	-0.026003516898	0.0186266763821	-0.0338799701367	0.0553959690654	0.00267589250315	0.0130952546272	0.0743909225458	-0.0433061049773	-0.0403215506528	-0.0357349655112	0.0144872479614	0.00714308286225	0.0169662356242
k__Bacteria;p__Firmicutes;c__Clostridia;o__Clostridiales;f__Ruminococcaceae;g__Ruminiclostridium;s__[Eubacterium]_siraeum	-0.0411313972442	-0.0185063947305	-0.0494159681288	-0.00541233172579	0.0282066573218	0.00420364377022	0.0385920311469	0.0226709219328	0.0052554583611	-0.0367077576558	0.00687645878448	-0.0341334277192	0.0119616797253	0.00622443118473	-0.0426240593134	-0.00744332904224	-0.031975252217	0.00347787628097	-0.00320857935959	0.00346952162899	-0.043900215608	1.0	0.0124000802791	0.0219105607774	0.0396750270475	0.00810364815667	-0.0297952347293	0.0215170719798	0.00753436021431	-0.00112096248827	-0.0484714952962	-0.0383893006204	0.0291603374494	-0.027584670403	-0.016085322341	-0.00968457069581	-0.0211286549919	-0.0395047799613	-0.0653410308424	-0.0517824789384	-0.013623310539	-0.029451665937	-0.0512686312465	-0.0259967820349	-0.0175478164062	0.00751813217043	-0.0146000706838	0.00726842490926	-0.00491057911842	0.0350318945512	0.0498302771695	0.00958361639227	-0.0445374492466	-0.0146562368003	-0.00712058688305	0.0213540372539	-0.0463925486159	-0.0312908713574	0.0229385727541
k__Bacteria;p__Proteobacteria;c__Betaproteobacteria;o__Burkholderiales;f__Sutterellaceae;g__Parasutterella;s__Parasutterella_excrementihominis	-0.00871485180303	-0.0165214914202	-0.0229562057021	0.0494576407175	-0.0292621653882	-0.0409079414819	-0.0646227650279	-0.0577254705944	0.0118274124453	-0.046904930034	-0.0505200396888	0.0073237509167	0.0284123778355	-0.00212306160713	-0.0193317443731	-0.0115832836541	0.0121782116374	0.00638668673144	-0.000761561691557	-0.0507894712788	0.00679817889851	0.0124000802791	1.0	-0.0625358374905	0.0111759821058	-0.020864721575	-0.0250268849435	-0.045097789153	0.0137658962356	-0.0271689930222	0.0259295880824	-0.0531095036372	0.00662980810926	0.00461887307576	-0.00763827507219	-0.0535646714386	-0.0171233281054	0.0238827996141	-0.0158721795552	-0.0348669569635	0.00838085583977	0.0132952180135	-0.0224234881764	-0.0352194710396	-0.00707212961076	0.0283451620025	-0.00332587350762	-0.0092211793959	-0.0175521995557	0.000955480392529	-0.0277853027541	0.0310317059994	-0.0287847595698	-0.00490499069807	0.0118445046187	0.0310712168734	0.0209210267675	-0.00402742586231	0.0275780782575
k__Bacteria;p__Actinobacteria;c__Actinobacteria;o__Bifidobacteriales;f__Bifidobacteriaceae;g__Bifidobacterium;s__Bifidobacterium_adolescentis	-0.000589227046991	-0.0820386462999	-0.0103829524909	-0.0132930702377	-0.011146654343	0.024035578189	-0.078086996919	0.0683158613921	0.0555151484502	0.0866089623418	-0.0742160812208	-0.0120063133988	0.052981345017	-0.022096588905	-0.0705180738419	-0.0174440841709	0.058570928921	0.0509285357386	-0.027926144901	0.0244100294164	-0.0667524571107	0.0219105607774	-0.0625358374905	1.0	0.0210890427086	0.00880318896348	0.00692782411407	0.046695243772	0.00906935414912	-0.00854180505196	-0.0157948365503	-0.0433981677713	-0.0338008202707	0.0259857615379	0.0807919381613	-0.00321435056829	-0.00806965337948	-0.0625002596981	0.0746335890082	0.0208663408281	0.0125032682985	-0.0259368531633	-0.0335504600984	0.0183966154614	-0.00878609720663	-0.00126703153072	-0.0863884830913	-0.0917618335324	-0.0329920297601	-0.0234695969688	-0.0601330537064	0.0352893034652	-0.0383863240245	-0.0508629917167	-0.0534175262733	0.0036426132833	0.0308327162112	-0.0203222815371	-0.0444214967044
k__Bacteria;p__Firmicutes;c__Clostridia;o__Clostridiales;f__Oscillospiraceae;g__Oscillibacter;s__Oscillibacter_sp._KLE_1745	-0.028536958595	-0.0715170900477	-0.0149067244244	-0.0132617207382	-0.00243136182917	-0.0951487317987	-0.0184086945569	-0.0159375091179	0.00669096471465	-0.0580519127639	2.07664994022e-05	0.0225485249839	-0.0385549184304	-0.0491021610193	-0.0449490872606	-0.0397087044833	0.0167916745236	-0.0739995675561	-0.0206086693788	0.0933167840347	-0.014221300945	0.0396750270475	0.0111759821058	0.0210890427086	1.0	0.0607014265454	0.0619059977825	-0.0174883924418	0.049767347142	-0.0783131943092	-0.00083521195963	-0.0698909742549	0.00820467978165	-0.0316985185147	0.0325847311521	-0.0442712534811	0.0264686448367	0.0252568110055	0.0376003814564	-0.0536211878937	-0.0491781141776	0.0412668154895	-0.0214592698025	-0.0459557501822	-0.00353121656644	0.0152968261739	0.0107001905413	-0.00677197517877	0.0389451784562	0.00633426267299	-0.00672941362537	0.0682903227309	0.0452832849922	0.00746460694636	-0.0328849363952	0.0226018671827	-0.0131316421652	0.0143067088106	0.0120019789732
k__Bacteria;p__Bacteroidetes;c__Bacteroidia;o__Bacteroidales;f__Bacteroidaceae;g__Bacteroides;s__Bacteroides_coprophilus	0.00928602505695	-0.0448660849304	-0.0210059864874	-0.0216191403087	-0.0154331392891	-0.00531109443097	0.0414321023947	-0.0907716735322	-0.0288883438136	0.0025687175141	0.0298515483208	-0.0202181873707	-0.000348164093966	-0.0161125823344	-0.053575204939	-0.0373107192099	-0.0151396715174	-0.00956926182343	0.000616203990974	-0.0163373452363	-0.0598839792838	0.00810364815667	-0.020864721575	0.00880318896348	0.0607014265454	1.0	-0.0524928663017	-0.0360552659291	0.0464463640782	0.0138443209627	0.0299728151976	-0.0420415457737	0.0365656778339	-0.00778111407401	-0.0137329936305	0.00888558604068	-0.0344989731052	-0.0487285625468	-0.0454497105741	-0.000928751836825	0.0159278480387	0.0341147718877	0.0313842429263	-0.00871742097199	-0.0330210256117	0.0235155449158	-0.0941871410189	0.0500725635066	-0.000761732950909	0.0307922713457	0.0363935699704	-0.0375014151682	0.00774793627344	-0.0668022474807	-0.0403908079317	-2.21060908751e-05	-0.00343174341518	-0.0595169779934	-0.0576204723533
k__Bacteria;p__Firmicutes;c__Clostridia;o__Clostridiales;f__Lachnospiraceae;g__Roseburia;s__Roseburia_intestinalis	-0.0760015561619	0.0213978138614	0.0657631907647	-0.0660391723647	-0.0767642791339	-0.0421449603931	-0.00926202789709	0.0319182128209	0.0333655184715	-0.0325183422295	-0.0466938293593	-0.0137216160792	0.0307705865886	0.0222135572331	-0.0373983947913	-0.015630054505	-0.0560537489832	-0.00471011518349	-0.0206493734068	0.0239310697037	-0.0257644130293	-0.0297952347293	-0.0250268849435	0.00692782411407	0.0619059977825	-0.0524928663017	1.0	0.00688731830936	0.021381544104	-0.0239831787278	-0.108500125116	0.00285643294158	0.0174764866961	0.0249354800285	0.00475144418747	-0.0172539679207	-0.00300254750407	-0.0519958062462	0.0298561731797	0.0137150795595	-0.061868307116	0.00932392445885	0.000167888753346	0.0211042611724	-0.0582883823082	-0.0304471706665	-0.00637659487151	-0.0455822692335	-0.0454377241008	-0.0545751736011	-0.0392149693628	-0.0142729424671	-0.020987555198	-0.00105110413349	0.0414135682552	0.0375456606402	0.00622738346284	-0.0099523141911	-0.0523646354322
k__Bacteria;p__Firmicutes;c__Clostridia;o__Clostridiales;f__Lachnospiraceae;g__Roseburia;s__Roseburia_hominis	0.0557907627119	-0.00758256200462	0.00105469098952	0.0125367580966	0.00675986132691	0.00698304036222	-0.0312573254141	0.0305156667337	-0.0321575686227	0.00878010787315	0.0221597721332	0.00940140533693	0.0116172324952	-0.0186542545961	0.0242178065443	-0.000431813111899	0.00639535398101	-0.0154094946007	0.0698150989826	-0.0395170001955	0.0246298337171	0.0215170719798	-0.045097789153	0.046695243772	-0.0174883924418	-0.0360552659291	0.00688731830936	1.0	-0.00638378998549	2.99892771189e-06	-0.0451575062423	0.0164305571607	-0.00926830724149	-0.0431771192394	0.0120772096452	-0.0578471207039	-0.060681537813	-0.0210749060236	-0.0158641479545	0.000399687368585	-0.0482610331916	-0.0588528772379	0.0170131058035	0.0745757806297	-0.0537065412677	-0.0455594247621	0.021732625593	-0.023067039833	-0.0458717420319	-0.0510971169001	-0.0608559341953	0.00329251975581	-0.014496775556	-0.000751487216192	0.0250807074459	-0.0429770003141	-0.00307306972913	0.0346578113683	0.0232347324144
k__Bacteria;p__Bacteroidetes;c__Bacteroidia;o__Bacteroidales;f__Porphyromonadaceae;g__Parabacteroides;s__Parabacteroides_johnsonii	0.0151703668025	0.00248871404769	-0.0442883417253	0.0129443946181	-0.0545983967478	0.0289266403085	0.0395465211506	-0.00292122553145	0.00177460736332	0.0179620658732	0.0091125450913	-0.0527035629494	-0.0238861444884	-0.0147883636896	-0.0177874288458	0.00621880129734	-0.0108910362937	0.0100989378604	-0.0451546209405	0.0129532101046	0.0164732266674	0.00753436021431	0.0137658962356	0.00906935414912	0.049767347142	0.0464463640782	0.021381544104	-0.00638378998549	1.0	-0.000706613252934	-0.00754973221147	-0.0794817140218	-0.0545291882145	0.0359632261182	-0.0568383081306	0.0107916889378	0.0307354555797	-0.0115212962924	-0.00194583941639	0.0350804812535	-0.0109332359847	0.0738833149371	0.011804662029	0.0697643151732	-0.106671117705	-0.0559095026429	-0.0176426611532	0.0157900939389	0.00818425190794	-0.0295202591965	-0.0593416793003	-0.0238987247604	0.0253704102927	0.00391203768831	-0.0274447940731	-0.0213976175783	-0.0477501899767	0.0152320756893	-0.0340587100408
k__Bacteria;p__Actinobacteria;c__Actinobacteria;o__Bifidobacteriales;f__Bifidobacteriaceae;g__Bifidobacterium;s__Bifidobacterium_longum	-0.00478465624501	0.0129941868553	-0.00616086300575	-0.0393420229343	-0.0519267214335	-0.00784726104812	-0.0148726599601	-0.0190183051715	0.00950169211413	0.00499622526202	0.0484047820798	-0.00514658327342	0.00799008575287	-0.0225008895197	0.0509464791648	0.0123799272113	-0.0329873636579	-0.0129845724329	-0.0264066976999	-0.0178033595527	-0.0459404374107	-0.00112096248827	-0.0271689930222	-0.00854180505196	-0.0783131943092	0.0138443209627	-0.0239831787278	2.99892771172e-06	-0.000706613252934	1.0	-0.0344969855749	-0.0429558352532	-0.00371680769923	-0.0764635030495	-0.0370234433939	0.0300291223521	-0.00607415326021	-0.0180726414376	-0.0333229006033	0.0503898045692	0.0238075331725	0.0451580325665	-0.0666314880724	0.0236954455826	-0.052737438081	0.0148327178365	0.00632328709975	0.0250803884146	0.0398027064752	0.016049274184	-0.0338979702418	-0.00464249738116	-0.0132107096117	-0.000954464142545	0.0186617953699	-0.0462646519297	-0.0476613600206	0.0154975871329	0.020498885166
