#taxonomy	k__Bacteria;p__Bacteroidetes;c__Bacteroidia;o__Bacteroidales;f__Bacteroidaceae;g__Bacteroides;s__Bacteroides_vulgatus	k__Bacteria;p__Bacteroidetes;c__Bacteroidia;o__Bacteroidales;f__Bacteroidaceae;g__Bacteroides;s__Bacteroides_uniformis	k__Bacteria;p__Bacteroidetes;c__Bacteroidia;o__Bacteroidales;f__Rikenellaceae;g__Alistipes;s__Alistipes_putredinis	k__Bacteria;p__Bacteroidetes;c__Bacteroidia;o__Bacteroidales;f__Prevotellaceae;g__Prevotella;s__Prevotella_copri	k__Bacteria;p__Bacteroidetes;c__Bacteroidia;o__Bacteroidales;f__Bacteroidaceae;g__Bacteroides;s__Bacteroides_stercoris	k__Bacteria;p__Bacteroidetes;c__Bacteroidia;o__Bacteroidales;f__Bacteroidaceae;g__Bacteroides;s__Bacteroides_ovatus	k__Bacteria;p__Bacteroidetes;c__Bacteroidia;o__Bacteroidales;f__Rikenellaceae;g__Alistipes;s__Alistipes_shahii	k__Bacteria;p__Firmicutes;c__Clostridia;o__Clostridiales;f__Ruminococcaceae;g__Faecalibacterium;s__Faecalibacterium_prausnitzii	k__Bacteria;p__Bacteroidetes;c__Bacteroidia;o__Bacteroidales;f__Rikenellaceae;g__Alistipes;s__Alistipes_finegoldii	k__Bacteria;p__Bacteroidetes;c__Bacteroidia;o__Bacteroidales;f__Porphyromonadaceae;g__Parabacteroides;s__Parabacteroides_distasonis	k__Bacteria;p__Bacteroidetes;c__Bacteroidia;o__Bacteroidales;f__Bacteroidaceae;g__Bacteroides;s__Bacteroides_thetaiotaomicron	k__Bacteria;p__Bacteroidetes;c__Bacteroidia;o__Bacteroidales;f__Bacteroidaceae;g__Bacteroides;s__Bacteroides_coprocola	k__Bacteria;p__Bacteroidetes;c__Bacteroidia;o__Bacteroidales;f__Bacteroidaceae;g__Bacteroides;s__Bacteroides_cellulosilyticus	k__Bacteria;p__Bacteroidetes;c__Bacteroidia;o__Bacteroidales;f__Rikenellaceae;g__Alistipes;s__Alistipes_obesi	k__Bacteria;p__Firmicutes;c__Clostridia;o__Clostridiales;f__Lachnospiraceae;g__;s__[Eubacterium]_rectale	k__Bacteria;p__Bacteroidetes;c__Bacteroidia;o__Bacteroidales;f__Bacteroidaceae;g__Bacteroides;s__Bacteroides_plebeius	k__Bacteria;p__Bacteroidetes;c__Bacteroidia;o__Bacteroidales;f__Bacteroidaceae;g__Bacteroides;s__Bacteroides_fragilis	k__Bacteria;p__Proteobacteria;c__Betaproteobacteria;o__Burkholderiales;f__Sutterellaceae;g__Sutterella;s__Sutterella_wadsworthensis	k__Bacteria;p__Bacteroidetes;c__Bacteroidia;o__Bacteroidales;f__Porphyromonadaceae;g__Barnesiella;s__Barnesiella_intestinihominis	k__Bacteria;p__Bacteroidetes;c__Bacteroidia;o__Bacteroidales;f__Odoribacteraceae;g__Odoribacter;s__Odoribacter_splanchnicus	k__Bacteria;p__Bacteroidetes;c__Bacteroidia;o__Bacteroidales;f__Bacteroidaceae;g__Bacteroides;s__Bacteroides_salyersiae	k__Bacteria;p__Firmicutes;c__Clostridia;o__Clostridiales;f__Ruminococcaceae;g__Ruminiclostridium;s__[Eubacterium]_siraeum	k__Bacteria;p__Proteobacteria;c__Betaproteobacteria;o__Burkholderiales;f__Sutterellaceae;g__Parasutterella;s__Parasutterella_excrementihominis	k__Bacteria;p__Actinobacteria;c__Actinobacteria;o__Bifidobacteriales;f__Bifidobacteriaceae;g__Bifidobacterium;s__Bifidobacterium_adolescentis	k__Bacteria;p__Firmicutes;c__Clostridia;o__Clostridiales;f__Oscillospiraceae;g__Oscillibacter;s__Oscillibacter_sp._KLE_1745	k__Bacteria;p__Bacteroidetes;c__Bacteroidia;o__Bacteroidales;f__Bacteroidaceae;g__Bacteroides;s__Bacteroides_coprophilus	k__Bacteria;p__Firmicutes;c__Clostridia;o__Clostridiales;f__Lachnospiraceae;g__Roseburia;s__Roseburia_intestinalis	k__Bacteria;p__Firmicutes;c__Clostridia;o__Clostridiales;f__Lachnospiraceae;g__Roseburia;s__Roseburia_hominis	k__Bacteria;p__Bacteroidetes;c__Bacteroidia;o__Bacteroidales;f__Porphyromonadaceae;g__Parabacteroides;s__Parabacteroides_johnsonii	k__Bacteria;p__Actinobacteria;c__Actinobacteria;o__Bifidobacteriales;f__Bifidobacteriaceae;g__Bifidobacterium;s__Bifidobacterium_longum	k__Bacteria;p__Firmicutes;c__Clostridia;o__Clostridiales;f__;g__Flavonifractor;s__Flavonifractor_plautii	k__Bacteria;p__Firmicutes;c__Clostridia;o__Clostridiales;f__Clostridiaceae;g__Clostridium;s__Clostridium_phoceensis	k__Bacteria;p__Verrucomicrobia;c__Verrucomicrobiae;o__Verrucomicrobiales;f__Akkermansiaceae;g__Akkermansia;s__Akkermansia_muciniphila	k__Bacteria;p__Bacteroidetes;c__Bacteroidia;o__Bacteroidales;f__Prevotellaceae;g__Paraprevotella;s__Paraprevotella_xylaniphila	k__Bacteria;p__Firmicutes;c__Clostridia;o__Clostridiales;f__Ruminococcaceae;g__Ruminococcus;s__Ruminococcus_callidus	k__Bacteria;p__Bacteroidetes;c__Bacteroidia;o__Bacteroidales;f__Rikenellaceae;g__Alistipes;s__Alistipes_senegalensis	k__Bacteria;p__Firmicutes;c__Clostridia;o__Clostridiales;f__Lachnospiraceae;g__Blautia;s__Blautia_sp._KLE_1732	k__Bacteria;p__Bacteroidetes;c__Bacteroidia;o__Bacteroidales;f__Bacteroidaceae;g__Bacteroides;s__Bacteroides_oleiciplenus	k__Bacteria;p__Firmicutes;c__Clostridia;o__Clostridiales;f__Ruminococcaceae;g__Ruminococcus;s__Ruminococcus_bicirculans	k__Bacteria;p__Bacteroidetes;c__Bacteroidia;o__Bacteroidales;f__Bacteroidaceae;g__Bacteroides;s__Bacteroides_fluxus	k__Bacteria;p__Bacteroidetes;c__Bacteroidia;o__Bacteroidales;f__Prevotellaceae;g__Prevotella;s__Prevotella_stercorea	k__Bacteria;p__Firmicutes;c__Clostridia;o__Clostridiales;f__Lachnospiraceae;g__Dorea;s__Dorea_longicatena	k__Bacteria;p__Firmicutes;c__Clostridia;o__Clostridiales;f__Eubacteriaceae;g__Eubacterium;s__[Eubacterium]_eligens	k__Bacteria;p__Firmicutes;c__Clostridia;o__Clostridiales;f__Ruminococcaceae;g__;s__Ruminococcaceae_bacterium_D16	k__Bacteria;p__Firmicutes;c__Clostridia;o__Clostridiales;f__Lachnospiraceae;g__Coprococcus;s__Coprococcus_comes	k__Bacteria;p__Proteobacteria;c__Gammaproteobacteria;o__Enterobacterales;f__Enterobacteriaceae;g__Escherichia;s__Escherichia_coli	k__Bacteria;p__Firmicutes;c__Clostridia;o__Clostridiales;f__Ruminococcaceae;g__Anaerotruncus;s__Anaerotruncus_colihominis	k__Bacteria;p__Firmicutes;c__Clostridia;o__Clostridiales;f__Lachnospiraceae;g__Blautia;s__Blautia_obeum	k__Bacteria;p__Bacteroidetes;c__Bacteroidia;o__Bacteroidales;f__Odoribacteraceae;g__Odoribacter;s__Odoribacter_laneus	k__Bacteria;p__Firmicutes;c__Clostridia;o__Clostridiales;f__Ruminococcaceae;g__Ruminiclostridium;s__[Clostridium]_leptum	k__Bacteria;p__Bacteroidetes;c__Bacteroidia;o__Bacteroidales;f__Porphyromonadaceae;g__Parabacteroides;s__Parabacteroides_goldsteinii	k__Bacteria;p__Firmicutes;c__Clostridia;o__Clostridiales;f__Lachnospiraceae;g__Anaerostipes;s__Anaerostipes_hadrus	k__Bacteria;p__Firmicutes;c__Clostridia;o__Clostridiales;f__Ruminococcaceae;g__Ruminococcus;s__Ruminococcus_lactaris	k__Bacteria;p__Firmicutes;c__Clostridia;o__Clostridiales;f__Clostridiaceae;g__Clostridium;s__Clostridium_sp._L2-50	k__Bacteria;p__Firmicutes;c__Clostridia;o__Clostridiales;f__Clostridiaceae;g__Clostridium;s__Clostridium_sp._M62/1	k__Bacteria;p__Firmicutes;c__Clostridia;o__Clostridiales;f__;g__Intestinimonas;s__Intestinimonas_butyriciproducens	k__Bacteria;p__Actinobacteria;c__Actinobacteria;o__Bifidobacteriales;f__Bifidobacteriaceae;g__Bifidobacterium;s__Bifidobacterium_bifidum	k__Bacteria;p__Firmicutes;c__Negativicutes;o__Veillonellales;f__Veillonellaceae;g__Dialister;s__Dialister_invisus	k__Bacteria;p__Bacteroidetes;c__Bacteroidia;o__Bacteroidales;f__Bacteroidaceae;g__Bacteroides;s__Bacteroides_salanitronis
k__Bacteria;p__Bacteroidetes;c__Bacteroidia;o__Bacteroidales;f__Bacteroidaceae;g__Bacteroides;s__Bacteroides_vulgatus	1.0	-0.0402033716237	0.0117741765772	-0.00775830185054	-0.0314572732419	-0.00264897287319	-0.0537648071748	0.0377390074119	-0.030167049818	-0.0068752740212	0.0573630814609	0.00430165401818	0.0493339269055	-0.00875940236875	0.00235324743919	-0.0554792417996	0.014039887621	-0.0114177688857	0.00940037816137	-0.0101213329103	-0.0635514900881	-0.056300751059	0.0111883029318	0.00267375616928	0.0178053588358	-0.0266897354747	-0.075744064249	-0.000821669915105	-0.0140352477381	0.0321964322473	-0.0391002408373	-0.0396022353872	-0.0076399881875	0.0247638697103	-0.0446359086571	-0.0314832164864	0.0205252080322	-9.64826571543e-07	-0.00531250652244	-0.0199207783412	0.0242907366809	0.0421859605196	0.0416452872182	0.0147473107432	0.0196425952507	0.0211786539561	-0.00249872072892	0.0299656944793	-0.0116771670063	-0.0190660107632	-0.0227004055044	-0.0227665812845	-0.0396886383582	-0.0341701243429	-0.00839559742781	-0.0175014818419	-0.0234070726975	-0.0428763483726	0.0310878744949
k__Bacteria;p__Bacteroidetes;c__Bacteroidia;o__Bacteroidales;f__Bacteroidaceae;g__Bacteroides;s__Bacteroides_uniformis	-0.0402033716237	1.0	-0.062338215916	-0.012899527665	-0.0143347298218	-0.0248431478649	-0.00305518749637	-0.00891280481872	0.0149374968064	-0.0723902603081	0.00130249546573	-0.0275140802065	-0.0639784130547	-0.0575821324215	0.0164180346273	-0.0104593012902	-0.014157442988	0.0145085921552	-0.0305513560461	-0.00380533655324	-0.0681121822975	0.0340093209158	-0.0374976782729	0.0177286557819	-0.000110339487236	0.00270516468683	0.00692059068719	-0.00408800657108	0.0385816973606	-0.0588551567446	0.0460441066112	0.0060454683865	-0.0161877494653	0.0221264031855	-0.0241251304132	0.040592069748	-0.0651448447876	0.0492222344552	-0.0060680113687	-0.0571916311144	-0.00817461173067	0.0341475844168	-0.0430197879643	-0.0465790064879	-0.0502708346017	0.023203824212	0.00445067164897	-0.00450861835711	-0.0459225744576	-0.00778894291166	0.00482156641845	0.0421671402009	0.00693394428448	0.00852995123768	-0.00448488903879	-0.0189109986822	0.0305112564027	-0.0161649415307	0.0487015923101
k__Bacteria;p__Bacteroidetes;c__Bacteroidia;o__Bacteroidales;f__Rikenellaceae;g__Alistipes;s__Alistipes_putredinis	0.0117741765772	-0.062338215916	1.0	-0.0132462022244	0.0352078210852	0.0169271324347	-0.0207826880679	0.0120701115238	0.0054631178486	-0.015659844884	-0.00802690099982	-0.0301615026747	0.0255139055406	0.0161597573879	0.0262775151587	0.0511315753058	-0.0023042277159	-0.051946364	0.0268594383056	-0.0310305726217	-0.0272351614923	-0.00280795098166	-0.0293827910547	0.0886425626537	-0.0445690246359	-0.0441057551628	-0.043331706582	-0.013791318175	0.0277650978779	-0.0249664623154	0.0387305851639	-0.053962763455	0.0508077125067	-0.0438350940783	-0.0621142631412	0.031344893181	0.0196907041634	0.00575763949935	0.00794214665261	0.0134609753981	0.00653858025625	-0.0190425175911	-0.0315321394294	0.000264563732409	0.0135872132143	-0.0551224633563	0.0334928421317	-0.0171517773106	0.00540201860755	-0.060473840572	0.0401571907125	-0.00339324758503	0.0459943400749	-0.0244149048085	-0.0350170003873	-0.0592447874291	0.0545385216725	0.000744391224149	-0.00404845896887
k__Bacteria;p__Bacteroidetes;c__Bacteroidia;o__Bacteroidales;f__Prevotellaceae;g__Prevotella;s__Prevotella_copri	-0.00775830185054	-0.012899527665	-0.0132462022244	1.0	0.0128930734126	0.0144776839704	-0.104903219158	0.0216964822996	-0.0271327472364	-0.0138635639597	-0.0327644324643	0.0167763824783	-0.048228254536	0.0286784178364	-0.042407866874	0.00178825824512	0.0180666622973	-0.0443160336818	-0.0655739882054	0.0253539801288	-0.0393230163591	-0.0273291873407	-0.00766381499267	0.0149084876448	-0.00367287261875	-0.060291745284	0.0195132572777	0.0329760949514	0.0186651919985	-0.0307992615735	-0.0234286514625	-0.00692948042006	0.00215698113183	-0.0209513067282	0.0159897695996	-0.0473159105892	-0.0261359210326	0.029273090385	-0.0276498675846	0.0213573615894	-0.00913228469058	0.0212218117339	-0.0370333292134	0.01143573129	-0.0338528229103	-0.0532816650773	0.0693871327152	-0.0605429786829	-0.0289998582252	0.0166609234727	0.000221237421503	0.0200823035646	-0.0465580461226	-0.0390216080513	-0.0596023394872	0.090085191832	0.0432772556441	0.0478768251514	-0.00988277265223
k__Bacteria;p__Bacteroidetes;c__Bacteroidia;o__Bacteroidales;f__Bacteroidaceae;g__Bacteroides;s__Bacteroides_stercoris	-0.0314572732419	-0.0143347298218	0.0352078210852	0.0128930734126	1.0	0.0460786653999	0.0170441975344	-0.0158182322464	0.0501162652745	-0.0251291298399	-0.0376405962837	0.0153081449999	-0.034666142899	-0.0452007518507	0.012538000192	-0.00509558442201	-0.00319521469733	0.00438168714988	0.00157819037661	-0.00987926945219	0.0274217130227	-0.040826080369	0.0163916441738	0.0346423184169	-0.0368136013928	-0.0479418942888	-0.00191908255319	0.00529592946373	-0.0292609391691	-0.0651829431139	0.0445962152793	0.00922598475536	0.0102892242835	-0.00578788052132	-0.0229077026992	0.00366441947867	0.0782296762474	-0.0288061409728	-0.0153384518188	-0.0442950145627	-0.020160573868	0.00156179526759	-0.026150298784	-0.038940774784	-0.0366643992395	-0.0146619263635	0.0136830048829	-0.0531628567463	-0.00735896105761	-0.0212654548949	0.0186452225632	0.0194334515218	-0.007552551575	-0.0380795405962	0.0014312310544	0.0249905287548	0.0592741443083	0.0178927065104	-0.0653946664798
k__Bacteria;p__Bacteroidetes;c__Bacteroidia;o__Bacteroidales;f__Bacteroidaceae;g__Bacteroides;s__Bacteroides_ovatus	-0.00264897287319	-0.0248431478649	0.0169271324347	0.0144776839704	0.0460786653999	1.0	0.081486120157	0.0115997960649	-0.0185160281001	0.0570116293001	-0.0215879913591	-0.0899320211811	-0.0248222343056	-0.0268043461954	-0.0397464895495	-0.0636050623293	-0.0137477133341	0.024974437136	-0.0140441088631	0.0175527611535	-0.00698742036898	-0.034522761594	-0.00944317442575	0.0515212531309	-0.0684717771442	-0.0426932730535	0.0550585787073	0.0284569365248	0.0259893023786	0.0119687987826	-0.0475804411124	-0.0469035634632	0.0281901843375	-0.0647421325326	0.103821322603	0.00642593837993	-0.0447187287404	-0.0443823593431	0.0597054424185	-0.0597654422905	-0.0519583922754	0.00261745424327	-0.0066717076055	0.00789649321265	-0.0504685149246	-0.019872115228	0.00113600159129	-0.0263096013802	0.0133851262583	-0.0233289223597	-0.0575800350492	0.0298522088234	0.0112024060314	-0.0351251624096	-0.0389596353014	0.0150708282081	-0.0324900313114	-0.0157857621116	-0.00817787257305
k__Bacteria;p__Bacteroidetes;c__Bacteroidia;o__Bacteroidales;f__Rikenellaceae;g__Alistipes;s__Alistipes_shahii	-0.0537648071748	-0.00305518749637	-0.0207826880679	-0.104903219158	0.0170441975344	0.081486120157	1.0	0.0111545155335	-0.00421955325488	-0.0345772567074	-0.0336083899066	-0.0237059472476	-0.00903761457553	-0.0376470351796	-0.0076470414406	0.00141186990673	0.0393177408977	-0.0306280484975	0.0625787770852	-0.00280499517293	-0.0505290030628	0.0257785639877	0.0241230259502	0.0160659889811	-0.0259036284213	0.033858707102	0.00726920713334	-0.0382484885286	0.0103065266591	-0.0223786994744	-0.0413545740141	-0.000568110498893	-0.0153835633685	-0.0078807801463	0.0133717440791	0.0248821656595	-0.0425999526263	0.0224682168921	0.0379304377393	-0.012986296286	-0.0333553186337	0.00414051759147	-0.0586289733679	-0.0857451591433	-0.012484930091	0.00219234502916	0.00990000510742	0.0238928727484	0.0330092602209	0.01869364297	-0.0504395370818	-0.0410458391386	-0.0353743055196	0.00814014772742	-0.010841734993	0.013717918325	-0.0292464981876	-0.0403694901053	0.0010698463066
k__Bacteria;p__Firmicutes;c__Clostridia;o__Clostridiales;f__Ruminococcaceae;g__Faecalibacterium;s__Faecalibacterium_prausnitzii	0.0377390074119	-0.00891280481872	0.0120701115238	0.0216964822996	-0.0158182322464	0.0115997960649	0.0111545155335	1.0	0.0279555963639	-0.037192942751	-0.033185014936	-0.0523893873466	-0.0179121493452	-0.00663721679228	-0.0455987102821	0.0537381838631	0.0180129590899	-0.0117770851371	0.0244566820628	0.052613286406	-0.000722797232598	-0.0289375949639	-0.0255219213124	-0.00664291431882	0.0115587408665	0.036025096198	0.0172114385905	-0.0206288466221	-0.0315071585316	0.00180241858722	0.0891770988429	0.0250978147196	-0.0445930531344	-0.0127489862408	-0.015670034493	-0.010712513583	0.0232227786202	0.0181973330107	-0.0705839686778	-0.0295934601074	-0.0349393868094	-0.022397036168	-0.00425881257054	-0.00732394147067	-0.0464453387429	-0.0244750811965	0.0184666915505	-0.00867934288464	0.0295570588406	0.00650530591022	-0.0365580729744	-0.0504195248849	-0.0396015615945	0.00687314075267	0.0189843770019	-0.00998231238815	-0.00834308568304	0.0279976058205	-0.0224054127705
k__Bacteria;p__Bacteroidetes;c__Bacteroidia;o__Bacteroidales;f__Rikenellaceae;g__Alistipes;s__Alistipes_finegoldii	-0.030167049818	0.0149374968064	0.0054631178486	-0.0271327472364	0.0501162652745	-0.0185160281001	-0.00421955325488	0.0279555963639	1.0	-0.00773645440755	0.0205849200072	-0.0530681065404	-0.000915638879957	0.0228667239483	0.0313896480704	0.0119029147214	0.0342061971356	-0.0593834241131	-0.0531666322347	-0.0657600073732	-0.0394622947144	-0.0190077643185	-0.0524763783455	-0.0449814164576	-0.0177393225551	0.0243027315841	0.00257731472259	-0.0405346983987	0.0162302971519	-0.0707816900708	0.011524992827	0.00330353718214	-0.0348274224229	-0.049060670205	0.0484894114192	-0.0248980285442	0.00420293123572	-0.0770566014356	0.0395981147838	-0.0160206675395	-0.00443984395198	-0.00732076163368	0.00441553639629	-0.0237346864113	-0.0509377842108	-0.0819903861729	0.0260513908237	-0.0305168767992	0.0274479165174	-0.0671034227434	0.0319661358992	0.0186039767288	0.0244256084055	0.0114647135306	-0.0122251858979	0.0191169274584	0.0875172032646	0.0483079565795	0.0376183283816
k__Bacteria;p__Bacteroidetes;c__Bacteroidia;o__Bacteroidales;f__Porphyromonadaceae;g__Parabacteroides;s__Parabacteroides_distasonis	-0.0068752740212	-0.0723902603081	-0.015659844884	-0.0138635639597	-0.0251291298399	0.0570116293001	-0.0345772567074	-0.037192942751	-0.00773645440755	1.0	-0.0377060922247	-0.0532770057045	-0.0446741268755	-0.00666088689323	0.087155487718	-0.00180379725439	0.062222699826	-0.00665690968155	0.0426967108675	-0.000480327099316	0.00552141300225	0.0447360934091	-0.0461128188646	0.00843853314263	0.023060212943	-0.016197065474	0.0338042821529	0.0225339258887	0.0142089599607	-0.0211021494857	-0.0392299641222	-0.052691974429	-0.0398682113623	-0.0472830582133	0.032494539275	-0.00273476256989	-0.0102023550592	-0.00326129795026	-0.0121628232504	-0.0322481081457	-0.0159598161605	-0.053363746405	-0.0541370832295	0.00803115398044	-0.0251474817203	0.0332689895246	-0.0470530218726	0.0394929281867	0.0126640466206	0.0218243686561	-0.0251905742683	-0.000552583118265	0.0236334384671	0.0686541660186	-0.00878233968966	-0.0541530105483	-0.0295055449259	0.0242758463203	-0.0407054831771
k__Bacteria;p__Bacteroidetes;c__Bacteroidia;o__Bacteroidales;f__Bacteroidaceae;g__Bacteroides;s__Bacteroides_thetaiotaomicron	0.0573630814609	0.00130249546573	-0.00802690099982	-0.0327644324643	-0.0376405962837	-0.0215879913591	-0.0336083899066	-0.033185014936	0.0205849200072	-0.0377060922247	1.0	0.0266059733558	-0.0159571539259	0.0670268624	-0.038362224032	-0.054985364654	-0.0684153772549	-0.0958107846325	-0.0306675100031	-0.0358110943431	-0.0107600082778	0.023957666916	0.0109630903865	-0.00159224794422	-0.00353585643591	-0.0227611172614	-0.0560695124057	0.0428101511111	-0.0580039563679	-0.00651279692452	-0.0199197008754	-0.00241122402655	0.016265134261	-0.00458994186264	-0.000243252598558	0.0527137153101	-0.0433754198216	0.0084852180849	-0.00637029129411	-0.0348392014843	0.00919419793196	-0.0153393494987	-0.0126695740501	-0.00725364560596	-0.01515749398	0.0311448376862	0.10370146617	0.0313706524223	-0.00920462689892	0.0230855389909	-0.0130960098228	0.0290665166258	-0.0529122218258	0.0371237205716	-0.0161643302648	0.0411631647127	-0.0101971693443	-0.00147582793069	0.0236103634051
k__Bacteria;p__Bacteroidetes;c__Bacteroidia;o__Bacteroidales;f__Bacteroidaceae;g__Bacteroides;s__Bacteroides_coprocola	0.00430165401818	-0.0275140802065	-0.0301615026747	0.0167763824783	0.0153081449999	-0.0899320211811	-0.0237059472476	-0.0523893873466	-0.0530681065404	-0.0532770057045	0.0266059733558	1.0	0.0224814549859	0.0337265675628	-0.0411555335	0.071705604064	0.0230598946176	-0.00132935218189	0.0397552532613	-0.0110373129155	-0.0314320470708	0.0025276076476	0.00784782059061	0.0121126829479	0.0177016092124	-0.0331143359469	-0.02358589361	-0.0288044876853	0.0011485725567	-0.0145976967557	-0.02942070066	-0.0078168096551	0.00160493889375	-0.0020317162746	0.0124661586018	-0.018801212821	0.0306326545471	-0.0407426797217	-0.0164605456764	0.0432256898829	0.0692237487589	0.00894019499199	-0.0457799073284	-0.012046869377	-0.0344709166886	-0.086724914945	0.00779657015975	0.0296825083261	0.0157869280707	0.0292231119348	-0.11399238282	-0.0647710443087	-0.0289853428064	0.0114245121353	0.034915119925	-0.00950154484776	0.00156016926814	-0.0898873385081	-0.0284748844627
k__Bacteria;p__Bacteroidetes;c__Bacteroidia;o__Bacteroidales;f__Bacteroidaceae;g__Bacteroides;s__Bacteroides_cellulosilyticus	0.0493339269055	-0.0639784130547	0.0255139055406	-0.048228254536	-0.034666142899	-0.0248222343056	-0.00903761457553	-0.0179121493452	-0.000915638879957	-0.0446741268755	-0.0159571539259	0.0224814549859	1.0	-0.0324078751172	-0.0100028673399	-0.00427387050167	0.053502398859	0.00333522411991	0.0310885937202	-0.0184116521015	-0.0131772092297	0.0406160494046	0.00419018290633	-0.0331633518665	-0.0348234817064	-0.0272629374171	0.00481058563118	-0.015366776071	-0.0332629710089	-0.0238191560937	0.0716474537743	-0.0495226032441	0.0166960276325	-0.0624928386103	-0.032665800199	-0.00976519123401	-0.0152979413392	0.0132532382944	0.00379655791083	0.000511623271346	-0.0285177134735	0.002486130836	0.0285313729119	-0.009409180806	-0.0368925012104	-0.014376516798	-0.0378769869534	-0.0704495174932	0.0329075281806	-0.0762337115082	-0.000188980332352	0.00721409750483	0.0356139364528	-0.0543473779993	0.0330789066585	-0.0204303178152	0.0539924468118	0.0333942585258	-0.025537197814
k__Bacteria;p__Bacteroidetes;c__Bacteroidia;o__Bacteroidales;f__Rikenellaceae;g__Alistipes;s__Alistipes_obesi	-0.00875940236875	-0.0575821324215	0.0161597573879	0.0286784178364	-0.0452007518507	-0.0268043461954	-0.0376470351796	-0.00663721679228	0.0228667239483	-0.00666088689323	0.0670268624	0.0337265675628	-0.0324078751172	1.0	0.0246509586794	0.0200096326523	-0.0201553491212	0.0162400066995	0.0499156661585	0.00500611160107	0.0173962347869	0.0438729100753	-0.0347817966056	-0.0629234767393	0.0565179287705	-0.0189931908663	-0.00180344780124	-0.0120860558063	0.0026727106009	-0.0123094269982	-0.0353371129585	-0.0750937328049	-0.00802845375253	0.00627848684937	-0.0760373746352	-0.0396270209153	-0.0109624580889	0.000915834161328	0.00581085136995	0.0256528578462	-0.015430680503	-0.0411352435068	-0.0412205259115	0.0345701645709	-0.000747556950778	0.0385486166443	-0.0596653146257	0.0191075334775	-0.0256728121013	0.0474233822843	-0.0309649342678	-0.00941415376884	-0.0364957095072	-0.0538050945953	0.0245845178072	-0.0329769652849	-0.0206648100681	-0.0225044005624	-0.0288184104478
k__Bacteria;p__Firmicutes;c__Clostridia;o__Clostridiales;f__Lachnospiraceae;g__;s__[Eubacterium]_rectale	0.00235324743919	0.0164180346273	0.0262775151587	-0.042407866874	0.012538000192	-0.0397464895495	-0.0076470414406	-0.0455987102821	0.0313896480704	0.087155487718	-0.038362224032	-0.0411555335	-0.0100028673399	0.0246509586794	1.0	-0.0762460301124	-0.00568939437212	0.0723195763335	-0.0284589368846	-0.0313106023933	-0.0418346962955	-0.00947411403562	-0.0324644416019	0.0259102067944	0.0208937722057	0.00304763391738	0.0488398445336	0.0435126016735	-0.0145581133523	-0.0162516586567	-0.010366546958	-0.0283734627675	-0.0327283138013	-0.00262483070316	-0.0517092799636	-0.0647085368182	0.00635133222475	-0.0101257005339	0.0147629015318	-0.0342480409933	-0.0440212891902	-0.0275641939869	-0.0558328016141	0.0572715312802	-0.0338309593124	-0.0355938988824	-0.0295054879547	-0.0299960130624	0.00745994321031	-0.0270387175855	0.0817274533767	-0.0397955068484	0.0271893625532	-0.0338804465511	-0.0451916837949	-0.0467526998754	-0.00167316792862	-0.0255178577998	0.0232071451341
k__Bacteria;p__Bacteroidetes;c__Bacteroidia;o__Bacteroidales;f__Bacteroidaceae;g__Bacteroides;s__Bacteroides_plebeius	-0.0554792417996	-0.0104593012902	0.0511315753058	0.00178825824512	-0.00509558442201	-0.0636050623293	0.00141186990673	0.0537381838631	0.0119029147214	-0.00180379725439	-0.054985364654	0.071705604064	-0.00427387050167	0.0200096326523	-0.0762460301124	1.0	0.0121374880344	-0.0337307890651	-0.0318097430915	0.0217493582304	-0.114051688677	-0.022258573006	0.0281669376566	-0.0137022193929	-0.0132870119576	0.055201549102	-0.0145661538608	-0.00984129119623	-0.00438939586847	0.0674207062849	-0.0123352462993	-0.0833244095257	0.01372041003	-0.0179754713687	0.0996075678539	-0.00439855499898	-0.0207478480407	0.0276789328688	0.0624233492271	0.0276377912501	0.0237513070843	-0.0325375708038	-0.0227192404705	-0.0231344483159	-0.000345575101777	0.0246016206327	0.0601448051952	-0.00573183507419	-0.0117723159065	-0.036651815625	0.0158537558522	-0.0396474145411	-0.0014712028509	-0.0150614575499	-0.0762347583853	-0.0294452301473	0.00124966416003	0.0209368481994	-0.065571349152
k__Bacteria;p__Bacteroidetes;c__Bacteroidia;o__Bacteroidales;f__Bacteroidaceae;g__Bacteroides;s__Bacteroides_fragilis	0.014039887621	-0.014157442988	-0.0023042277159	0.0180666622973	-0.00319521469733	-0.0137477133341	0.0393177408977	0.0180129590899	0.0342061971356	0.062222699826	-0.0684153772549	0.0230598946176	0.053502398859	-0.0201553491212	-0.00568939437212	0.0121374880344	1.0	-0.00132191000952	-0.0966548275737	-0.0331453356845	0.00912319545484	-0.0767191719932	-0.0702076752726	-0.0187010257243	-0.0580743087362	0.027787251852	0.0662313555174	-0.0436909096081	0.0348496166785	0.0109823494839	0.0394693465874	0.0422088790757	-0.0171598950252	-0.0547584278897	-0.00329801503559	0.0925605134791	0.0399164173741	-0.0125845998589	-0.0199733917708	-0.0413922279537	0.00297886306246	0.0212679217338	-0.0509083887748	0.0316685211327	-0.052587861794	-0.0480348010531	0.0336037805831	0.0765430262031	-0.0485031141961	-0.109905116346	0.0229602640282	0.000871412900493	0.00327474369198	0.0274384775909	-0.00639680338001	-0.0116895293887	-0.0162974876295	-0.0684052770183	0.00417636176069
k__Bacteria;p__Proteobacteria;c__Betaproteobacteria;o__Burkholderiales;f__Sutterellaceae;g__Sutterella;s__Sutterella_wadsworthensis	-0.0114177688857	0.0145085921552	-0.051946364	-0.0443160336818	0.00438168714988	0.024974437136	-0.0306280484975	-0.0117770851371	-0.0593834241131	-0.00665690968155	-0.0958107846325	-0.00132935218189	0.00333522411991	0.0162400066995	0.0723195763335	-0.0337307890651	-0.00132191000952	1.0	-0.0591683517675	-0.00851313237083	-0.105129643327	0.0332662571707	-0.0676478241249	-0.0341936760233	-0.0230857850701	-0.0593054339373	0.0198668327976	0.00918244345213	0.0524622714069	-0.0129520870757	-0.037648488387	-0.0478384408952	0.0602061393763	-0.0378696451869	-0.0748941711112	-0.0275730870962	-0.03190530698	0.0250696857996	-0.0135244618917	-0.00709855010605	0.0517099897275	-0.0146032235589	-0.0292484305132	0.00390715539445	0.0059940950255	-0.0239893043834	0.00928709378206	0.0635133649016	-0.0700715054655	-0.0084716961157	0.01946874687	-0.0341563552281	0.0340045176161	-0.0725465438712	0.0494551739936	0.046144983586	0.0454843156567	0.000499485156247	0.0423556022042
k__Bacteria;p__Bacteroidetes;c__Bacteroidia;o__Bacteroidales;f__Porphyromonadaceae;g__Barnesiella;s__Barnesiella_intestinihominis	0.00940037816137	-0.0305513560461	0.0268594383056	-0.0655739882054	0.00157819037661	-0.0140441088631	0.0625787770852	0.0244566820628	-0.0531666322347	0.0426967108675	-0.0306675100031	0.0397552532613	0.0310885937202	0.0499156661585	-0.0284589368846	-0.0318097430915	-0.0966548275737	-0.0591683517675	1.0	0.00421597879788	-0.0232113285571	0.0513318899466	-0.0479702268934	0.0163587156637	-0.0138014346029	0.00950773224953	-0.00165820080752	0.0305884463414	-0.00993325568802	0.0252483802604	0.0276807014537	-0.0196703448782	-0.0610259979246	0.0529748800016	0.0216511924052	-0.0377163217891	-0.027002947342	-0.000668795398772	-0.0280358427806	-0.00413305862325	0.0380089077895	-0.0205056393962	-0.0130700602648	-0.0259855248925	0.0167965224469	-0.0276987120719	0.029120723869	0.01740737321	0.00658416797841	0.0112271886944	-0.0338266855255	-0.0249124662181	-0.00991414689755	0.0147895615534	-0.0120795202447	-0.0242479316129	-0.0209404447615	-0.0184475409619	-0.0721581990374
k__Bacteria;p__Bacteroidetes;c__Bacteroidia;o__Bacteroidales;f__Odoribacteraceae;g__Odoribacter;s__Odoribacter_splanchnicus	-0.0101213329103	-0.00380533655324	-0.0310305726217	0.0253539801288	-0.00987926945219	0.0175527611535	-0.00280499517293	0.052613286406	-0.0657600073732	-0.000480327099316	-0.0358110943431	-0.0110373129155	-0.0184116521015	0.00500611160107	-0.0313106023933	0.0217493582304	-0.0331453356845	-0.00851313237083	0.00421597879788	1.0	0.0855053574804	-0.0127003176819	0.000942559759451	-0.009840218345	-0.0502290978997	-0.0112512680341	-0.00394977093492	-0.0870086875847	-0.0400436693195	-0.0344800445596	-0.0286638492426	0.00534439519629	-0.0203678927655	0.00224861718001	-0.0323190922542	0.0312474001987	-0.0161485354269	-0.00334589861054	-0.0499740431235	-0.0168949220493	-0.0168564388924	-0.00926946582963	-0.0200281898916	0.0446941896536	-0.0214821743607	0.0220439679181	0.0108536795752	-0.00368494522699	0.021463603015	0.068722652705	-0.00924638153425	0.061990391633	-0.0536156014676	-0.0614172291161	-0.00395164966639	-0.000123209987569	0.00419388460601	-0.0441747148601	-0.0545708740523
k__Bacteria;p__Bacteroidetes;c__Bacteroidia;o__Bacteroidales;f__Bacteroidaceae;g__Bacteroides;s__Bacteroides_salyersiae	-0.0635514900881	-0.0681121822975	-0.0272351614923	-0.0393230163591	0.0274217130227	-0.00698742036898	-0.0505290030628	-0.000722797232598	-0.0394622947144	0.00552141300225	-0.0107600082778	-0.0314320470708	-0.0131772092297	0.0173962347869	-0.0418346962955	-0.114051688677	0.00912319545484	-0.105129643327	-0.0232113285571	0.0855053574804	1.0	0.0239164764096	0.0102488345551	-0.00444221582641	-0.0566063890099	0.0243499093661	0.0681843690264	0.0346986114502	-0.0270907116054	0.049558603644	-0.00907498239966	0.0469893519585	-0.0122723740663	0.0056686930247	0.0241449846748	0.0160482232227	-0.0141986594397	0.00633743911534	-0.030615872377	0.0100100269319	-0.089496495246	0.0254272415558	-0.0162866519324	0.0108257921681	-0.0311605246722	-0.0536738583628	0.00247606855414	-0.0329113923219	0.0159304176319	0.0326004227534	-0.01989373443	0.0323383412211	-0.0524224484396	-0.0597620462512	0.0289298380245	0.0208335772739	-0.0144421953953	-0.00707357513236	0.0590018219606
k__Bacteria;p__Firmicutes;c__Clostridia;o__Clostridiales;f__Ruminococcaceae;g__Ruminiclostridium;s__[Eubacterium]_siraeum	-0.056300751059	0.0340093209158	-0.00280795098166	-0.0273291873407	-0.040826080369	-0.034522761594	0.0257785639877	-0.0289375949639	-0.0190077643185	0.0447360934091	0.023957666916	0.0025276076476	0.0406160494046	0.0438729100753	-0.00947411403562	-0.022258573006	-0.0767191719932	0.0332662571707	0.0513318899466	-0.0127003176819	0.0239164764096	1.0	-0.000334996170514	0.0114926085962	0.0293586778939	7.23946461709e-05	-0.0286026491953	-0.055100527701	-0.0761439663313	-0.0696526034034	-0.00173223492394	-0.0208716493111	0.0375923030306	-0.0446198722936	-0.0529346255153	0.0144955198061	0.0317709627486	-0.0312320274901	-0.0753850499631	-0.0505637924789	0.00520298088141	-0.0662060114094	0.00359615879459	-0.0314656156595	0.0379385782176	-0.00296057865674	-0.0258551236039	-0.00157186417358	0.0679267489435	0.000595486143439	-0.05704445252	-0.0122361924774	0.0188310959412	-0.0692098060784	0.0247341898351	-0.00918616899071	-0.0126058372191	-0.018781583767	-0.00455017877376
k__Bacteria;p__Proteobacteria;c__Betaproteobacteria;o__Burkholderiales;f__Sutterellaceae;g__Parasutterella;s__Parasutterella_excrementihominis	0.0111883029318	-0.0374976782729	-0.0293827910547	-0.00766381499267	0.0163916441738	-0.00944317442575	0.0241230259502	-0.0255219213124	-0.0524763783455	-0.0461128188646	0.0109630903865	0.00784782059061	0.00419018290633	-0.0347817966056	-0.0324644416019	0.0281669376566	-0.0702076752726	-0.0676478241249	-0.0479702268934	0.000942559759451	0.0102488345551	-0.000334996170514	1.0	0.024179649056	0.0208992737124	-0.0369302221828	-0.00054766924239	0.0151181065854	-0.0248135883904	0.00473624515472	-0.0141529988807	-0.0310818884786	0.0193999231196	-0.0402117115415	0.0223490949349	0.0239369631477	-0.00244302896613	-0.0601947840275	-0.00738678936883	-0.000216729169134	0.0611360940096	-0.0505128760034	0.068571384559	-0.0187584680965	0.0689366360665	0.0398286976383	-0.0196171603538	0.0421458220284	-0.0484323950668	0.0329896066541	0.010552937489	-0.0219540173101	-0.0558428618762	0.0728318851029	-0.0238416073004	0.0284496731747	-0.0670283582479	-0.0174531044467	-0.0158440062563
k__Bacteria;p__Actinobacteria;c__Actinobacteria;o__Bifidobacteriales;f__Bifidobacteriaceae;g__Bifidobacterium;s__Bifidobacterium_adolescentis	0.00267375616928	0.0177286557819	0.0886425626537	0.0149084876448	0.0346423184169	0.0515212531309	0.0160659889811	-0.00664291431882	-0.0449814164576	0.00843853314263	-0.00159224794422	0.0121126829479	-0.0331633518665	-0.0629234767393	0.0259102067944	-0.0137022193929	-0.0187010257243	-0.0341936760233	0.0163587156637	-0.009840218345	-0.00444221582641	0.0114926085962	0.024179649056	1.0	-0.0819731070909	0.00157494712909	-0.0117168428272	-0.0151757269149	-0.0125825368063	-0.0108378128159	-0.0418107836619	0.0663213615905	0.0284158649679	0.0907576971677	0.0195059208043	-0.0153032043876	-0.0499890531309	-0.0290524200643	-0.0576018323635	-0.0728591966022	0.0370443315695	-0.027723000337	-0.0516799228585	-0.0361851502479	0.0238183136209	0.00256866371478	-0.0307193884228	-0.0427135364982	0.018675053448	-0.0209622573927	-0.0387938674112	-0.0876572733159	-0.0112828201422	-0.0245948083171	0.00767466184268	-0.00218681812508	0.00460183495117	-0.00336850657376	-0.0362463274744
k__Bacteria;p__Firmicutes;c__Clostridia;o__Clostridiales;f__Oscillospiraceae;g__Oscillibacter;s__Oscillibacter_sp._KLE_1745	0.0178053588358	-0.000110339487236	-0.0445690246359	-0.00367287261875	-0.0368136013928	-0.0684717771442	-0.0259036284213	0.0115587408665	-0.0177393225551	0.023060212943	-0.00353585643591	0.0177016092124	-0.0348234817064	0.0565179287705	0.0208937722057	-0.0132870119576	-0.0580743087362	-0.0230857850701	-0.0138014346029	-0.0502290978997	-0.0566063890099	0.0293586778939	0.0208992737124	-0.0819731070909	1.0	-0.0567149619717	0.0135063303564	0.0181224103231	0.0736504145402	-0.0247647648075	-0.0405861501665	-0.00554860453761	0.0374730546228	0.00465333870957	0.000240162751158	-0.00159344724862	0.0496615152789	-0.0568805472949	-0.00832833554119	-0.00274244540805	-0.00533977502615	-0.0027972191534	-0.0405996187854	-0.0422278893505	0.0500757385842	0.0368381204066	-0.0155127182634	0.011842305929	-0.0473579219218	0.0132420450214	-0.00433626031766	-0.0130860573998	-0.0181800894297	-0.0559679808226	-0.0203083859716	0.0270448677765	-0.0399923369606	0.0755123475351	0.0420115941898
k__Bacteria;p__Bacteroidetes;c__Bacteroidia;o__Bacteroidales;f__Bacteroidaceae;g__Bacteroides;s__Bacteroides_coprophilus	-0.0266897354747	0.00270516468683	-0.0441057551628	-0.060291745284	-0.0479418942888	-0.0426932730535	0.033858707102	0.036025096198	0.0243027315841	-0.016197065474	-0.0227611172614	-0.0331143359469	-0.0272629374171	-0.0189931908663	0.00304763391738	0.055201549102	0.027787251852	-0.0593054339373	0.00950773224953	-0.0112512680341	0.0243499093661	7.23946461708e-05	-0.0369302221828	0.00157494712909	-0.0567149619717	1.0	-0.0338670838911	0.0326853795052	0.0154263929407	0.0070059523399	0.0667007492346	-0.0252801060238	0.0177215347416	0.0479571780093	0.00367471286289	-0.0144194528172	-0.0158977956035	0.0205036117431	0.0125938378466	-0.0253661470542	-0.0520905579132	0.00964105761255	0.0124843449067	-0.0390114481741	-0.0089475225888	0.0140400517	0.00539415694805	-0.00308923681621	-0.0240885018509	-0.036689987857	0.0191065984902	-0.0328084534138	0.00108515606143	-0.0137960001841	0.0646754900488	0.0257872021109	-0.0328719410044	0.0309529192153	-0.000644560656676
k__Bacteria;p__Firmicutes;c__Clostridia;o__Clostridiales;f__Lachnospiraceae;g__Roseburia;s__Roseburia_intestinalis	-0.075744064249	0.00692059068719	-0.043331706582	0.0195132572777	-0.00191908255319	0.0550585787073	0.00726920713334	0.0172114385905	0.00257731472259	0.0338042821529	-0.0560695124057	-0.02358589361	0.00481058563118	-0.00180344780124	0.0488398445336	-0.0145661538608	0.0662313555174	0.0198668327976	-0.00165820080752	-0.00394977093492	0.0681843690264	-0.0286026491953	-0.00054766924239	-0.0117168428272	0.0135063303564	-0.0338670838911	1.0	-0.0177235495951	0.06644041914	-0.0101197294824	-0.0143855191372	0.00448601488419	0.0109229831636	-0.0249766377032	-0.0421576553306	-0.0361672994729	0.0268182619463	-0.0594923352233	-0.0430550948226	-0.0394925345219	-0.00141315114757	-0.0965627875783	-0.0202911729876	-0.0554719881339	0.0210676518258	-0.0103871699891	0.018741418746	-0.0124729894603	-0.0371648943301	-0.0434886955995	-0.0221263431873	0.0440035317606	-0.048482499145	-0.0254714478758	-0.00238452022953	-0.0194603689893	-0.0173321990213	-0.0194857390694	0.0891607028971
k__Bacteria;p__Firmicutes;c__Clostridia;o__Clostridiales;f__Lachnospiraceae;g__Roseburia;s__Roseburia_hominis	-0.000821669915105	-0.00408800657108	-0.013791318175	0.0329760949514	0.00529592946373	0.0284569365248	-0.0382484885286	-0.0206288466221	-0.0405346983987	0.0225339258887	0.0428101511111	-0.0288044876853	-0.015366776071	-0.0120860558063	0.0435126016735	-0.00984129119623	-0.0436909096081	0.00918244345213	0.0305884463414	-0.0870086875847	0.0346986114502	-0.055100527701	0.0151181065854	-0.0151757269149	0.0181224103231	0.0326853795052	-0.0177235495951	1.0	-0.0841856498401	0.00985562242668	-0.0149994713465	0.0322142443541	-0.00565140079211	-0.00654891833438	-0.0107188938414	-0.0502571720792	0.0235405104968	0.0109456335653	-0.0474946068224	-0.0381145876189	9.79239613199e-06	0.0104219253475	-0.0117942346379	0.0013718915101	-0.00473301145348	0.0690640422614	0.0112167122468	0.0187684455245	0.0622802332426	-0.0221235776699	-0.0369226469412	-0.0647443387702	0.0385539315272	-0.0388138110985	-0.0141415924841	-0.0457036722614	-0.033075447993	-0.0203459504515	-0.0916971802694
k__Bacteria;p__Bacteroidetes;c__Bacteroidia;o__Bacteroidales;f__Porphyromonadaceae;g__Parabacteroides;s__Parabacteroides_johnsonii	-0.0140352477381	0.0385816973606	0.0277650978779	0.0186651919985	-0.0292609391691	0.0259893023786	0.0103065266591	-0.0315071585316	0.0162302971519	0.0142089599607	-0.0580039563679	0.0011485725567	-0.0332629710089	0.0026727106009	-0.0145581133523	-0.00438939586847	0.0348496166785	0.0524622714069	-0.00993325568802	-0.0400436693195	-0.0270907116054	-0.0761439663313	-0.0248135883904	-0.0125825368063	0.0736504145402	0.0154263929407	0.06644041914	-0.0841856498401	1.0	-0.0175877833076	-0.0438695853465	0.0252899863174	0.073848340418	-0.0301993052705	-0.0154142702087	-0.000840885902916	-0.0345906894751	-0.0123825073603	-0.000463040522734	-0.0199208661896	0.0185421177867	0.0215257763919	0.0283299537818	-0.0723104183879	0.0484799334191	-0.0263215601313	-0.00659326718915	-0.0179168823903	-0.115066431222	-0.0385040194277	0.0408450393335	-0.00285857497327	0.0443193439627	0.014341114914	0.032863170792	-0.067945270493	-0.0328756234138	-0.000760293854798	-0.0358890948474
k__Bacteria;p__Actinobacteria;c__Actinobacteria;o__Bifidobacteriales;f__Bifidobacteriaceae;g__Bifidobacterium;s__Bifidobacterium_longum	0.0321964322473	-0.0588551567446	-0.0249664623154	-0.0307992615735	-0.0651829431139	0.0119687987826	-0.0223786994744	0.00180241858722	-0.0707816900708	-0.0211021494857	-0.00651279692452	-0.0145976967557	-0.0238191560937	-0.0123094269982	-0.0162516586567	0.0674207062849	0.0109823494839	-0.0129520870757	0.0252483802604	-0.0344800445596	0.049558603644	-0.0696526034034	0.00473624515473	-0.0108378128159	-0.0247647648075	0.0070059523399	-0.0101197294824	0.00985562242668	-0.0175877833076	1.0	-0.0135060090664	-0.00389599487521	-0.0153055207849	0.0278490258871	0.0374353654623	-0.0267795380666	0.0281811967585	0.0657061021949	-0.0770999689372	0.00472632497722	-0.0318546318939	0.00733306450596	0.0742657185687	-0.0081754626283	0.0443673955136	0.0184479652859	0.0471244236998	0.0388851296445	-0.042555272191	-0.0338887226296	0.0117053968729	-0.0839856709247	-0.000448429049721	0.040249216463	-0.0848670869107	-0.0029120209352	-0.0558854345864	0.00115908626899	-0.00302901974393
