#taxonomy	k__Bacteria;p__Bacteroidetes;c__Bacteroidia;o__Bacteroidales;f__Bacteroidaceae;g__Bacteroides;s__Bacteroides_vulgatus	k__Bacteria;p__Bacteroidetes;c__Bacteroidia;o__Bacteroidales;f__Bacteroidaceae;g__Bacteroides;s__Bacteroides_uniformis	k__Bacteria;p__Bacteroidetes;c__Bacteroidia;o__Bacteroidales;f__Rikenellaceae;g__Alistipes;s__Alistipes_putredinis	k__Bacteria;p__Bacteroidetes;c__Bacteroidia;o__Bacteroidales;f__Prevotellaceae;g__Prevotella;s__Prevotella_copri	k__Bacteria;p__Bacteroidetes;c__Bacteroidia;o__Bacteroidales;f__Bacteroidaceae;g__Bacteroides;s__Bacteroides_stercoris	k__Bacteria;p__Bacteroidetes;c__Bacteroidia;o__Bacteroidales;f__Bacteroidaceae;g__Bacteroides;s__Bacteroides_ovatus	k__Bacteria;p__Bacteroidetes;c__Bacteroidia;o__Bacteroidales;f__Rikenellaceae;g__Alistipes;s__Alistipes_shahii	k__Bacteria;p__Firmicutes;c__Clostridia;o__Clostridiales;f__Ruminococcaceae;g__Faecalibacterium;s__Faecalibacterium_prausnitzii	k__Bacteria;p__Bacteroidetes;c__Bacteroidia;o__Bacteroidales;f__Rikenellaceae;g__Alistipes;s__Alistipes_finegoldii	k__Bacteria;p__Bacteroidetes;c__Bacteroidia;o__Bacteroidales;f__Porphyromonadaceae;g__Parabacteroides;s__Parabacteroides_distasonis	k__Bacteria;p__Bacteroidetes;c__Bacteroidia;o__Bacteroidales;f__Bacteroidaceae;g__Bacteroides;s__Bacteroides_thetaiotaomicron	k__Bacteria;p__Bacteroidetes;c__Bacteroidia;o__Bacteroidales;f__Bacteroidaceae;g__Bacteroides;s__Bacteroides_coprocola	k__Bacteria;p__Bacteroidetes;c__Bacteroidia;o__Bacteroidales;f__Bacteroidaceae;g__Bacteroides;s__Bacteroides_cellulosilyticus	k__Bacteria;p__Bacteroidetes;c__Bacteroidia;o__Bacteroidales;f__Rikenellaceae;g__Alistipes;s__Alistipes_obesi	k__Bacteria;p__Firmicutes;c__Clostridia;o__Clostridiales;f__Lachnospiraceae;g__;s__[Eubacterium]_rectale	k__Bacteria;p__Bacteroidetes;c__Bacteroidia;o__Bacteroidales;f__Bacteroidaceae;g__Bacteroides;s__Bacteroides_plebeius	k__Bacteria;p__Bacteroidetes;c__Bacteroidia;o__Bacteroidales;f__Bacteroidaceae;g__Bacteroides;s__Bacteroides_fragilis	k__Bacteria;p__Proteobacteria;c__Betaproteobacteria;o__Burkholderiales;f__Sutterellaceae;g__Sutterella;s__Sutterella_wadsworthensis	k__Bacteria;p__Bacteroidetes;c__Bacteroidia;o__Bacteroidales;f__Porphyromonadaceae;g__Barnesiella;s__Barnesiella_intestinihominis	k__Bacteria;p__Bacteroidetes;c__Bacteroidia;o__Bacteroidales;f__Odoribacteraceae;g__Odoribacter;s__Odoribacter_splanchnicus	k__Bacteria;p__Bacteroidetes;c__Bacteroidia;o__Bacteroidales;f__Bacteroidaceae;g__Bacteroides;s__Bacteroides_salyersiae	k__Bacteria;p__Firmicutes;c__Clostridia;o__Clostridiales;f__Ruminococcaceae;g__Ruminiclostridium;s__[Eubacterium]_siraeum	k__Bacteria;p__Proteobacteria;c__Betaproteobacteria;o__Burkholderiales;f__Sutterellaceae;g__Parasutterella;s__Parasutterella_excrementihominis	k__Bacteria;p__Actinobacteria;c__Actinobacteria;o__Bifidobacteriales;f__Bifidobacteriaceae;g__Bifidobacterium;s__Bifidobacterium_adolescentis	k__Bacteria;p__Firmicutes;c__Clostridia;o__Clostridiales;f__Oscillospiraceae;g__Oscillibacter;s__Oscillibacter_sp._KLE_1745	k__Bacteria;p__Bacteroidetes;c__Bacteroidia;o__Bacteroidales;f__Bacteroidaceae;g__Bacteroides;s__Bacteroides_coprophilus	k__Bacteria;p__Firmicutes;c__Clostridia;o__Clostridiales;f__Lachnospiraceae;g__Roseburia;s__Roseburia_intestinalis	k__Bacteria;p__Firmicutes;c__Clostridia;o__Clostridiales;f__Lachnospiraceae;g__Roseburia;s__Roseburia_hominis	k__Bacteria;p__Bacteroidetes;c__Bacteroidia;o__Bacteroidales;f__Porphyromonadaceae;g__Parabacteroides;s__Parabacteroides_johnsonii	k__Bacteria;p__Actinobacteria;c__Actinobacteria;o__Bifidobacteriales;f__Bifidobacteriaceae;g__Bifidobacterium;s__Bifidobacterium_longum	k__Bacteria;p__Firmicutes;c__Clostridia;o__Clostridiales;f__;g__Flavonifractor;s__Flavonifractor_plautii	k__Bacteria;p__Firmicutes;c__Clostridia;o__Clostridiales;f__Clostridiaceae;g__Clostridium;s__Clostridium_phoceensis	k__Bacteria;p__Verrucomicrobia;c__Verrucomicrobiae;o__Verrucomicrobiales;f__Akkermansiaceae;g__Akkermansia;s__Akkermansia_muciniphila	k__Bacteria;p__Bacteroidetes;c__Bacteroidia;o__Bacteroidales;f__Prevotellaceae;g__Paraprevotella;s__Paraprevotella_xylaniphila	k__Bacteria;p__Firmicutes;c__Clostridia;o__Clostridiales;f__Ruminococcaceae;g__Ruminococcus;s__Ruminococcus_callidus	k__Bacteria;p__Bacteroidetes;c__Bacteroidia;o__Bacteroidales;f__Rikenellaceae;g__Alistipes;s__Alistipes_senegalensis	k__Bacteria;p__Firmicutes;c__Clostridia;o__Clostridiales;f__Lachnospiraceae;g__Blautia;s__Blautia_sp._KLE_1732	k__Bacteria;p__Bacteroidetes;c__Bacteroidia;o__Bacteroidales;f__Bacteroidaceae;g__Bacteroides;s__Bacteroides_oleiciplenus	k__Bacteria;p__Firmicutes;c__Clostridia;o__Clostridiales;f__Ruminococcaceae;g__Ruminococcus;s__Ruminococcus_bicirculans	k__Bacteria;p__Bacteroidetes;c__Bacteroidia;o__Bacteroidales;f__Bacteroidaceae;g__Bacteroides;s__Bacteroides_fluxus	k__Bacteria;p__Bacteroidetes;c__Bacteroidia;o__Bacteroidales;f__Prevotellaceae;g__Prevotella;s__Prevotella_stercorea	k__Bacteria;p__Firmicutes;c__Clostridia;o__Clostridiales;f__Lachnospiraceae;g__Dorea;s__Dorea_longicatena	k__Bacteria;p__Firmicutes;c__Clostridia;o__Clostridiales;f__Eubacteriaceae;g__Eubacterium;s__[Eubacterium]_eligens	k__Bacteria;p__Firmicutes;c__Clostridia;o__Clostridiales;f__Ruminococcaceae;g__;s__Ruminococcaceae_bacterium_D16	k__Bacteria;p__Firmicutes;c__Clostridia;o__Clostridiales;f__Lachnospiraceae;g__Coprococcus;s__Coprococcus_comes	k__Bacteria;p__Proteobacteria;c__Gammaproteobacteria;o__Enterobacterales;f__Enterobacteriaceae;g__Escherichia;s__Escherichia_coli	k__Bacteria;p__Firmicutes;c__Clostridia;o__Clostridiales;f__Ruminococcaceae;g__Anaerotruncus;s__Anaerotruncus_colihominis	k__Bacteria;p__Firmicutes;c__Clostridia;o__Clostridiales;f__Lachnospiraceae;g__Blautia;s__Blautia_obeum	k__Bacteria;p__Bacteroidetes;c__Bacteroidia;o__Bacteroidales;f__Odoribacteraceae;g__Odoribacter;s__Odoribacter_laneus	k__Bacteria;p__Firmicutes;c__Clostridia;o__Clostridiales;f__Ruminococcaceae;g__Ruminiclostridium;s__[Clostridium]_leptum	k__Bacteria;p__Bacteroidetes;c__Bacteroidia;o__Bacteroidales;f__Porphyromonadaceae;g__Parabacteroides;s__Parabacteroides_goldsteinii	k__Bacteria;p__Firmicutes;c__Clostridia;o__Clostridiales;f__Lachnospiraceae;g__Anaerostipes;s__Anaerostipes_hadrus	k__Bacteria;p__Firmicutes;c__Clostridia;o__Clostridiales;f__Ruminococcaceae;g__Ruminococcus;s__Ruminococcus_lactaris	k__Bacteria;p__Firmicutes;c__Clostridia;o__Clostridiales;f__Clostridiaceae;g__Clostridium;s__Clostridium_sp._L2-50	k__Bacteria;p__Firmicutes;c__Clostridia;o__Clostridiales;f__Clostridiaceae;g__Clostridium;s__Clostridium_sp._M62/1	k__Bacteria;p__Firmicutes;c__Clostridia;o__Clostridiales;f__;g__Intestinimonas;s__Intestinimonas_butyriciproducens	k__Bacteria;p__Actinobacteria;c__Actinobacteria;o__Bifidobacteriales;f__Bifidobacteriaceae;g__Bifidobacterium;s__Bifidobacterium_bifidum	k__Bacteria;p__Firmicutes;c__Negativicutes;o__Veillonellales;f__Veillonellaceae;g__Dialister;s__Dialister_invisus	k__Bacteria;p__Bacteroidetes;c__Bacteroidia;o__Bacteroidales;f__Bacteroidaceae;g__Bacteroides;s__Bacteroides_salanitronis
k__Bacteria;p__Bacteroidetes;c__Bacteroidia;o__Bacteroidales;f__Bacteroidaceae;g__Bacteroides;s__Bacteroides_vulgatus	1.0	-0.0251840545722	0.0193608102722	0.0168170837117	-0.0366778370833	-0.0206096881917	-0.0413687328356	-0.118239153807	0.0284856637109	0.0204510038034	-0.00883833852009	-0.060567523912	-0.0306376008252	-0.0213255421205	-0.00202422217122	-0.00884167611699	-0.018788837029	0.0940970844233	-0.0395558600073	-0.0340014664122	0.00610077150574	0.0417396076786	-0.011816056514	0.00234208340033	-0.0909901493202	-0.0430622453073	-0.0917191404115	0.00397284639346	0.0263807258055	-0.0284701652085	-0.00342871899009	0.0131984117715	0.0462052806545	-0.0164007697151	-0.0407438024852	0.0842909669429	-0.0708845693801	0.0397932828488	0.0280226448556	-0.0117687629794	-0.00254616005342	0.0212374374712	-0.0358730846101	0.00291825830802	0.0356725400081	0.0127493473648	-0.0822303622673	0.00959666372382	0.0169387873552	0.0235332600179	0.0133881645007	0.00933666876291	-0.0814974205058	-0.00145450245272	0.022342969142	0.00961009282701	-0.051608797053	0.0687389822084	-0.0283129472424
k__Bacteria;p__Bacteroidetes;c__Bacteroidia;o__Bacteroidales;f__Bacteroidaceae;g__Bacteroides;s__Bacteroides_uniformis	-0.0251840545722	1.0	0.0325298393247	-0.0844321724774	0.0559776823304	-0.0403012135357	0.0230925058037	0.0303390725609	-0.0210470944859	-0.0238018614789	-0.0292321835957	-0.0578685956689	-0.0658520090577	-0.103812589341	-0.0204889675925	0.00654551575936	0.0277075205241	0.0125061531437	0.0581515404488	-0.0579314524305	0.0239243118922	0.0585981421139	-0.0285983279112	-0.0433578181314	-0.0172852759176	0.00680841254631	-0.0304025802053	-0.0103406599705	-0.0722497518804	0.0150165161024	-0.020003109346	-0.0487187930543	-0.00490835315979	0.00412635128232	-0.0475780728742	0.0341801165404	-0.0158580500169	0.00497475582075	-0.0225444730734	0.01320104835	-0.0690802533385	0.0307422887968	-0.00593161869779	-0.0141401640208	0.00293079781962	0.0169580081501	-0.0242671366106	0.0119141571139	0.00178912228104	-0.00183935479663	-0.00260964283196	-0.00162394762177	-0.0243699155832	0.00191819323553	-0.0104587277671	0.00530524197092	-0.00594884716186	0.00821823156881	-0.0435265373048
k__Bacteria;p__Bacteroidetes;c__Bacteroidia;o__Bacteroidales;f__Rikenellaceae;g__Alistipes;s__Alistipes_putredinis	0.0193608102722	0.0325298393247	1.0	-0.0688852369777	-0.0109143772789	0.00944920609298	0.0557492410491	0.000336515603858	-0.0187433257175	-0.0436564036882	0.0358151807715	-0.0159871195706	0.0014720757746	-0.0419781045808	0.0107745415781	-0.0264501185972	-0.00387575373949	-0.0339162073811	0.0249340894406	0.0206807522544	-0.000440821898963	0.0220724863375	-0.0680980801222	0.00816375249216	0.0189767992449	0.00173551093097	-0.0192777010356	0.0175196976549	0.0304798057016	0.0121768493178	-0.0173469630084	-0.011749070347	-0.0521615538541	-0.0601186906622	0.0147512493962	0.0329972258617	-0.0429222153855	-0.0313240575257	0.0420696401144	-0.020401835549	-0.0405334687043	0.00989952044129	-0.0346107550532	-0.0361191040406	-0.042663942475	-0.0251332892837	-0.0758930200488	0.02941696907	-0.00398964827762	0.0222351343669	0.0180051382878	0.00420688703295	-0.00411142965395	0.020455061799	0.0436932322702	0.026911862745	-0.0774799352943	0.03346275275	0.0154195474153
k__Bacteria;p__Bacteroidetes;c__Bacteroidia;o__Bacteroidales;f__Prevotellaceae;g__Prevotella;s__Prevotella_copri	0.0168170837117	-0.0844321724774	-0.0688852369777	1.0	-0.0377315934278	0.0389201714109	0.0626527993576	-0.0121740905151	-0.0100406073574	0.018285739527	-0.015059279359	-0.0299148161003	-0.0160811716852	-0.0162463209742	0.012381691186	-0.051593466408	0.0524778474294	-0.0347257854731	-0.0285859004625	0.0457621570819	-0.0623168471953	-0.0646601744261	-0.0218129539888	-0.0644583979002	-0.00967294408948	0.0374425585401	-0.0373690657909	-0.00739792030949	0.0561831630398	0.0749825587446	0.0357644612755	-0.0711275592949	-0.00243551085695	-0.0129052675775	0.0452563076021	-0.0341554561706	-0.0337417779312	-0.0123179906508	-0.0513836837579	-0.0360059858019	-0.0145107899675	-0.0153251835679	-0.0128483152866	0.0259888489463	0.026902374844	-0.0585871619528	-0.0368561384266	0.0209534640829	-0.0401269669531	0.0572478041412	-0.0123076241601	0.00430394219304	-0.0269243564311	-0.034843007296	0.0213696771745	0.00723893162386	-0.0103001507319	0.0408763892105	-0.0778917743863
k__Bacteria;p__Bacteroidetes;c__Bacteroidia;o__Bacteroidales;f__Bacteroidaceae;g__Bacteroides;s__Bacteroides_stercoris	-0.0366778370833	0.0559776823304	-0.0109143772789	-0.0377315934278	1.0	0.00645337339957	-0.0508840459079	-0.0148114687154	-0.0137948466892	-0.0420709501842	-0.0339292488971	0.0504584448236	0.00649607819309	-0.0571766128301	0.0435939967332	0.00193563116293	-0.0663966909753	-0.00735346087927	-0.0234134900061	-0.0366944770643	0.0164154557214	-0.00783256981354	-0.0382704605651	0.0232682201596	0.0238801091492	0.00114162896232	0.00149891069919	-0.0215708177815	-0.00283935119231	-0.00308879265351	0.0911261424057	-0.0222910345495	-0.0272935353437	0.0247912644321	-0.035354352263	-0.0517245984302	0.0326196095803	-0.00267514787496	0.00538719871062	-0.0785872471164	-0.0473069318734	0.0172516912306	-0.0432808135149	-0.101128643917	-0.0132566732915	-0.02511778169	-0.000635266065031	-0.0448558963921	-0.0722019534375	0.0406144357497	0.0142754704297	-0.0183696441945	0.0660816112551	0.027428177984	0.015957920948	-0.0830943166522	-0.00207878233247	0.0909215922872	-0.0553303823135
k__Bacteria;p__Bacteroidetes;c__Bacteroidia;o__Bacteroidales;f__Bacteroidaceae;g__Bacteroides;s__Bacteroides_ovatus	-0.0206096881917	-0.0403012135357	0.00944920609298	0.0389201714109	0.00645337339957	1.0	0.00518725154045	-0.0628855870038	0.0097156222039	-0.0342128181237	-0.0239836898256	-0.00928370572558	0.0384648948194	0.0413432273579	0.0140065519168	-0.0448441560086	-0.0188396801137	-0.0632463301585	0.0527240048648	-0.0191980257966	-0.0231455542995	0.0339436656701	-0.0138507243276	-0.0555665214288	-0.000366894536228	-0.0682012617918	-0.0250318058277	0.012175401022	0.0499895229159	-0.00331355845903	-0.00790655541102	0.101013985714	-0.0166178161795	-0.00454207439844	-0.0101436243551	0.0103201643054	-0.0357685017149	-0.0272509246639	-0.110571959103	-0.0478732137275	0.0217848586309	0.0334687986466	0.0393599622284	0.0290616351197	0.00237440770693	0.00585961626051	-0.0423876133564	-0.044563880146	-0.00167553049214	-0.0155480482408	-0.0326003416364	0.0592887644722	0.00600425893644	0.000309155931891	0.0189328979161	0.00935930020638	-0.0123713745249	0.0268541451378	0.00280322684271
k__Bacteria;p__Bacteroidetes;c__Bacteroidia;o__Bacteroidales;f__Rikenellaceae;g__Alistipes;s__Alistipes_shahii	-0.0413687328356	0.0230925058037	0.0557492410491	0.0626527993576	-0.0508840459079	0.00518725154045	1.0	0.00958686794442	-0.0298537751122	-0.00474935049293	0.0376084806589	0.0804144595274	0.0113702799029	-0.00861005838679	-0.0347434151055	-0.00911703568597	0.0249389988564	-0.0238612365812	0.00805264021793	0.0260270466814	-0.0140676425797	-0.0484751315079	-0.0316050207868	0.00729654066281	0.00557435833515	-0.115694152124	0.0248946109365	-0.0759375129593	-0.0708501365458	-0.0122795634946	0.0477515890115	-0.0271921630112	-0.0414438605696	0.0276815737234	0.0166965495744	-0.0467768915418	0.0154574415607	-0.0649566533476	-0.043038555524	-0.00950669423336	0.0263565900546	0.00151538596958	0.0306414997419	0.0232532804914	0.0356516740643	-0.0539768967961	-0.039484992244	-0.0200382782029	0.0207029504137	-0.0186629426282	0.0163352005206	-0.00823976963941	-0.0590640244015	0.010407602464	-0.0692311675335	-0.00209185441192	-0.0627918538907	-0.00199237998831	-0.0211537657664
k__Bacteria;p__Firmicutes;c__Clostridia;o__Clostridiales;f__Ruminococcaceae;g__Faecalibacterium;s__Faecalibacterium_prausnitzii	-0.118239153807	0.0303390725609	0.000336515603858	-0.0121740905151	-0.0148114687154	-0.0628855870038	0.00958686794442	1.0	0.0180198965205	0.00730079037016	0.0133693292605	0.0277077997779	0.0123731642255	0.0179809131366	-0.016625203152	-0.0419373307614	-0.0321800535395	-0.0441452462802	-0.0117144038344	-0.0240522133265	-0.0163136594511	0.0229339882228	0.0050902321841	0.0270425347456	0.0659964521839	0.0356410774242	-0.0115481291763	-0.00450069277103	-0.0228850873191	0.0375777618377	0.0184547251852	-0.0104055256322	-0.0417124547352	0.057017320268	-0.0104121239208	-0.0228210975664	-0.0692959022319	-0.0262300450879	0.0600952871851	-0.00796681654116	0.0409630184951	-0.00165473116513	-0.00585297861213	-0.00893281920268	-0.0288744555917	0.00425450452735	0.0184803192048	-0.0163465472568	-0.0576570758286	-0.0299330414764	-0.00432660930597	-0.0201501414441	0.059961836978	-0.00760437517294	-0.0202877183929	-0.0542588644433	0.0294966671159	-0.0351576795109	0.00245543638602
k__Bacteria;p__Bacteroidetes;c__Bacteroidia;o__Bacteroidales;f__Rikenellaceae;g__Alistipes;s__Alistipes_finegoldii	0.0284856637109	-0.0210470944859	-0.0187433257175	-0.0100406073574	-0.0137948466892	0.0097156222039	-0.0298537751122	0.0180198965205	1.0	-0.028964396928	-0.0624372078262	0.0224456782331	-0.0175777727251	0.00204487467614	-0.033263350964	-0.046204426706	0.0291052562083	-0.0119284956562	-0.00607801976866	0.0323923514684	-0.040504529644	-0.028207094587	-0.0220181368897	0.00436986254626	-0.012138305772	-0.0145809146468	0.0459561695073	-0.0271542526685	0.0315986910333	0.0578330900961	-0.054296628831	-0.0436786921763	-0.053254477067	0.0688496723912	-0.0317815044224	-0.0341326101269	-0.00981443484221	-0.0274411564265	-0.028339065981	-0.026480459022	0.0429093835857	0.0348574876831	-0.0733843136445	0.00399984998928	-0.0159487110593	-0.0318539070678	-0.0264219780663	0.00718091294912	-0.0764568539837	0.0383898518752	-0.0345088770424	0.00249145691919	0.024535964192	0.0311854220246	0.0133555662118	-0.0224638312287	0.0192532378719	0.0389937731518	-0.00238428610857
k__Bacteria;p__Bacteroidetes;c__Bacteroidia;o__Bacteroidales;f__Porphyromonadaceae;g__Parabacteroides;s__Parabacteroides_distasonis	0.0204510038034	-0.0238018614789	-0.0436564036882	0.018285739527	-0.0420709501842	-0.0342128181237	-0.00474935049293	0.00730079037016	-0.028964396928	1.0	-0.00489655113561	-0.0627685452723	0.000350439241475	0.0415786944929	0.0430053405593	-0.0259056835173	-0.0257493587907	-0.0965093910702	0.0131763669878	0.0374661544387	-0.0486736476849	0.0206078770043	-0.00144719261342	-0.0307428244939	0.0453896234027	0.0258711435811	-0.0701773438416	0.0275290907204	0.0102200465163	-0.00860242359179	-0.0482158596674	-0.00998908809144	0.00580516429917	-0.0201369782626	-0.0288356698875	0.0580216324109	-0.000272466817988	0.00759254746889	0.0220393123834	0.0263561419963	0.0218884460168	-0.0621097488473	-0.0346104142294	0.0530753580219	-0.00595208923487	0.0448160603415	-0.0069277987113	0.0410336306637	-0.0287046349944	-0.044074428845	0.0407199752479	0.0178402676256	0.0195292510459	-0.0187833716003	-0.0126935016815	0.00382010614817	-0.0229690615512	0.00349098864029	-0.00793351792939
k__Bacteria;p__Bacteroidetes;c__Bacteroidia;o__Bacteroidales;f__Bacteroidaceae;g__Bacteroides;s__Bacteroides_thetaiotaomicron	-0.00883833852009	-0.0292321835957	0.0358151807715	-0.015059279359	-0.0339292488971	-0.0239836898256	0.0376084806589	0.0133693292605	-0.0624372078262	-0.00489655113561	1.0	-0.0460614352346	-0.0346828922682	-0.011092231245	0.0306664628385	-0.0379692447568	-0.0463665438868	-0.0422466536448	0.0464428672418	-0.00803829106798	-0.0387611808756	0.0151930576695	-0.0251602386195	-0.00371053816103	-0.00570414415998	-0.0270216694091	0.013021659531	0.0125600758944	0.0751989707082	0.0163826013969	0.0352749069049	-0.0386881176533	-0.102941200863	0.0146818487717	0.0419800679123	-0.0110202507575	-0.0814239755097	-0.0643821618494	0.0219221352308	-0.00580334877514	-0.0124426651066	0.012649294677	0.0443949182186	0.0335621716919	0.0112211183259	-0.0276294195417	0.00513723400415	-0.0319514635089	-0.0208854818979	-0.0898023973616	0.0162670527456	0.0194715144846	0.0315500147286	0.0163630958293	-0.0885613913793	0.0469404780473	0.0166706400288	-0.0616493601572	0.025862479814
k__Bacteria;p__Bacteroidetes;c__Bacteroidia;o__Bacteroidales;f__Bacteroidaceae;g__Bacteroides;s__Bacteroides_coprocola	-0.060567523912	-0.0578685956689	-0.0159871195706	-0.0299148161003	0.0504584448236	-0.00928370572558	0.0804144595274	0.0277077997779	0.0224456782331	-0.0627685452723	-0.0460614352346	1.0	-0.0672606842753	-0.0230801280705	0.0315694854847	0.0500393418596	-0.0821236589535	0.0298059663188	-0.0203823447662	0.0111686650088	0.0151884891027	-0.0367488229334	0.0253138622146	-0.0364723452375	-0.0388499884682	-0.105229929442	0.0297261444608	0.0661994266769	-0.0168799356248	-0.0709972329901	-0.0233869436995	-0.0168291748779	0.0296057618692	-0.0380323943565	0.0291470109816	0.0260249368393	-0.00978828220129	-0.0171713239358	-0.0267554227033	-0.0140738900626	0.0241976378707	0.0241641599283	0.00492393990881	-0.0560718115194	-0.0241724109982	-0.0474938807783	-0.0473541678463	0.0222175688632	0.114081225541	0.0134133421931	0.0303271179723	-0.00521471737427	-0.00820780843638	-0.0456508145262	0.0246796889652	-0.0242460103684	0.0178170497261	-0.0261029030152	-0.00644785858692
k__Bacteria;p__Bacteroidetes;c__Bacteroidia;o__Bacteroidales;f__Bacteroidaceae;g__Bacteroides;s__Bacteroides_cellulosilyticus	-0.0306376008252	-0.0658520090577	0.0014720757746	-0.0160811716852	0.00649607819309	0.0384648948194	0.0113702799029	0.0123731642255	-0.0175777727251	0.000350439241475	-0.0346828922682	-0.0672606842753	1.0	-0.0344553330543	0.00484841193706	-0.0167810384656	-0.00579282394373	-0.0122173592446	0.0418921108029	0.0943215702777	-0.0483700977723	0.030881045311	-0.0115866168086	-0.00306294933553	-0.0177891228836	0.0074708320379	0.0185306652513	-0.0284900322376	-0.00606138010579	-0.0832967577614	-0.0193953121872	0.0897141706604	0.00238507631687	-0.0339671359207	0.0175455078232	-0.0746975377598	-0.0132636098915	0.0044084483097	-0.00059708877055	-0.0217199078897	0.0186364490396	-0.00744505230783	0.0399418171102	-0.0136723275071	0.0159475271532	-0.0131675911506	-0.0222979689499	-0.0130217559261	-0.0104101942126	-0.0544131883315	-0.0652222761006	0.00766219691273	-0.0614567922184	0.0573170101065	0.0183125781839	-0.00304584162611	-0.0257269832866	-0.00222105983535	0.0388899294574
k__Bacteria;p__Bacteroidetes;c__Bacteroidia;o__Bacteroidales;f__Rikenellaceae;g__Alistipes;s__Alistipes_obesi	-0.0213255421205	-0.103812589341	-0.0419781045808	-0.0162463209742	-0.0571766128301	0.0413432273579	-0.00861005838679	0.0179809131366	0.00204487467614	0.0415786944929	-0.011092231245	-0.0230801280705	-0.0344553330543	1.0	0.048732268761	0.0492909763333	-0.0556688989874	-0.0226208535998	0.0339924188356	-0.0223335681972	0.0744813309948	-0.0363777462508	0.0595305810751	0.0382357205554	-0.0586172659864	0.0192111010917	-0.0680642656237	0.0676087248172	-0.0221485333665	-0.00636339844558	-0.0105136890876	-0.0915771075254	-0.0115557884955	-0.032862964554	0.0363299150165	0.0281651639031	-0.0330402510834	-0.00803008859129	-0.0478682963978	-0.0327256397113	-0.0396638677346	0.0181616998174	-0.00620392703957	0.0193148879475	0.00124315666713	0.0206215605192	-0.0797708370309	-0.00158779425389	0.00632557687895	-0.052593339256	0.0197055577457	-0.0509339451765	-0.0426433669183	0.0157846658558	-0.0595780021433	-0.0629146776505	-0.0046708771183	0.0392073218198	0.00713481829939
k__Bacteria;p__Firmicutes;c__Clostridia;o__Clostridiales;f__Lachnospiraceae;g__;s__[Eubacterium]_rectale	-0.00202422217122	-0.0204889675925	0.0107745415781	0.012381691186	0.0435939967332	0.0140065519168	-0.0347434151055	-0.016625203152	-0.033263350964	0.0430053405593	0.0306664628385	0.0315694854847	0.00484841193706	0.048732268761	1.0	0.013131040838	-0.0309961980279	-0.0239219135054	0.00208631621105	-0.014297080226	-0.00444325764204	-0.0639130653726	-0.0102871647745	0.0117616994345	-0.0305343541954	0.0569983084372	-0.032314515315	0.0140004817923	-0.0285574285304	-0.0785307303891	-0.00171710419482	-0.0104536501498	0.0220387257996	-0.00332126495354	0.028949487984	-0.0442377093185	0.0315514947318	0.0470557617357	-0.0149487544504	0.0262692284163	-0.0214124034786	0.0180096761484	0.0408299313624	0.00910862717927	-0.0596666638345	0.0405577114085	-0.0391571117047	-0.0179855906298	0.00332289860135	0.0389864812862	-0.0329714669412	-0.0647055148802	-0.000589475541195	0.0278005398132	-0.0728530439162	-0.025577677802	-0.0525373029738	0.0068032060783	-0.018509861892
k__Bacteria;p__Bacteroidetes;c__Bacteroidia;o__Bacteroidales;f__Bacteroidaceae;g__Bacteroides;s__Bacteroides_plebeius	-0.00884167611699	0.00654551575936	-0.0264501185972	-0.051593466408	0.00193563116293	-0.0448441560086	-0.00911703568597	-0.0419373307614	-0.046204426706	-0.0259056835173	-0.0379692447568	0.0500393418596	-0.0167810384656	0.0492909763333	0.013131040838	1.0	0.0223967613694	0.012415946445	0.0209705817946	-0.0220131169573	0.00371098401263	0.052271427173	-0.0316866300503	0.0295048453516	-0.0289129020164	-0.00676700670266	-0.0303873508792	-0.0197795954021	0.114156717262	-0.00466015033449	-0.0102336561937	-0.0240019565921	0.0416002503614	0.0266660169187	-0.0206643080626	0.000508439681076	-0.111213323745	-0.00564529049014	0.0385447979837	-0.00723033702677	-0.0147912256571	0.0510966332925	-0.0157180209743	-0.0231587546113	-0.0236644500296	0.00769426464888	0.00491775723048	-0.0547560518799	0.0216686075653	-0.0164886485165	0.0086938902038	0.00695090932512	-0.0467699476209	0.0507385257388	0.0149005547405	-0.0169771792435	-0.0192734675318	-0.0206377731348	-0.0284823385812
k__Bacteria;p__Bacteroidetes;c__Bacteroidia;o__Bacteroidales;f__Bacteroidaceae;g__Bacteroides;s__Bacteroides_fragilis	-0.018788837029	0.0277075205241	-0.00387575373949	0.0524778474294	-0.0663966909753	-0.0188396801137	0.0249389988564	-0.0321800535395	0.0291052562083	-0.0257493587907	-0.0463665438868	-0.0821236589535	-0.00579282394373	-0.0556688989874	-0.0309961980279	0.0223967613694	1.0	-0.0258698102162	0.0481835499737	0.0304317250322	-0.0352192155852	0.024204233734	-0.0111860789776	0.0364306860546	0.0684186531752	-0.0152062296425	-0.026382305117	-0.0159445395304	-0.0224240828055	0.031178515192	0.0321623938142	-0.0211110061786	-0.0215460595898	7.46318644828e-05	0.0594537792659	-0.00922543009461	0.063745465926	-0.0162930557701	0.0103666076473	-0.0589672136412	0.022233025456	-0.0551508764224	-0.0259017602042	-0.042298861259	0.0145681133853	-0.013717975731	-0.0248662989771	-0.0213987956287	0.00517957883348	0.0365907035933	0.0730218065737	-0.0104946668401	-0.00316529789089	-0.0102287789227	-0.0415357100529	-0.0120324830863	0.015592379892	-0.0401554867727	0.0587287875411
k__Bacteria;p__Proteobacteria;c__Betaproteobacteria;o__Burkholderiales;f__Sutterellaceae;g__Sutterella;s__Sutterella_wadsworthensis	0.0940970844233	0.0125061531437	-0.0339162073811	-0.0347257854731	-0.00735346087927	-0.0632463301585	-0.0238612365812	-0.0441452462802	-0.0119284956562	-0.0965093910702	-0.0422466536448	0.0298059663188	-0.0122173592446	-0.0226208535998	-0.0239219135054	0.012415946445	-0.0258698102162	1.0	-0.0859622239827	-0.0429191345279	-0.0156885038222	-0.0252170746966	-0.00147973346627	-0.0359791706677	-0.0388671987879	-0.00864916754462	0.0176026886492	-0.00570821633394	-0.0430816485016	0.0193696902503	0.0227314015628	0.0112981148434	0.00666814535287	-0.00956950009722	0.0515424721986	-0.0275667091656	-0.0127883439224	0.0451432503558	-0.0588504357818	0.0148623648464	-0.00685438619669	0.0719872748789	-0.0492752543044	-0.0539972752332	-0.0404567480631	-0.0159946967237	0.0685929304795	-0.0707222908264	-0.0313390480345	-0.0149289030238	0.065676750752	0.0422180873363	-0.0623119715582	0.0236889518397	-0.0773438762188	-0.00391888077045	0.00427137679288	0.0193650257754	-0.0113906846601
k__Bacteria;p__Bacteroidetes;c__Bacteroidia;o__Bacteroidales;f__Porphyromonadaceae;g__Barnesiella;s__Barnesiella_intestinihominis	-0.0395558600073	0.0581515404488	0.0249340894406	-0.0285859004625	-0.0234134900061	0.0527240048648	0.00805264021793	-0.0117144038344	-0.00607801976866	0.0131763669878	0.0464428672418	-0.0203823447662	0.0418921108029	0.0339924188356	0.00208631621105	0.0209705817946	0.0481835499737	-0.0859622239827	1.0	0.0141699083026	-0.0255249162575	4.50427401864e-05	-0.0198716711042	-0.111610740545	-0.059917025036	-0.0123063386198	0.0305199076243	0.00144015325105	0.0446405428696	0.0249708746608	0.00320318329075	0.0400972328122	0.0239150336952	-0.0448545384154	0.0297578688804	0.0337047077447	-0.0108701823503	0.0225753259011	-0.0475429832319	0.0435500112438	-0.033432074669	0.0160070461761	-0.0253901991348	0.0241596577434	-0.00786406711672	0.00725720229679	-0.00631839700941	-0.0127668764269	-0.0148175846423	0.00824733607955	0.063248559294	-0.0520375546403	0.0410091836112	-0.0422120790219	0.0477610956801	-0.0883041046202	-0.0528178158269	-0.0314139789769	0.101377036923
k__Bacteria;p__Bacteroidetes;c__Bacteroidia;o__Bacteroidales;f__Odoribacteraceae;g__Odoribacter;s__Odoribacter_splanchnicus	-0.0340014664122	-0.0579314524305	0.0206807522544	0.0457621570819	-0.0366944770643	-0.0191980257966	0.0260270466814	-0.0240522133265	0.0323923514684	0.0374661544387	-0.00803829106798	0.0111686650088	0.0943215702777	-0.0223335681972	-0.014297080226	-0.0220131169573	0.0304317250322	-0.0429191345279	0.0141699083026	1.0	-0.0387085428707	-0.0394968152058	-0.0378469858751	0.0526970721402	-0.0468894363301	-0.0576950093016	-0.0168744263455	-0.0386936118581	0.0298610350974	-0.0064799206433	0.0372053045484	-0.00519814911024	-0.0325624164496	-0.00443790097062	-0.0643488619408	-0.0344869340007	0.0380856799683	-0.0033479534539	-0.00993396016981	-0.0192231535407	-0.00969608185696	-0.0168537192043	-0.0518052244429	-0.00617254185622	0.035027962383	0.0148017939951	-0.0148849532329	0.00561506373229	-0.0287415201176	-0.00490553178994	-0.0467365851501	-0.0376316106481	0.00337443114281	0.0559670366112	0.0153096086909	-0.025819138905	-0.046259843668	-0.0680327592293	0.0361373321312
k__Bacteria;p__Bacteroidetes;c__Bacteroidia;o__Bacteroidales;f__Bacteroidaceae;g__Bacteroides;s__Bacteroides_salyersiae	0.00610077150574	0.0239243118922	-0.000440821898963	-0.0623168471953	0.0164154557214	-0.0231455542995	-0.0140676425797	-0.0163136594511	-0.040504529644	-0.0486736476849	-0.0387611808756	0.0151884891027	-0.0483700977723	0.0744813309948	-0.00444325764204	0.00371098401263	-0.0352192155852	-0.0156885038222	-0.0255249162575	-0.0387085428707	1.0	0.00652041312066	0.0831731268296	0.0182151535746	0.0161424711772	-0.0402251895135	-0.0499353377758	0.0133337531146	-0.00329809351922	0.0748342341626	-0.0684832073936	0.0263608152608	0.00913322587321	-0.00939780146896	-0.00501751899821	-0.029722326993	0.0290415845595	0.00856421885529	0.0202634934664	0.0511111354566	-0.0116394300743	0.00932741643029	-0.0240533819076	0.0379988022892	-0.0324815709469	-0.0968820969048	0.048859167055	-0.0218126443979	-0.0197152703116	0.00161626129178	-0.0532955154993	-0.0523382587994	-0.00401419367882	-0.0258834438915	-0.00345148895024	0.00285126922639	-0.000682454086335	-0.0628007503061	0.00655724677434
k__Bacteria;p__Firmicutes;c__Clostridia;o__Clostridiales;f__Ruminococcaceae;g__Ruminiclostridium;s__[Eubacterium]_siraeum	0.0417396076786	0.0585981421139	0.0220724863375	-0.0646601744261	-0.00783256981354	0.0339436656701	-0.0484751315079	0.0229339882228	-0.028207094587	0.0206078770043	0.0151930576695	-0.0367488229334	0.030881045311	-0.0363777462508	-0.0639130653726	0.052271427173	0.024204233734	-0.0252170746966	4.50427401863e-05	-0.0394968152058	0.00652041312066	1.0	-0.0676013879363	0.0259077497832	-0.0357445257112	0.0101263953808	-0.0348550686312	-0.0434574886274	0.0129753096971	0.0263367882086	0.0200338426584	-0.0120099615735	0.0482100685876	-0.00793034797126	0.0197385607908	-0.0208157740727	0.00336593764724	-0.048339304254	0.0227565542738	-0.0495514611437	-0.0205673035865	0.0447742553896	0.0573462593128	0.015803796805	-0.0321938621686	-0.0257815904758	-0.067868880242	-0.0917128698971	0.00706791608792	-0.0110311077426	-0.0395967549019	-0.0110236942508	0.0442763581284	-0.0306409411594	-0.0276555237509	-0.0514969524746	0.0461274929106	0.0692770359747	0.0247060491143
k__Bacteria;p__Proteobacteria;c__Betaproteobacteria;o__Burkholderiales;f__Sutterellaceae;g__Parasutterella;s__Parasutterella_excrementihominis	-0.011816056514	-0.0285983279112	-0.0680980801222	-0.0218129539888	-0.0382704605651	-0.0138507243276	-0.0316050207868	0.0050902321841	-0.0220181368897	-0.00144719261342	-0.0251602386195	0.0253138622146	-0.0115866168086	0.0595305810751	-0.0102871647745	-0.0316866300503	-0.0111860789776	-0.00147973346627	-0.0198716711042	-0.0378469858751	0.0831731268296	-0.0676013879363	1.0	-0.0167306120928	-0.00157980657098	0.00543618217685	0.0318774846271	0.0374262618992	0.00916050511343	-0.0657498536811	-0.0540215589871	-0.00338947588116	0.00643261118953	-0.0167610551873	-0.016559350047	-0.00801007264	0.0448772844871	0.0465178386428	-0.0182334347007	0.0199921341572	-0.0910986193279	0.0159199616919	-0.0196067292794	-0.0215830170657	0.0126103881883	-0.0424719231237	-0.00666433676358	0.0331513691911	-0.0290407700329	0.0350549980626	-0.014929167041	0.0386469483704	-0.0801082642715	0.02955604895	-0.00472105130094	-0.0323772935449	0.0149130920278	-0.045011687025	-0.0117395440438
k__Bacteria;p__Actinobacteria;c__Actinobacteria;o__Bifidobacteriales;f__Bifidobacteriaceae;g__Bifidobacterium;s__Bifidobacterium_adolescentis	0.00234208340033	-0.0433578181314	0.00816375249216	-0.0644583979002	0.0232682201596	-0.0555665214288	0.00729654066281	0.0270425347456	0.00436986254626	-0.0307428244939	-0.00371053816103	-0.0364723452375	-0.00306294933553	0.0382357205554	0.0117616994345	0.0295048453516	0.0364306860546	-0.0359791706677	-0.111610740545	0.0526970721402	0.0182151535746	0.0259077497832	-0.0167306120928	1.0	-0.0448388784048	-0.0233103753554	-0.00806091430462	-0.0686598187447	0.0549046034168	0.0221833267873	-0.011410252973	-0.00948801249542	0.00186452428937	-0.0648570025821	0.00850761033062	-0.0301274668803	-0.0553798206932	0.00661064403308	-0.00929833802779	0.00380314997441	0.0172968337531	0.0204599763729	-0.0308891623696	0.00450515423697	-0.0148984717428	-0.0913378576134	0.0151007505675	0.044249924474	-0.00563587733856	-0.0980021818474	0.0685012740047	-0.00667903515441	-0.0178976117121	-0.00897253730735	0.0286667204823	-0.0585866730089	-0.00632081962748	0.00398807064023	0.0433006291889
k__Bacteria;p__Firmicutes;c__Clostridia;o__Clostridiales;f__Oscillospiraceae;g__Oscillibacter;s__Oscillibacter_sp._KLE_1745	-0.0909901493202	-0.0172852759176	0.0189767992449	-0.00967294408948	0.0238801091492	-0.000366894536228	0.00557435833515	0.0659964521839	-0.012138305772	0.0453896234027	-0.00570414415998	-0.0388499884682	-0.0177891228836	-0.0586172659864	-0.0305343541954	-0.0289129020164	0.0684186531752	-0.0388671987879	-0.059917025036	-0.0468894363301	0.0161424711772	-0.0357445257112	-0.00157980657098	-0.0448388784048	1.0	0.035549464163	0.0346113955668	0.0245243608247	0.0468747073632	-0.03576675963	0.00408025547442	0.00141552932959	-0.0568807389966	-0.0325921984486	0.0424989160478	-0.0297956743345	-0.00725635138923	-0.0363272143133	-0.0186128017482	-0.0354314284811	0.0349218907433	-0.0431286527684	0.0194391702792	0.0353515333605	-0.069035872021	0.00232689073762	-0.0299998079347	0.0332004636474	-0.00434246371632	-0.0141998315167	-0.00599485278523	0.0195797476257	0.0130869942807	0.0218583388526	0.0152565507091	0.0389365217133	0.0146481888047	0.0409274810479	0.0225915783173
k__Bacteria;p__Bacteroidetes;c__Bacteroidia;o__Bacteroidales;f__Bacteroidaceae;g__Bacteroides;s__Bacteroides_coprophilus	-0.0430622453073	0.00680841254631	0.00173551093097	0.0374425585401	0.00114162896232	-0.0682012617918	-0.115694152124	0.0356410774242	-0.0145809146468	0.0258711435811	-0.0270216694091	-0.105229929442	0.0074708320379	0.0192111010917	0.0569983084372	-0.00676700670266	-0.0152062296425	-0.00864916754462	-0.0123063386198	-0.0576950093016	-0.0402251895135	0.0101263953808	0.00543618217685	-0.0233103753554	0.035549464163	1.0	0.0291130316126	0.00626507825455	0.0238239211245	-0.020396861629	-0.0150241171094	-0.0341205337915	0.0242392489094	0.00688806078432	-0.0372929970285	-0.00937722502457	-0.0740129662346	-0.0219880107953	0.00212252717617	0.0272462435905	-0.0543559242987	0.0222474936637	0.0203737991076	-0.000827361984503	-0.0563999070424	-0.0426506465552	-0.0330274520373	-0.0499116730124	-0.0109750169757	-0.0955396887184	-0.0552131677906	0.0030803916824	0.0475010725563	0.0336663219387	0.019481215551	-0.021190257058	-0.0329104420961	-0.052001650569	0.00754451039971
k__Bacteria;p__Firmicutes;c__Clostridia;o__Clostridiales;f__Lachnospiraceae;g__Roseburia;s__Roseburia_intestinalis	-0.0917191404115	-0.0304025802053	-0.0192777010356	-0.0373690657909	0.00149891069919	-0.0250318058277	0.0248946109365	-0.0115481291763	0.0459561695073	-0.0701773438416	0.013021659531	0.0297261444608	0.0185306652513	-0.0680642656237	-0.032314515315	-0.0303873508792	-0.026382305117	0.0176026886492	0.0305199076243	-0.0168744263455	-0.0499353377758	-0.0348550686312	0.0318774846271	-0.00806091430462	0.0346113955668	0.0291130316126	1.0	0.00386706288744	-0.0453706886182	0.0166663316895	0.0388494515754	-0.00384504962847	-0.0771898427398	0.00930389752524	0.0383025263213	0.00871188006488	-0.0517654182377	-0.0138729039389	0.00288791975081	0.00518356928362	0.0460301585934	-0.0385900326132	-0.0197793473357	-0.0708357684132	-0.00416778750676	-0.0436382606443	0.00487025747942	-0.0191735744254	0.071214447686	-0.0405799578399	-0.0474716875159	0.037990238072	-0.0165127085745	-0.0194596531141	0.0955571306255	-0.0325046887058	-0.0283396608008	0.00728314620172	0.0110091424229
k__Bacteria;p__Firmicutes;c__Clostridia;o__Clostridiales;f__Lachnospiraceae;g__Roseburia;s__Roseburia_hominis	0.00397284639346	-0.0103406599705	0.0175196976549	-0.00739792030949	-0.0215708177815	0.012175401022	-0.0759375129593	-0.00450069277103	-0.0271542526685	0.0275290907204	0.0125600758944	0.0661994266769	-0.0284900322376	0.0676087248172	0.0140004817923	-0.0197795954021	-0.0159445395304	-0.00570821633394	0.00144015325105	-0.0386936118581	0.0133337531146	-0.0434574886274	0.0374262618992	-0.0686598187447	0.0245243608247	0.00626507825455	0.00386706288744	1.0	0.0102019381761	-0.0346876484851	0.0163353285745	-0.0178340944217	0.015800912893	-0.0475478260732	-0.00842302465014	0.00153702685526	-0.0433466763571	0.0153336243738	-0.00771094710522	-0.0311912543844	0.00829535057422	-0.0381330531892	-0.00399454845673	-0.0497057335434	0.0185956711767	-0.0815991985054	-0.0135425754627	-0.0555712273181	0.0154558836776	-0.035515494613	-0.0101267305785	-0.00820494780237	-0.0409468462429	-0.0233835430212	0.0339325022257	0.0458830024525	-0.0332090990828	-0.010369036033	0.00150733496077
k__Bacteria;p__Bacteroidetes;c__Bacteroidia;o__Bacteroidales;f__Porphyromonadaceae;g__Parabacteroides;s__Parabacteroides_johnsonii	0.0263807258055	-0.0722497518804	0.0304798057016	0.0561831630398	-0.00283935119231	0.0499895229159	-0.0708501365458	-0.0228850873191	0.0315986910333	0.0102200465163	0.0751989707082	-0.0168799356248	-0.00606138010579	-0.0221485333665	-0.0285574285304	0.114156717262	-0.0224240828055	-0.0430816485016	0.0446405428696	0.0298610350974	-0.00329809351922	0.0129753096971	0.00916050511343	0.0549046034168	0.0468747073632	0.0238239211245	-0.0453706886182	0.0102019381761	1.0	0.0610584666916	-0.0275973517705	-0.0258343312276	0.0153609446962	0.0330866206346	-0.00640211538373	-0.0449857445471	-0.0568961710224	0.0378414778456	-0.0111121953265	0.0246584308884	-0.0491997459988	-0.0457474539155	0.0388886432623	0.0241606035925	-0.0190204736289	-0.0272092355941	-0.0036111287746	-0.0133071815843	0.00233596169538	-0.0102292037385	-0.00208547385528	-0.0424522492006	0.053460012237	0.0670752980922	0.0472859523627	-0.0346830143935	-0.0216064664301	-0.041295893804	-0.0196678193435
k__Bacteria;p__Actinobacteria;c__Actinobacteria;o__Bifidobacteriales;f__Bifidobacteriaceae;g__Bifidobacterium;s__Bifidobacterium_longum	-0.0284701652085	0.0150165161024	0.0121768493178	0.0749825587446	-0.00308879265351	-0.00331355845903	-0.0122795634946	0.0375777618377	0.0578330900961	-0.00860242359179	0.0163826013969	-0.0709972329901	-0.0832967577614	-0.00636339844558	-0.0785307303891	-0.00466015033449	0.031178515192	0.0193696902503	0.0249708746608	-0.0064799206433	0.0748342341626	0.0263367882086	-0.0657498536811	0.0221833267873	-0.03576675963	-0.020396861629	0.0166663316895	-0.0346876484851	0.0610584666916	1.0	-0.0461812786849	-0.0671558012926	0.0287915879763	-0.0148069154807	-0.0238059044849	-0.0229475264429	0.0157279944995	-0.0282087836762	-0.0550151638439	-0.0265253532453	0.00891386906563	-0.0541985422256	-0.0261542892616	0.0200657571567	-0.00811645741339	0.0188779975276	-0.0221331375329	-0.0329901980389	-0.0128762053314	0.046973436019	0.0246907745606	-0.0146567795868	-0.0113490109955	0.0106228547404	0.00731064985673	0.00853532201945	-0.00549481001492	0.0233199454922	-0.0530533184028
