#taxonomy	k__Bacteria;p__Bacteroidetes;c__Bacteroidia;o__Bacteroidales;f__Bacteroidaceae;g__Bacteroides;s__Bacteroides_vulgatus	k__Bacteria;p__Bacteroidetes;c__Bacteroidia;o__Bacteroidales;f__Bacteroidaceae;g__Bacteroides;s__Bacteroides_uniformis	k__Bacteria;p__Bacteroidetes;c__Bacteroidia;o__Bacteroidales;f__Rikenellaceae;g__Alistipes;s__Alistipes_putredinis	k__Bacteria;p__Bacteroidetes;c__Bacteroidia;o__Bacteroidales;f__Prevotellaceae;g__Prevotella;s__Prevotella_copri	k__Bacteria;p__Bacteroidetes;c__Bacteroidia;o__Bacteroidales;f__Bacteroidaceae;g__Bacteroides;s__Bacteroides_stercoris	k__Bacteria;p__Bacteroidetes;c__Bacteroidia;o__Bacteroidales;f__Bacteroidaceae;g__Bacteroides;s__Bacteroides_ovatus	k__Bacteria;p__Bacteroidetes;c__Bacteroidia;o__Bacteroidales;f__Rikenellaceae;g__Alistipes;s__Alistipes_shahii	k__Bacteria;p__Firmicutes;c__Clostridia;o__Clostridiales;f__Ruminococcaceae;g__Faecalibacterium;s__Faecalibacterium_prausnitzii	k__Bacteria;p__Bacteroidetes;c__Bacteroidia;o__Bacteroidales;f__Rikenellaceae;g__Alistipes;s__Alistipes_finegoldii	k__Bacteria;p__Bacteroidetes;c__Bacteroidia;o__Bacteroidales;f__Porphyromonadaceae;g__Parabacteroides;s__Parabacteroides_distasonis	k__Bacteria;p__Bacteroidetes;c__Bacteroidia;o__Bacteroidales;f__Bacteroidaceae;g__Bacteroides;s__Bacteroides_thetaiotaomicron	k__Bacteria;p__Bacteroidetes;c__Bacteroidia;o__Bacteroidales;f__Bacteroidaceae;g__Bacteroides;s__Bacteroides_coprocola	k__Bacteria;p__Bacteroidetes;c__Bacteroidia;o__Bacteroidales;f__Bacteroidaceae;g__Bacteroides;s__Bacteroides_cellulosilyticus	k__Bacteria;p__Bacteroidetes;c__Bacteroidia;o__Bacteroidales;f__Rikenellaceae;g__Alistipes;s__Alistipes_obesi	k__Bacteria;p__Firmicutes;c__Clostridia;o__Clostridiales;f__Lachnospiraceae;g__;s__[Eubacterium]_rectale	k__Bacteria;p__Bacteroidetes;c__Bacteroidia;o__Bacteroidales;f__Bacteroidaceae;g__Bacteroides;s__Bacteroides_plebeius	k__Bacteria;p__Bacteroidetes;c__Bacteroidia;o__Bacteroidales;f__Bacteroidaceae;g__Bacteroides;s__Bacteroides_fragilis	k__Bacteria;p__Proteobacteria;c__Betaproteobacteria;o__Burkholderiales;f__Sutterellaceae;g__Sutterella;s__Sutterella_wadsworthensis	k__Bacteria;p__Bacteroidetes;c__Bacteroidia;o__Bacteroidales;f__Porphyromonadaceae;g__Barnesiella;s__Barnesiella_intestinihominis	k__Bacteria;p__Bacteroidetes;c__Bacteroidia;o__Bacteroidales;f__Odoribacteraceae;g__Odoribacter;s__Odoribacter_splanchnicus	k__Bacteria;p__Bacteroidetes;c__Bacteroidia;o__Bacteroidales;f__Bacteroidaceae;g__Bacteroides;s__Bacteroides_salyersiae	k__Bacteria;p__Firmicutes;c__Clostridia;o__Clostridiales;f__Ruminococcaceae;g__Ruminiclostridium;s__[Eubacterium]_siraeum	k__Bacteria;p__Proteobacteria;c__Betaproteobacteria;o__Burkholderiales;f__Sutterellaceae;g__Parasutterella;s__Parasutterella_excrementihominis	k__Bacteria;p__Actinobacteria;c__Actinobacteria;o__Bifidobacteriales;f__Bifidobacteriaceae;g__Bifidobacterium;s__Bifidobacterium_adolescentis	k__Bacteria;p__Firmicutes;c__Clostridia;o__Clostridiales;f__Oscillospiraceae;g__Oscillibacter;s__Oscillibacter_sp._KLE_1745	k__Bacteria;p__Bacteroidetes;c__Bacteroidia;o__Bacteroidales;f__Bacteroidaceae;g__Bacteroides;s__Bacteroides_coprophilus	k__Bacteria;p__Firmicutes;c__Clostridia;o__Clostridiales;f__Lachnospiraceae;g__Roseburia;s__Roseburia_intestinalis	k__Bacteria;p__Firmicutes;c__Clostridia;o__Clostridiales;f__Lachnospiraceae;g__Roseburia;s__Roseburia_hominis	k__Bacteria;p__Bacteroidetes;c__Bacteroidia;o__Bacteroidales;f__Porphyromonadaceae;g__Parabacteroides;s__Parabacteroides_johnsonii	k__Bacteria;p__Actinobacteria;c__Actinobacteria;o__Bifidobacteriales;f__Bifidobacteriaceae;g__Bifidobacterium;s__Bifidobacterium_longum	k__Bacteria;p__Firmicutes;c__Clostridia;o__Clostridiales;f__;g__Flavonifractor;s__Flavonifractor_plautii	k__Bacteria;p__Firmicutes;c__Clostridia;o__Clostridiales;f__Clostridiaceae;g__Clostridium;s__Clostridium_phoceensis	k__Bacteria;p__Verrucomicrobia;c__Verrucomicrobiae;o__Verrucomicrobiales;f__Akkermansiaceae;g__Akkermansia;s__Akkermansia_muciniphila	k__Bacteria;p__Bacteroidetes;c__Bacteroidia;o__Bacteroidales;f__Prevotellaceae;g__Paraprevotella;s__Paraprevotella_xylaniphila	k__Bacteria;p__Firmicutes;c__Clostridia;o__Clostridiales;f__Ruminococcaceae;g__Ruminococcus;s__Ruminococcus_callidus	k__Bacteria;p__Bacteroidetes;c__Bacteroidia;o__Bacteroidales;f__Rikenellaceae;g__Alistipes;s__Alistipes_senegalensis	k__Bacteria;p__Firmicutes;c__Clostridia;o__Clostridiales;f__Lachnospiraceae;g__Blautia;s__Blautia_sp._KLE_1732	k__Bacteria;p__Bacteroidetes;c__Bacteroidia;o__Bacteroidales;f__Bacteroidaceae;g__Bacteroides;s__Bacteroides_oleiciplenus	k__Bacteria;p__Firmicutes;c__Clostridia;o__Clostridiales;f__Ruminococcaceae;g__Ruminococcus;s__Ruminococcus_bicirculans	k__Bacteria;p__Bacteroidetes;c__Bacteroidia;o__Bacteroidales;f__Bacteroidaceae;g__Bacteroides;s__Bacteroides_fluxus	k__Bacteria;p__Bacteroidetes;c__Bacteroidia;o__Bacteroidales;f__Prevotellaceae;g__Prevotella;s__Prevotella_stercorea	k__Bacteria;p__Firmicutes;c__Clostridia;o__Clostridiales;f__Lachnospiraceae;g__Dorea;s__Dorea_longicatena	k__Bacteria;p__Firmicutes;c__Clostridia;o__Clostridiales;f__Eubacteriaceae;g__Eubacterium;s__[Eubacterium]_eligens	k__Bacteria;p__Firmicutes;c__Clostridia;o__Clostridiales;f__Ruminococcaceae;g__;s__Ruminococcaceae_bacterium_D16	k__Bacteria;p__Firmicutes;c__Clostridia;o__Clostridiales;f__Lachnospiraceae;g__Coprococcus;s__Coprococcus_comes	k__Bacteria;p__Proteobacteria;c__Gammaproteobacteria;o__Enterobacterales;f__Enterobacteriaceae;g__Escherichia;s__Escherichia_coli	k__Bacteria;p__Firmicutes;c__Clostridia;o__Clostridiales;f__Ruminococcaceae;g__Anaerotruncus;s__Anaerotruncus_colihominis	k__Bacteria;p__Firmicutes;c__Clostridia;o__Clostridiales;f__Lachnospiraceae;g__Blautia;s__Blautia_obeum	k__Bacteria;p__Bacteroidetes;c__Bacteroidia;o__Bacteroidales;f__Odoribacteraceae;g__Odoribacter;s__Odoribacter_laneus	k__Bacteria;p__Firmicutes;c__Clostridia;o__Clostridiales;f__Ruminococcaceae;g__Ruminiclostridium;s__[Clostridium]_leptum	k__Bacteria;p__Bacteroidetes;c__Bacteroidia;o__Bacteroidales;f__Porphyromonadaceae;g__Parabacteroides;s__Parabacteroides_goldsteinii	k__Bacteria;p__Firmicutes;c__Clostridia;o__Clostridiales;f__Lachnospiraceae;g__Anaerostipes;s__Anaerostipes_hadrus	k__Bacteria;p__Firmicutes;c__Clostridia;o__Clostridiales;f__Ruminococcaceae;g__Ruminococcus;s__Ruminococcus_lactaris	k__Bacteria;p__Firmicutes;c__Clostridia;o__Clostridiales;f__Clostridiaceae;g__Clostridium;s__Clostridium_sp._L2-50	k__Bacteria;p__Firmicutes;c__Clostridia;o__Clostridiales;f__Clostridiaceae;g__Clostridium;s__Clostridium_sp._M62/1	k__Bacteria;p__Firmicutes;c__Clostridia;o__Clostridiales;f__;g__Intestinimonas;s__Intestinimonas_butyriciproducens	k__Bacteria;p__Actinobacteria;c__Actinobacteria;o__Bifidobacteriales;f__Bifidobacteriaceae;g__Bifidobacterium;s__Bifidobacterium_bifidum	k__Bacteria;p__Firmicutes;c__Negativicutes;o__Veillonellales;f__Veillonellaceae;g__Dialister;s__Dialister_invisus	k__Bacteria;p__Bacteroidetes;c__Bacteroidia;o__Bacteroidales;f__Bacteroidaceae;g__Bacteroides;s__Bacteroides_salanitronis
k__Bacteria;p__Bacteroidetes;c__Bacteroidia;o__Bacteroidales;f__Bacteroidaceae;g__Bacteroides;s__Bacteroides_vulgatus	1.0	0.0288559554328	0.0264789757261	0.00462083043453	-0.0207300775713	0.0588458751076	-0.00140431263804	-0.0146252177577	-0.091580328294	0.00529460087949	-0.0664050948412	-0.0182871725499	0.0525454132772	-0.017391847828	-0.0503384144188	-0.0219751071471	-0.0325685303011	0.0227361819757	0.0072662956075	0.0260868785333	-0.0237072449057	-0.0723502875293	0.0183073349175	-0.0487056330307	-0.041989151444	-0.00985489718424	0.0161214097065	-0.00899360266887	-0.0156743746407	-0.036184200748	0.0266083816742	-0.00848973109689	-0.0194682974536	-0.0155008568456	-0.0187204474333	0.000341773621145	0.00916521290421	0.0244819155483	-0.0580542072025	-0.0301793124618	0.0156883026378	0.0618735676906	-0.0216692263947	0.0219453284048	0.0297867439792	0.0677976734619	0.00357977719222	-0.0802003956254	-0.0127379599616	-0.00610307199927	0.00983269657485	0.0553897884684	0.0400015610389	-0.0612925095291	-0.00844759179967	0.0224751366881	-0.0462217367126	-0.00723074050649	-0.00886526640968
k__Bacteria;p__Bacteroidetes;c__Bacteroidia;o__Bacteroidales;f__Bacteroidaceae;g__Bacteroides;s__Bacteroides_uniformis	0.0288559554328	1.0	0.0358861749427	0.0255220555611	0.0234576757242	-0.0356766668365	-0.0505049672613	-0.0335260672301	-0.050445286382	0.0165705727439	-0.00416967136375	-0.0218057881338	0.00324753826046	0.0178907915648	0.0603195454428	0.0160940758198	0.0481694351637	-0.0424018361479	-0.00344277791511	-0.00163244474169	-0.0292867286373	0.0298263833554	-0.0105774736207	0.0180663177826	0.022406099807	0.0326699782335	-0.00245647488989	-0.0431242282546	0.042569770744	-0.0398217864063	-0.0475947935028	0.070791215063	-0.0427796244549	-0.0644485510918	-0.0538800039015	0.0284726653927	-0.0194837591377	0.0067363571269	-0.0338260018666	0.0265657819849	0.0575216402047	0.0337036276399	0.00115730694168	-0.0203902240531	-0.00315370226146	0.00109605332305	-0.00448180844891	-0.0405982143442	-0.000458541173332	-0.0431962722934	0.00724856077676	-0.0147909354243	0.00390425761321	-0.0540755791786	0.0260728288951	-0.0161666198421	-0.0576760177914	0.0183655539074	-0.0223943707726
k__Bacteria;p__Bacteroidetes;c__Bacteroidia;o__Bacteroidales;f__Rikenellaceae;g__Alistipes;s__Alistipes_putredinis	0.0264789757261	0.0358861749427	1.0	0.00959449568053	0.0339633427726	-0.00554887081544	-0.0362855285238	0.0376025402193	-0.0374418705076	0.0279798371108	0.0181065889056	0.00524075760027	-0.0098995834845	0.0204899943017	-0.0310389378936	-0.0185626563262	-0.0394741519252	0.0394477161595	-0.00734386194385	-0.0336969299486	0.0432098947454	-0.0140407627282	-0.0513145604513	-0.026893828023	0.0450486275064	-0.00561317324569	0.0250263851089	-0.0252049116882	0.0476976054042	-0.00324791679157	-0.0401492343518	-0.0419660516534	-0.0460850793067	-0.0623966254288	0.0436697443335	-0.011306864929	0.00918737434555	-0.0901072615436	-0.0254798645012	-0.0206606475327	0.00410132594621	0.0476746148819	0.078920473755	-0.0514907309264	0.0390227885795	-0.0462500869454	-0.0665931673665	-0.0345494769398	0.0222053432694	0.0739744412962	0.00585577132874	-0.0564974712857	-0.0045072562997	0.0275813347355	-0.0377613848609	0.0631151888006	-0.0947466339567	0.0121845404544	0.00988321623771
k__Bacteria;p__Bacteroidetes;c__Bacteroidia;o__Bacteroidales;f__Prevotellaceae;g__Prevotella;s__Prevotella_copri	0.00462083043453	0.0255220555611	0.00959449568053	1.0	0.0377032414293	0.0709916732028	0.0015346176781	0.0160889783144	-0.00788340838901	0.0578559686508	-0.0324371095971	0.00567658693548	-0.0235553384781	-0.00858375835433	-0.0222632067328	-0.0367621451252	-0.0289796698051	-0.0110739790389	-0.00598318487193	-0.0225307583519	0.0226676552337	0.0543154296615	0.0114213171587	-0.0199192410935	-0.0511510755937	-0.0288043538684	-0.00824182624069	-0.000249568050413	0.0365748025373	-0.0238167921047	-0.00961332610559	-0.0482947737773	0.0036214722738	-0.0133472929796	-0.0238606839082	0.0116263721787	0.0558559045127	-0.0189906114647	0.00194513790947	-0.0353513533328	0.0409564340837	-0.0208123016404	-0.0109442000735	-0.03466677469	0.00458854649881	-0.0100458758229	-0.0792400910332	-0.0299897287361	-0.0365501501697	0.0235086694175	-0.0190579302956	0.0428800639458	-0.00021527747347	-0.0470893218422	-0.0227949569147	-0.0242891887055	-0.0378169736691	0.00814589644998	-0.018469832733
k__Bacteria;p__Bacteroidetes;c__Bacteroidia;o__Bacteroidales;f__Bacteroidaceae;g__Bacteroides;s__Bacteroides_stercoris	-0.0207300775713	0.0234576757242	0.0339633427726	0.0377032414293	1.0	0.0247254382809	0.0320499254061	-0.0328911690156	0.0615247892891	0.0530389953583	-0.0645691948584	-0.0197772191632	-0.0557704860725	0.00151952567577	-0.0501806933908	-0.0348182682528	-0.00014237575683	-0.00670011456041	-0.0318931613668	-0.0904670793409	-0.0336825344549	-0.00208564502485	0.0173884066065	-0.00614322467903	-0.0169300416897	-0.0102408073283	0.0513202823543	0.0762841635489	-0.0115394238605	0.0273082466266	-0.0298624408666	0.0391601852047	-0.0307121920427	-0.0366356373105	-0.0256303928873	-0.0286063480256	0.000523961234509	-0.0111648951895	-0.0556495828108	-0.043854556234	0.060864397644	-0.0589400562434	0.0628940056777	-0.0116099442191	0.0314667074215	0.018616492948	-0.0578426810427	-0.00257197503661	-0.0569732697887	-0.0277759972509	-0.0121132980374	0.015762267752	-0.0077315936184	-0.00718240134796	-0.0803623775123	-0.0161732749174	-0.0101395290897	0.0216796139721	-0.026469957904
k__Bacteria;p__Bacteroidetes;c__Bacteroidia;o__Bacteroidales;f__Bacteroidaceae;g__Bacteroides;s__Bacteroides_ovatus	0.0588458751076	-0.0356766668365	-0.00554887081544	0.0709916732028	0.0247254382809	1.0	0.0848270400198	0.000651913393483	-0.0314733459194	0.0217829494258	0.0347111811049	-0.0313666523921	-0.00230129142563	0.0311709971356	-0.0030879556545	0.0549053392685	-0.00499730354801	-0.0397085168194	-0.00853663510508	0.0062254424493	-0.0237472123528	-0.0332028419057	-0.00311348277536	0.0134899420182	0.0137139371968	-0.0544858852523	-0.0201992212925	0.0314625538048	0.00502853312469	0.0363332984215	-0.0124456741205	0.0188121622896	0.00837300640585	-0.00710858242756	-0.0175095319723	-0.0540235488089	-0.0403569625652	-0.0380066740067	-0.0025300481093	0.0109826666796	-0.061865676807	-0.0489420617451	-0.0317383159465	-0.0472488988027	-0.00756843838253	0.0334893889319	-0.00633201471643	-0.0264240659621	-0.0306646043223	0.04431863506	-0.0181956912036	0.0247725577433	0.0101570433349	0.0038867100573	0.00563035642649	-0.046000961766	-0.0252699843633	-0.0525748279655	0.0154259342538
k__Bacteria;p__Bacteroidetes;c__Bacteroidia;o__Bacteroidales;f__Rikenellaceae;g__Alistipes;s__Alistipes_shahii	-0.00140431263804	-0.0505049672613	-0.0362855285238	0.0015346176781	0.0320499254061	0.0848270400198	1.0	0.0166859129882	-0.00837273313925	-0.0346531855952	0.00649712278418	-0.040514628344	0.0661419764841	-0.0276795507398	0.0489314197747	-0.0129692478341	0.0455377718287	0.00341180557471	-0.025376146352	0.0393236093923	-0.0285025325601	-0.0650108444493	0.013417837087	-0.00632965131916	-0.00336909077539	0.0116874220068	0.0354148621578	0.00485276955895	0.0453293442571	-0.0657000730148	-0.0421755972249	-0.0271186017044	-0.00789148432849	0.00987939460584	-0.0105405737579	0.0343407575408	-0.00233985161634	-0.0818898414892	-0.00312816408954	0.00520899679715	0.00095091729403	-0.0162678379625	-0.00484901992042	-0.040853150694	-0.0224941137983	-0.0480439757891	0.0536400079893	-0.0404283819242	0.0221934315186	-0.0398279875136	-0.0246248480816	-0.0105225301934	-0.0137767412055	-0.0136924285051	-0.0319773784147	0.044423928221	-0.0323887289491	0.0111633019168	0.0085133211437
k__Bacteria;p__Firmicutes;c__Clostridia;o__Clostridiales;f__Ruminococcaceae;g__Faecalibacterium;s__Faecalibacterium_prausnitzii	-0.0146252177577	-0.0335260672301	0.0376025402193	0.0160889783144	-0.0328911690156	0.000651913393483	0.0166859129882	1.0	0.0116556808094	-0.0680516000554	0.0335021455516	-0.0137156960262	-0.00688307874946	0.0295236537085	-0.073214647551	0.0178825575502	-0.0836554732421	-0.056034761155	0.0293943548455	-0.0212895893026	-0.0264312566505	-0.0128153209855	-0.0122112324412	0.0289807746111	-0.0995783801192	-0.00781837917903	-0.0327918361995	-0.000199706257925	0.00429337015983	-0.0319463095968	-0.0971386366659	-0.00986440287566	-0.0462565399536	0.00778032587756	0.00775049301122	-0.0410963525075	0.000802733338918	0.0501500961049	-0.0328097215631	0.0520809016398	-0.0111390729644	0.0412619537289	-0.044215179886	0.022769659098	0.0279967700119	-0.0168904602508	-0.0817346301506	-0.0376440589269	-0.000605270114702	0.0238830333457	0.00968823289962	0.014636963931	0.0194833490586	-0.0227162592248	0.0354812051989	0.0782840641832	-0.0110133200936	-0.0317083201767	0.00661501776827
k__Bacteria;p__Bacteroidetes;c__Bacteroidia;o__Bacteroidales;f__Rikenellaceae;g__Alistipes;s__Alistipes_finegoldii	-0.091580328294	-0.050445286382	-0.0374418705076	-0.00788340838901	0.0615247892891	-0.0314733459194	-0.00837273313925	0.0116556808094	1.0	-0.0423370656311	0.0451519477697	-0.00922912201072	-0.0179300795504	-0.0536181279816	-0.0642610610553	0.023203089476	-0.0028615303168	0.0110141042294	-0.0632195812981	-0.0158462627363	-0.0171047721744	0.0101379810224	-0.0183629686176	-0.0316481879294	-0.0546574248283	0.0221434530503	0.0268986344048	0.0482267455823	-0.0453245459987	-0.0417917261796	-0.0428908192889	0.0199077345911	-0.0466909321225	0.00420170254867	0.0322051251152	0.0169683185394	-0.0565046766544	-0.0104440462086	0.04928153277	-0.0119813609448	-0.0263245349528	-0.0567962676	-0.0104196894434	0.0222207221767	0.0273087584432	0.0069151092898	-0.00700721675453	-0.0251099026655	0.00131212879099	-0.0584068131339	0.0202410844755	0.0415991346267	-0.0477070050042	-0.0865379590307	0.0629884961204	-0.0309964995919	0.0218446610638	-0.0561081148972	-0.00812284887741
k__Bacteria;p__Bacteroidetes;c__Bacteroidia;o__Bacteroidales;f__Porphyromonadaceae;g__Parabacteroides;s__Parabacteroides_distasonis	0.00529460087949	0.0165705727439	0.0279798371108	0.0578559686508	0.0530389953583	0.0217829494258	-0.0346531855952	-0.0680516000554	-0.0423370656311	1.0	-0.0417392292359	-0.0447114194731	0.0306295612183	0.0360007091793	-0.0307084764127	-0.0496257817923	0.0540865998041	0.00688461545804	-0.0606976139176	-0.010814352578	-0.0236897198074	-0.0116162755429	0.0166214900985	0.0198917592681	0.087255815841	0.0337335449606	-0.000731655449426	-0.00121621822306	-0.0391723865	-0.0266330426554	-0.0685300191984	-0.0236130162161	0.0570650407718	-0.033598027799	-0.0288782106216	-0.00989699212645	0.0662473502484	-0.0445659700001	-0.0433031173614	-0.0662355020093	0.0318748832367	-0.0788773216493	0.0156372671075	0.0228338692898	-0.0193645199172	-0.0267317051726	0.0249946194459	-0.114109366481	-0.036167342576	-0.00962310512774	-0.00210775739142	-0.00216071854023	0.0344247966511	-0.082991756676	0.0259112309546	0.05848134905	-0.018932672245	-0.0326623749201	-0.0122498384187
k__Bacteria;p__Bacteroidetes;c__Bacteroidia;o__Bacteroidales;f__Bacteroidaceae;g__Bacteroides;s__Bacteroides_thetaiotaomicron	-0.0664050948412	-0.00416967136375	0.0181065889056	-0.0324371095971	-0.0645691948584	0.0347111811049	0.00649712278418	0.0335021455516	0.0451519477697	-0.0417392292359	1.0	0.00119392700515	-0.0257277579596	-0.000174538743011	0.00315794260892	-0.021775365813	-0.0369647706631	0.00303323911832	-0.0212091701307	-0.00652821447472	0.0285167449033	-0.0110803976623	-0.056434503694	-0.0164892860465	-0.0131795424826	-0.0401271040734	0.0325144599208	-0.0219364687515	-0.0418896778307	0.0287863626699	0.00608742326566	-0.0335242765174	-0.0287033444874	0.00114197599031	0.0230965421473	-0.0737080206796	0.017416682524	0.0194649685629	0.0139208362867	-0.0300882144847	0.009294965896	-0.0274367101101	-0.0297605265727	-0.0283808938787	0.00521266461636	0.0192391554185	-0.00317037354022	-0.0041999201481	-0.0146987011335	-0.0434924814928	-0.0255711448004	-0.034574783573	0.00772994676437	-0.0890338795131	0.0107160498306	-0.0454873630422	-0.0164105303683	0.0168870127575	0.0343315097511
k__Bacteria;p__Bacteroidetes;c__Bacteroidia;o__Bacteroidales;f__Bacteroidaceae;g__Bacteroides;s__Bacteroides_coprocola	-0.0182871725499	-0.0218057881338	0.00524075760027	0.00567658693548	-0.0197772191632	-0.0313666523921	-0.040514628344	-0.0137156960262	-0.00922912201072	-0.0447114194731	0.00119392700515	1.0	-0.00696566416458	0.010278632036	-0.0374365755451	-0.0623248744016	-0.00714119556057	0.0594337636815	-0.00694616201338	-0.0129161378944	0.00802750526018	0.0198901413028	-0.00902141917361	-0.0312608857206	0.0467749219281	-0.0478537369865	-0.0139915176132	0.00965520298006	-0.0494958677066	0.033321001934	-0.0458858565465	0.0525667249633	-0.04810206112	-0.000892800524871	0.0297445675937	-0.0529248160873	0.0194738661859	0.0745763388926	-0.000911898969937	0.0287720274132	-0.0284873306801	-0.0202219549655	0.0180370714124	-0.0251683744337	-0.0182093066472	-0.0265601709584	-0.0356624194292	0.0845295690711	-0.0286389457931	-0.00158055052465	-0.0484349157333	-0.0535543034457	0.00146359184212	0.0304343734503	0.0198298364649	0.0114030629957	0.0121242832419	-0.0134792898673	-0.0229476774062
k__Bacteria;p__Bacteroidetes;c__Bacteroidia;o__Bacteroidales;f__Bacteroidaceae;g__Bacteroides;s__Bacteroides_cellulosilyticus	0.0525454132772	0.00324753826046	-0.0098995834845	-0.0235553384781	-0.0557704860725	-0.00230129142563	0.0661419764841	-0.00688307874946	-0.0179300795504	0.0306295612183	-0.0257277579596	-0.00696566416458	1.0	-0.0040111796929	0.014686256747	-0.0134044649673	-0.0521263601155	0.0102033688546	-0.0524909831629	0.00994621162609	-0.056494273092	-0.0117835893871	0.00438249554707	-0.00193244659578	-0.0113736585306	0.000974379017389	-0.0183970586232	-0.0327908320772	0.0664396270357	-0.000384112048624	-0.0468907779934	-0.00384845375661	0.00991862012346	-0.075459186206	-0.0646860540965	0.0318383925178	0.0197015478122	-0.0362415383563	0.0218975500821	0.053575430949	0.0383467059947	-0.0542042643019	-0.0260162034724	0.0368304995061	-0.0376998577555	-0.0164331518196	0.0312313716112	-0.0124454145009	-0.0107413636364	-0.0254059503595	0.0228926673969	-0.0558003427405	0.0297884180378	-0.0298834154894	0.0329277103269	0.0428877566919	0.023688858775	-0.0384691480673	-0.00894062119926
k__Bacteria;p__Bacteroidetes;c__Bacteroidia;o__Bacteroidales;f__Rikenellaceae;g__Alistipes;s__Alistipes_obesi	-0.017391847828	0.0178907915648	0.0204899943017	-0.00858375835433	0.00151952567577	0.0311709971356	-0.0276795507398	0.0295236537085	-0.0536181279816	0.0360007091793	-0.000174538743011	0.010278632036	-0.0040111796929	1.0	-0.00202657681789	0.00495565828727	-0.0370105109056	-0.0404647749841	0.0384931645312	0.0329219535506	-0.0450122027084	-0.0115312775851	0.00980679785457	0.00542572609358	-0.0856222207662	-0.0201401567346	-0.0573863472872	-0.0080678723601	0.0235600944214	-0.0212318368087	0.00884913069856	0.000811268641171	0.00251202900739	0.0255798688541	-0.00592381191157	-0.0161360099228	0.047229140856	-0.0542045061359	0.0399363309258	0.0116099844438	0.0649371325231	-0.0279665172445	-0.0649654219214	-0.0600761801908	-0.0433158714403	0.0103988547241	-0.0151348658143	-0.0217928022354	0.036136868537	-0.00907218000014	-0.0294316669002	-0.00423636377597	0.00992226574788	0.0275094858503	-0.0625906091186	-0.0360284527793	0.01055872639	-0.0297934220837	-0.00323269283294
k__Bacteria;p__Firmicutes;c__Clostridia;o__Clostridiales;f__Lachnospiraceae;g__;s__[Eubacterium]_rectale	-0.0503384144188	0.0603195454428	-0.0310389378936	-0.0222632067328	-0.0501806933908	-0.0030879556545	0.0489314197747	-0.073214647551	-0.0642610610553	-0.0307084764127	0.00315794260892	-0.0374365755451	0.014686256747	-0.00202657681789	1.0	0.0147919977126	0.011060671328	-0.051549368891	-0.00351777823962	-0.0830064857517	-0.0461917788829	0.0540784880767	0.038666543458	-0.00628284978927	-0.0369066399719	0.00876334086283	-0.00991705988748	-0.0470597973902	-0.0200553971887	0.0239929673259	-0.0259478192327	-0.00140281929241	-0.0464958281505	-0.0174657226491	-0.0654596743299	0.0364336830204	-0.026427818581	-0.0246830276769	-0.0536678783219	0.0138312117742	0.0202435277883	0.00183504829607	-0.00678764477313	0.0314910190339	-0.0531345192288	-0.0145298499128	0.0185954168026	0.0161541923597	-0.0174171262586	0.0169741858178	0.0103315297416	-0.0327388246937	0.00587718675489	-0.0682870114117	0.0387049958106	0.00926844458021	0.0332831603357	0.0652842257308	-0.0327873085134
k__Bacteria;p__Bacteroidetes;c__Bacteroidia;o__Bacteroidales;f__Bacteroidaceae;g__Bacteroides;s__Bacteroides_plebeius	-0.0219751071471	0.0160940758198	-0.0185626563262	-0.0367621451252	-0.0348182682528	0.0549053392685	-0.0129692478341	0.0178825575502	0.023203089476	-0.0496257817923	-0.021775365813	-0.0623248744016	-0.0134044649673	0.00495565828727	0.0147919977126	1.0	-0.0597740063895	-0.0320334723985	0.0450771972698	0.0420612756825	-0.0599631112588	0.00843172915291	-0.0358259226263	0.0174960440347	-0.0557651726525	-0.0542639128448	0.00858639659378	-0.0552174518981	0.00012214751456	-0.0447344622857	0.0332873947679	-0.00316497970067	-0.0368588542321	-0.0211936923019	-0.0103910590215	-0.00311502798807	-0.00730410632171	0.0293189443726	0.0229954074633	-0.0120189975401	-0.00170693169424	0.00448144348452	-0.042532560336	0.0153013375862	-0.0633945692439	0.0262115758524	-0.060310162565	0.0629156535191	0.0262107657422	-0.0154205080304	-0.0445738118823	0.0664417051602	-0.0483038272196	0.00279249269841	-0.0740661207617	-0.00177589763201	-0.0197829206036	-0.0729768458552	0.0489802746043
k__Bacteria;p__Bacteroidetes;c__Bacteroidia;o__Bacteroidales;f__Bacteroidaceae;g__Bacteroides;s__Bacteroides_fragilis	-0.0325685303011	0.0481694351637	-0.0394741519252	-0.0289796698051	-0.00014237575683	-0.00499730354801	0.0455377718287	-0.0836554732421	-0.0028615303168	0.0540865998041	-0.0369647706631	-0.00714119556057	-0.0521263601155	-0.0370105109056	0.011060671328	-0.0597740063895	1.0	-0.040074565137	-0.0407863016875	0.0165889873658	0.0489568244161	-0.0390260864748	-0.0112855311019	-0.0326713392384	0.0447708446708	-0.0420708978071	-0.00420612723422	0.027511443659	-0.0745757428538	0.0122825126023	-0.00592033471471	-0.0249504806917	0.0464518713708	0.00251145908511	7.23132287531e-05	-0.0531172570135	0.0528103567008	0.104697337621	-0.0219883581111	-0.0440198081322	-0.00708023690419	-0.0645257673394	0.0110982024275	0.0684055165965	0.0306219565818	-0.060897616841	0.0559294740865	-0.0470800723923	-0.00485945152815	-0.046190216391	0.0295275724035	0.0136271841422	0.0214357513075	-0.0059298365474	-0.00575891869123	-0.0693457491388	0.00024296119927	0.0304021514354	0.00209719283357
k__Bacteria;p__Proteobacteria;c__Betaproteobacteria;o__Burkholderiales;f__Sutterellaceae;g__Sutterella;s__Sutterella_wadsworthensis	0.0227361819757	-0.0424018361479	0.0394477161595	-0.0110739790389	-0.00670011456041	-0.0397085168194	0.00341180557471	-0.056034761155	0.0110141042294	0.00688461545804	0.00303323911832	0.0594337636815	0.0102033688546	-0.0404647749841	-0.051549368891	-0.0320334723985	-0.040074565137	1.0	0.0373289536719	0.00600124528055	-0.0399363853703	0.0252550913583	-0.084537136234	0.0772420437823	-0.0359588106422	-0.0148092985161	-0.0487242778488	0.0494024288847	-0.0400849059602	-0.00854064058005	0.0168083298276	-0.0840711199803	0.0504662541741	-0.0113348549778	0.00302698582748	-0.035418214814	-0.0150592878817	-0.0243580851047	-0.021383121527	-0.00960204595701	0.00172235517924	-0.0591964657041	-0.00309677966458	0.0334688570023	0.0203592058249	0.0247203940311	0.000780325923859	-0.0211361977191	0.0166681639003	0.0114646891815	0.0325747452022	-0.0136646851174	0.0349319475881	-0.0246151787991	-0.0593897099923	0.0548253165121	0.0155551867117	-0.00374595507303	-0.0662868149885
k__Bacteria;p__Bacteroidetes;c__Bacteroidia;o__Bacteroidales;f__Porphyromonadaceae;g__Barnesiella;s__Barnesiella_intestinihominis	0.0072662956075	-0.00344277791511	-0.00734386194385	-0.00598318487193	-0.0318931613668	-0.00853663510508	-0.025376146352	0.0293943548455	-0.0632195812981	-0.0606976139176	-0.0212091701307	-0.00694616201338	-0.0524909831629	0.0384931645312	-0.00351777823962	0.0450771972698	-0.0407863016875	0.0373289536719	1.0	-0.0196568219925	-0.0102168980038	-0.0320505691431	-0.0200745704447	-0.00130645216058	-0.0315153347091	-0.00424062002926	-0.00226892252245	-0.0362618837652	0.0299319539108	0.0586229678884	0.01766177756	-0.00715554275391	-0.01358440508	0.00494566264685	-0.0147581340529	-0.00289834552159	-0.00722704908435	0.00950148097447	-0.0390526734172	-0.0171831238457	0.0950071627055	-0.0897034542003	-0.0186821968005	-0.0294619659419	0.00467254080951	0.0129976789453	0.0498153199769	0.00620752149229	-0.0223771622962	-0.0461419993989	-0.0589635174874	-0.0283802784038	-0.0272390089673	0.0526920073425	0.0214321949865	-0.0147765250623	-0.0362695574144	0.0371595298274	-0.00829341237698
k__Bacteria;p__Bacteroidetes;c__Bacteroidia;o__Bacteroidales;f__Odoribacteraceae;g__Odoribacter;s__Odoribacter_splanchnicus	0.0260868785333	-0.00163244474169	-0.0336969299486	-0.0225307583519	-0.0904670793409	0.0062254424493	0.0393236093923	-0.0212895893026	-0.0158462627363	-0.010814352578	-0.00652821447472	-0.0129161378944	0.00994621162609	0.0329219535506	-0.0830064857517	0.0420612756825	0.0165889873658	0.00600124528055	-0.0196568219925	1.0	0.0215739822905	0.0184344698646	0.0197365949128	0.0119084673504	-0.0237239181427	-0.0438128379511	-0.0394790446381	0.017244178663	-0.0178905545436	-0.0293903723599	0.0603216762432	-0.0223200970978	0.0136223462428	-0.0372654782178	0.00552578237275	-0.0414419276314	0.0462644201891	0.0143959549215	0.0040760995162	-0.059760838272	-0.00617074212368	0.00808495186164	-0.0364185841752	-0.102446361354	0.0171743651138	0.0310750149078	-0.0240215813225	-0.000657389365438	0.027524349449	-0.0330345873129	0.00342801205294	0.00652909655565	0.00350952347109	-0.0353546108531	-0.00692515656147	0.0452642957517	0.0130478081065	-0.0254976235406	0.0577221884231
k__Bacteria;p__Bacteroidetes;c__Bacteroidia;o__Bacteroidales;f__Bacteroidaceae;g__Bacteroides;s__Bacteroides_salyersiae	-0.0237072449057	-0.0292867286373	0.0432098947454	0.0226676552337	-0.0336825344549	-0.0237472123528	-0.0285025325601	-0.0264312566505	-0.0171047721744	-0.0236897198074	0.0285167449033	0.00802750526018	-0.056494273092	-0.0450122027084	-0.0461917788829	-0.0599631112588	0.0489568244161	-0.0399363853703	-0.0102168980038	0.0215739822905	1.0	-0.0270682151958	-0.0342623146631	0.035851615586	0.0471299496166	-0.037600432327	-0.0764795364037	0.00892165509513	-0.00419382903802	-0.0260859138844	0.0446413330779	-0.0535328470182	0.0126087199462	-0.0281224041144	0.00749650070243	-0.0140758453319	-0.0555201376852	0.0125878453576	-0.0429979543478	0.0680348646974	-0.0388971661739	0.0320021371625	-0.00889093717584	0.0386663745182	0.0600593741509	-0.00398228288343	0.000395338165262	0.0620647057961	-0.0241859954766	0.0388634724125	-0.074811831112	0.0304892681519	-0.0129200199682	0.0164396387431	-0.0722059628553	-0.0401722048122	-0.0321652430365	-0.01232272724	-0.0373015369692
k__Bacteria;p__Firmicutes;c__Clostridia;o__Clostridiales;f__Ruminococcaceae;g__Ruminiclostridium;s__[Eubacterium]_siraeum	-0.0723502875293	0.0298263833554	-0.0140407627282	0.0543154296615	-0.00208564502485	-0.0332028419057	-0.0650108444493	-0.0128153209855	0.0101379810224	-0.0116162755429	-0.0110803976623	0.0198901413028	-0.0117835893871	-0.0115312775851	0.0540784880767	0.00843172915291	-0.0390260864748	0.0252550913583	-0.0320505691431	0.0184344698646	-0.0270682151958	1.0	0.0351676764164	-0.036453772531	-0.0301675330803	-0.00900690774658	0.0027066462437	-0.0654397860067	-0.0283474388489	-0.0109095935461	-0.0317205467537	-0.00589066861839	-0.0626566273884	0.00164423570202	-0.0261696453295	-0.030263641313	0.00587559776999	-0.101052986464	-0.00996195630564	-0.00775126755495	-0.051183587303	0.00634929390729	-0.0757866535655	0.022063981764	-0.0279850879299	0.00392606911012	-0.0298169399812	0.0264724479519	0.0525181907037	0.0420762369969	-0.0161229189276	-0.000511959533314	-0.0019067038172	-0.0443208825122	-0.0208992154043	-0.00598379685156	0.00585250403613	0.0142474584035	-0.031049410383
k__Bacteria;p__Proteobacteria;c__Betaproteobacteria;o__Burkholderiales;f__Sutterellaceae;g__Parasutterella;s__Parasutterella_excrementihominis	0.0183073349175	-0.0105774736207	-0.0513145604513	0.0114213171587	0.0173884066065	-0.00311348277536	0.013417837087	-0.0122112324412	-0.0183629686176	0.0166214900985	-0.056434503694	-0.00902141917361	0.00438249554707	0.00980679785457	0.038666543458	-0.0358259226263	-0.0112855311019	-0.084537136234	-0.0200745704447	0.0197365949128	-0.0342623146631	0.0351676764164	1.0	-0.0235620457429	0.0182493998397	0.0700872597956	-0.0317913348636	-0.0617427519733	-0.0180628319504	0.0277681328983	-0.0196149100099	0.00206019490198	0.00570839977748	-0.0285027388714	0.0028851623	0.00791695472942	0.0408554871706	-0.00013978402215	-0.035325085413	-0.0279300685978	0.00980949838609	0.0204980344094	-0.0156561882691	-0.00602655095666	-0.0696135936439	0.0134846870412	0.0270602094955	0.0248944209339	-0.0365259860381	0.0637487268052	-0.0528093883173	-0.0906068164208	-0.0438961323535	-0.00154514313056	-0.0591171488651	-0.0577188519181	0.0782634001599	-0.0317732217531	0.00680865428499
k__Bacteria;p__Actinobacteria;c__Actinobacteria;o__Bifidobacteriales;f__Bifidobacteriaceae;g__Bifidobacterium;s__Bifidobacterium_adolescentis	-0.0487056330307	0.0180663177826	-0.026893828023	-0.0199192410935	-0.00614322467903	0.0134899420182	-0.00632965131916	0.0289807746111	-0.0316481879294	0.0198917592681	-0.0164892860465	-0.0312608857206	-0.00193244659578	0.00542572609358	-0.00628284978927	0.0174960440347	-0.0326713392384	0.0772420437823	-0.00130645216058	0.0119084673504	0.035851615586	-0.036453772531	-0.0235620457429	1.0	-0.00103787494485	-0.0233547302265	0.0213190228728	0.0040384820039	-0.0374829341503	0.0110890449472	0.0322577170407	0.00658104829735	-0.0124084779624	0.00949562501385	0.0474663315528	-0.0428895434123	-0.00552251888301	0.00749153445504	-0.0927799656993	0.0118191823049	-0.0185642173228	0.0743947417479	0.0239972453126	0.00807003676028	-0.0240912778272	0.00586033145843	0.0298015910976	0.0608697562884	-0.0594205143728	-0.0248180698081	0.0442070131857	-0.0206079606878	-0.00933540113168	0.00501407666714	-0.0243712878742	0.0430826623749	-0.0405743187958	-0.0736384429273	-0.0101834188691
k__Bacteria;p__Firmicutes;c__Clostridia;o__Clostridiales;f__Oscillospiraceae;g__Oscillibacter;s__Oscillibacter_sp._KLE_1745	-0.041989151444	0.022406099807	0.0450486275064	-0.0511510755937	-0.0169300416897	0.0137139371968	-0.00336909077539	-0.0995783801192	-0.0546574248283	0.087255815841	-0.0131795424826	0.0467749219281	-0.0113736585306	-0.0856222207662	-0.0369066399719	-0.0557651726525	0.0447708446708	-0.0359588106422	-0.0315153347091	-0.0237239181427	0.0471299496166	-0.0301675330803	0.0182493998397	-0.00103787494485	1.0	0.0176050815455	0.00628236214203	0.0306023431833	-0.0212993553504	0.0190698994575	0.017636713464	0.0535253169063	0.0275046391586	-0.00231616466228	-0.00647418509717	0.0199423032513	0.0145570413773	0.089683310728	-0.0079199334749	-0.0107718753059	-0.0422651959032	-0.105442271761	0.0730297389975	0.0433719321378	-0.0396538903456	-0.0151893306766	-0.0221369705263	-0.0686637285947	0.075245882903	-0.0179040064972	0.0257335624222	-0.0619345868017	-0.0328411782179	-0.0276523716258	-0.0182900875875	0.0332799582427	-0.01867645709	-0.0096351717724	-0.0466513660547
k__Bacteria;p__Bacteroidetes;c__Bacteroidia;o__Bacteroidales;f__Bacteroidaceae;g__Bacteroides;s__Bacteroides_coprophilus	-0.00985489718424	0.0326699782335	-0.00561317324569	-0.0288043538684	-0.0102408073283	-0.0544858852523	0.0116874220068	-0.00781837917903	0.0221434530503	0.0337335449606	-0.0401271040734	-0.0478537369865	0.000974379017389	-0.0201401567346	0.00876334086283	-0.0542639128448	-0.0420708978071	-0.0148092985161	-0.00424062002926	-0.0438128379511	-0.037600432327	-0.00900690774658	0.0700872597956	-0.0233547302265	0.0176050815455	1.0	0.00602735088987	-0.0106969890241	0.0190341434409	-0.00786108932004	-0.0452662617944	-0.0227908111607	-0.0206186022308	-0.0653128523208	-0.010154638157	-0.00509221550782	0.0286012547642	-0.0323222804631	0.0288582444661	-0.04099456229	-0.0234084252334	0.00488839850948	0.0266271806267	-0.0616257264823	0.0149021743775	-0.0238094949225	0.0237527944957	-0.0213356655653	0.0102764199358	-0.00698766800183	-0.004886654324	-0.0216781796456	-0.0167250997064	-0.00549846620491	0.107831665478	0.00491284328143	-0.0117939681378	-0.0394306120012	0.0197185702207
k__Bacteria;p__Firmicutes;c__Clostridia;o__Clostridiales;f__Lachnospiraceae;g__Roseburia;s__Roseburia_intestinalis	0.0161214097065	-0.00245647488989	0.0250263851089	-0.00824182624069	0.0513202823543	-0.0201992212925	0.0354148621578	-0.0327918361995	0.0268986344048	-0.000731655449426	0.0325144599208	-0.0139915176132	-0.0183970586232	-0.0573863472872	-0.00991705988748	0.00858639659378	-0.00420612723422	-0.0487242778488	-0.00226892252245	-0.0394790446381	-0.0764795364037	0.0027066462437	-0.0317913348636	0.0213190228728	0.00628236214203	0.00602735088987	1.0	0.04118455506	-0.0457834709939	-0.0295189572272	0.00731426973421	-0.0380904080489	0.0471334187711	-0.0177442838096	-0.0881960274004	-0.0160101523006	0.0108737547469	0.0733063463814	-0.0420582844123	-0.09493945566	-0.0578302637373	-0.029743240503	-0.0482484961007	-0.0987964057341	0.0231038911457	-0.0482531644167	-0.0411738453939	0.00425849938238	-0.0224484947694	0.00362130688245	0.0229968670886	-0.0185969711656	-0.0547017011072	0.0249528507104	0.00553677559339	-0.0197789840279	-0.0251513531507	-0.0157606226148	0.0061158351932
k__Bacteria;p__Firmicutes;c__Clostridia;o__Clostridiales;f__Lachnospiraceae;g__Roseburia;s__Roseburia_hominis	-0.00899360266887	-0.0431242282546	-0.0252049116882	-0.000249568050413	0.0762841635489	0.0314625538048	0.00485276955895	-0.000199706257925	0.0482267455823	-0.00121621822306	-0.0219364687515	0.00965520298006	-0.0327908320772	-0.0080678723601	-0.0470597973902	-0.0552174518981	0.027511443659	0.0494024288847	-0.0362618837652	0.017244178663	0.00892165509513	-0.0654397860067	-0.0617427519733	0.0040384820039	0.0306023431833	-0.0106969890241	0.04118455506	1.0	-0.00681892507334	-0.0101722477201	-0.066711222528	0.0382044781917	-0.0162122000239	-0.0293635147053	0.064099766763	-0.0365071913015	0.0457583329393	0.00312363193355	-0.0138620348799	-0.0858802528544	0.00336696600333	0.000651420632022	0.0163613458939	-0.00624354227597	0.0205981470422	0.00507964629632	0.0156937265441	-0.0242344198698	0.00748396284792	0.0228994169031	-0.00897626740108	-0.0620489479002	0.00397065293962	-0.0404608493607	-0.0467229142626	-0.0105436277979	-0.0278810566519	0.0248521063812	0.0282461486877
k__Bacteria;p__Bacteroidetes;c__Bacteroidia;o__Bacteroidales;f__Porphyromonadaceae;g__Parabacteroides;s__Parabacteroides_johnsonii	-0.0156743746407	0.042569770744	0.0476976054042	0.0365748025373	-0.0115394238605	0.00502853312469	0.0453293442571	0.00429337015983	-0.0453245459987	-0.0391723865	-0.0418896778307	-0.0494958677066	0.0664396270357	0.0235600944214	-0.0200553971887	0.00012214751456	-0.0745757428538	-0.0400849059602	0.0299319539108	-0.0178905545436	-0.00419382903802	-0.0283474388489	-0.0180628319504	-0.0374829341503	-0.0212993553504	0.0190341434409	-0.0457834709939	-0.00681892507334	1.0	0.0432801282232	0.0300055479781	0.0205519273008	0.0020490154087	-0.000502544170998	-0.0111534445638	0.0106636518403	0.00499657702659	-0.0825948845378	-0.0310959563058	0.0503007548905	0.00767450216352	0.0887810685517	-0.0968898214453	-0.0469779614726	0.0211092049061	0.0337817399999	-0.0396126252312	-0.0346970479552	-0.0475476369394	0.0330218813849	-0.0233778758947	-0.0214001600278	-0.0109636541473	-0.0374054261239	-0.0551329185695	-0.019555796294	-0.0207374980221	-0.0257195308365	0.0149933331693
k__Bacteria;p__Actinobacteria;c__Actinobacteria;o__Bifidobacteriales;f__Bifidobacteriaceae;g__Bifidobacterium;s__Bifidobacterium_longum	-0.036184200748	-0.0398217864063	-0.00324791679157	-0.0238167921047	0.0273082466266	0.0363332984215	-0.0657000730148	-0.0319463095968	-0.0417917261796	-0.0266330426554	0.0287863626699	0.033321001934	-0.000384112048624	-0.0212318368087	0.0239929673259	-0.0447344622857	0.0122825126023	-0.00854064058005	0.0586229678884	-0.0293903723599	-0.0260859138844	-0.0109095935461	0.0277681328983	0.0110890449472	0.0190698994575	-0.00786108932004	-0.0295189572272	-0.0101722477201	0.0432801282232	1.0	0.0338813446799	0.0377443233095	0.0858995456522	-0.0292105021935	0.00397199527703	-0.0520333313016	0.00791839741162	-0.000829753827032	-0.0109155005808	0.00171700706788	0.0364170336534	-0.0111153382561	-0.00337505477806	-0.042623116126	-0.0565965641973	0.0606064541741	-0.0277241136713	0.0220896231098	-0.0138604509637	0.0489937490347	-0.0181305757431	-0.0538931355176	-0.0445933263208	0.002919091215	-0.0310079022326	-0.000764802434037	0.0316848093649	0.0141892147683	-0.0293598670673
