#taxonomy	k__Bacteria;p__Bacteroidetes;c__Bacteroidia;o__Bacteroidales;f__Bacteroidaceae;g__Bacteroides;s__Bacteroides_vulgatus	k__Bacteria;p__Bacteroidetes;c__Bacteroidia;o__Bacteroidales;f__Bacteroidaceae;g__Bacteroides;s__Bacteroides_uniformis	k__Bacteria;p__Bacteroidetes;c__Bacteroidia;o__Bacteroidales;f__Rikenellaceae;g__Alistipes;s__Alistipes_putredinis	k__Bacteria;p__Bacteroidetes;c__Bacteroidia;o__Bacteroidales;f__Prevotellaceae;g__Prevotella;s__Prevotella_copri	k__Bacteria;p__Bacteroidetes;c__Bacteroidia;o__Bacteroidales;f__Bacteroidaceae;g__Bacteroides;s__Bacteroides_stercoris	k__Bacteria;p__Bacteroidetes;c__Bacteroidia;o__Bacteroidales;f__Bacteroidaceae;g__Bacteroides;s__Bacteroides_ovatus	k__Bacteria;p__Bacteroidetes;c__Bacteroidia;o__Bacteroidales;f__Rikenellaceae;g__Alistipes;s__Alistipes_shahii	k__Bacteria;p__Firmicutes;c__Clostridia;o__Clostridiales;f__Ruminococcaceae;g__Faecalibacterium;s__Faecalibacterium_prausnitzii	k__Bacteria;p__Bacteroidetes;c__Bacteroidia;o__Bacteroidales;f__Rikenellaceae;g__Alistipes;s__Alistipes_finegoldii	k__Bacteria;p__Bacteroidetes;c__Bacteroidia;o__Bacteroidales;f__Porphyromonadaceae;g__Parabacteroides;s__Parabacteroides_distasonis	k__Bacteria;p__Bacteroidetes;c__Bacteroidia;o__Bacteroidales;f__Bacteroidaceae;g__Bacteroides;s__Bacteroides_thetaiotaomicron	k__Bacteria;p__Bacteroidetes;c__Bacteroidia;o__Bacteroidales;f__Bacteroidaceae;g__Bacteroides;s__Bacteroides_coprocola	k__Bacteria;p__Bacteroidetes;c__Bacteroidia;o__Bacteroidales;f__Bacteroidaceae;g__Bacteroides;s__Bacteroides_cellulosilyticus	k__Bacteria;p__Bacteroidetes;c__Bacteroidia;o__Bacteroidales;f__Rikenellaceae;g__Alistipes;s__Alistipes_obesi	k__Bacteria;p__Firmicutes;c__Clostridia;o__Clostridiales;f__Lachnospiraceae;g__;s__[Eubacterium]_rectale	k__Bacteria;p__Bacteroidetes;c__Bacteroidia;o__Bacteroidales;f__Bacteroidaceae;g__Bacteroides;s__Bacteroides_plebeius	k__Bacteria;p__Bacteroidetes;c__Bacteroidia;o__Bacteroidales;f__Bacteroidaceae;g__Bacteroides;s__Bacteroides_fragilis	k__Bacteria;p__Proteobacteria;c__Betaproteobacteria;o__Burkholderiales;f__Sutterellaceae;g__Sutterella;s__Sutterella_wadsworthensis	k__Bacteria;p__Bacteroidetes;c__Bacteroidia;o__Bacteroidales;f__Porphyromonadaceae;g__Barnesiella;s__Barnesiella_intestinihominis	k__Bacteria;p__Bacteroidetes;c__Bacteroidia;o__Bacteroidales;f__Odoribacteraceae;g__Odoribacter;s__Odoribacter_splanchnicus	k__Bacteria;p__Bacteroidetes;c__Bacteroidia;o__Bacteroidales;f__Bacteroidaceae;g__Bacteroides;s__Bacteroides_salyersiae	k__Bacteria;p__Firmicutes;c__Clostridia;o__Clostridiales;f__Ruminococcaceae;g__Ruminiclostridium;s__[Eubacterium]_siraeum	k__Bacteria;p__Proteobacteria;c__Betaproteobacteria;o__Burkholderiales;f__Sutterellaceae;g__Parasutterella;s__Parasutterella_excrementihominis	k__Bacteria;p__Actinobacteria;c__Actinobacteria;o__Bifidobacteriales;f__Bifidobacteriaceae;g__Bifidobacterium;s__Bifidobacterium_adolescentis	k__Bacteria;p__Firmicutes;c__Clostridia;o__Clostridiales;f__Oscillospiraceae;g__Oscillibacter;s__Oscillibacter_sp._KLE_1745	k__Bacteria;p__Bacteroidetes;c__Bacteroidia;o__Bacteroidales;f__Bacteroidaceae;g__Bacteroides;s__Bacteroides_coprophilus	k__Bacteria;p__Firmicutes;c__Clostridia;o__Clostridiales;f__Lachnospiraceae;g__Roseburia;s__Roseburia_intestinalis	k__Bacteria;p__Firmicutes;c__Clostridia;o__Clostridiales;f__Lachnospiraceae;g__Roseburia;s__Roseburia_hominis	k__Bacteria;p__Bacteroidetes;c__Bacteroidia;o__Bacteroidales;f__Porphyromonadaceae;g__Parabacteroides;s__Parabacteroides_johnsonii	k__Bacteria;p__Actinobacteria;c__Actinobacteria;o__Bifidobacteriales;f__Bifidobacteriaceae;g__Bifidobacterium;s__Bifidobacterium_longum	k__Bacteria;p__Firmicutes;c__Clostridia;o__Clostridiales;f__;g__Flavonifractor;s__Flavonifractor_plautii	k__Bacteria;p__Firmicutes;c__Clostridia;o__Clostridiales;f__Clostridiaceae;g__Clostridium;s__Clostridium_phoceensis	k__Bacteria;p__Verrucomicrobia;c__Verrucomicrobiae;o__Verrucomicrobiales;f__Akkermansiaceae;g__Akkermansia;s__Akkermansia_muciniphila	k__Bacteria;p__Bacteroidetes;c__Bacteroidia;o__Bacteroidales;f__Prevotellaceae;g__Paraprevotella;s__Paraprevotella_xylaniphila	k__Bacteria;p__Firmicutes;c__Clostridia;o__Clostridiales;f__Ruminococcaceae;g__Ruminococcus;s__Ruminococcus_callidus	k__Bacteria;p__Bacteroidetes;c__Bacteroidia;o__Bacteroidales;f__Rikenellaceae;g__Alistipes;s__Alistipes_senegalensis	k__Bacteria;p__Firmicutes;c__Clostridia;o__Clostridiales;f__Lachnospiraceae;g__Blautia;s__Blautia_sp._KLE_1732	k__Bacteria;p__Bacteroidetes;c__Bacteroidia;o__Bacteroidales;f__Bacteroidaceae;g__Bacteroides;s__Bacteroides_oleiciplenus	k__Bacteria;p__Firmicutes;c__Clostridia;o__Clostridiales;f__Ruminococcaceae;g__Ruminococcus;s__Ruminococcus_bicirculans	k__Bacteria;p__Bacteroidetes;c__Bacteroidia;o__Bacteroidales;f__Bacteroidaceae;g__Bacteroides;s__Bacteroides_fluxus	k__Bacteria;p__Bacteroidetes;c__Bacteroidia;o__Bacteroidales;f__Prevotellaceae;g__Prevotella;s__Prevotella_stercorea	k__Bacteria;p__Firmicutes;c__Clostridia;o__Clostridiales;f__Lachnospiraceae;g__Dorea;s__Dorea_longicatena	k__Bacteria;p__Firmicutes;c__Clostridia;o__Clostridiales;f__Eubacteriaceae;g__Eubacterium;s__[Eubacterium]_eligens	k__Bacteria;p__Firmicutes;c__Clostridia;o__Clostridiales;f__Ruminococcaceae;g__;s__Ruminococcaceae_bacterium_D16	k__Bacteria;p__Firmicutes;c__Clostridia;o__Clostridiales;f__Lachnospiraceae;g__Coprococcus;s__Coprococcus_comes	k__Bacteria;p__Proteobacteria;c__Gammaproteobacteria;o__Enterobacterales;f__Enterobacteriaceae;g__Escherichia;s__Escherichia_coli	k__Bacteria;p__Firmicutes;c__Clostridia;o__Clostridiales;f__Ruminococcaceae;g__Anaerotruncus;s__Anaerotruncus_colihominis	k__Bacteria;p__Firmicutes;c__Clostridia;o__Clostridiales;f__Lachnospiraceae;g__Blautia;s__Blautia_obeum	k__Bacteria;p__Bacteroidetes;c__Bacteroidia;o__Bacteroidales;f__Odoribacteraceae;g__Odoribacter;s__Odoribacter_laneus	k__Bacteria;p__Firmicutes;c__Clostridia;o__Clostridiales;f__Ruminococcaceae;g__Ruminiclostridium;s__[Clostridium]_leptum	k__Bacteria;p__Bacteroidetes;c__Bacteroidia;o__Bacteroidales;f__Porphyromonadaceae;g__Parabacteroides;s__Parabacteroides_goldsteinii	k__Bacteria;p__Firmicutes;c__Clostridia;o__Clostridiales;f__Lachnospiraceae;g__Anaerostipes;s__Anaerostipes_hadrus	k__Bacteria;p__Firmicutes;c__Clostridia;o__Clostridiales;f__Ruminococcaceae;g__Ruminococcus;s__Ruminococcus_lactaris	k__Bacteria;p__Firmicutes;c__Clostridia;o__Clostridiales;f__Clostridiaceae;g__Clostridium;s__Clostridium_sp._L2-50	k__Bacteria;p__Firmicutes;c__Clostridia;o__Clostridiales;f__Clostridiaceae;g__Clostridium;s__Clostridium_sp._M62/1	k__Bacteria;p__Firmicutes;c__Clostridia;o__Clostridiales;f__;g__Intestinimonas;s__Intestinimonas_butyriciproducens	k__Bacteria;p__Actinobacteria;c__Actinobacteria;o__Bifidobacteriales;f__Bifidobacteriaceae;g__Bifidobacterium;s__Bifidobacterium_bifidum	k__Bacteria;p__Firmicutes;c__Negativicutes;o__Veillonellales;f__Veillonellaceae;g__Dialister;s__Dialister_invisus	k__Bacteria;p__Bacteroidetes;c__Bacteroidia;o__Bacteroidales;f__Bacteroidaceae;g__Bacteroides;s__Bacteroides_salanitronis
k__Bacteria;p__Bacteroidetes;c__Bacteroidia;o__Bacteroidales;f__Bacteroidaceae;g__Bacteroides;s__Bacteroides_vulgatus	1.0	0.0458320198687	-0.00913474496029	0.0461439054896	-0.0125521723858	-0.0198245273484	-0.00949433833857	0.0155114586081	-0.0393183745124	-0.0179335936322	-0.0541129388395	0.00193252824105	0.00577144013086	-0.0835060591901	0.0600776740325	-0.0177192339631	-0.0580079849779	-0.0666242346475	-0.034768444369	-0.0169862044304	-0.0555722849045	0.0210021245634	-0.0101495055368	-0.00976885480829	-0.0726336113359	0.00488853428303	-0.0565988052943	0.00802217068068	-0.0562900734597	0.0166776381068	0.0272324511103	0.0253712422588	0.0632463043057	0.0401014506126	-0.0415450737002	-0.0218213846153	0.0234095590199	0.0171389802171	-0.00733788733276	0.0560697570439	0.0201647929986	0.0207535843037	-0.0255724360095	0.034478359471	-0.0171684510922	-0.0419863089415	0.0861689702869	0.0213283522139	0.0442991980895	0.00502963387885	-0.0528983326395	-0.0433113621058	0.0154040741409	0.0127486141114	-0.0549459532305	0.0315496306447	0.000374535250525	-0.0275137723265	-0.00193885842228
k__Bacteria;p__Bacteroidetes;c__Bacteroidia;o__Bacteroidales;f__Bacteroidaceae;g__Bacteroides;s__Bacteroides_uniformis	0.0458320198687	1.0	-0.0612815407632	-0.0242751222104	0.0265525994899	-0.0580304156592	0.012412568287	0.018578526994	-0.0253690412463	-0.0321545612561	-0.0122624653178	0.022424306863	0.00356832292312	-0.00600384799317	-0.0494958575762	-0.0499122348377	-0.000336791193641	0.00236316446357	0.00187453667274	-0.00706606307692	-0.00895336973003	-0.0148827932196	-0.0409174144195	-0.0290169425283	0.0260565065728	-0.0315700722297	-0.0304301943184	0.0244393929712	-0.047214617695	-0.00443738937845	0.0250956525657	0.0171571187264	-0.0221490758684	0.00371007805163	-0.0470453688037	0.0323679466091	-0.00540991437398	0.000340050299002	0.0341408861721	0.0101613598437	-0.00475470921597	-0.0495986272144	-0.0153990264568	-0.0352159204985	0.0146919194269	0.0927963136671	-0.0594069309671	-0.00455404776553	0.00222062293491	-0.0187802971308	0.0423145773187	0.0115547787707	-0.0256359710282	0.0495974440761	-0.0288234370061	-0.0379456541669	-0.0427390666645	0.0609414383392	0.00187570733573
k__Bacteria;p__Bacteroidetes;c__Bacteroidia;o__Bacteroidales;f__Rikenellaceae;g__Alistipes;s__Alistipes_putredinis	-0.00913474496029	-0.0612815407632	1.0	-0.0764090553031	-0.0188826389741	0.0525476837153	0.0175027626299	-0.0330261320299	-0.0234610893906	0.00335385068251	-0.012826548088	-0.0653744093474	0.0273151259458	-0.014839297969	-0.0267340988969	-0.0221573421895	-0.0344780666278	-0.0388352295634	-0.0385668260288	0.00781768320528	0.0336185277986	-0.0266289535756	-0.0373729571503	0.0341751535777	0.00610429909299	-0.0293458671926	-0.010796369613	0.00557697989124	-0.00438281116239	-0.0121581320055	0.0451206343907	-0.0113534754763	0.0120191932722	0.0188227122235	-0.0323076518554	-0.0140460880073	-0.0200835452568	-0.0283903736607	0.0481424931464	0.0490631073266	0.0263168605418	-0.0276516983431	0.0654037095662	-0.0696701841116	-0.0244262494058	0.0480055493961	0.00558180238944	-0.0366867188405	0.00106155290497	-0.0633515690511	-0.0455742159644	-0.0190068056174	0.0155169612034	0.0511072608243	-0.0298658929235	0.0750892268139	0.020872176619	-0.069497480791	-0.0105405349023
k__Bacteria;p__Bacteroidetes;c__Bacteroidia;o__Bacteroidales;f__Prevotellaceae;g__Prevotella;s__Prevotella_copri	0.0461439054896	-0.0242751222104	-0.0764090553031	1.0	-0.035771488505	-0.0130656492425	-0.0309925236067	0.0180524282622	0.0105153077691	-0.00458324094585	0.0488264765263	-0.0378351867428	0.00185465425129	0.041583923372	0.00860168576099	-0.0202683115919	-0.00307162473993	0.03436083018	0.0224228368673	-0.0143359537133	-0.0435592352423	0.0755481096062	-0.00426697305642	0.00636629524891	-0.0515413545999	-0.0344731096306	-0.000758164571893	0.0101764143027	-0.0131225358327	0.0261945549116	0.0262995783281	0.0283049568028	-0.0585977795703	0.00685980547783	-0.0223165619633	0.0339690435269	-0.0283562362597	0.0378346804976	-0.00773255230344	-0.0170124853709	0.0147768911683	-0.0511991064588	-0.0073586860513	-0.00763155258899	-0.0746766758807	0.00909626458758	0.0150701144138	-0.0228768450546	0.0460354764322	-0.0520018663502	-0.0736867220247	0.0428949786242	0.0552860314525	-0.0357452157855	-0.0546589590417	-0.0328906011001	0.0213568624831	0.0133320953443	-0.0132148801757
k__Bacteria;p__Bacteroidetes;c__Bacteroidia;o__Bacteroidales;f__Bacteroidaceae;g__Bacteroides;s__Bacteroides_stercoris	-0.0125521723858	0.0265525994899	-0.0188826389741	-0.035771488505	1.0	-0.00627210998176	0.0278290435502	-0.00611839098182	0.0498311227989	0.0082669028737	0.00556628588496	-0.0133261112069	0.066090172749	0.0131442286193	-0.0141005099435	-0.029061501334	-0.000922035435916	-0.0236329588246	-0.0242460888169	0.00159342074271	0.0286121107471	-0.0522619460666	0.0209250964507	-0.0417383722468	-0.0382446581568	0.0250737927938	0.00657610504216	-0.0734073394223	0.0172730994582	-0.049598074538	0.0171363946626	-0.0271158617144	-0.00591542920902	-0.0127503569364	0.00495399934887	-0.0479790932209	0.0347596443446	0.0203577966452	0.0391191288266	0.042196435138	0.0252103362753	0.0116687313724	-0.027882096611	-0.0341782937964	-0.0408841461615	-0.0131298633335	0.00431703619523	0.0124828846992	-0.0929293239668	-0.0122711113496	-0.00550968584283	-0.0794091686245	-0.0996108290748	-0.0147163336117	-0.0296820577011	-0.0570561782464	0.0202954957598	0.00762124624764	0.00325046750812
k__Bacteria;p__Bacteroidetes;c__Bacteroidia;o__Bacteroidales;f__Bacteroidaceae;g__Bacteroides;s__Bacteroides_ovatus	-0.0198245273484	-0.0580304156592	0.0525476837153	-0.0130656492425	-0.00627210998176	1.0	0.0145119149231	-0.0103156575537	0.0716046133159	-0.0091039474395	0.0396280673027	0.0161056366359	0.0214591416711	-0.0339471756048	-0.00944646361611	-0.0203314211807	0.000838869174518	0.0302727720255	0.0552692222261	-0.0177363328316	0.0424878843553	-0.0525215816115	-0.0207096141124	-0.0446450488478	0.012577103198	0.0133028797624	-0.0467053580604	0.0205881283238	0.00438855439157	-0.0840576617902	-0.0423897035226	-0.000158804014876	-0.0452454831179	-0.0290438411588	-0.0132351339142	-0.00945307988112	-0.0205085226915	-0.0148331765793	0.0729995607696	0.023680939453	0.0142292201521	0.0131543672835	-0.0282386566806	-0.0269180760004	-0.0116309174443	-0.0190652347021	-0.0441168040281	0.0352726361435	0.0133626319824	-0.0278837366322	0.000989978439373	-0.034773885017	-0.0333247962334	-0.0116467460295	-0.0344083592854	-0.0215844925557	-0.00877801086576	0.0148438067541	0.00168472632049
k__Bacteria;p__Bacteroidetes;c__Bacteroidia;o__Bacteroidales;f__Rikenellaceae;g__Alistipes;s__Alistipes_shahii	-0.00949433833857	0.012412568287	0.0175027626299	-0.0309925236067	0.0278290435502	0.0145119149231	1.0	-0.0265530617586	-0.0269499903812	0.0204798760144	-0.00948536663696	0.037031579989	-0.0188332444967	0.0265856606333	0.0615466482544	-0.00324596003577	-0.0205467032443	0.0516672933753	-0.0313096169915	0.0349767475666	0.0416178634887	0.0306968234269	-0.0220382422758	-0.0424982923675	0.0230217449995	-0.0125568871005	-0.0177541493094	0.0148170193134	0.112969397076	-0.0864883758666	-0.0587749694794	-0.0338189459653	-0.0211073827325	-0.0602278120488	0.00880682480726	0.0133516013969	-0.0086665357297	0.0114600946495	-0.0254598913017	-0.0360599749061	0.0185369864797	0.0251445794055	-0.0633854379971	-0.00316565736617	0.000122546184669	-0.0274573325078	-0.0205855532014	-0.0598861310058	-0.0168067080613	-0.0119958143116	-0.0211853365485	0.0477902985691	0.00437649982231	-0.0521421812106	-0.00747543689832	-0.057869739376	0.0032973465972	0.0235267901836	-0.011919890323
k__Bacteria;p__Firmicutes;c__Clostridia;o__Clostridiales;f__Ruminococcaceae;g__Faecalibacterium;s__Faecalibacterium_prausnitzii	0.0155114586081	0.018578526994	-0.0330261320299	0.0180524282622	-0.00611839098182	-0.0103156575537	-0.0265530617586	1.0	0.021761506018	-0.0415204934438	-0.0373953967063	0.0455415154345	0.0434141868558	-0.00945671868161	0.025637771798	0.00186718275123	-0.00725417003015	-0.0187852764081	-0.10511004236	-0.0353806654707	0.0129549019936	0.0142419951356	-0.00722063934558	-0.0615184773953	0.0457635757223	-0.0292880227544	-0.00892284580316	-0.0246979857534	0.00424682135792	-0.00117203509373	-0.0485976871648	0.0237630403541	-0.0506465845254	-0.0996343304595	0.00805015690132	0.0174435434148	0.0204008822552	0.00831566873923	-0.00163269674022	-0.0668885316335	-0.0296795479797	0.0605754192886	-0.0814955521081	-0.0109793413985	-0.0364170542959	-0.0962484184966	0.029125297763	-0.0569215472392	-0.0142468415434	-0.0277817421227	-0.0286391318697	0.0510527530763	-0.0350978556811	-0.01716238355	0.0158874017265	-0.0220718456889	0.0231566762283	-0.0401098484881	0.0653819631868
k__Bacteria;p__Bacteroidetes;c__Bacteroidia;o__Bacteroidales;f__Rikenellaceae;g__Alistipes;s__Alistipes_finegoldii	-0.0393183745124	-0.0253690412463	-0.0234610893906	0.0105153077691	0.0498311227989	0.0716046133159	-0.0269499903812	0.021761506018	1.0	-0.0348038801654	-0.0123524054413	-0.0677866794782	-0.0136680834209	0.0892881823413	0.0333703337052	0.0152526112181	0.0316825177068	-0.0521138314649	0.0307513724126	0.0137381587152	-0.0190285565232	-0.00316990657814	-0.00356759803784	0.0108401792596	0.0288610821914	0.0118476909371	0.0212959820441	-0.00559678205351	0.0174665009407	0.0217502533718	-0.0333567866605	-0.0436899200603	-0.0122112924049	-0.00296194191517	-0.0534936325955	0.00576232362535	-0.0393098542372	0.00209824443133	0.0389605514757	-0.0365357171988	-0.0250683785547	-0.00914909932322	-0.114859775811	-0.00694657699802	-0.0734371384891	-0.0311515296866	-0.0287888075513	-0.0337885655848	-0.0437884964511	0.0239302029903	0.00258438643914	0.0304061158004	0.0399991387048	0.0151084632995	0.0549460494161	-0.00157426610792	0.00690176651433	-0.060623958616	-0.0573882437687
k__Bacteria;p__Bacteroidetes;c__Bacteroidia;o__Bacteroidales;f__Porphyromonadaceae;g__Parabacteroides;s__Parabacteroides_distasonis	-0.0179335936322	-0.0321545612561	0.00335385068251	-0.00458324094585	0.0082669028737	-0.0091039474395	0.0204798760144	-0.0415204934438	-0.0348038801654	1.0	-0.0195518064296	-0.0116987545519	-0.0803089980921	0.0164707574389	0.0653757854539	0.013371373743	0.0496923519343	0.0388876374056	-0.0353892028173	-0.00237983640166	-0.0158635610543	-0.052728414797	-0.0244102001669	0.00490226065369	0.0152169761916	0.0346385923223	0.0419068267376	0.0202772842436	0.00614590981804	-0.0756042297663	-0.0228267873643	0.00384062931153	0.0131575755031	-0.0217854461943	-0.114699446382	-0.0478564049109	0.0586596673688	-0.0676075213671	-0.0697722852394	0.0175806798917	0.00390107440696	-0.00345107540632	0.0155432172505	0.0334041888801	-0.00530863102075	-0.0197705599777	-0.00406718284445	-0.0100908433479	-0.0279553336182	0.0162346331604	0.030491783955	0.0231538991186	0.038646474405	-0.0301640102419	-0.0043901555181	0.00546328377586	0.0394795969715	-0.0126303763042	0.00536083084858
k__Bacteria;p__Bacteroidetes;c__Bacteroidia;o__Bacteroidales;f__Bacteroidaceae;g__Bacteroides;s__Bacteroides_thetaiotaomicron	-0.0541129388395	-0.0122624653178	-0.012826548088	0.0488264765263	0.00556628588496	0.0396280673027	-0.00948536663696	-0.0373953967063	-0.0123524054413	-0.0195518064296	1.0	-0.0583122012585	-0.0374858700451	-0.0205016801331	-0.028903941302	-0.0426595651401	-0.00580026936636	0.00873236531043	0.0441723779411	0.0314707276915	0.0236379815595	-0.0135963890223	-0.0119266178736	0.00812639476008	0.0131275149916	-0.0357022641723	0.0265993249979	0.0634262202853	0.00567223372857	-0.0223444816473	-0.0334172352787	-0.0594989634674	-0.0196297699272	0.00999755224952	0.0277095276036	-0.0163299448866	-0.0383473109843	-0.0125560777731	-0.0170112278547	-0.035963873011	-0.00503009246644	0.0219009226943	-0.0677470826982	-0.00580568635196	0.00926315623395	-0.00224147288658	-0.0558516391241	-0.0331441261163	-0.0230944232947	-0.00891001653905	-0.0250884823847	0.00163049449142	0.00485191142325	-0.0593236219563	-0.0496325081296	0.00297899638884	0.0985558944541	0.0695488718182	-0.0639523401191
k__Bacteria;p__Bacteroidetes;c__Bacteroidia;o__Bacteroidales;f__Bacteroidaceae;g__Bacteroides;s__Bacteroides_coprocola	0.00193252824105	0.022424306863	-0.0653744093474	-0.0378351867428	-0.0133261112069	0.0161056366359	0.037031579989	0.0455415154345	-0.0677866794782	-0.0116987545519	-0.0583122012585	1.0	0.0478867197637	-0.0248262320096	0.088497697418	-0.0659673447778	0.00687551502965	-0.0616621677199	-0.028152735989	0.0101756852401	-0.0324881709532	-0.0753654443692	-0.0214639338098	-0.0114090078658	0.0653357533635	0.0240839573802	0.0140141088251	-0.0235567349609	-0.0350080065732	-0.0798167035158	-0.0304480945911	-0.00565985170197	-0.0641696649539	-0.0554928976899	-0.0309478259423	0.0784520352895	0.0201076214981	0.035082561602	-0.00288253803369	0.016466177072	-0.00523631307547	-0.0226271041667	-0.0119293725488	-0.0230968669796	-0.0652837990041	-0.0177184975331	0.000910755356311	0.0211766659209	-0.0126173630125	0.0417092542704	0.0789253259961	-0.0486552567463	0.035565609782	-0.0257540712477	0.0310145668533	-0.0218613426543	-0.0818131113964	0.0203689751771	-0.0325051199387
k__Bacteria;p__Bacteroidetes;c__Bacteroidia;o__Bacteroidales;f__Bacteroidaceae;g__Bacteroides;s__Bacteroides_cellulosilyticus	0.00577144013086	0.00356832292312	0.0273151259458	0.00185465425129	0.066090172749	0.0214591416711	-0.0188332444967	0.0434141868558	-0.0136680834209	-0.0803089980921	-0.0374858700451	0.0478867197637	1.0	-0.0227840309795	-0.0190114659852	-0.0029028643121	-0.0656279759808	-0.0100572458464	-0.0145368231417	-0.0140416814148	-0.0472190842627	0.00373550932793	-0.0137317845209	-0.0104885927767	0.0160482436742	0.0242586826814	0.00701788331855	-0.0271698272382	-0.0148641829143	-0.0137176650659	-0.0257772601363	-0.0248306813502	-0.0141846011737	-0.00604215286068	-0.00463389348993	-0.0363462509325	0.00505580907266	0.00719888859122	0.0277018824243	-0.0105060970817	-0.00726445613012	0.0399241499448	-0.00872783690002	-0.0209322968503	0.0507255792388	0.00190482590428	-0.0134718813062	0.0190562404156	-0.0841673781021	-0.0062181809478	-0.0197812182047	-0.0551557617111	-0.0183334344158	-0.00701118379301	0.0416885944059	-0.08596621704	-0.0150156872422	0.0354796655061	-0.0194647252447
k__Bacteria;p__Bacteroidetes;c__Bacteroidia;o__Bacteroidales;f__Rikenellaceae;g__Alistipes;s__Alistipes_obesi	-0.0835060591901	-0.00600384799317	-0.014839297969	0.041583923372	0.0131442286193	-0.0339471756048	0.0265856606333	-0.00945671868161	0.0892881823413	0.0164707574389	-0.0205016801331	-0.0248262320096	-0.0227840309795	1.0	0.00417518695578	-0.0160652509492	0.0209405346755	-0.0210187218098	0.019756574839	-0.0583045649648	0.00455244134894	-0.0161349664988	0.00362535894009	-0.0523859652048	0.0305905423042	-0.0149252904436	-0.0231223437532	-0.00365586228383	0.000492897118467	-0.00425911048858	-0.020251470535	0.0010708286691	-0.0251879841942	-0.0471865479422	-0.0433680002439	0.0389675356293	0.0143542429817	0.0536147486347	0.0164293289581	-0.0320285788896	0.0396584072557	-0.0362783856866	-0.00115940390832	-0.0277079204136	0.0134708686824	-0.0525078065575	-0.019036228491	-0.0550933671426	-0.00675485442842	0.00411808863608	0.0189329641166	-0.0403016297053	0.00147513575848	0.00478421623649	-0.0417344518915	0.039234877224	-0.027582660778	-0.0516078905454	-0.00293015138394
k__Bacteria;p__Firmicutes;c__Clostridia;o__Clostridiales;f__Lachnospiraceae;g__;s__[Eubacterium]_rectale	0.0600776740325	-0.0494958575762	-0.0267340988969	0.00860168576099	-0.0141005099435	-0.00944646361611	0.0615466482544	0.025637771798	0.0333703337052	0.0653757854539	-0.028903941302	0.088497697418	-0.0190114659852	0.00417518695578	1.0	-0.0295950091879	0.0489305828943	0.00874867924229	0.0428810316274	-0.0334247028315	0.0131861404277	-0.0896993178402	0.0062951445394	-0.0473377444374	-0.0163864055788	0.018919654904	-0.0409317528355	0.0179914774316	-0.0479704780163	-0.0449804816807	-0.0500546858079	-0.0170357222117	0.053884702515	-0.0429135899234	-0.0297266917976	0.0257667441895	0.00488620189849	-0.000175429563322	-0.0278169969773	-0.0248678511518	-0.0457351005976	0.002748134567	-0.000830419021425	-0.0176076047309	-0.0247345770677	-0.0333071549447	-0.0176660473731	-0.0324574776755	0.0274802694446	0.0267439293598	-0.067514168362	-0.0323639247021	0.0258121414568	-0.0459669175129	-0.0186277511419	-0.0166532628427	0.0100713643839	-0.0157007372108	-0.063835482571
k__Bacteria;p__Bacteroidetes;c__Bacteroidia;o__Bacteroidales;f__Bacteroidaceae;g__Bacteroides;s__Bacteroides_plebeius	-0.0177192339631	-0.0499122348377	-0.0221573421895	-0.0202683115919	-0.029061501334	-0.0203314211807	-0.00324596003577	0.00186718275123	0.0152526112181	0.013371373743	-0.0426595651401	-0.0659673447778	-0.0029028643121	-0.0160652509492	-0.0295950091879	1.0	-0.0146677825548	-0.0107574275714	-0.0204686842692	-0.0378202590594	-0.0653169351276	-0.0547524661107	0.00962237581775	-0.0661463465738	-0.0450025183548	0.0171492027307	0.0119476952005	-0.00329799959094	0.0175753114985	0.0452341363441	0.013264581723	0.0283604828814	0.053459448378	0.0232344999432	0.0204421614952	-0.0153760837169	0.00309165070472	-0.0237590490483	0.014036718567	-0.0104640548288	-0.00359207437321	-0.0379449140392	-0.0235975467517	0.0275451770273	-0.00249867125033	0.0682118153375	-0.023443255419	0.0758913678835	0.00532538608158	-0.0111543498045	-0.0374609264221	0.0450995785584	-0.042359869437	0.0366528138875	0.000864068374249	0.0666436298378	-0.0102342054796	-0.000566033924017	-0.0341926568926
k__Bacteria;p__Bacteroidetes;c__Bacteroidia;o__Bacteroidales;f__Bacteroidaceae;g__Bacteroides;s__Bacteroides_fragilis	-0.0580079849779	-0.000336791193641	-0.0344780666278	-0.00307162473993	-0.000922035435916	0.000838869174518	-0.0205467032443	-0.00725417003015	0.0316825177068	0.0496923519343	-0.00580026936636	0.00687551502965	-0.0656279759808	0.0209405346755	0.0489305828943	-0.0146677825548	1.0	0.00693916162055	-0.0320555696008	-0.00303719123307	0.0261514965079	-0.00535807785031	0.00450596854222	-0.0192309797334	-0.0184069741055	0.00765512900551	-0.0113514132822	-0.0772326900885	0.0451854040154	-0.0187114471506	-0.0537876507518	0.012019056912	0.0596554721125	-0.052949188409	-0.0350146494092	-0.00261944686891	-0.0350270874853	0.00599044746291	-0.0481583495197	-0.0115211784223	0.0283298119704	-0.0618457892287	0.00320361761921	0.0790619153319	0.0200719031952	-0.0240286393925	-0.0278766433703	0.0199122016732	-0.0317639361371	0.0793104910619	-0.0165623428567	-0.0445604252039	-0.0323255791551	-0.00541865300614	-0.0648532967852	-0.00088419407506	0.00698165384256	0.0195905936089	-0.0444335159951
k__Bacteria;p__Proteobacteria;c__Betaproteobacteria;o__Burkholderiales;f__Sutterellaceae;g__Sutterella;s__Sutterella_wadsworthensis	-0.0666242346475	0.00236316446357	-0.0388352295634	0.03436083018	-0.0236329588246	0.0302727720255	0.0516672933753	-0.0187852764081	-0.0521138314649	0.0388876374056	0.00873236531043	-0.0616621677199	-0.0100572458464	-0.0210187218098	0.00874867924229	-0.0107574275714	0.00693916162055	1.0	-0.0230679628211	0.00486207744199	0.00989552200555	-0.0108532844971	0.0150154241814	0.0591092314769	-0.0153249571326	0.0254278763744	-0.0215351963665	0.0853677180179	-0.0353241770506	-0.0300723015606	-0.000134452572563	-0.0406676152556	0.0221672897562	-0.0261255175974	0.0433687749896	-0.0264299806369	0.0207156421052	0.00951222860935	-0.0652386850829	-0.0323617945311	-0.116386657076	-0.0561191661609	0.00716379339109	0.0388624575292	0.0516381558718	-0.00863554786083	0.0698421393599	0.0172685172623	-0.00709687231109	-0.0233877225617	-0.0147930300348	0.0267137051937	-0.0319141020338	0.00121347743111	-0.0377461868535	0.0190037241506	-0.0270438034615	0.0471030695491	-0.0254324844408
k__Bacteria;p__Bacteroidetes;c__Bacteroidia;o__Bacteroidales;f__Porphyromonadaceae;g__Barnesiella;s__Barnesiella_intestinihominis	-0.034768444369	0.00187453667274	-0.0385668260288	0.0224228368673	-0.0242460888169	0.0552692222261	-0.0313096169915	-0.10511004236	0.0307513724126	-0.0353892028173	0.0441723779411	-0.028152735989	-0.0145368231417	0.019756574839	0.0428810316274	-0.0204686842692	-0.0320555696008	-0.0230679628211	1.0	-0.0211798072537	-0.0577975238464	-0.0214573824116	0.0604204757781	0.000972765474463	0.0500205520799	-0.0443862137217	-0.0616800439075	-0.050794358608	-0.00986461860927	-0.0330564964658	-0.0151108945062	0.0234793980434	-0.0672147711523	-0.0323509174025	0.0250274448655	-0.0363430235942	-0.0297180342212	-0.00792355281277	0.026258090815	-0.0224771664882	-0.00742706378974	-0.0533288214647	0.0552105614262	0.0184556899567	0.0456639384154	0.0200174308573	0.0100668584185	0.0259452354359	-0.0193099646718	-0.0573001257005	0.0387535270119	-0.0150023150965	0.0311233686121	0.0370167124703	0.0122385542482	0.024095696906	-0.0536890327077	-0.0617296792108	-0.0647099282491
k__Bacteria;p__Bacteroidetes;c__Bacteroidia;o__Bacteroidales;f__Odoribacteraceae;g__Odoribacter;s__Odoribacter_splanchnicus	-0.0169862044304	-0.00706606307692	0.00781768320528	-0.0143359537133	0.00159342074271	-0.0177363328316	0.0349767475666	-0.0353806654707	0.0137381587152	-0.00237983640166	0.0314707276915	0.0101756852401	-0.0140416814148	-0.0583045649648	-0.0334247028315	-0.0378202590594	-0.00303719123307	0.00486207744199	-0.0211798072537	1.0	0.0115453191016	0.0120779938034	-0.0557320708011	0.0192396153644	0.0286369163139	-0.0130648856324	-0.0189128176601	-0.00632585419615	0.0121022796582	0.0301549695496	-0.0153702484278	-0.0567913943248	-0.0156802843777	0.0246634890116	0.0208869092965	0.000383120386881	-0.0161472495849	0.0161619866422	0.023235719038	0.00814867393233	0.00996165593467	-0.0561256811795	-0.0177485878156	0.0387937435361	0.0131705135221	-0.0293665930008	-0.0419017855043	0.0898213852718	0.0112556065739	0.0491526654156	-0.00197477599527	0.00648201986369	-0.0337923742315	-0.0375188561327	-0.0134447830111	-0.0232346093458	0.000475168654826	-0.00830514434481	-0.0288066569038
k__Bacteria;p__Bacteroidetes;c__Bacteroidia;o__Bacteroidales;f__Bacteroidaceae;g__Bacteroides;s__Bacteroides_salyersiae	-0.0555722849045	-0.00895336973003	0.0336185277986	-0.0435592352423	0.0286121107471	0.0424878843553	0.0416178634887	0.0129549019936	-0.0190285565232	-0.0158635610543	0.0236379815595	-0.0324881709532	-0.0472190842627	0.00455244134894	0.0131861404277	-0.0653169351276	0.0261514965079	0.00989552200555	-0.0577975238464	0.0115453191016	1.0	-0.0506599300832	-0.0722983525331	0.0216280389965	0.00596778676258	-0.0325792789651	-0.0537356475702	-0.0251031118587	-0.0114397732506	0.0255000290438	-0.0352984383926	0.0195183005983	-0.00491968741239	-0.0267655819968	0.0227022534984	-0.0228937372015	-0.0434645000414	-0.0214104956462	0.0239372437961	0.00668738768652	0.0128980332129	0.0262161569644	-0.0164808366172	0.0477778224541	-0.0769925654508	0.010547934318	-0.00692846279941	-0.0313188304693	0.0164435123028	-0.0380159478216	0.0340648878782	0.0345370478188	-0.0243516721688	-0.0171975799884	0.00983606001128	0.0192161791992	-0.0469386650528	-0.0674186886351	0.0710211050452
k__Bacteria;p__Firmicutes;c__Clostridia;o__Clostridiales;f__Ruminococcaceae;g__Ruminiclostridium;s__[Eubacterium]_siraeum	0.0210021245634	-0.0148827932196	-0.0266289535756	0.0755481096062	-0.0522619460666	-0.0525215816115	0.0306968234269	0.0142419951356	-0.00316990657814	-0.052728414797	-0.0135963890223	-0.0753654443692	0.00373550932793	-0.0161349664988	-0.0896993178402	-0.0547524661107	-0.00535807785031	-0.0108532844971	-0.0214573824116	0.0120779938034	-0.0506599300832	1.0	0.000750955185747	0.0245787715859	0.074719166572	0.036658375216	0.0568853178388	-0.014345157242	-0.0245704259836	0.0197129727914	0.00953533723242	-0.0392279701569	-0.0449514815133	-0.0156294595734	0.0568551680675	-0.0472641050229	0.0789859950629	-0.0319211971305	0.0332433799574	0.00492907293814	-0.00370360825109	0.0138589001284	-0.00725741636151	-0.075102101569	0.0319884918414	0.0145680650559	0.0362643469487	-0.0454935660831	0.0357564305854	-0.0724823933348	-0.0543403718294	-0.00683491411974	-0.0217736853434	-0.0386720658873	-0.0419394041026	-0.0766245864649	0.00363106660276	-0.00189026283853	0.0161408483761
k__Bacteria;p__Proteobacteria;c__Betaproteobacteria;o__Burkholderiales;f__Sutterellaceae;g__Parasutterella;s__Parasutterella_excrementihominis	-0.0101495055368	-0.0409174144195	-0.0373729571503	-0.00426697305642	0.0209250964507	-0.0207096141124	-0.0220382422758	-0.00722063934558	-0.00356759803784	-0.0244102001669	-0.0119266178736	-0.0214639338098	-0.0137317845209	0.00362535894009	0.0062951445394	0.00962237581775	0.00450596854222	0.0150154241814	0.0604204757781	-0.0557320708011	-0.0722983525331	0.000750955185747	1.0	0.0319003379458	-0.043023794524	-0.0363690546287	-0.0249406379365	0.0151467247687	-0.0261843961137	-0.0169503789393	-0.0679513244872	-0.0156383570189	-0.0592476633108	-0.00972143472188	0.0221426788665	-0.0217688055753	0.00357866609635	0.0597692343476	-0.0191988293053	0.00693604356088	0.0406111450755	-0.0039939055504	0.0376958070687	-0.0332813392658	0.0214687460163	-0.0333821226245	-0.065658743814	-0.0601319444247	0.0216469004116	-0.0765707866445	-0.0185032956022	-0.0545511936198	0.00634372357252	-0.0795710743555	-0.0111645593978	-0.0129778247522	0.0188179443533	0.0180261404757	-0.0144749598243
k__Bacteria;p__Actinobacteria;c__Actinobacteria;o__Bifidobacteriales;f__Bifidobacteriaceae;g__Bifidobacterium;s__Bifidobacterium_adolescentis	-0.00976885480829	-0.0290169425283	0.0341751535777	0.00636629524891	-0.0417383722468	-0.0446450488478	-0.0424982923675	-0.0615184773953	0.0108401792596	0.00490226065369	0.00812639476008	-0.0114090078658	-0.0104885927767	-0.0523859652048	-0.0473377444374	-0.0661463465738	-0.0192309797334	0.0591092314769	0.000972765474463	0.0192396153644	0.0216280389965	0.0245787715859	0.0319003379458	1.0	-0.00273155818636	-0.0834676039807	-0.0339494997073	0.0531328829224	0.0130308418402	-0.0445605110711	0.00277388739895	-0.00628679350992	-0.0663005054817	-0.017655385199	-0.000799328329484	-0.065094370129	-0.0563364185426	0.0445849934563	0.00578970364855	0.00631794207105	-0.0194160680633	-0.00905016934185	0.0312299087101	0.0166675717718	0.0138609771627	0.0400050911978	-0.0323694573037	-0.000838905679154	-0.00482390688486	-0.0855550612579	0.0358315120152	-0.00203437030596	-0.00517340068286	0.0284034096131	-0.0525862911503	0.0390710326028	-0.0464993768909	-0.0203246822579	0.0186175222183
k__Bacteria;p__Firmicutes;c__Clostridia;o__Clostridiales;f__Oscillospiraceae;g__Oscillibacter;s__Oscillibacter_sp._KLE_1745	-0.0726336113359	0.0260565065728	0.00610429909299	-0.0515413545999	-0.0382446581568	0.012577103198	0.0230217449995	0.0457635757223	0.0288610821914	0.0152169761916	0.0131275149916	0.0653357533635	0.0160482436742	0.0305905423042	-0.0163864055788	-0.0450025183548	-0.0184069741055	-0.0153249571326	0.0500205520799	0.0286369163139	0.00596778676258	0.074719166572	-0.043023794524	-0.00273155818636	1.0	-0.0374077896178	0.0245118391096	-0.0457951573338	0.0458014723178	-0.0245660344215	-0.0530607073469	-0.050933754311	0.014395098705	-0.00886387491075	0.00905821375732	0.0600306311121	0.0292053207254	0.0192665992858	-0.0357328261677	-0.0450365089385	0.0121774189475	0.0161662166205	0.0146683487664	-0.029478256299	0.0232069579493	0.019514707265	0.00361907661009	-0.0201335957837	0.0568787165611	0.048570823456	-0.0460228375551	-0.0538180188966	0.019137086113	0.0278397734638	-0.0407544812911	-0.0327080522477	-0.0131969738851	-0.0168084157982	0.0161609627878
k__Bacteria;p__Bacteroidetes;c__Bacteroidia;o__Bacteroidales;f__Bacteroidaceae;g__Bacteroides;s__Bacteroides_coprophilus	0.00488853428303	-0.0315700722297	-0.0293458671926	-0.0344731096306	0.0250737927938	0.0133028797624	-0.0125568871005	-0.0292880227544	0.0118476909371	0.0346385923223	-0.0357022641723	0.0240839573802	0.0242586826814	-0.0149252904436	0.018919654904	0.0171492027307	0.00765512900551	0.0254278763744	-0.0443862137217	-0.0130648856324	-0.0325792789651	0.036658375216	-0.0363690546287	-0.0834676039807	-0.0374077896178	1.0	-0.0669199853914	-0.0222163616871	-0.0297041776189	-0.0746562044266	-0.0303737771117	-0.0874959108679	-0.00944039958093	-0.0118790927873	-0.00764873290359	-0.00369432353483	-0.0302779093158	-0.0419913704799	-0.0277714079445	0.0304146593129	-0.00975564225108	0.0241264933857	-0.0393418608329	0.0121732752767	-0.0279710639894	-0.0277436097954	-0.00563278229379	0.00300014768429	-0.0239774209214	0.0231055245646	-0.0485082076925	0.044506421495	-0.0272046379645	-0.0100742945374	0.00955137852634	0.0315072585122	-0.00985671624928	0.0339649756181	-0.0785945765506
k__Bacteria;p__Firmicutes;c__Clostridia;o__Clostridiales;f__Lachnospiraceae;g__Roseburia;s__Roseburia_intestinalis	-0.0565988052943	-0.0304301943184	-0.010796369613	-0.000758164571893	0.00657610504216	-0.0467053580604	-0.0177541493094	-0.00892284580316	0.0212959820441	0.0419068267376	0.0265993249979	0.0140141088251	0.00701788331855	-0.0231223437532	-0.0409317528355	0.0119476952005	-0.0113514132822	-0.0215351963665	-0.0616800439075	-0.0189128176601	-0.0537356475702	0.0568853178388	-0.0249406379365	-0.0339494997073	0.0245118391096	-0.0669199853914	1.0	-0.0204388849526	-0.0082397258581	0.0390601037026	-0.0237420750944	0.0204052657597	-0.0595990937053	0.0468720573315	-0.00694405768911	-0.0750890773682	-0.0387846538674	-0.0228237580265	0.0499796188149	0.0327136210709	-0.0136429618815	0.00249031523876	-0.0617784331016	0.0125917484045	-0.0363678303879	-0.0163684714126	-0.017192071363	0.0121580049759	-0.076797000852	0.00107328472536	-0.00339085918311	-0.0170042816965	0.0565319396362	0.0583297857607	-0.00458815522561	0.0137539778186	0.0723353230506	-0.0180633312205	-0.0311996503844
k__Bacteria;p__Firmicutes;c__Clostridia;o__Clostridiales;f__Lachnospiraceae;g__Roseburia;s__Roseburia_hominis	0.00802217068068	0.0244393929712	0.00557697989124	0.0101764143027	-0.0734073394223	0.0205881283238	0.0148170193134	-0.0246979857534	-0.00559678205351	0.0202772842436	0.0634262202853	-0.0235567349609	-0.0271698272382	-0.00365586228383	0.0179914774316	-0.00329799959094	-0.0772326900885	0.0853677180179	-0.050794358608	-0.00632585419615	-0.0251031118587	-0.014345157242	0.0151467247687	0.0531328829224	-0.0457951573338	-0.0222163616871	-0.0204388849526	1.0	-0.00343445330364	-0.0348894012816	-0.0279865124655	0.0189809318042	-0.0323697464263	-0.0428111002873	-0.00676465159203	0.00489676057613	0.0032220984371	-0.0142863880458	0.0475462637369	-0.0397024092755	-0.0432269010018	0.094860080511	-0.0287373193652	-0.0027751200324	0.0202165845545	-0.0273852203303	0.0456123287068	-0.0835119314062	-0.0074032324746	-0.0233932021335	0.00586855156362	-0.0663886046082	-0.0223835233042	-0.000818932212932	-0.0080978202822	-0.00472500482761	0.0250576711384	-0.0661835293162	0.0318214643473
k__Bacteria;p__Bacteroidetes;c__Bacteroidia;o__Bacteroidales;f__Porphyromonadaceae;g__Parabacteroides;s__Parabacteroides_johnsonii	-0.0562900734597	-0.047214617695	-0.00438281116239	-0.0131225358327	0.0172730994582	0.00438855439157	0.112969397076	0.00424682135792	0.0174665009407	0.00614590981804	0.00567223372857	-0.0350080065732	-0.0148641829143	0.000492897118467	-0.0479704780163	0.0175753114985	0.0451854040154	-0.0353241770506	-0.00986461860927	0.0121022796582	-0.0114397732506	-0.0245704259836	-0.0261843961137	0.0130308418402	0.0458014723178	-0.0297041776189	-0.0082397258581	-0.00343445330364	1.0	0.023601106806	-0.0202142359605	0.00193298358165	-0.011243361652	0.0191078886048	-0.0372067683966	-0.00629134199422	0.00281238290953	-0.00298955027299	0.0183412576077	0.00355297096911	-0.033421779505	-0.0487285792263	-0.0751392883868	-0.0624738876623	0.00445077171499	-0.0410171210034	-0.0786740510114	-0.0230582470871	0.0362417452841	-0.0035890913731	-0.0265537820475	-0.0583448166225	-0.0157968155146	0.0427314176246	0.0462924677609	-0.00685493718372	-0.00847673308697	-0.0179446701666	0.0519864082829
k__Bacteria;p__Actinobacteria;c__Actinobacteria;o__Bifidobacteriales;f__Bifidobacteriaceae;g__Bifidobacterium;s__Bifidobacterium_longum	0.0166776381068	-0.00443738937845	-0.0121581320055	0.0261945549116	-0.049598074538	-0.0840576617902	-0.0864883758666	-0.00117203509373	0.0217502533718	-0.0756042297663	-0.0223444816473	-0.0798167035158	-0.0137176650659	-0.00425911048858	-0.0449804816807	0.0452341363441	-0.0187114471506	-0.0300723015606	-0.0330564964658	0.0301549695496	0.0255000290438	0.0197129727914	-0.0169503789393	-0.0445605110711	-0.0245660344215	-0.0746562044266	0.0390601037026	-0.0348894012816	0.023601106806	1.0	0.0102956946654	-0.0614809684621	-0.046483781734	0.0487417910252	0.016635693478	-0.0121438797084	0.0112758488513	0.0383757941013	-0.0413152725278	0.0369291069178	0.0563735330893	0.063508433389	-0.00793660145709	-0.0199141317419	-0.0227244434921	-0.0410368913308	-0.0165229669128	0.0399481452842	-0.0156122825485	-0.0621327026779	0.0354778293758	0.0164144046613	0.0168911307844	-0.0304876933868	0.00948791204695	-0.0109858618327	0.0010708342358	-0.0560043140839	0.007299564109
