#taxonomy	k__Bacteria;p__Bacteroidetes;c__Bacteroidia;o__Bacteroidales;f__Bacteroidaceae;g__Bacteroides;s__Bacteroides_vulgatus	k__Bacteria;p__Bacteroidetes;c__Bacteroidia;o__Bacteroidales;f__Bacteroidaceae;g__Bacteroides;s__Bacteroides_uniformis	k__Bacteria;p__Bacteroidetes;c__Bacteroidia;o__Bacteroidales;f__Rikenellaceae;g__Alistipes;s__Alistipes_putredinis	k__Bacteria;p__Bacteroidetes;c__Bacteroidia;o__Bacteroidales;f__Prevotellaceae;g__Prevotella;s__Prevotella_copri	k__Bacteria;p__Bacteroidetes;c__Bacteroidia;o__Bacteroidales;f__Bacteroidaceae;g__Bacteroides;s__Bacteroides_stercoris	k__Bacteria;p__Bacteroidetes;c__Bacteroidia;o__Bacteroidales;f__Bacteroidaceae;g__Bacteroides;s__Bacteroides_ovatus	k__Bacteria;p__Bacteroidetes;c__Bacteroidia;o__Bacteroidales;f__Rikenellaceae;g__Alistipes;s__Alistipes_shahii	k__Bacteria;p__Firmicutes;c__Clostridia;o__Clostridiales;f__Ruminococcaceae;g__Faecalibacterium;s__Faecalibacterium_prausnitzii	k__Bacteria;p__Bacteroidetes;c__Bacteroidia;o__Bacteroidales;f__Rikenellaceae;g__Alistipes;s__Alistipes_finegoldii	k__Bacteria;p__Bacteroidetes;c__Bacteroidia;o__Bacteroidales;f__Porphyromonadaceae;g__Parabacteroides;s__Parabacteroides_distasonis	k__Bacteria;p__Bacteroidetes;c__Bacteroidia;o__Bacteroidales;f__Bacteroidaceae;g__Bacteroides;s__Bacteroides_thetaiotaomicron	k__Bacteria;p__Bacteroidetes;c__Bacteroidia;o__Bacteroidales;f__Bacteroidaceae;g__Bacteroides;s__Bacteroides_coprocola	k__Bacteria;p__Bacteroidetes;c__Bacteroidia;o__Bacteroidales;f__Bacteroidaceae;g__Bacteroides;s__Bacteroides_cellulosilyticus	k__Bacteria;p__Bacteroidetes;c__Bacteroidia;o__Bacteroidales;f__Rikenellaceae;g__Alistipes;s__Alistipes_obesi	k__Bacteria;p__Firmicutes;c__Clostridia;o__Clostridiales;f__Lachnospiraceae;g__;s__[Eubacterium]_rectale	k__Bacteria;p__Bacteroidetes;c__Bacteroidia;o__Bacteroidales;f__Bacteroidaceae;g__Bacteroides;s__Bacteroides_plebeius	k__Bacteria;p__Bacteroidetes;c__Bacteroidia;o__Bacteroidales;f__Bacteroidaceae;g__Bacteroides;s__Bacteroides_fragilis	k__Bacteria;p__Proteobacteria;c__Betaproteobacteria;o__Burkholderiales;f__Sutterellaceae;g__Sutterella;s__Sutterella_wadsworthensis	k__Bacteria;p__Bacteroidetes;c__Bacteroidia;o__Bacteroidales;f__Porphyromonadaceae;g__Barnesiella;s__Barnesiella_intestinihominis	k__Bacteria;p__Bacteroidetes;c__Bacteroidia;o__Bacteroidales;f__Odoribacteraceae;g__Odoribacter;s__Odoribacter_splanchnicus	k__Bacteria;p__Bacteroidetes;c__Bacteroidia;o__Bacteroidales;f__Bacteroidaceae;g__Bacteroides;s__Bacteroides_salyersiae	k__Bacteria;p__Firmicutes;c__Clostridia;o__Clostridiales;f__Ruminococcaceae;g__Ruminiclostridium;s__[Eubacterium]_siraeum	k__Bacteria;p__Proteobacteria;c__Betaproteobacteria;o__Burkholderiales;f__Sutterellaceae;g__Parasutterella;s__Parasutterella_excrementihominis	k__Bacteria;p__Actinobacteria;c__Actinobacteria;o__Bifidobacteriales;f__Bifidobacteriaceae;g__Bifidobacterium;s__Bifidobacterium_adolescentis	k__Bacteria;p__Firmicutes;c__Clostridia;o__Clostridiales;f__Oscillospiraceae;g__Oscillibacter;s__Oscillibacter_sp._KLE_1745	k__Bacteria;p__Bacteroidetes;c__Bacteroidia;o__Bacteroidales;f__Bacteroidaceae;g__Bacteroides;s__Bacteroides_coprophilus	k__Bacteria;p__Firmicutes;c__Clostridia;o__Clostridiales;f__Lachnospiraceae;g__Roseburia;s__Roseburia_intestinalis	k__Bacteria;p__Firmicutes;c__Clostridia;o__Clostridiales;f__Lachnospiraceae;g__Roseburia;s__Roseburia_hominis	k__Bacteria;p__Bacteroidetes;c__Bacteroidia;o__Bacteroidales;f__Porphyromonadaceae;g__Parabacteroides;s__Parabacteroides_johnsonii	k__Bacteria;p__Actinobacteria;c__Actinobacteria;o__Bifidobacteriales;f__Bifidobacteriaceae;g__Bifidobacterium;s__Bifidobacterium_longum	k__Bacteria;p__Firmicutes;c__Clostridia;o__Clostridiales;f__;g__Flavonifractor;s__Flavonifractor_plautii	k__Bacteria;p__Firmicutes;c__Clostridia;o__Clostridiales;f__Clostridiaceae;g__Clostridium;s__Clostridium_phoceensis	k__Bacteria;p__Verrucomicrobia;c__Verrucomicrobiae;o__Verrucomicrobiales;f__Akkermansiaceae;g__Akkermansia;s__Akkermansia_muciniphila	k__Bacteria;p__Bacteroidetes;c__Bacteroidia;o__Bacteroidales;f__Prevotellaceae;g__Paraprevotella;s__Paraprevotella_xylaniphila	k__Bacteria;p__Firmicutes;c__Clostridia;o__Clostridiales;f__Ruminococcaceae;g__Ruminococcus;s__Ruminococcus_callidus	k__Bacteria;p__Bacteroidetes;c__Bacteroidia;o__Bacteroidales;f__Rikenellaceae;g__Alistipes;s__Alistipes_senegalensis	k__Bacteria;p__Firmicutes;c__Clostridia;o__Clostridiales;f__Lachnospiraceae;g__Blautia;s__Blautia_sp._KLE_1732	k__Bacteria;p__Bacteroidetes;c__Bacteroidia;o__Bacteroidales;f__Bacteroidaceae;g__Bacteroides;s__Bacteroides_oleiciplenus	k__Bacteria;p__Firmicutes;c__Clostridia;o__Clostridiales;f__Ruminococcaceae;g__Ruminococcus;s__Ruminococcus_bicirculans	k__Bacteria;p__Bacteroidetes;c__Bacteroidia;o__Bacteroidales;f__Bacteroidaceae;g__Bacteroides;s__Bacteroides_fluxus	k__Bacteria;p__Bacteroidetes;c__Bacteroidia;o__Bacteroidales;f__Prevotellaceae;g__Prevotella;s__Prevotella_stercorea	k__Bacteria;p__Firmicutes;c__Clostridia;o__Clostridiales;f__Lachnospiraceae;g__Dorea;s__Dorea_longicatena	k__Bacteria;p__Firmicutes;c__Clostridia;o__Clostridiales;f__Eubacteriaceae;g__Eubacterium;s__[Eubacterium]_eligens	k__Bacteria;p__Firmicutes;c__Clostridia;o__Clostridiales;f__Ruminococcaceae;g__;s__Ruminococcaceae_bacterium_D16	k__Bacteria;p__Firmicutes;c__Clostridia;o__Clostridiales;f__Lachnospiraceae;g__Coprococcus;s__Coprococcus_comes	k__Bacteria;p__Proteobacteria;c__Gammaproteobacteria;o__Enterobacterales;f__Enterobacteriaceae;g__Escherichia;s__Escherichia_coli	k__Bacteria;p__Firmicutes;c__Clostridia;o__Clostridiales;f__Ruminococcaceae;g__Anaerotruncus;s__Anaerotruncus_colihominis	k__Bacteria;p__Firmicutes;c__Clostridia;o__Clostridiales;f__Lachnospiraceae;g__Blautia;s__Blautia_obeum	k__Bacteria;p__Bacteroidetes;c__Bacteroidia;o__Bacteroidales;f__Odoribacteraceae;g__Odoribacter;s__Odoribacter_laneus	k__Bacteria;p__Firmicutes;c__Clostridia;o__Clostridiales;f__Ruminococcaceae;g__Ruminiclostridium;s__[Clostridium]_leptum	k__Bacteria;p__Bacteroidetes;c__Bacteroidia;o__Bacteroidales;f__Porphyromonadaceae;g__Parabacteroides;s__Parabacteroides_goldsteinii	k__Bacteria;p__Firmicutes;c__Clostridia;o__Clostridiales;f__Lachnospiraceae;g__Anaerostipes;s__Anaerostipes_hadrus	k__Bacteria;p__Firmicutes;c__Clostridia;o__Clostridiales;f__Ruminococcaceae;g__Ruminococcus;s__Ruminococcus_lactaris	k__Bacteria;p__Firmicutes;c__Clostridia;o__Clostridiales;f__Clostridiaceae;g__Clostridium;s__Clostridium_sp._L2-50	k__Bacteria;p__Firmicutes;c__Clostridia;o__Clostridiales;f__Clostridiaceae;g__Clostridium;s__Clostridium_sp._M62/1	k__Bacteria;p__Firmicutes;c__Clostridia;o__Clostridiales;f__;g__Intestinimonas;s__Intestinimonas_butyriciproducens	k__Bacteria;p__Actinobacteria;c__Actinobacteria;o__Bifidobacteriales;f__Bifidobacteriaceae;g__Bifidobacterium;s__Bifidobacterium_bifidum	k__Bacteria;p__Firmicutes;c__Negativicutes;o__Veillonellales;f__Veillonellaceae;g__Dialister;s__Dialister_invisus	k__Bacteria;p__Bacteroidetes;c__Bacteroidia;o__Bacteroidales;f__Bacteroidaceae;g__Bacteroides;s__Bacteroides_salanitronis
k__Bacteria;p__Bacteroidetes;c__Bacteroidia;o__Bacteroidales;f__Bacteroidaceae;g__Bacteroides;s__Bacteroides_vulgatus	1.0	0.00838299007075	-0.00428939489141	0.0451348597978	0.0119802261502	0.00853850151399	0.0441665364334	0.00884605677781	-0.0594491749817	-0.0886560521265	-0.036629157825	0.0321554220242	0.013217122552	-0.0236870195914	0.0158574154381	-0.0213284359227	-0.0596240331968	0.0199476424017	0.0100824138036	-0.0520763738131	-0.0400404872423	-0.00149748626276	-0.00011806994845	0.00117054719214	-0.00329680905681	0.0124033243287	0.0307358947139	-0.00032332331568	-0.0279836092518	-0.0145740424974	-0.0175887057022	-0.000864388324521	-0.0121967210663	0.0599892305488	0.00735983374512	0.00931148080591	0.0258249739535	5.90421594465e-05	-0.0290576440852	0.0099050983311	0.0377989346455	0.00395105653669	-0.0241153721206	0.00860443059634	-0.0192939528499	0.00755913643904	0.0415878900365	-0.0079414601939	-0.069267598906	0.0461420454289	-0.00305237383684	-0.00284583672537	-0.0185447851369	0.0642548119379	-0.0545047962439	-0.0206049864422	0.0420717982408	-0.00889122452948	-0.0266653224298
k__Bacteria;p__Bacteroidetes;c__Bacteroidia;o__Bacteroidales;f__Bacteroidaceae;g__Bacteroides;s__Bacteroides_uniformis	0.00838299007075	1.0	0.0301430414734	0.0232962985124	0.00589334424849	-0.00779833078561	0.0212952011662	0.078038091188	0.0778639555738	0.0670661464686	-0.0268671280574	0.0015491809935	0.029870527472	0.00458056487305	-0.00328255019441	-0.0475227823308	-0.0772102885117	-0.0565172000173	-0.0433432432053	0.0101168203275	0.0442486245224	-0.0259695190466	0.0167416372201	-0.0407734943468	-0.0760290870324	0.0802239819569	-0.0802349996859	-0.0257274512397	-0.00599573813658	-0.0362601217976	-0.0764405060054	-0.0745745887966	0.0165897512948	-0.0312430466567	0.0887195009704	0.00518185609181	-0.0146126473585	-0.0562131000257	-0.00950854359665	-0.0805704039906	-0.0286828813706	-0.0602742991316	-0.0471204305057	-0.0988327125448	0.0486812194728	0.0215985166794	-0.0265814744785	0.0170348007735	0.0367202039864	-0.0211083872606	0.0266709251303	-0.0770361215045	0.0112814210334	-0.0261703810451	-0.017777308073	-0.0463588250807	0.0149699926316	0.0111342156935	-0.0252125251425
k__Bacteria;p__Bacteroidetes;c__Bacteroidia;o__Bacteroidales;f__Rikenellaceae;g__Alistipes;s__Alistipes_putredinis	-0.00428939489141	0.0301430414734	1.0	-0.0184532323659	-0.0476525089679	-0.00858072214797	-0.0149675107179	-0.0203082086631	-0.0481647348457	-0.0423490493237	-0.00330340431637	0.0334234438293	-0.00374150848448	0.0196793548194	-0.00969315784572	0.0101168161834	0.0684193168348	0.021475030663	-0.017183168694	-0.0103172023854	-0.00505492446373	-0.0354571278022	-0.0575829916004	-0.000673948447702	0.0592931758656	-0.00751039968886	0.0122151768446	-0.0570976036348	-0.0493014062446	-0.0256099306074	-0.0211589907456	0.0252940111851	-0.00551739116253	-0.00490178360475	-0.0580864444597	-0.0866717538154	-0.00849538814313	-0.0152278697404	-0.000721752761921	-0.0493638064575	0.0463349240532	0.0568518706872	-0.00926866404829	-0.0244531470536	0.0138838447519	-0.00185049265586	-0.0403584392237	0.0256889817625	0.0260736320275	0.0352781014248	-0.0607544800643	-0.0473400997433	0.0668998449905	0.039717631427	0.00660589456676	0.00953590473432	-0.0151603555533	-0.00927723179589	0.00316462706916
k__Bacteria;p__Bacteroidetes;c__Bacteroidia;o__Bacteroidales;f__Prevotellaceae;g__Prevotella;s__Prevotella_copri	0.0451348597978	0.0232962985124	-0.0184532323659	1.0	0.0109632928075	-0.0024536065236	-0.0512818099158	0.0269139273291	-0.0600504547079	-0.041232079429	0.019864267629	-0.0254844762484	0.0397023430982	-0.0272254016055	-0.0574584918953	0.0307103332195	0.0110168268316	-0.0576221506701	-0.0525414624464	0.0126386409986	0.020102262195	0.00250268815682	-0.0421474812294	-0.0635379608089	-0.0392629461263	0.0184757973586	0.00795103625675	0.0156540301325	0.0186631118678	0.00421026325945	-0.0860149499273	0.0236337208137	-0.0506585083622	-0.0433274643427	-0.0497722677128	-0.0152020503454	-0.0125308417351	0.0585130323086	0.0234467595526	-0.0647311050493	0.0755755863605	0.0152940501711	-0.0434431940295	0.0588056806466	0.0259563463356	0.0331398769907	0.0308416720195	-0.0032187111285	0.017193333261	-0.0387316673372	-0.00325957116155	-0.00296177346346	0.0512677137536	-0.0681300380064	0.0419924928176	-0.0322843269296	-0.050750097751	-0.017573989271	-0.0424469425642
k__Bacteria;p__Bacteroidetes;c__Bacteroidia;o__Bacteroidales;f__Bacteroidaceae;g__Bacteroides;s__Bacteroides_stercoris	0.0119802261502	0.00589334424849	-0.0476525089679	0.0109632928075	1.0	-0.0010880551127	-0.0227618342302	0.0288117446095	-0.0300544573693	-0.014458816732	-0.00654255347516	0.00303069066264	0.0149725538369	0.0341492601335	0.0012248923443	-0.0732427222985	-0.0270169306277	-0.0332637903175	-0.00695797403427	0.0182904501641	0.0160984314428	0.0717094011654	0.0276066278637	-0.0401630330334	-0.0153999801999	-0.00216462957486	0.0231303354958	-0.051420344524	0.0285627614914	0.00105254061786	0.0444462412086	0.000624647881545	-0.0424709420211	0.0384411231637	-0.0838987767581	-0.0276776806837	-0.0358489608403	0.07770986185	-0.0736490075249	-0.0277392699106	-0.0184466570218	0.0294511362458	-0.0252057170137	0.00616481984401	0.033004925334	0.0356352241486	-0.0508717155265	-0.0447191181991	0.0544720399046	-0.000723878177175	-0.0691558778384	-0.0843806667125	-0.00735033189041	-0.029348559068	-0.0379982371752	-0.0163023707698	-0.0194500902733	0.0573434626697	-0.0272494944404
k__Bacteria;p__Bacteroidetes;c__Bacteroidia;o__Bacteroidales;f__Bacteroidaceae;g__Bacteroides;s__Bacteroides_ovatus	0.00853850151399	-0.00779833078561	-0.00858072214797	-0.0024536065236	-0.0010880551127	1.0	-0.0271990614218	-0.0284938778997	-0.0327653425484	0.0361046957562	-0.00792332546913	-0.0978583469722	-0.03538256223	-0.000283538445772	0.0185986470422	-0.00995423824357	0.0782806361407	0.0357506666685	-0.0734973713548	-0.069075777904	0.0149487641313	0.0220151439887	0.0242212203871	0.044175232988	0.0442263470648	-0.0833395488228	0.0529407507907	0.0274013504069	-0.0117812989801	-0.0207804272673	-0.00818412086529	0.0245847991511	0.00956155429606	-0.037982494137	-0.027728027302	-0.0360531757396	-0.0194557286426	0.00270589064187	-0.0310187587961	0.000875300079817	-0.0584051066509	-0.0017815385543	0.0543172782243	0.0353522092854	0.0166838192921	-0.0349707404385	0.0115249571485	0.0286103709137	0.0333990740112	-0.0435191087846	0.0213889509632	0.0392460084551	0.0387590988496	-0.056560895343	-0.0930780078731	-0.0019352424329	-0.0141701698051	0.00277158058343	0.00471932439982
k__Bacteria;p__Bacteroidetes;c__Bacteroidia;o__Bacteroidales;f__Rikenellaceae;g__Alistipes;s__Alistipes_shahii	0.0441665364334	0.0212952011662	-0.0149675107179	-0.0512818099158	-0.0227618342302	-0.0271990614218	1.0	-0.0356713688512	-0.00221838215895	-0.00759528261734	-0.0267458362653	0.00723007368339	-0.0263572994461	-0.00729918318078	0.0214704443237	-0.00858512579825	-0.0716816609133	-0.0284095706229	0.0585298885114	0.0625468675054	-0.0779831599255	-0.0340479847197	0.0294408116623	0.023721734821	0.0185372237091	0.0540018757529	-0.0128977106199	0.0492147570027	-0.0129407250044	0.0190936927365	-0.020562312056	0.0202470369757	-0.00713567836011	-0.0095163491262	0.0151380792949	0.0207317946061	0.0412891598611	-0.0512220433177	0.0173983600314	0.03381803476	-0.0218825879059	0.0285941740313	0.00791755504065	0.0066904004539	-0.0228527021399	-0.00922948074255	0.0249082185403	-0.0310101752177	-0.077165617568	-0.0406799283148	0.014336193423	0.0219256817874	-0.0288404184748	-0.0225959377969	0.00447509593068	0.00290735228747	-0.0133648668689	0.00241108403504	-0.0205321816929
k__Bacteria;p__Firmicutes;c__Clostridia;o__Clostridiales;f__Ruminococcaceae;g__Faecalibacterium;s__Faecalibacterium_prausnitzii	0.00884605677781	0.078038091188	-0.0203082086631	0.0269139273291	0.0288117446095	-0.0284938778997	-0.0356713688512	1.0	0.000134329209415	0.0173130619793	-0.0156903535659	-0.00766877293122	-0.0199173471852	0.0177852592604	0.0421424610033	-0.0375398769843	-0.0437935471173	0.0454935865008	0.00960057543275	-0.0318793575511	0.0436813801781	-0.0342252433506	-0.0368517306939	-0.0363486586447	-0.0337937798217	0.0216436173146	-0.0861919812855	-0.0313878590146	0.00937288295252	0.0252122218431	-0.0209780195877	-0.09177468012	-0.0282512770659	0.040453249374	0.0704008531079	0.0390140121781	-0.0252106160634	0.0684217944625	-0.012128129166	-0.0390119946748	-0.0449551459191	-0.035904698588	-0.0064010026472	-0.0194468632448	-0.0335972811964	0.0920878273851	0.0205280752886	0.00545949633993	0.0102900130361	-0.0696071205274	-0.0462214517168	-0.0320577549605	-0.021436657781	-0.0686946194631	-0.013754611623	-0.0249848443236	0.00882049383863	-0.0262471867692	0.0132926357481
k__Bacteria;p__Bacteroidetes;c__Bacteroidia;o__Bacteroidales;f__Rikenellaceae;g__Alistipes;s__Alistipes_finegoldii	-0.0594491749817	0.0778639555738	-0.0481647348457	-0.0600504547079	-0.0300544573693	-0.0327653425484	-0.00221838215895	0.000134329209415	1.0	-0.0440410446755	0.0350228705761	0.0187139383682	-0.0178677451376	-0.0453610867419	-0.0364516366223	-0.0632199661717	-0.0341087056224	-0.0226618896549	-0.0228494432583	0.0575894241553	-0.0372856780344	-0.0782444327912	-0.011059431521	-0.0111390010154	0.0164427844405	0.00219963024123	-0.0367208092863	-0.0230338346424	0.0502729813637	0.00300480546702	0.0216170208197	0.0117492194532	-0.0524944227212	0.046277447307	-0.0830068838381	-0.0490644374111	-0.00856074285533	-0.041136406847	0.0266051002108	0.017748077257	-0.032140044265	-0.0456574288785	0.0205177918594	-0.0127099483657	0.0427979951532	-0.0157644984621	-0.00400773863056	0.0288388753549	0.00917425040698	-0.074840471701	0.0429539706024	0.0291372565689	-0.0245557956185	-0.0246079120751	-0.0110480160202	0.0587614208643	0.0159381551236	0.0161336443084	0.0536309262602
k__Bacteria;p__Bacteroidetes;c__Bacteroidia;o__Bacteroidales;f__Porphyromonadaceae;g__Parabacteroides;s__Parabacteroides_distasonis	-0.0886560521265	0.0670661464686	-0.0423490493237	-0.041232079429	-0.014458816732	0.0361046957562	-0.00759528261734	0.0173130619793	-0.0440410446755	1.0	-0.0382491627652	0.0550597321266	-0.067806050848	0.0310062997687	0.0240494346569	0.0442589538098	-0.00871409460439	0.0169355113092	0.0378821178136	-0.00858251139428	-0.0137949469826	-0.0280883166046	-0.0743937691439	-0.0258683102519	0.0038266485032	-0.00383327644017	-0.00534251070449	-0.0885200370887	-0.0576865111334	-0.000181127599627	-0.023744211616	-0.00494112176545	-0.0196087097386	0.0411590337438	-0.0379655105873	-0.0102462133628	-0.00757552642518	-0.0571472551719	0.00989447297225	0.00433695046637	-0.00350390137181	0.03571843481	-0.0168984858791	0.01955743483	-0.0190308772397	0.0225009111091	0.0210903373699	-0.000430716267475	0.0425207412643	0.0600042236315	-0.0254209137344	-0.00827317259714	0.0127184139037	0.0612279477689	-0.0325772149785	-0.028456524681	-0.0616040923989	-0.0281716531766	0.00975738422428
k__Bacteria;p__Bacteroidetes;c__Bacteroidia;o__Bacteroidales;f__Bacteroidaceae;g__Bacteroides;s__Bacteroides_thetaiotaomicron	-0.036629157825	-0.0268671280574	-0.00330340431637	0.019864267629	-0.00654255347516	-0.00792332546913	-0.0267458362653	-0.0156903535659	0.0350228705761	-0.0382491627652	1.0	0.0126788139142	-0.0425779846632	0.00128576699155	-0.033311476429	0.00276024911904	-0.00622811468935	0.0317911650948	0.00609173333836	-0.0305765048311	0.00369949967871	0.00947650203811	-0.0458807058587	-0.0131564058485	-0.0535565958191	-0.0304049337156	-0.031125924191	0.00216197912574	0.0423908968697	-0.0377117953044	0.0642693705812	-0.0154403038392	0.0196885044129	-0.0625994891373	0.00642480958823	-0.0178879370706	-0.0259907684248	-0.00875417338245	-0.0395770584781	-0.0308397152981	-0.0174578114948	-0.0753140324142	-0.0378193504366	0.0617872104303	0.0278670150283	-0.0173158773917	0.0445019625459	-0.0365805102489	0.0194398473543	-0.0205599936245	-0.0747721403684	-0.0726461597309	-0.00295689628572	0.0108228399922	0.0764248319785	-0.0233752678617	-0.0380224050796	0.0119067766915	-0.0396874678547
k__Bacteria;p__Bacteroidetes;c__Bacteroidia;o__Bacteroidales;f__Bacteroidaceae;g__Bacteroides;s__Bacteroides_coprocola	0.0321554220242	0.0015491809935	0.0334234438293	-0.0254844762484	0.00303069066264	-0.0978583469722	0.00723007368339	-0.00766877293122	0.0187139383682	0.0550597321266	0.0126788139142	1.0	-0.0358711472851	-0.044352663948	-0.00943627014137	-0.0517525680598	-0.05561980713	-0.0441940923864	0.0495523417371	0.00636072697463	0.0287398130667	-0.0861211698268	-0.0230726289511	-0.0799137069286	0.0374786892235	0.0262591839557	0.020101787194	-0.0181173336242	-0.0499240844751	0.00182981158148	-0.00504711451732	0.000250712848501	0.016870166547	-0.00751553823995	-0.065012877102	-0.0402518885275	-0.0682977705875	-0.012869787432	0.0214897193976	-0.00638370214047	-0.0158939705756	0.0142700331627	0.0520018701777	0.035778918896	0.00928851564191	-0.0181796919395	0.0382020148632	-0.0172273548107	-0.0227398643977	-0.0689963259045	-0.0211758766924	0.0288765265331	0.0306956254883	-7.63008112082e-05	-0.0175505492228	0.0210931293464	-0.0216501124137	-0.0119208563946	0.0413011091067
k__Bacteria;p__Bacteroidetes;c__Bacteroidia;o__Bacteroidales;f__Bacteroidaceae;g__Bacteroides;s__Bacteroides_cellulosilyticus	0.013217122552	0.029870527472	-0.00374150848448	0.0397023430982	0.0149725538369	-0.03538256223	-0.0263572994461	-0.0199173471852	-0.0178677451376	-0.067806050848	-0.0425779846632	-0.0358711472851	1.0	0.00276161855982	0.0255755603528	-0.0349480003697	-0.0236916752478	-0.0778243714869	-0.0191483489918	0.0722810652004	-0.0537344621122	-0.0142307126061	-0.044448198142	0.0570255841727	0.022642450483	-0.0888453273028	0.000514201487783	-0.00239435848021	-0.00650482211165	-0.0463435220977	-0.0287992506721	-0.00682099208373	-0.0181105865717	-0.0119712631953	0.0694926003855	-0.0116217404991	0.0214220840762	-0.0330148122989	0.00347035574981	-0.0480274439163	0.011529494595	0.046940247042	-0.00969532506171	-0.0177982784114	-0.0147866445969	0.0293062819849	-0.00424229357476	0.0732054971309	0.0242295003873	-0.0174923653058	0.016172661955	0.0198761719508	0.056047928585	0.0065471341639	-0.0524289066175	0.0029963953786	-0.0148040367966	-0.0764785520065	0.0445532768519
k__Bacteria;p__Bacteroidetes;c__Bacteroidia;o__Bacteroidales;f__Rikenellaceae;g__Alistipes;s__Alistipes_obesi	-0.0236870195914	0.00458056487305	0.0196793548194	-0.0272254016055	0.0341492601335	-0.000283538445772	-0.00729918318078	0.0177852592604	-0.0453610867419	0.0310062997687	0.00128576699155	-0.044352663948	0.00276161855982	1.0	-0.0455311723074	-0.00163336714922	0.0927244592841	-0.0110017939768	0.0238864827171	-0.0458456784782	-0.0293474995995	0.00429995456647	-0.0139270460539	0.0168153296042	-0.0348099054775	-0.0201994535625	0.0456747864536	-0.104961892428	-0.00855160850693	-0.0288397186527	0.0214146893008	-0.00642278154197	0.0309959954163	0.0579590597064	-0.0630667080605	-0.0444783979327	-0.0450951627662	0.0176305842528	0.0174045499944	0.0142458066149	-0.00543528172069	-0.0808793613968	-0.00995964853085	0.0216583113537	-0.108816770345	-0.0566639626361	0.0101314957455	-0.046369696106	0.000195574222766	0.0466522414786	0.000990014381672	-0.0481517693351	0.0502052181046	0.0278565694454	-0.0117551056347	-0.0231447432066	-0.0243530174513	0.010537951068	0.0397081777645
k__Bacteria;p__Firmicutes;c__Clostridia;o__Clostridiales;f__Lachnospiraceae;g__;s__[Eubacterium]_rectale	0.0158574154381	-0.00328255019441	-0.00969315784572	-0.0574584918953	0.0012248923443	0.0185986470422	0.0214704443237	0.0421424610033	-0.0364516366223	0.0240494346569	-0.033311476429	-0.00943627014137	0.0255755603528	-0.0455311723074	1.0	-0.0585414792243	-0.0947466354716	0.00908922585084	-0.0230230294589	0.00258724868109	-0.038918086273	-0.00406037610979	0.0334307492355	0.026358119615	0.00736541853578	0.00321946479963	0.0357984590438	0.0320681104317	-0.0823970415875	0.0183390962432	0.00534814984411	0.0250807175915	0.0457961665038	0.0117900081149	0.0120571247556	0.00743084643946	0.00823759250484	-0.0357383863743	-0.0131470302016	-0.0543155426057	-0.00632978137771	-0.0113802837154	0.00944057695107	0.00997252912208	-0.0177368014764	-0.00026233226635	-0.0360668999592	-0.090566093268	0.0527042156132	0.0333671400452	-0.0304052873634	-0.0252720766417	-0.06888858291	0.0215529323168	-0.026155112802	0.0347081529272	-0.030483896852	0.00674136105692	0.0136278624701
k__Bacteria;p__Bacteroidetes;c__Bacteroidia;o__Bacteroidales;f__Bacteroidaceae;g__Bacteroides;s__Bacteroides_plebeius	-0.0213284359227	-0.0475227823308	0.0101168161834	0.0307103332195	-0.0732427222985	-0.00995423824357	-0.00858512579825	-0.0375398769843	-0.0632199661717	0.0442589538098	0.00276024911904	-0.0517525680598	-0.0349480003697	-0.00163336714922	-0.0585414792243	1.0	-0.00194344827116	0.0204096278512	-0.0209776646533	-0.0385086329632	-0.0586680315316	0.000526518736279	0.0634996399578	0.0131525804761	-0.0194106459352	0.0439935811005	0.00504848046791	-0.021506038843	0.0817665469251	0.0561438656006	0.0328058917714	0.0317311266747	0.030556270707	0.0402250027013	0.00613797945851	0.0118085313068	-0.0496360536538	0.0425069241479	0.0264115438168	-0.0147785124082	-0.06229523276	0.00261756235542	-0.0145979282001	-0.0390803272143	-0.094060061035	0.00387943907472	0.0226269072377	-0.0288278431267	-0.0764849677683	-0.0169916903482	0.00944792143768	-0.078270221803	0.000191936776613	-0.0581364350947	-0.0127135552086	-0.000777564191441	-0.0151201303036	0.0251954006766	0.042247701837
k__Bacteria;p__Bacteroidetes;c__Bacteroidia;o__Bacteroidales;f__Bacteroidaceae;g__Bacteroides;s__Bacteroides_fragilis	-0.0596240331968	-0.0772102885117	0.0684193168348	0.0110168268316	-0.0270169306277	0.0782806361407	-0.0716816609133	-0.0437935471173	-0.0341087056224	-0.00871409460439	-0.00622811468935	-0.05561980713	-0.0236916752478	0.0927244592841	-0.0947466354716	-0.00194344827116	1.0	0.0074662327716	0.0406674049712	-0.0251131723445	0.0660000862324	-0.00919277937443	-0.0666691273509	-0.00106365821607	0.00487389099123	-0.0376359809275	-0.0151090304483	0.022057868983	-0.0288499523655	-0.047601607236	-0.00971968863125	0.032482621972	0.0168825199147	-0.0286450695494	0.0348379672853	-0.0368298760963	0.0164822313893	-0.0414854420605	-0.024902557474	-0.0824033411771	0.0395794972644	-0.018903498448	-0.0113845447792	0.0355447702598	-0.0450808034804	-0.0303992470007	-0.0480769672332	-0.070475401862	-0.00853892326523	0.0446380092395	-0.0883797169285	0.0155713750361	-0.0352682671094	0.0099323968472	0.0240386971708	-0.0852217330473	-0.0185745811815	-0.0539327602351	0.00317434750226
k__Bacteria;p__Proteobacteria;c__Betaproteobacteria;o__Burkholderiales;f__Sutterellaceae;g__Sutterella;s__Sutterella_wadsworthensis	0.0199476424017	-0.0565172000173	0.021475030663	-0.0576221506701	-0.0332637903175	0.0357506666685	-0.0284095706229	0.0454935865008	-0.0226618896549	0.0169355113092	0.0317911650948	-0.0441940923864	-0.0778243714869	-0.0110017939768	0.00908922585084	0.0204096278512	0.0074662327716	1.0	0.0312809299029	-0.0546827200207	0.0279550149991	-0.00588116156184	0.0182559771405	0.000923382922753	0.00174302769004	0.0297958473751	-0.0529017256427	0.0539241313423	0.0228767014011	-0.0434732674524	0.005466637299	-0.0689200173133	0.0169460349461	-0.00476595948027	-0.0054210370965	-0.0236040869576	0.00194356210459	0.0182741807978	-0.000814494460296	-0.0266009504993	-0.00596168688214	0.0770399285863	-0.0466684783127	0.00265194300965	0.0301063520293	-0.0126031162988	-0.0668398425523	0.010151397038	-0.0272612079697	0.00867966050003	-0.0383684979809	0.0543531267104	-0.0494148649877	-0.0442089018966	0.0460735103135	-0.0511034854684	0.00967022036856	0.0138300666893	-0.0142555096562
k__Bacteria;p__Bacteroidetes;c__Bacteroidia;o__Bacteroidales;f__Porphyromonadaceae;g__Barnesiella;s__Barnesiella_intestinihominis	0.0100824138036	-0.0433432432053	-0.017183168694	-0.0525414624464	-0.00695797403427	-0.0734973713548	0.0585298885114	0.00960057543275	-0.0228494432583	0.0378821178136	0.00609173333836	0.0495523417371	-0.0191483489918	0.0238864827171	-0.0230230294589	-0.0209776646533	0.0406674049712	0.0312809299029	1.0	-0.0133580012342	-0.0508409954413	-0.0124477095267	0.0482408199002	0.0224353540754	-0.0564732550236	0.0582107219636	0.0314817398418	0.0808014751974	0.0336350473627	0.0580102428802	0.0405627154142	0.0117008552841	-0.0360369962546	-0.0519212515271	0.0322096649001	0.00161111725418	-0.0441740058607	0.0124888601862	-0.00768908942735	0.00239495373538	-0.00878739555071	0.00121016422012	-0.00174000762286	-0.0396202586097	0.012916587722	-0.0390123882762	-0.0385328720663	-0.0708459632347	-0.0320583514816	-0.069983680293	-0.00154424938519	-0.0741989370526	0.0276963002469	-0.0345865215142	-0.0124300145469	0.0434425577741	-3.7369294614e-05	-0.0240165408269	-0.0661592799634
k__Bacteria;p__Bacteroidetes;c__Bacteroidia;o__Bacteroidales;f__Odoribacteraceae;g__Odoribacter;s__Odoribacter_splanchnicus	-0.0520763738131	0.0101168203275	-0.0103172023854	0.0126386409986	0.0182904501641	-0.069075777904	0.0625468675054	-0.0318793575511	0.0575894241553	-0.00858251139428	-0.0305765048311	0.00636072697463	0.0722810652004	-0.0458456784782	0.00258724868109	-0.0385086329632	-0.0251131723445	-0.0546827200207	-0.0133580012342	1.0	0.0261149665135	-0.0535819559741	-0.0191237149571	-0.0365409861297	0.0481919562575	-0.0172914345895	-0.00208978126455	-0.00436349186521	-0.0183016420574	-0.0624740043428	0.0095649926322	0.0471505988853	-0.00431175339175	-0.0801008008897	-0.054067967505	-0.0787176888385	-0.0100281734762	0.0193544238752	0.015216737767	0.0094414802702	0.0188252426609	0.0335368887274	-0.0166518732078	0.00099328025217	-0.00223707054224	-0.0089835008832	0.033739583256	-0.00282332861607	-0.00400651156678	-0.0206155362377	0.0665190475859	0.0191648017906	-0.0383065083686	0.0216255627774	-0.0020460092841	-0.0597442273817	-0.031282439528	-0.0717457945191	0.0201821756677
k__Bacteria;p__Bacteroidetes;c__Bacteroidia;o__Bacteroidales;f__Bacteroidaceae;g__Bacteroides;s__Bacteroides_salyersiae	-0.0400404872423	0.0442486245224	-0.00505492446373	0.020102262195	0.0160984314428	0.0149487641313	-0.0779831599255	0.0436813801781	-0.0372856780344	-0.0137949469826	0.00369949967871	0.0287398130667	-0.0537344621122	-0.0293474995995	-0.038918086273	-0.0586680315316	0.0660000862324	0.0279550149991	-0.0508409954413	0.0261149665135	1.0	0.0157527713661	-0.0079643270486	0.00496012014073	-0.0220971545721	-0.0183705055919	-0.0143497168194	0.00780715796238	-0.0358633638321	-0.0714482114828	-0.00931042589778	-0.0575406347322	-0.0297496211219	0.0259427071723	-0.0122117487112	-0.0252320161907	-0.0701284357235	-0.00990200636128	0.0269139003672	0.0278549457004	0.0701221700933	0.0530661327932	0.0279633413845	0.052736107884	-0.0131855568976	-0.00967202981636	-0.0918192976213	0.00335353723428	-0.0498235465119	-0.0281895631883	0.031825924565	-0.0129394573316	0.0251421117315	0.0152818446296	-0.0285504897642	-0.0595824132698	-0.003357134901	-0.0559673017816	-0.0165229190056
k__Bacteria;p__Firmicutes;c__Clostridia;o__Clostridiales;f__Ruminococcaceae;g__Ruminiclostridium;s__[Eubacterium]_siraeum	-0.00149748626276	-0.0259695190466	-0.0354571278022	0.00250268815682	0.0717094011654	0.0220151439887	-0.0340479847197	-0.0342252433506	-0.0782444327912	-0.0280883166046	0.00947650203811	-0.0861211698268	-0.0142307126061	0.00429995456647	-0.00406037610979	0.000526518736279	-0.00919277937443	-0.00588116156184	-0.0124477095267	-0.0535819559741	0.0157527713661	1.0	0.0044278734736	0.0413403793693	-0.00813524947688	-0.0526385476475	0.00226691463761	-0.0183834850578	-0.028378686719	0.0110914934676	0.0557895957123	0.0130857344848	-0.00755293306849	-0.0292617841952	-0.0120857096144	0.0920990812554	-0.0227537770671	0.0421097756427	-0.0723382118868	-0.037427974669	-0.0146276236593	-0.00241630243796	-0.0343648588096	-0.031051389978	-0.0184929856636	-0.0161672638093	-0.0199224928698	0.0182711821999	0.0454016513347	-0.0463739145585	-0.0134953768052	-0.0419980257579	-0.0113782073363	0.00607880796125	0.0528993285534	-0.0376026957536	0.00649634271737	-0.0752722012712	0.0389190393599
k__Bacteria;p__Proteobacteria;c__Betaproteobacteria;o__Burkholderiales;f__Sutterellaceae;g__Parasutterella;s__Parasutterella_excrementihominis	-0.00011806994845	0.0167416372201	-0.0575829916004	-0.0421474812294	0.0276066278637	0.0242212203871	0.0294408116623	-0.0368517306939	-0.011059431521	-0.0743937691439	-0.0458807058587	-0.0230726289511	-0.044448198142	-0.0139270460539	0.0334307492355	0.0634996399578	-0.0666691273509	0.0182559771405	0.0482408199002	-0.0191237149571	-0.0079643270486	0.0044278734736	1.0	-0.0408740665183	-0.0243348181242	0.0188958422674	0.0518670135329	0.0324081192636	-0.0190823401524	-0.0242138008163	0.00857006026354	0.0105804159587	-0.0219276632625	-0.0125438804873	-0.0199363266694	-0.0287031082376	0.00194492902351	-0.0623952539661	-0.0568474764448	-0.0367742352849	-0.0601483620157	-0.0270146577624	-0.0287210277527	-0.00380877521237	0.0320436239014	0.00826344070261	0.0252191145676	0.0137020342788	-0.0178437723233	-0.0198223468555	-0.0517239741137	0.0321638180601	-0.0265588265719	0.00617191525174	-0.0230750141833	0.0478991788503	-0.0106453049937	-0.0567168305482	0.0304703047348
k__Bacteria;p__Actinobacteria;c__Actinobacteria;o__Bifidobacteriales;f__Bifidobacteriaceae;g__Bifidobacterium;s__Bifidobacterium_adolescentis	0.00117054719214	-0.0407734943468	-0.000673948447702	-0.0635379608089	-0.0401630330334	0.044175232988	0.023721734821	-0.0363486586447	-0.0111390010154	-0.0258683102519	-0.0131564058485	-0.0799137069286	0.0570255841727	0.0168153296042	0.026358119615	0.0131525804761	-0.00106365821607	0.000923382922753	0.0224353540754	-0.0365409861297	0.00496012014073	0.0413403793693	-0.0408740665183	1.0	-0.0104069880097	0.0257061852122	-0.022044898179	-0.0107489706048	-0.0111585292331	0.00214361649296	-0.0304021802442	-0.069997784349	-0.0487165470213	-0.0241703236702	-0.0761165056814	0.0330542146789	-0.0332724405307	-0.00354198919383	-0.0146142326789	0.00141326931332	-0.06211682092	0.00422721767998	-0.0165745051001	-0.00873441542385	-0.0370345114632	0.00842854631111	0.0834754427313	0.0227457924073	-0.0463581507582	0.0284980359287	0.0136463971515	-0.0112149676519	0.00452433675327	0.00440669286828	0.0030750432724	0.000372208212878	-0.0437204365089	-0.0160138404219	0.0256875252919
k__Bacteria;p__Firmicutes;c__Clostridia;o__Clostridiales;f__Oscillospiraceae;g__Oscillibacter;s__Oscillibacter_sp._KLE_1745	-0.00329680905681	-0.0760290870324	0.0592931758656	-0.0392629461263	-0.0153999801999	0.0442263470648	0.0185372237091	-0.0337937798217	0.0164427844405	0.0038266485032	-0.0535565958191	0.0374786892235	0.022642450483	-0.0348099054775	0.00736541853578	-0.0194106459352	0.00487389099123	0.00174302769004	-0.0564732550236	0.0481919562575	-0.0220971545721	-0.00813524947688	-0.0243348181242	-0.0104069880097	1.0	-0.00779495702657	0.0135737267137	0.00101198791644	0.0235364507505	-0.0974900646205	-0.0236225066597	-0.0250205325253	0.0518239052438	-0.0495931354853	-0.00960010290912	0.0474713294443	0.0858522341659	0.00616172572127	0.0743198511542	-0.00445672171492	0.00146976202069	0.0218353915319	-0.0111572550412	-0.00582544033188	-0.042974530264	-0.00422963545888	0.00836627911143	0.0288828236405	-0.0596399501602	-0.0373406462541	-0.0400345870295	0.0276363030474	-0.0392255135796	-0.0151516070356	-0.0231927482896	0.0449490097867	-0.020993642937	0.0153853570894	0.00771095436873
k__Bacteria;p__Bacteroidetes;c__Bacteroidia;o__Bacteroidales;f__Bacteroidaceae;g__Bacteroides;s__Bacteroides_coprophilus	0.0124033243287	0.0802239819569	-0.00751039968886	0.0184757973586	-0.00216462957486	-0.0833395488228	0.0540018757529	0.0216436173146	0.00219963024123	-0.00383327644017	-0.0304049337156	0.0262591839557	-0.0888453273028	-0.0201994535625	0.00321946479963	0.0439935811005	-0.0376359809275	0.0297958473751	0.0582107219636	-0.0172914345895	-0.0183705055919	-0.0526385476475	0.0188958422674	0.0257061852122	-0.00779495702657	1.0	0.00903676720429	-0.0517523998706	-0.0605017016344	-0.0551553018221	0.0103531917639	0.0195084165433	-0.0480500701473	0.0559048376528	-0.0521313911493	0.0164170082675	0.0248853264698	0.00859569432028	0.00131359036791	0.0209638326503	-0.0968490897436	-0.0200739277413	-0.0307526846092	-0.00375884962111	0.0146857870968	-0.0470971349409	0.00286434529377	0.00452885927057	-0.0116703176695	0.0197768488402	-0.0189673179239	0.00047206513546	-0.0288405006552	-0.0222419022766	-0.0248502645221	-0.0429421165189	0.00907346779309	0.0423285405771	0.0152762660468
k__Bacteria;p__Firmicutes;c__Clostridia;o__Clostridiales;f__Lachnospiraceae;g__Roseburia;s__Roseburia_intestinalis	0.0307358947139	-0.0802349996859	0.0122151768446	0.00795103625675	0.0231303354958	0.0529407507907	-0.0128977106199	-0.0861919812855	-0.0367208092863	-0.00534251070449	-0.031125924191	0.020101787194	0.000514201487783	0.0456747864536	0.0357984590438	0.00504848046791	-0.0151090304483	-0.0529017256427	0.0314817398418	-0.00208978126455	-0.0143497168194	0.00226691463761	0.0518670135329	-0.022044898179	0.0135737267137	0.00903676720429	1.0	-0.00425552140491	-0.0126229495169	0.0145650759551	-0.0383739053179	-0.0530628580939	0.0541786697142	-0.0436740759483	-0.00438058230311	0.0205117361975	-0.0287478374174	-0.0271222785032	-0.0940182981682	-0.0460111265903	0.0238176089482	-0.0313553552855	0.0332445192323	-0.00623371145266	-0.0262673939781	-0.0656521866203	-0.0713519201293	-0.00688837814662	-0.0359001422192	0.0147349820032	-0.0327739705807	0.0326598516677	0.0126457386059	-0.068042217463	-0.0105139644888	-0.0152251523928	-0.0231944093371	0.0568156856099	0.00794122238907
k__Bacteria;p__Firmicutes;c__Clostridia;o__Clostridiales;f__Lachnospiraceae;g__Roseburia;s__Roseburia_hominis	-0.00032332331568	-0.0257274512397	-0.0570976036348	0.0156540301325	-0.051420344524	0.0274013504069	0.0492147570027	-0.0313878590146	-0.0230338346424	-0.0885200370887	0.00216197912574	-0.0181173336242	-0.00239435848021	-0.104961892428	0.0320681104317	-0.021506038843	0.022057868983	0.0539241313423	0.0808014751974	-0.00436349186521	0.00780715796238	-0.0183834850578	0.0324081192636	-0.0107489706048	0.00101198791644	-0.0517523998706	-0.00425552140491	1.0	0.0107794763239	-0.0658394238141	0.0145810453053	-0.0493901381198	-0.0110299877519	-0.00269999034508	0.0597975634453	-0.0129822089149	-0.00389719532784	-0.0868011381236	-0.0832819126415	-0.0173762002023	-0.114595996317	-0.0257839457185	-0.0290220702708	-0.0222220035363	-0.0416113154438	0.00232914754136	-0.00500098454376	-0.0231180687807	-0.0158565300628	0.0597517782389	0.067235402369	0.0182744914838	-0.0111486783582	0.0373707822025	-0.0391077254634	0.0156467909199	-0.00196110266811	-0.0391268954955	0.0089442909914
k__Bacteria;p__Bacteroidetes;c__Bacteroidia;o__Bacteroidales;f__Porphyromonadaceae;g__Parabacteroides;s__Parabacteroides_johnsonii	-0.0279836092518	-0.00599573813658	-0.0493014062446	0.0186631118678	0.0285627614914	-0.0117812989801	-0.0129407250044	0.00937288295252	0.0502729813637	-0.0576865111334	0.0423908968697	-0.0499240844751	-0.00650482211165	-0.00855160850693	-0.0823970415875	0.0817665469251	-0.0288499523655	0.0228767014011	0.0336350473627	-0.0183016420574	-0.0358633638321	-0.028378686719	-0.0190823401524	-0.0111585292331	0.0235364507505	-0.0605017016344	-0.0126229495169	0.0107794763239	1.0	-0.0225767372846	-0.00575903493315	-0.020775699209	-0.0770431761993	-0.0876994934412	-0.0662070393083	-0.0483252961398	0.0052408651272	-0.0163565450655	-0.0280187395778	0.0112773397815	0.0571301554717	-0.00713871321856	-0.0328709676771	-0.010271485078	0.0112889890275	0.0423702798797	0.00608867259022	0.0397022205584	-0.0243287838932	-0.0796196291236	-0.0517388943562	-0.0546431012216	-0.00905462951554	0.00646599721622	0.0323100234363	-0.0128882410549	-0.0298465560551	-0.0215137564824	0.0134275440572
k__Bacteria;p__Actinobacteria;c__Actinobacteria;o__Bifidobacteriales;f__Bifidobacteriaceae;g__Bifidobacterium;s__Bifidobacterium_longum	-0.0145740424974	-0.0362601217976	-0.0256099306074	0.00421026325945	0.00105254061786	-0.0207804272673	0.0190936927365	0.0252122218431	0.00300480546702	-0.000181127599627	-0.0377117953044	0.00182981158148	-0.0463435220977	-0.0288397186527	0.0183390962432	0.0561438656006	-0.047601607236	-0.0434732674524	0.0580102428802	-0.0624740043428	-0.0714482114828	0.0110914934676	-0.0242138008163	0.00214361649296	-0.0974900646205	-0.0551553018221	0.0145650759551	-0.0658394238141	-0.0225767372846	1.0	0.042861702724	0.0129041431691	0.0102187500466	-0.0150616984326	-0.0176697581486	-0.0212999648358	0.00842838667543	0.021366955383	0.00304522466793	0.0270876963424	0.0510119866089	-0.0432759323216	0.0510119336453	-0.0655465975015	-0.00978421618669	0.0362021065179	0.0560949908794	-0.0372588580483	0.0108336350281	-0.0991391099039	-0.0395234285247	-0.0461412308961	0.00272685284082	0.0176975376386	-0.0164320004884	0.0291703738016	-0.0715431018553	0.0159581027264	0.0129591434532
