#taxonomy	k__Bacteria;p__Bacteroidetes;c__Bacteroidia;o__Bacteroidales;f__Bacteroidaceae;g__Bacteroides;s__Bacteroides_vulgatus	k__Bacteria;p__Bacteroidetes;c__Bacteroidia;o__Bacteroidales;f__Bacteroidaceae;g__Bacteroides;s__Bacteroides_uniformis	k__Bacteria;p__Bacteroidetes;c__Bacteroidia;o__Bacteroidales;f__Rikenellaceae;g__Alistipes;s__Alistipes_putredinis	k__Bacteria;p__Bacteroidetes;c__Bacteroidia;o__Bacteroidales;f__Prevotellaceae;g__Prevotella;s__Prevotella_copri	k__Bacteria;p__Bacteroidetes;c__Bacteroidia;o__Bacteroidales;f__Bacteroidaceae;g__Bacteroides;s__Bacteroides_stercoris	k__Bacteria;p__Bacteroidetes;c__Bacteroidia;o__Bacteroidales;f__Bacteroidaceae;g__Bacteroides;s__Bacteroides_ovatus	k__Bacteria;p__Bacteroidetes;c__Bacteroidia;o__Bacteroidales;f__Rikenellaceae;g__Alistipes;s__Alistipes_shahii	k__Bacteria;p__Firmicutes;c__Clostridia;o__Clostridiales;f__Ruminococcaceae;g__Faecalibacterium;s__Faecalibacterium_prausnitzii	k__Bacteria;p__Bacteroidetes;c__Bacteroidia;o__Bacteroidales;f__Rikenellaceae;g__Alistipes;s__Alistipes_finegoldii	k__Bacteria;p__Bacteroidetes;c__Bacteroidia;o__Bacteroidales;f__Porphyromonadaceae;g__Parabacteroides;s__Parabacteroides_distasonis	k__Bacteria;p__Bacteroidetes;c__Bacteroidia;o__Bacteroidales;f__Bacteroidaceae;g__Bacteroides;s__Bacteroides_thetaiotaomicron	k__Bacteria;p__Bacteroidetes;c__Bacteroidia;o__Bacteroidales;f__Bacteroidaceae;g__Bacteroides;s__Bacteroides_coprocola	k__Bacteria;p__Bacteroidetes;c__Bacteroidia;o__Bacteroidales;f__Bacteroidaceae;g__Bacteroides;s__Bacteroides_cellulosilyticus	k__Bacteria;p__Bacteroidetes;c__Bacteroidia;o__Bacteroidales;f__Rikenellaceae;g__Alistipes;s__Alistipes_obesi	k__Bacteria;p__Firmicutes;c__Clostridia;o__Clostridiales;f__Lachnospiraceae;g__;s__[Eubacterium]_rectale	k__Bacteria;p__Bacteroidetes;c__Bacteroidia;o__Bacteroidales;f__Bacteroidaceae;g__Bacteroides;s__Bacteroides_plebeius	k__Bacteria;p__Bacteroidetes;c__Bacteroidia;o__Bacteroidales;f__Bacteroidaceae;g__Bacteroides;s__Bacteroides_fragilis	k__Bacteria;p__Proteobacteria;c__Betaproteobacteria;o__Burkholderiales;f__Sutterellaceae;g__Sutterella;s__Sutterella_wadsworthensis	k__Bacteria;p__Bacteroidetes;c__Bacteroidia;o__Bacteroidales;f__Porphyromonadaceae;g__Barnesiella;s__Barnesiella_intestinihominis	k__Bacteria;p__Bacteroidetes;c__Bacteroidia;o__Bacteroidales;f__Odoribacteraceae;g__Odoribacter;s__Odoribacter_splanchnicus	k__Bacteria;p__Bacteroidetes;c__Bacteroidia;o__Bacteroidales;f__Bacteroidaceae;g__Bacteroides;s__Bacteroides_salyersiae	k__Bacteria;p__Firmicutes;c__Clostridia;o__Clostridiales;f__Ruminococcaceae;g__Ruminiclostridium;s__[Eubacterium]_siraeum	k__Bacteria;p__Proteobacteria;c__Betaproteobacteria;o__Burkholderiales;f__Sutterellaceae;g__Parasutterella;s__Parasutterella_excrementihominis	k__Bacteria;p__Actinobacteria;c__Actinobacteria;o__Bifidobacteriales;f__Bifidobacteriaceae;g__Bifidobacterium;s__Bifidobacterium_adolescentis	k__Bacteria;p__Firmicutes;c__Clostridia;o__Clostridiales;f__Oscillospiraceae;g__Oscillibacter;s__Oscillibacter_sp._KLE_1745	k__Bacteria;p__Bacteroidetes;c__Bacteroidia;o__Bacteroidales;f__Bacteroidaceae;g__Bacteroides;s__Bacteroides_coprophilus	k__Bacteria;p__Firmicutes;c__Clostridia;o__Clostridiales;f__Lachnospiraceae;g__Roseburia;s__Roseburia_intestinalis	k__Bacteria;p__Firmicutes;c__Clostridia;o__Clostridiales;f__Lachnospiraceae;g__Roseburia;s__Roseburia_hominis	k__Bacteria;p__Bacteroidetes;c__Bacteroidia;o__Bacteroidales;f__Porphyromonadaceae;g__Parabacteroides;s__Parabacteroides_johnsonii	k__Bacteria;p__Actinobacteria;c__Actinobacteria;o__Bifidobacteriales;f__Bifidobacteriaceae;g__Bifidobacterium;s__Bifidobacterium_longum	k__Bacteria;p__Firmicutes;c__Clostridia;o__Clostridiales;f__;g__Flavonifractor;s__Flavonifractor_plautii	k__Bacteria;p__Firmicutes;c__Clostridia;o__Clostridiales;f__Clostridiaceae;g__Clostridium;s__Clostridium_phoceensis	k__Bacteria;p__Verrucomicrobia;c__Verrucomicrobiae;o__Verrucomicrobiales;f__Akkermansiaceae;g__Akkermansia;s__Akkermansia_muciniphila	k__Bacteria;p__Bacteroidetes;c__Bacteroidia;o__Bacteroidales;f__Prevotellaceae;g__Paraprevotella;s__Paraprevotella_xylaniphila	k__Bacteria;p__Firmicutes;c__Clostridia;o__Clostridiales;f__Ruminococcaceae;g__Ruminococcus;s__Ruminococcus_callidus	k__Bacteria;p__Bacteroidetes;c__Bacteroidia;o__Bacteroidales;f__Rikenellaceae;g__Alistipes;s__Alistipes_senegalensis	k__Bacteria;p__Firmicutes;c__Clostridia;o__Clostridiales;f__Lachnospiraceae;g__Blautia;s__Blautia_sp._KLE_1732	k__Bacteria;p__Bacteroidetes;c__Bacteroidia;o__Bacteroidales;f__Bacteroidaceae;g__Bacteroides;s__Bacteroides_oleiciplenus	k__Bacteria;p__Firmicutes;c__Clostridia;o__Clostridiales;f__Ruminococcaceae;g__Ruminococcus;s__Ruminococcus_bicirculans	k__Bacteria;p__Bacteroidetes;c__Bacteroidia;o__Bacteroidales;f__Bacteroidaceae;g__Bacteroides;s__Bacteroides_fluxus	k__Bacteria;p__Bacteroidetes;c__Bacteroidia;o__Bacteroidales;f__Prevotellaceae;g__Prevotella;s__Prevotella_stercorea	k__Bacteria;p__Firmicutes;c__Clostridia;o__Clostridiales;f__Lachnospiraceae;g__Dorea;s__Dorea_longicatena	k__Bacteria;p__Firmicutes;c__Clostridia;o__Clostridiales;f__Eubacteriaceae;g__Eubacterium;s__[Eubacterium]_eligens	k__Bacteria;p__Firmicutes;c__Clostridia;o__Clostridiales;f__Ruminococcaceae;g__;s__Ruminococcaceae_bacterium_D16	k__Bacteria;p__Firmicutes;c__Clostridia;o__Clostridiales;f__Lachnospiraceae;g__Coprococcus;s__Coprococcus_comes	k__Bacteria;p__Proteobacteria;c__Gammaproteobacteria;o__Enterobacterales;f__Enterobacteriaceae;g__Escherichia;s__Escherichia_coli	k__Bacteria;p__Firmicutes;c__Clostridia;o__Clostridiales;f__Ruminococcaceae;g__Anaerotruncus;s__Anaerotruncus_colihominis	k__Bacteria;p__Firmicutes;c__Clostridia;o__Clostridiales;f__Lachnospiraceae;g__Blautia;s__Blautia_obeum	k__Bacteria;p__Bacteroidetes;c__Bacteroidia;o__Bacteroidales;f__Odoribacteraceae;g__Odoribacter;s__Odoribacter_laneus	k__Bacteria;p__Firmicutes;c__Clostridia;o__Clostridiales;f__Ruminococcaceae;g__Ruminiclostridium;s__[Clostridium]_leptum	k__Bacteria;p__Bacteroidetes;c__Bacteroidia;o__Bacteroidales;f__Porphyromonadaceae;g__Parabacteroides;s__Parabacteroides_goldsteinii	k__Bacteria;p__Firmicutes;c__Clostridia;o__Clostridiales;f__Lachnospiraceae;g__Anaerostipes;s__Anaerostipes_hadrus	k__Bacteria;p__Firmicutes;c__Clostridia;o__Clostridiales;f__Ruminococcaceae;g__Ruminococcus;s__Ruminococcus_lactaris	k__Bacteria;p__Firmicutes;c__Clostridia;o__Clostridiales;f__Clostridiaceae;g__Clostridium;s__Clostridium_sp._L2-50	k__Bacteria;p__Firmicutes;c__Clostridia;o__Clostridiales;f__Clostridiaceae;g__Clostridium;s__Clostridium_sp._M62/1	k__Bacteria;p__Firmicutes;c__Clostridia;o__Clostridiales;f__;g__Intestinimonas;s__Intestinimonas_butyriciproducens	k__Bacteria;p__Actinobacteria;c__Actinobacteria;o__Bifidobacteriales;f__Bifidobacteriaceae;g__Bifidobacterium;s__Bifidobacterium_bifidum	k__Bacteria;p__Firmicutes;c__Negativicutes;o__Veillonellales;f__Veillonellaceae;g__Dialister;s__Dialister_invisus	k__Bacteria;p__Bacteroidetes;c__Bacteroidia;o__Bacteroidales;f__Bacteroidaceae;g__Bacteroides;s__Bacteroides_salanitronis
k__Bacteria;p__Bacteroidetes;c__Bacteroidia;o__Bacteroidales;f__Bacteroidaceae;g__Bacteroides;s__Bacteroides_vulgatus	1.0	-0.00392779288228	0.0117563838216	0.024815343901	-0.0329926794131	-0.0433896630077	-0.0524391598254	-0.0625869982202	-0.0321201856884	0.0541381550785	0.0432727233674	-0.00634335915878	0.0108749539897	-0.0230977106066	-0.0119652357546	-0.0171027043217	-0.0235300694386	0.0162836594657	0.00986467907012	0.0625403786081	-0.00632948692428	0.0451386087449	0.0508502053883	-0.0450938003277	0.0471435564061	0.0776715196432	0.00180131672776	0.0136094137356	-0.0378146196619	0.0154002415483	-0.0553395569505	-0.047233961923	-0.0556020491958	0.0424890619712	-0.00784139022047	0.0705404671009	-0.0802706129801	-0.0301142469671	-0.0298923301367	-0.018416175066	0.0313544609174	-0.0574721620834	0.0283138201215	0.0355916757453	0.0153007923147	0.0279050011411	0.0490633988663	-0.0411496866039	-0.0225447439597	-0.0495806572061	-0.019575480486	0.00450507572814	-0.00897475757219	-0.083035720727	0.0346014497776	0.035320170662	-0.0447090274428	0.0131385355238	0.0432753471696
k__Bacteria;p__Bacteroidetes;c__Bacteroidia;o__Bacteroidales;f__Bacteroidaceae;g__Bacteroides;s__Bacteroides_uniformis	-0.00392779288228	1.0	-0.0441077414026	-0.0170593521151	-0.040120530914	-0.00464413611867	-0.0539902028384	-0.0225962699936	0.0223195825789	0.0117650119536	0.0252925028922	0.00250854204873	-0.0467362465208	0.0558184969807	0.0107173631825	-0.0516308974396	0.0470364483026	0.00253580025166	-0.0693075483468	-0.0461512861071	-0.033805733074	0.012563120301	0.0996564493367	-0.0120832994431	-0.0211476724644	-0.00621564584797	-0.00493641641882	-0.00772753410499	0.00927171832596	0.0607913550967	0.00546613453782	-0.0209952600135	-0.0234078080831	0.0115177435131	-0.0252138539195	-0.0632463308429	-0.0410807075357	-0.00722501084667	-0.05351482772	-0.0544987572693	-0.034524601569	0.0375554387012	0.0447686735975	0.0346332706242	0.0586940854824	-0.039614779039	-0.050856778826	-0.0463247630019	0.0409843795916	-0.00497755626876	-0.0101740169667	-0.0153238608349	-0.00881768872221	0.041092431624	-0.0680756646883	-0.00629472866651	0.0231966332575	0.0206022417592	-0.0333572349744
k__Bacteria;p__Bacteroidetes;c__Bacteroidia;o__Bacteroidales;f__Rikenellaceae;g__Alistipes;s__Alistipes_putredinis	0.0117563838216	-0.0441077414026	1.0	0.0145507676348	-0.0410666349114	0.0243095709476	-0.0170504906191	-0.00259059008236	-0.0227807110912	-0.0134179059402	-0.0982671156497	-0.0130568516851	0.00826144413817	-0.0221313802991	0.016188914012	0.00695711627108	0.0229736038719	0.0020135393043	-0.0246511624635	-0.0160571542561	-0.0422388959613	-0.0373900774156	-0.0542501102479	-0.00874113143829	0.022369696317	-0.0252230528426	0.027379431065	-0.0288102359819	-0.0103151937961	-0.07196900016	0.0312985644675	0.020725787989	-0.0188798007662	-0.0105133302551	0.0137468502371	0.0394900647807	0.0578119151694	-0.00841033256172	0.0491808009979	-0.0196021131547	-0.0410301468933	0.0253712983858	-0.0214993172355	0.0252819805362	0.0115267606761	-0.0649793204073	-0.0264763024173	-0.0116570395561	-0.0176978923215	-0.0298922712703	0.109568918332	-0.0202257027382	-0.0315803450944	-0.0333502802902	0.0251968812748	-0.0413955691073	-0.0189345012078	0.0147238908581	-0.00691116186679
k__Bacteria;p__Bacteroidetes;c__Bacteroidia;o__Bacteroidales;f__Prevotellaceae;g__Prevotella;s__Prevotella_copri	0.024815343901	-0.0170593521151	0.0145507676348	1.0	-0.033712068332	0.0408691920615	-0.0050654270813	-0.0205332423569	-0.0298780273732	-0.00379695489114	-0.0898796550537	-0.0534542533832	-0.0494190354115	-0.0126774102191	-0.0412975002412	-0.0454722212958	-0.0048554953459	-0.0481668916597	0.0428119215813	-0.00620798687141	0.0286082762827	0.067011671439	-0.00536520557402	-0.0160987952958	-0.0960919238352	0.0211479180732	-0.0695162042271	-0.0289820621645	-0.0192387842142	-0.00300974452684	-0.0552420631372	-0.0030811258025	0.037230122877	-0.051371900127	-0.0510898172487	-0.0829162883763	-0.048638928356	-0.0665319555655	-0.0334130531497	-0.0409533429612	-0.0356621469656	0.00763704905651	-0.024181105941	0.0350152051728	0.0273788260993	-0.0201952394043	0.0282049347593	-0.0144583356031	-0.0387767774554	0.0332151511963	0.0129643210197	0.0513037051497	-0.017480250994	0.0373214195452	-0.0256526498186	-0.0270544512107	0.0215323611401	0.0520727737554	0.0179110877406
k__Bacteria;p__Bacteroidetes;c__Bacteroidia;o__Bacteroidales;f__Bacteroidaceae;g__Bacteroides;s__Bacteroides_stercoris	-0.0329926794131	-0.040120530914	-0.0410666349114	-0.033712068332	1.0	-0.0665777153961	-0.00379154010603	0.00120929369014	0.038214422803	0.0301259576034	-0.0359214767233	-0.0164893194084	-0.0222296946598	0.0103015920206	-0.00347233540294	0.00596250559259	0.00490516549838	0.0318550803304	-0.0267661028029	-0.0331720707942	-0.000867285695238	0.0487387879638	-0.0697533232375	-0.0174362538996	-0.0436947031761	0.0241298836075	0.0016291570448	0.00467916705768	0.0587081380917	-0.0368081832574	-0.0901565151491	0.0474416307056	-0.0505674931403	0.00433840363249	0.00243389124587	-0.0606567259542	-0.0335466335266	-0.0362012139237	-0.0328370484589	-0.0598794575452	0.0174363621425	0.0173146102273	0.0296252543809	0.00638131867349	-0.0422717636093	-0.0436425925536	0.0263660958619	0.000433965834175	0.000211275103167	0.0491578867435	0.0677512885199	-0.0578252077968	0.0232146865915	0.0172704529296	-0.018620645496	0.0143162520333	0.0286448686777	0.0161653916991	0.0237361957678
k__Bacteria;p__Bacteroidetes;c__Bacteroidia;o__Bacteroidales;f__Bacteroidaceae;g__Bacteroides;s__Bacteroides_ovatus	-0.0433896630077	-0.00464413611867	0.0243095709476	0.0408691920615	-0.0665777153961	1.0	0.0318967567815	-0.0651477971226	-0.00815222994381	-0.010147689856	0.0252422954371	0.0879348616563	-0.0534366495037	-0.0552746136074	-0.0526788258427	-0.061473021852	0.0160207078036	0.0230302210211	-0.0386663443997	-0.0539044288779	-0.0225321167035	-0.0544435017689	0.00537755928086	-0.0589896909592	0.078401623246	0.0085135205447	0.0493298410624	0.0403257393011	-0.0324985739948	-0.0127161836016	0.0112972556005	-0.0304152770884	-0.0193151170577	-0.0055175362489	0.0590667881684	-0.0736808570888	-0.00588791500933	-0.0155902194722	-0.0208586421014	-0.0652393443123	-0.0102370722698	-0.0581649847369	0.0106176248972	-0.0578510269357	-0.018969979227	0.0310928989233	0.0264273186646	-0.0179524524254	-0.0386225467917	0.0173780411034	-0.0122592678132	0.041250331999	0.0205872579494	-0.0611922490132	-0.00847256008563	0.00682715382541	0.0182092637249	0.0391310218807	-0.0273159084321
k__Bacteria;p__Bacteroidetes;c__Bacteroidia;o__Bacteroidales;f__Rikenellaceae;g__Alistipes;s__Alistipes_shahii	-0.0524391598254	-0.0539902028384	-0.0170504906191	-0.0050654270813	-0.00379154010603	0.0318967567815	1.0	-0.0247392036643	0.0178829733318	-0.0473131257467	0.0223868693951	0.0657582614989	-0.039188400341	-0.0257423364595	-0.0409095926719	-0.00835300617101	0.0220674610218	-0.036896770765	-0.0901823127798	0.0317619037081	-0.0179630002333	-0.068189172154	-0.0381577627722	-0.00400387344758	-0.011358197856	0.00557150945849	0.00692531957053	0.0621916246105	0.0245354645876	-0.0360719604117	-0.00302334822186	0.0186019561485	0.00422325036142	-0.00164348919696	-0.0209108014125	0.000682033837833	0.0820552390573	-0.0479512578832	-0.00342292953071	-0.000160026802239	-0.0305229657849	-0.076310632049	0.056396052344	0.00889480646275	-0.00554679142116	0.0352825897397	0.0257470259647	0.00103691415053	-0.0341900073237	0.00737387166515	-0.0236804661982	0.0330059097444	-0.0319919546618	0.00802551136807	0.00105247653767	0.044146061774	0.0622978384787	-0.0430039552889	0.0254764104535
k__Bacteria;p__Firmicutes;c__Clostridia;o__Clostridiales;f__Ruminococcaceae;g__Faecalibacterium;s__Faecalibacterium_prausnitzii	-0.0625869982202	-0.0225962699936	-0.00259059008236	-0.0205332423569	0.00120929369014	-0.0651477971226	-0.0247392036643	1.0	0.00591117980329	-0.00771882384858	0.0121014637765	-0.0618554621652	-0.0664249341479	0.00118466024398	0.0343513917753	-0.0345325804798	-0.0185791132622	-0.0470043588398	0.0700459507641	0.0166993455138	-0.0422908889265	-0.0474070588908	-0.0173957368373	0.054708498617	-0.0456365500406	0.00110472407097	-0.0272277140036	-0.0211853272347	0.00944721711251	-0.0116803962015	0.0127880284434	-0.0105160084279	-0.0153995133669	-0.0357504184296	0.008935356254	0.0250668320954	0.0363493592546	-0.00553148068267	-0.0187098795105	-0.00583093011706	-0.00505870939311	0.0445436240582	-0.0153586103584	0.043671122874	0.0328087359202	-0.102782665396	-0.00309542493039	-0.0309973834313	-0.0224944715941	-0.0399771619316	0.0441411802977	0.060444849155	-0.0424371907834	0.0130397185825	0.0135477258988	-0.00522789202312	-0.0208099015704	0.0129076270566	-0.0527211138301
k__Bacteria;p__Bacteroidetes;c__Bacteroidia;o__Bacteroidales;f__Rikenellaceae;g__Alistipes;s__Alistipes_finegoldii	-0.0321201856884	0.0223195825789	-0.0227807110912	-0.0298780273732	0.038214422803	-0.00815222994381	0.0178829733318	0.00591117980329	1.0	-0.0359767092133	0.064114433966	0.00687135069733	0.0016673867769	0.00218770264919	0.00160699758835	-0.0708408418574	-0.0346911412473	-0.025756816658	0.0105179132547	0.0195975548262	-0.0369050742508	-0.003158462348	0.0037506112422	0.0114080190514	-0.0809628499139	0.0109376068729	0.0183862330065	-0.0307382135611	0.00745390506135	0.0185139861554	-0.0255857505786	-0.0238666987472	-0.0285198668421	0.0374147558694	-0.02173093885	-0.00160056273122	-0.0390607090129	-0.00596635409268	-0.0439954645602	-0.0251227893856	0.0231329707223	-0.00350635494475	0.0104448855141	-0.0378277057533	0.0273237047944	0.048941338456	-0.0579290271571	-0.0602183189288	0.0336324534402	-0.0283478109191	-0.0298418939664	-0.0360657641002	-0.0148666197788	0.014879320095	0.0307290695265	-0.0263409935989	-0.00346544960131	0.0190223402334	0.017867628166
k__Bacteria;p__Bacteroidetes;c__Bacteroidia;o__Bacteroidales;f__Porphyromonadaceae;g__Parabacteroides;s__Parabacteroides_distasonis	0.0541381550785	0.0117650119536	-0.0134179059402	-0.00379695489114	0.0301259576034	-0.010147689856	-0.0473131257467	-0.00771882384858	-0.0359767092133	1.0	-0.0345465307985	-0.0575117718214	-0.0487104077516	0.0623282424285	0.0383046043248	-0.011279560077	-0.0151409729781	-0.0805932849097	0.0436989389789	0.0102036386998	-0.0249087880015	-0.00615454971143	0.0191284771926	-0.0318358377474	-0.0323232053931	-0.0148011688174	-0.060103224521	-0.0329091067743	0.0604828774086	0.0189735630499	0.0165858171313	-0.000102649591747	0.0326415062636	0.0214832889992	0.0359062501738	-0.0259998854824	-0.00627100698084	0.0263599628533	-0.0356585344736	0.00310324800538	-0.0141142645803	-0.0375904487716	-0.0501345298645	-0.0163188307791	-0.00842142119257	-0.0504366392489	-0.0169967209773	-0.0370103236274	-0.0376169016157	-0.0313168388395	-0.00600215898349	-0.0304787851831	-0.086228643833	0.0674686558232	0.0186662369336	-0.0106319901065	-0.0337587048914	-0.0339902934649	0.0195186424479
k__Bacteria;p__Bacteroidetes;c__Bacteroidia;o__Bacteroidales;f__Bacteroidaceae;g__Bacteroides;s__Bacteroides_thetaiotaomicron	0.0432727233674	0.0252925028922	-0.0982671156497	-0.0898796550537	-0.0359214767233	0.0252422954371	0.0223868693951	0.0121014637765	0.064114433966	-0.0345465307985	1.0	-0.0254876236841	0.014718202924	-0.0351980288817	-0.00273994595549	-0.0202806681788	-0.0317794330473	-0.0422385050597	0.0176357737308	0.00772281763902	0.0388354345304	-0.0256722668511	0.0198847008602	-0.0301000653292	-0.0460506951657	0.0369436264567	-0.0533250850731	0.0588818216232	0.0274266154251	0.0318546705469	-0.0367071377822	-0.0368237555379	-0.0312347772798	0.0248526899621	0.0220873600426	-0.0253034120566	-0.0246063485236	-0.028898989748	0.00646599595235	-0.0120129802502	0.0341390032285	-0.0280401109063	-0.0214197424294	-0.0488759118582	0.0140470840365	-0.0326648848572	-0.00682047433937	0.00601617314142	-0.0707285791551	0.0483997438601	0.0187158169744	0.0322556385256	-0.0516037064386	0.0193264105693	-0.0305856159132	0.00864072924835	0.0402657937552	-0.0233348695552	0.0056176716974
k__Bacteria;p__Bacteroidetes;c__Bacteroidia;o__Bacteroidales;f__Bacteroidaceae;g__Bacteroides;s__Bacteroides_coprocola	-0.00634335915878	0.00250854204873	-0.0130568516851	-0.0534542533832	-0.0164893194084	0.0879348616563	0.0657582614989	-0.0618554621652	0.00687135069733	-0.0575117718214	-0.0254876236841	1.0	-0.0534989446584	0.018539648359	0.0558796120282	-0.0585173929642	-0.0192986595318	-0.0265339324751	-0.0133714601146	-0.00415886907111	0.00443360608877	0.0275938157253	0.0113157875439	-0.00604470898807	-0.00426757801056	-0.0578688370626	-0.0545793962625	0.00316259093096	-0.0406267298361	0.0159607842516	-0.055564496786	0.00506615108938	0.0107062661481	-0.0713921980149	-0.025457574338	-0.0816123746871	7.63028306336e-05	-0.0539385539828	-0.0103072513577	-0.0350778634947	0.0305023176423	0.0294540201753	-0.00134214620967	-0.00541994568567	0.00256075695264	0.0573951672544	0.115233013167	-0.0410180796524	-0.00193337751169	0.113443819384	0.0210123311437	0.0214028900811	0.0574519889985	0.0106537585342	0.0368386707692	-0.0745092269951	-0.0320072169131	-0.0192457137087	-0.0561946251091
k__Bacteria;p__Bacteroidetes;c__Bacteroidia;o__Bacteroidales;f__Bacteroidaceae;g__Bacteroides;s__Bacteroides_cellulosilyticus	0.0108749539897	-0.0467362465208	0.00826144413817	-0.0494190354115	-0.0222296946598	-0.0534366495037	-0.039188400341	-0.0664249341479	0.0016673867769	-0.0487104077516	0.014718202924	-0.0534989446584	1.0	0.0426178729462	-0.0358494951467	-0.0243108529617	0.00600595880965	-0.0130478171751	-0.0731342867874	-0.0124786279944	0.00589088529992	-0.0446575306253	-0.0528845963767	-0.0516396826582	-0.00482011007148	0.00889471710838	-0.0438448144179	0.0517253608653	-0.0306909040509	0.00964636225426	-0.0394459206188	-0.00878064637702	0.002794083936	0.038454442705	0.0188486519551	-0.0278376071705	-0.0194783249253	0.0342337346639	-0.0183743429142	0.0434409368214	0.0387134531414	-0.0140688109424	-0.0172364826077	-0.0414731952057	-0.00912589252994	0.0129557669496	-0.0013911168053	-0.0631287860195	-0.0348423532164	0.00834519512513	0.00347802102359	0.0161402108531	-0.0200555710768	-0.022322788056	-0.00077325835162	-0.0216492824586	0.0705369410008	-0.0217764290782	0.0248407311532
k__Bacteria;p__Bacteroidetes;c__Bacteroidia;o__Bacteroidales;f__Rikenellaceae;g__Alistipes;s__Alistipes_obesi	-0.0230977106066	0.0558184969807	-0.0221313802991	-0.0126774102191	0.0103015920206	-0.0552746136074	-0.0257423364595	0.00118466024398	0.00218770264919	0.0623282424285	-0.0351980288817	0.018539648359	0.0426178729462	1.0	0.0521554691848	0.00948114830537	0.0408638124505	-0.0171736970599	0.0459037064587	0.0114690914557	-0.0153393231728	0.00861923699366	0.00366063515995	0.0276547385581	0.0220222080527	-0.0887329104893	0.0367370560682	-0.0123155920845	-0.0222574501421	-0.0299000950869	0.0461677083903	-0.00559194436813	-0.0886971001952	0.0141760650678	-0.00536159487618	-0.0260273021929	-0.0149731573869	-0.0136584782302	-0.0625436732269	-0.0249041975226	-0.0551462705187	0.0484657051172	-0.000357630486774	-0.00576072439455	0.0162764540245	-0.0169929008681	0.0585928559037	-0.0397553701495	-0.00102541605929	-0.0359387334682	0.0446986198347	-0.0267811416836	-0.0567271246822	0.0498998902293	0.0220248059942	-0.0158614915495	-0.0523740168943	-0.00718429595818	-0.0245132657189
k__Bacteria;p__Firmicutes;c__Clostridia;o__Clostridiales;f__Lachnospiraceae;g__;s__[Eubacterium]_rectale	-0.0119652357546	0.0107173631825	0.016188914012	-0.0412975002412	-0.00347233540294	-0.0526788258427	-0.0409095926719	0.0343513917753	0.00160699758835	0.0383046043248	-0.00273994595549	0.0558796120282	-0.0358494951467	0.0521554691848	1.0	0.000410679552352	-0.0212794321262	-0.00128441453452	-0.0567285419568	0.00298035036411	-0.028993950058	0.0116436867659	-0.042094561022	0.00461234232118	0.0541395434738	-0.0235627905727	-0.00739333182816	-0.00515840573404	-0.0828210845601	-0.0332051775921	-0.0367001460352	-0.00321249866843	-0.0348452857653	-0.0347805896546	0.0416547519717	0.00605329403133	-0.00660488833402	-0.00126962583881	-0.0382435292633	0.0453484090583	0.00669178673395	0.0259626720781	0.0398402897825	0.0378899521387	0.0384876754176	-0.0796150760483	-0.00730542089869	0.0247022486557	0.00454157326737	-0.0466659647425	0.00930111926033	-0.0481525604923	-0.0611725208977	-0.0550821984791	0.00908596325596	0.0224582972088	-0.0177970907649	-0.0555091807269	-0.0250947899713
k__Bacteria;p__Bacteroidetes;c__Bacteroidia;o__Bacteroidales;f__Bacteroidaceae;g__Bacteroides;s__Bacteroides_plebeius	-0.0171027043217	-0.0516308974396	0.00695711627108	-0.0454722212958	0.00596250559259	-0.061473021852	-0.00835300617101	-0.0345325804798	-0.0708408418574	-0.011279560077	-0.0202806681788	-0.0585173929642	-0.0243108529617	0.00948114830537	0.000410679552352	1.0	-0.0444975867555	-0.00909824587356	0.0283720367048	0.00658376520688	-0.0685299821763	-0.0184043934481	0.000212578141084	0.0233209778885	-0.0261101133384	-0.0833657831636	-0.0157728154786	0.00772604648246	-0.0109399321961	0.0163654106111	0.0229188364241	0.0704999267459	0.0280321201163	-0.0285317074113	0.00717403175519	0.00761055249103	-0.0170740437019	0.0165468714074	-0.00309603406015	-0.0519232443423	-0.0286519313799	-0.00122634669506	0.0269482451551	0.0515425375264	-0.0752687176302	-0.0116995228225	-0.0471010355807	-0.0353152232881	-0.0254925083308	-0.00496155891194	0.0188876108912	-0.0429091856164	-0.0020967672642	0.00943134344659	0.00121166489549	-0.0178996523585	0.0596454956701	-0.0443120347805	-0.00819311062723
k__Bacteria;p__Bacteroidetes;c__Bacteroidia;o__Bacteroidales;f__Bacteroidaceae;g__Bacteroides;s__Bacteroides_fragilis	-0.0235300694386	0.0470364483026	0.0229736038719	-0.0048554953459	0.00490516549838	0.0160207078036	0.0220674610218	-0.0185791132622	-0.0346911412473	-0.0151409729781	-0.0317794330473	-0.0192986595318	0.00600595880965	0.0408638124505	-0.0212794321262	-0.0444975867555	1.0	-0.00889752640191	0.0195398188327	-0.0053044640161	-0.0270878671342	-0.0310584353334	0.0764763816816	-0.0360128072342	0.0315795053372	-0.00839743428177	-0.0454968716147	-0.0019629930113	-0.0222520136606	-0.0275773476915	-0.0104315770638	-0.0407501847772	-0.0390463989876	0.0531334340868	0.0240111027039	0.0216401942118	0.0373870176936	-0.0357384348699	-0.00638184228799	0.0496901216063	-0.0203753921571	-0.0549856279689	0.0531513970169	-0.069852804939	-0.0693716429284	-0.00438994884939	-0.0360842910537	0.0201328752765	-0.0302461546627	-0.0916277717065	-0.0515333900813	-0.0135191007913	-0.0267322699377	-0.0305256777034	-0.0487397776985	-0.0608647754832	-0.0403334944192	0.0434352901212	-0.0061320220188
k__Bacteria;p__Proteobacteria;c__Betaproteobacteria;o__Burkholderiales;f__Sutterellaceae;g__Sutterella;s__Sutterella_wadsworthensis	0.0162836594657	0.00253580025166	0.0020135393043	-0.0481668916597	0.0318550803304	0.0230302210211	-0.036896770765	-0.0470043588398	-0.025756816658	-0.0805932849097	-0.0422385050597	-0.0265339324751	-0.0130478171751	-0.0171736970599	-0.00128441453452	-0.00909824587356	-0.00889752640191	1.0	-0.0441673552393	0.0165596520672	-0.00754973391493	-0.0160515807818	-0.0460312729364	0.0646929366715	0.0114805124036	-0.0291119175648	0.0360887458549	-0.0260910246714	0.0425944484805	-0.0182734948772	-0.0327593395239	-0.0341655319575	0.0101393745031	0.00158561858111	0.0236490762017	-0.0219897873951	-0.047279875031	-0.0126243063451	0.0433849975394	0.00254892741326	-0.0336575612442	-0.0603269549796	0.00475403036239	0.0281312087878	-0.0324334171307	-0.0754745673047	0.0166668174679	0.0138726061337	0.00118955016973	-0.00183932745586	-0.0479775858516	-0.0272468389556	-0.0676965937703	0.0499795589411	0.0251332941449	-0.0875019727805	-0.030144631103	0.034194734807	-0.0230527965573
k__Bacteria;p__Bacteroidetes;c__Bacteroidia;o__Bacteroidales;f__Porphyromonadaceae;g__Barnesiella;s__Barnesiella_intestinihominis	0.00986467907012	-0.0693075483468	-0.0246511624635	0.0428119215813	-0.0267661028029	-0.0386663443997	-0.0901823127798	0.0700459507641	0.0105179132547	0.0436989389789	0.0176357737308	-0.0133714601146	-0.0731342867874	0.0459037064587	-0.0567285419568	0.0283720367048	0.0195398188327	-0.0441673552393	1.0	-0.00153272422815	0.0108670600621	0.014075291013	-0.0177886805371	0.0452723368128	0.0559798968245	-0.0605387712056	0.0316028838547	-0.0303163486063	-0.0694514131657	-0.020729048997	-8.5189399604e-05	-0.058349339824	-0.017185787709	-0.00667913991092	0.014432240767	0.0330540218819	-0.00270656771266	0.027105020756	0.0274040750456	-0.0164901607501	-0.00168184245656	-0.0288562270537	-0.0365871259517	0.0054391313131	-0.0944826561111	-0.0198402096793	-0.0358884728914	-0.0294532894926	0.0388395574229	0.0166727710191	0.0203990375146	0.00316418530449	0.0452734726638	-0.0448836634332	0.00206112296571	-0.0412250080505	0.0178604784753	-0.00757728478451	-0.0528621212062
k__Bacteria;p__Bacteroidetes;c__Bacteroidia;o__Bacteroidales;f__Odoribacteraceae;g__Odoribacter;s__Odoribacter_splanchnicus	0.0625403786081	-0.0461512861071	-0.0160571542561	-0.00620798687141	-0.0331720707942	-0.0539044288779	0.0317619037081	0.0166993455138	0.0195975548262	0.0102036386998	0.00772281763902	-0.00415886907111	-0.0124786279944	0.0114690914557	0.00298035036411	0.00658376520688	-0.0053044640161	0.0165596520672	-0.00153272422815	1.0	-0.0488161695203	0.0189288652211	-0.0242458405199	-0.0393771839131	-0.0291428329471	-0.0289401921667	-0.0341266601062	-0.0145975408443	0.0315507978856	0.00784506107253	-0.0171762901732	-0.0167161909253	0.00520278650198	-0.0446416579292	0.0310312674432	0.00673078779132	-0.0496452951134	0.0298573821612	-0.00497203345035	0.0117852963073	-0.0290803531508	0.0339059940628	-0.0555640523092	-0.0502667372781	-0.00991693971853	0.0244714623855	-0.0487848435149	0.0225246074452	0.0663473031364	0.0233920837252	-0.037853729193	-0.00370790379969	0.00769703796232	0.0310198117124	0.00293429154676	-0.0142770667896	-0.0460246559662	0.0135311354581	-0.000382825601185
k__Bacteria;p__Bacteroidetes;c__Bacteroidia;o__Bacteroidales;f__Bacteroidaceae;g__Bacteroides;s__Bacteroides_salyersiae	-0.00632948692428	-0.033805733074	-0.0422388959613	0.0286082762827	-0.000867285695238	-0.0225321167035	-0.0179630002333	-0.0422908889265	-0.0369050742508	-0.0249087880015	0.0388354345304	0.00443360608877	0.00589088529992	-0.0153393231728	-0.028993950058	-0.0685299821763	-0.0270878671342	-0.00754973391493	0.0108670600621	-0.0488161695203	1.0	0.00449850188084	0.0331176592954	-0.00140481815952	0.0125054884832	0.0419352804186	-0.0250669989579	-0.00547988599386	0.00933019551152	0.00028622659643	-0.0333622596252	0.0250407859094	0.0408396620726	-0.0288672915691	0.0278125701758	0.0231155804624	-0.00765824403319	-0.0157558736204	-0.0646839879829	-0.0771681688532	-0.0093607315838	-0.00165326429792	-0.0491467811391	0.000657215152562	-0.000771603659996	-0.0190957278323	-0.00943033826385	0.0063690648589	0.0230310623917	-0.00421971616957	-0.00189411366758	-0.0111777609532	-0.0348041825812	-0.0248572482959	-0.0402634702607	0.066713371535	-0.0913780185128	-0.0497866492941	0.0398033757357
k__Bacteria;p__Firmicutes;c__Clostridia;o__Clostridiales;f__Ruminococcaceae;g__Ruminiclostridium;s__[Eubacterium]_siraeum	0.0451386087449	0.012563120301	-0.0373900774156	0.067011671439	0.0487387879638	-0.0544435017689	-0.068189172154	-0.0474070588908	-0.003158462348	-0.00615454971143	-0.0256722668511	0.0275938157253	-0.0446575306253	0.00861923699366	0.0116436867659	-0.0184043934481	-0.0310584353334	-0.0160515807818	0.014075291013	0.0189288652211	0.00449850188084	1.0	0.0255572184603	-0.0454965010159	0.0286389392339	-0.0355539094514	0.00295188785904	-0.050579474792	-0.055311660588	-0.0733547088868	-0.00312039544585	0.0320108524893	-0.0163547730265	0.0265121456062	-0.000131402129482	-0.00250928792909	-0.0518635479926	0.0460113756374	0.0288784751683	0.0100375724186	-0.0773727755545	-0.0106625814202	-0.00937132264771	-0.016608191837	-0.0290916371213	-0.0210018569373	-0.0435745484409	-0.00415854934608	-0.0183838700098	-0.0635040370838	-0.0488470376024	0.0243840786327	0.0292092585219	-0.0992600344936	-0.0243700101091	0.0250441313513	-0.0473159117152	0.0692544204056	0.0504349799526
k__Bacteria;p__Proteobacteria;c__Betaproteobacteria;o__Burkholderiales;f__Sutterellaceae;g__Parasutterella;s__Parasutterella_excrementihominis	0.0508502053883	0.0996564493367	-0.0542501102479	-0.00536520557402	-0.0697533232375	0.00537755928086	-0.0381577627722	-0.0173957368373	0.0037506112422	0.0191284771926	0.0198847008602	0.0113157875439	-0.0528845963767	0.00366063515995	-0.042094561022	0.000212578141084	0.0764763816816	-0.0460312729364	-0.0177886805371	-0.0242458405199	0.0331176592954	0.0255572184603	1.0	-0.0589498248871	-0.00601045225493	0.0283491241565	-0.0193310173678	-0.00133773874367	-0.0261106352353	-0.0299803586658	-0.0873333948426	-0.0284653441567	0.0130714781699	-0.0244923091597	-0.0503176131861	-0.0111156406814	-0.0285389121911	-0.0203760867517	0.050569933421	0.00228860372055	-0.0252530658655	-0.0357398483979	0.0572366279165	-0.0256178875572	0.000816756451125	0.0191370412207	-0.0337517071898	0.0145564727959	-0.0446153295481	-0.0489565426405	-0.00934393782988	0.0132291635315	-0.0537831697195	0.0180796542337	0.0209717902426	-0.0026203507963	-0.0239725433474	0.0409088433329	0.0294430644637
k__Bacteria;p__Actinobacteria;c__Actinobacteria;o__Bifidobacteriales;f__Bifidobacteriaceae;g__Bifidobacterium;s__Bifidobacterium_adolescentis	-0.0450938003277	-0.0120832994431	-0.00874113143829	-0.0160987952958	-0.0174362538996	-0.0589896909592	-0.00400387344758	0.054708498617	0.0114080190514	-0.0318358377474	-0.0301000653292	-0.00604470898807	-0.0516396826582	0.0276547385581	0.00461234232118	0.0233209778885	-0.0360128072342	0.0646929366715	0.0452723368128	-0.0393771839131	-0.00140481815952	-0.0454965010159	-0.0589498248871	1.0	-0.0450256958447	-0.0253815858108	0.0118627197337	0.00541504879385	-0.038209729613	-0.00437510165069	0.049020040013	-0.0448205949775	0.0136650801198	-0.0202038675001	-0.0184707387406	-0.0303507531377	0.0100243024389	0.0118894328431	0.020036412274	0.00787095607345	0.0802061110493	-0.0538591908658	-0.0493145040669	-0.0113352700978	-0.0118865591947	-0.0610883504963	0.0584785473306	-0.00731053737016	-0.0277796611956	0.0207923713538	-0.0507137326201	-0.00264139181086	0.00166375596821	-0.0330714760259	0.0249240053295	0.0404656775953	-0.0506666463526	-0.0102529763307	0.026027145226
k__Bacteria;p__Firmicutes;c__Clostridia;o__Clostridiales;f__Oscillospiraceae;g__Oscillibacter;s__Oscillibacter_sp._KLE_1745	0.0471435564061	-0.0211476724644	0.022369696317	-0.0960919238352	-0.0436947031761	0.078401623246	-0.011358197856	-0.0456365500406	-0.0809628499139	-0.0323232053931	-0.0460506951657	-0.00426757801056	-0.00482011007148	0.0220222080527	0.0541395434738	-0.0261101133384	0.0315795053372	0.0114805124036	0.0559798968245	-0.0291428329471	0.0125054884832	0.0286389392339	-0.00601045225493	-0.0450256958447	1.0	-0.00812875027853	0.123440798227	-0.0395384076721	-0.0690692428383	0.0119587366523	-0.00828264661824	-0.0160669887004	-0.0443487294257	0.0261943646444	-0.00355386124213	0.0655049151932	-0.00251492669128	-0.0229397492538	-0.0619452329316	0.0619231873959	-0.0257690789737	-0.0199161286047	-0.0360965131284	-0.0150665637636	-0.0503311991142	-0.000201003996241	0.00338848440078	-0.0013247128952	-0.0160398258307	-0.0362723432915	-0.0119536745878	-0.0320508118192	0.0179440468793	-0.0354395617367	0.0189390826887	-0.0794265038826	0.00424292915234	-0.0170068199561	0.046361583626
k__Bacteria;p__Bacteroidetes;c__Bacteroidia;o__Bacteroidales;f__Bacteroidaceae;g__Bacteroides;s__Bacteroides_coprophilus	0.0776715196432	-0.00621564584797	-0.0252230528426	0.0211479180732	0.0241298836075	0.0085135205447	0.00557150945849	0.00110472407097	0.0109376068729	-0.0148011688174	0.0369436264567	-0.0578688370626	0.00889471710838	-0.0887329104893	-0.0235627905727	-0.0833657831636	-0.00839743428177	-0.0291119175648	-0.0605387712056	-0.0289401921667	0.0419352804186	-0.0355539094514	0.0283491241565	-0.0253815858108	-0.00812875027853	1.0	-0.00618147800585	-0.0194880884677	-0.00207056455777	-0.0406121755081	-0.0163609646195	0.0390563900176	-0.0909594375975	0.0350744629192	0.00728892919395	0.0267307907982	0.0179055830369	0.00105254734127	-0.0756632864919	-0.0147202069928	-0.0240273849294	-0.0322227213636	-0.00266334461944	-0.0369681282301	0.0266023477145	0.00488145385411	-0.0270932395171	-0.0622286227661	0.024992250609	-0.0207126793852	-0.00333721555684	-0.0375857689158	0.0311109158018	-0.0491197487682	-0.0458891859634	0.0591346863569	-0.0226959346656	-0.0214971802575	-0.0205636557585
k__Bacteria;p__Firmicutes;c__Clostridia;o__Clostridiales;f__Lachnospiraceae;g__Roseburia;s__Roseburia_intestinalis	0.00180131672776	-0.00493641641882	0.027379431065	-0.0695162042271	0.0016291570448	0.0493298410624	0.00692531957053	-0.0272277140036	0.0183862330065	-0.060103224521	-0.0533250850731	-0.0545793962625	-0.0438448144179	0.0367370560682	-0.00739333182816	-0.0157728154786	-0.0454968716147	0.0360887458549	0.0316028838547	-0.0341266601062	-0.0250669989579	0.00295188785904	-0.0193310173678	0.0118627197337	0.123440798227	-0.00618147800585	1.0	-0.0398698275132	-0.0257202257832	0.021303944526	-0.0449225434616	-0.0420466407379	-0.0437638149371	0.0279914922007	0.037436462867	-0.015330885156	0.02473242155	0.0778787718219	0.0191523048847	-0.0139210573739	-0.00346136233301	0.00286668356878	-0.0040964912068	-0.0065614589506	0.0369126235406	0.00534180087741	0.0278161187502	-0.0410956893816	0.0150853248156	-0.0181688376485	0.0177600534205	0.0114215625029	-0.00419043353381	-0.0423630551799	-0.0185343424193	0.00275069035148	-0.0552827765727	-0.0320745724665	-0.0345111592169
k__Bacteria;p__Firmicutes;c__Clostridia;o__Clostridiales;f__Lachnospiraceae;g__Roseburia;s__Roseburia_hominis	0.0136094137356	-0.00772753410499	-0.0288102359819	-0.0289820621645	0.00467916705768	0.0403257393011	0.0621916246105	-0.0211853272347	-0.0307382135611	-0.0329091067743	0.0588818216232	0.00316259093096	0.0517253608653	-0.0123155920845	-0.00515840573404	0.00772604648246	-0.0019629930113	-0.0260910246714	-0.0303163486063	-0.0145975408443	-0.00547988599386	-0.050579474792	-0.00133773874367	0.00541504879385	-0.0395384076721	-0.0194880884677	-0.0398698275132	1.0	-0.0103709872116	-0.0166746753377	0.0205530745419	0.0207162793371	0.054047924859	-0.0776069519407	-0.0467807230691	0.028445990126	0.0249938127887	-0.0132515310311	-0.038640977314	-0.0113620255289	-0.0411779034614	-0.0249114500938	-0.0123162041189	0.00906639937619	-0.0383875978552	-0.0412586897752	-0.0221999940333	-0.0377197442792	-0.045358170992	0.00751470455632	0.0576270552757	0.0361918015358	0.0268268145323	-0.0080181673883	0.000835949548743	0.0715520796578	-0.056250983037	-0.00503661517227	-0.0181587471155
k__Bacteria;p__Bacteroidetes;c__Bacteroidia;o__Bacteroidales;f__Porphyromonadaceae;g__Parabacteroides;s__Parabacteroides_johnsonii	-0.0378146196619	0.00927171832596	-0.0103151937961	-0.0192387842142	0.0587081380917	-0.0324985739948	0.0245354645876	0.00944721711251	0.00745390506135	0.0604828774086	0.0274266154251	-0.0406267298361	-0.0306909040509	-0.0222574501421	-0.0828210845601	-0.0109399321961	-0.0222520136606	0.0425944484805	-0.0694514131657	0.0315507978856	0.00933019551152	-0.055311660588	-0.0261106352353	-0.038209729613	-0.0690692428383	-0.00207056455777	-0.0257202257832	-0.0103709872116	1.0	0.012700956791	0.0417972739925	0.068631603971	0.0474765482221	0.0282826934332	-0.0445399866589	-0.00830261012421	0.0261251772313	-0.00209654780678	-0.0261742904702	0.0516856921186	0.0145091010992	-0.0239782811903	-0.066836666065	0.0429845076691	0.0297435139237	-0.0306540510854	-0.0116923348438	-0.0238507510815	-0.014416646769	-0.0793552408486	-0.0405561767349	0.0188820152878	-0.0044413524176	-0.00329535880228	-0.0132261030746	0.0323261355921	-0.00350940640183	0.0175861066733	-0.0277575457946
k__Bacteria;p__Actinobacteria;c__Actinobacteria;o__Bifidobacteriales;f__Bifidobacteriaceae;g__Bifidobacterium;s__Bifidobacterium_longum	0.0154002415483	0.0607913550967	-0.07196900016	-0.00300974452684	-0.0368081832574	-0.0127161836016	-0.0360719604117	-0.0116803962015	0.0185139861554	0.0189735630499	0.0318546705469	0.0159607842516	0.00964636225426	-0.0299000950869	-0.0332051775921	0.0163654106111	-0.0275773476915	-0.0182734948772	-0.020729048997	0.00784506107253	0.00028622659643	-0.0733547088868	-0.0299803586658	-0.00437510165069	0.0119587366523	-0.0406121755081	0.021303944526	-0.0166746753377	0.012700956791	1.0	-0.0600675887422	-0.0144586638378	0.0164197557403	-0.00135539261216	-0.0294857783812	-0.0191625823061	-0.0113853940402	0.0930991554191	0.00689600015736	-0.0318595270478	0.0121790330245	0.0512278901665	-0.0166330388102	0.024158642281	0.0436846784688	-0.0146647478382	-0.0574373854745	-0.0736315134547	0.0163303127417	0.0342173068476	0.00605413889474	0.0201148236514	0.0932807745149	-0.0432216870615	-0.0670452355972	-0.077401204104	-0.00678778312077	-0.0599653137098	0.0383297740555
