#taxonomy	k__Bacteria;p__Bacteroidetes;c__Bacteroidia;o__Bacteroidales;f__Bacteroidaceae;g__Bacteroides;s__Bacteroides_vulgatus	k__Bacteria;p__Bacteroidetes;c__Bacteroidia;o__Bacteroidales;f__Bacteroidaceae;g__Bacteroides;s__Bacteroides_uniformis	k__Bacteria;p__Bacteroidetes;c__Bacteroidia;o__Bacteroidales;f__Rikenellaceae;g__Alistipes;s__Alistipes_putredinis	k__Bacteria;p__Bacteroidetes;c__Bacteroidia;o__Bacteroidales;f__Prevotellaceae;g__Prevotella;s__Prevotella_copri	k__Bacteria;p__Bacteroidetes;c__Bacteroidia;o__Bacteroidales;f__Bacteroidaceae;g__Bacteroides;s__Bacteroides_stercoris	k__Bacteria;p__Bacteroidetes;c__Bacteroidia;o__Bacteroidales;f__Bacteroidaceae;g__Bacteroides;s__Bacteroides_ovatus	k__Bacteria;p__Bacteroidetes;c__Bacteroidia;o__Bacteroidales;f__Rikenellaceae;g__Alistipes;s__Alistipes_shahii	k__Bacteria;p__Firmicutes;c__Clostridia;o__Clostridiales;f__Ruminococcaceae;g__Faecalibacterium;s__Faecalibacterium_prausnitzii	k__Bacteria;p__Bacteroidetes;c__Bacteroidia;o__Bacteroidales;f__Rikenellaceae;g__Alistipes;s__Alistipes_finegoldii	k__Bacteria;p__Bacteroidetes;c__Bacteroidia;o__Bacteroidales;f__Porphyromonadaceae;g__Parabacteroides;s__Parabacteroides_distasonis	k__Bacteria;p__Bacteroidetes;c__Bacteroidia;o__Bacteroidales;f__Bacteroidaceae;g__Bacteroides;s__Bacteroides_thetaiotaomicron	k__Bacteria;p__Bacteroidetes;c__Bacteroidia;o__Bacteroidales;f__Bacteroidaceae;g__Bacteroides;s__Bacteroides_coprocola	k__Bacteria;p__Bacteroidetes;c__Bacteroidia;o__Bacteroidales;f__Bacteroidaceae;g__Bacteroides;s__Bacteroides_cellulosilyticus	k__Bacteria;p__Bacteroidetes;c__Bacteroidia;o__Bacteroidales;f__Rikenellaceae;g__Alistipes;s__Alistipes_obesi	k__Bacteria;p__Firmicutes;c__Clostridia;o__Clostridiales;f__Lachnospiraceae;g__;s__[Eubacterium]_rectale	k__Bacteria;p__Bacteroidetes;c__Bacteroidia;o__Bacteroidales;f__Bacteroidaceae;g__Bacteroides;s__Bacteroides_plebeius	k__Bacteria;p__Bacteroidetes;c__Bacteroidia;o__Bacteroidales;f__Bacteroidaceae;g__Bacteroides;s__Bacteroides_fragilis	k__Bacteria;p__Proteobacteria;c__Betaproteobacteria;o__Burkholderiales;f__Sutterellaceae;g__Sutterella;s__Sutterella_wadsworthensis	k__Bacteria;p__Bacteroidetes;c__Bacteroidia;o__Bacteroidales;f__Porphyromonadaceae;g__Barnesiella;s__Barnesiella_intestinihominis	k__Bacteria;p__Bacteroidetes;c__Bacteroidia;o__Bacteroidales;f__Odoribacteraceae;g__Odoribacter;s__Odoribacter_splanchnicus	k__Bacteria;p__Bacteroidetes;c__Bacteroidia;o__Bacteroidales;f__Bacteroidaceae;g__Bacteroides;s__Bacteroides_salyersiae	k__Bacteria;p__Firmicutes;c__Clostridia;o__Clostridiales;f__Ruminococcaceae;g__Ruminiclostridium;s__[Eubacterium]_siraeum	k__Bacteria;p__Proteobacteria;c__Betaproteobacteria;o__Burkholderiales;f__Sutterellaceae;g__Parasutterella;s__Parasutterella_excrementihominis	k__Bacteria;p__Actinobacteria;c__Actinobacteria;o__Bifidobacteriales;f__Bifidobacteriaceae;g__Bifidobacterium;s__Bifidobacterium_adolescentis	k__Bacteria;p__Firmicutes;c__Clostridia;o__Clostridiales;f__Oscillospiraceae;g__Oscillibacter;s__Oscillibacter_sp._KLE_1745	k__Bacteria;p__Bacteroidetes;c__Bacteroidia;o__Bacteroidales;f__Bacteroidaceae;g__Bacteroides;s__Bacteroides_coprophilus	k__Bacteria;p__Firmicutes;c__Clostridia;o__Clostridiales;f__Lachnospiraceae;g__Roseburia;s__Roseburia_intestinalis	k__Bacteria;p__Firmicutes;c__Clostridia;o__Clostridiales;f__Lachnospiraceae;g__Roseburia;s__Roseburia_hominis	k__Bacteria;p__Bacteroidetes;c__Bacteroidia;o__Bacteroidales;f__Porphyromonadaceae;g__Parabacteroides;s__Parabacteroides_johnsonii	k__Bacteria;p__Actinobacteria;c__Actinobacteria;o__Bifidobacteriales;f__Bifidobacteriaceae;g__Bifidobacterium;s__Bifidobacterium_longum	k__Bacteria;p__Firmicutes;c__Clostridia;o__Clostridiales;f__;g__Flavonifractor;s__Flavonifractor_plautii	k__Bacteria;p__Firmicutes;c__Clostridia;o__Clostridiales;f__Clostridiaceae;g__Clostridium;s__Clostridium_phoceensis	k__Bacteria;p__Verrucomicrobia;c__Verrucomicrobiae;o__Verrucomicrobiales;f__Akkermansiaceae;g__Akkermansia;s__Akkermansia_muciniphila	k__Bacteria;p__Bacteroidetes;c__Bacteroidia;o__Bacteroidales;f__Prevotellaceae;g__Paraprevotella;s__Paraprevotella_xylaniphila	k__Bacteria;p__Firmicutes;c__Clostridia;o__Clostridiales;f__Ruminococcaceae;g__Ruminococcus;s__Ruminococcus_callidus	k__Bacteria;p__Bacteroidetes;c__Bacteroidia;o__Bacteroidales;f__Rikenellaceae;g__Alistipes;s__Alistipes_senegalensis	k__Bacteria;p__Firmicutes;c__Clostridia;o__Clostridiales;f__Lachnospiraceae;g__Blautia;s__Blautia_sp._KLE_1732	k__Bacteria;p__Bacteroidetes;c__Bacteroidia;o__Bacteroidales;f__Bacteroidaceae;g__Bacteroides;s__Bacteroides_oleiciplenus	k__Bacteria;p__Firmicutes;c__Clostridia;o__Clostridiales;f__Ruminococcaceae;g__Ruminococcus;s__Ruminococcus_bicirculans	k__Bacteria;p__Bacteroidetes;c__Bacteroidia;o__Bacteroidales;f__Bacteroidaceae;g__Bacteroides;s__Bacteroides_fluxus	k__Bacteria;p__Bacteroidetes;c__Bacteroidia;o__Bacteroidales;f__Prevotellaceae;g__Prevotella;s__Prevotella_stercorea	k__Bacteria;p__Firmicutes;c__Clostridia;o__Clostridiales;f__Lachnospiraceae;g__Dorea;s__Dorea_longicatena	k__Bacteria;p__Firmicutes;c__Clostridia;o__Clostridiales;f__Eubacteriaceae;g__Eubacterium;s__[Eubacterium]_eligens	k__Bacteria;p__Firmicutes;c__Clostridia;o__Clostridiales;f__Ruminococcaceae;g__;s__Ruminococcaceae_bacterium_D16	k__Bacteria;p__Firmicutes;c__Clostridia;o__Clostridiales;f__Lachnospiraceae;g__Coprococcus;s__Coprococcus_comes	k__Bacteria;p__Proteobacteria;c__Gammaproteobacteria;o__Enterobacterales;f__Enterobacteriaceae;g__Escherichia;s__Escherichia_coli	k__Bacteria;p__Firmicutes;c__Clostridia;o__Clostridiales;f__Ruminococcaceae;g__Anaerotruncus;s__Anaerotruncus_colihominis	k__Bacteria;p__Firmicutes;c__Clostridia;o__Clostridiales;f__Lachnospiraceae;g__Blautia;s__Blautia_obeum	k__Bacteria;p__Bacteroidetes;c__Bacteroidia;o__Bacteroidales;f__Odoribacteraceae;g__Odoribacter;s__Odoribacter_laneus	k__Bacteria;p__Firmicutes;c__Clostridia;o__Clostridiales;f__Ruminococcaceae;g__Ruminiclostridium;s__[Clostridium]_leptum	k__Bacteria;p__Bacteroidetes;c__Bacteroidia;o__Bacteroidales;f__Porphyromonadaceae;g__Parabacteroides;s__Parabacteroides_goldsteinii	k__Bacteria;p__Firmicutes;c__Clostridia;o__Clostridiales;f__Lachnospiraceae;g__Anaerostipes;s__Anaerostipes_hadrus	k__Bacteria;p__Firmicutes;c__Clostridia;o__Clostridiales;f__Ruminococcaceae;g__Ruminococcus;s__Ruminococcus_lactaris	k__Bacteria;p__Firmicutes;c__Clostridia;o__Clostridiales;f__Clostridiaceae;g__Clostridium;s__Clostridium_sp._L2-50	k__Bacteria;p__Firmicutes;c__Clostridia;o__Clostridiales;f__Clostridiaceae;g__Clostridium;s__Clostridium_sp._M62/1	k__Bacteria;p__Firmicutes;c__Clostridia;o__Clostridiales;f__;g__Intestinimonas;s__Intestinimonas_butyriciproducens	k__Bacteria;p__Actinobacteria;c__Actinobacteria;o__Bifidobacteriales;f__Bifidobacteriaceae;g__Bifidobacterium;s__Bifidobacterium_bifidum	k__Bacteria;p__Firmicutes;c__Negativicutes;o__Veillonellales;f__Veillonellaceae;g__Dialister;s__Dialister_invisus	k__Bacteria;p__Bacteroidetes;c__Bacteroidia;o__Bacteroidales;f__Bacteroidaceae;g__Bacteroides;s__Bacteroides_salanitronis
k__Bacteria;p__Bacteroidetes;c__Bacteroidia;o__Bacteroidales;f__Bacteroidaceae;g__Bacteroides;s__Bacteroides_vulgatus	1.0	-0.0257901603849	-0.0357645090122	-0.00109561486421	0.0354884235541	-0.000347366648865	0.0148461898924	0.0421107637295	-0.000963513729373	-0.0416834907745	0.00568848597472	-0.01314676421	0.0504501463128	0.0318256285381	-0.00830425775525	0.028391852513	0.00110427577955	0.0167624725356	-0.0397671851061	-0.0444368074909	0.0118753602335	-0.0245972420679	-0.00737015941876	-0.0897523089322	-0.0100933854993	-0.034854837318	-0.0493721820507	-0.0148727367239	0.00726916493666	0.0505732758443	0.00141477623539	-0.0373053600279	-0.012456018238	0.0378551482738	0.0184843295598	0.00638282494931	-0.0323011937398	0.00606140943434	-0.0474333902613	-0.0520331118168	0.00390570343268	-0.0102317610415	-0.0227685180267	-0.0148123558846	-0.0243615126268	-0.05545949251	-0.0044769455784	0.0276967015338	0.0043063920251	-0.00195423363364	-0.0105102629318	0.00353589825292	-0.0207161369642	-0.0889606333378	0.0099507231151	-0.0680942472511	-0.0422995850857	0.0681688863943	-0.0205005355929
k__Bacteria;p__Bacteroidetes;c__Bacteroidia;o__Bacteroidales;f__Bacteroidaceae;g__Bacteroides;s__Bacteroides_uniformis	-0.0257901603849	1.0	-0.0547231556296	0.00233614459213	0.0177298913468	-0.042266052114	-0.0056361015596	0.0059986253413	0.0153462473943	0.0322997205745	-0.035991375647	-0.0313176800065	-0.0525369054895	-0.0598133351714	-0.0151072661712	-0.0232492376149	0.012462514971	0.0191208526534	0.00153757867708	0.0346713231184	-0.0476449320591	0.0231443685317	0.0381273332136	-0.00164608350762	-0.0126269002133	-0.0350090786241	-0.00435007120403	0.0331756459032	0.0847740131044	-0.0583407582277	0.00879068584093	0.0324604888166	-0.018029286542	0.0713493290421	-0.0797059962943	-0.00553229860798	0.0434188651346	0.000424195081152	0.0230957240909	-0.0196114417847	-0.0620331641983	-0.042651490443	0.0377805953801	-0.000783961009782	-0.0287896843951	0.0172378183579	-0.0110601674715	-0.0583663262565	-0.0521408238521	-0.0587161944521	-0.058390551914	0.0173506479841	0.0129622559818	-0.0218622059984	0.0193032250882	0.00795745105782	0.00356536255339	-0.00571451503232	-0.0422372589903
k__Bacteria;p__Bacteroidetes;c__Bacteroidia;o__Bacteroidales;f__Rikenellaceae;g__Alistipes;s__Alistipes_putredinis	-0.0357645090122	-0.0547231556296	1.0	-0.0175988048585	-0.00417726994237	0.0153957746666	0.0151407415907	-0.0245776869382	-0.00325669189922	-0.0655168962448	0.0259463728861	0.00152922356845	-0.0021324639026	-0.0215213761383	-0.0262547334274	0.0257363917431	0.007727481775	0.0176630239728	-0.023497027229	-0.0154016864036	-0.0150997147105	-0.0351538707194	0.0139279525003	-0.0215762524337	-0.0419794126119	0.0303758623375	0.00219381542181	0.061439855098	-0.050265708179	-0.0289859973688	-0.00594347972317	0.00775639074182	0.0241966917051	-0.0207459654549	-0.0655041860951	-0.0714136995967	-0.00339643012798	0.03646504759	0.0122060645889	0.0430228003492	-0.0030965465798	-0.0190764292234	-0.0233373392624	-0.0490014182474	0.0435203904999	0.0378718988909	0.000626618871876	0.0112813822733	-0.0036200750359	-0.00154539838154	-0.0432037686859	-0.0210646545169	0.0357421804956	0.0203550156963	-0.0260904953727	-0.0205060571143	-0.00657792326955	0.0311660832967	-0.0319232277594
k__Bacteria;p__Bacteroidetes;c__Bacteroidia;o__Bacteroidales;f__Prevotellaceae;g__Prevotella;s__Prevotella_copri	-0.00109561486421	0.00233614459213	-0.0175988048585	1.0	-0.0487978918047	0.00323972496028	-0.0169157315019	-0.042492141127	-0.0480436006544	-0.0288623466502	-0.015327474486	-0.0209312232617	0.0379213721193	0.015564705557	-0.00230620609276	-0.0152971538335	-0.0495538982955	-0.0230918037232	0.0246779539754	0.00450241054553	0.0392848261226	-0.0628609047785	-0.00926483677769	-0.00811229332078	0.00777342170205	-0.0210081829222	0.0512410922969	-0.0575065266061	-0.0259081894782	-0.0519986856554	-0.0452161606984	0.0178001746376	-0.0218654021115	-0.00770536173597	-0.0594383327673	0.0693433184344	0.00461505359689	-0.00999176951172	0.00328443564441	0.0551978375673	-0.00576689976846	0.00689453887773	-0.00582091956199	0.0198456469713	-0.0199097964369	-0.0481108885712	0.0287292660344	-0.0744807045892	-0.103393018405	-0.0176934121949	0.00449384694262	0.0358321485967	-0.047852375358	-0.00050077679623	0.00123412163896	0.0563060079438	0.0197244493972	-0.033056032863	-0.045879369839
k__Bacteria;p__Bacteroidetes;c__Bacteroidia;o__Bacteroidales;f__Bacteroidaceae;g__Bacteroides;s__Bacteroides_stercoris	0.0354884235541	0.0177298913468	-0.00417726994237	-0.0487978918047	1.0	0.00414877042742	0.00979850784754	-0.0376391052182	-0.0310482120435	-0.0149867914991	-0.012265077117	-0.0429205598886	0.00332813087641	-0.0094698181525	-0.0251402293735	-0.0379560811539	-0.0224672909394	-0.0122026422708	0.0475685380887	-0.00190257955724	0.0194324232307	-0.0493127956555	0.0197110638301	-0.092310629266	-0.0383417442248	0.0406056146591	-0.0335489480946	-0.0206603129498	0.00271759721554	-0.0546153579711	-0.047936405234	-0.0328714189706	-0.0207227053038	-0.00956432488435	0.00383766242754	0.00229509310711	0.00457484166936	0.0120472957097	-0.00432748103855	-0.0274320562711	-0.0147044954157	0.0241468214849	0.0469632256982	-0.0922320157819	-0.0198989825157	-0.0127065698501	-0.0400285116304	-0.00860126058147	0.0176616822193	-0.0271788861554	-0.0243075239669	-0.0428783298154	-0.00774186416763	-0.0444158120349	-0.0122726290108	0.0150917077457	-0.015056278837	0.00462773957441	0.00902382782692
k__Bacteria;p__Bacteroidetes;c__Bacteroidia;o__Bacteroidales;f__Bacteroidaceae;g__Bacteroides;s__Bacteroides_ovatus	-0.000347366648865	-0.042266052114	0.0153957746666	0.00323972496028	0.00414877042742	1.0	-0.00429753317834	-0.0831152473011	-0.0497571431663	-0.037006004166	-0.00138073469445	-0.00383760327134	-0.0226984832349	0.0350785364235	-0.0516251542615	-0.0445760607383	-0.00722652362907	-0.000343880471958	-0.0717379214943	-0.020424727393	0.00710511136001	-0.0356059058827	0.0126546984514	0.0709221989398	-0.00694573081039	-0.0387620307869	-0.00112135954068	-0.00310756177203	-0.0239146941447	0.0155273169401	-0.00510987859088	0.0183018409869	-0.0375469568542	-0.0253834653399	-0.0551275114592	-0.0144895734198	0.0490218545776	-0.0439175760055	-0.0576513960655	-0.028535989192	-0.0513274919241	0.00783539797083	-0.00725200729774	-0.0160332154104	-0.0585980793387	0.00181827219298	-0.00924896373418	-0.0455500580161	-0.0214064781765	-0.0100263064929	-0.0621420668404	-0.0268017628848	0.04213966429	0.0235843456569	0.0117059283594	0.0225629507795	-0.0506893794831	-0.00769458391075	0.0059920811829
k__Bacteria;p__Bacteroidetes;c__Bacteroidia;o__Bacteroidales;f__Rikenellaceae;g__Alistipes;s__Alistipes_shahii	0.0148461898924	-0.0056361015596	0.0151407415907	-0.0169157315019	0.00979850784754	-0.00429753317834	1.0	-0.00423253750672	0.0267131670956	-0.0162609605438	0.0209480909933	0.0763816275697	0.0307002597572	0.0164482365128	-0.0383055192482	-0.040415681816	-0.0298770381789	-0.0598865724665	-0.0594514408029	0.051117629161	-0.0474121964765	0.0580486696767	-0.0527862334581	0.0745778953103	0.0167556992302	0.0280087813322	0.0656993024962	-0.0299430499457	-0.0434210375791	0.0349680939003	0.0245484890076	-0.00250755768655	-0.0128055981691	-0.0368720423102	-0.0624302406145	-0.021304666967	0.0218574728897	-0.00904379901344	-0.0419900135645	-0.00490110967432	0.0168081220042	0.00192613821465	0.00720395163415	-0.0343577563938	0.00201452498367	-0.024840177956	-0.0566282037732	-0.0116798481247	-0.0329638965594	-0.00222091386157	0.0124098925565	-0.022324114227	-0.0216559531071	-0.0236209677248	0.0529421515015	-0.0255061655787	0.0967616677212	-0.0305361900541	-0.0310644915401
k__Bacteria;p__Firmicutes;c__Clostridia;o__Clostridiales;f__Ruminococcaceae;g__Faecalibacterium;s__Faecalibacterium_prausnitzii	0.0421107637295	0.0059986253413	-0.0245776869382	-0.042492141127	-0.0376391052182	-0.0831152473011	-0.00423253750672	1.0	-0.0232876184654	-0.0406911048648	-0.0501545595679	-0.00535392078535	-0.0217457005501	0.0572108663151	0.00962558201026	-0.013066837358	-0.0143691889136	0.0574634189154	0.0663959415318	-0.00506111634577	0.0326044015409	-0.043733775659	0.00733322457696	-0.021093409852	0.0698518326065	-0.0280673311243	-0.0266132466955	-0.0259786215194	-0.0433272684964	-0.00824119100656	-0.0457304092071	-0.00367030269488	0.0496404616103	0.0131757029659	0.0587511500913	0.0293923359692	0.0594045963962	-0.0292345914655	-0.0183356912256	0.0573030898519	-0.0549891591227	-0.0554556590307	-0.0328776411052	-0.000322170248729	-0.0929793750251	0.017156238439	-0.0200597061004	-0.0343704570339	0.00466923659581	-0.0472957256766	0.012278126365	-0.0594672296602	-0.0400559615344	0.0147191541216	-0.0161172265168	-0.0329811156446	0.00372836273426	-0.0435424748575	0.00061905178871
k__Bacteria;p__Bacteroidetes;c__Bacteroidia;o__Bacteroidales;f__Rikenellaceae;g__Alistipes;s__Alistipes_finegoldii	-0.000963513729373	0.0153462473943	-0.00325669189922	-0.0480436006544	-0.0310482120435	-0.0497571431663	0.0267131670956	-0.0232876184654	1.0	0.00239798459857	-0.0452426871257	-0.0375683778119	0.0213783107514	-0.0457897168666	0.0367676455263	-0.0185710604793	-0.0560659386214	-0.0024207269773	-0.00251822560852	-0.0288477396696	-0.0384236103458	-0.0140299966713	-0.00189931399665	-0.0545352690724	0.0424456423689	0.0594783338074	0.00366228881149	-9.58030067149e-05	0.00779857834799	-0.0666787726409	-0.0522995543926	0.0526154984104	0.0326744418632	-0.070062979789	0.0353728403587	-0.0405562995236	-0.0328276897182	0.0555658659604	-0.0196314949727	-0.0476628664717	-0.0361010804861	-0.0267868986394	0.0428507272493	0.00530968243943	0.0209469188074	-0.0113486098645	0.0441462820566	-0.0210128841576	0.0111823403187	-0.0341164724093	0.00387789296779	0.0386800292029	0.037636539577	-0.031868691178	-0.0109830417026	-0.000832985380623	0.0322375864054	-0.00237583123634	-0.00564796043127
k__Bacteria;p__Bacteroidetes;c__Bacteroidia;o__Bacteroidales;f__Porphyromonadaceae;g__Parabacteroides;s__Parabacteroides_distasonis	-0.0416834907745	0.0322997205745	-0.0655168962448	-0.0288623466502	-0.0149867914991	-0.037006004166	-0.0162609605438	-0.0406911048648	0.00239798459857	1.0	0.0522186096011	-0.0329082907306	-0.0477620937141	0.0267002204867	-0.0502026360931	0.0510600558969	-0.0312646564293	0.00429817976768	-0.0234345241175	-0.00260535908014	-0.0151348220976	-0.0529481712175	-0.0513724135516	-0.0442512970081	-0.0440769431356	0.0315992817049	0.0705661966493	0.00378159212825	0.0219222467065	-0.00249971048733	-0.0401682366759	-0.0340911833759	0.0413227158111	-0.0441186915934	0.00765526600585	-0.0230731666957	0.025592313469	-0.0565678202119	-0.0555896457504	0.00681993394672	-0.0550528612016	-0.00920921612676	-0.043868055172	0.0620690762296	0.0446266573937	-0.0667273856854	0.0229461791259	-0.0177743266726	0.0669716432258	-0.0442147676729	0.0237958340482	0.0809031714238	-0.0046988705521	0.00025167941987	-0.0106392459756	-0.0433643115208	-0.0112800538437	0.0644653701857	-0.000963459173282
k__Bacteria;p__Bacteroidetes;c__Bacteroidia;o__Bacteroidales;f__Bacteroidaceae;g__Bacteroides;s__Bacteroides_thetaiotaomicron	0.00568848597472	-0.035991375647	0.0259463728861	-0.015327474486	-0.012265077117	-0.00138073469445	0.0209480909933	-0.0501545595679	-0.0452426871257	0.0522186096011	1.0	-0.0148822463307	0.0382100437633	-0.00276105395214	0.0522927269465	0.0384544996573	0.0366519397635	-0.032998295457	-0.00924530819285	0.00369340122766	-0.0122979061341	0.0122022675861	0.00762423354765	-0.0237440153268	-0.00146771261557	0.00423355787837	0.0660351008224	-0.0472712599638	0.0855955867163	0.00851628481568	0.023338670176	0.0120955378323	-0.0128572712903	-0.0193399928744	-0.00266364819483	0.0144523490757	-0.00804477779732	0.0317764481589	-0.0118610862527	-0.0401410952923	-0.0522616380741	-0.0351199180313	0.000684717249649	-0.080928209943	-0.0542039328468	-0.00375407265294	-0.0245509189947	0.0313957161254	0.00738252371298	0.0101382268111	-0.0082983373764	-0.0259831231532	-0.140921636355	-0.0236518961718	0.0207852341938	0.0500185423031	0.0143583571224	-0.0684969734685	0.00361334205692
k__Bacteria;p__Bacteroidetes;c__Bacteroidia;o__Bacteroidales;f__Bacteroidaceae;g__Bacteroides;s__Bacteroides_coprocola	-0.01314676421	-0.0313176800065	0.00152922356845	-0.0209312232617	-0.0429205598886	-0.00383760327134	0.0763816275697	-0.00535392078535	-0.0375683778119	-0.0329082907306	-0.0148822463307	1.0	-0.0309044881707	-0.00158001610329	-0.00454545588443	-0.0611104228025	0.00377897917806	0.000635944737056	-0.0187825359613	-0.0211312446406	-0.019067489683	0.0612287396894	-0.0226820028614	0.00349873767966	0.00140141055255	-0.0548579136717	0.05980455623	-0.0386599823633	-0.0118967032235	-0.00561807625615	-0.0267202959046	-0.0471733364653	0.0219904391521	-0.0724022926938	0.0357313071376	0.0537533284487	-0.0261429074151	0.016147481553	-0.0491200879631	0.0343733052735	0.00351705712719	0.0242913260709	-0.048111209538	-0.0546603059506	0.0110372076186	-0.0757126611307	-0.0354592599321	0.0176168802297	-0.0492445326576	0.0520110062543	-0.0501968461146	-0.036816476384	-0.0549939542807	-0.0246884694195	0.000595418273694	-0.0236117156509	-0.0253087170855	0.00949305374191	0.0294490322588
k__Bacteria;p__Bacteroidetes;c__Bacteroidia;o__Bacteroidales;f__Bacteroidaceae;g__Bacteroides;s__Bacteroides_cellulosilyticus	0.0504501463128	-0.0525369054895	-0.0021324639026	0.0379213721193	0.00332813087641	-0.0226984832349	0.0307002597572	-0.0217457005501	0.0213783107514	-0.0477620937141	0.0382100437633	-0.0309044881707	1.0	-0.0394399830596	0.0118420538125	0.00419260588591	0.00852417662273	-0.0475760005295	0.0233007182888	-0.00449878818539	0.0252595993642	-0.0493252889285	0.0219549568579	-0.0364274214044	-0.0350645086441	-0.0072004807885	0.00559960480133	-0.00246103867061	-0.0500037180945	-0.0314668467679	-0.011652622145	-0.00322739225491	0.0362632447502	-0.00183898133065	0.0298226163652	-0.000623351837255	-0.0371284576723	-0.0209810270566	0.00673004615448	0.0380585634765	-0.00102653153675	-0.0128944073493	-0.0496818326518	-0.0260891669298	0.00929773304707	-0.00817121276672	0.0268410083906	-0.0141368386977	-0.00117520097208	-0.0399866619969	0.0410663301337	0.00344352204909	0.0598581385203	-0.0717454941255	0.0249936896709	0.00770074201575	0.0515295513571	-0.0653243151371	-0.0195955713323
k__Bacteria;p__Bacteroidetes;c__Bacteroidia;o__Bacteroidales;f__Rikenellaceae;g__Alistipes;s__Alistipes_obesi	0.0318256285381	-0.0598133351714	-0.0215213761383	0.015564705557	-0.0094698181525	0.0350785364235	0.0164482365128	0.0572108663151	-0.0457897168666	0.0267002204867	-0.00276105395214	-0.00158001610329	-0.0394399830596	1.0	-0.0364783656333	0.00865042480653	0.0488728819894	0.0325504891882	-0.0343724559651	-0.0309455953887	0.0116395196601	-0.0405932952223	0.024573849298	-0.0106756233656	-0.0312240051992	-0.0118124703849	-0.0446619916396	-0.0343258945295	-0.0222912906297	0.0279552552188	-0.00922252955218	-0.0038516931434	-0.0403547145252	-0.0174990931699	0.00263721404575	-0.0227231415901	0.0378743558752	0.0338388928185	0.00716766075331	0.0283051069898	0.0624344981614	-0.0115124102589	-0.0133943898578	-0.0204667888901	-0.0337652614643	-0.00112942821234	0.00168888411291	-0.0691285121834	0.0374980903488	-0.00751920871858	0.00157685037753	-0.0546048498835	0.000812266472659	0.0721648704847	-0.0354732637427	0.0345917131693	-0.0513849018133	-0.0303375058493	-0.0206503995919
k__Bacteria;p__Firmicutes;c__Clostridia;o__Clostridiales;f__Lachnospiraceae;g__;s__[Eubacterium]_rectale	-0.00830425775525	-0.0151072661712	-0.0262547334274	-0.00230620609276	-0.0251402293735	-0.0516251542615	-0.0383055192482	0.00962558201026	0.0367676455263	-0.0502026360931	0.0522927269465	-0.00454545588443	0.0118420538125	-0.0364783656333	1.0	-0.0294914100454	-0.00100745243573	-0.0638990518785	0.0535213781074	0.0233838218002	0.0231071295552	-0.00699208989667	0.0188809341716	-0.0192699761937	0.0616586589345	0.0171716352072	-0.028926567711	0.0810268470154	-0.0237253777129	-0.00158095911457	0.0114009942339	-0.00320469527948	-0.0145995124951	-0.0297236128807	0.0040444899205	0.0400367930142	-0.0221815117318	-0.00672503581589	0.0162779320604	-0.0636253174165	0.0238506877865	-0.0036501851502	0.0432781864977	0.00761846550622	0.00050695435498	-0.00889379761151	-0.0340656703703	0.0108826438711	-0.0600995453487	-0.0181194897711	0.0160753663741	-0.0152788926652	-0.0199592221279	-0.0160073969817	-0.0274155332468	-0.00389535745342	0.00493965108294	-0.0638002467131	-0.055159787329
k__Bacteria;p__Bacteroidetes;c__Bacteroidia;o__Bacteroidales;f__Bacteroidaceae;g__Bacteroides;s__Bacteroides_plebeius	0.028391852513	-0.0232492376149	0.0257363917431	-0.0152971538335	-0.0379560811539	-0.0445760607383	-0.040415681816	-0.013066837358	-0.0185710604793	0.0510600558969	0.0384544996573	-0.0611104228025	0.00419260588591	0.00865042480653	-0.0294914100454	1.0	-0.00127634918281	0.00757951677757	-0.00596503958014	-0.0403465514712	-0.0259641229889	-0.0131593849933	0.00187467951071	-0.0446185578729	-0.0273881499713	-0.0214741493427	-0.0516007483774	0.00361239932499	0.0139448157711	-0.0212057500836	0.0307059472728	0.0310784541675	-0.0147986461813	0.0359738219928	0.0114242690346	0.0259187754441	-0.000546411470504	-0.00663267983321	-0.0214075904081	0.0470317995569	0.0128059536832	0.0366924731093	-0.0153979827759	-0.00252630412571	-0.0356872997287	-0.0137184878429	-0.0419429348012	-0.0346203877278	-0.0581988467833	0.00779786250865	-0.0375070447042	0.0161218742515	0.021183787417	-0.0217151939637	0.0119882823518	-0.0357881689041	-0.00469437110506	0.0781590909576	-0.0619885845032
k__Bacteria;p__Bacteroidetes;c__Bacteroidia;o__Bacteroidales;f__Bacteroidaceae;g__Bacteroides;s__Bacteroides_fragilis	0.00110427577955	0.012462514971	0.007727481775	-0.0495538982955	-0.0224672909394	-0.00722652362907	-0.0298770381789	-0.0143691889136	-0.0560659386214	-0.0312646564293	0.0366519397635	0.00377897917806	0.00852417662273	0.0488728819894	-0.00100745243573	-0.00127634918281	1.0	-0.0595835032549	0.0411773836871	-0.0415480177569	-0.0523573064171	-0.0624907052511	0.0779018914474	-0.00541846036238	-0.0216828609857	-0.0862158998123	-0.0346788281928	-0.0190691454989	0.0277292766883	0.0442494557442	0.0399588884799	0.0340438750018	-0.00427435873915	-0.0491462177637	0.0197745367614	0.074141231067	0.0261773886759	0.0181318592293	-0.00432708588507	-0.030538562588	-0.0321439169393	0.0347027267588	-0.0686292222327	-0.0574037727927	0.0418426846993	0.0352219760682	-0.0463317191772	-0.00780926886389	0.00619768466259	0.00429968807303	-0.000156380296978	-0.0656570620401	-0.0531330028218	0.0363980948194	0.0594099774852	0.0415347730329	-0.0379893125286	-0.0138455354353	-0.000802096414394
k__Bacteria;p__Proteobacteria;c__Betaproteobacteria;o__Burkholderiales;f__Sutterellaceae;g__Sutterella;s__Sutterella_wadsworthensis	0.0167624725356	0.0191208526534	0.0176630239728	-0.0230918037232	-0.0122026422708	-0.000343880471958	-0.0598865724665	0.0574634189154	-0.0024207269773	0.00429817976768	-0.032998295457	0.000635944737056	-0.0475760005295	0.0325504891882	-0.0638990518785	0.00757951677757	-0.0595835032549	1.0	0.0515750800854	0.00301540578963	0.0110373036855	0.0279215850295	-0.00118687485863	0.0492095196186	0.0149727732809	0.0133901707982	-0.053041182389	-0.0451305693066	-0.0224375309291	-0.0545499716633	-0.0678044015938	-0.028203280792	-0.017276776218	0.0102386048625	-0.0164230841581	-0.0145594686854	-0.0262029211171	-0.056292384998	0.0420882472038	0.0336556352488	-0.0505004411852	-0.0609916312732	-0.00940070885451	-0.0362916068453	-0.0211215777997	-0.0561151983734	0.00817841068225	-0.0135542729964	-0.0433897352174	0.0364758265367	-0.0179378287394	-0.00454808761999	-0.00206792472621	0.010296826125	-0.0168005730356	0.00067382342369	0.0506985079727	-0.00622801094452	-0.0160440685749
k__Bacteria;p__Bacteroidetes;c__Bacteroidia;o__Bacteroidales;f__Porphyromonadaceae;g__Barnesiella;s__Barnesiella_intestinihominis	-0.0397671851061	0.00153757867708	-0.023497027229	0.0246779539754	0.0475685380887	-0.0717379214943	-0.0594514408029	0.0663959415318	-0.00251822560852	-0.0234345241175	-0.00924530819285	-0.0187825359613	0.0233007182888	-0.0343724559651	0.0535213781074	-0.00596503958014	0.0411773836871	0.0515750800854	1.0	-0.0200874355849	0.0560056113828	0.00729303674199	0.00414453005831	-0.0570593248318	0.0395560143073	-0.0516391022122	0.0251025648422	-0.0388330181576	0.00870818042575	-0.0725373619281	-0.0536943890236	-0.0647766266481	-0.033482052647	0.0542189554648	-0.00223389654599	0.0429785415337	0.039513832226	-0.00486544602777	-0.00879530113974	-0.0318064702499	-0.0703384830259	0.00852475845362	-0.000152211100232	-0.00339519811571	-0.0182972776238	-0.0317214205909	0.0310759406623	-0.00100075669527	0.0331305470236	0.00882007358954	-0.0468373356009	0.00732727877475	-0.0490860194732	0.0603293796235	-0.00547087506338	0.0219550993019	0.014184599029	-0.0207153433817	-0.0477140849316
k__Bacteria;p__Bacteroidetes;c__Bacteroidia;o__Bacteroidales;f__Odoribacteraceae;g__Odoribacter;s__Odoribacter_splanchnicus	-0.0444368074909	0.0346713231184	-0.0154016864036	0.00450241054553	-0.00190257955724	-0.020424727393	0.051117629161	-0.00506111634577	-0.0288477396696	-0.00260535908014	0.00369340122766	-0.0211312446406	-0.00449878818539	-0.0309455953887	0.0233838218002	-0.0403465514712	-0.0415480177569	0.00301540578963	-0.0200874355849	1.0	0.00928936902377	-0.000594134887454	-0.00119355269778	-0.0420771138587	-0.0193065954901	0.0137685283909	-0.0533902323267	-0.0483471268836	0.0254187811895	-0.0280973923345	0.017731320706	-0.0710235293545	0.0193408671757	-0.0453061382731	-0.0339252023161	0.0768022040593	0.0266312926107	0.0111301775511	0.0446232042124	-0.0402704438713	-0.014017458907	0.0162091648794	0.0303262156575	-0.110481558275	7.51198329118e-05	-0.00149269648627	-0.0140044321468	-0.0182386441687	-0.0204544448013	-0.086061846664	-0.0165155656809	0.0496087166665	-0.0329854960882	0.0328468741029	-0.0159800450318	-0.0275540588337	0.027047065146	0.0411996481766	0.0443706814024
k__Bacteria;p__Bacteroidetes;c__Bacteroidia;o__Bacteroidales;f__Bacteroidaceae;g__Bacteroides;s__Bacteroides_salyersiae	0.0118753602335	-0.0476449320591	-0.0150997147105	0.0392848261226	0.0194324232307	0.00710511136001	-0.0474121964765	0.0326044015409	-0.0384236103458	-0.0151348220976	-0.0122979061341	-0.019067489683	0.0252595993642	0.0116395196601	0.0231071295552	-0.0259641229889	-0.0523573064171	0.0110373036855	0.0560056113828	0.00928936902377	1.0	-0.0238497555531	0.016333156404	-0.0191824388084	-0.0375636984556	-0.0360305374084	0.00757907187042	-0.0147086368375	0.00640542006084	-0.0280114917379	-0.00959618162694	0.0161231334033	0.0300108424994	0.00136592878848	0.00451178413318	-0.0168404796205	0.00835270113299	-0.0536049140381	0.0183330812039	-0.0426655902199	0.0233116882485	0.0116625415621	-0.0410187030562	-0.0579003668488	-0.0413005833728	-0.00268193303623	-0.0141473660908	-0.0284332175643	-0.0111902124718	-0.0831743307876	-0.0898270973946	0.00474461905777	0.0939643197526	-0.0521658605818	0.0206100797874	-0.0395694102809	0.00314690425019	-0.0976185848437	-0.0152170522112
k__Bacteria;p__Firmicutes;c__Clostridia;o__Clostridiales;f__Ruminococcaceae;g__Ruminiclostridium;s__[Eubacterium]_siraeum	-0.0245972420679	0.0231443685317	-0.0351538707194	-0.0628609047785	-0.0493127956555	-0.0356059058827	0.0580486696767	-0.043733775659	-0.0140299966713	-0.0529481712175	0.0122022675861	0.0612287396894	-0.0493252889285	-0.0405932952223	-0.00699208989667	-0.0131593849933	-0.0624907052511	0.0279215850295	0.00729303674199	-0.000594134887454	-0.0238497555531	1.0	0.00068045226035	0.0275741049327	0.0182029887155	0.0261810382943	0.0131025658586	0.00706502248122	-0.028968744779	-0.0112902893489	0.0218217180707	-0.00577201471102	-0.00596245063989	0.00064041266448	0.0668245484618	-0.0243050847988	-0.123763545924	0.0931803660241	-0.0400085487108	0.0110506399951	0.0608023620971	0.0341502722172	-0.036477657965	0.0179334778817	-0.0106819304495	-0.000695645100488	-0.0338192591947	0.0178314919639	-0.0416393370303	0.00756576901758	0.0250023766715	-0.0484801707173	-0.018395215055	0.022626588548	-0.00842565449357	0.0362735377983	-0.0136851921812	-0.0549655250222	0.0398361212924
k__Bacteria;p__Proteobacteria;c__Betaproteobacteria;o__Burkholderiales;f__Sutterellaceae;g__Parasutterella;s__Parasutterella_excrementihominis	-0.00737015941876	0.0381273332136	0.0139279525003	-0.00926483677769	0.0197110638301	0.0126546984514	-0.0527862334581	0.00733322457696	-0.00189931399665	-0.0513724135516	0.00762423354765	-0.0226820028614	0.0219549568579	0.024573849298	0.0188809341716	0.00187467951071	0.0779018914474	-0.00118687485863	0.00414453005831	-0.00119355269778	0.016333156404	0.00068045226035	1.0	-0.106086400708	0.0312674966757	-0.0812624532062	-0.0229756632972	-0.00121100768547	0.00737896615239	-0.0114757323445	0.0914299098249	-0.0139435502271	-0.0668851455097	0.0603001212033	-0.0164026932412	-0.0122015378513	0.0158202015461	-0.00988797948024	-0.00271868147136	-0.012008744138	-0.0534018102452	-0.0279346109559	-0.0201564507757	0.0510210346922	-0.0527241411235	-0.037462268549	0.0122915699278	-0.00867819810266	-0.0216589404632	-0.0544093505989	-0.0481804608941	0.0010523883979	0.00145631421685	0.00934156797819	-0.017470186999	-0.00863329754275	-0.0796535424343	0.00191775427828	-0.0157714301532
k__Bacteria;p__Actinobacteria;c__Actinobacteria;o__Bifidobacteriales;f__Bifidobacteriaceae;g__Bifidobacterium;s__Bifidobacterium_adolescentis	-0.0897523089322	-0.00164608350762	-0.0215762524337	-0.00811229332078	-0.092310629266	0.0709221989398	0.0745778953103	-0.021093409852	-0.0545352690724	-0.0442512970081	-0.0237440153268	0.00349873767966	-0.0364274214044	-0.0106756233656	-0.0192699761937	-0.0446185578729	-0.00541846036237	0.0492095196186	-0.0570593248318	-0.0420771138587	-0.0191824388084	0.0275741049327	-0.106086400708	1.0	0.0171198671202	-0.0538554926631	0.00626374427371	0.037657380075	-0.0529007548366	0.0266451962361	0.027008336998	-0.0349015832512	-0.0223407927726	-0.0451666914107	-0.0536449781302	-0.0418562588597	0.0281549146662	0.00247193464613	-0.0870353236767	0.025354672428	-0.00956021971322	-0.0456728630685	0.0181915657735	-0.00670031485085	-0.0636701757445	-0.0140359368752	-0.00583066304981	0.0848073824399	0.00435529032001	0.0408555883748	0.00120434671723	-0.0528356211137	-0.0133895289866	-0.0183668028022	-0.00978361043076	-0.0255841727636	-0.0198228300279	-0.00398356638621	0.0355857802786
k__Bacteria;p__Firmicutes;c__Clostridia;o__Clostridiales;f__Oscillospiraceae;g__Oscillibacter;s__Oscillibacter_sp._KLE_1745	-0.0100933854993	-0.0126269002133	-0.0419794126119	0.00777342170205	-0.0383417442248	-0.00694573081039	0.0167556992302	0.0698518326065	0.0424456423689	-0.0440769431356	-0.00146771261557	0.00140141055255	-0.0350645086441	-0.0312240051992	0.0616586589345	-0.0273881499713	-0.0216828609857	0.0149727732809	0.0395560143073	-0.0193065954901	-0.0375636984556	0.0182029887155	0.0312674966757	0.0171198671202	1.0	0.0295686106495	-0.00222420396373	-0.0867644095132	-0.0327000169859	0.0363369182277	-0.0548901144142	-0.034525189478	0.0471330728038	-0.0047478759286	0.0252097488659	0.0215264386659	-0.0297877280684	0.0388941993013	-0.0124079812292	-0.0512518048897	0.0103064242727	-0.0223667945376	0.0187143682654	0.00344723601763	-0.0327202110423	0.0107106049423	0.000711928250683	-0.0284456672917	-0.0165638864487	-0.0322018948256	0.0102455827014	-0.0441497348255	-0.0786326106169	-0.0283256610391	-0.0502251763514	0.0142909437197	-0.00475916333872	0.0241372556389	-0.0357693095704
k__Bacteria;p__Bacteroidetes;c__Bacteroidia;o__Bacteroidales;f__Bacteroidaceae;g__Bacteroides;s__Bacteroides_coprophilus	-0.034854837318	-0.0350090786241	0.0303758623375	-0.0210081829222	0.0406056146591	-0.0387620307869	0.0280087813322	-0.0280673311243	0.0594783338074	0.0315992817049	0.00423355787837	-0.0548579136717	-0.0072004807885	-0.0118124703849	0.0171716352072	-0.0214741493427	-0.0862158998123	0.0133901707982	-0.0516391022122	0.0137685283909	-0.0360305374084	0.0261810382943	-0.0812624532062	-0.0538554926631	0.0295686106495	1.0	-0.0856923613193	-0.0394456195719	0.0511369588934	0.0115330660124	-0.0367173321851	0.00921483822311	0.0250694534905	-0.0219172016942	0.0191721749112	-0.00497695493142	-0.0282400506894	-0.0370487364142	0.0464810732324	-0.0262740623417	0.0679526451009	-0.0173184513924	-0.0368171466636	-0.06576673586	0.0614298741378	-0.0392615347865	0.0141867192561	-0.0605925408106	-0.0532497558855	-0.065088613167	0.0578097944838	-0.0298615272967	0.0432621734936	-0.0250203707302	-0.0293977565248	-0.0581677300286	0.0411094203298	-0.0129426418536	0.000422944286627
k__Bacteria;p__Firmicutes;c__Clostridia;o__Clostridiales;f__Lachnospiraceae;g__Roseburia;s__Roseburia_intestinalis	-0.0493721820507	-0.00435007120403	0.00219381542181	0.0512410922969	-0.0335489480946	-0.00112135954068	0.0656993024962	-0.0266132466955	0.00366228881149	0.0705661966493	0.0660351008224	0.05980455623	0.00559960480133	-0.0446619916396	-0.028926567711	-0.0516007483774	-0.0346788281928	-0.053041182389	0.0251025648422	-0.0533902323267	0.00757907187042	0.0131025658586	-0.0229756632972	0.00626374427371	-0.00222420396373	-0.0856923613193	1.0	-0.00689297208244	-0.0967223244368	0.0110929141892	-0.0203643527082	0.0301570434831	-0.00941588418151	-0.0405517482561	0.0642520357812	-0.00332182932276	0.00913958012437	-0.0192545966535	0.0452401806666	-0.0375725891645	-0.023239787406	-0.0014904811973	-0.0672750466017	0.0120960506449	-0.0147467551124	-0.0176232820012	-0.0350800913604	-0.0414547048707	-0.0308217254841	0.00708292463909	-0.0233091767195	0.0340378506388	0.00412682747169	0.00388877764075	0.0266850112104	-0.0142440511091	0.0346361497747	-0.0136853954606	0.0410081896583
k__Bacteria;p__Firmicutes;c__Clostridia;o__Clostridiales;f__Lachnospiraceae;g__Roseburia;s__Roseburia_hominis	-0.0148727367239	0.0331756459032	0.061439855098	-0.0575065266061	-0.0206603129498	-0.00310756177203	-0.0299430499457	-0.0259786215194	-9.58030067149e-05	0.00378159212825	-0.0472712599638	-0.0386599823633	-0.00246103867061	-0.0343258945295	0.0810268470154	0.00361239932499	-0.0190691454989	-0.0451305693066	-0.0388330181576	-0.0483471268836	-0.0147086368375	0.00706502248122	-0.00121100768547	0.037657380075	-0.0867644095132	-0.0394456195719	-0.00689297208244	1.0	-0.0153153201391	0.00102795151228	0.0127320872505	-0.00531272842243	0.00590246570677	0.00216126615898	0.0152160557613	-0.0578866917863	0.00204576593989	-0.0551218590208	-0.0146303828207	0.0145944325378	-0.0554089893075	-0.00730485690283	0.0454247533524	-0.0173869120716	-0.00102893366124	-0.0504667770767	0.00265630792533	0.0386029201366	0.0149455998286	0.0233066480527	0.00990475956318	0.00445158526923	0.0659795452827	0.00500061618008	-0.0309561006967	0.0245859406913	-0.0396025291735	0.0275434019283	-0.0225255995446
k__Bacteria;p__Bacteroidetes;c__Bacteroidia;o__Bacteroidales;f__Porphyromonadaceae;g__Parabacteroides;s__Parabacteroides_johnsonii	0.00726916493666	0.0847740131044	-0.050265708179	-0.0259081894782	0.00271759721554	-0.0239146941447	-0.0434210375791	-0.0433272684964	0.00779857834799	0.0219222467065	0.0855955867163	-0.0118967032235	-0.0500037180945	-0.0222912906297	-0.0237253777129	0.0139448157711	0.0277292766883	-0.0224375309291	0.00870818042575	0.0254187811895	0.00640542006084	-0.028968744779	0.00737896615239	-0.0529007548366	-0.0327000169859	0.0511369588934	-0.0967223244368	-0.0153153201391	1.0	-0.0179067249737	0.0218999239913	0.0361827373152	-0.0480595381159	-0.0673272727002	-0.0472498810466	-0.0227603771858	0.0649081890709	0.0051891017706	-0.0417547988232	0.0505017041856	-0.0303667368335	0.0156663176914	0.0833439309461	-0.0470590242879	0.0123062372473	-0.0454960036492	-0.10059163857	-0.0380339624602	-0.0168361234739	0.0187324797182	-0.0365970772468	-0.0546413426685	0.0260001844127	-0.0238670410861	-0.0018254663614	-0.0259030015183	0.0328814720407	0.0351638250465	0.0511469271977
