#taxonomy	k__Bacteria;p__Bacteroidetes;c__Bacteroidia;o__Bacteroidales;f__Bacteroidaceae;g__Bacteroides;s__Bacteroides_vulgatus	k__Bacteria;p__Bacteroidetes;c__Bacteroidia;o__Bacteroidales;f__Bacteroidaceae;g__Bacteroides;s__Bacteroides_uniformis	k__Bacteria;p__Bacteroidetes;c__Bacteroidia;o__Bacteroidales;f__Rikenellaceae;g__Alistipes;s__Alistipes_putredinis	k__Bacteria;p__Bacteroidetes;c__Bacteroidia;o__Bacteroidales;f__Prevotellaceae;g__Prevotella;s__Prevotella_copri	k__Bacteria;p__Bacteroidetes;c__Bacteroidia;o__Bacteroidales;f__Bacteroidaceae;g__Bacteroides;s__Bacteroides_stercoris	k__Bacteria;p__Bacteroidetes;c__Bacteroidia;o__Bacteroidales;f__Bacteroidaceae;g__Bacteroides;s__Bacteroides_ovatus	k__Bacteria;p__Bacteroidetes;c__Bacteroidia;o__Bacteroidales;f__Rikenellaceae;g__Alistipes;s__Alistipes_shahii	k__Bacteria;p__Firmicutes;c__Clostridia;o__Clostridiales;f__Ruminococcaceae;g__Faecalibacterium;s__Faecalibacterium_prausnitzii	k__Bacteria;p__Bacteroidetes;c__Bacteroidia;o__Bacteroidales;f__Rikenellaceae;g__Alistipes;s__Alistipes_finegoldii	k__Bacteria;p__Bacteroidetes;c__Bacteroidia;o__Bacteroidales;f__Porphyromonadaceae;g__Parabacteroides;s__Parabacteroides_distasonis	k__Bacteria;p__Bacteroidetes;c__Bacteroidia;o__Bacteroidales;f__Bacteroidaceae;g__Bacteroides;s__Bacteroides_thetaiotaomicron	k__Bacteria;p__Bacteroidetes;c__Bacteroidia;o__Bacteroidales;f__Bacteroidaceae;g__Bacteroides;s__Bacteroides_coprocola	k__Bacteria;p__Bacteroidetes;c__Bacteroidia;o__Bacteroidales;f__Bacteroidaceae;g__Bacteroides;s__Bacteroides_cellulosilyticus	k__Bacteria;p__Bacteroidetes;c__Bacteroidia;o__Bacteroidales;f__Rikenellaceae;g__Alistipes;s__Alistipes_obesi	k__Bacteria;p__Firmicutes;c__Clostridia;o__Clostridiales;f__Lachnospiraceae;g__;s__[Eubacterium]_rectale	k__Bacteria;p__Bacteroidetes;c__Bacteroidia;o__Bacteroidales;f__Bacteroidaceae;g__Bacteroides;s__Bacteroides_plebeius	k__Bacteria;p__Bacteroidetes;c__Bacteroidia;o__Bacteroidales;f__Bacteroidaceae;g__Bacteroides;s__Bacteroides_fragilis	k__Bacteria;p__Proteobacteria;c__Betaproteobacteria;o__Burkholderiales;f__Sutterellaceae;g__Sutterella;s__Sutterella_wadsworthensis	k__Bacteria;p__Bacteroidetes;c__Bacteroidia;o__Bacteroidales;f__Porphyromonadaceae;g__Barnesiella;s__Barnesiella_intestinihominis	k__Bacteria;p__Bacteroidetes;c__Bacteroidia;o__Bacteroidales;f__Odoribacteraceae;g__Odoribacter;s__Odoribacter_splanchnicus	k__Bacteria;p__Bacteroidetes;c__Bacteroidia;o__Bacteroidales;f__Bacteroidaceae;g__Bacteroides;s__Bacteroides_salyersiae	k__Bacteria;p__Firmicutes;c__Clostridia;o__Clostridiales;f__Ruminococcaceae;g__Ruminiclostridium;s__[Eubacterium]_siraeum	k__Bacteria;p__Proteobacteria;c__Betaproteobacteria;o__Burkholderiales;f__Sutterellaceae;g__Parasutterella;s__Parasutterella_excrementihominis	k__Bacteria;p__Actinobacteria;c__Actinobacteria;o__Bifidobacteriales;f__Bifidobacteriaceae;g__Bifidobacterium;s__Bifidobacterium_adolescentis	k__Bacteria;p__Firmicutes;c__Clostridia;o__Clostridiales;f__Oscillospiraceae;g__Oscillibacter;s__Oscillibacter_sp._KLE_1745	k__Bacteria;p__Bacteroidetes;c__Bacteroidia;o__Bacteroidales;f__Bacteroidaceae;g__Bacteroides;s__Bacteroides_coprophilus	k__Bacteria;p__Firmicutes;c__Clostridia;o__Clostridiales;f__Lachnospiraceae;g__Roseburia;s__Roseburia_intestinalis	k__Bacteria;p__Firmicutes;c__Clostridia;o__Clostridiales;f__Lachnospiraceae;g__Roseburia;s__Roseburia_hominis	k__Bacteria;p__Bacteroidetes;c__Bacteroidia;o__Bacteroidales;f__Porphyromonadaceae;g__Parabacteroides;s__Parabacteroides_johnsonii	k__Bacteria;p__Actinobacteria;c__Actinobacteria;o__Bifidobacteriales;f__Bifidobacteriaceae;g__Bifidobacterium;s__Bifidobacterium_longum	k__Bacteria;p__Firmicutes;c__Clostridia;o__Clostridiales;f__;g__Flavonifractor;s__Flavonifractor_plautii	k__Bacteria;p__Firmicutes;c__Clostridia;o__Clostridiales;f__Clostridiaceae;g__Clostridium;s__Clostridium_phoceensis	k__Bacteria;p__Verrucomicrobia;c__Verrucomicrobiae;o__Verrucomicrobiales;f__Akkermansiaceae;g__Akkermansia;s__Akkermansia_muciniphila	k__Bacteria;p__Bacteroidetes;c__Bacteroidia;o__Bacteroidales;f__Prevotellaceae;g__Paraprevotella;s__Paraprevotella_xylaniphila	k__Bacteria;p__Firmicutes;c__Clostridia;o__Clostridiales;f__Ruminococcaceae;g__Ruminococcus;s__Ruminococcus_callidus	k__Bacteria;p__Bacteroidetes;c__Bacteroidia;o__Bacteroidales;f__Rikenellaceae;g__Alistipes;s__Alistipes_senegalensis	k__Bacteria;p__Firmicutes;c__Clostridia;o__Clostridiales;f__Lachnospiraceae;g__Blautia;s__Blautia_sp._KLE_1732	k__Bacteria;p__Bacteroidetes;c__Bacteroidia;o__Bacteroidales;f__Bacteroidaceae;g__Bacteroides;s__Bacteroides_oleiciplenus	k__Bacteria;p__Firmicutes;c__Clostridia;o__Clostridiales;f__Ruminococcaceae;g__Ruminococcus;s__Ruminococcus_bicirculans	k__Bacteria;p__Bacteroidetes;c__Bacteroidia;o__Bacteroidales;f__Bacteroidaceae;g__Bacteroides;s__Bacteroides_fluxus	k__Bacteria;p__Bacteroidetes;c__Bacteroidia;o__Bacteroidales;f__Prevotellaceae;g__Prevotella;s__Prevotella_stercorea	k__Bacteria;p__Firmicutes;c__Clostridia;o__Clostridiales;f__Lachnospiraceae;g__Dorea;s__Dorea_longicatena	k__Bacteria;p__Firmicutes;c__Clostridia;o__Clostridiales;f__Eubacteriaceae;g__Eubacterium;s__[Eubacterium]_eligens	k__Bacteria;p__Firmicutes;c__Clostridia;o__Clostridiales;f__Ruminococcaceae;g__;s__Ruminococcaceae_bacterium_D16	k__Bacteria;p__Firmicutes;c__Clostridia;o__Clostridiales;f__Lachnospiraceae;g__Coprococcus;s__Coprococcus_comes	k__Bacteria;p__Proteobacteria;c__Gammaproteobacteria;o__Enterobacterales;f__Enterobacteriaceae;g__Escherichia;s__Escherichia_coli	k__Bacteria;p__Firmicutes;c__Clostridia;o__Clostridiales;f__Ruminococcaceae;g__Anaerotruncus;s__Anaerotruncus_colihominis	k__Bacteria;p__Firmicutes;c__Clostridia;o__Clostridiales;f__Lachnospiraceae;g__Blautia;s__Blautia_obeum	k__Bacteria;p__Bacteroidetes;c__Bacteroidia;o__Bacteroidales;f__Odoribacteraceae;g__Odoribacter;s__Odoribacter_laneus	k__Bacteria;p__Firmicutes;c__Clostridia;o__Clostridiales;f__Ruminococcaceae;g__Ruminiclostridium;s__[Clostridium]_leptum	k__Bacteria;p__Bacteroidetes;c__Bacteroidia;o__Bacteroidales;f__Porphyromonadaceae;g__Parabacteroides;s__Parabacteroides_goldsteinii	k__Bacteria;p__Firmicutes;c__Clostridia;o__Clostridiales;f__Lachnospiraceae;g__Anaerostipes;s__Anaerostipes_hadrus	k__Bacteria;p__Firmicutes;c__Clostridia;o__Clostridiales;f__Ruminococcaceae;g__Ruminococcus;s__Ruminococcus_lactaris	k__Bacteria;p__Firmicutes;c__Clostridia;o__Clostridiales;f__Clostridiaceae;g__Clostridium;s__Clostridium_sp._L2-50	k__Bacteria;p__Firmicutes;c__Clostridia;o__Clostridiales;f__Clostridiaceae;g__Clostridium;s__Clostridium_sp._M62/1	k__Bacteria;p__Firmicutes;c__Clostridia;o__Clostridiales;f__;g__Intestinimonas;s__Intestinimonas_butyriciproducens	k__Bacteria;p__Actinobacteria;c__Actinobacteria;o__Bifidobacteriales;f__Bifidobacteriaceae;g__Bifidobacterium;s__Bifidobacterium_bifidum	k__Bacteria;p__Firmicutes;c__Negativicutes;o__Veillonellales;f__Veillonellaceae;g__Dialister;s__Dialister_invisus	k__Bacteria;p__Bacteroidetes;c__Bacteroidia;o__Bacteroidales;f__Bacteroidaceae;g__Bacteroides;s__Bacteroides_salanitronis
k__Bacteria;p__Bacteroidetes;c__Bacteroidia;o__Bacteroidales;f__Bacteroidaceae;g__Bacteroides;s__Bacteroides_vulgatus	1.0	0.0103235361602	0.0787630566395	-0.018958794541	0.0511196273626	0.0176509613029	-0.0499630854485	0.026958751227	-0.0305991361016	0.0226980690933	-0.00710562459539	0.0381004497293	-0.0602991982928	-0.00389152091811	-0.0105945490977	0.0094038543921	-0.051632225616	0.0358879271959	0.0152563353891	0.0288384516924	-0.0383879508704	0.00826808556615	0.0252214784805	-0.0261428448502	-0.00549088461216	-0.0239111072816	0.0137448245073	-0.0131967702824	0.015596026251	-0.0680237174294	-0.121475902195	0.054181011712	-0.0357650586924	-0.0191624078059	0.015540131725	0.0209309529878	-0.0435841885965	-0.0442320551194	-0.0133017748566	0.0335485276128	0.0290085926986	-0.00686819949615	-0.0059858068406	-0.0236495708213	-0.0431407580213	-0.063412857975	-0.0422670096952	-0.0266486710405	-0.00984030265195	0.0115244999623	-0.0178761658281	-0.0207837381219	-0.0370615506844	0.0176059245114	-0.0295878931017	-0.034926973705	0.0247935745571	0.0350275263382	0.0499525753948
k__Bacteria;p__Bacteroidetes;c__Bacteroidia;o__Bacteroidales;f__Bacteroidaceae;g__Bacteroides;s__Bacteroides_uniformis	0.0103235361602	1.0	0.00608651593312	-0.0629273732642	0.00619872623748	0.0255022486701	0.000472491602589	-0.0711445401597	-0.0831053993253	0.0135538830713	-0.0294516471106	-0.0292916234218	-0.0146128833334	0.0252828514588	-0.00620321247961	0.0216075738266	0.0544667149882	0.00943302015357	-0.00367334005629	0.0173930416267	-0.0434042247539	0.00973780370885	0.036495221638	0.0444896032277	0.0137038105376	-0.0466552508451	-0.00973746302654	0.0952500022634	-0.0114208514521	0.00467825733078	-0.0436614276187	0.0297688212719	0.00110320830845	-0.0319953156485	-0.0397011178281	-0.0217117877481	-0.0419602069628	-0.00272010189448	0.0613808047453	-0.0141410834471	-0.0022659395779	-0.047011128172	0.0129927191652	0.0282468860059	-0.0457406915138	0.00745875633602	-0.0529674675614	-0.00535397044596	0.0309351584382	-0.0105623840986	-0.0665684734151	-0.0807625995055	-0.0120857867918	0.0426085986539	-0.00921718438681	-0.0385808344464	-0.03795229635	0.0187877857887	0.0450016076178
k__Bacteria;p__Bacteroidetes;c__Bacteroidia;o__Bacteroidales;f__Rikenellaceae;g__Alistipes;s__Alistipes_putredinis	0.0787630566395	0.00608651593312	1.0	0.00677756829663	-0.0623599243277	0.0548781241769	-0.00494518490808	-0.0214879031163	-0.0175306140573	0.00504495648649	0.00203429936038	0.0167086617529	0.0220476234111	-0.0179056464823	-0.0423915317979	0.0119560179501	-0.038626966996	0.0321218392295	-0.0593507057802	-0.0278247451987	-0.0220297483063	0.068469886217	0.0424087251906	-0.0370839563707	-0.0749762927199	0.00483346757611	-0.0691287379148	-0.00298507455375	0.0469700508494	-0.0394277622153	-0.0123594091924	-0.0241142999191	-0.0160015584953	-0.0804877099467	-0.0516659503356	-0.0122618398587	-0.0315525473369	-0.0163918474796	0.092029389837	-0.0243195937984	0.019986390344	0.0691151143929	-0.0244486685309	-0.0367824916961	-0.0231628703071	-0.0589326441321	-0.00244614735116	-0.0316873252257	-0.0198933524804	0.0424173403612	0.0389787817913	-0.0344795665196	0.0222544553996	-0.0635958065961	-0.0264412735641	-0.0109337448756	-0.0517781670852	-0.0133243118083	0.0166588200555
k__Bacteria;p__Bacteroidetes;c__Bacteroidia;o__Bacteroidales;f__Prevotellaceae;g__Prevotella;s__Prevotella_copri	-0.018958794541	-0.0629273732642	0.00677756829663	1.0	-0.0425037112764	0.035690985419	-8.33227143402e-05	0.0614621188008	-0.0153912566122	0.0414346949222	-0.0853357972173	0.0052454253245	0.0229607777057	-0.0449652010165	-0.00855475277932	-0.0391344166697	-0.0307296976178	-0.0562020883011	-0.0210942652755	-0.0143759500157	-0.0511934451384	-0.0289963176627	-0.00948790075132	0.0261050161361	-0.0179726449123	0.00683736659885	-0.0330764263882	0.0499168007322	0.0407525806253	-0.0390653160289	0.0244502369374	0.0563840564829	-0.0581403196479	0.0349445726239	0.0297034564284	-0.0572491958371	-0.0372814994199	0.0327609369366	-0.0557554509449	-0.0488855199772	0.0716530483691	0.0412021136984	-0.0359572704829	-0.0382216714598	-0.0264407289481	0.0408835280163	0.0182345119918	-0.0441840959743	0.00443882964361	0.0242747583647	-0.0139851636981	0.0186484288046	-0.0912800609532	0.0286905265217	-0.0175731207937	-0.00646951249904	0.0290871847467	0.0107774515284	-0.000338132705835
k__Bacteria;p__Bacteroidetes;c__Bacteroidia;o__Bacteroidales;f__Bacteroidaceae;g__Bacteroides;s__Bacteroides_stercoris	0.0511196273626	0.00619872623748	-0.0623599243277	-0.0425037112764	1.0	-0.0185940498488	-0.0131089132305	-0.0729858283917	0.0253836888372	0.0015297715817	-0.0187758634065	0.00371231377454	0.0205218456336	-0.0430360610025	0.00809583339595	0.0532062007314	-0.0318429737955	-0.059368163592	-0.0116555797346	0.00749502880714	-0.00181036918964	0.0192429671205	0.0128893203286	0.0814057069604	0.0443355324475	0.0368637584172	-0.0198900934009	-0.0623396844492	-0.0372619745411	-0.0397520367492	-0.0594520259539	0.0267479366709	0.000683396854379	-0.0392802222869	0.0317452796745	0.0669120551929	-0.0160041607938	-0.0683337139071	-0.0145003225655	0.0365005759192	0.0132752108436	-0.0418796796811	-0.0167831195877	-0.0298589834219	0.0347576227889	-0.00858344296494	-0.00773164071299	0.0749870804024	-0.012022764101	0.0126922222767	-0.0850645354913	-0.0029720549155	-0.0551718826978	-0.0363138872555	0.0230571208907	-0.0136197695809	0.00477702405684	0.0263358880485	-0.0304356784589
k__Bacteria;p__Bacteroidetes;c__Bacteroidia;o__Bacteroidales;f__Bacteroidaceae;g__Bacteroides;s__Bacteroides_ovatus	0.0176509613029	0.0255022486701	0.0548781241769	0.035690985419	-0.0185940498488	1.0	0.0184607632282	0.00722877408477	0.00424679254779	0.0144187354189	-0.0154262324488	-0.00206043599963	-0.053238367961	-0.0283271654545	-0.0475122285141	-0.00974625001773	0.0371789714828	0.0224884662624	-0.0318681666355	0.0169284658584	0.00966531562473	-0.0313433207032	-0.00316264639333	-0.0178675718621	-0.0183479978956	-0.0275916300003	-0.0123344466012	0.0261923613222	-0.0377978356328	0.0403742847942	0.0112156556437	-0.0295573663196	0.0115893342816	0.0217127724215	-0.0674642164651	-0.0424984290841	-0.0393021009699	-0.0255332040105	-0.00174992402157	-0.0356616300795	-0.0477165111368	-0.0182377861298	-0.00760873662736	0.050764937941	0.00684770923143	-0.0132185502272	-0.0127566614887	0.0533382157432	-0.0743607356555	-0.0360964422611	-0.0193747938825	-0.0349160573799	0.0369128585528	0.0411752650692	-0.0383573185798	-0.058306473903	0.0649630913817	0.0769774355367	-0.0499567585963
k__Bacteria;p__Bacteroidetes;c__Bacteroidia;o__Bacteroidales;f__Rikenellaceae;g__Alistipes;s__Alistipes_shahii	-0.0499630854485	0.000472491602589	-0.00494518490808	-8.33227143402e-05	-0.0131089132305	0.0184607632282	1.0	0.0299012142419	0.00643061473288	0.0129039844083	-0.028789272392	-0.0326165389644	-0.0506208762513	-0.0409429762878	-0.00698070905303	-0.0137823860664	-0.0218924954651	-0.0417829929855	-0.0775800919688	-0.0216859712069	0.0502373792591	-0.0139759954317	0.00678873057964	0.0191609802283	0.0051059736537	-0.00734234658491	-0.0104009717101	0.0472163866839	0.0257572815115	-0.0243892595409	-0.00419069987339	-0.00797534945639	0.0448360150075	-0.0450574929125	0.0370145364341	0.0171823871375	-0.0204935876448	-0.0510538129516	-0.0135688620847	-0.0911666619228	0.0535003294138	-0.0946115837425	-0.0682663328422	-0.0245108874954	-0.00973340087519	0.00775233026129	0.0305481748989	0.00388381465726	-0.00665770706713	0.0175415891148	-0.0693295680189	0.0203276337162	0.0300187607848	-0.00230579477976	-0.0138040625552	-0.0233688717051	0.00867755547431	-0.0636465436014	-0.0386875731793
k__Bacteria;p__Firmicutes;c__Clostridia;o__Clostridiales;f__Ruminococcaceae;g__Faecalibacterium;s__Faecalibacterium_prausnitzii	0.026958751227	-0.0711445401597	-0.0214879031163	0.0614621188008	-0.0729858283917	0.00722877408477	0.0299012142419	1.0	0.0705334412076	0.0479026318327	0.0418770672063	-0.074328848611	-0.0368984253292	-0.0383636488794	-0.0427875596415	-0.0620264075775	-0.0642130373401	-0.0142928958045	-0.0429598606524	-0.00614372848291	-0.00407469335207	0.0138986551943	-0.0578101198211	-0.00378008819281	0.00729605891911	-0.0320046178885	-0.0103454318689	0.0156199064142	0.0181856104963	-0.0163103479091	0.00924630506632	-0.0978496544394	0.0752220300134	0.00046706076835	0.017842885671	-0.0168336330367	0.0418455177531	0.0355740119085	-0.0309647179586	0.0625333280035	-0.0594573630313	-0.103218783938	-0.0275916435112	-0.0341038453738	-0.0573440533453	-0.00595807539215	-0.0332307149656	0.00572703859154	-0.00559623071778	0.032792285715	-0.0179115088883	0.0253974464402	-0.0393120616595	0.0310791762122	-0.0308391828825	0.0360605749878	0.0753541644083	-0.0175827965655	-0.0282557970957
k__Bacteria;p__Bacteroidetes;c__Bacteroidia;o__Bacteroidales;f__Rikenellaceae;g__Alistipes;s__Alistipes_finegoldii	-0.0305991361016	-0.0831053993253	-0.0175306140573	-0.0153912566122	0.0253836888372	0.00424679254779	0.00643061473288	0.0705334412076	1.0	-0.0250498760668	0.0500291918284	0.0673651527756	-0.0183276406617	0.0130632791785	0.0461597187259	-0.056036882258	0.0261157214391	-0.104125076581	-0.0561888111539	-0.0490970915701	0.0110439311181	-0.0484878025935	0.0276529308106	-0.0349483139649	-0.0116419324107	-0.0478169150319	0.0147316125854	0.0483304162052	0.0254700806296	-0.0488591536152	0.00698492008927	-0.0759169633848	0.0435465346588	-0.0305014881022	0.0202425688281	0.00535052169305	0.00253145011974	-0.00757431195379	0.0122549045465	0.017551863307	-0.0930628380312	0.0104079459113	-0.0116351050097	-0.0263710291259	-0.00122711071392	0.0412596742273	0.022702708104	-0.0113094612661	0.0342520684979	-0.0453237746548	-0.00907657589019	-0.00354678102331	0.0263331144861	-0.0229032135617	-0.0244312609508	0.0228706359808	0.00731022638409	0.0429237027083	-0.0099753757342
k__Bacteria;p__Bacteroidetes;c__Bacteroidia;o__Bacteroidales;f__Porphyromonadaceae;g__Parabacteroides;s__Parabacteroides_distasonis	0.0226980690933	0.0135538830713	0.00504495648649	0.0414346949222	0.0015297715817	0.0144187354189	0.0129039844083	0.0479026318327	-0.0250498760668	1.0	-0.00143953261686	-0.012554210337	0.0182716064273	0.0730606438088	0.0141396821396	-0.014439506172	-0.0421436193201	-0.0155504536542	-0.0216791187503	0.0275252950758	-0.0557112800603	0.000962520696618	0.0360302618799	0.0277507753091	-0.0677792163105	0.0770002540779	0.0167551447649	0.0178629344672	0.0699815577379	-0.033189237777	-0.103516364162	0.0225699286803	0.0434987454611	-0.026318455634	-0.0181001917165	-0.000967087825235	0.0288589151307	-0.0167753194179	-0.0113998459369	-0.0125828494874	-0.023464662506	-0.0139790546532	-0.00630923832521	-0.0306974882949	-0.023023545608	-0.00892184536248	-0.0137349076083	-0.0520385320382	-0.104706916256	-0.0612845236111	-0.00288771642876	0.0372697576309	-0.0652905716136	-0.037031641201	-0.0125912542985	0.0112597943068	0.00701250541871	0.0242407488764	-0.0330710234419
k__Bacteria;p__Bacteroidetes;c__Bacteroidia;o__Bacteroidales;f__Bacteroidaceae;g__Bacteroides;s__Bacteroides_thetaiotaomicron	-0.00710562459539	-0.0294516471106	0.00203429936038	-0.0853357972173	-0.0187758634065	-0.0154262324488	-0.028789272392	0.0418770672063	0.0500291918284	-0.00143953261686	1.0	0.00999676521163	-0.0631471802839	0.0170012136561	-0.023662213528	-0.0124925809124	-0.0561756031187	0.057352388744	-0.0176310749066	-0.0115452453361	-0.0438860353266	-0.0256615649878	-0.0140317026046	-0.000323940208112	-0.0294437901742	0.00673699678446	-0.00127599856197	-0.022389361699	-0.0052515004938	0.0201527162109	-0.0149950735357	-0.0486385239695	-0.0246062341374	0.0324144595253	0.0172883321354	-0.0488930341878	-0.000368670289026	-0.0139648528997	-0.0159758664514	0.0205990119404	0.0162206263849	0.021318068174	0.00626365088023	0.033094226034	0.0301205551089	0.0577779428171	-0.0109836640636	-0.0497364919118	0.0183322257475	-0.0940407630539	-0.0319258976862	0.0592564745924	0.0507426323034	-0.0551032074327	0.00235831279485	-0.0498126463074	-0.0188279979431	0.0425863122024	-0.0240763029897
k__Bacteria;p__Bacteroidetes;c__Bacteroidia;o__Bacteroidales;f__Bacteroidaceae;g__Bacteroides;s__Bacteroides_coprocola	0.0381004497293	-0.0292916234218	0.0167086617529	0.0052454253245	0.00371231377454	-0.00206043599963	-0.0326165389644	-0.074328848611	0.0673651527756	-0.012554210337	0.00999676521163	1.0	-0.0147512163044	-0.0266967554714	-0.0382825658609	-0.0219151255251	-0.00699999861995	0.0263947617511	-0.0388936862347	0.00926881569503	-0.0458962222522	-0.0446310561656	0.0254542074047	0.0369213326127	-0.0423037888837	-0.0559456721208	-0.0206252523976	-0.0971335628062	-0.0487644018473	-0.010286518118	0.00022381621481	0.0251015473191	0.00774497156719	-0.0327790242878	0.0341722620132	0.0321192280346	-0.0275313550205	-0.044783201404	0.0368623244712	0.0238683977088	0.0423779350519	-0.0139575651937	0.00834492962802	-0.0405607454852	0.032882427715	0.0336333564267	-0.0353535944275	0.0353187258116	0.0477006751296	-0.0772745742916	0.0176620285724	0.00337699040289	-0.00117422501351	-0.0110786234414	-0.0227614768347	-0.0601787517905	0.0144658866146	-0.0684250207438	-0.0200859592113
k__Bacteria;p__Bacteroidetes;c__Bacteroidia;o__Bacteroidales;f__Bacteroidaceae;g__Bacteroides;s__Bacteroides_cellulosilyticus	-0.0602991982928	-0.0146128833334	0.0220476234111	0.0229607777057	0.0205218456336	-0.053238367961	-0.0506208762513	-0.0368984253292	-0.0183276406617	0.0182716064273	-0.0631471802839	-0.0147512163044	1.0	-0.000351620233196	0.0118947655054	0.0531096046157	-0.0102484354447	-0.0287009547771	0.0241837116694	-0.00938058880233	0.00302644009032	-0.00319623401003	0.0507295948969	-0.0460996206666	0.0208392173292	-0.0413384712756	-0.0207864515767	0.0234668525682	0.0178662882292	-0.126885293758	0.0144778745193	-0.0261449735606	-0.0199295961244	-0.0573615752091	-0.00902882075267	-0.0265169969397	0.0588738258691	-0.0663234448893	0.010152879529	-0.0381904993501	-0.0127308115503	-0.0432429906112	-0.0250648360426	-0.0104863756092	0.0120337880963	0.00888262079441	-0.0249328919411	-0.070608435391	-0.0910665442591	-0.0142858413138	0.0155575682175	-0.0290540030084	-0.0310312740902	0.00401355374464	-0.0395736090483	0.0337730502932	0.00325924188346	-0.0201222168372	0.0359066755953
k__Bacteria;p__Bacteroidetes;c__Bacteroidia;o__Bacteroidales;f__Rikenellaceae;g__Alistipes;s__Alistipes_obesi	-0.00389152091811	0.0252828514588	-0.0179056464823	-0.0449652010165	-0.0430360610025	-0.0283271654545	-0.0409429762878	-0.0383636488794	0.0130632791785	0.0730606438088	0.0170012136561	-0.0266967554714	-0.000351620233195	1.0	0.0142940175977	-0.00802547844722	-0.0386507216357	-0.041544816292	-0.0209172206813	-0.0274629488482	0.0150815814745	0.00960671483682	-0.0348531521909	-0.0519346078662	-0.0567275240061	0.0240119871686	0.0332757937794	0.0222071130617	-0.0211325939619	-0.0426876462933	0.0145115902759	-0.0403671366032	0.0075543005519	-0.0601372806927	0.00899476235452	0.0332450793206	-0.018657173511	-0.0242627603214	-0.0219415016916	0.011133031289	-0.0658211953157	0.0152924126118	0.0475962646277	0.022543441811	0.00965151722118	0.0714610627251	0.00789381190426	0.0681383560615	-0.00697590866748	-0.0381591007998	0.0428678048555	0.0172747676255	0.0440904027513	0.0170049858234	-0.00959451585691	-0.00527897941395	0.00290036749391	0.00789691355573	-0.0685675994225
k__Bacteria;p__Firmicutes;c__Clostridia;o__Clostridiales;f__Lachnospiraceae;g__;s__[Eubacterium]_rectale	-0.0105945490977	-0.00620321247961	-0.0423915317979	-0.00855475277932	0.00809583339595	-0.0475122285141	-0.00698070905303	-0.0427875596415	0.0461597187259	0.0141396821396	-0.023662213528	-0.0382825658609	0.0118947655054	0.0142940175977	1.0	-0.0155405213446	0.00985612013994	0.00179385238092	0.000180530710111	0.00259379651781	-0.0074877231099	0.0211834923414	-0.0168343900887	0.00168016376375	0.00511306006731	-0.0357138722526	-0.0633331948562	-0.0401549023993	-0.0183884850872	0.0285473909526	-0.0641783119575	0.0220971389613	-0.044417209546	-0.0168389398455	-0.0155206073298	-0.0302653857144	-0.00599582790961	-0.0321070391678	0.0809647413118	0.0018316418658	-0.0268824725294	-0.02202744247	-0.0048949010658	0.019936671142	-0.0468672292253	-0.0441776135984	-0.0257006957163	-0.0143547588139	0.0533813511222	0.054305286247	-0.00742541012754	-0.00318118720132	0.00457078737999	-0.00815325103113	0.0151829633027	0.0603470994251	-0.00763882102863	0.063949407025	0.0290967103115
k__Bacteria;p__Bacteroidetes;c__Bacteroidia;o__Bacteroidales;f__Bacteroidaceae;g__Bacteroides;s__Bacteroides_plebeius	0.0094038543921	0.0216075738266	0.0119560179501	-0.0391344166697	0.0532062007314	-0.00974625001773	-0.0137823860664	-0.0620264075775	-0.056036882258	-0.014439506172	-0.0124925809124	-0.0219151255251	0.0531096046157	-0.00802547844722	-0.0155405213446	1.0	-0.00481679399115	-0.0259378890714	-0.0224630145282	-0.00190777783326	-0.0175159873497	0.0606432389946	0.0123229385147	-0.0416589730361	-0.0754406992042	0.0598564148267	0.0128208890588	0.013562865927	-0.0567729410852	0.033924866203	-0.00224441572416	0.00412586660173	-0.017748087695	-0.102906939772	-0.00421375474676	-0.0377535375146	-0.0398722971315	0.0319636416425	0.00230262802183	-0.00011937125463	0.0913782507868	-0.0417408745737	0.0749972531309	0.0472057720336	-0.0910510724302	0.0105367828123	-0.000884856028786	-0.0587479775914	-0.0393185885513	-0.0240465868609	-0.0269152395775	-0.0192581466067	-0.0207486214141	0.0215173714249	-0.0518927826534	-0.0208321625914	-0.0114630883808	0.0480762452522	0.0078713926308
k__Bacteria;p__Bacteroidetes;c__Bacteroidia;o__Bacteroidales;f__Bacteroidaceae;g__Bacteroides;s__Bacteroides_fragilis	-0.051632225616	0.0544667149882	-0.038626966996	-0.0307296976178	-0.0318429737955	0.0371789714828	-0.0218924954651	-0.0642130373401	0.0261157214391	-0.0421436193201	-0.0561756031187	-0.00699999861995	-0.0102484354447	-0.0386507216357	0.00985612013994	-0.00481679399115	1.0	0.00425000403623	-0.0570136167192	0.00474126011672	-0.00977891677393	0.0709090882642	-0.0234784242205	-0.0420137491152	-0.0364720061134	0.0201467970495	-0.036932478045	0.0353804260527	-0.0487295926979	0.0394910581083	0.0519328890483	-0.0401597334285	-0.027599208215	-0.000841249275416	-0.112271863463	-0.0282877496879	0.0212328054513	0.0220724494322	0.0210627101528	-0.039439158279	0.0131456121485	-0.00536412257719	-0.0156574686968	0.0142398097946	-0.0182467794439	-0.100666595252	0.0127477306617	-0.0133890341301	-0.0136244284738	-0.0276543002634	-0.0252702137666	0.0167282652153	0.0322205882387	0.0274286837916	-0.0540575747108	-0.0126697516785	0.0485320048991	-0.0561596403777	0.0117839624742
k__Bacteria;p__Proteobacteria;c__Betaproteobacteria;o__Burkholderiales;f__Sutterellaceae;g__Sutterella;s__Sutterella_wadsworthensis	0.0358879271959	0.00943302015357	0.0321218392295	-0.0562020883011	-0.059368163592	0.0224884662624	-0.0417829929855	-0.0142928958045	-0.104125076581	-0.0155504536542	0.057352388744	0.0263947617511	-0.0287009547771	-0.041544816292	0.00179385238092	-0.0259378890714	0.00425000403623	1.0	-0.00466147373605	0.00248371685312	-0.000178942868216	-0.0320918424456	-0.0407978281467	0.0185937633394	-0.0297612809724	0.0397965410579	-0.0111708376223	-0.0134932707178	0.0259368145886	-0.0156631887113	-0.0338005728264	0.0134315908509	-0.021379889778	-0.0123515216468	-0.0388701165879	0.00875193352449	-0.0398090630435	-0.0210166676172	0.0355041613354	0.0231376095166	0.0577324194108	-0.0274407216602	0.0136324652962	-0.0353276640083	0.0218653282059	-0.0380753769176	0.00986075644494	0.0120532469695	-0.0596752982515	0.00823991685138	-0.00017806113023	-0.00745562018153	-0.0222443003174	-0.0445372671622	-0.0312986453054	-0.020442102215	-0.0549371636241	-0.0575480990541	0.0269539589311
k__Bacteria;p__Bacteroidetes;c__Bacteroidia;o__Bacteroidales;f__Porphyromonadaceae;g__Barnesiella;s__Barnesiella_intestinihominis	0.0152563353891	-0.00367334005629	-0.0593507057802	-0.0210942652755	-0.0116555797346	-0.0318681666355	-0.0775800919688	-0.0429598606524	-0.0561888111539	-0.0216791187503	-0.0176310749066	-0.0388936862347	0.0241837116694	-0.0209172206813	0.000180530710111	-0.0224630145282	-0.0570136167192	-0.00466147373605	1.0	-0.0457130606564	0.0335781894702	-0.0426580946665	0.0172058697761	0.0241674005419	0.0768566804827	0.0164496795689	-0.0188334339689	-0.00478110148556	0.0459397957262	-0.064035842252	-0.0122524603816	-0.0327123613119	-0.0305853024788	-0.0554143534119	-0.0311303507943	-0.0161777453673	-0.00354678061575	0.00566160443381	-0.0249303495863	0.0219021415976	-0.00845509291912	-0.030432639117	-0.0393339339844	0.00320804703665	-0.0201947472971	0.0160999836102	-0.052979423457	-0.0351478507361	0.0540780127206	0.0252151974557	-0.0261718144007	-0.00360136101841	0.00451665062134	-0.00995293612814	0.0601410145365	0.017343486924	-0.0363150959416	-0.00854754611153	-0.0472894844417
k__Bacteria;p__Bacteroidetes;c__Bacteroidia;o__Bacteroidales;f__Odoribacteraceae;g__Odoribacter;s__Odoribacter_splanchnicus	0.0288384516924	0.0173930416267	-0.0278247451987	-0.0143759500157	0.00749502880714	0.0169284658584	-0.0216859712069	-0.00614372848291	-0.0490970915701	0.0275252950758	-0.0115452453361	0.00926881569503	-0.00938058880233	-0.0274629488482	0.00259379651781	-0.00190777783326	0.00474126011672	0.00248371685312	-0.0457130606564	1.0	-0.125721887717	0.0653066803655	0.0229814257324	-0.0246300419974	-0.0557588650791	-0.0310572171189	-0.00584780256935	-0.00913333308787	-0.00156505586296	-0.0481618072454	-0.00489159152272	0.0554242463877	-0.0533888555843	-0.00989555134693	-0.00755595882156	0.00338583507606	-0.0677622350521	0.0265326589576	-0.0325550396437	0.0251867172169	-0.0453020867023	-0.0246924232931	0.0379367235788	-0.0773711645537	0.00163537608784	0.0299820018135	-0.00580894562061	0.0135614729224	-0.0207262342975	0.00643971983157	-0.0498254056025	-0.0303408973703	-0.0568965585355	0.00857266933003	0.0539533663897	0.00651577061555	0.0278680383317	-0.0053108298464	0.00897606704275
k__Bacteria;p__Bacteroidetes;c__Bacteroidia;o__Bacteroidales;f__Bacteroidaceae;g__Bacteroides;s__Bacteroides_salyersiae	-0.0383879508704	-0.0434042247539	-0.0220297483063	-0.0511934451384	-0.00181036918964	0.00966531562473	0.0502373792591	-0.00407469335207	0.0110439311181	-0.0557112800603	-0.0438860353266	-0.0458962222522	0.00302644009032	0.0150815814745	-0.0074877231099	-0.0175159873497	-0.00977891677393	-0.000178942868216	0.0335781894702	-0.125721887717	1.0	-0.0187000273831	0.0107086516024	-0.0283851912125	-0.0032797842129	-0.0108814745265	0.0133524047556	0.0321460116533	0.0218257673955	0.0256995030628	-0.00724622840477	-0.0352509159794	0.00486164039657	-0.0230358806795	0.0159816333353	-0.0147397503978	-0.0329489375766	-0.0210786714021	-0.0280301259535	-0.00258882415408	-0.029638231946	-0.0148962028564	-0.0360365176515	-0.00659034917969	0.00405653012493	0.00238801829128	-0.0235248953057	0.0170456467148	-0.0201511442587	0.0265821545213	0.00566019059569	0.0134431509797	-0.0618338685781	-0.0352795724422	0.0561976115353	-0.012765622437	-0.0436145416997	-0.0269627646325	0.0398859419657
k__Bacteria;p__Firmicutes;c__Clostridia;o__Clostridiales;f__Ruminococcaceae;g__Ruminiclostridium;s__[Eubacterium]_siraeum	0.00826808556615	0.00973780370885	0.068469886217	-0.0289963176627	0.0192429671205	-0.0313433207032	-0.0139759954317	0.0138986551943	-0.0484878025935	0.000962520696618	-0.0256615649878	-0.0446310561656	-0.00319623401003	0.00960671483682	0.0211834923414	0.0606432389946	0.0709090882642	-0.0320918424456	-0.0426580946665	0.0653066803655	-0.0187000273831	1.0	-0.00393301252562	-0.0137163874819	0.00301352557772	0.0164222742379	0.0241784520711	0.00615814615035	0.0515959137965	0.000927897748076	0.0249923909031	0.0166964681337	-0.0351837216063	0.039627445808	-0.0776197080508	0.0168490103408	-0.0152265066218	0.0212273715753	-0.0308349514202	-0.0719459572356	0.0177525294495	-0.00306051759175	0.0142317712345	0.0243537079814	-0.0174660008148	-0.0428103228809	-0.0229850802684	0.0064437046726	0.0481169657454	-0.00301428971418	-0.0498362141154	0.048566462741	-0.0743713937312	0.00424937423593	0.00950249348909	-0.000811916153479	0.0329618073654	-0.0120308983674	-0.0221219352734
k__Bacteria;p__Proteobacteria;c__Betaproteobacteria;o__Burkholderiales;f__Sutterellaceae;g__Parasutterella;s__Parasutterella_excrementihominis	0.0252214784805	0.036495221638	0.0424087251906	-0.00948790075132	0.0128893203286	-0.00316264639333	0.00678873057964	-0.0578101198211	0.0276529308106	0.0360302618799	-0.0140317026046	0.0254542074047	0.0507295948969	-0.0348531521909	-0.0168343900887	0.0123229385147	-0.0234784242205	-0.0407978281467	0.0172058697761	0.0229814257324	0.0107086516024	-0.00393301252562	1.0	-0.0566007475708	-0.0384183905359	0.0169647980495	-0.0226892583396	0.0528860489616	-0.00656758036968	0.0500399081292	-0.0187286553748	-0.0281879094995	0.0243506479066	-0.0223342736825	0.0145805911309	-0.00691470947163	-0.00396820604912	0.0328326250319	-0.0324679403991	-0.0250076427357	0.0258278237396	0.0264828960087	-0.124266454719	-0.0318386932412	0.0390073499902	0.0125699556968	-0.04657769624	-0.00538685279715	-0.017936125937	-0.0457328151193	-0.0029644174134	0.00810379916358	-0.037114501098	0.0263615476459	-0.0284774110277	0.0373583583517	-0.0289978037372	-0.0225270360091	0.0209293323292
k__Bacteria;p__Actinobacteria;c__Actinobacteria;o__Bifidobacteriales;f__Bifidobacteriaceae;g__Bifidobacterium;s__Bifidobacterium_adolescentis	-0.0261428448502	0.0444896032277	-0.0370839563707	0.0261050161361	0.0814057069604	-0.0178675718621	0.0191609802283	-0.00378008819281	-0.0349483139649	0.0277507753091	-0.000323940208112	0.0369213326127	-0.0460996206666	-0.0519346078662	0.00168016376375	-0.0416589730361	-0.0420137491152	0.0185937633394	0.0241674005419	-0.0246300419974	-0.0283851912125	-0.0137163874819	-0.0566007475708	1.0	0.0814492522069	0.0133222823765	0.0566900997826	-0.024451505353	-0.00140318938744	0.030095432961	-0.00428551266011	0.0296937003107	-0.0215179866736	-0.00881727522708	0.0794452454671	-0.01604499522	-0.107179724715	-0.0330738443645	-0.0504743474138	-0.0648722262588	-0.01646692652	-0.0117928274163	0.000404466159894	0.0513408861215	-0.0510549677503	-0.0385502836522	-0.116720933492	0.030431723234	-0.000197636146931	-0.0522171117857	-0.000176185820631	-0.00821461840495	-0.0226202875064	0.0160228006006	0.060772298482	-0.00347603239632	0.0112998171814	-0.00400818209138	-0.020370878548
k__Bacteria;p__Firmicutes;c__Clostridia;o__Clostridiales;f__Oscillospiraceae;g__Oscillibacter;s__Oscillibacter_sp._KLE_1745	-0.00549088461216	0.0137038105376	-0.0749762927199	-0.0179726449123	0.0443355324475	-0.0183479978956	0.0051059736537	0.00729605891911	-0.0116419324107	-0.0677792163105	-0.0294437901742	-0.0423037888837	0.0208392173292	-0.0567275240061	0.00511306006731	-0.0754406992042	-0.0364720061134	-0.0297612809724	0.0768566804827	-0.0557588650791	-0.0032797842129	0.00301352557772	-0.0384183905359	0.0814492522069	1.0	-0.0648061039338	0.0158003888439	-0.000746255876558	-0.017053951076	-0.0190023507182	0.0193984712043	-0.00399007264135	0.02430639137	-0.0147453007514	-0.00331849197309	-0.0378772417383	0.0496195645346	-0.0386182699968	0.0531557365773	-0.00845379638487	0.0314213784548	-0.0365701522955	-0.05351807444	-0.0469624572399	-0.0170165774187	0.0230163110287	-0.0596702513958	0.0727268135956	-0.0653612585639	0.074695702041	-0.0174994426027	-0.0319788935456	-0.0546048838845	-0.0778337152883	0.00666205143519	-0.0581874822192	0.023526490414	0.0219119146714	-0.0198363510071
k__Bacteria;p__Bacteroidetes;c__Bacteroidia;o__Bacteroidales;f__Bacteroidaceae;g__Bacteroides;s__Bacteroides_coprophilus	-0.0239111072816	-0.0466552508451	0.00483346757611	0.00683736659885	0.0368637584172	-0.0275916300003	-0.00734234658491	-0.0320046178885	-0.0478169150319	0.0770002540779	0.00673699678446	-0.0559456721208	-0.0413384712756	0.0240119871686	-0.0357138722526	0.0598564148267	0.0201467970495	0.0397965410579	0.0164496795689	-0.0310572171189	-0.0108814745265	0.0164222742379	0.0169647980495	0.0133222823765	-0.0648061039338	1.0	0.0767861018628	-0.0281650536849	-0.0150502777676	0.00187010813025	-0.00871247453288	-0.0200938138786	-0.00398995387493	0.0427205869941	0.0649275776119	-0.0268566320267	-0.00834552862296	-0.0640789447755	-0.00954651901992	0.0884727397302	-0.0301279922623	0.0159857372781	0.032068360687	0.0930864599373	-0.0250947170779	-0.0031494842248	0.0206590183143	-0.0456432990928	-0.0221340984865	-0.0568806126903	-0.0744412900168	-0.0327381962123	-0.0291611796118	-0.0153617630212	-0.0123691513613	-0.00945690983972	-0.0208659392189	0.0107282299651	-0.0145088288763
k__Bacteria;p__Firmicutes;c__Clostridia;o__Clostridiales;f__Lachnospiraceae;g__Roseburia;s__Roseburia_intestinalis	0.0137448245073	-0.00973746302654	-0.0691287379148	-0.0330764263882	-0.0198900934009	-0.0123344466012	-0.0104009717101	-0.0103454318689	0.0147316125854	0.0167551447649	-0.00127599856197	-0.0206252523976	-0.0207864515767	0.0332757937794	-0.0633331948562	0.0128208890588	-0.036932478045	-0.0111708376223	-0.0188334339689	-0.00584780256935	0.0133524047556	0.0241784520711	-0.0226892583396	0.0566900997826	0.0158003888439	0.0767861018628	1.0	0.00989926749431	-0.0161804235105	0.0240386642226	-0.01086736384	-0.0225109728337	-0.0546012437938	0.0373055081864	-0.0186035129552	0.021183771727	-0.0109619630626	-0.057451971526	-0.0689203523053	0.0203161576276	-0.0717737974431	-0.0230592129785	0.0584858057509	-0.0295134679335	0.0313578517232	-0.0342857864839	-0.00843018246937	-0.00954391567171	-0.00470229280215	-0.0293765399259	-0.0849062045866	0.04826497521	0.0174641607724	0.00247874272622	0.0109578675387	0.0243984288681	0.0457296067483	0.00581027579663	-0.0214282981962
k__Bacteria;p__Firmicutes;c__Clostridia;o__Clostridiales;f__Lachnospiraceae;g__Roseburia;s__Roseburia_hominis	-0.0131967702824	0.0952500022634	-0.00298507455375	0.0499168007322	-0.0623396844492	0.0261923613222	0.0472163866839	0.0156199064142	0.0483304162052	0.0178629344672	-0.022389361699	-0.0971335628062	0.0234668525682	0.0222071130617	-0.0401549023993	0.013562865927	0.0353804260527	-0.0134932707178	-0.00478110148556	-0.00913333308787	0.0321460116533	0.00615814615035	0.0528860489616	-0.024451505353	-0.000746255876558	-0.0281650536849	0.00989926749431	1.0	-0.0017519687011	0.000195724319625	-0.0328821624812	-0.037277561994	0.0223192947526	-0.0143410526186	-0.00164282243295	0.0244150611155	0.0295528022912	0.0106600390949	-0.029531036516	0.0207963091479	-0.0171485935846	0.0329308909238	-0.0587185988311	0.00959109146099	-0.0715106021933	0.0708487789336	-0.0181520901851	-0.0594415583665	-0.0341347312472	-0.0320342251496	0.0252354890967	-0.050994653081	-0.00945529122245	-0.0112655965756	-0.0395594967893	-0.0247445675357	-0.0572885949698	-0.0325457883825	0.00349857097982
k__Bacteria;p__Bacteroidetes;c__Bacteroidia;o__Bacteroidales;f__Porphyromonadaceae;g__Parabacteroides;s__Parabacteroides_johnsonii	0.015596026251	-0.0114208514521	0.0469700508494	0.0407525806253	-0.0372619745411	-0.0377978356328	0.0257572815115	0.0181856104963	0.0254700806296	0.0699815577379	-0.0052515004938	-0.0487644018473	0.0178662882292	-0.0211325939619	-0.0183884850872	-0.0567729410852	-0.0487295926979	0.0259368145886	0.0459397957262	-0.00156505586296	0.0218257673955	0.0515959137965	-0.00656758036968	-0.00140318938744	-0.017053951076	-0.0150502777676	-0.0161804235105	-0.0017519687011	1.0	-0.0212316871387	0.0357722220917	-0.0289509710324	-0.0365278158485	0.002912138084	0.0476940678081	-0.00939628017711	-0.0322744862624	0.0348244686587	-0.0501098899725	-0.0734261892096	-0.0358573669229	-0.0429133808882	-0.0300513820499	-0.0287425654845	-0.00784984809581	0.0118051484046	0.0592244444126	-0.000667168885681	-0.00416493094277	0.0166792345302	0.0309564043131	-0.111267049819	0.0583593933687	0.0439920413182	-0.0285999712109	0.000173238086193	-0.00466251359348	-0.0252034411631	-0.0534229748975
k__Bacteria;p__Actinobacteria;c__Actinobacteria;o__Bifidobacteriales;f__Bifidobacteriaceae;g__Bifidobacterium;s__Bifidobacterium_longum	-0.0680237174294	0.00467825733078	-0.0394277622153	-0.0390653160289	-0.0397520367492	0.0403742847942	-0.0243892595409	-0.0163103479091	-0.0488591536152	-0.033189237777	0.0201527162109	-0.010286518118	-0.126885293758	-0.0426876462933	0.0285473909526	0.033924866203	0.0394910581083	-0.0156631887113	-0.064035842252	-0.0481618072454	0.0256995030628	0.000927897748076	0.0500399081292	0.030095432961	-0.0190023507182	0.00187010813025	0.0240386642226	0.000195724319625	-0.0212316871387	1.0	0.0222502570225	-0.0203844035757	-0.00302681125775	-0.0472867571875	-0.063489642431	-0.0182093704226	0.0129239965942	-0.0333666001206	-0.0488106257848	0.0664275476499	-0.00768862135235	-0.0471189325326	0.00195525072775	0.0273436385795	0.00442622963622	0.0445618223104	-0.0331217462849	0.052194065396	-0.0127042387308	0.0133854160937	-0.00425131848389	0.0768142316514	-0.0190789620404	0.0486536613779	-0.0222005038247	0.0118988103305	-0.0539538986479	-0.0253398769216	-0.0478287614027
