#taxonomy	k__Bacteria;p__Bacteroidetes;c__Bacteroidia;o__Bacteroidales;f__Bacteroidaceae;g__Bacteroides;s__Bacteroides_vulgatus	k__Bacteria;p__Bacteroidetes;c__Bacteroidia;o__Bacteroidales;f__Bacteroidaceae;g__Bacteroides;s__Bacteroides_uniformis	k__Bacteria;p__Bacteroidetes;c__Bacteroidia;o__Bacteroidales;f__Rikenellaceae;g__Alistipes;s__Alistipes_putredinis	k__Bacteria;p__Bacteroidetes;c__Bacteroidia;o__Bacteroidales;f__Prevotellaceae;g__Prevotella;s__Prevotella_copri	k__Bacteria;p__Bacteroidetes;c__Bacteroidia;o__Bacteroidales;f__Bacteroidaceae;g__Bacteroides;s__Bacteroides_stercoris	k__Bacteria;p__Bacteroidetes;c__Bacteroidia;o__Bacteroidales;f__Bacteroidaceae;g__Bacteroides;s__Bacteroides_ovatus	k__Bacteria;p__Bacteroidetes;c__Bacteroidia;o__Bacteroidales;f__Rikenellaceae;g__Alistipes;s__Alistipes_shahii	k__Bacteria;p__Firmicutes;c__Clostridia;o__Clostridiales;f__Ruminococcaceae;g__Faecalibacterium;s__Faecalibacterium_prausnitzii	k__Bacteria;p__Bacteroidetes;c__Bacteroidia;o__Bacteroidales;f__Rikenellaceae;g__Alistipes;s__Alistipes_finegoldii	k__Bacteria;p__Bacteroidetes;c__Bacteroidia;o__Bacteroidales;f__Porphyromonadaceae;g__Parabacteroides;s__Parabacteroides_distasonis	k__Bacteria;p__Bacteroidetes;c__Bacteroidia;o__Bacteroidales;f__Bacteroidaceae;g__Bacteroides;s__Bacteroides_thetaiotaomicron	k__Bacteria;p__Bacteroidetes;c__Bacteroidia;o__Bacteroidales;f__Bacteroidaceae;g__Bacteroides;s__Bacteroides_coprocola	k__Bacteria;p__Bacteroidetes;c__Bacteroidia;o__Bacteroidales;f__Bacteroidaceae;g__Bacteroides;s__Bacteroides_cellulosilyticus	k__Bacteria;p__Bacteroidetes;c__Bacteroidia;o__Bacteroidales;f__Rikenellaceae;g__Alistipes;s__Alistipes_obesi	k__Bacteria;p__Firmicutes;c__Clostridia;o__Clostridiales;f__Lachnospiraceae;g__;s__[Eubacterium]_rectale	k__Bacteria;p__Bacteroidetes;c__Bacteroidia;o__Bacteroidales;f__Bacteroidaceae;g__Bacteroides;s__Bacteroides_plebeius	k__Bacteria;p__Bacteroidetes;c__Bacteroidia;o__Bacteroidales;f__Bacteroidaceae;g__Bacteroides;s__Bacteroides_fragilis	k__Bacteria;p__Proteobacteria;c__Betaproteobacteria;o__Burkholderiales;f__Sutterellaceae;g__Sutterella;s__Sutterella_wadsworthensis	k__Bacteria;p__Bacteroidetes;c__Bacteroidia;o__Bacteroidales;f__Porphyromonadaceae;g__Barnesiella;s__Barnesiella_intestinihominis	k__Bacteria;p__Bacteroidetes;c__Bacteroidia;o__Bacteroidales;f__Odoribacteraceae;g__Odoribacter;s__Odoribacter_splanchnicus	k__Bacteria;p__Bacteroidetes;c__Bacteroidia;o__Bacteroidales;f__Bacteroidaceae;g__Bacteroides;s__Bacteroides_salyersiae	k__Bacteria;p__Firmicutes;c__Clostridia;o__Clostridiales;f__Ruminococcaceae;g__Ruminiclostridium;s__[Eubacterium]_siraeum	k__Bacteria;p__Proteobacteria;c__Betaproteobacteria;o__Burkholderiales;f__Sutterellaceae;g__Parasutterella;s__Parasutterella_excrementihominis	k__Bacteria;p__Actinobacteria;c__Actinobacteria;o__Bifidobacteriales;f__Bifidobacteriaceae;g__Bifidobacterium;s__Bifidobacterium_adolescentis	k__Bacteria;p__Firmicutes;c__Clostridia;o__Clostridiales;f__Oscillospiraceae;g__Oscillibacter;s__Oscillibacter_sp._KLE_1745	k__Bacteria;p__Bacteroidetes;c__Bacteroidia;o__Bacteroidales;f__Bacteroidaceae;g__Bacteroides;s__Bacteroides_coprophilus	k__Bacteria;p__Firmicutes;c__Clostridia;o__Clostridiales;f__Lachnospiraceae;g__Roseburia;s__Roseburia_intestinalis	k__Bacteria;p__Firmicutes;c__Clostridia;o__Clostridiales;f__Lachnospiraceae;g__Roseburia;s__Roseburia_hominis	k__Bacteria;p__Bacteroidetes;c__Bacteroidia;o__Bacteroidales;f__Porphyromonadaceae;g__Parabacteroides;s__Parabacteroides_johnsonii	k__Bacteria;p__Actinobacteria;c__Actinobacteria;o__Bifidobacteriales;f__Bifidobacteriaceae;g__Bifidobacterium;s__Bifidobacterium_longum	k__Bacteria;p__Firmicutes;c__Clostridia;o__Clostridiales;f__;g__Flavonifractor;s__Flavonifractor_plautii	k__Bacteria;p__Firmicutes;c__Clostridia;o__Clostridiales;f__Clostridiaceae;g__Clostridium;s__Clostridium_phoceensis	k__Bacteria;p__Verrucomicrobia;c__Verrucomicrobiae;o__Verrucomicrobiales;f__Akkermansiaceae;g__Akkermansia;s__Akkermansia_muciniphila	k__Bacteria;p__Bacteroidetes;c__Bacteroidia;o__Bacteroidales;f__Prevotellaceae;g__Paraprevotella;s__Paraprevotella_xylaniphila	k__Bacteria;p__Firmicutes;c__Clostridia;o__Clostridiales;f__Ruminococcaceae;g__Ruminococcus;s__Ruminococcus_callidus	k__Bacteria;p__Bacteroidetes;c__Bacteroidia;o__Bacteroidales;f__Rikenellaceae;g__Alistipes;s__Alistipes_senegalensis	k__Bacteria;p__Firmicutes;c__Clostridia;o__Clostridiales;f__Lachnospiraceae;g__Blautia;s__Blautia_sp._KLE_1732	k__Bacteria;p__Bacteroidetes;c__Bacteroidia;o__Bacteroidales;f__Bacteroidaceae;g__Bacteroides;s__Bacteroides_oleiciplenus	k__Bacteria;p__Firmicutes;c__Clostridia;o__Clostridiales;f__Ruminococcaceae;g__Ruminococcus;s__Ruminococcus_bicirculans	k__Bacteria;p__Bacteroidetes;c__Bacteroidia;o__Bacteroidales;f__Bacteroidaceae;g__Bacteroides;s__Bacteroides_fluxus	k__Bacteria;p__Bacteroidetes;c__Bacteroidia;o__Bacteroidales;f__Prevotellaceae;g__Prevotella;s__Prevotella_stercorea	k__Bacteria;p__Firmicutes;c__Clostridia;o__Clostridiales;f__Lachnospiraceae;g__Dorea;s__Dorea_longicatena	k__Bacteria;p__Firmicutes;c__Clostridia;o__Clostridiales;f__Eubacteriaceae;g__Eubacterium;s__[Eubacterium]_eligens	k__Bacteria;p__Firmicutes;c__Clostridia;o__Clostridiales;f__Ruminococcaceae;g__;s__Ruminococcaceae_bacterium_D16	k__Bacteria;p__Firmicutes;c__Clostridia;o__Clostridiales;f__Lachnospiraceae;g__Coprococcus;s__Coprococcus_comes	k__Bacteria;p__Proteobacteria;c__Gammaproteobacteria;o__Enterobacterales;f__Enterobacteriaceae;g__Escherichia;s__Escherichia_coli	k__Bacteria;p__Firmicutes;c__Clostridia;o__Clostridiales;f__Ruminococcaceae;g__Anaerotruncus;s__Anaerotruncus_colihominis	k__Bacteria;p__Firmicutes;c__Clostridia;o__Clostridiales;f__Lachnospiraceae;g__Blautia;s__Blautia_obeum	k__Bacteria;p__Bacteroidetes;c__Bacteroidia;o__Bacteroidales;f__Odoribacteraceae;g__Odoribacter;s__Odoribacter_laneus	k__Bacteria;p__Firmicutes;c__Clostridia;o__Clostridiales;f__Ruminococcaceae;g__Ruminiclostridium;s__[Clostridium]_leptum	k__Bacteria;p__Bacteroidetes;c__Bacteroidia;o__Bacteroidales;f__Porphyromonadaceae;g__Parabacteroides;s__Parabacteroides_goldsteinii	k__Bacteria;p__Firmicutes;c__Clostridia;o__Clostridiales;f__Lachnospiraceae;g__Anaerostipes;s__Anaerostipes_hadrus	k__Bacteria;p__Firmicutes;c__Clostridia;o__Clostridiales;f__Ruminococcaceae;g__Ruminococcus;s__Ruminococcus_lactaris	k__Bacteria;p__Firmicutes;c__Clostridia;o__Clostridiales;f__Clostridiaceae;g__Clostridium;s__Clostridium_sp._L2-50	k__Bacteria;p__Firmicutes;c__Clostridia;o__Clostridiales;f__Clostridiaceae;g__Clostridium;s__Clostridium_sp._M62/1	k__Bacteria;p__Firmicutes;c__Clostridia;o__Clostridiales;f__;g__Intestinimonas;s__Intestinimonas_butyriciproducens	k__Bacteria;p__Actinobacteria;c__Actinobacteria;o__Bifidobacteriales;f__Bifidobacteriaceae;g__Bifidobacterium;s__Bifidobacterium_bifidum	k__Bacteria;p__Firmicutes;c__Negativicutes;o__Veillonellales;f__Veillonellaceae;g__Dialister;s__Dialister_invisus	k__Bacteria;p__Bacteroidetes;c__Bacteroidia;o__Bacteroidales;f__Bacteroidaceae;g__Bacteroides;s__Bacteroides_salanitronis
k__Bacteria;p__Bacteroidetes;c__Bacteroidia;o__Bacteroidales;f__Bacteroidaceae;g__Bacteroides;s__Bacteroides_vulgatus	1.0	-0.0527243821102	-0.0662109247582	-0.0225749615744	0.0303686379209	0.0124617675176	-0.00575491480526	0.0396151617047	0.00882420972778	-0.0320855752521	0.0479944197737	-0.014741203666	-0.00330496079718	0.0316041558407	0.00235305094364	0.0116430507708	0.00108104706479	-0.0342339846427	-0.0342487749447	0.0133309753274	0.0453460283718	-0.0122586715677	0.0165703324797	0.0364156207056	-0.0740403431333	-0.0912951138018	-0.074282713963	-0.0322873118306	-0.0302574189523	-0.0302031376995	-0.00190439688623	-0.0406838651778	-0.0335989837066	-0.0188253576801	0.0212680222109	0.00246698810846	-0.0163874689432	-0.00722925793523	-0.021769338661	0.0115508873687	0.0416264374314	0.0448814794651	-0.0121997500872	-0.00917157914548	0.001952969262	-0.0205991982042	-0.0489456310853	0.0505560640045	-0.0292480908731	-0.00787435621637	-0.0078721605404	0.0809509370327	0.0568249728148	0.0261827424924	0.0042875720331	-0.00219149851145	-0.0197797562841	0.044794407408	-0.0213763853818
k__Bacteria;p__Bacteroidetes;c__Bacteroidia;o__Bacteroidales;f__Bacteroidaceae;g__Bacteroides;s__Bacteroides_uniformis	-0.0527243821102	1.0	-0.0144322740221	-0.0251747977976	0.039810322264	-0.0134650444022	-0.0223770908571	-0.0647782284459	-0.0173218846959	-0.00240522658735	-0.0136810150922	-0.0167909286638	0.00755690229193	-0.090063233937	-0.0276003781179	-0.00724486982019	-0.0125561450725	-0.0185099450012	-0.0549621782406	0.0360921322142	-0.0351644030594	0.0104472868689	0.0139792855418	0.0206534262279	-0.0455526230619	-0.0283904878367	0.0279050253942	-0.0213637734093	-0.0533373595135	-0.0118978063939	-0.0188503579297	0.000732809745855	-0.0686133759564	0.0239633219688	-0.0966898040287	0.0133845066216	0.0282949646348	0.0733345923216	0.0102683099882	-0.0253000473799	-0.0218669456167	-0.0195756213122	0.00744566703042	0.0444864147973	0.0201608184702	-0.0581233086203	-0.0190521267312	-0.0428647695342	-0.0275983952591	-0.0055712217734	0.00159984274134	-0.0272047391352	-0.0615291619644	0.0381820623994	0.0110415200321	-0.0714092994549	-0.0194628431235	0.0644418788883	-0.0546385393281
k__Bacteria;p__Bacteroidetes;c__Bacteroidia;o__Bacteroidales;f__Rikenellaceae;g__Alistipes;s__Alistipes_putredinis	-0.0662109247582	-0.0144322740221	1.0	0.00929259478393	-0.0283340214904	0.0226440223859	0.0149594005618	-0.0120596361232	-0.0864103808103	-0.0291551664006	-0.0137964111539	-0.0298673956587	-0.0456765817798	-0.0249379151353	-0.0207838935059	-0.0522041003972	0.0452769734444	-0.0272328945347	-0.00317935721071	-0.0233084017056	0.00757569495236	-0.0228543833003	-0.0449495282217	-0.00801509537722	-0.023602988342	-0.0151842670318	0.00708360066597	-0.022655632885	-0.0561353428839	0.025819670445	-0.000429461674249	0.0123341973097	-0.0127911617776	-0.0302946605717	-0.0142591157021	-0.0351704408283	-0.0329343673935	0.0164035866745	-0.047559089453	0.00865189005382	-0.00521269870536	0.0443576660065	-0.0186443042759	0.0391093980858	-0.0227828563799	-0.00328604019234	0.00824364130675	-0.0340225068705	0.00731788964874	0.0276930438451	0.00552869919766	-0.057441097146	-0.00359565252875	-0.0756296575355	0.0256932997623	0.0254902539159	-0.0282798997992	0.0142170498983	-0.00364196317102
k__Bacteria;p__Bacteroidetes;c__Bacteroidia;o__Bacteroidales;f__Prevotellaceae;g__Prevotella;s__Prevotella_copri	-0.0225749615744	-0.0251747977976	0.00929259478393	1.0	0.00831650116748	-0.0276937368161	0.0459250486269	0.0144378885304	0.0236957964457	0.0074858046821	0.0313618850109	0.034711047662	-0.0465992684909	-0.0249563632926	-0.00787904833497	0.0157426927935	0.00883006466094	-0.0229122563205	-0.020920078096	0.0153394022003	-0.0687498248064	-0.0304736669008	-0.0338612150037	-0.0134716796135	-0.01652614736	-0.00250949074384	0.0382541072214	-0.0802867591493	0.00346913048598	0.0455700914751	-0.00102152125667	-0.0566869831953	-0.00274878744196	-0.00971432474517	0.024033179132	-0.0172172565733	-0.0248508460573	-0.0268839133178	-0.0265964480858	-0.0340822954188	0.00864672791084	0.0488808627533	-0.0960049355598	-0.0112953605588	-0.0269025973727	-0.041478764511	-0.038350726678	0.0113564896797	0.0145364159656	0.0120307965658	4.47835022109e-05	0.0451890129379	-0.0421131230065	-0.0685063490245	-0.0131860986338	-0.0442108336616	0.0139631792369	0.0335220242789	0.00105515939632
k__Bacteria;p__Bacteroidetes;c__Bacteroidia;o__Bacteroidales;f__Bacteroidaceae;g__Bacteroides;s__Bacteroides_stercoris	0.0303686379209	0.039810322264	-0.0283340214904	0.00831650116748	1.0	-0.0215224627715	0.00934480668537	0.00856112623425	-0.0283744101849	-0.0347920283574	-0.0297001697968	0.00118049461981	0.0171327902218	0.068825113394	-0.0111463700753	0.0195199392291	0.00481104008565	0.0572089991125	-0.011982622788	-0.0481591600023	-0.0211886870624	0.0189506640338	-0.000635285829187	-0.0311142119328	0.03089073822	-0.0523415961437	-0.0784380149164	-0.0264245746891	0.0347652390184	-0.0198019749985	-0.0396348247276	0.0177127406121	-0.010075535961	-0.00258353162774	-0.018861570275	0.0230935943055	0.0334439973549	-0.0166544405331	-0.0468495288696	-0.0670549260365	0.0123900393176	0.0187393572102	0.026940688331	0.00902684501188	-0.000690744994289	0.00372613340308	0.0218404568326	0.0195337801805	-0.0200002890151	-0.0258713929955	-0.00948368916937	-0.0565870482352	-0.0379809256602	0.0524994641029	-0.0304335878835	-0.0262987976769	0.0357973059948	-0.110136108084	-0.0892377607202
k__Bacteria;p__Bacteroidetes;c__Bacteroidia;o__Bacteroidales;f__Bacteroidaceae;g__Bacteroides;s__Bacteroides_ovatus	0.0124617675176	-0.0134650444022	0.0226440223859	-0.0276937368161	-0.0215224627715	1.0	-0.0178991989573	-0.0625043729135	0.00825020600822	-0.0155231551432	-0.0207348618722	0.0362807766532	0.0345924836085	-0.0166394538941	-0.018402181991	0.0108965671923	-0.0405844451793	-0.0449767187705	-0.0539859834095	0.0676793341419	-0.00686428789253	-0.0319900431307	0.0441343286455	-0.0292575197747	-0.0219548902595	0.0193404161575	-0.0409660153133	-0.0164628909772	-0.0321119330277	0.0130287102163	0.0515115566388	-0.000437149145294	0.000967057584477	0.0211465838008	-0.0194962992906	0.00666332194299	-0.0150952179362	-0.0565873359671	-0.0358343509508	0.0191770746975	-0.0400030293425	0.00407341503056	-0.0603933259799	0.0152833512465	0.0361438944873	0.0199655102965	-0.0282572654986	-0.0443595460129	0.00524522570448	-0.0333876012747	-0.0244851083955	-0.0191520549894	-0.00771439107943	-0.017163291801	0.027833499486	0.00926240079033	0.0235343221691	0.0370571493335	-0.0568361834809
k__Bacteria;p__Bacteroidetes;c__Bacteroidia;o__Bacteroidales;f__Rikenellaceae;g__Alistipes;s__Alistipes_shahii	-0.00575491480526	-0.0223770908571	0.0149594005618	0.0459250486269	0.00934480668537	-0.0178991989573	1.0	0.0073901951293	-0.109603870076	-0.0205824266712	-0.00247478068147	-0.0193738272721	-0.0505373911516	-0.0652958756305	-0.0219491607295	-0.02112371838	-0.0286258066475	0.0295525776158	-0.0571581675855	0.0126267624045	-0.0415223181931	0.0205833567437	-0.0283470891633	-0.0279437409461	-0.0263656718313	-0.0629817425575	-0.0543208509127	0.0130079678238	-0.0183725329441	-0.0240373623863	-0.0633943231781	-0.0171809236958	0.00844710644135	-0.0634641400699	-0.0440024134768	-0.0185006080257	-0.031887633283	-0.053258658427	0.0433183365587	0.0450373874164	0.0236956959702	-0.0216495057646	-0.0624972316374	-0.012007225299	0.0427186640682	0.0667856332637	0.00362902178105	0.0482766902603	0.00250877220038	-0.0343787820836	-0.019283978943	0.0619375580953	0.0221596752589	0.0490375847811	0.0327136223227	0.0161685736488	0.0466213412025	-0.0457435628294	-0.00427741586873
k__Bacteria;p__Firmicutes;c__Clostridia;o__Clostridiales;f__Ruminococcaceae;g__Faecalibacterium;s__Faecalibacterium_prausnitzii	0.0396151617047	-0.0647782284459	-0.0120596361232	0.0144378885304	0.00856112623425	-0.0625043729135	0.0073901951293	1.0	-0.0157822175137	-0.0103639597477	-0.0555402841633	0.0275669264757	0.0460813280667	-0.0727368168413	-0.0348223481963	-0.0214356835152	-0.0254857027073	0.0261004279594	0.0140802983687	-0.0113207280725	0.0168759565601	-0.0303756855825	-0.0274715468904	-0.00614554830575	-0.0328614855523	0.018485148194	-0.0994510653057	-0.0264988443343	-0.0120685280557	-0.0305800337857	0.0312567029358	-0.00701385660217	0.0362129840588	-0.020891190366	0.036874930253	-0.051849437062	-0.0235118747002	-0.0154519491175	-0.00381879012488	-0.0456604659797	0.078290200856	0.011797760743	-0.0177606313635	0.0269296080598	0.0362411201381	-0.0116035198229	-0.0426652543643	-0.0277624400455	0.0458725136312	0.0243210960809	0.0411910602545	-0.0452538823608	-0.0058575449248	0.0144509245233	-0.0208208605857	0.0214619859299	-0.0348154850108	0.00745849067552	0.019989094388
k__Bacteria;p__Bacteroidetes;c__Bacteroidia;o__Bacteroidales;f__Rikenellaceae;g__Alistipes;s__Alistipes_finegoldii	0.00882420972778	-0.0173218846959	-0.0864103808103	0.0236957964457	-0.0283744101849	0.00825020600822	-0.109603870076	-0.0157822175137	1.0	-0.0122943915247	-0.00468145779907	0.0139682899889	-0.035134048792	-0.0094406872955	-0.0482655118898	-0.0349685003452	-0.0509206864072	0.0147412444791	0.00469339969919	-0.00895320589326	-0.00994162117913	0.00128543596932	-0.0508108244049	-0.0792584549528	0.045132586879	-0.0343586906339	-0.0103896033022	0.00516320610624	-0.0764834402136	0.037891195013	-0.0595677583091	-0.0481722936414	0.0285094530053	0.00653652433192	-0.010485045797	0.0354850081827	-0.0324425540882	-0.0301962782527	-0.0273208820006	-0.0293798091711	0.00274715010311	0.042741853181	0.00339012621338	-0.0572983989941	-0.00902074598802	-0.0320858090158	0.0334100575252	-0.0134048440661	0.00713641339926	0.00150752386138	0.0334959340143	0.00879169645291	-0.0482148359422	-0.0327029493374	0.00869268886103	-0.0345112341571	-0.0414646928849	-0.0307466650135	0.0773103545439
k__Bacteria;p__Bacteroidetes;c__Bacteroidia;o__Bacteroidales;f__Porphyromonadaceae;g__Parabacteroides;s__Parabacteroides_distasonis	-0.0320855752521	-0.00240522658735	-0.0291551664006	0.0074858046821	-0.0347920283574	-0.0155231551432	-0.0205824266712	-0.0103639597477	-0.0122943915247	1.0	0.0179404427557	-0.00356120570972	0.00921143032733	0.0323551677614	-0.0420363310407	0.0755297962809	-0.0541512766009	0.0165512200222	0.0119496276727	-0.0184953911209	0.0220123073408	-0.0345267195629	-0.022545029041	-0.0154786225709	-0.0245051186517	0.0595942255603	-0.0564252224434	-0.0457716848724	0.000706559273972	-0.0336147443004	-0.0171233584952	-0.00467922131051	-0.0154954973261	-0.0899793421519	0.00532038623722	-0.0197102037357	-0.0482891549381	-0.0332003767473	-0.0665983915238	-0.0468815470888	0.0202520242698	0.042844146269	-0.0118865396404	-0.0764238154488	-0.0327171880405	0.0468971946889	0.0108452983785	-0.0143244706984	-0.0226625490253	0.0375643052979	-0.0185170387199	0.00346750929596	0.0206230973417	-0.0199361532351	-0.0206073565	0.0130431886914	-0.0328571343166	-0.0401344653165	-0.0511754308424
k__Bacteria;p__Bacteroidetes;c__Bacteroidia;o__Bacteroidales;f__Bacteroidaceae;g__Bacteroides;s__Bacteroides_thetaiotaomicron	0.0479944197737	-0.0136810150922	-0.0137964111539	0.0313618850109	-0.0297001697968	-0.0207348618722	-0.00247478068147	-0.0555402841633	-0.00468145779907	0.0179404427557	1.0	-0.0793060502538	-0.034194199181	0.0512093978411	-0.0179095298626	-0.0229050919212	-0.058638603632	-0.00574376699949	0.0703795426434	0.0371511741117	-0.0369908574311	0.00485510998848	-0.0772403365277	-0.0336659170719	0.0436823482126	0.00731719479815	-0.00437583244263	-0.0139040018685	0.0463873067235	-0.0420909885936	1.44463930606e-06	0.0247105581331	0.0330172755055	-0.0185903567113	-0.00679814091033	0.0659408696061	-0.0358259812003	0.00626078677953	0.0116998660318	-0.0902496407077	0.025107425373	-0.00993220869992	0.0555659034981	-0.0280219395617	-0.0406947022429	-0.0272350746482	-0.0275451603949	-0.0508637171418	-0.0317876701235	0.0748303804245	-0.022538225075	-0.0226541551361	-0.0364855481389	0.00694967942443	0.0064987495555	-0.0116305264713	0.0353407317988	-0.0361113586196	0.0106760680966
k__Bacteria;p__Bacteroidetes;c__Bacteroidia;o__Bacteroidales;f__Bacteroidaceae;g__Bacteroides;s__Bacteroides_coprocola	-0.014741203666	-0.0167909286638	-0.0298673956587	0.034711047662	0.00118049461981	0.0362807766532	-0.0193738272721	0.0275669264757	0.0139682899889	-0.00356120570972	-0.0793060502538	1.0	-0.0432995014755	0.0334893095707	-0.0275581882327	0.0226596523186	0.054771942847	-0.0550691559852	-0.0376278097155	-0.025133102562	0.0348464949834	-0.0240070541329	-0.0456000896064	-0.0146468153516	-0.0324875505459	-0.0238619800286	0.0307537716445	-0.00488179717885	-0.0143009508721	-0.0114922568815	-0.0259897083313	-0.0304823711056	-0.0168128095474	0.0195227319852	-0.0031132915093	-0.0405686666245	-0.00590602947121	-0.0169705048949	-0.0246539650236	0.0152315411673	-0.035471968198	-0.0370248373124	0.0180694949449	0.00591144325263	0.00261322114807	-0.0184001240204	-0.00690971832775	-0.048045583211	-0.0434170665946	0.0875909814642	0.00380307105841	0.0286091115177	0.00129881467993	-0.0473484592431	-0.0241074656703	-0.0335942529205	-0.0389164776072	0.0635816079236	0.0143339839546
k__Bacteria;p__Bacteroidetes;c__Bacteroidia;o__Bacteroidales;f__Bacteroidaceae;g__Bacteroides;s__Bacteroides_cellulosilyticus	-0.00330496079718	0.00755690229193	-0.0456765817798	-0.0465992684909	0.0171327902218	0.0345924836085	-0.0505373911516	0.0460813280667	-0.035134048792	0.00921143032733	-0.034194199181	-0.0432995014755	1.0	0.0505989480746	-0.0117599057276	0.0345419092322	0.00748174266188	0.0526732420071	-0.0403502020928	-0.024891737515	0.0157759892625	-0.0596951817088	-0.00839111348005	-0.0109442480695	0.0489247542188	0.0627419339663	0.0641972117617	-0.0306857671357	-0.00549834922113	-0.017585615997	0.00425080727692	-0.025305145746	-0.0417690474381	0.0319308318919	-0.00620801661259	-0.0307679703708	0.0144252838898	0.00195503405525	-0.0259389955902	0.00765531505935	-0.0878677883639	-0.035507252371	0.0348990612661	0.028845318722	-0.0226044563844	-0.0492639311902	0.00122888494506	-0.00476529685789	0.0316710821396	0.0332531102206	-0.00685416387941	-0.0109214150206	0.0445425670144	0.0262755485127	-0.0232823374078	-0.0329437209777	-0.0456304868226	-0.039866038601	0.0216586240785
k__Bacteria;p__Bacteroidetes;c__Bacteroidia;o__Bacteroidales;f__Rikenellaceae;g__Alistipes;s__Alistipes_obesi	0.0316041558407	-0.090063233937	-0.0249379151353	-0.0249563632926	0.068825113394	-0.0166394538941	-0.0652958756305	-0.0727368168413	-0.0094406872955	0.0323551677614	0.0512093978411	0.0334893095707	0.0505989480746	1.0	-0.0804297270666	-0.011435966581	0.00877905614732	-0.0205992657414	0.00853408016184	0.0108886969173	-0.0322001735533	0.0618251835589	0.0255766236287	-0.0221693497241	0.0244949708757	-0.0260209975387	-0.0592777470734	-0.0069360597436	0.000306550659335	-0.0140480647364	-0.050926137507	0.0256336003887	0.0366059598315	0.0831608437719	-0.0549629060045	0.0356306664238	-0.0160864114242	0.00478733497686	-0.0339094922972	-0.0115267630511	0.0102638803848	-0.0254768610866	-0.0560348886501	0.0291600761854	-0.00401669687126	-0.00189360301262	0.00420491057831	-0.0555800955094	0.0314164127912	-0.0425220108191	0.00611881750157	-0.0114322160868	0.0470958339419	-0.00148086436993	-0.0801846511769	-0.0130329539992	0.0444592381133	0.018068501915	-0.00914821982148
k__Bacteria;p__Firmicutes;c__Clostridia;o__Clostridiales;f__Lachnospiraceae;g__;s__[Eubacterium]_rectale	0.00235305094364	-0.0276003781179	-0.0207838935059	-0.00787904833497	-0.0111463700753	-0.018402181991	-0.0219491607295	-0.0348223481963	-0.0482655118898	-0.0420363310407	-0.0179095298626	-0.0275581882327	-0.0117599057276	-0.0804297270666	1.0	0.0288796280632	0.0256552985671	-0.00146749136553	-0.0262133360297	-0.00947338555447	0.00195647396587	-0.0298880747642	0.0622536997841	0.0266759150306	0.00809779579544	0.0220108725298	0.0144925940759	0.0427342454925	0.0342039040849	0.011696346279	-0.0284478869461	-0.0435120746798	-0.00970846654878	-0.0470520508773	0.0498166571338	-0.0198060816503	-0.0730851305483	0.0121392540714	0.0404846672855	-0.0505780328348	0.0333539650779	-0.0637214279179	-0.0578323333917	-0.0634013025238	0.0726731599976	0.0161004856562	-0.0236910437522	-0.0282749228625	0.0158105695941	-0.0428419919357	-0.0319645519087	-0.00981947959314	-0.00961518909123	-0.0268031791796	-0.0604684957522	0.059203318073	0.0149615239753	-0.0420949700475	0.0395438915263
k__Bacteria;p__Bacteroidetes;c__Bacteroidia;o__Bacteroidales;f__Bacteroidaceae;g__Bacteroides;s__Bacteroides_plebeius	0.0116430507708	-0.00724486982019	-0.0522041003972	0.0157426927935	0.0195199392291	0.0108965671923	-0.02112371838	-0.0214356835152	-0.0349685003452	0.0755297962809	-0.0229050919212	0.0226596523186	0.0345419092322	-0.011435966581	0.0288796280632	1.0	-7.65273457301e-05	-0.0187006637728	-0.0633158067517	-0.060758664296	0.0177550947875	0.000812997410598	-0.00997916271426	-0.00888541809466	-0.0026535235892	0.00122046836452	-0.00908581724015	-0.0460429919721	-0.0108235498726	-0.0067947950897	0.0524945992363	-0.0815760937565	-0.0476938584075	0.0296386389898	-0.0840389943395	0.0149226829086	-0.0395484688201	-0.0106894420344	-0.0286053369429	0.0273920100312	-0.0445852993626	-0.0397179177762	0.0521509908071	0.019589171509	-0.0563107479767	0.0352319445124	-0.00676086205919	-0.00732832413018	0.109568374228	0.0560976701371	-0.0506637884328	-0.0491811793497	-0.0134186796322	-0.0703302655212	-0.0550174681482	-0.0222856498351	-0.015298435654	0.0650389995144	0.0241836343241
k__Bacteria;p__Bacteroidetes;c__Bacteroidia;o__Bacteroidales;f__Bacteroidaceae;g__Bacteroides;s__Bacteroides_fragilis	0.00108104706479	-0.0125561450725	0.0452769734444	0.00883006466094	0.00481104008565	-0.0405844451793	-0.0286258066475	-0.0254857027073	-0.0509206864072	-0.0541512766009	-0.058638603632	0.054771942847	0.00748174266188	0.00877905614732	0.0256552985671	-7.652734573e-05	1.0	-0.0207694377096	-0.0810439033268	-0.0118078861746	-0.0214086740639	-0.0714089610141	0.00980591141814	0.0150849913604	0.0282868371777	0.0467278950615	0.0151163516046	0.00953174348626	0.00455489570461	0.0340258120883	0.0147098394039	0.024508545238	-0.0410965759621	-0.0281919680897	-0.00539116680406	0.0906517708522	0.0201817140082	-0.0306979550748	0.0133999900289	-0.0141381318497	0.00850631191198	0.0654985412636	-0.0380757720474	-0.00338134715953	0.0866462703906	-0.0505569742012	-0.0279061065895	-0.0177105571365	0.0375111230405	0.0146793078946	-0.0187204233762	0.0511807442573	-0.0976011489469	-0.0368715874511	-0.0515491901212	0.00347966621328	-0.0202977892454	-0.00887782493782	0.0404924544846
k__Bacteria;p__Proteobacteria;c__Betaproteobacteria;o__Burkholderiales;f__Sutterellaceae;g__Sutterella;s__Sutterella_wadsworthensis	-0.0342339846427	-0.0185099450012	-0.0272328945347	-0.0229122563205	0.0572089991125	-0.0449767187705	0.0295525776158	0.0261004279594	0.0147412444791	0.0165512200222	-0.00574376699949	-0.0550691559852	0.0526732420071	-0.0205992657414	-0.00146749136553	-0.0187006637728	-0.0207694377096	1.0	-0.0316816751732	-0.0288858930401	0.0268122001052	-0.0377096974367	0.030490843014	0.0151280383809	0.00245061436766	0.029261541221	0.00507764077952	0.0146525604089	0.0265285558266	0.00642851409988	-0.0406036949187	-0.0588967481588	-0.0442997330225	0.042617814232	0.0075767686286	-0.0767850788909	0.0519984930245	-0.0570394091871	0.0153304366409	-0.00552791451255	0.00965717908769	0.0108995828822	-0.0563332086337	-0.014452620109	0.0310718212374	0.0143355643654	0.00273111873588	-0.00480721619501	0.0662393951928	-0.031785574012	-0.0885209354935	-0.0502240745231	-0.00702072226584	0.0361733924289	-0.00657647046123	-0.00920620925538	-0.0532809387081	-0.0623408644573	-0.00384149299247
k__Bacteria;p__Bacteroidetes;c__Bacteroidia;o__Bacteroidales;f__Porphyromonadaceae;g__Barnesiella;s__Barnesiella_intestinihominis	-0.0342487749447	-0.0549621782406	-0.00317935721071	-0.020920078096	-0.011982622788	-0.0539859834095	-0.0571581675855	0.0140802983687	0.00469339969919	0.0119496276727	0.0703795426434	-0.0376278097155	-0.0403502020928	0.00853408016184	-0.0262133360297	-0.0633158067517	-0.0810439033268	-0.0316816751732	1.0	-0.00600056114694	-0.029854629707	-0.0159459957339	0.0374305123278	-0.0164107682068	-0.0438073370075	-0.0015466216047	0.0311523526465	0.0462896657415	0.011818355151	0.113167876586	-0.0127305761304	0.0115830193984	-0.0421661895849	-0.00790556585526	-0.0183336054518	0.0326742085306	0.0358715516534	-0.0356066004457	-0.0595990931921	0.00215846106352	-0.00763100122235	-0.0221741476466	0.0405398665952	0.00892139538467	-0.0360855187244	-0.00962405166842	-0.0239996110403	-0.0555905891849	0.0181877111203	-0.00285677649131	0.0210192473448	-0.0519527768031	-0.0247460128556	0.0168008688314	-0.0367013932848	0.0262820733414	-0.00891948692422	-0.056665042334	0.0104891605398
k__Bacteria;p__Bacteroidetes;c__Bacteroidia;o__Bacteroidales;f__Odoribacteraceae;g__Odoribacter;s__Odoribacter_splanchnicus	0.0133309753274	0.0360921322142	-0.0233084017056	0.0153394022003	-0.0481591600023	0.0676793341419	0.0126267624045	-0.0113207280725	-0.00895320589326	-0.0184953911209	0.0371511741117	-0.025133102562	-0.024891737515	0.0108886969173	-0.00947338555447	-0.060758664296	-0.0118078861746	-0.0288858930401	-0.00600056114694	1.0	-0.0507499591789	0.0245145359494	0.0027899376506	-0.021221975716	-0.0306340350006	0.00671359305298	-0.00776902701711	0.00240017668772	0.0120891023168	-0.00646033246449	0.0382484203088	-0.0263582652428	-0.0156694337223	0.0164988782731	-0.00551985000094	0.0144381246286	-0.0150023436862	-0.0216610411714	0.0325009532089	0.0206479937407	-0.0569613327941	-0.00852459625936	-0.0135452537053	-0.0322950278675	-0.0457418648257	0.0230594141364	-0.0178845265702	-0.0712220411993	-0.0267076253756	0.0459606498119	0.0451229045564	-0.0118929163824	0.0355195675955	-0.00845674830042	-0.0221369802219	-0.0201048468516	0.0157182648994	-0.0337897974573	-0.0145609839153
k__Bacteria;p__Bacteroidetes;c__Bacteroidia;o__Bacteroidales;f__Bacteroidaceae;g__Bacteroides;s__Bacteroides_salyersiae	0.0453460283718	-0.0351644030594	0.00757569495236	-0.0687498248064	-0.0211886870624	-0.00686428789253	-0.0415223181931	0.0168759565601	-0.00994162117913	0.0220123073408	-0.0369908574311	0.0348464949834	0.0157759892625	-0.0322001735533	0.00195647396587	0.0177550947875	-0.0214086740639	0.0268122001052	-0.029854629707	-0.0507499591789	1.0	-0.05154843555	0.0103168616236	-0.0571640361364	-0.0221845689041	0.0475014130445	0.00595891361319	-0.0390470362137	0.00581872631875	-0.0219128610638	-0.00807233741164	0.0349699075644	-0.0801104549631	-0.0134664108811	0.00035790363654	-0.0686555528284	0.0422753449238	-0.0146918344192	-0.0395343248101	-0.0428620028299	0.0124432292837	-0.03088925678	0.03578681727	0.0286442719573	-0.0537333002741	-0.0302454517143	-0.0238177318043	-0.0443569728449	-0.0335371380859	-0.0303890077509	0.0324443493705	0.00497024495047	0.0389216464761	0.00523376809217	0.00601138430761	0.0161197155628	-0.018031147534	0.00762497274324	0.0440106707467
k__Bacteria;p__Firmicutes;c__Clostridia;o__Clostridiales;f__Ruminococcaceae;g__Ruminiclostridium;s__[Eubacterium]_siraeum	-0.0122586715677	0.0104472868689	-0.0228543833003	-0.0304736669008	0.0189506640338	-0.0319900431307	0.0205833567437	-0.0303756855825	0.00128543596932	-0.0345267195629	0.00485510998848	-0.0240070541329	-0.0596951817088	0.0618251835589	-0.0298880747642	0.000812997410598	-0.0714089610141	-0.0377096974367	-0.0159459957339	0.0245145359494	-0.05154843555	1.0	-0.0296801946103	-0.0425115851252	-0.0066019156476	-0.0204077096834	-0.0333611890626	0.00479500758921	0.0251986304917	-0.0446367853817	-0.0107216566492	-0.117071430094	0.00862163354585	-0.013356127079	0.0199208079771	-0.00701556167916	0.0616356033244	0.10148996848	-0.0235588583216	-0.0105889504826	0.0359732331829	0.0359546060189	-0.0460631156879	0.0225409162398	-0.0135517284899	-0.0765426342493	0.0140258030416	-0.0436648517049	0.0488467718025	0.0167706903567	0.0162080955717	-0.0326256289167	-0.0130009361429	-0.0475977579543	-0.0344733464179	-0.010710760591	0.00123942099334	0.0589095669277	0.0370445483524
k__Bacteria;p__Proteobacteria;c__Betaproteobacteria;o__Burkholderiales;f__Sutterellaceae;g__Parasutterella;s__Parasutterella_excrementihominis	0.0165703324797	0.0139792855418	-0.0449495282217	-0.0338612150037	-0.000635285829187	0.0441343286455	-0.0283470891633	-0.0274715468904	-0.0508108244049	-0.022545029041	-0.0772403365277	-0.0456000896064	-0.00839111348005	0.0255766236287	0.0622536997841	-0.00997916271426	0.00980591141814	0.030490843014	0.0374305123278	0.0027899376506	0.0103168616236	-0.0296801946103	1.0	-0.00807453013305	-0.0919695167308	0.00480568436473	-0.0261515404694	0.025970629669	-0.0204979260773	-0.0448524534056	-0.0454433227307	-0.0713681839443	-0.0448940616358	-0.0217104733013	0.0555825878937	0.0486893993773	0.0249607319588	-0.00868963226107	-0.0282516876849	0.00231699416895	-0.013237776332	0.0059904975022	-0.00827783474166	0.0275061265547	0.0398369324382	0.0986886724002	-0.0540250107716	0.0212440070332	0.00226028978476	-0.00511781020962	-0.0110268182059	-0.0555482706074	0.0332120117956	0.00893550685296	0.00791100512391	0.0245970956153	-0.0582340437046	-0.0914006209651	0.0452569488352
k__Bacteria;p__Actinobacteria;c__Actinobacteria;o__Bifidobacteriales;f__Bifidobacteriaceae;g__Bifidobacterium;s__Bifidobacterium_adolescentis	0.0364156207056	0.0206534262279	-0.00801509537722	-0.0134716796135	-0.0311142119328	-0.0292575197747	-0.0279437409461	-0.00614554830575	-0.0792584549528	-0.0154786225709	-0.0336659170719	-0.0146468153516	-0.0109442480695	-0.0221693497241	0.0266759150306	-0.00888541809466	0.0150849913604	0.0151280383809	-0.0164107682068	-0.021221975716	-0.0571640361364	-0.0425115851252	-0.00807453013305	1.0	-0.0412531681499	0.0297715468518	0.0475736280436	0.0671974170957	0.0160240171318	-0.0146116693889	-0.052554868152	0.0222348596203	-0.0304525432588	0.0345209337752	0.0761694362962	0.051646530843	-0.013181560368	-0.00318521725383	-0.0995241177742	0.0407813034015	-0.0233767944289	-0.00720651615188	0.000612719819083	-0.0178911619936	-0.0317088886541	0.0180667406798	-0.0814052814617	-0.00897024777019	0.0382977098745	0.0112429093619	0.0107155944082	0.010495973999	-0.0222160783241	0.0501963440211	-0.027338309801	-0.0768372469562	-0.0268705302575	-0.0157915204069	-0.0299483380868
k__Bacteria;p__Firmicutes;c__Clostridia;o__Clostridiales;f__Oscillospiraceae;g__Oscillibacter;s__Oscillibacter_sp._KLE_1745	-0.0740403431333	-0.0455526230619	-0.023602988342	-0.01652614736	0.03089073822	-0.0219548902595	-0.0263656718313	-0.0328614855523	0.045132586879	-0.0245051186517	0.0436823482126	-0.0324875505459	0.0489247542188	0.0244949708757	0.00809779579544	-0.0026535235892	0.0282868371777	0.00245061436766	-0.0438073370075	-0.0306340350006	-0.0221845689041	-0.0066019156476	-0.0919695167308	-0.0412531681499	1.0	-0.0401725282486	0.0501434990377	-0.0437396813459	0.0555565941009	-0.0270625389768	-0.0387001063862	0.0332425277832	0.00485385777364	0.0375935535136	0.000157845507355	-0.0100563537066	-0.00758438447611	-0.00348749648904	-0.00621209277201	-0.045020608171	-0.00977860696572	0.0671628828921	0.0261052757146	0.024789390128	0.0189938421978	-0.0454597116091	0.00674867726818	-0.00782303117275	-0.0328314143432	-0.0129939879161	0.0211600273006	-0.0566271964877	-0.00928286857398	-0.0495464416101	-0.0258428179479	-0.0408893573613	0.0388541918672	0.0128333777563	0.0571589253263
k__Bacteria;p__Bacteroidetes;c__Bacteroidia;o__Bacteroidales;f__Bacteroidaceae;g__Bacteroides;s__Bacteroides_coprophilus	-0.0912951138018	-0.0283904878367	-0.0151842670318	-0.00250949074384	-0.0523415961437	0.0193404161575	-0.0629817425575	0.018485148194	-0.0343586906339	0.0595942255603	0.00731719479815	-0.0238619800286	0.0627419339663	-0.0260209975387	0.0220108725298	0.00122046836452	0.0467278950615	0.029261541221	-0.0015466216047	0.00671359305298	0.0475014130445	-0.0204077096834	0.00480568436473	0.0297715468518	-0.0401725282486	1.0	-0.0213135299373	-0.0376619014756	0.00201818693612	0.0281876347019	-0.0187616002769	-0.00726426391928	-0.0200670639006	-0.0167221693585	0.0288540631957	-0.0559627071359	0.030636619407	-0.0269314736353	-0.0474343176628	-0.00664321616996	0.0422635043617	0.0402703642113	0.0104195077034	0.0194197899181	-0.0586352764948	-0.0122801309918	-0.0213211504152	-0.0286221574026	0.0296121130251	-0.0296353998823	0.0334522252585	-0.0475449211688	-0.0855347629206	-0.0131181552155	-0.0285434276353	0.0333993973892	0.0155642945732	0.0868117507858	0.0186872167001
k__Bacteria;p__Firmicutes;c__Clostridia;o__Clostridiales;f__Lachnospiraceae;g__Roseburia;s__Roseburia_intestinalis	-0.074282713963	0.0279050253942	0.00708360066597	0.0382541072214	-0.0784380149164	-0.0409660153133	-0.0543208509127	-0.0994510653057	-0.0103896033022	-0.0564252224434	-0.00437583244263	0.0307537716445	0.0641972117617	-0.0592777470734	0.0144925940759	-0.00908581724015	0.0151163516046	0.00507764077952	0.0311523526465	-0.00776902701711	0.00595891361319	-0.0333611890626	-0.0261515404694	0.0475736280436	0.0501434990377	-0.0213135299373	1.0	0.0223489125152	-0.0906971656912	-0.0379375911821	0.00268877760051	-0.0631827834566	-0.0184948592141	0.0311207403842	0.00177307107735	-0.0226660623042	0.068688015413	0.00450414920105	-0.0233288824387	0.0229982848819	-0.0672889342721	-0.0490006861292	-0.0243974849431	-0.063326743895	0.0269324096719	-0.0289799727027	-0.0283469298358	-0.0728198985827	-0.029050328123	0.0303107514944	-0.0360546023578	0.0477006870072	-0.0421038923391	0.0213287892518	0.0361938091398	0.0104789769466	-0.0215618152416	0.0521537596789	-0.00187318502477
k__Bacteria;p__Firmicutes;c__Clostridia;o__Clostridiales;f__Lachnospiraceae;g__Roseburia;s__Roseburia_hominis	-0.0322873118306	-0.0213637734093	-0.022655632885	-0.0802867591493	-0.0264245746891	-0.0164628909772	0.0130079678238	-0.0264988443343	0.00516320610624	-0.0457716848724	-0.0139040018685	-0.00488179717885	-0.0306857671357	-0.0069360597436	0.0427342454925	-0.0460429919721	0.00953174348626	0.0146525604089	0.0462896657415	0.00240017668772	-0.0390470362137	0.00479500758921	0.025970629669	0.0671974170957	-0.0437396813459	-0.0376619014756	0.0223489125152	1.0	0.0346187385042	0.052228244886	0.0356100544968	-0.0363196186544	0.0490092266672	-0.0287333597647	0.0935309146022	-0.0661298680679	-0.045674648135	-0.0011846484094	-0.0356000898734	-0.0440203289156	-0.0201294501907	0.0261437862277	0.00933654672477	-0.0315394326263	0.0439100868009	0.0272878798285	0.0433523441418	-0.0298152108266	-0.033055825478	0.0146821426533	-0.0731156895179	-0.0455158242866	0.0725195390595	0.0398330450866	-0.033100318105	-0.068343681252	0.0618348927724	0.0141289099036	-0.0320237910315
k__Bacteria;p__Bacteroidetes;c__Bacteroidia;o__Bacteroidales;f__Porphyromonadaceae;g__Parabacteroides;s__Parabacteroides_johnsonii	-0.0302574189523	-0.0533373595135	-0.0561353428839	0.00346913048598	0.0347652390184	-0.0321119330277	-0.0183725329441	-0.0120685280557	-0.0764834402136	0.000706559273972	0.0463873067235	-0.0143009508721	-0.00549834922113	0.000306550659335	0.0342039040849	-0.0108235498726	0.00455489570461	0.0265285558266	0.011818355151	0.0120891023168	0.00581872631875	0.0251986304917	-0.0204979260773	0.0160240171318	0.0555565941009	0.00201818693612	-0.0906971656912	0.0346187385042	1.0	0.00218405062358	-0.0140378562919	0.0126605506147	-0.0031349768491	0.00998579242422	-0.0437950875508	0.0165287874397	-0.0406954589346	-0.027945714119	0.0280445612823	-0.0209325484479	-0.00477618024961	-0.0572670844264	-0.0580437826252	-0.0455401860066	-0.0182989323757	-0.0354724361494	-0.00145215573692	-0.0267654467281	0.0216386237386	-0.00100049728361	0.0426740439737	-0.0386125462772	-0.0512961668835	0.0567210806564	0.0127416812042	0.053199514437	-0.0350803396794	-0.0133302640521	-0.00325684691246
k__Bacteria;p__Actinobacteria;c__Actinobacteria;o__Bifidobacteriales;f__Bifidobacteriaceae;g__Bifidobacterium;s__Bifidobacterium_longum	-0.0302031376995	-0.0118978063939	0.025819670445	0.0455700914751	-0.0198019749985	0.0130287102163	-0.0240373623863	-0.0305800337857	0.037891195013	-0.0336147443004	-0.0420909885936	-0.0114922568815	-0.017585615997	-0.0140480647364	0.011696346279	-0.00679479508971	0.0340258120883	0.00642851409988	0.113167876586	-0.00646033246449	-0.0219128610638	-0.0446367853817	-0.0448524534056	-0.0146116693889	-0.0270625389768	0.0281876347019	-0.0379375911821	0.052228244886	0.00218405062358	1.0	-0.0107430715165	-0.0221914106141	0.016958094866	-0.00530718672049	-0.0488599774013	0.0175596411358	0.0207777415328	-0.0345153120736	-0.0185468878655	-0.0352105746744	-0.0018209960726	-0.0347703345918	-0.0257550667863	0.00222943167603	-0.00799658415591	0.0307142304538	-0.0157791324711	-0.067624558655	-0.00235017176473	0.0133318249436	-0.0506039564759	-0.00328111784226	-0.00913897166582	0.0792138671331	-0.0194891007162	-0.0228544472316	-0.0523301531445	-0.00103372554706	-0.0170170174958
