#taxonomy	k__Bacteria;p__Bacteroidetes;c__Bacteroidia;o__Bacteroidales;f__Bacteroidaceae;g__Bacteroides;s__Bacteroides_vulgatus	k__Bacteria;p__Bacteroidetes;c__Bacteroidia;o__Bacteroidales;f__Bacteroidaceae;g__Bacteroides;s__Bacteroides_uniformis	k__Bacteria;p__Bacteroidetes;c__Bacteroidia;o__Bacteroidales;f__Rikenellaceae;g__Alistipes;s__Alistipes_putredinis	k__Bacteria;p__Bacteroidetes;c__Bacteroidia;o__Bacteroidales;f__Prevotellaceae;g__Prevotella;s__Prevotella_copri	k__Bacteria;p__Bacteroidetes;c__Bacteroidia;o__Bacteroidales;f__Bacteroidaceae;g__Bacteroides;s__Bacteroides_stercoris	k__Bacteria;p__Bacteroidetes;c__Bacteroidia;o__Bacteroidales;f__Bacteroidaceae;g__Bacteroides;s__Bacteroides_ovatus	k__Bacteria;p__Bacteroidetes;c__Bacteroidia;o__Bacteroidales;f__Rikenellaceae;g__Alistipes;s__Alistipes_shahii	k__Bacteria;p__Firmicutes;c__Clostridia;o__Clostridiales;f__Ruminococcaceae;g__Faecalibacterium;s__Faecalibacterium_prausnitzii	k__Bacteria;p__Bacteroidetes;c__Bacteroidia;o__Bacteroidales;f__Rikenellaceae;g__Alistipes;s__Alistipes_finegoldii	k__Bacteria;p__Bacteroidetes;c__Bacteroidia;o__Bacteroidales;f__Porphyromonadaceae;g__Parabacteroides;s__Parabacteroides_distasonis	k__Bacteria;p__Bacteroidetes;c__Bacteroidia;o__Bacteroidales;f__Bacteroidaceae;g__Bacteroides;s__Bacteroides_thetaiotaomicron	k__Bacteria;p__Bacteroidetes;c__Bacteroidia;o__Bacteroidales;f__Bacteroidaceae;g__Bacteroides;s__Bacteroides_coprocola	k__Bacteria;p__Bacteroidetes;c__Bacteroidia;o__Bacteroidales;f__Bacteroidaceae;g__Bacteroides;s__Bacteroides_cellulosilyticus	k__Bacteria;p__Bacteroidetes;c__Bacteroidia;o__Bacteroidales;f__Rikenellaceae;g__Alistipes;s__Alistipes_obesi	k__Bacteria;p__Firmicutes;c__Clostridia;o__Clostridiales;f__Lachnospiraceae;g__;s__[Eubacterium]_rectale	k__Bacteria;p__Bacteroidetes;c__Bacteroidia;o__Bacteroidales;f__Bacteroidaceae;g__Bacteroides;s__Bacteroides_plebeius	k__Bacteria;p__Bacteroidetes;c__Bacteroidia;o__Bacteroidales;f__Bacteroidaceae;g__Bacteroides;s__Bacteroides_fragilis	k__Bacteria;p__Proteobacteria;c__Betaproteobacteria;o__Burkholderiales;f__Sutterellaceae;g__Sutterella;s__Sutterella_wadsworthensis	k__Bacteria;p__Bacteroidetes;c__Bacteroidia;o__Bacteroidales;f__Porphyromonadaceae;g__Barnesiella;s__Barnesiella_intestinihominis	k__Bacteria;p__Bacteroidetes;c__Bacteroidia;o__Bacteroidales;f__Odoribacteraceae;g__Odoribacter;s__Odoribacter_splanchnicus	k__Bacteria;p__Bacteroidetes;c__Bacteroidia;o__Bacteroidales;f__Bacteroidaceae;g__Bacteroides;s__Bacteroides_salyersiae	k__Bacteria;p__Firmicutes;c__Clostridia;o__Clostridiales;f__Ruminococcaceae;g__Ruminiclostridium;s__[Eubacterium]_siraeum	k__Bacteria;p__Proteobacteria;c__Betaproteobacteria;o__Burkholderiales;f__Sutterellaceae;g__Parasutterella;s__Parasutterella_excrementihominis	k__Bacteria;p__Actinobacteria;c__Actinobacteria;o__Bifidobacteriales;f__Bifidobacteriaceae;g__Bifidobacterium;s__Bifidobacterium_adolescentis	k__Bacteria;p__Firmicutes;c__Clostridia;o__Clostridiales;f__Oscillospiraceae;g__Oscillibacter;s__Oscillibacter_sp._KLE_1745	k__Bacteria;p__Bacteroidetes;c__Bacteroidia;o__Bacteroidales;f__Bacteroidaceae;g__Bacteroides;s__Bacteroides_coprophilus	k__Bacteria;p__Firmicutes;c__Clostridia;o__Clostridiales;f__Lachnospiraceae;g__Roseburia;s__Roseburia_intestinalis	k__Bacteria;p__Firmicutes;c__Clostridia;o__Clostridiales;f__Lachnospiraceae;g__Roseburia;s__Roseburia_hominis	k__Bacteria;p__Bacteroidetes;c__Bacteroidia;o__Bacteroidales;f__Porphyromonadaceae;g__Parabacteroides;s__Parabacteroides_johnsonii	k__Bacteria;p__Actinobacteria;c__Actinobacteria;o__Bifidobacteriales;f__Bifidobacteriaceae;g__Bifidobacterium;s__Bifidobacterium_longum	k__Bacteria;p__Firmicutes;c__Clostridia;o__Clostridiales;f__;g__Flavonifractor;s__Flavonifractor_plautii	k__Bacteria;p__Firmicutes;c__Clostridia;o__Clostridiales;f__Clostridiaceae;g__Clostridium;s__Clostridium_phoceensis	k__Bacteria;p__Verrucomicrobia;c__Verrucomicrobiae;o__Verrucomicrobiales;f__Akkermansiaceae;g__Akkermansia;s__Akkermansia_muciniphila	k__Bacteria;p__Bacteroidetes;c__Bacteroidia;o__Bacteroidales;f__Prevotellaceae;g__Paraprevotella;s__Paraprevotella_xylaniphila	k__Bacteria;p__Firmicutes;c__Clostridia;o__Clostridiales;f__Ruminococcaceae;g__Ruminococcus;s__Ruminococcus_callidus	k__Bacteria;p__Bacteroidetes;c__Bacteroidia;o__Bacteroidales;f__Rikenellaceae;g__Alistipes;s__Alistipes_senegalensis	k__Bacteria;p__Firmicutes;c__Clostridia;o__Clostridiales;f__Lachnospiraceae;g__Blautia;s__Blautia_sp._KLE_1732	k__Bacteria;p__Bacteroidetes;c__Bacteroidia;o__Bacteroidales;f__Bacteroidaceae;g__Bacteroides;s__Bacteroides_oleiciplenus	k__Bacteria;p__Firmicutes;c__Clostridia;o__Clostridiales;f__Ruminococcaceae;g__Ruminococcus;s__Ruminococcus_bicirculans	k__Bacteria;p__Bacteroidetes;c__Bacteroidia;o__Bacteroidales;f__Bacteroidaceae;g__Bacteroides;s__Bacteroides_fluxus	k__Bacteria;p__Bacteroidetes;c__Bacteroidia;o__Bacteroidales;f__Prevotellaceae;g__Prevotella;s__Prevotella_stercorea	k__Bacteria;p__Firmicutes;c__Clostridia;o__Clostridiales;f__Lachnospiraceae;g__Dorea;s__Dorea_longicatena	k__Bacteria;p__Firmicutes;c__Clostridia;o__Clostridiales;f__Eubacteriaceae;g__Eubacterium;s__[Eubacterium]_eligens	k__Bacteria;p__Firmicutes;c__Clostridia;o__Clostridiales;f__Ruminococcaceae;g__;s__Ruminococcaceae_bacterium_D16	k__Bacteria;p__Firmicutes;c__Clostridia;o__Clostridiales;f__Lachnospiraceae;g__Coprococcus;s__Coprococcus_comes	k__Bacteria;p__Proteobacteria;c__Gammaproteobacteria;o__Enterobacterales;f__Enterobacteriaceae;g__Escherichia;s__Escherichia_coli	k__Bacteria;p__Firmicutes;c__Clostridia;o__Clostridiales;f__Ruminococcaceae;g__Anaerotruncus;s__Anaerotruncus_colihominis	k__Bacteria;p__Firmicutes;c__Clostridia;o__Clostridiales;f__Lachnospiraceae;g__Blautia;s__Blautia_obeum	k__Bacteria;p__Bacteroidetes;c__Bacteroidia;o__Bacteroidales;f__Odoribacteraceae;g__Odoribacter;s__Odoribacter_laneus	k__Bacteria;p__Firmicutes;c__Clostridia;o__Clostridiales;f__Ruminococcaceae;g__Ruminiclostridium;s__[Clostridium]_leptum	k__Bacteria;p__Bacteroidetes;c__Bacteroidia;o__Bacteroidales;f__Porphyromonadaceae;g__Parabacteroides;s__Parabacteroides_goldsteinii	k__Bacteria;p__Firmicutes;c__Clostridia;o__Clostridiales;f__Lachnospiraceae;g__Anaerostipes;s__Anaerostipes_hadrus	k__Bacteria;p__Firmicutes;c__Clostridia;o__Clostridiales;f__Ruminococcaceae;g__Ruminococcus;s__Ruminococcus_lactaris	k__Bacteria;p__Firmicutes;c__Clostridia;o__Clostridiales;f__Clostridiaceae;g__Clostridium;s__Clostridium_sp._L2-50	k__Bacteria;p__Firmicutes;c__Clostridia;o__Clostridiales;f__Clostridiaceae;g__Clostridium;s__Clostridium_sp._M62/1	k__Bacteria;p__Firmicutes;c__Clostridia;o__Clostridiales;f__;g__Intestinimonas;s__Intestinimonas_butyriciproducens	k__Bacteria;p__Actinobacteria;c__Actinobacteria;o__Bifidobacteriales;f__Bifidobacteriaceae;g__Bifidobacterium;s__Bifidobacterium_bifidum	k__Bacteria;p__Firmicutes;c__Negativicutes;o__Veillonellales;f__Veillonellaceae;g__Dialister;s__Dialister_invisus	k__Bacteria;p__Bacteroidetes;c__Bacteroidia;o__Bacteroidales;f__Bacteroidaceae;g__Bacteroides;s__Bacteroides_salanitronis
k__Bacteria;p__Bacteroidetes;c__Bacteroidia;o__Bacteroidales;f__Bacteroidaceae;g__Bacteroides;s__Bacteroides_vulgatus	1.0	-0.0323524061871	0.051971009625	-0.0147998072343	0.0096617223362	0.0456017462159	-0.0696890578927	0.0269142621744	0.00584032564932	-0.0451723048126	-0.050585919154	-0.0400208169382	0.044788813619	0.0400785383392	-0.0403477179651	-0.0250122231937	0.000198409958498	-0.0317152456827	-0.00751949821249	-0.0762575886634	0.0537799898908	-0.0247217183529	-0.0436300306027	0.00133483845226	-0.0129251009373	0.00969242634043	0.0459801247357	0.0103520303579	-0.0165097036446	0.00406608222284	-0.0446176468831	-0.00512967066919	-0.0384344996354	-0.00797807288714	-0.000330190246816	-0.0484218523469	-0.00119522986228	0.0104195211912	-0.0146243049222	-0.0143497966927	-0.0345067277243	-0.0641892386301	0.0122955642086	0.030641112541	-0.0340964624441	-0.0235226400135	0.00346776919269	-0.0305095956643	-0.0271087367963	0.0166590676547	-0.0482588621761	-0.017269712156	0.0157077325959	0.0277108152859	-0.0069656947013	0.024776716061	0.0174752721216	0.0754303331867	0.00894577336344
k__Bacteria;p__Bacteroidetes;c__Bacteroidia;o__Bacteroidales;f__Bacteroidaceae;g__Bacteroides;s__Bacteroides_uniformis	-0.0323524061871	1.0	0.00784059988529	0.00796061426176	-0.0626127280667	-0.0135958963983	-0.002160174645	0.0383322428513	-0.00410569281571	0.0084062528172	-0.0496468434103	-0.0386510583442	0.00845052971735	-0.0153304465555	-0.0557244474476	-0.0151665140453	-0.0130872367811	-0.00107373381464	0.0678063046001	0.0167566439788	-0.00475587565831	-0.011012136333	-0.0301694808236	0.00431415443601	-0.000876868082394	-0.0388736613156	-0.00426406849496	0.005727662912	0.0236115194873	-0.0278151380898	-0.020280749702	0.0360171729341	-0.00928472138949	-0.0152705044837	-0.0435489368361	0.0409616934012	-0.0235823588376	0.048284600931	0.0110449050543	-0.0361581298073	-0.0810523597083	0.013799212703	0.0369368191548	0.0390253410478	0.0131891698058	-0.0325419335018	-0.0245419168411	0.0185711743008	-0.0463951039234	-0.00164911118676	0.0159175100436	-0.0160288105147	-0.0368792732292	0.0063131754298	0.0622484995173	-0.0525459559213	-0.0411967203975	-0.0316142290288	-0.0781920065058
k__Bacteria;p__Bacteroidetes;c__Bacteroidia;o__Bacteroidales;f__Rikenellaceae;g__Alistipes;s__Alistipes_putredinis	0.051971009625	0.00784059988529	1.0	-0.0353261991403	0.0482499050561	-0.0385803370431	-0.0472060632433	-0.0254178010153	-0.0169075506449	-0.0294015159152	-0.0113683302127	-0.054738911113	-0.0180437410934	0.0420879716021	-0.0446131030626	-0.0284442331283	0.0139069658494	-0.0351892564662	-0.0231301981273	-0.0510560940915	0.0856887951643	-0.0629391101944	0.0276262268989	-0.0411981396301	-0.00288741184377	0.0356251687345	-0.000536423940624	0.0404535709408	0.00407333810595	-0.0175220278847	-0.00741630306877	-0.0264834996737	-0.0418473182423	-0.00458493819287	0.00257732030126	0.0436965029271	-0.0067210441922	-0.0124293461546	0.00448507928786	0.0214715409805	0.021217339079	-0.0415920355294	-0.0425639009779	-0.0723470915742	0.014001915811	0.00562873622334	0.020314914058	0.0766189649303	0.0595655926995	-0.0187397108703	0.00994632538764	0.0330948643209	-0.0662230987994	0.0300579571434	0.0628269541752	0.0353448257005	-0.0384683120406	-0.0522127753139	0.0304841967681
k__Bacteria;p__Bacteroidetes;c__Bacteroidia;o__Bacteroidales;f__Prevotellaceae;g__Prevotella;s__Prevotella_copri	-0.0147998072343	0.00796061426176	-0.0353261991403	1.0	0.00491595232469	-0.00931782337064	-0.0456755051226	0.0446949385543	0.00232128562758	0.0336245546059	-0.0410424457098	0.0166127373375	-0.0121377527728	0.011515279454	0.00067857299569	-0.0304771889761	0.00364675930796	-0.0752826180715	-0.0265741143286	-0.00224390836247	0.0142358103768	0.00266101233046	-0.0365204337006	0.0120977814929	-0.0478067283336	-0.00836128911874	0.0392112689789	-0.00414121575142	0.00920667760916	-0.0354640191552	-0.0440637553255	-0.0557445093118	0.013251418692	-0.0147682742769	-0.00788470507159	0.0265679271296	-0.0214490069717	-0.0273325035592	-0.0222448682172	-0.0112746360367	-0.0222128683684	0.0222959678429	-0.0310114886897	-0.0201655328013	-0.0566310223508	0.021209454054	-0.00525135110026	0.00362323815046	0.0386542742219	-0.0255457583084	0.00735782232452	-0.024913135975	0.00976711336689	0.0166476950355	-0.00479904876357	-0.037022842847	-0.018919364909	0.0103395839924	0.0229166246648
k__Bacteria;p__Bacteroidetes;c__Bacteroidia;o__Bacteroidales;f__Bacteroidaceae;g__Bacteroides;s__Bacteroides_stercoris	0.0096617223362	-0.0626127280667	0.0482499050561	0.00491595232469	1.0	-0.0510094509924	-0.012904015379	0.0477532089284	-0.0238394176408	-0.0183910209311	-0.0197449280237	0.0409417834593	-0.00624910241898	-0.0654848902658	-0.00356844795882	0.0337975916937	-0.0496024163314	0.00630996818664	0.0509259235209	0.0369140775027	0.00198076957932	-0.0564270392069	-0.0442522111584	-0.0603520645971	-0.0605545303092	0.030871928403	-0.0103356491616	-0.00367137506556	-0.0551253455422	-0.00398904867142	-0.0595331712661	0.0343587726285	0.0169032746944	0.03068487616	-0.0251595807014	0.014164571541	0.0276768236886	-0.0378065247586	-0.00134554307864	-0.0457611221813	0.0068582511326	-0.00873541205424	-0.0137957663327	-0.0250305877071	-0.0359628536443	0.0464974556161	-0.0385253222226	-0.0624946864314	-0.0479647369698	0.0532979272396	-0.0278909207746	-0.0539217644387	0.0322753952963	0.0343184464117	0.0110061699229	0.0488198013028	0.0317236600457	0.0131261020048	0.0268158868061
k__Bacteria;p__Bacteroidetes;c__Bacteroidia;o__Bacteroidales;f__Bacteroidaceae;g__Bacteroides;s__Bacteroides_ovatus	0.0456017462159	-0.0135958963983	-0.0385803370431	-0.00931782337064	-0.0510094509924	1.0	-0.0413905540206	0.0145952743147	-0.0370945709837	-0.0407438436453	0.017797769043	-0.0852550897297	-0.056261695989	-0.0449641672101	-0.00221982119255	-0.0161488829455	0.0324767841457	0.0117444659556	0.000436283615169	0.0193521139037	0.000942071319801	-0.0133391364094	-0.0846782101181	-0.0202223833081	0.034042604926	-0.0160662113605	0.0295352672626	-0.0115199534119	0.00257877707955	0.0325721912094	0.0115572463436	-0.0222163501781	-0.029640595219	-0.0266016366738	0.0100071646867	0.0140430141764	-0.024132167601	0.00806353941565	0.0324540925262	-0.0142596850364	-0.0103453729962	-0.0136889731362	-0.00329878102957	-0.0162104164555	0.0513137255878	0.00913559847558	0.0126422635612	0.0370207565505	-0.0279301063305	0.0155933061644	0.0383156036013	-0.00563523242521	-0.00252387951901	0.057635856241	0.0319462287993	-0.0494527469947	0.0218793577745	-0.0438913057598	-0.0437434428333
k__Bacteria;p__Bacteroidetes;c__Bacteroidia;o__Bacteroidales;f__Rikenellaceae;g__Alistipes;s__Alistipes_shahii	-0.0696890578927	-0.002160174645	-0.0472060632433	-0.0456755051226	-0.012904015379	-0.0413905540206	1.0	-0.0567106107893	-0.0183398623283	-0.000336123094734	-0.00903379327205	0.0295029803202	0.00753470378388	0.0118025387454	-0.0261963418583	-0.0260297069873	-0.00646803811154	-0.0526905268303	0.000787483280159	0.0488569450599	0.0408800433046	-0.00313556881914	-0.0241019566545	-0.00299113672637	0.0186690914087	-0.0102068316383	-0.0163022115098	-0.0592257826457	0.00676428603395	0.00131887214121	-0.030851070644	0.00537029213265	0.0248404512323	-0.0276558094987	0.00288007794703	-0.0440466467973	-0.0516807580868	-0.0324700661257	-0.0359657145819	0.0306740299934	0.0939151484385	0.0415756786578	-0.0370728170118	-0.0449739594189	-0.0176342003971	0.0722926011958	-0.0348897935208	0.0252192969759	-0.00282950572261	0.0360873162728	-0.0253399297783	-0.0196144803532	0.0365572605033	-0.000500441784117	-0.0123266863729	0.0422262973319	0.0398947438127	0.00499127376907	-0.0821307870414
k__Bacteria;p__Firmicutes;c__Clostridia;o__Clostridiales;f__Ruminococcaceae;g__Faecalibacterium;s__Faecalibacterium_prausnitzii	0.0269142621744	0.0383322428513	-0.0254178010153	0.0446949385543	0.0477532089284	0.0145952743147	-0.0567106107893	1.0	0.017075730377	-0.013280365844	-0.0231254674345	0.0179562725593	0.00384915239012	0.0237984218579	0.0524524121194	0.018830683815	0.0157893106196	0.00484178154338	0.00277942166435	0.0403331394445	0.0301218109237	-0.0366230194694	-0.01441391539	-0.0104803004697	-0.0635073424543	-0.0356064759272	-0.054406508966	0.00795230475661	-0.0242739753555	0.00973978527582	-0.0392789494225	0.0212998286839	0.0438913019626	-0.00655890757454	0.0341220833343	0.0363949746952	-0.0336214671762	-0.0848960735838	-0.0347648687919	-0.0506191310896	0.0692558275024	-0.0117632039267	0.0473703509601	-0.0157809630076	0.00555326186059	-0.0271707044281	-0.0469755858708	-0.0460258817607	-0.059287600183	-0.0209570322458	-0.0280474408966	-0.0266906944894	0.0115054056532	0.0204591351369	-0.00795979936207	-0.0482307266474	0.0355239014454	-0.0129279475806	-0.0978600769516
k__Bacteria;p__Bacteroidetes;c__Bacteroidia;o__Bacteroidales;f__Rikenellaceae;g__Alistipes;s__Alistipes_finegoldii	0.00584032564932	-0.00410569281571	-0.0169075506449	0.00232128562758	-0.0238394176408	-0.0370945709837	-0.0183398623283	0.017075730377	1.0	0.00420009839071	0.0265658328802	0.016122309237	-0.0544032965656	-0.00413086948287	0.00317931599205	-0.0313886981175	0.00870192190626	-0.0320287542667	-0.00459170888692	0.00959970022967	0.0344898464393	0.023614647388	0.0172186689342	0.0395693027039	-0.0269339567557	0.019582534511	-0.0184792118332	-0.0331527679713	-0.0819647708332	-0.0306605539919	-0.0253904102282	0.00923903778265	0.0473801639114	-0.0150383123021	-0.0083997605923	0.00518227564053	0.00042378550693	-0.0211570981941	0.00991425224955	0.0240016780566	0.00882487672587	-0.01985228137	-0.055928511014	-0.0367526707874	-0.062036810321	0.0270852100056	0.0439155865342	-0.00523303025676	-0.00746009123499	0.022995622882	-0.0140049411304	-0.0042207910431	0.00567611585888	-0.0180967467415	-0.00873808740835	-0.0107428165962	-0.0122722616458	0.0130864217151	0.0333652110367
k__Bacteria;p__Bacteroidetes;c__Bacteroidia;o__Bacteroidales;f__Porphyromonadaceae;g__Parabacteroides;s__Parabacteroides_distasonis	-0.0451723048126	0.0084062528172	-0.0294015159152	0.0336245546059	-0.0183910209311	-0.0407438436453	-0.000336123094734	-0.013280365844	0.00420009839071	1.0	-0.000788690006984	-0.0455784937552	-0.0148885027986	-0.0468736962233	-0.000732823025855	0.0100759153532	-0.0423953347213	-0.040512572349	0.0207804196128	0.0205418091366	-0.0150457762857	0.0164330844278	-0.0517867564934	-0.00739309292203	0.0103871642755	-0.0465152094613	-0.0313557893504	-0.0419910967622	-0.023532640029	-0.044991455051	-0.00392719561785	0.0124407072693	0.0264243837133	-0.00918149001877	0.0606001642856	-0.00792530767901	0.0195923604012	-0.00640665765972	0.0379095046854	-0.0292993271826	-0.00155616324714	0.0508176457761	0.0141445714747	0.0409955817673	0.0175766317919	-0.0187488331291	-0.019284574356	-0.0031158382618	-0.0160861029765	-0.0355223028191	0.00134088055255	-0.00678502910081	-0.0193742491073	-0.0128213414963	-0.022225397765	-0.00346842963995	-0.0524398163957	0.0259605740105	0.00479418244595
k__Bacteria;p__Bacteroidetes;c__Bacteroidia;o__Bacteroidales;f__Bacteroidaceae;g__Bacteroides;s__Bacteroides_thetaiotaomicron	-0.050585919154	-0.0496468434103	-0.0113683302127	-0.0410424457098	-0.0197449280237	0.017797769043	-0.00903379327205	-0.0231254674345	0.0265658328802	-0.000788690006984	1.0	0.0114099514462	-0.00174765673924	0.0050118146243	-0.0180130065617	0.0442898059993	0.00192471626211	0.0320388961156	0.0630583620981	-0.0475914794928	-0.0602010770067	0.00462099584297	0.0049255604826	-0.003314113635	0.031796643313	0.0290548762578	-0.0336508858897	-0.0468296636317	-0.00255762065	0.0209218102008	-0.00352082435771	-0.0274528830411	0.00316095657645	-0.0160551773389	0.0479688344669	-0.00125484817422	-0.00809390223093	-0.0100568489023	-0.00072805415078	-0.0191220601221	0.00188904964189	-0.050758691406	0.0430302724024	-0.0124327448516	-0.0113091915095	-0.00998446189969	0.0504169056166	-0.0267115667208	-0.0123778141672	0.00669079592499	-0.00429569809164	-0.0359893002628	-0.00398390987458	0.0121235511514	-0.0189948857146	-0.0174326252045	0.0450025829994	-0.00685297266702	-0.00193530691122
k__Bacteria;p__Bacteroidetes;c__Bacteroidia;o__Bacteroidales;f__Bacteroidaceae;g__Bacteroides;s__Bacteroides_coprocola	-0.0400208169382	-0.0386510583442	-0.054738911113	0.0166127373375	0.0409417834593	-0.0852550897297	0.0295029803202	0.0179562725593	0.016122309237	-0.0455784937552	0.0114099514462	1.0	0.0623939129126	-0.0236145462662	-0.0521258694768	-0.0287973882273	-0.014365611113	0.0507729312892	-0.00393360611709	-0.00430167124081	-0.0463670359876	-0.00183482286571	0.00993317623485	0.05471490681	-0.00472486198103	-0.0278995333519	-0.00398736102819	0.00314889249002	0.00905593250504	-0.00197507223027	0.0366492568935	0.0453301642153	-0.00572438212346	0.00106284544706	0.0106218322589	0.0049559219447	-0.0489478580123	-0.0727946475187	0.0100112115745	-0.0179144844306	0.0502798769398	-0.0413064469985	-0.00232590934349	0.00933020120873	0.00037502044236	-0.0315558050447	-0.0241644104053	-0.0212543051427	0.0141883401239	0.048935712577	0.00806909963254	0.0468195137401	-0.0225655519736	0.0664091454705	0.0146831761911	-0.0185405567208	0.0227570832417	-0.0504270043573	-0.0321674258405
k__Bacteria;p__Bacteroidetes;c__Bacteroidia;o__Bacteroidales;f__Bacteroidaceae;g__Bacteroides;s__Bacteroides_cellulosilyticus	0.044788813619	0.00845052971735	-0.0180437410934	-0.0121377527728	-0.00624910241898	-0.056261695989	0.00753470378388	0.00384915239012	-0.0544032965656	-0.0148885027986	-0.00174765673924	0.0623939129126	1.0	-0.0366568465364	-0.00261355358329	0.0078295542226	-0.0779451374251	-0.0155509511355	-0.00990461948558	-0.078175875816	-0.104697847587	-0.00525327184113	-0.0146811552407	0.0467441532201	0.0213836309849	0.0168386291956	0.0330603177617	0.00211563815677	0.00134405101919	0.07359207205	-0.0540548544089	-0.0266200964805	0.00228054705964	-0.00964737073361	-0.034305942294	-0.0637858585251	0.0655629273853	-0.0707312991906	0.0177006068752	0.0380040908226	-0.027488835615	-0.0217963609412	0.0171272307445	-0.0218991185032	0.0277909009518	-0.0518126327813	-0.00496767984853	-0.0250185135653	-0.0169339176341	-0.0228414382901	-0.00522579522212	0.0186337012737	0.00730944285929	-0.0291292739683	-0.0317265173946	-0.00673241444689	-0.0189906018151	-0.0672348704901	0.0334820052085
k__Bacteria;p__Bacteroidetes;c__Bacteroidia;o__Bacteroidales;f__Rikenellaceae;g__Alistipes;s__Alistipes_obesi	0.0400785383392	-0.0153304465555	0.0420879716021	0.011515279454	-0.0654848902658	-0.0449641672101	0.0118025387454	0.0237984218579	-0.00413086948287	-0.0468736962233	0.0050118146243	-0.0236145462662	-0.0366568465364	1.0	0.012342211309	-0.0487255798018	0.00632949006286	-0.0368130395151	-0.0120765322649	-0.0112092284317	-0.025130616853	0.0184353993656	0.0337623062333	0.00552390944702	-0.00390217699762	0.0213790094507	-0.0425757220984	-0.0684788322364	-0.0222352308556	-0.0149258410529	0.0220889499463	0.0229100296936	0.0393042365169	0.036939786135	-0.00545545644469	0.019529551461	0.0122238198747	-0.00475078003008	-0.00346350686794	-0.00178322476267	0.0318115762924	0.0645828579522	-0.0414387856336	0.00121089816903	0.0176601351294	0.00752268548257	-0.0157117745913	-0.0157404739802	-0.00571147857285	-0.000247333918129	0.00524083080602	-0.0518802464142	-0.00562327772276	-0.0068110535682	-0.0440768257841	-0.0343791926298	-0.012138865283	0.010323453739	-0.0496399102752
k__Bacteria;p__Firmicutes;c__Clostridia;o__Clostridiales;f__Lachnospiraceae;g__;s__[Eubacterium]_rectale	-0.0403477179651	-0.0557244474476	-0.0446131030626	0.000678572995689	-0.00356844795882	-0.00221982119255	-0.0261963418583	0.0524524121194	0.00317931599205	-0.000732823025855	-0.0180130065617	-0.0521258694768	-0.00261355358329	0.012342211309	1.0	0.031418040444	-0.00137436471057	-0.00123035410749	0.0193645134844	0.00800384205272	0.0019497640454	-0.0186051050213	0.0158843272215	0.00642725549737	0.0196278781529	0.018321643461	0.0312611297209	-0.00111605705204	0.0136494156046	-0.00279537821157	-0.0274138938467	-0.0253204590711	0.0178419388582	-0.058917453997	0.00256142471168	-0.0313792782529	0.00507227353092	-0.0335874862363	-0.0389442709906	-0.00342682931685	-0.0271319053611	0.00983818881251	0.0165286133702	-0.0208816546107	-0.0015642786304	-0.0374103316907	-0.000334090580509	0.0041144795496	0.00907973014063	0.0205049535944	-0.0395533185713	-0.0213444799733	-0.024364918246	-0.0218296390361	-0.0138983792084	-0.0112861132045	-0.0268620399731	0.00662503732649	-0.00638157901126
k__Bacteria;p__Bacteroidetes;c__Bacteroidia;o__Bacteroidales;f__Bacteroidaceae;g__Bacteroides;s__Bacteroides_plebeius	-0.0250122231937	-0.0151665140453	-0.0284442331283	-0.0304771889761	0.0337975916937	-0.0161488829455	-0.0260297069873	0.018830683815	-0.0313886981175	0.0100759153532	0.0442898059993	-0.0287973882273	0.0078295542226	-0.0487255798018	0.031418040444	1.0	0.0102394791021	-0.0352634375575	0.00930749546643	-0.0602833083172	0.0170057202044	-0.0112434118751	0.0330569653028	-0.0507368754927	-0.0383079992164	0.0667248660467	-0.0174951879759	0.00853172120851	0.0343167300771	0.0441395627608	-0.0149292948416	-0.0207478595992	-0.00185053273251	-0.0255040605589	0.0301290666259	0.000390341661789	0.0174830511074	-0.0382605070341	0.0209333378887	-0.0472908064117	-0.0375242755406	0.00289033376568	-0.0571176763219	0.0125678242375	-0.0143897299045	-0.0433067402183	0.0114534861915	0.0122702406066	-0.0151937031265	-0.00970963797158	-0.00503150010519	0.0106313368336	0.00446748790735	-0.0285092438229	0.0482241802463	0.0384133798206	0.00473099557281	-0.0173286146748	-0.0112340355149
k__Bacteria;p__Bacteroidetes;c__Bacteroidia;o__Bacteroidales;f__Bacteroidaceae;g__Bacteroides;s__Bacteroides_fragilis	0.000198409958498	-0.0130872367811	0.0139069658494	0.00364675930796	-0.0496024163314	0.0324767841457	-0.00646803811154	0.0157893106196	0.00870192190626	-0.0423953347213	0.00192471626211	-0.014365611113	-0.0779451374251	0.00632949006286	-0.00137436471057	0.0102394791021	1.0	-0.00581946649073	0.000564314296453	0.0087218557634	0.0300647728713	-0.0448618532833	0.0277191614226	-0.0517702452977	-0.00357591767339	0.0106060875073	-0.020638848482	0.0562042602967	-0.0351609190575	0.000140803457421	-0.0099844682503	-0.0126798727513	0.0255072017424	0.0308477089595	0.0150578894836	0.0186324456099	-0.0160271115697	0.0208710133533	0.000720563205917	-0.0148510728079	0.0205139439074	-0.0328756897509	-0.0307181607944	0.0459576941303	0.0346895387672	0.00455726752317	0.0626759184441	-0.0432590730547	-0.0518673143468	0.00290672913727	0.0214301656767	0.0491576467856	-0.014641566329	-0.0358389851063	-0.026850658203	-0.0188285983625	0.074322560529	-0.104199471008	0.0325564993024
k__Bacteria;p__Proteobacteria;c__Betaproteobacteria;o__Burkholderiales;f__Sutterellaceae;g__Sutterella;s__Sutterella_wadsworthensis	-0.0317152456827	-0.00107373381464	-0.0351892564662	-0.0752826180715	0.00630996818664	0.0117444659556	-0.0526905268303	0.00484178154338	-0.0320287542667	-0.040512572349	0.0320388961156	0.0507729312892	-0.0155509511355	-0.0368130395151	-0.00123035410749	-0.0352634375575	-0.00581946649073	1.0	0.0283892199552	-0.0342273839621	-0.0274085446737	0.0157588839089	0.0526072380603	0.0154491638053	-0.00171001253698	-0.00360946855001	-0.0241411157448	0.0169303946964	0.031048832692	0.022261588185	-0.065136169898	-0.0202386840778	0.0347225093238	-0.0372736125647	-0.0529750014258	0.0241251226258	0.0163048235658	0.026535572754	0.0517953477412	-0.0492745560733	0.01383926735	0.0150540086866	-0.0239803652695	-0.00200787178262	0.0187159841535	-0.040547135589	-0.00479923304518	0.0282386996541	-0.0329678130673	0.0381672266028	0.000502014488819	0.00708743175364	-0.0190911588555	-0.0753878016738	-0.0633998496955	-0.0325903225616	0.0114503827566	-0.0397625175184	-0.00595444782489
k__Bacteria;p__Bacteroidetes;c__Bacteroidia;o__Bacteroidales;f__Porphyromonadaceae;g__Barnesiella;s__Barnesiella_intestinihominis	-0.00751949821249	0.0678063046001	-0.0231301981273	-0.0265741143286	0.0509259235209	0.000436283615169	0.000787483280159	0.00277942166435	-0.00459170888692	0.0207804196128	0.0630583620981	-0.00393360611709	-0.00990461948558	-0.0120765322649	0.0193645134844	0.00930749546643	0.000564314296454	0.0283892199552	1.0	-0.0261390688473	0.0271373919812	0.0025513254205	-0.0166846446825	-0.0669701639486	-0.0290752803839	-0.0137352817254	0.061601428273	-0.0195344736398	0.0138944793712	-0.0432708200699	0.0141547110842	0.00818982180996	-0.0208092678842	-0.0253988638251	-0.0150237383478	-0.0278049487992	-0.00834563376743	-0.0172692331155	0.0196736221744	-0.0396109934786	0.00830844823595	-0.00358982583707	-0.0142680315443	0.00665195551778	-0.0380674430225	0.0245162686506	-0.015376176976	0.00402097608625	0.0297733845166	-0.0173023221658	-0.0159272764158	-0.0302620326592	-0.01530322138	-0.0239114073484	0.0220670183377	-0.0221786708201	-0.0401628956395	0.0243676163338	0.0104999712038
k__Bacteria;p__Bacteroidetes;c__Bacteroidia;o__Bacteroidales;f__Odoribacteraceae;g__Odoribacter;s__Odoribacter_splanchnicus	-0.0762575886634	0.0167566439788	-0.0510560940915	-0.00224390836247	0.0369140775027	0.0193521139037	0.0488569450599	0.0403331394445	0.00959970022967	0.0205418091366	-0.0475914794928	-0.00430167124081	-0.078175875816	-0.0112092284317	0.00800384205272	-0.0602833083172	0.0087218557634	-0.0342273839621	-0.0261390688473	1.0	-0.00983222177408	-0.0254159734326	0.0299628489946	0.0149192344755	-0.0131715694335	0.00932713540416	-0.0348621445438	-0.0926559804199	-0.021451570668	-0.00495756510141	-0.0189836439264	-0.0193750735655	0.0150521087826	0.0400805043431	-0.0554881334634	-0.0306681144767	-0.0235845375775	-0.041060590142	0.0576657502007	-0.0202220177426	-0.0299171884243	-0.0249994222502	-0.0137730277826	0.0127364940255	-0.0117594994372	0.00778895252613	-0.0619147927235	-0.00986416325097	-0.0177051512232	-0.00597970975021	-0.0462194766715	0.0131209386417	-0.024310890766	0.0739437755287	-0.0048042091351	0.0305454192783	0.0175568139692	0.0444536463152	0.0289337856213
k__Bacteria;p__Bacteroidetes;c__Bacteroidia;o__Bacteroidales;f__Bacteroidaceae;g__Bacteroides;s__Bacteroides_salyersiae	0.0537799898908	-0.00475587565831	0.0856887951643	0.0142358103768	0.00198076957932	0.000942071319801	0.0408800433046	0.0301218109237	0.0344898464393	-0.0150457762857	-0.0602010770067	-0.0463670359876	-0.104697847587	-0.025130616853	0.0019497640454	0.0170057202044	0.0300647728713	-0.0274085446737	0.0271373919812	-0.00983222177408	1.0	-0.0445432563397	-0.0366204992581	0.0190808780011	-0.008787897414	0.0243959165788	-0.000343707528058	-0.0459074497722	0.00120567190406	-0.0402336028257	0.0364708593153	-0.0499345112146	-0.0524497884684	0.0107637572171	-0.0280685454735	-0.0140317528206	-0.0592727019162	-0.00968913723577	-0.0258468296027	0.0339404918212	0.0342218296001	-0.0499859747834	0.00734625282834	-0.0160720354287	0.0429597446064	0.0120358170245	0.000340260241827	-0.0198983736683	-0.00580827372827	-0.0134054178742	-0.0581015443182	-0.0290141445843	0.0132629959211	0.00387350037961	-0.0228408152886	-0.0763793876845	0.00397663907733	0.0112029144374	0.0148939205997
k__Bacteria;p__Firmicutes;c__Clostridia;o__Clostridiales;f__Ruminococcaceae;g__Ruminiclostridium;s__[Eubacterium]_siraeum	-0.0247217183529	-0.011012136333	-0.0629391101944	0.00266101233046	-0.0564270392069	-0.0133391364094	-0.00313556881914	-0.0366230194694	0.023614647388	0.0164330844278	0.00462099584297	-0.00183482286571	-0.00525327184113	0.0184353993656	-0.0186051050213	-0.0112434118751	-0.0448618532833	0.0157588839089	0.0025513254205	-0.0254159734326	-0.0445432563397	1.0	0.0175338740611	-0.0797193987433	0.0325504291464	-0.00649036345468	-0.0075517534013	0.00883268378098	-0.0341495187575	0.0638334264577	0.0104614168163	0.00157798237085	-0.0601355641489	0.0293048416186	0.0528708024303	-0.0124728128121	-0.00485474036752	-0.0337182153713	-0.0120540161412	-0.0595664029243	-0.0281694477116	0.00443364361243	-0.0363146950435	-0.0492760121198	0.05219384786	-0.0137995002058	-0.0135441773669	0.0116139182275	-0.00733576538305	-0.00705819727831	-0.0514201078651	-0.0196463219116	0.00302874512405	-0.0109152399074	-0.00791981862595	-0.0148575312151	-0.0140253337114	-0.00102773804987	-0.0560613620891
k__Bacteria;p__Proteobacteria;c__Betaproteobacteria;o__Burkholderiales;f__Sutterellaceae;g__Parasutterella;s__Parasutterella_excrementihominis	-0.0436300306027	-0.0301694808236	0.0276262268989	-0.0365204337006	-0.0442522111584	-0.0846782101181	-0.0241019566545	-0.01441391539	0.0172186689342	-0.0517867564934	0.0049255604826	0.00993317623485	-0.0146811552407	0.0337623062333	0.0158843272215	0.0330569653028	0.0277191614226	0.0526072380603	-0.0166846446825	0.0299628489946	-0.0366204992581	0.0175338740611	1.0	0.00871867132458	-0.00124329068069	-0.0331979964955	-0.0460564294136	-0.0285868592732	0.0238344051597	-0.0723161523042	-0.00590459964727	0.0197198769079	-0.0211743633546	-0.0178008847029	0.0622670290521	-0.0226374003287	-0.000750798420699	-0.0331664910696	-0.0159097637413	-0.00549591636917	0.0132243353115	-0.0474741176386	0.0159818657422	0.0119926351771	-0.0303875995361	-0.0333799152358	-0.0153548703278	-0.0104440144582	-0.00163284223392	-0.0386897915004	-0.0673005765657	0.00264297445458	-0.057902538424	-0.0208098199483	0.0132958527673	-0.0286218089096	-0.0227693743694	0.0156409332852	-0.020954180302
k__Bacteria;p__Actinobacteria;c__Actinobacteria;o__Bifidobacteriales;f__Bifidobacteriaceae;g__Bifidobacterium;s__Bifidobacterium_adolescentis	0.00133483845226	0.00431415443601	-0.0411981396301	0.0120977814929	-0.0603520645971	-0.0202223833081	-0.00299113672637	-0.0104803004697	0.0395693027039	-0.00739309292203	-0.003314113635	0.05471490681	0.0467441532201	0.00552390944702	0.00642725549737	-0.0507368754927	-0.0517702452977	0.0154491638053	-0.0669701639486	0.0149192344755	0.0190808780011	-0.0797193987433	0.00871867132458	1.0	-0.0453474900979	-0.0473818786291	0.00245200196994	0.027723530641	-0.0672256217269	-0.000690837369947	-0.072254825889	0.0418522303313	-0.0198069498165	0.0111621131195	-0.00527016978366	0.0222519552424	0.0415606893441	-0.0342454469459	-0.0131240974646	-0.00842230268332	0.00602843743901	-0.0362317854785	-0.0106710697793	-0.00839075199653	-0.0284795231085	-0.00760773823285	-0.0161106734453	-0.00513573953421	-0.0190986803648	-0.0117874911902	0.0252424876301	-0.0107534676744	-0.0719325693291	-0.0261297799267	0.0134149813755	-0.043644989976	-0.0418198904127	-0.0254193654008	0.00631607066724
k__Bacteria;p__Firmicutes;c__Clostridia;o__Clostridiales;f__Oscillospiraceae;g__Oscillibacter;s__Oscillibacter_sp._KLE_1745	-0.0129251009373	-0.000876868082394	-0.00288741184377	-0.0478067283336	-0.0605545303092	0.034042604926	0.0186690914087	-0.0635073424543	-0.0269339567557	0.0103871642755	0.031796643313	-0.00472486198103	0.0213836309849	-0.00390217699762	0.0196278781529	-0.0383079992164	-0.00357591767339	-0.00171001253698	-0.0290752803839	-0.0131715694335	-0.008787897414	0.0325504291464	-0.00124329068069	-0.0453474900979	1.0	0.000140617841659	-0.0087397652751	-0.0416789430754	-0.0230798613455	0.0295059397726	-0.00441846358002	0.00938976985854	-0.033306840933	0.047826005068	0.00283411728753	0.00508503100919	-0.0173695170008	0.0397761847908	0.0447924425049	-0.0236116976062	0.0402448835477	-0.031503052258	-0.0307353867808	-0.0087158877617	-0.00172498308251	-0.0085787571175	0.00440179832095	0.0283007740363	-0.0191465325238	-0.0548168505197	-0.0579696436822	0.031619540642	-0.0538731259702	-0.0147427478569	-0.0848514973214	-0.0262835204895	0.0113548818462	-0.0012914425948	-0.0179630007315
k__Bacteria;p__Bacteroidetes;c__Bacteroidia;o__Bacteroidales;f__Bacteroidaceae;g__Bacteroides;s__Bacteroides_coprophilus	0.00969242634043	-0.0388736613156	0.0356251687345	-0.00836128911874	0.030871928403	-0.0160662113605	-0.0102068316383	-0.0356064759272	0.019582534511	-0.0465152094613	0.0290548762578	-0.0278995333519	0.0168386291956	0.0213790094507	0.018321643461	0.0667248660467	0.0106060875073	-0.00360946855001	-0.0137352817254	0.00932713540416	0.0243959165788	-0.00649036345468	-0.0331979964955	-0.0473818786291	0.000140617841659	1.0	0.00385701663321	-0.0150813176248	-0.00896857228197	-0.0616096398798	0.0470816629295	0.024229973856	-0.0432924707228	-0.0425057619187	-0.0361590246228	0.00931367736332	-0.0230986898082	-0.039280856743	-0.0402432614026	0.0189334905773	0.0133891267206	-0.0239367479997	-0.055789405471	-0.0104748361565	-0.00781456751034	-0.0174166101715	0.0505693564722	-0.0189455857136	-0.00313748427616	0.00576053544794	-0.0296015033236	-0.0658589848384	0.00546517649561	0.0321670423076	0.0361055946614	0.00722756906463	-0.0510143186766	-0.0607720174362	-0.0253574710025
k__Bacteria;p__Firmicutes;c__Clostridia;o__Clostridiales;f__Lachnospiraceae;g__Roseburia;s__Roseburia_intestinalis	0.0459801247357	-0.00426406849496	-0.000536423940624	0.0392112689789	-0.0103356491616	0.0295352672626	-0.0163022115098	-0.054406508966	-0.0184792118332	-0.0313557893504	-0.0336508858897	-0.00398736102819	0.0330603177617	-0.0425757220984	0.0312611297209	-0.0174951879759	-0.020638848482	-0.0241411157448	0.061601428273	-0.0348621445438	-0.000343707528058	-0.0075517534013	-0.0460564294136	0.00245200196994	-0.0087397652751	0.00385701663321	1.0	0.0140200829446	0.0247304391123	-0.0218560820491	0.0253087926325	0.00699057801687	-0.0322068042974	-0.0232293923833	0.019536756406	0.00565713086799	-0.0455041902896	0.00827144075682	-0.0390159009914	-0.00971282992015	-0.0167452204856	0.0177555821962	-0.0858278390023	-0.0138016590553	0.0175598005763	-0.0237206070979	-0.0635797813929	0.0123501313478	0.0114388212098	-0.0124351920385	0.041206437962	-0.0500867171466	-0.0194437898126	-0.0136705147414	0.0233858423877	0.044855768151	0.00791651894769	-0.0466911852555	-0.0199012125015
k__Bacteria;p__Firmicutes;c__Clostridia;o__Clostridiales;f__Lachnospiraceae;g__Roseburia;s__Roseburia_hominis	0.0103520303579	0.005727662912	0.0404535709408	-0.00414121575142	-0.00367137506556	-0.0115199534119	-0.0592257826457	0.00795230475661	-0.0331527679713	-0.0419910967622	-0.0468296636317	0.00314889249002	0.00211563815677	-0.0684788322364	-0.00111605705204	0.00853172120851	0.0562042602967	0.0169303946964	-0.0195344736398	-0.0926559804199	-0.0459074497722	0.00883268378098	-0.0285868592732	0.027723530641	-0.0416789430754	-0.0150813176248	0.0140200829446	1.0	0.0477074693552	-0.0398144363706	0.00796485418819	0.0365211191173	-0.0112493607603	-0.0279304693967	-0.0799008977134	0.00787143594408	0.00828615218185	0.0118859985071	-0.0178627957441	-0.0444403889222	-0.050146357871	0.0246299437564	0.00732180529331	0.0230907534943	0.0126767584445	-0.00342955234166	0.0326099689124	0.0109911414918	-0.0533165451257	-0.00803495691147	-0.0542229489958	0.0435923637009	-0.00340721267121	-0.0675668119058	-0.00217943784492	0.036688806053	-0.0618408037657	-0.0148745833431	-0.0118306758249
k__Bacteria;p__Bacteroidetes;c__Bacteroidia;o__Bacteroidales;f__Porphyromonadaceae;g__Parabacteroides;s__Parabacteroides_johnsonii	-0.0165097036446	0.0236115194873	0.00407333810595	0.00920667760916	-0.0551253455422	0.00257877707955	0.00676428603395	-0.0242739753555	-0.0819647708332	-0.023532640029	-0.00255762065	0.00905593250504	0.00134405101919	-0.0222352308556	0.0136494156046	0.0343167300771	-0.0351609190575	0.031048832692	0.0138944793712	-0.021451570668	0.00120567190406	-0.0341495187575	0.0238344051597	-0.0672256217269	-0.0230798613455	-0.00896857228197	0.0247304391123	0.0477074693552	1.0	0.00885620631542	0.0194565564896	0.00602645501479	-0.0137060569796	0.00859023352734	-0.0178213688906	-0.0110325399222	-0.0292746711651	-0.00429700312599	-0.0016540147162	-0.0346769685124	0.0326730365171	0.00169222524008	0.0153915899415	-0.0115133777591	-0.0396311729237	-0.00652582933886	-0.0442896818697	-0.0310026286223	-0.00194930891834	0.00753084876802	-0.00482453182268	-0.0411556151847	0.0411827059907	-0.00984151741524	-0.0197181572233	-0.0365633321023	-0.0286546249543	-0.0304129378019	-0.05348919287
k__Bacteria;p__Actinobacteria;c__Actinobacteria;o__Bifidobacteriales;f__Bifidobacteriaceae;g__Bifidobacterium;s__Bifidobacterium_longum	0.00406608222284	-0.0278151380898	-0.0175220278847	-0.0354640191552	-0.00398904867142	0.0325721912094	0.00131887214121	0.00973978527582	-0.0306605539919	-0.044991455051	0.0209218102008	-0.00197507223027	0.07359207205	-0.0149258410529	-0.00279537821157	0.0441395627608	0.000140803457421	0.022261588185	-0.0432708200699	-0.00495756510141	-0.0402336028257	0.0638334264577	-0.0723161523042	-0.000690837369947	0.0295059397726	-0.0616096398798	-0.0218560820491	-0.0398144363706	0.00885620631542	1.0	-0.0223227112712	-0.0527054455431	-0.0346496816004	0.013502311787	-0.0306350285608	-0.0187529282121	0.0203839378278	-0.0692985794441	-0.0627504207257	-0.0150102958625	-0.0382689668549	-0.0139005809111	-0.0209385278615	-0.0146995309648	-0.0255162003989	-0.0109470800339	-0.017561521366	0.0347266455449	0.0225794721252	-0.060033226573	0.0553679328403	0.0383331963955	0.000257375857956	-0.0186137279855	-0.0122056129425	-0.00853964038012	0.0332145129924	0.00569160480496	0.0375166686493
