#taxonomy	k__Bacteria;p__Bacteroidetes;c__Bacteroidia;o__Bacteroidales;f__Bacteroidaceae;g__Bacteroides;s__Bacteroides_vulgatus	k__Bacteria;p__Bacteroidetes;c__Bacteroidia;o__Bacteroidales;f__Bacteroidaceae;g__Bacteroides;s__Bacteroides_uniformis	k__Bacteria;p__Bacteroidetes;c__Bacteroidia;o__Bacteroidales;f__Rikenellaceae;g__Alistipes;s__Alistipes_putredinis	k__Bacteria;p__Bacteroidetes;c__Bacteroidia;o__Bacteroidales;f__Prevotellaceae;g__Prevotella;s__Prevotella_copri	k__Bacteria;p__Bacteroidetes;c__Bacteroidia;o__Bacteroidales;f__Bacteroidaceae;g__Bacteroides;s__Bacteroides_stercoris	k__Bacteria;p__Bacteroidetes;c__Bacteroidia;o__Bacteroidales;f__Bacteroidaceae;g__Bacteroides;s__Bacteroides_ovatus	k__Bacteria;p__Bacteroidetes;c__Bacteroidia;o__Bacteroidales;f__Rikenellaceae;g__Alistipes;s__Alistipes_shahii	k__Bacteria;p__Firmicutes;c__Clostridia;o__Clostridiales;f__Ruminococcaceae;g__Faecalibacterium;s__Faecalibacterium_prausnitzii	k__Bacteria;p__Bacteroidetes;c__Bacteroidia;o__Bacteroidales;f__Rikenellaceae;g__Alistipes;s__Alistipes_finegoldii	k__Bacteria;p__Bacteroidetes;c__Bacteroidia;o__Bacteroidales;f__Porphyromonadaceae;g__Parabacteroides;s__Parabacteroides_distasonis	k__Bacteria;p__Bacteroidetes;c__Bacteroidia;o__Bacteroidales;f__Bacteroidaceae;g__Bacteroides;s__Bacteroides_thetaiotaomicron	k__Bacteria;p__Bacteroidetes;c__Bacteroidia;o__Bacteroidales;f__Bacteroidaceae;g__Bacteroides;s__Bacteroides_coprocola	k__Bacteria;p__Bacteroidetes;c__Bacteroidia;o__Bacteroidales;f__Bacteroidaceae;g__Bacteroides;s__Bacteroides_cellulosilyticus	k__Bacteria;p__Bacteroidetes;c__Bacteroidia;o__Bacteroidales;f__Rikenellaceae;g__Alistipes;s__Alistipes_obesi	k__Bacteria;p__Firmicutes;c__Clostridia;o__Clostridiales;f__Lachnospiraceae;g__;s__[Eubacterium]_rectale	k__Bacteria;p__Bacteroidetes;c__Bacteroidia;o__Bacteroidales;f__Bacteroidaceae;g__Bacteroides;s__Bacteroides_plebeius	k__Bacteria;p__Bacteroidetes;c__Bacteroidia;o__Bacteroidales;f__Bacteroidaceae;g__Bacteroides;s__Bacteroides_fragilis	k__Bacteria;p__Proteobacteria;c__Betaproteobacteria;o__Burkholderiales;f__Sutterellaceae;g__Sutterella;s__Sutterella_wadsworthensis	k__Bacteria;p__Bacteroidetes;c__Bacteroidia;o__Bacteroidales;f__Porphyromonadaceae;g__Barnesiella;s__Barnesiella_intestinihominis	k__Bacteria;p__Bacteroidetes;c__Bacteroidia;o__Bacteroidales;f__Odoribacteraceae;g__Odoribacter;s__Odoribacter_splanchnicus	k__Bacteria;p__Bacteroidetes;c__Bacteroidia;o__Bacteroidales;f__Bacteroidaceae;g__Bacteroides;s__Bacteroides_salyersiae	k__Bacteria;p__Firmicutes;c__Clostridia;o__Clostridiales;f__Ruminococcaceae;g__Ruminiclostridium;s__[Eubacterium]_siraeum	k__Bacteria;p__Proteobacteria;c__Betaproteobacteria;o__Burkholderiales;f__Sutterellaceae;g__Parasutterella;s__Parasutterella_excrementihominis	k__Bacteria;p__Actinobacteria;c__Actinobacteria;o__Bifidobacteriales;f__Bifidobacteriaceae;g__Bifidobacterium;s__Bifidobacterium_adolescentis	k__Bacteria;p__Firmicutes;c__Clostridia;o__Clostridiales;f__Oscillospiraceae;g__Oscillibacter;s__Oscillibacter_sp._KLE_1745	k__Bacteria;p__Bacteroidetes;c__Bacteroidia;o__Bacteroidales;f__Bacteroidaceae;g__Bacteroides;s__Bacteroides_coprophilus	k__Bacteria;p__Firmicutes;c__Clostridia;o__Clostridiales;f__Lachnospiraceae;g__Roseburia;s__Roseburia_intestinalis	k__Bacteria;p__Firmicutes;c__Clostridia;o__Clostridiales;f__Lachnospiraceae;g__Roseburia;s__Roseburia_hominis	k__Bacteria;p__Bacteroidetes;c__Bacteroidia;o__Bacteroidales;f__Porphyromonadaceae;g__Parabacteroides;s__Parabacteroides_johnsonii	k__Bacteria;p__Actinobacteria;c__Actinobacteria;o__Bifidobacteriales;f__Bifidobacteriaceae;g__Bifidobacterium;s__Bifidobacterium_longum	k__Bacteria;p__Firmicutes;c__Clostridia;o__Clostridiales;f__;g__Flavonifractor;s__Flavonifractor_plautii	k__Bacteria;p__Firmicutes;c__Clostridia;o__Clostridiales;f__Clostridiaceae;g__Clostridium;s__Clostridium_phoceensis	k__Bacteria;p__Verrucomicrobia;c__Verrucomicrobiae;o__Verrucomicrobiales;f__Akkermansiaceae;g__Akkermansia;s__Akkermansia_muciniphila	k__Bacteria;p__Bacteroidetes;c__Bacteroidia;o__Bacteroidales;f__Prevotellaceae;g__Paraprevotella;s__Paraprevotella_xylaniphila	k__Bacteria;p__Firmicutes;c__Clostridia;o__Clostridiales;f__Ruminococcaceae;g__Ruminococcus;s__Ruminococcus_callidus	k__Bacteria;p__Bacteroidetes;c__Bacteroidia;o__Bacteroidales;f__Rikenellaceae;g__Alistipes;s__Alistipes_senegalensis	k__Bacteria;p__Firmicutes;c__Clostridia;o__Clostridiales;f__Lachnospiraceae;g__Blautia;s__Blautia_sp._KLE_1732	k__Bacteria;p__Bacteroidetes;c__Bacteroidia;o__Bacteroidales;f__Bacteroidaceae;g__Bacteroides;s__Bacteroides_oleiciplenus	k__Bacteria;p__Firmicutes;c__Clostridia;o__Clostridiales;f__Ruminococcaceae;g__Ruminococcus;s__Ruminococcus_bicirculans	k__Bacteria;p__Bacteroidetes;c__Bacteroidia;o__Bacteroidales;f__Bacteroidaceae;g__Bacteroides;s__Bacteroides_fluxus	k__Bacteria;p__Bacteroidetes;c__Bacteroidia;o__Bacteroidales;f__Prevotellaceae;g__Prevotella;s__Prevotella_stercorea	k__Bacteria;p__Firmicutes;c__Clostridia;o__Clostridiales;f__Lachnospiraceae;g__Dorea;s__Dorea_longicatena	k__Bacteria;p__Firmicutes;c__Clostridia;o__Clostridiales;f__Eubacteriaceae;g__Eubacterium;s__[Eubacterium]_eligens	k__Bacteria;p__Firmicutes;c__Clostridia;o__Clostridiales;f__Ruminococcaceae;g__;s__Ruminococcaceae_bacterium_D16	k__Bacteria;p__Firmicutes;c__Clostridia;o__Clostridiales;f__Lachnospiraceae;g__Coprococcus;s__Coprococcus_comes	k__Bacteria;p__Proteobacteria;c__Gammaproteobacteria;o__Enterobacterales;f__Enterobacteriaceae;g__Escherichia;s__Escherichia_coli	k__Bacteria;p__Firmicutes;c__Clostridia;o__Clostridiales;f__Ruminococcaceae;g__Anaerotruncus;s__Anaerotruncus_colihominis	k__Bacteria;p__Firmicutes;c__Clostridia;o__Clostridiales;f__Lachnospiraceae;g__Blautia;s__Blautia_obeum	k__Bacteria;p__Bacteroidetes;c__Bacteroidia;o__Bacteroidales;f__Odoribacteraceae;g__Odoribacter;s__Odoribacter_laneus	k__Bacteria;p__Firmicutes;c__Clostridia;o__Clostridiales;f__Ruminococcaceae;g__Ruminiclostridium;s__[Clostridium]_leptum	k__Bacteria;p__Bacteroidetes;c__Bacteroidia;o__Bacteroidales;f__Porphyromonadaceae;g__Parabacteroides;s__Parabacteroides_goldsteinii	k__Bacteria;p__Firmicutes;c__Clostridia;o__Clostridiales;f__Lachnospiraceae;g__Anaerostipes;s__Anaerostipes_hadrus	k__Bacteria;p__Firmicutes;c__Clostridia;o__Clostridiales;f__Ruminococcaceae;g__Ruminococcus;s__Ruminococcus_lactaris	k__Bacteria;p__Firmicutes;c__Clostridia;o__Clostridiales;f__Clostridiaceae;g__Clostridium;s__Clostridium_sp._L2-50	k__Bacteria;p__Firmicutes;c__Clostridia;o__Clostridiales;f__Clostridiaceae;g__Clostridium;s__Clostridium_sp._M62/1	k__Bacteria;p__Firmicutes;c__Clostridia;o__Clostridiales;f__;g__Intestinimonas;s__Intestinimonas_butyriciproducens	k__Bacteria;p__Actinobacteria;c__Actinobacteria;o__Bifidobacteriales;f__Bifidobacteriaceae;g__Bifidobacterium;s__Bifidobacterium_bifidum	k__Bacteria;p__Firmicutes;c__Negativicutes;o__Veillonellales;f__Veillonellaceae;g__Dialister;s__Dialister_invisus	k__Bacteria;p__Bacteroidetes;c__Bacteroidia;o__Bacteroidales;f__Bacteroidaceae;g__Bacteroides;s__Bacteroides_salanitronis
k__Bacteria;p__Bacteroidetes;c__Bacteroidia;o__Bacteroidales;f__Bacteroidaceae;g__Bacteroides;s__Bacteroides_vulgatus	1.0	0.0166124200986	-0.0270324304642	-0.0201826411042	-0.0195073576169	0.00319421115596	0.00482687365869	-0.0669393556388	-0.035148608739	0.00513823642822	-0.00768762986823	0.0120367027233	-0.0345177679259	-0.0310131347599	-0.0710615825662	0.0201542110127	-0.0175594383925	0.0132349178763	-0.0467976381821	0.0232672838254	0.00145071755627	-0.00365761000431	0.025147318428	0.00178522159207	-0.0202278148442	-0.0525436276084	-0.00770676371741	0.00871211434172	0.0146425328605	0.0391514107413	0.0016006882377	-0.00135660127696	-0.0593639049449	0.00947899162894	-0.0456447072613	-0.00568041630674	-0.0533976947899	-0.0659877029818	0.000800244993475	-0.0274734423271	0.0149321439924	0.0321325495096	-0.00969991797072	-0.00402648450155	0.031046396957	0.0584586324158	0.0645311130742	0.0206170193722	-0.00901191811556	0.0198795529879	-0.0662759598893	0.0622597646163	-0.0593168104198	-0.0587057535849	-0.0104360910689	0.00681234478749	-0.0261133069637	-0.0107760332809	0.0232887356844
k__Bacteria;p__Bacteroidetes;c__Bacteroidia;o__Bacteroidales;f__Bacteroidaceae;g__Bacteroides;s__Bacteroides_uniformis	0.0166124200986	1.0	-0.0299902198675	-0.0179611976298	-0.00790697037533	0.0155969502703	-0.00875269787267	-0.0665819966814	-0.0282123199677	-0.0634092863742	-0.023486543067	0.0340855638422	-0.0646333396823	-0.00366855952141	-0.0195074318735	-0.0262280045365	0.0275319963065	-0.0361548204765	0.00528459463944	-0.00907755018606	-0.0321310545938	0.0136966650629	0.00284435027157	-0.0675844051854	-0.0610990954324	0.0337104011748	0.00470379431928	0.0126326098547	-0.0186478178007	-0.0488827173281	-0.0155755662777	0.0183962486624	-0.034554007039	-0.00962845427745	-0.0190266191991	-0.0394638383503	0.00454199950735	0.0187221205685	-0.0409410114748	0.0176299448165	-0.0100941077565	0.05105664151	0.0311125347821	-0.0792079070996	-0.0632904955282	-0.0479543711894	-0.0092875902589	0.0332803847076	-0.0493231377437	0.076253592275	0.00100891431171	0.0690394324438	-0.026207855739	0.0549058896174	0.0235770065348	0.0148560748284	-0.0600927773658	0.0418453867834	-0.0725553122247
k__Bacteria;p__Bacteroidetes;c__Bacteroidia;o__Bacteroidales;f__Rikenellaceae;g__Alistipes;s__Alistipes_putredinis	-0.0270324304642	-0.0299902198675	1.0	-0.0437237085559	-0.00462975490451	-0.00443310079374	-0.0184474780772	-0.0172049564193	0.046507764735	0.0534735053673	-0.013672288243	-0.0384545731712	0.00467113318927	-0.0393720694623	0.010504036826	-0.0072216460217	-0.0240996930987	-0.00359629258481	-0.0374617439303	-0.0244405794584	0.0589260400154	-0.0285916163589	-0.0147701144015	0.0273543932107	-0.0244866139522	0.0147294184753	0.0171330069319	0.0165185700509	0.0304501451492	-0.0198455277793	0.0110750865457	-0.0588623685245	-0.00918124661468	-0.00170605083167	-0.0327760620224	0.0232201193673	-0.0204129005437	-0.0562646100437	0.0171228072141	0.0181864493318	-0.0353203596214	0.0154326061698	-0.0141701124187	-0.0319931136339	-0.0303523803175	0.0437386082756	-0.0386514854093	0.00381673734801	-0.000396214259718	0.0338807103515	-0.000300197147816	-0.0336202144664	0.006737616469	0.0489066689666	-0.0589341789633	0.00428980856836	0.00759257404598	-0.0340549371978	-0.0103850318533
k__Bacteria;p__Bacteroidetes;c__Bacteroidia;o__Bacteroidales;f__Prevotellaceae;g__Prevotella;s__Prevotella_copri	-0.0201826411042	-0.0179611976298	-0.0437237085559	1.0	-0.0132105308608	-0.0247129172847	-0.0271712452541	-0.0322174651424	0.0215385010946	0.0376863726072	0.00942675748385	0.0320119277649	0.0162317058635	-0.0204747530464	-0.0606646243589	0.0167034090241	0.00370207810893	0.0252753957469	-0.020561586247	-0.000447320355553	-0.00414915271498	-0.0423426573723	0.00150151867738	0.0291385002536	0.00769114758832	-0.0343727941075	-0.0216503806501	-0.0075459479695	0.00276139498478	0.0191285054588	0.0113991258539	-0.0181747181831	-0.00306804085908	-0.00316033084772	-0.0386398471882	-0.0307922822332	0.00709548455804	0.0101367120904	-0.0266163617875	-0.0311589483571	-0.00331668498228	-0.0842236495071	0.0386963991054	-0.0468334445146	0.0316974749978	0.0405289411489	-0.0464904533254	0.0187301813679	-0.064816421105	-0.0140612536543	-0.00603998056003	0.0325504601496	0.0196784693396	0.00960741852705	0.0270376840811	-0.0396815698027	-0.0629513094065	0.0346553426376	-0.0414878144053
k__Bacteria;p__Bacteroidetes;c__Bacteroidia;o__Bacteroidales;f__Bacteroidaceae;g__Bacteroides;s__Bacteroides_stercoris	-0.0195073576169	-0.00790697037533	-0.00462975490451	-0.0132105308608	1.0	-0.00827001757837	0.0248431850121	-0.0195935716302	-0.0744549527198	0.00886797074849	-0.0358336934026	0.0156065114021	-0.0162911765952	0.000995647773978	-0.0162482152698	0.0159241321235	0.0172517671123	0.0351629507492	-0.0379123715265	-0.0162868998217	-0.00480642249134	-0.0411225863267	-0.0371403251178	0.00560060788535	0.0273359599914	-0.00315091263009	-0.0323071188871	-0.0431376439128	-0.0114732976624	-0.0326933474789	-0.0313969005678	-0.0241400351329	0.0106668978533	-0.0274117793883	-0.00293672518174	0.0401610965759	0.0128590704965	-0.0560037426481	-0.0230008549033	0.0100038544219	0.045759626407	-0.00669353743582	-0.00398409299547	-0.0294856982151	-0.0259017898177	0.0376865975642	0.0308265228953	-0.0132929192934	-0.0264087961773	0.0367239164121	0.0289687812024	0.0207063883852	-0.0215358930876	-0.0255792442889	0.0106137300657	-0.0617303890062	0.030919120937	-0.0260121306374	-0.00704330107835
k__Bacteria;p__Bacteroidetes;c__Bacteroidia;o__Bacteroidales;f__Bacteroidaceae;g__Bacteroides;s__Bacteroides_ovatus	0.00319421115596	0.0155969502703	-0.00443310079374	-0.0247129172847	-0.00827001757837	1.0	-0.0109215577521	-0.0199168693515	-0.00583668745747	-0.0373953683288	0.0161771518899	-0.0166237409487	0.0190050412353	0.00555355848369	0.0765748714645	-0.0128578414942	0.0213382954672	-0.0341986611838	0.0122608733403	-0.046559589421	0.0489834123262	-0.00852138551477	-0.00558939319763	-0.0262727474189	0.0143524119311	-0.019080999688	0.0319914278494	0.0591800808584	0.00290137490815	-0.0614523125375	-0.0226014517929	-0.0618058374787	-0.0192769313172	0.0536685976989	-0.0177443615954	-0.0033421786918	-0.0257179356204	-0.000498280343736	-0.0446679784488	0.0510648540466	-0.0391654319624	0.0258008213195	0.0472690113105	0.0141240589747	0.0191199180508	-0.0461520197449	0.011000073036	0.00592195144459	0.0108507107518	0.0140863095585	-0.00480350089384	0.0236708039349	0.011643321745	0.00724292903572	-0.0432151482812	-0.0249838103054	-0.0837186885447	0.0113032431994	0.00560794435898
k__Bacteria;p__Bacteroidetes;c__Bacteroidia;o__Bacteroidales;f__Rikenellaceae;g__Alistipes;s__Alistipes_shahii	0.00482687365869	-0.00875269787267	-0.0184474780772	-0.0271712452541	0.0248431850121	-0.0109215577521	1.0	-0.0302169035532	0.0424631370105	0.0110887292412	0.00453678001734	-0.0358549028746	-0.017975307353	0.0255875295263	-0.0391685662054	0.0222364423046	-0.0494092941772	0.0574839250048	-0.0396264777764	-0.0543330013135	-0.0409392376988	0.000323881578693	-0.00846405528104	-0.03635351361	0.0605498692499	-0.0492861110622	-0.0703482606327	0.00650294101819	-0.0376309605525	-0.00427352719757	-0.0214921914573	-0.0347951018475	-5.06874945607e-05	0.0217260438368	0.019411010932	-0.0447805474628	-0.0396407317158	-0.0362145467156	0.00147970951997	0.0408173686491	-0.0219239994669	0.0291930596597	0.0397812460468	0.00344169397328	-0.00222465083625	-0.00675680932895	-0.0126161923499	0.0149343988308	-0.00442324007201	0.0119999941658	-0.0252422093154	-0.0150207162133	0.00624408821676	0.0349346884733	-0.0287799349339	-0.000204756421236	0.0680501264156	0.00716510459695	-0.0146001112731
k__Bacteria;p__Firmicutes;c__Clostridia;o__Clostridiales;f__Ruminococcaceae;g__Faecalibacterium;s__Faecalibacterium_prausnitzii	-0.0669393556388	-0.0665819966814	-0.0172049564193	-0.0322174651424	-0.0195935716302	-0.0199168693515	-0.0302169035532	1.0	0.0085112538	0.00802043594226	0.02310533003	-0.00394201405065	0.00667212194195	-0.0149543049835	-0.0367036318527	-0.0372941413429	-0.0531390232077	-0.0125090916234	0.0261671009291	-0.0293438063963	-0.0155592330113	0.0177423332117	0.0123869843578	-0.00283312840249	0.00588856379706	-0.0345829166888	-0.0282233213748	-0.0143394277181	0.00294553711946	-0.00571442887231	0.010806275613	0.0508412669107	-0.0457773128537	-0.00172547335388	-0.0331417305115	-0.00423145929529	-0.031759622037	-0.0443754324521	0.00895932692076	0.0203460540394	-0.0177049375794	0.0615273126196	-0.0140973823155	-0.0120678234725	-0.0336444533673	-0.0183994820592	0.039660115553	-0.0395240727361	0.0457959403593	-0.0619143547181	0.0169739766813	-0.0451502392052	0.0136433489456	-0.00116413466952	0.0257882080589	-0.00475757062749	0.0303146059368	-0.0328148511449	0.013634651067
k__Bacteria;p__Bacteroidetes;c__Bacteroidia;o__Bacteroidales;f__Rikenellaceae;g__Alistipes;s__Alistipes_finegoldii	-0.035148608739	-0.0282123199677	0.046507764735	0.0215385010946	-0.0744549527198	-0.00583668745747	0.0424631370105	0.0085112538	1.0	-0.0563504576181	-0.0104739438026	-0.0894401021378	0.0335165707492	-0.0489582300835	0.0422975530595	-0.020058291554	-0.00473481449882	0.0165528508076	-0.038642150525	0.0063952849743	0.00544707507194	-0.0151862594195	0.0323799104038	-0.0199836910964	0.007767553004	0.0147586387281	0.0390910844161	-0.0331517835058	-0.0116104819145	0.00635618590793	0.0165725006965	0.048439609213	-0.0171182927279	-0.0292915388158	-0.0137529643719	-0.0121259485493	-0.00105916514462	-0.0758703334338	-0.0605954278315	-0.0839480881775	0.00355799669988	0.0162400784699	0.000437761692747	-0.0544773958644	0.0335460256717	-0.00718403662377	-0.0246218057041	-0.00660388056047	0.0246514510712	-0.0201937901251	-0.0114555415928	-0.0133334960519	0.0197143063349	-0.0494499937418	-0.014883047146	0.0162988130844	0.0127889918013	0.0262918972427	0.0182959876176
k__Bacteria;p__Bacteroidetes;c__Bacteroidia;o__Bacteroidales;f__Porphyromonadaceae;g__Parabacteroides;s__Parabacteroides_distasonis	0.00513823642822	-0.0634092863742	0.0534735053673	0.0376863726072	0.00886797074849	-0.0373953683288	0.0110887292412	0.00802043594226	-0.0563504576181	1.0	0.019735514677	0.00360149280981	-0.0520385102174	0.00433205670491	0.011444745354	-0.0177678494294	-0.0369571028435	0.0308915217875	0.0385057739605	-0.0116962844557	-0.0120233103292	-0.0161433875222	-0.0156513444389	0.0104324685093	0.0100615524835	0.0319503172845	-0.0320105272544	0.014352107173	-0.0158937725938	-0.051835384225	-0.0183835196693	0.00436033145678	-0.0259081651089	-0.0118828141774	0.00500625408296	0.0407052422857	0.0105079282649	-0.0172980058637	0.0409163689953	-0.0148662678036	0.0557827356288	-0.0274718914405	-0.00767621836626	0.0193594343233	-0.0549740952603	-0.0215024872416	0.0751710964017	0.00477457604378	-0.00303679465426	-0.0326743796262	-0.0131103587735	-0.029708916298	0.0372442405995	0.0100091545686	-0.0106826352875	0.00581075360832	0.0134698973939	-0.0301572424199	-0.000776484718009
k__Bacteria;p__Bacteroidetes;c__Bacteroidia;o__Bacteroidales;f__Bacteroidaceae;g__Bacteroides;s__Bacteroides_thetaiotaomicron	-0.00768762986823	-0.023486543067	-0.013672288243	0.00942675748385	-0.0358336934026	0.0161771518899	0.00453678001734	0.02310533003	-0.0104739438026	0.019735514677	1.0	-0.00965346484819	0.00379684429172	0.000295781902211	-0.0762913546045	0.0380410186547	0.0256705133344	0.0403858663925	0.00348418358031	-0.0114313215343	0.0275212346434	-0.0438193860831	0.0352134472282	-0.0171954571787	-0.00134009516601	-0.0445980252994	0.020729067398	0.0490801259833	-0.0206730585352	-0.00744055891369	-0.0141914691011	-0.0534122845065	-0.0311465123822	0.0787773882232	0.0299879255903	-0.00745349752182	-0.0282909393461	-0.0355240208192	0.0569329807536	-0.0905468322287	0.0239028513014	-0.038993947571	-0.0209157481238	0.0271797436408	-0.0222127450305	-0.0504541428892	0.0684718183594	-0.0999511717462	-0.0354894967215	-0.0451526861635	0.0599906541858	-0.032166241423	0.0131105844519	-0.0293078728592	-0.00821094259184	0.0153027130583	0.0222039369264	0.0642987804221	-0.044746977172
k__Bacteria;p__Bacteroidetes;c__Bacteroidia;o__Bacteroidales;f__Bacteroidaceae;g__Bacteroides;s__Bacteroides_coprocola	0.0120367027233	0.0340855638422	-0.0384545731712	0.0320119277649	0.0156065114021	-0.0166237409487	-0.0358549028746	-0.00394201405065	-0.0894401021378	0.00360149280981	-0.00965346484819	1.0	0.0142278317809	0.000470353631547	-0.016594867931	0.0200792087516	-0.0154485813906	-0.0270375967878	-0.0329351097877	-0.000227024658485	0.00531176529261	0.0311481484945	-0.0479579948962	-0.0101948364164	0.0210773083222	-0.00508137333888	-0.00560395177584	-0.0307968731806	-0.0201424598376	0.044955907392	-0.052962549033	-0.0195312330171	-0.00446994441156	0.0382091850533	-0.0175217856035	0.0260000597312	0.0127236981586	-0.0557158873264	-0.0449518590586	-0.0417322973	-0.0304943535744	0.04548990834	0.000992427158316	0.05541247603	-0.0348947789985	0.012341162516	-0.0234897315606	-0.028243218657	0.0251768907552	0.0148090792804	-0.0621566074659	-0.0361412682753	-0.0247276729719	0.00366574622486	-0.0599696075314	-0.0403581122971	-0.0507396709457	0.0402598938009	-0.0680849585521
k__Bacteria;p__Bacteroidetes;c__Bacteroidia;o__Bacteroidales;f__Bacteroidaceae;g__Bacteroides;s__Bacteroides_cellulosilyticus	-0.0345177679259	-0.0646333396823	0.00467113318927	0.0162317058635	-0.0162911765952	0.0190050412353	-0.017975307353	0.00667212194195	0.0335165707492	-0.0520385102174	0.00379684429172	0.0142278317809	1.0	-0.0199918165873	-0.0266646609609	0.0143664811988	0.00599280820456	0.0134720221359	0.0409361746827	-0.00799707734391	0.0385932986686	0.0319105417568	0.0186257113125	0.0826277976051	-0.1039768636	-0.0268211419272	-0.00024607879534	-0.00180107033526	-0.0546731088847	-0.0194828063122	0.0505802737837	-0.0852019541201	-0.00682251384359	-0.0301590887391	-0.0526732041015	0.00418714474092	0.000273394970863	-0.0412710712869	0.0076999218872	-0.0318891742854	0.0231905426392	0.00573543361998	-0.0163481172657	0.0104907426602	0.00392889750252	0.02636296649	0.0099572105861	-0.0479791637489	0.0120249488518	-0.00969296906844	0.00202627079895	0.00868692407744	0.00119597151176	-0.0112545260564	0.0294604674142	-0.00144807275741	0.0256558543256	0.045408642788	-0.0129512394738
k__Bacteria;p__Bacteroidetes;c__Bacteroidia;o__Bacteroidales;f__Rikenellaceae;g__Alistipes;s__Alistipes_obesi	-0.0310131347599	-0.00366855952141	-0.0393720694623	-0.0204747530464	0.000995647773978	0.00555355848369	0.0255875295263	-0.0149543049835	-0.0489582300835	0.00433205670491	0.000295781902211	0.000470353631547	-0.0199918165873	1.0	-0.0208087700249	0.0287588498996	-0.00186146032656	-0.0185958255815	-0.0187471530584	0.00648390823042	0.0198963536623	0.0011608521384	-0.0376189509079	-0.0431748813782	-0.03050328655	0.0484315066685	-0.0424015140002	0.0299599854142	0.0348498285039	0.00361690748414	-0.00237415427963	-0.0256891448924	0.0204160910549	0.0189633483798	0.014540742174	-0.0916788317744	-0.00403418126504	-0.0329504509796	-0.0630278080587	0.00571069220484	-0.0277322042526	-0.0307408561885	-0.00754807036716	-0.0324314255522	-0.0523939809138	-0.0471134530032	-0.0413256109606	0.0132231587134	0.00726487703242	-0.0710330293164	-0.0320882581904	0.0351485876021	-0.0297982034118	-0.0283122199622	-0.00754507159829	0.0439870158005	0.0949871404465	-0.0197499781799	-0.0340798887558
k__Bacteria;p__Firmicutes;c__Clostridia;o__Clostridiales;f__Lachnospiraceae;g__;s__[Eubacterium]_rectale	-0.0710615825662	-0.0195074318735	0.010504036826	-0.0606646243589	-0.0162482152698	0.0765748714645	-0.0391685662054	-0.0367036318527	0.0422975530595	0.011444745354	-0.0762913546045	-0.016594867931	-0.0266646609609	-0.0208087700249	1.0	0.0583417155985	0.0345112683069	-0.0264832932183	0.000190478478812	0.012507552275	-0.00861843366338	-0.00737359556069	0.0223548163071	0.0241392713272	-0.0301915774502	0.0426041455772	0.0563678571807	-0.00261806387689	0.000232346771957	-0.0250309632704	-0.0255359396572	0.0438847928474	-0.0101890586874	-0.00122793040129	-0.0126216684398	-0.0356882444023	0.0377815584976	0.0265281243618	-0.0318340932482	0.0106463427226	-0.013150024103	-0.0240239682206	0.0252689217113	-0.0180991279018	0.00211858045654	-0.0518720355596	0.00108144221129	0.0189890076111	0.0195662900438	0.024044983749	0.0143603440526	0.0244190627154	0.00678088812324	-0.00234172466009	-0.000387719675618	-0.0364365778901	-0.0746090412086	-0.0171958468373	0.0541426959779
k__Bacteria;p__Bacteroidetes;c__Bacteroidia;o__Bacteroidales;f__Bacteroidaceae;g__Bacteroides;s__Bacteroides_plebeius	0.0201542110127	-0.0262280045365	-0.0072216460217	0.0167034090241	0.0159241321235	-0.0128578414942	0.0222364423046	-0.0372941413429	-0.020058291554	-0.0177678494294	0.0380410186547	0.0200792087516	0.0143664811988	0.0287588498996	0.0583417155985	1.0	-0.0481948815115	0.0265315035354	0.00961333995109	-0.0704823051969	0.030876888001	-0.0143319526741	0.0037858687936	0.0201744639862	-0.0103642839734	0.00223329576116	-0.0117577860047	-0.0540742736507	-0.0294881095505	0.0287236324039	0.0287710051419	-0.0127117764537	-0.0033595139714	-0.0429671864744	0.00180620231405	0.00516049369173	-0.0619744565272	0.0800020278778	0.00126934488698	-0.0336485099194	0.00583097246021	-0.00426974890799	-0.0132469182277	0.0620723016834	0.00554190188146	0.00136688777609	-0.0725183524091	0.0462668910652	-0.0232943128424	0.0204392087259	-0.0468823833947	-0.0352709094488	0.040221585591	0.0357900824119	-0.0064761357746	-0.057591216017	-0.0268675158724	-0.0942276352088	-0.00904695379737
k__Bacteria;p__Bacteroidetes;c__Bacteroidia;o__Bacteroidales;f__Bacteroidaceae;g__Bacteroides;s__Bacteroides_fragilis	-0.0175594383925	0.0275319963065	-0.0240996930987	0.00370207810893	0.0172517671123	0.0213382954672	-0.0494092941772	-0.0531390232077	-0.00473481449882	-0.0369571028435	0.0256705133344	-0.0154485813906	0.00599280820456	-0.00186146032656	0.0345112683069	-0.0481948815115	1.0	0.00399887660343	0.0100544016076	0.0110988798636	-0.0220994175405	-0.0146936407885	-0.00582028560722	-0.0244712745203	-0.0242607798836	0.0144969271342	-0.0261787768571	-0.0403327397315	-0.0206987298543	0.00132182625136	-0.0278931496256	0.0187846495918	-0.000326411910546	-0.0267043807726	-0.0296825572978	0.0497841447432	-0.0103477652969	0.00465533928027	-0.0107582424321	0.0755316269936	-0.0159189365174	-0.0326581409329	0.0416119793525	-0.0143524514716	0.00845212877669	0.0225767390124	-0.0413222093241	-0.0550529660372	0.0411619659105	-0.0292406536461	0.0106170314184	0.0118522169059	-0.0305815642751	-0.0377985003381	0.0562222519427	-0.0228420153953	-0.0161607147572	-0.023980611565	-0.0467981490355
k__Bacteria;p__Proteobacteria;c__Betaproteobacteria;o__Burkholderiales;f__Sutterellaceae;g__Sutterella;s__Sutterella_wadsworthensis	0.0132349178763	-0.0361548204765	-0.00359629258481	0.0252753957469	0.0351629507492	-0.0341986611838	0.0574839250048	-0.0125090916234	0.0165528508076	0.0308915217875	0.0403858663925	-0.0270375967878	0.0134720221359	-0.0185958255815	-0.0264832932183	0.0265315035354	0.00399887660343	1.0	0.0262649819869	-0.0252238014562	0.00544217870426	-0.0192686236897	0.0251445515079	0.00924777017593	-0.0116338058749	0.0241651055145	-0.0319494021988	0.00400098295069	-0.0259176757512	0.0169064158827	-0.0454907769503	0.0521809428111	0.0160611715032	0.00816693296584	-0.0613056438245	-0.0379292099098	-0.0799237950497	-0.00623898295984	-0.0240658151152	0.0116397697643	-0.0076048716918	0.0520250434208	0.019127879603	-0.0296256264875	0.00710082068128	-0.00834873914977	0.0530478108013	0.00845740139611	-0.0468637454838	-0.00863118038164	-0.000177506181401	0.0323442470335	0.0238407559513	0.0144442939745	-0.0596413186585	-0.0844424338472	-0.00562202083567	-0.0377230853213	0.00630815202488
k__Bacteria;p__Bacteroidetes;c__Bacteroidia;o__Bacteroidales;f__Porphyromonadaceae;g__Barnesiella;s__Barnesiella_intestinihominis	-0.0467976381821	0.00528459463944	-0.0374617439303	-0.020561586247	-0.0379123715265	0.0122608733403	-0.0396264777764	0.0261671009291	-0.038642150525	0.0385057739605	0.00348418358031	-0.0329351097877	0.0409361746827	-0.0187471530584	0.000190478478812	0.00961333995109	0.0100544016076	0.0262649819869	1.0	-0.0206089650965	0.0386131166644	-0.039501990921	0.0071536752913	0.00894414653694	0.0255960674429	0.00540255191178	-0.0175463068955	-0.0637355277365	0.00419695874963	-0.06801608972	0.0403934735676	-0.00161723674713	-0.00931974719873	-0.00782573792155	-0.0264129779751	0.00849472133985	0.0129051099926	-0.0123957041934	-0.0496317595693	0.0133756266331	-0.0294655952355	-0.0285510928705	-0.104926501834	-0.0185672206944	-0.00524743891863	0.00202860090232	-0.0142260495419	0.00924759321064	-0.0339667374587	0.00533987877326	-0.0164426343311	-0.012203570928	0.122480115471	0.0116041228376	0.00560612603192	-0.0097634537881	0.0265958138352	-0.00703636138936	-0.0295468815485
k__Bacteria;p__Bacteroidetes;c__Bacteroidia;o__Bacteroidales;f__Odoribacteraceae;g__Odoribacter;s__Odoribacter_splanchnicus	0.0232672838254	-0.00907755018606	-0.0244405794584	-0.000447320355553	-0.0162868998217	-0.046559589421	-0.0543330013135	-0.0293438063963	0.0063952849743	-0.0116962844557	-0.0114313215343	-0.000227024658485	-0.00799707734391	0.00648390823042	0.012507552275	-0.0704823051969	0.0110988798636	-0.0252238014562	-0.0206089650965	1.0	-0.0358299602464	-0.0116944113438	-0.0121973722056	0.0129438583407	-0.00726852922548	-0.00803716814364	-0.0610373293568	-0.0208346120311	-0.00162227439625	-0.00618016498675	0.00652783976389	-0.00312711085726	0.016617948468	0.015365757525	0.0167322759379	-0.0194468026778	0.0600666346079	0.0652459228421	-0.0671805814434	-0.0167222952041	-0.0227316338886	-0.0133830098812	-0.0573842670228	-0.0287533139024	0.0577041082515	0.00873524728759	-0.0177873949961	-0.0544278311575	-0.0085624031105	0.00161238468064	0.0181288003503	-0.064129978979	-0.0347726086345	0.0273540983236	-0.0177778453358	-0.0401906056321	-0.0085209396907	-0.0225442681285	-0.0558652357241
k__Bacteria;p__Bacteroidetes;c__Bacteroidia;o__Bacteroidales;f__Bacteroidaceae;g__Bacteroides;s__Bacteroides_salyersiae	0.00145071755627	-0.0321310545938	0.0589260400154	-0.00414915271498	-0.00480642249134	0.0489834123262	-0.0409392376988	-0.0155592330113	0.00544707507194	-0.0120233103292	0.0275212346434	0.00531176529261	0.0385932986686	0.0198963536623	-0.00861843366338	0.030876888001	-0.0220994175405	0.00544217870426	0.0386131166644	-0.0358299602464	1.0	0.0148367866208	-0.0480737914582	-0.0452787378076	-0.0654116369296	0.00150520428713	-0.0185484012041	-0.00500407942321	0.0083642662184	-0.0466291002979	-0.0486611100375	-0.0230225593996	-0.0272870112683	0.0397431103021	-0.00476370133612	-0.00403483467739	0.022716188199	-0.0556732110799	-0.0802813305744	0.0328119009065	-0.0121654642957	-0.0405044726846	0.01257174492	-0.000519188880644	0.0387592279307	0.0143837236299	-0.01168121844	-0.0251094446527	-0.0392257119268	0.0445164407484	0.0507325638565	0.0200153906834	0.0373560339204	0.00720589806025	0.018493517723	-0.039797259648	0.0407248892774	0.0320310427984	-0.0631556893368
k__Bacteria;p__Firmicutes;c__Clostridia;o__Clostridiales;f__Ruminococcaceae;g__Ruminiclostridium;s__[Eubacterium]_siraeum	-0.00365761000431	0.0136966650629	-0.0285916163589	-0.0423426573723	-0.0411225863267	-0.00852138551477	0.000323881578693	0.0177423332117	-0.0151862594195	-0.0161433875222	-0.0438193860831	0.0311481484945	0.0319105417568	0.0011608521384	-0.00737359556069	-0.0143319526741	-0.0146936407885	-0.0192686236897	-0.039501990921	-0.0116944113438	0.0148367866208	1.0	0.0986616359845	-0.0289935847504	-0.0266249037831	0.0374567634204	0.0284161371705	-0.0297959829203	-0.0192330084081	-0.0250349248011	0.0475751553786	-0.0114518599882	-0.0132035845138	-0.0226738444768	0.0376980162731	0.0138062011921	-0.00695576102778	0.0205174028311	0.00599533519223	-0.016685592861	-0.0129884163524	-0.00907507399425	-0.03565574327	0.0560924606687	0.0416585404383	-0.021897408174	-0.0325088762319	0.00198389929702	0.0254446401566	-0.0148048214759	0.0222664212592	0.019157074696	-0.0333920165731	-0.0821877814529	0.0322831000508	-0.0466509801883	-0.0151102677359	-0.0193909964123	0.0103121227911
k__Bacteria;p__Proteobacteria;c__Betaproteobacteria;o__Burkholderiales;f__Sutterellaceae;g__Parasutterella;s__Parasutterella_excrementihominis	0.025147318428	0.00284435027157	-0.0147701144015	0.00150151867738	-0.0371403251178	-0.00558939319763	-0.00846405528104	0.0123869843578	0.0323799104038	-0.0156513444389	0.0352134472282	-0.0479579948962	0.0186257113125	-0.0376189509079	0.0223548163071	0.0037858687936	-0.00582028560722	0.0251445515079	0.0071536752913	-0.0121973722056	-0.0480737914582	0.0986616359845	1.0	0.061252401833	-0.0372607653131	-0.00428665185391	-0.0370645893134	0.0100910199541	0.00876299860472	0.00821433789958	-0.0836966266658	-0.0420423684035	-0.0104461445765	-0.0180468576131	-0.0136426690704	-0.0367957854499	0.0111336756509	-0.0427184199777	-0.00105435443668	-0.00487956183096	0.000210697146225	-0.0375066079177	-0.0457164298666	-0.0267005573713	0.0765965044515	-0.0021331250237	-0.0211571358782	-0.0406406883824	0.0259070010085	0.0182409697094	-0.00846742904363	-0.0060838589963	0.0422977955858	-0.0212099017597	-0.0435384463896	-0.0484629794982	-0.00567025134852	0.0232769634068	-0.00226009768994
k__Bacteria;p__Actinobacteria;c__Actinobacteria;o__Bifidobacteriales;f__Bifidobacteriaceae;g__Bifidobacterium;s__Bifidobacterium_adolescentis	0.00178522159207	-0.0675844051854	0.0273543932107	0.0291385002536	0.00560060788535	-0.0262727474189	-0.03635351361	-0.00283312840249	-0.0199836910964	0.0104324685093	-0.0171954571787	-0.0101948364164	0.0826277976051	-0.0431748813782	0.0241392713272	0.0201744639862	-0.0244712745203	0.00924777017593	0.00894414653694	0.0129438583407	-0.0452787378076	-0.0289935847504	0.061252401833	1.0	-0.0180350204037	-0.0375015150839	0.0169452531558	0.0397979402447	0.0480265142351	0.0268693832331	-0.00815197133348	0.0221242372743	0.0311076605689	-0.0392704176037	0.00069467636838	-0.00211007386596	-0.0864956110207	0.026415268428	0.0133025239545	0.0438888843089	-0.058383127679	-0.0188136836413	-0.00657234685928	-0.0433762551179	-0.0181296715482	-0.0516738369936	-0.0477106397693	0.00432033600217	-0.0360474016092	-0.0380535881119	-0.0807217668956	-0.0177798735151	0.00482311623289	-0.0319058669317	-0.0304095537006	-0.0194238950736	0.0508369460552	0.0329688087545	-0.0144230339941
k__Bacteria;p__Firmicutes;c__Clostridia;o__Clostridiales;f__Oscillospiraceae;g__Oscillibacter;s__Oscillibacter_sp._KLE_1745	-0.0202278148442	-0.0610990954324	-0.0244866139522	0.00769114758832	0.0273359599914	0.0143524119311	0.0605498692499	0.00588856379706	0.007767553004	0.0100615524835	-0.00134009516601	0.0210773083222	-0.1039768636	-0.03050328655	-0.0301915774502	-0.0103642839734	-0.0242607798836	-0.0116338058749	0.0255960674429	-0.00726852922548	-0.0654116369296	-0.0266249037831	-0.0372607653131	-0.0180350204037	1.0	-0.0218560348949	0.0118490371161	0.0137085953808	0.0268641288156	-0.0233605135804	-0.0392234499516	-0.00212159786253	-0.0280750390789	0.0179856684507	-0.0069518586495	0.0249900568774	-0.0375622201591	0.0156602857773	0.039810105131	-0.0330444725353	0.0110983962419	-0.0346534793248	0.00572973619008	0.0651054054077	0.049066992207	-0.0228855667876	-0.00387743014485	0.0441929428806	-0.0417515445318	-0.036874548834	0.0367827008063	-0.0310631657985	-0.0100651551324	-0.0345879317845	-0.033342277658	0.0308550592968	-0.0110487791253	0.0467606018292	0.0468082213485
k__Bacteria;p__Bacteroidetes;c__Bacteroidia;o__Bacteroidales;f__Bacteroidaceae;g__Bacteroides;s__Bacteroides_coprophilus	-0.0525436276084	0.0337104011748	0.0147294184753	-0.0343727941075	-0.00315091263009	-0.019080999688	-0.0492861110622	-0.0345829166888	0.0147586387281	0.0319503172845	-0.0445980252994	-0.00508137333888	-0.0268211419272	0.0484315066685	0.0426041455772	0.00223329576116	0.0144969271342	0.0241651055145	0.00540255191178	-0.00803716814364	0.00150520428713	0.0374567634204	-0.00428665185391	-0.0375015150839	-0.0218560348949	1.0	0.00482406236028	0.00809466396359	0.00149185810855	-0.0407393349077	-0.0488296631043	0.00939815447359	0.0215999049591	0.0444056230143	0.0167105262218	-0.0998059398216	0.018164771392	-0.033896301064	0.0209851683858	0.0191657732471	0.0622080182288	-0.0232382599708	0.00721462896811	-0.0259849134847	-0.0330189892003	-0.00124185671258	-0.0476952994646	-0.0405291237486	-0.0403390377915	-0.00621293979916	0.00879647858284	0.029882569459	-0.0219361344826	-0.0363529968895	0.0181955329609	-0.0153953950046	-0.0262069500689	0.0483422541644	-0.0281535572901
k__Bacteria;p__Firmicutes;c__Clostridia;o__Clostridiales;f__Lachnospiraceae;g__Roseburia;s__Roseburia_intestinalis	-0.00770676371741	0.00470379431928	0.0171330069319	-0.0216503806501	-0.0323071188871	0.0319914278494	-0.0703482606327	-0.0282233213748	0.0390910844161	-0.0320105272544	0.020729067398	-0.00560395177584	-0.00024607879534	-0.0424015140002	0.0563678571807	-0.0117577860047	-0.0261787768571	-0.0319494021988	-0.0175463068955	-0.0610373293568	-0.0185484012041	0.0284161371705	-0.0370645893134	0.0169452531558	0.0118490371161	0.00482406236028	1.0	-0.0660282431173	-0.0123732146853	0.0450360317555	-0.056252900755	-0.0140649170466	-0.0372389773068	-0.0572331041388	-0.0410560875671	0.0226644093079	0.0383890434243	-0.0373889789246	-0.00292509294783	0.0203520999958	-0.013183462133	-0.0265913788067	-0.000349272858108	-0.0124800823779	-0.000152153768055	-0.0155873918901	-0.0115376058841	0.0470058165845	-0.044504755942	-0.0233588568257	0.0339310172092	0.000893044169252	0.0028874735305	-0.0218440491206	-0.0577530277985	-0.086597884061	-0.0332960874626	0.0159683297905	0.0425942879169
k__Bacteria;p__Firmicutes;c__Clostridia;o__Clostridiales;f__Lachnospiraceae;g__Roseburia;s__Roseburia_hominis	0.00871211434172	0.0126326098547	0.0165185700509	-0.0075459479695	-0.0431376439128	0.0591800808584	0.00650294101819	-0.0143394277181	-0.0331517835058	0.014352107173	0.0490801259833	-0.0307968731806	-0.00180107033526	0.0299599854142	-0.00261806387689	-0.0540742736507	-0.0403327397315	0.00400098295069	-0.0637355277365	-0.0208346120311	-0.00500407942321	-0.0297959829203	0.0100910199541	0.0397979402447	0.0137085953808	0.00809466396359	-0.0660282431173	1.0	-0.0484957085846	-0.0437991798055	-0.0497213635014	-0.017951915169	0.00966911609832	-0.0437433790552	-0.0101368665898	0.0288710260423	-0.0290223089019	-0.0244219612195	0.0106949590825	0.0411608020825	-0.00585526309336	0.0276482071967	0.0180557958644	-0.0777870055642	-0.0136961149323	-0.0108683874731	-0.026039381687	-0.0647197247953	-0.031973616801	0.000830276355006	0.0148271335036	-0.0497746968363	-0.000194186079016	-0.0448730110017	-0.00461595451873	-0.0192257487408	0.0397771918435	-0.05214061154	-0.00450853393946
k__Bacteria;p__Bacteroidetes;c__Bacteroidia;o__Bacteroidales;f__Porphyromonadaceae;g__Parabacteroides;s__Parabacteroides_johnsonii	0.0146425328605	-0.0186478178007	0.0304501451492	0.00276139498478	-0.0114732976624	0.00290137490815	-0.0376309605525	0.00294553711946	-0.0116104819145	-0.0158937725938	-0.0206730585352	-0.0201424598376	-0.0546731088847	0.0348498285039	0.000232346771957	-0.0294881095505	-0.0206987298543	-0.0259176757512	0.00419695874963	-0.00162227439625	0.0083642662184	-0.0192330084081	0.00876299860472	0.0480265142351	0.0268641288156	0.00149185810855	-0.0123732146853	-0.0484957085846	1.0	-0.0443306863904	-0.0195604154441	-0.0394692952908	0.059920329793	0.00844388960295	0.0146970549382	0.0677426161388	-0.0589436387657	0.0146687146262	0.0189063806092	-0.0516249144412	-0.0230197382387	-0.0469038523669	-0.00914814184893	0.000424921628889	0.0243185480189	-0.00273726555344	-0.00689521435337	-0.0310640857134	0.0287188706636	-0.00594760583465	0.0203471379231	-0.0240321977667	-0.00192586230633	0.00289224269505	-0.0255876577884	-0.0301563062865	0.023740245416	0.0110994292129	-0.0486522243029
k__Bacteria;p__Actinobacteria;c__Actinobacteria;o__Bifidobacteriales;f__Bifidobacteriaceae;g__Bifidobacterium;s__Bifidobacterium_longum	0.0391514107413	-0.0488827173281	-0.0198455277793	0.0191285054588	-0.0326933474789	-0.0614523125375	-0.00427352719757	-0.00571442887231	0.00635618590793	-0.051835384225	-0.00744055891369	0.044955907392	-0.0194828063122	0.00361690748414	-0.0250309632704	0.0287236324039	0.00132182625136	0.0169064158827	-0.06801608972	-0.00618016498675	-0.0466291002979	-0.0250349248011	0.00821433789958	0.0268693832331	-0.0233605135804	-0.0407393349077	0.0450360317555	-0.0437991798055	-0.0443306863904	1.0	-0.0226643251258	0.0247483976758	-0.0444338830918	-0.0408969836376	0.00547044900352	-0.0386654390939	-0.0114181460864	0.000934547330586	0.0052094717602	0.0296693585349	0.0363039243852	-0.00351375709516	0.0166182229089	-0.0165291761528	0.00524188653658	-0.00162888591524	0.016208313058	-0.00936690653711	0.000343903789068	0.00251643003354	-0.0537297227448	0.0305731369046	-0.0303122886148	-0.0383243753389	-0.0962937960092	-0.0245310012679	0.0237642512575	0.043442546687	0.00383707840505
