#taxonomy	k__Bacteria;p__Bacteroidetes;c__Bacteroidia;o__Bacteroidales;f__Bacteroidaceae;g__Bacteroides;s__Bacteroides_vulgatus	k__Bacteria;p__Bacteroidetes;c__Bacteroidia;o__Bacteroidales;f__Bacteroidaceae;g__Bacteroides;s__Bacteroides_uniformis	k__Bacteria;p__Bacteroidetes;c__Bacteroidia;o__Bacteroidales;f__Rikenellaceae;g__Alistipes;s__Alistipes_putredinis	k__Bacteria;p__Bacteroidetes;c__Bacteroidia;o__Bacteroidales;f__Prevotellaceae;g__Prevotella;s__Prevotella_copri	k__Bacteria;p__Bacteroidetes;c__Bacteroidia;o__Bacteroidales;f__Bacteroidaceae;g__Bacteroides;s__Bacteroides_stercoris	k__Bacteria;p__Bacteroidetes;c__Bacteroidia;o__Bacteroidales;f__Bacteroidaceae;g__Bacteroides;s__Bacteroides_ovatus	k__Bacteria;p__Bacteroidetes;c__Bacteroidia;o__Bacteroidales;f__Rikenellaceae;g__Alistipes;s__Alistipes_shahii	k__Bacteria;p__Firmicutes;c__Clostridia;o__Clostridiales;f__Ruminococcaceae;g__Faecalibacterium;s__Faecalibacterium_prausnitzii	k__Bacteria;p__Bacteroidetes;c__Bacteroidia;o__Bacteroidales;f__Rikenellaceae;g__Alistipes;s__Alistipes_finegoldii	k__Bacteria;p__Bacteroidetes;c__Bacteroidia;o__Bacteroidales;f__Porphyromonadaceae;g__Parabacteroides;s__Parabacteroides_distasonis	k__Bacteria;p__Bacteroidetes;c__Bacteroidia;o__Bacteroidales;f__Bacteroidaceae;g__Bacteroides;s__Bacteroides_thetaiotaomicron	k__Bacteria;p__Bacteroidetes;c__Bacteroidia;o__Bacteroidales;f__Bacteroidaceae;g__Bacteroides;s__Bacteroides_coprocola	k__Bacteria;p__Bacteroidetes;c__Bacteroidia;o__Bacteroidales;f__Bacteroidaceae;g__Bacteroides;s__Bacteroides_cellulosilyticus	k__Bacteria;p__Bacteroidetes;c__Bacteroidia;o__Bacteroidales;f__Rikenellaceae;g__Alistipes;s__Alistipes_obesi	k__Bacteria;p__Firmicutes;c__Clostridia;o__Clostridiales;f__Lachnospiraceae;g__;s__[Eubacterium]_rectale	k__Bacteria;p__Bacteroidetes;c__Bacteroidia;o__Bacteroidales;f__Bacteroidaceae;g__Bacteroides;s__Bacteroides_plebeius	k__Bacteria;p__Bacteroidetes;c__Bacteroidia;o__Bacteroidales;f__Bacteroidaceae;g__Bacteroides;s__Bacteroides_fragilis	k__Bacteria;p__Proteobacteria;c__Betaproteobacteria;o__Burkholderiales;f__Sutterellaceae;g__Sutterella;s__Sutterella_wadsworthensis	k__Bacteria;p__Bacteroidetes;c__Bacteroidia;o__Bacteroidales;f__Porphyromonadaceae;g__Barnesiella;s__Barnesiella_intestinihominis	k__Bacteria;p__Bacteroidetes;c__Bacteroidia;o__Bacteroidales;f__Odoribacteraceae;g__Odoribacter;s__Odoribacter_splanchnicus	k__Bacteria;p__Bacteroidetes;c__Bacteroidia;o__Bacteroidales;f__Bacteroidaceae;g__Bacteroides;s__Bacteroides_salyersiae	k__Bacteria;p__Firmicutes;c__Clostridia;o__Clostridiales;f__Ruminococcaceae;g__Ruminiclostridium;s__[Eubacterium]_siraeum	k__Bacteria;p__Proteobacteria;c__Betaproteobacteria;o__Burkholderiales;f__Sutterellaceae;g__Parasutterella;s__Parasutterella_excrementihominis	k__Bacteria;p__Actinobacteria;c__Actinobacteria;o__Bifidobacteriales;f__Bifidobacteriaceae;g__Bifidobacterium;s__Bifidobacterium_adolescentis	k__Bacteria;p__Firmicutes;c__Clostridia;o__Clostridiales;f__Oscillospiraceae;g__Oscillibacter;s__Oscillibacter_sp._KLE_1745	k__Bacteria;p__Bacteroidetes;c__Bacteroidia;o__Bacteroidales;f__Bacteroidaceae;g__Bacteroides;s__Bacteroides_coprophilus	k__Bacteria;p__Firmicutes;c__Clostridia;o__Clostridiales;f__Lachnospiraceae;g__Roseburia;s__Roseburia_intestinalis	k__Bacteria;p__Firmicutes;c__Clostridia;o__Clostridiales;f__Lachnospiraceae;g__Roseburia;s__Roseburia_hominis	k__Bacteria;p__Bacteroidetes;c__Bacteroidia;o__Bacteroidales;f__Porphyromonadaceae;g__Parabacteroides;s__Parabacteroides_johnsonii	k__Bacteria;p__Actinobacteria;c__Actinobacteria;o__Bifidobacteriales;f__Bifidobacteriaceae;g__Bifidobacterium;s__Bifidobacterium_longum	k__Bacteria;p__Firmicutes;c__Clostridia;o__Clostridiales;f__;g__Flavonifractor;s__Flavonifractor_plautii	k__Bacteria;p__Firmicutes;c__Clostridia;o__Clostridiales;f__Clostridiaceae;g__Clostridium;s__Clostridium_phoceensis	k__Bacteria;p__Verrucomicrobia;c__Verrucomicrobiae;o__Verrucomicrobiales;f__Akkermansiaceae;g__Akkermansia;s__Akkermansia_muciniphila	k__Bacteria;p__Bacteroidetes;c__Bacteroidia;o__Bacteroidales;f__Prevotellaceae;g__Paraprevotella;s__Paraprevotella_xylaniphila	k__Bacteria;p__Firmicutes;c__Clostridia;o__Clostridiales;f__Ruminococcaceae;g__Ruminococcus;s__Ruminococcus_callidus	k__Bacteria;p__Bacteroidetes;c__Bacteroidia;o__Bacteroidales;f__Rikenellaceae;g__Alistipes;s__Alistipes_senegalensis	k__Bacteria;p__Firmicutes;c__Clostridia;o__Clostridiales;f__Lachnospiraceae;g__Blautia;s__Blautia_sp._KLE_1732	k__Bacteria;p__Bacteroidetes;c__Bacteroidia;o__Bacteroidales;f__Bacteroidaceae;g__Bacteroides;s__Bacteroides_oleiciplenus	k__Bacteria;p__Firmicutes;c__Clostridia;o__Clostridiales;f__Ruminococcaceae;g__Ruminococcus;s__Ruminococcus_bicirculans	k__Bacteria;p__Bacteroidetes;c__Bacteroidia;o__Bacteroidales;f__Bacteroidaceae;g__Bacteroides;s__Bacteroides_fluxus	k__Bacteria;p__Bacteroidetes;c__Bacteroidia;o__Bacteroidales;f__Prevotellaceae;g__Prevotella;s__Prevotella_stercorea	k__Bacteria;p__Firmicutes;c__Clostridia;o__Clostridiales;f__Lachnospiraceae;g__Dorea;s__Dorea_longicatena	k__Bacteria;p__Firmicutes;c__Clostridia;o__Clostridiales;f__Eubacteriaceae;g__Eubacterium;s__[Eubacterium]_eligens	k__Bacteria;p__Firmicutes;c__Clostridia;o__Clostridiales;f__Ruminococcaceae;g__;s__Ruminococcaceae_bacterium_D16	k__Bacteria;p__Firmicutes;c__Clostridia;o__Clostridiales;f__Lachnospiraceae;g__Coprococcus;s__Coprococcus_comes	k__Bacteria;p__Proteobacteria;c__Gammaproteobacteria;o__Enterobacterales;f__Enterobacteriaceae;g__Escherichia;s__Escherichia_coli	k__Bacteria;p__Firmicutes;c__Clostridia;o__Clostridiales;f__Ruminococcaceae;g__Anaerotruncus;s__Anaerotruncus_colihominis	k__Bacteria;p__Firmicutes;c__Clostridia;o__Clostridiales;f__Lachnospiraceae;g__Blautia;s__Blautia_obeum	k__Bacteria;p__Bacteroidetes;c__Bacteroidia;o__Bacteroidales;f__Odoribacteraceae;g__Odoribacter;s__Odoribacter_laneus	k__Bacteria;p__Firmicutes;c__Clostridia;o__Clostridiales;f__Ruminococcaceae;g__Ruminiclostridium;s__[Clostridium]_leptum	k__Bacteria;p__Bacteroidetes;c__Bacteroidia;o__Bacteroidales;f__Porphyromonadaceae;g__Parabacteroides;s__Parabacteroides_goldsteinii	k__Bacteria;p__Firmicutes;c__Clostridia;o__Clostridiales;f__Lachnospiraceae;g__Anaerostipes;s__Anaerostipes_hadrus	k__Bacteria;p__Firmicutes;c__Clostridia;o__Clostridiales;f__Ruminococcaceae;g__Ruminococcus;s__Ruminococcus_lactaris	k__Bacteria;p__Firmicutes;c__Clostridia;o__Clostridiales;f__Clostridiaceae;g__Clostridium;s__Clostridium_sp._L2-50	k__Bacteria;p__Firmicutes;c__Clostridia;o__Clostridiales;f__Clostridiaceae;g__Clostridium;s__Clostridium_sp._M62/1	k__Bacteria;p__Firmicutes;c__Clostridia;o__Clostridiales;f__;g__Intestinimonas;s__Intestinimonas_butyriciproducens	k__Bacteria;p__Actinobacteria;c__Actinobacteria;o__Bifidobacteriales;f__Bifidobacteriaceae;g__Bifidobacterium;s__Bifidobacterium_bifidum	k__Bacteria;p__Firmicutes;c__Negativicutes;o__Veillonellales;f__Veillonellaceae;g__Dialister;s__Dialister_invisus	k__Bacteria;p__Bacteroidetes;c__Bacteroidia;o__Bacteroidales;f__Bacteroidaceae;g__Bacteroides;s__Bacteroides_salanitronis
k__Bacteria;p__Bacteroidetes;c__Bacteroidia;o__Bacteroidales;f__Bacteroidaceae;g__Bacteroides;s__Bacteroides_vulgatus	1.0	0.012948950264	-0.0380249954723	-0.0257612487378	-0.0231028249135	0.0374043523147	0.0346490373673	0.00113363979341	-0.000183078524284	-0.027050968057	-0.00439898993801	0.0273768650085	-0.0408324560331	0.0477083735165	-0.0169217820675	-4.33885942276e-05	-0.00275466743629	-0.0499683451374	0.0151338868011	-0.0715118741504	-0.011755398057	-0.0201183759958	0.0453536901937	-0.00965791514633	-0.0315200433479	-0.00648309205623	-0.00132485830377	0.0225344552502	-0.028704517514	-0.0205016964787	-0.00579454995279	0.00215696391642	-0.0154000654999	0.0253641178797	0.0408719224074	-0.0437916110517	0.00163237171985	-0.0560037070358	0.0335161178534	0.0322473270317	-0.0679141944125	-0.0352402009346	0.000581474427285	0.00856692837511	-0.0415115657355	0.0103013433857	0.00241870592469	-0.0470207156051	0.0345337324943	0.0431979999705	0.0483925348062	0.00142453684535	0.0336085306276	-0.0189480963805	-0.038954072972	-0.0500239325014	-0.00989013278564	-0.0197746599664	0.0151641186174
k__Bacteria;p__Bacteroidetes;c__Bacteroidia;o__Bacteroidales;f__Bacteroidaceae;g__Bacteroides;s__Bacteroides_uniformis	0.012948950264	1.0	-0.00770002007596	-0.0174269556353	-0.00266875521881	0.0210111796657	-0.0598435857674	-0.0350387800394	-0.0219553545668	-0.0356682595886	-0.0533210798501	0.0208868163031	0.00656462507138	-0.0229440661016	-0.00736291275807	0.0401890888297	-0.0909708226226	0.0394596701049	-0.00656939074472	0.00758549626526	-0.0458171608893	-0.0101060633508	-0.0592440026657	0.00842463211597	0.019397473055	0.0394728466948	-0.0401129119995	0.0274817377742	0.0238946705948	-0.0164730884753	0.0182939409386	0.0159446528803	0.0166896286876	-0.0044830187372	-0.0211722785545	0.0429756808599	-0.0177798797165	-0.0618114311493	-0.0200215631143	0.0133220911441	0.00712844312781	-0.0378740184777	0.0304038504689	0.0193732411672	-0.0524963779074	-0.0104107644873	-0.0188130498235	0.0147354464279	0.0469109746198	-0.0353357869762	-0.00661991388155	0.00801434451517	0.043742682347	0.00596691251463	0.00809713054879	0.0567942967445	-0.0513199491123	0.0214070929214	0.0357319327981
k__Bacteria;p__Bacteroidetes;c__Bacteroidia;o__Bacteroidales;f__Rikenellaceae;g__Alistipes;s__Alistipes_putredinis	-0.0380249954723	-0.00770002007596	1.0	0.000949784490551	-0.00211638853343	-0.0167600846859	0.0233728581701	0.0178094697515	-0.0367996282936	-0.0342352236349	-0.0448598238526	-0.00990504925124	0.00558423918045	0.0171571909725	-0.000576886323158	-0.0195751107076	0.0467411049575	-0.0211774324957	-0.00948982510901	-0.0277175164863	-0.0379540902718	-0.00184066428597	0.0478100511967	0.0136211395818	0.0281344106343	0.0346998091607	-0.0275306519776	-0.00913685374317	-0.00762511022338	0.00754193219484	-0.0745329946073	0.00643166042813	-0.0549481225397	-0.0299590385055	-0.0171480583783	-0.00220133029048	-0.00937291101991	0.029730218827	0.0364535461943	-0.0608943794744	-0.0304535983353	0.0335584026789	0.0183320419777	-0.0286579735391	-0.0215232522212	0.0101129281429	-0.0470889815734	-0.017089878275	-0.0416523425557	0.0106599801027	-0.0544594952205	0.00384620976734	-0.032388160726	-0.027320763546	-0.0404114696192	0.00335276170648	-0.0090748720314	-0.00655366336995	-0.00943115153726
k__Bacteria;p__Bacteroidetes;c__Bacteroidia;o__Bacteroidales;f__Prevotellaceae;g__Prevotella;s__Prevotella_copri	-0.0257612487378	-0.0174269556353	0.000949784490551	1.0	-0.021743822915	-0.0369104857225	-0.0282227405835	-0.0446907344602	0.005161312186	-0.010048045625	-0.0363753754659	-0.0200432438614	0.0321762443758	-0.0240439200516	0.00401888899124	0.0312894007031	0.00715406977082	0.0124930030682	0.00649617422881	-0.0660373492271	0.0415237968276	-0.0323911332724	-0.017872205701	0.0192062697135	0.0201588721521	0.0418153881683	-0.0465808501456	-0.0354196896488	-0.0167293189144	-0.03551390312	0.0419691501103	-0.00470931081532	-9.65318433858e-05	-0.0243281139633	-0.0177623881985	-0.0187140566854	0.00613172430058	-0.0027141059831	0.0244531456345	0.016563365962	0.0112961127422	-0.000742002303154	0.00511104356014	0.00396870323585	-0.0116171594579	-0.0581914068376	-0.0299552782541	0.00429091685019	0.00950141190766	-0.0374837738394	0.0435673020729	-0.0486988936826	0.0066597825351	0.0279935189624	0.0026378712071	0.0219008459903	0.00639802922058	0.0347775543994	0.0192246724066
k__Bacteria;p__Bacteroidetes;c__Bacteroidia;o__Bacteroidales;f__Bacteroidaceae;g__Bacteroides;s__Bacteroides_stercoris	-0.0231028249135	-0.00266875521881	-0.00211638853343	-0.021743822915	1.0	0.0505260361671	0.0499919163388	-0.0197140016935	0.000142918088793	0.0338934747549	0.0487661209784	-0.0469742050874	0.067328591358	-0.0309231754437	0.00842413011574	-0.0085515808126	0.027748050537	-0.0266844120731	-0.0450724810379	0.000400644457168	0.0109156110678	0.0473159347789	0.0286636117205	-0.0465933497708	-0.0227830886435	-0.00442028948624	0.0268240132307	-0.0239842377902	0.00649748113229	-0.026949801689	0.0853867832384	-0.0219022206531	0.03100211022	-0.00798853841377	-0.018139975566	-0.0522162660557	-0.00158993920912	0.0354742064661	0.0542754770318	-0.00968917966193	-0.0419310529157	0.0212714916922	-0.036761954344	-0.0166771809251	-0.0184051401425	-0.000671190431393	-0.0306272038462	-0.0395695313997	-0.039959532965	-0.00589201278566	-0.0159089120807	-0.00136275467523	-0.0310407288886	-0.00964544574101	-0.0253927764859	0.00173974285405	-0.0108650017671	0.019691492338	-0.0425907204799
k__Bacteria;p__Bacteroidetes;c__Bacteroidia;o__Bacteroidales;f__Bacteroidaceae;g__Bacteroides;s__Bacteroides_ovatus	0.0374043523147	0.0210111796657	-0.0167600846859	-0.0369104857225	0.0505260361671	1.0	-0.012026701986	-0.0269189111824	0.0151350686295	-0.00813819054513	-0.0257146070583	-0.0383033095185	0.00306875555567	0.00697370337411	0.0215062046431	-0.049424537697	-0.0251713735036	-0.0174635506063	-0.00293858845263	0.0312324073589	0.0538760735295	0.0218319667972	0.0205476653955	-0.0433910369242	0.0170592166775	-0.0259387398767	-0.0153271196099	-0.0176549468793	-0.0315255716654	-0.054480993318	0.00395567793591	-0.0497754146066	-0.0477534991121	0.0190159826961	-0.0240046471591	-0.00962915001764	0.0649988729189	0.03405609826	0.0180617215657	-0.0495758485046	-0.0174416629069	-0.00824807499604	-0.0186429750047	0.00715065068625	-0.00619432003846	0.017911543875	0.0433353470776	-0.0256044187207	-0.0188376577438	-0.0156957464963	-0.0559061349904	-0.0205745212783	-0.0499056868239	-0.055780052867	0.0388240342129	-0.0364413064576	-0.074093057349	0.0176789104045	-0.00859395778989
k__Bacteria;p__Bacteroidetes;c__Bacteroidia;o__Bacteroidales;f__Rikenellaceae;g__Alistipes;s__Alistipes_shahii	0.0346490373673	-0.0598435857674	0.0233728581701	-0.0282227405835	0.0499919163388	-0.012026701986	1.0	-0.0471743271695	-0.0411535120203	-0.0863826479953	0.0188631138595	0.0025150094615	-0.0694577908251	-0.00351561577596	0.00650342973559	-0.0161642078132	0.0131470979347	-0.0101630362186	-0.0639581167399	0.0101003748574	0.0310539041775	-0.0298898492194	-0.0431215208837	-0.0293529286298	0.0778625230292	-0.0334859931432	-0.0313315079441	-0.0245989578056	-0.00464100148249	0.00656098634986	-0.0150559249379	-0.0120476476873	0.00793518211062	0.0126873745729	0.036357602814	-0.0134904789196	0.0249607531444	0.011769418483	0.0668324860019	0.00758777048728	-0.0140735824274	-0.0239428397956	-0.00511188570893	-0.00754531496341	-0.0619729083609	0.0192970130365	-0.0266113033394	-0.0810083691256	-0.0241282403063	0.0139329511353	0.0104979596788	-0.0161948316103	-0.0231878431091	-0.0789381351295	-0.0193727358395	-0.0142646872154	-0.000125306955297	0.032667417541	-0.0222633960056
k__Bacteria;p__Firmicutes;c__Clostridia;o__Clostridiales;f__Ruminococcaceae;g__Faecalibacterium;s__Faecalibacterium_prausnitzii	0.00113363979341	-0.0350387800394	0.0178094697515	-0.0446907344602	-0.0197140016935	-0.0269189111824	-0.0471743271695	1.0	0.0136393623882	-0.0398648830559	-0.0257053012002	-0.0458381523907	-0.0172533060884	-0.00980218129628	0.0493543898732	0.000646352958579	-0.0322746790899	-0.0172393339082	0.0236642322209	0.00350959642905	-0.001912616853	0.000458991950932	0.0230894246286	-0.0342518088552	-0.0435195956072	0.0374655708784	0.00856610864525	0.0297536576571	0.00200782990641	0.0279679237821	0.0124376494133	-0.0250504047825	0.00668849714562	-0.0450949434172	0.00240159672149	-0.0342388271086	0.0214937376467	-0.031992830114	0.0208213836586	-0.0128957371709	0.0209388968982	-0.0268540838566	-0.00888757765416	-0.00347072438413	0.00464374896073	0.0394374527835	-0.0205418759185	0.00871090852165	0.0101126442874	-0.0156652718848	-0.0109354628469	-0.0217657933174	-0.00463109806054	0.0256815795687	-0.0202208516262	-0.0165914086682	0.00871431301911	0.0286774159351	0.0154179856366
k__Bacteria;p__Bacteroidetes;c__Bacteroidia;o__Bacteroidales;f__Rikenellaceae;g__Alistipes;s__Alistipes_finegoldii	-0.000183078524284	-0.0219553545668	-0.0367996282936	0.005161312186	0.000142918088793	0.0151350686295	-0.0411535120203	0.0136393623882	1.0	-0.0364715335727	-0.0250045743019	-0.0242493877539	-0.00894521008672	-0.0375622536604	-0.0042214882714	-0.0174205663642	0.00204210408271	-0.0178634589624	-0.0584492212236	0.0210645405971	0.00281423992499	-0.0537673384165	-0.00222260829304	-0.0482169220716	-0.0267049827929	-0.0348006040308	0.0323934234499	-0.0624835659054	-0.0623812458167	0.00635587128332	-0.0255486651944	0.0100488425101	0.0625424943042	-0.0704737753245	-0.00707036963054	-0.0284363079346	0.00793822859345	-0.014517239977	-0.00385772427492	-0.00690411974563	0.0101677753452	0.0428766298756	0.00518189710765	0.0241213191725	0.00662010808495	-0.0514097714419	0.00984831955711	-0.0176757754496	-0.00924161821316	-0.0347409097875	0.039325298907	-0.00135719845337	-0.0813378084259	-0.0220095977142	0.0149536562276	0.0441132249048	0.0063387021779	-0.0615353676953	-0.0210354181335
k__Bacteria;p__Bacteroidetes;c__Bacteroidia;o__Bacteroidales;f__Porphyromonadaceae;g__Parabacteroides;s__Parabacteroides_distasonis	-0.027050968057	-0.0356682595886	-0.0342352236349	-0.010048045625	0.0338934747549	-0.00813819054513	-0.0863826479953	-0.0398648830559	-0.0364715335727	1.0	0.0314331055698	0.0377609767002	-0.0273533659474	-0.0259578224102	-0.0264622139546	-0.0216676697682	0.0136984191753	-0.0416145127337	-0.043255774998	0.00408388060384	-0.0168924666841	-0.0137046620994	0.0130212279076	0.0251653143289	-0.0178285369825	0.00485457837898	-0.00125058270825	0.0052343574611	-0.0240245087938	-0.00110143748582	0.0726637924539	-0.0244113272105	0.0433440984164	-0.0233055212214	0.00427379401727	-0.0840281590852	-0.0594780883153	-0.0269703614559	0.0482067751396	-0.0152066842168	-0.0721986347327	0.0613960828775	-0.0641708564585	-0.0480640660095	0.0495119774439	-0.00826693141936	-0.00163776476822	-0.0313277058185	-0.0230399844644	-0.035794016313	0.0230999692104	-0.0436016644073	0.0144933450154	-0.0520299770857	0.0159870250022	0.0136682015169	0.000372500291041	0.00855141620281	-0.0298690499251
k__Bacteria;p__Bacteroidetes;c__Bacteroidia;o__Bacteroidales;f__Bacteroidaceae;g__Bacteroides;s__Bacteroides_thetaiotaomicron	-0.00439898993801	-0.0533210798501	-0.0448598238526	-0.0363753754659	0.0487661209784	-0.0257146070583	0.0188631138595	-0.0257053012002	-0.0250045743019	0.0314331055698	1.0	-0.0336611241602	-0.00367778218288	0.0186834319562	0.00882396271861	0.0649602575985	0.000505543646815	-0.0036954568241	0.00951919033189	-0.0324981596119	0.0439161997404	0.0120714035024	-0.0866571473294	-0.0246489429849	0.0181640862599	-0.0122168927328	-0.000942335545796	-0.0427927279487	-0.0343067312143	-0.00881242060836	0.0472400326316	0.0172479417537	-0.0109729995402	0.0223093259081	0.00850254057317	-0.0356891873265	-0.0738784146141	0.046269556307	-0.039897723697	0.0247542498562	0.0458475718273	-0.0315549440661	-0.00409053261161	-0.0346010004669	-0.0145967208971	0.0377444824553	0.0704966263993	-0.00475160055773	-0.0555609329674	0.0248597968808	0.0286388301844	0.00125085128136	-0.0414893442184	-0.0126708434186	-0.0346398762989	0.0105511596986	-0.0376497845909	-0.0248744008856	-0.0288453035738
k__Bacteria;p__Bacteroidetes;c__Bacteroidia;o__Bacteroidales;f__Bacteroidaceae;g__Bacteroides;s__Bacteroides_coprocola	0.0273768650085	0.0208868163031	-0.00990504925124	-0.0200432438614	-0.0469742050874	-0.0383033095185	0.0025150094615	-0.0458381523907	-0.0242493877539	0.0377609767002	-0.0336611241602	1.0	-0.00207810707456	0.00274444077281	-0.0318354888252	-0.0141716979919	0.0245944877843	-0.0194068025428	0.0121137724146	0.000698072715952	-0.0218442178455	0.00221652814416	-0.0008894559247	-0.0282886235544	0.0111628100859	-0.0464374286267	0.0091650479204	0.0059779762272	0.00322975407735	0.0311992913488	-0.0857913384239	-0.065597786023	-0.00655606045907	0.00597274898057	0.0147041833555	-0.0380550813239	-0.00741261569207	0.0780777672554	-0.0368827265893	-0.0152029970888	-0.00315146870218	-0.0159865020738	0.0326476150488	-0.0205484257883	-0.0135427515422	0.00648740304411	-0.0127285724226	-0.0260590927444	-0.0155876119687	-0.0455244097662	-0.0580836372931	0.0207423649199	-0.051178007356	-0.0429137321445	0.0157688909212	-0.044257678258	-0.0270904222641	-0.00444911130441	-0.00642509380331
k__Bacteria;p__Bacteroidetes;c__Bacteroidia;o__Bacteroidales;f__Bacteroidaceae;g__Bacteroides;s__Bacteroides_cellulosilyticus	-0.0408324560331	0.00656462507138	0.00558423918045	0.0321762443758	0.067328591358	0.00306875555567	-0.0694577908251	-0.0172533060884	-0.00894521008672	-0.0273533659474	-0.00367778218288	-0.00207810707456	1.0	-0.0701328941751	-0.0283806333314	-0.00520581105141	0.0176349223185	-0.0116165177784	-0.0524296400115	-0.00946631496451	-0.0205296962561	-0.0567272105548	0.0177278688121	0.0168907120959	-0.0201886671421	-0.00477528411219	0.0469462084223	0.00577085302862	-0.0363840002246	-0.0404667974554	-0.0139065099186	-0.00527379544477	-0.0209846422577	0.00164694033887	0.00986085662353	-0.0430083619668	-0.0278031234072	-0.0179627674959	-0.0866199763864	0.0153979658453	-0.00752407575533	-0.024008029536	-0.0201853914727	-0.0203819419181	0.0300097913031	-0.0236294552564	-0.0327563740954	0.0256102731221	0.00824822166014	0.0233986675411	-0.0440478905503	-0.0318131725009	-0.0298914518755	0.0337501276991	-0.03879670986	-0.000540804506906	0.025222517527	0.00438233583921	0.0101915399431
k__Bacteria;p__Bacteroidetes;c__Bacteroidia;o__Bacteroidales;f__Rikenellaceae;g__Alistipes;s__Alistipes_obesi	0.0477083735165	-0.0229440661016	0.0171571909725	-0.0240439200516	-0.0309231754437	0.00697370337411	-0.00351561577596	-0.00980218129628	-0.0375622536604	-0.0259578224102	0.0186834319562	0.00274444077281	-0.0701328941751	1.0	0.0727811157997	-0.0294658862839	-0.0427827719689	0.0121129825294	0.0487861764894	-0.0368630711507	-0.0262160656848	-0.00773795970575	-0.0215053563014	0.00545064235231	0.0347823353269	-0.0167571102673	-0.0396794683271	-0.0159610190415	0.00914263130808	-0.0370271812183	-0.03874529183	-0.0170953086181	-0.00507002370386	-0.0816144434577	-0.0137015715597	-0.0121084948865	-0.0333046560146	0.0170912924241	-0.0327265048046	-0.0138634957759	0.0346112414484	-0.00994397453426	0.00163773017795	0.0133522816092	0.00829458506002	0.0359820666767	-0.0359108144575	-0.00423920243832	0.0421052634128	-0.00456381103619	0.0170151278298	-0.0432147641484	0.0116563201387	-0.00396294781066	0.0220828321887	-0.0497310184456	0.0187240565282	0.00451563246332	0.0408111310337
k__Bacteria;p__Firmicutes;c__Clostridia;o__Clostridiales;f__Lachnospiraceae;g__;s__[Eubacterium]_rectale	-0.0169217820675	-0.00736291275807	-0.000576886323158	0.00401888899124	0.00842413011574	0.0215062046431	0.00650342973559	0.0493543898732	-0.0042214882714	-0.0264622139546	0.00882396271861	-0.0318354888252	-0.0283806333314	0.0727811157997	1.0	0.0163343935611	-0.0592012904745	-0.0251263698946	0.0607179715575	-0.0184006750178	-0.0485017166076	0.0246375736273	0.0252424235691	0.00778260977888	0.00205265394118	-0.00106824285938	0.014934648529	-0.0247681391315	0.0103297779614	0.0210605322964	-0.018423070353	0.00865885239113	-0.0515800031011	-0.0133168606288	-0.00608598425524	0.00960521895633	-0.0144795051042	-0.0402384894923	0.0242188049847	-0.0677347918627	0.00285339375123	-0.0471495225443	0.0245872255702	0.00937339820111	-0.0126048007272	-0.0354726207837	-0.0231599578982	-0.0220481039516	-0.0131666017909	-0.0188194006378	0.0221948727105	0.020542736692	0.00968962314675	-0.0777605798268	-0.0321925754124	-0.0623487521896	0.0218765570543	-0.0035324184224	0.0491970510614
k__Bacteria;p__Bacteroidetes;c__Bacteroidia;o__Bacteroidales;f__Bacteroidaceae;g__Bacteroides;s__Bacteroides_plebeius	-4.33885942275e-05	0.0401890888297	-0.0195751107076	0.0312894007031	-0.0085515808126	-0.049424537697	-0.0161642078132	0.000646352958579	-0.0174205663642	-0.0216676697682	0.0649602575985	-0.0141716979919	-0.00520581105141	-0.0294658862839	0.0163343935611	1.0	-0.0287337470129	0.0151144138783	-0.031243210927	-0.0100983834735	0.00122216194696	0.0111288666763	-0.0399206741241	-0.0193419287794	-0.00874575876729	-0.0118205818311	-0.0208822287885	-0.0330790624917	0.0572386777334	-0.0465484869904	0.0302839411667	-0.00637702090751	-0.045816736062	-0.0815989085071	-0.0231326955989	0.0128599431778	-0.0428645187313	0.017103022649	0.0314039410422	0.0391226084145	0.0120107191583	0.0707386356025	-0.0198171208936	0.00209389333732	-0.0108224731598	-0.0105234085442	-0.04392374834	0.0200899615356	0.0153068038598	0.00878726302316	-0.0109725087646	-0.0332640324366	0.0296444287617	-0.043102343448	-0.021937923038	-0.000440657058851	-0.0438241416622	0.0104708891788	-0.0104701571038
k__Bacteria;p__Bacteroidetes;c__Bacteroidia;o__Bacteroidales;f__Bacteroidaceae;g__Bacteroides;s__Bacteroides_fragilis	-0.00275466743629	-0.0909708226226	0.0467411049575	0.00715406977082	0.027748050537	-0.0251713735036	0.0131470979347	-0.0322746790899	0.00204210408271	0.0136984191753	0.000505543646815	0.0245944877843	0.0176349223185	-0.0427827719689	-0.0592012904745	-0.0287337470129	1.0	0.0353266116292	-0.0302391316268	0.0345674970808	9.1744082844e-05	-0.0604714213001	-0.0180559762816	0.0190601475584	-0.0167837762407	-0.00195573647921	0.00512034339627	-0.0384448265861	0.0393639741577	0.0252702981773	0.0245138600687	-0.0212717985271	-0.0434525232152	-0.0412176536669	0.00520961975241	0.0059884630879	0.00658804654872	-0.0238548578099	-0.0519657304731	-0.0018259062854	-0.00489685498198	0.0669504243709	-0.0469205730961	-0.00747522959769	-0.0126069202698	-0.0657798381438	-0.0456511305284	0.0220455950146	-0.0621540327365	0.0327329575907	0.00209399928182	0.0247764634612	0.0280249437909	0.00861199635711	-0.00382562844047	-0.0171051497814	-0.054868532422	0.0252147301716	0.00733873333761
k__Bacteria;p__Proteobacteria;c__Betaproteobacteria;o__Burkholderiales;f__Sutterellaceae;g__Sutterella;s__Sutterella_wadsworthensis	-0.0499683451374	0.0394596701049	-0.0211774324957	0.0124930030682	-0.0266844120731	-0.0174635506063	-0.0101630362186	-0.0172393339082	-0.0178634589624	-0.0416145127337	-0.0036954568241	-0.0194068025428	-0.0116165177784	0.0121129825294	-0.0251263698946	0.0151144138783	0.0353266116292	1.0	-0.037246517194	-0.0248825714477	-0.0135148145083	-0.0151920910029	-0.0132808473163	0.0124497419207	-0.00637388868342	0.0329508660177	-0.0286818894576	-0.000965535345574	0.00140269045408	0.0261930021132	-0.00728638823993	0.0448368668798	-0.0754570292081	-0.0629282987217	-0.036546753479	-0.0133697477801	-0.0821743744597	-0.0369816842609	0.0298983053897	0.0559870088072	-0.0410595791885	-0.00856024643185	0.0241626309522	-0.0503371866968	-0.0407371698453	0.0107775384902	-0.0296823198203	-0.0323260153433	0.0108408791594	-0.0183123333037	0.0428054627512	-0.0888458450792	-0.0191150833914	-0.0371725431119	-0.0388519818452	0.04037946737	-0.00400312687193	0.0332600297005	0.0325121095145
k__Bacteria;p__Bacteroidetes;c__Bacteroidia;o__Bacteroidales;f__Porphyromonadaceae;g__Barnesiella;s__Barnesiella_intestinihominis	0.0151338868011	-0.00656939074472	-0.00948982510901	0.00649617422881	-0.0450724810379	-0.00293858845263	-0.0639581167399	0.0236642322209	-0.0584492212236	-0.043255774998	0.00951919033189	0.0121137724146	-0.0524296400115	0.0487861764894	0.0607179715575	-0.031243210927	-0.0302391316268	-0.037246517194	1.0	-0.0752276499809	-0.0454775459384	-0.0187699031152	-0.004967365088	-0.015075827882	-0.0374145778379	-0.00384570991738	0.0410010152087	0.00616690294156	0.000166343990941	-0.0135326164764	-0.0030444730918	-0.00465698017583	-0.0304510580387	-0.0500485006057	-0.0743361145704	0.0148024971402	-0.00967993098821	-0.0535504103719	0.0244961315723	-0.0202741137315	-0.0499188225204	-0.0269558963822	0.018403645284	-0.00695859374158	-0.0248171356601	-0.0261877950495	-0.0138443189461	0.0484253597303	0.00815552424899	-0.00234892198332	-0.0466777554012	0.0255538671798	0.0324030858502	-0.0423189219436	-0.015805925258	-0.0135145319822	0.0551583106007	-0.0177974384742	-0.0374171360381
k__Bacteria;p__Bacteroidetes;c__Bacteroidia;o__Bacteroidales;f__Odoribacteraceae;g__Odoribacter;s__Odoribacter_splanchnicus	-0.0715118741504	0.00758549626526	-0.0277175164863	-0.0660373492271	0.000400644457168	0.0312324073589	0.0101003748574	0.00350959642905	0.0210645405971	0.00408388060384	-0.0324981596119	0.000698072715952	-0.00946631496451	-0.0368630711507	-0.0184006750178	-0.0100983834735	0.0345674970808	-0.0248825714477	-0.0752276499809	1.0	-0.0405225502916	-0.0267809879838	0.0233015208071	0.0213377282558	0.00538812064702	0.0269150513569	-0.0284272181357	0.0216138484982	0.0141147633153	-0.0875740093624	-0.0372445357189	0.0129784475193	-0.0365772705722	0.0465681020692	0.0118851765184	0.0541730018939	-0.0235664994082	-0.0557012227326	0.0719678866113	-0.0150024786942	-0.00249507061891	0.0275937823504	0.0211954694962	0.0170430982754	0.0175340995539	0.0154070671269	-0.0476398375464	-0.0303195013294	-0.0566753332717	-0.0404051360734	-0.00657678023978	0.021777888433	-0.0197736587473	0.046339880359	-0.0069358629035	-0.0473587162268	-0.0157104001824	0.0622487261953	0.0147701556136
k__Bacteria;p__Bacteroidetes;c__Bacteroidia;o__Bacteroidales;f__Bacteroidaceae;g__Bacteroides;s__Bacteroides_salyersiae	-0.011755398057	-0.0458171608893	-0.0379540902718	0.0415237968276	0.0109156110678	0.0538760735295	0.0310539041775	-0.001912616853	0.00281423992499	-0.0168924666841	0.0439161997404	-0.0218442178455	-0.0205296962561	-0.0262160656848	-0.0485017166076	0.00122216194696	9.17440828439e-05	-0.0135148145083	-0.0454775459384	-0.0405225502916	1.0	0.011771853397	-0.00826351358009	0.0153184266697	0.0144255385732	-0.0281730926927	-0.0304628335188	-0.05198827034	-0.00489611782439	-0.00612599908108	0.0511220629745	-0.0336533191744	-0.00707058828981	0.0140753021862	-0.0205590972895	-0.0103788659243	-0.00979204264612	0.0330350634676	0.053761688851	0.0269664485134	0.0112582427836	-0.00196728885031	-0.0197836469255	-0.0172063627744	0.0387024459277	0.0458488804268	0.000713434052961	-0.0821138328596	-0.0352640218412	-0.0242633636279	-0.00294654855275	-0.056292495224	0.0585586675362	0.0782653360841	0.0139559340239	0.0103061448162	0.0264711987487	0.0286892001319	-0.0298859445866
k__Bacteria;p__Firmicutes;c__Clostridia;o__Clostridiales;f__Ruminococcaceae;g__Ruminiclostridium;s__[Eubacterium]_siraeum	-0.0201183759958	-0.0101060633508	-0.00184066428597	-0.0323911332724	0.0473159347789	0.0218319667972	-0.0298898492194	0.000458991950932	-0.0537673384165	-0.0137046620994	0.0120714035024	0.00221652814416	-0.0567272105548	-0.00773795970575	0.0246375736273	0.0111288666763	-0.0604714213001	-0.0151920910029	-0.0187699031152	-0.0267809879838	0.011771853397	1.0	0.0398538240081	-0.020474014874	-0.0302947229991	0.0374530441064	-0.0153337906497	-0.00295687809315	-0.037479136839	0.00963623802686	-0.0891703098523	-0.0551975101273	-0.0125060337609	-0.0138374590972	0.0254025012557	0.00536250490421	0.0185454305848	-0.00641204357869	-0.0107510173976	-0.0143352331221	0.00448591722732	-0.00400332085281	-0.00404721845065	0.0232512071451	0.00827479023053	-0.0240077666085	-0.0866323173159	-0.00151898531154	0.0355624900234	-0.0211367090203	0.0273131507345	-0.0218288553182	-0.0459549060519	-0.00614709905522	-0.0325298046203	0.0222145711655	-0.0378681559843	0.0108885601367	-0.00478018441103
k__Bacteria;p__Proteobacteria;c__Betaproteobacteria;o__Burkholderiales;f__Sutterellaceae;g__Parasutterella;s__Parasutterella_excrementihominis	0.0453536901937	-0.0592440026657	0.0478100511967	-0.017872205701	0.0286636117205	0.0205476653955	-0.0431215208837	0.0230894246286	-0.00222260829304	0.0130212279076	-0.0866571473294	-0.0008894559247	0.0177278688121	-0.0215053563014	0.0252424235691	-0.0399206741241	-0.0180559762816	-0.0132808473163	-0.004967365088	0.0233015208071	-0.00826351358009	0.0398538240081	1.0	0.0827176371155	-0.00984995586186	-0.0568927469345	-0.0210113782899	0.0283665297013	0.0029040387723	-0.0532081261955	0.0022591628761	-0.0690272216228	-0.0288034911222	0.0613060369494	-0.0377409687393	0.00403969714214	-0.00686279176098	0.0532464873359	0.0161353967948	-0.0317825393655	-0.0629813978914	0.00950423627671	-0.0131570043849	-0.0195491862137	0.0569478136115	0.0337181709951	-0.0101406005687	0.0177393444176	0.00397519772337	-0.0134054850083	-0.00658228137929	-0.0336278129839	-0.00900046929279	-0.00514808744002	-0.0241801538157	-0.0608117208427	-0.0418623470756	0.00492878981241	-0.00733566358053
k__Bacteria;p__Actinobacteria;c__Actinobacteria;o__Bifidobacteriales;f__Bifidobacteriaceae;g__Bifidobacterium;s__Bifidobacterium_adolescentis	-0.00965791514633	0.00842463211597	0.0136211395818	0.0192062697135	-0.0465933497708	-0.0433910369242	-0.0293529286298	-0.0342518088552	-0.0482169220716	0.0251653143289	-0.0246489429849	-0.0282886235544	0.0168907120959	0.00545064235231	0.00778260977888	-0.0193419287794	0.0190601475584	0.0124497419207	-0.015075827882	0.0213377282558	0.0153184266697	-0.020474014874	0.0827176371155	1.0	0.00481128569345	-0.0176061068328	0.0115767481644	0.0282558206419	-0.0310728715019	-0.00874629488835	0.0281386380254	-0.022763809626	0.0182276753876	0.0120934108282	0.0277634560919	0.0326046889678	-0.0129310874641	0.0634124980779	-0.0510101833094	-0.0518540436453	-0.021957729356	-0.0302880905983	-0.0490192803472	-0.0518504533507	0.0528822627652	-0.0212708877948	-0.0245315385043	-0.0368891913224	-0.00533052990663	-0.0162105480392	-0.00977156014997	-0.0517544646656	-0.00934323294191	-0.00516760022134	-0.0157689637751	-0.0247207056238	-0.0154464735203	-0.0354150221248	-0.0431298413437
k__Bacteria;p__Firmicutes;c__Clostridia;o__Clostridiales;f__Oscillospiraceae;g__Oscillibacter;s__Oscillibacter_sp._KLE_1745	-0.0315200433479	0.019397473055	0.0281344106343	0.0201588721521	-0.0227830886435	0.0170592166775	0.0778625230292	-0.0435195956072	-0.0267049827929	-0.0178285369825	0.0181640862599	0.0111628100859	-0.0201886671421	0.0347823353269	0.00205265394118	-0.00874575876729	-0.0167837762407	-0.00637388868342	-0.0374145778379	0.00538812064702	0.0144255385732	-0.0302947229991	-0.00984995586186	0.00481128569345	1.0	-0.0515781571742	0.00654198065104	-0.0323651065866	-0.020631942977	-0.0389324547188	-0.0166360282078	0.0276873336912	-0.0211676152399	-0.0114380241303	-0.0271704374106	-0.0138862008813	0.0360900078661	0.0105192869156	-0.0399320367251	-0.062448115529	0.00306505613612	0.00131800420936	-0.0112499618699	0.00483243933685	0.00269586746764	0.0130761823821	-0.027539027834	-0.0142786393027	-0.0146208656349	-0.0181124572323	0.0101270799409	-0.00449183336419	-0.00375200579605	-0.0432875197472	-0.00853231971307	0.00524246158189	0.0446657822841	-0.0451652230798	0.0327160237015
k__Bacteria;p__Bacteroidetes;c__Bacteroidia;o__Bacteroidales;f__Bacteroidaceae;g__Bacteroides;s__Bacteroides_coprophilus	-0.00648309205623	0.0394728466948	0.0346998091607	0.0418153881683	-0.00442028948624	-0.0259387398767	-0.0334859931432	0.0374655708784	-0.0348006040308	0.00485457837898	-0.0122168927328	-0.0464374286267	-0.00477528411219	-0.0167571102673	-0.00106824285938	-0.0118205818311	-0.00195573647921	0.0329508660177	-0.00384570991738	0.0269150513569	-0.0281730926927	0.0374530441064	-0.0568927469345	-0.0176061068328	-0.0515781571742	1.0	-0.0219584360624	-0.0114459293074	-0.0274266972346	-0.0105424880526	-0.0149093168376	0.0040358362198	-0.0457214887337	-0.0701104007506	-0.0468083226842	0.0237239808131	-0.0147917668923	-0.027418231652	-0.0433164095733	0.0192237705181	0.0360331866133	0.0107274986475	-0.00175290972526	-0.00737659139236	-0.0326135490416	-0.0248495721209	-0.0180000210069	0.064374383702	-0.0477837018797	-0.0302154123935	-0.0124931998264	0.00548217793235	-0.0306436253459	0.050558033489	-0.0157123774416	0.0241804777064	-0.0348875731264	-0.00592513799436	-0.00763491231207
k__Bacteria;p__Firmicutes;c__Clostridia;o__Clostridiales;f__Lachnospiraceae;g__Roseburia;s__Roseburia_intestinalis	-0.00132485830377	-0.0401129119995	-0.0275306519776	-0.0465808501456	0.0268240132307	-0.0153271196099	-0.0313315079441	0.00856610864525	0.0323934234499	-0.00125058270825	-0.000942335545796	0.0091650479204	0.0469462084223	-0.0396794683271	0.014934648529	-0.0208822287885	0.00512034339627	-0.0286818894576	0.0410010152087	-0.0284272181357	-0.0304628335188	-0.0153337906497	-0.0210113782899	0.0115767481644	0.00654198065104	-0.0219584360624	1.0	0.00403267831479	-0.0313625537913	-0.0217062955288	-0.00209034847941	-0.0351737310298	-0.0435176047081	0.0194127528598	0.0300408988509	0.0232579106516	-0.04580658978	0.0355535643239	-0.0171257283144	-0.045198491072	0.041538772537	-0.0266443017023	-0.0139236220552	-0.00243056762322	-0.0198947017403	-0.0551435664891	-0.0245584062892	-0.0125430603184	0.0551001415646	0.026832262168	0.0343111032039	0.0048450101517	0.00356790866737	-0.0390878814078	0.0610565152281	-0.048465720684	-0.00602226617452	-0.0524485062506	-0.0323635356691
k__Bacteria;p__Firmicutes;c__Clostridia;o__Clostridiales;f__Lachnospiraceae;g__Roseburia;s__Roseburia_hominis	0.0225344552502	0.0274817377742	-0.00913685374317	-0.0354196896488	-0.0239842377902	-0.0176549468793	-0.0245989578056	0.0297536576571	-0.0624835659054	0.0052343574611	-0.0427927279487	0.0059779762272	0.00577085302862	-0.0159610190415	-0.0247681391315	-0.0330790624917	-0.0384448265861	-0.000965535345574	0.00616690294156	0.0216138484982	-0.05198827034	-0.00295687809315	0.0283665297013	0.0282558206419	-0.0323651065866	-0.0114459293074	0.00403267831479	1.0	-0.00510149890921	0.00693599563357	-0.0351915373208	-0.0210021164668	-0.0146495719678	-0.0282277962623	-0.0557494823924	-0.0297677991043	-0.0495039314191	-0.000204015833934	0.00197437943099	-0.023274687622	-0.00884986405606	-0.0177992997736	-0.053301061757	-0.0138308602731	-0.00403915111986	-0.0711505685549	0.014447078611	0.0233205473515	0.0385075196169	0.0104402871231	-0.00267047039977	0.00519498879041	0.0618955519422	0.0410839983715	-0.0157936100344	-0.0191423720821	0.00809287434521	-0.0397584744361	-0.0646132638643
k__Bacteria;p__Bacteroidetes;c__Bacteroidia;o__Bacteroidales;f__Porphyromonadaceae;g__Parabacteroides;s__Parabacteroides_johnsonii	-0.028704517514	0.0238946705948	-0.00762511022338	-0.0167293189144	0.00649748113229	-0.0315255716654	-0.00464100148249	0.00200782990641	-0.0623812458167	-0.0240245087938	-0.0343067312143	0.00322975407735	-0.0363840002246	0.00914263130808	0.0103297779614	0.0572386777334	0.0393639741577	0.00140269045408	0.000166343990941	0.0141147633153	-0.00489611782439	-0.037479136839	0.0029040387723	-0.0310728715019	-0.020631942977	-0.0274266972346	-0.0313625537913	-0.00510149890921	1.0	-0.0189223502809	-0.02136856059	-0.0285702469906	0.016845735614	-0.00691264907371	-0.0670207088624	-0.0277066894357	0.0366792793815	-0.00808488407618	0.00287908069048	-0.0036498456508	-0.0156603877087	-0.0123180266421	0.0114614054161	0.000814266256634	-0.00593328318611	-0.0495787402659	-0.0272813346044	-0.0297096174545	0.00545139640672	0.0315662905723	-0.0257460726055	0.0186021906724	-0.0443533395152	-0.0225261422184	-0.0355837467091	-0.0167108224617	-0.0125836811628	-0.0021440127531	-0.040280494981
