#taxonomy	k__Bacteria;p__Bacteroidetes;c__Bacteroidia;o__Bacteroidales;f__Bacteroidaceae;g__Bacteroides;s__Bacteroides_vulgatus	k__Bacteria;p__Bacteroidetes;c__Bacteroidia;o__Bacteroidales;f__Bacteroidaceae;g__Bacteroides;s__Bacteroides_uniformis	k__Bacteria;p__Bacteroidetes;c__Bacteroidia;o__Bacteroidales;f__Rikenellaceae;g__Alistipes;s__Alistipes_putredinis	k__Bacteria;p__Bacteroidetes;c__Bacteroidia;o__Bacteroidales;f__Prevotellaceae;g__Prevotella;s__Prevotella_copri	k__Bacteria;p__Bacteroidetes;c__Bacteroidia;o__Bacteroidales;f__Bacteroidaceae;g__Bacteroides;s__Bacteroides_stercoris	k__Bacteria;p__Bacteroidetes;c__Bacteroidia;o__Bacteroidales;f__Bacteroidaceae;g__Bacteroides;s__Bacteroides_ovatus	k__Bacteria;p__Bacteroidetes;c__Bacteroidia;o__Bacteroidales;f__Rikenellaceae;g__Alistipes;s__Alistipes_shahii	k__Bacteria;p__Firmicutes;c__Clostridia;o__Clostridiales;f__Ruminococcaceae;g__Faecalibacterium;s__Faecalibacterium_prausnitzii	k__Bacteria;p__Bacteroidetes;c__Bacteroidia;o__Bacteroidales;f__Rikenellaceae;g__Alistipes;s__Alistipes_finegoldii	k__Bacteria;p__Bacteroidetes;c__Bacteroidia;o__Bacteroidales;f__Porphyromonadaceae;g__Parabacteroides;s__Parabacteroides_distasonis	k__Bacteria;p__Bacteroidetes;c__Bacteroidia;o__Bacteroidales;f__Bacteroidaceae;g__Bacteroides;s__Bacteroides_thetaiotaomicron	k__Bacteria;p__Bacteroidetes;c__Bacteroidia;o__Bacteroidales;f__Bacteroidaceae;g__Bacteroides;s__Bacteroides_coprocola	k__Bacteria;p__Bacteroidetes;c__Bacteroidia;o__Bacteroidales;f__Bacteroidaceae;g__Bacteroides;s__Bacteroides_cellulosilyticus	k__Bacteria;p__Bacteroidetes;c__Bacteroidia;o__Bacteroidales;f__Rikenellaceae;g__Alistipes;s__Alistipes_obesi	k__Bacteria;p__Firmicutes;c__Clostridia;o__Clostridiales;f__Lachnospiraceae;g__;s__[Eubacterium]_rectale	k__Bacteria;p__Bacteroidetes;c__Bacteroidia;o__Bacteroidales;f__Bacteroidaceae;g__Bacteroides;s__Bacteroides_plebeius	k__Bacteria;p__Bacteroidetes;c__Bacteroidia;o__Bacteroidales;f__Bacteroidaceae;g__Bacteroides;s__Bacteroides_fragilis	k__Bacteria;p__Proteobacteria;c__Betaproteobacteria;o__Burkholderiales;f__Sutterellaceae;g__Sutterella;s__Sutterella_wadsworthensis	k__Bacteria;p__Bacteroidetes;c__Bacteroidia;o__Bacteroidales;f__Porphyromonadaceae;g__Barnesiella;s__Barnesiella_intestinihominis	k__Bacteria;p__Bacteroidetes;c__Bacteroidia;o__Bacteroidales;f__Odoribacteraceae;g__Odoribacter;s__Odoribacter_splanchnicus	k__Bacteria;p__Bacteroidetes;c__Bacteroidia;o__Bacteroidales;f__Bacteroidaceae;g__Bacteroides;s__Bacteroides_salyersiae	k__Bacteria;p__Firmicutes;c__Clostridia;o__Clostridiales;f__Ruminococcaceae;g__Ruminiclostridium;s__[Eubacterium]_siraeum	k__Bacteria;p__Proteobacteria;c__Betaproteobacteria;o__Burkholderiales;f__Sutterellaceae;g__Parasutterella;s__Parasutterella_excrementihominis	k__Bacteria;p__Actinobacteria;c__Actinobacteria;o__Bifidobacteriales;f__Bifidobacteriaceae;g__Bifidobacterium;s__Bifidobacterium_adolescentis	k__Bacteria;p__Firmicutes;c__Clostridia;o__Clostridiales;f__Oscillospiraceae;g__Oscillibacter;s__Oscillibacter_sp._KLE_1745	k__Bacteria;p__Bacteroidetes;c__Bacteroidia;o__Bacteroidales;f__Bacteroidaceae;g__Bacteroides;s__Bacteroides_coprophilus	k__Bacteria;p__Firmicutes;c__Clostridia;o__Clostridiales;f__Lachnospiraceae;g__Roseburia;s__Roseburia_intestinalis	k__Bacteria;p__Firmicutes;c__Clostridia;o__Clostridiales;f__Lachnospiraceae;g__Roseburia;s__Roseburia_hominis	k__Bacteria;p__Bacteroidetes;c__Bacteroidia;o__Bacteroidales;f__Porphyromonadaceae;g__Parabacteroides;s__Parabacteroides_johnsonii	k__Bacteria;p__Actinobacteria;c__Actinobacteria;o__Bifidobacteriales;f__Bifidobacteriaceae;g__Bifidobacterium;s__Bifidobacterium_longum	k__Bacteria;p__Firmicutes;c__Clostridia;o__Clostridiales;f__;g__Flavonifractor;s__Flavonifractor_plautii	k__Bacteria;p__Firmicutes;c__Clostridia;o__Clostridiales;f__Clostridiaceae;g__Clostridium;s__Clostridium_phoceensis	k__Bacteria;p__Verrucomicrobia;c__Verrucomicrobiae;o__Verrucomicrobiales;f__Akkermansiaceae;g__Akkermansia;s__Akkermansia_muciniphila	k__Bacteria;p__Bacteroidetes;c__Bacteroidia;o__Bacteroidales;f__Prevotellaceae;g__Paraprevotella;s__Paraprevotella_xylaniphila	k__Bacteria;p__Firmicutes;c__Clostridia;o__Clostridiales;f__Ruminococcaceae;g__Ruminococcus;s__Ruminococcus_callidus	k__Bacteria;p__Bacteroidetes;c__Bacteroidia;o__Bacteroidales;f__Rikenellaceae;g__Alistipes;s__Alistipes_senegalensis	k__Bacteria;p__Firmicutes;c__Clostridia;o__Clostridiales;f__Lachnospiraceae;g__Blautia;s__Blautia_sp._KLE_1732	k__Bacteria;p__Bacteroidetes;c__Bacteroidia;o__Bacteroidales;f__Bacteroidaceae;g__Bacteroides;s__Bacteroides_oleiciplenus	k__Bacteria;p__Firmicutes;c__Clostridia;o__Clostridiales;f__Ruminococcaceae;g__Ruminococcus;s__Ruminococcus_bicirculans	k__Bacteria;p__Bacteroidetes;c__Bacteroidia;o__Bacteroidales;f__Bacteroidaceae;g__Bacteroides;s__Bacteroides_fluxus	k__Bacteria;p__Bacteroidetes;c__Bacteroidia;o__Bacteroidales;f__Prevotellaceae;g__Prevotella;s__Prevotella_stercorea	k__Bacteria;p__Firmicutes;c__Clostridia;o__Clostridiales;f__Lachnospiraceae;g__Dorea;s__Dorea_longicatena	k__Bacteria;p__Firmicutes;c__Clostridia;o__Clostridiales;f__Eubacteriaceae;g__Eubacterium;s__[Eubacterium]_eligens	k__Bacteria;p__Firmicutes;c__Clostridia;o__Clostridiales;f__Ruminococcaceae;g__;s__Ruminococcaceae_bacterium_D16	k__Bacteria;p__Firmicutes;c__Clostridia;o__Clostridiales;f__Lachnospiraceae;g__Coprococcus;s__Coprococcus_comes	k__Bacteria;p__Proteobacteria;c__Gammaproteobacteria;o__Enterobacterales;f__Enterobacteriaceae;g__Escherichia;s__Escherichia_coli	k__Bacteria;p__Firmicutes;c__Clostridia;o__Clostridiales;f__Ruminococcaceae;g__Anaerotruncus;s__Anaerotruncus_colihominis	k__Bacteria;p__Firmicutes;c__Clostridia;o__Clostridiales;f__Lachnospiraceae;g__Blautia;s__Blautia_obeum	k__Bacteria;p__Bacteroidetes;c__Bacteroidia;o__Bacteroidales;f__Odoribacteraceae;g__Odoribacter;s__Odoribacter_laneus	k__Bacteria;p__Firmicutes;c__Clostridia;o__Clostridiales;f__Ruminococcaceae;g__Ruminiclostridium;s__[Clostridium]_leptum	k__Bacteria;p__Bacteroidetes;c__Bacteroidia;o__Bacteroidales;f__Porphyromonadaceae;g__Parabacteroides;s__Parabacteroides_goldsteinii	k__Bacteria;p__Firmicutes;c__Clostridia;o__Clostridiales;f__Lachnospiraceae;g__Anaerostipes;s__Anaerostipes_hadrus	k__Bacteria;p__Firmicutes;c__Clostridia;o__Clostridiales;f__Ruminococcaceae;g__Ruminococcus;s__Ruminococcus_lactaris	k__Bacteria;p__Firmicutes;c__Clostridia;o__Clostridiales;f__Clostridiaceae;g__Clostridium;s__Clostridium_sp._L2-50	k__Bacteria;p__Firmicutes;c__Clostridia;o__Clostridiales;f__Clostridiaceae;g__Clostridium;s__Clostridium_sp._M62/1	k__Bacteria;p__Firmicutes;c__Clostridia;o__Clostridiales;f__;g__Intestinimonas;s__Intestinimonas_butyriciproducens	k__Bacteria;p__Actinobacteria;c__Actinobacteria;o__Bifidobacteriales;f__Bifidobacteriaceae;g__Bifidobacterium;s__Bifidobacterium_bifidum	k__Bacteria;p__Firmicutes;c__Negativicutes;o__Veillonellales;f__Veillonellaceae;g__Dialister;s__Dialister_invisus	k__Bacteria;p__Bacteroidetes;c__Bacteroidia;o__Bacteroidales;f__Bacteroidaceae;g__Bacteroides;s__Bacteroides_salanitronis
k__Bacteria;p__Bacteroidetes;c__Bacteroidia;o__Bacteroidales;f__Bacteroidaceae;g__Bacteroides;s__Bacteroides_vulgatus	1.0	0.00866475465546	-0.00322682876576	-0.0537777774517	-0.0262268897921	-0.0592877883356	-0.0156800189677	0.0124455268917	0.00633019643156	-0.0410800728548	0.00946792210713	-0.00216766071608	-0.00967961918118	0.0542177936412	-0.0209756213698	-0.0360767087414	0.00330722538175	0.000234080345674	-0.0281325502567	0.0551694286894	0.0230949793121	-0.0524149152441	0.0100002755602	-0.0167948632399	0.00847464743661	-0.0569974546261	-0.00686905230377	0.0389481506605	-0.000326792663455	-0.0365971436906	0.0369821876362	-0.0267702092051	0.000845746547952	-0.0532089196787	-0.00423871550062	0.028494182984	-0.0485640322555	-0.0437498360387	0.00694189883253	-0.0242214496571	0.00537829325049	0.0359473253296	-0.00737435758137	0.00353042441139	-0.0440284821558	0.0202369906889	0.0242456044299	-0.0795623182499	-0.0391086154111	0.0050223426503	0.0024484546876	0.000264616462915	0.0395411098004	-0.029474055418	0.00245685158236	-0.00502016511281	-0.031586639558	0.076139019403	0.0322891448404
k__Bacteria;p__Bacteroidetes;c__Bacteroidia;o__Bacteroidales;f__Bacteroidaceae;g__Bacteroides;s__Bacteroides_uniformis	0.00866475465546	1.0	-0.0322525029191	-0.0284092011221	-0.0306597051509	-0.00546302538932	-0.0548516906787	0.0122548597862	0.00230069157108	-0.0150697377868	-0.0198533573438	-0.0523592675377	-0.0237638786822	-0.0303151841796	0.00684092604109	-0.00682994451472	-0.0239732576738	0.0259231578715	0.00651628880303	0.00753798399561	0.0402648644669	-0.0322953059202	0.00388627620993	-0.0158372766738	0.0205904665995	0.0204824909599	-0.026299292504	0.00125358018968	0.0272729978873	0.0496792585134	-0.0534943326727	0.0682858004262	0.026051382312	-0.00648072839114	-0.0195210570058	0.00835050665418	0.00320906569616	-0.0125216471901	0.00958343518248	-0.0116992268724	-0.0124952784621	0.014046438745	-0.0223664955351	-0.0666112478944	-0.0216069468133	0.0200048848828	0.0187990584657	0.00913793770793	0.00659938025056	-0.0057419993987	0.0299418676411	0.00925972954498	0.0905461773994	-0.0466055933949	-0.032280411389	0.0184806412267	0.00935829868555	0.00276233388359	0.0383039655874
k__Bacteria;p__Bacteroidetes;c__Bacteroidia;o__Bacteroidales;f__Rikenellaceae;g__Alistipes;s__Alistipes_putredinis	-0.00322682876576	-0.0322525029191	1.0	-0.016684418853	0.0100007562378	0.0323095732981	-0.0297562882715	-0.0647019907644	-0.0410362542089	-0.00532894406083	0.0250362005339	-0.0071788158112	-0.0544900549983	0.0170199977864	-0.029506465917	0.00922523325114	-0.00864543549227	-0.0526494657988	0.0111440894886	-0.00917745865282	0.003522143775	0.0010389578926	-0.00433673880055	-0.0084255738141	-0.0191363713543	-0.0122289362411	-0.00397369171603	-0.0160572055277	0.00824872351624	-0.0144692308805	0.0247914811515	0.0107838980243	-0.0777818322139	0.0377472207523	-0.0508568809798	0.0204847272338	0.00892175542197	-0.102422642045	-0.0239388382535	-0.0472861918727	-0.0119822738975	-0.00298182037604	-0.0263022030858	-0.0258144823709	-0.0199340168675	-0.0123970948286	-0.0439490787546	-0.0282689448713	0.0368982474109	-0.0261733318668	0.00699569299212	0.0274794534989	0.0459237122918	-0.00329319868149	-0.00813706409032	-0.00511339012129	0.0775960656188	-0.0279894230814	0.0159179316445
k__Bacteria;p__Bacteroidetes;c__Bacteroidia;o__Bacteroidales;f__Prevotellaceae;g__Prevotella;s__Prevotella_copri	-0.0537777774517	-0.0284092011221	-0.016684418853	1.0	-0.0316881828147	-0.0301613606858	-0.0416602042272	-0.0351215264605	0.00978020529072	0.0590475307867	-0.0178906214141	0.00829651448122	0.0127268841406	0.00217520743065	0.0438603898388	-0.0262924297679	0.00594859251654	-0.0331682574531	0.0193558168555	-0.0665963433196	0.0540238523278	-0.0225237245198	0.0109598189905	-0.0253702902362	-0.0327668325982	-0.0251241843594	-0.031737875082	-0.0113119170264	-0.0185397028612	-0.0243894646592	0.010188789125	0.0055532449381	0.043758467601	-0.0139618155573	-0.0106650425991	-0.0670751414433	0.000568181255016	0.042080716933	-0.0168965895438	0.0657417565461	0.0089095613248	-0.0285355015527	-0.0164957553533	0.048513990275	0.0110006813728	0.0076717091922	-0.0175219117409	-0.0680540250212	-0.00019034710336	-0.00672171277861	-0.0108388232288	-0.0217183418899	-0.0452789960594	-0.0160054905621	-0.0170075462634	0.0407510078282	-0.0143945678662	-0.0426963988563	-1.36657434956e-05
k__Bacteria;p__Bacteroidetes;c__Bacteroidia;o__Bacteroidales;f__Bacteroidaceae;g__Bacteroides;s__Bacteroides_stercoris	-0.0262268897921	-0.0306597051509	0.0100007562378	-0.0316881828147	1.0	-0.0236527957519	0.0105006142825	0.00111372927113	0.0176002048049	0.00900272630824	-0.0141466210407	-0.0147976196106	0.0476847046715	0.0183437020232	-0.0101857733812	-0.00261916506916	-0.0673003108044	0.0187400581047	-0.016917668151	0.0229469842836	-0.0117975933946	0.0215598122396	0.00801511891353	-0.0487906491193	-0.00477916095166	0.0107176484408	-0.0075583050067	0.00574970588226	-0.0115211184684	-0.00285345326019	0.065841228131	0.0464138913994	0.0312871519927	0.0214082489337	-0.0372958785264	0.0468670691055	-0.0218776577045	0.052973355753	-0.0171894107049	-0.0421461069151	-0.011059482576	-0.00692097168442	-0.0112818322325	0.0433351597556	-0.0404961140893	0.0222927267178	-0.010686716772	0.0539714557257	-0.0301275916645	0.00338365031054	-0.000301880932047	-8.36144424664e-06	-0.000535372012516	0.0181670793051	-0.023989044828	0.0105379551522	-0.0298620958649	0.00440248063612	-0.0180193048555
k__Bacteria;p__Bacteroidetes;c__Bacteroidia;o__Bacteroidales;f__Bacteroidaceae;g__Bacteroides;s__Bacteroides_ovatus	-0.0592877883356	-0.00546302538932	0.0323095732981	-0.0301613606858	-0.0236527957519	1.0	0.00943287058399	-0.0369666896728	0.0493625111905	0.0337866133439	0.0117777265602	0.0541159707036	-0.0598569104934	0.0164171507965	0.0302304174971	-0.0208578769868	0.0229555308649	-0.0250237453612	-0.00382603456148	0.0121325535397	0.0526775687557	-0.0208325222389	0.0308655437098	0.0215120138804	0.00446927302363	-0.0292995995672	0.0222269432656	-0.00593820604462	-0.0492149159789	0.0355653253077	0.0495744007662	-0.0404499387023	-0.0723743231395	0.0109486627844	0.0258248388534	0.00443485438026	-0.0312603945434	-0.00807504835498	0.0402037318731	0.0402436163006	0.00698915037794	-0.0342969713475	-0.0625160245622	0.05506850032	0.00528126243297	-0.0258616488076	-0.0252874629581	0.00240182922337	-0.0234823549394	-0.0483349121147	-0.00671277637587	-0.0411229931602	-0.0269125865202	-0.0368907017034	-0.00198576313865	-0.00449709534459	0.0378728932023	-0.0393683975902	-0.0470487351094
k__Bacteria;p__Bacteroidetes;c__Bacteroidia;o__Bacteroidales;f__Rikenellaceae;g__Alistipes;s__Alistipes_shahii	-0.0156800189677	-0.0548516906787	-0.0297562882715	-0.0416602042272	0.0105006142825	0.00943287058399	1.0	-0.00668039640705	-0.026743346215	0.0318976915923	0.0487717548526	0.0294345181863	-0.0124366207601	-0.0259900798184	0.0117685554223	-0.039019305388	0.00305384039677	0.0205623765905	-0.0305758616274	-0.00980347184655	-0.00170560092074	-0.00801849264968	-0.0483901002412	0.000569703401491	-0.00299987917768	0.0186147354573	0.000490325462572	0.0393111817082	-0.00127437542183	0.00195462746061	0.0233059807401	0.0288515540203	0.00996774878707	0.0284316644474	-0.0310286754705	-0.0476838664778	-0.0373465602065	0.029641734802	-0.0225708464247	-0.0250822342786	0.0110047062767	-0.0843149041147	0.0223197863361	-0.0215286541228	-0.0323541407781	0.0287978327696	-0.00181212659247	-0.00616851792817	0.0333917044925	-0.0143190406031	-0.0253346802163	-0.0107948913029	-0.0201633084117	0.0153495360485	-0.00262946626017	-0.0727583560872	-0.0118315873284	-0.0153333396723	-0.0384992660077
k__Bacteria;p__Firmicutes;c__Clostridia;o__Clostridiales;f__Ruminococcaceae;g__Faecalibacterium;s__Faecalibacterium_prausnitzii	0.0124455268917	0.0122548597862	-0.0647019907644	-0.0351215264605	0.00111372927113	-0.0369666896728	-0.00668039640705	1.0	-0.0829357994203	0.00228848402955	0.00583215028557	0.0175318544644	-0.0130369265249	-0.00629613712702	-0.00159270069	-0.041292530268	0.0271199362157	-0.0454453693212	-0.0108829226364	0.0140523179602	-0.00889236503022	-0.011360223308	-0.0381428963363	-0.0257958863298	-0.018071968412	-0.0499228492743	-0.0427554995818	-0.00539974144838	0.0282182296215	0.0110712104121	-0.0262202571423	0.0231458358263	-0.0286761468849	0.0393000074643	0.00365218212664	-0.0173934686673	-0.00162028707849	0.00390771239635	-0.0101596545595	-0.0101564815109	0.0195322606288	-0.0640061898784	-0.0128347029717	-0.0240905143935	-0.0559568872495	-0.0194361692197	-0.000816316887302	0.0295414085546	0.00166555402154	-0.0441652334571	-0.00199156830049	-0.0306253154769	0.0513838309633	0.00869674582709	0.0504227972824	0.0410203371792	0.033527745323	-0.014106162563	-0.00754161977697
k__Bacteria;p__Bacteroidetes;c__Bacteroidia;o__Bacteroidales;f__Rikenellaceae;g__Alistipes;s__Alistipes_finegoldii	0.00633019643156	0.00230069157108	-0.0410362542089	0.00978020529072	0.0176002048049	0.0493625111905	-0.026743346215	-0.0829357994203	1.0	0.0294570535238	0.0167210737572	0.0146640348363	0.00346476557088	-0.0228253018948	-0.00511247826834	-0.0354643204708	0.00735915674581	-0.0433503958852	-0.0638562907951	-0.0218683798858	-0.0332460947667	-0.0302221366687	0.00277609097928	-0.00444346056139	0.0411076275015	0.022434761921	-0.00384693360336	-0.0649164454044	0.0112966346105	0.0337974744046	0.0203445731861	0.0186259014293	-0.00311373766031	-0.0437422495684	0.0243892199589	-0.00185348647255	-0.000514210248793	0.00806552271387	-0.0532982422018	0.0041251073569	-0.0258977467538	0.0273670938437	0.0162969825399	0.00374264869605	0.0343221473372	-0.0454909150358	-0.00334006268268	0.056465156282	-0.0262625806385	-0.00216639968825	-0.0213641718371	0.0113192474223	-0.0263405502027	0.0168203206364	0.00762526799546	-0.0545742555301	0.0579200072262	0.00275059931308	-0.0208987049191
k__Bacteria;p__Bacteroidetes;c__Bacteroidia;o__Bacteroidales;f__Porphyromonadaceae;g__Parabacteroides;s__Parabacteroides_distasonis	-0.0410800728548	-0.0150697377868	-0.00532894406083	0.0590475307867	0.00900272630824	0.0337866133439	0.0318976915923	0.00228848402955	0.0294570535238	1.0	-0.0169307955227	-0.0510511606915	-0.00159969234009	-0.0314044950978	-0.00693797627956	-0.0428350466772	-0.0216604324519	-0.0191393655154	-0.00366509515939	0.0413959625346	0.0379670666651	-0.00876266812881	0.00181851019022	-0.0540726955387	0.00391357494852	-0.0078742778465	-0.016146424796	0.0281283545619	-0.0231907698163	0.0557887373359	0.0140447744637	0.000805034767632	-0.00687131434484	0.0211696452621	-0.0462019345021	0.0158059206034	-0.0510238960828	0.0119377009258	-0.00531082242901	0.021364045099	-0.0440667853261	-0.0110890056454	-0.0332575108222	-0.00517322189256	0.0140188258247	-0.011577599096	0.00997555592879	-0.00265289921877	-0.0655258771234	0.100152172046	-0.0340020368235	-0.0291497417079	-0.0654990644366	-0.0183268251134	0.000838564160564	-0.052637348672	0.0263999631536	0.00978894241587	-0.00922770490762
k__Bacteria;p__Bacteroidetes;c__Bacteroidia;o__Bacteroidales;f__Bacteroidaceae;g__Bacteroides;s__Bacteroides_thetaiotaomicron	0.00946792210713	-0.0198533573438	0.0250362005339	-0.0178906214141	-0.0141466210407	0.0117777265602	0.0487717548526	0.00583215028557	0.0167210737572	-0.0169307955227	1.0	0.0238583658239	-0.0275736270976	0.0115753825713	-0.0305277391157	-0.00596141283904	-0.0214613904838	0.00592151569099	-0.0116973609174	-0.00583772788319	-0.0470363533633	-0.033343839506	0.0815747612795	0.0671613330647	-0.0144703684148	-0.0404662951628	-0.0392778894421	0.0190943125359	0.00274365827144	-0.0411061704036	-0.0322196533297	-0.0777368833727	-0.0110831802657	-0.0809270816231	-0.0368326073628	-0.0204666669621	0.00442981503325	0.00340945839446	-0.0286567548263	-0.0109005948621	-0.010609727199	-0.0120590297102	-0.0134789944555	-0.0480458573038	-0.0379456911824	0.0118126894153	0.031122029073	0.0033629837175	0.000124401358721	0.00776270522095	-0.0813305216841	-0.019565646829	0.0129818908619	-0.0290120367802	-0.044045723274	-0.0149538780022	-0.0381696593355	-0.0235769942939	-0.0147659337352
k__Bacteria;p__Bacteroidetes;c__Bacteroidia;o__Bacteroidales;f__Bacteroidaceae;g__Bacteroides;s__Bacteroides_coprocola	-0.00216766071608	-0.0523592675377	-0.0071788158112	0.00829651448122	-0.0147976196106	0.0541159707036	0.0294345181863	0.0175318544644	0.0146640348363	-0.0510511606915	0.0238583658239	1.0	-0.0135729205633	-0.0134086101226	0.0239489692828	0.00745058069197	-0.0384814839046	-0.0289977361836	-0.0377674382349	0.00607369727869	-0.0081168593613	0.0259680756986	0.0189164809356	0.0205899730819	-0.00628098724659	0.0366162791929	0.0383438669478	-0.0393454976802	0.0150035490771	0.00514013087034	-0.0392067145763	-0.0350585759436	-0.0304264005606	-0.00116505010749	-0.00992424980988	0.0564977888338	0.0103020965084	-0.000748827559802	-0.0298730566011	0.0371555435823	-0.0301769830408	0.0273301358735	-0.0597584006518	-0.0437126637138	-0.0269815575061	0.0380763362457	0.0324241132739	0.0326221287791	-0.0604545605516	-0.0306979588387	0.00167495792952	-0.0258185535864	0.0321087968649	-0.00130710570793	-0.0119843088121	-0.0130468577126	-0.036249655044	0.00104324908731	-0.00939650314895
k__Bacteria;p__Bacteroidetes;c__Bacteroidia;o__Bacteroidales;f__Bacteroidaceae;g__Bacteroides;s__Bacteroides_cellulosilyticus	-0.00967961918118	-0.0237638786822	-0.0544900549983	0.0127268841406	0.0476847046715	-0.0598569104934	-0.0124366207601	-0.0130369265249	0.00346476557088	-0.00159969234009	-0.0275736270976	-0.0135729205633	1.0	0.0281066119097	-0.0428414659176	-0.0221051569189	0.0223568709252	-0.0601845616056	-0.0195678763665	0.00939685985079	-0.0844503208278	-0.001338477932	-0.0368198355288	-0.0474922923215	-0.00608032805505	-0.0499934430701	-0.079580880468	-0.0263499931326	-0.0400005764541	0.033088585002	-0.00582868681998	0.0267196768046	0.00830386625154	0.0375706875388	0.0437201140268	-0.0445346451045	-0.0557718807205	0.0286284633383	-0.0168477609336	0.00939802523164	-0.0329290828723	-0.0540246150078	0.0395900527986	-0.000119870375153	0.0198755971233	0.0431009949995	0.0162333612272	-0.0433050371725	0.0422084700965	-0.0140148280879	0.00611365366725	0.0623501008882	0.0269701476847	-0.0368392472809	0.00858821984371	0.0224270061863	-0.00214210545557	-0.0122041776427	-0.0012052939728
k__Bacteria;p__Bacteroidetes;c__Bacteroidia;o__Bacteroidales;f__Rikenellaceae;g__Alistipes;s__Alistipes_obesi	0.0542177936412	-0.0303151841796	0.0170199977864	0.00217520743065	0.0183437020232	0.0164171507965	-0.0259900798184	-0.00629613712702	-0.0228253018948	-0.0314044950978	0.0115753825713	-0.0134086101226	0.0281066119097	1.0	0.0453818546737	-0.00119218443637	-0.0136316083313	0.0271265474649	0.00982909132024	0.0031483859699	-0.000157843605913	0.0333843289179	-0.00680519554492	-0.076281530563	0.0293005773023	0.0140675214096	-0.044318880991	-0.00806498654084	-0.0145006083455	-0.0340520609254	-0.0204480847482	0.00657961642548	-0.0451198644642	-0.0179700961921	0.00827249705396	-0.00280069086378	0.00563899646477	-0.029185397572	0.0300336349487	0.01152212257	0.0439713013123	0.00805862620211	0.0317438574668	-0.0284622259777	-0.0368562689619	0.0372953632226	0.0339129778255	-0.0265670278434	-0.0203321526072	-0.013921206807	-0.0422967230983	-0.024689201055	-0.00262917690669	0.0261355344919	-0.0795169053394	-0.0191047079865	-0.0822815120737	-0.0136070225924	-0.0307410500702
k__Bacteria;p__Firmicutes;c__Clostridia;o__Clostridiales;f__Lachnospiraceae;g__;s__[Eubacterium]_rectale	-0.0209756213698	0.00684092604109	-0.029506465917	0.0438603898388	-0.0101857733812	0.0302304174971	0.0117685554223	-0.00159270069	-0.00511247826834	-0.00693797627956	-0.0305277391157	0.0239489692828	-0.0428414659176	0.0453818546737	1.0	-0.00178549212421	-0.0249802040238	-0.0593828898068	-0.0299179911654	-0.0200397673343	-0.0484457423933	-0.0587872082172	0.0060849605209	-0.00909963127448	-0.046465384729	-0.0333221765662	0.0589366202101	-0.00464909144321	-0.0104865863526	-0.022393231655	-0.0179901393422	-0.0121589100851	-0.0264254062226	0.00810895410152	-0.0120744932206	0.0540203757061	-0.000557268615594	0.0182231764403	0.023961242238	-0.0241313405462	-0.0504922857687	0.0123392139194	-4.80367564566e-06	0.0448082949893	-0.0274798666142	-0.014938439485	-0.0414283555264	0.0462318402904	-0.0320776040416	0.0468624622611	-0.0220995536649	-0.0634026559831	0.0462134024491	-0.0144783446154	0.0031551916658	0.021126164532	-0.0552034419688	-0.00452718985938	-0.0458064932009
k__Bacteria;p__Bacteroidetes;c__Bacteroidia;o__Bacteroidales;f__Bacteroidaceae;g__Bacteroides;s__Bacteroides_plebeius	-0.0360767087414	-0.00682994451472	0.00922523325114	-0.0262924297679	-0.00261916506916	-0.0208578769868	-0.039019305388	-0.041292530268	-0.0354643204708	-0.0428350466772	-0.00596141283904	0.00745058069197	-0.0221051569189	-0.00119218443637	-0.00178549212421	1.0	-0.00792023160027	-0.0393304124091	0.00588274191525	0.0263089330162	-0.00665380193328	0.025384799306	-0.0447255060616	0.0559757243511	-0.0805375595733	0.0379574635412	0.019125622831	0.0182683985757	0.0148509612261	0.0229097455271	0.0329782443165	-0.0218871897313	0.0224708002161	-0.013655177526	-0.0477074337785	0.0701669047833	-0.00807027480841	-0.00870819746522	-0.0243729211867	-0.0424669760058	0.0579550920289	-0.0503686616642	0.0826624265306	-0.0316141867494	-0.015046401117	0.00572928234691	-0.00342753011124	0.0140553476757	-0.0149817911668	-0.00541813164279	-0.0248845429776	-0.0578428248584	-0.0407351265375	0.0500572199578	0.0379172885266	0.01567488573	0.0399960011921	0.0344826217846	0.022015954866
k__Bacteria;p__Bacteroidetes;c__Bacteroidia;o__Bacteroidales;f__Bacteroidaceae;g__Bacteroides;s__Bacteroides_fragilis	0.00330722538175	-0.0239732576738	-0.00864543549227	0.00594859251654	-0.0673003108044	0.0229555308649	0.00305384039677	0.0271199362157	0.00735915674581	-0.0216604324519	-0.0214613904838	-0.0384814839046	0.0223568709252	-0.0136316083313	-0.0249802040238	-0.00792023160027	1.0	0.0697272495226	-0.0552619554785	-0.0870498794241	0.0233348641765	0.042931300869	0.00421283146398	0.0347286640501	-0.0420682732888	0.046378776161	-0.0252182658933	0.000372792066557	-0.0208515851462	-0.00556143379604	-0.00134797061675	0.0212914875847	-0.00595527481333	-0.043712692288	-0.0394047077567	-0.0366450873172	-0.000879386536041	-0.00874514922401	0.0277627071354	-0.0450935374934	-0.0120342593688	0.0196336397055	0.0122610818422	-0.0298842735802	0.0314972479543	0.0343254229407	0.0372285330759	0.0308021243004	-0.0408806226408	-0.0248516717518	-0.0112298671837	-0.0148900296703	0.0417634563048	-0.0555686289252	-0.00454535264938	-0.0350628937483	0.00211671261748	-0.00630233192893	-0.00266036770387
k__Bacteria;p__Proteobacteria;c__Betaproteobacteria;o__Burkholderiales;f__Sutterellaceae;g__Sutterella;s__Sutterella_wadsworthensis	0.000234080345674	0.0259231578715	-0.0526494657988	-0.0331682574531	0.0187400581047	-0.0250237453612	0.0205623765905	-0.0454453693212	-0.0433503958852	-0.0191393655154	0.00592151569099	-0.0289977361836	-0.0601845616056	0.0271265474649	-0.0593828898068	-0.0393304124091	0.0697272495226	1.0	-0.0305158932465	-0.0190578533598	-0.0289344239214	-0.0140569839016	-0.00454502177113	-0.0426810238558	-0.0104466557361	0.064018255114	-0.0176910127616	-0.0255498930493	0.0181399776734	-0.0315184544242	0.0171837573424	-0.0100237958323	-0.0481485692856	0.009382094645	-0.0143702998725	-0.0260339969812	0.0456823415911	0.0354462733691	-0.0271081173296	0.0443846936079	-0.00197081041902	-0.043150386985	-0.00124892013539	0.0462706088402	-0.0126918106665	0.00643494459097	-0.0117055385613	-0.0424361000917	-0.0602897899116	-0.0150039564268	-0.0168564410218	-0.0110063111266	-0.036504995977	-0.0181253074553	0.0452031358302	0.0103271491507	0.000652077043544	0.0837051258954	0.0554757591285
k__Bacteria;p__Bacteroidetes;c__Bacteroidia;o__Bacteroidales;f__Porphyromonadaceae;g__Barnesiella;s__Barnesiella_intestinihominis	-0.0281325502567	0.00651628880303	0.0111440894886	0.0193558168555	-0.016917668151	-0.00382603456148	-0.0305758616274	-0.0108829226364	-0.0638562907951	-0.00366509515939	-0.0116973609174	-0.0377674382349	-0.0195678763665	0.00982909132024	-0.0299179911654	0.00588274191525	-0.0552619554785	-0.0305158932465	1.0	0.0767503937882	0.0170845584401	-0.029049169293	0.0127470213895	0.00905061282186	-0.00185519671251	-0.0376468850787	0.017985111316	0.0191289956428	-0.00796629717754	-0.00840683350433	0.0272176710564	-0.023887032124	-0.0342764574834	-0.0890193976494	-0.00369860349315	-0.00655857730525	0.0127697098109	-0.0132833671876	0.0124523693682	-0.000873495630003	-0.0506520164466	-0.0218983393828	-0.00610849280611	-0.0808568385701	-0.0175552447695	-0.026358736942	0.0642323652527	0.00975836010746	0.0214308850604	0.00497961149433	0.00494336523782	-0.00367285004561	0.019939845876	0.0414378544254	-0.0351682755967	-0.00312569528965	0.0103435519514	0.0114428550641	0.0851366903523
k__Bacteria;p__Bacteroidetes;c__Bacteroidia;o__Bacteroidales;f__Odoribacteraceae;g__Odoribacter;s__Odoribacter_splanchnicus	0.0551694286894	0.00753798399561	-0.00917745865282	-0.0665963433196	0.0229469842836	0.0121325535397	-0.00980347184655	0.0140523179602	-0.0218683798858	0.0413959625346	-0.00583772788319	0.00607369727869	0.00939685985079	0.0031483859699	-0.0200397673343	0.0263089330162	-0.0870498794241	-0.0190578533598	0.0767503937882	1.0	-0.0705732384832	-0.0381257950618	0.0149131337609	0.0221537662124	0.0110823055797	0.0476792832397	-0.0715899866273	-0.0362267204055	-0.0371297778672	0.00673034141876	-0.0247445641226	-0.0368729252858	-0.0157816683135	0.0343591019113	-0.0012235338722	0.0129694155563	-0.0663300221603	0.00931421366999	-0.0606975554664	-0.0506662803244	-0.0351847393216	0.0527087530555	-0.0114930289028	-0.0174324723118	-0.0349283414708	-0.015068374786	0.0226691324989	-0.05353314817	-0.0724387584272	0.0163214006907	0.0278970365238	-0.01381113968	0.0173266183851	0.0175828024498	-0.0364890889407	0.00435213594291	-0.0136250005199	0.0112091697525	0.000392608323218
k__Bacteria;p__Bacteroidetes;c__Bacteroidia;o__Bacteroidales;f__Bacteroidaceae;g__Bacteroides;s__Bacteroides_salyersiae	0.0230949793121	0.0402648644669	0.003522143775	0.0540238523278	-0.0117975933946	0.0526775687557	-0.00170560092074	-0.00889236503022	-0.0332460947667	0.0379670666651	-0.0470363533633	-0.0081168593613	-0.0844503208278	-0.000157843605913	-0.0484457423933	-0.00665380193328	0.0233348641765	-0.0289344239214	0.0170845584401	-0.0705732384832	1.0	-0.0223143778208	0.00881696565983	-0.00876227048129	-0.0337765376372	0.0426836880073	-0.0707628349331	0.0299566026375	-0.0266873985501	-0.000735481211396	-0.0106242345193	0.0394940313237	-0.0125948944651	0.0478515384324	0.0117004830015	-0.0278858984113	0.0246883235606	-0.0194057814481	-0.0177668564886	0.0303909068685	0.0334912767031	-0.0153865213703	-0.032228917418	-0.000919688832771	-0.0230380636135	-0.0168135821143	-0.0102901052221	-0.0269371823885	0.021952974585	0.0107744158295	-0.0384484319446	-0.0251380048138	-0.100356965332	-0.0263805722865	-0.0572287649025	-0.0445143822216	-0.0106009511102	0.0450370149792	0.01943462782
k__Bacteria;p__Firmicutes;c__Clostridia;o__Clostridiales;f__Ruminococcaceae;g__Ruminiclostridium;s__[Eubacterium]_siraeum	-0.0524149152441	-0.0322953059202	0.0010389578926	-0.0225237245198	0.0215598122396	-0.0208325222389	-0.00801849264968	-0.011360223308	-0.0302221366687	-0.00876266812881	-0.033343839506	0.0259680756986	-0.001338477932	0.0333843289179	-0.0587872082172	0.025384799306	0.042931300869	-0.0140569839016	-0.029049169293	-0.0381257950618	-0.0223143778208	1.0	0.0268170490728	-0.056382709328	0.0228998874592	0.018834324358	-0.00413604932402	0.00420425464412	0.0201154732157	-0.0123641141647	-0.0442525410867	-0.0317038605946	0.0407614154937	-0.0457523643237	-0.0477149158986	0.0160551772992	-0.0423996225319	0.0128489716973	-0.00104096427546	-0.00793981675976	-0.0223523708196	-0.00937421231476	0.027068804791	0.00112134260421	0.0299903719303	0.0107293974539	0.0372630214418	-0.0472331997654	0.0122344315069	-0.000224575078797	0.0354891929441	-0.0119067325756	0.00262869436202	0.015092470865	-0.0145237107688	-0.0167828002954	0.00476055211418	0.00967138906226	-0.0114468777361
k__Bacteria;p__Proteobacteria;c__Betaproteobacteria;o__Burkholderiales;f__Sutterellaceae;g__Parasutterella;s__Parasutterella_excrementihominis	0.0100002755602	0.00388627620993	-0.00433673880055	0.0109598189905	0.00801511891353	0.0308655437098	-0.0483901002412	-0.0381428963363	0.00277609097928	0.00181851019022	0.0815747612795	0.0189164809356	-0.0368198355288	-0.00680519554492	0.0060849605209	-0.0447255060616	0.00421283146398	-0.00454502177113	0.0127470213895	0.0149131337609	0.00881696565983	0.0268170490728	1.0	0.0234865002123	-0.0203878569225	0.0194217755162	0.000368449495806	0.0457527475978	0.0236434149258	-0.00372214917736	-0.0166936610837	-0.0462392211322	-0.0370732174773	0.0103303065196	-0.0178399273201	-0.0197987290594	-0.000591615013734	0.0297932139075	-0.0236929150033	-0.0467988727033	0.0158996339326	-0.0370707791698	-0.0175251249082	-0.0217194889935	0.0148714666409	-0.00021775350759	0.0202968466042	0.0485280264621	-0.0224040037323	0.0295033416263	-0.0428269193313	0.0372879194647	0.00504688219053	0.0413676187058	0.0131885592857	0.00057862343401	-0.0286866230368	0.00918299302327	-0.0782152422808
k__Bacteria;p__Actinobacteria;c__Actinobacteria;o__Bifidobacteriales;f__Bifidobacteriaceae;g__Bifidobacterium;s__Bifidobacterium_adolescentis	-0.0167948632399	-0.0158372766738	-0.0084255738141	-0.0253702902362	-0.0487906491193	0.0215120138804	0.000569703401491	-0.0257958863298	-0.00444346056139	-0.0540726955387	0.0671613330647	0.0205899730819	-0.0474922923215	-0.076281530563	-0.00909963127448	0.0559757243511	0.0347286640501	-0.0426810238558	0.00905061282186	0.0221537662124	-0.00876227048129	-0.056382709328	0.0234865002123	1.0	-0.0273071673588	-0.00150560788235	0.0133793545407	-0.00068060324432	-0.0340969022822	0.0182192117416	0.0384179749227	-0.0356850309959	0.00759543075075	-0.0036166433774	0.0128686215771	-0.0334952009545	-0.000343209093393	-0.00950221057681	-0.0173915189868	-0.0504112217343	-0.0337397729397	0.0119295732074	0.0292721295423	0.0711503012616	-0.00838995253337	-0.062926572673	-0.00334895330076	0.0460940904597	0.0368172576723	0.0281496885998	-0.0827120396409	0.0324170856847	0.000186450943502	-0.0121705490827	-0.0349168144695	-0.0574828952031	0.0177753469593	0.0451468702153	0.020167315901
k__Bacteria;p__Firmicutes;c__Clostridia;o__Clostridiales;f__Oscillospiraceae;g__Oscillibacter;s__Oscillibacter_sp._KLE_1745	0.00847464743661	0.0205904665995	-0.0191363713543	-0.0327668325982	-0.00477916095166	0.00446927302363	-0.00299987917768	-0.018071968412	0.0411076275015	0.00391357494852	-0.0144703684148	-0.00628098724659	-0.00608032805505	0.0293005773023	-0.046465384729	-0.0805375595733	-0.0420682732888	-0.0104466557361	-0.00185519671251	0.0110823055797	-0.0337765376372	0.0228998874592	-0.0203878569225	-0.0273071673588	1.0	-0.00905257336734	0.0261552039366	0.00931713986822	0.019838173237	-0.0393716395465	-0.0602449327606	0.0533939781094	-0.0304105692957	-0.0108048846526	-0.0133349785053	0.0214047338535	0.00263077998385	0.0837592516542	-0.0270714000725	-0.0134394493904	0.0173891208506	0.029213684174	0.0107556964521	-0.00840005134548	-0.0204279194296	0.0310923569987	-0.0120941861015	-0.0351969128512	-0.0312859291268	-0.0424883370594	0.0194837704401	-0.0106300235166	0.0114960155428	0.0478295191782	-0.0253859692935	0.0187963328117	-0.0011493821448	0.0085709841293	-0.022322685538
k__Bacteria;p__Bacteroidetes;c__Bacteroidia;o__Bacteroidales;f__Bacteroidaceae;g__Bacteroides;s__Bacteroides_coprophilus	-0.0569974546261	0.0204824909599	-0.0122289362411	-0.0251241843594	0.0107176484408	-0.0292995995672	0.0186147354573	-0.0499228492743	0.022434761921	-0.0078742778465	-0.0404662951628	0.0366162791929	-0.0499934430701	0.0140675214096	-0.0333221765662	0.0379574635412	0.046378776161	0.064018255114	-0.0376468850787	0.0476792832397	0.0426836880073	0.018834324358	0.0194217755162	-0.00150560788235	-0.00905257336734	1.0	-0.0576024739922	-0.000819673535007	-0.0278297117764	0.0413601188329	-0.0133161896123	0.0276964494205	0.0762158648705	-0.00330789578938	0.0819398201632	-0.058974180682	-0.0260480511706	-0.0248529935247	-0.0563073853374	-0.015099210538	-0.022785484764	0.0205546823014	-0.0267372582918	0.0160403153445	-0.0445345222167	-0.0433396177992	-0.0340461067349	0.0722921713397	-0.0422919444321	-0.0222618173048	0.0160467437961	-0.0425980385324	-0.0803409562065	0.0198908705939	-0.0320408150159	0.0459495552385	-0.0191207194817	-0.00578439623171	-0.0284322296209
k__Bacteria;p__Firmicutes;c__Clostridia;o__Clostridiales;f__Lachnospiraceae;g__Roseburia;s__Roseburia_intestinalis	-0.00686905230377	-0.026299292504	-0.00397369171603	-0.031737875082	-0.0075583050067	0.0222269432656	0.000490325462572	-0.0427554995818	-0.00384693360336	-0.016146424796	-0.0392778894421	0.0383438669478	-0.079580880468	-0.044318880991	0.0589366202101	0.019125622831	-0.0252182658933	-0.0176910127616	0.017985111316	-0.0715899866273	-0.0707628349331	-0.00413604932402	0.000368449495805	0.0133793545407	0.0261552039366	-0.0576024739922	1.0	-0.065586423928	-0.0234602504259	-0.0471342013008	-0.0106617461764	-0.0274276377483	-0.00591387661695	0.0377225406245	-0.020565862148	-0.0356762831156	0.00147797092286	-0.0234925303837	0.0253694090411	-0.0437372825308	-0.0336950185853	-0.00934355485187	0.00685927429194	-0.0435231642503	-0.0171084950705	0.000473328732754	0.0542202997543	0.0346972280583	0.0266732727363	0.0530324059847	-0.0163000116514	0.0161821427907	-0.025366078898	0.0333156705218	-0.00683659977697	0.0213463247129	-0.0125037970082	-0.0703819192673	0.0250134168776
k__Bacteria;p__Firmicutes;c__Clostridia;o__Clostridiales;f__Lachnospiraceae;g__Roseburia;s__Roseburia_hominis	0.0389481506605	0.00125358018968	-0.0160572055277	-0.0113119170264	0.00574970588226	-0.00593820604462	0.0393111817082	-0.00539974144838	-0.0649164454044	0.0281283545619	0.0190943125359	-0.0393454976802	-0.0263499931326	-0.00806498654084	-0.00464909144321	0.0182683985757	0.000372792066557	-0.0255498930493	0.0191289956428	-0.0362267204055	0.0299566026375	0.00420425464412	0.0457527475978	-0.00068060324432	0.00931713986822	-0.000819673535007	-0.065586423928	1.0	0.0291133909654	0.0136027847732	0.00449729198463	-0.0142041860735	-0.0569294739886	0.0375915802983	-0.0678389710652	0.0022114416942	-0.0614582640324	-0.00231039212546	0.024111048548	0.0514382587712	-0.0116228650037	-0.0251258812377	0.00114902816112	0.00946799587727	0.023037119396	-0.0441896757662	0.0449962214996	-0.0454527893213	-0.0147475717959	-0.00841604842041	0.0347689036553	0.0187205487466	0.0194687915788	-0.0509925426664	-0.00154705329121	-0.065502845455	-0.0386406680291	-0.0441653055122	0.0395181528096
k__Bacteria;p__Bacteroidetes;c__Bacteroidia;o__Bacteroidales;f__Porphyromonadaceae;g__Parabacteroides;s__Parabacteroides_johnsonii	-0.000326792663455	0.0272729978873	0.00824872351624	-0.0185397028612	-0.0115211184684	-0.0492149159789	-0.00127437542183	0.0282182296215	0.0112966346105	-0.0231907698163	0.00274365827144	0.0150035490771	-0.0400005764541	-0.0145006083455	-0.0104865863526	0.0148509612261	-0.0208515851462	0.0181399776734	-0.00796629717754	-0.0371297778672	-0.0266873985501	0.0201154732157	0.0236434149258	-0.0340969022822	0.019838173237	-0.0278297117764	-0.0234602504259	0.0291133909654	1.0	0.00168444885565	0.0520920920561	-0.00406478427407	-0.024847140855	-0.00786732885181	-0.0480730613159	-0.0517626439604	-0.0508565540719	0.0448613209739	-0.00591887135405	-0.0365121638851	-0.0114320340555	-0.0249793603389	-0.061711553313	-0.0256240458915	-0.0440207981736	-0.00507940592487	-0.0125781594936	0.0176684742349	0.00404239967394	-0.0230432079805	-0.00144347829849	0.00319623673891	-0.00203072381362	-0.0291592346486	0.0623413770829	0.00414400462008	0.0637082699734	-0.00990943390882	-0.0295764719168
