#taxonomy	k__Bacteria;p__Bacteroidetes;c__Bacteroidia;o__Bacteroidales;f__Bacteroidaceae;g__Bacteroides;s__Bacteroides_vulgatus	k__Bacteria;p__Bacteroidetes;c__Bacteroidia;o__Bacteroidales;f__Bacteroidaceae;g__Bacteroides;s__Bacteroides_uniformis	k__Bacteria;p__Bacteroidetes;c__Bacteroidia;o__Bacteroidales;f__Rikenellaceae;g__Alistipes;s__Alistipes_putredinis	k__Bacteria;p__Bacteroidetes;c__Bacteroidia;o__Bacteroidales;f__Prevotellaceae;g__Prevotella;s__Prevotella_copri	k__Bacteria;p__Bacteroidetes;c__Bacteroidia;o__Bacteroidales;f__Bacteroidaceae;g__Bacteroides;s__Bacteroides_stercoris	k__Bacteria;p__Bacteroidetes;c__Bacteroidia;o__Bacteroidales;f__Bacteroidaceae;g__Bacteroides;s__Bacteroides_ovatus	k__Bacteria;p__Bacteroidetes;c__Bacteroidia;o__Bacteroidales;f__Rikenellaceae;g__Alistipes;s__Alistipes_shahii	k__Bacteria;p__Firmicutes;c__Clostridia;o__Clostridiales;f__Ruminococcaceae;g__Faecalibacterium;s__Faecalibacterium_prausnitzii	k__Bacteria;p__Bacteroidetes;c__Bacteroidia;o__Bacteroidales;f__Rikenellaceae;g__Alistipes;s__Alistipes_finegoldii	k__Bacteria;p__Bacteroidetes;c__Bacteroidia;o__Bacteroidales;f__Porphyromonadaceae;g__Parabacteroides;s__Parabacteroides_distasonis	k__Bacteria;p__Bacteroidetes;c__Bacteroidia;o__Bacteroidales;f__Bacteroidaceae;g__Bacteroides;s__Bacteroides_thetaiotaomicron	k__Bacteria;p__Bacteroidetes;c__Bacteroidia;o__Bacteroidales;f__Bacteroidaceae;g__Bacteroides;s__Bacteroides_coprocola	k__Bacteria;p__Bacteroidetes;c__Bacteroidia;o__Bacteroidales;f__Bacteroidaceae;g__Bacteroides;s__Bacteroides_cellulosilyticus	k__Bacteria;p__Bacteroidetes;c__Bacteroidia;o__Bacteroidales;f__Rikenellaceae;g__Alistipes;s__Alistipes_obesi	k__Bacteria;p__Firmicutes;c__Clostridia;o__Clostridiales;f__Lachnospiraceae;g__;s__[Eubacterium]_rectale	k__Bacteria;p__Bacteroidetes;c__Bacteroidia;o__Bacteroidales;f__Bacteroidaceae;g__Bacteroides;s__Bacteroides_plebeius	k__Bacteria;p__Bacteroidetes;c__Bacteroidia;o__Bacteroidales;f__Bacteroidaceae;g__Bacteroides;s__Bacteroides_fragilis	k__Bacteria;p__Proteobacteria;c__Betaproteobacteria;o__Burkholderiales;f__Sutterellaceae;g__Sutterella;s__Sutterella_wadsworthensis	k__Bacteria;p__Bacteroidetes;c__Bacteroidia;o__Bacteroidales;f__Porphyromonadaceae;g__Barnesiella;s__Barnesiella_intestinihominis	k__Bacteria;p__Bacteroidetes;c__Bacteroidia;o__Bacteroidales;f__Odoribacteraceae;g__Odoribacter;s__Odoribacter_splanchnicus	k__Bacteria;p__Bacteroidetes;c__Bacteroidia;o__Bacteroidales;f__Bacteroidaceae;g__Bacteroides;s__Bacteroides_salyersiae	k__Bacteria;p__Firmicutes;c__Clostridia;o__Clostridiales;f__Ruminococcaceae;g__Ruminiclostridium;s__[Eubacterium]_siraeum	k__Bacteria;p__Proteobacteria;c__Betaproteobacteria;o__Burkholderiales;f__Sutterellaceae;g__Parasutterella;s__Parasutterella_excrementihominis	k__Bacteria;p__Actinobacteria;c__Actinobacteria;o__Bifidobacteriales;f__Bifidobacteriaceae;g__Bifidobacterium;s__Bifidobacterium_adolescentis	k__Bacteria;p__Firmicutes;c__Clostridia;o__Clostridiales;f__Oscillospiraceae;g__Oscillibacter;s__Oscillibacter_sp._KLE_1745	k__Bacteria;p__Bacteroidetes;c__Bacteroidia;o__Bacteroidales;f__Bacteroidaceae;g__Bacteroides;s__Bacteroides_coprophilus	k__Bacteria;p__Firmicutes;c__Clostridia;o__Clostridiales;f__Lachnospiraceae;g__Roseburia;s__Roseburia_intestinalis	k__Bacteria;p__Firmicutes;c__Clostridia;o__Clostridiales;f__Lachnospiraceae;g__Roseburia;s__Roseburia_hominis	k__Bacteria;p__Bacteroidetes;c__Bacteroidia;o__Bacteroidales;f__Porphyromonadaceae;g__Parabacteroides;s__Parabacteroides_johnsonii	k__Bacteria;p__Actinobacteria;c__Actinobacteria;o__Bifidobacteriales;f__Bifidobacteriaceae;g__Bifidobacterium;s__Bifidobacterium_longum	k__Bacteria;p__Firmicutes;c__Clostridia;o__Clostridiales;f__;g__Flavonifractor;s__Flavonifractor_plautii	k__Bacteria;p__Firmicutes;c__Clostridia;o__Clostridiales;f__Clostridiaceae;g__Clostridium;s__Clostridium_phoceensis	k__Bacteria;p__Verrucomicrobia;c__Verrucomicrobiae;o__Verrucomicrobiales;f__Akkermansiaceae;g__Akkermansia;s__Akkermansia_muciniphila	k__Bacteria;p__Bacteroidetes;c__Bacteroidia;o__Bacteroidales;f__Prevotellaceae;g__Paraprevotella;s__Paraprevotella_xylaniphila	k__Bacteria;p__Firmicutes;c__Clostridia;o__Clostridiales;f__Ruminococcaceae;g__Ruminococcus;s__Ruminococcus_callidus	k__Bacteria;p__Bacteroidetes;c__Bacteroidia;o__Bacteroidales;f__Rikenellaceae;g__Alistipes;s__Alistipes_senegalensis	k__Bacteria;p__Firmicutes;c__Clostridia;o__Clostridiales;f__Lachnospiraceae;g__Blautia;s__Blautia_sp._KLE_1732	k__Bacteria;p__Bacteroidetes;c__Bacteroidia;o__Bacteroidales;f__Bacteroidaceae;g__Bacteroides;s__Bacteroides_oleiciplenus	k__Bacteria;p__Firmicutes;c__Clostridia;o__Clostridiales;f__Ruminococcaceae;g__Ruminococcus;s__Ruminococcus_bicirculans	k__Bacteria;p__Bacteroidetes;c__Bacteroidia;o__Bacteroidales;f__Bacteroidaceae;g__Bacteroides;s__Bacteroides_fluxus	k__Bacteria;p__Bacteroidetes;c__Bacteroidia;o__Bacteroidales;f__Prevotellaceae;g__Prevotella;s__Prevotella_stercorea	k__Bacteria;p__Firmicutes;c__Clostridia;o__Clostridiales;f__Lachnospiraceae;g__Dorea;s__Dorea_longicatena	k__Bacteria;p__Firmicutes;c__Clostridia;o__Clostridiales;f__Eubacteriaceae;g__Eubacterium;s__[Eubacterium]_eligens	k__Bacteria;p__Firmicutes;c__Clostridia;o__Clostridiales;f__Ruminococcaceae;g__;s__Ruminococcaceae_bacterium_D16	k__Bacteria;p__Firmicutes;c__Clostridia;o__Clostridiales;f__Lachnospiraceae;g__Coprococcus;s__Coprococcus_comes	k__Bacteria;p__Proteobacteria;c__Gammaproteobacteria;o__Enterobacterales;f__Enterobacteriaceae;g__Escherichia;s__Escherichia_coli	k__Bacteria;p__Firmicutes;c__Clostridia;o__Clostridiales;f__Ruminococcaceae;g__Anaerotruncus;s__Anaerotruncus_colihominis	k__Bacteria;p__Firmicutes;c__Clostridia;o__Clostridiales;f__Lachnospiraceae;g__Blautia;s__Blautia_obeum	k__Bacteria;p__Bacteroidetes;c__Bacteroidia;o__Bacteroidales;f__Odoribacteraceae;g__Odoribacter;s__Odoribacter_laneus	k__Bacteria;p__Firmicutes;c__Clostridia;o__Clostridiales;f__Ruminococcaceae;g__Ruminiclostridium;s__[Clostridium]_leptum	k__Bacteria;p__Bacteroidetes;c__Bacteroidia;o__Bacteroidales;f__Porphyromonadaceae;g__Parabacteroides;s__Parabacteroides_goldsteinii	k__Bacteria;p__Firmicutes;c__Clostridia;o__Clostridiales;f__Lachnospiraceae;g__Anaerostipes;s__Anaerostipes_hadrus	k__Bacteria;p__Firmicutes;c__Clostridia;o__Clostridiales;f__Ruminococcaceae;g__Ruminococcus;s__Ruminococcus_lactaris	k__Bacteria;p__Firmicutes;c__Clostridia;o__Clostridiales;f__Clostridiaceae;g__Clostridium;s__Clostridium_sp._L2-50	k__Bacteria;p__Firmicutes;c__Clostridia;o__Clostridiales;f__Clostridiaceae;g__Clostridium;s__Clostridium_sp._M62/1	k__Bacteria;p__Firmicutes;c__Clostridia;o__Clostridiales;f__;g__Intestinimonas;s__Intestinimonas_butyriciproducens	k__Bacteria;p__Actinobacteria;c__Actinobacteria;o__Bifidobacteriales;f__Bifidobacteriaceae;g__Bifidobacterium;s__Bifidobacterium_bifidum	k__Bacteria;p__Firmicutes;c__Negativicutes;o__Veillonellales;f__Veillonellaceae;g__Dialister;s__Dialister_invisus	k__Bacteria;p__Bacteroidetes;c__Bacteroidia;o__Bacteroidales;f__Bacteroidaceae;g__Bacteroides;s__Bacteroides_salanitronis
k__Bacteria;p__Bacteroidetes;c__Bacteroidia;o__Bacteroidales;f__Bacteroidaceae;g__Bacteroides;s__Bacteroides_vulgatus	1.0	0.0457887132183	-0.0113362168697	0.0269714461534	-0.0547935648189	0.0234395787397	-0.00121959802967	-0.0747998531554	0.000405228333134	-0.0190707938313	0.0274963353942	-0.0169610112248	0.0117723811356	-0.0323250929172	-0.0113884951259	-0.0327909891731	0.0146486363687	0.05801814317	-0.0796794830583	-0.0129973020654	-0.00731706928797	0.0225513988455	0.0331443312987	-0.0319595926622	-0.0122883404236	-0.0291327172915	0.0295443678366	0.0244349227225	-0.0246030569996	-0.0394686943408	-0.00891542798685	-0.0150259222193	0.00206054823866	0.0389945189488	0.013941625981	-0.0484675747866	-0.0223696169481	-0.0590093732572	0.00311121914766	-0.0163471478212	0.0290173173903	-0.00825178862241	-0.0370558312397	0.000947600514566	0.0131841190404	-0.0126448103501	0.0185744221134	0.0108295431096	-0.0427604541577	0.0806585234163	0.00473495741466	-0.0695527529986	-0.0431654626108	0.0120354927861	-0.0275813842633	0.000744709454017	0.0291669409795	0.00871588549036	-0.0190148641438
k__Bacteria;p__Bacteroidetes;c__Bacteroidia;o__Bacteroidales;f__Bacteroidaceae;g__Bacteroides;s__Bacteroides_uniformis	0.0457887132183	1.0	-0.0691624670265	-0.0301181023065	-0.0175044279116	0.0130959679735	0.0480609648751	-0.0166326565674	0.0490214000301	-0.0280823183797	-0.0191425092567	-0.0270544541426	0.0717577356575	0.018783317656	-0.0463268059073	-0.0616337149327	-0.0161051135122	-0.0197339836071	-0.000315184138783	0.0261364641183	-0.0210451907015	0.0280119026145	0.0465422153678	-0.028559890149	-0.0269430049284	-0.00972479483069	-0.0654410395603	-0.065240467123	-0.0395436290515	0.0345359833133	0.0346910448171	-0.0263804774779	-0.0254626080393	-0.0103552937721	0.00804900005609	-0.022185477346	0.0292814726205	-0.0244850951928	-0.0287766361968	0.0147023857992	-0.104097128113	-0.0191413562274	-0.0648473593382	-0.00156691173178	-0.0548871922699	0.0498279310788	-0.0287769999366	-0.0187161713931	-0.0464166687764	-0.0263859818884	0.0374441009048	-0.0296339099075	-0.0364479462429	0.0440005244957	-0.014221014196	0.00574073001336	-0.0572046281392	-0.0233042236642	0.0159101992412
k__Bacteria;p__Bacteroidetes;c__Bacteroidia;o__Bacteroidales;f__Rikenellaceae;g__Alistipes;s__Alistipes_putredinis	-0.0113362168697	-0.0691624670265	1.0	-0.0117510532124	-0.0358519801619	-0.013699530386	0.0180715858352	-0.0240497304564	0.0194239284549	0.0196576968973	0.0387192633883	-0.0167594773333	-0.039738769697	0.00726043872986	-0.0214009100341	-0.071047627824	-0.0103422383894	-0.0282448542474	0.00613233550784	-0.0292866329923	0.0130431039062	0.0205733183127	0.00139743193384	-0.0349528268351	0.034136422867	-0.0322028401092	-0.0407566369668	-0.00839434750433	-0.0573174287971	0.0343115421886	-0.013499389271	0.0422159476254	-0.0176172529409	-0.0441774777664	-0.057462781106	0.0240633378572	-0.052895295285	-0.0240325837824	-0.00354046485114	0.00272259339438	0.0339649283223	0.00108950941756	0.019627900409	-0.0092605197741	0.0406764714702	4.79170527898e-05	-0.0285474373751	-0.00824493975744	-0.0362363911052	-0.0374422680146	-0.00130814965441	0.0692017156174	-0.0174099590505	0.0152910520831	0.00493878965377	0.0315420767898	2.08276821677e-05	-0.00710427025466	-0.0602921006057
k__Bacteria;p__Bacteroidetes;c__Bacteroidia;o__Bacteroidales;f__Prevotellaceae;g__Prevotella;s__Prevotella_copri	0.0269714461534	-0.0301181023065	-0.0117510532124	1.0	-0.04419826712	0.0178295723474	0.0464748968154	0.00379062909387	0.0462626556455	-0.00162251859347	-0.0273107052289	-0.0220498453846	-0.0336412030839	-0.0109367847066	-0.0129642132261	-0.0247315887657	0.00869039598492	-0.0118319864606	0.0480229042316	-0.0176864476809	-0.0831241224638	0.017380098581	-0.0504111406233	-0.0883807703213	-0.111583999967	0.0293259298042	0.0766825654801	-0.0620680315908	-0.00984687179516	0.0168545803862	-0.0355266954444	-0.0782338479753	0.0197634001533	-0.0467475506846	-0.0207576216365	0.00166513609486	-0.00934936986106	-0.00276461191951	-0.0156743464447	0.0318055267182	-0.0488191140829	0.0319237736962	-0.046375640285	0.0866832072114	-0.00938446008258	0.0568362415539	-0.014762739977	0.0191218108201	-0.0194418253036	0.00708814106085	-0.00237290822165	0.0108074930166	-0.0253100527268	-0.0194374653707	0.0364000259539	-0.00473872415958	0.00783393574135	0.0369599948759	0.0289278366131
k__Bacteria;p__Bacteroidetes;c__Bacteroidia;o__Bacteroidales;f__Bacteroidaceae;g__Bacteroides;s__Bacteroides_stercoris	-0.0547935648189	-0.0175044279116	-0.0358519801619	-0.04419826712	1.0	0.00494305324045	-0.0418563341897	0.0510265288656	-0.022544777442	0.0551593747298	-0.0732771230846	-0.0431199260934	-0.0589910052395	0.0203706154053	0.00206697679586	0.013654320957	0.00315203098056	0.0404007257519	0.0192306714881	0.00826733023187	0.0249954398666	0.0283285580583	-0.0110113088922	0.0366682303449	-1.37019299001e-05	-0.0103438638164	-0.00706197892256	-0.0320053499165	0.0316549519754	0.0186903711925	0.00131682974877	0.0215435392744	-0.0415242526304	-0.0125460607055	0.0144776007459	-0.000395694875361	5.22867433622e-05	0.0288591987737	-0.083338449262	-0.0228411555932	-0.027272370272	0.0168599082453	0.0038647841417	0.0262915218003	-0.000773907988953	-0.00102726457904	-0.0519744560878	-0.0130249141113	-0.0079967811961	-0.00198186332848	0.032243253007	-0.0275706410152	0.0182594892156	-0.0170922732903	-0.0259293274517	0.0334824693926	-0.000854984818036	-0.0138924670954	-0.00223352409277
k__Bacteria;p__Bacteroidetes;c__Bacteroidia;o__Bacteroidales;f__Bacteroidaceae;g__Bacteroides;s__Bacteroides_ovatus	0.0234395787397	0.0130959679735	-0.013699530386	0.0178295723474	0.00494305324045	1.0	0.000676314268147	-0.0812626890003	-0.0177617460864	-0.0149489544383	-0.000642051024966	-0.0157447316271	0.0027463691108	-0.0247952562678	0.0127879283697	0.0123982801162	0.0651881236647	-0.00139360669592	-0.0293643643	-0.0423325239979	0.0122151304464	0.0176699559454	0.000261580141793	0.00966485706336	0.0149061247893	-0.0347513895681	0.00452328003662	0.00178992841294	-0.00651765765554	0.00187516288224	0.0111959111776	-0.0304154548421	-0.0291010686323	-0.00257610758092	-0.0365573608394	-0.0133729804862	-0.039281814492	-0.0261139847569	0.0294170178949	-0.00870295878851	0.0516964614907	-0.00366087178061	-0.0785340058784	0.0108547938264	-0.0551558299836	-0.0332877592424	-0.056563275993	0.0308991760801	-0.00263976060807	-0.0014341944035	-0.0482037273148	-0.0586754236697	-0.0172405929107	0.0326390931673	0.00682473302725	0.00132606691162	-0.0468198271871	-0.0193997081437	0.0123926358146
k__Bacteria;p__Bacteroidetes;c__Bacteroidia;o__Bacteroidales;f__Rikenellaceae;g__Alistipes;s__Alistipes_shahii	-0.00121959802967	0.0480609648751	0.0180715858352	0.0464748968154	-0.0418563341897	0.000676314268147	1.0	-0.0148828404087	-0.0611991491314	-0.0160215538493	0.0393825643891	-0.0103963853977	-0.0217211036794	-0.00978741407738	-0.0041243215269	-0.00587708807441	-0.0638661525046	0.0195069719419	-0.0337539493874	0.0125379304688	-0.0255280872262	0.0115014979878	-0.0144199982179	-0.0297793235421	-0.0583962973188	0.0158555978168	-0.0347234313221	0.0190543403447	0.0547220736696	-0.0267333187965	0.0228728774664	0.000547050256741	-0.0685507777746	-0.0188950666101	-0.0292021018827	0.00133610659457	-0.0263799958147	-0.00844295867444	-0.0533011392695	-0.0155710660232	-0.00245278343179	-0.0514567937275	0.0570443619724	0.00626060014963	0.042131225511	-0.0104584701013	-0.00799535812779	-0.0116049082985	-0.0263740361442	0.0466176983967	-0.0157762561156	-0.0632078705871	-0.0473795497142	0.021955799566	0.0602838511974	0.0680812038024	0.0393741839801	-0.042236942999	0.0199389290043
k__Bacteria;p__Firmicutes;c__Clostridia;o__Clostridiales;f__Ruminococcaceae;g__Faecalibacterium;s__Faecalibacterium_prausnitzii	-0.0747998531554	-0.0166326565674	-0.0240497304564	0.00379062909386	0.0510265288656	-0.0812626890003	-0.0148828404087	1.0	0.0360300485258	0.00343093611769	-0.0172886635294	0.0211109222368	-0.00874738986519	0.00386389177527	-0.00062549539474	-0.0207987509539	0.037667132496	-0.0140499698969	0.0216203119276	0.00691940844726	-0.0155057015109	-0.0136643119426	-0.0208682040716	0.00611834782705	-0.0457224621723	-0.04067043781	-0.0204580167133	0.0298454943203	0.00469074102164	-0.000385797909437	0.0430709071163	0.0229679181964	-0.0680667555559	-0.00392727543928	0.0145681160836	-0.0380719208391	0.00901066027112	0.0199343850927	0.0224810906031	-0.027693431067	-0.0148478546068	0.0126404591128	-0.0189463353743	0.0211185171045	-0.0151431713922	0.0307285952725	0.0023886075898	0.0503915688571	-0.0147636710195	0.00930665461769	-0.030616763411	0.0340382026	-0.0411812581549	-0.00469472819143	0.0123504453	-0.0410283140173	-0.0366623385638	-0.0511466957661	-0.0473331505464
k__Bacteria;p__Bacteroidetes;c__Bacteroidia;o__Bacteroidales;f__Rikenellaceae;g__Alistipes;s__Alistipes_finegoldii	0.000405228333134	0.0490214000301	0.0194239284549	0.0462626556455	-0.022544777442	-0.0177617460864	-0.0611991491314	0.0360300485258	1.0	-0.0169840703138	-0.0121385387706	0.0205361960974	-0.0115711004262	-0.00561123687628	-0.00162268608251	0.00851753171312	0.0452050794506	0.0462083604579	0.0393806623415	0.048608058846	-0.00844451123399	-0.0136521550658	-0.0313858694704	0.0151721072969	-0.0337736653555	0.00656530078411	-0.0278130665758	0.011233803524	-0.0102525733636	0.0310338233016	0.0187624131805	-0.006980779343	0.0256443886641	-0.012081006142	0.0407195114658	0.0336848074665	-0.0426250841427	-0.061464147117	-0.0230513656176	0.00423971971226	0.0124975004953	0.0102380752022	-0.0709893985	0.0171309190557	-0.024926466454	-0.0109619550678	-0.0168750590724	-0.0493630677644	0.045373914358	-0.00708892482053	-0.0107692229964	-0.0260805780795	0.0092485422424	-0.0319756558151	0.000843647040485	0.00680130359491	0.0451952142113	-0.027400537148	-0.0502164411325
k__Bacteria;p__Bacteroidetes;c__Bacteroidia;o__Bacteroidales;f__Porphyromonadaceae;g__Parabacteroides;s__Parabacteroides_distasonis	-0.0190707938313	-0.0280823183797	0.0196576968973	-0.00162251859347	0.0551593747298	-0.0149489544383	-0.0160215538493	0.00343093611769	-0.0169840703138	1.0	0.0226462578813	-0.0205932867579	0.0526256421245	0.0473870990746	-0.0494661540412	-0.0525908606435	-0.0386540863093	0.0339596801886	-0.0663405707102	0.012418423975	0.0177659486357	0.0203617524744	-0.0364658843774	-0.00238075495347	-0.00840520633583	-0.0370973446399	-0.0336875518151	-0.0513747518819	0.00254981940181	-0.0452581421658	0.0241828588431	-0.0190572155109	0.00162572378582	-0.0153123947264	0.0153979932029	-0.00118350025944	0.0156984529779	0.0233395489778	-0.0392361663454	0.0286218843621	0.0409886184356	-0.00199269774651	-0.0185342831799	-0.0300323347823	0.0582166204962	0.0236692148592	-0.0593707543352	-0.0474153528226	0.0218567668187	0.00666782428342	-0.0152348709682	-0.0393005214789	0.0242119866039	-0.0581569488666	-0.026191954976	-0.00685685559336	-0.0285031394911	-0.0168569280083	-0.0496809542278
k__Bacteria;p__Bacteroidetes;c__Bacteroidia;o__Bacteroidales;f__Bacteroidaceae;g__Bacteroides;s__Bacteroides_thetaiotaomicron	0.0274963353942	-0.0191425092567	0.0387192633883	-0.0273107052289	-0.0732771230846	-0.000642051024966	0.0393825643891	-0.0172886635294	-0.0121385387706	0.0226462578813	1.0	0.0141951887586	0.00328456553585	-0.00859292667195	-0.010801436772	-0.016610594067	-0.0192722370946	-0.014552436373	-0.0197440479294	0.0185102193934	0.0468058862646	0.0146362487553	-0.00468498720089	0.0230034033533	-0.0380747593486	-0.0348043152738	0.00543760253694	-0.0970447819705	0.0231126599321	-0.0215440690783	-0.00906569954773	-0.0424368556308	0.0294174302164	-0.052331831859	-0.0395813409133	-0.041739944157	-0.0302106596035	0.0108644379851	-0.0324326746587	-0.0155663366809	-0.0127901285578	0.0408935902427	0.0144889744411	0.040926085341	0.00662323111398	-0.00684120416435	0.0107530089296	0.0200455238808	-0.0209196883004	-0.0133767786453	0.0172149128588	0.0302254260846	0.00227304801409	0.016828418088	0.0186038870464	-0.00816256147492	0.00602380558201	-0.0318919812781	-0.00043388426342
k__Bacteria;p__Bacteroidetes;c__Bacteroidia;o__Bacteroidales;f__Bacteroidaceae;g__Bacteroides;s__Bacteroides_coprocola	-0.0169610112248	-0.0270544541426	-0.0167594773333	-0.0220498453846	-0.0431199260934	-0.0157447316271	-0.0103963853977	0.0211109222368	0.0205361960974	-0.0205932867579	0.0141951887586	1.0	-0.0793892591901	0.0195367746366	-0.00647063185476	-0.0270174603784	0.0797474515753	0.0323806353102	0.0396009537267	-0.021361994492	-0.0213680750359	0.0195030944979	-0.0359290974701	0.0103424190987	0.00390866907133	0.00226053406782	-0.0465738626936	-0.0159699272846	-0.0313983019464	-0.0546657111754	0.0409207066105	-0.0435721572604	-0.00737822212306	-0.0531118570332	-0.0592379184873	0.0140993476571	0.0457874770795	0.0182621858409	-0.0416436042487	-0.0316179440723	0.0212959163178	-0.0425385424277	-0.0319720953997	-0.0316394567823	-0.00362944925383	-0.000120272830836	0.059157903075	0.0452075869379	-0.026251084007	0.0225722641304	-0.0224168326307	0.0355045043307	-0.00266627349306	-0.0212197844507	-0.0401702366903	0.0111954985145	-0.0589862052889	-0.0339111852674	-0.00216006446832
k__Bacteria;p__Bacteroidetes;c__Bacteroidia;o__Bacteroidales;f__Bacteroidaceae;g__Bacteroides;s__Bacteroides_cellulosilyticus	0.0117723811356	0.0717577356575	-0.039738769697	-0.0336412030839	-0.0589910052395	0.0027463691108	-0.0217211036794	-0.00874738986519	-0.0115711004262	0.0526256421245	0.00328456553585	-0.0793892591901	1.0	0.0458802983354	0.0347217174767	0.00131145582897	0.0563931090118	0.00627410690306	-0.0563291794258	-0.0275996562179	-0.0414539204592	-0.0395871304565	-0.0178471243281	0.0104394226514	-0.0131565479432	-0.0047017834227	-0.0365704474586	-0.0107705707901	-0.0510413106505	-0.0253645457766	-0.00829073875333	0.0210376125432	0.0193292316469	0.0904980847953	0.0304467455025	-0.00615630736219	-0.0202035342716	-0.00295669141191	-0.0282177956617	0.0131884188757	-0.00553451066576	-0.0693890716601	0.0208002216168	-0.0653641743573	0.00799325118503	-0.0419811850135	0.00887245653067	0.0612012292599	-0.0110662167637	0.000337308611879	0.0393557923043	0.0241600584745	0.0771013761673	0.0284765553793	-0.0256930478086	-0.00291239944406	-0.0384492825382	-0.00157935661051	-0.0263385440874
k__Bacteria;p__Bacteroidetes;c__Bacteroidia;o__Bacteroidales;f__Rikenellaceae;g__Alistipes;s__Alistipes_obesi	-0.0323250929172	0.018783317656	0.00726043872986	-0.0109367847066	0.0203706154053	-0.0247952562678	-0.00978741407738	0.00386389177527	-0.00561123687628	0.0473870990746	-0.00859292667195	0.0195367746366	0.0458802983354	1.0	-0.0548462017986	0.0437663640251	-0.051862691488	0.0321716343011	-0.0151720158847	0.0169218200758	-0.0692923612315	0.0251151057672	-0.000101303564102	-0.000377240519358	-0.0631492167728	-0.0432418173542	0.0509664526239	-0.00881544724502	0.00684185568203	-0.00420780760275	-0.0150858655006	-0.0242818049236	0.0252066370463	0.0491138909323	5.3729870185e-05	-0.0274041720591	-0.00137692409044	-0.0338899408771	0.0303067036603	0.0100314038676	-0.0202060131712	0.00764037386116	0.00529323845795	0.0195054693798	-0.0257623461709	-0.0357017117368	-0.0081417491237	0.0154073318199	0.000356989364956	-0.0321147584517	0.0397042568566	0.00912152885924	0.0455440839943	-0.00850608849067	-0.0014040954394	-0.020461328753	-0.0364775147962	0.020555356248	0.0443342328463
k__Bacteria;p__Firmicutes;c__Clostridia;o__Clostridiales;f__Lachnospiraceae;g__;s__[Eubacterium]_rectale	-0.0113884951259	-0.0463268059073	-0.0214009100341	-0.0129642132261	0.00206697679586	0.0127879283697	-0.0041243215269	-0.00062549539474	-0.00162268608251	-0.0494661540412	-0.010801436772	-0.00647063185476	0.0347217174767	-0.0548462017986	1.0	0.0148852109767	0.0119475451654	-0.0523476366674	-0.00125812431195	-0.0512167985828	-0.0264647616479	-0.0278396202985	0.0168545088818	0.0012742638466	-0.0708398622705	0.0447450537284	-0.0116773646463	-0.00996825277873	0.0930636799744	-0.0263603354215	0.0238276413371	0.0528744121405	-0.0202264190775	-0.0256486791584	-0.05551819707	0.0163094391414	-0.0158105299047	-0.0244440793214	-0.0680059386062	-0.0285689116941	-0.0197513537162	-0.00279050189879	0.0619908910899	-0.00502887006944	0.0337274552845	0.0168258433835	-0.040860747131	0.048554035397	-0.0279087394745	-0.00257963740794	-0.0235478461035	-0.00680348030111	0.00967135802968	0.00978757687614	0.0200097515265	0.0314397508754	-0.00116327613116	-0.0246554265399	0.0120250465795
k__Bacteria;p__Bacteroidetes;c__Bacteroidia;o__Bacteroidales;f__Bacteroidaceae;g__Bacteroides;s__Bacteroides_plebeius	-0.0327909891731	-0.0616337149327	-0.071047627824	-0.0247315887657	0.013654320957	0.0123982801162	-0.00587708807441	-0.0207987509539	0.00851753171312	-0.0525908606435	-0.016610594067	-0.0270174603784	0.00131145582897	0.0437663640251	0.0148852109767	1.0	0.0697046377608	-0.0447160123516	-0.0373738801711	-0.0239053903779	-0.0271190450612	-0.00799488077002	-0.0359491133206	0.00781030201384	-0.0249856899384	0.0708092000613	0.0400221883378	0.020939420783	0.00909468035754	-0.00446908086192	0.00815115435737	0.028281677943	0.0278376434784	-0.0259938916646	0.0105921855918	-0.0769865669681	-0.0253970542326	0.024845706225	-0.00580546443802	-0.0104567328484	0.00609621451018	0.0432519210236	-0.015722783019	-0.0185598182423	-0.0158398235343	0.0468044258893	0.0240576774375	-0.0356241310251	-0.013531441507	-0.0174733080092	0.024176738623	0.0100369554825	-0.00997874903191	-0.0280850882029	-0.0444353750511	0.0194182821369	-0.0217038131852	-0.0299182289591	-0.0620565919851
k__Bacteria;p__Bacteroidetes;c__Bacteroidia;o__Bacteroidales;f__Bacteroidaceae;g__Bacteroides;s__Bacteroides_fragilis	0.0146486363687	-0.0161051135122	-0.0103422383894	0.00869039598492	0.00315203098056	0.0651881236647	-0.0638661525046	0.037667132496	0.0452050794506	-0.0386540863093	-0.0192722370946	0.0797474515753	0.0563931090118	-0.051862691488	0.0119475451654	0.0697046377608	1.0	-0.0484744096091	0.00247520792297	-0.0220209851388	-0.010812821222	-0.0268372045708	-0.0258211184224	0.0185100010991	0.0166182100613	0.0192059981861	0.0128608300256	0.0325414307382	-0.0468676501579	-0.0224964282753	-0.0268713118354	-0.0656956052511	-0.0363987597088	-0.000847579744518	0.0166432562962	0.00472062514401	0.0164037122887	-0.0176262483941	0.0392257364201	0.00588935112056	0.0195148147377	0.0124224825581	-0.017803773599	-0.0685464779028	-0.0452378001035	0.0186950531636	-0.0378088190491	-0.0215681210299	0.0426975828653	0.022003738676	-0.0224823637238	0.00147017131538	-0.00357615184018	0.050492420893	0.0240323442908	-0.0177961798336	0.0125662814873	-0.0465566096004	-0.0346030799259
k__Bacteria;p__Proteobacteria;c__Betaproteobacteria;o__Burkholderiales;f__Sutterellaceae;g__Sutterella;s__Sutterella_wadsworthensis	0.05801814317	-0.0197339836071	-0.0282448542474	-0.0118319864606	0.0404007257519	-0.00139360669592	0.0195069719419	-0.0140499698969	0.0462083604579	0.0339596801886	-0.014552436373	0.0323806353102	0.00627410690306	0.0321716343011	-0.0523476366674	-0.0447160123516	-0.0484744096091	1.0	-0.0272732514682	0.0292062471041	0.00539286110559	-0.0160034028531	-0.0112431700461	-0.059836536776	0.031105491146	0.00883756552699	-0.0292658142011	-0.033989171422	-0.0545067313806	-0.00204464036923	-0.0405079858889	-0.0495855089069	0.0468249049267	0.000959916684414	-0.0132030099383	0.0252203432538	-0.0202970747632	-0.0229477295517	0.00305978936755	-0.0159488477496	0.0272962269495	-0.0112052283218	0.00766017493023	0.0285695666534	0.0331452945539	-0.0201384924375	-0.0533587356208	-0.0749893084696	-0.0220398209639	-0.00526673798126	-0.0149206204316	-0.0365439913962	0.0301166258288	0.0355022724845	-0.0528676953232	-0.0274793918892	0.0057747778899	0.021962421636	0.00225466065052
k__Bacteria;p__Bacteroidetes;c__Bacteroidia;o__Bacteroidales;f__Porphyromonadaceae;g__Barnesiella;s__Barnesiella_intestinihominis	-0.0796794830583	-0.000315184138783	0.00613233550784	0.0480229042316	0.0192306714881	-0.0293643643	-0.0337539493874	0.0216203119276	0.0393806623415	-0.0663405707102	-0.0197440479294	0.0396009537267	-0.0563291794258	-0.0151720158847	-0.00125812431195	-0.0373738801711	0.00247520792297	-0.0272732514682	1.0	-0.0189625486226	0.0135678141936	0.014583247109	-0.00884808619045	-0.00774389243871	0.00106328886404	-0.00620090983583	0.0268372212899	0.0241539385395	-0.0171897921537	0.0593235235615	0.0221644834541	-0.010504435492	-0.0249665678796	-0.0240606178218	-0.0554301882792	-0.0132802384358	-0.0099670719003	0.052637172275	0.0152865225431	-0.0379134130896	-0.00541650590486	-0.0376320668699	0.0243173276649	-0.0249857865654	-0.0194769490489	-0.0172512309257	0.0323589651929	0.0567484268531	-0.0729649310668	-0.0424645799802	-0.00601100840482	0.0184146359112	-0.0264917863171	-0.0348394353739	-0.0406254854357	-0.0864227101586	-0.059762901858	0.0661001269843	0.000482067599531
k__Bacteria;p__Bacteroidetes;c__Bacteroidia;o__Bacteroidales;f__Odoribacteraceae;g__Odoribacter;s__Odoribacter_splanchnicus	-0.0129973020654	0.0261364641183	-0.0292866329923	-0.0176864476809	0.00826733023187	-0.0423325239979	0.0125379304688	0.00691940844726	0.048608058846	0.012418423975	0.0185102193934	-0.021361994492	-0.0275996562179	0.0169218200758	-0.0512167985828	-0.0239053903779	-0.0220209851388	0.0292062471041	-0.0189625486226	1.0	0.0200347474609	-0.0571831227518	0.0105693329562	-0.0428829663191	0.0114322975633	0.017371892983	0.0190710524339	-0.0153027292288	-0.0126400670768	0.0503268583981	-0.0642358536392	0.0670603711763	0.00472777431351	-0.0112233522969	0.0419400612693	-0.0305981901863	-0.0374034118977	-0.0275694241851	-0.0615011076593	0.027968547543	0.015411622008	-0.00879905497693	0.0123478539582	-0.0672077736822	-0.00542872475506	-0.0228186970484	0.0452849241296	0.0194746047551	0.0156663063402	0.00780011308685	0.0265437465036	-0.00866235127857	-0.0331680628025	-0.0564475162047	0.0318683579302	-0.0128868048445	0.0491778813011	-0.0189317736479	0.0346754368556
k__Bacteria;p__Bacteroidetes;c__Bacteroidia;o__Bacteroidales;f__Bacteroidaceae;g__Bacteroides;s__Bacteroides_salyersiae	-0.00731706928797	-0.0210451907015	0.0130431039062	-0.0831241224638	0.0249954398666	0.0122151304464	-0.0255280872262	-0.0155057015109	-0.00844451123399	0.0177659486357	0.0468058862646	-0.0213680750359	-0.0414539204592	-0.0692923612315	-0.0264647616479	-0.0271190450612	-0.010812821222	0.00539286110559	0.0135678141936	0.0200347474609	1.0	-0.0642013078744	-0.0072220842479	-0.028962488496	0.00398787721702	-0.00670658961008	-0.0288354042029	0.00229878407506	0.0420966918403	0.033316307742	-0.0193893084022	-0.0208984217568	0.015079937204	-0.0433304804288	-0.0439760550502	-0.0380673246166	-0.0274309950774	0.00842995024956	-0.0272689343955	0.0114307310923	-0.0445586149938	0.0337238402129	0.0354628132898	0.0329369023885	-0.044892609415	0.0586129724919	0.0220801513194	0.00107825974358	-0.00347395362686	-0.0295088087969	-0.0268769150719	-0.0046986111225	-0.0213095660265	-0.00122361508059	0.0462760491306	-0.0517583648172	-0.0119521850298	-0.0315425785714	-0.0579472787738
k__Bacteria;p__Firmicutes;c__Clostridia;o__Clostridiales;f__Ruminococcaceae;g__Ruminiclostridium;s__[Eubacterium]_siraeum	0.0225513988455	0.0280119026145	0.0205733183127	0.017380098581	0.0283285580583	0.0176699559454	0.0115014979878	-0.0136643119426	-0.0136521550658	0.0203617524744	0.0146362487553	0.0195030944979	-0.0395871304565	0.0251151057672	-0.0278396202985	-0.00799488077002	-0.0268372045708	-0.0160034028531	0.014583247109	-0.0571831227518	-0.0642013078744	1.0	-0.0399343797026	-0.0190283966052	0.00131386652246	-0.0454754557605	-0.0149202881748	0.0810849691776	0.0331306077888	-0.0111759331669	0.0461682429227	-0.0420314032888	0.009248982242	-0.040402890627	-0.0322826348926	0.00145490981398	-0.0393626229846	-0.0201619648119	-0.0296798979568	-0.00582704062847	-0.00839119965625	-0.0444510298675	-0.0146650418125	0.052341506066	0.00185349655983	-0.0168235607198	-0.0399026920264	0.0374524660424	-0.0348898478096	-0.0308480702333	-0.0321880561546	-0.0238978396557	-0.00989153151732	0.00787907887934	-0.0335973640047	0.0622493740622	0.0164927964595	0.0490833773715	-0.0542842018849
k__Bacteria;p__Proteobacteria;c__Betaproteobacteria;o__Burkholderiales;f__Sutterellaceae;g__Parasutterella;s__Parasutterella_excrementihominis	0.0331443312987	0.0465422153678	0.00139743193384	-0.0504111406233	-0.0110113088922	0.000261580141793	-0.0144199982179	-0.0208682040716	-0.0313858694704	-0.0364658843774	-0.00468498720089	-0.0359290974701	-0.0178471243281	-0.000101303564102	0.0168545088818	-0.0359491133206	-0.0258211184224	-0.0112431700461	-0.00884808619045	0.0105693329562	-0.0072220842479	-0.0399343797026	1.0	-0.0190904781322	0.0204821747229	-0.0200438140844	0.00373431960963	0.12992768065	0.0453476508996	0.00580158928193	0.0100883842748	0.0374989684654	0.0156341910842	0.0361671901416	-0.0496871201271	0.0409059531299	-0.0483148339353	0.0324326385703	-0.0991921257989	-0.0373704840618	-0.0169040385237	-0.0238030569902	-0.0197551907221	-0.00336546302342	-0.0393200854325	-0.0756616565374	0.0614167410962	-0.0362022480863	0.00970084868209	-0.0153938130107	0.0446348357899	-0.0316771514919	0.0154904912825	0.0340456598336	-0.028742584419	0.0140044990049	-0.0521257891049	0.00390061194481	0.0231673579473
k__Bacteria;p__Actinobacteria;c__Actinobacteria;o__Bifidobacteriales;f__Bifidobacteriaceae;g__Bifidobacterium;s__Bifidobacterium_adolescentis	-0.0319595926622	-0.028559890149	-0.0349528268351	-0.0883807703213	0.0366682303449	0.00966485706336	-0.0297793235421	0.00611834782705	0.0151721072969	-0.00238075495347	0.0230034033533	0.0103424190987	0.0104394226514	-0.000377240519358	0.0012742638466	0.00781030201384	0.0185100010991	-0.059836536776	-0.00774389243871	-0.0428829663191	-0.028962488496	-0.0190283966052	-0.0190904781322	1.0	-0.014738992395	-0.0386714393616	-0.0676590367403	0.0466175733699	-0.0120033423458	-0.0166509579118	0.0075183872036	-0.0167752202823	-0.0136325862081	-0.0381323021654	-0.0188522627511	0.0317302392408	-0.016346864422	-0.0178857745062	-0.0335746668617	0.0289956330423	-0.0233925665475	0.0241821312487	0.030434092504	0.0343020534945	0.0313168891246	-0.0342658713562	-0.0325896775981	0.00775807014166	0.0586222358827	0.0125839536909	-0.0159729362555	-0.00318568962767	-0.0253950950327	-0.0129900300448	-0.0500405651477	0.00812621460767	-0.0412312226011	0.0307467386351	0.0222287587433
k__Bacteria;p__Firmicutes;c__Clostridia;o__Clostridiales;f__Oscillospiraceae;g__Oscillibacter;s__Oscillibacter_sp._KLE_1745	-0.0122883404236	-0.0269430049284	0.034136422867	-0.111583999967	-1.37019299001e-05	0.0149061247893	-0.0583962973188	-0.0457224621723	-0.0337736653555	-0.00840520633583	-0.0380747593486	0.00390866907133	-0.0131565479432	-0.0631492167728	-0.0708398622705	-0.0249856899384	0.0166182100613	0.031105491146	0.00106328886404	0.0114322975633	0.00398787721702	0.00131386652246	0.0204821747229	-0.014738992395	1.0	-0.0039176557652	-0.00591311630215	-0.060975028469	-0.000763395715401	0.0190990699261	-0.012079817012	0.00267921070672	0.0334764579744	-0.0429604614265	0.0134097767183	0.0342529636221	0.0359908511532	-0.0345897286969	0.0291024594442	0.00521681891255	0.0317754012592	-0.0197821463769	0.00667928881069	-0.0247783035473	-0.00876224577509	0.00420701656153	-0.00368727851595	-0.0399723500061	0.01698207676	-0.017114014766	-0.0134878039308	0.0158331488984	-0.0177758553813	-0.0498834677336	0.0258961373513	0.0242069431079	0.0368714841649	0.0264981444136	-0.0142134701128
k__Bacteria;p__Bacteroidetes;c__Bacteroidia;o__Bacteroidales;f__Bacteroidaceae;g__Bacteroides;s__Bacteroides_coprophilus	-0.0291327172915	-0.00972479483069	-0.0322028401092	0.0293259298042	-0.0103438638164	-0.0347513895681	0.0158555978168	-0.04067043781	0.00656530078411	-0.0370973446399	-0.0348043152738	0.00226053406782	-0.0047017834227	-0.0432418173542	0.0447450537284	0.0708092000613	0.0192059981861	0.00883756552699	-0.00620090983583	0.017371892983	-0.00670658961008	-0.0454754557605	-0.0200438140844	-0.0386714393616	-0.0039176557652	1.0	0.0241675608	-0.0495002500372	-0.0261009902017	-0.022996141092	0.00399137439098	0.0726883033381	0.00403752444325	-0.00933643987534	-0.0178013834041	0.0261313054832	-0.0464377850476	0.000277126386787	0.0201043408676	-0.0284799619129	-0.0349804679855	0.00700585131947	-0.041095962192	0.0180430556279	0.0128478626839	-0.056903285816	0.0062191991615	-0.0535203448308	0.011501862551	-0.0526197357148	-0.0503597787434	0.0103150149407	-0.0529316813433	-0.0564350968267	-0.00352539260841	0.00264683005357	-0.00811573139424	0.0181168749279	0.0276424511196
k__Bacteria;p__Firmicutes;c__Clostridia;o__Clostridiales;f__Lachnospiraceae;g__Roseburia;s__Roseburia_intestinalis	0.0295443678366	-0.0654410395603	-0.0407566369668	0.0766825654801	-0.00706197892256	0.00452328003662	-0.0347234313221	-0.0204580167133	-0.0278130665758	-0.0336875518151	0.00543760253694	-0.0465738626936	-0.0365704474586	0.0509664526239	-0.0116773646463	0.0400221883378	0.0128608300256	-0.0292658142011	0.0268372212899	0.0190710524339	-0.0288354042029	-0.0149202881748	0.00373431960963	-0.0676590367403	-0.00591311630215	0.0241675608	1.0	-0.00492438194998	0.0449438385296	0.0140002822073	0.00503377289717	0.00914873334658	0.00475164873844	-0.0502325064388	0.00452620783925	0.014365983026	-0.02665416674	0.00875576555477	-0.0094521189188	-0.0524218500302	0.0319854611579	0.0199526916898	-0.0142130991499	0.00856865202575	-0.0584259032162	-0.0273171136745	0.00176420718114	0.00268979290035	-0.0191274093755	-0.00393645154525	-0.0248054407848	-0.0215020657087	-0.0448729488964	0.0437851869327	0.0107142357922	-0.0229202870991	0.0274338116032	0.0141301032431	0.0208727682977
k__Bacteria;p__Firmicutes;c__Clostridia;o__Clostridiales;f__Lachnospiraceae;g__Roseburia;s__Roseburia_hominis	0.0244349227225	-0.065240467123	-0.00839434750433	-0.0620680315908	-0.0320053499165	0.00178992841294	0.0190543403447	0.0298454943203	0.011233803524	-0.0513747518819	-0.0970447819705	-0.0159699272846	-0.0107705707901	-0.00881544724502	-0.00996825277873	0.020939420783	0.0325414307382	-0.033989171422	0.0241539385395	-0.0153027292288	0.00229878407506	0.0810849691776	0.12992768065	0.0466175733699	-0.060975028469	-0.0495002500372	-0.00492438194998	1.0	-0.00275436683319	-0.0304307217472	0.0358547414418	-0.00243404962518	-0.0174647285545	-0.0330164875212	0.00704995981447	0.0157546182336	-0.00343247905179	-0.0105427602919	0.0276147655565	-0.0209163989472	-0.0313224694486	0.022899090154	0.0306809575916	-0.0301097487659	0.000221771975718	0.0165702638591	-0.00422443392813	-0.0227554734195	-0.0411015258634	-0.0235825225053	0.0341566996193	-0.0498252277308	0.00824118216481	-0.0518622635544	-0.0446013038853	-0.0403441928412	0.0152049694199	0.0326728252573	-0.00362027866329
k__Bacteria;p__Bacteroidetes;c__Bacteroidia;o__Bacteroidales;f__Porphyromonadaceae;g__Parabacteroides;s__Parabacteroides_johnsonii	-0.0246030569996	-0.0395436290515	-0.0573174287971	-0.00984687179516	0.0316549519754	-0.00651765765554	0.0547220736696	0.00469074102164	-0.0102525733636	0.00254981940181	0.0231126599321	-0.0313983019464	-0.0510413106505	0.00684185568203	0.0930636799744	0.00909468035754	-0.0468676501579	-0.0545067313806	-0.0171897921537	-0.0126400670768	0.0420966918403	0.0331306077888	0.0453476508996	-0.0120033423458	-0.000763395715401	-0.0261009902017	0.0449438385296	-0.00275436683319	1.0	-0.0255341490143	-0.0142014577426	-0.0111812660394	-0.0109744354619	0.00704495186739	-0.0109489962851	-0.00132485085742	0.0452780408452	0.00348317033199	-0.00804534900909	0.0114476346772	0.00538576688322	-0.000661168477146	0.0111034929806	-0.019557949672	-0.0288548453159	-0.021317275113	0.0409534289788	0.0331971100984	-0.0102159725915	0.00662690065649	-0.00361165886423	0.025699140529	0.0211337615718	-0.0242729995799	-0.051773710024	0.101077936363	0.00142149523281	-0.0314549234216	-0.0796909658202
k__Bacteria;p__Actinobacteria;c__Actinobacteria;o__Bifidobacteriales;f__Bifidobacteriaceae;g__Bifidobacterium;s__Bifidobacterium_longum	-0.0394686943408	0.0345359833133	0.0343115421886	0.0168545803862	0.0186903711925	0.00187516288224	-0.0267333187965	-0.000385797909437	0.0310338233016	-0.0452581421658	-0.0215440690783	-0.0546657111754	-0.0253645457766	-0.00420780760275	-0.0263603354215	-0.00446908086192	-0.0224964282753	-0.00204464036923	0.0593235235615	0.0503268583981	0.033316307742	-0.0111759331669	0.00580158928193	-0.0166509579118	0.0190990699261	-0.022996141092	0.0140002822073	-0.0304307217472	-0.0255341490143	1.0	-0.0434188409352	0.0335279804699	0.0462904849918	0.0182791938111	0.0517358985653	0.0311303456344	-0.0180364216229	-0.0186681299758	-0.042599014495	-0.0385150581003	-0.0164397162226	-0.0283226067062	-0.00333012304353	-0.0232360373755	0.0302563215694	0.0108476259431	0.00533449681391	-0.0103700198758	-0.00592764133603	-0.0454459426853	-0.00674320034457	0.00151830344064	-0.0151297155276	0.0551298375274	-0.00185158943895	-0.0315135929543	-0.070192300561	0.0109064859764	0.0153011036543
