#taxonomy	k__Bacteria;p__Bacteroidetes;c__Bacteroidia;o__Bacteroidales;f__Bacteroidaceae;g__Bacteroides;s__Bacteroides_vulgatus	k__Bacteria;p__Bacteroidetes;c__Bacteroidia;o__Bacteroidales;f__Bacteroidaceae;g__Bacteroides;s__Bacteroides_uniformis	k__Bacteria;p__Bacteroidetes;c__Bacteroidia;o__Bacteroidales;f__Rikenellaceae;g__Alistipes;s__Alistipes_putredinis	k__Bacteria;p__Bacteroidetes;c__Bacteroidia;o__Bacteroidales;f__Prevotellaceae;g__Prevotella;s__Prevotella_copri	k__Bacteria;p__Bacteroidetes;c__Bacteroidia;o__Bacteroidales;f__Bacteroidaceae;g__Bacteroides;s__Bacteroides_stercoris	k__Bacteria;p__Bacteroidetes;c__Bacteroidia;o__Bacteroidales;f__Bacteroidaceae;g__Bacteroides;s__Bacteroides_ovatus	k__Bacteria;p__Bacteroidetes;c__Bacteroidia;o__Bacteroidales;f__Rikenellaceae;g__Alistipes;s__Alistipes_shahii	k__Bacteria;p__Firmicutes;c__Clostridia;o__Clostridiales;f__Ruminococcaceae;g__Faecalibacterium;s__Faecalibacterium_prausnitzii	k__Bacteria;p__Bacteroidetes;c__Bacteroidia;o__Bacteroidales;f__Rikenellaceae;g__Alistipes;s__Alistipes_finegoldii	k__Bacteria;p__Bacteroidetes;c__Bacteroidia;o__Bacteroidales;f__Porphyromonadaceae;g__Parabacteroides;s__Parabacteroides_distasonis	k__Bacteria;p__Bacteroidetes;c__Bacteroidia;o__Bacteroidales;f__Bacteroidaceae;g__Bacteroides;s__Bacteroides_thetaiotaomicron	k__Bacteria;p__Bacteroidetes;c__Bacteroidia;o__Bacteroidales;f__Bacteroidaceae;g__Bacteroides;s__Bacteroides_coprocola	k__Bacteria;p__Bacteroidetes;c__Bacteroidia;o__Bacteroidales;f__Bacteroidaceae;g__Bacteroides;s__Bacteroides_cellulosilyticus	k__Bacteria;p__Bacteroidetes;c__Bacteroidia;o__Bacteroidales;f__Rikenellaceae;g__Alistipes;s__Alistipes_obesi	k__Bacteria;p__Firmicutes;c__Clostridia;o__Clostridiales;f__Lachnospiraceae;g__;s__[Eubacterium]_rectale	k__Bacteria;p__Bacteroidetes;c__Bacteroidia;o__Bacteroidales;f__Bacteroidaceae;g__Bacteroides;s__Bacteroides_plebeius	k__Bacteria;p__Bacteroidetes;c__Bacteroidia;o__Bacteroidales;f__Bacteroidaceae;g__Bacteroides;s__Bacteroides_fragilis	k__Bacteria;p__Proteobacteria;c__Betaproteobacteria;o__Burkholderiales;f__Sutterellaceae;g__Sutterella;s__Sutterella_wadsworthensis	k__Bacteria;p__Bacteroidetes;c__Bacteroidia;o__Bacteroidales;f__Porphyromonadaceae;g__Barnesiella;s__Barnesiella_intestinihominis	k__Bacteria;p__Bacteroidetes;c__Bacteroidia;o__Bacteroidales;f__Odoribacteraceae;g__Odoribacter;s__Odoribacter_splanchnicus	k__Bacteria;p__Bacteroidetes;c__Bacteroidia;o__Bacteroidales;f__Bacteroidaceae;g__Bacteroides;s__Bacteroides_salyersiae	k__Bacteria;p__Firmicutes;c__Clostridia;o__Clostridiales;f__Ruminococcaceae;g__Ruminiclostridium;s__[Eubacterium]_siraeum	k__Bacteria;p__Proteobacteria;c__Betaproteobacteria;o__Burkholderiales;f__Sutterellaceae;g__Parasutterella;s__Parasutterella_excrementihominis	k__Bacteria;p__Actinobacteria;c__Actinobacteria;o__Bifidobacteriales;f__Bifidobacteriaceae;g__Bifidobacterium;s__Bifidobacterium_adolescentis	k__Bacteria;p__Firmicutes;c__Clostridia;o__Clostridiales;f__Oscillospiraceae;g__Oscillibacter;s__Oscillibacter_sp._KLE_1745	k__Bacteria;p__Bacteroidetes;c__Bacteroidia;o__Bacteroidales;f__Bacteroidaceae;g__Bacteroides;s__Bacteroides_coprophilus	k__Bacteria;p__Firmicutes;c__Clostridia;o__Clostridiales;f__Lachnospiraceae;g__Roseburia;s__Roseburia_intestinalis	k__Bacteria;p__Firmicutes;c__Clostridia;o__Clostridiales;f__Lachnospiraceae;g__Roseburia;s__Roseburia_hominis	k__Bacteria;p__Bacteroidetes;c__Bacteroidia;o__Bacteroidales;f__Porphyromonadaceae;g__Parabacteroides;s__Parabacteroides_johnsonii	k__Bacteria;p__Actinobacteria;c__Actinobacteria;o__Bifidobacteriales;f__Bifidobacteriaceae;g__Bifidobacterium;s__Bifidobacterium_longum	k__Bacteria;p__Firmicutes;c__Clostridia;o__Clostridiales;f__;g__Flavonifractor;s__Flavonifractor_plautii	k__Bacteria;p__Firmicutes;c__Clostridia;o__Clostridiales;f__Clostridiaceae;g__Clostridium;s__Clostridium_phoceensis	k__Bacteria;p__Verrucomicrobia;c__Verrucomicrobiae;o__Verrucomicrobiales;f__Akkermansiaceae;g__Akkermansia;s__Akkermansia_muciniphila	k__Bacteria;p__Bacteroidetes;c__Bacteroidia;o__Bacteroidales;f__Prevotellaceae;g__Paraprevotella;s__Paraprevotella_xylaniphila	k__Bacteria;p__Firmicutes;c__Clostridia;o__Clostridiales;f__Ruminococcaceae;g__Ruminococcus;s__Ruminococcus_callidus	k__Bacteria;p__Bacteroidetes;c__Bacteroidia;o__Bacteroidales;f__Rikenellaceae;g__Alistipes;s__Alistipes_senegalensis	k__Bacteria;p__Firmicutes;c__Clostridia;o__Clostridiales;f__Lachnospiraceae;g__Blautia;s__Blautia_sp._KLE_1732	k__Bacteria;p__Bacteroidetes;c__Bacteroidia;o__Bacteroidales;f__Bacteroidaceae;g__Bacteroides;s__Bacteroides_oleiciplenus	k__Bacteria;p__Firmicutes;c__Clostridia;o__Clostridiales;f__Ruminococcaceae;g__Ruminococcus;s__Ruminococcus_bicirculans	k__Bacteria;p__Bacteroidetes;c__Bacteroidia;o__Bacteroidales;f__Bacteroidaceae;g__Bacteroides;s__Bacteroides_fluxus	k__Bacteria;p__Bacteroidetes;c__Bacteroidia;o__Bacteroidales;f__Prevotellaceae;g__Prevotella;s__Prevotella_stercorea	k__Bacteria;p__Firmicutes;c__Clostridia;o__Clostridiales;f__Lachnospiraceae;g__Dorea;s__Dorea_longicatena	k__Bacteria;p__Firmicutes;c__Clostridia;o__Clostridiales;f__Eubacteriaceae;g__Eubacterium;s__[Eubacterium]_eligens	k__Bacteria;p__Firmicutes;c__Clostridia;o__Clostridiales;f__Ruminococcaceae;g__;s__Ruminococcaceae_bacterium_D16	k__Bacteria;p__Firmicutes;c__Clostridia;o__Clostridiales;f__Lachnospiraceae;g__Coprococcus;s__Coprococcus_comes	k__Bacteria;p__Proteobacteria;c__Gammaproteobacteria;o__Enterobacterales;f__Enterobacteriaceae;g__Escherichia;s__Escherichia_coli	k__Bacteria;p__Firmicutes;c__Clostridia;o__Clostridiales;f__Ruminococcaceae;g__Anaerotruncus;s__Anaerotruncus_colihominis	k__Bacteria;p__Firmicutes;c__Clostridia;o__Clostridiales;f__Lachnospiraceae;g__Blautia;s__Blautia_obeum	k__Bacteria;p__Bacteroidetes;c__Bacteroidia;o__Bacteroidales;f__Odoribacteraceae;g__Odoribacter;s__Odoribacter_laneus	k__Bacteria;p__Firmicutes;c__Clostridia;o__Clostridiales;f__Ruminococcaceae;g__Ruminiclostridium;s__[Clostridium]_leptum	k__Bacteria;p__Bacteroidetes;c__Bacteroidia;o__Bacteroidales;f__Porphyromonadaceae;g__Parabacteroides;s__Parabacteroides_goldsteinii	k__Bacteria;p__Firmicutes;c__Clostridia;o__Clostridiales;f__Lachnospiraceae;g__Anaerostipes;s__Anaerostipes_hadrus	k__Bacteria;p__Firmicutes;c__Clostridia;o__Clostridiales;f__Ruminococcaceae;g__Ruminococcus;s__Ruminococcus_lactaris	k__Bacteria;p__Firmicutes;c__Clostridia;o__Clostridiales;f__Clostridiaceae;g__Clostridium;s__Clostridium_sp._L2-50	k__Bacteria;p__Firmicutes;c__Clostridia;o__Clostridiales;f__Clostridiaceae;g__Clostridium;s__Clostridium_sp._M62/1	k__Bacteria;p__Firmicutes;c__Clostridia;o__Clostridiales;f__;g__Intestinimonas;s__Intestinimonas_butyriciproducens	k__Bacteria;p__Actinobacteria;c__Actinobacteria;o__Bifidobacteriales;f__Bifidobacteriaceae;g__Bifidobacterium;s__Bifidobacterium_bifidum	k__Bacteria;p__Firmicutes;c__Negativicutes;o__Veillonellales;f__Veillonellaceae;g__Dialister;s__Dialister_invisus	k__Bacteria;p__Bacteroidetes;c__Bacteroidia;o__Bacteroidales;f__Bacteroidaceae;g__Bacteroides;s__Bacteroides_salanitronis
k__Bacteria;p__Bacteroidetes;c__Bacteroidia;o__Bacteroidales;f__Bacteroidaceae;g__Bacteroides;s__Bacteroides_vulgatus	1.0	-0.00570072151742	0.0064611844522	0.0238873118757	-0.0458936801702	-0.0603215833184	0.0891004488688	0.0257121550578	0.0339848957204	-0.0329357320707	0.00538894746326	0.00574329217726	-0.0400530786	-0.0620968977024	-0.0186225089467	0.0190584657166	-0.0649098451446	0.0256600306928	-0.00781062967019	-0.0357214052496	-0.0140119398074	-0.0475288524505	-0.0206458405299	0.0217914993319	-0.00177834828088	-0.0197961263288	-0.0210084957024	-0.021108354519	-0.0352022484014	-0.0158999688794	-0.0366405335229	-0.0219519441084	-0.00863426060267	-0.0604239597217	-0.0205386560691	0.0107677978082	0.0117060918917	-0.0358196870775	-0.016347363828	-0.0151160871837	-0.0273389570868	0.00958391749277	0.0127549921505	0.0405909093767	-0.032821300794	-0.0270110319564	-0.00639579212505	-0.029173495238	0.000763892173422	-0.0375751695079	0.0105176477567	0.000144602779493	0.0183540407157	-0.0678480053044	-0.0617154500066	0.0409074268243	0.00158600386008	-0.000787931540158	0.0205174433375
k__Bacteria;p__Bacteroidetes;c__Bacteroidia;o__Bacteroidales;f__Bacteroidaceae;g__Bacteroides;s__Bacteroides_uniformis	-0.00570072151742	1.0	-0.0412908825711	-0.0291699725028	0.00905331017663	0.0242138555761	-0.0145915355273	-0.00434039449068	0.0449011143402	-0.0016931302081	0.0130728703404	0.0026467372355	0.00551105476142	0.0490513534172	-0.0220030445719	-0.00939782105615	0.0312460977165	0.0231924202872	0.0414592834157	-0.061882598542	-0.00534726501268	0.00209092542441	-0.00522370692686	0.0334707936213	-0.0551650456867	0.0422404616052	0.0206887760712	-0.00257993283519	-0.0343229513952	-0.0330582030256	-0.0591996075703	0.00267231068761	-0.0699966387593	-0.0409324511905	0.0267334146073	-0.031836173463	-0.0283966026174	-0.000833939618713	-0.0201220495086	-0.0637570760749	-0.0260941753233	-0.00639034425596	0.0180987003817	0.0410719367575	0.00726258700243	-0.0431323601425	-0.016196077613	-0.0308607908576	-0.01294192104	-0.0295461743021	-0.0218613004728	-0.0511818564633	-0.0186611699617	0.0191669770509	-0.0194618032349	-0.0101951257506	-0.044947401479	0.0355908522444	-0.0154185553285
k__Bacteria;p__Bacteroidetes;c__Bacteroidia;o__Bacteroidales;f__Rikenellaceae;g__Alistipes;s__Alistipes_putredinis	0.0064611844522	-0.0412908825711	1.0	-0.0258492984289	-0.0575280013791	-0.0100468517312	-0.0364420231377	0.0116785765601	-0.0317079831064	-0.00585390950093	-0.0200601472398	0.0287649688291	0.0342205399788	-0.0373519557543	0.0252827073948	-0.0405978012659	-0.00812852851393	-0.0363062682679	-0.00796383174412	-0.000985775918931	-0.0054645533004	-0.00136235323254	-0.0250219680366	0.0262803235293	-0.00971172150809	0.00577034298639	-0.0143054252986	0.0156263938864	0.0293911676677	0.00614860177874	-0.0229051835393	-0.0333605463675	-0.00554937938288	0.0847761508637	-0.0299677552069	-0.0192876701652	0.0350748363681	-0.0502158624509	-0.00289054940235	0.00247202512585	-0.0064991099276	-0.00053528944603	0.00408719240846	0.0525103681542	0.00333601276987	-0.0196303338511	-0.0128538210467	-0.0351961509489	0.00222588442089	0.0171669081697	-0.0328440674127	-0.0341500144859	-0.0180920292662	-0.0354546211447	0.000191840487236	-0.00885649623029	-0.0322256161858	0.0367175783257	0.0310703451825
k__Bacteria;p__Bacteroidetes;c__Bacteroidia;o__Bacteroidales;f__Prevotellaceae;g__Prevotella;s__Prevotella_copri	0.0238873118757	-0.0291699725028	-0.0258492984289	1.0	-0.0167337616703	-0.037181722174	-0.00156065154061	-0.00733449215875	0.0391675215692	-0.0132986394609	0.0135390824257	-0.0302611598338	-0.027294695883	-0.00692556543794	-0.0374052810099	0.0557181466677	-0.0931229050963	-0.0281099569697	0.0234660890318	-0.00208386298334	-0.0079455582419	0.0466337020558	-0.00269576834032	0.0395249704266	-0.056702464902	-0.0373319500955	0.0128894988473	-0.0646720858435	0.000865415567232	0.00488836661101	-0.0278872466443	-0.00708202019061	0.021508907226	0.024054562841	0.00361863061241	0.0344989282208	0.00898002292802	0.0144161190827	-0.0138335570657	0.0340919969174	0.0163969816362	0.00135359957998	-0.00203423886023	0.0190148283581	0.0430301882754	-0.0427990241341	-0.0712832185677	0.00121707371616	0.00105698838675	0.00322052093676	0.024088856004	0.00533251891154	-0.042911383294	0.0950160836751	-0.00810984740532	0.0258291967665	-0.0536912485841	-0.0382955060629	-0.0527691904272
k__Bacteria;p__Bacteroidetes;c__Bacteroidia;o__Bacteroidales;f__Bacteroidaceae;g__Bacteroides;s__Bacteroides_stercoris	-0.0458936801702	0.00905331017663	-0.0575280013791	-0.0167337616703	1.0	-0.00761875335756	-0.0106822406523	-0.0443356658035	0.041205292011	-0.00716607097706	0.0503084741173	-0.00912824646525	-0.102853831313	-0.0386981011047	0.0228633715725	0.0298251654044	0.0219786147284	0.0320673673564	0.000355176802165	0.0300912721449	-0.0145760849154	-0.00317577646043	-0.0330123653414	-0.0512594606187	0.0333145932691	-0.0212575903993	-0.0116587533021	-0.0326180941765	-0.0770396609373	-0.0358145860378	-0.0448687429098	-0.036875645136	-0.00347270188791	-0.0129066847051	0.0331003823735	-0.0227379575092	0.0172610798013	0.0525772779714	-0.0508557955914	-0.0467350331311	-0.035749119786	0.00802507957037	0.0401479068147	0.0329205213303	-0.018814186417	0.0132703228219	-0.000242334637149	0.00574283405483	0.0339661327365	-0.00932578655856	0.00417339528113	0.0344933356934	-0.0430194627301	-0.0239475549674	-0.0114737184309	0.00270116281034	-0.00483740283359	0.0249485843813	-0.0150997012189
k__Bacteria;p__Bacteroidetes;c__Bacteroidia;o__Bacteroidales;f__Bacteroidaceae;g__Bacteroides;s__Bacteroides_ovatus	-0.0603215833184	0.0242138555761	-0.0100468517312	-0.037181722174	-0.00761875335756	1.0	-0.00672032198546	-0.0239735421447	0.0325158362858	0.00963845626644	-0.0450509004251	-0.0833767018332	-0.0303542974377	-0.00493619016307	0.0183627446944	-0.0315385199175	-0.0213725377366	-0.020337481562	0.059692545045	-0.0176816653019	-0.0237757117951	-0.029364552172	-0.00169252432131	0.00650834975447	-0.015569870374	-0.0141452455097	-0.0028440172525	0.0360185374358	-0.0574704596526	-0.0202321128541	0.0187166823062	-0.0196957623432	-0.0709079539485	-0.041005428375	-0.0475249040088	0.0099043774797	-0.0547719954888	0.0236380418944	0.0235920407941	-0.00470925183592	0.0177464165187	-0.0106808529674	0.0279609050271	-0.0251687616754	-0.00779580490979	-0.00487657068039	-0.0205396849999	0.0219893557648	0.00908812935548	-0.0236075245424	0.0639456559502	0.00084065378261	-0.0144111988287	0.0373392250789	0.0481030111557	-0.0380899754882	-0.0427054796383	-0.0426801096936	0.00231486109637
k__Bacteria;p__Bacteroidetes;c__Bacteroidia;o__Bacteroidales;f__Rikenellaceae;g__Alistipes;s__Alistipes_shahii	0.0891004488688	-0.0145915355273	-0.0364420231377	-0.00156065154061	-0.0106822406523	-0.00672032198546	1.0	-0.0232953627216	-0.0376497434721	0.0194949745835	0.000557174037261	-0.0134306935525	-0.0798146093938	-0.0315479665807	-0.0354369080793	-0.044402309241	0.0209023375484	0.0141748790625	-0.0474756563979	0.0143366024553	-0.0285281918371	-0.00790016187493	0.0178292513194	0.00569348864812	0.00960777773127	-0.0194107103946	-0.0191046080088	-0.0110149246126	0.00484119748777	-0.0375406764352	-0.0178559764194	0.0101883754656	0.0119269025403	-0.0251397948992	0.0311098954066	-0.00975940987704	-0.0355534878638	-0.0233416584395	0.0422718048892	-0.0156581666131	-0.0653747558723	-0.0247821757856	-0.00642825513338	-0.009006985397	-0.00228130271341	-0.0240068237476	-0.00720345083704	-0.0288546340134	-0.00300744880816	-0.0183319259859	0.0216574741293	-0.023865881316	0.0416195990783	0.0202357368284	-1.4510949498e-05	0.0188315893152	0.00857613846649	-0.0184464327672	0.0755698490576
k__Bacteria;p__Firmicutes;c__Clostridia;o__Clostridiales;f__Ruminococcaceae;g__Faecalibacterium;s__Faecalibacterium_prausnitzii	0.0257121550578	-0.00434039449068	0.0116785765601	-0.00733449215875	-0.0443356658035	-0.0239735421447	-0.0232953627216	1.0	-0.0199853910389	0.0140685262548	0.0420135127835	-0.0150643227036	-0.0482621403561	-0.00529052402726	-0.0348734029488	-0.00836777904112	-0.0052787228057	0.00603722513622	-0.0215025605295	0.0182512235389	-0.035215477609	-0.0476629529715	-0.0048096583383	-0.0375138363986	-0.03411383157	-0.0215507243681	-0.00924203613352	-0.0214421177719	-0.0146512027934	0.00234268648956	0.00611613021517	-0.0241352294766	0.0171359585237	-0.0104188757955	0.0156063300164	0.000689197997034	0.00926304734832	-0.0310296864949	0.0255021846797	-0.0127047927181	0.0150017150718	0.0771273276434	0.061875180447	0.00373025582005	-0.00812606832817	0.0272201062791	0.044326036909	0.0245830789912	-0.0610767072968	0.0136663901432	-0.0332619362804	-0.0103130323693	-0.00719743841342	-0.0420834374837	-0.0230103119338	-0.011718522549	0.00785786809772	-0.0124081247876	-0.0413999043892
k__Bacteria;p__Bacteroidetes;c__Bacteroidia;o__Bacteroidales;f__Rikenellaceae;g__Alistipes;s__Alistipes_finegoldii	0.0339848957204	0.0449011143402	-0.0317079831064	0.0391675215692	0.041205292011	0.0325158362858	-0.0376497434721	-0.0199853910389	1.0	-0.0612450802385	-0.0106616870784	-0.00191618803022	0.029017262682	0.0233193428478	-0.0104032523125	-0.00929590979235	-0.0168980943211	0.00985637056931	-0.0148518196143	-0.0336071890319	0.00711130723143	-0.0211531766212	-0.00380484904737	0.027553393849	-0.0479005945473	-0.0259254418201	0.0158293514458	0.000155306432082	-0.0072084747085	0.00798470068102	-0.0939048959392	0.00232114466728	-0.0224073367314	0.0175591084432	0.00867834153844	-0.0106402770866	0.0268689031016	0.0192350402464	-0.0126851688743	0.023513430319	-0.0439156815388	0.0262063422577	-0.0181134129103	0.0757684500963	0.0129236370743	0.0158829552216	-0.0348993796783	-0.0114093467906	-0.00633782996209	0.00414535389206	-0.029903514649	0.00124335899498	-0.0539298060306	-0.0134053578497	0.0168441663223	0.000885595765827	-0.0691296547411	-0.0124045866056	-0.050198979381
k__Bacteria;p__Bacteroidetes;c__Bacteroidia;o__Bacteroidales;f__Porphyromonadaceae;g__Parabacteroides;s__Parabacteroides_distasonis	-0.0329357320707	-0.0016931302081	-0.00585390950093	-0.0132986394609	-0.00716607097705	0.00963845626644	0.0194949745835	0.0140685262548	-0.0612450802385	1.0	0.0475684379579	0.0308086376219	0.0142777173106	-0.0381054222104	0.0196474905463	0.0338534646644	-0.0106092130012	-0.00486414397778	-0.0113439682915	-0.0448809794798	-0.00576843867366	-0.0049651716867	0.0345405986746	0.0132866550444	-0.0803062297704	-0.0460870102675	-0.0150165742492	-0.0036690102265	-0.0724541739077	-0.00672172892204	0.00288953981972	-0.0101514237312	0.000625406915913	0.013278772696	-0.0577399964071	-0.0239262560634	-0.0171635093845	-0.00581018766762	0.0241190935931	0.0171303814652	-0.0221561014884	0.0216709300001	-0.047423516858	-0.0154513511512	0.0227684233631	0.0325534464468	-0.00842851250621	0.0170336369878	-0.0118938428248	-0.0335608202923	0.0438522294692	0.0247931617923	0.00765255475388	0.0217256051759	-0.0622681791783	0.0458196920506	-0.0289853151668	-0.0438492075666	0.037969761847
k__Bacteria;p__Bacteroidetes;c__Bacteroidia;o__Bacteroidales;f__Bacteroidaceae;g__Bacteroides;s__Bacteroides_thetaiotaomicron	0.00538894746326	0.0130728703404	-0.0200601472398	0.0135390824257	0.0503084741173	-0.0450509004251	0.000557174037262	0.0420135127835	-0.0106616870784	0.0475684379579	1.0	0.0148218410183	-0.0272748815747	-0.0801654694656	-0.00962161864002	0.0455655045403	-0.0353949535916	-0.0605518878385	-0.0568492019242	-0.00314005867218	-0.0319132144642	0.0351754658858	0.0120334488807	-0.0461068994155	-0.00888307404979	0.00239022456614	0.00476275609013	0.0158310903223	-0.0630660495283	0.0429013463438	0.000964433906601	-0.0280191106702	-0.0719925032418	-0.0130639884564	-0.0393768126953	-0.0150256623	0.0191013749319	-0.00964200408833	-0.00941311257714	-0.0376990492477	0.023387304588	-0.00217836845267	-0.0429225794219	-0.031573259802	-0.0245048334729	-0.00803780380752	-0.0134174731527	-0.0497595602957	0.000741250107918	-0.0480307130314	0.0369188414895	0.00513716468532	-0.00648336803453	-0.0570221757618	0.0325182838675	0.0309774017572	0.00730988749554	-0.0292305509443	0.0174696920705
k__Bacteria;p__Bacteroidetes;c__Bacteroidia;o__Bacteroidales;f__Bacteroidaceae;g__Bacteroides;s__Bacteroides_coprocola	0.00574329217726	0.0026467372355	0.0287649688291	-0.0302611598338	-0.00912824646525	-0.0833767018332	-0.0134306935525	-0.0150643227036	-0.00191618803022	0.0308086376219	0.0148218410183	1.0	-0.0122515879764	-0.0393937544288	0.0721891990076	-0.00422938372992	-0.0142247774229	0.0152162830395	0.00699688995333	0.00293449315613	-0.0260728536064	-0.0648726575317	0.00954963400769	0.00911861915664	0.085112600037	-0.0631245356079	-0.0012573280907	-0.00972916672409	0.0330378785713	-0.00264294717259	0.0542785224723	-0.0627741845458	0.0260766186507	-0.030142244873	-0.0433323057692	0.0241613553155	-0.0890979152705	0.0746916318691	-0.0185391738097	0.0103678791837	-0.0120257531427	-0.0017393501691	0.102485741004	0.00156291544614	0.0359024166963	-0.0400342154897	-0.00298622290955	0.0381392955856	-0.0509804854605	-0.0128515093114	0.00495597585236	-0.0851365989185	-0.0227791392617	-0.0473866841941	-0.0122916542874	-0.0164909677244	-0.0387534722916	-0.0555855217569	-0.0233622033133
k__Bacteria;p__Bacteroidetes;c__Bacteroidia;o__Bacteroidales;f__Bacteroidaceae;g__Bacteroides;s__Bacteroides_cellulosilyticus	-0.0400530786	0.00551105476142	0.0342205399788	-0.027294695883	-0.102853831313	-0.0303542974377	-0.0798146093938	-0.0482621403561	0.029017262682	0.0142777173106	-0.0272748815747	-0.0122515879764	1.0	0.0201794970283	-0.0224386453266	-0.0221097654515	0.0183760933575	-0.064866019411	0.0546058118273	0.0232336081495	0.0725932179293	0.0103973048332	-0.0309885410256	-0.0554043748663	0.0361078839297	-0.0317142158063	0.0174635242687	0.00435115337983	-0.0417669340239	-0.0237532458846	-0.00037056331234	0.0269404437961	0.0229667710504	0.000725002628583	-0.0126141573506	-0.00866209206116	0.00856314704575	-0.0199884300264	-0.029608689043	0.0277614218802	-0.0518045518027	0.0223641898325	-0.0364901694784	-0.00221144187508	-0.0233344236312	-0.00889465180892	-0.0451298891331	-0.0153286797206	0.00702325719806	0.0168463076073	-0.0671782636563	0.0885996064843	-0.016154544393	-0.055098686176	-0.019147872143	-0.0263042637263	0.0517245864615	-0.0541561070121	0.0259509204363
k__Bacteria;p__Bacteroidetes;c__Bacteroidia;o__Bacteroidales;f__Rikenellaceae;g__Alistipes;s__Alistipes_obesi	-0.0620968977024	0.0490513534172	-0.0373519557543	-0.00692556543794	-0.0386981011047	-0.00493619016307	-0.0315479665807	-0.00529052402726	0.0233193428478	-0.0381054222104	-0.0801654694656	-0.0393937544288	0.0201794970283	1.0	-0.0167523447087	0.00312130329752	-0.0262567928472	-0.0336658061357	0.0389189700323	-0.0334435515246	0.0448484616445	-0.0103741745204	0.00749868745259	-0.0364963107038	-0.0828984318376	0.0012454363103	-0.0180519679452	-0.00895163517508	-0.019356459603	0.0309338612912	0.00590434975933	0.00978419853535	-0.0188807807929	0.0461801514718	0.0284626205908	-0.0904595095551	-0.0382690680872	0.016156782041	0.0245239362061	-0.00590456626838	0.016325546114	-0.00638861836429	-0.0217452207105	0.0300589687287	-0.039234686197	0.0792893989257	0.0552338344274	-0.0847065207998	0.0242130436727	-0.0316222512136	-0.0128254432647	-0.0101997589477	-0.00166926883762	0.0360382647752	-0.0370489582001	-0.0491881876837	-0.00937749019058	-0.00509513455551	0.0388118505043
k__Bacteria;p__Firmicutes;c__Clostridia;o__Clostridiales;f__Lachnospiraceae;g__;s__[Eubacterium]_rectale	-0.0186225089467	-0.0220030445719	0.0252827073948	-0.0374052810099	0.0228633715725	0.0183627446944	-0.0354369080793	-0.0348734029488	-0.0104032523125	0.0196474905463	-0.00962161864002	0.0721891990076	-0.0224386453266	-0.0167523447087	1.0	0.00336690374803	0.0120674195316	-0.000691537011524	-0.0476520044688	0.00194274799673	0.00109221913498	0.00447771657812	0.0479056229594	0.00639058926138	-0.0226793037822	-0.041279418407	-0.0192957018527	-0.0550863792054	0.00607389381111	-0.0147106368725	0.0214598557545	0.0388769415685	-0.0079475788009	0.0236262598924	-0.010988194222	0.0241815422679	-0.0175312955637	-0.0286426311953	-0.00677628013221	-0.0050573586052	-0.00166897135389	-0.00331110299915	-0.0027854863095	-0.00700371688333	-0.0157026594353	0.0260449363995	-0.0367459826285	0.00310875860969	-0.0957627730593	0.0419900948492	0.0627735108498	-0.0254908067323	0.0367579341993	-0.0244307973065	-0.0452024653927	0.0633887422868	-0.0380664163883	-0.00648155464515	0.000350085361033
k__Bacteria;p__Bacteroidetes;c__Bacteroidia;o__Bacteroidales;f__Bacteroidaceae;g__Bacteroides;s__Bacteroides_plebeius	0.0190584657166	-0.00939782105615	-0.0405978012659	0.0557181466677	0.0298251654044	-0.0315385199175	-0.044402309241	-0.00836777904112	-0.00929590979235	0.0338534646644	0.0455655045403	-0.00422938372992	-0.0221097654515	0.00312130329752	0.00336690374803	1.0	-0.0488041304219	-0.034291322717	-0.00289772433493	-0.0554158209136	-0.0530525101077	-0.00992026129037	0.000244026458857	-0.00810080041583	-0.000226793372895	0.00284195742826	-0.00985842892684	0.0193368937877	0.0251682839605	0.0235690003056	0.032809274537	-0.0364409483953	0.0220447687427	-0.00553190176457	-0.0113566013564	0.0187511361512	0.0742813798254	-0.00831073806206	-0.0378927841131	-0.0125606804106	-0.00856199427762	-0.0441773242184	0.0367195053814	-0.0519784470006	0.035992733134	-0.000108860208403	0.00090894185789	-0.00386160880522	0.0419915557595	-0.0082881241835	0.063600767762	-0.0127817087841	-0.0284554649555	-0.0344148760492	-0.0180776737093	0.0317351726186	-0.0492867292063	-0.0992478240182	0.00930850182186
k__Bacteria;p__Bacteroidetes;c__Bacteroidia;o__Bacteroidales;f__Bacteroidaceae;g__Bacteroides;s__Bacteroides_fragilis	-0.0649098451446	0.0312460977165	-0.00812852851393	-0.0931229050963	0.0219786147284	-0.0213725377366	0.0209023375484	-0.0052787228057	-0.0168980943211	-0.0106092130012	-0.0353949535916	-0.0142247774229	0.0183760933575	-0.0262567928472	0.0120674195316	-0.0488041304219	1.0	-0.0480749537019	0.00390593854268	-0.0114658511566	0.00678585700243	-0.0270601998572	-0.00861783680795	0.0548674904484	0.00749291316809	0.0197177399995	-0.00603918458969	-0.0385604722499	-0.00172487552457	-0.0458497969675	-0.0060398605437	-0.0652849914521	0.0168874102268	-0.0147397580463	0.0253989788971	-0.0331571161153	0.0229888032081	-0.00776810714683	-0.0814711618812	-0.00191472536633	-0.0368679006459	-0.0530881318548	0.00560712094663	0.049006244795	-0.0197841612993	0.0159143746181	0.0263600623987	0.0119617862992	-0.0123060719746	-0.0129119501499	-0.0141662900824	-0.0158395678475	-0.0197000585748	0.00359266619351	0.0268958275154	-0.00256252207973	-0.0223109093295	-0.0112479086477	0.0216307424244
k__Bacteria;p__Proteobacteria;c__Betaproteobacteria;o__Burkholderiales;f__Sutterellaceae;g__Sutterella;s__Sutterella_wadsworthensis	0.0256600306928	0.0231924202872	-0.0363062682679	-0.0281099569697	0.0320673673564	-0.020337481562	0.0141748790625	0.00603722513622	0.00985637056931	-0.00486414397778	-0.0605518878385	0.0152162830395	-0.064866019411	-0.0336658061357	-0.000691537011524	-0.034291322717	-0.0480749537019	1.0	-0.0167825686268	-0.0400977069776	-0.0389540084795	-0.026074679229	0.038504052958	-0.0443477565998	-0.020619003632	-0.0253501016818	-0.0868612170333	0.00151896595728	-0.0203146237141	0.0600910255454	0.0109510521634	0.0263811983138	-0.0385802768988	7.06198652895e-05	0.000877191261123	-0.0607519939324	-0.0065957935805	-0.0778164680454	-0.0189163105639	7.87820559635e-05	0.0685634260916	0.0404003122973	-0.00530405672413	-0.0397066584011	0.022881394725	-0.0282706693967	-0.0256071432098	-0.00828369802026	0.000982230433425	0.0300542111899	-0.0702484973863	-0.051905339345	0.0134741322486	-0.010803404454	0.0172956217001	-0.0249708897641	0.0176901122684	-0.0169090042687	0.0134592628586
k__Bacteria;p__Bacteroidetes;c__Bacteroidia;o__Bacteroidales;f__Porphyromonadaceae;g__Barnesiella;s__Barnesiella_intestinihominis	-0.00781062967019	0.0414592834157	-0.00796383174412	0.0234660890318	0.000355176802165	0.059692545045	-0.0474756563979	-0.0215025605295	-0.0148518196143	-0.0113439682915	-0.0568492019242	0.00699688995333	0.0546058118273	0.0389189700323	-0.0476520044688	-0.00289772433493	0.00390593854268	-0.0167825686268	1.0	-0.00424467744573	-0.0136655715339	-0.0238427967495	0.0299868935335	0.00175276373335	-0.0339051212171	0.0154504012797	0.00385020226328	-0.0081659083015	-0.0460096145117	0.00105218662743	-0.00261739363777	-0.0279641094046	-0.0652617106013	-0.00123604016559	-0.0580613523561	0.0101723344944	0.0220462976125	0.0367499264919	-0.0509682924832	-0.0311516912897	-0.00820409968817	-0.0144953881002	-0.00190305008199	0.000753068189094	-0.0130068783497	0.036682302951	-0.0765221631726	-0.0151339651025	0.0153049072896	0.0789630355449	0.0382219119728	0.0133183305953	0.0339608389868	0.0265609880118	-0.0375337898334	-0.0930677905247	0.0393624450846	-0.0523770188161	-0.0459281708772
k__Bacteria;p__Bacteroidetes;c__Bacteroidia;o__Bacteroidales;f__Odoribacteraceae;g__Odoribacter;s__Odoribacter_splanchnicus	-0.0357214052496	-0.061882598542	-0.000985775918931	-0.00208386298334	0.0300912721449	-0.0176816653019	0.0143366024553	0.0182512235389	-0.0336071890319	-0.0448809794798	-0.00314005867218	0.00293449315613	0.0232336081495	-0.0334435515246	0.00194274799673	-0.0554158209136	-0.0114658511566	-0.0400977069776	-0.00424467744573	1.0	0.0164089342737	-0.04992338912	0.0284016863319	-0.0434859456092	0.0199075236557	-0.0197577449205	0.0335449413468	0.0290018793205	-0.0154129158282	-0.00569482597487	-0.0229857295007	-0.0277883466289	-0.00482297814708	-0.030693743126	0.0388400140119	-0.0323644126288	0.0472517280583	-0.0148947676512	-0.0274323946534	0.0103477381189	-0.0156943480375	0.0549164883655	-0.035755077393	0.0185394999307	-0.0160304994106	-0.00385496235572	0.0286735279111	-0.0588105324528	0.0278538153626	-0.022541801597	0.0272547380923	-0.00541387984148	-5.48722664033e-05	-0.03525172348	0.0360085902251	-0.0046457788975	0.0212284006444	-0.0720367438664	-0.0108086594501
k__Bacteria;p__Bacteroidetes;c__Bacteroidia;o__Bacteroidales;f__Bacteroidaceae;g__Bacteroides;s__Bacteroides_salyersiae	-0.0140119398074	-0.00534726501268	-0.0054645533004	-0.0079455582419	-0.0145760849154	-0.0237757117951	-0.0285281918371	-0.035215477609	0.00711130723143	-0.00576843867366	-0.0319132144642	-0.0260728536064	0.0725932179293	0.0448484616445	0.00109221913498	-0.0530525101077	0.00678585700243	-0.0389540084795	-0.0136655715339	0.0164089342737	1.0	0.0105375383903	0.0494622663931	0.0256685657359	0.0479128300414	0.0172285391844	0.00322617302198	0.0261316832495	-0.0318183963773	-0.0251610508734	0.0136104166556	0.0604866478511	-0.0437186540045	0.0577400486411	0.0053321103867	-0.04299341603	-0.0119073133684	-0.0727668965151	-0.0242906551285	0.00474520094968	-0.017070005068	-0.0168679920556	-0.0561702423021	-0.0152848017971	0.0280383662512	-0.0243133639566	-0.0363808232968	-0.0532217956482	-0.00178880915036	-0.00102023290509	-0.0121334026255	-0.0586051039395	-0.022391181634	0.00203753365206	0.0310895016835	-0.014435781156	0.0210471020272	0.0431051430616	-0.0327501098751
k__Bacteria;p__Firmicutes;c__Clostridia;o__Clostridiales;f__Ruminococcaceae;g__Ruminiclostridium;s__[Eubacterium]_siraeum	-0.0475288524505	0.00209092542441	-0.00136235323254	0.0466337020558	-0.00317577646043	-0.029364552172	-0.00790016187493	-0.0476629529715	-0.0211531766212	-0.0049651716867	0.0351754658858	-0.0648726575317	0.0103973048332	-0.0103741745204	0.00447771657812	-0.00992026129037	-0.0270601998572	-0.026074679229	-0.0238427967495	-0.04992338912	0.0105375383903	1.0	-0.00364078340961	0.0315627472155	-0.0183542022386	-0.0497658928258	0.0112275068023	0.0308240157511	0.0271961422497	-0.0368017742459	-0.00324282568704	0.0546393497726	-0.0488465234128	-0.0320170196626	0.00384313353399	-0.0315514101932	-0.0393916152733	0.0488172428514	0.0042451778904	0.0277399257403	0.0483693568875	-0.0105009367382	-0.0267366815707	-0.0145259345228	-0.0739263382212	-0.0511685127595	-0.032976556833	-0.0443108165047	0.0221235237007	0.0115209446124	-0.0208301941135	-0.0377436889078	-0.0109294314025	0.0270874696811	-0.0607537023417	0.00185264404443	-0.0402525679319	-0.0203470875757	0.00468335754502
k__Bacteria;p__Proteobacteria;c__Betaproteobacteria;o__Burkholderiales;f__Sutterellaceae;g__Parasutterella;s__Parasutterella_excrementihominis	-0.0206458405299	-0.00522370692686	-0.0250219680366	-0.00269576834032	-0.0330123653414	-0.00169252432131	0.0178292513194	-0.0048096583383	-0.00380484904737	0.0345405986746	0.0120334488807	0.00954963400769	-0.0309885410256	0.00749868745259	0.0479056229594	0.000244026458857	-0.00861783680795	0.038504052958	0.0299868935335	0.0284016863319	0.0494622663931	-0.00364078340961	1.0	-0.0667889219382	0.00292741472901	0.0111062906064	0.00126221588728	-0.00145291108814	-0.0235226087517	-0.0486526013709	-0.0741985376091	-0.00218270371905	0.000847203947969	-0.01536467729	0.00546569765644	-0.0275963984814	-0.0459083347632	0.0116009976136	-0.0202611472584	-0.0162462358272	0.0171176057766	-0.00509224432053	-0.0173743503096	0.0432349143503	-0.00732362638426	-0.0341785380215	-0.0149088277813	-0.00579164456245	0.00169016025319	-0.0180786372197	-0.0297260545877	0.0416987866388	0.0293402170301	0.0136755271279	-0.0217643919977	-0.0498628863359	-0.0562293850039	-0.00916783952459	-0.00646425078788
k__Bacteria;p__Actinobacteria;c__Actinobacteria;o__Bifidobacteriales;f__Bifidobacteriaceae;g__Bifidobacterium;s__Bifidobacterium_adolescentis	0.0217914993319	0.0334707936213	0.0262803235293	0.0395249704266	-0.0512594606187	0.00650834975447	0.00569348864812	-0.0375138363986	0.027553393849	0.0132866550444	-0.0461068994155	0.00911861915664	-0.0554043748663	-0.0364963107038	0.00639058926138	-0.00810080041583	0.0548674904484	-0.0443477565998	0.00175276373335	-0.0434859456092	0.0256685657359	0.0315627472155	-0.0667889219382	1.0	0.0238560376839	-0.0413543274714	-0.0566230934456	0.0557100765132	-0.0382160804225	0.0162542418792	-0.0165027606956	0.0205117516479	0.00899487774504	-0.0037140744303	-0.033969394664	0.0313720452514	0.0162831183393	0.032289453877	0.0334804750793	-0.0207218542847	-0.00117950245751	-0.0125209827073	0.0379329866795	-0.0377775120991	-0.0140974153689	0.022192018268	-0.0222353690778	-0.0249272751647	-0.0431647533481	0.0100335240408	0.0249119872199	-0.0531263169123	-0.0226335232666	-0.0340818477272	-0.0456466820444	0.0383763239758	-0.0246164437206	0.030444402266	-0.0119253215058
k__Bacteria;p__Firmicutes;c__Clostridia;o__Clostridiales;f__Oscillospiraceae;g__Oscillibacter;s__Oscillibacter_sp._KLE_1745	-0.00177834828088	-0.0551650456867	-0.00971172150809	-0.056702464902	0.0333145932691	-0.015569870374	0.00960777773127	-0.03411383157	-0.0479005945473	-0.0803062297704	-0.00888307404979	0.085112600037	0.0361078839297	-0.0828984318376	-0.0226793037822	-0.000226793372895	0.00749291316809	-0.020619003632	-0.0339051212171	0.0199075236557	0.0479128300414	-0.0183542022386	0.00292741472901	0.0238560376839	1.0	-0.0244409337811	0.00774425130625	0.049364925487	-0.0462914983057	-0.0116813753595	-0.0275321031407	-0.0366615901919	0.0372865203426	-0.00163077232971	-0.0412412237145	-0.0137008548303	-0.0263751472696	0.0851082510578	0.00412156102091	0.01846161826	0.0376477735535	0.00289069529737	-0.0221956475498	-0.0424825566586	-0.0208684904938	-0.0037502763767	0.0674910782118	-0.0590775542216	-0.000310757269168	0.0317031307049	0.0184489471732	0.0115600745133	0.016864097693	-0.028400485722	0.0118165946983	-0.0042202333644	0.0606085820556	-0.031859740817	-0.00779120836933
k__Bacteria;p__Bacteroidetes;c__Bacteroidia;o__Bacteroidales;f__Bacteroidaceae;g__Bacteroides;s__Bacteroides_coprophilus	-0.0197961263288	0.0422404616052	0.00577034298639	-0.0373319500955	-0.0212575903993	-0.0141452455097	-0.0194107103946	-0.0215507243681	-0.0259254418201	-0.0460870102675	0.00239022456614	-0.0631245356079	-0.0317142158063	0.0012454363103	-0.041279418407	0.00284195742826	0.0197177399995	-0.0253501016818	0.0154504012797	-0.0197577449205	0.0172285391844	-0.0497658928258	0.0111062906064	-0.0413543274714	-0.0244409337811	1.0	0.011409035657	-0.0381323577138	0.0129530132048	-0.0411758803235	-0.00777054679549	-0.0516422239191	0.0387526755678	0.0280939356676	0.0264291971908	0.00313765436072	-0.0402235518002	-0.0300750144317	-0.0204032564522	-0.0178510889087	-0.0220844879723	-0.0241638431317	0.00657502048	0.0626533915772	-0.0486610143075	0.028082054854	-0.00964880236579	-0.0246619841789	0.0224958767477	-0.011484209337	0.0159370348191	0.0275211036523	-0.012471600654	-0.011608630973	0.0180047633349	-0.0120988797577	0.0290042987436	0.00166121684364	-0.0890989754107
k__Bacteria;p__Firmicutes;c__Clostridia;o__Clostridiales;f__Lachnospiraceae;g__Roseburia;s__Roseburia_intestinalis	-0.0210084957024	0.0206887760712	-0.0143054252986	0.0128894988473	-0.0116587533021	-0.0028440172525	-0.0191046080088	-0.00924203613352	0.0158293514458	-0.0150165742492	0.00476275609013	-0.0012573280907	0.0174635242687	-0.0180519679452	-0.0192957018527	-0.00985842892684	-0.00603918458969	-0.0868612170333	0.00385020226328	0.0335449413468	0.00322617302198	0.0112275068023	0.00126221588728	-0.0566230934456	0.00774425130625	0.011409035657	1.0	-0.000940833307158	-0.0429421878361	-0.0472459045635	0.0669470975631	0.0289270478951	-0.0410376626275	-0.00494337481826	0.0178472144146	0.0422009022107	0.0560023324807	0.00274914317821	-0.0160289143143	0.0141100177468	-0.00922121247183	0.0111463347763	-0.0203254509175	0.0123957636116	-0.027894992322	-0.0341491413323	-0.0503299298741	0.0295241882309	0.00161001611739	-0.0273466639759	-0.0134986729788	0.00176455154495	-0.0173018303775	-0.0390924836427	0.017295238125	0.00973323330499	0.0496202498164	0.0638268967444	-0.0240301124188
k__Bacteria;p__Firmicutes;c__Clostridia;o__Clostridiales;f__Lachnospiraceae;g__Roseburia;s__Roseburia_hominis	-0.021108354519	-0.00257993283519	0.0156263938864	-0.0646720858435	-0.0326180941765	0.0360185374358	-0.0110149246126	-0.0214421177719	0.000155306432082	-0.0036690102265	0.0158310903223	-0.00972916672409	0.00435115337983	-0.00895163517508	-0.0550863792054	0.0193368937877	-0.0385604722499	0.00151896595728	-0.0081659083015	0.0290018793205	0.0261316832495	0.0308240157511	-0.00145291108814	0.0557100765132	0.049364925487	-0.0381323577138	-0.000940833307158	1.0	-0.0120552531027	-0.0535165816294	0.0113441159275	0.0556874828012	-0.0333472544364	0.000213996791192	-0.0156315072249	-0.0529477276662	0.0295151832382	-0.050909130945	0.00701357198195	-0.00879955929958	0.012209685877	0.125190281738	0.0402329124117	0.00139548670398	-0.0463695022032	-0.0405772129554	-0.0918710245185	0.0119496262495	-0.0840256320822	-0.0103359199627	-0.011514112428	-0.0590820625633	-0.0109385362285	0.00601683410458	-0.0688264521537	0.00850348107358	0.0262982091627	-0.0567722982932	0.0193455829755
k__Bacteria;p__Bacteroidetes;c__Bacteroidia;o__Bacteroidales;f__Porphyromonadaceae;g__Parabacteroides;s__Parabacteroides_johnsonii	-0.0352022484014	-0.0343229513952	0.0293911676677	0.000865415567232	-0.0770396609373	-0.0574704596526	0.00484119748777	-0.0146512027934	-0.0072084747085	-0.0724541739077	-0.0630660495283	0.0330378785713	-0.0417669340239	-0.019356459603	0.00607389381111	0.0251682839605	-0.00172487552457	-0.0203146237141	-0.0460096145117	-0.0154129158282	-0.0318183963773	0.0271961422497	-0.0235226087517	-0.0382160804225	-0.0462914983057	0.0129530132048	-0.0429421878361	-0.0120552531027	1.0	-0.056529821444	0.0237558745781	-0.0380086362377	0.0411753724182	0.0125632762603	0.0352841150432	0.0473103712463	0.0264622600361	-0.0121712994402	-0.0413224493878	0.0208827160766	-0.00575781776583	-0.0404740101554	0.0126428283462	0.0303661834573	-0.0230107937922	0.0229359062466	-0.0191345451275	-0.0330980897297	0.0217475159485	-0.0005874221421	-0.0309995447955	0.0171368962493	-0.0423864929931	0.0234776822904	-0.0197567389977	0.0157245336175	-0.0158653367845	0.0147223593578	0.0152559773642
