#taxonomy	k__Bacteria;p__Bacteroidetes;c__Bacteroidia;o__Bacteroidales;f__Bacteroidaceae;g__Bacteroides;s__Bacteroides_vulgatus	k__Bacteria;p__Bacteroidetes;c__Bacteroidia;o__Bacteroidales;f__Bacteroidaceae;g__Bacteroides;s__Bacteroides_uniformis	k__Bacteria;p__Bacteroidetes;c__Bacteroidia;o__Bacteroidales;f__Rikenellaceae;g__Alistipes;s__Alistipes_putredinis	k__Bacteria;p__Bacteroidetes;c__Bacteroidia;o__Bacteroidales;f__Prevotellaceae;g__Prevotella;s__Prevotella_copri	k__Bacteria;p__Bacteroidetes;c__Bacteroidia;o__Bacteroidales;f__Bacteroidaceae;g__Bacteroides;s__Bacteroides_stercoris	k__Bacteria;p__Bacteroidetes;c__Bacteroidia;o__Bacteroidales;f__Bacteroidaceae;g__Bacteroides;s__Bacteroides_ovatus	k__Bacteria;p__Bacteroidetes;c__Bacteroidia;o__Bacteroidales;f__Rikenellaceae;g__Alistipes;s__Alistipes_shahii	k__Bacteria;p__Firmicutes;c__Clostridia;o__Clostridiales;f__Ruminococcaceae;g__Faecalibacterium;s__Faecalibacterium_prausnitzii	k__Bacteria;p__Bacteroidetes;c__Bacteroidia;o__Bacteroidales;f__Rikenellaceae;g__Alistipes;s__Alistipes_finegoldii	k__Bacteria;p__Bacteroidetes;c__Bacteroidia;o__Bacteroidales;f__Porphyromonadaceae;g__Parabacteroides;s__Parabacteroides_distasonis	k__Bacteria;p__Bacteroidetes;c__Bacteroidia;o__Bacteroidales;f__Bacteroidaceae;g__Bacteroides;s__Bacteroides_thetaiotaomicron	k__Bacteria;p__Bacteroidetes;c__Bacteroidia;o__Bacteroidales;f__Bacteroidaceae;g__Bacteroides;s__Bacteroides_coprocola	k__Bacteria;p__Bacteroidetes;c__Bacteroidia;o__Bacteroidales;f__Bacteroidaceae;g__Bacteroides;s__Bacteroides_cellulosilyticus	k__Bacteria;p__Bacteroidetes;c__Bacteroidia;o__Bacteroidales;f__Rikenellaceae;g__Alistipes;s__Alistipes_obesi	k__Bacteria;p__Firmicutes;c__Clostridia;o__Clostridiales;f__Lachnospiraceae;g__;s__[Eubacterium]_rectale	k__Bacteria;p__Bacteroidetes;c__Bacteroidia;o__Bacteroidales;f__Bacteroidaceae;g__Bacteroides;s__Bacteroides_plebeius	k__Bacteria;p__Bacteroidetes;c__Bacteroidia;o__Bacteroidales;f__Bacteroidaceae;g__Bacteroides;s__Bacteroides_fragilis	k__Bacteria;p__Proteobacteria;c__Betaproteobacteria;o__Burkholderiales;f__Sutterellaceae;g__Sutterella;s__Sutterella_wadsworthensis	k__Bacteria;p__Bacteroidetes;c__Bacteroidia;o__Bacteroidales;f__Porphyromonadaceae;g__Barnesiella;s__Barnesiella_intestinihominis	k__Bacteria;p__Bacteroidetes;c__Bacteroidia;o__Bacteroidales;f__Odoribacteraceae;g__Odoribacter;s__Odoribacter_splanchnicus	k__Bacteria;p__Bacteroidetes;c__Bacteroidia;o__Bacteroidales;f__Bacteroidaceae;g__Bacteroides;s__Bacteroides_salyersiae	k__Bacteria;p__Firmicutes;c__Clostridia;o__Clostridiales;f__Ruminococcaceae;g__Ruminiclostridium;s__[Eubacterium]_siraeum	k__Bacteria;p__Proteobacteria;c__Betaproteobacteria;o__Burkholderiales;f__Sutterellaceae;g__Parasutterella;s__Parasutterella_excrementihominis	k__Bacteria;p__Actinobacteria;c__Actinobacteria;o__Bifidobacteriales;f__Bifidobacteriaceae;g__Bifidobacterium;s__Bifidobacterium_adolescentis	k__Bacteria;p__Firmicutes;c__Clostridia;o__Clostridiales;f__Oscillospiraceae;g__Oscillibacter;s__Oscillibacter_sp._KLE_1745	k__Bacteria;p__Bacteroidetes;c__Bacteroidia;o__Bacteroidales;f__Bacteroidaceae;g__Bacteroides;s__Bacteroides_coprophilus	k__Bacteria;p__Firmicutes;c__Clostridia;o__Clostridiales;f__Lachnospiraceae;g__Roseburia;s__Roseburia_intestinalis	k__Bacteria;p__Firmicutes;c__Clostridia;o__Clostridiales;f__Lachnospiraceae;g__Roseburia;s__Roseburia_hominis	k__Bacteria;p__Bacteroidetes;c__Bacteroidia;o__Bacteroidales;f__Porphyromonadaceae;g__Parabacteroides;s__Parabacteroides_johnsonii	k__Bacteria;p__Actinobacteria;c__Actinobacteria;o__Bifidobacteriales;f__Bifidobacteriaceae;g__Bifidobacterium;s__Bifidobacterium_longum	k__Bacteria;p__Firmicutes;c__Clostridia;o__Clostridiales;f__;g__Flavonifractor;s__Flavonifractor_plautii	k__Bacteria;p__Firmicutes;c__Clostridia;o__Clostridiales;f__Clostridiaceae;g__Clostridium;s__Clostridium_phoceensis	k__Bacteria;p__Verrucomicrobia;c__Verrucomicrobiae;o__Verrucomicrobiales;f__Akkermansiaceae;g__Akkermansia;s__Akkermansia_muciniphila	k__Bacteria;p__Bacteroidetes;c__Bacteroidia;o__Bacteroidales;f__Prevotellaceae;g__Paraprevotella;s__Paraprevotella_xylaniphila	k__Bacteria;p__Firmicutes;c__Clostridia;o__Clostridiales;f__Ruminococcaceae;g__Ruminococcus;s__Ruminococcus_callidus	k__Bacteria;p__Bacteroidetes;c__Bacteroidia;o__Bacteroidales;f__Rikenellaceae;g__Alistipes;s__Alistipes_senegalensis	k__Bacteria;p__Firmicutes;c__Clostridia;o__Clostridiales;f__Lachnospiraceae;g__Blautia;s__Blautia_sp._KLE_1732	k__Bacteria;p__Bacteroidetes;c__Bacteroidia;o__Bacteroidales;f__Bacteroidaceae;g__Bacteroides;s__Bacteroides_oleiciplenus	k__Bacteria;p__Firmicutes;c__Clostridia;o__Clostridiales;f__Ruminococcaceae;g__Ruminococcus;s__Ruminococcus_bicirculans	k__Bacteria;p__Bacteroidetes;c__Bacteroidia;o__Bacteroidales;f__Bacteroidaceae;g__Bacteroides;s__Bacteroides_fluxus	k__Bacteria;p__Bacteroidetes;c__Bacteroidia;o__Bacteroidales;f__Prevotellaceae;g__Prevotella;s__Prevotella_stercorea	k__Bacteria;p__Firmicutes;c__Clostridia;o__Clostridiales;f__Lachnospiraceae;g__Dorea;s__Dorea_longicatena	k__Bacteria;p__Firmicutes;c__Clostridia;o__Clostridiales;f__Eubacteriaceae;g__Eubacterium;s__[Eubacterium]_eligens	k__Bacteria;p__Firmicutes;c__Clostridia;o__Clostridiales;f__Ruminococcaceae;g__;s__Ruminococcaceae_bacterium_D16	k__Bacteria;p__Firmicutes;c__Clostridia;o__Clostridiales;f__Lachnospiraceae;g__Coprococcus;s__Coprococcus_comes	k__Bacteria;p__Proteobacteria;c__Gammaproteobacteria;o__Enterobacterales;f__Enterobacteriaceae;g__Escherichia;s__Escherichia_coli	k__Bacteria;p__Firmicutes;c__Clostridia;o__Clostridiales;f__Ruminococcaceae;g__Anaerotruncus;s__Anaerotruncus_colihominis	k__Bacteria;p__Firmicutes;c__Clostridia;o__Clostridiales;f__Lachnospiraceae;g__Blautia;s__Blautia_obeum	k__Bacteria;p__Bacteroidetes;c__Bacteroidia;o__Bacteroidales;f__Odoribacteraceae;g__Odoribacter;s__Odoribacter_laneus	k__Bacteria;p__Firmicutes;c__Clostridia;o__Clostridiales;f__Ruminococcaceae;g__Ruminiclostridium;s__[Clostridium]_leptum	k__Bacteria;p__Bacteroidetes;c__Bacteroidia;o__Bacteroidales;f__Porphyromonadaceae;g__Parabacteroides;s__Parabacteroides_goldsteinii	k__Bacteria;p__Firmicutes;c__Clostridia;o__Clostridiales;f__Lachnospiraceae;g__Anaerostipes;s__Anaerostipes_hadrus	k__Bacteria;p__Firmicutes;c__Clostridia;o__Clostridiales;f__Ruminococcaceae;g__Ruminococcus;s__Ruminococcus_lactaris	k__Bacteria;p__Firmicutes;c__Clostridia;o__Clostridiales;f__Clostridiaceae;g__Clostridium;s__Clostridium_sp._L2-50	k__Bacteria;p__Firmicutes;c__Clostridia;o__Clostridiales;f__Clostridiaceae;g__Clostridium;s__Clostridium_sp._M62/1	k__Bacteria;p__Firmicutes;c__Clostridia;o__Clostridiales;f__;g__Intestinimonas;s__Intestinimonas_butyriciproducens	k__Bacteria;p__Actinobacteria;c__Actinobacteria;o__Bifidobacteriales;f__Bifidobacteriaceae;g__Bifidobacterium;s__Bifidobacterium_bifidum	k__Bacteria;p__Firmicutes;c__Negativicutes;o__Veillonellales;f__Veillonellaceae;g__Dialister;s__Dialister_invisus	k__Bacteria;p__Bacteroidetes;c__Bacteroidia;o__Bacteroidales;f__Bacteroidaceae;g__Bacteroides;s__Bacteroides_salanitronis
k__Bacteria;p__Bacteroidetes;c__Bacteroidia;o__Bacteroidales;f__Bacteroidaceae;g__Bacteroides;s__Bacteroides_vulgatus	1.0	-0.0225153899452	-0.00634512620184	-0.0490434213786	0.0309421959271	0.0129737556619	0.00248209098098	-0.0931863506742	0.0285238833105	0.0278309953796	-0.00473413478415	-0.0342969510872	0.00852329339168	-0.00974054667609	-0.0211713069972	0.0496630449052	-0.0374939598966	-0.0189869003771	0.0202189393899	-0.053968951478	0.00882280371765	-0.0164159190877	0.0378489184106	0.000442685287945	-0.0260541626995	0.0444326945054	-0.0440171076008	-0.0256935346428	0.0129004370146	-0.0159918378088	-0.0239071259621	0.0126269996116	0.0764306016143	-0.0484532626001	-0.0320869402395	-0.0261801312729	0.023517208367	0.00964992201643	-0.0277459632166	0.0118631430769	0.0101451614423	0.0400538298836	0.00564248833502	-0.0023509841166	-0.0176962697907	0.0193245128519	-0.0350365984316	0.0284391251881	-0.0265717024137	0.0585888818033	0.0197405824494	-0.0185006910318	-0.0241146284146	-0.0190375240102	0.0373749634505	-0.00220649876339	-0.0262091467719	-0.0092924992741	-0.0453876563473
k__Bacteria;p__Bacteroidetes;c__Bacteroidia;o__Bacteroidales;f__Bacteroidaceae;g__Bacteroides;s__Bacteroides_uniformis	-0.0225153899452	1.0	0.00334862955567	0.0728225249989	0.0431665440621	0.0355875683577	-0.00866819651683	0.0495910869373	-0.0358128916243	0.0036941039458	-0.0362499820824	-0.0184931111954	-0.0110089097058	-0.0556810506482	-0.0167488716813	-0.014764223568	0.0130413274549	0.0324862315408	0.00120029441193	-0.045449004769	-0.0238047000936	-0.00686210789173	-0.00456783803052	-0.0321514783196	-0.0771083888722	-0.001268995513	0.0138464018281	-0.0179007524181	-0.00463724598629	0.0033515068197	-0.020011512917	-0.00451422160104	0.0463377912747	-0.0432956103335	0.000837376534032	0.0318456760693	-0.0316722527128	-0.0294649728551	-0.0149138992803	-0.0456176556247	-0.0326773520118	-0.0451487518237	-0.0242043387988	0.0613967744956	-0.0245470028714	-0.0344517936458	0.00779192249727	-0.00855262396021	0.0258008772387	-0.0243824681411	0.0209878449586	-0.028604655543	-0.00800749525604	-0.0126712275312	-0.0075776035061	-0.0511690196335	0.0362099764494	0.00526814550132	-0.0296972527172
k__Bacteria;p__Bacteroidetes;c__Bacteroidia;o__Bacteroidales;f__Rikenellaceae;g__Alistipes;s__Alistipes_putredinis	-0.00634512620184	0.00334862955567	1.0	0.0412580208745	0.00108459173057	-0.039615667619	-0.00278623189555	-0.00167083227213	0.0197162735652	-0.0560069150137	-0.0175586326394	-0.0125704600228	0.0510782324003	-0.00657690618452	0.00549941647051	-0.0214206075773	-0.0252263311467	0.0685206857326	0.0448603094952	0.0464795850657	-0.0518449252828	-0.0457334903806	-0.00522441870441	-0.0102827532882	0.0121034236021	-0.0148257599447	0.00801247636201	0.0115651171156	-0.0405757446952	0.0449360035185	-0.0443912090916	-0.00641314474732	0.0243122262125	-0.00768951467793	0.0182235503895	0.01987291312	-0.0143375383362	-0.0194371595828	0.0140119204541	-0.0168785040115	-0.0492072027472	-0.0319203329605	-0.048001922831	-0.0166355859366	0.00869545794921	-0.00417968063961	0.00159894369167	-0.00914984573334	-0.0111810456485	-0.0269502047985	0.0362320082967	-0.0298680787583	0.0371237057554	-0.0132714912774	-0.0323116293314	-0.0127915831482	0.0351273187283	-0.0201994485584	0.022160721222
k__Bacteria;p__Bacteroidetes;c__Bacteroidia;o__Bacteroidales;f__Prevotellaceae;g__Prevotella;s__Prevotella_copri	-0.0490434213786	0.0728225249989	0.0412580208745	1.0	-0.0405426891809	0.0184065391209	-0.025548349643	-0.00115430026717	-0.0404514710967	-0.061141881518	-0.0134150571916	0.0064140603319	-0.00976287989425	-0.0222490167958	0.00744062883661	0.021305622899	0.00194619769174	0.0439682910458	-0.0554770848564	-0.0262104380284	-0.0237020693445	-0.0681469859883	-0.0110034983293	0.0121561652759	0.0534318054742	-0.00688074432928	-0.027618959506	-0.0450489028031	-0.0319485758351	-0.00285151041046	-0.0161105585589	0.0243921598122	-0.0104002233365	-0.0282379074316	-0.0112036464744	0.0539461651223	-0.0294288864111	0.000994992657518	0.0473159823114	-0.0675335017902	0.0570447222313	0.0221272037272	-0.0181142695233	-0.0837416665917	-0.0152769758139	-0.0128434850153	0.0505624328311	-0.0519028020588	-0.0155902256723	-0.036095398137	0.0477547783889	-0.0210249466025	-0.0785789028287	0.0212893078601	-0.00191740916418	0.025343662051	0.0201543666925	-0.0347541515929	-0.0210069208919
k__Bacteria;p__Bacteroidetes;c__Bacteroidia;o__Bacteroidales;f__Bacteroidaceae;g__Bacteroides;s__Bacteroides_stercoris	0.0309421959271	0.0431665440621	0.00108459173057	-0.0405426891809	1.0	-0.00212670498421	0.0084046559303	0.0291938616627	-0.0730812215325	-0.0512926820378	-0.0338024608461	-0.0425268488414	0.0377748625261	0.0215862591028	0.0377486234519	-0.0335547813597	0.0317690795302	0.0533368034248	-0.0703500315339	0.0199337536401	-0.0317523793042	0.0191856596018	0.0297310347289	-0.0648230750221	-0.0111614039295	0.00601857871505	0.0337584510851	-0.0181500674378	-0.0224779230628	-0.0832055220695	-0.023496167447	-0.0120010620277	0.0183254989252	-0.0304125499363	-0.0211134755788	-0.0230853841144	0.0122997539954	0.0116975641179	0.00753771463442	0.013765464561	-0.013330251278	-0.0251980575473	-0.0156378396742	0.0524618193316	-0.0578335803749	-0.0285680306969	-0.030304675163	-0.0102545801957	-0.0522685295166	-0.0271119723749	-0.0117240384083	0.0202147404296	0.00613732477099	0.0511694580122	0.00298476086785	0.00351088855283	-0.0310096544032	-0.0281543455141	-0.00659287247241
k__Bacteria;p__Bacteroidetes;c__Bacteroidia;o__Bacteroidales;f__Bacteroidaceae;g__Bacteroides;s__Bacteroides_ovatus	0.0129737556619	0.0355875683577	-0.039615667619	0.0184065391209	-0.00212670498421	1.0	0.0510712543971	-0.0152869215668	-0.0574466896155	-0.055574439706	-0.0377772090533	-0.0360596077408	-0.031017806897	-0.0390663415927	0.0236778998917	-0.0217099793638	-0.0666199144742	-0.0316115341049	0.00129023166286	-0.0245248354494	-0.0685444519696	-0.0339337373184	-0.0183230069116	-0.0202853822561	-0.0204909000397	-0.00106373604368	0.0733795734551	0.0284073357784	0.0463057897852	-0.040120172014	-0.0228175729328	0.0302734998516	-0.0256517150713	-0.0264400264408	0.0316821492763	-0.0391872324808	0.0045350344151	0.00580232555126	-0.0217582977748	0.0133448014287	-0.0215788235475	0.000558877927383	-0.0240832639462	0.00468163079537	0.0361171951422	0.00740231443574	-0.0160763660042	-0.00453570591248	-0.0503531313469	0.0267700281784	0.00298623502188	0.0597434258402	-0.00107657404962	0.0405850599657	-0.0305977347238	0.0461296034964	0.0419491465201	-0.0137568327072	-0.0374174411162
k__Bacteria;p__Bacteroidetes;c__Bacteroidia;o__Bacteroidales;f__Rikenellaceae;g__Alistipes;s__Alistipes_shahii	0.00248209098098	-0.00866819651683	-0.00278623189555	-0.025548349643	0.0084046559303	0.0510712543971	1.0	0.00320140451501	0.00555446056868	-0.0563820329559	0.00793565571052	0.0397160750298	0.00953441767626	-0.00905325137011	-0.0530497265117	-0.0125142606656	-0.014275154576	-0.0725816205596	0.0369693427861	-0.0363584496741	-0.000690634387226	-0.0477181258054	-0.0766524410444	0.0528864458813	0.0240272314519	-0.0361340802904	-0.0721480984727	0.00314981562282	0.0860041223599	-0.00554284711216	-0.0172305467764	-0.0193100257162	-0.0173996377581	-0.00833841059308	0.0339838555465	-0.000101585427655	-0.0215331116831	0.0185759549387	0.0143753019777	0.0162062087877	-0.00723753881725	0.00366192669276	0.00464057731042	0.0227626378133	0.00912033315572	0.0220403782974	-0.046967077825	0.0191737845784	0.000887754730072	-0.039460007271	-0.0281351392163	-0.0227408678706	-0.0440891902508	-0.0202947409444	-0.00775121033994	0.0384213029186	-0.020193483214	-0.00917706084476	-0.00566064515298
k__Bacteria;p__Firmicutes;c__Clostridia;o__Clostridiales;f__Ruminococcaceae;g__Faecalibacterium;s__Faecalibacterium_prausnitzii	-0.0931863506742	0.0495910869373	-0.00167083227213	-0.00115430026717	0.0291938616627	-0.0152869215668	0.00320140451501	1.0	-0.0297899860193	0.0544985592755	0.0120362326241	0.00814126748559	-0.0318598529516	-0.0246854507646	0.0563299060614	0.00464078595681	0.0102568493097	-0.0268762947338	-0.0573556934978	-0.0129469129837	-0.0208647794199	0.0207197425014	-0.0196517573868	0.00715336940448	-0.00537914489446	0.0127760120551	0.0284160552919	0.00640813483618	-0.000779392542081	-0.00405548319769	-0.0389282177981	0.0309094299822	-0.0668486122342	-0.0442289032827	0.0586613360663	0.0229619015268	0.00421116426551	-0.0562542840139	0.0558538332179	0.0301400040661	-0.0517638966763	-0.0258374654976	-0.025297400109	0.041784516629	-0.0403216110922	0.00325390926636	-0.00121274195617	-0.0436974902975	-0.00166227101644	-0.0441695553619	-0.0225881691999	-0.0537099629207	-0.00457660595901	0.028847940912	-0.000271103032768	-0.00535309213755	0.0287554467158	0.0131442793581	-0.0117352974793
k__Bacteria;p__Bacteroidetes;c__Bacteroidia;o__Bacteroidales;f__Rikenellaceae;g__Alistipes;s__Alistipes_finegoldii	0.0285238833105	-0.0358128916243	0.0197162735652	-0.0404514710967	-0.0730812215325	-0.0574466896155	0.00555446056868	-0.0297899860193	1.0	-0.01439474099	-0.0335309445041	0.0288202797088	0.0210552621864	-0.0223713665194	0.0228675917915	0.0321718796241	-0.0135938674918	0.0269098605229	-0.0527170355724	-0.0325988941379	-0.0342285635941	0.0126096631156	0.0572696260905	0.030664811038	0.00977051902346	0.0210117016197	-0.00771780676744	0.0361060237361	0.00483826433067	0.0304169750497	-0.000968637276705	-0.0087562897804	0.0400662382075	0.00324620325557	-0.0438436366784	0.037752372958	-0.0566999049531	-0.0436307426078	-0.0643483519295	0.0570322068367	-0.0263957957119	-0.021418155791	-0.0427915648578	-0.0588168925452	-0.0311068643128	0.0172093896544	0.00921356066027	-0.00975089582796	-0.0367867388973	0.0609390949462	0.00575370242643	0.0016217584517	-0.0106516077343	0.0279554018736	-0.024063526351	-0.00147933813615	-0.0224069383073	0.00436967978654	0.0384034182875
k__Bacteria;p__Bacteroidetes;c__Bacteroidia;o__Bacteroidales;f__Porphyromonadaceae;g__Parabacteroides;s__Parabacteroides_distasonis	0.0278309953796	0.0036941039458	-0.0560069150137	-0.061141881518	-0.0512926820378	-0.055574439706	-0.0563820329559	0.0544985592755	-0.01439474099	1.0	-0.0392046818882	-0.0406752056997	0.0148245263032	0.0219636342485	-0.0190137309376	-0.00640626702652	-0.00502518404991	-0.0115876592528	-0.0509245552693	-0.0431626752047	0.00865322143005	0.075196272702	-0.00650075727626	0.0140008956418	0.0178600175537	-0.0586201715535	0.0446011303796	0.0147416839359	-0.0057829137983	-0.00164075736918	-0.0130618832284	0.0493784916486	0.0103394435581	0.0251545237715	-0.00575724949936	-0.0614377938463	-0.0114301813461	-0.0311110606658	-0.0311536397954	-0.0379807933309	-0.0226929584034	-0.0202589765956	0.0328239961894	-0.0261981443209	0.035111858203	-0.0609303260986	0.00308165475983	-0.00493602368822	0.0131643235653	0.0206642596703	-0.0140900303832	-0.00923698542726	-0.0688203697122	0.0502136578898	-0.0277364637467	-0.00435894833998	-0.0219389487789	0.0736791008265	-0.0286118940228
k__Bacteria;p__Bacteroidetes;c__Bacteroidia;o__Bacteroidales;f__Bacteroidaceae;g__Bacteroides;s__Bacteroides_thetaiotaomicron	-0.00473413478415	-0.0362499820824	-0.0175586326394	-0.0134150571916	-0.0338024608461	-0.0377772090533	0.00793565571052	0.0120362326241	-0.0335309445041	-0.0392046818882	1.0	-0.0606942729066	-0.00841246817417	0.0243885095725	-0.0362679698269	-0.0725678303838	0.0226850802805	0.00872566620726	-0.0493246143335	-0.00486810445603	-0.0361845172616	-0.0501791277171	-0.0262000298375	0.0193462677121	-0.0316793634892	0.0267466613094	-0.00313589176056	0.00591249785551	0.0452522096668	-0.017962965091	0.029952365542	0.00195121861559	-0.0434202304285	0.0269825340582	-0.018758074979	-0.0533756445319	0.0104233664095	0.0144291927296	0.029796554148	-0.00687575809962	-0.00435983390482	0.00660358745353	0.0311690390064	-0.031748553614	0.0203862900702	-0.0345952162894	-0.0501273063076	-0.0055081383787	0.0146534964482	0.0478415804438	-0.0304121267269	0.0355228432272	-0.000314770676919	0.0245563542956	-0.00657322793884	0.0126143160089	0.0100824581623	0.0221953958004	-0.0385116364433
k__Bacteria;p__Bacteroidetes;c__Bacteroidia;o__Bacteroidales;f__Bacteroidaceae;g__Bacteroides;s__Bacteroides_coprocola	-0.0342969510872	-0.0184931111954	-0.0125704600228	0.0064140603319	-0.0425268488414	-0.0360596077408	0.0397160750298	0.00814126748559	0.0288202797088	-0.0406752056997	-0.0606942729066	1.0	0.0116909699618	0.00365113318307	0.00911579743493	-0.0739705694514	0.0157385124453	-0.0227513580238	0.0244721858579	0.0409864966504	0.0270026003028	0.0129972384022	0.00472146432942	-0.00851605774508	-0.024310208978	-0.0222262371177	0.000816671011779	-0.00401016822625	-0.0068433509553	-0.00868952799449	0.0140096808372	-0.0568102233414	0.0364964654881	-0.00706123893166	-0.0208416551213	-0.0322154046304	-0.0233186005727	0.00180225156791	0.0102792151313	0.0273368353557	0.00823479247935	-0.00711354048279	-0.0285405671107	0.0387212604859	-0.0355367825798	-0.0271991246976	-0.0352322478177	-0.0340203759935	-0.0238445115059	-0.0222540319605	0.0122829942328	-0.00909355421965	-0.0235687979615	0.0101237322156	0.0632282472374	-0.018437917333	-0.0399266510743	-0.00262642446158	-0.0397293881808
k__Bacteria;p__Bacteroidetes;c__Bacteroidia;o__Bacteroidales;f__Bacteroidaceae;g__Bacteroides;s__Bacteroides_cellulosilyticus	0.00852329339168	-0.0110089097058	0.0510782324003	-0.00976287989425	0.0377748625261	-0.031017806897	0.00953441767626	-0.0318598529516	0.0210552621864	0.0148245263032	-0.00841246817417	0.0116909699618	1.0	-0.0235747544906	-0.0308949119603	-0.0398396472319	-0.0119436558443	-0.000777230797868	0.00168909447656	-0.0559748505139	-0.0230681802047	-0.0355742519801	-0.0261891171814	-0.0176197839021	0.0385307649704	-0.0221300338061	-0.0146963293802	0.017633197946	0.0265250641716	0.0403970080314	-0.0607551507835	-0.0272984708497	0.0369960071098	0.0264342256322	0.0129666725776	-0.0162344619207	-0.000739018515089	0.0378189817881	-0.0199801800922	0.0239203851816	0.00641718601229	0.0483842990169	-0.0396186064416	-0.028971560141	-0.00364354635791	-0.0267465325594	-0.0315334447519	-0.00916676016603	0.0147061447874	0.0203963447745	0.0255675487543	-0.0192934442248	-0.00204732574661	-0.0298234395053	-0.0129034353479	-0.00205062400412	-0.0353698553649	-0.0521569359992	0.0098854819951
k__Bacteria;p__Bacteroidetes;c__Bacteroidia;o__Bacteroidales;f__Rikenellaceae;g__Alistipes;s__Alistipes_obesi	-0.00974054667609	-0.0556810506482	-0.00657690618452	-0.0222490167958	0.0215862591028	-0.0390663415927	-0.00905325137011	-0.0246854507646	-0.0223713665194	0.0219636342485	0.0243885095725	0.00365113318307	-0.0235747544906	1.0	0.00653613872897	-0.0123869148937	-0.00421269200808	0.0585534467475	0.00881837852146	-0.0568551479605	-0.00292895789539	-0.0399105410337	0.0130432412356	0.0570472783027	0.0299378332161	-0.0097442763561	-0.0282205472433	-0.108014934503	-0.025014900612	-0.00128872001317	-0.0336766930982	0.0169714318732	-0.000277993366659	-0.0158844704448	-0.0617873745737	-0.0132245022429	0.0051701933372	0.035859024532	-0.00384655852362	0.0340783007729	0.0469543909673	0.000341694094943	-0.0287418003973	0.0454072893551	-0.014579774918	-0.0108449569282	-0.0151774512969	-0.022019596456	0.053730918004	-0.0373547450275	-0.00520567787997	0.0305743587815	0.0154000458138	-0.00043277324253	-0.00672518656821	0.0292247796383	-0.0459847276727	0.0210529839373	-0.029437114966
k__Bacteria;p__Firmicutes;c__Clostridia;o__Clostridiales;f__Lachnospiraceae;g__;s__[Eubacterium]_rectale	-0.0211713069972	-0.0167488716813	0.00549941647051	0.00744062883661	0.0377486234519	0.0236778998917	-0.0530497265117	0.0563299060614	0.0228675917915	-0.0190137309376	-0.0362679698269	0.00911579743493	-0.0308949119603	0.00653613872897	1.0	-0.00407159675671	0.0762364450484	-0.0216847072132	0.0476856277885	-0.0205990425782	-0.0332408561092	-0.048234727244	-0.0536689849114	-0.000864047171394	0.0305371660562	0.027834296842	0.0221412861659	0.0371457846518	0.0133455876877	0.0155062410407	0.0327821810193	-0.0415207905346	-0.00161430688765	-0.0438990695677	-0.025011173579	-0.0173164424648	-0.0199541831902	-0.0141773149894	-0.0255790357177	-0.0029425960695	0.0105421492632	0.0262429407326	0.0278690214376	-0.0496700045761	-0.0103876479701	0.0342280621105	-0.070155733943	-0.0696242231243	0.0226922471221	-0.0129571986388	-0.0366392052024	0.00980797178278	-0.0335522403912	-0.0367357208233	0.0293431699271	-0.0226455842722	0.00106718313665	-0.0612018476355	-0.0110785779866
k__Bacteria;p__Bacteroidetes;c__Bacteroidia;o__Bacteroidales;f__Bacteroidaceae;g__Bacteroides;s__Bacteroides_plebeius	0.0496630449052	-0.014764223568	-0.0214206075773	0.021305622899	-0.0335547813597	-0.0217099793638	-0.0125142606656	0.00464078595681	0.0321718796241	-0.00640626702652	-0.0725678303838	-0.0739705694514	-0.0398396472319	-0.0123869148937	-0.00407159675671	1.0	0.00810144379622	0.018070880855	-0.00379737436024	-0.0449809037036	0.014687637459	0.0622419617316	0.0343087249744	-0.0381661978366	-0.0582569808448	-0.0495144144764	-0.0418464456316	0.024898522759	0.0357501195919	-0.0232414440651	-0.0337586206858	-0.0225805697328	0.0157423004659	0.0100280622051	0.0165599481591	0.0094953294251	0.0393419074512	0.00794175233171	0.021328677984	-0.00101902176446	-0.0710866354932	-0.00215628883535	-0.00175475488921	-0.0182650859704	0.00728570030441	0.0751259044513	0.000208193996926	0.028291685039	0.0114213060208	0.00176462671909	-0.0291326314001	0.0558922937351	-0.00334970606247	0.039824583049	-0.0387666466857	0.00896070488279	-0.0116233538728	0.00486357436326	0.0398957674867
k__Bacteria;p__Bacteroidetes;c__Bacteroidia;o__Bacteroidales;f__Bacteroidaceae;g__Bacteroides;s__Bacteroides_fragilis	-0.0374939598966	0.0130413274549	-0.0252263311467	0.00194619769174	0.0317690795302	-0.0666199144742	-0.014275154576	0.0102568493097	-0.0135938674918	-0.00502518404991	0.0226850802805	0.0157385124453	-0.0119436558443	-0.00421269200808	0.0762364450484	0.00810144379622	1.0	-0.00289116124027	-0.0393660191189	0.0230819176783	0.0235524392794	-0.0283924663236	-0.00833573545228	0.0208569423458	0.0116886566499	0.00152959667094	-0.00126106009127	0.00981386543463	0.00784361885477	0.0345375745405	-0.0637820605863	-0.0344622037953	-0.053550047458	-0.0636036465022	0.0152700074863	-0.0199702954911	-0.0644316185185	0.0190848412443	0.0405523076051	0.0234702572096	-0.0189879326744	-0.0334959687311	-0.0248481313705	0.0309121192362	0.0469126724366	-0.0306654319499	0.0246896373262	-0.0591427143744	-0.0159923036188	-0.0114220868661	-0.0364923716114	-0.0156232333474	0.0073559323632	0.0491896322679	-0.00430349074817	0.0633497042087	-0.0171227582643	0.0489677245857	0.0285681901047
k__Bacteria;p__Proteobacteria;c__Betaproteobacteria;o__Burkholderiales;f__Sutterellaceae;g__Sutterella;s__Sutterella_wadsworthensis	-0.0189869003771	0.0324862315408	0.0685206857326	0.0439682910458	0.0533368034248	-0.0316115341049	-0.0725816205596	-0.0268762947338	0.0269098605229	-0.0115876592528	0.00872566620726	-0.0227513580238	-0.000777230797868	0.0585534467475	-0.0216847072132	0.018070880855	-0.00289116124027	1.0	0.013225609786	0.0153737530191	-0.0107144844174	-0.0162481707117	-0.0018611924601	-0.000918497998927	-0.0136277272391	0.0097751025103	0.00905997565344	0.00067721842965	-0.0691424931801	-0.0631751106811	-0.038122835743	0.00210898166938	-0.0195678822297	0.00226578076898	0.019369761745	0.0110755252261	0.00902399811528	-0.0255730163935	0.00595398552711	-0.00238874234047	0.00403627982621	0.0209350351728	-0.00694716833093	-0.061197877034	-0.0546251545822	0.00423158276505	-0.0180860064017	-0.0425023245832	0.0231826338563	-0.00678842777978	-0.010823989089	-0.0403845827957	0.075889411221	-0.00179018646625	-0.0493856021676	-0.0236215262892	-0.103514247521	0.0335114264401	0.0431650643819
k__Bacteria;p__Bacteroidetes;c__Bacteroidia;o__Bacteroidales;f__Porphyromonadaceae;g__Barnesiella;s__Barnesiella_intestinihominis	0.0202189393899	0.00120029441193	0.0448603094952	-0.0554770848564	-0.0703500315339	0.00129023166286	0.0369693427861	-0.0573556934978	-0.0527170355724	-0.0509245552693	-0.0493246143335	0.0244721858579	0.00168909447656	0.00881837852146	0.0476856277885	-0.00379737436024	-0.0393660191189	0.013225609786	1.0	0.0161433628244	0.00432061212826	0.00254510680716	-0.0195823925242	-0.0506345234843	0.027936501085	0.0126475264178	0.0196527967592	0.000986255434389	0.00491211651267	-0.0589358596367	-0.0532902165831	0.0228088147228	-0.0330858478707	-0.0105983744598	0.0147462465939	0.00120462235853	0.0223739770821	0.00769488904284	-0.0273925305764	0.0112962684922	-0.0261212780159	0.0154640783197	0.0712427083335	0.00596496361643	-0.032372338072	-0.00174601429656	-0.00629552178445	0.0268279544342	-0.0403513126381	0.013428613942	0.0145515754997	-0.0115812955463	0.0602204121738	-0.0274409964373	0.0243423594095	-0.0138343685473	-0.00930305266178	-0.0182878868695	-0.0427534499119
k__Bacteria;p__Bacteroidetes;c__Bacteroidia;o__Bacteroidales;f__Odoribacteraceae;g__Odoribacter;s__Odoribacter_splanchnicus	-0.053968951478	-0.045449004769	0.0464795850657	-0.0262104380284	0.0199337536401	-0.0245248354494	-0.0363584496741	-0.0129469129837	-0.0325988941379	-0.0431626752047	-0.00486810445603	0.0409864966504	-0.0559748505139	-0.0568551479605	-0.0205990425782	-0.0449809037036	0.0230819176783	0.0153737530191	0.0161433628244	1.0	-0.0386030514744	-0.00705721477779	0.0160090821164	0.025025156136	0.0217038946828	0.0214729523082	0.00316674974328	0.0315352942798	-0.00549083926429	-0.0335575688758	0.0123741206076	0.022490845954	-0.0356702172141	0.036087960914	-0.00628304450443	-0.0164094165268	0.0150031198317	-0.00970459121875	-0.0104760368839	-0.0248463398011	3.67611032068e-05	0.0056186464972	0.00712156917501	0.0527693993099	0.00799431634927	-0.0156705126137	-0.0286273088082	0.0401671410124	-0.0530295382818	0.000451573733008	0.0186435923028	0.0114121912049	0.0462676391808	-0.0549949924676	-0.00479951394268	-0.0096099121769	-0.0120878898471	-0.0166069895517	-0.0535269243212
k__Bacteria;p__Bacteroidetes;c__Bacteroidia;o__Bacteroidales;f__Bacteroidaceae;g__Bacteroides;s__Bacteroides_salyersiae	0.00882280371765	-0.0238047000936	-0.0518449252828	-0.0237020693445	-0.0317523793042	-0.0685444519696	-0.000690634387226	-0.0208647794199	-0.0342285635941	0.00865322143005	-0.0361845172616	0.0270026003028	-0.0230681802047	-0.00292895789539	-0.0332408561092	0.014687637459	0.0235524392794	-0.0107144844174	0.00432061212826	-0.0386030514744	1.0	0.0421016554982	-0.0051429616766	0.00291095673627	-0.0133002218469	0.0096060132482	0.0228486653231	0.0306029095215	0.0298179186143	-0.0344880114539	-0.010490615416	-0.0237766141968	-0.012584146652	-0.00551742538164	-0.00131700163542	-0.0490580876574	-0.0102213654081	-0.041835389551	0.0295257571244	0.00272333731251	-0.0273473942496	-0.0269301062745	-0.0108024197006	-0.0107288103323	-0.0441163435292	-0.0148575531423	0.0252574980728	0.0178407818786	-0.0448610307343	0.00249960911723	0.015940698228	-0.0299549842404	-0.015259847261	-0.0302808278838	-0.0208091375829	0.00975990811143	0.000198735489693	-0.00720945635457	7.94351525902e-05
k__Bacteria;p__Firmicutes;c__Clostridia;o__Clostridiales;f__Ruminococcaceae;g__Ruminiclostridium;s__[Eubacterium]_siraeum	-0.0164159190877	-0.00686210789173	-0.0457334903806	-0.0681469859883	0.0191856596018	-0.0339337373184	-0.0477181258054	0.0207197425014	0.0126096631156	0.075196272702	-0.0501791277171	0.0129972384022	-0.0355742519801	-0.0399105410337	-0.048234727244	0.0622419617316	-0.0283924663236	-0.0162481707117	0.00254510680716	-0.00705721477779	0.0421016554982	1.0	0.00821576057202	-0.0916386609717	-0.0591271167231	-0.0666572133353	-0.0245128582515	-0.0263960585653	0.0191242101423	-0.0239243110164	0.0325364284892	-0.0107913884865	0.0214100609892	0.0321370967345	0.0350727091119	-0.0130352533224	0.0298116167384	-0.0825429859382	-0.00247607052173	-0.0570835919003	-0.00651603981331	-0.0248762004598	0.0313569206809	-0.0400300135972	-0.0124043288466	0.0318762110006	0.0470142938893	-0.0310348418777	-0.024458833736	0.00271642764632	0.000602539077636	-0.0048581348903	0.0166299382849	0.00576695830329	-0.00894160275797	-0.0115370032392	-0.00594763246372	-0.0299772711746	-0.0045207980232
k__Bacteria;p__Proteobacteria;c__Betaproteobacteria;o__Burkholderiales;f__Sutterellaceae;g__Parasutterella;s__Parasutterella_excrementihominis	0.0378489184106	-0.00456783803052	-0.00522441870441	-0.0110034983293	0.0297310347289	-0.0183230069116	-0.0766524410444	-0.0196517573868	0.0572696260905	-0.00650075727626	-0.0262000298375	0.00472146432942	-0.0261891171814	0.0130432412356	-0.0536689849114	0.0343087249744	-0.00833573545228	-0.0018611924601	-0.0195823925242	0.0160090821164	-0.0051429616766	0.00821576057202	1.0	-0.00262635599254	0.0274817994856	-0.0243104943883	0.0239905775835	0.0061036774055	0.00905093851417	-0.0174799112669	0.00453859915871	0.0334017614411	-0.0170457631749	-0.0215192308949	-0.0229020684646	0.0638586215485	0.0358217420481	-0.0134619368263	-0.0600553158487	-0.0519825483279	0.0304119479485	-0.0299211684901	-0.0470031059355	0.00137019217574	-0.0473187907019	0.0270056427078	0.029484420458	0.0296814128799	-0.0281366647124	-0.0167072284722	0.00496369081046	0.0290131586647	-0.0164790402163	-7.72145560301e-05	-0.0113222576314	-0.0178798908424	-0.00621681984558	-0.000890147799224	-0.0329240887623
k__Bacteria;p__Actinobacteria;c__Actinobacteria;o__Bifidobacteriales;f__Bifidobacteriaceae;g__Bifidobacterium;s__Bifidobacterium_adolescentis	0.000442685287945	-0.0321514783196	-0.0102827532882	0.0121561652759	-0.0648230750221	-0.0202853822561	0.0528864458813	0.00715336940448	0.030664811038	0.0140008956418	0.0193462677121	-0.00851605774508	-0.0176197839021	0.0570472783027	-0.000864047171394	-0.0381661978366	0.0208569423458	-0.000918497998927	-0.0506345234843	0.025025156136	0.00291095673627	-0.0916386609717	-0.00262635599254	1.0	0.00584660939457	0.0268193755051	-0.045317429896	0.027869251592	-0.0402551018359	-0.0022648632464	-0.040085520334	-0.0202372368626	-0.074514810224	-0.0265375987714	-0.0171040989834	0.00381366001301	-0.0473838122299	0.0107112026196	0.0120329662858	-0.00607158366461	0.000430942321743	-0.0497934669575	-0.00338702706048	0.0123890207264	0.00495100275354	0.017061028306	-0.0317351179081	-0.00639112084952	0.0358071875072	-0.009613811684	0.0492588652658	-0.00161422533398	-0.0139541235058	0.0100516496452	-0.0459868906675	-0.0498682812373	0.0304928518759	-0.0320177427655	-0.0838325410437
k__Bacteria;p__Firmicutes;c__Clostridia;o__Clostridiales;f__Oscillospiraceae;g__Oscillibacter;s__Oscillibacter_sp._KLE_1745	-0.0260541626995	-0.0771083888722	0.0121034236021	0.0534318054742	-0.0111614039295	-0.0204909000397	0.0240272314519	-0.00537914489446	0.00977051902346	0.0178600175537	-0.0316793634892	-0.024310208978	0.0385307649704	0.0299378332161	0.0305371660562	-0.0582569808448	0.0116886566499	-0.0136277272391	0.027936501085	0.0217038946828	-0.0133002218469	-0.0591271167231	0.0274817994856	0.00584660939457	1.0	-0.0509388368926	-0.0186091054655	0.0657352187153	-0.07469830564	-0.0038806222767	0.0165414884424	-0.0536694375375	-0.0590252856611	0.00436180088699	-0.0183399931675	-0.00390225809769	-0.0461101987542	0.0167105912947	-0.0587303140502	0.0556854213748	0.0307673357581	-0.00154696846696	0.0279695707293	0.0152022688105	-0.0680105895836	-0.00877071593569	-0.0592314105046	-0.0393528088689	0.00331342956405	-0.0277885955632	0.0121736595211	-0.0268718524938	-0.0300986348574	0.0231209081822	-0.00138677144734	-0.0293398803762	0.039870256817	-0.0402631545739	-0.0201511638127
k__Bacteria;p__Bacteroidetes;c__Bacteroidia;o__Bacteroidales;f__Bacteroidaceae;g__Bacteroides;s__Bacteroides_coprophilus	0.0444326945054	-0.001268995513	-0.0148257599447	-0.00688074432928	0.00601857871505	-0.00106373604368	-0.0361340802904	0.0127760120551	0.0210117016197	-0.0586201715535	0.0267466613094	-0.0222262371177	-0.0221300338061	-0.0097442763561	0.027834296842	-0.0495144144764	0.00152959667094	0.0097751025103	0.0126475264178	0.0214729523082	0.0096060132482	-0.0666572133353	-0.0243104943883	0.0268193755051	-0.0509388368926	1.0	0.020050951603	-0.05504451958	0.0377349127016	-0.00386327380794	0.0158760829178	0.00267294973945	0.00447627149274	-0.00247441298471	-0.0114870166996	0.0745436065811	-0.0262209587025	-0.0243990775113	-0.023465427176	0.000559043527432	0.0215993420944	0.00537681078031	-0.0319074218625	-0.0959907356887	-0.0296782337222	0.012881588187	-0.0649821116704	-0.000446625462954	-0.0266785069173	0.0368586325517	-0.0294034616477	0.0207410611421	0.0175958692426	-0.00339416050621	-0.0200794022566	-0.0188631706451	0.013275702212	0.0362352038348	-0.0115316181954
k__Bacteria;p__Firmicutes;c__Clostridia;o__Clostridiales;f__Lachnospiraceae;g__Roseburia;s__Roseburia_intestinalis	-0.0440171076008	0.0138464018281	0.00801247636201	-0.027618959506	0.0337584510851	0.0733795734551	-0.0721480984727	0.0284160552919	-0.00771780676744	0.0446011303796	-0.00313589176056	0.000816671011779	-0.0146963293802	-0.0282205472433	0.0221412861659	-0.0418464456316	-0.00126106009127	0.00905997565344	0.0196527967592	0.00316674974328	0.0228486653231	-0.0245128582515	0.0239905775835	-0.045317429896	-0.0186091054655	0.020050951603	1.0	-0.0191711224946	-0.0294944518724	-0.0305111974645	0.008964916858	0.0570130280722	-0.014482959446	-0.0450091189058	-0.0755139744715	-0.021094299216	-0.0435571913199	-0.0174066148061	-0.0059446414606	-0.00175178977584	-0.00849049080085	0.0013186477307	-0.0435276420856	0.0398244919613	-0.0277488357601	0.0103664564034	0.00780318633098	0.0161877757006	0.0245011356484	0.0566993432312	-0.0208023646203	0.00940917185128	0.0341231846498	-0.0109789818305	-0.0326342971013	0.0293878058638	-0.0327333529188	-0.0296934456271	-0.0287044832613
k__Bacteria;p__Firmicutes;c__Clostridia;o__Clostridiales;f__Lachnospiraceae;g__Roseburia;s__Roseburia_hominis	-0.0256935346428	-0.0179007524181	0.0115651171156	-0.0450489028031	-0.0181500674378	0.0284073357784	0.00314981562282	0.00640813483618	0.0361060237361	0.0147416839359	0.00591249785551	-0.00401016822625	0.017633197946	-0.108014934503	0.0371457846518	0.024898522759	0.00981386543463	0.00067721842965	0.000986255434389	0.0315352942798	0.0306029095215	-0.0263960585653	0.0061036774055	0.027869251592	0.0657352187153	-0.05504451958	-0.0191711224946	1.0	0.00785089033635	-0.0221412685315	-0.0123562131156	-0.0278471529607	-0.0330971519497	-0.0453415990754	0.0275179590559	-0.0132007354599	9.74786162002e-05	-0.0701543407654	-0.0623484628183	-0.0482859659653	-0.0459623974065	0.0084422207885	0.0664235040791	0.0405822015395	0.0518806462375	-0.00946556720724	-0.0373970540521	0.0577027495854	-0.027289979013	-0.0128998508304	-0.08129748531	-0.00838932512665	-0.0837515523292	-0.0201001330639	-0.0293966741399	0.0261946119186	0.047419266456	-0.0354369005512	-0.0221969838806
k__Bacteria;p__Bacteroidetes;c__Bacteroidia;o__Bacteroidales;f__Porphyromonadaceae;g__Parabacteroides;s__Parabacteroides_johnsonii	0.0129004370146	-0.00463724598629	-0.0405757446952	-0.0319485758351	-0.0224779230628	0.0463057897852	0.0860041223599	-0.000779392542081	0.00483826433067	-0.0057829137983	0.0452522096668	-0.0068433509553	0.0265250641716	-0.025014900612	0.0133455876877	0.0357501195919	0.00784361885477	-0.0691424931801	0.00491211651267	-0.00549083926429	0.0298179186143	0.0191242101423	0.00905093851417	-0.0402551018359	-0.07469830564	0.0377349127016	-0.0294944518724	0.00785089033635	1.0	-0.00536047803946	0.10788964987	-0.0210729032491	-0.0106414944506	-0.00417486820908	-0.00675431657833	-0.0325823836529	-0.0151336065351	-0.0207701971186	0.0207048362769	-0.0311984591937	0.0240890341909	0.0141087476369	0.0370367384425	-0.0507139463163	-0.00585202604475	0.0344472844952	0.0144588535835	-0.0347906767537	-0.0408934218832	-0.00737788146555	-0.00534893863138	0.00833704265098	-0.0402054855552	-0.0300930156574	0.0310238765252	0.0543635761656	-0.0557206553762	0.0485988715661	0.051073533931
k__Bacteria;p__Actinobacteria;c__Actinobacteria;o__Bifidobacteriales;f__Bifidobacteriaceae;g__Bifidobacterium;s__Bifidobacterium_longum	-0.0159918378088	0.0033515068197	0.0449360035185	-0.00285151041046	-0.0832055220695	-0.040120172014	-0.00554284711216	-0.00405548319769	0.0304169750497	-0.00164075736918	-0.017962965091	-0.00868952799449	0.0403970080314	-0.00128872001317	0.0155062410407	-0.0232414440651	0.0345375745405	-0.0631751106811	-0.0589358596367	-0.0335575688758	-0.0344880114539	-0.0239243110164	-0.0174799112669	-0.0022648632464	-0.0038806222767	-0.00386327380794	-0.0305111974645	-0.0221412685315	-0.00536047803946	1.0	-0.00452579346388	0.0090552058787	-0.0456751801061	-0.0485952366906	-0.00417450658658	0.0175265230641	-0.041121060245	-0.0755662709891	-0.0106731761959	-0.0229808533862	-0.0468106984711	-0.0563248524248	-0.0193375844018	0.00874413826094	0.0179133302438	-0.00401885986062	-0.026920146044	0.0434193447549	-0.0137872977521	0.0620565631437	0.0154780909793	0.0372005912413	0.0521200204265	0.00823954692984	0.00194387981478	0.0182137047646	-0.0276533276301	-0.00297752639197	0.0210477081646
