#taxonomy	k__Bacteria;p__Bacteroidetes;c__Bacteroidia;o__Bacteroidales;f__Bacteroidaceae;g__Bacteroides;s__Bacteroides_vulgatus	k__Bacteria;p__Bacteroidetes;c__Bacteroidia;o__Bacteroidales;f__Bacteroidaceae;g__Bacteroides;s__Bacteroides_uniformis	k__Bacteria;p__Bacteroidetes;c__Bacteroidia;o__Bacteroidales;f__Rikenellaceae;g__Alistipes;s__Alistipes_putredinis	k__Bacteria;p__Bacteroidetes;c__Bacteroidia;o__Bacteroidales;f__Prevotellaceae;g__Prevotella;s__Prevotella_copri	k__Bacteria;p__Bacteroidetes;c__Bacteroidia;o__Bacteroidales;f__Bacteroidaceae;g__Bacteroides;s__Bacteroides_stercoris	k__Bacteria;p__Bacteroidetes;c__Bacteroidia;o__Bacteroidales;f__Bacteroidaceae;g__Bacteroides;s__Bacteroides_ovatus	k__Bacteria;p__Bacteroidetes;c__Bacteroidia;o__Bacteroidales;f__Rikenellaceae;g__Alistipes;s__Alistipes_shahii	k__Bacteria;p__Firmicutes;c__Clostridia;o__Clostridiales;f__Ruminococcaceae;g__Faecalibacterium;s__Faecalibacterium_prausnitzii	k__Bacteria;p__Bacteroidetes;c__Bacteroidia;o__Bacteroidales;f__Rikenellaceae;g__Alistipes;s__Alistipes_finegoldii	k__Bacteria;p__Bacteroidetes;c__Bacteroidia;o__Bacteroidales;f__Porphyromonadaceae;g__Parabacteroides;s__Parabacteroides_distasonis	k__Bacteria;p__Bacteroidetes;c__Bacteroidia;o__Bacteroidales;f__Bacteroidaceae;g__Bacteroides;s__Bacteroides_thetaiotaomicron	k__Bacteria;p__Bacteroidetes;c__Bacteroidia;o__Bacteroidales;f__Bacteroidaceae;g__Bacteroides;s__Bacteroides_coprocola	k__Bacteria;p__Bacteroidetes;c__Bacteroidia;o__Bacteroidales;f__Bacteroidaceae;g__Bacteroides;s__Bacteroides_cellulosilyticus	k__Bacteria;p__Bacteroidetes;c__Bacteroidia;o__Bacteroidales;f__Rikenellaceae;g__Alistipes;s__Alistipes_obesi	k__Bacteria;p__Firmicutes;c__Clostridia;o__Clostridiales;f__Lachnospiraceae;g__;s__[Eubacterium]_rectale	k__Bacteria;p__Bacteroidetes;c__Bacteroidia;o__Bacteroidales;f__Bacteroidaceae;g__Bacteroides;s__Bacteroides_plebeius	k__Bacteria;p__Bacteroidetes;c__Bacteroidia;o__Bacteroidales;f__Bacteroidaceae;g__Bacteroides;s__Bacteroides_fragilis	k__Bacteria;p__Proteobacteria;c__Betaproteobacteria;o__Burkholderiales;f__Sutterellaceae;g__Sutterella;s__Sutterella_wadsworthensis	k__Bacteria;p__Bacteroidetes;c__Bacteroidia;o__Bacteroidales;f__Porphyromonadaceae;g__Barnesiella;s__Barnesiella_intestinihominis	k__Bacteria;p__Bacteroidetes;c__Bacteroidia;o__Bacteroidales;f__Odoribacteraceae;g__Odoribacter;s__Odoribacter_splanchnicus	k__Bacteria;p__Bacteroidetes;c__Bacteroidia;o__Bacteroidales;f__Bacteroidaceae;g__Bacteroides;s__Bacteroides_salyersiae	k__Bacteria;p__Firmicutes;c__Clostridia;o__Clostridiales;f__Ruminococcaceae;g__Ruminiclostridium;s__[Eubacterium]_siraeum	k__Bacteria;p__Proteobacteria;c__Betaproteobacteria;o__Burkholderiales;f__Sutterellaceae;g__Parasutterella;s__Parasutterella_excrementihominis	k__Bacteria;p__Actinobacteria;c__Actinobacteria;o__Bifidobacteriales;f__Bifidobacteriaceae;g__Bifidobacterium;s__Bifidobacterium_adolescentis	k__Bacteria;p__Firmicutes;c__Clostridia;o__Clostridiales;f__Oscillospiraceae;g__Oscillibacter;s__Oscillibacter_sp._KLE_1745	k__Bacteria;p__Bacteroidetes;c__Bacteroidia;o__Bacteroidales;f__Bacteroidaceae;g__Bacteroides;s__Bacteroides_coprophilus	k__Bacteria;p__Firmicutes;c__Clostridia;o__Clostridiales;f__Lachnospiraceae;g__Roseburia;s__Roseburia_intestinalis	k__Bacteria;p__Firmicutes;c__Clostridia;o__Clostridiales;f__Lachnospiraceae;g__Roseburia;s__Roseburia_hominis	k__Bacteria;p__Bacteroidetes;c__Bacteroidia;o__Bacteroidales;f__Porphyromonadaceae;g__Parabacteroides;s__Parabacteroides_johnsonii	k__Bacteria;p__Actinobacteria;c__Actinobacteria;o__Bifidobacteriales;f__Bifidobacteriaceae;g__Bifidobacterium;s__Bifidobacterium_longum	k__Bacteria;p__Firmicutes;c__Clostridia;o__Clostridiales;f__;g__Flavonifractor;s__Flavonifractor_plautii	k__Bacteria;p__Firmicutes;c__Clostridia;o__Clostridiales;f__Clostridiaceae;g__Clostridium;s__Clostridium_phoceensis	k__Bacteria;p__Verrucomicrobia;c__Verrucomicrobiae;o__Verrucomicrobiales;f__Akkermansiaceae;g__Akkermansia;s__Akkermansia_muciniphila	k__Bacteria;p__Bacteroidetes;c__Bacteroidia;o__Bacteroidales;f__Prevotellaceae;g__Paraprevotella;s__Paraprevotella_xylaniphila	k__Bacteria;p__Firmicutes;c__Clostridia;o__Clostridiales;f__Ruminococcaceae;g__Ruminococcus;s__Ruminococcus_callidus	k__Bacteria;p__Bacteroidetes;c__Bacteroidia;o__Bacteroidales;f__Rikenellaceae;g__Alistipes;s__Alistipes_senegalensis	k__Bacteria;p__Firmicutes;c__Clostridia;o__Clostridiales;f__Lachnospiraceae;g__Blautia;s__Blautia_sp._KLE_1732	k__Bacteria;p__Bacteroidetes;c__Bacteroidia;o__Bacteroidales;f__Bacteroidaceae;g__Bacteroides;s__Bacteroides_oleiciplenus	k__Bacteria;p__Firmicutes;c__Clostridia;o__Clostridiales;f__Ruminococcaceae;g__Ruminococcus;s__Ruminococcus_bicirculans	k__Bacteria;p__Bacteroidetes;c__Bacteroidia;o__Bacteroidales;f__Bacteroidaceae;g__Bacteroides;s__Bacteroides_fluxus	k__Bacteria;p__Bacteroidetes;c__Bacteroidia;o__Bacteroidales;f__Prevotellaceae;g__Prevotella;s__Prevotella_stercorea	k__Bacteria;p__Firmicutes;c__Clostridia;o__Clostridiales;f__Lachnospiraceae;g__Dorea;s__Dorea_longicatena	k__Bacteria;p__Firmicutes;c__Clostridia;o__Clostridiales;f__Eubacteriaceae;g__Eubacterium;s__[Eubacterium]_eligens	k__Bacteria;p__Firmicutes;c__Clostridia;o__Clostridiales;f__Ruminococcaceae;g__;s__Ruminococcaceae_bacterium_D16	k__Bacteria;p__Firmicutes;c__Clostridia;o__Clostridiales;f__Lachnospiraceae;g__Coprococcus;s__Coprococcus_comes	k__Bacteria;p__Proteobacteria;c__Gammaproteobacteria;o__Enterobacterales;f__Enterobacteriaceae;g__Escherichia;s__Escherichia_coli	k__Bacteria;p__Firmicutes;c__Clostridia;o__Clostridiales;f__Ruminococcaceae;g__Anaerotruncus;s__Anaerotruncus_colihominis	k__Bacteria;p__Firmicutes;c__Clostridia;o__Clostridiales;f__Lachnospiraceae;g__Blautia;s__Blautia_obeum	k__Bacteria;p__Bacteroidetes;c__Bacteroidia;o__Bacteroidales;f__Odoribacteraceae;g__Odoribacter;s__Odoribacter_laneus	k__Bacteria;p__Firmicutes;c__Clostridia;o__Clostridiales;f__Ruminococcaceae;g__Ruminiclostridium;s__[Clostridium]_leptum	k__Bacteria;p__Bacteroidetes;c__Bacteroidia;o__Bacteroidales;f__Porphyromonadaceae;g__Parabacteroides;s__Parabacteroides_goldsteinii	k__Bacteria;p__Firmicutes;c__Clostridia;o__Clostridiales;f__Lachnospiraceae;g__Anaerostipes;s__Anaerostipes_hadrus	k__Bacteria;p__Firmicutes;c__Clostridia;o__Clostridiales;f__Ruminococcaceae;g__Ruminococcus;s__Ruminococcus_lactaris	k__Bacteria;p__Firmicutes;c__Clostridia;o__Clostridiales;f__Clostridiaceae;g__Clostridium;s__Clostridium_sp._L2-50	k__Bacteria;p__Firmicutes;c__Clostridia;o__Clostridiales;f__Clostridiaceae;g__Clostridium;s__Clostridium_sp._M62/1	k__Bacteria;p__Firmicutes;c__Clostridia;o__Clostridiales;f__;g__Intestinimonas;s__Intestinimonas_butyriciproducens	k__Bacteria;p__Actinobacteria;c__Actinobacteria;o__Bifidobacteriales;f__Bifidobacteriaceae;g__Bifidobacterium;s__Bifidobacterium_bifidum	k__Bacteria;p__Firmicutes;c__Negativicutes;o__Veillonellales;f__Veillonellaceae;g__Dialister;s__Dialister_invisus	k__Bacteria;p__Bacteroidetes;c__Bacteroidia;o__Bacteroidales;f__Bacteroidaceae;g__Bacteroides;s__Bacteroides_salanitronis
k__Bacteria;p__Bacteroidetes;c__Bacteroidia;o__Bacteroidales;f__Bacteroidaceae;g__Bacteroides;s__Bacteroides_vulgatus	1.0	-0.0216338867218	0.00195939001412	-0.0120434117098	0.0199713638996	-0.00969502757247	0.0214536923992	-0.0184808143208	-0.0129266876518	0.0144786483804	-0.0248300658728	0.00559082482623	-0.0193399218879	0.012903472952	-0.00728399327093	-0.0025497131329	0.0389578199892	0.00227202090603	0.0253980579855	0.00776122382686	-0.020735128606	-0.0213219162269	0.0295968819092	-0.0228779293222	-0.0189250242029	-0.0274750451198	0.00760003721395	0.0244720062883	0.05753477366	-0.0159291244169	0.0153729780472	-0.0445698749307	-0.0173100753271	0.00579478615623	-0.0414836910851	-0.0253041460412	-0.0132429789908	0.0342380362068	-0.0191532523244	-0.0251493406325	0.00799842525256	-0.00383900723804	0.0506462714599	-0.0987314658888	-0.0414373477238	0.013402591325	-0.0453567789809	-0.00206375789263	0.00767738350955	-0.051620841927	0.0283248901496	0.012200414036	-0.0632047882433	-0.00648539629689	0.00759492144182	0.0127319717257	0.0129698298344	0.0636292507383	-0.00830402082224
k__Bacteria;p__Bacteroidetes;c__Bacteroidia;o__Bacteroidales;f__Bacteroidaceae;g__Bacteroides;s__Bacteroides_uniformis	-0.0216338867218	1.0	-0.0482886513455	-0.0353560551424	-0.040023819786	-0.00912402314366	-0.0138268879345	0.0149171964611	0.0418542622666	0.0650966775428	-0.0281701882306	-0.0188000109456	0.0209000709075	-0.0361557211479	0.00896215619417	-0.00877734560186	0.0120477411466	0.0306039170693	-0.0204537577333	0.00561058054935	-0.00498320887467	-0.121105405764	-0.0305614406411	0.0443943633509	-0.0038208624966	-0.033796529085	0.051826952171	0.0282837037751	0.0375845056979	-0.0151630932279	-0.04697635597	-0.0779546273899	-0.0177333659828	-0.0151596977487	-0.0498679392517	0.0511979438252	-0.0529455109579	-0.00747056286923	-0.0275955208855	-0.00140797632377	0.010218205191	0.0624314888102	0.0499048482129	-0.0500662761171	-0.0306669906401	0.0397763529444	-0.0133123258309	0.0132843045201	0.0128018719274	0.0342336929979	-0.0745762606632	0.0102665218477	-0.00989975635532	-0.0446071770356	0.0285661393697	0.0022924231292	0.0264926827874	-0.0154573817564	0.0156252343099
k__Bacteria;p__Bacteroidetes;c__Bacteroidia;o__Bacteroidales;f__Rikenellaceae;g__Alistipes;s__Alistipes_putredinis	0.00195939001412	-0.0482886513455	1.0	-0.00672736603447	0.015196483154	0.0643909464963	0.0506416064201	-0.0153666330205	0.0596032776379	0.00656495253965	-0.000247140611904	-0.0278072131742	0.00614077097252	-0.0278686795295	-0.0132556347042	0.0338143637041	-0.0620199585654	-0.0690762068162	0.0208538455377	-0.0408491552461	0.00457397609636	-0.0213874407682	0.0298388527541	-0.019483413238	0.00960676318611	-0.0528743742476	-0.0412163412467	0.0103912879067	0.0288344156817	0.0162075908781	-0.0163967435547	-0.00404543974917	0.00395915014873	0.00494155865414	-0.0632799762246	-0.0324049869027	-0.0304719416047	-0.00640360583316	0.0176338624968	-0.0209148259794	0.000718382588521	-0.0545197885942	-0.024311618964	-0.0100574039768	-0.00341807676734	0.0534576449871	-0.0202098545043	0.0236058422612	0.0427925827491	-0.0641913071321	0.00902385364409	-0.0541585507619	0.00186904020911	-0.00125080724295	0.0517165735258	-0.038150446333	0.00942957809511	0.026627200913	0.0138472406078
k__Bacteria;p__Bacteroidetes;c__Bacteroidia;o__Bacteroidales;f__Prevotellaceae;g__Prevotella;s__Prevotella_copri	-0.0120434117098	-0.0353560551424	-0.00672736603447	1.0	0.00524108610061	0.0722270188513	-0.086815313537	-0.0257732414208	0.00680300527038	-0.037279005799	0.0410487186385	-0.043176236593	-0.0163709065442	-0.0506949241238	0.0307035072151	-0.0301353953937	-0.00842208885059	-0.0158065352988	0.015406948816	0.0159993057749	-0.0145186143263	-0.0247889039628	-0.0534655954237	-0.00160896561904	-0.0111744808603	-0.00751962280684	-0.02622158657	0.0072507035299	0.0662181382515	-0.00177098572778	0.0364289104702	0.0194864353538	0.0365582117306	-0.00770391696087	0.00057603647064	-0.0117562237599	-0.0174413886866	-0.0462944352423	-0.00970327402771	-0.0503812655624	0.00258071489988	-0.0227513888668	0.0501961762303	0.0693641399783	0.0118175178786	-0.0185608240374	-0.0294810986897	0.0180012261929	0.0206902929357	0.0132767567943	-0.00308768583722	0.0184947624249	-0.0121913924048	-0.0200700882775	0.0101915240618	-0.0114933519037	0.00708314348974	0.0188099162824	-0.0161930186655
k__Bacteria;p__Bacteroidetes;c__Bacteroidia;o__Bacteroidales;f__Bacteroidaceae;g__Bacteroides;s__Bacteroides_stercoris	0.0199713638996	-0.040023819786	0.015196483154	0.00524108610061	1.0	-0.0285361824958	0.0269922694743	0.0180032504758	0.0269816279595	-0.0242872615431	0.0371156626701	-0.0222305120759	-0.0222263261173	0.0256129361943	0.0314414902154	-0.049381121905	0.019217777436	-0.0163798198092	-0.0539411612856	-0.00544412985654	0.0025451133931	-0.00969422525722	-0.00232525977896	0.00341397632344	-0.0197154140036	0.0166828313684	0.0208037600618	0.015098879071	-0.0250140084911	-0.0481333508073	0.0404343742984	0.0402969286409	-0.0373929849705	-0.0229284526404	-0.0075981786897	0.0164971264692	0.00947831043108	0.0359405653462	0.0603281945281	0.0312191429271	-0.000242429745498	-0.00290454904229	-0.0406119070552	-0.00180100399307	-0.00349185281386	-0.015655361016	-0.000311823586275	-0.0360420765696	0.0194606961512	-0.0655758817052	0.00796695868939	-0.0685788588	-0.00827626585182	-0.0417288467584	0.038533968665	-0.0278088188224	-0.0331770168077	-0.0406623459553	-0.0214612523862
k__Bacteria;p__Bacteroidetes;c__Bacteroidia;o__Bacteroidales;f__Bacteroidaceae;g__Bacteroides;s__Bacteroides_ovatus	-0.00969502757247	-0.00912402314366	0.0643909464963	0.0722270188513	-0.0285361824958	1.0	-0.00678159885594	0.0316544678901	0.0144564641287	-0.0148108699636	-0.0613035863472	-0.0265012550018	-0.02174338472	-0.0388828449198	0.042548693208	-0.0271974129824	-0.0277880912142	-0.0805783472032	-0.0178692886746	-0.0146477318825	0.0255023605432	0.00532874081004	0.0842877120168	-0.0329618217581	-0.00352497176238	-0.0695435065724	0.010049874959	-0.0307065625972	0.0243822922975	-0.0457962666973	-0.00803672979872	0.092326368988	0.0334255274431	0.0130744569834	0.00356964102365	-0.08340752002	-0.00475230303899	0.0216788186979	-0.0579738173709	-0.0544355018486	-0.0451195612528	-0.0684022705682	0.021850027526	0.0383669319389	0.0402117112914	0.0220972418569	0.00594863739937	0.0117085346598	-0.0609160039307	-0.024458328535	-0.0108881950006	0.0413560154796	-0.0212119772359	-0.0093231220827	0.0409507004204	-0.0334266724294	-0.0600534294412	-0.000321414425778	-0.00501500574252
k__Bacteria;p__Bacteroidetes;c__Bacteroidia;o__Bacteroidales;f__Rikenellaceae;g__Alistipes;s__Alistipes_shahii	0.0214536923992	-0.0138268879345	0.0506416064201	-0.086815313537	0.0269922694743	-0.00678159885594	1.0	-0.044712378875	-0.0334640085459	-0.0397036953461	0.0380808174312	-0.00134294000617	0.0134951168082	-0.00596073671466	0.0153494792169	-0.00820421313177	0.0256919938875	0.0620140997288	0.0393586718093	-0.0887636196494	0.0144645212418	-0.0389421902557	-0.00722900027394	-0.0203280801663	0.0125165943726	0.0205680222424	-0.0236516853033	-0.00131915256668	0.0497770798139	0.0266596216959	-0.0647685465791	-0.0229816447887	-0.0172220268867	-0.000265235080326	-0.0126429850563	0.00537715494891	-0.0126238999462	0.0725188588465	0.00555133810998	-0.00322558439969	0.0194783644526	-0.0281318614897	-0.0190323057446	0.0320900238616	0.0688739875676	-0.0355310188489	-0.0995280583423	0.00179964114604	0.0200014179566	0.0372768838466	-0.0819106694728	-0.0504763530556	0.0573323653734	-0.0387302439091	0.0403698845149	0.0556057836015	0.0194104268553	-0.0494621760896	0.0462342898064
k__Bacteria;p__Firmicutes;c__Clostridia;o__Clostridiales;f__Ruminococcaceae;g__Faecalibacterium;s__Faecalibacterium_prausnitzii	-0.0184808143208	0.0149171964611	-0.0153666330205	-0.0257732414208	0.0180032504758	0.0316544678901	-0.044712378875	1.0	0.012503692643	-0.00172578945131	-0.0484624553752	0.00727739959067	-0.0515658476006	0.0317694981573	-0.0501268794984	-0.0194312293234	-0.0167602350853	-0.0324934095568	-0.0628561654774	-0.0249026842254	0.00272180526195	-0.0377112172672	-0.00280706397872	-0.0249188873268	0.0139376574783	-0.045643790278	0.0336009433561	0.0784679140079	0.0165487874412	-0.00917626992089	-0.0130412579101	0.0429138709214	0.0109299914554	-0.0814372291202	0.00866745891754	0.0546035505385	0.0303332212011	-0.00704523269211	-0.0259235488648	0.06488792546	-0.0204875207694	0.000733471469635	0.000464645567357	0.00694010076494	0.0284567455116	0.0538032472039	0.0263648896293	-0.0414843069849	-0.0543947392915	-0.0511280439506	0.0238505070751	-0.0794111926644	-0.0350658344178	-0.000742833008947	0.0405372008618	-0.0162095406413	0.0145033840914	0.00424070945996	0.0072044889269
k__Bacteria;p__Bacteroidetes;c__Bacteroidia;o__Bacteroidales;f__Rikenellaceae;g__Alistipes;s__Alistipes_finegoldii	-0.0129266876518	0.0418542622666	0.0596032776379	0.00680300527038	0.0269816279595	0.0144564641287	-0.0334640085459	0.012503692643	1.0	-0.00163353355966	0.00518520645192	-0.0275836143843	0.00258591140585	-0.00785779104747	0.0480999126104	-0.00680640640256	0.0289430432806	0.000492576082806	-0.014839048074	-0.0128819353259	0.00640415405298	0.0437817297575	-0.0128904071924	0.0188703368626	0.0102869367125	0.0385758332698	-0.053707605266	0.0155660256478	-0.000302341532626	-0.0469401059034	-0.0779936404195	-0.000152030745097	0.0234434702443	-0.0690123841846	0.0433192113891	0.0277785033768	-0.0105546030398	-0.0540656334725	-0.0212252548873	-0.00322111566489	-0.00513000380191	0.031724518708	-0.0173326241852	0.0605201260491	0.0243431323573	-0.0623158476849	-0.0233764611534	0.0253814516144	-0.00437692744275	0.0174122349402	-0.0368561246519	-0.0444091874889	0.00901180194437	0.0198275495703	-0.0465750878221	0.00118022457863	0.00670792018476	0.017740729297	-0.0145161079159
k__Bacteria;p__Bacteroidetes;c__Bacteroidia;o__Bacteroidales;f__Porphyromonadaceae;g__Parabacteroides;s__Parabacteroides_distasonis	0.0144786483804	0.0650966775428	0.00656495253965	-0.037279005799	-0.0242872615431	-0.0148108699636	-0.0397036953461	-0.00172578945131	-0.00163353355966	1.0	-0.0206211417414	-0.0102374906701	0.0351353343174	-0.0450180226833	-0.0181367552149	-0.015419685289	0.033311795507	0.0276301806145	0.0205013774355	-0.0461355894634	-0.0309041332457	-0.0218071985008	0.0235894683386	-0.0309709754498	0.0130172383813	0.0592490899717	0.0297950334515	-0.0386262170409	-0.0306538181962	0.0572561760268	0.00123633120638	-0.0335805615986	0.033850461926	-0.00383841365878	0.0319639826114	-0.0226388746971	0.0310318539066	-0.0506230658036	-0.0279272681252	-0.00332748099829	0.00862615931421	0.00882925918164	0.0397699440732	0.0277964795925	-0.00561723165151	-0.052207852255	0.0153192753589	-0.0351260473262	-0.00551203862067	-0.0100433002996	-0.0343319301459	0.0188978363395	0.0243172535667	-0.0194411366273	-0.00323919027113	-0.0156702579122	-0.0281066598611	0.0430746184776	-0.0174510690039
k__Bacteria;p__Bacteroidetes;c__Bacteroidia;o__Bacteroidales;f__Bacteroidaceae;g__Bacteroides;s__Bacteroides_thetaiotaomicron	-0.0248300658728	-0.0281701882306	-0.000247140611904	0.0410487186385	0.0371156626701	-0.0613035863472	0.0380808174312	-0.0484624553752	0.00518520645192	-0.0206211417414	1.0	0.0286919243179	0.045035909839	0.0240059004986	0.0386715839071	0.0223626774192	0.0143536340424	-0.0488285579384	0.0457942956309	0.0724500619296	0.00515342897889	-0.0336542781446	-0.0144674261022	-0.00885845990851	0.0192734794874	-0.0191191599612	-0.0444823072433	0.0490810864228	-0.00497827833721	-0.022166207909	-0.0582864349906	0.00177194580971	-0.0233645158268	-0.0056114104068	0.00114787589945	0.0112467264521	-0.0419499464788	-0.00894305097258	0.0237043678395	0.0486588409644	-0.0469590484492	-0.011119128113	-0.0374143503791	-0.0138164951771	0.0302011599344	-0.00393587342312	0.0114881318695	0.00925572143378	-0.0124568828986	-0.0447102716994	-0.0795692993192	-0.0262268155485	-0.0276101161623	-0.00825072866584	-0.0610099560141	-0.0511064579203	-0.0799625070633	0.00607225822823	0.0142518291877
k__Bacteria;p__Bacteroidetes;c__Bacteroidia;o__Bacteroidales;f__Bacteroidaceae;g__Bacteroides;s__Bacteroides_coprocola	0.00559082482623	-0.0188000109456	-0.0278072131742	-0.043176236593	-0.0222305120759	-0.0265012550018	-0.00134294000617	0.00727739959067	-0.0275836143843	-0.0102374906701	0.0286919243179	1.0	0.0158077622015	-0.0160220124395	0.0193939641406	0.0456044113421	0.00175023590805	-0.0409923262366	0.00306110857031	-0.0239325189219	-0.0557869562263	0.0128840137677	0.00408701388916	-0.0425063514172	-0.0374305742922	-0.0200770073199	-0.011826384218	-0.0326538586525	0.021632985782	0.0381126107111	-0.0192078875141	0.0295394590293	-0.0184717165808	0.00750127380307	-0.00280259532333	-0.033009882427	0.0227134314066	0.0826665551849	0.0248528867102	-0.00774499435637	-0.0457812604763	0.0279812430224	-0.0185512693264	-0.0278888120635	-0.0209753222404	-0.0650926050867	0.0177798360163	0.0258937000298	0.0216759166158	0.00455012785733	-0.0197543953155	0.0228006044593	-0.0293162148778	-0.0109943626766	-0.0171257608979	-0.026933100039	0.0118294946663	0.01306002098	-0.000263354908384
k__Bacteria;p__Bacteroidetes;c__Bacteroidia;o__Bacteroidales;f__Bacteroidaceae;g__Bacteroides;s__Bacteroides_cellulosilyticus	-0.0193399218879	0.0209000709075	0.00614077097252	-0.0163709065442	-0.0222263261173	-0.02174338472	0.0134951168082	-0.0515658476006	0.00258591140585	0.0351353343174	0.045035909839	0.0158077622015	1.0	-0.0105311791325	0.00945644735429	-0.0107506446531	0.0267877660163	-0.0177848571466	-0.0286728654989	0.0719580850193	0.0160489122234	0.061876145802	-0.00511220863737	-0.0750697198498	-0.042409579166	-0.00191769261888	-0.0322381944321	0.011444896393	-0.0398110776029	0.0157317631205	-0.0174962921609	0.0304326690353	-0.0155240446382	0.0284754492858	-0.0104781342997	-0.00586196547627	-0.00977656585696	0.0547394094512	0.0185151086336	-0.0243126298501	-0.0210725933866	0.00873142641674	0.016623675048	-0.0026740504754	-0.0288084051065	0.0112132296138	0.000905532626742	-0.0229780409976	0.006532373995	0.00707931563471	0.0153972600794	-0.0529812623705	-0.0134680538782	0.000313799291263	-0.023981372918	0.0143123893789	0.0243915191559	-0.0438796446991	-0.00333363972397
k__Bacteria;p__Bacteroidetes;c__Bacteroidia;o__Bacteroidales;f__Rikenellaceae;g__Alistipes;s__Alistipes_obesi	0.012903472952	-0.0361557211479	-0.0278686795295	-0.0506949241238	0.0256129361943	-0.0388828449198	-0.00596073671466	0.0317694981573	-0.00785779104747	-0.0450180226833	0.0240059004986	-0.0160220124395	-0.0105311791325	1.0	0.0449653231223	0.0406328563341	0.100405042867	-0.0325639914827	0.0230569998259	-0.0309292939248	-0.0294200680118	-0.0205296968982	-0.0387999271733	0.00213706471715	-0.0734118421713	-0.0132333664176	-0.0239825738018	-0.0140434000044	-0.0101583321015	0.0337537929179	0.0739960871354	-0.0365870115043	-0.0126860049863	-0.0238925450801	-0.0464345125657	-1.85307809251e-05	0.0359533773589	0.0343594006913	-0.0329055575027	-0.0881662003526	-0.0579048118797	-0.0423160418765	-0.0184223315485	-0.0125870885343	0.0318155027105	-0.0126620121887	0.0320680805552	-0.0157927524242	-0.0202413533044	-0.0623786837809	-0.0366697543867	0.00560243569826	0.0152411440608	-0.0236008301794	-0.0235541104742	-0.0105000291176	0.0316348067169	-0.0330083727563	-0.0148335058109
k__Bacteria;p__Firmicutes;c__Clostridia;o__Clostridiales;f__Lachnospiraceae;g__;s__[Eubacterium]_rectale	-0.00728399327093	0.00896215619417	-0.0132556347042	0.0307035072151	0.0314414902154	0.042548693208	0.0153494792169	-0.0501268794984	0.0480999126104	-0.0181367552149	0.0386715839071	0.0193939641406	0.00945644735429	0.0449653231223	1.0	-0.00517320100212	-0.0424031093209	-0.0187232703129	-0.0298636028623	0.00244926083328	-0.00886811401161	0.0243088116894	0.0160984706614	-0.020709532761	-0.0351520770839	0.0166566331609	-0.0368922051349	-0.0177939750926	0.0166022486284	-0.0474387871269	0.0440991581938	-0.0348457108192	0.0379805247045	-0.00572061368099	0.0415131976513	-0.0491835104289	-0.017812099502	-0.00555014355928	-0.0318420472754	-0.0307870645574	-0.034232820716	-0.0559278649552	-0.0341064320656	0.0369707347911	-0.0141704242155	-0.0420848997425	-0.0113048094664	0.01014677748	-0.048829285264	-0.0384679060992	-0.00125862772942	0.0292344339615	0.0163392419794	0.00661881708361	0.0216302142041	-0.0306257747116	-0.00853621253173	-0.0152931519268	-0.03301221486
k__Bacteria;p__Bacteroidetes;c__Bacteroidia;o__Bacteroidales;f__Bacteroidaceae;g__Bacteroides;s__Bacteroides_plebeius	-0.0025497131329	-0.00877734560186	0.0338143637041	-0.0301353953937	-0.049381121905	-0.0271974129824	-0.00820421313177	-0.0194312293234	-0.00680640640256	-0.015419685289	0.0223626774192	0.0456044113421	-0.0107506446531	0.0406328563341	-0.00517320100212	1.0	0.0258421327038	0.00849144775602	0.00997143419416	0.000160273646363	0.00106567940798	-0.0188115488054	0.024413517461	2.621222797e-05	-0.00878285511511	0.0339383223561	-0.0538975882872	0.0604872484125	-0.0209589608325	-0.0422300818393	-0.0651176130087	-0.028464261135	0.0248057811508	-0.0134110586401	-0.00741866778018	-0.0296781357541	0.00375923391459	-0.0643510379635	-0.0234809139555	0.067816573136	0.00068728636731	0.0521979567529	-0.00297807901633	-0.0158006930081	-0.0139808803156	0.00376829233243	-0.0198401334782	-0.0201321519372	0.00615008385268	-0.0125870628775	-0.0165468672426	-0.00426813456393	-0.0229216770408	-0.0457527102784	0.0220493349082	0.00250587317112	-0.0352986518522	-0.0327130931305	0.0600943539386
k__Bacteria;p__Bacteroidetes;c__Bacteroidia;o__Bacteroidales;f__Bacteroidaceae;g__Bacteroides;s__Bacteroides_fragilis	0.0389578199892	0.0120477411466	-0.0620199585654	-0.00842208885059	0.019217777436	-0.0277880912142	0.0256919938875	-0.0167602350853	0.0289430432806	0.033311795507	0.0143536340424	0.00175023590805	0.0267877660163	0.100405042867	-0.0424031093209	0.0258421327038	1.0	0.0191220355438	-0.0392329031058	-0.0240148911638	-0.0119004161444	-0.01067060376	-0.0505652294339	0.0407858359463	-0.0168003691035	0.0434864038922	0.0275551911464	-0.0265833494397	-0.00573070713507	-0.0132443676914	0.0419894871559	0.0305109663313	0.0252754722115	-0.0285029426157	0.0290206681494	-0.108346383409	0.0185971527449	0.0245182783107	-0.0240978869289	0.0147336961568	-0.0986032480098	0.0226067041289	-0.0171301531595	-0.0088481464508	-0.0128485383796	-0.0322245480586	0.0179391334695	0.0102419330735	-0.0206229114863	-0.0231301829097	-0.0548574874319	-0.0496058925258	-0.0107028256529	-0.0161054604183	-0.0539354911485	-0.0697510353338	0.0016964627114	-0.0452410601974	-0.0469859592308
k__Bacteria;p__Proteobacteria;c__Betaproteobacteria;o__Burkholderiales;f__Sutterellaceae;g__Sutterella;s__Sutterella_wadsworthensis	0.00227202090603	0.0306039170693	-0.0690762068162	-0.0158065352988	-0.0163798198092	-0.0805783472032	0.0620140997288	-0.0324934095568	0.000492576082806	0.0276301806145	-0.0488285579384	-0.0409923262366	-0.0177848571466	-0.0325639914827	-0.0187232703129	0.00849144775602	0.0191220355438	1.0	-0.0322848595408	0.00622964427863	0.0587180259298	-0.0194092151779	0.0185168709594	-0.0923633443617	0.0341065115487	0.0505505171411	-0.00574881738537	-0.0553455150481	0.0145915118842	-0.0217271398983	-0.0196873743738	-0.0155571011899	-0.00751440423657	-0.00632601145801	0.0189898506529	-0.0069526857	-0.0493243199567	0.0146238851587	0.019889942569	0.0348727674646	0.00745431101591	0.0268587703121	-0.0350091811485	0.00297993685503	0.0580126245004	0.00677000126756	-0.0620886254612	-0.0345091769671	0.0354765793179	0.00172227999921	-0.0120143788443	0.0130911749161	-0.000961723446671	0.0143974423377	-0.0381748983104	0.0109844016449	-0.0629142952308	-0.012965285117	-0.0247282890663
k__Bacteria;p__Bacteroidetes;c__Bacteroidia;o__Bacteroidales;f__Porphyromonadaceae;g__Barnesiella;s__Barnesiella_intestinihominis	0.0253980579855	-0.0204537577333	0.0208538455377	0.015406948816	-0.0539411612856	-0.0178692886746	0.0393586718093	-0.0628561654774	-0.014839048074	0.0205013774355	0.0457942956309	0.00306110857031	-0.0286728654989	0.0230569998259	-0.0298636028623	0.00997143419416	-0.0392329031058	-0.0322848595408	1.0	-0.0520225576026	0.00801330728961	-0.0264272619609	-0.0351957306429	-0.010105191285	0.00799091290308	0.0124228489621	-0.0272763424475	-0.0135358806636	-0.00268960345648	-0.00570199653872	7.486228396e-05	0.0120206038041	0.0166844156528	-0.0428893813942	-0.0139200317007	0.00368969672417	-0.0473310455723	-0.0111345445016	-0.066574603397	-0.0369955821166	-0.000805189989816	0.0529942854334	-0.0260812782402	0.000951204815133	-0.0299622930261	-0.0449331711383	-0.016212697558	-0.0352838085124	-0.0599177244761	0.00943795985067	0.0270266373679	0.00528425919679	-0.0753749448703	-0.0116746267468	0.0297935712346	0.0233225829455	0.0337966699988	0.0207325286081	0.0427255151722
k__Bacteria;p__Bacteroidetes;c__Bacteroidia;o__Bacteroidales;f__Odoribacteraceae;g__Odoribacter;s__Odoribacter_splanchnicus	0.00776122382686	0.00561058054935	-0.0408491552461	0.0159993057749	-0.00544412985654	-0.0146477318825	-0.0887636196494	-0.0249026842254	-0.0128819353259	-0.0461355894634	0.0724500619296	-0.0239325189219	0.0719580850193	-0.0309292939248	0.00244926083328	0.000160273646363	-0.0240148911638	0.00622964427863	-0.0520225576026	1.0	0.0289953460366	0.00952145937608	-0.0476919951511	0.0088402146674	-0.00917277854461	0.0228494851525	-0.021935127295	-0.0261449268505	-0.0690834326238	0.00441795911218	-0.0469194896285	-0.0194419864013	-0.00139533698676	0.00168706928726	0.0137170019428	-0.061283067457	0.000156014856285	0.0177469664578	0.00561424900201	0.0560002442476	-0.00348681844458	0.0157662520125	-0.0439018802057	0.020846522449	-0.0461491446775	-0.0485204222281	0.0243023456397	0.0694324856619	-0.0025923116468	0.00289112649897	-0.0171035723154	0.00711711121344	-0.0258018201352	-0.011170619444	0.0161930232294	-0.0697707159367	0.0382544304702	0.0455712500852	0.0482878412536
k__Bacteria;p__Bacteroidetes;c__Bacteroidia;o__Bacteroidales;f__Bacteroidaceae;g__Bacteroides;s__Bacteroides_salyersiae	-0.020735128606	-0.00498320887467	0.00457397609636	-0.0145186143263	0.0025451133931	0.0255023605432	0.0144645212418	0.00272180526195	0.00640415405298	-0.0309041332457	0.00515342897889	-0.0557869562263	0.0160489122234	-0.0294200680118	-0.00886811401161	0.00106567940798	-0.0119004161444	0.0587180259298	0.00801330728961	0.0289953460366	1.0	-0.0132599037078	0.0437089473842	0.00128565303687	0.0510174360872	-0.0640473002633	0.0405661563652	-0.0362523325991	-0.00152932561742	-0.0461215259742	0.00944324647053	-0.0229881033128	0.0299901193318	0.0201925871034	-0.0133729179117	-0.0364602914774	-0.0381625126434	-0.00296862018249	-0.00981690835764	-0.0343040548615	-0.0116509801026	-0.0422130002013	-0.00539761651068	0.011568948432	-0.0056779227672	-0.0401957854777	-0.0384076339667	-0.00556310538579	-0.0299271370963	0.0406738097772	-0.0214126026217	0.0134683419743	0.0503909289726	-0.0273187081643	-0.028423946106	-0.018185260056	-0.00300819176342	-0.0752669646262	-0.0138339211214
k__Bacteria;p__Firmicutes;c__Clostridia;o__Clostridiales;f__Ruminococcaceae;g__Ruminiclostridium;s__[Eubacterium]_siraeum	-0.0213219162269	-0.121105405764	-0.0213874407682	-0.0247889039628	-0.00969422525722	0.00532874081004	-0.0389421902557	-0.0377112172672	0.0437817297575	-0.0218071985008	-0.0336542781446	0.0128840137677	0.061876145802	-0.0205296968982	0.0243088116894	-0.0188115488054	-0.01067060376	-0.0194092151779	-0.0264272619609	0.00952145937608	-0.0132599037078	1.0	-0.0559880973131	0.00402864858753	0.0617942854143	-0.052645234693	-0.0565731569888	-0.0440975058652	-0.0222502904464	0.022184603301	-0.00763098143628	0.0520179608041	0.0289715686999	-0.00651732997347	-0.022034913532	-0.0747267620193	0.056193037644	0.0322039248209	-0.00723552647739	-0.0176877001239	-0.0213898736702	-0.0216770154074	0.0693862005219	-0.00712748444358	-0.0642192094229	0.0323121816252	0.00521542967374	-0.0051111034416	0.00892837034381	0.0204785766361	0.00858022018009	-0.0383125512941	0.0196567647765	-0.0150995914513	0.00254237976036	0.00713876459964	0.0359617433328	-0.0432175649499	-0.0241920628395
k__Bacteria;p__Proteobacteria;c__Betaproteobacteria;o__Burkholderiales;f__Sutterellaceae;g__Parasutterella;s__Parasutterella_excrementihominis	0.0295968819092	-0.0305614406411	0.0298388527541	-0.0534655954237	-0.00232525977896	0.0842877120168	-0.00722900027394	-0.00280706397872	-0.0128904071924	0.0235894683386	-0.0144674261022	0.00408701388916	-0.00511220863737	-0.0387999271733	0.0160984706614	0.024413517461	-0.0505652294339	0.0185168709594	-0.0351957306429	-0.0476919951511	0.0437089473842	-0.0559880973131	1.0	-0.0124428242007	-0.0483788612605	0.0521302280765	-0.0328341960335	-0.0277454818609	-0.0041283251348	-0.00863291516904	-0.00508485074066	0.0210069429233	-0.0212751449137	0.0118077828406	-0.0125878101652	0.0200629577936	0.0189070980804	0.0327156692108	0.00181542635259	-0.0135737530697	-0.0470072985399	-0.0931794299672	-0.0125610108679	-0.0575927544265	0.0181786722393	-0.0117348609919	-0.0598081300884	-0.00569736109623	-0.0810600003548	0.0288855033623	0.0138088223446	0.00733661703267	-0.0144467675066	-0.0147968543475	-0.0449098787662	0.0262419046215	-0.0210273435097	0.016037024478	-0.0399752479488
k__Bacteria;p__Actinobacteria;c__Actinobacteria;o__Bifidobacteriales;f__Bifidobacteriaceae;g__Bifidobacterium;s__Bifidobacterium_adolescentis	-0.0228779293222	0.0443943633509	-0.019483413238	-0.00160896561904	0.00341397632344	-0.0329618217581	-0.0203280801663	-0.0249188873268	0.0188703368626	-0.0309709754498	-0.00885845990851	-0.0425063514172	-0.0750697198498	0.00213706471715	-0.020709532761	2.621222797e-05	0.0407858359463	-0.0923633443617	-0.010105191285	0.0088402146674	0.00128565303687	0.00402864858753	-0.0124428242007	1.0	-0.0163736156864	0.0062430505042	0.0376598614115	-0.0693086716008	-0.0167421175424	0.0774923793572	-0.0324179105789	0.0104155684271	-0.0111275114273	-0.0253453858983	-0.0476645655108	0.00243882177728	0.0366635498611	0.00677748473833	0.0117988077151	0.0134087807347	0.0180436343553	-0.0181277363586	-0.0145885237417	-0.0226098713685	-0.0104136126241	-0.00723447632401	-0.0169449570508	-0.0199824304252	0.00425457096518	0.0291614374711	0.0141139572059	0.00555750638248	-0.0281944159705	-0.0156192853049	-0.00460331462668	0.000802935397891	-0.0424519209436	-0.0271731472758	0.0502063962752
k__Bacteria;p__Firmicutes;c__Clostridia;o__Clostridiales;f__Oscillospiraceae;g__Oscillibacter;s__Oscillibacter_sp._KLE_1745	-0.0189250242029	-0.0038208624966	0.00960676318611	-0.0111744808603	-0.0197154140036	-0.00352497176238	0.0125165943726	0.0139376574783	0.0102869367125	0.0130172383813	0.0192734794874	-0.0374305742922	-0.042409579166	-0.0734118421713	-0.0351520770839	-0.00878285511511	-0.0168003691035	0.0341065115487	0.00799091290308	-0.00917277854461	0.0510174360872	0.0617942854143	-0.0483788612605	-0.0163736156864	1.0	-0.0187804547391	0.0136743683623	-0.0012559993914	-0.0591480835179	-0.0585302856872	-0.023134140818	-0.0273337565112	-0.039843949237	0.00207256242039	0.0466174304269	-0.000870006309486	-0.0456452923841	-0.0499963956481	0.0252337591533	-0.0790805163041	0.00856496210666	-0.0287874020879	0.00220155032004	-0.0179746428286	0.0139211321445	0.000844947137954	0.0107663317122	-0.0559724672924	0.0488292152124	0.00410764511397	-0.0301038990177	0.0313644450453	0.0275088025449	-0.0228187384232	0.0161073887159	0.0398976795586	-0.00854730371008	0.0183774207464	-0.0276083495961
k__Bacteria;p__Bacteroidetes;c__Bacteroidia;o__Bacteroidales;f__Bacteroidaceae;g__Bacteroides;s__Bacteroides_coprophilus	-0.0274750451198	-0.033796529085	-0.0528743742476	-0.00751962280684	0.0166828313684	-0.0695435065724	0.0205680222424	-0.045643790278	0.0385758332698	0.0592490899717	-0.0191191599612	-0.0200770073199	-0.00191769261888	-0.0132333664176	0.0166566331609	0.0339383223561	0.0434864038922	0.0505505171411	0.0124228489621	0.0228494851525	-0.0640473002633	-0.052645234693	0.0521302280765	0.0062430505042	-0.0187804547391	1.0	0.0281900410305	0.0373431374327	0.0177534485321	-0.0175997802816	0.0504980699447	-0.0392624381477	-0.0560590219186	-0.0594254446715	-0.00445116205137	-0.0758490835412	-0.00114469763049	-0.0638295437948	0.00291261635741	0.00352254274597	0.028850261871	-0.00171783800032	0.00767083463622	0.017941423797	0.0273803884731	0.0418671898702	-0.0220313491189	0.00400703900968	-0.0811005976843	-0.0167456320066	0.0028939467049	-0.0781160250125	0.0341264490746	-0.00887232637716	-0.0827440709286	-0.0222808161532	0.0421630562705	0.0121326108844	0.0179216848802
k__Bacteria;p__Firmicutes;c__Clostridia;o__Clostridiales;f__Lachnospiraceae;g__Roseburia;s__Roseburia_intestinalis	0.00760003721395	0.051826952171	-0.0412163412467	-0.02622158657	0.0208037600618	0.010049874959	-0.0236516853033	0.0336009433561	-0.053707605266	0.0297950334515	-0.0444823072433	-0.011826384218	-0.0322381944321	-0.0239825738018	-0.0368922051349	-0.0538975882872	0.0275551911464	-0.00574881738537	-0.0272763424475	-0.021935127295	0.0405661563652	-0.0565731569888	-0.0328341960335	0.0376598614115	0.0136743683623	0.0281900410305	1.0	-0.00611619745176	0.0241697247339	-0.0304660247537	0.0374529134481	-0.00700236863527	0.00938088599082	-0.0418951182017	-0.0587425083784	-0.0699995229089	-0.0212840348738	-0.026377639868	0.0590845326483	-0.0100561892404	0.00708689537144	-0.0268268606958	0.00838026399972	0.00282753317849	0.0301717847992	-0.017506335028	-0.0313002728024	0.0147750655692	0.0350123307377	0.00779306272263	-0.0356825128063	0.00500270809966	0.00200231418333	-0.00460887076722	0.00617690277918	-0.00861028233093	-0.0133848204376	-0.00164769503307	-0.0552901389418
k__Bacteria;p__Firmicutes;c__Clostridia;o__Clostridiales;f__Lachnospiraceae;g__Roseburia;s__Roseburia_hominis	0.0244720062883	0.0282837037751	0.0103912879067	0.0072507035299	0.015098879071	-0.0307065625972	-0.00131915256668	0.0784679140079	0.0155660256478	-0.0386262170409	0.0490810864228	-0.0326538586525	0.011444896393	-0.0140434000044	-0.0177939750926	0.0604872484125	-0.0265833494397	-0.0553455150481	-0.0135358806636	-0.0261449268505	-0.0362523325991	-0.0440975058652	-0.0277454818609	-0.0693086716008	-0.0012559993914	0.0373431374327	-0.00611619745176	1.0	0.0146571691734	-0.0409092883946	-0.0628948334091	-0.00462888090305	-0.0197395381133	-0.0473413473434	0.00196052353934	0.0252564079686	-0.0598210494455	-0.0377361554366	0.0104336838409	-0.00382058126726	0.0223315399675	-0.00821196036419	0.0161956824465	0.00358616075819	-0.0124748873972	-0.00720201455139	0.0718103586626	-0.05934935375	0.0120845668089	0.015346005596	0.0475528432825	-0.0147484936278	0.00472450792798	0.0119038513808	0.0057216463773	0.0147645845991	0.000804663120449	0.0236775653814	-0.0309219958432
k__Bacteria;p__Bacteroidetes;c__Bacteroidia;o__Bacteroidales;f__Porphyromonadaceae;g__Parabacteroides;s__Parabacteroides_johnsonii	0.05753477366	0.0375845056979	0.0288344156817	0.0662181382515	-0.0250140084911	0.0243822922975	0.0497770798139	0.0165487874412	-0.000302341532627	-0.0306538181962	-0.00497827833721	0.021632985782	-0.0398110776029	-0.0101583321015	0.0166022486284	-0.0209589608325	-0.00573070713507	0.0145915118842	-0.00268960345648	-0.0690834326238	-0.00152932561742	-0.0222502904464	-0.0041283251348	-0.0167421175424	-0.0591480835179	0.0177534485321	0.0241697247339	0.0146571691734	1.0	0.00740551491874	0.00808410614323	-0.0411859970376	0.0282364327435	0.0081158538368	0.00489322532821	0.00880359752031	-0.0289284692772	-0.0274999075191	-0.0619813049735	0.013638064075	-0.0198174177028	-0.0243181168564	-0.0565666927502	0.0198624090422	0.0224870501314	0.0493122440725	-0.0190854571364	-0.0398473351377	-0.00775569212204	-0.0226057011108	-0.0723872300706	-0.0108622288806	-0.0298651847988	-0.0622090520134	-0.00493244446463	-0.0544865775168	0.0193582395488	0.0485927037072	-0.0106602181996
k__Bacteria;p__Actinobacteria;c__Actinobacteria;o__Bifidobacteriales;f__Bifidobacteriaceae;g__Bifidobacterium;s__Bifidobacterium_longum	-0.0159291244169	-0.0151630932279	0.0162075908781	-0.00177098572778	-0.0481333508073	-0.0457962666973	0.0266596216959	-0.00917626992089	-0.0469401059034	0.0572561760268	-0.022166207909	0.0381126107111	0.0157317631205	0.0337537929179	-0.0474387871269	-0.0422300818393	-0.0132443676914	-0.0217271398983	-0.00570199653872	0.00441795911218	-0.0461215259742	0.022184603301	-0.00863291516904	0.0774923793572	-0.0585302856872	-0.0175997802816	-0.0304660247537	-0.0409092883946	0.00740551491874	1.0	-0.0127259511576	-0.0132341940407	-0.0666105108848	0.0214371948357	0.0399586153586	0.0376562257082	0.0313269107773	-0.000963595977939	0.0343142766917	0.00352763356732	0.0348112433565	0.0744095205855	0.021663375929	-0.104679233023	0.0409801746139	-0.0386931010324	-0.0133496247894	0.0324624815032	0.00104250576185	0.023790067111	-0.0544884741364	-0.058943180194	-0.0150078178479	0.00087841301869	0.0328506764907	0.000960509672259	-0.0528592721681	0.00962570065032	-0.0268561921129
