#taxonomy	k__Bacteria;p__Bacteroidetes;c__Bacteroidia;o__Bacteroidales;f__Bacteroidaceae;g__Bacteroides;s__Bacteroides_vulgatus	k__Bacteria;p__Bacteroidetes;c__Bacteroidia;o__Bacteroidales;f__Bacteroidaceae;g__Bacteroides;s__Bacteroides_uniformis	k__Bacteria;p__Bacteroidetes;c__Bacteroidia;o__Bacteroidales;f__Rikenellaceae;g__Alistipes;s__Alistipes_putredinis	k__Bacteria;p__Bacteroidetes;c__Bacteroidia;o__Bacteroidales;f__Prevotellaceae;g__Prevotella;s__Prevotella_copri	k__Bacteria;p__Bacteroidetes;c__Bacteroidia;o__Bacteroidales;f__Bacteroidaceae;g__Bacteroides;s__Bacteroides_stercoris	k__Bacteria;p__Bacteroidetes;c__Bacteroidia;o__Bacteroidales;f__Bacteroidaceae;g__Bacteroides;s__Bacteroides_ovatus	k__Bacteria;p__Bacteroidetes;c__Bacteroidia;o__Bacteroidales;f__Rikenellaceae;g__Alistipes;s__Alistipes_shahii	k__Bacteria;p__Firmicutes;c__Clostridia;o__Clostridiales;f__Ruminococcaceae;g__Faecalibacterium;s__Faecalibacterium_prausnitzii	k__Bacteria;p__Bacteroidetes;c__Bacteroidia;o__Bacteroidales;f__Rikenellaceae;g__Alistipes;s__Alistipes_finegoldii	k__Bacteria;p__Bacteroidetes;c__Bacteroidia;o__Bacteroidales;f__Porphyromonadaceae;g__Parabacteroides;s__Parabacteroides_distasonis	k__Bacteria;p__Bacteroidetes;c__Bacteroidia;o__Bacteroidales;f__Bacteroidaceae;g__Bacteroides;s__Bacteroides_thetaiotaomicron	k__Bacteria;p__Bacteroidetes;c__Bacteroidia;o__Bacteroidales;f__Bacteroidaceae;g__Bacteroides;s__Bacteroides_coprocola	k__Bacteria;p__Bacteroidetes;c__Bacteroidia;o__Bacteroidales;f__Bacteroidaceae;g__Bacteroides;s__Bacteroides_cellulosilyticus	k__Bacteria;p__Bacteroidetes;c__Bacteroidia;o__Bacteroidales;f__Rikenellaceae;g__Alistipes;s__Alistipes_obesi	k__Bacteria;p__Firmicutes;c__Clostridia;o__Clostridiales;f__Lachnospiraceae;g__;s__[Eubacterium]_rectale	k__Bacteria;p__Bacteroidetes;c__Bacteroidia;o__Bacteroidales;f__Bacteroidaceae;g__Bacteroides;s__Bacteroides_plebeius	k__Bacteria;p__Bacteroidetes;c__Bacteroidia;o__Bacteroidales;f__Bacteroidaceae;g__Bacteroides;s__Bacteroides_fragilis	k__Bacteria;p__Proteobacteria;c__Betaproteobacteria;o__Burkholderiales;f__Sutterellaceae;g__Sutterella;s__Sutterella_wadsworthensis	k__Bacteria;p__Bacteroidetes;c__Bacteroidia;o__Bacteroidales;f__Porphyromonadaceae;g__Barnesiella;s__Barnesiella_intestinihominis	k__Bacteria;p__Bacteroidetes;c__Bacteroidia;o__Bacteroidales;f__Odoribacteraceae;g__Odoribacter;s__Odoribacter_splanchnicus	k__Bacteria;p__Bacteroidetes;c__Bacteroidia;o__Bacteroidales;f__Bacteroidaceae;g__Bacteroides;s__Bacteroides_salyersiae	k__Bacteria;p__Firmicutes;c__Clostridia;o__Clostridiales;f__Ruminococcaceae;g__Ruminiclostridium;s__[Eubacterium]_siraeum	k__Bacteria;p__Proteobacteria;c__Betaproteobacteria;o__Burkholderiales;f__Sutterellaceae;g__Parasutterella;s__Parasutterella_excrementihominis	k__Bacteria;p__Actinobacteria;c__Actinobacteria;o__Bifidobacteriales;f__Bifidobacteriaceae;g__Bifidobacterium;s__Bifidobacterium_adolescentis	k__Bacteria;p__Firmicutes;c__Clostridia;o__Clostridiales;f__Oscillospiraceae;g__Oscillibacter;s__Oscillibacter_sp._KLE_1745	k__Bacteria;p__Bacteroidetes;c__Bacteroidia;o__Bacteroidales;f__Bacteroidaceae;g__Bacteroides;s__Bacteroides_coprophilus	k__Bacteria;p__Firmicutes;c__Clostridia;o__Clostridiales;f__Lachnospiraceae;g__Roseburia;s__Roseburia_intestinalis	k__Bacteria;p__Firmicutes;c__Clostridia;o__Clostridiales;f__Lachnospiraceae;g__Roseburia;s__Roseburia_hominis	k__Bacteria;p__Bacteroidetes;c__Bacteroidia;o__Bacteroidales;f__Porphyromonadaceae;g__Parabacteroides;s__Parabacteroides_johnsonii	k__Bacteria;p__Actinobacteria;c__Actinobacteria;o__Bifidobacteriales;f__Bifidobacteriaceae;g__Bifidobacterium;s__Bifidobacterium_longum	k__Bacteria;p__Firmicutes;c__Clostridia;o__Clostridiales;f__;g__Flavonifractor;s__Flavonifractor_plautii	k__Bacteria;p__Firmicutes;c__Clostridia;o__Clostridiales;f__Clostridiaceae;g__Clostridium;s__Clostridium_phoceensis	k__Bacteria;p__Verrucomicrobia;c__Verrucomicrobiae;o__Verrucomicrobiales;f__Akkermansiaceae;g__Akkermansia;s__Akkermansia_muciniphila	k__Bacteria;p__Bacteroidetes;c__Bacteroidia;o__Bacteroidales;f__Prevotellaceae;g__Paraprevotella;s__Paraprevotella_xylaniphila	k__Bacteria;p__Firmicutes;c__Clostridia;o__Clostridiales;f__Ruminococcaceae;g__Ruminococcus;s__Ruminococcus_callidus	k__Bacteria;p__Bacteroidetes;c__Bacteroidia;o__Bacteroidales;f__Rikenellaceae;g__Alistipes;s__Alistipes_senegalensis	k__Bacteria;p__Firmicutes;c__Clostridia;o__Clostridiales;f__Lachnospiraceae;g__Blautia;s__Blautia_sp._KLE_1732	k__Bacteria;p__Bacteroidetes;c__Bacteroidia;o__Bacteroidales;f__Bacteroidaceae;g__Bacteroides;s__Bacteroides_oleiciplenus	k__Bacteria;p__Firmicutes;c__Clostridia;o__Clostridiales;f__Ruminococcaceae;g__Ruminococcus;s__Ruminococcus_bicirculans	k__Bacteria;p__Bacteroidetes;c__Bacteroidia;o__Bacteroidales;f__Bacteroidaceae;g__Bacteroides;s__Bacteroides_fluxus	k__Bacteria;p__Bacteroidetes;c__Bacteroidia;o__Bacteroidales;f__Prevotellaceae;g__Prevotella;s__Prevotella_stercorea	k__Bacteria;p__Firmicutes;c__Clostridia;o__Clostridiales;f__Lachnospiraceae;g__Dorea;s__Dorea_longicatena	k__Bacteria;p__Firmicutes;c__Clostridia;o__Clostridiales;f__Eubacteriaceae;g__Eubacterium;s__[Eubacterium]_eligens	k__Bacteria;p__Firmicutes;c__Clostridia;o__Clostridiales;f__Ruminococcaceae;g__;s__Ruminococcaceae_bacterium_D16	k__Bacteria;p__Firmicutes;c__Clostridia;o__Clostridiales;f__Lachnospiraceae;g__Coprococcus;s__Coprococcus_comes	k__Bacteria;p__Proteobacteria;c__Gammaproteobacteria;o__Enterobacterales;f__Enterobacteriaceae;g__Escherichia;s__Escherichia_coli	k__Bacteria;p__Firmicutes;c__Clostridia;o__Clostridiales;f__Ruminococcaceae;g__Anaerotruncus;s__Anaerotruncus_colihominis	k__Bacteria;p__Firmicutes;c__Clostridia;o__Clostridiales;f__Lachnospiraceae;g__Blautia;s__Blautia_obeum	k__Bacteria;p__Bacteroidetes;c__Bacteroidia;o__Bacteroidales;f__Odoribacteraceae;g__Odoribacter;s__Odoribacter_laneus	k__Bacteria;p__Firmicutes;c__Clostridia;o__Clostridiales;f__Ruminococcaceae;g__Ruminiclostridium;s__[Clostridium]_leptum	k__Bacteria;p__Bacteroidetes;c__Bacteroidia;o__Bacteroidales;f__Porphyromonadaceae;g__Parabacteroides;s__Parabacteroides_goldsteinii	k__Bacteria;p__Firmicutes;c__Clostridia;o__Clostridiales;f__Lachnospiraceae;g__Anaerostipes;s__Anaerostipes_hadrus	k__Bacteria;p__Firmicutes;c__Clostridia;o__Clostridiales;f__Ruminococcaceae;g__Ruminococcus;s__Ruminococcus_lactaris	k__Bacteria;p__Firmicutes;c__Clostridia;o__Clostridiales;f__Clostridiaceae;g__Clostridium;s__Clostridium_sp._L2-50	k__Bacteria;p__Firmicutes;c__Clostridia;o__Clostridiales;f__Clostridiaceae;g__Clostridium;s__Clostridium_sp._M62/1	k__Bacteria;p__Firmicutes;c__Clostridia;o__Clostridiales;f__;g__Intestinimonas;s__Intestinimonas_butyriciproducens	k__Bacteria;p__Actinobacteria;c__Actinobacteria;o__Bifidobacteriales;f__Bifidobacteriaceae;g__Bifidobacterium;s__Bifidobacterium_bifidum	k__Bacteria;p__Firmicutes;c__Negativicutes;o__Veillonellales;f__Veillonellaceae;g__Dialister;s__Dialister_invisus	k__Bacteria;p__Bacteroidetes;c__Bacteroidia;o__Bacteroidales;f__Bacteroidaceae;g__Bacteroides;s__Bacteroides_salanitronis
k__Bacteria;p__Bacteroidetes;c__Bacteroidia;o__Bacteroidales;f__Bacteroidaceae;g__Bacteroides;s__Bacteroides_vulgatus	1.0	0.0263491813921	0.00397986021021	0.00392902368506	-0.0293698092524	0.0021678303126	-0.00742828236282	-0.0100870352616	-0.0412111627621	-0.0200967772327	-0.0263840207391	-0.053571966623	-0.0237897837541	0.00428577827736	-0.029524972615	-0.0453117635923	0.0650721262236	0.0271530701965	0.00821231225774	-0.0236825164369	-0.015272227943	-0.00855850844331	-0.0110515761826	0.0183375643802	-0.014979596396	0.0319264754655	0.0122210175866	0.0369245042229	0.0389166927657	-0.0585399343914	-0.0432905349897	0.0504131876442	0.00691227096718	0.0119067596391	0.0332577463237	-0.0182895733811	0.0236417779222	-0.070511611142	-0.0283566310881	-0.0277194972042	0.0369358295343	-0.0122430644942	0.0211243980226	0.00883317257484	0.02683767588	0.0179667367839	-0.0253216424333	0.00695213327338	0.0583411944554	-0.0125645581831	-0.0449388925049	-0.018191547001	0.000581685172952	-0.0302697542265	-0.00868234323705	-0.0196684489491	0.0242804797961	0.0346967748	0.00624281247246
k__Bacteria;p__Bacteroidetes;c__Bacteroidia;o__Bacteroidales;f__Bacteroidaceae;g__Bacteroides;s__Bacteroides_uniformis	0.0263491813921	1.0	-0.0277366766026	-0.0245094337713	-0.0642175271464	0.0365160195594	0.00744302831469	-0.00379005219108	0.028686409733	-0.0241216591296	0.02389046828	0.0438155108241	0.0271668826787	0.0150577569972	-0.0132853769607	0.0705748661165	0.0161251006112	0.0382230410889	0.0133001102746	0.0249596271022	0.00605701330702	0.0142886189389	-0.0302878274591	-0.00482152711157	-0.0467496120567	-0.0315496121771	9.15807900281e-06	-0.0161925579507	-0.0556059036175	-0.0431922331592	0.010887515517	0.00222971037976	0.0242786980624	-0.0532781406108	-0.0301138278875	0.00264203265076	0.00116622702908	-0.0882789147741	0.0319995960494	-0.0359699889537	-0.0490632661452	-0.0101185246733	-0.0506756308906	-0.0307250840097	-0.0208941540179	0.00031465920566	-0.00796553621394	0.0515395625306	-0.0473520518745	-0.0205964405211	-0.0649863622033	0.0215899964658	0.026227488047	0.0201225055248	0.00224752714924	-0.0251896293057	0.0355431432913	0.0214161889794	-0.0385179868031
k__Bacteria;p__Bacteroidetes;c__Bacteroidia;o__Bacteroidales;f__Rikenellaceae;g__Alistipes;s__Alistipes_putredinis	0.00397986021021	-0.0277366766026	1.0	0.0241424780736	-0.0517037474499	0.0950451151176	0.0244320149463	0.00116892834126	0.0181113150902	-0.00644738172449	0.0457634458256	-0.0216107635612	-0.00176927925415	-0.0741708250065	0.00196168372793	-0.0111803797196	0.0355473849139	0.0155477175335	-0.0105332420549	0.0577630411974	-0.0316646763124	-0.0404663651927	0.0372318518985	-0.0182366354889	-0.0427219692532	-0.0177797798036	0.0139653647492	-0.0330408265427	-0.00738641358325	-0.0342364766746	-0.00505411514179	0.0753931432132	0.0369728494153	0.00727959046206	0.00824487918549	-0.0493236022439	-0.0343348243278	0.0737774296771	0.0729106769618	0.0268900258741	-0.0110249776623	0.0555487169111	0.0284725925116	-0.0135707338532	-0.0129641505112	-0.0277817138926	-0.00837510898397	-0.0154970793049	0.0150925362768	-0.0261678001614	-0.0238463524654	-0.00400581051636	-0.0405817527594	-0.036566831917	0.0381833279209	-0.0311992421111	-0.0494752134797	-0.0064464165639	0.019632168757
k__Bacteria;p__Bacteroidetes;c__Bacteroidia;o__Bacteroidales;f__Prevotellaceae;g__Prevotella;s__Prevotella_copri	0.00392902368506	-0.0245094337713	0.0241424780736	1.0	-0.0667472337297	0.00898208723223	-0.0237502396592	-0.035654727264	-0.00239575121481	0.00722812893704	0.0059032660825	0.0233991246618	0.0233248110468	-0.0118193686771	-0.0412020765636	-0.0290449463659	-0.0183490413428	-0.00164038087041	-0.035890467071	-0.0279383362028	0.0103703006075	-0.0212315208525	-0.017749333336	0.0511465001448	-0.00548928270149	-0.0216180117217	-0.0666827007666	0.0583973455069	0.0163015841536	-0.0245572933946	-0.0266661964218	0.00294184441209	0.0132459551871	0.0135755435335	-0.0645474357772	-0.0247370669494	0.00561997132277	0.0101883268373	0.026137624693	-0.0191139208883	-0.0227121750384	-0.00852402822611	0.0321268162504	0.0105834020895	-0.0327815329417	0.0074464753568	-0.0326230674066	-0.0186657854167	-0.0522954732278	-0.000683253315933	-0.0176724000417	0.000213320520721	-0.0112008743408	-0.0586841453956	0.0133579068933	-0.037429757707	-0.00636425920151	-0.0310075773012	-0.0458722981817
k__Bacteria;p__Bacteroidetes;c__Bacteroidia;o__Bacteroidales;f__Bacteroidaceae;g__Bacteroides;s__Bacteroides_stercoris	-0.0293698092524	-0.0642175271464	-0.0517037474499	-0.0667472337297	1.0	0.035635132204	0.00148172281381	0.0304533870082	0.035763829327	0.0237761134476	-0.0132132094567	0.0232694625696	-0.0442633353937	-0.00120639999479	0.000944298273078	-0.0277401713544	-0.0382104511974	-0.012615590022	0.0247654711606	0.0365669873154	0.020870449281	0.048676505533	-0.0336636046518	0.0131530935455	-0.00966799685205	-0.0512188519322	-0.00518669974553	-0.0559068687282	0.0741754085238	0.0529115814189	-0.00637955506744	-0.0201501090968	-0.0512544936841	-0.0334301149525	0.0210232825793	0.00291028767544	-0.00881476129419	0.0395254393807	0.0254105792455	-0.0151163704108	0.0552138391188	0.0278368971818	-0.0945540867745	0.00681252941431	0.066696478044	-0.0161993679344	0.0352351301005	-0.0837193891281	-0.0181823171175	0.00294277649928	-0.0144539585436	-0.0507756026798	-0.0114733973406	0.00999996903702	-0.0505816669202	-0.039422072764	-0.0263085112088	-0.000486188136834	-0.00733091397095
k__Bacteria;p__Bacteroidetes;c__Bacteroidia;o__Bacteroidales;f__Bacteroidaceae;g__Bacteroides;s__Bacteroides_ovatus	0.0021678303126	0.0365160195594	0.0950451151176	0.00898208723223	0.035635132204	1.0	-0.0529324870466	0.0146507776032	-0.0308414605003	-0.026253738075	0.0396160453851	-0.0123347753591	-0.0600312704477	0.00246917180786	0.00450099668745	0.0106156775627	-0.0295770150656	0.0176564651476	-0.0352489693111	-0.0447845777363	-0.014004777441	-0.0323337419422	-0.0170460862804	-0.0286094071045	-0.00542647392889	-0.0202894246322	-0.0394396508162	0.0648325981581	0.00128876164222	-0.0107204023943	0.0248493689943	0.00398131131372	-0.0195306652279	0.0598069246243	-0.0174452260318	-0.00984890997574	-0.00555042343544	0.00758064937748	-0.0235030851816	0.00686373406907	-0.0201842902467	-0.0314852570325	-0.026986742532	0.03327108293	0.00469651984864	-0.00708132194725	-0.0405504942945	-0.0491128338925	0.0280931006185	0.0399433600425	-0.0360916346181	0.0342275430664	0.000992876384724	0.026117501458	-0.0628122501079	-0.046793246855	-0.0730239472504	-0.00176303300089	0.00759963358236
k__Bacteria;p__Bacteroidetes;c__Bacteroidia;o__Bacteroidales;f__Rikenellaceae;g__Alistipes;s__Alistipes_shahii	-0.00742828236282	0.00744302831469	0.0244320149463	-0.0237502396592	0.00148172281381	-0.0529324870466	1.0	-0.0178445234528	-0.0270655879172	0.0230020702644	0.0108024122572	0.0175576031829	0.00278214759904	-0.0144640440019	0.0285711177227	-0.0532008894902	-0.0446632624844	0.011154128362	0.0575077670295	-0.0131625972856	0.0130621998755	0.0370952770286	-0.0869451330218	-0.0274142076795	0.000799536734694	0.0190012205137	0.0244937894057	-0.0543592849038	-0.0362706506753	-0.000711011734634	-0.0387302988067	-0.00200507520232	0.0205573672513	0.0203339308193	0.00601185298217	-0.0386588977347	0.0212359488631	-0.01082813931	0.0166079562515	0.0151935152676	0.0388552334538	-0.0260403385083	0.0126518693657	-0.00649448048896	0.0309156446768	0.0194625228447	-0.0607313864459	-0.0294900477172	-0.0494453377457	0.00315488410545	-0.0243925153087	0.0749486538445	0.000921952429555	0.0453727802504	0.0233269670315	0.0419384891889	-0.0199519934072	0.0370809870806	-0.00180898373499
k__Bacteria;p__Firmicutes;c__Clostridia;o__Clostridiales;f__Ruminococcaceae;g__Faecalibacterium;s__Faecalibacterium_prausnitzii	-0.0100870352616	-0.00379005219108	0.00116892834126	-0.035654727264	0.0304533870082	0.0146507776032	-0.0178445234528	1.0	0.00774868476569	-0.0455721594614	-0.0607646814633	0.0206027216045	-0.0102112608273	-0.0395076003906	-0.014762045093	0.0188819281203	0.0825262848906	0.011318536832	0.0154378887932	0.0124150029247	0.00281033471745	-7.62278121429e-05	0.00554830258858	0.0546168488123	-0.00788280413691	-0.023416252642	0.0341656618053	0.0520772182775	-0.0391199565651	0.0262853620319	0.0369847540229	-0.00797148396016	0.0273704745182	-0.0261021282956	-0.0219114551212	0.0194283867679	0.00830129862803	-0.0459246225262	-0.0204369569345	-0.0274369182511	0.00761209420866	-0.0656840424046	-0.00127345295503	-0.0132244080995	-0.00355722720662	0.00614428333607	-0.0291024507429	-0.00456301169391	0.00856892955683	0.0505064634769	-0.041660218837	-0.0498586250632	-0.0113607316328	-0.00924900973207	0.012375422549	0.0291684880977	-0.0191759490118	-0.00898239956468	-0.0124845113808
k__Bacteria;p__Bacteroidetes;c__Bacteroidia;o__Bacteroidales;f__Rikenellaceae;g__Alistipes;s__Alistipes_finegoldii	-0.0412111627621	0.028686409733	0.0181113150902	-0.00239575121481	0.035763829327	-0.0308414605003	-0.0270655879172	0.00774868476569	1.0	0.0147792899024	0.0123584568968	-0.0195654804811	0.0437408023735	-0.0970920186826	-0.0375012681029	-0.00558604859426	0.0211937653562	-0.0110432334002	-0.0080340209881	0.0334022759817	0.0131610566073	0.00845200604213	-0.0164444139576	0.0210815689186	-0.032402547252	-0.0378612380528	-0.0146773093802	-0.0222788090516	-0.00457078498271	-0.0547692182723	0.000929628501127	-0.0161148056682	0.0323027827754	-0.0438008528606	0.0249026256087	-0.00907955148719	-0.00175232398191	0.0136080429671	-0.0357164492993	0.00361097600867	-0.0502312571106	-0.0404213754527	-0.0503695302788	0.00299173714835	0.01147316818	-0.009718100445	-0.0104528406429	0.00458796938699	-0.0461294140844	-0.00357862013024	0.0113117029444	0.0162353054272	-0.0107829344078	-0.00111272721749	0.0104055432947	-0.0168649882083	-0.0512668346599	-0.00546621487615	0.0414806094792
k__Bacteria;p__Bacteroidetes;c__Bacteroidia;o__Bacteroidales;f__Porphyromonadaceae;g__Parabacteroides;s__Parabacteroides_distasonis	-0.0200967772327	-0.0241216591296	-0.00644738172449	0.00722812893704	0.0237761134476	-0.026253738075	0.0230020702644	-0.0455721594614	0.0147792899024	1.0	0.000499620455152	0.0214702077006	-0.0385904022465	0.0143396135305	0.00458463262074	-0.00493856137059	-0.0250837670734	-0.00815267834384	-0.0530589023621	-0.021107136419	-0.0861584053874	0.0453545045712	-0.0562909115417	-0.0627920548075	0.0359731374884	-0.0169527324065	0.00178128090848	-0.034310035386	-0.00862408524837	0.0186139369399	-0.00339097799379	0.00171362321219	-0.0811646234913	-0.0035460581215	0.0178754659887	0.0262718448124	-0.0101749757938	-0.0218123049865	-0.00041752300274	-0.010504246743	0.0260159789727	-0.0192005553501	0.0390013783524	-0.000657198628106	0.0280470814088	0.00634611730666	0.00836956621534	0.024825098776	0.0112474677644	-0.0465251625654	0.0168372811626	0.00222144399805	-0.0575486423992	-0.0315046018374	0.0280170902467	0.0567484418528	-0.0603443438082	-0.050534008797	-0.0293724457847
k__Bacteria;p__Bacteroidetes;c__Bacteroidia;o__Bacteroidales;f__Bacteroidaceae;g__Bacteroides;s__Bacteroides_thetaiotaomicron	-0.0263840207391	0.02389046828	0.0457634458256	0.0059032660825	-0.0132132094567	0.0396160453851	0.0108024122572	-0.0607646814633	0.0123584568968	0.000499620455152	1.0	0.0276756378507	-0.0292248313492	0.0256860737159	-0.00839223973916	-0.0208532535743	-0.0434314422112	0.0187491235026	0.0237513915358	0.00981433916937	0.0531618763551	-0.0256611144646	-0.0124461703944	0.0296784218266	0.0325112006815	-0.0240984022796	-0.00816341737041	-0.0383851172062	0.0252252250425	-0.0278995253795	-0.0168639671189	-0.00901025364312	-0.0210389450332	-0.0252659315747	-0.0456152881525	0.0383419645519	-0.0216818895912	0.0528308375965	-0.0563169873478	0.00306271877556	-0.0853979969033	-0.0185377666026	-0.031256633878	-0.0137531978591	0.0598295038196	-0.0400288410906	0.0219019585982	-0.0348516208012	-0.0324786674949	-0.0188495833742	0.0264947592304	0.00797074398678	0.0227042902079	-0.0133798941381	0.00715774715435	0.0200990233156	-0.0585104601447	-0.00856151077526	-0.0145652749471
k__Bacteria;p__Bacteroidetes;c__Bacteroidia;o__Bacteroidales;f__Bacteroidaceae;g__Bacteroides;s__Bacteroides_coprocola	-0.053571966623	0.0438155108241	-0.0216107635612	0.0233991246618	0.0232694625696	-0.0123347753591	0.0175576031829	0.0206027216045	-0.0195654804811	0.0214702077006	0.0276756378507	1.0	-0.026921336622	-0.00925489131168	-0.0149904792692	-0.0126122626642	-0.0062174800761	-0.018305386008	-0.0324017625137	-0.00354082305328	-0.0488119060556	0.0386595820728	0.0314806122993	-0.0543490623629	0.0253445181301	0.0356934047981	0.0260341290793	-0.0307117545149	-0.0255974296092	0.0209447067419	0.0491263804648	-0.0451896210429	-0.0414040761724	0.00661199231137	-0.102192081447	0.00597794059655	-0.0586151408124	0.00562621833019	0.00681812689313	-0.0658193542368	0.0577192226443	-0.0326494390981	0.00168329728191	-0.0333878649437	0.0196192379025	-0.0491127788959	-0.0108557091929	0.0426016176087	0.014086422498	-0.0375848878013	-0.0300768837848	0.0351376234188	0.0288679210139	0.0109760816337	-0.0304498896004	-0.0235929219008	0.0255942632334	0.0244042667159	0.00725585944216
k__Bacteria;p__Bacteroidetes;c__Bacteroidia;o__Bacteroidales;f__Bacteroidaceae;g__Bacteroides;s__Bacteroides_cellulosilyticus	-0.0237897837541	0.0271668826787	-0.00176927925415	0.0233248110468	-0.0442633353937	-0.0600312704477	0.00278214759904	-0.0102112608273	0.0437408023735	-0.0385904022465	-0.0292248313492	-0.026921336622	1.0	-0.0188566634625	0.00348968913264	0.0109561843534	-0.0183364168063	-0.00222422735878	0.00988272136895	-0.00364345266717	-0.01824728136	-0.00562076952008	-0.00074011302131	-0.0296504102401	-0.00548282596584	-0.0193674256434	0.0168709658354	-0.0552086097585	0.0364283255678	-0.0151590371817	-0.0242394012476	-0.0307496208599	-0.0209774670691	-0.00953253340524	0.0286843217269	-0.00316359809276	0.0200223803787	0.0139992576248	-0.00546934090929	0.0313185836427	0.101936780713	-0.0629253865858	-0.0181524313428	-0.0645206536876	-0.0389727467364	0.0169024929553	-0.0941751649196	-0.019741636325	-0.0151640660515	-0.0106168719136	-0.0263735129118	0.0199366162536	0.00596961166934	0.0209967911216	0.0022286176406	0.0187063494159	-0.000180827205281	-0.0159399516387	0.0456203942064
k__Bacteria;p__Bacteroidetes;c__Bacteroidia;o__Bacteroidales;f__Rikenellaceae;g__Alistipes;s__Alistipes_obesi	0.00428577827736	0.0150577569972	-0.0741708250065	-0.0118193686771	-0.00120639999479	0.00246917180786	-0.0144640440019	-0.0395076003906	-0.0970920186826	0.0143396135305	0.0256860737159	-0.00925489131168	-0.0188566634625	1.0	-0.0454924548031	0.00067296026198	-0.0219724198815	-0.0018229323315	-0.0290464620075	-0.00979637921402	-0.0477662183842	-0.0123103957244	0.00636034790613	0.00822079784927	0.0563901853493	-0.054645785461	-0.00831702596929	0.0635101243984	0.0216084682995	0.0320547352167	-0.0603350040797	0.00578232917853	-0.0792217137921	0.0172158482088	0.0155527463283	0.00784424775516	0.00112338372077	0.0283318780162	-0.0478933574298	-0.0133799799031	0.0144722343289	-0.0789596867258	0.0349810333344	-0.0226882678641	-0.0590838173387	0.02062902391	0.0156812321524	0.0147109779335	-0.0188460212925	-0.0155948222526	-0.0206989277878	-0.00733238798638	-0.0329630709924	-0.0406371652455	-0.0338919585263	0.0344902160456	-0.00291601449959	-0.0204362686879	-0.0197703928652
k__Bacteria;p__Firmicutes;c__Clostridia;o__Clostridiales;f__Lachnospiraceae;g__;s__[Eubacterium]_rectale	-0.029524972615	-0.0132853769607	0.00196168372793	-0.0412020765636	0.000944298273078	0.00450099668745	0.0285711177227	-0.014762045093	-0.0375012681029	0.00458463262074	-0.00839223973916	-0.0149904792692	0.00348968913264	-0.0454924548031	1.0	0.0103381837376	0.0363350314676	0.0188532230328	-0.00319047201699	0.0802668028351	-0.032832699227	-0.0450494231189	-0.00423755717759	0.00112657466824	0.0593307142314	0.0286325889427	-0.0216996423817	-0.0473094426608	-0.0472648513646	-0.0262859419281	-0.00351718983521	-0.0214857256152	-0.0547737811334	0.0348441820706	0.080245518342	-0.0485985168347	-0.0204004079966	-0.0269786377451	-0.031835005054	-0.0676008219295	0.0338283539044	0.089055405802	-0.0277427770185	0.016564064737	0.0704158866697	0.0249738228738	-0.00764150563562	-0.0829398691694	-0.0270849696252	0.0031343762775	-0.0334931013866	0.0216648263203	0.0142335337412	0.0360820224651	0.0484745897581	0.0132938063403	0.0164964001389	-0.00541028596852	-0.0231388633841
k__Bacteria;p__Bacteroidetes;c__Bacteroidia;o__Bacteroidales;f__Bacteroidaceae;g__Bacteroides;s__Bacteroides_plebeius	-0.0453117635923	0.0705748661165	-0.0111803797196	-0.0290449463659	-0.0277401713544	0.0106156775627	-0.0532008894902	0.0188819281203	-0.00558604859426	-0.00493856137059	-0.0208532535743	-0.0126122626642	0.0109561843534	0.00067296026198	0.0103381837376	1.0	0.00744106425936	0.0251240861169	0.0386798756654	0.0146635932147	-0.0014837457027	0.00990741309839	-0.0569272260124	0.017509387625	-0.0126813271757	0.0158401529742	-0.0741123014917	-0.0744426775221	0.0344441142201	-0.0190491092826	-0.0353816039971	-0.0351087453892	0.0200724163156	0.014042319213	-0.0357550895495	-0.0203438272057	0.0326777394264	0.00375536338118	-0.0502904502706	-0.0699151819801	0.00358765146984	0.0448733490631	-0.0142432634552	-0.00523393200183	0.0420832851522	-0.0477468380481	0.0173507404749	-0.0101794978795	0.0040101310834	-0.0065277273999	-0.065203654099	0.0437693409412	0.0220087791767	0.0225205823266	-0.026871509596	0.0236390872198	-0.0256473884727	0.0342580202782	-0.0149030838171
k__Bacteria;p__Bacteroidetes;c__Bacteroidia;o__Bacteroidales;f__Bacteroidaceae;g__Bacteroides;s__Bacteroides_fragilis	0.0650721262236	0.0161251006112	0.0355473849139	-0.0183490413428	-0.0382104511974	-0.0295770150656	-0.0446632624844	0.0825262848906	0.0211937653562	-0.0250837670734	-0.0434314422112	-0.0062174800761	-0.0183364168063	-0.0219724198815	0.0363350314676	0.00744106425936	1.0	0.0275801526775	-0.0444946800756	0.0115148793417	0.0386428548592	-0.0295916335284	-0.0406154218135	-0.0253755298391	-0.0318109553858	0.00436163411255	-0.0411389449603	-0.0247436768738	-0.0504515334146	0.0135652170444	0.024680941175	-0.0340931621406	-0.0777341717442	0.0227130773353	-0.0467561698828	-0.0144791115964	0.0383052908969	-0.00745483845192	0.0434688988337	-0.00527457112422	-0.03698273963	0.010016754527	0.0088811377124	-0.033100582672	0.0497210568546	-0.0145831452895	-0.0269601317492	0.0553761113783	0.00546024842037	-0.0459024484502	-0.00390120240236	0.0368075994704	-0.00186072261199	-0.0135932205229	-0.0852307383785	0.00282037682111	0.00285948556214	0.0205733308667	0.0151470311178
k__Bacteria;p__Proteobacteria;c__Betaproteobacteria;o__Burkholderiales;f__Sutterellaceae;g__Sutterella;s__Sutterella_wadsworthensis	0.0271530701965	0.0382230410889	0.0155477175335	-0.00164038087041	-0.012615590022	0.0176564651476	0.011154128362	0.011318536832	-0.0110432334002	-0.00815267834384	0.0187491235026	-0.018305386008	-0.00222422735878	-0.0018229323315	0.0188532230328	0.0251240861169	0.0275801526775	1.0	-0.0416546102682	0.078084055698	-0.0138964552302	0.0736204222446	0.0155055644818	-0.0120859210714	-0.0242709104211	-0.0168180363711	-0.071398805343	-0.0568375819837	0.00914063380434	0.0170702373956	0.00617018726401	-0.010542048975	0.0124102897734	-0.0295600414916	0.0181056097774	-0.000853290013435	-0.0101357787629	-0.0357907890193	-0.0699144215849	-0.0199947930152	-0.0270766240874	0.0445697527773	0.0248062752038	0.0149448111011	-0.0380796414379	-0.0312347758741	0.0069211550264	0.0202109060165	-0.0165436642785	0.0245127948017	-0.0261077029362	-0.0245336216012	-0.00312033558712	0.0219512714464	0.00739422109664	-0.00691350307552	-0.0338770213733	0.00919731270948	-0.0210602942325
k__Bacteria;p__Bacteroidetes;c__Bacteroidia;o__Bacteroidales;f__Porphyromonadaceae;g__Barnesiella;s__Barnesiella_intestinihominis	0.00821231225774	0.0133001102746	-0.0105332420549	-0.035890467071	0.0247654711606	-0.0352489693111	0.0575077670295	0.0154378887932	-0.0080340209881	-0.0530589023621	0.0237513915358	-0.0324017625137	0.00988272136895	-0.0290464620075	-0.00319047201699	0.0386798756654	-0.0444946800756	-0.0416546102682	1.0	-0.0448009622955	0.00223340768087	0.00466925717418	-0.0135299231764	-0.021089998825	-0.0107860239545	-0.0245604880209	-0.0100613145538	0.00382205668232	0.0352349061828	-0.0342718474283	-0.000646471118451	-0.0145559469162	-0.0136262578445	-0.0198549477497	0.0242436714784	-0.0293645368324	0.0130174588885	-0.00354412132836	-0.00750148879404	-0.0752351008942	-0.0153934703176	-0.0338990644149	0.00477268545011	-0.0402845330582	-0.0205219938339	-0.00540622339436	-0.00371225939692	-0.0131410116545	-0.0283665729363	0.00891271436833	-0.0598275278256	-0.0414547379523	0.0432116268793	-0.0101284339242	0.0145860218456	-0.00127538483481	-0.0330677621549	0.0184789125505	0.00727143634127
k__Bacteria;p__Bacteroidetes;c__Bacteroidia;o__Bacteroidales;f__Odoribacteraceae;g__Odoribacter;s__Odoribacter_splanchnicus	-0.0236825164369	0.0249596271022	0.0577630411974	-0.0279383362028	0.0365669873154	-0.0447845777363	-0.0131625972856	0.0124150029247	0.0334022759817	-0.021107136419	0.00981433916937	-0.00354082305328	-0.00364345266717	-0.00979637921402	0.0802668028351	0.0146635932147	0.0115148793417	0.078084055698	-0.0448009622955	1.0	-0.0239585694667	-0.0114094535704	-0.0243983213398	-0.0523162311817	-0.0137319974161	-0.00581023906487	-0.00215810233478	-0.0632010904054	0.0105376442695	0.0154702674379	-0.027319110305	0.0179751551628	-0.0322311986086	-0.0266733825893	-0.0169272031264	0.0294229596815	0.0241074725024	0.0227937318305	-0.0402199205724	-0.00143162433021	-0.0174693798982	0.00361740155187	-0.0108364675548	-0.0250882494071	0.0326061308671	-0.0154921610942	-0.0101056864203	-0.0376419702768	-0.0206774252329	-0.0140206394098	0.0509155390828	0.0200787102134	0.0477411461025	0.00810541294593	-0.0186468251577	-0.01411223814	0.0299873685224	-0.0110417831505	-0.0198510777528
k__Bacteria;p__Bacteroidetes;c__Bacteroidia;o__Bacteroidales;f__Bacteroidaceae;g__Bacteroides;s__Bacteroides_salyersiae	-0.015272227943	0.00605701330702	-0.0316646763124	0.0103703006075	0.020870449281	-0.014004777441	0.0130621998755	0.00281033471745	0.0131610566073	-0.0861584053874	0.0531618763551	-0.0488119060556	-0.01824728136	-0.0477662183842	-0.032832699227	-0.0014837457027	0.0386428548592	-0.0138964552302	0.00223340768087	-0.0239585694667	1.0	-0.0282274946366	-0.0338199402824	-0.031798222982	0.0300508538725	0.016549728465	0.00480012318989	0.0387932561851	-0.0159876472449	-0.0414959927532	-0.0147073054462	-0.0510269672111	-8.79029682944e-05	-0.0407930518191	0.04368181213	-0.00982351622056	0.0291944972086	-0.029607606508	0.00270823685936	-0.00772963713854	-0.0507136371131	-0.0386419396557	-0.0168548483567	0.0373366939721	-0.00141113992204	0.00830134628186	-0.0599547547971	-0.0582661709163	0.0503726656848	-0.00430710213752	0.0062399972819	0.06252217645	0.00837061568799	0.00978294009618	-0.0536103839904	-0.0796800221548	-0.0149909942121	0.0149051162988	0.0371435113278
k__Bacteria;p__Firmicutes;c__Clostridia;o__Clostridiales;f__Ruminococcaceae;g__Ruminiclostridium;s__[Eubacterium]_siraeum	-0.00855850844331	0.0142886189389	-0.0404663651927	-0.0212315208525	0.048676505533	-0.0323337419422	0.0370952770286	-7.62278121429e-05	0.00845200604213	0.0453545045712	-0.0256611144646	0.0386595820728	-0.00562076952008	-0.0123103957244	-0.0450494231189	0.00990741309839	-0.0295916335284	0.0736204222446	0.00466925717418	-0.0114094535704	-0.0282274946366	1.0	-0.00244863646373	-0.0392268668782	-0.0102004173253	0.0213712915163	-0.0534172994387	0.00074538275494	0.00563453476094	-0.0112447519257	0.0187549187923	-0.0301781863489	-0.0268294626279	-0.011688372968	0.0282915768003	-0.0416018394704	-0.0645770288497	-0.0328111690109	0.0360453631958	0.0294108123044	0.00343228927951	-0.0359883535585	0.0161404784589	0.0338806524326	-0.0528439289336	-0.00813714693286	-0.0763576691842	-0.0118045180234	0.0181599612927	0.00614780513617	0.0448574314607	-0.0168048062479	0.0335747812233	-0.0302979944601	-0.040717550342	-0.0666951780843	-0.0292214525851	0.0361228965708	0.00390111589911
k__Bacteria;p__Proteobacteria;c__Betaproteobacteria;o__Burkholderiales;f__Sutterellaceae;g__Parasutterella;s__Parasutterella_excrementihominis	-0.0110515761826	-0.0302878274591	0.0372318518985	-0.017749333336	-0.0336636046518	-0.0170460862804	-0.0869451330218	0.00554830258858	-0.0164444139576	-0.0562909115417	-0.0124461703944	0.0314806122993	-0.00074011302131	0.00636034790613	-0.00423755717759	-0.0569272260124	-0.0406154218135	0.0155055644818	-0.0135299231764	-0.0243983213398	-0.0338199402824	-0.00244863646373	1.0	0.0511772749527	0.00712617078474	-0.0840981312136	0.00794690811679	0.0010139045863	-0.00441842936803	-0.0309740832568	-0.0168951447865	-0.0116781545504	-0.012034932619	-0.0625456681539	-0.00612966582241	-0.013170376003	-0.0604849405336	-0.048358776395	-0.00976348456299	-0.0230886448001	-0.053894065406	-0.049482799386	-0.0237927191362	-0.0586936799187	0.00427285530849	-0.00553971241209	-0.00159787977222	0.0201854103548	0.035562277774	-0.0476622391856	0.0345649142556	0.00798062480693	0.00452017229863	-0.0158905566633	0.0661275687679	-0.067970763033	0.0214278907226	-0.00239757508135	0.0349652098063
k__Bacteria;p__Actinobacteria;c__Actinobacteria;o__Bifidobacteriales;f__Bifidobacteriaceae;g__Bifidobacterium;s__Bifidobacterium_adolescentis	0.0183375643802	-0.00482152711157	-0.0182366354889	0.0511465001448	0.0131530935455	-0.0286094071045	-0.0274142076795	0.0546168488123	0.0210815689186	-0.0627920548075	0.0296784218266	-0.0543490623629	-0.0296504102401	0.00822079784927	0.00112657466824	0.017509387625	-0.0253755298391	-0.0120859210714	-0.021089998825	-0.0523162311817	-0.031798222982	-0.0392268668782	0.0511772749527	1.0	0.00698976255216	-0.0327784917261	-0.0372496315407	0.0049911920256	0.00570876330651	-0.02388199341	-0.0257758346626	0.0386002863727	0.0788784688521	-0.0264689234303	-0.059816488146	-0.0533033195054	0.0282508318869	0.0146444754398	-0.0679903144704	-0.0108026623571	-0.000436949406003	0.0143038400359	-0.0327408914027	0.0435214438812	-0.0324298099892	0.0449207895252	0.00636638574604	0.0266398169772	-0.0335367644661	-0.0517240873349	-0.0593513712662	0.0265825622756	0.00901589148616	-0.0383118818787	-0.00089712966177	-0.0142578036994	-0.0159640564409	-0.0505446269881	-0.00311950808908
k__Bacteria;p__Firmicutes;c__Clostridia;o__Clostridiales;f__Oscillospiraceae;g__Oscillibacter;s__Oscillibacter_sp._KLE_1745	-0.014979596396	-0.0467496120567	-0.0427219692532	-0.00548928270149	-0.00966799685205	-0.00542647392889	0.000799536734694	-0.00788280413691	-0.032402547252	0.0359731374884	0.0325112006815	0.0253445181301	-0.00548282596584	0.0563901853493	0.0593307142314	-0.0126813271757	-0.0318109553858	-0.0242709104211	-0.0107860239545	-0.0137319974161	0.0300508538725	-0.0102004173253	0.00712617078474	0.00698976255216	1.0	0.0315217346159	0.0134048661683	-0.0722119120063	0.00550658407549	-0.0772251624703	0.0327547640804	-0.00457856862689	-0.0729268495253	-0.00282039092235	-0.0512648023985	0.00183163434477	0.0220402415072	-0.0225646640786	-0.0519316117735	0.0105308315559	-0.00970055045716	-0.030831619005	-0.00182717409009	0.00350646383174	0.018233371076	-0.0315528426908	-0.0555006543755	0.0731305827922	-0.0204986432406	-0.0244122640727	-0.022670070728	-0.0349735580605	-0.0148783422135	0.0109347726192	-0.00188981834906	0.0214301911692	-0.0210220417592	-0.0331537231364	0.0268280602348
k__Bacteria;p__Bacteroidetes;c__Bacteroidia;o__Bacteroidales;f__Bacteroidaceae;g__Bacteroides;s__Bacteroides_coprophilus	0.0319264754655	-0.0315496121771	-0.0177797798036	-0.0216180117217	-0.0512188519321	-0.0202894246322	0.0190012205137	-0.023416252642	-0.0378612380528	-0.0169527324065	-0.0240984022796	0.0356934047981	-0.0193674256434	-0.054645785461	0.0286325889427	0.0158401529742	0.00436163411255	-0.0168180363711	-0.0245604880209	-0.00581023906487	0.016549728465	0.0213712915163	-0.0840981312136	-0.0327784917261	0.0315217346159	1.0	-0.00384781035735	-0.011287901173	0.0484192709431	-0.0640808521628	-0.0263819244486	0.0502076632068	0.0122728469249	0.0263891560716	0.0180301636804	0.0159030003022	0.0695569818643	-0.00303772797192	0.013866751265	-0.0570953317323	0.000622077353692	-0.0458790297252	0.0156263796971	0.0110271173924	-0.0139167196244	-0.0285856005804	-0.0558594175729	-0.00439972030134	0.00417456934893	-0.034507982565	-0.00622917942765	-0.0145478420597	0.00735136019663	-0.0369947954811	-0.0373536545895	-0.0104037111343	0.0505533893369	-0.00695178956562	0.017315881658
k__Bacteria;p__Firmicutes;c__Clostridia;o__Clostridiales;f__Lachnospiraceae;g__Roseburia;s__Roseburia_intestinalis	0.0122210175866	9.15807900281e-06	0.0139653647492	-0.0666827007666	-0.00518669974553	-0.0394396508162	0.0244937894057	0.0341656618053	-0.0146773093802	0.00178128090848	-0.00816341737041	0.0260341290793	0.0168709658354	-0.00831702596929	-0.0216996423817	-0.0741123014917	-0.0411389449603	-0.071398805343	-0.0100613145538	-0.00215810233478	0.00480012318989	-0.0534172994387	0.00794690811679	-0.0372496315407	0.0134048661683	-0.00384781035735	1.0	-0.0271022594849	-0.000918382004772	-0.0136159546015	0.0697558805103	-0.0223364672715	-0.00203368431638	0.0726531547597	-0.00591281338562	0.0431285898253	-0.0159649613281	-0.022421836573	-0.0633981603697	0.0143415469284	-0.00252892686919	-0.0438421122348	-0.0214289758618	-0.00386329305217	0.0220541378382	-0.015944368149	-0.0322105184011	0.0821015203543	0.0385927132771	-0.021525447398	0.0447938842268	-0.0188436019746	-0.0900198736673	0.0295124811765	-0.0474833749996	-0.0244812598782	-0.0344663127496	-0.0239746095799	-0.0225838874047
k__Bacteria;p__Firmicutes;c__Clostridia;o__Clostridiales;f__Lachnospiraceae;g__Roseburia;s__Roseburia_hominis	0.0369245042229	-0.0161925579507	-0.0330408265427	0.0583973455069	-0.0559068687282	0.0648325981581	-0.0543592849038	0.0520772182775	-0.0222788090516	-0.034310035386	-0.0383851172062	-0.0307117545149	-0.0552086097585	0.0635101243984	-0.0473094426608	-0.0744426775221	-0.0247436768738	-0.0568375819837	0.00382205668232	-0.0632010904054	0.0387932561851	0.00074538275494	0.0010139045863	0.0049911920256	-0.0722119120063	-0.011287901173	-0.0271022594849	1.0	-0.048926225381	0.0146580000192	-0.023827662424	-0.00377220674668	-0.00223315407096	-0.00302140412964	-0.0591677825269	0.0599879666509	0.0113670329503	-0.000515623421354	-0.0270909415947	0.0176258135451	0.0285924072507	0.0496155172498	0.0336525816157	0.0210544973673	-0.0303981449962	-0.0266170849745	0.00577076883273	0.0352518732808	0.0244786303408	0.0126524628492	0.0355123300734	-0.0267806038548	-0.00834564267941	-0.0028756007054	0.0299454413105	0.017366712488	0.0133787898776	-0.0245726543535	-0.0485369017752
k__Bacteria;p__Bacteroidetes;c__Bacteroidia;o__Bacteroidales;f__Porphyromonadaceae;g__Parabacteroides;s__Parabacteroides_johnsonii	0.0389166927657	-0.0556059036175	-0.00738641358325	0.0163015841536	0.0741754085238	0.00128876164222	-0.0362706506753	-0.0391199565651	-0.00457078498272	-0.00862408524837	0.0252252250425	-0.0255974296092	0.0364283255678	0.0216084682995	-0.0472648513646	0.0344441142201	-0.0504515334146	0.00914063380434	0.0352349061828	0.0105376442695	-0.0159876472449	0.00563453476094	-0.00441842936803	0.00570876330651	0.00550658407549	0.0484192709431	-0.000918382004772	-0.048926225381	1.0	-0.0006663800386	0.00601851928701	-0.0381957921944	-0.0398081629868	-0.0141508072839	0.0546677798807	-0.0349232300029	-0.0106098601418	0.0398622945567	-0.0190639776903	-0.0433510492572	0.0167118018691	0.0123784602742	-0.0362462924298	-0.00410561163605	-0.0294943116533	0.00483139735495	0.00566288086557	0.0204308662624	-0.0297454377745	-0.00529236439173	0.0534089788486	-0.057681817344	-0.0139790609393	0.00550206326108	-0.021507078123	-0.0105051763992	-0.0181617422707	0.00482298612839	0.00561251290222
k__Bacteria;p__Actinobacteria;c__Actinobacteria;o__Bifidobacteriales;f__Bifidobacteriaceae;g__Bifidobacterium;s__Bifidobacterium_longum	-0.0585399343914	-0.0431922331592	-0.0342364766746	-0.0245572933946	0.0529115814189	-0.0107204023943	-0.000711011734634	0.0262853620319	-0.0547692182723	0.0186139369399	-0.0278995253795	0.0209447067419	-0.0151590371817	0.0320547352167	-0.0262859419281	-0.0190491092826	0.0135652170444	0.0170702373956	-0.0342718474283	0.0154702674379	-0.0414959927532	-0.0112447519257	-0.0309740832568	-0.02388199341	-0.0772251624703	-0.0640808521628	-0.0136159546015	0.0146580000192	-0.0006663800386	1.0	0.00145971742662	-0.00353461093364	0.0179056411683	-0.0272543708459	-0.00973505392845	-0.0492405972465	-0.0192878505389	0.0468886628754	0.0436426801574	-0.00122622680095	-0.017778257258	-0.00949211535131	-0.0242141621835	0.0262982827526	-0.0392262890993	0.0265496915244	-0.0170250596351	-0.0531498827493	0.0664113718278	0.0119471773527	0.032503235307	-0.00568859176852	0.0461097377366	-0.0197173578922	-0.0352253272555	0.0130762863038	-0.0326311854631	-0.0176251284021	0.0186190135742
