#taxonomy	k__Bacteria;p__Bacteroidetes;c__Bacteroidia;o__Bacteroidales;f__Bacteroidaceae;g__Bacteroides;s__Bacteroides_vulgatus	k__Bacteria;p__Bacteroidetes;c__Bacteroidia;o__Bacteroidales;f__Bacteroidaceae;g__Bacteroides;s__Bacteroides_uniformis	k__Bacteria;p__Bacteroidetes;c__Bacteroidia;o__Bacteroidales;f__Rikenellaceae;g__Alistipes;s__Alistipes_putredinis	k__Bacteria;p__Bacteroidetes;c__Bacteroidia;o__Bacteroidales;f__Prevotellaceae;g__Prevotella;s__Prevotella_copri	k__Bacteria;p__Bacteroidetes;c__Bacteroidia;o__Bacteroidales;f__Bacteroidaceae;g__Bacteroides;s__Bacteroides_stercoris	k__Bacteria;p__Bacteroidetes;c__Bacteroidia;o__Bacteroidales;f__Bacteroidaceae;g__Bacteroides;s__Bacteroides_ovatus	k__Bacteria;p__Bacteroidetes;c__Bacteroidia;o__Bacteroidales;f__Rikenellaceae;g__Alistipes;s__Alistipes_shahii	k__Bacteria;p__Firmicutes;c__Clostridia;o__Clostridiales;f__Ruminococcaceae;g__Faecalibacterium;s__Faecalibacterium_prausnitzii	k__Bacteria;p__Bacteroidetes;c__Bacteroidia;o__Bacteroidales;f__Rikenellaceae;g__Alistipes;s__Alistipes_finegoldii	k__Bacteria;p__Bacteroidetes;c__Bacteroidia;o__Bacteroidales;f__Porphyromonadaceae;g__Parabacteroides;s__Parabacteroides_distasonis	k__Bacteria;p__Bacteroidetes;c__Bacteroidia;o__Bacteroidales;f__Bacteroidaceae;g__Bacteroides;s__Bacteroides_thetaiotaomicron	k__Bacteria;p__Bacteroidetes;c__Bacteroidia;o__Bacteroidales;f__Bacteroidaceae;g__Bacteroides;s__Bacteroides_coprocola	k__Bacteria;p__Bacteroidetes;c__Bacteroidia;o__Bacteroidales;f__Bacteroidaceae;g__Bacteroides;s__Bacteroides_cellulosilyticus	k__Bacteria;p__Bacteroidetes;c__Bacteroidia;o__Bacteroidales;f__Rikenellaceae;g__Alistipes;s__Alistipes_obesi	k__Bacteria;p__Firmicutes;c__Clostridia;o__Clostridiales;f__Lachnospiraceae;g__;s__[Eubacterium]_rectale	k__Bacteria;p__Bacteroidetes;c__Bacteroidia;o__Bacteroidales;f__Bacteroidaceae;g__Bacteroides;s__Bacteroides_plebeius	k__Bacteria;p__Bacteroidetes;c__Bacteroidia;o__Bacteroidales;f__Bacteroidaceae;g__Bacteroides;s__Bacteroides_fragilis	k__Bacteria;p__Proteobacteria;c__Betaproteobacteria;o__Burkholderiales;f__Sutterellaceae;g__Sutterella;s__Sutterella_wadsworthensis	k__Bacteria;p__Bacteroidetes;c__Bacteroidia;o__Bacteroidales;f__Porphyromonadaceae;g__Barnesiella;s__Barnesiella_intestinihominis	k__Bacteria;p__Bacteroidetes;c__Bacteroidia;o__Bacteroidales;f__Odoribacteraceae;g__Odoribacter;s__Odoribacter_splanchnicus	k__Bacteria;p__Bacteroidetes;c__Bacteroidia;o__Bacteroidales;f__Bacteroidaceae;g__Bacteroides;s__Bacteroides_salyersiae	k__Bacteria;p__Firmicutes;c__Clostridia;o__Clostridiales;f__Ruminococcaceae;g__Ruminiclostridium;s__[Eubacterium]_siraeum	k__Bacteria;p__Proteobacteria;c__Betaproteobacteria;o__Burkholderiales;f__Sutterellaceae;g__Parasutterella;s__Parasutterella_excrementihominis	k__Bacteria;p__Actinobacteria;c__Actinobacteria;o__Bifidobacteriales;f__Bifidobacteriaceae;g__Bifidobacterium;s__Bifidobacterium_adolescentis	k__Bacteria;p__Firmicutes;c__Clostridia;o__Clostridiales;f__Oscillospiraceae;g__Oscillibacter;s__Oscillibacter_sp._KLE_1745	k__Bacteria;p__Bacteroidetes;c__Bacteroidia;o__Bacteroidales;f__Bacteroidaceae;g__Bacteroides;s__Bacteroides_coprophilus	k__Bacteria;p__Firmicutes;c__Clostridia;o__Clostridiales;f__Lachnospiraceae;g__Roseburia;s__Roseburia_intestinalis	k__Bacteria;p__Firmicutes;c__Clostridia;o__Clostridiales;f__Lachnospiraceae;g__Roseburia;s__Roseburia_hominis	k__Bacteria;p__Bacteroidetes;c__Bacteroidia;o__Bacteroidales;f__Porphyromonadaceae;g__Parabacteroides;s__Parabacteroides_johnsonii	k__Bacteria;p__Actinobacteria;c__Actinobacteria;o__Bifidobacteriales;f__Bifidobacteriaceae;g__Bifidobacterium;s__Bifidobacterium_longum	k__Bacteria;p__Firmicutes;c__Clostridia;o__Clostridiales;f__;g__Flavonifractor;s__Flavonifractor_plautii	k__Bacteria;p__Firmicutes;c__Clostridia;o__Clostridiales;f__Clostridiaceae;g__Clostridium;s__Clostridium_phoceensis	k__Bacteria;p__Verrucomicrobia;c__Verrucomicrobiae;o__Verrucomicrobiales;f__Akkermansiaceae;g__Akkermansia;s__Akkermansia_muciniphila	k__Bacteria;p__Bacteroidetes;c__Bacteroidia;o__Bacteroidales;f__Prevotellaceae;g__Paraprevotella;s__Paraprevotella_xylaniphila	k__Bacteria;p__Firmicutes;c__Clostridia;o__Clostridiales;f__Ruminococcaceae;g__Ruminococcus;s__Ruminococcus_callidus	k__Bacteria;p__Bacteroidetes;c__Bacteroidia;o__Bacteroidales;f__Rikenellaceae;g__Alistipes;s__Alistipes_senegalensis	k__Bacteria;p__Firmicutes;c__Clostridia;o__Clostridiales;f__Lachnospiraceae;g__Blautia;s__Blautia_sp._KLE_1732	k__Bacteria;p__Bacteroidetes;c__Bacteroidia;o__Bacteroidales;f__Bacteroidaceae;g__Bacteroides;s__Bacteroides_oleiciplenus	k__Bacteria;p__Firmicutes;c__Clostridia;o__Clostridiales;f__Ruminococcaceae;g__Ruminococcus;s__Ruminococcus_bicirculans	k__Bacteria;p__Bacteroidetes;c__Bacteroidia;o__Bacteroidales;f__Bacteroidaceae;g__Bacteroides;s__Bacteroides_fluxus	k__Bacteria;p__Bacteroidetes;c__Bacteroidia;o__Bacteroidales;f__Prevotellaceae;g__Prevotella;s__Prevotella_stercorea	k__Bacteria;p__Firmicutes;c__Clostridia;o__Clostridiales;f__Lachnospiraceae;g__Dorea;s__Dorea_longicatena	k__Bacteria;p__Firmicutes;c__Clostridia;o__Clostridiales;f__Eubacteriaceae;g__Eubacterium;s__[Eubacterium]_eligens	k__Bacteria;p__Firmicutes;c__Clostridia;o__Clostridiales;f__Ruminococcaceae;g__;s__Ruminococcaceae_bacterium_D16	k__Bacteria;p__Firmicutes;c__Clostridia;o__Clostridiales;f__Lachnospiraceae;g__Coprococcus;s__Coprococcus_comes	k__Bacteria;p__Proteobacteria;c__Gammaproteobacteria;o__Enterobacterales;f__Enterobacteriaceae;g__Escherichia;s__Escherichia_coli	k__Bacteria;p__Firmicutes;c__Clostridia;o__Clostridiales;f__Ruminococcaceae;g__Anaerotruncus;s__Anaerotruncus_colihominis	k__Bacteria;p__Firmicutes;c__Clostridia;o__Clostridiales;f__Lachnospiraceae;g__Blautia;s__Blautia_obeum	k__Bacteria;p__Bacteroidetes;c__Bacteroidia;o__Bacteroidales;f__Odoribacteraceae;g__Odoribacter;s__Odoribacter_laneus	k__Bacteria;p__Firmicutes;c__Clostridia;o__Clostridiales;f__Ruminococcaceae;g__Ruminiclostridium;s__[Clostridium]_leptum	k__Bacteria;p__Bacteroidetes;c__Bacteroidia;o__Bacteroidales;f__Porphyromonadaceae;g__Parabacteroides;s__Parabacteroides_goldsteinii	k__Bacteria;p__Firmicutes;c__Clostridia;o__Clostridiales;f__Lachnospiraceae;g__Anaerostipes;s__Anaerostipes_hadrus	k__Bacteria;p__Firmicutes;c__Clostridia;o__Clostridiales;f__Ruminococcaceae;g__Ruminococcus;s__Ruminococcus_lactaris	k__Bacteria;p__Firmicutes;c__Clostridia;o__Clostridiales;f__Clostridiaceae;g__Clostridium;s__Clostridium_sp._L2-50	k__Bacteria;p__Firmicutes;c__Clostridia;o__Clostridiales;f__Clostridiaceae;g__Clostridium;s__Clostridium_sp._M62/1	k__Bacteria;p__Firmicutes;c__Clostridia;o__Clostridiales;f__;g__Intestinimonas;s__Intestinimonas_butyriciproducens	k__Bacteria;p__Actinobacteria;c__Actinobacteria;o__Bifidobacteriales;f__Bifidobacteriaceae;g__Bifidobacterium;s__Bifidobacterium_bifidum	k__Bacteria;p__Firmicutes;c__Negativicutes;o__Veillonellales;f__Veillonellaceae;g__Dialister;s__Dialister_invisus	k__Bacteria;p__Bacteroidetes;c__Bacteroidia;o__Bacteroidales;f__Bacteroidaceae;g__Bacteroides;s__Bacteroides_salanitronis
k__Bacteria;p__Bacteroidetes;c__Bacteroidia;o__Bacteroidales;f__Bacteroidaceae;g__Bacteroides;s__Bacteroides_vulgatus	1.0	-0.0202483404891	-0.000119830100453	-0.0131388083693	-0.0451769824026	-0.00412961148682	-0.0617635228564	-0.000786431658526	0.0170920973564	-0.0449643790447	0.0154895486795	-0.0444063793676	-0.0351169023505	-0.063608646495	-0.0562549726102	0.0128507908368	0.00622617709137	0.0315142299521	-0.0118201429452	-0.0135077589274	0.00112391597274	-0.00925555547131	0.0312041809147	-0.005783810047	0.0321151112601	-0.0208017956476	0.0118021894288	-0.0238018599514	0.0197280091582	-0.0262010701771	-0.0675222252042	-0.0259669045417	0.0228699592473	0.0151767808685	-0.0300873183761	0.040006914314	-0.035316886355	-0.00982044782298	0.0217263917854	-0.026386194584	-0.00945809910344	-0.0202221647198	0.0409347463855	0.0122852089693	-0.0090966721634	0.033281749352	0.0331168812731	-0.029065133494	-0.0428814810975	0.0272704847793	0.0561185236877	-0.0356009466894	0.0186233414259	0.0180014353515	-0.0255721233118	-0.0252991607953	0.0147164544095	-0.0213630920716	0.0658835570054
k__Bacteria;p__Bacteroidetes;c__Bacteroidia;o__Bacteroidales;f__Bacteroidaceae;g__Bacteroides;s__Bacteroides_uniformis	-0.0202483404891	1.0	0.0249940118852	-0.0786136582637	-0.0129073777715	-0.0364658578856	0.0254565774503	0.0987868452919	-0.0680994723023	-0.00277847776923	-0.0246297933581	-0.0864478651903	0.0312133697437	-0.00910760241448	-0.0335041846433	-0.0405474704645	-0.0302416267615	0.0124660839405	0.0274199712531	0.03847862949	0.0415100489937	0.0369049321251	0.0021735790159	0.0689095402405	-0.00611097300499	-0.028294853067	0.0028442813531	0.0725966046704	-0.0510472053147	-0.0102203617662	-0.0720696555928	-0.00467353218958	-0.0475963003947	0.0472969208303	0.0156475708989	-0.0365546809623	-0.0243175832795	0.0460000244439	-0.0270967303922	0.00465976800858	-0.029502819573	0.0428307047222	-0.0216830110146	-0.0595319957004	0.0166670198828	-0.00926470955417	-0.028601628203	0.0277333229871	-0.0196619577713	-0.0158777705879	0.0124806360396	-0.00926071965678	0.0443125167116	0.00569102600344	-0.00482794593946	0.0204875108832	0.00702565497047	-0.0539423237928	-0.0407481587231
k__Bacteria;p__Bacteroidetes;c__Bacteroidia;o__Bacteroidales;f__Rikenellaceae;g__Alistipes;s__Alistipes_putredinis	-0.000119830100453	0.0249940118852	1.0	0.00871631972724	0.0187178706555	-0.0170414551908	-0.0146712181252	0.0197392679755	0.0262880834016	0.0378216689687	0.0104344237721	0.0146591011825	-0.0163592597511	-0.00767898765829	-0.0408045225161	0.038058273026	0.0163673952211	0.0189358243247	0.0104319814678	0.0255768597959	-0.0106828051124	0.0010578624592	0.0437839770718	-0.0102926973202	0.0166020491424	-0.00518253465333	-0.0599070603952	-0.0234875006115	0.0473724121866	-0.0285962043111	-0.0104766939947	-0.0413427989506	-0.0605421713582	-0.00956275606841	0.0119951757027	0.0221541730662	0.0176503178597	-0.0211608693214	0.0665212447413	0.00409042892347	0.0293433219879	-0.000895725316738	-0.00918409149647	-0.0375484439442	-0.0386044947086	-0.0760393182793	-0.022780098283	-0.03399975086	-0.0158441041951	-0.0647429756246	0.000548407587629	0.0121216101565	0.0508748654167	0.00130637365529	-0.0112186655602	-0.00280758108207	-0.0436405833356	-0.0660617534298	0.0497039293411
k__Bacteria;p__Bacteroidetes;c__Bacteroidia;o__Bacteroidales;f__Prevotellaceae;g__Prevotella;s__Prevotella_copri	-0.0131388083693	-0.0786136582637	0.00871631972724	1.0	0.0217000550997	-0.0314230063676	0.0382466582446	0.00018355468696	0.00669327736766	-0.0143642102365	-0.0126470370055	0.0730677346959	-0.0100530758579	0.00765179602337	-0.0498091385415	-0.00691884860544	0.00812742839743	-0.0496635949085	-0.0614176840878	-0.0118746455846	0.0043402141603	-0.0241428952147	-0.0109618338229	-0.00742099590167	-0.0391594135541	0.0168351231345	0.00937084012497	0.00269293221112	0.0196275863833	0.0297903172574	-0.0501189651059	-0.0280773007478	-0.0141671429624	0.0239349851077	0.0225426727893	-0.00993585777358	0.0155237642166	-0.0593936029821	-0.00568924933015	0.00659469486092	-0.0191624252414	0.028752056025	-0.0881753937288	0.0700233395754	-0.0160018682517	-0.000111172658304	-0.0505618797203	-0.00559974531578	0.0268176791463	0.0404670947557	-0.0437113816177	-0.0398805016199	-0.0229209546051	0.0743269632933	0.04082907627	0.00368573053023	-0.0266104747366	-0.0191089693779	-0.077952606097
k__Bacteria;p__Bacteroidetes;c__Bacteroidia;o__Bacteroidales;f__Bacteroidaceae;g__Bacteroides;s__Bacteroides_stercoris	-0.0451769824026	-0.0129073777715	0.0187178706555	0.0217000550997	1.0	-0.00849291285189	-0.0294720672127	-0.0136265575684	0.0266297747962	-0.0137478025028	-0.00657438694084	-0.0332492023488	-0.0346747745432	-0.0250031917779	0.0387959884317	0.0510218119451	-0.0368264345596	0.00445574905302	-0.00137816333288	-0.00528970094108	0.0358999418724	-0.0413839849533	-0.010818732292	-0.0147160363812	0.0331669364275	-0.0930062310648	0.00424204464552	0.0293087698456	0.00205647175953	-0.0356400180981	-0.0194959933755	-0.0281164900454	0.0081884650373	-0.0112350320459	-0.042605976761	0.00381701458058	-0.000552305580127	-0.0189344534173	-0.0788293204798	0.0166114600372	-0.00177349458741	-0.0245282778527	0.0733597900946	0.0159509782331	0.0248412292521	0.00483475208387	0.031858415955	0.0256348539038	-0.0067849317986	0.0516860587984	0.00223920015064	-0.0210325457895	0.00435111416598	0.0293719762343	-0.00968344371669	0.0267874424944	0.0186694390463	-0.0446129164154	0.0169498291488
k__Bacteria;p__Bacteroidetes;c__Bacteroidia;o__Bacteroidales;f__Bacteroidaceae;g__Bacteroides;s__Bacteroides_ovatus	-0.00412961148682	-0.0364658578856	-0.0170414551908	-0.0314230063676	-0.00849291285189	1.0	-0.00138495561918	-0.0292896550952	-0.000967860841862	0.0306362349372	0.00801702574932	0.0465032675039	-0.0292147476184	0.0110929067127	-0.0432659673069	0.0356358225688	0.0504483708499	0.0226782900971	-0.0100483064581	0.00905577566739	0.0206759988086	0.000151260228291	-0.000322494275983	-0.0645859022933	-0.0414473160808	0.0304453860644	0.0283800164836	-0.00479212594005	-0.01833445716	0.00205642019533	0.0109590030005	-0.0375781938872	-0.0215157053689	0.00932475439426	-0.0351177966277	-0.000190345633782	-0.00899952476401	0.0300664230201	-0.0478365478188	-0.00787290509015	-0.0155980437969	-0.0170310658123	-0.00837421775858	-0.00258799559386	0.0023676304653	-0.0478944595357	-0.00380252249405	0.0211987325334	-0.0543791204165	-0.0349407997249	-0.00793336071873	-0.0180425727903	-0.00502509651445	-0.0280810488397	-0.0245813023951	0.00530775474257	-0.0331388565195	-0.0105840339625	0.0115138806217
k__Bacteria;p__Bacteroidetes;c__Bacteroidia;o__Bacteroidales;f__Rikenellaceae;g__Alistipes;s__Alistipes_shahii	-0.0617635228564	0.0254565774503	-0.0146712181252	0.0382466582446	-0.0294720672127	-0.00138495561918	1.0	0.00629820763222	-0.00649506003943	-0.0654326243816	-0.026379428207	0.00307348425789	-0.0205684356074	0.0180543325037	-0.0264653291886	0.00789674191478	-0.00502369207758	0.0139211457687	0.0161588513315	0.0205960539703	-0.0292125585467	-0.0359054877765	-0.0553985647759	0.040018112994	-0.0192746400113	-0.0479686474126	-0.014979336369	0.0222406296012	0.0262081483423	0.00367011050469	-0.0356330936978	-0.0604055820548	0.0153655509396	-0.0064050063643	0.0555835644563	-0.0325106636701	0.0216050352684	0.0599024291212	0.0102333963621	0.00841846556166	-0.0116175136917	-0.018987860072	-0.0351162366801	0.00630214865212	0.00522621781947	0.0266839965173	-0.0403686151366	-0.0148676177157	-0.0360439840243	0.0302273094526	0.0145518209456	-0.0443978557305	0.0260463906098	-0.0188087147294	0.00379385848682	-0.0132408624885	-0.0447131423416	0.0132463209063	0.0653313488561
k__Bacteria;p__Firmicutes;c__Clostridia;o__Clostridiales;f__Ruminococcaceae;g__Faecalibacterium;s__Faecalibacterium_prausnitzii	-0.000786431658526	0.0987868452919	0.0197392679755	0.00018355468696	-0.0136265575684	-0.0292896550952	0.00629820763222	1.0	-0.0246362363381	0.0108301231838	-0.0113297473011	0.0192202887306	-0.027174099859	0.0374440167879	0.0166116411921	0.00336178850106	-0.0210247703722	-0.0326135784464	-0.0176455482853	0.0179915267084	-0.00288636107491	-0.00810314960967	0.0148089218565	0.0119154901943	0.0565384261444	0.0437263377966	-0.00789105515651	-0.0255791128343	0.0127468781744	-0.0346159813523	0.0406981986368	-0.0362998285186	0.0194627954566	0.00471012048484	-0.0479284143223	-0.0478126004248	-0.0736826753198	-0.0146231472295	-0.0184110027927	0.0430466095598	-0.0492569583172	-0.0543061963863	-0.0192696035971	0.0127699511822	-0.00698567902307	-0.00129731155483	-0.0146230958446	0.0281225842488	-0.0306813870063	-0.00918848928997	-0.0060509483993	-0.041398019785	0.0410133638528	0.0076894717541	0.0825481621253	-0.0548764249426	-0.0171463342578	0.0041250241904	-0.00331417650074
k__Bacteria;p__Bacteroidetes;c__Bacteroidia;o__Bacteroidales;f__Rikenellaceae;g__Alistipes;s__Alistipes_finegoldii	0.0170920973564	-0.0680994723023	0.0262880834016	0.00669327736766	0.0266297747962	-0.000967860841862	-0.00649506003943	-0.0246362363381	1.0	0.00573097369734	0.00769886396676	-0.00963833507126	0.000558908229009	-0.0340696017975	-0.0265854718767	-0.0150328398849	-0.000257708399555	-0.0403223282734	0.0306380361805	-0.0233347982294	0.00778270547939	-0.0562315118409	-0.00595971832297	-0.0775533290443	0.0248388437143	-0.032036988072	-0.0209934521518	0.0120227593471	-0.00143759766766	0.0127098754613	0.0218081781971	-0.0041603947107	-0.0133116239249	0.00422323615437	0.00684741157189	0.0302696483425	-0.0237014305029	-0.0405164474794	0.024828777476	0.0193072507045	0.0314007975293	0.0217780327379	0.0579487184497	-0.0264235572054	0.0103031481102	-0.0475241902404	0.0195184403363	0.000771098107131	-0.000626538484195	-0.0305436718057	-0.0360350004978	-0.015604280995	0.00990499022018	0.0234863754098	-0.0387979696944	0.00261837514013	-0.0426872202374	-0.0126874111974	0.034440614267
k__Bacteria;p__Bacteroidetes;c__Bacteroidia;o__Bacteroidales;f__Porphyromonadaceae;g__Parabacteroides;s__Parabacteroides_distasonis	-0.0449643790447	-0.00277847776923	0.0378216689687	-0.0143642102365	-0.0137478025028	0.0306362349372	-0.0654326243816	0.0108301231838	0.00573097369734	1.0	0.0451862009461	-0.0190843453566	0.0211448068705	-0.0558023054582	0.00408169309395	0.0351171588094	0.026021620514	0.0284438662266	-0.0423801351423	0.0202597772274	-0.0450045237053	0.0478411734111	-0.0241844906075	-0.0229440327045	0.000552105970909	-0.0166744621115	-0.078462371745	-0.0247801358566	0.00459365622283	-0.0187169944418	-0.0125243150497	-0.0422806840817	-0.0110733101071	0.0212113227425	0.0155489192731	0.0253251871239	0.0271198887959	0.0103913930243	0.0433363940045	-0.0413775254773	-0.0075166185204	0.0190392753306	0.00874803547156	-0.00293298587097	-0.00811370786682	-0.0268960078148	0.00847367081826	0.00919128727683	0.0469340868238	-0.0865858980976	0.00878015541364	0.0430895984281	-0.0167511850389	-0.010622964038	-0.0279686021751	-0.0213279019963	-0.0240759716896	0.0601597722474	0.0213827955508
k__Bacteria;p__Bacteroidetes;c__Bacteroidia;o__Bacteroidales;f__Bacteroidaceae;g__Bacteroides;s__Bacteroides_thetaiotaomicron	0.0154895486795	-0.0246297933581	0.0104344237721	-0.0126470370055	-0.00657438694084	0.00801702574932	-0.026379428207	-0.0113297473011	0.00769886396676	0.0451862009461	1.0	0.0182371904324	-0.0656740849311	0.0104144816295	0.0110782327949	-0.00455421004955	0.0445079002436	-0.0376224947985	-0.0362643825733	0.0182615609402	-0.0611795099349	-0.0212153305666	0.0145484221099	0.0129248108251	0.0536307871833	-0.0116820785507	0.00776627494432	-0.0719988696505	-0.058861469437	-0.03095607609	-0.0375076283974	0.00456222520745	0.0346396457346	0.0491714954349	-0.0192089303322	-0.0444760924646	0.0678789349168	0.051683200478	0.00241990700493	-0.0242259245179	-0.0255741524706	-0.0545086552262	-0.0531859351431	-0.0194957645529	-0.020621498519	0.0298246489411	-0.0515701559755	-0.0230555380151	0.00497525588795	0.00986406317781	-0.0209169732964	-0.063956519525	-0.0540072626298	0.0366075833017	0.000749024038992	-0.0483164332205	0.035389134942	0.00217229949403	-0.0608142791463
k__Bacteria;p__Bacteroidetes;c__Bacteroidia;o__Bacteroidales;f__Bacteroidaceae;g__Bacteroides;s__Bacteroides_coprocola	-0.0444063793676	-0.0864478651903	0.0146591011825	0.0730677346959	-0.0332492023488	0.0465032675039	0.00307348425789	0.0192202887306	-0.00963833507126	-0.0190843453566	0.0182371904324	1.0	-0.0282906237866	-0.0249397707659	0.0673161346863	-0.000947195166107	-0.00519401401443	-0.0160025670435	-0.0533075672476	-0.0267558146681	-0.0346782014824	-0.00663826822541	-0.0592966523194	0.0191648064397	-0.0294313050695	-0.00319731230845	-0.0307080958594	-0.0465083703049	-0.0144435447447	-0.0400087129626	0.00644718005529	-0.0507570531797	-0.0118182643364	0.0133681456967	0.0240987868226	-0.00092996434135	-0.0303151364772	0.00504231550184	0.00233640335581	-0.00130372667385	-0.0242136383636	-0.0208611750489	0.0145282941537	0.0643550779477	0.00227771767782	0.00914708188824	-0.0133567004444	-0.00483484855935	0.0244372110421	-0.0293753846446	0.0162223770897	-0.098875508584	-0.012903226785	-0.0557069522396	-0.0516498744076	-0.0373434651045	-0.0392131797915	0.0143754735678	-0.0158374002923
k__Bacteria;p__Bacteroidetes;c__Bacteroidia;o__Bacteroidales;f__Bacteroidaceae;g__Bacteroides;s__Bacteroides_cellulosilyticus	-0.0351169023505	0.0312133697437	-0.0163592597511	-0.0100530758579	-0.0346747745432	-0.0292147476184	-0.0205684356074	-0.027174099859	0.000558908229009	0.0211448068705	-0.0656740849311	-0.0282906237866	1.0	0.0232212099028	0.0247752924052	-0.00725932288479	0.0512770647299	-0.00685553822282	0.0195100236604	-0.0613283787031	0.069596547293	-0.0199626182529	0.00863192411135	0.0343381874947	0.0532916823451	0.0281571943492	0.00413290748964	0.0114002226038	-0.0013619450474	-0.0122702372759	-0.0215406005867	0.00739404447774	0.0221231968115	0.0253687077178	0.00492394891345	0.00730897809313	-0.00232524752403	0.0172373918304	0.0343046321228	-0.0254706433389	0.0153267491034	0.000761272830675	-0.0327336451402	-0.0317291880623	0.0259056959351	-0.047228557796	-0.0610711552094	-0.0549329544929	-0.0220478772782	-0.0383598732161	-0.0798470083104	0.0212036361813	-0.0251621727178	-0.0396438715485	0.0672192714703	-0.0197443966417	-0.050309032325	-0.0297611705346	0.0279489657646
k__Bacteria;p__Bacteroidetes;c__Bacteroidia;o__Bacteroidales;f__Rikenellaceae;g__Alistipes;s__Alistipes_obesi	-0.063608646495	-0.00910760241448	-0.00767898765829	0.00765179602337	-0.0250031917779	0.0110929067127	0.0180543325037	0.0374440167879	-0.0340696017975	-0.0558023054582	0.0104144816295	-0.0249397707659	0.0232212099028	1.0	-0.0214400546996	-0.00530582047808	-0.0468738960431	0.00910525061016	-0.00508896889447	-0.0423079959576	0.0378359888027	0.00866157041625	0.00302205893052	-0.0277884556543	0.00474302800851	0.0406790495478	0.0263346497235	-0.0469724942006	-0.07128188529	0.0121829697059	0.00160428049655	-0.0426467163049	-0.00202117729467	-0.0359245850876	0.00448128888353	0.0293776449372	0.0165850632425	-0.0198065447193	0.0241499855463	-0.0174673786958	-0.0238447077553	0.0274564968713	-0.0358466003252	0.0390668348841	-0.0326377727131	0.0012797316505	-0.00302072997904	0.0184513975142	0.00113652675046	-0.00730763772502	-0.00549174350478	-0.0212912632424	-0.0271302000482	0.0166993695618	-0.040139914353	0.00669762264457	0.0441665831945	-0.0314822096931	0.0234356428747
k__Bacteria;p__Firmicutes;c__Clostridia;o__Clostridiales;f__Lachnospiraceae;g__;s__[Eubacterium]_rectale	-0.0562549726102	-0.0335041846433	-0.0408045225161	-0.0498091385415	0.0387959884317	-0.0432659673069	-0.0264653291886	0.0166116411921	-0.0265854718767	0.00408169309395	0.0110782327949	0.0673161346863	0.0247752924052	-0.0214400546996	1.0	-0.0270142600747	-0.0134175232996	0.00388521766222	-0.0164201657764	-0.0300884382644	-0.00218328042551	-0.0130182642359	0.0334188795	0.034591357194	-0.0237186653004	-0.0382866520038	-0.0270966051962	0.00811658851273	0.0467533308295	0.027763641017	-0.0457702391711	0.0320918900217	-0.0119838807068	-0.00129257143756	-0.0314073412161	-0.0362223506647	-0.00140234618949	0.0175390983972	-0.065261858883	-0.0366363279878	-0.0278159905451	-0.0255857146317	-0.0154046104291	0.00789900918343	-0.00017871499853	0.0216615667772	0.0128281825012	0.0866280748398	0.0825946004116	0.00500330802835	-0.0148133110492	-0.0173575763124	-0.0465686438317	0.0148485251007	-0.038109828725	0.0882940519124	0.00696481477048	-0.0322537609833	-0.0568449466004
k__Bacteria;p__Bacteroidetes;c__Bacteroidia;o__Bacteroidales;f__Bacteroidaceae;g__Bacteroides;s__Bacteroides_plebeius	0.0128507908368	-0.0405474704645	0.038058273026	-0.00691884860544	0.0510218119451	0.0356358225688	0.00789674191478	0.00336178850106	-0.0150328398849	0.0351171588094	-0.00455421004955	-0.000947195166107	-0.00725932288479	-0.00530582047808	-0.0270142600747	1.0	0.0101450855386	-0.0344838480539	-0.102629262875	-0.000185686247036	-0.0401759801524	0.0487105849065	0.0451202898689	-0.00998753132397	0.00594757057227	-0.0410842511384	0.0343237857961	0.0191213716257	0.00897539357023	-0.0268151380084	-0.0216941915014	0.019150113744	-0.011414538236	-0.0123859994712	-0.00309608922487	0.021988522549	-0.0416574360599	-0.00931443984927	-0.0381213941735	-0.0624160367272	0.0626879607731	-0.0081833925116	0.0257819809859	-0.0272986423055	0.046805098177	0.0197643509448	0.0188932438037	0.00420558214589	-0.00700513257285	-0.0116079133986	-0.0263359561646	-0.0206468344721	0.00326018734625	0.00509454492541	0.0191062966056	-0.0329426600943	0.00477162115289	0.0597325165742	-0.0447768874191
k__Bacteria;p__Bacteroidetes;c__Bacteroidia;o__Bacteroidales;f__Bacteroidaceae;g__Bacteroides;s__Bacteroides_fragilis	0.00622617709137	-0.0302416267615	0.0163673952211	0.00812742839743	-0.0368264345596	0.0504483708499	-0.00502369207758	-0.0210247703722	-0.000257708399555	0.026021620514	0.0445079002436	-0.00519401401443	0.0512770647299	-0.0468738960431	-0.0134175232996	0.0101450855386	1.0	-0.0454194791175	-0.0161449428438	-0.0123041878701	0.0120539385498	-0.0279988330749	-0.0282454473977	-0.0229072970194	0.000295572560257	-0.0466608703324	-0.0350581302202	-0.0202671335797	0.0372187174761	-0.0857891405644	-0.00376301560979	-0.0323964804956	0.00946140319321	-0.035703608008	-0.0105592405344	0.00543770143417	0.0162598350392	-0.0143888530021	-0.0203842634869	-0.0547842006958	-0.0560380889393	-0.0110173520332	0.0130670007762	-0.0419414675054	-1.8348560081e-05	0.0125530921445	0.000439036496599	-0.0431686240893	0.0107380631088	0.0428264223473	-0.0323146007774	-0.0216412468087	0.00263251479646	-0.0103835955679	0.00177132658377	0.0774475063075	0.00148888177216	0.0285398166565	-0.0335347839603
k__Bacteria;p__Proteobacteria;c__Betaproteobacteria;o__Burkholderiales;f__Sutterellaceae;g__Sutterella;s__Sutterella_wadsworthensis	0.0315142299521	0.0124660839405	0.0189358243247	-0.0496635949085	0.00445574905302	0.0226782900971	0.0139211457687	-0.0326135784464	-0.0403223282734	0.0284438662266	-0.0376224947985	-0.0160025670435	-0.00685553822282	0.00910525061016	0.00388521766222	-0.0344838480539	-0.0454194791175	1.0	-0.0233049678526	0.0332040299555	-0.0427788622491	0.00734661264918	0.0299037930209	0.0239987629885	-0.0600263923902	-0.0412273437533	0.0012936082311	-0.0196294817598	-0.0134380412049	-0.0263700826919	0.00338548533881	-0.0170779192016	-0.0353412456651	-0.0379277415992	-0.0167318683085	0.0335473518633	-0.00581703030982	-0.0326379249852	0.0334669559045	-0.0423615227352	0.0223583953844	0.00987878671867	0.00495656816624	0.00709910044427	-0.00561184288752	-0.0179707313773	-0.0210926498945	0.0303645574829	-0.0479251064319	0.0178014282587	-0.00289931302725	0.0128861647759	-0.0376539851653	-0.0119496756789	0.0202684768722	-0.00114855807577	0.0419618801027	0.0161809587459	-0.0348477177376
k__Bacteria;p__Bacteroidetes;c__Bacteroidia;o__Bacteroidales;f__Porphyromonadaceae;g__Barnesiella;s__Barnesiella_intestinihominis	-0.0118201429452	0.0274199712531	0.0104319814678	-0.0614176840878	-0.00137816333288	-0.0100483064581	0.0161588513315	-0.0176455482853	0.0306380361805	-0.0423801351423	-0.0362643825733	-0.0533075672476	0.0195100236604	-0.00508896889447	-0.0164201657764	-0.102629262875	-0.0161449428438	-0.0233049678526	1.0	-0.0427843715897	0.00334822270618	-0.0265673332492	-0.0653134096487	0.0612740765541	0.0225333299062	0.0305873289059	-0.0493780130312	0.0221560505385	-0.0095914217723	0.0238648876683	0.0588542588154	0.035525511117	0.0219723687469	-0.016097490623	0.0121274372298	0.0460626631141	-0.019385889291	0.000407438292711	-0.0590260682205	-0.00827502180354	-0.00442871883625	-0.0107680590309	-0.00846799614205	-0.0602286166551	-0.0184845944185	0.0203401606254	-0.0126280289852	0.0231912864708	0.0291364450306	0.0320731654092	-0.018511036199	-0.0207757961919	0.0196935969891	0.025879338251	0.0161171280673	-0.0377515613762	-0.0180240565523	0.00793971910574	0.0344673430053
k__Bacteria;p__Bacteroidetes;c__Bacteroidia;o__Bacteroidales;f__Odoribacteraceae;g__Odoribacter;s__Odoribacter_splanchnicus	-0.0135077589274	0.03847862949	0.0255768597959	-0.0118746455846	-0.00528970094108	0.00905577566739	0.0205960539703	0.0179915267084	-0.0233347982294	0.0202597772274	0.0182615609402	-0.0267558146681	-0.0613283787031	-0.0423079959576	-0.0300884382644	-0.000185686247036	-0.0123041878701	0.0332040299555	-0.0427843715897	1.0	-0.0078509607816	-0.0108638562113	-0.0105507970639	0.0443829834693	-0.000770508460055	-0.0190431736561	0.00083358343906	-0.0385072994806	-0.00775438509024	-0.0167349789273	0.0256397225898	-0.00881144430743	0.0377262665241	0.00620239707104	-0.01060432791	0.0393253020328	-0.0374264625465	-0.0334034407068	0.000190239495094	0.00815077680838	-0.00104849219947	0.000559827849389	-0.00286831255091	0.0122582475192	0.0327539987772	-0.0106778325357	-0.0434929253276	-0.00227544083169	-0.00724436076334	-0.0363304886129	-0.00882043712717	0.039086280814	-0.0134846907258	-0.0177531167188	-0.0462733591884	-0.0225481896575	-0.0545043385126	0.0323224937077	0.0532301977325
k__Bacteria;p__Bacteroidetes;c__Bacteroidia;o__Bacteroidales;f__Bacteroidaceae;g__Bacteroides;s__Bacteroides_salyersiae	0.00112391597274	0.0415100489937	-0.0106828051124	0.0043402141603	0.0358999418724	0.0206759988086	-0.0292125585467	-0.00288636107491	0.00778270547939	-0.0450045237053	-0.0611795099349	-0.0346782014824	0.069596547293	0.0378359888027	-0.00218328042551	-0.0401759801524	0.0120539385498	-0.0427788622491	0.00334822270618	-0.0078509607816	1.0	-0.0225480210466	-0.00416301693173	-0.00261853069401	-0.00436828561615	0.0278550737526	0.00219207967117	0.045466787233	-0.00275689865234	-0.0228350844961	-0.0867272887593	-0.0155006724903	0.0401006670104	-0.00416494679349	0.00655712510699	-0.0510194148147	-0.0787969152078	0.0229154834173	0.0130835611694	-0.0149486808406	0.0147884965339	0.0327489779855	0.03112099862	0.024113439371	-0.0133328425229	-0.0743803969837	0.0215243300725	-0.014004871565	0.00901549303823	0.0140637044324	-0.0183837398814	-0.0285283751861	-0.0289460599172	-0.0110217611728	0.0145363354987	-0.00715135362898	0.0441903782059	0.00644484807879	-0.022915916988
k__Bacteria;p__Firmicutes;c__Clostridia;o__Clostridiales;f__Ruminococcaceae;g__Ruminiclostridium;s__[Eubacterium]_siraeum	-0.00925555547131	0.0369049321251	0.0010578624592	-0.0241428952147	-0.0413839849533	0.000151260228291	-0.0359054877765	-0.00810314960967	-0.0562315118409	0.0478411734111	-0.0212153305666	-0.00663826822541	-0.0199626182529	0.00866157041625	-0.0130182642359	0.0487105849065	-0.0279988330749	0.00734661264918	-0.0265673332492	-0.0108638562113	-0.0225480210466	1.0	0.0563363432742	-0.0690628786243	-0.00640447581565	0.00208294317479	-0.051159196508	0.01279617888	0.00645427417346	0.0156266666449	-0.0171358169926	0.0308516381232	-0.0481098005211	0.0108279380153	0.0451587539314	0.00563269185937	-0.0344606140515	-0.0416963799269	0.0225442188525	0.0341539625756	-0.0625412547194	0.0122435317484	-0.0225983125296	-0.0368171547387	-0.0656652305637	-0.0521664976433	0.0253677342246	-0.0259495166919	-0.00329000821576	-0.0318610528546	-0.00630491424538	0.0126060974758	-0.055512558272	0.00192009626706	-0.0261925022685	0.00678336180129	-0.0171866711981	0.00587894628418	-0.0231258810804
k__Bacteria;p__Proteobacteria;c__Betaproteobacteria;o__Burkholderiales;f__Sutterellaceae;g__Parasutterella;s__Parasutterella_excrementihominis	0.0312041809147	0.0021735790159	0.0437839770718	-0.0109618338229	-0.010818732292	-0.000322494275983	-0.0553985647759	0.0148089218565	-0.00595971832297	-0.0241844906075	0.0145484221099	-0.0592966523194	0.00863192411135	0.00302205893052	0.0334188795	0.0451202898689	-0.0282454473977	0.0299037930209	-0.0653134096487	-0.0105507970639	-0.00416301693173	0.0563363432742	1.0	-0.028392575345	-0.00706368172842	-0.025351864468	-0.0169117759701	-0.0289574172974	-0.00424169811174	-0.0186109384799	-0.0612623400134	0.00436406722806	0.0283525423108	-0.00298019409265	0.0113808877443	0.00485224300573	-0.00293264319183	-0.00299307480659	0.0501854818323	-0.0235759257372	-0.0464507142261	-0.0206592976745	-0.0158967431975	-0.0140807424269	-0.0164775989186	-0.00922515187336	0.0358414189932	0.0372502829475	-0.0150473819343	0.0012310699803	-0.00558838537306	0.0323198111253	0.0208003986157	0.0205465833808	0.00145446443961	-0.0385990458109	-0.0413580585502	-0.0202466560005	-0.0571756529002
k__Bacteria;p__Actinobacteria;c__Actinobacteria;o__Bifidobacteriales;f__Bifidobacteriaceae;g__Bifidobacterium;s__Bifidobacterium_adolescentis	-0.005783810047	0.0689095402405	-0.0102926973202	-0.00742099590167	-0.0147160363812	-0.0645859022933	0.040018112994	0.0119154901943	-0.0775533290443	-0.0229440327045	0.0129248108251	0.0191648064397	0.0343381874947	-0.0277884556543	0.034591357194	-0.00998753132397	-0.0229072970194	0.0239987629885	0.0612740765541	0.0443829834693	-0.00261853069401	-0.0690628786243	-0.028392575345	1.0	-0.0320716025797	0.0173294617773	0.0116565904133	0.0109181595041	0.0230192938629	-0.0136834448175	-0.0956002944775	0.037305712573	0.0263532178492	-0.000489708439988	0.0018103993146	-0.00687890600962	-0.0621506389628	0.000494659492679	-0.0140402200362	-0.0244842135299	0.0522987258472	-0.00124035915988	-0.0360458836517	0.0215937479637	-0.0271463924285	-0.041475694328	-1.03798227018e-05	-0.0475871443302	0.0142620039576	-0.0303163327628	-0.044659802802	-0.0125045877798	0.00681016227287	0.0335062114603	0.0107786663376	-0.0332430090206	-0.00494400100406	0.0154770169798	0.0147682626848
k__Bacteria;p__Firmicutes;c__Clostridia;o__Clostridiales;f__Oscillospiraceae;g__Oscillibacter;s__Oscillibacter_sp._KLE_1745	0.0321151112601	-0.00611097300499	0.0166020491424	-0.0391594135541	0.0331669364275	-0.0414473160808	-0.0192746400113	0.0565384261444	0.0248388437143	0.000552105970909	0.0536307871833	-0.0294313050695	0.0532916823451	0.00474302800851	-0.0237186653004	0.00594757057227	0.000295572560257	-0.0600263923902	0.0225333299062	-0.000770508460055	-0.00436828561615	-0.00640447581565	-0.00706368172842	-0.0320716025797	1.0	-0.0163447583291	0.0311918614874	0.0153928908924	-0.0278153752446	-0.0178655438511	0.0249246533735	-0.0180289960138	0.043593144697	-0.0256783324267	-0.0157384658896	0.00891032015853	0.0540104741138	-0.0306045786766	0.0141663551926	0.00796806627576	-0.00630774906917	-0.0674802457527	-0.0148104437051	-0.0221576443412	-0.0140719298675	-0.0207529719175	-0.0407101614472	-0.0323895825999	-0.00482072521714	-0.019026018207	-0.0590542283425	0.00433737199264	-0.0254402965757	0.0471695306464	0.00247567050113	-0.0463530916271	-0.0214038981529	-0.0137409298729	0.0100209017623
k__Bacteria;p__Bacteroidetes;c__Bacteroidia;o__Bacteroidales;f__Bacteroidaceae;g__Bacteroides;s__Bacteroides_coprophilus	-0.0208017956476	-0.028294853067	-0.00518253465333	0.0168351231345	-0.0930062310648	0.0304453860644	-0.0479686474126	0.0437263377966	-0.032036988072	-0.0166744621115	-0.0116820785507	-0.00319731230845	0.0281571943492	0.0406790495478	-0.0382866520038	-0.0410842511384	-0.0466608703324	-0.0412273437533	0.0305873289059	-0.0190431736561	0.0278550737526	0.00208294317479	-0.025351864468	0.0173294617773	-0.0163447583291	1.0	-0.030144723324	-0.0353556246274	-0.0653929573843	0.0209379902603	0.00797553886645	-0.0620272694524	0.0301820793366	0.0209980628917	-0.0541527555654	0.0297136296513	0.00810500761586	-0.0353670210369	-0.00220866324374	0.0121632754257	-0.0241393006669	-5.72139191709e-05	-0.00806607136932	0.0170581518619	-0.0113335679435	0.0293024364835	-0.0120420339486	-0.0310561571498	-0.000133491920778	-0.0455610333941	0.01244495987	0.0678528457145	-0.013803195493	-0.00919643593032	0.0362540017273	-0.000212112859151	0.00688155618779	0.00661948203382	-0.0298382415251
k__Bacteria;p__Firmicutes;c__Clostridia;o__Clostridiales;f__Lachnospiraceae;g__Roseburia;s__Roseburia_intestinalis	0.0118021894288	0.0028442813531	-0.0599070603952	0.00937084012497	0.00424204464552	0.0283800164836	-0.014979336369	-0.00789105515651	-0.0209934521518	-0.078462371745	0.00776627494432	-0.0307080958594	0.00413290748964	0.0263346497235	-0.0270966051962	0.0343237857961	-0.0350581302202	0.0012936082311	-0.0493780130312	0.00083358343906	0.00219207967117	-0.051159196508	-0.0169117759701	0.0116565904133	0.0311918614874	-0.030144723324	1.0	-0.0310173942572	-0.024637856082	0.0101264575131	0.0828829997996	0.0462250436593	0.00165967411992	-0.0213975012512	0.0501011496147	0.00864461465614	-0.0238089610577	-0.0175667711103	0.00349286685205	-0.0409760527127	-0.0127956498409	-0.0434336816783	-0.0329127406456	-0.0120365488464	0.00947895662331	0.0474912071209	0.0441560383207	-0.00665053326467	-0.0253661916855	-0.00903129193287	0.00181387237425	0.00324163431585	-0.0321097763814	0.0226833154238	-0.0192679218792	-0.034945471469	0.013613688477	0.0219883708234	-0.0189547296899
k__Bacteria;p__Firmicutes;c__Clostridia;o__Clostridiales;f__Lachnospiraceae;g__Roseburia;s__Roseburia_hominis	-0.0238018599514	0.0725966046704	-0.0234875006115	0.00269293221112	0.0293087698456	-0.00479212594005	0.0222406296012	-0.0255791128343	0.0120227593471	-0.0247801358566	-0.0719988696505	-0.0465083703049	0.0114002226038	-0.0469724942006	0.00811658851273	0.0191213716257	-0.0202671335797	-0.0196294817598	0.0221560505385	-0.0385072994806	0.045466787233	0.01279617888	-0.0289574172974	0.0109181595041	0.0153928908924	-0.0353556246274	-0.0310173942572	1.0	-0.0143324802731	-0.0658104728884	-0.019052501259	-0.00343498208197	0.0319816584979	-0.0030909329056	0.096057883333	-0.0544140907363	-0.0421227349176	0.0155979620654	0.0316376703254	-0.00954270402833	-0.0848413245063	0.051496251403	-0.0228079573463	-0.0723924247702	-0.0368784489096	-0.0182733408414	0.0139752916648	-0.0157242284602	-0.0250061875853	0.0230069505149	0.0410197155846	-0.00710234640239	0.0422930057548	-0.0653040295424	0.0570360933339	-0.0324771837047	-0.0120705776318	0.00569360554669	0.00068302161322
k__Bacteria;p__Bacteroidetes;c__Bacteroidia;o__Bacteroidales;f__Porphyromonadaceae;g__Parabacteroides;s__Parabacteroides_johnsonii	0.0197280091582	-0.0510472053147	0.0473724121866	0.0196275863833	0.00205647175953	-0.01833445716	0.0262081483423	0.0127468781744	-0.00143759766766	0.00459365622283	-0.058861469437	-0.0144435447447	-0.0013619450474	-0.07128188529	0.0467533308295	0.00897539357023	0.0372187174761	-0.0134380412049	-0.0095914217723	-0.00775438509024	-0.00275689865234	0.00645427417346	-0.00424169811174	0.0230192938629	-0.0278153752446	-0.0653929573843	-0.024637856082	-0.0143324802731	1.0	0.00635649541096	0.0069013656526	-0.0212275128809	-0.00773270495011	0.0292582742603	0.0332217832781	-0.0401019405396	-0.0287353874968	0.00185641062387	-0.0193832639979	-0.0777830167257	0.0109135431139	-0.0101194038188	0.0550643292257	-0.00673630794151	0.0446445248275	-0.0337287102548	-0.0428498513091	-0.0542215047539	-0.0162256942511	-0.0194045761041	0.0206138239032	-0.012412800435	-0.0266088873554	0.00191675595691	0.00962703428938	-0.0235786565159	-0.0165286665198	-0.00991295013354	-0.0625696259824
k__Bacteria;p__Actinobacteria;c__Actinobacteria;o__Bifidobacteriales;f__Bifidobacteriaceae;g__Bifidobacterium;s__Bifidobacterium_longum	-0.0262010701771	-0.0102203617662	-0.0285962043111	0.0297903172574	-0.0356400180981	0.00205642019533	0.00367011050469	-0.0346159813523	0.0127098754613	-0.0187169944418	-0.03095607609	-0.0400087129626	-0.0122702372759	0.0121829697059	0.027763641017	-0.0268151380084	-0.0857891405644	-0.0263700826919	0.0238648876683	-0.0167349789273	-0.0228350844961	0.0156266666449	-0.0186109384799	-0.0136834448175	-0.0178655438511	0.0209379902603	0.0101264575131	-0.0658104728884	0.00635649541096	1.0	-0.048088843115	-0.0435465575181	0.00498204830434	0.0360277417528	0.0323659316689	-0.0112925516565	-0.0584650410558	-0.0283803314447	0.00379195206769	-0.030890396227	-0.0527170329926	0.0334741971853	0.001426178028	0.0378050378015	-0.029173476962	-0.0451357997855	0.0537637564361	0.0155556557821	-0.0119983807945	0.00826454668974	-0.0276204359866	-0.0198886986953	-0.0172506655482	-0.0270971534516	-0.0368018416205	0.000808241097555	-0.0820951770914	0.0734589645427	-0.00333025849515
