#taxonomy	k__Bacteria;p__Bacteroidetes;c__Bacteroidia;o__Bacteroidales;f__Bacteroidaceae;g__Bacteroides;s__Bacteroides_vulgatus	k__Bacteria;p__Bacteroidetes;c__Bacteroidia;o__Bacteroidales;f__Bacteroidaceae;g__Bacteroides;s__Bacteroides_uniformis	k__Bacteria;p__Bacteroidetes;c__Bacteroidia;o__Bacteroidales;f__Rikenellaceae;g__Alistipes;s__Alistipes_putredinis	k__Bacteria;p__Bacteroidetes;c__Bacteroidia;o__Bacteroidales;f__Prevotellaceae;g__Prevotella;s__Prevotella_copri	k__Bacteria;p__Bacteroidetes;c__Bacteroidia;o__Bacteroidales;f__Bacteroidaceae;g__Bacteroides;s__Bacteroides_stercoris	k__Bacteria;p__Bacteroidetes;c__Bacteroidia;o__Bacteroidales;f__Bacteroidaceae;g__Bacteroides;s__Bacteroides_ovatus	k__Bacteria;p__Bacteroidetes;c__Bacteroidia;o__Bacteroidales;f__Rikenellaceae;g__Alistipes;s__Alistipes_shahii	k__Bacteria;p__Firmicutes;c__Clostridia;o__Clostridiales;f__Ruminococcaceae;g__Faecalibacterium;s__Faecalibacterium_prausnitzii	k__Bacteria;p__Bacteroidetes;c__Bacteroidia;o__Bacteroidales;f__Rikenellaceae;g__Alistipes;s__Alistipes_finegoldii	k__Bacteria;p__Bacteroidetes;c__Bacteroidia;o__Bacteroidales;f__Porphyromonadaceae;g__Parabacteroides;s__Parabacteroides_distasonis	k__Bacteria;p__Bacteroidetes;c__Bacteroidia;o__Bacteroidales;f__Bacteroidaceae;g__Bacteroides;s__Bacteroides_thetaiotaomicron	k__Bacteria;p__Bacteroidetes;c__Bacteroidia;o__Bacteroidales;f__Bacteroidaceae;g__Bacteroides;s__Bacteroides_coprocola	k__Bacteria;p__Bacteroidetes;c__Bacteroidia;o__Bacteroidales;f__Bacteroidaceae;g__Bacteroides;s__Bacteroides_cellulosilyticus	k__Bacteria;p__Bacteroidetes;c__Bacteroidia;o__Bacteroidales;f__Rikenellaceae;g__Alistipes;s__Alistipes_obesi	k__Bacteria;p__Firmicutes;c__Clostridia;o__Clostridiales;f__Lachnospiraceae;g__;s__[Eubacterium]_rectale	k__Bacteria;p__Bacteroidetes;c__Bacteroidia;o__Bacteroidales;f__Bacteroidaceae;g__Bacteroides;s__Bacteroides_plebeius	k__Bacteria;p__Bacteroidetes;c__Bacteroidia;o__Bacteroidales;f__Bacteroidaceae;g__Bacteroides;s__Bacteroides_fragilis	k__Bacteria;p__Proteobacteria;c__Betaproteobacteria;o__Burkholderiales;f__Sutterellaceae;g__Sutterella;s__Sutterella_wadsworthensis	k__Bacteria;p__Bacteroidetes;c__Bacteroidia;o__Bacteroidales;f__Porphyromonadaceae;g__Barnesiella;s__Barnesiella_intestinihominis	k__Bacteria;p__Bacteroidetes;c__Bacteroidia;o__Bacteroidales;f__Odoribacteraceae;g__Odoribacter;s__Odoribacter_splanchnicus	k__Bacteria;p__Bacteroidetes;c__Bacteroidia;o__Bacteroidales;f__Bacteroidaceae;g__Bacteroides;s__Bacteroides_salyersiae	k__Bacteria;p__Firmicutes;c__Clostridia;o__Clostridiales;f__Ruminococcaceae;g__Ruminiclostridium;s__[Eubacterium]_siraeum	k__Bacteria;p__Proteobacteria;c__Betaproteobacteria;o__Burkholderiales;f__Sutterellaceae;g__Parasutterella;s__Parasutterella_excrementihominis	k__Bacteria;p__Actinobacteria;c__Actinobacteria;o__Bifidobacteriales;f__Bifidobacteriaceae;g__Bifidobacterium;s__Bifidobacterium_adolescentis	k__Bacteria;p__Firmicutes;c__Clostridia;o__Clostridiales;f__Oscillospiraceae;g__Oscillibacter;s__Oscillibacter_sp._KLE_1745	k__Bacteria;p__Bacteroidetes;c__Bacteroidia;o__Bacteroidales;f__Bacteroidaceae;g__Bacteroides;s__Bacteroides_coprophilus	k__Bacteria;p__Firmicutes;c__Clostridia;o__Clostridiales;f__Lachnospiraceae;g__Roseburia;s__Roseburia_intestinalis	k__Bacteria;p__Firmicutes;c__Clostridia;o__Clostridiales;f__Lachnospiraceae;g__Roseburia;s__Roseburia_hominis	k__Bacteria;p__Bacteroidetes;c__Bacteroidia;o__Bacteroidales;f__Porphyromonadaceae;g__Parabacteroides;s__Parabacteroides_johnsonii	k__Bacteria;p__Actinobacteria;c__Actinobacteria;o__Bifidobacteriales;f__Bifidobacteriaceae;g__Bifidobacterium;s__Bifidobacterium_longum	k__Bacteria;p__Firmicutes;c__Clostridia;o__Clostridiales;f__;g__Flavonifractor;s__Flavonifractor_plautii	k__Bacteria;p__Firmicutes;c__Clostridia;o__Clostridiales;f__Clostridiaceae;g__Clostridium;s__Clostridium_phoceensis	k__Bacteria;p__Verrucomicrobia;c__Verrucomicrobiae;o__Verrucomicrobiales;f__Akkermansiaceae;g__Akkermansia;s__Akkermansia_muciniphila	k__Bacteria;p__Bacteroidetes;c__Bacteroidia;o__Bacteroidales;f__Prevotellaceae;g__Paraprevotella;s__Paraprevotella_xylaniphila	k__Bacteria;p__Firmicutes;c__Clostridia;o__Clostridiales;f__Ruminococcaceae;g__Ruminococcus;s__Ruminococcus_callidus	k__Bacteria;p__Bacteroidetes;c__Bacteroidia;o__Bacteroidales;f__Rikenellaceae;g__Alistipes;s__Alistipes_senegalensis	k__Bacteria;p__Firmicutes;c__Clostridia;o__Clostridiales;f__Lachnospiraceae;g__Blautia;s__Blautia_sp._KLE_1732	k__Bacteria;p__Bacteroidetes;c__Bacteroidia;o__Bacteroidales;f__Bacteroidaceae;g__Bacteroides;s__Bacteroides_oleiciplenus	k__Bacteria;p__Firmicutes;c__Clostridia;o__Clostridiales;f__Ruminococcaceae;g__Ruminococcus;s__Ruminococcus_bicirculans	k__Bacteria;p__Bacteroidetes;c__Bacteroidia;o__Bacteroidales;f__Bacteroidaceae;g__Bacteroides;s__Bacteroides_fluxus	k__Bacteria;p__Bacteroidetes;c__Bacteroidia;o__Bacteroidales;f__Prevotellaceae;g__Prevotella;s__Prevotella_stercorea	k__Bacteria;p__Firmicutes;c__Clostridia;o__Clostridiales;f__Lachnospiraceae;g__Dorea;s__Dorea_longicatena	k__Bacteria;p__Firmicutes;c__Clostridia;o__Clostridiales;f__Eubacteriaceae;g__Eubacterium;s__[Eubacterium]_eligens	k__Bacteria;p__Firmicutes;c__Clostridia;o__Clostridiales;f__Ruminococcaceae;g__;s__Ruminococcaceae_bacterium_D16	k__Bacteria;p__Firmicutes;c__Clostridia;o__Clostridiales;f__Lachnospiraceae;g__Coprococcus;s__Coprococcus_comes	k__Bacteria;p__Proteobacteria;c__Gammaproteobacteria;o__Enterobacterales;f__Enterobacteriaceae;g__Escherichia;s__Escherichia_coli	k__Bacteria;p__Firmicutes;c__Clostridia;o__Clostridiales;f__Ruminococcaceae;g__Anaerotruncus;s__Anaerotruncus_colihominis	k__Bacteria;p__Firmicutes;c__Clostridia;o__Clostridiales;f__Lachnospiraceae;g__Blautia;s__Blautia_obeum	k__Bacteria;p__Bacteroidetes;c__Bacteroidia;o__Bacteroidales;f__Odoribacteraceae;g__Odoribacter;s__Odoribacter_laneus	k__Bacteria;p__Firmicutes;c__Clostridia;o__Clostridiales;f__Ruminococcaceae;g__Ruminiclostridium;s__[Clostridium]_leptum	k__Bacteria;p__Bacteroidetes;c__Bacteroidia;o__Bacteroidales;f__Porphyromonadaceae;g__Parabacteroides;s__Parabacteroides_goldsteinii	k__Bacteria;p__Firmicutes;c__Clostridia;o__Clostridiales;f__Lachnospiraceae;g__Anaerostipes;s__Anaerostipes_hadrus	k__Bacteria;p__Firmicutes;c__Clostridia;o__Clostridiales;f__Ruminococcaceae;g__Ruminococcus;s__Ruminococcus_lactaris	k__Bacteria;p__Firmicutes;c__Clostridia;o__Clostridiales;f__Clostridiaceae;g__Clostridium;s__Clostridium_sp._L2-50	k__Bacteria;p__Firmicutes;c__Clostridia;o__Clostridiales;f__Clostridiaceae;g__Clostridium;s__Clostridium_sp._M62/1	k__Bacteria;p__Firmicutes;c__Clostridia;o__Clostridiales;f__;g__Intestinimonas;s__Intestinimonas_butyriciproducens	k__Bacteria;p__Actinobacteria;c__Actinobacteria;o__Bifidobacteriales;f__Bifidobacteriaceae;g__Bifidobacterium;s__Bifidobacterium_bifidum	k__Bacteria;p__Firmicutes;c__Negativicutes;o__Veillonellales;f__Veillonellaceae;g__Dialister;s__Dialister_invisus	k__Bacteria;p__Bacteroidetes;c__Bacteroidia;o__Bacteroidales;f__Bacteroidaceae;g__Bacteroides;s__Bacteroides_salanitronis
k__Bacteria;p__Bacteroidetes;c__Bacteroidia;o__Bacteroidales;f__Bacteroidaceae;g__Bacteroides;s__Bacteroides_vulgatus	1.0	-0.0295907919413	-0.0152853084475	-0.0128099613154	-0.00471169163705	0.0347088980032	-0.0249091282098	-0.0384231789792	0.0228183881369	0.027200473303	-0.0157252209575	0.0186238665808	0.0377510770611	-0.0158626828392	-0.0346991496399	-0.0196778134632	-0.0326056347134	-0.041692027993	-0.0467438962323	-0.0209214780689	-0.00945002331009	-0.0334791467944	0.00401067715775	0.0465448894925	-0.0141789506222	-0.0366634996519	-0.021312199279	-0.0129271893858	0.0362523981403	-0.0220929195748	-0.00888746891626	0.0294256085496	-0.0200577294256	-0.00200780517372	0.0216091469421	0.000917068927899	-0.0348220764871	-0.0322381939446	-0.0833689937871	0.0141426943159	-0.0740638549013	0.018131023857	0.0432010169247	0.0169576539243	0.0463464385926	0.0138653597257	-0.0462616365186	-0.0811297703724	0.012984389948	0.000874555294919	0.0104694866789	0.0132915392412	0.024912744893	-0.0197452949027	0.0305832761773	0.0108258500225	-0.0120906819493	-0.0304709945766	0.0183244318614
k__Bacteria;p__Bacteroidetes;c__Bacteroidia;o__Bacteroidales;f__Bacteroidaceae;g__Bacteroides;s__Bacteroides_uniformis	-0.0295907919413	1.0	-0.0254377019428	0.0219298913188	-0.0199144921788	0.0120510709808	-0.0350631763089	0.0229697632021	-0.0446736269038	-0.0275435799689	-0.0227334707293	0.0125843466478	-0.0299009115806	0.0218559900935	0.0156884851826	0.089080273397	-0.0167570778057	-0.0235580641316	0.0273473953081	-0.0274734931607	0.0199717963321	0.0926394567484	-0.0607604599312	-0.000490634305546	0.0146151490589	0.00730520588701	-0.0209238527189	-0.0290842003633	0.0259076902963	-0.0111230948446	-0.0953400567355	-0.0399181269351	0.0137308230302	0.00723578288507	0.0456861500388	0.0106621702258	0.0215185880962	0.00869148924219	-0.0399821891016	0.016569720108	-0.060455583832	0.0750295410153	0.0364653876425	0.0070492332969	-0.00708177801956	-0.010639184909	0.0281648503657	-0.0720259650921	-0.0390278382664	-0.00949180440164	0.0151434207038	0.0291227896579	0.007796017307	0.00457282704209	0.0320701030651	0.0183927940986	-0.0598492012445	-0.0026851099059	0.00206787616523
k__Bacteria;p__Bacteroidetes;c__Bacteroidia;o__Bacteroidales;f__Rikenellaceae;g__Alistipes;s__Alistipes_putredinis	-0.0152853084475	-0.0254377019428	1.0	0.0919806346048	0.00631594253618	0.0227379411246	0.0201618219512	-0.0182658551264	-0.0545000186897	-0.0344208882681	-0.0327126807199	-0.0727793895753	-0.0110051394834	-0.0172675157353	-0.0464751923634	-0.0044607869706	-0.0177283528977	0.0171761319294	-0.0161579683377	0.0103759956663	-0.00018074404324	0.0167346837145	0.01494625988	0.0279536929185	-0.0320353209327	-0.0338865765629	0.0247260418749	0.0370206276369	-0.0122775160425	0.0404347441798	0.0428946612362	-0.0470888979225	0.00396809164894	-0.0045449474392	-0.0607224740078	-0.0311260087379	0.00561017892329	0.0152347738865	0.00806734412916	-0.0522334612621	-0.0297707109667	-0.0106710597489	-0.00707463862306	-0.0406271176746	-0.00844827559626	-0.0240681053763	0.000960389732982	0.0188310940175	0.0121822613876	0.0222507416279	-0.0296899242924	0.0464049556481	-0.0492895216634	0.0131445046161	-0.020068330422	0.0380355767741	-0.0518460479531	-0.0677498868132	-0.0127014219319
k__Bacteria;p__Bacteroidetes;c__Bacteroidia;o__Bacteroidales;f__Prevotellaceae;g__Prevotella;s__Prevotella_copri	-0.0128099613154	0.0219298913188	0.0919806346048	1.0	-0.00599922792712	-0.0727462644893	0.00079501544378	0.0258095520154	0.0311376441832	-0.0270782858616	-0.0322171921798	0.00160961622356	0.0420120438438	-0.0456006948626	0.0161775374581	-0.0136685159951	0.00290461914761	-0.0212643469769	0.027357474186	0.0135763977482	0.0119616124207	-0.0141691010234	-0.0336420613084	0.034094328208	0.00385556271316	-0.0266431555974	-0.0541478944895	-0.0124883261215	0.000679703052737	0.049183557694	-0.0206828208956	0.00357850118125	-0.00852664066003	-0.0137024362638	-0.0176435577863	-0.0583630548058	-0.069895711264	-0.00666175717716	0.0246733297313	0.0284348131273	-0.0314924695334	-0.0472276384555	0.013758885614	-0.00990706657833	0.0479144655742	-0.040268098305	0.0441852004918	-0.0152244818386	0.0294635472879	-0.0372000691195	0.0501819820515	0.00878384716833	0.000398906083608	-0.00874640570914	-0.00677070073115	0.0194587746413	0.00339773881231	0.02993340066	-0.0347135311902
k__Bacteria;p__Bacteroidetes;c__Bacteroidia;o__Bacteroidales;f__Bacteroidaceae;g__Bacteroides;s__Bacteroides_stercoris	-0.00471169163705	-0.0199144921788	0.00631594253618	-0.00599922792712	1.0	-0.0168528860494	0.0255327915607	-0.00887762968038	0.0083491259284	0.0083819687454	-0.00831949677006	0.0707898585676	-0.0121358039536	0.00172841701675	-0.0505586214599	-0.0731845135392	-0.0422523201769	0.0588822392214	-0.0480628995844	-0.0268276282427	-0.0324214165322	-0.0274621099774	-0.0244594011885	0.0270013863498	-0.00159370061566	0.0446498588691	-0.0565891789652	-0.013609922692	0.0315354308903	-0.0317528774484	0.0207366185227	-0.0553627562056	-0.0227031027597	0.00381742792389	-0.00070694153881	-0.0647554805653	-0.0174562784927	-0.0689620562058	0.0235091998373	0.00977657474422	-0.0270356397018	-0.0781187076503	0.0387908592758	-0.0349995649555	-0.0268059372228	-0.0468324867841	-0.0352713707978	0.0210878285065	-0.0536714753118	0.0120583160102	-4.78632941895e-05	-0.0501814053265	0.0310195545926	0.0276391749467	-0.0713611627367	-0.013167795484	-0.0354587711603	0.0133044322122	0.0687454732021
k__Bacteria;p__Bacteroidetes;c__Bacteroidia;o__Bacteroidales;f__Bacteroidaceae;g__Bacteroides;s__Bacteroides_ovatus	0.0347088980032	0.0120510709808	0.0227379411246	-0.0727462644893	-0.0168528860494	1.0	-0.0105841548661	-0.0392421064726	0.0784388794538	-0.00401640162771	0.0043376499378	-0.0515250320872	0.00149975289984	0.0694265328266	-0.0740068398531	-0.0158847656498	-0.0129560415052	0.0114640483504	-0.0387999360781	-0.0661207093606	-0.000702163004968	0.00260316320678	0.059770872925	0.00542550655446	-0.00457566011636	0.00723658878934	-0.0290960921069	-0.0189452850969	-0.00804057269042	-0.0452554928993	0.0204624475853	0.0270850187917	-0.016171322493	0.00684475345615	-0.0171513902424	-0.04947153834	-0.00609693979895	-0.0451911115209	-0.0218728906881	-0.00748678908802	-0.00154422376424	-0.0444995026864	-0.0353424358927	-0.015251917199	0.0202587088099	0.0140847763707	-0.021017980149	0.0119070390365	-0.0669357015309	-0.00283341225125	0.00997534484851	0.014481803549	0.0354734635428	-0.0291333335658	0.0358865521543	-0.00655437974783	-0.0235897122364	-0.0707272248168	-0.000597664724261
k__Bacteria;p__Bacteroidetes;c__Bacteroidia;o__Bacteroidales;f__Rikenellaceae;g__Alistipes;s__Alistipes_shahii	-0.0249091282098	-0.0350631763089	0.0201618219512	0.00079501544378	0.0255327915607	-0.0105841548661	1.0	0.0150987164496	0.0317091499597	0.053489871583	-0.0618557636007	-0.0520516846565	0.0280202034962	0.0116376824963	-0.0366300193262	-0.0510322224832	-0.0183943975186	0.0121156779153	-0.0192691056222	0.00147841197695	-0.0293137304219	-0.0230529244546	0.0258697123475	-0.0570418435377	0.0509177308445	-0.0745773053256	-0.00379339187776	-0.0542415588184	0.0214962504532	0.00406009826062	-0.00514011456207	-0.0349931414302	0.0149337410365	0.01752872525	-0.0202151195519	-0.00426127532207	0.0335125967568	0.0443522546145	0.0240056657363	-0.0728769390728	-0.0179288752088	0.0065008363766	0.0340163457683	-0.000508788560185	0.0239272664352	0.00752177009621	0.00324036205505	-0.0199890770356	0.0390681188315	-0.0271414898755	0.0168488408099	-0.0615610375896	-0.0072104194595	0.00746994869984	-0.0115675708869	-0.00815996434547	-0.0181040535711	0.00323063727958	-0.0158604972805
k__Bacteria;p__Firmicutes;c__Clostridia;o__Clostridiales;f__Ruminococcaceae;g__Faecalibacterium;s__Faecalibacterium_prausnitzii	-0.0384231789792	0.0229697632021	-0.0182658551264	0.0258095520154	-0.00887762968038	-0.0392421064726	0.0150987164496	1.0	-0.0275384798325	0.014011121314	0.0384031459945	0.0492827143393	0.030825739378	0.0466441727807	-0.0110839748853	-0.00290131641413	-9.6914764213e-05	-0.00877031063054	-0.0135286410261	0.0122555624744	0.0226117276388	0.0072334942032	-0.0325578919471	-0.0406875967379	0.0264409404795	-0.0114035120675	-0.0118227125642	-0.0398886214759	0.00203729557841	-0.0160662518287	-0.0427992992364	-0.0211217003748	-0.0248954989942	0.0584096836507	-0.00817602377692	0.00390543192794	-0.00780524843277	-0.0432037247806	-0.0201436990414	0.00545699366731	0.000365768192573	-0.0212494826582	-0.0143376395021	-0.0348699760942	0.0338099371035	0.00763502397648	-0.00646396531818	0.00911788098023	-0.00492456077082	0.0371126476677	-0.0142009183957	-0.0326110102089	-0.00115354041113	0.0330953171033	-0.0535570302209	-0.0148085485019	-0.00806363310422	-0.0199864155954	-0.00999213786867
k__Bacteria;p__Bacteroidetes;c__Bacteroidia;o__Bacteroidales;f__Rikenellaceae;g__Alistipes;s__Alistipes_finegoldii	0.0228183881369	-0.0446736269038	-0.0545000186897	0.0311376441832	0.0083491259284	0.0784388794538	0.0317091499597	-0.0275384798325	1.0	0.00406197555437	-0.0582314485298	0.0135383259218	-0.0193702176872	-0.0403408958789	-0.0190458083276	-0.0317964271206	0.0207660344301	0.0100503127132	0.0147450063675	-0.0523208505249	-0.00526498889301	-0.0761897075627	0.00989023045606	0.0480950604362	0.00655051125499	-0.065193258289	0.00130620883005	0.0215738508397	0.0390506989018	-0.0244697434399	-0.0231009132957	-0.0556655288529	-0.0437559867073	0.0298478341416	0.0216999081304	0.0155320347488	-0.0463816232874	-0.0614326966834	-0.00934742968567	0.00844525665439	-0.020998268211	0.00428980694273	-0.0208676234135	-0.0249770457139	-0.0152790879009	-0.0157815974321	0.0179434348702	-0.0276191710708	0.0129140249677	-0.0315315020029	-0.0391502452274	6.44458076854e-05	0.0588799470705	-0.0188207387787	-0.00843687399978	0.0429659964841	0.0076386157906	0.046442678482	0.0259024017695
k__Bacteria;p__Bacteroidetes;c__Bacteroidia;o__Bacteroidales;f__Porphyromonadaceae;g__Parabacteroides;s__Parabacteroides_distasonis	0.027200473303	-0.0275435799689	-0.0344208882681	-0.0270782858616	0.0083819687454	-0.00401640162771	0.053489871583	0.014011121314	0.00406197555437	1.0	0.00232146061101	-0.0248793640008	-0.0275012453235	-0.00580890745911	-0.0215496764864	-0.0238140803976	-0.0163559624228	-0.0268186600835	0.000196104019873	-0.0117737439916	-0.0168680483893	0.0487874177311	-0.0362070383462	-0.107541356559	0.00730855586127	-0.0361717044544	0.0223720473758	0.00125764697331	-0.0255579322832	0.0144567724102	-0.0493131602689	-0.0100722578137	-0.00728242788163	0.0379378458397	0.0195143388701	-0.0291790676687	-0.00725461676975	-0.0238584763318	0.0160461788302	-0.0336916707074	-0.0166767022003	-0.022529282491	-0.00258923501548	0.0383619936903	-0.0108773003818	0.00277776927859	-0.0156931319959	-0.0574534194156	-0.0139317264539	-0.0239990958577	-0.0060529234905	-0.025274606305	-0.0288652556508	-0.0680352938404	-0.0460318408077	-0.00303677060617	0.0965735383494	0.0149385275706	0.0220546071017
k__Bacteria;p__Bacteroidetes;c__Bacteroidia;o__Bacteroidales;f__Bacteroidaceae;g__Bacteroides;s__Bacteroides_thetaiotaomicron	-0.0157252209575	-0.0227334707293	-0.0327126807199	-0.0322171921798	-0.00831949677006	0.0043376499378	-0.0618557636007	0.0384031459945	-0.0582314485298	0.00232146061101	1.0	-0.00961711267828	-0.0220852526501	-0.0227142717732	0.0461150457924	-0.0429717546474	-0.0207340314535	-0.00480740620131	0.0384210662666	-0.00382255837562	-0.0291530565646	-0.00134560391997	-0.0111144305806	0.0180861199756	-0.0197517132211	0.0324261148903	0.000603585266283	-0.0170733397676	-0.0407567978058	0.0164066065565	-0.00164901107985	0.0372222639001	-0.0112253308596	0.010893534209	0.0418538858797	-0.058921898182	-0.0256347405354	-0.0575934983846	0.000364443427154	0.000632475903471	-0.02671455136	0.0268269231398	-0.0538439180146	-0.00707057156849	0.00289560073606	-0.0133427385253	-0.034179370311	0.000368017529376	-0.0639363294401	0.0387256536554	0.0431349079244	-0.0488223537486	0.0121646754326	0.0486200196673	-0.0242298642273	0.00289032446949	-0.0170794452517	-0.0100855870445	-0.019361759283
k__Bacteria;p__Bacteroidetes;c__Bacteroidia;o__Bacteroidales;f__Bacteroidaceae;g__Bacteroides;s__Bacteroides_coprocola	0.0186238665808	0.0125843466478	-0.0727793895753	0.00160961622356	0.0707898585676	-0.0515250320872	-0.0520516846565	0.0492827143393	0.0135383259218	-0.0248793640008	-0.00961711267828	1.0	-0.0477661767014	-0.00646509872245	0.0108010117732	0.0641413033661	-0.00894376604597	-0.0213323370365	-0.0536457569551	-0.0651116146648	-0.0601137076614	0.0306239434678	-0.0151649894894	0.0206842600847	-0.0551331766886	0.0320931267499	0.0101023655184	0.0227009296016	0.0118392179486	-0.10987592233	0.0039722929666	0.00802232784322	0.0326621549986	0.0311668322728	-0.0181052260429	-0.0339818474906	0.0231973922594	0.000342562807835	-0.00174648718662	-0.0166346628351	-0.0217740894049	-0.0101315915302	0.00663361979477	0.0288014286527	0.0161818972571	0.0047342788286	0.0530614150574	0.06411544314	-0.00437818419186	-0.00174818682233	-0.0565402784438	0.0191385254854	0.0501732863722	-0.0593455899426	-0.048190063705	-0.00940786077894	0.0118987896767	-0.0197781607536	-0.0129057069859
k__Bacteria;p__Bacteroidetes;c__Bacteroidia;o__Bacteroidales;f__Bacteroidaceae;g__Bacteroides;s__Bacteroides_cellulosilyticus	0.0377510770611	-0.0299009115806	-0.0110051394834	0.0420120438438	-0.0121358039536	0.00149975289984	0.0280202034962	0.030825739378	-0.0193702176872	-0.0275012453235	-0.0220852526501	-0.0477661767014	1.0	0.0321108616491	-0.0417450553018	-0.0102529948023	-0.0146824383789	-0.0167400351936	0.00723555801652	-0.0178473316573	-0.021610977796	-0.0102745903495	0.0118811221693	-0.0437594612264	-0.0665463685028	-0.0136664905168	-0.0439194357994	-0.0228918434042	-0.0141273145962	0.0296001556036	-0.00987088399003	0.0167357025669	-0.0221711292148	-0.00912134009242	0.00441939303766	0.027577447407	0.0214950555237	0.00887973479692	-0.0273020946364	-0.0264660541904	0.0334152946256	-0.0153769779487	0.00171960857557	-0.020781385529	0.0120738102859	-0.0275416992053	0.0104033696713	-0.0161293324862	0.0165514136038	0.0280653139228	0.0272549307931	-0.00694182560904	0.0247874582033	0.0159048486167	-0.0109860782137	-0.0252442760301	0.0160549716795	-0.00704173734936	0.0013694722525
k__Bacteria;p__Bacteroidetes;c__Bacteroidia;o__Bacteroidales;f__Rikenellaceae;g__Alistipes;s__Alistipes_obesi	-0.0158626828392	0.0218559900935	-0.0172675157353	-0.0456006948626	0.00172841701675	0.0694265328266	0.0116376824963	0.0466441727807	-0.0403408958789	-0.00580890745911	-0.0227142717732	-0.00646509872245	0.0321108616491	1.0	-0.0391139404452	-0.00184105510315	-0.0334571988854	0.0340850642039	-0.00763100815102	0.0178846129309	-0.012046024166	-0.067568652667	-0.046121916742	-0.00219964155305	0.00807974041959	-0.0142149281307	-0.0673111482256	-0.00242334479752	-0.0806926571175	0.0321251221386	0.0147926248775	-0.0595047591601	0.0228906072356	-0.0109513290664	0.0164698561843	0.00263769201674	-0.0234892917559	0.00990194762103	0.00389878074837	0.0240597798514	-0.000179235323254	0.015363148151	-0.0352888838934	0.0120930005864	0.0148571333413	-0.0583118745349	-0.0293860715773	-0.00807850096553	0.00915862155756	-0.00833761591049	-0.0423619941756	-0.00561177245821	-0.0467536877018	0.0174484244359	0.00926590981963	0.0569967981584	0.0670375861283	-0.0166555601902	-0.0236129082244
k__Bacteria;p__Firmicutes;c__Clostridia;o__Clostridiales;f__Lachnospiraceae;g__;s__[Eubacterium]_rectale	-0.0346991496399	0.0156884851826	-0.0464751923634	0.0161775374581	-0.0505586214599	-0.0740068398531	-0.0366300193262	-0.0110839748853	-0.0190458083276	-0.0215496764864	0.0461150457924	0.0108010117732	-0.0417450553018	-0.0391139404452	1.0	0.0394822058302	-0.00577645240422	-0.00457401816503	0.0120347678257	0.0160569451201	0.0393947463443	-0.00464660664898	-0.0462719405076	-0.0222872024211	-0.0137045004412	-0.00783110460412	-0.0523569205993	0.0523802696664	0.00580064698212	-0.0716387316156	-0.0284001596297	-0.00627638372093	0.00808411746573	-0.0399107469387	-0.0197422696076	0.0156749303807	0.0241938576767	-0.00961873772119	-0.0462081376718	0.00412017556144	-0.0222773271808	-0.0235973045697	0.0495769246777	-0.00844099132049	0.0125896196887	0.0166349353446	0.0245471490588	-0.0361824013675	0.0101572850535	-0.027497703448	0.0140192508458	-0.0255665685748	-0.0272353095526	0.0221305395019	-0.0073618454702	-0.00909843369531	-0.0418231337262	0.0027968189692	-0.0478928958107
k__Bacteria;p__Bacteroidetes;c__Bacteroidia;o__Bacteroidales;f__Bacteroidaceae;g__Bacteroides;s__Bacteroides_plebeius	-0.0196778134632	0.089080273397	-0.0044607869706	-0.0136685159951	-0.0731845135392	-0.0158847656498	-0.0510322224832	-0.00290131641413	-0.0317964271206	-0.0238140803976	-0.0429717546474	0.0641413033661	-0.0102529948023	-0.00184105510315	0.0394822058302	1.0	-0.0455499633651	-0.000267381652786	0.0554380509196	0.0551038119033	-0.00464833731839	-0.000666770563491	0.0557171765797	0.0344717215266	-0.000269871284135	-0.019435973658	-0.0359073758033	0.0110418394999	-0.0628062867305	-0.00933608575655	0.0267216336503	-0.0396645318667	0.0626801368166	-0.0273787508084	0.0290529820067	-0.0537320834225	0.0686046189976	-0.0329821870823	-0.0281525972134	-0.0231912836306	0.0481623545701	-0.0152701425786	-0.0231412869196	-0.0264663338532	-0.0258335937838	-0.0212076997315	0.0812803054066	-0.0258695748909	-0.0398691430459	-0.0150822803538	-0.0789606485492	-0.0272333974729	-0.00979517013414	0.0419672245578	-0.0317187608122	-0.0225412512739	0.0151846906034	-0.00729936798061	-0.0118247038938
k__Bacteria;p__Bacteroidetes;c__Bacteroidia;o__Bacteroidales;f__Bacteroidaceae;g__Bacteroides;s__Bacteroides_fragilis	-0.0326056347134	-0.0167570778057	-0.0177283528977	0.00290461914761	-0.0422523201769	-0.0129560415052	-0.0183943975186	-9.69147642129e-05	0.0207660344301	-0.0163559624228	-0.0207340314535	-0.00894376604597	-0.0146824383789	-0.0334571988854	-0.00577645240422	-0.0455499633651	1.0	-0.0454286422016	0.00629012293404	0.0101742297438	0.000468053710656	0.0275781964142	-0.00807574256211	0.0159657294076	0.00460402633939	0.0403987918613	-0.0238393390929	0.0480977572665	0.0176114616472	0.00738538367489	-0.0105621837084	0.0154929352667	-0.0210678418063	0.010807133467	-0.00821589461322	-0.0271659530218	0.0322198008809	-0.0294619688495	-0.0244155830477	-0.0107573465389	0.0334130066055	-0.0213743342675	-0.0579927869151	-0.0181707187019	-0.029741900626	0.0454910289662	-0.0524482518664	0.0606061763457	-0.0159758410154	0.0459876795572	0.0054369085569	0.0237680238104	0.0250958675328	-0.0222433812365	0.0453230315224	0.0177594623374	-0.0504482844519	-0.0212413540679	0.0129863488458
k__Bacteria;p__Proteobacteria;c__Betaproteobacteria;o__Burkholderiales;f__Sutterellaceae;g__Sutterella;s__Sutterella_wadsworthensis	-0.041692027993	-0.0235580641316	0.0171761319294	-0.0212643469769	0.0588822392214	0.0114640483504	0.0121156779153	-0.00877031063054	0.0100503127132	-0.0268186600835	-0.00480740620131	-0.0213323370365	-0.0167400351936	0.0340850642039	-0.00457401816503	-0.000267381652786	-0.0454286422016	1.0	-0.00697824832697	-0.0668099224986	-0.0156853733586	-0.0658782050276	-0.00593873277506	-0.016535350715	0.00328755808849	0.0116397108851	-0.0273539054801	-0.0539148824936	0.0144818935849	0.0241210366939	-0.0138042669619	-0.0140923079305	-0.0312644494828	-0.0246527512693	-0.0384499885663	-0.0128195725975	-0.0274043815535	0.0212554334141	-0.0112251485713	-0.028892238702	-0.0124514660696	0.0260989015521	-0.00623897888476	0.0485711318589	-0.0129975147229	-0.0391705613785	-0.0358801795069	0.0264551021045	0.0014914178987	-0.0169565862291	-0.0132416148314	-0.0104511505768	-0.0169829098319	-0.00878956409331	-0.00850382557275	0.0255854015457	-0.0392859574503	-0.0634132256884	-0.0176275300108
k__Bacteria;p__Bacteroidetes;c__Bacteroidia;o__Bacteroidales;f__Porphyromonadaceae;g__Barnesiella;s__Barnesiella_intestinihominis	-0.0467438962323	0.0273473953081	-0.0161579683377	0.027357474186	-0.0480628995844	-0.0387999360781	-0.0192691056222	-0.0135286410261	0.0147450063675	0.000196104019873	0.0384210662666	-0.0536457569551	0.00723555801652	-0.00763100815102	0.0120347678257	0.0554380509196	0.00629012293404	-0.00697824832697	1.0	-0.0224550415439	-0.0232383585093	-0.0572491806415	-0.0199109545027	0.0416250556074	-0.0262599341762	-0.0208253230864	-0.0114680801785	0.0298739213189	0.0105971606933	-0.0179334548586	-0.035694666441	0.0214715656615	0.0606614037181	-0.0491849302617	0.0123011409312	0.0165210892512	0.0220432196122	0.00423234429442	0.0514791469927	0.0179496193258	-0.0055196354662	0.0310061911829	-0.0376518460068	0.0445722849815	-0.0464792655792	-0.0225307542058	0.0386923666295	-0.0233661649203	0.0592481975661	-0.00339607156111	0.0156345142137	0.0198517477589	0.0656078602539	0.0135925109167	0.0467983702704	-0.0555980348948	-0.0059339598416	-0.0204660235053	-0.00524462012416
k__Bacteria;p__Bacteroidetes;c__Bacteroidia;o__Bacteroidales;f__Odoribacteraceae;g__Odoribacter;s__Odoribacter_splanchnicus	-0.0209214780689	-0.0274734931607	0.0103759956663	0.0135763977482	-0.0268276282427	-0.0661207093606	0.00147841197695	0.0122555624744	-0.0523208505249	-0.0117737439916	-0.00382255837562	-0.0651116146648	-0.0178473316573	0.0178846129309	0.0160569451201	0.0551038119033	0.0101742297438	-0.0668099224986	-0.0224550415439	1.0	-0.0113617493306	0.0425938439127	0.00537271135458	-0.012473703953	-0.0192130001718	-0.00640622677807	-0.0135929829521	-0.0389206471362	-0.0814826642842	-0.0768204032496	-0.0233275889047	0.0302307417377	0.0658132673112	-0.0092834442034	0.00802276530825	-0.0180024343239	0.0155932174165	0.00492747037735	0.0152067072671	-0.00824427414825	-0.06542714589	-0.0138572929234	0.0381487324984	-0.00792855768298	0.0189959173714	-0.0381785592574	-0.0141460405629	-0.0100281735762	0.00621971348869	-0.0355977276411	0.0627728030211	-0.00784501237091	-0.0167306992838	0.00150901063837	-0.0658470356626	-0.0445474593803	-0.0147217242732	0.00756010024604	-0.0497403818332
k__Bacteria;p__Bacteroidetes;c__Bacteroidia;o__Bacteroidales;f__Bacteroidaceae;g__Bacteroides;s__Bacteroides_salyersiae	-0.00945002331009	0.0199717963321	-0.00018074404324	0.0119616124207	-0.0324214165322	-0.000702163004968	-0.0293137304219	0.0226117276388	-0.00526498889301	-0.0168680483893	-0.0291530565646	-0.0601137076614	-0.021610977796	-0.012046024166	0.0393947463443	-0.00464833731839	0.000468053710656	-0.0156853733586	-0.0232383585093	-0.0113617493306	1.0	0.0499093923632	-0.000504882183161	-0.0524032476774	-0.056479709255	-0.0386668623786	-0.0492938830856	0.0138828979102	-0.0771309902452	-0.0105212954643	-0.0319657398678	-0.0198736655375	0.0198011511197	-0.034865730853	-0.0108944078532	-0.00498218331753	0.020537454057	-0.0564803053475	0.00311594743875	-0.0179767824214	-0.012599183987	-0.00457401391779	-0.00493893382629	0.00990148843631	-0.0234984226554	0.0621884306992	0.0356780794669	-0.0440495865046	-0.0142652071839	0.0475070449155	-0.0287687963533	0.00557065803783	-0.0242202504435	-0.0202880750472	0.0250344037763	-0.012886843642	0.0390152413721	0.109920876472	-0.0257733473139
k__Bacteria;p__Firmicutes;c__Clostridia;o__Clostridiales;f__Ruminococcaceae;g__Ruminiclostridium;s__[Eubacterium]_siraeum	-0.0334791467944	0.0926394567484	0.0167346837145	-0.0141691010234	-0.0274621099774	0.00260316320678	-0.0230529244546	0.0072334942032	-0.0761897075627	0.0487874177311	-0.00134560391997	0.0306239434678	-0.0102745903495	-0.067568652667	-0.00464660664898	-0.000666770563491	0.0275781964142	-0.0658782050276	-0.0572491806415	0.0425938439127	0.0499093923632	1.0	0.0130147182192	-0.0376575767126	-0.0173072123647	0.0104262668819	0.0273779860154	-0.0311168336706	-0.0263161679815	-0.0138721678696	-0.0395116926019	-0.0145037437521	-0.016871080702	-0.000467144789248	-0.0251073337311	0.00530152712008	-0.0211070899677	-0.0294347305329	0.00574998829638	0.046680510007	0.0043288878797	0.0120631846549	-0.0337540862334	0.0337635009631	0.00729736408424	0.00730635800933	-0.0258785591268	0.0358038002538	0.0126975798376	0.0149810490703	0.0190660697265	-0.0456868902223	-0.00391902607025	-0.00623113066912	-0.0420495798867	-0.0205263793383	-0.0325255402919	-0.0178756295254	-0.0273923401843
k__Bacteria;p__Proteobacteria;c__Betaproteobacteria;o__Burkholderiales;f__Sutterellaceae;g__Parasutterella;s__Parasutterella_excrementihominis	0.00401067715775	-0.0607604599312	0.01494625988	-0.0336420613084	-0.0244594011885	0.059770872925	0.0258697123475	-0.0325578919471	0.00989023045606	-0.0362070383462	-0.0111144305806	-0.0151649894894	0.0118811221693	-0.046121916742	-0.0462719405076	0.0557171765797	-0.00807574256211	-0.00593873277506	-0.0199109545027	0.00537271135458	-0.000504882183161	0.0130147182192	1.0	0.0501588104758	0.0131786940469	-0.0256975189615	-0.0426810691661	0.0228640358571	-0.014525413271	0.0278007348917	0.039410865721	0.0126540427298	0.027985890162	0.0173157146143	0.0212202075157	0.060562618279	0.0160030947382	-0.0165094293126	0.0222337969051	0.00268438548917	0.00488949622358	-0.0130508682398	-0.00122619626407	-0.0425672675608	-0.0123350237379	0.0316755757458	0.000762377603413	0.0235409190317	-0.0888039361031	0.0261575381884	0.0297814778503	0.0609059565018	-0.0383334672478	-0.0499506240422	-0.0680192168229	0.00388927863081	0.0191441634758	0.031149765034	0.0358143058829
k__Bacteria;p__Actinobacteria;c__Actinobacteria;o__Bifidobacteriales;f__Bifidobacteriaceae;g__Bifidobacterium;s__Bifidobacterium_adolescentis	0.0465448894925	-0.000490634305546	0.0279536929185	0.034094328208	0.0270013863498	0.00542550655446	-0.0570418435377	-0.0406875967379	0.0480950604362	-0.107541356559	0.0180861199756	0.0206842600847	-0.0437594612264	-0.00219964155305	-0.0222872024211	0.0344717215266	0.0159657294076	-0.016535350715	0.0416250556074	-0.012473703953	-0.0524032476774	-0.0376575767126	0.0501588104758	1.0	-0.00689626612155	-0.0350800106228	0.0495646264922	-0.0249379279726	-0.0573384908964	0.0448472338349	-0.0305688698565	0.0186717250317	-0.00673617463681	-0.0363180601829	-0.0393327468646	0.0317463539715	-0.000868852481678	-0.00388987938147	0.00817585186184	-0.0210663115614	-0.0130045099203	0.0044430836151	-0.0504673201189	0.0217302297013	-0.0202073601691	-0.0851731913134	-0.000289885132871	0.00609787524385	-0.0267673531406	-0.04053857783	0.0325443399892	0.0466024470165	-0.0527747720498	-0.0082154555776	0.0132717482903	-0.00225418377898	0.0648183432908	-0.000313582145322	0.0612908338223
k__Bacteria;p__Firmicutes;c__Clostridia;o__Clostridiales;f__Oscillospiraceae;g__Oscillibacter;s__Oscillibacter_sp._KLE_1745	-0.0141789506222	0.0146151490589	-0.0320353209327	0.00385556271316	-0.00159370061566	-0.00457566011636	0.0509177308445	0.0264409404795	0.00655051125499	0.00730855586127	-0.0197517132211	-0.0551331766886	-0.0665463685028	0.00807974041959	-0.0137045004412	-0.000269871284135	0.00460402633939	0.00328755808849	-0.0262599341762	-0.0192130001718	-0.056479709255	-0.0173072123647	0.0131786940469	-0.00689626612155	1.0	-0.0336701569654	-0.0269270822021	0.0152843211568	0.0148395463282	-0.0662619249499	-0.0398059444297	-0.0534572924498	-0.0307113676446	-0.0246748501171	0.0428050142384	0.0133658284174	-0.0437047838655	-2.62966861227e-05	-0.0168330024201	-0.0555101439195	-0.00127020549194	-0.010289389864	-0.00246554189043	0.00901687057132	-0.00514635024452	0.0613359139838	0.0488721449049	0.0588224186944	-0.05564030153	0.0319188232613	0.0214004537464	-0.0309935266573	-0.0816005679411	0.0405116609906	0.0180427842812	0.0947687632204	0.0357176250858	-0.0361481627615	-0.0446927255466
k__Bacteria;p__Bacteroidetes;c__Bacteroidia;o__Bacteroidales;f__Bacteroidaceae;g__Bacteroides;s__Bacteroides_coprophilus	-0.0366634996519	0.00730520588701	-0.0338865765629	-0.0266431555974	0.0446498588691	0.00723658878934	-0.0745773053256	-0.0114035120675	-0.065193258289	-0.0361717044544	0.0324261148903	0.0320931267499	-0.0136664905168	-0.0142149281307	-0.00783110460412	-0.019435973658	0.0403987918613	0.0116397108851	-0.0208253230864	-0.00640622677807	-0.0386668623786	0.0104262668819	-0.0256975189615	-0.0350800106228	-0.0336701569654	1.0	-0.0259582344369	-0.0375752535285	0.0213077054002	-0.0584485861336	-0.00334771229243	0.0539361873907	-0.0367899219205	-0.0558414151383	-0.0242059843283	0.029130102585	0.0274737153365	0.0248017546283	0.00769392238138	0.012978466169	-0.0876254557121	-0.00667781837028	-0.0346563266777	0.0398754956952	-0.0108646579586	0.0306049199183	-0.00922482093111	0.0177487530632	0.00382961157603	0.0184528780418	-0.0267413169567	-0.0371923824628	0.034735076904	-0.0167168720275	-0.0593807111251	-0.00706730614995	0.00461376752454	-0.0542469922255	-4.47213082149e-05
k__Bacteria;p__Firmicutes;c__Clostridia;o__Clostridiales;f__Lachnospiraceae;g__Roseburia;s__Roseburia_intestinalis	-0.021312199279	-0.0209238527189	0.0247260418749	-0.0541478944895	-0.0565891789652	-0.0290960921069	-0.00379339187776	-0.0118227125642	0.00130620883005	0.0223720473758	0.000603585266283	0.0101023655184	-0.0439194357994	-0.0673111482256	-0.0523569205993	-0.0359073758033	-0.0238393390929	-0.0273539054801	-0.0114680801785	-0.0135929829521	-0.0492938830856	0.0273779860154	-0.0426810691661	0.0495646264922	-0.0269270822021	-0.0259582344369	1.0	-0.00279807666561	-0.0119711133173	-0.0343990606937	0.0457467790766	0.00512906248456	0.0221889658425	-0.00403019322007	0.0447561372904	0.00290980471324	-0.00255270793411	0.037364750849	0.0032955571457	-0.00776948074296	-0.012457900652	-0.0451844356796	-0.0299701958258	-0.0150499924303	0.0437748302453	-0.0155272413835	0.014629374775	-0.0411711540798	0.0187029764024	0.00521867248898	-0.0271607512353	-0.0104065395623	0.0151685526864	0.00640109277094	-0.014187975698	0.0225425889595	-0.00244738254572	-0.0366693326332	0.00229922823811
k__Bacteria;p__Firmicutes;c__Clostridia;o__Clostridiales;f__Lachnospiraceae;g__Roseburia;s__Roseburia_hominis	-0.0129271893858	-0.0290842003633	0.0370206276369	-0.0124883261215	-0.013609922692	-0.0189452850969	-0.0542415588184	-0.0398886214759	0.0215738508397	0.00125764697331	-0.0170733397676	0.0227009296016	-0.0228918434042	-0.00242334479752	0.0523802696664	0.0110418394999	0.0480977572665	-0.0539148824936	0.0298739213189	-0.0389206471362	0.0138828979102	-0.0311168336706	0.0228640358571	-0.0249379279726	0.0152843211568	-0.0375752535285	-0.00279807666561	1.0	0.0100856364591	-0.0519615818556	0.00754682067177	-0.0288581336511	-0.0166691143373	0.0256447285394	0.0030731745904	0.0349464486856	-0.0496286759424	-0.0248352194107	-0.0384141101093	-0.00172996754882	-0.025770800159	-0.0391452148194	0.00688694641124	0.0824256690025	0.0268080081675	0.0231367454977	0.0511986570724	0.00256795754885	-0.0273457454503	0.00174746407411	0.0610783400525	-0.0139199175521	-0.0149708971435	-0.0444634323817	-0.00937819144627	-0.0360900034438	-0.00505661165501	0.0324460615518	-0.0322829703894
k__Bacteria;p__Bacteroidetes;c__Bacteroidia;o__Bacteroidales;f__Porphyromonadaceae;g__Parabacteroides;s__Parabacteroides_johnsonii	0.0362523981403	0.0259076902963	-0.0122775160425	0.000679703052737	0.0315354308903	-0.00804057269042	0.0214962504532	0.00203729557841	0.0390506989018	-0.0255579322832	-0.0407567978058	0.0118392179486	-0.0141273145962	-0.0806926571175	0.00580064698212	-0.0628062867305	0.0176114616472	0.0144818935849	0.0105971606933	-0.0814826642842	-0.0771309902452	-0.0263161679815	-0.014525413271	-0.0573384908964	0.0148395463282	0.0213077054002	-0.0119711133173	0.0100856364591	1.0	0.0137729584638	0.00275599292849	0.0141738389057	-0.0126377621412	-0.0297444241782	-0.0641059488284	-0.00570535422734	-0.0539467121417	-0.00894742577775	0.0171560323611	0.0223207774991	0.104276711672	-0.0416795098816	-0.0163359675495	-0.0186796970676	-0.0233292490208	0.0423431966106	0.00198044264487	-0.0333489159876	-0.0132718762877	0.030671492479	-0.0233746463876	-0.0154008051404	0.0286681563861	-0.0626132002226	-0.0150235465529	0.0565108701422	-0.0312921525094	-0.0708705421922	-0.0436809616205
k__Bacteria;p__Actinobacteria;c__Actinobacteria;o__Bifidobacteriales;f__Bifidobacteriaceae;g__Bifidobacterium;s__Bifidobacterium_longum	-0.0220929195748	-0.0111230948446	0.0404347441798	0.049183557694	-0.0317528774484	-0.0452554928993	0.00406009826062	-0.0160662518287	-0.0244697434399	0.0144567724102	0.0164066065565	-0.10987592233	0.0296001556036	0.0321251221386	-0.0716387316156	-0.00933608575655	0.00738538367489	0.0241210366939	-0.0179334548586	-0.0768204032496	-0.0105212954643	-0.0138721678696	0.0278007348917	0.0448472338349	-0.0662619249499	-0.0584485861336	-0.0343990606937	-0.0519615818556	0.0137729584638	1.0	0.00640708253868	0.0282820210221	0.0220668989791	-0.00392698074627	0.0131949156285	-0.0747929326045	0.00563727084334	0.0288949705703	-0.00388303109038	0.0269727432138	0.00685962452272	-0.0131910504035	-0.0374327479948	0.00764653800855	0.00154994684862	-0.0541828690192	-0.0390355757404	-0.019924653608	-0.0311141092693	0.0344649856546	0.0139429476582	0.0048945543836	-0.0495178153274	-0.0450411661692	0.0424746138121	-0.0343982423611	-0.0128673149985	0.0132544104141	0.00628023663352
