#taxonomy	k__Bacteria;p__Bacteroidetes;c__Bacteroidia;o__Bacteroidales;f__Bacteroidaceae;g__Bacteroides;s__Bacteroides_vulgatus	k__Bacteria;p__Bacteroidetes;c__Bacteroidia;o__Bacteroidales;f__Bacteroidaceae;g__Bacteroides;s__Bacteroides_uniformis	k__Bacteria;p__Bacteroidetes;c__Bacteroidia;o__Bacteroidales;f__Rikenellaceae;g__Alistipes;s__Alistipes_putredinis	k__Bacteria;p__Bacteroidetes;c__Bacteroidia;o__Bacteroidales;f__Prevotellaceae;g__Prevotella;s__Prevotella_copri	k__Bacteria;p__Bacteroidetes;c__Bacteroidia;o__Bacteroidales;f__Bacteroidaceae;g__Bacteroides;s__Bacteroides_stercoris	k__Bacteria;p__Bacteroidetes;c__Bacteroidia;o__Bacteroidales;f__Bacteroidaceae;g__Bacteroides;s__Bacteroides_ovatus	k__Bacteria;p__Bacteroidetes;c__Bacteroidia;o__Bacteroidales;f__Rikenellaceae;g__Alistipes;s__Alistipes_shahii	k__Bacteria;p__Firmicutes;c__Clostridia;o__Clostridiales;f__Ruminococcaceae;g__Faecalibacterium;s__Faecalibacterium_prausnitzii	k__Bacteria;p__Bacteroidetes;c__Bacteroidia;o__Bacteroidales;f__Rikenellaceae;g__Alistipes;s__Alistipes_finegoldii	k__Bacteria;p__Bacteroidetes;c__Bacteroidia;o__Bacteroidales;f__Porphyromonadaceae;g__Parabacteroides;s__Parabacteroides_distasonis	k__Bacteria;p__Bacteroidetes;c__Bacteroidia;o__Bacteroidales;f__Bacteroidaceae;g__Bacteroides;s__Bacteroides_thetaiotaomicron	k__Bacteria;p__Bacteroidetes;c__Bacteroidia;o__Bacteroidales;f__Bacteroidaceae;g__Bacteroides;s__Bacteroides_coprocola	k__Bacteria;p__Bacteroidetes;c__Bacteroidia;o__Bacteroidales;f__Bacteroidaceae;g__Bacteroides;s__Bacteroides_cellulosilyticus	k__Bacteria;p__Bacteroidetes;c__Bacteroidia;o__Bacteroidales;f__Rikenellaceae;g__Alistipes;s__Alistipes_obesi	k__Bacteria;p__Firmicutes;c__Clostridia;o__Clostridiales;f__Lachnospiraceae;g__;s__[Eubacterium]_rectale	k__Bacteria;p__Bacteroidetes;c__Bacteroidia;o__Bacteroidales;f__Bacteroidaceae;g__Bacteroides;s__Bacteroides_plebeius	k__Bacteria;p__Bacteroidetes;c__Bacteroidia;o__Bacteroidales;f__Bacteroidaceae;g__Bacteroides;s__Bacteroides_fragilis	k__Bacteria;p__Proteobacteria;c__Betaproteobacteria;o__Burkholderiales;f__Sutterellaceae;g__Sutterella;s__Sutterella_wadsworthensis	k__Bacteria;p__Bacteroidetes;c__Bacteroidia;o__Bacteroidales;f__Porphyromonadaceae;g__Barnesiella;s__Barnesiella_intestinihominis	k__Bacteria;p__Bacteroidetes;c__Bacteroidia;o__Bacteroidales;f__Odoribacteraceae;g__Odoribacter;s__Odoribacter_splanchnicus	k__Bacteria;p__Bacteroidetes;c__Bacteroidia;o__Bacteroidales;f__Bacteroidaceae;g__Bacteroides;s__Bacteroides_salyersiae	k__Bacteria;p__Firmicutes;c__Clostridia;o__Clostridiales;f__Ruminococcaceae;g__Ruminiclostridium;s__[Eubacterium]_siraeum	k__Bacteria;p__Proteobacteria;c__Betaproteobacteria;o__Burkholderiales;f__Sutterellaceae;g__Parasutterella;s__Parasutterella_excrementihominis	k__Bacteria;p__Actinobacteria;c__Actinobacteria;o__Bifidobacteriales;f__Bifidobacteriaceae;g__Bifidobacterium;s__Bifidobacterium_adolescentis	k__Bacteria;p__Firmicutes;c__Clostridia;o__Clostridiales;f__Oscillospiraceae;g__Oscillibacter;s__Oscillibacter_sp._KLE_1745	k__Bacteria;p__Bacteroidetes;c__Bacteroidia;o__Bacteroidales;f__Bacteroidaceae;g__Bacteroides;s__Bacteroides_coprophilus	k__Bacteria;p__Firmicutes;c__Clostridia;o__Clostridiales;f__Lachnospiraceae;g__Roseburia;s__Roseburia_intestinalis	k__Bacteria;p__Firmicutes;c__Clostridia;o__Clostridiales;f__Lachnospiraceae;g__Roseburia;s__Roseburia_hominis	k__Bacteria;p__Bacteroidetes;c__Bacteroidia;o__Bacteroidales;f__Porphyromonadaceae;g__Parabacteroides;s__Parabacteroides_johnsonii	k__Bacteria;p__Actinobacteria;c__Actinobacteria;o__Bifidobacteriales;f__Bifidobacteriaceae;g__Bifidobacterium;s__Bifidobacterium_longum	k__Bacteria;p__Firmicutes;c__Clostridia;o__Clostridiales;f__;g__Flavonifractor;s__Flavonifractor_plautii	k__Bacteria;p__Firmicutes;c__Clostridia;o__Clostridiales;f__Clostridiaceae;g__Clostridium;s__Clostridium_phoceensis	k__Bacteria;p__Verrucomicrobia;c__Verrucomicrobiae;o__Verrucomicrobiales;f__Akkermansiaceae;g__Akkermansia;s__Akkermansia_muciniphila	k__Bacteria;p__Bacteroidetes;c__Bacteroidia;o__Bacteroidales;f__Prevotellaceae;g__Paraprevotella;s__Paraprevotella_xylaniphila	k__Bacteria;p__Firmicutes;c__Clostridia;o__Clostridiales;f__Ruminococcaceae;g__Ruminococcus;s__Ruminococcus_callidus	k__Bacteria;p__Bacteroidetes;c__Bacteroidia;o__Bacteroidales;f__Rikenellaceae;g__Alistipes;s__Alistipes_senegalensis	k__Bacteria;p__Firmicutes;c__Clostridia;o__Clostridiales;f__Lachnospiraceae;g__Blautia;s__Blautia_sp._KLE_1732	k__Bacteria;p__Bacteroidetes;c__Bacteroidia;o__Bacteroidales;f__Bacteroidaceae;g__Bacteroides;s__Bacteroides_oleiciplenus	k__Bacteria;p__Firmicutes;c__Clostridia;o__Clostridiales;f__Ruminococcaceae;g__Ruminococcus;s__Ruminococcus_bicirculans	k__Bacteria;p__Bacteroidetes;c__Bacteroidia;o__Bacteroidales;f__Bacteroidaceae;g__Bacteroides;s__Bacteroides_fluxus	k__Bacteria;p__Bacteroidetes;c__Bacteroidia;o__Bacteroidales;f__Prevotellaceae;g__Prevotella;s__Prevotella_stercorea	k__Bacteria;p__Firmicutes;c__Clostridia;o__Clostridiales;f__Lachnospiraceae;g__Dorea;s__Dorea_longicatena	k__Bacteria;p__Firmicutes;c__Clostridia;o__Clostridiales;f__Eubacteriaceae;g__Eubacterium;s__[Eubacterium]_eligens	k__Bacteria;p__Firmicutes;c__Clostridia;o__Clostridiales;f__Ruminococcaceae;g__;s__Ruminococcaceae_bacterium_D16	k__Bacteria;p__Firmicutes;c__Clostridia;o__Clostridiales;f__Lachnospiraceae;g__Coprococcus;s__Coprococcus_comes	k__Bacteria;p__Proteobacteria;c__Gammaproteobacteria;o__Enterobacterales;f__Enterobacteriaceae;g__Escherichia;s__Escherichia_coli	k__Bacteria;p__Firmicutes;c__Clostridia;o__Clostridiales;f__Ruminococcaceae;g__Anaerotruncus;s__Anaerotruncus_colihominis	k__Bacteria;p__Firmicutes;c__Clostridia;o__Clostridiales;f__Lachnospiraceae;g__Blautia;s__Blautia_obeum	k__Bacteria;p__Bacteroidetes;c__Bacteroidia;o__Bacteroidales;f__Odoribacteraceae;g__Odoribacter;s__Odoribacter_laneus	k__Bacteria;p__Firmicutes;c__Clostridia;o__Clostridiales;f__Ruminococcaceae;g__Ruminiclostridium;s__[Clostridium]_leptum	k__Bacteria;p__Bacteroidetes;c__Bacteroidia;o__Bacteroidales;f__Porphyromonadaceae;g__Parabacteroides;s__Parabacteroides_goldsteinii	k__Bacteria;p__Firmicutes;c__Clostridia;o__Clostridiales;f__Lachnospiraceae;g__Anaerostipes;s__Anaerostipes_hadrus	k__Bacteria;p__Firmicutes;c__Clostridia;o__Clostridiales;f__Ruminococcaceae;g__Ruminococcus;s__Ruminococcus_lactaris	k__Bacteria;p__Firmicutes;c__Clostridia;o__Clostridiales;f__Clostridiaceae;g__Clostridium;s__Clostridium_sp._L2-50	k__Bacteria;p__Firmicutes;c__Clostridia;o__Clostridiales;f__Clostridiaceae;g__Clostridium;s__Clostridium_sp._M62/1	k__Bacteria;p__Firmicutes;c__Clostridia;o__Clostridiales;f__;g__Intestinimonas;s__Intestinimonas_butyriciproducens	k__Bacteria;p__Actinobacteria;c__Actinobacteria;o__Bifidobacteriales;f__Bifidobacteriaceae;g__Bifidobacterium;s__Bifidobacterium_bifidum	k__Bacteria;p__Firmicutes;c__Negativicutes;o__Veillonellales;f__Veillonellaceae;g__Dialister;s__Dialister_invisus	k__Bacteria;p__Bacteroidetes;c__Bacteroidia;o__Bacteroidales;f__Bacteroidaceae;g__Bacteroides;s__Bacteroides_salanitronis
k__Bacteria;p__Bacteroidetes;c__Bacteroidia;o__Bacteroidales;f__Bacteroidaceae;g__Bacteroides;s__Bacteroides_vulgatus	1.0	-0.0235739006708	-0.0240260487547	-0.0579178962171	-0.0467730318091	-0.0303898930493	-0.078619215134	-0.00755013126659	0.0176913600518	0.0303428237712	-0.0286149698111	-0.00411732486141	-0.00396441146396	-0.0540292928794	-0.0103406071826	-0.0383430097424	0.0047183787951	-0.0189832737201	-0.00253456503701	0.048991032662	-0.0284585287116	0.0197584193265	0.0346145652483	-0.0428811207317	-0.0533148527087	0.0127161087738	0.00516347069689	-0.00734286982644	-0.0222983491818	-0.0327784109566	0.0285491889142	0.0155725593758	-0.0289479861797	0.0367647397649	0.0075476960148	0.000494199780474	-0.0721429112228	0.0305751276222	0.00818201978541	-0.00546592002037	-0.0875533948084	-0.0307962955249	0.021150538309	-0.0082951013576	0.0446970470775	-0.048466205161	0.014848097674	-0.0419687792491	0.0409494464453	0.000517450780173	-0.0128521225437	0.0468473651918	0.0700265209106	0.00329238543849	-0.0140480365981	-0.0417855727491	-0.0392704123603	0.00592413859175	0.0193073673383
k__Bacteria;p__Bacteroidetes;c__Bacteroidia;o__Bacteroidales;f__Bacteroidaceae;g__Bacteroides;s__Bacteroides_uniformis	-0.0235739006708	1.0	-0.0275601637649	0.0164683059768	-0.0369443744368	0.00113817353359	-2.72394819284e-05	0.0450183264527	-0.0230044348173	0.0145028415064	-0.0162395906748	0.0209175101132	0.000197430364297	0.00598858291299	0.00612809826459	-0.0179937882408	-0.0342161105576	-0.0555136526497	-0.0331601152881	-0.0266466596037	0.0675952792181	0.0249629232063	0.0181629426872	-0.0163861892942	-0.0421157061711	0.0137784416826	-0.00618573912061	0.0247543718259	-0.0261266255893	-0.049869981017	-0.0560507576336	0.0030188278563	-0.0386961417479	0.0254937022066	-0.0076642568197	-0.0011417264764	-0.0137427006636	0.0105428986616	-0.0218426412494	0.0121699806609	0.0386463614571	0.00656986041265	-0.0587325669758	-0.0332538959404	0.00774674995282	0.0103345266123	-0.00495035077088	-0.00511852537845	0.025550558857	0.0140447002663	0.00895208032371	0.0111458144781	-0.0324255350928	-0.0538527145966	-0.00752990854165	-0.0191004780936	-0.00379600531775	-0.0682270374426	-0.00709616861028
k__Bacteria;p__Bacteroidetes;c__Bacteroidia;o__Bacteroidales;f__Rikenellaceae;g__Alistipes;s__Alistipes_putredinis	-0.0240260487547	-0.0275601637649	1.0	-0.0211557648247	0.0156349875388	0.0467253618964	-0.0259689476207	-0.0109606216921	0.0022307840721	-0.0145424412499	0.0131785016083	0.0382304966424	0.0384748057142	-0.0388333622207	-0.00203601740625	0.0255377953283	-0.0174855752293	0.046380570346	0.00145776945724	0.00791241227254	0.00448499147152	-0.0103898895134	-0.0278853043024	-0.0685279090586	-0.047506809947	-0.0420431497156	0.0265361971619	-0.0046292800297	0.00555476764536	0.0288945415889	-0.00602219247776	-0.00930120645799	-0.024097276286	0.0565532048671	-0.0291262489597	-0.0358228734408	0.0646248694178	-0.0587260564891	0.037454525645	0.0217630488232	0.00153244243503	-0.0410794240585	-0.0382169165226	-0.00607750364698	-0.0286941149526	-0.0372643484775	0.00232440035583	0.0171324663074	0.0194365230066	-0.0197560526166	-0.00098838766972	0.00299120154758	0.0605930958693	0.0332352379474	-0.0264801109804	-0.0346245092414	0.00917431732574	-0.0121618909211	0.00943673362421
k__Bacteria;p__Bacteroidetes;c__Bacteroidia;o__Bacteroidales;f__Prevotellaceae;g__Prevotella;s__Prevotella_copri	-0.0579178962171	0.0164683059768	-0.0211557648247	1.0	0.0214466956718	-0.00806222214213	-0.0468978344408	-0.00815724053617	-0.0381498936839	-0.000133499241559	-0.00614840498129	-0.0206905490682	0.0451977624005	-0.00304463180114	-0.00501051681688	0.0454079901961	0.0458728468537	-0.0312553552155	-0.0358592044892	0.0157616000744	-0.0296306472373	0.0292470622181	-0.0240190029396	-0.0300156966044	0.00263753165525	2.39425805212e-05	-0.0258511326333	-0.0290102014199	0.0132665210076	-0.00578582651423	0.0333706887377	-0.0546817553186	-0.0192589748167	-0.0154074541756	-0.0362191854949	0.0457083096561	-0.000591156743719	-0.00961399472683	-0.0241763401354	-0.0871906048001	-0.0336457473536	0.00585231811752	-0.0267935596803	-0.0401380547811	0.0373516322692	0.0434797758178	-0.00691396363848	0.0125272737635	-0.00425315982155	0.0195896616862	0.0136302201558	-0.0202769479666	-0.00462764607335	0.0353116512606	-0.00384431921218	-0.0539204677725	0.0593442464666	0.0310653594804	-0.0212230546317
k__Bacteria;p__Bacteroidetes;c__Bacteroidia;o__Bacteroidales;f__Bacteroidaceae;g__Bacteroides;s__Bacteroides_stercoris	-0.0467730318091	-0.0369443744368	0.0156349875388	0.0214466956718	1.0	0.0235516956344	-0.0332942034869	0.0246669025838	0.0113757550565	-0.0159159727479	0.0193744553277	0.0287731094592	0.0170858846439	-0.0519498567985	-0.0812223008502	0.0119033238685	0.0242332764279	0.000673191613735	-0.0266478812806	0.0155474429686	0.0122480549062	-0.00870918473591	-0.0107617374056	-0.0530205374166	0.00653554611402	-0.00623269625828	-0.00904449809119	-0.0296667283752	0.00237311513379	-0.0494078960493	-0.0105812507273	-0.00213785317448	-0.0141226772779	0.0191518589176	-0.0366857294336	-0.0100182673769	0.0154032114985	-0.032566159826	0.00304703886268	0.0453939240064	0.0040132204022	-0.0104428536122	0.0489344392867	-0.0276275358709	-0.0155622123298	0.0158545736161	-0.0141961027371	-0.0194413689776	-0.028264232143	-0.0456793907559	-0.0189348584207	-0.00467260014283	-0.00868366425564	-0.021228373819	0.0192100705267	0.00508532179258	-0.0231271369713	0.0640978682234	-0.00740933029965
k__Bacteria;p__Bacteroidetes;c__Bacteroidia;o__Bacteroidales;f__Bacteroidaceae;g__Bacteroides;s__Bacteroides_ovatus	-0.0303898930493	0.00113817353359	0.0467253618964	-0.00806222214213	0.0235516956344	1.0	-0.0208273085526	0.0324002726134	-0.0294015462366	0.0245155550385	-0.0346674262343	-0.0188740977857	-0.00687716929667	-0.00611119812437	0.0477038872055	0.00841074136314	0.0224573193616	0.0111654571829	0.0498842748466	0.0195228333539	0.00917954732677	0.0146759361142	-0.0868762568348	-0.0376690775955	0.0148316924463	0.0628074351792	0.00605511747619	-0.0421705731529	-0.0146561899544	-0.0546254788963	-0.010757589536	-0.0231280331687	-0.0231517358772	0.0118955532991	-0.0450906053724	0.00537735218803	0.0323102767646	0.0405721774904	-0.079554352078	-0.0107225215446	0.00485095107013	0.00968823879391	-0.0479237197797	0.0515557564956	0.0318413685841	-0.0180860247262	-0.0273435622943	-0.00648349673389	-0.0416512618977	-0.00460230434439	-0.0297084872909	0.0205579193851	0.0218468209447	-0.0245804996065	-0.0420748503853	-0.009309722653	-0.00770103996485	-0.0431997041481	0.0189704549547
k__Bacteria;p__Bacteroidetes;c__Bacteroidia;o__Bacteroidales;f__Rikenellaceae;g__Alistipes;s__Alistipes_shahii	-0.078619215134	-2.72394819283e-05	-0.0259689476207	-0.0468978344408	-0.0332942034869	-0.0208273085526	1.0	-0.00174617232081	0.0476829764436	0.019088624105	0.00135712742034	-0.0333235947724	-0.0108745123636	0.00468933300123	-0.0367659941946	-0.0186947323689	0.0250363707579	-0.03478380119	-0.048240829388	-0.00890981312763	-0.0235596105072	-0.0101270134282	0.00847724137141	0.0308330181753	-0.0551984698368	-0.0113182522722	-0.0210681296066	0.0348738471651	0.00248743770769	-0.0304607808855	0.0279158168268	0.0130466648054	-0.0151119698832	-0.0259714383789	-0.0680378759726	-0.00780769292528	0.0298843645444	0.0319364339522	0.0369780782994	0.0408255750093	-0.0270056029996	-0.00166288081495	-0.0141434781832	-0.0403047600686	0.0516495636531	-0.0327021829168	0.00496941361201	0.0117173915371	0.0127567448708	-0.0169421591156	0.0295324077372	0.0579986399631	0.028415783354	0.0307499178637	0.0209119629646	0.0464576290131	0.0149808743931	-0.0313158392851	-0.0694813462351
k__Bacteria;p__Firmicutes;c__Clostridia;o__Clostridiales;f__Ruminococcaceae;g__Faecalibacterium;s__Faecalibacterium_prausnitzii	-0.00755013126659	0.0450183264527	-0.0109606216921	-0.00815724053617	0.0246669025838	0.0324002726134	-0.00174617232081	1.0	-0.0322187842177	-0.0783404642053	-0.0546195580726	0.0584042100555	0.00965890718113	-0.0564027507691	0.0522845025579	0.0489144783944	-0.0734062740328	-0.0549961695573	-0.0369621025625	-0.0341066682586	-0.0208474936557	0.0275686237534	0.0115453470947	0.000504091973365	-0.0109292770777	0.0128170401343	-0.0343126163507	0.00123058798051	-0.0077931655914	0.0110471043296	0.00228770318799	0.00782844125593	-0.0432758429159	-0.0385762845252	0.0407998193368	-0.0285613470752	-0.0152664405432	0.0113410308704	0.00837877657642	-0.0193538185275	0.0286582748092	-0.0326121181119	0.0170891804877	-0.0377533992388	0.0102257485585	0.00944307505286	-0.0296588166732	-0.0127506316561	0.0101266598566	0.00990924920671	0.0180513951632	-0.010222835158	0.0427378391297	-0.017988818254	0.0104274023699	0.0278670041706	0.0298347054217	-0.0009398589118	0.0193207123987
k__Bacteria;p__Bacteroidetes;c__Bacteroidia;o__Bacteroidales;f__Rikenellaceae;g__Alistipes;s__Alistipes_finegoldii	0.0176913600518	-0.0230044348173	0.0022307840721	-0.0381498936839	0.0113757550565	-0.0294015462366	0.0476829764436	-0.0322187842177	1.0	-0.0406189920942	-0.0222836571873	-0.0104163562764	0.0323886080028	0.0351023757094	-0.0078240070917	-0.053736528733	0.0219770761677	-0.0416041612069	0.0335359494599	0.00854026606956	-0.00529013551337	-0.0440457380155	-0.0268175070002	0.0130895486748	0.00179763015192	0.0301538071686	0.0428773023361	-0.00943080819232	0.0159856701696	-0.0659182460449	0.00567393213913	-0.0258737755067	-0.0303819964154	-0.0118040340256	-0.0226269702159	0.0170109599376	-0.0222396508002	0.019974987749	-0.0253861595928	0.000600272071727	-0.0208083312105	0.0466795156752	0.00524956966984	-0.0302523273223	0.0180904019347	-0.000780213073424	0.025333319227	0.0257423341399	-0.0620497603186	-0.0137229091796	-0.0304934799247	0.00495035554448	-0.00265206842469	-0.00875186643199	-0.0994084639118	0.0245903467219	-0.044701270477	-0.0604994267365	-0.0154491191393
k__Bacteria;p__Bacteroidetes;c__Bacteroidia;o__Bacteroidales;f__Porphyromonadaceae;g__Parabacteroides;s__Parabacteroides_distasonis	0.0303428237712	0.0145028415064	-0.0145424412499	-0.000133499241559	-0.0159159727479	0.0245155550385	0.019088624105	-0.0783404642053	-0.0406189920942	1.0	0.0284939991931	-0.0184298743379	0.00511898004267	-0.0332975350244	-0.00510269216852	0.0198383302865	-0.0284589313993	0.0171640160414	-0.00402371691435	-0.0422675584578	-0.0411908150879	0.00703426592211	-0.0103665857895	-0.0499422997865	-0.0597952400323	-0.0481071111627	0.0304618897507	-0.00920282961538	-0.00690947003101	-0.00331939356788	0.00531423993834	0.0234247531387	-0.0424297028418	0.0115043966085	0.0146879537628	-0.000236692819631	-0.0564475955175	0.0451588224217	-0.0300709095548	0.0139450632188	0.00347654458607	0.0145466637565	-0.055972486492	0.030180539376	0.00431927332597	0.0145872625586	-0.0306362697503	0.00737215939488	-0.00413981331155	-0.0114438677434	-0.0352553891782	-0.00259584033354	0.00744870475965	-0.0305752270156	0.0664720105219	0.030853139696	0.0312534091995	-0.0145379778786	-0.00532990147317
k__Bacteria;p__Bacteroidetes;c__Bacteroidia;o__Bacteroidales;f__Bacteroidaceae;g__Bacteroides;s__Bacteroides_thetaiotaomicron	-0.0286149698111	-0.0162395906748	0.0131785016083	-0.00614840498129	0.0193744553277	-0.0346674262343	0.00135712742034	-0.0546195580726	-0.0222836571873	0.0284939991931	1.0	0.0634525005629	-0.00111944038829	0.0480836377735	-0.0107210888096	0.0549144258057	-0.033138950449	0.0177256666334	-0.0566241259489	-0.0981693298044	-0.0232538353633	0.0235193481053	0.0252112624156	-0.0440334076798	0.0394566059832	-0.0254238334737	-0.0609266501239	-0.00540787316688	-0.00022078948656	0.0591433309413	-0.0162918426843	0.0235098972017	0.00217682259598	-0.0470281562453	-0.00443533190981	-0.019596418405	-0.0587030228221	0.0103915877854	-0.0541992715164	-0.0275432244936	-0.00278209006133	-0.0139929370797	-0.00226260181005	-0.0254159227116	-0.0492941360305	0.0143479803686	0.0197555669246	-0.0915943119918	-0.0572294209035	-0.0432450869906	-0.00458905276438	0.0612136239673	-0.0201432985471	-0.0100489043662	0.00907467397044	-0.0408675541345	-0.0153701092198	0.0411475995619	-0.0477053291523
k__Bacteria;p__Bacteroidetes;c__Bacteroidia;o__Bacteroidales;f__Bacteroidaceae;g__Bacteroides;s__Bacteroides_coprocola	-0.00411732486141	0.0209175101132	0.0382304966424	-0.0206905490682	0.0287731094592	-0.0188740977857	-0.0333235947724	0.0584042100555	-0.0104163562764	-0.0184298743379	0.0634525005629	1.0	0.0986776387141	-0.042941187893	-0.00943193857955	0.0114814054805	-0.00676999894102	-0.0188473073548	-0.0501809281789	-0.00955741642061	0.0414106904968	-0.0280972540022	-0.0204609457951	0.0304305141298	-0.0198935297212	0.00855638499655	-0.0422959542006	-0.0344564712326	0.0381907027489	-0.0636223700755	0.0437770699224	-0.0272150136136	-0.000297771353038	0.00340643437557	0.0323162361987	-0.0373924785086	0.0215687934157	0.00113615533189	0.0143989441836	0.0344086233031	0.00695164818621	-0.00603150927028	-0.00927029147626	-0.0159863050196	-0.039146070669	0.00571297066705	-0.0237972226441	-0.0112051460355	0.012466612456	0.00998622898881	-0.01103173309	-0.0797598885808	0.00276960047887	0.0221069506654	-0.0249527824867	-0.0208901171282	0.00371953494832	-0.0294303090466	-0.0485219752351
k__Bacteria;p__Bacteroidetes;c__Bacteroidia;o__Bacteroidales;f__Bacteroidaceae;g__Bacteroides;s__Bacteroides_cellulosilyticus	-0.00396441146396	0.000197430364297	0.0384748057142	0.0451977624005	0.0170858846439	-0.00687716929667	-0.0108745123636	0.00965890718113	0.0323886080028	0.00511898004267	-0.00111944038829	0.0986776387141	1.0	-0.0285859401318	0.0417907969379	-0.000327865057477	0.0036561031319	0.00499488274651	0.022509445733	-0.109585359404	-0.0219786022609	0.0419852929959	0.0146768704175	-0.0364110635924	0.00543303078426	0.0275333600921	-0.0427525765259	-0.0155956971209	0.00583437709875	-0.0229721054166	-0.0151928461884	-0.0415474584339	0.0457731276455	0.0387524226577	-0.0302597803256	0.0136300092982	-0.00477872580122	0.0367296053512	0.0261787559471	-0.0395161142243	0.0173039597927	-0.0048451867107	-0.0388361360391	0.0204569943624	-0.0339289434562	-0.0376483809975	-0.0735502392564	-0.0132197218205	-0.0169306324379	-0.0640396433353	-0.0335948425196	-0.0935752194098	-0.0145001513362	-0.00349228842509	-0.018595255081	-0.00874606005129	-0.0164179063913	-0.00274528400944	0.000493168760067
k__Bacteria;p__Bacteroidetes;c__Bacteroidia;o__Bacteroidales;f__Rikenellaceae;g__Alistipes;s__Alistipes_obesi	-0.0540292928794	0.00598858291299	-0.0388333622207	-0.00304463180114	-0.0519498567985	-0.00611119812437	0.00468933300123	-0.0564027507691	0.0351023757094	-0.0332975350244	0.0480836377735	-0.042941187893	-0.0285859401318	1.0	-0.0708820364742	-0.0372703396541	-0.0120966493263	-0.012263480875	-0.0255480460662	-0.0327599721478	0.0388894673539	0.0394170402927	-0.00605456123345	0.0334329400655	-0.0342495553516	-0.00242182320574	-0.0160139021854	0.046115270949	0.000122117233286	-0.00201817003912	-0.0571348140972	-0.0298059967039	0.0170468449871	0.0562751590804	0.0136966890045	0.0274795455082	0.0133074808514	0.0308676226667	-0.0251537846098	0.00284913099589	-0.079625015051	-0.013379202522	-0.0480241161476	0.00794332651123	-0.0313044372494	0.0115447573217	-0.0499022518208	0.0184986178076	-0.0558409599346	-0.0693813292678	-0.0536280502716	0.00518181541094	-0.0256873751103	0.00552514736091	0.0767818978097	-0.0211117499631	0.0395484940363	-0.0508004805056	0.0422303773898
k__Bacteria;p__Firmicutes;c__Clostridia;o__Clostridiales;f__Lachnospiraceae;g__;s__[Eubacterium]_rectale	-0.0103406071826	0.00612809826459	-0.00203601740625	-0.00501051681688	-0.0812223008502	0.0477038872055	-0.0367659941946	0.0522845025579	-0.0078240070917	-0.00510269216852	-0.0107210888096	-0.00943193857955	0.0417907969379	-0.0708820364742	1.0	0.0652205472407	-0.0212660938147	0.00736509216063	0.0219743655373	-0.0229515286895	-0.00612885792895	0.0192029055956	0.0146032664138	-0.00441747046739	-0.0482311911419	0.036660629558	-0.0138036536858	-0.00199312282763	-0.0313368943467	-0.0402776508636	0.0355278634356	-0.0843112646797	0.00547855419965	-0.0385247235451	0.0265122581449	-0.0400151162673	0.00881161063855	-0.0348219758157	-0.00772905633953	-0.0406148697298	0.0132007909435	-0.0614174004403	0.0308795496648	0.00604587223028	0.0850227072877	-0.0250700940153	0.0187142418992	0.0134330440699	0.0364898898242	-0.0288786950209	0.0108674917302	-0.0347478852314	0.028726710855	-0.0292930565086	0.00440063253468	-0.00717985846913	-0.0404011930532	-0.0155254466564	-0.0228314534418
k__Bacteria;p__Bacteroidetes;c__Bacteroidia;o__Bacteroidales;f__Bacteroidaceae;g__Bacteroides;s__Bacteroides_plebeius	-0.0383430097424	-0.0179937882408	0.0255377953283	0.0454079901961	0.0119033238685	0.00841074136314	-0.0186947323689	0.0489144783944	-0.053736528733	0.0198383302865	0.0549144258057	0.0114814054805	-0.000327865057477	-0.0372703396541	0.0652205472407	1.0	0.0449884720547	-0.00323574345858	0.000875159267225	-0.0242320340955	-0.0615633735597	-0.0507547448781	0.0316200625519	-0.0141598021003	-0.00916286648354	-0.0320403318258	-0.0313526395948	-0.04472106084	0.0131294882556	-0.0210479544582	0.036275718572	-0.0324546035317	0.0306398794458	-0.00419701094916	-0.0601990938324	0.0587850794937	0.0201867740351	-0.045427969196	-0.0318794235045	-0.0468017647111	-0.010162468801	-0.0424605815313	0.0223009661911	-0.0190541002652	0.0293234736457	-0.0338916398331	0.0265948306369	-0.00751450344549	0.00292162371806	-0.00490620424357	-0.0358227372572	0.00594033997257	0.0692908897744	-0.0441427369447	0.0120646551769	-0.0787134554402	-0.00802430734988	-0.0207074144966	-0.0148668792557
k__Bacteria;p__Bacteroidetes;c__Bacteroidia;o__Bacteroidales;f__Bacteroidaceae;g__Bacteroides;s__Bacteroides_fragilis	0.0047183787951	-0.0342161105576	-0.0174855752293	0.0458728468537	0.0242332764279	0.0224573193616	0.0250363707579	-0.0734062740328	0.0219770761677	-0.0284589313993	-0.033138950449	-0.00676999894102	0.0036561031319	-0.0120966493263	-0.0212660938147	0.0449884720547	1.0	0.0022557791104	0.0247696149311	-0.0586408154092	-0.0194497038155	-0.0648487440893	-0.0299437943807	0.00516427467799	-0.0692444183859	-0.0488640079557	-0.00963058080343	0.00449870723788	-0.0420519735585	-0.00400523107757	-0.0767022291802	-0.0292928851177	-0.0424770742743	-0.0542916742075	-0.112773600638	-0.00807346425738	-0.016582992814	0.0255105646638	-0.00835046757578	-0.0209758539511	-0.024214126158	0.00483388800932	-0.0223065944312	-0.0270242113976	-0.0102820744208	0.0325055986267	-0.0186005222089	-0.0309168057257	0.00646131312652	-0.0354643755437	-0.00135366596443	-0.0452684725327	-0.0270824352213	0.0613724181242	0.0609183828509	0.00474493069337	-0.0623146368428	-0.0121750126618	-0.00831433692611
k__Bacteria;p__Proteobacteria;c__Betaproteobacteria;o__Burkholderiales;f__Sutterellaceae;g__Sutterella;s__Sutterella_wadsworthensis	-0.0189832737201	-0.0555136526497	0.046380570346	-0.0312553552155	0.000673191613735	0.0111654571829	-0.03478380119	-0.0549961695573	-0.0416041612069	0.0171640160414	0.0177256666334	-0.0188473073548	0.00499488274651	-0.012263480875	0.00736509216063	-0.00323574345858	0.0022557791104	1.0	0.00412645486612	-0.0287117416247	-0.0530672333418	-0.052205706081	0.0446314398885	0.0132363611438	0.048965437185	0.0916020736734	0.0081591150726	-0.0229084211878	-0.00754698387883	-0.00837758182127	-0.0113619054082	0.0331452783306	0.0395314692873	0.0158809516128	-0.0209307580172	0.0537499795318	-0.0252116150765	-0.0481501150031	-0.0385157906396	-0.0300952332577	0.00226698843919	-0.000532387805547	-0.0199930241407	0.0420015069975	0.0296192820244	-0.0269853609462	-0.0546106426855	-0.0493930886841	0.0018662435836	-0.00277642341936	0.00450208919738	0.0051049190465	-0.0634158849787	-0.0639935789343	-0.0280752764854	-0.0343620331436	-0.000804931381938	0.0398849569878	-0.00722274547444
k__Bacteria;p__Bacteroidetes;c__Bacteroidia;o__Bacteroidales;f__Porphyromonadaceae;g__Barnesiella;s__Barnesiella_intestinihominis	-0.00253456503701	-0.0331601152881	0.00145776945724	-0.0358592044892	-0.0266478812806	0.0498842748466	-0.048240829388	-0.0369621025625	0.0335359494599	-0.00402371691435	-0.0566241259489	-0.0501809281789	0.022509445733	-0.0255480460662	0.0219743655373	0.000875159267225	0.0247696149311	0.00412645486612	1.0	-0.0144140665302	0.0163250541251	0.0152574991249	0.0366668326712	0.0282618070407	-0.01550017903	0.00264808031478	0.0132567392918	0.00187372086294	-0.0775014528564	-0.0206976749077	-0.00488881022019	0.0383549463626	0.00265209712002	-0.0265631456315	0.0495520341603	0.00461493515732	-0.049276754247	-0.0720038086536	0.0498116012334	0.0104978575857	-0.0231958248506	0.0226125444797	-0.0232571834698	-0.0367471875394	-0.0366956382398	-0.00436905797189	0.0182406505098	0.0484965824284	-0.0028397575425	0.0378818265961	-0.0533030226189	-0.0277692025508	-0.0399854699238	-0.0183656331385	0.0227315976957	0.0521955550041	0.0105006675204	0.0199218304624	-0.0234623806147
k__Bacteria;p__Bacteroidetes;c__Bacteroidia;o__Bacteroidales;f__Odoribacteraceae;g__Odoribacter;s__Odoribacter_splanchnicus	0.048991032662	-0.0266466596037	0.00791241227254	0.0157616000744	0.0155474429686	0.0195228333539	-0.00890981312763	-0.0341066682586	0.00854026606956	-0.0422675584578	-0.0981693298044	-0.00955741642061	-0.109585359404	-0.0327599721478	-0.0229515286895	-0.0242320340955	-0.0586408154092	-0.0287117416247	-0.0144140665302	1.0	-0.0711241668645	-0.0079779262323	-0.0588447548479	0.0195632873	-0.0397461889951	0.0202687000161	-0.0413577299019	0.0228576615036	0.00680971672342	-0.0480206825101	0.0298413480419	-0.0657278669265	0.0534625943107	-0.0294243463547	0.0108640760012	-0.0286987661865	-0.0196897442363	0.0291277356156	-0.0374047570459	-0.00901784818681	0.00633328410401	-0.0129879206383	0.00729964644208	0.0469801737235	-0.0236284872669	0.0315589169648	0.048735929268	0.0604531388173	-0.0298268202673	0.0159398956141	-0.00184472936753	0.0278783755564	0.0591418957139	-0.0307819371564	0.02479594937	-0.0249076861489	-0.0175274630026	0.00344203960219	-0.0169744732938
k__Bacteria;p__Bacteroidetes;c__Bacteroidia;o__Bacteroidales;f__Bacteroidaceae;g__Bacteroides;s__Bacteroides_salyersiae	-0.0284585287116	0.0675952792181	0.00448499147152	-0.0296306472373	0.0122480549062	0.00917954732677	-0.0235596105072	-0.0208474936557	-0.00529013551337	-0.0411908150879	-0.0232538353633	0.0414106904968	-0.0219786022609	0.0388894673539	-0.00612885792895	-0.0615633735597	-0.0194497038155	-0.0530672333418	0.0163250541251	-0.0711241668645	1.0	0.0132799656181	-0.0802880517014	-0.0343402630338	0.0121359189894	-0.0165549302799	0.00225859660914	0.029470803352	0.00614156223647	0.0206350964169	0.0146664332506	-0.0276622007346	0.0121983594081	-0.00440291310939	-0.0162650963744	-0.0282953355662	0.00379211199292	-0.0366905884476	0.0280864921019	0.0234991049011	-0.0496524765339	0.0394413331723	-0.0107138334479	-0.0835722283876	0.0427623345197	0.0239991488689	0.0490194514115	-0.0660644407907	-0.0383087742838	-0.0641866678624	0.0405220526976	-0.00944181663064	-0.0431201002869	-0.0404920539998	0.0124274736919	0.0402600840754	-0.0561546937273	0.0841637449596	0.0199781296304
k__Bacteria;p__Firmicutes;c__Clostridia;o__Clostridiales;f__Ruminococcaceae;g__Ruminiclostridium;s__[Eubacterium]_siraeum	0.0197584193265	0.0249629232063	-0.0103898895134	0.0292470622181	-0.00870918473591	0.0146759361142	-0.0101270134282	0.0275686237534	-0.0440457380155	0.00703426592211	0.0235193481053	-0.0280972540022	0.0419852929959	0.0394170402927	0.0192029055956	-0.0507547448781	-0.0648487440893	-0.052205706081	0.0152574991249	-0.0079779262323	0.0132799656181	1.0	0.028934364977	0.001407810499	-0.00388119800912	-0.0291921109994	-0.0186937434316	-0.0391059010694	-0.0417004641912	0.0328920163461	-0.0776052067366	-0.000343247088763	-0.0223385011101	-0.000602687583731	0.0561087209943	0.0117472480899	0.0226148451766	-0.0163861380767	0.00572665767881	-0.00980719362944	-0.039472617398	-0.00635736342063	-0.0477665996883	-0.0113279628624	0.00964037978603	-0.0324183826019	-0.0135857327271	-0.0262570067332	-0.0220952705327	0.00711704935739	-0.00230876569494	0.0169895588996	-0.0390358749753	-0.0806825232313	0.0415119370595	0.017913966822	0.000189303869152	0.0695227573831	-0.0194019444366
k__Bacteria;p__Proteobacteria;c__Betaproteobacteria;o__Burkholderiales;f__Sutterellaceae;g__Parasutterella;s__Parasutterella_excrementihominis	0.0346145652483	0.0181629426872	-0.0278853043024	-0.0240190029396	-0.0107617374056	-0.0868762568348	0.00847724137141	0.0115453470947	-0.0268175070002	-0.0103665857895	0.0252112624156	-0.0204609457951	0.0146768704175	-0.00605456123345	0.0146032664138	0.0316200625519	-0.0299437943807	0.0446314398885	0.0366668326712	-0.0588447548479	-0.0802880517014	0.028934364977	1.0	0.0122139922915	0.00310521180521	0.000198172969185	0.0626484028559	-0.0193184856632	0.0416504139618	0.0224529052194	-0.0885844918688	-0.0268756666983	0.0385641296174	-0.0491375320376	0.0205879661731	0.000179748671052	-0.0321065207152	-0.052634126425	0.0246645264947	0.0451378625146	0.00324600743929	0.000814777376804	-0.0266095934771	-0.0136369982913	-0.0252418137513	-0.021675167252	0.0134152274483	-0.00267986539772	-0.0427904572111	0.0350724217069	-0.00852698290233	-0.00891088719062	0.000204250076333	0.0464155107201	-0.0196300649489	0.0230192860762	-0.0176609006041	-0.0423737231084	-0.0277172475004
k__Bacteria;p__Actinobacteria;c__Actinobacteria;o__Bifidobacteriales;f__Bifidobacteriaceae;g__Bifidobacterium;s__Bifidobacterium_adolescentis	-0.0428811207317	-0.0163861892942	-0.0685279090586	-0.0300156966044	-0.0530205374166	-0.0376690775955	0.0308330181753	0.000504091973365	0.0130895486748	-0.0499422997865	-0.0440334076798	0.0304305141298	-0.0364110635924	0.0334329400655	-0.00441747046739	-0.0141598021003	0.00516427467799	0.0132363611438	0.0282618070407	0.0195632873	-0.0343402630338	0.001407810499	0.0122139922915	1.0	-0.00335485424993	-0.00652827250359	-0.00175219879803	0.0249788109806	-0.0366140149295	-0.0099621874411	0.00323927914492	-0.0494542817932	-0.0123703862558	-0.0679822186663	0.0181808939084	0.0553125340849	-0.0227362328476	0.00834401348015	-0.0231286200603	-0.00578459031244	0.0353118117443	-0.0188246452528	-0.0462047705729	-0.00532602865404	-0.0145466250535	0.00326813835307	-0.0660519247307	-0.05368862403	-0.0166276542577	0.0230513694054	-0.0324935050969	0.022226405568	-0.0479117584191	-0.00536232108	-0.0327707968621	-0.0251285082249	0.030846252618	0.0642735992751	0.0541274552889
k__Bacteria;p__Firmicutes;c__Clostridia;o__Clostridiales;f__Oscillospiraceae;g__Oscillibacter;s__Oscillibacter_sp._KLE_1745	-0.0533148527087	-0.0421157061711	-0.047506809947	0.00263753165525	0.00653554611402	0.0148316924463	-0.0551984698368	-0.0109292770777	0.00179763015192	-0.0597952400323	0.0394566059832	-0.0198935297212	0.00543303078426	-0.0342495553516	-0.0482311911419	-0.00916286648354	-0.0692444183859	0.048965437185	-0.01550017903	-0.0397461889951	0.0121359189894	-0.00388119800912	0.00310521180521	-0.00335485424993	1.0	0.0151064593451	-0.0563581191826	0.00201660405486	-0.0335035001303	-0.0230705567616	0.0356749675753	0.0617065301461	0.0117135154713	-0.0527571981261	0.0155004994318	-0.00804167694835	-0.0185909829606	0.0102951546882	-0.0736597450664	0.0736418106301	-0.0190074333416	-0.0306684481995	0.0209047836537	-0.0128934395087	-0.0156810518684	0.0230642778513	0.0208415549405	0.0160141072415	-0.0425622605139	0.0352579522704	-0.0102361491645	-0.0424752621925	-0.0256255550343	0.00960731659818	-0.0193983052965	-0.0408694602509	-0.0339535375244	0.0439916080536	0.0323514999008
k__Bacteria;p__Bacteroidetes;c__Bacteroidia;o__Bacteroidales;f__Bacteroidaceae;g__Bacteroides;s__Bacteroides_coprophilus	0.0127161087738	0.0137784416826	-0.0420431497156	2.39425805212e-05	-0.00623269625828	0.0628074351792	-0.0113182522722	0.0128170401343	0.0301538071686	-0.0481071111627	-0.0254238334737	0.00855638499655	0.0275333600921	-0.00242182320574	0.036660629558	-0.0320403318258	-0.0488640079557	0.0916020736734	0.00264808031478	0.0202687000161	-0.0165549302799	-0.0291921109994	0.000198172969185	-0.00652827250359	0.0151064593451	1.0	-0.0553238325434	0.00576162388178	0.000671215532099	-0.0248494017327	-0.0559482463212	0.0286070680595	0.0368671792259	0.0103657825624	-0.0298107210523	-0.0262975288867	-0.032844709288	-0.00723527416541	-0.00942128533449	-0.0533390476161	0.00565023390805	0.0476741986499	-0.0122569632613	0.000583411363156	0.0511055052912	-0.0218208336409	-0.0542839196909	0.0258463719734	-0.00949787791252	0.0298691855297	0.00305988785283	0.0436923235322	-0.0193822559245	-0.0289045009533	0.0284654078815	-0.0113662787826	-0.00424878873803	0.00266632738043	-0.0338359488147
k__Bacteria;p__Firmicutes;c__Clostridia;o__Clostridiales;f__Lachnospiraceae;g__Roseburia;s__Roseburia_intestinalis	0.00516347069689	-0.00618573912061	0.0265361971619	-0.0258511326333	-0.00904449809119	0.00605511747619	-0.0210681296066	-0.0343126163507	0.0428773023361	0.0304618897507	-0.0609266501239	-0.0422959542006	-0.0427525765259	-0.0160139021854	-0.0138036536858	-0.0313526395948	-0.00963058080343	0.0081591150726	0.0132567392918	-0.0413577299019	0.00225859660914	-0.0186937434316	0.0626484028559	-0.00175219879803	-0.0563581191826	-0.0553238325434	1.0	0.00192367314296	-0.00235657246533	-0.000145161395178	0.0201983420942	0.00702382149229	0.0463401154958	0.00217922534286	0.0341317240882	-0.0365619518567	0.0249908053565	-0.03168746765	0.028887962077	-0.0249608569461	-0.00513597829841	0.0191631474302	0.0485062057156	-0.00168511978905	-0.0204341477551	-0.0880738371073	-0.0396469343656	0.00121766099971	-0.025531406859	-0.0100159537318	0.00674423023971	0.106934787059	0.031762067633	0.00184939570124	-0.0118381775045	-0.0274634314377	-0.0127824144944	-0.00223448391725	-0.0517591679933
k__Bacteria;p__Firmicutes;c__Clostridia;o__Clostridiales;f__Lachnospiraceae;g__Roseburia;s__Roseburia_hominis	-0.00734286982644	0.0247543718259	-0.0046292800297	-0.0290102014199	-0.0296667283752	-0.0421705731529	0.0348738471651	0.00123058798051	-0.00943080819232	-0.00920282961538	-0.00540787316688	-0.0344564712326	-0.0155956971209	0.046115270949	-0.00199312282763	-0.04472106084	0.00449870723788	-0.0229084211878	0.00187372086294	0.0228576615036	0.029470803352	-0.0391059010694	-0.0193184856632	0.0249788109806	0.00201660405486	0.00576162388178	0.00192367314296	1.0	-0.0454500218423	0.0355632128426	0.0317430311975	0.00518585961922	0.0281312553666	-0.0318668680923	-0.00728144272763	-0.0364409538072	-0.0272860571819	-0.0255468782157	0.02395099512	0.0754838321412	-0.0382156838469	-0.000548798982267	-0.0279325645865	-0.0575326786243	0.0284445538053	-0.0483041406426	-0.00771992698646	0.00572162713496	0.00271360494968	0.00528244432341	0.00179693625116	-0.0775781244486	-0.014453122919	-0.094439803748	-0.0293125461005	-0.00163035444368	-0.0278181337502	-0.0288480752847	-0.00362709675065
k__Bacteria;p__Bacteroidetes;c__Bacteroidia;o__Bacteroidales;f__Porphyromonadaceae;g__Parabacteroides;s__Parabacteroides_johnsonii	-0.0222983491818	-0.0261266255893	0.00555476764536	0.0132665210076	0.00237311513379	-0.0146561899544	0.00248743770769	-0.0077931655914	0.0159856701696	-0.00690947003101	-0.00022078948656	0.0381907027489	0.00583437709875	0.000122117233286	-0.0313368943467	0.0131294882556	-0.0420519735585	-0.00754698387883	-0.0775014528564	0.00680971672342	0.00614156223647	-0.0417004641912	0.0416504139618	-0.0366140149295	-0.0335035001303	0.000671215532099	-0.00235657246533	-0.0454500218423	1.0	-0.0078066305801	0.0256740820646	0.00619252310903	0.0043621089463	-0.0304988439815	-0.0368641635542	-0.0164362130146	-0.010253923364	-0.0280994834904	-0.0380727420759	-0.021005896743	-0.0426359451443	-0.0298594536304	-0.00790347536792	-0.0432329750069	0.035329281118	-0.0308310150504	-0.012278546247	0.0218848702163	-0.0301266900565	0.0308049080368	-0.0327887307374	0.0162616708892	0.00117271024877	0.0428103478671	-0.0323896951012	0.0037536356467	0.0265967566964	0.0490094698945	0.0221401081525
