#taxonomy	k__Bacteria;p__Bacteroidetes;c__Bacteroidia;o__Bacteroidales;f__Bacteroidaceae;g__Bacteroides;s__Bacteroides_vulgatus	k__Bacteria;p__Bacteroidetes;c__Bacteroidia;o__Bacteroidales;f__Bacteroidaceae;g__Bacteroides;s__Bacteroides_uniformis	k__Bacteria;p__Bacteroidetes;c__Bacteroidia;o__Bacteroidales;f__Rikenellaceae;g__Alistipes;s__Alistipes_putredinis	k__Bacteria;p__Bacteroidetes;c__Bacteroidia;o__Bacteroidales;f__Prevotellaceae;g__Prevotella;s__Prevotella_copri	k__Bacteria;p__Bacteroidetes;c__Bacteroidia;o__Bacteroidales;f__Bacteroidaceae;g__Bacteroides;s__Bacteroides_stercoris	k__Bacteria;p__Bacteroidetes;c__Bacteroidia;o__Bacteroidales;f__Bacteroidaceae;g__Bacteroides;s__Bacteroides_ovatus	k__Bacteria;p__Bacteroidetes;c__Bacteroidia;o__Bacteroidales;f__Rikenellaceae;g__Alistipes;s__Alistipes_shahii	k__Bacteria;p__Firmicutes;c__Clostridia;o__Clostridiales;f__Ruminococcaceae;g__Faecalibacterium;s__Faecalibacterium_prausnitzii	k__Bacteria;p__Bacteroidetes;c__Bacteroidia;o__Bacteroidales;f__Rikenellaceae;g__Alistipes;s__Alistipes_finegoldii	k__Bacteria;p__Bacteroidetes;c__Bacteroidia;o__Bacteroidales;f__Porphyromonadaceae;g__Parabacteroides;s__Parabacteroides_distasonis	k__Bacteria;p__Bacteroidetes;c__Bacteroidia;o__Bacteroidales;f__Bacteroidaceae;g__Bacteroides;s__Bacteroides_thetaiotaomicron	k__Bacteria;p__Bacteroidetes;c__Bacteroidia;o__Bacteroidales;f__Bacteroidaceae;g__Bacteroides;s__Bacteroides_coprocola	k__Bacteria;p__Bacteroidetes;c__Bacteroidia;o__Bacteroidales;f__Bacteroidaceae;g__Bacteroides;s__Bacteroides_cellulosilyticus	k__Bacteria;p__Bacteroidetes;c__Bacteroidia;o__Bacteroidales;f__Rikenellaceae;g__Alistipes;s__Alistipes_obesi	k__Bacteria;p__Firmicutes;c__Clostridia;o__Clostridiales;f__Lachnospiraceae;g__;s__[Eubacterium]_rectale	k__Bacteria;p__Bacteroidetes;c__Bacteroidia;o__Bacteroidales;f__Bacteroidaceae;g__Bacteroides;s__Bacteroides_plebeius	k__Bacteria;p__Bacteroidetes;c__Bacteroidia;o__Bacteroidales;f__Bacteroidaceae;g__Bacteroides;s__Bacteroides_fragilis	k__Bacteria;p__Proteobacteria;c__Betaproteobacteria;o__Burkholderiales;f__Sutterellaceae;g__Sutterella;s__Sutterella_wadsworthensis	k__Bacteria;p__Bacteroidetes;c__Bacteroidia;o__Bacteroidales;f__Porphyromonadaceae;g__Barnesiella;s__Barnesiella_intestinihominis	k__Bacteria;p__Bacteroidetes;c__Bacteroidia;o__Bacteroidales;f__Odoribacteraceae;g__Odoribacter;s__Odoribacter_splanchnicus	k__Bacteria;p__Bacteroidetes;c__Bacteroidia;o__Bacteroidales;f__Bacteroidaceae;g__Bacteroides;s__Bacteroides_salyersiae	k__Bacteria;p__Firmicutes;c__Clostridia;o__Clostridiales;f__Ruminococcaceae;g__Ruminiclostridium;s__[Eubacterium]_siraeum	k__Bacteria;p__Proteobacteria;c__Betaproteobacteria;o__Burkholderiales;f__Sutterellaceae;g__Parasutterella;s__Parasutterella_excrementihominis	k__Bacteria;p__Actinobacteria;c__Actinobacteria;o__Bifidobacteriales;f__Bifidobacteriaceae;g__Bifidobacterium;s__Bifidobacterium_adolescentis	k__Bacteria;p__Firmicutes;c__Clostridia;o__Clostridiales;f__Oscillospiraceae;g__Oscillibacter;s__Oscillibacter_sp._KLE_1745	k__Bacteria;p__Bacteroidetes;c__Bacteroidia;o__Bacteroidales;f__Bacteroidaceae;g__Bacteroides;s__Bacteroides_coprophilus	k__Bacteria;p__Firmicutes;c__Clostridia;o__Clostridiales;f__Lachnospiraceae;g__Roseburia;s__Roseburia_intestinalis	k__Bacteria;p__Firmicutes;c__Clostridia;o__Clostridiales;f__Lachnospiraceae;g__Roseburia;s__Roseburia_hominis	k__Bacteria;p__Bacteroidetes;c__Bacteroidia;o__Bacteroidales;f__Porphyromonadaceae;g__Parabacteroides;s__Parabacteroides_johnsonii	k__Bacteria;p__Actinobacteria;c__Actinobacteria;o__Bifidobacteriales;f__Bifidobacteriaceae;g__Bifidobacterium;s__Bifidobacterium_longum	k__Bacteria;p__Firmicutes;c__Clostridia;o__Clostridiales;f__;g__Flavonifractor;s__Flavonifractor_plautii	k__Bacteria;p__Firmicutes;c__Clostridia;o__Clostridiales;f__Clostridiaceae;g__Clostridium;s__Clostridium_phoceensis	k__Bacteria;p__Verrucomicrobia;c__Verrucomicrobiae;o__Verrucomicrobiales;f__Akkermansiaceae;g__Akkermansia;s__Akkermansia_muciniphila	k__Bacteria;p__Bacteroidetes;c__Bacteroidia;o__Bacteroidales;f__Prevotellaceae;g__Paraprevotella;s__Paraprevotella_xylaniphila	k__Bacteria;p__Firmicutes;c__Clostridia;o__Clostridiales;f__Ruminococcaceae;g__Ruminococcus;s__Ruminococcus_callidus	k__Bacteria;p__Bacteroidetes;c__Bacteroidia;o__Bacteroidales;f__Rikenellaceae;g__Alistipes;s__Alistipes_senegalensis	k__Bacteria;p__Firmicutes;c__Clostridia;o__Clostridiales;f__Lachnospiraceae;g__Blautia;s__Blautia_sp._KLE_1732	k__Bacteria;p__Bacteroidetes;c__Bacteroidia;o__Bacteroidales;f__Bacteroidaceae;g__Bacteroides;s__Bacteroides_oleiciplenus	k__Bacteria;p__Firmicutes;c__Clostridia;o__Clostridiales;f__Ruminococcaceae;g__Ruminococcus;s__Ruminococcus_bicirculans	k__Bacteria;p__Bacteroidetes;c__Bacteroidia;o__Bacteroidales;f__Bacteroidaceae;g__Bacteroides;s__Bacteroides_fluxus	k__Bacteria;p__Bacteroidetes;c__Bacteroidia;o__Bacteroidales;f__Prevotellaceae;g__Prevotella;s__Prevotella_stercorea	k__Bacteria;p__Firmicutes;c__Clostridia;o__Clostridiales;f__Lachnospiraceae;g__Dorea;s__Dorea_longicatena	k__Bacteria;p__Firmicutes;c__Clostridia;o__Clostridiales;f__Eubacteriaceae;g__Eubacterium;s__[Eubacterium]_eligens	k__Bacteria;p__Firmicutes;c__Clostridia;o__Clostridiales;f__Ruminococcaceae;g__;s__Ruminococcaceae_bacterium_D16	k__Bacteria;p__Firmicutes;c__Clostridia;o__Clostridiales;f__Lachnospiraceae;g__Coprococcus;s__Coprococcus_comes	k__Bacteria;p__Proteobacteria;c__Gammaproteobacteria;o__Enterobacterales;f__Enterobacteriaceae;g__Escherichia;s__Escherichia_coli	k__Bacteria;p__Firmicutes;c__Clostridia;o__Clostridiales;f__Ruminococcaceae;g__Anaerotruncus;s__Anaerotruncus_colihominis	k__Bacteria;p__Firmicutes;c__Clostridia;o__Clostridiales;f__Lachnospiraceae;g__Blautia;s__Blautia_obeum	k__Bacteria;p__Bacteroidetes;c__Bacteroidia;o__Bacteroidales;f__Odoribacteraceae;g__Odoribacter;s__Odoribacter_laneus	k__Bacteria;p__Firmicutes;c__Clostridia;o__Clostridiales;f__Ruminococcaceae;g__Ruminiclostridium;s__[Clostridium]_leptum	k__Bacteria;p__Bacteroidetes;c__Bacteroidia;o__Bacteroidales;f__Porphyromonadaceae;g__Parabacteroides;s__Parabacteroides_goldsteinii	k__Bacteria;p__Firmicutes;c__Clostridia;o__Clostridiales;f__Lachnospiraceae;g__Anaerostipes;s__Anaerostipes_hadrus	k__Bacteria;p__Firmicutes;c__Clostridia;o__Clostridiales;f__Ruminococcaceae;g__Ruminococcus;s__Ruminococcus_lactaris	k__Bacteria;p__Firmicutes;c__Clostridia;o__Clostridiales;f__Clostridiaceae;g__Clostridium;s__Clostridium_sp._L2-50	k__Bacteria;p__Firmicutes;c__Clostridia;o__Clostridiales;f__Clostridiaceae;g__Clostridium;s__Clostridium_sp._M62/1	k__Bacteria;p__Firmicutes;c__Clostridia;o__Clostridiales;f__;g__Intestinimonas;s__Intestinimonas_butyriciproducens	k__Bacteria;p__Actinobacteria;c__Actinobacteria;o__Bifidobacteriales;f__Bifidobacteriaceae;g__Bifidobacterium;s__Bifidobacterium_bifidum	k__Bacteria;p__Firmicutes;c__Negativicutes;o__Veillonellales;f__Veillonellaceae;g__Dialister;s__Dialister_invisus	k__Bacteria;p__Bacteroidetes;c__Bacteroidia;o__Bacteroidales;f__Bacteroidaceae;g__Bacteroides;s__Bacteroides_salanitronis
k__Bacteria;p__Bacteroidetes;c__Bacteroidia;o__Bacteroidales;f__Bacteroidaceae;g__Bacteroides;s__Bacteroides_vulgatus	1.0	-0.00742744425629	-0.035492576749	0.00846078988877	-0.00159075827231	-0.00145038104697	0.00214337228374	0.0158031493062	-0.0340915233258	-0.0174776784097	0.0124577905173	0.0145438522493	-0.0212449697501	0.0339677457141	-0.0312510523704	-0.0630041311098	-0.0241239734756	0.0196957512985	-0.0128456119715	0.00269159495452	-0.00551725843255	-0.0217008005598	0.0341916842685	-0.013647329947	0.00517397157178	-0.0370313315686	-0.0133824664722	-0.00772920227943	0.0236409578465	0.0213234101331	-0.0390592190745	-0.013497941022	-0.00944915733838	0.0119146216922	-0.00739521016144	-0.064814555493	0.0374402787245	-0.0132972194915	-0.0416040409875	-0.0249245354868	-0.0335264649342	-0.0204095450666	-0.00104376536941	0.0385719028234	-0.0201308776484	-0.0347197548742	0.13747496034	0.017857583101	-0.0289117436351	0.00566786155764	0.00990498860164	0.0610297385712	-0.0654975042889	0.0254591494985	-0.0171719725334	-0.0364956722335	-0.0180097809932	-0.0257445371745	0.0332366012658
k__Bacteria;p__Bacteroidetes;c__Bacteroidia;o__Bacteroidales;f__Bacteroidaceae;g__Bacteroides;s__Bacteroides_uniformis	-0.00742744425629	1.0	0.0127087857103	-0.0271244126081	0.00496725965759	-0.0307035866205	-0.0456118921552	-0.0312360887475	0.00446974263391	0.000614576449446	-0.0136000926318	-0.0213690161345	-0.0411723254483	0.0521856434536	0.0614372173245	0.0511461183161	-0.0605798766249	-0.0263932418716	-0.0243596199534	0.039295883128	-0.00390678532319	-0.0235849093693	0.0321030879096	-0.023516508828	-0.0297004490287	-0.00695427299262	0.00920219937282	-0.0187923948958	-0.0739287174828	-0.0512337947452	0.0462781219528	0.0271285653166	0.00299888977546	0.0138732071113	0.0898432267571	-0.0431117437306	0.00531422343639	-0.0199461480956	0.0302515544636	-0.053040144576	-0.00829572857744	0.0308390999557	0.000383105292379	-0.028736885351	0.0336414269237	-0.0511341181336	-0.00702582978123	-0.00698128357822	0.0254355104914	-0.0337997303754	-0.0139122568243	0.0470487867371	-0.0283921096991	-0.0359625695281	0.0119036907646	-0.0344422386433	-0.0302010833699	-0.00822707218302	-0.0639350173792
k__Bacteria;p__Bacteroidetes;c__Bacteroidia;o__Bacteroidales;f__Rikenellaceae;g__Alistipes;s__Alistipes_putredinis	-0.035492576749	0.0127087857103	1.0	-0.0477540850878	-0.039947927586	-0.0163121087382	0.0158797326054	-0.0612297919886	-0.0109279493077	-0.0232038493136	0.00691110670423	0.0332856692044	-0.00366086782002	0.0295864889232	0.0367343098982	-0.016422277309	-0.026302199896	-0.0180714168155	0.0436733501083	0.00969725067885	0.0392568428994	-0.0196527553169	-0.0276580875707	-0.0246286561928	-0.0599091391977	-0.0246862632924	-0.0288981262343	-0.00868037028754	-0.00425573265714	0.000838924161976	-0.026335545823	-0.024644137004	0.01974427955	-0.042982275282	-0.0512216859191	-0.0166309275526	-0.0508362536709	0.0272153654037	-0.0139371783107	0.0405845374147	0.0344179525636	0.0575919115415	-0.0765900965391	-0.0109672160867	-0.0249300770075	-0.0208003114241	0.0303415385448	-0.00129075641895	0.0326066568996	0.0637011214254	0.00773353922932	0.0170396046184	0.00524572507467	-0.0502727783299	-0.0443422280471	0.00168860216615	0.0186384885948	-0.0407570866569	-0.0331754243782
k__Bacteria;p__Bacteroidetes;c__Bacteroidia;o__Bacteroidales;f__Prevotellaceae;g__Prevotella;s__Prevotella_copri	0.00846078988877	-0.0271244126081	-0.0477540850878	1.0	0.00103638498849	0.0117885128751	-0.0304998807406	-0.0452012103754	0.00523175578659	0.0431964220699	0.0421834125015	0.0157239299679	-0.0466645997162	-0.0718535413612	0.0399607019943	0.023212701162	0.065275765027	0.00151920602497	-0.0153499630963	-0.0229329781031	-0.0242470894966	0.0257966330862	-0.0381054705651	-0.0185076589582	-0.00427356201813	0.00151543007015	-0.0176172528741	0.00867735177083	-0.0272458332986	0.0205700751446	-0.0151045622842	-0.0293384543998	-0.0422031157928	-0.0637200922212	-0.0544665012996	0.0075464763524	0.0110027715285	-0.033326738886	-0.00862099188752	0.0109153778393	0.0664260306904	-0.0431328052353	-0.0260778484419	-0.0527531811988	-0.00653907023	-0.00643107020487	-0.00937177954223	-0.0199463048013	-0.0113962210565	-0.0125466956758	0.0133373754732	-0.0165903145919	-0.0173632307125	-0.0298212939223	0.0129897983322	0.0221688158789	0.0283905281493	-0.0290062567105	0.0745365329135
k__Bacteria;p__Bacteroidetes;c__Bacteroidia;o__Bacteroidales;f__Bacteroidaceae;g__Bacteroides;s__Bacteroides_stercoris	-0.00159075827231	0.00496725965759	-0.039947927586	0.00103638498849	1.0	-0.0494297249073	-0.0351650359504	0.0279216071634	0.0339723296486	0.0240551375788	0.0291450893884	-0.000138271504656	-0.0102909561524	-0.0155790799402	-0.0102380510075	-0.0102139881648	0.00666169969389	-0.0136356646281	0.0227921462127	-0.0310615345506	0.0573329326439	0.0620489447449	0.00332250758727	0.0144568265257	-0.0155471642002	-0.00933185854182	0.0571547866227	0.00132047171616	-0.00325840512027	-0.00982773614434	-0.0354674619214	-0.019737687092	0.0154769641193	-0.0127705111575	-0.027507336213	-0.0121222315492	-0.0109763749042	-0.00726627518723	-0.0386989925404	0.00342476885507	-0.0260915207458	0.0475304105435	-0.000579472200647	0.0352053692744	-0.0344533800564	0.0416931310066	-0.00294397824068	-0.0305504607373	-0.0397921867607	-0.0302804724815	-0.0286421452135	-0.0551926955903	0.000839163060921	-0.0043526032824	-0.0505049430029	0.0356208919421	0.0168247202216	0.010642469838	0.0484614158136
k__Bacteria;p__Bacteroidetes;c__Bacteroidia;o__Bacteroidales;f__Bacteroidaceae;g__Bacteroides;s__Bacteroides_ovatus	-0.00145038104697	-0.0307035866205	-0.0163121087382	0.0117885128751	-0.0494297249073	1.0	0.0346142242608	0.00327414539792	0.0308161082544	-0.0427751236341	-0.0466128169227	-0.0685016358813	-0.0280803384519	0.00541233891868	-0.00618764327731	-0.013468211361	0.023795746055	-0.00784538692049	0.00371852576659	0.0483413426877	-0.015200841822	0.0353217376123	0.0410174579353	-0.03098769469	-0.0376906853903	0.0126836009238	-0.0242168505146	0.069461481739	0.0246055867115	-0.0428383414197	0.030532298177	-0.0543602348016	0.0629004173712	0.00786405123226	-0.0803607535026	0.00397957629318	-0.0280965113621	-0.048104147933	-0.0370512507788	0.0371168940891	-0.00678909540419	-0.0609483059754	0.0865070858307	-0.0122760644474	0.0108057425698	0.0128428200653	-0.0468798362818	0.00257109887471	0.0201715028233	-0.0669236444577	-0.0126407824028	-0.0452740330831	0.0537690773604	-0.0457970435628	-0.0708448688274	-0.0791616650805	0.00257118986921	-0.00260970941229	-0.00635843916771
k__Bacteria;p__Bacteroidetes;c__Bacteroidia;o__Bacteroidales;f__Rikenellaceae;g__Alistipes;s__Alistipes_shahii	0.00214337228374	-0.0456118921552	0.0158797326054	-0.0304998807406	-0.0351650359504	0.0346142242608	1.0	-0.00401615136172	0.0391663552136	-0.0451856769217	-0.0332079695017	0.0192967039632	-0.0325342132259	0.0369431450416	0.0131787923883	0.00577028033581	-0.0697525912145	0.00733729465287	0.0276090383635	0.00655952405783	0.041430391743	-0.0557580786439	0.0284324196773	0.0636500860674	0.00684967423839	-0.0244119454289	0.0198589840318	-0.00876970923251	-0.00546593446268	0.0577291224454	-0.0229043937616	-0.0330322789111	-0.0059803021225	-0.0336142412592	-0.0185907987575	-0.0366870299659	-0.00503205131097	-0.0163061152871	-0.0135727858004	-0.0122345817294	-0.0288418710634	-0.0399796271438	-0.0124288918886	0.00702900951335	-0.01274731401	-0.00492881135325	-0.0283036960565	0.00857302791138	-0.0591273899907	-0.0204453219496	0.0438981783368	0.00532291617286	-0.0228414755113	-0.0551869776048	-0.0332160336975	-0.0368297273319	-0.037561745665	-0.0216984813547	0.0379632147601
k__Bacteria;p__Firmicutes;c__Clostridia;o__Clostridiales;f__Ruminococcaceae;g__Faecalibacterium;s__Faecalibacterium_prausnitzii	0.0158031493062	-0.0312360887475	-0.0612297919886	-0.0452012103754	0.0279216071634	0.00327414539792	-0.00401615136172	1.0	-0.0308127655114	0.0329059316958	-0.0170417991978	-0.0429797015831	-0.0244731944661	-0.0386310570619	-0.0175425855681	0.0196813688425	0.0209198145608	-0.00197525405397	0.0519144395547	-0.0197560535882	0.0277280231457	-0.0333319476449	0.00697639060974	0.0674166890505	-0.0593288801919	-0.00975944157028	-0.0138481408403	0.040801490383	0.012942892014	-0.0309955189583	-0.0395854047951	0.0303974697249	-0.0548903365755	-0.0438475584762	-0.0399024114858	-0.0157944505836	-0.0324697296551	0.0428030954362	-0.0377841381432	-0.0340408520817	-0.0132811558586	0.0680997108467	0.0468447802341	-0.0323701481565	-0.0151661236189	0.0305178162039	-0.0494391826362	-0.0209966845517	0.0120483528796	-0.0475963042711	-0.00296105334893	0.00296634695957	0.0314734990087	0.00203613792321	0.0188505129172	0.0160441168447	0.0344884324436	0.00947964296796	0.0118473550917
k__Bacteria;p__Bacteroidetes;c__Bacteroidia;o__Bacteroidales;f__Rikenellaceae;g__Alistipes;s__Alistipes_finegoldii	-0.0340915233258	0.00446974263391	-0.0109279493077	0.00523175578659	0.0339723296486	0.0308161082544	0.0391663552136	-0.0308127655114	1.0	-0.0369864340776	-0.0633771672146	0.0139592751754	-0.0335529707116	0.0124279588961	-0.00401934840806	-0.00312536541106	-0.0632721301126	-0.0396051760421	-6.73468585577e-05	-0.0238834065785	0.0311388181268	-0.00864972983909	-0.00696167156331	0.00515013243338	0.0383134977912	-0.0366980928107	-0.0280482115359	0.0277336566192	0.0277148106702	0.00182742441224	0.0129674624866	-0.0328833226731	-0.0448613221978	-0.0420992547501	0.00961897323067	0.00789219285129	-0.00740951891445	-0.0110197793795	-0.00867587731193	-0.0713254712732	0.0192930073691	-0.0147002338596	0.0387369495774	-0.00675851308778	0.0437275459757	-0.0450648685157	-0.00801321672508	0.00645210396782	-0.0406676764025	0.0123986659029	-0.0140468822497	-0.0372686216017	-0.0288412282669	0.00887915205524	-0.0554228161031	0.0533774650736	-0.0116930988653	-0.0248103662893	0.0626232318371
k__Bacteria;p__Bacteroidetes;c__Bacteroidia;o__Bacteroidales;f__Porphyromonadaceae;g__Parabacteroides;s__Parabacteroides_distasonis	-0.0174776784097	0.000614576449446	-0.0232038493136	0.0431964220699	0.0240551375788	-0.0427751236341	-0.0451856769217	0.0329059316958	-0.0369864340776	1.0	0.0148728949539	0.0492813406906	-0.0155587098723	0.0323455069479	-0.00817762158251	-0.0258219903389	0.0113594628288	-0.0634857186298	-0.0130393449617	-0.0382246398352	0.0715554967479	0.009393438964	0.0491910555235	-0.0113598219116	-0.0303322275886	-0.0431529729575	-0.00151059464282	-0.0100800069047	0.0342413797618	-0.0615822760121	0.0330023896504	0.0102731943908	-0.0206833500607	-0.0131197214424	-0.00824216798452	-0.0353735206217	0.0081908715545	0.0384240661711	0.024820504317	0.0330793651724	-0.0668766298969	-0.0351599515958	-0.0291571553529	-0.0283290140046	-0.012605983563	0.0146101864769	0.00316947869176	0.0078618532936	0.015029984581	-0.048119312963	-0.0464841328184	-0.0520966120643	0.000990045325802	-0.0104339392896	-0.0559970425745	-0.021838468789	-0.00665241894249	0.0024314467968	0.0160563422092
k__Bacteria;p__Bacteroidetes;c__Bacteroidia;o__Bacteroidales;f__Bacteroidaceae;g__Bacteroides;s__Bacteroides_thetaiotaomicron	0.0124577905173	-0.0136000926318	0.00691110670423	0.0421834125015	0.0291450893884	-0.0466128169227	-0.0332079695017	-0.0170417991978	-0.0633771672146	0.0148728949539	1.0	0.0104143755425	0.0234514909056	0.0143720665759	0.00440861800704	-0.0274138015406	0.000340409452083	0.0533735712505	-0.0498542855314	-0.0235452523017	0.0288484194946	0.0678296709442	-0.0595595970364	-0.0109024058663	0.00730456098645	0.0171277396459	-0.0261842953583	-0.0140626680233	-0.115447410276	-0.0154973402644	0.0114500437426	-0.0247041113403	0.057825893201	0.00255822604265	-0.0172721359938	-0.0844937888425	-0.0581148379059	-0.00656192258603	-0.0371161181336	-0.0131873752827	0.0559006241629	-0.0299282523072	-0.0187338012489	-0.0689943880972	0.0509050425581	-0.0312618688497	-0.00650832852454	-0.012592310371	-0.0286954319771	0.0348093176641	0.00611892461842	-0.0131848195137	-0.0506366965586	0.062612765517	-0.0123504375386	-0.0181840660704	-0.0430656435683	-0.0532730704766	0.0444718297586
k__Bacteria;p__Bacteroidetes;c__Bacteroidia;o__Bacteroidales;f__Bacteroidaceae;g__Bacteroides;s__Bacteroides_coprocola	0.0145438522493	-0.0213690161345	0.0332856692044	0.0157239299679	-0.000138271504656	-0.0685016358813	0.0192967039632	-0.0429797015831	0.0139592751754	0.0492813406906	0.0104143755425	1.0	-0.0040120033141	0.0168658894045	0.0253560379737	-0.00536831280751	-0.0354010415382	0.00811872191163	-0.0340283312623	-0.0811035140271	0.0263490542362	-0.00973165242511	-0.0217132557843	0.0143912041728	0.0445021805755	0.0185153570948	-0.0251288512376	-0.0441762681602	0.0144905532677	-0.0786247378896	0.0121379335209	0.0146531844419	-0.0569729870231	-0.0949142170809	0.0308245296933	0.00355315651428	0.018062203509	0.0275907314764	0.0270194130447	-0.0490503634848	-0.0013436335656	-0.019079422377	0.0261811863964	0.0150354217646	-0.0131139871579	0.0333179533869	-0.00044797609142	0.0345023578803	-0.00175640481348	-0.051308266126	0.0341773273308	-0.014268049748	0.0265167064244	-0.0116504810698	0.00576163124831	-0.0105987457965	0.0740612315501	-0.0141069680844	0.01840401122
k__Bacteria;p__Bacteroidetes;c__Bacteroidia;o__Bacteroidales;f__Bacteroidaceae;g__Bacteroides;s__Bacteroides_cellulosilyticus	-0.0212449697501	-0.0411723254483	-0.00366086782002	-0.0466645997162	-0.0102909561524	-0.0280803384519	-0.0325342132259	-0.0244731944661	-0.0335529707116	-0.0155587098723	0.0234514909056	-0.0040120033141	1.0	-0.00567262488029	-0.0218581155099	0.0243927998769	0.0516760348226	-0.0270373736846	-0.0308814487478	-0.0385156088459	0.00686179648303	0.0142265210014	0.00667993664069	-0.0875502375407	-0.0207288022338	0.0036831178616	0.0133924245414	0.0179678934653	0.0289258213196	0.00237419190151	-0.00156658302521	-0.00803841846088	0.00599188353037	0.060686842054	-0.0560767143719	-0.0419579448822	0.0132923879269	0.0583792399879	-0.0123513726046	-0.010214104981	0.0334174431426	-0.0151636331877	0.0128136302797	0.010614122701	-0.0278566114546	-0.00414400580622	-0.0139309104514	-0.0183637195793	0.0254076228452	0.00138335679189	0.00753462798953	0.0166085023868	-0.00208697012035	0.00971147367818	0.0416045808045	-0.0366566633113	-0.0424534916816	-0.00880701464424	-0.00260175260678
k__Bacteria;p__Bacteroidetes;c__Bacteroidia;o__Bacteroidales;f__Rikenellaceae;g__Alistipes;s__Alistipes_obesi	0.0339677457141	0.0521856434536	0.0295864889232	-0.0718535413612	-0.0155790799402	0.00541233891868	0.0369431450416	-0.0386310570619	0.0124279588961	0.0323455069479	0.0143720665759	0.0168658894045	-0.00567262488029	1.0	-0.0205643116836	-0.00209276639471	0.0633921850933	-0.0022483205494	-0.0490237074766	0.00828742049461	-0.0238942528575	-0.0563336744492	-0.0297252836648	-0.0109955435135	-0.0103639093057	-0.0363065246246	-0.0080075926244	0.00392156352259	0.0647166549872	-0.0627360618715	-0.0277586653919	-0.0340713955658	-0.0180279641014	0.00534312242296	-0.0382101895454	0.0557583695265	-0.0387513505547	-0.0816604971667	0.0248600330525	-0.0430651481817	0.0211380356723	-0.0344387585602	-0.0143599431427	0.0608636061997	-0.0297657212126	-0.00367394797025	-0.00899391141337	0.0112119360307	0.0188590628818	-0.045547539015	0.0283546880965	-0.00798435109882	0.0090898847197	-0.0255642642999	-0.0435882573478	0.0342483085622	-0.00933241205147	0.0506216246497	-0.0133182262086
k__Bacteria;p__Firmicutes;c__Clostridia;o__Clostridiales;f__Lachnospiraceae;g__;s__[Eubacterium]_rectale	-0.0312510523704	0.0614372173245	0.0367343098982	0.0399607019943	-0.0102380510075	-0.00618764327731	0.0131787923883	-0.0175425855681	-0.00401934840806	-0.00817762158251	0.00440861800704	0.0253560379737	-0.0218581155099	-0.0205643116836	1.0	0.0122036481674	-0.0380681449896	-0.0364973230648	-0.0263130817288	0.0215617812246	-0.00761626413876	-0.056777958872	-0.034916918566	-0.0039070030268	-0.0277209680459	-0.0577237667838	-0.0263036409506	0.0434423441126	0.0261261792853	-0.0262808754541	-0.0322843419	-0.026568449489	-0.00686970958381	0.0275627257424	-0.0389056949875	-0.00882318979849	-0.00565649912316	-0.00448469257668	0.0118114820297	0.00222305520509	0.0149866759144	-0.0348282208679	0.0100620365883	-0.0158759806861	-0.0415728042383	-0.0183305913294	-0.0478509391165	0.0397523709924	0.00879742502521	-0.0173242965853	-0.0132248116174	-0.0428028523349	0.0532513296008	-0.0219105364369	-0.0260555009452	0.0209153059475	-0.011260199418	-0.014346000632	0.0167267400988
k__Bacteria;p__Bacteroidetes;c__Bacteroidia;o__Bacteroidales;f__Bacteroidaceae;g__Bacteroides;s__Bacteroides_plebeius	-0.0630041311098	0.0511461183161	-0.016422277309	0.023212701162	-0.0102139881648	-0.013468211361	0.00577028033581	0.0196813688425	-0.00312536541106	-0.0258219903389	-0.0274138015406	-0.00536831280751	0.0243927998769	-0.00209276639471	0.0122036481674	1.0	-0.0614474073032	0.00418182858444	-0.0358839424696	-0.0104716928596	0.0282481286637	0.0121578144008	0.00127414700478	-0.0186836734363	-0.0114243357142	-0.00156833796501	0.0129626019448	0.0253423023085	-0.0130755073057	0.0581103064847	0.0314094369962	-0.0677604456895	0.00295160737695	0.0663517365454	-0.00906097270434	-0.00756166066155	0.0250229766318	0.00344121174753	0.0311568003626	-0.039966578533	-0.0103335499107	0.0112238510107	0.00034450740028	-0.0392585673859	-0.0235926594763	-0.0301454053437	-0.0048219922828	-0.00495685637766	-0.0121236184787	-0.0416275382164	0.0177795260354	-0.0093865199111	-0.0406925999311	-0.00876596312696	0.0165037014534	-0.00969733775205	-0.0472056261524	-0.033747276226	-0.0395965402779
k__Bacteria;p__Bacteroidetes;c__Bacteroidia;o__Bacteroidales;f__Bacteroidaceae;g__Bacteroides;s__Bacteroides_fragilis	-0.0241239734756	-0.0605798766249	-0.026302199896	0.065275765027	0.00666169969389	0.023795746055	-0.0697525912145	0.0209198145608	-0.0632721301126	0.0113594628288	0.000340409452083	-0.0354010415382	0.0516760348226	0.0633921850933	-0.0380681449896	-0.0614474073032	1.0	-0.023131725874	-0.0813253610857	-0.031246588404	0.0239023648146	0.0252507270346	0.0258754107099	0.0401774836502	-0.0359910200154	-0.0503577364257	0.00151397752046	-0.0011358554092	-0.0780361954681	-0.0325493192409	0.0379912672467	-0.00702292801248	0.0505096120881	-0.0248041135002	0.000945841553026	-0.00309398939553	-0.0214782754699	-0.00474216299714	-0.0180002581003	0.00230595971113	-0.0172611279155	-0.0468843214867	-0.0311598574563	-0.0137621132586	-0.0286029934472	-0.0206210436569	0.0314616713327	-0.0471899331012	-0.0318584358606	-0.0537187852796	0.0772013939729	0.015719516308	-0.0204180539779	0.0515306530181	-0.00772018136184	-0.0234595682639	-0.0123637492868	-0.0167572832275	0.0385616773403
k__Bacteria;p__Proteobacteria;c__Betaproteobacteria;o__Burkholderiales;f__Sutterellaceae;g__Sutterella;s__Sutterella_wadsworthensis	0.0196957512985	-0.0263932418716	-0.0180714168155	0.00151920602497	-0.0136356646281	-0.00784538692049	0.00733729465287	-0.00197525405397	-0.0396051760421	-0.0634857186298	0.0533735712505	0.00811872191163	-0.0270373736846	-0.0022483205494	-0.0364973230648	0.00418182858444	-0.023131725874	1.0	0.0707692534123	0.00258770896936	-0.0267397967042	-0.00923152424881	-0.0277568627514	-0.0518350107172	-0.00808255623493	0.0438112078491	0.0390543164365	-0.016757677195	0.0314224823904	-0.0260911215019	-0.0767751645914	0.0340805717711	0.0243760426841	-0.0257307170574	0.0200314866249	0.0215388874036	-0.0145204218827	-0.0125585261306	-0.0253311939345	-0.0372098561057	-0.0129039536578	-0.0602629329988	0.0142393483911	0.0148997750973	-0.00938307387982	0.00845648454968	-0.0403008537181	0.0295273761256	0.0272848743848	-0.00434985157168	-0.0673593561598	-0.0326752590189	0.00139223546212	-0.0264161215923	0.0660963334708	0.00965566034092	0.00503076788954	0.0139939071024	-0.00552641041127
k__Bacteria;p__Bacteroidetes;c__Bacteroidia;o__Bacteroidales;f__Porphyromonadaceae;g__Barnesiella;s__Barnesiella_intestinihominis	-0.0128456119715	-0.0243596199534	0.0436733501083	-0.0153499630963	0.0227921462127	0.00371852576659	0.0276090383635	0.0519144395547	-6.73468585577e-05	-0.0130393449617	-0.0498542855314	-0.0340283312623	-0.0308814487478	-0.0490237074766	-0.0263130817288	-0.0358839424696	-0.0813253610857	0.0707692534123	1.0	0.0563020174761	-0.0402668106922	-0.0691880501571	-0.0323026765923	0.0729553817143	-0.0307213105018	0.0461309359761	-0.0608751551268	-0.0571489369927	-0.0278487998627	0.0139289305373	0.0202060561886	-0.0733369029166	-0.0146182739829	-0.00533556970821	-0.00407434776505	0.0399421005001	-0.0314886572363	0.0222981776927	0.0351776252373	-0.00475649372295	0.00675828057503	0.0775249720503	0.0297903461354	-0.010304404325	-0.0261456474472	-0.0467193764078	-0.0563593782815	0.0395157915607	-0.000262534083235	-0.00357651304333	-0.00503520860484	0.0187325213701	-0.0237319300162	-0.0319339133104	0.0213600157997	0.014587119433	-0.0401863379944	0.013794846283	-0.0259099333254
k__Bacteria;p__Bacteroidetes;c__Bacteroidia;o__Bacteroidales;f__Odoribacteraceae;g__Odoribacter;s__Odoribacter_splanchnicus	0.00269159495452	0.039295883128	0.00969725067885	-0.0229329781031	-0.0310615345506	0.0483413426877	0.00655952405783	-0.0197560535882	-0.0238834065785	-0.0382246398352	-0.0235452523017	-0.0811035140271	-0.0385156088459	0.00828742049461	0.0215617812246	-0.0104716928596	-0.031246588404	0.00258770896936	0.0563020174761	1.0	-0.0154100870632	-0.0195191807484	-0.0205079264396	0.0336691017778	-0.0463324252013	-0.0219994175909	0.0297144806133	-0.0209308257994	-0.00447620275289	-0.0157476502961	0.0246816632287	-0.0507467352652	-0.0121735880665	-0.0924953170583	-0.00373837002444	-0.0442081909619	-0.0136846476001	-0.0653436563555	0.0515592281632	0.0270769902327	-0.0153441709671	-0.0385888208798	0.0130262074156	-0.021543736144	0.0321090393393	0.000228344249105	-0.0261534408369	-0.00687618060187	0.00845573347873	0.0329517993619	-0.0137542603806	-0.0106981560492	0.0101506711667	-0.0133489001298	-0.0268993360781	-0.0711512252966	-0.0102987916004	0.0235280791467	0.0461499928364
k__Bacteria;p__Bacteroidetes;c__Bacteroidia;o__Bacteroidales;f__Bacteroidaceae;g__Bacteroides;s__Bacteroides_salyersiae	-0.00551725843255	-0.00390678532319	0.0392568428994	-0.0242470894966	0.0573329326439	-0.015200841822	0.041430391743	0.0277280231457	0.0311388181268	0.0715554967479	0.0288484194946	0.0263490542362	0.00686179648303	-0.0238942528575	-0.00761626413876	0.0282481286637	0.0239023648146	-0.0267397967042	-0.0402668106922	-0.0154100870632	1.0	-0.0164485489018	0.00147845540875	0.00885831413877	0.0141224631638	-0.0364154612212	0.0102872209303	-0.00461732112274	-0.050937462259	-0.0669701931658	-0.040541895245	0.0293529936373	-0.0267771776923	-0.00470119028067	0.0461906743192	0.0176018207149	-0.0457362691464	0.0382510475237	-0.0121531280859	0.000960249427124	-0.0282634631051	-0.0406487685811	-0.0195668919665	0.0208185271585	-0.0417108027036	0.0351443500729	-0.0357191887237	-0.0185710239083	0.0489440314726	0.0280053118727	0.00778914312376	-0.051082238333	0.0229046734305	0.0242300790458	-0.0375888447719	-0.00467288387256	0.0231825369332	0.0121532789729	-0.0153945595015
k__Bacteria;p__Firmicutes;c__Clostridia;o__Clostridiales;f__Ruminococcaceae;g__Ruminiclostridium;s__[Eubacterium]_siraeum	-0.0217008005598	-0.0235849093693	-0.0196527553169	0.0257966330862	0.0620489447449	0.0353217376123	-0.0557580786439	-0.0333319476449	-0.00864972983909	0.009393438964	0.0678296709442	-0.00973165242511	0.0142265210014	-0.0563336744492	-0.056777958872	0.0121578144008	0.0252507270346	-0.00923152424881	-0.0691880501571	-0.0195191807484	-0.0164485489018	1.0	0.0412909995113	-0.0202475791938	-0.00841226236476	0.0605033438952	-0.0137961201445	0.017980328262	0.000676939004383	-0.0368267716392	0.00398020443484	0.027770252652	0.00822635831893	0.0490808870421	-0.0132554798885	0.00227958635911	0.0154812179171	-0.00581227959122	0.0498297139108	-0.0413194357581	-0.0131505259473	-0.0269186436345	0.00893051409519	0.0123368008477	0.0317849420208	-0.0439981142431	-0.074564922802	0.0178163764122	0.00301449911626	-0.0593103400083	-0.0281410116196	0.0219315874536	0.0233823432832	0.0175485523419	-0.0356171404025	-0.0254587639239	-0.0190796171693	-0.0288801755797	-0.0356741998643
k__Bacteria;p__Proteobacteria;c__Betaproteobacteria;o__Burkholderiales;f__Sutterellaceae;g__Parasutterella;s__Parasutterella_excrementihominis	0.0341916842685	0.0321030879096	-0.0276580875707	-0.0381054705651	0.00332250758727	0.0410174579353	0.0284324196773	0.00697639060974	-0.00696167156331	0.0491910555235	-0.0595595970364	-0.0217132557843	0.00667993664069	-0.0297252836648	-0.034916918566	0.00127414700478	0.0258754107099	-0.0277568627514	-0.0323026765923	-0.0205079264396	0.00147845540875	0.0412909995113	1.0	-0.00859048210056	-0.00788841230922	0.0085773564067	-0.0335978732982	-0.0448152768153	-0.00954393530005	0.034929584747	-0.00600471493504	0.0558248101181	-0.0293812789258	-0.0373527600589	0.0084209546885	-0.0322499266075	0.0472360940036	-0.0291345863677	-0.0498616065346	-0.0184619853636	0.004484871286	0.035651658108	-0.0540519763149	-0.0199095552339	-0.017881865176	-0.0215284119096	-0.0115761026967	-0.00311946527239	-0.0373439819869	0.00768494788006	0.0213596648958	0.0356898948437	-0.025218101536	-0.00557913412812	-0.00639321159421	0.0346044867279	-0.0243565375492	-0.00817571194094	0.0014788009854
k__Bacteria;p__Actinobacteria;c__Actinobacteria;o__Bifidobacteriales;f__Bifidobacteriaceae;g__Bifidobacterium;s__Bifidobacterium_adolescentis	-0.013647329947	-0.023516508828	-0.0246286561928	-0.0185076589582	0.0144568265257	-0.03098769469	0.0636500860674	0.0674166890505	0.00515013243338	-0.0113598219116	-0.0109024058663	0.0143912041728	-0.0875502375407	-0.0109955435135	-0.0039070030268	-0.0186836734363	0.0401774836502	-0.0518350107172	0.0729553817143	0.0336691017778	0.00885831413877	-0.0202475791938	-0.00859048210056	1.0	-0.0847001272611	-0.0411943040745	0.0675635659201	0.0325431826738	-0.0176510849826	-0.00942956573636	0.0295884668761	-0.0443900470292	-0.0496978926844	0.0276403455461	0.017564196561	-0.0416983321512	0.00214930899036	-0.0255648302866	-0.00371086590357	-0.0397594129301	-0.0134692786353	0.0430405259216	-0.0410349542664	-0.0296887877393	-0.0187822438162	-0.0256228448471	-0.00113230035554	-0.00134761414312	-0.0313429993098	0.0532031035263	0.0260483849586	0.0945844923882	-0.0170737574403	0.0149910616811	-0.0398156961658	-0.0278638423577	0.0478900794155	0.038478282668	0.00227482565992
k__Bacteria;p__Firmicutes;c__Clostridia;o__Clostridiales;f__Oscillospiraceae;g__Oscillibacter;s__Oscillibacter_sp._KLE_1745	0.00517397157178	-0.0297004490287	-0.0599091391977	-0.00427356201813	-0.0155471642002	-0.0376906853903	0.00684967423839	-0.0593288801919	0.0383134977912	-0.0303322275886	0.00730456098645	0.0445021805755	-0.0207288022338	-0.0103639093057	-0.0277209680459	-0.0114243357142	-0.0359910200154	-0.00808255623493	-0.0307213105018	-0.0463324252013	0.0141224631638	-0.00841226236476	-0.00788841230922	-0.0847001272611	1.0	0.0168741944033	-0.020532787762	0.0207722743307	-0.01256341431	-0.0222326069822	0.0208926396129	0.0651092156725	-0.0145741401884	-0.016685323162	-0.0225446227838	0.0138978955885	0.00202375247509	-0.0424964642316	-0.000434718325544	0.0438532081927	0.00465645205565	0.0224205093761	0.00740356303057	-0.0249735846204	0.024451635941	0.043354084356	-0.0415748421871	0.0112120728586	0.0529553559814	0.0109653881178	0.0185140616455	0.00982475859212	0.0306415982678	-0.0049354000597	-0.0369788776848	0.00361862843891	0.00859684008811	0.0320718187045	-0.00408713194312
k__Bacteria;p__Bacteroidetes;c__Bacteroidia;o__Bacteroidales;f__Bacteroidaceae;g__Bacteroides;s__Bacteroides_coprophilus	-0.0370313315686	-0.00695427299262	-0.0246862632924	0.00151543007015	-0.00933185854182	0.0126836009238	-0.0244119454289	-0.00975944157028	-0.0366980928107	-0.0431529729575	0.0171277396459	0.0185153570948	0.0036831178616	-0.0363065246246	-0.0577237667838	-0.00156833796501	-0.0503577364257	0.0438112078491	0.0461309359761	-0.0219994175909	-0.0364154612212	0.0605033438952	0.0085773564067	-0.0411943040745	0.0168741944033	1.0	-0.0097273371606	-0.0392146876912	-0.0382602195333	0.0230959364343	-0.00281020924733	-0.0383851567848	0.0189747909282	-0.0566805765979	0.0576941118972	-0.0539966341221	-0.0229264519791	-0.0170665688483	-0.0385624809579	-0.0751369674627	0.0534404933995	-0.0255880309529	0.0208206227506	-0.0150164467221	0.0150160089256	-0.0169011973864	0.0294845497149	-0.0124269482717	0.0544186866523	-0.00233703187026	0.00941144501628	-0.0400253715783	0.0268289992851	-0.0482699173744	-0.0068657938061	0.00331322700206	-0.0392861644522	0.0130576806745	-0.00549125196013
k__Bacteria;p__Firmicutes;c__Clostridia;o__Clostridiales;f__Lachnospiraceae;g__Roseburia;s__Roseburia_intestinalis	-0.0133824664722	0.00920219937281	-0.0288981262343	-0.0176172528741	0.0571547866227	-0.0242168505146	0.0198589840318	-0.0138481408403	-0.0280482115359	-0.00151059464282	-0.0261842953583	-0.0251288512376	0.0133924245414	-0.0080075926244	-0.0263036409506	0.0129626019448	0.00151397752046	0.0390543164365	-0.0608751551268	0.0297144806133	0.0102872209303	-0.0137961201445	-0.0335978732982	0.0675635659201	-0.020532787762	-0.0097273371606	1.0	-0.0314627161591	-0.00113831046072	-0.0572683290235	0.00715432360551	-0.0117104002663	-0.0239090245667	-0.00632826744806	0.00842320124672	0.0319888128295	0.034520978977	-0.0359405503819	-0.0214685194833	0.00921713850523	-0.00160766587747	-0.0121691791166	-0.0099500583602	0.0214713373406	-0.0654375711739	-0.0453124196603	0.105764155017	0.0342392323246	0.00487053108029	0.00457255046529	0.00670549760408	-0.0224301526414	-0.0204447001589	-0.0384508056757	-0.00238229979999	-0.0201782484652	0.0285941636524	-0.0830081386408	-0.0240393823239
k__Bacteria;p__Firmicutes;c__Clostridia;o__Clostridiales;f__Lachnospiraceae;g__Roseburia;s__Roseburia_hominis	-0.00772920227943	-0.0187923948958	-0.00868037028754	0.00867735177083	0.00132047171616	0.069461481739	-0.00876970923251	0.040801490383	0.0277336566192	-0.0100800069047	-0.0140626680233	-0.0441762681602	0.0179678934653	0.00392156352259	0.0434423441126	0.0253423023085	-0.0011358554092	-0.016757677195	-0.0571489369927	-0.0209308257994	-0.00461732112274	0.017980328262	-0.0448152768153	0.0325431826738	0.0207722743307	-0.0392146876912	-0.0314627161591	1.0	-0.0274698432662	-0.00161139051238	0.0451209952769	0.0305502241366	-0.0251659283232	-0.00154991725234	0.0120647812892	-0.0490039672787	0.0298327872391	-0.0240260552941	0.00607537305166	0.0255419619175	-0.0362394441875	0.0136373648376	-0.0309954901824	0.0319478143505	0.0012335368358	-0.0256730449458	-0.0388404266974	-0.041994980499	-0.0442188526938	0.0186862598283	-0.0430470525514	0.00162016558136	-0.0403284852275	0.0304266480743	-0.028905601694	0.0186018043972	-0.055094012716	0.0570321946556	0.016417565039
k__Bacteria;p__Bacteroidetes;c__Bacteroidia;o__Bacteroidales;f__Porphyromonadaceae;g__Parabacteroides;s__Parabacteroides_johnsonii	0.0236409578465	-0.0739287174828	-0.00425573265714	-0.0272458332986	-0.00325840512027	0.0246055867115	-0.00546593446268	0.012942892014	0.0277148106702	0.0342413797618	-0.115447410276	0.0144905532677	0.0289258213196	0.0647166549872	0.0261261792853	-0.0130755073057	-0.0780361954681	0.0314224823904	-0.0278487998627	-0.00447620275289	-0.050937462259	0.000676939004383	-0.00954393530005	-0.0176510849826	-0.01256341431	-0.0382602195333	-0.00113831046072	-0.0274698432662	1.0	-0.00628366818428	0.00973341580246	0.0167201855101	-0.00759888375975	0.0141134202626	-0.0239804058987	0.00371180628754	-0.0077738431605	0.0104330647359	0.0066845437157	9.71636151882e-06	-0.0334824685698	-0.0116759465586	0.0554153527382	-0.0563280737544	0.0435919766716	-0.0442044253035	-0.0595192750652	-0.017039649229	0.00876445709646	0.0248777181676	0.00065442466407	-0.0109951213127	-0.00391281745282	-0.0161296183564	-0.0435003935775	-0.00294252152712	-0.0183902777724	0.0298667476875	-0.0356301437908
k__Bacteria;p__Actinobacteria;c__Actinobacteria;o__Bifidobacteriales;f__Bifidobacteriaceae;g__Bifidobacterium;s__Bifidobacterium_longum	0.0213234101331	-0.0512337947452	0.000838924161977	0.0205700751446	-0.00982773614434	-0.0428383414197	0.0577291224454	-0.0309955189583	0.00182742441224	-0.0615822760121	-0.0154973402644	-0.0786247378896	0.00237419190151	-0.0627360618715	-0.0262808754541	0.0581103064847	-0.0325493192409	-0.0260911215019	0.0139289305373	-0.0157476502961	-0.0669701931658	-0.0368267716392	0.034929584747	-0.00942956573636	-0.0222326069822	0.0230959364343	-0.0572683290235	-0.00161139051238	-0.00628366818428	1.0	-0.0787312864296	0.00612792884387	0.0405955875312	0.0244013270251	0.0140118427297	-0.0324074995955	0.0466431422609	0.0246926417512	0.0422345496105	-0.0355449554136	0.0222799389509	0.0268786410818	-0.0271565703222	-0.0256654574953	0.0204490857721	0.0179742546973	0.0511239323479	0.0097358264555	0.00870699189594	-0.0143510307502	-0.0251836676507	0.0100708772173	0.0504744258548	0.0272322057259	-0.0282356736254	-0.0231448728461	0.00441552813539	-0.0213511166826	0.0144394111768
