#taxonomy	k__Bacteria;p__Bacteroidetes;c__Bacteroidia;o__Bacteroidales;f__Bacteroidaceae;g__Bacteroides;s__Bacteroides_vulgatus	k__Bacteria;p__Bacteroidetes;c__Bacteroidia;o__Bacteroidales;f__Bacteroidaceae;g__Bacteroides;s__Bacteroides_uniformis	k__Bacteria;p__Bacteroidetes;c__Bacteroidia;o__Bacteroidales;f__Rikenellaceae;g__Alistipes;s__Alistipes_putredinis	k__Bacteria;p__Bacteroidetes;c__Bacteroidia;o__Bacteroidales;f__Prevotellaceae;g__Prevotella;s__Prevotella_copri	k__Bacteria;p__Bacteroidetes;c__Bacteroidia;o__Bacteroidales;f__Bacteroidaceae;g__Bacteroides;s__Bacteroides_stercoris	k__Bacteria;p__Bacteroidetes;c__Bacteroidia;o__Bacteroidales;f__Bacteroidaceae;g__Bacteroides;s__Bacteroides_ovatus	k__Bacteria;p__Bacteroidetes;c__Bacteroidia;o__Bacteroidales;f__Rikenellaceae;g__Alistipes;s__Alistipes_shahii	k__Bacteria;p__Firmicutes;c__Clostridia;o__Clostridiales;f__Ruminococcaceae;g__Faecalibacterium;s__Faecalibacterium_prausnitzii	k__Bacteria;p__Bacteroidetes;c__Bacteroidia;o__Bacteroidales;f__Rikenellaceae;g__Alistipes;s__Alistipes_finegoldii	k__Bacteria;p__Bacteroidetes;c__Bacteroidia;o__Bacteroidales;f__Porphyromonadaceae;g__Parabacteroides;s__Parabacteroides_distasonis	k__Bacteria;p__Bacteroidetes;c__Bacteroidia;o__Bacteroidales;f__Bacteroidaceae;g__Bacteroides;s__Bacteroides_thetaiotaomicron	k__Bacteria;p__Bacteroidetes;c__Bacteroidia;o__Bacteroidales;f__Bacteroidaceae;g__Bacteroides;s__Bacteroides_coprocola	k__Bacteria;p__Bacteroidetes;c__Bacteroidia;o__Bacteroidales;f__Bacteroidaceae;g__Bacteroides;s__Bacteroides_cellulosilyticus	k__Bacteria;p__Bacteroidetes;c__Bacteroidia;o__Bacteroidales;f__Rikenellaceae;g__Alistipes;s__Alistipes_obesi	k__Bacteria;p__Firmicutes;c__Clostridia;o__Clostridiales;f__Lachnospiraceae;g__;s__[Eubacterium]_rectale	k__Bacteria;p__Bacteroidetes;c__Bacteroidia;o__Bacteroidales;f__Bacteroidaceae;g__Bacteroides;s__Bacteroides_plebeius	k__Bacteria;p__Bacteroidetes;c__Bacteroidia;o__Bacteroidales;f__Bacteroidaceae;g__Bacteroides;s__Bacteroides_fragilis	k__Bacteria;p__Proteobacteria;c__Betaproteobacteria;o__Burkholderiales;f__Sutterellaceae;g__Sutterella;s__Sutterella_wadsworthensis	k__Bacteria;p__Bacteroidetes;c__Bacteroidia;o__Bacteroidales;f__Porphyromonadaceae;g__Barnesiella;s__Barnesiella_intestinihominis	k__Bacteria;p__Bacteroidetes;c__Bacteroidia;o__Bacteroidales;f__Odoribacteraceae;g__Odoribacter;s__Odoribacter_splanchnicus	k__Bacteria;p__Bacteroidetes;c__Bacteroidia;o__Bacteroidales;f__Bacteroidaceae;g__Bacteroides;s__Bacteroides_salyersiae	k__Bacteria;p__Firmicutes;c__Clostridia;o__Clostridiales;f__Ruminococcaceae;g__Ruminiclostridium;s__[Eubacterium]_siraeum	k__Bacteria;p__Proteobacteria;c__Betaproteobacteria;o__Burkholderiales;f__Sutterellaceae;g__Parasutterella;s__Parasutterella_excrementihominis	k__Bacteria;p__Actinobacteria;c__Actinobacteria;o__Bifidobacteriales;f__Bifidobacteriaceae;g__Bifidobacterium;s__Bifidobacterium_adolescentis	k__Bacteria;p__Firmicutes;c__Clostridia;o__Clostridiales;f__Oscillospiraceae;g__Oscillibacter;s__Oscillibacter_sp._KLE_1745	k__Bacteria;p__Bacteroidetes;c__Bacteroidia;o__Bacteroidales;f__Bacteroidaceae;g__Bacteroides;s__Bacteroides_coprophilus	k__Bacteria;p__Firmicutes;c__Clostridia;o__Clostridiales;f__Lachnospiraceae;g__Roseburia;s__Roseburia_intestinalis	k__Bacteria;p__Firmicutes;c__Clostridia;o__Clostridiales;f__Lachnospiraceae;g__Roseburia;s__Roseburia_hominis	k__Bacteria;p__Bacteroidetes;c__Bacteroidia;o__Bacteroidales;f__Porphyromonadaceae;g__Parabacteroides;s__Parabacteroides_johnsonii	k__Bacteria;p__Actinobacteria;c__Actinobacteria;o__Bifidobacteriales;f__Bifidobacteriaceae;g__Bifidobacterium;s__Bifidobacterium_longum	k__Bacteria;p__Firmicutes;c__Clostridia;o__Clostridiales;f__;g__Flavonifractor;s__Flavonifractor_plautii	k__Bacteria;p__Firmicutes;c__Clostridia;o__Clostridiales;f__Clostridiaceae;g__Clostridium;s__Clostridium_phoceensis	k__Bacteria;p__Verrucomicrobia;c__Verrucomicrobiae;o__Verrucomicrobiales;f__Akkermansiaceae;g__Akkermansia;s__Akkermansia_muciniphila	k__Bacteria;p__Bacteroidetes;c__Bacteroidia;o__Bacteroidales;f__Prevotellaceae;g__Paraprevotella;s__Paraprevotella_xylaniphila	k__Bacteria;p__Firmicutes;c__Clostridia;o__Clostridiales;f__Ruminococcaceae;g__Ruminococcus;s__Ruminococcus_callidus	k__Bacteria;p__Bacteroidetes;c__Bacteroidia;o__Bacteroidales;f__Rikenellaceae;g__Alistipes;s__Alistipes_senegalensis	k__Bacteria;p__Firmicutes;c__Clostridia;o__Clostridiales;f__Lachnospiraceae;g__Blautia;s__Blautia_sp._KLE_1732	k__Bacteria;p__Bacteroidetes;c__Bacteroidia;o__Bacteroidales;f__Bacteroidaceae;g__Bacteroides;s__Bacteroides_oleiciplenus	k__Bacteria;p__Firmicutes;c__Clostridia;o__Clostridiales;f__Ruminococcaceae;g__Ruminococcus;s__Ruminococcus_bicirculans	k__Bacteria;p__Bacteroidetes;c__Bacteroidia;o__Bacteroidales;f__Bacteroidaceae;g__Bacteroides;s__Bacteroides_fluxus	k__Bacteria;p__Bacteroidetes;c__Bacteroidia;o__Bacteroidales;f__Prevotellaceae;g__Prevotella;s__Prevotella_stercorea	k__Bacteria;p__Firmicutes;c__Clostridia;o__Clostridiales;f__Lachnospiraceae;g__Dorea;s__Dorea_longicatena	k__Bacteria;p__Firmicutes;c__Clostridia;o__Clostridiales;f__Eubacteriaceae;g__Eubacterium;s__[Eubacterium]_eligens	k__Bacteria;p__Firmicutes;c__Clostridia;o__Clostridiales;f__Ruminococcaceae;g__;s__Ruminococcaceae_bacterium_D16	k__Bacteria;p__Firmicutes;c__Clostridia;o__Clostridiales;f__Lachnospiraceae;g__Coprococcus;s__Coprococcus_comes	k__Bacteria;p__Proteobacteria;c__Gammaproteobacteria;o__Enterobacterales;f__Enterobacteriaceae;g__Escherichia;s__Escherichia_coli	k__Bacteria;p__Firmicutes;c__Clostridia;o__Clostridiales;f__Ruminococcaceae;g__Anaerotruncus;s__Anaerotruncus_colihominis	k__Bacteria;p__Firmicutes;c__Clostridia;o__Clostridiales;f__Lachnospiraceae;g__Blautia;s__Blautia_obeum	k__Bacteria;p__Bacteroidetes;c__Bacteroidia;o__Bacteroidales;f__Odoribacteraceae;g__Odoribacter;s__Odoribacter_laneus	k__Bacteria;p__Firmicutes;c__Clostridia;o__Clostridiales;f__Ruminococcaceae;g__Ruminiclostridium;s__[Clostridium]_leptum	k__Bacteria;p__Bacteroidetes;c__Bacteroidia;o__Bacteroidales;f__Porphyromonadaceae;g__Parabacteroides;s__Parabacteroides_goldsteinii	k__Bacteria;p__Firmicutes;c__Clostridia;o__Clostridiales;f__Lachnospiraceae;g__Anaerostipes;s__Anaerostipes_hadrus	k__Bacteria;p__Firmicutes;c__Clostridia;o__Clostridiales;f__Ruminococcaceae;g__Ruminococcus;s__Ruminococcus_lactaris	k__Bacteria;p__Firmicutes;c__Clostridia;o__Clostridiales;f__Clostridiaceae;g__Clostridium;s__Clostridium_sp._L2-50	k__Bacteria;p__Firmicutes;c__Clostridia;o__Clostridiales;f__Clostridiaceae;g__Clostridium;s__Clostridium_sp._M62/1	k__Bacteria;p__Firmicutes;c__Clostridia;o__Clostridiales;f__;g__Intestinimonas;s__Intestinimonas_butyriciproducens	k__Bacteria;p__Actinobacteria;c__Actinobacteria;o__Bifidobacteriales;f__Bifidobacteriaceae;g__Bifidobacterium;s__Bifidobacterium_bifidum	k__Bacteria;p__Firmicutes;c__Negativicutes;o__Veillonellales;f__Veillonellaceae;g__Dialister;s__Dialister_invisus	k__Bacteria;p__Bacteroidetes;c__Bacteroidia;o__Bacteroidales;f__Bacteroidaceae;g__Bacteroides;s__Bacteroides_salanitronis
k__Bacteria;p__Bacteroidetes;c__Bacteroidia;o__Bacteroidales;f__Bacteroidaceae;g__Bacteroides;s__Bacteroides_vulgatus	1.0	-0.0463758888445	0.0193036365729	-0.0472972018688	-0.0349582982471	-0.0490809414603	0.0194500235648	-0.042051943614	0.00610495821725	-0.0106408233294	-0.0616018150304	0.0391058780821	0.038472199173	-0.0219220242244	-0.0104410650843	0.00638373391022	-0.00164665574831	0.0780989568262	-0.00439957921095	-0.0347797385755	-0.0120418341249	0.0414794577408	0.0329346777511	-0.0415189594761	0.0253459654131	-0.051621880635	-0.00762330402624	0.0227752520917	0.00349134072376	0.00550344893648	-0.00669975471005	0.0152659385757	-0.024084879132	0.0575266107565	-0.00993630613844	0.00616933399843	-0.0460479810212	0.0172355590707	0.0285912376036	0.0399243733865	-0.01863746996	0.00367437650598	-0.0830412157635	-0.00129119940516	0.0251978322875	-0.0282267209652	-0.0182037571571	0.0396463764701	-0.0304401695015	-0.0332621170185	0.0229942063626	-0.0442873720452	-0.00841495657056	-0.0389600431056	-0.0686760517612	-0.0289588193328	0.00869554523658	-0.0332777232325	-0.00801488871915
k__Bacteria;p__Bacteroidetes;c__Bacteroidia;o__Bacteroidales;f__Bacteroidaceae;g__Bacteroides;s__Bacteroides_uniformis	-0.0463758888445	1.0	-0.0166555002245	-0.040061271893	-0.00235698570851	0.00856318391986	0.0011595785891	-0.022129335553	-0.0656069567508	-0.00752631746974	0.0549522363808	0.00676373217368	-0.0238069275232	-0.0169549078427	-0.0568841074108	0.00955097849264	-0.0368861981081	-0.00641208959405	-0.0626398923811	-0.0219492881843	-0.00536680299208	0.0592404435517	-0.0247242167461	-0.0277739854066	0.0177596557466	0.0295470257531	-0.0362813703499	-0.0487399796276	-5.52062517126e-06	0.0247863915903	0.025963510543	0.00212073247996	0.0200355796619	-0.0265916528204	0.0219121421667	-0.0433541160086	-0.028184752008	-0.0401318887396	0.00829946589021	0.020537006871	-0.00219113945689	-0.0015354093791	-0.0278598626658	0.0160945706655	-0.0166404784414	0.0591664670982	0.0178551158211	0.0482282476954	-0.0413557379213	0.0375443877704	-0.0138713065217	-0.0349518298087	-0.0294508741661	-0.0319713325929	0.0115069576352	0.00819264480198	0.0174175545467	-0.0151955294822	-0.00515632885749
k__Bacteria;p__Bacteroidetes;c__Bacteroidia;o__Bacteroidales;f__Rikenellaceae;g__Alistipes;s__Alistipes_putredinis	0.0193036365729	-0.0166555002245	1.0	-0.00477318846593	-0.0313202042201	-0.0127972906198	-0.000480413489006	-0.0651299595309	0.0267568881482	0.00790846007913	-0.026881442992	-0.00755148187269	0.050944250422	0.0324264956485	-0.0409743078605	0.0432490653956	-0.0203454320167	-0.00402859670892	-0.0289330768405	0.0366339353213	-0.0403128787845	-0.0211309208368	0.0135722663573	0.0172747218347	-0.0610782358312	0.0211720044292	-0.04338657575	0.0362264187607	-0.0177234100126	0.0154978648661	-0.019536968679	0.0485567664856	0.010811219352	-0.0269568715237	-0.0042822287519	0.0257497363988	0.0137335413304	0.0341167646634	0.00959312775311	0.0269315750078	0.0203565779858	-0.0295303926041	0.00566604813106	0.0398473595526	-0.0709670008947	0.0347660140813	-0.0277883074779	-0.00857734484477	-0.00468931845989	-0.0228083941305	-0.033789019948	-0.0657820630352	0.0152820958115	0.00869879764515	-0.00184471341744	0.0127550584045	0.000217405497005	-0.066325033342	0.0200025334765
k__Bacteria;p__Bacteroidetes;c__Bacteroidia;o__Bacteroidales;f__Prevotellaceae;g__Prevotella;s__Prevotella_copri	-0.0472972018688	-0.040061271893	-0.00477318846593	1.0	-0.0503951468166	0.0271199458975	-0.0193600065219	-0.0286754542841	-0.0168325853518	0.00482748736326	0.0557226320459	-0.016650206287	-0.0496357787355	0.00360888056747	0.00709227337484	-0.0552326523356	-0.0107275591331	0.0311571476287	-0.0121138983571	0.00383402382308	-0.0141387435417	-0.0763288495531	-0.0470634292293	0.000403115770413	0.0554321797634	0.0065844850998	-0.0119294017015	-0.056900794385	0.0167032152579	-0.0651387697046	-0.00081875773639	-0.0515043910584	-0.0339717797871	-0.0156303757641	-0.0392518341786	0.0013213948171	0.0734685873795	0.00712101918488	-0.0169659942767	0.0592500650215	-0.0193841122926	-0.0240492650579	-0.0182127534537	-0.0540725001947	0.0284515318531	-0.0377857093604	0.00453999301608	-0.0256236707596	0.017432087051	-0.0448649893709	-0.0124110431177	0.0149707017307	0.0147783372669	0.0430220026119	-0.0157912304187	0.024405904409	0.0173819937586	-0.0133796588767	-0.0611701025251
k__Bacteria;p__Bacteroidetes;c__Bacteroidia;o__Bacteroidales;f__Bacteroidaceae;g__Bacteroides;s__Bacteroides_stercoris	-0.0349582982471	-0.00235698570851	-0.0313202042201	-0.0503951468166	1.0	-0.0145761777803	0.0224479690851	-0.024914506857	-0.00220793107671	-0.0284992381833	-0.0380310676244	-0.0647256957157	-0.0187207578465	-0.0238585313634	-0.000746304890792	-0.0102338930726	-0.00882736115488	-0.0189908988523	0.0107226796877	0.032922821509	-0.0270534439526	0.0234828699381	-0.0408847676067	0.0518893043325	0.0695314734132	0.00197181402055	-0.0411058118324	0.0134164828632	0.0549328169856	0.0229614831488	-0.00690364347109	-0.0075276578391	0.0416038999799	-0.0291396831868	-0.0563394455502	0.0412484230287	-0.0187164355379	0.00510639567639	-0.0357164825918	0.0233900278561	0.0205431986438	-0.0131921837415	0.0179228589956	-0.0115189606237	-0.00147398129511	-0.0296344793433	0.0071469211539	-0.0359903346419	-0.0291671389138	-0.0300046687727	-0.0337346016396	0.0257738676809	-0.0320024375353	-0.00246377111408	0.0307019647348	-0.0244722839874	0.0422615552952	0.0263360067571	-0.0638140717366
k__Bacteria;p__Bacteroidetes;c__Bacteroidia;o__Bacteroidales;f__Bacteroidaceae;g__Bacteroides;s__Bacteroides_ovatus	-0.0490809414603	0.00856318391986	-0.0127972906198	0.0271199458975	-0.0145761777803	1.0	0.0182768627932	-0.0208882388419	-0.056693458047	-0.0272776247099	0.00125410629618	-0.0212310184457	-0.0792350946529	-0.0107385010225	-0.0375959800033	0.0606878265061	0.0252938145566	-0.0844229609583	0.00271519345996	0.00732338146779	-0.0543769725885	0.0247391382541	-0.0353768393495	0.0181076260447	-0.0738121157834	0.00781963655392	-0.0190508892317	-0.038833516517	-0.0663245432012	0.0043076228145	0.0244227297898	-0.0213748944194	-0.00845335406374	-0.0282052548475	-0.0120263247505	-0.00054150548949	0.0439481343338	0.0066520379049	-0.0119465313749	0.00522232017056	-0.0308397387884	0.00274376889152	0.0135857728484	-0.00438899120295	-0.00267649111054	-0.0498754110542	0.0277728880337	0.0124037588759	-0.0146443474199	0.0285037499429	-0.0156321815859	0.0303023205827	0.00843787913098	-0.0368891084006	0.0184085239778	0.0240234874181	-0.0204962086415	0.0145693761476	0.0164042521132
k__Bacteria;p__Bacteroidetes;c__Bacteroidia;o__Bacteroidales;f__Rikenellaceae;g__Alistipes;s__Alistipes_shahii	0.0194500235648	0.0011595785891	-0.000480413489006	-0.0193600065219	0.0224479690851	0.0182768627932	1.0	-0.00388814924393	-0.0592048733835	-0.0512070723953	-0.0234861727933	-0.0217731160873	0.0441765758584	0.01639814813	-0.00402983771008	-0.0331625950458	0.0128331710646	-0.0125486589715	0.00190373960648	0.0217863786289	0.0264325045264	0.0283023087259	-0.0545788786485	-0.0375740349734	-0.0383501443518	0.0397869254295	0.0209341541471	-0.0196840464552	-0.00612393241093	-0.000158304009519	0.00795106030951	-0.027610347206	0.0370629338289	-0.0170817426783	-0.0648697483653	-0.0386657911715	-0.0312294883575	-0.0276434073566	0.0480048873826	0.0166886629504	0.00878380943506	-0.0131985805814	0.00612008258745	0.0267221561575	-0.0423412709693	0.0196217692003	-0.00710131226386	-0.000289270583404	-0.0188080132579	0.0179085835751	-0.0255262375861	-0.0282230024146	-0.00754436539641	0.0100179332166	-0.0297271284551	0.0289948714889	-0.040532375759	-0.0158980972807	0.00376542417315
k__Bacteria;p__Firmicutes;c__Clostridia;o__Clostridiales;f__Ruminococcaceae;g__Faecalibacterium;s__Faecalibacterium_prausnitzii	-0.042051943614	-0.022129335553	-0.0651299595309	-0.0286754542841	-0.024914506857	-0.0208882388419	-0.00388814924393	1.0	-0.0862472738978	0.0173354509981	0.0102151997119	0.0194189159397	-0.0115623066154	-0.0576831229324	-0.0448968600301	-0.0170926941228	0.0369179064886	-0.0490059567812	0.0410410141869	-0.0509744499559	0.00604272094845	-0.0269029527717	0.0356410378752	-0.037654088878	0.0081189013871	0.0330770009681	-0.10234294083	0.019568020317	-0.0242718447697	-0.00599123376345	0.0198232096235	0.00464543870947	0.0126820087346	-0.00506945799139	-0.0271382094898	0.043590231458	0.00543170901451	0.0379775089643	0.0291299089728	-0.0297129793054	0.0118403875344	-0.0616390316851	0.0676054685809	-0.0134117792834	-0.00706918824259	0.0791667605762	0.0343368318939	-0.0169217743773	-0.0631264613527	-0.00608965059621	-0.00729218942063	0.0708339631277	0.00862888220432	-0.0138995279276	0.0186225309735	-0.0648537053114	-0.0145311487301	-0.0016515384245	0.00319474798022
k__Bacteria;p__Bacteroidetes;c__Bacteroidia;o__Bacteroidales;f__Rikenellaceae;g__Alistipes;s__Alistipes_finegoldii	0.00610495821725	-0.0656069567508	0.0267568881482	-0.0168325853518	-0.00220793107671	-0.056693458047	-0.0592048733835	-0.0862472738978	1.0	-0.043448152863	-0.0192966931827	0.0095900717356	0.0232468686271	0.00363648288542	-0.00336409201096	-0.0301960074479	0.0424048128211	-0.0192431558754	-0.0343163685025	0.0100677021761	-0.0504397128329	-0.0245481532388	-0.00243324841369	0.0313568087572	-0.0356975572466	-0.0219690636263	0.0284692060377	-0.00402593109825	0.0811787386985	-0.00532285980734	-0.0093483885477	-0.0152750399935	-0.0490007982554	-0.00449109712767	-0.0181757791896	-0.0101704634751	-0.0413027246226	0.0139862014548	-0.0597702263564	0.0425810152063	0.0431789742627	-0.0354454639584	-0.0249871782184	-0.000806037318549	0.0476584362173	-0.0181151329068	-0.00371477562511	0.0338139373182	-0.00718170849163	-0.00445645961943	-0.0286623041101	0.0156761719586	0.0209836547027	0.0174776822842	-0.00485806855331	-0.0498300885978	-0.0102592838316	-0.00455533511394	0.0193986917963
k__Bacteria;p__Bacteroidetes;c__Bacteroidia;o__Bacteroidales;f__Porphyromonadaceae;g__Parabacteroides;s__Parabacteroides_distasonis	-0.0106408233294	-0.00752631746974	0.00790846007913	0.00482748736326	-0.0284992381833	-0.0272776247099	-0.0512070723953	0.0173354509981	-0.043448152863	1.0	0.00169577620061	-0.0201419829106	0.00710444797562	-0.0426012459732	-0.0296554443902	0.0444084112068	-0.00465745534092	-0.000919344495635	0.0669675046197	0.0237422312588	0.0127388979063	-0.0230085762757	-0.0454015996126	0.0495084368691	0.0204740340893	-0.0488660487723	-0.00906085909237	0.0137553994079	-0.0124576512444	-0.0451747048809	0.0185886778551	0.00466140402596	0.0253283028164	0.00316442026619	0.0191891471032	-0.0416462377925	0.0373667226842	0.016461652883	0.00974782172162	-0.0107030273966	-0.0127542137019	-0.00756190319815	-0.026985565041	-0.0282120803952	0.0335815268042	0.039467430153	0.0188889473252	0.00506552477998	-0.00342911530562	0.00349562079508	0.00746075624555	-0.0122791596973	-0.0176601541549	0.0435288072035	0.000696474336017	0.0376198291341	-0.0337595693633	-0.0101132586377	-0.0722095124005
k__Bacteria;p__Bacteroidetes;c__Bacteroidia;o__Bacteroidales;f__Bacteroidaceae;g__Bacteroides;s__Bacteroides_thetaiotaomicron	-0.0616018150304	0.0549522363808	-0.026881442992	0.0557226320459	-0.0380310676244	0.00125410629618	-0.0234861727933	0.0102151997119	-0.0192966931827	0.00169577620061	1.0	-0.0031880091633	0.0554855363815	-0.0373960837236	0.0260685068303	0.0293541344968	-0.0489511197367	-0.0383095527766	0.0162194135501	-0.0273422794271	-0.021784280894	0.0342532418206	-0.0332071346936	0.0492525366823	-0.00506902682998	-0.0118391417927	-0.0916234583376	-0.0237601607731	-0.0506322428531	0.031294837913	0.0717062822268	-0.0174968941283	-0.0508692457041	-0.0152080346637	0.0249756125798	-0.0061242031809	-0.00517182564256	0.0626007835798	-0.0493945323351	-0.0414615474823	0.0148148012538	-0.0599433963347	-0.00725938081624	-0.00392902585972	0.00485298948168	-0.00818717166202	-0.0141230747022	-0.0341271633148	0.00376779556571	0.000327141424925	-0.0262110350806	-0.0134358229333	0.0122111581648	0.0085546251735	-0.0481377745975	-0.00866569660789	-0.0227189020613	0.0034741563425	0.0166444496026
k__Bacteria;p__Bacteroidetes;c__Bacteroidia;o__Bacteroidales;f__Bacteroidaceae;g__Bacteroides;s__Bacteroides_coprocola	0.0391058780821	0.00676373217368	-0.00755148187269	-0.016650206287	-0.0647256957157	-0.0212310184457	-0.0217731160873	0.0194189159397	0.0095900717356	-0.0201419829106	-0.0031880091633	1.0	0.0269699871871	-0.0197188986507	-0.0184259208566	-0.00745335685341	0.0429689895297	-0.0367931600968	-0.0855313554655	0.00965397096135	-0.0251954754313	-0.00569098814659	-0.00541097053638	0.0104633344419	-0.0134800103866	-0.0671993687982	0.0233331779167	-0.0455104264199	-0.0442001696187	0.0195488783468	0.0203407000045	0.0201254832759	-0.0224423823321	0.024126556632	-0.00797127148762	-0.0061910186972	0.00761038687611	-0.0840483979189	-0.034585577303	0.00178922536585	-0.0245953700088	-0.0150695809378	-0.0756937003423	-0.0376070102706	-0.0119375560454	-0.0105053177637	-0.0308354728013	0.00935137095937	0.0329551137295	-0.0504465208645	0.0345657993143	-0.00248550548682	0.0397355963028	-0.0299476366944	-0.0288985110356	-0.0406710919535	-0.0155746812786	-0.000950585801778	0.0609651921061
k__Bacteria;p__Bacteroidetes;c__Bacteroidia;o__Bacteroidales;f__Bacteroidaceae;g__Bacteroides;s__Bacteroides_cellulosilyticus	0.038472199173	-0.0238069275232	0.050944250422	-0.0496357787355	-0.0187207578465	-0.0792350946529	0.0441765758584	-0.0115623066154	0.0232468686271	0.00710444797562	0.0554855363815	0.0269699871871	1.0	0.0132554162503	-0.00860870829493	0.0408046436681	0.0133158331326	-0.0297893903291	0.0174216269204	-0.0177785972302	0.030228753821	0.00957243585607	0.0490174010804	-0.0180486719599	0.0228714104094	-0.00205008471629	0.0228738262428	0.00841344955835	-0.00294069007281	-0.0720666321397	-0.0272977596868	-0.0300605259498	-0.00196442623135	0.0208715229626	-0.0144025408463	-0.0366131912674	-0.00318267909565	0.00942182154136	0.0487476880542	-0.0451529417676	-0.00997875164829	-0.05687206921	0.00432607184656	0.0541863296999	-0.0298490483375	-0.0073646868105	-0.0288835641319	-0.0287391518063	-0.0413867459898	-0.0198272656862	-0.00152758858632	-0.00934509403179	-0.0202174729897	0.0976150823239	-0.0215938213128	-0.0355988083292	-0.0529282001582	-0.0217360438955	-0.0558252307057
k__Bacteria;p__Bacteroidetes;c__Bacteroidia;o__Bacteroidales;f__Rikenellaceae;g__Alistipes;s__Alistipes_obesi	-0.0219220242244	-0.0169549078427	0.0324264956485	0.00360888056747	-0.0238585313634	-0.0107385010225	0.01639814813	-0.0576831229324	0.00363648288542	-0.0426012459732	-0.0373960837236	-0.0197188986507	0.0132554162503	1.0	0.0301466423217	-0.00682318150261	-0.0360874004483	-0.0571818340483	-0.0404126298194	-0.00449413586608	0.00126805713996	0.0312709359892	-0.014962640262	-0.00965161091086	-0.0121938840088	-0.0293628647203	-0.0247867569811	-0.0571567367575	-0.0225882953346	-0.0364324241814	0.00897167523539	0.00470556199322	0.0279777684092	-0.0204296949369	-0.0180310977369	-0.0506686736529	-0.00367867895616	0.00132540256973	-0.0128758030902	0.0101052145126	-0.00756930837546	-0.0302623729126	0.0199818204068	-0.0396751592634	-0.0671970916523	0.0176650481776	0.0891597185144	-0.0165737484107	0.0266442888337	0.0173873577292	0.00407069996421	-0.022700967019	-0.0186295018256	0.0293319078274	0.0142248611399	-0.0187943737044	0.000908481195545	0.0256426982338	0.0143483978339
k__Bacteria;p__Firmicutes;c__Clostridia;o__Clostridiales;f__Lachnospiraceae;g__;s__[Eubacterium]_rectale	-0.0104410650843	-0.0568841074108	-0.0409743078605	0.00709227337484	-0.000746304890792	-0.0375959800033	-0.00402983771008	-0.0448968600301	-0.00336409201096	-0.0296554443902	0.0260685068303	-0.0184259208566	-0.00860870829493	0.0301466423217	1.0	-0.0243379112434	0.0449737640436	-0.0425450622776	-0.0613364474787	-0.0440746571879	0.00220835859405	-0.0211972132965	0.0340397316955	0.015857028558	-0.021249695266	-0.0126611411709	0.0121912642659	0.0134662266923	-0.0516424050325	0.00409395379181	-0.0137127396911	-0.0552850870665	0.00538073316651	-0.0447772533486	-0.0600635868767	-0.0488833378746	-0.000196527895216	-0.0404956986483	0.0471210314526	0.0499666152283	-0.0333228443735	0.0739630872204	0.0152825051439	-0.0125513344965	0.00759041895172	-0.0234779186717	0.0332612304842	0.0182900470354	-0.053906384464	0.028986869216	0.0127446436601	-0.0145630703356	0.000741480742526	-0.0141760264524	0.0297203718177	-0.00574578527176	-0.020726072377	0.0107800134632	-0.0574103033107
k__Bacteria;p__Bacteroidetes;c__Bacteroidia;o__Bacteroidales;f__Bacteroidaceae;g__Bacteroides;s__Bacteroides_plebeius	0.00638373391022	0.00955097849264	0.0432490653956	-0.0552326523356	-0.0102338930726	0.0606878265061	-0.0331625950458	-0.0170926941228	-0.0301960074479	0.0444084112068	0.0293541344968	-0.00745335685341	0.0408046436681	-0.00682318150261	-0.0243379112434	1.0	-0.00249653418225	-0.000870152573933	-0.0533165244923	0.00204754746424	-0.0742724613174	0.0728063704939	0.0061920682174	-0.00221411603347	0.0424661694221	0.0274510035282	0.0162332348966	-0.0852185338725	-0.0448207819714	0.0231934160388	0.0257665191244	-0.00822860535348	-0.0210271009532	-0.0463610015245	-0.0109159823058	0.00131649275933	-0.000354289200497	-0.0997401087245	-0.00755045800804	0.0135795652574	-0.0625544961742	0.0176569510037	-0.0621287956962	0.0538484146541	0.052669457212	0.0129841682195	-0.0893124319684	-0.00786841986306	0.0438593376405	-0.0032531945987	-0.0382589091125	0.0177801891717	-0.014513459972	-0.0148604086871	0.00788978283422	0.0388213030149	0.00928956789722	-0.0321713862655	-0.00697416854923
k__Bacteria;p__Bacteroidetes;c__Bacteroidia;o__Bacteroidales;f__Bacteroidaceae;g__Bacteroides;s__Bacteroides_fragilis	-0.00164665574831	-0.0368861981081	-0.0203454320167	-0.0107275591331	-0.00882736115488	0.0252938145566	0.0128331710646	0.0369179064886	0.0424048128211	-0.00465745534092	-0.0489511197367	0.0429689895297	0.0133158331326	-0.0360874004483	0.0449737640436	-0.00249653418225	1.0	0.0247313530906	0.0346510050101	0.0470493943328	-0.0377138945459	-0.0412084284391	-0.010722605288	0.0112824396531	-0.00199426165023	0.0214163507972	0.00523382569143	-0.0285607977005	-0.0163972245061	0.0579693448951	-0.00758919601477	-0.0440597934426	0.0104934079858	-0.0629844896935	-0.0358341856894	-0.0250314161359	-0.0140283509461	0.0143223248946	-0.0272112389086	-0.0771627504938	-0.043609938745	0.0292339880902	0.057830904283	-0.0119460067494	0.0163470349194	-0.0174840457909	-0.0243068933542	0.0110878810399	0.0255733437457	-0.0074889447723	-0.0212261386392	-0.00556932482214	0.00798784307203	0.0276896955609	-0.0311960344676	-0.00951738400649	0.00814646429617	-0.0184112131309	-0.018738593754
k__Bacteria;p__Proteobacteria;c__Betaproteobacteria;o__Burkholderiales;f__Sutterellaceae;g__Sutterella;s__Sutterella_wadsworthensis	0.0780989568262	-0.00641208959405	-0.00402859670892	0.0311571476287	-0.0189908988523	-0.0844229609583	-0.0125486589715	-0.0490059567812	-0.0192431558754	-0.000919344495635	-0.0383095527766	-0.0367931600968	-0.0297893903291	-0.0571818340483	-0.0425450622776	-0.000870152573933	0.0247313530906	1.0	0.0231517499231	0.0151927737414	-0.0331417456236	0.00128605413986	-0.0485732613906	0.0372447757913	0.0392358623888	-0.051346828221	-0.0346169127967	0.0164917137374	0.0126078373522	0.0337925800979	-0.0311193520737	-0.0217544386314	-0.0147594359	0.0109298709549	0.0146886868467	-0.0335506352741	-0.0729299055216	0.0254100416428	-0.0184142085881	-0.00846663833242	0.0021664473645	-0.0235735568077	-0.00573471631567	-0.0650413934325	-0.0397188689851	-0.0356839480582	-0.0202739071338	0.0282031759134	0.0387719952659	0.00132990748585	-0.0318877593093	-0.00283074592572	0.029774083697	-0.00580557456976	-0.0133057707706	-0.00177986281399	0.0414448333036	0.0109059741269	-0.0107645149531
k__Bacteria;p__Bacteroidetes;c__Bacteroidia;o__Bacteroidales;f__Porphyromonadaceae;g__Barnesiella;s__Barnesiella_intestinihominis	-0.00439957921095	-0.0626398923811	-0.0289330768405	-0.0121138983571	0.0107226796877	0.00271519345996	0.00190373960648	0.0410410141869	-0.0343163685025	0.0669675046197	0.0162194135501	-0.0855313554655	0.0174216269204	-0.0404126298194	-0.0613364474787	-0.0533165244923	0.0346510050101	0.0231517499231	1.0	0.0123908173997	0.0140838216106	-0.0641154373477	0.00824111045541	0.00965955281517	-0.0274781055902	0.0445995672972	-0.0215663817695	0.0315052929998	-0.0229123914666	0.0622885052913	-0.0294447960255	-0.00933633270595	0.0112795551599	0.012825573223	-0.0131117930109	0.0597881238533	-0.0343688504641	-0.0576486775095	0.00994560667844	-0.0524033314134	0.0319212413476	-0.0240440618726	-0.0372950299407	0.025400002956	0.00544633420098	-0.0361714654883	-0.017143138863	-0.034774921706	-0.0488850002008	0.024579555097	0.0508897607735	0.00151344116001	-0.0307020078322	-0.0313977357642	0.0504262381924	0.0471675145548	0.0372681566215	-0.00205508827418	-0.0432265377962
k__Bacteria;p__Bacteroidetes;c__Bacteroidia;o__Bacteroidales;f__Odoribacteraceae;g__Odoribacter;s__Odoribacter_splanchnicus	-0.0347797385755	-0.0219492881843	0.0366339353213	0.00383402382308	0.032922821509	0.00732338146779	0.0217863786289	-0.0509744499559	0.0100677021761	0.0237422312588	-0.0273422794271	0.00965397096135	-0.0177785972302	-0.00449413586608	-0.0440746571879	0.00204754746424	0.0470493943328	0.0151927737414	0.0123908173997	1.0	-0.0245142393996	-0.0527083881582	0.0202389944608	0.0330651849193	-0.0425354949818	0.0556935271237	-0.0639786054238	-0.0418158445106	0.0473377755387	-0.0255776454615	-0.0102646682434	0.0034210793949	0.00699399244831	0.001013570368	-0.0205374526901	-0.00872526158859	0.0748787118191	0.0115577505908	-0.025978025812	0.00183326710042	-0.0463921057199	-0.0526984954111	-0.054616519214	-0.0747617804318	-0.0324062356633	-0.0046835267152	-0.00314222958119	-0.0291361610142	0.015689524946	-0.0291964704556	0.050442189939	0.0474810546898	0.0273842145026	0.00553808927286	-0.0180669916489	0.0007964594571	-0.00777442392857	-0.0317050652453	-0.0175766943513
k__Bacteria;p__Bacteroidetes;c__Bacteroidia;o__Bacteroidales;f__Bacteroidaceae;g__Bacteroides;s__Bacteroides_salyersiae	-0.0120418341249	-0.00536680299208	-0.0403128787845	-0.0141387435417	-0.0270534439526	-0.0543769725885	0.0264325045264	0.00604272094845	-0.0504397128329	0.0127388979063	-0.021784280894	-0.0251954754313	0.030228753821	0.00126805713996	0.00220835859405	-0.0742724613174	-0.0377138945459	-0.0331417456236	0.0140838216106	-0.0245142393996	1.0	0.040886145602	0.0492535484484	-0.022726422364	-0.0548223437949	0.00761718807894	0.0420657652325	-0.0251030005115	0.00426547194736	-0.0136579201307	-0.0356388480454	0.0196260341819	-0.00909372214015	-0.0109156502996	0.00229673751296	-0.000141144693173	-0.0369189068429	-0.0412713532382	0.0115969516926	0.0032112699402	0.0244304963805	0.0078040326364	-0.00905482771683	0.048481673757	-0.0410139431032	-0.0114312853706	-0.0683345341843	0.0423115221484	-0.0160428831935	-0.00485850278218	0.0474270703062	0.00189875946798	0.00417491471712	0.0282430271951	0.00275761431478	-0.0587190088877	-0.0330659535796	-0.00102663001568	0.00838619352263
k__Bacteria;p__Firmicutes;c__Clostridia;o__Clostridiales;f__Ruminococcaceae;g__Ruminiclostridium;s__[Eubacterium]_siraeum	0.0414794577408	0.0592404435517	-0.0211309208368	-0.0763288495531	0.0234828699381	0.0247391382541	0.0283023087259	-0.0269029527717	-0.0245481532388	-0.0230085762757	0.0342532418206	-0.00569098814659	0.00957243585607	0.0312709359892	-0.0211972132965	0.0728063704939	-0.0412084284391	0.00128605413986	-0.0641154373477	-0.0527083881582	0.040886145602	1.0	0.0206654660988	0.0299795404024	-0.0548773006204	-0.0148329806745	-0.00864851596644	0.00370305437229	0.0177508473169	0.0401568508762	-0.0266223533538	0.0272540532118	-0.0221820225539	0.0206344545128	-0.0132199092872	-0.00571998899392	-0.0539281988512	0.0148784615302	-0.000631388101031	0.041718607126	-0.00588102554839	-0.0207288286432	0.0375393892146	0.00896917809053	0.0146717300344	0.01210384804	0.00752808734022	-0.00275118399678	0.0188164149954	0.062497212906	-0.0393157165732	0.0107834259564	-0.0336542950221	-0.0248635955865	-0.0690507272862	0.0450505821423	0.0316411173978	0.00502512249688	-0.0129167516144
k__Bacteria;p__Proteobacteria;c__Betaproteobacteria;o__Burkholderiales;f__Sutterellaceae;g__Parasutterella;s__Parasutterella_excrementihominis	0.0329346777511	-0.0247242167461	0.0135722663573	-0.0470634292293	-0.0408847676067	-0.0353768393495	-0.0545788786485	0.0356410378752	-0.00243324841369	-0.0454015996126	-0.0332071346936	-0.00541097053638	0.0490174010804	-0.014962640262	0.0340397316955	0.0061920682174	-0.010722605288	-0.0485732613906	0.00824111045541	0.0202389944608	0.0492535484484	0.0206654660988	1.0	-0.0340581378112	-0.0293552046276	-0.036794089894	0.0239603301648	0.00626536965944	0.0269245513294	-0.0101136719635	0.0323105498107	-0.020385637099	-0.0143617326554	-0.0161912825113	-0.0171359702812	-0.00487779778563	0.020390371283	0.000364910094312	-0.0442226800412	-0.0115476457616	-0.0258446620124	-0.0177049073635	-0.0168194651389	-0.0149102092836	-0.0125202086385	-0.102952142018	-0.0376162815095	-0.00767430392234	-0.0398494403503	0.00267353290147	-0.0314091917193	-0.0286916166396	0.00924203124176	-0.00671165864966	0.030144130663	0.0092942367918	-0.0507015718814	-0.0208862975541	-0.00982914472921
k__Bacteria;p__Actinobacteria;c__Actinobacteria;o__Bifidobacteriales;f__Bifidobacteriaceae;g__Bifidobacterium;s__Bifidobacterium_adolescentis	-0.0415189594761	-0.0277739854066	0.0172747218347	0.000403115770414	0.0518893043325	0.0181076260447	-0.0375740349734	-0.037654088878	0.0313568087572	0.0495084368691	0.0492525366823	0.0104633344419	-0.0180486719599	-0.00965161091086	0.015857028558	-0.00221411603347	0.0112824396531	0.0372447757913	0.00965955281517	0.0330651849193	-0.022726422364	0.0299795404024	-0.0340581378112	1.0	0.0287251693597	-0.00966102973637	-0.0169991121016	-0.0306764330041	-0.0149155946365	-0.0323213460274	0.0366866400028	-0.0132400229573	-0.0210141594107	0.0324553163858	0.0280178023897	-0.0110524248313	0.00882025403682	0.0123759999134	0.0144766538483	0.0130718620354	0.0569813547069	0.0730717997639	0.0304971283417	-0.0510793880573	-0.0390426041005	-0.0601407182319	0.00410880616488	0.0122745141713	0.00225493992491	-0.0781109333004	0.0398100372931	-0.0548707843013	0.015592329717	-0.0475113518489	-0.0646025187633	-0.0697056263564	-0.0431012444992	0.0468312510531	-0.0144802220085
k__Bacteria;p__Firmicutes;c__Clostridia;o__Clostridiales;f__Oscillospiraceae;g__Oscillibacter;s__Oscillibacter_sp._KLE_1745	0.0253459654131	0.0177596557466	-0.0610782358312	0.0554321797634	0.0695314734132	-0.0738121157834	-0.0383501443518	0.0081189013871	-0.0356975572466	0.0204740340893	-0.00506902682998	-0.0134800103866	0.0228714104094	-0.0121938840088	-0.021249695266	0.0424661694221	-0.00199426165023	0.0392358623888	-0.0274781055902	-0.0425354949818	-0.0548223437949	-0.0548773006204	-0.0293552046276	0.0287251693597	1.0	-0.0112432309445	-0.0592330570133	-0.0147194282206	0.00451310806259	0.0113815754238	-0.00140984635267	0.044436663871	0.00514928427433	0.00304628745931	-0.00624240852289	-0.0230747087403	0.0251482782038	-0.0137877828176	0.00619971087706	0.0714760959847	-0.0378585484176	0.0243015002115	-0.0303321038916	-0.0165741234418	-0.00572534094247	0.00585643379183	-0.0191109688749	-0.0326243751086	-0.00420205926035	-0.0349166955448	0.0299140518462	0.00237447276187	-0.00209197365558	-0.0334013214101	-0.0247869364354	-0.0114274896353	-0.000451810701218	0.0291931908436	-0.00528404619229
k__Bacteria;p__Bacteroidetes;c__Bacteroidia;o__Bacteroidales;f__Bacteroidaceae;g__Bacteroides;s__Bacteroides_coprophilus	-0.051621880635	0.0295470257531	0.0211720044292	0.0065844850998	0.00197181402055	0.00781963655392	0.0397869254295	0.0330770009681	-0.0219690636263	-0.0488660487723	-0.0118391417927	-0.0671993687982	-0.00205008471629	-0.0293628647203	-0.0126611411709	0.0274510035282	0.0214163507972	-0.051346828221	0.0445995672972	0.0556935271237	0.00761718807894	-0.0148329806745	-0.036794089894	-0.00966102973637	-0.0112432309445	1.0	0.00141615172822	-0.0136148355322	-0.00986693539957	-0.0647350001024	0.0149081579131	0.0153970015862	-0.0369731982741	-0.0444647064959	-0.0325561545493	-0.0283187928349	-0.00896127805532	0.0358212258528	-0.00415633138406	0.00353045472458	-0.0325743211903	-0.00820480746987	-0.0100089114438	-0.00224100492211	0.0116650339214	0.013408283102	-0.0293478857923	-0.00930780035005	-0.0246053250976	0.0149833326661	-0.0314739814985	0.0295794415178	0.0522366822202	-0.000568571329264	-0.0385998117761	-0.0382280310605	0.00376883806274	-0.0332128587649	-0.0159631786718
k__Bacteria;p__Firmicutes;c__Clostridia;o__Clostridiales;f__Lachnospiraceae;g__Roseburia;s__Roseburia_intestinalis	-0.00762330402624	-0.0362813703499	-0.04338657575	-0.0119294017015	-0.0411058118324	-0.0190508892317	0.0209341541471	-0.10234294083	0.0284692060377	-0.00906085909237	-0.0916234583376	0.0233331779167	0.0228738262428	-0.0247867569811	0.0121912642659	0.0162332348966	0.00523382569143	-0.0346169127967	-0.0215663817695	-0.0639786054238	0.0420657652325	-0.00864851596644	0.0239603301648	-0.0169991121016	-0.0592330570133	0.00141615172822	1.0	-0.00182811538294	-0.0468242219876	-0.0736615757332	-0.0235841430002	0.0278621085757	-0.0384208796815	0.0280564541983	-0.00764969252272	-0.0446208859748	-0.0172968975204	0.0168306259706	0.0217562178107	-0.0311433622839	-0.0343435546594	0.0359919916091	-0.0175826416264	-0.0204803367799	0.0490585999635	-0.00529411269551	0.000422547905599	0.0115079666789	0.00506662045879	0.00788676938284	0.00678215440087	-0.00802065072939	-0.0242895208609	0.0231915633147	0.0408893575702	0.0396219868197	-0.0233024058281	0.00430675409369	-0.043275860449
k__Bacteria;p__Firmicutes;c__Clostridia;o__Clostridiales;f__Lachnospiraceae;g__Roseburia;s__Roseburia_hominis	0.0227752520917	-0.0487399796276	0.0362264187607	-0.056900794385	0.0134164828632	-0.038833516517	-0.0196840464552	0.019568020317	-0.00402593109825	0.0137553994079	-0.0237601607731	-0.0455104264199	0.00841344955835	-0.0571567367575	0.0134662266923	-0.0852185338725	-0.0285607977005	0.0164917137374	0.0315052929998	-0.0418158445106	-0.0251030005115	0.00370305437229	0.00626536965944	-0.0306764330041	-0.0147194282206	-0.0136148355322	-0.00182811538294	1.0	-0.0225832596276	0.0351667033441	-0.0351762038339	-0.0215783960131	-0.0110377623613	-0.0172394454463	-0.0221135686321	0.00792757875819	0.0132096848503	-0.0502049490526	-0.00589214741836	0.00647192107774	0.0445466735228	0.0503041640913	0.0754839137899	-0.0331276439697	0.0679712546911	-0.0301846556868	0.0203029987243	-0.0329005304403	-0.0439264829079	-0.0454103366491	-0.0637835582562	-0.00042616379122	-0.0118546721981	-0.022503929791	0.0292847540333	0.0504953626603	-0.0302382055309	0.0109544154573	0.0080105027463
k__Bacteria;p__Bacteroidetes;c__Bacteroidia;o__Bacteroidales;f__Porphyromonadaceae;g__Parabacteroides;s__Parabacteroides_johnsonii	0.00349134072376	-5.52062517117e-06	-0.0177234100126	0.0167032152579	0.0549328169856	-0.0663245432012	-0.00612393241093	-0.0242718447697	0.0811787386985	-0.0124576512444	-0.0506322428531	-0.0442001696187	-0.00294069007281	-0.0225882953346	-0.0516424050325	-0.0448207819714	-0.0163972245061	0.0126078373522	-0.0229123914666	0.0473377755387	0.00426547194736	0.0177508473169	0.0269245513294	-0.0149155946365	0.00451310806259	-0.00986693539957	-0.0468242219876	-0.0225832596276	1.0	0.041759903779	-0.0141362578004	0.0576162639596	-0.047481010165	-0.0361069512084	-0.034239026839	0.0137803664623	-0.00714755107174	-0.0152589253341	0.02984157278	0.0237832691624	0.0183771074595	-0.0134345803316	-0.0329532049781	-0.0257706689211	-0.00174781955381	0.0194232530665	-0.0112983543242	-0.0709165668889	-0.00290451814828	0.0357751743682	-0.0550083900602	0.0435704111185	-0.0466580872757	-0.00845933858564	-0.03878157642	0.0127819034027	-0.0144239313547	-0.0362010325809	-0.0596803715461
k__Bacteria;p__Actinobacteria;c__Actinobacteria;o__Bifidobacteriales;f__Bifidobacteriaceae;g__Bifidobacterium;s__Bifidobacterium_longum	0.00550344893648	0.0247863915903	0.0154978648661	-0.0651387697046	0.0229614831488	0.0043076228145	-0.000158304009519	-0.00599123376345	-0.00532285980734	-0.0451747048809	0.031294837913	0.0195488783468	-0.0720666321397	-0.0364324241814	0.00409395379181	0.0231934160388	0.0579693448951	0.0337925800979	0.0622885052913	-0.0255776454615	-0.0136579201307	0.0401568508762	-0.0101136719635	-0.0323213460274	0.0113815754238	-0.0647350001024	-0.0736615757332	0.0351667033441	0.041759903779	1.0	-0.0107383369655	-0.122465714579	-0.016602095606	-0.0086037840711	0.0441632865568	0.06631636568	-0.000779166701973	0.0457943637397	0.0366373631526	-0.00967717115934	0.0196330586472	-0.00103799087036	-0.00166973521412	-0.0512249493773	0.0102345796511	0.00646188978474	-0.033241150474	-0.00619905946775	-0.0151518192386	-0.00989429262076	0.0101315471031	0.0331660040459	0.044373026486	-0.0180686044717	-0.0104170102714	-0.00766377881572	-0.0711010807067	-0.00572100265236	-0.0116255143126
