#taxonomy	k__Bacteria;p__Bacteroidetes;c__Bacteroidia;o__Bacteroidales;f__Bacteroidaceae;g__Bacteroides;s__Bacteroides_vulgatus	k__Bacteria;p__Bacteroidetes;c__Bacteroidia;o__Bacteroidales;f__Bacteroidaceae;g__Bacteroides;s__Bacteroides_uniformis	k__Bacteria;p__Bacteroidetes;c__Bacteroidia;o__Bacteroidales;f__Rikenellaceae;g__Alistipes;s__Alistipes_putredinis	k__Bacteria;p__Bacteroidetes;c__Bacteroidia;o__Bacteroidales;f__Prevotellaceae;g__Prevotella;s__Prevotella_copri	k__Bacteria;p__Bacteroidetes;c__Bacteroidia;o__Bacteroidales;f__Bacteroidaceae;g__Bacteroides;s__Bacteroides_stercoris	k__Bacteria;p__Bacteroidetes;c__Bacteroidia;o__Bacteroidales;f__Bacteroidaceae;g__Bacteroides;s__Bacteroides_ovatus	k__Bacteria;p__Bacteroidetes;c__Bacteroidia;o__Bacteroidales;f__Rikenellaceae;g__Alistipes;s__Alistipes_shahii	k__Bacteria;p__Firmicutes;c__Clostridia;o__Clostridiales;f__Ruminococcaceae;g__Faecalibacterium;s__Faecalibacterium_prausnitzii	k__Bacteria;p__Bacteroidetes;c__Bacteroidia;o__Bacteroidales;f__Rikenellaceae;g__Alistipes;s__Alistipes_finegoldii	k__Bacteria;p__Bacteroidetes;c__Bacteroidia;o__Bacteroidales;f__Porphyromonadaceae;g__Parabacteroides;s__Parabacteroides_distasonis	k__Bacteria;p__Bacteroidetes;c__Bacteroidia;o__Bacteroidales;f__Bacteroidaceae;g__Bacteroides;s__Bacteroides_thetaiotaomicron	k__Bacteria;p__Bacteroidetes;c__Bacteroidia;o__Bacteroidales;f__Bacteroidaceae;g__Bacteroides;s__Bacteroides_coprocola	k__Bacteria;p__Bacteroidetes;c__Bacteroidia;o__Bacteroidales;f__Bacteroidaceae;g__Bacteroides;s__Bacteroides_cellulosilyticus	k__Bacteria;p__Bacteroidetes;c__Bacteroidia;o__Bacteroidales;f__Rikenellaceae;g__Alistipes;s__Alistipes_obesi	k__Bacteria;p__Firmicutes;c__Clostridia;o__Clostridiales;f__Lachnospiraceae;g__;s__[Eubacterium]_rectale	k__Bacteria;p__Bacteroidetes;c__Bacteroidia;o__Bacteroidales;f__Bacteroidaceae;g__Bacteroides;s__Bacteroides_plebeius	k__Bacteria;p__Bacteroidetes;c__Bacteroidia;o__Bacteroidales;f__Bacteroidaceae;g__Bacteroides;s__Bacteroides_fragilis	k__Bacteria;p__Proteobacteria;c__Betaproteobacteria;o__Burkholderiales;f__Sutterellaceae;g__Sutterella;s__Sutterella_wadsworthensis	k__Bacteria;p__Bacteroidetes;c__Bacteroidia;o__Bacteroidales;f__Porphyromonadaceae;g__Barnesiella;s__Barnesiella_intestinihominis	k__Bacteria;p__Bacteroidetes;c__Bacteroidia;o__Bacteroidales;f__Odoribacteraceae;g__Odoribacter;s__Odoribacter_splanchnicus	k__Bacteria;p__Bacteroidetes;c__Bacteroidia;o__Bacteroidales;f__Bacteroidaceae;g__Bacteroides;s__Bacteroides_salyersiae	k__Bacteria;p__Firmicutes;c__Clostridia;o__Clostridiales;f__Ruminococcaceae;g__Ruminiclostridium;s__[Eubacterium]_siraeum	k__Bacteria;p__Proteobacteria;c__Betaproteobacteria;o__Burkholderiales;f__Sutterellaceae;g__Parasutterella;s__Parasutterella_excrementihominis	k__Bacteria;p__Actinobacteria;c__Actinobacteria;o__Bifidobacteriales;f__Bifidobacteriaceae;g__Bifidobacterium;s__Bifidobacterium_adolescentis	k__Bacteria;p__Firmicutes;c__Clostridia;o__Clostridiales;f__Oscillospiraceae;g__Oscillibacter;s__Oscillibacter_sp._KLE_1745	k__Bacteria;p__Bacteroidetes;c__Bacteroidia;o__Bacteroidales;f__Bacteroidaceae;g__Bacteroides;s__Bacteroides_coprophilus	k__Bacteria;p__Firmicutes;c__Clostridia;o__Clostridiales;f__Lachnospiraceae;g__Roseburia;s__Roseburia_intestinalis	k__Bacteria;p__Firmicutes;c__Clostridia;o__Clostridiales;f__Lachnospiraceae;g__Roseburia;s__Roseburia_hominis	k__Bacteria;p__Bacteroidetes;c__Bacteroidia;o__Bacteroidales;f__Porphyromonadaceae;g__Parabacteroides;s__Parabacteroides_johnsonii	k__Bacteria;p__Actinobacteria;c__Actinobacteria;o__Bifidobacteriales;f__Bifidobacteriaceae;g__Bifidobacterium;s__Bifidobacterium_longum	k__Bacteria;p__Firmicutes;c__Clostridia;o__Clostridiales;f__;g__Flavonifractor;s__Flavonifractor_plautii	k__Bacteria;p__Firmicutes;c__Clostridia;o__Clostridiales;f__Clostridiaceae;g__Clostridium;s__Clostridium_phoceensis	k__Bacteria;p__Verrucomicrobia;c__Verrucomicrobiae;o__Verrucomicrobiales;f__Akkermansiaceae;g__Akkermansia;s__Akkermansia_muciniphila	k__Bacteria;p__Bacteroidetes;c__Bacteroidia;o__Bacteroidales;f__Prevotellaceae;g__Paraprevotella;s__Paraprevotella_xylaniphila	k__Bacteria;p__Firmicutes;c__Clostridia;o__Clostridiales;f__Ruminococcaceae;g__Ruminococcus;s__Ruminococcus_callidus	k__Bacteria;p__Bacteroidetes;c__Bacteroidia;o__Bacteroidales;f__Rikenellaceae;g__Alistipes;s__Alistipes_senegalensis	k__Bacteria;p__Firmicutes;c__Clostridia;o__Clostridiales;f__Lachnospiraceae;g__Blautia;s__Blautia_sp._KLE_1732	k__Bacteria;p__Bacteroidetes;c__Bacteroidia;o__Bacteroidales;f__Bacteroidaceae;g__Bacteroides;s__Bacteroides_oleiciplenus	k__Bacteria;p__Firmicutes;c__Clostridia;o__Clostridiales;f__Ruminococcaceae;g__Ruminococcus;s__Ruminococcus_bicirculans	k__Bacteria;p__Bacteroidetes;c__Bacteroidia;o__Bacteroidales;f__Bacteroidaceae;g__Bacteroides;s__Bacteroides_fluxus	k__Bacteria;p__Bacteroidetes;c__Bacteroidia;o__Bacteroidales;f__Prevotellaceae;g__Prevotella;s__Prevotella_stercorea	k__Bacteria;p__Firmicutes;c__Clostridia;o__Clostridiales;f__Lachnospiraceae;g__Dorea;s__Dorea_longicatena	k__Bacteria;p__Firmicutes;c__Clostridia;o__Clostridiales;f__Eubacteriaceae;g__Eubacterium;s__[Eubacterium]_eligens	k__Bacteria;p__Firmicutes;c__Clostridia;o__Clostridiales;f__Ruminococcaceae;g__;s__Ruminococcaceae_bacterium_D16	k__Bacteria;p__Firmicutes;c__Clostridia;o__Clostridiales;f__Lachnospiraceae;g__Coprococcus;s__Coprococcus_comes	k__Bacteria;p__Proteobacteria;c__Gammaproteobacteria;o__Enterobacterales;f__Enterobacteriaceae;g__Escherichia;s__Escherichia_coli	k__Bacteria;p__Firmicutes;c__Clostridia;o__Clostridiales;f__Ruminococcaceae;g__Anaerotruncus;s__Anaerotruncus_colihominis	k__Bacteria;p__Firmicutes;c__Clostridia;o__Clostridiales;f__Lachnospiraceae;g__Blautia;s__Blautia_obeum	k__Bacteria;p__Bacteroidetes;c__Bacteroidia;o__Bacteroidales;f__Odoribacteraceae;g__Odoribacter;s__Odoribacter_laneus	k__Bacteria;p__Firmicutes;c__Clostridia;o__Clostridiales;f__Ruminococcaceae;g__Ruminiclostridium;s__[Clostridium]_leptum	k__Bacteria;p__Bacteroidetes;c__Bacteroidia;o__Bacteroidales;f__Porphyromonadaceae;g__Parabacteroides;s__Parabacteroides_goldsteinii	k__Bacteria;p__Firmicutes;c__Clostridia;o__Clostridiales;f__Lachnospiraceae;g__Anaerostipes;s__Anaerostipes_hadrus	k__Bacteria;p__Firmicutes;c__Clostridia;o__Clostridiales;f__Ruminococcaceae;g__Ruminococcus;s__Ruminococcus_lactaris	k__Bacteria;p__Firmicutes;c__Clostridia;o__Clostridiales;f__Clostridiaceae;g__Clostridium;s__Clostridium_sp._L2-50	k__Bacteria;p__Firmicutes;c__Clostridia;o__Clostridiales;f__Clostridiaceae;g__Clostridium;s__Clostridium_sp._M62/1	k__Bacteria;p__Firmicutes;c__Clostridia;o__Clostridiales;f__;g__Intestinimonas;s__Intestinimonas_butyriciproducens	k__Bacteria;p__Actinobacteria;c__Actinobacteria;o__Bifidobacteriales;f__Bifidobacteriaceae;g__Bifidobacterium;s__Bifidobacterium_bifidum	k__Bacteria;p__Firmicutes;c__Negativicutes;o__Veillonellales;f__Veillonellaceae;g__Dialister;s__Dialister_invisus	k__Bacteria;p__Bacteroidetes;c__Bacteroidia;o__Bacteroidales;f__Bacteroidaceae;g__Bacteroides;s__Bacteroides_salanitronis
k__Bacteria;p__Bacteroidetes;c__Bacteroidia;o__Bacteroidales;f__Bacteroidaceae;g__Bacteroides;s__Bacteroides_vulgatus	1.0	0.0200267123313	-0.018716443952	-0.00254203013524	0.0228509289116	-0.0251703943639	-0.0270410105472	-0.0112384860849	0.0472354873799	0.026268965406	-0.00633611749248	-0.0298748406728	-0.019006040904	0.00390557256733	-0.012499048307	-0.00103421495425	0.0186110295805	-0.0110235642013	0.0249075929428	0.0158131100906	0.0242361038791	-0.0387483547011	0.020065489162	-0.00708178780674	-0.0334729226859	-0.0244579396742	0.0167978604319	0.0213834387755	-0.0269852104878	-0.0122455824214	-0.0461323467889	0.0298037507427	0.0411795305896	0.0383452040255	-0.0925297917047	-0.0262399097822	0.0125136879565	0.00369388518243	-0.0762063018474	0.00219030015037	0.00880519912366	-0.00173140872822	-0.0534709451677	0.0173161397054	-0.0259826993255	-0.0543282187139	0.0239289521064	0.0305272818712	-0.0182615027759	-0.0311001952274	0.0246933515599	-0.021441814736	-0.00307158327035	0.0117273109564	-0.0213225044842	0.0547704950091	0.0365305205993	-0.0398741022687	-0.00916967797213
k__Bacteria;p__Bacteroidetes;c__Bacteroidia;o__Bacteroidales;f__Bacteroidaceae;g__Bacteroides;s__Bacteroides_uniformis	0.0200267123313	1.0	-0.0200384934248	0.0166255685363	-0.032723549582	0.000736074445055	0.014238942016	-0.0478225894841	0.0283081317657	-0.0162218379869	0.0391597831826	-0.0281184342558	-0.0776208797902	-0.0261655860701	0.00143296873795	0.0521571041304	-0.00232599659873	-0.0168307307665	0.0369377777664	0.00970999539422	-0.0824120374551	-0.0545876353001	-0.0183193026448	-0.0187664469371	0.0111257948101	0.0159428241448	0.0215391916882	-0.00506908117066	-0.0206031012186	0.0668315370372	0.0384484365111	-0.0280712402769	-0.0530858220268	0.016057205403	0.0600373288687	0.0357004047027	-0.0360712685785	0.0373502990443	-0.0264060680278	0.0192968878853	-0.0328489083247	-0.0376170187285	-0.0234166219198	-0.0026310904525	-0.0493513106262	-0.0270317403608	-0.021430476246	-0.0334707101147	0.033916763363	-0.0147867988181	-0.0220312273744	-0.0817817169598	0.0315612951545	0.0194924147875	-0.0798568198683	0.000432490057695	0.0171517478404	0.023651456216	-0.0139691325857
k__Bacteria;p__Bacteroidetes;c__Bacteroidia;o__Bacteroidales;f__Rikenellaceae;g__Alistipes;s__Alistipes_putredinis	-0.018716443952	-0.0200384934248	1.0	-0.0139655277768	0.0218979128266	-0.00950596583775	-0.0579493410024	0.0495119727213	0.0060357387476	0.00266243722108	0.0638484493192	-0.0413752922554	-0.0126339980871	0.0127528355482	0.0175492710588	-0.0438976534869	-0.0581799977851	0.0454657508352	-0.0128924967664	-0.00913823650444	-0.05387219992	0.0252650745173	-0.0300112763258	-0.0181633883865	0.0198641096798	-0.0397623973628	0.0418667812544	-0.00177026932889	-0.0289939790461	-0.0270548445142	-0.00673633099131	0.0556233603514	0.0155882424776	-0.0254277564715	0.0269646547272	0.0378808659663	-0.0522970219471	-0.060744000599	-0.0326442287635	-0.0275785788734	-0.0105107146575	-0.0274478412584	-0.00235461507992	-0.000959433728566	-0.0609631494572	-0.0250577113858	-0.00524139220645	0.0600248370511	0.0271124260618	-0.0152629903897	0.00016614553266	-0.0139641668502	0.0204621462901	-0.0100994411873	0.00905067524546	0.0314611365649	-0.00495149403032	-0.00346823316572	-0.0300757136271
k__Bacteria;p__Bacteroidetes;c__Bacteroidia;o__Bacteroidales;f__Prevotellaceae;g__Prevotella;s__Prevotella_copri	-0.00254203013524	0.0166255685363	-0.0139655277768	1.0	-0.0562641783245	-0.0397317449139	0.0280472048302	0.0126269188729	-0.0532388884973	0.0151039398351	0.0453590222032	-0.0643841404185	-0.00365162742963	0.0455691005263	-0.0632537072598	0.000648306351508	0.00379016781043	-0.0166686207222	0.0301601325289	-0.015231274214	-0.0427433331411	-0.0383674385805	0.0231564646591	0.0253872658445	-0.0148106012659	-0.00569746092758	-0.00826409757437	0.00635955537525	0.0278963501729	-0.0136538118275	0.0241311024311	0.059331881498	-0.0234590610008	0.00418749867379	-0.0402428911037	-0.0134007511595	0.0626271780288	-0.0174906106074	-0.0123231596459	-0.0193696918618	0.0159058647455	-0.0436266902606	0.0178220155628	0.00942831899026	-0.0641416054747	0.0306530274538	3.13349985671e-05	0.00049617924558	0.00971464153485	0.0543315904249	-0.0151887022291	0.0267942061578	-0.031412432151	0.00654207394773	-0.0145600360784	0.00748295734862	0.0167445820541	-0.0538379725129	0.00108494637358
k__Bacteria;p__Bacteroidetes;c__Bacteroidia;o__Bacteroidales;f__Bacteroidaceae;g__Bacteroides;s__Bacteroides_stercoris	0.0228509289116	-0.032723549582	0.0218979128266	-0.0562641783245	1.0	0.0502306291729	-0.00545673190456	-0.00831427169844	-0.0269119665825	-0.0244138272538	-0.018017826878	0.0157539566275	-0.0107397089899	-0.00283208613925	0.0695971449446	-0.00829904018155	0.0047675089184	0.0255611624825	0.0400793752267	-0.00728894996262	-0.0397804323603	0.0225897288413	0.0335067058348	0.0055863228166	-0.043796811591	-0.017466576501	-0.0174968718969	0.0149901232911	-0.0263011367283	-0.0198947714772	-0.000324176164354	-0.0907934966998	0.00167318912141	0.00857737516362	-0.0129737386501	-0.0306680038507	-0.0728168489921	8.84893659694e-05	-0.0150053444084	-0.0472982396504	-0.0393368741161	-0.0030002182344	0.0447610919217	0.0460434889813	0.00852617032814	-0.0493723230631	0.0181259721523	-0.0449387572996	0.026624031924	0.0458234522842	-0.0319519706488	-0.0152012106985	-0.0348359366571	-0.021215096159	-0.0131019512476	0.0467665802196	-0.000459618795804	-0.017618485093	0.0240587629354
k__Bacteria;p__Bacteroidetes;c__Bacteroidia;o__Bacteroidales;f__Bacteroidaceae;g__Bacteroides;s__Bacteroides_ovatus	-0.0251703943639	0.000736074445055	-0.00950596583775	-0.0397317449139	0.0502306291729	1.0	-0.0305465023332	-0.0156155648861	-0.0492511449917	0.0363337005842	-0.0532666743449	-0.00563064449978	-0.0787256485766	0.0181601434133	-0.00769537426169	-0.0510995142716	0.0283903199523	-0.00553385062869	-0.0109445896822	-0.0208824390506	0.0712014968131	-0.00985050598309	0.0182106870024	-0.0053941808646	0.0218926747622	0.0025518865795	-0.0300908754117	-0.048175848841	-0.00170597980309	-0.0105492942076	0.00509846741628	0.0121215096772	0.0200724744965	-0.0430656680512	0.0255586588528	0.00528820020472	-0.0158807269717	-0.0193891049524	-0.00679747028965	-0.00114707987474	-0.0298934617428	-0.0219204769699	0.000979337333397	-0.0252456887365	-0.0175439545741	0.0189030871131	0.0666797655189	0.0184514297171	-0.00268371438324	0.0667631545679	-0.0198208347033	0.0486065885091	0.0528386843629	-0.0565054991404	0.0314652093707	-0.0463381394979	-0.0373180485175	0.0536417518497	0.0268367170418
k__Bacteria;p__Bacteroidetes;c__Bacteroidia;o__Bacteroidales;f__Rikenellaceae;g__Alistipes;s__Alistipes_shahii	-0.0270410105472	0.014238942016	-0.0579493410024	0.0280472048302	-0.00545673190456	-0.0305465023332	1.0	-0.0238969445776	-0.00447755651507	0.0116115353818	-0.0047816730041	-0.0124525356006	0.00322220636552	-0.0337188756434	-0.0442305365649	-0.00629856734234	0.0465207682916	-0.0387985479552	-0.0271247209699	0.0150296570548	-0.0323760621025	-0.00821937039529	0.0452942727343	0.0151031633228	0.0138860988727	-0.0446912456059	0.0126656292721	0.0198029487994	0.0178027148295	-0.0029618769566	-0.0307652766208	0.010918577093	0.0352394455775	0.0789207778564	-0.0182590920779	-0.0135867347623	0.0241724985106	0.0133602814958	-0.0257824366154	-0.0162923492804	0.00412496805255	-0.0469005908407	0.00728603141237	-0.0454212063477	-0.0387728273062	0.0230928297627	-0.0595333912007	-0.0219289313949	-0.0241472420278	-0.0395053207047	0.0305307098256	-0.0434940570921	-0.0200002187096	-0.0428100641988	-0.0184492316336	0.0302736493337	-0.0282140329967	-0.0746320057426	0.0156366752943
k__Bacteria;p__Firmicutes;c__Clostridia;o__Clostridiales;f__Ruminococcaceae;g__Faecalibacterium;s__Faecalibacterium_prausnitzii	-0.0112384860849	-0.0478225894841	0.0495119727213	0.0126269188729	-0.00831427169844	-0.0156155648861	-0.0238969445776	1.0	-0.023810800015	-0.0112297949373	0.0138605759026	-0.0511125973534	0.0109282004396	-0.0162052573373	0.0016892169415	0.0521746771694	-0.0213298292694	0.0209811769142	-0.00720197660192	-0.0908770127822	0.0276670290534	-0.028460170437	-0.00405031149911	-0.0240670505251	-0.00348786435979	-0.0153735191822	0.00763407483621	-0.0280890567097	0.0233277354197	0.0338585301023	-0.0483651811685	-0.0417295843873	-0.0114836376676	-0.100406487918	-0.026546737039	-0.0291880734151	0.00790098563887	-0.0436504764817	-0.00186762412096	-0.00296954780022	-3.81495867699e-05	0.0275011888898	0.0536218676867	-0.00584368436453	0.014694041114	-0.0594560401928	-0.00164480808056	0.000200313155293	-0.0309967549392	-0.0112154544788	0.0124709485368	-0.0351913960461	0.0496186641149	-0.0202327817553	0.0281887620358	0.0478354671946	0.00109935894071	0.0209364953756	-0.0102795106823
k__Bacteria;p__Bacteroidetes;c__Bacteroidia;o__Bacteroidales;f__Rikenellaceae;g__Alistipes;s__Alistipes_finegoldii	0.0472354873799	0.0283081317657	0.0060357387476	-0.0532388884973	-0.0269119665825	-0.0492511449917	-0.00447755651507	-0.023810800015	1.0	-0.0241176637279	-0.0359078898549	0.0211473571316	-0.00517108635962	-0.00794924423272	0.00754457883044	0.0192326554755	-0.000611730107516	0.00722583157875	-0.0354357830293	0.0154287016286	0.00246847002288	0.0627142013337	-0.0590562892788	0.0276076087145	-0.0504194846567	-0.0140976502768	0.0106690931368	-0.013428835428	-0.0428928242355	8.72930878881e-05	0.0303338945495	-0.0310553303022	-0.00871980459912	-0.0464179857746	-0.022963407086	-0.0506346900606	0.0208966045797	0.0215964136943	-0.0354605262234	0.00885490665876	0.0176912577021	0.0381155081752	-0.0495745400592	-0.0190158508663	-0.00464008898101	0.00286264619458	0.0449920245202	-0.0149164008759	-0.0288427663593	-0.0402204522888	0.0322528256721	-0.0573401933614	0.000709914453073	0.0306041876849	-0.0159778916467	0.0133636290365	0.00599563018611	-0.0378226304803	-0.080211524176
k__Bacteria;p__Bacteroidetes;c__Bacteroidia;o__Bacteroidales;f__Porphyromonadaceae;g__Parabacteroides;s__Parabacteroides_distasonis	0.026268965406	-0.0162218379869	0.00266243722108	0.0151039398351	-0.0244138272538	0.0363337005842	0.0116115353818	-0.0112297949373	-0.0241176637279	1.0	0.0502571028299	0.01987486322	-0.00856677510809	-0.00393163882484	0.0355332380118	-0.00408465024499	-0.0221893082707	-0.0352318923039	0.010949283262	-0.0291475641373	-0.0140161534635	-0.00291849502847	-0.0313469536626	0.0240688907038	-0.0490962921204	-0.00707700980058	0.000582507160264	0.0241437221718	-0.0285209285964	-0.00571426662031	-0.0236068370277	-0.00539350873254	-0.0174455260111	-0.0185501778232	0.0467911955216	-0.0223642209387	0.0371219211222	0.0250723670873	0.0483545815929	-0.0474081686991	-0.0292892819441	-0.0419919958712	-0.00976700154893	-0.0026924661304	-0.040870744395	-0.0323061333675	0.0237979236729	0.00799726523829	-0.0710832023232	-0.0539127097174	-0.00420320866734	0.0175179919838	-0.050421117407	-0.020952877109	-0.0237978960311	-0.0352254225195	-0.0079536773578	0.0139803275755	0.00919382472413
k__Bacteria;p__Bacteroidetes;c__Bacteroidia;o__Bacteroidales;f__Bacteroidaceae;g__Bacteroides;s__Bacteroides_thetaiotaomicron	-0.00633611749248	0.0391597831826	0.0638484493192	0.0453590222032	-0.018017826878	-0.0532666743449	-0.0047816730041	0.0138605759026	-0.0359078898549	0.0502571028299	1.0	-0.053152793521	-0.00716026352743	-0.0723472017263	-0.00985498156274	-0.0297652075685	0.0182417240043	0.02573494966	-0.0323879849929	-0.0290931993858	-0.0418335060298	0.019175143807	0.0216490646922	0.00116398801228	0.00259057784583	-0.023007788939	0.000656494481322	0.00156934240911	-0.00322399761925	-0.0155235458353	-0.0263002158319	0.0148178991825	0.0113742176887	-0.0225320622371	-0.0116503115394	-0.0201265405969	-0.00711926731104	-0.00696148715018	0.0245445018387	-0.0248686699954	-0.0242279725225	-0.0274493901915	-0.0045492598522	0.049782942628	-0.0208537441057	0.0244057673505	0.0467157411022	-0.0389808410422	0.0338776872728	-0.0395400689209	0.0548384977999	-0.00729026148567	0.0417798047215	0.0266436921669	-0.042303807352	0.0043499639574	-0.0124577648184	-0.0187310282226	-0.0435026636361
k__Bacteria;p__Bacteroidetes;c__Bacteroidia;o__Bacteroidales;f__Bacteroidaceae;g__Bacteroides;s__Bacteroides_coprocola	-0.0298748406728	-0.0281184342558	-0.0413752922554	-0.0643841404185	0.0157539566275	-0.00563064449978	-0.0124525356006	-0.0511125973534	0.0211473571316	0.01987486322	-0.053152793521	1.0	-0.0450465376466	-0.0488613740354	-0.0280300411677	-0.011492890816	0.00976702038115	0.00190831778571	0.046172909763	-0.0591846283905	0.00698018121761	0.0015619299619	0.0336121289273	-0.0596593834495	-0.0181638425273	0.0537161196317	-0.00274678751103	0.00568026807672	-0.0223124557232	-0.00884984237387	-0.0110852280088	0.0105159830552	-0.00524232476773	-0.0134268647519	0.0176492972644	0.015128254593	-0.0148315714296	0.025485156339	-0.0312751516248	-0.0196844618497	-0.0222044317422	-0.0295449093943	0.0129108107512	0.0273320714538	-0.0192481858886	-0.087662971419	0.0191287973695	-0.0576096246746	-0.000269925043341	-0.0502350622012	-0.0604156067562	0.0406425363011	-0.0569588899478	-0.00450638659565	0.0430950792145	-0.00818530513505	-0.0431169395715	-0.00519448402779	-0.0143752704032
k__Bacteria;p__Bacteroidetes;c__Bacteroidia;o__Bacteroidales;f__Bacteroidaceae;g__Bacteroides;s__Bacteroides_cellulosilyticus	-0.019006040904	-0.0776208797902	-0.0126339980871	-0.00365162742963	-0.0107397089899	-0.0787256485766	0.00322220636552	0.0109282004396	-0.00517108635962	-0.00856677510809	-0.00716026352743	-0.0450465376466	1.0	0.000566265270926	0.0739808484747	0.00407110583996	-0.0265295263705	-0.0205415847104	-0.0014785368417	0.00243049647777	-0.0449103378137	-0.0332999333812	-0.0262271149192	0.0535073593532	0.0235375557995	0.0641391369638	-0.00201869271579	-0.102076690704	-0.00989524833042	0.0114827821415	-0.0306080520926	-0.034514781124	-0.0105330271234	0.0340556866486	0.033151183678	0.00458206343001	0.0139225999902	-0.00671233635767	0.0812163354802	-0.0376576908336	0.0384915874376	0.0200788784011	-0.00981413333352	-0.0181488235254	-0.0264863157757	-0.0145396550839	-0.00405154502139	-0.00517796160388	-0.00445686083817	-0.0570212910646	0.0236373597506	-0.0125259598284	-0.0040974863222	-0.0270400512204	-0.00887733756764	-0.000462027309016	0.00596915569254	0.0129402690097	0.0415170237134
k__Bacteria;p__Bacteroidetes;c__Bacteroidia;o__Bacteroidales;f__Rikenellaceae;g__Alistipes;s__Alistipes_obesi	0.00390557256733	-0.0261655860701	0.0127528355482	0.0455691005263	-0.00283208613925	0.0181601434133	-0.0337188756434	-0.0162052573373	-0.00794924423272	-0.00393163882484	-0.0723472017263	-0.0488613740354	0.000566265270926	1.0	-0.0608888952295	0.0525472282049	-0.0160293865993	-0.0115091412197	-0.0493792557809	-0.00994607501637	-0.0216644048964	0.0307290698345	-0.012670745592	0.0233708637086	0.0162414995355	0.0380816166172	0.0191905464591	-0.0263386662433	0.0015595833068	0.0398602231918	-0.0114721256521	0.00813064460252	-0.00414655876614	-0.0120840050822	0.0637052781605	0.0189455891687	0.0359821703525	0.0184985799648	-0.0115338885152	-0.00190339050984	-0.0384392282814	0.055942821057	-0.0408274113867	-0.043684515223	0.0146971156098	-0.0332810091091	0.00035104287585	0.00332960797102	-0.045431182593	-0.0227019662852	-0.00785464525559	-0.0133980416299	-0.00185711339486	0.0474608797734	0.000329612969718	-0.0214999100601	0.0158565063073	-0.0468877550806	-0.0165259250889
k__Bacteria;p__Firmicutes;c__Clostridia;o__Clostridiales;f__Lachnospiraceae;g__;s__[Eubacterium]_rectale	-0.012499048307	0.00143296873795	0.0175492710588	-0.0632537072598	0.0695971449446	-0.00769537426169	-0.0442305365649	0.0016892169415	0.00754457883044	0.0355332380118	-0.00985498156274	-0.0280300411677	0.0739808484747	-0.0608888952295	1.0	-0.0385698347549	0.0156854489786	0.0168209115875	-0.0512723771721	-0.0452059183353	0.0255445596617	0.00915370124599	-0.028699441781	0.00395612776539	-0.0322283638532	-0.0107654276689	-0.0305044475843	-0.00366563942576	-0.0216155695539	0.0399304447302	0.0111539346713	-0.0596066168747	-0.0559895104364	0.00046529605475	0.0142739362717	-0.00766388234058	0.0226772764344	-0.00667092175208	-0.0519405217024	-0.0170419707714	0.0414829653831	-0.0136673531294	-0.0558457830668	0.0187480477384	0.00745954648622	-0.0126095514523	0.0697538235246	-0.0375881757527	0.0459928629357	0.0179800445329	0.0660983239419	-0.0435315470429	0.00578214929352	-0.0358794601481	0.0326137877369	-0.0183170393482	-0.0537551497548	0.0554711810981	0.0297301149371
k__Bacteria;p__Bacteroidetes;c__Bacteroidia;o__Bacteroidales;f__Bacteroidaceae;g__Bacteroides;s__Bacteroides_plebeius	-0.00103421495425	0.0521571041304	-0.0438976534869	0.000648306351508	-0.00829904018155	-0.0510995142716	-0.00629856734234	0.0521746771694	0.0192326554755	-0.00408465024499	-0.0297652075685	-0.011492890816	0.00407110583996	0.0525472282049	-0.0385698347549	1.0	-0.0182953434463	-0.0473391498041	-0.0215424993816	0.0127928468872	-0.00407176962631	0.005356799389	0.00264012889854	-0.0350818232774	-0.038858676331	0.00548296628332	-0.038620306947	-0.00237536529037	-0.0134764630075	-0.0624779157197	0.0432293770367	-0.0218774702165	0.0145692082924	-0.00630917737178	0.0279730582014	-0.0833082029144	0.00955085573036	-0.0198953133077	0.0399415299859	0.0548558314594	-0.0398281631135	-0.0471128971166	-0.0185384576383	-0.0614818238751	0.00137709054053	0.0530536433965	0.0146045237315	0.00640061090535	-0.0385212404163	-0.0299833686501	0.0246745542024	-0.0217799008473	-0.0106796212881	0.00135281134433	-0.0402476918155	0.0323076307442	0.00445211282389	-0.0528473520976	0.0384327541195
k__Bacteria;p__Bacteroidetes;c__Bacteroidia;o__Bacteroidales;f__Bacteroidaceae;g__Bacteroides;s__Bacteroides_fragilis	0.0186110295805	-0.00232599659873	-0.0581799977851	0.00379016781043	0.0047675089184	0.0283903199523	0.0465207682916	-0.0213298292694	-0.000611730107516	-0.0221893082707	0.0182417240043	0.00976702038115	-0.0265295263705	-0.0160293865993	0.0156854489786	-0.0182953434463	1.0	-0.000722507992671	-0.0350183194407	0.0226068205626	-0.0192004059798	0.0317225891614	-0.0643755645869	-0.00933329828592	-0.054084784738	0.00219493228957	-0.0320171160776	-0.00122282405601	-0.0395746902756	-0.0294167276728	0.018872281721	0.0159270255243	0.00549841345546	0.017562176436	0.0604848696035	-0.0132121677815	-0.024639127631	-0.00190977207979	0.00750706208901	0.0138830087028	0.0873052457346	0.0328345809588	0.00143849765922	0.0315241376992	-0.0300240444312	-0.010705857837	-0.0178041864514	-0.0181179262176	-0.016916553994	0.00734145611486	-0.00249106768676	0.0307842683852	-0.0378287939757	-0.0397040123616	0.0529566033589	0.0359422857009	-0.0112811819015	0.0264268333979	-0.0435085077936
k__Bacteria;p__Proteobacteria;c__Betaproteobacteria;o__Burkholderiales;f__Sutterellaceae;g__Sutterella;s__Sutterella_wadsworthensis	-0.0110235642013	-0.0168307307665	0.0454657508352	-0.0166686207222	0.0255611624825	-0.00553385062869	-0.0387985479552	0.0209811769142	0.00722583157875	-0.0352318923039	0.02573494966	0.00190831778571	-0.0205415847104	-0.0115091412197	0.0168209115875	-0.0473391498041	-0.000722507992671	1.0	0.00409916869963	-0.0252059407431	0.00898035673638	-0.0233544766721	-0.0648449910803	-0.0252164808899	0.0669983802017	0.0242387620852	0.0213054859123	-0.0263929126271	-0.00816129461572	-0.00371384866306	-0.0284886667619	0.0155400036839	0.023302334335	-0.0445446621157	-0.0110249969946	-0.0358496949725	0.029600749041	0.0443446061418	0.0341063308544	-0.0636348374838	-0.0144290910755	-0.0313921927443	-0.0304353050767	-0.0214321566594	-0.0032198254441	0.00925197141151	0.0586073077266	0.0956142531585	-0.0063934213387	-0.0324349634397	0.0130134501014	-0.0490076830715	-0.048894225411	-0.0120456472567	-0.0377216027688	-0.0192466630411	0.0274487755177	-0.0328623469098	-0.0237236409658
k__Bacteria;p__Bacteroidetes;c__Bacteroidia;o__Bacteroidales;f__Porphyromonadaceae;g__Barnesiella;s__Barnesiella_intestinihominis	0.0249075929428	0.0369377777664	-0.0128924967664	0.0301601325289	0.0400793752267	-0.0109445896822	-0.0271247209699	-0.00720197660193	-0.0354357830293	0.010949283262	-0.0323879849929	0.046172909763	-0.0014785368417	-0.0493792557809	-0.0512723771721	-0.0215424993816	-0.0350183194407	0.00409916869963	1.0	0.0122329650312	0.0248502283903	-0.0656491646902	-0.0352608351608	0.0212353295119	-0.0146359973027	-0.0015955867782	0.00183404759279	-0.0190302341889	0.00780546708964	-0.0497333821075	-0.00257083318428	-0.0289203559504	-0.0966711668558	0.053966896998	0.028894526929	-0.0567886596425	0.00464427828544	0.00681022122164	0.0178848268893	-4.8542590001e-05	-0.0478539873712	0.0220966616916	0.00468444454621	0.00982514412841	0.00768662010963	0.0303929762202	-0.0288301277956	-0.0239177219803	-0.0350988139604	-0.0131216843145	-0.0388147602744	0.0348784801375	0.00141979659305	0.0605097348373	-0.0209607582824	-0.0698632099394	-0.022622787425	0.00631022491438	0.0900155539168
k__Bacteria;p__Bacteroidetes;c__Bacteroidia;o__Bacteroidales;f__Odoribacteraceae;g__Odoribacter;s__Odoribacter_splanchnicus	0.0158131100906	0.00970999539422	-0.00913823650444	-0.015231274214	-0.00728894996262	-0.0208824390506	0.0150296570548	-0.0908770127822	0.0154287016286	-0.0291475641373	-0.0290931993858	-0.0591846283905	0.00243049647777	-0.00994607501637	-0.0452059183353	0.0127928468872	0.0226068205626	-0.0252059407431	0.0122329650312	1.0	-0.000429709474473	-0.0165228493904	0.0469498421819	0.0183523943197	0.0146449575946	-0.0512621414985	-0.0361417932392	0.00958322023564	-0.0252853667724	-0.0678381604784	0.0645919546258	0.00697086937691	-0.0137787415868	0.0489322216443	0.00985134694237	-0.00370460917472	-0.0583005071473	-0.0260575795534	0.0150942168511	0.00514128416703	0.00897553181721	0.0232172451182	-0.0136128548722	-0.0387674800022	-0.0302564365975	0.0298919333256	-0.019297949965	-0.0588882341641	0.0535158520322	0.00106037279401	-0.0744428781022	0.00473207935561	0.00257963571981	0.0131794606896	-0.0504149488749	-0.0174106329611	-0.0228875447007	0.0277448008098	0.0125256177771
k__Bacteria;p__Bacteroidetes;c__Bacteroidia;o__Bacteroidales;f__Bacteroidaceae;g__Bacteroides;s__Bacteroides_salyersiae	0.0242361038791	-0.0824120374551	-0.05387219992	-0.0427433331411	-0.0397804323603	0.0712014968131	-0.0323760621025	0.0276670290534	0.00246847002288	-0.0140161534635	-0.0418335060298	0.00698018121761	-0.0449103378137	-0.0216644048964	0.0255445596617	-0.00407176962631	-0.0192004059798	0.00898035673638	0.0248502283903	-0.000429709474473	1.0	0.00483648060699	0.010225923125	-0.111721118403	-0.000505323838477	0.0207350220451	-0.00407556743636	-0.0661609356054	0.0599131886438	-0.0836291305148	-0.00751797431365	-0.0247955472821	-0.00310357606514	-0.00871263539226	0.0644424113379	0.033140031012	-0.00737640834623	-0.0302592048172	-0.0132166331082	0.0409724422559	0.0137135784313	0.0102874499418	-0.0265266381312	-0.0308542253705	0.00870711931497	-0.000438104264977	-0.0544385790115	-0.0341461175578	-0.00704672323592	-0.0303556350644	0.0216856329576	0.00262584407174	0.00545532126793	-0.0415166491033	-0.043868540256	-0.0544927649126	0.00618387688463	-0.0271584013445	0.0684303671281
k__Bacteria;p__Firmicutes;c__Clostridia;o__Clostridiales;f__Ruminococcaceae;g__Ruminiclostridium;s__[Eubacterium]_siraeum	-0.0387483547011	-0.0545876353001	0.0252650745173	-0.0383674385805	0.0225897288413	-0.00985050598309	-0.00821937039529	-0.028460170437	0.0627142013337	-0.00291849502847	0.019175143807	0.0015619299619	-0.0332999333812	0.0307290698345	0.00915370124599	0.005356799389	0.0317225891614	-0.0233544766721	-0.0656491646902	-0.0165228493904	0.00483648060699	1.0	-0.0441290618771	0.0166658303025	-0.0415409737058	-0.0230442205739	-0.000607336408328	-0.0175609816616	0.0540134875715	0.010470920126	-0.063453239901	-0.0551230255009	0.0223578310751	-0.000414299046178	0.0162622407992	-0.0294546854808	-0.0446494247967	0.0964330249688	-0.0356168866138	-0.0722138534439	0.00921953150091	-0.00512912173612	0.00398850854009	-0.00848698541431	-0.0131993505806	-0.0227714144861	-0.0363045393291	0.000342544563492	0.0264952825024	-0.0212748495755	0.0506584984015	0.0288246492831	0.00683250263757	-0.0378554958974	-0.00936159743369	-0.0397877468465	-0.00960695793426	-0.00829295082476	0.0516096004802
k__Bacteria;p__Proteobacteria;c__Betaproteobacteria;o__Burkholderiales;f__Sutterellaceae;g__Parasutterella;s__Parasutterella_excrementihominis	0.020065489162	-0.0183193026448	-0.0300112763258	0.0231564646591	0.0335067058348	0.0182106870024	0.0452942727343	-0.00405031149911	-0.0590562892788	-0.0313469536626	0.0216490646922	0.0336121289273	-0.0262271149192	-0.012670745592	-0.028699441781	0.00264012889854	-0.0643755645869	-0.0648449910803	-0.0352608351608	0.0469498421819	0.010225923125	-0.0441290618771	1.0	0.0389332828997	-0.0132794220433	0.0348604437892	0.0350551272345	0.00381901279519	-0.0154134456503	-0.00076477446809	-0.0207607719411	-0.0127220166192	-0.0572073112395	-0.00368333091317	0.013364044853	-0.00107389286772	-0.00939785724484	0.0291454584447	-0.0305669902195	-0.0677973826368	0.0196285115865	-0.0322313693567	0.0118303712869	-0.0145742193549	-0.0834185236399	0.00267619744707	0.0132846950527	0.0171007655411	0.0119824028192	0.00268953865132	-0.0231658666681	0.0436860030685	0.0244549276739	-0.0802516235444	-0.0166403049175	-0.0451682786322	-0.0330131442795	-0.0335257505437	0.0195855942359
k__Bacteria;p__Actinobacteria;c__Actinobacteria;o__Bifidobacteriales;f__Bifidobacteriaceae;g__Bifidobacterium;s__Bifidobacterium_adolescentis	-0.00708178780674	-0.0187664469371	-0.0181633883865	0.0253872658445	0.0055863228166	-0.0053941808646	0.0151031633228	-0.0240670505251	0.0276076087145	0.0240688907038	0.00116398801228	-0.0596593834495	0.0535073593532	0.0233708637086	0.00395612776539	-0.0350818232774	-0.00933329828592	-0.0252164808899	0.0212353295119	0.0183523943197	-0.111721118403	0.0166658303025	0.0389332828997	1.0	0.00699132194939	-0.0195386617692	0.00474271141947	-0.0217030962813	-0.0142926994391	-0.00888567762354	0.0439056786249	-0.031105566494	-0.0358348091395	-0.00212175916211	0.00435836908894	-0.0212369473879	-0.0415949896344	0.0384061619821	0.00895081067415	-0.0333392361837	-0.0126801849306	0.0083544411977	0.0176419809901	-0.0593360861394	0.0420585538651	-0.00810067679429	0.0122538543499	0.0440316510918	-0.0325788667999	0.0367072806639	-0.0105143497645	-0.0173799374758	-0.0564964111594	-0.015415277842	-0.0409651639299	-0.0198375991272	-0.0670686361975	-0.0125222152025	-0.0514491577464
k__Bacteria;p__Firmicutes;c__Clostridia;o__Clostridiales;f__Oscillospiraceae;g__Oscillibacter;s__Oscillibacter_sp._KLE_1745	-0.0334729226859	0.0111257948101	0.0198641096798	-0.0148106012659	-0.043796811591	0.0218926747622	0.0138860988727	-0.00348786435979	-0.0504194846567	-0.0490962921204	0.00259057784583	-0.0181638425273	0.0235375557995	0.0162414995355	-0.0322283638532	-0.038858676331	-0.054084784738	0.0669983802017	-0.0146359973027	0.0146449575946	-0.000505323838477	-0.0415409737058	-0.0132794220433	0.00699132194939	1.0	0.043905939227	-0.0242697877508	0.0305945270404	-0.000859091973866	-0.058390384512	-0.018839226427	-0.00583635753513	-0.0300289566753	0.0394758978324	-0.00857039807167	-0.0876330040745	0.0465661125305	0.0702905758229	0.0465262672667	-0.0416956811501	-0.0122774752422	0.00828666407967	-0.0260138963713	-0.0200832072796	0.0240422551413	0.00766828754301	0.0091886591505	-0.0183598638551	-0.0555530142388	0.0109024542313	-0.0560332469339	0.0171529148615	0.00354405111979	0.000708455954855	0.0189152249498	-0.021535228863	-0.0364310463731	-0.0676579582892	-0.0599092152396
k__Bacteria;p__Bacteroidetes;c__Bacteroidia;o__Bacteroidales;f__Bacteroidaceae;g__Bacteroides;s__Bacteroides_coprophilus	-0.0244579396742	0.0159428241448	-0.0397623973628	-0.00569746092758	-0.017466576501	0.0025518865795	-0.0446912456059	-0.0153735191822	-0.0140976502768	-0.00707700980058	-0.023007788939	0.0537161196317	0.0641391369638	0.0380816166172	-0.0107654276689	0.00548296628332	0.00219493228957	0.0242387620852	-0.0015955867782	-0.0512621414985	0.0207350220451	-0.0230442205739	0.0348604437892	-0.0195386617692	0.043905939227	1.0	0.0215119194346	0.0307945029292	-0.0185193780821	0.0593151029747	-0.0439171431476	-0.0513073508505	-0.0420992142755	-0.0453846401996	-0.0749279785504	0.00855400225949	-0.0360842428324	-0.0072938533958	0.0401491820274	-0.046197202322	0.00844264869329	0.0630605794469	-0.000407788299832	0.040649556852	0.00785253604102	-0.0215053461408	-0.0190469511271	0.0524405549519	-0.0618118975045	0.0572693505024	-0.00823810903364	-0.000730538963657	-0.0333444210038	-0.0264078905264	0.0322557672946	0.03108798469	-0.0526615007355	-0.0617671017307	-0.052647936367
k__Bacteria;p__Firmicutes;c__Clostridia;o__Clostridiales;f__Lachnospiraceae;g__Roseburia;s__Roseburia_intestinalis	0.0167978604319	0.0215391916882	0.0418667812544	-0.00826409757437	-0.0174968718969	-0.0300908754117	0.0126656292721	0.00763407483621	0.0106690931368	0.000582507160264	0.000656494481323	-0.00274678751103	-0.00201869271579	0.0191905464591	-0.0305044475843	-0.038620306947	-0.0320171160776	0.0213054859123	0.00183404759279	-0.0361417932392	-0.00407556743636	-0.000607336408328	0.0350551272345	0.00474271141947	-0.0242697877508	0.0215119194346	1.0	0.0140679314129	0.0461586340918	0.00660720793689	-0.0279167373137	0.0619878648664	0.038040899241	0.0150752480677	-0.0721677026019	-0.0101314641488	0.0168750023664	-0.0683976776479	-0.0854872316889	0.0051609169688	-0.0366218328627	0.0297398384863	-0.0207245712542	0.00853095602905	-0.0505912976084	-0.0361102092445	-0.0127213157837	-0.00748908404813	-0.0314898716573	0.026889217432	0.0202495640843	-0.0328019979576	0.0285163098111	-0.051665052679	0.0213874327418	-0.0297939903278	0.0589001230246	0.000784269970549	-0.0249861191126
k__Bacteria;p__Firmicutes;c__Clostridia;o__Clostridiales;f__Lachnospiraceae;g__Roseburia;s__Roseburia_hominis	0.0213834387755	-0.00506908117066	-0.00177026932889	0.00635955537525	0.0149901232911	-0.048175848841	0.0198029487994	-0.0280890567097	-0.013428835428	0.0241437221718	0.00156934240911	0.00568026807672	-0.102076690704	-0.0263386662433	-0.00366563942576	-0.00237536529037	-0.00122282405601	-0.0263929126271	-0.0190302341889	0.00958322023564	-0.0661609356054	-0.0175609816616	0.00381901279519	-0.0217030962813	0.0305945270404	0.0307945029292	0.0140679314129	1.0	0.000943587355881	0.054669565156	0.00211584098988	-0.0603359935736	0.0685021196532	-0.0235895188576	-0.0329194793428	0.025504371942	-0.00287259623	-0.0277924380153	-0.00617544886565	0.0394675545045	-0.0347067323467	-0.0301991309486	0.0132685456408	-0.0985177111326	0.01612028541	-0.0319160283939	-0.0276614862145	-0.0160698535901	0.0645580047653	0.0051419298301	-0.0247381983011	-0.0105924816986	-0.041411926316	-0.0403358339574	0.0293581779124	-0.0107638829178	-0.0239612801495	0.0276582194511	-0.0513463145673
k__Bacteria;p__Bacteroidetes;c__Bacteroidia;o__Bacteroidales;f__Porphyromonadaceae;g__Parabacteroides;s__Parabacteroides_johnsonii	-0.0269852104878	-0.0206031012186	-0.0289939790461	0.0278963501729	-0.0263011367283	-0.00170597980309	0.0178027148295	0.0233277354197	-0.0428928242355	-0.0285209285964	-0.00322399761925	-0.0223124557232	-0.00989524833042	0.0015595833068	-0.0216155695539	-0.0134764630075	-0.0395746902756	-0.00816129461572	0.00780546708964	-0.0252853667724	0.0599131886438	0.0540134875715	-0.0154134456503	-0.0142926994391	-0.000859091973866	-0.0185193780821	0.0461586340918	0.000943587355881	1.0	0.0441979309842	0.0183814097243	0.0473340048743	-0.0432660745048	-0.0446149837309	-0.00624868068321	0.0148481802364	0.0320515823859	-0.0179565261705	-0.0166903319124	-0.00398019844511	-0.0233121466003	-0.0359357140807	-0.00121365983463	-0.0295094857718	0.0178214152594	-0.0267406379753	-0.0652506897143	-0.00666946623873	-0.00821964372349	0.0602654202541	-0.0284818739377	-0.0155474093183	-0.0192358296904	-0.0489422646812	-0.0139362040937	-0.0534971355265	-0.0145808688351	0.033080744148	-0.028276322867
k__Bacteria;p__Actinobacteria;c__Actinobacteria;o__Bifidobacteriales;f__Bifidobacteriaceae;g__Bifidobacterium;s__Bifidobacterium_longum	-0.0122455824214	0.0668315370372	-0.0270548445142	-0.0136538118275	-0.0198947714772	-0.0105492942076	-0.0029618769566	0.0338585301023	8.72930878881e-05	-0.00571426662031	-0.0155235458353	-0.00884984237387	0.0114827821415	0.0398602231918	0.0399304447302	-0.0624779157197	-0.0294167276728	-0.00371384866306	-0.0497333821075	-0.0678381604784	-0.0836291305148	0.010470920126	-0.00076477446809	-0.00888567762354	-0.058390384512	0.0593151029747	0.00660720793689	0.054669565156	0.0441979309842	1.0	0.0427059715514	-0.0315151920509	-0.0511896618703	-0.02635602872	-0.0368276133498	-0.0147139215252	-0.0135009493987	-0.00654024192095	-0.00544672339982	0.0247809257089	0.0127605315798	0.0136315222549	-0.00956465352753	0.0409412286728	-0.00311002257436	0.0445405826976	-0.0396447220507	-0.0365944786043	-0.00759353237851	0.00832440048291	0.0232829927816	-0.0521151655186	0.011509167057	-0.0152103309458	0.0219677913669	-0.0236931476226	0.042052087233	-0.0665143086776	-0.0567766558456
