#taxonomy	k__Bacteria;p__Bacteroidetes;c__Bacteroidia;o__Bacteroidales;f__Bacteroidaceae;g__Bacteroides;s__Bacteroides_vulgatus	k__Bacteria;p__Bacteroidetes;c__Bacteroidia;o__Bacteroidales;f__Bacteroidaceae;g__Bacteroides;s__Bacteroides_uniformis	k__Bacteria;p__Bacteroidetes;c__Bacteroidia;o__Bacteroidales;f__Rikenellaceae;g__Alistipes;s__Alistipes_putredinis	k__Bacteria;p__Bacteroidetes;c__Bacteroidia;o__Bacteroidales;f__Prevotellaceae;g__Prevotella;s__Prevotella_copri	k__Bacteria;p__Bacteroidetes;c__Bacteroidia;o__Bacteroidales;f__Bacteroidaceae;g__Bacteroides;s__Bacteroides_stercoris	k__Bacteria;p__Bacteroidetes;c__Bacteroidia;o__Bacteroidales;f__Bacteroidaceae;g__Bacteroides;s__Bacteroides_ovatus	k__Bacteria;p__Bacteroidetes;c__Bacteroidia;o__Bacteroidales;f__Rikenellaceae;g__Alistipes;s__Alistipes_shahii	k__Bacteria;p__Firmicutes;c__Clostridia;o__Clostridiales;f__Ruminococcaceae;g__Faecalibacterium;s__Faecalibacterium_prausnitzii	k__Bacteria;p__Bacteroidetes;c__Bacteroidia;o__Bacteroidales;f__Rikenellaceae;g__Alistipes;s__Alistipes_finegoldii	k__Bacteria;p__Bacteroidetes;c__Bacteroidia;o__Bacteroidales;f__Porphyromonadaceae;g__Parabacteroides;s__Parabacteroides_distasonis	k__Bacteria;p__Bacteroidetes;c__Bacteroidia;o__Bacteroidales;f__Bacteroidaceae;g__Bacteroides;s__Bacteroides_thetaiotaomicron	k__Bacteria;p__Bacteroidetes;c__Bacteroidia;o__Bacteroidales;f__Bacteroidaceae;g__Bacteroides;s__Bacteroides_coprocola	k__Bacteria;p__Bacteroidetes;c__Bacteroidia;o__Bacteroidales;f__Bacteroidaceae;g__Bacteroides;s__Bacteroides_cellulosilyticus	k__Bacteria;p__Bacteroidetes;c__Bacteroidia;o__Bacteroidales;f__Rikenellaceae;g__Alistipes;s__Alistipes_obesi	k__Bacteria;p__Firmicutes;c__Clostridia;o__Clostridiales;f__Lachnospiraceae;g__;s__[Eubacterium]_rectale	k__Bacteria;p__Bacteroidetes;c__Bacteroidia;o__Bacteroidales;f__Bacteroidaceae;g__Bacteroides;s__Bacteroides_plebeius	k__Bacteria;p__Bacteroidetes;c__Bacteroidia;o__Bacteroidales;f__Bacteroidaceae;g__Bacteroides;s__Bacteroides_fragilis	k__Bacteria;p__Proteobacteria;c__Betaproteobacteria;o__Burkholderiales;f__Sutterellaceae;g__Sutterella;s__Sutterella_wadsworthensis	k__Bacteria;p__Bacteroidetes;c__Bacteroidia;o__Bacteroidales;f__Porphyromonadaceae;g__Barnesiella;s__Barnesiella_intestinihominis	k__Bacteria;p__Bacteroidetes;c__Bacteroidia;o__Bacteroidales;f__Odoribacteraceae;g__Odoribacter;s__Odoribacter_splanchnicus	k__Bacteria;p__Bacteroidetes;c__Bacteroidia;o__Bacteroidales;f__Bacteroidaceae;g__Bacteroides;s__Bacteroides_salyersiae	k__Bacteria;p__Firmicutes;c__Clostridia;o__Clostridiales;f__Ruminococcaceae;g__Ruminiclostridium;s__[Eubacterium]_siraeum	k__Bacteria;p__Proteobacteria;c__Betaproteobacteria;o__Burkholderiales;f__Sutterellaceae;g__Parasutterella;s__Parasutterella_excrementihominis	k__Bacteria;p__Actinobacteria;c__Actinobacteria;o__Bifidobacteriales;f__Bifidobacteriaceae;g__Bifidobacterium;s__Bifidobacterium_adolescentis	k__Bacteria;p__Firmicutes;c__Clostridia;o__Clostridiales;f__Oscillospiraceae;g__Oscillibacter;s__Oscillibacter_sp._KLE_1745	k__Bacteria;p__Bacteroidetes;c__Bacteroidia;o__Bacteroidales;f__Bacteroidaceae;g__Bacteroides;s__Bacteroides_coprophilus	k__Bacteria;p__Firmicutes;c__Clostridia;o__Clostridiales;f__Lachnospiraceae;g__Roseburia;s__Roseburia_intestinalis	k__Bacteria;p__Firmicutes;c__Clostridia;o__Clostridiales;f__Lachnospiraceae;g__Roseburia;s__Roseburia_hominis	k__Bacteria;p__Bacteroidetes;c__Bacteroidia;o__Bacteroidales;f__Porphyromonadaceae;g__Parabacteroides;s__Parabacteroides_johnsonii	k__Bacteria;p__Actinobacteria;c__Actinobacteria;o__Bifidobacteriales;f__Bifidobacteriaceae;g__Bifidobacterium;s__Bifidobacterium_longum	k__Bacteria;p__Firmicutes;c__Clostridia;o__Clostridiales;f__;g__Flavonifractor;s__Flavonifractor_plautii	k__Bacteria;p__Firmicutes;c__Clostridia;o__Clostridiales;f__Clostridiaceae;g__Clostridium;s__Clostridium_phoceensis	k__Bacteria;p__Verrucomicrobia;c__Verrucomicrobiae;o__Verrucomicrobiales;f__Akkermansiaceae;g__Akkermansia;s__Akkermansia_muciniphila	k__Bacteria;p__Bacteroidetes;c__Bacteroidia;o__Bacteroidales;f__Prevotellaceae;g__Paraprevotella;s__Paraprevotella_xylaniphila	k__Bacteria;p__Firmicutes;c__Clostridia;o__Clostridiales;f__Ruminococcaceae;g__Ruminococcus;s__Ruminococcus_callidus	k__Bacteria;p__Bacteroidetes;c__Bacteroidia;o__Bacteroidales;f__Rikenellaceae;g__Alistipes;s__Alistipes_senegalensis	k__Bacteria;p__Firmicutes;c__Clostridia;o__Clostridiales;f__Lachnospiraceae;g__Blautia;s__Blautia_sp._KLE_1732	k__Bacteria;p__Bacteroidetes;c__Bacteroidia;o__Bacteroidales;f__Bacteroidaceae;g__Bacteroides;s__Bacteroides_oleiciplenus	k__Bacteria;p__Firmicutes;c__Clostridia;o__Clostridiales;f__Ruminococcaceae;g__Ruminococcus;s__Ruminococcus_bicirculans	k__Bacteria;p__Bacteroidetes;c__Bacteroidia;o__Bacteroidales;f__Bacteroidaceae;g__Bacteroides;s__Bacteroides_fluxus	k__Bacteria;p__Bacteroidetes;c__Bacteroidia;o__Bacteroidales;f__Prevotellaceae;g__Prevotella;s__Prevotella_stercorea	k__Bacteria;p__Firmicutes;c__Clostridia;o__Clostridiales;f__Lachnospiraceae;g__Dorea;s__Dorea_longicatena	k__Bacteria;p__Firmicutes;c__Clostridia;o__Clostridiales;f__Eubacteriaceae;g__Eubacterium;s__[Eubacterium]_eligens	k__Bacteria;p__Firmicutes;c__Clostridia;o__Clostridiales;f__Ruminococcaceae;g__;s__Ruminococcaceae_bacterium_D16	k__Bacteria;p__Firmicutes;c__Clostridia;o__Clostridiales;f__Lachnospiraceae;g__Coprococcus;s__Coprococcus_comes	k__Bacteria;p__Proteobacteria;c__Gammaproteobacteria;o__Enterobacterales;f__Enterobacteriaceae;g__Escherichia;s__Escherichia_coli	k__Bacteria;p__Firmicutes;c__Clostridia;o__Clostridiales;f__Ruminococcaceae;g__Anaerotruncus;s__Anaerotruncus_colihominis	k__Bacteria;p__Firmicutes;c__Clostridia;o__Clostridiales;f__Lachnospiraceae;g__Blautia;s__Blautia_obeum	k__Bacteria;p__Bacteroidetes;c__Bacteroidia;o__Bacteroidales;f__Odoribacteraceae;g__Odoribacter;s__Odoribacter_laneus	k__Bacteria;p__Firmicutes;c__Clostridia;o__Clostridiales;f__Ruminococcaceae;g__Ruminiclostridium;s__[Clostridium]_leptum	k__Bacteria;p__Bacteroidetes;c__Bacteroidia;o__Bacteroidales;f__Porphyromonadaceae;g__Parabacteroides;s__Parabacteroides_goldsteinii	k__Bacteria;p__Firmicutes;c__Clostridia;o__Clostridiales;f__Lachnospiraceae;g__Anaerostipes;s__Anaerostipes_hadrus	k__Bacteria;p__Firmicutes;c__Clostridia;o__Clostridiales;f__Ruminococcaceae;g__Ruminococcus;s__Ruminococcus_lactaris	k__Bacteria;p__Firmicutes;c__Clostridia;o__Clostridiales;f__Clostridiaceae;g__Clostridium;s__Clostridium_sp._L2-50	k__Bacteria;p__Firmicutes;c__Clostridia;o__Clostridiales;f__Clostridiaceae;g__Clostridium;s__Clostridium_sp._M62/1	k__Bacteria;p__Firmicutes;c__Clostridia;o__Clostridiales;f__;g__Intestinimonas;s__Intestinimonas_butyriciproducens	k__Bacteria;p__Actinobacteria;c__Actinobacteria;o__Bifidobacteriales;f__Bifidobacteriaceae;g__Bifidobacterium;s__Bifidobacterium_bifidum	k__Bacteria;p__Firmicutes;c__Negativicutes;o__Veillonellales;f__Veillonellaceae;g__Dialister;s__Dialister_invisus	k__Bacteria;p__Bacteroidetes;c__Bacteroidia;o__Bacteroidales;f__Bacteroidaceae;g__Bacteroides;s__Bacteroides_salanitronis
k__Bacteria;p__Bacteroidetes;c__Bacteroidia;o__Bacteroidales;f__Bacteroidaceae;g__Bacteroides;s__Bacteroides_vulgatus	1.0	0.0209670771258	0.00600343612476	-0.0344014186763	-0.00465858847607	0.0459883576103	-0.00101807487441	-0.00633099881681	-0.0349766252603	0.0214977128639	0.000930623102083	0.0317061141172	-0.0113300204921	0.0183704167235	0.0211392462272	-0.0228546797024	-0.0220251915088	0.023087286407	-0.0032844581805	-0.0127019056227	-0.0660588786008	0.00158992128565	-0.042754845355	0.0213331810897	0.0288453081954	0.00431325407438	0.0696265334544	0.0292999162952	-0.0200014774995	-0.0238072070058	-0.0523728381805	-0.00512955292539	-0.0110568615269	0.0412727061845	-0.00655643364376	-0.0369309272467	0.0319937528086	0.0492498765492	0.00116273650806	0.0165964856018	0.0110224115484	-0.0389114771155	-0.0329696463929	-0.0247786216877	-0.0187540566492	-0.0252092228007	0.0431909598287	-0.0207950848739	-0.00147372873	-0.0268833211793	-0.00585957882849	0.0157934171504	-0.104527756117	-0.0224837360639	-0.0426528312942	-0.00658200099495	0.00456039242511	0.00570598922147	-0.00129143841332
k__Bacteria;p__Bacteroidetes;c__Bacteroidia;o__Bacteroidales;f__Bacteroidaceae;g__Bacteroides;s__Bacteroides_uniformis	0.0209670771258	1.0	0.00461472898084	-0.01255739771	0.0147230656556	-0.0138767691034	-0.0451470225897	-0.0215351672608	-0.0149227217792	-0.0108836221087	-0.0279599455953	0.00554028489918	0.0367291396003	-0.0539453310227	-0.0209769159052	-0.0426413302461	-0.0255279182963	-0.0161884506627	-0.00769393501555	-0.0420739946048	-0.00337158563011	-0.00631487494092	0.0215890686006	-0.0407748119045	-0.0248416947877	-0.0408613392713	-0.0837564021795	-0.0178322065638	0.0549042886404	0.0197696300563	0.0263534326734	-0.012664958389	-0.0153194542904	0.0036063893627	-0.00980355597741	-0.0297299334055	-0.013447661672	-0.0520009469916	0.00931454285932	0.0502491545197	-0.0211774904613	-0.0169156102128	0.0155301320715	-0.024627938699	0.0120802856636	-0.00967646122416	-0.0197894889324	-0.0334714796057	-0.0400222887469	-0.0436272214685	-0.0148044124568	0.00623777917922	0.0317499867486	0.0591459320066	0.0117110077136	-0.0185523395794	0.0537775933099	-0.0296866703341	-0.00043287982226
k__Bacteria;p__Bacteroidetes;c__Bacteroidia;o__Bacteroidales;f__Rikenellaceae;g__Alistipes;s__Alistipes_putredinis	0.00600343612476	0.00461472898084	1.0	0.00759472959722	-0.0838789927594	0.00518575329706	0.0364897823096	-0.0663388364967	0.00826729874157	-0.061048608607	0.0250919890846	-0.0339659568008	-0.0135144777407	0.0189162688926	0.019590278607	0.0192018452671	-0.00565989895174	-0.0350267315465	-0.0238352128416	-0.0780745677285	0.00739325874755	-0.0239057890178	-0.0626622257045	0.0538700134139	-0.0118621298064	-0.00463491759227	-0.0257382788595	-0.0171067439431	0.0368036977423	-0.0186724657294	0.0157550808502	0.0339420845709	-0.0145605687608	-0.0282691467931	-0.000866349057619	0.0418502244185	-0.0332842726108	-0.0496338126669	-0.0504610029976	-0.0122772002538	0.0106531968163	-0.0178696369513	-0.0699173488456	-0.0371312010567	0.0674547727212	-0.00429962432553	-0.0211263399457	-0.0330761051557	-0.0218298904867	0.00645657356436	-0.010559402573	-0.0104930163669	-0.0167035814619	-0.00263884540679	-0.0106252378166	0.0219688634684	-0.0218269788245	0.0352730618183	0.000299398087957
k__Bacteria;p__Bacteroidetes;c__Bacteroidia;o__Bacteroidales;f__Prevotellaceae;g__Prevotella;s__Prevotella_copri	-0.0344014186763	-0.01255739771	0.00759472959722	1.0	0.0123955873785	-0.0408108235975	-0.0229307200546	0.00218634536817	0.0237954827163	0.0238726427159	-0.0095334335788	-0.011817267839	-0.00297904288977	-0.0199073441347	0.0265113581564	0.00757942053685	-1.20752230457e-05	-0.0116176407415	-0.00912081808385	-0.00702185964737	-0.0322557140265	-0.0498905790376	-0.000479090509823	-0.0331624408311	-0.0267263070381	0.0455714528994	-0.00289405736309	-0.00412665857713	0.0467919867294	-0.0158967633845	-0.0102916227806	-0.0351884977018	-0.0371152152637	-0.0241232821924	-0.0330542645005	-0.00813208713556	-0.03553230276	0.00694236159208	0.023837091589	-0.0176589826789	-0.0728684128368	0.0102201559001	-0.0305286290377	0.0450944073537	-0.0683246406638	0.0192866794343	-0.00620482503333	-0.0131742814391	-0.00823678645078	-0.0498830629748	0.0359725155057	-0.00468117077032	-0.00792768643843	0.020392043349	0.00680818863602	0.024607311647	-0.0128548520954	-0.0234378309462	-0.0278467675068
k__Bacteria;p__Bacteroidetes;c__Bacteroidia;o__Bacteroidales;f__Bacteroidaceae;g__Bacteroides;s__Bacteroides_stercoris	-0.00465858847607	0.0147230656556	-0.0838789927594	0.0123955873785	1.0	-0.0100366644838	-0.0185252209863	-0.000386006351472	-0.0103431471548	-0.0149214206417	-0.0311801523281	-0.0431974678279	0.0448463499283	-0.0253389348287	-0.00668307258949	0.0222700729325	0.0079592762114	0.0253778659818	0.0777188180705	-0.0180976535131	-0.00640939850012	0.0315782316504	-0.00685833448554	-0.0350838836344	-0.0474059999919	-0.00529801782058	0.00976741549881	-0.042515789631	-0.0548448215521	0.00472425204852	-0.0132779637079	0.0621646118568	-0.0447712402699	0.00613207592446	-0.0311740167726	-0.00265841134256	-0.0770790069481	-0.0327069233517	0.0187366483725	0.0310746033931	-0.0127869961707	-0.0122776053758	0.0126136522568	-0.0298617542298	0.0622059027178	-0.0129808977466	-0.0123842051523	0.00145136381707	0.00166193276179	-0.00221661139918	-0.0453475856701	-0.0322361749799	-0.0828476573039	-0.0402825989144	-0.0146942362415	-0.00951669624626	-0.0178204717641	-0.0879327680525	0.0268303675236
k__Bacteria;p__Bacteroidetes;c__Bacteroidia;o__Bacteroidales;f__Bacteroidaceae;g__Bacteroides;s__Bacteroides_ovatus	0.0459883576103	-0.0138767691034	0.00518575329706	-0.0408108235975	-0.0100366644838	1.0	-0.0293040875148	-0.0292128032591	0.0297406649838	-0.038070337077	0.0303330633793	-0.0190617631387	0.0141200472468	-0.032783264406	0.017153118629	-0.0126411799196	-0.0210771766102	0.00559179537879	0.0014119031251	0.00525166732502	-0.0091010926743	0.0097893654235	-0.0403263773552	-0.0157038788197	-0.00983294455819	-0.0204396651862	0.0247568573105	0.0150782757423	-0.0326619097918	0.02368952328	0.0262232163545	-0.0149546067635	-0.00382348466926	-0.0310918285	-0.051442188033	-0.05131344083	0.00517490483863	-0.00646014619492	0.0201407163438	-0.022177426166	-0.0263021960551	-0.0388304515227	-0.00668282948412	-0.00703502988956	0.00302839986845	0.0571875090016	-0.0653640230668	0.015000160579	-0.0156292325074	0.0336940973669	0.0201319383218	-0.0292451901794	-0.0341136460348	0.0316258055853	0.0354217450532	-0.0153602088661	-0.00502082924798	-0.0478088786848	0.00690208846779
k__Bacteria;p__Bacteroidetes;c__Bacteroidia;o__Bacteroidales;f__Rikenellaceae;g__Alistipes;s__Alistipes_shahii	-0.00101807487441	-0.0451470225897	0.0364897823096	-0.0229307200546	-0.0185252209863	-0.0293040875148	1.0	-0.00409282033563	-0.0339138886695	0.0170976196952	-0.0335711535434	0.00233364834368	-0.020932163932	-0.0429281496468	-0.00532225382266	-0.0379004615956	-0.0665957431659	0.00468125591858	-0.030089801594	0.00485950336044	-0.031829261	0.0448490569492	-0.0162374210003	-0.0488541128673	-0.00378402149539	-0.00913855110895	0.0080269282495	-0.0671393334453	-0.0431760282736	0.0309425564249	0.00653911412011	0.0128990863185	-0.0583957499427	0.0323661677264	-0.0222744548064	-0.00271257808233	0.0304690962778	-0.0267969184457	0.0240861952085	-0.0466927172646	-0.00356723031868	-0.00533110267914	0.0198937785328	-0.0319910079194	0.0201009303897	-0.0174358612289	0.0292531799598	-0.0170539171429	-0.0390361755643	0.0396585528578	0.0708231417251	0.0333243751855	0.0118313952532	-0.0120796262022	0.00830998182809	-0.0336884334681	-0.0241092355045	-0.00669267660247	-0.0412960665795
k__Bacteria;p__Firmicutes;c__Clostridia;o__Clostridiales;f__Ruminococcaceae;g__Faecalibacterium;s__Faecalibacterium_prausnitzii	-0.00633099881681	-0.0215351672608	-0.0663388364967	0.00218634536817	-0.000386006351472	-0.0292128032591	-0.00409282033563	1.0	0.00659768800704	-0.0204245547188	-0.0122436048687	-0.0238259657011	-0.0135186683712	-0.00585842546005	-0.00786581578444	-0.0173667022599	0.0223132861507	-0.00170453386945	0.0225145770667	0.038398408372	0.0147170129949	-0.0305703693571	-0.0198165211223	0.058348560306	-0.0403560520079	0.00386743558115	-0.0138515231244	-0.0235292844696	0.00496990223452	0.0150723843825	0.0176146484867	-0.00829502743958	0.0181171281272	-0.105004260912	0.0133554416095	0.0373986805899	-0.0136642569417	0.0135486040314	0.00216535947882	-0.000760622223659	0.0200680841246	0.00104597911278	-0.00546035410208	-0.0360144609895	-0.0270600038755	-0.0319215240921	0.0513618912951	0.0153779088732	-0.0246753562074	-0.0153151326844	-0.0047554462664	0.00189119283784	-0.0170206428057	0.0260648498666	-0.00290350403114	0.0199693448409	-0.0831416396516	0.0217831787976	0.015931499074
k__Bacteria;p__Bacteroidetes;c__Bacteroidia;o__Bacteroidales;f__Rikenellaceae;g__Alistipes;s__Alistipes_finegoldii	-0.0349766252603	-0.0149227217792	0.00826729874157	0.0237954827163	-0.0103431471548	0.0297406649838	-0.0339138886695	0.00659768800704	1.0	0.0131916239987	0.0188970539038	-0.0223870232216	-0.0414944064462	0.000225479461672	-0.0628067278395	0.028966117523	-0.0253420107954	-0.0415202226909	-0.0473026515056	-0.0127031160234	-0.0485201969971	0.0129588958701	-0.00956995400368	-0.0250650825867	-0.0257475426714	-0.0425735552938	0.00562977666172	-0.00357504911987	-0.00839236308309	-0.0110069183633	-0.0298583083159	-0.0375676122006	0.021090551575	0.0940141845092	0.0124757301798	-0.0217908422588	0.00297077885884	-0.0434255224539	-0.0409902432895	0.00363303560643	-0.0507522607703	0.00976061952078	0.00342275806966	-0.0402119999885	0.0644568000504	-0.00283881436524	-0.0105394070677	-0.00830465485423	0.0190425607994	0.0130300387505	-0.00617743212028	0.0288245007968	0.0280584557519	0.00286677324041	0.0423628074708	-0.0104104031792	0.0183214055082	-0.0359383518356	-0.0195429538057
k__Bacteria;p__Bacteroidetes;c__Bacteroidia;o__Bacteroidales;f__Porphyromonadaceae;g__Parabacteroides;s__Parabacteroides_distasonis	0.0214977128639	-0.0108836221087	-0.061048608607	0.0238726427159	-0.0149214206417	-0.038070337077	0.0170976196952	-0.0204245547188	0.0131916239987	1.0	0.0362111731715	0.0142136608438	0.00765536279119	-0.00501035806689	0.0182538642097	-0.00066574618764	-0.0133191248722	0.0110002606171	-0.0453340728533	-0.0487713723761	0.0843446161255	0.0255790309331	-0.0153105076297	0.0122553822219	-0.0446929053118	0.000425381443379	-0.0115163138078	-0.0603253889797	-0.00246234772	0.0355385838388	0.00741326547741	-0.0798795900249	-0.0015221577079	0.0264818080142	-0.0276605539168	-0.0422854564539	0.0107978359164	-0.0160727389325	0.0188939275928	-0.00435415006993	0.0272503328099	-0.0285742418651	-0.0337017307536	0.0604491503112	0.0147479948367	0.000369721289583	-0.0378191697921	-0.0354640190404	0.0234576322364	-0.0449650269465	0.00170878046282	-0.0148158180547	-0.0378509390576	0.00243876309149	-0.00992506580602	0.0177908518266	-0.0117747893658	0.0105297038213	-0.0175700270044
k__Bacteria;p__Bacteroidetes;c__Bacteroidia;o__Bacteroidales;f__Bacteroidaceae;g__Bacteroides;s__Bacteroides_thetaiotaomicron	0.000930623102083	-0.0279599455953	0.0250919890846	-0.0095334335788	-0.0311801523281	0.0303330633793	-0.0335711535434	-0.0122436048687	0.0188970539038	0.0362111731715	1.0	0.0481232556106	-0.0152285149936	-0.03542167202	-0.0431991867802	-0.0172382892365	0.0197559879452	-0.0294691281532	-0.0530484247749	-0.0163150929253	0.0120970901237	-0.0492329463506	-0.0122814525466	0.00218359681145	-0.0026259802337	-0.0194285282954	-0.025131753317	0.0191862619891	-0.0335248980518	0.0361543195637	-0.000362369055978	-0.0191335305977	0.0193910868472	-0.022549579959	0.0242587092389	-0.00507337789077	-0.0171023642109	-0.00153566133365	0.0292370331319	0.0581225656188	0.00927337537673	0.00397033673546	0.0157475804697	0.0182643925253	-0.0367525774825	0.0142530639271	-0.0545323621944	0.0234577385323	0.0230948521999	-0.0383141748997	-0.0120004508215	-0.0115062370086	-0.0213007705573	0.03958060047	-0.0296607402824	0.0181074883339	-0.0372436920971	-0.0082465315391	-0.0098365016318
k__Bacteria;p__Bacteroidetes;c__Bacteroidia;o__Bacteroidales;f__Bacteroidaceae;g__Bacteroides;s__Bacteroides_coprocola	0.0317061141172	0.00554028489918	-0.0339659568008	-0.011817267839	-0.0431974678279	-0.0190617631387	0.00233364834368	-0.0238259657011	-0.0223870232216	0.0142136608438	0.0481232556106	1.0	0.0053938919014	0.0281869196014	0.0397597502387	-0.0331915637231	0.0183670044641	0.0150388884118	0.00729871180171	-0.00121509162385	-0.0219645290642	-0.0322231711776	0.0142303460914	0.0343599820524	0.0430116598357	0.00407905387511	-0.0356749967884	-0.0544570668085	-0.0105810732501	-0.0225534885245	0.0310241687424	0.0086504414783	0.0453374876483	0.000612033064895	-0.0169042560884	-0.00233984779459	0.0330304708264	0.00401446549679	-0.0262937917184	-0.0363890589036	-0.0313292104944	-0.028660284524	0.0265440635183	-0.00805088713782	0.00463404553927	-0.0239449333785	-0.00497169675577	-0.0646759993345	0.00876612705054	-0.060369871071	-0.0142015290991	-0.0678717314551	-0.0325735448334	-0.0257126466718	-0.0190471975828	0.0240988030641	-0.00960543226501	-0.0187743913538	-0.003686953246
k__Bacteria;p__Bacteroidetes;c__Bacteroidia;o__Bacteroidales;f__Bacteroidaceae;g__Bacteroides;s__Bacteroides_cellulosilyticus	-0.0113300204921	0.0367291396003	-0.0135144777407	-0.00297904288977	0.0448463499283	0.0141200472468	-0.020932163932	-0.0135186683712	-0.0414944064462	0.00765536279119	-0.0152285149936	0.0053938919014	1.0	0.00773169945019	0.0563174605775	0.0112489218903	-0.0176512630582	0.0257944212375	0.0859451036363	0.0518944423672	0.0349600239991	-0.0313546637605	-0.034966180501	0.0215936212854	0.00471325395952	-0.0205557487168	-0.0287852192169	0.0554945890292	-0.0515851177109	-0.0277559564571	-0.0508836821603	-0.0355120970334	-0.0622636391813	-0.0231539937698	-0.0493276109048	0.0517409256637	0.0104368822681	4.83017978977e-05	-0.0486527239711	-0.015286592565	-0.022211068394	0.00324045375455	-0.00924522080691	-0.0506208147061	0.00691242924341	-0.0062611388269	0.0251653063833	0.00401571169869	0.0268249570882	-0.00670660492224	0.0247619586902	-0.0169933872075	-0.0227570206315	-0.0306744142455	0.0418128947605	-0.0309805251127	0.00683464794285	-0.0349800649815	0.0114935282403
k__Bacteria;p__Bacteroidetes;c__Bacteroidia;o__Bacteroidales;f__Rikenellaceae;g__Alistipes;s__Alistipes_obesi	0.0183704167235	-0.0539453310227	0.0189162688926	-0.0199073441347	-0.0253389348287	-0.032783264406	-0.0429281496468	-0.00585842546005	0.000225479461672	-0.00501035806689	-0.03542167202	0.0281869196014	0.00773169945019	1.0	-0.0306302747946	0.00337029044661	0.0526450822926	-0.0335808711803	0.0183147482219	0.0222150878284	-0.0122320756605	-0.0427048790415	-0.047759907513	0.00976088563302	-0.0104146255925	-0.0190831412431	-0.0025165994427	-0.0142141082282	-0.019576896369	-0.000197199492491	0.0408292166399	-0.0260339467071	0.0644809867615	0.0172191154939	-0.003118085421	-0.00924713923613	0.0373498925832	-0.00228209773162	-0.0519967689871	0.0103622704434	0.0284158191458	0.0472660599007	-0.0176325408764	0.0354967362677	-0.0315529217192	-0.0240190944614	-0.00563911309629	-0.0159489657803	0.0446844760458	-0.062682394119	-0.00347862263467	-0.0267740727835	0.0324501580163	-0.0530825005825	-0.0467906710852	0.046370358994	-0.0379434838312	0.0156256029227	0.00850014611932
k__Bacteria;p__Firmicutes;c__Clostridia;o__Clostridiales;f__Lachnospiraceae;g__;s__[Eubacterium]_rectale	0.0211392462272	-0.0209769159052	0.019590278607	0.0265113581564	-0.00668307258949	0.017153118629	-0.00532225382266	-0.00786581578444	-0.0628067278395	0.0182538642097	-0.0431991867802	0.0397597502387	0.0563174605775	-0.0306302747946	1.0	-0.0358973399132	-0.0421746460164	-0.0275126307345	0.00967747284028	-0.0333999906689	-0.00836546900288	0.0126922827682	0.010517134194	-0.0367374630918	-0.0601379777674	0.0320428945247	0.0190678865834	0.0201515549234	0.0160370011463	-0.00958186485084	-0.000331520171358	0.051149164117	-0.0125726516533	-0.0075141428353	-0.0237991864433	-0.0258763984147	-0.00143220469346	-0.0395108499335	0.024876045526	-0.0206672526575	0.0428590884435	-0.0586056189777	0.0420600407205	0.0701785638991	-0.0405857714228	0.0160824552585	-0.0649270651206	0.0434446594639	0.00213579990803	0.0110935028085	-0.0579223699264	0.0232674067821	-0.00690403375847	0.0614470058199	-0.0660139889713	-0.0230513516653	0.00238759313725	-0.0401045574222	-0.0410796635983
k__Bacteria;p__Bacteroidetes;c__Bacteroidia;o__Bacteroidales;f__Bacteroidaceae;g__Bacteroides;s__Bacteroides_plebeius	-0.0228546797024	-0.0426413302461	0.0192018452671	0.00757942053685	0.0222700729325	-0.0126411799196	-0.0379004615956	-0.0173667022599	0.028966117523	-0.00066574618764	-0.0172382892365	-0.0331915637231	0.0112489218903	0.00337029044661	-0.0358973399132	1.0	0.0507907445419	0.017540594116	-0.0583222244884	-0.0205536529867	-0.0445175411058	-0.00406924665769	-0.0526422650018	0.0379765058253	-0.0373432788934	0.00285493800747	0.0172116186755	0.0214320993196	-0.00454717195766	0.0150721102567	-0.0027025960367	-0.0118649508105	-0.0314571398404	-0.0154565553696	0.00850989742172	0.0474902410213	-0.0150715609205	0.0565979063348	0.0733725094999	0.00543764598639	-0.00579077498445	-0.0132339144396	0.0241483208135	0.00505046424369	-0.0246631377033	-0.00758021181524	0.023002567499	0.0419496991432	-0.00959232438003	-0.00161628665464	0.0254584184167	0.0135727215173	0.0236145681294	-0.0338164062264	0.00410588021971	-0.020194540587	0.0247682795279	-0.0528711787063	-0.0385591386603
k__Bacteria;p__Bacteroidetes;c__Bacteroidia;o__Bacteroidales;f__Bacteroidaceae;g__Bacteroides;s__Bacteroides_fragilis	-0.0220251915088	-0.0255279182963	-0.00565989895174	-1.20752230458e-05	0.0079592762114	-0.0210771766102	-0.0665957431659	0.0223132861507	-0.0253420107954	-0.0133191248722	0.0197559879452	0.0183670044641	-0.0176512630582	0.0526450822926	-0.0421746460164	0.0507907445419	1.0	0.0247780089987	-0.00308712061025	-0.0243225823104	0.0122538469755	0.0264682160847	-0.0178569741574	-0.0364460891812	-0.0324370955397	-0.0113357351237	-0.0665657344172	-0.00162966239943	-0.00913751177518	0.0258595310174	-0.0222171168009	-0.0867918497984	-0.0356266641923	-0.0306602432473	0.0267249066892	-0.0454200084627	-0.00617325781988	-0.0213681966903	-0.0364857679719	0.0118121739231	0.00180703338891	0.0017556429955	-0.054299993663	0.0223729538471	0.036181157407	-0.0197916240294	-0.00662977097056	0.015577824535	0.00302589542806	0.0112708791058	0.0261130346093	0.0400111127491	0.00730243341263	-0.00867918823632	-0.0498427260382	-0.00800405697077	-0.0117216493276	0.0199391887835	-0.0178328896244
k__Bacteria;p__Proteobacteria;c__Betaproteobacteria;o__Burkholderiales;f__Sutterellaceae;g__Sutterella;s__Sutterella_wadsworthensis	0.023087286407	-0.0161884506627	-0.0350267315465	-0.0116176407415	0.0253778659818	0.00559179537879	0.00468125591858	-0.00170453386945	-0.0415202226909	0.0110002606171	-0.0294691281532	0.0150388884118	0.0257944212375	-0.0335808711803	-0.0275126307345	0.017540594116	0.0247780089987	1.0	-0.0436526739145	-0.0324253821294	-0.02319361699	-0.0125890431613	0.026820720264	0.0115918505161	0.0235142970468	0.0093992893147	-0.040317955663	-0.00401234398289	0.0401073768162	-0.0188245023225	-0.00815679237235	-0.025853284729	-0.00282815853315	-0.00826139936522	-0.0107486507002	-0.0442219630429	-0.0089829364277	-0.0105511870482	0.0138138874056	-0.0379450396088	-0.0109220368372	0.0345686675719	-0.00271741453848	0.0351166378942	-0.0672118592793	-0.00561488668009	-0.00462225180349	-0.0303480347177	-0.0419877540705	-7.69639759793e-05	-0.0370318655517	0.0232988519446	-0.0267193952387	-0.047411728087	-0.00629159940544	0.0401217134998	-0.0324048775782	0.032345830475	0.0056698786241
k__Bacteria;p__Bacteroidetes;c__Bacteroidia;o__Bacteroidales;f__Porphyromonadaceae;g__Barnesiella;s__Barnesiella_intestinihominis	-0.0032844581805	-0.00769393501555	-0.0238352128416	-0.00912081808385	0.0777188180705	0.0014119031251	-0.030089801594	0.0225145770667	-0.0473026515056	-0.0453340728533	-0.0530484247749	0.00729871180171	0.0859451036363	0.0183147482219	0.00967747284028	-0.0583222244884	-0.00308712061025	-0.0436526739145	1.0	0.0218509268146	-0.0782138569723	0.00566788583234	0.00775300606303	0.00756537197866	-0.01149912045	-0.0238458818682	0.0481724615388	-0.0113235999436	-0.031614542003	0.0349865372592	0.0153627094203	0.0194715988355	0.0119601367631	-0.048417939518	-0.0301955452392	0.0344646719518	-0.0176680246418	0.00270716945491	0.0165009249454	0.0254759231467	-0.0216018972396	0.0500529236691	0.0121529995148	-0.0588420724103	-0.0415460792025	-0.0145918616853	0.0382276449865	0.012402342174	-0.041423265991	0.0273935708591	-0.0559521408478	0.00337089232121	-0.0549642552999	-0.0396533627377	0.0105616809148	-0.0493375074607	0.0440170639438	-0.0388320235983	-0.0261523700477
k__Bacteria;p__Bacteroidetes;c__Bacteroidia;o__Bacteroidales;f__Odoribacteraceae;g__Odoribacter;s__Odoribacter_splanchnicus	-0.0127019056227	-0.0420739946048	-0.0780745677285	-0.00702185964737	-0.0180976535131	0.00525166732502	0.00485950336044	0.038398408372	-0.0127031160234	-0.0487713723761	-0.0163150929253	-0.00121509162385	0.0518944423672	0.0222150878284	-0.0333999906689	-0.0205536529867	-0.0243225823104	-0.0324253821294	0.0218509268146	1.0	-0.0133766848432	0.00709674502973	0.0166381020335	-0.00566400858986	-0.00891209416811	-0.0377936452517	0.0408107615678	-0.0482996435097	0.0243915959905	-0.0138593951506	0.0191860420666	-0.0304488107212	-0.0136926927913	-0.0142469991971	0.0265070863326	-0.011220590608	-0.0391596467801	0.0162111251826	-0.0528203969823	0.0112752660163	0.0542838553417	0.0318003343664	-0.0142825293133	0.0242190753994	-0.0702780772282	0.0410184483153	0.0114440166803	0.0167799301087	0.0463929213063	-0.0066778757344	0.0035128147054	-0.0415245895654	0.0207301577346	0.0255470865213	0.0301475605039	0.00264138949558	0.0137874743369	-0.041469331704	-0.0516786439367
k__Bacteria;p__Bacteroidetes;c__Bacteroidia;o__Bacteroidales;f__Bacteroidaceae;g__Bacteroides;s__Bacteroides_salyersiae	-0.0660588786008	-0.00337158563011	0.00739325874755	-0.0322557140265	-0.00640939850012	-0.0091010926743	-0.031829261	0.0147170129949	-0.0485201969971	0.0843446161255	0.0120970901237	-0.0219645290642	0.0349600239991	-0.0122320756605	-0.00836546900288	-0.0445175411058	0.0122538469755	-0.02319361699	-0.0782138569723	-0.0133766848432	1.0	-0.0303867159851	-0.0531893253741	0.0486019721936	0.00400431471847	0.0179129456593	-0.0112990852427	0.00142096561808	-0.0419272467808	-0.0899446231703	0.0833068247841	-0.0123046250899	-0.0439385364305	-0.064064805484	0.00837201380691	-0.00421911575358	-0.0235017530306	-0.0139980993063	-0.0126608502843	0.0234638887526	0.0298214679437	-0.0751985858436	-0.00284837857845	0.0172295679712	0.0789773204092	0.0547030829637	-0.020782297386	-0.0143722605872	-0.0264258072497	-0.0106943460194	-0.00635795654685	-0.0183903841919	0.0491655865252	0.0149630516851	0.0360303668096	-0.0125428972429	-0.0187873647274	-0.0132744418335	-0.0937603114731
k__Bacteria;p__Firmicutes;c__Clostridia;o__Clostridiales;f__Ruminococcaceae;g__Ruminiclostridium;s__[Eubacterium]_siraeum	0.00158992128565	-0.00631487494092	-0.0239057890178	-0.0498905790376	0.0315782316504	0.0097893654235	0.0448490569492	-0.0305703693571	0.0129588958701	0.0255790309331	-0.0492329463506	-0.0322231711776	-0.0313546637605	-0.0427048790415	0.0126922827682	-0.00406924665769	0.0264682160847	-0.0125890431613	0.00566788583234	0.00709674502973	-0.0303867159851	1.0	-0.0184775497928	-0.0726939706037	0.0265672492672	0.014675146953	-0.0168272967598	-0.0182833680779	-0.00184178044863	-0.013244364002	-0.038050230157	0.0241745438704	0.00314806997838	0.0285896589197	-0.0456201981601	0.0475504491539	-0.0533082740344	-0.0367499688172	0.00346217588118	0.0676570975108	0.00852672142211	-0.0697754643195	0.0123802458005	-0.014918961866	-0.0250580755465	0.0133967384958	-0.0296097504159	0.0308635798384	-0.0285285751683	0.0261455676301	0.01517586905	-0.0239583656264	0.0417524732723	-0.0368427367216	0.0559683809835	0.00859911883622	-0.00615354642153	0.0138201034006	-0.0113411441094
k__Bacteria;p__Proteobacteria;c__Betaproteobacteria;o__Burkholderiales;f__Sutterellaceae;g__Parasutterella;s__Parasutterella_excrementihominis	-0.042754845355	0.0215890686006	-0.0626622257045	-0.000479090509823	-0.00685833448554	-0.0403263773552	-0.0162374210003	-0.0198165211223	-0.00956995400368	-0.0153105076297	-0.0122814525466	0.0142303460914	-0.034966180501	-0.047759907513	0.010517134194	-0.0526422650018	-0.0178569741574	0.026820720264	0.00775300606303	0.0166381020335	-0.0531893253741	-0.0184775497928	1.0	0.0537449289522	-0.0414272103615	-0.00237428695965	0.0189998484931	0.035210479067	0.00416067371882	0.0487007218944	-0.034152068057	0.00965307284457	0.0449160009545	-0.0255224823967	-0.0585298971038	-0.025038525724	0.0267268545208	0.0721597910142	0.0481285856094	0.0207371456668	0.0384107083845	0.0048760955746	-0.103524992062	-0.00795404099909	-0.0508611788524	-0.0238337157598	-0.0051245098493	-0.0486741913375	-0.0332684579059	-0.029128227391	-0.0210435819193	0.0597530958379	-0.0197933553081	-0.0573466152456	-0.0120601592872	-0.0219773817953	-0.00870576485899	0.0036831056613	-0.00612781351532
k__Bacteria;p__Actinobacteria;c__Actinobacteria;o__Bifidobacteriales;f__Bifidobacteriaceae;g__Bifidobacterium;s__Bifidobacterium_adolescentis	0.0213331810897	-0.0407748119045	0.0538700134139	-0.0331624408311	-0.0350838836344	-0.0157038788197	-0.0488541128673	0.058348560306	-0.0250650825867	0.0122553822219	0.00218359681145	0.0343599820524	0.0215936212854	0.00976088563302	-0.0367374630918	0.0379765058253	-0.0364460891812	0.0115918505161	0.00756537197866	-0.00566400858986	0.0486019721936	-0.0726939706037	0.0537449289522	1.0	-0.00224858633691	0.0263756198949	-0.0650176274223	0.0272901985674	-0.0349591509483	-0.0093923984479	0.0262023088748	-0.00971528114051	0.0491096632265	0.0549048313457	-0.0311408821067	-0.0318266316003	-0.0580108710042	-0.0306178310175	-0.0097011362865	-0.0150309443854	0.00970538035778	0.0113642467951	-0.0138536299583	-0.00324173408484	0.0281658408809	0.02818660065	-0.0135481857968	-0.0613116705603	0.0231798286101	-0.013354532962	0.00865915516955	-0.0323812376392	0.000980871448498	0.000897585683179	0.0350305075026	-0.0355987614376	0.0216965773977	-0.00657113911337	0.0183623690193
k__Bacteria;p__Firmicutes;c__Clostridia;o__Clostridiales;f__Oscillospiraceae;g__Oscillibacter;s__Oscillibacter_sp._KLE_1745	0.0288453081954	-0.0248416947877	-0.0118621298064	-0.0267263070381	-0.0474059999919	-0.00983294455819	-0.00378402149539	-0.0403560520079	-0.0257475426714	-0.0446929053118	-0.0026259802337	0.0430116598357	0.00471325395952	-0.0104146255925	-0.0601379777674	-0.0373432788934	-0.0324370955397	0.0235142970468	-0.01149912045	-0.00891209416811	0.00400431471847	0.0265672492672	-0.0414272103615	-0.00224858633691	1.0	-0.0141537568149	0.0122356693823	-0.00168143318814	0.0084448604507	-0.0370065322784	-0.0109052823437	0.0109646947009	-0.084672876384	0.00189989352617	-0.0639470838845	-0.00860553815739	0.0150310778429	-0.0257990524115	-0.0477163058961	0.0531090196014	0.0256061972588	-0.0246184215902	-0.0187451463556	-0.0184997623924	0.0210192085364	0.0116803269554	0.0620461070534	0.03997288219	0.00257934003581	-0.0368241870642	-0.0096499241673	-0.0125605332301	-0.00669914564684	-0.0442015997848	-0.00271606174216	-0.00189845099838	-0.0439486455677	-0.0200538963418	-0.0238110828573
k__Bacteria;p__Bacteroidetes;c__Bacteroidia;o__Bacteroidales;f__Bacteroidaceae;g__Bacteroides;s__Bacteroides_coprophilus	0.00431325407438	-0.0408613392713	-0.00463491759227	0.0455714528994	-0.00529801782058	-0.0204396651862	-0.00913855110895	0.00386743558115	-0.0425735552938	0.000425381443379	-0.0194285282954	0.00407905387511	-0.0205557487168	-0.0190831412431	0.0320428945247	0.00285493800747	-0.0113357351237	0.0093992893147	-0.0238458818682	-0.0377936452517	0.0179129456593	0.014675146953	-0.00237428695965	0.0263756198949	-0.0141537568149	1.0	-0.014403190881	-0.0195422135161	0.0493154038922	0.0300836978933	-0.00545424659404	-0.0491575721391	-0.0199053002838	-0.000612661849894	-0.0358611640167	-0.0322503267102	-0.0419188913743	-0.0101854169759	-0.0393945102769	-0.0119183652462	0.032715809991	0.000298531482785	-0.0228586144638	-0.0164792312348	0.0366643786318	-0.0280814957897	0.0137196708105	0.0392305380536	-0.0264749824524	-0.00725072436948	0.0179827360442	-0.00443682722882	-0.0328657471946	0.0447075408829	1.54915852251e-05	0.00923061696233	-0.0315826943368	-6.93001265566e-05	-0.000793372435332
k__Bacteria;p__Firmicutes;c__Clostridia;o__Clostridiales;f__Lachnospiraceae;g__Roseburia;s__Roseburia_intestinalis	0.0696265334544	-0.0837564021795	-0.0257382788595	-0.00289405736309	0.00976741549881	0.0247568573105	0.0080269282495	-0.0138515231244	0.00562977666172	-0.0115163138078	-0.025131753317	-0.0356749967884	-0.0287852192169	-0.0025165994427	0.0190678865834	0.0172116186755	-0.0665657344172	-0.040317955663	0.0481724615388	0.0408107615678	-0.0112990852427	-0.0168272967598	0.0189998484931	-0.0650176274223	0.0122356693823	-0.014403190881	1.0	-0.00567033310605	-0.0500316058576	-0.0395633457762	0.0421389237574	0.00593436141202	-0.0190990535577	-0.0142213331638	-0.0559913594119	-0.0320061859133	-7.14351831775e-05	-0.0248567911877	-0.0162534274807	-0.0577357916359	-0.0507411557912	-0.0470468608776	0.0206686684202	0.0160739757748	-0.00938017786562	-0.0248244179747	-0.0017326445727	-0.00615282683949	0.0217493459311	0.00709829005599	0.0175176228534	-0.0331242746237	0.048127423125	-0.0445805542199	0.0520721934535	-0.0910926421292	-0.00289167274587	-0.0326996921469	0.000210586845
k__Bacteria;p__Firmicutes;c__Clostridia;o__Clostridiales;f__Lachnospiraceae;g__Roseburia;s__Roseburia_hominis	0.0292999162952	-0.0178322065638	-0.0171067439431	-0.00412665857713	-0.042515789631	0.0150782757423	-0.0671393334453	-0.0235292844696	-0.00357504911987	-0.0603253889797	0.0191862619891	-0.0544570668085	0.0554945890292	-0.0142141082282	0.0201515549234	0.0214320993196	-0.00162966239943	-0.00401234398289	-0.0113235999436	-0.0482996435097	0.00142096561808	-0.0182833680779	0.035210479067	0.0272901985674	-0.00168143318814	-0.0195422135161	-0.00567033310605	1.0	-0.0255858342985	-0.00295617343889	-0.0576982309136	-0.0289131834635	0.0105854741534	0.0804453418375	-0.0252704371803	0.0899675403364	-0.0106060485551	-0.100942539611	-0.0192980497052	-0.0409157667051	-0.0159097141604	-0.0290149209049	-0.0152971018544	-0.0136893890894	0.010258931017	0.0911787672385	0.00189374947438	-0.0580256198016	0.0575116541604	-0.0415803165638	0.00402853569202	0.0130469012248	-0.0204737640376	0.00517653000418	0.0445897535197	-0.0468555973646	0.0104848904808	0.0139654267537	0.00740365755202
k__Bacteria;p__Bacteroidetes;c__Bacteroidia;o__Bacteroidales;f__Porphyromonadaceae;g__Parabacteroides;s__Parabacteroides_johnsonii	-0.0200014774995	0.0549042886404	0.0368036977423	0.0467919867294	-0.0548448215521	-0.0326619097918	-0.0431760282736	0.00496990223452	-0.00839236308309	-0.00246234772	-0.0335248980518	-0.0105810732501	-0.0515851177109	-0.019576896369	0.0160370011463	-0.00454717195766	-0.00913751177518	0.0401073768162	-0.031614542003	0.0243915959905	-0.0419272467808	-0.00184178044863	0.00416067371882	-0.0349591509483	0.0084448604507	0.0493154038922	-0.0500316058576	-0.0255858342985	1.0	0.0428220898543	0.00594273082417	-0.0187814597131	-0.0255690428849	-0.0324921504046	0.0382702856964	0.000541483141312	-0.0369478896115	-0.0133020936716	0.0197424610857	-0.0105489402188	-0.00187140074395	-0.0147802165306	-0.0176679172089	0.0359415164227	-0.0467117420265	-0.0364473342014	-0.0324275177277	0.0267135244777	0.0812071596346	0.0458748018699	0.0756485616415	-0.0527294193007	-0.0283328325591	0.00196784219271	-0.0449870080816	-0.0541673404659	-0.0574333444265	-0.0355724976189	0.00650474255244
k__Bacteria;p__Actinobacteria;c__Actinobacteria;o__Bifidobacteriales;f__Bifidobacteriaceae;g__Bifidobacterium;s__Bifidobacterium_longum	-0.0238072070058	0.0197696300563	-0.0186724657294	-0.0158967633845	0.00472425204852	0.02368952328	0.0309425564249	0.0150723843825	-0.0110069183633	0.0355385838388	0.0361543195637	-0.0225534885245	-0.0277559564571	-0.000197199492491	-0.00958186485084	0.0150721102567	0.0258595310174	-0.0188245023225	0.0349865372592	-0.0138593951506	-0.0899446231703	-0.013244364002	0.0487007218944	-0.0093923984479	-0.0370065322784	0.0300836978933	-0.0395633457762	-0.00295617343889	0.0428220898543	1.0	-0.0232390981377	0.0135932745504	-0.0249309286752	-0.0122426636465	-0.047499725749	0.0524338916945	0.00243459457609	-0.0347317055954	-0.00400957693779	0.0372515549128	0.0341877377046	-0.0526808643893	-0.0637495891404	-0.0184154124381	0.0199824108212	0.0076895464838	-0.000701701025944	0.00648094286326	0.019935805678	0.0265973127506	-0.134199284548	-0.0115414663669	-0.000873517669	-0.015667647906	-0.022062949351	0.000343325160633	0.0384145658433	0.0388346472439	0.00406593834166
