#taxonomy	k__Bacteria;p__Bacteroidetes;c__Bacteroidia;o__Bacteroidales;f__Bacteroidaceae;g__Bacteroides;s__Bacteroides_vulgatus	k__Bacteria;p__Bacteroidetes;c__Bacteroidia;o__Bacteroidales;f__Bacteroidaceae;g__Bacteroides;s__Bacteroides_uniformis	k__Bacteria;p__Bacteroidetes;c__Bacteroidia;o__Bacteroidales;f__Rikenellaceae;g__Alistipes;s__Alistipes_putredinis	k__Bacteria;p__Bacteroidetes;c__Bacteroidia;o__Bacteroidales;f__Prevotellaceae;g__Prevotella;s__Prevotella_copri	k__Bacteria;p__Bacteroidetes;c__Bacteroidia;o__Bacteroidales;f__Bacteroidaceae;g__Bacteroides;s__Bacteroides_stercoris	k__Bacteria;p__Bacteroidetes;c__Bacteroidia;o__Bacteroidales;f__Bacteroidaceae;g__Bacteroides;s__Bacteroides_ovatus	k__Bacteria;p__Bacteroidetes;c__Bacteroidia;o__Bacteroidales;f__Rikenellaceae;g__Alistipes;s__Alistipes_shahii	k__Bacteria;p__Firmicutes;c__Clostridia;o__Clostridiales;f__Ruminococcaceae;g__Faecalibacterium;s__Faecalibacterium_prausnitzii	k__Bacteria;p__Bacteroidetes;c__Bacteroidia;o__Bacteroidales;f__Rikenellaceae;g__Alistipes;s__Alistipes_finegoldii	k__Bacteria;p__Bacteroidetes;c__Bacteroidia;o__Bacteroidales;f__Porphyromonadaceae;g__Parabacteroides;s__Parabacteroides_distasonis	k__Bacteria;p__Bacteroidetes;c__Bacteroidia;o__Bacteroidales;f__Bacteroidaceae;g__Bacteroides;s__Bacteroides_thetaiotaomicron	k__Bacteria;p__Bacteroidetes;c__Bacteroidia;o__Bacteroidales;f__Bacteroidaceae;g__Bacteroides;s__Bacteroides_coprocola	k__Bacteria;p__Bacteroidetes;c__Bacteroidia;o__Bacteroidales;f__Bacteroidaceae;g__Bacteroides;s__Bacteroides_cellulosilyticus	k__Bacteria;p__Bacteroidetes;c__Bacteroidia;o__Bacteroidales;f__Rikenellaceae;g__Alistipes;s__Alistipes_obesi	k__Bacteria;p__Firmicutes;c__Clostridia;o__Clostridiales;f__Lachnospiraceae;g__;s__[Eubacterium]_rectale	k__Bacteria;p__Bacteroidetes;c__Bacteroidia;o__Bacteroidales;f__Bacteroidaceae;g__Bacteroides;s__Bacteroides_plebeius	k__Bacteria;p__Bacteroidetes;c__Bacteroidia;o__Bacteroidales;f__Bacteroidaceae;g__Bacteroides;s__Bacteroides_fragilis	k__Bacteria;p__Proteobacteria;c__Betaproteobacteria;o__Burkholderiales;f__Sutterellaceae;g__Sutterella;s__Sutterella_wadsworthensis	k__Bacteria;p__Bacteroidetes;c__Bacteroidia;o__Bacteroidales;f__Porphyromonadaceae;g__Barnesiella;s__Barnesiella_intestinihominis	k__Bacteria;p__Bacteroidetes;c__Bacteroidia;o__Bacteroidales;f__Odoribacteraceae;g__Odoribacter;s__Odoribacter_splanchnicus	k__Bacteria;p__Bacteroidetes;c__Bacteroidia;o__Bacteroidales;f__Bacteroidaceae;g__Bacteroides;s__Bacteroides_salyersiae	k__Bacteria;p__Firmicutes;c__Clostridia;o__Clostridiales;f__Ruminococcaceae;g__Ruminiclostridium;s__[Eubacterium]_siraeum	k__Bacteria;p__Proteobacteria;c__Betaproteobacteria;o__Burkholderiales;f__Sutterellaceae;g__Parasutterella;s__Parasutterella_excrementihominis	k__Bacteria;p__Actinobacteria;c__Actinobacteria;o__Bifidobacteriales;f__Bifidobacteriaceae;g__Bifidobacterium;s__Bifidobacterium_adolescentis	k__Bacteria;p__Firmicutes;c__Clostridia;o__Clostridiales;f__Oscillospiraceae;g__Oscillibacter;s__Oscillibacter_sp._KLE_1745	k__Bacteria;p__Bacteroidetes;c__Bacteroidia;o__Bacteroidales;f__Bacteroidaceae;g__Bacteroides;s__Bacteroides_coprophilus	k__Bacteria;p__Firmicutes;c__Clostridia;o__Clostridiales;f__Lachnospiraceae;g__Roseburia;s__Roseburia_intestinalis	k__Bacteria;p__Firmicutes;c__Clostridia;o__Clostridiales;f__Lachnospiraceae;g__Roseburia;s__Roseburia_hominis	k__Bacteria;p__Bacteroidetes;c__Bacteroidia;o__Bacteroidales;f__Porphyromonadaceae;g__Parabacteroides;s__Parabacteroides_johnsonii	k__Bacteria;p__Actinobacteria;c__Actinobacteria;o__Bifidobacteriales;f__Bifidobacteriaceae;g__Bifidobacterium;s__Bifidobacterium_longum	k__Bacteria;p__Firmicutes;c__Clostridia;o__Clostridiales;f__;g__Flavonifractor;s__Flavonifractor_plautii	k__Bacteria;p__Firmicutes;c__Clostridia;o__Clostridiales;f__Clostridiaceae;g__Clostridium;s__Clostridium_phoceensis	k__Bacteria;p__Verrucomicrobia;c__Verrucomicrobiae;o__Verrucomicrobiales;f__Akkermansiaceae;g__Akkermansia;s__Akkermansia_muciniphila	k__Bacteria;p__Bacteroidetes;c__Bacteroidia;o__Bacteroidales;f__Prevotellaceae;g__Paraprevotella;s__Paraprevotella_xylaniphila	k__Bacteria;p__Firmicutes;c__Clostridia;o__Clostridiales;f__Ruminococcaceae;g__Ruminococcus;s__Ruminococcus_callidus	k__Bacteria;p__Bacteroidetes;c__Bacteroidia;o__Bacteroidales;f__Rikenellaceae;g__Alistipes;s__Alistipes_senegalensis	k__Bacteria;p__Firmicutes;c__Clostridia;o__Clostridiales;f__Lachnospiraceae;g__Blautia;s__Blautia_sp._KLE_1732	k__Bacteria;p__Bacteroidetes;c__Bacteroidia;o__Bacteroidales;f__Bacteroidaceae;g__Bacteroides;s__Bacteroides_oleiciplenus	k__Bacteria;p__Firmicutes;c__Clostridia;o__Clostridiales;f__Ruminococcaceae;g__Ruminococcus;s__Ruminococcus_bicirculans	k__Bacteria;p__Bacteroidetes;c__Bacteroidia;o__Bacteroidales;f__Bacteroidaceae;g__Bacteroides;s__Bacteroides_fluxus	k__Bacteria;p__Bacteroidetes;c__Bacteroidia;o__Bacteroidales;f__Prevotellaceae;g__Prevotella;s__Prevotella_stercorea	k__Bacteria;p__Firmicutes;c__Clostridia;o__Clostridiales;f__Lachnospiraceae;g__Dorea;s__Dorea_longicatena	k__Bacteria;p__Firmicutes;c__Clostridia;o__Clostridiales;f__Eubacteriaceae;g__Eubacterium;s__[Eubacterium]_eligens	k__Bacteria;p__Firmicutes;c__Clostridia;o__Clostridiales;f__Ruminococcaceae;g__;s__Ruminococcaceae_bacterium_D16	k__Bacteria;p__Firmicutes;c__Clostridia;o__Clostridiales;f__Lachnospiraceae;g__Coprococcus;s__Coprococcus_comes	k__Bacteria;p__Proteobacteria;c__Gammaproteobacteria;o__Enterobacterales;f__Enterobacteriaceae;g__Escherichia;s__Escherichia_coli	k__Bacteria;p__Firmicutes;c__Clostridia;o__Clostridiales;f__Ruminococcaceae;g__Anaerotruncus;s__Anaerotruncus_colihominis	k__Bacteria;p__Firmicutes;c__Clostridia;o__Clostridiales;f__Lachnospiraceae;g__Blautia;s__Blautia_obeum	k__Bacteria;p__Bacteroidetes;c__Bacteroidia;o__Bacteroidales;f__Odoribacteraceae;g__Odoribacter;s__Odoribacter_laneus	k__Bacteria;p__Firmicutes;c__Clostridia;o__Clostridiales;f__Ruminococcaceae;g__Ruminiclostridium;s__[Clostridium]_leptum	k__Bacteria;p__Bacteroidetes;c__Bacteroidia;o__Bacteroidales;f__Porphyromonadaceae;g__Parabacteroides;s__Parabacteroides_goldsteinii	k__Bacteria;p__Firmicutes;c__Clostridia;o__Clostridiales;f__Lachnospiraceae;g__Anaerostipes;s__Anaerostipes_hadrus	k__Bacteria;p__Firmicutes;c__Clostridia;o__Clostridiales;f__Ruminococcaceae;g__Ruminococcus;s__Ruminococcus_lactaris	k__Bacteria;p__Firmicutes;c__Clostridia;o__Clostridiales;f__Clostridiaceae;g__Clostridium;s__Clostridium_sp._L2-50	k__Bacteria;p__Firmicutes;c__Clostridia;o__Clostridiales;f__Clostridiaceae;g__Clostridium;s__Clostridium_sp._M62/1	k__Bacteria;p__Firmicutes;c__Clostridia;o__Clostridiales;f__;g__Intestinimonas;s__Intestinimonas_butyriciproducens	k__Bacteria;p__Actinobacteria;c__Actinobacteria;o__Bifidobacteriales;f__Bifidobacteriaceae;g__Bifidobacterium;s__Bifidobacterium_bifidum	k__Bacteria;p__Firmicutes;c__Negativicutes;o__Veillonellales;f__Veillonellaceae;g__Dialister;s__Dialister_invisus	k__Bacteria;p__Bacteroidetes;c__Bacteroidia;o__Bacteroidales;f__Bacteroidaceae;g__Bacteroides;s__Bacteroides_salanitronis
k__Bacteria;p__Bacteroidetes;c__Bacteroidia;o__Bacteroidales;f__Bacteroidaceae;g__Bacteroides;s__Bacteroides_vulgatus	1.0	-0.0323110257875	-0.00680753156442	-0.0283256681532	0.0856690413847	-0.000622847798775	0.0229632019049	-0.00409785882456	0.0347326398102	-0.0706303633667	-0.0142183809544	0.00889200210923	-0.033419769589	-0.0561736622496	-0.00455037645369	-0.0197085085053	0.00801928922128	-0.041476792161	-0.00476746931355	0.0111952235152	-0.0266001033052	-0.00371952534508	-0.036013375067	0.0312050744421	-0.0711643387164	-0.0422182706583	-0.0466525265808	0.0162940931826	0.00557306383509	0.0090948390428	-0.0582457837014	-0.0164192296496	0.0823683094892	0.0356521462422	-0.0375438314417	0.0220582037803	-0.00114588302756	-0.0105526332457	-0.0213084490628	-0.0529997792438	0.0217658545249	-0.011352070254	0.0557103234889	0.0211934714974	0.00274182822373	0.0168055353618	0.00072827293126	-0.00697171286738	-0.034669152914	0.00558145081098	0.0465477122661	-0.0393333147183	-0.0115982839364	0.046916439573	-0.0332780887074	-0.0093759330892	-0.00191811915159	-0.0134214922883	0.0128964624172
k__Bacteria;p__Bacteroidetes;c__Bacteroidia;o__Bacteroidales;f__Bacteroidaceae;g__Bacteroides;s__Bacteroides_uniformis	-0.0323110257875	1.0	0.00264454931029	-0.0251697885001	-0.0388843305297	-0.0144200303627	-0.00279533105998	-0.0101943391969	-0.00619310125619	0.0156231466169	0.00313651942893	-0.0218106982593	7.59087910288e-05	-0.0394942471456	-0.00675866202506	-0.0338240241205	-0.00983756656708	0.0001795719412	-0.00159857499216	-0.0198306728103	-0.0119804369876	0.0258828000022	0.0311987046397	0.011876844391	0.040038611016	-0.0676372938834	-0.0369423935572	-0.0184390587283	-0.014397440427	-0.0200448537868	-0.0550893265337	-0.00994821605011	0.00842733759909	-0.00649932880761	-0.0547437658292	-0.0250162449566	-0.0229131633637	-0.0376626971155	0.0110921417361	-0.0406558389484	-0.0370387238122	0.0116609865205	-0.0126649191996	-0.0422440013486	0.0651389943405	-0.0623135149312	0.0229114651552	-0.0287165663405	-0.00858023401987	-0.0164797109001	0.0146312569237	0.00476152371735	0.0323794886627	-0.0180954108448	-0.011943317493	0.00116876764838	-0.0372081295942	0.030507514272	-0.00548519653021
k__Bacteria;p__Bacteroidetes;c__Bacteroidia;o__Bacteroidales;f__Rikenellaceae;g__Alistipes;s__Alistipes_putredinis	-0.00680753156442	0.00264454931029	1.0	0.0282972506229	0.0216372270101	0.00810120961068	0.0348051507423	-0.0120902859824	0.00649218942905	0.0327650396555	0.00462373666869	-0.0440040622033	-0.0696374110326	-0.00798032682332	-0.0217861358368	0.0149394088752	-0.00322328076426	-0.0632751863677	-0.0458700989952	-0.0151974804357	0.0494740785302	0.00602015129601	-0.0266576906993	-0.0178796198434	0.0160283786026	0.0148284096763	0.0186775001196	-0.0126589463597	0.0753858384931	-0.0441862198708	-0.025026086365	-0.0235951467717	0.0460243884299	0.0123966938978	-0.0181752932923	-0.0120256919669	0.00641912652672	-0.0111848230185	-0.00218309158611	0.0346124387645	-0.028282523886	-0.00643301873358	0.0257416782104	0.00943345924149	-0.00450451900279	-0.0384387826126	-0.0258618124371	0.0370329774089	-0.0286807161019	0.0030998928051	-0.00320094289181	0.00695439260139	-0.0218542102817	-0.0335037664563	-0.0157159424963	-0.00141184021084	-0.00487255059931	-0.00814033359429	-0.0425632196652
k__Bacteria;p__Bacteroidetes;c__Bacteroidia;o__Bacteroidales;f__Prevotellaceae;g__Prevotella;s__Prevotella_copri	-0.0283256681532	-0.0251697885001	0.0282972506229	1.0	0.0349910753891	0.0404481450358	0.0257392409518	0.040059997272	0.0439605552308	-0.0302941007029	-0.116209387383	-0.0165714250664	-0.00645787672069	-0.0346635157864	-0.0204316503904	-0.021372473608	-0.030061201058	0.0150301291597	0.0388445601689	-0.0280433175337	-0.0036420952256	-0.00278540731642	-0.0154206511503	0.00878728793352	0.00736255085077	-0.0102725421868	0.0639550319059	0.0423291564499	-0.0130566405696	0.00286465154419	0.0268145320971	-0.0147438033956	-0.0562003870487	0.0227825250211	0.0517181814598	-0.0255150181849	-0.0159595102569	-0.0202617783527	0.0705322392382	0.000499456647073	-0.0315030770555	0.00815364029263	-0.0507327018903	-0.0183633534568	-0.0196994651727	-0.00152420855039	-0.00341559527534	0.0109571049254	-0.022167328027	-0.0442005627931	-0.051266866911	-0.020558648288	0.0233253882007	0.00611641350216	-0.0348837969386	-0.0304894387707	-0.0342884571178	-0.00196998770442	0.0247589036148
k__Bacteria;p__Bacteroidetes;c__Bacteroidia;o__Bacteroidales;f__Bacteroidaceae;g__Bacteroides;s__Bacteroides_stercoris	0.0856690413847	-0.0388843305297	0.0216372270101	0.0349910753891	1.0	-0.0931352921128	-0.0637107836278	-0.00137289253541	0.0529128931593	-0.0395000734199	0.0152835431551	0.0132258668429	0.0104597447671	-0.0383593652842	-0.0119638518854	0.0111036912555	-0.058400077214	0.0113748073647	-0.0225959234229	0.0162103512509	0.0470267477961	0.0260202056743	-0.0410959672756	-0.0177743387703	-0.024990923956	0.000929393899188	0.036429737957	-0.0780328607607	-0.00807905802669	-0.0476133348295	-0.0018549623188	-0.0260862520095	0.0393615908121	-0.088896739146	-0.0396950049069	-0.00585827403776	0.0301660090792	0.0563904458527	0.000679963130317	0.0331775191026	0.0125485520191	-0.0243869283903	-0.000742813126193	0.0370629403399	-0.0304730009094	-0.0438299530263	-0.016980354253	0.044684233417	-0.0328731475925	-0.0190139820772	0.0511526278531	0.015486540607	-0.0220653666659	-0.0436186988046	-0.00441258253466	-0.0671100112961	-0.0333588568715	-0.0147849220807	-0.0106804018585
k__Bacteria;p__Bacteroidetes;c__Bacteroidia;o__Bacteroidales;f__Bacteroidaceae;g__Bacteroides;s__Bacteroides_ovatus	-0.000622847798775	-0.0144200303627	0.00810120961069	0.0404481450358	-0.0931352921128	1.0	-0.029375431307	-0.00952288688299	-0.0259234350894	-0.0109782139215	0.00637272832015	0.0121447348296	1.27668238342e-05	-0.0408485204358	-0.00768806882847	0.00799078836522	0.0265162846062	-0.011035857134	0.0289109982457	0.0173290728646	0.0192841317473	0.00519395281257	-0.00286163301529	-0.0375834522664	0.027931899362	-0.0548005988518	-0.0014239803731	0.0214911386299	-0.0187289674699	0.0163661293599	-0.0120196909489	-0.0403844447901	0.00204580459594	0.0498438936875	-0.0131937607547	-0.0372517987965	-0.00136038422265	0.0151712234757	0.0527916802064	-0.00271715682624	0.0126666576312	-0.0192523426903	-0.0195463057527	-0.00205389922173	0.0327209725437	-0.0287511148609	0.031151165783	0.00415201676666	0.037491999321	-0.0453989202103	-0.0084909370384	-0.0245989924627	-0.0152997575699	0.0657658871175	-0.0489012978925	-0.00412951706983	0.000511124693346	-0.0258283821766	0.0110110239539
k__Bacteria;p__Bacteroidetes;c__Bacteroidia;o__Bacteroidales;f__Rikenellaceae;g__Alistipes;s__Alistipes_shahii	0.0229632019049	-0.00279533105998	0.0348051507423	0.0257392409518	-0.0637107836278	-0.029375431307	1.0	-0.0185105170995	-0.0551609955494	-0.00504017860365	0.00197210209072	0.0236493114981	-0.0750847982486	0.0485246043022	-0.0220548269445	0.0364558877738	-0.0314984620739	-0.088237716249	0.0323192618993	-0.0306972372189	0.00334913036928	0.0546002840125	-0.000878538186472	-0.0539760906931	0.00410012901053	-0.00352945500038	0.0357632565469	-0.0142584549008	0.00747777640633	-0.02268467253	0.0231407920922	-0.0598116433108	0.0242667759187	0.0197294232237	0.0502035754006	-0.0444584625547	0.0616405591729	-0.0424917271923	0.0073026050025	-0.0324413148317	0.00671828177503	0.022718484978	-0.0051633726173	0.0123150416779	-0.0313616143458	-0.0211817724348	-0.0276603332823	0.053810265799	0.0242812047041	0.041827014519	-0.0285513576735	0.0235877933392	-0.0210212851328	0.028246450956	-0.000721600460656	-0.035603558301	0.027378345522	-0.00416041879344	-0.0463932403735
k__Bacteria;p__Firmicutes;c__Clostridia;o__Clostridiales;f__Ruminococcaceae;g__Faecalibacterium;s__Faecalibacterium_prausnitzii	-0.00409785882456	-0.0101943391969	-0.0120902859824	0.040059997272	-0.00137289253541	-0.00952288688299	-0.0185105170995	1.0	0.012881786499	0.0359740891775	-0.0188074482155	-0.0306321731577	0.0444141382719	0.0140026680803	0.0269890703593	-0.0374418673681	0.0371573370547	-0.000894773689949	-0.0715258280133	-0.00911050269105	0.0205426940406	-0.00633494568546	-0.0172580925252	-0.0108526736255	-0.0737235172114	-0.00654315453178	-0.00833237840328	0.048292151011	-0.0116730064469	0.0177567625961	-0.0323574280766	0.0373256685649	0.00841028843417	-0.0106722092437	-0.0633306732839	-0.026157348241	-0.0649465652725	-0.061133795856	0.0286106780981	0.0102211486876	-0.037763340333	-0.0956355006557	-0.00789296297216	0.00503458445795	0.0293906906594	-0.0202451945605	-0.000729605602708	-0.0253016707707	-0.0838624016007	-0.0263556220156	0.027311883134	0.013919590659	-0.0408459058471	-0.0086609700768	-0.0388382695914	0.0365318056715	-0.0187717264448	-0.00193516069951	0.00105571689446
k__Bacteria;p__Bacteroidetes;c__Bacteroidia;o__Bacteroidales;f__Rikenellaceae;g__Alistipes;s__Alistipes_finegoldii	0.0347326398102	-0.00619310125619	0.00649218942905	0.0439605552308	0.0529128931593	-0.0259234350894	-0.0551609955494	0.012881786499	1.0	-0.0198848472327	-0.0383985200143	0.0587911106038	-0.00456979206076	-0.0304956488649	0.023208180904	-0.0156895991421	-0.048592550085	-0.0137975284796	0.0292181720082	-0.0168355587084	0.0490289779684	0.0179070190425	-0.0131541973787	0.0128432027116	-0.0238986756616	-0.0027421962789	0.0568593097555	-0.00953054755674	-0.0457788870993	-0.0113694831355	0.00343778559957	-0.0147204097698	0.0297564887175	-0.0201170340315	-0.0132957548845	-0.0606719497639	-0.00734120859072	-0.027439983565	-0.0214316936413	-0.0117358036521	0.0299838119876	0.0489995054589	0.0221255728202	-0.0146038779377	-0.0361390640205	0.00672167354508	-0.00834333702413	-0.0284315097418	-0.0167729693514	0.000155481802966	-0.0288494543657	0.0507822173078	-0.0626460874969	-0.0722447851901	0.0250241938985	0.0187137734304	-0.0189425569509	0.00516498134011	-0.0299948796799
k__Bacteria;p__Bacteroidetes;c__Bacteroidia;o__Bacteroidales;f__Porphyromonadaceae;g__Parabacteroides;s__Parabacteroides_distasonis	-0.0706303633667	0.0156231466169	0.0327650396555	-0.0302941007029	-0.0395000734199	-0.0109782139215	-0.00504017860365	0.0359740891775	-0.0198848472327	1.0	0.00400932358026	-0.0355432118848	-0.0102608576051	0.00384584758117	0.0278040014672	-0.0301237703647	0.0375183070744	-0.0357253862024	-0.0278127541278	0.0286299967388	-0.00567214392907	0.0320333761088	-0.0055811778494	-0.0327531729826	0.0305346779578	-0.0453787037461	-0.00239184200753	0.0473167569339	-0.035030464356	0.0555286888642	0.026055639287	0.0321220702327	-0.0375121423615	-0.010111772625	0.00144883841082	-0.0104819293262	0.0036611472064	-0.0304042097656	-0.0687074743648	-0.0283412499491	-0.000604219848302	-0.0362521817098	-0.000172714367122	-0.0254506549359	0.0275775599028	0.0397234963411	0.01629613377	-0.0118461807124	-0.0248098386842	-0.020021377673	-0.0408567538222	-0.0264019286657	-0.0322236752242	0.0353139476948	-0.0186628816185	-0.0316753927035	-0.0152136164254	0.0194962204288	-0.0638745522219
k__Bacteria;p__Bacteroidetes;c__Bacteroidia;o__Bacteroidales;f__Bacteroidaceae;g__Bacteroides;s__Bacteroides_thetaiotaomicron	-0.0142183809544	0.00313651942893	0.00462373666869	-0.116209387383	0.0152835431551	0.00637272832015	0.00197210209072	-0.0188074482155	-0.0383985200143	0.00400932358026	1.0	-0.0492375191027	-0.0108932142224	0.0940899779022	-0.024198585497	0.0526081182675	-0.054398781523	-0.00248552409438	7.29462149516e-05	-0.0711649280589	-0.0126198235646	0.0306614589641	-0.033475274247	-0.00869126405496	0.06912208585	-0.0389622005058	-0.00888003532661	-0.104911138845	0.0312236396551	-0.0191845456093	0.02767363225	-0.0190726302876	-0.0557570362116	0.00310974114487	-0.00660558290854	0.0185748806431	0.0128422800528	-0.0174106405603	0.0565937674097	0.0121359926889	-0.0401328220361	-0.0201368025968	-0.0537715272626	-0.0121966062988	-0.00090264344808	0.0289119781952	-0.0133231076015	0.00970506116193	0.00626467707199	-0.0207514420857	-0.0659270892961	0.0191225292133	0.0394293906592	0.0271625162843	0.0552930578774	-0.0128047804645	0.0284224872162	-0.0508473571734	-0.0581082259349
k__Bacteria;p__Bacteroidetes;c__Bacteroidia;o__Bacteroidales;f__Bacteroidaceae;g__Bacteroides;s__Bacteroides_coprocola	0.00889200210923	-0.0218106982593	-0.0440040622033	-0.0165714250664	0.0132258668429	0.0121447348296	0.0236493114981	-0.0306321731577	0.0587911106038	-0.0355432118848	-0.0492375191027	1.0	-0.0312435105218	0.0732570578531	0.0425030115289	0.0300284774332	0.0139640090781	-0.00875602438819	-0.015633177931	-0.0264988546833	0.0272655119783	0.00121848394628	0.0252905277847	0.0212893265814	-0.00298873843879	-0.0194266641993	-0.00089583283559	0.0284936026339	-0.0155468826572	-0.00852403409095	-0.0227984164248	0.0344206811782	0.0466252085779	-0.0493817568281	-0.015630247257	0.057584962384	0.0249589463726	-0.0139676280871	0.0439609917555	0.0297136554252	0.0140567146165	0.0179216587483	-0.0619437087854	0.0201779971377	-0.0298376992057	-0.0161713061269	-0.0330365255089	0.0448070179734	-0.0321471106543	-0.00886143637999	-0.0712095590267	-0.00674110048232	0.0257351597858	-0.0485305790247	-0.0176622824269	-0.0381232216114	0.00262825601647	0.0205404512905	-0.0342160830902
k__Bacteria;p__Bacteroidetes;c__Bacteroidia;o__Bacteroidales;f__Bacteroidaceae;g__Bacteroides;s__Bacteroides_cellulosilyticus	-0.033419769589	7.59087910287e-05	-0.0696374110326	-0.00645787672069	0.0104597447671	1.27668238343e-05	-0.0750847982486	0.0444141382719	-0.00456979206076	-0.0102608576051	-0.0108932142224	-0.0312435105218	1.0	0.0263463805011	0.00123806040034	-0.0135980472496	0.0126608381551	0.10050423178	-0.0119928403812	-0.00407887531551	0.00747848112338	0.00190269447929	-0.0553675521732	-0.0608872744149	-0.00612563701163	0.059821481603	-0.0147400300109	-0.00588167295417	-0.0295025519692	-0.0276401608533	0.0297566808748	-0.0168504629873	0.00168319665511	-0.0375888069304	0.0281308287919	-0.035211870601	-0.0203814761544	0.0183101574722	0.0124503251498	-0.045365218576	-0.0230428714675	-0.0476159355558	-0.0142810923842	-0.00993173794884	-0.0721626752991	-0.00782509920418	0.013619690728	0.0271851083488	0.0614920115546	0.0171074698286	-0.0180331666863	0.005797422616	-0.000428928642861	-0.0101098432872	-0.0256236625794	0.0355453014115	-0.0118294237021	-0.00644414927833	-0.0185049011636
k__Bacteria;p__Bacteroidetes;c__Bacteroidia;o__Bacteroidales;f__Rikenellaceae;g__Alistipes;s__Alistipes_obesi	-0.0561736622496	-0.0394942471456	-0.00798032682332	-0.0346635157864	-0.0383593652842	-0.0408485204358	0.0485246043022	0.0140026680803	-0.0304956488649	0.00384584758117	0.0940899779022	0.0732570578531	0.0263463805011	1.0	0.0529867076218	-0.0726753028414	-0.00584175204391	0.0163222446067	-0.0151041191458	-0.00912060924993	-0.0187886040954	-0.0309230388008	0.00415281911677	-0.0619109609829	0.0178501366028	0.00453226456712	-0.0274425266858	-0.0160014300678	0.0109908684028	0.00471111087017	0.0586528683593	0.0195265182433	-0.0569653306061	0.0148069709177	-0.0374520793135	0.0230112929343	-0.0412100553351	-0.00832758379214	-0.0222674621499	0.0119604038028	-0.0261307321575	0.0243081323011	0.00363230367242	-0.0126440519927	-0.00205509486101	-0.0269022820355	0.0436863079857	0.00665770842139	-0.0385443008589	0.0020931594833	-0.0260543957685	-0.0153025962946	-0.0238531730968	-0.00455020677532	-0.072810717207	-0.0237938973454	0.00543488614479	0.041933384282	0.0214633868225
k__Bacteria;p__Firmicutes;c__Clostridia;o__Clostridiales;f__Lachnospiraceae;g__;s__[Eubacterium]_rectale	-0.00455037645369	-0.00675866202506	-0.0217861358368	-0.0204316503904	-0.0119638518854	-0.00768806882847	-0.0220548269445	0.0269890703593	0.023208180904	0.0278040014672	-0.024198585497	0.0425030115289	0.00123806040034	0.0529867076218	1.0	0.0605930119043	-0.01862970296	-0.0231988481793	0.00289755696184	-0.0227976907749	0.0155374996582	-0.0492143392058	-0.0294128873248	-0.0303559133689	-0.0304191386723	-0.0780655947713	0.00374745591582	-0.00521236602792	-0.0330782800267	-0.0291486220799	-0.0226093949542	0.00382614426716	-0.0452363344745	-0.00752971557293	-0.0276541992044	0.0139011470223	-0.00989335384735	0.00830521524083	0.0292576706537	0.00837435545568	-0.0650397788504	-0.0237592725425	0.0142514289287	0.00860869887278	-0.00355328147013	0.0514645919272	-0.043828652284	-0.0292276382846	0.0689827842142	0.00786426316851	0.0437141195576	-0.0536674065259	-0.00131419145483	0.0196813445973	8.27688126817e-05	-0.0405681085323	-0.050692768436	0.0284632720195	-0.0132463010853
k__Bacteria;p__Bacteroidetes;c__Bacteroidia;o__Bacteroidales;f__Bacteroidaceae;g__Bacteroides;s__Bacteroides_plebeius	-0.0197085085053	-0.0338240241205	0.0149394088752	-0.021372473608	0.0111036912555	0.00799078836522	0.0364558877738	-0.0374418673681	-0.0156895991421	-0.0301237703647	0.0526081182675	0.0300284774332	-0.0135980472496	-0.0726753028414	0.0605930119043	1.0	-0.00907346571553	-0.00764509732944	-0.0406487161672	-0.085754828138	-0.0159273915803	-0.0148915638468	0.0168544976243	0.0122405152404	-0.00826911590827	0.0743494014344	0.00987959520905	-0.0104013795145	0.0246427130354	0.04820187554	-0.0204051925203	-0.0495324768038	0.00675734417242	-0.00316571001774	-0.0185888818874	-0.0217666795764	0.0153526592006	0.0274435806808	-0.0771479244748	0.00543402121478	-0.0428673869536	0.042093921097	0.0317532740814	-0.0272575261567	-0.0450764338446	-0.0110891151319	-0.032198854185	0.0271884134803	-0.0474644249556	-0.0675766230361	0.0299897297725	-0.0109700175764	-0.023183792979	-0.0271988369336	0.0789741988011	0.0708380272666	-0.0272367735892	0.028110098711	-0.0542176875002
k__Bacteria;p__Bacteroidetes;c__Bacteroidia;o__Bacteroidales;f__Bacteroidaceae;g__Bacteroides;s__Bacteroides_fragilis	0.00801928922128	-0.00983756656708	-0.00322328076426	-0.030061201058	-0.058400077214	0.0265162846062	-0.0314984620739	0.0371573370547	-0.048592550085	0.0375183070744	-0.054398781523	0.0139640090781	0.0126608381551	-0.00584175204391	-0.01862970296	-0.00907346571553	1.0	0.018866851009	0.0051523786477	-0.0252149368103	-0.00952453282184	0.0350137219519	-0.0256724535438	-0.00685107249425	0.0273786247984	-0.0621124608247	0.00534568901152	-0.0479393342106	0.0117826362382	0.0229768321957	0.00975704117824	0.0395440178366	-0.0466423756033	-0.0124823641057	-0.0331988019802	-0.0647533781418	-0.0258122398666	-0.02268229521	0.00297942721948	0.00118491115693	-0.0421811586029	-0.00993677475565	-0.0249023134999	0.0230426211486	-0.0392627538001	-0.0216363718204	-0.00603099509124	0.0273132765329	0.00425109142646	-0.00509632482447	0.00596671612197	-0.0185832507144	-0.0160189768626	0.0267311737524	-0.013450290598	-0.0139177945748	-0.0103213091767	-0.0165441586118	0.0194545619668
k__Bacteria;p__Proteobacteria;c__Betaproteobacteria;o__Burkholderiales;f__Sutterellaceae;g__Sutterella;s__Sutterella_wadsworthensis	-0.041476792161	0.0001795719412	-0.0632751863677	0.0150301291597	0.0113748073647	-0.011035857134	-0.088237716249	-0.000894773689949	-0.0137975284796	-0.0357253862024	-0.00248552409438	-0.00875602438819	0.10050423178	0.0163222446067	-0.0231988481793	-0.00764509732944	0.018866851009	1.0	-0.00340804433933	-0.0261154215071	0.00571770317607	0.00198976829959	-0.0138827731276	0.0296768048293	0.0458263577532	-0.00771429308334	0.00644620093828	-0.000748807910848	-0.00520244205981	-0.0483913230191	-0.0563977504899	0.0536071945013	-0.0265668368141	-0.0213564238437	0.0154174515229	0.00706309045984	-0.0686420408312	0.0137223502542	-0.0128212031075	-0.0660345070232	-0.0198520338365	0.0609581366748	-0.00696610290414	-0.0529008620732	-0.0647782147634	0.0714921356776	-0.0385275129413	0.0152954385928	-0.00639657012368	0.00969343121053	0.040109291593	-0.0348019515182	-0.00851822835998	-0.0315904951914	0.0226268415625	0.0541179437618	-0.000282622754897	-0.0346964186933	-0.0981793867695
k__Bacteria;p__Bacteroidetes;c__Bacteroidia;o__Bacteroidales;f__Porphyromonadaceae;g__Barnesiella;s__Barnesiella_intestinihominis	-0.00476746931355	-0.00159857499216	-0.0458700989952	0.0388445601689	-0.0225959234229	0.0289109982457	0.0323192618993	-0.0715258280133	0.0292181720082	-0.0278127541278	7.29462149516e-05	-0.015633177931	-0.0119928403812	-0.0151041191458	0.00289755696184	-0.0406487161672	0.0051523786477	-0.00340804433933	1.0	0.0105653450659	-0.0393140320538	-0.00840879729914	0.0424554928174	0.0295094407112	-0.00667574664201	0.00768995408586	-0.0240813703287	0.0328545621826	-0.00641096243342	0.0653307827405	0.0164154736692	-0.0582250352304	-0.0893163587841	0.00732311647232	-0.0134343029159	0.0547779586533	1.21299374129e-05	-0.0288962488534	-0.00651096101299	0.000660008773109	-0.0647134293796	-0.0168944929082	-0.0138426648702	-0.00164826254706	0.0241646754823	-0.0200526233325	-0.00538745713178	0.0128482347109	0.0322832437157	0.0800646930438	0.00674719166141	-0.0123370614773	-0.00956737546013	-0.0360324095515	0.0707667845339	0.0112074140109	0.0234790063712	-0.0103361736386	-0.0160795404385
k__Bacteria;p__Bacteroidetes;c__Bacteroidia;o__Bacteroidales;f__Odoribacteraceae;g__Odoribacter;s__Odoribacter_splanchnicus	0.0111952235152	-0.0198306728103	-0.0151974804357	-0.0280433175337	0.0162103512509	0.0173290728646	-0.0306972372189	-0.00911050269105	-0.0168355587084	0.0286299967388	-0.0711649280589	-0.0264988546833	-0.00407887531551	-0.00912060924993	-0.0227976907749	-0.085754828138	-0.0252149368103	-0.0261154215071	0.0105653450659	1.0	0.0237697838958	0.00920845677807	-0.0454948331146	0.00436850910327	0.00395981810859	-0.0246631030073	-0.00535730765585	-0.0265197384519	0.0189929355757	-0.0688568973888	-0.0241119438273	-0.00213766323806	0.0440672738689	0.07317378768	0.0385287731233	-0.0147455335394	-0.0115473549275	0.0132387209244	-0.0237867170186	0.0244329573546	-0.0030680568797	-0.0266313765021	0.0210446020045	-0.0348604416715	0.0189215104129	-0.00674773867483	0.0423998297543	0.0730329594212	-0.00187422764307	0.0329283457092	-0.0361246697724	0.0456565130263	0.0293964876718	-0.0303242716019	0.0316443584114	0.00910138659587	0.0474771428485	-0.0519629313909	0.0434879900291
k__Bacteria;p__Bacteroidetes;c__Bacteroidia;o__Bacteroidales;f__Bacteroidaceae;g__Bacteroides;s__Bacteroides_salyersiae	-0.0266001033052	-0.0119804369876	0.0494740785302	-0.0036420952256	0.0470267477961	0.0192841317473	0.00334913036928	0.0205426940406	0.0490289779684	-0.00567214392907	-0.0126198235646	0.0272655119783	0.00747848112338	-0.0187886040954	0.0155374996582	-0.0159273915803	-0.00952453282184	0.00571770317607	-0.0393140320538	0.0237697838958	1.0	-0.026555033631	-0.0257807830195	-0.0206809991777	-0.0125672013907	0.0281239564592	0.0287228591198	0.0379357240761	-0.0122387454633	-0.0189464646295	-0.0110669402173	0.0266079877096	0.0127277067087	-0.0436563507567	0.0273532832084	-0.0186350098766	-0.0389856237186	-0.0340664687386	-0.0504109913537	-0.0354986898095	0.0161936783047	-0.0180583842288	-0.00351880571817	-0.0211736777677	0.0533117882078	0.0137790449221	0.0188003794185	0.0266263349571	-0.0725347446649	-0.0324545661991	0.0535992112523	0.0582247282824	-0.0204433071051	-0.00445363588985	-0.0133515683904	-0.00731398563872	0.00424551858768	-0.0138955173618	0.0447685202521
k__Bacteria;p__Firmicutes;c__Clostridia;o__Clostridiales;f__Ruminococcaceae;g__Ruminiclostridium;s__[Eubacterium]_siraeum	-0.00371952534508	0.0258828000022	0.00602015129601	-0.00278540731642	0.0260202056743	0.00519395281257	0.0546002840125	-0.00633494568546	0.0179070190425	0.0320333761088	0.0306614589641	0.00121848394628	0.00190269447929	-0.0309230388008	-0.0492143392058	-0.0148915638468	0.0350137219519	0.00198976829959	-0.00840879729914	0.00920845677807	-0.026555033631	1.0	-0.0171631480237	-0.0459225504556	-0.0337283778599	-0.0430452532338	-0.00609918329626	-0.0411516055975	-0.0287607658489	0.0265437313574	-0.0370969656237	-0.0478845138	-0.0352217118641	-0.0336584420656	-0.0399461192466	-0.015709534559	-0.0490931100542	-0.0496463673301	0.0422812576242	-0.00548703243972	0.00505400162135	0.00862081861102	-0.0739178011007	0.0124196810821	-0.00839826528399	-0.00117631228816	-0.0313381109356	0.0133177604965	-0.0284251171681	-0.0116219208549	-0.0263214563558	0.0291585590212	-0.0407101998729	0.0154633227638	-0.00707890028967	0.023857538985	-0.0033779540101	-0.00895076918715	0.0214617702608
k__Bacteria;p__Proteobacteria;c__Betaproteobacteria;o__Burkholderiales;f__Sutterellaceae;g__Parasutterella;s__Parasutterella_excrementihominis	-0.036013375067	0.0311987046397	-0.0266576906993	-0.0154206511503	-0.0410959672756	-0.00286163301529	-0.000878538186472	-0.0172580925252	-0.0131541973787	-0.0055811778494	-0.033475274247	0.0252905277847	-0.0553675521732	0.00415281911677	-0.0294128873248	0.0168544976243	-0.0256724535438	-0.0138827731276	0.0424554928174	-0.0454948331146	-0.0257807830195	-0.0171631480237	1.0	-0.0217080696691	-0.0111228069258	-0.0461442762317	-4.46360396719e-05	0.00412111445287	0.0501786539222	0.0739449472896	-0.014528851288	-0.036325288126	-0.0125229661898	-0.00789695340064	0.0183348334067	-0.074928327098	0.0239545603343	-0.0141806085583	-0.0239807409465	-0.0571100206708	0.023893843449	-0.0217226162424	-0.00550436669905	0.0392216975869	-0.0123200447165	-0.0549352468665	-0.0645805017951	0.0513027827683	-0.0479246810276	0.0249246654485	0.00763659138222	-0.00608051763227	-0.0451373022633	-0.00395977687543	0.0038426065869	-0.0400662127142	0.0131880850641	-0.0170976764795	0.00660193511567
k__Bacteria;p__Actinobacteria;c__Actinobacteria;o__Bifidobacteriales;f__Bifidobacteriaceae;g__Bifidobacterium;s__Bifidobacterium_adolescentis	0.0312050744421	0.011876844391	-0.0178796198434	0.00878728793352	-0.0177743387703	-0.0375834522664	-0.0539760906931	-0.0108526736255	0.0128432027116	-0.0327531729826	-0.00869126405496	0.0212893265814	-0.0608872744149	-0.0619109609829	-0.0303559133689	0.0122405152404	-0.00685107249425	0.0296768048293	0.0295094407112	0.00436850910327	-0.0206809991777	-0.0459225504556	-0.0217080696691	1.0	-0.0168248573039	0.0130676103766	0.00362410214178	-0.0202663552016	0.00936673593438	-0.045016662722	-0.0200423912587	-0.00777571376972	0.00295241867352	0.00997200490206	-0.0404339699119	-0.0174163592579	-0.0390420272778	0.00513699938829	0.0135272558224	0.00302144950271	0.00644140518433	0.0353013943865	0.00812476482567	-0.0556051675616	0.0391361986366	-0.0690919342613	-0.0368618767331	0.00312834522075	0.0380818738678	-0.0082175037329	0.00301666304141	0.0166984042321	-0.0365348512709	-0.00793146399441	-0.015241218977	-0.0453806648224	-0.0404306715935	0.0268269808781	-0.0387103279795
k__Bacteria;p__Firmicutes;c__Clostridia;o__Clostridiales;f__Oscillospiraceae;g__Oscillibacter;s__Oscillibacter_sp._KLE_1745	-0.0711643387164	0.040038611016	0.0160283786026	0.00736255085077	-0.024990923956	0.027931899362	0.00410012901053	-0.0737235172114	-0.0238986756616	0.0305346779578	0.06912208585	-0.00298873843879	-0.00612563701163	0.0178501366028	-0.0304191386723	-0.00826911590827	0.0273786247984	0.0458263577532	-0.00667574664201	0.00395981810859	-0.0125672013907	-0.0337283778599	-0.0111228069258	-0.0168248573039	1.0	0.00897568704596	-0.0730167999344	-0.0604394559346	0.0207184089219	-0.00340945752521	-0.0183597490115	0.0460210787129	0.0190073709838	-0.000104121290677	0.014355938054	-0.0243252392188	0.0203486744992	-0.0128373261065	0.0234013624965	-0.0605671562833	0.0202360889436	0.00246429315189	0.0403681764016	-0.0669454888969	0.0297056857676	-0.0399329378502	0.0679457966449	-0.0139851730033	-0.0644222541873	-0.00149563805395	-0.0162103285244	0.0135720725738	-0.0320513634548	-0.023180206153	0.0377641328779	0.00785417333393	-0.0639886711441	-0.013435295	-0.00921080710316
k__Bacteria;p__Bacteroidetes;c__Bacteroidia;o__Bacteroidales;f__Bacteroidaceae;g__Bacteroides;s__Bacteroides_coprophilus	-0.0422182706583	-0.0676372938834	0.0148284096763	-0.0102725421868	0.000929393899188	-0.0548005988518	-0.00352945500038	-0.00654315453178	-0.0027421962789	-0.0453787037461	-0.0389622005058	-0.0194266641993	0.059821481603	0.00453226456712	-0.0780655947713	0.0743494014344	-0.0621124608247	-0.00771429308334	0.00768995408586	-0.0246631030073	0.0281239564592	-0.0430452532338	-0.0461442762317	0.0130676103766	0.00897568704596	1.0	0.0227918922655	0.0315810691504	-0.0332074212296	0.0185786989796	0.0503248936956	-0.00173788392829	0.0122780911392	0.0315348039246	0.0240044782887	0.0198629848948	0.0315780072394	-0.00463861630037	-0.0288474176507	0.000366884200617	-0.0139005437633	-0.00991157604843	-0.0453505823859	-0.0258449555936	-0.0253561450672	0.0440103241273	0.0122603621254	-0.0248187747028	0.0143373117061	0.0264096846566	-0.0347833656816	-0.00725126309829	-0.0233898293332	-0.0177714268578	-0.0212464844069	-0.0210446303736	-0.0647405525331	0.00371051709323	-0.036832072289
k__Bacteria;p__Firmicutes;c__Clostridia;o__Clostridiales;f__Lachnospiraceae;g__Roseburia;s__Roseburia_intestinalis	-0.0466525265808	-0.0369423935572	0.0186775001196	0.0639550319059	0.036429737957	-0.0014239803731	0.0357632565469	-0.00833237840328	0.0568593097555	-0.00239184200753	-0.00888003532661	-0.00089583283559	-0.0147400300109	-0.0274425266858	0.00374745591582	0.00987959520905	0.00534568901152	0.00644620093828	-0.0240813703287	-0.00535730765585	0.0287228591198	-0.00609918329626	-4.46360396719e-05	0.00362410214178	-0.0730167999344	0.0227918922655	1.0	0.00697262592199	-0.000649363644826	-0.0340525550697	0.0343086248847	-0.0389085456854	-0.00649678205459	-0.00872456757875	-0.00378182144893	-0.0261075712823	-0.00242273375965	-0.0442692260001	0.0161795164501	0.00396605840351	-0.00431660044852	-0.0343905287061	-0.0496536807151	-0.0315231257434	0.00644280749367	-0.0194527220794	0.00624316472507	-0.00737716942169	-0.00832272576318	-0.0422500414956	-0.0126515774128	-0.0464660644941	0.00385627196005	-0.0329281725164	-0.0278946717083	0.0522471074153	-0.0408818683297	0.0241612321114	0.00824213964872
k__Bacteria;p__Firmicutes;c__Clostridia;o__Clostridiales;f__Lachnospiraceae;g__Roseburia;s__Roseburia_hominis	0.0162940931826	-0.0184390587283	-0.0126589463597	0.0423291564499	-0.0780328607607	0.0214911386299	-0.0142584549008	0.048292151011	-0.00953054755674	0.0473167569339	-0.104911138845	0.0284936026339	-0.00588167295417	-0.0160014300678	-0.00521236602792	-0.0104013795145	-0.0479393342106	-0.000748807910848	0.0328545621826	-0.0265197384519	0.0379357240761	-0.0411516055975	0.00412111445287	-0.0202663552016	-0.0604394559346	0.0315810691504	0.00697262592199	1.0	-0.0500233209023	-0.0708829167745	0.0281582899707	0.0432879147961	0.0239500561107	-0.0397808726313	0.00181661315831	-0.018378868877	0.0224007744932	-0.0135989116236	-0.0370017230615	-0.0344419972486	0.0309862676921	-0.061387680856	0.0338007106742	0.0498614720674	-0.0101781603054	-0.00607310657244	0.0278476821279	0.0178447180098	-0.0544233010465	0.0287776580236	0.00618060831757	-0.0644658118753	-0.0183576496805	-0.0422725251531	0.00167447431169	0.0229694452059	-0.0227134841235	-0.0386628088861	-0.0359453131796
k__Bacteria;p__Bacteroidetes;c__Bacteroidia;o__Bacteroidales;f__Porphyromonadaceae;g__Parabacteroides;s__Parabacteroides_johnsonii	0.00557306383509	-0.014397440427	0.0753858384931	-0.0130566405696	-0.00807905802669	-0.0187289674699	0.00747777640633	-0.0116730064469	-0.0457788870993	-0.035030464356	0.0312236396551	-0.0155468826572	-0.0295025519692	0.0109908684028	-0.0330782800267	0.0246427130354	0.0117826362382	-0.00520244205981	-0.00641096243342	0.0189929355757	-0.0122387454633	-0.0287607658489	0.0501786539222	0.00936673593438	0.0207184089219	-0.0332074212296	-0.000649363644826	-0.0500233209023	1.0	0.0370065221539	-0.0461791757988	-0.0773848637483	-0.0387256877612	0.0286855260877	0.0155873212794	0.0438907157819	0.00594798554928	-0.0398390616894	-0.0363095058591	-0.00266466293736	-0.022632141716	0.00528491861832	0.0278421944107	-0.0133031124263	0.0143016676153	-0.0425491800724	0.0419490106052	0.00226823253535	-0.0530205545929	-0.0102448965284	0.0357618202957	0.0688315726876	-0.0125003898058	0.0146019219208	0.0195990632561	-0.0264992887895	-0.0343823336275	0.0068168800383	0.00937228008793
