#taxonomy	k__Bacteria;p__Bacteroidetes;c__Bacteroidia;o__Bacteroidales;f__Bacteroidaceae;g__Bacteroides;s__Bacteroides_vulgatus	k__Bacteria;p__Bacteroidetes;c__Bacteroidia;o__Bacteroidales;f__Bacteroidaceae;g__Bacteroides;s__Bacteroides_uniformis	k__Bacteria;p__Bacteroidetes;c__Bacteroidia;o__Bacteroidales;f__Rikenellaceae;g__Alistipes;s__Alistipes_putredinis	k__Bacteria;p__Bacteroidetes;c__Bacteroidia;o__Bacteroidales;f__Prevotellaceae;g__Prevotella;s__Prevotella_copri	k__Bacteria;p__Bacteroidetes;c__Bacteroidia;o__Bacteroidales;f__Bacteroidaceae;g__Bacteroides;s__Bacteroides_stercoris	k__Bacteria;p__Bacteroidetes;c__Bacteroidia;o__Bacteroidales;f__Bacteroidaceae;g__Bacteroides;s__Bacteroides_ovatus	k__Bacteria;p__Bacteroidetes;c__Bacteroidia;o__Bacteroidales;f__Rikenellaceae;g__Alistipes;s__Alistipes_shahii	k__Bacteria;p__Firmicutes;c__Clostridia;o__Clostridiales;f__Ruminococcaceae;g__Faecalibacterium;s__Faecalibacterium_prausnitzii	k__Bacteria;p__Bacteroidetes;c__Bacteroidia;o__Bacteroidales;f__Rikenellaceae;g__Alistipes;s__Alistipes_finegoldii	k__Bacteria;p__Bacteroidetes;c__Bacteroidia;o__Bacteroidales;f__Porphyromonadaceae;g__Parabacteroides;s__Parabacteroides_distasonis	k__Bacteria;p__Bacteroidetes;c__Bacteroidia;o__Bacteroidales;f__Bacteroidaceae;g__Bacteroides;s__Bacteroides_thetaiotaomicron	k__Bacteria;p__Bacteroidetes;c__Bacteroidia;o__Bacteroidales;f__Bacteroidaceae;g__Bacteroides;s__Bacteroides_coprocola	k__Bacteria;p__Bacteroidetes;c__Bacteroidia;o__Bacteroidales;f__Bacteroidaceae;g__Bacteroides;s__Bacteroides_cellulosilyticus	k__Bacteria;p__Bacteroidetes;c__Bacteroidia;o__Bacteroidales;f__Rikenellaceae;g__Alistipes;s__Alistipes_obesi	k__Bacteria;p__Firmicutes;c__Clostridia;o__Clostridiales;f__Lachnospiraceae;g__;s__[Eubacterium]_rectale	k__Bacteria;p__Bacteroidetes;c__Bacteroidia;o__Bacteroidales;f__Bacteroidaceae;g__Bacteroides;s__Bacteroides_plebeius	k__Bacteria;p__Bacteroidetes;c__Bacteroidia;o__Bacteroidales;f__Bacteroidaceae;g__Bacteroides;s__Bacteroides_fragilis	k__Bacteria;p__Proteobacteria;c__Betaproteobacteria;o__Burkholderiales;f__Sutterellaceae;g__Sutterella;s__Sutterella_wadsworthensis	k__Bacteria;p__Bacteroidetes;c__Bacteroidia;o__Bacteroidales;f__Porphyromonadaceae;g__Barnesiella;s__Barnesiella_intestinihominis	k__Bacteria;p__Bacteroidetes;c__Bacteroidia;o__Bacteroidales;f__Odoribacteraceae;g__Odoribacter;s__Odoribacter_splanchnicus	k__Bacteria;p__Bacteroidetes;c__Bacteroidia;o__Bacteroidales;f__Bacteroidaceae;g__Bacteroides;s__Bacteroides_salyersiae	k__Bacteria;p__Firmicutes;c__Clostridia;o__Clostridiales;f__Ruminococcaceae;g__Ruminiclostridium;s__[Eubacterium]_siraeum	k__Bacteria;p__Proteobacteria;c__Betaproteobacteria;o__Burkholderiales;f__Sutterellaceae;g__Parasutterella;s__Parasutterella_excrementihominis	k__Bacteria;p__Actinobacteria;c__Actinobacteria;o__Bifidobacteriales;f__Bifidobacteriaceae;g__Bifidobacterium;s__Bifidobacterium_adolescentis	k__Bacteria;p__Firmicutes;c__Clostridia;o__Clostridiales;f__Oscillospiraceae;g__Oscillibacter;s__Oscillibacter_sp._KLE_1745	k__Bacteria;p__Bacteroidetes;c__Bacteroidia;o__Bacteroidales;f__Bacteroidaceae;g__Bacteroides;s__Bacteroides_coprophilus	k__Bacteria;p__Firmicutes;c__Clostridia;o__Clostridiales;f__Lachnospiraceae;g__Roseburia;s__Roseburia_intestinalis	k__Bacteria;p__Firmicutes;c__Clostridia;o__Clostridiales;f__Lachnospiraceae;g__Roseburia;s__Roseburia_hominis	k__Bacteria;p__Bacteroidetes;c__Bacteroidia;o__Bacteroidales;f__Porphyromonadaceae;g__Parabacteroides;s__Parabacteroides_johnsonii	k__Bacteria;p__Actinobacteria;c__Actinobacteria;o__Bifidobacteriales;f__Bifidobacteriaceae;g__Bifidobacterium;s__Bifidobacterium_longum	k__Bacteria;p__Firmicutes;c__Clostridia;o__Clostridiales;f__;g__Flavonifractor;s__Flavonifractor_plautii	k__Bacteria;p__Firmicutes;c__Clostridia;o__Clostridiales;f__Clostridiaceae;g__Clostridium;s__Clostridium_phoceensis	k__Bacteria;p__Verrucomicrobia;c__Verrucomicrobiae;o__Verrucomicrobiales;f__Akkermansiaceae;g__Akkermansia;s__Akkermansia_muciniphila	k__Bacteria;p__Bacteroidetes;c__Bacteroidia;o__Bacteroidales;f__Prevotellaceae;g__Paraprevotella;s__Paraprevotella_xylaniphila	k__Bacteria;p__Firmicutes;c__Clostridia;o__Clostridiales;f__Ruminococcaceae;g__Ruminococcus;s__Ruminococcus_callidus	k__Bacteria;p__Bacteroidetes;c__Bacteroidia;o__Bacteroidales;f__Rikenellaceae;g__Alistipes;s__Alistipes_senegalensis	k__Bacteria;p__Firmicutes;c__Clostridia;o__Clostridiales;f__Lachnospiraceae;g__Blautia;s__Blautia_sp._KLE_1732	k__Bacteria;p__Bacteroidetes;c__Bacteroidia;o__Bacteroidales;f__Bacteroidaceae;g__Bacteroides;s__Bacteroides_oleiciplenus	k__Bacteria;p__Firmicutes;c__Clostridia;o__Clostridiales;f__Ruminococcaceae;g__Ruminococcus;s__Ruminococcus_bicirculans	k__Bacteria;p__Bacteroidetes;c__Bacteroidia;o__Bacteroidales;f__Bacteroidaceae;g__Bacteroides;s__Bacteroides_fluxus	k__Bacteria;p__Bacteroidetes;c__Bacteroidia;o__Bacteroidales;f__Prevotellaceae;g__Prevotella;s__Prevotella_stercorea	k__Bacteria;p__Firmicutes;c__Clostridia;o__Clostridiales;f__Lachnospiraceae;g__Dorea;s__Dorea_longicatena	k__Bacteria;p__Firmicutes;c__Clostridia;o__Clostridiales;f__Eubacteriaceae;g__Eubacterium;s__[Eubacterium]_eligens	k__Bacteria;p__Firmicutes;c__Clostridia;o__Clostridiales;f__Ruminococcaceae;g__;s__Ruminococcaceae_bacterium_D16	k__Bacteria;p__Firmicutes;c__Clostridia;o__Clostridiales;f__Lachnospiraceae;g__Coprococcus;s__Coprococcus_comes	k__Bacteria;p__Proteobacteria;c__Gammaproteobacteria;o__Enterobacterales;f__Enterobacteriaceae;g__Escherichia;s__Escherichia_coli	k__Bacteria;p__Firmicutes;c__Clostridia;o__Clostridiales;f__Ruminococcaceae;g__Anaerotruncus;s__Anaerotruncus_colihominis	k__Bacteria;p__Firmicutes;c__Clostridia;o__Clostridiales;f__Lachnospiraceae;g__Blautia;s__Blautia_obeum	k__Bacteria;p__Bacteroidetes;c__Bacteroidia;o__Bacteroidales;f__Odoribacteraceae;g__Odoribacter;s__Odoribacter_laneus	k__Bacteria;p__Firmicutes;c__Clostridia;o__Clostridiales;f__Ruminococcaceae;g__Ruminiclostridium;s__[Clostridium]_leptum	k__Bacteria;p__Bacteroidetes;c__Bacteroidia;o__Bacteroidales;f__Porphyromonadaceae;g__Parabacteroides;s__Parabacteroides_goldsteinii	k__Bacteria;p__Firmicutes;c__Clostridia;o__Clostridiales;f__Lachnospiraceae;g__Anaerostipes;s__Anaerostipes_hadrus	k__Bacteria;p__Firmicutes;c__Clostridia;o__Clostridiales;f__Ruminococcaceae;g__Ruminococcus;s__Ruminococcus_lactaris	k__Bacteria;p__Firmicutes;c__Clostridia;o__Clostridiales;f__Clostridiaceae;g__Clostridium;s__Clostridium_sp._L2-50	k__Bacteria;p__Firmicutes;c__Clostridia;o__Clostridiales;f__Clostridiaceae;g__Clostridium;s__Clostridium_sp._M62/1	k__Bacteria;p__Firmicutes;c__Clostridia;o__Clostridiales;f__;g__Intestinimonas;s__Intestinimonas_butyriciproducens	k__Bacteria;p__Actinobacteria;c__Actinobacteria;o__Bifidobacteriales;f__Bifidobacteriaceae;g__Bifidobacterium;s__Bifidobacterium_bifidum	k__Bacteria;p__Firmicutes;c__Negativicutes;o__Veillonellales;f__Veillonellaceae;g__Dialister;s__Dialister_invisus	k__Bacteria;p__Bacteroidetes;c__Bacteroidia;o__Bacteroidales;f__Bacteroidaceae;g__Bacteroides;s__Bacteroides_salanitronis
k__Bacteria;p__Bacteroidetes;c__Bacteroidia;o__Bacteroidales;f__Bacteroidaceae;g__Bacteroides;s__Bacteroides_vulgatus	1.0	0.00736881494416	0.018131903328	0.0285681990083	-0.0295669587602	-0.0250799242579	-0.0275061235268	-0.0205034628566	0.0424199450191	0.0335449042029	-0.0416735210869	0.00392110129978	-0.00891784732576	-0.0562987971519	-0.00060716629401	-0.0281998840318	-0.0174234904507	0.00346832417329	-0.00393151694217	-0.0124277853498	0.0319302266721	0.0191545048441	-0.0133067325321	0.0217498589079	0.00454599437888	-0.00923749903942	0.0324222263381	-0.0138300130552	-0.0200208486881	-0.0277086388511	-0.0222848626412	0.0363403819679	0.00421565659765	0.0233018200835	0.0242204921566	0.00262007518932	-0.030722266039	0.0159356401809	0.0277434551479	-0.0116951882103	-0.000753462587209	0.0109424530232	-0.0120532921577	-0.0120086341319	-0.0385905182934	0.0236634736815	-0.0505554271626	-0.0444786355356	-0.0300497508999	-0.0301998043691	0.00159810586592	-0.032654125525	0.0451284460365	0.0517524988867	0.0121748632495	-0.0114214075273	-0.0319530046925	-0.0990155729693	0.0577168037523
k__Bacteria;p__Bacteroidetes;c__Bacteroidia;o__Bacteroidales;f__Bacteroidaceae;g__Bacteroides;s__Bacteroides_uniformis	0.00736881494416	1.0	-0.0242453392775	0.0215677877879	-0.0265406579898	-0.0511742532789	-0.00455230753456	-0.0461196329823	-0.0100754266104	0.0141226419107	-0.0624109722444	0.0109887844413	-0.0520886546743	-0.0103229320187	-0.00909086302887	-0.0402618631636	0.00905891499933	-0.0182460542551	0.0421315724407	-0.0280356838466	-0.00496488817389	-0.0268813478058	-0.021819828473	-0.0287083693412	-0.0511189195185	-0.00490689714682	-0.0290397040857	-0.012140631175	-0.00842693529953	0.0356523300712	-0.0562603977406	-0.0121279932368	-0.0154512130443	0.00273167584706	-0.0492108125085	-0.019171100393	0.0513518386299	-0.0841816037176	-0.0185596196878	-0.0295948060222	-0.0210292422083	0.001363763779	0.000525973679403	0.00544567946507	-0.0147115348856	-0.00115042122901	0.00898424961531	-0.0221596353301	-0.00907088717941	-0.0457661592216	0.0266035756631	0.00106134840459	-0.0508396868234	0.0037009667547	0.000558670109234	-0.0274017773526	0.0224213895864	-0.00458179579021	0.0525049483784
k__Bacteria;p__Bacteroidetes;c__Bacteroidia;o__Bacteroidales;f__Rikenellaceae;g__Alistipes;s__Alistipes_putredinis	0.018131903328	-0.0242453392775	1.0	-0.0433239268263	0.0445843092573	0.064669533244	0.0261627545368	-0.00994142642548	-0.0180559834157	0.0428906555703	0.0431042221948	-0.00298721923458	-0.0069403424471	0.0168537697438	-0.0228247270437	-0.00210386557095	-0.0290191219363	-0.0565021773895	0.0086164931075	-0.0114047350925	0.060655695317	0.00507981331267	0.0116688124503	-0.0188930253009	-0.0394762735652	-0.00461067605424	0.0139272071299	-0.00518319313837	-0.0578448284095	-0.0282176286309	-0.000817754233489	-0.0425131297821	0.00772572348284	-0.0228798861166	0.0280064647772	0.0446806476745	-0.00341157972849	-0.0102536408712	-0.0547772087795	-0.0381454335026	-0.00323681367575	0.0156137334135	-0.0125711811218	-0.0613116047921	0.0219258416339	0.0194829730889	-0.0407064661538	0.0284729669249	-0.012657586429	-0.033698049721	0.0185103751121	0.0207637720989	0.0638107271849	-0.00126280024578	0.0235609161047	-0.0378809711304	-0.0149925710157	-0.0322986661776	-0.0231263386448
k__Bacteria;p__Bacteroidetes;c__Bacteroidia;o__Bacteroidales;f__Prevotellaceae;g__Prevotella;s__Prevotella_copri	0.0285681990083	0.0215677877879	-0.0433239268263	1.0	0.00796764773086	-0.0551208698131	0.010609953989	-0.0274363186976	0.00998801120643	-0.0218036585369	0.0463991825599	-0.0355938092488	0.0084761421582	-0.00717197258055	0.013032517369	0.0190572409759	-0.0352784957356	-0.0304285512319	-0.0142124308493	0.00333483398765	-0.0172751993593	0.0227825874241	-0.0290588832206	-0.00262055072591	-0.117678744941	-0.0102024183775	0.0257040970145	0.0555130880324	0.0225297847379	-0.00106087412356	-0.0119108456698	-0.012370141961	-0.0121246155463	-0.0374770315335	-0.0732200705968	0.00569623161949	0.0317634273877	-0.0089138757446	0.0188268122324	0.016539170851	0.0372022556983	0.044432111085	0.00538730364128	-0.0094356196085	-0.0323501231822	0.0247405282162	0.0286677269968	-0.095499604703	0.0316942535834	0.004215148848	-0.0146393320717	-0.0434192861385	-0.0328568095169	0.0096558219404	0.00564371373408	-0.0269958817029	-0.0436317993763	-0.0730796007286	-0.0592897890811
k__Bacteria;p__Bacteroidetes;c__Bacteroidia;o__Bacteroidales;f__Bacteroidaceae;g__Bacteroides;s__Bacteroides_stercoris	-0.0295669587602	-0.0265406579898	0.0445843092573	0.00796764773086	1.0	-0.0266892691461	0.0112424428808	-0.000222726442843	-0.0116744612756	-0.023814585399	-0.0258496929395	0.00484119558701	-0.0490901303071	-0.00437256503476	-0.0659569481507	0.00798221943699	0.0465641196245	-0.0279255749858	0.0238309456391	0.0289572585472	-0.0213830156836	-0.0274553434912	0.0296665893907	0.00414341574461	0.00631194106377	-0.0442849303302	-0.0162999231774	0.0137893902124	0.0519738953772	-0.0166327198252	0.0167599714401	-0.0225099522519	0.000490538033336	-0.0887570307846	-0.0251785252183	-0.0207517340902	-0.0396114637398	-0.0245146998765	0.0581095828972	-0.0267181284321	-0.0452828993551	-0.0153529705861	-0.0444888250486	0.0241669547703	0.0163571331129	-0.024116219632	-0.0165404689179	-0.00353621173406	-0.010820567455	0.0322670947788	-0.0331947225858	-0.00918705701427	0.0125058617248	0.0169557607224	-0.00139187835677	0.0173759513227	-0.0475758787813	-0.0301094471546	0.00102289761087
k__Bacteria;p__Bacteroidetes;c__Bacteroidia;o__Bacteroidales;f__Bacteroidaceae;g__Bacteroides;s__Bacteroides_ovatus	-0.0250799242579	-0.0511742532789	0.064669533244	-0.0551208698131	-0.0266892691461	1.0	-0.0521213365546	-0.00143358120784	0.0197530369916	0.0355785999894	-0.0181818211904	0.0486019778945	-0.00322645698749	-0.0342015437799	0.0295795596491	0.0234381310796	0.00482933679572	-0.03414371789	-0.00726916777916	-0.011649850078	-0.0380686545502	-0.0180032361165	-0.0254745341851	-0.0573440711065	-0.0816882679227	0.00737433301505	-0.0408362291527	0.0332821975649	0.0402275218725	-0.0198568676881	0.0365528472801	0.0592051586678	0.0246727733291	-0.00324812698502	-0.0190859358038	-0.0044318164825	-0.0153454648668	-0.00472220473707	-0.0195582267734	0.0040180877802	-0.00945661966583	-0.0599391699168	-0.0449997341085	-0.0425812098191	0.00890966784222	-0.0398489807423	0.0311717821619	-0.045220527402	-0.026238831778	-0.0185939617672	-0.024041548036	-0.00119136143517	0.0412985964245	-0.00111710304358	-0.0103359038259	-0.0280962711274	-0.0194510640151	0.0278179317209	-0.00829722050915
k__Bacteria;p__Bacteroidetes;c__Bacteroidia;o__Bacteroidales;f__Rikenellaceae;g__Alistipes;s__Alistipes_shahii	-0.0275061235268	-0.00455230753456	0.0261627545368	0.010609953989	0.0112424428808	-0.0521213365546	1.0	0.0276122895519	-0.0134559620603	0.0913583236281	0.0470316493699	-0.0616503476181	-0.114290740317	0.0227272176766	-0.00629451538435	0.0133688720677	0.0323783378245	-0.0191483312505	-0.0234609245197	-0.00147033444056	-0.0199660187544	0.0245472151536	-0.00396856049581	0.0186646006294	0.0418349561283	0.0334177353938	-0.0379120876379	-0.0213731000092	-0.0533546597959	0.016232292026	-0.0476299196666	-0.0018698555129	-0.0319991350263	-0.0652412024711	-0.0279666622009	0.0278277950939	-0.0327569713595	-0.0109851893972	-0.0372908953293	-0.0104094976629	0.0502748158847	-0.0148309691927	0.0215515749897	-0.0240971510353	0.0250026985948	0.00821977414441	0.0333765335322	0.0281227994574	-0.0255498108464	0.0224827014954	-0.0200235811313	-0.0189442110337	0.00593471699142	-0.0478650908478	-0.0514272698732	0.0566642265599	-0.0148395023015	-0.0607945657694	-0.00559327517459
k__Bacteria;p__Firmicutes;c__Clostridia;o__Clostridiales;f__Ruminococcaceae;g__Faecalibacterium;s__Faecalibacterium_prausnitzii	-0.0205034628566	-0.0461196329823	-0.00994142642548	-0.0274363186976	-0.000222726442843	-0.00143358120784	0.0276122895519	1.0	0.0512326709486	-0.048199445131	-0.0342888274037	-0.0463335084255	0.00052170191672	0.0140030539887	-0.0431255267819	-0.0214251606929	-0.00973218216214	-0.0237387340184	-0.0495482279685	-0.0665799447065	-0.0170112938885	0.00645401104111	0.0463269942882	-0.012583157793	-0.00685508979295	0.000245803905074	0.0161074687705	0.00564152124739	0.00858420774576	0.00381973783069	-0.03518920949	-0.00314914428083	0.0441680590873	0.0962613307261	-0.0211834160234	0.063579165412	-0.0102677206312	-0.0344660339878	-0.0332667038649	-0.0265596433281	0.00468036343018	0.0476714242266	-0.0681753549916	-0.00886934955342	-0.0215390954783	-0.00135066516305	-0.0283513912447	-0.0243423611161	-0.0332045600426	-0.0471699519217	-0.0454070732185	-0.00290981658081	0.0162547887872	0.0247171900033	-0.0298187024668	0.00185841260659	0.00206336106586	-0.00934398925821	-0.0424499048782
k__Bacteria;p__Bacteroidetes;c__Bacteroidia;o__Bacteroidales;f__Rikenellaceae;g__Alistipes;s__Alistipes_finegoldii	0.0424199450191	-0.0100754266104	-0.0180559834157	0.00998801120643	-0.0116744612756	0.0197530369916	-0.0134559620603	0.0512326709486	1.0	0.0360289200545	-0.0372873947577	0.0167355037634	-0.006739778664	-0.00539386509515	0.01679431777	-0.0911818486309	0.0750590378824	-0.0267838962281	-0.0143859973804	0.0144471071224	-0.0813201194896	-0.038876841281	0.0268265245459	-0.016685274247	-0.0287644122251	0.0336134477346	0.00278499348392	-0.0690196977147	-0.00414972207974	0.0132076916601	-0.0323654472238	-0.0175806524351	0.0166925510336	-0.0109833834009	0.0528318646409	0.00540544758979	0.00175070216462	-0.0270411537369	-0.107295738771	-0.0109324557608	-0.0502980267553	-0.0417403576353	-0.00261876386873	-0.0253490745981	-0.0107073918943	-0.0298235328015	0.0362135325291	0.0396103644128	-0.00759671767533	-0.00500138393089	-0.0594567174355	-0.00642521288678	0.0377462215269	-0.0025496812067	-0.0226995633717	-0.00447741702065	0.0401123505741	-0.0218202540502	-0.0166712608496
k__Bacteria;p__Bacteroidetes;c__Bacteroidia;o__Bacteroidales;f__Porphyromonadaceae;g__Parabacteroides;s__Parabacteroides_distasonis	0.0335449042029	0.0141226419107	0.0428906555703	-0.0218036585369	-0.023814585399	0.0355785999894	0.0913583236281	-0.048199445131	0.0360289200545	1.0	0.0270106822037	-0.0118509802334	-0.00354388188742	-0.0708567633627	-0.00690079853924	-0.022320349092	-0.0291042039962	-0.013503932175	-0.0226412231133	-0.0272301494421	0.00122117500865	0.0256229961627	-0.00462292914691	-0.0799071276262	0.0229673339778	-0.0202744432821	0.0336864484896	-0.00611420109396	-0.0655970816373	-0.00451077954702	0.0109699861102	0.0435941309627	0.000260798949837	-0.0170961425095	-0.0320672111124	0.00796058130852	-0.00491979833774	-0.0317887995275	-0.0184993731892	-0.0208012247807	0.00472323159564	-0.000202785431554	0.0281128296718	0.00657428843906	0.0069816092885	0.0602838206292	-0.0853374985657	-0.00118997839124	-0.0491406918475	-0.0312935860327	-0.0211259675187	0.0169638160949	0.0260584208986	-0.0370929737933	-0.0978577520204	-0.0421586141587	-0.039306207238	0.0195233651162	0.0268667102025
k__Bacteria;p__Bacteroidetes;c__Bacteroidia;o__Bacteroidales;f__Bacteroidaceae;g__Bacteroides;s__Bacteroides_thetaiotaomicron	-0.0416735210869	-0.0624109722444	0.0431042221948	0.0463991825599	-0.0258496929395	-0.0181818211904	0.0470316493699	-0.0342888274037	-0.0372873947577	0.0270106822037	1.0	-0.0209760159141	0.00218658261635	-0.0808334677193	0.046160249778	-4.5120652412e-05	0.0244959401241	-0.00375097372354	-0.0562081604672	0.0448374458504	0.0139297521555	0.0659952161671	-0.0324268947922	-0.0177456531908	-0.0397484658066	-0.0104157422962	-0.0412968715251	-0.0164625401358	0.00263649868516	-0.048508099654	0.0104805094939	-0.0263860119309	0.00143190660488	-0.0320394303898	-0.0205621409706	-0.0617163897695	0.00899321124891	-0.000599482635573	0.0271023431273	-0.00836463403469	0.00467919068728	0.0266952754815	0.0117170774142	0.0051034767561	0.0360380996628	0.0256940833688	-0.0252046834903	0.0050754969248	0.0187650454546	0.020017774714	0.0341858981499	-0.00782038775657	-0.0631578112205	-0.0123354152478	0.0273697405759	0.0261938412185	-0.016878860338	0.0141569997688	0.0075631350053
k__Bacteria;p__Bacteroidetes;c__Bacteroidia;o__Bacteroidales;f__Bacteroidaceae;g__Bacteroides;s__Bacteroides_coprocola	0.00392110129978	0.0109887844413	-0.00298721923458	-0.0355938092488	0.00484119558701	0.0486019778945	-0.0616503476181	-0.0463335084255	0.0167355037634	-0.0118509802334	-0.0209760159141	1.0	0.0212931839735	0.00731525855827	-0.0143815021546	-0.0363773805047	0.032118032736	-0.036614614488	0.0239182243101	0.0151250517083	-0.0549230442956	-0.0340917028696	-0.0113857145177	0.00467090193392	-0.0197810328301	-0.0488438354218	0.00933192855771	0.0290087156809	-0.016095548152	-0.011510911299	-0.0139546051923	-0.0473139452973	-0.0182763006376	-0.0180895350717	0.020950884324	-0.0651641011383	-0.0249927014486	-0.0476257558999	-0.0036415857221	0.0160323307811	0.0338090601811	0.00208629133177	-0.00504819908583	0.0213617989424	0.0112470854912	-0.0243621753752	-0.0171615580236	0.0361128198124	0.0384756199334	0.0221239154252	-0.0446940699865	0.0337643198547	-0.0146515367062	0.0248252082673	0.00608742368984	-0.0123554289188	0.0581192961691	-0.0163701865097	-0.0158752275356
k__Bacteria;p__Bacteroidetes;c__Bacteroidia;o__Bacteroidales;f__Bacteroidaceae;g__Bacteroides;s__Bacteroides_cellulosilyticus	-0.00891784732576	-0.0520886546743	-0.0069403424471	0.0084761421582	-0.0490901303071	-0.00322645698749	-0.114290740317	0.00052170191672	-0.006739778664	-0.00354388188742	0.00218658261635	0.0212931839735	1.0	0.0333200407337	-0.0115409931657	0.0659911628874	0.0330580574392	-0.0120861908433	-0.0413363137568	-0.00134011962858	0.0120530266521	-0.0463448497907	0.01386235877	0.022000615215	0.0364612435876	-0.0401205709182	0.0155900572116	-0.0421532023162	0.0751068504402	0.00244719961993	-0.00881092632498	0.00387262243681	0.0338544144281	-0.0274983007129	0.0211836471837	-0.0949114962984	-0.0157477272506	0.0652685561515	0.0196014964647	-0.0361416950484	-0.0102388621152	0.0160459922071	-0.029466632053	-0.00645873220273	-0.0242403202448	0.00509402029771	-0.0264066877473	-0.0264553340645	0.0105523232705	0.0180802604024	0.00981765235613	0.00383772221922	-0.029028699513	-0.035255816582	-0.0494639738482	0.0456300175291	-0.010528762385	0.0368359870131	-0.030031212861
k__Bacteria;p__Bacteroidetes;c__Bacteroidia;o__Bacteroidales;f__Rikenellaceae;g__Alistipes;s__Alistipes_obesi	-0.0562987971519	-0.0103229320187	0.0168537697438	-0.00717197258055	-0.00437256503476	-0.0342015437799	0.0227272176766	0.0140030539887	-0.00539386509515	-0.0708567633627	-0.0808334677193	0.00731525855827	0.0333200407337	1.0	0.00895950812179	-0.012024973048	-0.0350639362817	-0.0437234991071	0.010589272244	0.0302530988732	-0.0268117175983	0.0670446186118	-0.0552469502645	-0.0716619953809	-0.0383295460493	0.0178132503137	-0.0192548180693	-0.0574087649419	0.0335034915261	-0.041980856074	-0.0066369160404	0.0466102580937	0.011414125975	-0.0415622686039	-0.0318647711675	-0.015185519311	0.0326313303163	-0.0462401785129	0.042504770267	0.00431896941644	-0.0146573771343	0.0275055139056	0.0350588417585	0.0673761819001	0.00309369377229	-0.0579259018262	-0.0113567880994	-0.00503258565794	0.0181454005809	0.0110233582981	-0.00794781980562	0.0191220081221	0.00349738352244	-0.041765012351	0.0193324557303	0.02015995449	0.0110058074807	-0.0360427162943	0.024032684703
k__Bacteria;p__Firmicutes;c__Clostridia;o__Clostridiales;f__Lachnospiraceae;g__;s__[Eubacterium]_rectale	-0.00060716629401	-0.00909086302887	-0.0228247270437	0.013032517369	-0.0659569481507	0.0295795596491	-0.00629451538435	-0.0431255267819	0.01679431777	-0.00690079853924	0.046160249778	-0.0143815021546	-0.0115409931657	0.00895950812179	1.0	-0.0975439619971	-0.0419908196397	-0.0266420358773	-0.0235149412541	-0.00232450999817	-0.0242072608854	0.00678820417137	-0.0454776938137	-0.0626788521391	-0.00131171379581	-0.0277560021975	-0.0378121718039	0.0266229921647	-0.0195506321332	-0.0237186017894	0.000466112671586	0.0267230715634	0.0295235576893	-0.00124706607379	-0.02020122561	-0.00701158767553	0.00670164377919	0.0339956880571	0.0307179830261	-0.0266590114959	-0.0348156759272	-0.0237233969789	-0.0149775722341	0.0526553441749	0.0419087155187	0.0618127667722	-0.00120953648676	-0.0258786340924	0.0327700736567	0.0527196563861	-0.0108864769304	0.0313568672796	0.0247140568533	0.00211439904072	-0.0149377274515	-0.0672231137317	0.0350083076346	-0.0267053741127	-0.0377321071764
k__Bacteria;p__Bacteroidetes;c__Bacteroidia;o__Bacteroidales;f__Bacteroidaceae;g__Bacteroides;s__Bacteroides_plebeius	-0.0281998840318	-0.0402618631636	-0.00210386557095	0.0190572409759	0.00798221943699	0.0234381310796	0.0133688720677	-0.0214251606929	-0.0911818486309	-0.022320349092	-4.51206524119e-05	-0.0363773805047	0.0659911628874	-0.012024973048	-0.0975439619971	1.0	0.0307717480795	0.0248283903293	0.0130386863094	0.00919188172399	-0.0243724648751	-0.0586787552522	0.0330166381087	-0.0203165828776	0.0346614784261	-0.0340718880105	-0.0223857425816	-0.0100251225001	-0.0296526226598	-0.0239603934755	0.0410248691753	-0.0130420221283	0.00880619895732	-0.0160062395284	-0.0769889189742	-0.0181146641357	0.0206436345062	0.00632349425539	-0.00602082536115	0.000283276442192	0.0145069398507	0.0211214386097	0.0381824953449	-0.0150768556407	0.0440302619981	0.0331877560058	0.000374059979896	-0.0100683563422	-0.0375825498581	0.00300097898858	0.00651893490343	-0.04902090383	-0.0310758527867	-0.019173379682	0.0266213557144	0.0644026209265	-0.041931445778	0.0362956582471	0.0406173264353
k__Bacteria;p__Bacteroidetes;c__Bacteroidia;o__Bacteroidales;f__Bacteroidaceae;g__Bacteroides;s__Bacteroides_fragilis	-0.0174234904507	0.00905891499933	-0.0290191219363	-0.0352784957356	0.0465641196245	0.00482933679572	0.0323783378245	-0.00973218216214	0.0750590378824	-0.0291042039962	0.0244959401241	0.032118032736	0.0330580574392	-0.0350639362817	-0.0419908196397	0.0307717480795	1.0	0.0026213045871	-0.0342488062546	-0.0172705780583	-0.0107112916873	-0.00433755766256	-0.00624940405679	0.0914551816069	0.0165091804339	-0.028215683112	0.00118872367303	-0.032523329364	-0.013243710505	-0.018933575166	0.00583338860302	-0.0400276278144	-0.0318239528599	0.0557067238951	-0.0155503646609	-0.0240640293555	-0.00632824492735	0.0394408432594	0.0221407180117	-0.0317864089982	0.00701374853962	0.00608867291784	-0.0151968843087	0.00267679373152	-0.0717219730557	-0.0081805736797	0.0458496804622	0.0325366683824	0.00118553377197	-0.018838795205	0.00691908281408	0.0114800310737	-0.0720084015026	0.0068951103434	-0.0186891860231	-0.0253177468346	0.0242460042541	0.0318181327869	-0.0252346675651
k__Bacteria;p__Proteobacteria;c__Betaproteobacteria;o__Burkholderiales;f__Sutterellaceae;g__Sutterella;s__Sutterella_wadsworthensis	0.00346832417329	-0.0182460542551	-0.0565021773895	-0.0304285512319	-0.0279255749858	-0.03414371789	-0.0191483312505	-0.0237387340184	-0.0267838962281	-0.013503932175	-0.00375097372354	-0.036614614488	-0.0120861908433	-0.0437234991071	-0.0266420358773	0.0248283903293	0.0026213045871	1.0	0.00734461484654	-0.000885908569923	-0.0104428561977	-0.0288297941888	-0.0013482768224	-0.0304351512856	0.0312710624912	0.0124495585095	0.00776669145024	-0.00971881816388	-0.0363181969984	-0.0459917404742	-0.00735640750668	-0.0130055032086	-0.0272698833165	-0.0413844970123	0.0121027863235	0.062019807029	-0.0683545666726	0.0121854075506	0.0141594264985	-0.0256323441991	-0.0186045625828	-0.00678800432086	0.0293694856999	0.0225261728771	-0.0362114102523	-0.0159974172934	0.00497532891303	-0.00437748699122	-0.028570318941	-0.0343827531284	0.0248437049237	-0.000833344072152	0.0429922930735	0.0098028434233	-0.0373727039089	-0.0106689939362	-0.0257640921036	0.010206311726	-0.0223265864994
k__Bacteria;p__Bacteroidetes;c__Bacteroidia;o__Bacteroidales;f__Porphyromonadaceae;g__Barnesiella;s__Barnesiella_intestinihominis	-0.00393151694217	0.0421315724407	0.0086164931075	-0.0142124308493	0.0238309456391	-0.00726916777916	-0.0234609245197	-0.0495482279685	-0.0143859973804	-0.0226412231133	-0.0562081604672	0.0239182243101	-0.0413363137568	0.010589272244	-0.0235149412541	0.0130386863094	-0.0342488062546	0.00734461484654	1.0	0.00143573784714	0.027793579518	0.037895819651	0.0173224626127	0.0376524222533	-0.0260761993539	-0.0252760479399	-0.0279392108348	0.03561738676	-0.0156595323678	0.0384460168699	0.00296119843967	-0.00758827373902	-0.026230429648	0.0291285400916	-0.0415374860189	-0.0626116175869	-0.0021644359911	-0.0818857497577	0.0423160482612	-0.0552404821501	0.0418392008823	-0.0128883465883	-0.0557165488395	-0.0277441642759	0.0224147189445	-0.00319173947758	-0.0397455508959	-0.0105724703484	-0.0321275093386	-0.0182539289599	0.0785026724618	-0.0448143157294	0.00855399069535	-0.0390536498042	-0.0020873816092	0.0202505057715	0.00339115334873	0.0147358038212	-0.0202902854664
k__Bacteria;p__Bacteroidetes;c__Bacteroidia;o__Bacteroidales;f__Odoribacteraceae;g__Odoribacter;s__Odoribacter_splanchnicus	-0.0124277853498	-0.0280356838466	-0.0114047350925	0.00333483398765	0.0289572585472	-0.011649850078	-0.00147033444056	-0.0665799447065	0.0144471071224	-0.0272301494421	0.0448374458504	0.0151250517083	-0.00134011962858	0.0302530988732	-0.00232450999817	0.00919188172399	-0.0172705780583	-0.000885908569923	0.00143573784714	1.0	0.011382644603	-0.0618533397497	0.00849353244574	0.0189660865258	-0.0123814886564	-0.0237681063275	0.0233786622232	-0.0323234160589	-0.0271130962232	-0.0704710450539	0.00944351257288	-0.0548188755361	-0.000396242925599	-0.0582821719715	-0.0263443479083	0.0166401254161	0.0114114186043	-0.0253494292317	0.000663644501615	-0.00512908196549	-0.0298739403706	-0.0311972636998	-0.0967299901623	0.00472658321211	-0.0271073013262	-0.00974547640013	-0.0224042093256	-0.0410452560064	-0.00454835824969	0.0572038576747	0.0161395658355	-0.086366378615	-0.0201535756555	0.0205066823309	0.0217704377038	0.0112408871207	-0.0635280461758	0.0207353497093	-0.00186507583336
k__Bacteria;p__Bacteroidetes;c__Bacteroidia;o__Bacteroidales;f__Bacteroidaceae;g__Bacteroides;s__Bacteroides_salyersiae	0.0319302266721	-0.00496488817389	0.060655695317	-0.0172751993593	-0.0213830156836	-0.0380686545502	-0.0199660187544	-0.0170112938885	-0.0813201194896	0.00122117500865	0.0139297521555	-0.0549230442956	0.0120530266521	-0.0268117175983	-0.0242072608854	-0.0243724648751	-0.0107112916873	-0.0104428561977	0.027793579518	0.011382644603	1.0	0.0102737334275	-0.0336583746039	-0.0558561203617	-0.0619205956373	0.00876120626954	0.0112158869504	-0.0376133970347	-0.0283613353709	-0.0128390626297	-0.0221732120045	0.00156573729934	0.018050011743	0.0298579470605	-0.0386386341214	0.0725683953803	-0.0236141706698	0.0982156928269	0.00387382522954	0.0441245166433	0.00134816508494	-0.0736044977955	0.0290858402025	-0.0138051017203	-0.0276709282312	-0.00790666085859	0.00865061520649	0.00287405813975	-0.0185815499791	0.00012177071073	-0.0443375850288	0.0151299748238	0.0121424610661	0.0364608486097	0.0194533940743	-0.056229762001	-0.00234365869121	0.00415080917444	-0.0539560069127
k__Bacteria;p__Firmicutes;c__Clostridia;o__Clostridiales;f__Ruminococcaceae;g__Ruminiclostridium;s__[Eubacterium]_siraeum	0.0191545048441	-0.0268813478058	0.00507981331267	0.0227825874241	-0.0274553434912	-0.0180032361165	0.0245472151536	0.00645401104111	-0.038876841281	0.0256229961627	0.0659952161671	-0.0340917028696	-0.0463448497907	0.0670446186118	0.00678820417137	-0.0586787552522	-0.00433755766256	-0.0288297941888	0.037895819651	-0.0618533397497	0.0102737334275	1.0	-0.0453119411006	-0.0403017655895	-0.0380197140241	0.0114090389159	-0.00465814064184	0.0215164708483	-0.0239025173389	-0.0560799125247	0.0010779048063	-0.0730943047095	-0.0342088528061	0.0176075046435	-0.0123861332136	0.0451826014948	-0.0118801860987	0.0278526248	-0.00418106214089	0.0259576451858	-0.000895103336672	-0.0878567579092	-0.0791110442408	0.0103151363598	-0.0466812862241	0.00438063959979	0.0228890051091	-0.0183710783372	-0.00829704886468	-0.00486003546436	-0.0364683490418	0.000319370248461	-0.0387954971913	-0.0414019508418	-0.0163953671729	0.0473205198806	-0.0261984287393	0.00333003365243	-0.0126508254087
k__Bacteria;p__Proteobacteria;c__Betaproteobacteria;o__Burkholderiales;f__Sutterellaceae;g__Parasutterella;s__Parasutterella_excrementihominis	-0.0133067325321	-0.021819828473	0.0116688124503	-0.0290588832206	0.0296665893907	-0.0254745341851	-0.00396856049581	0.0463269942882	0.0268265245459	-0.00462292914691	-0.0324268947922	-0.0113857145177	0.01386235877	-0.0552469502645	-0.0454776938137	0.0330166381087	-0.00624940405679	-0.0013482768224	0.0173224626127	0.00849353244574	-0.0336583746039	-0.0453119411006	1.0	0.00434486468033	-0.0419075463515	-0.0310155608945	0.00353202028801	-0.0195937660482	-0.042561239012	-0.0102753368958	0.0177703468332	-0.00271847152414	-0.0135485613906	-0.0316372217722	0.0186570927569	0.00707577779775	0.0421847113123	0.00779743711218	-0.0308164855582	-0.0134344423766	-0.00861339873716	-0.0524040478168	-0.0153945695277	-0.0317968813275	0.00869030848625	-0.0296633343683	-0.0821237917704	0.0200911176965	0.00377387287471	0.0215719124058	-0.00508224832876	-0.0902167269552	-0.022120341284	-0.00389594810687	-0.0251417677104	-0.0193418595285	0.0068829514797	0.00299023108752	-0.0349898606354
k__Bacteria;p__Actinobacteria;c__Actinobacteria;o__Bifidobacteriales;f__Bifidobacteriaceae;g__Bifidobacterium;s__Bifidobacterium_adolescentis	0.0217498589079	-0.0287083693412	-0.0188930253009	-0.00262055072591	0.00414341574461	-0.0573440711065	0.0186646006294	-0.012583157793	-0.016685274247	-0.0799071276262	-0.0177456531908	0.00467090193392	0.022000615215	-0.0716619953809	-0.0626788521391	-0.0203165828776	0.0914551816069	-0.0304351512856	0.0376524222533	0.0189660865258	-0.0558561203617	-0.0403017655895	0.00434486468033	1.0	0.00674998983689	-0.00315467946496	-0.0417213338895	-0.0185726934168	0.0110029498073	-0.0289030714271	0.0177145933702	0.0132144902147	-0.0505255968401	0.0241673391713	-0.0224911244774	-0.00444250039959	0.0224381477363	0.0112458720181	0.0291400514519	0.0113297426303	0.0048257581564	-0.0390233338731	-0.0231301646227	0.0215359336131	-0.0294638889891	0.0177804380531	0.0534847066357	-0.0507439037948	-0.00633508113346	-0.0599010758232	0.0296985194642	-0.0430175082404	0.00770320470788	-0.0129883383159	-0.00614097613645	0.00817450934179	0.0124658197812	-0.0293091736905	-0.00288291253677
k__Bacteria;p__Firmicutes;c__Clostridia;o__Clostridiales;f__Oscillospiraceae;g__Oscillibacter;s__Oscillibacter_sp._KLE_1745	0.00454599437888	-0.0511189195185	-0.0394762735652	-0.117678744941	0.00631194106377	-0.0816882679227	0.0418349561283	-0.00685508979295	-0.0287644122251	0.0229673339778	-0.0397484658066	-0.0197810328301	0.0364612435876	-0.0383295460493	-0.00131171379581	0.0346614784261	0.0165091804339	0.0312710624912	-0.0260761993539	-0.0123814886564	-0.0619205956373	-0.0380197140241	-0.0419075463515	0.00674998983689	1.0	0.0196562512021	-0.0118192293825	-0.0168325837477	0.00404630855965	0.0645907855666	0.00999324863797	0.00201584725041	0.00892768713076	0.0595179999412	0.0105856656218	-0.00869321496617	-0.0170673641668	-0.0187080437722	-0.0426310851077	-0.0314360275838	-0.0196679924101	-0.0098507761718	-0.0091674957538	-0.0673662974023	0.0306453661383	-0.0539846366372	0.0223612472243	0.0248212943872	-0.0300293807578	-0.0360866865458	-0.00697783550381	-0.00798917162907	-0.052328426595	-0.00674085000407	-0.0112738735843	0.0518151781975	-0.0451872067193	0.0293021195012	-0.023025003943
k__Bacteria;p__Bacteroidetes;c__Bacteroidia;o__Bacteroidales;f__Bacteroidaceae;g__Bacteroides;s__Bacteroides_coprophilus	-0.00923749903942	-0.00490689714682	-0.00461067605424	-0.0102024183775	-0.0442849303302	0.00737433301505	0.0334177353938	0.000245803905074	0.0336134477346	-0.0202744432821	-0.0104157422962	-0.0488438354218	-0.0401205709182	0.0178132503137	-0.0277560021975	-0.0340718880105	-0.028215683112	0.0124495585095	-0.0252760479399	-0.0237681063275	0.00876120626954	0.0114090389159	-0.0310155608945	-0.00315467946496	0.0196562512021	1.0	0.00515036765371	-0.021393605872	0.0333145383183	-0.0167372421144	0.0111649022101	0.024349295692	-0.0722629702616	0.000912743531973	0.0104356352108	-0.0498359715675	-0.0185428954394	-0.00956682227415	-0.0288218561939	-0.0553582231006	-0.0188305660196	0.0320126962605	-0.0354611298879	-0.0190154777038	0.0477794519984	0.0477543160075	-0.0190860465952	0.0136889418164	-0.0420477536152	-0.0251879977808	0.00634057784178	0.0138773972037	0.0127232056901	-0.0298399352307	-0.0306375071024	-0.0671079621705	0.00809419102418	-0.027619568739	-0.00516653338864
k__Bacteria;p__Firmicutes;c__Clostridia;o__Clostridiales;f__Lachnospiraceae;g__Roseburia;s__Roseburia_intestinalis	0.0324222263381	-0.0290397040857	0.0139272071299	0.0257040970145	-0.0162999231774	-0.0408362291527	-0.0379120876379	0.0161074687705	0.00278499348392	0.0336864484896	-0.0412968715251	0.00933192855771	0.0155900572116	-0.0192548180693	-0.0378121718039	-0.0223857425816	0.00118872367303	0.00776669145024	-0.0279392108348	0.0233786622232	0.0112158869504	-0.00465814064184	0.00353202028801	-0.0417213338895	-0.0118192293825	0.00515036765371	1.0	-0.0505249090236	0.0712390826749	0.00634727881242	-0.0161857602604	0.0779164518235	-0.00426454489216	0.0691371999652	-0.0360523683977	-0.0355247992449	0.0285253412721	-0.00736373067838	-0.0211182516071	0.00102784391953	-0.015495287073	-0.00125558780844	-0.0302064595753	0.014354896353	-0.0128130664804	0.047994260798	-0.00607784405642	-0.0131325439629	-0.0125361273698	0.0249382517113	-0.0488432571558	-0.0396576157805	0.0207201699482	-0.0244007282368	-0.0344471221885	0.0229073689522	0.0072834271724	-0.11544429068	0.0269496722122
k__Bacteria;p__Firmicutes;c__Clostridia;o__Clostridiales;f__Lachnospiraceae;g__Roseburia;s__Roseburia_hominis	-0.0138300130552	-0.012140631175	-0.00518319313837	0.0555130880324	0.0137893902124	0.0332821975649	-0.0213731000092	0.00564152124739	-0.0690196977147	-0.00611420109396	-0.0164625401358	0.0290087156809	-0.0421532023162	-0.0574087649419	0.0266229921647	-0.0100251225001	-0.032523329364	-0.00971881816388	0.03561738676	-0.0323234160589	-0.0376133970347	0.0215164708483	-0.0195937660482	-0.0185726934168	-0.0168325837477	-0.021393605872	-0.0505249090236	1.0	0.0518095549126	0.0255862662243	0.0138719879881	-0.0593913234758	-0.0286185683244	0.00848037496086	0.0100253122313	-0.0165688950901	-0.0256916011388	0.00634283036812	-0.0177853192653	-0.0136142764439	0.00334430776889	-0.0139347845931	-0.0141690217529	0.0381463208359	-0.00152358115576	-0.0200091340468	-0.0138049505019	0.00996986262431	-0.0310369818522	-0.0217677804679	0.0325633953265	0.00110368512709	-0.029250840102	-0.0212761370146	0.013699754916	-0.0442307867853	0.0125716797814	0.0422465163416	0.0132229660358
k__Bacteria;p__Bacteroidetes;c__Bacteroidia;o__Bacteroidales;f__Porphyromonadaceae;g__Parabacteroides;s__Parabacteroides_johnsonii	-0.0200208486881	-0.00842693529953	-0.0578448284095	0.0225297847379	0.0519738953772	0.0402275218725	-0.0533546597959	0.00858420774576	-0.00414972207974	-0.0655970816373	0.00263649868516	-0.016095548152	0.0751068504402	0.0335034915261	-0.0195506321332	-0.0296526226598	-0.013243710505	-0.0363181969984	-0.0156595323678	-0.0271130962232	-0.0283613353709	-0.0239025173389	-0.042561239012	0.0110029498073	0.00404630855965	0.0333145383183	0.0712390826749	0.0518095549126	1.0	0.013650730452	-0.00234592057584	-0.0235099651057	0.0164773517469	-0.0421071256578	0.0140640105909	-0.0363304027095	-0.102896659094	-0.0678869970337	0.00318187664203	-0.0240978197401	-0.0180487405476	-0.0323142489797	-0.0126065013258	-0.0140571016512	0.0143439594178	0.0291936683548	0.0330315952909	-0.013256259517	-0.00693428049791	-0.0169601650262	0.0130560225824	0.0406896362272	0.0166241360689	-0.0458072748469	0.0324611407156	-0.0077129897824	0.0407080243443	-0.0659388749901	-0.0754647242413
k__Bacteria;p__Actinobacteria;c__Actinobacteria;o__Bifidobacteriales;f__Bifidobacteriaceae;g__Bifidobacterium;s__Bifidobacterium_longum	-0.0277086388511	0.0356523300712	-0.0282176286309	-0.00106087412356	-0.0166327198252	-0.0198568676881	0.016232292026	0.00381973783069	0.0132076916601	-0.00451077954702	-0.048508099654	-0.011510911299	0.00244719961993	-0.041980856074	-0.0237186017894	-0.0239603934755	-0.018933575166	-0.0459917404742	0.0384460168699	-0.0704710450539	-0.0128390626297	-0.0560799125247	-0.0102753368958	-0.0289030714271	0.0645907855666	-0.0167372421144	0.00634727881242	0.0255862662243	0.013650730452	1.0	0.0780214270145	0.0364598498186	-0.0248955349181	0.0250550015644	-0.00969730552311	-0.00488889320521	0.0165981366034	-0.0195260708855	0.0289910767627	0.00727239475927	-0.00848058358317	-0.0460337041692	0.0200910554693	-0.0277835884391	0.0126030706147	-0.0208048340027	-0.0411965689743	-0.0450194926336	-0.0130960102493	0.0220225664599	0.00313017447948	-0.00535011293694	-0.0103807077851	0.0489548172117	-0.0527781899989	0.021059312022	-0.0656029906855	0.0189484919285	0.013917720209
