#taxonomy	k__Bacteria;p__Bacteroidetes;c__Bacteroidia;o__Bacteroidales;f__Bacteroidaceae;g__Bacteroides;s__Bacteroides_vulgatus	k__Bacteria;p__Bacteroidetes;c__Bacteroidia;o__Bacteroidales;f__Bacteroidaceae;g__Bacteroides;s__Bacteroides_uniformis	k__Bacteria;p__Bacteroidetes;c__Bacteroidia;o__Bacteroidales;f__Rikenellaceae;g__Alistipes;s__Alistipes_putredinis	k__Bacteria;p__Bacteroidetes;c__Bacteroidia;o__Bacteroidales;f__Prevotellaceae;g__Prevotella;s__Prevotella_copri	k__Bacteria;p__Bacteroidetes;c__Bacteroidia;o__Bacteroidales;f__Bacteroidaceae;g__Bacteroides;s__Bacteroides_stercoris	k__Bacteria;p__Bacteroidetes;c__Bacteroidia;o__Bacteroidales;f__Bacteroidaceae;g__Bacteroides;s__Bacteroides_ovatus	k__Bacteria;p__Bacteroidetes;c__Bacteroidia;o__Bacteroidales;f__Rikenellaceae;g__Alistipes;s__Alistipes_shahii	k__Bacteria;p__Firmicutes;c__Clostridia;o__Clostridiales;f__Ruminococcaceae;g__Faecalibacterium;s__Faecalibacterium_prausnitzii	k__Bacteria;p__Bacteroidetes;c__Bacteroidia;o__Bacteroidales;f__Rikenellaceae;g__Alistipes;s__Alistipes_finegoldii	k__Bacteria;p__Bacteroidetes;c__Bacteroidia;o__Bacteroidales;f__Porphyromonadaceae;g__Parabacteroides;s__Parabacteroides_distasonis	k__Bacteria;p__Bacteroidetes;c__Bacteroidia;o__Bacteroidales;f__Bacteroidaceae;g__Bacteroides;s__Bacteroides_thetaiotaomicron	k__Bacteria;p__Bacteroidetes;c__Bacteroidia;o__Bacteroidales;f__Bacteroidaceae;g__Bacteroides;s__Bacteroides_coprocola	k__Bacteria;p__Bacteroidetes;c__Bacteroidia;o__Bacteroidales;f__Bacteroidaceae;g__Bacteroides;s__Bacteroides_cellulosilyticus	k__Bacteria;p__Bacteroidetes;c__Bacteroidia;o__Bacteroidales;f__Rikenellaceae;g__Alistipes;s__Alistipes_obesi	k__Bacteria;p__Firmicutes;c__Clostridia;o__Clostridiales;f__Lachnospiraceae;g__;s__[Eubacterium]_rectale	k__Bacteria;p__Bacteroidetes;c__Bacteroidia;o__Bacteroidales;f__Bacteroidaceae;g__Bacteroides;s__Bacteroides_plebeius	k__Bacteria;p__Bacteroidetes;c__Bacteroidia;o__Bacteroidales;f__Bacteroidaceae;g__Bacteroides;s__Bacteroides_fragilis	k__Bacteria;p__Proteobacteria;c__Betaproteobacteria;o__Burkholderiales;f__Sutterellaceae;g__Sutterella;s__Sutterella_wadsworthensis	k__Bacteria;p__Bacteroidetes;c__Bacteroidia;o__Bacteroidales;f__Porphyromonadaceae;g__Barnesiella;s__Barnesiella_intestinihominis	k__Bacteria;p__Bacteroidetes;c__Bacteroidia;o__Bacteroidales;f__Odoribacteraceae;g__Odoribacter;s__Odoribacter_splanchnicus	k__Bacteria;p__Bacteroidetes;c__Bacteroidia;o__Bacteroidales;f__Bacteroidaceae;g__Bacteroides;s__Bacteroides_salyersiae	k__Bacteria;p__Firmicutes;c__Clostridia;o__Clostridiales;f__Ruminococcaceae;g__Ruminiclostridium;s__[Eubacterium]_siraeum	k__Bacteria;p__Proteobacteria;c__Betaproteobacteria;o__Burkholderiales;f__Sutterellaceae;g__Parasutterella;s__Parasutterella_excrementihominis	k__Bacteria;p__Actinobacteria;c__Actinobacteria;o__Bifidobacteriales;f__Bifidobacteriaceae;g__Bifidobacterium;s__Bifidobacterium_adolescentis	k__Bacteria;p__Firmicutes;c__Clostridia;o__Clostridiales;f__Oscillospiraceae;g__Oscillibacter;s__Oscillibacter_sp._KLE_1745	k__Bacteria;p__Bacteroidetes;c__Bacteroidia;o__Bacteroidales;f__Bacteroidaceae;g__Bacteroides;s__Bacteroides_coprophilus	k__Bacteria;p__Firmicutes;c__Clostridia;o__Clostridiales;f__Lachnospiraceae;g__Roseburia;s__Roseburia_intestinalis	k__Bacteria;p__Firmicutes;c__Clostridia;o__Clostridiales;f__Lachnospiraceae;g__Roseburia;s__Roseburia_hominis	k__Bacteria;p__Bacteroidetes;c__Bacteroidia;o__Bacteroidales;f__Porphyromonadaceae;g__Parabacteroides;s__Parabacteroides_johnsonii	k__Bacteria;p__Actinobacteria;c__Actinobacteria;o__Bifidobacteriales;f__Bifidobacteriaceae;g__Bifidobacterium;s__Bifidobacterium_longum	k__Bacteria;p__Firmicutes;c__Clostridia;o__Clostridiales;f__;g__Flavonifractor;s__Flavonifractor_plautii	k__Bacteria;p__Firmicutes;c__Clostridia;o__Clostridiales;f__Clostridiaceae;g__Clostridium;s__Clostridium_phoceensis	k__Bacteria;p__Verrucomicrobia;c__Verrucomicrobiae;o__Verrucomicrobiales;f__Akkermansiaceae;g__Akkermansia;s__Akkermansia_muciniphila	k__Bacteria;p__Bacteroidetes;c__Bacteroidia;o__Bacteroidales;f__Prevotellaceae;g__Paraprevotella;s__Paraprevotella_xylaniphila	k__Bacteria;p__Firmicutes;c__Clostridia;o__Clostridiales;f__Ruminococcaceae;g__Ruminococcus;s__Ruminococcus_callidus	k__Bacteria;p__Bacteroidetes;c__Bacteroidia;o__Bacteroidales;f__Rikenellaceae;g__Alistipes;s__Alistipes_senegalensis	k__Bacteria;p__Firmicutes;c__Clostridia;o__Clostridiales;f__Lachnospiraceae;g__Blautia;s__Blautia_sp._KLE_1732	k__Bacteria;p__Bacteroidetes;c__Bacteroidia;o__Bacteroidales;f__Bacteroidaceae;g__Bacteroides;s__Bacteroides_oleiciplenus	k__Bacteria;p__Firmicutes;c__Clostridia;o__Clostridiales;f__Ruminococcaceae;g__Ruminococcus;s__Ruminococcus_bicirculans	k__Bacteria;p__Bacteroidetes;c__Bacteroidia;o__Bacteroidales;f__Bacteroidaceae;g__Bacteroides;s__Bacteroides_fluxus	k__Bacteria;p__Bacteroidetes;c__Bacteroidia;o__Bacteroidales;f__Prevotellaceae;g__Prevotella;s__Prevotella_stercorea	k__Bacteria;p__Firmicutes;c__Clostridia;o__Clostridiales;f__Lachnospiraceae;g__Dorea;s__Dorea_longicatena	k__Bacteria;p__Firmicutes;c__Clostridia;o__Clostridiales;f__Eubacteriaceae;g__Eubacterium;s__[Eubacterium]_eligens	k__Bacteria;p__Firmicutes;c__Clostridia;o__Clostridiales;f__Ruminococcaceae;g__;s__Ruminococcaceae_bacterium_D16	k__Bacteria;p__Firmicutes;c__Clostridia;o__Clostridiales;f__Lachnospiraceae;g__Coprococcus;s__Coprococcus_comes	k__Bacteria;p__Proteobacteria;c__Gammaproteobacteria;o__Enterobacterales;f__Enterobacteriaceae;g__Escherichia;s__Escherichia_coli	k__Bacteria;p__Firmicutes;c__Clostridia;o__Clostridiales;f__Ruminococcaceae;g__Anaerotruncus;s__Anaerotruncus_colihominis	k__Bacteria;p__Firmicutes;c__Clostridia;o__Clostridiales;f__Lachnospiraceae;g__Blautia;s__Blautia_obeum	k__Bacteria;p__Bacteroidetes;c__Bacteroidia;o__Bacteroidales;f__Odoribacteraceae;g__Odoribacter;s__Odoribacter_laneus	k__Bacteria;p__Firmicutes;c__Clostridia;o__Clostridiales;f__Ruminococcaceae;g__Ruminiclostridium;s__[Clostridium]_leptum	k__Bacteria;p__Bacteroidetes;c__Bacteroidia;o__Bacteroidales;f__Porphyromonadaceae;g__Parabacteroides;s__Parabacteroides_goldsteinii	k__Bacteria;p__Firmicutes;c__Clostridia;o__Clostridiales;f__Lachnospiraceae;g__Anaerostipes;s__Anaerostipes_hadrus	k__Bacteria;p__Firmicutes;c__Clostridia;o__Clostridiales;f__Ruminococcaceae;g__Ruminococcus;s__Ruminococcus_lactaris	k__Bacteria;p__Firmicutes;c__Clostridia;o__Clostridiales;f__Clostridiaceae;g__Clostridium;s__Clostridium_sp._L2-50	k__Bacteria;p__Firmicutes;c__Clostridia;o__Clostridiales;f__Clostridiaceae;g__Clostridium;s__Clostridium_sp._M62/1	k__Bacteria;p__Firmicutes;c__Clostridia;o__Clostridiales;f__;g__Intestinimonas;s__Intestinimonas_butyriciproducens	k__Bacteria;p__Actinobacteria;c__Actinobacteria;o__Bifidobacteriales;f__Bifidobacteriaceae;g__Bifidobacterium;s__Bifidobacterium_bifidum	k__Bacteria;p__Firmicutes;c__Negativicutes;o__Veillonellales;f__Veillonellaceae;g__Dialister;s__Dialister_invisus	k__Bacteria;p__Bacteroidetes;c__Bacteroidia;o__Bacteroidales;f__Bacteroidaceae;g__Bacteroides;s__Bacteroides_salanitronis
k__Bacteria;p__Bacteroidetes;c__Bacteroidia;o__Bacteroidales;f__Bacteroidaceae;g__Bacteroides;s__Bacteroides_vulgatus	1.0	0.0345481438602	0.0359754033603	0.0261676374242	-0.0281671206808	-0.0653415040626	0.0351450624913	-0.0305937749809	-0.00956807025478	-0.00711083123725	-0.0334047236716	-0.0218625449562	0.0196085630495	-0.00287061651552	-0.0337745853902	-0.0460759833152	-0.0153714394718	0.0484745981779	-0.0218652481902	-0.0203227240259	-0.0198335090977	0.0374770181271	0.0295743091474	-0.00510621020854	-0.0225629513323	-0.0315298909786	-0.00654699339627	0.0329538353514	0.056605463578	-0.0824114586961	-0.00894551069989	-0.0525453255303	0.0369116871963	0.0369606287463	0.0404790464913	0.0132235084791	-0.0242116626221	0.0153917618138	0.0176757024179	0.0147294703537	0.00989444135555	-0.00552723722115	-0.0100481049422	-0.0240673855701	-0.0276212819642	0.0103328085865	0.0037316183326	0.0222591733878	-0.0282267337244	-0.0933724917686	-9.24296989947e-05	-0.049515393159	-0.0433309180835	0.0131611808268	0.0741640627498	-0.00740755689026	-0.00152655839072	0.00546298216489	-0.0489665597696
k__Bacteria;p__Bacteroidetes;c__Bacteroidia;o__Bacteroidales;f__Bacteroidaceae;g__Bacteroides;s__Bacteroides_uniformis	0.0345481438602	1.0	-0.0252313840034	-0.0541132616734	0.0585045650737	-0.00313274860188	-0.0238930263371	0.0142197310546	-5.55088818539e-05	-0.0495442076503	-0.0108671533455	-0.0232594747937	0.00974528278556	-0.00451561159482	-0.0111969188291	-0.00375822722757	-0.00585301172052	0.0102649971429	-0.0416147930087	-0.0705993837646	0.0486478932732	-0.0224232964304	-0.0166044331122	-0.0373222934221	-0.018441210497	0.0303845041146	0.026596566328	0.00627411287848	-0.00030094796006	-0.0298707609413	0.0448971822252	0.00474322812974	-0.010091948817	-0.053224992494	-0.0139235261823	-0.0221728152912	0.00307972795595	-0.0607165775149	-0.00210826883907	0.0156426607782	-0.0550706796953	-0.00835559292272	0.0730202744654	0.0447920098491	-0.0141694785315	-0.0168227005125	-0.0406682233519	-0.0207864836412	0.00571912305649	-0.0359069152076	-0.0351966295175	-0.00313858795616	-0.0540696965931	-0.0536502867391	-0.010323880822	0.0780734248906	0.0190010713371	0.0368573042436	0.000184325266754
k__Bacteria;p__Bacteroidetes;c__Bacteroidia;o__Bacteroidales;f__Rikenellaceae;g__Alistipes;s__Alistipes_putredinis	0.0359754033603	-0.0252313840034	1.0	-0.023152627761	0.012278549069	-0.0234218521732	-0.00123884323894	0.0421181810088	0.030562174361	0.0203769995921	0.00157038900472	0.0490528567687	-0.00842235681239	-0.0292886145578	-0.025440125891	-0.0140916686218	-0.0295606216761	0.0298674937924	-0.00482494205872	-0.0209660183633	-0.0512904331081	-0.0238948906007	-0.0528132217397	0.0101373199582	0.0195384236749	-0.00708188488903	-0.00161646276994	0.017201598259	-0.0213257340417	0.0454733055924	-0.00270577069408	-0.0305820092281	0.00497301112957	-0.0106440720426	-0.0456563219245	-0.0140878616149	0.0286694809665	0.0343872429662	-0.0682551123476	0.0244498043217	-0.0425014170105	-0.0479037633468	0.0422056808851	-0.0348520336868	0.0601009537458	-0.00307305591809	-0.059756921882	-0.0310442815452	-0.0367488449807	0.0185787016854	0.0310530187339	-0.00333823495157	-0.0110020461883	-0.0289395444656	-0.0614510114706	-0.00281797294017	0.00601089458174	0.0165711667493	-0.0303661491898
k__Bacteria;p__Bacteroidetes;c__Bacteroidia;o__Bacteroidales;f__Prevotellaceae;g__Prevotella;s__Prevotella_copri	0.0261676374242	-0.0541132616734	-0.023152627761	1.0	0.0248651608426	0.0115009730322	-0.0159206196518	-0.0306762055211	-0.0301499097572	-0.0191307486125	-0.000789612394159	0.00153626813058	-0.0151334669151	-0.0200793400444	-0.0385829275403	-0.012660427079	0.000293191333943	-0.0104357867406	0.0141924323099	0.0236840794773	0.0231787423192	0.0261557834837	-0.0419936098691	0.0171114091024	0.0102014343619	0.0364179338987	0.00993465235605	-0.0229251501559	0.00695661216602	0.0105568774536	0.0289189118414	-0.0288089858351	-0.0465981919455	-0.0258609135832	-0.00795171081526	-0.0294007696865	-0.0421880052228	-0.0128684774632	0.00878274780197	0.0767055536581	-0.00588788777523	0.0235308345931	-0.00348926249422	-0.0315433658871	0.0686537742142	-0.00942870691165	-0.0384912021868	-0.00852421274472	-0.0348398190601	-0.0295720011512	-0.0307583109653	-0.0217704508264	-0.0164264511092	-0.0411832872747	0.0135117096281	-0.0334423089118	0.0371031733437	-0.0190200726564	-0.0132083696441
k__Bacteria;p__Bacteroidetes;c__Bacteroidia;o__Bacteroidales;f__Bacteroidaceae;g__Bacteroides;s__Bacteroides_stercoris	-0.0281671206808	0.0585045650737	0.012278549069	0.0248651608426	1.0	0.0196081433815	-0.0539446638892	-0.0270212456931	0.00750961282921	0.00933313240979	-0.044120475458	-0.0227707340891	0.00325421443165	-0.0306793074586	0.0556177188775	0.0350502049079	0.0319329733142	0.0315750072194	-0.0182142524239	-0.058089241713	0.00161845262577	0.0412416772265	-0.0594934212766	-0.0159382062742	0.0278533198188	-0.0210466013948	0.0109905075654	0.0221014715783	0.0302131005569	0.0203394936029	0.0281187492908	0.024132469045	-0.0518169040769	0.0219278614503	-0.0394696090866	-0.0170497351001	0.0183553026846	-0.0137344637764	0.00935771935134	-0.0348655482797	0.0311435573078	-0.019573404827	-0.0136973538221	0.0186015689598	-0.0539392305533	-0.0214248331609	-0.0292395599231	0.0342148766437	0.0754698409681	-0.0357797807913	-0.0511244582498	-0.0524364105484	0.0241142569742	0.0280535441194	-0.0580271250897	-0.0216139800936	-0.00439020884638	0.0440280107863	-0.00251155718321
k__Bacteria;p__Bacteroidetes;c__Bacteroidia;o__Bacteroidales;f__Bacteroidaceae;g__Bacteroides;s__Bacteroides_ovatus	-0.0653415040626	-0.00313274860188	-0.0234218521732	0.0115009730322	0.0196081433815	1.0	-0.0134354334073	0.0180177506474	0.0393791427387	0.0198394930514	-0.027945934788	0.050590297157	-0.00962116881507	0.0311588929921	-0.00473601975054	0.0603459940472	-0.0231508616541	0.0076383896542	0.033131041575	0.0142649382758	0.00171926929755	-0.0765440217475	0.00101579514948	-0.0236433166943	-0.0919175259099	-0.0392244845657	-0.01520776447	0.00950741162229	-0.0466855403686	0.0142124559503	-0.0539045534232	0.014200259355	-0.0801020568201	-0.00308151891637	-0.0170578730426	-0.0304292321559	0.0132560789878	0.0764911673436	0.0112528776064	-0.0355085505039	0.0459976975053	-0.00729248241424	-0.0562125145524	-0.0343222691681	0.0523846891193	0.00801305243956	-0.0472766482356	0.0422427157958	-0.0343968712949	-0.0527090226817	-0.0393562943517	-0.0762229376168	-0.0407762383171	0.0436307281838	-0.00156485417445	0.0386237486468	0.0211021216694	-0.040122570877	-0.0141619390283
k__Bacteria;p__Bacteroidetes;c__Bacteroidia;o__Bacteroidales;f__Rikenellaceae;g__Alistipes;s__Alistipes_shahii	0.0351450624913	-0.0238930263371	-0.00123884323894	-0.0159206196518	-0.0539446638892	-0.0134354334073	1.0	-0.0508231427038	0.00528019070232	0.0191073497163	-0.0782552072485	0.0134778284856	-0.0470672569216	-0.00574598916526	-0.0125446693524	0.0152840896915	-0.0201721350001	-0.0300646148492	-0.0018820319971	0.0196236775074	-0.0085720822395	-0.00954138727568	-0.0193677177982	0.00653371019875	0.0263661266749	-0.013746324274	0.0591411430652	-0.00742291103374	-0.0324798301982	0.0452509091298	0.00128423638981	-0.0155863488934	-3.19929772624e-05	-0.0216415970196	-0.0490759005371	0.0244042680989	-0.0282986851858	-0.0248695635785	0.0192161686943	-0.045184891333	-0.0261213392031	-0.0414476486972	0.0131848553769	0.0240747896418	0.0791341665133	-0.00958138547844	0.00465235132535	-0.0763501317882	-0.0265677211993	-0.0440160332177	-0.015372741034	0.0182430051727	0.0167006649837	0.0689251878062	-0.0762613019011	0.000738389090514	-0.0600655358284	0.0216849264955	-0.00728565313041
k__Bacteria;p__Firmicutes;c__Clostridia;o__Clostridiales;f__Ruminococcaceae;g__Faecalibacterium;s__Faecalibacterium_prausnitzii	-0.0305937749809	0.0142197310546	0.0421181810088	-0.0306762055211	-0.0270212456931	0.0180177506474	-0.0508231427038	1.0	-0.0129419667551	0.00838061318377	0.0151245062778	-0.00218526067235	0.0243576504179	-0.00349653748608	0.0468561757478	-0.0757782624614	0.0718694594855	0.0472397559711	-0.054878357501	-0.0228986761071	0.0084624358059	-0.00120887442299	0.00133852705541	-0.104145631587	-0.00106672086001	0.00992229866098	-0.0507943269559	-0.0268684091398	-0.0346867804903	-0.0417251426804	-0.0286516952328	0.0261591075443	0.00908919953534	-0.0266620051495	0.0363125142201	0.00643664296786	0.0502498713232	0.014979130381	-0.0325092023026	-0.0468712269214	-0.0140939519503	-0.0162788976185	-0.00967479687784	-0.00412905383952	0.0278477857946	0.0940237475621	0.00110340171625	-0.00790644932188	-0.058397509539	0.00240301707943	0.0276041990869	-0.00729506466802	0.0280329284745	-0.00971036289758	-0.00772850619109	0.0166016952061	-0.11188123925	-0.011253014827	-0.0370685999725
k__Bacteria;p__Bacteroidetes;c__Bacteroidia;o__Bacteroidales;f__Rikenellaceae;g__Alistipes;s__Alistipes_finegoldii	-0.00956807025478	-5.55088818539e-05	0.030562174361	-0.0301499097572	0.00750961282921	0.0393791427387	0.00528019070232	-0.0129419667551	1.0	-0.000161201592088	-0.00215517466276	0.0248716185129	0.0520273538697	0.0498493043372	0.0348277351149	-0.0216332177408	0.0196792743871	0.000515884035983	-0.0239253443021	0.0158555743515	-0.0173214152468	-0.00521059744619	0.0177678467728	-0.00618665453717	-0.0146431291539	-0.00935430506129	-0.0358559119499	-0.00664120132727	-0.0488717937843	-0.00538015662113	0.000852125138525	-0.00422104261087	0.00987377597433	-0.0148664242412	-0.0356957218693	-0.0297082867474	-0.0277190504347	-0.0139917844453	0.0329420353831	0.00450716291361	0.00857319789367	-0.104109709518	0.0414963040745	-0.0157648111546	-0.034641011939	-0.0492730525316	-0.0478801534392	-0.00818325284486	-0.0226344438189	-0.0176583091915	0.0310844765233	-0.0104810469788	-0.0422474651106	0.0339971419721	0.0114331563986	0.00889316068382	0.018889101185	-0.014000703372	-0.0257931339434
k__Bacteria;p__Bacteroidetes;c__Bacteroidia;o__Bacteroidales;f__Porphyromonadaceae;g__Parabacteroides;s__Parabacteroides_distasonis	-0.00711083123725	-0.0495442076503	0.0203769995921	-0.0191307486125	0.00933313240979	0.0198394930514	0.0191073497163	0.00838061318377	-0.000161201592088	1.0	0.00944828337722	0.0206091290004	-0.000831144275348	0.0239910271078	-0.0114353551208	0.0690682742539	-0.0281179551063	-0.0673412194247	0.0459177986519	-0.016506246102	-0.01802839357	0.0182133642955	-0.0128800515566	0.00195048777015	0.0101393179526	0.0623592736756	-0.00931923048243	-0.0408228934325	-0.0597285772267	-0.0935345481395	-0.0115737229443	-0.0102436103315	-0.0105179500855	0.0281272618717	-0.0450102302895	-0.0395367681134	-0.0242564306586	-0.0190491261205	-0.0601143510065	-0.00392912449189	0.0626738115275	-0.0266503765134	-0.0014595864987	0.00407325614376	-0.0105145464067	-0.0101269738447	0.0197634970421	0.00173235488688	0.00313102525827	0.0485647557121	-0.0135755077364	-0.0185500325528	-0.0352597070666	0.0283279598469	-0.0116556308925	0.0325767909489	-0.0236192231654	-0.0504405790093	0.0531594773615
k__Bacteria;p__Bacteroidetes;c__Bacteroidia;o__Bacteroidales;f__Bacteroidaceae;g__Bacteroides;s__Bacteroides_thetaiotaomicron	-0.0334047236716	-0.0108671533455	0.00157038900472	-0.000789612394159	-0.044120475458	-0.027945934788	-0.0782552072485	0.0151245062778	-0.00215517466276	0.00944828337722	1.0	-0.0594062176608	-0.0187015538462	0.0106042169873	-0.038980518712	-0.0412307653683	-0.0127766988528	-0.0418581050594	0.018224120778	0.00481146544051	-0.0146801135416	0.00854120949381	-0.0934906534283	0.00394793650104	-0.00175683016752	0.0670186563122	-0.026690359279	0.00263744407638	0.00759211063827	-0.0122411988972	-0.0106540046216	0.00736930692128	-0.0227915212605	0.0597606804307	-0.0268290069291	0.0201519901952	-0.00132428572793	0.0360242336537	-0.0170258109796	0.0288925952655	0.00188306411884	0.0340333710319	0.0397674233494	0.0201461517932	-0.0538916046421	0.00323536168987	-0.0113749813562	0.0538949960409	-0.0336115029283	-0.0370886764103	0.0175788767259	-0.0062408150228	0.0114678630456	-0.0444608859377	-0.0147270154027	0.00846250876469	0.0322725498969	0.000187457173006	-0.0534884425941
k__Bacteria;p__Bacteroidetes;c__Bacteroidia;o__Bacteroidales;f__Bacteroidaceae;g__Bacteroides;s__Bacteroides_coprocola	-0.0218625449562	-0.0232594747937	0.0490528567687	0.00153626813058	-0.0227707340891	0.050590297157	0.0134778284856	-0.00218526067235	0.0248716185129	0.0206091290004	-0.0594062176608	1.0	0.0094403025238	-0.0294608562345	-0.043031543091	-0.0255113001553	0.00980332045522	0.0128507461663	0.0283747374436	-0.016645120009	0.0438553602256	0.0317027551376	-0.0371225020598	0.0179004589282	-0.0103147881968	0.038328141308	0.00574219019281	-0.013126639034	0.0361485061838	0.064823430476	-0.0674074526612	-0.0178111772698	-0.00452207305939	0.0422551582565	-0.0640205077	0.0158915625606	-0.0190037480239	-0.037916569451	-0.0183646926345	-0.0292635202668	0.0304864308658	-0.00108249415069	0.0460955691268	-0.112305906059	-0.0436495082891	0.0116025418292	0.0217985938553	-0.0241661063801	0.00483253826914	0.0532652288108	0.0431002672558	0.00517059628334	0.0020384278581	0.0260622632227	-0.0237686864003	-0.0563307603121	-0.00528067136763	-0.013188789854	0.0122931486003
k__Bacteria;p__Bacteroidetes;c__Bacteroidia;o__Bacteroidales;f__Bacteroidaceae;g__Bacteroides;s__Bacteroides_cellulosilyticus	0.0196085630495	0.00974528278556	-0.00842235681239	-0.0151334669151	0.00325421443165	-0.00962116881507	-0.0470672569216	0.0243576504179	0.0520273538697	-0.000831144275348	-0.0187015538462	0.0094403025238	1.0	0.0260980629816	-0.0369816594703	-0.0202845176625	0.0235302261428	0.0146900771954	0.0304012212314	-0.0222797266922	-0.0831279373016	0.00215757279887	0.0119441999057	-0.0178600605827	-0.0259515981893	0.00651711245238	-0.0344174909842	-0.0224678019464	-0.00403171639152	-0.0197554656672	-0.00399420228828	-0.00184075659053	0.00987072330308	-0.0129971747521	-0.0200592238938	0.00723328112225	-0.0327492080051	0.00936286277911	-0.00447578772569	0.0298202928272	0.0422790528192	-0.0353414900179	0.00263159112444	0.0145147871494	-0.030639280883	-0.00996191361838	-0.00289349021839	-0.0318027490013	-0.0327721582476	-0.0339326078875	0.0191768614723	0.000728305275003	0.0252321432651	0.0810588870068	0.0267533894561	0.0236496689436	-0.0065097085258	-0.022630227968	-0.0316321051159
k__Bacteria;p__Bacteroidetes;c__Bacteroidia;o__Bacteroidales;f__Rikenellaceae;g__Alistipes;s__Alistipes_obesi	-0.00287061651552	-0.00451561159482	-0.0292886145578	-0.0200793400444	-0.0306793074586	0.0311588929921	-0.00574598916526	-0.00349653748608	0.0498493043372	0.0239910271078	0.0106042169873	-0.0294608562345	0.0260980629816	1.0	0.00600401673724	0.0391470394894	0.0117791519044	0.0161027370587	-0.0193997638308	0.0353644472628	-0.0534774191989	0.0427742665036	0.0211907581597	0.0185499465791	0.019040083774	-0.0432990640875	-0.0139649668086	-0.0186060655266	-0.0257881470559	-0.00806731887376	-0.0534391834922	0.0322257210557	-0.0097855540732	-0.0404060978861	0.0120708708266	0.00274612182705	-0.0272410912358	-0.0242382985554	-0.0445146333394	0.00475349205796	-0.0218613302788	-0.0814973843851	-0.0274123526195	-0.0500628506532	-0.0146101841296	0.00743126125989	0.0104074474767	-0.00563883974434	-0.0189550914224	0.0299219632621	0.00204924712606	-0.00337225636666	0.0350043546059	0.00569095870762	-0.0067982879054	-0.0357570946738	0.033225009013	-0.000618841741903	-0.0133473084333
k__Bacteria;p__Firmicutes;c__Clostridia;o__Clostridiales;f__Lachnospiraceae;g__;s__[Eubacterium]_rectale	-0.0337745853902	-0.0111969188291	-0.025440125891	-0.0385829275403	0.0556177188775	-0.00473601975054	-0.0125446693524	0.0468561757478	0.0348277351149	-0.0114353551208	-0.038980518712	-0.043031543091	-0.0369816594703	0.00600401673724	1.0	0.0576586643532	-0.0217046674945	0.00799784649075	-0.00718765882771	0.0336496118395	0.0393651026775	0.0128844946091	0.0402577150879	-0.0165832690332	0.0248551745621	-0.0224577668395	-0.0218727586655	-0.0304580025383	-0.0160951831716	-0.0393600674029	-0.0430224816075	-0.00235252858753	-0.0413442489505	-0.0359299220066	-0.05800508883	-0.00223396041927	-0.0432943598367	-0.0274950622234	-0.0172855613955	-0.0238695330343	-0.064635980438	0.0618313303794	0.0241378290873	-0.0237874104138	-0.0081189913876	-0.0490315662259	0.063395689033	0.0621528821752	-0.0207958776721	-0.00667995323717	-0.00462190555181	0.0201299618638	0.0535015734831	-0.0234809424657	0.0286773704829	0.011882045438	-0.0505220591449	-0.0109614434774	-0.011071842327
k__Bacteria;p__Bacteroidetes;c__Bacteroidia;o__Bacteroidales;f__Bacteroidaceae;g__Bacteroides;s__Bacteroides_plebeius	-0.0460759833152	-0.00375822722757	-0.0140916686218	-0.012660427079	0.0350502049079	0.0603459940472	0.0152840896915	-0.0757782624614	-0.0216332177408	0.0690682742539	-0.0412307653683	-0.0255113001553	-0.0202845176625	0.0391470394894	0.0576586643532	1.0	-0.0349487875189	0.00281176988885	-0.0379864395847	-0.0259440758008	-0.00595691088437	-0.0293407637535	-0.0387466932557	0.0691873516009	-0.0229757589905	-0.0452746586037	-0.00121665033631	-0.0487696067662	-0.0149218268336	0.0337264709509	-0.00780164630538	-0.0564470514489	-0.0119919763265	-0.0399165768716	0.0119949014953	0.0189885068463	-0.0138074827831	-0.0407104999621	0.00919649328015	0.04965274735	0.0206670453226	-0.0324811995554	-0.0592594121221	-0.0146950367799	-0.0154994426802	0.0293232635065	-0.0299189738813	-0.0558229439362	-0.00577468140688	0.0207782484961	-0.0318126467558	0.0688214219746	0.0146271956141	0.0284529733343	0.0468343362168	0.00644956503039	-0.0407128389298	-0.050920511538	-0.044574725148
k__Bacteria;p__Bacteroidetes;c__Bacteroidia;o__Bacteroidales;f__Bacteroidaceae;g__Bacteroides;s__Bacteroides_fragilis	-0.0153714394718	-0.00585301172052	-0.0295606216761	0.000293191333943	0.0319329733142	-0.0231508616541	-0.0201721350001	0.0718694594855	0.0196792743871	-0.0281179551063	-0.0127766988528	0.00980332045522	0.0235302261428	0.0117791519044	-0.0217046674945	-0.0349487875189	1.0	0.00841790967636	-0.012933091045	-0.00573139140587	-0.0194944122099	0.00829514506562	0.0154091457403	0.000373042609237	-0.0242357136271	-0.0433529674149	0.0323277690797	-0.00376946407715	-0.039137434485	-0.0181704939931	-0.0421184093124	0.0448784576173	0.0656754685437	0.0873133310069	0.0164507388262	0.0166228967341	0.0289818719919	-0.0281939938509	0.0162892815367	-0.0558053352294	-0.0929062323694	0.0186185951166	-0.0890539886592	0.00734789154698	0.0324948590227	0.00882257092466	-0.0353869534332	0.00912984430223	-0.0324745448039	0.00653429501105	0.0374767229503	-0.00858701321895	-0.0412783601624	8.7516768079e-05	-0.00540737954282	0.00741095555591	-0.0263301391973	-0.0377525145492	-0.056634749395
k__Bacteria;p__Proteobacteria;c__Betaproteobacteria;o__Burkholderiales;f__Sutterellaceae;g__Sutterella;s__Sutterella_wadsworthensis	0.0484745981779	0.0102649971429	0.0298674937924	-0.0104357867406	0.0315750072194	0.0076383896542	-0.0300646148492	0.0472397559711	0.000515884035983	-0.0673412194247	-0.0418581050594	0.0128507461663	0.0146900771954	0.0161027370587	0.00799784649075	0.00281176988885	0.00841790967636	1.0	-0.0187827837268	-0.0143393239832	0.0208488440722	0.00304409808803	-0.0686529231752	-0.00437291657041	0.0677954739965	-0.0223139524949	-0.0576228252504	0.0296251914055	-0.0138983438297	0.0337108270189	-0.0547779501392	0.0105793834445	0.0354816659337	-0.0195464998008	0.00790129865734	-0.0490958951027	-0.0202432062384	-0.0458293307814	0.0253569672279	0.0345082091244	0.0073478553018	0.0339385890839	0.0324535679462	-0.0329524494091	-0.000891497431049	-0.0208303810891	0.0483441625719	-0.0128913697394	-0.0182304221016	-0.039949976334	0.0465424339104	0.00772072243151	-0.0239453889732	0.0112976860251	0.0292459193775	-0.139720374919	-0.0622007208111	-0.0876950122653	-0.0359362683018
k__Bacteria;p__Bacteroidetes;c__Bacteroidia;o__Bacteroidales;f__Porphyromonadaceae;g__Barnesiella;s__Barnesiella_intestinihominis	-0.0218652481902	-0.0416147930087	-0.00482494205872	0.0141924323099	-0.0182142524239	0.033131041575	-0.0018820319971	-0.054878357501	-0.0239253443021	0.0459177986519	0.018224120778	0.0283747374436	0.0304012212314	-0.0193997638308	-0.00718765882771	-0.0379864395847	-0.012933091045	-0.0187827837268	1.0	-0.0478621634522	-0.0296750240728	0.00500338925308	0.0388261270272	-0.0275546095159	0.0524700881301	0.0329490472503	-0.0414903992977	0.000720316212079	-0.007592591324	0.0195338954351	0.0567732439763	-0.0489273653535	-0.0255831883625	-0.033369331225	0.0234068819934	0.000918545999862	-0.0288907714408	-0.0352295493778	0.0548532486782	-0.0248262158317	0.0583199890336	-0.00303322376912	-0.00611100519212	0.00880969209875	-0.0296294093719	-0.00194854904513	0.0635937999153	-0.0061145322148	-0.00605649308456	-0.0498253112796	-0.00376830946934	-0.0192769317141	-0.0750497902946	-0.0427734006701	-0.0505371531992	-0.0135085173178	-0.0112993810527	0.00915221287109	-0.0129926388989
k__Bacteria;p__Bacteroidetes;c__Bacteroidia;o__Bacteroidales;f__Odoribacteraceae;g__Odoribacter;s__Odoribacter_splanchnicus	-0.0203227240259	-0.0705993837646	-0.0209660183633	0.0236840794773	-0.058089241713	0.0142649382758	0.0196236775074	-0.0228986761071	0.0158555743515	-0.016506246102	0.00481146544051	-0.016645120009	-0.0222797266922	0.0353644472628	0.0336496118395	-0.0259440758008	-0.00573139140587	-0.0143393239832	-0.0478621634522	1.0	-0.0293350349993	-0.0638369393361	0.021684950484	0.0789705910318	-0.00657496359034	0.0290162586449	-0.0143461126415	-0.0102402138388	-0.00840221629694	0.0120455192822	-0.00420085380999	-0.0215457611854	0.0533264639686	0.0100585929163	-0.0259424473875	-0.0442111012779	0.0647058559417	0.0212762008798	0.0213317051061	0.0358621705157	0.0180516231978	-0.00733237752294	-0.0534200907932	0.0182239222905	-0.0122639553938	0.00690669923702	-0.04317108736	0.0191549955675	-0.00396313952325	0.0282768568772	0.012456844845	-0.011632714522	-0.0184015946398	0.0353677768238	0.0297638485568	-0.0272175668851	-0.0351081799502	0.0359668509767	-0.00143787223672
k__Bacteria;p__Bacteroidetes;c__Bacteroidia;o__Bacteroidales;f__Bacteroidaceae;g__Bacteroides;s__Bacteroides_salyersiae	-0.0198335090977	0.0486478932732	-0.0512904331081	0.0231787423192	0.00161845262577	0.00171926929755	-0.0085720822395	0.0084624358059	-0.0173214152468	-0.01802839357	-0.0146801135416	0.0438553602256	-0.0831279373016	-0.0534774191989	0.0393651026775	-0.00595691088437	-0.0194944122099	0.0208488440722	-0.0296750240728	-0.0293350349993	1.0	0.0339428166526	0.0204637178987	-0.0275057098266	-0.0106929604639	-0.0125442416291	-0.0624186805908	-0.0375237118822	-0.054791193616	0.00349219660946	-0.0384867186505	0.0278054712598	0.045432081087	0.0227526866289	0.0305191348996	-0.0518029364458	-0.00278622442622	-0.0653758846039	0.00271969448698	0.0195317976393	0.0197931710218	0.0752021751186	-0.0108005164774	0.00389961707014	-0.0361180162812	0.00224393154326	-0.0421175744248	0.0485776189864	-0.0192794550243	0.00877661747145	0.0141066396524	-0.00522005077743	0.00898407492261	-0.0513183654002	-0.0254234495218	-0.0171398332438	0.022366551369	-0.053204663952	0.0206417231231
k__Bacteria;p__Firmicutes;c__Clostridia;o__Clostridiales;f__Ruminococcaceae;g__Ruminiclostridium;s__[Eubacterium]_siraeum	0.0374770181271	-0.0224232964304	-0.0238948906007	0.0261557834837	0.0412416772265	-0.0765440217475	-0.00954138727568	-0.00120887442299	-0.00521059744619	0.0182133642955	0.00854120949381	0.0317027551376	0.00215757279887	0.0427742665036	0.0128844946091	-0.0293407637535	0.00829514506562	0.00304409808803	0.00500338925308	-0.0638369393361	0.0339428166526	1.0	-0.0280898308372	0.00795029916259	-0.0054561254091	-0.0631130231435	0.0101765716869	-0.0322899726271	0.0266027483733	-0.0541370127017	-0.0398216943448	0.0104441532952	0.00773078555828	-0.0343442315463	0.0130955469404	0.0315231818688	-0.0103061723903	-0.0134023859935	-0.034383786899	-0.0469588457152	0.00720867714744	0.00831191333835	0.0199112435059	-0.0171308340669	0.00700912481641	-0.0236246895162	-0.00344950915316	0.00960546295036	0.0210933570159	0.00664656423729	-0.0360318008231	0.020007239582	0.0575351177435	-0.00990578930332	0.0290558594467	-0.0638968370125	-0.0477393244109	-0.0336672610551	-0.00871828828545
k__Bacteria;p__Proteobacteria;c__Betaproteobacteria;o__Burkholderiales;f__Sutterellaceae;g__Parasutterella;s__Parasutterella_excrementihominis	0.0295743091474	-0.0166044331122	-0.0528132217397	-0.0419936098691	-0.0594934212766	0.00101579514948	-0.0193677177982	0.00133852705541	0.0177678467728	-0.0128800515566	-0.0934906534283	-0.0371225020598	0.0119441999057	0.0211907581597	0.0402577150879	-0.0387466932557	0.0154091457403	-0.0686529231752	0.0388261270272	0.021684950484	0.0204637178987	-0.0280898308372	1.0	-0.00510519792286	0.0326905191481	0.0549199928393	-0.00750542917283	0.000382518204032	-0.000545119833161	0.0468536650658	-0.0652103598226	0.00503010233052	0.0275860025441	0.0286630405972	-0.0179095188851	-0.0316427263493	-0.0419748008775	0.0267109760315	-0.0701349882037	-0.00282762225054	-0.0320271794971	-0.0552551998906	0.0501169231769	-0.0145931606891	-0.00142561710018	-0.0234978885881	0.0101133277192	-0.0398998977082	-0.0568400253523	-0.0171127019402	0.0134876650818	0.00614514573906	-0.00127444926232	0.00652616542891	-0.0322909288034	0.0185215453453	-0.031536707162	-0.065879791979	-0.0390148508336
k__Bacteria;p__Actinobacteria;c__Actinobacteria;o__Bifidobacteriales;f__Bifidobacteriaceae;g__Bifidobacterium;s__Bifidobacterium_adolescentis	-0.00510621020854	-0.0373222934221	0.0101373199582	0.0171114091024	-0.0159382062742	-0.0236433166943	0.00653371019875	-0.104145631587	-0.00618665453717	0.00195048777015	0.00394793650104	0.0179004589282	-0.0178600605827	0.0185499465791	-0.0165832690332	0.0691873516009	0.000373042609237	-0.00437291657041	-0.0275546095159	0.0789705910318	-0.0275057098266	0.00795029916259	-0.00510519792286	1.0	0.0122023644496	-0.0883986108194	0.000467786869988	-0.0227912995731	-0.007419424482	-0.00912622600971	-0.0148354491691	0.0593734115282	-0.0312564246834	-0.0371705721426	-0.0235137776021	-0.0136294158244	-0.0252390034033	-0.00767648991415	-0.0315068855212	-0.0257033500649	-0.00683478438849	0.0300396841527	-0.0403900960603	-0.033512908058	0.0117850651213	0.00379643092884	0.0358711187833	0.0205333009394	-0.0386016229557	0.0263651260907	0.0411892740272	-0.0208689580667	-0.0431443724891	0.00721338045638	-0.0314291396985	-0.0441509110009	0.0576146489273	0.0131029932465	-0.00498497660875
k__Bacteria;p__Firmicutes;c__Clostridia;o__Clostridiales;f__Oscillospiraceae;g__Oscillibacter;s__Oscillibacter_sp._KLE_1745	-0.0225629513323	-0.018441210497	0.0195384236749	0.0102014343619	0.0278533198188	-0.0919175259099	0.0263661266749	-0.00106672086001	-0.0146431291539	0.0101393179526	-0.00175683016752	-0.0103147881968	-0.0259515981893	0.019040083774	0.0248551745621	-0.0229757589905	-0.0242357136271	0.0677954739965	0.0524700881301	-0.00657496359034	-0.0106929604639	-0.0054561254091	0.0326905191481	0.0122023644496	1.0	0.00416590445446	-0.0127871985245	0.0135204114919	-0.0116989391907	-0.0196654973144	0.0257536829092	-0.000769648019804	0.0179959896896	-0.0200280432013	0.00071663081338	0.0565094681971	0.0154447766825	-0.0272201481353	-0.0321286132537	-0.0141290124164	0.00680013924752	0.0237940125461	-0.0150140160434	-0.0435942232322	0.0171599958062	-0.0300284408087	0.062026714937	-0.0275317128808	0.0232419023746	-0.0114164970815	-0.0622405459982	-0.0260990481729	-0.0652435634547	-0.0282460657285	0.0114627657232	0.0127093449457	-0.020727415668	-0.0464045001785	-0.0417635743717
k__Bacteria;p__Bacteroidetes;c__Bacteroidia;o__Bacteroidales;f__Bacteroidaceae;g__Bacteroides;s__Bacteroides_coprophilus	-0.0315298909786	0.0303845041146	-0.00708188488903	0.0364179338987	-0.0210466013948	-0.0392244845657	-0.013746324274	0.00992229866098	-0.00935430506129	0.0623592736756	0.0670186563122	0.038328141308	0.00651711245238	-0.0432990640875	-0.0224577668395	-0.0452746586037	-0.0433529674149	-0.0223139524949	0.0329490472503	0.0290162586449	-0.0125442416291	-0.0631130231435	0.0549199928393	-0.0883986108194	0.00416590445446	1.0	-0.0215202830042	-0.0380493291517	0.0199999234966	-0.00624804503051	0.0239299023493	-0.0333275820566	0.0194846821617	0.0101535924063	-0.0261243118218	-0.0281524422929	0.00452584062563	-0.0366074344311	0.0257466518928	-0.00524308150714	-0.0211839266808	0.00888536116995	-0.0115945288602	0.0541846668347	0.020937983592	-0.0702233626369	-0.0170307522032	0.0255856535256	0.00295958423181	-0.0480619485032	0.0127735210047	-0.0716175409912	-0.0396867396127	0.0277805700731	-0.0614905133309	0.00146155858676	-0.00737760654123	0.0497366383579	0.0102682085427
k__Bacteria;p__Firmicutes;c__Clostridia;o__Clostridiales;f__Lachnospiraceae;g__Roseburia;s__Roseburia_intestinalis	-0.00654699339627	0.026596566328	-0.00161646276994	0.00993465235605	0.0109905075654	-0.01520776447	0.0591411430652	-0.0507943269559	-0.0358559119499	-0.00931923048243	-0.026690359279	0.00574219019281	-0.0344174909842	-0.0139649668086	-0.0218727586655	-0.00121665033631	0.0323277690797	-0.0576228252504	-0.0414903992977	-0.0143461126415	-0.0624186805908	0.0101765716869	-0.00750542917283	0.000467786869988	-0.0127871985245	-0.0215202830042	1.0	-0.0556440635436	0.0400371536786	-0.0527510793536	0.0132035059293	0.00493133132341	-0.0295240737958	-0.00642025213234	-0.0036104460999	-0.0534896456641	-0.0362569650074	0.0582613515302	0.0319645579193	-0.0124319921695	-0.00538928850138	-0.00700968772187	-0.0332423543063	0.0198383852656	-0.0265595644524	0.00279110294413	-0.0322519800813	0.00172629396668	-0.00869420286931	-0.00892906917922	0.00564020833574	0.0212773745657	-0.0270212857183	-0.00984558968358	-0.000342885410286	-0.0591604698169	0.0330073220033	-0.0174805552188	0.0244042050018
k__Bacteria;p__Firmicutes;c__Clostridia;o__Clostridiales;f__Lachnospiraceae;g__Roseburia;s__Roseburia_hominis	0.0329538353514	0.00627411287848	0.017201598259	-0.0229251501559	0.0221014715783	0.00950741162229	-0.00742291103374	-0.0268684091398	-0.00664120132727	-0.0408228934325	0.00263744407638	-0.013126639034	-0.0224678019464	-0.0186060655266	-0.0304580025383	-0.0487696067662	-0.00376946407715	0.0296251914055	0.000720316212079	-0.0102402138388	-0.0375237118822	-0.0322899726271	0.000382518204032	-0.0227912995731	0.0135204114919	-0.0380493291517	-0.0556440635436	1.0	0.0351328557743	0.000666544737869	0.0258092040353	-0.0117906914059	0.029803611985	0.00298350421132	-0.0553360227637	-0.0794840373197	0.00767584586602	-0.0288765974023	0.0664628941607	0.0200034781299	-0.0127369845507	0.00307821934964	0.000490861792219	-0.0397832746388	-0.0017018641599	0.0287948645108	0.0403988678431	-0.0353278014351	0.0141593027859	0.0108073172591	-0.0131886911223	-0.0112220005551	-0.0213268866808	0.00258218892961	-0.0202504770378	0.0259499350169	0.0181298033959	-0.022466413175	0.00957134491021
k__Bacteria;p__Bacteroidetes;c__Bacteroidia;o__Bacteroidales;f__Porphyromonadaceae;g__Parabacteroides;s__Parabacteroides_johnsonii	0.056605463578	-0.00030094796006	-0.0213257340417	0.00695661216602	0.0302131005569	-0.0466855403686	-0.0324798301982	-0.0346867804903	-0.0488717937843	-0.0597285772267	0.00759211063827	0.0361485061838	-0.00403171639152	-0.0257881470559	-0.0160951831716	-0.0149218268336	-0.039137434485	-0.0138983438297	-0.007592591324	-0.00840221629694	-0.054791193616	0.0266027483733	-0.000545119833161	-0.007419424482	-0.0116989391907	0.0199999234966	0.0400371536786	0.0351328557743	1.0	-0.0351757245225	0.0148897949183	0.0242416137595	-0.0698718703373	-0.0456894564769	0.0193171355999	-0.00792887205681	-0.0373056380233	0.00602399903091	0.00994781819683	0.0384037809639	0.00182710544372	-0.0170626718608	-0.0410105754184	-0.0640044622171	0.00187775388081	-0.018404582743	0.037395970298	-0.0330759119823	-0.0198229144254	0.00168437709123	0.0219171118624	0.0705618043361	0.00773589892088	-0.0143327206714	-0.034920054549	-0.000605283670805	0.0280593308215	-0.017624171639	0.00896218404683
k__Bacteria;p__Actinobacteria;c__Actinobacteria;o__Bifidobacteriales;f__Bifidobacteriaceae;g__Bifidobacterium;s__Bifidobacterium_longum	-0.0824114586961	-0.0298707609413	0.0454733055924	0.0105568774536	0.0203394936029	0.0142124559503	0.0452509091298	-0.0417251426804	-0.00538015662113	-0.0935345481395	-0.0122411988972	0.064823430476	-0.0197554656672	-0.00806731887376	-0.0393600674029	0.0337264709509	-0.0181704939931	0.0337108270189	0.0195338954351	0.0120455192823	0.00349219660946	-0.0541370127017	0.0468536650658	-0.00912622600971	-0.0196654973144	-0.00624804503051	-0.0527510793536	0.000666544737869	-0.0351757245225	1.0	-0.0286201303431	0.0319129575812	-0.0251917600006	0.0320865066011	0.0355893811422	0.00223184133131	0.0494752742414	0.0235005915588	-0.054084102411	0.00802329821368	-0.0075674545204	-0.0243223621678	-0.0458234015302	-0.00438158292694	-0.0243875231665	0.0335835977472	-0.0368750711857	-0.0146253640727	-0.0467752769291	0.0131571663576	0.0316223283953	-0.0461624195672	-0.00656016890846	-0.00702004667618	-0.0288433819728	-0.0593317576758	0.00114383235158	0.0164927441094	-0.0605702067027
