#taxonomy	k__Bacteria;p__Bacteroidetes;c__Bacteroidia;o__Bacteroidales;f__Bacteroidaceae;g__Bacteroides;s__Bacteroides_vulgatus	k__Bacteria;p__Bacteroidetes;c__Bacteroidia;o__Bacteroidales;f__Bacteroidaceae;g__Bacteroides;s__Bacteroides_uniformis	k__Bacteria;p__Bacteroidetes;c__Bacteroidia;o__Bacteroidales;f__Rikenellaceae;g__Alistipes;s__Alistipes_putredinis	k__Bacteria;p__Bacteroidetes;c__Bacteroidia;o__Bacteroidales;f__Prevotellaceae;g__Prevotella;s__Prevotella_copri	k__Bacteria;p__Bacteroidetes;c__Bacteroidia;o__Bacteroidales;f__Bacteroidaceae;g__Bacteroides;s__Bacteroides_stercoris	k__Bacteria;p__Bacteroidetes;c__Bacteroidia;o__Bacteroidales;f__Bacteroidaceae;g__Bacteroides;s__Bacteroides_ovatus	k__Bacteria;p__Bacteroidetes;c__Bacteroidia;o__Bacteroidales;f__Rikenellaceae;g__Alistipes;s__Alistipes_shahii	k__Bacteria;p__Firmicutes;c__Clostridia;o__Clostridiales;f__Ruminococcaceae;g__Faecalibacterium;s__Faecalibacterium_prausnitzii	k__Bacteria;p__Bacteroidetes;c__Bacteroidia;o__Bacteroidales;f__Rikenellaceae;g__Alistipes;s__Alistipes_finegoldii	k__Bacteria;p__Bacteroidetes;c__Bacteroidia;o__Bacteroidales;f__Porphyromonadaceae;g__Parabacteroides;s__Parabacteroides_distasonis	k__Bacteria;p__Bacteroidetes;c__Bacteroidia;o__Bacteroidales;f__Bacteroidaceae;g__Bacteroides;s__Bacteroides_thetaiotaomicron	k__Bacteria;p__Bacteroidetes;c__Bacteroidia;o__Bacteroidales;f__Bacteroidaceae;g__Bacteroides;s__Bacteroides_coprocola	k__Bacteria;p__Bacteroidetes;c__Bacteroidia;o__Bacteroidales;f__Bacteroidaceae;g__Bacteroides;s__Bacteroides_cellulosilyticus	k__Bacteria;p__Bacteroidetes;c__Bacteroidia;o__Bacteroidales;f__Rikenellaceae;g__Alistipes;s__Alistipes_obesi	k__Bacteria;p__Firmicutes;c__Clostridia;o__Clostridiales;f__Lachnospiraceae;g__;s__[Eubacterium]_rectale	k__Bacteria;p__Bacteroidetes;c__Bacteroidia;o__Bacteroidales;f__Bacteroidaceae;g__Bacteroides;s__Bacteroides_plebeius	k__Bacteria;p__Bacteroidetes;c__Bacteroidia;o__Bacteroidales;f__Bacteroidaceae;g__Bacteroides;s__Bacteroides_fragilis	k__Bacteria;p__Proteobacteria;c__Betaproteobacteria;o__Burkholderiales;f__Sutterellaceae;g__Sutterella;s__Sutterella_wadsworthensis	k__Bacteria;p__Bacteroidetes;c__Bacteroidia;o__Bacteroidales;f__Porphyromonadaceae;g__Barnesiella;s__Barnesiella_intestinihominis	k__Bacteria;p__Bacteroidetes;c__Bacteroidia;o__Bacteroidales;f__Odoribacteraceae;g__Odoribacter;s__Odoribacter_splanchnicus	k__Bacteria;p__Bacteroidetes;c__Bacteroidia;o__Bacteroidales;f__Bacteroidaceae;g__Bacteroides;s__Bacteroides_salyersiae	k__Bacteria;p__Firmicutes;c__Clostridia;o__Clostridiales;f__Ruminococcaceae;g__Ruminiclostridium;s__[Eubacterium]_siraeum	k__Bacteria;p__Proteobacteria;c__Betaproteobacteria;o__Burkholderiales;f__Sutterellaceae;g__Parasutterella;s__Parasutterella_excrementihominis	k__Bacteria;p__Actinobacteria;c__Actinobacteria;o__Bifidobacteriales;f__Bifidobacteriaceae;g__Bifidobacterium;s__Bifidobacterium_adolescentis	k__Bacteria;p__Firmicutes;c__Clostridia;o__Clostridiales;f__Oscillospiraceae;g__Oscillibacter;s__Oscillibacter_sp._KLE_1745	k__Bacteria;p__Bacteroidetes;c__Bacteroidia;o__Bacteroidales;f__Bacteroidaceae;g__Bacteroides;s__Bacteroides_coprophilus	k__Bacteria;p__Firmicutes;c__Clostridia;o__Clostridiales;f__Lachnospiraceae;g__Roseburia;s__Roseburia_intestinalis	k__Bacteria;p__Firmicutes;c__Clostridia;o__Clostridiales;f__Lachnospiraceae;g__Roseburia;s__Roseburia_hominis	k__Bacteria;p__Bacteroidetes;c__Bacteroidia;o__Bacteroidales;f__Porphyromonadaceae;g__Parabacteroides;s__Parabacteroides_johnsonii	k__Bacteria;p__Actinobacteria;c__Actinobacteria;o__Bifidobacteriales;f__Bifidobacteriaceae;g__Bifidobacterium;s__Bifidobacterium_longum	k__Bacteria;p__Firmicutes;c__Clostridia;o__Clostridiales;f__;g__Flavonifractor;s__Flavonifractor_plautii	k__Bacteria;p__Firmicutes;c__Clostridia;o__Clostridiales;f__Clostridiaceae;g__Clostridium;s__Clostridium_phoceensis	k__Bacteria;p__Verrucomicrobia;c__Verrucomicrobiae;o__Verrucomicrobiales;f__Akkermansiaceae;g__Akkermansia;s__Akkermansia_muciniphila	k__Bacteria;p__Bacteroidetes;c__Bacteroidia;o__Bacteroidales;f__Prevotellaceae;g__Paraprevotella;s__Paraprevotella_xylaniphila	k__Bacteria;p__Firmicutes;c__Clostridia;o__Clostridiales;f__Ruminococcaceae;g__Ruminococcus;s__Ruminococcus_callidus	k__Bacteria;p__Bacteroidetes;c__Bacteroidia;o__Bacteroidales;f__Rikenellaceae;g__Alistipes;s__Alistipes_senegalensis	k__Bacteria;p__Firmicutes;c__Clostridia;o__Clostridiales;f__Lachnospiraceae;g__Blautia;s__Blautia_sp._KLE_1732	k__Bacteria;p__Bacteroidetes;c__Bacteroidia;o__Bacteroidales;f__Bacteroidaceae;g__Bacteroides;s__Bacteroides_oleiciplenus	k__Bacteria;p__Firmicutes;c__Clostridia;o__Clostridiales;f__Ruminococcaceae;g__Ruminococcus;s__Ruminococcus_bicirculans	k__Bacteria;p__Bacteroidetes;c__Bacteroidia;o__Bacteroidales;f__Bacteroidaceae;g__Bacteroides;s__Bacteroides_fluxus	k__Bacteria;p__Bacteroidetes;c__Bacteroidia;o__Bacteroidales;f__Prevotellaceae;g__Prevotella;s__Prevotella_stercorea	k__Bacteria;p__Firmicutes;c__Clostridia;o__Clostridiales;f__Lachnospiraceae;g__Dorea;s__Dorea_longicatena	k__Bacteria;p__Firmicutes;c__Clostridia;o__Clostridiales;f__Eubacteriaceae;g__Eubacterium;s__[Eubacterium]_eligens	k__Bacteria;p__Firmicutes;c__Clostridia;o__Clostridiales;f__Ruminococcaceae;g__;s__Ruminococcaceae_bacterium_D16	k__Bacteria;p__Firmicutes;c__Clostridia;o__Clostridiales;f__Lachnospiraceae;g__Coprococcus;s__Coprococcus_comes	k__Bacteria;p__Proteobacteria;c__Gammaproteobacteria;o__Enterobacterales;f__Enterobacteriaceae;g__Escherichia;s__Escherichia_coli	k__Bacteria;p__Firmicutes;c__Clostridia;o__Clostridiales;f__Ruminococcaceae;g__Anaerotruncus;s__Anaerotruncus_colihominis	k__Bacteria;p__Firmicutes;c__Clostridia;o__Clostridiales;f__Lachnospiraceae;g__Blautia;s__Blautia_obeum	k__Bacteria;p__Bacteroidetes;c__Bacteroidia;o__Bacteroidales;f__Odoribacteraceae;g__Odoribacter;s__Odoribacter_laneus	k__Bacteria;p__Firmicutes;c__Clostridia;o__Clostridiales;f__Ruminococcaceae;g__Ruminiclostridium;s__[Clostridium]_leptum	k__Bacteria;p__Bacteroidetes;c__Bacteroidia;o__Bacteroidales;f__Porphyromonadaceae;g__Parabacteroides;s__Parabacteroides_goldsteinii	k__Bacteria;p__Firmicutes;c__Clostridia;o__Clostridiales;f__Lachnospiraceae;g__Anaerostipes;s__Anaerostipes_hadrus	k__Bacteria;p__Firmicutes;c__Clostridia;o__Clostridiales;f__Ruminococcaceae;g__Ruminococcus;s__Ruminococcus_lactaris	k__Bacteria;p__Firmicutes;c__Clostridia;o__Clostridiales;f__Clostridiaceae;g__Clostridium;s__Clostridium_sp._L2-50	k__Bacteria;p__Firmicutes;c__Clostridia;o__Clostridiales;f__Clostridiaceae;g__Clostridium;s__Clostridium_sp._M62/1	k__Bacteria;p__Firmicutes;c__Clostridia;o__Clostridiales;f__;g__Intestinimonas;s__Intestinimonas_butyriciproducens	k__Bacteria;p__Actinobacteria;c__Actinobacteria;o__Bifidobacteriales;f__Bifidobacteriaceae;g__Bifidobacterium;s__Bifidobacterium_bifidum	k__Bacteria;p__Firmicutes;c__Negativicutes;o__Veillonellales;f__Veillonellaceae;g__Dialister;s__Dialister_invisus	k__Bacteria;p__Bacteroidetes;c__Bacteroidia;o__Bacteroidales;f__Bacteroidaceae;g__Bacteroides;s__Bacteroides_salanitronis
k__Bacteria;p__Bacteroidetes;c__Bacteroidia;o__Bacteroidales;f__Bacteroidaceae;g__Bacteroides;s__Bacteroides_vulgatus	1.0	-0.040489839474	-0.0479641825261	-0.074365418794	-0.0183394938183	-0.00199811260052	0.026321160265	-0.00579669708215	0.0720921999216	-0.0686237102004	-0.023578221107	0.0820781120138	0.0507436061004	-0.00642337030728	-0.0139258644233	-0.0398181850481	0.0355986026784	-0.0186622128383	-0.0111456640157	0.00851258580515	-0.0225187327663	-0.0195629244639	-0.0337150873906	0.0164384225764	0.00924956992156	0.0472997962906	-0.0124460687173	-0.0152691292885	-0.0465553638696	0.0198852686358	0.0760087099032	-0.005634849872	0.0102908469334	-0.00872024817859	-0.0259203044244	0.00251755557753	0.0649030867837	-0.0294444171409	0.0780535250973	0.0229431889172	-0.0199772686846	0.0105061540282	-0.0235397652734	-0.00310573266057	0.0658175679746	-0.0438986091835	-0.0188600153762	0.00228381142059	-0.00146612728102	-0.0266162172937	0.00164884908014	0.0153239668882	-0.0385540293941	-0.0450027875992	-0.0175195475305	-0.00928349544166	-0.0131004782289	-0.00194300839884	0.0143321221828
k__Bacteria;p__Bacteroidetes;c__Bacteroidia;o__Bacteroidales;f__Bacteroidaceae;g__Bacteroides;s__Bacteroides_uniformis	-0.040489839474	1.0	0.0166160922572	0.02176144844	-0.0446583269004	-0.00445587782032	-0.0634837690973	0.00749837309271	0.0435232084428	0.00924156419186	-0.0198997310755	-0.00860303105698	-0.0075317066916	-0.00770587032103	-0.0637933159607	-0.0114183168828	-0.018011429363	0.00128250829217	0.0389701105915	0.0210465522119	0.00960240652792	0.00981083771839	-0.0119985193164	0.0200963741199	-0.0350911903681	-0.0259614391935	-0.014965915242	0.00721806475203	-0.0318489435467	-0.0510263782106	-0.0393267287998	0.00739083673523	0.0244670422152	0.0103624828947	-0.0108116307791	0.0244235928764	-0.0390244765232	0.0110982506172	-0.00271577201194	0.000290118605918	-0.0494259479064	-0.0418004498325	0.00419921635117	-0.0196367690723	-0.0382284668651	0.0324776585621	0.0603074040054	-0.0142007714074	0.0222111819979	-0.00524418180305	-0.0251264446525	-0.00226693778358	-0.025560161759	-0.00923202512464	0.0214938997854	0.0227461548836	-0.00589853950772	-0.0173802592707	-0.00897347967448
k__Bacteria;p__Bacteroidetes;c__Bacteroidia;o__Bacteroidales;f__Rikenellaceae;g__Alistipes;s__Alistipes_putredinis	-0.0479641825261	0.0166160922572	1.0	0.0132422166755	0.0323708698311	-0.00347185842784	-0.00601470068729	0.0065727380353	0.0143855522324	0.0144674539777	-0.0349314775637	0.0100238825214	0.0202227726713	-0.0309508218576	0.0201046556046	-0.0336359248859	0.0099310501847	-0.00732660181974	0.00212164915226	-0.00562646149959	-0.0358709783304	-0.049532214408	-0.015722887493	0.00609401095552	-0.0552914097556	0.0100380594482	-0.0467527296396	0.0270311445691	-0.0325936315423	0.0296762379873	0.0187914002029	-0.0420519860367	0.0145427117063	-0.0108578260855	-0.0014925392543	-0.0328015881706	-0.0196401233824	-0.0217937580074	-0.0164054757233	0.020342467021	0.0544752110182	-0.00897765265452	0.0421777833231	-0.0256443308597	-0.0148330514509	0.023203239165	-0.00868667649132	-0.0262824572411	-0.019018326805	-0.00950392918299	-0.0355931961529	0.00968439955604	0.0248539269502	-0.0275239164094	-0.00216421867991	0.0386810492585	-0.0199954159702	0.0161005804513	-0.0405547452819
k__Bacteria;p__Bacteroidetes;c__Bacteroidia;o__Bacteroidales;f__Prevotellaceae;g__Prevotella;s__Prevotella_copri	-0.074365418794	0.02176144844	0.0132422166755	1.0	0.0130333492558	-0.020344944173	-0.0405785451151	-0.00754415821871	0.0083818009247	0.0819709428054	0.0102669462239	-0.000698534329644	0.00734742679303	0.0324612631094	-0.022295615104	-0.0294294018367	-0.00911829736363	-0.0139607369728	0.0114260962051	-0.0257120718154	0.00340847926214	0.0129089431896	-0.0182897563882	0.012488511217	0.0413991281063	0.0336698740589	-0.00513411583717	0.00953286169221	0.0609843740801	-0.0274752539949	-0.0520763451747	-0.00510873511056	0.00860988445758	0.0131658029411	-0.00914018957755	-0.0390946325858	-0.0764105450691	-0.00894044871865	-0.0055017326086	-0.0897529619124	-0.0157776491501	-0.031756085872	-0.0021888605991	-0.0282273911395	0.0205131555424	-0.0266823094087	-0.0442832836404	-0.0171092535782	0.0480667253687	0.0434083449748	-0.0586233454211	-0.0511177285064	-0.0377968425262	-0.0243799851796	0.0409641721485	0.0199413983591	-0.0211657774949	-0.0585554812682	0.0257299572724
k__Bacteria;p__Bacteroidetes;c__Bacteroidia;o__Bacteroidales;f__Bacteroidaceae;g__Bacteroides;s__Bacteroides_stercoris	-0.0183394938183	-0.0446583269004	0.0323708698311	0.0130333492558	1.0	-0.0112404543919	0.0570249798765	-0.00729887130949	0.00964281293396	0.0186946501118	0.00839369146329	-0.0248703826782	-0.010692942892	0.0207574612623	0.000795538050571	-0.0487392550762	0.00865371282578	-0.00635916906207	-0.00901186238592	-0.0328989707493	-0.0158026539128	-0.0212231151939	-0.0358366010568	0.00433090818819	0.00542836491793	0.000491063162668	-0.0698684707917	0.00516966551522	-0.032223450224	-0.0283750954772	-0.00406744556021	0.0120550434441	-0.00235783483255	-0.0411091080551	-0.03111417673	-0.000838399543297	0.0230215993837	0.0184178967038	-0.00231259189899	-0.0248428296196	-0.00116712123184	-0.0393523745299	-0.0196100234983	0.0129057325619	-0.0232464111007	-0.0147821770124	-0.0756364854139	0.0249862362054	0.0129658874501	0.0731153944273	-0.014806167017	-0.0461418571601	-0.0355162172414	0.0119552010713	0.00308627832456	-0.0316440371725	-0.0668516414962	-0.0226555295045	0.0475794014824
k__Bacteria;p__Bacteroidetes;c__Bacteroidia;o__Bacteroidales;f__Bacteroidaceae;g__Bacteroides;s__Bacteroides_ovatus	-0.00199811260052	-0.00445587782032	-0.00347185842784	-0.020344944173	-0.0112404543919	1.0	-0.0281837264623	-0.0669589710492	0.0144274958485	-0.0526871405338	-0.0488602681827	-0.0332010263927	0.00653060580613	-0.046347844154	0.01386166361	0.0533213746208	-0.0580938904545	0.00183759811022	-0.00199813870956	0.0183269045747	0.0258478282734	-0.0516972892754	0.0309687643539	-0.0373268674161	0.0563030756059	0.0384313327223	0.0482735036479	0.0348350212085	0.0437517039132	-0.0105321692146	0.0227255229201	-0.0179419120641	-0.0591837010036	0.0230533340402	0.0274004015469	-0.0325344592476	-0.0436071206324	-0.0380472961903	-0.0357731952143	-0.0156881889124	0.0101216167834	-0.00152335322553	0.0115443156146	0.0295238186381	0.0134556049192	0.0139913849206	-0.0566953783616	0.0285834868045	0.0183766526447	0.0696533474189	-0.0560786581717	-0.0422334049273	0.0303283869903	0.0387523358186	-0.00446240173213	-0.0740694420235	-0.00842023706684	0.0132769512296	0.0041141474664
k__Bacteria;p__Bacteroidetes;c__Bacteroidia;o__Bacteroidales;f__Rikenellaceae;g__Alistipes;s__Alistipes_shahii	0.026321160265	-0.0634837690973	-0.00601470068729	-0.0405785451151	0.0570249798765	-0.0281837264623	1.0	0.00522678370573	0.00524061950191	-0.0468787786577	-0.0218605566639	-0.0732204733769	-0.0443053027414	-0.0227600037148	-0.0110019614492	-0.0113816094799	0.0204512221128	0.0385383769537	-0.0252167776462	0.0175945700033	0.0500227092998	0.0344103884038	-0.00934055629505	0.0176804681238	0.0378930719101	0.00113564150971	0.0300457724777	-0.0452083721665	-0.0747216306459	-0.0101460725624	-0.032786646549	0.0142137703854	0.0280835535953	-0.00921176097496	0.0368724194675	-0.0510420536683	0.0479165742907	0.00431493678098	-0.027783789823	-0.0359572959813	-0.0103310990115	-0.0556257393101	-0.0316961077502	-0.0570694942337	0.0446688551055	0.0321429591327	0.0129257054291	0.0462354056375	-0.0293437921354	0.0100900677296	0.0239612635705	-0.073532534179	-0.0910894700347	-0.00974954637363	0.0153178293219	0.0150482928374	0.0454965387669	0.0151942840524	-0.0139129934773
k__Bacteria;p__Firmicutes;c__Clostridia;o__Clostridiales;f__Ruminococcaceae;g__Faecalibacterium;s__Faecalibacterium_prausnitzii	-0.00579669708215	0.00749837309271	0.0065727380353	-0.00754415821871	-0.00729887130949	-0.0669589710492	0.00522678370573	1.0	-0.0109290383168	0.019944972206	0.0437420040361	0.0300057477128	-0.0152708329818	0.0299105501779	-0.0174116724755	0.0130043782993	-0.0195016260652	-0.00741255015446	-0.0079311821014	-0.00618183167638	-0.0471573980799	0.00908723307312	0.00668653388722	0.0192585173308	-0.0156515627772	0.0295250844682	0.0329248579177	-0.0149637668101	-0.0292325069279	-0.0477595283753	-0.0607664605915	0.0491198778954	-0.03627212019	-0.00277383645095	-0.0201580551368	0.0361658348166	0.0354900374277	-0.00429750528888	-0.0666396295376	-0.0314400664529	-0.0337120370754	-0.0201961151793	-0.0400315705509	0.00393739000968	-0.0701275164332	-0.00488964660663	-0.0285605351392	-0.00947604790109	0.00925740506282	-0.0587877894914	-0.00531174213903	0.0386527296327	-0.00260983998941	0.0226085625646	-0.0388883822505	0.0476270047272	-0.0342507914204	0.00699557128845	0.00294352114224
k__Bacteria;p__Bacteroidetes;c__Bacteroidia;o__Bacteroidales;f__Rikenellaceae;g__Alistipes;s__Alistipes_finegoldii	0.0720921999216	0.0435232084428	0.0143855522324	0.0083818009247	0.00964281293396	0.0144274958485	0.00524061950191	-0.0109290383168	1.0	-0.0199989167414	-0.0558070284402	-0.079382451359	0.0022025743957	0.00602674983053	-0.0185937815239	-0.042320104552	0.0548811692204	-0.0499634946746	-0.0126818209463	0.0157509075983	0.0359191788372	0.0113324533525	0.0299704805844	-0.0354577880381	-0.03350534978	-0.0382888880235	0.0354954210743	-0.0299792761183	0.00394625635282	-0.0213715163329	0.0311491419348	0.0318732568088	0.0270649432789	0.00646727920461	-0.0449631505283	-0.0351545924394	-0.0580265189986	-0.014160934098	0.0154445706462	-0.044739470845	-0.0227175571865	0.0498542171415	-0.035408575296	-0.013160707632	-0.0480384831281	-0.0244410767491	0.0186402579904	-0.0442979358532	0.0539814848117	-0.00503824414615	0.00757707031853	-0.0410283610658	-0.00100813199861	-0.0787282260177	0.00788518624733	-0.035399511288	0.0198057664295	-0.0474796375245	0.0163136263622
k__Bacteria;p__Bacteroidetes;c__Bacteroidia;o__Bacteroidales;f__Porphyromonadaceae;g__Parabacteroides;s__Parabacteroides_distasonis	-0.0686237102004	0.00924156419186	0.0144674539777	0.0819709428054	0.0186946501118	-0.0526871405338	-0.0468787786577	0.019944972206	-0.0199989167414	1.0	0.0141829322955	-0.0168817744642	-0.012219973436	-0.0266919724491	0.00348723514358	-0.0204007938777	-0.0687993085009	-0.0376373962188	0.00894106343026	0.00319699793332	-0.0302061512421	0.0205756022327	-0.0265008923546	0.0101849368188	0.00929036734694	-0.0115527091964	0.0312676690075	0.0184483667898	0.0168044060311	-0.0188115455321	0.0392769449727	0.00389106980326	0.00978970934391	-0.0375602759718	-0.0131302647916	0.0379911025146	0.00568482985113	-0.0357705193261	-0.0462242049824	0.0154539474537	0.0638440668802	-0.048312431185	-0.0141162496237	-0.0441834410972	0.037287093881	0.00696874413364	0.017219656044	-0.00241386765612	-0.0539328683815	-0.0784999439056	0.00371166964462	0.0428235931685	0.0405709072312	-0.014687984451	-0.0958540667879	0.0270069761681	-0.00963086490169	-0.000951855554193	-0.0436388998875
k__Bacteria;p__Bacteroidetes;c__Bacteroidia;o__Bacteroidales;f__Bacteroidaceae;g__Bacteroides;s__Bacteroides_thetaiotaomicron	-0.023578221107	-0.0198997310755	-0.0349314775637	0.0102669462239	0.00839369146329	-0.0488602681827	-0.0218605566639	0.0437420040361	-0.0558070284402	0.0141829322955	1.0	-0.0509899180331	-0.0330083251041	-0.0366367018589	-0.0372772506804	0.00499792426217	0.00818449727119	-0.0144207365541	-0.0692729776731	-0.0345409119968	-0.0190126436275	-0.0417934162846	-0.021822596042	0.0518514397319	-0.0410698367788	0.00461408857743	0.0508747931651	0.00266693503912	0.0161687775705	0.00807053571549	0.00202157913158	-0.0287273712155	0.04723585539	0.0299683922305	0.0339726110434	-0.00179438890729	0.0160239467361	-0.0492760047661	-0.0328146122391	-0.00791624665477	-0.0261827535323	0.00616805885942	-0.0322559538075	-0.0277265417652	-0.0274327156982	0.00400233377709	0.00456939515603	0.00912889537964	-0.00578848526019	-0.018979488319	-0.00206292754182	0.011560258683	0.0381409927591	0.0290760890533	-0.0291901467862	-0.0183676591226	0.0396216968366	-0.0396004060713	0.0354508059392
k__Bacteria;p__Bacteroidetes;c__Bacteroidia;o__Bacteroidales;f__Bacteroidaceae;g__Bacteroides;s__Bacteroides_coprocola	0.0820781120138	-0.00860303105698	0.0100238825214	-0.000698534329644	-0.0248703826782	-0.0332010263927	-0.0732204733769	0.0300057477128	-0.079382451359	-0.0168817744642	-0.0509899180331	1.0	-0.0133183417667	-0.00286345958752	-0.00381501746551	-0.0222691495386	0.0555080246439	-0.0068282555552	-0.0154310623629	0.0166742307441	0.0542992918838	-0.0921255508078	0.0240037807585	0.00798541143047	-0.00799340259927	0.0154325458091	0.00312175927673	-0.0597334817318	0.017964284727	0.0142439677638	-0.0456955107313	-0.0266131088634	-0.00707455633068	-0.00762454096905	0.0482391109708	0.00614819577807	0.00529304164042	0.0313232594319	-0.00262729444735	-0.00343539263574	-0.00243743021614	0.000769040497202	-0.0139863401747	-0.0446933665323	-0.0368759381518	-0.0167393921184	-0.0379016145627	-0.00727558452771	-0.0416123975745	0.00100240587708	-0.0132013997115	0.0286693172328	0.00224801605862	0.00155743290537	0.0410030635916	0.0820639214641	-0.00487069762269	0.044947414064	-0.0138119121326
k__Bacteria;p__Bacteroidetes;c__Bacteroidia;o__Bacteroidales;f__Bacteroidaceae;g__Bacteroides;s__Bacteroides_cellulosilyticus	0.0507436061004	-0.0075317066916	0.0202227726713	0.00734742679303	-0.010692942892	0.00653060580613	-0.0443053027414	-0.0152708329818	0.0022025743957	-0.012219973436	-0.0330083251041	-0.0133183417667	1.0	0.00265680346481	0.0162434238301	0.00980427069916	0.0315802573301	0.00941393079438	-0.00796567151839	0.0468775377095	0.00171340509653	-0.0402082162495	0.0364683652751	0.0124744282011	-0.0633825345282	-0.0243982163384	-0.0412183381421	-0.0285310157568	-0.00343358754966	-0.00300020396425	0.0460246195911	-0.0127000677523	-0.0423074510237	-0.0610135404198	0.0567712603145	0.0247400293303	0.0262783677989	-0.00543092557929	-0.07930808336	-0.0345787828506	0.00421257195844	0.0366903200458	-0.0426033746143	-0.0536673847208	0.0137132498714	-0.0296472217133	-0.0117990904177	-0.0524603424828	-0.0561161377787	0.027016798793	0.027418463627	0.0233994848527	-0.0206298719579	0.00463286018399	-0.0671782626659	0.0256152784798	-0.0143052797278	-0.0432737382249	-0.0239728506927
k__Bacteria;p__Bacteroidetes;c__Bacteroidia;o__Bacteroidales;f__Rikenellaceae;g__Alistipes;s__Alistipes_obesi	-0.00642337030728	-0.00770587032103	-0.0309508218576	0.0324612631094	0.0207574612623	-0.046347844154	-0.0227600037148	0.0299105501779	0.00602674983053	-0.0266919724491	-0.0366367018589	-0.00286345958752	0.00265680346481	1.0	-0.0340790176063	-0.0308952293604	-0.0129429359185	-0.0242062154281	0.0115047175316	-0.00772597941802	-0.00825279859387	0.0226246665933	-0.0144641764046	0.0554313276936	0.0601599678119	-0.0549086306803	-0.0634144381441	-0.0846249176049	0.0279215557963	0.011120713666	0.0342128966693	0.0282448704181	0.006351646136	-0.0264747509601	-0.00675188702397	0.0158586344481	0.00856271961981	0.0269396184078	0.0115213912411	-0.0532651461136	0.00591744535384	-0.0539444244384	-0.0424290781432	0.0267587496248	0.0232589379771	-0.0449452916279	0.00609764801481	0.0568198776994	-0.0279744939898	0.00460756043771	-0.0197819694818	0.0215336536454	-0.0318560160058	0.00636773253122	0.0274911813936	-0.0111249603341	0.0158807454347	-0.0592563413615	-0.0354801377592
k__Bacteria;p__Firmicutes;c__Clostridia;o__Clostridiales;f__Lachnospiraceae;g__;s__[Eubacterium]_rectale	-0.0139258644233	-0.0637933159607	0.0201046556046	-0.022295615104	0.000795538050571	0.01386166361	-0.0110019614492	-0.0174116724755	-0.0185937815239	0.00348723514358	-0.0372772506804	-0.00381501746551	0.0162434238301	-0.0340790176063	1.0	0.0174682164102	-0.0590969033957	-0.0117429225469	-0.0248355065473	0.070925407484	0.0204577444029	0.0387480274627	0.0183421733886	-0.0346160630979	-0.0811140453758	0.0130422876863	0.0252087869956	0.0378634540981	-0.0247623225058	0.0187899004272	0.00777671196622	-0.0362309144783	-0.0350695115285	0.0347408731405	0.0229658923384	0.0184673345685	-0.00218650644774	-0.000994231387	0.0277902373192	-0.0315524548266	-0.0270739278893	-0.00434142944932	0.0413223338887	0.0412946841194	-0.0450752694501	0.0628270328049	-0.0146178387394	-0.0277681381668	0.0100356174193	0.0541439535109	-0.0385745290736	-0.00309240117624	-0.031187488383	-0.0298207683876	0.0177451082694	-0.0140770334632	-0.0146688699009	-0.0259502463036	0.0401513634795
k__Bacteria;p__Bacteroidetes;c__Bacteroidia;o__Bacteroidales;f__Bacteroidaceae;g__Bacteroides;s__Bacteroides_plebeius	-0.0398181850481	-0.0114183168828	-0.0336359248859	-0.0294294018367	-0.0487392550762	0.0533213746208	-0.0113816094799	0.0130043782993	-0.042320104552	-0.0204007938777	0.00499792426217	-0.0222691495386	0.00980427069916	-0.0308952293604	0.0174682164102	1.0	-0.0408075561182	0.0225795986858	0.0114981478652	-0.0123116844202	-0.00489915549442	0.0125279069081	0.0295583108567	-0.0693535449717	-0.0228186291485	0.079427535734	0.00429475245802	0.0017969050659	0.00650226436907	0.0154880845889	-0.0420230660718	-0.0104844630715	-0.0235486115263	-0.0142605456475	-0.00571221308396	-0.0103615581183	-4.14429462956e-05	-0.0890355191973	-0.0399903608946	0.00212266529745	-0.0186257602031	0.0210951061822	-0.0332690706827	0.0483682276356	0.0282648607093	-0.033741290025	0.0361824596792	0.0130233863703	-0.0275170000877	0.0315710597206	-0.0892858674221	0.0198019608666	0.0359904443758	0.0558202293726	0.00968205415972	-0.0114011264164	0.0005494498087	-0.0611126561435	0.00089610911399
k__Bacteria;p__Bacteroidetes;c__Bacteroidia;o__Bacteroidales;f__Bacteroidaceae;g__Bacteroides;s__Bacteroides_fragilis	0.0355986026784	-0.018011429363	0.0099310501847	-0.00911829736363	0.00865371282578	-0.0580938904545	0.0204512221128	-0.0195016260652	0.0548811692204	-0.0687993085009	0.00818449727119	0.0555080246439	0.0315802573301	-0.0129429359185	-0.0590969033957	-0.0408075561182	1.0	-0.000747004562995	-0.0332826672245	-0.00850271856748	-0.0122391693966	0.0011197456772	0.0136380766646	-0.0425864716669	-0.0336326941129	-0.0564377360366	-0.00840525202811	0.0341217257323	-0.0295185843922	-0.00394047295658	0.0184730585824	0.012846264808	-0.0162278909801	0.0055018675619	0.0201721812588	0.00204593601117	-0.106650806932	0.00058886148918	0.0245866929719	-0.0351998380738	-0.0483161475905	0.0349071549067	-0.0239902890868	-0.00250290706033	0.0176332637056	0.00259021489857	0.00142347637953	-0.0216268404072	-0.00281437569984	0.00828197034316	0.0464264427317	0.00201052836106	-0.0323266692935	-0.0332585852603	-0.0435613818693	-0.0195223772215	0.00385453558603	-0.020509454092	0.0445026914561
k__Bacteria;p__Proteobacteria;c__Betaproteobacteria;o__Burkholderiales;f__Sutterellaceae;g__Sutterella;s__Sutterella_wadsworthensis	-0.0186622128383	0.00128250829217	-0.00732660181974	-0.0139607369728	-0.00635916906207	0.00183759811022	0.0385383769537	-0.00741255015446	-0.0499634946746	-0.0376373962188	-0.0144207365541	-0.0068282555552	0.00941393079438	-0.0242062154281	-0.0117429225469	0.0225795986858	-0.000747004562995	1.0	0.0548457408942	0.0165581983701	0.00438538462656	0.00260467377591	0.00314160613723	-0.0151613176587	0.0222551828498	-0.00933259102989	0.023441873926	-0.0392817471767	-0.102363505663	0.00757451790101	-0.0260939222631	-0.00844478160553	-0.0249919234179	-0.00937614962936	-0.0310454403216	0.00281515763172	0.00431331035596	-0.0569012265563	-0.0747808032529	0.0312499939408	0.00748245213704	0.011026260916	0.00493545223925	-0.0111130659672	-0.0316229161756	-0.0348257882967	-0.0314786291039	0.106213511803	-0.0153313683479	0.0456843796456	-0.00259280875865	-0.0354271469752	-0.00247470657568	0.00475431844385	-0.0295393794023	0.0348419319872	0.0258949135309	-0.0291909526509	-0.000821081253051
k__Bacteria;p__Bacteroidetes;c__Bacteroidia;o__Bacteroidales;f__Porphyromonadaceae;g__Barnesiella;s__Barnesiella_intestinihominis	-0.0111456640157	0.0389701105915	0.00212164915226	0.0114260962051	-0.00901186238592	-0.00199813870956	-0.0252167776462	-0.0079311821014	-0.0126818209463	0.00894106343026	-0.0692729776731	-0.0154310623629	-0.00796567151839	0.0115047175316	-0.0248355065473	0.0114981478652	-0.0332826672245	0.0548457408942	1.0	-0.0416740813623	-0.0324806256366	0.000944553577423	0.032880503758	-0.0472415273	0.0442584419898	0.0237233808039	-0.0341190856821	-0.0154752945158	-0.0135572974406	-0.0518331447882	-0.0219452892474	-0.0173833457276	0.0231816514423	0.00741363226138	-0.000696699541629	0.0792036621623	0.0152854795557	-0.0580734805296	-0.0543990645304	0.0436711432164	0.0315925812137	0.0264752028753	-0.0243051945952	0.0171293751311	0.00765023806841	-0.0316641508229	-0.0639066116199	0.0154037670652	-0.0428813154541	0.0184074421768	0.0162501981704	0.0156283999145	0.0126867609663	0.00679029056873	0.0449617379027	-0.0377518278173	-0.0234001666469	-0.0298282840065	-0.0370561969501
k__Bacteria;p__Bacteroidetes;c__Bacteroidia;o__Bacteroidales;f__Odoribacteraceae;g__Odoribacter;s__Odoribacter_splanchnicus	0.00851258580515	0.0210465522119	-0.00562646149959	-0.0257120718154	-0.0328989707493	0.0183269045747	0.0175945700033	-0.00618183167638	0.0157509075983	0.00319699793332	-0.0345409119968	0.0166742307441	0.0468775377095	-0.00772597941802	0.070925407484	-0.0123116844202	-0.00850271856748	0.0165581983701	-0.0416740813623	1.0	-0.0309589433505	-0.0462007837189	0.00307787739645	-0.0175472143526	-0.0373590387008	-0.0408499656316	0.0135640957256	0.0357573118335	0.0224027678671	-0.0392001113995	0.00744348461088	0.0306336207154	0.00099321092241	0.0519767630777	0.0741377520388	0.0144851573252	-0.00596222650544	0.042771999595	-0.0169361005097	0.0187704661208	0.0206751595417	-0.00488698489235	0.00453420757714	0.0482923123375	-0.00856950091452	-0.0226965962733	0.0331842652763	-0.00662580148217	-0.00823860926199	-0.0674745699279	0.0175319314306	-0.0561914906551	-0.0452009759944	-0.0399867605875	0.00542579650048	-0.0163866275068	0.040546434984	-0.00569236673532	-0.0262230595989
k__Bacteria;p__Bacteroidetes;c__Bacteroidia;o__Bacteroidales;f__Bacteroidaceae;g__Bacteroides;s__Bacteroides_salyersiae	-0.0225187327663	0.00960240652792	-0.0358709783304	0.00340847926214	-0.0158026539128	0.0258478282734	0.0500227092998	-0.0471573980799	0.0359191788372	-0.0302061512421	-0.0190126436275	0.0542992918838	0.00171340509653	-0.00825279859387	0.0204577444029	-0.00489915549442	-0.0122391693966	0.00438538462656	-0.0324806256366	-0.0309589433505	1.0	-0.0201738624247	-0.0434502752767	0.0210533393316	-0.0249882957418	-0.0558183971273	-0.00926009937689	-0.0445945084268	0.00480451327281	0.0286121917696	-0.00983081747125	-0.0263277553607	-0.0174227795134	-0.0633923153027	-0.0271870234738	0.0592623873566	0.0319785828538	-0.0283056344975	0.0287755439886	-0.0101595097079	-0.0205977689023	-0.0259449655289	0.0472814507523	-0.0112996691668	-0.0886281726784	0.00723217874569	0.0271367785168	0.0473839676287	0.0453667719561	-0.0673378760086	-0.0126924909044	-0.0597256171421	0.0164215956574	-0.0363942613234	-0.0161638628718	0.0477086657648	0.00221973131835	-0.0469970750187	-0.0539623817671
k__Bacteria;p__Firmicutes;c__Clostridia;o__Clostridiales;f__Ruminococcaceae;g__Ruminiclostridium;s__[Eubacterium]_siraeum	-0.0195629244639	0.00981083771839	-0.049532214408	0.0129089431896	-0.0212231151939	-0.0516972892754	0.0344103884038	0.00908723307312	0.0113324533525	0.0205756022327	-0.0417934162846	-0.0921255508078	-0.0402082162495	0.0226246665933	0.0387480274627	0.0125279069081	0.0011197456772	0.00260467377591	0.000944553577423	-0.0462007837189	-0.0201738624247	1.0	0.0113696952729	-0.0604382657251	-0.0244018396133	-0.0185633663419	-0.0248454453638	-0.0282412638547	-0.0544476946532	-0.00854414726579	0.0126852102541	-0.00681770694292	-0.0168028018679	0.0176208309923	-0.0141094772589	-0.00426812030101	-0.0286494485644	0.0248694540336	0.013951896978	-0.0134698749857	0.0176819522918	-0.00656122912138	-0.0262996954363	-0.0240557773607	-0.00912747337801	-0.0313847928493	0.0298681507499	-0.0715773958642	0.0246261803156	-0.0257735810755	0.0606460548097	-0.0421284971322	0.0217508493252	0.0196344811428	0.0183625399688	0.0329865787106	0.00489773932851	0.00700044169093	-0.0193554192631
k__Bacteria;p__Proteobacteria;c__Betaproteobacteria;o__Burkholderiales;f__Sutterellaceae;g__Parasutterella;s__Parasutterella_excrementihominis	-0.0337150873906	-0.0119985193164	-0.015722887493	-0.0182897563882	-0.0358366010568	0.0309687643539	-0.00934055629505	0.00668653388722	0.0299704805844	-0.0265008923546	-0.021822596042	0.0240037807585	0.0364683652751	-0.0144641764046	0.0183421733886	0.0295583108567	0.0136380766646	0.00314160613723	0.032880503758	0.00307787739645	-0.0434502752767	0.0113696952729	1.0	-0.0237728343732	0.00837037517733	-0.0323079135794	-0.0516893714952	0.000782055241043	-0.045908897017	-0.0440656003804	-0.020342285829	0.0378283295015	0.00162788581256	-0.0267319888297	-0.0101856198868	-0.0322902040071	0.00326410368658	-0.0180394419203	0.013414322937	0.0283000247147	-0.00418068228347	-0.0067440853835	0.0101304858976	0.0422475854558	-0.0296676834457	-0.0112877494717	-0.0191117468161	-0.0432940200328	-0.0017345018621	-0.0238556329984	0.00270423313842	0.00603991568364	0.00193260999905	0.00571318084889	0.0184788358866	0.0477120518859	0.0273019816246	0.0104025327194	0.0384741503988
k__Bacteria;p__Actinobacteria;c__Actinobacteria;o__Bifidobacteriales;f__Bifidobacteriaceae;g__Bifidobacterium;s__Bifidobacterium_adolescentis	0.0164384225764	0.0200963741199	0.00609401095552	0.012488511217	0.00433090818819	-0.0373268674161	0.0176804681238	0.0192585173308	-0.0354577880381	0.0101849368188	0.0518514397319	0.00798541143047	0.0124744282011	0.0554313276936	-0.0346160630979	-0.0693535449717	-0.0425864716669	-0.0151613176587	-0.0472415273	-0.0175472143526	0.0210533393316	-0.0604382657251	-0.0237728343732	1.0	-0.0117864570111	-0.0322729747146	-0.00280888307958	-0.0109867091509	0.0563502424962	0.00204880202314	0.0283381167368	0.00764119127428	-0.0354682157116	-0.0340176944733	-0.0123659899641	0.00963597409283	0.0154703392048	-0.0557170361074	-0.026673802509	-0.0714995001582	-0.0501330305408	0.0120256567552	0.0498990383047	-0.0299669225978	-0.016027832363	0.0166710632538	-0.0271133238285	-0.0149827113355	0.0598048111284	-0.0506411105406	0.0171699636275	-0.07542365628	-0.0296334471143	-0.0159748012112	-0.0544150616419	0.0017108625851	0.0510489281275	-0.0234466057643	-0.0343740879382
k__Bacteria;p__Firmicutes;c__Clostridia;o__Clostridiales;f__Oscillospiraceae;g__Oscillibacter;s__Oscillibacter_sp._KLE_1745	0.00924956992156	-0.0350911903681	-0.0552914097556	0.0413991281063	0.00542836491793	0.0563030756059	0.0378930719101	-0.0156515627772	-0.03350534978	0.00929036734694	-0.0410698367788	-0.00799340259927	-0.0633825345282	0.0601599678119	-0.0811140453758	-0.0228186291485	-0.0336326941129	0.0222551828498	0.0442584419898	-0.0373590387008	-0.0249882957418	-0.0244018396133	0.00837037517733	-0.0117864570111	1.0	-0.0537116800673	-0.0110750617748	-0.0363492986104	-0.0150323985202	-0.0101259780724	-0.0214686099807	-0.0174507505594	0.0158197140705	-0.0605805157633	-0.00687661967825	-0.0685845354201	0.02783133559	-0.0154455050913	0.012555537455	-0.0340354079729	0.0118505635709	-0.02347831299	-0.020895638252	0.000177554127229	0.0276746968584	-0.0409983984695	-0.00905237876806	0.00814235385574	0.0305130782398	0.0531787896033	0.0083402574141	-0.0220784584023	0.0239235437365	0.0293475369129	-0.0352574033097	0.0390133037929	-5.48236823543e-05	0.00781466130447	0.00844822649443
k__Bacteria;p__Bacteroidetes;c__Bacteroidia;o__Bacteroidales;f__Bacteroidaceae;g__Bacteroides;s__Bacteroides_coprophilus	0.0472997962906	-0.0259614391935	0.0100380594482	0.0336698740589	0.000491063162668	0.0384313327223	0.00113564150971	0.0295250844682	-0.0382888880235	-0.0115527091964	0.00461408857743	0.0154325458091	-0.0243982163384	-0.0549086306803	0.0130422876863	0.079427535734	-0.0564377360366	-0.00933259102989	0.0237233808039	-0.0408499656316	-0.0558183971273	-0.0185633663419	-0.0323079135794	-0.0322729747146	-0.0537116800673	1.0	-0.0250829929899	-0.0802642357093	0.0155573325979	-0.0342572729557	0.00291834223171	0.00673939820052	-0.0459234842938	-0.00427557751081	0.0100626556784	-0.0421173449222	0.0333543909003	0.0164853245195	-0.0181511237499	0.0201924330643	-0.00381152532692	-0.0332025628739	0.0197820105015	-0.00442506094375	0.0761940814315	-0.0146239165009	-0.0392955898772	0.0566464321309	0.0410243335938	0.0243734446961	-0.0183416643235	0.0274728833514	0.00414893229076	0.0105919933384	-0.0528319082146	0.0118946406938	-0.0313639938938	-0.0661035611021	-0.00860085147382
k__Bacteria;p__Firmicutes;c__Clostridia;o__Clostridiales;f__Lachnospiraceae;g__Roseburia;s__Roseburia_intestinalis	-0.0124460687173	-0.014965915242	-0.0467527296396	-0.00513411583717	-0.0698684707917	0.0482735036479	0.0300457724777	0.0329248579177	0.0354954210743	0.0312676690075	0.0508747931651	0.00312175927673	-0.0412183381421	-0.0634144381441	0.0252087869956	0.00429475245802	-0.00840525202811	0.023441873926	-0.0341190856821	0.0135640957256	-0.00926009937689	-0.0248454453638	-0.0516893714952	-0.00280888307958	-0.0110750617748	-0.0250829929899	1.0	-0.0193153696762	-0.0185833908298	-0.000352006829907	0.0627805073557	-0.02840396754	-0.0147739133049	-0.00802546831223	0.0212640111822	0.000137886063924	-0.0162366912558	-0.00363573031467	-0.0241604046136	-0.0760431121897	0.006299693094	-0.0293552412335	0.000617446559897	-0.00876181403004	-0.0396871737305	-0.00518340878244	0.023153766526	-0.0333979788573	0.00448857948289	-0.0128171756376	0.0268509085786	-0.024433021531	-0.0171866021661	-0.0126024168833	-0.0376489827786	-0.00923095028343	-0.0422536773327	-0.0368868656277	-0.00606308531502
k__Bacteria;p__Firmicutes;c__Clostridia;o__Clostridiales;f__Lachnospiraceae;g__Roseburia;s__Roseburia_hominis	-0.0152691292885	0.00721806475203	0.0270311445691	0.00953286169221	0.00516966551522	0.0348350212085	-0.0452083721665	-0.0149637668101	-0.0299792761183	0.0184483667898	0.00266693503912	-0.0597334817318	-0.0285310157568	-0.0846249176049	0.0378634540981	0.0017969050659	0.0341217257323	-0.0392817471767	-0.0154752945158	0.0357573118335	-0.0445945084268	-0.0282412638547	0.000782055241043	-0.0109867091509	-0.0363492986104	-0.0802642357093	-0.0193153696762	1.0	0.00118943544708	0.0285907237774	-0.0309889070219	-0.00240753091026	0.00149406075986	-0.0010225856816	-0.00531638388444	-0.00259884111081	-0.0269885830771	-0.0078451966219	0.0044542717856	0.00767143610386	-0.0373678966825	0.0738313133532	0.0277786573386	0.0495921720682	0.00401217124836	-0.0475723538299	0.0113223596841	-0.0218988421282	-0.0221865110968	0.00579153152967	-0.0181561522056	-0.00942258286065	-0.00775466064763	-0.0739384833769	0.0126180714236	-0.00997451744408	-0.0177868027679	0.070493343405	0.0143530161611
k__Bacteria;p__Bacteroidetes;c__Bacteroidia;o__Bacteroidales;f__Porphyromonadaceae;g__Parabacteroides;s__Parabacteroides_johnsonii	-0.0465553638696	-0.0318489435467	-0.0325936315423	0.0609843740801	-0.032223450224	0.0437517039132	-0.0747216306459	-0.0292325069279	0.00394625635282	0.0168044060311	0.0161687775705	0.017964284727	-0.00343358754966	0.0279215557963	-0.0247623225058	0.00650226436907	-0.0295185843922	-0.102363505663	-0.0135572974406	0.0224027678671	0.00480451327281	-0.0544476946532	-0.045908897017	0.0563502424962	-0.0150323985202	0.0155573325979	-0.0185833908298	0.00118943544708	1.0	0.0162058832527	-0.0588482194451	-0.0168500409393	0.0325577223135	-0.0557671243191	0.0257603808356	-0.0111028619	-0.0441625537072	-0.00199083258874	-0.0322741618464	0.018944589082	-0.0235669221916	0.0123492419324	-0.0138435957635	0.00229795313621	-0.0133859344677	-0.0557202490951	-0.0194151745381	-0.00391705637215	-0.0268671539309	-0.0373115027644	0.0158702294548	0.0429101197794	0.0175871087355	0.0323102589071	0.0532495362409	-0.00714221803549	0.00577004143913	0.00223575281361	-0.00233428333724
k__Bacteria;p__Actinobacteria;c__Actinobacteria;o__Bifidobacteriales;f__Bifidobacteriaceae;g__Bifidobacterium;s__Bifidobacterium_longum	0.0198852686358	-0.0510263782106	0.0296762379873	-0.0274752539949	-0.0283750954772	-0.0105321692146	-0.0101460725624	-0.0477595283753	-0.0213715163329	-0.0188115455321	0.00807053571549	0.0142439677638	-0.00300020396425	0.011120713666	0.0187899004272	0.0154880845889	-0.00394047295658	0.00757451790101	-0.0518331447882	-0.0392001113995	0.0286121917696	-0.00854414726579	-0.0440656003804	0.00204880202314	-0.0101259780724	-0.0342572729557	-0.000352006829907	0.0285907237774	0.0162058832527	1.0	-0.0500355687147	0.0369835697409	-0.0200867935181	0.0279116599795	-0.0157470089996	-0.00893580197158	-0.0510928841068	-0.000194428541696	-0.00286594116559	0.0155138065005	0.00486393770102	0.00979295490017	-0.0515677285482	-0.0464695103723	-0.0106917573286	0.00137578119917	-0.0149697494727	-0.014155337597	-0.0140669357843	0.0580505552511	-0.0133218568793	-0.0405494600361	0.0114224889811	0.0384630560399	0.0221119067105	-0.0294121779889	-0.0121506001827	0.011073488929	-0.016462434198
