#taxonomy	k__Bacteria;p__Bacteroidetes;c__Bacteroidia;o__Bacteroidales;f__Bacteroidaceae;g__Bacteroides;s__Bacteroides_vulgatus	k__Bacteria;p__Bacteroidetes;c__Bacteroidia;o__Bacteroidales;f__Bacteroidaceae;g__Bacteroides;s__Bacteroides_uniformis	k__Bacteria;p__Bacteroidetes;c__Bacteroidia;o__Bacteroidales;f__Rikenellaceae;g__Alistipes;s__Alistipes_putredinis	k__Bacteria;p__Bacteroidetes;c__Bacteroidia;o__Bacteroidales;f__Prevotellaceae;g__Prevotella;s__Prevotella_copri	k__Bacteria;p__Bacteroidetes;c__Bacteroidia;o__Bacteroidales;f__Bacteroidaceae;g__Bacteroides;s__Bacteroides_stercoris	k__Bacteria;p__Bacteroidetes;c__Bacteroidia;o__Bacteroidales;f__Bacteroidaceae;g__Bacteroides;s__Bacteroides_ovatus	k__Bacteria;p__Bacteroidetes;c__Bacteroidia;o__Bacteroidales;f__Rikenellaceae;g__Alistipes;s__Alistipes_shahii	k__Bacteria;p__Firmicutes;c__Clostridia;o__Clostridiales;f__Ruminococcaceae;g__Faecalibacterium;s__Faecalibacterium_prausnitzii	k__Bacteria;p__Bacteroidetes;c__Bacteroidia;o__Bacteroidales;f__Rikenellaceae;g__Alistipes;s__Alistipes_finegoldii	k__Bacteria;p__Bacteroidetes;c__Bacteroidia;o__Bacteroidales;f__Porphyromonadaceae;g__Parabacteroides;s__Parabacteroides_distasonis	k__Bacteria;p__Bacteroidetes;c__Bacteroidia;o__Bacteroidales;f__Bacteroidaceae;g__Bacteroides;s__Bacteroides_thetaiotaomicron	k__Bacteria;p__Bacteroidetes;c__Bacteroidia;o__Bacteroidales;f__Bacteroidaceae;g__Bacteroides;s__Bacteroides_coprocola	k__Bacteria;p__Bacteroidetes;c__Bacteroidia;o__Bacteroidales;f__Bacteroidaceae;g__Bacteroides;s__Bacteroides_cellulosilyticus	k__Bacteria;p__Bacteroidetes;c__Bacteroidia;o__Bacteroidales;f__Rikenellaceae;g__Alistipes;s__Alistipes_obesi	k__Bacteria;p__Firmicutes;c__Clostridia;o__Clostridiales;f__Lachnospiraceae;g__;s__[Eubacterium]_rectale	k__Bacteria;p__Bacteroidetes;c__Bacteroidia;o__Bacteroidales;f__Bacteroidaceae;g__Bacteroides;s__Bacteroides_plebeius	k__Bacteria;p__Bacteroidetes;c__Bacteroidia;o__Bacteroidales;f__Bacteroidaceae;g__Bacteroides;s__Bacteroides_fragilis	k__Bacteria;p__Proteobacteria;c__Betaproteobacteria;o__Burkholderiales;f__Sutterellaceae;g__Sutterella;s__Sutterella_wadsworthensis	k__Bacteria;p__Bacteroidetes;c__Bacteroidia;o__Bacteroidales;f__Porphyromonadaceae;g__Barnesiella;s__Barnesiella_intestinihominis	k__Bacteria;p__Bacteroidetes;c__Bacteroidia;o__Bacteroidales;f__Odoribacteraceae;g__Odoribacter;s__Odoribacter_splanchnicus	k__Bacteria;p__Bacteroidetes;c__Bacteroidia;o__Bacteroidales;f__Bacteroidaceae;g__Bacteroides;s__Bacteroides_salyersiae	k__Bacteria;p__Firmicutes;c__Clostridia;o__Clostridiales;f__Ruminococcaceae;g__Ruminiclostridium;s__[Eubacterium]_siraeum	k__Bacteria;p__Proteobacteria;c__Betaproteobacteria;o__Burkholderiales;f__Sutterellaceae;g__Parasutterella;s__Parasutterella_excrementihominis	k__Bacteria;p__Actinobacteria;c__Actinobacteria;o__Bifidobacteriales;f__Bifidobacteriaceae;g__Bifidobacterium;s__Bifidobacterium_adolescentis	k__Bacteria;p__Firmicutes;c__Clostridia;o__Clostridiales;f__Oscillospiraceae;g__Oscillibacter;s__Oscillibacter_sp._KLE_1745	k__Bacteria;p__Bacteroidetes;c__Bacteroidia;o__Bacteroidales;f__Bacteroidaceae;g__Bacteroides;s__Bacteroides_coprophilus	k__Bacteria;p__Firmicutes;c__Clostridia;o__Clostridiales;f__Lachnospiraceae;g__Roseburia;s__Roseburia_intestinalis	k__Bacteria;p__Firmicutes;c__Clostridia;o__Clostridiales;f__Lachnospiraceae;g__Roseburia;s__Roseburia_hominis	k__Bacteria;p__Bacteroidetes;c__Bacteroidia;o__Bacteroidales;f__Porphyromonadaceae;g__Parabacteroides;s__Parabacteroides_johnsonii	k__Bacteria;p__Actinobacteria;c__Actinobacteria;o__Bifidobacteriales;f__Bifidobacteriaceae;g__Bifidobacterium;s__Bifidobacterium_longum	k__Bacteria;p__Firmicutes;c__Clostridia;o__Clostridiales;f__;g__Flavonifractor;s__Flavonifractor_plautii	k__Bacteria;p__Firmicutes;c__Clostridia;o__Clostridiales;f__Clostridiaceae;g__Clostridium;s__Clostridium_phoceensis	k__Bacteria;p__Verrucomicrobia;c__Verrucomicrobiae;o__Verrucomicrobiales;f__Akkermansiaceae;g__Akkermansia;s__Akkermansia_muciniphila	k__Bacteria;p__Bacteroidetes;c__Bacteroidia;o__Bacteroidales;f__Prevotellaceae;g__Paraprevotella;s__Paraprevotella_xylaniphila	k__Bacteria;p__Firmicutes;c__Clostridia;o__Clostridiales;f__Ruminococcaceae;g__Ruminococcus;s__Ruminococcus_callidus	k__Bacteria;p__Bacteroidetes;c__Bacteroidia;o__Bacteroidales;f__Rikenellaceae;g__Alistipes;s__Alistipes_senegalensis	k__Bacteria;p__Firmicutes;c__Clostridia;o__Clostridiales;f__Lachnospiraceae;g__Blautia;s__Blautia_sp._KLE_1732	k__Bacteria;p__Bacteroidetes;c__Bacteroidia;o__Bacteroidales;f__Bacteroidaceae;g__Bacteroides;s__Bacteroides_oleiciplenus	k__Bacteria;p__Firmicutes;c__Clostridia;o__Clostridiales;f__Ruminococcaceae;g__Ruminococcus;s__Ruminococcus_bicirculans	k__Bacteria;p__Bacteroidetes;c__Bacteroidia;o__Bacteroidales;f__Bacteroidaceae;g__Bacteroides;s__Bacteroides_fluxus	k__Bacteria;p__Bacteroidetes;c__Bacteroidia;o__Bacteroidales;f__Prevotellaceae;g__Prevotella;s__Prevotella_stercorea	k__Bacteria;p__Firmicutes;c__Clostridia;o__Clostridiales;f__Lachnospiraceae;g__Dorea;s__Dorea_longicatena	k__Bacteria;p__Firmicutes;c__Clostridia;o__Clostridiales;f__Eubacteriaceae;g__Eubacterium;s__[Eubacterium]_eligens	k__Bacteria;p__Firmicutes;c__Clostridia;o__Clostridiales;f__Ruminococcaceae;g__;s__Ruminococcaceae_bacterium_D16	k__Bacteria;p__Firmicutes;c__Clostridia;o__Clostridiales;f__Lachnospiraceae;g__Coprococcus;s__Coprococcus_comes	k__Bacteria;p__Proteobacteria;c__Gammaproteobacteria;o__Enterobacterales;f__Enterobacteriaceae;g__Escherichia;s__Escherichia_coli	k__Bacteria;p__Firmicutes;c__Clostridia;o__Clostridiales;f__Ruminococcaceae;g__Anaerotruncus;s__Anaerotruncus_colihominis	k__Bacteria;p__Firmicutes;c__Clostridia;o__Clostridiales;f__Lachnospiraceae;g__Blautia;s__Blautia_obeum	k__Bacteria;p__Bacteroidetes;c__Bacteroidia;o__Bacteroidales;f__Odoribacteraceae;g__Odoribacter;s__Odoribacter_laneus	k__Bacteria;p__Firmicutes;c__Clostridia;o__Clostridiales;f__Ruminococcaceae;g__Ruminiclostridium;s__[Clostridium]_leptum	k__Bacteria;p__Bacteroidetes;c__Bacteroidia;o__Bacteroidales;f__Porphyromonadaceae;g__Parabacteroides;s__Parabacteroides_goldsteinii	k__Bacteria;p__Firmicutes;c__Clostridia;o__Clostridiales;f__Lachnospiraceae;g__Anaerostipes;s__Anaerostipes_hadrus	k__Bacteria;p__Firmicutes;c__Clostridia;o__Clostridiales;f__Ruminococcaceae;g__Ruminococcus;s__Ruminococcus_lactaris	k__Bacteria;p__Firmicutes;c__Clostridia;o__Clostridiales;f__Clostridiaceae;g__Clostridium;s__Clostridium_sp._L2-50	k__Bacteria;p__Firmicutes;c__Clostridia;o__Clostridiales;f__Clostridiaceae;g__Clostridium;s__Clostridium_sp._M62/1	k__Bacteria;p__Firmicutes;c__Clostridia;o__Clostridiales;f__;g__Intestinimonas;s__Intestinimonas_butyriciproducens	k__Bacteria;p__Actinobacteria;c__Actinobacteria;o__Bifidobacteriales;f__Bifidobacteriaceae;g__Bifidobacterium;s__Bifidobacterium_bifidum	k__Bacteria;p__Firmicutes;c__Negativicutes;o__Veillonellales;f__Veillonellaceae;g__Dialister;s__Dialister_invisus	k__Bacteria;p__Bacteroidetes;c__Bacteroidia;o__Bacteroidales;f__Bacteroidaceae;g__Bacteroides;s__Bacteroides_salanitronis
k__Bacteria;p__Bacteroidetes;c__Bacteroidia;o__Bacteroidales;f__Bacteroidaceae;g__Bacteroides;s__Bacteroides_vulgatus	1.0	0.0160876226342	0.00972623079304	-0.0417137603474	-0.0546046368227	0.0462348793567	0.0155942444603	-0.037817006841	-0.0332649357092	0.00636804267792	-0.00876891822257	0.0520437218181	-0.0325898923761	-0.0368056755685	-0.0497415638246	0.00788398784804	-0.0414358963749	-0.0274260332365	0.0198233500183	0.000972040204967	0.00309877258195	0.0184472542636	-0.00138814176577	-0.0130358256196	-0.0114769503713	-0.0167740536678	0.00108377651605	-0.0216302117568	-0.0109479919364	-0.043863817319	0.00397000692573	-0.0266349773867	-0.00610520807599	0.0235309120966	-0.00770848804088	0.0216134466222	-0.00427316282228	-0.00544141074537	-0.0786959867956	0.0486443710874	-0.000721772716701	-0.00331800800876	0.0120538890558	-0.0225946236747	0.089362368381	-0.0312795016729	0.0318129059729	-0.0349678899685	-0.0259482821311	0.0336171667469	0.0212152687751	-0.0602224701343	-0.0287449165483	0.0106994911137	-0.00300522884651	-0.015285823851	-0.0279144074291	-0.00981728345905	0.0343938601331
k__Bacteria;p__Bacteroidetes;c__Bacteroidia;o__Bacteroidales;f__Bacteroidaceae;g__Bacteroides;s__Bacteroides_uniformis	0.0160876226342	1.0	-0.0248678229427	-0.0221728678347	0.00100891715182	0.0503990944915	-0.011773406553	-0.00950350517889	-0.0386789702621	0.00537688796236	-0.0222107892207	0.0523852440533	0.0039017997758	0.0503863746155	-0.00790127918107	-0.0471988829874	-0.0705800078093	0.0477510651494	-0.0476393563662	-0.0152949054738	-0.004064184461	-0.0336216062861	-0.0311169068454	0.00843838584261	-0.0564831478938	-0.0140940298907	-0.0229709610976	0.0289086980568	0.00849690583888	0.026393252354	0.00273050450377	-0.0439797007952	-0.00892199941946	0.0667670176266	0.0125011370364	-0.0374172331531	-0.022161656278	-0.0426461446744	-0.0182074441444	-0.0132899451435	0.00755124742491	-0.0225316883353	0.0156518731406	-0.013336425267	-0.0460545979159	0.016116463981	0.000255977391033	-0.0274168467808	-0.00677720740416	0.00576349364719	-0.0278502288127	0.0147401324393	-0.0205781875311	0.00608802460416	0.0238513019389	-0.0341965778749	-0.00355474256946	-0.00434098923782	0.0594083687929
k__Bacteria;p__Bacteroidetes;c__Bacteroidia;o__Bacteroidales;f__Rikenellaceae;g__Alistipes;s__Alistipes_putredinis	0.00972623079304	-0.0248678229427	1.0	0.0153123579472	0.00660908549476	0.0258442035141	0.0327482204294	-0.0172710966829	-0.0370787878251	0.0436624754637	0.0376710949423	0.0352768509573	0.0443619801455	0.0157566312747	-0.0114549178842	-0.0385927414565	-0.0403425992936	-0.0648817528352	-0.001150862411	-0.00263345000731	-0.00784936403238	-0.0252727592129	-0.0174527391692	0.0286570684232	-0.00706648250639	-0.0453729502899	0.0151647870342	0.0192917187134	-0.00648540044642	-0.0104716469057	-0.0401163391528	0.0190655512273	-0.0285791950792	-0.0515799947268	-0.0470381055054	-0.0577775414149	-0.0315496562483	0.0284247832752	0.0265057225054	-0.016991345741	0.0348066240368	0.00295726427154	-0.0883780302965	-0.0691678080759	0.00401969452731	0.0213108802647	0.0227852241104	-0.0212825565678	-0.0492661590019	-0.00912347570391	0.071112795033	0.00942256684735	-0.024637977013	0.0120114932749	0.0267227717266	-0.0168787437827	-0.00745478356722	-0.0327062759127	-0.00455468083015
k__Bacteria;p__Bacteroidetes;c__Bacteroidia;o__Bacteroidales;f__Prevotellaceae;g__Prevotella;s__Prevotella_copri	-0.0417137603474	-0.0221728678347	0.0153123579472	1.0	-0.00611029618856	0.0103835195023	0.00730442022845	-0.030984685641	0.0147770966631	0.00243521384006	-0.0528059001654	-0.0485073208253	-0.0150839520712	-0.0455187658253	0.0450367075361	-0.0164185418735	0.0722566836308	-0.00816065385999	0.0314239617783	-0.0137260129861	-0.0503535893969	-0.0044997132692	-0.0961076301243	-0.0156157860024	-0.0103029922975	-0.0359628033615	0.0337705619125	-0.00386432414608	0.0194456224676	-0.0405280006823	0.0773228048258	-0.0437949362308	-0.00257235108046	-0.0123395706892	-0.0117136466577	0.0503896164163	0.048387251706	0.0125317017344	-0.00430894399827	-0.0212489111297	-0.0461050457047	-0.0086002979981	0.0519332446403	0.0234252609877	-0.0158495943137	-0.0585385259616	-0.0422225002873	0.00471811615872	-0.0593120448101	0.0489706619798	-0.0145436770581	0.0699808438881	0.0036464928784	-0.0842849182749	-0.0424175069653	0.0343825684848	-0.0593567028223	-0.0190122873748	-0.0158917407806
k__Bacteria;p__Bacteroidetes;c__Bacteroidia;o__Bacteroidales;f__Bacteroidaceae;g__Bacteroides;s__Bacteroides_stercoris	-0.0546046368227	0.00100891715182	0.00660908549476	-0.00611029618856	1.0	0.0270827367466	0.0496323980643	-0.010712907021	-0.00552011283215	0.010700603496	0.00728093542782	0.00161955568175	0.00306034054934	-0.0362111323016	0.0531194263111	-0.0619572374077	-0.000340997572496	-0.0223591558931	0.00328961755507	-0.0481097758989	-0.0690764823055	-0.0314166663614	-0.00152379221514	-0.0194382881101	-0.0139456669097	-0.0316050111141	0.00671898336175	-0.0189179238324	0.0276448342161	0.0550798333569	-0.00846059152039	0.00213014071042	-0.0309548062661	-0.0181287455597	-0.0445765048938	0.00146794731717	0.00735177654137	-0.0176641753482	-0.0170690702444	0.0533979290644	0.0906854281963	0.00750620330072	-0.0341206598482	-0.0346849542795	0.0437094233128	-0.0109808757808	-0.0616754830608	0.0438133391549	-0.00670604577789	-0.0454782202949	-0.0268491176875	-0.067860325735	-0.0373492888454	-0.0588905580905	-0.0264896540021	-0.0887171393347	0.0567766931054	0.0322370246316	-0.00210634833461
k__Bacteria;p__Bacteroidetes;c__Bacteroidia;o__Bacteroidales;f__Bacteroidaceae;g__Bacteroides;s__Bacteroides_ovatus	0.0462348793567	0.0503990944915	0.0258442035141	0.0103835195023	0.0270827367466	1.0	-0.0255983202129	-0.0433890576589	-0.0417542747677	-0.0095976434851	-0.000508833412049	0.0472845106871	-0.00406787797049	-0.0388503206348	0.00826069403056	-0.00523190559694	-0.0143201484924	-0.0261528680412	-0.028036145516	0.0745313257943	-0.0206183549676	-0.0163497062571	-0.0427382769964	-0.00452187919282	0.0176704759685	0.00127968308609	-0.0234439420162	-0.0299390582681	-0.0547873954841	-0.0253797527042	-0.00935184982319	-0.0438039810068	-0.0474137866492	0.0497496853966	-0.00679863136307	-0.0241471460002	0.00421469582137	0.0105009541333	-0.0336419430615	-0.0250050177354	-0.0290786276578	-0.0212630143098	-0.0654871981917	-0.0157038698007	0.012687284131	-0.0117393540201	0.0132638043407	-0.0224690159296	-0.0144664817697	0.0205714092818	0.0542677533657	0.015620331254	0.0132161551792	0.0187466720576	-0.0399160785177	-0.035089848026	0.0023282721512	-0.0254200005195	-0.0288429784644
k__Bacteria;p__Bacteroidetes;c__Bacteroidia;o__Bacteroidales;f__Rikenellaceae;g__Alistipes;s__Alistipes_shahii	0.0155942444603	-0.011773406553	0.0327482204294	0.00730442022845	0.0496323980643	-0.0255983202129	1.0	-0.00804948525639	-0.0361363377617	0.0058465867032	-0.022846159012	-0.0609038974833	-0.00288695010389	-0.0337540408401	-0.0447564375747	0.034685033894	-0.00285791064774	0.00681767239051	0.00897725686433	0.0216612631629	-0.0245909848886	0.00854939577582	0.0785593547953	0.0465408939927	-0.0327110681489	0.00446233772553	0.00430381185562	-0.0376736039784	0.0246776583792	-0.0185235752551	-0.00272511023938	-0.00161800482627	0.0235432391882	-0.0591593239783	0.0418950948163	-0.0120751210261	0.0247583149556	-0.0334484821661	-0.00516111038449	-0.0547392692927	0.0132503192352	-0.0453404489106	0.0167186013591	0.0274411809856	-0.0250927165593	0.0312344290078	-0.0314807262811	0.0098506747328	-0.000938225068876	-0.0417166222367	-0.00437368149291	-0.0191432500433	0.0751479981403	-0.0291574202939	0.0335843288409	-0.0304247031973	-0.0415727324427	0.0107946218564	-0.0724113325648
k__Bacteria;p__Firmicutes;c__Clostridia;o__Clostridiales;f__Ruminococcaceae;g__Faecalibacterium;s__Faecalibacterium_prausnitzii	-0.037817006841	-0.00950350517889	-0.0172710966829	-0.030984685641	-0.010712907021	-0.0433890576589	-0.00804948525639	1.0	0.0335893862003	-0.074724898494	0.0374596210554	-0.0151632281798	0.0194727581138	0.0134124417383	-0.0374249084957	-0.0192394515959	0.00782225667506	0.026224786936	-0.0341081105776	-0.0168928041989	-0.0212025226417	-0.0240199936762	-0.052989495184	-0.0515720478065	0.0193245815915	-0.0321236464224	-0.0277606720482	-0.0212626308076	-0.076805696424	-0.0237720121739	0.0244562653554	0.0449410023632	-0.0488586115903	-0.0221936372747	-0.0152793422159	-0.0270911990083	0.0315713413635	-0.0247702906532	0.0432502248067	-0.0173571176579	0.0854367186331	-0.0315827389829	0.0126035031658	0.000189728990383	0.0286252569161	-0.00982726036406	0.016097765421	0.0408715521657	-0.0829966090971	-0.0312032498309	0.0623830166465	0.0209076108948	-0.00949889877563	0.0145279581619	-0.00157253808856	-0.0700657825723	-0.0519217452203	0.098315697053	0.0176988586864
k__Bacteria;p__Bacteroidetes;c__Bacteroidia;o__Bacteroidales;f__Rikenellaceae;g__Alistipes;s__Alistipes_finegoldii	-0.0332649357092	-0.0386789702621	-0.0370787878251	0.0147770966631	-0.00552011283215	-0.0417542747677	-0.0361363377617	0.0335893862003	1.0	-0.0561678159994	0.0400777121778	0.0426406588233	-0.0292446171233	-0.0357261449405	0.00146151254563	0.00888672187356	-0.0580358640273	-0.0221505273156	-0.0220056016883	0.00283915081777	-0.00614057804705	0.0201504318472	-0.018873020749	-0.050956534678	-0.0081002128573	-0.040110434185	0.0466963801687	-0.0223311556228	-0.0138361679173	0.00190747673767	-0.035666039772	0.0637271463205	-0.0200895048763	-0.029815646894	0.0224572014383	0.00154471991783	-0.0858394806844	-0.000811516941478	-0.0050248088244	0.053724345728	-0.0382942452767	0.0360466768203	0.010098505326	-0.0222412628012	0.0576196349451	0.0455863461602	0.0450382740311	0.0185584021283	0.0710286568229	-0.0179379395092	-0.0288773825584	-0.0146806317882	0.00606163703492	0.0259923585663	-0.0267506048086	0.0347075792137	-0.0506321206347	0.0190140463673	0.0108735039676
k__Bacteria;p__Bacteroidetes;c__Bacteroidia;o__Bacteroidales;f__Porphyromonadaceae;g__Parabacteroides;s__Parabacteroides_distasonis	0.00636804267792	0.00537688796236	0.0436624754637	0.00243521384006	0.010700603496	-0.0095976434851	0.0058465867032	-0.074724898494	-0.0561678159994	1.0	-0.0437753991212	-0.0425365816317	0.0620700670378	-0.0198116990117	0.0197775163697	-0.026740692917	-0.0110138331854	-0.0484571763097	0.00578527535041	2.1704594719e-05	-0.00969720743714	0.0442783165863	0.00247017386533	-0.0302617527873	-0.0247375522546	-0.0220222203436	-0.0242228137035	-0.00708686440337	-0.0330617867392	-0.0262060162599	0.00416102332015	0.00684503381104	-9.5858370236e-05	-0.0142017359078	-0.00364926722891	-0.0611402502776	-0.0157134042394	0.0120930708799	0.0240892179258	-0.0169810888003	-0.0232888836326	-0.0280967094809	0.0199637351373	-0.0424949336929	0.0150026282649	-0.0742507777734	0.0370025974404	-0.000194582632317	-0.0551721864951	-0.0347996706012	0.000895268293705	0.0190653779775	-0.0441642700788	0.0337369072354	0.0298521176559	0.0110892504981	-0.0149735826914	0.0860244440033	-0.0132454213656
k__Bacteria;p__Bacteroidetes;c__Bacteroidia;o__Bacteroidales;f__Bacteroidaceae;g__Bacteroides;s__Bacteroides_thetaiotaomicron	-0.00876891822257	-0.0222107892207	0.0376710949423	-0.0528059001654	0.00728093542782	-0.000508833412049	-0.022846159012	0.0374596210554	0.0400777121778	-0.0437753991212	1.0	-0.0543250862393	-0.0250342060789	0.042092453061	-0.0215889125549	-0.0209312152525	-0.0447523035273	0.00806330941396	-0.00788263470326	0.0150484772204	0.0112867084871	0.0298965206367	-0.0256613527358	-0.0805944855625	0.0124018925253	-0.0359523163358	-0.0331557824841	0.0374374625203	-0.0565131218004	-0.00119741467133	0.0317394370129	0.0182570212663	0.00453314871705	-0.0348000839993	0.0268401523696	0.00238725127243	0.0437126576985	-0.00709615750879	-0.0276032334034	0.0278484455182	0.00181055204448	0.00908737346287	0.00056462004533	0.0235918991364	0.0154591790419	-0.015111777091	-0.0215299459396	0.0138531604367	0.0454448586537	0.0601411879385	-0.00561249100022	-0.0719961037554	-0.026512643906	-0.0285220662389	-0.0548557330862	-0.0451483130097	-0.0265492780283	-0.0128837344605	-0.0240820781503
k__Bacteria;p__Bacteroidetes;c__Bacteroidia;o__Bacteroidales;f__Bacteroidaceae;g__Bacteroides;s__Bacteroides_coprocola	0.0520437218181	0.0523852440533	0.0352768509573	-0.0485073208253	0.00161955568175	0.0472845106871	-0.0609038974833	-0.0151632281798	0.0426406588233	-0.0425365816317	-0.0543250862393	1.0	0.0232114091419	0.00925175482189	-0.00103871054948	-0.0373504141306	-0.0157951802983	-0.0419197474191	0.0173374237245	-0.0706112503495	-0.0393612565708	-0.0320276194212	-0.0274549203983	-0.0737081531612	0.00361048107679	0.0184658214831	0.0233731100226	-0.000314863538548	-0.0409504691087	-0.0613887441857	0.0434177633576	-0.0574491238138	0.0114217851676	-0.0504461211575	0.0474869828495	0.02238585434	-0.0492016017115	-0.046389374066	-0.0383454030572	-0.0528309397745	0.0154696900645	-0.0408676564287	0.023134158732	-0.0139080660821	-0.0163191513478	-0.0253653652911	0.0253755310149	0.0160062213949	-0.0557809759282	0.0194393451563	-0.0199335553038	-0.0163001864461	-0.02924490613	0.0184429519857	0.00268441771675	0.0363667135879	0.0417314156012	-0.0157962633403	-0.00280957560781
k__Bacteria;p__Bacteroidetes;c__Bacteroidia;o__Bacteroidales;f__Bacteroidaceae;g__Bacteroides;s__Bacteroides_cellulosilyticus	-0.0325898923761	0.0039017997758	0.0443619801455	-0.0150839520712	0.00306034054934	-0.00406787797049	-0.00288695010389	0.0194727581138	-0.0292446171233	0.0620700670378	-0.0250342060789	0.0232114091419	1.0	-0.0102239557523	-0.0370741305009	0.0054221526955	-0.0395560602082	-0.0298090624753	-0.019589290231	-0.0398636634269	-0.0336171849386	0.00834564181834	-0.0147222519571	-0.0616882366933	0.0401324980508	-0.0290326274444	0.0441490779422	-0.0224963832359	-0.0172518276946	-0.0342427448885	0.0112242807978	-0.0174884905447	-0.0105260750465	0.0107658433354	-0.0741803997595	0.014977076845	-0.0268453147868	-0.0437001105142	-0.0300261882358	0.0172086483418	0.0167858731298	0.0079819612941	-0.0800950275049	-0.0157230883244	-0.00737033046667	0.0523989190069	0.00757462304659	0.00548653374223	-0.0648775840082	0.00361083072933	0.0144455203881	0.0141209990631	-0.033077665431	-0.0218738675522	-0.0145798567062	-0.0240988203278	0.0493728245751	-0.0160318315455	0.0351479899418
k__Bacteria;p__Bacteroidetes;c__Bacteroidia;o__Bacteroidales;f__Rikenellaceae;g__Alistipes;s__Alistipes_obesi	-0.0368056755685	0.0503863746155	0.0157566312747	-0.0455187658253	-0.0362111323016	-0.0388503206348	-0.0337540408401	0.0134124417383	-0.0357261449405	-0.0198116990117	0.042092453061	0.00925175482189	-0.0102239557523	1.0	0.00566713375846	-0.0285106206328	-0.0301170048289	-0.00438897342199	-0.0294038844263	-0.0408197078712	0.00368704235631	0.0472103359693	-0.0399043784677	-0.0411316535714	0.055468732922	-0.0243713317618	0.0325278732085	-0.0189835076321	-0.00805160384885	0.0254883222693	-0.0458919874237	-0.0806471504504	0.0620680079685	0.0588699658872	-0.0332252151669	-0.0354021608995	0.00671839814816	-0.0322374115983	-0.00832315081059	-0.00501059915771	-0.02443817656	0.023335520013	-0.00381667445569	0.0138502192952	-0.0281715131574	-0.0307745955985	0.0282745605804	-0.0288582050789	-0.0467030178781	-0.0331164748931	-0.000718338713127	-0.0598538602262	-0.013835026276	0.0306763231014	0.00010322651449	0.0451724448801	-0.0029573573861	0.0454049094772	0.0434067671114
k__Bacteria;p__Firmicutes;c__Clostridia;o__Clostridiales;f__Lachnospiraceae;g__;s__[Eubacterium]_rectale	-0.0497415638246	-0.00790127918107	-0.0114549178842	0.0450367075361	0.0531194263111	0.00826069403056	-0.0447564375747	-0.0374249084957	0.00146151254563	0.0197775163697	-0.0215889125549	-0.00103871054948	-0.0370741305009	0.00566713375846	1.0	-0.0665671060043	-0.0265839292131	-0.025221465098	0.0290657412306	0.0464748072297	-0.0107815698173	0.0251681412917	0.014183157216	-0.0198750633514	0.00248957205795	-0.0419067345818	-0.0353102549285	0.0444672252869	0.0109871622962	0.0169165690928	0.0090759007558	-0.00447742790339	0.00204344907608	0.0742421327969	0.0366342093694	-0.0444424593738	-0.0308993483937	-0.0544583284584	-0.0182677269958	-0.0292736610315	0.0348385423696	-0.0535971327227	0.0156699829831	-0.0371410119687	0.0228428880411	-0.0334835574134	0.0589187838321	-0.0559458653517	0.0208903753307	-0.0162488372223	0.0131775335266	-0.0320616529772	-0.0189631529761	-0.0222400385447	-0.0130356607515	0.0323022140629	-0.00889035538139	0.0293222826687	-0.00797157094771
k__Bacteria;p__Bacteroidetes;c__Bacteroidia;o__Bacteroidales;f__Bacteroidaceae;g__Bacteroides;s__Bacteroides_plebeius	0.00788398784804	-0.0471988829874	-0.0385927414565	-0.0164185418735	-0.0619572374077	-0.00523190559694	0.034685033894	-0.0192394515959	0.00888672187356	-0.026740692917	-0.0209312152525	-0.0373504141306	0.0054221526955	-0.0285106206328	-0.0665671060043	1.0	-0.0198122569081	0.00547745515866	0.0420336466006	0.0776997789571	-0.0123108415932	-0.0520050536877	0.0679178279057	-0.0121697739017	0.0489319969798	0.0515713480485	-0.00978905489863	-0.0364005649855	0.00708270861944	-0.017992424563	-0.0374810006564	-0.0129059305749	0.0682876341176	-0.0200288327416	-0.0475248074859	0.0300788371444	0.0242528224293	-0.0180855584992	0.0308410428081	-0.0571929627085	-0.030540117037	0.0316959376202	-0.0452021159968	-0.0191127223733	-0.0648814683751	-0.0106513984121	-0.00443160652977	0.0238408518701	-0.00130224323648	-0.0410848485636	0.0176619209792	-0.0413914684508	0.00980862133115	0.00192280434807	0.0391311175355	-0.0223905764327	-0.000227576965225	-0.0350389298376	0.00475438832514
k__Bacteria;p__Bacteroidetes;c__Bacteroidia;o__Bacteroidales;f__Bacteroidaceae;g__Bacteroides;s__Bacteroides_fragilis	-0.0414358963749	-0.0705800078093	-0.0403425992936	0.0722566836308	-0.000340997572496	-0.0143201484924	-0.00285791064774	0.00782225667506	-0.0580358640273	-0.0110138331854	-0.0447523035273	-0.0157951802983	-0.0395560602082	-0.0301170048289	-0.0265839292131	-0.0198122569081	1.0	-0.00495960301148	-0.0180261785449	0.0385926212518	0.00256793880402	-0.0225296736525	-0.0351480889899	0.00523390247263	-0.0299517867211	-0.06095230642	-0.0285299656974	0.0194448280767	-0.011622070533	0.0582648455584	0.0171178670343	-0.0102231167467	-0.00601184713823	-0.0393388916809	-0.0111692596506	0.0452998033841	-0.0102162531688	0.00738209993866	0.00941760640626	0.00275591487653	-0.0488939351868	-0.00292229753007	-0.0101614304751	-0.00462792727691	0.0254168103081	0.0019019163151	0.0289370283893	0.00767339774118	0.0068868678922	-0.0372958678998	0.0109486419692	-0.0137728159088	-0.0166731982569	0.00646393301782	-0.0180469584224	-0.0431318812108	-0.0310683396118	0.000619951248059	0.0251421063717
k__Bacteria;p__Proteobacteria;c__Betaproteobacteria;o__Burkholderiales;f__Sutterellaceae;g__Sutterella;s__Sutterella_wadsworthensis	-0.0274260332365	0.0477510651494	-0.0648817528352	-0.00816065385999	-0.0223591558931	-0.0261528680412	0.00681767239051	0.026224786936	-0.0221505273156	-0.0484571763097	0.00806330941396	-0.0419197474191	-0.0298090624753	-0.00438897342199	-0.025221465098	0.00547745515866	-0.00495960301148	1.0	0.0282035668229	0.0226163553747	0.024420502021	0.0277257792759	0.0160052444919	-0.00766649302207	0.0548357518557	0.0169704040934	-0.0126845484275	-0.0528315383978	0.00829189232587	-0.039542778633	0.0203505562056	0.00224729365665	0.0658254238533	-0.0132147642516	0.00163853234054	-0.0256698656745	-0.0839608286559	-0.0183754946595	-0.0289284856745	-0.0357866362657	0.00418326802959	0.0406432835798	0.0528897222402	-0.0181157931394	-0.0308686693332	-0.0547282401704	0.00655295207794	-0.00175218298143	-0.0482104734039	0.0254637423889	0.0112883025085	-0.042455866706	0.0179766960738	0.0322628025317	0.00489286503788	-0.0489255250761	0.0413481168659	0.000978893156191	-0.00493613443573
k__Bacteria;p__Bacteroidetes;c__Bacteroidia;o__Bacteroidales;f__Porphyromonadaceae;g__Barnesiella;s__Barnesiella_intestinihominis	0.0198233500183	-0.0476393563662	-0.001150862411	0.0314239617783	0.00328961755507	-0.028036145516	0.00897725686433	-0.0341081105776	-0.0220056016883	0.00578527535041	-0.00788263470326	0.0173374237245	-0.019589290231	-0.0294038844263	0.0290657412306	0.0420336466006	-0.0180261785449	0.0282035668229	1.0	-0.0477355538567	0.00588171903132	0.0136827251758	-0.0776739948201	-0.0114361118658	0.00826031334889	0.0172692230749	-0.0363005264981	0.0225722041682	0.0465777196207	-0.0169177204626	-0.0330165107334	0.00969883555121	0.0154542855953	-0.0082218397115	-0.0230406575037	-0.0759464299176	-0.0286997904644	-0.0363974042218	0.0219403814957	0.0371585705726	0.016690986532	0.0256723072357	0.0522149621889	0.0510070929888	0.00195111073095	-0.0104465291635	-0.0594286415714	-0.0415039452293	-0.0125590431237	-0.0241269927299	-0.00670598627054	0.0405363319729	-0.0333478454355	0.00370358443424	0.0370412671458	0.0535461406307	-0.0166070701705	-0.0230787259496	-0.015505021704
k__Bacteria;p__Bacteroidetes;c__Bacteroidia;o__Bacteroidales;f__Odoribacteraceae;g__Odoribacter;s__Odoribacter_splanchnicus	0.000972040204967	-0.0152949054738	-0.00263345000731	-0.0137260129861	-0.0481097758989	0.0745313257943	0.0216612631629	-0.0168928041989	0.00283915081777	2.17045947189e-05	0.0150484772204	-0.0706112503495	-0.0398636634269	-0.0408197078712	0.0464748072297	0.0776997789571	0.0385926212518	0.0226163553747	-0.0477355538567	1.0	0.00245798147012	-0.0569962778425	0.0101605512331	-0.0573824532331	0.0136878338384	0.0160909008692	-0.0280279781745	0.0217842467856	-0.0476254088353	-0.0419511222103	-0.00333385751314	-0.018241743463	-0.028636715935	-0.0051889766245	-0.0194632141849	6.24308428982e-05	-0.00328066770256	0.0515145752934	0.0597773786439	-0.0277002806102	-0.017183533907	0.0127068269049	-0.0680002093838	0.00673537554277	-0.0990306766652	-0.0342228922742	0.0177117306192	0.0251333289284	0.0138742650801	-0.0367919324829	0.0640320261202	0.0324869322069	0.00753783292088	-0.0369167074408	-0.0341417915391	-0.0119515396946	-0.0176118477921	-0.0234301481752	-0.041644056077
k__Bacteria;p__Bacteroidetes;c__Bacteroidia;o__Bacteroidales;f__Bacteroidaceae;g__Bacteroides;s__Bacteroides_salyersiae	0.00309877258195	-0.004064184461	-0.00784936403238	-0.0503535893969	-0.0690764823055	-0.0206183549676	-0.0245909848886	-0.0212025226417	-0.00614057804705	-0.00969720743714	0.0112867084871	-0.0393612565708	-0.0336171849386	0.00368704235631	-0.0107815698173	-0.0123108415932	0.00256793880402	0.024420502021	0.00588171903132	0.00245798147012	1.0	-0.039300269754	0.0107339418771	-0.0216260685281	-0.0469205107064	0.0101462881803	-0.0329643563657	0.000642756991782	0.00971012484981	-0.0302826693981	-0.0228231616614	0.0179257883177	-0.0630139848515	-0.0456578426361	-0.0307378181547	-0.0226195431959	0.0623436993213	-0.0433438788681	0.00640641624033	0.000808775465435	-0.0143580545863	-0.0241092868817	-0.0331564339781	0.0290535646308	-0.0324862475176	-0.00634281296373	-0.00338323462379	0.0431397319044	0.0192051358225	-0.0129560781926	0.0175463068633	0.0190208705037	-0.0207840326476	-0.0309836359974	0.0294469769438	-0.00683469772255	-0.0268612169979	-0.0326929628171	0.0206095257467
k__Bacteria;p__Firmicutes;c__Clostridia;o__Clostridiales;f__Ruminococcaceae;g__Ruminiclostridium;s__[Eubacterium]_siraeum	0.0184472542636	-0.0336216062861	-0.0252727592129	-0.0044997132692	-0.0314166663614	-0.0163497062571	0.00854939577582	-0.0240199936762	0.0201504318472	0.0442783165863	0.0298965206367	-0.0320276194212	0.00834564181834	0.0472103359693	0.0251681412917	-0.0520050536877	-0.0225296736525	0.0277257792759	0.0136827251758	-0.0569962778425	-0.039300269754	1.0	0.00119045591168	0.0427912482226	-0.00292833326723	0.0387136740676	0.0142990410446	-0.0441431407216	-0.0191451819436	0.0131315017472	-0.0193112556965	-0.0291443724671	0.00671156299975	-0.0125501686694	-0.032338896067	-0.0202604392983	0.0350270142495	0.00688685650914	0.0262507659327	-0.041413889585	0.0197567404903	0.0389763089592	-0.000891685517672	0.00117810153677	-0.0224453493907	0.0425701754427	-0.0706334720834	0.00648935797326	-0.0475280092175	0.0295868336249	0.0211603132168	-0.0402345057162	0.0088649119297	-0.00757829923591	-0.0302376678393	-0.00217976416293	0.00107200669312	0.0224776073823	-0.0478056184869
k__Bacteria;p__Proteobacteria;c__Betaproteobacteria;o__Burkholderiales;f__Sutterellaceae;g__Parasutterella;s__Parasutterella_excrementihominis	-0.00138814176577	-0.0311169068454	-0.0174527391692	-0.0961076301243	-0.00152379221514	-0.0427382769964	0.0785593547953	-0.052989495184	-0.018873020749	0.00247017386533	-0.0256613527358	-0.0274549203983	-0.0147222519571	-0.0399043784677	0.014183157216	0.0679178279057	-0.0351480889899	0.0160052444919	-0.0776739948201	0.0101605512331	0.0107339418771	0.00119045591168	1.0	-0.0365255418036	-0.0301200390259	-0.0596499070289	0.00520162482374	-0.00631529501574	0.0556058002735	-0.0265646866437	0.0478108463772	0.000538468437115	-0.00110564620131	0.0508067412022	-0.00941857150222	0.0759489848618	0.0363277357919	0.0401991270263	-0.041565936369	0.0164546624787	-0.0560868114507	-0.0778804303977	-0.0133331568047	-0.0365346027881	-0.024190933973	0.0172939933542	0.0318508601762	0.00614411976496	0.0520245063803	0.0280216343151	0.0316131304617	-0.023548136046	0.0612980683286	0.0148502594233	0.0438553377183	0.0139722901819	-0.0341964797901	0.027918680274	-0.0428256192682
k__Bacteria;p__Actinobacteria;c__Actinobacteria;o__Bifidobacteriales;f__Bifidobacteriaceae;g__Bifidobacterium;s__Bifidobacterium_adolescentis	-0.0130358256196	0.00843838584261	0.0286570684232	-0.0156157860024	-0.0194382881101	-0.00452187919282	0.0465408939927	-0.0515720478065	-0.050956534678	-0.0302617527873	-0.0805944855625	-0.0737081531612	-0.0616882366933	-0.0411316535714	-0.0198750633514	-0.0121697739017	0.00523390247263	-0.00766649302207	-0.0114361118658	-0.0573824532331	-0.0216260685281	0.0427912482226	-0.0365255418036	1.0	-0.00441250121846	-0.0370235287484	0.063094038718	0.0247166307996	-0.0017757124037	0.061272680858	0.0210628573228	-0.027493583432	-0.0106749109458	-0.00755082692116	-0.000630129457548	-0.0330534954996	0.0413319543314	0.0221557542532	0.04293168302	-0.0139267708049	0.0459031582262	-0.0145718067696	-0.0036763054626	-0.0267255581941	0.0205963209075	-0.0384976456298	0.037183718502	-0.0338925348586	-0.0302211205487	-0.00355867947307	0.0569378016628	0.0112150160746	-0.028703387337	-0.0144317869846	-0.018925795302	-0.00589455090558	-0.0698416653827	-0.0710834422309	0.0257672162546
k__Bacteria;p__Firmicutes;c__Clostridia;o__Clostridiales;f__Oscillospiraceae;g__Oscillibacter;s__Oscillibacter_sp._KLE_1745	-0.0114769503713	-0.0564831478938	-0.00706648250639	-0.0103029922975	-0.0139456669097	0.0176704759685	-0.0327110681489	0.0193245815915	-0.0081002128573	-0.0247375522546	0.0124018925253	0.00361048107679	0.0401324980508	0.055468732922	0.00248957205795	0.0489319969798	-0.0299517867211	0.0548357518557	0.00826031334889	0.0136878338384	-0.0469205107064	-0.00292833326723	-0.0301200390259	-0.00441250121846	1.0	-0.0425325108728	-0.0154698332533	0.0271560656631	0.022896130184	0.0718827691057	-0.0363737371629	-0.0521632151697	-0.043278142484	-0.0056283298938	0.0192198632011	-0.00267182724113	-0.00988706233517	0.0253996488991	-0.0515829569043	0.00688374531196	-0.02050568955	0.016499406305	-0.024308451837	-0.0113274430365	-0.0522205383227	-0.046979868143	0.00667325076696	0.0504840300073	-0.0353728718962	-0.0143428945228	0.0167224367164	-0.037216745251	-0.0168518634646	0.0107835653154	0.00531906887919	-0.0168967244367	0.0538311757566	0.0381333587106	-0.011780367963
k__Bacteria;p__Bacteroidetes;c__Bacteroidia;o__Bacteroidales;f__Bacteroidaceae;g__Bacteroides;s__Bacteroides_coprophilus	-0.0167740536678	-0.0140940298907	-0.0453729502899	-0.0359628033615	-0.0316050111141	0.00127968308609	0.00446233772553	-0.0321236464224	-0.040110434185	-0.0220222203436	-0.0359523163358	0.0184658214831	-0.0290326274444	-0.0243713317618	-0.0419067345818	0.0515713480485	-0.06095230642	0.0169704040934	0.0172692230749	0.0160909008692	0.0101462881803	0.0387136740676	-0.0596499070289	-0.0370235287484	-0.0425325108728	1.0	0.00849916340385	0.018467012318	0.0588914318567	0.00511297055617	0.0109815121477	-0.00413626533266	0.0207959103542	-0.0960594432692	-0.0464306196624	-0.0253603558608	0.032451096369	-0.0170294757179	0.0201998796351	0.0298121045347	-0.0271420724782	0.0296668375126	0.0856124950196	-0.0326475787468	0.00218275952991	0.00258934519329	-0.0331581279642	-0.0335471562496	0.018231814191	-0.0462789694563	0.00667070318319	-0.0706384620645	-0.0560267278301	0.0537617205158	-0.0069668202172	-0.0407633181133	0.00567747428733	0.0309145094412	-0.0439051646556
k__Bacteria;p__Firmicutes;c__Clostridia;o__Clostridiales;f__Lachnospiraceae;g__Roseburia;s__Roseburia_intestinalis	0.00108377651605	-0.0229709610976	0.0151647870342	0.0337705619125	0.00671898336175	-0.0234439420162	0.00430381185562	-0.0277606720482	0.0466963801687	-0.0242228137035	-0.0331557824841	0.0233731100226	0.0441490779422	0.0325278732085	-0.0353102549285	-0.00978905489863	-0.0285299656974	-0.0126845484275	-0.0363005264981	-0.0280279781745	-0.0329643563657	0.0142990410446	0.00520162482374	0.063094038718	-0.0154698332533	0.00849916340385	1.0	-0.030174951886	0.0260601720241	-0.0339938566315	0.0183923882652	-0.00383985225483	0.00354302432662	-0.0146974307643	0.029841660818	-0.0258201856379	-0.0252458980601	-0.0162206176039	-0.00614720451524	-0.0248375301677	0.0456116064384	-0.0822007867943	0.0195398136335	0.0232407592335	0.00743254537753	-0.012001278803	-0.0353766767623	0.0163155841719	-0.0272434027362	-0.0230686255825	-0.00295111964767	-0.00451183543152	0.0421670800821	-0.0256938816823	0.0472922084724	0.022143594808	-0.00217523828322	0.0732667805573	-0.0309962365237
k__Bacteria;p__Firmicutes;c__Clostridia;o__Clostridiales;f__Lachnospiraceae;g__Roseburia;s__Roseburia_hominis	-0.0216302117568	0.0289086980568	0.0192917187134	-0.00386432414608	-0.0189179238324	-0.0299390582681	-0.0376736039784	-0.0212626308076	-0.0223311556228	-0.00708686440337	0.0374374625203	-0.000314863538548	-0.0224963832359	-0.0189835076321	0.0444672252869	-0.0364005649855	0.0194448280767	-0.0528315383978	0.0225722041682	0.0217842467856	0.000642756991782	-0.0441431407216	-0.00631529501574	0.0247166307996	0.0271560656631	0.018467012318	-0.030174951886	1.0	0.000652256302181	-0.0249834729197	-0.0165383203691	0.0251029382805	0.00699048956579	0.0778000550391	0.0438628802555	0.0178512514299	0.0177996752607	-0.0177824428598	-0.0459201957299	-0.0641781579408	-0.00256256644137	-0.0150941988452	0.0563508568472	0.0561948489103	-0.0133168542971	-0.0239579221558	-0.00333635212722	-0.0521110172611	0.00260803180311	0.0221623305456	-0.0286456596251	-0.0145201211627	0.014442436617	-0.0251821103222	-0.00670622123571	-0.0285300692188	0.00872504541999	0.0296001263608	-0.0506379151917
k__Bacteria;p__Bacteroidetes;c__Bacteroidia;o__Bacteroidales;f__Porphyromonadaceae;g__Parabacteroides;s__Parabacteroides_johnsonii	-0.0109479919364	0.00849690583888	-0.00648540044642	0.0194456224676	0.0276448342161	-0.0547873954841	0.0246776583792	-0.076805696424	-0.0138361679173	-0.0330617867392	-0.0565131218004	-0.0409504691087	-0.0172518276946	-0.00805160384885	0.0109871622962	0.00708270861944	-0.011622070533	0.00829189232587	0.0465777196207	-0.0476254088353	0.00971012484981	-0.0191451819436	0.0556058002735	-0.0017757124037	0.022896130184	0.0588914318567	0.0260601720241	0.000652256302182	1.0	-0.00410434147624	-0.0158816839744	0.0194585475786	-0.0131466108573	-0.028595459738	-0.0133522166366	-0.0635100572421	-0.0392655317476	-0.0399941240083	-0.00259322844161	-0.0105836509297	0.0112704902473	-0.00184467668954	0.0373148258636	-0.0150452458948	-0.0111445869906	0.00162215378098	-0.00862228238544	0.0154697329401	-0.00104357293056	0.012279860689	-0.0516908707706	0.00730692744498	-0.0190414783951	-0.0489202197682	0.0204605991297	0.0186659689403	-0.0132938801728	0.0181117764786	-0.000541194573834
k__Bacteria;p__Actinobacteria;c__Actinobacteria;o__Bifidobacteriales;f__Bifidobacteriaceae;g__Bifidobacterium;s__Bifidobacterium_longum	-0.043863817319	0.026393252354	-0.0104716469057	-0.0405280006823	0.0550798333569	-0.0253797527042	-0.0185235752551	-0.0237720121739	0.00190747673767	-0.0262060162599	-0.00119741467133	-0.0613887441857	-0.0342427448885	0.0254883222693	0.0169165690928	-0.017992424563	0.0582648455584	-0.039542778633	-0.0169177204626	-0.0419511222103	-0.0302826693981	0.0131315017472	-0.0265646866437	0.061272680858	0.0718827691057	0.00511297055617	-0.0339938566315	-0.0249834729197	-0.00410434147624	1.0	-0.0168239076776	0.0358488168134	0.0121765940018	0.0210814617998	0.0554495886652	-0.0329149718271	-0.00703847348018	-0.046408060368	0.0294572412294	-0.0686939856629	-0.0521932372873	0.00831280804532	-0.00827911653575	0.0112769230892	-0.0233687597084	-0.0318707792691	0.00492304477902	0.0128086119085	-0.0253291773563	0.0189689291697	-0.0398654231315	0.0187309895818	-0.0474029909088	-0.067650103103	0.0219949431415	0.0027722407171	0.0127583828062	-0.0318075519647	0.0109317192667
