#taxonomy	k__Bacteria;p__Bacteroidetes;c__Bacteroidia;o__Bacteroidales;f__Bacteroidaceae;g__Bacteroides;s__Bacteroides_vulgatus	k__Bacteria;p__Bacteroidetes;c__Bacteroidia;o__Bacteroidales;f__Bacteroidaceae;g__Bacteroides;s__Bacteroides_uniformis	k__Bacteria;p__Bacteroidetes;c__Bacteroidia;o__Bacteroidales;f__Rikenellaceae;g__Alistipes;s__Alistipes_putredinis	k__Bacteria;p__Bacteroidetes;c__Bacteroidia;o__Bacteroidales;f__Prevotellaceae;g__Prevotella;s__Prevotella_copri	k__Bacteria;p__Bacteroidetes;c__Bacteroidia;o__Bacteroidales;f__Bacteroidaceae;g__Bacteroides;s__Bacteroides_stercoris	k__Bacteria;p__Bacteroidetes;c__Bacteroidia;o__Bacteroidales;f__Bacteroidaceae;g__Bacteroides;s__Bacteroides_ovatus	k__Bacteria;p__Bacteroidetes;c__Bacteroidia;o__Bacteroidales;f__Rikenellaceae;g__Alistipes;s__Alistipes_shahii	k__Bacteria;p__Firmicutes;c__Clostridia;o__Clostridiales;f__Ruminococcaceae;g__Faecalibacterium;s__Faecalibacterium_prausnitzii	k__Bacteria;p__Bacteroidetes;c__Bacteroidia;o__Bacteroidales;f__Rikenellaceae;g__Alistipes;s__Alistipes_finegoldii	k__Bacteria;p__Bacteroidetes;c__Bacteroidia;o__Bacteroidales;f__Porphyromonadaceae;g__Parabacteroides;s__Parabacteroides_distasonis	k__Bacteria;p__Bacteroidetes;c__Bacteroidia;o__Bacteroidales;f__Bacteroidaceae;g__Bacteroides;s__Bacteroides_thetaiotaomicron	k__Bacteria;p__Bacteroidetes;c__Bacteroidia;o__Bacteroidales;f__Bacteroidaceae;g__Bacteroides;s__Bacteroides_coprocola	k__Bacteria;p__Bacteroidetes;c__Bacteroidia;o__Bacteroidales;f__Bacteroidaceae;g__Bacteroides;s__Bacteroides_cellulosilyticus	k__Bacteria;p__Bacteroidetes;c__Bacteroidia;o__Bacteroidales;f__Rikenellaceae;g__Alistipes;s__Alistipes_obesi	k__Bacteria;p__Firmicutes;c__Clostridia;o__Clostridiales;f__Lachnospiraceae;g__;s__[Eubacterium]_rectale	k__Bacteria;p__Bacteroidetes;c__Bacteroidia;o__Bacteroidales;f__Bacteroidaceae;g__Bacteroides;s__Bacteroides_plebeius	k__Bacteria;p__Bacteroidetes;c__Bacteroidia;o__Bacteroidales;f__Bacteroidaceae;g__Bacteroides;s__Bacteroides_fragilis	k__Bacteria;p__Proteobacteria;c__Betaproteobacteria;o__Burkholderiales;f__Sutterellaceae;g__Sutterella;s__Sutterella_wadsworthensis	k__Bacteria;p__Bacteroidetes;c__Bacteroidia;o__Bacteroidales;f__Porphyromonadaceae;g__Barnesiella;s__Barnesiella_intestinihominis	k__Bacteria;p__Bacteroidetes;c__Bacteroidia;o__Bacteroidales;f__Odoribacteraceae;g__Odoribacter;s__Odoribacter_splanchnicus	k__Bacteria;p__Bacteroidetes;c__Bacteroidia;o__Bacteroidales;f__Bacteroidaceae;g__Bacteroides;s__Bacteroides_salyersiae	k__Bacteria;p__Firmicutes;c__Clostridia;o__Clostridiales;f__Ruminococcaceae;g__Ruminiclostridium;s__[Eubacterium]_siraeum	k__Bacteria;p__Proteobacteria;c__Betaproteobacteria;o__Burkholderiales;f__Sutterellaceae;g__Parasutterella;s__Parasutterella_excrementihominis	k__Bacteria;p__Actinobacteria;c__Actinobacteria;o__Bifidobacteriales;f__Bifidobacteriaceae;g__Bifidobacterium;s__Bifidobacterium_adolescentis	k__Bacteria;p__Firmicutes;c__Clostridia;o__Clostridiales;f__Oscillospiraceae;g__Oscillibacter;s__Oscillibacter_sp._KLE_1745	k__Bacteria;p__Bacteroidetes;c__Bacteroidia;o__Bacteroidales;f__Bacteroidaceae;g__Bacteroides;s__Bacteroides_coprophilus	k__Bacteria;p__Firmicutes;c__Clostridia;o__Clostridiales;f__Lachnospiraceae;g__Roseburia;s__Roseburia_intestinalis	k__Bacteria;p__Firmicutes;c__Clostridia;o__Clostridiales;f__Lachnospiraceae;g__Roseburia;s__Roseburia_hominis	k__Bacteria;p__Bacteroidetes;c__Bacteroidia;o__Bacteroidales;f__Porphyromonadaceae;g__Parabacteroides;s__Parabacteroides_johnsonii	k__Bacteria;p__Actinobacteria;c__Actinobacteria;o__Bifidobacteriales;f__Bifidobacteriaceae;g__Bifidobacterium;s__Bifidobacterium_longum	k__Bacteria;p__Firmicutes;c__Clostridia;o__Clostridiales;f__;g__Flavonifractor;s__Flavonifractor_plautii	k__Bacteria;p__Firmicutes;c__Clostridia;o__Clostridiales;f__Clostridiaceae;g__Clostridium;s__Clostridium_phoceensis	k__Bacteria;p__Verrucomicrobia;c__Verrucomicrobiae;o__Verrucomicrobiales;f__Akkermansiaceae;g__Akkermansia;s__Akkermansia_muciniphila	k__Bacteria;p__Bacteroidetes;c__Bacteroidia;o__Bacteroidales;f__Prevotellaceae;g__Paraprevotella;s__Paraprevotella_xylaniphila	k__Bacteria;p__Firmicutes;c__Clostridia;o__Clostridiales;f__Ruminococcaceae;g__Ruminococcus;s__Ruminococcus_callidus	k__Bacteria;p__Bacteroidetes;c__Bacteroidia;o__Bacteroidales;f__Rikenellaceae;g__Alistipes;s__Alistipes_senegalensis	k__Bacteria;p__Firmicutes;c__Clostridia;o__Clostridiales;f__Lachnospiraceae;g__Blautia;s__Blautia_sp._KLE_1732	k__Bacteria;p__Bacteroidetes;c__Bacteroidia;o__Bacteroidales;f__Bacteroidaceae;g__Bacteroides;s__Bacteroides_oleiciplenus	k__Bacteria;p__Firmicutes;c__Clostridia;o__Clostridiales;f__Ruminococcaceae;g__Ruminococcus;s__Ruminococcus_bicirculans	k__Bacteria;p__Bacteroidetes;c__Bacteroidia;o__Bacteroidales;f__Bacteroidaceae;g__Bacteroides;s__Bacteroides_fluxus	k__Bacteria;p__Bacteroidetes;c__Bacteroidia;o__Bacteroidales;f__Prevotellaceae;g__Prevotella;s__Prevotella_stercorea	k__Bacteria;p__Firmicutes;c__Clostridia;o__Clostridiales;f__Lachnospiraceae;g__Dorea;s__Dorea_longicatena	k__Bacteria;p__Firmicutes;c__Clostridia;o__Clostridiales;f__Eubacteriaceae;g__Eubacterium;s__[Eubacterium]_eligens	k__Bacteria;p__Firmicutes;c__Clostridia;o__Clostridiales;f__Ruminococcaceae;g__;s__Ruminococcaceae_bacterium_D16	k__Bacteria;p__Firmicutes;c__Clostridia;o__Clostridiales;f__Lachnospiraceae;g__Coprococcus;s__Coprococcus_comes	k__Bacteria;p__Proteobacteria;c__Gammaproteobacteria;o__Enterobacterales;f__Enterobacteriaceae;g__Escherichia;s__Escherichia_coli	k__Bacteria;p__Firmicutes;c__Clostridia;o__Clostridiales;f__Ruminococcaceae;g__Anaerotruncus;s__Anaerotruncus_colihominis	k__Bacteria;p__Firmicutes;c__Clostridia;o__Clostridiales;f__Lachnospiraceae;g__Blautia;s__Blautia_obeum	k__Bacteria;p__Bacteroidetes;c__Bacteroidia;o__Bacteroidales;f__Odoribacteraceae;g__Odoribacter;s__Odoribacter_laneus	k__Bacteria;p__Firmicutes;c__Clostridia;o__Clostridiales;f__Ruminococcaceae;g__Ruminiclostridium;s__[Clostridium]_leptum	k__Bacteria;p__Bacteroidetes;c__Bacteroidia;o__Bacteroidales;f__Porphyromonadaceae;g__Parabacteroides;s__Parabacteroides_goldsteinii	k__Bacteria;p__Firmicutes;c__Clostridia;o__Clostridiales;f__Lachnospiraceae;g__Anaerostipes;s__Anaerostipes_hadrus	k__Bacteria;p__Firmicutes;c__Clostridia;o__Clostridiales;f__Ruminococcaceae;g__Ruminococcus;s__Ruminococcus_lactaris	k__Bacteria;p__Firmicutes;c__Clostridia;o__Clostridiales;f__Clostridiaceae;g__Clostridium;s__Clostridium_sp._L2-50	k__Bacteria;p__Firmicutes;c__Clostridia;o__Clostridiales;f__Clostridiaceae;g__Clostridium;s__Clostridium_sp._M62/1	k__Bacteria;p__Firmicutes;c__Clostridia;o__Clostridiales;f__;g__Intestinimonas;s__Intestinimonas_butyriciproducens	k__Bacteria;p__Actinobacteria;c__Actinobacteria;o__Bifidobacteriales;f__Bifidobacteriaceae;g__Bifidobacterium;s__Bifidobacterium_bifidum	k__Bacteria;p__Firmicutes;c__Negativicutes;o__Veillonellales;f__Veillonellaceae;g__Dialister;s__Dialister_invisus	k__Bacteria;p__Bacteroidetes;c__Bacteroidia;o__Bacteroidales;f__Bacteroidaceae;g__Bacteroides;s__Bacteroides_salanitronis
k__Bacteria;p__Bacteroidetes;c__Bacteroidia;o__Bacteroidales;f__Bacteroidaceae;g__Bacteroides;s__Bacteroides_vulgatus	1.0	-0.034580584187	-0.00181116697085	-0.0263998557433	-0.004841365338	0.0132672350314	0.0017635453799	-0.00734408418295	-0.0660975205219	-0.0103400032575	-0.0698258126376	-0.00166651109715	-0.023823714171	-0.0525524806511	0.0189320757983	0.0160188826315	-0.00829661856985	-0.000979632108985	-0.0437341208297	0.0171908254757	-0.0117678421942	0.0266324377377	-0.0148864706741	0.0672100591393	0.0199055617464	-0.0563698398369	0.0048163039962	0.0543225905957	0.057859398345	-0.0172799569542	-0.00532009954902	-0.0011699702467	0.0236379054778	0.021841760034	0.0200437363631	0.000388609487042	0.0156333773052	0.011226932854	0.01332414124	-0.0751175523232	0.0258428763748	-0.0159911508064	-0.0304582236214	-0.00736678645115	0.013374665224	-0.0404872801718	0.0228144219052	0.00696907221306	0.00282108111615	-0.0162887273557	-0.0278637510125	-0.0283854554431	0.0453181572275	0.00465261931735	-0.0238900522987	-0.0056995633608	-0.030336536576	0.0440051165451	0.00897270613277
k__Bacteria;p__Bacteroidetes;c__Bacteroidia;o__Bacteroidales;f__Bacteroidaceae;g__Bacteroides;s__Bacteroides_uniformis	-0.034580584187	1.0	0.0261500431693	0.0329458244449	0.0313923375325	0.0080027154618	0.0498025615537	-0.00439515741047	0.00174019175995	0.00326717891815	-0.00553173652281	-0.0343114502059	-0.0155566653722	-0.0584158400929	-0.0218844181256	-0.0120493032085	-0.037296198524	0.0159436864742	0.0178736864011	-0.0517456436418	0.00671422305233	-0.063744165798	-0.00736294338602	0.0314840456915	-0.0412790733748	0.0131554488904	0.0129719775437	0.00564566674288	0.0511696372819	0.0262252983372	-0.032015123495	-0.0328153257307	0.0272203331149	0.0149322850172	-0.0516829576105	-0.0365279087078	-0.0371197145427	-0.0176786693195	-0.029226907779	0.0126632183357	0.0118845546392	0.0141955710083	-0.0350271757359	-0.0135476956051	0.00343306145802	-0.0493197819564	-0.0250611860626	0.0408535694489	-0.0247169670752	-0.0193557286937	-0.0432570084488	-0.0328994984118	0.02815348606	0.0452524492161	0.0153158228856	-0.0540209572461	0.00029002952132	-0.00178965935942	-0.013439100998
k__Bacteria;p__Bacteroidetes;c__Bacteroidia;o__Bacteroidales;f__Rikenellaceae;g__Alistipes;s__Alistipes_putredinis	-0.00181116697085	0.0261500431693	1.0	0.00706038594424	-0.0165100413605	-0.0273908946509	-0.027600930646	0.00668665942482	0.04519383998	-0.00127808284998	0.0235449311924	0.00153534147616	0.0425645772862	0.011237322666	-1.34496298917e-05	0.00288084053438	0.0234870661172	0.00513810795603	-0.040572216589	-0.0600146983934	-0.0156711732359	-0.0178871259571	-0.0197004496113	0.0439077560999	-0.00929875246861	0.01512400262	0.00984693015133	0.00339569694894	-0.0262668111734	0.0770481234571	-0.0574970915765	0.0525449583483	0.0447482883007	0.0027572145469	-0.0423272155628	0.0352715556846	0.00171858119958	0.00300869615855	-0.0285022057041	0.0487884494263	0.0151982182162	0.00410236758234	-0.0460844305588	-0.0580615161097	-0.0015601679759	0.0527718811484	-0.0015178433976	-0.0348016572989	0.0546817355706	-0.0725846905362	-0.0233202456867	-0.00207982295129	-0.0157023688304	-0.0353556949822	-0.0595383429213	-0.0848073714882	-0.0188868465421	-0.0118870581387	0.0157123757202
k__Bacteria;p__Bacteroidetes;c__Bacteroidia;o__Bacteroidales;f__Prevotellaceae;g__Prevotella;s__Prevotella_copri	-0.0263998557433	0.0329458244449	0.00706038594424	1.0	0.010689523012	-0.0405952281605	0.0205136729377	-0.0310222999994	-0.00754716787125	0.0084129905313	0.0416465497395	0.000214185881284	0.0197119055163	-0.0160273876382	0.000340904446927	-0.058961502794	-0.0244827849611	-0.00376899955452	0.0388590624947	0.0330260203638	0.051377661927	-0.0165027443209	0.0629076200356	-0.0485865722196	0.0151432741577	-0.0288910226617	-0.0178361570764	0.0137868869881	-0.0370821359814	0.0121046582766	-0.00524529975266	0.0209375417136	-0.0328407654026	-0.0100617629761	0.00852876251985	-0.00415952624021	-0.0286481694936	-0.0247151503631	-0.0258493101013	-0.0284268061829	-0.0120352278109	-0.0723994577936	-0.0268491053355	-0.00858250600496	-0.074383217382	-0.0384011494108	-0.0261674343688	-0.0104472293461	-0.014979871889	-0.0400559118057	0.0117774542695	-0.0109064308993	-0.0164095270947	0.00348724745835	0.0200253737505	-0.00795521783682	-0.00036721367494	0.0613771548866	0.0109002759909
k__Bacteria;p__Bacteroidetes;c__Bacteroidia;o__Bacteroidales;f__Bacteroidaceae;g__Bacteroides;s__Bacteroides_stercoris	-0.004841365338	0.0313923375325	-0.0165100413605	0.010689523012	1.0	0.00123532475827	-0.0128944411905	0.0220865043258	-0.0286841947823	0.0303450758551	-0.0328484170317	-0.00319385379873	-0.0222829393995	-0.0186253676047	-0.00282399094575	-0.01534139592	-0.0152126221928	0.0172520358191	0.0630538242686	0.00225288853295	-0.0147208733356	0.0332853455298	-0.00543274422837	-0.0586321987297	-0.0230601747041	-0.034445483762	-0.0163114860428	-0.0010235013667	0.046218313762	-0.0456427562826	-0.00488488015037	0.00691707304985	-0.00809304971566	-0.0273920273468	-0.058666401606	-0.0282989284377	-0.0635521981557	-0.0158591882872	0.0378791278619	0.0303467963033	-0.0478847356303	-0.00723563625064	-0.0762073237319	0.0191303016829	0.041690325988	-0.0409926715717	-0.00807481872944	-0.00783574164631	-0.0124073644006	-0.026465322621	0.0139811848329	-0.0178445567734	-0.0178209916061	-0.0435058742468	-0.0293700672568	-0.0247053766957	0.0413879786895	-0.0367394879144	-0.0158262155369
k__Bacteria;p__Bacteroidetes;c__Bacteroidia;o__Bacteroidales;f__Bacteroidaceae;g__Bacteroides;s__Bacteroides_ovatus	0.0132672350314	0.0080027154618	-0.0273908946509	-0.0405952281605	0.00123532475827	1.0	-0.0545617619875	-0.0635365559133	0.00222417896438	-0.0088656536576	-0.0382885454876	0.0409798600883	0.0586455936155	-0.00398138235055	0.013631072616	0.00464539250433	0.00214393199051	-0.0292655279953	-0.024455224924	0.00717085392025	-0.00773586915422	-0.0464220415297	-0.00856494404527	-0.0172975220504	-0.0201002089608	-0.0145187169938	0.0187886797295	-0.0625061973775	-0.0121822444405	-0.00749787207579	-0.0180215854992	0.0264389172189	0.000464508884763	0.00136228169754	-0.00538261712088	-0.0342170504519	0.00465683048442	-0.0118302032072	0.00434001831963	-0.00932514139787	0.0310678505556	-0.0213043815014	-0.0318062273264	-0.0518726644149	-0.0120665110724	0.0389894890377	0.0112060182967	-0.0142427120718	0.0170374412329	0.0301882079851	0.00337152490037	0.00440341862181	-0.00474369855491	0.0259258814323	-0.0263177599971	-0.0196234143255	-0.0686858306145	0.0173773863102	-0.0163089097725
k__Bacteria;p__Bacteroidetes;c__Bacteroidia;o__Bacteroidales;f__Rikenellaceae;g__Alistipes;s__Alistipes_shahii	0.0017635453799	0.0498025615537	-0.027600930646	0.0205136729377	-0.0128944411905	-0.0545617619875	1.0	0.00911961184778	-0.0010937944841	0.017782947723	-0.0304749894745	-0.00631223065704	0.0431829205986	0.0697690709635	-0.0218069759673	-0.0379078408816	-0.0276006270781	-0.0340926135363	0.0202950921619	0.00667944794531	-0.0611952716761	-0.00744513632359	0.0122681518047	-0.0153663102541	-0.0213942013606	0.0339239167372	0.00332217147263	0.00371100208991	0.0340947677976	0.00482651004302	0.0228453789435	-0.00320807257684	-0.0256690980961	0.0575455843515	-0.0158811285866	-0.0289529521493	0.0079700641693	0.0181792629934	0.0011852034836	0.0272168114213	-0.0277829060176	-0.0667460964228	0.0428832179388	-0.0314184471413	-0.0368443602654	-0.0182486803387	-0.0143795354747	0.0637547234738	-0.000612352217577	-0.00590343777846	-0.0392957276678	-0.0147955242319	-0.0186245464202	-0.00413767600458	0.0159378666722	0.0141691043439	-0.0251011752293	0.0386270206141	0.0172957831003
k__Bacteria;p__Firmicutes;c__Clostridia;o__Clostridiales;f__Ruminococcaceae;g__Faecalibacterium;s__Faecalibacterium_prausnitzii	-0.00734408418295	-0.00439515741047	0.00668665942482	-0.0310222999994	0.0220865043258	-0.0635365559133	0.00911961184778	1.0	-0.0257381271657	-0.0521041195905	-0.0329279969926	-0.0300825400482	0.0415283845848	0.0209148026195	0.025109037159	-0.00281910052663	-0.0871215133286	-0.036893726721	-0.0112165670923	-0.00953156270889	-0.0804362820413	0.0438207731456	-0.0397128369102	0.0163831467033	0.0149140643504	-0.0540481307979	0.0421597926805	-0.0664138992567	0.00684763744947	-0.0165212734058	-0.0225003610763	-0.00261977959648	0.0141618144773	-0.00118426119863	0.0294707466808	0.00524994493609	-0.0457269077723	0.081684183111	-0.0550147948343	0.0387822263178	-0.00793831748492	0.0111715620041	0.0354946710898	0.0145618964477	-0.0425600519643	-0.0539984423748	0.0273542266854	-0.0196415318634	0.0261280863818	0.00264017509925	-0.0523322160698	0.00185809817789	-0.0830733657364	-0.0320441975531	0.0356942871559	0.0259946195771	0.0163404984279	0.0187525304723	0.000727363233987
k__Bacteria;p__Bacteroidetes;c__Bacteroidia;o__Bacteroidales;f__Rikenellaceae;g__Alistipes;s__Alistipes_finegoldii	-0.0660975205219	0.00174019175995	0.04519383998	-0.00754716787125	-0.0286841947823	0.00222417896438	-0.0010937944841	-0.0257381271657	1.0	-0.0282428810237	0.0509484989822	-0.00489343577983	-0.00119869958262	0.0218104179005	0.00265605858531	-0.0152269840292	-0.00577067160516	-0.031176921964	0.0405673266185	0.0551738449109	-0.0125495655016	0.021547748113	0.0300438375966	0.0625920238988	-0.0776485609373	-0.0154538440738	-0.0291820493374	-0.0435562859071	0.00166173636824	-0.00680044587344	-0.0380504606652	-0.0146955457365	-0.030714043997	-0.00140695826721	-0.0127529669541	-0.0488668498795	-0.00205093049719	-0.00964540191319	-0.047112535728	-0.031486144304	-0.0238986701637	0.00279698481371	0.0393646112798	0.0333519815513	-0.0288108806073	-0.0488022522521	0.0178831560286	0.0166292309954	0.0134661725016	-0.0033268933984	-0.00765328818066	9.81978482404e-05	-0.0298260497914	-0.0068321653948	0.0411887040391	-0.0170351005418	0.0369382938092	-0.0426765690142	-0.0360619844253
k__Bacteria;p__Bacteroidetes;c__Bacteroidia;o__Bacteroidales;f__Porphyromonadaceae;g__Parabacteroides;s__Parabacteroides_distasonis	-0.0103400032575	0.00326717891815	-0.00127808284998	0.0084129905313	0.0303450758551	-0.0088656536576	0.017782947723	-0.0521041195905	-0.0282428810237	1.0	-0.0157430723802	0.0701840221672	-0.0371220148011	0.0252794078168	-0.00834273263398	-0.0346688994655	0.0190620733958	0.0503366348549	0.0177215081586	0.0469348930464	0.0181421867839	-0.0162419670009	-0.010518795822	-0.0294620551875	-0.0249563806402	-0.0316126411706	-0.0751057621923	0.0103619108247	0.0799626020635	-0.0124295869175	0.024742683043	-0.00157291082164	0.063835880435	0.00512184652496	-0.0192991271187	-0.0211519571055	-0.0402430960142	0.00576612640444	-0.0174601259207	-0.0177531398304	-0.0182818051199	0.0208808066514	0.00918532133762	-0.00106465046406	-0.0655115338165	0.0285758944174	0.0226020828859	-0.0554382655126	-0.0314582029155	-0.00492346846536	0.00267787071481	-0.00907174955711	-0.0035276193514	-0.00810210149089	-0.0367778964844	0.0232799292132	-0.0172385532326	0.0314217915074	-0.0176326342957
k__Bacteria;p__Bacteroidetes;c__Bacteroidia;o__Bacteroidales;f__Bacteroidaceae;g__Bacteroides;s__Bacteroides_thetaiotaomicron	-0.0698258126376	-0.00553173652281	0.0235449311924	0.0416465497395	-0.0328484170317	-0.0382885454876	-0.0304749894745	-0.0329279969926	0.0509484989822	-0.0157430723802	1.0	0.00440041579566	-0.0194537994765	-0.0267638520549	-0.0349246020799	-0.0302626249682	-0.0148478009422	0.0133109411615	-0.00745080933433	0.0337238838193	-0.0269265555765	-0.0298175068844	-0.0489726829627	-0.0087670505972	-0.0286852255544	-0.0175140628154	-0.0193162556894	-0.0159176958317	-0.0128893140819	-0.0124336127933	-0.00263877992141	-0.0387967545555	-0.0187254292394	-0.0147480308129	-0.0446621133326	-0.0433703639586	0.0284203336495	0.0307313510937	-0.00283329910722	-0.0589991812498	-0.0123992479159	0.0315496824417	0.0473908240428	-0.0216275067275	0.0146825696731	-0.0315903307984	-0.0136483238135	0.000389116490843	-0.0271765904203	0.0143902351873	0.0376270029602	-0.00307633182078	-0.0140220101167	0.0534469349389	-0.00350428318864	-0.0110030579613	-0.0190783673432	0.0521011369548	-0.035999633541
k__Bacteria;p__Bacteroidetes;c__Bacteroidia;o__Bacteroidales;f__Bacteroidaceae;g__Bacteroides;s__Bacteroides_coprocola	-0.00166651109715	-0.0343114502059	0.00153534147616	0.000214185881284	-0.00319385379873	0.0409798600883	-0.00631223065704	-0.0300825400482	-0.00489343577983	0.0701840221672	0.00440041579566	1.0	-0.0733670907255	0.0315746315218	-0.0478984619997	-0.00646336330605	0.0280726660006	-0.00370181331368	-0.00445849398822	-0.00240227971061	-0.00572265332167	-0.0783158968672	-0.0327185246982	-0.0617847663791	-0.0167247919036	0.0651635080713	0.0134872480179	0.00585897765029	0.00540170867697	-0.000977795095961	0.0273125756343	0.0194742844944	0.0295672197592	-0.0259965676444	-0.125273739525	-0.00405171466742	-0.0810395300622	-0.0177146522571	0.0476729758479	0.0121162528694	0.0438101457888	0.0511571600766	-0.0263359006034	-0.0653059668742	-0.0668413475019	-0.0445613943921	-0.011043913559	-0.014793249734	-0.0196748592828	-0.0260183945684	-0.0144220549943	0.00562641441463	0.0267770531717	0.0143243464508	0.00713017101468	0.041563201042	0.00948154243353	0.0162526773946	0.0247135369685
k__Bacteria;p__Bacteroidetes;c__Bacteroidia;o__Bacteroidales;f__Bacteroidaceae;g__Bacteroides;s__Bacteroides_cellulosilyticus	-0.023823714171	-0.0155566653722	0.0425645772862	0.0197119055163	-0.0222829393995	0.0586455936155	0.0431829205986	0.0415283845848	-0.00119869958262	-0.0371220148011	-0.0194537994765	-0.0733670907255	1.0	-0.0760369990596	0.00301054002745	-0.0472827505497	0.0323538646414	-0.0409158667302	0.0190448030299	-0.0356300315982	0.0145559570012	0.0448510109029	0.00196739231908	-0.020514649587	0.0239930862237	-0.0119631525067	0.00230050044362	0.024959140223	-0.0328209592231	0.0199962489701	0.0124010044352	0.00271684915867	-0.0114569401587	-0.015327484681	-0.0201318518582	-0.0211958561658	-0.0411553556958	0.0285497158496	-0.0401050196325	-0.00481133595283	-0.0682290270747	-0.00143597122483	-0.0261297775729	-0.0534771945418	-0.0219147885868	-0.0175264392049	0.0253133683663	0.0325812333851	0.0279502197472	0.00877585448301	-0.0333132423824	0.0274337438383	-0.0180781029441	-0.035536105088	-0.00252789707323	-0.0704902655341	0.0237297887002	-0.0752630424208	0.0967069209127
k__Bacteria;p__Bacteroidetes;c__Bacteroidia;o__Bacteroidales;f__Rikenellaceae;g__Alistipes;s__Alistipes_obesi	-0.0525524806511	-0.0584158400929	0.011237322666	-0.0160273876382	-0.0186253676047	-0.00398138235055	0.0697690709635	0.0209148026195	0.0218104179005	0.0252794078168	-0.0267638520549	0.0315746315218	-0.0760369990596	1.0	-0.0180440231925	0.0028398070798	-0.0194986850738	-0.0340749213694	-0.0105008673576	0.00423306656575	-0.0349315277236	0.0664000510511	0.00214891372758	-0.00453348177341	0.000950436204754	-0.034528967872	-0.120654071581	-0.0311719082393	-0.00564079282811	-0.0343664657197	-0.0157247509694	0.0517676283201	-0.0432144928615	-0.0269755902299	-0.0041885027106	-0.0310651487605	0.0406357317274	-0.0122706714504	0.0311807656346	-0.0403025966735	-0.0432010165409	-0.0411628912872	-0.0111029704169	0.0262099532717	0.000685530198908	0.000552334405104	-0.0436176923963	0.00743301200683	-0.00591638610719	-0.018946410179	-0.0138630111556	0.0125250955415	-0.0148121761118	-0.0850592280545	-0.0497159949446	-0.051755736911	-0.0104642455199	0.0759592508903	-0.0430823780493
k__Bacteria;p__Firmicutes;c__Clostridia;o__Clostridiales;f__Lachnospiraceae;g__;s__[Eubacterium]_rectale	0.0189320757983	-0.0218844181256	-1.34496298917e-05	0.000340904446927	-0.00282399094575	0.013631072616	-0.0218069759673	0.025109037159	0.00265605858531	-0.00834273263398	-0.0349246020799	-0.0478984619997	0.00301054002745	-0.0180440231925	1.0	-0.0160402206264	0.021434219417	0.0176141130817	0.035066378533	-0.0401029775897	-0.0680822113773	0.0383117407189	-0.0258851261232	0.0390555787764	-0.0117162300846	-0.0200301996587	0.0320567640387	-0.0100840353505	-0.0188234378315	-0.0219397782331	0.0194387162421	-0.0386255393693	-0.00527884908781	0.0565057137771	0.0105325207212	0.0563668132533	-0.0263049360374	-0.0322142069131	0.00427292902357	0.00739170155258	-0.0411009059188	-0.0470935018744	-0.023367965673	-0.0706814305111	0.0351483975278	-0.00841530947425	-0.0630224150299	-0.0155936559275	-0.029581878534	-0.0514195552252	-0.00985690210434	0.00530813351391	-0.0471909246393	0.00578823852175	-0.0227575484637	-0.0257538955728	0.00883834943868	-0.0442871432448	-0.0243734669295
k__Bacteria;p__Bacteroidetes;c__Bacteroidia;o__Bacteroidales;f__Bacteroidaceae;g__Bacteroides;s__Bacteroides_plebeius	0.0160188826315	-0.0120493032085	0.00288084053438	-0.058961502794	-0.01534139592	0.00464539250433	-0.0379078408816	-0.00281910052663	-0.0152269840292	-0.0346688994655	-0.0302626249682	-0.00646336330605	-0.0472827505497	0.0028398070798	-0.0160402206264	1.0	0.0103369237343	-0.0302808151127	-0.00163277087492	-0.0317685285452	0.0498347955044	0.0462107857917	0.0502494170925	-0.0314928953257	0.0328465911924	0.0249495891424	-0.00935385549986	0.00548476764155	-0.0069121031073	-0.0154540542826	-0.016851168507	0.00887467141591	0.0461602193798	0.011237527326	-0.0146936074744	-0.041276321526	0.0509334779951	0.0400302240112	-0.0433314374939	-0.0452013447984	-0.010012591542	-0.0522607421606	-0.0270070001511	0.0320254218366	-0.0129990437948	0.0272158975569	-0.0417144520599	-0.0168768271778	-0.0149997137747	0.055583258235	-0.052884820506	-0.0880429152806	0.0463195714078	0.00957266986949	0.0638713980077	-0.0279686541456	0.0352204823506	0.000788003156456	0.0258041158482
k__Bacteria;p__Bacteroidetes;c__Bacteroidia;o__Bacteroidales;f__Bacteroidaceae;g__Bacteroides;s__Bacteroides_fragilis	-0.00829661856985	-0.037296198524	0.0234870661172	-0.0244827849611	-0.0152126221928	0.00214393199051	-0.0276006270781	-0.0871215133286	-0.00577067160516	0.0190620733958	-0.0148478009422	0.0280726660006	0.0323538646414	-0.0194986850738	0.021434219417	0.0103369237343	1.0	0.00441921597826	0.0116677317794	-0.0140346126485	-0.0144182086126	-0.0133497631794	0.00325973514807	0.00525340247006	0.00873562277555	-0.0678363649275	-0.0117373360687	-0.0342783949904	-0.0424659555873	-0.019617989872	-0.0691018930239	-0.024900717682	-0.0218611903221	-0.0059073031871	-0.00397150135052	-0.0160022880044	0.0549659867224	-0.0003231763261	0.0608021824461	-0.0266432668435	-0.0691389155254	0.0069108161424	-0.027867507888	-0.00541695856694	-0.000723402254804	-0.00462603380438	-0.0504270796584	0.0634650535443	-0.0404752931537	0.0308115249722	0.0129070208063	-0.017250525361	0.0252845228331	0.0581015834419	-0.0352338529689	-0.0302013845553	-0.01532979281	0.0345576983483	-0.0248397997075
k__Bacteria;p__Proteobacteria;c__Betaproteobacteria;o__Burkholderiales;f__Sutterellaceae;g__Sutterella;s__Sutterella_wadsworthensis	-0.000979632108985	0.0159436864742	0.00513810795603	-0.00376899955452	0.0172520358191	-0.0292655279953	-0.0340926135363	-0.036893726721	-0.031176921964	0.0503366348549	0.0133109411615	-0.00370181331368	-0.0409158667302	-0.0340749213694	0.0176141130817	-0.0302808151127	0.00441921597826	1.0	0.034568375835	0.0144646470457	0.00888381111986	-0.0198382155393	-0.00624415305823	0.060343206158	0.00994050612501	-0.041144036025	-0.0454378057136	-0.00566112387329	-0.0513164093777	0.000666197579794	-0.0296921556112	-0.0966963911539	-0.0323396049186	0.00806090801698	-0.0664671638152	0.0666098077064	-0.0149866683256	-0.0278306590153	-0.0310272106235	-0.0438971813255	-0.0324021433755	-0.00332463337754	0.0213997278957	0.0155690469876	-0.0333493734751	0.0192250344485	-0.0469281757572	-0.0487440141175	0.0482661092118	-0.0483340254625	-0.0121489994666	0.0121350860407	0.0192351429507	-0.0592470643279	-0.0409529516675	-0.026791625022	0.0299475247213	0.0208703887955	-0.00215471196833
k__Bacteria;p__Bacteroidetes;c__Bacteroidia;o__Bacteroidales;f__Porphyromonadaceae;g__Barnesiella;s__Barnesiella_intestinihominis	-0.0437341208297	0.0178736864011	-0.040572216589	0.0388590624947	0.0630538242686	-0.024455224924	0.0202950921619	-0.0112165670923	0.0405673266185	0.0177215081586	-0.00745080933433	-0.00445849398822	0.0190448030299	-0.0105008673576	0.035066378533	-0.00163277087492	0.0116677317794	0.034568375835	1.0	-0.0593023219267	-0.00650425634727	-0.0138106664774	0.0333317374179	0.0448821850667	-0.0340726700313	-0.0275806512894	-0.104033253014	0.0486373869862	-0.108010813066	-0.0369993004655	0.0660252325025	-0.00643623643949	0.00832571986665	-0.0366069193597	-0.0431555274066	0.00993454466913	0.0568507192007	-0.055256508404	-0.00444740164942	0.0472619532276	-0.0620131942352	0.012660215304	0.00966219140398	0.0286865846589	-0.0475761601154	0.0338131765691	-0.00403862216722	0.00501953109476	-0.0428440121696	-0.0102436171087	-0.0292065766489	0.0291855038376	-0.0219126936813	-0.020798783496	-0.0442040508026	-0.0102812421969	0.034401718886	-0.0599425034063	-0.0394276534275
k__Bacteria;p__Bacteroidetes;c__Bacteroidia;o__Bacteroidales;f__Odoribacteraceae;g__Odoribacter;s__Odoribacter_splanchnicus	0.0171908254757	-0.0517456436418	-0.0600146983934	0.0330260203638	0.00225288853295	0.00717085392025	0.00667944794531	-0.00953156270889	0.0551738449109	0.0469348930464	0.0337238838193	-0.00240227971061	-0.0356300315982	0.00423306656575	-0.0401029775897	-0.0317685285452	-0.0140346126485	0.0144646470457	-0.0593023219267	1.0	0.0113718591926	-0.025742004546	0.0534843459015	0.00138657081883	-0.0385991737225	-0.0187637345705	-0.042473305028	0.0334827810882	-0.03490914626	-0.0272790619543	-0.0365779808442	-0.0191033547947	0.00513666959247	0.0676500590116	-0.0224057168812	-0.0914631687823	0.0129728958009	0.0199108395242	0.0180374395115	-0.00387344416588	0.0122956758103	-0.0278672230894	-0.00443586739429	-0.0326351164746	-0.0363297257346	0.0321459794861	-0.00375660898113	-0.00374495911027	0.000143936479276	-0.0665505192464	-0.0460899867817	-0.00296366763181	-0.0465988423139	0.00381890565603	0.0588461338033	0.0164116568936	-0.0472267943212	-0.0111878740445	0.000213276808698
k__Bacteria;p__Bacteroidetes;c__Bacteroidia;o__Bacteroidales;f__Bacteroidaceae;g__Bacteroides;s__Bacteroides_salyersiae	-0.0117678421942	0.00671422305233	-0.0156711732359	0.051377661927	-0.0147208733356	-0.00773586915422	-0.0611952716761	-0.0804362820413	-0.0125495655016	0.0181421867839	-0.0269265555765	-0.00572265332167	0.0145559570012	-0.0349315277236	-0.0680822113773	0.0498347955044	-0.0144182086126	0.00888381111986	-0.00650425634727	0.0113718591926	1.0	-0.00447695372316	-0.0116388125305	0.0196850706626	0.0187136474164	0.00488649970357	0.0219460136842	0.029684301406	0.031465572351	-0.00436950248685	-0.00277012546804	-0.0422272891514	-0.00501680897308	0.0510651608698	-0.019817477026	-0.00465594395023	-0.0270231929711	-0.0731709341338	-0.00486846095407	-0.0509023032246	0.0568729529787	0.00697328228897	0.00451404856903	0.0290773324345	-0.0124095797652	-0.00875249829503	-0.0707295853516	-0.0187115029104	-0.0254202680942	-0.00929529668577	0.0292603646895	0.0515105488777	-0.0110431456932	-0.0534279934587	-0.0602237877546	-0.0177195615302	-0.00751742089338	-0.0213392328743	0.0630293052775
k__Bacteria;p__Firmicutes;c__Clostridia;o__Clostridiales;f__Ruminococcaceae;g__Ruminiclostridium;s__[Eubacterium]_siraeum	0.0266324377377	-0.063744165798	-0.0178871259571	-0.0165027443209	0.0332853455298	-0.0464220415297	-0.00744513632359	0.0438207731456	0.021547748113	-0.0162419670009	-0.0298175068844	-0.0783158968672	0.0448510109029	0.0664000510511	0.0383117407189	0.0462107857917	-0.0133497631794	-0.0198382155393	-0.0138106664774	-0.025742004546	-0.00447695372316	1.0	-0.0255422685422	-0.0193943311841	0.0186723763479	-0.0509113122834	-0.0191276201182	-0.0143774995922	-0.0662018149137	0.0657880143055	-0.00623772384747	-0.0371008772964	-0.00664291168528	-0.00934342616051	0.000104473659905	-0.00594340716516	-0.0248649834089	0.000307061734943	-0.0277186865405	0.0128799931633	0.0111523355301	0.00348685472945	0.0121938920436	-0.0243196121223	0.0155619178044	-0.0404950904825	0.01739034749	0.0290310487069	0.0100891567042	0.021662329143	0.011245732341	0.0626710217417	-0.0821857948423	-0.0361858523614	0.0121307101666	-0.0256246512541	-0.0221616034805	0.0103812584009	-0.0178775246907
k__Bacteria;p__Proteobacteria;c__Betaproteobacteria;o__Burkholderiales;f__Sutterellaceae;g__Parasutterella;s__Parasutterella_excrementihominis	-0.0148864706741	-0.00736294338602	-0.0197004496113	0.0629076200356	-0.00543274422837	-0.00856494404527	0.0122681518047	-0.0397128369102	0.0300438375966	-0.010518795822	-0.0489726829627	-0.0327185246982	0.00196739231908	0.00214891372758	-0.0258851261232	0.0502494170925	0.00325973514807	-0.00624415305823	0.0333317374179	0.0534843459015	-0.0116388125305	-0.0255422685422	1.0	0.0179177715224	0.00907694226928	-0.0102056385852	0.036927974365	0.00808019434393	0.00512637686041	0.000453758514729	-0.0827089086649	-0.0184182864178	-0.0165137061205	-0.0597216466551	0.0147936613036	-0.0103134703235	-0.0197622619015	-0.0467797459189	-0.00839236536321	-0.0489974916182	-0.0336179920703	-0.0765384534269	0.0251552735606	0.0455030909927	-0.00820833258616	0.00498021271532	-0.0131611655644	-0.0237850069347	0.0209716191352	0.0172298818435	0.00731482573012	0.00858138158198	-0.0432818508734	-0.0474680487923	-0.0385774158148	0.064711825526	-0.00135796374588	0.0444442390157	-0.0226180539305
k__Bacteria;p__Actinobacteria;c__Actinobacteria;o__Bifidobacteriales;f__Bifidobacteriaceae;g__Bifidobacterium;s__Bifidobacterium_adolescentis	0.0672100591393	0.0314840456915	0.0439077560999	-0.0485865722196	-0.0586321987297	-0.0172975220504	-0.0153663102541	0.0163831467033	0.0625920238988	-0.0294620551875	-0.0087670505972	-0.0617847663791	-0.020514649587	-0.00453348177341	0.0390555787764	-0.0314928953257	0.00525340247006	0.060343206158	0.0448821850667	0.00138657081883	0.0196850706626	-0.0193943311841	0.0179177715224	1.0	-0.0109407588365	-0.014945036766	-0.0175864889626	-0.0275308510349	-0.0423399128531	0.0118859198692	-0.0288225742115	0.00927896622993	-0.0416526134628	0.0175916655373	0.0272063803252	-0.0081068069161	-0.0289475018348	-0.0189868853026	0.00822905189027	0.00997979279289	-0.000843542375608	-0.0394381349763	-0.0268233080245	0.00898823263936	-0.0120540937912	0.0356807022127	-0.0228978165627	-0.0132576763573	-0.00475585416129	-0.00991145711469	-0.0309938763275	0.0217383481537	-0.00525665476074	0.0283489511443	0.00664517351557	-0.0129268792025	-0.0162073226494	-0.0283206477929	-0.00572944900758
k__Bacteria;p__Firmicutes;c__Clostridia;o__Clostridiales;f__Oscillospiraceae;g__Oscillibacter;s__Oscillibacter_sp._KLE_1745	0.0199055617464	-0.0412790733748	-0.00929875246861	0.0151432741577	-0.0230601747041	-0.0201002089608	-0.0213942013606	0.0149140643504	-0.0776485609373	-0.0249563806402	-0.0286852255544	-0.0167247919036	0.0239930862237	0.000950436204754	-0.0117162300846	0.0328465911924	0.00873562277555	0.00994050612501	-0.0340726700313	-0.0385991737225	0.0187136474164	0.0186723763479	0.00907694226928	-0.0109407588365	1.0	0.0428654157311	-0.0241540234611	-0.0588999677557	-0.0252433175453	0.0253054596619	0.000261248784619	-0.0562710458768	-0.0340419251909	0.0161816572762	0.0054389385766	-0.0390741437638	-0.00730981091697	-0.012981691407	0.0225113281519	-0.0425133662928	-0.0242864540019	0.0394414392878	-0.0992220230344	0.0478302340161	-0.0107521376172	-0.0195551139821	0.0554517013841	-0.00902580883021	-0.0370191761129	-0.0207067114594	-0.00454480762511	0.00789791315813	0.0137726024717	-0.0372399493034	-0.00666986952439	0.0457959226901	0.0110105732237	-0.0675117571989	0.0231711751841
k__Bacteria;p__Bacteroidetes;c__Bacteroidia;o__Bacteroidales;f__Bacteroidaceae;g__Bacteroides;s__Bacteroides_coprophilus	-0.0563698398369	0.0131554488904	0.01512400262	-0.0288910226617	-0.034445483762	-0.0145187169938	0.0339239167372	-0.0540481307979	-0.0154538440738	-0.0316126411706	-0.0175140628154	0.0651635080713	-0.0119631525067	-0.034528967872	-0.0200301996587	0.0249495891424	-0.0678363649275	-0.041144036025	-0.0275806512894	-0.0187637345705	0.00488649970357	-0.0509113122834	-0.0102056385852	-0.014945036766	0.0428654157311	1.0	0.0164095005859	0.0212828014415	0.0132818869592	0.0696664851726	0.0159953703328	0.00612284063863	0.00283324432051	0.00796723032756	0.0341681648822	0.0210378105334	0.017177299192	0.00974086079343	-0.0253790697464	0.0654360470703	-0.00259944293888	0.0158417863821	-0.000433131618516	0.016609130288	-0.0033158681087	0.049019388972	-0.0357103477967	-0.0405096008027	0.0169764522242	-0.0224803473328	0.0080773343859	0.0103426767492	-2.59021494549e-05	-0.020157866795	0.0175482004505	0.0359155619733	0.0529988932324	-0.0668658801841	-0.0100295995257
k__Bacteria;p__Firmicutes;c__Clostridia;o__Clostridiales;f__Lachnospiraceae;g__Roseburia;s__Roseburia_intestinalis	0.0048163039962	0.0129719775437	0.00984693015133	-0.0178361570764	-0.0163114860428	0.0187886797295	0.00332217147263	0.0421597926805	-0.0291820493374	-0.0751057621923	-0.0193162556894	0.0134872480179	0.00230050044362	-0.120654071581	0.0320567640387	-0.00935385549986	-0.0117373360687	-0.0454378057136	-0.104033253014	-0.042473305028	0.0219460136842	-0.0191276201182	0.036927974365	-0.0175864889626	-0.0241540234611	0.0164095005859	1.0	-0.0271517584706	0.0114576208905	0.0399617501142	0.002838372932	-0.004961399486	-0.00926973620411	-0.0125632457365	-0.0105459481131	0.00224379356558	-0.00131579740212	0.0200721137791	-0.0395908603772	-0.0173668689978	0.00588591775843	-0.0592389238376	-0.0175469900073	0.00783411661391	0.0104380813642	-0.00703569679418	0.0055293472825	0.0466949187957	-0.0199616733437	-0.00819289370788	0.000874579208682	-0.00402618616986	0.0373863696653	-0.0419398635426	0.0346247418605	0.0138479685193	-0.00077711180683	0.0194521819339	0.0256902421837
k__Bacteria;p__Firmicutes;c__Clostridia;o__Clostridiales;f__Lachnospiraceae;g__Roseburia;s__Roseburia_hominis	0.0543225905957	0.00564566674288	0.00339569694894	0.0137868869881	-0.0010235013667	-0.0625061973775	0.00371100208991	-0.0664138992567	-0.0435562859071	0.0103619108247	-0.0159176958317	0.00585897765029	0.024959140223	-0.0311719082393	-0.0100840353505	0.00548476764155	-0.0342783949904	-0.00566112387329	0.0486373869862	0.0334827810882	0.029684301406	-0.0143774995922	0.00808019434393	-0.0275308510349	-0.0588999677557	0.0212828014415	-0.0271517584706	1.0	0.0387481898847	0.0147849677106	0.010510758471	0.0329266233374	-0.039534844858	-0.0458984843894	-0.00428170960212	-0.0316124393507	0.0108940679923	-0.0229105817628	0.0537611100141	-0.0179463956338	0.0147864817443	-0.0510845943793	-0.0215729947059	-0.017269832012	0.00165304615797	0.0170878589486	0.0334906728969	-0.035549764977	-0.0163265838126	-0.0278273096148	0.0450416668605	-0.0181935246783	0.0607479975869	0.0450055279292	-0.0598253197176	-0.049660021322	0.0184612858461	0.0187681724982	-0.0748657773262
k__Bacteria;p__Bacteroidetes;c__Bacteroidia;o__Bacteroidales;f__Porphyromonadaceae;g__Parabacteroides;s__Parabacteroides_johnsonii	0.057859398345	0.0511696372819	-0.0262668111734	-0.0370821359814	0.046218313762	-0.0121822444405	0.0340947677976	0.00684763744947	0.00166173636824	0.0799626020635	-0.0128893140819	0.00540170867697	-0.0328209592231	-0.00564079282811	-0.0188234378315	-0.0069121031073	-0.0424659555873	-0.0513164093777	-0.108010813066	-0.03490914626	0.031465572351	-0.0662018149137	0.00512637686041	-0.0423399128531	-0.0252433175453	0.0132818869592	0.0114576208905	0.0387481898847	1.0	-0.0259487831617	-0.0407588329172	0.00290617398794	0.0211484213824	0.00239084982356	-0.000212018391093	0.00074892556917	-0.00753915479646	-0.00378809165569	-0.0144899629696	0.0387969773497	-0.000713012379998	-0.00285010270428	-0.0521596481378	0.0278317299043	0.00545161592794	0.0133871289604	-0.032575698094	-0.054414785964	0.00310332602842	0.00429597679958	-0.112697082698	-0.0122839699364	0.0154064568424	-8.43511867756e-05	-0.0454466025397	0.0500786824468	-0.0488724112202	0.00494799572806	0.00674499508661
k__Bacteria;p__Actinobacteria;c__Actinobacteria;o__Bifidobacteriales;f__Bifidobacteriaceae;g__Bifidobacterium;s__Bifidobacterium_longum	-0.0172799569542	0.0262252983372	0.0770481234571	0.0121046582766	-0.0456427562826	-0.00749787207579	0.00482651004302	-0.0165212734058	-0.00680044587344	-0.0124295869175	-0.0124336127933	-0.000977795095961	0.0199962489701	-0.0343664657197	-0.0219397782331	-0.0154540542826	-0.019617989872	0.000666197579794	-0.0369993004655	-0.0272790619543	-0.00436950248685	0.0657880143055	0.000453758514729	0.0118859198692	0.0253054596619	0.0696664851726	0.0399617501142	0.0147849677106	-0.0259487831617	1.0	0.0196877725963	0.0771409228073	-0.00351883102274	0.0121258373863	-0.0277600117724	0.0643195386381	-0.0263397811985	-0.00754474796465	-0.0317356580222	0.00369947190347	-0.0550813248403	0.00561850827813	-0.0495381024257	-0.0296512891769	-0.00726653573623	-0.0278349403318	0.0228060755655	0.0190718530954	-0.00352558462393	0.0116689042517	0.0210112229606	-0.0320601592981	0.00908583435896	0.0328953482438	0.00137588813954	-0.0595184402628	-0.0115528465604	-0.0135782710651	-0.0290244041173
