#taxonomy	k__Bacteria;p__Bacteroidetes;c__Bacteroidia;o__Bacteroidales;f__Bacteroidaceae;g__Bacteroides;s__Bacteroides_vulgatus	k__Bacteria;p__Bacteroidetes;c__Bacteroidia;o__Bacteroidales;f__Bacteroidaceae;g__Bacteroides;s__Bacteroides_uniformis	k__Bacteria;p__Bacteroidetes;c__Bacteroidia;o__Bacteroidales;f__Rikenellaceae;g__Alistipes;s__Alistipes_putredinis	k__Bacteria;p__Bacteroidetes;c__Bacteroidia;o__Bacteroidales;f__Prevotellaceae;g__Prevotella;s__Prevotella_copri	k__Bacteria;p__Bacteroidetes;c__Bacteroidia;o__Bacteroidales;f__Bacteroidaceae;g__Bacteroides;s__Bacteroides_stercoris	k__Bacteria;p__Bacteroidetes;c__Bacteroidia;o__Bacteroidales;f__Bacteroidaceae;g__Bacteroides;s__Bacteroides_ovatus	k__Bacteria;p__Bacteroidetes;c__Bacteroidia;o__Bacteroidales;f__Rikenellaceae;g__Alistipes;s__Alistipes_shahii	k__Bacteria;p__Firmicutes;c__Clostridia;o__Clostridiales;f__Ruminococcaceae;g__Faecalibacterium;s__Faecalibacterium_prausnitzii	k__Bacteria;p__Bacteroidetes;c__Bacteroidia;o__Bacteroidales;f__Rikenellaceae;g__Alistipes;s__Alistipes_finegoldii	k__Bacteria;p__Bacteroidetes;c__Bacteroidia;o__Bacteroidales;f__Porphyromonadaceae;g__Parabacteroides;s__Parabacteroides_distasonis	k__Bacteria;p__Bacteroidetes;c__Bacteroidia;o__Bacteroidales;f__Bacteroidaceae;g__Bacteroides;s__Bacteroides_thetaiotaomicron	k__Bacteria;p__Bacteroidetes;c__Bacteroidia;o__Bacteroidales;f__Bacteroidaceae;g__Bacteroides;s__Bacteroides_coprocola	k__Bacteria;p__Bacteroidetes;c__Bacteroidia;o__Bacteroidales;f__Bacteroidaceae;g__Bacteroides;s__Bacteroides_cellulosilyticus	k__Bacteria;p__Bacteroidetes;c__Bacteroidia;o__Bacteroidales;f__Rikenellaceae;g__Alistipes;s__Alistipes_obesi	k__Bacteria;p__Firmicutes;c__Clostridia;o__Clostridiales;f__Lachnospiraceae;g__;s__[Eubacterium]_rectale	k__Bacteria;p__Bacteroidetes;c__Bacteroidia;o__Bacteroidales;f__Bacteroidaceae;g__Bacteroides;s__Bacteroides_plebeius	k__Bacteria;p__Bacteroidetes;c__Bacteroidia;o__Bacteroidales;f__Bacteroidaceae;g__Bacteroides;s__Bacteroides_fragilis	k__Bacteria;p__Proteobacteria;c__Betaproteobacteria;o__Burkholderiales;f__Sutterellaceae;g__Sutterella;s__Sutterella_wadsworthensis	k__Bacteria;p__Bacteroidetes;c__Bacteroidia;o__Bacteroidales;f__Porphyromonadaceae;g__Barnesiella;s__Barnesiella_intestinihominis	k__Bacteria;p__Bacteroidetes;c__Bacteroidia;o__Bacteroidales;f__Odoribacteraceae;g__Odoribacter;s__Odoribacter_splanchnicus	k__Bacteria;p__Bacteroidetes;c__Bacteroidia;o__Bacteroidales;f__Bacteroidaceae;g__Bacteroides;s__Bacteroides_salyersiae	k__Bacteria;p__Firmicutes;c__Clostridia;o__Clostridiales;f__Ruminococcaceae;g__Ruminiclostridium;s__[Eubacterium]_siraeum	k__Bacteria;p__Proteobacteria;c__Betaproteobacteria;o__Burkholderiales;f__Sutterellaceae;g__Parasutterella;s__Parasutterella_excrementihominis	k__Bacteria;p__Actinobacteria;c__Actinobacteria;o__Bifidobacteriales;f__Bifidobacteriaceae;g__Bifidobacterium;s__Bifidobacterium_adolescentis	k__Bacteria;p__Firmicutes;c__Clostridia;o__Clostridiales;f__Oscillospiraceae;g__Oscillibacter;s__Oscillibacter_sp._KLE_1745	k__Bacteria;p__Bacteroidetes;c__Bacteroidia;o__Bacteroidales;f__Bacteroidaceae;g__Bacteroides;s__Bacteroides_coprophilus	k__Bacteria;p__Firmicutes;c__Clostridia;o__Clostridiales;f__Lachnospiraceae;g__Roseburia;s__Roseburia_intestinalis	k__Bacteria;p__Firmicutes;c__Clostridia;o__Clostridiales;f__Lachnospiraceae;g__Roseburia;s__Roseburia_hominis	k__Bacteria;p__Bacteroidetes;c__Bacteroidia;o__Bacteroidales;f__Porphyromonadaceae;g__Parabacteroides;s__Parabacteroides_johnsonii	k__Bacteria;p__Actinobacteria;c__Actinobacteria;o__Bifidobacteriales;f__Bifidobacteriaceae;g__Bifidobacterium;s__Bifidobacterium_longum	k__Bacteria;p__Firmicutes;c__Clostridia;o__Clostridiales;f__;g__Flavonifractor;s__Flavonifractor_plautii	k__Bacteria;p__Firmicutes;c__Clostridia;o__Clostridiales;f__Clostridiaceae;g__Clostridium;s__Clostridium_phoceensis	k__Bacteria;p__Verrucomicrobia;c__Verrucomicrobiae;o__Verrucomicrobiales;f__Akkermansiaceae;g__Akkermansia;s__Akkermansia_muciniphila	k__Bacteria;p__Bacteroidetes;c__Bacteroidia;o__Bacteroidales;f__Prevotellaceae;g__Paraprevotella;s__Paraprevotella_xylaniphila	k__Bacteria;p__Firmicutes;c__Clostridia;o__Clostridiales;f__Ruminococcaceae;g__Ruminococcus;s__Ruminococcus_callidus	k__Bacteria;p__Bacteroidetes;c__Bacteroidia;o__Bacteroidales;f__Rikenellaceae;g__Alistipes;s__Alistipes_senegalensis	k__Bacteria;p__Firmicutes;c__Clostridia;o__Clostridiales;f__Lachnospiraceae;g__Blautia;s__Blautia_sp._KLE_1732	k__Bacteria;p__Bacteroidetes;c__Bacteroidia;o__Bacteroidales;f__Bacteroidaceae;g__Bacteroides;s__Bacteroides_oleiciplenus	k__Bacteria;p__Firmicutes;c__Clostridia;o__Clostridiales;f__Ruminococcaceae;g__Ruminococcus;s__Ruminococcus_bicirculans	k__Bacteria;p__Bacteroidetes;c__Bacteroidia;o__Bacteroidales;f__Bacteroidaceae;g__Bacteroides;s__Bacteroides_fluxus	k__Bacteria;p__Bacteroidetes;c__Bacteroidia;o__Bacteroidales;f__Prevotellaceae;g__Prevotella;s__Prevotella_stercorea	k__Bacteria;p__Firmicutes;c__Clostridia;o__Clostridiales;f__Lachnospiraceae;g__Dorea;s__Dorea_longicatena	k__Bacteria;p__Firmicutes;c__Clostridia;o__Clostridiales;f__Eubacteriaceae;g__Eubacterium;s__[Eubacterium]_eligens	k__Bacteria;p__Firmicutes;c__Clostridia;o__Clostridiales;f__Ruminococcaceae;g__;s__Ruminococcaceae_bacterium_D16	k__Bacteria;p__Firmicutes;c__Clostridia;o__Clostridiales;f__Lachnospiraceae;g__Coprococcus;s__Coprococcus_comes	k__Bacteria;p__Proteobacteria;c__Gammaproteobacteria;o__Enterobacterales;f__Enterobacteriaceae;g__Escherichia;s__Escherichia_coli	k__Bacteria;p__Firmicutes;c__Clostridia;o__Clostridiales;f__Ruminococcaceae;g__Anaerotruncus;s__Anaerotruncus_colihominis	k__Bacteria;p__Firmicutes;c__Clostridia;o__Clostridiales;f__Lachnospiraceae;g__Blautia;s__Blautia_obeum	k__Bacteria;p__Bacteroidetes;c__Bacteroidia;o__Bacteroidales;f__Odoribacteraceae;g__Odoribacter;s__Odoribacter_laneus	k__Bacteria;p__Firmicutes;c__Clostridia;o__Clostridiales;f__Ruminococcaceae;g__Ruminiclostridium;s__[Clostridium]_leptum	k__Bacteria;p__Bacteroidetes;c__Bacteroidia;o__Bacteroidales;f__Porphyromonadaceae;g__Parabacteroides;s__Parabacteroides_goldsteinii	k__Bacteria;p__Firmicutes;c__Clostridia;o__Clostridiales;f__Lachnospiraceae;g__Anaerostipes;s__Anaerostipes_hadrus	k__Bacteria;p__Firmicutes;c__Clostridia;o__Clostridiales;f__Ruminococcaceae;g__Ruminococcus;s__Ruminococcus_lactaris	k__Bacteria;p__Firmicutes;c__Clostridia;o__Clostridiales;f__Clostridiaceae;g__Clostridium;s__Clostridium_sp._L2-50	k__Bacteria;p__Firmicutes;c__Clostridia;o__Clostridiales;f__Clostridiaceae;g__Clostridium;s__Clostridium_sp._M62/1	k__Bacteria;p__Firmicutes;c__Clostridia;o__Clostridiales;f__;g__Intestinimonas;s__Intestinimonas_butyriciproducens	k__Bacteria;p__Actinobacteria;c__Actinobacteria;o__Bifidobacteriales;f__Bifidobacteriaceae;g__Bifidobacterium;s__Bifidobacterium_bifidum	k__Bacteria;p__Firmicutes;c__Negativicutes;o__Veillonellales;f__Veillonellaceae;g__Dialister;s__Dialister_invisus	k__Bacteria;p__Bacteroidetes;c__Bacteroidia;o__Bacteroidales;f__Bacteroidaceae;g__Bacteroides;s__Bacteroides_salanitronis
k__Bacteria;p__Bacteroidetes;c__Bacteroidia;o__Bacteroidales;f__Bacteroidaceae;g__Bacteroides;s__Bacteroides_vulgatus	1.0	-0.0169669182877	-0.0146857322632	0.000921210107303	-0.0146409364562	-0.0852804377154	-0.0179007747103	0.0089242693143	-0.0855229398958	-0.0171192871175	-0.0339537606769	-0.0476474444409	-0.0283301795767	0.00801409061214	-0.021569699209	-0.0269248379982	-0.00960368261125	0.00489321919908	-0.0142684615684	-0.0114852736502	0.0276877717884	0.0124782299789	-0.00396094378904	0.00741499690231	-0.0264907272076	0.0563641419119	-0.0119035180767	0.00477954394089	0.0361149959256	-0.00554121710274	0.0161314653941	-0.022956320612	0.00449336970646	0.0203710861594	-0.00979847587519	0.0247831775452	-0.0382256439184	-0.0142754792344	0.00901313779318	-0.0226408927219	0.0208638791081	0.0202793759056	-0.0381240138998	-0.0249847790578	0.020665904599	0.00052597485699	0.0728226366461	-0.0181879560225	0.00255917549479	-0.01420778788	-0.0204246589718	0.00488682463317	0.0268253612799	0.0204329476728	-0.0465857039464	-0.036255957408	-0.0058438327539	0.0308607396697	0.022130073789
k__Bacteria;p__Bacteroidetes;c__Bacteroidia;o__Bacteroidales;f__Bacteroidaceae;g__Bacteroides;s__Bacteroides_uniformis	-0.0169669182877	1.0	-0.0140378260981	-0.0532888986404	-0.0394989209247	0.0446594389544	0.0465860972663	-0.0192552362134	-0.00766051278141	-0.0136607028113	0.0293954537386	0.0587213935777	0.0099275336133	-0.000553239499931	0.00523152863798	-0.00961506429422	0.0219512809386	-0.0187425845449	0.0224140305038	-0.0479839501804	-0.0354900675626	-0.0102595042259	0.00366506964926	0.019668805578	0.00763540754653	0.0580090401667	-0.0307939109514	0.00545193881287	-0.0450978921978	0.0326031039151	0.0250457520512	0.0239606702547	0.0281369466251	-0.0101072485327	0.0270481787987	0.00373915157084	0.0344040600989	-0.0371993395393	-0.00230277061521	0.0164172047744	-0.0513388056455	-0.0569595478786	-0.0237041932921	-0.0512776598735	0.00169727946366	-0.00184714582381	-0.0425354915166	-0.0765678560061	-0.0561891472813	0.0229496047983	0.0256103858393	-0.0119104747186	-0.0253038577016	0.0143060802149	-0.0320506304509	-0.0294056434231	-0.0125306782668	0.0101376850644	-0.0147587458525
k__Bacteria;p__Bacteroidetes;c__Bacteroidia;o__Bacteroidales;f__Rikenellaceae;g__Alistipes;s__Alistipes_putredinis	-0.0146857322632	-0.0140378260981	1.0	-0.0203157125882	-0.0516235371559	0.0137142360813	0.0276973641174	0.00407317047065	0.0487739737916	-0.0271714812969	-0.0340761463847	-0.0293304503199	0.0161033929223	-0.0637730755478	0.0266727372394	0.0103027086913	0.0600518502398	-0.000694435875664	0.0138977898909	-0.00843341678676	-0.00695375559781	-0.0139458174169	-0.00196647687197	-0.0066023240211	-0.0270907053859	0.010832539863	-0.041287698718	0.0487914680676	-0.0204843092298	-0.0285976813983	-0.00240279519387	-0.0570036597366	-0.0395956680322	-0.0037031351756	0.018780344663	-0.016065164476	0.017555732456	0.0459100698874	0.00981504294677	-0.0301131293263	-0.0563679615615	0.016453167216	-0.0327683001412	0.0461381517607	-0.0297019460695	0.0163603282734	-0.0123777302504	-0.0015450331276	-0.0419846798116	0.0674343024779	0.0229039421434	-0.0198616388208	-0.00542167464062	0.0446254103943	0.0334930000968	0.00193697710852	-0.0300366391003	0.0331047289634	-0.0217032061288
k__Bacteria;p__Bacteroidetes;c__Bacteroidia;o__Bacteroidales;f__Prevotellaceae;g__Prevotella;s__Prevotella_copri	0.000921210107303	-0.0532888986404	-0.0203157125882	1.0	-0.00574384604268	0.0434601814583	5.10335947467e-05	-0.0195985975405	-0.0368078365525	0.00165054366957	0.0148005809875	0.0247656864783	-0.0197686410469	-0.0390125186479	0.0127382943579	0.00952294053634	-0.0187474789211	-0.0139963068556	0.00359787190658	0.0474569993175	0.039553556245	0.0272124768507	-0.0562729560757	-0.0137768207026	0.00373816945924	0.00881454138456	0.00579107160751	-0.0132192642373	-0.053851298249	0.00584125702877	-0.0235504745439	-0.0703939078775	-0.00994912143926	-0.0545579869988	-0.0100843348624	0.0554238454933	0.014202078001	0.0565032539876	-0.00638126796229	-0.0776249083254	0.0457236167603	-0.0549807849442	0.0136021618999	-0.0144151615801	0.0134118458778	-0.0203250554001	0.0304172294071	-0.0199697319323	-0.00907642414463	0.00435914751587	-0.0234971762393	-0.053424185408	0.0236493834968	0.0172724879791	0.0114506146438	0.0656949052324	-0.013538982722	0.0100148740401	0.0218007285481
k__Bacteria;p__Bacteroidetes;c__Bacteroidia;o__Bacteroidales;f__Bacteroidaceae;g__Bacteroides;s__Bacteroides_stercoris	-0.0146409364562	-0.0394989209247	-0.0516235371559	-0.00574384604268	1.0	-0.00962807308024	-0.0554307176724	0.0426750437238	-0.00606165610844	-0.0638243634692	-0.0103237488816	-0.0238838380456	-0.0392105786133	-0.0682238094533	-0.0547714682005	0.0341838493122	-0.0304923002001	-0.0227278810442	0.0262365319868	-0.056765858587	0.0322995223746	0.00153477897808	-0.0391492420421	-0.00249973661357	0.0158242881492	-0.0498986598487	-0.0234256384684	-0.0363895876794	0.0216943334787	-0.0196180360012	-0.0537434480214	-0.0127365120779	0.0173380908528	0.0323989014989	0.00219031623	-0.0137457178751	0.0334145576227	0.01601160577	-0.0538899163695	-0.0304063786358	0.0102808512316	-0.0146830845789	0.00261560186564	0.0149090320497	0.070721358597	-0.0524557086269	0.0102077734711	0.020519034669	-0.0243708008831	0.00682874277921	-0.025597186649	-0.0451241088018	0.0146037773892	0.0290873296552	0.0014233426556	0.012327292224	0.0649916758447	-0.0100788584243	0.0177903878356
k__Bacteria;p__Bacteroidetes;c__Bacteroidia;o__Bacteroidales;f__Bacteroidaceae;g__Bacteroides;s__Bacteroides_ovatus	-0.0852804377154	0.0446594389544	0.0137142360813	0.0434601814583	-0.00962807308024	1.0	-0.00529007464527	-0.0223621902131	0.0108357794724	-0.0305959275043	0.0318977931085	-0.0665369250569	-0.0461941336392	0.0354209114481	-0.0192339661473	-0.049061930688	-0.00866417494301	0.0102701415431	0.00357158071422	-0.0402471855175	-0.0199236675044	0.00396564139691	-0.0154842527936	-0.0487943814564	0.0470065179742	0.0577663358914	0.00395752650371	-0.000319089855933	-0.0293676859239	0.0106979115695	0.00493073632039	-0.0300280436609	0.00159056395812	-0.0422621365775	-0.0212871568063	0.0215116586429	-0.00934878959945	0.0109900090646	-0.00601619782556	-0.0494018162055	-0.0116660861357	-0.0436227469708	0.0455297794786	0.0131568850038	-0.0157473702616	0.094225795696	-0.0227988509235	-0.014374089624	-0.00145291399254	-0.0358831880145	-0.0406295222595	-0.0208461792037	-0.0114775670259	-0.00047586436083	0.0115142120531	0.0380421584778	0.0140826304774	0.0170489412145	0.00498801321215
k__Bacteria;p__Bacteroidetes;c__Bacteroidia;o__Bacteroidales;f__Rikenellaceae;g__Alistipes;s__Alistipes_shahii	-0.0179007747103	0.0465860972663	0.0276973641174	5.10335947467e-05	-0.0554307176724	-0.00529007464527	1.0	-0.0083694664163	0.00217249644873	-0.0213678318253	0.00853945829245	0.0276954350862	-0.00403933686612	0.037048672307	-0.0272316099195	-0.000920375194141	-0.0455227956678	0.0466006210511	-0.0167429269589	0.00801093577553	-0.0960642660995	0.0430540641196	-0.0376937654065	0.0304022429294	-0.0108667040387	0.0288753190899	-0.00834041408105	0.0401645562044	-0.0489652551317	-0.00567355129723	0.0270472349468	-0.0149385726248	-0.0173165869381	-0.00449872914572	0.0142635149686	-0.0137899739578	0.00380202981224	0.00180145896566	0.0235550447881	0.0170039472925	-0.0535456873747	-0.0492805421676	-0.0188241996776	-0.0346538759815	0.000915644569947	-0.0159587735546	-0.0066996750379	-0.00118564837833	-0.0745930166162	0.0175979731925	-0.0126319350666	0.0286080120073	0.0188863781205	-0.0398381753501	-0.0407350937092	-0.0395944827192	-0.0530276232486	-0.00462948298827	-0.0410615031222
k__Bacteria;p__Firmicutes;c__Clostridia;o__Clostridiales;f__Ruminococcaceae;g__Faecalibacterium;s__Faecalibacterium_prausnitzii	0.0089242693143	-0.0192552362134	0.00407317047065	-0.0195985975405	0.0426750437238	-0.0223621902131	-0.00836946641631	1.0	0.01766272662	0.00860108849057	-0.0100643020069	-0.059965273671	0.0341529517081	-0.0195232532562	0.0114290056411	-0.00831691471964	0.00848824023212	0.00647878248301	0.0813538138001	0.0174661998844	-0.0107362922037	-0.0117970415353	-0.0322797310413	0.0026307508621	-0.0115929300211	-0.0404195751144	-0.0589979843162	-0.020917310188	0.0110285227756	-0.0497276344595	-0.055594817137	-0.00386376576233	0.0512049571867	0.0208774975289	0.0342016079537	-0.014843173027	-0.00350140963356	-0.0220123620866	0.000387085119179	0.00609768837512	-0.00424887119611	-0.0335904669071	0.041624884224	-0.0179942443186	-0.0505110435983	-0.0118591309423	0.00403011105673	0.0178948961303	-0.0434633162503	-0.000486514693961	0.0442628140137	-0.0322381116656	-0.0101031267819	0.0229584754859	-0.00132213144263	-0.0520388174761	-0.00577955970081	0.00331640888036	0.00999674025319
k__Bacteria;p__Bacteroidetes;c__Bacteroidia;o__Bacteroidales;f__Rikenellaceae;g__Alistipes;s__Alistipes_finegoldii	-0.0855229398958	-0.00766051278141	0.0487739737916	-0.0368078365525	-0.00606165610844	0.0108357794724	0.00217249644873	0.01766272662	1.0	-0.0402170293567	-0.0144301688341	0.0609352745645	-0.0629461360013	-0.0391082269553	-0.0548261414939	-0.0884816234085	-0.0291071350984	0.0111888845988	0.0133131603606	-0.0127146341815	-0.0118831360418	0.0459389757863	0.0170579541109	-0.00494583068212	-0.0327629060657	-0.0112125991292	-0.0611478505307	-0.0262579069072	-0.00786292002269	0.0283353683433	-0.0309868412277	0.000426764985673	-0.0109560672646	0.0470489886517	-0.0530858162948	0.0711955157758	-0.04716864963	-0.0154041545011	0.0131215123271	0.0322014305751	-0.0222150220434	0.0036625477646	-0.0488509482859	-0.0660539473573	-0.039920757195	-0.000563987751423	-0.0445822450625	-0.0341459996501	-0.0155201864737	0.0721505555049	-0.005780714889	0.0568895676563	-0.00341678144948	-0.0252452469658	0.0416029219719	0.021407390033	-0.0677241080782	-0.00272117440996	-0.0195280576404
k__Bacteria;p__Bacteroidetes;c__Bacteroidia;o__Bacteroidales;f__Porphyromonadaceae;g__Parabacteroides;s__Parabacteroides_distasonis	-0.0171192871175	-0.0136607028113	-0.0271714812969	0.00165054366957	-0.0638243634692	-0.0305959275043	-0.0213678318253	0.00860108849057	-0.0402170293567	1.0	0.0449033267302	-0.0510484428318	0.00730450121182	-0.00883820865016	0.0343626964321	0.0155237121142	-0.0601529305417	-0.033587316253	-0.0227381558217	-0.00158534819478	-0.0707511566414	-0.048292079498	-0.0103311000196	-0.00753667891013	0.0116138123654	-0.024251927874	-0.00300536199186	-0.0194466730724	-0.0565302654268	-0.0318615137327	-0.0053347479691	0.00298626665699	0.0756896815281	-0.0370333591116	0.0290128608279	-0.0589455664108	-0.0209110550385	0.0661140834368	0.000139311113864	-0.0167070981134	0.0090915870421	0.0161996416869	-0.00934903871433	-0.0118503389651	0.0459524143407	-0.0375002177789	0.00399360043016	-0.0453781469597	0.0271835391535	0.0277235228102	0.0487127123659	0.0336790915162	0.0105300914079	-0.0101755742034	-0.0511826727607	0.00697264949751	-0.046334399607	-0.0195697928951	-0.00765014905076
k__Bacteria;p__Bacteroidetes;c__Bacteroidia;o__Bacteroidales;f__Bacteroidaceae;g__Bacteroides;s__Bacteroides_thetaiotaomicron	-0.0339537606769	0.0293954537386	-0.0340761463847	0.0148005809875	-0.0103237488816	0.0318977931085	0.00853945829245	-0.0100643020069	-0.0144301688341	0.0449033267302	1.0	-0.0163727118901	0.0237505706496	-0.0248128029168	0.0461324530357	0.00632516446801	0.00705303044251	-0.0672663049524	0.0253998161377	0.000726869982559	-0.0335445307136	-0.0181962894605	0.0743076541999	-0.0228055021772	-0.0597655846592	-0.030741456164	-0.0165235808251	-0.0426492753301	-0.0242563786511	0.00273707794101	0.0205635466577	0.032067099971	-0.0415311418801	-0.0171202528397	0.0198271782708	-0.00275261860387	-0.0363209015414	-0.0444535673585	0.0236831730328	-0.0138427073347	-0.00326596599873	0.0055419270999	0.00435088610855	0.00746778526886	-0.0160561749147	-0.0113165441082	0.079359087755	0.0425378426107	-0.0447243245903	0.0337351285994	0.0323843147671	0.0455101264177	0.0234975709413	0.0256891109898	0.0362039690209	-0.02860207489	0.00535050723711	-0.0361726804319	-0.055745754626
k__Bacteria;p__Bacteroidetes;c__Bacteroidia;o__Bacteroidales;f__Bacteroidaceae;g__Bacteroides;s__Bacteroides_coprocola	-0.0476474444409	0.0587213935777	-0.0293304503199	0.0247656864783	-0.0238838380456	-0.0665369250569	0.0276954350862	-0.059965273671	0.0609352745645	-0.0510484428318	-0.0163727118901	1.0	-0.030170682939	0.0323272536506	0.0276950451763	0.00848018618064	-0.013469664797	-0.0149791620229	-0.0290321311557	-0.00200063269753	-0.00775035965087	0.0168296378345	-0.0126074119341	-0.000671207150545	0.0244994987734	0.00661785125834	0.006885265986	-0.0243272492045	0.0393931405508	-0.0193771757919	0.0406800600972	0.0224648760185	-0.0410942558201	-0.0518502936013	0.00230658073379	0.0132671330573	-0.0604996405235	-0.0222767389278	0.00509463496118	-0.0296486833898	0.0113733621429	-0.0102581362707	0.01840492074	-0.00321432568108	0.0189985341574	0.00530638932899	-0.0146257971496	-0.0127084167868	0.0207430475568	0.0608488426026	-0.0374090281498	0.0297863798248	-0.0143076917051	0.00349547451118	-0.041478271761	-0.0399714091315	-0.00172576438314	0.00391682712245	0.0306603989909
k__Bacteria;p__Bacteroidetes;c__Bacteroidia;o__Bacteroidales;f__Bacteroidaceae;g__Bacteroides;s__Bacteroides_cellulosilyticus	-0.0283301795767	0.0099275336133	0.0161033929223	-0.0197686410469	-0.0392105786133	-0.0461941336392	-0.00403933686612	0.0341529517081	-0.0629461360013	0.00730450121182	0.0237505706496	-0.030170682939	1.0	0.0132291751534	0.0293769595839	-0.0257754970229	0.00353253414679	0.0490066851679	-0.00118447783181	0.0271608040692	0.0465417335699	-0.00063790759771	-0.0339717477198	0.0331315217765	-0.0366666946484	-0.0170701521791	-0.0319630787049	-0.0171576377996	-0.028721637426	0.0344726416756	-0.0121064849269	-0.0124665546154	0.0167473514694	-0.074377890509	0.0105711162271	-0.0155131773993	-0.0541763451702	0.0299061926004	-0.00490062322441	0.00955102574854	0.030808104241	0.0183259198045	-0.029223450285	0.0143682237322	-0.0396026461794	0.00396999209	-0.0126892182246	-0.0516349118218	0.0155300867322	-0.0456475145511	0.0147491142528	-0.00365535868716	-0.044839449644	0.0140476936289	-0.00390387305815	-0.0370327968955	0.0288791621201	0.0183422113065	-0.0442773869164
k__Bacteria;p__Bacteroidetes;c__Bacteroidia;o__Bacteroidales;f__Rikenellaceae;g__Alistipes;s__Alistipes_obesi	0.00801409061214	-0.000553239499931	-0.0637730755478	-0.0390125186479	-0.0682238094533	0.0354209114481	0.037048672307	-0.0195232532562	-0.0391082269553	-0.00883820865016	-0.0248128029168	0.0323272536506	0.0132291751534	1.0	-0.00394903423585	0.00677160421819	0.0446901454814	-0.0125549038298	0.0491759239284	-0.0913729411875	0.0298069228253	-0.0407860648021	0.00459019876672	0.0402442840562	-0.0517977020632	0.0145280161617	-0.0194073314213	-0.0507190837926	-0.0148365567252	0.0705448857691	-0.031565448143	0.0118786211062	0.0639178473472	0.0240322570322	-0.0288732337532	0.0528323036478	-0.0224040016528	0.056857697948	-0.0291634374771	0.0374993651349	0.0359065566362	-0.0475717146263	-0.0435754306525	-0.0222860965855	0.0208916909973	0.0556842281699	-0.0410775363311	0.0200589993169	0.0178821459031	-0.0109327228463	-0.0633904708949	-0.0302075901832	-0.0148266495027	0.0117477181108	-0.036608858633	-0.00176431771936	-0.0323793374714	-0.0570153328688	-0.0280874469546
k__Bacteria;p__Firmicutes;c__Clostridia;o__Clostridiales;f__Lachnospiraceae;g__;s__[Eubacterium]_rectale	-0.021569699209	0.00523152863798	0.0266727372394	0.0127382943579	-0.0547714682005	-0.0192339661473	-0.0272316099195	0.0114290056411	-0.0548261414939	0.0343626964321	0.0461324530357	0.0276950451763	0.0293769595839	-0.00394903423585	1.0	-0.0303847917882	0.0353165205432	0.0289550410112	-0.00262273019355	0.0175463567634	0.0138936642077	-0.0179578527912	0.014028570051	-0.0394106802026	-0.0117238234997	0.00771214659987	-0.0240896067539	-0.00528320662173	0.0308563140906	-0.0687275231729	-0.0486144381182	-0.0171991014915	0.0141877809584	-0.0394229072816	0.00378006760334	-0.0457528418311	-0.00508688967214	-0.0344862528107	-0.0338678101071	0.0170244317682	-0.00180446484625	-0.0335076327009	0.0207463514423	0.0109116873657	0.00748417844524	-0.00372421267163	0.00799889750658	0.0220250624769	-0.0378938199395	-0.015591820004	0.0179469603369	0.00128652906211	0.0293310820209	-0.0450107511172	-0.011914972025	0.0324613789198	-0.0494477229432	-0.0103454394259	-0.0180705891344
k__Bacteria;p__Bacteroidetes;c__Bacteroidia;o__Bacteroidales;f__Bacteroidaceae;g__Bacteroides;s__Bacteroides_plebeius	-0.0269248379982	-0.00961506429422	0.0103027086913	0.00952294053634	0.0341838493122	-0.049061930688	-0.000920375194141	-0.00831691471964	-0.0884816234085	0.0155237121142	0.00632516446801	0.00848018618064	-0.0257754970229	0.00677160421819	-0.0303847917882	1.0	-0.0454370586601	-0.036362137439	-0.029592487902	0.0162778347627	0.0214732112035	0.0334743521859	0.0495589500705	0.0134173583454	-0.00298252991318	-0.000498117213724	0.00763369399155	0.0132467007047	-0.0449357199288	0.00553875757242	0.00331719697959	0.00521285619433	-0.0213241362809	-0.0558979336414	0.0197440802513	-0.0525891336773	6.36477614062e-05	-0.0511920580969	-0.0242135841629	-0.0676102799959	-0.0382091310468	0.00848408997333	0.000991267192656	-0.0406807588729	-0.04077030042	0.0702998113538	0.0382558082412	0.00350348656797	-0.0243114584449	0.00103826565353	-0.0325426268814	-0.0570325461307	-0.0366928309885	0.0279970171629	-0.0217983599363	-0.0432880983001	0.0444602261302	-0.0241611262005	-0.0236051232763
k__Bacteria;p__Bacteroidetes;c__Bacteroidia;o__Bacteroidales;f__Bacteroidaceae;g__Bacteroides;s__Bacteroides_fragilis	-0.00960368261125	0.0219512809386	0.0600518502398	-0.0187474789211	-0.0304923002001	-0.00866417494301	-0.0455227956678	0.00848824023212	-0.0291071350984	-0.0601529305417	0.00705303044251	-0.013469664797	0.00353253414679	0.0446901454814	0.0353165205432	-0.0454370586601	1.0	0.0306413980788	-0.0415888079113	0.00458142664469	0.0423782645962	0.0573029252917	0.052280897458	0.00161807304183	0.0271786135196	-0.0240513050977	0.0113227176629	-0.00119538351049	-0.0340021695306	-0.021916750827	0.0766768251075	0.0185367981018	-0.013304561986	0.0598998040651	-0.00502247140917	-0.00372692341825	-0.0149016055921	-0.047098375334	0.0207344369248	0.0221680327272	-0.00111537453338	-0.0404699584104	0.0405350178592	-0.0209824891267	-0.0337919416536	-0.0243001503264	-0.0756444592193	0.0264172694867	-0.0462380140107	-0.00579607974411	0.0524944814293	0.000929524197839	-0.0256175694557	-0.0446267548117	-0.0480346480682	0.0459275078958	-0.0368671029232	-0.00602140934512	-0.0277650271938
k__Bacteria;p__Proteobacteria;c__Betaproteobacteria;o__Burkholderiales;f__Sutterellaceae;g__Sutterella;s__Sutterella_wadsworthensis	0.00489321919908	-0.0187425845449	-0.000694435875664	-0.0139963068556	-0.0227278810442	0.0102701415431	0.0466006210511	0.00647878248301	0.0111888845988	-0.033587316253	-0.0672663049524	-0.0149791620229	0.0490066851679	-0.0125549038298	0.0289550410112	-0.036362137439	0.0306413980788	1.0	0.0180553811814	0.0197869035749	0.0393967265699	-0.0120405372679	-0.012694678489	-0.00698424154345	-0.057809739963	0.0654068863054	-0.0400350907532	0.0154098512075	0.00371614518444	0.0225165610911	0.0279289384852	-0.0298693091243	-0.0401899590669	-0.00194179973913	0.051740983998	-0.000421874971853	0.00420788552576	0.0208425625523	-0.0326430977326	-0.0413403288276	-0.000599661487187	-0.00457253908536	-0.00907234884626	0.0118002772585	-0.0259929347281	0.0440331123075	-0.00152585185581	-0.0551419998455	-0.00495306504806	0.00338502268279	0.0239589771888	-0.0102685382248	-0.0151215480172	-0.00169631405697	-0.0313334218612	0.0550230694447	0.0136608968385	0.0173440209525	0.028636056585
k__Bacteria;p__Bacteroidetes;c__Bacteroidia;o__Bacteroidales;f__Porphyromonadaceae;g__Barnesiella;s__Barnesiella_intestinihominis	-0.0142684615684	0.0224140305038	0.0138977898909	0.00359787190658	0.0262365319868	0.00357158071422	-0.0167429269589	0.0813538138001	0.0133131603606	-0.0227381558217	0.0253998161377	-0.0290321311557	-0.00118447783181	0.0491759239284	-0.00262273019355	-0.029592487902	-0.0415888079113	0.0180553811814	1.0	-0.0938837065153	-0.001235843506	-0.042378516404	-0.0463908920895	0.0147922092964	-0.0416285481453	-0.0542301316468	0.065234098969	0.0043212087872	-0.000645212713165	-0.0350167867431	0.0446273995932	-0.025612432261	0.0298724814372	0.0186210089798	-0.0541046846807	0.0196649960577	-0.0148614788101	-0.00377893617119	0.0184822211917	0.0319793024997	-0.0356468410868	0.0162726880602	-0.0304077792883	0.0246218449764	-0.0097414573307	-0.0273855395438	-0.0332860033916	0.0454640973658	-0.0489179861162	-0.0149562948564	0.028911139555	0.0417963155918	0.00515923638688	-0.0251228649148	-0.0194821988648	0.00923517902882	0.00935250471449	0.0503713786992	-0.0266687069256
k__Bacteria;p__Bacteroidetes;c__Bacteroidia;o__Bacteroidales;f__Odoribacteraceae;g__Odoribacter;s__Odoribacter_splanchnicus	-0.0114852736502	-0.0479839501804	-0.00843341678676	0.0474569993175	-0.056765858587	-0.0402471855175	0.00801093577553	0.0174661998844	-0.0127146341815	-0.00158534819478	0.000726869982559	-0.00200063269753	0.0271608040692	-0.0913729411875	0.0175463567634	0.0162778347627	0.00458142664469	0.0197869035749	-0.0938837065153	1.0	0.0446526238179	-0.0411430926998	-0.0235003530856	-0.0294827613814	0.0327400959003	0.035536045992	-0.038839622318	0.0287527370444	-0.0204168685896	-0.00663685583034	-0.0111374279393	0.0132234171639	-0.00711132963608	-0.0237256885854	0.0205544078177	-0.0369307730911	0.0492517172538	0.0230154182698	-0.0306101017537	-0.0684218189014	-0.0189295826325	-0.0327479800911	0.00520339492199	-0.0050307553353	-0.0230269632227	0.0131402180725	-0.0158624975701	0.0027168025928	-0.0226297054974	0.0709545633419	0.0179390822751	-0.0138051200744	0.0266517440005	-0.0194445398624	0.0361740845306	0.00247651554731	0.0181557246229	-0.047894471452	0.0358569021807
k__Bacteria;p__Bacteroidetes;c__Bacteroidia;o__Bacteroidales;f__Bacteroidaceae;g__Bacteroides;s__Bacteroides_salyersiae	0.0276877717884	-0.0354900675626	-0.00695375559781	0.039553556245	0.0322995223746	-0.0199236675044	-0.0960642660995	-0.0107362922037	-0.0118831360418	-0.0707511566414	-0.0335445307136	-0.00775035965087	0.0465417335699	0.0298069228253	0.0138936642077	0.0214732112035	0.0423782645962	0.0393967265699	-0.001235843506	0.0446526238179	1.0	0.00133593965535	-7.4674403737e-05	0.00923107092816	-0.00688416718972	0.0404322360389	-0.00484408459218	-0.0235864555393	0.0190846602458	-0.0263405092412	0.00319578917706	-0.0352299872344	7.17901566504e-05	-0.018996727933	0.00565459109368	-0.0151358605928	-0.0500794274927	-0.0711176071565	0.00425089564301	0.0239883618486	-0.0131063875962	-0.0229044461328	-0.050594102344	0.0213097383862	-0.00352729528448	0.0232819579424	-0.023362768521	-0.023290420777	0.00683387755493	-0.0665772801772	-0.0413775741219	-0.0274788776645	-0.00279238870975	0.0123723994487	-0.024352197594	-0.072081374865	0.0214176969317	0.0049158395559	0.0100954835352
k__Bacteria;p__Firmicutes;c__Clostridia;o__Clostridiales;f__Ruminococcaceae;g__Ruminiclostridium;s__[Eubacterium]_siraeum	0.0124782299789	-0.0102595042259	-0.0139458174169	0.0272124768507	0.00153477897808	0.00396564139691	0.0430540641196	-0.0117970415353	0.0459389757863	-0.048292079498	-0.0181962894605	0.0168296378345	-0.00063790759771	-0.0407860648021	-0.0179578527912	0.0334743521859	0.0573029252917	-0.0120405372679	-0.042378516404	-0.0411430926998	0.00133593965535	1.0	-0.0393008087274	0.0326338631902	-0.0305130232283	-0.0155885937749	-0.0219260575612	0.0255148622295	0.00857880880196	-0.0178233232999	-0.0243599558307	-0.00262342643185	0.0137613412665	-0.0701445860311	0.0575081095202	0.0123641280022	0.0179423793324	-0.0257761538818	-0.0203532887324	-0.00584414179307	-0.0176815828994	0.0318542752084	-0.0214022325476	-0.00624403537907	-0.0578892864151	0.0197437348689	-0.0211134449527	-0.0077334574053	-0.0374322540033	-0.0050230527675	0.0345091746597	0.00521302359834	-0.00561662975451	-0.0936492358323	0.0590281797559	-0.00209058364626	-0.0180065650148	-0.0130119797433	0.0189888743325
k__Bacteria;p__Proteobacteria;c__Betaproteobacteria;o__Burkholderiales;f__Sutterellaceae;g__Parasutterella;s__Parasutterella_excrementihominis	-0.00396094378904	0.00366506964926	-0.00196647687197	-0.0562729560757	-0.0391492420421	-0.0154842527936	-0.0376937654065	-0.0322797310413	0.0170579541109	-0.0103311000196	0.0743076541999	-0.0126074119341	-0.0339717477198	0.00459019876672	0.014028570051	0.0495589500705	0.052280897458	-0.012694678489	-0.0463908920895	-0.0235003530856	-7.4674403737e-05	-0.0393008087274	1.0	-0.0506622199385	8.36898129291e-05	-0.0128925116384	-0.00677509263661	0.000346402741064	0.00936861666633	0.0187888756039	0.0323631282587	0.00937840195772	-0.059331826432	0.00189479062958	-0.0310830467958	0.0160802230881	-0.00484734201023	-0.0211303256477	-0.0264718766256	-0.00737956501244	-0.0638764683941	0.0485977355123	-0.0404367472478	0.0565460569355	0.0185849226502	-0.0349939261403	-0.0154356611007	0.0133741999715	-0.0197048312276	-0.0172890209158	-0.02931298977	-0.0328365033216	-0.0824788300009	-0.0331262571648	-0.0252730693756	-0.0510965533449	-0.0280231325439	0.00555498360935	0.0262895439091
k__Bacteria;p__Actinobacteria;c__Actinobacteria;o__Bifidobacteriales;f__Bifidobacteriaceae;g__Bifidobacterium;s__Bifidobacterium_adolescentis	0.00741499690231	0.019668805578	-0.0066023240211	-0.0137768207026	-0.00249973661357	-0.0487943814564	0.0304022429294	0.0026307508621	-0.00494583068212	-0.00753667891013	-0.0228055021772	-0.000671207150545	0.0331315217765	0.0402442840562	-0.0394106802026	0.0134173583454	0.00161807304183	-0.00698424154345	0.0147922092964	-0.0294827613814	0.00923107092816	0.0326338631902	-0.0506622199385	1.0	0.0080949016453	-0.0376077921125	-0.0439254542855	0.00421517198475	0.0270989821573	-0.0306191014673	-0.0307674485088	-0.0162893987083	0.0246067484036	-0.0714466821839	-0.00897052872377	0.0193767075213	0.0124458731129	-0.0652762305416	-0.00893947896571	0.0109652901426	-0.0134964322048	0.0107037435568	0.00957994594362	0.00905026260393	0.0431977860209	0.000158832945057	-0.0554351604783	0.026456431525	0.0467264285822	0.00447930233117	-0.018800770472	-0.0390888325027	0.0171644739837	-0.0482059986248	-0.0572202900593	-0.0309214213447	0.0422842464979	0.00685386941466	0.0253069617126
k__Bacteria;p__Firmicutes;c__Clostridia;o__Clostridiales;f__Oscillospiraceae;g__Oscillibacter;s__Oscillibacter_sp._KLE_1745	-0.0264907272076	0.00763540754653	-0.0270907053859	0.00373816945924	0.0158242881492	0.0470065179742	-0.0108667040387	-0.0115929300211	-0.0327629060657	0.0116138123654	-0.0597655846592	0.0244994987734	-0.0366666946484	-0.0517977020632	-0.0117238234997	-0.00298252991318	0.0271786135196	-0.057809739963	-0.0416285481453	0.0327400959003	-0.00688416718972	-0.0305130232283	8.36898129291e-05	0.0080949016453	1.0	-0.0108552372817	0.018461946255	-0.0368705901452	0.00806831758688	0.0242565024891	-0.0332063563643	-0.0359009631877	0.032650345161	-0.0297281218637	-0.0170916075483	-0.0437398407425	-0.0299812808014	-0.0236145642452	-0.0241358658952	-0.0287650920577	-0.0170567149067	0.0186633895778	0.0126020803127	0.0335322391391	0.0124432430352	-0.000278628050325	0.0026502445431	-0.0486086661667	0.0207970256785	-0.0724568812253	0.070965206704	-0.00773218374079	0.00211474741165	0.0203337404064	-0.0372404703019	0.000532423517777	-0.00481690680677	-0.0236586276815	-0.0221104021393
k__Bacteria;p__Bacteroidetes;c__Bacteroidia;o__Bacteroidales;f__Bacteroidaceae;g__Bacteroides;s__Bacteroides_coprophilus	0.0563641419119	0.0580090401667	0.010832539863	0.00881454138456	-0.0498986598487	0.0577663358914	0.0288753190899	-0.0404195751144	-0.0112125991292	-0.024251927874	-0.030741456164	0.00661785125834	-0.0170701521791	0.0145280161617	0.00771214659987	-0.000498117213724	-0.0240513050977	0.0654068863054	-0.0542301316468	0.035536045992	0.0404322360389	-0.0155885937749	-0.0128925116384	-0.0376077921125	-0.0108552372817	1.0	-0.0230471546677	-0.02143033411	0.0184426701292	0.0329461670247	-0.00895657803523	0.012837276159	-0.0167226709809	-0.00129246464341	-0.025263762068	0.00816645185591	0.0588360490175	-0.053483164965	-0.0313609491559	-0.0102624816111	-0.0233370351163	-0.0354184640304	-0.043747935633	-0.0576430225158	-0.0444348103841	-0.0354458354405	-0.00151303135022	-0.0538935967567	0.0112740796465	-0.023964455268	-0.00317911039948	-0.0320051319806	-0.00523533267063	-0.00144454785779	-0.0471880321594	0.0604904837197	0.00879491825437	0.00231114542997	0.0637277146229
k__Bacteria;p__Firmicutes;c__Clostridia;o__Clostridiales;f__Lachnospiraceae;g__Roseburia;s__Roseburia_intestinalis	-0.0119035180767	-0.0307939109514	-0.041287698718	0.00579107160751	-0.0234256384684	0.00395752650371	-0.00834041408105	-0.0589979843162	-0.0611478505307	-0.00300536199186	-0.0165235808251	0.006885265986	-0.0319630787049	-0.0194073314213	-0.0240896067539	0.00763369399155	0.0113227176629	-0.0400350907532	0.065234098969	-0.038839622318	-0.00484408459218	-0.0219260575612	-0.00677509263661	-0.0439254542855	0.018461946255	-0.0230471546677	1.0	-0.0230362466434	-0.014959071223	-0.0285303728487	-0.0428737901736	-0.0182959159798	0.023884970894	-0.0526280917044	-0.02142316559	-0.0178428313372	-0.00727011272058	-0.0723792449611	-0.059902736299	0.0257287097053	0.0670564846117	0.0265180899065	-0.0253073355675	0.00820453757226	-0.0241002901187	0.00304015318269	-0.00812539831988	-0.0062919624089	0.0113178510292	-0.0435090099313	-0.0412085259226	-0.00531256911009	0.0334333064234	-0.0121873104775	0.00381903100212	0.0285399257042	-0.0489241719892	0.0374463496519	-0.0123533884055
k__Bacteria;p__Firmicutes;c__Clostridia;o__Clostridiales;f__Lachnospiraceae;g__Roseburia;s__Roseburia_hominis	0.00477954394089	0.00545193881287	0.0487914680676	-0.0132192642373	-0.0363895876794	-0.000319089855933	0.0401645562044	-0.020917310188	-0.0262579069072	-0.0194466730724	-0.0426492753301	-0.0243272492045	-0.0171576377996	-0.0507190837926	-0.00528320662173	0.0132467007047	-0.00119538351049	0.0154098512075	0.0043212087872	0.0287527370444	-0.0235864555393	0.0255148622295	0.000346402741064	0.00421517198475	-0.0368705901452	-0.02143033411	-0.0230362466434	1.0	0.0343470147757	0.0152607415435	-0.0288585535303	-0.0855225739201	0.0300567765826	0.0373119560927	0.0115639031407	-0.012801101525	0.0384417783708	-0.0380904191001	-0.0445161069518	-0.0373122677974	0.0534377768303	-0.00143372718611	0.0414928783675	-0.0204255305558	0.0191669268156	-0.0137238444344	-0.024180385344	-0.0206426940712	-0.0159827102477	0.0330374308424	-0.00354025396822	-0.0337208438404	-0.0287914538328	-0.0176394216322	-0.00396199987743	0.0242013824588	0.0286695770155	-0.000920587072806	-0.0513777466209
k__Bacteria;p__Bacteroidetes;c__Bacteroidia;o__Bacteroidales;f__Porphyromonadaceae;g__Parabacteroides;s__Parabacteroides_johnsonii	0.0361149959256	-0.0450978921978	-0.0204843092298	-0.053851298249	0.0216943334787	-0.0293676859239	-0.0489652551317	0.0110285227756	-0.00786292002269	-0.0565302654268	-0.0242563786511	0.0393931405508	-0.028721637426	-0.0148365567252	0.0308563140906	-0.0449357199288	-0.0340021695306	0.00371614518444	-0.000645212713165	-0.0204168685896	0.0190846602458	0.00857880880196	0.00936861666633	0.0270989821573	0.00806831758688	0.0184426701292	-0.014959071223	0.0343470147757	1.0	-0.0258753233011	-0.0426511975601	-0.0215487476683	0.0258487920298	-0.0165320218186	-0.0537714510004	-0.012998053961	-0.0499490297399	-0.0168062052422	0.0362085259287	0.0121973908384	0.00872009237889	-0.000370384446462	-0.0135633821318	-0.0295079251319	-0.0157911375215	0.00897819378953	-0.00364286262275	0.00104788215191	-0.00740173453561	0.0102755739006	0.0397628955431	0.00461568776106	0.0186597552638	0.0524228848654	-0.00250051338369	0.00600880626267	-0.0162639403306	0.0246900792154	0.0253843783109
k__Bacteria;p__Actinobacteria;c__Actinobacteria;o__Bifidobacteriales;f__Bifidobacteriaceae;g__Bifidobacterium;s__Bifidobacterium_longum	-0.00554121710274	0.0326031039151	-0.0285976813983	0.00584125702877	-0.0196180360012	0.0106979115695	-0.00567355129723	-0.0497276344595	0.0283353683433	-0.0318615137327	0.00273707794101	-0.0193771757919	0.0344726416756	0.0705448857691	-0.0687275231729	0.00553875757242	-0.021916750827	0.0225165610911	-0.0350167867431	-0.00663685583034	-0.0263405092412	-0.0178233232999	0.0187888756039	-0.0306191014673	0.0242565024891	0.0329461670247	-0.0285303728487	0.0152607415435	-0.0258753233011	1.0	0.0296804388994	-0.0107188203299	0.0113409867228	-0.0723224666246	0.0155010517673	-0.00735436703742	0.0272396301838	-0.0249331295095	-0.0338685387249	0.0196207974426	0.0292998666136	-0.00168139344989	-0.0113983064815	0.00448376118555	0.0192788940431	0.0325892834343	0.0117644866389	0.0137714546054	0.0435559650054	-0.00693144627718	0.0228038258822	-0.0306285493256	0.00289134549632	-0.0259377332592	-0.0168629182854	-0.0516712377435	-0.00503847215547	0.0459236324204	-0.0246720281689
