#taxonomy	k__Bacteria;p__Bacteroidetes;c__Bacteroidia;o__Bacteroidales;f__Bacteroidaceae;g__Bacteroides;s__Bacteroides_vulgatus	k__Bacteria;p__Bacteroidetes;c__Bacteroidia;o__Bacteroidales;f__Bacteroidaceae;g__Bacteroides;s__Bacteroides_uniformis	k__Bacteria;p__Bacteroidetes;c__Bacteroidia;o__Bacteroidales;f__Rikenellaceae;g__Alistipes;s__Alistipes_putredinis	k__Bacteria;p__Bacteroidetes;c__Bacteroidia;o__Bacteroidales;f__Prevotellaceae;g__Prevotella;s__Prevotella_copri	k__Bacteria;p__Bacteroidetes;c__Bacteroidia;o__Bacteroidales;f__Bacteroidaceae;g__Bacteroides;s__Bacteroides_stercoris	k__Bacteria;p__Bacteroidetes;c__Bacteroidia;o__Bacteroidales;f__Bacteroidaceae;g__Bacteroides;s__Bacteroides_ovatus	k__Bacteria;p__Bacteroidetes;c__Bacteroidia;o__Bacteroidales;f__Rikenellaceae;g__Alistipes;s__Alistipes_shahii	k__Bacteria;p__Firmicutes;c__Clostridia;o__Clostridiales;f__Ruminococcaceae;g__Faecalibacterium;s__Faecalibacterium_prausnitzii	k__Bacteria;p__Bacteroidetes;c__Bacteroidia;o__Bacteroidales;f__Rikenellaceae;g__Alistipes;s__Alistipes_finegoldii	k__Bacteria;p__Bacteroidetes;c__Bacteroidia;o__Bacteroidales;f__Porphyromonadaceae;g__Parabacteroides;s__Parabacteroides_distasonis	k__Bacteria;p__Bacteroidetes;c__Bacteroidia;o__Bacteroidales;f__Bacteroidaceae;g__Bacteroides;s__Bacteroides_thetaiotaomicron	k__Bacteria;p__Bacteroidetes;c__Bacteroidia;o__Bacteroidales;f__Bacteroidaceae;g__Bacteroides;s__Bacteroides_coprocola	k__Bacteria;p__Bacteroidetes;c__Bacteroidia;o__Bacteroidales;f__Bacteroidaceae;g__Bacteroides;s__Bacteroides_cellulosilyticus	k__Bacteria;p__Bacteroidetes;c__Bacteroidia;o__Bacteroidales;f__Rikenellaceae;g__Alistipes;s__Alistipes_obesi	k__Bacteria;p__Firmicutes;c__Clostridia;o__Clostridiales;f__Lachnospiraceae;g__;s__[Eubacterium]_rectale	k__Bacteria;p__Bacteroidetes;c__Bacteroidia;o__Bacteroidales;f__Bacteroidaceae;g__Bacteroides;s__Bacteroides_plebeius	k__Bacteria;p__Bacteroidetes;c__Bacteroidia;o__Bacteroidales;f__Bacteroidaceae;g__Bacteroides;s__Bacteroides_fragilis	k__Bacteria;p__Proteobacteria;c__Betaproteobacteria;o__Burkholderiales;f__Sutterellaceae;g__Sutterella;s__Sutterella_wadsworthensis	k__Bacteria;p__Bacteroidetes;c__Bacteroidia;o__Bacteroidales;f__Porphyromonadaceae;g__Barnesiella;s__Barnesiella_intestinihominis	k__Bacteria;p__Bacteroidetes;c__Bacteroidia;o__Bacteroidales;f__Odoribacteraceae;g__Odoribacter;s__Odoribacter_splanchnicus	k__Bacteria;p__Bacteroidetes;c__Bacteroidia;o__Bacteroidales;f__Bacteroidaceae;g__Bacteroides;s__Bacteroides_salyersiae	k__Bacteria;p__Firmicutes;c__Clostridia;o__Clostridiales;f__Ruminococcaceae;g__Ruminiclostridium;s__[Eubacterium]_siraeum	k__Bacteria;p__Proteobacteria;c__Betaproteobacteria;o__Burkholderiales;f__Sutterellaceae;g__Parasutterella;s__Parasutterella_excrementihominis	k__Bacteria;p__Actinobacteria;c__Actinobacteria;o__Bifidobacteriales;f__Bifidobacteriaceae;g__Bifidobacterium;s__Bifidobacterium_adolescentis	k__Bacteria;p__Firmicutes;c__Clostridia;o__Clostridiales;f__Oscillospiraceae;g__Oscillibacter;s__Oscillibacter_sp._KLE_1745	k__Bacteria;p__Bacteroidetes;c__Bacteroidia;o__Bacteroidales;f__Bacteroidaceae;g__Bacteroides;s__Bacteroides_coprophilus	k__Bacteria;p__Firmicutes;c__Clostridia;o__Clostridiales;f__Lachnospiraceae;g__Roseburia;s__Roseburia_intestinalis	k__Bacteria;p__Firmicutes;c__Clostridia;o__Clostridiales;f__Lachnospiraceae;g__Roseburia;s__Roseburia_hominis	k__Bacteria;p__Bacteroidetes;c__Bacteroidia;o__Bacteroidales;f__Porphyromonadaceae;g__Parabacteroides;s__Parabacteroides_johnsonii	k__Bacteria;p__Actinobacteria;c__Actinobacteria;o__Bifidobacteriales;f__Bifidobacteriaceae;g__Bifidobacterium;s__Bifidobacterium_longum	k__Bacteria;p__Firmicutes;c__Clostridia;o__Clostridiales;f__;g__Flavonifractor;s__Flavonifractor_plautii	k__Bacteria;p__Firmicutes;c__Clostridia;o__Clostridiales;f__Clostridiaceae;g__Clostridium;s__Clostridium_phoceensis	k__Bacteria;p__Verrucomicrobia;c__Verrucomicrobiae;o__Verrucomicrobiales;f__Akkermansiaceae;g__Akkermansia;s__Akkermansia_muciniphila	k__Bacteria;p__Bacteroidetes;c__Bacteroidia;o__Bacteroidales;f__Prevotellaceae;g__Paraprevotella;s__Paraprevotella_xylaniphila	k__Bacteria;p__Firmicutes;c__Clostridia;o__Clostridiales;f__Ruminococcaceae;g__Ruminococcus;s__Ruminococcus_callidus	k__Bacteria;p__Bacteroidetes;c__Bacteroidia;o__Bacteroidales;f__Rikenellaceae;g__Alistipes;s__Alistipes_senegalensis	k__Bacteria;p__Firmicutes;c__Clostridia;o__Clostridiales;f__Lachnospiraceae;g__Blautia;s__Blautia_sp._KLE_1732	k__Bacteria;p__Bacteroidetes;c__Bacteroidia;o__Bacteroidales;f__Bacteroidaceae;g__Bacteroides;s__Bacteroides_oleiciplenus	k__Bacteria;p__Firmicutes;c__Clostridia;o__Clostridiales;f__Ruminococcaceae;g__Ruminococcus;s__Ruminococcus_bicirculans	k__Bacteria;p__Bacteroidetes;c__Bacteroidia;o__Bacteroidales;f__Bacteroidaceae;g__Bacteroides;s__Bacteroides_fluxus	k__Bacteria;p__Bacteroidetes;c__Bacteroidia;o__Bacteroidales;f__Prevotellaceae;g__Prevotella;s__Prevotella_stercorea	k__Bacteria;p__Firmicutes;c__Clostridia;o__Clostridiales;f__Lachnospiraceae;g__Dorea;s__Dorea_longicatena	k__Bacteria;p__Firmicutes;c__Clostridia;o__Clostridiales;f__Eubacteriaceae;g__Eubacterium;s__[Eubacterium]_eligens	k__Bacteria;p__Firmicutes;c__Clostridia;o__Clostridiales;f__Ruminococcaceae;g__;s__Ruminococcaceae_bacterium_D16	k__Bacteria;p__Firmicutes;c__Clostridia;o__Clostridiales;f__Lachnospiraceae;g__Coprococcus;s__Coprococcus_comes	k__Bacteria;p__Proteobacteria;c__Gammaproteobacteria;o__Enterobacterales;f__Enterobacteriaceae;g__Escherichia;s__Escherichia_coli	k__Bacteria;p__Firmicutes;c__Clostridia;o__Clostridiales;f__Ruminococcaceae;g__Anaerotruncus;s__Anaerotruncus_colihominis	k__Bacteria;p__Firmicutes;c__Clostridia;o__Clostridiales;f__Lachnospiraceae;g__Blautia;s__Blautia_obeum	k__Bacteria;p__Bacteroidetes;c__Bacteroidia;o__Bacteroidales;f__Odoribacteraceae;g__Odoribacter;s__Odoribacter_laneus	k__Bacteria;p__Firmicutes;c__Clostridia;o__Clostridiales;f__Ruminococcaceae;g__Ruminiclostridium;s__[Clostridium]_leptum	k__Bacteria;p__Bacteroidetes;c__Bacteroidia;o__Bacteroidales;f__Porphyromonadaceae;g__Parabacteroides;s__Parabacteroides_goldsteinii	k__Bacteria;p__Firmicutes;c__Clostridia;o__Clostridiales;f__Lachnospiraceae;g__Anaerostipes;s__Anaerostipes_hadrus	k__Bacteria;p__Firmicutes;c__Clostridia;o__Clostridiales;f__Ruminococcaceae;g__Ruminococcus;s__Ruminococcus_lactaris	k__Bacteria;p__Firmicutes;c__Clostridia;o__Clostridiales;f__Clostridiaceae;g__Clostridium;s__Clostridium_sp._L2-50	k__Bacteria;p__Firmicutes;c__Clostridia;o__Clostridiales;f__Clostridiaceae;g__Clostridium;s__Clostridium_sp._M62/1	k__Bacteria;p__Firmicutes;c__Clostridia;o__Clostridiales;f__;g__Intestinimonas;s__Intestinimonas_butyriciproducens	k__Bacteria;p__Actinobacteria;c__Actinobacteria;o__Bifidobacteriales;f__Bifidobacteriaceae;g__Bifidobacterium;s__Bifidobacterium_bifidum	k__Bacteria;p__Firmicutes;c__Negativicutes;o__Veillonellales;f__Veillonellaceae;g__Dialister;s__Dialister_invisus	k__Bacteria;p__Bacteroidetes;c__Bacteroidia;o__Bacteroidales;f__Bacteroidaceae;g__Bacteroides;s__Bacteroides_salanitronis
k__Bacteria;p__Bacteroidetes;c__Bacteroidia;o__Bacteroidales;f__Bacteroidaceae;g__Bacteroides;s__Bacteroides_vulgatus	1.0	-0.0319108067767	-0.0265540677071	0.0119727812993	-0.00747698577608	0.0405843810683	0.0404991516677	-0.0368462902806	-0.0131800841253	0.0195719437089	0.00674694824138	0.00411973235851	0.0329609968059	0.0158420858161	-0.0100242005751	-0.0566809589334	0.0294465937666	0.00280950144565	-0.0156178060026	0.0111965622062	-0.0171415958068	0.016349575509	-0.0109395276765	-0.0206737335758	0.0133357159667	-0.031921267408	-0.0403068593396	0.0170917010697	-0.0125898086395	0.0153590276553	0.011326721607	-0.00410916288371	-0.025862262633	-0.0138418955778	0.00537583373887	-0.0116292099544	-0.0526934253422	0.030290463996	-0.00803244578011	-0.0201491300261	-0.0220715480851	-0.00895411636956	-0.0424790163341	-0.0250119319326	-0.0223188749789	-0.00987272762853	-0.0265421544944	-0.00891217830145	0.0441870428496	-0.05125225857	-0.0408133196209	-0.00549834892616	-0.0538805151848	0.00920696620076	-0.057894081137	-0.0622676692681	-0.00470075379804	-0.0359900210447	0.0192420418243
k__Bacteria;p__Bacteroidetes;c__Bacteroidia;o__Bacteroidales;f__Bacteroidaceae;g__Bacteroides;s__Bacteroides_uniformis	-0.0319108067767	1.0	-0.00258548820433	0.00300374954543	0.0216953164153	-0.000300965091145	0.01066536011	0.0085420517834	-0.0428938659556	-0.00711309150841	0.0206191834505	0.0155592534321	-0.0137098986479	-0.00526477390472	-0.0186184402231	-0.0226866544111	-0.0309974962858	-0.0390084930494	0.00977660126497	0.0309667514843	-0.0342235794446	-0.0369161534627	0.00537200653061	-0.026895060351	-0.0286681112064	0.0201294690316	-0.00233394492173	-0.00158866260341	0.0436029501742	0.00817625484041	-0.0651070415885	-0.0401622288937	0.0399086203552	-0.0549317237377	-0.00189932231696	-0.0149340592646	0.0508318717025	-0.00316939660542	0.0270903232639	-0.0141509816397	-0.0209038346967	0.0290867599597	0.0339723633691	0.0221353553582	-0.0186137958728	0.056196040384	-0.0429504326819	-0.0155129617749	-0.0421741912483	-0.00363835260783	-0.0272718704394	0.0362596617805	-0.0434587003233	-0.0109294098435	-0.012603827339	0.0412907783642	-0.059892122621	0.026338946804	0.000991626759102
k__Bacteria;p__Bacteroidetes;c__Bacteroidia;o__Bacteroidales;f__Rikenellaceae;g__Alistipes;s__Alistipes_putredinis	-0.0265540677071	-0.00258548820433	1.0	0.010587138258	0.00758581072411	0.00807105198059	0.0121278205448	0.00828811282922	0.0115424513802	-0.00220357120743	-0.0170245027656	0.011512623892	-0.0510143589663	-0.0116674079053	-0.00234161017478	-0.0182921374172	-0.0284163620186	0.0201824697333	-0.0123030576393	0.0167146944638	-0.0224162053486	-0.04216785135	-0.0182191050428	0.0279646447574	-0.0714636282858	-0.0503342441631	0.0511229335986	0.0353894659552	0.0168761968938	0.0206350843465	-0.00785599820632	-0.0277368285951	-0.0246602298317	0.0621495420211	0.00365713588968	0.05365606068	-0.0296126349836	0.00313698372216	0.0262401269231	0.0170601976712	-0.0396101689565	-0.0510536407945	-0.020480040672	0.0190548858725	-0.0467465133526	0.0149535527829	-0.0126470878598	0.0475911017625	-0.0398812274932	0.0257787904121	-0.0719615065906	-0.0570918774462	-0.053623402949	0.0308935268148	-0.0590430681125	0.00218399098073	0.0191374117743	0.0139620123671	-0.0382008344812
k__Bacteria;p__Bacteroidetes;c__Bacteroidia;o__Bacteroidales;f__Prevotellaceae;g__Prevotella;s__Prevotella_copri	0.0119727812993	0.00300374954543	0.010587138258	1.0	0.00108872203322	-0.0612828898757	-0.0328073436377	0.0173287037747	0.0124622535933	0.0471405415279	-0.0309699923864	0.00602447503669	-0.0184357297451	-0.026394013829	-0.00960518398421	-0.0404736940921	0.0404006914066	-0.0521296497047	-0.0364200585976	0.0179859740445	-0.0558667869277	0.0351612655885	0.0515540584493	-0.0257968019254	-0.0371837990441	-0.0697313580813	0.0164726208114	0.0374812554245	0.00825438523553	0.0220203072852	-0.0182429010298	-0.0388129518489	-0.0230852975495	-0.0429374793754	-0.0332734674823	-0.00288452880679	-0.0175157251699	-0.0243453019278	-0.00128812280558	-0.0242063882152	0.000760347442494	0.0311180243769	-0.0216268377118	-0.0556273372572	-0.00903346586047	-0.0200901120004	-0.00940345646214	-0.037991823014	-0.00906258977205	-0.0479083430259	0.016974954591	0.0146476111607	0.00378074080684	-0.0390579357247	0.0124182063831	-0.0692901540047	-0.0127353593806	-0.037359950145	0.0200394369224
k__Bacteria;p__Bacteroidetes;c__Bacteroidia;o__Bacteroidales;f__Bacteroidaceae;g__Bacteroides;s__Bacteroides_stercoris	-0.00747698577608	0.0216953164153	0.00758581072411	0.00108872203322	1.0	-0.0365987873296	0.011571538643	-0.0365269943933	0.0667230826828	-0.032080336762	-0.0295832750284	-0.00336983187713	-0.0197616656908	-0.0394117011346	-0.00334178319887	0.00937063464975	0.0277350223579	0.0270124456121	0.0550666419876	-0.00600971372289	-0.0289650660646	0.0117261587376	-0.00278380880005	-0.0454171823193	0.00228571135968	0.00310872534795	-0.0176227929448	0.0137400043974	0.0162419927683	0.0102817419704	-0.115032376842	-0.00806327753989	0.0284710441661	-0.0291900828116	-0.0061875548943	0.00870696719011	-0.0351650838071	-0.008895883466	-0.0453560870615	0.0494028249611	-0.0671520804766	-0.041398516514	0.0151781405404	0.0590558614946	0.00297895258648	0.016831827772	-0.048481903036	0.0450323937207	0.0441558724725	-0.0435153996126	-0.0495473864422	0.0142424281064	0.0157620781445	0.0162289021128	-0.00631698106465	0.0198234499478	0.00281610005102	0.019463861567	-0.0213598377711
k__Bacteria;p__Bacteroidetes;c__Bacteroidia;o__Bacteroidales;f__Bacteroidaceae;g__Bacteroides;s__Bacteroides_ovatus	0.0405843810683	-0.000300965091145	0.00807105198059	-0.0612828898757	-0.0365987873296	1.0	0.0160050284239	0.00279571717136	-0.002535149445	-0.00527602807414	-0.00733080859041	-0.0204686046307	-0.043145614392	-0.0316060064812	0.0366754915534	0.039146580729	0.0050018548591	-0.0375672550141	0.0672970274347	-0.0118023289573	-0.041429741343	-0.0153245951911	-0.0134324730188	-0.0535609942393	-0.0038299629472	-0.00713783860948	0.0093174082567	-0.0705749349607	0.0681645689745	0.0244196682645	-0.0221063907423	-0.0339664461946	-0.00158133239522	0.0165012690961	0.0361009348332	-0.0107515928761	-0.00846683282474	-0.043901641706	-0.0355389969511	0.0119063267274	0.011903244879	-0.000750983804523	0.0171954850411	-0.00151384578922	-0.00940035614007	-0.0142430930369	0.0222105061637	0.0322397054916	-0.00898728959408	-0.0107699122692	-0.00672314891972	-0.038514829062	-0.0447696016102	-0.0299954612053	0.019405389093	0.042782267987	0.016295216417	-0.00451351927234	-0.0455651205165
k__Bacteria;p__Bacteroidetes;c__Bacteroidia;o__Bacteroidales;f__Rikenellaceae;g__Alistipes;s__Alistipes_shahii	0.0404991516677	0.01066536011	0.0121278205448	-0.0328073436377	0.011571538643	0.0160050284239	1.0	-0.015090188107	0.0186580417627	-0.0178862325546	-0.0201063795264	-0.0880552372859	0.00815457865717	0.000577719290907	0.0491859139031	-0.0222573498148	-0.0154513968034	0.0217039211355	0.0436310507791	0.0275802915926	-0.0533203452561	-0.00887258675574	0.00869809037087	0.00880476348624	-0.0544572106048	0.000155636629956	0.0471686721675	0.00176973757511	-0.0312090636997	-0.0139407237047	0.00121378857595	0.0323856254328	-0.00179701520087	0.0102074270116	-0.0149932216308	0.00713420398556	0.0205444837655	0.00665858542991	0.0127876053948	-0.0490329727229	-0.0351888739344	-0.0281975785868	0.042215214781	-0.0265383417955	-0.0779762092257	-0.0304628132848	-0.0031460857817	-0.0540474934145	-0.00548329392842	-0.0687226669656	-0.00612348515005	-0.00344424147902	-0.00253879489439	-0.0246715241018	-0.0162123972968	-0.032688909184	-0.0496869574214	0.0106395170586	-0.00936829883655
k__Bacteria;p__Firmicutes;c__Clostridia;o__Clostridiales;f__Ruminococcaceae;g__Faecalibacterium;s__Faecalibacterium_prausnitzii	-0.0368462902806	0.0085420517834	0.00828811282922	0.0173287037747	-0.0365269943933	0.00279571717136	-0.015090188107	1.0	-0.00304026680201	0.0323107160746	-0.0160867017239	0.0448384717916	0.052327702523	-0.00140173865531	-0.0491522535622	-0.0255806855142	-0.0392896278497	-0.00585414784067	-0.0224451274939	0.0268851583791	0.00719406581206	-0.0135777097979	-0.00815503795167	-0.0464041023509	-0.0311658494396	-0.0269962438711	-0.0126315260577	-0.00923937989818	-0.0358078697665	-0.0102654809512	-0.0135897483786	0.0198330930665	-0.00361781239286	-0.00921553145477	0.0831491765926	0.0221641801253	-0.00183037796439	-0.00302188971678	-0.0128193024269	-0.0352396786871	0.0140480642768	0.0799862779971	-0.0637336304218	-0.0626295737521	-0.0199127747942	-0.000501185381876	0.0510219052806	-0.0178902665384	-0.0357363275368	-0.0242763009789	0.0104677921973	0.048853960175	-0.0154983286332	0.0332853558514	-0.00747424016568	-0.0513436274889	0.0205136701476	0.0413452561849	0.0407682177309
k__Bacteria;p__Bacteroidetes;c__Bacteroidia;o__Bacteroidales;f__Rikenellaceae;g__Alistipes;s__Alistipes_finegoldii	-0.0131800841253	-0.0428938659556	0.0115424513802	0.0124622535933	0.0667230826828	-0.002535149445	0.0186580417627	-0.00304026680201	1.0	-0.0218483881467	-0.00573324215897	0.0263762101191	-0.0160566273917	-0.0735506832363	-0.017284940863	0.0594019621423	-0.0620864576654	0.0296879156082	-0.0106590525552	-0.00239843054564	0.055426071478	-0.0329969575837	-0.0107421819481	0.00738706311683	0.00122035314743	-0.0506864352119	0.0155185485074	0.0342562832709	0.0101949980165	-0.0557654723004	0.056596149271	0.0154662765456	-0.00487717645451	-0.0138811732649	-0.00742872783623	-0.0161811163727	0.0396419442833	0.0334947215338	0.0166443741391	-0.0574150596719	0.0398800064777	-0.0492559015758	0.000155265569785	-0.0227076751871	-0.0221817426119	0.0137544029257	-0.0198280846916	0.0666117993322	-0.0204471668586	-0.0374541253789	0.0168322090069	-0.000243129667965	-0.00587724061633	-0.018692194825	-0.0610630717807	-0.030295559026	-0.0698357903769	-0.0989137179196	-0.0242899809916
k__Bacteria;p__Bacteroidetes;c__Bacteroidia;o__Bacteroidales;f__Porphyromonadaceae;g__Parabacteroides;s__Parabacteroides_distasonis	0.0195719437089	-0.00711309150841	-0.00220357120743	0.0471405415279	-0.032080336762	-0.00527602807414	-0.0178862325546	0.0323107160746	-0.0218483881467	1.0	-0.0591831110887	-0.0416291194872	0.0262060868803	0.0217500145194	-0.0535144888915	-0.0193029333813	-0.0043895702209	0.01604533198	0.0048473071754	0.0186193672195	-0.038747747554	0.0228617905343	-0.00975851958383	0.0283155593848	-0.00669772483242	-0.0618233184127	0.0048750020874	-0.00595235830401	-0.0499422941445	0.0108541630653	-0.0117799630681	-0.0254059806766	-0.037854139365	-0.0325917076627	0.0163741751269	-0.00218872177998	0.00906712902893	-0.00321560111256	-0.0231164495395	0.0031700237054	0.0138497611613	0.0296445353398	-0.0180105876777	-0.0386549431105	-0.0548455496218	-0.0400772270809	-0.0435532883313	0.0420976200738	0.0403047813874	-0.0851531685834	-0.00138662838771	0.0146203256555	-0.00872175805459	-0.0356325811379	0.0107436388166	0.00678150068281	0.013210115713	0.0208028050699	-0.034245356206
k__Bacteria;p__Bacteroidetes;c__Bacteroidia;o__Bacteroidales;f__Bacteroidaceae;g__Bacteroides;s__Bacteroides_thetaiotaomicron	0.00674694824138	0.0206191834505	-0.0170245027656	-0.0309699923864	-0.0295832750284	-0.00733080859041	-0.0201063795264	-0.0160867017239	-0.00573324215897	-0.0591831110887	1.0	-0.017127921393	0.00808550261517	-0.0177651918612	-0.00852582564756	0.039946627111	-0.0581064838305	-0.00473493087401	-0.0729259229812	-0.0127638054048	0.00978334494585	0.0137521925175	-0.0216315165341	0.00326448308345	0.0304241851028	0.00749598833998	0.00285086909322	-0.0159664375728	-0.0111780044387	-0.023022497416	0.0435703663591	0.0167335001265	0.0102859994693	-0.0282919111924	-0.038949804546	0.0333002551132	-0.0257705663106	-0.0229124036598	-0.00102446340302	-0.000105895670032	-0.037951201197	0.00271339615992	-0.0194220880318	0.0799942959843	-0.0158398874497	-0.0501603836974	-0.047603689286	-0.0230541991768	0.00714885434501	0.0265647247997	0.0066289982224	-0.0366458434266	-0.0482833640287	0.00121285448395	-0.0354745151446	-0.0319181795982	0.0215359130873	-0.00195717031816	-0.0067276988394
k__Bacteria;p__Bacteroidetes;c__Bacteroidia;o__Bacteroidales;f__Bacteroidaceae;g__Bacteroides;s__Bacteroides_coprocola	0.00411973235851	0.0155592534321	0.011512623892	0.00602447503669	-0.00336983187713	-0.0204686046307	-0.0880552372859	0.0448384717916	0.0263762101191	-0.0416291194872	-0.017127921393	1.0	0.0144329015775	-0.0359922284869	-0.0450487947055	0.0127967480725	-0.00960249913573	0.0510364891589	-0.000302718528319	0.0194725022141	0.0442430835828	-0.000669536314038	0.000671631600356	-0.00581830338044	-0.025900602369	0.0140915524854	0.00553992706002	-0.00165079890391	0.0363497506103	-0.0107092816736	0.0490200100399	0.0241681388317	-0.00873604569907	-0.00545635115803	0.0496045613326	-0.0297783062241	-0.0278410595937	0.00635524626684	0.0195995435848	-0.0378288451872	-0.0566063917381	-0.00193500328391	-0.0541997861976	0.00815002109585	-0.0114704345611	0.00552755549514	-0.039697082588	-0.003671495428	-0.0535261198702	-0.0589200342552	-0.0483729002271	-0.0466799678624	-0.013599381323	0.00282303757755	0.013444796628	-0.00249157386142	0.0168031860081	-0.0167287477208	-0.0490615469342
k__Bacteria;p__Bacteroidetes;c__Bacteroidia;o__Bacteroidales;f__Bacteroidaceae;g__Bacteroides;s__Bacteroides_cellulosilyticus	0.0329609968059	-0.0137098986479	-0.0510143589663	-0.0184357297451	-0.0197616656908	-0.043145614392	0.00815457865717	0.052327702523	-0.0160566273917	0.0262060868803	0.00808550261517	0.0144329015775	1.0	0.0028261822655	-0.0294178664294	0.028906377409	0.0242313296501	-0.032087184662	0.0104040556911	-0.068733308757	0.0384374739849	0.00989059725143	-0.0115601835426	-0.0375451231211	-0.00825417111106	-0.0409493846761	0.00779693679457	-0.0417472692736	-0.00602534713862	-0.0476224441802	0.00553374390146	-0.0363279627037	-0.00954931826975	-2.22093378801e-05	-0.0378693843743	-0.00432976296585	-0.0308591188538	0.00034309012018	0.0148770745042	-0.0281580847263	0.00254762250474	-0.0136286405908	-0.035952928523	0.0209459384666	0.00710032261351	-0.0104949110014	-0.017881126172	0.0284451054667	0.0190971518526	-0.0400511373604	-0.0274837641123	0.0469564974195	-0.0205032416767	-0.0186668731245	0.0294216721651	-0.0164696709534	0.000104787518319	0.0125395661881	-0.015480986865
k__Bacteria;p__Bacteroidetes;c__Bacteroidia;o__Bacteroidales;f__Rikenellaceae;g__Alistipes;s__Alistipes_obesi	0.0158420858161	-0.00526477390472	-0.0116674079053	-0.026394013829	-0.0394117011346	-0.0316060064812	0.000577719290907	-0.00140173865531	-0.0735506832363	0.0217500145194	-0.0177651918612	-0.0359922284869	0.0028261822655	1.0	-0.0104306875811	-0.0416466836364	0.0675429640796	-0.0546179355668	0.000143654647291	-0.012091390951	-0.0369790483396	-0.0199811324486	-0.0306682491736	-0.00466016667813	0.0156212779529	-0.00672109812913	-0.0643716597376	0.0519828925141	-0.0143054782285	-0.00874884905897	0.00985732646538	-0.00754116299734	-0.0078832958969	-0.0315155911936	-0.0314976020522	-0.00220458887371	0.0063929954865	-0.0249183067053	0.0283521303265	-0.0165529709407	0.00116062319957	-0.00749183939853	0.0420825804768	0.033548857524	-0.0917409908584	0.0292220957713	-0.0128702352411	0.00793586957582	-0.0487959865434	-0.0153323986491	-0.0126494025755	-0.0255955556266	0.0213525344484	0.0313750238514	0.0409773580793	-0.0229856411525	0.0221852820649	-0.032177567582	0.0374047401663
k__Bacteria;p__Firmicutes;c__Clostridia;o__Clostridiales;f__Lachnospiraceae;g__;s__[Eubacterium]_rectale	-0.0100242005751	-0.0186184402231	-0.00234161017478	-0.00960518398421	-0.00334178319887	0.0366754915534	0.0491859139031	-0.0491522535622	-0.017284940863	-0.0535144888915	-0.00852582564756	-0.0450487947055	-0.0294178664294	-0.0104306875811	1.0	-0.0127269166106	-0.00631370766522	0.0125457956132	-0.00362593891117	-0.0334884128942	-0.0182935969233	-0.0300247282609	-0.000435023994394	0.0200671803081	-0.0145018761439	0.0628433914875	-0.0294241430103	0.0176825890504	-0.0284202542462	-0.0117964405775	0.0424943884046	-0.0331355539115	0.00139572191981	-0.012999036482	0.00122607165319	0.0165172513557	0.0653562184949	0.00248553744598	-0.0367007692724	0.0431195415747	0.0133414462096	-0.0844383093346	0.00667940402878	-0.0488729510481	0.0342287719868	-0.00880390573173	-0.015248798129	-0.0174249655285	-0.0217096662267	0.0531257366103	-0.0244962868043	-0.00165699963999	-0.0159396521927	-0.0549125255149	-0.0444021625386	-0.0123599987581	0.0292814880375	-0.0517930128711	0.0217670655671
k__Bacteria;p__Bacteroidetes;c__Bacteroidia;o__Bacteroidales;f__Bacteroidaceae;g__Bacteroides;s__Bacteroides_plebeius	-0.0566809589334	-0.0226866544111	-0.0182921374172	-0.0404736940921	0.00937063464975	0.039146580729	-0.0222573498148	-0.0255806855142	0.0594019621423	-0.0193029333813	0.039946627111	0.0127967480725	0.028906377409	-0.0416466836364	-0.0127269166106	1.0	-0.0241036905685	0.00588573953175	-0.00754657106118	-0.00100210201664	0.036623655857	-0.0336088355743	0.0163197878288	-0.0157920579677	-0.0039996366283	0.0312814470488	0.0438663679643	-0.00445573014883	0.0242549585358	0.0195337528354	0.00651477995065	0.0107843472652	-0.0552163437247	-0.0373181484104	-0.0354533220288	0.0122705898176	-0.0210435711359	-0.010367401993	-0.00645076801984	-0.0537409703239	-0.00579162394965	0.0433864384868	0.0179993898371	-0.0132204760121	-0.00449023706227	-0.0139074098441	-0.0374179696117	-0.00458944282806	-0.0274367384331	-0.0230445165802	-0.0424525044162	-0.0864643287419	-0.0140051609847	-0.0194753696587	-0.00694823493746	-0.0290432108008	-0.0155803509438	-0.0567055032658	-0.016438650729
k__Bacteria;p__Bacteroidetes;c__Bacteroidia;o__Bacteroidales;f__Bacteroidaceae;g__Bacteroides;s__Bacteroides_fragilis	0.0294465937666	-0.0309974962858	-0.0284163620186	0.0404006914066	0.0277350223579	0.0050018548591	-0.0154513968034	-0.0392896278497	-0.0620864576654	-0.0043895702209	-0.0581064838305	-0.00960249913573	0.0242313296501	0.0675429640796	-0.00631370766522	-0.0241036905685	1.0	0.0297748623892	-0.0234000271191	-0.0246159111088	-0.0842092208941	0.0169153259829	0.0107231558695	-0.0382749112578	0.0335308104789	0.0182777165912	-0.00465006262106	0.00389013297413	0.006732812298	0.0303393978957	-0.00194180795145	0.0165098562508	0.00530022116394	0.00390292410556	-0.0347263776442	0.00583441705786	-0.0058699028163	-0.042021573442	0.0115993921087	0.0321015578038	0.00567218803233	0.0574601445136	-0.054040690147	0.0217366649083	0.0313352494707	0.0282600204016	0.0139226847358	-0.0483426928766	0.0474452898293	0.0103160271021	-0.016056162238	-0.0037197095793	0.0378594734262	-0.00987209595019	-0.0295514722411	0.0164935074846	0.0419835253216	0.0570392351659	-0.0279543373527
k__Bacteria;p__Proteobacteria;c__Betaproteobacteria;o__Burkholderiales;f__Sutterellaceae;g__Sutterella;s__Sutterella_wadsworthensis	0.00280950144565	-0.0390084930494	0.0201824697333	-0.0521296497047	0.0270124456121	-0.0375672550141	0.0217039211355	-0.00585414784067	0.0296879156082	0.01604533198	-0.00473493087401	0.0510364891589	-0.032087184662	-0.0546179355668	0.0125457956132	0.00588573953175	0.0297748623892	1.0	-0.0324450263803	0.0397099688221	-0.0274227446113	-0.00880268430198	0.0280582017532	-0.00857528626334	0.0133548329166	-0.0702232417399	0.0490659717056	-0.00530555761177	0.0404646605275	-0.072893636525	-0.0143439118816	-0.0240772963243	-0.0360467889779	-0.00325767252663	0.0183871188668	-0.0898098026346	-0.0108313166784	-0.0231567999149	0.0679834988105	-0.0300902132062	-0.0615288572067	-0.0290690294166	0.0439645883699	0.015154607016	-0.0628528202717	-0.030799064881	-0.00207189321937	-0.048736339891	-0.00413818566721	0.00715163310764	-0.0538443671934	-0.0151833260638	-0.0178318425419	0.0507666326892	0.0147841297914	0.0222195287713	-0.00620326454486	0.0104022314599	0.00316073341401
k__Bacteria;p__Bacteroidetes;c__Bacteroidia;o__Bacteroidales;f__Porphyromonadaceae;g__Barnesiella;s__Barnesiella_intestinihominis	-0.0156178060026	0.00977660126497	-0.0123030576393	-0.0364200585976	0.0550666419876	0.0672970274347	0.0436310507791	-0.0224451274939	-0.0106590525552	0.0048473071754	-0.0729259229812	-0.000302718528319	0.0104040556911	0.000143654647291	-0.00362593891117	-0.00754657106118	-0.0234000271191	-0.0324450263803	1.0	-0.000562228950335	-0.0404789812211	-0.0498942469519	-0.0443463026782	-0.00413888318682	0.0400895695646	0.0397296434494	-0.00677388428571	-0.0778324428204	0.00972826152609	-0.0403167718419	0.0395674610472	-0.0364131328823	0.0502228724589	0.0423484856859	-0.0321319996658	-0.00189007275006	0.088045028296	0.00438892622487	-0.0367835878336	0.0090624331972	-0.0522536693284	-0.0252299293665	0.0248039260245	0.0232174522141	-0.00411381966551	0.0367758222271	-0.0456599678191	-0.0168516819963	0.000213596131382	-0.0128987784379	-0.028719661879	-0.0081218813522	-0.0315174963324	-0.0187446992205	-0.00695737223216	-0.0573559443117	-0.0406302916621	0.0320845241563	-0.0127136328925
k__Bacteria;p__Bacteroidetes;c__Bacteroidia;o__Bacteroidales;f__Odoribacteraceae;g__Odoribacter;s__Odoribacter_splanchnicus	0.0111965622062	0.0309667514843	0.0167146944638	0.0179859740445	-0.00600971372289	-0.0118023289573	0.0275802915926	0.0268851583791	-0.00239843054564	0.0186193672195	-0.0127638054048	0.0194725022141	-0.068733308757	-0.012091390951	-0.0334884128942	-0.00100210201664	-0.0246159111088	0.0397099688221	-0.000562228950335	1.0	-0.0149507434772	-0.0035722812129	0.0320167918637	0.0350460994248	-0.0355368817031	-0.00934463503877	0.00978114755577	0.0249264367894	-0.0101761006287	0.0185558200352	-0.0372928048154	0.0436197359819	-0.0225931635903	-0.0321891178547	-0.0321109716605	0.0472452306827	0.0149811421015	-0.0250459805559	-0.0267284287527	0.0256203765358	-0.071416525478	-0.0156008192164	-0.0415357929951	-0.0427497284346	0.0202475022192	0.000409190839803	-0.00838432505853	-0.0153683241492	-0.0383334046837	0.039313091312	-0.0594405726233	-0.0387809896946	-0.0148752064359	-0.00644947920978	-0.00880130403797	0.018524396151	0.0143257572371	-0.0628086752442	-0.0400823912864
k__Bacteria;p__Bacteroidetes;c__Bacteroidia;o__Bacteroidales;f__Bacteroidaceae;g__Bacteroides;s__Bacteroides_salyersiae	-0.0171415958068	-0.0342235794446	-0.0224162053486	-0.0558667869277	-0.0289650660646	-0.041429741343	-0.0533203452561	0.00719406581206	0.055426071478	-0.038747747554	0.00978334494585	0.0442430835828	0.0384374739849	-0.0369790483396	-0.0182935969233	0.036623655857	-0.0842092208941	-0.0274227446113	-0.0404789812211	-0.0149507434772	1.0	-0.00612059719593	-0.0167150030672	0.0108090335565	-0.0188059076351	0.016689982026	-0.0466560467866	0.0147697215411	-0.0315326642605	0.0487845322477	0.00100191268867	0.0970971076089	-0.0416720292147	-0.0162591905967	-0.00256867660329	0.0129128608696	0.0139490257139	0.105547945386	0.0289846811537	-0.0172016024939	0.00851801059385	0.00880147098973	0.00958063630938	0.00228146191023	-0.044930427911	-0.00648026951225	-0.0248662351347	0.0682168533076	-0.097459386509	-0.0120736752619	-0.0498000087102	0.0419360303023	-0.0498781040487	0.0402038180223	-0.016624293229	0.0404529898282	-0.0179730749594	-0.055038515085	-0.035846240972
k__Bacteria;p__Firmicutes;c__Clostridia;o__Clostridiales;f__Ruminococcaceae;g__Ruminiclostridium;s__[Eubacterium]_siraeum	0.016349575509	-0.0369161534627	-0.04216785135	0.0351612655885	0.0117261587376	-0.0153245951911	-0.00887258675574	-0.0135777097979	-0.0329969575837	0.0228617905343	0.0137521925175	-0.000669536314038	0.00989059725143	-0.0199811324486	-0.0300247282609	-0.0336088355743	0.0169153259829	-0.00880268430198	-0.0498942469519	-0.0035722812129	-0.00612059719593	1.0	-0.0612911874573	-0.0307616933482	0.0130816448266	0.0252597989346	0.0334840555402	-0.0106871699765	-0.00479131931181	-0.0218309937742	0.00462866684745	0.00280486369872	-0.0244700982986	-0.0202608387739	0.0896212531984	0.0341236978236	-0.0239907987046	-0.0550452391961	-0.040795823114	-0.0248574850695	-0.0353921848088	0.0350199762489	-0.00700572338009	-0.0393472178357	-0.0262003100681	0.0109351754127	-0.038788224778	-0.0712353059783	-0.0127191638437	-0.0218912679993	0.0148651270149	-0.0285474445107	-0.0210175444286	-0.0281994042476	0.0366854022577	-0.0185921912088	-0.00370618220049	0.0383631859813	-0.0204740010284
k__Bacteria;p__Proteobacteria;c__Betaproteobacteria;o__Burkholderiales;f__Sutterellaceae;g__Parasutterella;s__Parasutterella_excrementihominis	-0.0109395276765	0.00537200653061	-0.0182191050428	0.0515540584493	-0.00278380880005	-0.0134324730188	0.00869809037087	-0.00815503795167	-0.0107421819481	-0.00975851958383	-0.0216315165341	0.000671631600356	-0.0115601835426	-0.0306682491736	-0.000435023994394	0.0163197878288	0.0107231558695	0.0280582017532	-0.0443463026782	0.0320167918637	-0.0167150030672	-0.0612911874573	1.0	-0.0318126940186	0.00700279961283	-0.00273332684833	0.037003651466	-0.00296475875835	-0.00779653961068	0.0183591114196	-0.0217967699691	0.00759719260692	0.00679367205192	-0.0102486768856	0.0327748606739	0.00127867021497	0.00266206293058	-0.00731635126311	-0.0202336307369	-0.0354571013726	0.0199688857338	-0.0395099950886	-0.00055550802267	0.0180197934949	-0.0386457698689	-0.0239935076209	-0.0154317582119	-0.0243042168218	-0.00185042939174	-0.0512728869568	-0.0134283390037	-0.0262730622853	0.0351530032429	-0.0460090456456	0.0158291233206	-0.0154953371613	-0.0283897650056	-0.0413392763392	-0.0298994557052
k__Bacteria;p__Actinobacteria;c__Actinobacteria;o__Bifidobacteriales;f__Bifidobacteriaceae;g__Bifidobacterium;s__Bifidobacterium_adolescentis	-0.0206737335758	-0.026895060351	0.0279646447574	-0.0257968019254	-0.0454171823193	-0.0535609942393	0.00880476348624	-0.0464041023509	0.00738706311683	0.0283155593848	0.00326448308345	-0.00581830338044	-0.0375451231211	-0.00466016667813	0.0200671803081	-0.0157920579677	-0.0382749112578	-0.00857528626334	-0.00413888318682	0.0350460994248	0.0108090335565	-0.0307616933482	-0.0318126940186	1.0	0.0233799779668	0.002515601138	-0.00219773824309	0.0392167381621	-0.0117610921553	-0.00388663845728	-0.0086777596449	-0.00293784576699	0.127215037828	-0.00695743019784	-0.0384142172988	-0.00455623170268	-0.0169221143969	-0.00971419261126	0.010516323173	0.0219266634147	0.0281440971304	-0.00387540542653	0.0156474275714	-0.0038686388503	0.00601161190438	-0.0365745462519	0.0731533921449	-0.0635370715247	-0.0338649111212	0.0155720134565	0.00559213700678	-0.0356439320851	-0.00363585108546	0.00873208951148	0.00812276888607	0.0366737269927	-0.00591935938787	-0.0902462226881	-0.0157879544887
k__Bacteria;p__Firmicutes;c__Clostridia;o__Clostridiales;f__Oscillospiraceae;g__Oscillibacter;s__Oscillibacter_sp._KLE_1745	0.0133357159667	-0.0286681112064	-0.0714636282858	-0.0371837990441	0.00228571135968	-0.0038299629472	-0.0544572106048	-0.0311658494396	0.00122035314743	-0.00669772483242	0.0304241851028	-0.025900602369	-0.00825417111106	0.0156212779529	-0.0145018761439	-0.0039996366283	0.0335308104789	0.0133548329166	0.0400895695646	-0.0355368817031	-0.0188059076351	0.0130816448266	0.00700279961283	0.0233799779668	1.0	-0.0432726262934	-0.0105573882335	-0.00795120535023	-0.028215725618	-0.0109012271534	-0.0145212454581	0.0280723583165	-0.0129941796478	-0.027835825625	0.00542332372465	-0.0167400697266	0.0386641686321	0.0191625589355	-0.0459169811296	0.0363831739328	0.00903090423518	-0.00787224605879	-0.0639112506669	0.0312412067695	0.0126126216142	0.0164744358517	0.00195212560066	-0.00683516681484	-0.0759250848482	0.0300652553541	0.0200843760803	-0.0105222949505	-0.00215738157044	-0.0382208232994	-0.0523117145076	-0.0649399691742	-0.0465959287293	-0.0329408866492	0.0317928484956
k__Bacteria;p__Bacteroidetes;c__Bacteroidia;o__Bacteroidales;f__Bacteroidaceae;g__Bacteroides;s__Bacteroides_coprophilus	-0.031921267408	0.0201294690316	-0.0503342441631	-0.0697313580813	0.00310872534795	-0.00713783860948	0.000155636629956	-0.0269962438711	-0.0506864352119	-0.0618233184127	0.00749598833998	0.0140915524854	-0.0409493846761	-0.00672109812913	0.0628433914875	0.0312814470488	0.0182777165912	-0.0702232417399	0.0397296434494	-0.00934463503877	0.016689982026	0.0252597989346	-0.00273332684833	0.002515601138	-0.0432726262934	1.0	0.00560250954567	0.0147265438068	-0.00890718345997	0.00949423240793	-0.0458537894939	-0.0395382996352	0.0388456403626	-0.0148357621381	0.00437462539694	0.0197758874367	-0.000392807565425	0.00523660843961	0.0384409146731	0.0135940519942	-0.020248017861	0.00781479322382	0.0313158750256	-0.0168278664361	-0.021574474965	0.0209977840171	0.00977323316584	0.030856478003	-0.0373023818132	0.0272845192399	-0.0253053699359	-0.0418908560514	-0.0371710362725	0.0403977358757	0.0444665755688	0.00524549976768	-0.0549079016107	-0.00273222757804	-0.0244142751771
k__Bacteria;p__Firmicutes;c__Clostridia;o__Clostridiales;f__Lachnospiraceae;g__Roseburia;s__Roseburia_intestinalis	-0.0403068593396	-0.00233394492173	0.0511229335986	0.0164726208114	-0.0176227929448	0.0093174082567	0.0471686721675	-0.0126315260577	0.0155185485074	0.0048750020874	0.00285086909322	0.00553992706002	0.00779693679457	-0.0643716597376	-0.0294241430103	0.0438663679643	-0.00465006262106	0.0490659717056	-0.00677388428571	0.00978114755577	-0.0466560467866	0.0334840555402	0.037003651466	-0.00219773824309	-0.0105573882335	0.00560250954567	1.0	-0.0523121951984	-0.00344611256284	-0.0114900329864	-0.0117335111597	0.0068464498331	-0.0289963771286	0.00732910718812	0.0087959756402	-0.0254346105447	0.000998375621361	0.016228883393	-0.0380906350819	-0.0402133511905	0.00741754791338	0.00870818673741	0.0398804553527	-0.0211736912596	-0.0488043483706	-0.0131247275684	-0.0307981472899	0.0181689558374	-0.00084014153398	0.0163038419976	-0.0201725951315	-0.0213236281487	-0.00695024494415	0.028792959402	-0.0580703314409	0.0296684194157	0.0239436816995	-0.0368600261641	-0.0333197733838
k__Bacteria;p__Firmicutes;c__Clostridia;o__Clostridiales;f__Lachnospiraceae;g__Roseburia;s__Roseburia_hominis	0.0170917010697	-0.00158866260341	0.0353894659552	0.0374812554245	0.0137400043974	-0.0705749349607	0.00176973757511	-0.00923937989818	0.0342562832709	-0.00595235830401	-0.0159664375728	-0.00165079890391	-0.0417472692736	0.0519828925141	0.0176825890504	-0.00445573014883	0.00389013297413	-0.00530555761177	-0.0778324428204	0.0249264367894	0.0147697215411	-0.0106871699765	-0.00296475875835	0.0392167381621	-0.00795120535023	0.0147265438068	-0.0523121951984	1.0	0.0336438511377	-0.00332045961475	-0.0174841604454	-0.0285336484358	-0.0671297674068	-0.0169891682021	0.0187898962277	-0.0292492952734	0.0806888906352	-0.0512121523826	-0.0522066377137	-0.0616836290236	-0.0113437498948	0.0102801171788	-0.0493090833283	0.00654944080569	0.0278791417764	-0.0254224696086	-0.0277551608964	-0.0339178262576	-0.0574293284215	0.0202370121978	-0.0107349542877	-0.0287551425335	-0.0133118886191	0.000810259330858	-0.0766999200262	-0.00847506205406	0.0024824102572	-0.0198044820278	0.00272235045345
k__Bacteria;p__Bacteroidetes;c__Bacteroidia;o__Bacteroidales;f__Porphyromonadaceae;g__Parabacteroides;s__Parabacteroides_johnsonii	-0.0125898086395	0.0436029501742	0.0168761968938	0.00825438523553	0.0162419927683	0.0681645689745	-0.0312090636997	-0.0358078697665	0.0101949980165	-0.0499422941445	-0.0111780044387	0.0363497506103	-0.00602534713862	-0.0143054782285	-0.0284202542462	0.0242549585358	0.006732812298	0.0404646605275	0.00972826152609	-0.0101761006287	-0.0315326642605	-0.00479131931181	-0.00779653961068	-0.0117610921553	-0.028215725618	-0.00890718345997	-0.00344611256284	0.0336438511377	1.0	-0.0347957018763	0.00396435106679	-0.00834270761958	-0.00834088069737	0.0376574654113	-0.0666226250503	-0.054386037458	-0.0395157757325	-0.0153254648718	0.0458782643707	0.0222995307058	-0.0379646681666	0.0240245507553	-0.0271094514602	-0.0211116383212	0.0100850611206	-0.0396600051628	-0.0185936243496	0.0252144595833	0.00331251962535	-0.00817314538246	0.0437413736706	-0.0069476984307	0.0561209073477	-0.00642680159588	0.0102896557152	0.0171567943608	0.0177237357119	-0.00410753003777	-0.00669494890995
