#taxonomy	k__Bacteria;p__Bacteroidetes;c__Bacteroidia;o__Bacteroidales;f__Bacteroidaceae;g__Bacteroides;s__Bacteroides_vulgatus	k__Bacteria;p__Bacteroidetes;c__Bacteroidia;o__Bacteroidales;f__Bacteroidaceae;g__Bacteroides;s__Bacteroides_uniformis	k__Bacteria;p__Bacteroidetes;c__Bacteroidia;o__Bacteroidales;f__Rikenellaceae;g__Alistipes;s__Alistipes_putredinis	k__Bacteria;p__Bacteroidetes;c__Bacteroidia;o__Bacteroidales;f__Prevotellaceae;g__Prevotella;s__Prevotella_copri	k__Bacteria;p__Bacteroidetes;c__Bacteroidia;o__Bacteroidales;f__Bacteroidaceae;g__Bacteroides;s__Bacteroides_stercoris	k__Bacteria;p__Bacteroidetes;c__Bacteroidia;o__Bacteroidales;f__Bacteroidaceae;g__Bacteroides;s__Bacteroides_ovatus	k__Bacteria;p__Bacteroidetes;c__Bacteroidia;o__Bacteroidales;f__Rikenellaceae;g__Alistipes;s__Alistipes_shahii	k__Bacteria;p__Firmicutes;c__Clostridia;o__Clostridiales;f__Ruminococcaceae;g__Faecalibacterium;s__Faecalibacterium_prausnitzii	k__Bacteria;p__Bacteroidetes;c__Bacteroidia;o__Bacteroidales;f__Rikenellaceae;g__Alistipes;s__Alistipes_finegoldii	k__Bacteria;p__Bacteroidetes;c__Bacteroidia;o__Bacteroidales;f__Porphyromonadaceae;g__Parabacteroides;s__Parabacteroides_distasonis	k__Bacteria;p__Bacteroidetes;c__Bacteroidia;o__Bacteroidales;f__Bacteroidaceae;g__Bacteroides;s__Bacteroides_thetaiotaomicron	k__Bacteria;p__Bacteroidetes;c__Bacteroidia;o__Bacteroidales;f__Bacteroidaceae;g__Bacteroides;s__Bacteroides_coprocola	k__Bacteria;p__Bacteroidetes;c__Bacteroidia;o__Bacteroidales;f__Bacteroidaceae;g__Bacteroides;s__Bacteroides_cellulosilyticus	k__Bacteria;p__Bacteroidetes;c__Bacteroidia;o__Bacteroidales;f__Rikenellaceae;g__Alistipes;s__Alistipes_obesi	k__Bacteria;p__Firmicutes;c__Clostridia;o__Clostridiales;f__Lachnospiraceae;g__;s__[Eubacterium]_rectale	k__Bacteria;p__Bacteroidetes;c__Bacteroidia;o__Bacteroidales;f__Bacteroidaceae;g__Bacteroides;s__Bacteroides_plebeius	k__Bacteria;p__Bacteroidetes;c__Bacteroidia;o__Bacteroidales;f__Bacteroidaceae;g__Bacteroides;s__Bacteroides_fragilis	k__Bacteria;p__Proteobacteria;c__Betaproteobacteria;o__Burkholderiales;f__Sutterellaceae;g__Sutterella;s__Sutterella_wadsworthensis	k__Bacteria;p__Bacteroidetes;c__Bacteroidia;o__Bacteroidales;f__Porphyromonadaceae;g__Barnesiella;s__Barnesiella_intestinihominis	k__Bacteria;p__Bacteroidetes;c__Bacteroidia;o__Bacteroidales;f__Odoribacteraceae;g__Odoribacter;s__Odoribacter_splanchnicus	k__Bacteria;p__Bacteroidetes;c__Bacteroidia;o__Bacteroidales;f__Bacteroidaceae;g__Bacteroides;s__Bacteroides_salyersiae	k__Bacteria;p__Firmicutes;c__Clostridia;o__Clostridiales;f__Ruminococcaceae;g__Ruminiclostridium;s__[Eubacterium]_siraeum	k__Bacteria;p__Proteobacteria;c__Betaproteobacteria;o__Burkholderiales;f__Sutterellaceae;g__Parasutterella;s__Parasutterella_excrementihominis	k__Bacteria;p__Actinobacteria;c__Actinobacteria;o__Bifidobacteriales;f__Bifidobacteriaceae;g__Bifidobacterium;s__Bifidobacterium_adolescentis	k__Bacteria;p__Firmicutes;c__Clostridia;o__Clostridiales;f__Oscillospiraceae;g__Oscillibacter;s__Oscillibacter_sp._KLE_1745	k__Bacteria;p__Bacteroidetes;c__Bacteroidia;o__Bacteroidales;f__Bacteroidaceae;g__Bacteroides;s__Bacteroides_coprophilus	k__Bacteria;p__Firmicutes;c__Clostridia;o__Clostridiales;f__Lachnospiraceae;g__Roseburia;s__Roseburia_intestinalis	k__Bacteria;p__Firmicutes;c__Clostridia;o__Clostridiales;f__Lachnospiraceae;g__Roseburia;s__Roseburia_hominis	k__Bacteria;p__Bacteroidetes;c__Bacteroidia;o__Bacteroidales;f__Porphyromonadaceae;g__Parabacteroides;s__Parabacteroides_johnsonii	k__Bacteria;p__Actinobacteria;c__Actinobacteria;o__Bifidobacteriales;f__Bifidobacteriaceae;g__Bifidobacterium;s__Bifidobacterium_longum	k__Bacteria;p__Firmicutes;c__Clostridia;o__Clostridiales;f__;g__Flavonifractor;s__Flavonifractor_plautii	k__Bacteria;p__Firmicutes;c__Clostridia;o__Clostridiales;f__Clostridiaceae;g__Clostridium;s__Clostridium_phoceensis	k__Bacteria;p__Verrucomicrobia;c__Verrucomicrobiae;o__Verrucomicrobiales;f__Akkermansiaceae;g__Akkermansia;s__Akkermansia_muciniphila	k__Bacteria;p__Bacteroidetes;c__Bacteroidia;o__Bacteroidales;f__Prevotellaceae;g__Paraprevotella;s__Paraprevotella_xylaniphila	k__Bacteria;p__Firmicutes;c__Clostridia;o__Clostridiales;f__Ruminococcaceae;g__Ruminococcus;s__Ruminococcus_callidus	k__Bacteria;p__Bacteroidetes;c__Bacteroidia;o__Bacteroidales;f__Rikenellaceae;g__Alistipes;s__Alistipes_senegalensis	k__Bacteria;p__Firmicutes;c__Clostridia;o__Clostridiales;f__Lachnospiraceae;g__Blautia;s__Blautia_sp._KLE_1732	k__Bacteria;p__Bacteroidetes;c__Bacteroidia;o__Bacteroidales;f__Bacteroidaceae;g__Bacteroides;s__Bacteroides_oleiciplenus	k__Bacteria;p__Firmicutes;c__Clostridia;o__Clostridiales;f__Ruminococcaceae;g__Ruminococcus;s__Ruminococcus_bicirculans	k__Bacteria;p__Bacteroidetes;c__Bacteroidia;o__Bacteroidales;f__Bacteroidaceae;g__Bacteroides;s__Bacteroides_fluxus	k__Bacteria;p__Bacteroidetes;c__Bacteroidia;o__Bacteroidales;f__Prevotellaceae;g__Prevotella;s__Prevotella_stercorea	k__Bacteria;p__Firmicutes;c__Clostridia;o__Clostridiales;f__Lachnospiraceae;g__Dorea;s__Dorea_longicatena	k__Bacteria;p__Firmicutes;c__Clostridia;o__Clostridiales;f__Eubacteriaceae;g__Eubacterium;s__[Eubacterium]_eligens	k__Bacteria;p__Firmicutes;c__Clostridia;o__Clostridiales;f__Ruminococcaceae;g__;s__Ruminococcaceae_bacterium_D16	k__Bacteria;p__Firmicutes;c__Clostridia;o__Clostridiales;f__Lachnospiraceae;g__Coprococcus;s__Coprococcus_comes	k__Bacteria;p__Proteobacteria;c__Gammaproteobacteria;o__Enterobacterales;f__Enterobacteriaceae;g__Escherichia;s__Escherichia_coli	k__Bacteria;p__Firmicutes;c__Clostridia;o__Clostridiales;f__Ruminococcaceae;g__Anaerotruncus;s__Anaerotruncus_colihominis	k__Bacteria;p__Firmicutes;c__Clostridia;o__Clostridiales;f__Lachnospiraceae;g__Blautia;s__Blautia_obeum	k__Bacteria;p__Bacteroidetes;c__Bacteroidia;o__Bacteroidales;f__Odoribacteraceae;g__Odoribacter;s__Odoribacter_laneus	k__Bacteria;p__Firmicutes;c__Clostridia;o__Clostridiales;f__Ruminococcaceae;g__Ruminiclostridium;s__[Clostridium]_leptum	k__Bacteria;p__Bacteroidetes;c__Bacteroidia;o__Bacteroidales;f__Porphyromonadaceae;g__Parabacteroides;s__Parabacteroides_goldsteinii	k__Bacteria;p__Firmicutes;c__Clostridia;o__Clostridiales;f__Lachnospiraceae;g__Anaerostipes;s__Anaerostipes_hadrus	k__Bacteria;p__Firmicutes;c__Clostridia;o__Clostridiales;f__Ruminococcaceae;g__Ruminococcus;s__Ruminococcus_lactaris	k__Bacteria;p__Firmicutes;c__Clostridia;o__Clostridiales;f__Clostridiaceae;g__Clostridium;s__Clostridium_sp._L2-50	k__Bacteria;p__Firmicutes;c__Clostridia;o__Clostridiales;f__Clostridiaceae;g__Clostridium;s__Clostridium_sp._M62/1	k__Bacteria;p__Firmicutes;c__Clostridia;o__Clostridiales;f__;g__Intestinimonas;s__Intestinimonas_butyriciproducens	k__Bacteria;p__Actinobacteria;c__Actinobacteria;o__Bifidobacteriales;f__Bifidobacteriaceae;g__Bifidobacterium;s__Bifidobacterium_bifidum	k__Bacteria;p__Firmicutes;c__Negativicutes;o__Veillonellales;f__Veillonellaceae;g__Dialister;s__Dialister_invisus	k__Bacteria;p__Bacteroidetes;c__Bacteroidia;o__Bacteroidales;f__Bacteroidaceae;g__Bacteroides;s__Bacteroides_salanitronis
k__Bacteria;p__Bacteroidetes;c__Bacteroidia;o__Bacteroidales;f__Bacteroidaceae;g__Bacteroides;s__Bacteroides_vulgatus	1.0	0.0474717092979	-0.0054581475427	-0.0140025065784	-0.0372437033272	-0.0102569982562	0.0108858659305	-0.0220677567123	-0.0572478544847	-0.0115199442786	0.0363528332919	-0.0408300387326	-0.0335716026305	-0.00829846065371	-0.0391414482298	-0.00550231264529	-0.0510746023983	-0.000420701144095	-0.103490004111	0.00315307966167	0.0259762104128	-0.058990171393	0.00990021079165	0.0383739229237	0.0200652364845	-0.0292087407447	0.0287945063632	0.00541968755839	0.00679247785122	-0.00824518929367	-0.0911552074212	-0.0281218506993	-0.00910905515748	0.00689363217402	-0.0531721868713	-0.0240328997651	0.0124954389597	0.0276488722053	0.00331403628052	0.0119748831026	-0.0255183353762	-0.000579535921194	-0.046985862428	0.0175893453003	0.00742591940837	0.0051588999502	0.0481857534577	0.000645062848554	0.0417294815577	0.00805762706346	-0.000576208019712	0.00141078625741	0.00712824329067	-0.0214900584183	-0.0158398321977	0.023660064771	-0.0332285447566	-0.0127573824264	0.00784348078226
k__Bacteria;p__Bacteroidetes;c__Bacteroidia;o__Bacteroidales;f__Bacteroidaceae;g__Bacteroides;s__Bacteroides_uniformis	0.0474717092979	1.0	-0.0197000903268	-0.0597884262826	0.00433381134788	0.00451130098956	-0.0553779579443	-0.00938272174485	0.0251885743503	0.0127080331707	0.0623665098836	-0.0717487474808	0.0247913748507	-0.0106469138703	0.0146177860029	-0.00664004815693	0.0268106755507	-0.00597444043607	0.0550212086076	-0.0208129979282	-0.0307977860108	0.00659754477176	-0.00239723614369	0.0142381682985	0.0172944903359	-0.0704951355386	0.0049297076824	-0.0061119862788	0.0108595516283	0.0135518130327	0.0437215005057	-0.0614515235433	0.00306732307231	0.00327918812756	-0.0421616252167	-0.00614928874592	-0.0397585869208	-0.0160228819042	0.00395930214494	-0.0343568097425	0.0322323628359	-0.0237388477118	-0.0150712955331	-0.00874091478347	-0.0404491480029	0.0104721249388	0.0194639685202	-0.0356987115773	0.0477180484125	-0.0401073561523	0.0298274844503	-0.0223527031502	-0.0481121347277	-0.00484099305589	-0.0462609061868	0.0257424493138	-0.0396458330218	0.0221989669213	-0.0478154658693
k__Bacteria;p__Bacteroidetes;c__Bacteroidia;o__Bacteroidales;f__Rikenellaceae;g__Alistipes;s__Alistipes_putredinis	-0.0054581475427	-0.0197000903268	1.0	-0.035182921492	0.0473354341637	-0.034333748448	0.0203462625069	0.0454089602778	0.0232774488321	-0.0332627627068	0.0405048969864	0.0318820254772	-0.045482674294	0.00155946912011	-0.0266266972586	-0.052869128963	0.00857879282295	-0.0290251637024	0.0351540501186	-0.0246482313771	-0.0214201223278	0.0372670709767	-0.00386637768675	-0.0306130280062	-0.0169809161043	0.0163395188534	-0.00461753153636	0.0149318619063	-0.0293580178065	0.0116000043699	0.00233576095669	-0.0649864415473	-0.0146810412607	-0.0292356251305	-0.0303506615163	0.00316195276823	0.0101272232345	0.0509122345094	-0.0157702052327	0.0218242579431	-0.0281328936938	-0.0247162041613	-0.0273578289243	-0.0169559242948	-0.00712529823001	-0.0165576134874	0.0105043296763	0.0207669522142	-0.0246957872465	0.0350813322968	-0.0431623469485	0.0120267526942	-0.0608421353883	-0.0241040551125	-0.012991413202	-0.0426294573682	-0.0412518216093	0.00385869710415	0.0247375227192
k__Bacteria;p__Bacteroidetes;c__Bacteroidia;o__Bacteroidales;f__Prevotellaceae;g__Prevotella;s__Prevotella_copri	-0.0140025065784	-0.0597884262826	-0.035182921492	1.0	-0.019691639547	-0.00660605192498	-0.0308498562512	0.0118911622179	-0.0393038463734	-0.00780991515657	0.000851857829155	-0.0274883532856	0.0172475012485	0.00908338944898	-0.0100102835192	0.0351252067293	-0.0346665374268	-0.0161335965083	0.0211619233998	0.0119566343241	-0.0364005747777	-0.0150737619829	-0.00806497989291	0.0207219204993	-0.0229386359743	-0.0512691228096	0.0103482283399	0.0503411697096	0.00918664185053	-3.71856154029e-05	0.0117707788235	-0.0196860005712	-0.0297942845229	0.012826476742	0.0257679305997	-0.0169140869944	0.0202355409758	-0.046230973208	-0.0205104695402	0.00217417026545	0.0228079623771	-0.016605396436	0.0016751955607	-0.0159459604745	0.0178641045642	0.00824866970612	0.0477079215606	0.00723524949965	-0.0119332519774	-0.0923441733791	-0.0114099944518	-0.0100965935894	-0.0117686370558	-0.00426749779723	-0.0210308484461	0.0110049588437	-0.0142092316456	0.0114692902797	-0.0193567835685
k__Bacteria;p__Bacteroidetes;c__Bacteroidia;o__Bacteroidales;f__Bacteroidaceae;g__Bacteroides;s__Bacteroides_stercoris	-0.0372437033272	0.00433381134788	0.0473354341637	-0.019691639547	1.0	-0.0523273882055	-0.0240735997608	0.00437437347022	0.0248647215765	0.038937652282	-0.00269648731834	-0.0423828544752	-0.00878507445578	-0.00479473791099	0.00751627414831	0.00746920016431	0.0203776168066	0.0180754536156	-0.00286877374045	0.0163598863243	0.048357155815	-0.0609376138465	-0.00672565451519	-0.0174874534451	-0.00269819810568	0.00745542392521	0.0507695141258	-0.0424974867974	0.00144715412164	0.00708362235604	0.00394594428778	-0.0153309694527	-0.0180244879287	-0.00258609649502	0.0383955480725	-0.02992913206	-0.0488127234229	0.00235594674306	-0.0389697948604	-0.00207427223757	-0.0233123347152	0.0547070435155	0.0039945702298	0.0408425093264	0.00509960291727	-0.0592706593345	-0.0388377633796	0.0245352054409	0.0317139930829	0.0144101026327	-0.0276562399109	0.000724338445614	-0.0210860169631	0.0182110507744	0.0180465476388	-0.0407604088936	-0.0124758084	-0.000627934620585	0.00745703063074
k__Bacteria;p__Bacteroidetes;c__Bacteroidia;o__Bacteroidales;f__Bacteroidaceae;g__Bacteroides;s__Bacteroides_ovatus	-0.0102569982562	0.00451130098956	-0.034333748448	-0.00660605192498	-0.0523273882055	1.0	-0.000319605413045	-0.0189287525527	-0.0190177659613	-0.0223151169061	0.0488764047631	0.0730540659581	-0.0629343757388	-0.00658942948882	-0.0454584077892	-0.0404847951676	-0.0182284586015	-0.0131190771736	-0.0103306067506	-0.0110448927878	-0.0504007682657	0.0789935084409	-0.00321144231174	0.00979571172634	-0.0394924505794	-0.0266857886684	0.0124943021048	0.0351052313847	0.0358081709373	-0.00762049880309	0.0247127554733	0.0327580994472	-0.02005135544	-0.0600285386017	-0.0210068957489	0.0119421494225	-0.042791989862	-0.0437441387931	0.00957226493487	-0.00903802826491	-0.0200441039509	-0.0407033691177	-0.00232114581173	-0.0379491598478	0.0258941718483	-0.00271979784867	6.36067766969e-06	-0.0279310716011	-0.0517420571564	0.05132570357	0.0555415113907	0.0390729012888	-0.0343776887899	0.00723996509201	0.0458734324743	0.0500556123674	-0.036943546936	-0.0283608218928	-0.0165979726501
k__Bacteria;p__Bacteroidetes;c__Bacteroidia;o__Bacteroidales;f__Rikenellaceae;g__Alistipes;s__Alistipes_shahii	0.0108858659305	-0.0553779579443	0.0203462625069	-0.0308498562512	-0.0240735997608	-0.000319605413045	1.0	-0.00291842586135	-0.0368624820883	0.0117596670913	-0.0286351893941	0.0236160080447	-0.0635311302315	-0.0201384672504	0.0238818478625	-0.0507565658921	-0.0330231536964	0.00601684136843	0.0305016256162	-0.0478264501392	-0.00376361921301	-0.0394243466483	-0.0255611283028	-0.0569462738424	0.0110089815994	0.0151294869456	0.0164257328512	0.0213113987137	-0.063858811198	-0.00200152417338	0.0182783058873	-0.029731618132	-0.00527187294522	-0.0247246090881	-0.0249866119932	0.0473298827995	0.0401065820355	0.0432032528711	-0.0388082194576	-0.0014900217507	-0.00626426326659	0.0152221247405	-0.0431931046014	0.0169776229562	-0.0142492475132	0.0259615982027	0.00235707387227	0.00902827403742	-0.0165202379211	-0.00877657651049	-0.0426843684745	-0.00734585150663	0.0151663742356	0.0290802064595	-0.008769495704	-0.0765467492764	-0.0360059588718	-0.0479947881721	0.0175564015952
k__Bacteria;p__Firmicutes;c__Clostridia;o__Clostridiales;f__Ruminococcaceae;g__Faecalibacterium;s__Faecalibacterium_prausnitzii	-0.0220677567123	-0.00938272174485	0.0454089602778	0.0118911622179	0.00437437347022	-0.0189287525527	-0.00291842586135	1.0	0.059821670531	-0.0181832595168	-0.0154539261243	-0.0183614559834	-0.0322309255885	-0.0375594546133	-0.0437197109085	0.00893183419911	-0.0149512821502	-0.036392874454	-0.0475885709558	0.0464547015721	-0.0238415903964	0.0200263536955	-0.0243424636561	-0.0242885402139	-0.0280496199282	-0.0254410165195	-0.0199086193005	-0.0271632760358	0.037742479845	0.0159629585555	0.0174201464457	0.00623634797859	0.0272890352555	-0.0323437482498	-0.0386603569224	-0.00932236641263	-0.0110954562883	-0.00515316483532	-0.0222568179581	-0.00301289437096	-0.0183762181464	-0.0294604932796	-0.00868236776696	0.011799617686	0.0350778960711	-0.0014856885307	-0.0370474661699	-0.00106909788684	-0.0298664810085	-0.0543769575424	0.0334519242805	0.0309551345459	-0.034069666532	0.0162373029363	0.0280897282842	-0.00627526215669	-0.034084136085	-0.054397820124	-0.032301771973
k__Bacteria;p__Bacteroidetes;c__Bacteroidia;o__Bacteroidales;f__Rikenellaceae;g__Alistipes;s__Alistipes_finegoldii	-0.0572478544847	0.0251885743503	0.0232774488321	-0.0393038463734	0.0248647215765	-0.0190177659613	-0.0368624820883	0.059821670531	1.0	-0.0340005008666	-0.0153669724872	-0.0246520585717	-0.0106841736518	-0.0382550991458	-0.0338738523066	0.0167652129084	0.0310101984374	0.0194948279449	-0.0234342182845	0.0189293894546	-0.005698605768	-0.0238693710492	-0.0552340460159	-0.0114734699192	-0.0468820901779	0.0180132740533	0.0164558843615	-0.00596040569689	0.00536807234976	-0.0162514494133	-0.00715812375582	-0.0138475922215	-0.00647621013897	-0.0441393027963	-0.0260557568387	0.020062944326	0.00902948511485	-0.0325540923391	-0.00185527588858	0.013037764658	-0.00779481615385	0.0455092648723	-0.047455371207	-0.0418907128171	0.0171664423586	0.0137808126175	-0.00636874085996	0.0604706474876	-0.0144176562023	-0.0208947722706	-0.0280917198038	-0.00139061290675	0.0195218678118	-0.00439828774703	0.00567854907386	-0.0285548804802	0.0231433039876	6.86657539473e-05	-0.0138550294869
k__Bacteria;p__Bacteroidetes;c__Bacteroidia;o__Bacteroidales;f__Porphyromonadaceae;g__Parabacteroides;s__Parabacteroides_distasonis	-0.0115199442786	0.0127080331707	-0.0332627627068	-0.00780991515657	0.038937652282	-0.0223151169061	0.0117596670913	-0.0181832595168	-0.0340005008666	1.0	-0.0187790245014	-0.0373589793338	0.00189614183932	-0.0193393819888	-0.0530182124312	-0.0446017796005	-0.00380251416096	-0.0185467688004	0.0499652245681	0.00686237113011	-0.0412341209118	0.0115606791085	0.0603594974112	-0.0147032434175	-0.0598091407641	-0.0270427732991	0.00274388654078	0.0564575295835	-0.011729933457	0.029556178329	0.000955013803074	0.00427710056224	0.00209039409735	0.0768506486708	-0.00617844712026	-0.00733845602004	0.013396733592	0.00842267312565	-0.017887320557	0.00252978423982	0.0158178618444	-0.0250213616804	0.00340051911136	-0.00227875581583	0.0121598956683	0.0161665135925	-0.027335041195	-0.0311247473013	0.0107725698301	0.0226824703428	-0.0245896452027	-0.029702462172	0.0550165763	0.0265119013844	-0.0115962178092	0.00627488082762	0.000698848705918	0.0720092541881	-0.00321295693386
k__Bacteria;p__Bacteroidetes;c__Bacteroidia;o__Bacteroidales;f__Bacteroidaceae;g__Bacteroides;s__Bacteroides_thetaiotaomicron	0.0363528332919	0.0623665098836	0.0405048969864	0.000851857829155	-0.00269648731834	0.0488764047631	-0.0286351893941	-0.0154539261243	-0.0153669724872	-0.0187790245014	1.0	0.0306682571851	0.00145105564433	-0.0103562287112	-0.0162419779009	-0.0367656611502	-0.017161381439	-0.0662864212491	-0.00771563847321	0.0190231382893	-0.0806590764164	-0.0721539508504	0.0255368859411	-0.0132397874476	-0.0543828361878	-0.0262495757031	0.0176772485907	-0.0023168430861	0.0649738487753	-0.000583877473829	0.0302079491252	0.00534392906074	-0.0243198427993	0.0186135687364	-0.0258387946402	-0.0135706922538	-0.0403330376048	-0.0802040368432	0.0369396990767	0.0305121588551	-0.05616683135	-0.005676432913	-0.0334018746353	-0.0478070097023	-0.0281559722473	-0.011815785325	-0.0232760557819	-0.0124239364331	0.00824881302877	-0.0441227582631	-0.0595665399296	-0.00796344935106	-0.000368954654838	0.00105970804217	0.040133003276	-0.00316410198976	-0.0333377572109	0.0200162833713	0.039863543233
k__Bacteria;p__Bacteroidetes;c__Bacteroidia;o__Bacteroidales;f__Bacteroidaceae;g__Bacteroides;s__Bacteroides_coprocola	-0.0408300387326	-0.0717487474808	0.0318820254772	-0.0274883532856	-0.0423828544752	0.0730540659581	0.0236160080447	-0.0183614559834	-0.0246520585717	-0.0373589793338	0.0306682571851	1.0	0.0152116552539	0.0191473853432	0.0329656949382	-0.0299698401321	-0.0250167239987	-0.0263557041799	0.000969894808253	-0.0243349015584	-0.00491399234933	0.00926384923134	0.00679830634479	-0.0115982563241	0.010166469138	-0.0357316771708	-0.00396158296179	-0.0126119665719	0.00836004585431	-0.0197626441111	-0.0373045765031	0.00985252618546	0.0270622296667	-0.0305561243653	-0.0300861043183	-0.0285974030802	-0.0467154017973	0.0005881714279	-0.0133877386324	0.07690050818	-0.0133073601401	-0.0254500069291	0.00955404782853	-0.0547967987027	0.0190065581448	-0.0291157598425	-0.0307773609756	-0.00932586093925	-0.0248210888383	-0.0116876356601	-0.0214531371517	-0.013863618294	0.0310823072942	-0.0511311996609	-0.0423162049765	0.0140123347144	0.0506970138438	-0.0384930389484	0.0431393413423
k__Bacteria;p__Bacteroidetes;c__Bacteroidia;o__Bacteroidales;f__Bacteroidaceae;g__Bacteroides;s__Bacteroides_cellulosilyticus	-0.0335716026305	0.0247913748507	-0.045482674294	0.0172475012485	-0.00878507445578	-0.0629343757388	-0.0635311302315	-0.0322309255885	-0.0106841736518	0.00189614183932	0.00145105564433	0.0152116552539	1.0	0.0158289515408	-0.034392513661	-0.090396239032	-0.00688637758822	0.00958377479931	-0.0165707677855	0.0400059845716	-0.0533640734059	-0.0420751464793	-0.0076833614155	0.0168170067976	-0.0368327518785	0.0526366907661	-0.0490843332334	-0.0147766792232	0.0459454485834	-0.01227019757	0.0221014543316	-0.0637557710351	-0.0368834856259	-0.00669394926817	-0.0218611284696	-0.0366829394347	-0.0319418496341	-0.0241988673376	0.016468834897	0.00482397452932	0.0283803028131	0.00334839676173	-0.00802964734101	-0.0275561684312	0.0298735594649	-0.0286254728415	-0.00736873726622	-0.00406979614054	-0.0401933656359	-0.00223644340983	0.0178710263118	-0.0134612849123	0.0645986151475	-0.0107476205414	0.0100822680754	-0.00493374815545	-0.037546705865	0.00955519794256	0.00875440749573
k__Bacteria;p__Bacteroidetes;c__Bacteroidia;o__Bacteroidales;f__Rikenellaceae;g__Alistipes;s__Alistipes_obesi	-0.00829846065371	-0.0106469138703	0.00155946912011	0.00908338944898	-0.00479473791099	-0.00658942948882	-0.0201384672504	-0.0375594546133	-0.0382550991458	-0.0193393819888	-0.0103562287112	0.0191473853432	0.0158289515408	1.0	-0.0116311310491	0.00259164473418	-0.0297444922858	-0.0460024888894	0.0185523647644	-0.0298479034092	-0.0016402387178	-0.0580323339411	-0.0310788161037	0.050951899081	-0.0829855720508	-0.026645091767	-0.0209432229944	-0.0117554645578	-0.0200443679012	0.00312500756534	0.0602042291674	-0.0331152757213	0.00942125862578	-0.00531088073201	-0.0293326960865	0.044551190188	-0.00953209687318	-0.00545063421829	-0.0319954998073	-0.0203423360257	0.00209227517688	-0.0147112093572	0.0586841361649	-0.0426992631548	0.0329328716897	-0.0463508084137	-0.038983869898	0.0128991051497	-0.0296187398261	0.0578879678087	-0.0707385458202	-0.0270818223681	0.0160323205507	0.0249019747872	-0.0168300439486	0.0388281422996	0.0183507754176	0.00105125572657	-0.0408519053394
k__Bacteria;p__Firmicutes;c__Clostridia;o__Clostridiales;f__Lachnospiraceae;g__;s__[Eubacterium]_rectale	-0.0391414482298	0.0146177860029	-0.0266266972586	-0.0100102835192	0.00751627414831	-0.0454584077892	0.0238818478625	-0.0437197109085	-0.0338738523066	-0.0530182124312	-0.0162419779009	0.0329656949382	-0.034392513661	-0.0116311310491	1.0	-0.0167859300672	-0.0407981654414	0.0241688124809	0.0300157501692	0.0253962317568	0.000222896472195	-0.0399087676444	0.0226428410471	-0.0259586166382	-0.0017327262959	0.0108374869261	-0.0422563534307	0.00304344975386	-0.0490196798656	-0.0500110488771	0.0102135752513	-0.0165512582656	0.00623427186147	0.0585532843329	0.000937003057458	-0.0176728788876	-0.0150186098656	0.0185264496166	0.0250008083924	-0.00435710559955	0.0111782641392	0.0917842193588	0.00289446356423	-0.00399832033217	-0.033578822884	-0.0769575526276	-0.00942464134179	0.0148307347175	-0.0228058962086	-0.0295689619618	-0.0343708398001	0.00530694760417	-0.0304816764505	-0.00659074052212	0.0182714259478	-0.0366473985239	0.00298278085513	-0.0321129959925	-0.00983176131778
k__Bacteria;p__Bacteroidetes;c__Bacteroidia;o__Bacteroidales;f__Bacteroidaceae;g__Bacteroides;s__Bacteroides_plebeius	-0.00550231264529	-0.00664004815693	-0.052869128963	0.0351252067293	0.00746920016431	-0.0404847951676	-0.0507565658921	0.00893183419911	0.0167652129084	-0.0446017796005	-0.0367656611502	-0.0299698401321	-0.090396239032	0.00259164473418	-0.0167859300672	1.0	-0.0256921333141	-0.0177817398199	0.0241362579085	-0.0547607760007	0.013973650084	-0.0356475197648	-0.0371711069844	0.0462234806143	-0.0235667994698	0.0166121766728	0.000642702832079	0.00703578555913	0.00688825840705	0.00233937950535	-0.012337844053	0.0304059122663	-0.018485876074	0.034690643547	-0.0167526645589	-0.0315748710136	0.0097361389842	-0.10836010478	0.0285240163609	-0.0155690506058	-0.0334693075457	-0.0133787062504	0.00788025982307	0.0396564760874	-0.012169558714	-0.00599912401202	0.00840408153693	-0.0626858743308	-0.0646708449065	0.0300144290361	0.0108043290983	0.0324384890631	0.0647541018114	-0.0137290483719	0.0200416867049	0.0177205691838	-0.00580646854207	0.0218604964441	0.0143502393622
k__Bacteria;p__Bacteroidetes;c__Bacteroidia;o__Bacteroidales;f__Bacteroidaceae;g__Bacteroides;s__Bacteroides_fragilis	-0.0510746023983	0.0268106755507	0.00857879282295	-0.0346665374268	0.0203776168066	-0.0182284586015	-0.0330231536964	-0.0149512821502	0.0310101984374	-0.00380251416096	-0.017161381439	-0.0250167239987	-0.00688637758822	-0.0297444922858	-0.0407981654414	-0.0256921333141	1.0	-0.0155184273439	-0.0418548359188	-0.0454988107946	-0.0150339427164	-0.0257112005297	-0.078371145845	0.0521490014567	0.00566130796304	-0.00759136237177	0.0229137108079	-0.0152585229633	0.0670896742898	0.0862130699047	0.0108931524506	-0.0133322509707	0.018579076134	0.00769269260884	0.0302955377961	0.00094834818316	-0.00170710863629	-0.0259127163294	0.0797226735837	-0.0119617494249	0.0216352822884	-0.0460009024858	0.0396114164601	0.0288988258317	-0.0706635407135	0.0293331865202	0.0257282422538	-0.0635153582618	0.00492001844558	-0.00406796820411	-0.0266015609003	-0.00393307971605	-0.050997665264	-0.0151051289837	-0.00411039056135	0.00538605768584	-0.00518239009775	-0.0251706224536	0.00799723102572
k__Bacteria;p__Proteobacteria;c__Betaproteobacteria;o__Burkholderiales;f__Sutterellaceae;g__Sutterella;s__Sutterella_wadsworthensis	-0.000420701144095	-0.00597444043607	-0.0290251637024	-0.0161335965083	0.0180754536156	-0.0131190771736	0.00601684136843	-0.036392874454	0.0194948279449	-0.0185467688004	-0.0662864212491	-0.0263557041799	0.00958377479931	-0.0460024888894	0.0241688124809	-0.0177817398199	-0.0155184273439	1.0	0.0154835874988	0.0570913738017	-0.045284165395	-0.0425835360733	-0.0133476629486	-0.0266514342096	-0.0827020037	-0.0233134614774	0.0127018871282	-0.0230318293701	-0.0352721742002	0.0205119459168	-0.0622633074265	0.0175477378759	0.0574082857811	0.0141484484367	-0.00847931399224	0.0103785314858	-0.0122436295698	-0.0125989889971	-0.0261603244799	0.0752197643696	-0.0198464009117	-0.0195033741866	-0.00544877945659	-0.024856726677	-0.00805684535777	0.0196071260744	-0.00206686874292	-0.058435195804	-0.0102362711814	0.00317699224031	-0.0192443115219	-0.00633692077872	0.0857500807386	0.00839566488978	-0.00704880743587	-0.0175073158686	-0.00775142661119	0.0161633571486	-0.0160140644669
k__Bacteria;p__Bacteroidetes;c__Bacteroidia;o__Bacteroidales;f__Porphyromonadaceae;g__Barnesiella;s__Barnesiella_intestinihominis	-0.103490004111	0.0550212086076	0.0351540501186	0.0211619233998	-0.00286877374045	-0.0103306067506	0.0305016256162	-0.0475885709558	-0.0234342182845	0.0499652245681	-0.00771563847321	0.000969894808253	-0.0165707677855	0.0185523647644	0.0300157501692	0.0241362579085	-0.0418548359188	0.0154835874988	1.0	-0.0407525274853	0.00486077098717	-0.0463140904515	-0.0634789264812	0.0245296026231	-0.0498666608072	-0.0473573701428	0.0276028567509	-0.0469324069941	-0.00835452589035	-0.0804651253922	-0.0217023937876	0.000450375528161	0.000582034445307	0.000141792096888	-0.0284501734441	-0.00832930640553	-0.112389525646	-0.00822616709879	0.0027853709805	-0.0215409558695	0.0165447699042	0.0188983628057	-0.0197533958143	0.00396022463803	-0.0325267871742	0.014670112539	-0.0167034398594	0.0136699853774	-0.0303031402328	0.0449544040224	0.050505660033	0.0250232112166	0.0320795863949	0.00791173077996	-0.056438620472	-0.0287800712163	0.0133719823243	-0.0075349687878	-0.00697461170438
k__Bacteria;p__Bacteroidetes;c__Bacteroidia;o__Bacteroidales;f__Odoribacteraceae;g__Odoribacter;s__Odoribacter_splanchnicus	0.00315307966167	-0.0208129979282	-0.0246482313771	0.0119566343241	0.0163598863243	-0.0110448927878	-0.0478264501392	0.0464547015721	0.0189293894546	0.00686237113011	0.0190231382893	-0.0243349015584	0.0400059845716	-0.0298479034092	0.0253962317568	-0.0547607760007	-0.0454988107946	0.0570913738017	-0.0407525274853	1.0	-0.0589906609133	0.0629985000878	0.0311158428598	0.00796814430097	-0.0382262176932	-0.0446211860336	-0.075889269866	0.0148103284566	-0.0289180974211	-0.00172550634384	-0.0605986806211	-0.0204512989508	-0.0711739295795	0.0243494945077	-0.0105350101424	-0.0246457377676	0.0163873610953	-0.00351966956669	-0.0360074525897	-0.0256169213344	-0.0238376409633	0.0727455797653	0.0182542015661	0.02941204171	-0.0170760939817	-0.00501193108324	0.0239468440119	0.0220598617818	0.0320335627405	-0.0246885363094	-0.0642960133308	-0.00245303173375	-0.00892344920488	0.0510467853439	-0.00795740597117	-0.0544507510421	0.00750472951986	0.00288030836951	-0.0379538938428
k__Bacteria;p__Bacteroidetes;c__Bacteroidia;o__Bacteroidales;f__Bacteroidaceae;g__Bacteroides;s__Bacteroides_salyersiae	0.0259762104128	-0.0307977860108	-0.0214201223278	-0.0364005747777	0.048357155815	-0.0504007682657	-0.00376361921301	-0.0238415903964	-0.005698605768	-0.0412341209118	-0.0806590764164	-0.00491399234933	-0.0533640734059	-0.0016402387178	0.000222896472195	0.013973650084	-0.0150339427164	-0.045284165395	0.00486077098717	-0.0589906609133	1.0	-0.00980918528067	0.0207411506852	-0.0159323686063	-0.0199090003827	0.0305443468219	-0.000318827268124	-0.0162658744881	-0.00127479633478	-0.0115998476113	-0.0350874862404	0.0139167693462	-0.0323270806058	0.0109854353443	-0.0478633111968	0.0319040280297	0.0168857809624	0.00942437806714	0.0507342552931	0.00308453564408	-0.0492934365807	-0.0111812650471	-0.0030972130006	0.0692549535443	-0.063207789499	0.0359859437786	0.00793244270048	0.0552760496911	0.0182438208405	-0.00816703598038	-0.00931019591838	0.0253748736544	-0.00606064316829	-0.0333710389038	0.00231042058392	-0.000373747622122	0.0573667642552	-0.0199116860708	-0.0214540175748
k__Bacteria;p__Firmicutes;c__Clostridia;o__Clostridiales;f__Ruminococcaceae;g__Ruminiclostridium;s__[Eubacterium]_siraeum	-0.058990171393	0.00659754477176	0.0372670709767	-0.0150737619829	-0.0609376138465	0.0789935084409	-0.0394243466483	0.0200263536955	-0.0238693710492	0.0115606791085	-0.0721539508504	0.00926384923134	-0.0420751464793	-0.0580323339411	-0.0399087676444	-0.0356475197648	-0.0257112005297	-0.0425835360733	-0.0463140904515	0.0629985000878	-0.00980918528067	1.0	0.0117292235733	-0.0581049868596	-0.0431553577351	-0.0188010175868	-0.037221000324	-0.0206745870057	-0.0204459208056	0.0299614191833	-0.0012567881944	-0.00662169877398	0.00275253504469	-0.0665390579477	0.0300257566565	0.0254444898631	0.0266173487323	0.00780055047856	0.00578046361866	-0.0248561076488	0.0107620809686	-0.0108626599737	-0.000650944439241	-0.0831811609189	0.0155954096793	-0.000675424897162	-0.0129353938709	-0.110538642043	0.0309202525477	-0.000707268536558	0.0180677561872	0.0822392715432	0.023133831157	0.0420797894509	-0.0595598200779	0.0154086587205	0.0191313207285	-0.0440180604806	-0.018128421832
k__Bacteria;p__Proteobacteria;c__Betaproteobacteria;o__Burkholderiales;f__Sutterellaceae;g__Parasutterella;s__Parasutterella_excrementihominis	0.00990021079165	-0.00239723614369	-0.00386637768675	-0.00806497989291	-0.00672565451519	-0.00321144231174	-0.0255611283028	-0.0243424636561	-0.0552340460159	0.0603594974112	0.0255368859411	0.00679830634479	-0.0076833614155	-0.0310788161037	0.0226428410471	-0.0371711069844	-0.078371145845	-0.0133476629486	-0.0634789264812	0.0311158428598	0.0207411506852	0.0117292235733	1.0	-0.0307900075362	0.0138443961595	0.0300080730752	0.0562926151381	0.00898849541873	0.00281287893444	-0.0067243221019	-0.037783476469	0.000164532096226	0.00652500768883	-0.0241108112561	0.000647154627697	0.0145727613972	-0.0410292076334	0.0282558384518	-0.0185621216063	0.000774100067655	-0.00723618528311	-0.0395317228064	0.0431364060318	-0.0638065026785	0.011771723723	0.00424599393063	-0.0368917022972	-0.0544942134485	0.0129706245212	-0.0282641491525	0.0495441283792	-0.0344022930653	0.00653033120976	-0.0330626813565	0.0376907147672	-0.0214159640513	-0.0113120436118	-0.0152490297046	-0.0383322369211
k__Bacteria;p__Actinobacteria;c__Actinobacteria;o__Bifidobacteriales;f__Bifidobacteriaceae;g__Bifidobacterium;s__Bifidobacterium_adolescentis	0.0383739229237	0.0142381682985	-0.0306130280062	0.0207219204993	-0.0174874534451	0.00979571172634	-0.0569462738424	-0.0242885402139	-0.0114734699192	-0.0147032434175	-0.0132397874476	-0.0115982563241	0.0168170067976	0.050951899081	-0.0259586166382	0.0462234806143	0.0521490014567	-0.0266514342096	0.0245296026231	0.00796814430097	-0.0159323686063	-0.0581049868596	-0.0307900075362	1.0	-0.0109564214106	-0.0052457323178	-0.010693065192	-0.0265333362579	0.0214804906038	-0.0434674802333	-0.0401950485664	-0.0186622450273	-0.00196266368795	-0.0102192033458	-0.0200813769355	0.00795452152555	-0.0372490427725	0.00851238985048	-0.0258561948753	-0.0288325026363	-0.00358344630309	-0.0145508673002	-0.0223195716548	0.0315986830616	0.0279671140193	-0.0283011769467	0.0271571684692	0.0590944134393	0.0406439998559	-0.00759640644708	0.0191792200914	-0.0403814832591	-0.00150961674436	0.0310834863806	-0.0321260196995	0.0190925788793	-0.0616739763148	0.0597830010835	0.0162251455325
k__Bacteria;p__Firmicutes;c__Clostridia;o__Clostridiales;f__Oscillospiraceae;g__Oscillibacter;s__Oscillibacter_sp._KLE_1745	0.0200652364845	0.0172944903359	-0.0169809161043	-0.0229386359743	-0.00269819810568	-0.0394924505794	0.0110089815994	-0.0280496199282	-0.0468820901779	-0.0598091407641	-0.0543828361878	0.010166469138	-0.0368327518785	-0.0829855720508	-0.0017327262959	-0.0235667994698	0.00566130796304	-0.0827020037	-0.0498666608072	-0.0382262176932	-0.0199090003827	-0.0431553577351	0.0138443961595	-0.0109564214106	1.0	-0.0313149779231	0.0321581702181	-0.0211870598161	-0.0036196985191	0.038232502135	0.0210504442211	-0.081305470085	-0.012471273156	0.0659119988488	0.00251093570612	0.0206968072235	0.0244152455566	0.059351288121	-0.038431748093	0.0362029320588	0.0405096068042	-0.0151831220748	0.00579684415026	-0.0108818413925	-0.012020503026	0.00646474183091	-0.0424587641997	0.017844759119	0.0957541308162	-0.0156674273986	0.00326875972181	0.0213677561434	-0.0496933008633	-0.0314689697311	0.0707614156307	-0.00706494872955	0.0308518705736	0.0174079253032	-0.0419687043555
k__Bacteria;p__Bacteroidetes;c__Bacteroidia;o__Bacteroidales;f__Bacteroidaceae;g__Bacteroides;s__Bacteroides_coprophilus	-0.0292087407447	-0.0704951355386	0.0163395188534	-0.0512691228096	0.00745542392521	-0.0266857886684	0.0151294869456	-0.0254410165195	0.0180132740533	-0.0270427732991	-0.0262495757031	-0.0357316771708	0.0526366907661	-0.026645091767	0.0108374869261	0.0166121766728	-0.00759136237177	-0.0233134614774	-0.0473573701428	-0.0446211860336	0.0305443468219	-0.0188010175868	0.0300080730752	-0.0052457323178	-0.0313149779231	1.0	-0.0280126027904	-0.0434216832043	-0.0405584037208	-0.0163709315734	0.04607534058	-0.0187795730966	0.0316386282636	-0.0316627688267	0.0189113748478	-0.0060402384993	0.0345357147542	0.0247905792933	0.00472953608742	-0.0108353861324	0.0355829513035	0.0336268627191	0.0338679298686	-0.0013351582789	-0.0364755186866	-0.0283534305577	-0.0137042709283	0.023094016569	-0.043570055538	0.0291234947678	-0.0192342054575	-0.0204874836608	0.0156930474729	0.041022348225	-0.00884284069621	-0.0290588572042	-0.00972536108952	-0.0354591323359	-0.0216965152649
k__Bacteria;p__Firmicutes;c__Clostridia;o__Clostridiales;f__Lachnospiraceae;g__Roseburia;s__Roseburia_intestinalis	0.0287945063632	0.0049297076824	-0.00461753153636	0.0103482283399	0.0507695141258	0.0124943021048	0.0164257328512	-0.0199086193005	0.0164558843615	0.00274388654078	0.0176772485907	-0.00396158296179	-0.0490843332334	-0.0209432229944	-0.0422563534307	0.000642702832079	0.0229137108079	0.0127018871282	0.0276028567509	-0.075889269866	-0.000318827268124	-0.037221000324	0.0562926151381	-0.010693065192	0.0321581702181	-0.0280126027904	1.0	0.0101690834493	-0.0730239271473	-0.0505787343287	0.00229859683426	-0.0400933071115	0.00716825274577	-0.0246271796232	0.00427136054373	-0.0352429860919	-0.0976541306567	-0.00635765727643	-0.0150143542318	-0.0204642194285	0.0097388484564	-0.0463324408315	-0.0211254019481	-0.010778826816	-0.0174127689037	0.00519109616357	0.019858502809	0.0428235150975	-0.0737367123436	-0.00310894555684	0.0546065659027	0.00780628510839	-0.0217729373603	-0.0261065002856	0.004072616947	-0.0505752616871	0.0210776199494	-0.0491374928774	0.025020838488
k__Bacteria;p__Firmicutes;c__Clostridia;o__Clostridiales;f__Lachnospiraceae;g__Roseburia;s__Roseburia_hominis	0.00541968755839	-0.0061119862788	0.0149318619063	0.0503411697096	-0.0424974867974	0.0351052313847	0.0213113987137	-0.0271632760358	-0.00596040569689	0.0564575295835	-0.0023168430861	-0.0126119665719	-0.0147766792232	-0.0117554645578	0.00304344975386	0.00703578555913	-0.0152585229633	-0.0230318293701	-0.0469324069941	0.0148103284566	-0.0162658744881	-0.0206745870057	0.00898849541873	-0.0265333362579	-0.0211870598161	-0.0434216832043	0.0101690834493	1.0	-0.0386426535065	-0.0152207195793	-0.00624712037979	0.024325085769	-0.0790280982633	0.0300105199702	0.0105317602477	0.0165824837987	-0.0235602602201	-0.0684004720973	-0.0325920839686	-0.0142363612038	0.0356565217835	-0.0421863587658	-0.0356190109187	0.0322190862039	-0.025210447743	0.0261601178482	-0.0104102197249	0.0476262159456	-0.0141282570769	0.0154941247377	-0.0229298868819	-0.0157278309965	-0.0209141223338	-0.0426338852851	0.0210938038505	0.0326442991118	-0.0240211197295	-0.0271331910583	0.0282292742543
k__Bacteria;p__Bacteroidetes;c__Bacteroidia;o__Bacteroidales;f__Porphyromonadaceae;g__Parabacteroides;s__Parabacteroides_johnsonii	0.00679247785122	0.0108595516283	-0.0293580178065	0.00918664185053	0.00144715412164	0.0358081709373	-0.063858811198	0.037742479845	0.00536807234976	-0.011729933457	0.0649738487753	0.00836004585431	0.0459454485834	-0.0200443679012	-0.0490196798656	0.00688825840705	0.0670896742898	-0.0352721742002	-0.00835452589035	-0.0289180974211	-0.00127479633478	-0.0204459208056	0.00281287893444	0.0214804906038	-0.0036196985191	-0.0405584037208	-0.0730239271473	-0.0386426535065	1.0	-0.018124785959	0.0279550146378	-0.0171217661516	-0.0489218799486	0.0229904851811	-0.0239300289335	-0.0132847895658	-0.0120532176234	-0.0404047699188	0.0238920466384	-0.0149975457014	-0.0111383000336	-0.00822275851697	-0.0702630544357	0.0157587482418	0.0015356122153	0.00353768011863	-0.00797162328348	-0.00423932106425	0.00381892299361	0.0113915902523	-0.00776022759759	-0.111043495986	0.00827355099813	0.0386965715587	-0.0175647285203	-0.0259477507923	-0.0038612166725	-0.0330987319543	-0.0261467105982
k__Bacteria;p__Actinobacteria;c__Actinobacteria;o__Bifidobacteriales;f__Bifidobacteriaceae;g__Bifidobacterium;s__Bifidobacterium_longum	-0.00824518929367	0.0135518130327	0.0116000043699	-3.71856154028e-05	0.00708362235604	-0.00762049880309	-0.00200152417338	0.0159629585555	-0.0162514494133	0.029556178329	-0.000583877473829	-0.0197626441111	-0.01227019757	0.00312500756534	-0.0500110488771	0.00233937950535	0.0862130699047	0.0205119459168	-0.0804651253922	-0.00172550634384	-0.0115998476113	0.0299614191833	-0.0067243221019	-0.0434674802333	0.038232502135	-0.0163709315734	-0.0505787343287	-0.0152207195793	-0.018124785959	1.0	-0.0113626349257	-0.00410484402158	0.038571600872	-0.029567962714	-0.00668140530828	0.0174021941515	0.00512613153314	0.0430406613726	0.0126939118302	-0.0188955356901	-0.00155064778123	-0.049374992408	-0.0486955243534	0.0062790490878	-0.030748804433	-0.00617346839174	0.0195630975888	-0.0179138982024	0.000808420227704	0.0148850788586	-0.0139728312336	-0.0014224922704	0.00301823922153	-0.00265348057069	-0.0239931692853	-0.0100636153997	-0.0510012183924	-0.0217333752657	0.00996341188648
