#taxonomy	k__Bacteria;p__Bacteroidetes;c__Bacteroidia;o__Bacteroidales;f__Bacteroidaceae;g__Bacteroides;s__Bacteroides_vulgatus	k__Bacteria;p__Bacteroidetes;c__Bacteroidia;o__Bacteroidales;f__Bacteroidaceae;g__Bacteroides;s__Bacteroides_uniformis	k__Bacteria;p__Bacteroidetes;c__Bacteroidia;o__Bacteroidales;f__Rikenellaceae;g__Alistipes;s__Alistipes_putredinis	k__Bacteria;p__Bacteroidetes;c__Bacteroidia;o__Bacteroidales;f__Prevotellaceae;g__Prevotella;s__Prevotella_copri	k__Bacteria;p__Bacteroidetes;c__Bacteroidia;o__Bacteroidales;f__Bacteroidaceae;g__Bacteroides;s__Bacteroides_stercoris	k__Bacteria;p__Bacteroidetes;c__Bacteroidia;o__Bacteroidales;f__Bacteroidaceae;g__Bacteroides;s__Bacteroides_ovatus	k__Bacteria;p__Bacteroidetes;c__Bacteroidia;o__Bacteroidales;f__Rikenellaceae;g__Alistipes;s__Alistipes_shahii	k__Bacteria;p__Firmicutes;c__Clostridia;o__Clostridiales;f__Ruminococcaceae;g__Faecalibacterium;s__Faecalibacterium_prausnitzii	k__Bacteria;p__Bacteroidetes;c__Bacteroidia;o__Bacteroidales;f__Rikenellaceae;g__Alistipes;s__Alistipes_finegoldii	k__Bacteria;p__Bacteroidetes;c__Bacteroidia;o__Bacteroidales;f__Porphyromonadaceae;g__Parabacteroides;s__Parabacteroides_distasonis	k__Bacteria;p__Bacteroidetes;c__Bacteroidia;o__Bacteroidales;f__Bacteroidaceae;g__Bacteroides;s__Bacteroides_thetaiotaomicron	k__Bacteria;p__Bacteroidetes;c__Bacteroidia;o__Bacteroidales;f__Bacteroidaceae;g__Bacteroides;s__Bacteroides_coprocola	k__Bacteria;p__Bacteroidetes;c__Bacteroidia;o__Bacteroidales;f__Bacteroidaceae;g__Bacteroides;s__Bacteroides_cellulosilyticus	k__Bacteria;p__Bacteroidetes;c__Bacteroidia;o__Bacteroidales;f__Rikenellaceae;g__Alistipes;s__Alistipes_obesi	k__Bacteria;p__Firmicutes;c__Clostridia;o__Clostridiales;f__Lachnospiraceae;g__;s__[Eubacterium]_rectale	k__Bacteria;p__Bacteroidetes;c__Bacteroidia;o__Bacteroidales;f__Bacteroidaceae;g__Bacteroides;s__Bacteroides_plebeius	k__Bacteria;p__Bacteroidetes;c__Bacteroidia;o__Bacteroidales;f__Bacteroidaceae;g__Bacteroides;s__Bacteroides_fragilis	k__Bacteria;p__Proteobacteria;c__Betaproteobacteria;o__Burkholderiales;f__Sutterellaceae;g__Sutterella;s__Sutterella_wadsworthensis	k__Bacteria;p__Bacteroidetes;c__Bacteroidia;o__Bacteroidales;f__Porphyromonadaceae;g__Barnesiella;s__Barnesiella_intestinihominis	k__Bacteria;p__Bacteroidetes;c__Bacteroidia;o__Bacteroidales;f__Odoribacteraceae;g__Odoribacter;s__Odoribacter_splanchnicus	k__Bacteria;p__Bacteroidetes;c__Bacteroidia;o__Bacteroidales;f__Bacteroidaceae;g__Bacteroides;s__Bacteroides_salyersiae	k__Bacteria;p__Firmicutes;c__Clostridia;o__Clostridiales;f__Ruminococcaceae;g__Ruminiclostridium;s__[Eubacterium]_siraeum	k__Bacteria;p__Proteobacteria;c__Betaproteobacteria;o__Burkholderiales;f__Sutterellaceae;g__Parasutterella;s__Parasutterella_excrementihominis	k__Bacteria;p__Actinobacteria;c__Actinobacteria;o__Bifidobacteriales;f__Bifidobacteriaceae;g__Bifidobacterium;s__Bifidobacterium_adolescentis	k__Bacteria;p__Firmicutes;c__Clostridia;o__Clostridiales;f__Oscillospiraceae;g__Oscillibacter;s__Oscillibacter_sp._KLE_1745	k__Bacteria;p__Bacteroidetes;c__Bacteroidia;o__Bacteroidales;f__Bacteroidaceae;g__Bacteroides;s__Bacteroides_coprophilus	k__Bacteria;p__Firmicutes;c__Clostridia;o__Clostridiales;f__Lachnospiraceae;g__Roseburia;s__Roseburia_intestinalis	k__Bacteria;p__Firmicutes;c__Clostridia;o__Clostridiales;f__Lachnospiraceae;g__Roseburia;s__Roseburia_hominis	k__Bacteria;p__Bacteroidetes;c__Bacteroidia;o__Bacteroidales;f__Porphyromonadaceae;g__Parabacteroides;s__Parabacteroides_johnsonii	k__Bacteria;p__Actinobacteria;c__Actinobacteria;o__Bifidobacteriales;f__Bifidobacteriaceae;g__Bifidobacterium;s__Bifidobacterium_longum	k__Bacteria;p__Firmicutes;c__Clostridia;o__Clostridiales;f__;g__Flavonifractor;s__Flavonifractor_plautii	k__Bacteria;p__Firmicutes;c__Clostridia;o__Clostridiales;f__Clostridiaceae;g__Clostridium;s__Clostridium_phoceensis	k__Bacteria;p__Verrucomicrobia;c__Verrucomicrobiae;o__Verrucomicrobiales;f__Akkermansiaceae;g__Akkermansia;s__Akkermansia_muciniphila	k__Bacteria;p__Bacteroidetes;c__Bacteroidia;o__Bacteroidales;f__Prevotellaceae;g__Paraprevotella;s__Paraprevotella_xylaniphila	k__Bacteria;p__Firmicutes;c__Clostridia;o__Clostridiales;f__Ruminococcaceae;g__Ruminococcus;s__Ruminococcus_callidus	k__Bacteria;p__Bacteroidetes;c__Bacteroidia;o__Bacteroidales;f__Rikenellaceae;g__Alistipes;s__Alistipes_senegalensis	k__Bacteria;p__Firmicutes;c__Clostridia;o__Clostridiales;f__Lachnospiraceae;g__Blautia;s__Blautia_sp._KLE_1732	k__Bacteria;p__Bacteroidetes;c__Bacteroidia;o__Bacteroidales;f__Bacteroidaceae;g__Bacteroides;s__Bacteroides_oleiciplenus	k__Bacteria;p__Firmicutes;c__Clostridia;o__Clostridiales;f__Ruminococcaceae;g__Ruminococcus;s__Ruminococcus_bicirculans	k__Bacteria;p__Bacteroidetes;c__Bacteroidia;o__Bacteroidales;f__Bacteroidaceae;g__Bacteroides;s__Bacteroides_fluxus	k__Bacteria;p__Bacteroidetes;c__Bacteroidia;o__Bacteroidales;f__Prevotellaceae;g__Prevotella;s__Prevotella_stercorea	k__Bacteria;p__Firmicutes;c__Clostridia;o__Clostridiales;f__Lachnospiraceae;g__Dorea;s__Dorea_longicatena	k__Bacteria;p__Firmicutes;c__Clostridia;o__Clostridiales;f__Eubacteriaceae;g__Eubacterium;s__[Eubacterium]_eligens	k__Bacteria;p__Firmicutes;c__Clostridia;o__Clostridiales;f__Ruminococcaceae;g__;s__Ruminococcaceae_bacterium_D16	k__Bacteria;p__Firmicutes;c__Clostridia;o__Clostridiales;f__Lachnospiraceae;g__Coprococcus;s__Coprococcus_comes	k__Bacteria;p__Proteobacteria;c__Gammaproteobacteria;o__Enterobacterales;f__Enterobacteriaceae;g__Escherichia;s__Escherichia_coli	k__Bacteria;p__Firmicutes;c__Clostridia;o__Clostridiales;f__Ruminococcaceae;g__Anaerotruncus;s__Anaerotruncus_colihominis	k__Bacteria;p__Firmicutes;c__Clostridia;o__Clostridiales;f__Lachnospiraceae;g__Blautia;s__Blautia_obeum	k__Bacteria;p__Bacteroidetes;c__Bacteroidia;o__Bacteroidales;f__Odoribacteraceae;g__Odoribacter;s__Odoribacter_laneus	k__Bacteria;p__Firmicutes;c__Clostridia;o__Clostridiales;f__Ruminococcaceae;g__Ruminiclostridium;s__[Clostridium]_leptum	k__Bacteria;p__Bacteroidetes;c__Bacteroidia;o__Bacteroidales;f__Porphyromonadaceae;g__Parabacteroides;s__Parabacteroides_goldsteinii	k__Bacteria;p__Firmicutes;c__Clostridia;o__Clostridiales;f__Lachnospiraceae;g__Anaerostipes;s__Anaerostipes_hadrus	k__Bacteria;p__Firmicutes;c__Clostridia;o__Clostridiales;f__Ruminococcaceae;g__Ruminococcus;s__Ruminococcus_lactaris	k__Bacteria;p__Firmicutes;c__Clostridia;o__Clostridiales;f__Clostridiaceae;g__Clostridium;s__Clostridium_sp._L2-50	k__Bacteria;p__Firmicutes;c__Clostridia;o__Clostridiales;f__Clostridiaceae;g__Clostridium;s__Clostridium_sp._M62/1	k__Bacteria;p__Firmicutes;c__Clostridia;o__Clostridiales;f__;g__Intestinimonas;s__Intestinimonas_butyriciproducens	k__Bacteria;p__Actinobacteria;c__Actinobacteria;o__Bifidobacteriales;f__Bifidobacteriaceae;g__Bifidobacterium;s__Bifidobacterium_bifidum	k__Bacteria;p__Firmicutes;c__Negativicutes;o__Veillonellales;f__Veillonellaceae;g__Dialister;s__Dialister_invisus	k__Bacteria;p__Bacteroidetes;c__Bacteroidia;o__Bacteroidales;f__Bacteroidaceae;g__Bacteroides;s__Bacteroides_salanitronis
k__Bacteria;p__Bacteroidetes;c__Bacteroidia;o__Bacteroidales;f__Bacteroidaceae;g__Bacteroides;s__Bacteroides_vulgatus	1.0	0.0553416013331	0.0128237313266	-0.0174829176775	-0.0322771017152	-0.0272108242543	-0.000546974801173	-0.0549114601845	0.0263465912193	0.0391746256519	0.0184982922432	-0.0465660459179	-0.0195115739279	0.0403372458296	-0.0312494019192	-0.0201838128962	-0.041896797799	0.0399070866041	0.0106694894155	-0.00194058808754	-0.0082867684431	-0.00824828636519	0.0265427470579	-0.0777637272121	-0.0531336775235	-0.0293657512403	-0.0520330827736	-0.0716158216923	0.0243282537214	-0.0462117721262	0.026909441834	-0.0242867709784	-0.00703482684948	0.0354769689629	0.0529176686949	0.0153665367966	-0.00262130548717	0.0446081927096	-0.0350706661837	0.0431519284237	0.0403577054814	-0.0282903353899	0.00866149866298	-0.0239986230642	-0.0248397598196	0.0445540990169	0.0115038318573	-0.0228850311589	0.0548663366931	-0.0133082388042	-0.00910145067108	-0.0809807299701	0.0239122794507	0.00541601560474	0.0229037175085	-0.0775761506619	-0.000110536335681	-0.0215689556996	-0.0778877308442
k__Bacteria;p__Bacteroidetes;c__Bacteroidia;o__Bacteroidales;f__Bacteroidaceae;g__Bacteroides;s__Bacteroides_uniformis	0.0553416013331	1.0	-0.0550703523441	0.0111903611896	-0.0571784257428	0.00848618300529	0.0244760419119	0.00742780388512	0.0188551751012	-0.0196936812654	-0.0238382154395	0.00565445552864	-0.0039193896938	-0.0545085023998	0.00408136717276	0.0481937143745	0.00139126662025	-0.0334974739296	0.00127476850447	0.00891159268051	-0.00161593966914	0.017724891906	-0.0324468895047	0.00149944608619	-0.0485892214737	-0.0556395969218	-0.0159400532152	-0.072647846852	-0.0447132884094	-0.0199236834283	-0.00983317086699	0.0806486887106	-0.0299687621197	0.0461437097027	-0.0156151000596	0.0526173644992	-0.046871932898	-0.0461402031465	-0.0200977337391	-0.0288407094797	-0.0200740155215	-0.00820487188512	-0.0218297501276	0.0220163583257	0.0302431771848	-0.0157069452318	-0.0156789489184	-0.0456605677552	-0.0688427384468	-0.0330091482251	-0.0130670885426	0.0573006200211	-0.0612558396099	0.0547319498334	0.0417191336957	-0.0569228828656	0.0448242068443	-0.0586956632376	0.00257317329581
k__Bacteria;p__Bacteroidetes;c__Bacteroidia;o__Bacteroidales;f__Rikenellaceae;g__Alistipes;s__Alistipes_putredinis	0.0128237313266	-0.0550703523441	1.0	0.0115474572793	0.031894863986	0.0202692123007	0.00828375948599	-0.060007431983	-0.0312026596372	0.0191067874069	-0.0274134754923	0.0394051379837	-0.0343862987689	-0.0645894179812	-0.039755457585	-0.0291747956016	0.0150108186738	0.041369439559	0.022162668448	-0.00863132131817	-0.01927511133	-0.0261656593653	0.0093414047844	0.00597580612326	0.0367342161078	0.0272979946001	0.0354531198886	0.019914434577	-0.0276885709478	-0.0159923310569	0.0202049293739	-0.0115293140498	0.00841310582394	0.0204886873884	-0.0178229911344	-0.00458169810298	0.0528864385242	-0.058231560077	0.0240961004288	-0.0216029651839	-0.026723677487	0.0205951405561	-0.00856876066329	0.00120771149493	-0.0100565084385	-0.0362306026275	-0.0287556865617	-0.0136237875188	-0.012352499463	-0.0274940548847	0.02875254975	-0.129413022399	-0.0764161250256	-0.0276557804904	0.00275789991914	-0.000272929503363	-0.0123896119777	0.0307640325528	-0.0100053896273
k__Bacteria;p__Bacteroidetes;c__Bacteroidia;o__Bacteroidales;f__Prevotellaceae;g__Prevotella;s__Prevotella_copri	-0.0174829176775	0.0111903611896	0.0115474572793	1.0	-4.3441930279e-05	0.0524497525924	0.00785933914736	-0.0431722342869	-0.00355522881328	0.0189747866074	-0.03672221938	-0.0470290712273	0.015354987318	-0.065510399723	0.0200274816602	-0.014710332519	-0.00038372852928	-0.0553274557232	0.0332766768584	0.0173549037572	0.0499386740559	-0.00141886401194	-0.0429227362464	-0.0338763864496	-0.0087348208582	0.017839036659	-0.0639876545662	0.0321553506699	-0.0259707288541	-0.0270103221234	-0.0137696407113	-0.0288249299057	0.0462935504576	-0.0136929304995	-0.00320998421067	0.0264473826002	-0.00818215749812	-0.0100087231582	-0.00606309407402	-0.0528085013453	-0.0202917493533	-0.0170753526107	0.0156493076005	-0.0144508179938	-0.0105458274505	-0.0294824405183	-0.0141109197714	-0.0342381094141	0.0535569509157	-0.0159269319844	0.0858812157863	0.0127033577366	-0.00139150294784	-0.0109311750964	-0.00947350860177	-0.0370971325249	-0.00433936981288	-0.032929880744	-0.0324590041918
k__Bacteria;p__Bacteroidetes;c__Bacteroidia;o__Bacteroidales;f__Bacteroidaceae;g__Bacteroides;s__Bacteroides_stercoris	-0.0322771017152	-0.0571784257428	0.031894863986	-4.3441930279e-05	1.0	0.00159231359715	-0.0905410656584	-0.00838712578286	-0.00846361492805	-0.0386645373748	-0.013626144795	0.00489863901136	0.0143578507699	0.0153368787409	0.00294978891048	-0.0122748473503	-0.0609986302317	0.0064122338926	-0.0158654505163	0.0375678841767	0.0276717744896	-0.0123123766261	0.0483826942852	-0.0069267782259	-0.00940273924516	0.00698698613545	0.0302516668881	0.0177827640299	0.0309579701403	-0.0161800569359	-0.0258756440532	-0.0258962146775	-0.0665531601017	0.00840564080892	-0.0362934301464	-0.0657485209881	0.0244238721766	-0.0427244855621	-0.0510891987236	0.0180220309324	-0.0475371619584	-0.023150215153	-0.0364510200368	0.0161984015222	0.0115720056715	0.0171167483877	-0.00136999856304	0.0353540936492	-0.0142216682491	0.0295328870864	0.00464718247137	-0.0393505283394	0.032560201835	0.0555966807117	0.00343735135553	0.00213134499014	-0.0170284839841	-0.0383301969108	0.000349671184021
k__Bacteria;p__Bacteroidetes;c__Bacteroidia;o__Bacteroidales;f__Bacteroidaceae;g__Bacteroides;s__Bacteroides_ovatus	-0.0272108242543	0.00848618300529	0.0202692123007	0.0524497525924	0.00159231359715	1.0	0.0494316110241	-0.0643460136929	0.0246582632359	-0.0464454200934	0.0356624458884	0.0128249947181	0.00634154847435	-0.0790354174957	-0.00776120227129	-0.0635207389955	0.0138137055557	0.0234956890749	0.00317321589837	-0.0344805918329	0.0534905161289	-0.015435097282	0.0505916132626	-0.0374430260245	-0.0565706176512	0.00753604154823	-0.0308726410906	0.0133242044852	0.038061828276	-0.0202210017595	0.0160849156088	-0.0510886631168	-0.0406594315399	-0.000981841139595	-0.0557711046327	-0.00807332677214	-0.0189971282858	-0.00819942895098	-0.0633024166208	-0.0281356391713	0.00116233887965	-0.0621217301805	-0.00861378700316	0.0104865082806	0.0376289135098	0.016618174822	-0.0182263222136	0.0574784152261	-0.028390432122	0.00573050829876	0.0103815786127	0.00895440411195	-0.00355801609191	-0.0236055633627	-0.0430150700299	0.00965319367685	-0.0290406620672	0.0182030416473	-0.0233463014943
k__Bacteria;p__Bacteroidetes;c__Bacteroidia;o__Bacteroidales;f__Rikenellaceae;g__Alistipes;s__Alistipes_shahii	-0.000546974801173	0.0244760419119	0.00828375948599	0.00785933914736	-0.0905410656584	0.0494316110241	1.0	-0.0543504378416	-0.00257083245215	0.0396442941712	0.0778026387007	-0.025033255905	-0.0295641883117	-0.0675246567181	-0.0358422310726	-0.0014488358479	0.0102078722494	-0.0179850197697	-0.0115527590623	-0.0234200936126	0.0102450654942	0.0175211585216	0.0398245877869	-0.0261063804388	-0.036235954718	0.0385134814798	0.0325758772563	-0.050134529389	-0.0259209165158	0.0191333448358	-0.0283021708548	-0.0247851725819	-0.00938628139628	-0.0355337930397	-0.00445083818002	-0.0481567607427	-0.000711871824555	-0.0272336556364	0.0368911043303	-0.00779035105372	0.00668411734387	0.00225601946991	-0.0217345921122	-0.0699708348206	-0.0168434994772	-0.0246468964648	-0.0329742224195	-0.0575126076363	-0.0316481290919	-0.0279701440253	-0.0474048642387	0.010743014393	-0.00795356073827	0.0152314585581	0.0110167891928	-0.00812241833158	0.00408857406403	0.0144759335623	-0.0332085560962
k__Bacteria;p__Firmicutes;c__Clostridia;o__Clostridiales;f__Ruminococcaceae;g__Faecalibacterium;s__Faecalibacterium_prausnitzii	-0.0549114601845	0.00742780388512	-0.060007431983	-0.0431722342869	-0.00838712578286	-0.0643460136929	-0.0543504378416	1.0	0.0338054697663	0.0058130795283	0.0494774469269	-0.0336674663461	-0.00711052395423	0.0562036799355	-0.00676565082706	0.0348645549526	0.00924949688137	-0.00885731892569	0.00241709567975	-0.00363442313684	-0.00311467672376	-0.0150543336465	-0.010046606272	0.0287657424828	-0.0402541127686	0.00197714327869	0.0109519720955	-0.0438739044905	0.0148103962613	0.0105840381304	-0.00855091297891	-0.059635426968	0.019443689399	-0.0378946918804	0.0109279567285	0.0179913496885	0.00746823436413	-0.0201558086137	-0.0265911270363	-0.0269283514556	-0.0771111007956	0.0297390083063	-0.0269307672911	-0.0217714661344	-0.0667250198247	-0.012620677752	-0.00548650369222	-0.0381258054722	0.0273108920164	-0.0203484429978	0.0146644589639	0.0577198856809	-0.0539681709949	-0.041710559032	-0.0185452594578	0.0510412212335	-0.00369311143616	-0.00734271023018	-0.0144897361065
k__Bacteria;p__Bacteroidetes;c__Bacteroidia;o__Bacteroidales;f__Rikenellaceae;g__Alistipes;s__Alistipes_finegoldii	0.0263465912193	0.0188551751012	-0.0312026596372	-0.00355522881328	-0.00846361492805	0.0246582632359	-0.00257083245215	0.0338054697663	1.0	0.0241882032229	0.0178478025734	-0.0457829130163	0.00621730369948	0.0335257108775	-0.0308685398449	0.0306872221068	0.00939907894928	-0.0164492516265	-0.0277102189005	-0.00987715588371	-0.00125867301473	0.0153384545466	0.0338893393908	0.036635095044	-0.00965768528265	-0.0560403857308	0.00815309221712	-0.0302314364982	0.0510811196803	-0.0561410643506	-0.0437519195089	0.0312540383278	-0.00149220628821	-0.0796127113801	0.0230268642014	0.013433008746	0.0201535272515	-0.043284071416	-0.0480572999112	0.0239191199864	-0.0322961923408	-0.0322759454733	0.0159576379448	-0.0290490119111	0.00244239797196	-0.0149910810792	-0.0156702008249	-0.0105432296189	-0.0198768876908	-0.0233105268917	-0.043044244879	-0.0587892250692	-0.0111414163819	0.0543592467323	0.0139117670761	-0.0183802621078	0.0486211703709	-0.0178733990232	-0.0701378307291
k__Bacteria;p__Bacteroidetes;c__Bacteroidia;o__Bacteroidales;f__Porphyromonadaceae;g__Parabacteroides;s__Parabacteroides_distasonis	0.0391746256519	-0.0196936812654	0.0191067874069	0.0189747866074	-0.0386645373748	-0.0464454200934	0.0396442941712	0.0058130795283	0.0241882032229	1.0	0.0126716141109	-0.0237055950617	-0.0010280701279	0.00487093098359	-0.0536789165352	0.0199155135483	0.0217461685591	-0.0525679515677	0.0175781791988	-0.0173653022261	-0.0507982103262	0.0126453337853	-0.00204513336673	0.0214232116984	-0.0107922231757	0.00307145292655	-0.0192274330816	-0.0306461037886	-0.0500570911095	0.0407003352857	-0.0168842460532	0.0182366223488	0.0106542396897	0.028271872626	-0.0118465500277	-0.00375026440864	-0.0247335641276	0.0137556430308	-0.0375768476025	-0.0527968137066	0.0122948181801	0.0256621303154	-0.0532703702942	-0.000846379459775	0.0152177835069	-0.0836691070451	0.0174916108852	-0.0409940786545	-0.00306712619296	-0.0454130194794	0.0334478741734	-0.0533968699086	-0.00200538933067	-0.0394730182828	-0.0320944685609	-0.04354758752	0.0707262048834	0.00214076501632	-0.0326912069685
k__Bacteria;p__Bacteroidetes;c__Bacteroidia;o__Bacteroidales;f__Bacteroidaceae;g__Bacteroides;s__Bacteroides_thetaiotaomicron	0.0184982922432	-0.0238382154395	-0.0274134754923	-0.03672221938	-0.013626144795	0.0356624458884	0.0778026387007	0.0494774469269	0.0178478025734	0.0126716141109	1.0	0.0440694517712	0.0420560994039	-0.020498170793	-0.0762918953008	-0.0239225629237	-0.0158855105087	-0.0260138918912	0.00726694020467	-0.0186833426192	-0.00984656947897	0.00999411560222	0.0194743316112	-0.00673170527935	-0.0409001922926	0.00255603249881	0.025527821621	-0.00534480347723	0.0515061786239	0.00171128890057	-0.0609260237673	0.0391801832583	0.0114624582523	-0.00618960513454	-0.014968066412	-0.00143106385224	-0.0542743275074	-0.0140419866094	-0.0413472758125	0.0172052662225	-0.0214619422037	-0.0195582403005	-0.00204980317108	-0.108486921042	-0.05420480039	-0.109765002751	-0.0140375822283	0.0209650654418	-0.0167447947547	-0.00246837608077	-0.0111794171077	-0.0222136630687	0.00707630349026	-0.00770929856759	-0.00693484048454	-0.0263690623402	-0.00933255827959	-0.0461776775977	-0.0112158604587
k__Bacteria;p__Bacteroidetes;c__Bacteroidia;o__Bacteroidales;f__Bacteroidaceae;g__Bacteroides;s__Bacteroides_coprocola	-0.0465660459179	0.00565445552864	0.0394051379837	-0.0470290712273	0.00489863901136	0.0128249947181	-0.025033255905	-0.0336674663461	-0.0457829130163	-0.0237055950617	0.0440694517712	1.0	0.00742695867889	-0.0196627554777	-0.01272030611	-0.0432075436215	-0.058415414912	0.0272898654004	0.0118554233566	-0.0423518715886	0.0543075762818	-0.0449176642092	0.00591600151729	-0.0219985002745	-0.0456886568081	0.0131605259832	0.0371156010376	-0.0306207584042	-0.0011539799234	0.0884279449709	0.0151670356624	-0.000885672093703	0.0272129371346	0.0434302329704	-0.0319715659568	-0.0560174277671	0.00683654906184	-0.0422375163289	-0.023966058299	-0.0195987043776	0.02261745428	0.0297347683779	0.0188132150385	-0.0169095954516	-0.0244116077864	0.0364343671159	0.00654083541365	0.0171793797506	-0.0445238832219	0.00878611173354	0.0131277405633	0.0409346927337	-0.0185753056657	-0.00578749994936	-0.0233453884695	0.0409661477417	-0.0700764980182	-0.0104654787435	-7.62839831892e-05
k__Bacteria;p__Bacteroidetes;c__Bacteroidia;o__Bacteroidales;f__Bacteroidaceae;g__Bacteroides;s__Bacteroides_cellulosilyticus	-0.0195115739279	-0.0039193896938	-0.0343862987689	0.015354987318	0.0143578507699	0.00634154847435	-0.0295641883117	-0.00711052395423	0.00621730369948	-0.0010280701279	0.0420560994039	0.00742695867889	1.0	-0.0071337696056	0.0253541448821	-0.0287761671965	0.000558744885568	-0.0503286353491	0.0388862774774	-0.0388330969121	-0.0294319411116	-0.0237469298015	-8.64629297925e-05	0.0105612845925	-0.00525730048883	-0.0362438720336	-0.0459077302483	-0.0173548652358	-0.0267520205988	-0.0152311120353	-0.0342492192852	-0.0378692360513	0.0244072655074	0.0297194603111	-0.0506634547196	0.00766120221696	-0.0151707830519	-0.0674336521833	-0.0497327502749	0.0181003740178	-0.038906978829	0.0113315384778	0.0274127066401	-0.0256912591527	-0.0357091370125	-0.0241825749592	-0.0285310074602	-0.00408855678911	-0.000962281213288	0.0262358422636	0.00512061639441	-0.00122787192503	0.00635838763634	0.0342201345416	0.0133405866817	0.027014131111	-0.00582251185982	-0.0017934232266	0.0451158843862
k__Bacteria;p__Bacteroidetes;c__Bacteroidia;o__Bacteroidales;f__Rikenellaceae;g__Alistipes;s__Alistipes_obesi	0.0403372458296	-0.0545085023998	-0.0645894179812	-0.065510399723	0.0153368787409	-0.0790354174957	-0.0675246567181	0.0562036799355	0.0335257108775	0.00487093098359	-0.020498170793	-0.0196627554777	-0.0071337696056	1.0	-0.0264965579475	-0.043935951338	0.0890481127644	0.00914146220893	-0.0515945926473	-0.0170152119186	0.0374891737571	-0.0161530244151	0.00399583869888	-0.0500609532377	-0.0374658950148	0.00615882456981	-0.000238874263828	-0.0221589014031	0.0555667898903	-0.0220591161991	-0.000123883853817	-0.00242141550402	0.0193167073015	-0.0401301176579	0.0119149194696	0.00474578666766	-0.0521671874426	0.0450084676639	-0.00240985813034	0.00748543743976	-0.00590762569753	0.0351933753411	0.00125761028332	-0.0525765188461	0.0138810684867	0.0432421146477	0.0162805682281	-0.00960431698489	-0.0149680257774	-0.0341834113981	-0.00294737995418	-0.00686183653132	0.0369087710362	-0.030009367624	0.0247815076631	-0.0398324597461	0.0314829415986	-0.0143204267669	0.0300707211204
k__Bacteria;p__Firmicutes;c__Clostridia;o__Clostridiales;f__Lachnospiraceae;g__;s__[Eubacterium]_rectale	-0.0312494019192	0.00408136717276	-0.039755457585	0.0200274816602	0.00294978891048	-0.00776120227129	-0.0358422310726	-0.00676565082706	-0.0308685398449	-0.0536789165352	-0.0762918953008	-0.01272030611	0.0253541448821	-0.0264965579475	1.0	-0.0331708710292	-0.0304723112631	0.0262609331475	0.0133186201418	-0.0410383481672	-0.0617442333603	-0.0119608326503	-0.00271701369723	-0.0649169464811	-0.0193328581346	0.00334729106215	-0.0229061875854	0.0106970771271	-0.0637297317207	0.0164679494095	-0.0145974699056	0.0119558955026	0.035203660578	-0.00632053622327	0.0215899512759	-0.00408291035573	-0.0421703958215	-0.0029935015661	-0.00718724559273	-0.0381253658378	0.010693268122	0.0136336509187	-0.0520447134099	-0.0413568178053	-0.0126154314925	-0.0375428945269	-0.00877663283925	0.0123379106058	0.00346874010029	-0.0745282198885	0.0234394577324	-0.00473738157201	0.0446739030379	0.0554811841292	0.0557118767002	0.0022434745323	-0.0541548723595	0.0240321893408	0.020907261189
k__Bacteria;p__Bacteroidetes;c__Bacteroidia;o__Bacteroidales;f__Bacteroidaceae;g__Bacteroides;s__Bacteroides_plebeius	-0.0201838128962	0.0481937143745	-0.0291747956016	-0.014710332519	-0.0122748473503	-0.0635207389955	-0.0014488358479	0.0348645549526	0.0306872221068	0.0199155135483	-0.0239225629237	-0.0432075436215	-0.0287761671965	-0.043935951338	-0.0331708710292	1.0	-0.00445223874798	0.0330936006806	-0.0284271954987	-0.0182932525047	-0.00156177467104	0.0209439499156	-0.0217938478836	-0.0268335774894	0.0162790955009	0.0263497596604	0.0114096928694	-0.0358159943661	0.0250831269844	-0.0474898878436	-0.0249033522746	0.0161051300553	-0.0209895162225	0.00926001893694	-0.028980698725	0.029443675525	0.00831187554718	-0.0177859227069	-0.0472469740505	-0.00191235663367	-0.0278997965262	0.0297045986903	-0.0147218589831	0.0526251923081	-0.0499416188714	-0.0335446644768	0.0120414217492	-0.0155386973135	-0.00731963416454	-0.00962094373516	-0.0579953905695	-0.0134621352506	-0.0156668439421	-0.0384793749798	-0.026052564344	-0.0294566929419	-0.00522684434454	-0.013983041197	0.021463950855
k__Bacteria;p__Bacteroidetes;c__Bacteroidia;o__Bacteroidales;f__Bacteroidaceae;g__Bacteroides;s__Bacteroides_fragilis	-0.041896797799	0.00139126662025	0.0150108186738	-0.00038372852928	-0.0609986302317	0.0138137055557	0.0102078722494	0.00924949688137	0.00939907894928	0.0217461685591	-0.0158855105087	-0.058415414912	0.000558744885568	0.0890481127644	-0.0304723112631	-0.00445223874798	1.0	0.0443213569825	-0.0119307056714	0.0122486576654	-0.026529597835	-0.0309917366488	0.0419719142619	0.0235317085746	-0.0383057516725	-0.00140013230234	0.0395638392582	0.0205354231317	0.00178173375268	-0.0684864629041	-0.0575500443916	0.0380103876876	-0.0405620462688	0.0184365579012	-0.0407173620135	0.0219101433116	-0.0364812400193	0.0756948034574	0.053052221612	-0.00576193335681	-0.00434413282168	-0.0276926748739	-0.0261131212393	-0.00987476854356	0.0120425573	0.0196771025535	-0.0327302693974	-0.0316707396283	0.0180024376832	0.0103582596693	0.0174294194184	-0.0171048368568	-0.060276408436	-0.0101066210512	-0.0163538319848	-0.0231568203855	0.0375007793819	0.0064503172804	0.036685105118
k__Bacteria;p__Proteobacteria;c__Betaproteobacteria;o__Burkholderiales;f__Sutterellaceae;g__Sutterella;s__Sutterella_wadsworthensis	0.0399070866041	-0.0334974739296	0.041369439559	-0.0553274557232	0.0064122338926	0.0234956890749	-0.0179850197697	-0.00885731892569	-0.0164492516265	-0.0525679515677	-0.0260138918912	0.0272898654004	-0.0503286353491	0.00914146220893	0.0262609331475	0.0330936006806	0.0443213569825	1.0	-0.000117633975387	0.0311393229591	-0.0549647913808	0.00519832397398	-0.0556073812356	0.0448695063413	-0.0660411152677	0.00786058896966	-0.0228473568499	-0.0284552658138	-0.00267731031461	0.0126614482175	0.00396230279918	0.0303777348276	-0.0432407825144	0.0503338679857	-0.00776874893903	-0.0189913825561	-0.064506119558	-0.00606696090373	-0.00640376412802	-0.0269403059066	0.0272560387053	-0.0276154130368	-0.0367683395054	0.0252301230219	0.0325919141353	0.0425151808178	-0.0213225667144	0.0668567134979	-0.019617461708	0.0187899269439	-0.0434156507118	0.00316582456197	-0.00577252958978	-0.0395874514181	0.0263249239019	-0.0390503636706	-0.0180533203765	0.0759974277936	-0.00688752370949
k__Bacteria;p__Bacteroidetes;c__Bacteroidia;o__Bacteroidales;f__Porphyromonadaceae;g__Barnesiella;s__Barnesiella_intestinihominis	0.0106694894155	0.00127476850447	0.022162668448	0.0332766768584	-0.0158654505163	0.00317321589837	-0.0115527590623	0.00241709567975	-0.0277102189005	0.0175781791988	0.00726694020467	0.0118554233566	0.0388862774774	-0.0515945926473	0.0133186201418	-0.0284271954987	-0.0119307056714	-0.000117633975387	1.0	-0.0406401469998	-0.039364956517	0.0036652226343	0.00013023533782	0.0233592517421	-0.00467630787935	-0.0571538580461	-0.0520299247023	-0.0346368379897	0.0480508208337	-0.0341785682572	0.0637821228341	0.00384009289212	0.0191570406318	0.015855847579	-0.0126649912344	-0.0710044100602	-0.0177772356976	0.0363604467815	0.0291739252837	-0.0565845940638	0.0176601261706	-0.0429453499318	0.00825070648755	0.0331534648518	0.075632607133	0.0099163611943	-0.0269216759783	0.0325460545414	-0.00948422614766	-0.01471748754	-0.0501939541522	-0.0258834964064	0.00947951883001	-0.00990166502371	-0.0229118341612	-0.0251575044897	-0.0539030278452	0.0292709601493	-0.0188732280621
k__Bacteria;p__Bacteroidetes;c__Bacteroidia;o__Bacteroidales;f__Odoribacteraceae;g__Odoribacter;s__Odoribacter_splanchnicus	-0.00194058808754	0.00891159268051	-0.00863132131817	0.0173549037572	0.0375678841767	-0.0344805918329	-0.0234200936126	-0.00363442313684	-0.00987715588371	-0.0173653022261	-0.0186833426192	-0.0423518715886	-0.0388330969121	-0.0170152119186	-0.0410383481672	-0.0182932525047	0.0122486576654	0.0311393229591	-0.0406401469998	1.0	-0.0226436195496	0.0402139077594	0.0163608966581	-0.0236738600712	-0.0118512024298	-0.0389160184038	-0.0212454962821	-0.00718255434936	0.00289241297345	-0.0456616889826	0.0167214191484	-0.00939839322764	-0.041444331878	-0.0121110817366	0.0278916952402	0.0300207931709	-0.0104489693922	0.0278843253389	-0.0169129302462	0.00319134422111	0.0922531248503	-0.0123187839732	0.0180330386716	0.0451201495959	-0.0382428265257	-0.063999506019	0.0141330182095	0.00322108327568	-0.000511587251314	0.0281401122732	-0.0156748574817	-0.016498558644	-0.0593417200467	-0.00946025962056	0.0615282699078	-0.0108668213566	-0.0207675889271	-0.0114110285319	-0.0203065776696
k__Bacteria;p__Bacteroidetes;c__Bacteroidia;o__Bacteroidales;f__Bacteroidaceae;g__Bacteroides;s__Bacteroides_salyersiae	-0.0082867684431	-0.00161593966914	-0.01927511133	0.0499386740559	0.0276717744896	0.0534905161289	0.0102450654942	-0.00311467672376	-0.00125867301473	-0.0507982103262	-0.00984656947897	0.0543075762818	-0.0294319411116	0.0374891737571	-0.0617442333603	-0.00156177467104	-0.026529597835	-0.0549647913808	-0.039364956517	-0.0226436195496	1.0	-0.00756607572085	0.0157722859971	0.013959093078	0.0127457952404	0.0204612803808	0.0393144355306	0.0072842022509	0.0260975788398	-0.0162477986416	0.00514871338089	0.00655191293144	-0.0592927483948	0.00093123229069	-0.00757929542282	0.0132709028034	-0.0402446186245	-0.0736392173232	-0.054133333878	0.0387340593431	-0.0662203001251	-0.0129628399533	0.0210732341073	-0.014747990457	0.0431087717171	0.0479089776076	0.0125908119137	-0.0318954814313	-0.0184942473905	-0.0204605960931	-0.0409722003927	-0.0177401707532	0.0137804056899	0.00184471166383	-0.0998656026374	-0.0161747831687	-0.0255866860829	-0.0371214442442	-0.018226039607
k__Bacteria;p__Firmicutes;c__Clostridia;o__Clostridiales;f__Ruminococcaceae;g__Ruminiclostridium;s__[Eubacterium]_siraeum	-0.00824828636519	0.017724891906	-0.0261656593653	-0.00141886401194	-0.0123123766261	-0.015435097282	0.0175211585216	-0.0150543336465	0.0153384545466	0.0126453337853	0.00999411560222	-0.0449176642092	-0.0237469298015	-0.0161530244151	-0.0119608326503	0.0209439499156	-0.0309917366488	0.00519832397398	0.0036652226343	0.0402139077594	-0.00756607572085	1.0	0.0284357654679	-0.00714693896541	0.00480037925128	0.00665720948994	0.0164363022381	0.00275024375206	-0.0184581425107	0.00550579633685	-0.028460879701	0.0160679755756	0.0124166881104	0.0218872389591	-0.0196222685323	-0.00175598636658	-0.000471535435553	-0.00442472993031	0.0238071860212	-0.0426691419221	0.0285290554985	-0.0257186614607	-0.00642823515491	0.0365776245952	-0.00734344737948	-0.0341716153567	-0.093335432369	-0.0507616266426	-0.0324541055882	-0.048619988736	0.00737732263829	0.00696071398886	-0.00837166290653	-0.0112932709342	-0.0234987999023	-0.0230326608496	0.0211954771419	-0.0458681506848	-0.0156049897981
k__Bacteria;p__Proteobacteria;c__Betaproteobacteria;o__Burkholderiales;f__Sutterellaceae;g__Parasutterella;s__Parasutterella_excrementihominis	0.0265427470579	-0.0324468895047	0.0093414047844	-0.0429227362464	0.0483826942852	0.0505916132626	0.0398245877869	-0.010046606272	0.0338893393908	-0.00204513336673	0.0194743316112	0.00591600151729	-8.64629297925e-05	0.00399583869888	-0.00271701369723	-0.0217938478836	0.0419719142619	-0.0556073812356	0.00013023533782	0.0163608966581	0.0157722859971	0.0284357654679	1.0	-0.0394650535744	-0.0618523864396	0.0300250724986	-0.0314043842869	0.00374089617388	0.0288005362943	-0.0319360471069	-0.0501831681177	-0.0435583469156	-0.0515087267387	-0.0197306327579	-0.0290822197493	-0.0392980885734	0.00713959300761	-0.0315801572407	0.0455229000881	-0.0414526776663	-0.0162973896177	-0.0297203317781	0.0196700874069	-0.0240096065885	-0.0329485334254	-0.0625883014333	-0.00326678941646	-0.0135831748046	0.0308006207193	-0.0551073561036	-0.03088441813	-0.0150811260656	-0.00544088747653	-0.0230400035721	-0.0168795119917	-0.0340794432285	0.0600234069473	-0.0452351510533	0.0207970931893
k__Bacteria;p__Actinobacteria;c__Actinobacteria;o__Bifidobacteriales;f__Bifidobacteriaceae;g__Bifidobacterium;s__Bifidobacterium_adolescentis	-0.0777637272121	0.00149944608619	0.00597580612326	-0.0338763864496	-0.0069267782259	-0.0374430260245	-0.0261063804388	0.0287657424828	0.036635095044	0.0214232116984	-0.00673170527935	-0.0219985002745	0.0105612845925	-0.0500609532377	-0.0649169464811	-0.0268335774894	0.0235317085746	0.0448695063413	0.0233592517421	-0.0236738600712	0.013959093078	-0.00714693896541	-0.0394650535744	1.0	-0.01089830467	-0.0351289444772	0.019498466124	0.0110209878212	0.00886275861622	-0.00321292578164	0.0351434895042	-0.0504916892341	-0.0526569015112	-0.0702358541954	-0.0145482931592	0.00786782603721	-0.0189305160617	-0.00328577809563	0.0221767380618	-0.051656050309	0.027497122797	-0.029985753559	-0.0125020816246	0.0505704246502	-0.0136590525627	0.0961136195228	-0.00653082624149	-0.0374311539431	0.010013883532	0.0387783395798	0.0213997580147	-0.0609918756151	-0.0361099729975	-0.007009181055	-0.0434248115041	-0.0478019923728	-0.039564765601	0.0562461159675	-0.00620698179223
k__Bacteria;p__Firmicutes;c__Clostridia;o__Clostridiales;f__Oscillospiraceae;g__Oscillibacter;s__Oscillibacter_sp._KLE_1745	-0.0531336775235	-0.0485892214737	0.0367342161078	-0.0087348208582	-0.00940273924516	-0.0565706176512	-0.036235954718	-0.0402541127686	-0.00965768528265	-0.0107922231757	-0.0409001922926	-0.0456886568081	-0.00525730048883	-0.0374658950148	-0.0193328581346	0.0162790955009	-0.0383057516725	-0.0660411152677	-0.00467630787935	-0.0118512024298	0.0127457952404	0.00480037925128	-0.0618523864396	-0.01089830467	1.0	-0.0195894546408	-0.0200995178767	-0.013094074648	0.0309113892356	0.0172537450431	-0.0153647105935	-0.0347845260111	0.0112583678363	-0.0141289265935	0.000692897960255	0.0077685724129	-0.00141808062161	-0.0150991858284	-0.00606998697918	0.069203818681	0.0437876222816	0.0523998886113	-0.0311168048416	-0.0138612996728	0.0399406209068	0.0104734173672	0.0615913392758	-0.0143908806818	0.0217790840844	0.0297538174103	0.0050811558924	-0.0269547679917	0.0270753548581	-0.0927327130859	0.00247842776329	0.0377293598238	0.0648511373328	0.0158498366365	0.00664453060088
k__Bacteria;p__Bacteroidetes;c__Bacteroidia;o__Bacteroidales;f__Bacteroidaceae;g__Bacteroides;s__Bacteroides_coprophilus	-0.0293657512403	-0.0556395969218	0.0272979946001	0.017839036659	0.00698698613545	0.00753604154823	0.0385134814798	0.00197714327869	-0.0560403857308	0.00307145292655	0.00255603249881	0.0131605259832	-0.0362438720336	0.00615882456981	0.00334729106215	0.0263497596604	-0.00140013230234	0.00786058896966	-0.0571538580461	-0.0389160184038	0.0204612803808	0.00665720948994	0.0300250724986	-0.0351289444772	-0.0195894546408	1.0	-0.00598490616933	-0.0350687979612	-0.0335797944205	-0.00798243350505	0.0215695573053	-0.0204910023014	-0.043891463463	0.00737147335296	0.00881020556868	0.0275087109592	0.0295511719677	0.0035505698483	-0.0165650179179	0.0159492905507	-0.0488436775486	0.0427841038237	-0.0469910370634	0.0450611238845	0.0180926844187	-0.0422495898129	0.0229230691937	0.0338847670872	-0.0149440640845	0.0281536545755	0.0105794324974	-0.0427759128065	0.0328894656107	0.0230846674531	-0.0614411142854	0.0501625366319	0.0357493948485	-0.0299152431325	-0.019525293333
k__Bacteria;p__Firmicutes;c__Clostridia;o__Clostridiales;f__Lachnospiraceae;g__Roseburia;s__Roseburia_intestinalis	-0.0520330827736	-0.0159400532152	0.0354531198886	-0.0639876545662	0.0302516668881	-0.0308726410906	0.0325758772563	0.0109519720955	0.00815309221712	-0.0192274330816	0.025527821621	0.0371156010376	-0.0459077302483	-0.000238874263828	-0.0229061875854	0.0114096928694	0.0395638392582	-0.0228473568499	-0.0520299247023	-0.0212454962821	0.0393144355306	0.0164363022381	-0.0314043842869	0.019498466124	-0.0200995178767	-0.00598490616933	1.0	0.0396289870235	-0.0141439824372	0.0127442736348	-0.00725394346015	0.0436985242547	-0.0505481000998	0.0233026866359	0.0391554087588	-0.0497813613639	0.0110538769957	0.0248658287528	-0.021167140903	-0.0185874986247	-0.0458193275572	-0.00822434178532	-0.00541270866355	0.0253194159193	-0.0167675778548	-0.0415240345314	0.0107410214456	0.0470316119795	-0.0104509945063	-0.0675965773505	-0.0381480910237	0.022021838096	-0.0139433470567	0.0358508165647	-0.0324039393128	-0.00456304717727	-0.0167981116084	-0.0611807211583	-0.000896566485732
k__Bacteria;p__Firmicutes;c__Clostridia;o__Clostridiales;f__Lachnospiraceae;g__Roseburia;s__Roseburia_hominis	-0.0716158216923	-0.072647846852	0.019914434577	0.0321553506699	0.0177827640299	0.0133242044852	-0.050134529389	-0.0438739044905	-0.0302314364982	-0.0306461037886	-0.00534480347723	-0.0306207584042	-0.0173548652358	-0.0221589014031	0.0106970771271	-0.0358159943661	0.0205354231317	-0.0284552658138	-0.0346368379897	-0.00718255434936	0.0072842022509	0.00275024375206	0.00374089617388	0.0110209878212	-0.013094074648	-0.0350687979612	0.0396289870235	1.0	-0.0516503812287	-0.024273265453	-0.0349206613611	0.00985150844714	0.00403785152482	-0.0100547779551	-0.0228668911854	-0.00353464889998	-0.0149925535997	-0.00269762135037	0.00433128927862	-0.0238254253115	-0.00839346203688	-0.0165260306027	-0.0133957361393	-0.0151920696575	0.012402141888	-0.0614861174636	0.0438525713666	0.0108198973296	0.0672034695205	-0.0185929721004	0.0175711179421	-0.000146624785571	-0.0494930935025	0.0141854309676	0.00700079119147	0.0266380732793	-0.0372974987835	0.00742618160185	-0.0212545334163
k__Bacteria;p__Bacteroidetes;c__Bacteroidia;o__Bacteroidales;f__Porphyromonadaceae;g__Parabacteroides;s__Parabacteroides_johnsonii	0.0243282537214	-0.0447132884094	-0.0276885709478	-0.0259707288541	0.0309579701403	0.038061828276	-0.0259209165158	0.0148103962613	0.0510811196803	-0.0500570911095	0.0515061786239	-0.0011539799234	-0.0267520205988	0.0555667898903	-0.0637297317207	0.0250831269844	0.00178173375268	-0.00267731031461	0.0480508208337	0.00289241297345	0.0260975788398	-0.0184581425107	0.0288005362943	0.00886275861622	0.0309113892356	-0.0335797944205	-0.0141439824372	-0.0516503812287	1.0	-0.0105490411142	0.0222119870862	-0.0203509406825	0.0176045709221	-0.0326983343927	-0.000522656098405	-0.0434811800467	0.0113639545366	-0.0257281850864	-0.00705363132538	0.01597750785	-0.00596965269485	-0.0107100917762	-0.00575825689871	-0.0630065962399	-0.053928526306	-0.046313655107	0.0218287952886	0.0335315790368	0.0515953165367	0.026972595531	-0.0248757350836	-0.022324726005	-0.00418003364441	-0.00925218783731	-0.0219201771952	-0.00785408187701	0.00661151098453	0.0223881656581	-0.0820392732777
k__Bacteria;p__Actinobacteria;c__Actinobacteria;o__Bifidobacteriales;f__Bifidobacteriaceae;g__Bifidobacterium;s__Bifidobacterium_longum	-0.0462117721262	-0.0199236834283	-0.0159923310569	-0.0270103221234	-0.0161800569359	-0.0202210017595	0.0191333448358	0.0105840381304	-0.0561410643506	0.0407003352857	0.00171128890057	0.0884279449709	-0.0152311120353	-0.0220591161991	0.0164679494095	-0.0474898878436	-0.0684864629041	0.0126614482175	-0.0341785682572	-0.0456616889826	-0.0162477986416	0.00550579633685	-0.0319360471069	-0.00321292578164	0.0172537450431	-0.00798243350505	0.0127442736348	-0.024273265453	-0.0105490411142	1.0	0.104832564739	0.00701130448411	0.100338104669	-0.0158528789066	-0.0248105380778	-0.00612417645744	-0.00132762451986	0.00957445853439	-0.0669829398102	0.00578837225462	-0.0762803937326	0.0599588627981	-0.0180289697326	0.00975240803682	0.0208524994983	0.00197667856617	-0.0246121819427	0.0318872631995	-0.0681534469579	0.00559172189328	0.046478173577	0.0353523911848	0.000311226872889	-0.0424280258104	0.0282794421772	-0.000988160425982	-0.0192857281813	-0.0592531495616	0.00704124804436
