#taxonomy	k__Bacteria;p__Bacteroidetes;c__Bacteroidia;o__Bacteroidales;f__Bacteroidaceae;g__Bacteroides;s__Bacteroides_vulgatus	k__Bacteria;p__Bacteroidetes;c__Bacteroidia;o__Bacteroidales;f__Bacteroidaceae;g__Bacteroides;s__Bacteroides_uniformis	k__Bacteria;p__Bacteroidetes;c__Bacteroidia;o__Bacteroidales;f__Rikenellaceae;g__Alistipes;s__Alistipes_putredinis	k__Bacteria;p__Bacteroidetes;c__Bacteroidia;o__Bacteroidales;f__Prevotellaceae;g__Prevotella;s__Prevotella_copri	k__Bacteria;p__Bacteroidetes;c__Bacteroidia;o__Bacteroidales;f__Bacteroidaceae;g__Bacteroides;s__Bacteroides_stercoris	k__Bacteria;p__Bacteroidetes;c__Bacteroidia;o__Bacteroidales;f__Bacteroidaceae;g__Bacteroides;s__Bacteroides_ovatus	k__Bacteria;p__Bacteroidetes;c__Bacteroidia;o__Bacteroidales;f__Rikenellaceae;g__Alistipes;s__Alistipes_shahii	k__Bacteria;p__Firmicutes;c__Clostridia;o__Clostridiales;f__Ruminococcaceae;g__Faecalibacterium;s__Faecalibacterium_prausnitzii	k__Bacteria;p__Bacteroidetes;c__Bacteroidia;o__Bacteroidales;f__Rikenellaceae;g__Alistipes;s__Alistipes_finegoldii	k__Bacteria;p__Bacteroidetes;c__Bacteroidia;o__Bacteroidales;f__Porphyromonadaceae;g__Parabacteroides;s__Parabacteroides_distasonis	k__Bacteria;p__Bacteroidetes;c__Bacteroidia;o__Bacteroidales;f__Bacteroidaceae;g__Bacteroides;s__Bacteroides_thetaiotaomicron	k__Bacteria;p__Bacteroidetes;c__Bacteroidia;o__Bacteroidales;f__Bacteroidaceae;g__Bacteroides;s__Bacteroides_coprocola	k__Bacteria;p__Bacteroidetes;c__Bacteroidia;o__Bacteroidales;f__Bacteroidaceae;g__Bacteroides;s__Bacteroides_cellulosilyticus	k__Bacteria;p__Bacteroidetes;c__Bacteroidia;o__Bacteroidales;f__Rikenellaceae;g__Alistipes;s__Alistipes_obesi	k__Bacteria;p__Firmicutes;c__Clostridia;o__Clostridiales;f__Lachnospiraceae;g__;s__[Eubacterium]_rectale	k__Bacteria;p__Bacteroidetes;c__Bacteroidia;o__Bacteroidales;f__Bacteroidaceae;g__Bacteroides;s__Bacteroides_plebeius	k__Bacteria;p__Bacteroidetes;c__Bacteroidia;o__Bacteroidales;f__Bacteroidaceae;g__Bacteroides;s__Bacteroides_fragilis	k__Bacteria;p__Proteobacteria;c__Betaproteobacteria;o__Burkholderiales;f__Sutterellaceae;g__Sutterella;s__Sutterella_wadsworthensis	k__Bacteria;p__Bacteroidetes;c__Bacteroidia;o__Bacteroidales;f__Porphyromonadaceae;g__Barnesiella;s__Barnesiella_intestinihominis	k__Bacteria;p__Bacteroidetes;c__Bacteroidia;o__Bacteroidales;f__Odoribacteraceae;g__Odoribacter;s__Odoribacter_splanchnicus	k__Bacteria;p__Bacteroidetes;c__Bacteroidia;o__Bacteroidales;f__Bacteroidaceae;g__Bacteroides;s__Bacteroides_salyersiae	k__Bacteria;p__Firmicutes;c__Clostridia;o__Clostridiales;f__Ruminococcaceae;g__Ruminiclostridium;s__[Eubacterium]_siraeum	k__Bacteria;p__Proteobacteria;c__Betaproteobacteria;o__Burkholderiales;f__Sutterellaceae;g__Parasutterella;s__Parasutterella_excrementihominis	k__Bacteria;p__Actinobacteria;c__Actinobacteria;o__Bifidobacteriales;f__Bifidobacteriaceae;g__Bifidobacterium;s__Bifidobacterium_adolescentis	k__Bacteria;p__Firmicutes;c__Clostridia;o__Clostridiales;f__Oscillospiraceae;g__Oscillibacter;s__Oscillibacter_sp._KLE_1745	k__Bacteria;p__Bacteroidetes;c__Bacteroidia;o__Bacteroidales;f__Bacteroidaceae;g__Bacteroides;s__Bacteroides_coprophilus	k__Bacteria;p__Firmicutes;c__Clostridia;o__Clostridiales;f__Lachnospiraceae;g__Roseburia;s__Roseburia_intestinalis	k__Bacteria;p__Firmicutes;c__Clostridia;o__Clostridiales;f__Lachnospiraceae;g__Roseburia;s__Roseburia_hominis	k__Bacteria;p__Bacteroidetes;c__Bacteroidia;o__Bacteroidales;f__Porphyromonadaceae;g__Parabacteroides;s__Parabacteroides_johnsonii	k__Bacteria;p__Actinobacteria;c__Actinobacteria;o__Bifidobacteriales;f__Bifidobacteriaceae;g__Bifidobacterium;s__Bifidobacterium_longum	k__Bacteria;p__Firmicutes;c__Clostridia;o__Clostridiales;f__;g__Flavonifractor;s__Flavonifractor_plautii	k__Bacteria;p__Firmicutes;c__Clostridia;o__Clostridiales;f__Clostridiaceae;g__Clostridium;s__Clostridium_phoceensis	k__Bacteria;p__Verrucomicrobia;c__Verrucomicrobiae;o__Verrucomicrobiales;f__Akkermansiaceae;g__Akkermansia;s__Akkermansia_muciniphila	k__Bacteria;p__Bacteroidetes;c__Bacteroidia;o__Bacteroidales;f__Prevotellaceae;g__Paraprevotella;s__Paraprevotella_xylaniphila	k__Bacteria;p__Firmicutes;c__Clostridia;o__Clostridiales;f__Ruminococcaceae;g__Ruminococcus;s__Ruminococcus_callidus	k__Bacteria;p__Bacteroidetes;c__Bacteroidia;o__Bacteroidales;f__Rikenellaceae;g__Alistipes;s__Alistipes_senegalensis	k__Bacteria;p__Firmicutes;c__Clostridia;o__Clostridiales;f__Lachnospiraceae;g__Blautia;s__Blautia_sp._KLE_1732	k__Bacteria;p__Bacteroidetes;c__Bacteroidia;o__Bacteroidales;f__Bacteroidaceae;g__Bacteroides;s__Bacteroides_oleiciplenus	k__Bacteria;p__Firmicutes;c__Clostridia;o__Clostridiales;f__Ruminococcaceae;g__Ruminococcus;s__Ruminococcus_bicirculans	k__Bacteria;p__Bacteroidetes;c__Bacteroidia;o__Bacteroidales;f__Bacteroidaceae;g__Bacteroides;s__Bacteroides_fluxus	k__Bacteria;p__Bacteroidetes;c__Bacteroidia;o__Bacteroidales;f__Prevotellaceae;g__Prevotella;s__Prevotella_stercorea	k__Bacteria;p__Firmicutes;c__Clostridia;o__Clostridiales;f__Lachnospiraceae;g__Dorea;s__Dorea_longicatena	k__Bacteria;p__Firmicutes;c__Clostridia;o__Clostridiales;f__Eubacteriaceae;g__Eubacterium;s__[Eubacterium]_eligens	k__Bacteria;p__Firmicutes;c__Clostridia;o__Clostridiales;f__Ruminococcaceae;g__;s__Ruminococcaceae_bacterium_D16	k__Bacteria;p__Firmicutes;c__Clostridia;o__Clostridiales;f__Lachnospiraceae;g__Coprococcus;s__Coprococcus_comes	k__Bacteria;p__Proteobacteria;c__Gammaproteobacteria;o__Enterobacterales;f__Enterobacteriaceae;g__Escherichia;s__Escherichia_coli	k__Bacteria;p__Firmicutes;c__Clostridia;o__Clostridiales;f__Ruminococcaceae;g__Anaerotruncus;s__Anaerotruncus_colihominis	k__Bacteria;p__Firmicutes;c__Clostridia;o__Clostridiales;f__Lachnospiraceae;g__Blautia;s__Blautia_obeum	k__Bacteria;p__Bacteroidetes;c__Bacteroidia;o__Bacteroidales;f__Odoribacteraceae;g__Odoribacter;s__Odoribacter_laneus	k__Bacteria;p__Firmicutes;c__Clostridia;o__Clostridiales;f__Ruminococcaceae;g__Ruminiclostridium;s__[Clostridium]_leptum	k__Bacteria;p__Bacteroidetes;c__Bacteroidia;o__Bacteroidales;f__Porphyromonadaceae;g__Parabacteroides;s__Parabacteroides_goldsteinii	k__Bacteria;p__Firmicutes;c__Clostridia;o__Clostridiales;f__Lachnospiraceae;g__Anaerostipes;s__Anaerostipes_hadrus	k__Bacteria;p__Firmicutes;c__Clostridia;o__Clostridiales;f__Ruminococcaceae;g__Ruminococcus;s__Ruminococcus_lactaris	k__Bacteria;p__Firmicutes;c__Clostridia;o__Clostridiales;f__Clostridiaceae;g__Clostridium;s__Clostridium_sp._L2-50	k__Bacteria;p__Firmicutes;c__Clostridia;o__Clostridiales;f__Clostridiaceae;g__Clostridium;s__Clostridium_sp._M62/1	k__Bacteria;p__Firmicutes;c__Clostridia;o__Clostridiales;f__;g__Intestinimonas;s__Intestinimonas_butyriciproducens	k__Bacteria;p__Actinobacteria;c__Actinobacteria;o__Bifidobacteriales;f__Bifidobacteriaceae;g__Bifidobacterium;s__Bifidobacterium_bifidum	k__Bacteria;p__Firmicutes;c__Negativicutes;o__Veillonellales;f__Veillonellaceae;g__Dialister;s__Dialister_invisus	k__Bacteria;p__Bacteroidetes;c__Bacteroidia;o__Bacteroidales;f__Bacteroidaceae;g__Bacteroides;s__Bacteroides_salanitronis
k__Bacteria;p__Bacteroidetes;c__Bacteroidia;o__Bacteroidales;f__Bacteroidaceae;g__Bacteroides;s__Bacteroides_vulgatus	1.0	0.0598212207261	-0.00792106944803	-0.0253115985146	-0.0267315087255	0.0190643495171	0.030005977293	0.0167282651935	-0.0517220651269	0.0220354265212	-0.000518769548446	-0.0240414589068	-0.0285825029978	0.0109087769144	0.0428767871037	0.0107029373852	-0.0424260944067	0.00630189829383	-0.047031876987	0.00284264279863	0.0140139756744	-0.0148216843478	-0.00675945369315	-0.0419658799727	-0.0130807284007	0.0293061076387	0.0474818301088	-0.0506063623774	0.0146537682091	-0.0329039858935	-0.0625941623638	-0.0442111473211	0.0298430090111	-0.0165356455169	0.0211057027292	-0.0737428801398	-0.00200980970888	-0.00382719358063	-0.0237239839043	-0.0392310001643	0.0570744835908	-0.0598986732572	-0.0445155919609	-0.0650973121228	-0.0265402621634	0.0236219746286	-0.0814220877879	0.0849034653881	-0.00477787026549	-0.017697459702	0.0203766210327	-0.0655278909532	0.01937946504	0.00287026498274	-0.0364388494814	-0.00554035522519	-0.0290499959496	-0.00743493799379	-0.031075498848
k__Bacteria;p__Bacteroidetes;c__Bacteroidia;o__Bacteroidales;f__Bacteroidaceae;g__Bacteroides;s__Bacteroides_uniformis	0.0598212207261	1.0	-0.0216728036506	0.0359238853586	-0.0834625058408	0.031882902763	-0.0486851718474	-0.00909243499058	0.00260255959868	-0.000578604781328	-0.00502626670363	0.0041205107549	0.028415609313	0.0207823599791	-0.00353266825577	0.00602203412342	0.0101659326668	-0.00188091240697	-0.0113498228123	-0.030270592761	-0.0480358925166	-0.0058823119387	-0.0341448436205	0.00802027847842	-0.0391533681667	-0.0177315054909	-0.0115079513526	0.0838150236883	0.0416786191807	-0.0613453253685	0.0254031113428	-0.00976562599716	-0.052128539184	0.021885068074	0.00262860109087	0.0653023573755	-0.0378409899301	-0.0107033067555	-0.0171331863689	-0.0327819618407	-0.0582542233607	0.035634415892	-0.0211040135486	-0.0438802918572	0.0381518975721	-0.0212117534803	-0.0823937207145	-0.0306579854151	-0.00236317333227	0.000359244666465	-0.00599712453248	0.0416068380588	-0.011900004893	0.0168137833458	-0.0248680583519	-0.0286086416059	-0.0379973758014	-0.0419811094593	-0.100270539728
k__Bacteria;p__Bacteroidetes;c__Bacteroidia;o__Bacteroidales;f__Rikenellaceae;g__Alistipes;s__Alistipes_putredinis	-0.00792106944803	-0.0216728036506	1.0	0.00981270877204	-0.0234718868827	-0.0321304692568	0.00306658999864	-0.0367024674048	0.01447832236	0.0278357343485	-0.0267454336058	-0.00806097688743	-0.0183590527619	0.0024023005298	-0.012862202335	0.00057914866767	-0.0709914801951	-0.0430407570967	0.0251101506644	-0.0543278081343	0.0123700496466	-0.050867681463	-0.00641279501685	0.00492566121313	0.00357818558102	0.0438658321762	-0.0592024583123	0.0455865172377	-0.00269113624872	0.000894771284551	0.0306928469716	0.0183948653431	0.0302817566323	-0.00758984943927	0.0288987362689	0.00254248694275	-0.0179662414559	-0.0778455520785	-0.0655946515908	0.0191247638311	0.0393999634384	-0.0249520716111	0.00491808350459	0.00998290411395	-0.0630680053321	-0.0687284592127	-0.0165645351134	-0.0132287242707	0.00254081672041	0.0154488607018	-0.0694528683996	-0.0214913648455	0.0191131480387	-0.0342455917522	-0.0245568400696	0.0189681565318	-0.0330872572824	0.012779408316	-0.0179142913305
k__Bacteria;p__Bacteroidetes;c__Bacteroidia;o__Bacteroidales;f__Prevotellaceae;g__Prevotella;s__Prevotella_copri	-0.0253115985146	0.0359238853586	0.00981270877204	1.0	-0.0151014325736	-0.0354018603887	-0.0812375257505	0.0252873630808	-0.0323367210432	0.00706377625499	-0.0240591299333	0.0557099245371	-0.0158558077492	0.03332134418	0.0176449714947	-0.0174569108386	-0.00360560765208	-0.0107100474305	-0.0661578221826	0.000154473516353	0.0153899032591	0.00532924578602	0.0248045415776	-0.0130779592812	-0.0476547881312	0.0142387624114	0.00172855757449	-0.0677528185755	-0.0311648364447	-0.0428429434496	-0.0113992539444	0.0312531859953	0.00426779228421	0.0169968783225	-0.0492623622171	-0.0403499754509	-0.0627013873622	-0.0366172351472	-0.0045010448933	0.041248015553	-0.045687712936	0.0336593629995	0.00381560922171	-0.0252603214378	-0.0110592181038	-0.0274368589526	-0.0405832521187	-0.00634827790242	5.42864553726e-05	0.0111510119481	0.0252292956773	0.0029982438594	0.0026354433519	0.0160443895359	-0.0489501686794	0.0513518125754	0.0480964836729	-0.00652388708536	0.0367799502247
k__Bacteria;p__Bacteroidetes;c__Bacteroidia;o__Bacteroidales;f__Bacteroidaceae;g__Bacteroides;s__Bacteroides_stercoris	-0.0267315087255	-0.0834625058408	-0.0234718868827	-0.0151014325736	1.0	-0.0248500954785	-0.0557753342473	0.0490071984717	-0.0454313790482	0.0298239757975	-0.0231989263119	0.0235237497682	0.027163070378	-0.0341619271813	-0.00428990584105	-0.064651985614	0.0230093440739	0.0357709108111	0.0142490537486	-0.0380636960822	0.0205708988084	-0.00898405943956	-0.0729628478438	-0.0110607240214	-0.0359426954084	-0.0289798998994	-0.00157342125155	-0.0196605246343	-0.0425935494315	-0.015725205877	0.0691532307951	0.00691278286311	0.00718627034857	-0.00254700420925	0.0382335698681	-0.0292161963168	-0.00413037402473	0.00312431668046	0.0277184286936	0.015007985113	0.0605614681141	-0.0177356151693	0.00906562699391	-0.0510856480013	0.00291886244485	-0.00771665264817	0.0227909024302	-0.0537873233282	0.00167563851698	0.0219411629344	-0.0556508101239	-0.0612562538506	0.0201586820371	0.0281393580286	0.0179891378123	-0.0808224781813	-0.0132496905365	-7.9416031733e-05	-0.0498373841942
k__Bacteria;p__Bacteroidetes;c__Bacteroidia;o__Bacteroidales;f__Bacteroidaceae;g__Bacteroides;s__Bacteroides_ovatus	0.0190643495171	0.031882902763	-0.0321304692568	-0.0354018603887	-0.0248500954785	1.0	0.0208525036029	-0.0215713801968	0.0436985110653	-0.00208390794292	-0.00337278706366	-0.00439322762122	-0.00672325986805	-0.0208261124418	0.0554075372323	-0.0220081859673	-0.0456602145742	-0.00676323825714	-0.0246018612227	-0.0783878761657	-0.00833177817215	-0.00230708290318	-0.046651490039	-0.0255170054085	0.0171901526209	-0.00828655364538	-0.0403226595024	0.0132695390775	0.0435760328728	0.00548922697794	-0.027158321496	-0.0260359432374	0.0403005472231	-0.0118156084258	0.0266695435009	-0.069721779305	0.0180750125777	-0.0159277456109	0.0190332129676	-0.054905002774	-0.0468901167541	-0.0564970949889	-0.0556597535454	0.0176054334987	-0.010039039937	-0.00559005660179	0.0654358647143	0.00767962746617	-0.0141057034952	-0.0452772376922	0.0221305247203	0.0536024715096	-0.0266542667621	-0.000759518246779	-0.026945450979	0.000458974330636	-0.0363535429547	-0.0232449033105	0.00287771950043
k__Bacteria;p__Bacteroidetes;c__Bacteroidia;o__Bacteroidales;f__Rikenellaceae;g__Alistipes;s__Alistipes_shahii	0.030005977293	-0.0486851718474	0.00306658999864	-0.0812375257505	-0.0557753342473	0.0208525036029	1.0	-0.0764628347808	-0.0216864999232	0.0330711697195	-0.00608885500003	-0.0191164080164	0.0156143457859	0.0442330595441	0.0139362461578	0.0210491453685	-0.00298708296372	-0.0129966655033	0.0205589113404	-0.0132052191238	-0.04163113444	-0.079993296263	0.0597827572497	0.0411605812919	-0.0204022978148	-0.000333803184803	0.00259320144623	0.0342713392042	0.0652306438661	-0.00656693236698	0.015512287371	-0.00512562112589	0.00142866066033	0.0589973880709	-0.00291635155428	-0.0286157751691	-0.0215401390954	-0.0966471107452	-0.0708722845115	0.00204647497987	0.00239047955231	-0.0176632718549	-0.0413225591093	0.0192300894878	-0.0268047653553	-0.0208354166762	0.0282552513466	0.0272419107324	-0.00341216729179	-0.0501549215839	-0.0199270242521	0.0400399408009	0.0368952120378	-0.0189881784344	0.0292256477516	0.0411208460226	0.0129094852678	-0.0156506175813	0.0484134932034
k__Bacteria;p__Firmicutes;c__Clostridia;o__Clostridiales;f__Ruminococcaceae;g__Faecalibacterium;s__Faecalibacterium_prausnitzii	0.0167282651935	-0.00909243499058	-0.0367024674048	0.0252873630808	0.0490071984717	-0.0215713801968	-0.0764628347808	1.0	-0.0113264634437	0.0172304773278	0.000703126076711	-0.0376243743113	0.00667803330449	0.00288480037553	-0.043065831157	-0.0171294581395	0.00955338826019	0.0215987321698	-0.0146230197871	-0.0495358760116	0.0190953864451	-0.0376530707438	0.063516275122	0.0125359983862	0.0157519604699	0.0395823127668	-0.0454216000412	-0.0113493448128	0.035263963747	-0.0224225290128	-0.00887630866112	0.00401846475485	-0.03692097515	-0.0333598116867	0.0121089358751	-0.0258416669654	-0.0104466431506	0.0143042189269	0.00887607976967	-0.0245968841198	-0.0139748604094	-0.0690704610922	-0.0247953583877	-0.00131706619169	-0.0441557724226	0.035073528071	-0.00453267264035	-0.0333225034385	0.02100166151	0.000881524831899	-0.0262564287926	-0.0646532260495	-0.00472921939124	0.00148303784875	0.0390841914633	-0.0378620827138	-0.030671932404	0.052049869697	0.0228080560428
k__Bacteria;p__Bacteroidetes;c__Bacteroidia;o__Bacteroidales;f__Rikenellaceae;g__Alistipes;s__Alistipes_finegoldii	-0.0517220651269	0.00260255959868	0.01447832236	-0.0323367210432	-0.0454313790482	0.0436985110653	-0.0216864999232	-0.0113264634437	1.0	0.0106701469919	0.00921280990354	0.00936893504011	-0.0316276577901	0.0164277109995	-0.00998436172569	-0.0189889898037	0.0111582975398	-0.0505447025001	0.017437072062	-0.00953668987977	-0.0755185432698	0.0223367938301	0.030378176745	-0.00882414749659	-0.0100628558837	-0.00202066463577	0.0108836277671	-0.0411358398624	-0.0239171860864	-0.021197525776	0.00823450631109	-0.0141746919669	-0.00224543391845	0.0380157527811	-0.01811341012	-0.0810153796932	0.0712780569361	0.0268729276627	0.0264986612302	0.0188303000297	-0.0101953461644	0.00141774809039	-0.059607580103	-0.0440422099098	0.0491203538567	0.0236700578336	-0.0189451479035	0.0286141899626	-0.0234219699695	0.0400769040376	0.028463963993	0.0296029778901	-0.048761972178	-0.0154817211548	-0.0174610798333	-0.0150407533041	-0.0108103499713	0.0596562625929	-0.0179909437282
k__Bacteria;p__Bacteroidetes;c__Bacteroidia;o__Bacteroidales;f__Porphyromonadaceae;g__Parabacteroides;s__Parabacteroides_distasonis	0.0220354265212	-0.000578604781328	0.0278357343485	0.00706377625499	0.0298239757975	-0.00208390794292	0.0330711697195	0.0172304773278	0.0106701469919	1.0	-0.058769967212	-0.0311126797363	0.0469178061461	0.0420359635935	-0.0552610258993	0.0704240998626	0.036800140066	0.0485009641606	0.0575942718049	-0.0574147389281	-0.0101664061249	0.028262084231	-0.0663510119057	-0.0302302297509	-0.0165442024259	-0.0822165215414	-0.0553793717385	-0.00960896399658	0.00378272470534	-0.0230383133555	-0.0279728605257	-0.063894068964	-0.0422904053654	-0.0274797538312	0.0251151039874	-0.0379134426499	-0.0188821731248	-0.00529691958514	-0.0111346951513	0.0378493981823	0.0659534829874	0.0132592284176	-0.0164341168253	0.015877084995	-0.0930122160049	0.0145327057277	0.0270202005848	-0.0421118871383	-0.0186813441461	-0.0114257924917	0.0201122129335	0.00659176413102	0.0125224331907	-0.0296477803033	-0.0149274255971	-0.0345921035201	-0.0172580274615	0.00263108479225	-0.0135444865401
k__Bacteria;p__Bacteroidetes;c__Bacteroidia;o__Bacteroidales;f__Bacteroidaceae;g__Bacteroides;s__Bacteroides_thetaiotaomicron	-0.000518769548446	-0.00502626670363	-0.0267454336058	-0.0240591299333	-0.0231989263119	-0.00337278706366	-0.00608885500003	0.000703126076711	0.00921280990354	-0.058769967212	1.0	0.0296575457849	0.0929678831791	-0.0186084726224	-0.00374556869421	-0.00218815909389	0.0335505833085	-0.0106349851728	0.0335956799647	-0.00187717468567	-0.0156472097832	0.00511200357504	0.0213465993941	0.0268973263586	0.0288395299131	-0.0214280101221	-0.0587846070821	-0.0216225301398	-0.0161740310212	0.0561773399214	-0.0573716171445	-0.00311197872662	-0.00828960427542	0.000160516888429	0.0420617231617	-0.0104767822598	-0.0251314355448	0.0135393015224	0.0312217345223	-0.0600100571379	-0.0456548353772	0.0183758159925	0.0215750282072	-0.0415093019533	-0.0460028307295	0.00597294680592	0.00336053017936	0.0296204073309	0.0253889708239	-0.0416459909107	-0.0480388001393	-0.0066291861871	0.0250761520096	-0.0317610781219	0.0226346263253	0.00489035150207	0.0131215209211	-0.0233587908674	-0.00756656211108
k__Bacteria;p__Bacteroidetes;c__Bacteroidia;o__Bacteroidales;f__Bacteroidaceae;g__Bacteroides;s__Bacteroides_coprocola	-0.0240414589068	0.0041205107549	-0.00806097688743	0.0557099245371	0.0235237497682	-0.00439322762122	-0.0191164080164	-0.0376243743113	0.00936893504011	-0.0311126797363	0.0296575457849	1.0	-0.0352331961002	-0.0244328754296	0.000914323862241	0.00496163351974	0.0549929536907	-0.00212327543028	0.0178886446659	0.0140360223352	-0.0564748377358	-0.0451794494745	-0.0293557231362	-0.0412238089547	-0.0431011459796	-0.0126680136669	0.00227963753742	-0.0200034291205	-0.0349583736252	-0.00349505092072	0.0198253021099	0.037292259809	-0.0257193702872	0.00369833580316	-0.00863178058092	0.0313764537033	0.0354544261479	0.0181146774859	0.0336643567025	0.0255698444772	0.0116891473134	0.0585235934865	-0.0340682123525	0.031811971905	-0.0173326854934	-0.0109260813337	0.00770776477198	0.0134875277144	0.0273689168351	-0.0218391961156	-0.0211882968167	-0.0496402404079	0.00687876286627	-0.00519837319629	-0.00807774385077	-0.0114053930728	0.00896575662873	-0.0159656765399	-0.0537422180193
k__Bacteria;p__Bacteroidetes;c__Bacteroidia;o__Bacteroidales;f__Bacteroidaceae;g__Bacteroides;s__Bacteroides_cellulosilyticus	-0.0285825029978	0.028415609313	-0.0183590527619	-0.0158558077492	0.027163070378	-0.00672325986805	0.0156143457859	0.00667803330449	-0.0316276577901	0.0469178061461	0.0929678831791	-0.0352331961002	1.0	0.0144581596826	0.00605054682396	0.0162203444322	0.00551714205544	-0.043217514963	0.00705909322655	-0.00777705552588	-0.0262157048487	0.0122791529912	0.0507196947703	-0.0565525036358	0.0430388663799	-0.0331205325056	-0.00686661600197	-0.00327625176171	0.0452763346618	-0.0274812885395	-0.00616089458329	-0.088336225189	-0.0584438143554	0.00827214776064	0.035799450751	-0.0381356122256	0.0386868852983	-0.0301138163701	-0.0456506203972	-0.0352168184857	0.0332172637082	-0.0504708170512	-0.0548537505468	-0.0257415934911	0.0251834802818	0.0192167416135	0.000679939364067	0.0609771762736	0.00848772497485	0.0274343855324	-0.0288395170837	0.0282321304832	-0.0396679010059	0.037612692508	-0.0443700305745	0.0060228817787	-0.00141628607051	0.00990513260844	-0.0496632141694
k__Bacteria;p__Bacteroidetes;c__Bacteroidia;o__Bacteroidales;f__Rikenellaceae;g__Alistipes;s__Alistipes_obesi	0.0109087769144	0.0207823599791	0.0024023005298	0.03332134418	-0.0341619271813	-0.0208261124418	0.0442330595441	0.00288480037553	0.0164277109995	0.0420359635935	-0.0186084726224	-0.0244328754296	0.0144581596826	1.0	0.0196606253836	-0.00851224507113	0.0135844538029	0.00350479971543	-0.0340693602362	-0.0358471659018	-0.0277646798081	-0.0397018604553	-0.0376938769673	-0.0349357527197	-0.0714351066201	-0.0419722911995	0.0232154991549	-0.00919362229056	0.0614111361864	-0.0170252158551	0.0254527589084	-0.00892724146934	-0.053522154476	0.00316568075098	-0.015087071506	-0.127975244134	-0.0342508412393	-0.0322969135192	-0.0442085262358	-0.0302688040261	-0.0331652330447	-0.0133652679315	-0.0324158236908	-0.0324238025949	0.0163227163449	-0.0238122161783	-0.0172206538645	-0.00493568367261	-0.0432479067756	0.0288930324833	-0.0254738459149	0.00171339844929	-0.00900732826303	0.0111184761482	0.0176460674223	-0.0117841255254	-0.032323261337	0.00946320656587	-0.00712371540212
k__Bacteria;p__Firmicutes;c__Clostridia;o__Clostridiales;f__Lachnospiraceae;g__;s__[Eubacterium]_rectale	0.0428767871037	-0.00353266825577	-0.012862202335	0.0176449714947	-0.00428990584105	0.0554075372323	0.0139362461578	-0.043065831157	-0.00998436172569	-0.0552610258993	-0.00374556869421	0.000914323862241	0.00605054682396	0.0196606253836	1.0	-0.00566732695097	-0.0463748695815	-0.0168379890217	0.0097200846754	0.0219645956401	0.00509502559909	0.0390685907929	-0.0832178560346	-0.0171123552168	-0.102634465289	0.0135431712759	0.0202300939632	0.0288638926524	0.0258131796997	-0.00189072879415	-0.0222471774308	-0.0101589634357	0.0177295607313	0.0494938044848	-0.069402373326	-0.00672757371231	-0.0327334529563	-0.00871837069176	-0.0208178485327	0.0688413860834	0.0426344910165	0.0402268119221	-0.0318144782279	-0.0174606803484	-0.0684411675365	0.0255161199612	0.00618847196505	-0.0277169285316	0.0159306938326	-0.0410073348228	0.000534505709699	0.0129889340917	-0.0300608831661	0.0158706270459	-0.0236653102056	-0.00494101314727	-0.0220682901039	-0.00148221129939	-0.0110855327284
k__Bacteria;p__Bacteroidetes;c__Bacteroidia;o__Bacteroidales;f__Bacteroidaceae;g__Bacteroides;s__Bacteroides_plebeius	0.0107029373852	0.00602203412342	0.00057914866767	-0.0174569108386	-0.064651985614	-0.0220081859673	0.0210491453685	-0.0171294581395	-0.0189889898037	0.0704240998626	-0.00218815909389	0.00496163351974	0.0162203444322	-0.00851224507113	-0.00566732695097	1.0	-0.0108588114641	-0.00983466501422	0.0316580137187	0.0371923035991	-0.00876229888853	-0.0420367468972	-0.0514962868656	-0.0253126726656	-0.0136359969673	0.000240995419467	-0.00102157226229	-0.0816953291733	0.0629678837932	-0.00555037033659	0.0174282461739	-0.00651477712612	0.00144324526465	-0.0260002177096	0.0275425760446	0.00466078885341	-0.0707955427752	-0.0390141484885	-0.00677805420734	-0.0437295466168	-0.0187301321387	-0.0321667178783	-0.0131195416992	-0.00534813110221	0.0406595776748	0.00689389627309	0.00509289476727	-0.00343967667495	-0.00761744899149	-0.00698975242288	0.00420671041884	-0.0141806031287	-0.00192143540202	0.0166004083924	0.0134354889632	-0.0191710844308	0.0190455615522	0.00274394378817	0.0324555706242
k__Bacteria;p__Bacteroidetes;c__Bacteroidia;o__Bacteroidales;f__Bacteroidaceae;g__Bacteroides;s__Bacteroides_fragilis	-0.0424260944067	0.0101659326668	-0.0709914801951	-0.00360560765208	0.0230093440739	-0.0456602145742	-0.00298708296372	0.00955338826019	0.0111582975398	0.036800140066	0.0335505833085	0.0549929536907	0.00551714205544	0.0135844538029	-0.0463748695815	-0.0108588114641	1.0	-0.0693031514959	0.00181520223104	-0.00634794491632	-0.00237372901848	-0.00221752653614	0.0369803373835	0.0217955976764	0.00273559279216	-0.0119434658375	0.0405477935336	0.0645805796964	-0.00648795294289	-0.0167918755758	0.00678071951375	-0.035529964358	0.0249194976134	0.0242845318758	0.01885782667	0.0147736570159	-0.0158419581328	-0.0410565009553	0.0186137591985	0.011613364332	0.0133989336603	0.0196692480947	0.0450511307588	0.0043352636031	-0.0291777073959	-0.0383127724193	-0.00301060628495	0.030061556294	-0.00946189720624	-0.00475102433315	-0.0255825806125	-0.00797484124901	-0.0475332269527	-0.0179147184014	0.0276484597117	0.0273257246375	-0.01309335151	-0.0137970030323	-0.0414327344768
k__Bacteria;p__Proteobacteria;c__Betaproteobacteria;o__Burkholderiales;f__Sutterellaceae;g__Sutterella;s__Sutterella_wadsworthensis	0.00630189829383	-0.00188091240697	-0.0430407570967	-0.0107100474305	0.0357709108111	-0.00676323825714	-0.0129966655033	0.0215987321698	-0.0505447025001	0.0485009641606	-0.0106349851728	-0.00212327543028	-0.043217514963	0.00350479971543	-0.0168379890217	-0.00983466501422	-0.0693031514959	1.0	0.029625941893	0.0311920976676	0.0281174968013	0.0173329557779	-0.00845915566913	-0.0197618649589	-0.0496092591859	0.00645085957022	-0.00359896563664	-0.0870169509644	-0.00727429738816	0.0324875051273	0.00570167609155	0.0173873628798	-0.0534454075975	0.0108443812089	0.0203392756019	0.032383438293	0.00512468624856	0.0333812423079	-0.027291185318	-0.0124740096788	-0.00749478364214	-0.0100435500457	-0.0381208924372	0.0322273666235	0.0619919547003	0.00102596860357	0.0367236872942	-0.0117341463363	0.00220836874179	0.00334769339977	0.0121164217051	-0.0492603377	-0.0795980191039	-0.00938695428764	-0.0489289560246	-0.0542642510518	0.000778913657852	-0.0512473297406	0.0208387097933
k__Bacteria;p__Bacteroidetes;c__Bacteroidia;o__Bacteroidales;f__Porphyromonadaceae;g__Barnesiella;s__Barnesiella_intestinihominis	-0.047031876987	-0.0113498228123	0.0251101506644	-0.0661578221826	0.0142490537486	-0.0246018612227	0.0205589113404	-0.0146230197871	0.017437072062	0.0575942718049	0.0335956799647	0.0178886446659	0.00705909322655	-0.0340693602362	0.0097200846754	0.0316580137187	0.00181520223104	0.029625941893	1.0	0.0350959269201	0.00347833358282	0.00557916474726	-0.0318157643389	-0.0409191638642	-0.0250295971692	-0.0494211662569	-0.0158037491775	0.0130684214909	0.0194436726388	0.0475093467621	0.0229440605018	-0.0413199882978	-0.0220421857034	-0.0208706239848	-0.0331729630213	0.0400348218137	0.0102399299477	-0.0583672435273	0.000161418389627	-0.0213605234091	-0.0164203609065	-0.0524432679424	0.000718295722261	0.0296678016141	-0.0487395774752	-0.0552263167244	-0.0119608014714	-0.0226191138351	-0.0665588378807	-0.0426996201974	0.0211360909148	0.00871905196304	-0.00241535083178	-0.0393775249324	0.0101073388403	-0.0505394298444	0.0120282784769	0.0238938448971	0.0456286585859
k__Bacteria;p__Bacteroidetes;c__Bacteroidia;o__Bacteroidales;f__Odoribacteraceae;g__Odoribacter;s__Odoribacter_splanchnicus	0.00284264279863	-0.030270592761	-0.0543278081343	0.000154473516354	-0.0380636960822	-0.0783878761657	-0.0132052191238	-0.0495358760116	-0.00953668987977	-0.0574147389281	-0.00187717468567	0.0140360223352	-0.00777705552588	-0.0358471659018	0.0219645956401	0.0371923035991	-0.00634794491632	0.0311920976676	0.0350959269201	1.0	-0.0853383290136	-0.010708984907	-0.0116033033952	0.0175322905397	0.0329028426138	0.0197789287239	-0.0145007866457	0.00192576985327	-0.0740980996367	0.0149337520441	-0.00110134856135	-0.0360890748183	-0.0101627715133	0.0275518441367	-0.0382148540941	0.000810651775026	-0.0266799286285	0.0640636812008	-0.0541617211112	-0.0387557024761	0.019224425186	0.0181264212921	-0.0225691949021	-0.101576460516	-0.00123149373052	-0.00357740143896	-0.0303829240369	0.0530775647987	-0.0105504567636	-0.0458187417003	-0.00033068105707	0.0430886202673	0.00597955614753	0.0225816757024	0.0209016878728	0.0462200938593	0.0453011181422	0.0341327259848	-0.00959161366876
k__Bacteria;p__Bacteroidetes;c__Bacteroidia;o__Bacteroidales;f__Bacteroidaceae;g__Bacteroides;s__Bacteroides_salyersiae	0.0140139756744	-0.0480358925166	0.0123700496466	0.0153899032591	0.0205708988084	-0.00833177817216	-0.04163113444	0.0190953864451	-0.0755185432698	-0.0101664061249	-0.0156472097832	-0.0564748377358	-0.0262157048487	-0.0277646798081	0.00509502559909	-0.00876229888853	-0.00237372901848	0.0281174968013	0.00347833358282	-0.0853383290136	1.0	-0.0269744451222	-0.0364442751025	-0.0162767654892	0.0452826164696	-0.0443900689586	0.000331030938584	-0.0318367236744	-0.0242899124222	0.00968906101089	-0.00254439363883	-0.0100437172539	0.0442127009609	-0.0325953103753	0.0206781001848	-0.00780880440343	0.0244111828575	-0.0227697519316	-0.0264683737016	-0.0167622394975	-0.0774080820555	-0.011741010516	-0.0508494810332	-0.0194220327189	-0.0362313730832	-0.00811212738923	-0.0401414024178	-0.0246891509469	-0.00486289984073	-0.00963151417683	0.0406545034109	-0.0143830724266	0.00874011442171	0.0250295258948	0.0451418933058	-0.0406274343199	-7.08905543701e-05	0.0607068031976	0.0206102741585
k__Bacteria;p__Firmicutes;c__Clostridia;o__Clostridiales;f__Ruminococcaceae;g__Ruminiclostridium;s__[Eubacterium]_siraeum	-0.0148216843478	-0.0058823119387	-0.050867681463	0.00532924578602	-0.00898405943956	-0.00230708290318	-0.079993296263	-0.0376530707438	0.0223367938301	0.028262084231	0.00511200357504	-0.0451794494745	0.0122791529912	-0.0397018604553	0.0390685907929	-0.0420367468972	-0.00221752653614	0.0173329557779	0.00557916474726	-0.010708984907	-0.0269744451222	1.0	-0.030654135734	0.0256994827619	0.0205230213032	-0.0416445102213	-0.0300933453578	-0.0568134329667	-0.000262883806442	-0.0208841268163	0.01778741683	-0.011250501933	-0.0179100987252	0.0290877259348	0.00465001687591	0.0278119465687	-0.00292717449253	-0.00238223118211	-0.00797728630694	0.00504530396354	-0.00469637866196	-0.00819367778718	0.0496691215556	0.0312664487926	0.0953574472707	0.0312515820435	-0.0456688150193	0.0439033662722	-0.0070006506139	-0.0206933233423	0.00214790623859	0.0796836191197	0.0334283581158	-0.0345613744981	-0.0462176650036	-0.00178631946306	0.0610498665756	0.0219233141063	-0.0599592767546
k__Bacteria;p__Proteobacteria;c__Betaproteobacteria;o__Burkholderiales;f__Sutterellaceae;g__Parasutterella;s__Parasutterella_excrementihominis	-0.00675945369315	-0.0341448436205	-0.00641279501685	0.0248045415776	-0.0729628478438	-0.046651490039	0.0597827572497	0.063516275122	0.030378176745	-0.0663510119057	0.0213465993941	-0.0293557231362	0.0507196947703	-0.0376938769673	-0.0832178560346	-0.0514962868656	0.0369803373835	-0.00845915566913	-0.0318157643389	-0.0116033033952	-0.0364442751025	-0.030654135734	1.0	0.0572812551391	-0.0482517714413	-0.0308269330047	0.014483975662	0.00485060061953	-0.0156700965787	0.00603873505968	-0.0180396686537	-0.0486838453085	0.0104290259572	0.0127666774213	-0.0163163682241	0.0360764823507	0.0168855769273	-0.0245981630892	0.00392283513139	-0.049265577288	0.0514718758131	-0.0447170739262	0.00844920874147	0.058631399215	-0.0080712978084	-0.0342341414513	-0.0049285228933	-0.0588875038832	-0.00708182510406	-0.000929600523754	0.0817967087012	0.0232732408363	-0.0591483895397	-0.00657362115562	0.0322888818155	-0.00903748124223	-0.00614039504648	0.0402969796283	-0.013448938682
k__Bacteria;p__Actinobacteria;c__Actinobacteria;o__Bifidobacteriales;f__Bifidobacteriaceae;g__Bifidobacterium;s__Bifidobacterium_adolescentis	-0.0419658799727	0.00802027847842	0.00492566121313	-0.0130779592812	-0.0110607240214	-0.0255170054085	0.0411605812919	0.0125359983862	-0.00882414749659	-0.0302302297509	0.0268973263586	-0.0412238089547	-0.0565525036358	-0.0349357527197	-0.0171123552168	-0.0253126726656	0.0217955976764	-0.0197618649589	-0.0409191638642	0.0175322905397	-0.0162767654892	0.0256994827619	0.0572812551391	1.0	-0.0388841676291	-0.0806374592612	0.00330938559659	0.0231852294827	-0.0355344823091	-0.0297990035764	0.0301866028657	0.0296808266222	-0.0396538121435	-0.030661059253	-0.012970191761	0.00137427656363	-0.00969469044157	0.066106448113	-0.026915641116	0.00547552701324	0.00922684272103	-0.00539180242685	0.0266456691852	0.0330287782843	-0.03508691235	-0.029899842309	0.0135807074838	-0.0561212857417	-0.00323480928004	0.0131205871501	-0.0137730055904	0.00954937734941	-0.0416823081603	-0.058134526601	0.00984128121597	-0.0145439746326	0.00437842706649	-0.00925607747813	0.00966994549436
k__Bacteria;p__Firmicutes;c__Clostridia;o__Clostridiales;f__Oscillospiraceae;g__Oscillibacter;s__Oscillibacter_sp._KLE_1745	-0.0130807284007	-0.0391533681667	0.00357818558102	-0.0476547881312	-0.0359426954084	0.0171901526209	-0.0204022978148	0.0157519604699	-0.0100628558837	-0.0165442024259	0.0288395299131	-0.0431011459796	0.0430388663799	-0.0714351066201	-0.102634465289	-0.0136359969673	0.00273559279216	-0.0496092591859	-0.0250295971692	0.0329028426138	0.0452826164696	0.0205230213032	-0.0482517714413	-0.0388841676291	1.0	-0.0162461556822	0.00136980686801	-0.00633030293928	0.00317367651576	0.00104717969554	-0.00213898649909	0.00922952432224	-0.0465047434747	-0.071701892912	0.046906891726	-0.00278071732723	0.0390275001037	0.0501989545116	0.0130756398663	-0.0179366896392	0.0144778409637	0.0130933671303	-0.0622520807612	-0.0219102298441	-0.0194620050879	0.0213929236457	0.0211009330858	0.0234390133626	-0.0290914203713	-0.0175632450819	-0.0196025631903	0.0141804373558	0.0198331805063	0.0229833438063	0.0019499091863	-0.0212652963629	0.0532194342653	-0.0414377740166	-0.00637436596328
k__Bacteria;p__Bacteroidetes;c__Bacteroidia;o__Bacteroidales;f__Bacteroidaceae;g__Bacteroides;s__Bacteroides_coprophilus	0.0293061076387	-0.0177315054909	0.0438658321762	0.0142387624114	-0.0289798998994	-0.00828655364538	-0.000333803184803	0.0395823127668	-0.00202066463577	-0.0822165215414	-0.0214280101221	-0.0126680136669	-0.0331205325056	-0.0419722911995	0.0135431712759	0.000240995419467	-0.0119434658375	0.00645085957022	-0.0494211662569	0.0197789287239	-0.0443900689586	-0.0416445102213	-0.0308269330047	-0.0806374592612	-0.0162461556822	1.0	0.0721792839828	0.0062931951955	-0.0443541668693	-0.0160017927864	0.017740250469	-0.0261004234208	-0.0215933370287	-0.0287882760983	0.0675303981384	-0.0205353320887	0.0129913979461	0.0132759699606	-0.0110019748187	-0.0225221622287	0.0597659023116	0.0435539286811	0.0128995903714	-0.0299161550879	-0.0152209253369	-0.0510436837484	0.00233118043724	-0.0152888504215	0.0407822454935	-0.0168006778714	-0.0122187966665	-0.0127222740373	-0.0154050285471	0.0293154432124	-0.0110193547927	0.00852956495748	-0.0460177524724	-0.0225011529647	-0.0250773451788
k__Bacteria;p__Firmicutes;c__Clostridia;o__Clostridiales;f__Lachnospiraceae;g__Roseburia;s__Roseburia_intestinalis	0.0474818301088	-0.0115079513526	-0.0592024583123	0.00172855757449	-0.00157342125155	-0.0403226595024	0.00259320144623	-0.0454216000412	0.0108836277671	-0.0553793717385	-0.0587846070821	0.00227963753742	-0.00686661600197	0.0232154991549	0.0202300939632	-0.00102157226229	0.0405477935336	-0.00359896563664	-0.0158037491775	-0.0145007866457	0.000331030938584	-0.0300933453578	0.014483975662	0.00330938559659	0.00136980686801	0.0721792839828	1.0	-0.0122798508952	0.00274546223214	0.0282462619533	0.0318845782472	0.00556219118888	-0.0127142367899	-0.0558655342717	-0.0717287663153	-0.0061154557072	-0.0322198232284	0.00547883650103	-0.00297384178766	0.00852569630725	-0.028394750298	-0.023875800195	0.0299202528692	0.0370037588679	0.00288299043018	0.0226734716692	-0.0166816845267	-0.00937811259365	0.0046843327109	0.00308774521248	-0.0195060344783	0.0662238060414	-0.0219674449136	-0.0091478586448	0.0107619712705	-0.00485268803308	-0.00168830762955	-0.0485711013623	-0.0541019450504
k__Bacteria;p__Firmicutes;c__Clostridia;o__Clostridiales;f__Lachnospiraceae;g__Roseburia;s__Roseburia_hominis	-0.0506063623774	0.0838150236883	0.0455865172377	-0.0677528185755	-0.0196605246343	0.0132695390775	0.0342713392042	-0.0113493448128	-0.0411358398624	-0.00960896399658	-0.0216225301398	-0.0200034291205	-0.00327625176171	-0.00919362229056	0.0288638926524	-0.0816953291733	0.0645805796964	-0.0870169509644	0.0130684214909	0.00192576985327	-0.0318367236744	-0.0568134329667	0.00485060061953	0.0231852294827	-0.00633030293928	0.0062931951955	-0.0122798508952	1.0	0.0250137935971	-0.0321907472879	0.0137386806504	-0.0143717247055	-0.0142663725756	0.0192782144497	0.0619786052654	0.00670139961805	-0.0373570655759	-0.0471770379001	0.00962951412383	0.0108816551219	0.0263489979775	0.00785946666176	0.0256317213599	-0.0158921450589	-0.0519066399543	-0.0150494002298	0.00802022379043	0.0127001354162	0.0290059705983	0.049978615097	0.0600903634576	-0.0672815604347	-0.0238350809735	-0.0182515759418	-0.00313565833633	0.0674450585554	-0.0469416827847	-0.0371783480655	-0.0174073140325
k__Bacteria;p__Bacteroidetes;c__Bacteroidia;o__Bacteroidales;f__Porphyromonadaceae;g__Parabacteroides;s__Parabacteroides_johnsonii	0.0146537682091	0.0416786191807	-0.00269113624872	-0.0311648364447	-0.0425935494315	0.0435760328728	0.0652306438661	0.035263963747	-0.0239171860864	0.00378272470534	-0.0161740310212	-0.0349583736252	0.0452763346618	0.0614111361864	0.0258131796997	0.0629678837932	-0.00648795294289	-0.00727429738816	0.0194436726388	-0.0740980996367	-0.0242899124222	-0.000262883806442	-0.0156700965787	-0.0355344823091	0.00317367651576	-0.0443541668693	0.00274546223214	0.0250137935971	1.0	-0.0309588159428	-0.0596645682618	-0.0195358497383	-0.0211514857157	0.00360473048011	-0.00856675340688	-0.0044407145254	0.0470495249596	-0.0180896864955	0.0486177806384	-0.0180545593412	0.0117333903759	-0.0215897126496	-0.000627496895841	-0.0130706749433	-0.00957276761863	-0.0369057951999	-0.0594111979597	-0.0435286013074	0.0102365186353	0.00936414462183	-0.0465372452267	0.00148233273506	0.00205537153716	-0.0115522221059	-0.0297625835394	-0.0597915858892	-0.00439566362373	-0.0127921063767	0.0174419131182
