#taxonomy	k__Bacteria;p__Bacteroidetes;c__Bacteroidia;o__Bacteroidales;f__Bacteroidaceae;g__Bacteroides;s__Bacteroides_vulgatus	k__Bacteria;p__Bacteroidetes;c__Bacteroidia;o__Bacteroidales;f__Bacteroidaceae;g__Bacteroides;s__Bacteroides_uniformis	k__Bacteria;p__Bacteroidetes;c__Bacteroidia;o__Bacteroidales;f__Rikenellaceae;g__Alistipes;s__Alistipes_putredinis	k__Bacteria;p__Bacteroidetes;c__Bacteroidia;o__Bacteroidales;f__Prevotellaceae;g__Prevotella;s__Prevotella_copri	k__Bacteria;p__Bacteroidetes;c__Bacteroidia;o__Bacteroidales;f__Bacteroidaceae;g__Bacteroides;s__Bacteroides_stercoris	k__Bacteria;p__Bacteroidetes;c__Bacteroidia;o__Bacteroidales;f__Bacteroidaceae;g__Bacteroides;s__Bacteroides_ovatus	k__Bacteria;p__Bacteroidetes;c__Bacteroidia;o__Bacteroidales;f__Rikenellaceae;g__Alistipes;s__Alistipes_shahii	k__Bacteria;p__Firmicutes;c__Clostridia;o__Clostridiales;f__Ruminococcaceae;g__Faecalibacterium;s__Faecalibacterium_prausnitzii	k__Bacteria;p__Bacteroidetes;c__Bacteroidia;o__Bacteroidales;f__Rikenellaceae;g__Alistipes;s__Alistipes_finegoldii	k__Bacteria;p__Bacteroidetes;c__Bacteroidia;o__Bacteroidales;f__Porphyromonadaceae;g__Parabacteroides;s__Parabacteroides_distasonis	k__Bacteria;p__Bacteroidetes;c__Bacteroidia;o__Bacteroidales;f__Bacteroidaceae;g__Bacteroides;s__Bacteroides_thetaiotaomicron	k__Bacteria;p__Bacteroidetes;c__Bacteroidia;o__Bacteroidales;f__Bacteroidaceae;g__Bacteroides;s__Bacteroides_coprocola	k__Bacteria;p__Bacteroidetes;c__Bacteroidia;o__Bacteroidales;f__Bacteroidaceae;g__Bacteroides;s__Bacteroides_cellulosilyticus	k__Bacteria;p__Bacteroidetes;c__Bacteroidia;o__Bacteroidales;f__Rikenellaceae;g__Alistipes;s__Alistipes_obesi	k__Bacteria;p__Firmicutes;c__Clostridia;o__Clostridiales;f__Lachnospiraceae;g__;s__[Eubacterium]_rectale	k__Bacteria;p__Bacteroidetes;c__Bacteroidia;o__Bacteroidales;f__Bacteroidaceae;g__Bacteroides;s__Bacteroides_plebeius	k__Bacteria;p__Bacteroidetes;c__Bacteroidia;o__Bacteroidales;f__Bacteroidaceae;g__Bacteroides;s__Bacteroides_fragilis	k__Bacteria;p__Proteobacteria;c__Betaproteobacteria;o__Burkholderiales;f__Sutterellaceae;g__Sutterella;s__Sutterella_wadsworthensis	k__Bacteria;p__Bacteroidetes;c__Bacteroidia;o__Bacteroidales;f__Porphyromonadaceae;g__Barnesiella;s__Barnesiella_intestinihominis	k__Bacteria;p__Bacteroidetes;c__Bacteroidia;o__Bacteroidales;f__Odoribacteraceae;g__Odoribacter;s__Odoribacter_splanchnicus	k__Bacteria;p__Bacteroidetes;c__Bacteroidia;o__Bacteroidales;f__Bacteroidaceae;g__Bacteroides;s__Bacteroides_salyersiae	k__Bacteria;p__Firmicutes;c__Clostridia;o__Clostridiales;f__Ruminococcaceae;g__Ruminiclostridium;s__[Eubacterium]_siraeum	k__Bacteria;p__Proteobacteria;c__Betaproteobacteria;o__Burkholderiales;f__Sutterellaceae;g__Parasutterella;s__Parasutterella_excrementihominis	k__Bacteria;p__Actinobacteria;c__Actinobacteria;o__Bifidobacteriales;f__Bifidobacteriaceae;g__Bifidobacterium;s__Bifidobacterium_adolescentis	k__Bacteria;p__Firmicutes;c__Clostridia;o__Clostridiales;f__Oscillospiraceae;g__Oscillibacter;s__Oscillibacter_sp._KLE_1745	k__Bacteria;p__Bacteroidetes;c__Bacteroidia;o__Bacteroidales;f__Bacteroidaceae;g__Bacteroides;s__Bacteroides_coprophilus	k__Bacteria;p__Firmicutes;c__Clostridia;o__Clostridiales;f__Lachnospiraceae;g__Roseburia;s__Roseburia_intestinalis	k__Bacteria;p__Firmicutes;c__Clostridia;o__Clostridiales;f__Lachnospiraceae;g__Roseburia;s__Roseburia_hominis	k__Bacteria;p__Bacteroidetes;c__Bacteroidia;o__Bacteroidales;f__Porphyromonadaceae;g__Parabacteroides;s__Parabacteroides_johnsonii	k__Bacteria;p__Actinobacteria;c__Actinobacteria;o__Bifidobacteriales;f__Bifidobacteriaceae;g__Bifidobacterium;s__Bifidobacterium_longum	k__Bacteria;p__Firmicutes;c__Clostridia;o__Clostridiales;f__;g__Flavonifractor;s__Flavonifractor_plautii	k__Bacteria;p__Firmicutes;c__Clostridia;o__Clostridiales;f__Clostridiaceae;g__Clostridium;s__Clostridium_phoceensis	k__Bacteria;p__Verrucomicrobia;c__Verrucomicrobiae;o__Verrucomicrobiales;f__Akkermansiaceae;g__Akkermansia;s__Akkermansia_muciniphila	k__Bacteria;p__Bacteroidetes;c__Bacteroidia;o__Bacteroidales;f__Prevotellaceae;g__Paraprevotella;s__Paraprevotella_xylaniphila	k__Bacteria;p__Firmicutes;c__Clostridia;o__Clostridiales;f__Ruminococcaceae;g__Ruminococcus;s__Ruminococcus_callidus	k__Bacteria;p__Bacteroidetes;c__Bacteroidia;o__Bacteroidales;f__Rikenellaceae;g__Alistipes;s__Alistipes_senegalensis	k__Bacteria;p__Firmicutes;c__Clostridia;o__Clostridiales;f__Lachnospiraceae;g__Blautia;s__Blautia_sp._KLE_1732	k__Bacteria;p__Bacteroidetes;c__Bacteroidia;o__Bacteroidales;f__Bacteroidaceae;g__Bacteroides;s__Bacteroides_oleiciplenus	k__Bacteria;p__Firmicutes;c__Clostridia;o__Clostridiales;f__Ruminococcaceae;g__Ruminococcus;s__Ruminococcus_bicirculans	k__Bacteria;p__Bacteroidetes;c__Bacteroidia;o__Bacteroidales;f__Bacteroidaceae;g__Bacteroides;s__Bacteroides_fluxus	k__Bacteria;p__Bacteroidetes;c__Bacteroidia;o__Bacteroidales;f__Prevotellaceae;g__Prevotella;s__Prevotella_stercorea	k__Bacteria;p__Firmicutes;c__Clostridia;o__Clostridiales;f__Lachnospiraceae;g__Dorea;s__Dorea_longicatena	k__Bacteria;p__Firmicutes;c__Clostridia;o__Clostridiales;f__Eubacteriaceae;g__Eubacterium;s__[Eubacterium]_eligens	k__Bacteria;p__Firmicutes;c__Clostridia;o__Clostridiales;f__Ruminococcaceae;g__;s__Ruminococcaceae_bacterium_D16	k__Bacteria;p__Firmicutes;c__Clostridia;o__Clostridiales;f__Lachnospiraceae;g__Coprococcus;s__Coprococcus_comes	k__Bacteria;p__Proteobacteria;c__Gammaproteobacteria;o__Enterobacterales;f__Enterobacteriaceae;g__Escherichia;s__Escherichia_coli	k__Bacteria;p__Firmicutes;c__Clostridia;o__Clostridiales;f__Ruminococcaceae;g__Anaerotruncus;s__Anaerotruncus_colihominis	k__Bacteria;p__Firmicutes;c__Clostridia;o__Clostridiales;f__Lachnospiraceae;g__Blautia;s__Blautia_obeum	k__Bacteria;p__Bacteroidetes;c__Bacteroidia;o__Bacteroidales;f__Odoribacteraceae;g__Odoribacter;s__Odoribacter_laneus	k__Bacteria;p__Firmicutes;c__Clostridia;o__Clostridiales;f__Ruminococcaceae;g__Ruminiclostridium;s__[Clostridium]_leptum	k__Bacteria;p__Bacteroidetes;c__Bacteroidia;o__Bacteroidales;f__Porphyromonadaceae;g__Parabacteroides;s__Parabacteroides_goldsteinii	k__Bacteria;p__Firmicutes;c__Clostridia;o__Clostridiales;f__Lachnospiraceae;g__Anaerostipes;s__Anaerostipes_hadrus	k__Bacteria;p__Firmicutes;c__Clostridia;o__Clostridiales;f__Ruminococcaceae;g__Ruminococcus;s__Ruminococcus_lactaris	k__Bacteria;p__Firmicutes;c__Clostridia;o__Clostridiales;f__Clostridiaceae;g__Clostridium;s__Clostridium_sp._L2-50	k__Bacteria;p__Firmicutes;c__Clostridia;o__Clostridiales;f__Clostridiaceae;g__Clostridium;s__Clostridium_sp._M62/1	k__Bacteria;p__Firmicutes;c__Clostridia;o__Clostridiales;f__;g__Intestinimonas;s__Intestinimonas_butyriciproducens	k__Bacteria;p__Actinobacteria;c__Actinobacteria;o__Bifidobacteriales;f__Bifidobacteriaceae;g__Bifidobacterium;s__Bifidobacterium_bifidum	k__Bacteria;p__Firmicutes;c__Negativicutes;o__Veillonellales;f__Veillonellaceae;g__Dialister;s__Dialister_invisus	k__Bacteria;p__Bacteroidetes;c__Bacteroidia;o__Bacteroidales;f__Bacteroidaceae;g__Bacteroides;s__Bacteroides_salanitronis
k__Bacteria;p__Bacteroidetes;c__Bacteroidia;o__Bacteroidales;f__Bacteroidaceae;g__Bacteroides;s__Bacteroides_vulgatus	1.0	0.0387038503723	0.0532386937203	-0.0307089743125	0.0719697235168	-0.0477035363541	0.0289549853144	-0.0279473833772	0.0290786258788	-0.00973935860447	-0.0119851434887	-0.00906869408477	0.0072303634179	0.0455286573615	-0.0296546693104	0.0111461137222	-0.0356025152304	0.000485907223105	0.0145873105122	-0.0722158620432	-0.0251918979293	-0.0387168927123	-0.0199568380786	0.0133873351611	-0.0306720036245	0.00962012293835	-0.000980173135069	0.0317542383656	-0.028229527477	-0.0115166049452	-0.0187101909717	-0.00292427991232	0.0403155374426	-0.0716712660253	0.00207200377449	-0.011098693903	-0.006174431124	-0.00126707162422	0.0396754151939	-0.00136855761324	-0.0316443591556	0.00436201870668	0.00474298038581	-0.0351306555492	-0.0568639808226	0.0104407215957	0.0141208237208	-0.00145317939259	-0.0453712864126	-0.0150838886009	0.0361475910138	-0.0471133669341	0.0127083855854	-0.00144016741747	-0.0223207085044	0.000403029990698	0.037554539074	-0.0504152835206	-0.00267254854218
k__Bacteria;p__Bacteroidetes;c__Bacteroidia;o__Bacteroidales;f__Bacteroidaceae;g__Bacteroides;s__Bacteroides_uniformis	0.0387038503723	1.0	-0.0639609894998	0.016813426194	0.0152308441779	0.00886545685107	-0.00839021504947	-0.056519847789	-0.00596778740351	0.0297304777775	0.0482780663277	0.0573225753807	-0.0110708572177	-0.0340509150539	-0.0648123132314	-0.0476498637635	-0.0328871328853	-0.00580959589886	0.0325155564928	-0.014279645253	0.0515300880879	0.00893428392156	0.00845489910259	-0.00717611440392	0.00151425999818	-0.0300050455979	-0.0210088228239	-0.013090290661	0.0122607991575	-0.0663616132407	-0.0191506712032	0.0220153486318	-0.0646251487567	-0.0298746844186	-0.0105915258392	-0.00956308974254	0.00126070741601	0.053885440681	0.0651604768974	0.00650619812253	-0.041684978039	-0.0638670013558	0.0222048424229	0.0145737141216	-0.00152091378124	0.032328838435	0.027574169298	0.0145300379914	0.0148788367916	0.0385075409087	0.0321756037601	0.0315282764383	0.0637843462106	-0.0552937530255	0.00512286786768	-0.0165255216319	0.0795135024863	-0.037501987025	0.0721917716988
k__Bacteria;p__Bacteroidetes;c__Bacteroidia;o__Bacteroidales;f__Rikenellaceae;g__Alistipes;s__Alistipes_putredinis	0.0532386937203	-0.0639609894998	1.0	-0.0513994080147	-0.0511595089156	0.032187388381	0.0500375263691	-0.0257321067617	-0.0449632109781	-0.00384164528239	-0.0113710255239	-0.0457816103814	-0.0294090967769	0.00600219392656	0.0482101456772	-0.0171230002945	0.0321797353899	0.0412548718454	0.00536556653316	0.0293383619464	-0.103516719732	-0.0265238255276	0.00571571749912	-0.0564101618384	-0.0456849557517	0.0294759393064	0.00797098110103	-0.0121113546134	0.0381535158829	-0.0473517854421	0.00247567848959	0.0282165845656	0.0095106466051	0.0121479234858	-0.0134960087756	-0.00104419437336	-0.0424057611106	0.0287552636247	0.00405986208693	-0.0117565526784	0.0307932540256	-0.00185384435424	0.0361511380798	0.0285006508992	0.00453012808311	-0.00387208406464	-0.0143572659378	-0.023978141676	-0.0108677396185	0.0201214030131	0.00731643716359	-0.041306076041	0.030055977124	0.0423810063264	0.0102597148734	0.0116820078458	0.0172471301252	0.0273812686056	-0.0324219521103
k__Bacteria;p__Bacteroidetes;c__Bacteroidia;o__Bacteroidales;f__Prevotellaceae;g__Prevotella;s__Prevotella_copri	-0.0307089743125	0.016813426194	-0.0513994080147	1.0	-0.0478289063175	-0.0224646463528	-0.0151796283881	0.0298648212545	-0.0252687637185	-0.0262232540581	-0.0010946148518	0.0326604263596	-0.0162030818974	-0.0123198526268	0.00092855649911	0.0397089765826	-0.0456675365445	0.0432070417374	-0.0331382714809	-0.0290811714072	0.0414838504574	0.0442229570992	0.0132423586573	0.0362260774071	0.0152264267477	0.0435109996039	-0.082240247405	0.0111663422939	-0.0466288210623	0.0306752175843	0.0165411926711	-0.0800622114931	-0.0257957239431	-0.0165373854191	-0.0267038102003	0.00602514000681	0.0424582772062	-0.0645128664701	-0.042695682271	-0.014690966153	0.0558682138138	-0.0144280708685	0.0398769097464	-0.0111607096339	-0.0209246077783	-0.0191753336218	0.0115543595226	-0.00293354861018	-0.0240193563293	-0.0443288411265	0.0137157332257	-0.00066128846459	0.0195835926974	0.0272043016069	-0.00344656884816	-0.000392705900741	-0.0386869025912	0.0421486283782	-0.0230787288653
k__Bacteria;p__Bacteroidetes;c__Bacteroidia;o__Bacteroidales;f__Bacteroidaceae;g__Bacteroides;s__Bacteroides_stercoris	0.0719697235168	0.0152308441779	-0.0511595089156	-0.0478289063175	1.0	-0.019914293836	0.00490792516407	0.0278881134465	0.0389796849546	0.0174020299628	0.0179341520945	0.0113899342774	-0.0241183980223	0.0287297923525	-0.0174805998547	0.0421621696693	0.00329833081231	0.0179182996602	0.016065816777	-0.0277078210115	0.0131817410679	0.0137832167385	-0.00276368787185	-0.0433920273499	-0.0162294923412	-0.00207169921773	-0.0259116800025	-0.0665511041431	0.0278846537333	-0.0145890994528	-0.0298951668127	0.027077820569	-0.0306520642692	0.00877746993691	-0.0159052001267	-0.0297783189849	-0.0129206470595	-0.0446013854072	-0.0884293324865	-0.0340816838875	0.0117980058431	0.052155582518	0.0275695824274	-0.0478570397628	-0.0478715902964	-0.0434662626214	0.0487413259676	0.0361886510424	0.0300091694296	0.0158131615544	0.00782025057436	0.00435469215663	-0.0783834897096	-0.0021372854547	-0.0321539361928	-0.0196150473032	-0.00809165895402	-0.025405423841	-0.0226804399501
k__Bacteria;p__Bacteroidetes;c__Bacteroidia;o__Bacteroidales;f__Bacteroidaceae;g__Bacteroides;s__Bacteroides_ovatus	-0.0477035363541	0.00886545685107	0.032187388381	-0.0224646463528	-0.019914293836	1.0	0.0283063690881	0.00929033602428	-0.0234119512505	0.0279181066096	-0.0129901227037	-0.00238830787336	-0.0168234756364	-0.0683778211802	-0.00169359089703	0.0166241486052	-0.0283712320113	0.00573497825243	-0.0455129160567	-0.0138328536671	0.0164441272409	0.0180889919064	-0.00728309846153	-0.0267295640103	0.01255380447	-0.0447715414286	-0.0136209516697	0.0125085284272	0.0347470741035	0.0159840029031	-0.0424061502257	-0.0325212593683	0.0217563895534	-0.0416254501002	0.0251326153651	-0.00913324124692	-0.0146724532373	-0.0219239529384	0.0158557335292	-0.00265225790163	0.00181321391936	-0.0147853915442	0.0165797606006	-0.00598569208429	-0.0258713478957	-0.0248598817596	0.00852886849774	0.0108952204951	0.0108659149185	-0.00512573535954	0.0223427096671	-0.050423998505	-0.015756925503	-0.0510110437757	0.0242639295658	-0.0205141317393	-0.0313308041037	0.0539754764508	-0.0565322777552
k__Bacteria;p__Bacteroidetes;c__Bacteroidia;o__Bacteroidales;f__Rikenellaceae;g__Alistipes;s__Alistipes_shahii	0.0289549853144	-0.00839021504947	0.0500375263691	-0.0151796283881	0.00490792516407	0.0283063690881	1.0	-0.0116015603832	0.0122907295993	-0.0315132656447	0.0285304057055	-0.0133389420665	-0.0471163395006	0.0162039023277	-0.0386876070831	0.0255173733221	0.0410538322429	0.00601870044995	-0.0732246389664	-0.0333402999517	-0.00468133488005	0.00877968780918	0.00976179612211	0.0470058224304	-0.0583094266937	0.0164554952572	0.000863286426032	0.00749263464121	-0.0258007117537	0.0350791226151	-0.0361463125361	-0.0420711684775	0.00536847614817	-0.0198542532942	-0.0759075744882	-0.0336264082996	0.0134618655441	-0.049854051462	0.00203171471706	-0.0526009234652	0.0228513349764	-0.0348834397602	-0.0463881015369	-0.0243766820046	0.0258591990926	-0.0152308585968	-0.015707764705	-0.0165711145329	-0.0130001931332	-0.000348549193065	-0.0332010249789	0.0491174368353	-0.0385577957312	-0.0123247924855	-0.00963498233999	-0.00499887142914	-0.0247180759459	0.00682018440242	-0.0226980452765
k__Bacteria;p__Firmicutes;c__Clostridia;o__Clostridiales;f__Ruminococcaceae;g__Faecalibacterium;s__Faecalibacterium_prausnitzii	-0.0279473833772	-0.056519847789	-0.0257321067617	0.0298648212545	0.0278881134465	0.00929033602428	-0.0116015603832	1.0	0.000474067049475	0.0254075715508	0.0271423114662	0.0272440549405	-0.0240301451804	0.0241095126528	-0.0795764319881	-0.0501064217213	-0.0145740229685	0.00565619819192	-0.000806391711028	-0.000158069754146	0.0267279873826	-0.0278765769631	0.0352660715308	0.0622871202491	-0.0699268891624	-0.0261935294293	-0.0218814471038	-0.014831689698	0.00106631425513	0.0118777815548	0.00414748450856	-0.0292922621336	-0.0375893370032	-0.0469164531982	-0.0482877593001	-0.0523332633988	-0.0602975433761	0.00350744521453	-0.00461628723348	0.0159414481535	0.0535168170553	-0.0268361997115	0.011207788064	0.0661139021137	0.00101166777885	-0.016483691641	-0.00500985549876	0.00460475011761	0.00549635659524	-0.0364614233209	7.08982375736e-05	0.00308567209347	0.0501244284065	0.014347321467	-0.0291949856192	0.00217871083818	-0.0375132786328	-0.0113005126684	0.00585822110334
k__Bacteria;p__Bacteroidetes;c__Bacteroidia;o__Bacteroidales;f__Rikenellaceae;g__Alistipes;s__Alistipes_finegoldii	0.0290786258788	-0.00596778740351	-0.0449632109781	-0.0252687637185	0.0389796849546	-0.0234119512505	0.0122907295993	0.000474067049475	1.0	-0.0950352005425	0.0411070808621	-0.0339482306368	0.0244984519881	-0.00703111654582	-0.0148296900789	0.0552158119493	0.0347692123707	-0.00297579829829	-0.0109076581945	-0.00920596835359	0.0178598091049	-0.0730513868741	-0.0578624793247	0.0692481031828	0.00197585550038	-0.0527677346502	-0.000523262123022	0.0126591559181	-0.0529118318151	0.0254588852076	-0.0182342290256	-0.0213836557159	-0.015959225593	0.0275958231623	-0.0447369486233	-0.0386042041247	-0.00897974512221	0.0417877913834	0.0365282233516	-0.0226225258529	0.0100131694077	0.0493036653202	0.0123316161458	-0.012264540606	-0.0590446759427	0.029018042422	-0.0470986766078	0.0127429263766	-0.0155685047074	0.0153160428063	-0.0656893632242	0.080617184212	-0.0308693514921	-0.0180882005644	-0.0435727386165	0.0344632984367	-0.0153313231245	0.0430325043862	-0.0260784157003
k__Bacteria;p__Bacteroidetes;c__Bacteroidia;o__Bacteroidales;f__Porphyromonadaceae;g__Parabacteroides;s__Parabacteroides_distasonis	-0.00973935860447	0.0297304777775	-0.00384164528239	-0.0262232540581	0.0174020299628	0.0279181066096	-0.0315132656447	0.0254075715508	-0.0950352005425	1.0	-0.0165458735825	0.000880893120545	-0.0603197317326	0.00936112452388	0.00039954608048	-0.00411584861422	0.0174811654861	0.0193305120664	0.0286590581164	-0.00605001846273	0.0445670638022	-0.0316423587762	0.0123883394564	-0.0511354853943	-0.0495354326522	0.0663853641566	-0.00273878542369	-0.0018740439498	-0.0167600067944	-0.00848477049634	0.010390863152	0.0261100563757	-0.0391089997953	-0.0106424718468	0.0283943152308	0.046380527056	0.038012583476	-0.00428373101257	-0.00374105320571	-0.00550381059218	-0.0391263796773	-0.0095041260324	-0.0162056371679	-0.022024777444	-0.0259393925872	0.0420932213331	0.00763824604169	-0.0357324989617	0.0146713273263	-0.0117478965456	-0.0636025177422	0.000598340273465	0.0187059295766	0.0215385315342	-0.00704443573088	-0.0504631694729	0.0110499602042	-0.0440020024355	-0.0647968798533
k__Bacteria;p__Bacteroidetes;c__Bacteroidia;o__Bacteroidales;f__Bacteroidaceae;g__Bacteroides;s__Bacteroides_thetaiotaomicron	-0.0119851434887	0.0482780663277	-0.0113710255239	-0.0010946148518	0.0179341520945	-0.0129901227037	0.0285304057055	0.0271423114662	0.0411070808621	-0.0165458735825	1.0	-0.0311048873593	-0.00389151395934	-0.0277118416248	0.000980703531031	-0.0463105725517	0.0151495731608	-0.017276791713	0.00599753733923	-0.0490401999253	0.0195945351504	0.00378355396377	-0.0206529402106	-0.0539416412922	0.0185641842889	0.011089777615	-0.0353241680602	-0.00819537794211	0.0177813087292	-0.036054629661	-0.0172879492405	-0.0448633789534	0.0303966909617	0.0612418533201	0.004621839878	-0.0374904343912	0.015212387159	0.0415757251098	0.0287007346337	-0.0492271552045	0.032916241976	6.35595339218e-05	-0.0183937688553	-0.0245593215373	-0.00683352597131	-0.029958591035	-0.0392929611526	0.0142232673599	-0.0323524976785	-0.00228831861532	0.0281183232051	-0.0463058317086	-0.00918359882335	-0.0436287339848	0.0141567205148	0.0109609646139	-0.00639016678072	-0.0133048167515	-0.0611657874615
k__Bacteria;p__Bacteroidetes;c__Bacteroidia;o__Bacteroidales;f__Bacteroidaceae;g__Bacteroides;s__Bacteroides_coprocola	-0.00906869408477	0.0573225753807	-0.0457816103814	0.0326604263596	0.0113899342774	-0.00238830787336	-0.0133389420665	0.0272440549405	-0.0339482306368	0.000880893120546	-0.0311048873593	1.0	-0.00377624548526	-0.0300035234678	0.0305238489199	-0.00798269812046	0.0677893660978	-0.0721498024513	-0.0432093999438	-0.014318175549	0.0463274526968	-0.0472082731094	-0.00204507098449	0.0470997548167	0.0471031497744	-0.0276151687447	-0.00846347031356	-0.0337089410608	-0.0140747831821	0.0328440044535	-0.0492637691946	0.0302219739832	-0.0176113953512	-0.0579086463633	-0.010329416177	-0.00595257043029	-0.0134795001818	-0.0766969460845	0.0199002008262	0.0429791298243	0.100273604466	-0.0396208689839	-0.0506886980233	0.00530351417071	0.0650326891856	-0.0494864193987	-0.0318515824182	0.0368747278375	-0.0246472146055	0.00262275094948	0.0200679073832	0.0164472709987	-0.0741304352526	-0.0259988080586	-0.040245264889	0.00478330674572	-0.0125195290068	0.0181464776066	0.0433361997012
k__Bacteria;p__Bacteroidetes;c__Bacteroidia;o__Bacteroidales;f__Bacteroidaceae;g__Bacteroides;s__Bacteroides_cellulosilyticus	0.0072303634179	-0.0110708572177	-0.0294090967769	-0.0162030818974	-0.0241183980223	-0.0168234756364	-0.0471163395006	-0.0240301451804	0.0244984519881	-0.0603197317326	-0.00389151395934	-0.00377624548526	1.0	-0.00153617705424	-0.0276660568558	0.0411668087098	-0.0417134699458	-0.0110086830384	-0.0309756574731	0.0112480390211	0.0239119311068	-0.0977375322025	0.0150090073833	-0.0340683899719	0.0148853346507	0.00888296817083	0.0216155674087	0.0332138874748	-0.0350843209795	-0.00222535943928	-0.0626916453662	0.0106698778722	-0.00979115882338	0.00208586651398	0.0329495534527	-0.0356538572964	-0.0155424543674	0.0252074941651	-0.0604917386918	0.0187737392543	-0.0298508170728	0.0253448864874	0.00626782649836	-0.0412551064971	-0.00199413562327	-0.0397904738079	-0.0375230845282	-0.0198240267942	-0.0173308667131	0.00129272967426	-0.00110922794966	0.0363641540853	0.0218920861942	0.00973226943695	-0.00847784132962	-0.00901556075596	0.0338214294005	0.00631540390484	0.0752201443046
k__Bacteria;p__Bacteroidetes;c__Bacteroidia;o__Bacteroidales;f__Rikenellaceae;g__Alistipes;s__Alistipes_obesi	0.0455286573615	-0.0340509150539	0.00600219392656	-0.0123198526268	0.0287297923525	-0.0683778211802	0.0162039023277	0.0241095126528	-0.00703111654582	0.00936112452388	-0.0277118416248	-0.0300035234678	-0.00153617705424	1.0	0.0141689807655	-0.0211453442548	-0.0177769598312	0.00293130122559	-0.00385082955386	0.028155969452	-0.0112783195749	0.012973292443	0.0155235821528	-0.0102862840219	-0.00437334039325	0.0100237299107	-0.0333337629342	-0.00963573012114	-0.0612980348157	0.0329249387393	0.0171733730359	-0.0348481057818	0.0137101475135	-0.0637173829494	-0.0909608054421	-0.042577485759	-0.00692361133739	0.0218088682696	0.0157552100529	-0.0328379952429	-0.0177886969006	-0.0458619376306	0.0409048819918	-0.032885682617	-0.00938713062046	-0.0405114820654	-0.00482672076732	-0.0266425530765	-0.0568173048554	0.00901953841617	0.0334738025573	-0.00149160164548	-0.0528216759654	-0.0371605157846	-0.00696770167811	-0.0318432623996	-0.0030510037862	0.0236038131796	-0.0298197365782
k__Bacteria;p__Firmicutes;c__Clostridia;o__Clostridiales;f__Lachnospiraceae;g__;s__[Eubacterium]_rectale	-0.0296546693104	-0.0648123132314	0.0482101456772	0.00092855649911	-0.0174805998547	-0.00169359089703	-0.0386876070831	-0.0795764319881	-0.0148296900789	0.00039954608048	0.000980703531031	0.0305238489199	-0.0276660568558	0.0141689807655	1.0	-0.0150994814495	-0.00500046258231	0.031109626813	-0.0170612002119	0.0577470503325	0.0154432063483	-0.0115127880676	-0.0203799449558	0.0507016893787	-0.101328480826	-0.0353651016001	0.0101232348364	0.0411446034333	-0.0789848896242	0.0850778541016	-0.0272809494199	0.0112890245108	-0.0373014092863	0.0162864695695	0.029021284865	0.0276147546981	-0.0226185988506	0.0185368492711	0.0186045261458	0.0325427847392	-0.00290389075284	-0.0314478867966	-0.00360057933937	-0.0225694118761	0.00373536028006	0.00613650653988	-0.0166750516018	-0.0280144234009	0.0320147398551	-0.0410750440383	-0.0115613277519	-0.0370030434581	0.0127337798731	0.0303998187866	-0.00949490919168	0.0187794120319	-0.0897355421942	-0.0407264558702	-0.0554731058629
k__Bacteria;p__Bacteroidetes;c__Bacteroidia;o__Bacteroidales;f__Bacteroidaceae;g__Bacteroides;s__Bacteroides_plebeius	0.0111461137222	-0.0476498637635	-0.0171230002945	0.0397089765826	0.0421621696693	0.0166241486052	0.0255173733221	-0.0501064217213	0.0552158119493	-0.00411584861422	-0.0463105725517	-0.00798269812046	0.0411668087098	-0.0211453442548	-0.0150994814495	1.0	-0.0289833381094	-0.00949771626668	0.0113947124052	0.0213973158621	-0.000416314876771	-0.0176868979932	-0.0556240459919	-0.0132324372304	-0.0779123545907	-0.00350956711041	-0.043279281683	-0.00772919814012	0.0131832705338	0.00087513171134	0.0112364549011	-0.0196685491693	0.0144644882097	-0.00686339508578	0.0182347711235	-0.0273250965191	0.0143552988714	-0.051056744232	0.0109358942563	0.00535114343698	-0.0344873166744	0.047813482877	-0.00221545827477	-0.00302497901665	0.00400471027816	-0.0364755236496	-0.0691545043443	-0.0259482423804	-0.0204953413928	-0.00738038925849	5.57883146365e-05	-0.0380118496718	-0.0539096143821	0.0161178091314	0.0152001470114	-0.0212549970216	-0.0259799755812	0.0214816784411	-0.0263952899491
k__Bacteria;p__Bacteroidetes;c__Bacteroidia;o__Bacteroidales;f__Bacteroidaceae;g__Bacteroides;s__Bacteroides_fragilis	-0.0356025152304	-0.0328871328853	0.0321797353899	-0.0456675365445	0.00329833081231	-0.0283712320113	0.0410538322429	-0.0145740229685	0.0347692123707	0.0174811654861	0.0151495731608	0.0677893660978	-0.0417134699458	-0.0177769598312	-0.00500046258231	-0.0289833381094	1.0	-0.0141868680173	0.00268119299033	-0.0398641197337	0.00190389416855	-0.0252319652168	-0.0177858495915	-0.0118221374876	-0.013512603469	-0.0498419078971	-0.0168402223007	-0.0201710003899	0.0669709589648	0.00919755486058	0.00955895273931	-0.027475039103	0.00679443731288	0.0522739159563	0.0390323542695	-0.0600804207396	-0.0391352187012	0.022171736898	0.00194124809065	-0.0534091118897	-0.0329476769777	-0.0121625247765	-0.0482199820963	0.00172164436123	-0.00216621135233	-0.0300415649262	0.0543943098958	0.0176780631496	0.0303889317494	-0.0302033343401	-0.0511844416425	-0.0417233109909	0.0126276389601	-0.0386559627909	0.0769022561407	-0.0109697181841	0.000499708544949	-0.0152868443014	-0.00108819260563
k__Bacteria;p__Proteobacteria;c__Betaproteobacteria;o__Burkholderiales;f__Sutterellaceae;g__Sutterella;s__Sutterella_wadsworthensis	0.000485907223105	-0.00580959589886	0.0412548718454	0.0432070417374	0.0179182996602	0.00573497825243	0.00601870044995	0.00565619819192	-0.00297579829829	0.0193305120664	-0.017276791713	-0.0721498024513	-0.0110086830384	0.00293130122559	0.031109626813	-0.00949771626668	-0.0141868680173	1.0	0.000231835637532	-0.0688052119169	0.0351994901104	-0.0128668372725	-0.0565745658546	0.0151804436395	-0.0178504397057	-0.0324755336885	-0.0340219362307	-0.00624844474081	0.0520701774931	-0.0405827716752	-0.00511450938497	-0.0326905295245	0.0123574577697	-0.0323184485488	-0.021326476398	0.00295491693266	0.0155686988557	-0.0534555349583	0.00399649542921	-0.0339928931771	0.00631609112327	-0.0345018957543	0.0267091229359	-0.0212395169009	-0.0610083546233	-0.0409020004916	-0.0233706926801	0.00117269613971	0.0270464857811	0.00398039096889	-0.00870479309569	-0.0119753386659	-0.0311033081311	0.0842819355497	0.0196066892922	0.00606057773449	-0.0199998247394	-0.00647083211416	-0.0255945237956
k__Bacteria;p__Bacteroidetes;c__Bacteroidia;o__Bacteroidales;f__Porphyromonadaceae;g__Barnesiella;s__Barnesiella_intestinihominis	0.0145873105122	0.0325155564928	0.00536556653316	-0.0331382714809	0.016065816777	-0.0455129160567	-0.0732246389664	-0.000806391711028	-0.0109076581945	0.0286590581164	0.00599753733923	-0.0432093999438	-0.0309756574731	-0.00385082955386	-0.0170612002119	0.0113947124052	0.00268119299033	0.000231835637532	1.0	0.0573876497154	-0.0876932330712	-0.0109877298565	0.018521974405	-0.0330356890334	-0.0305094234028	-0.0352833376968	-0.042984058341	0.0546487527392	-0.0457499180745	-0.0155335385507	0.0299090788175	0.0365868882201	-0.0534646286109	-0.0771652459608	-0.0190132484741	-0.00646080392139	0.0493631096026	-0.0441494435768	-0.00453760105707	-0.0561111711005	-0.0138365629592	0.0230920740085	-0.0199232049724	-0.0087567812324	0.00869139287112	0.0287140547781	-0.0241702726409	0.0381949344542	-0.00543598928196	-0.00869782647689	-0.0309803823266	-0.00575318274765	-0.00884730664639	-0.000862924009466	0.011106131541	-0.0420287967746	0.00259307028081	0.00197532331188	0.0485503532719
k__Bacteria;p__Bacteroidetes;c__Bacteroidia;o__Bacteroidales;f__Odoribacteraceae;g__Odoribacter;s__Odoribacter_splanchnicus	-0.0722158620432	-0.014279645253	0.0293383619464	-0.0290811714072	-0.0277078210115	-0.0138328536671	-0.0333402999517	-0.000158069754146	-0.00920596835359	-0.00605001846273	-0.0490401999253	-0.014318175549	0.0112480390211	0.028155969452	0.0577470503325	0.0213973158621	-0.0398641197337	-0.0688052119169	0.0573876497154	1.0	-0.0380661712079	-0.02244341365	-0.00254699358802	-0.00500431292739	0.0563007628347	-0.0369630454457	0.017121448064	-0.00082079166364	0.00405097221336	-0.0563373168645	-0.0394680074412	-0.0486140084751	-0.0192979650175	0.0552953674007	-0.0172083855807	0.0518628072837	0.0062729331411	0.0369873165851	-0.00955065933093	-0.0383168368035	0.022833291895	0.019447782219	0.0127053556348	-0.00430607518587	0.0165234690408	-0.00361162485545	-0.0247527344878	0.0246063477213	-0.0134560227692	0.00829406622182	0.0420590419217	0.0169490321155	0.00143069513333	-0.0652772809349	-0.0529144650447	0.0143710304475	-0.0321066151325	0.0170072552211	-0.00801294711687
k__Bacteria;p__Bacteroidetes;c__Bacteroidia;o__Bacteroidales;f__Bacteroidaceae;g__Bacteroides;s__Bacteroides_salyersiae	-0.0251918979292	0.0515300880879	-0.103516719732	0.0414838504574	0.0131817410679	0.0164441272409	-0.00468133488005	0.0267279873826	0.0178598091049	0.0445670638022	0.0195945351504	0.0463274526968	0.0239119311068	-0.0112783195749	0.0154432063483	-0.000416314876771	0.00190389416855	0.0351994901104	-0.0876932330712	-0.0380661712079	1.0	-0.0141850454339	-0.0157964177886	0.000212344388093	-0.00733979867397	0.0187244973374	0.0282517229647	-0.00637882651152	-0.0060515352244	-0.00533881321409	-0.0384188361787	-0.0284785531996	-0.0389062507382	-0.0461450432852	-0.0168156787615	0.0732259281914	-0.00558238864569	0.014839850823	-0.0190272592733	0.0328782100648	-0.0201660448333	0.00859855526841	0.00730481665997	0.001978276086	0.0182662804865	-0.0742611416288	-0.0230251065706	-0.0551369711625	0.0150952124858	-0.0562561884217	-0.0202209124336	0.00893874358494	-0.0699672046017	-0.0525677290128	-0.00853262605974	0.0118334846632	-0.0243871188631	0.00721585359618	-0.0185558120268
k__Bacteria;p__Firmicutes;c__Clostridia;o__Clostridiales;f__Ruminococcaceae;g__Ruminiclostridium;s__[Eubacterium]_siraeum	-0.0387168927123	0.00893428392156	-0.0265238255276	0.0442229570992	0.0137832167385	0.0180889919064	0.00877968780918	-0.0278765769631	-0.0730513868741	-0.0316423587762	0.00378355396377	-0.0472082731094	-0.0977375322025	0.012973292443	-0.0115127880676	-0.0176868979932	-0.0252319652168	-0.0128668372725	-0.0109877298565	-0.02244341365	-0.0141850454339	1.0	0.0253144743853	-0.030782446399	-0.0438336350655	-0.0630117309563	-0.0135414290731	-0.00377722507382	0.0263901463011	-0.0256795653357	0.0130497844815	-0.03323129041	0.0824855440815	0.0886584117608	0.00342819225867	-0.00210167004194	-0.0231739705888	0.0277991194693	-0.00409407926914	0.0219298590646	-0.0710215239107	-0.0140265545621	0.0982387370011	0.00146078271289	-0.0208526027933	0.00670124318451	-0.0126822014474	-0.00445397049909	0.0110380436059	-0.00700805492579	0.0194492533948	0.0143226021421	-0.026645472243	-0.0532973591639	0.0237325803685	0.0424770526937	-0.0260337936564	-0.00778302091773	-0.00175546586315
k__Bacteria;p__Proteobacteria;c__Betaproteobacteria;o__Burkholderiales;f__Sutterellaceae;g__Parasutterella;s__Parasutterella_excrementihominis	-0.0199568380786	0.00845489910259	0.00571571749912	0.0132423586573	-0.00276368787185	-0.00728309846153	0.00976179612211	0.0352660715308	-0.0578624793247	0.0123883394564	-0.0206529402106	-0.00204507098449	0.0150090073833	0.0155235821528	-0.0203799449558	-0.0556240459919	-0.0177858495915	-0.0565745658546	0.018521974405	-0.00254699358802	-0.0157964177886	0.0253144743853	1.0	-0.053166949906	-0.00656894069896	0.00120380076475	0.0753621468999	-0.0695823875896	-0.0363249086654	0.0201870115314	-0.0088477949752	-0.039262419638	0.00374097311751	-0.0312366468273	-0.0364217209416	0.0013479985675	-0.0126049576488	-0.0222857387938	-0.0555691357439	-0.00655764806807	-0.0186552549679	-0.0693897163078	-0.0144420204218	0.0587601007367	-0.059469439626	-0.000521933531422	-0.0357935366178	0.068467288653	0.00458622430823	-0.00112005447228	0.0392166078712	0.0129039579617	-0.0285147856742	0.0521053433941	-0.0358346591244	-0.0549685324203	0.0210826631018	-0.00229046876902	0.0076959624346
k__Bacteria;p__Actinobacteria;c__Actinobacteria;o__Bifidobacteriales;f__Bifidobacteriaceae;g__Bifidobacterium;s__Bifidobacterium_adolescentis	0.0133873351611	-0.00717611440392	-0.0564101618384	0.0362260774071	-0.0433920273499	-0.0267295640103	0.0470058224304	0.0622871202491	0.0692481031828	-0.0511354853943	-0.0539416412922	0.0470997548167	-0.0340683899719	-0.0102862840219	0.0507016893787	-0.0132324372304	-0.0118221374876	0.0151804436395	-0.0330356890334	-0.00500431292739	0.000212344388093	-0.030782446399	-0.053166949906	1.0	0.0575534631606	-0.00809143682886	-0.0527639014582	0.0293257120846	-0.0389540300576	-0.0121616303551	-0.0145608624434	-0.053310815634	-0.0407546744729	0.00129434712707	0.00363033517804	-0.0631173102021	-0.0576352422882	-0.00799245760553	0.00585349818402	0.0443471723367	-0.0455028847289	-0.0418753205206	-0.00594303670713	0.028762806051	-0.00363548625049	0.0397674200389	-0.0227846618113	-0.0155234727441	0.00682929122571	0.0175396922809	0.0119723887743	-0.00710061162872	0.0047030529458	-0.021888640861	-0.00960402953663	-0.00669762622525	-0.0316215129983	0.0130064170716	0.0267921394748
k__Bacteria;p__Firmicutes;c__Clostridia;o__Clostridiales;f__Oscillospiraceae;g__Oscillibacter;s__Oscillibacter_sp._KLE_1745	-0.0306720036245	0.00151425999818	-0.0456849557517	0.0152264267477	-0.0162294923412	0.01255380447	-0.0583094266937	-0.0699268891624	0.00197585550038	-0.0495354326522	0.0185641842889	0.0471031497744	0.0148853346507	-0.00437334039325	-0.101328480826	-0.0779123545907	-0.013512603469	-0.0178504397057	-0.0305094234028	0.0563007628347	-0.00733979867397	-0.0438336350655	-0.00656894069896	0.0575534631606	1.0	-0.011469350571	0.0757007946053	0.00744285078192	-0.0095107480502	0.00222073816766	-0.002865635537	-0.057737110081	-0.00742886216971	-0.00802831022717	-0.0412107271545	-0.00952093792485	0.00977818136739	-0.0374898137714	-0.0486102875469	-0.0267386296433	0.0351680587228	0.0410311151411	-0.0187181220758	-0.00127003326422	-0.0319423678154	-0.00281418293695	-0.00531545717833	0.00649594064734	-0.00191042957536	0.0117540909739	-0.0506538924046	0.0366227242746	-0.0226637112395	-0.00680440382312	-0.0373331596402	-0.0556165716831	0.0507336571484	-0.0309919361644	-0.00901433155058
k__Bacteria;p__Bacteroidetes;c__Bacteroidia;o__Bacteroidales;f__Bacteroidaceae;g__Bacteroides;s__Bacteroides_coprophilus	0.00962012293835	-0.0300050455979	0.0294759393064	0.0435109996039	-0.00207169921773	-0.0447715414286	0.0164554952572	-0.0261935294293	-0.0527677346502	0.0663853641566	0.011089777615	-0.0276151687447	0.00888296817083	0.0100237299107	-0.0353651016001	-0.00350956711041	-0.0498419078971	-0.0324755336885	-0.0352833376968	-0.0369630454457	0.0187244973374	-0.0630117309563	0.00120380076475	-0.00809143682886	-0.011469350571	1.0	0.0253615722188	-0.0357352051061	-0.0239509792108	-0.0059819100152	-0.0236820031124	0.020836775269	0.00357134308634	0.0116663709529	0.0190468491142	0.0128762534786	0.0713343937353	-0.0139013630128	-0.0369061917866	0.00440589541501	0.00210920849416	0.00943674670248	-0.017702120216	-0.002797330741	-0.0563680291466	-0.00825019589298	0.0847552545253	-0.0378845765024	0.00283383845772	-0.0132067564163	-0.0179104396262	0.00752396771981	-0.022113520595	-0.0171424783348	0.00864951465553	0.00305220251666	-0.0560599996976	-0.0533004443444	0.0570868820672
k__Bacteria;p__Firmicutes;c__Clostridia;o__Clostridiales;f__Lachnospiraceae;g__Roseburia;s__Roseburia_intestinalis	-0.000980173135069	-0.0210088228239	0.00797098110103	-0.082240247405	-0.0259116800025	-0.0136209516697	0.000863286426032	-0.0218814471038	-0.000523262123022	-0.00273878542369	-0.0353241680602	-0.00846347031356	0.0216155674087	-0.0333337629342	0.0101232348364	-0.043279281683	-0.0168402223007	-0.0340219362307	-0.042984058341	0.017121448064	0.0282517229647	-0.0135414290731	0.0753621468999	-0.0527639014582	0.0757007946053	0.0253615722188	1.0	-0.0387322954955	0.0208297187936	0.0360179093355	0.0349329685235	0.0308440997514	0.00545581200335	-0.063479619302	0.0428500535918	-0.014839764714	-0.0536558230647	-0.0337203456081	0.0231020146614	0.0455769602064	-0.0414921389524	-0.0187528176663	0.00567134434117	0.0187787733607	-0.00651002727403	0.0731637541154	-0.0632329871429	0.0327846290331	-0.00235572326848	0.00692330871204	0.012639922233	-0.0670662248914	-0.000509932451323	0.022062970566	0.0209213753396	-0.0274389412305	-0.0173447521442	-0.0385198789373	0.0146695960865
k__Bacteria;p__Firmicutes;c__Clostridia;o__Clostridiales;f__Lachnospiraceae;g__Roseburia;s__Roseburia_hominis	0.0317542383656	-0.013090290661	-0.0121113546134	0.0111663422939	-0.0665511041431	0.0125085284272	0.00749263464121	-0.014831689698	0.0126591559181	-0.0018740439498	-0.00819537794211	-0.0337089410608	0.0332138874748	-0.00963573012114	0.0411446034333	-0.00772919814012	-0.0201710003899	-0.00624844474081	0.0546487527392	-0.000820791663639	-0.00637882651152	-0.00377722507382	-0.0695823875896	0.0293257120846	0.00744285078192	-0.0357352051061	-0.0387322954955	1.0	-0.0324050184172	0.0168983400323	-0.0153754311608	-0.0117458580897	0.0288468795554	0.00523493129724	0.0283960989158	0.066415715425	0.0056963993883	-0.0260721940421	-0.0119116096218	0.00167782221826	0.0150214374147	-0.0146797740215	-0.00894369465376	-0.0562677189395	-0.00792617389211	-0.0402006388895	-0.000892030718992	-0.0513573777838	0.021786322471	0.0110787254991	0.0087013124147	-0.015195138326	0.0136656922728	0.0106479040484	0.0169645535605	0.0190242759413	-0.0231491364664	0.0237551812318	0.0228085266849
k__Bacteria;p__Bacteroidetes;c__Bacteroidia;o__Bacteroidales;f__Porphyromonadaceae;g__Parabacteroides;s__Parabacteroides_johnsonii	-0.028229527477	0.0122607991575	0.0381535158829	-0.0466288210623	0.0278846537333	0.0347470741035	-0.0258007117537	0.00106631425513	-0.0529118318151	-0.0167600067944	0.0177813087292	-0.0140747831821	-0.0350843209795	-0.0612980348157	-0.0789848896242	0.0131832705338	0.0669709589648	0.0520701774931	-0.0457499180745	0.00405097221336	-0.0060515352244	0.0263901463011	-0.0363249086654	-0.0389540300576	-0.0095107480502	-0.0239509792108	0.0208297187936	-0.0324050184172	1.0	-0.0143674062647	-0.0135928774101	-0.00636856438122	-0.0199616684861	0.00715275042316	-0.00425845689469	-0.000882914347624	0.00524027047882	0.0514272038928	-0.0107953952377	0.0335266450729	-0.0185749506075	0.0232966660757	0.0225898825277	-0.0179750947056	0.0646398601465	-0.000910381682762	-0.0326601758084	-0.0182266003738	-0.00707034919685	-0.0043388016312	-0.027914725305	0.0019972323917	-0.00679802664889	-0.0575164465506	-0.00655910726654	-0.000809094471952	-0.0108508349861	0.0207648693825	-0.0238962771109
