#taxonomy	k__Bacteria;p__Bacteroidetes;c__Bacteroidia;o__Bacteroidales;f__Bacteroidaceae;g__Bacteroides;s__Bacteroides_vulgatus	k__Bacteria;p__Bacteroidetes;c__Bacteroidia;o__Bacteroidales;f__Bacteroidaceae;g__Bacteroides;s__Bacteroides_uniformis	k__Bacteria;p__Bacteroidetes;c__Bacteroidia;o__Bacteroidales;f__Rikenellaceae;g__Alistipes;s__Alistipes_putredinis	k__Bacteria;p__Bacteroidetes;c__Bacteroidia;o__Bacteroidales;f__Prevotellaceae;g__Prevotella;s__Prevotella_copri	k__Bacteria;p__Bacteroidetes;c__Bacteroidia;o__Bacteroidales;f__Bacteroidaceae;g__Bacteroides;s__Bacteroides_stercoris	k__Bacteria;p__Bacteroidetes;c__Bacteroidia;o__Bacteroidales;f__Bacteroidaceae;g__Bacteroides;s__Bacteroides_ovatus	k__Bacteria;p__Bacteroidetes;c__Bacteroidia;o__Bacteroidales;f__Rikenellaceae;g__Alistipes;s__Alistipes_shahii	k__Bacteria;p__Firmicutes;c__Clostridia;o__Clostridiales;f__Ruminococcaceae;g__Faecalibacterium;s__Faecalibacterium_prausnitzii	k__Bacteria;p__Bacteroidetes;c__Bacteroidia;o__Bacteroidales;f__Rikenellaceae;g__Alistipes;s__Alistipes_finegoldii	k__Bacteria;p__Bacteroidetes;c__Bacteroidia;o__Bacteroidales;f__Porphyromonadaceae;g__Parabacteroides;s__Parabacteroides_distasonis	k__Bacteria;p__Bacteroidetes;c__Bacteroidia;o__Bacteroidales;f__Bacteroidaceae;g__Bacteroides;s__Bacteroides_thetaiotaomicron	k__Bacteria;p__Bacteroidetes;c__Bacteroidia;o__Bacteroidales;f__Bacteroidaceae;g__Bacteroides;s__Bacteroides_coprocola	k__Bacteria;p__Bacteroidetes;c__Bacteroidia;o__Bacteroidales;f__Bacteroidaceae;g__Bacteroides;s__Bacteroides_cellulosilyticus	k__Bacteria;p__Bacteroidetes;c__Bacteroidia;o__Bacteroidales;f__Rikenellaceae;g__Alistipes;s__Alistipes_obesi	k__Bacteria;p__Firmicutes;c__Clostridia;o__Clostridiales;f__Lachnospiraceae;g__;s__[Eubacterium]_rectale	k__Bacteria;p__Bacteroidetes;c__Bacteroidia;o__Bacteroidales;f__Bacteroidaceae;g__Bacteroides;s__Bacteroides_plebeius	k__Bacteria;p__Bacteroidetes;c__Bacteroidia;o__Bacteroidales;f__Bacteroidaceae;g__Bacteroides;s__Bacteroides_fragilis	k__Bacteria;p__Proteobacteria;c__Betaproteobacteria;o__Burkholderiales;f__Sutterellaceae;g__Sutterella;s__Sutterella_wadsworthensis	k__Bacteria;p__Bacteroidetes;c__Bacteroidia;o__Bacteroidales;f__Porphyromonadaceae;g__Barnesiella;s__Barnesiella_intestinihominis	k__Bacteria;p__Bacteroidetes;c__Bacteroidia;o__Bacteroidales;f__Odoribacteraceae;g__Odoribacter;s__Odoribacter_splanchnicus	k__Bacteria;p__Bacteroidetes;c__Bacteroidia;o__Bacteroidales;f__Bacteroidaceae;g__Bacteroides;s__Bacteroides_salyersiae	k__Bacteria;p__Firmicutes;c__Clostridia;o__Clostridiales;f__Ruminococcaceae;g__Ruminiclostridium;s__[Eubacterium]_siraeum	k__Bacteria;p__Proteobacteria;c__Betaproteobacteria;o__Burkholderiales;f__Sutterellaceae;g__Parasutterella;s__Parasutterella_excrementihominis	k__Bacteria;p__Actinobacteria;c__Actinobacteria;o__Bifidobacteriales;f__Bifidobacteriaceae;g__Bifidobacterium;s__Bifidobacterium_adolescentis	k__Bacteria;p__Firmicutes;c__Clostridia;o__Clostridiales;f__Oscillospiraceae;g__Oscillibacter;s__Oscillibacter_sp._KLE_1745	k__Bacteria;p__Bacteroidetes;c__Bacteroidia;o__Bacteroidales;f__Bacteroidaceae;g__Bacteroides;s__Bacteroides_coprophilus	k__Bacteria;p__Firmicutes;c__Clostridia;o__Clostridiales;f__Lachnospiraceae;g__Roseburia;s__Roseburia_intestinalis	k__Bacteria;p__Firmicutes;c__Clostridia;o__Clostridiales;f__Lachnospiraceae;g__Roseburia;s__Roseburia_hominis	k__Bacteria;p__Bacteroidetes;c__Bacteroidia;o__Bacteroidales;f__Porphyromonadaceae;g__Parabacteroides;s__Parabacteroides_johnsonii	k__Bacteria;p__Actinobacteria;c__Actinobacteria;o__Bifidobacteriales;f__Bifidobacteriaceae;g__Bifidobacterium;s__Bifidobacterium_longum	k__Bacteria;p__Firmicutes;c__Clostridia;o__Clostridiales;f__;g__Flavonifractor;s__Flavonifractor_plautii	k__Bacteria;p__Firmicutes;c__Clostridia;o__Clostridiales;f__Clostridiaceae;g__Clostridium;s__Clostridium_phoceensis	k__Bacteria;p__Verrucomicrobia;c__Verrucomicrobiae;o__Verrucomicrobiales;f__Akkermansiaceae;g__Akkermansia;s__Akkermansia_muciniphila	k__Bacteria;p__Bacteroidetes;c__Bacteroidia;o__Bacteroidales;f__Prevotellaceae;g__Paraprevotella;s__Paraprevotella_xylaniphila	k__Bacteria;p__Firmicutes;c__Clostridia;o__Clostridiales;f__Ruminococcaceae;g__Ruminococcus;s__Ruminococcus_callidus	k__Bacteria;p__Bacteroidetes;c__Bacteroidia;o__Bacteroidales;f__Rikenellaceae;g__Alistipes;s__Alistipes_senegalensis	k__Bacteria;p__Firmicutes;c__Clostridia;o__Clostridiales;f__Lachnospiraceae;g__Blautia;s__Blautia_sp._KLE_1732	k__Bacteria;p__Bacteroidetes;c__Bacteroidia;o__Bacteroidales;f__Bacteroidaceae;g__Bacteroides;s__Bacteroides_oleiciplenus	k__Bacteria;p__Firmicutes;c__Clostridia;o__Clostridiales;f__Ruminococcaceae;g__Ruminococcus;s__Ruminococcus_bicirculans	k__Bacteria;p__Bacteroidetes;c__Bacteroidia;o__Bacteroidales;f__Bacteroidaceae;g__Bacteroides;s__Bacteroides_fluxus	k__Bacteria;p__Bacteroidetes;c__Bacteroidia;o__Bacteroidales;f__Prevotellaceae;g__Prevotella;s__Prevotella_stercorea	k__Bacteria;p__Firmicutes;c__Clostridia;o__Clostridiales;f__Lachnospiraceae;g__Dorea;s__Dorea_longicatena	k__Bacteria;p__Firmicutes;c__Clostridia;o__Clostridiales;f__Eubacteriaceae;g__Eubacterium;s__[Eubacterium]_eligens	k__Bacteria;p__Firmicutes;c__Clostridia;o__Clostridiales;f__Ruminococcaceae;g__;s__Ruminococcaceae_bacterium_D16	k__Bacteria;p__Firmicutes;c__Clostridia;o__Clostridiales;f__Lachnospiraceae;g__Coprococcus;s__Coprococcus_comes	k__Bacteria;p__Proteobacteria;c__Gammaproteobacteria;o__Enterobacterales;f__Enterobacteriaceae;g__Escherichia;s__Escherichia_coli	k__Bacteria;p__Firmicutes;c__Clostridia;o__Clostridiales;f__Ruminococcaceae;g__Anaerotruncus;s__Anaerotruncus_colihominis	k__Bacteria;p__Firmicutes;c__Clostridia;o__Clostridiales;f__Lachnospiraceae;g__Blautia;s__Blautia_obeum	k__Bacteria;p__Bacteroidetes;c__Bacteroidia;o__Bacteroidales;f__Odoribacteraceae;g__Odoribacter;s__Odoribacter_laneus	k__Bacteria;p__Firmicutes;c__Clostridia;o__Clostridiales;f__Ruminococcaceae;g__Ruminiclostridium;s__[Clostridium]_leptum	k__Bacteria;p__Bacteroidetes;c__Bacteroidia;o__Bacteroidales;f__Porphyromonadaceae;g__Parabacteroides;s__Parabacteroides_goldsteinii	k__Bacteria;p__Firmicutes;c__Clostridia;o__Clostridiales;f__Lachnospiraceae;g__Anaerostipes;s__Anaerostipes_hadrus	k__Bacteria;p__Firmicutes;c__Clostridia;o__Clostridiales;f__Ruminococcaceae;g__Ruminococcus;s__Ruminococcus_lactaris	k__Bacteria;p__Firmicutes;c__Clostridia;o__Clostridiales;f__Clostridiaceae;g__Clostridium;s__Clostridium_sp._L2-50	k__Bacteria;p__Firmicutes;c__Clostridia;o__Clostridiales;f__Clostridiaceae;g__Clostridium;s__Clostridium_sp._M62/1	k__Bacteria;p__Firmicutes;c__Clostridia;o__Clostridiales;f__;g__Intestinimonas;s__Intestinimonas_butyriciproducens	k__Bacteria;p__Actinobacteria;c__Actinobacteria;o__Bifidobacteriales;f__Bifidobacteriaceae;g__Bifidobacterium;s__Bifidobacterium_bifidum	k__Bacteria;p__Firmicutes;c__Negativicutes;o__Veillonellales;f__Veillonellaceae;g__Dialister;s__Dialister_invisus	k__Bacteria;p__Bacteroidetes;c__Bacteroidia;o__Bacteroidales;f__Bacteroidaceae;g__Bacteroides;s__Bacteroides_salanitronis
k__Bacteria;p__Bacteroidetes;c__Bacteroidia;o__Bacteroidales;f__Bacteroidaceae;g__Bacteroides;s__Bacteroides_vulgatus	1.0	-0.0714505834767	-0.0268197034947	-0.0430326537795	-0.0328819999932	-0.0655180611055	-0.0280886594429	-0.00526432551331	-0.00230104141842	0.0177006241887	0.00870950432407	-0.0437412961726	-0.0280962784162	0.0138537724201	-0.0580817810469	-0.00506952174843	0.0361045430266	0.0202070673647	-0.0393504768918	-0.0191252273595	0.0506568524796	0.00371085491766	0.0254558492752	-0.0310232938208	-0.0177026087105	0.0352621425377	0.050074175368	0.00768818539362	-0.0566087657509	-0.0473416504058	0.0196344439233	-0.0303398193118	0.03200913984	0.00717358767376	-0.00277503779204	0.0221477509243	0.0153350671057	0.0136190844877	-0.0103575045208	-0.071975459791	0.00708376449916	0.0514214565684	-0.00172394048781	-0.00206906333345	-0.00103424284564	0.0217130254648	-0.0219512622759	-0.0351116036325	0.0721473057731	-0.0513181052249	0.0378115570096	0.0531870433857	-0.0130452757596	-0.0289317995521	0.0280658288696	-0.0240689982156	0.00957347097062	-0.015867857088	-0.0896095181878
k__Bacteria;p__Bacteroidetes;c__Bacteroidia;o__Bacteroidales;f__Bacteroidaceae;g__Bacteroides;s__Bacteroides_uniformis	-0.0714505834767	1.0	0.00904567009065	-0.00852936033882	-0.0129629366199	-0.0116103507819	0.00803123229958	-0.0300755150762	-0.00220225081398	0.0359609946735	-0.0314924110557	-0.041053825716	-0.0117510008258	0.0348887160916	0.00657882056473	0.000445888207041	-0.0116431938381	-0.016802037076	0.00167524841877	-0.00407620435451	-0.0403909314956	-0.0314372832047	0.046327021089	0.0302209396795	0.0119405126118	0.0437098849755	0.0408226122486	-0.00217218584494	-0.0360909083441	0.0219786971958	0.013050386162	0.0202180247025	-0.0350261227204	-0.00626939877589	-0.0217393151418	0.00215461688547	0.00997204262406	-0.031606751447	0.0047976467291	-0.0244370247481	-0.00969434145549	0.0461977225904	-0.0112106750209	0.0247759260194	-0.0132093967969	-0.00810655211624	0.0415518612201	-0.0157118042229	0.0072581218293	-0.082421590239	0.0465805244809	-0.0457931958456	0.00140465197415	-0.00438353503902	-0.00464340598728	0.012737945671	-0.0206475017138	-0.0172574789303	0.0211170307909
k__Bacteria;p__Bacteroidetes;c__Bacteroidia;o__Bacteroidales;f__Rikenellaceae;g__Alistipes;s__Alistipes_putredinis	-0.0268197034947	0.00904567009065	1.0	0.0536211913338	0.0385503908775	0.0444952448401	-0.0209184486447	-0.0167303502955	-0.0570565912837	-0.0564327431616	-0.00728837228486	-0.0348118538349	-0.0197015857675	0.0237448575783	-0.0408952866987	0.0250032663976	0.0168258379448	0.0194371895348	-0.00528843828235	-0.0392395072568	0.027644276626	-0.00877377136534	-0.0157981831857	-0.0177884728407	-0.0539135459938	-0.0220895582382	-0.0459532005426	-0.0297089233773	-0.0334938842261	0.0279652533259	-0.0413523068851	-0.0136911373635	-0.0215941072576	0.00117958510054	-0.0112602075088	0.00960949723507	-0.0118571616191	-0.0186890047859	-5.22078524392e-05	-0.0185977650107	0.00260438581694	0.0488572603498	-0.0114828762233	0.0299782924847	-0.0228776422949	-0.00271704281259	0.028121478564	-0.0364226579123	-0.0534830293237	-0.0192394738262	-0.00838449656867	-0.0366601155367	0.00545407614238	0.0119565981244	-0.00420009729768	0.00231932842627	0.0582216443717	-0.0302876434828	0.036203871014
k__Bacteria;p__Bacteroidetes;c__Bacteroidia;o__Bacteroidales;f__Prevotellaceae;g__Prevotella;s__Prevotella_copri	-0.0430326537795	-0.00852936033882	0.0536211913338	1.0	0.00780032454469	-0.031582230273	-0.00527669681404	-0.0096058047564	-0.00880710146494	0.00845310334081	-0.0684901693635	0.00727166054248	0.00779995203654	-0.0307697584681	-0.0135637164384	-0.0529807472907	-0.029177237853	0.018831418248	0.000973794684734	0.00671515617063	-0.0403369088811	0.0192771906174	-0.0315429629544	0.0266012017611	0.00368614709035	0.0110430798959	-0.0062872351141	0.0107330896978	-0.0301709876395	0.000349159880613	-0.0838944558695	-0.0309824416133	-0.0177180064907	0.00723653041935	0.0229993887002	0.00492107185519	-0.0706451158588	0.0420881672444	0.0420955576546	-0.0258929919095	-0.0265796673375	0.0230458860271	-0.0308487314096	-0.0170567018821	0.000148819536475	-0.0116431894605	0.0428868634391	-0.0455705922817	-0.0185112875289	-0.0222992630679	-0.0111184742126	0.0203670091223	0.0162915798631	-0.015179450026	-0.0394212239423	0.0118292864892	0.00759861122346	0.00276550185232	0.0316842116667
k__Bacteria;p__Bacteroidetes;c__Bacteroidia;o__Bacteroidales;f__Bacteroidaceae;g__Bacteroides;s__Bacteroides_stercoris	-0.0328819999932	-0.0129629366199	0.0385503908775	0.00780032454469	1.0	-0.0335679710807	-0.0223506443181	-0.0177403673241	0.0339978800429	-0.0129391232084	0.0919875778425	-0.0457645031875	0.0382314892554	-0.0659922226274	0.0406999592266	0.0160640879458	-0.0246268277702	0.0253360278388	0.0350273055539	0.052847464851	0.00169403828142	-0.069679453237	0.00869139774572	-0.000883732036321	-0.0169266130733	0.00292007848494	-0.0136504562697	0.00766106763913	-0.00111519585093	-0.0168139662306	-0.0301707373111	-0.00447327070032	0.0536556665114	-0.0207674383386	-0.033570902329	-0.0027902530727	-0.0703002504251	0.0392648888348	-0.0380798193733	-0.016910594343	0.0157231231011	0.00121990711977	-0.0373062337077	-0.0226545002484	-0.015771826188	-0.0255476906594	0.0626369530984	-0.0165701396611	-0.00906753417934	-0.0203474695904	0.0341878576309	-0.005280378513	0.0156689502356	-0.0523303642493	-0.02131252325	0.0381335506133	-0.0315039837503	0.0185609272519	-0.00948591656335
k__Bacteria;p__Bacteroidetes;c__Bacteroidia;o__Bacteroidales;f__Bacteroidaceae;g__Bacteroides;s__Bacteroides_ovatus	-0.0655180611055	-0.0116103507819	0.0444952448401	-0.031582230273	-0.0335679710807	1.0	-0.0130049857078	-0.0363530721953	0.00167596136854	-0.016198249843	-0.0406603794383	-0.00876380329944	-0.0203775287019	-0.0348055234124	-0.053601803067	0.0205274434813	-0.0919742806931	0.00637778328249	0.0141577054794	0.0276149645638	-0.0841755645832	0.0298903158799	-0.0187533575743	-0.00444481764084	-0.0626524533948	0.00748839803986	-0.0721024610286	-0.0825962367457	-0.0252252900419	0.0320725211403	0.032731040604	-0.0373017261167	-0.072909211362	-0.00196134333243	-0.0364497169658	0.00625844078795	-0.00426194892376	-0.041948430068	-0.0346916765546	-0.0428753853272	0.0143809060722	0.0022072990739	0.00181438182259	0.00401694141864	0.0142353020605	-0.00941382620917	-0.0405920542852	0.0168850259134	0.0209173210599	-0.00982099168423	0.0417713037604	-0.0264446563846	-0.0271120630441	0.037129773922	-0.00729281925776	-0.00271365952069	0.0264045817059	0.00483622940476	0.0590637181253
k__Bacteria;p__Bacteroidetes;c__Bacteroidia;o__Bacteroidales;f__Rikenellaceae;g__Alistipes;s__Alistipes_shahii	-0.0280886594429	0.00803123229958	-0.0209184486447	-0.00527669681404	-0.0223506443181	-0.0130049857078	1.0	0.0407474707319	-0.0234879821808	-0.0107736514424	-0.0136345152299	-0.00801374956843	0.00764875300246	0.0290204359529	0.0503949685555	0.0217365686101	-0.0479217536901	-0.0937267485305	0.0072854909409	0.0078308073302	-0.059473523133	0.0703124618881	-0.0125393124221	-0.0142369489622	-0.0583865316956	0.00176827789491	-0.0237638460934	0.0154953944978	-0.0137476044415	0.00128824155111	0.044894528943	0.0651725549821	0.0222626697633	0.0138423932166	-0.0216724478778	-0.0126150063432	-0.0209239203005	0.0069597846294	-0.0327441471686	-0.00930713888345	-0.00353175357133	-0.00617246139515	-0.0122039534055	-0.00960119353246	-0.0435502897775	0.00463164591737	-0.0563089626724	0.0208142595145	-0.0380393528432	-0.0573206270694	-0.0106673792979	-0.0211668590159	0.0410185943827	-0.00494350217347	-0.0323347369965	-0.0287439721383	0.0716777214654	0.0776936251785	0.0211608507789
k__Bacteria;p__Firmicutes;c__Clostridia;o__Clostridiales;f__Ruminococcaceae;g__Faecalibacterium;s__Faecalibacterium_prausnitzii	-0.00526432551331	-0.0300755150762	-0.0167303502955	-0.0096058047564	-0.0177403673241	-0.0363530721953	0.0407474707319	1.0	0.0308478891994	0.0820283556641	-0.0398200659953	-0.0562325134642	0.0383646679805	-0.0464082221532	-0.0442598074658	0.063461222234	-0.0155130475598	0.0268932173021	0.0155961532128	-0.0021603378375	0.0031334584943	0.0209502189436	0.0148647631129	-0.00190578431268	-0.0315357915157	-0.0249348787299	-0.0269935850811	-0.021876875442	-0.0366539375762	-0.0382672191817	-0.0471295710804	-0.0103506058799	0.0243622514316	0.000342825978866	-0.0429790692122	-0.0486081448543	0.0555812649215	-0.048462250736	-0.0352733556837	0.00484562802921	0.00244352658074	0.00910311877943	-0.00758271510338	0.00865071924815	-0.0333643014535	0.0412050904559	0.0431981282976	0.00794632997732	-0.0416029829132	-0.0147716338551	0.00599902313425	0.0267821622115	0.0335215639819	-0.0166529808206	0.0246438234503	-0.0232955129578	0.00599463554963	-0.00911219009262	-0.0252371915724
k__Bacteria;p__Bacteroidetes;c__Bacteroidia;o__Bacteroidales;f__Rikenellaceae;g__Alistipes;s__Alistipes_finegoldii	-0.00230104141842	-0.00220225081398	-0.0570565912837	-0.00880710146494	0.0339978800429	0.00167596136854	-0.0234879821808	0.0308478891994	1.0	-0.0507329590575	0.00124721240201	-0.0391816273647	-0.0205188050832	0.00658399956652	0.0199361202947	-0.0516739193598	0.00692782018381	0.00425991296272	0.0348607327782	-0.00868240932136	0.0483162599563	-0.0527512814694	-0.00338285436283	-0.0677892166408	-0.0116133005513	0.0164461441598	-0.0123849047993	-0.0244091841779	-0.0245466014593	-0.0129465264186	-0.0200474025582	-0.0340135263564	-0.0309673352459	-0.0224958870841	0.00490265498364	-0.0153686869162	0.00246256878418	0.0626990731255	-0.0328896704113	0.0011354238355	0.0346706943695	0.0233034648767	-0.00218581536361	0.0084505668094	-0.0193183864165	0.00884328423901	0.0452227807049	-0.0665733195843	-0.0377295853379	-0.00222844000069	0.00635181413709	-0.0544624904574	0.0215510838632	-0.0109922729528	0.0452933367324	-0.0325372284319	-0.0208504477056	0.0292066446799	0.0148839338911
k__Bacteria;p__Bacteroidetes;c__Bacteroidia;o__Bacteroidales;f__Porphyromonadaceae;g__Parabacteroides;s__Parabacteroides_distasonis	0.0177006241887	0.0359609946735	-0.0564327431616	0.00845310334081	-0.0129391232084	-0.016198249843	-0.0107736514424	0.0820283556641	-0.0507329590575	1.0	-0.0390780171079	-0.00851685611033	-0.0663378274987	0.0130385313821	-0.0450824398573	0.00299413353914	0.0109633309719	-0.00637693133841	0.0092794588605	-0.0401577186935	-0.0145973881042	-0.0150320744658	0.00494923423506	-0.00393811343245	-0.0474068550907	-0.0388750748861	-0.0436287835507	0.019685083498	0.0332092839199	0.000660199935089	0.0017137249654	-0.00612630894972	-0.0401684857249	0.0639110655783	0.00862187860316	-0.0262948997126	0.052749506281	0.0461102104061	0.032510410664	-0.0563142420525	0.00807899744724	-0.0385612414611	-0.0106208518621	0.00806603761299	0.0079602023562	-0.0360330918487	0.0245006477653	-0.00831185076339	0.0136475659517	-0.0122600359424	-0.00758621354028	0.0514599642527	-0.0308881028006	-0.00150648940358	0.0578115681241	0.0162406547229	0.0299301836351	-0.0135987875657	0.0207563660304
k__Bacteria;p__Bacteroidetes;c__Bacteroidia;o__Bacteroidales;f__Bacteroidaceae;g__Bacteroides;s__Bacteroides_thetaiotaomicron	0.00870950432407	-0.0314924110556	-0.00728837228486	-0.0684901693635	0.0919875778425	-0.0406603794383	-0.0136345152299	-0.0398200659953	0.00124721240201	-0.0390780171079	1.0	0.0137167708565	0.00401320683613	-0.0216255485322	-0.0551809508166	-0.0355743030717	0.0219517774628	-0.00727674105054	-0.0514172398543	-0.0296307142414	0.00240779112119	-0.012325067216	0.0193716142815	-0.0207431093519	-0.0753529545099	0.0108127281179	0.0588529024631	0.0240656096002	0.0125826910148	0.0334330440967	-0.0446966331626	-0.0177760338706	-0.00953804272781	-0.0080995195826	-0.0160940915679	0.00439000032152	-0.0073267718639	-0.00418735955943	-0.000973150571261	0.0510611852964	-0.00536297909971	0.0241361293364	-0.0103914018476	-0.0205656015481	-0.021183998659	0.058605347103	-0.0133190941329	-0.0447840210271	-0.0432968324269	-0.00912084754589	-0.0445724255226	-0.0341590072732	-0.0168697113012	0.0157772408371	-0.0055105495703	-0.0079712030374	-0.0216154829466	0.0485196306293	-0.0135018405664
k__Bacteria;p__Bacteroidetes;c__Bacteroidia;o__Bacteroidales;f__Bacteroidaceae;g__Bacteroides;s__Bacteroides_coprocola	-0.0437412961726	-0.041053825716	-0.0348118538349	0.00727166054248	-0.0457645031875	-0.00876380329944	-0.00801374956843	-0.0562325134642	-0.0391816273647	-0.00851685611033	0.0137167708565	1.0	0.00551879638633	-0.0309502313832	0.00142240993176	0.00318874217201	0.0614653100045	0.0526722143606	0.00217151239009	0.0291651342418	0.0244849083234	-0.021951261187	-0.0607119973875	0.0217053993368	0.0740471438011	0.0327353565165	-0.0408842509383	-0.0672727407152	0.0133231021626	-0.0440255636567	0.000128784767093	-0.0121766824706	-0.0315045891804	-0.00971449262603	0.0360495559034	-0.0171765052416	-0.0288777238471	-0.0142614165555	0.0229678417064	0.0592768593999	-0.0217190922284	0.0446215609534	-0.0250094138175	-0.0455244243327	-0.0099056174404	0.0144428999898	-0.0634064160673	-0.00102955113511	-0.0712158230845	-0.0237522255605	0.0356212378555	0.0285777354206	-0.00894552063409	-0.0323364839038	-0.0451338146968	0.0114284264739	0.0186764992654	0.0396879252082	0.0398752820319
k__Bacteria;p__Bacteroidetes;c__Bacteroidia;o__Bacteroidales;f__Bacteroidaceae;g__Bacteroides;s__Bacteroides_cellulosilyticus	-0.0280962784162	-0.0117510008258	-0.0197015857675	0.00779995203654	0.0382314892554	-0.0203775287019	0.00764875300246	0.0383646679805	-0.0205188050832	-0.0663378274987	0.00401320683613	0.00551879638633	1.0	0.00473824081389	0.0132196385547	0.0280148265661	0.0323051257228	-0.0615176066253	-0.00219200512888	-0.0409110209922	0.0564720709909	0.000367776909991	-0.0173726894889	-0.0133265713554	0.0157212768552	-0.0218184450677	-0.0486741381262	-0.0455616177121	0.017971857129	0.00689080344328	0.0188275104275	-0.0145457125361	0.0240351403503	-0.0388065351132	-0.0240066974774	0.00614282145993	-0.05217600729	0.00936612436839	-0.0539294137531	-0.0075539036538	0.0137803037407	0.0114486598652	0.0167270120449	0.0366801255903	-0.0375258112058	-0.00699485546892	-0.0336462969182	-0.049979381775	0.0366787387447	-0.0467901131073	-0.0956793544672	0.0194976895244	-0.00700087313923	0.00458597922231	-0.0472208766695	-0.0560520167751	-0.00652791932343	-0.0483665165775	-0.0305511014402
k__Bacteria;p__Bacteroidetes;c__Bacteroidia;o__Bacteroidales;f__Rikenellaceae;g__Alistipes;s__Alistipes_obesi	0.0138537724201	0.0348887160916	0.0237448575783	-0.0307697584681	-0.0659922226274	-0.0348055234124	0.0290204359529	-0.0464082221532	0.00658399956652	0.0130385313821	-0.0216255485322	-0.0309502313832	0.00473824081389	1.0	-0.037075480923	0.00913104282071	-0.0296033506322	-0.00412496169734	-0.0155631388491	0.00283127719276	0.0180567343469	0.0718674543601	-0.0144537009488	-0.0206004945014	-0.0207272603715	-0.0454487227935	0.00225511467374	0.00771549470825	-0.00984543561138	0.0457948384233	0.00570084350296	0.00478248038524	0.00376773060677	-0.063089524325	-0.0398748322211	0.0257540024515	0.031576636737	-0.00310234818061	-0.0145088227165	-0.0467607651642	-0.0332938188649	-0.0466772476477	0.0164836861297	0.00556336973304	-0.0471437839814	-0.00130895429152	-0.0167991663466	-0.0435376173262	0.0152285610234	0.0391868075435	-0.00991756285975	-0.0320903428287	0.0356111839028	-0.0345176014774	-0.0233512451849	0.0208184715661	0.00346527756391	-0.056139701233	-0.047192873601
k__Bacteria;p__Firmicutes;c__Clostridia;o__Clostridiales;f__Lachnospiraceae;g__;s__[Eubacterium]_rectale	-0.0580817810469	0.00657882056473	-0.0408952866987	-0.0135637164384	0.0406999592266	-0.053601803067	0.0503949685555	-0.0442598074658	0.0199361202947	-0.0450824398573	-0.0551809508166	0.00142240993176	0.0132196385547	-0.037075480923	1.0	0.0525123521748	0.0206094803542	-0.00838321697966	-0.053929382036	0.0158216759616	-0.00767439761051	-0.0538882450099	-0.00950616022549	0.0147845679813	-0.00658667861902	0.00623273197691	0.0669570842457	0.0159890266769	0.0225036638526	-0.0102483449907	0.0534111207708	0.0228770887337	0.00136670150749	-0.0329538955601	-0.0493447343686	0.000469987416383	0.0571856003494	0.0289723445088	-0.0552298475317	0.0480186858981	0.0397596993619	-0.0155807426492	0.0411364734105	-0.0124038561745	-0.00459397181655	-0.0118879482326	-0.0111025943535	-0.0255982737236	-0.00536110997331	-0.00249879695153	-0.0185224124773	0.00976019819582	-0.0255114846613	-0.0555070226651	-0.0824358786535	-0.0182581518298	-0.0150127305495	0.0212036565755	-0.0531093351453
k__Bacteria;p__Bacteroidetes;c__Bacteroidia;o__Bacteroidales;f__Bacteroidaceae;g__Bacteroides;s__Bacteroides_plebeius	-0.00506952174843	0.000445888207041	0.0250032663976	-0.0529807472907	0.0160640879458	0.0205274434813	0.0217365686101	0.063461222234	-0.0516739193598	0.00299413353914	-0.0355743030717	0.00318874217201	0.0280148265661	0.00913104282071	0.0525123521748	1.0	0.00344181675843	-0.0443026208692	0.0309799027901	0.000622653563516	0.0563557052111	-0.0196192748976	-0.0167156386887	-0.00372990075713	-0.0652302582811	-0.066643042774	-0.0113320700632	-0.00897407080279	0.00698435807657	0.0271647318432	0.00382565051431	-0.0135514301024	-0.0195340291376	-0.0269174366483	-0.0184069555593	0.000114742021864	0.00390860718536	0.0192674853059	-0.0252423407283	-0.0289011960932	0.100527385437	-0.0507487607991	0.00619707110991	-0.00198366657633	0.041520869476	-0.0407550724597	0.0236478586488	-0.0119477595505	0.0134328264919	0.0101103965078	-0.0454974035398	0.00521915297101	-0.00109822003364	0.0190944497828	0.00614438190255	-0.00427333061083	-0.0658072633511	0.0091488657719	-0.0812744423886
k__Bacteria;p__Bacteroidetes;c__Bacteroidia;o__Bacteroidales;f__Bacteroidaceae;g__Bacteroides;s__Bacteroides_fragilis	0.0361045430266	-0.0116431938381	0.0168258379448	-0.029177237853	-0.0246268277702	-0.0919742806931	-0.0479217536901	-0.0155130475598	0.00692782018381	0.0109633309719	0.0219517774628	0.0614653100045	0.0323051257228	-0.0296033506322	0.0206094803542	0.00344181675843	1.0	-0.0070890338199	-0.000592510129307	0.00709772474791	0.0471221193823	0.00251542969036	0.0249122722527	-0.0225506334486	0.0385168539665	-0.00850199378647	0.0193117067785	0.02494180677	0.00117437330719	-0.0299212622445	-0.0121348303721	-0.0626372777805	-0.0147970234953	0.0422708528562	0.0263267882167	-0.0174247732541	0.0359376837201	-0.0171935934596	-0.0596999424847	-0.0209200329096	-0.0548005400758	0.0226931962419	0.048793315834	0.0144737987987	-0.0204719755445	0.0429632484608	0.0196121554988	-0.0510979205057	-0.0085318265189	-0.0351799880711	0.0156575219367	-0.00360823438693	-0.0599081347019	-0.0311594020324	0.0255036190358	-0.0139464952826	-0.0426804727706	-0.0202833374061	-0.00228184207008
k__Bacteria;p__Proteobacteria;c__Betaproteobacteria;o__Burkholderiales;f__Sutterellaceae;g__Sutterella;s__Sutterella_wadsworthensis	0.0202070673647	-0.016802037076	0.0194371895348	0.018831418248	0.0253360278388	0.00637778328249	-0.0937267485305	0.0268932173021	0.00425991296272	-0.00637693133841	-0.00727674105054	0.0526722143606	-0.0615176066253	-0.00412496169734	-0.00838321697966	-0.0443026208692	-0.0070890338199	1.0	0.000609549083917	-0.0483575529585	0.0203981992447	-0.0179597695041	-0.0290138918161	-0.0160957536395	0.00138095649996	-0.0260219030706	0.00439435105285	-0.00478919258543	0.0281837703035	0.0180423736307	-0.0123009656487	-0.00111345169187	-0.0113456334145	0.0274774017855	0.0370667159731	0.0244040128326	0.0151831182138	0.0565128921014	0.0148490272563	-0.0355321336568	-0.0102715351475	-0.0046734243563	-0.00646143792377	-0.00328223913947	-0.0114240819002	-0.0162477840311	-0.0222847948637	-0.0394101747092	-0.0188555769376	0.0155747680674	-0.0269634976887	-0.0302086684734	0.0577593644757	0.0151348182856	0.00409470070004	0.00921476532505	-0.0142398219285	-0.0253719714393	0.0142233157209
k__Bacteria;p__Bacteroidetes;c__Bacteroidia;o__Bacteroidales;f__Porphyromonadaceae;g__Barnesiella;s__Barnesiella_intestinihominis	-0.0393504768918	0.00167524841877	-0.00528843828235	0.000973794684734	0.0350273055539	0.0141577054794	0.0072854909409	0.0155961532128	0.0348607327782	0.0092794588605	-0.0514172398543	0.00217151239009	-0.00219200512888	-0.0155631388491	-0.053929382036	0.0309799027901	-0.000592510129307	0.000609549083917	1.0	-0.019780661617	-0.020790785853	-0.0260824333601	-0.0649059637753	-0.0238913580649	0.0244475281312	-0.0291204133735	0.0318865214088	0.0038750733732	0.0406543624374	0.0377923385552	0.0430520053907	-0.0272708280474	-0.000856791841531	0.00133478780342	-0.00350921413571	0.000736940791704	0.0116360093782	-0.003323733262	0.0133737277931	-0.00647038139774	-0.0594602081198	-0.0220933401459	0.0212727058303	-0.0234402424408	-0.00566995817849	-0.0282557130811	-0.0246857921496	0.0194032663906	-0.0017542133394	0.0459238571222	0.0317974105172	-0.00987523964526	0.0217607935874	-0.0135835516661	-0.0462041959344	0.0481533017594	-0.03187722725	0.0352107894095	-0.0127524641388
k__Bacteria;p__Bacteroidetes;c__Bacteroidia;o__Bacteroidales;f__Odoribacteraceae;g__Odoribacter;s__Odoribacter_splanchnicus	-0.0191252273595	-0.00407620435451	-0.0392395072568	0.00671515617063	0.052847464851	0.0276149645638	0.0078308073302	-0.0021603378375	-0.00868240932136	-0.0401577186935	-0.0296307142414	0.0291651342418	-0.0409110209922	0.00283127719276	0.0158216759616	0.000622653563516	0.00709772474791	-0.0483575529585	-0.019780661617	1.0	0.00484657607769	-0.0421806301989	0.0357484925932	-0.0088024917309	-0.0105707373881	0.0103335824128	-0.00142414762406	-0.0055680215265	0.0389141888645	0.0198417488911	0.05151079566	0.00549392352219	0.00385638629262	-0.0210486050202	-0.0616216186656	-0.0290526998486	0.0122546098523	-0.00190201855843	-0.0581884889467	-0.00999136264836	0.0372827529292	-0.027669689187	-0.0100039515053	0.00546111962594	-0.140493280351	-0.0194277248484	-0.03512061762	-0.0082459036894	0.0171800739209	-0.0158689554176	-0.0413469460119	0.00821103870278	-0.0127804880807	-0.00146684221864	-0.0207338063057	0.00720463506516	-0.0142945785941	0.0157254960174	-0.0136603519081
k__Bacteria;p__Bacteroidetes;c__Bacteroidia;o__Bacteroidales;f__Bacteroidaceae;g__Bacteroides;s__Bacteroides_salyersiae	0.0506568524796	-0.0403909314956	0.027644276626	-0.0403369088811	0.00169403828142	-0.0841755645832	-0.059473523133	0.0031334584943	0.0483162599563	-0.0145973881042	0.00240779112119	0.0244849083234	0.0564720709909	0.0180567343469	-0.00767439761051	0.0563557052111	0.0471221193823	0.0203981992447	-0.020790785853	0.00484657607769	1.0	0.0057378244345	-0.0272096241869	0.0282717162392	-0.0240650854239	-0.0348838929091	0.0442484085209	-0.0222567238373	-0.0457653206261	-0.0548482337276	0.0218860253765	-0.0147273531483	0.0164527887621	0.010658161971	0.022243932206	-0.0335966200372	-0.0146448817329	0.010891212739	0.0177164739482	-0.0568516188123	-0.0100353394857	-0.0348042814941	-0.000740892727866	0.00788429020619	0.0255824735641	-0.0842694655347	0.00924159890482	-0.0363226373916	0.044898862208	0.0102950512398	-0.0209116640364	0.00745274918577	-0.0352039694298	0.010465786042	-0.00425873529128	-0.00213341467701	-0.00859936851246	-0.0561571419003	-0.00937572651008
k__Bacteria;p__Firmicutes;c__Clostridia;o__Clostridiales;f__Ruminococcaceae;g__Ruminiclostridium;s__[Eubacterium]_siraeum	0.00371085491766	-0.0314372832047	-0.00877377136534	0.0192771906174	-0.069679453237	0.0298903158799	0.0703124618881	0.0209502189436	-0.0527512814694	-0.0150320744658	-0.012325067216	-0.021951261187	0.000367776909991	0.0718674543601	-0.0538882450099	-0.0196192748976	0.00251542969036	-0.0179597695041	-0.0260824333601	-0.0421806301989	0.0057378244345	1.0	-0.00722244649369	-0.0133255485471	-0.0287053091749	-0.0347562903909	0.0331350583513	-0.0323370594917	0.0155802149092	-0.0258212483355	-0.00650302802932	-0.00636603866622	-0.041389218518	-0.00890348559285	-0.041397746621	-0.0167508926207	-0.0212352755069	-0.0246289177324	-0.0480127862108	-0.0536240035035	-0.00148874373718	-0.0574607520953	0.0119456365586	-0.0544626133652	0.0317131076775	-0.00379906115442	0.0721186544112	0.0571368858539	0.0200904465861	0.0248097477041	0.0386399724644	-0.0573447482107	0.0289143423431	-0.0526518126071	-0.0271858158221	0.0148296883717	0.0362109197243	-0.0199734783613	-0.0198776912124
k__Bacteria;p__Proteobacteria;c__Betaproteobacteria;o__Burkholderiales;f__Sutterellaceae;g__Parasutterella;s__Parasutterella_excrementihominis	0.0254558492752	0.046327021089	-0.0157981831857	-0.0315429629544	0.00869139774572	-0.0187533575743	-0.0125393124221	0.0148647631129	-0.00338285436283	0.00494923423506	0.0193716142815	-0.0607119973875	-0.0173726894889	-0.0144537009488	-0.00950616022549	-0.0167156386887	0.0249122722527	-0.0290138918161	-0.0649059637753	0.0357484925932	-0.0272096241869	-0.00722244649369	1.0	-0.0684119821862	-0.00748025243418	-0.0454691899436	0.0456307732216	-0.000245970349662	-0.0399285048738	0.0125243672623	-0.00816305477404	-0.000906753080995	0.0302391911193	0.0109142017014	0.0526441136643	0.0414556096266	-0.0113305080579	-0.0248543216385	0.0441691427842	0.00240573832427	-0.0596679641716	-0.0564333716725	-0.00944028163835	0.013111755613	-0.0406140253007	-0.0114035638902	0.0141117454987	-0.0258834470553	-0.0688080484245	-0.00944642921713	-0.0555616521244	-0.0117317379707	0.0187715564454	0.00843575981082	0.0429088932483	-0.0605778276488	-0.0113353867406	-0.0325345305898	-0.00915982060047
k__Bacteria;p__Actinobacteria;c__Actinobacteria;o__Bifidobacteriales;f__Bifidobacteriaceae;g__Bifidobacterium;s__Bifidobacterium_adolescentis	-0.0310232938208	0.0302209396795	-0.0177884728407	0.0266012017611	-0.000883732036321	-0.00444481764084	-0.0142369489622	-0.00190578431268	-0.0677892166408	-0.00393811343245	-0.0207431093519	0.0217053993368	-0.0133265713554	-0.0206004945014	0.0147845679813	-0.00372990075713	-0.0225506334486	-0.0160957536395	-0.0238913580649	-0.0088024917309	0.0282717162392	-0.0133255485471	-0.0684119821862	1.0	-0.00126236825998	0.0134563897032	0.0485036240867	-0.0940221226058	0.00848404536263	0.0338380696697	-0.0105529863227	0.00262655735412	0.0172447592692	0.0318091329959	-0.0318214624353	0.0199711413378	-0.0110987120029	0.0141566463397	0.00463755547762	-0.0821926822939	-0.00680281414316	-0.0212553157761	0.0105087120827	0.0309900912695	0.0127618216937	0.0127086177057	-0.0234113466994	-0.0469316038822	-0.00710286086446	0.00684019137633	0.0446338621164	0.0222715834095	0.01400072893	0.0163873678578	0.00299625078841	-0.0126432344814	-0.0387862665756	0.00419626710118	-0.0294474129599
k__Bacteria;p__Firmicutes;c__Clostridia;o__Clostridiales;f__Oscillospiraceae;g__Oscillibacter;s__Oscillibacter_sp._KLE_1745	-0.0177026087105	0.0119405126118	-0.0539135459938	0.00368614709035	-0.0169266130733	-0.0626524533948	-0.0583865316956	-0.0315357915157	-0.0116133005513	-0.0474068550907	-0.0753529545099	0.0740471438011	0.0157212768552	-0.0207272603715	-0.00658667861902	-0.0652302582811	0.0385168539665	0.00138095649996	0.0244475281312	-0.0105707373881	-0.0240650854239	-0.0287053091749	-0.00748025243418	-0.00126236825998	1.0	0.0270836142879	0.0193365347252	-0.0208126797886	-0.0358922817188	0.0242062279569	-0.0108232346761	0.0358741397891	-0.0167942430789	0.029304898236	0.0406800306705	-0.0143082348948	-0.00297116289524	-0.00642978127626	-0.0223352000652	0.0470522424309	0.0377874961589	-0.0196691818346	0.0181679239535	0.00254549990371	-0.0397056389353	-0.0288665925531	-0.00560076026578	0.051788279151	0.0192347312419	-0.0525929147247	0.00945784240652	0.0178245763352	-0.0429144357993	-0.01920611151	-0.00752664279793	-0.0261271333632	0.0504024332336	-0.0193417082026	0.0229831055898
k__Bacteria;p__Bacteroidetes;c__Bacteroidia;o__Bacteroidales;f__Bacteroidaceae;g__Bacteroides;s__Bacteroides_coprophilus	0.0352621425377	0.0437098849755	-0.0220895582382	0.0110430798959	0.00292007848494	0.00748839803986	0.00176827789491	-0.0249348787299	0.0164461441598	-0.0388750748861	0.0108127281179	0.0327353565165	-0.0218184450677	-0.0454487227935	0.00623273197691	-0.066643042774	-0.00850199378647	-0.0260219030706	-0.0291204133735	0.0103335824128	-0.0348838929091	-0.0347562903909	-0.0454691899436	0.0134563897032	0.0270836142879	1.0	0.00778357409294	0.000326220930468	0.00683340186081	-0.0173105235511	0.0254430881834	0.0213301088492	-0.0186628229414	0.0340833010436	-0.0313756464062	0.0245037219541	-0.010402029928	-0.0182390537847	-0.000365502295252	-0.0373188228968	0.0336448135088	0.0120772432829	-0.0452178920792	-0.0812165867266	0.0159236203894	0.0250929259227	-0.0543379840887	-0.00143039045562	0.0433433663804	0.00666087917362	-0.0556673537154	-0.0146703344782	-0.0452240654294	-0.00286665827169	-0.0182141817958	0.0338349751212	0.0258381227454	-0.00977091621312	-0.0480883256511
k__Bacteria;p__Firmicutes;c__Clostridia;o__Clostridiales;f__Lachnospiraceae;g__Roseburia;s__Roseburia_intestinalis	0.050074175368	0.0408226122486	-0.0459532005426	-0.0062872351141	-0.0136504562697	-0.0721024610286	-0.0237638460934	-0.0269935850811	-0.0123849047993	-0.0436287835507	0.0588529024631	-0.0408842509383	-0.0486741381262	0.00225511467374	0.0669570842457	-0.0113320700632	0.0193117067785	0.00439435105285	0.0318865214088	-0.00142414762406	0.0442484085209	0.0331350583513	0.0456307732216	0.0485036240867	0.0193365347252	0.00778357409294	1.0	0.0208288996483	-0.0570430566585	-0.0231227649916	0.0251136117684	-0.0139863676871	0.00935770458822	-0.0688333031375	-0.0321429123188	-0.0533034672623	-0.022527414264	0.00340357752495	0.0132345998333	0.0101915449256	-0.00390424741352	-0.0516821008262	0.033394765865	0.0638318672651	0.0585348562181	-0.0360486998798	-0.0338548076044	-0.00148267152155	0.0655042806757	-0.034862318218	0.0074485990991	0.0448749873983	0.0302349806622	0.0258917770624	-0.00560624095686	-0.0310052141256	-0.0219583577091	-0.0515863560457	0.012445000795
k__Bacteria;p__Firmicutes;c__Clostridia;o__Clostridiales;f__Lachnospiraceae;g__Roseburia;s__Roseburia_hominis	0.00768818539362	-0.00217218584494	-0.0297089233773	0.0107330896978	0.00766106763913	-0.0825962367457	0.0154953944978	-0.021876875442	-0.0244091841779	0.019685083498	0.0240656096002	-0.0672727407152	-0.0455616177121	0.00771549470825	0.0159890266769	-0.00897407080279	0.02494180677	-0.00478919258543	0.0038750733732	-0.0055680215265	-0.0222567238373	-0.0323370594917	-0.000245970349662	-0.0940221226058	-0.0208126797886	0.000326220930468	0.0208288996483	1.0	0.0257194666862	0.054829576095	0.058330748726	0.0575109184667	-0.0689964603618	-0.0100901723565	0.0265966622179	-0.0531795814152	-0.0143420832553	-0.0510099024292	-0.033696967949	0.00761684900915	-0.0430028344017	0.0514888437152	-0.0705701568852	0.0296755303425	0.0201187170451	0.0398979837585	0.0120670728586	0.00866893863519	-0.010225303577	0.00330086235636	-0.0122511137139	0.00914198920763	0.0227756585981	-0.0906554942834	-0.0502180974691	0.0162603741642	0.030298075068	0.0189993919727	-0.0574681867012
k__Bacteria;p__Bacteroidetes;c__Bacteroidia;o__Bacteroidales;f__Porphyromonadaceae;g__Parabacteroides;s__Parabacteroides_johnsonii	-0.0566087657509	-0.0360909083441	-0.0334938842261	-0.0301709876395	-0.00111519585093	-0.0252252900419	-0.0137476044415	-0.0366539375762	-0.0245466014593	0.0332092839199	0.0125826910148	0.0133231021626	0.017971857129	-0.00984543561138	0.0225036638526	0.00698435807657	0.00117437330719	0.0281837703035	0.0406543624374	0.0389141888645	-0.0457653206261	0.0155802149092	-0.0399285048738	0.00848404536263	-0.0358922817188	0.00683340186081	-0.0570430566585	0.0257194666862	1.0	-0.00381724584469	0.0339301350179	-0.0135616105615	-0.0144027802141	-0.00601804384679	0.0135966066342	-0.0172813170882	0.0642482220841	-0.0125414879726	-0.0340840377706	-0.0133668042798	-0.0376474094928	-0.0590963451044	-0.0187235396897	-0.00619485690163	-0.0395702415339	0.0338994796252	-0.0378924279834	0.0148798496529	0.0259660558685	-0.0513792824028	0.00882970083934	-0.0136590259003	0.00705537494001	0.00167780854541	0.0256390519681	-0.033090625531	-0.00827969985315	-0.0381905886324	-0.0537831844143
k__Bacteria;p__Actinobacteria;c__Actinobacteria;o__Bifidobacteriales;f__Bifidobacteriaceae;g__Bifidobacterium;s__Bifidobacterium_longum	-0.0473416504058	0.0219786971958	0.0279652533259	0.000349159880613	-0.0168139662306	0.0320725211403	0.00128824155111	-0.0382672191817	-0.0129465264186	0.000660199935089	0.0334330440967	-0.0440255636567	0.00689080344328	0.0457948384233	-0.0102483449907	0.0271647318432	-0.0299212622445	0.0180423736307	0.0377923385552	0.0198417488911	-0.0548482337276	-0.0258212483355	0.0125243672623	0.0338380696697	0.0242062279569	-0.0173105235511	-0.0231227649916	0.054829576095	-0.00381724584469	1.0	0.0328085760516	-0.0106557960565	-0.0185375515711	0.00297205322968	-0.054158302944	-0.0132959689778	-0.0517617128838	-0.0151392938554	-0.00174032801799	-0.0199374457849	0.00506193497502	0.00451076454918	-0.0190604332119	-0.00468375073313	-0.0158036169917	0.00660413680096	-0.0162776053789	0.0152979963023	0.00896896700091	0.0383248506147	-0.0212835309137	-0.0583206059076	0.00528717954538	-0.0482902101209	0.0417815570518	-0.00744793966758	0.00983515358982	-0.039528425308	-0.0106030049105
