#taxonomy	k__Bacteria;p__Bacteroidetes;c__Bacteroidia;o__Bacteroidales;f__Bacteroidaceae;g__Bacteroides;s__Bacteroides_vulgatus	k__Bacteria;p__Bacteroidetes;c__Bacteroidia;o__Bacteroidales;f__Bacteroidaceae;g__Bacteroides;s__Bacteroides_uniformis	k__Bacteria;p__Bacteroidetes;c__Bacteroidia;o__Bacteroidales;f__Rikenellaceae;g__Alistipes;s__Alistipes_putredinis	k__Bacteria;p__Bacteroidetes;c__Bacteroidia;o__Bacteroidales;f__Prevotellaceae;g__Prevotella;s__Prevotella_copri	k__Bacteria;p__Bacteroidetes;c__Bacteroidia;o__Bacteroidales;f__Bacteroidaceae;g__Bacteroides;s__Bacteroides_stercoris	k__Bacteria;p__Bacteroidetes;c__Bacteroidia;o__Bacteroidales;f__Bacteroidaceae;g__Bacteroides;s__Bacteroides_ovatus	k__Bacteria;p__Bacteroidetes;c__Bacteroidia;o__Bacteroidales;f__Rikenellaceae;g__Alistipes;s__Alistipes_shahii	k__Bacteria;p__Firmicutes;c__Clostridia;o__Clostridiales;f__Ruminococcaceae;g__Faecalibacterium;s__Faecalibacterium_prausnitzii	k__Bacteria;p__Bacteroidetes;c__Bacteroidia;o__Bacteroidales;f__Rikenellaceae;g__Alistipes;s__Alistipes_finegoldii	k__Bacteria;p__Bacteroidetes;c__Bacteroidia;o__Bacteroidales;f__Porphyromonadaceae;g__Parabacteroides;s__Parabacteroides_distasonis	k__Bacteria;p__Bacteroidetes;c__Bacteroidia;o__Bacteroidales;f__Bacteroidaceae;g__Bacteroides;s__Bacteroides_thetaiotaomicron	k__Bacteria;p__Bacteroidetes;c__Bacteroidia;o__Bacteroidales;f__Bacteroidaceae;g__Bacteroides;s__Bacteroides_coprocola	k__Bacteria;p__Bacteroidetes;c__Bacteroidia;o__Bacteroidales;f__Bacteroidaceae;g__Bacteroides;s__Bacteroides_cellulosilyticus	k__Bacteria;p__Bacteroidetes;c__Bacteroidia;o__Bacteroidales;f__Rikenellaceae;g__Alistipes;s__Alistipes_obesi	k__Bacteria;p__Firmicutes;c__Clostridia;o__Clostridiales;f__Lachnospiraceae;g__;s__[Eubacterium]_rectale	k__Bacteria;p__Bacteroidetes;c__Bacteroidia;o__Bacteroidales;f__Bacteroidaceae;g__Bacteroides;s__Bacteroides_plebeius	k__Bacteria;p__Bacteroidetes;c__Bacteroidia;o__Bacteroidales;f__Bacteroidaceae;g__Bacteroides;s__Bacteroides_fragilis	k__Bacteria;p__Proteobacteria;c__Betaproteobacteria;o__Burkholderiales;f__Sutterellaceae;g__Sutterella;s__Sutterella_wadsworthensis	k__Bacteria;p__Bacteroidetes;c__Bacteroidia;o__Bacteroidales;f__Porphyromonadaceae;g__Barnesiella;s__Barnesiella_intestinihominis	k__Bacteria;p__Bacteroidetes;c__Bacteroidia;o__Bacteroidales;f__Odoribacteraceae;g__Odoribacter;s__Odoribacter_splanchnicus	k__Bacteria;p__Bacteroidetes;c__Bacteroidia;o__Bacteroidales;f__Bacteroidaceae;g__Bacteroides;s__Bacteroides_salyersiae	k__Bacteria;p__Firmicutes;c__Clostridia;o__Clostridiales;f__Ruminococcaceae;g__Ruminiclostridium;s__[Eubacterium]_siraeum	k__Bacteria;p__Proteobacteria;c__Betaproteobacteria;o__Burkholderiales;f__Sutterellaceae;g__Parasutterella;s__Parasutterella_excrementihominis	k__Bacteria;p__Actinobacteria;c__Actinobacteria;o__Bifidobacteriales;f__Bifidobacteriaceae;g__Bifidobacterium;s__Bifidobacterium_adolescentis	k__Bacteria;p__Firmicutes;c__Clostridia;o__Clostridiales;f__Oscillospiraceae;g__Oscillibacter;s__Oscillibacter_sp._KLE_1745	k__Bacteria;p__Bacteroidetes;c__Bacteroidia;o__Bacteroidales;f__Bacteroidaceae;g__Bacteroides;s__Bacteroides_coprophilus	k__Bacteria;p__Firmicutes;c__Clostridia;o__Clostridiales;f__Lachnospiraceae;g__Roseburia;s__Roseburia_intestinalis	k__Bacteria;p__Firmicutes;c__Clostridia;o__Clostridiales;f__Lachnospiraceae;g__Roseburia;s__Roseburia_hominis	k__Bacteria;p__Bacteroidetes;c__Bacteroidia;o__Bacteroidales;f__Porphyromonadaceae;g__Parabacteroides;s__Parabacteroides_johnsonii	k__Bacteria;p__Actinobacteria;c__Actinobacteria;o__Bifidobacteriales;f__Bifidobacteriaceae;g__Bifidobacterium;s__Bifidobacterium_longum	k__Bacteria;p__Firmicutes;c__Clostridia;o__Clostridiales;f__;g__Flavonifractor;s__Flavonifractor_plautii	k__Bacteria;p__Firmicutes;c__Clostridia;o__Clostridiales;f__Clostridiaceae;g__Clostridium;s__Clostridium_phoceensis	k__Bacteria;p__Verrucomicrobia;c__Verrucomicrobiae;o__Verrucomicrobiales;f__Akkermansiaceae;g__Akkermansia;s__Akkermansia_muciniphila	k__Bacteria;p__Bacteroidetes;c__Bacteroidia;o__Bacteroidales;f__Prevotellaceae;g__Paraprevotella;s__Paraprevotella_xylaniphila	k__Bacteria;p__Firmicutes;c__Clostridia;o__Clostridiales;f__Ruminococcaceae;g__Ruminococcus;s__Ruminococcus_callidus	k__Bacteria;p__Bacteroidetes;c__Bacteroidia;o__Bacteroidales;f__Rikenellaceae;g__Alistipes;s__Alistipes_senegalensis	k__Bacteria;p__Firmicutes;c__Clostridia;o__Clostridiales;f__Lachnospiraceae;g__Blautia;s__Blautia_sp._KLE_1732	k__Bacteria;p__Bacteroidetes;c__Bacteroidia;o__Bacteroidales;f__Bacteroidaceae;g__Bacteroides;s__Bacteroides_oleiciplenus	k__Bacteria;p__Firmicutes;c__Clostridia;o__Clostridiales;f__Ruminococcaceae;g__Ruminococcus;s__Ruminococcus_bicirculans	k__Bacteria;p__Bacteroidetes;c__Bacteroidia;o__Bacteroidales;f__Bacteroidaceae;g__Bacteroides;s__Bacteroides_fluxus	k__Bacteria;p__Bacteroidetes;c__Bacteroidia;o__Bacteroidales;f__Prevotellaceae;g__Prevotella;s__Prevotella_stercorea	k__Bacteria;p__Firmicutes;c__Clostridia;o__Clostridiales;f__Lachnospiraceae;g__Dorea;s__Dorea_longicatena	k__Bacteria;p__Firmicutes;c__Clostridia;o__Clostridiales;f__Eubacteriaceae;g__Eubacterium;s__[Eubacterium]_eligens	k__Bacteria;p__Firmicutes;c__Clostridia;o__Clostridiales;f__Ruminococcaceae;g__;s__Ruminococcaceae_bacterium_D16	k__Bacteria;p__Firmicutes;c__Clostridia;o__Clostridiales;f__Lachnospiraceae;g__Coprococcus;s__Coprococcus_comes	k__Bacteria;p__Proteobacteria;c__Gammaproteobacteria;o__Enterobacterales;f__Enterobacteriaceae;g__Escherichia;s__Escherichia_coli	k__Bacteria;p__Firmicutes;c__Clostridia;o__Clostridiales;f__Ruminococcaceae;g__Anaerotruncus;s__Anaerotruncus_colihominis	k__Bacteria;p__Firmicutes;c__Clostridia;o__Clostridiales;f__Lachnospiraceae;g__Blautia;s__Blautia_obeum	k__Bacteria;p__Bacteroidetes;c__Bacteroidia;o__Bacteroidales;f__Odoribacteraceae;g__Odoribacter;s__Odoribacter_laneus	k__Bacteria;p__Firmicutes;c__Clostridia;o__Clostridiales;f__Ruminococcaceae;g__Ruminiclostridium;s__[Clostridium]_leptum	k__Bacteria;p__Bacteroidetes;c__Bacteroidia;o__Bacteroidales;f__Porphyromonadaceae;g__Parabacteroides;s__Parabacteroides_goldsteinii	k__Bacteria;p__Firmicutes;c__Clostridia;o__Clostridiales;f__Lachnospiraceae;g__Anaerostipes;s__Anaerostipes_hadrus	k__Bacteria;p__Firmicutes;c__Clostridia;o__Clostridiales;f__Ruminococcaceae;g__Ruminococcus;s__Ruminococcus_lactaris	k__Bacteria;p__Firmicutes;c__Clostridia;o__Clostridiales;f__Clostridiaceae;g__Clostridium;s__Clostridium_sp._L2-50	k__Bacteria;p__Firmicutes;c__Clostridia;o__Clostridiales;f__Clostridiaceae;g__Clostridium;s__Clostridium_sp._M62/1	k__Bacteria;p__Firmicutes;c__Clostridia;o__Clostridiales;f__;g__Intestinimonas;s__Intestinimonas_butyriciproducens	k__Bacteria;p__Actinobacteria;c__Actinobacteria;o__Bifidobacteriales;f__Bifidobacteriaceae;g__Bifidobacterium;s__Bifidobacterium_bifidum	k__Bacteria;p__Firmicutes;c__Negativicutes;o__Veillonellales;f__Veillonellaceae;g__Dialister;s__Dialister_invisus	k__Bacteria;p__Bacteroidetes;c__Bacteroidia;o__Bacteroidales;f__Bacteroidaceae;g__Bacteroides;s__Bacteroides_salanitronis
k__Bacteria;p__Bacteroidetes;c__Bacteroidia;o__Bacteroidales;f__Bacteroidaceae;g__Bacteroides;s__Bacteroides_vulgatus	1.0	-0.0597048064516	0.0082504795362	0.00862560031872	-0.0216099015186	-0.0203039682306	-0.0412590027634	-0.0538437597884	-0.108400373736	0.0238581699291	-0.0360932510024	0.00734711222912	0.031875065204	0.00703451811601	0.0198790375296	-0.0509300881138	-0.0455487841447	-0.00727787785524	-0.0275884230515	0.0441796073032	-0.00176697971084	0.0130667983756	-0.000935148037313	0.000200025450688	0.0518905123375	-0.0120936069849	0.0234869552457	-0.0526457784062	0.00239768376751	-0.0303883932238	-0.0409801918032	-0.0244238395806	0.0384347446865	0.0583560946954	-0.0571317532204	0.0177861504407	0.0400298591313	0.0211256559619	-0.00897766594335	0.00179081929497	0.0109292226004	0.027314075101	-0.04716855587	-0.0243205060356	0.0222725455041	0.00048403121703	-0.0043561265693	0.0115876039762	0.0464373429219	-0.00088118423676	-0.0260656564211	-0.0434777669303	0.0013507701304	0.0110741384293	-0.0183725205096	0.0432080423726	-0.026615695951	-0.0259447983254	0.0127371250154
k__Bacteria;p__Bacteroidetes;c__Bacteroidia;o__Bacteroidales;f__Bacteroidaceae;g__Bacteroides;s__Bacteroides_uniformis	-0.0597048064516	1.0	-0.0585098541348	-0.00758830393055	0.0806601049621	-0.07490652276	0.0363766760379	-0.0627330998393	0.0350867223245	0.00350118812342	-0.0530015140762	0.0669879776201	-0.00288932141539	-0.0348971988242	-0.0470499883058	0.0231788825915	-0.0311207302263	0.00557548396698	0.023336048326	-0.0403960617198	-0.00316781605406	0.026458014456	0.0292150895991	0.018741911108	-0.0690620685236	-0.0658320711776	-0.0373946226657	-0.0407812945144	-0.0127289079818	0.0317995672019	-0.0285579992463	-0.0281085032593	-0.0238080996447	-0.0513018562391	-0.00122632204137	-0.0151569645276	-0.0248897784278	0.0151435570401	-0.0376837731318	0.0231020062783	-0.0276107136069	-0.00515372826565	-0.00537282925972	-0.0325380218228	-0.00509148783968	-0.0136360474282	0.0222062256593	0.0103127491081	0.00428584948244	0.00397039938401	-0.0128088620365	0.00576583279116	-0.0233429443766	0.00736642060367	-0.0432259113278	0.0425572697018	-0.0380143223402	-0.0337018444492	0.0242014013657
k__Bacteria;p__Bacteroidetes;c__Bacteroidia;o__Bacteroidales;f__Rikenellaceae;g__Alistipes;s__Alistipes_putredinis	0.0082504795362	-0.0585098541348	1.0	-0.0360825961126	-0.00109550733855	0.0302466599048	-0.0348280270962	-0.0220883098756	-0.042800613423	0.012510402048	-0.0361767014665	-0.0452144968803	-0.0826656519584	0.01108988052	-0.022009919617	-0.0492487060107	0.0086030351954	-0.0128566144004	0.00618744296832	-0.0344851373518	0.0460451398246	-0.0390184935897	0.0282003802257	0.0208534001532	0.0269953430379	0.0130919161591	-0.0714414370978	-0.0471569556285	0.0227331310671	-0.0634708092757	-0.063434791429	0.00482784731488	-0.0304532652004	0.0307969136689	0.081768857032	0.0122042667241	-0.0392006402921	0.0301703492798	0.0154804430953	-0.0685585034687	0.0872955087522	-0.0631987576771	-0.0869567406937	0.0504176717841	0.00617441225713	0.01542034114	-0.0184233494954	0.0480829277769	-0.00232156015475	-0.0231784378865	-0.0284539996441	0.00294641345665	-0.00361600286433	-0.0289844196978	0.0215137771703	-0.021021260564	-0.00752252082289	0.0205754292724	-0.0397936981897
k__Bacteria;p__Bacteroidetes;c__Bacteroidia;o__Bacteroidales;f__Prevotellaceae;g__Prevotella;s__Prevotella_copri	0.00862560031872	-0.00758830393055	-0.0360825961126	1.0	-0.0338316040203	-0.0654211470181	0.0116951391949	-0.0580477944925	0.0148371497854	0.0281896001259	0.00484808283373	-0.0255147681311	-0.0483704349302	0.0474909866497	0.00294768461108	-0.0420631206602	0.00499844632188	0.0316703972659	0.0156620474152	-0.032183035453	0.0225130049822	0.0366526673407	-0.0508092976093	0.013629882252	-0.0447522020894	-0.0709617069908	-0.0365145191079	0.00728401391742	-0.0213628625664	0.0202059755644	-0.0275378002188	0.0130339238888	-0.0387157216346	0.0367957288916	-0.010323516368	-0.0251961475101	-0.0058500171191	-0.0174333845604	0.00492423518632	-0.00117551593126	0.00523870798023	0.00395260065295	0.0132871434889	0.0465721361992	0.0635229241827	-0.0627684718677	0.0120311237383	0.02901718558	-0.0398746033563	-0.0242966079873	0.035081428578	-0.0568320625057	-0.00100399224195	-0.0168851850571	-0.0275921670509	-0.0242905691038	0.00178019324351	-0.000127782280811	-0.0299884809261
k__Bacteria;p__Bacteroidetes;c__Bacteroidia;o__Bacteroidales;f__Bacteroidaceae;g__Bacteroides;s__Bacteroides_stercoris	-0.0216099015186	0.0806601049621	-0.00109550733855	-0.0338316040203	1.0	0.0107622439756	-0.0386397945604	-0.0338018252797	-0.00351844583342	0.0172604716964	-0.0171536792924	0.00982227473802	0.0159882346076	0.012954913338	-0.0263006739174	-0.0437927614086	-0.0043511760007	-0.0580433515009	0.0551372516032	-0.0585505291414	-0.0193357078337	0.0138432327092	0.0131450127863	-0.0349630539428	-0.00253800155442	-0.0976176178212	0.114572837758	0.00904543958304	0.0173624788636	-0.0685899930492	0.0316792729779	0.0202163095576	-0.0298425925585	0.000536084876758	-0.0583272545253	-0.0168210108535	-0.0227913067202	-0.0512110982238	-0.0227569410972	-0.0534618912428	-0.0198802877081	-0.0123024818081	-0.0510273533351	0.0201117179079	-0.0755193373002	-0.0350194591093	-0.0114831464664	-0.0808725646364	-0.0324132655707	0.00083680893667	0.0327558488091	-0.0109805109713	-0.0205019937879	-0.031842105029	0.000651397165698	-0.0282949144355	0.0117330398481	0.0434628868797	-0.0912043400589
k__Bacteria;p__Bacteroidetes;c__Bacteroidia;o__Bacteroidales;f__Bacteroidaceae;g__Bacteroides;s__Bacteroides_ovatus	-0.0203039682306	-0.07490652276	0.0302466599048	-0.0654211470181	0.0107622439756	1.0	-0.0366540381754	0.00904697895928	0.0700413339163	-0.0244584378858	-0.0122919504183	-0.000197470658332	0.0274877794023	-0.0359469263013	-0.00443827061248	0.0428524682999	0.025930161423	0.0317551334255	0.0534325186401	0.0033738232443	-0.0504218210549	-0.00826248422548	0.00223841966081	-0.0533142344784	-0.000105500131062	0.00786897889515	0.0389555309783	-0.0490645316308	-0.00859574064221	0.0467846099165	-0.0672699483418	-0.0206116850556	0.0103630197288	-0.0267482363968	-0.0208953335293	-0.0333077535117	0.0263399783998	-0.0111652770095	0.00303489064718	0.018480821897	-0.0170237212643	-0.0714022727744	-0.0401903168167	-0.0142779252638	-0.012381498112	-0.0155150696882	-0.0499935852128	0.0225801044667	-0.0132566526361	0.0871789504995	0.00451051483638	-0.0683297603406	0.017211394901	-0.048670138039	0.0018660384736	-0.00296591024678	-0.048440985761	-0.041692332819	-0.0548801280061
k__Bacteria;p__Bacteroidetes;c__Bacteroidia;o__Bacteroidales;f__Rikenellaceae;g__Alistipes;s__Alistipes_shahii	-0.0412590027634	0.0363766760379	-0.0348280270962	0.0116951391949	-0.0386397945604	-0.0366540381754	1.0	-0.0239528761217	-0.00855628407907	-0.0565704329119	-0.0355118215212	-0.00438279183791	0.00412985109277	0.0354645642738	0.00539989859434	-0.0371437085592	-0.0293036082883	0.0374764098525	-0.0105814574692	-0.0447463872568	-0.00048084662441	-0.0227958100602	0.0557037308377	-0.00614374244967	-0.0182401825547	0.0343197155072	-0.0189490436542	0.000624390441589	0.00738492687585	-0.0156894670245	-0.0267263077171	0.0191055953473	-0.0200736819374	0.0308985018593	0.00122661319604	-0.0166850838087	-0.0519787796657	0.0379003153961	0.0199868320521	0.043452164526	0.0610838694291	0.00554696547464	0.0057584425713	-0.0329835129247	-0.0118525833266	-0.0293990950937	-0.0448121263641	-0.022436578724	-0.0486166578982	0.0387645774722	-0.0248714749375	0.00224647102014	0.0147463251912	0.0328165984733	-0.0410569916052	0.0272504188847	-0.0529604888161	0.0183741732641	-0.0411704428718
k__Bacteria;p__Firmicutes;c__Clostridia;o__Clostridiales;f__Ruminococcaceae;g__Faecalibacterium;s__Faecalibacterium_prausnitzii	-0.0538437597884	-0.0627330998393	-0.0220883098756	-0.0580477944925	-0.0338018252797	0.00904697895928	-0.0239528761217	1.0	-0.0106343419033	-0.0160877015938	0.0364607677726	-0.0118468536148	0.0302575813851	-0.0271653748624	-0.0114372722874	-0.0485311126874	-0.0456553444538	0.0352170034549	-0.0240923931425	0.0140079648367	0.00775697788578	0.00369892033268	-0.000582552041929	-0.00385803402024	0.00637654867087	0.0315795431881	0.0174113774889	-0.0524819004957	0.0291652763581	0.0599351546968	0.00133789012088	-0.0191443566162	-0.0662285225679	-0.0196213341352	-0.0217402870065	-0.00852951073676	-0.0496447777612	-0.00667792443287	0.0399603110855	0.00654516861534	-0.0296701563011	0.0267084581457	0.0189410221497	-0.0292751790692	-0.0621667005043	-0.0640540665205	0.00647055563505	-0.0530730420477	0.0249990152821	-0.00786473140962	-0.00248944650842	-0.0246990935365	0.0104919635332	-0.00962643063684	-0.00538708487804	-0.0322055729672	0.0517670905923	0.0496376079881	0.0195173394205
k__Bacteria;p__Bacteroidetes;c__Bacteroidia;o__Bacteroidales;f__Rikenellaceae;g__Alistipes;s__Alistipes_finegoldii	-0.108400373736	0.0350867223245	-0.042800613423	0.0148371497854	-0.00351844583342	0.0700413339163	-0.00855628407907	-0.0106343419033	1.0	-0.0100762636902	0.0458171913583	-0.000465208079561	-0.00942287872535	-0.030543567645	0.0252856822806	0.011692735634	0.0640475098485	-0.0760322554285	0.0193605582067	-0.0286954170976	0.0301613201396	0.0339995002483	-0.0225459373378	-0.00401755458342	0.00440365522028	-0.0129375872509	-0.0168735424718	-0.0354469612996	-0.123838032883	0.00154249333735	-0.0522490590155	-0.0124310114827	0.00101793870359	-0.0216876329061	-0.0176019118662	0.0686551639176	0.0161129024724	0.0197313291907	0.0483777116678	-0.0329089820976	0.00127703499011	-0.0439728751466	-0.0691232580789	-0.0188695650417	0.0220012152485	0.0140765972231	0.00365156700319	-0.00254759567943	-0.00975233536192	0.0747007734538	-0.0550440476639	0.0159520181625	0.00493876163416	-0.00154447778596	-0.0763109246711	-0.0365582471648	-0.00103547826245	-0.0259740386042	0.0035059223004
k__Bacteria;p__Bacteroidetes;c__Bacteroidia;o__Bacteroidales;f__Porphyromonadaceae;g__Parabacteroides;s__Parabacteroides_distasonis	0.0238581699291	0.00350118812342	0.012510402048	0.0281896001259	0.0172604716964	-0.0244584378858	-0.0565704329119	-0.0160877015938	-0.0100762636902	1.0	-0.0187744342815	0.0115031979295	0.0176397364027	0.0605554161258	-0.061507849274	0.000863703606856	-0.0214199366309	-0.00733775123598	0.0130596170575	0.0189378963711	-0.0401930236822	-0.0109776690877	-0.021608990047	-0.0489109823992	-0.0048712284848	0.0275776147047	-0.0339212014398	0.0204674531085	0.0437744113604	-0.0320699977803	-0.0338598388022	0.0158011168845	-0.00562251893114	-0.0361429647566	-0.0199185141951	0.00573655257801	-0.0425943566729	-0.00161444287039	0.017825064601	-0.0547936890657	-0.070927447066	0.0558978664459	-0.0323705096338	-0.0631806408999	0.0356740569857	0.0211460939807	0.00985378210371	0.00357324632625	-0.0160567847802	-0.0248834223647	-0.00885943468536	-0.0727588206047	-0.0381078174666	0.00864200051312	-0.0328663604268	-0.0243939459127	0.00201865914513	-0.0725707688925	-0.00742918475752
k__Bacteria;p__Bacteroidetes;c__Bacteroidia;o__Bacteroidales;f__Bacteroidaceae;g__Bacteroides;s__Bacteroides_thetaiotaomicron	-0.0360932510024	-0.0530015140762	-0.0361767014665	0.00484808283373	-0.0171536792924	-0.0122919504183	-0.0355118215212	0.0364607677726	0.0458171913583	-0.0187744342815	1.0	-0.00538382476928	-0.00729502279684	-0.0832370048544	-0.00258343160854	-0.00609873117087	-0.042288461202	0.0276046112755	-0.0869279920107	0.0447639436169	-0.0322238971482	-0.0314982021086	0.0376780260675	0.0156352102488	-0.0485480144396	0.0592726816153	-0.0100842475545	-0.0439410642267	0.0670209768337	0.0467304684427	0.0383511290402	-0.0792650006089	-0.0263884800952	-0.0242322282777	-0.0764936742704	0.0343754345313	-0.0116785253678	0.0290538871342	-0.00085964089056	-0.0252377202304	-0.00908897782806	0.0143482825296	-0.0415197261468	0.0261809100239	-0.0262119548835	0.00183168804085	-0.0352233606798	-0.0829193152488	0.0620284841881	0.0197520579036	0.034011703953	-0.0188775465742	0.0289322631546	0.0191777798872	-0.0642038660772	0.022667101863	0.0172008729172	0.00834276745321	-0.00311069096163
k__Bacteria;p__Bacteroidetes;c__Bacteroidia;o__Bacteroidales;f__Bacteroidaceae;g__Bacteroides;s__Bacteroides_coprocola	0.00734711222912	0.0669879776201	-0.0452144968803	-0.0255147681311	0.00982227473802	-0.000197470658332	-0.00438279183791	-0.0118468536148	-0.000465208079561	0.0115031979295	-0.00538382476928	1.0	0.0340416884233	-0.0591172010567	-0.0151459628976	-0.0132675318025	-0.0178765908877	0.0346867598675	-0.0491091065085	0.0003168257666	-0.0350874938053	-0.00608809460952	0.00895630206206	0.0296262616247	0.0599196743852	-0.0445918845224	0.0247012373795	0.0204846515357	-0.0573730913541	0.0237611267118	-0.0753065358165	-0.0382262889862	-0.0267323352689	-0.0369619247881	0.0212372928832	-0.0533805237159	0.0351493785002	-0.00250472169871	0.0238325606694	-0.0135579317848	-0.0322509109554	-0.0397296331399	-0.00494121483855	-0.024698781558	0.00866735794077	0.00239447440455	-0.0312620363606	0.00569533477439	-0.00243075134642	-0.0500205053855	-0.0866994367527	0.0539512742839	0.0262221250313	-0.0151089007697	-0.0350580997035	0.00853519624064	-0.0765694915662	0.00436773234382	-0.0249408888136
k__Bacteria;p__Bacteroidetes;c__Bacteroidia;o__Bacteroidales;f__Bacteroidaceae;g__Bacteroides;s__Bacteroides_cellulosilyticus	0.031875065204	-0.00288932141539	-0.0826656519584	-0.0483704349302	0.0159882346076	0.0274877794023	0.00412985109277	0.0302575813851	-0.00942287872535	0.0176397364027	-0.00729502279684	0.0340416884233	1.0	-0.033978405138	-0.0210475470886	0.00596489943788	-0.0136434323232	0.00305238918139	-0.047392955637	-0.0226968502323	-0.0433020617245	0.00843510581407	-0.0258576449776	-0.112114213482	-0.0500026626855	0.0330919078336	-0.0303948298114	-0.0130130023348	-0.0147527569705	-0.00405921116442	-0.00269350734692	-0.0133513773317	-0.0131461497859	0.0319254156204	-0.0892302046147	-0.0562528856586	0.0339708344375	-0.0501887982437	0.0434091347659	-0.00362820425093	-0.0400745049254	0.0142809467639	0.00129991694477	-0.0699662438129	-0.00847887987375	0.019779475773	-0.0277507569093	0.0112684259671	0.037665083346	0.000322122763142	0.0433700585554	-0.010033921905	-0.0251992221027	-0.000379445889699	0.00472841838355	0.0412537073433	-0.0148636836247	0.00150487416022	-0.0964172850478
k__Bacteria;p__Bacteroidetes;c__Bacteroidia;o__Bacteroidales;f__Rikenellaceae;g__Alistipes;s__Alistipes_obesi	0.00703451811601	-0.0348971988242	0.01108988052	0.0474909866497	0.012954913338	-0.0359469263013	0.0354645642738	-0.0271653748624	-0.030543567645	0.0605554161258	-0.0832370048544	-0.0591172010567	-0.033978405138	1.0	0.0107941025861	0.0139452492747	0.0476339325733	-0.0639038938494	0.0364150956464	0.0347017174047	-0.0728278545266	0.0456268024583	-0.0448714032373	0.00313772304958	0.00539816354712	0.0255979790295	-0.00526029972574	-0.0594912522949	0.0146310886637	0.0154111808141	0.0241490667776	0.0140938248913	-0.0216670137161	0.0120995180469	-0.0174134526395	0.0223336782714	-0.0119854347531	-0.0188151076347	0.0172311338657	0.000736664359651	0.0171582785421	-0.0401970215082	0.0131166272714	-0.0119844671595	-0.0483888527039	-0.0774364047084	-0.0278653970018	0.0163581309116	-0.00526935189386	-0.052924836008	0.0286320148786	0.0435553358944	-0.0444383566487	-0.0490565464055	0.057888126997	0.0486298074625	0.0271646977235	-0.0597340916319	0.0752461169392
k__Bacteria;p__Firmicutes;c__Clostridia;o__Clostridiales;f__Lachnospiraceae;g__;s__[Eubacterium]_rectale	0.0198790375296	-0.0470499883058	-0.022009919617	0.00294768461108	-0.0263006739174	-0.00443827061248	0.00539989859434	-0.0114372722874	0.0252856822806	-0.061507849274	-0.00258343160854	-0.0151459628976	-0.0210475470886	0.0107941025861	1.0	0.0426745410212	0.0215319226148	0.0592998062347	-0.0058295290568	-0.00935951993988	-0.0174421322432	-0.0346653094606	0.0106146132094	0.00426833801608	0.0246850744792	-0.019481844138	-0.0345656770622	0.0206300133101	0.00870625898514	0.0105576938541	0.00592714383139	0.0514594758698	-0.0185967127262	0.042415830553	-0.0209386898989	0.00363637664488	-0.0172126960991	-0.079541759668	-0.0326047793254	-0.0179141710553	0.0187939749808	-0.0143362016606	0.00906050047054	-0.0255183643117	-0.0246366105466	-0.0179941028006	0.00145620933979	0.00257011399482	-0.018064573579	-0.0432352884049	-0.0235302094134	0.0360665537876	-0.00972987465037	-0.0156078391532	-0.0435072255666	0.0193422839012	-0.000980124452348	-0.0125483583058	-0.028121165677
k__Bacteria;p__Bacteroidetes;c__Bacteroidia;o__Bacteroidales;f__Bacteroidaceae;g__Bacteroides;s__Bacteroides_plebeius	-0.0509300881138	0.0231788825915	-0.0492487060107	-0.0420631206602	-0.0437927614086	0.0428524682999	-0.0371437085592	-0.0485311126874	0.011692735634	0.000863703606856	-0.00609873117087	-0.0132675318025	0.00596489943788	0.0139452492747	0.0426745410212	1.0	0.0164346198694	-0.037464686235	-0.0572562521475	0.0586549057079	0.0096654406001	-0.0445170501806	0.0130787533349	-0.0701324849738	-0.0414752654461	-0.0169406444987	0.0181348888882	-0.00528896759708	-0.0747781699336	-0.0168404623303	-0.0161184811086	0.0270261516797	0.00132690435328	-0.0644096455734	-0.0311063607153	0.0213415996885	-0.00255410588823	-0.0188614473416	-0.00272662911598	0.00211496687379	-0.00704119569128	-0.034667204937	-0.0526040839651	-0.0516250286732	0.0195384341704	-0.0226851373396	0.0574777375211	0.0610441841609	-0.0533631607017	0.0254403983172	-0.0434734019279	0.0344831861145	-0.0178992883421	0.0140805106071	0.0124908063622	0.014011538098	-0.0242025145918	0.012893658221	0.0246873769914
k__Bacteria;p__Bacteroidetes;c__Bacteroidia;o__Bacteroidales;f__Bacteroidaceae;g__Bacteroides;s__Bacteroides_fragilis	-0.0455487841447	-0.0311207302263	0.0086030351954	0.00499844632188	-0.0043511760007	0.025930161423	-0.0293036082883	-0.0456553444538	0.0640475098485	-0.0214199366309	-0.042288461202	-0.0178765908877	-0.0136434323232	0.0476339325733	0.0215319226148	0.0164346198694	1.0	0.012153692993	0.0430526118987	-0.0258784311113	0.00114583027152	-0.0320064216338	-0.00928584555414	0.0551939049062	-0.0182488367305	-0.0416313214905	0.00895472668504	-0.070871650489	0.0327591146525	-0.0353459253587	-0.0411581721802	0.0178081701436	-0.0348620921446	-0.0504890393121	0.0572158631811	-0.0355880285925	-0.00701535423835	0.0235004949925	0.0178925896182	-0.0249969033871	-0.0188655674855	-0.000645398311825	0.0173922919942	-0.00698769871194	0.0249145054341	0.0155827167144	0.0119351170602	-0.0335351714534	-0.0053452949569	-0.0836021987783	0.00327518255434	-0.0306786071514	-0.0031471672523	-0.0348363306585	-0.0373525849336	-0.0603004694881	-0.0109374307615	-0.0276572506032	-0.0473153568048
k__Bacteria;p__Proteobacteria;c__Betaproteobacteria;o__Burkholderiales;f__Sutterellaceae;g__Sutterella;s__Sutterella_wadsworthensis	-0.00727787785524	0.00557548396698	-0.0128566144004	0.0316703972659	-0.0580433515009	0.0317551334255	0.0374764098525	0.0352170034549	-0.0760322554285	-0.00733775123598	0.0276046112755	0.0346867598675	0.00305238918139	-0.0639038938494	0.0592998062347	-0.037464686235	0.012153692993	1.0	-0.0721742461278	0.0257534035852	-0.0282394219115	0.0391676676897	-0.0692791226488	0.0304328810123	-0.0404956873633	-0.0423655939375	0.0257356623924	0.0179407499341	0.00685525600595	0.0336240991631	-0.00378309429403	0.0277440512801	-0.0815459922538	-0.0101227099909	0.0245989300147	-0.0327628721955	-0.0611483443662	-0.0101823656759	0.00261242124903	0.0570041774063	-0.0522409213492	-0.00145629630068	-0.0483501758123	-0.00195951422062	-0.0122168791737	-0.0319001408449	-0.0279738192899	-0.050422516469	-0.00914621784665	-0.0324207481939	-0.00795001690746	-0.0239893034022	-0.0474642917066	-0.0148182044199	-0.0136077703184	0.0177503255138	-0.0847886802738	-0.00534582286888	0.00326802861539
k__Bacteria;p__Bacteroidetes;c__Bacteroidia;o__Bacteroidales;f__Porphyromonadaceae;g__Barnesiella;s__Barnesiella_intestinihominis	-0.0275884230515	0.023336048326	0.00618744296832	0.0156620474152	0.0551372516032	0.0534325186401	-0.0105814574692	-0.0240923931425	0.0193605582067	0.0130596170575	-0.0869279920107	-0.0491091065085	-0.047392955637	0.0364150956464	-0.0058295290568	-0.0572562521475	0.0430526118987	-0.0721742461278	1.0	-0.0442712745602	-0.0127712183752	-0.0343669537936	-0.0647537867123	-0.0150790434019	0.0292963557803	0.0133537385325	-0.00279446191126	0.0186829607504	-0.0502023179754	0.0333780002921	-0.0337848663692	0.00370894615435	-0.0714359997771	-0.00962380201168	-0.108135964337	-0.0825984720182	-0.0351971059023	0.0193671507742	-0.00838380021969	-0.0035656459643	-0.0530833383484	0.0476068658144	-0.0572060069843	0.0425420076806	0.0363194457035	-0.0400614185254	-0.0206770294337	0.00161175596493	-0.020204425004	-0.0248872891181	0.00510678966047	0.0145936403991	-0.0438555325666	-0.00943323979193	-0.0271092008347	0.0163017554422	0.0122556698118	-0.0109237445575	-0.0496197446202
k__Bacteria;p__Bacteroidetes;c__Bacteroidia;o__Bacteroidales;f__Odoribacteraceae;g__Odoribacter;s__Odoribacter_splanchnicus	0.0441796073032	-0.0403960617198	-0.0344851373518	-0.032183035453	-0.0585505291414	0.0033738232443	-0.0447463872568	0.0140079648367	-0.0286954170976	0.0189378963711	0.0447639436169	0.0003168257666	-0.0226968502323	0.0347017174047	-0.00935951993988	0.0586549057079	-0.0258784311113	0.0257534035852	-0.0442712745602	1.0	-0.0114928384787	-0.117319533054	0.00250017292393	0.0181690906417	-0.0126601244444	0.00246763120841	-0.0200763436876	0.043737473936	-0.0349216365865	-0.0829784900043	0.0295234707562	-0.0475338489439	0.0264608811119	-0.0341460688185	-0.0245885229226	0.0147457497617	-0.014807434211	9.58955266515e-05	0.0224436189669	-0.0348381963419	0.00109195026266	-0.0107269378175	-0.084550874071	-0.00660159802765	-0.0184464356643	0.0406954924512	0.0182828282819	0.00280659565284	-0.0468730690407	0.0440893761991	0.0291183522428	-0.0374131371955	-0.0296865855952	-0.0398282955704	-0.0292770235676	0.000507704184898	-0.0813661587437	-0.00735265565369	0.0542001569044
k__Bacteria;p__Bacteroidetes;c__Bacteroidia;o__Bacteroidales;f__Bacteroidaceae;g__Bacteroides;s__Bacteroides_salyersiae	-0.00176697971084	-0.00316781605406	0.0460451398246	0.0225130049822	-0.0193357078337	-0.0504218210549	-0.00048084662441	0.00775697788578	0.0301613201396	-0.0401930236822	-0.0322238971482	-0.0350874938053	-0.0433020617245	-0.0728278545266	-0.0174421322432	0.0096654406001	0.00114583027152	-0.0282394219115	-0.0127712183752	-0.0114928384787	1.0	-0.0355093768571	-0.0180511340803	-0.0359307221597	-0.0741327240073	0.0272505418469	-0.0227656725712	-0.038873181805	0.0326174779813	-0.0193108436036	-0.0312756460593	-0.0666144313805	0.0267163201725	0.0179790753035	0.0244738775059	-0.0226094080579	0.0376265324483	-0.0638786521325	-0.0543255744325	-0.0292316177166	-0.00195005949067	-0.0016988135217	0.0692889491384	-0.00646296436769	0.00507696477252	-0.0229008588803	-0.0535045271277	-0.00115087967996	-0.0649053135344	0.00897723188897	0.017942901088	-0.018181292846	-0.0322169224169	0.0222113769593	-0.0141351209283	0.0395969426736	-0.0209645697934	0.0614461181123	0.0369854666448
k__Bacteria;p__Firmicutes;c__Clostridia;o__Clostridiales;f__Ruminococcaceae;g__Ruminiclostridium;s__[Eubacterium]_siraeum	0.0130667983756	0.026458014456	-0.0390184935897	0.0366526673407	0.0138432327092	-0.00826248422548	-0.0227958100602	0.00369892033268	0.0339995002483	-0.0109776690877	-0.0314982021086	-0.00608809460952	0.00843510581407	0.0456268024583	-0.0346653094606	-0.0445170501806	-0.0320064216338	0.0391676676897	-0.0343669537936	-0.117319533054	-0.0355093768571	1.0	-0.0200181144221	0.0132855116707	-0.0482015281602	-0.0717193962629	0.0179408026523	-0.0138947103211	-0.0340989330198	-0.0345644503951	0.0181511454521	-0.0279580033499	-0.014113129909	-0.0291753825911	-0.0324299112598	0.00096350900701	-0.0304576153337	-0.0316131353768	-0.00640065135787	-0.00592700072515	0.00318520120991	-0.0925494905905	-0.00810878051923	-0.0307077730925	-0.0285315075981	0.0183767861995	0.00299728071978	-0.0434590265542	0.0803048389753	0.0670264430686	-0.0292856230567	0.0148064055504	-0.0389095826042	0.0467433768609	0.0301329217885	0.000684706895414	0.071088508751	0.0305670396655	0.039609551911
k__Bacteria;p__Proteobacteria;c__Betaproteobacteria;o__Burkholderiales;f__Sutterellaceae;g__Parasutterella;s__Parasutterella_excrementihominis	-0.000935148037314	0.0292150895991	0.0282003802257	-0.0508092976093	0.0131450127863	0.00223841966081	0.0557037308377	-0.000582552041929	-0.0225459373378	-0.021608990047	0.0376780260675	0.00895630206206	-0.0258576449776	-0.0448714032373	0.0106146132094	0.0130787533349	-0.00928584555414	-0.0692791226488	-0.0647537867123	0.00250017292393	-0.0180511340803	-0.0200181144221	1.0	0.0450732301501	-0.0183506379934	-0.057253498069	0.016418714726	-0.0244665006492	-0.0311356665846	0.0195269121861	0.000405475546931	-0.00118455919789	-0.00778383735323	0.0385790985986	-0.0598849624455	0.0192147986562	-0.0382819921754	0.0418394681179	0.00167015457666	-0.0828673356088	-0.0231656389569	0.012228428752	0.00949071372545	-0.0270755468351	-0.0147299520097	0.0181757957071	0.0226351452246	0.0335995504003	0.00970314299977	0.00899663608666	-0.0146747439033	-0.0320676393159	-0.0370589971039	-0.0335893977915	0.0234322955038	0.0360813576618	0.00153267468982	-0.0436149175127	-4.0826081885e-06
k__Bacteria;p__Actinobacteria;c__Actinobacteria;o__Bifidobacteriales;f__Bifidobacteriaceae;g__Bifidobacterium;s__Bifidobacterium_adolescentis	0.000200025450688	0.018741911108	0.0208534001532	0.013629882252	-0.0349630539428	-0.0533142344784	-0.00614374244967	-0.00385803402024	-0.00401755458342	-0.0489109823992	0.0156352102488	0.0296262616247	-0.112114213482	0.00313772304958	0.00426833801608	-0.0701324849738	0.0551939049062	0.0304328810123	-0.0150790434019	0.0181690906417	-0.0359307221597	0.0132855116707	0.0450732301501	1.0	-0.0178190772403	0.00936509029042	0.0246333327883	-0.0848232307761	-0.040486808405	-0.00757358465217	-0.0265571526237	-0.0788254277047	0.0363178700728	-0.0204299216922	0.0281150910333	-0.0428652000868	-0.0474087245747	0.0605312453502	0.0197526441554	0.00483231954333	-0.00419134388686	-0.0283860099226	0.0221649785958	0.00822268586955	0.0208856800065	0.0544838425252	-0.0158985327649	-0.0320877985416	0.012135416038	-0.0525375057068	0.0346411600477	0.00267275608343	0.00926477374504	-0.0336958015675	0.001381344325	-0.0326395076031	0.0536663005488	-0.0196437860483	0.0202131557844
k__Bacteria;p__Firmicutes;c__Clostridia;o__Clostridiales;f__Oscillospiraceae;g__Oscillibacter;s__Oscillibacter_sp._KLE_1745	0.0518905123375	-0.0690620685236	0.0269953430379	-0.0447522020894	-0.00253800155442	-0.000105500131062	-0.0182401825547	0.00637654867087	0.00440365522028	-0.0048712284848	-0.0485480144396	0.0599196743852	-0.0500026626855	0.00539816354712	0.0246850744792	-0.0414752654461	-0.0182488367305	-0.0404956873633	0.0292963557803	-0.0126601244444	-0.0741327240073	-0.0482015281602	-0.0183506379934	-0.0178190772403	1.0	0.00519382706412	-0.0500008610186	-0.035193930878	0.0193772213765	0.0163040486463	-0.0208145886107	-0.0546422248232	-0.0116988067571	0.038122341908	0.000932670444045	-0.00615216099769	0.0273280961653	-0.039684409072	-0.0148391309569	0.00913788909246	0.0161951453135	-0.0122557926499	-0.0211680665662	0.0347411159245	-0.0695672995154	-0.0195626916711	-0.0202790883812	-0.0667166857464	0.0395105902051	0.0124264071064	0.0114393555994	-0.0359089587855	0.0034450207703	-0.0242605136282	0.0743170107866	-0.0559860597373	0.020098545908	0.0230346567183	-0.00573817591124
k__Bacteria;p__Bacteroidetes;c__Bacteroidia;o__Bacteroidales;f__Bacteroidaceae;g__Bacteroides;s__Bacteroides_coprophilus	-0.0120936069849	-0.0658320711776	0.0130919161591	-0.0709617069908	-0.0976176178212	0.00786897889515	0.0343197155072	0.0315795431881	-0.0129375872509	0.0275776147047	0.0592726816153	-0.0445918845224	0.0330919078336	0.0255979790295	-0.019481844138	-0.0169406444987	-0.0416313214905	-0.0423655939375	0.0133537385325	0.00246763120841	0.0272505418469	-0.0717193962629	-0.057253498069	0.00936509029042	0.00519382706412	1.0	0.00548626308204	-0.00893754692842	-0.100200210537	0.0408387035807	-0.0438309439023	0.00295124011869	0.0657641919814	-0.0252682288639	-0.0301732410794	-0.0165344057255	0.00935097174606	0.0380726264629	-0.0348697792126	0.0297595578481	-0.0708540562992	-0.025864108576	-0.00637002399139	-0.0103353986621	0.0229107563798	-0.0563650073926	0.0225257828198	0.0162472115185	0.0409936979974	-0.0462619337051	-0.0302371189393	-0.0676062510883	0.069235117113	-0.0685479806143	0.0151117808027	-0.0146787908929	-0.0566978868457	-0.040008570804	0.00702435067712
k__Bacteria;p__Firmicutes;c__Clostridia;o__Clostridiales;f__Lachnospiraceae;g__Roseburia;s__Roseburia_intestinalis	0.0234869552457	-0.0373946226657	-0.0714414370978	-0.0365145191079	0.114572837758	0.0389555309783	-0.0189490436542	0.0174113774889	-0.0168735424718	-0.0339212014398	-0.0100842475545	0.0247012373795	-0.0303948298114	-0.00526029972574	-0.0345656770622	0.0181348888882	0.00895472668504	0.0257356623924	-0.00279446191126	-0.0200763436876	-0.0227656725712	0.0179408026523	0.016418714726	0.0246333327883	-0.0500008610186	0.00548626308204	1.0	0.0332331067642	-0.0721847192947	-0.00588642298212	-0.0458175474963	0.0570700328352	0.00563645755395	0.0197243427826	0.00259401711498	-0.00461523224772	0.0129972807892	0.0195318144121	0.00264217672015	-0.0151595102162	-0.0462834883409	-0.055788662761	0.0285537691053	0.00620643420105	-0.0169790110251	-0.0381006216701	0.0657556003423	-0.0160404509283	0.0499812019059	-0.0388481986797	-0.0397052140396	0.00839474021	0.0672293797319	-0.0434396772175	-0.0562922186761	-0.0538362502084	0.0184956168335	-0.0393971414556	-0.0332527120277
k__Bacteria;p__Firmicutes;c__Clostridia;o__Clostridiales;f__Lachnospiraceae;g__Roseburia;s__Roseburia_hominis	-0.0526457784062	-0.0407812945144	-0.0471569556285	0.00728401391742	0.00904543958304	-0.0490645316308	0.000624390441589	-0.0524819004957	-0.0354469612996	0.0204674531085	-0.0439410642267	0.0204846515357	-0.0130130023348	-0.0594912522949	0.0206300133101	-0.00528896759708	-0.070871650489	0.0179407499341	0.0186829607504	0.043737473936	-0.038873181805	-0.0138947103211	-0.0244665006492	-0.0848232307761	-0.035193930878	-0.00893754692842	0.0332331067642	1.0	0.0260080747465	-0.00531254846245	0.00216908111374	-0.0603129524683	-0.0173862300593	-0.0253609326002	0.00965677000687	0.00667587206595	0.0432888448939	-0.004719527008	-0.0476181692374	0.0170718723324	-0.0889159855178	0.0065877421931	-0.0171559374388	0.0172919429432	-4.31866252565e-05	0.0243478715334	0.00609894457197	0.0364614260429	-0.0584345775046	0.0106751676892	0.0136653134983	0.0214526145944	-0.0137703255839	-0.0456671998094	-0.0633733572502	-0.00171838820215	-0.0127366259865	0.0357369586866	-0.0206980565823
k__Bacteria;p__Bacteroidetes;c__Bacteroidia;o__Bacteroidales;f__Porphyromonadaceae;g__Parabacteroides;s__Parabacteroides_johnsonii	0.00239768376751	-0.0127289079818	0.0227331310671	-0.0213628625664	0.0173624788636	-0.00859574064221	0.00738492687585	0.0291652763581	-0.123838032883	0.0437744113604	0.0670209768337	-0.0573730913541	-0.0147527569705	0.0146310886637	0.00870625898514	-0.0747781699336	0.0327591146525	0.00685525600595	-0.0502023179754	-0.0349216365865	0.0326174779813	-0.0340989330198	-0.0311356665847	-0.040486808405	0.0193772213765	-0.100200210537	-0.0721847192947	0.0260080747465	1.0	-0.0740995738221	0.0332847091947	0.0197662561876	-0.0368666475505	0.0210733579268	0.035178236948	0.00690222441761	0.0350395293106	-0.00177384805271	0.0517594200443	-0.0417213674616	-0.0191611142835	0.0214529559915	0.0126732959195	0.00903521308675	0.00451078494037	-0.015192535351	-0.040850588128	-0.0321869640919	-0.014351650014	0.00247959526509	0.0105883820096	0.0348583355253	0.0037064486813	0.0585227498744	-0.0350109107301	0.0205311526774	-0.00222674492201	-0.00701037188648	-0.0290689654769
k__Bacteria;p__Actinobacteria;c__Actinobacteria;o__Bifidobacteriales;f__Bifidobacteriaceae;g__Bifidobacterium;s__Bifidobacterium_longum	-0.0303883932238	0.0317995672019	-0.0634708092757	0.0202059755644	-0.0685899930492	0.0467846099165	-0.0156894670245	0.0599351546968	0.00154249333735	-0.0320699977803	0.0467304684427	0.0237611267118	-0.00405921116442	0.0154111808141	0.0105576938541	-0.0168404623303	-0.0353459253587	0.0336240991631	0.0333780002921	-0.0829784900043	-0.0193108436036	-0.0345644503951	0.0195269121861	-0.00757358465217	0.0163040486463	0.0408387035807	-0.00588642298212	-0.00531254846245	-0.0740995738221	1.0	-0.0576632659998	-0.0582707121884	-0.00852566398176	0.0154043044708	-0.033431332403	-0.0120560081435	-0.0109849249995	-0.0161073558445	-0.0193964578024	0.0265043691463	0.0467094702574	-0.0510662227785	-0.0360833318256	0.00972784308249	-0.00124557151155	0.0198440458863	0.0301595041866	-0.041098629726	-0.0665885732324	0.0321447274902	0.0157136798318	0.0203482783237	0.0148133884835	0.0332625475565	-0.0134792192299	-0.0421823233882	-0.0224017429075	0.0773117302561	0.0127134630935
