#taxonomy	k__Bacteria;p__Bacteroidetes;c__Bacteroidia;o__Bacteroidales;f__Bacteroidaceae;g__Bacteroides;s__Bacteroides_vulgatus	k__Bacteria;p__Bacteroidetes;c__Bacteroidia;o__Bacteroidales;f__Bacteroidaceae;g__Bacteroides;s__Bacteroides_uniformis	k__Bacteria;p__Bacteroidetes;c__Bacteroidia;o__Bacteroidales;f__Rikenellaceae;g__Alistipes;s__Alistipes_putredinis	k__Bacteria;p__Bacteroidetes;c__Bacteroidia;o__Bacteroidales;f__Prevotellaceae;g__Prevotella;s__Prevotella_copri	k__Bacteria;p__Bacteroidetes;c__Bacteroidia;o__Bacteroidales;f__Bacteroidaceae;g__Bacteroides;s__Bacteroides_stercoris	k__Bacteria;p__Bacteroidetes;c__Bacteroidia;o__Bacteroidales;f__Bacteroidaceae;g__Bacteroides;s__Bacteroides_ovatus	k__Bacteria;p__Bacteroidetes;c__Bacteroidia;o__Bacteroidales;f__Rikenellaceae;g__Alistipes;s__Alistipes_shahii	k__Bacteria;p__Firmicutes;c__Clostridia;o__Clostridiales;f__Ruminococcaceae;g__Faecalibacterium;s__Faecalibacterium_prausnitzii	k__Bacteria;p__Bacteroidetes;c__Bacteroidia;o__Bacteroidales;f__Rikenellaceae;g__Alistipes;s__Alistipes_finegoldii	k__Bacteria;p__Bacteroidetes;c__Bacteroidia;o__Bacteroidales;f__Porphyromonadaceae;g__Parabacteroides;s__Parabacteroides_distasonis	k__Bacteria;p__Bacteroidetes;c__Bacteroidia;o__Bacteroidales;f__Bacteroidaceae;g__Bacteroides;s__Bacteroides_thetaiotaomicron	k__Bacteria;p__Bacteroidetes;c__Bacteroidia;o__Bacteroidales;f__Bacteroidaceae;g__Bacteroides;s__Bacteroides_coprocola	k__Bacteria;p__Bacteroidetes;c__Bacteroidia;o__Bacteroidales;f__Bacteroidaceae;g__Bacteroides;s__Bacteroides_cellulosilyticus	k__Bacteria;p__Bacteroidetes;c__Bacteroidia;o__Bacteroidales;f__Rikenellaceae;g__Alistipes;s__Alistipes_obesi	k__Bacteria;p__Firmicutes;c__Clostridia;o__Clostridiales;f__Lachnospiraceae;g__;s__[Eubacterium]_rectale	k__Bacteria;p__Bacteroidetes;c__Bacteroidia;o__Bacteroidales;f__Bacteroidaceae;g__Bacteroides;s__Bacteroides_plebeius	k__Bacteria;p__Bacteroidetes;c__Bacteroidia;o__Bacteroidales;f__Bacteroidaceae;g__Bacteroides;s__Bacteroides_fragilis	k__Bacteria;p__Proteobacteria;c__Betaproteobacteria;o__Burkholderiales;f__Sutterellaceae;g__Sutterella;s__Sutterella_wadsworthensis	k__Bacteria;p__Bacteroidetes;c__Bacteroidia;o__Bacteroidales;f__Porphyromonadaceae;g__Barnesiella;s__Barnesiella_intestinihominis	k__Bacteria;p__Bacteroidetes;c__Bacteroidia;o__Bacteroidales;f__Odoribacteraceae;g__Odoribacter;s__Odoribacter_splanchnicus	k__Bacteria;p__Bacteroidetes;c__Bacteroidia;o__Bacteroidales;f__Bacteroidaceae;g__Bacteroides;s__Bacteroides_salyersiae	k__Bacteria;p__Firmicutes;c__Clostridia;o__Clostridiales;f__Ruminococcaceae;g__Ruminiclostridium;s__[Eubacterium]_siraeum	k__Bacteria;p__Proteobacteria;c__Betaproteobacteria;o__Burkholderiales;f__Sutterellaceae;g__Parasutterella;s__Parasutterella_excrementihominis	k__Bacteria;p__Actinobacteria;c__Actinobacteria;o__Bifidobacteriales;f__Bifidobacteriaceae;g__Bifidobacterium;s__Bifidobacterium_adolescentis	k__Bacteria;p__Firmicutes;c__Clostridia;o__Clostridiales;f__Oscillospiraceae;g__Oscillibacter;s__Oscillibacter_sp._KLE_1745	k__Bacteria;p__Bacteroidetes;c__Bacteroidia;o__Bacteroidales;f__Bacteroidaceae;g__Bacteroides;s__Bacteroides_coprophilus	k__Bacteria;p__Firmicutes;c__Clostridia;o__Clostridiales;f__Lachnospiraceae;g__Roseburia;s__Roseburia_intestinalis	k__Bacteria;p__Firmicutes;c__Clostridia;o__Clostridiales;f__Lachnospiraceae;g__Roseburia;s__Roseburia_hominis	k__Bacteria;p__Bacteroidetes;c__Bacteroidia;o__Bacteroidales;f__Porphyromonadaceae;g__Parabacteroides;s__Parabacteroides_johnsonii	k__Bacteria;p__Actinobacteria;c__Actinobacteria;o__Bifidobacteriales;f__Bifidobacteriaceae;g__Bifidobacterium;s__Bifidobacterium_longum	k__Bacteria;p__Firmicutes;c__Clostridia;o__Clostridiales;f__;g__Flavonifractor;s__Flavonifractor_plautii	k__Bacteria;p__Firmicutes;c__Clostridia;o__Clostridiales;f__Clostridiaceae;g__Clostridium;s__Clostridium_phoceensis	k__Bacteria;p__Verrucomicrobia;c__Verrucomicrobiae;o__Verrucomicrobiales;f__Akkermansiaceae;g__Akkermansia;s__Akkermansia_muciniphila	k__Bacteria;p__Bacteroidetes;c__Bacteroidia;o__Bacteroidales;f__Prevotellaceae;g__Paraprevotella;s__Paraprevotella_xylaniphila	k__Bacteria;p__Firmicutes;c__Clostridia;o__Clostridiales;f__Ruminococcaceae;g__Ruminococcus;s__Ruminococcus_callidus	k__Bacteria;p__Bacteroidetes;c__Bacteroidia;o__Bacteroidales;f__Rikenellaceae;g__Alistipes;s__Alistipes_senegalensis	k__Bacteria;p__Firmicutes;c__Clostridia;o__Clostridiales;f__Lachnospiraceae;g__Blautia;s__Blautia_sp._KLE_1732	k__Bacteria;p__Bacteroidetes;c__Bacteroidia;o__Bacteroidales;f__Bacteroidaceae;g__Bacteroides;s__Bacteroides_oleiciplenus	k__Bacteria;p__Firmicutes;c__Clostridia;o__Clostridiales;f__Ruminococcaceae;g__Ruminococcus;s__Ruminococcus_bicirculans	k__Bacteria;p__Bacteroidetes;c__Bacteroidia;o__Bacteroidales;f__Bacteroidaceae;g__Bacteroides;s__Bacteroides_fluxus	k__Bacteria;p__Bacteroidetes;c__Bacteroidia;o__Bacteroidales;f__Prevotellaceae;g__Prevotella;s__Prevotella_stercorea	k__Bacteria;p__Firmicutes;c__Clostridia;o__Clostridiales;f__Lachnospiraceae;g__Dorea;s__Dorea_longicatena	k__Bacteria;p__Firmicutes;c__Clostridia;o__Clostridiales;f__Eubacteriaceae;g__Eubacterium;s__[Eubacterium]_eligens	k__Bacteria;p__Firmicutes;c__Clostridia;o__Clostridiales;f__Ruminococcaceae;g__;s__Ruminococcaceae_bacterium_D16	k__Bacteria;p__Firmicutes;c__Clostridia;o__Clostridiales;f__Lachnospiraceae;g__Coprococcus;s__Coprococcus_comes	k__Bacteria;p__Proteobacteria;c__Gammaproteobacteria;o__Enterobacterales;f__Enterobacteriaceae;g__Escherichia;s__Escherichia_coli	k__Bacteria;p__Firmicutes;c__Clostridia;o__Clostridiales;f__Ruminococcaceae;g__Anaerotruncus;s__Anaerotruncus_colihominis	k__Bacteria;p__Firmicutes;c__Clostridia;o__Clostridiales;f__Lachnospiraceae;g__Blautia;s__Blautia_obeum	k__Bacteria;p__Bacteroidetes;c__Bacteroidia;o__Bacteroidales;f__Odoribacteraceae;g__Odoribacter;s__Odoribacter_laneus	k__Bacteria;p__Firmicutes;c__Clostridia;o__Clostridiales;f__Ruminococcaceae;g__Ruminiclostridium;s__[Clostridium]_leptum	k__Bacteria;p__Bacteroidetes;c__Bacteroidia;o__Bacteroidales;f__Porphyromonadaceae;g__Parabacteroides;s__Parabacteroides_goldsteinii	k__Bacteria;p__Firmicutes;c__Clostridia;o__Clostridiales;f__Lachnospiraceae;g__Anaerostipes;s__Anaerostipes_hadrus	k__Bacteria;p__Firmicutes;c__Clostridia;o__Clostridiales;f__Ruminococcaceae;g__Ruminococcus;s__Ruminococcus_lactaris	k__Bacteria;p__Firmicutes;c__Clostridia;o__Clostridiales;f__Clostridiaceae;g__Clostridium;s__Clostridium_sp._L2-50	k__Bacteria;p__Firmicutes;c__Clostridia;o__Clostridiales;f__Clostridiaceae;g__Clostridium;s__Clostridium_sp._M62/1	k__Bacteria;p__Firmicutes;c__Clostridia;o__Clostridiales;f__;g__Intestinimonas;s__Intestinimonas_butyriciproducens	k__Bacteria;p__Actinobacteria;c__Actinobacteria;o__Bifidobacteriales;f__Bifidobacteriaceae;g__Bifidobacterium;s__Bifidobacterium_bifidum	k__Bacteria;p__Firmicutes;c__Negativicutes;o__Veillonellales;f__Veillonellaceae;g__Dialister;s__Dialister_invisus	k__Bacteria;p__Bacteroidetes;c__Bacteroidia;o__Bacteroidales;f__Bacteroidaceae;g__Bacteroides;s__Bacteroides_salanitronis
k__Bacteria;p__Bacteroidetes;c__Bacteroidia;o__Bacteroidales;f__Bacteroidaceae;g__Bacteroides;s__Bacteroides_vulgatus	1.0	0.00531703875775	-0.0611121008251	-0.0236111490873	0.0100582445913	0.00281624569107	-0.0606518432907	-0.0118916263753	-0.0254815253201	0.0314175562179	0.0454910748305	-0.0655793327135	-0.0334765937596	0.0142995751178	0.0272750181663	-0.0507237949505	0.0290522256326	0.0544328512041	-0.0282708526856	-0.0108161947152	-0.0229623162044	0.0118251080946	-0.00511691065413	-0.00718754641601	-0.0403323958191	-0.0108821886895	-0.0159880641815	0.0290997665885	-0.0386171618406	-0.0125072245923	0.01917580986	-0.0439204640597	-0.0214672131034	-0.0187342699847	-0.0102433827672	0.0354015008461	0.018927820885	-0.122478357272	0.0483234417498	-0.0246430014785	-0.00127550906935	0.0216208821294	-0.050551836715	-0.0426575217985	0.0278194595904	-0.00237525817889	0.0377315834979	-0.0393363721958	-0.00557484892231	0.00481154493487	-0.00267946060097	0.0668003331747	-0.000561112829488	-0.00248465348927	-0.0686519387581	0.0546037737063	0.029648711859	-0.00780826095105	-0.00707050391188
k__Bacteria;p__Bacteroidetes;c__Bacteroidia;o__Bacteroidales;f__Bacteroidaceae;g__Bacteroides;s__Bacteroides_uniformis	0.00531703875775	1.0	-0.0326262919686	0.0503636827548	0.00282591880395	0.0138969891336	-0.0451985834495	-0.0535963728692	-0.0169560612319	-0.0322688415611	0.00735603795112	-0.00195371015265	0.0480267813552	-0.00996070975846	-0.00818119158699	-0.00127290508537	0.0259331482549	-0.0696184238736	0.0121731723348	0.0036311366651	0.0126818788394	0.0136918350259	0.00179220285342	0.00361974903809	-0.0119394153216	0.0326303838642	-0.0510086919872	-0.00681951453747	0.0409696280092	-0.0101251223774	-0.0508610607045	-0.0170920961028	-0.0256081501485	-0.037022964275	0.0170978684003	-0.0122565540987	-0.0274415809422	0.0716193821803	-0.0169970578405	0.00847078569156	-0.00479106863414	-0.0216432863462	0.0196369349826	0.037168908811	-0.0507339906282	-0.0568876001093	-0.0545170248104	0.0436797316099	-0.091739267233	0.00916731209112	0.0509990399298	-0.00965747171452	-0.0144714147894	-0.0148221990643	-0.0921213792523	0.0121645560598	0.0645931440577	-0.0237064665574	-0.0880304522654
k__Bacteria;p__Bacteroidetes;c__Bacteroidia;o__Bacteroidales;f__Rikenellaceae;g__Alistipes;s__Alistipes_putredinis	-0.0611121008251	-0.0326262919686	1.0	0.00336806182311	-0.0285675063273	-0.0153527440887	0.0381769908055	0.0151485224699	0.0108962068811	-0.0377455653126	-0.0873975660057	-0.0161745979647	0.00705237894645	-0.0497483432876	-0.044441328398	0.068494603972	-0.0598422269185	0.0175652607061	-0.00811633494736	-0.0234036746913	0.0213522055005	0.0244079705487	-0.0490704789244	0.0265381766935	-0.0253262097579	-0.0181498063583	-0.0475737028699	0.00508642053479	-0.0510076552771	-0.0425186321277	-0.036757102638	0.00402716083158	-0.0025143101081	0.0575998578813	-0.0470652657083	0.0320871117801	-0.0156104950187	-0.0757922472334	-0.052194448371	0.0385265015625	0.0146396871383	-0.0160682700953	-0.0187639194917	-0.0466559957345	-0.00176238512351	-0.0145447810906	0.0113226880657	0.0457328947906	-0.0176283649925	0.0553648180217	0.0366635118494	-0.015643009087	-0.00139539199846	-0.0582365113514	0.0436635356923	-0.0418382593304	0.0221670329591	-0.00143408693402	0.0119736514795
k__Bacteria;p__Bacteroidetes;c__Bacteroidia;o__Bacteroidales;f__Prevotellaceae;g__Prevotella;s__Prevotella_copri	-0.0236111490873	0.0503636827548	0.00336806182311	1.0	0.045388599551	-0.00342219320717	0.0271500846006	0.0359330761286	-0.0463961046921	-0.0281057920037	-0.00592148131845	-0.0680303703484	0.0439404031157	-0.0821145848159	-0.000552322432431	-0.00374870703466	0.00261101124815	-0.05216376846	-0.0393495429586	-0.03789669861	-0.00959759986938	0.0601398674154	-0.010707885052	-0.0495026838669	-0.0441309758687	-0.00967582467167	-0.0548750234363	0.0613405043985	-0.0136437320911	0.0104970464464	0.0414739130866	-0.0430223829589	-0.0500962616626	-0.0543471095046	0.0546913014009	0.00331727622817	-0.044258415792	-0.0173439177167	-0.0112277943378	0.0273453161073	-0.0506556856724	-0.0233142510538	0.00660080157756	-0.00355601686507	-0.0570448085591	-0.00612699038139	0.0218188676634	0.0248392421011	-0.0256202251614	-0.000686954180022	0.0852721797516	0.0061707886112	-0.00172216597024	-0.00689837671741	-0.0238304439791	-0.0346279802993	-0.0055011427216	0.0203597373304	-0.00635576910055
k__Bacteria;p__Bacteroidetes;c__Bacteroidia;o__Bacteroidales;f__Bacteroidaceae;g__Bacteroides;s__Bacteroides_stercoris	0.0100582445913	0.00282591880395	-0.0285675063273	0.045388599551	1.0	-0.0427843501714	-0.0675352257523	-0.0353041223025	-0.0127117895516	-0.0111355371997	-0.0198179056756	0.022299975269	-0.0215595126082	0.0116500535704	0.0262980280688	0.0121156313752	-0.0172255671212	0.0246592561042	-0.0555579247066	0.0147969974479	0.0118781000559	-0.0306297857124	-0.015499043763	0.00335989061992	-0.0177762297684	0.01230166779	0.00581482863688	-0.00626266408565	0.0106364367933	-0.0124163127195	-0.0127073175639	-0.0328603256065	-0.047167188868	-0.0502107199574	0.0140428164638	0.0434900897058	0.0190548547586	-0.00532518379689	0.00432814282916	-0.0381672852135	-0.0324182038087	-0.0169417984887	-0.00789769119718	-0.0663964454021	-0.00765878192939	-0.00868994492254	0.00169708629471	-0.0422318025508	-0.0497898145072	-0.0585048223609	0.0137097859503	-0.0373711309821	-0.0176266446698	-0.00281338651112	-0.0068186869867	0.044052384423	0.0024874603493	-0.0100631653941	-0.0204623871084
k__Bacteria;p__Bacteroidetes;c__Bacteroidia;o__Bacteroidales;f__Bacteroidaceae;g__Bacteroides;s__Bacteroides_ovatus	0.00281624569107	0.0138969891336	-0.0153527440887	-0.00342219320717	-0.0427843501714	1.0	0.0294826142661	-0.0199675235407	-0.0482490212404	-0.0152738596389	-0.0410081322948	0.0320112285507	-0.00498172730581	-0.0631950109144	0.0150259923735	0.048693504484	0.0445333783179	-0.0524947965076	-0.013871901399	0.00139520576981	-0.0367539572771	0.0189589829858	-0.00676883698402	0.0499512841959	-0.00585243071326	0.0172028373067	0.0147687218818	0.012441138051	-0.0314234468347	0.0180749922827	-0.0513450168764	-0.0597882704793	-0.0256883762269	-0.0588305077145	-0.0199775042661	-0.00601329498671	-0.000917875458866	-0.00155281384199	-0.0271229909908	-0.0103082808357	-0.0251764675447	-0.070390240338	0.0464217766982	0.0250031107182	0.0224636197323	0.00679598624626	0.00167639613424	-0.0609121377528	-0.0334529951364	0.0306758171852	0.0116935543887	0.0619152145291	-0.0234538103747	0.0473835484832	0.0403235201178	-0.0569677986443	0.0492451081599	-0.0031885940606	-0.0306915712966
k__Bacteria;p__Bacteroidetes;c__Bacteroidia;o__Bacteroidales;f__Rikenellaceae;g__Alistipes;s__Alistipes_shahii	-0.0606518432907	-0.0451985834495	0.0381769908055	0.0271500846006	-0.0675352257523	0.0294826142661	1.0	-0.0125676198658	-0.0323160473986	0.0323060284908	-0.00684575696661	0.0373015043424	0.0775708719729	0.00368198146749	-0.0138203216183	-0.0568571701466	-0.0444105964935	0.065510599068	0.00483086198571	0.00962234730435	-0.0268420473532	-0.00125942957658	-0.0103863692113	-0.00878712602102	-0.0246363327825	0.0347631111505	0.0633410106111	0.00208849150195	-0.00762511362599	-0.00695845840103	0.00132138212425	-0.0165328158699	-0.0272174384909	-0.00498192021556	0.0287207941722	0.00552756848451	-0.0267317801533	0.0208187443823	0.0110830990938	-0.0415289623915	-0.00203672957809	-0.000570932163608	-0.070026736301	0.0206987626123	0.0179973849779	-0.0356287741519	0.00885175398726	-0.00407376034796	0.0233260176531	-0.0381260329501	0.00821141897667	-0.00578595161955	0.00166635011935	-0.032977801883	-0.0228152680023	0.0166682223461	0.0363638265173	-0.0546415919735	-0.0321070756156
k__Bacteria;p__Firmicutes;c__Clostridia;o__Clostridiales;f__Ruminococcaceae;g__Faecalibacterium;s__Faecalibacterium_prausnitzii	-0.0118916263753	-0.0535963728692	0.0151485224699	0.0359330761286	-0.0353041223025	-0.0199675235407	-0.0125676198658	1.0	0.0165114337653	-0.0399478306637	0.023694035026	-0.00519545112498	0.0266662410722	0.0547299912417	-0.0133378101795	0.0160860991728	0.0779251973805	-0.0157003530957	-0.0047707471625	-0.00346267765188	0.0220121564535	-0.0160637897318	-0.0689561761642	0.00238392969663	-0.0156084735929	-0.034303687765	0.0133995987486	0.0361747200497	-0.0329172629941	-0.00449895982647	0.0261238176532	0.00895308186273	0.0461305030084	0.00571576084701	-0.0341699953678	-0.0549443490745	-0.0145844503879	-0.0422000105042	-0.00844850983523	-0.00853387930668	6.08779470243e-05	0.0103101708669	-0.0296252725763	0.025740572396	-0.059464418565	-0.0197839921887	-0.0264945698137	0.0724206769263	0.00700716394259	-0.0102757416071	0.0553302520971	0.0564011531437	-0.0257862530027	-0.0122997486611	-0.0240759689711	-0.0165883650694	-0.054267018821	-0.0838267482857	0.0435764463845
k__Bacteria;p__Bacteroidetes;c__Bacteroidia;o__Bacteroidales;f__Rikenellaceae;g__Alistipes;s__Alistipes_finegoldii	-0.0254815253201	-0.0169560612319	0.0108962068811	-0.0463961046921	-0.0127117895516	-0.0482490212404	-0.0323160473986	0.0165114337653	1.0	-0.0130619837888	-0.0781879018738	-0.0266734801319	-0.052025268513	-0.0590004071144	0.0458879654649	0.0258903006557	0.0233696310593	-0.0164560431324	-0.012284294589	0.0021328430204	-0.0502213286632	-0.0328214285689	0.0639258255868	0.0230176486668	0.00774708231578	0.00184040707539	0.0085847299486	0.0468859082718	0.00575359970059	0.0346989192916	-0.0090432250499	0.0074571275541	-0.0194478373978	-0.0246947103988	-0.0150269508376	0.0235475078644	0.048906246199	0.0427465366529	0.0085983710794	-0.0207218020502	-0.0351445828154	-0.0506910490668	-0.00995931100541	0.0353827304281	0.0379548321911	0.0192216504655	-0.0118200270062	-0.0448459512266	-0.0656888051104	-0.0374003575242	0.0805893819761	-0.00838185228138	-0.0253277060535	-0.0185390248927	-0.0953735059095	-0.0357530417592	-0.00782915470032	-0.0418747173369	0.0193115404766
k__Bacteria;p__Bacteroidetes;c__Bacteroidia;o__Bacteroidales;f__Porphyromonadaceae;g__Parabacteroides;s__Parabacteroides_distasonis	0.0314175562179	-0.0322688415611	-0.0377455653126	-0.0281057920037	-0.0111355371997	-0.0152738596389	0.0323060284908	-0.0399478306637	-0.0130619837888	1.0	-0.0161721599731	0.00013175859162	-0.0193893086308	-0.0958436251224	-0.0104483700757	-0.0016863306683	-0.0309929427033	-0.022132562491	0.00950953720141	-0.0475474399556	0.030998939384	0.0291845184649	-0.0420836514287	-0.0319143122206	0.013528966467	-0.0496227478811	0.0257419423552	0.0418809898703	-0.0114293209026	-0.0083516130534	-0.00966241435509	0.0517680142673	-0.0152188435374	-0.007696800227	-0.0291813024791	0.0381812605533	-0.0346454282223	-0.0103852503694	0.0253857169948	-0.0171069787144	-0.0221723696288	0.0232617313326	-0.0572000990545	-0.0420467070831	-0.0356614644912	-0.0209509512409	-0.00830687623322	0.00140688715643	0.0144816694872	0.0157867971002	-0.00692779400987	0.034133772786	-0.0232325753278	-0.0104332642808	0.0368831686684	-0.0261106708197	0.00214743425903	0.0165787253433	0.0207273043657
k__Bacteria;p__Bacteroidetes;c__Bacteroidia;o__Bacteroidales;f__Bacteroidaceae;g__Bacteroides;s__Bacteroides_thetaiotaomicron	0.0454910748305	0.00735603795112	-0.0873975660057	-0.00592148131845	-0.0198179056756	-0.0410081322948	-0.00684575696661	0.023694035026	-0.0781879018738	-0.0161721599731	1.0	-0.0409934584362	0.0176224930052	0.0593939677809	0.0343172500753	0.0141002575291	0.0122587034035	-0.0576476321913	0.0113747046714	0.049364856006	0.00627183235529	0.0226507453035	-0.00645196867634	-0.0341709893121	0.0114479426424	-0.0424671668838	0.0185728732523	-0.0255666297729	0.046251903712	0.0127577603683	0.00863202744834	-0.0198668763797	0.0451373362858	-0.0654116879307	0.000820134908238	-0.0390488748301	-0.0373475021202	9.41814548738e-05	0.0179368996049	0.0208840255503	0.0360627363614	-0.036356962235	-0.0599698284708	-0.0427913749497	-0.0640068271488	-0.0371691855588	-0.00765986897621	0.0115375364852	-0.000256534334206	0.00976474842399	-0.00581112113803	-0.0225744739086	-0.0029171744891	-0.0127367308637	0.0411399970562	-0.0138171975206	-0.00514829946604	-0.0357543361946	-0.00850433528341
k__Bacteria;p__Bacteroidetes;c__Bacteroidia;o__Bacteroidales;f__Bacteroidaceae;g__Bacteroides;s__Bacteroides_coprocola	-0.0655793327135	-0.00195371015265	-0.0161745979647	-0.0680303703484	0.022299975269	0.0320112285507	0.0373015043424	-0.00519545112498	-0.0266734801319	0.00013175859162	-0.0409934584362	1.0	-0.0320239117726	0.00885905699455	0.0329742976853	-0.00784400537173	0.0162885028058	0.0150154792207	0.0258658087831	-0.0905609986739	0.000566465296231	-0.0370419676831	-0.0278136287507	-0.0523254240395	-0.0285526568802	-0.0298447614842	0.0393239722939	-0.0585546613624	0.0051353052061	-0.0332608530221	0.00663037059535	0.0933118329658	0.0968966655013	-0.0111329690537	-0.0271127681574	-0.0247118004056	-0.0247645903891	0.0530881643493	-0.0281316772711	0.0189751650359	-0.015643708273	-0.0166271352705	0.0488822573545	-0.00524944830699	-0.0335135674683	-0.0540437404452	0.0515048869471	0.0234553644035	-0.0725193770991	0.030681377831	-0.080334540878	0.0208387150628	0.0159647173218	-0.00438065076063	0.0134488422686	-0.0746253494212	-0.0222874271289	-0.0651739201979	-0.0219161979708
k__Bacteria;p__Bacteroidetes;c__Bacteroidia;o__Bacteroidales;f__Bacteroidaceae;g__Bacteroides;s__Bacteroides_cellulosilyticus	-0.0334765937596	0.0480267813552	0.00705237894645	0.0439404031157	-0.0215595126082	-0.00498172730581	0.0775708719729	0.0266662410722	-0.052025268513	-0.0193893086308	0.0176224930052	-0.0320239117726	1.0	0.0102119520584	0.0441896594003	-0.0294781767463	0.0618682493888	-0.0158192689303	0.0488079176668	-0.0140530010554	0.0204997540083	-0.0281495253005	0.0144509914669	-0.0290928743432	-0.0256424694875	-0.004994477042	-0.0447790967902	-0.0308059079198	-0.0180643242653	0.0150888589556	-0.0733291530852	-0.0319751023857	-0.029393469853	0.0467366252289	-0.0111572111194	0.00941021688787	-0.0585912343502	-0.0223971576766	-0.0140637856256	-0.032286198967	-0.0430290720881	-0.00811876152084	-0.0773934857913	0.025402660921	-0.0234359896392	0.0199408050813	-0.00161067171118	-0.0595872593339	-0.0494480510142	-0.0447771144658	0.00220319350245	-0.0220834601734	0.0729675750571	-0.0144324165159	0.0638142603901	-0.0985550080179	-0.0181008244223	-0.0366219969099	0.0237758235495
k__Bacteria;p__Bacteroidetes;c__Bacteroidia;o__Bacteroidales;f__Rikenellaceae;g__Alistipes;s__Alistipes_obesi	0.0142995751178	-0.00996070975846	-0.0497483432876	-0.0821145848159	0.0116500535704	-0.0631950109144	0.00368198146749	0.0547299912417	-0.0590004071144	-0.0958436251224	0.0593939677809	0.00885905699455	0.0102119520584	1.0	-0.0198981748345	-0.0295464996562	-0.0218820760718	0.017221228137	-0.00456088589783	0.0244271761048	-0.0038420484339	0.0239373909788	-0.0535557497564	-0.0490168068726	-0.0189748151582	0.0720591824767	0.00863228753822	0.0374851917215	-0.0051691592926	-0.06186589246	-0.0325449829367	0.0112357596808	0.0525067895865	-0.0491323422292	-0.00309044315737	-0.0395421949682	-0.131054511319	0.00806819542475	-0.0277642834706	0.0239269575691	-0.0593728698414	-0.0735981681668	0.0315627899007	0.020037973178	0.0426585664541	-0.0531397405711	0.0319421839847	0.0776924870841	0.0624586880268	-0.0330450728923	0.0172301512605	-0.0468244132974	-0.0153981274037	-0.00344855687849	-0.00462199605538	0.0318521185613	-0.0130225964048	-0.00846630686524	-0.00787361357482
k__Bacteria;p__Firmicutes;c__Clostridia;o__Clostridiales;f__Lachnospiraceae;g__;s__[Eubacterium]_rectale	0.0272750181663	-0.00818119158699	-0.044441328398	-0.000552322432431	0.0262980280688	0.0150259923735	-0.0138203216183	-0.0133378101795	0.0458879654649	-0.0104483700757	0.0343172500753	0.0329742976853	0.0441896594003	-0.0198981748345	1.0	0.0112469919775	-0.0373127514722	0.0360829558848	-0.00137495132772	0.0164352026835	0.00761562462519	-0.0469963971276	-0.0210671570525	-0.00629235287081	0.0602804695157	-0.0341273002076	0.0471706652817	0.00479761119341	0.0121732658547	-0.0085685926263	-0.0493508765051	0.0164436896773	0.00647041778078	-0.0283967061261	-0.0663787942315	-0.0214163373185	-0.00049261474927	-0.0232761825813	0.0439366372492	-0.0185407893833	0.0237645816189	-0.0965954101535	-0.00129621758017	-0.0118049336219	-0.0446810170738	-0.059531090712	0.0606617290642	0.0151841940307	-0.0641733160386	-0.0211167678925	-0.0100683977798	-0.0284782031147	0.0166189950597	-0.0108232303735	-0.00429254557419	-0.0900638454855	-0.0359338768031	0.0204575524434	0.0169046943341
k__Bacteria;p__Bacteroidetes;c__Bacteroidia;o__Bacteroidales;f__Bacteroidaceae;g__Bacteroides;s__Bacteroides_plebeius	-0.0507237949505	-0.00127290508537	0.068494603972	-0.00374870703466	0.0121156313752	0.048693504484	-0.0568571701466	0.0160860991728	0.0258903006557	-0.0016863306683	0.0141002575291	-0.00784400537173	-0.0294781767463	-0.0295464996562	0.0112469919775	1.0	-0.0662136517006	-0.0175702927515	-0.028927198236	-0.0728047652386	0.0029154854766	-0.0234411632516	-0.00462211311586	0.0509696735276	0.00982764044042	-0.0944935646055	0.0261325408752	0.0278713418687	-0.0106451746336	0.00410081856041	-0.0320253317375	0.0376528847487	-0.0246359157234	0.00782669590695	-0.0410421333333	0.0369223429648	0.00454458846945	-0.0378972911648	-0.0307885672832	-0.0707978855347	0.0273775763861	-0.0317683653914	-0.0427011800837	-0.0501651811917	-0.0191222066353	-0.00977280528044	-0.0102063271451	0.00116010231388	-0.0674594923013	-0.015902390074	0.0629653619238	-0.00549247103224	0.04383121672	0.0303303271723	0.0173805895156	-0.0128276884937	0.0134687662679	-0.0256839923094	-0.0329796083946
k__Bacteria;p__Bacteroidetes;c__Bacteroidia;o__Bacteroidales;f__Bacteroidaceae;g__Bacteroides;s__Bacteroides_fragilis	0.0290522256326	0.0259331482549	-0.0598422269185	0.00261101124815	-0.0172255671212	0.0445333783179	-0.0444105964935	0.0779251973805	0.0233696310593	-0.0309929427033	0.0122587034035	0.0162885028058	0.0618682493888	-0.0218820760718	-0.0373127514722	-0.0662136517006	1.0	-0.036606156292	0.0385556716845	-0.00921839379919	-0.0495068474719	-0.0617970548098	-0.042910979747	0.00189741311737	-0.00870133911944	0.0311853083134	0.0341950840529	-0.0192517732837	-0.0128423173743	-0.0579480639768	-0.00597932543341	-0.0295117932932	-0.013382725948	0.0202860016862	0.0589939034929	-0.0194822265708	-0.015638614064	0.0293533020303	0.0235824158169	-0.00220828921825	0.0654024851356	0.0195743724301	0.0263411877377	-0.0247582582463	-0.0193139164708	-0.00880745293099	-0.104064836975	-0.0109822593055	-0.0685832918193	-0.0286621382463	0.0111973932004	-0.048521975605	-0.00226201705529	-0.0265448051717	-0.0103030054323	-0.0316697828366	-0.0288434592009	-0.034349816349	0.0657353863263
k__Bacteria;p__Proteobacteria;c__Betaproteobacteria;o__Burkholderiales;f__Sutterellaceae;g__Sutterella;s__Sutterella_wadsworthensis	0.0544328512041	-0.0696184238736	0.0175652607061	-0.05216376846	0.0246592561042	-0.0524947965076	0.065510599068	-0.0157003530957	-0.0164560431324	-0.022132562491	-0.0576476321913	0.0150154792207	-0.0158192689303	0.017221228137	0.0360829558848	-0.0175702927515	-0.036606156292	1.0	-0.0419390859402	0.0152435161279	-0.0453580661592	-0.0124638777473	0.0368241829676	0.00567657419472	0.0216805504234	-0.0294409798864	-0.0553063046673	0.0432112578766	-0.0188858343944	-0.00601815658683	0.0214198254588	0.037637030062	-0.0209063755335	-0.0467910047612	0.00386222867904	0.034240329637	0.0279082457297	-0.0196746525189	-0.00980274137672	-0.00805792308837	0.0369770717552	-0.0779036905099	-0.0664972953708	0.035425764121	0.000103346715811	0.0234238795326	0.0099066948308	-0.0111813020595	0.0461452806098	-0.0084005760603	-0.060500450462	-0.0806883624551	0.010604446681	-0.0185833972389	-0.022141012268	0.00206757276527	-0.0316855974676	-0.0134132897636	0.0130352262653
k__Bacteria;p__Bacteroidetes;c__Bacteroidia;o__Bacteroidales;f__Porphyromonadaceae;g__Barnesiella;s__Barnesiella_intestinihominis	-0.0282708526856	0.0121731723348	-0.00811633494736	-0.0393495429586	-0.0555579247066	-0.013871901399	0.00483086198571	-0.0047707471625	-0.012284294589	0.00950953720141	0.0113747046714	0.0258658087831	0.0488079176668	-0.00456088589783	-0.00137495132772	-0.028927198236	0.0385556716845	-0.0419390859402	1.0	-0.0544404502173	-0.058384680575	0.0837247084163	-0.0249174943781	-0.0213675517873	0.0428828264578	-0.0222282971515	0.0190681373907	-0.0199616013534	-0.040372568233	-0.000879509637428	0.00257649651039	-0.0207860641735	0.0149495361132	0.00831502301721	0.0369903461747	0.010895217825	0.0316194623915	0.00660415469677	0.0282992762146	-0.0391296649043	-0.0682833067812	-0.0228734262536	-0.0209109438812	-0.0450834373197	-0.0144914044351	-0.000606782106831	0.0169435919419	-0.00220580877308	-0.0338102046556	0.0288560313308	-0.0241468930533	-0.000956973055201	-0.0630140297297	-0.0197275656846	0.052926904174	-0.00467547162821	-0.0161942092841	0.0540078613605	-0.0271218664117
k__Bacteria;p__Bacteroidetes;c__Bacteroidia;o__Bacteroidales;f__Odoribacteraceae;g__Odoribacter;s__Odoribacter_splanchnicus	-0.0108161947152	0.0036311366651	-0.0234036746913	-0.03789669861	0.0147969974479	0.00139520576981	0.00962234730435	-0.00346267765188	0.0021328430204	-0.0475474399556	0.049364856006	-0.0905609986739	-0.0140530010554	0.0244271761048	0.0164352026835	-0.0728047652386	-0.00921839379919	0.0152435161279	-0.0544404502173	1.0	0.0308117170064	0.0272483037107	-0.0635715108993	0.000229405524799	-0.056779939458	0.0473650398037	-0.0455593317284	0.00437210804115	-0.0329683322164	-0.0232832663092	0.0136571211994	0.0132618329263	0.0078002478978	-0.0752839532948	0.0328714266509	0.0139140458056	-0.0332816774218	-0.0182215166776	-0.0149749708381	-0.0474027772539	-0.0124340466265	0.032725386956	0.000877672433033	-0.00726503966648	0.022016951872	-0.0433308030422	-0.0209943031276	0.00930480656412	-0.0173520456357	-0.00882832315691	0.00952318533423	-0.044770828708	-0.0123610766062	0.0172317420788	0.00143910453756	0.00861086683433	0.00756180095331	0.0334198224313	0.037898677167
k__Bacteria;p__Bacteroidetes;c__Bacteroidia;o__Bacteroidales;f__Bacteroidaceae;g__Bacteroides;s__Bacteroides_salyersiae	-0.0229623162044	0.0126818788394	0.0213522055005	-0.00959759986938	0.0118781000559	-0.0367539572771	-0.0268420473532	0.0220121564535	-0.0502213286632	0.030998939384	0.00627183235529	0.000566465296231	0.0204997540083	-0.0038420484339	0.00761562462519	0.0029154854766	-0.0495068474719	-0.0453580661592	-0.058384680575	0.0308117170064	1.0	0.0421011911931	-0.0841237364831	0.0231580397187	0.018398886461	-0.0226645810252	-0.00190015050705	-0.022074774167	0.0135273920983	0.0191992371843	-0.0276158014954	-0.015465766089	0.031280827031	-0.0445518222301	-0.00997933577599	0.00372986975019	-0.0112229250264	0.0342600342953	0.0513331168689	0.0918906362886	-0.0525750464657	-0.0348588203385	-0.0120370747857	-0.0277172808988	-0.001489802309	-0.038487016823	0.00133435610221	0.0122550663338	0.00248031255652	0.031998884468	0.00440860151535	0.029413102118	-0.0141501741053	-0.00801486824503	0.0052620257051	0.00883916014246	0.00408189979236	-0.00326410386883	-0.0393130818993
k__Bacteria;p__Firmicutes;c__Clostridia;o__Clostridiales;f__Ruminococcaceae;g__Ruminiclostridium;s__[Eubacterium]_siraeum	0.0118251080946	0.0136918350259	0.0244079705487	0.0601398674154	-0.0306297857124	0.0189589829858	-0.00125942957658	-0.0160637897318	-0.0328214285689	0.0291845184649	0.0226507453035	-0.0370419676831	-0.0281495253005	0.0239373909788	-0.0469963971276	-0.0234411632516	-0.0617970548098	-0.0124638777473	0.0837247084163	0.0272483037107	0.0421011911931	1.0	-0.0351572173847	-0.0625776885	-0.0361651185904	-0.0631797928603	0.0140949496765	-0.0102354559475	0.0278163018056	0.0282046377526	-0.0146609575077	-0.0183721987506	0.0586104649194	0.00429539519103	-0.0331394210531	-0.0181762469995	-0.0242935362848	-0.0917995313722	0.0901311384087	-0.0216210105185	-0.0483561479539	-0.0147306164583	-0.0266357321732	-0.0234440821439	0.0358915060509	-0.0187451188367	0.0147260856252	0.0479603367162	-0.0579288921091	-0.0423582915759	0.0150340125486	-0.0500527078658	0.0238501115482	0.0307966608692	0.013472703477	-0.0293783179506	0.00405298384525	-0.0127923916075	-0.0420998487615
k__Bacteria;p__Proteobacteria;c__Betaproteobacteria;o__Burkholderiales;f__Sutterellaceae;g__Parasutterella;s__Parasutterella_excrementihominis	-0.00511691065413	0.00179220285342	-0.0490704789244	-0.010707885052	-0.015499043763	-0.00676883698402	-0.0103863692113	-0.0689561761642	0.0639258255868	-0.0420836514287	-0.00645196867634	-0.0278136287507	0.0144509914669	-0.0535557497564	-0.0210671570525	-0.00462211311586	-0.042910979747	0.0368241829676	-0.0249174943781	-0.0635715108993	-0.0841237364831	-0.0351572173847	1.0	-0.0349229630962	-0.00336396541008	-0.0552104635262	0.0361852862954	-0.0137823943252	-0.00653989475312	0.000904381263039	-0.0265648953069	-0.0370137460266	-0.00652533703768	0.00626489784552	0.0252437774515	0.0268539755118	-0.00558032122139	-0.0300164807854	0.013519184198	-0.00534563521251	0.0119789635428	0.0289168656031	-0.0433225019157	-0.00285424596072	0.00947848230836	-0.0191845034037	-0.0025754112796	-0.0529335927328	0.0176102057774	-0.00570592639851	0.0550003087145	0.015848867692	-0.0212083149108	0.0265722391909	-0.00436239655469	-0.0364922736466	0.00588585663218	0.0734825866565	-0.0160007895534
k__Bacteria;p__Actinobacteria;c__Actinobacteria;o__Bifidobacteriales;f__Bifidobacteriaceae;g__Bifidobacterium;s__Bifidobacterium_adolescentis	-0.00718754641601	0.00361974903809	0.0265381766935	-0.0495026838669	0.00335989061992	0.0499512841959	-0.00878712602102	0.00238392969663	0.0230176486668	-0.0319143122206	-0.0341709893121	-0.0523254240395	-0.0290928743432	-0.0490168068726	-0.00629235287081	0.0509696735276	0.00189741311737	0.00567657419472	-0.0213675517873	0.0002294055248	0.0231580397187	-0.0625776885	-0.0349229630962	1.0	-0.0363320470357	-0.0811044236752	-0.0426619623702	-0.00533922436058	-0.0672953862818	0.0112295421039	0.0779615525673	-0.0244019844765	-0.0163601991039	0.000774590401613	0.0108313845842	0.00430830873673	-0.0204520610555	-0.048467942582	0.0366634201798	0.0398471415582	-0.0254793090947	0.0548418115124	-0.0732395298633	0.0480736296054	-0.000173704546291	-0.0112567883616	0.0165325072744	0.00234411833192	0.0352602098229	-0.0260491292498	-0.0263087441811	0.0608355547185	-0.00462309061773	0.00937642042683	-0.0287222740475	-0.00827639394256	0.0488327892914	-0.00888527602339	0.0272005318024
k__Bacteria;p__Firmicutes;c__Clostridia;o__Clostridiales;f__Oscillospiraceae;g__Oscillibacter;s__Oscillibacter_sp._KLE_1745	-0.0403323958191	-0.0119394153216	-0.0253262097579	-0.0441309758687	-0.0177762297684	-0.00585243071326	-0.0246363327825	-0.0156084735929	0.00774708231578	0.013528966467	0.0114479426424	-0.0285526568802	-0.0256424694875	-0.0189748151582	0.0602804695157	0.00982764044042	-0.00870133911944	0.0216805504234	0.0428828264578	-0.056779939458	0.018398886461	-0.0361651185904	-0.00336396541008	-0.0363320470357	1.0	-0.0383009899777	-0.0385338782862	-0.0272346804296	-0.0378527072268	-0.00108047258689	0.00401141447233	-0.0325161694848	0.00992244568109	0.0121468880427	-0.0638575725705	0.0375969433145	0.0475997754616	-0.00152038051059	0.0517639748442	0.0198615899262	-0.03102693439	0.0543098094645	-0.0422899963617	-0.0451493136786	0.0222584141073	-0.0294202043635	0.00661829092017	0.0223989178162	-0.0351186696335	-0.0274615663858	-0.0888246161968	-0.0122598701607	0.0111951763123	-0.0217138614687	-0.0128462132226	0.0802877132369	-0.0212421128253	-0.0168646845409	-0.0630153273642
k__Bacteria;p__Bacteroidetes;c__Bacteroidia;o__Bacteroidales;f__Bacteroidaceae;g__Bacteroides;s__Bacteroides_coprophilus	-0.0108821886895	0.0326303838642	-0.0181498063583	-0.00967582467167	0.01230166779	0.0172028373067	0.0347631111505	-0.034303687765	0.00184040707539	-0.0496227478811	-0.0424671668838	-0.0298447614842	-0.004994477042	0.0720591824767	-0.0341273002076	-0.0944935646055	0.0311853083134	-0.0294409798864	-0.0222282971515	0.0473650398037	-0.0226645810252	-0.0631797928603	-0.0552104635262	-0.0811044236752	-0.0383009899777	1.0	0.000821796442769	-0.0644262429276	-0.0365155231707	-0.011828538138	0.0408114489928	0.0620566652678	-0.0116625087329	-0.000631888062276	0.00840982430121	0.0107566940703	0.0137433228454	-0.0053019356606	-0.0694111884773	0.0362507430753	0.00293465176291	0.0113953143012	-0.00791440748231	-0.0135517734504	-0.0162606352745	0.0244525173338	-0.035098072576	-0.0577891712977	-0.00741634059784	-0.0191000804331	0.000294969239802	-0.017838304424	-0.00926092163377	-0.00881506847238	0.0102794165472	-0.025358670502	0.0406706515612	-0.0700759281778	0.0290653021442
k__Bacteria;p__Firmicutes;c__Clostridia;o__Clostridiales;f__Lachnospiraceae;g__Roseburia;s__Roseburia_intestinalis	-0.0159880641815	-0.0510086919872	-0.0475737028699	-0.0548750234363	0.00581482863688	0.0147687218818	0.0633410106111	0.0133995987486	0.0085847299486	0.0257419423552	0.0185728732523	0.0393239722939	-0.0447790967902	0.00863228753822	0.0471706652817	0.0261325408752	0.0341950840529	-0.0553063046673	0.0190681373907	-0.0455593317284	-0.00190015050705	0.0140949496765	0.0361852862954	-0.0426619623702	-0.0385338782862	0.000821796442769	1.0	0.00454635957583	-0.00223111125042	-0.0759050649	-0.0379868227528	0.0610200996207	-0.0323975565321	0.0306381581743	0.0166937779558	0.00118689497426	0.00258492232678	-0.0280341384425	-0.0347505417133	-0.0649334172866	0.0739977140662	0.0152014843506	0.0233881076627	-0.050994995431	0.067050328212	-0.0439984668557	-0.00974509761323	-0.00367535882223	-0.03663820863	-0.0599007951131	0.000640140228528	-0.00706431449543	-0.0283716685007	-0.0473411678575	-0.0343972694867	-0.0406854362116	0.0100828825086	-0.0134013625498	-0.048935793269
k__Bacteria;p__Firmicutes;c__Clostridia;o__Clostridiales;f__Lachnospiraceae;g__Roseburia;s__Roseburia_hominis	0.0290997665885	-0.00681951453747	0.00508642053479	0.0613405043985	-0.00626266408565	0.012441138051	0.00208849150195	0.0361747200497	0.0468859082718	0.0418809898703	-0.0255666297729	-0.0585546613624	-0.0308059079198	0.0374851917215	0.00479761119341	0.0278713418687	-0.0192517732837	0.0432112578766	-0.0199616013534	0.00437210804115	-0.022074774167	-0.0102354559475	-0.0137823943252	-0.00533922436058	-0.0272346804296	-0.0644262429276	0.00454635957583	1.0	-0.0185458756877	-0.0379435650183	-0.0276434777223	-0.01282638646	-0.0347192849963	0.0213642995419	0.0234197753595	-0.0353030697478	0.000400333319526	0.0272548630678	-0.0187187893947	-0.00711066356529	-0.0375767436403	0.0116381575938	0.00653334353866	-0.0248951315674	0.0271713504997	0.00223120859396	-0.00570546765749	-0.0469607094353	0.0045664615913	-0.0219792234927	0.00731892188435	0.0338619320869	0.0383891866365	-0.0214066806983	0.056135197101	-0.00682654301862	0.0373186219627	-0.015345307778	0.0431170439327
k__Bacteria;p__Bacteroidetes;c__Bacteroidia;o__Bacteroidales;f__Porphyromonadaceae;g__Parabacteroides;s__Parabacteroides_johnsonii	-0.0386171618406	0.0409696280092	-0.0510076552771	-0.0136437320911	0.0106364367933	-0.0314234468347	-0.00762511362599	-0.0329172629941	0.00575359970059	-0.0114293209026	0.046251903712	0.0051353052061	-0.0180643242653	-0.0051691592926	0.0121732658547	-0.0106451746336	-0.0128423173743	-0.0188858343944	-0.040372568233	-0.0329683322164	0.0135273920983	0.0278163018056	-0.00653989475312	-0.0672953862818	-0.0378527072268	-0.0365155231707	-0.00223111125042	-0.0185458756877	1.0	0.033408344832	0.0129054074508	-0.0243116639105	-0.0302331214188	0.0132479258428	-0.0302199165001	-0.0138663436673	0.00208189276171	0.0139224711048	-0.0492147658256	0.00811204648996	-0.0333738095835	-0.0252043168318	0.0648377898535	-0.0268757063354	-0.014329421587	-0.0163143316358	0.000522803577945	-0.0106480853483	-0.0596392447468	0.00845024239309	-0.0389429006232	-0.0457232910611	-0.0604538464139	0.042493478547	-0.0233985848418	0.0292902337864	0.00316546392308	-0.0365356445757	0.0559509402722
k__Bacteria;p__Actinobacteria;c__Actinobacteria;o__Bifidobacteriales;f__Bifidobacteriaceae;g__Bifidobacterium;s__Bifidobacterium_longum	-0.0125072245923	-0.0101251223774	-0.0425186321277	0.0104970464464	-0.0124163127195	0.0180749922827	-0.00695845840103	-0.00449895982647	0.0346989192916	-0.0083516130534	0.0127577603683	-0.0332608530221	0.0150888589556	-0.06186589246	-0.0085685926263	0.00410081856041	-0.0579480639768	-0.00601815658683	-0.000879509637428	-0.0232832663092	0.0191992371843	0.0282046377526	0.000904381263039	0.0112295421039	-0.00108047258689	-0.011828538138	-0.0759050649	-0.0379435650183	0.033408344832	1.0	-0.0185024550582	0.0454822887333	-0.00500226268118	-0.0201059066962	-0.0177266677408	-0.0813666975793	-0.0292771614721	0.0469352223888	0.0296827893863	0.0220331248847	-0.0234481773412	-0.0364507256476	-0.0611259219118	-0.0701548204215	0.0295811434964	-0.0330348013109	-0.0400710804766	-0.0270746575104	-0.0801211916892	-0.023828288415	0.00603107330245	0.042695958923	-0.0198127275215	0.0293234315182	0.0306780145014	0.0330857821856	-0.0152253748145	0.00151730031628	-0.070241461583
