#taxonomy	k__Bacteria;p__Bacteroidetes;c__Bacteroidia;o__Bacteroidales;f__Bacteroidaceae;g__Bacteroides;s__Bacteroides_vulgatus	k__Bacteria;p__Bacteroidetes;c__Bacteroidia;o__Bacteroidales;f__Bacteroidaceae;g__Bacteroides;s__Bacteroides_uniformis	k__Bacteria;p__Bacteroidetes;c__Bacteroidia;o__Bacteroidales;f__Rikenellaceae;g__Alistipes;s__Alistipes_putredinis	k__Bacteria;p__Bacteroidetes;c__Bacteroidia;o__Bacteroidales;f__Prevotellaceae;g__Prevotella;s__Prevotella_copri	k__Bacteria;p__Bacteroidetes;c__Bacteroidia;o__Bacteroidales;f__Bacteroidaceae;g__Bacteroides;s__Bacteroides_stercoris	k__Bacteria;p__Bacteroidetes;c__Bacteroidia;o__Bacteroidales;f__Bacteroidaceae;g__Bacteroides;s__Bacteroides_ovatus	k__Bacteria;p__Bacteroidetes;c__Bacteroidia;o__Bacteroidales;f__Rikenellaceae;g__Alistipes;s__Alistipes_shahii	k__Bacteria;p__Firmicutes;c__Clostridia;o__Clostridiales;f__Ruminococcaceae;g__Faecalibacterium;s__Faecalibacterium_prausnitzii	k__Bacteria;p__Bacteroidetes;c__Bacteroidia;o__Bacteroidales;f__Rikenellaceae;g__Alistipes;s__Alistipes_finegoldii	k__Bacteria;p__Bacteroidetes;c__Bacteroidia;o__Bacteroidales;f__Porphyromonadaceae;g__Parabacteroides;s__Parabacteroides_distasonis	k__Bacteria;p__Bacteroidetes;c__Bacteroidia;o__Bacteroidales;f__Bacteroidaceae;g__Bacteroides;s__Bacteroides_thetaiotaomicron	k__Bacteria;p__Bacteroidetes;c__Bacteroidia;o__Bacteroidales;f__Bacteroidaceae;g__Bacteroides;s__Bacteroides_coprocola	k__Bacteria;p__Bacteroidetes;c__Bacteroidia;o__Bacteroidales;f__Bacteroidaceae;g__Bacteroides;s__Bacteroides_cellulosilyticus	k__Bacteria;p__Bacteroidetes;c__Bacteroidia;o__Bacteroidales;f__Rikenellaceae;g__Alistipes;s__Alistipes_obesi	k__Bacteria;p__Firmicutes;c__Clostridia;o__Clostridiales;f__Lachnospiraceae;g__;s__[Eubacterium]_rectale	k__Bacteria;p__Bacteroidetes;c__Bacteroidia;o__Bacteroidales;f__Bacteroidaceae;g__Bacteroides;s__Bacteroides_plebeius	k__Bacteria;p__Bacteroidetes;c__Bacteroidia;o__Bacteroidales;f__Bacteroidaceae;g__Bacteroides;s__Bacteroides_fragilis	k__Bacteria;p__Proteobacteria;c__Betaproteobacteria;o__Burkholderiales;f__Sutterellaceae;g__Sutterella;s__Sutterella_wadsworthensis	k__Bacteria;p__Bacteroidetes;c__Bacteroidia;o__Bacteroidales;f__Porphyromonadaceae;g__Barnesiella;s__Barnesiella_intestinihominis	k__Bacteria;p__Bacteroidetes;c__Bacteroidia;o__Bacteroidales;f__Odoribacteraceae;g__Odoribacter;s__Odoribacter_splanchnicus	k__Bacteria;p__Bacteroidetes;c__Bacteroidia;o__Bacteroidales;f__Bacteroidaceae;g__Bacteroides;s__Bacteroides_salyersiae	k__Bacteria;p__Firmicutes;c__Clostridia;o__Clostridiales;f__Ruminococcaceae;g__Ruminiclostridium;s__[Eubacterium]_siraeum	k__Bacteria;p__Proteobacteria;c__Betaproteobacteria;o__Burkholderiales;f__Sutterellaceae;g__Parasutterella;s__Parasutterella_excrementihominis	k__Bacteria;p__Actinobacteria;c__Actinobacteria;o__Bifidobacteriales;f__Bifidobacteriaceae;g__Bifidobacterium;s__Bifidobacterium_adolescentis	k__Bacteria;p__Firmicutes;c__Clostridia;o__Clostridiales;f__Oscillospiraceae;g__Oscillibacter;s__Oscillibacter_sp._KLE_1745	k__Bacteria;p__Bacteroidetes;c__Bacteroidia;o__Bacteroidales;f__Bacteroidaceae;g__Bacteroides;s__Bacteroides_coprophilus	k__Bacteria;p__Firmicutes;c__Clostridia;o__Clostridiales;f__Lachnospiraceae;g__Roseburia;s__Roseburia_intestinalis	k__Bacteria;p__Firmicutes;c__Clostridia;o__Clostridiales;f__Lachnospiraceae;g__Roseburia;s__Roseburia_hominis	k__Bacteria;p__Bacteroidetes;c__Bacteroidia;o__Bacteroidales;f__Porphyromonadaceae;g__Parabacteroides;s__Parabacteroides_johnsonii	k__Bacteria;p__Actinobacteria;c__Actinobacteria;o__Bifidobacteriales;f__Bifidobacteriaceae;g__Bifidobacterium;s__Bifidobacterium_longum	k__Bacteria;p__Firmicutes;c__Clostridia;o__Clostridiales;f__;g__Flavonifractor;s__Flavonifractor_plautii	k__Bacteria;p__Firmicutes;c__Clostridia;o__Clostridiales;f__Clostridiaceae;g__Clostridium;s__Clostridium_phoceensis	k__Bacteria;p__Verrucomicrobia;c__Verrucomicrobiae;o__Verrucomicrobiales;f__Akkermansiaceae;g__Akkermansia;s__Akkermansia_muciniphila	k__Bacteria;p__Bacteroidetes;c__Bacteroidia;o__Bacteroidales;f__Prevotellaceae;g__Paraprevotella;s__Paraprevotella_xylaniphila	k__Bacteria;p__Firmicutes;c__Clostridia;o__Clostridiales;f__Ruminococcaceae;g__Ruminococcus;s__Ruminococcus_callidus	k__Bacteria;p__Bacteroidetes;c__Bacteroidia;o__Bacteroidales;f__Rikenellaceae;g__Alistipes;s__Alistipes_senegalensis	k__Bacteria;p__Firmicutes;c__Clostridia;o__Clostridiales;f__Lachnospiraceae;g__Blautia;s__Blautia_sp._KLE_1732	k__Bacteria;p__Bacteroidetes;c__Bacteroidia;o__Bacteroidales;f__Bacteroidaceae;g__Bacteroides;s__Bacteroides_oleiciplenus	k__Bacteria;p__Firmicutes;c__Clostridia;o__Clostridiales;f__Ruminococcaceae;g__Ruminococcus;s__Ruminococcus_bicirculans	k__Bacteria;p__Bacteroidetes;c__Bacteroidia;o__Bacteroidales;f__Bacteroidaceae;g__Bacteroides;s__Bacteroides_fluxus	k__Bacteria;p__Bacteroidetes;c__Bacteroidia;o__Bacteroidales;f__Prevotellaceae;g__Prevotella;s__Prevotella_stercorea	k__Bacteria;p__Firmicutes;c__Clostridia;o__Clostridiales;f__Lachnospiraceae;g__Dorea;s__Dorea_longicatena	k__Bacteria;p__Firmicutes;c__Clostridia;o__Clostridiales;f__Eubacteriaceae;g__Eubacterium;s__[Eubacterium]_eligens	k__Bacteria;p__Firmicutes;c__Clostridia;o__Clostridiales;f__Ruminococcaceae;g__;s__Ruminococcaceae_bacterium_D16	k__Bacteria;p__Firmicutes;c__Clostridia;o__Clostridiales;f__Lachnospiraceae;g__Coprococcus;s__Coprococcus_comes	k__Bacteria;p__Proteobacteria;c__Gammaproteobacteria;o__Enterobacterales;f__Enterobacteriaceae;g__Escherichia;s__Escherichia_coli	k__Bacteria;p__Firmicutes;c__Clostridia;o__Clostridiales;f__Ruminococcaceae;g__Anaerotruncus;s__Anaerotruncus_colihominis	k__Bacteria;p__Firmicutes;c__Clostridia;o__Clostridiales;f__Lachnospiraceae;g__Blautia;s__Blautia_obeum	k__Bacteria;p__Bacteroidetes;c__Bacteroidia;o__Bacteroidales;f__Odoribacteraceae;g__Odoribacter;s__Odoribacter_laneus	k__Bacteria;p__Firmicutes;c__Clostridia;o__Clostridiales;f__Ruminococcaceae;g__Ruminiclostridium;s__[Clostridium]_leptum	k__Bacteria;p__Bacteroidetes;c__Bacteroidia;o__Bacteroidales;f__Porphyromonadaceae;g__Parabacteroides;s__Parabacteroides_goldsteinii	k__Bacteria;p__Firmicutes;c__Clostridia;o__Clostridiales;f__Lachnospiraceae;g__Anaerostipes;s__Anaerostipes_hadrus	k__Bacteria;p__Firmicutes;c__Clostridia;o__Clostridiales;f__Ruminococcaceae;g__Ruminococcus;s__Ruminococcus_lactaris	k__Bacteria;p__Firmicutes;c__Clostridia;o__Clostridiales;f__Clostridiaceae;g__Clostridium;s__Clostridium_sp._L2-50	k__Bacteria;p__Firmicutes;c__Clostridia;o__Clostridiales;f__Clostridiaceae;g__Clostridium;s__Clostridium_sp._M62/1	k__Bacteria;p__Firmicutes;c__Clostridia;o__Clostridiales;f__;g__Intestinimonas;s__Intestinimonas_butyriciproducens	k__Bacteria;p__Actinobacteria;c__Actinobacteria;o__Bifidobacteriales;f__Bifidobacteriaceae;g__Bifidobacterium;s__Bifidobacterium_bifidum	k__Bacteria;p__Firmicutes;c__Negativicutes;o__Veillonellales;f__Veillonellaceae;g__Dialister;s__Dialister_invisus	k__Bacteria;p__Bacteroidetes;c__Bacteroidia;o__Bacteroidales;f__Bacteroidaceae;g__Bacteroides;s__Bacteroides_salanitronis
k__Bacteria;p__Bacteroidetes;c__Bacteroidia;o__Bacteroidales;f__Bacteroidaceae;g__Bacteroides;s__Bacteroides_vulgatus	1.0	-0.02608979916	-0.00564752987641	-0.0163190776613	-0.0151369511916	0.00302617562062	0.0140598563388	-0.0195214067593	0.0269675864061	-0.00733850185055	-0.0231213173746	0.00714081060445	-0.0212740726716	-0.0077531179099	-0.0154139445087	-0.0522225462681	-0.0638686624215	-0.0250507347208	0.033351085621	0.0122282935114	0.0395975760979	-0.0213268653513	0.0452450814189	-0.0459712010143	0.0166113208471	-0.0527688556878	0.0590287251716	-0.0737878544615	-0.0150865826941	0.0139335666233	-0.0457101732648	-0.000695285246616	0.00322280878989	-0.00083697790263	-0.0207759559646	0.0486465508672	-0.0156061931977	0.0312872140478	-0.0355540846917	-0.0472068357782	0.00684786282107	-0.0137453826993	-0.0204683174844	-0.0159282026341	-0.0243172254799	-0.0413282464562	0.0134711834536	-0.0210012949952	0.020294378833	-0.0353037118264	0.0461379477517	0.0114289035616	-0.0261647983985	-0.0178254164575	-0.0304419895162	-0.00424764034783	-0.0267935587982	-0.0399692349919	-0.0610586417207
k__Bacteria;p__Bacteroidetes;c__Bacteroidia;o__Bacteroidales;f__Bacteroidaceae;g__Bacteroides;s__Bacteroides_uniformis	-0.02608979916	1.0	-0.0448031371716	-0.0230894846789	-0.03091726272	-0.015301013606	-0.0257623964392	-0.00348839228866	0.0231975746681	0.0199062842298	-0.00458825806123	0.0466278822129	-0.00624409704959	0.0278012597464	0.00348633219128	0.0199004752078	-0.0435140109473	0.0235700645147	-0.00909696018792	-0.0564996791803	0.0247651479712	-0.0369732992402	0.0273702319804	-0.0099562781834	0.0354515251506	0.0184506633594	0.0353537741221	-0.0032477508006	-0.00494479996266	-0.022897011674	0.0018171185041	-0.00688593404998	0.0104864589319	0.00609780370751	-0.0340413645758	-0.0233134113812	0.0185465208206	0.00824085641729	-0.0834723312488	-0.0219926773603	-0.0562976102334	0.0395927074078	-0.0367505892192	-0.0216014654701	-0.0416359936522	-0.00932216890943	-0.0257564814815	0.0307250785515	-0.020585999794	-0.0712795738509	0.017669859591	-0.015414606679	-0.044832414956	-0.0586274649639	-0.0065894278705	-0.00325023131969	0.0194071840451	-0.0392016791401	0.033401299477
k__Bacteria;p__Bacteroidetes;c__Bacteroidia;o__Bacteroidales;f__Rikenellaceae;g__Alistipes;s__Alistipes_putredinis	-0.00564752987641	-0.0448031371716	1.0	0.00638252765145	-0.00408028205286	-0.0146891477121	-0.00795261367945	-0.018251082837	0.00766265057783	0.0121301785079	-0.0662129376659	-0.0573465570471	0.0295838323548	-0.027956543863	0.0463267433783	-0.00608435387282	0.0173476676729	-0.00247064715241	-0.00111335074091	0.0160110616073	0.0165845272581	-0.0144531704315	0.0280542899833	0.00493483938954	-0.0410494396037	-0.0497679482848	0.0615304239305	-0.000698542381218	0.0411217895155	-0.0120414763165	-0.0222442071251	-0.0086555777507	-0.0353032133698	0.0223336225112	-0.013620610444	-0.0248073612131	0.00548117175003	0.0755450790303	0.0103588186339	0.0307407489624	0.0138467091668	-0.016842392252	-0.0501753675366	0.0139776765614	0.00430803869519	-0.0403176633787	-0.0275264345133	-0.0373127256668	0.0353387931076	0.0263400915132	0.00493885706156	-0.0134416019593	-0.0313751425322	-0.034272925897	-0.0254559197073	-0.0463337752314	0.0173759399271	-0.0254654807181	-0.0195815444424
k__Bacteria;p__Bacteroidetes;c__Bacteroidia;o__Bacteroidales;f__Prevotellaceae;g__Prevotella;s__Prevotella_copri	-0.0163190776613	-0.0230894846789	0.00638252765145	1.0	-0.0266362332663	-0.0226349021641	-0.0417271458426	-0.00751855786593	-0.0426306037316	0.00869895797264	0.00318860559229	-0.0112481930806	-0.00199058632834	0.00338992434821	0.0261872958832	-0.022784192049	0.049680067631	-0.0802299453896	0.0214778682686	0.00050799681547	-0.0888802150354	-0.0548679252552	0.0408866507656	0.018632192261	0.0131010507067	0.011193019292	-0.00384215775071	0.00867839121975	-0.0410109390858	-0.0790702619298	-0.0109913557421	-0.058833826972	0.00804686229111	0.0120566280544	-0.0185967474815	-0.0357903203835	-0.0103283838567	-0.0112070112598	0.0460928778073	0.00355775202281	-0.073875590349	0.00554898538272	0.0410872480442	-0.0302185003065	0.012574498561	-0.00516903759485	0.0524854632761	-0.0154253453268	0.0117791779971	0.0394762447858	-0.0238342781334	-0.0591494630691	-0.00730383395584	0.0417602280878	0.00365761265611	0.00597587085804	0.0254859094197	-0.0480304964825	-0.00198418857726
k__Bacteria;p__Bacteroidetes;c__Bacteroidia;o__Bacteroidales;f__Bacteroidaceae;g__Bacteroides;s__Bacteroides_stercoris	-0.0151369511916	-0.03091726272	-0.00408028205286	-0.0266362332663	1.0	-0.0230778508516	-0.014597811828	0.0215919245608	-0.0401272299332	0.0133781174168	0.000468790580424	0.0137517822205	0.108311537984	0.00392535786246	-0.0236678371996	-0.0308979044831	-0.039901253021	-0.0115590670146	-0.0157422960639	-0.00124085010069	-0.0650439478105	-0.0468734537688	0.0383909227279	0.113094690476	-0.00369675342264	0.00327854000454	-0.0226946154281	-0.0526891980799	-0.0196676417175	-0.0395645776344	-0.0237881459506	0.0446711277974	0.0144246345858	0.0504956320198	-0.0160927658255	-0.065930532298	-0.0470531354816	0.0116088465358	0.00198966062029	0.00319944594998	0.00950235054766	0.000735677604491	0.0332886684029	-0.027996771119	-0.000409350764761	-0.0799385964043	-0.0469844027609	0.0470744638302	0.0160669666468	0.0379347581571	-0.0731196297621	0.0245070191614	-0.0377449072515	-0.0968587314331	0.0599605335946	0.00856638288088	-0.0399147809227	-0.031608135955	-0.00747737909792
k__Bacteria;p__Bacteroidetes;c__Bacteroidia;o__Bacteroidales;f__Bacteroidaceae;g__Bacteroides;s__Bacteroides_ovatus	0.00302617562062	-0.015301013606	-0.0146891477121	-0.0226349021641	-0.0230778508516	1.0	-0.0359513592095	0.016281775547	0.000907700466737	0.0110065964205	0.0068113123017	-0.00237680573815	-0.0186504471295	0.0662518772471	-0.0409403959055	0.040864616954	0.0125954787635	-0.0328450876178	-0.0369087022107	-0.0244695061394	0.038547417723	0.0476305379438	-0.0492046610424	0.0126596549114	-0.0323504479949	-0.041411147637	-0.0736126098664	0.00574071910346	-0.0052268462231	-0.0178552911062	-0.0186279318316	0.00718470642944	0.000775535976416	0.0310081465083	-0.0127994758506	0.0237045749816	-0.023721391648	0.0548737446539	0.0194773220654	-0.0362899284956	-0.0168666720376	-0.0352796818375	-0.0964475364657	-0.00374333775088	0.0106613496788	-0.00333425674029	-0.0359765552928	-0.0363810134987	0.00661264912379	0.0657952596274	-0.0473110608896	-0.0626252751573	-0.0186883198226	0.0183707006274	-0.00614317897629	0.0203939181399	0.0148509747064	-0.0061086244372	-0.0201158667955
k__Bacteria;p__Bacteroidetes;c__Bacteroidia;o__Bacteroidales;f__Rikenellaceae;g__Alistipes;s__Alistipes_shahii	0.0140598563388	-0.0257623964392	-0.00795261367945	-0.0417271458426	-0.014597811828	-0.0359513592095	1.0	0.0406451674744	-0.0327059605486	0.0587692227678	0.0148503265064	-0.00805512043276	0.0192113399257	-0.0296147343901	-0.0577936028901	-0.0318357432618	-0.0690675039217	-0.0157253312355	-0.0499078850903	-0.0246268527641	-0.0316964751108	-0.0360968351543	-0.0475548711706	-0.0137300724771	0.0437335497795	0.0320610774841	-0.0243413935132	0.00714015842708	0.0131329022587	0.00890289302587	-0.0453459046922	-0.0408206204581	0.0218638573567	-0.0202407747011	-0.0450290591629	0.0254425268891	-0.00797932785202	-0.0240924434753	0.0311618047849	0.0136804089691	0.0216420144874	-0.0301934671976	-0.013855222448	-0.0411417417723	0.018104889346	-0.0763434590749	-0.0227953660124	-0.0197784038433	0.026715220948	-0.0174611440374	0.0621959290346	-0.0416144935192	-0.0148908310714	-0.0128855364457	0.0152578634369	0.0700032234	-0.00816453480173	-0.045160815399	-0.00342469472002
k__Bacteria;p__Firmicutes;c__Clostridia;o__Clostridiales;f__Ruminococcaceae;g__Faecalibacterium;s__Faecalibacterium_prausnitzii	-0.0195214067593	-0.00348839228866	-0.018251082837	-0.00751855786593	0.0215919245608	0.016281775547	0.0406451674744	1.0	-0.0408784118738	-0.0274896133311	0.0252486233789	-0.0187564058418	-0.0133560544789	-0.00747070617523	-0.0851449256892	-0.0225535162	-0.013459298322	0.0762308254259	0.0453535509096	0.0295616447915	0.0156993153149	0.0532679214044	-0.00701055818622	-0.0139451420703	-0.00512815785418	-0.0267757478206	0.0180546856048	0.0904526574865	-0.0038130988239	-0.0345453684593	-0.0310761963314	-0.0559418936399	0.0215656499881	-0.0148100166679	-0.00613153186823	-0.0215214445587	0.0245115657305	-0.00143741496134	-0.0140000873173	-0.00795447669645	0.00241830201576	-0.0197186836315	-0.00622109240466	-0.0285189505736	0.0210523984151	-0.0046187176357	0.0449777908616	-0.0430208886612	-0.0403331281492	-0.0226552755779	-0.0200348374429	0.0502313822447	0.0100979354799	-0.0271032800824	0.00990984021582	0.0378931575117	-0.0443019143012	-0.000315100180352	-0.0135859787741
k__Bacteria;p__Bacteroidetes;c__Bacteroidia;o__Bacteroidales;f__Rikenellaceae;g__Alistipes;s__Alistipes_finegoldii	0.0269675864061	0.0231975746681	0.00766265057783	-0.0426306037316	-0.0401272299332	0.000907700466737	-0.0327059605486	-0.0408784118738	1.0	-0.0263121067208	-0.00811971170171	-0.0207388632341	-0.0338856291481	0.00673390125194	-0.0763285796342	-0.0567537794961	0.0130189882712	0.0180186068136	0.00202272366768	-0.00843430014422	0.0442643609505	0.00575732192611	-0.0143542796611	0.0304575861191	-0.0301038742746	-0.0218940220063	0.040552061786	-0.0661259363261	-0.0160674154721	-0.0177210378742	-0.0102096173514	-0.0377023072447	-0.0691628665618	-0.0420138214566	0.0315320790594	0.0195422890768	-0.0230417944681	-0.00974535358881	0.0168901270799	-0.0023785661438	0.030947883694	-0.0402433594125	-0.0479857046449	-0.0116251039981	0.00815255684403	-0.0382009894161	-0.0572802603624	0.012723357805	-0.0392510571269	0.0421991667108	0.0175484007009	0.017063879811	-0.0163721328167	-0.0298029641036	-0.0268242279884	-0.0529040153195	-0.0310958370678	-0.0293146530553	-0.0132251017386
k__Bacteria;p__Bacteroidetes;c__Bacteroidia;o__Bacteroidales;f__Porphyromonadaceae;g__Parabacteroides;s__Parabacteroides_distasonis	-0.00733850185055	0.0199062842298	0.0121301785079	0.00869895797264	0.0133781174168	0.0110065964205	0.0587692227678	-0.0274896133311	-0.0263121067208	1.0	0.00730214033946	0.0517552043834	0.101380432487	-0.0143769963464	-0.0401473324351	0.0363409151889	-0.0547699945382	0.0331629853915	-0.0474626685084	-0.0401765997177	0.00489207867894	0.00995261253617	-0.0175363709671	0.0323503493528	-0.00814759083233	-0.0397521997108	-0.0676606112808	-0.0222895867343	0.0155157247216	0.0690458358697	0.00673233941063	-0.0575517736358	0.00971107892137	-0.0180976575373	-0.0940558105904	0.0273155263341	0.0594229526929	0.0427306055487	-0.00804070309009	-0.0108329701238	-0.0495713173895	-0.0423345223011	0.0150383015839	-0.0140316136968	-0.000952302160806	-0.00967091700183	-0.00898388063819	0.0580160943005	-0.041056578449	-0.0255637372445	-8.98565609552e-05	-0.0458245583887	0.00347288540837	-0.0269215697477	-0.00462678225315	-0.0286999380809	0.0312902228721	-0.00309666448657	0.0392191440144
k__Bacteria;p__Bacteroidetes;c__Bacteroidia;o__Bacteroidales;f__Bacteroidaceae;g__Bacteroides;s__Bacteroides_thetaiotaomicron	-0.0231213173746	-0.00458825806123	-0.0662129376659	0.00318860559229	0.000468790580424	0.0068113123017	0.0148503265064	0.0252486233789	-0.00811971170171	0.00730214033946	1.0	0.00350076146368	0.0070729973847	0.0283165866492	0.0134059743931	-0.0515908208578	-0.0330277457863	-0.0173260800364	-0.00412426050239	-0.0680781715706	0.0107672354348	-0.0277560859251	0.0155753625935	0.00920479899296	0.0250934852514	0.00230331593423	-0.0328042712036	0.00621661007286	0.0337485851414	0.0403255933554	0.0162611971937	0.0249049700061	0.00678086390458	-0.0118553030939	-0.0149655023328	-0.0327573845277	0.0271688006369	-0.0492648137153	-0.013512239838	-0.0247517719398	0.0296163883806	-0.0102198798769	-0.0267592287943	0.0380220526707	0.0131712658946	0.00427145056672	-0.0211180278982	-0.0118269181583	-0.0267592057822	0.00738587818638	0.0192461275495	-0.0233448667212	-0.00709619149512	-0.0270346299155	-0.0613397989312	-0.0537941188642	-0.04178365526	0.0353555502876	-0.0266292589439
k__Bacteria;p__Bacteroidetes;c__Bacteroidia;o__Bacteroidales;f__Bacteroidaceae;g__Bacteroides;s__Bacteroides_coprocola	0.00714081060445	0.0466278822129	-0.0573465570471	-0.0112481930806	0.0137517822205	-0.00237680573815	-0.00805512043276	-0.0187564058418	-0.0207388632341	0.0517552043834	0.00350076146368	1.0	-0.0657223900299	0.0489584624271	-0.00475027609261	0.0160454227572	0.0229330834933	-0.0241215319999	0.0139548286294	-0.0382416446444	0.0956949109348	0.0366763164915	0.00666415035999	-0.0369109596078	0.0202244074217	-0.026330110475	-0.0284708308167	-0.0226048134877	0.0199530001035	-0.0480866449824	-0.019120404458	-0.0424536980912	-0.0100704040331	-0.013297338014	0.0380127564735	-0.030912909333	0.0135900282699	0.0174133937568	-0.0346731638538	-0.0506463200238	-0.00730878288445	-0.0432713994338	0.0554551125455	-0.0390077382178	-0.0312177286243	-0.0166295019565	0.0105006310381	0.0290507686501	0.00240698204524	0.0192179263114	-0.0696632805888	0.0222300516322	0.0402774749596	0.00551325816469	-0.0139850718476	0.0151435390973	0.0168737989158	-0.0172802620533	-0.0181463473629
k__Bacteria;p__Bacteroidetes;c__Bacteroidia;o__Bacteroidales;f__Bacteroidaceae;g__Bacteroides;s__Bacteroides_cellulosilyticus	-0.0212740726716	-0.00624409704959	0.0295838323548	-0.00199058632834	0.108311537984	-0.0186504471295	0.0192113399257	-0.0133560544789	-0.0338856291481	0.101380432487	0.0070729973847	-0.0657223900299	1.0	-0.00518722988771	0.00838815578373	0.0433807476382	-0.0903438881702	-0.053729527618	-0.0336202485447	0.00430136582406	0.00191261847296	0.0053846650982	-0.0325205057217	-0.00518851927984	-0.0711898707827	0.0221263383274	0.00537341330618	0.069768328223	0.0190235962761	0.0127809689703	0.0283968773035	0.0254917221263	-0.0485120861424	-0.00496107330514	0.0243843984751	0.0104085025326	-0.0118834853516	-0.0486209540456	0.0548867479016	0.0162954931651	-0.00633076524604	-0.0166075180794	-0.00162313799823	-0.0116628948954	0.00892441583175	0.00894362698948	0.044646173593	-0.0051434279703	-0.00340976211693	-0.0213041251724	-0.019091576829	0.0282976860892	-0.0124931873369	0.0289987319652	-0.0285858086279	-0.0643080565912	-0.0410329317482	0.00320323309642	-0.0173730466241
k__Bacteria;p__Bacteroidetes;c__Bacteroidia;o__Bacteroidales;f__Rikenellaceae;g__Alistipes;s__Alistipes_obesi	-0.0077531179099	0.0278012597464	-0.027956543863	0.00338992434821	0.00392535786246	0.0662518772471	-0.0296147343901	-0.00747070617523	0.00673390125194	-0.0143769963464	0.0283165866492	0.0489584624271	-0.00518722988771	1.0	-0.0209306045373	-0.0103836968814	-0.0555501613868	0.0485799059086	-0.0561390615589	-0.0187813897071	-0.0552494510149	0.00886701075904	-0.0320668865491	-0.0013271205281	0.0445927386786	-0.0545657822768	-0.0183888776478	0.0287255591264	-0.0514812447444	-0.0217124884003	-0.00586303094412	0.00521036035676	0.0335797734685	-0.0120026449968	-0.033319114898	-0.0461935005516	-0.000371644952085	0.0381689380087	-0.0225283963669	0.0307950578668	0.0198182941419	-0.00434816880459	-0.0324151840355	0.0326519556355	0.0476314937895	-0.0320027781031	-0.0186425134494	-0.044670775682	0.00594226993502	0.0127793394015	-0.0638612925011	0.0148324625541	-0.00450960002359	-0.0166665862964	-0.0693266132066	-0.0386891702539	0.00353886822399	-0.00737812214443	0.00608398952057
k__Bacteria;p__Firmicutes;c__Clostridia;o__Clostridiales;f__Lachnospiraceae;g__;s__[Eubacterium]_rectale	-0.0154139445087	0.00348633219128	0.0463267433783	0.0261872958832	-0.0236678371996	-0.0409403959055	-0.0577936028901	-0.0851449256892	-0.0763285796342	-0.0401473324351	0.0134059743931	-0.00475027609261	0.00838815578373	-0.0209306045373	1.0	0.063063147562	0.00188705049222	0.0274798057467	-0.00295125431345	-0.0558828748521	0.0172057504249	-0.0127741698605	0.0099557439765	-0.0279615293978	-0.0237699325081	-0.03649649075	0.0251851356671	-0.0430040724815	-0.0160865310649	-0.0210458564379	-0.00527944688189	-0.0175750546468	-0.0011807430941	-0.0321775387952	-0.00187024871309	0.0073293367439	-0.0525397021367	0.0304931198866	-0.00323357061321	0.0244300376829	0.0462774017739	0.00875528177729	-0.0473964998842	-0.036943938127	-0.0433600140188	0.0305267794228	0.0122306043991	0.0282591502888	0.0062518236923	-0.012640430925	0.0169748047671	-0.0934022879973	-0.0282941584269	-0.0310224326399	0.0361218510878	0.0261100152924	0.0373160573332	-0.0294505495107	-0.0528738470955
k__Bacteria;p__Bacteroidetes;c__Bacteroidia;o__Bacteroidales;f__Bacteroidaceae;g__Bacteroides;s__Bacteroides_plebeius	-0.0522225462681	0.0199004752078	-0.00608435387282	-0.022784192049	-0.0308979044831	0.040864616954	-0.0318357432618	-0.0225535162	-0.0567537794961	0.0363409151889	-0.0515908208578	0.0160454227572	0.0433807476382	-0.0103836968814	0.063063147562	1.0	-0.00834755518852	-0.0154184897367	0.0188204443786	0.00320295442205	0.0146429122845	0.00344335253216	0.0574865428133	0.0351259988249	0.0468854448496	0.00179439035346	0.0174672815451	0.041951108075	-6.02849617533e-05	-0.0161181190492	-0.00737988506468	0.0103959968586	-0.0397318370308	-0.0303313635736	-0.0178529723991	0.0045076249892	-0.00800890132317	0.00358499068042	0.0775203115245	-0.0193236861093	-0.00621857009966	-0.0248455873955	-0.0346017344732	-0.0345304249852	-0.0953069523607	-0.0809770211492	-0.0407651831528	-0.0578024398724	-0.0415837457033	0.0536651648111	-0.0458410853713	0.0078064020701	-0.0107146468876	-0.0220906503593	0.0187464774632	-0.0139249348723	0.0577577987101	0.0100005094062	0.00908169116302
k__Bacteria;p__Bacteroidetes;c__Bacteroidia;o__Bacteroidales;f__Bacteroidaceae;g__Bacteroides;s__Bacteroides_fragilis	-0.0638686624215	-0.0435140109473	0.0173476676729	0.049680067631	-0.039901253021	0.0125954787635	-0.0690675039217	-0.013459298322	0.0130189882712	-0.0547699945382	-0.0330277457863	0.0229330834933	-0.0903438881702	-0.0555501613868	0.00188705049222	-0.00834755518852	1.0	-0.0201991375949	0.0435448026275	0.0354527541288	0.0566293119047	0.0726896549624	-0.0828304955161	-0.00532626413176	-0.00429198912559	-0.00014519904095	-0.0649554731709	0.0342197071285	-0.0662435391436	0.0119925608663	0.026301108437	-0.0222977148994	-0.0473217171025	-0.0231979136851	-0.0196331027463	-0.0441424845416	0.00828524909527	0.00559414644467	-0.0387669149797	-0.0207637389933	0.0444624496303	-0.0210064721952	-0.0210915815533	0.0581851716655	-0.0199487020124	0.00500400684003	0.00732068026964	-0.0515715114912	0.0598631272146	-0.0252459746398	0.00642958916494	-0.0170244674298	-0.0234399768021	0.000568264448952	-0.0697930518064	-0.00536229581281	-0.0467185753351	0.0522171987988	-0.000545745121688
k__Bacteria;p__Proteobacteria;c__Betaproteobacteria;o__Burkholderiales;f__Sutterellaceae;g__Sutterella;s__Sutterella_wadsworthensis	-0.0250507347208	0.0235700645147	-0.00247064715241	-0.0802299453896	-0.0115590670146	-0.0328450876178	-0.0157253312355	0.0762308254259	0.0180186068136	0.0331629853915	-0.0173260800364	-0.0241215319999	-0.053729527618	0.0485799059086	0.0274798057467	-0.0154184897367	-0.0201991375949	1.0	-0.0420443531304	-0.00826945202933	-0.0255238863127	-0.0103891136027	0.0177983591671	0.0172731866686	-0.0707335460313	-0.0253483952906	-0.0835291620916	-0.0441773971518	-0.0347795714338	-0.0139137717791	0.0100523150167	0.0753712673791	-0.029383359184	-0.0206412181381	0.0389081760469	-0.0605593769489	-0.0124444491175	-0.0442326754946	-0.0197138799812	-0.0418135573121	0.0763395216895	-0.019357373902	0.0200394872906	0.0651766490405	0.044350251888	0.0192824790209	-0.00972111599095	-0.015431850201	0.0253534170122	-0.011582555272	-0.0567786741487	-0.00334568338786	0.0548804872885	0.000851770081886	-0.0194564771	0.0274987845089	0.0172622839947	0.000295223620545	-0.0355198831029
k__Bacteria;p__Bacteroidetes;c__Bacteroidia;o__Bacteroidales;f__Porphyromonadaceae;g__Barnesiella;s__Barnesiella_intestinihominis	0.033351085621	-0.00909696018792	-0.00111335074091	0.0214778682686	-0.0157422960639	-0.0369087022107	-0.0499078850903	0.0453535509096	0.00202272366768	-0.0474626685084	-0.00412426050239	0.0139548286294	-0.0336202485447	-0.0561390615589	-0.00295125431345	0.0188204443786	0.0435448026275	-0.0420443531304	1.0	0.026077398462	0.0433636053545	0.000435974048717	0.00917284113618	0.0209998553268	0.046635180523	-0.0508611846641	-0.0227915729	0.00821969596746	-0.0118819748478	-0.0211438031215	-0.0404807832127	-0.0424917025879	-0.00592390918734	0.0769617289507	-0.0436324419746	0.00727455477804	0.0534240626451	-0.0424040279886	0.0268106628549	-0.0432719959123	0.015159512913	0.031824205997	0.0173596483224	-0.0241032339917	-0.0405311892117	0.0645943561562	-0.00682603414608	0.000515330258222	0.0179066899351	0.0366410874308	-0.0146317991967	-0.0243040901384	-0.0323258571437	-0.0740471579935	-0.00364332797287	-0.0150944296002	-0.0317479157153	0.00899884653385	0.0452165256526
k__Bacteria;p__Bacteroidetes;c__Bacteroidia;o__Bacteroidales;f__Odoribacteraceae;g__Odoribacter;s__Odoribacter_splanchnicus	0.0122282935114	-0.0564996791803	0.0160110616073	0.00050799681547	-0.00124085010069	-0.0244695061394	-0.0246268527641	0.0295616447915	-0.00843430014422	-0.0401765997177	-0.0680781715706	-0.0382416446444	0.00430136582406	-0.0187813897071	-0.0558828748521	0.00320295442205	0.0354527541288	-0.00826945202933	0.026077398462	1.0	-0.00601999858407	-0.00221098613923	0.0549695829314	-0.0752073025997	0.0120062431878	-0.0716387229091	0.0549832589177	-0.0424978837395	-0.0213170230205	0.0210860288783	0.0372073584626	-0.0218288066621	0.0398289340233	-0.0371787600404	0.0032324019613	-0.012817407742	0.00864491840271	0.037426024286	-0.00696989705851	0.0260686825648	0.0135015012336	0.0226096469984	0.109661649486	0.00696423421619	-0.018061235219	0.0298883220536	-0.0408497772512	-0.0767304452711	0.0526554584246	0.0285125519228	0.0124692967623	-0.0176298225375	-0.0955200618658	-0.00488523153583	-0.012864384283	0.0270927652155	-0.0689491106263	-0.0218791669805	-0.00903075272116
k__Bacteria;p__Bacteroidetes;c__Bacteroidia;o__Bacteroidales;f__Bacteroidaceae;g__Bacteroides;s__Bacteroides_salyersiae	0.0395975760979	0.0247651479712	0.0165845272581	-0.0888802150354	-0.0650439478105	0.038547417723	-0.0316964751108	0.0156993153149	0.0442643609505	0.00489207867894	0.0107672354348	0.0956949109348	0.00191261847296	-0.0552494510149	0.0172057504249	0.0146429122845	0.0566293119047	-0.0255238863127	0.0433636053545	-0.00601999858407	1.0	0.00619753172889	-0.00206531169581	0.00479455471615	-0.0298327868009	-0.0144412370927	0.0484009951974	-0.00524945786135	-0.0355697084323	-0.047625191052	-0.015062882657	-0.0310276188938	-0.0492729663981	-0.0260614388528	0.0120221366244	-0.0037594619275	-0.0368477162868	0.0248899326607	0.0365162745951	-0.0255559001589	-0.00532097224714	9.12229806345e-05	0.0249736984046	-0.0574889440509	0.00883369131342	0.0442477325223	-0.010544011413	0.0073822539311	0.00682156726772	-0.0282011009333	-0.0222081114395	0.00809297466476	0.0578558900812	-0.053643974957	-0.0597851623378	-0.012779222758	0.0335843339406	-0.0400149350624	0.026349096637
k__Bacteria;p__Firmicutes;c__Clostridia;o__Clostridiales;f__Ruminococcaceae;g__Ruminiclostridium;s__[Eubacterium]_siraeum	-0.0213268653513	-0.0369732992402	-0.0144531704315	-0.0548679252552	-0.0468734537688	0.0476305379438	-0.0360968351543	0.0532679214044	0.00575732192611	0.00995261253617	-0.0277560859251	0.0366763164915	0.0053846650982	0.00886701075904	-0.0127741698605	0.00344335253216	0.0726896549624	-0.0103891136027	0.000435974048717	-0.00221098613923	0.00619753172889	1.0	0.0551358710232	0.000747559607312	-0.0104430979556	-0.00379205759783	-0.0188432592963	-0.0552703259097	0.00892001565024	0.00651556996985	0.0380637160778	-0.0135742027164	-0.0216966307336	-0.0521982994781	0.020786116418	-0.00307357185862	0.0335294924396	0.0112778358793	0.023494553623	0.0260263362091	0.024688286461	0.0377844529904	-0.000335006265835	0.00131480021313	-0.0140997945518	0.0187761497609	0.038161406033	-0.018940107236	0.0527362817285	0.0167467197838	-0.0104514954472	0.00743709368783	0.0398506027402	0.0133075508935	0.0143572858636	0.019598934209	-0.0262501622619	-0.0189401202582	-0.0307627278795
k__Bacteria;p__Proteobacteria;c__Betaproteobacteria;o__Burkholderiales;f__Sutterellaceae;g__Parasutterella;s__Parasutterella_excrementihominis	0.0452450814189	0.0273702319804	0.0280542899833	0.0408866507656	0.0383909227279	-0.0492046610424	-0.0475548711706	-0.00701055818622	-0.0143542796611	-0.0175363709671	0.0155753625935	0.00666415035999	-0.0325205057217	-0.0320668865491	0.0099557439765	0.0574865428133	-0.0828304955161	0.0177983591671	0.00917284113618	0.0549695829314	-0.00206531169581	0.0551358710232	1.0	-0.128007380966	0.0087273766825	-0.00700687360869	0.0213870757684	-0.0531390044143	-0.00374168070127	-0.0202529939218	-0.00451148592544	-0.00649941178899	0.028864297739	-0.0133948010821	-0.0488386308662	0.027459938715	-0.00856090400578	-0.0511065662004	0.0234213222815	-0.0202032684639	0.00689695784871	0.000235633296809	-0.0197963746855	-0.0746822931827	-0.0241733466327	0.0163940521103	0.0277702585284	0.0508279130796	0.0069450131497	0.0256913656983	-0.0829230759938	-0.0313371304642	-0.051449296687	0.0053336146494	-0.000268724522165	0.0609449068632	-0.0218252755977	0.025846962302	-0.0445570867557
k__Bacteria;p__Actinobacteria;c__Actinobacteria;o__Bifidobacteriales;f__Bifidobacteriaceae;g__Bifidobacterium;s__Bifidobacterium_adolescentis	-0.0459712010143	-0.0099562781834	0.00493483938954	0.018632192261	0.113094690476	0.0126596549114	-0.0137300724771	-0.0139451420703	0.0304575861191	0.0323503493528	0.00920479899296	-0.0369109596078	-0.00518851927984	-0.0013271205281	-0.0279615293978	0.0351259988249	-0.00532626413176	0.0172731866686	0.0209998553268	-0.0752073025997	0.00479455471615	0.000747559607312	-0.128007380966	1.0	-0.0224002065626	0.0454865716908	0.0368267853787	-0.0322016875508	0.0238466495615	0.0580791721767	-0.0260801944122	0.00163174181442	-0.0698261157678	-0.00501630598356	-0.00783469117245	-0.0125348150477	0.00822683007604	-0.0395100724714	-0.0837192894673	0.0432965980399	-0.0359219008467	-0.0087041518302	0.0168238989422	0.0262022879845	0.0200372670907	0.011500863333	-0.0537916111512	0.0161490795503	-0.0196854499969	0.00924285717494	-0.0163500029734	-0.0471167408795	-0.0363072497441	0.0271344865063	-0.0321662936374	-0.0428320085879	0.0229345948113	0.00433391569887	-0.0313172776494
k__Bacteria;p__Firmicutes;c__Clostridia;o__Clostridiales;f__Oscillospiraceae;g__Oscillibacter;s__Oscillibacter_sp._KLE_1745	0.0166113208471	0.0354515251506	-0.0410494396037	0.0131010507067	-0.00369675342264	-0.0323504479949	0.0437335497795	-0.00512815785418	-0.0301038742746	-0.00814759083233	0.0250934852514	0.0202244074217	-0.0711898707827	0.0445927386786	-0.0237699325081	0.0468854448496	-0.00429198912559	-0.0707335460313	0.046635180523	0.0120062431878	-0.0298327868009	-0.0104430979556	0.0087273766825	-0.0224002065626	1.0	-0.0227009219829	-0.00928159197631	0.0217966365379	-0.0169041271062	-0.0491449300361	-0.0735825874765	0.0176815789167	-0.0217529244675	-0.00462422765351	-0.0348975163456	0.0731474880245	-0.0397171561744	-0.0191896417842	-0.0440984623464	-0.0442075986702	0.0312945913119	-0.0495907405866	0.00864786738709	-0.00561264310912	-0.0117073796937	0.0282810700504	-0.0149178342402	-0.011373743245	-0.00315045623054	-0.0278463834246	0.00429906399826	-0.0671083224246	-0.0228323473583	0.0278645578988	-0.00170872280483	-0.00948575396696	-0.00552448286007	-0.0503958802387	0.0187849823626
k__Bacteria;p__Bacteroidetes;c__Bacteroidia;o__Bacteroidales;f__Bacteroidaceae;g__Bacteroides;s__Bacteroides_coprophilus	-0.0527688556878	0.0184506633594	-0.0497679482848	0.011193019292	0.00327854000454	-0.041411147637	0.0320610774841	-0.0267757478206	-0.0218940220063	-0.0397521997108	0.00230331593423	-0.026330110475	0.0221263383274	-0.0545657822768	-0.03649649075	0.00179439035346	-0.00014519904095	-0.0253483952906	-0.0508611846641	-0.0716387229091	-0.0144412370927	-0.00379205759783	-0.00700687360869	0.0454865716908	-0.0227009219829	1.0	-0.0353400320082	0.0436567064076	-0.0335424499999	-0.032440093594	0.0318210987192	-0.0240324185226	0.0156711874972	0.00021426691979	0.00927095619385	-0.0615343990553	0.0214610165251	0.0573504319734	-0.0264655695486	0.0406002762281	-0.0553718947849	0.00359166846441	-0.0105375466777	-0.00569337251861	-0.0247392098334	-0.0386803162593	0.0036461038234	0.0302420110252	0.00640607192805	-0.0233484350193	0.00977138981234	0.0200565573463	0.0826292526544	-0.0256105518668	0.00574973378456	-0.0747035876188	-0.0457155198286	-0.0193036741833	0.00333974363432
k__Bacteria;p__Firmicutes;c__Clostridia;o__Clostridiales;f__Lachnospiraceae;g__Roseburia;s__Roseburia_intestinalis	0.0590287251716	0.0353537741221	0.0615304239305	-0.00384215775071	-0.0226946154281	-0.0736126098664	-0.0243413935132	0.0180546856048	0.040552061786	-0.0676606112808	-0.0328042712036	-0.0284708308167	0.00537341330618	-0.0183888776478	0.0251851356671	0.0174672815451	-0.0649554731709	-0.0835291620916	-0.0227915729	0.0549832589177	0.0484009951974	-0.0188432592963	0.0213870757684	0.0368267853787	-0.00928159197631	-0.0353400320082	1.0	-0.0536657327676	-0.0257344338523	0.068560269121	0.00197279806115	0.0351543124784	-0.0650880256048	-0.0629128563681	-0.0320982662971	0.020880122482	-0.0125355527689	0.0288353462199	-0.0458454830267	-0.0359103173085	-0.0163961220512	-0.00748389975828	0.00687225059315	-0.00343839424638	0.0240851140777	-1.40965766843e-05	-0.0214812128702	-0.0344363248735	-0.070396945616	0.0513999128806	0.00401685281729	0.0684708528139	-0.0403788093416	0.0482468205124	0.0571088073391	-0.0194414229291	0.0283927570202	-0.037453044049	0.0549300811735
k__Bacteria;p__Firmicutes;c__Clostridia;o__Clostridiales;f__Lachnospiraceae;g__Roseburia;s__Roseburia_hominis	-0.0737878544615	-0.0032477508006	-0.000698542381218	0.00867839121975	-0.0526891980799	0.00574071910346	0.00714015842708	0.0904526574865	-0.0661259363261	-0.0222895867343	0.00621661007286	-0.0226048134877	0.069768328223	0.0287255591264	-0.0430040724815	0.041951108075	0.0342197071285	-0.0441773971518	0.00821969596746	-0.0424978837395	-0.00524945786135	-0.0552703259097	-0.0531390044143	-0.0322016875508	0.0217966365379	0.0436567064076	-0.0536657327676	1.0	-0.0273587275314	-0.00178827917054	-0.0103684079332	-0.0579117230955	0.0199041270774	-0.0112099462211	0.0609601689568	-0.0160867726539	-0.0487347099682	0.0349589677672	-0.00947764901131	0.052492669098	-0.075064188755	0.0556807114248	0.0266688661344	-0.0637087678041	-0.0027363694558	-0.00863446467269	-0.00861956085698	-0.0232269953648	-0.0071946474965	-0.0467020720691	0.00996898664604	-0.0158973665491	0.0207637374841	0.000537263624233	-0.0259466079133	-0.0754802379625	-0.0209318660687	-0.0302527233862	-0.0164425302325
k__Bacteria;p__Bacteroidetes;c__Bacteroidia;o__Bacteroidales;f__Porphyromonadaceae;g__Parabacteroides;s__Parabacteroides_johnsonii	-0.0150865826941	-0.00494479996266	0.0411217895155	-0.0410109390858	-0.0196676417175	-0.0052268462231	0.0131329022587	-0.0038130988239	-0.0160674154721	0.0155157247216	0.0337485851414	0.0199530001035	0.0190235962761	-0.0514812447444	-0.0160865310649	-6.02849617533e-05	-0.0662435391436	-0.0347795714338	-0.0118819748478	-0.0213170230205	-0.0355697084323	0.00892001565024	-0.00374168070127	0.0238466495615	-0.0169041271062	-0.0335424499999	-0.0257344338523	-0.0273587275314	1.0	0.00053244396597	-0.00139602448552	0.0447493530019	0.0619260486951	-0.0139800027136	-0.0157521754283	0.00155243714706	0.00308370881286	-0.04845458746	-0.0183691595331	0.061874474356	-0.0280013009411	0.0013168434456	-0.0173884895258	-0.00545277958605	-0.0173848840604	0.0312846581855	-0.0404292293127	-0.0072749783024	0.00756024483867	-0.0591032012363	0.0181661019615	-0.0545320875712	0.0157529217978	-0.0130759609325	0.0314771863908	-0.0288071727906	-0.019425123267	0.0156495858393	-0.0114578485016
k__Bacteria;p__Actinobacteria;c__Actinobacteria;o__Bifidobacteriales;f__Bifidobacteriaceae;g__Bifidobacterium;s__Bifidobacterium_longum	0.0139335666233	-0.022897011674	-0.0120414763165	-0.0790702619298	-0.0395645776344	-0.0178552911062	0.00890289302587	-0.0345453684593	-0.0177210378742	0.0690458358697	0.0403255933554	-0.0480866449824	0.0127809689703	-0.0217124884003	-0.0210458564379	-0.0161181190492	0.0119925608663	-0.0139137717791	-0.0211438031215	0.0210860288783	-0.047625191052	0.00651556996985	-0.0202529939218	0.0580791721767	-0.0491449300361	-0.032440093594	0.068560269121	-0.00178827917054	0.00053244396597	1.0	-0.00124315721476	0.00745438864696	0.0188444908337	-0.0226224730003	-0.00344431262799	-0.00687341534512	-0.00689197221912	-0.0230950248771	0.00976176176832	-0.0423786125316	-0.0298492676855	0.0264081585719	-0.0505259037739	-0.0293458920155	-0.023326096882	-0.0049870888849	-0.0063640694167	-0.0334001646336	-0.010238605478	0.027027638743	0.0766240017199	-0.019542809709	-0.0316834936141	-0.0378154719055	0.0525129259884	-0.0203237538308	-0.0592716861968	-0.00645311119307	0.0457983723752
