#taxonomy	k__Bacteria;p__Bacteroidetes;c__Bacteroidia;o__Bacteroidales;f__Bacteroidaceae;g__Bacteroides;s__Bacteroides_vulgatus	k__Bacteria;p__Bacteroidetes;c__Bacteroidia;o__Bacteroidales;f__Bacteroidaceae;g__Bacteroides;s__Bacteroides_uniformis	k__Bacteria;p__Bacteroidetes;c__Bacteroidia;o__Bacteroidales;f__Rikenellaceae;g__Alistipes;s__Alistipes_putredinis	k__Bacteria;p__Bacteroidetes;c__Bacteroidia;o__Bacteroidales;f__Prevotellaceae;g__Prevotella;s__Prevotella_copri	k__Bacteria;p__Bacteroidetes;c__Bacteroidia;o__Bacteroidales;f__Bacteroidaceae;g__Bacteroides;s__Bacteroides_stercoris	k__Bacteria;p__Bacteroidetes;c__Bacteroidia;o__Bacteroidales;f__Bacteroidaceae;g__Bacteroides;s__Bacteroides_ovatus	k__Bacteria;p__Bacteroidetes;c__Bacteroidia;o__Bacteroidales;f__Rikenellaceae;g__Alistipes;s__Alistipes_shahii	k__Bacteria;p__Firmicutes;c__Clostridia;o__Clostridiales;f__Ruminococcaceae;g__Faecalibacterium;s__Faecalibacterium_prausnitzii	k__Bacteria;p__Bacteroidetes;c__Bacteroidia;o__Bacteroidales;f__Rikenellaceae;g__Alistipes;s__Alistipes_finegoldii	k__Bacteria;p__Bacteroidetes;c__Bacteroidia;o__Bacteroidales;f__Porphyromonadaceae;g__Parabacteroides;s__Parabacteroides_distasonis	k__Bacteria;p__Bacteroidetes;c__Bacteroidia;o__Bacteroidales;f__Bacteroidaceae;g__Bacteroides;s__Bacteroides_thetaiotaomicron	k__Bacteria;p__Bacteroidetes;c__Bacteroidia;o__Bacteroidales;f__Bacteroidaceae;g__Bacteroides;s__Bacteroides_coprocola	k__Bacteria;p__Bacteroidetes;c__Bacteroidia;o__Bacteroidales;f__Bacteroidaceae;g__Bacteroides;s__Bacteroides_cellulosilyticus	k__Bacteria;p__Bacteroidetes;c__Bacteroidia;o__Bacteroidales;f__Rikenellaceae;g__Alistipes;s__Alistipes_obesi	k__Bacteria;p__Firmicutes;c__Clostridia;o__Clostridiales;f__Lachnospiraceae;g__;s__[Eubacterium]_rectale	k__Bacteria;p__Bacteroidetes;c__Bacteroidia;o__Bacteroidales;f__Bacteroidaceae;g__Bacteroides;s__Bacteroides_plebeius	k__Bacteria;p__Bacteroidetes;c__Bacteroidia;o__Bacteroidales;f__Bacteroidaceae;g__Bacteroides;s__Bacteroides_fragilis	k__Bacteria;p__Proteobacteria;c__Betaproteobacteria;o__Burkholderiales;f__Sutterellaceae;g__Sutterella;s__Sutterella_wadsworthensis	k__Bacteria;p__Bacteroidetes;c__Bacteroidia;o__Bacteroidales;f__Porphyromonadaceae;g__Barnesiella;s__Barnesiella_intestinihominis	k__Bacteria;p__Bacteroidetes;c__Bacteroidia;o__Bacteroidales;f__Odoribacteraceae;g__Odoribacter;s__Odoribacter_splanchnicus	k__Bacteria;p__Bacteroidetes;c__Bacteroidia;o__Bacteroidales;f__Bacteroidaceae;g__Bacteroides;s__Bacteroides_salyersiae	k__Bacteria;p__Firmicutes;c__Clostridia;o__Clostridiales;f__Ruminococcaceae;g__Ruminiclostridium;s__[Eubacterium]_siraeum	k__Bacteria;p__Proteobacteria;c__Betaproteobacteria;o__Burkholderiales;f__Sutterellaceae;g__Parasutterella;s__Parasutterella_excrementihominis	k__Bacteria;p__Actinobacteria;c__Actinobacteria;o__Bifidobacteriales;f__Bifidobacteriaceae;g__Bifidobacterium;s__Bifidobacterium_adolescentis	k__Bacteria;p__Firmicutes;c__Clostridia;o__Clostridiales;f__Oscillospiraceae;g__Oscillibacter;s__Oscillibacter_sp._KLE_1745	k__Bacteria;p__Bacteroidetes;c__Bacteroidia;o__Bacteroidales;f__Bacteroidaceae;g__Bacteroides;s__Bacteroides_coprophilus	k__Bacteria;p__Firmicutes;c__Clostridia;o__Clostridiales;f__Lachnospiraceae;g__Roseburia;s__Roseburia_intestinalis	k__Bacteria;p__Firmicutes;c__Clostridia;o__Clostridiales;f__Lachnospiraceae;g__Roseburia;s__Roseburia_hominis	k__Bacteria;p__Bacteroidetes;c__Bacteroidia;o__Bacteroidales;f__Porphyromonadaceae;g__Parabacteroides;s__Parabacteroides_johnsonii	k__Bacteria;p__Actinobacteria;c__Actinobacteria;o__Bifidobacteriales;f__Bifidobacteriaceae;g__Bifidobacterium;s__Bifidobacterium_longum	k__Bacteria;p__Firmicutes;c__Clostridia;o__Clostridiales;f__;g__Flavonifractor;s__Flavonifractor_plautii	k__Bacteria;p__Firmicutes;c__Clostridia;o__Clostridiales;f__Clostridiaceae;g__Clostridium;s__Clostridium_phoceensis	k__Bacteria;p__Verrucomicrobia;c__Verrucomicrobiae;o__Verrucomicrobiales;f__Akkermansiaceae;g__Akkermansia;s__Akkermansia_muciniphila	k__Bacteria;p__Bacteroidetes;c__Bacteroidia;o__Bacteroidales;f__Prevotellaceae;g__Paraprevotella;s__Paraprevotella_xylaniphila	k__Bacteria;p__Firmicutes;c__Clostridia;o__Clostridiales;f__Ruminococcaceae;g__Ruminococcus;s__Ruminococcus_callidus	k__Bacteria;p__Bacteroidetes;c__Bacteroidia;o__Bacteroidales;f__Rikenellaceae;g__Alistipes;s__Alistipes_senegalensis	k__Bacteria;p__Firmicutes;c__Clostridia;o__Clostridiales;f__Lachnospiraceae;g__Blautia;s__Blautia_sp._KLE_1732	k__Bacteria;p__Bacteroidetes;c__Bacteroidia;o__Bacteroidales;f__Bacteroidaceae;g__Bacteroides;s__Bacteroides_oleiciplenus	k__Bacteria;p__Firmicutes;c__Clostridia;o__Clostridiales;f__Ruminococcaceae;g__Ruminococcus;s__Ruminococcus_bicirculans	k__Bacteria;p__Bacteroidetes;c__Bacteroidia;o__Bacteroidales;f__Bacteroidaceae;g__Bacteroides;s__Bacteroides_fluxus	k__Bacteria;p__Bacteroidetes;c__Bacteroidia;o__Bacteroidales;f__Prevotellaceae;g__Prevotella;s__Prevotella_stercorea	k__Bacteria;p__Firmicutes;c__Clostridia;o__Clostridiales;f__Lachnospiraceae;g__Dorea;s__Dorea_longicatena	k__Bacteria;p__Firmicutes;c__Clostridia;o__Clostridiales;f__Eubacteriaceae;g__Eubacterium;s__[Eubacterium]_eligens	k__Bacteria;p__Firmicutes;c__Clostridia;o__Clostridiales;f__Ruminococcaceae;g__;s__Ruminococcaceae_bacterium_D16	k__Bacteria;p__Firmicutes;c__Clostridia;o__Clostridiales;f__Lachnospiraceae;g__Coprococcus;s__Coprococcus_comes	k__Bacteria;p__Proteobacteria;c__Gammaproteobacteria;o__Enterobacterales;f__Enterobacteriaceae;g__Escherichia;s__Escherichia_coli	k__Bacteria;p__Firmicutes;c__Clostridia;o__Clostridiales;f__Ruminococcaceae;g__Anaerotruncus;s__Anaerotruncus_colihominis	k__Bacteria;p__Firmicutes;c__Clostridia;o__Clostridiales;f__Lachnospiraceae;g__Blautia;s__Blautia_obeum	k__Bacteria;p__Bacteroidetes;c__Bacteroidia;o__Bacteroidales;f__Odoribacteraceae;g__Odoribacter;s__Odoribacter_laneus	k__Bacteria;p__Firmicutes;c__Clostridia;o__Clostridiales;f__Ruminococcaceae;g__Ruminiclostridium;s__[Clostridium]_leptum	k__Bacteria;p__Bacteroidetes;c__Bacteroidia;o__Bacteroidales;f__Porphyromonadaceae;g__Parabacteroides;s__Parabacteroides_goldsteinii	k__Bacteria;p__Firmicutes;c__Clostridia;o__Clostridiales;f__Lachnospiraceae;g__Anaerostipes;s__Anaerostipes_hadrus	k__Bacteria;p__Firmicutes;c__Clostridia;o__Clostridiales;f__Ruminococcaceae;g__Ruminococcus;s__Ruminococcus_lactaris	k__Bacteria;p__Firmicutes;c__Clostridia;o__Clostridiales;f__Clostridiaceae;g__Clostridium;s__Clostridium_sp._L2-50	k__Bacteria;p__Firmicutes;c__Clostridia;o__Clostridiales;f__Clostridiaceae;g__Clostridium;s__Clostridium_sp._M62/1	k__Bacteria;p__Firmicutes;c__Clostridia;o__Clostridiales;f__;g__Intestinimonas;s__Intestinimonas_butyriciproducens	k__Bacteria;p__Actinobacteria;c__Actinobacteria;o__Bifidobacteriales;f__Bifidobacteriaceae;g__Bifidobacterium;s__Bifidobacterium_bifidum	k__Bacteria;p__Firmicutes;c__Negativicutes;o__Veillonellales;f__Veillonellaceae;g__Dialister;s__Dialister_invisus	k__Bacteria;p__Bacteroidetes;c__Bacteroidia;o__Bacteroidales;f__Bacteroidaceae;g__Bacteroides;s__Bacteroides_salanitronis
k__Bacteria;p__Bacteroidetes;c__Bacteroidia;o__Bacteroidales;f__Bacteroidaceae;g__Bacteroides;s__Bacteroides_vulgatus	1.0	0.00622949969821	-0.00494915888733	0.0698415124091	0.0587659924013	0.0292796562934	-0.0112574505363	0.104502566343	-0.0745488499466	0.00487943652034	0.027439379846	0.0598797334413	-0.0191525502643	0.0145465205759	-0.00918970791274	0.00117630721473	-0.0234562681603	-0.0308710978693	-0.0184542200736	-0.00821008892143	-0.103541956284	-0.0273734659635	-0.0486750522889	0.0395798914135	-0.021757755098	-0.0399139133574	-0.0169745805523	0.0602002173604	-0.0257129823687	-0.101364070077	0.0370239225362	-0.015446176032	0.0185223241847	0.0297330975123	-0.0317852022538	-0.015339109811	0.0199125418711	0.0543881104374	-0.030134331608	-0.0320936284515	-0.0357653769797	0.032561210814	0.0556460544548	0.0559199628497	-0.0135496351538	-0.0154453635585	-0.00328457034729	-0.0450329474049	-0.0332771149602	0.00907465042981	-0.0386449597438	0.0352985398648	-0.0227328327778	-0.0203068364036	-0.106619407618	-0.0346288441596	0.0158740144976	-0.00389873509168	0.00672215826713
k__Bacteria;p__Bacteroidetes;c__Bacteroidia;o__Bacteroidales;f__Bacteroidaceae;g__Bacteroides;s__Bacteroides_uniformis	0.00622949969821	1.0	-0.0853015093952	0.0373824891398	0.00273899961475	-0.0113849737517	-0.0315135706989	-0.00711280865891	-0.060996674709	-0.036115242838	0.0110791102788	-0.00234220098312	0.026614425739	-0.0422079923924	0.028108627359	-0.039382013656	-0.0716646372239	-0.00193269425489	0.00461810125373	-0.00382050529658	0.00452253698008	0.00631884674779	0.0296167647103	-0.0513391009768	0.00849572825583	0.0149008385381	-0.0247042290881	0.0144149329691	-0.025899073414	-0.0388415041224	-0.0113424292852	0.00662363874612	0.019718177938	-0.0140492186237	0.00399846397894	0.0182062102651	-0.0453965873447	0.00920868605689	-0.0311962270689	-0.0718420799164	-0.0243817722752	-0.0389400092965	0.02708542318	-0.0451459996246	-0.0619570670842	-0.00329054184455	-0.040022197182	-0.0150170045892	-0.0278412476167	-0.0309921514691	0.00702702703037	-0.0692273232755	-0.033748633787	0.0274930642713	0.0410715366191	0.0103668673667	-0.0440234294491	0.0159917087657	-0.000404051177453
k__Bacteria;p__Bacteroidetes;c__Bacteroidia;o__Bacteroidales;f__Rikenellaceae;g__Alistipes;s__Alistipes_putredinis	-0.00494915888733	-0.0853015093952	1.0	-0.0470780076823	-0.0240524559573	-0.063844724879	-0.0391344496157	-0.0222684685108	-0.0372614435474	0.0562134399162	-0.0157954722513	-0.0206526406839	0.0236646653383	-0.0327519524479	0.0358764151338	-0.0179091510005	0.0707220723086	-0.019086856013	-0.0466774631461	0.0681767416076	0.0207684144913	0.00646543767736	-0.0122414749229	-0.0383367421685	-0.0148337632174	0.0146023760587	0.0367079194123	0.0185200612956	-0.043707476723	-0.0423817000263	0.0224959570376	0.0142709612545	0.0408196843684	0.0334405493253	-0.000235459430945	-0.00896192710879	-0.0492005856713	-0.0116035644989	-0.010772248857	-0.0119674674129	0.0117036388512	-0.068234599059	0.000317688053437	-0.00422623263509	-0.0228201695128	0.00781375535031	-0.019784181384	-0.0085395522156	-0.0297458995498	0.0199864833231	0.0167215397612	-0.0370894163202	-0.0226655395694	-0.0306130817243	-0.010776309831	-0.0123728947941	0.00433109444701	-0.0232132855531	-0.0462688527052
k__Bacteria;p__Bacteroidetes;c__Bacteroidia;o__Bacteroidales;f__Prevotellaceae;g__Prevotella;s__Prevotella_copri	0.0698415124091	0.0373824891398	-0.0470780076823	1.0	-0.057577719235	0.00455096506949	-0.0350763671458	-0.0275850469205	-0.0693450617375	-0.00925712632004	0.00325983947417	0.0220434854517	0.0385047165588	-0.0108819890329	0.0217210688441	0.000931670222309	-0.0216163365738	-0.0463292818042	-0.00195061588611	0.0234247036139	-0.0232584220682	0.00171600062122	-0.0558651155169	-0.0272378811468	-0.0283745948043	0.00909407469961	0.0132604408903	-0.038417971194	-0.044931439051	0.0396121825152	-0.0289123529413	-0.0412070802307	0.0018698538032	0.0207695898224	0.00208245267319	0.0484946545631	-0.012322877485	0.0600774832927	-0.0578827912887	0.0217584788923	0.00383195267382	-0.0142922266911	0.000754340978191	0.0320139915417	-0.0512312807194	0.0168043052892	-0.027728973457	-0.0162607988321	0.0142839126717	0.0395164089044	0.0182627857233	0.00708947039028	0.00368681931948	0.0791200803232	-0.031991915112	0.0293413309654	-0.000591886186529	-0.0274713186452	-0.0143582090467
k__Bacteria;p__Bacteroidetes;c__Bacteroidia;o__Bacteroidales;f__Bacteroidaceae;g__Bacteroides;s__Bacteroides_stercoris	0.0587659924013	0.00273899961475	-0.0240524559573	-0.057577719235	1.0	-0.028782800874	-0.00630512086571	-0.0307676879517	0.0350649339494	-0.0408426214918	0.0616351541846	0.00490995612561	0.0712834818835	-0.0249513215302	-0.0433722079065	-0.0168796883185	-0.0287899048639	-0.0178969845857	-0.00147567761509	-0.0666303146808	-0.0461232259894	0.00853182596223	-0.0499067360101	-0.0234570009346	0.00967849429673	-0.0183394720821	-0.0462010985673	-0.034007560437	-0.0247183558016	-0.0385147465029	0.0300017572608	0.0184750194932	0.0555155517587	-0.0187834683846	0.0165232007136	0.0186914049126	0.00451087308942	-0.0449948685236	0.0476128672292	-0.0461665247983	-0.0881464176008	0.0194618073733	-0.0283728869012	-0.0510591960675	0.0116354195984	-0.0362835714179	-0.0442969272577	0.0195011862601	-0.00574654764869	0.0549569576726	-0.0542575814113	0.0265323395858	0.0174944038629	0.0507911242749	0.00391193640361	0.0113037543012	0.0288622178828	-0.0575023651902	0.000929464480787
k__Bacteria;p__Bacteroidetes;c__Bacteroidia;o__Bacteroidales;f__Bacteroidaceae;g__Bacteroides;s__Bacteroides_ovatus	0.0292796562934	-0.0113849737517	-0.063844724879	0.00455096506949	-0.028782800874	1.0	-0.0169797313135	0.0434189186998	0.0205646104447	-0.012984910352	0.0119706038997	0.0591072239945	0.0192340958728	-0.00271006117111	-0.00768861423018	-0.0071277331216	-0.0612850629258	-0.0455646786566	-0.116318474673	-0.0181493848221	-0.0416036635252	0.0613819978818	0.0651334075765	-0.00488660573578	-0.00665477467736	0.0116143557973	-0.0332593287293	-0.0429994917286	-0.00427710286112	0.0429554212753	-0.0257295625107	0.0158545067921	0.0349102857937	0.0219231892135	-0.121659705876	-0.037658977979	0.048504321266	0.0310383236236	-0.0315277379909	-0.0190442953844	0.0321507776057	-0.0259634413655	0.0232083528829	-0.0497332312599	0.0333249371249	-0.0286930937687	0.00546574167987	0.0535687406524	0.056958850103	-0.0195066994868	0.0133995079359	0.0186903148627	0.00764051008041	-0.0550071397962	-0.0147908732916	-0.00168987193971	-0.0941714651125	-0.0341524047581	-0.005271729055
k__Bacteria;p__Bacteroidetes;c__Bacteroidia;o__Bacteroidales;f__Rikenellaceae;g__Alistipes;s__Alistipes_shahii	-0.0112574505363	-0.0315135706989	-0.0391344496157	-0.0350763671458	-0.00630512086571	-0.0169797313135	1.0	0.0057122817831	-0.0221073738286	0.0164401531736	0.00794072252833	0.0788484176141	0.000730961622821	-0.0384107027335	-0.0212057669569	-0.0848976824977	-0.0585875885323	0.0228828168911	0.0116675510972	-0.011785154147	-0.0139727149403	0.0224187876739	-0.0229191323551	-0.0544274827812	-0.0396690886926	0.0232557501082	-0.0153684950076	0.00588958642539	-0.00891785375895	-0.0259791635878	-0.0102544604104	-0.0124275810648	-0.0439095140007	-0.0395610201202	-0.0170069343484	0.0454030123485	-0.0122733276715	-0.0158067745977	0.00143923028931	-0.0021669978225	-0.0186641645797	-0.0191022107703	0.0125828641789	0.00111957254499	-0.0186659049287	0.0229783933816	-0.0235930534731	-0.00855253622648	-0.0332836411515	0.00558754535036	-0.000834169433807	-0.0314109916632	-0.0317634270752	0.00593472482208	0.0306833340852	0.0063987990795	0.0671310033874	-0.015323547488	-0.00802192849941
k__Bacteria;p__Firmicutes;c__Clostridia;o__Clostridiales;f__Ruminococcaceae;g__Faecalibacterium;s__Faecalibacterium_prausnitzii	0.104502566343	-0.00711280865891	-0.0222684685108	-0.0275850469205	-0.0307676879517	0.0434189186998	0.0057122817831	1.0	0.0346734252388	-0.0462638445318	0.0331842790353	-0.0142503233278	0.00301288301444	-0.0250845341129	-0.0187541542992	-0.0138391851594	0.0244759036208	-0.032595713249	-0.00571504884821	-0.00583133232229	-0.0155444849184	0.00978615412193	-0.0832682397261	-0.0512835217718	-0.0296497468836	-0.0135527551777	-0.0340981022678	0.0468527567132	0.0110300046718	-0.00899899592107	-0.0198722110842	0.00406420782875	-0.0154301303143	-0.00734269275718	-0.0573712355772	-0.0159842911791	0.00592842430261	-0.0209642609563	-0.000835403566474	0.0191296189398	0.0176982627829	0.0579133643372	0.00694463171843	0.0179013744539	0.0489397031124	-0.000444208364199	-0.00393007992712	-0.0111509101277	-0.0190966775841	0.0008442266584	-0.0511094100028	-0.0364157248212	-0.00517410968933	0.0368583073473	0.0293125468005	-0.0178450103215	2.22858295379e-05	0.0357564811995	0.0172966086532
k__Bacteria;p__Bacteroidetes;c__Bacteroidia;o__Bacteroidales;f__Rikenellaceae;g__Alistipes;s__Alistipes_finegoldii	-0.0745488499466	-0.060996674709	-0.0372614435474	-0.0693450617375	0.0350649339494	0.0205646104447	-0.0221073738286	0.0346734252388	1.0	0.00982119193734	-0.0303506450208	-0.0133705543816	-0.0304141720478	0.0438082546593	-0.0277658639677	-0.0300948241834	0.0131163363476	0.00651435242623	-0.0711930815386	-0.0499909959102	0.0321854971943	-0.0222221275424	0.0367046164923	0.024344346524	0.00718569525581	0.0254061014277	0.0587685870469	0.033745889342	0.0063728298092	-0.0304369862864	-0.0370565025667	-0.0162795691263	-0.0324728586031	0.033163980383	0.00433710141381	-0.046594364169	0.0877938162583	-0.0811873946805	0.00352466106894	0.0168798290773	-0.0140568379306	-0.00950181787292	-0.0221973637566	0.012876269026	-0.049846939338	-0.0524454025668	-0.00169767538445	-0.0291802857326	0.000109281112452	-0.0325911114605	-0.0524600996396	0.0279527419364	0.0247215512802	-0.026457601577	-0.0124955177606	-0.0125669480381	0.0327995169562	-0.030716485611	0.00488777379716
k__Bacteria;p__Bacteroidetes;c__Bacteroidia;o__Bacteroidales;f__Porphyromonadaceae;g__Parabacteroides;s__Parabacteroides_distasonis	0.00487943652034	-0.036115242838	0.0562134399162	-0.00925712632004	-0.0408426214918	-0.012984910352	0.0164401531736	-0.0462638445318	0.00982119193734	1.0	-0.00416487667815	0.0141536199452	0.0252399487728	0.0318205452449	-0.00539692977206	-0.00984290896146	0.000408715829875	-0.00702847545185	0.038309192014	-0.0200477227326	-0.0184812180236	0.00720657708037	0.00121546295236	-0.0171084527166	0.0174849452778	-0.048711101407	-0.0634644862587	-0.0252905361328	-0.0266057540166	-0.0596328965076	-0.0182582708789	-0.0246108806134	-0.00264535417215	-0.0226786703184	0.05996509493	0.015904982582	0.0448075581362	-0.00836975053047	-8.40152610256e-05	0.067335867299	0.0298492818841	-0.0268617038372	0.0370455103718	0.0326069169567	0.00732936617853	-0.00211037025222	-0.0105320791764	0.00214842309906	-0.0286185715147	-0.0177327136391	0.066959864279	-0.0234570558654	0.00945492193372	-0.0406413456282	-0.0232893500114	-0.0259800042327	-0.0811070205622	-0.0364664875322	0.0258824255827
k__Bacteria;p__Bacteroidetes;c__Bacteroidia;o__Bacteroidales;f__Bacteroidaceae;g__Bacteroides;s__Bacteroides_thetaiotaomicron	0.027439379846	0.0110791102788	-0.0157954722513	0.00325983947417	0.0616351541846	0.0119706038997	0.00794072252833	0.0331842790353	-0.0303506450208	-0.00416487667815	1.0	-0.0393262469925	0.00300421038204	-0.026430125258	0.0117080179069	-0.0111022329559	-0.00150325326598	-0.0448062710733	-0.0479353758142	-0.0149412965664	-0.0867521566396	-0.0227458338684	0.0218755744007	-0.025407549503	-0.0215837789183	0.0547529766511	-0.0601453823166	0.00967290802138	-0.0398621013041	0.0146824580881	-0.00668443339289	0.0261363460282	-0.0194704891252	-0.00299199253973	-0.0468818963211	-0.0127193442489	-0.0289426727339	-0.0108572882327	-0.00728164003838	-0.0526552062481	0.00483537294014	0.0423611612071	0.0277903481652	-0.00760729356656	0.0238188076417	-0.00252665761186	-0.00879970578361	0.00534117375055	-0.0528051633254	-0.0773707104479	0.0346014991761	-0.015582799675	0.0564241652359	-0.0436512194096	-0.0316919757349	-0.0829599777555	0.00835689317842	0.072718947062	0.00956275638262
k__Bacteria;p__Bacteroidetes;c__Bacteroidia;o__Bacteroidales;f__Bacteroidaceae;g__Bacteroides;s__Bacteroides_coprocola	0.0598797334413	-0.00234220098312	-0.0206526406839	0.0220434854517	0.00490995612561	0.0591072239945	0.0788484176141	-0.0142503233278	-0.0133705543816	0.0141536199452	-0.0393262469925	1.0	-0.0166705072582	-0.0850424202392	0.0434536158226	-0.0175009406498	0.0528401666446	-0.0582254120103	-0.0531649327801	-0.00317242731992	-0.0599438826969	-0.01557630241	0.0261459161291	0.0227726380102	-0.0404376743855	0.0239925361385	-0.0538616556185	0.0354035357645	-0.0711876351092	-0.060701612355	-0.0146780816432	0.0315255378228	-0.0609256483892	0.0179829197399	-0.00337105962431	-0.0460140618186	0.00517743772777	-0.04328621291	-0.0176374558383	0.0203955394792	-0.0283133444634	0.0674156908186	-0.000644678421388	0.0115160271668	-0.00751130991253	-0.0488349265831	-0.0418586953068	0.00231837054514	0.0203592782322	0.0446843890753	-0.0546613595432	0.0355977350482	-0.0289087662138	-0.00913907307868	0.0162643298202	-0.0015831201178	0.0350318540749	-0.066659789116	-0.0341891650573
k__Bacteria;p__Bacteroidetes;c__Bacteroidia;o__Bacteroidales;f__Bacteroidaceae;g__Bacteroides;s__Bacteroides_cellulosilyticus	-0.0191525502643	0.026614425739	0.0236646653383	0.0385047165588	0.0712834818835	0.0192340958728	0.000730961622821	0.00301288301444	-0.0304141720478	0.0252399487728	0.00300421038204	-0.0166705072582	1.0	0.0142172197835	-0.0326626662547	-0.0562698618227	0.0145534565519	0.00463387424978	0.0224923225823	-0.0145294427108	0.00914841295029	0.00141134885833	-0.0256980772989	0.00905510453872	0.0389064806434	-0.00101128090067	-0.0514586726012	0.0212861950497	-0.0480618649571	-0.0266209954027	0.0406938046559	0.021352231464	0.00100875076145	-0.0469652926487	0.0208977801002	-0.0369763593962	-0.0142777353596	0.0682874339928	-0.078878325072	0.0142916201346	0.00568579439493	-0.030104773127	-0.0971687679992	-0.0391166963541	-0.00307716353663	-0.0273962041422	-0.0304184327283	-0.0208922448135	0.0295308990918	-0.0958828442448	-0.10460255402	-0.05040368762	0.0304802981706	0.0262094324633	0.0010403494722	0.0113485710042	0.0521433058573	-0.00134511827824	-0.0209043528579
k__Bacteria;p__Bacteroidetes;c__Bacteroidia;o__Bacteroidales;f__Rikenellaceae;g__Alistipes;s__Alistipes_obesi	0.0145465205759	-0.0422079923924	-0.0327519524479	-0.0108819890329	-0.0249513215302	-0.00271006117111	-0.0384107027335	-0.0250845341129	0.0438082546593	0.0318205452449	-0.026430125258	-0.0850424202392	0.0142172197835	1.0	-0.044459512908	-0.0190476508887	0.0277458056921	0.080289533425	0.0603351084201	0.0104895351482	0.0130592753672	-0.0145512201549	-0.0200020181215	0.00103979518814	-0.00349227030037	-0.00754067432736	0.0238407697434	-0.0329652496516	0.0383532284622	0.0134497654473	-0.0316064767563	-0.0255114659422	0.00514652130709	-0.0382541250563	-0.0269082038088	-0.0140960638916	0.00898688646206	0.0117577801733	0.0100035040101	0.0642243200433	-0.0595600707996	-0.000106383613201	0.0130460563989	0.0425607613921	0.00886343577886	-0.0214810371937	0.00124413370096	-0.0456713899638	-0.057755963092	0.0230887589487	-0.0162501178313	-0.0131025905797	-0.0292557193583	-0.0435994796753	-0.0303840649474	-0.0221467983853	-0.00707025026646	0.0407713854826	-0.0258472897237
k__Bacteria;p__Firmicutes;c__Clostridia;o__Clostridiales;f__Lachnospiraceae;g__;s__[Eubacterium]_rectale	-0.00918970791274	0.028108627359	0.0358764151338	0.0217210688441	-0.0433722079065	-0.00768861423018	-0.0212057669569	-0.0187541542992	-0.0277658639677	-0.00539692977206	0.0117080179069	0.0434536158226	-0.0326626662547	-0.044459512908	1.0	-0.00691592533289	-0.0395754063819	0.00460320847952	-0.0461475380243	0.0314303243678	0.024116365603	0.0356752800902	0.0261974355483	0.0132878173497	0.00999190520015	0.0233446092813	0.0192187275365	0.0564454044566	0.0141048155359	-0.0338771128521	-0.0284832905374	0.0416517955454	0.0605507839473	0.0199847055951	0.0269552656476	0.0206482592777	-0.0336342556173	-0.0393233886757	0.0110856031739	0.0364210864523	0.0373413615493	-0.0633277748906	-0.0241656011999	-0.0596543921786	-0.0246763786659	-0.0563710223655	-0.0286387377139	-0.0198040202823	0.0135459818776	0.0180038582815	0.0541786910773	-0.0586461165602	-0.0360811391539	-0.0368819464082	-0.000564749674644	0.0287831106364	0.0321394142019	-0.0458747548824	0.0459179021792
k__Bacteria;p__Bacteroidetes;c__Bacteroidia;o__Bacteroidales;f__Bacteroidaceae;g__Bacteroides;s__Bacteroides_plebeius	0.00117630721473	-0.039382013656	-0.0179091510005	0.000931670222309	-0.0168796883185	-0.0071277331216	-0.0848976824977	-0.0138391851594	-0.0300948241834	-0.00984290896146	-0.0111022329559	-0.0175009406498	-0.0562698618227	-0.0190476508887	-0.00691592533289	1.0	0.00386080133351	-0.0104569296752	-0.0107421511218	0.0162485420306	0.0881792277152	-0.067449445596	0.0270452000513	-0.0312709732034	-0.0409659320131	-0.0552385011388	-0.0252394600748	-0.0706024368332	0.015302827101	0.0276527028423	-0.0105055796359	-0.0513231274997	0.0127785646785	-0.00486336039171	-0.0160751125858	-0.057840778063	-0.0275793836449	-0.0287870552812	0.018863336286	0.0248316025307	0.0123840363638	0.0527224377506	0.0506163051458	-0.0149103133849	-0.0413364740796	0.0285594577869	-0.0194403985719	0.0850082855131	-0.00734054697146	0.0311981850817	0.00560123729563	0.044931101469	0.048023580967	-0.0315881860247	-0.0174220399539	0.0150520710433	0.0193726905189	-0.0161774140891	-0.0209875250366
k__Bacteria;p__Bacteroidetes;c__Bacteroidia;o__Bacteroidales;f__Bacteroidaceae;g__Bacteroides;s__Bacteroides_fragilis	-0.0234562681603	-0.0716646372239	0.0707220723086	-0.0216163365738	-0.0287899048639	-0.0612850629258	-0.0585875885323	0.0244759036208	0.0131163363476	0.000408715829875	-0.00150325326598	0.0528401666446	0.0145534565519	0.0277458056921	-0.0395754063819	0.00386080133351	1.0	0.0565162028444	0.0115624161517	0.0098780383504	-0.0130751168025	-0.0363207015759	-0.0595692444728	0.039583642702	-0.022937364868	-0.035302507137	-0.00713184326325	-0.0215770350738	-0.0247290362821	-0.00588242293815	-0.0320793200118	0.0135686175912	-0.0111259398825	0.016240373745	0.0115038525533	0.0301344884463	-0.0180768101811	0.00547846982604	0.0297360202281	-0.00412785806536	-2.01511068282e-05	0.00676282375131	-0.0422192822183	0.057395590024	-0.0232043585485	0.0538028250136	0.0208139201993	0.00688639587147	0.0152627369014	-0.0386275670898	0.0112817666591	-0.0454572965007	-0.041501803676	0.00852268667648	-0.0511797285729	0.00103889281992	0.053770507687	-0.0823715926716	0.0027330158965
k__Bacteria;p__Proteobacteria;c__Betaproteobacteria;o__Burkholderiales;f__Sutterellaceae;g__Sutterella;s__Sutterella_wadsworthensis	-0.0308710978693	-0.00193269425489	-0.019086856013	-0.0463292818042	-0.0178969845857	-0.0455646786566	0.0228828168911	-0.032595713249	0.00651435242623	-0.00702847545185	-0.0448062710733	-0.0582254120103	0.00463387424978	0.080289533425	0.00460320847952	-0.0104569296752	0.0565162028444	1.0	-0.0317374868011	-0.0176286874335	-0.0808440893929	-0.0574428720475	-0.03267809679	0.0235225919537	0.0504702695432	-0.0117716177662	0.0236764761462	-0.0460570678018	0.0597690765609	0.0410748695368	-0.037569892196	-0.00246207207373	0.00768161425582	-0.0806111922014	0.0131013096376	0.0380122395805	-0.0138758574087	-0.0268139604658	-0.0653001333268	-0.00500065877131	-0.0210758832072	-0.000176781489139	-0.044684669801	0.0548308310374	0.0575054375576	0.032782373562	-0.0306452713262	-0.0189104910693	-0.0125324926404	-0.0214051519557	0.0176820966807	0.0227402358028	0.00274967076546	-0.0293228633297	0.00648117799812	-0.00180288040826	0.0395882165305	0.00385747542977	-0.0209100008435
k__Bacteria;p__Bacteroidetes;c__Bacteroidia;o__Bacteroidales;f__Porphyromonadaceae;g__Barnesiella;s__Barnesiella_intestinihominis	-0.0184542200736	0.00461810125373	-0.0466774631461	-0.00195061588611	-0.00147567761509	-0.116318474673	0.0116675510972	-0.00571504884821	-0.0711930815386	0.038309192014	-0.0479353758142	-0.0531649327801	0.0224923225823	0.0603351084201	-0.0461475380243	-0.0107421511218	0.0115624161517	-0.0317374868011	1.0	-0.000621576004638	0.00731595148937	-0.0195499187544	-0.0081979422446	-0.0217791683026	-0.00771769757578	0.00720737562749	-0.0152492134111	-0.00486686129516	0.0443726048597	0.000313614703166	0.0291873876371	-0.0164086095195	-0.0413742528987	-0.0174710039532	-0.0549147288445	0.000581339314606	0.00541743609233	0.0569883531849	0.0985343213912	-0.0127365018851	-0.00106128305885	-0.0476402297481	0.0192538985019	0.00244741576284	-0.0227038128393	-0.00659460044735	0.0300022030117	-0.0481327713484	-0.0660315551113	-0.0096961138398	-0.029132912372	-0.0616790412682	0.0318574523707	-0.0570645781737	0.0137929143368	-0.0785940457678	0.0217550163276	0.0175660114105	0.00275443294188
k__Bacteria;p__Bacteroidetes;c__Bacteroidia;o__Bacteroidales;f__Odoribacteraceae;g__Odoribacter;s__Odoribacter_splanchnicus	-0.00821008892143	-0.00382050529658	0.0681767416076	0.0234247036139	-0.0666303146808	-0.0181493848221	-0.011785154147	-0.00583133232229	-0.0499909959102	-0.0200477227326	-0.0149412965664	-0.00317242731992	-0.0145294427108	0.0104895351482	0.0314303243678	0.0162485420306	0.0098780383504	-0.0176286874335	-0.000621576004638	1.0	-0.0450481571847	0.0116185919061	-0.0151501713934	-0.00856709530971	-0.00813842316417	0.000194472408558	-0.0449337353911	-0.0300203344156	-0.00818179917018	0.0798742190876	-0.0129282800646	-0.0212800491511	0.0995719861574	-0.0198192417854	0.00359960341668	-0.0164832711776	-0.026394282766	-0.0562249336174	-0.0467714436895	-0.0400458695406	-0.0277547129515	0.000651735303035	-0.071350975371	-0.0102382028871	0.0511094489418	0.0735354200801	-0.0201864684553	0.046242613939	-0.0452268181921	0.0174301174482	0.0425125254839	-0.0339060032191	0.0104194920664	0.0135285803205	0.0215695269085	-0.0195893751789	0.00563694585363	-0.0119233582652	0.0423773893764
k__Bacteria;p__Bacteroidetes;c__Bacteroidia;o__Bacteroidales;f__Bacteroidaceae;g__Bacteroides;s__Bacteroides_salyersiae	-0.103541956284	0.00452253698008	0.0207684144913	-0.0232584220682	-0.0461232259894	-0.0416036635252	-0.0139727149403	-0.0155444849184	0.0321854971943	-0.0184812180236	-0.0867521566396	-0.0599438826969	0.00914841295029	0.0130592753672	0.024116365603	0.0881792277152	-0.0130751168025	-0.0808440893929	0.00731595148937	-0.0450481571847	1.0	0.00110752456542	0.0212251007488	0.0198149593159	-0.0192064699028	-0.00651623237284	0.00384437768619	0.00615098173249	-0.0542261163033	0.00818600231541	0.00759850070943	0.0272328123332	0.00387025225628	-0.01890418347	-0.0292563193186	-0.0178166590184	-0.0312599764341	0.0266116876479	-0.0370918182231	0.0351796349744	-0.0176871210293	-0.0633240314229	0.0472271095098	-0.000323295797358	0.0907812585923	-0.0244340163594	0.00586994097462	0.00161691680723	0.0228299417594	0.00379096405401	-0.0263272206191	0.0279869484483	0.00953206895136	-0.00883063151407	-0.10413911009	-0.027319883766	-0.00180011104587	0.0710983363447	-0.10714737725
k__Bacteria;p__Firmicutes;c__Clostridia;o__Clostridiales;f__Ruminococcaceae;g__Ruminiclostridium;s__[Eubacterium]_siraeum	-0.0273734659635	0.00631884674779	0.00646543767736	0.00171600062121	0.00853182596223	0.0613819978818	0.0224187876739	0.00978615412193	-0.0222221275424	0.00720657708037	-0.0227458338684	-0.01557630241	0.00141134885833	-0.0145512201549	0.0356752800902	-0.067449445596	-0.0363207015759	-0.0574428720475	-0.0195499187544	0.0116185919061	0.00110752456542	1.0	-0.0490292108085	0.0379396518664	-0.0645523837545	-0.00625538810654	-0.00810126228527	-0.0166458170137	-0.0132889575273	-0.0168726062164	0.0358539385864	0.0274018316935	0.0284328453864	0.0249039218588	0.057719714698	0.00973162702686	-0.0154337843037	0.0191389563259	0.0191992687983	0.0419689446895	0.00390688169888	-0.0371777039145	-0.0649389173333	-0.0628135206302	-0.0476890962367	0.0130132539657	-0.0504075479307	0.00930881004072	-0.059492675222	-0.0249501643006	-0.0482533654492	-0.0468668938404	-0.012099675272	0.00471455279962	0.0677117475114	-0.0680844060474	0.0293945937733	-0.0687957627981	0.00117610189836
k__Bacteria;p__Proteobacteria;c__Betaproteobacteria;o__Burkholderiales;f__Sutterellaceae;g__Parasutterella;s__Parasutterella_excrementihominis	-0.0486750522889	0.0296167647103	-0.0122414749229	-0.0558651155169	-0.0499067360101	0.0651334075765	-0.0229191323551	-0.0832682397261	0.0367046164923	0.00121546295236	0.0218755744007	0.0261459161291	-0.0256980772989	-0.0200020181215	0.0261974355483	0.0270452000513	-0.0595692444728	-0.03267809679	-0.0081979422446	-0.0151501713934	0.0212251007488	-0.0490292108085	1.0	-0.0177874309452	-0.0316302151027	-0.0426199732697	-0.023882859429	-0.0660848915638	-0.00493187077082	0.0278441066847	0.0208603599441	-0.0317732098369	-0.0308653978862	0.0112896226639	-0.00154431310863	-0.043830699424	0.0370504697259	0.0231395074464	0.0423660286809	0.0368610976136	-0.00451687594867	0.0153024713969	-0.0201623882307	-0.0436258187781	0.0178758572728	-0.0649735180963	0.0137653558692	0.00370370530395	-0.00151259114118	-0.00249912371734	-0.0243484584869	-0.0382736155122	-0.0287019027574	-0.00971147527179	-0.00738541856809	-0.00602813559001	-0.00944789615243	0.059554090786	0.013207725114
k__Bacteria;p__Actinobacteria;c__Actinobacteria;o__Bifidobacteriales;f__Bifidobacteriaceae;g__Bifidobacterium;s__Bifidobacterium_adolescentis	0.0395798914135	-0.0513391009768	-0.0383367421685	-0.0272378811468	-0.0234570009346	-0.00488660573578	-0.0544274827812	-0.0512835217718	0.024344346524	-0.0171084527166	-0.025407549503	0.0227726380102	0.00905510453872	0.00103979518814	0.0132878173497	-0.0312709732034	0.039583642702	0.0235225919537	-0.0217791683026	-0.00856709530971	0.0198149593159	0.0379396518664	-0.0177874309452	1.0	-0.0135717429247	0.059930916896	-0.0730344407451	-0.00966425020978	-0.0536807372731	0.0236675722887	-0.0360520173854	-0.0238788832785	0.0217192472506	-0.0019242746051	0.0195945686529	0.000242527071591	0.0405506015719	0.0341092097177	0.0209036268307	0.0107672137557	0.0431488214465	0.0347842043394	0.0182593466318	0.0189831541732	-0.0203972141404	-0.0143696092756	-0.00524619216188	-0.028023804038	0.0269541752813	-0.00671489392624	0.0199718418439	0.0315853259938	-0.0508253905751	-0.0673804484117	0.0174820456773	-0.0170785047363	0.0188769136565	0.0747385370057	-0.0242450356612
k__Bacteria;p__Firmicutes;c__Clostridia;o__Clostridiales;f__Oscillospiraceae;g__Oscillibacter;s__Oscillibacter_sp._KLE_1745	-0.021757755098	0.00849572825583	-0.0148337632174	-0.0283745948043	0.00967849429673	-0.00665477467736	-0.0396690886926	-0.0296497468836	0.00718569525581	0.0174849452778	-0.0215837789183	-0.0404376743855	0.0389064806434	-0.00349227030037	0.00999190520015	-0.0409659320131	-0.022937364868	0.0504702695432	-0.00771769757578	-0.00813842316417	-0.0192064699028	-0.0645523837545	-0.0316302151027	-0.0135717429247	1.0	-0.0036524795282	0.0388832740313	0.0141686959125	0.00950726288491	0.000662410803441	-0.0141300744109	0.0050401779961	0.027628034247	0.0143313965224	-0.0174367066307	0.00177893607503	-0.0161584884538	-0.0514280956979	-0.0182469865831	0.00825275102059	-0.0701701441935	-0.108941071501	-0.088483865727	-0.00996514195707	0.0523934284256	-0.0153535871738	0.0537798090135	-0.0816682070971	0.00415222085958	-0.0183419702399	-0.0341055116528	0.0398020869895	0.014666483971	0.0736875902359	0.0390328999389	0.0469662063405	-0.0308623053958	0.0241488590284	-0.0672975388272
k__Bacteria;p__Bacteroidetes;c__Bacteroidia;o__Bacteroidales;f__Bacteroidaceae;g__Bacteroides;s__Bacteroides_coprophilus	-0.0399139133574	0.0149008385381	0.0146023760587	0.00909407469961	-0.0183394720821	0.0116143557973	0.0232557501082	-0.0135527551777	0.0254061014277	-0.048711101407	0.0547529766511	0.0239925361385	-0.00101128090067	-0.00754067432736	0.0233446092813	-0.0552385011388	-0.035302507137	-0.0117716177662	0.00720737562749	0.000194472408558	-0.00651623237284	-0.00625538810654	-0.0426199732697	0.059930916896	-0.0036524795282	1.0	-0.0350057780233	-0.0407562099363	0.0292213289627	-0.0181732545822	-0.00645620797894	-0.0120991797504	0.00833772151512	-0.0807267089384	-0.0516847049028	0.0221865636004	-0.062043404121	-0.0453867154974	-0.0877606179647	-0.00876232898582	-0.0395551552149	0.050817321811	-0.00451762119514	0.0194258120131	-0.0213631741934	-0.0253793487013	0.00845925087106	-0.0482873154371	0.0287811475735	0.0281192082982	0.024522405243	-0.00910296493193	-0.0182162703267	0.00730003515961	0.0218711435055	0.0365285636356	-0.0254129153908	-0.029158238745	0.0210808510367
k__Bacteria;p__Firmicutes;c__Clostridia;o__Clostridiales;f__Lachnospiraceae;g__Roseburia;s__Roseburia_intestinalis	-0.0169745805523	-0.0247042290881	0.0367079194123	0.0132604408903	-0.0462010985673	-0.0332593287293	-0.0153684950076	-0.0340981022678	0.0587685870469	-0.0634644862587	-0.0601453823166	-0.0538616556185	-0.0514586726012	0.0238407697434	0.0192187275365	-0.0252394600748	-0.00713184326325	0.0236764761462	-0.0152492134111	-0.0449337353911	0.00384437768619	-0.00810126228527	-0.023882859429	-0.0730344407451	0.0388832740313	-0.0350057780233	1.0	-0.0241442000284	-0.00872019708231	-0.00435873732973	0.0393718244549	0.00471163334876	-0.0480910026371	0.019239665322	0.0183217842546	0.0413565249752	0.0302898006668	0.0242172402342	0.000382526805088	-0.054423065277	-0.0494821795672	-0.0177097677339	-0.0100931788432	0.0257377569758	-0.00739883506525	-0.0288330292163	0.0289273520357	0.0376749382935	-0.014195606746	-0.0525533535322	0.0434298229419	-0.0136446782708	0.0350451654	0.0537147202671	-0.0281326078865	-0.0416890271749	0.00823764446173	-0.0142787386633	-0.0662591312683
k__Bacteria;p__Firmicutes;c__Clostridia;o__Clostridiales;f__Lachnospiraceae;g__Roseburia;s__Roseburia_hominis	0.0602002173604	0.0144149329691	0.0185200612956	-0.038417971194	-0.034007560437	-0.0429994917286	0.00588958642539	0.0468527567132	0.033745889342	-0.0252905361328	0.00967290802138	0.0354035357645	0.0212861950497	-0.0329652496516	0.0564454044566	-0.0706024368332	-0.0215770350738	-0.0460570678018	-0.00486686129516	-0.0300203344156	0.00615098173249	-0.0166458170137	-0.0660848915638	-0.00966425020978	0.0141686959125	-0.0407562099363	-0.0241442000284	1.0	0.0138369068461	0.0358782879797	0.0197319174026	0.0068832790798	-0.0701918307363	-0.0350011106461	-0.00121920015493	-0.0705270990986	-0.0404643930429	-0.0146202263949	-0.0318169001145	0.00249898526799	0.0197774685676	0.0450726797315	0.00116789016981	-0.0172509644802	-0.033450532973	0.0433691759643	-0.00466155648699	0.046056759659	0.0367795436529	-0.0194450525037	-0.0412187623988	-0.0371929308843	-0.00948512995527	0.00837503156033	0.00112836603214	-0.00844693057793	0.0190430352828	-0.0104003616798	0.00606402054892
k__Bacteria;p__Bacteroidetes;c__Bacteroidia;o__Bacteroidales;f__Porphyromonadaceae;g__Parabacteroides;s__Parabacteroides_johnsonii	-0.0257129823687	-0.025899073414	-0.043707476723	-0.044931439051	-0.0247183558016	-0.00427710286112	-0.00891785375895	0.0110300046718	0.0063728298092	-0.0266057540166	-0.0398621013041	-0.0711876351092	-0.0480618649571	0.0383532284622	0.0141048155359	0.015302827101	-0.0247290362821	0.0597690765609	0.0443726048597	-0.00818179917018	-0.0542261163033	-0.0132889575273	-0.00493187077082	-0.0536807372731	0.00950726288491	0.0292213289627	-0.00872019708231	0.0138369068461	1.0	-0.018018542466	0.0142168052481	-0.000444891726317	-0.0240139573996	-0.00453727250958	0.012571393069	0.0122599254331	0.00969263900277	-0.0455427087218	-0.00121730665168	-0.00551796835015	0.00191375790409	-0.0302390203914	-0.0600094922027	-0.0199207639826	0.00720033039923	0.0467943815609	-0.00688879462523	-0.0321503112537	0.00770666968554	-0.0765719837519	-0.0137514863886	-0.0134112976262	-0.00264920917715	0.0122964347382	-0.00604348342629	0.00648361453572	-0.0236314705662	-0.0189209050992	0.0581326915016
k__Bacteria;p__Actinobacteria;c__Actinobacteria;o__Bifidobacteriales;f__Bifidobacteriaceae;g__Bifidobacterium;s__Bifidobacterium_longum	-0.101364070077	-0.0388415041224	-0.0423817000263	0.0396121825152	-0.0385147465029	0.0429554212753	-0.0259791635878	-0.00899899592107	-0.0304369862864	-0.0596328965076	0.0146824580881	-0.060701612355	-0.0266209954027	0.0134497654473	-0.0338771128521	0.0276527028423	-0.00588242293815	0.0410748695368	0.000313614703166	0.0798742190876	0.00818600231541	-0.0168726062164	0.0278441066847	0.0236675722887	0.000662410803441	-0.0181732545822	-0.00435873732973	0.0358782879797	-0.018018542466	1.0	0.0525292638588	0.00256075989358	0.0507164197063	-0.0414232690872	-0.041959037739	-0.0136521892861	-0.0172007494924	-0.0510319987205	-0.00648610217085	0.024049394797	-0.037360080158	-0.00169055163292	-0.0046550854914	0.0330830973389	0.0139353812422	-0.0423670509046	0.0290594196542	-0.00586749477558	0.00660927041454	-0.0525928825378	0.091698410013	-0.0570945999806	-0.0568322934628	-0.0547190738177	-0.0492692726254	-0.0387275718634	0.0310678928811	-0.00057196191114	0.0667778210769
