#taxonomy	k__Bacteria;p__Bacteroidetes;c__Bacteroidia;o__Bacteroidales;f__Bacteroidaceae;g__Bacteroides;s__Bacteroides_vulgatus	k__Bacteria;p__Bacteroidetes;c__Bacteroidia;o__Bacteroidales;f__Bacteroidaceae;g__Bacteroides;s__Bacteroides_uniformis	k__Bacteria;p__Bacteroidetes;c__Bacteroidia;o__Bacteroidales;f__Rikenellaceae;g__Alistipes;s__Alistipes_putredinis	k__Bacteria;p__Bacteroidetes;c__Bacteroidia;o__Bacteroidales;f__Prevotellaceae;g__Prevotella;s__Prevotella_copri	k__Bacteria;p__Bacteroidetes;c__Bacteroidia;o__Bacteroidales;f__Bacteroidaceae;g__Bacteroides;s__Bacteroides_stercoris	k__Bacteria;p__Bacteroidetes;c__Bacteroidia;o__Bacteroidales;f__Bacteroidaceae;g__Bacteroides;s__Bacteroides_ovatus	k__Bacteria;p__Bacteroidetes;c__Bacteroidia;o__Bacteroidales;f__Rikenellaceae;g__Alistipes;s__Alistipes_shahii	k__Bacteria;p__Firmicutes;c__Clostridia;o__Clostridiales;f__Ruminococcaceae;g__Faecalibacterium;s__Faecalibacterium_prausnitzii	k__Bacteria;p__Bacteroidetes;c__Bacteroidia;o__Bacteroidales;f__Rikenellaceae;g__Alistipes;s__Alistipes_finegoldii	k__Bacteria;p__Bacteroidetes;c__Bacteroidia;o__Bacteroidales;f__Porphyromonadaceae;g__Parabacteroides;s__Parabacteroides_distasonis	k__Bacteria;p__Bacteroidetes;c__Bacteroidia;o__Bacteroidales;f__Bacteroidaceae;g__Bacteroides;s__Bacteroides_thetaiotaomicron	k__Bacteria;p__Bacteroidetes;c__Bacteroidia;o__Bacteroidales;f__Bacteroidaceae;g__Bacteroides;s__Bacteroides_coprocola	k__Bacteria;p__Bacteroidetes;c__Bacteroidia;o__Bacteroidales;f__Bacteroidaceae;g__Bacteroides;s__Bacteroides_cellulosilyticus	k__Bacteria;p__Bacteroidetes;c__Bacteroidia;o__Bacteroidales;f__Rikenellaceae;g__Alistipes;s__Alistipes_obesi	k__Bacteria;p__Firmicutes;c__Clostridia;o__Clostridiales;f__Lachnospiraceae;g__;s__[Eubacterium]_rectale	k__Bacteria;p__Bacteroidetes;c__Bacteroidia;o__Bacteroidales;f__Bacteroidaceae;g__Bacteroides;s__Bacteroides_plebeius	k__Bacteria;p__Bacteroidetes;c__Bacteroidia;o__Bacteroidales;f__Bacteroidaceae;g__Bacteroides;s__Bacteroides_fragilis	k__Bacteria;p__Proteobacteria;c__Betaproteobacteria;o__Burkholderiales;f__Sutterellaceae;g__Sutterella;s__Sutterella_wadsworthensis	k__Bacteria;p__Bacteroidetes;c__Bacteroidia;o__Bacteroidales;f__Porphyromonadaceae;g__Barnesiella;s__Barnesiella_intestinihominis	k__Bacteria;p__Bacteroidetes;c__Bacteroidia;o__Bacteroidales;f__Odoribacteraceae;g__Odoribacter;s__Odoribacter_splanchnicus	k__Bacteria;p__Bacteroidetes;c__Bacteroidia;o__Bacteroidales;f__Bacteroidaceae;g__Bacteroides;s__Bacteroides_salyersiae	k__Bacteria;p__Firmicutes;c__Clostridia;o__Clostridiales;f__Ruminococcaceae;g__Ruminiclostridium;s__[Eubacterium]_siraeum	k__Bacteria;p__Proteobacteria;c__Betaproteobacteria;o__Burkholderiales;f__Sutterellaceae;g__Parasutterella;s__Parasutterella_excrementihominis	k__Bacteria;p__Actinobacteria;c__Actinobacteria;o__Bifidobacteriales;f__Bifidobacteriaceae;g__Bifidobacterium;s__Bifidobacterium_adolescentis	k__Bacteria;p__Firmicutes;c__Clostridia;o__Clostridiales;f__Oscillospiraceae;g__Oscillibacter;s__Oscillibacter_sp._KLE_1745	k__Bacteria;p__Bacteroidetes;c__Bacteroidia;o__Bacteroidales;f__Bacteroidaceae;g__Bacteroides;s__Bacteroides_coprophilus	k__Bacteria;p__Firmicutes;c__Clostridia;o__Clostridiales;f__Lachnospiraceae;g__Roseburia;s__Roseburia_intestinalis	k__Bacteria;p__Firmicutes;c__Clostridia;o__Clostridiales;f__Lachnospiraceae;g__Roseburia;s__Roseburia_hominis	k__Bacteria;p__Bacteroidetes;c__Bacteroidia;o__Bacteroidales;f__Porphyromonadaceae;g__Parabacteroides;s__Parabacteroides_johnsonii	k__Bacteria;p__Actinobacteria;c__Actinobacteria;o__Bifidobacteriales;f__Bifidobacteriaceae;g__Bifidobacterium;s__Bifidobacterium_longum	k__Bacteria;p__Firmicutes;c__Clostridia;o__Clostridiales;f__;g__Flavonifractor;s__Flavonifractor_plautii	k__Bacteria;p__Firmicutes;c__Clostridia;o__Clostridiales;f__Clostridiaceae;g__Clostridium;s__Clostridium_phoceensis	k__Bacteria;p__Verrucomicrobia;c__Verrucomicrobiae;o__Verrucomicrobiales;f__Akkermansiaceae;g__Akkermansia;s__Akkermansia_muciniphila	k__Bacteria;p__Bacteroidetes;c__Bacteroidia;o__Bacteroidales;f__Prevotellaceae;g__Paraprevotella;s__Paraprevotella_xylaniphila	k__Bacteria;p__Firmicutes;c__Clostridia;o__Clostridiales;f__Ruminococcaceae;g__Ruminococcus;s__Ruminococcus_callidus	k__Bacteria;p__Bacteroidetes;c__Bacteroidia;o__Bacteroidales;f__Rikenellaceae;g__Alistipes;s__Alistipes_senegalensis	k__Bacteria;p__Firmicutes;c__Clostridia;o__Clostridiales;f__Lachnospiraceae;g__Blautia;s__Blautia_sp._KLE_1732	k__Bacteria;p__Bacteroidetes;c__Bacteroidia;o__Bacteroidales;f__Bacteroidaceae;g__Bacteroides;s__Bacteroides_oleiciplenus	k__Bacteria;p__Firmicutes;c__Clostridia;o__Clostridiales;f__Ruminococcaceae;g__Ruminococcus;s__Ruminococcus_bicirculans	k__Bacteria;p__Bacteroidetes;c__Bacteroidia;o__Bacteroidales;f__Bacteroidaceae;g__Bacteroides;s__Bacteroides_fluxus	k__Bacteria;p__Bacteroidetes;c__Bacteroidia;o__Bacteroidales;f__Prevotellaceae;g__Prevotella;s__Prevotella_stercorea	k__Bacteria;p__Firmicutes;c__Clostridia;o__Clostridiales;f__Lachnospiraceae;g__Dorea;s__Dorea_longicatena	k__Bacteria;p__Firmicutes;c__Clostridia;o__Clostridiales;f__Eubacteriaceae;g__Eubacterium;s__[Eubacterium]_eligens	k__Bacteria;p__Firmicutes;c__Clostridia;o__Clostridiales;f__Ruminococcaceae;g__;s__Ruminococcaceae_bacterium_D16	k__Bacteria;p__Firmicutes;c__Clostridia;o__Clostridiales;f__Lachnospiraceae;g__Coprococcus;s__Coprococcus_comes	k__Bacteria;p__Proteobacteria;c__Gammaproteobacteria;o__Enterobacterales;f__Enterobacteriaceae;g__Escherichia;s__Escherichia_coli	k__Bacteria;p__Firmicutes;c__Clostridia;o__Clostridiales;f__Ruminococcaceae;g__Anaerotruncus;s__Anaerotruncus_colihominis	k__Bacteria;p__Firmicutes;c__Clostridia;o__Clostridiales;f__Lachnospiraceae;g__Blautia;s__Blautia_obeum	k__Bacteria;p__Bacteroidetes;c__Bacteroidia;o__Bacteroidales;f__Odoribacteraceae;g__Odoribacter;s__Odoribacter_laneus	k__Bacteria;p__Firmicutes;c__Clostridia;o__Clostridiales;f__Ruminococcaceae;g__Ruminiclostridium;s__[Clostridium]_leptum	k__Bacteria;p__Bacteroidetes;c__Bacteroidia;o__Bacteroidales;f__Porphyromonadaceae;g__Parabacteroides;s__Parabacteroides_goldsteinii	k__Bacteria;p__Firmicutes;c__Clostridia;o__Clostridiales;f__Lachnospiraceae;g__Anaerostipes;s__Anaerostipes_hadrus	k__Bacteria;p__Firmicutes;c__Clostridia;o__Clostridiales;f__Ruminococcaceae;g__Ruminococcus;s__Ruminococcus_lactaris	k__Bacteria;p__Firmicutes;c__Clostridia;o__Clostridiales;f__Clostridiaceae;g__Clostridium;s__Clostridium_sp._L2-50	k__Bacteria;p__Firmicutes;c__Clostridia;o__Clostridiales;f__Clostridiaceae;g__Clostridium;s__Clostridium_sp._M62/1	k__Bacteria;p__Firmicutes;c__Clostridia;o__Clostridiales;f__;g__Intestinimonas;s__Intestinimonas_butyriciproducens	k__Bacteria;p__Actinobacteria;c__Actinobacteria;o__Bifidobacteriales;f__Bifidobacteriaceae;g__Bifidobacterium;s__Bifidobacterium_bifidum	k__Bacteria;p__Firmicutes;c__Negativicutes;o__Veillonellales;f__Veillonellaceae;g__Dialister;s__Dialister_invisus	k__Bacteria;p__Bacteroidetes;c__Bacteroidia;o__Bacteroidales;f__Bacteroidaceae;g__Bacteroides;s__Bacteroides_salanitronis
k__Bacteria;p__Bacteroidetes;c__Bacteroidia;o__Bacteroidales;f__Bacteroidaceae;g__Bacteroides;s__Bacteroides_vulgatus	1.0	0.0472756974868	0.0355131343795	-0.0358655114811	0.00314109646314	-0.0335475809147	-0.0475427218794	-0.0459295369922	0.00522779847639	0.0126738606328	-0.0377211646951	-0.0554670390266	0.0585475468584	0.0102842989124	0.0430657778508	0.00134328514082	0.0155847431433	-0.0414342707466	0.00625843903293	-0.0108568611946	0.0102031585529	6.58883746445e-06	-0.0462199046924	-0.00988560834088	0.0203266943446	0.0212059490252	-0.0375335497516	-0.113633605208	-0.0529982375872	-0.00534408040674	-0.0328003230721	-0.0261731292285	-0.0186725508514	-0.000824090001642	0.0127949641434	-0.0258848368637	-0.0116890082754	-0.0125190918869	-0.0244971233515	0.00795873584548	-0.0245644856775	-0.0866197409395	0.0141876452464	-0.063147146012	-0.0365345245512	-0.00425245592617	-0.0450348403667	0.0112469594942	0.00785949420143	0.00451564196663	0.0174490230107	0.00120247013067	-0.0387677887291	-0.0283260630657	0.0208184401238	0.00018496982876	0.0543036997653	-0.0294592158411	0.00402319873107
k__Bacteria;p__Bacteroidetes;c__Bacteroidia;o__Bacteroidales;f__Bacteroidaceae;g__Bacteroides;s__Bacteroides_uniformis	0.0472756974868	1.0	-0.0222384067171	-0.0222749902046	-0.0412702074626	0.00154142175339	0.0616066880078	-0.0808274626589	-0.0296558316874	-0.0871274402867	-0.00375696999487	0.0194762611987	-0.0303032534382	0.0352730041461	0.00753900731651	-0.0175027675654	-0.0402729731191	0.00893908395831	-0.00854927410451	-0.0402277087974	0.0413579444492	-0.00512581815065	-0.0151321691372	-0.00986465289066	-0.0244560443877	-0.0574152879324	0.0526090209583	-0.00494995725258	-0.00954877507996	-0.00159147465729	0.0081038276456	-0.0270948028363	0.0250050303328	0.00393658533164	-0.0451142040611	-0.0189545944492	-0.0478204050089	-0.0118364937421	-0.00298659083564	-0.024020706274	-0.0214372438329	-0.0344700227705	-0.0294492484278	0.0278210868954	0.0690577566371	-0.0165336225616	-0.0129589251185	-0.00780461790192	-0.0158055483164	0.0534992763265	-0.020802757943	-0.00517233315279	-0.0191525905826	-0.041006301066	0.0168970914325	-0.0192997962021	0.0325211574211	0.06024131227	-0.0210669950858
k__Bacteria;p__Bacteroidetes;c__Bacteroidia;o__Bacteroidales;f__Rikenellaceae;g__Alistipes;s__Alistipes_putredinis	0.0355131343795	-0.0222384067171	1.0	0.0321709293457	-0.0067556845565	0.0344329647284	-0.0190355596597	-0.00856588757906	-0.0212078852581	0.00594706962198	-0.00829065196646	-0.0122586486757	-0.0315004940273	0.00043099699074	-0.00706794932656	-0.0354026724941	0.0188869112737	0.0369824960799	-0.00774090323583	0.042692702192	0.00799643694553	0.00227629407288	0.00378705737535	8.96274306061e-05	-0.0434264263048	0.0102356683707	0.0495542683451	-0.0484562935723	0.00469417012309	-0.0734194292856	-0.0758895686291	-0.0237760482506	-0.0573014079416	-0.0284675357981	-0.0485926351853	0.0520453759255	0.0005323840543	-0.00223073948827	0.015216298752	-0.0199272588434	0.0497197203243	-0.0144784725273	-0.0188923992712	0.0159181611135	-0.0388308935898	0.015878780865	-0.071390102916	-0.0148171909122	-0.0377933999269	-0.0141540900382	-0.0208858427376	0.00999766490127	-0.0494725097138	-0.0142755092542	0.0356753596965	0.0360604029068	-0.0174750995725	-0.0416499698252	-0.0510645259614
k__Bacteria;p__Bacteroidetes;c__Bacteroidia;o__Bacteroidales;f__Prevotellaceae;g__Prevotella;s__Prevotella_copri	-0.0358655114811	-0.0222749902046	0.0321709293457	1.0	0.044755265707	-0.0601972314223	-0.0280470527711	-0.0729477508454	-0.0254764006608	-0.0133703024879	0.023804818395	0.0388052665158	0.0373741430895	-0.0172557366095	-0.0192159295944	-0.0211213183763	-0.0409238042963	-0.00252927539765	-0.0014639633328	0.0327986826751	0.00688462561206	-0.00096176268316	-0.00874838557585	-0.0106972298856	-0.00407085033728	0.0106177280251	-0.0224089500523	-0.0274561587047	-0.0320212585331	0.0243626058413	0.00601887904438	-0.0168199349063	-0.0105658905254	-0.0995149474993	0.0252952943529	0.0101705440893	0.0321839132878	-0.0150868266702	-0.0450520946073	9.46185292028e-05	0.0126863391229	-0.0228565119261	-0.0025929961026	0.0463609474566	-0.0200613422607	0.0346181909581	-0.0185419536944	0.0300200643629	-0.0550995593718	0.0585618428642	-0.00292078537953	-0.00944013846891	-0.0515152601955	0.0345116193992	-0.060081950077	-0.0495345172203	-0.00877077991673	0.0135205359901	-0.0168333859421
k__Bacteria;p__Bacteroidetes;c__Bacteroidia;o__Bacteroidales;f__Bacteroidaceae;g__Bacteroides;s__Bacteroides_stercoris	0.00314109646314	-0.0412702074626	-0.0067556845565	0.044755265707	1.0	0.0499148084411	-0.0185271923532	-0.0313459852291	-0.0264848134062	0.06146859927	-0.0722398075351	0.0422341052034	-0.0325238411265	-0.0184249694251	-0.0200796970488	0.0120295082012	-0.0133540323326	0.0493189908435	-0.000420310008682	0.0409352580475	0.00311601128394	0.12438395191	-0.0283523663109	0.0461687440199	-0.00606169033731	-0.050749055956	0.00152533928791	0.0210982199357	0.0424698345651	0.00472847924738	-0.00193372767888	-0.0695890461536	-0.0258232525117	-0.0605256740308	0.0253741111727	0.0249603037543	-0.0173748178434	-0.0161297757	0.0388681946835	-0.0433314070713	0.0169801579905	-0.0661813747044	-0.0495267878233	-0.00821064450468	-0.0309184004259	-0.0153909289679	0.117181038209	-0.0294424765131	-0.0159614773102	-0.0151755679239	0.0145880771081	-0.0630629031663	0.0107994473008	-0.02147580444	-0.07615147573	-0.0264455122792	0.0207377233814	-0.00785286775589	-0.0394922153561
k__Bacteria;p__Bacteroidetes;c__Bacteroidia;o__Bacteroidales;f__Bacteroidaceae;g__Bacteroides;s__Bacteroides_ovatus	-0.0335475809147	0.00154142175339	0.0344329647284	-0.0601972314223	0.0499148084411	1.0	-0.0194242534173	0.0366257004054	0.0319331039314	-0.0414175439261	-0.00705832924562	0.0200211954322	-0.0284359181434	0.0357854248294	-0.0139672801789	-0.039235347935	0.0427352411365	0.0222486643228	0.0219827375491	-0.0249199151279	0.0281666783124	0.0139381543563	-0.049182959507	0.00901260562907	-0.0112892324445	0.0458054071717	-0.0253946052758	0.0421603385843	0.0547036691924	-0.019190374331	0.0180268368543	0.000555497294021	-0.0168884146035	0.0592516606444	0.0424793577347	-0.0472328090923	-0.0802333361923	-0.0202930844268	-0.0309190396331	-0.00514309378976	0.0349937703592	-0.00948235549732	0.0107190117447	-0.0683726594287	0.0410337396738	0.0363567122709	0.0499834168139	0.0321836731871	-0.00501177812531	-0.00619333611211	-0.0214932673419	0.0196890049774	0.00495464852117	-0.0151724380082	-0.00781340757961	0.0228918728596	-0.0115661855877	0.000609527220833	-0.0264954523326
k__Bacteria;p__Bacteroidetes;c__Bacteroidia;o__Bacteroidales;f__Rikenellaceae;g__Alistipes;s__Alistipes_shahii	-0.0475427218794	0.0616066880078	-0.0190355596597	-0.0280470527711	-0.0185271923532	-0.0194242534173	1.0	-0.00753234685258	0.0200404792241	-0.0432702898379	0.0618605624088	-0.000944983652684	-0.0273999016939	-0.104101552249	0.00620826076372	0.0176753998511	-0.0381828865507	-0.0310374746935	0.0193153621381	0.0388747386184	-0.0415137083744	-0.0339010036676	0.0141263863846	0.0273885157344	-0.0180578032204	0.0205492603645	0.0062000956268	0.0380066436453	0.0635383186701	-0.0151283170668	-0.0331073860708	-0.00924603727035	-0.0198547299078	-0.0265143894149	-0.054763262153	0.00470635141861	0.00918100290277	-0.0014226228713	0.0366841449166	0.00489733110259	-0.023394051444	-0.0527852178398	0.0336455310439	0.00172447129964	-0.0609441024057	0.00109615336496	0.0394363156225	-0.0252220591739	-0.0104251995702	-0.0134944740618	-0.024384822424	-0.0125290832377	-0.0297283929354	-0.033614606584	0.0190774006611	-0.0417996618121	0.0764827718449	-0.0235076749031	0.000202375036484
k__Bacteria;p__Firmicutes;c__Clostridia;o__Clostridiales;f__Ruminococcaceae;g__Faecalibacterium;s__Faecalibacterium_prausnitzii	-0.0459295369922	-0.0808274626589	-0.00856588757906	-0.0729477508454	-0.0313459852291	0.0366257004054	-0.00753234685258	1.0	0.0405327337509	-0.0302431809987	-0.0111074682464	-0.0277592649079	0.0096916903135	0.00222922405887	-0.0227076094791	-0.0502133343708	-0.000895322601455	0.0350972923064	-0.0119507761177	-0.0046662951174	0.0102471694276	0.0434089164149	0.0264255972197	-0.00813192638195	-0.0185887192637	-0.0187491189498	-0.0606062494733	-0.00878659900267	-0.0499434385834	-0.00134247400066	-0.00842106343728	0.0294184767194	0.0297878945174	-0.0069958086666	-0.0369704174467	-0.0708480632721	0.0416543976789	-0.0499052153004	0.00658872557524	0.0058136064888	-0.0316187131967	0.0105942386078	-0.0277827220382	-0.0223253226938	-0.0114149378381	0.0436939378261	-0.0155785856274	-0.0223111684301	0.0333678425462	0.0413527184024	-0.00422863414485	-0.017975193142	-0.039974554963	-0.0345238651134	0.00747297395488	0.0732895259588	-0.00971812986652	-0.00107777671637	0.0534659366824
k__Bacteria;p__Bacteroidetes;c__Bacteroidia;o__Bacteroidales;f__Rikenellaceae;g__Alistipes;s__Alistipes_finegoldii	0.00522779847639	-0.0296558316874	-0.0212078852581	-0.0254764006608	-0.0264848134062	0.0319331039314	0.0200404792241	0.0405327337509	1.0	0.017344047356	0.013187583745	0.0260093292799	0.01593679294	-0.00661052622175	0.0339345069055	-0.0407534883108	0.0119208787944	-0.0353259593699	-0.0430268635562	0.0365223445512	-0.000537306133298	0.0281132769126	-0.0285940530778	0.0409309495354	-0.0204391075612	-0.0333954902013	-0.0227860807558	0.0514458587095	-0.000510781197433	-0.0910349232254	0.0289378225954	-0.0410618224925	-0.0178464400741	-0.0208070658066	-0.0247530847394	-0.0730502618707	0.0081898712594	0.0254336614535	0.0628559185477	-0.00580200842922	-0.0371911269383	-0.012022975934	0.0518476815953	-0.00413962752079	-0.00262115665438	0.067217174157	-0.0333519627914	-0.019692899644	-0.0310066648359	0.0166497644373	-0.0638695445611	-0.0301841865892	0.0278445343284	0.0103896833109	-0.00747795546799	0.0421057078401	0.0705504850493	-0.0526984209448	-0.0343450334309
k__Bacteria;p__Bacteroidetes;c__Bacteroidia;o__Bacteroidales;f__Porphyromonadaceae;g__Parabacteroides;s__Parabacteroides_distasonis	0.0126738606328	-0.0871274402867	0.00594706962198	-0.0133703024879	0.06146859927	-0.0414175439261	-0.0432702898379	-0.0302431809987	0.017344047356	1.0	0.0462016166969	-0.00457261960105	-0.0193432387372	0.082506531358	-0.00562259668989	0.0239478951615	0.0135613760698	-0.0565099807282	0.0137063439046	-0.00544458405609	-0.0301710343379	-0.0406013647156	0.0109461573731	-0.0192522253826	-0.0660580397393	0.000309863371605	0.0175352984387	-0.0238815418617	-0.0227329656809	-0.0294837315705	0.00406812476531	-0.0201958114476	-0.0105350382395	0.0680032764108	0.0449696136972	-0.0290742965105	0.0117437965412	-0.00807918717438	0.0275064639643	-0.0125686172151	0.026473690743	-0.0392331376695	-0.0236039464105	-0.0307350500808	0.0622663188924	-0.0190794912159	-0.038987438187	-0.0259700975408	-0.0526390335298	-0.0770221240625	0.000552535330478	-0.0563686345785	0.0297389910483	0.0562282402652	-0.00365910631977	0.0531776327972	-0.00488561074654	0.00662964756916	0.0136386426592
k__Bacteria;p__Bacteroidetes;c__Bacteroidia;o__Bacteroidales;f__Bacteroidaceae;g__Bacteroides;s__Bacteroides_thetaiotaomicron	-0.0377211646951	-0.00375696999487	-0.00829065196646	0.023804818395	-0.0722398075351	-0.00705832924562	0.0618605624088	-0.0111074682464	0.013187583745	0.0462016166969	1.0	0.0237213065883	-0.0172896938179	0.0145160806103	0.0177089264247	-0.0496148579305	0.0823397003351	-0.0276761715286	0.0102092718614	-0.0129105009341	0.00218790426408	-0.0967492727665	0.0120391434914	0.0578116218516	0.0309519309254	0.00781788371408	0.0279301832574	0.0198382896583	0.023895362526	-0.0430757522636	-0.0319645967271	0.0452375619084	-0.0451178594577	0.0103314299563	-0.0257676766337	-0.029788379474	0.0156482576041	0.0104693718003	-0.0168183664796	-0.0440442205997	0.0162628637071	0.00738357321503	0.0115720172928	-0.0343860916931	-0.00809267793167	-0.0277685912995	-0.049962677222	-0.0493104748376	-0.0585939713784	0.00598738666588	0.0177111774895	0.0606230645841	0.0484863942725	-0.0121528620665	0.0194046480027	-0.0654480642519	-0.0238825921045	-0.0262765948024	-0.0260519753424
k__Bacteria;p__Bacteroidetes;c__Bacteroidia;o__Bacteroidales;f__Bacteroidaceae;g__Bacteroides;s__Bacteroides_coprocola	-0.0554670390266	0.0194762611987	-0.0122586486757	0.0388052665158	0.0422341052034	0.0200211954322	-0.000944983652684	-0.0277592649079	0.0260093292799	-0.00457261960105	0.0237213065883	1.0	0.0621437571617	-0.0101036208467	0.00394011288118	0.00565414177771	-0.0410508288626	-0.0286953289427	-0.042616426771	0.0114080926722	0.0266384437514	-0.0160716219663	-0.0813533339725	0.0439648781112	-0.00611326198344	0.0214078791046	-0.0274456211711	-0.00741535751691	-0.0544605759537	0.0022708917746	0.0147280662123	-0.0526416457227	0.000604033153523	-0.0141612752261	-0.0656458038253	-0.0644383801226	0.0078167690087	-0.0298375552728	0.0128670784647	0.0132684585345	0.0270575912624	-0.0227905129162	-0.0132369293574	0.00417897331298	0.0640325176708	0.028533380775	-0.0104010014844	-0.00542939619021	0.023503731928	0.00553922024905	0.00956531372027	-0.00746611183985	0.0413147102006	0.00898398720212	-0.0449425425564	0.00669664250535	-0.0464152553716	0.0277401646921	-0.00691646297211
k__Bacteria;p__Bacteroidetes;c__Bacteroidia;o__Bacteroidales;f__Bacteroidaceae;g__Bacteroides;s__Bacteroides_cellulosilyticus	0.0585475468584	-0.0303032534382	-0.0315004940273	0.0373741430895	-0.0325238411265	-0.0284359181434	-0.0273999016939	0.0096916903135	0.01593679294	-0.0193432387372	-0.0172896938179	0.0621437571617	1.0	0.00949849986487	-0.00941130794425	-0.0511598448575	0.0264615111197	0.0461553959502	-0.00622264540143	-0.0282979749119	-0.0183904096724	0.021875082893	-0.00346755318585	0.0153489645136	0.0294854041375	-0.0769680013034	-0.0779445859438	-0.0101036379376	-0.0502329979045	0.00786214952324	-0.000111362330596	0.0109207165496	0.0504916306232	-0.0281060796725	0.0301202924781	-0.0372919472192	-0.0515864459938	0.00933663119328	-0.0663865906075	-0.0506290692891	0.032426804785	-0.0377347804005	0.0248760383584	0.0400112200171	0.0452792769514	0.0433229230319	-0.0243413210684	-0.00475965282315	-0.0198589768384	-0.00543317729648	0.0171547722559	0.0195017925188	0.0390497208322	-0.0238975894814	-0.000422691426732	-0.0386589729599	0.0377488477917	-0.00549872103692	-0.0127263849527
k__Bacteria;p__Bacteroidetes;c__Bacteroidia;o__Bacteroidales;f__Rikenellaceae;g__Alistipes;s__Alistipes_obesi	0.0102842989124	0.0352730041461	0.00043099699074	-0.0172557366095	-0.0184249694251	0.0357854248294	-0.104101552249	0.00222922405887	-0.00661052622175	0.082506531358	0.0145160806103	-0.0101036208467	0.00949849986487	1.0	0.000228359239982	0.00634478542564	-0.0338531086046	0.0211630287512	-0.00866173276599	0.00167794802629	0.0128834036892	0.0132702606019	0.0740780715145	0.00367832268015	-0.0551846658305	0.0247149199994	-0.0870012442082	0.00932237345271	-0.0170939526284	0.0209420212556	-0.0236797211233	-0.0383388925068	0.0115837302272	0.0116082764404	-0.0339156471944	0.00684168524496	-0.00519551590951	-0.0223975868706	-0.0139697395168	0.0158446665471	-0.0167519009465	0.00913720281773	0.0113705949963	0.0444234146082	-0.049113648505	-0.0701256618729	-0.0116140084433	0.0119283723191	-0.0077318134499	0.0482652970337	0.0126673310882	-0.0215034235073	-0.00743494375224	0.013812730346	-0.00701882241147	-0.0259951138303	-0.0263116389102	-0.0445925458056	-0.00496332712468
k__Bacteria;p__Firmicutes;c__Clostridia;o__Clostridiales;f__Lachnospiraceae;g__;s__[Eubacterium]_rectale	0.0430657778508	0.00753900731651	-0.00706794932656	-0.0192159295944	-0.0200796970488	-0.0139672801789	0.00620826076372	-0.0227076094791	0.0339345069055	-0.00562259668989	0.0177089264247	0.00394011288118	-0.00941130794425	0.000228359239982	1.0	0.0243192677785	-0.0388543149231	0.0248905949146	-0.0130588902254	-0.0293268563049	0.0304089450795	-0.00539152401958	0.0143104271049	-0.0587115264648	0.0187757695652	0.045506825143	0.00303686118534	-0.0506071347093	-0.0347115438571	0.0342315654098	-0.0168414680069	0.0421190151485	0.0404930820349	0.0333343027613	-0.0365401224974	0.0148058198071	0.0144888994746	-0.057750049601	0.0353815955025	-0.00680735773037	-0.0568258251453	0.0416695694476	-0.0222219543975	0.0306687261439	-0.00417836122996	0.0404211395959	-0.0394826004514	0.00394910808365	0.0668065623062	-0.0545390712899	-0.00154741185036	-0.0315516247506	-0.00933034657283	-0.0521517086858	0.0266812076838	0.00273713306242	-0.0479607323135	0.0165998494776	-0.0260786170043
k__Bacteria;p__Bacteroidetes;c__Bacteroidia;o__Bacteroidales;f__Bacteroidaceae;g__Bacteroides;s__Bacteroides_plebeius	0.00134328514082	-0.0175027675654	-0.0354026724941	-0.0211213183763	0.0120295082012	-0.039235347935	0.0176753998511	-0.0502133343708	-0.0407534883108	0.0239478951615	-0.0496148579305	0.00565414177771	-0.0511598448575	0.00634478542564	0.0243192677785	1.0	-0.0308963442855	-0.0139836304534	0.0123149401566	-0.0057499387548	0.0168824852169	-0.0202540052387	-0.027984411225	0.0408543242617	0.00975049266794	0.00636101274412	0.0441903717363	0.0150566834716	0.0109006401604	-0.00185397685181	0.0218692362252	0.0680715806669	-0.0502183497926	0.002504367992	-0.0389826721576	0.0352959291271	-0.0349507690736	0.0725325993525	0.0114492198963	0.0530406853225	0.0109818079599	-0.0547471257049	-0.069369857539	-0.0042000636719	-0.0152191797412	-0.035864719444	0.00284446665019	-0.0219751411542	-0.00810628347428	-0.00951476941135	-0.0571398870573	0.0233119457415	-0.0507905377339	-0.0511284903402	0.0150115984238	0.00101757117768	-0.0465558160984	0.0165949044267	-0.101101456998
k__Bacteria;p__Bacteroidetes;c__Bacteroidia;o__Bacteroidales;f__Bacteroidaceae;g__Bacteroides;s__Bacteroides_fragilis	0.0155847431433	-0.0402729731191	0.0188869112737	-0.0409238042963	-0.0133540323326	0.0427352411365	-0.0381828865507	-0.000895322601455	0.0119208787944	0.0135613760698	0.0823397003351	-0.0410508288626	0.0264615111197	-0.0338531086046	-0.0388543149231	-0.0308963442855	1.0	0.0131660292325	-0.0156092969616	-0.0146033589927	0.0121400505501	-0.0745749222588	0.00346658442884	-0.0252353289137	-0.0524764293232	-0.0276407796683	-0.000755604003917	-0.0140472789581	0.0582017752015	0.0479842594971	0.00370885868546	-0.0167567460393	-0.0138072888133	0.0308234549686	-0.00818615694501	-0.0197236334751	-0.0204053569747	0.0207316084599	0.0289438219806	-0.0312191353134	0.025581472214	-0.00649069633092	0.00602364462834	0.00625341002417	-0.0283811881183	0.0214335116658	-0.0265083468157	-0.00733215108361	0.0266094389234	-0.00484232606899	-0.0341817430736	-0.0782878796511	0.0225562292867	-0.00991543193109	-0.0243399597034	0.0502323111095	-0.0382480716137	0.00543666043031	-0.0116835502231
k__Bacteria;p__Proteobacteria;c__Betaproteobacteria;o__Burkholderiales;f__Sutterellaceae;g__Sutterella;s__Sutterella_wadsworthensis	-0.0414342707466	0.00893908395831	0.0369824960799	-0.00252927539765	0.0493189908435	0.0222486643228	-0.0310374746935	0.0350972923064	-0.0353259593699	-0.0565099807282	-0.0276761715286	-0.0286953289427	0.0461553959502	0.0211630287512	0.0248905949146	-0.0139836304534	0.0131660292325	1.0	-0.0165032362411	-0.0274464103217	-0.0713196973651	-0.00293878672522	-0.0188736160681	-0.00354576270054	-0.0306538458241	-0.0979078788545	-0.00470172885195	-0.0514101541959	0.0372668455459	-0.00913615761215	0.0163148165678	0.0148596803712	0.0249417862523	-0.0515239094548	0.0447449176222	0.0156359335052	-0.00703988128799	-0.016233863486	-0.00720303553887	-0.0106978537599	0.0385385419598	-0.0359963404584	-0.0143480455176	0.0484846378943	0.0261076643462	0.027162412374	0.0636900596402	-0.0532135109526	-0.0705991186507	-0.00876242735434	-0.02650085484	0.0266348235855	0.0148144390573	0.0223215308809	0.00157428489979	-0.0367021811289	-0.0629900267281	-0.0144477125202	-0.0219224312949
k__Bacteria;p__Bacteroidetes;c__Bacteroidia;o__Bacteroidales;f__Porphyromonadaceae;g__Barnesiella;s__Barnesiella_intestinihominis	0.00625843903293	-0.00854927410451	-0.00774090323583	-0.0014639633328	-0.000420310008682	0.0219827375491	0.0193153621381	-0.0119507761177	-0.0430268635562	0.0137063439046	0.0102092718614	-0.042616426771	-0.00622264540143	-0.00866173276599	-0.0130588902254	0.0123149401566	-0.0156092969616	-0.0165032362411	1.0	0.00379370123776	0.0409117287762	-0.0116529819574	-0.0038493832645	0.0115339091719	-0.0219599415753	-0.0492327421718	0.0228409648212	0.0280168864033	0.00639113010241	-0.0610687523389	-0.0195236185666	-0.0196582735834	0.0254287413839	0.00903614812433	0.00154600178121	-0.0369420548432	-0.0113854819274	0.00354709862015	-0.00273900184344	0.0416126269434	0.0642063573288	-0.058137044763	0.0528395067127	0.0811365380385	-0.0196025353682	-0.0507067505934	-0.0348967841766	-0.0137967438697	-0.0178908931977	-0.00547612853411	-0.0235690383961	-0.0416007857653	-0.0633393737993	-0.0256563991839	-0.0234787019647	-0.00364510947875	0.0103842649637	0.018690497358	-0.029981276415
k__Bacteria;p__Bacteroidetes;c__Bacteroidia;o__Bacteroidales;f__Odoribacteraceae;g__Odoribacter;s__Odoribacter_splanchnicus	-0.0108568611946	-0.0402277087974	0.042692702192	0.0327986826751	0.0409352580475	-0.0249199151279	0.0388747386184	-0.0046662951174	0.0365223445512	-0.00544458405609	-0.0129105009341	0.0114080926722	-0.0282979749119	0.00167794802629	-0.0293268563049	-0.0057499387548	-0.0146033589927	-0.0274464103217	0.00379370123776	1.0	-0.016225286441	0.000577011079189	0.0029282072394	-3.10194709382e-05	-0.035985652678	-0.0435119058531	-0.0349095868561	-0.0138742536529	-0.00768505576136	-0.0318456439917	-0.00772244894346	-0.00579536903461	-0.0424930386174	-0.0390684635718	-0.0364907926217	0.00973304236632	0.0517936280231	-0.00792010407856	-0.0543008456299	0.0159019268553	0.0213303019883	0.00690674872713	0.0304313809063	-0.0436827608316	0.00843174616279	-0.0583390985986	0.0102808092048	0.0112058370015	0.0101627515344	-0.0331201442541	-0.0728257302013	0.0346977995548	0.036905090228	0.0681708253242	-0.0401468316426	-0.00629419638513	-0.0977535076624	-0.0689109074266	0.0119060393649
k__Bacteria;p__Bacteroidetes;c__Bacteroidia;o__Bacteroidales;f__Bacteroidaceae;g__Bacteroides;s__Bacteroides_salyersiae	0.0102031585529	0.0413579444492	0.00799643694553	0.00688462561206	0.00311601128394	0.0281666783124	-0.0415137083744	0.0102471694276	-0.000537306133298	-0.0301710343379	0.00218790426408	0.0266384437514	-0.0183904096724	0.0128834036893	0.0304089450795	0.0168824852169	0.0121400505501	-0.0713196973651	0.0409117287762	-0.016225286441	1.0	-0.0292283957452	-0.0639360273466	-0.0102267854713	-0.0505088617408	0.0205930434982	-0.0440712153257	-0.0364844325834	-0.0337852905083	0.00109458072342	-0.0292486330298	-0.0319235755198	-0.0845263015394	-0.0141615083876	0.000539546568266	-0.0393905585072	0.00423582393244	-0.0113315906591	0.0316356467736	-0.00240865054285	-0.0131897149109	0.0245971938338	-0.00803076110446	0.0288030784635	-0.0167906954566	0.00438355748153	0.0460235917208	-0.0266206419388	-0.0165005456913	0.0234478131174	0.000710646099289	-0.0407947175542	-0.00579704824531	0.0615012705	-0.0100481969523	0.0247621418562	-0.0293702965579	-0.0228802499045	-0.0218029179043
k__Bacteria;p__Firmicutes;c__Clostridia;o__Clostridiales;f__Ruminococcaceae;g__Ruminiclostridium;s__[Eubacterium]_siraeum	6.58883746432e-06	-0.00512581815065	0.00227629407288	-0.00096176268316	0.12438395191	0.0139381543563	-0.0339010036676	0.0434089164149	0.0281132769126	-0.0406013647156	-0.0967492727665	-0.0160716219663	0.021875082893	0.0132702606019	-0.00539152401958	-0.0202540052387	-0.0745749222588	-0.00293878672522	-0.0116529819574	0.000577011079189	-0.0292283957452	1.0	0.00784827969706	0.0183120822478	-0.0581296913142	-0.0298232198623	-0.0559724305551	-0.0710847229036	-0.0123200399791	-0.00235796973207	-0.00219794613725	-0.0557374428465	-0.0704793706779	0.0316720093067	0.0224750082477	-0.0210413306668	-0.0422014818171	0.00984262184821	-0.00416444852427	0.00452845581836	-0.0323324109255	-0.0445776992977	0.00303337124872	-0.0307745106232	-0.00824052017209	0.0272440137733	-0.00373217648441	-0.0181403838388	-0.020629586411	-0.0188189126053	0.0565773354534	-0.0252024684436	-0.000598534589416	-0.0135723652976	-0.0305644765762	-0.0232534739851	-0.0346877678846	0.0585059081333	0.0864266931766
k__Bacteria;p__Proteobacteria;c__Betaproteobacteria;o__Burkholderiales;f__Sutterellaceae;g__Parasutterella;s__Parasutterella_excrementihominis	-0.0462199046924	-0.0151321691372	0.00378705737535	-0.00874838557585	-0.0283523663109	-0.049182959507	0.0141263863846	0.0264255972197	-0.0285940530778	0.0109461573731	0.0120391434914	-0.0813533339725	-0.00346755318585	0.0740780715145	0.0143104271049	-0.027984411225	0.00346658442884	-0.0188736160681	-0.0038493832645	0.0029282072394	-0.0639360273466	0.00784827969706	1.0	0.0248114623032	0.0310189327917	-0.0443778763751	-0.0393943132436	0.0131829546311	0.0299102872718	-0.0311123790612	-0.0621673365056	-0.0689012380649	0.0238507578274	-0.0449650987806	0.00220737200432	-0.0662754693429	-0.00426182144682	0.0654268289296	0.0115703907439	-0.00150409174833	-0.00771879557048	-0.0393536076091	0.0443126451858	-0.00979304864784	-0.0711377762771	0.0316427220358	-0.0153392241386	0.00349312101393	-0.0135946375434	0.0019230268999	0.0220320763208	-0.00955540771655	0.0442441099447	-0.00605003512976	-0.0568457583397	0.0325709384174	0.0274625032702	0.0294872817918	-0.0117764300683
k__Bacteria;p__Actinobacteria;c__Actinobacteria;o__Bifidobacteriales;f__Bifidobacteriaceae;g__Bifidobacterium;s__Bifidobacterium_adolescentis	-0.00988560834088	-0.00986465289066	8.9627430606e-05	-0.0106972298856	0.0461687440199	0.00901260562907	0.0273885157344	-0.00813192638195	0.0409309495354	-0.0192522253826	0.0578116218516	0.0439648781112	0.0153489645136	0.00367832268015	-0.0587115264648	0.0408543242617	-0.0252353289137	-0.00354576270054	0.0115339091719	-3.10194709382e-05	-0.0102267854713	0.0183120822478	0.0248114623032	1.0	0.0173714837229	0.0521575007391	-0.029867695335	-0.0242561334645	0.0230366586694	0.0317584858409	0.0122042451548	-0.01920821832	0.000857315505094	-0.0248648564008	-0.0344830725393	-0.00929865454689	-0.0198297804918	-0.0619014086121	-0.0330247652431	0.00153435076095	-0.0766985342002	-0.0115519594582	0.0171605407256	-0.0145954975857	-0.0074096958508	-0.00672232190017	0.0141147899577	-0.034440494747	0.0652309651363	-0.0249922604798	0.0347233133904	0.042638612419	0.0168717107775	0.0165894806345	0.0338759187057	0.0277114529971	-0.0731081278059	0.00363124673552	-0.0459806209811
k__Bacteria;p__Firmicutes;c__Clostridia;o__Clostridiales;f__Oscillospiraceae;g__Oscillibacter;s__Oscillibacter_sp._KLE_1745	0.0203266943446	-0.0244560443877	-0.0434264263048	-0.00407085033728	-0.00606169033731	-0.0112892324445	-0.0180578032204	-0.0185887192637	-0.0204391075612	-0.0660580397393	0.0309519309254	-0.00611326198344	0.0294854041375	-0.0551846658305	0.0187757695652	0.00975049266794	-0.0524764293232	-0.0306538458241	-0.0219599415753	-0.035985652678	-0.0505088617408	-0.0581296913142	0.0310189327917	0.0173714837229	1.0	0.0425532429535	-0.0149729810667	0.00171833879173	-0.0640410105843	-0.00862205960401	-0.0218393987538	0.0633930141031	0.0281529377044	-0.00801262763844	0.0175172531653	0.0148941527489	-0.00564719600328	-0.042840921481	0.0192107179914	-0.0262854869464	0.0183349465236	-0.0357520185825	0.00422730197899	-0.0208003508645	-0.0621816937997	0.0401349405797	0.0316233311376	3.18244511738e-05	0.00839902583084	-0.02140200743	0.0156487393975	0.0780210996292	-0.052638775334	-0.00315826103824	-0.0314158619204	-0.0523746758084	0.000722714637014	-0.0230067678045	0.0659980901632
k__Bacteria;p__Bacteroidetes;c__Bacteroidia;o__Bacteroidales;f__Bacteroidaceae;g__Bacteroides;s__Bacteroides_coprophilus	0.0212059490252	-0.0574152879324	0.0102356683707	0.0106177280251	-0.050749055956	0.0458054071717	0.0205492603645	-0.0187491189498	-0.0333954902013	0.000309863371605	0.00781788371408	0.0214078791046	-0.0769680013034	0.0247149199994	0.045506825143	0.00636101274412	-0.0276407796683	-0.0979078788545	-0.0492327421718	-0.0435119058531	0.0205930434982	-0.0298232198623	-0.0443778763751	0.0521575007391	0.0425532429535	1.0	0.0110706382383	0.0298596853286	-0.0479230481333	0.00176991448389	0.0962631017133	0.00132199985181	-0.0399362432663	0.0602246070111	0.0160611771548	-0.0323668165979	-0.0649874361143	-0.0446777333291	-0.0180405615257	-0.0233181252889	-0.0334643919225	0.0229375786774	-0.025820992775	-0.0322775577537	-0.00703345421442	-0.0695987605227	-0.0244047862309	-0.0283878454871	-0.0266988063689	0.00858785999275	0.00611970076957	0.0571341078561	-0.0153017752961	0.00731042768638	-0.0187270660852	-0.0452771850355	0.0317217505987	-0.049190694628	0.0704314832569
k__Bacteria;p__Firmicutes;c__Clostridia;o__Clostridiales;f__Lachnospiraceae;g__Roseburia;s__Roseburia_intestinalis	-0.0375335497516	0.0526090209583	0.0495542683451	-0.0224089500523	0.00152533928791	-0.0253946052758	0.0062000956268	-0.0606062494733	-0.0227860807558	0.0175352984387	0.0279301832574	-0.0274456211711	-0.0779445859438	-0.0870012442082	0.00303686118534	0.0441903717363	-0.000755604003917	-0.00470172885195	0.0228409648212	-0.0349095868561	-0.0440712153257	-0.0559724305551	-0.0393943132436	-0.029867695335	-0.0149729810667	0.0110706382383	1.0	0.00977413448392	-0.0186667702582	-0.00704534299317	-0.041560447579	-0.0149434234501	0.0662852498729	-0.0284512611475	0.00629639471919	-0.0761065264027	-0.0409468604636	0.00409243257898	0.0799851771372	-0.0787590411165	-0.0309670245084	-0.0780068916277	0.00860978520771	0.0229907071148	-0.0182091809219	0.00481679286076	0.000305605024847	-0.0339603833086	-0.00207112126241	-0.0205484228655	0.0270864874343	-0.0345011151589	-0.0338447450777	-0.037035833136	0.0310433725411	-0.00482983320808	0.00489410482935	0.0424779694351	-0.0531961911401
k__Bacteria;p__Firmicutes;c__Clostridia;o__Clostridiales;f__Lachnospiraceae;g__Roseburia;s__Roseburia_hominis	-0.113633605208	-0.00494995725258	-0.0484562935723	-0.0274561587047	0.0210982199357	0.0421603385843	0.0380066436453	-0.00878659900267	0.0514458587095	-0.0238815418617	0.0198382896583	-0.00741535751691	-0.0101036379376	0.00932237345271	-0.0506071347093	0.0150566834716	-0.0140472789581	-0.0514101541959	0.0280168864033	-0.0138742536529	-0.0364844325834	-0.0710847229036	0.0131829546311	-0.0242561334645	0.00171833879173	0.0298596853286	0.00977413448392	1.0	-0.0375403771538	0.00304992387669	-0.00212261630822	0.0133907362231	-0.103091913666	0.0179406618076	0.0217739693245	-0.016850932046	0.00163435099339	0.0014283072596	-0.028832805158	-0.0021407919193	0.0178393341941	0.0268518415004	-0.0779400043345	-0.0239803408581	0.0349280998363	-0.00168712352019	0.0616495421285	-0.037576911481	-0.0119026097662	-0.014472042507	-0.0516297676409	0.027386926474	0.0257445329672	0.00455418208008	0.016496734634	-0.00471850930516	-0.00315947115268	-0.0137259592277	-0.0473766948435
k__Bacteria;p__Bacteroidetes;c__Bacteroidia;o__Bacteroidales;f__Porphyromonadaceae;g__Parabacteroides;s__Parabacteroides_johnsonii	-0.0529982375872	-0.00954877507996	0.00469417012309	-0.0320212585331	0.0424698345651	0.0547036691924	0.0635383186701	-0.0499434385834	-0.000510781197433	-0.0227329656809	0.023895362526	-0.0544605759537	-0.0502329979045	-0.0170939526284	-0.0347115438571	0.0109006401604	0.0582017752015	0.0372668455459	0.00639113010241	-0.00768505576136	-0.0337852905083	-0.0123200399791	0.0299102872718	0.0230366586694	-0.0640410105843	-0.0479230481333	-0.0186667702582	-0.0375403771538	1.0	0.00127112816376	-0.0239275371786	-0.0233490700459	0.0372696480773	0.0341797972146	-0.00962268095778	0.0734847713827	0.0313094445861	0.0161834461651	-0.0565808244715	-0.0223905852656	-0.0470666241082	0.0708442434496	0.0164835488551	-0.0460879813984	-0.0296832249662	0.017232761161	0.00817492762849	-0.0489562278338	-0.0161773982497	0.015355629193	0.0195195453	0.0124793829944	-0.0433759965482	-0.0682217884048	-0.0143774125999	-0.0269830710858	-0.0288407731386	-0.0183198531438	-0.0021930805432
k__Bacteria;p__Actinobacteria;c__Actinobacteria;o__Bifidobacteriales;f__Bifidobacteriaceae;g__Bifidobacterium;s__Bifidobacterium_longum	-0.00534408040674	-0.00159147465729	-0.0734194292856	0.0243626058413	0.00472847924738	-0.019190374331	-0.0151283170668	-0.00134247400066	-0.0910349232254	-0.0294837315705	-0.0430757522636	0.0022708917746	0.00786214952324	0.0209420212556	0.0342315654098	-0.00185397685181	0.0479842594971	-0.00913615761215	-0.0610687523389	-0.0318456439917	0.00109458072342	-0.00235796973207	-0.0311123790612	0.0317584858409	-0.00862205960401	0.00176991448389	-0.00704534299317	0.00304992387669	0.00127112816376	1.0	0.017455304589	-0.0147689883368	-0.0114837220727	-0.0492157786822	-0.0266164552441	-0.0355607006671	0.0680672586819	-0.0285172569017	-0.0567284715994	0.0193221617218	0.0232098747485	-0.0507753478258	0.050338421295	-0.0400562982124	0.0464183487518	0.0251318711844	0.0339160457982	-0.0479114838025	-0.0503168823637	-0.0162037666869	0.0300246727987	-0.00959405942971	0.052924292542	-0.0185668686669	0.0716380101451	-0.0235691303673	0.00894317564794	0.0367224320277	0.0113361125949
