#taxonomy	k__Bacteria;p__Bacteroidetes;c__Bacteroidia;o__Bacteroidales;f__Bacteroidaceae;g__Bacteroides;s__Bacteroides_vulgatus	k__Bacteria;p__Bacteroidetes;c__Bacteroidia;o__Bacteroidales;f__Bacteroidaceae;g__Bacteroides;s__Bacteroides_uniformis	k__Bacteria;p__Bacteroidetes;c__Bacteroidia;o__Bacteroidales;f__Rikenellaceae;g__Alistipes;s__Alistipes_putredinis	k__Bacteria;p__Bacteroidetes;c__Bacteroidia;o__Bacteroidales;f__Prevotellaceae;g__Prevotella;s__Prevotella_copri	k__Bacteria;p__Bacteroidetes;c__Bacteroidia;o__Bacteroidales;f__Bacteroidaceae;g__Bacteroides;s__Bacteroides_stercoris	k__Bacteria;p__Bacteroidetes;c__Bacteroidia;o__Bacteroidales;f__Bacteroidaceae;g__Bacteroides;s__Bacteroides_ovatus	k__Bacteria;p__Bacteroidetes;c__Bacteroidia;o__Bacteroidales;f__Rikenellaceae;g__Alistipes;s__Alistipes_shahii	k__Bacteria;p__Firmicutes;c__Clostridia;o__Clostridiales;f__Ruminococcaceae;g__Faecalibacterium;s__Faecalibacterium_prausnitzii	k__Bacteria;p__Bacteroidetes;c__Bacteroidia;o__Bacteroidales;f__Rikenellaceae;g__Alistipes;s__Alistipes_finegoldii	k__Bacteria;p__Bacteroidetes;c__Bacteroidia;o__Bacteroidales;f__Porphyromonadaceae;g__Parabacteroides;s__Parabacteroides_distasonis	k__Bacteria;p__Bacteroidetes;c__Bacteroidia;o__Bacteroidales;f__Bacteroidaceae;g__Bacteroides;s__Bacteroides_thetaiotaomicron	k__Bacteria;p__Bacteroidetes;c__Bacteroidia;o__Bacteroidales;f__Bacteroidaceae;g__Bacteroides;s__Bacteroides_coprocola	k__Bacteria;p__Bacteroidetes;c__Bacteroidia;o__Bacteroidales;f__Bacteroidaceae;g__Bacteroides;s__Bacteroides_cellulosilyticus	k__Bacteria;p__Bacteroidetes;c__Bacteroidia;o__Bacteroidales;f__Rikenellaceae;g__Alistipes;s__Alistipes_obesi	k__Bacteria;p__Firmicutes;c__Clostridia;o__Clostridiales;f__Lachnospiraceae;g__;s__[Eubacterium]_rectale	k__Bacteria;p__Bacteroidetes;c__Bacteroidia;o__Bacteroidales;f__Bacteroidaceae;g__Bacteroides;s__Bacteroides_plebeius	k__Bacteria;p__Bacteroidetes;c__Bacteroidia;o__Bacteroidales;f__Bacteroidaceae;g__Bacteroides;s__Bacteroides_fragilis	k__Bacteria;p__Proteobacteria;c__Betaproteobacteria;o__Burkholderiales;f__Sutterellaceae;g__Sutterella;s__Sutterella_wadsworthensis	k__Bacteria;p__Bacteroidetes;c__Bacteroidia;o__Bacteroidales;f__Porphyromonadaceae;g__Barnesiella;s__Barnesiella_intestinihominis	k__Bacteria;p__Bacteroidetes;c__Bacteroidia;o__Bacteroidales;f__Odoribacteraceae;g__Odoribacter;s__Odoribacter_splanchnicus	k__Bacteria;p__Bacteroidetes;c__Bacteroidia;o__Bacteroidales;f__Bacteroidaceae;g__Bacteroides;s__Bacteroides_salyersiae	k__Bacteria;p__Firmicutes;c__Clostridia;o__Clostridiales;f__Ruminococcaceae;g__Ruminiclostridium;s__[Eubacterium]_siraeum	k__Bacteria;p__Proteobacteria;c__Betaproteobacteria;o__Burkholderiales;f__Sutterellaceae;g__Parasutterella;s__Parasutterella_excrementihominis	k__Bacteria;p__Actinobacteria;c__Actinobacteria;o__Bifidobacteriales;f__Bifidobacteriaceae;g__Bifidobacterium;s__Bifidobacterium_adolescentis	k__Bacteria;p__Firmicutes;c__Clostridia;o__Clostridiales;f__Oscillospiraceae;g__Oscillibacter;s__Oscillibacter_sp._KLE_1745	k__Bacteria;p__Bacteroidetes;c__Bacteroidia;o__Bacteroidales;f__Bacteroidaceae;g__Bacteroides;s__Bacteroides_coprophilus	k__Bacteria;p__Firmicutes;c__Clostridia;o__Clostridiales;f__Lachnospiraceae;g__Roseburia;s__Roseburia_intestinalis	k__Bacteria;p__Firmicutes;c__Clostridia;o__Clostridiales;f__Lachnospiraceae;g__Roseburia;s__Roseburia_hominis	k__Bacteria;p__Bacteroidetes;c__Bacteroidia;o__Bacteroidales;f__Porphyromonadaceae;g__Parabacteroides;s__Parabacteroides_johnsonii	k__Bacteria;p__Actinobacteria;c__Actinobacteria;o__Bifidobacteriales;f__Bifidobacteriaceae;g__Bifidobacterium;s__Bifidobacterium_longum	k__Bacteria;p__Firmicutes;c__Clostridia;o__Clostridiales;f__;g__Flavonifractor;s__Flavonifractor_plautii	k__Bacteria;p__Firmicutes;c__Clostridia;o__Clostridiales;f__Clostridiaceae;g__Clostridium;s__Clostridium_phoceensis	k__Bacteria;p__Verrucomicrobia;c__Verrucomicrobiae;o__Verrucomicrobiales;f__Akkermansiaceae;g__Akkermansia;s__Akkermansia_muciniphila	k__Bacteria;p__Bacteroidetes;c__Bacteroidia;o__Bacteroidales;f__Prevotellaceae;g__Paraprevotella;s__Paraprevotella_xylaniphila	k__Bacteria;p__Firmicutes;c__Clostridia;o__Clostridiales;f__Ruminococcaceae;g__Ruminococcus;s__Ruminococcus_callidus	k__Bacteria;p__Bacteroidetes;c__Bacteroidia;o__Bacteroidales;f__Rikenellaceae;g__Alistipes;s__Alistipes_senegalensis	k__Bacteria;p__Firmicutes;c__Clostridia;o__Clostridiales;f__Lachnospiraceae;g__Blautia;s__Blautia_sp._KLE_1732	k__Bacteria;p__Bacteroidetes;c__Bacteroidia;o__Bacteroidales;f__Bacteroidaceae;g__Bacteroides;s__Bacteroides_oleiciplenus	k__Bacteria;p__Firmicutes;c__Clostridia;o__Clostridiales;f__Ruminococcaceae;g__Ruminococcus;s__Ruminococcus_bicirculans	k__Bacteria;p__Bacteroidetes;c__Bacteroidia;o__Bacteroidales;f__Bacteroidaceae;g__Bacteroides;s__Bacteroides_fluxus	k__Bacteria;p__Bacteroidetes;c__Bacteroidia;o__Bacteroidales;f__Prevotellaceae;g__Prevotella;s__Prevotella_stercorea	k__Bacteria;p__Firmicutes;c__Clostridia;o__Clostridiales;f__Lachnospiraceae;g__Dorea;s__Dorea_longicatena	k__Bacteria;p__Firmicutes;c__Clostridia;o__Clostridiales;f__Eubacteriaceae;g__Eubacterium;s__[Eubacterium]_eligens	k__Bacteria;p__Firmicutes;c__Clostridia;o__Clostridiales;f__Ruminococcaceae;g__;s__Ruminococcaceae_bacterium_D16	k__Bacteria;p__Firmicutes;c__Clostridia;o__Clostridiales;f__Lachnospiraceae;g__Coprococcus;s__Coprococcus_comes	k__Bacteria;p__Proteobacteria;c__Gammaproteobacteria;o__Enterobacterales;f__Enterobacteriaceae;g__Escherichia;s__Escherichia_coli	k__Bacteria;p__Firmicutes;c__Clostridia;o__Clostridiales;f__Ruminococcaceae;g__Anaerotruncus;s__Anaerotruncus_colihominis	k__Bacteria;p__Firmicutes;c__Clostridia;o__Clostridiales;f__Lachnospiraceae;g__Blautia;s__Blautia_obeum	k__Bacteria;p__Bacteroidetes;c__Bacteroidia;o__Bacteroidales;f__Odoribacteraceae;g__Odoribacter;s__Odoribacter_laneus	k__Bacteria;p__Firmicutes;c__Clostridia;o__Clostridiales;f__Ruminococcaceae;g__Ruminiclostridium;s__[Clostridium]_leptum	k__Bacteria;p__Bacteroidetes;c__Bacteroidia;o__Bacteroidales;f__Porphyromonadaceae;g__Parabacteroides;s__Parabacteroides_goldsteinii	k__Bacteria;p__Firmicutes;c__Clostridia;o__Clostridiales;f__Lachnospiraceae;g__Anaerostipes;s__Anaerostipes_hadrus	k__Bacteria;p__Firmicutes;c__Clostridia;o__Clostridiales;f__Ruminococcaceae;g__Ruminococcus;s__Ruminococcus_lactaris	k__Bacteria;p__Firmicutes;c__Clostridia;o__Clostridiales;f__Clostridiaceae;g__Clostridium;s__Clostridium_sp._L2-50	k__Bacteria;p__Firmicutes;c__Clostridia;o__Clostridiales;f__Clostridiaceae;g__Clostridium;s__Clostridium_sp._M62/1	k__Bacteria;p__Firmicutes;c__Clostridia;o__Clostridiales;f__;g__Intestinimonas;s__Intestinimonas_butyriciproducens	k__Bacteria;p__Actinobacteria;c__Actinobacteria;o__Bifidobacteriales;f__Bifidobacteriaceae;g__Bifidobacterium;s__Bifidobacterium_bifidum	k__Bacteria;p__Firmicutes;c__Negativicutes;o__Veillonellales;f__Veillonellaceae;g__Dialister;s__Dialister_invisus	k__Bacteria;p__Bacteroidetes;c__Bacteroidia;o__Bacteroidales;f__Bacteroidaceae;g__Bacteroides;s__Bacteroides_salanitronis
k__Bacteria;p__Bacteroidetes;c__Bacteroidia;o__Bacteroidales;f__Bacteroidaceae;g__Bacteroides;s__Bacteroides_vulgatus	1.0	0.00232512210621	0.0273908676404	-0.0200121271344	0.00868520927166	0.00245819814675	-0.0330896762993	0.00593398250112	0.00760605820977	0.0330766296814	0.0474662491119	0.00410111233901	-0.028683879718	-0.0525598106573	-0.0177388893829	0.0335390499449	-0.00993256516424	-0.0002164478052	-0.0415261883836	0.0498524018659	0.0294766074409	0.00591678724613	0.0101542487026	0.0130315260658	-0.0333045953852	-0.0420516065978	-0.0413742806216	-0.0283553106315	-0.063571795846	0.0161360765436	0.0146151901353	0.0204616921878	0.0538302902296	0.0249643479153	0.00228228365024	0.00164432127516	0.00163098781139	-0.0121018310635	0.031669123518	0.0219547203309	0.0055160384858	0.0395627404349	0.000504489435121	-0.0498083235451	0.00205486982593	0.0760570892697	-0.00646846641793	-0.0310110983823	-0.0200804505092	-0.0369892327467	-0.0186984419986	-0.00839311651303	-0.061037170338	0.0549389026974	-0.0147265127029	-0.0310531207468	0.0368765108982	0.0330387534752	-0.03069908035
k__Bacteria;p__Bacteroidetes;c__Bacteroidia;o__Bacteroidales;f__Bacteroidaceae;g__Bacteroides;s__Bacteroides_uniformis	0.00232512210621	1.0	0.0124059661537	0.0560069660015	-0.0290433127227	-0.0590653865202	0.0130526125971	-0.0175072019061	0.0239530707461	-0.0286012479392	-0.0224090275161	-0.0698498303473	0.0128793611177	-0.070197230189	0.0324132754136	-0.0546190475603	-0.00975292863571	-0.00291026706807	0.0703350108454	-0.012679666008	-0.0209428938685	-0.0253199982292	-0.00460317164925	0.0304355590922	0.0181118372171	0.0218635779443	0.0224314841152	0.0102104812884	-0.0463910853659	-0.0756119939112	0.0362879998948	-0.0154891936728	0.0173020507229	-0.00031729462472	0.0162533952437	-0.0430982696321	-0.0266468761386	0.010032122528	-0.026151860694	-0.024488167757	-0.027773644207	-0.0434445826642	0.00567177720171	0.00151346125061	0.00887762816618	0.0407478445188	0.03116652209	0.0230132387313	-0.00091135650403	-0.0526253959259	0.00803932366081	0.0126076102121	-0.00535042798914	0.0626696011741	-0.0560590081321	-0.00532667928099	0.0236150203545	0.00437853689	-0.0167266652089
k__Bacteria;p__Bacteroidetes;c__Bacteroidia;o__Bacteroidales;f__Rikenellaceae;g__Alistipes;s__Alistipes_putredinis	0.0273908676404	0.0124059661537	1.0	-0.00911488792949	-0.0957279976518	0.00682359957473	0.00970852561415	-0.0266434038588	0.0226587627039	-0.0405205779639	-0.0284282626464	-0.0363565269303	-0.0403641530023	0.0272096853695	-0.0203301123529	-0.036593195824	0.050484621014	-0.0153333285762	0.0395434111178	0.0223185309639	0.0159336893845	-0.00277455906378	-0.0116944580398	-0.0255442356374	0.00640809100341	0.0118815356969	0.0596895410287	-0.0549709552332	0.0166307703958	-0.0272870863667	0.0126015200115	0.00366633953831	0.0821637027281	-0.0288948585321	-0.0132986744978	0.0120864566165	-0.0599852907727	-0.0425851485094	0.00682847749381	-0.0843983960017	0.00091490984589	-0.0242663973568	0.00183664148182	0.0466630298806	-0.00492368924428	0.0421921765429	-0.0101091089792	0.038477218012	0.037813845598	0.0158592463025	0.0175905950774	0.00739748569203	-0.0293953799799	0.00702205198608	-0.000568979526418	-0.00219807983155	0.00745142526531	-0.0194509737719	-0.0858923497344
k__Bacteria;p__Bacteroidetes;c__Bacteroidia;o__Bacteroidales;f__Prevotellaceae;g__Prevotella;s__Prevotella_copri	-0.0200121271344	0.0560069660015	-0.00911488792949	1.0	0.0291588000178	-0.016683466233	0.0215368221821	-0.0546365951102	-0.066296131849	-0.00373278642457	-0.0263127393768	0.0415432479525	-0.0219812447961	0.00924604408567	0.0410509920937	0.0295546613638	-0.0103441583358	0.0133783954835	-0.0458786562906	0.0183879024935	0.0414198937188	-0.0102097676604	-0.0645268108828	-0.000896637710418	0.0231572619539	0.00266387436369	-0.0280800614517	0.154162902836	0.0430861819067	0.00341687700069	-0.0427396330986	0.00684879016766	-0.0157403763081	0.0450217262353	-0.00546296516761	0.0179275587872	-0.0305549685942	0.0124518839692	-0.000871185880192	-0.0580927861907	-0.0351042685772	0.00335706042361	-0.0297022807776	-0.046015965385	-0.0096976587193	-0.0896803985789	0.0579908929374	0.00490525542287	-0.00773408195353	0.0110241311249	0.0236596562693	-0.0132787336849	0.0296643304122	0.0114346241161	-0.0100737808591	-0.0372520257155	-0.0429692610375	-0.0530144688293	-0.0249823732452
k__Bacteria;p__Bacteroidetes;c__Bacteroidia;o__Bacteroidales;f__Bacteroidaceae;g__Bacteroides;s__Bacteroides_stercoris	0.00868520927166	-0.0290433127227	-0.0957279976518	0.0291588000178	1.0	-0.0085673395258	-0.0120244092254	0.0587656351891	-0.0239306296953	0.0209225266886	-0.0373953882353	-0.0132505737764	-0.0231003678793	0.0239615857685	0.00784010327047	0.0487533866954	0.0227022147903	0.0578614584024	-0.00654059577023	-0.00303711783422	-0.0290711855032	0.0432321596951	0.00962478234207	-0.0448871169775	0.0360669672798	-0.00852710903693	0.00398148700249	0.054173246496	-0.0796762220487	-0.031200417827	-0.00416055533748	0.0109724296092	-0.0470774312265	0.0290275183238	0.0477770900888	-0.0171293967939	-0.0297754959306	0.0118330478431	-0.0381855312912	0.0251266060346	-0.0150479312762	-0.0536809855751	0.056224721364	-0.00113865314048	-0.00244012974802	-0.00824382201451	0.0266585750048	0.0551487395296	-0.0197868777722	0.0190147388444	-0.00352748421071	-0.0280457483855	0.0399196896927	-0.0136251228404	-0.0412174282554	0.0280678340689	-0.0484313401665	-0.0220165875311	0.0342837562618
k__Bacteria;p__Bacteroidetes;c__Bacteroidia;o__Bacteroidales;f__Bacteroidaceae;g__Bacteroides;s__Bacteroides_ovatus	0.00245819814675	-0.0590653865202	0.00682359957473	-0.016683466233	-0.0085673395258	1.0	-0.00338517688679	0.011046099882	0.000968403255392	-0.0108573306515	0.0195572805841	0.0242442536968	0.0616357063979	0.0131529051518	0.00602000044567	-0.033079317907	-0.0193761250171	-0.0132402186781	-0.0346803966001	0.00611495704479	-0.0081120288803	-0.0228753881405	0.0124672014228	-0.0258526438917	-0.0145749997549	-0.0543742292869	-0.0310023297386	-0.0225199380959	0.0020476129056	-0.0140060091514	0.0457672675069	-0.0451958753721	-0.0136739750101	-0.00178776803054	0.0707226422425	-0.0738252875048	-0.0100268039763	-0.00104053846383	-0.0867736014648	0.019817079228	-0.0192792863539	0.00361875920602	-0.034796898797	0.0622661272473	-0.00389786042922	0.00365186140838	-0.0300654834417	-0.0789780517475	0.0147980541983	0.029596175825	0.0159398823066	-0.0560239702724	-0.0295528685152	0.058774939709	-0.0332900579577	0.0200467146698	0.0295269285974	-0.0156831976032	0.0183422105317
k__Bacteria;p__Bacteroidetes;c__Bacteroidia;o__Bacteroidales;f__Rikenellaceae;g__Alistipes;s__Alistipes_shahii	-0.0330896762993	0.0130526125971	0.00970852561415	0.0215368221821	-0.0120244092254	-0.00338517688679	1.0	-0.0266449317825	0.0358361932994	-0.0221576974594	-0.063331806481	-0.0186452646246	-0.0449228737816	0.03711909005	-0.0423134471302	-0.0132179346509	0.0729819462648	-0.0681390614481	-0.0162147109869	-0.0610317798325	-0.00401344773476	0.0456888715073	0.0235218989275	-0.0489570792226	-0.00873285462457	0.022895960602	-0.0257980311142	-0.0474934613439	-0.00482491534406	-0.0129006169224	0.0696411792619	-0.0792150069518	-0.00383197654833	-0.0804366515771	-0.0803627580402	0.0398587046589	0.0240604166987	-0.0222779083424	-0.0270546471587	-0.000219062426961	-0.0404003324538	-0.0199185578731	-0.0549217401519	0.0737670165351	0.00163525153493	-0.0468230903677	-0.00241441980676	-0.0513324402734	-0.0381172686654	-0.00476443208024	-0.062163269223	-0.022800004526	0.0173046450721	-0.0576943448172	-0.0172453774509	0.0400368249274	0.0302594205468	0.00216361107466	-0.0333329487932
k__Bacteria;p__Firmicutes;c__Clostridia;o__Clostridiales;f__Ruminococcaceae;g__Faecalibacterium;s__Faecalibacterium_prausnitzii	0.00593398250112	-0.0175072019061	-0.0266434038588	-0.0546365951102	0.0587656351891	0.011046099882	-0.0266449317825	1.0	0.0244360078038	-0.000479584908416	-0.0413489817664	0.0461782029519	0.0155216487497	-0.00325784554283	-0.070325522776	-0.0297490790067	0.00781512766623	-0.0222881731303	0.0219782866752	0.0466021926622	-0.0572333385129	0.0812913276797	0.0285297096184	0.0203805959582	-0.040052868712	-0.063798378431	0.0104091448456	-0.0244592838416	-0.0434567545515	-0.0087803523693	-0.0547231218039	0.0404016990491	-0.0216436159752	0.0524846856777	-0.000558840743721	0.00841575709842	-0.0471984182904	-0.0243649184305	-0.0205935568448	-0.0535114993984	0.0184988632446	0.0104273750246	-0.0109249256988	-0.0834462695202	0.0423665098639	-0.0299249740848	0.036413981991	-0.022836866109	-0.0164303492797	0.0315055563232	-0.0794801349739	-0.0121242759478	0.0370692458658	0.0217744782195	-0.00478117327503	-0.0143625537076	0.0279960343605	-0.0486002484158	-0.0011193562383
k__Bacteria;p__Bacteroidetes;c__Bacteroidia;o__Bacteroidales;f__Rikenellaceae;g__Alistipes;s__Alistipes_finegoldii	0.00760605820977	0.0239530707461	0.0226587627039	-0.066296131849	-0.0239306296953	0.000968403255392	0.0358361932994	0.0244360078038	1.0	-0.022457643681	0.0249984997352	-0.0312626193764	-0.000581490335093	-0.00673007095116	0.0339223566884	0.0663186575979	-0.0671552068161	-0.0400405595566	-0.00411432117705	0.0154680968931	0.0151642368284	-0.0169438686225	-0.103350295113	0.01648793352	0.0364784036934	0.00580809057839	-0.0450983049184	-0.0904939370462	0.000290301455317	0.0304693716843	-0.0107974398501	0.0503701923379	0.0029384115719	-0.0573270357451	-0.0543823435619	0.0414736878146	0.0137660941065	0.0185296557629	-0.0205920542785	-0.045846206972	-0.00437840805412	-0.0254328421162	-0.010845885458	0.0306649436177	0.00663177186979	-0.128087570946	-0.063807525849	0.0169870270531	0.0117674496646	-0.00859014641515	-0.0174346228283	0.0435423759285	0.0330677157987	-0.0246375880337	0.0130307249846	0.00712757620789	-0.0357285240451	0.0574286343574	-0.0290713035617
k__Bacteria;p__Bacteroidetes;c__Bacteroidia;o__Bacteroidales;f__Porphyromonadaceae;g__Parabacteroides;s__Parabacteroides_distasonis	0.0330766296814	-0.0286012479392	-0.0405205779639	-0.00373278642457	0.0209225266886	-0.0108573306515	-0.0221576974594	-0.000479584908416	-0.022457643681	1.0	-0.0158353347264	0.0188634838515	-0.0536816889283	-0.00593568693059	-0.00527797239535	0.00758553264089	-0.0126816353494	-0.0217835231633	-0.00909847480226	0.00743002984796	-0.0378265240137	0.0195630560476	0.000433908467246	-0.0363671081333	0.00688722354815	-0.0147341720725	-0.0288318427419	-1.57826183397e-05	-0.006644009068	-0.0164641606974	0.00287190557268	-0.0494706958321	-0.000679349495605	-0.00863121424022	-0.0217672713861	-0.0702739871078	0.013628922835	-0.0758692902945	0.0212758011752	-0.0339504429828	-0.0237605519653	0.0177918848074	-0.0237303604413	0.00785646672878	0.00457542822525	0.039504925839	-0.0286359240377	0.0037467021935	-0.000951227449679	-0.0341749082778	0.0361604096198	0.00112901299579	-0.0204474369256	0.0253413585807	0.0348448102412	-0.0121347436557	-0.0237026698179	0.0177998224377	0.0263000061289
k__Bacteria;p__Bacteroidetes;c__Bacteroidia;o__Bacteroidales;f__Bacteroidaceae;g__Bacteroides;s__Bacteroides_thetaiotaomicron	0.0474662491119	-0.0224090275161	-0.0284282626464	-0.0263127393768	-0.0373953882353	0.0195572805841	-0.063331806481	-0.0413489817664	0.0249984997352	-0.0158353347264	1.0	0.000750563334556	0.0236650926229	-0.0511358393775	-0.0221236909654	-0.0231460080047	-0.0188273857324	-0.017303434586	0.040475222487	-0.044186330467	0.00384440724704	0.085547011408	0.0117761617667	-0.0226800248542	0.0374455126525	-0.0226322817181	0.000276097631097	-0.0147846772914	-0.0159709436165	-0.00217038302584	0.0670501985022	0.0161948128769	0.00867578990113	-0.00873190520167	0.0240198075179	-0.0675275838378	-0.0120088485642	-0.0106493059187	-0.0305552574796	-0.0118322761659	-0.0370410622158	-0.0302035117216	0.00201333930617	0.0257230994489	-0.0254006652676	-0.0237012629496	0.0465985142567	-0.0476931730666	0.0507942050098	0.00334858302733	0.0283361553499	0.018113869225	-0.0633485638007	-0.041819978573	0.0315388567814	0.0381968288106	-0.0558251349325	0.0493861666895	0.0163749163047
k__Bacteria;p__Bacteroidetes;c__Bacteroidia;o__Bacteroidales;f__Bacteroidaceae;g__Bacteroides;s__Bacteroides_coprocola	0.00410111233901	-0.0698498303473	-0.0363565269303	0.0415432479525	-0.0132505737764	0.0242442536968	-0.0186452646246	0.0461782029519	-0.0312626193764	0.0188634838515	0.000750563334556	1.0	0.0286955433849	-0.0522492933892	0.00967040182371	-0.0285753408999	-0.0273724399002	-0.0286547309532	0.0133937990866	-0.00834718931885	-0.0321019117057	0.00110965775277	-0.0845974235024	-0.0445381284393	-0.0537357695269	0.0386793939058	-0.0381630465007	0.0202441948105	0.0212702119061	-0.0483432247159	-0.0481098388858	0.0100198048252	0.00308457089137	-0.0368664021835	0.0412387648971	-0.0220724545353	-0.0313441471924	-0.0294476372781	0.0181371421238	-0.00895105461488	-0.0225737178607	-0.0241403877657	-0.0252806084559	0.0115445481142	0.0499531700276	-0.0286954256095	-0.0220265739822	-0.00756870971015	0.0513730733028	-0.0196652949563	-0.000715429608651	0.0335447262022	0.0168274840216	0.0109345515422	-0.0222648495429	-0.0234200119366	-0.0223813665303	0.00245439049379	0.0432214445323
k__Bacteria;p__Bacteroidetes;c__Bacteroidia;o__Bacteroidales;f__Bacteroidaceae;g__Bacteroides;s__Bacteroides_cellulosilyticus	-0.028683879718	0.0128793611177	-0.0403641530023	-0.0219812447961	-0.0231003678793	0.0616357063979	-0.0449228737816	0.0155216487497	-0.000581490335093	-0.0536816889283	0.0236650926229	0.0286955433849	1.0	0.0269926108538	0.0196156656872	-0.0521680328534	-0.0734411729092	-0.0233174312915	-0.0189011707754	0.0137687091967	0.0398469942049	-0.0364891486975	-0.0315709349915	-0.032371610445	-0.056203663433	-0.053135066044	-0.0494287792708	-0.0415662685162	0.0556903923822	0.0155146021012	-0.0470313480681	-0.0205266593792	0.0103037960761	-0.0380228828654	-0.0439127304343	0.00666541984132	-0.0598140597748	-0.0512654710238	-0.0326413962701	-0.00203983213272	0.038011978037	0.0186914801415	0.00430295680595	0.039370163834	-0.0473239178016	-0.00393807171987	-0.0562904085179	-0.0135108957022	0.00383974082586	-0.0283488833415	-0.031895319963	-0.0414826254603	0.0197817500478	0.0055634448642	0.00763279033988	-0.057001354857	-0.015176584475	0.0175206886833	0.0276357011184
k__Bacteria;p__Bacteroidetes;c__Bacteroidia;o__Bacteroidales;f__Rikenellaceae;g__Alistipes;s__Alistipes_obesi	-0.0525598106573	-0.070197230189	0.0272096853695	0.00924604408567	0.0239615857685	0.0131529051518	0.03711909005	-0.00325784554283	-0.00673007095116	-0.00593568693059	-0.0511358393775	-0.0522492933892	0.0269926108538	1.0	-0.0133854381401	0.0292134616602	-0.0740250449053	-0.0111678100864	-0.0418295357044	-0.0429385830797	0.0128951567226	0.0087039270423	0.000961109845512	0.0137674274894	0.00764895646061	0.0176807258383	0.0265316828238	-0.0318355667291	-0.0220830525762	-0.0608949689851	-0.0378981062433	0.00251709952948	0.0151476385989	-0.00502282158474	0.0141014292341	0.0486887988426	0.017928667316	-0.0125947144182	-0.0560385524495	-0.0613619808535	0.0172134513915	0.00733568195034	0.0261266514984	-0.0402760137672	0.0442499189756	-0.0258457056817	-0.0327722437345	-0.0299776617199	-0.0178326468052	-0.0380553029698	0.0212737038198	-0.0372816378482	0.0405459538318	-0.0118018479337	-0.037202830777	-0.0965756527028	0.0237359509256	0.0318489767535	-0.0541667506426
k__Bacteria;p__Firmicutes;c__Clostridia;o__Clostridiales;f__Lachnospiraceae;g__;s__[Eubacterium]_rectale	-0.0177388893829	0.0324132754136	-0.0203301123529	0.0410509920937	0.00784010327047	0.00602000044567	-0.0423134471302	-0.070325522776	0.0339223566884	-0.00527797239535	-0.0221236909654	0.00967040182371	0.0196156656872	-0.0133854381401	1.0	0.0547684378683	-0.0553912900065	-0.0540113781974	0.00454789251854	-0.00050028673345	0.0122441935054	0.0176786771541	-0.00308889156282	-0.041772345097	-0.0218213156696	-0.00661005340252	0.0749966890289	-0.025015537808	0.0154598354677	-0.0261530284142	-0.00790894382855	-0.0369237739243	-0.0230170436346	-0.0413211187327	-0.0143553101891	0.0281822103573	-0.0586242885983	-0.00922606081303	0.0108727869013	0.014664906418	-0.0959854532299	0.00623110830491	-0.00699715508782	-0.0410843009184	0.0101521068903	-0.0105501655357	0.0126132293684	0.024553931711	-0.00429854631427	-0.00881868997844	0.0151233284233	0.0188301817633	0.0472443368166	-0.0334057939534	0.0135755911353	-0.0672500458982	-0.00890046679077	-0.0703523720027	-0.00144935277239
k__Bacteria;p__Bacteroidetes;c__Bacteroidia;o__Bacteroidales;f__Bacteroidaceae;g__Bacteroides;s__Bacteroides_plebeius	0.0335390499449	-0.0546190475603	-0.036593195824	0.0295546613638	0.0487533866954	-0.033079317907	-0.0132179346509	-0.0297490790067	0.0663186575979	0.00758553264089	-0.0231460080047	-0.0285753408999	-0.0521680328534	0.0292134616602	0.0547684378683	1.0	0.002841977122	0.000369049764984	-0.00204589493698	0.0146800356854	-0.0525648868969	-0.0629418322586	0.0298502147636	0.0499734235401	0.0204830069325	-0.0490598492363	-0.00572682108868	0.0297447468779	0.00558522017895	-0.0649234734779	-0.0576093063137	-0.0818814743662	-0.0411735151932	0.0200805239446	0.0367245477268	0.033237962017	-0.0285336289951	0.0462181162574	-0.00464139029379	-0.0308014741613	0.00852162232263	0.00413268192281	0.0303512867273	-0.0239093395446	0.035282552519	-0.0517300474422	0.0196940298798	-0.011014808138	-0.0411620815605	-0.0435195335377	0.0154132954075	-0.0136236659296	0.00278128196416	-0.0503547836459	-0.00800169635021	-0.0145884408014	-0.0318665109475	-0.0333160544672	-0.0162376786412
k__Bacteria;p__Bacteroidetes;c__Bacteroidia;o__Bacteroidales;f__Bacteroidaceae;g__Bacteroides;s__Bacteroides_fragilis	-0.00993256516424	-0.00975292863571	0.050484621014	-0.0103441583358	0.0227022147903	-0.0193761250171	0.0729819462648	0.00781512766623	-0.0671552068161	-0.0126816353494	-0.0188273857324	-0.0273724399002	-0.0734411729092	-0.0740250449053	-0.0553912900065	0.002841977122	1.0	-0.0379520050966	-0.0407492267521	-0.0531873799896	0.0283418495224	-0.00919319690105	-0.0285361041565	-0.0680675245939	0.00936139755186	0.0309887770167	-0.000134522789825	-0.0153213307224	-0.0115411592646	0.0202891488766	-0.0159824103895	0.00515145399479	0.0243799057582	-0.0429456955797	0.00384006674411	-0.016372536382	0.0584002254785	0.00342431226499	-0.0106264972861	-0.0515175147623	0.0603547615643	0.0539928809859	-0.0730203732054	-0.0349669084453	-0.0420867387582	-0.0826406531958	-0.00177238439223	0.0202232754921	-0.0196435303066	0.0377002123957	0.0223103654522	0.0607050651582	-0.042147534178	0.0609486289736	0.00915041178926	0.045245135735	-0.02764063531	-0.011383016094	-0.028123703617
k__Bacteria;p__Proteobacteria;c__Betaproteobacteria;o__Burkholderiales;f__Sutterellaceae;g__Sutterella;s__Sutterella_wadsworthensis	-0.0002164478052	-0.00291026706807	-0.0153333285762	0.0133783954835	0.0578614584024	-0.0132402186781	-0.0681390614481	-0.0222881731303	-0.0400405595566	-0.0217835231633	-0.017303434586	-0.0286547309532	-0.0233174312915	-0.0111678100864	-0.0540113781974	0.000369049764984	-0.0379520050966	1.0	-0.00588958158833	0.0123572004016	0.0373148103991	-0.0210732028273	0.0326745227995	0.0150611986498	0.00640509372335	-0.0343690151064	0.0612413788544	0.0121205736986	-0.0213723143564	0.00532015041102	-0.0266026873008	-0.0315592326571	-0.0463948612578	-0.00109029893485	0.000152175954765	-0.0299172851479	-0.0216334795833	-0.0154327394186	-0.0303505822691	0.000648317000752	0.00874120540646	0.00570782635228	0.0578665224321	-0.00496355585589	0.00348025094879	0.00208612102434	-0.0190848612845	0.0210428038333	-0.0123791109921	0.0344696364364	-0.0152645587299	-0.00140108275733	-0.0499158070649	-0.0516665192835	-0.0232278166685	0.0302659189619	-0.00440087034574	-0.017820740524	-0.0539440878368
k__Bacteria;p__Bacteroidetes;c__Bacteroidia;o__Bacteroidales;f__Porphyromonadaceae;g__Barnesiella;s__Barnesiella_intestinihominis	-0.0415261883836	0.0703350108454	0.0395434111178	-0.0458786562906	-0.00654059577023	-0.0346803966001	-0.0162147109869	0.0219782866752	-0.00411432117705	-0.00909847480226	0.040475222487	0.0133937990866	-0.0189011707754	-0.0418295357044	0.00454789251854	-0.00204589493699	-0.0407492267521	-0.00588958158833	1.0	0.0344722431922	-0.0644831430618	0.0124237091271	0.0379812344955	-0.0262835014183	-0.0137885248394	0.0551800052443	-0.0255483195607	0.024007638735	0.02257289524	-0.00517484339915	-0.0237762360335	-0.0358695501811	-0.0229270097332	0.0563240491678	-0.00854438814037	-0.0148963477236	-0.0154581148513	-0.0970543489324	0.0781639372072	0.00552259522506	0.00762992990246	-0.0502532121647	-0.0019679461452	-0.047027529514	-0.00152435470467	-0.0378263625046	0.00713628876519	0.0188694052147	0.0253442918826	0.0405043351341	0.0175149757205	-0.0104190869757	0.00615689519979	-0.0156225464005	-0.098199341963	-0.0900706913947	-0.00769049598932	0.00875251611611	-0.00857672660281
k__Bacteria;p__Bacteroidetes;c__Bacteroidia;o__Bacteroidales;f__Odoribacteraceae;g__Odoribacter;s__Odoribacter_splanchnicus	0.0498524018659	-0.012679666008	0.0223185309639	0.0183879024935	-0.00303711783422	0.00611495704479	-0.0610317798325	0.0466021926622	0.0154680968931	0.00743002984796	-0.044186330467	-0.00834718931885	0.0137687091967	-0.0429385830797	-0.00050028673345	0.0146800356854	-0.0531873799896	0.0123572004016	0.0344722431922	1.0	0.01169584294	-0.00755518681868	0.0668345261576	-0.0449848254008	-0.00230841924831	0.0396332836507	-0.0381771060674	-0.0119066496926	-0.0334238113229	0.00623456650863	0.0343649457094	0.017014068462	0.034831210262	-0.0242178659011	-0.0643675598473	-0.0579583528627	0.0365274413524	0.0415240039615	-0.0007353003879	-0.0203775668222	-0.0180868016672	-0.012542871835	-0.0221656521977	0.0112927681786	-0.0246514595146	0.0367558803575	0.0117301118139	0.00522523266424	-0.000951333896585	-0.00153262957626	0.0114334240835	0.00748747353952	-0.038052181365	0.0356921264078	0.0221764864868	0.0148711625862	-0.0190041135205	-0.015185322791	-0.0068955421276
k__Bacteria;p__Bacteroidetes;c__Bacteroidia;o__Bacteroidales;f__Bacteroidaceae;g__Bacteroides;s__Bacteroides_salyersiae	0.0294766074409	-0.0209428938685	0.0159336893845	0.0414198937188	-0.0290711855032	-0.0081120288803	-0.00401344773476	-0.0572333385129	0.0151642368284	-0.0378265240137	0.00384440724704	-0.0321019117057	0.0398469942049	0.0128951567226	0.0122441935054	-0.0525648868969	0.0283418495224	0.0373148103991	-0.0644831430618	0.01169584294	1.0	0.0178291801335	-0.0301813688185	0.0185909858407	0.0251499366693	-0.0172177837815	0.0226515641268	-0.00654427731901	-0.0174578087355	0.00259183786873	0.0244092831386	-0.0140550819111	-0.0362251744677	0.0217762307393	0.0214552113899	-0.00202768311707	-0.0260150258573	0.0242378992583	-0.11134526531	-0.00730124862545	-0.0139406961957	0.0277731018141	-0.0147684233826	-0.0517229791125	-0.016054964975	-0.0128955174509	0.00455566052908	-0.0368231518891	-0.054348291809	0.00304851527398	-0.032560047803	-0.0233494231392	-0.00628432449642	-0.0319549349579	0.01696177472	0.0113541500762	-1.8572577135e-05	-0.0401532190337	-0.072785679916
k__Bacteria;p__Firmicutes;c__Clostridia;o__Clostridiales;f__Ruminococcaceae;g__Ruminiclostridium;s__[Eubacterium]_siraeum	0.00591678724613	-0.0253199982292	-0.00277455906378	-0.0102097676604	0.0432321596951	-0.0228753881405	0.0456888715073	0.0812913276797	-0.0169438686225	0.0195630560476	0.085547011408	0.00110965775277	-0.0364891486975	0.0087039270423	0.0176786771541	-0.0629418322586	-0.00919319690105	-0.0210732028273	0.0124237091271	-0.00755518681868	0.0178291801335	1.0	0.0117817825263	-0.0548978240838	-0.00270276302376	0.0273431205453	-0.0409351756634	-0.0617364613049	-0.0134855527076	-0.0073563195434	-0.00842965406186	-0.0311218817257	-0.00887945824239	-0.0653022825938	-0.0609738303968	0.0314663717138	-0.0205532744813	-0.0391792912312	0.0174097183081	0.0802833307245	-0.0234005513796	-0.0117952990519	-0.0355083935351	-0.0291071922854	-0.022848879507	-0.00617640780784	0.0421063563007	0.00958824055281	0.00986910688042	-0.0617300278813	0.0335463508468	-0.0341896416116	0.0195717982238	-0.043134909448	0.0205610703126	0.0283702107684	0.00206237203863	-0.0414581316813	-0.0451082855449
k__Bacteria;p__Proteobacteria;c__Betaproteobacteria;o__Burkholderiales;f__Sutterellaceae;g__Parasutterella;s__Parasutterella_excrementihominis	0.0101542487026	-0.00460317164925	-0.0116944580398	-0.0645268108828	0.00962478234207	0.0124672014228	0.0235218989275	0.0285297096184	-0.103350295113	0.000433908467246	0.0117761617667	-0.0845974235024	-0.0315709349915	0.000961109845512	-0.00308889156282	0.0298502147636	-0.0285361041565	0.0326745227995	0.0379812344955	0.0668345261576	-0.0301813688185	0.0117817825263	1.0	-0.0307257715057	0.02378129586	-0.0206505137163	-0.00990860878993	-0.0435240354094	-0.0322520484197	-0.0136607272563	0.0167598689508	0.0177220518968	0.0220970153691	-0.0501343001384	-0.000790738244951	-0.0200099079915	-0.0443525984456	0.0113272485788	-0.0136707187035	0.00467071742225	-0.0203015064738	0.0458824236187	0.0204237918516	-0.0278308702072	-0.0517706092615	0.00471176111974	-0.0462344076081	-0.0211892709803	0.00998719185439	0.0108909040622	-0.0266757038862	-0.056142803752	-0.0212842013662	-0.0241985143727	-0.0373098388135	-0.0458183221419	-0.0315639722316	-0.0102147593289	0.0180266305948
k__Bacteria;p__Actinobacteria;c__Actinobacteria;o__Bifidobacteriales;f__Bifidobacteriaceae;g__Bifidobacterium;s__Bifidobacterium_adolescentis	0.0130315260658	0.0304355590922	-0.0255442356374	-0.000896637710418	-0.0448871169775	-0.0258526438917	-0.0489570792226	0.0203805959582	0.01648793352	-0.0363671081333	-0.0226800248542	-0.0445381284393	-0.032371610445	0.0137674274894	-0.041772345097	0.0499734235401	-0.0680675245939	0.0150611986498	-0.0262835014183	-0.0449848254008	0.0185909858407	-0.0548978240838	-0.0307257715057	1.0	-0.00385475138796	0.0118259011238	0.0798103685746	-0.0238054020028	0.103453001994	0.0617085313369	0.0230950352198	-0.0218276947625	-0.00913021644587	0.000640310912487	-0.00013752119472	0.0372808973675	-0.0747848334185	-0.00244292141203	-0.01036895146	0.0175544691989	0.0143543735841	-0.0319224386915	-0.00480437441819	-0.0587924932975	-0.0119907768146	0.000742334854075	-0.0157766521947	0.0261301366222	-0.0249861687524	0.004679528542	0.00803406130282	0.00141094848564	-0.00667651677844	0.0548167294259	0.0136194363289	0.00967553726815	0.0178872042043	0.000289902084928	0.011219578641
k__Bacteria;p__Firmicutes;c__Clostridia;o__Clostridiales;f__Oscillospiraceae;g__Oscillibacter;s__Oscillibacter_sp._KLE_1745	-0.0333045953852	0.0181118372171	0.00640809100341	0.0231572619539	0.0360669672798	-0.0145749997549	-0.00873285462457	-0.040052868712	0.0364784036934	0.00688722354815	0.0374455126525	-0.0537357695269	-0.056203663433	0.00764895646061	-0.0218213156696	0.0204830069325	0.00936139755186	0.00640509372335	-0.0137885248394	-0.00230841924831	0.0251499366693	-0.00270276302376	0.02378129586	-0.00385475138796	1.0	-0.0528526855115	-0.0236456700297	-0.00224682520138	-0.0171852265526	-0.0409043648621	-0.0385405255798	0.0660702924657	-0.0132468454005	-0.00125710952139	-0.0249006905908	-0.0179202800904	0.00929746692859	0.000780781415862	0.0380179711806	-0.00524400273677	-0.0260470644122	-0.00207683071869	-0.0369490884977	0.0232079073227	-0.0279657908125	-0.101110003967	-0.014823536444	-0.036080087959	0.00542075412061	0.0675600066796	0.0252403253747	0.0318687138151	-0.0236750571703	0.0355889732953	0.00108165687869	-0.0540049689616	-0.0842958578993	-0.0320829847621	0.013105715042
k__Bacteria;p__Bacteroidetes;c__Bacteroidia;o__Bacteroidales;f__Bacteroidaceae;g__Bacteroides;s__Bacteroides_coprophilus	-0.0420516065978	0.0218635779443	0.0118815356969	0.00266387436369	-0.00852710903693	-0.0543742292869	0.022895960602	-0.063798378431	0.00580809057839	-0.0147341720725	-0.0226322817181	0.0386793939058	-0.053135066044	0.0176807258383	-0.00661005340252	-0.0490598492363	0.0309887770167	-0.0343690151064	0.0551800052443	0.0396332836507	-0.0172177837815	0.0273431205453	-0.0206505137163	0.0118259011238	-0.0528526855115	1.0	-0.00535050401375	0.00068652170594	0.0114999151742	-0.0272347827378	-0.0566777684894	0.023933027008	-0.00667840481782	-0.0325502105044	-0.00623157484262	0.0514863917879	-0.0316938388652	0.00135865451698	-0.0381256851048	-0.0322104350917	-0.0465641726427	-0.00752814030555	0.0695560375337	0.0375720142066	0.0088023833733	-0.0200819975878	-0.059655896146	0.00433868109255	0.00397017348677	-0.0238590173397	0.00928853841788	-0.00464572017904	0.0185378640007	-0.0628384961225	0.00163853173827	-0.0367636641221	0.00929150314771	-0.035811146352	-0.00296394443849
k__Bacteria;p__Firmicutes;c__Clostridia;o__Clostridiales;f__Lachnospiraceae;g__Roseburia;s__Roseburia_intestinalis	-0.0413742806216	0.0224314841152	0.0596895410287	-0.0280800614517	0.00398148700249	-0.0310023297386	-0.0257980311142	0.0104091448456	-0.0450983049184	-0.0288318427419	0.000276097631097	-0.0381630465007	-0.0494287792708	0.0265316828238	0.0749966890289	-0.00572682108868	-0.000134522789825	0.0612413788544	-0.0255483195607	-0.0381771060674	0.0226515641268	-0.0409351756634	-0.00990860878993	0.0798103685746	-0.0236456700297	-0.00535050401375	1.0	-0.0645327127327	0.0268672238661	-0.0487613251158	0.0505007110777	-0.0113072468863	-0.00573246381285	-0.0758240360723	-0.0298315160208	0.027611306366	0.0139736429014	0.00187998568032	0.0233866528675	0.0262027542766	0.00315202015407	0.0585823393993	-0.0461642657422	0.0266437783472	-0.00741376422094	0.0334498206658	0.00832130339138	0.0498552364454	-0.0146066904274	-0.00925189273798	-0.0732771027718	0.0459447592658	0.049075586046	0.0271978804659	0.0307489477259	-0.0123841621758	-0.0189878121169	0.0087573752725	-0.0219209462549
k__Bacteria;p__Firmicutes;c__Clostridia;o__Clostridiales;f__Lachnospiraceae;g__Roseburia;s__Roseburia_hominis	-0.0283553106315	0.0102104812884	-0.0549709552332	0.154162902836	0.054173246496	-0.0225199380959	-0.0474934613439	-0.0244592838416	-0.0904939370462	-1.57826183396e-05	-0.0147846772914	0.0202441948105	-0.0415662685162	-0.0318355667291	-0.025015537808	0.0297447468779	-0.0153213307224	0.0121205736986	0.024007638735	-0.0119066496926	-0.00654427731901	-0.0617364613049	-0.0435240354094	-0.0238054020028	-0.00224682520138	0.000686521705939	-0.0645327127327	1.0	-0.0126840182658	-0.0258556584345	-0.0207557560911	-0.000851213444214	-0.00854580065599	0.0022302313233	-0.0186324753419	-0.00794003984097	-0.0209980388064	0.00141600313012	-0.0266752532125	-0.0216644201758	-0.0407881764619	0.0179448129074	0.0226441928692	-0.0315766496817	0.0133454770691	0.0133768484994	0.0149372338846	0.00659146838797	-0.0153741893018	-0.00987227696732	-0.0394105441802	-0.00718630383324	-0.0106210680686	-0.0177091374931	0.0213896922833	-0.0251777849455	-0.0352512396941	-0.0155546939318	0.00369399137021
k__Bacteria;p__Bacteroidetes;c__Bacteroidia;o__Bacteroidales;f__Porphyromonadaceae;g__Parabacteroides;s__Parabacteroides_johnsonii	-0.063571795846	-0.0463910853659	0.0166307703958	0.0430861819067	-0.0796762220487	0.0020476129056	-0.00482491534405	-0.0434567545515	0.000290301455317	-0.006644009068	-0.0159709436165	0.0212702119061	0.0556903923822	-0.0220830525762	0.0154598354677	0.00558522017895	-0.0115411592646	-0.0213723143564	0.02257289524	-0.0334238113229	-0.0174578087355	-0.0134855527076	-0.0322520484197	0.103453001994	-0.0171852265526	0.0114999151742	0.0268672238661	-0.0126840182658	1.0	0.00252607503398	-0.0066854638166	-0.0053636221213	0.0296996291784	0.0163507892942	0.0236352210366	-0.0156972846398	-0.0522608854976	-0.02738224295	0.0244083102678	0.0337349899055	-0.0120022545934	0.0245439975991	-0.0229056560023	0.0534368037672	0.013255651841	0.0462269458408	0.050719785019	0.0370047329296	0.013564595393	-0.0593976057453	0.00928948791471	-0.0216911106177	-0.0267757907993	-0.056438315548	-0.0087603919654	-0.0418166615725	0.0552718740249	-0.0684070872542	-0.0375146915991
k__Bacteria;p__Actinobacteria;c__Actinobacteria;o__Bifidobacteriales;f__Bifidobacteriaceae;g__Bifidobacterium;s__Bifidobacterium_longum	0.0161360765436	-0.0756119939112	-0.0272870863667	0.00341687700069	-0.031200417827	-0.0140060091514	-0.0129006169224	-0.0087803523693	0.0304693716843	-0.0164641606974	-0.00217038302584	-0.0483432247159	0.0155146021012	-0.0608949689851	-0.0261530284142	-0.0649234734779	0.0202891488766	0.00532015041102	-0.00517484339915	0.00623456650863	0.00259183786873	-0.0073563195434	-0.0136607272563	0.0617085313369	-0.0409043648621	-0.0272347827378	-0.0487613251158	-0.0258556584345	0.00252607503398	1.0	-0.023219990392	-0.00538844725534	-0.0541796854473	0.0674141829838	-0.0134849922048	-0.000728938212877	0.0609300978007	-0.0238641139526	-0.0188755556861	0.0237994609155	-0.000144506218907	-0.00214912172665	-0.0119110155433	0.0273051439505	-0.00407352548161	-0.0541106129253	0.00469787195345	-0.0294699019509	0.0112504404507	-0.0060153093115	-0.0469253603674	-0.0114992803668	-0.0196423184427	0.0187640588461	-0.060110773911	0.00637093226508	-0.0355826842437	-0.0183219232809	0.0845293760903
