#taxonomy	k__Bacteria;p__Bacteroidetes;c__Bacteroidia;o__Bacteroidales;f__Bacteroidaceae;g__Bacteroides;s__Bacteroides_vulgatus	k__Bacteria;p__Bacteroidetes;c__Bacteroidia;o__Bacteroidales;f__Bacteroidaceae;g__Bacteroides;s__Bacteroides_uniformis	k__Bacteria;p__Bacteroidetes;c__Bacteroidia;o__Bacteroidales;f__Rikenellaceae;g__Alistipes;s__Alistipes_putredinis	k__Bacteria;p__Bacteroidetes;c__Bacteroidia;o__Bacteroidales;f__Prevotellaceae;g__Prevotella;s__Prevotella_copri	k__Bacteria;p__Bacteroidetes;c__Bacteroidia;o__Bacteroidales;f__Bacteroidaceae;g__Bacteroides;s__Bacteroides_stercoris	k__Bacteria;p__Bacteroidetes;c__Bacteroidia;o__Bacteroidales;f__Bacteroidaceae;g__Bacteroides;s__Bacteroides_ovatus	k__Bacteria;p__Bacteroidetes;c__Bacteroidia;o__Bacteroidales;f__Rikenellaceae;g__Alistipes;s__Alistipes_shahii	k__Bacteria;p__Firmicutes;c__Clostridia;o__Clostridiales;f__Ruminococcaceae;g__Faecalibacterium;s__Faecalibacterium_prausnitzii	k__Bacteria;p__Bacteroidetes;c__Bacteroidia;o__Bacteroidales;f__Rikenellaceae;g__Alistipes;s__Alistipes_finegoldii	k__Bacteria;p__Bacteroidetes;c__Bacteroidia;o__Bacteroidales;f__Porphyromonadaceae;g__Parabacteroides;s__Parabacteroides_distasonis	k__Bacteria;p__Bacteroidetes;c__Bacteroidia;o__Bacteroidales;f__Bacteroidaceae;g__Bacteroides;s__Bacteroides_thetaiotaomicron	k__Bacteria;p__Bacteroidetes;c__Bacteroidia;o__Bacteroidales;f__Bacteroidaceae;g__Bacteroides;s__Bacteroides_coprocola	k__Bacteria;p__Bacteroidetes;c__Bacteroidia;o__Bacteroidales;f__Bacteroidaceae;g__Bacteroides;s__Bacteroides_cellulosilyticus	k__Bacteria;p__Bacteroidetes;c__Bacteroidia;o__Bacteroidales;f__Rikenellaceae;g__Alistipes;s__Alistipes_obesi	k__Bacteria;p__Firmicutes;c__Clostridia;o__Clostridiales;f__Lachnospiraceae;g__;s__[Eubacterium]_rectale	k__Bacteria;p__Bacteroidetes;c__Bacteroidia;o__Bacteroidales;f__Bacteroidaceae;g__Bacteroides;s__Bacteroides_plebeius	k__Bacteria;p__Bacteroidetes;c__Bacteroidia;o__Bacteroidales;f__Bacteroidaceae;g__Bacteroides;s__Bacteroides_fragilis	k__Bacteria;p__Proteobacteria;c__Betaproteobacteria;o__Burkholderiales;f__Sutterellaceae;g__Sutterella;s__Sutterella_wadsworthensis	k__Bacteria;p__Bacteroidetes;c__Bacteroidia;o__Bacteroidales;f__Porphyromonadaceae;g__Barnesiella;s__Barnesiella_intestinihominis	k__Bacteria;p__Bacteroidetes;c__Bacteroidia;o__Bacteroidales;f__Odoribacteraceae;g__Odoribacter;s__Odoribacter_splanchnicus	k__Bacteria;p__Bacteroidetes;c__Bacteroidia;o__Bacteroidales;f__Bacteroidaceae;g__Bacteroides;s__Bacteroides_salyersiae	k__Bacteria;p__Firmicutes;c__Clostridia;o__Clostridiales;f__Ruminococcaceae;g__Ruminiclostridium;s__[Eubacterium]_siraeum	k__Bacteria;p__Proteobacteria;c__Betaproteobacteria;o__Burkholderiales;f__Sutterellaceae;g__Parasutterella;s__Parasutterella_excrementihominis	k__Bacteria;p__Actinobacteria;c__Actinobacteria;o__Bifidobacteriales;f__Bifidobacteriaceae;g__Bifidobacterium;s__Bifidobacterium_adolescentis	k__Bacteria;p__Firmicutes;c__Clostridia;o__Clostridiales;f__Oscillospiraceae;g__Oscillibacter;s__Oscillibacter_sp._KLE_1745	k__Bacteria;p__Bacteroidetes;c__Bacteroidia;o__Bacteroidales;f__Bacteroidaceae;g__Bacteroides;s__Bacteroides_coprophilus	k__Bacteria;p__Firmicutes;c__Clostridia;o__Clostridiales;f__Lachnospiraceae;g__Roseburia;s__Roseburia_intestinalis	k__Bacteria;p__Firmicutes;c__Clostridia;o__Clostridiales;f__Lachnospiraceae;g__Roseburia;s__Roseburia_hominis	k__Bacteria;p__Bacteroidetes;c__Bacteroidia;o__Bacteroidales;f__Porphyromonadaceae;g__Parabacteroides;s__Parabacteroides_johnsonii	k__Bacteria;p__Actinobacteria;c__Actinobacteria;o__Bifidobacteriales;f__Bifidobacteriaceae;g__Bifidobacterium;s__Bifidobacterium_longum	k__Bacteria;p__Firmicutes;c__Clostridia;o__Clostridiales;f__;g__Flavonifractor;s__Flavonifractor_plautii	k__Bacteria;p__Firmicutes;c__Clostridia;o__Clostridiales;f__Clostridiaceae;g__Clostridium;s__Clostridium_phoceensis	k__Bacteria;p__Verrucomicrobia;c__Verrucomicrobiae;o__Verrucomicrobiales;f__Akkermansiaceae;g__Akkermansia;s__Akkermansia_muciniphila	k__Bacteria;p__Bacteroidetes;c__Bacteroidia;o__Bacteroidales;f__Prevotellaceae;g__Paraprevotella;s__Paraprevotella_xylaniphila	k__Bacteria;p__Firmicutes;c__Clostridia;o__Clostridiales;f__Ruminococcaceae;g__Ruminococcus;s__Ruminococcus_callidus	k__Bacteria;p__Bacteroidetes;c__Bacteroidia;o__Bacteroidales;f__Rikenellaceae;g__Alistipes;s__Alistipes_senegalensis	k__Bacteria;p__Firmicutes;c__Clostridia;o__Clostridiales;f__Lachnospiraceae;g__Blautia;s__Blautia_sp._KLE_1732	k__Bacteria;p__Bacteroidetes;c__Bacteroidia;o__Bacteroidales;f__Bacteroidaceae;g__Bacteroides;s__Bacteroides_oleiciplenus	k__Bacteria;p__Firmicutes;c__Clostridia;o__Clostridiales;f__Ruminococcaceae;g__Ruminococcus;s__Ruminococcus_bicirculans	k__Bacteria;p__Bacteroidetes;c__Bacteroidia;o__Bacteroidales;f__Bacteroidaceae;g__Bacteroides;s__Bacteroides_fluxus	k__Bacteria;p__Bacteroidetes;c__Bacteroidia;o__Bacteroidales;f__Prevotellaceae;g__Prevotella;s__Prevotella_stercorea	k__Bacteria;p__Firmicutes;c__Clostridia;o__Clostridiales;f__Lachnospiraceae;g__Dorea;s__Dorea_longicatena	k__Bacteria;p__Firmicutes;c__Clostridia;o__Clostridiales;f__Eubacteriaceae;g__Eubacterium;s__[Eubacterium]_eligens	k__Bacteria;p__Firmicutes;c__Clostridia;o__Clostridiales;f__Ruminococcaceae;g__;s__Ruminococcaceae_bacterium_D16	k__Bacteria;p__Firmicutes;c__Clostridia;o__Clostridiales;f__Lachnospiraceae;g__Coprococcus;s__Coprococcus_comes	k__Bacteria;p__Proteobacteria;c__Gammaproteobacteria;o__Enterobacterales;f__Enterobacteriaceae;g__Escherichia;s__Escherichia_coli	k__Bacteria;p__Firmicutes;c__Clostridia;o__Clostridiales;f__Ruminococcaceae;g__Anaerotruncus;s__Anaerotruncus_colihominis	k__Bacteria;p__Firmicutes;c__Clostridia;o__Clostridiales;f__Lachnospiraceae;g__Blautia;s__Blautia_obeum	k__Bacteria;p__Bacteroidetes;c__Bacteroidia;o__Bacteroidales;f__Odoribacteraceae;g__Odoribacter;s__Odoribacter_laneus	k__Bacteria;p__Firmicutes;c__Clostridia;o__Clostridiales;f__Ruminococcaceae;g__Ruminiclostridium;s__[Clostridium]_leptum	k__Bacteria;p__Bacteroidetes;c__Bacteroidia;o__Bacteroidales;f__Porphyromonadaceae;g__Parabacteroides;s__Parabacteroides_goldsteinii	k__Bacteria;p__Firmicutes;c__Clostridia;o__Clostridiales;f__Lachnospiraceae;g__Anaerostipes;s__Anaerostipes_hadrus	k__Bacteria;p__Firmicutes;c__Clostridia;o__Clostridiales;f__Ruminococcaceae;g__Ruminococcus;s__Ruminococcus_lactaris	k__Bacteria;p__Firmicutes;c__Clostridia;o__Clostridiales;f__Clostridiaceae;g__Clostridium;s__Clostridium_sp._L2-50	k__Bacteria;p__Firmicutes;c__Clostridia;o__Clostridiales;f__Clostridiaceae;g__Clostridium;s__Clostridium_sp._M62/1	k__Bacteria;p__Firmicutes;c__Clostridia;o__Clostridiales;f__;g__Intestinimonas;s__Intestinimonas_butyriciproducens	k__Bacteria;p__Actinobacteria;c__Actinobacteria;o__Bifidobacteriales;f__Bifidobacteriaceae;g__Bifidobacterium;s__Bifidobacterium_bifidum	k__Bacteria;p__Firmicutes;c__Negativicutes;o__Veillonellales;f__Veillonellaceae;g__Dialister;s__Dialister_invisus	k__Bacteria;p__Bacteroidetes;c__Bacteroidia;o__Bacteroidales;f__Bacteroidaceae;g__Bacteroides;s__Bacteroides_salanitronis
k__Bacteria;p__Bacteroidetes;c__Bacteroidia;o__Bacteroidales;f__Bacteroidaceae;g__Bacteroides;s__Bacteroides_vulgatus	1.0	0.0290556084992	-0.0245135566837	0.0176135380396	-0.0390886249545	-0.0198376293859	0.0192556124237	-0.0574293411575	0.0125928271775	-0.0141231594619	-0.00326647983624	-0.021951244854	-0.0319084660575	0.0212232040608	0.051546726042	0.0378364773782	-0.050530502391	-0.0418190090206	-0.000640816299715	0.00851732037982	-0.0279509508233	0.0515675472589	-0.0170985087789	0.0295713353728	0.00600929007063	0.0025322636617	0.0033728159575	0.00465055408692	0.00615656200054	-0.00185152150474	-0.00255185681616	-0.00764295622475	-0.0368809829864	-0.0390141209844	-0.0398928224905	-0.00554098669685	0.0255049952646	-0.0118014301094	-0.0208877255992	-0.0348248688166	0.0242275832363	0.0461417284099	-0.0658383606474	0.0108662946655	-0.0146640353429	-0.0145470624997	-0.00772766871281	0.0854139633677	0.00306558965227	-0.0321142103235	-0.015624991752	0.0184404781676	0.0219441192166	-0.0598606592066	-0.0435836882025	0.0247123446875	0.0132014512507	-0.0200982763857	-0.0727978578488
k__Bacteria;p__Bacteroidetes;c__Bacteroidia;o__Bacteroidales;f__Bacteroidaceae;g__Bacteroides;s__Bacteroides_uniformis	0.0290556084992	1.0	0.00987041595979	0.0228302395933	-0.0232676267428	-0.00128304730826	-0.0189943547269	-0.0419154971663	0.0193589992808	0.0388526810771	-0.000229871962696	-0.0310876509497	-0.0301543341677	0.00357848393372	-0.0725244680726	-0.00443305101251	0.0129627823361	0.0302164149557	0.0148545062839	-0.0750044156305	0.0119843704312	-0.0517312747959	-0.0226611882512	-0.0309656972055	-0.0656069461763	0.023847274985	-0.00406807938754	-0.0453839902828	-0.0840296666645	0.0473375838334	0.00381156805965	-0.0219572626178	0.0431094868173	0.00436771536923	0.014834988317	0.0389389260465	0.027121657195	-0.0655491277144	0.0205661039945	-0.00365348599876	-0.0196421186022	0.0127096935626	-0.027712736972	-0.0257051025307	-0.0502613353695	-0.0130979520802	-0.0306991845164	-0.0153510919029	-0.000109364743032	-0.0296344705375	-0.0109258750759	-0.00995677934248	0.057379553464	0.0284748219273	-0.0524940646802	-0.0126486917408	-0.041029755779	0.0482395950431	-0.00586945608282
k__Bacteria;p__Bacteroidetes;c__Bacteroidia;o__Bacteroidales;f__Rikenellaceae;g__Alistipes;s__Alistipes_putredinis	-0.0245135566837	0.00987041595979	1.0	-0.038230930612	-0.00542304377868	0.00698948300478	-0.0252057967941	0.0110629783533	0.0207488042831	0.0257648258484	-0.0332441982061	-0.0248258602968	0.0370088279553	-0.0456131648991	-0.0460094700759	-0.0620362234263	-0.0422723129963	0.00450252735645	0.0531007405176	0.0387472246869	-0.0130137887481	-0.031882368695	-0.00146811781373	0.0197050555777	-0.0242465212134	0.0103309529107	-0.00750630970096	0.00781182688748	0.0313275756436	-0.0355813512522	0.0467959728741	-0.0187897764126	-0.0303561309723	-0.0123213498309	-0.0176739165548	-0.0304104024909	-0.0563421143165	-0.028831532653	0.00167920567869	-0.0430545703701	-0.00213122686194	-0.00905288043201	-0.0188115708156	-0.0224942145536	-0.0662548309541	-0.0131022996384	-0.0421554788703	-0.0324121802676	0.014885133967	0.0667534710975	0.0190829193324	-0.0187699807358	-0.0208249302164	-0.0485494715467	-0.0445038251392	0.0108834030997	-0.0188271938623	0.0207678688789	0.019474783932
k__Bacteria;p__Bacteroidetes;c__Bacteroidia;o__Bacteroidales;f__Prevotellaceae;g__Prevotella;s__Prevotella_copri	0.0176135380396	0.0228302395933	-0.038230930612	1.0	0.0412658711646	0.0820444659713	-0.00488603558345	0.0204220106332	-0.0299788236307	-0.0490478866732	-0.0279100815103	0.0243322846233	-0.0622322449822	0.00435020180457	-0.0311457467552	-0.00768859214806	-0.00960219151961	0.015409066691	-0.0335116762738	-0.0193933579942	-0.0543535795288	-0.0064242938943	-0.0362781852341	-0.0203162034577	-0.0508111595902	0.0115213093315	-0.0430309651019	-0.0239308338399	0.0389410000627	-0.0452382816059	0.00251195012727	-0.0154179600747	0.0120322008446	0.0301000560165	0.00232978851018	-0.0313495251953	0.0293428646035	-0.000630558024772	0.019664472424	0.0259819384813	-0.0196125526724	0.0265788090743	-0.0838319534177	0.0116082867943	-0.0970277202522	0.0489097350054	0.00533551097365	-0.0317657264378	0.0250390418061	-0.136192405181	0.0399190302141	0.0412822899136	0.034343146221	-0.00586771919681	0.00194127471349	0.0105817113704	-0.00400417726471	0.0477555110529	-0.0942281805496
k__Bacteria;p__Bacteroidetes;c__Bacteroidia;o__Bacteroidales;f__Bacteroidaceae;g__Bacteroides;s__Bacteroides_stercoris	-0.0390886249545	-0.0232676267428	-0.00542304377868	0.0412658711646	1.0	0.0134835964868	0.0121753259248	-0.000741296428777	-0.0791862056184	0.0509437060257	0.0711735609531	-0.00219324815376	-0.0256039503284	-0.0025195586793	0.0281506113014	0.0219559640552	-0.0554395044487	-0.00236254562161	-0.0161031778294	-0.00884827292297	-0.0486642653251	-0.00517104537294	-0.0159074728531	-0.0140223356078	-0.00145368095381	0.0440133218231	-0.0330357337072	-0.0290929522048	-0.00773479533837	-0.029698883601	0.029743268729	-0.00516049598896	-0.0371112783645	-0.00627373284771	-0.00532973779673	-0.0223626846036	-0.0140756082248	-0.0304643340844	0.00650059637477	-0.00876676089107	-0.0266734146517	0.00457461341258	-0.0421956980217	-0.00499639517143	-0.0105820285112	-0.00191422186875	-0.00630765257361	-0.0456823471596	-0.0210413650263	0.0653443162527	0.000163403214536	-0.0505013608568	-0.0150483075525	-0.0407994866814	-0.0270040827616	0.0110995354336	-0.00389117650407	-0.0139965553819	-0.0171037729215
k__Bacteria;p__Bacteroidetes;c__Bacteroidia;o__Bacteroidales;f__Bacteroidaceae;g__Bacteroides;s__Bacteroides_ovatus	-0.0198376293859	-0.00128304730826	0.00698948300478	0.0820444659713	0.0134835964868	1.0	0.0104638169383	0.0156203543828	-0.0219265736381	-0.0402525928358	0.0243727824215	-0.057329055824	-0.0689288255487	-0.0104716805389	-0.0216534362335	-0.0196890238023	-0.0319871573722	0.00901387380204	0.0105587420132	-0.0532008714888	0.0471438101057	-0.0783436851204	-0.0169377907283	-0.0119894710764	-0.037280222194	-0.0622542708254	-0.0467169604393	0.0261551363146	0.0211500785673	-0.00794527827356	-0.00667289965291	0.0409561505289	-0.0488895902304	-0.0586072296782	-0.0357943790927	0.0165674856487	0.013714243003	-0.0284602510679	-0.000799898050214	0.0177643950866	-0.0149482973147	0.00670136917787	0.00866911143383	-0.0053152913381	-0.00616294793802	-0.00691082160292	0.0259260749105	-0.025916706851	-0.0255027003369	0.00606673226526	0.0705621652714	0.0132235604162	0.057220209783	0.0186502205717	-0.0468710728884	-0.0325165397447	0.0847554549796	-0.0295986351221	0.002261287805
k__Bacteria;p__Bacteroidetes;c__Bacteroidia;o__Bacteroidales;f__Rikenellaceae;g__Alistipes;s__Alistipes_shahii	0.0192556124237	-0.0189943547269	-0.0252057967941	-0.00488603558345	0.0121753259248	0.0104638169383	1.0	0.0324850850704	0.0374937572836	0.0172692485072	0.0470746156553	-0.0127434222426	0.0267594102085	-0.0182141588399	0.00926640297336	-0.0402074661422	0.0540242305946	-0.0508951606034	-0.0249717682942	-0.00151789483421	-0.00682851791695	-0.0321100678876	0.0441541930347	-0.016349625576	-0.0125937269314	0.0032539382325	-9.58620227058e-05	-0.0479613641085	-0.0135635338054	-0.0897430515778	-0.0410906846409	0.0278710854763	-0.0843631087537	0.020814959783	0.0925612002748	0.0101046500491	-0.0622611443449	-0.00967288016677	-0.0971399056612	0.010922376961	-0.0116061999648	-0.042792008698	0.00194213521834	0.0281341926498	-0.0383563863882	-0.0483434161458	-0.0561727828661	-0.0329398080243	0.0135898679895	-0.0338773910808	0.00960870641481	0.0302273548554	0.00631732157511	-0.035085560085	0.0514993877884	-0.0282616968387	-0.0532954680127	0.06241665386	-0.0184678134294
k__Bacteria;p__Firmicutes;c__Clostridia;o__Clostridiales;f__Ruminococcaceae;g__Faecalibacterium;s__Faecalibacterium_prausnitzii	-0.0574293411575	-0.0419154971663	0.0110629783533	0.0204220106332	-0.000741296428777	0.0156203543828	0.0324850850704	1.0	-0.0486447323347	-0.0166743882127	0.0202005777847	-0.0201502509527	-0.00770426979046	-0.0184726724401	0.0291158378542	-0.0582125733652	-0.0133448202523	0.053573073559	-0.0197136213085	-0.00924125709823	0.00148518989742	0.0117023585517	0.0369682412018	0.0379068927704	0.0218625882882	0.00711272018442	0.0394314640534	0.00855540571674	0.00558174051324	-0.0370799222559	0.0143034920939	0.0128242081638	-0.0746185596802	0.036762151852	-0.013788463471	0.00870176301474	-0.0066732317942	-0.0124250213819	0.0271609534479	-0.0673842648154	-0.0428591562798	0.030515803491	-0.0397092734751	0.0466344209845	-0.0075334785393	-0.0463164045151	-0.0232305278951	-0.0391291434154	0.032329963473	0.00250949833925	-0.0307740757215	0.0139021856722	-0.0267616916868	-0.0270340180671	-0.00533972875338	-0.00842812159486	0.0127902621409	0.0200680099808	-0.0248214121626
k__Bacteria;p__Bacteroidetes;c__Bacteroidia;o__Bacteroidales;f__Rikenellaceae;g__Alistipes;s__Alistipes_finegoldii	0.0125928271775	0.0193589992808	0.0207488042831	-0.0299788236307	-0.0791862056184	-0.0219265736381	0.0374937572836	-0.0486447323347	1.0	-0.00165935304913	-0.0102438689606	-0.0110834399152	-0.000984586338418	-0.0133958004954	0.0127466886773	-0.0316598292368	0.00164485233177	0.0185454796302	-0.0368864333146	-0.00733026236352	0.0518730551548	-0.045713206729	-0.0774184049291	-0.0664908352242	0.0188376577104	-0.00966257355803	-0.0494731915949	-0.0656137968751	-0.0120182633658	0.0457716644692	-0.0225147879972	-0.000411723246879	0.023617755586	-0.0329154592734	0.0127449118174	0.00283143815222	0.0160374307529	0.00794937798609	-0.0211664043989	0.0459219810515	0.000853795484704	0.0322531107364	0.00221651317414	-0.0120972702629	-0.00615039347044	-0.0131231786391	-0.0284100549745	-0.0104505740849	-7.48835109823e-05	-0.0254032809684	-0.0133969744464	-0.002994290526	-0.0286193363141	0.0460897472419	0.0224235904194	0.0193016329038	-0.00277731858866	0.058514824674	-0.0125543599797
k__Bacteria;p__Bacteroidetes;c__Bacteroidia;o__Bacteroidales;f__Porphyromonadaceae;g__Parabacteroides;s__Parabacteroides_distasonis	-0.0141231594619	0.0388526810771	0.0257648258484	-0.0490478866732	0.0509437060257	-0.0402525928358	0.0172692485072	-0.0166743882127	-0.00165935304913	1.0	0.0376663251578	-0.0324739638362	-0.0431222187183	0.000668797968824	-0.0384016048535	0.0260540727053	0.0122847032539	0.0260030090737	-0.0252904221591	-0.00144948914631	-0.0663954152082	-0.0452604415254	0.00261827220746	0.0239748794015	0.00160957081383	-0.0066128259336	0.00242949456878	0.0582964690925	-0.061652144173	0.0200464854488	0.0143657090669	0.0101337279137	-0.0177893801792	-0.0590785091299	-0.0237792050973	-0.0139444765684	-0.00894205805801	-0.000634400926894	-0.0151702681241	0.003042762982	-0.0158368138094	-0.0123488227656	0.0336327965422	-0.0169369346047	-0.000265325464542	-0.00182917910655	0.000639272510077	-0.00696532025423	-0.0436360356362	0.0478470364158	0.0194463598466	0.00858236196038	-0.0604894480641	0.0758318575966	-0.0755580883519	0.0139514916016	-0.011019863875	-0.0276987621783	-0.00925990250263
k__Bacteria;p__Bacteroidetes;c__Bacteroidia;o__Bacteroidales;f__Bacteroidaceae;g__Bacteroides;s__Bacteroides_thetaiotaomicron	-0.00326647983624	-0.000229871962696	-0.0332441982061	-0.0279100815103	0.0711735609531	0.0243727824215	0.0470746156553	0.0202005777847	-0.0102438689606	0.0376663251578	1.0	-0.0583227287568	0.0413887374512	-0.0548272576717	0.0140097181083	0.0274803444012	-0.0341492026765	0.0198150643818	0.0135769480757	-0.0716108982333	-0.0337131057217	-0.0563819088364	0.0422990086099	-0.00497338463309	-0.000177592437071	-0.0250584115116	-0.0108210194417	0.00476532709458	-0.0290785171271	-0.0416186075269	-0.10075797492	0.0384255194065	0.0396305928048	-0.0260853599864	-0.0201265744305	-0.0247146424624	-0.004656065747	0.00404460930216	-0.00615138969116	0.0392100941549	0.0175737810923	-0.0897213552949	-0.0343388032224	0.019524006216	0.0028685123027	-0.0394814239432	-0.000176007875177	-0.0411941912981	-0.00692083724154	-0.0246241025229	0.0324459055146	-0.0208309427557	-0.0349126092291	-0.00128075917027	-0.0562233504395	-0.0550380393535	-0.055867399239	0.0141458293225	0.0392535953353
k__Bacteria;p__Bacteroidetes;c__Bacteroidia;o__Bacteroidales;f__Bacteroidaceae;g__Bacteroides;s__Bacteroides_coprocola	-0.021951244854	-0.0310876509497	-0.0248258602968	0.0243322846233	-0.00219324815376	-0.057329055824	-0.0127434222426	-0.0201502509527	-0.0110834399152	-0.0324739638362	-0.0583227287568	1.0	-0.0235068387987	-0.0491600055794	0.0108696196893	0.052029444987	0.00728434242262	-0.00789463996493	0.0092697789928	0.0408351412215	-0.0113487905323	-0.0356399616654	-0.0106162186484	0.0304237370835	0.00817709466865	-0.00188047659692	0.0329784370063	0.00640617363201	0.0549006678505	0.0241019040524	-0.0422561410845	-0.01547081096	0.0233785017028	-0.0186789119821	0.00862121765345	0.0259115335101	0.0481608723743	0.00370455274417	-0.0313186706909	-0.0576610095658	-0.0434908011598	0.0427119768304	0.0500623826664	-0.0120325851626	-0.0835063344254	0.0471036427976	-0.0868963324211	-0.0190841279139	-0.0218182808558	-0.0696247976006	-0.0277270340411	-0.00649200261241	-0.0291351623222	-0.034095573405	0.0428775949113	-0.0430886833358	0.00498649324734	0.0152684493957	0.0300189399101
k__Bacteria;p__Bacteroidetes;c__Bacteroidia;o__Bacteroidales;f__Bacteroidaceae;g__Bacteroides;s__Bacteroides_cellulosilyticus	-0.0319084660575	-0.0301543341677	0.0370088279553	-0.0622322449822	-0.0256039503284	-0.0689288255487	0.0267594102085	-0.00770426979046	-0.000984586338418	-0.0431222187183	0.0413887374512	-0.0235068387987	1.0	-0.0461936123792	-0.0342942946588	-0.0157805513197	-0.00437831234024	0.0267959466067	0.00829488398477	-0.0380803876813	-0.0207367677759	0.020694212153	-0.0359612210891	0.00662915507124	0.0458050740501	-0.0491891526102	0.00772293054979	0.0376792929324	-0.0177183547007	-0.0172005613066	0.0248763134416	-0.00238915509785	-0.00384395464795	-0.0455604271434	0.0355585643101	0.0100669254734	-0.0287735458236	-0.0058841772738	-0.0601224731682	0.013594311769	-0.0791079766143	-0.0120778204658	-0.030806804428	-0.0209811391825	0.0283314107504	-0.00942839780137	-0.00224937672735	0.0198409180895	-0.00684121194455	-0.00465520161839	-0.0547345861126	0.0242479272892	0.00864970989005	-0.0187356482087	0.00837018787366	-0.0335482329449	0.0724411164337	-0.00678892489339	0.0406125325804
k__Bacteria;p__Bacteroidetes;c__Bacteroidia;o__Bacteroidales;f__Rikenellaceae;g__Alistipes;s__Alistipes_obesi	0.0212232040608	0.00357848393372	-0.0456131648991	0.00435020180457	-0.0025195586793	-0.0104716805389	-0.0182141588399	-0.0184726724401	-0.0133958004954	0.000668797968824	-0.0548272576717	-0.0491600055794	-0.0461936123792	1.0	-0.0202083429967	0.0473107291461	0.0038790682381	-0.0262760528488	-0.0109685084041	-0.0170194355862	-0.0581079924248	0.0196874993346	-0.0211627574513	0.0022233336148	-0.0157657077564	-0.0221189195412	0.014228967769	0.0313268411918	0.0106305552086	-0.0487674945257	0.0989291673675	-0.0178394614206	0.0822285191739	-0.0220827151069	0.00742352073073	-0.0261676573784	0.00048878494945	0.0154547761054	0.057527183182	-0.00996405004453	-0.00651618014677	-0.000132236169325	0.0388271298549	-0.0647269516957	-0.000819482260648	-0.0276224251543	0.0036425201131	0.0330225517128	0.0590094052399	-0.0386031144204	-0.00115313811244	-0.017319304395	0.0106123622744	-0.0910244225505	0.00556449914447	-0.0296690016166	0.0453003367929	-0.0199552770516	-0.0358972230299
k__Bacteria;p__Firmicutes;c__Clostridia;o__Clostridiales;f__Lachnospiraceae;g__;s__[Eubacterium]_rectale	0.051546726042	-0.0725244680726	-0.0460094700759	-0.0311457467552	0.0281506113014	-0.0216534362335	0.00926640297336	0.0291158378542	0.0127466886773	-0.0384016048535	0.0140097181083	0.0108696196893	-0.0342942946588	-0.0202083429967	1.0	-0.0211394525662	-0.0513245236667	-0.0425397240497	0.0130676433761	0.0439776606782	-0.0447413516895	0.00812031885608	-0.0121258067136	0.00291645168704	-0.0534211851247	0.0390413404444	-0.0480960569549	0.00956687224029	-0.0192133326068	0.0117921426022	0.000647220880616	-0.0739612721284	0.0208078157861	-0.0142068338051	-0.0096010066073	0.0595036581514	0.00518361560062	-0.0380609831627	0.0454079144156	-0.0335645959584	0.0330959928553	0.101664500233	0.0513282693666	-0.0480458159587	-0.0111876625381	-0.0146085233341	0.0137375096906	0.0160584460153	0.0517911283717	-0.0228604501955	-0.0239573598216	-0.0205432927427	-0.0401808204042	-0.0564484639876	-0.0295846885682	0.0208293386147	-0.0597218971625	0.0300949201492	-0.0163681925173
k__Bacteria;p__Bacteroidetes;c__Bacteroidia;o__Bacteroidales;f__Bacteroidaceae;g__Bacteroides;s__Bacteroides_plebeius	0.0378364773782	-0.00443305101251	-0.0620362234263	-0.00768859214806	0.0219559640552	-0.0196890238023	-0.0402074661422	-0.0582125733652	-0.0316598292368	0.0260540727053	0.0274803444012	0.052029444987	-0.0157805513197	0.0473107291461	-0.0211394525662	1.0	-0.0771737720444	-0.0401098223412	0.0263717223576	-0.0352133706111	-0.00571920279015	0.0190728265724	0.0138613077706	0.0197293850102	-0.00951571089396	0.0787877614722	-0.0476896526455	-0.002990986285	0.00161589298542	0.00881104756472	0.00234550554211	0.0260347766112	-0.0121726584123	-0.0119546375261	-0.00694116971224	-0.0506441480707	0.00676293202392	-0.0105933595456	-0.0286759867801	-0.00196133527711	-0.00676420535075	-0.0173370331564	-0.00152506583509	0.0563505504897	-0.00694760013207	-0.0104570447145	0.0294433472301	-0.0150110226762	-0.00316203719487	-0.0898306306536	-0.0257409314736	7.32175102905e-05	0.00036065153654	0.0125758232708	-0.0608321347763	-0.021211370205	-0.010949409366	-0.0245568078191	0.0125230266498
k__Bacteria;p__Bacteroidetes;c__Bacteroidia;o__Bacteroidales;f__Bacteroidaceae;g__Bacteroides;s__Bacteroides_fragilis	-0.050530502391	0.0129627823361	-0.0422723129963	-0.00960219151961	-0.0554395044487	-0.0319871573722	0.0540242305946	-0.0133448202523	0.00164485233177	0.0122847032539	-0.0341492026765	0.00728434242262	-0.00437831234024	0.0038790682381	-0.0513245236667	-0.0771737720444	1.0	0.0673293059653	-0.00553240493499	0.0316912490907	0.0254643877286	0.00260970484353	0.0405143689112	0.00686352188978	-0.0792320237292	0.0206805594062	0.0294710578658	0.0460617738522	-0.0603712277881	0.0159397420384	-0.0489952831242	-0.0280085413292	0.052267892609	-0.009201901605	-0.0445579852495	0.0442439629932	0.0182625195305	0.0346718368985	-0.0449282835993	0.0365155085061	0.0593556295105	0.0744870933115	-0.00733046194457	-0.0179505407801	-0.0239842410866	-8.11195058242e-05	-0.0253799457176	-0.0314402450129	-0.064507726311	-0.0208870868897	0.00758316163264	0.00948270781172	0.0195906151055	-0.00624699723651	-0.00693379986511	-0.0640923469008	0.0365225696293	0.0108357715118	-0.022430402526
k__Bacteria;p__Proteobacteria;c__Betaproteobacteria;o__Burkholderiales;f__Sutterellaceae;g__Sutterella;s__Sutterella_wadsworthensis	-0.0418190090206	0.0302164149557	0.00450252735645	0.015409066691	-0.00236254562161	0.00901387380204	-0.0508951606034	0.053573073559	0.0185454796302	0.0260030090737	0.0198150643818	-0.00789463996493	0.0267959466067	-0.0262760528488	-0.0425397240497	-0.0401098223412	0.0673293059653	1.0	-0.0321242696656	-0.0243314931778	0.0513058040542	-0.0552030363383	-0.0509939708036	-0.0098140969547	-0.0562935676238	-0.023452378478	0.0412423386958	-0.00177030136632	0.00410369468321	-0.00135724449239	0.00219620529811	0.040695460727	-0.008784119146	-0.0113493071572	0.00272235294137	0.0366674995484	-0.0392946616927	-0.0469075283511	-0.0200252326667	-0.0178453693305	0.0456297167401	-0.0321892013174	-0.0120566883481	-0.0338487259913	0.0349419801368	-0.0409730535987	-0.0317696012537	-0.00272774020954	0.0452259290949	-0.0485510836648	0.00190645770931	0.0519627789123	-0.00047844168743	-0.0629664752872	0.0121492788254	-0.0473463313882	-0.00884185378944	-0.0147717537492	-0.0106296779583
k__Bacteria;p__Bacteroidetes;c__Bacteroidia;o__Bacteroidales;f__Porphyromonadaceae;g__Barnesiella;s__Barnesiella_intestinihominis	-0.000640816299715	0.0148545062839	0.0531007405176	-0.0335116762738	-0.0161031778294	0.0105587420132	-0.0249717682942	-0.0197136213085	-0.0368864333146	-0.0252904221591	0.0135769480757	0.0092697789928	0.00829488398477	-0.0109685084041	0.0130676433761	0.0263717223576	-0.00553240493499	-0.0321242696656	1.0	0.00635215290793	0.0319743631075	0.00437795175605	-0.0158475795939	-0.0101103805707	0.000526280881808	-0.00875340745857	-0.00727327473137	0.0607055463945	-0.00837810313695	0.0209444335689	0.031755609664	0.00110701515049	-0.0658714991714	0.00542645277141	-0.0146983195278	-0.00501544578311	-0.0528603356442	0.0379996743218	0.0064976868164	-0.0431041302413	-0.0330714585858	0.0242111833988	0.00485552562679	0.0504863596786	-0.00548196818258	-0.00635131398532	-0.0352023525801	0.00633430097961	-0.034095406805	-0.04284273978	-0.0988501201251	0.0151890019258	0.00480036829973	0.000475789542466	-0.0387867121313	-0.0305397777321	0.0158259536079	0.0266015543662	0.00730656880125
k__Bacteria;p__Bacteroidetes;c__Bacteroidia;o__Bacteroidales;f__Odoribacteraceae;g__Odoribacter;s__Odoribacter_splanchnicus	0.00851732037982	-0.0750044156305	0.0387472246869	-0.0193933579942	-0.00884827292297	-0.0532008714888	-0.00151789483421	-0.00924125709823	-0.00733026236352	-0.00144948914631	-0.0716108982333	0.0408351412215	-0.0380803876813	-0.0170194355862	0.0439776606782	-0.0352133706111	0.0316912490907	-0.0243314931778	0.00635215290793	1.0	-0.00473961656386	-0.0114118356985	-0.00443196006793	0.0344314642745	-0.0246343902506	-0.00946362979996	0.0432290158608	-0.0378456267049	-0.0193884543808	0.014783316276	-0.0445519613254	0.00721433505005	0.0111928973618	-0.0299197383568	-0.0783758512216	-0.0221454140294	-0.00217177217801	-0.0199305825447	-0.0587053881595	-0.0533815216115	-0.0574804696525	-0.00922042718684	0.0161114619886	-0.00071181528529	0.0196803126861	-0.002860018185	-0.0526197910979	0.00157602705746	0.00495467088057	0.0464499133522	0.000313295588155	-0.0657490906305	0.0479906193747	-0.00375942282242	0.0351043564917	0.0173165403427	-0.0292240659956	0.0979332958011	0.0337641358164
k__Bacteria;p__Bacteroidetes;c__Bacteroidia;o__Bacteroidales;f__Bacteroidaceae;g__Bacteroides;s__Bacteroides_salyersiae	-0.0279509508233	0.0119843704312	-0.0130137887481	-0.0543535795288	-0.0486642653251	0.0471438101057	-0.00682851791695	0.00148518989742	0.0518730551548	-0.0663954152082	-0.0337131057217	-0.0113487905323	-0.0207367677759	-0.0581079924248	-0.0447413516895	-0.00571920279015	0.0254643877286	0.0513058040542	0.0319743631075	-0.00473961656386	1.0	0.0031790373524	0.0112798291234	0.00485964174708	-0.0714641772162	0.0425765326222	0.0543101432965	-0.0909681996468	0.0127977345299	0.0549512808939	0.00578830404336	-0.0400641139607	-0.00431350484954	-0.00564159487605	-0.0395482279907	0.0490264152972	-0.00240319313835	-0.0214659968293	-0.0405159871449	-0.014520274293	-0.00203464748189	-0.0271613229227	-0.0216618893593	0.00354013837342	-0.0129493428182	0.0293562532486	-0.0138364958501	-0.0138775055333	-0.0265164839707	0.0192501331312	-0.0192105447551	0.0210801751493	-0.0550319925359	-0.00114650406064	0.0114345511733	-0.0127324652334	-0.0430352716881	0.0181733644943	-0.0146506584814
k__Bacteria;p__Firmicutes;c__Clostridia;o__Clostridiales;f__Ruminococcaceae;g__Ruminiclostridium;s__[Eubacterium]_siraeum	0.0515675472589	-0.0517312747959	-0.031882368695	-0.0064242938943	-0.00517104537294	-0.0783436851204	-0.0321100678876	0.0117023585517	-0.045713206729	-0.0452604415254	-0.0563819088364	-0.0356399616654	0.020694212153	0.0196874993346	0.00812031885608	0.0190728265724	0.00260970484353	-0.0552030363383	0.00437795175605	-0.0114118356985	0.0031790373524	1.0	-0.00636642811562	0.0099704865911	0.0518942447389	-0.0178119053414	0.0257209596877	-0.0388817399563	0.0497291086914	-0.0383253577055	-0.0203278500292	-0.0392960998392	0.00865333179665	-0.0135529455838	0.038709899536	0.0465440754508	0.0129365017423	-0.0469729165119	0.0243474807484	0.018683375177	0.0227697816047	-0.0197418617	0.030087031487	-0.00585121664497	-0.00307188952738	0.0283290686995	-0.0329005614019	-0.00448005712763	0.00830124921255	0.0186405837426	-0.00958899934553	-0.0640703583378	0.0161358756747	0.0110654654095	-0.00549145654945	-0.0246545389449	0.0218343829246	-0.0682020393612	-0.000659692211937
k__Bacteria;p__Proteobacteria;c__Betaproteobacteria;o__Burkholderiales;f__Sutterellaceae;g__Parasutterella;s__Parasutterella_excrementihominis	-0.0170985087789	-0.0226611882512	-0.00146811781373	-0.0362781852341	-0.0159074728531	-0.0169377907283	0.0441541930347	0.0369682412018	-0.0774184049291	0.00261827220746	0.0422990086099	-0.0106162186484	-0.0359612210891	-0.0211627574513	-0.0121258067136	0.0138613077706	0.0405143689112	-0.0509939708036	-0.0158475795939	-0.00443196006793	0.0112798291234	-0.00636642811562	1.0	-0.0186247463944	0.0139387594772	0.00382790507213	-0.0787033909262	0.0251563787501	0.0128059585252	-0.03046121883	0.00569942065703	-0.00333903730914	0.0252557593102	0.0190054565769	0.00229081222762	0.0293220544978	0.0211095482018	-0.00135611046467	0.0156342382769	-0.0519204917441	0.00619718268572	0.0319111621929	0.0290664973475	0.00402545665395	0.00674165992053	-0.0412075923851	-0.0829794428188	-0.0527991736103	0.00289703404068	-0.0247799997815	-0.00945698919807	-0.0663186922711	-0.010081564082	-0.0384044840312	0.0142395727842	-0.0350971340378	-0.0267468224251	-0.0396406364354	0.00512065446933
k__Bacteria;p__Actinobacteria;c__Actinobacteria;o__Bifidobacteriales;f__Bifidobacteriaceae;g__Bifidobacterium;s__Bifidobacterium_adolescentis	0.0295713353728	-0.0309656972055	0.0197050555777	-0.0203162034577	-0.0140223356078	-0.0119894710764	-0.016349625576	0.0379068927704	-0.0664908352242	0.0239748794015	-0.00497338463309	0.0304237370835	0.00662915507124	0.0022233336148	0.00291645168704	0.0197293850102	0.00686352188978	-0.0098140969547	-0.0101103805707	0.0344314642745	0.00485964174708	0.0099704865911	-0.0186247463944	1.0	0.0168502289562	-0.066570822512	-0.00174687544821	0.0126759853489	-0.0514894644974	-0.00190955107128	0.0202572023746	0.0416792324896	-0.0235964363071	0.0389968605904	-0.0572417455708	-0.0338049306937	0.0132472150652	-0.0174658869954	0.0160438820602	-0.0206051329191	0.028666879348	-0.109167864685	0.000913070029991	-0.0404467796319	0.0020331704813	-0.0180716017339	0.0126465866657	-0.00397007184927	-0.0421090792062	-0.0158156123757	0.0166167209664	0.027052156361	0.0204663986386	0.0281076878728	0.0386963542577	-0.0127938704695	-0.0418521677641	-0.0322324538269	0.0527592536606
k__Bacteria;p__Firmicutes;c__Clostridia;o__Clostridiales;f__Oscillospiraceae;g__Oscillibacter;s__Oscillibacter_sp._KLE_1745	0.00600929007063	-0.0656069461763	-0.0242465212134	-0.0508111595902	-0.00145368095381	-0.037280222194	-0.0125937269314	0.0218625882882	0.0188376577104	0.00160957081383	-0.000177592437071	0.00817709466865	0.0458050740501	-0.0157657077564	-0.0534211851247	-0.00951571089396	-0.0792320237292	-0.0562935676238	0.000526280881808	-0.0246343902506	-0.0714641772162	0.0518942447389	0.0139387594772	0.0168502289562	1.0	-0.0282233894108	-0.00658895831139	-0.0074820894362	0.016792933277	-0.0152217087739	-0.0162494815256	-0.0275261920896	-0.0140083197508	0.024492597401	-0.0145075918354	-0.025351244234	-0.00293988717919	0.00754484151195	0.00326667569642	0.0174151000816	-0.061884053397	-0.0152626347877	0.0301008924504	-0.0120478010584	0.00944097807132	0.00374490745174	0.0811352240555	-0.0116954347133	-0.0372691749871	0.000159054678888	0.00705416170087	0.0307308574976	-0.0271074431698	-0.0123012127064	-0.0211067466316	-0.0172488739897	-0.00245759179993	-0.0929436422323	0.0192573094314
k__Bacteria;p__Bacteroidetes;c__Bacteroidia;o__Bacteroidales;f__Bacteroidaceae;g__Bacteroides;s__Bacteroides_coprophilus	0.00253226366171	0.023847274985	0.0103309529107	0.0115213093315	0.0440133218231	-0.0622542708254	0.0032539382325	0.00711272018442	-0.00966257355803	-0.0066128259336	-0.0250584115116	-0.00188047659692	-0.0491891526102	-0.0221189195412	0.0390413404444	0.0787877614722	0.0206805594062	-0.023452378478	-0.00875340745857	-0.00946362979996	0.0425765326222	-0.0178119053414	0.00382790507213	-0.066570822512	-0.0282233894108	1.0	-0.119097751834	0.0156957572229	-0.0558474603946	-0.0159257680231	-0.0695742458727	0.0552058390382	-0.0213572812852	-0.0139887332629	-0.0203729491169	-0.0548850675398	-0.0395997046218	-0.00731728060246	0.00274817612343	0.00495601907307	-0.0256093527762	-0.00926717982625	0.0168332183487	-0.0475780129845	0.00378808061038	0.038448195399	0.0383802804342	-0.0393989946524	0.0442378698459	-0.021145713757	0.0226919617496	-0.0214959759256	-0.0448032364248	-0.0111056339327	-0.00604050309856	0.00108209056854	-0.0084072448899	-0.0401613590294	-0.0398047283631
k__Bacteria;p__Firmicutes;c__Clostridia;o__Clostridiales;f__Lachnospiraceae;g__Roseburia;s__Roseburia_intestinalis	0.00337281595751	-0.00406807938754	-0.00750630970096	-0.0430309651019	-0.0330357337072	-0.0467169604393	-9.58620227057e-05	0.0394314640534	-0.0494731915949	0.00242949456878	-0.0108210194417	0.0329784370063	0.00772293054979	0.014228967769	-0.0480960569549	-0.0476896526455	0.0294710578658	0.0412423386958	-0.00727327473137	0.0432290158608	0.0543101432965	0.0257209596877	-0.0787033909262	-0.00174687544821	-0.00658895831139	-0.119097751834	1.0	-0.0256077850313	0.0263209796168	0.0199264449836	-0.0229443241101	-0.0413312044252	0.0366918984238	-0.0075600904755	0.0372299681436	-0.0073088003731	0.0139453659485	0.00216230369686	-0.010185092286	-0.0745153512222	0.0138820850796	0.0421647750982	0.0530735876302	0.00942393847839	0.029990792098	0.00145293574374	-0.00821571156418	0.0241790610307	0.0129231680835	-0.012818866992	-0.0646855570075	0.00633246494374	-0.0466123933806	0.010794008046	0.0553687792402	-0.0445077668516	-0.0387042064902	-0.0480549364839	-0.00276838279943
k__Bacteria;p__Firmicutes;c__Clostridia;o__Clostridiales;f__Lachnospiraceae;g__Roseburia;s__Roseburia_hominis	0.00465055408692	-0.0453839902828	0.00781182688748	-0.0239308338399	-0.0290929522048	0.0261551363146	-0.0479613641085	0.00855540571674	-0.0656137968751	0.0582964690925	0.00476532709458	0.00640617363201	0.0376792929324	0.0313268411918	0.00956687224029	-0.002990986285	0.0460617738522	-0.00177030136632	0.0607055463945	-0.0378456267049	-0.0909681996468	-0.0388817399563	0.0251563787501	0.0126759853489	-0.0074820894362	0.0156957572229	-0.0256077850313	1.0	0.0408000929373	0.0422119641309	-0.0137516844841	-0.015162149715	-0.00707257478831	-0.0725619829351	-0.103805618815	-0.0390754150939	-0.00894968767533	0.0125705670879	-0.0523217450158	0.0216313773649	0.020735068058	-0.00303301210305	-0.0113871865559	0.00639717278748	0.0151011447514	-0.00396667394648	0.0379699335971	-0.0503893567546	-0.0676233546422	-0.0264211661989	-0.0267281804324	-0.00342967557857	-0.0651189114418	0.0289430483099	-0.00485287014533	-0.0452321587365	0.022605742367	-0.0619791466788	0.00379175925993
k__Bacteria;p__Bacteroidetes;c__Bacteroidia;o__Bacteroidales;f__Porphyromonadaceae;g__Parabacteroides;s__Parabacteroides_johnsonii	0.00615656200054	-0.0840296666645	0.0313275756436	0.0389410000627	-0.00773479533837	0.0211500785673	-0.0135635338054	0.00558174051324	-0.0120182633658	-0.061652144173	-0.0290785171271	0.0549006678505	-0.0177183547007	0.0106305552086	-0.0192133326068	0.00161589298542	-0.0603712277881	0.00410369468321	-0.00837810313695	-0.0193884543808	0.0127977345299	0.0497291086914	0.0128059585252	-0.0514894644974	0.016792933277	-0.0558474603946	0.0263209796168	0.0408000929373	1.0	0.0124523353256	0.0176477681415	-0.0255210212719	-0.0929253413583	0.0570073416089	-0.0229651159052	0.0133818831702	-0.0537729643013	0.0488107056745	-0.0488840113754	-0.0343078683685	-0.00373082658567	-0.0545694097408	-0.0333601983146	0.051697474936	0.00177013671885	-0.024975223195	0.0296995266197	0.0547634215476	0.0331314222144	-0.018720127523	-0.0112786230349	-0.00991807306189	-0.00337347989414	-0.0106429708843	-0.00267504713979	-0.0140702773725	-0.00798222500794	-0.0208950782056	-0.0225256951711
k__Bacteria;p__Actinobacteria;c__Actinobacteria;o__Bifidobacteriales;f__Bifidobacteriaceae;g__Bifidobacterium;s__Bifidobacterium_longum	-0.00185152150474	0.0473375838334	-0.0355813512522	-0.0452382816059	-0.029698883601	-0.00794527827356	-0.0897430515778	-0.0370799222559	0.0457716644692	0.0200464854488	-0.0416186075269	0.0241019040524	-0.0172005613066	-0.0487674945257	0.0117921426022	0.00881104756472	0.0159397420384	-0.00135724449239	0.0209444335689	0.014783316276	0.0549512808939	-0.0383253577055	-0.03046121883	-0.00190955107128	-0.0152217087739	-0.0159257680231	0.0199264449836	0.0422119641309	0.0124523353256	1.0	0.0144291027208	0.0114296718711	-0.00616089003633	0.0779103637128	-0.00412055342101	-0.0067124793261	-0.0374892042823	-0.0339493913324	-0.019161374061	0.0703821091657	0.0404655772288	0.006718215425	0.0168775691226	0.0331330555608	0.0218481351963	-0.0242482299567	-0.0413584908646	-0.03658751218	0.0213007908296	-0.0256636261216	-0.00869258840307	0.0601898248764	-0.016261186113	-0.0521648731828	0.0163917811251	-0.0188343676584	-0.0148013905655	-0.0354325689202	-0.0307189862823
