#taxonomy	k__Bacteria;p__Bacteroidetes;c__Bacteroidia;o__Bacteroidales;f__Bacteroidaceae;g__Bacteroides;s__Bacteroides_vulgatus	k__Bacteria;p__Bacteroidetes;c__Bacteroidia;o__Bacteroidales;f__Bacteroidaceae;g__Bacteroides;s__Bacteroides_uniformis	k__Bacteria;p__Bacteroidetes;c__Bacteroidia;o__Bacteroidales;f__Rikenellaceae;g__Alistipes;s__Alistipes_putredinis	k__Bacteria;p__Bacteroidetes;c__Bacteroidia;o__Bacteroidales;f__Prevotellaceae;g__Prevotella;s__Prevotella_copri	k__Bacteria;p__Bacteroidetes;c__Bacteroidia;o__Bacteroidales;f__Bacteroidaceae;g__Bacteroides;s__Bacteroides_stercoris	k__Bacteria;p__Bacteroidetes;c__Bacteroidia;o__Bacteroidales;f__Bacteroidaceae;g__Bacteroides;s__Bacteroides_ovatus	k__Bacteria;p__Bacteroidetes;c__Bacteroidia;o__Bacteroidales;f__Rikenellaceae;g__Alistipes;s__Alistipes_shahii	k__Bacteria;p__Firmicutes;c__Clostridia;o__Clostridiales;f__Ruminococcaceae;g__Faecalibacterium;s__Faecalibacterium_prausnitzii	k__Bacteria;p__Bacteroidetes;c__Bacteroidia;o__Bacteroidales;f__Rikenellaceae;g__Alistipes;s__Alistipes_finegoldii	k__Bacteria;p__Bacteroidetes;c__Bacteroidia;o__Bacteroidales;f__Porphyromonadaceae;g__Parabacteroides;s__Parabacteroides_distasonis	k__Bacteria;p__Bacteroidetes;c__Bacteroidia;o__Bacteroidales;f__Bacteroidaceae;g__Bacteroides;s__Bacteroides_thetaiotaomicron	k__Bacteria;p__Bacteroidetes;c__Bacteroidia;o__Bacteroidales;f__Bacteroidaceae;g__Bacteroides;s__Bacteroides_coprocola	k__Bacteria;p__Bacteroidetes;c__Bacteroidia;o__Bacteroidales;f__Bacteroidaceae;g__Bacteroides;s__Bacteroides_cellulosilyticus	k__Bacteria;p__Bacteroidetes;c__Bacteroidia;o__Bacteroidales;f__Rikenellaceae;g__Alistipes;s__Alistipes_obesi	k__Bacteria;p__Firmicutes;c__Clostridia;o__Clostridiales;f__Lachnospiraceae;g__;s__[Eubacterium]_rectale	k__Bacteria;p__Bacteroidetes;c__Bacteroidia;o__Bacteroidales;f__Bacteroidaceae;g__Bacteroides;s__Bacteroides_plebeius	k__Bacteria;p__Bacteroidetes;c__Bacteroidia;o__Bacteroidales;f__Bacteroidaceae;g__Bacteroides;s__Bacteroides_fragilis	k__Bacteria;p__Proteobacteria;c__Betaproteobacteria;o__Burkholderiales;f__Sutterellaceae;g__Sutterella;s__Sutterella_wadsworthensis	k__Bacteria;p__Bacteroidetes;c__Bacteroidia;o__Bacteroidales;f__Porphyromonadaceae;g__Barnesiella;s__Barnesiella_intestinihominis	k__Bacteria;p__Bacteroidetes;c__Bacteroidia;o__Bacteroidales;f__Odoribacteraceae;g__Odoribacter;s__Odoribacter_splanchnicus	k__Bacteria;p__Bacteroidetes;c__Bacteroidia;o__Bacteroidales;f__Bacteroidaceae;g__Bacteroides;s__Bacteroides_salyersiae	k__Bacteria;p__Firmicutes;c__Clostridia;o__Clostridiales;f__Ruminococcaceae;g__Ruminiclostridium;s__[Eubacterium]_siraeum	k__Bacteria;p__Proteobacteria;c__Betaproteobacteria;o__Burkholderiales;f__Sutterellaceae;g__Parasutterella;s__Parasutterella_excrementihominis	k__Bacteria;p__Actinobacteria;c__Actinobacteria;o__Bifidobacteriales;f__Bifidobacteriaceae;g__Bifidobacterium;s__Bifidobacterium_adolescentis	k__Bacteria;p__Firmicutes;c__Clostridia;o__Clostridiales;f__Oscillospiraceae;g__Oscillibacter;s__Oscillibacter_sp._KLE_1745	k__Bacteria;p__Bacteroidetes;c__Bacteroidia;o__Bacteroidales;f__Bacteroidaceae;g__Bacteroides;s__Bacteroides_coprophilus	k__Bacteria;p__Firmicutes;c__Clostridia;o__Clostridiales;f__Lachnospiraceae;g__Roseburia;s__Roseburia_intestinalis	k__Bacteria;p__Firmicutes;c__Clostridia;o__Clostridiales;f__Lachnospiraceae;g__Roseburia;s__Roseburia_hominis	k__Bacteria;p__Bacteroidetes;c__Bacteroidia;o__Bacteroidales;f__Porphyromonadaceae;g__Parabacteroides;s__Parabacteroides_johnsonii	k__Bacteria;p__Actinobacteria;c__Actinobacteria;o__Bifidobacteriales;f__Bifidobacteriaceae;g__Bifidobacterium;s__Bifidobacterium_longum	k__Bacteria;p__Firmicutes;c__Clostridia;o__Clostridiales;f__;g__Flavonifractor;s__Flavonifractor_plautii	k__Bacteria;p__Firmicutes;c__Clostridia;o__Clostridiales;f__Clostridiaceae;g__Clostridium;s__Clostridium_phoceensis	k__Bacteria;p__Verrucomicrobia;c__Verrucomicrobiae;o__Verrucomicrobiales;f__Akkermansiaceae;g__Akkermansia;s__Akkermansia_muciniphila	k__Bacteria;p__Bacteroidetes;c__Bacteroidia;o__Bacteroidales;f__Prevotellaceae;g__Paraprevotella;s__Paraprevotella_xylaniphila	k__Bacteria;p__Firmicutes;c__Clostridia;o__Clostridiales;f__Ruminococcaceae;g__Ruminococcus;s__Ruminococcus_callidus	k__Bacteria;p__Bacteroidetes;c__Bacteroidia;o__Bacteroidales;f__Rikenellaceae;g__Alistipes;s__Alistipes_senegalensis	k__Bacteria;p__Firmicutes;c__Clostridia;o__Clostridiales;f__Lachnospiraceae;g__Blautia;s__Blautia_sp._KLE_1732	k__Bacteria;p__Bacteroidetes;c__Bacteroidia;o__Bacteroidales;f__Bacteroidaceae;g__Bacteroides;s__Bacteroides_oleiciplenus	k__Bacteria;p__Firmicutes;c__Clostridia;o__Clostridiales;f__Ruminococcaceae;g__Ruminococcus;s__Ruminococcus_bicirculans	k__Bacteria;p__Bacteroidetes;c__Bacteroidia;o__Bacteroidales;f__Bacteroidaceae;g__Bacteroides;s__Bacteroides_fluxus	k__Bacteria;p__Bacteroidetes;c__Bacteroidia;o__Bacteroidales;f__Prevotellaceae;g__Prevotella;s__Prevotella_stercorea	k__Bacteria;p__Firmicutes;c__Clostridia;o__Clostridiales;f__Lachnospiraceae;g__Dorea;s__Dorea_longicatena	k__Bacteria;p__Firmicutes;c__Clostridia;o__Clostridiales;f__Eubacteriaceae;g__Eubacterium;s__[Eubacterium]_eligens	k__Bacteria;p__Firmicutes;c__Clostridia;o__Clostridiales;f__Ruminococcaceae;g__;s__Ruminococcaceae_bacterium_D16	k__Bacteria;p__Firmicutes;c__Clostridia;o__Clostridiales;f__Lachnospiraceae;g__Coprococcus;s__Coprococcus_comes	k__Bacteria;p__Proteobacteria;c__Gammaproteobacteria;o__Enterobacterales;f__Enterobacteriaceae;g__Escherichia;s__Escherichia_coli	k__Bacteria;p__Firmicutes;c__Clostridia;o__Clostridiales;f__Ruminococcaceae;g__Anaerotruncus;s__Anaerotruncus_colihominis	k__Bacteria;p__Firmicutes;c__Clostridia;o__Clostridiales;f__Lachnospiraceae;g__Blautia;s__Blautia_obeum	k__Bacteria;p__Bacteroidetes;c__Bacteroidia;o__Bacteroidales;f__Odoribacteraceae;g__Odoribacter;s__Odoribacter_laneus	k__Bacteria;p__Firmicutes;c__Clostridia;o__Clostridiales;f__Ruminococcaceae;g__Ruminiclostridium;s__[Clostridium]_leptum	k__Bacteria;p__Bacteroidetes;c__Bacteroidia;o__Bacteroidales;f__Porphyromonadaceae;g__Parabacteroides;s__Parabacteroides_goldsteinii	k__Bacteria;p__Firmicutes;c__Clostridia;o__Clostridiales;f__Lachnospiraceae;g__Anaerostipes;s__Anaerostipes_hadrus	k__Bacteria;p__Firmicutes;c__Clostridia;o__Clostridiales;f__Ruminococcaceae;g__Ruminococcus;s__Ruminococcus_lactaris	k__Bacteria;p__Firmicutes;c__Clostridia;o__Clostridiales;f__Clostridiaceae;g__Clostridium;s__Clostridium_sp._L2-50	k__Bacteria;p__Firmicutes;c__Clostridia;o__Clostridiales;f__Clostridiaceae;g__Clostridium;s__Clostridium_sp._M62/1	k__Bacteria;p__Firmicutes;c__Clostridia;o__Clostridiales;f__;g__Intestinimonas;s__Intestinimonas_butyriciproducens	k__Bacteria;p__Actinobacteria;c__Actinobacteria;o__Bifidobacteriales;f__Bifidobacteriaceae;g__Bifidobacterium;s__Bifidobacterium_bifidum	k__Bacteria;p__Firmicutes;c__Negativicutes;o__Veillonellales;f__Veillonellaceae;g__Dialister;s__Dialister_invisus	k__Bacteria;p__Bacteroidetes;c__Bacteroidia;o__Bacteroidales;f__Bacteroidaceae;g__Bacteroides;s__Bacteroides_salanitronis
k__Bacteria;p__Bacteroidetes;c__Bacteroidia;o__Bacteroidales;f__Bacteroidaceae;g__Bacteroides;s__Bacteroides_vulgatus	1.0	-0.00138396783368	-0.0123833114278	0.0160353283372	-0.0289607418244	0.0107409215802	-0.0306592658666	0.0112039124115	-0.0108496236975	0.0255377620336	-0.0342605333417	-0.00520126878574	0.0146104832049	0.0136634381784	-0.0270976906393	0.0725488834033	0.0449473277035	-0.0336402414362	-0.0257986328192	-0.0340418998949	-0.0256186724402	-0.0150195916016	-0.0387766370834	0.0525738740244	-0.0101740381337	-0.0201839092394	-0.0495474152703	0.0291089231943	-0.058176131324	0.0799331570909	0.0313643423558	-0.0493992424068	-0.0442550082766	-0.0415493755776	0.00222968284567	0.00491776124643	-0.0169323999566	0.0141338302567	0.0735958019197	0.0169879145051	0.00571627767482	0.000511157498853	0.00191480551559	-0.0470191037429	0.066272425849	0.0104501107294	-0.0520495441237	0.0386358644402	-0.00359805265247	-0.00873742825665	-0.0195831499696	0.0309905048717	-0.0486173577085	-0.100613240415	-0.0526898397551	-0.0580077797844	-0.0214128352163	-0.0201965779475	0.0467295595765
k__Bacteria;p__Bacteroidetes;c__Bacteroidia;o__Bacteroidales;f__Bacteroidaceae;g__Bacteroides;s__Bacteroides_uniformis	-0.00138396783368	1.0	-0.0175912097512	-0.00139172218314	0.00290581605634	0.0441797685929	-0.0180678000382	-0.0127006082843	0.032326547212	-0.00509134997951	0.0171746820368	-0.0405889236956	-0.0136937398997	-0.00199741323657	-0.0442285562115	-0.0641253341791	0.0332517592708	0.0181561831701	-0.0149239683831	-0.0508514128479	0.00606075110175	0.021482167085	-0.0165372464725	0.0025442769705	-0.0292841510118	-0.0101028351905	-0.0412527454209	-0.056007330824	0.0165582621991	-0.0420920286354	0.0280256734718	-0.0131435673609	0.0185872960052	0.0321199678331	-0.042232324289	0.036418012239	0.00323666622476	-0.0115426642756	-0.0447573824342	0.0584426518644	-0.0284604607464	-0.00574669382453	0.0218151733486	0.0737949890764	-0.0199728281526	-0.0312069124091	-0.0073698211915	-0.022052744333	-0.0228212213278	0.0090817442414	0.02566282076	-0.0518578835763	0.00279302222968	-0.0165507417149	0.0619379002939	0.03928506164	-0.0369562464658	0.0187690454757	-0.0155746478984
k__Bacteria;p__Bacteroidetes;c__Bacteroidia;o__Bacteroidales;f__Rikenellaceae;g__Alistipes;s__Alistipes_putredinis	-0.0123833114278	-0.0175912097512	1.0	-0.0688009845904	-0.0707708249351	0.0378816986964	0.00612476159084	-0.0318661781016	-0.0746264226512	-0.0201116214835	0.039192175182	-0.0344471233567	-0.0236768504377	-0.0705889806468	0.0637145549273	0.018535733736	0.0735983267151	-0.0617430877262	-0.0465567376639	0.0143850309182	-0.0329570012143	-0.00689218592309	-0.00142823071358	-0.0204313242119	-0.106935877362	0.0227339183905	-0.0109737661847	-0.0762871954006	-0.0185966531687	-0.0630053620162	0.0240350519946	-0.0112658401184	-0.0348140430393	0.0144273925369	0.0611851108232	-0.00898444365848	-0.0512021798429	0.0616625808893	-0.0273859252859	-0.0189823034661	0.00404293346063	0.00480947268277	0.00944921662625	-0.0241735750431	-0.0681055779249	-0.00815619742377	-0.0289055705393	-0.0370998778029	-0.0149713306248	-0.00285981500795	-0.0781691034511	-0.0120754347151	0.0558898381459	-0.0463407590988	-0.0392404202063	-0.00617326054899	-0.0238314417072	0.0421529121506	0.00434486342077
k__Bacteria;p__Bacteroidetes;c__Bacteroidia;o__Bacteroidales;f__Prevotellaceae;g__Prevotella;s__Prevotella_copri	0.0160353283372	-0.00139172218314	-0.0688009845904	1.0	-0.0103984133188	-0.00568854255607	0.0657178747769	0.0134785064275	-0.0637474476093	-0.0672368870563	-0.03959472038	-0.033816393328	0.0163799290933	0.031817761314	-0.051390413065	-0.0114735484449	-0.0433712282909	0.0587986522546	0.000620825994417	0.0307927704895	-0.0344269476962	0.0256263216654	0.0200115419704	-0.0208189158773	-0.0352375697639	0.0410089606273	0.0475357367908	-0.0320041364793	0.0528804388346	-0.000448150414973	-0.0724664535568	0.0073075369605	0.0189466681481	0.00984811988301	-0.0210168197086	-0.0402730233442	-0.0249093174625	0.0205869826505	-0.000112633259664	-0.000148483738153	-0.0289057964019	-0.0196376976885	0.0597837463472	-0.0336779841342	-0.0537024736824	-0.00876124381652	-0.0451629136308	0.0340114379751	0.0226404883042	-0.016288213623	-0.0093617252779	0.0343561940275	-0.0280345901534	-0.0597109745606	-0.0268951378235	-0.0139321697982	0.0384838770607	-0.0520628449477	-0.0188907142283
k__Bacteria;p__Bacteroidetes;c__Bacteroidia;o__Bacteroidales;f__Bacteroidaceae;g__Bacteroides;s__Bacteroides_stercoris	-0.0289607418244	0.00290581605634	-0.0707708249351	-0.0103984133188	1.0	-0.0203446772703	-0.0135575810822	0.000124743582637	-0.0492898317592	0.0535327909073	-0.00256993997753	-0.00407663832242	-0.0368950160259	-0.0420622980266	-0.0146863158292	-0.0584448912417	0.00728279933705	0.0170571108258	-0.060862681641	0.0246712955451	0.00447172332468	0.0182074830125	-0.05173451687	0.0327373639317	0.00512827981004	-0.00735096474837	-0.0453686349962	0.0211723743349	-0.0432654910813	-0.0755932734709	-0.0760765853688	-0.0144829046877	-0.029961436363	0.0308091621743	-0.00621074481533	0.0520467594057	-0.0266181360939	-0.0332157020255	0.0354181802693	-0.0646157668521	-0.0089516316634	0.0303344687283	-0.0491585754274	0.00334874734355	-0.0260758364402	0.00347502784826	0.0562181319517	0.0470695366381	0.0108112403353	0.0263852274453	-0.00181568127385	-0.0679555383833	-0.0213825569756	0.0426710384557	-0.062675509263	-0.0380826947119	0.016233518444	-0.077327368017	-0.0422232301613
k__Bacteria;p__Bacteroidetes;c__Bacteroidia;o__Bacteroidales;f__Bacteroidaceae;g__Bacteroides;s__Bacteroides_ovatus	0.0107409215802	0.0441797685929	0.0378816986964	-0.00568854255607	-0.0203446772703	1.0	-0.0665212297462	-0.0198276973083	-0.0223224692469	-0.0357523320164	-0.0215676144975	-0.0622511259164	-0.0455677262462	0.0274158159331	0.0394463184902	-0.000427738926166	-0.00986879758803	-0.0446241699374	0.0347678210649	-0.0261904775959	-0.0291888653321	-0.0103943258802	-0.0604796363014	0.0188024388584	-0.0055180720407	0.0675767563419	-0.027925922014	0.041868463145	-0.0394749184781	0.0162533367101	-0.0370364813936	0.0469983016979	0.0612423087842	-0.0402119533599	-0.0814690958239	0.00501841437102	0.0585485202403	-0.050806589199	0.0182980715848	-0.0645279118171	-0.0299061345345	0.0843562914314	-0.0326435568169	0.0397198788152	-0.0150304604034	0.0349587543066	0.0292537176977	0.00503186014639	-0.0153505987002	-0.0255121569134	0.0442609459534	-0.0656449984569	0.0320767429772	-0.0208481945613	-0.00144106037953	0.0111833975034	-0.0522147205284	-0.0256898465719	-0.0725206470029
k__Bacteria;p__Bacteroidetes;c__Bacteroidia;o__Bacteroidales;f__Rikenellaceae;g__Alistipes;s__Alistipes_shahii	-0.0306592658666	-0.0180678000382	0.00612476159084	0.0657178747769	-0.0135575810822	-0.0665212297462	1.0	0.0329136933804	-0.0319599146249	-0.0119574614611	-0.040440125317	-0.0770790596728	0.0220613321772	0.0648617985914	-0.0864323426433	-0.00648433713411	0.0494176378599	0.0576453606517	-0.024838299994	0.0477323805887	-0.011455704888	-0.0149498136377	-0.0323183331625	-0.0819143467316	-0.0219859389579	-0.0176365508538	0.0229355872258	0.000641464688315	0.00440597133799	0.0458589601924	-0.0289940643388	-0.0287134615617	-0.0168759812077	-0.0115722363712	-0.0405327461739	-0.00590376908137	-0.0883502841212	-0.0228180800998	0.0090341863	0.0580197005883	-0.00278816037663	-0.0702440350905	-0.00874653697604	0.00197149932464	-0.0781996592628	-0.0552374227593	0.0257025675818	-0.0164158822134	0.0102357592988	-0.0190662662649	0.023372910277	-0.0318383554128	0.0160861112618	-0.0249546967375	-0.0148505212415	-0.020215038871	0.00799289048172	0.0294639464589	0.0286156396029
k__Bacteria;p__Firmicutes;c__Clostridia;o__Clostridiales;f__Ruminococcaceae;g__Faecalibacterium;s__Faecalibacterium_prausnitzii	0.0112039124115	-0.0127006082843	-0.0318661781016	0.0134785064275	0.000124743582637	-0.0198276973083	0.0329136933804	1.0	-0.0694477891134	-0.0334370651869	-0.0990183163832	0.0252850162019	-0.03653698486	0.0320307779393	0.0206412756274	0.010819313666	-0.0528139525474	0.00684600800393	0.000162639583954	-0.0408875877886	0.0128782708993	-0.00495046068293	-0.0421423646274	0.0690576575414	-0.0287188809408	-0.0357820048173	0.0481034244233	-0.026450995916	0.024724464019	0.023368371461	-0.0297987512895	0.000934142096401	-0.0776103796042	-0.000873563366086	0.0677083066258	-0.0294856608428	-0.0339082574917	-0.017100879539	0.00274734543816	-0.00381516336584	-0.0154369069368	-0.0819735357382	0.0148961177373	-0.0437656071477	0.035336812472	-0.0321172476594	0.017415852589	-0.0247832944872	-0.0302762168534	0.0167311105752	0.0109857494272	-0.0715455376359	-0.00565467141035	-0.071587616127	-0.000238637235742	-0.00877705404863	-0.0007310437045	0.0137295872677	-0.00772416180184
k__Bacteria;p__Bacteroidetes;c__Bacteroidia;o__Bacteroidales;f__Rikenellaceae;g__Alistipes;s__Alistipes_finegoldii	-0.0108496236975	0.032326547212	-0.0746264226512	-0.0637474476093	-0.0492898317592	-0.0223224692469	-0.0319599146249	-0.0694477891134	1.0	0.00418939430346	0.0371163588878	-0.0224767647523	0.0329372703977	0.0281700315104	-0.0631636285072	0.0359052127333	-0.0369420390842	0.000804687344699	0.0368049619094	-0.0656439138624	0.0299776481833	-0.00905516845074	0.00269540472023	-0.082652945372	-0.0515887074179	-0.00181698752259	-0.0207270693532	-0.00491175877643	0.0125404223067	-0.00487034821756	-0.081636758761	-0.0149724608814	-0.0594953291841	0.0427440095587	0.0603060639462	-0.00710608450665	-0.018399713512	-0.0240441875061	-0.0337312513751	0.0460952103317	-0.0164932050921	-0.0375002230891	-0.0227410906124	-0.0133119868658	0.0563371900214	-0.044491230686	-0.0418841325101	0.00492306360077	0.0173530113272	-0.0156191241108	-0.0583227247747	-0.047904906913	0.00301862764447	-0.021648780506	-0.0694183929465	0.00150917588111	0.0240021509504	-0.0325002946927	0.0132468145814
k__Bacteria;p__Bacteroidetes;c__Bacteroidia;o__Bacteroidales;f__Porphyromonadaceae;g__Parabacteroides;s__Parabacteroides_distasonis	0.0255377620336	-0.00509134997951	-0.0201116214835	-0.0672368870563	0.0535327909073	-0.0357523320164	-0.0119574614611	-0.0334370651869	0.00418939430346	1.0	-0.00397615583384	0.0032831548529	-0.00205346914309	-0.05159466686	0.0613003127559	0.00945033026862	-0.056055914725	-0.00135691251394	-0.0169503300051	0.00352156187454	-0.0196227391972	-0.0488856883682	0.0028456962085	0.0245500770929	-0.00814441487965	-0.0291270178551	0.0358278309639	-0.0581609548288	-0.0592734790167	0.0311447844373	-0.0219116005903	0.00558591411475	0.089750392966	-0.0524117802093	0.0213609412833	0.00371530292074	-0.00729646330881	0.00490617303151	-0.00490335642688	-0.0125837634695	0.0138859969101	-0.0237526309013	-0.0747771334545	-0.00894647195164	0.0305807249053	0.0508888020823	-0.011892906449	0.0281768997573	0.000819190836716	0.00117695510211	-0.013570863342	0.00770377552833	-0.040299366783	-0.0290092235654	-0.0140400441263	0.036119876479	0.00142630723603	-0.0119521426371	0.0339717119189
k__Bacteria;p__Bacteroidetes;c__Bacteroidia;o__Bacteroidales;f__Bacteroidaceae;g__Bacteroides;s__Bacteroides_thetaiotaomicron	-0.0342605333417	0.0171746820368	0.039192175182	-0.03959472038	-0.00256993997753	-0.0215676144975	-0.040440125317	-0.0990183163832	0.0371163588878	-0.00397615583384	1.0	-0.0118938434277	-0.042207276197	0.0292035784353	-0.100355635677	0.0780195900321	-0.0390425874601	-0.0510384850577	-0.016867198666	-0.0048143748377	-0.0197417113193	0.0171711848442	0.0234753707738	-0.0720301018895	-0.0308803728829	0.0338415838115	-0.0576462145185	-0.0242608704943	0.0325189029066	0.0434864645618	-0.0230500620349	-0.00235546671337	-0.0327319762947	0.0894135214161	0.0390789540349	-0.0555556799927	-0.0112668766804	-0.00254085575689	-0.00692212522336	-0.0263534931479	0.0144526414724	0.0164459238535	0.0178526434109	0.00707426576071	0.0152112875683	0.0333796432348	-0.000270581298853	-0.0428067368904	-0.0130161161063	-0.0373654989304	-0.0739999810316	0.0916978312501	-0.0209441359403	-0.0205331030186	0.0255956360705	-0.0805367668242	0.0367282387311	-0.0114465400099	-0.0321305133395
k__Bacteria;p__Bacteroidetes;c__Bacteroidia;o__Bacteroidales;f__Bacteroidaceae;g__Bacteroides;s__Bacteroides_coprocola	-0.00520126878574	-0.0405889236956	-0.0344471233567	-0.033816393328	-0.00407663832242	-0.0622511259164	-0.0770790596728	0.0252850162019	-0.0224767647523	0.0032831548529	-0.0118938434277	1.0	0.00453172979868	0.0860870957621	-0.0386188979537	-0.102269053989	0.0355638789362	-0.00981380768547	0.0650862866057	0.0164173175173	-0.0339797814123	-0.00726980750727	-0.0464615937942	0.0391892469231	0.014974010497	0.00174541847466	-0.0279269862892	-0.00993754738921	-0.0566827066572	0.00248719546724	0.0435627690236	0.00110950776749	-0.0338054626163	0.0488557799075	0.0435880073181	0.0109127359486	0.00223928574578	0.0779788276708	-0.000625258980723	-0.0692294959199	0.0242686798824	-0.068857567281	-0.0231495097536	-0.02833201661	-0.00226398410316	-0.0346394083951	0.00144459713917	-0.0156887025099	-0.0314471302965	-0.0470726985953	0.00130162614343	-0.0193219585537	-0.0378147357988	-0.0133906251584	0.0356754815542	-0.0212722027463	0.00301255644726	-0.0460807270593	-0.0244661516963
k__Bacteria;p__Bacteroidetes;c__Bacteroidia;o__Bacteroidales;f__Bacteroidaceae;g__Bacteroides;s__Bacteroides_cellulosilyticus	0.0146104832049	-0.0136937398997	-0.0236768504377	0.0163799290933	-0.0368950160259	-0.0455677262462	0.0220613321772	-0.03653698486	0.0329372703977	-0.00205346914309	-0.042207276197	0.00453172979868	1.0	0.0239317453377	-0.0167786513029	-0.028606715053	0.0494033802676	-0.0354943377785	-0.00716040252133	0.021759432519	-0.00864353345857	-0.00837790435266	0.0267876794854	-0.00479927945943	-0.0223787774853	-0.0171287728772	0.0467699044629	-0.0199025237575	-0.0506749493602	0.0298467189101	-0.0127057232312	-0.0271583671743	-0.0461784014516	0.00608567029247	-0.035280960716	-0.0281558699957	-0.0693070892142	0.00176068237818	0.0099729681086	0.0203801410993	-0.00185406230108	0.0167131731347	0.0112081596673	0.000766738536865	0.0259436401949	-0.0619743829677	-0.0169480900939	-0.0220608994062	0.0259286216911	-0.0145380783544	-0.00229913382179	0.0294800567931	0.0391883063393	0.0303463992859	0.00140629657841	-0.00125610996981	0.0185276317876	-0.0807570678935	0.0206583914493
k__Bacteria;p__Bacteroidetes;c__Bacteroidia;o__Bacteroidales;f__Rikenellaceae;g__Alistipes;s__Alistipes_obesi	0.0136634381784	-0.00199741323657	-0.0705889806468	0.031817761314	-0.0420622980266	0.0274158159331	0.0648617985914	0.0320307779393	0.0281700315104	-0.05159466686	0.0292035784353	0.0860870957621	0.0239317453377	1.0	-0.0259560497219	0.00503512355157	0.0136504232159	-0.0266300048793	-0.0301902777589	0.0221800101757	0.0139676409498	0.0356431398081	-0.0109463279577	0.069758751462	0.0190247763463	0.047057276788	-0.0279909017942	-0.0493430119956	-0.00724847192908	-0.0481783117636	0.0440793887118	-0.0599314457003	0.000722843594613	-0.0533933763161	0.0378114523529	0.0282620519305	-0.071425961364	-0.0313922220524	-0.0296428834713	-0.0527405729424	-0.0405388906603	0.0154201222899	-0.0225400930472	0.0175677706081	-0.0370116476582	-0.032932695078	-0.0602077152171	-0.0411456278038	-0.0127920669494	-0.0472182141658	0.0551093245666	-0.0105904155851	-0.037721503234	-0.00787894209546	0.0269468660071	0.0170392644979	-0.0538900040411	0.0343602604809	-0.00927469215048
k__Bacteria;p__Firmicutes;c__Clostridia;o__Clostridiales;f__Lachnospiraceae;g__;s__[Eubacterium]_rectale	-0.0270976906393	-0.0442285562115	0.0637145549273	-0.051390413065	-0.0146863158292	0.0394463184902	-0.0864323426433	0.0206412756274	-0.0631636285072	0.0613003127559	-0.100355635677	-0.0386188979537	-0.0167786513029	-0.0259560497219	1.0	0.0187382832359	-0.016495770065	-0.0592924213973	-0.00435207136733	-0.0188700247007	0.0196040789122	-0.00215303785972	0.00672487519826	0.00725407628857	-0.0154712401186	-0.0335133514694	-0.0364221652667	-0.0624066437897	-0.012488046999	-0.0224069590982	-0.0511695012201	0.0656279800164	0.0668836821959	0.0373177860163	-0.0267110185788	0.0478176829411	0.00789836904826	0.00696231314404	0.0147482790316	-0.0423909396747	0.0371556567663	0.00209609624294	0.0352193882602	0.0462492779452	-0.0254985494837	-0.0640996654702	-0.0325241684234	-0.0214775421184	-0.0535285043963	-0.0210486781448	-0.0492647377615	-0.0550465085466	-0.0125585416142	-0.00920951107997	-0.00569744254103	-0.0112601717213	-0.0413094310145	0.0762874220648	0.0226777480786
k__Bacteria;p__Bacteroidetes;c__Bacteroidia;o__Bacteroidales;f__Bacteroidaceae;g__Bacteroides;s__Bacteroides_plebeius	0.0725488834033	-0.0641253341791	0.018535733736	-0.0114735484449	-0.0584448912417	-0.000427738926166	-0.00648433713411	0.010819313666	0.0359052127333	0.00945033026862	0.0780195900321	-0.102269053989	-0.028606715053	0.00503512355157	0.0187382832359	1.0	0.00942467739667	0.00343524058727	-0.0628756634719	-0.0301381448477	-0.0646949637932	0.0100543734536	-0.0182555156944	-0.0139394695541	-0.0224033318604	-0.0526907331296	-0.0129540543299	-0.019636022541	-0.000778332143051	0.0152583522893	-0.0520747396397	-0.0569348299991	0.00768183452019	-0.0501063635512	0.00759681864439	-0.00491406982149	-0.0623578547362	-0.00176861429669	-0.00626583348885	0.0265725199614	0.0107696413468	-0.000389803891454	-0.0386827833974	0.0194509668335	-0.0446265381142	0.0441006635777	-0.0342922051353	0.00411611454672	-0.0303244450844	0.0361983361494	-0.0101685763024	0.00168044410001	0.0515687029811	0.0300051962055	0.0169577901608	-0.0550998113742	0.0263727152971	0.065590664583	0.0155327394073
k__Bacteria;p__Bacteroidetes;c__Bacteroidia;o__Bacteroidales;f__Bacteroidaceae;g__Bacteroides;s__Bacteroides_fragilis	0.0449473277035	0.0332517592708	0.0735983267151	-0.0433712282909	0.00728279933705	-0.00986879758803	0.0494176378599	-0.0528139525474	-0.0369420390842	-0.056055914725	-0.0390425874601	0.0355638789362	0.0494033802676	0.0136504232159	-0.016495770065	0.00942467739667	1.0	-0.0245487887554	-0.0725603020457	0.0655648927038	-0.0289845420408	-0.0318720940901	-0.00917173110053	0.0338719995004	-2.92079314609e-05	-0.0408641861807	-0.0340896762993	0.042854396689	0.0360150371017	-0.00605968849622	-0.0119644926369	-0.0090191135584	0.00288927999194	0.0130058464989	0.0256169157959	0.00102456568559	0.021857479626	0.0210689218345	-0.00530954290704	0.0316251378231	-0.0269141143397	-0.0183834600555	-0.0853285912023	-0.0287290447172	-0.0461059451986	-0.0141926909182	0.00258187377654	-0.0413256679148	-0.00784532276544	0.0442972339396	0.0515631180782	-0.0293584829097	-0.0119930348085	-0.0136804522133	0.0344865421884	0.0457242970808	0.0117976773411	-0.0553605713484	-0.0539867336168
k__Bacteria;p__Proteobacteria;c__Betaproteobacteria;o__Burkholderiales;f__Sutterellaceae;g__Sutterella;s__Sutterella_wadsworthensis	-0.0336402414362	0.0181561831701	-0.0617430877262	0.0587986522546	0.0170571108258	-0.0446241699374	0.0576453606517	0.00684600800393	0.000804687344699	-0.00135691251394	-0.0510384850577	-0.00981380768547	-0.0354943377785	-0.0266300048793	-0.0592924213973	0.00343524058727	-0.0245487887554	1.0	-0.0330990022966	0.0539278110399	-0.0530195448165	-0.0186226761981	0.0394170056647	-0.0317376310171	0.00286763831304	0.0210129290219	-0.0169843688518	-0.0472330469427	7.09185218945e-05	-0.0242342620111	-0.0276653924457	0.0214341215825	0.054314104528	-0.0444139055738	-0.0412205723461	-0.0280157584857	-0.0494809748156	0.0110264248877	-0.0138187384409	0.0213759524534	-0.0345977225373	-0.0518453314447	0.0238767680986	-0.0209705839694	-0.000326223127255	0.0062574825276	-0.0241588741863	-0.0671853823983	0.0167866606574	-0.0565269986294	-0.0387057378215	0.00702524101408	-0.0591937907337	-0.0374060657055	-0.0336770393618	0.0328983942233	0.02057799961	-0.0447667237198	-0.000677831358865
k__Bacteria;p__Bacteroidetes;c__Bacteroidia;o__Bacteroidales;f__Porphyromonadaceae;g__Barnesiella;s__Barnesiella_intestinihominis	-0.0257986328192	-0.0149239683831	-0.0465567376639	0.000620825994417	-0.060862681641	0.0347678210649	-0.024838299994	0.000162639583954	0.0368049619094	-0.0169503300051	-0.016867198666	0.0650862866057	-0.00716040252133	-0.0301902777589	-0.00435207136733	-0.0628756634719	-0.0725603020457	-0.0330990022966	1.0	0.0383401735869	-0.0688904050125	-0.0492476267705	-0.0347918348471	0.0775218691528	-0.0466416037162	-0.00656706553766	-0.00198938436917	-0.0237524174632	-0.0372172363761	0.0334144930642	-0.0151033332558	0.0451335546244	0.0236534037218	-0.0220465598943	-0.0126639800922	-0.00542572537434	-0.0160686242175	0.0398290969935	0.00171215215047	0.0173928310067	-0.0365376715936	-0.0481518706782	-0.0399582162999	-0.0233318305348	0.0884073510093	-0.00215313961377	0.0168643435429	-0.0540304427356	0.00319675746233	-0.00907221963844	0.0303909487183	-0.0176221105376	-0.0208483779794	0.00430359029863	-0.0665720081079	-0.0323422599808	-0.0133677740326	-0.00156379891912	0.0546750893176
k__Bacteria;p__Bacteroidetes;c__Bacteroidia;o__Bacteroidales;f__Odoribacteraceae;g__Odoribacter;s__Odoribacter_splanchnicus	-0.0340418998949	-0.0508514128479	0.0143850309182	0.0307927704895	0.0246712955451	-0.0261904775959	0.0477323805887	-0.0408875877886	-0.0656439138624	0.00352156187454	-0.0048143748377	0.0164173175173	0.021759432519	0.0221800101757	-0.0188700247007	-0.0301381448477	0.0655648927038	0.0539278110399	0.0383401735869	1.0	-0.00128528859718	0.000647912302217	-0.0410841623385	0.0457810901363	0.0256017671664	-0.0330424288704	0.0151585905932	-0.0433615450077	0.0193642970534	-0.0184950142497	-0.0798262151372	-0.0187007258126	0.00920724294306	0.0194186401898	-0.0347596830238	-0.00439260420844	-0.0155418098501	-0.0628498215371	0.0314632551595	0.03398739788	0.0439675833545	-0.00911852115126	-0.0274826951235	0.00948488945459	-0.00872755544424	0.0108282872251	0.0047962679863	-0.0143083256814	0.00748791381957	0.00890705005981	0.00684657876832	0.00798498111416	-0.0176230007214	0.031375459036	-0.0236728976098	-0.00770392251237	-0.0310982915151	-0.0715790748177	0.0225164318415
k__Bacteria;p__Bacteroidetes;c__Bacteroidia;o__Bacteroidales;f__Bacteroidaceae;g__Bacteroides;s__Bacteroides_salyersiae	-0.0256186724402	0.00606075110175	-0.0329570012143	-0.0344269476962	0.00447172332468	-0.0291888653321	-0.011455704888	0.0128782708993	0.0299776481833	-0.0196227391972	-0.0197417113193	-0.0339797814123	-0.00864353345857	0.0139676409498	0.0196040789122	-0.0646949637932	-0.0289845420408	-0.0530195448165	-0.0688904050125	-0.00128528859718	1.0	-0.0206482880834	0.0383683421395	-0.025367122453	-0.0137804492501	-0.0459531170996	-0.0191174594148	-0.035019842363	0.0483743067418	-0.063381329545	0.0145873711851	0.0557135506028	-0.0234255827833	-0.0155589837223	0.0424267194488	0.0397628610504	0.0117937077554	-0.0508305615187	-0.0156751664154	0.0152812692416	-0.0242159826768	0.00368023564637	-0.0446219853579	-0.0111941490605	-0.0138887418261	0.049459450078	-0.0627064560918	0.0451721678218	-0.0633546550019	-0.0223939818674	-0.053427506512	-0.0180883384125	-0.0137404957653	0.0043670518686	-0.0114731264925	0.000643287559473	-0.0269931554275	-0.0252007310573	-0.0268511052976
k__Bacteria;p__Firmicutes;c__Clostridia;o__Clostridiales;f__Ruminococcaceae;g__Ruminiclostridium;s__[Eubacterium]_siraeum	-0.0150195916016	0.021482167085	-0.00689218592309	0.0256263216654	0.0182074830125	-0.0103943258802	-0.0149498136377	-0.00495046068293	-0.00905516845074	-0.0488856883682	0.0171711848442	-0.00726980750727	-0.00837790435266	0.0356431398081	-0.00215303785972	0.0100543734536	-0.0318720940901	-0.0186226761981	-0.0492476267705	0.000647912302217	-0.0206482880834	1.0	-0.0338117175607	0.0187219628492	-0.0327283949651	-0.00683038365488	-0.00722170771805	-0.00227048811479	-0.0365956589795	-0.0488183680324	0.0234926467006	0.0454808707043	-0.0078854130718	0.10988066868	0.0785232345296	-0.0230180979892	0.00955268154284	0.0508369983324	0.0347263205659	-0.0531374076118	-0.0285880214423	-0.0156924840542	-0.0200690545959	0.0301502657725	-0.00655851749627	-0.0429575071764	0.00369335349004	-0.0618192881906	0.0210758906054	0.0607880004621	0.0235873067124	-0.053780335889	-0.0564467982591	-0.0541417221629	-0.00565610896495	-0.0979116343509	-0.0195865675347	-0.0704340454098	0.0260864577951
k__Bacteria;p__Proteobacteria;c__Betaproteobacteria;o__Burkholderiales;f__Sutterellaceae;g__Parasutterella;s__Parasutterella_excrementihominis	-0.0387766370834	-0.0165372464725	-0.00142823071358	0.0200115419704	-0.05173451687	-0.0604796363014	-0.0323183331625	-0.0421423646274	0.00269540472023	0.0028456962085	0.0234753707738	-0.0464615937942	0.0267876794854	-0.0109463279577	0.00672487519826	-0.0182555156944	-0.00917173110053	0.0394170056647	-0.0347918348471	-0.0410841623385	0.0383683421395	-0.0338117175607	1.0	-0.0588694896184	0.0482067140917	-0.0295078766297	-0.0759390194617	-0.0191839333902	-0.0304244815507	0.0521002375338	0.00836592222167	-0.0222266576847	-0.0117418697654	-0.0210949091126	-0.0280047584767	0.00819719735552	0.0260482711108	-0.0268564588189	-0.0962209328743	0.0245959962319	-0.0520687313359	0.00198492155103	0.0355159572207	-0.0124241367696	0.00180742129506	0.0392078783259	-0.00591167234794	-0.0449319707796	-0.0112358642491	0.0458813154225	-0.0433048461436	0.0431071018822	-0.00391988218835	-0.00698779802878	-0.0695801528034	-0.0315215316263	-0.0154752201512	-0.0239196951528	-0.0444752085337
k__Bacteria;p__Actinobacteria;c__Actinobacteria;o__Bifidobacteriales;f__Bifidobacteriaceae;g__Bifidobacterium;s__Bifidobacterium_adolescentis	0.0525738740244	0.0025442769705	-0.0204313242119	-0.0208189158773	0.0327373639317	0.0188024388584	-0.0819143467316	0.0690576575414	-0.082652945372	0.0245500770929	-0.0720301018895	0.0391892469231	-0.00479927945943	0.069758751462	0.00725407628857	-0.0139394695541	0.0338719995004	-0.0317376310171	0.0775218691528	0.0457810901363	-0.025367122453	0.0187219628492	-0.0588694896184	1.0	0.018973513273	-0.0317277226607	-0.0255879924607	-0.0496187873953	-0.000545880808642	-0.0942121690476	-0.123111401296	-0.00333711544356	-0.0655378261997	0.0378776970084	-0.0218878963309	-0.0418631329229	0.023353558331	0.0189217281855	-0.00176274645556	-0.0158360564874	0.025280168318	0.0406861146342	-0.0401593709941	-0.0105160862837	0.0175184397665	-0.00988791904394	-0.0356264335551	0.00953408309882	-0.0384797584351	-0.0687780815161	-0.0254084936488	-0.0202454703584	0.0604983348269	0.0140255401796	-0.0593248994946	0.00450416100483	-0.0584432940608	0.0289978774131	-0.012796705188
k__Bacteria;p__Firmicutes;c__Clostridia;o__Clostridiales;f__Oscillospiraceae;g__Oscillibacter;s__Oscillibacter_sp._KLE_1745	-0.0101740381337	-0.0292841510118	-0.106935877362	-0.0352375697639	0.00512827981004	-0.0055180720407	-0.0219859389579	-0.0287188809408	-0.0515887074179	-0.00814441487965	-0.0308803728829	0.014974010497	-0.0223787774853	0.0190247763463	-0.0154712401186	-0.0224033318604	-2.92079314609e-05	0.00286763831304	-0.0466416037162	0.0256017671664	-0.0137804492501	-0.0327283949651	0.0482067140917	0.018973513273	1.0	-0.0468705328357	-0.0325978753092	-0.00822330591242	-0.0431498568319	0.0508059566914	-0.0247227198429	0.0232678398318	-0.055024744663	-0.012191384381	-0.0534778351627	0.0339383902528	0.00674077005818	-0.0332765740378	-0.0086264451901	-0.0244540368877	-0.0424458521825	-0.0498823530542	0.0114027404867	-0.0298321766086	-0.0406092703272	-0.0703254413497	0.0385537528913	-0.00218113584924	-0.0244783737111	-0.0142671611203	0.0378897731736	0.0316894290855	0.0381730912124	0.00993389828484	-0.0205093863421	-0.0160802441119	-0.0095591990291	0.0535681362932	0.0130264498207
k__Bacteria;p__Bacteroidetes;c__Bacteroidia;o__Bacteroidales;f__Bacteroidaceae;g__Bacteroides;s__Bacteroides_coprophilus	-0.0201839092394	-0.0101028351905	0.0227339183905	0.0410089606273	-0.00735096474837	0.0675767563419	-0.0176365508538	-0.0357820048173	-0.00181698752259	-0.0291270178551	0.0338415838115	0.00174541847466	-0.0171287728772	0.047057276788	-0.0335133514694	-0.0526907331296	-0.0408641861807	0.0210129290219	-0.00656706553766	-0.0330424288704	-0.0459531170996	-0.00683038365488	-0.0295078766297	-0.0317277226607	-0.0468705328357	1.0	0.00232749242232	0.0432764452497	0.00199850481376	-0.00530987329177	-0.0507291829383	-0.0366326551958	0.0296607890419	0.0412216511861	0.01749494814	-0.0368091736912	0.0731928865973	0.0256768025905	-0.0212663459453	0.0297282915376	-0.00417940055447	0.0395427491234	0.00612036121119	-0.0156458751228	-0.00373887802204	-0.0343397434097	0.0787756115413	-0.0142648136958	0.00961921117066	0.0788035205113	-0.0380204095265	0.0326895401264	-0.0133744226905	-0.0923374957059	-0.00205643041665	-0.0502477606148	-0.0014526527087	-0.0653327535679	-0.0480058025027
k__Bacteria;p__Firmicutes;c__Clostridia;o__Clostridiales;f__Lachnospiraceae;g__Roseburia;s__Roseburia_intestinalis	-0.0495474152703	-0.0412527454209	-0.0109737661847	0.0475357367908	-0.0453686349962	-0.027925922014	0.0229355872258	0.0481034244233	-0.0207270693532	0.0358278309639	-0.0576462145185	-0.0279269862892	0.0467699044629	-0.0279909017942	-0.0364221652667	-0.0129540543299	-0.0340896762993	-0.0169843688518	-0.00198938436917	0.0151585905932	-0.0191174594148	-0.00722170771805	-0.0759390194617	-0.0255879924607	-0.0325978753092	0.00232749242232	1.0	-0.0508966234161	0.0169521537295	0.0535066694342	0.0244020681078	0.0556538490395	-0.0659928057069	-0.0346740578091	0.000417234456347	-0.0342974238391	-0.0397878083912	0.0147750348018	0.028912843949	-0.017967475799	-0.0156969813071	0.00678070770771	-0.0471690397267	-0.0769623563949	-0.0215924959336	0.0262598350963	-0.0607540964228	-0.00533432557777	0.0155235733046	0.0319406499475	-0.00332433513726	0.0103064259574	0.0289625826432	0.0100316034628	0.0337867943806	-0.0297600161771	-0.0530347949789	-0.0602714418309	-0.012327567308
k__Bacteria;p__Firmicutes;c__Clostridia;o__Clostridiales;f__Lachnospiraceae;g__Roseburia;s__Roseburia_hominis	0.0291089231943	-0.056007330824	-0.0762871954006	-0.0320041364793	0.0211723743349	0.041868463145	0.000641464688315	-0.026450995916	-0.00491175877643	-0.0581609548288	-0.0242608704943	-0.00993754738921	-0.0199025237575	-0.0493430119956	-0.0624066437897	-0.019636022541	0.042854396689	-0.0472330469427	-0.0237524174632	-0.0433615450077	-0.035019842363	-0.00227048811479	-0.0191839333902	-0.0496187873953	-0.00822330591242	0.0432764452497	-0.0508966234161	1.0	-0.00520371407004	0.0314471555506	-0.0145354234582	-0.0228981192995	-0.0543277285811	0.0411413604105	0.00490185867066	0.0377700204362	0.0238337135293	0.0119940893304	-0.0379807111417	0.0162142282002	-0.0368079089763	0.00048375648187	0.00473698091166	0.00791489181438	0.00673823008234	0.0340177047169	-0.0309335086482	-0.0255658901834	0.000443618754478	-0.0287406630127	0.00882802197015	-0.0168331797421	-0.00861109610581	-0.00810312792088	0.0450307168539	-0.0581833447577	0.0294699290981	0.0587278561728	0.00102132842972
k__Bacteria;p__Bacteroidetes;c__Bacteroidia;o__Bacteroidales;f__Porphyromonadaceae;g__Parabacteroides;s__Parabacteroides_johnsonii	-0.058176131324	0.0165582621991	-0.0185966531687	0.0528804388346	-0.0432654910813	-0.0394749184781	0.00440597133799	0.024724464019	0.0125404223067	-0.0592734790167	0.0325189029066	-0.0566827066572	-0.0506749493602	-0.00724847192908	-0.012488046999	-0.000778332143051	0.0360150371017	7.09185218945e-05	-0.0372172363761	0.0193642970534	0.0483743067418	-0.0365956589795	-0.0304244815507	-0.000545880808642	-0.0431498568319	0.00199850481376	0.0169521537295	-0.00520371407004	1.0	-0.0267835388192	-0.0144463757158	0.0184458047906	-0.05168385724	0.000878486880806	-0.0339728045521	-0.0221890205306	0.0285348076756	0.0265066372598	-0.00441604125943	-0.0164827665691	-0.0127065151475	0.00567349508097	0.0123264111528	-0.0221981910251	0.00142641787681	-0.0220520766879	0.000845605752397	0.0349842675684	0.0410801716785	0.0217792322942	0.0189228146988	-0.0148814572781	-0.0289939926156	-0.0257908624001	0.0201975284143	-0.0360230164782	-0.0512432893783	-0.0510285189272	-0.0126526667847
k__Bacteria;p__Actinobacteria;c__Actinobacteria;o__Bifidobacteriales;f__Bifidobacteriaceae;g__Bifidobacterium;s__Bifidobacterium_longum	0.0799331570909	-0.0420920286354	-0.0630053620162	-0.000448150414973	-0.0755932734709	0.0162533367101	0.0458589601924	0.023368371461	-0.00487034821756	0.0311447844373	0.0434864645618	0.00248719546724	0.0298467189101	-0.0481783117636	-0.0224069590982	0.0152583522893	-0.00605968849622	-0.0242342620111	0.0334144930642	-0.0184950142497	-0.063381329545	-0.0488183680324	0.0521002375338	-0.0942121690476	0.0508059566914	-0.00530987329177	0.0535066694342	0.0314471555506	-0.0267835388192	1.0	-0.00287701026021	0.00471575909743	-0.0805779646701	-0.00858617560712	-0.0135418872339	-0.0509875167792	-0.0724671113836	0.0838965624338	0.00260562072253	-0.0357254334801	0.0127394461979	-0.0147491604583	0.018070493408	-0.0504445443711	-0.00354073100594	0.077954565112	-0.0394957937074	-0.0168782349205	0.0790655256358	0.0111536902228	-0.07762915364	-0.0155871134828	-0.0302473139422	-0.0243653242205	0.0236235815951	-0.0241420306358	-0.0579621805142	0.0506248411406	0.0152918619722
