#taxonomy	k__Bacteria;p__Bacteroidetes;c__Bacteroidia;o__Bacteroidales;f__Bacteroidaceae;g__Bacteroides;s__Bacteroides_vulgatus	k__Bacteria;p__Bacteroidetes;c__Bacteroidia;o__Bacteroidales;f__Bacteroidaceae;g__Bacteroides;s__Bacteroides_uniformis	k__Bacteria;p__Bacteroidetes;c__Bacteroidia;o__Bacteroidales;f__Rikenellaceae;g__Alistipes;s__Alistipes_putredinis	k__Bacteria;p__Bacteroidetes;c__Bacteroidia;o__Bacteroidales;f__Prevotellaceae;g__Prevotella;s__Prevotella_copri	k__Bacteria;p__Bacteroidetes;c__Bacteroidia;o__Bacteroidales;f__Bacteroidaceae;g__Bacteroides;s__Bacteroides_stercoris	k__Bacteria;p__Bacteroidetes;c__Bacteroidia;o__Bacteroidales;f__Bacteroidaceae;g__Bacteroides;s__Bacteroides_ovatus	k__Bacteria;p__Bacteroidetes;c__Bacteroidia;o__Bacteroidales;f__Rikenellaceae;g__Alistipes;s__Alistipes_shahii	k__Bacteria;p__Firmicutes;c__Clostridia;o__Clostridiales;f__Ruminococcaceae;g__Faecalibacterium;s__Faecalibacterium_prausnitzii	k__Bacteria;p__Bacteroidetes;c__Bacteroidia;o__Bacteroidales;f__Rikenellaceae;g__Alistipes;s__Alistipes_finegoldii	k__Bacteria;p__Bacteroidetes;c__Bacteroidia;o__Bacteroidales;f__Porphyromonadaceae;g__Parabacteroides;s__Parabacteroides_distasonis	k__Bacteria;p__Bacteroidetes;c__Bacteroidia;o__Bacteroidales;f__Bacteroidaceae;g__Bacteroides;s__Bacteroides_thetaiotaomicron	k__Bacteria;p__Bacteroidetes;c__Bacteroidia;o__Bacteroidales;f__Bacteroidaceae;g__Bacteroides;s__Bacteroides_coprocola	k__Bacteria;p__Bacteroidetes;c__Bacteroidia;o__Bacteroidales;f__Bacteroidaceae;g__Bacteroides;s__Bacteroides_cellulosilyticus	k__Bacteria;p__Bacteroidetes;c__Bacteroidia;o__Bacteroidales;f__Rikenellaceae;g__Alistipes;s__Alistipes_obesi	k__Bacteria;p__Firmicutes;c__Clostridia;o__Clostridiales;f__Lachnospiraceae;g__;s__[Eubacterium]_rectale	k__Bacteria;p__Bacteroidetes;c__Bacteroidia;o__Bacteroidales;f__Bacteroidaceae;g__Bacteroides;s__Bacteroides_plebeius	k__Bacteria;p__Bacteroidetes;c__Bacteroidia;o__Bacteroidales;f__Bacteroidaceae;g__Bacteroides;s__Bacteroides_fragilis	k__Bacteria;p__Proteobacteria;c__Betaproteobacteria;o__Burkholderiales;f__Sutterellaceae;g__Sutterella;s__Sutterella_wadsworthensis	k__Bacteria;p__Bacteroidetes;c__Bacteroidia;o__Bacteroidales;f__Porphyromonadaceae;g__Barnesiella;s__Barnesiella_intestinihominis	k__Bacteria;p__Bacteroidetes;c__Bacteroidia;o__Bacteroidales;f__Odoribacteraceae;g__Odoribacter;s__Odoribacter_splanchnicus	k__Bacteria;p__Bacteroidetes;c__Bacteroidia;o__Bacteroidales;f__Bacteroidaceae;g__Bacteroides;s__Bacteroides_salyersiae	k__Bacteria;p__Firmicutes;c__Clostridia;o__Clostridiales;f__Ruminococcaceae;g__Ruminiclostridium;s__[Eubacterium]_siraeum	k__Bacteria;p__Proteobacteria;c__Betaproteobacteria;o__Burkholderiales;f__Sutterellaceae;g__Parasutterella;s__Parasutterella_excrementihominis	k__Bacteria;p__Actinobacteria;c__Actinobacteria;o__Bifidobacteriales;f__Bifidobacteriaceae;g__Bifidobacterium;s__Bifidobacterium_adolescentis	k__Bacteria;p__Firmicutes;c__Clostridia;o__Clostridiales;f__Oscillospiraceae;g__Oscillibacter;s__Oscillibacter_sp._KLE_1745	k__Bacteria;p__Bacteroidetes;c__Bacteroidia;o__Bacteroidales;f__Bacteroidaceae;g__Bacteroides;s__Bacteroides_coprophilus	k__Bacteria;p__Firmicutes;c__Clostridia;o__Clostridiales;f__Lachnospiraceae;g__Roseburia;s__Roseburia_intestinalis	k__Bacteria;p__Firmicutes;c__Clostridia;o__Clostridiales;f__Lachnospiraceae;g__Roseburia;s__Roseburia_hominis	k__Bacteria;p__Bacteroidetes;c__Bacteroidia;o__Bacteroidales;f__Porphyromonadaceae;g__Parabacteroides;s__Parabacteroides_johnsonii	k__Bacteria;p__Actinobacteria;c__Actinobacteria;o__Bifidobacteriales;f__Bifidobacteriaceae;g__Bifidobacterium;s__Bifidobacterium_longum	k__Bacteria;p__Firmicutes;c__Clostridia;o__Clostridiales;f__;g__Flavonifractor;s__Flavonifractor_plautii	k__Bacteria;p__Firmicutes;c__Clostridia;o__Clostridiales;f__Clostridiaceae;g__Clostridium;s__Clostridium_phoceensis	k__Bacteria;p__Verrucomicrobia;c__Verrucomicrobiae;o__Verrucomicrobiales;f__Akkermansiaceae;g__Akkermansia;s__Akkermansia_muciniphila	k__Bacteria;p__Bacteroidetes;c__Bacteroidia;o__Bacteroidales;f__Prevotellaceae;g__Paraprevotella;s__Paraprevotella_xylaniphila	k__Bacteria;p__Firmicutes;c__Clostridia;o__Clostridiales;f__Ruminococcaceae;g__Ruminococcus;s__Ruminococcus_callidus	k__Bacteria;p__Bacteroidetes;c__Bacteroidia;o__Bacteroidales;f__Rikenellaceae;g__Alistipes;s__Alistipes_senegalensis	k__Bacteria;p__Firmicutes;c__Clostridia;o__Clostridiales;f__Lachnospiraceae;g__Blautia;s__Blautia_sp._KLE_1732	k__Bacteria;p__Bacteroidetes;c__Bacteroidia;o__Bacteroidales;f__Bacteroidaceae;g__Bacteroides;s__Bacteroides_oleiciplenus	k__Bacteria;p__Firmicutes;c__Clostridia;o__Clostridiales;f__Ruminococcaceae;g__Ruminococcus;s__Ruminococcus_bicirculans	k__Bacteria;p__Bacteroidetes;c__Bacteroidia;o__Bacteroidales;f__Bacteroidaceae;g__Bacteroides;s__Bacteroides_fluxus	k__Bacteria;p__Bacteroidetes;c__Bacteroidia;o__Bacteroidales;f__Prevotellaceae;g__Prevotella;s__Prevotella_stercorea	k__Bacteria;p__Firmicutes;c__Clostridia;o__Clostridiales;f__Lachnospiraceae;g__Dorea;s__Dorea_longicatena	k__Bacteria;p__Firmicutes;c__Clostridia;o__Clostridiales;f__Eubacteriaceae;g__Eubacterium;s__[Eubacterium]_eligens	k__Bacteria;p__Firmicutes;c__Clostridia;o__Clostridiales;f__Ruminococcaceae;g__;s__Ruminococcaceae_bacterium_D16	k__Bacteria;p__Firmicutes;c__Clostridia;o__Clostridiales;f__Lachnospiraceae;g__Coprococcus;s__Coprococcus_comes	k__Bacteria;p__Proteobacteria;c__Gammaproteobacteria;o__Enterobacterales;f__Enterobacteriaceae;g__Escherichia;s__Escherichia_coli	k__Bacteria;p__Firmicutes;c__Clostridia;o__Clostridiales;f__Ruminococcaceae;g__Anaerotruncus;s__Anaerotruncus_colihominis	k__Bacteria;p__Firmicutes;c__Clostridia;o__Clostridiales;f__Lachnospiraceae;g__Blautia;s__Blautia_obeum	k__Bacteria;p__Bacteroidetes;c__Bacteroidia;o__Bacteroidales;f__Odoribacteraceae;g__Odoribacter;s__Odoribacter_laneus	k__Bacteria;p__Firmicutes;c__Clostridia;o__Clostridiales;f__Ruminococcaceae;g__Ruminiclostridium;s__[Clostridium]_leptum	k__Bacteria;p__Bacteroidetes;c__Bacteroidia;o__Bacteroidales;f__Porphyromonadaceae;g__Parabacteroides;s__Parabacteroides_goldsteinii	k__Bacteria;p__Firmicutes;c__Clostridia;o__Clostridiales;f__Lachnospiraceae;g__Anaerostipes;s__Anaerostipes_hadrus	k__Bacteria;p__Firmicutes;c__Clostridia;o__Clostridiales;f__Ruminococcaceae;g__Ruminococcus;s__Ruminococcus_lactaris	k__Bacteria;p__Firmicutes;c__Clostridia;o__Clostridiales;f__Clostridiaceae;g__Clostridium;s__Clostridium_sp._L2-50	k__Bacteria;p__Firmicutes;c__Clostridia;o__Clostridiales;f__Clostridiaceae;g__Clostridium;s__Clostridium_sp._M62/1	k__Bacteria;p__Firmicutes;c__Clostridia;o__Clostridiales;f__;g__Intestinimonas;s__Intestinimonas_butyriciproducens	k__Bacteria;p__Actinobacteria;c__Actinobacteria;o__Bifidobacteriales;f__Bifidobacteriaceae;g__Bifidobacterium;s__Bifidobacterium_bifidum	k__Bacteria;p__Firmicutes;c__Negativicutes;o__Veillonellales;f__Veillonellaceae;g__Dialister;s__Dialister_invisus	k__Bacteria;p__Bacteroidetes;c__Bacteroidia;o__Bacteroidales;f__Bacteroidaceae;g__Bacteroides;s__Bacteroides_salanitronis
k__Bacteria;p__Bacteroidetes;c__Bacteroidia;o__Bacteroidales;f__Bacteroidaceae;g__Bacteroides;s__Bacteroides_vulgatus	1.0	0.0138116523846	0.0215158088871	0.0453112736668	0.0379136622055	0.0074798000206	-0.0637836228391	-0.0186710579816	-0.0113067942295	0.0766750465148	-0.0214386509368	-0.0211138889909	0.0191212835683	-0.0544772373644	-0.0804245081414	-0.0121364661117	-0.00353726643732	0.00427240337352	-0.0739561704725	0.0364850406285	0.00600526719944	0.012688798973	0.00111102283836	-0.0166907965139	0.0429129926937	0.0525185939043	0.00928313497426	-0.0174935705227	-0.0217205828575	0.0284056245996	-0.104934772676	-0.043974045475	-0.025698427196	-0.023005352162	0.0143875421257	-0.0144935014	-0.0290038490377	0.000661084485374	-0.0456849024298	-0.0568286083618	-0.0261381037959	-0.0324395955118	-0.0130194779385	-0.0092130556447	-0.000737980832003	-0.0414156737644	0.01930595338	-0.0642000378062	0.0184081432131	0.0780128661591	0.0069540667013	-0.00188016472827	-0.0146063311866	-0.0197363842493	-0.0513121738061	-0.0335750647095	0.0408598624569	0.0106847528501	0.0018813659264
k__Bacteria;p__Bacteroidetes;c__Bacteroidia;o__Bacteroidales;f__Bacteroidaceae;g__Bacteroides;s__Bacteroides_uniformis	0.0138116523846	1.0	0.0355206143081	0.0209189815672	0.000971396772811	0.038008443073	0.0186077076277	0.0703048280399	-0.0307113984048	-0.0117055101983	0.0199924036759	0.0481375003117	-0.0154380794346	-0.0681886500277	-0.0840271191647	0.0412344928406	0.00804292565992	-0.00117322866914	0.00525986511887	-0.0334361816768	0.0252339811137	-0.000841529167725	-0.0287391367319	-0.0286189367283	-0.0104080992259	0.0560602947953	-0.0133455200895	-0.0846205098903	0.0450138821884	0.0189769064305	-0.0105789695942	0.0301695095173	0.00976359436547	0.0125620461077	-0.0628726866684	0.0041634195076	-0.0438200727727	0.00668649104276	-0.0331158346137	-0.0256041185911	-0.0190660942487	-0.0732005602782	-0.0333853445324	-0.038259428065	-0.00211972868434	-0.0295694838591	0.0217717492677	0.0248852420535	-0.0103918287784	-0.00629004008055	-0.0264736102006	-0.0452299245142	-0.0450084859127	0.0190855847725	0.0427350343573	0.0228996608428	-0.0197549943781	0.01878339484	-0.0187034238511
k__Bacteria;p__Bacteroidetes;c__Bacteroidia;o__Bacteroidales;f__Rikenellaceae;g__Alistipes;s__Alistipes_putredinis	0.0215158088871	0.0355206143081	1.0	0.0124268500149	-0.0329699523691	-0.012985424232	0.00942823619094	0.0086285938709	0.0925417173032	-0.0235675765156	-0.0642589687165	-0.0295017132775	0.0202583864021	-0.0161725868798	-0.0389825219344	0.0110300973532	-0.0332159969604	0.00155168766548	-0.0671333653853	0.0410075938908	-0.0724868117855	0.0733887194155	-0.034153454763	-0.0117064337798	-0.0213305044965	-0.0297303365092	-0.0347503018816	-0.00215628668276	-0.0891474719612	-0.00917884433963	-0.0178202728486	0.018792072075	-0.00529351290384	-0.00567655113639	0.0377072765809	0.0456695296079	-0.0648511228045	0.014992195449	0.0589068151712	0.0677335621052	-0.0182360899291	-0.0715997299718	-0.0606451460395	-0.0270626530938	-0.0712802954023	0.038645242629	-0.0757731237187	0.0175855465942	0.0205653531804	-0.0164431927574	-0.0184919020171	0.0385931258824	-0.048025309828	-0.0614208038308	0.035211603845	-0.0045983479518	-0.0001328100814	0.0472786086361	-0.0122177367339
k__Bacteria;p__Bacteroidetes;c__Bacteroidia;o__Bacteroidales;f__Prevotellaceae;g__Prevotella;s__Prevotella_copri	0.0453112736668	0.0209189815672	0.0124268500149	1.0	0.0148292160382	-0.0272270095724	0.0268293351511	-0.0319832845703	0.0545176124037	-0.0341232737236	0.00377555384883	-0.0429459931642	0.0126854667488	-0.0463181465108	0.0139858684868	0.00157255309352	-0.0138699276734	-0.0470459312527	0.041615342158	0.0298536895696	0.0232639027946	-0.0208690358407	0.0167588305386	0.0047128394528	-0.0891138553695	-0.0556368852319	0.00837412534919	-0.0879340312612	0.0199571524071	0.00655313647798	0.0174320323353	0.0270104137965	-0.00620896930657	-0.0361305685897	-0.0838754600394	-0.0611847799572	0.0163174019831	0.0341601770402	0.0441333698249	-0.0565038008132	-0.0190404760131	-0.0694503789693	-0.0657401539217	-0.0210216969768	-0.0100539707596	0.0305612938615	-0.0173555542393	0.00593698992362	0.056464431059	-0.0280938022458	-0.0440664703761	-0.053266174279	-0.0346636642665	-0.0430994427961	-0.0355011545759	-0.0141801769221	0.0165449179491	0.00658884021898	0.0103252357394
k__Bacteria;p__Bacteroidetes;c__Bacteroidia;o__Bacteroidales;f__Bacteroidaceae;g__Bacteroides;s__Bacteroides_stercoris	0.0379136622055	0.000971396772811	-0.0329699523691	0.0148292160382	1.0	0.0263950498384	-0.0748298359866	-0.0340758814981	-0.0217186534495	-0.0102928832591	0.0394447094447	0.00258335800858	-0.0226105874451	-0.0361723126621	-0.000792433839947	-0.000785039350729	-0.0236747205118	0.0139813101943	-0.0409710313519	-0.0362326482389	0.00103816725143	-0.0195323644344	-0.0169309922681	0.0188904156998	-0.0232931661477	0.015346774477	-0.0382244437851	-0.0944077632831	0.0187568431237	-0.000691458458008	-0.0158096139224	-0.0697962415909	0.0844774817754	0.00366299276718	0.0714905994887	0.00179468202664	-0.00463504588351	0.000396075179288	-0.0239725025579	0.0331075750787	-0.0194351265678	0.0107133926136	0.00855618808535	0.0814257573586	0.0288564591746	-0.0204904403066	0.0607444651084	-0.0388188828489	0.0741746511058	-0.0185939774517	0.0311685008555	-0.0183400772452	-0.0335676542588	-0.0198745956224	0.0168487083999	-0.00447098902242	-0.0516571489138	-0.0343975224685	-0.060645386343
k__Bacteria;p__Bacteroidetes;c__Bacteroidia;o__Bacteroidales;f__Bacteroidaceae;g__Bacteroides;s__Bacteroides_ovatus	0.0074798000206	0.038008443073	-0.012985424232	-0.0272270095724	0.0263950498384	1.0	-0.00760618371458	-0.0504445818532	-0.041208879068	-0.0698140819342	-0.0119364330125	0.00636169982851	-0.0036564186002	-0.0133887862121	-0.0246572655492	-0.0770923665778	-0.0393219001592	0.0380174348658	-0.00719770164521	0.0517881385549	0.0178637479731	-0.0680625948412	0.0246268120786	0.00815745383607	0.0132923999441	0.000229947966774	0.0185814530109	-0.000997930463536	-0.00404352832843	0.00507500669687	-0.0382125815054	-0.0394291729455	0.0133241043458	-0.047567651567	-0.0150114596296	-0.0286136445616	-0.0155173437892	0.0102199943323	-0.041708680319	-0.0369990450275	0.0286598740578	0.0234695566326	-0.105026211069	-0.047503731083	0.0782675248527	-0.00363930603734	-0.0258339312916	-0.0118523301131	0.0122930669995	-0.0196491512438	0.0365884190797	0.0322882468975	-0.059822795539	0.0315354552467	-0.00593283288371	-0.00913250810585	0.00293413167017	0.0307546005046	-0.0166138842817
k__Bacteria;p__Bacteroidetes;c__Bacteroidia;o__Bacteroidales;f__Rikenellaceae;g__Alistipes;s__Alistipes_shahii	-0.0637836228391	0.0186077076277	0.00942823619094	0.0268293351511	-0.0748298359866	-0.00760618371458	1.0	0.0510133177046	-0.0182974744376	-0.0391807756265	-0.033875170807	0.00489425505279	0.0536275964963	-0.0826426377987	-0.0542858537813	0.0312407156332	-0.0539257375494	-0.00977401318885	0.00645982942394	0.0197498377376	-0.0323405797527	0.0598001708274	-0.0188661488359	-0.0947769259173	-0.0694868891961	-0.0201800798852	-0.0349662106428	0.00594546039788	0.000430710892356	-0.00269469655453	0.00835519025706	-0.0275895670871	0.0117841269478	0.00576479994166	-0.0349057137174	-0.030128752583	0.102904379696	0.0183051461804	0.0533238766833	-0.0200655952342	-0.0640134669168	0.0133483847909	-0.0503055938374	-0.0296508579501	-0.0465370883939	0.0304557619778	-0.0467770909407	-0.0412093948473	0.0144065410572	0.0683685584598	0.0223016601433	-0.0388274866923	-0.0370130244214	0.0217419850869	-0.000300489334851	-0.0263286667625	0.0748019945673	-0.00993728569736	0.0200030860821
k__Bacteria;p__Firmicutes;c__Clostridia;o__Clostridiales;f__Ruminococcaceae;g__Faecalibacterium;s__Faecalibacterium_prausnitzii	-0.0186710579816	0.0703048280399	0.0086285938709	-0.0319832845703	-0.0340758814981	-0.0504445818532	0.0510133177046	1.0	-0.0383378946714	-0.0973918943889	0.0116779323399	0.0374195598421	-0.0249931992462	-0.00764872256766	0.0310679444494	-0.0282786112438	0.0390261836658	-0.0214335710275	0.0341901156065	-0.0245243427954	0.00685497671055	-0.0193290758392	0.0416889059125	-0.0579375098829	-0.00777842436593	-0.033747274175	-0.0419953905244	-0.0789353682041	0.0323407698664	-0.0157780018792	0.0128063885266	0.00335141559289	-0.0363860090466	-0.0582752349215	-0.0459987681665	0.00209766336264	0.0303364398876	-0.061350905501	-0.00741656518382	0.0134464042688	-0.0403225414489	-0.0395075761976	-0.0170165246424	-0.0674074296832	0.0340208096752	0.00556370752548	-0.0294155606078	0.0209392043157	0.00123875677483	-0.0189219037702	0.0671962881801	0.0109901500251	-0.0524647095437	0.00668441981371	0.0941506500208	0.0333717691048	-0.0299311425495	0.0163604064606	-0.0388083493803
k__Bacteria;p__Bacteroidetes;c__Bacteroidia;o__Bacteroidales;f__Rikenellaceae;g__Alistipes;s__Alistipes_finegoldii	-0.0113067942295	-0.0307113984048	0.0925417173032	0.0545176124037	-0.0217186534495	-0.041208879068	-0.0182974744376	-0.0383378946714	1.0	0.0218871517897	-0.0450593352153	-0.0384197154181	-0.0701612054182	-0.00957989928063	0.0012796868561	0.0634326542583	0.0105997509122	-0.000887476005333	-0.0255125896026	-0.00683044085511	-0.0447357546328	-0.00232357503659	-0.016720056958	-0.0368505018115	-0.0403957608176	-0.0327698104793	0.0200452317669	-0.00760699833476	-0.0199523364521	-0.00477658693775	0.0963139237634	0.072612466435	-0.00481368812139	0.0258589616789	-0.00937046712896	0.0266818682374	-0.0599774844763	-0.00156930867071	0.0361663803727	-0.0146531879501	0.0859845019202	-0.0509968366484	0.00962908332885	0.011957198579	-0.034177110886	0.0261134827447	0.0346188869348	-0.030557540653	0.0135188908828	-0.0453723252268	-0.0229331736544	-0.0492832558092	-0.0131302668413	-0.0274198979257	-0.00324381494185	-0.00447142743248	-0.0329213998157	-0.000132665123572	0.00913488279288
k__Bacteria;p__Bacteroidetes;c__Bacteroidia;o__Bacteroidales;f__Porphyromonadaceae;g__Parabacteroides;s__Parabacteroides_distasonis	0.0766750465148	-0.0117055101983	-0.0235675765156	-0.0341232737236	-0.0102928832591	-0.0698140819342	-0.0391807756265	-0.0973918943889	0.0218871517897	1.0	-0.0285586408527	-0.000785157084064	-0.0545452689228	-0.0266081664894	-0.0957202497528	0.0321271703083	-0.0328834821284	0.047016432378	0.0558642345074	0.0134610370429	-0.00266238001067	0.0177437622029	-0.0727313787871	0.027597043312	0.0558730366439	0.00311599519728	0.00266764067575	0.00811863007737	0.00382443067488	0.027154736067	-0.0104115915674	0.0475256330639	0.00733041701485	0.0215158025305	-0.044535794309	0.00700075613299	-0.0258690836924	-0.0100272511191	0.0240540564585	-0.0381231237714	-0.0230981820612	-0.0152134611663	0.0147010148839	0.0918385832226	0.0150923371444	-0.0277969566435	-0.0244875366409	-0.0212369540871	-0.00525596920217	-0.0182732880584	-0.0029970145465	0.00554195752558	0.0301838850473	0.000450845724371	-0.0328485688032	-0.0419993585275	-0.0514227781482	-0.0169529617591	-0.0731947532427
k__Bacteria;p__Bacteroidetes;c__Bacteroidia;o__Bacteroidales;f__Bacteroidaceae;g__Bacteroides;s__Bacteroides_thetaiotaomicron	-0.0214386509368	0.0199924036759	-0.0642589687165	0.00377555384883	0.0394447094447	-0.0119364330125	-0.033875170807	0.0116779323399	-0.0450593352153	-0.0285586408527	1.0	-0.0338506456171	-0.0469003111391	0.0271024374134	0.0287225441212	0.0497282648283	-0.0144995940547	0.0170334470635	0.010693416188	-0.0434413775192	0.0380424981632	-0.062588459613	-0.0445283006518	-0.0164834878543	0.0583028628585	0.0299838880222	0.0736360540735	-0.022682548223	-0.0147583529983	-0.0685220886677	0.0199964805592	0.00931114671871	0.00919090624926	-0.00136176823013	0.0303542360067	0.0496463580448	-0.0208618532267	-0.0566894830611	-0.00728544192948	-0.0320954801592	-0.00968464583257	0.0140954562228	0.0339120343279	-0.0288767168238	0.00260179472908	-0.0472990125779	0.0207761422476	-0.00241962978646	-0.00684556283433	-0.00730798906683	-0.00292925613504	-0.0375701848383	-0.00979541642458	-0.0171772779797	0.00124766687181	-4.25579103421e-05	0.0122199754369	-0.0356537315462	-0.0388404975899
k__Bacteria;p__Bacteroidetes;c__Bacteroidia;o__Bacteroidales;f__Bacteroidaceae;g__Bacteroides;s__Bacteroides_coprocola	-0.0211138889909	0.0481375003117	-0.0295017132775	-0.0429459931642	0.00258335800858	0.00636169982851	0.00489425505279	0.0374195598421	-0.0384197154181	-0.000785157084064	-0.0338506456171	1.0	-0.00896492943194	0.00169887648418	-0.0369967369144	-0.0286132196581	-0.0192062633585	0.0398569250771	-0.0490320724779	-0.0367101754506	0.0621463169694	0.00769929238161	0.0502282693917	-0.00789471495768	-0.0256020751976	-0.0679575173572	-0.0422351194368	-0.0482529500411	-0.0107142196892	0.0411440453432	0.0473837298573	-0.081945532034	-0.00777699598194	0.00372172757131	-0.0431794408481	0.0361068216217	0.00308912591313	0.0110843277746	-0.000236800075492	-0.00162657660761	0.0214008834936	-0.0278888487441	-0.00837991988442	-0.0101044192637	-0.00251818824901	-0.0287436284884	0.0567316485671	-0.0142251249386	0.00214274647154	-0.0139990038429	-0.0156259222985	0.0302325983239	0.0354388404536	-0.0038651983326	-0.0337126966056	-0.00715768763969	-0.0219941339375	-0.011793931488	0.0208707746138
k__Bacteria;p__Bacteroidetes;c__Bacteroidia;o__Bacteroidales;f__Bacteroidaceae;g__Bacteroides;s__Bacteroides_cellulosilyticus	0.0191212835683	-0.0154380794346	0.0202583864021	0.0126854667488	-0.0226105874451	-0.0036564186002	0.0536275964963	-0.0249931992462	-0.0701612054182	-0.0545452689228	-0.0469003111391	-0.00896492943194	1.0	-0.0155039545443	0.000879708354532	0.0429646605811	-0.0661596722322	-0.0925948977478	-0.01999970795	0.0576854355437	0.0347735549779	-0.0149850511839	0.0163578071812	-0.02847787047	0.000844517489807	0.0096514415966	0.0437242640063	0.0912717303755	-0.0371318616612	-0.0254748111194	-0.0117834612159	-0.0419461879453	-0.064303173682	-0.0252078352614	0.0165055832309	-0.0266995746581	-0.091400083738	-0.0498569258457	0.00156230277782	0.0355523451499	-0.0477801819425	-0.0230401613444	-0.0461392141223	-0.0449241088427	0.0591146822122	-0.0372980016224	0.0491766262754	-0.0322317708273	0.0156338543479	-0.0216213436455	0.00349603892148	0.00140869372377	-0.000467907393983	0.0318995398963	0.0321449255849	-0.0305307706508	0.066503889543	-0.00395482020304	-0.0361956915115
k__Bacteria;p__Bacteroidetes;c__Bacteroidia;o__Bacteroidales;f__Rikenellaceae;g__Alistipes;s__Alistipes_obesi	-0.0544772373644	-0.0681886500277	-0.0161725868798	-0.0463181465108	-0.0361723126621	-0.0133887862121	-0.0826426377987	-0.00764872256766	-0.00957989928063	-0.0266081664894	0.0271024374134	0.00169887648418	-0.0155039545443	1.0	-0.0450867686482	0.00657681551455	-0.00275333957544	0.0197063435059	0.00835465221676	0.0387314964918	0.0255536049688	-0.0582913996189	-0.0109112239913	0.0319250294376	-0.0299080553837	0.045896362657	0.0143295917071	0.00127509007848	-0.0331390473983	-0.0236376281672	-0.0422958388868	-0.0464222666984	0.100073179996	-0.0347173832095	-0.0264921576856	-0.0497681694096	0.0360219614635	0.0513090949691	0.0177182037073	-0.042327332934	0.0223697336328	0.00214041149879	-0.0630232880008	-0.0132593429667	0.0441333897655	0.0093581516468	-0.0188413195439	0.0370055337105	-0.0487999435046	0.00255857506165	0.0257887216699	0.0216854458319	0.0133123336335	-0.0274073647469	-0.0804148958977	0.0646575379084	-0.00133798587365	-0.0132154058042	-0.0160461127461
k__Bacteria;p__Firmicutes;c__Clostridia;o__Clostridiales;f__Lachnospiraceae;g__;s__[Eubacterium]_rectale	-0.0804245081414	-0.0840271191647	-0.0389825219344	0.0139858684868	-0.000792433839947	-0.0246572655492	-0.0542858537813	0.0310679444494	0.0012796868561	-0.0957202497528	0.0287225441212	-0.0369967369144	0.000879708354532	-0.0450867686482	1.0	0.0219814042509	-0.00296746197763	0.0238043918625	-0.00762065794431	0.0138986611873	-0.00927103892606	0.025022126079	-0.0167764179955	-0.0123025885772	-0.0167912584399	-0.0100452034675	0.0288160890507	0.0147787182229	-0.0398933590298	-0.0470357604638	-0.0290827099667	-0.0150932992209	0.0240204417559	0.0323120901382	-0.0308090733601	-0.0312320295954	-0.0367823055188	-0.00190550648541	-0.00147042388799	-0.0258295507222	0.0584843281584	-0.021153266271	-0.0119034637048	-0.0832547795796	0.0155689213645	-0.0101520518723	-0.0028200102603	0.0444076412303	-0.0306834883588	-0.025352949166	-0.0323563798858	0.0231912952043	-0.0191824834802	-0.0196272990646	0.0121537328724	-0.0713164983899	-0.0137056773831	-0.0151987270345	-0.046796003612
k__Bacteria;p__Bacteroidetes;c__Bacteroidia;o__Bacteroidales;f__Bacteroidaceae;g__Bacteroides;s__Bacteroides_plebeius	-0.0121364661117	0.0412344928406	0.0110300973532	0.00157255309352	-0.000785039350729	-0.0770923665778	0.0312407156332	-0.0282786112438	0.0634326542583	0.0321271703083	0.0497282648283	-0.0286132196581	0.0429646605811	0.00657681551455	0.0219814042509	1.0	-0.0252981816456	0.038561363178	-0.0510064175709	-0.0551047339836	-0.0343261138658	0.0135653615413	-0.0658185904306	0.0586856973854	-0.028788278242	0.0493438405034	0.0068411246842	0.0166188893896	-0.0226905812684	-0.0426385964476	-0.0211047464776	-0.041971157486	-0.00579353982477	-0.0084459956285	0.0608191738913	-0.0103130944464	-0.00229089183031	-0.0257383289315	-0.0371923416354	0.00597436082091	-0.024843490584	-0.0228239569952	-0.0168254350217	-0.011156830807	-0.0426752063363	-0.0414060888653	-0.0312245344906	0.0528958539038	-0.014715782606	0.0263842907074	-0.0570977180147	0.0230919716323	0.034284379903	-0.0251133430856	-0.00819292972823	-0.0382471255935	-0.0172005772955	-0.0133662444786	0.0246814323349
k__Bacteria;p__Bacteroidetes;c__Bacteroidia;o__Bacteroidales;f__Bacteroidaceae;g__Bacteroides;s__Bacteroides_fragilis	-0.00353726643732	0.00804292565992	-0.0332159969604	-0.0138699276734	-0.0236747205118	-0.0393219001592	-0.0539257375494	0.0390261836658	0.0105997509122	-0.0328834821284	-0.0144995940547	-0.0192062633585	-0.0661596722322	-0.00275333957544	-0.00296746197763	-0.0252981816456	1.0	-0.0714955283276	-0.00175613572195	0.0649585723372	0.079437691842	0.0421092072977	0.0499172112564	0.0178034239947	0.00249990456901	0.0299403640289	-0.0239485890952	0.00787681730689	-0.0443924170034	-0.0170541633772	-0.0120509175244	0.0143890594729	-0.0227041926517	-0.0371176256995	-0.0289330889807	-0.0932574167998	0.0113595751867	-0.000553378734466	0.00629329245791	-0.0576822860608	0.0169410605041	0.0358414560697	-0.0818807810553	0.0353372005442	-0.0161523416838	-0.00126292164817	0.0123387653088	-0.000692294189614	-0.0412984595728	0.0144453130853	0.0200146567557	0.0356546120549	-0.00338300122949	0.031697777386	0.0530848168564	-0.00940959576136	-0.0304222942559	0.0170584625016	-0.0144742182939
k__Bacteria;p__Proteobacteria;c__Betaproteobacteria;o__Burkholderiales;f__Sutterellaceae;g__Sutterella;s__Sutterella_wadsworthensis	0.00427240337352	-0.00117322866914	0.00155168766548	-0.0470459312527	0.0139813101943	0.0380174348658	-0.00977401318885	-0.0214335710275	-0.000887476005333	0.047016432378	0.0170334470635	0.0398569250771	-0.0925948977478	0.0197063435059	0.0238043918625	0.038561363178	-0.0714955283276	1.0	-0.0439554623814	-0.0223049426337	0.0276642304798	0.00493369708537	-0.0624839170104	-0.0337420976075	-0.0332707504943	0.00787900357698	0.0398633464724	0.0290175398478	0.0453115895649	-0.0640396529709	0.041144652142	0.00497780384429	0.00285172241751	-0.0371257166932	0.0170513784268	0.0263368953447	0.0643813746133	-0.0105277602202	0.00226771321131	0.00395442922601	-0.0265087763872	0.0108799372407	-0.0092511785776	-0.0197022713108	0.00518864362414	-0.0554255200829	-0.0632451841767	-0.0621204605818	0.0273350981889	-0.0229052442986	-0.00718216590727	0.00359556067878	-0.00344066415435	0.0259851450828	-0.0628701984915	0.0300370047827	-0.0131703959655	-0.0204352058668	-0.0626197801629
k__Bacteria;p__Bacteroidetes;c__Bacteroidia;o__Bacteroidales;f__Porphyromonadaceae;g__Barnesiella;s__Barnesiella_intestinihominis	-0.0739561704725	0.00525986511887	-0.0671333653853	0.041615342158	-0.0409710313519	-0.00719770164521	0.00645982942394	0.0341901156065	-0.0255125896026	0.0558642345074	0.010693416188	-0.0490320724779	-0.01999970795	0.00835465221676	-0.00762065794431	-0.0510064175709	-0.00175613572195	-0.0439554623814	1.0	-0.0314675293758	-0.00969124141856	0.0316105449928	-0.0383094391755	0.00452137738293	0.00638890439606	-0.0143923367011	0.00447263659645	-0.0187602028581	0.0117894084395	0.0136012826632	0.0483565164684	-0.0736168472216	-0.0271483131105	0.0648435548578	-0.0358948728332	-0.00916844874058	-0.0271130983404	-0.0225780121965	0.010764672729	-0.00389571550704	0.0440247664519	0.0301174715227	0.0307191724656	-0.0224762982651	-0.0248857577268	-0.037218216676	-0.058347054563	0.0121305184821	0.0481108797246	-0.0035846612113	-0.0501159086645	-0.0211801533096	-0.0291637907508	0.0572720485696	-0.0119774643259	-0.0398853645277	0.00636378661281	0.00807554676991	0.0198948723887
k__Bacteria;p__Bacteroidetes;c__Bacteroidia;o__Bacteroidales;f__Odoribacteraceae;g__Odoribacter;s__Odoribacter_splanchnicus	0.0364850406285	-0.0334361816768	0.0410075938908	0.0298536895696	-0.0362326482389	0.0517881385549	0.0197498377376	-0.0245243427954	-0.00683044085511	0.0134610370429	-0.0434413775192	-0.0367101754506	0.0576854355437	0.0387314964918	0.0138986611873	-0.0551047339836	0.0649585723372	-0.0223049426337	-0.0314675293758	1.0	-0.01845020077	-0.0118370518439	0.049062468681	0.0546615991923	-0.0248000218823	-0.0480300752206	-0.0191122057114	0.0150115076103	-0.00688791862913	0.0130386695099	-0.0763833487541	0.00168946141365	-0.0715548133658	-0.0243661540072	-0.0342937442964	0.0394682063013	-0.0690462915667	-0.00371909079773	-0.0435103300612	0.0406173452197	0.0166815235805	0.0279993154064	-0.024181543721	0.0269167910558	-0.0254259172804	0.0228181269277	-0.000366601666615	-0.0145929508623	-0.0125298818451	0.0329963913835	0.00761164486906	-0.0255480088647	-0.0212464970887	0.0610400129388	-0.0269864229347	0.0197335176204	-0.00151579628141	-0.00937801316741	-0.0210826039829
k__Bacteria;p__Bacteroidetes;c__Bacteroidia;o__Bacteroidales;f__Bacteroidaceae;g__Bacteroides;s__Bacteroides_salyersiae	0.00600526719944	0.0252339811137	-0.0724868117855	0.0232639027946	0.00103816725143	0.0178637479731	-0.0323405797527	0.00685497671055	-0.0447357546328	-0.00266238001067	0.0380424981632	0.0621463169694	0.0347735549779	0.0255536049688	-0.00927103892606	-0.0343261138658	0.079437691842	0.0276642304798	-0.00969124141856	-0.01845020077	1.0	0.0141820224216	0.00348848401702	-0.0509710643839	0.000212289349317	-0.0023948571209	-0.00229007444208	0.0416319516398	-0.00707851640247	-0.0246722704136	-0.0512867562169	0.0168745832167	0.0327137897674	0.0269962037255	0.00452956684562	0.00583221811175	0.0309908423927	-0.0181781929887	0.0405453016852	0.00989457895858	0.0157215834589	0.0108995629819	-0.0262699229642	0.0205407334145	-0.0301852195359	-0.0413575001471	-0.0176181941869	-0.0178942422633	-0.0094351043274	-0.0277425815607	-0.0194857449367	-0.00178850168288	-0.0503436968699	-0.0704263547922	-0.0101201900532	-0.00205853996783	-0.0143271023955	-0.0412906903833	-0.0425865573186
k__Bacteria;p__Firmicutes;c__Clostridia;o__Clostridiales;f__Ruminococcaceae;g__Ruminiclostridium;s__[Eubacterium]_siraeum	0.012688798973	-0.000841529167725	0.0733887194155	-0.0208690358407	-0.0195323644344	-0.0680625948412	0.0598001708274	-0.0193290758392	-0.00232357503659	0.0177437622029	-0.062588459613	0.00769929238161	-0.0149850511839	-0.0582913996189	0.025022126079	0.0135653615413	0.0421092072977	0.00493369708537	0.0316105449928	-0.0118370518439	0.0141820224216	1.0	-0.048317405434	-0.0145665504107	-0.00428176683489	-0.0280881029147	-0.0148716531947	0.00291562259402	0.0170915588165	0.01006788205	0.0232143232045	0.0127244371102	-0.025999335563	0.0225046061753	-0.0363353425989	-0.0358064585908	-0.00781871107451	-0.0116245351858	-0.0639805252375	-0.0317210795901	-0.0618696058713	0.0193735988506	0.0311753393414	-0.00239024256936	-0.0102967369663	-0.0691477989554	0.0285238723611	-0.0170838638528	-0.0185179716702	-0.00153702938543	0.0159497721101	0.0144798806627	-0.0353203995087	-0.013412071338	0.0531511541696	-0.00492234382913	-0.00264279302162	0.0386121336063	-0.000387037761866
k__Bacteria;p__Proteobacteria;c__Betaproteobacteria;o__Burkholderiales;f__Sutterellaceae;g__Parasutterella;s__Parasutterella_excrementihominis	0.00111102283836	-0.0287391367319	-0.034153454763	0.0167588305386	-0.0169309922681	0.0246268120786	-0.0188661488359	0.0416889059125	-0.016720056958	-0.0727313787871	-0.0445283006518	0.0502282693917	0.0163578071812	-0.0109112239913	-0.0167764179955	-0.0658185904306	0.0499172112564	-0.0624839170104	-0.0383094391755	0.049062468681	0.00348848401702	-0.048317405434	1.0	-0.0461959997294	-0.0606748587723	-0.0419408582959	-0.0133329270979	-0.0566053132177	-0.0291289708104	0.0136368921151	-0.0576072428366	0.0190319522561	-0.0518962516806	-0.0351591413411	-0.0440396945784	-0.0239806736794	-0.0423145373752	-0.0128195101825	-0.0147564153855	-0.0690074854964	0.0249878647501	0.0159443354702	0.0227099333975	0.0735086829842	-0.0252580910141	0.042043031686	-0.0470402393411	0.0459680652314	-0.0175857401334	-0.0219161086177	0.062761788548	0.0258425107291	-0.077313778685	-0.0253402252341	0.0200361758469	0.0939312342397	0.0581325700134	-0.032676161636	-0.0132641040837
k__Bacteria;p__Actinobacteria;c__Actinobacteria;o__Bifidobacteriales;f__Bifidobacteriaceae;g__Bifidobacterium;s__Bifidobacterium_adolescentis	-0.0166907965139	-0.0286189367283	-0.0117064337798	0.0047128394528	0.0188904156998	0.00815745383607	-0.0947769259173	-0.0579375098829	-0.0368505018115	0.027597043312	-0.0164834878543	-0.00789471495768	-0.02847787047	0.0319250294376	-0.0123025885772	0.0586856973854	0.0178034239947	-0.0337420976075	0.00452137738293	0.0546615991923	-0.0509710643839	-0.0145665504107	-0.0461959997294	1.0	0.0244539169023	0.0407177736643	-0.0488161791226	0.0334110845726	-0.0720215778121	-0.00688656917448	-0.00167607206145	-0.0323667948358	0.0071199277	-0.0160530890365	-0.027108497015	-0.00819471946658	-0.0350251834187	0.0108454471175	-0.0412602993973	-0.0543440416494	-0.0112991781235	0.00341774907709	-0.00903173636301	0.0454131686618	6.9834182232e-05	0.0280419003424	-0.00758530853956	-0.0154666832478	0.000764466359193	0.0198401323264	-0.04642042985	-0.0116056562422	0.00487673705676	0.0647639041574	0.00839385488106	-0.0430971840483	-0.00944269690223	-0.0803922768056	0.00904945388708
k__Bacteria;p__Firmicutes;c__Clostridia;o__Clostridiales;f__Oscillospiraceae;g__Oscillibacter;s__Oscillibacter_sp._KLE_1745	0.0429129926937	-0.0104080992259	-0.0213305044965	-0.0891138553695	-0.0232931661477	0.0132923999441	-0.0694868891961	-0.00777842436593	-0.0403957608176	0.0558730366439	0.0583028628585	-0.0256020751976	0.000844517489807	-0.0299080553837	-0.0167912584399	-0.028788278242	0.00249990456901	-0.0332707504943	0.00638890439606	-0.0248000218823	0.000212289349317	-0.00428176683489	-0.0606748587723	0.0244539169023	1.0	-0.0311541054917	0.0120471816713	-0.0238885087442	0.0399637777621	-0.0256655571463	0.0282523297258	-0.0186426636798	0.0342559764557	0.012755408715	0.0275712622132	-0.0311841587116	-0.0204283556317	-0.0150103700059	0.0200903990847	-0.00780829968415	0.062312330217	0.00851385016198	0.028148673614	0.0359844349292	0.0223855260071	0.0709564989564	0.0277862829329	-0.00312850847034	-0.00426053305927	0.0218642839058	0.00447302918198	-0.0165009281608	-0.0475195313484	0.0346180798097	0.0105472447615	-0.0287073068704	-0.0120345498238	0.0263807956137	-0.0463935081142
k__Bacteria;p__Bacteroidetes;c__Bacteroidia;o__Bacteroidales;f__Bacteroidaceae;g__Bacteroides;s__Bacteroides_coprophilus	0.0525185939043	0.0560602947953	-0.0297303365092	-0.0556368852319	0.015346774477	0.000229947966774	-0.0201800798852	-0.033747274175	-0.0327698104793	0.00311599519728	0.0299838880222	-0.0679575173572	0.0096514415966	0.045896362657	-0.0100452034675	0.0493438405034	0.0299403640289	0.00787900357698	-0.0143923367011	-0.0480300752206	-0.0023948571209	-0.0280881029147	-0.0419408582959	0.0407177736643	-0.0311541054917	1.0	-0.0147081974172	-0.0124019793375	-0.0146858436414	0.0243658705263	-0.0248176499806	0.0110762341846	-0.0178294144745	0.0127245135398	0.0416748525642	-0.0298790741593	0.0213752672866	0.0240676979746	0.0178190509147	-0.0455078775126	-0.0227443024641	0.00576089618394	0.00104354843425	-0.0449313472631	0.034715685973	-0.0745497346885	0.00756035362535	0.0734633804298	0.0412793970244	-0.0151634811565	0.0428108520356	-0.0659301135674	0.00303654517788	-0.00114141238207	-0.0316245671982	-0.0119613350846	-0.0344057397772	-0.0289241837672	0.0244676888448
k__Bacteria;p__Firmicutes;c__Clostridia;o__Clostridiales;f__Lachnospiraceae;g__Roseburia;s__Roseburia_intestinalis	0.00928313497426	-0.0133455200895	-0.0347503018816	0.00837412534919	-0.0382244437851	0.0185814530109	-0.0349662106428	-0.0419953905244	0.0200452317669	0.00266764067575	0.0736360540735	-0.0422351194368	0.0437242640063	0.0143295917071	0.0288160890507	0.0068411246842	-0.0239485890952	0.0398633464724	0.00447263659645	-0.0191122057114	-0.00229007444208	-0.0148716531947	-0.0133329270979	-0.0488161791226	0.0120471816713	-0.0147081974172	1.0	0.00661785352439	-0.00696331241892	-0.0397241518154	-0.0260678768203	-0.0262417096429	0.0218966165733	0.0292033629568	0.0275457197601	-0.0253559722422	0.0167373746282	-0.0662822135879	-0.026085971613	-0.0290890775452	0.0193336378988	0.00937840908919	0.0118946879628	-0.0172086405796	-0.0816949635943	0.0487340886157	0.0118109000692	0.0130273345965	-0.0441445033221	-0.0285682273004	-0.0690222003982	-0.00914908532478	0.017788641031	-0.019840129227	-0.00660364897155	0.0429686021004	0.0104668734174	0.0162547930741	-0.0301386753769
k__Bacteria;p__Firmicutes;c__Clostridia;o__Clostridiales;f__Lachnospiraceae;g__Roseburia;s__Roseburia_hominis	-0.0174935705227	-0.0846205098903	-0.00215628668276	-0.0879340312612	-0.0944077632831	-0.000997930463536	0.00594546039788	-0.0789353682041	-0.00760699833476	0.00811863007737	-0.022682548223	-0.0482529500411	0.0912717303755	0.00127509007848	0.0147787182229	0.0166188893896	0.00787681730689	0.0290175398478	-0.0187602028581	0.0150115076103	0.0416319516398	0.00291562259402	-0.0566053132177	0.0334110845726	-0.0238885087442	-0.0124019793375	0.00661785352439	1.0	-0.0117037584475	-0.00949631450337	0.0247899503329	0.0106281603392	-0.0299203723246	0.00975214793887	-0.0166103744173	0.0442617200969	0.0372026764274	-0.0152395949372	0.00132886285203	-0.0510563003275	-0.0228250239264	0.00412510008205	-0.00509126036426	0.0528187316157	-0.0394289973406	-0.0345621885301	0.0268776847442	-0.0822186856551	-0.0268907500369	-0.0225304792272	0.00620393576844	-0.0177858691923	0.0313793235674	-0.0136497951122	0.046250391441	-0.025360613787	-0.0453754639438	0.00180853369792	0.0240950280056
k__Bacteria;p__Bacteroidetes;c__Bacteroidia;o__Bacteroidales;f__Porphyromonadaceae;g__Parabacteroides;s__Parabacteroides_johnsonii	-0.0217205828575	0.0450138821884	-0.0891474719612	0.0199571524071	0.0187568431237	-0.00404352832843	0.000430710892357	0.0323407698664	-0.0199523364521	0.00382443067488	-0.0147583529983	-0.0107142196892	-0.0371318616612	-0.0331390473983	-0.0398933590298	-0.0226905812684	-0.0443924170034	0.0453115895649	0.0117894084395	-0.00688791862913	-0.00707851640247	0.0170915588165	-0.0291289708104	-0.0720215778121	0.0399637777621	-0.0146858436414	-0.00696331241892	-0.0117037584475	1.0	-0.00984955097961	-0.0602258893381	0.0176458142683	-0.0360108280315	-0.0173619985701	-0.0195166186531	0.028158236249	0.0576146791463	-0.0205772460293	-0.0285215171026	0.0435208460577	0.0163780077729	0.0258378025199	-0.00752304887485	-0.0370109278332	-0.00605478193804	0.0236355557648	0.0594237510309	-0.0325718703905	-0.00467314364778	-0.0378585206622	-0.0488721118561	-0.0310825982839	0.0522171957464	0.00374463303152	0.0196624473815	0.00989128868163	-0.0263452041125	0.0460919305956	0.0470168253411
k__Bacteria;p__Actinobacteria;c__Actinobacteria;o__Bifidobacteriales;f__Bifidobacteriaceae;g__Bifidobacterium;s__Bifidobacterium_longum	0.0284056245996	0.0189769064305	-0.00917884433963	0.00655313647798	-0.000691458458008	0.00507500669687	-0.00269469655453	-0.0157780018792	-0.00477658693775	0.027154736067	-0.0685220886677	0.0411440453432	-0.0254748111194	-0.0236376281672	-0.0470357604638	-0.0426385964476	-0.0170541633772	-0.0640396529709	0.0136012826632	0.0130386695099	-0.0246722704136	0.01006788205	0.0136368921151	-0.00688656917448	-0.0256655571463	0.0243658705263	-0.0397241518154	-0.00949631450337	-0.00984955097961	1.0	-0.0577362018687	0.0190468630979	-0.0548344963888	-0.0234209047971	-0.0044161273757	0.0160200631555	0.0093609728425	0.013134330445	-0.0450838660245	-0.0723535366461	-0.10351478088	0.0150723729734	-0.00533913800427	-0.0167463454863	-0.00926989839572	8.41862129534e-05	0.03907275269	0.0393540439804	-0.0245844330036	0.029897712702	0.0319059844327	-0.00548269791354	-0.00377387624286	-0.0313870048076	0.0250687481272	-0.0256184169142	0.0263006012596	0.0175711978005	0.00713623057705
