#taxonomy	k__Bacteria;p__Bacteroidetes;c__Bacteroidia;o__Bacteroidales;f__Bacteroidaceae;g__Bacteroides;s__Bacteroides_vulgatus	k__Bacteria;p__Bacteroidetes;c__Bacteroidia;o__Bacteroidales;f__Bacteroidaceae;g__Bacteroides;s__Bacteroides_uniformis	k__Bacteria;p__Bacteroidetes;c__Bacteroidia;o__Bacteroidales;f__Rikenellaceae;g__Alistipes;s__Alistipes_putredinis	k__Bacteria;p__Bacteroidetes;c__Bacteroidia;o__Bacteroidales;f__Prevotellaceae;g__Prevotella;s__Prevotella_copri	k__Bacteria;p__Bacteroidetes;c__Bacteroidia;o__Bacteroidales;f__Bacteroidaceae;g__Bacteroides;s__Bacteroides_stercoris	k__Bacteria;p__Bacteroidetes;c__Bacteroidia;o__Bacteroidales;f__Bacteroidaceae;g__Bacteroides;s__Bacteroides_ovatus	k__Bacteria;p__Bacteroidetes;c__Bacteroidia;o__Bacteroidales;f__Rikenellaceae;g__Alistipes;s__Alistipes_shahii	k__Bacteria;p__Firmicutes;c__Clostridia;o__Clostridiales;f__Ruminococcaceae;g__Faecalibacterium;s__Faecalibacterium_prausnitzii	k__Bacteria;p__Bacteroidetes;c__Bacteroidia;o__Bacteroidales;f__Rikenellaceae;g__Alistipes;s__Alistipes_finegoldii	k__Bacteria;p__Bacteroidetes;c__Bacteroidia;o__Bacteroidales;f__Porphyromonadaceae;g__Parabacteroides;s__Parabacteroides_distasonis	k__Bacteria;p__Bacteroidetes;c__Bacteroidia;o__Bacteroidales;f__Bacteroidaceae;g__Bacteroides;s__Bacteroides_thetaiotaomicron	k__Bacteria;p__Bacteroidetes;c__Bacteroidia;o__Bacteroidales;f__Bacteroidaceae;g__Bacteroides;s__Bacteroides_coprocola	k__Bacteria;p__Bacteroidetes;c__Bacteroidia;o__Bacteroidales;f__Bacteroidaceae;g__Bacteroides;s__Bacteroides_cellulosilyticus	k__Bacteria;p__Bacteroidetes;c__Bacteroidia;o__Bacteroidales;f__Rikenellaceae;g__Alistipes;s__Alistipes_obesi	k__Bacteria;p__Firmicutes;c__Clostridia;o__Clostridiales;f__Lachnospiraceae;g__;s__[Eubacterium]_rectale	k__Bacteria;p__Bacteroidetes;c__Bacteroidia;o__Bacteroidales;f__Bacteroidaceae;g__Bacteroides;s__Bacteroides_plebeius	k__Bacteria;p__Bacteroidetes;c__Bacteroidia;o__Bacteroidales;f__Bacteroidaceae;g__Bacteroides;s__Bacteroides_fragilis	k__Bacteria;p__Proteobacteria;c__Betaproteobacteria;o__Burkholderiales;f__Sutterellaceae;g__Sutterella;s__Sutterella_wadsworthensis	k__Bacteria;p__Bacteroidetes;c__Bacteroidia;o__Bacteroidales;f__Porphyromonadaceae;g__Barnesiella;s__Barnesiella_intestinihominis	k__Bacteria;p__Bacteroidetes;c__Bacteroidia;o__Bacteroidales;f__Odoribacteraceae;g__Odoribacter;s__Odoribacter_splanchnicus	k__Bacteria;p__Bacteroidetes;c__Bacteroidia;o__Bacteroidales;f__Bacteroidaceae;g__Bacteroides;s__Bacteroides_salyersiae	k__Bacteria;p__Firmicutes;c__Clostridia;o__Clostridiales;f__Ruminococcaceae;g__Ruminiclostridium;s__[Eubacterium]_siraeum	k__Bacteria;p__Proteobacteria;c__Betaproteobacteria;o__Burkholderiales;f__Sutterellaceae;g__Parasutterella;s__Parasutterella_excrementihominis	k__Bacteria;p__Actinobacteria;c__Actinobacteria;o__Bifidobacteriales;f__Bifidobacteriaceae;g__Bifidobacterium;s__Bifidobacterium_adolescentis	k__Bacteria;p__Firmicutes;c__Clostridia;o__Clostridiales;f__Oscillospiraceae;g__Oscillibacter;s__Oscillibacter_sp._KLE_1745	k__Bacteria;p__Bacteroidetes;c__Bacteroidia;o__Bacteroidales;f__Bacteroidaceae;g__Bacteroides;s__Bacteroides_coprophilus	k__Bacteria;p__Firmicutes;c__Clostridia;o__Clostridiales;f__Lachnospiraceae;g__Roseburia;s__Roseburia_intestinalis	k__Bacteria;p__Firmicutes;c__Clostridia;o__Clostridiales;f__Lachnospiraceae;g__Roseburia;s__Roseburia_hominis	k__Bacteria;p__Bacteroidetes;c__Bacteroidia;o__Bacteroidales;f__Porphyromonadaceae;g__Parabacteroides;s__Parabacteroides_johnsonii	k__Bacteria;p__Actinobacteria;c__Actinobacteria;o__Bifidobacteriales;f__Bifidobacteriaceae;g__Bifidobacterium;s__Bifidobacterium_longum	k__Bacteria;p__Firmicutes;c__Clostridia;o__Clostridiales;f__;g__Flavonifractor;s__Flavonifractor_plautii	k__Bacteria;p__Firmicutes;c__Clostridia;o__Clostridiales;f__Clostridiaceae;g__Clostridium;s__Clostridium_phoceensis	k__Bacteria;p__Verrucomicrobia;c__Verrucomicrobiae;o__Verrucomicrobiales;f__Akkermansiaceae;g__Akkermansia;s__Akkermansia_muciniphila	k__Bacteria;p__Bacteroidetes;c__Bacteroidia;o__Bacteroidales;f__Prevotellaceae;g__Paraprevotella;s__Paraprevotella_xylaniphila	k__Bacteria;p__Firmicutes;c__Clostridia;o__Clostridiales;f__Ruminococcaceae;g__Ruminococcus;s__Ruminococcus_callidus	k__Bacteria;p__Bacteroidetes;c__Bacteroidia;o__Bacteroidales;f__Rikenellaceae;g__Alistipes;s__Alistipes_senegalensis	k__Bacteria;p__Firmicutes;c__Clostridia;o__Clostridiales;f__Lachnospiraceae;g__Blautia;s__Blautia_sp._KLE_1732	k__Bacteria;p__Bacteroidetes;c__Bacteroidia;o__Bacteroidales;f__Bacteroidaceae;g__Bacteroides;s__Bacteroides_oleiciplenus	k__Bacteria;p__Firmicutes;c__Clostridia;o__Clostridiales;f__Ruminococcaceae;g__Ruminococcus;s__Ruminococcus_bicirculans	k__Bacteria;p__Bacteroidetes;c__Bacteroidia;o__Bacteroidales;f__Bacteroidaceae;g__Bacteroides;s__Bacteroides_fluxus	k__Bacteria;p__Bacteroidetes;c__Bacteroidia;o__Bacteroidales;f__Prevotellaceae;g__Prevotella;s__Prevotella_stercorea	k__Bacteria;p__Firmicutes;c__Clostridia;o__Clostridiales;f__Lachnospiraceae;g__Dorea;s__Dorea_longicatena	k__Bacteria;p__Firmicutes;c__Clostridia;o__Clostridiales;f__Eubacteriaceae;g__Eubacterium;s__[Eubacterium]_eligens	k__Bacteria;p__Firmicutes;c__Clostridia;o__Clostridiales;f__Ruminococcaceae;g__;s__Ruminococcaceae_bacterium_D16	k__Bacteria;p__Firmicutes;c__Clostridia;o__Clostridiales;f__Lachnospiraceae;g__Coprococcus;s__Coprococcus_comes	k__Bacteria;p__Proteobacteria;c__Gammaproteobacteria;o__Enterobacterales;f__Enterobacteriaceae;g__Escherichia;s__Escherichia_coli	k__Bacteria;p__Firmicutes;c__Clostridia;o__Clostridiales;f__Ruminococcaceae;g__Anaerotruncus;s__Anaerotruncus_colihominis	k__Bacteria;p__Firmicutes;c__Clostridia;o__Clostridiales;f__Lachnospiraceae;g__Blautia;s__Blautia_obeum	k__Bacteria;p__Bacteroidetes;c__Bacteroidia;o__Bacteroidales;f__Odoribacteraceae;g__Odoribacter;s__Odoribacter_laneus	k__Bacteria;p__Firmicutes;c__Clostridia;o__Clostridiales;f__Ruminococcaceae;g__Ruminiclostridium;s__[Clostridium]_leptum	k__Bacteria;p__Bacteroidetes;c__Bacteroidia;o__Bacteroidales;f__Porphyromonadaceae;g__Parabacteroides;s__Parabacteroides_goldsteinii	k__Bacteria;p__Firmicutes;c__Clostridia;o__Clostridiales;f__Lachnospiraceae;g__Anaerostipes;s__Anaerostipes_hadrus	k__Bacteria;p__Firmicutes;c__Clostridia;o__Clostridiales;f__Ruminococcaceae;g__Ruminococcus;s__Ruminococcus_lactaris	k__Bacteria;p__Firmicutes;c__Clostridia;o__Clostridiales;f__Clostridiaceae;g__Clostridium;s__Clostridium_sp._L2-50	k__Bacteria;p__Firmicutes;c__Clostridia;o__Clostridiales;f__Clostridiaceae;g__Clostridium;s__Clostridium_sp._M62/1	k__Bacteria;p__Firmicutes;c__Clostridia;o__Clostridiales;f__;g__Intestinimonas;s__Intestinimonas_butyriciproducens	k__Bacteria;p__Actinobacteria;c__Actinobacteria;o__Bifidobacteriales;f__Bifidobacteriaceae;g__Bifidobacterium;s__Bifidobacterium_bifidum	k__Bacteria;p__Firmicutes;c__Negativicutes;o__Veillonellales;f__Veillonellaceae;g__Dialister;s__Dialister_invisus	k__Bacteria;p__Bacteroidetes;c__Bacteroidia;o__Bacteroidales;f__Bacteroidaceae;g__Bacteroides;s__Bacteroides_salanitronis
k__Bacteria;p__Bacteroidetes;c__Bacteroidia;o__Bacteroidales;f__Bacteroidaceae;g__Bacteroides;s__Bacteroides_vulgatus	1.0	-0.0454596363426	-0.0547279472629	-0.0407601909658	-0.00849882991373	0.0541093059289	0.0152546855406	-0.0305765906573	0.000751966502278	0.0532701405762	-0.021598981972	-0.0553715829947	-0.0486906266341	0.00715676313898	-0.0412302220393	0.0198561742393	0.0149072070719	0.026863866197	-0.0387081039389	0.00687726296738	0.0186790158394	-0.0188041318144	0.0688336916387	-0.0195520039248	-0.0108018331149	0.0199104818776	0.00103932183779	-0.0056575912398	0.0116905786389	0.0424405402834	-0.040790224029	-0.00282024347203	-0.00567239652244	-0.0422807360864	-0.113335358151	-0.00778256448117	0.0269998258556	-0.0311168626229	0.0684940171659	0.0212443738303	-0.0422290219463	0.02131358569	-0.013559606982	-0.0125175888548	0.0101918566835	-0.0388601919849	-0.0454066003725	-0.0336640260082	0.035510450087	-0.013369283951	0.00251019073521	0.0515790472944	-0.0480045759262	-0.00169157098986	-0.0215904150786	0.0153619990512	-0.0321014480301	-0.0301730303114	0.0294999098713
k__Bacteria;p__Bacteroidetes;c__Bacteroidia;o__Bacteroidales;f__Bacteroidaceae;g__Bacteroides;s__Bacteroides_uniformis	-0.0454596363426	1.0	0.0113222262067	0.000543746861396	0.0334741662245	-0.00105536122245	-0.00160133855541	-0.0734492701144	0.00603650096084	0.00287344678635	0.0119850493159	-0.00919089412388	-0.0571124236248	-0.0165028914807	-0.0142801190142	0.0137516801378	-0.0186263973296	-0.0369752067437	0.0207283688126	-0.0845936952456	0.00980002918398	-0.00352853641927	-0.00264651402185	-0.0306336167695	-0.0494087021989	-0.0155284303388	0.010981771115	-0.0226563542515	-0.0211225941968	-0.0442682549612	0.00380663584928	0.0413263620301	0.0195335048098	0.0374207315503	0.0641527039961	0.0183116072804	0.00189787949602	-0.0602614308154	0.0235133161726	0.0258221662856	0.0390909453043	-0.00485075826441	0.0381303501339	0.00090444856614	0.00393549326305	-0.00380689060927	0.0456669311483	-0.0609761406577	-0.00804902144064	0.00931818985239	-0.0193949461137	-0.00421669012524	-0.0912512440323	-0.000855807531294	0.00133320019363	-0.0423215020209	-0.0163942276984	-0.0360362858952	0.0525417036953
k__Bacteria;p__Bacteroidetes;c__Bacteroidia;o__Bacteroidales;f__Rikenellaceae;g__Alistipes;s__Alistipes_putredinis	-0.0547279472629	0.0113222262067	1.0	-0.0414698040819	0.0276449766196	-0.0132250115469	0.0619540764845	-0.0432963132654	0.0194639377185	-0.0499791019643	0.037777863619	-0.0250473890461	0.0202365514808	0.0504185636897	0.00914362894494	0.0132411708283	-0.0177397815941	0.0152377890819	0.03101011516	-0.0250151075324	0.000730188436519	0.0401842101097	-0.00962846263764	0.0434851448548	-0.0110923468822	0.0092140333015	-0.0386426160707	-0.036821512408	0.0146945135892	-0.00788641874739	0.0392823614405	-0.0428989301883	-0.00323133131482	-0.0236760186407	0.0559327393363	-0.0084250504481	-0.0212569084294	-0.0116519468325	-0.0886005801662	0.0692107423992	-0.0923401860172	0.0802179729654	-0.0263668428321	0.00123472192572	-0.0207993596455	-0.0567876259458	-0.0208281208539	-0.0236770108863	-0.0939793910479	-0.0206242229515	-0.0824119045006	-0.0197748856015	-0.0353695722713	-0.0221381705179	-0.0639627696455	-0.0206607677696	-0.048583982612	-0.0187336748284	0.00366483726305
k__Bacteria;p__Bacteroidetes;c__Bacteroidia;o__Bacteroidales;f__Prevotellaceae;g__Prevotella;s__Prevotella_copri	-0.0407601909658	0.000543746861396	-0.0414698040819	1.0	0.020037867036	-0.0322784532793	0.0307532571058	0.0331742221815	0.0419693272484	-0.0230098489663	0.0192299303787	0.0187194917371	-0.00237200702682	0.0238664839647	-0.0843106427134	0.0511937101962	-0.0153390276389	0.0492009664334	-0.033815884734	-0.0029470566555	0.0489648736402	-0.0385999291681	0.00535029642166	0.00747740947309	-0.0188477343649	-0.0464052155914	-0.021095010752	0.00787970680299	-0.010577209327	-0.0103012930138	-0.0108308583495	0.0189983240577	-0.039528965401	-0.0373479486043	0.0115336883869	-0.0419347066208	0.0103900303604	-0.00109629364067	0.00702665513443	-0.0248280068205	0.0356429955917	0.0522833784245	0.019804756612	-0.0298439055796	-0.033010277813	-0.0115050101068	-0.0389226296597	-0.0197805105388	-0.0129970845189	-0.0244551774858	0.0144525706198	-0.0144019716257	0.00594657094773	-0.00991125504362	-0.0101594514171	-0.00122808915451	0.0117850918486	-0.0226898807209	-0.0360930595851
k__Bacteria;p__Bacteroidetes;c__Bacteroidia;o__Bacteroidales;f__Bacteroidaceae;g__Bacteroides;s__Bacteroides_stercoris	-0.00849882991373	0.0334741662245	0.0276449766196	0.020037867036	1.0	-0.0185489185243	0.064088934975	0.0181806969725	-0.0288645866894	-0.0255099416037	0.0525328956556	-0.0402532047301	-0.0305923291771	-0.0403108907095	-0.0451603058316	0.0012595229621	-0.0209692520898	-0.0510159529756	-0.00802548073109	-0.0238479794312	0.031893808848	0.00363945802629	-0.0375568690185	-0.0318112746514	-0.0673101596663	-0.00031487755383	-0.0168678539248	-0.0190844111289	-0.020956268622	-0.0745115365743	0.0237166418526	-0.0283906974034	-0.00305387806385	0.0293857521006	-0.016246062224	-0.0367203643269	-0.0140303767055	-0.0862628491608	-0.00314967160808	0.0292429508067	-0.0212375338682	0.0572828294288	-0.0142502065977	-0.0234128540568	0.0211138691217	-0.0175309952249	-0.033998718318	0.0306092391366	-0.0275050559699	-0.00632684653366	-0.0500806667525	0.0215379169549	0.0287830825619	-0.00589238575616	0.0177496375002	0.0594698811296	-0.0216966744135	0.0191128323817	-0.0196639559509
k__Bacteria;p__Bacteroidetes;c__Bacteroidia;o__Bacteroidales;f__Bacteroidaceae;g__Bacteroides;s__Bacteroides_ovatus	0.0541093059289	-0.00105536122245	-0.0132250115469	-0.0322784532793	-0.0185489185243	1.0	-0.00848718039331	-0.0440970414571	-0.0427022921857	-0.0292273312732	-0.00191811272836	-0.00587512895677	-0.0351330029042	-0.0134214535163	-0.0114075247815	0.0295725265352	-0.0330264338578	0.00806566863388	-0.0364720367237	-0.0653111224798	-0.044333318812	-0.0342698899929	-0.0221644767547	-0.00578818031821	0.00301959633371	0.00339904465678	-0.0468147614421	-0.00903509415437	-0.000789736558366	-0.0181162181943	-0.0835380784945	0.0770946507533	-0.0444321535086	-0.012803733789	-0.0256812076924	0.00789964989897	-0.0192947801302	0.0036055187186	0.0310243081187	-0.0103503203444	-0.0141466947505	-0.0495525042755	0.031023284195	0.0336807086887	-0.0078343989297	-0.0181579590754	0.00124254590282	-0.0450382946858	-0.0191776789139	-0.0151942400031	-0.0133335533962	-0.00786458470511	-0.00671443277445	-0.0196148466841	0.0643215488956	-0.016432234266	0.00280840388627	0.0310198878374	-0.0104312364799
k__Bacteria;p__Bacteroidetes;c__Bacteroidia;o__Bacteroidales;f__Rikenellaceae;g__Alistipes;s__Alistipes_shahii	0.0152546855406	-0.00160133855541	0.0619540764845	0.0307532571058	0.064088934975	-0.00848718039331	1.0	0.00895713231894	-0.00487897845128	0.0104443734413	0.018397334694	0.034375365973	-0.0306675410414	-0.00202754504231	-0.0170504840113	-0.029444832658	-0.00598588575056	-0.0351102486359	-0.0164956849958	-0.012235111691	-0.00747089744402	-0.0420900509508	0.0210899740895	-0.0334725637589	0.0237013796107	-0.00220162793389	0.0160272459253	-0.0132823606688	0.00820099093382	-0.0051280815524	-0.0224079246448	0.0270030806919	0.0596259595072	-0.0287894765233	-0.0067645790546	-0.04364923006	-0.005317220846	-0.00443338942085	-0.0224704121704	-0.0155677574084	-0.00918768711724	-0.0218700303811	0.0146641671087	-0.110180269713	0.0441833137541	-0.074188597316	0.0316162678957	-0.0860181063088	-0.0136083785392	-0.0248813131878	-0.0459210527595	-0.0292853758874	-0.0292250373514	0.0308252945754	0.00257687390248	0.0164824086368	0.0397597468141	-0.0574329484642	0.0358743103095
k__Bacteria;p__Firmicutes;c__Clostridia;o__Clostridiales;f__Ruminococcaceae;g__Faecalibacterium;s__Faecalibacterium_prausnitzii	-0.0305765906573	-0.0734492701144	-0.0432963132654	0.0331742221815	0.0181806969725	-0.0440970414571	0.00895713231894	1.0	-0.0545705638791	-0.054584908285	0.0551513298244	-0.0541466389269	-0.0822225578563	-0.0123380476144	-0.0171146032992	-0.0194400731589	-0.00587645442873	0.0372644520264	-0.00664573199551	-0.0754195753103	0.0428361333648	-0.0028547036033	-0.0711042553015	-0.0531484702608	-0.0241584321153	0.0101816133041	-0.0667894071487	0.0368798322322	-0.0228007657805	-0.0372366282894	-0.00702206328201	-0.0294148253554	-0.0413106500575	0.0421839453731	-0.0210066644028	-0.0224110512327	0.0631662547384	-0.055573677158	0.0425070939994	-0.0119344983412	-0.0166802356512	-0.0367184017037	0.0218288553827	0.0279895833935	-0.0166396340638	-0.0124037618224	-0.033722584367	0.0696845850292	-0.0433390372274	0.0171727019105	0.0292928679593	0.00434412578121	-0.0471954790416	0.0200422239877	0.0818743426003	0.0448457521176	-0.0236447330894	-0.0330113173539	0.0215602592333
k__Bacteria;p__Bacteroidetes;c__Bacteroidia;o__Bacteroidales;f__Rikenellaceae;g__Alistipes;s__Alistipes_finegoldii	0.000751966502278	0.00603650096084	0.0194639377185	0.0419693272484	-0.0288645866894	-0.0427022921857	-0.00487897845128	-0.0545705638791	1.0	-0.0346783747896	0.0072163477673	0.0198739581769	-0.0280057091267	-0.0456183135554	-0.025808550498	-0.0223849237426	-0.0247209392119	-0.0629520600821	-0.0567880298526	-0.0231251510139	-0.0202710068857	-0.0681015866831	-0.0131122345237	-0.0353802562989	0.0223022482907	-0.00158373374495	0.00061144322919	-0.00550081876582	0.0626059887348	0.0248830685282	0.0214079152943	-0.0185913756006	0.0480942021285	0.0210354078816	0.00460474105463	-0.00812935412615	0.00411533550462	0.0164226812127	-0.0149617023856	-0.0274217610366	0.0624484911578	0.0401699351267	-0.019449141769	0.0208535618323	-0.0710343856245	-0.0738993027505	-0.0389988949468	0.068091345847	-0.0388781328008	-0.0639282413124	-0.00218118203481	-0.00888945359831	0.0123235808989	-0.0270692058436	0.0114610693827	-0.00475951129974	-0.0377167041204	-0.0146308930805	0.000628389695312
k__Bacteria;p__Bacteroidetes;c__Bacteroidia;o__Bacteroidales;f__Porphyromonadaceae;g__Parabacteroides;s__Parabacteroides_distasonis	0.0532701405762	0.00287344678635	-0.0499791019643	-0.0230098489663	-0.0255099416037	-0.0292273312732	0.0104443734413	-0.054584908285	-0.0346783747896	1.0	0.011506844165	0.00937194354465	-0.053169404399	0.043922374479	-0.0130777100518	-0.00954022623826	-0.041045513058	-0.0117254789092	0.00772673709312	-0.0295749902878	-0.0495472145127	0.0273184544617	0.00291653720392	-0.0109836011594	-0.0538126450714	0.0186966179711	-0.0186180223345	-0.0393511278268	-0.00807448799907	0.0418416216972	0.0346046063603	-0.0495470795434	0.0564378935467	0.0133857934171	-0.00648059115318	0.00934078532855	0.0173215488275	0.0954091903824	0.0424942232394	-0.028875689332	-0.0407775304367	0.0106649198027	0.0105807742168	-0.0497499604232	-0.00361487681821	-0.0437055547006	-0.00529985687912	-0.0174902638082	-0.0055623845983	0.0333110325471	-0.00504433338998	0.0216225366105	0.0167328983979	-0.0219511574912	-0.0023648189657	-0.0243281639169	-0.0208558229563	0.0367235712883	-0.00782454928913
k__Bacteria;p__Bacteroidetes;c__Bacteroidia;o__Bacteroidales;f__Bacteroidaceae;g__Bacteroides;s__Bacteroides_thetaiotaomicron	-0.021598981972	0.0119850493159	0.037777863619	0.0192299303787	0.0525328956556	-0.00191811272836	0.018397334694	0.0551513298244	0.0072163477673	0.011506844165	1.0	-0.0251003199052	-0.0490364174932	0.0168340061509	0.0117693016213	-0.0314332300745	-0.0647449038036	-0.00179539452738	0.058430223921	0.038709027509	-0.0246008038082	-0.0256942000741	-0.0228285088531	0.00952013470002	-0.0123616670473	-0.0718970300962	-0.00492154473438	-0.00474306844522	-0.0847199352724	-0.0432161531917	-0.0498329027716	-0.0272907844059	-0.0221598622668	-0.00103811019844	0.00289302189395	0.0361681069026	-0.0121519988791	0.0234402065507	-0.0224866129189	0.0217181917574	-0.0179675594818	0.0230055334507	0.03859624665	-0.010181486668	0.0370980101199	0.0619401962687	0.00820698507078	0.0741962036136	-0.0513955571525	0.0352122241335	-0.0233711861374	0.0679835360487	-0.0422372042152	0.0574169385536	-0.00787905305732	0.0299313397958	0.0243459030158	-0.00585719506725	-0.0382206948187
k__Bacteria;p__Bacteroidetes;c__Bacteroidia;o__Bacteroidales;f__Bacteroidaceae;g__Bacteroides;s__Bacteroides_coprocola	-0.0553715829947	-0.00919089412388	-0.0250473890461	0.0187194917371	-0.0402532047301	-0.00587512895677	0.034375365973	-0.0541466389269	0.0198739581769	0.00937194354465	-0.0251003199052	1.0	-0.0493175542235	0.0352222824457	-0.0572847557909	0.00824278835609	-0.032757677507	0.00120617938108	0.0156006768281	-0.00253637469737	-0.00854085252989	0.0524254230654	-0.00719276881144	0.026663413273	-0.0180280135224	-0.0322323990382	0.0337767030797	-0.0303165967838	-0.0116495237649	-0.0218035246837	-0.0531796796854	0.0345420993448	0.0622406948016	-0.0179661444511	0.0807120898601	0.00472046507631	0.0242319796997	0.00159343144341	-0.0799395562579	0.0320017381642	-0.0325090121897	-0.0303443262504	-0.028943741907	-0.0461868938411	0.0544773939146	-0.0921710841786	0.00131553362384	-0.017932488417	-0.0575791905208	-0.00570571522528	-0.01310707748	-0.0494662491837	-0.043984508108	-0.0372412578383	0.0718744365434	0.03490801837	-0.0338068149118	0.00989431956714	0.046402291393
k__Bacteria;p__Bacteroidetes;c__Bacteroidia;o__Bacteroidales;f__Bacteroidaceae;g__Bacteroides;s__Bacteroides_cellulosilyticus	-0.0486906266341	-0.0571124236248	0.0202365514808	-0.00237200702682	-0.0305923291771	-0.0351330029042	-0.0306675410414	-0.0822225578563	-0.0280057091267	-0.053169404399	-0.0490364174932	-0.0493175542235	1.0	0.0396895529451	-0.0172904498398	-0.0888736916266	-0.019789628075	0.0165170215406	0.0153771037261	0.0528310432281	-0.00232320411878	0.0135970067412	0.0257223486276	0.00765725358989	-0.00246118536475	-0.12060264021	0.048897660454	0.0413115085337	0.0441729300445	0.00381075007719	0.00305630271029	0.0187058432323	-0.0472104692499	0.068405000402	-0.00536052706594	-0.0112269218922	0.029790270881	0.0202191274756	-0.0120331732294	-0.0145330525646	-0.0592431710198	0.0310654564088	-0.0460032776964	0.0154953100868	-0.00421770590947	-0.0391763958866	-0.0268261325016	-0.042368083731	-0.0170668509467	0.00677937396651	0.00888397194341	-0.00218989018671	-0.036364838604	-0.0380357650976	0.028672407577	-0.00142863140239	-0.00451828190897	0.0430638693447	0.028547283679
k__Bacteria;p__Bacteroidetes;c__Bacteroidia;o__Bacteroidales;f__Rikenellaceae;g__Alistipes;s__Alistipes_obesi	0.00715676313898	-0.0165028914807	0.0504185636897	0.0238664839647	-0.0403108907095	-0.0134214535163	-0.00202754504231	-0.0123380476144	-0.0456183135554	0.043922374479	0.0168340061509	0.0352222824457	0.0396895529451	1.0	0.0448187295924	-0.0518326537522	-0.0172822021056	0.0395899159747	0.0580044281078	0.0321399155827	-0.0248525049992	-0.0169879010294	0.00605623607254	0.00138687440107	-0.0137684989516	-0.047466556579	-0.0255220506758	0.00106877237342	-0.0440504495369	-0.0350731518986	0.0497273695255	-0.0174516768913	-0.0276026643545	-0.0346909425455	-0.0472661209311	0.0533785148005	0.00225793362806	0.0654998460214	-0.0287801244354	-0.0597457059081	0.0423718766867	-0.0362816912942	-0.0259402659263	-0.0202354510812	-0.0393841425989	0.00628792011252	-0.0755507199401	-0.0325846520678	-0.0397933364116	-0.0133987191394	-0.033864119704	-0.00572307674256	0.0279635428935	-0.00765422808473	-0.00933029175361	0.0137386360323	-0.0114670308704	-0.00770617682503	-0.0111101834596
k__Bacteria;p__Firmicutes;c__Clostridia;o__Clostridiales;f__Lachnospiraceae;g__;s__[Eubacterium]_rectale	-0.0412302220393	-0.0142801190142	0.00914362894494	-0.0843106427134	-0.0451603058316	-0.0114075247815	-0.0170504840113	-0.0171146032992	-0.025808550498	-0.0130777100518	0.0117693016213	-0.0572847557909	-0.0172904498398	0.0448187295924	1.0	-0.0274282254973	-0.0749186837886	0.0757590338387	0.0354654936494	0.0518029169947	-0.0580133276587	-0.0132719877699	0.0179971046526	-0.029742442489	0.0315796214179	-0.0832457209182	-0.00131179752748	-0.0175844763348	-0.011851452853	0.0216032446492	-0.00537444778413	-0.0370125456407	-0.042991379719	-0.0485537563938	-0.00942290584596	-0.00239276354272	0.0375121037072	-0.0533040264496	0.0110777095188	-0.0250527583061	0.0227762968718	-0.042389943784	0.0295575341893	-0.00564910193107	0.0665657726176	0.068362430863	0.0338380967728	0.0764218882996	-0.0130997049935	-0.00471576623079	-0.0291411467845	-0.0279086357825	-0.0474752117821	0.00264545977301	0.00166659346399	0.0288942894802	0.0138726775058	-0.0585294949642	-0.0267281878944
k__Bacteria;p__Bacteroidetes;c__Bacteroidia;o__Bacteroidales;f__Bacteroidaceae;g__Bacteroides;s__Bacteroides_plebeius	0.0198561742393	0.0137516801378	0.0132411708283	0.0511937101962	0.0012595229621	0.0295725265352	-0.029444832658	-0.0194400731589	-0.0223849237426	-0.00954022623826	-0.0314332300745	0.00824278835609	-0.0888736916266	-0.0518326537522	-0.0274282254973	1.0	-0.0610433144843	-0.00775342010356	0.0512933219568	-0.0472287375866	0.0783124033455	0.0626576812968	-0.0188760085145	-0.0779384601017	-0.00253363965742	0.0244255020277	0.0250561840228	-0.000654778791341	-0.0151446592684	0.0206212067032	-0.0445066266716	0.00688738148276	0.0323979068033	-0.0521376647789	-0.0153278967234	0.0210169967506	0.0393801720364	0.00950496742793	-0.0863035501469	0.0307218964877	-0.0572509236924	-0.0570117346704	0.0131965504609	-0.0385511643772	0.053262870551	1.54523394771e-05	-0.0326169173081	-0.0248846538602	0.00661561736301	0.0223250864144	0.022833856146	0.00491521218795	0.000470015307182	0.0217716256228	-0.0298626286484	-0.0466553844909	0.00240477958603	-0.0082682913527	0.0159023208082
k__Bacteria;p__Bacteroidetes;c__Bacteroidia;o__Bacteroidales;f__Bacteroidaceae;g__Bacteroides;s__Bacteroides_fragilis	0.0149072070719	-0.0186263973296	-0.0177397815941	-0.0153390276389	-0.0209692520898	-0.0330264338578	-0.00598588575056	-0.00587645442873	-0.0247209392119	-0.041045513058	-0.0647449038036	-0.032757677507	-0.019789628075	-0.0172822021056	-0.0749186837886	-0.0610433144843	1.0	-0.0339290124951	-0.0305785192766	-0.0507974089067	0.016519742193	-0.044991170317	-0.00877780123027	0.0201425056925	0.0104821100477	-0.0331112827663	0.0215419817364	0.0607587192603	0.0074042516067	-0.0648611539212	-0.0578302141688	0.000815046527361	0.010643265362	-0.0452348230433	-0.0634531450258	0.00610823879075	-0.0128618488387	-0.0328578444203	0.0160859283943	-0.0361442727828	-0.0293358105624	-0.0238945751179	0.0186775609424	-0.0130774492064	-0.0491643458322	0.0130973381614	0.0459879154955	0.0265356884117	0.0942123912595	0.0398412814774	0.0576094107831	0.0607104893574	-0.00443898989638	-0.00424873295332	0.0228799256921	-0.0468209656313	0.0754810832567	0.0117570122895	0.0105472849201
k__Bacteria;p__Proteobacteria;c__Betaproteobacteria;o__Burkholderiales;f__Sutterellaceae;g__Sutterella;s__Sutterella_wadsworthensis	0.026863866197	-0.0369752067437	0.0152377890819	0.0492009664334	-0.0510159529756	0.00806566863388	-0.0351102486359	0.0372644520264	-0.0629520600821	-0.0117254789092	-0.00179539452738	0.00120617938108	0.0165170215406	0.0395899159747	0.0757590338387	-0.00775342010356	-0.0339290124951	1.0	-0.0355556261845	-0.0151002913805	0.0263321982594	0.00969759088345	-0.0394833101319	0.00931331896301	0.0125857641332	-0.0267813306221	-0.049916870265	-0.0473030361366	-0.0169591525599	0.0630311585387	-0.0538625187009	-0.0710515671464	-0.0364286456404	0.023955750559	0.0336779109298	0.0113043684214	-0.0424929626732	0.00609113316486	0.00550309927565	0.00928578026206	-0.0694151699851	0.0274664830108	-0.0100612073019	-0.103211740562	-0.0311632654748	-0.0201512021092	0.0418356311534	0.0317093722449	-0.0285561419195	-0.017646181159	0.0380941509242	0.0161179034207	-0.013105752404	0.00626215229368	0.00729092484407	-0.0320843830262	-0.0158886934267	0.00166120061004	0.0140044609338
k__Bacteria;p__Bacteroidetes;c__Bacteroidia;o__Bacteroidales;f__Porphyromonadaceae;g__Barnesiella;s__Barnesiella_intestinihominis	-0.0387081039389	0.0207283688126	0.03101011516	-0.033815884734	-0.00802548073109	-0.0364720367237	-0.0164956849958	-0.00664573199551	-0.0567880298526	0.00772673709312	0.058430223921	0.0156006768281	0.0153771037261	0.0580044281078	0.0354654936494	0.0512933219568	-0.0305785192766	-0.0355556261845	1.0	0.0192064253462	-0.0250200284039	0.0277511912834	-0.0132061501528	0.0153087416531	0.0295602804257	0.0361751476356	0.00122148710775	0.00687305188121	-0.0159251849914	0.0170863579981	0.0239264729209	-0.0472090992896	0.0310549175301	0.0545692545132	0.00558527407869	-0.0152331680316	0.0725276768696	-0.0156557390461	-0.0365706618621	0.00618774600251	0.0303358558911	-0.0253785152041	-0.0371578174333	-0.0139689123847	0.0112372220854	-0.0226368948674	0.0268191668077	0.00346567362926	-0.010198550656	-0.0137507662328	-0.0169925242671	-0.0555895334368	-0.0464267338158	0.00792064397475	-0.0259672680745	-0.0764570006881	-0.0155276820346	0.0383488089262	0.0389934770656
k__Bacteria;p__Bacteroidetes;c__Bacteroidia;o__Bacteroidales;f__Odoribacteraceae;g__Odoribacter;s__Odoribacter_splanchnicus	0.00687726296738	-0.0845936952456	-0.0250151075324	-0.0029470566555	-0.0238479794312	-0.0653111224798	-0.012235111691	-0.0754195753103	-0.0231251510139	-0.0295749902878	0.038709027509	-0.00253637469737	0.0528310432281	0.0321399155827	0.0518029169947	-0.0472287375866	-0.0507974089067	-0.0151002913805	0.0192064253462	1.0	-0.0778241075839	0.0128292722663	0.00759859682316	0.0399062394431	-0.0618152928765	-0.0163925388419	0.00910529826689	0.0359564870547	0.0496483831062	-0.075101787346	0.00387843090917	-0.000657254524581	-0.027831096835	0.0178529696019	0.0491409761631	-0.00620141815187	0.0170531746694	-0.00287043859473	-0.0174059965497	-0.00179304723152	0.0152842384412	0.0444837570403	0.013065925522	-0.0167664749492	0.0125641917843	-0.0531949136481	-0.0328343479593	-0.0482866446755	-0.0474089878139	-0.0132709585278	-0.0948311590369	-0.00949342146171	0.0408043694219	-0.0725357030961	-0.0132791830293	0.0550969139799	-0.0436030419352	0.00953071350232	-0.00726733017793
k__Bacteria;p__Bacteroidetes;c__Bacteroidia;o__Bacteroidales;f__Bacteroidaceae;g__Bacteroides;s__Bacteroides_salyersiae	0.0186790158394	0.00980002918398	0.000730188436519	0.0489648736402	0.031893808848	-0.044333318812	-0.00747089744402	0.0428361333648	-0.0202710068857	-0.0495472145127	-0.0246008038082	-0.00854085252989	-0.00232320411878	-0.0248525049992	-0.0580133276587	0.0783124033455	0.016519742193	0.0263321982594	-0.0250200284039	-0.0778241075839	1.0	0.0197393738797	0.00112701720728	-0.0174383617514	-0.0494947900765	0.0280513091921	0.0248317255828	-9.98337797975e-05	-0.0402121494876	-0.0365462997813	-0.0595808455524	-0.0629754718008	0.053377981712	-0.0310154239076	-0.0109111700955	-0.00198648132959	0.0321172812224	0.0292952840952	-0.0645171247251	0.0247363825191	0.0232741881126	0.0435571915887	0.054440694187	0.00994000244386	-0.028555330852	0.081718444904	0.0316197495167	-0.022152857445	-0.0461515155713	-0.0624663217301	0.00699330526903	-0.00560898236118	0.0460129170363	0.0632515690287	0.0415000167595	-0.0440878552021	0.00645056056702	-0.0395821113724	0.0333450201463
k__Bacteria;p__Firmicutes;c__Clostridia;o__Clostridiales;f__Ruminococcaceae;g__Ruminiclostridium;s__[Eubacterium]_siraeum	-0.0188041318144	-0.00352853641927	0.0401842101097	-0.0385999291681	0.00363945802629	-0.0342698899929	-0.0420900509508	-0.0028547036033	-0.0681015866831	0.0273184544617	-0.0256942000741	0.0524254230654	0.0135970067412	-0.0169879010294	-0.0132719877699	0.0626576812968	-0.044991170317	0.00969759088345	0.0277511912834	0.0128292722663	0.0197393738797	1.0	-0.0503940852004	0.0167875425207	0.0137868503579	0.00292946250027	-0.0262907524987	0.00636799626935	0.0210021438639	-0.0377634446395	-0.0190231531129	-0.0289723536763	-0.0615051764433	-0.0429552935676	0.0255161540419	-0.0481092312032	-0.0058949976886	0.000660133238485	-0.0276300759798	0.0544017260168	-0.0607173874725	-0.0621866994702	0.0178933412935	0.0347148575983	0.0292393516306	0.00324316438509	-0.0161123166494	0.0028080634523	0.0103793519734	-0.0608772503747	-0.00258852066614	-0.0109133222782	0.00606358969865	-0.0348673117668	-0.0466642964235	0.0197047613536	-0.0406206984099	-0.0180021630411	-0.0438513543558
k__Bacteria;p__Proteobacteria;c__Betaproteobacteria;o__Burkholderiales;f__Sutterellaceae;g__Parasutterella;s__Parasutterella_excrementihominis	0.0688336916387	-0.00264651402185	-0.00962846263764	0.00535029642166	-0.0375568690185	-0.0221644767547	0.0210899740895	-0.0711042553015	-0.0131122345237	0.00291653720392	-0.0228285088531	-0.00719276881144	0.0257223486276	0.00605623607254	0.0179971046526	-0.0188760085145	-0.00877780123027	-0.0394833101319	-0.0132061501528	0.00759859682316	0.00112701720728	-0.0503940852004	1.0	-0.055320585324	-0.0636935202149	-0.0809139138601	-0.0484508270752	-0.0853412330145	0.0105009844707	-0.0333880472533	-0.0231137821357	0.0269247710225	0.0164941588553	-0.0247979192495	0.0139506409112	-0.00746378779298	0.0220976208947	-0.0241836332959	0.0421703937298	0.0079591673859	-0.00155517604333	0.0986140620597	-0.0394660142611	0.0271247135166	-0.0366708421466	0.0342913171948	-0.0450411509643	0.00108638974165	-0.0312423677461	0.00293480952733	0.0121301636028	-0.039670248973	-0.0151018430534	0.0329788207624	0.0102745057249	0.0264090094961	-0.0252976884343	0.0240448601272	0.0011855221133
k__Bacteria;p__Actinobacteria;c__Actinobacteria;o__Bifidobacteriales;f__Bifidobacteriaceae;g__Bifidobacterium;s__Bifidobacterium_adolescentis	-0.0195520039248	-0.0306336167695	0.0434851448548	0.00747740947309	-0.0318112746514	-0.00578818031821	-0.0334725637589	-0.0531484702608	-0.0353802562989	-0.0109836011594	0.00952013470002	0.026663413273	0.00765725358989	0.00138687440107	-0.029742442489	-0.0779384601017	0.0201425056925	0.00931331896301	0.0153087416531	0.0399062394431	-0.0174383617514	0.0167875425207	-0.055320585324	1.0	-0.00600689975477	0.068356005138	0.00432613604784	-0.00918152980039	0.0248278929922	-0.0171948806879	-0.0294049148618	0.0377106430852	-0.00857379380792	-0.0258880830361	-0.0719577842284	-0.0259145609191	-0.0015411195048	-0.0389145108423	-0.0242874223281	-0.0287124809876	0.0670543574004	-0.0329912670394	-0.0234503533269	0.0456512746885	-0.0292619961663	0.058066335646	-0.0130739201479	-0.0239548056536	0.00670743465168	0.00774441496313	0.00918144298786	-0.00967773919135	-0.0531301427281	-0.0239814980907	0.00546211371934	0.0204408563381	-0.0272559554446	0.0532774296014	-0.0419882957888
k__Bacteria;p__Firmicutes;c__Clostridia;o__Clostridiales;f__Oscillospiraceae;g__Oscillibacter;s__Oscillibacter_sp._KLE_1745	-0.0108018331149	-0.0494087021989	-0.0110923468822	-0.0188477343649	-0.0673101596663	0.00301959633371	0.0237013796107	-0.0241584321153	0.0223022482907	-0.0538126450714	-0.0123616670473	-0.0180280135224	-0.00246118536475	-0.0137684989516	0.0315796214179	-0.00253363965742	0.0104821100477	0.0125857641332	0.0295602804257	-0.0618152928765	-0.0494947900765	0.0137868503579	-0.0636935202149	-0.00600689975477	1.0	-0.0414917356195	-0.00216701778484	-0.0415402248156	0.0504404307888	0.0127323732655	-0.0556601289192	0.054421684217	-0.0350104376761	-0.0203389451538	-0.0380152777187	0.0414401518437	0.00336015023622	-0.0441314719306	-0.0463038117086	-0.0114135853712	0.038612193571	-0.0199826399237	0.00245830911001	-0.0175743380242	-0.0407503544168	-0.019883963563	-0.0708123106142	0.00228661237753	-0.0128609841256	0.00602330250923	-0.0255526188053	-0.0383395894985	0.0407091491242	-0.0109967117494	-0.0333486972222	0.0398364282633	0.0573040992836	-0.033313581551	-0.0288730744587
k__Bacteria;p__Bacteroidetes;c__Bacteroidia;o__Bacteroidales;f__Bacteroidaceae;g__Bacteroides;s__Bacteroides_coprophilus	0.0199104818776	-0.0155284303388	0.0092140333015	-0.0464052155914	-0.000314877553829	0.00339904465678	-0.00220162793389	0.0101816133041	-0.00158373374495	0.0186966179711	-0.0718970300962	-0.0322323990382	-0.12060264021	-0.047466556579	-0.0832457209182	0.0244255020277	-0.0331112827663	-0.0267813306221	0.0361751476356	-0.0163925388419	0.0280513091921	0.00292946250027	-0.0809139138601	0.068356005138	-0.0414917356195	1.0	0.0221548441274	0.0541854355051	-0.0134046966564	-0.00494427415835	0.0245217816606	0.00375941652494	0.0151850406248	0.00376724779687	-0.00596300584634	-0.00754073940824	-0.0116746353205	-0.049206564021	0.0106572507825	-0.0246516574609	0.0356082208012	-0.0161229176057	0.057285515673	0.0103929295845	0.0451374148437	0.0365487877074	0.0342767250338	-0.0301048564174	-0.0224633710012	0.009043867481	-0.0435162768729	-0.0066678341107	0.0452280256044	-0.00216073849437	-0.00371560698585	0.0141536520786	0.0200177412387	-0.0304771542586	-0.0180612806019
k__Bacteria;p__Firmicutes;c__Clostridia;o__Clostridiales;f__Lachnospiraceae;g__Roseburia;s__Roseburia_intestinalis	0.00103932183779	0.010981771115	-0.0386426160707	-0.021095010752	-0.0168678539248	-0.0468147614421	0.0160272459253	-0.0667894071487	0.00061144322919	-0.0186180223345	-0.00492154473438	0.0337767030797	0.048897660454	-0.0255220506758	-0.00131179752748	0.0250561840228	0.0215419817364	-0.049916870265	0.00122148710775	0.00910529826689	0.0248317255828	-0.0262907524987	-0.0484508270752	0.00432613604784	-0.00216701778484	0.0221548441274	1.0	-0.0585182366692	-0.0644945304806	0.0348464639404	0.0438454559888	0.00969345830786	0.0137154005104	0.0163362870782	-0.027555560325	0.0402215232831	-0.0359276088476	0.0135820607504	0.00348810937868	0.0396479289183	-0.00140880274541	-0.0286516004465	-0.0348898762963	0.00401840122506	0.0142925703765	-0.0241466223639	-0.0250556507683	-0.0354330922857	-0.00711783598556	-0.0534866899583	0.0124149334232	-0.00848969712171	0.0266424269621	-0.0220704428112	-0.0061308882678	-0.0291089609191	-0.0412232168921	0.0013478527987	-0.0183318035475
k__Bacteria;p__Firmicutes;c__Clostridia;o__Clostridiales;f__Lachnospiraceae;g__Roseburia;s__Roseburia_hominis	-0.0056575912398	-0.0226563542515	-0.036821512408	0.00787970680299	-0.0190844111289	-0.00903509415437	-0.0132823606688	0.0368798322322	-0.00550081876582	-0.0393511278268	-0.00474306844522	-0.0303165967838	0.0413115085337	0.00106877237342	-0.0175844763348	-0.000654778791341	0.0607587192603	-0.0473030361366	0.00687305188121	0.0359564870547	-9.98337797975e-05	0.00636799626935	-0.0853412330145	-0.00918152980039	-0.0415402248156	0.0541854355051	-0.0585182366692	1.0	-0.0206197001361	-0.00164188531896	-0.019036985655	-0.00390042189458	0.00503657837886	0.026981500678	-0.00687744891801	-0.0199863092848	-0.0438577771873	-0.0076919376074	-0.0767732342709	0.0435123215274	-0.0745883991624	-0.0217179923745	0.00879789683832	-0.0114746675534	-0.00696712307884	-0.0292874545879	0.0509570382174	-0.00957784467623	-0.0395611022767	0.00081515746407	0.0207461030116	0.0118117238289	-0.0183831113628	-0.0127464153688	-0.0735206025279	-0.0127462846123	0.00667718625721	0.00160322460963	-0.0333808423804
k__Bacteria;p__Bacteroidetes;c__Bacteroidia;o__Bacteroidales;f__Porphyromonadaceae;g__Parabacteroides;s__Parabacteroides_johnsonii	0.0116905786389	-0.0211225941968	0.0146945135892	-0.010577209327	-0.020956268622	-0.000789736558366	0.00820099093382	-0.0228007657805	0.0626059887348	-0.00807448799907	-0.0847199352724	-0.0116495237649	0.0441729300445	-0.0440504495369	-0.011851452853	-0.0151446592684	0.0074042516067	-0.0169591525599	-0.0159251849914	0.0496483831062	-0.0402121494876	0.0210021438639	0.0105009844707	0.0248278929922	0.0504404307888	-0.0134046966564	-0.0644945304806	-0.0206197001361	1.0	-0.0428826597787	-0.0624286256073	-0.0484069081019	-0.0303250854922	0.0178480126792	0.0607487020137	-0.00715246989981	-0.00536275479172	0.0431693035055	-0.00068784045901	-0.00783507920046	-0.0309976037037	-0.0304988950602	0.0147920887325	-0.0576238497792	0.0552229339481	0.025066798472	0.0358959257053	0.0259946401485	0.0330887519761	0.0398866273397	-0.0568274378966	-0.0561674891795	-0.0508818310937	-0.0108220363838	-0.0435730873807	0.00874608570721	-0.00710606445698	-0.0494630908661	-0.0372412386214
k__Bacteria;p__Actinobacteria;c__Actinobacteria;o__Bifidobacteriales;f__Bifidobacteriaceae;g__Bifidobacterium;s__Bifidobacterium_longum	0.0424405402834	-0.0442682549612	-0.00788641874739	-0.0103012930138	-0.0745115365743	-0.0181162181943	-0.0051280815524	-0.0372366282894	0.0248830685282	0.0418416216972	-0.0432161531917	-0.0218035246837	0.00381075007719	-0.0350731518986	0.0216032446492	0.0206212067032	-0.0648611539212	0.0630311585387	0.0170863579981	-0.075101787346	-0.0365462997813	-0.0377634446395	-0.0333880472533	-0.0171948806879	0.0127323732655	-0.00494427415835	0.0348464639404	-0.00164188531896	-0.0428826597787	1.0	0.0183521261341	0.00985009363925	0.0124334389605	-0.0632830043384	0.000802122479823	-0.0181413982152	-0.032845734588	-0.0251035713773	0.0326708877857	0.0286855829946	-0.0204232340959	-0.0160124859424	-0.0504414780802	-0.0437073663985	-0.0212882090857	-0.0150233473437	-0.0311494320855	0.0201926693902	0.0495723724468	-0.03422368787	0.0174756209922	-0.0845879622538	-0.0646530135174	-0.000383624871939	0.0161223662437	-0.00286490020011	0.0787898253302	0.0451622693526	-0.05199721347
