#taxonomy	k__Bacteria;p__Bacteroidetes;c__Bacteroidia;o__Bacteroidales;f__Bacteroidaceae;g__Bacteroides;s__Bacteroides_vulgatus	k__Bacteria;p__Bacteroidetes;c__Bacteroidia;o__Bacteroidales;f__Bacteroidaceae;g__Bacteroides;s__Bacteroides_uniformis	k__Bacteria;p__Bacteroidetes;c__Bacteroidia;o__Bacteroidales;f__Rikenellaceae;g__Alistipes;s__Alistipes_putredinis	k__Bacteria;p__Bacteroidetes;c__Bacteroidia;o__Bacteroidales;f__Prevotellaceae;g__Prevotella;s__Prevotella_copri	k__Bacteria;p__Bacteroidetes;c__Bacteroidia;o__Bacteroidales;f__Bacteroidaceae;g__Bacteroides;s__Bacteroides_stercoris	k__Bacteria;p__Bacteroidetes;c__Bacteroidia;o__Bacteroidales;f__Bacteroidaceae;g__Bacteroides;s__Bacteroides_ovatus	k__Bacteria;p__Bacteroidetes;c__Bacteroidia;o__Bacteroidales;f__Rikenellaceae;g__Alistipes;s__Alistipes_shahii	k__Bacteria;p__Firmicutes;c__Clostridia;o__Clostridiales;f__Ruminococcaceae;g__Faecalibacterium;s__Faecalibacterium_prausnitzii	k__Bacteria;p__Bacteroidetes;c__Bacteroidia;o__Bacteroidales;f__Rikenellaceae;g__Alistipes;s__Alistipes_finegoldii	k__Bacteria;p__Bacteroidetes;c__Bacteroidia;o__Bacteroidales;f__Porphyromonadaceae;g__Parabacteroides;s__Parabacteroides_distasonis	k__Bacteria;p__Bacteroidetes;c__Bacteroidia;o__Bacteroidales;f__Bacteroidaceae;g__Bacteroides;s__Bacteroides_thetaiotaomicron	k__Bacteria;p__Bacteroidetes;c__Bacteroidia;o__Bacteroidales;f__Bacteroidaceae;g__Bacteroides;s__Bacteroides_coprocola	k__Bacteria;p__Bacteroidetes;c__Bacteroidia;o__Bacteroidales;f__Bacteroidaceae;g__Bacteroides;s__Bacteroides_cellulosilyticus	k__Bacteria;p__Bacteroidetes;c__Bacteroidia;o__Bacteroidales;f__Rikenellaceae;g__Alistipes;s__Alistipes_obesi	k__Bacteria;p__Firmicutes;c__Clostridia;o__Clostridiales;f__Lachnospiraceae;g__;s__[Eubacterium]_rectale	k__Bacteria;p__Bacteroidetes;c__Bacteroidia;o__Bacteroidales;f__Bacteroidaceae;g__Bacteroides;s__Bacteroides_plebeius	k__Bacteria;p__Bacteroidetes;c__Bacteroidia;o__Bacteroidales;f__Bacteroidaceae;g__Bacteroides;s__Bacteroides_fragilis	k__Bacteria;p__Proteobacteria;c__Betaproteobacteria;o__Burkholderiales;f__Sutterellaceae;g__Sutterella;s__Sutterella_wadsworthensis	k__Bacteria;p__Bacteroidetes;c__Bacteroidia;o__Bacteroidales;f__Porphyromonadaceae;g__Barnesiella;s__Barnesiella_intestinihominis	k__Bacteria;p__Bacteroidetes;c__Bacteroidia;o__Bacteroidales;f__Odoribacteraceae;g__Odoribacter;s__Odoribacter_splanchnicus	k__Bacteria;p__Bacteroidetes;c__Bacteroidia;o__Bacteroidales;f__Bacteroidaceae;g__Bacteroides;s__Bacteroides_salyersiae	k__Bacteria;p__Firmicutes;c__Clostridia;o__Clostridiales;f__Ruminococcaceae;g__Ruminiclostridium;s__[Eubacterium]_siraeum	k__Bacteria;p__Proteobacteria;c__Betaproteobacteria;o__Burkholderiales;f__Sutterellaceae;g__Parasutterella;s__Parasutterella_excrementihominis	k__Bacteria;p__Actinobacteria;c__Actinobacteria;o__Bifidobacteriales;f__Bifidobacteriaceae;g__Bifidobacterium;s__Bifidobacterium_adolescentis	k__Bacteria;p__Firmicutes;c__Clostridia;o__Clostridiales;f__Oscillospiraceae;g__Oscillibacter;s__Oscillibacter_sp._KLE_1745	k__Bacteria;p__Bacteroidetes;c__Bacteroidia;o__Bacteroidales;f__Bacteroidaceae;g__Bacteroides;s__Bacteroides_coprophilus	k__Bacteria;p__Firmicutes;c__Clostridia;o__Clostridiales;f__Lachnospiraceae;g__Roseburia;s__Roseburia_intestinalis	k__Bacteria;p__Firmicutes;c__Clostridia;o__Clostridiales;f__Lachnospiraceae;g__Roseburia;s__Roseburia_hominis	k__Bacteria;p__Bacteroidetes;c__Bacteroidia;o__Bacteroidales;f__Porphyromonadaceae;g__Parabacteroides;s__Parabacteroides_johnsonii	k__Bacteria;p__Actinobacteria;c__Actinobacteria;o__Bifidobacteriales;f__Bifidobacteriaceae;g__Bifidobacterium;s__Bifidobacterium_longum	k__Bacteria;p__Firmicutes;c__Clostridia;o__Clostridiales;f__;g__Flavonifractor;s__Flavonifractor_plautii	k__Bacteria;p__Firmicutes;c__Clostridia;o__Clostridiales;f__Clostridiaceae;g__Clostridium;s__Clostridium_phoceensis	k__Bacteria;p__Verrucomicrobia;c__Verrucomicrobiae;o__Verrucomicrobiales;f__Akkermansiaceae;g__Akkermansia;s__Akkermansia_muciniphila	k__Bacteria;p__Bacteroidetes;c__Bacteroidia;o__Bacteroidales;f__Prevotellaceae;g__Paraprevotella;s__Paraprevotella_xylaniphila	k__Bacteria;p__Firmicutes;c__Clostridia;o__Clostridiales;f__Ruminococcaceae;g__Ruminococcus;s__Ruminococcus_callidus	k__Bacteria;p__Bacteroidetes;c__Bacteroidia;o__Bacteroidales;f__Rikenellaceae;g__Alistipes;s__Alistipes_senegalensis	k__Bacteria;p__Firmicutes;c__Clostridia;o__Clostridiales;f__Lachnospiraceae;g__Blautia;s__Blautia_sp._KLE_1732	k__Bacteria;p__Bacteroidetes;c__Bacteroidia;o__Bacteroidales;f__Bacteroidaceae;g__Bacteroides;s__Bacteroides_oleiciplenus	k__Bacteria;p__Firmicutes;c__Clostridia;o__Clostridiales;f__Ruminococcaceae;g__Ruminococcus;s__Ruminococcus_bicirculans	k__Bacteria;p__Bacteroidetes;c__Bacteroidia;o__Bacteroidales;f__Bacteroidaceae;g__Bacteroides;s__Bacteroides_fluxus	k__Bacteria;p__Bacteroidetes;c__Bacteroidia;o__Bacteroidales;f__Prevotellaceae;g__Prevotella;s__Prevotella_stercorea	k__Bacteria;p__Firmicutes;c__Clostridia;o__Clostridiales;f__Lachnospiraceae;g__Dorea;s__Dorea_longicatena	k__Bacteria;p__Firmicutes;c__Clostridia;o__Clostridiales;f__Eubacteriaceae;g__Eubacterium;s__[Eubacterium]_eligens	k__Bacteria;p__Firmicutes;c__Clostridia;o__Clostridiales;f__Ruminococcaceae;g__;s__Ruminococcaceae_bacterium_D16	k__Bacteria;p__Firmicutes;c__Clostridia;o__Clostridiales;f__Lachnospiraceae;g__Coprococcus;s__Coprococcus_comes	k__Bacteria;p__Proteobacteria;c__Gammaproteobacteria;o__Enterobacterales;f__Enterobacteriaceae;g__Escherichia;s__Escherichia_coli	k__Bacteria;p__Firmicutes;c__Clostridia;o__Clostridiales;f__Ruminococcaceae;g__Anaerotruncus;s__Anaerotruncus_colihominis	k__Bacteria;p__Firmicutes;c__Clostridia;o__Clostridiales;f__Lachnospiraceae;g__Blautia;s__Blautia_obeum	k__Bacteria;p__Bacteroidetes;c__Bacteroidia;o__Bacteroidales;f__Odoribacteraceae;g__Odoribacter;s__Odoribacter_laneus	k__Bacteria;p__Firmicutes;c__Clostridia;o__Clostridiales;f__Ruminococcaceae;g__Ruminiclostridium;s__[Clostridium]_leptum	k__Bacteria;p__Bacteroidetes;c__Bacteroidia;o__Bacteroidales;f__Porphyromonadaceae;g__Parabacteroides;s__Parabacteroides_goldsteinii	k__Bacteria;p__Firmicutes;c__Clostridia;o__Clostridiales;f__Lachnospiraceae;g__Anaerostipes;s__Anaerostipes_hadrus	k__Bacteria;p__Firmicutes;c__Clostridia;o__Clostridiales;f__Ruminococcaceae;g__Ruminococcus;s__Ruminococcus_lactaris	k__Bacteria;p__Firmicutes;c__Clostridia;o__Clostridiales;f__Clostridiaceae;g__Clostridium;s__Clostridium_sp._L2-50	k__Bacteria;p__Firmicutes;c__Clostridia;o__Clostridiales;f__Clostridiaceae;g__Clostridium;s__Clostridium_sp._M62/1	k__Bacteria;p__Firmicutes;c__Clostridia;o__Clostridiales;f__;g__Intestinimonas;s__Intestinimonas_butyriciproducens	k__Bacteria;p__Actinobacteria;c__Actinobacteria;o__Bifidobacteriales;f__Bifidobacteriaceae;g__Bifidobacterium;s__Bifidobacterium_bifidum	k__Bacteria;p__Firmicutes;c__Negativicutes;o__Veillonellales;f__Veillonellaceae;g__Dialister;s__Dialister_invisus	k__Bacteria;p__Bacteroidetes;c__Bacteroidia;o__Bacteroidales;f__Bacteroidaceae;g__Bacteroides;s__Bacteroides_salanitronis
k__Bacteria;p__Bacteroidetes;c__Bacteroidia;o__Bacteroidales;f__Bacteroidaceae;g__Bacteroides;s__Bacteroides_vulgatus	1.0	-0.0165284626407	0.0429628380792	-0.0133293137009	-0.0233800383628	-0.0397088690954	0.0150633871135	-0.04170627803	0.0376860397168	0.0123940725397	0.0448268754661	-0.0177775355517	0.0689811693037	-0.0416148390366	-0.0584452645772	0.0531993757904	0.0633681936586	-0.0261579014276	-0.0620755104376	-0.0436523682907	-0.020751292395	0.0042437970014	-0.0375388874634	0.0363901468224	0.0175740590942	-0.0569337565395	-0.0532607313929	0.0244133893837	0.00645327813234	0.00872846044465	0.000463927224504	-0.0133499512632	-0.040631520374	-0.0426579502699	-0.035528572269	-0.0261432260511	-0.0273247320543	-0.0401604488601	-0.0292998946309	0.0272171207437	0.0234696156828	-0.0613237319696	-0.0423182762315	-0.0563959855635	0.0178596011436	0.0269025803971	-0.0168634273611	0.0444726279528	-0.00199398323359	0.00341921373793	0.0484303032576	0.00396769797434	0.0217486354183	-0.0562450010401	0.0100938594612	0.0147348090181	-0.0187186717624	-0.00273481470317	-0.016927488638
k__Bacteria;p__Bacteroidetes;c__Bacteroidia;o__Bacteroidales;f__Bacteroidaceae;g__Bacteroides;s__Bacteroides_uniformis	-0.0165284626407	1.0	0.0222322974438	0.0209956599963	-0.0489058722868	-0.00946087302767	-0.0283702759131	0.00141486502915	-0.0201991619843	-0.0107931363706	-0.0152433636142	0.0451843031682	-0.00850481255461	-0.00137627160955	-0.0927861557873	-0.0239664941744	-0.0362744677992	-0.0319579614139	0.0590349071211	0.00854665478135	-0.00330352993815	-0.0472828675633	0.0348806762706	-0.0111582069638	-0.0110495186612	-0.000508166645329	0.0080585172466	0.0029025063861	-0.0474375109066	0.0489250084398	0.0342744574385	-0.046612595832	0.0292744984809	0.0209721255601	-0.0915807399421	0.0468219357055	-0.0172002481559	0.00545263728895	-0.0647169459589	-0.0599665133649	-0.0322903542681	-0.0280938286979	-0.0657036329204	-0.00411187095495	-0.0164066465926	-0.00392001701369	-0.0158430983166	0.0182318382214	0.0747382573502	-0.0648312609752	-0.0244529380884	-0.0223102731127	0.0514750613836	-0.0401751140971	0.021153346533	0.0173541667701	0.0342167053915	-0.00955750447248	0.0485906376452
k__Bacteria;p__Bacteroidetes;c__Bacteroidia;o__Bacteroidales;f__Rikenellaceae;g__Alistipes;s__Alistipes_putredinis	0.0429628380792	0.0222322974438	1.0	-0.0682611160349	-0.0604700887097	-0.0384957388877	0.0176855452183	0.0664753330676	-0.0189977221076	-0.104735616126	-0.028290356098	0.00258431216221	-0.0566924530366	-0.0396607065723	0.0151029648127	-0.0284839989299	-0.0814444309487	-0.0215821974182	-0.000348669417973	0.000474191326801	-0.0407442397362	-0.0277909380251	-0.0424530602663	-0.0201976111447	0.0538244196717	-0.00679210050288	-0.00133264468564	0.0254903305055	-0.00652039971555	0.0160052164153	-0.00614891206178	-0.0255760832394	-0.0162378203648	-0.0184068108738	0.0129020125692	-0.0343174034733	0.0292572081131	-0.0200661195378	0.0213769099554	-0.0779525076409	-0.0214628957202	0.0199039821234	0.0428143983161	-0.00662387608387	-0.0268028991906	-0.0432311974787	0.0304106513091	0.0172556833027	-0.0415570699576	0.0527099770726	-0.00810278205616	-0.0497428955202	-0.0059883705076	0.0056923405976	-0.00372270125173	-0.0158209356734	-0.00734820514622	0.00329648595591	0.0252383496277
k__Bacteria;p__Bacteroidetes;c__Bacteroidia;o__Bacteroidales;f__Prevotellaceae;g__Prevotella;s__Prevotella_copri	-0.0133293137009	0.0209956599963	-0.0682611160349	1.0	-0.00437984175155	-0.0283071274879	0.00789736566456	-0.0841856813021	-0.00116421778009	0.0574884377755	-0.0656813814431	-0.0395585754881	0.000652314829692	0.0191843736265	-0.0576426624297	-0.0169986170923	-0.0106542821084	0.000167231245206	0.056286548777	-0.0202780547296	0.0273447240578	-0.0528444488498	0.0180742108237	0.0196218123829	-0.0126526481866	0.00324430581922	-0.0711537270475	-0.00786207321715	0.00395798371021	-0.0502250224956	-0.0146509706816	0.0275419039247	-0.0118124111364	-0.0337031320831	-0.0129362087754	0.0512728699542	-0.0814716941513	0.0296680087291	-0.0393126984392	-0.0444243606366	0.0150053380997	0.0127537152915	0.0542961510167	-0.050261179566	0.0180558363724	0.00765553626582	0.00302710268885	0.0250592688389	0.0294820470773	-0.0458728704376	-0.0627852204537	-0.0265862251543	-0.00209571898519	0.0103570221822	0.0362352457788	0.0126472765961	0.0284768234808	-0.0308437431342	0.0117637882207
k__Bacteria;p__Bacteroidetes;c__Bacteroidia;o__Bacteroidales;f__Bacteroidaceae;g__Bacteroides;s__Bacteroides_stercoris	-0.0233800383628	-0.0489058722868	-0.0604700887097	-0.00437984175155	1.0	0.0118816379896	0.00874549154978	-0.00546713416483	-0.0431777144798	0.0427901081406	-0.0116949557389	0.00708111557826	0.000552485835805	-0.00858257490902	-0.0031507850391	-0.0363189082055	-0.0176864162805	-0.0131370972793	-0.0092613964786	-0.0333222950897	-0.0612468584083	-0.0540116062051	-3.09727520009e-05	0.0124291856883	-0.00478380670934	0.051649419403	-0.062799031128	-0.0190982678598	-0.0285774087761	0.0373737401381	-0.0941896355656	-0.0712479158177	0.00705628595458	0.00690820132134	0.0185685934875	0.0144618374636	-0.0110028972063	-0.074122913733	-0.00589755538259	0.023077528123	-0.0289825344498	-0.0682600510274	-0.0159366832822	-0.0208490051918	-0.00669722582446	-0.0548068031097	-0.017621110062	0.0204313260273	0.0184736092007	0.0434416440968	0.00929260224116	0.0554808716028	-0.050374097438	0.0467921152097	0.0478914758415	-0.000655438111781	0.0429795980454	0.0311937472946	0.00364446147614
k__Bacteria;p__Bacteroidetes;c__Bacteroidia;o__Bacteroidales;f__Bacteroidaceae;g__Bacteroides;s__Bacteroides_ovatus	-0.0397088690954	-0.00946087302767	-0.0384957388877	-0.0283071274879	0.0118816379896	1.0	-0.0784535545935	-0.038736916697	0.00159085538526	-0.0702617154304	-0.0054428519308	0.0194106863631	-0.030268738892	-0.0353117727425	0.0378420866993	-0.013104196494	-0.0369624679615	0.0552062782208	0.0256352268815	0.00591927144985	0.0418928996267	0.0230970893125	0.0448953341687	0.0264450685611	-0.0536926689826	-0.00352588781291	-0.00467622472374	0.00964032441642	-0.0312392438732	-0.00690166806303	0.0501350710932	-0.0240403663745	-0.0491753447423	0.0108060917812	-0.0163793851712	-0.0624531512747	0.0250246548618	0.028347691029	-0.0351849437989	0.0610746236981	0.00615834973233	0.0230063238344	-0.0482198575814	-0.056565917483	-0.0225878390535	0.0388198327743	-0.0303615557277	-0.0168401149001	-0.0155714327519	-0.0137266145983	-0.0160715572577	-0.0587314478269	0.0480603425901	0.00561719889235	-0.0344026426226	-0.0593148233847	0.0680591535313	0.0601487056436	-0.0040734498986
k__Bacteria;p__Bacteroidetes;c__Bacteroidia;o__Bacteroidales;f__Rikenellaceae;g__Alistipes;s__Alistipes_shahii	0.0150633871135	-0.0283702759131	0.0176855452183	0.00789736566456	0.00874549154978	-0.0784535545935	1.0	0.0556020933191	-0.00345994565677	-0.00426917101845	-0.0103848674037	0.0344211410998	0.0262424858206	-0.0112815694813	-0.010880500981	-0.0381817571205	-0.00244072756915	0.012841379147	-0.00316036173941	-0.0484647955573	-0.0153744471287	0.0338279461844	-0.0674830836381	-0.0289927362509	-0.0648963324803	0.0367888887128	-0.027196956563	0.0707628978013	0.0263394171532	0.0269198039719	0.0272155508179	0.00208726381873	0.0322295152636	-0.0433433861422	0.0167220367408	-0.042919536755	-0.0341576848911	-0.0628414815536	0.00847835751648	0.0146435816032	-0.0303229705841	-0.0501797606369	-0.0160739427444	0.00825336315632	-0.0490141551632	-0.0122653057493	-0.0146806830741	-0.0502944457295	-0.0423502585866	-0.0601039970518	-0.0190580828788	-0.0264065644005	0.00493686409729	-0.039606266306	-0.0125729033893	0.0267447295359	0.00107666547125	-0.0155314557902	0.0157140116206
k__Bacteria;p__Firmicutes;c__Clostridia;o__Clostridiales;f__Ruminococcaceae;g__Faecalibacterium;s__Faecalibacterium_prausnitzii	-0.04170627803	0.00141486502915	0.0664753330676	-0.0841856813021	-0.00546713416483	-0.038736916697	0.0556020933191	1.0	-0.0361935902909	0.0693524366045	0.0153820023682	-0.0383035968194	-0.0045402210154	-0.0451802145687	-0.0267552722673	-0.003758612383	0.0243450642881	0.00670738491929	0.0047661011094	0.0253013680887	-0.0135428277541	-0.00827213530775	-0.0243296258575	-0.0446086636642	-0.0156627667429	-0.032334455277	-0.00107912837014	0.000945381574755	-0.0379106584977	-0.0217249323225	0.00283648000457	-0.0301109251913	0.00259218333066	0.0491770496124	-0.020662492348	-0.00672106304631	-0.0303450793401	-0.00209635797225	-0.0281165592173	-0.0539857897217	0.0238742807883	-0.016873826051	-0.0742199832037	-0.0513729244928	-0.0181028256241	0.012340776225	0.00718465734723	0.0337053617581	-0.0733081569008	-0.000838105475305	0.0108611729288	-0.0405339492012	0.0343661018089	-0.033331915808	-0.0186726483273	-0.0265117856247	-0.029696610716	0.0178652368083	-0.0282394396001
k__Bacteria;p__Bacteroidetes;c__Bacteroidia;o__Bacteroidales;f__Rikenellaceae;g__Alistipes;s__Alistipes_finegoldii	0.0376860397168	-0.0201991619843	-0.0189977221076	-0.00116421778009	-0.0431777144798	0.00159085538526	-0.00345994565677	-0.0361935902909	1.0	-0.0101324173848	0.0412606978826	0.0354866700767	-0.0156830114695	-0.033539758625	0.00418893662108	-0.0242531787603	0.0270795233632	-0.0163443185291	0.0315619280254	-0.0319271440428	-0.0670366605266	-0.00774583659749	-0.0150301941949	0.0194280601274	-0.0322652813926	0.0253874558854	0.0171401319435	0.0179327939569	-0.0409806140118	0.0527875059245	-0.0450701945268	-0.0449458758602	0.110186163799	-0.0437308206684	-0.0181833260543	0.0285458254937	0.0394156482394	-0.0155388944667	0.0257619297364	-0.0693413810543	0.0379475879656	0.0331315083043	0.00456875749666	0.0293812174337	-0.0101238931266	0.000204079030194	0.0763932349486	0.00972373170649	0.0379273658809	0.00159144498815	-0.0143620543134	0.00165092034642	-0.00830394649196	0.0128224117078	-0.04143722604	0.0325122743716	0.00479251720519	-0.0226884122319	-0.0525202463669
k__Bacteria;p__Bacteroidetes;c__Bacteroidia;o__Bacteroidales;f__Porphyromonadaceae;g__Parabacteroides;s__Parabacteroides_distasonis	0.0123940725397	-0.0107931363706	-0.104735616126	0.0574884377755	0.0427901081406	-0.0702617154304	-0.00426917101845	0.0693524366045	-0.0101324173848	1.0	0.0146847902795	0.0331273596418	-0.0621247411516	0.00492438568726	-0.0162741178864	-0.052918839094	-0.054815975657	-0.0411438852898	0.000239054360844	-0.0283678359397	-0.0220515591751	-0.0234716439904	-0.0346240331933	-0.0223549769791	-0.0345527438954	-0.00809308872199	-0.0571290037512	0.0206991133088	0.0063639460098	-0.0157873450215	0.0185129465148	0.0293484989699	0.0322126551875	0.0151270050772	-0.0278126640263	0.0026981210567	-0.0379636919031	0.0271437369025	0.0207527065669	-0.0252801213857	-0.0247900139986	-0.0404835586336	-0.00470079857903	0.0369737954682	-0.0593142399964	0.0221627579622	0.0367353668327	0.0162409938732	-0.0135736529808	-0.0126023104881	-0.0303968917222	-0.018132027208	0.00977400324382	-0.0317289286973	0.016199970531	0.0525443257133	-0.0322678160529	-0.0288236845092	-0.00105299187186
k__Bacteria;p__Bacteroidetes;c__Bacteroidia;o__Bacteroidales;f__Bacteroidaceae;g__Bacteroides;s__Bacteroides_thetaiotaomicron	0.0448268754661	-0.0152433636142	-0.028290356098	-0.0656813814431	-0.0116949557389	-0.0054428519308	-0.0103848674037	0.0153820023682	0.0412606978826	0.0146847902795	1.0	0.0178805286419	-0.0325340264047	0.0277801565181	-0.00311015685942	-0.0666150603749	0.0230236996044	-0.0487269499304	-0.0143854008416	-0.0139171786429	0.0494677365918	0.0216200281617	-0.0079734869105	-0.044765400388	-0.0682470852439	0.0359524311238	0.0326058113945	0.0267471389037	-0.0512948098747	-0.0351200822038	0.0235502266203	0.0319947662824	-0.0317803541817	0.0214262168545	0.00761562859082	0.0206679572349	0.0508502678819	0.000460989285104	0.0421618453967	-0.0317685998022	-0.0209973716181	-0.0197281058697	-0.021673478901	-0.0190800795588	-0.0744723866084	-0.000702242020557	-0.0202820726265	-0.0887444935569	0.0269887981773	-0.0160296952585	-0.0404165353283	0.0745385064324	-0.0570118528934	0.03024491331	-0.0665044017637	0.00190609676602	-0.0204334032351	-0.00926232003263	-0.0201545441875
k__Bacteria;p__Bacteroidetes;c__Bacteroidia;o__Bacteroidales;f__Bacteroidaceae;g__Bacteroides;s__Bacteroides_coprocola	-0.0177775355517	0.0451843031682	0.00258431216221	-0.0395585754881	0.00708111557826	0.0194106863631	0.0344211410998	-0.0383035968194	0.0354866700767	0.0331273596418	0.0178805286419	1.0	-0.00842538388243	-0.00663120600687	-0.00914308524268	0.0501618141211	-0.0477968792816	-0.0635275690653	-0.0253289335867	-0.0319013036084	-0.0356641923101	-0.0277007202247	-0.0129995894662	-0.0351442612153	0.0170124122324	-0.0350654379351	-0.00435990025624	-0.0179367371929	-0.0413023540773	-0.0432328542584	0.0343226667776	-0.0216329084399	-0.0363681443829	0.0119073665893	0.0202553168981	0.0312135923759	-0.0101591627425	-0.00850401024935	-0.0613276924606	-0.00507234329326	0.0409703080025	0.0366748993077	0.00306903897171	0.0339012827453	0.0120963990837	-0.0511304351531	-0.0160842413998	-0.0240455330028	0.0107037243101	-0.0503805565811	-0.00409780318013	0.0313825386527	0.0231133603408	0.0904138407783	-0.019842593772	-0.0205619816182	0.0666021748565	-0.0524412351932	-0.0233141056581
k__Bacteria;p__Bacteroidetes;c__Bacteroidia;o__Bacteroidales;f__Bacteroidaceae;g__Bacteroides;s__Bacteroides_cellulosilyticus	0.0689811693037	-0.00850481255461	-0.0566924530366	0.000652314829692	0.000552485835805	-0.030268738892	0.0262424858206	-0.0045402210154	-0.0156830114695	-0.0621247411516	-0.0325340264047	-0.00842538388243	1.0	-0.0236111148304	0.00651731773903	-0.00294367477656	0.0374834212151	-0.0270705843603	-0.047584961152	0.0249780066218	0.00882247770204	-0.0258874012679	0.00182396102647	-0.0225894409511	-0.0047752692534	0.0154479107986	-0.0318740456441	0.0283490934209	-0.00568644531846	-0.0052355180115	0.00589696640172	-0.012063131688	-0.0184751915032	-0.0308673204962	-0.00119171046671	0.055006727983	0.00513329297483	-0.0297476457678	-0.0228200418562	0.0100595315026	-0.0305785742983	0.0644868265177	0.0349960787112	0.0196147618164	-0.00399211154563	0.0434166343131	0.0128102024286	0.0107221730678	-0.00345603135692	-0.0168494203421	-0.0135409987848	-0.0341082772269	-0.00547664512461	-0.0388935402957	0.0100504301493	-0.074281606128	-0.0472404651349	-0.0310641232158	-0.0380229521823
k__Bacteria;p__Bacteroidetes;c__Bacteroidia;o__Bacteroidales;f__Rikenellaceae;g__Alistipes;s__Alistipes_obesi	-0.0416148390366	-0.00137627160955	-0.0396607065723	0.0191843736265	-0.00858257490902	-0.0353117727425	-0.0112815694813	-0.0451802145687	-0.033539758625	0.00492438568726	0.0277801565181	-0.00663120600687	-0.0236111148304	1.0	0.00527385167085	0.0296910086682	-0.0668879644876	-0.0396540364793	0.00871235141453	-0.0364441193079	-0.0174698769101	0.00318361618604	0.0691824829935	0.0157896829901	-0.0316870564364	-0.0105687942762	-0.0258265599618	0.00263455484173	-0.00403468690772	-0.0338045057048	0.0108566045428	-0.022996337885	-0.0541417456003	-0.0843801640388	0.00798600014852	-0.0428762665828	-0.0185110139457	0.00937641905574	0.0286482448578	0.0488267497968	-0.00277867973191	0.0369604868316	0.000940858685255	-0.00821370900233	-0.0321917004755	0.0133865326126	-0.0212587508932	0.0214275864119	0.0215812228603	0.000834015534631	-0.0364419863197	0.0635500047793	0.0185934095026	0.0362866267759	-0.0412092490102	0.0179372701118	0.0560018011283	-0.0463295446354	-0.00727366905373
k__Bacteria;p__Firmicutes;c__Clostridia;o__Clostridiales;f__Lachnospiraceae;g__;s__[Eubacterium]_rectale	-0.0584452645772	-0.0927861557873	0.0151029648127	-0.0576426624297	-0.0031507850391	0.0378420866993	-0.010880500981	-0.0267552722673	0.00418893662108	-0.0162741178864	-0.00311015685942	-0.00914308524268	0.00651731773903	0.00527385167085	1.0	-0.0384195396622	0.0181154040825	0.0389648181648	-0.0080284022359	0.0240044715469	0.0220303378417	0.0478845123582	-0.0253115620938	-0.0223007976938	0.00743319118087	0.0311181175333	0.013974177415	-0.011516274669	-0.000545195582891	-0.0240354347302	-0.0300081807628	0.0674370072558	-0.00172173274984	-0.0283115227821	0.0199474100978	-0.000563580273654	-0.0612705184846	0.0510898412614	-0.00311414729233	-0.0166103486891	-0.022208342219	-0.0133092463006	-0.0207822050104	0.0585693247085	0.0365851244092	-0.0350759681153	0.0231403492091	0.00978978100643	-0.0286252701629	0.0882943657189	0.0323275472384	0.00889526723748	0.0214457441267	-0.0206325778081	-0.0215661865363	0.0459457907685	0.00884741446144	-0.0416525244483	-0.0229831642368
k__Bacteria;p__Bacteroidetes;c__Bacteroidia;o__Bacteroidales;f__Bacteroidaceae;g__Bacteroides;s__Bacteroides_plebeius	0.0531993757904	-0.0239664941744	-0.0284839989299	-0.0169986170923	-0.0363189082055	-0.013104196494	-0.0381817571205	-0.003758612383	-0.0242531787603	-0.052918839094	-0.0666150603749	0.0501618141211	-0.00294367477656	0.0296910086682	-0.0384195396622	1.0	0.000952565485087	-0.0342385731876	0.0114430059157	-0.00337595040436	-0.0271331936412	0.0991903394584	-0.033196360344	-0.0074078219538	0.0041071526256	-0.00564696363987	-0.00052530498718	0.00672714720382	-0.0311634496251	0.0151176809779	-0.0562188984528	0.0147532484772	-0.00892929109202	-0.0152284606851	-0.0313273031323	-0.0153615919133	0.0101982915127	-0.0521400674711	0.0131653313397	0.0488181478372	0.0328508565383	0.0673941325504	-0.0491646769979	0.0163960276554	0.00916647024238	-0.0184438339019	0.036173528876	-0.065231350342	0.00299417128391	-0.0370319398748	0.00206023914113	0.0100801127444	-0.0151852798186	0.0277726196225	0.0521508889421	-0.0436588855514	-0.0406687609134	-0.0148072874669	-0.0278122314532
k__Bacteria;p__Bacteroidetes;c__Bacteroidia;o__Bacteroidales;f__Bacteroidaceae;g__Bacteroides;s__Bacteroides_fragilis	0.0633681936586	-0.0362744677992	-0.0814444309487	-0.0106542821084	-0.0176864162805	-0.0369624679615	-0.00244072756915	0.0243450642881	0.0270795233632	-0.054815975657	0.0230236996044	-0.0477968792816	0.0374834212151	-0.0668879644876	0.0181154040825	0.000952565485087	1.0	0.0365538291749	-0.0494003167474	0.056301285142	-0.0106091556477	0.0414794281448	-0.00311177245514	-0.0223326651358	0.0505466288674	0.0483864651088	-0.0487340624942	-0.0385731912583	-0.0594569549136	-0.013992276371	-0.0403996301411	-0.0152308831749	-0.0915472392545	-0.0397076658785	-0.0519228654168	-0.00388916398615	-0.0641826671654	0.0269587824719	0.0241502400589	0.0502443957086	0.0747577317	0.0377639852321	-0.0154402042631	-0.020700378996	-0.0043532494747	0.0191275126841	-0.0372866576889	-0.0338511504885	-0.0132709589642	0.00162427493927	-0.0181805853297	0.00246947618356	-0.0486551502484	-0.0320529145263	-0.00398387062943	-0.0506049603155	0.0286033492822	0.0183461139976	-0.0733287786327
k__Bacteria;p__Proteobacteria;c__Betaproteobacteria;o__Burkholderiales;f__Sutterellaceae;g__Sutterella;s__Sutterella_wadsworthensis	-0.0261579014276	-0.0319579614139	-0.0215821974182	0.000167231245206	-0.0131370972793	0.0552062782208	0.012841379147	0.00670738491929	-0.0163443185291	-0.0411438852898	-0.0487269499304	-0.0635275690653	-0.0270705843603	-0.0396540364793	0.0389648181648	-0.0342385731876	0.0365538291749	1.0	0.00313353502927	-0.0183948050652	0.0101135247376	-0.0417501288125	0.0122405623525	0.00454618501856	0.0196008444912	0.0432569147897	0.0157823730321	0.00309974615242	0.0247265035538	0.0167666815357	0.0339666100448	-0.0452470034674	0.00879635178467	-0.0521458875244	0.0246872293663	-0.0479776511786	-0.0189405357195	-0.0753780406162	0.00976027695616	0.0236120793115	-0.0227065158061	0.0654351550274	-0.0292344695247	-0.0165130092511	-0.0144770180093	-0.0358500537784	-0.0306707594138	0.0161308349381	-0.0133438947079	-0.0218846859488	0.0284047852455	-0.0497458716504	0.0423908476187	0.0384900402456	0.0488188026731	0.0260266865979	-0.00322850433173	-0.0300799937038	-0.0792023284097
k__Bacteria;p__Bacteroidetes;c__Bacteroidia;o__Bacteroidales;f__Porphyromonadaceae;g__Barnesiella;s__Barnesiella_intestinihominis	-0.0620755104376	0.0590349071211	-0.000348669417973	0.056286548777	-0.0092613964786	0.0256352268815	-0.00316036173941	0.0047661011094	0.0315619280254	0.000239054360844	-0.0143854008416	-0.0253289335867	-0.047584961152	0.00871235141453	-0.0080284022359	0.0114430059157	-0.0494003167474	0.00313353502927	1.0	0.0262060407244	0.009901918776	0.0466278654877	0.0582529978757	-0.00290735051101	-0.0374040314001	-0.0112927117469	0.0164262278744	0.0251173261606	-0.0168200862991	-0.000856092029025	-0.0334922775141	-0.051716523014	0.0103619309765	-0.0287275406449	0.0640241051211	0.0310782523067	0.0326007936406	-0.0218981354635	-0.068144417447	-0.050074986741	-0.0293895622716	-0.0241492598806	-0.0743828272	-0.032107300585	-0.0484607544289	-0.0537185937812	0.0263820300248	-0.0386565402981	-0.019983179848	0.0112258863247	-0.0816853021352	-0.0159294315106	0.0143555204296	-0.0171731918094	0.0209287981306	0.0213281330465	-0.0547633175294	-0.0325925160495	-0.0280822929195
k__Bacteria;p__Bacteroidetes;c__Bacteroidia;o__Bacteroidales;f__Odoribacteraceae;g__Odoribacter;s__Odoribacter_splanchnicus	-0.0436523682907	0.00854665478135	0.000474191326801	-0.0202780547296	-0.0333222950897	0.00591927144985	-0.0484647955573	0.0253013680887	-0.0319271440428	-0.0283678359397	-0.0139171786429	-0.0319013036084	0.0249780066218	-0.0364441193079	0.0240044715469	-0.00337595040436	0.056301285142	-0.0183948050652	0.0262060407244	1.0	0.00751649804868	-0.0165833036044	0.0278957871199	-0.068974741238	-0.026404418151	0.0116725711752	-0.0211916507895	-0.0448260433166	0.0285975506215	0.0267389581727	-0.0173573207391	-0.0121233242421	-0.0440232155291	-0.0479525077582	-0.0888505800161	-0.0300533515356	0.01183958292	0.0395878394274	0.010856050963	0.0171753829003	-0.0601599022672	0.00811702928947	-0.0097429361767	-0.0567386702143	-0.0375496507943	0.0120262024999	-0.00415888609686	-0.05493702636	0.0720690865149	-0.015791535316	0.00527530548456	-0.0572365288533	0.0499144333047	-0.0482039768127	-0.0126136524347	-0.0554678155664	-0.0111057560673	0.000367023434363	0.0114709646233
k__Bacteria;p__Bacteroidetes;c__Bacteroidia;o__Bacteroidales;f__Bacteroidaceae;g__Bacteroides;s__Bacteroides_salyersiae	-0.020751292395	-0.00330352993815	-0.0407442397362	0.0273447240578	-0.0612468584083	0.0418928996267	-0.0153744471287	-0.0135428277541	-0.0670366605266	-0.0220515591751	0.0494677365918	-0.0356641923101	0.00882247770204	-0.0174698769101	0.0220303378417	-0.0271331936412	-0.0106091556477	0.0101135247376	0.009901918776	0.00751649804868	1.0	0.0222046343686	0.0224672717115	-0.0174544473774	0.0221360652363	-0.0756782916661	-0.042659738957	-0.0479832924902	0.0201443044474	-0.0318326341359	0.0103394194817	0.0428497619562	-0.0282152584879	0.0118043691729	-0.00867189095592	-0.00989264615449	-0.0400537533133	0.00306448696265	-0.0261445393327	-0.0419159272418	-0.0374583094587	0.00346907105619	0.0212978502051	-0.0113071940457	-0.00637439222295	0.00788655117888	0.0250446628516	-0.0416728937313	-0.0106379768984	0.0668386513541	-0.00487550094819	-0.0101924742363	-0.0115743583464	-0.00597831038019	0.00533772569427	-0.0327802841853	-0.00495542628916	-0.00316659117605	-0.0321183888776
k__Bacteria;p__Firmicutes;c__Clostridia;o__Clostridiales;f__Ruminococcaceae;g__Ruminiclostridium;s__[Eubacterium]_siraeum	0.0042437970014	-0.0472828675633	-0.0277909380251	-0.0528444488498	-0.0540116062051	0.0230970893125	0.0338279461844	-0.00827213530775	-0.00774583659749	-0.0234716439904	0.0216200281617	-0.0277007202247	-0.0258874012679	0.00318361618604	0.0478845123582	0.0991903394584	0.0414794281448	-0.0417501288125	0.0466278654877	-0.0165833036044	0.0222046343686	1.0	-0.0916082248484	-0.0087110912883	0.0178853338448	-0.000593080731773	0.0314205489206	-0.0163057377653	0.0124030938659	-0.0734033944497	-0.0137380937332	-0.0628066664025	-0.0115650261739	-0.00664953282595	0.00346956594566	-0.0253641698995	0.0271281211367	0.0103674519646	-0.0305611017102	0.0460270853486	0.00157997517429	-0.0154439367654	-0.00904460545262	0.00862190726497	-0.0328449745277	0.0173500847737	0.00384989725107	-0.0620085325778	0.0427705307954	0.0216103240028	0.0281670623375	0.00969260337715	-0.00208136434905	0.0138197125676	0.0508556933006	-0.0274078000348	-0.0100555022749	-0.0148841237693	-0.0525455108063
k__Bacteria;p__Proteobacteria;c__Betaproteobacteria;o__Burkholderiales;f__Sutterellaceae;g__Parasutterella;s__Parasutterella_excrementihominis	-0.0375388874634	0.0348806762706	-0.0424530602663	0.0180742108237	-3.09727520011e-05	0.0448953341687	-0.0674830836381	-0.0243296258575	-0.0150301941949	-0.0346240331933	-0.0079734869105	-0.0129995894662	0.00182396102647	0.0691824829935	-0.0253115620938	-0.033196360344	-0.00311177245514	0.0122405623525	0.0582529978757	0.0278957871199	0.0224672717115	-0.0916082248484	1.0	-0.0454479668336	-0.017139458904	-0.0519392174659	-0.0204279540891	-0.00558381843496	-0.0550386546367	0.00108394227404	-0.00777124064967	-0.00219788189045	-0.0336411090511	-0.0657099903909	-0.00620293289956	0.0240524093959	0.0111478924376	0.00513675607349	-0.0060106376286	-0.0599204337624	0.0322910785968	-0.0426414416973	0.015625312341	-0.0279889799449	-0.0283576968489	-0.0962616026334	0.00222940227281	-0.0168747966161	0.0248115022791	-0.0858270908096	0.0292367557272	0.0161913318384	0.0184192333205	0.0324709807855	0.0777865400799	-0.0324637020658	-0.0519739956498	-0.0182549675891	0.0516294191101
k__Bacteria;p__Actinobacteria;c__Actinobacteria;o__Bifidobacteriales;f__Bifidobacteriaceae;g__Bifidobacterium;s__Bifidobacterium_adolescentis	0.0363901468224	-0.0111582069638	-0.0201976111447	0.0196218123829	0.0124291856883	0.0264450685611	-0.0289927362509	-0.0446086636642	0.0194280601274	-0.0223549769791	-0.044765400388	-0.0351442612153	-0.0225894409511	0.0157896829901	-0.0223007976938	-0.0074078219538	-0.0223326651358	0.00454618501856	-0.00290735051101	-0.068974741238	-0.0174544473774	-0.0087110912883	-0.0454479668336	1.0	-0.0122552498136	-0.0236521945026	-0.0197017787862	0.0070022377398	0.00285189029653	-0.0456815405611	-0.00870536403603	-0.0474514917211	-0.00389706474489	0.0726484744589	-0.00249388490464	0.0471022117623	-0.00265395904283	-0.0201908536289	0.0635380116163	0.0179337893373	-0.0340316890536	0.0357263269059	-0.00963043507367	0.057342344283	0.0425401515645	0.0353245970646	-0.0158028901519	-0.040956115546	-0.0199696640527	0.0147016795436	-0.0414189582439	-0.0482768342916	-0.0268739494784	-0.00698208504233	0.00706949683521	-0.0172947342967	-0.0154873687751	0.00051487062346	-0.0015216039489
k__Bacteria;p__Firmicutes;c__Clostridia;o__Clostridiales;f__Oscillospiraceae;g__Oscillibacter;s__Oscillibacter_sp._KLE_1745	0.0175740590942	-0.0110495186612	0.0538244196717	-0.0126526481866	-0.00478380670934	-0.0536926689826	-0.0648963324803	-0.0156627667429	-0.0322652813926	-0.0345527438954	-0.0682470852439	0.0170124122324	-0.0047752692534	-0.0316870564364	0.00743319118087	0.0041071526256	0.0505466288674	0.0196008444912	-0.0374040314001	-0.026404418151	0.0221360652363	0.0178853338448	-0.017139458904	-0.0122552498136	1.0	-0.00294898087979	0.0231793250301	-0.0403476340381	0.0300693280605	0.0279308711789	-0.0715762244771	-0.0188795428714	-0.0349707230379	0.0125387057172	0.0184970213907	0.0131463953678	0.0481638386366	-0.0492497695858	-0.0471606315592	-0.0540506821377	0.116228408818	-0.040152059671	-0.0173196810961	0.0160638871622	0.019583019964	-0.0337246641659	0.0358394972137	0.0425329460081	0.0271036744841	0.0156201402448	0.0431878348232	0.0478449095012	-0.0289645306426	-0.0153665756836	-0.0341463628921	-0.0166814916462	-0.0246437462397	-0.0191185696315	0.0373993787872
k__Bacteria;p__Bacteroidetes;c__Bacteroidia;o__Bacteroidales;f__Bacteroidaceae;g__Bacteroides;s__Bacteroides_coprophilus	-0.0569337565395	-0.000508166645329	-0.00679210050288	0.00324430581922	0.051649419403	-0.00352588781291	0.0367888887128	-0.032334455277	0.0253874558854	-0.00809308872199	0.0359524311238	-0.0350654379351	0.0154479107986	-0.0105687942762	0.0311181175333	-0.00564696363987	0.0483864651088	0.0432569147897	-0.0112927117469	0.0116725711752	-0.0756782916661	-0.000593080731773	-0.0519392174659	-0.0236521945026	-0.00294898087979	1.0	0.0445509748978	0.0316043395408	-0.0271619929119	-0.0512726971423	-0.0403729194227	-0.018997013743	-0.0128806796234	0.00438420974654	-0.0401395189058	-0.0642850276447	0.0385694307795	-0.0834958211465	0.01860424781	0.0246974551762	-0.0782150515858	0.0337293680379	0.030226006541	0.0197919991215	0.0180500395349	0.0555824572195	-0.0450701583855	-0.0314019032901	0.00706926552304	-0.054256001649	0.0210463391776	-0.0427376306821	-0.0039947808361	-0.00930508099545	-0.0113737458842	-0.020355153362	-0.0306458772271	0.0420678471181	0.0398543966487
k__Bacteria;p__Firmicutes;c__Clostridia;o__Clostridiales;f__Lachnospiraceae;g__Roseburia;s__Roseburia_intestinalis	-0.0532607313929	0.0080585172466	-0.00133264468564	-0.0711537270475	-0.062799031128	-0.00467622472374	-0.027196956563	-0.00107912837014	0.0171401319435	-0.0571290037512	0.0326058113945	-0.00435990025624	-0.0318740456441	-0.0258265599618	0.013974177415	-0.00052530498718	-0.0487340624942	0.0157823730321	0.0164262278744	-0.0211916507895	-0.042659738957	0.0314205489206	-0.0204279540891	-0.0197017787862	0.0231793250301	0.0445509748978	1.0	0.0169827669821	-0.0426746084171	-0.0440339568198	-0.0224097993223	-0.0194932006082	0.0135265775684	-0.0295963537594	0.018282399215	0.0246519952608	0.0151274721845	0.00393232740194	-0.00197129371291	-0.00599629405946	0.0523000608854	-0.0414908546574	-0.00620772675525	-0.00949419758427	-0.00472870863837	-0.0257653350441	-0.0132198273899	-0.00816087901126	-0.0186538099226	-0.0676997295563	-0.0262814238664	0.0629679125221	-0.0170824459398	0.00322956451383	-0.024052617256	-0.0225194799121	-0.0168599582463	-0.035763984476	-0.0582653976889
k__Bacteria;p__Firmicutes;c__Clostridia;o__Clostridiales;f__Lachnospiraceae;g__Roseburia;s__Roseburia_hominis	0.0244133893837	0.0029025063861	0.0254903305055	-0.00786207321715	-0.0190982678598	0.00964032441642	0.0707628978013	0.000945381574755	0.0179327939569	0.0206991133088	0.0267471389037	-0.0179367371929	0.0283490934209	0.00263455484173	-0.011516274669	0.00672714720382	-0.0385731912583	0.00309974615242	0.0251173261606	-0.0448260433166	-0.0479832924902	-0.0163057377653	-0.00558381843496	0.0070022377398	-0.0403476340381	0.0316043395408	0.0169827669821	1.0	-0.0307354909245	-0.0443400762108	0.0064822143541	0.0144875374926	-0.0557693376536	-0.0413947252145	0.085147074517	0.00871222493817	-0.0156270986918	0.00528534449467	-0.00743803078445	-0.00186824155104	-0.0511712372495	-0.00396452518163	0.0243733749621	-0.00596577237753	-0.00761042821835	-0.0124645073264	-0.0431951698293	0.0295312479263	-0.0322192472931	0.0372784340367	-0.0315728090101	-0.00699724013393	-0.0197769553482	-0.0098605639843	0.055393279781	-0.0195063865399	-0.00382376234375	-0.0120644898416	0.0598018089836
k__Bacteria;p__Bacteroidetes;c__Bacteroidia;o__Bacteroidales;f__Porphyromonadaceae;g__Parabacteroides;s__Parabacteroides_johnsonii	0.00645327813234	-0.0474375109066	-0.00652039971555	0.00395798371021	-0.0285774087761	-0.0312392438732	0.0263394171532	-0.0379106584977	-0.0409806140118	0.0063639460098	-0.0512948098747	-0.0413023540773	-0.00568644531846	-0.00403468690772	-0.000545195582891	-0.0311634496251	-0.0594569549136	0.0247265035538	-0.0168200862991	0.0285975506215	0.0201443044474	0.0124030938659	-0.0550386546367	0.00285189029653	0.0300693280605	-0.0271619929119	-0.0426746084171	-0.0307354909245	1.0	-0.00153677014248	-0.0356637534707	0.060296587232	-0.0328678349244	-0.0362020140558	0.0432399720921	-0.0423806754961	-0.0266002759812	0.0242775247031	-0.0867382847715	-0.0311185342239	-0.0324572054665	0.00288864569491	0.0187843666588	0.0614455364076	0.0211889669599	-0.0096671275948	-0.015412384573	-0.0111508674539	-0.00699061233258	0.0318555789339	0.044966451697	-0.0599778568674	0.0224905056903	-0.0099265983304	-0.118505891823	-0.0411229082009	0.00601097942418	0.00425645905403	-0.0180229408419
k__Bacteria;p__Actinobacteria;c__Actinobacteria;o__Bifidobacteriales;f__Bifidobacteriaceae;g__Bifidobacterium;s__Bifidobacterium_longum	0.00872846044465	0.0489250084398	0.0160052164153	-0.0502250224956	0.0373737401381	-0.00690166806303	0.0269198039719	-0.0217249323225	0.0527875059245	-0.0157873450215	-0.0351200822038	-0.0432328542584	-0.0052355180115	-0.0338045057048	-0.0240354347302	0.0151176809779	-0.013992276371	0.0167666815357	-0.000856092029025	0.0267389581727	-0.0318326341359	-0.0734033944497	0.00108394227404	-0.0456815405611	0.0279308711789	-0.0512726971423	-0.0440339568198	-0.0443400762108	-0.00153677014248	1.0	-0.00330774991951	0.0407655413567	-0.0619669738895	-0.0149169542843	0.0289787854926	-0.0154348116377	-0.0331286843357	0.024208280874	-0.0411597151056	0.023156969543	-0.043133385865	0.0464821660862	0.0635759801512	-0.0290111214887	-0.0229387236001	0.00806671819406	-0.0474329022383	-0.0062809140827	-0.00347418937916	-0.035212025608	0.0391000405405	-0.0270237879848	0.0224040682377	-0.0307608412137	0.0200147861454	-0.022292997181	0.0075032465816	-0.0391394451442	-0.0402922106579
