#taxonomy	k__Bacteria;p__Bacteroidetes;c__Bacteroidia;o__Bacteroidales;f__Bacteroidaceae;g__Bacteroides;s__Bacteroides_vulgatus	k__Bacteria;p__Bacteroidetes;c__Bacteroidia;o__Bacteroidales;f__Bacteroidaceae;g__Bacteroides;s__Bacteroides_uniformis	k__Bacteria;p__Bacteroidetes;c__Bacteroidia;o__Bacteroidales;f__Rikenellaceae;g__Alistipes;s__Alistipes_putredinis	k__Bacteria;p__Bacteroidetes;c__Bacteroidia;o__Bacteroidales;f__Prevotellaceae;g__Prevotella;s__Prevotella_copri	k__Bacteria;p__Bacteroidetes;c__Bacteroidia;o__Bacteroidales;f__Bacteroidaceae;g__Bacteroides;s__Bacteroides_stercoris	k__Bacteria;p__Bacteroidetes;c__Bacteroidia;o__Bacteroidales;f__Bacteroidaceae;g__Bacteroides;s__Bacteroides_ovatus	k__Bacteria;p__Bacteroidetes;c__Bacteroidia;o__Bacteroidales;f__Rikenellaceae;g__Alistipes;s__Alistipes_shahii	k__Bacteria;p__Firmicutes;c__Clostridia;o__Clostridiales;f__Ruminococcaceae;g__Faecalibacterium;s__Faecalibacterium_prausnitzii	k__Bacteria;p__Bacteroidetes;c__Bacteroidia;o__Bacteroidales;f__Rikenellaceae;g__Alistipes;s__Alistipes_finegoldii	k__Bacteria;p__Bacteroidetes;c__Bacteroidia;o__Bacteroidales;f__Porphyromonadaceae;g__Parabacteroides;s__Parabacteroides_distasonis	k__Bacteria;p__Bacteroidetes;c__Bacteroidia;o__Bacteroidales;f__Bacteroidaceae;g__Bacteroides;s__Bacteroides_thetaiotaomicron	k__Bacteria;p__Bacteroidetes;c__Bacteroidia;o__Bacteroidales;f__Bacteroidaceae;g__Bacteroides;s__Bacteroides_coprocola	k__Bacteria;p__Bacteroidetes;c__Bacteroidia;o__Bacteroidales;f__Bacteroidaceae;g__Bacteroides;s__Bacteroides_cellulosilyticus	k__Bacteria;p__Bacteroidetes;c__Bacteroidia;o__Bacteroidales;f__Rikenellaceae;g__Alistipes;s__Alistipes_obesi	k__Bacteria;p__Firmicutes;c__Clostridia;o__Clostridiales;f__Lachnospiraceae;g__;s__[Eubacterium]_rectale	k__Bacteria;p__Bacteroidetes;c__Bacteroidia;o__Bacteroidales;f__Bacteroidaceae;g__Bacteroides;s__Bacteroides_plebeius	k__Bacteria;p__Bacteroidetes;c__Bacteroidia;o__Bacteroidales;f__Bacteroidaceae;g__Bacteroides;s__Bacteroides_fragilis	k__Bacteria;p__Proteobacteria;c__Betaproteobacteria;o__Burkholderiales;f__Sutterellaceae;g__Sutterella;s__Sutterella_wadsworthensis	k__Bacteria;p__Bacteroidetes;c__Bacteroidia;o__Bacteroidales;f__Porphyromonadaceae;g__Barnesiella;s__Barnesiella_intestinihominis	k__Bacteria;p__Bacteroidetes;c__Bacteroidia;o__Bacteroidales;f__Odoribacteraceae;g__Odoribacter;s__Odoribacter_splanchnicus	k__Bacteria;p__Bacteroidetes;c__Bacteroidia;o__Bacteroidales;f__Bacteroidaceae;g__Bacteroides;s__Bacteroides_salyersiae	k__Bacteria;p__Firmicutes;c__Clostridia;o__Clostridiales;f__Ruminococcaceae;g__Ruminiclostridium;s__[Eubacterium]_siraeum	k__Bacteria;p__Proteobacteria;c__Betaproteobacteria;o__Burkholderiales;f__Sutterellaceae;g__Parasutterella;s__Parasutterella_excrementihominis	k__Bacteria;p__Actinobacteria;c__Actinobacteria;o__Bifidobacteriales;f__Bifidobacteriaceae;g__Bifidobacterium;s__Bifidobacterium_adolescentis	k__Bacteria;p__Firmicutes;c__Clostridia;o__Clostridiales;f__Oscillospiraceae;g__Oscillibacter;s__Oscillibacter_sp._KLE_1745	k__Bacteria;p__Bacteroidetes;c__Bacteroidia;o__Bacteroidales;f__Bacteroidaceae;g__Bacteroides;s__Bacteroides_coprophilus	k__Bacteria;p__Firmicutes;c__Clostridia;o__Clostridiales;f__Lachnospiraceae;g__Roseburia;s__Roseburia_intestinalis	k__Bacteria;p__Firmicutes;c__Clostridia;o__Clostridiales;f__Lachnospiraceae;g__Roseburia;s__Roseburia_hominis	k__Bacteria;p__Bacteroidetes;c__Bacteroidia;o__Bacteroidales;f__Porphyromonadaceae;g__Parabacteroides;s__Parabacteroides_johnsonii	k__Bacteria;p__Actinobacteria;c__Actinobacteria;o__Bifidobacteriales;f__Bifidobacteriaceae;g__Bifidobacterium;s__Bifidobacterium_longum	k__Bacteria;p__Firmicutes;c__Clostridia;o__Clostridiales;f__;g__Flavonifractor;s__Flavonifractor_plautii	k__Bacteria;p__Firmicutes;c__Clostridia;o__Clostridiales;f__Clostridiaceae;g__Clostridium;s__Clostridium_phoceensis	k__Bacteria;p__Verrucomicrobia;c__Verrucomicrobiae;o__Verrucomicrobiales;f__Akkermansiaceae;g__Akkermansia;s__Akkermansia_muciniphila	k__Bacteria;p__Bacteroidetes;c__Bacteroidia;o__Bacteroidales;f__Prevotellaceae;g__Paraprevotella;s__Paraprevotella_xylaniphila	k__Bacteria;p__Firmicutes;c__Clostridia;o__Clostridiales;f__Ruminococcaceae;g__Ruminococcus;s__Ruminococcus_callidus	k__Bacteria;p__Bacteroidetes;c__Bacteroidia;o__Bacteroidales;f__Rikenellaceae;g__Alistipes;s__Alistipes_senegalensis	k__Bacteria;p__Firmicutes;c__Clostridia;o__Clostridiales;f__Lachnospiraceae;g__Blautia;s__Blautia_sp._KLE_1732	k__Bacteria;p__Bacteroidetes;c__Bacteroidia;o__Bacteroidales;f__Bacteroidaceae;g__Bacteroides;s__Bacteroides_oleiciplenus	k__Bacteria;p__Firmicutes;c__Clostridia;o__Clostridiales;f__Ruminococcaceae;g__Ruminococcus;s__Ruminococcus_bicirculans	k__Bacteria;p__Bacteroidetes;c__Bacteroidia;o__Bacteroidales;f__Bacteroidaceae;g__Bacteroides;s__Bacteroides_fluxus	k__Bacteria;p__Bacteroidetes;c__Bacteroidia;o__Bacteroidales;f__Prevotellaceae;g__Prevotella;s__Prevotella_stercorea	k__Bacteria;p__Firmicutes;c__Clostridia;o__Clostridiales;f__Lachnospiraceae;g__Dorea;s__Dorea_longicatena	k__Bacteria;p__Firmicutes;c__Clostridia;o__Clostridiales;f__Eubacteriaceae;g__Eubacterium;s__[Eubacterium]_eligens	k__Bacteria;p__Firmicutes;c__Clostridia;o__Clostridiales;f__Ruminococcaceae;g__;s__Ruminococcaceae_bacterium_D16	k__Bacteria;p__Firmicutes;c__Clostridia;o__Clostridiales;f__Lachnospiraceae;g__Coprococcus;s__Coprococcus_comes	k__Bacteria;p__Proteobacteria;c__Gammaproteobacteria;o__Enterobacterales;f__Enterobacteriaceae;g__Escherichia;s__Escherichia_coli	k__Bacteria;p__Firmicutes;c__Clostridia;o__Clostridiales;f__Ruminococcaceae;g__Anaerotruncus;s__Anaerotruncus_colihominis	k__Bacteria;p__Firmicutes;c__Clostridia;o__Clostridiales;f__Lachnospiraceae;g__Blautia;s__Blautia_obeum	k__Bacteria;p__Bacteroidetes;c__Bacteroidia;o__Bacteroidales;f__Odoribacteraceae;g__Odoribacter;s__Odoribacter_laneus	k__Bacteria;p__Firmicutes;c__Clostridia;o__Clostridiales;f__Ruminococcaceae;g__Ruminiclostridium;s__[Clostridium]_leptum	k__Bacteria;p__Bacteroidetes;c__Bacteroidia;o__Bacteroidales;f__Porphyromonadaceae;g__Parabacteroides;s__Parabacteroides_goldsteinii	k__Bacteria;p__Firmicutes;c__Clostridia;o__Clostridiales;f__Lachnospiraceae;g__Anaerostipes;s__Anaerostipes_hadrus	k__Bacteria;p__Firmicutes;c__Clostridia;o__Clostridiales;f__Ruminococcaceae;g__Ruminococcus;s__Ruminococcus_lactaris	k__Bacteria;p__Firmicutes;c__Clostridia;o__Clostridiales;f__Clostridiaceae;g__Clostridium;s__Clostridium_sp._L2-50	k__Bacteria;p__Firmicutes;c__Clostridia;o__Clostridiales;f__Clostridiaceae;g__Clostridium;s__Clostridium_sp._M62/1	k__Bacteria;p__Firmicutes;c__Clostridia;o__Clostridiales;f__;g__Intestinimonas;s__Intestinimonas_butyriciproducens	k__Bacteria;p__Actinobacteria;c__Actinobacteria;o__Bifidobacteriales;f__Bifidobacteriaceae;g__Bifidobacterium;s__Bifidobacterium_bifidum	k__Bacteria;p__Firmicutes;c__Negativicutes;o__Veillonellales;f__Veillonellaceae;g__Dialister;s__Dialister_invisus	k__Bacteria;p__Bacteroidetes;c__Bacteroidia;o__Bacteroidales;f__Bacteroidaceae;g__Bacteroides;s__Bacteroides_salanitronis
k__Bacteria;p__Bacteroidetes;c__Bacteroidia;o__Bacteroidales;f__Bacteroidaceae;g__Bacteroides;s__Bacteroides_vulgatus	1.0	0.0189088528852	0.017227316573	0.0298999507921	-0.00738338684901	-0.00164189551904	-0.00755396261425	-0.0159645926152	-0.0495909019484	-0.025897689245	-0.068064207671	-0.0414214022523	0.0183214058065	-0.0328344072993	0.00279113065212	0.0332570867683	-0.0494013448157	-0.00111400297393	0.0038752959543	-0.0207225564584	-0.0224672390335	-0.0177253963674	0.0491194746217	0.0182695052357	-0.0461821821474	0.0238386805742	-0.0293438785769	-0.0366528389383	-0.0720720126772	-0.0263757163742	-0.0260111695284	0.00934760073041	-0.0346115561039	-0.00974124737051	0.0350662826032	-0.0266329763556	0.0614265190166	-0.0097860875615	-0.11161555907	-0.017196892898	-0.0585789981349	-0.038872459756	0.00512132974227	-0.0525218576138	-0.0224656813467	-0.037087862986	-0.000897178126775	-0.0277172354061	0.0460342874772	-0.0160125799715	-0.0208511032218	0.0106870693195	0.0203323351321	-0.0437459091297	0.0144682243882	-0.00365175401829	-0.00347688032463	0.00520572917751	0.00252069251584
k__Bacteria;p__Bacteroidetes;c__Bacteroidia;o__Bacteroidales;f__Bacteroidaceae;g__Bacteroides;s__Bacteroides_uniformis	0.0189088528852	1.0	-0.0816488259199	-0.00766500409868	0.0195168999444	-0.0340910403319	-0.00514611352395	-0.0129041116968	-0.0266309350213	-0.0686619627092	-0.0578489214273	-0.0283688159973	-0.00380138490274	-0.00300788038236	0.00786027223757	0.0131722017895	-0.0228896827195	0.0568688529295	-0.0286005495904	0.0298886769478	0.0433589293398	-0.0372006293778	-0.0350699582068	0.0691734697422	0.0256073134267	-0.0170641404975	-0.0218421911921	-0.014574584091	0.00632354865127	-0.040709113435	-0.0348079893469	-0.0228915196631	-0.00596893409306	-0.000772028942887	-0.045801537065	0.0410386377432	-0.00015427771507	-0.00162954172994	-0.0390237084189	-0.0137251543696	-0.0774301167282	-0.0584742273854	0.00466341855619	-0.0482675486091	-0.0481613721219	0.0248032291033	0.0148906755792	0.0645238135401	0.0683853148626	-0.0131851657041	0.0445081968529	-0.0117487230517	-0.0533095124227	-0.0341250339988	0.049609166718	0.0103179155115	-0.0215245915667	0.00528789102896	0.0156345462826
k__Bacteria;p__Bacteroidetes;c__Bacteroidia;o__Bacteroidales;f__Rikenellaceae;g__Alistipes;s__Alistipes_putredinis	0.017227316573	-0.0816488259199	1.0	0.0353647397165	0.0470826453349	-0.0137710507932	-0.0653430073569	-0.0264174629132	0.0421105427129	0.0544963190222	-0.0370787163761	-0.041685917351	0.0176247198155	0.0195657155517	-0.0774648776692	-0.0263617753659	-0.0499669322595	-0.0340384116242	0.0251281350394	-0.0252912950506	0.0299068782606	-0.0176611651664	-0.0288737313916	-0.0294018242389	-0.0697233097582	0.0588011940906	-0.0269508613907	0.0288080018108	-0.0166653919041	0.0140232953988	-0.0539825037276	0.00170921794415	-0.0173860624986	0.0447491756591	-0.0338777274692	-0.0246174121952	-0.0154966843877	-0.0347893247254	0.00509445072924	0.00925398638762	-0.0299663650229	-0.0443248594773	0.0239383154294	0.0322247897706	-0.00934446265097	-0.017658560868	-0.0498179371708	-0.025066974176	-0.0377128684907	-0.0457131527101	-0.0284014167331	0.0246817823537	0.0479484466576	0.0359868963463	-0.0332916952383	-0.0570270719747	-0.0384295676578	0.000338154711918	-0.0199491490597
k__Bacteria;p__Bacteroidetes;c__Bacteroidia;o__Bacteroidales;f__Prevotellaceae;g__Prevotella;s__Prevotella_copri	0.0298999507921	-0.00766500409868	0.0353647397165	1.0	0.0110426414823	-0.00856372853479	-0.0198624858889	-0.02171417685	0.000493612439004	-0.0369457435809	-0.0385446236611	0.00865472044257	-0.0340894316698	0.0251226322785	0.00786047413719	-0.0522896427832	-0.0121696187779	-0.00513399242133	0.0129547217869	0.000782524380762	0.0252068473396	-0.103556557653	0.00528644863983	0.0193978928418	-0.0593134097708	-0.0247374791017	0.016517878293	0.0180527124041	-0.0255505854963	-0.0854528855816	0.00451429038125	-0.0178624083528	0.0579407731796	-0.010434828324	-0.00456147833431	-0.0150885065718	0.0419808256112	-0.0294807412676	-0.00920900872592	-0.0137780183667	0.0169977038668	-0.0273282151264	-0.02911120291	0.0102091079537	0.0154700674035	0.00533732883014	-0.0167111498338	-0.00013100610363	-0.00653506046252	-0.071386241819	-0.0507453252169	-0.0491819670272	0.00473239463499	-0.00478276284667	0.00917165532807	-0.0427955876455	-0.0368473144498	-0.0339195609149	0.0386201505701
k__Bacteria;p__Bacteroidetes;c__Bacteroidia;o__Bacteroidales;f__Bacteroidaceae;g__Bacteroides;s__Bacteroides_stercoris	-0.00738338684901	0.0195168999444	0.0470826453349	0.0110426414823	1.0	0.0121722498592	-0.0234887131959	-0.00255011485383	0.0101767124955	-0.0378806511142	-0.00724039585769	0.034262984776	0.0191953228241	0.00376371088715	0.014525487203	-0.0281429059774	0.000986335691406	-0.0106834381714	0.0031748214705	-0.0642854208389	0.00441521195316	-0.10098363942	-0.00698506676341	-0.0951127050914	0.0296419271883	0.00551413931969	0.0354550980565	0.00921617140714	0.0315570750239	0.022301967304	0.0113319972497	0.0112011938741	0.0109798838909	-0.0227952483564	-0.00567922764421	0.0185853634238	0.0123643181211	-0.0144001506301	0.00784701320321	-0.0272769921095	-0.0179862835605	-0.0265379202799	0.0171657100658	-0.00890728957308	0.0192534161436	-0.0462749645927	0.000309609356826	-0.0258438238791	-0.0114793649618	-0.0416196909608	-0.0627388206772	-0.0213804108287	0.0559773609711	0.0468779720957	0.00691107809633	-0.00306397223004	0.01231695478	0.0602291442631	-0.0139776476438
k__Bacteria;p__Bacteroidetes;c__Bacteroidia;o__Bacteroidales;f__Bacteroidaceae;g__Bacteroides;s__Bacteroides_ovatus	-0.00164189551904	-0.0340910403319	-0.0137710507932	-0.00856372853479	0.0121722498592	1.0	0.0408705518901	-0.015357233979	0.0302150264801	-0.084085252456	-0.00991304359379	0.0276043918265	-0.0597887936296	0.0184316524297	-0.0209960975912	-0.0538259492153	-0.0400135564605	-0.00962517091699	0.0245597883806	0.0204578962008	-0.0206844621731	0.00381801631124	-0.00298316098963	-0.0229072049832	0.000440605773216	0.014975163193	-0.0151027024348	-0.00774127951941	-0.0569544503226	0.0571024729596	-0.046083090458	-0.0168276766643	-0.0110383869421	0.0360108844923	0.00477667411435	0.0379738457283	0.00473018712575	0.00187487987239	-0.0214315385749	0.0325819293735	-0.00257045771536	-0.0549877508163	0.0180164399597	0.0106758412658	-0.0281303853075	0.040394367463	-0.050627081777	-0.0568255196456	-0.0342351147535	-0.000128471332985	0.00217540709625	-0.0367779567472	-0.0417693777681	-0.0193224711735	-0.0550853078935	-0.00398766508195	-0.0204511377274	0.019123799524	-0.0240523864427
k__Bacteria;p__Bacteroidetes;c__Bacteroidia;o__Bacteroidales;f__Rikenellaceae;g__Alistipes;s__Alistipes_shahii	-0.00755396261425	-0.00514611352395	-0.0653430073569	-0.0198624858889	-0.0234887131959	0.0408705518901	1.0	-0.0510784657182	0.0631350103685	-0.0257709361434	-0.0350108573497	-5.8655453393e-05	-0.00143822983193	-0.0154121754524	0.0255740070856	0.0117315401442	-0.0601561095084	-0.0200973549114	0.054504849394	0.0972345976548	0.0849320823687	-0.0184569971634	-0.0242441738125	0.0398758999526	0.0216285536492	0.00151515542716	-0.0181325354848	0.0393017458065	-0.0148882456093	-0.0345673966964	-0.0142464337942	0.0173891880382	0.0288899034675	-0.000559115700236	0.0449724842469	0.0130971054844	-0.0232599303789	-0.00261693424745	-0.056252097339	0.000821567947308	0.0027848582163	0.0240901270649	0.0160307154765	-0.0690383398108	-0.048037539006	-0.0343742968831	-0.0264031193516	-0.013671259652	-0.0371385935623	0.000105094622009	-0.00822839633475	-0.00487822433759	-0.0409360753672	0.0369311971495	0.0245527218496	0.0268865420626	-0.00324369060515	-0.0288640000013	0.0129601354168
k__Bacteria;p__Firmicutes;c__Clostridia;o__Clostridiales;f__Ruminococcaceae;g__Faecalibacterium;s__Faecalibacterium_prausnitzii	-0.0159645926152	-0.0129041116968	-0.0264174629132	-0.02171417685	-0.00255011485383	-0.015357233979	-0.0510784657182	1.0	0.00185692940591	0.0296986647636	-0.0241381279107	-0.0964286556021	0.00813545287626	-0.019668908971	-0.0589235675672	-0.0499064149637	-0.000301150748211	0.00326927155805	0.059074037232	-0.0193119552761	-0.0410033368593	0.0301872031808	-0.00548454920358	0.0167408072514	-0.104802454644	0.00122575899566	0.0117897888524	0.0406418839799	-0.0218527302104	-0.0200184604044	-0.0515493922061	-0.076362399516	-0.0413139273112	0.011536986211	-0.0224430548908	-0.0784031168749	-0.0060172835366	-0.0314544872219	0.00298747762191	0.0410699509174	0.0113774357676	0.02274123429	-0.0163727160478	-0.017612284505	0.0526415382706	0.0161182826655	0.0149136978931	-0.0153722711743	-0.028215290905	0.037643391292	0.00392968551064	-0.0164793808848	-0.0436774057899	-0.000153834462468	-0.0209085844695	-0.0410516886825	-0.000727606216913	-0.0170725851457	-0.0155423188559
k__Bacteria;p__Bacteroidetes;c__Bacteroidia;o__Bacteroidales;f__Rikenellaceae;g__Alistipes;s__Alistipes_finegoldii	-0.0495909019484	-0.0266309350213	0.0421105427129	0.000493612439004	0.0101767124955	0.0302150264801	0.0631350103685	0.00185692940591	1.0	-0.0215465617871	-0.054501880528	-0.0313417932863	0.00600192421919	0.0435103424588	-0.0288822892402	-0.0372043865626	-0.0388921632069	0.000813029144505	-0.0649204878876	-0.00843467816836	0.066870213648	0.0124041601901	-0.0306189998231	-0.074680303953	0.0901211555684	-0.0242957537073	0.066035014517	0.0196412527973	0.0140216607331	0.0136467849272	0.0383107585365	0.0400779708014	-0.0135147395716	-0.0508643555162	0.0306117507397	-0.0687700313754	0.0155072965067	-0.0868548321472	0.0266100907791	0.0870807975294	0.0511675250114	0.0440580652753	-0.00928264932734	0.0287402815583	0.055734102014	-0.0166958956259	0.0370642290048	-0.0564672090478	-0.00476867276685	0.0504909108053	-0.0627737334907	-0.051364405423	-0.00870338370642	-0.0256946040614	0.0256342349774	-0.0349522471334	-0.0493083201662	0.0208231885662	0.0362583820852
k__Bacteria;p__Bacteroidetes;c__Bacteroidia;o__Bacteroidales;f__Porphyromonadaceae;g__Parabacteroides;s__Parabacteroides_distasonis	-0.025897689245	-0.0686619627092	0.0544963190222	-0.0369457435809	-0.0378806511142	-0.084085252456	-0.0257709361434	0.0296986647636	-0.0215465617871	1.0	0.00301776997534	0.0208187233462	0.030542068215	-0.0800670538424	-0.0204446147879	0.0722120271771	-0.0299552159122	-0.103166557565	0.0682473334397	-0.0187407347176	0.0443325160086	-0.0247504276364	-0.0581543557881	0.0228426590327	-0.0309425215858	-0.0223213671027	-0.068589706352	0.0607585325703	-0.00884378520558	-0.00260411302345	0.00214679805123	-0.0482453242044	0.0200674167394	0.00278922754025	0.00768644460606	-0.0766739891169	-0.00884299712944	0.0487318051281	-0.0315100401203	-0.0063498425164	-0.00927805542769	0.00805159657576	-0.00977472929953	-0.0125784774186	-0.0268195201414	0.00461576920139	-0.0679115422739	-0.0024515528396	0.0270736728094	-0.0156676082526	-0.0390997635528	0.041246973019	0.0131783251544	-0.0560071528535	-0.0068117751838	0.00716585533955	0.0239727293194	0.0235054565665	0.00926209495683
k__Bacteria;p__Bacteroidetes;c__Bacteroidia;o__Bacteroidales;f__Bacteroidaceae;g__Bacteroides;s__Bacteroides_thetaiotaomicron	-0.068064207671	-0.0578489214273	-0.0370787163761	-0.0385446236611	-0.00724039585769	-0.00991304359379	-0.0350108573497	-0.0241381279107	-0.054501880528	0.00301776997534	1.0	0.0279642979198	0.00927078699545	-0.0169301888783	-0.0501407479262	0.0173593019653	0.0449038180456	-0.0269010176137	0.0408988262361	0.00230889766705	0.0316241177035	-0.0483745561702	-0.0121377055997	0.0148984197891	-0.0394817916028	0.055910142018	0.0269606518324	-0.0458051221956	-0.0257152688876	-0.0679885093019	0.00850333574001	-0.0167925015137	0.0398278046975	-0.0116558125692	-0.0679032004255	0.00962446735282	0.0378847009996	-0.0483449511614	0.0197064106971	0.0123986892836	-0.0479597954526	-0.00318258036065	0.0377131997208	0.0157585017339	-0.0315145475889	-0.0573188874999	0.0318563174541	0.0167940484342	-0.000933235801429	-0.0220353006907	-0.0310784796815	-0.0354076057688	-0.0181420909542	0.0175147227794	0.0699895846235	-0.0361775012121	0.00722786065433	0.0217752947403	-0.00159329785599
k__Bacteria;p__Bacteroidetes;c__Bacteroidia;o__Bacteroidales;f__Bacteroidaceae;g__Bacteroides;s__Bacteroides_coprocola	-0.0414214022523	-0.0283688159973	-0.041685917351	0.00865472044257	0.034262984776	0.0276043918265	-5.8655453393e-05	-0.0964286556021	-0.0313417932863	0.0208187233462	0.0279642979198	1.0	0.0273800394631	0.0551847464412	0.025683366572	0.00813685376797	-0.0483689662137	-0.00979899488465	-0.0484632603091	0.00677350837233	-0.0398800042762	-0.034959931358	-0.0421236379569	-0.0704972905659	0.0344624308707	0.0143600821971	0.0267911813968	-0.0170373342591	-0.00588932389643	0.0363944603573	-0.0108013068288	-0.0356205199085	0.0112693572986	0.0434384961273	0.00581456180312	0.0281373266656	0.0327550502528	0.0368234385063	-0.0134506838346	0.0200323519678	0.0145508839856	0.0450109250372	-0.00761188358678	-0.00644774849036	0.00950951884351	-0.00163616239074	0.0387105690012	-0.0224938944973	-0.0438622557829	-0.00466181560533	-0.0983783284555	-0.068974560809	0.0122338100352	-0.00247716981839	-0.059214698586	-0.0218522410966	-0.040579446527	-0.0411532654425	0.0136780764589
k__Bacteria;p__Bacteroidetes;c__Bacteroidia;o__Bacteroidales;f__Bacteroidaceae;g__Bacteroides;s__Bacteroides_cellulosilyticus	0.0183214058065	-0.00380138490274	0.0176247198155	-0.0340894316698	0.0191953228241	-0.0597887936296	-0.00143822983193	0.00813545287626	0.00600192421919	0.030542068215	0.00927078699545	0.0273800394631	1.0	-0.0115937871318	-0.00645294441137	-0.0294525344057	0.00312565795001	0.00540011993573	-0.0509962049341	0.0145263589478	-0.00151102771286	0.000758038990121	-0.0475637561676	-0.0177502459963	-0.0228386333464	-0.0232374792987	0.045334736635	0.0213132968676	0.0257559460938	-0.0111004344254	0.0193569375733	-0.0209176074447	-0.00480060204218	-0.0249525995647	0.0381377676931	-0.00220325440843	-0.0260077244418	-0.0342510010605	-0.0631181379889	0.00878030585908	-0.0362618346393	0.0371805354754	-0.00592074715135	0.0290675600872	-0.0268516221463	-0.106599538261	0.00377105894284	0.00656956817156	-0.0519490123101	0.0152859465013	0.0435333916867	-0.0141127699051	0.00785609397007	0.0727190094884	-0.0166908341207	0.0222954553048	-0.00345860727518	0.0224717016833	0.0247635991772
k__Bacteria;p__Bacteroidetes;c__Bacteroidia;o__Bacteroidales;f__Rikenellaceae;g__Alistipes;s__Alistipes_obesi	-0.0328344072993	-0.00300788038236	0.0195657155517	0.0251226322785	0.00376371088715	0.0184316524297	-0.0154121754524	-0.019668908971	0.0435103424588	-0.0800670538424	-0.0169301888783	0.0551847464412	-0.0115937871318	1.0	0.0166065321615	0.0281835102824	-0.0211146609768	0.00869246027083	-0.0426995893864	0.0160194744465	0.00477639134166	-0.00588111755531	-0.0111147073208	0.0150700339452	0.0269011936957	-0.00891569573651	-0.0146843055845	-0.0236067351223	0.0180448734156	0.0261900147078	-0.0551275680301	0.0148863475165	-0.019406406769	-0.011475947527	0.0546333592384	-0.0558620214785	-0.0341402518379	-0.0038610566481	0.0819761200536	-0.0315779671532	-0.0371625974021	0.0132962041352	0.032739761411	-0.00944245687891	0.0134038876155	0.0123106141287	-0.034757451225	0.0412279224931	0.00973285992864	0.00386818784826	-0.055627993349	-0.0134187484034	0.0201494077891	0.00745694865696	-0.0208241011428	-0.0054217303829	0.0111221994844	0.00305007206766	-0.0325961751975
k__Bacteria;p__Firmicutes;c__Clostridia;o__Clostridiales;f__Lachnospiraceae;g__;s__[Eubacterium]_rectale	0.00279113065212	0.00786027223757	-0.0774648776692	0.00786047413719	0.014525487203	-0.0209960975912	0.0255740070856	-0.0589235675672	-0.0288822892402	-0.0204446147879	-0.0501407479262	0.025683366572	-0.00645294441137	0.0166065321615	1.0	-0.016768433274	-0.0217896982623	0.0301838705991	-0.0743289492204	0.0494821125423	-0.0844567067014	0.0564864655173	0.0138474208013	-0.0889499052044	0.0495863537674	0.0138410471477	-0.0883558277069	0.0129348253569	-0.0526348176354	-0.0376819371488	0.0668845437307	0.0256527104192	-0.0619213969139	0.0341153115138	0.0547764341852	-0.00962125850562	-0.0233439574338	-0.0642153468841	0.0885256047514	-0.0466240997512	0.00792117112053	-0.0362541640711	-0.0273738981936	0.0374938920657	-0.0375881110048	-0.0185129684626	-0.0114931823888	-0.0132973276754	0.0156462557117	-0.0209818637655	-0.0246444053833	0.0385776082717	0.0322058323339	0.0490122817698	-0.0171731433398	-0.0850588664862	0.0122387068021	-0.00265011535583	-0.0178116784934
k__Bacteria;p__Bacteroidetes;c__Bacteroidia;o__Bacteroidales;f__Bacteroidaceae;g__Bacteroides;s__Bacteroides_plebeius	0.0332570867683	0.0131722017895	-0.0263617753659	-0.0522896427832	-0.0281429059774	-0.0538259492153	0.0117315401442	-0.0499064149637	-0.0372043865626	0.0722120271771	0.0173593019653	0.00813685376797	-0.0294525344057	0.0281835102824	-0.016768433274	1.0	-0.0541596341342	-0.0395465093908	0.0173238654131	-0.0700022761634	-0.00490873156427	-0.0288208084465	-0.0538157355872	-0.025281643335	0.0500562704753	-0.0489058631654	-0.0388978140802	-0.014364679642	-0.04083137444	-0.0474595571684	0.0543521886673	-0.0407886300526	0.0445353776368	-0.0533535802478	3.6838498267e-05	0.00544018392765	-0.00197380222607	-0.0405471548959	0.00148587417168	0.0184270108209	0.0249992464942	0.026541302892	0.0436844369667	-0.0227626422789	-0.00247507874024	-0.00674033827314	-0.00689116619312	0.0120964935771	-0.0250070848864	0.0481164933073	0.0161908156289	0.0257670083797	-0.055786279569	-0.00737308042179	-0.00316103864647	-0.0102200554067	-0.05524985799	-0.0369723797722	-0.0858510947263
k__Bacteria;p__Bacteroidetes;c__Bacteroidia;o__Bacteroidales;f__Bacteroidaceae;g__Bacteroides;s__Bacteroides_fragilis	-0.0494013448157	-0.0228896827195	-0.0499669322595	-0.0121696187779	0.000986335691406	-0.0400135564605	-0.0601561095084	-0.000301150748211	-0.0388921632069	-0.0299552159122	0.0449038180456	-0.0483689662137	0.00312565795001	-0.0211146609768	-0.0217896982623	-0.0541596341342	1.0	0.0125821261603	0.0490570849491	0.0101477456993	-0.041759223852	-0.0248756005053	-0.00677879623298	0.0508503856617	-0.0136526033943	-0.0613823135031	0.008586682852	-0.016264518512	0.0262264412163	-0.0156503751222	0.00159271819575	-0.00573660182751	0.02857472571	-0.0284773218281	-0.045584217007	-0.0151862141699	0.0110095030463	0.0350547596518	-0.014471892228	0.0384058858867	0.0191155469255	-0.0364742936461	0.0332501171119	-0.032622881521	-0.0173213773977	-0.0419986657865	0.0118095124007	0.0433571834623	0.065772064943	-0.0301440694504	0.0495029377479	0.0613674274753	0.0346472650271	-0.0595313495922	0.0356641829914	-0.0489085869079	0.0164507620123	0.0575786957861	-0.0901557792045
k__Bacteria;p__Proteobacteria;c__Betaproteobacteria;o__Burkholderiales;f__Sutterellaceae;g__Sutterella;s__Sutterella_wadsworthensis	-0.00111400297393	0.0568688529295	-0.0340384116242	-0.00513399242133	-0.0106834381714	-0.00962517091699	-0.0200973549114	0.00326927155805	0.000813029144505	-0.103166557565	-0.0269010176137	-0.00979899488465	0.00540011993573	0.00869246027083	0.0301838705991	-0.0395465093908	0.0125821261603	1.0	0.0327022949488	-0.00309709139303	-0.0125439604724	-0.00959516085095	-0.0458152831009	0.00589945307775	0.0120972833566	-0.00340275051865	-0.000871433038353	-0.019794699859	-0.00394719759497	0.0125265388557	-0.0158503144483	0.00072973395554	-0.0191772768557	0.0117057239763	0.00413993786614	0.005987345122	0.0202668464319	0.0148518255187	0.0449259268758	-0.00508065274088	0.036502474433	0.0231328620674	-0.012933283908	-0.0513927673964	-0.0440029984145	0.00417261721135	-0.0527425636634	-0.0847280517929	-0.0161192383235	0.0260812930698	-0.0416488387591	0.0152735322301	-0.0461139011035	0.0404245824041	-0.0473589614959	0.0119268911823	-0.0382138053455	-0.0233007900788	0.0272725904877
k__Bacteria;p__Bacteroidetes;c__Bacteroidia;o__Bacteroidales;f__Porphyromonadaceae;g__Barnesiella;s__Barnesiella_intestinihominis	0.0038752959543	-0.0286005495904	0.0251281350394	0.0129547217869	0.0031748214705	0.0245597883806	0.054504849394	0.059074037232	-0.0649204878876	0.0682473334397	0.0408988262361	-0.0484632603091	-0.0509962049341	-0.0426995893864	-0.0743289492204	0.0173238654131	0.0490570849491	0.0327022949488	1.0	-0.0551914483007	0.0161058504579	-0.0163412448902	-0.0506056543193	0.0312632751249	0.0104024174561	-0.0661690519781	-0.0266105515472	0.0286040346046	-0.039058819779	-0.00665085512329	-0.0376360168746	0.004967416194	-0.0555663194004	-0.0308826019883	0.0269449339122	6.07656900525e-05	0.0307599676102	-0.00766047458202	0.00150135146993	0.00229637317825	-0.0543736191058	0.0330989424117	-0.000381149036618	0.0317574312526	0.0377976619192	-0.00109740058938	-0.0172071637042	0.00562141763827	-0.00875643960481	0.075011077234	0.0310644021744	-0.0286590616303	-0.0303764820107	-0.0371472623736	-0.014297051253	0.0184629481009	-0.0201391544515	0.00353510589868	-0.0270567994586
k__Bacteria;p__Bacteroidetes;c__Bacteroidia;o__Bacteroidales;f__Odoribacteraceae;g__Odoribacter;s__Odoribacter_splanchnicus	-0.0207225564584	0.0298886769478	-0.0252912950506	0.000782524380762	-0.0642854208389	0.0204578962008	0.0972345976548	-0.0193119552761	-0.00843467816836	-0.0187407347176	0.00230889766705	0.00677350837233	0.0145263589478	0.0160194744465	0.0494821125423	-0.0700022761634	0.0101477456993	-0.00309709139303	-0.0551914483007	1.0	0.0216093045768	-0.0519427776022	0.00225767018228	0.0739006147489	-0.0245847624937	0.0259455156866	0.0240075799854	-0.0829616555766	-0.0665494700821	-0.0245801367559	-0.031662723851	-0.0271076164354	-0.0189527379552	-0.0301902848777	-0.0407110355957	0.0482492374266	-0.0158358311015	0.00799777707347	0.0505737444377	0.0240780029598	-0.0284939762915	0.0169528025951	0.0295816003	0.0234827170801	0.011154900911	-0.029890897412	-0.0645619309241	-0.0352267072783	0.0341372661774	0.0406810845899	0.00332693013303	0.0395606545863	-0.0499641431468	-0.0176752410277	-0.0156626690588	0.00698792816083	0.0226669210141	-0.0122280866487	0.00135160366431
k__Bacteria;p__Bacteroidetes;c__Bacteroidia;o__Bacteroidales;f__Bacteroidaceae;g__Bacteroides;s__Bacteroides_salyersiae	-0.0224672390335	0.0433589293398	0.0299068782606	0.0252068473396	0.00441521195316	-0.0206844621731	0.0849320823687	-0.0410033368593	0.066870213648	0.0443325160086	0.0316241177035	-0.0398800042762	-0.00151102771286	0.00477639134166	-0.0844567067014	-0.00490873156427	-0.041759223852	-0.0125439604724	0.0161058504579	0.0216093045768	1.0	-0.0637697002075	-0.0376693178556	-0.0435297231869	-0.0227842953867	-0.0112745582323	-4.33985846967e-05	-0.0240646517491	0.0416618055656	0.0244937697086	-0.0597641140323	-0.0430458249458	0.0167822941459	-0.01553522869	-0.0382716086537	-0.0415681190009	0.0326669540413	-0.0487550068128	-0.0179382843633	0.0176541079233	-0.0799482828229	-0.00863112280781	0.013942286115	-0.00920851371784	-0.0367393951871	-0.0396881958186	0.0162398536707	-0.0141536523305	-0.01194201186	-0.015798551942	0.0237981420452	0.0113359517322	0.0154333818733	-0.0580639493292	-0.0823379948106	0.00407450710921	-0.0430668081323	0.0111596108989	0.00144763019799
k__Bacteria;p__Firmicutes;c__Clostridia;o__Clostridiales;f__Ruminococcaceae;g__Ruminiclostridium;s__[Eubacterium]_siraeum	-0.0177253963674	-0.0372006293778	-0.0176611651664	-0.103556557653	-0.10098363942	0.00381801631124	-0.0184569971634	0.0301872031808	0.0124041601901	-0.0247504276364	-0.0483745561702	-0.034959931358	0.000758038990121	-0.00588111755531	0.0564864655173	-0.0288208084465	-0.0248756005053	-0.00959516085095	-0.0163412448902	-0.0519427776022	-0.0637697002075	1.0	0.00194780486742	-0.0296234097269	-0.0667542603708	0.0224859403539	-0.0283990367887	0.0140266487171	-0.0533622680635	-0.00524003439782	-0.0240403027593	-0.0309811327964	-0.00784968600168	-9.64350828227e-05	-0.0693522695813	-0.0115549432227	0.0409356922201	-0.0540570625704	-0.00926191462774	0.0621120387424	-0.0176954340614	0.0165814067369	-0.0299731914091	-0.00625592097167	-0.0484617734	0.000625791859247	0.051233276477	0.0277052533643	-0.0270587513345	-0.00910148083931	0.00319433196825	-0.00981147060172	-0.000532496471736	-0.00741818792897	-0.00575056976107	0.00944835856136	-0.0355153516005	-0.0120479103649	-0.0421818081088
k__Bacteria;p__Proteobacteria;c__Betaproteobacteria;o__Burkholderiales;f__Sutterellaceae;g__Parasutterella;s__Parasutterella_excrementihominis	0.0491194746217	-0.0350699582068	-0.0288737313916	0.00528644863983	-0.00698506676341	-0.00298316098963	-0.0242441738125	-0.00548454920358	-0.0306189998231	-0.0581543557881	-0.0121377055997	-0.0421236379569	-0.0475637561676	-0.0111147073208	0.0138474208013	-0.0538157355872	-0.00677879623298	-0.0458152831009	-0.0506056543193	0.00225767018228	-0.0376693178556	0.00194780486742	1.0	0.0250255083894	-0.0104309977241	-0.0169837043702	0.0308791349294	-0.0508024768055	-0.00419482805865	0.0320272546922	-0.0415081796694	0.0284611319129	0.0435815248362	0.00324979303402	-0.0402337037258	0.0181542786882	-0.0645349718233	0.0346540933003	0.0211394330604	0.0152850945783	-0.0105082056631	0.0106707566228	-0.0270683898352	-0.00631743355291	-0.0166006708093	0.0370801917602	-0.0109946314309	0.0248175708909	-0.0460973873467	-0.0329914025714	-0.0490474742859	0.0425630988654	-0.0523206222399	-0.0222188669978	0.0236070748126	-0.0403960838931	-0.0236920856115	0.0374512823107	-0.0326014849742
k__Bacteria;p__Actinobacteria;c__Actinobacteria;o__Bifidobacteriales;f__Bifidobacteriaceae;g__Bifidobacterium;s__Bifidobacterium_adolescentis	0.0182695052357	0.0691734697422	-0.0294018242389	0.0193978928418	-0.0951127050914	-0.0229072049832	0.0398758999526	0.0167408072514	-0.074680303953	0.0228426590327	0.0148984197891	-0.0704972905659	-0.0177502459963	0.0150700339452	-0.0889499052044	-0.025281643335	0.0508503856617	0.00589945307775	0.0312632751249	0.0739006147489	-0.0435297231869	-0.0296234097269	0.0250255083894	1.0	-0.0224573123983	0.0124252242395	0.000279825096451	0.0183969943622	-0.000327375815068	0.00377127033371	-0.0496329478577	0.0145790506855	-0.0763734776076	-0.0373078840262	0.0124927527245	-0.00283903194373	-0.00176180703946	0.0235397235076	-0.045887491024	0.0025953386649	-0.03428770091	0.00172124497278	-0.0399523854387	-0.0392352076202	-0.011658719664	-0.0249919598261	0.0474502121414	-0.0469135492225	-0.00855782881884	0.00348441790232	-0.0531726715023	0.00212293731827	-0.0182595111847	-0.0149949942789	0.0168865664016	0.0216445871679	0.0306151160345	-0.0480032588596	0.0150524627035
k__Bacteria;p__Firmicutes;c__Clostridia;o__Clostridiales;f__Oscillospiraceae;g__Oscillibacter;s__Oscillibacter_sp._KLE_1745	-0.0461821821474	0.0256073134267	-0.0697233097582	-0.0593134097708	0.0296419271883	0.000440605773216	0.0216285536492	-0.104802454644	0.0901211555684	-0.0309425215858	-0.0394817916028	0.0344624308707	-0.0228386333464	0.0269011936957	0.0495863537674	0.0500562704753	-0.0136526033943	0.0120972833566	0.0104024174561	-0.0245847624937	-0.0227842953867	-0.0667542603708	-0.0104309977241	-0.0224573123983	1.0	-0.0211553714889	-0.0714904399495	-0.00270997696148	0.0174886468713	-0.00336688592503	0.0431209975778	-0.0390383327052	-0.0181455257718	0.0104908522183	-0.0415447370516	0.0506164404198	-0.00256794112249	0.00754266321814	-0.0321631779866	-0.0678257583794	-0.020054301146	-0.0294367350591	0.042551594676	-0.0165025152277	-0.0557860286796	-0.0320722293669	-0.0335627667431	-0.100377711265	0.0356517185904	0.00346978904532	-0.0156509534318	-0.00879129030335	-0.0374594260924	0.0345095565393	-0.05919019671	0.0236688188617	-0.0282372773997	0.0317184616591	0.00710378101425
k__Bacteria;p__Bacteroidetes;c__Bacteroidia;o__Bacteroidales;f__Bacteroidaceae;g__Bacteroides;s__Bacteroides_coprophilus	0.0238386805742	-0.0170641404975	0.0588011940906	-0.0247374791017	0.00551413931969	0.014975163193	0.00151515542716	0.00122575899566	-0.0242957537073	-0.0223213671027	0.055910142018	0.0143600821971	-0.0232374792987	-0.00891569573651	0.0138410471477	-0.0489058631654	-0.0613823135031	-0.00340275051865	-0.0661690519781	0.0259455156866	-0.0112745582323	0.0224859403539	-0.0169837043702	0.0124252242395	-0.0211553714889	1.0	-0.0244351059719	0.023040719055	0.018652134436	0.0305709532813	0.0258014552576	-0.00372085359974	0.0253700589581	-0.0479478945643	0.0316220006027	-0.0214036948059	0.0273821483879	0.0180913610056	-0.0247493139174	-0.0110235413826	0.0266013110035	-0.0728448564665	-0.0179266567121	0.0246806706789	0.00585140755612	-0.022255194446	-0.0410347779531	0.00706244436806	-0.011117811479	0.00286953971771	-0.00375959106748	0.0154415556294	0.05345203224	0.012058960809	-0.00274555147869	-0.0104172634933	-0.00725846659398	0.0127492704244	-0.0598737821285
k__Bacteria;p__Firmicutes;c__Clostridia;o__Clostridiales;f__Lachnospiraceae;g__Roseburia;s__Roseburia_intestinalis	-0.0293438785769	-0.0218421911921	-0.0269508613907	0.016517878293	0.0354550980565	-0.0151027024348	-0.0181325354848	0.0117897888524	0.066035014517	-0.068589706352	0.0269606518324	0.0267911813968	0.045334736635	-0.0146843055845	-0.0883558277069	-0.0388978140802	0.008586682852	-0.000871433038353	-0.0266105515472	0.0240075799854	-4.33985846966e-05	-0.0283990367887	0.0308791349294	0.000279825096451	-0.0714904399495	-0.0244351059719	1.0	-0.0136795036022	-0.0389440381914	-0.00960341389664	0.0120422520904	-0.00181644252105	-0.0659146095844	0.0297468074513	0.00470809498966	0.0487287771016	0.00994332467634	-0.00833044798411	0.00798163250813	0.00101944755218	0.0477921488152	0.00252790264743	-0.0749128397418	0.0152949675134	-0.00242466378642	-0.0363234529691	0.00830940121775	-0.0338830640525	-0.0201860956317	-0.000694466043871	-0.00155661672081	-0.0541722171416	0.0259364814765	-0.0464919540036	0.031592512346	-0.00861988885595	-0.0557188387352	-0.0185038864818	-0.0395645698416
k__Bacteria;p__Firmicutes;c__Clostridia;o__Clostridiales;f__Lachnospiraceae;g__Roseburia;s__Roseburia_hominis	-0.0366528389383	-0.014574584091	0.0288080018108	0.0180527124041	0.00921617140714	-0.00774127951941	0.0393017458065	0.0406418839799	0.0196412527973	0.0607585325703	-0.0458051221956	-0.0170373342591	0.0213132968676	-0.0236067351223	0.0129348253569	-0.014364679642	-0.016264518512	-0.019794699859	0.0286040346046	-0.0829616555766	-0.0240646517491	0.0140266487171	-0.0508024768055	0.0183969943622	-0.00270997696148	0.023040719055	-0.0136795036022	1.0	0.0182701204086	0.0202407688164	-0.0229755735989	-0.00977553136772	-0.0161060164928	0.0297323053741	0.064358494595	0.0100240983109	-0.0160623565251	-0.025138039198	0.00747910055095	-0.0414054657103	0.0433936855808	-0.00614599429377	-0.0575052196519	-0.0507346375809	0.0305230575798	-0.0195588789615	-0.0117915011749	-0.0411829142892	-0.0169562483481	-0.0409752996448	-0.0173114608859	0.0462635919154	0.0112707237182	0.0502637775402	-0.00679152993999	-0.0220247191572	-0.0636382503978	0.0221911675857	0.0238612218735
k__Bacteria;p__Bacteroidetes;c__Bacteroidia;o__Bacteroidales;f__Porphyromonadaceae;g__Parabacteroides;s__Parabacteroides_johnsonii	-0.0720720126772	0.00632354865127	-0.0166653919041	-0.0255505854963	0.0315570750239	-0.0569544503226	-0.0148882456093	-0.0218527302104	0.0140216607331	-0.00884378520558	-0.0257152688876	-0.00588932389643	0.0257559460938	0.0180448734156	-0.0526348176354	-0.04083137444	0.0262264412163	-0.00394719759497	-0.039058819779	-0.0665494700821	0.0416618055656	-0.0533622680635	-0.00419482805865	-0.000327375815068	0.0174886468713	0.018652134436	-0.0389440381914	0.0182701204086	1.0	-0.0167751571038	0.0203153589026	0.00973559231861	-0.00241444674368	-0.00664009676381	0.0093215393878	-0.000904116068052	-0.0399995767363	-0.00577601480331	-0.00260554817877	-0.0211512050393	-0.0231049219503	-0.00694045756176	-0.0190825467864	-0.0112632697104	-0.0617650583979	0.00607355407256	-0.0287488539795	0.00249586525695	0.0254337421907	-0.0626566541932	0.0607666494243	-0.0324963748181	0.0246352193433	-0.0125728826321	0.0525439633893	0.00273054733359	0.0159641929494	0.0143789635044	-0.00654317349778
k__Bacteria;p__Actinobacteria;c__Actinobacteria;o__Bifidobacteriales;f__Bifidobacteriaceae;g__Bifidobacterium;s__Bifidobacterium_longum	-0.0263757163742	-0.040709113435	0.0140232953988	-0.0854528855816	0.022301967304	0.0571024729596	-0.0345673966964	-0.0200184604044	0.0136467849272	-0.00260411302345	-0.0679885093019	0.0363944603573	-0.0111004344254	0.0261900147078	-0.0376819371488	-0.0474595571684	-0.0156503751222	0.0125265388557	-0.00665085512329	-0.0245801367559	0.0244937697086	-0.00524003439782	0.0320272546922	0.00377127033371	-0.00336688592503	0.0305709532813	-0.00960341389664	0.0202407688164	-0.0167751571038	1.0	-0.00565472762554	0.00500009604148	0.0722556334216	-0.018419523926	-0.113215717519	-0.0187616490139	-0.00699978192415	-0.0307573275447	-1.48529408196e-05	-0.0272924407961	-0.0827175189826	-0.00204732945796	-0.00449360160597	0.00797323386133	-0.0246435793779	0.0407354011506	-0.0258815332164	-0.050646992877	-0.0612519482592	0.00262570725719	-0.0170898939237	0.0308913115166	-0.00686808125775	0.0318409715587	0.0231754688609	-0.0319914672545	0.00145594414364	-0.0268870459682	-6.6917065713e-05
