#taxonomy	k__Bacteria;p__Bacteroidetes;c__Bacteroidia;o__Bacteroidales;f__Bacteroidaceae;g__Bacteroides;s__Bacteroides_vulgatus	k__Bacteria;p__Bacteroidetes;c__Bacteroidia;o__Bacteroidales;f__Bacteroidaceae;g__Bacteroides;s__Bacteroides_uniformis	k__Bacteria;p__Bacteroidetes;c__Bacteroidia;o__Bacteroidales;f__Rikenellaceae;g__Alistipes;s__Alistipes_putredinis	k__Bacteria;p__Bacteroidetes;c__Bacteroidia;o__Bacteroidales;f__Prevotellaceae;g__Prevotella;s__Prevotella_copri	k__Bacteria;p__Bacteroidetes;c__Bacteroidia;o__Bacteroidales;f__Bacteroidaceae;g__Bacteroides;s__Bacteroides_stercoris	k__Bacteria;p__Bacteroidetes;c__Bacteroidia;o__Bacteroidales;f__Bacteroidaceae;g__Bacteroides;s__Bacteroides_ovatus	k__Bacteria;p__Bacteroidetes;c__Bacteroidia;o__Bacteroidales;f__Rikenellaceae;g__Alistipes;s__Alistipes_shahii	k__Bacteria;p__Firmicutes;c__Clostridia;o__Clostridiales;f__Ruminococcaceae;g__Faecalibacterium;s__Faecalibacterium_prausnitzii	k__Bacteria;p__Bacteroidetes;c__Bacteroidia;o__Bacteroidales;f__Rikenellaceae;g__Alistipes;s__Alistipes_finegoldii	k__Bacteria;p__Bacteroidetes;c__Bacteroidia;o__Bacteroidales;f__Porphyromonadaceae;g__Parabacteroides;s__Parabacteroides_distasonis	k__Bacteria;p__Bacteroidetes;c__Bacteroidia;o__Bacteroidales;f__Bacteroidaceae;g__Bacteroides;s__Bacteroides_thetaiotaomicron	k__Bacteria;p__Bacteroidetes;c__Bacteroidia;o__Bacteroidales;f__Bacteroidaceae;g__Bacteroides;s__Bacteroides_coprocola	k__Bacteria;p__Bacteroidetes;c__Bacteroidia;o__Bacteroidales;f__Bacteroidaceae;g__Bacteroides;s__Bacteroides_cellulosilyticus	k__Bacteria;p__Bacteroidetes;c__Bacteroidia;o__Bacteroidales;f__Rikenellaceae;g__Alistipes;s__Alistipes_obesi	k__Bacteria;p__Firmicutes;c__Clostridia;o__Clostridiales;f__Lachnospiraceae;g__;s__[Eubacterium]_rectale	k__Bacteria;p__Bacteroidetes;c__Bacteroidia;o__Bacteroidales;f__Bacteroidaceae;g__Bacteroides;s__Bacteroides_plebeius	k__Bacteria;p__Bacteroidetes;c__Bacteroidia;o__Bacteroidales;f__Bacteroidaceae;g__Bacteroides;s__Bacteroides_fragilis	k__Bacteria;p__Proteobacteria;c__Betaproteobacteria;o__Burkholderiales;f__Sutterellaceae;g__Sutterella;s__Sutterella_wadsworthensis	k__Bacteria;p__Bacteroidetes;c__Bacteroidia;o__Bacteroidales;f__Porphyromonadaceae;g__Barnesiella;s__Barnesiella_intestinihominis	k__Bacteria;p__Bacteroidetes;c__Bacteroidia;o__Bacteroidales;f__Odoribacteraceae;g__Odoribacter;s__Odoribacter_splanchnicus	k__Bacteria;p__Bacteroidetes;c__Bacteroidia;o__Bacteroidales;f__Bacteroidaceae;g__Bacteroides;s__Bacteroides_salyersiae	k__Bacteria;p__Firmicutes;c__Clostridia;o__Clostridiales;f__Ruminococcaceae;g__Ruminiclostridium;s__[Eubacterium]_siraeum	k__Bacteria;p__Proteobacteria;c__Betaproteobacteria;o__Burkholderiales;f__Sutterellaceae;g__Parasutterella;s__Parasutterella_excrementihominis	k__Bacteria;p__Actinobacteria;c__Actinobacteria;o__Bifidobacteriales;f__Bifidobacteriaceae;g__Bifidobacterium;s__Bifidobacterium_adolescentis	k__Bacteria;p__Firmicutes;c__Clostridia;o__Clostridiales;f__Oscillospiraceae;g__Oscillibacter;s__Oscillibacter_sp._KLE_1745	k__Bacteria;p__Bacteroidetes;c__Bacteroidia;o__Bacteroidales;f__Bacteroidaceae;g__Bacteroides;s__Bacteroides_coprophilus	k__Bacteria;p__Firmicutes;c__Clostridia;o__Clostridiales;f__Lachnospiraceae;g__Roseburia;s__Roseburia_intestinalis	k__Bacteria;p__Firmicutes;c__Clostridia;o__Clostridiales;f__Lachnospiraceae;g__Roseburia;s__Roseburia_hominis	k__Bacteria;p__Bacteroidetes;c__Bacteroidia;o__Bacteroidales;f__Porphyromonadaceae;g__Parabacteroides;s__Parabacteroides_johnsonii	k__Bacteria;p__Actinobacteria;c__Actinobacteria;o__Bifidobacteriales;f__Bifidobacteriaceae;g__Bifidobacterium;s__Bifidobacterium_longum	k__Bacteria;p__Firmicutes;c__Clostridia;o__Clostridiales;f__;g__Flavonifractor;s__Flavonifractor_plautii	k__Bacteria;p__Firmicutes;c__Clostridia;o__Clostridiales;f__Clostridiaceae;g__Clostridium;s__Clostridium_phoceensis	k__Bacteria;p__Verrucomicrobia;c__Verrucomicrobiae;o__Verrucomicrobiales;f__Akkermansiaceae;g__Akkermansia;s__Akkermansia_muciniphila	k__Bacteria;p__Bacteroidetes;c__Bacteroidia;o__Bacteroidales;f__Prevotellaceae;g__Paraprevotella;s__Paraprevotella_xylaniphila	k__Bacteria;p__Firmicutes;c__Clostridia;o__Clostridiales;f__Ruminococcaceae;g__Ruminococcus;s__Ruminococcus_callidus	k__Bacteria;p__Bacteroidetes;c__Bacteroidia;o__Bacteroidales;f__Rikenellaceae;g__Alistipes;s__Alistipes_senegalensis	k__Bacteria;p__Firmicutes;c__Clostridia;o__Clostridiales;f__Lachnospiraceae;g__Blautia;s__Blautia_sp._KLE_1732	k__Bacteria;p__Bacteroidetes;c__Bacteroidia;o__Bacteroidales;f__Bacteroidaceae;g__Bacteroides;s__Bacteroides_oleiciplenus	k__Bacteria;p__Firmicutes;c__Clostridia;o__Clostridiales;f__Ruminococcaceae;g__Ruminococcus;s__Ruminococcus_bicirculans	k__Bacteria;p__Bacteroidetes;c__Bacteroidia;o__Bacteroidales;f__Bacteroidaceae;g__Bacteroides;s__Bacteroides_fluxus	k__Bacteria;p__Bacteroidetes;c__Bacteroidia;o__Bacteroidales;f__Prevotellaceae;g__Prevotella;s__Prevotella_stercorea	k__Bacteria;p__Firmicutes;c__Clostridia;o__Clostridiales;f__Lachnospiraceae;g__Dorea;s__Dorea_longicatena	k__Bacteria;p__Firmicutes;c__Clostridia;o__Clostridiales;f__Eubacteriaceae;g__Eubacterium;s__[Eubacterium]_eligens	k__Bacteria;p__Firmicutes;c__Clostridia;o__Clostridiales;f__Ruminococcaceae;g__;s__Ruminococcaceae_bacterium_D16	k__Bacteria;p__Firmicutes;c__Clostridia;o__Clostridiales;f__Lachnospiraceae;g__Coprococcus;s__Coprococcus_comes	k__Bacteria;p__Proteobacteria;c__Gammaproteobacteria;o__Enterobacterales;f__Enterobacteriaceae;g__Escherichia;s__Escherichia_coli	k__Bacteria;p__Firmicutes;c__Clostridia;o__Clostridiales;f__Ruminococcaceae;g__Anaerotruncus;s__Anaerotruncus_colihominis	k__Bacteria;p__Firmicutes;c__Clostridia;o__Clostridiales;f__Lachnospiraceae;g__Blautia;s__Blautia_obeum	k__Bacteria;p__Bacteroidetes;c__Bacteroidia;o__Bacteroidales;f__Odoribacteraceae;g__Odoribacter;s__Odoribacter_laneus	k__Bacteria;p__Firmicutes;c__Clostridia;o__Clostridiales;f__Ruminococcaceae;g__Ruminiclostridium;s__[Clostridium]_leptum	k__Bacteria;p__Bacteroidetes;c__Bacteroidia;o__Bacteroidales;f__Porphyromonadaceae;g__Parabacteroides;s__Parabacteroides_goldsteinii	k__Bacteria;p__Firmicutes;c__Clostridia;o__Clostridiales;f__Lachnospiraceae;g__Anaerostipes;s__Anaerostipes_hadrus	k__Bacteria;p__Firmicutes;c__Clostridia;o__Clostridiales;f__Ruminococcaceae;g__Ruminococcus;s__Ruminococcus_lactaris	k__Bacteria;p__Firmicutes;c__Clostridia;o__Clostridiales;f__Clostridiaceae;g__Clostridium;s__Clostridium_sp._L2-50	k__Bacteria;p__Firmicutes;c__Clostridia;o__Clostridiales;f__Clostridiaceae;g__Clostridium;s__Clostridium_sp._M62/1	k__Bacteria;p__Firmicutes;c__Clostridia;o__Clostridiales;f__;g__Intestinimonas;s__Intestinimonas_butyriciproducens	k__Bacteria;p__Actinobacteria;c__Actinobacteria;o__Bifidobacteriales;f__Bifidobacteriaceae;g__Bifidobacterium;s__Bifidobacterium_bifidum	k__Bacteria;p__Firmicutes;c__Negativicutes;o__Veillonellales;f__Veillonellaceae;g__Dialister;s__Dialister_invisus	k__Bacteria;p__Bacteroidetes;c__Bacteroidia;o__Bacteroidales;f__Bacteroidaceae;g__Bacteroides;s__Bacteroides_salanitronis
k__Bacteria;p__Bacteroidetes;c__Bacteroidia;o__Bacteroidales;f__Bacteroidaceae;g__Bacteroides;s__Bacteroides_vulgatus	1.0	-0.0237976689332	-0.00470581263474	-0.0141418561624	0.00493880982037	0.0114947610761	-0.00362866435256	-0.0213101101163	-0.0307662297766	0.00270299919359	0.0324460146815	-0.0431654850594	-0.00898905308165	-0.0169295071261	0.0225589361787	-0.0223071671154	-0.0274896498602	-0.0322284930246	0.0163573587373	-0.0316967552698	-0.0400164129183	-0.0367629669948	-0.0390076095569	0.0144101234487	-0.0168698510918	-0.0528369592841	-0.00101837130377	-0.049173901223	0.0540485289769	-0.00125891386366	-0.0428119409152	-0.00257007620405	0.0123622875666	0.0453822713868	0.0268399313261	-0.0657322394124	0.00867273843527	0.00792631031103	0.0386241703325	0.00499728969128	0.0143190314858	-0.0151587852436	0.0103204427267	-0.0188312895936	-0.0516108454021	-0.00153007834498	-0.0116779097747	3.63868123694e-05	0.0115836297319	-0.0612121539807	-0.0157447052269	-0.0405795351574	-0.0368441626804	-0.00658846021059	0.0206472290182	-0.0520436973736	-0.0368120727637	0.0186753889851	-0.0390849682512
k__Bacteria;p__Bacteroidetes;c__Bacteroidia;o__Bacteroidales;f__Bacteroidaceae;g__Bacteroides;s__Bacteroides_uniformis	-0.0237976689332	1.0	-0.0014921926299	0.00012662204453	-0.0048006823513	-0.0128500048926	0.0153724585155	-0.00486174994195	-7.74754945303e-05	0.0616879531528	0.00468515429193	-0.0326082755695	-0.0106037671014	0.0394697876192	0.020838843294	-0.0263372400748	0.0278068360041	0.0274149568471	0.0272717937967	-0.0548215606385	-0.0685492756362	-0.00143713090128	-0.000571408140152	-0.0688130930032	-0.0398684991744	-0.035101949348	-0.0304142831128	-0.0058027051195	-0.0232783114174	-0.0191919290739	0.0602894201047	-0.0397925702065	-0.0347933279981	0.0393825797906	-0.0101624007622	-0.00284457814377	-0.0267932705811	0.0032223492667	0.0167569742426	0.0212177368954	0.0525775807066	0.0292617769049	-0.0273816218446	0.0222182627343	-0.0349920907263	-0.0410589540675	-0.028633629621	-0.037285928577	0.0225690241612	-0.00511460947332	-0.0421070811117	0.0548674237511	-0.0142214864101	-0.00232726171868	-0.0153722562553	-0.00976236513689	0.0609320247836	0.00756717010388	-0.0149965527247
k__Bacteria;p__Bacteroidetes;c__Bacteroidia;o__Bacteroidales;f__Rikenellaceae;g__Alistipes;s__Alistipes_putredinis	-0.00470581263474	-0.0014921926299	1.0	-0.00328029349838	-0.0419277503671	0.0662501250266	-0.0232284808044	0.00798314312506	-0.0227368755187	0.0198921383238	0.0303185315052	0.0160049376709	-0.01985278695	-0.014495604418	-0.0461715885383	0.0011680887846	0.00928118165127	-0.0367505523404	-0.00800883979194	0.0172849434857	0.016182744962	0.0338645886567	-0.0305722425289	-0.0781723496757	0.0223052252459	-0.00759470167732	0.0134059584801	-0.0884467802393	0.0561735357486	-0.0294954271141	-0.0290829176887	-0.0112227518049	0.0622403722666	-0.0256649364398	-0.0849854761984	-0.0241927290047	0.0278794730645	0.0236250019157	-0.0314288844683	-0.0112963320396	0.00692606825116	-0.00792234047117	0.0182098030532	-0.00343456961275	0.0169689590005	0.0219119019314	0.057755036345	-0.0616241127282	0.0147166673438	0.0522174874036	0.0345248144729	0.00703743066588	0.0428279649006	0.0433965844814	0.0478193287764	-0.0140792387573	-0.0540977632366	-0.0169866663962	0.0128531690738
k__Bacteria;p__Bacteroidetes;c__Bacteroidia;o__Bacteroidales;f__Prevotellaceae;g__Prevotella;s__Prevotella_copri	-0.0141418561624	0.00012662204453	-0.00328029349838	1.0	-0.00994517374721	0.0790150576527	-0.0225598071099	-0.00852794132858	0.0274472445914	0.0124212905346	-0.037267040848	-0.00493186137232	-0.0652615489126	-0.0030700132736	0.0581565456737	0.0452373983032	-0.00461759483085	-0.0291264892291	-0.050820630565	0.0107722726572	0.00447394562088	-0.00505094701408	-0.00506153652911	0.0312172412834	-0.0694972646709	-0.00712877773456	-0.0398806941614	0.0639021690979	-0.0584942461813	0.0394909538249	-0.0360074413034	0.0707338320365	-0.0250602044274	0.0109459716178	-0.00118837919393	-0.0437081693059	-0.0478496555649	-0.0178550517969	-0.0256053049999	-0.000557971461994	-0.058423823366	-0.0275333347386	-0.0632207492171	-0.00974129576497	0.0373687153279	0.00580594735356	-0.0389136172414	0.0408992864622	0.00377677929878	-0.047321630839	0.004814108858	0.0559635287227	-0.0071072654577	0.0394771571216	-0.021464606136	0.0138521875199	-0.00383118197897	-0.011334074897	-0.07743403199
k__Bacteria;p__Bacteroidetes;c__Bacteroidia;o__Bacteroidales;f__Bacteroidaceae;g__Bacteroides;s__Bacteroides_stercoris	0.00493880982037	-0.0048006823513	-0.0419277503671	-0.00994517374721	1.0	-0.0158631855169	-0.0590138497432	0.038100851377	-0.0153178117147	-0.0207501785848	0.00808737961592	-0.0109794216629	0.0364358995883	-0.0421391741055	-0.00413991839138	-0.0278636616253	0.0772413523886	0.026355385508	0.00873301843833	0.0184188877104	0.013979076999	-0.015243990637	-0.0266819888002	-0.0482485033095	0.103208983051	0.022758645679	-0.0361983093427	0.00804013961441	0.0506204249713	0.0341154322434	-0.0735903474635	-0.0383118822052	-0.0479294910578	-0.029844251394	0.0740043610047	-0.0448097347165	0.0133055425244	-0.0196337458535	-0.0400056463945	0.0345286760031	0.0662056760387	-0.0228177950978	0.0250484500708	-0.0222348933591	-0.0147177914222	-0.0309750050322	-0.024053464843	-0.0913031933179	-0.00130781225413	-0.0211325424522	-0.00898940120561	-0.0412411635521	0.00265838776678	0.000404972153407	-0.00145671424319	0.0120914898989	0.03398890267	-0.0351649980006	-0.0422420058628
k__Bacteria;p__Bacteroidetes;c__Bacteroidia;o__Bacteroidales;f__Bacteroidaceae;g__Bacteroides;s__Bacteroides_ovatus	0.0114947610761	-0.0128500048926	0.0662501250266	0.0790150576527	-0.0158631855169	1.0	-0.0360743935683	0.0131494191687	-0.0289959660089	0.029953370922	-0.0602213906638	-0.0376702118329	0.0368341512194	-0.0451879660265	0.0199790561412	0.0490959727503	-0.0121985417613	-0.0512002783412	0.0599902065927	0.0305715860349	-0.0291809434295	-0.0263646618288	0.0301003883628	-0.00808525577253	-0.013638626007	0.0341161418492	0.0109047970111	0.010769345341	0.00805809202347	0.0159625389206	-0.0444331280787	0.0168428958827	-0.0279372303745	0.0310903499642	-0.020588967022	0.0245967923979	-0.0163597349329	-2.84668463119e-05	-0.0152299287262	0.0411893120254	0.0517257642252	-0.000635949456984	-0.00972100699696	-0.0382667236631	-0.0294641366149	0.0221538241503	0.0188408660022	0.00581842591844	-0.0218791110386	-0.027825492375	-0.0268347208514	-0.00210307467328	-0.0719746585806	-0.0239829125793	-0.0664674128869	-0.00924058744819	-0.0321433578268	-0.0275149878198	-0.0591759890915
k__Bacteria;p__Bacteroidetes;c__Bacteroidia;o__Bacteroidales;f__Rikenellaceae;g__Alistipes;s__Alistipes_shahii	-0.00362866435256	0.0153724585155	-0.0232284808044	-0.0225598071099	-0.0590138497432	-0.0360743935683	1.0	0.00551287002909	-0.0001823999393	-0.00181160166541	0.0320812085769	-0.0321368321332	0.0313965142139	-0.00580063079046	-0.0177370240999	0.0741891281411	0.019674842471	-0.0422795921139	-0.0510825298597	-0.0370950833808	0.00811217077089	-0.056204969348	-0.00515413944415	-0.0285348465949	0.01840176573	-0.0155255153512	0.00502257716412	-0.0194335683383	-0.0841622236848	-0.039183309695	-0.0748004074446	-0.0609234345217	-0.00402049350115	-0.0110237679327	-0.0764624564498	-0.011281062366	-0.0324680581655	-0.0597433091754	-0.0193655310648	0.0312183382245	-0.0288613622503	-0.00393008126037	-0.00602215100853	-0.0374670558286	0.0297924840069	-0.00338917593365	0.0127981946824	-0.026489904187	0.0303432268583	0.00113397603678	0.0190581518957	0.0165161763216	0.0202904163142	-0.0147881873869	-0.00479281433658	-0.0823630109059	0.0490221124091	-0.00720985924997	0.00457583478007
k__Bacteria;p__Firmicutes;c__Clostridia;o__Clostridiales;f__Ruminococcaceae;g__Faecalibacterium;s__Faecalibacterium_prausnitzii	-0.0213101101163	-0.00486174994195	0.00798314312506	-0.00852794132858	0.038100851377	0.0131494191687	0.00551287002909	1.0	-0.00379811357742	0.0544857314089	0.0265235086734	-0.0134282791234	-0.0345627650414	-0.0253162910046	-0.0570193048811	-0.0189103709232	-0.0462290873079	0.00508570806349	0.00412617859856	-0.0550734328958	-0.0351102249129	0.0063122758611	0.0251407717321	-0.0387892003367	0.0584403156799	-0.00152604444607	0.0370307954944	-0.0208896884996	-0.0488507702814	0.0359160092026	-0.0204407959579	-0.0702154080067	0.0043885118653	0.0417699023532	-0.109099230282	-0.0773439351187	-0.0111793212707	0.040284946601	-0.0852125789753	0.00534762748448	-0.0362068521036	0.0220557996155	0.00448792056372	-0.0577090125	-0.0535899416829	0.0306548410353	0.0506004808067	0.0286770253369	-0.0335845468221	0.0161143817839	-0.0444060514543	0.0279688221459	-0.0377790686189	-0.0470838226428	-0.00945192646185	0.0285550207655	-0.00733810689435	0.00424115231285	0.0511932511923
k__Bacteria;p__Bacteroidetes;c__Bacteroidia;o__Bacteroidales;f__Rikenellaceae;g__Alistipes;s__Alistipes_finegoldii	-0.0307662297766	-7.74754945304e-05	-0.0227368755187	0.0274472445914	-0.0153178117147	-0.0289959660089	-0.0001823999393	-0.00379811357742	1.0	-0.0431462903681	0.0204344803344	-0.0290504540727	-0.0225670034168	0.0202755189763	-0.0130906694399	-0.0309865844566	-0.0128198262784	0.0318750821228	-0.025442965532	-0.0150365380643	-0.00379108992672	-0.0381421189228	-0.00308749706308	-0.0855819194558	0.0438747802713	0.0328516717462	-0.0077893076895	-0.0195657008778	-0.00649271793124	-0.0175731046726	0.0299946593388	0.0436824876752	-0.0462514678956	0.00268775284316	-0.00274837252905	0.0426749721892	0.00463115095865	-0.0269413737461	0.0199043947702	0.0129782612251	0.0277316978671	0.00820940687765	-0.00191312326568	0.00478482717942	0.000989111531575	-0.0467720412152	-0.051714367099	0.0365227967731	-0.0356204898077	-0.0619272860996	0.0156986716051	0.0239883995306	-0.0984926975609	-0.0559552251185	0.0231717690588	0.017102986829	-0.0412270165522	0.0288259248848	-0.0025912348629
k__Bacteria;p__Bacteroidetes;c__Bacteroidia;o__Bacteroidales;f__Porphyromonadaceae;g__Parabacteroides;s__Parabacteroides_distasonis	0.00270299919359	0.0616879531528	0.0198921383238	0.0124212905346	-0.0207501785848	0.029953370922	-0.00181160166541	0.0544857314089	-0.0431462903681	1.0	-0.0308786332286	0.00274171184405	-0.0526151362811	-0.0200156642364	0.0115554027159	-0.0437079543918	0.0340920640609	-0.0168009225647	0.0353788597033	-0.00923372137042	-0.0150714478923	-0.0240000814578	0.00854476422216	-0.00702328703168	0.0204171434383	-0.0592472825271	-0.00202164763438	0.0278017152123	-0.0723921980755	-0.0136163922468	-0.0406451301912	0.0284363650229	-0.0262066262924	0.000195890362423	-0.00147454151264	0.00501540323893	0.0108531311072	-0.00050771528323	-0.0164006115262	0.0176530296808	-0.0533732485121	-0.033743842741	-0.0118843198569	-0.0454717210832	-0.0230884646755	-0.0591490481527	-0.043678954475	-0.00149258575402	0.0182611461596	-0.0255837383374	-0.0715153304573	-0.0108075334082	-0.0466460197175	0.0255592647407	-0.00390388162468	-0.0350530722847	0.0195015419015	0.00505703594366	0.00114138615298
k__Bacteria;p__Bacteroidetes;c__Bacteroidia;o__Bacteroidales;f__Bacteroidaceae;g__Bacteroides;s__Bacteroides_thetaiotaomicron	0.0324460146815	0.00468515429193	0.0303185315052	-0.037267040848	0.00808737961592	-0.0602213906638	0.0320812085769	0.0265235086734	0.0204344803344	-0.0308786332286	1.0	-0.0235257080074	-0.033000888296	-0.0227444699782	-0.00657702724051	-0.029382449775	-0.0195291210259	0.0235730216533	-0.0654583723913	0.032612688977	0.0277042662312	0.0215148795123	-0.0115761731823	-0.0654117863601	-0.0354868851865	0.00248010570229	-0.0116646438868	0.06106431171	0.000559714675294	-0.00654951490689	-0.0429769898232	-0.0718033674682	0.00472391775712	-0.00910864506189	-0.0079830263904	-0.0443908839096	-0.0335594670249	0.0200247668115	-0.035653457617	0.0260216546208	0.0128454575651	-0.0333008451844	-0.0410803713069	-0.0321767922449	0.108145328293	0.0458641353897	0.0243468007788	-0.0158522051476	0.0343621759791	-0.0313370986707	-0.0190684793305	-0.0672994502307	-0.0151985956086	-0.00637051674799	-0.0576396243249	0.00370469814239	-0.00833030410482	0.0692335753371	-0.0691053736166
k__Bacteria;p__Bacteroidetes;c__Bacteroidia;o__Bacteroidales;f__Bacteroidaceae;g__Bacteroides;s__Bacteroides_coprocola	-0.0431654850594	-0.0326082755695	0.0160049376709	-0.00493186137232	-0.0109794216629	-0.0376702118329	-0.0321368321332	-0.0134282791234	-0.0290504540727	0.00274171184405	-0.0235257080074	1.0	-0.0480494730608	-0.0258901908642	-0.0266487957691	-0.00476042308334	-0.023455444727	-0.0520727947044	0.015350593198	-0.0411925967067	0.032776582336	0.0234481270614	0.0449723560691	-0.0255164467637	0.0110110816142	0.016000224166	-0.0305862463663	0.0136817981195	-0.0370994265519	0.0294300947474	0.0261712765371	-0.0636813608257	0.00162991924236	0.0219694625588	-0.029527850885	-0.064926617613	-0.00759300623343	0.0642423118259	0.00897644711322	0.0330663417798	-0.0465738180361	-0.00178931571169	0.0132573738939	0.0378280429977	-0.00613912359662	0.0222558977348	0.0193717000642	-0.0561302885941	0.0356868686713	-0.0493848698425	0.006510483401	0.0046023129726	0.0330970832382	-0.00302753062732	-0.0761241977446	-0.0232307472177	0.0297571027516	-0.0465563587208	-0.00792931210028
k__Bacteria;p__Bacteroidetes;c__Bacteroidia;o__Bacteroidales;f__Bacteroidaceae;g__Bacteroides;s__Bacteroides_cellulosilyticus	-0.00898905308165	-0.0106037671014	-0.01985278695	-0.0652615489126	0.0364358995883	0.0368341512194	0.031396514214	-0.0345627650414	-0.0225670034168	-0.0526151362811	-0.033000888296	-0.0480494730608	1.0	0.0102646812287	0.0337707284314	-0.053300029253	-0.0187331203532	-0.00777418816007	0.0274437464805	-0.00393877492939	0.0218037638841	-0.0921886333648	-0.0354080641917	0.0597943348756	0.00349200406273	-0.052541905814	-0.0310434087315	-0.0619439711233	-0.0287792494264	-0.055285594483	-0.00927112116969	-0.0167083393425	-0.00997280066934	-0.0244436936361	0.010138646364	-0.0133527983908	-0.0195450956481	-0.011468704693	0.0332691896919	0.0213529978906	0.0141922398678	0.0604522187052	0.0171085218579	-0.0138945628666	0.0119444248114	-0.00995832183027	0.00387538952604	0.00172034547809	-0.00382043245732	0.0129725861258	0.0275754265861	-0.0379210947312	-0.00782211235306	-0.0371525483885	-0.0212888278372	-0.0286827309133	-0.0510070993159	-0.043780318477	0.0506813836499
k__Bacteria;p__Bacteroidetes;c__Bacteroidia;o__Bacteroidales;f__Rikenellaceae;g__Alistipes;s__Alistipes_obesi	-0.0169295071261	0.0394697876192	-0.014495604418	-0.0030700132736	-0.0421391741055	-0.0451879660265	-0.00580063079046	-0.0253162910046	0.0202755189763	-0.0200156642364	-0.0227444699782	-0.0258901908642	0.0102646812287	1.0	0.0179413555996	0.0241358521408	-0.037037936316	-0.0381416434415	0.00377607234488	0.0407305253129	-0.0748879435469	0.014363598602	0.00297120050867	-0.0505864496339	-0.0480252270696	0.050767264847	-0.0121866356038	-0.00449891009894	-0.0356085983561	0.0347386538723	0.127098836828	0.0858265762256	-0.0140110116453	-0.0274845389044	0.0220423190085	0.0592285782101	-0.0513899527906	-0.0573558543599	-0.0184832938987	-0.021021120816	-0.0195616449025	-0.00991662672792	0.0303324383556	-0.0147109823663	0.0295084919729	0.00611594593204	-0.000209902986019	0.0084299988931	0.0248155978111	-0.00193008520355	-0.0193847263129	-0.005627961226	0.0210454008856	-0.00594049464418	0.0390667883435	0.00664151695885	-0.0103384068131	-0.00571257004583	-0.0360059530915
k__Bacteria;p__Firmicutes;c__Clostridia;o__Clostridiales;f__Lachnospiraceae;g__;s__[Eubacterium]_rectale	0.0225589361787	0.020838843294	-0.0461715885383	0.0581565456737	-0.00413991839138	0.0199790561412	-0.0177370240999	-0.0570193048811	-0.0130906694399	0.0115554027159	-0.00657702724051	-0.0266487957691	0.0337707284314	0.0179413555996	1.0	0.00458135926955	-0.000989279844658	-0.0264797177138	0.0306081253767	-0.0397898901568	0.0211548175911	-0.0220973322826	0.0083885686817	0.0599433016734	0.0584730631271	-0.032765163092	-0.0180120079464	-0.0199164053349	0.00390532984545	0.0102351180738	-0.00809053181457	-0.0126114794915	-0.0450916089586	-0.1138916752	0.00625161072497	0.0302355220125	0.00711461204283	0.0196226902127	0.00999031269751	-0.0504496455494	0.0346896184629	-0.0305865039004	-0.0258415723595	0.0728105737292	-0.0234260901287	-0.0277622204298	0.00238414891187	-0.0414136455629	0.065267299469	0.00114547816567	-0.0323530721676	-0.0337600019753	-0.0140612842043	0.000805475508267	-0.0197594523828	0.0568216802735	0.0142588536618	0.00890948493812	0.0070480013207
k__Bacteria;p__Bacteroidetes;c__Bacteroidia;o__Bacteroidales;f__Bacteroidaceae;g__Bacteroides;s__Bacteroides_plebeius	-0.0223071671154	-0.0263372400748	0.0011680887846	0.0452373983032	-0.0278636616253	0.0490959727503	0.0741891281411	-0.0189103709232	-0.0309865844566	-0.0437079543918	-0.029382449775	-0.00476042308334	-0.053300029253	0.0241358521408	0.00458135926955	1.0	-0.0374395809598	0.027603564985	0.00279006374118	-0.0117163013784	0.00568106202815	-0.0818288247045	-0.0244049200457	-0.0210188917542	-0.0392109908642	-0.0350317323472	-0.00648733405937	0.0430203985007	0.0136492330701	0.0311215947424	-0.00490243485241	-0.00909252336653	0.0308375713803	-0.00888641667897	-0.00319439398435	-0.0581141488652	0.0263916073492	-0.0455838051202	0.0333144711556	-0.0388152063216	-0.00722287918783	-0.0315211400964	0.0654106665537	0.0460682878552	-0.0205273486127	0.0212212743057	-0.0198440269097	0.0598937865515	0.0315587538135	0.0500150910793	-0.00211783929824	-0.0306533194019	-0.0302913570713	-0.0149909801402	-0.00567455425315	-0.0442485943825	-0.00218700243335	0.012175561777	-0.0356781464353
k__Bacteria;p__Bacteroidetes;c__Bacteroidia;o__Bacteroidales;f__Bacteroidaceae;g__Bacteroides;s__Bacteroides_fragilis	-0.0274896498602	0.0278068360041	0.00928118165127	-0.00461759483085	0.0772413523886	-0.0121985417613	0.019674842471	-0.0462290873079	-0.0128198262784	0.0340920640609	-0.0195291210259	-0.023455444727	-0.0187331203532	-0.037037936316	-0.000989279844658	-0.0374395809598	1.0	0.0186321666625	0.0377870871612	0.027626820023	0.0233311866244	-0.0302321705003	-0.0331598758041	0.0102428783191	0.0468827306782	-0.014338907235	0.0366454749719	-0.0745470953291	-0.0190573208327	-0.0434845474107	-0.0311766231426	-0.0573103304684	-0.025574475937	0.0248865047526	0.0306171897369	0.0106226694902	-0.00986178100296	0.0457925052982	-0.00931185663218	0.00966144058063	-0.0104558715001	-0.012582485118	0.0573605250505	-0.019334914125	-0.076875071143	-0.00495918314871	0.019407349635	-0.018779990084	-0.0117115972367	0.0309645972319	0.00276998640107	0.00808456281918	-0.0290202524636	-0.0401498318431	0.000814307769292	-0.0504720999261	-0.000760032698565	0.00365388109168	-0.0262812739884
k__Bacteria;p__Proteobacteria;c__Betaproteobacteria;o__Burkholderiales;f__Sutterellaceae;g__Sutterella;s__Sutterella_wadsworthensis	-0.0322284930246	0.0274149568471	-0.0367505523404	-0.0291264892291	0.026355385508	-0.0512002783412	-0.0422795921139	0.00508570806349	0.0318750821228	-0.0168009225647	0.0235730216533	-0.0520727947044	-0.00777418816007	-0.0381416434415	-0.0264797177138	0.027603564985	0.0186321666625	1.0	-0.0443682225512	0.00150902719972	0.00722665073886	-0.0121349250582	-0.0336632881921	0.0391621689578	-0.0250032101103	-0.045122235634	-0.0132299577509	0.0148297805815	0.0197060277957	0.020437328453	-0.0320170245813	-0.0536188768385	0.0141495550073	-0.0037263050931	0.0272719379848	0.0292666857488	-0.102105402295	0.0530758511446	0.00414142533035	-0.0373859386495	-0.0630680006704	-0.00353217933312	-0.016198903771	-0.00910143236859	-0.0267354439552	-0.0211832122233	-0.0103954386289	-0.000315274432643	-0.0139225220179	0.0121463510016	-0.0735081366436	-0.0696531868681	0.0194561250463	-0.00132359300396	0.0373880997275	-0.0130804922474	0.0382735013639	-0.060225576432	-0.0436548859494
k__Bacteria;p__Bacteroidetes;c__Bacteroidia;o__Bacteroidales;f__Porphyromonadaceae;g__Barnesiella;s__Barnesiella_intestinihominis	0.0163573587373	0.0272717937967	-0.00800883979194	-0.050820630565	0.00873301843833	0.0599902065927	-0.0510825298597	0.00412617859856	-0.025442965532	0.0353788597033	-0.0654583723913	0.015350593198	0.0274437464805	0.00377607234488	0.0306081253767	0.00279006374118	0.0377870871612	-0.0443682225512	1.0	-0.00426279909782	0.0485397862449	-0.068529151686	-0.0371228164055	-0.013414505299	0.0154023134091	0.00112010744139	-0.0110581462729	-0.00757834486055	0.0443635972919	-0.0110539542378	0.0283246712981	0.0103415004566	0.0210849073195	-0.0281110897888	-0.0106403813295	0.0506827473764	0.00713818374122	0.0259087508891	0.0660614741154	-0.0585871799651	-0.00695932490186	-0.0203668095707	-0.0112217569057	-0.0606391223284	-0.0218782664439	-0.0287529078072	0.0471708127328	-0.062301130267	-0.0382458813531	-0.0220613991139	-0.0944491431309	-0.0539486470871	-0.0590561151874	0.000829134440018	0.0218320585979	-0.00182118026382	-0.0159469248238	-0.04636756506	-0.029554118102
k__Bacteria;p__Bacteroidetes;c__Bacteroidia;o__Bacteroidales;f__Odoribacteraceae;g__Odoribacter;s__Odoribacter_splanchnicus	-0.0316967552698	-0.0548215606385	0.0172849434857	0.0107722726572	0.0184188877104	0.0305715860349	-0.0370950833808	-0.0550734328958	-0.0150365380643	-0.00923372137042	0.032612688977	-0.0411925967067	-0.00393877492939	0.0407305253129	-0.0397898901568	-0.0117163013784	0.027626820023	0.00150902719972	-0.00426279909782	1.0	-0.0125552567367	0.0109624581163	-0.0375388151746	0.0553838586507	-0.035779047661	-0.0450143700798	0.0234912248049	0.0256964080711	-0.0203431756766	-0.0241815326761	0.0112111038222	-0.0231994843929	-0.0171435667952	0.0175989452311	0.0239109993565	-0.0151702942247	-0.0610162223497	-0.0267351403269	0.000419359913112	-0.0303815786783	-0.0779557882245	0.0134004636161	-0.0238179184613	0.01664734594	0.0288959056709	-0.0387909544689	0.0173106700343	0.0106100019056	-0.0340725349388	0.0278003718184	-0.0198658306874	-0.0173543500579	0.00374821718357	0.0443004356481	-0.0465880333343	-0.0357932445125	0.00416546732512	0.0174204368709	-0.0365713074959
k__Bacteria;p__Bacteroidetes;c__Bacteroidia;o__Bacteroidales;f__Bacteroidaceae;g__Bacteroides;s__Bacteroides_salyersiae	-0.0400164129183	-0.0685492756362	0.016182744962	0.00447394562088	0.013979076999	-0.0291809434295	0.00811217077089	-0.0351102249129	-0.00379108992672	-0.0150714478923	0.0277042662312	0.032776582336	0.0218037638841	-0.0748879435469	0.0211548175911	0.00568106202815	0.0233311866244	0.00722665073886	0.0485397862449	-0.0125552567367	1.0	-0.0576743012337	-0.0214811486172	-0.0134658094265	-0.0044377304347	-0.0520630286193	0.0488014862157	0.00288865665198	-0.0151440079671	-0.0191299041735	-0.0239730410198	-0.0125111314183	-0.0244576880112	0.0160637929592	0.00108748524833	-0.00490154892347	0.0107972050231	0.0405886961087	0.0526984001061	0.0092573038418	0.00194533932297	-0.0391920191023	0.00155967283078	0.0224657656301	-0.0166998041128	-0.016718636113	-0.00638206529486	-0.0623460559963	-0.00820010110139	-0.0328193513469	-0.0499852718483	-0.0223933790484	0.0279978010484	0.00241907168196	-0.0112045169749	-0.0242467662409	0.00612076319067	-0.0281133567458	-0.020081024962
k__Bacteria;p__Firmicutes;c__Clostridia;o__Clostridiales;f__Ruminococcaceae;g__Ruminiclostridium;s__[Eubacterium]_siraeum	-0.0367629669948	-0.00143713090128	0.0338645886567	-0.00505094701408	-0.015243990637	-0.0263646618288	-0.056204969348	0.0063122758611	-0.0381421189228	-0.0240000814578	0.0215148795123	0.0234481270614	-0.0921886333648	0.014363598602	-0.0220973322826	-0.0818288247045	-0.0302321705003	-0.0121349250582	-0.068529151686	0.0109624581163	-0.0576743012337	1.0	0.0375841090563	-0.00796473967966	-0.00240027258443	0.0148760491952	-0.0647131744103	-0.0173099462266	0.0264745600147	-0.0638943051331	0.00340731554191	-0.0194409226525	-0.0371851533342	0.0894963102925	-0.0107185688529	-0.0134471758805	0.0174928316116	-0.0103663550455	0.00813929042851	-0.0396333765705	-0.0270044131378	0.0181986690492	0.0517848055336	-0.00220764154644	0.0295792673256	0.0157650244509	0.0131373313835	0.0208361682623	0.0579830510928	-0.0858837792228	-0.0308581451648	-0.0468281123478	0.0473902820191	-0.0160547500377	0.0188348546016	0.000313420810489	0.046365013607	-0.0207155909345	0.0374312312161
k__Bacteria;p__Proteobacteria;c__Betaproteobacteria;o__Burkholderiales;f__Sutterellaceae;g__Parasutterella;s__Parasutterella_excrementihominis	-0.0390076095569	-0.000571408140152	-0.0305722425289	-0.00506153652911	-0.0266819888002	0.0301003883628	-0.00515413944415	0.0251407717321	-0.00308749706308	0.00854476422216	-0.0115761731823	0.0449723560691	-0.0354080641917	0.00297120050867	0.0083885686817	-0.0244049200457	-0.0331598758041	-0.0336632881921	-0.0371228164055	-0.0375388151746	-0.0214811486172	0.0375841090563	1.0	0.0181121938869	-0.0139663967515	-0.00933482822413	-0.0201266802553	0.0326739210933	-0.0593501186181	-0.0139967951873	0.0548449935369	0.0661157749788	0.0504888231483	-0.0106067775283	-0.0527057066689	0.0864949267976	-0.0649853217732	-0.00545110872504	0.0291941822904	-0.0425976367139	-0.0247697257734	0.0235092112636	-0.0366309471268	-0.00325910597174	-0.00810973681041	-0.00433459959091	0.0393759412473	0.0172989420876	-0.00895068643602	-0.0371520764479	-0.0445793615871	-0.0295472666958	-0.0230734210825	-0.000893161784854	-0.0920809987057	-0.021688103759	-0.036607794436	-0.00972115578175	0.0356228015162
k__Bacteria;p__Actinobacteria;c__Actinobacteria;o__Bifidobacteriales;f__Bifidobacteriaceae;g__Bifidobacterium;s__Bifidobacterium_adolescentis	0.0144101234487	-0.0688130930032	-0.0781723496757	0.0312172412834	-0.0482485033095	-0.00808525577253	-0.0285348465949	-0.0387892003367	-0.0855819194558	-0.00702328703168	-0.0654117863601	-0.0255164467637	0.0597943348756	-0.0505864496339	0.0599433016734	-0.0210188917542	0.0102428783191	0.0391621689578	-0.013414505299	0.0553838586507	-0.0134658094265	-0.00796473967966	0.0181121938869	1.0	0.0252094713882	-0.0371731028538	0.0311072999892	-0.0217608069763	-0.05024073924	-0.0128689947914	-0.00333483126529	0.0625913407925	0.036796455997	-0.00431013929981	0.0103686771743	0.00686482418748	-0.0355081724722	-0.0464423430962	-0.0617704234362	-0.0352994445869	0.0359929223706	8.596972831e-07	-0.00990709832475	0.00155719211858	0.00911085610145	0.0475074002534	-0.0231809227426	-0.0216308157047	-0.0339082373948	0.00932777586889	0.00877579974527	0.0463498463733	-0.0176370561153	-0.00536823344913	-0.00893031022535	-0.00770523008158	-0.0588084932943	0.00256956291631	0.0167441430253
k__Bacteria;p__Firmicutes;c__Clostridia;o__Clostridiales;f__Oscillospiraceae;g__Oscillibacter;s__Oscillibacter_sp._KLE_1745	-0.0168698510918	-0.0398684991744	0.0223052252459	-0.0694972646709	0.103208983051	-0.013638626007	0.01840176573	0.0584403156799	0.0438747802713	0.0204171434383	-0.0354868851865	0.0110110816142	0.00349200406273	-0.0480252270696	0.0584730631271	-0.0392109908642	0.0468827306782	-0.0250032101103	0.0154023134091	-0.035779047661	-0.0044377304347	-0.00240027258443	-0.0139663967515	0.0252094713882	1.0	-0.0154699797676	-0.0581822643921	0.0140872137231	-0.00195088665335	-0.0504768465621	-0.0328867440473	-0.0238666025342	-0.0144271866763	-0.0748299561134	-0.0479238365081	-0.0337274815214	-0.0245992447032	-0.015052127621	0.00580164907279	0.0191907983539	0.00391857410557	-0.0106007268497	-0.00292445981925	0.0280287837187	-0.0230250378582	-0.0450941650879	-0.0225888840833	-0.0867161971449	-0.0112823128469	-0.0195761178391	0.0465520848261	-0.0762012598837	-0.0175013559849	0.00222531631489	-0.0177472876164	0.00665224888843	-0.00162443037121	-0.0436271185212	-0.0314770043668
k__Bacteria;p__Bacteroidetes;c__Bacteroidia;o__Bacteroidales;f__Bacteroidaceae;g__Bacteroides;s__Bacteroides_coprophilus	-0.0528369592841	-0.035101949348	-0.00759470167732	-0.00712877773456	0.022758645679	0.0341161418492	-0.0155255153512	-0.00152604444607	0.0328516717462	-0.0592472825271	0.00248010570229	0.016000224166	-0.052541905814	0.050767264847	-0.032765163092	-0.0350317323472	-0.014338907235	-0.045122235634	0.00112010744139	-0.0450143700798	-0.0520630286193	0.0148760491952	-0.00933482822413	-0.0371731028538	-0.0154699797676	1.0	-0.0215779008008	-0.0179458589597	0.0189181559599	0.00137569744497	0.0333980597501	0.00700675289595	-0.0280892139372	0.033719910403	0.0455786064796	-0.0697935019663	-0.0077614258692	0.003104157122	0.039034700966	-0.043571827319	-0.0306087915798	0.0191279951562	0.0354526305686	-0.0169121085528	-0.0267055254381	0.00569485922879	-0.087715716463	-0.0260630673427	-0.00425168978837	-0.0166153098021	0.0281651392009	-0.0121923418164	-0.0318018964599	-0.0330434542528	0.0300056548128	-0.00794211273785	0.0437962107821	0.039249830839	-0.0241876418918
k__Bacteria;p__Firmicutes;c__Clostridia;o__Clostridiales;f__Lachnospiraceae;g__Roseburia;s__Roseburia_intestinalis	-0.00101837130377	-0.0304142831128	0.0134059584801	-0.0398806941614	-0.0361983093427	0.0109047970111	0.00502257716412	0.0370307954944	-0.0077893076895	-0.00202164763438	-0.0116646438868	-0.0305862463663	-0.0310434087315	-0.0121866356038	-0.0180120079464	-0.00648733405937	0.0366454749719	-0.0132299577509	-0.0110581462729	0.0234912248049	0.0488014862157	-0.0647131744103	-0.0201266802553	0.0311072999892	-0.0581822643921	-0.0215779008008	1.0	-0.0249047025495	-0.0220403682398	-0.000381611243625	-0.060131052393	0.0582550707909	-0.0315916259921	-0.052588934944	-0.0643800222559	0.0150351346387	0.00752147331496	-0.0143619211586	-0.0240752998898	0.0091254137267	0.0487657278906	-0.0259994832995	-0.00666631103064	-0.0568580282592	-0.0144929055178	0.017217438641	-0.00160340171548	-0.0108044651069	-0.0341932639346	-0.00219323484041	-0.0288616055664	-0.00278242235068	-0.0406137621078	-0.0242894046834	0.00804415830312	-0.0226719259913	-0.00534821226018	-0.0388134934792	-0.036277518179
k__Bacteria;p__Firmicutes;c__Clostridia;o__Clostridiales;f__Lachnospiraceae;g__Roseburia;s__Roseburia_hominis	-0.049173901223	-0.0058027051195	-0.0884467802393	0.0639021690979	0.00804013961441	0.010769345341	-0.0194335683383	-0.0208896884996	-0.0195657008778	0.0278017152123	0.06106431171	0.0136817981195	-0.0619439711233	-0.00449891009894	-0.0199164053349	0.0430203985007	-0.0745470953291	0.0148297805815	-0.00757834486055	0.0256964080711	0.00288865665198	-0.0173099462266	0.0326739210933	-0.0217608069763	0.0140872137231	-0.0179458589597	-0.0249047025495	1.0	-0.00233502750741	-0.00227626244262	-0.02087902741	-0.00364294744342	0.0152228750605	-0.0556438322572	-0.0228045767123	0.00217116492941	-0.0295186692177	-0.0279887689905	-0.00332719475257	-0.0574430918573	0.0377808278618	-0.0411577551468	-0.0239349956335	-0.000173243336429	0.0105729007859	-0.0408027047135	-0.00937132285877	0.00751722142936	0.00740764630011	-0.0556251545438	0.0766183149988	-0.0100327665324	0.0652405664707	0.00342055714466	-0.0639414883517	-0.00781981342999	-0.0492342095494	-0.0451805375986	0.0135148475892
k__Bacteria;p__Bacteroidetes;c__Bacteroidia;o__Bacteroidales;f__Porphyromonadaceae;g__Parabacteroides;s__Parabacteroides_johnsonii	0.0540485289769	-0.0232783114174	0.0561735357486	-0.0584942461813	0.0506204249713	0.00805809202347	-0.0841622236848	-0.0488507702814	-0.00649271793124	-0.0723921980755	0.000559714675294	-0.0370994265519	-0.0287792494264	-0.0356085983561	0.00390532984545	0.0136492330701	-0.0190573208327	0.0197060277957	0.0443635972919	-0.0203431756766	-0.0151440079671	0.0264745600147	-0.0593501186181	-0.05024073924	-0.00195088665335	0.0189181559599	-0.0220403682398	-0.00233502750741	1.0	-0.0633765587733	-0.0268626844547	0.00884018588162	0.0245539241335	-0.0136559852082	-0.0453497749631	-0.016105663738	0.0265831972976	0.0137311721682	0.0225182678197	0.0383393378548	0.0136141352865	0.00626168298462	-0.0308170636972	-0.0212669176502	-0.0459461146646	0.0170961051211	-0.0356241966039	0.00543276947723	0.0493587204757	-0.0483326817315	0.0170794175919	-0.01025534508	0.0602850557211	0.0297091921201	0.00318009145651	0.000582657239509	-0.000316484320574	-0.00847414860553	0.041195270438
k__Bacteria;p__Actinobacteria;c__Actinobacteria;o__Bifidobacteriales;f__Bifidobacteriaceae;g__Bifidobacterium;s__Bifidobacterium_longum	-0.00125891386366	-0.0191919290739	-0.0294954271141	0.0394909538249	0.0341154322434	0.0159625389206	-0.039183309695	0.0359160092026	-0.0175731046726	-0.0136163922468	-0.00654951490689	0.0294300947474	-0.055285594483	0.0347386538723	0.0102351180738	0.0311215947424	-0.0434845474107	0.020437328453	-0.0110539542378	-0.0241815326761	-0.0191299041735	-0.0638943051331	-0.0139967951873	-0.0128689947914	-0.0504768465621	0.00137569744497	-0.000381611243625	-0.00227626244262	-0.0633765587733	1.0	0.0478831822216	0.0224334675361	-0.0155254556675	-0.05377033294	-0.00221925924205	0.000242769302148	0.0295840764907	-0.0191140523602	0.0301057980753	-0.060107120976	-0.0510156785602	-0.0453257716567	0.00863938882091	0.0196959204449	0.0108614497803	0.00337473706328	-0.0195389572023	-0.0161096850208	0.0175868026107	0.02654133156	-0.0180183284332	-0.0214680033837	-0.0669971744956	0.0496848364919	-0.0636788310521	0.0801778005923	0.00554853304293	-0.0316891488185	-0.0616160354385
