#taxonomy	k__Bacteria;p__Bacteroidetes;c__Bacteroidia;o__Bacteroidales;f__Bacteroidaceae;g__Bacteroides;s__Bacteroides_vulgatus	k__Bacteria;p__Bacteroidetes;c__Bacteroidia;o__Bacteroidales;f__Bacteroidaceae;g__Bacteroides;s__Bacteroides_uniformis	k__Bacteria;p__Bacteroidetes;c__Bacteroidia;o__Bacteroidales;f__Rikenellaceae;g__Alistipes;s__Alistipes_putredinis	k__Bacteria;p__Bacteroidetes;c__Bacteroidia;o__Bacteroidales;f__Prevotellaceae;g__Prevotella;s__Prevotella_copri	k__Bacteria;p__Bacteroidetes;c__Bacteroidia;o__Bacteroidales;f__Bacteroidaceae;g__Bacteroides;s__Bacteroides_stercoris	k__Bacteria;p__Bacteroidetes;c__Bacteroidia;o__Bacteroidales;f__Bacteroidaceae;g__Bacteroides;s__Bacteroides_ovatus	k__Bacteria;p__Bacteroidetes;c__Bacteroidia;o__Bacteroidales;f__Rikenellaceae;g__Alistipes;s__Alistipes_shahii	k__Bacteria;p__Firmicutes;c__Clostridia;o__Clostridiales;f__Ruminococcaceae;g__Faecalibacterium;s__Faecalibacterium_prausnitzii	k__Bacteria;p__Bacteroidetes;c__Bacteroidia;o__Bacteroidales;f__Rikenellaceae;g__Alistipes;s__Alistipes_finegoldii	k__Bacteria;p__Bacteroidetes;c__Bacteroidia;o__Bacteroidales;f__Porphyromonadaceae;g__Parabacteroides;s__Parabacteroides_distasonis	k__Bacteria;p__Bacteroidetes;c__Bacteroidia;o__Bacteroidales;f__Bacteroidaceae;g__Bacteroides;s__Bacteroides_thetaiotaomicron	k__Bacteria;p__Bacteroidetes;c__Bacteroidia;o__Bacteroidales;f__Bacteroidaceae;g__Bacteroides;s__Bacteroides_coprocola	k__Bacteria;p__Bacteroidetes;c__Bacteroidia;o__Bacteroidales;f__Bacteroidaceae;g__Bacteroides;s__Bacteroides_cellulosilyticus	k__Bacteria;p__Bacteroidetes;c__Bacteroidia;o__Bacteroidales;f__Rikenellaceae;g__Alistipes;s__Alistipes_obesi	k__Bacteria;p__Firmicutes;c__Clostridia;o__Clostridiales;f__Lachnospiraceae;g__;s__[Eubacterium]_rectale	k__Bacteria;p__Bacteroidetes;c__Bacteroidia;o__Bacteroidales;f__Bacteroidaceae;g__Bacteroides;s__Bacteroides_plebeius	k__Bacteria;p__Bacteroidetes;c__Bacteroidia;o__Bacteroidales;f__Bacteroidaceae;g__Bacteroides;s__Bacteroides_fragilis	k__Bacteria;p__Proteobacteria;c__Betaproteobacteria;o__Burkholderiales;f__Sutterellaceae;g__Sutterella;s__Sutterella_wadsworthensis	k__Bacteria;p__Bacteroidetes;c__Bacteroidia;o__Bacteroidales;f__Porphyromonadaceae;g__Barnesiella;s__Barnesiella_intestinihominis	k__Bacteria;p__Bacteroidetes;c__Bacteroidia;o__Bacteroidales;f__Odoribacteraceae;g__Odoribacter;s__Odoribacter_splanchnicus	k__Bacteria;p__Bacteroidetes;c__Bacteroidia;o__Bacteroidales;f__Bacteroidaceae;g__Bacteroides;s__Bacteroides_salyersiae	k__Bacteria;p__Firmicutes;c__Clostridia;o__Clostridiales;f__Ruminococcaceae;g__Ruminiclostridium;s__[Eubacterium]_siraeum	k__Bacteria;p__Proteobacteria;c__Betaproteobacteria;o__Burkholderiales;f__Sutterellaceae;g__Parasutterella;s__Parasutterella_excrementihominis	k__Bacteria;p__Actinobacteria;c__Actinobacteria;o__Bifidobacteriales;f__Bifidobacteriaceae;g__Bifidobacterium;s__Bifidobacterium_adolescentis	k__Bacteria;p__Firmicutes;c__Clostridia;o__Clostridiales;f__Oscillospiraceae;g__Oscillibacter;s__Oscillibacter_sp._KLE_1745	k__Bacteria;p__Bacteroidetes;c__Bacteroidia;o__Bacteroidales;f__Bacteroidaceae;g__Bacteroides;s__Bacteroides_coprophilus	k__Bacteria;p__Firmicutes;c__Clostridia;o__Clostridiales;f__Lachnospiraceae;g__Roseburia;s__Roseburia_intestinalis	k__Bacteria;p__Firmicutes;c__Clostridia;o__Clostridiales;f__Lachnospiraceae;g__Roseburia;s__Roseburia_hominis	k__Bacteria;p__Bacteroidetes;c__Bacteroidia;o__Bacteroidales;f__Porphyromonadaceae;g__Parabacteroides;s__Parabacteroides_johnsonii	k__Bacteria;p__Actinobacteria;c__Actinobacteria;o__Bifidobacteriales;f__Bifidobacteriaceae;g__Bifidobacterium;s__Bifidobacterium_longum	k__Bacteria;p__Firmicutes;c__Clostridia;o__Clostridiales;f__;g__Flavonifractor;s__Flavonifractor_plautii	k__Bacteria;p__Firmicutes;c__Clostridia;o__Clostridiales;f__Clostridiaceae;g__Clostridium;s__Clostridium_phoceensis	k__Bacteria;p__Verrucomicrobia;c__Verrucomicrobiae;o__Verrucomicrobiales;f__Akkermansiaceae;g__Akkermansia;s__Akkermansia_muciniphila	k__Bacteria;p__Bacteroidetes;c__Bacteroidia;o__Bacteroidales;f__Prevotellaceae;g__Paraprevotella;s__Paraprevotella_xylaniphila	k__Bacteria;p__Firmicutes;c__Clostridia;o__Clostridiales;f__Ruminococcaceae;g__Ruminococcus;s__Ruminococcus_callidus	k__Bacteria;p__Bacteroidetes;c__Bacteroidia;o__Bacteroidales;f__Rikenellaceae;g__Alistipes;s__Alistipes_senegalensis	k__Bacteria;p__Firmicutes;c__Clostridia;o__Clostridiales;f__Lachnospiraceae;g__Blautia;s__Blautia_sp._KLE_1732	k__Bacteria;p__Bacteroidetes;c__Bacteroidia;o__Bacteroidales;f__Bacteroidaceae;g__Bacteroides;s__Bacteroides_oleiciplenus	k__Bacteria;p__Firmicutes;c__Clostridia;o__Clostridiales;f__Ruminococcaceae;g__Ruminococcus;s__Ruminococcus_bicirculans	k__Bacteria;p__Bacteroidetes;c__Bacteroidia;o__Bacteroidales;f__Bacteroidaceae;g__Bacteroides;s__Bacteroides_fluxus	k__Bacteria;p__Bacteroidetes;c__Bacteroidia;o__Bacteroidales;f__Prevotellaceae;g__Prevotella;s__Prevotella_stercorea	k__Bacteria;p__Firmicutes;c__Clostridia;o__Clostridiales;f__Lachnospiraceae;g__Dorea;s__Dorea_longicatena	k__Bacteria;p__Firmicutes;c__Clostridia;o__Clostridiales;f__Eubacteriaceae;g__Eubacterium;s__[Eubacterium]_eligens	k__Bacteria;p__Firmicutes;c__Clostridia;o__Clostridiales;f__Ruminococcaceae;g__;s__Ruminococcaceae_bacterium_D16	k__Bacteria;p__Firmicutes;c__Clostridia;o__Clostridiales;f__Lachnospiraceae;g__Coprococcus;s__Coprococcus_comes	k__Bacteria;p__Proteobacteria;c__Gammaproteobacteria;o__Enterobacterales;f__Enterobacteriaceae;g__Escherichia;s__Escherichia_coli	k__Bacteria;p__Firmicutes;c__Clostridia;o__Clostridiales;f__Ruminococcaceae;g__Anaerotruncus;s__Anaerotruncus_colihominis	k__Bacteria;p__Firmicutes;c__Clostridia;o__Clostridiales;f__Lachnospiraceae;g__Blautia;s__Blautia_obeum	k__Bacteria;p__Bacteroidetes;c__Bacteroidia;o__Bacteroidales;f__Odoribacteraceae;g__Odoribacter;s__Odoribacter_laneus	k__Bacteria;p__Firmicutes;c__Clostridia;o__Clostridiales;f__Ruminococcaceae;g__Ruminiclostridium;s__[Clostridium]_leptum	k__Bacteria;p__Bacteroidetes;c__Bacteroidia;o__Bacteroidales;f__Porphyromonadaceae;g__Parabacteroides;s__Parabacteroides_goldsteinii	k__Bacteria;p__Firmicutes;c__Clostridia;o__Clostridiales;f__Lachnospiraceae;g__Anaerostipes;s__Anaerostipes_hadrus	k__Bacteria;p__Firmicutes;c__Clostridia;o__Clostridiales;f__Ruminococcaceae;g__Ruminococcus;s__Ruminococcus_lactaris	k__Bacteria;p__Firmicutes;c__Clostridia;o__Clostridiales;f__Clostridiaceae;g__Clostridium;s__Clostridium_sp._L2-50	k__Bacteria;p__Firmicutes;c__Clostridia;o__Clostridiales;f__Clostridiaceae;g__Clostridium;s__Clostridium_sp._M62/1	k__Bacteria;p__Firmicutes;c__Clostridia;o__Clostridiales;f__;g__Intestinimonas;s__Intestinimonas_butyriciproducens	k__Bacteria;p__Actinobacteria;c__Actinobacteria;o__Bifidobacteriales;f__Bifidobacteriaceae;g__Bifidobacterium;s__Bifidobacterium_bifidum	k__Bacteria;p__Firmicutes;c__Negativicutes;o__Veillonellales;f__Veillonellaceae;g__Dialister;s__Dialister_invisus	k__Bacteria;p__Bacteroidetes;c__Bacteroidia;o__Bacteroidales;f__Bacteroidaceae;g__Bacteroides;s__Bacteroides_salanitronis
k__Bacteria;p__Bacteroidetes;c__Bacteroidia;o__Bacteroidales;f__Bacteroidaceae;g__Bacteroides;s__Bacteroides_vulgatus	1.0	0.0818939320861	0.000496016548477	0.0282151705075	-0.0337760881497	-0.0454991015164	-0.0556809831853	-0.00530764780846	-0.0498307875042	0.00707750930151	0.011573773902	-0.0617610618266	0.000525559364915	-0.0371954976913	-0.061363133311	0.00994864536414	-0.0153299277863	-0.0221284554937	0.026209048788	-0.0146349660015	0.0175274468361	0.0326047232912	0.0137335574911	-0.0218602307258	-0.0294889516592	0.0151170117883	-0.0261334440068	0.0262114551735	-0.0580732841469	0.00112241471605	0.0427010170831	-0.0102697259172	0.00162678572886	0.0175696024152	0.014351044312	-0.000719151987589	0.0576609846021	-0.0181381242622	0.0185138818369	-0.0327708799214	0.0569610242832	-0.0069538565718	0.0203858533013	-0.00881753290914	0.0178279820904	-0.0284248712838	-0.0451935164426	-0.0418289656489	-0.0308577937242	-0.02674380366	-0.0167772616146	0.0257782211739	-0.04992462207	-0.0384553479648	0.032671271528	-0.0177732732477	-0.0183645904182	-0.0361427397762	-0.00244618094681
k__Bacteria;p__Bacteroidetes;c__Bacteroidia;o__Bacteroidales;f__Bacteroidaceae;g__Bacteroides;s__Bacteroides_uniformis	0.0818939320861	1.0	-0.0473674520062	-0.0346371892771	-0.0305281182035	0.00347352922914	-0.0713981374544	-0.0421934496834	0.0128169912624	0.0249457958355	-0.0237849656013	-0.00836459687459	-0.00128094053868	0.035242863225	-0.0114403485381	-0.0217490513616	-0.0444807773034	-0.0340370692071	0.000547589466508	-0.0496735002749	-0.0283721464428	-0.0270305016319	0.0446965256936	0.00981628810345	-0.0208329912378	0.00689759539141	-0.0193191436224	0.0472966965521	-0.0637008836113	-0.0192217544823	-0.0336276633831	0.0871911353409	-0.0622494253226	-0.000526529875187	0.0325052822043	0.0113549302501	0.0654551520111	0.0345566167111	-0.0449734608189	-0.0116186011763	0.0237552116162	-0.00334241536795	0.024402457612	0.0119445323896	-0.0142549128657	0.0204082036487	-0.0295960151589	0.023774771194	-0.0537342747952	0.0125302752262	-0.0389568587538	0.0603021917531	-0.0862493637291	-0.0626391956894	-0.025289933646	-0.0689259702718	-0.0200150500703	0.00837333913898	-0.045932259563
k__Bacteria;p__Bacteroidetes;c__Bacteroidia;o__Bacteroidales;f__Rikenellaceae;g__Alistipes;s__Alistipes_putredinis	0.000496016548477	-0.0473674520062	1.0	-0.0436735524123	0.0119900884556	-0.0118213427329	0.0140322761599	0.0303971115678	-0.00662964375673	-0.0156690129429	-0.0323035364061	0.0881099257501	-0.00495614517446	0.0108449881634	-0.0596757723682	-0.0016256252846	-0.0225828843282	-0.0510142947818	-0.0419799986827	-0.018687879421	-0.0140565396552	-0.0207281567015	-0.028274164195	-0.00589882447575	0.00918849331802	-0.0209880324923	-0.00567727993418	0.0253784641694	-0.0271649637039	0.0196883612302	-0.00662701068959	0.0201500649315	0.0259419457177	-0.0659270461742	-0.0209165001554	0.0090501318469	0.00864967526114	-0.061816635606	0.105802696992	-0.0370483340624	0.023359476901	0.02970455613	-0.0153377335597	-0.0633859749911	-0.0613714509889	-0.00317244693288	-0.0684958726635	0.0415329734164	0.0264892714181	-0.0149138909618	-0.00603389831337	-0.0402440082332	0.0552130508299	-0.027379180989	0.0098315982165	0.00421475400782	-0.0256700537011	0.0355025777117	0.0179510576892
k__Bacteria;p__Bacteroidetes;c__Bacteroidia;o__Bacteroidales;f__Prevotellaceae;g__Prevotella;s__Prevotella_copri	0.0282151705075	-0.0346371892771	-0.0436735524123	1.0	0.0619906142435	-0.0389887603568	0.0175504690345	0.0219730850108	0.0325585316828	0.0652564445168	-0.00626837716374	0.0245810903948	-0.0652597004272	0.000291294957712	-0.0217206247375	-0.047303632278	-0.0580674763083	-0.0411275844003	-0.0196664184647	0.0379744150006	-0.0498560573114	-0.0604083491346	0.00640984066682	-0.054823848857	-0.0631831084377	0.0166729720983	-0.0263907576125	-0.00044143183654	0.0357138495027	-0.0153689540307	0.0113071392495	0.0270934450038	0.00283707542141	0.0178321786241	0.0266747711047	-0.0330678845585	0.0406263139078	0.0057892628809	-0.0402595037718	0.0427902801147	-0.0115298812318	-0.0434418887579	-0.0469465193155	0.0224234297165	-0.0177415550631	-0.0312521604322	0.0140423696228	0.0555867177704	-0.0172781621027	-0.00388817396286	-0.0536493021566	0.0249474091262	0.0101743896964	-0.0159251467044	-0.00150332762394	-0.0576712273186	-0.0454440225084	-0.00174856702275	-0.0609034300052
k__Bacteria;p__Bacteroidetes;c__Bacteroidia;o__Bacteroidales;f__Bacteroidaceae;g__Bacteroides;s__Bacteroides_stercoris	-0.0337760881497	-0.0305281182035	0.0119900884556	0.0619906142435	1.0	0.0173589149448	0.0196264643744	0.0587691015389	-0.0061201073601	-0.0358869901661	-0.0675313903406	-0.0238601363901	-0.0568575277455	-0.0180950066486	0.00379822007387	-0.0357449421578	-0.0298234954253	-0.0779133096615	0.0194849726594	-0.020439246656	0.00222928459948	-0.000435383361578	0.00782149526266	-0.00820003268773	0.0627802657219	-0.00664215363859	-0.0137493044961	-0.0357655286047	-0.0165393021319	-0.000361366683794	-0.0631751133727	0.0293095674143	-0.0112365332776	0.018362587677	0.0394517952039	-0.0215748697245	-0.00227209535555	0.0475413004981	-0.0110331198168	-0.00583133259603	-0.00609803401926	0.0300002341932	-0.0668359621302	-0.00943154409024	-0.0253958352638	-0.0144791352053	0.00394921087102	0.0608493498909	0.0763168065521	0.00539930179618	0.0248892909888	0.0527539317329	0.0230359504504	-0.025191705096	-0.0339109150213	-0.0132219047533	0.0160847298752	-0.054294803519	-0.0531450772702
k__Bacteria;p__Bacteroidetes;c__Bacteroidia;o__Bacteroidales;f__Bacteroidaceae;g__Bacteroides;s__Bacteroides_ovatus	-0.0454991015164	0.00347352922914	-0.0118213427329	-0.0389887603568	0.0173589149448	1.0	0.0114114426535	0.0280932963227	-0.00977086909737	-0.0164779743975	0.0212017974351	0.015529910978	0.0235424522677	0.0282363551269	0.0559265335642	-0.0143900762499	0.00234144887145	-0.0343439256223	0.00448026331387	-0.0173166548283	-0.0705398413413	0.00899497262456	-0.0243620842671	0.051382990824	-0.0118064963123	-0.0199374590811	0.00584999049245	-0.0162225649795	0.0381243087979	-0.0128468007179	-0.0768490139689	-0.0270979508578	-0.0690692734602	-0.0160735170237	-0.0230485729918	0.0434721802746	-0.0252674131272	-0.0805971265209	0.0391692726685	-0.0358943663943	-0.02132989332	0.060606676585	-0.0763794841895	-0.0253715058441	-0.0279852160455	0.00186859224236	0.0677117264879	-0.0141018202393	0.0668125053447	0.00565234981023	0.0173101201104	-0.0410291250606	-0.0354289976362	-0.00332769861225	-0.0371606376614	0.00975266710507	-0.0155686235012	0.0191645521259	0.0219565801702
k__Bacteria;p__Bacteroidetes;c__Bacteroidia;o__Bacteroidales;f__Rikenellaceae;g__Alistipes;s__Alistipes_shahii	-0.0556809831853	-0.0713981374544	0.0140322761599	0.0175504690345	0.0196264643744	0.0114114426535	1.0	-0.037924271509	-0.0413464674481	0.0179483375008	-0.0059627958185	0.0171749121552	-0.0486117609226	-0.0150857962374	0.0271928975373	0.0127965492091	0.104090321139	0.0172962079432	-0.0377334136696	0.0111599240501	-0.0388647058595	0.00650606977627	-0.00293587465316	0.0145132135038	0.0082467015323	0.0540079754501	-0.0545624093604	-0.0159161013636	0.0288770082188	-0.00544475369014	-0.00104297516447	-0.0403013761928	0.0155958285242	0.00483874903109	0.0207490620249	-0.0621704312716	0.0976573781973	0.0295745318687	-0.0304846160192	0.057502674528	-0.0420684265619	-0.0122551694613	-0.0707981856197	-0.0329380807018	0.0409376525717	-0.0190045896926	-0.00193614313846	0.0094702486555	0.0104434309117	-0.0192646144072	-0.0681160192733	-0.0364744997614	0.00131063398952	0.00157395331057	0.00198856915935	-0.0171716354904	0.0132338383928	0.0367048608161	0.0290967750072
k__Bacteria;p__Firmicutes;c__Clostridia;o__Clostridiales;f__Ruminococcaceae;g__Faecalibacterium;s__Faecalibacterium_prausnitzii	-0.00530764780846	-0.0421934496834	0.0303971115678	0.0219730850108	0.0587691015389	0.0280932963227	-0.037924271509	1.0	-0.0537194123873	0.0241543396867	0.0395015386697	0.0132537068687	0.0176942264108	-0.011512932321	-0.0555034479039	0.0317864311968	-0.0305148027763	-0.0200843400697	-0.0485667728751	-0.036803142297	-0.0548762176709	-0.00406585426052	0.0663575654932	0.00910817459871	-0.0393087487451	0.00639653459636	-0.03426141093	-0.0155317077942	-0.0473156141749	-0.0528398548066	-0.0527530563918	-0.0370905272491	0.0185874995713	0.00770846043372	-0.00786454626228	-0.0161432616463	-0.0415100625215	-0.0539383674105	0.0276714240886	-0.0192190965427	0.0547076539195	0.0354728576737	0.0736353541745	-0.0366889500071	0.00489478563663	-0.0144367024098	0.0097254569085	0.0251323416569	-0.0069150026367	0.00463484469586	0.0349028267943	0.0579203037331	0.05343619336	-0.0153679009075	0.0300383820596	-0.0892458967163	0.000205725620026	0.0151599211564	-0.0237169447841
k__Bacteria;p__Bacteroidetes;c__Bacteroidia;o__Bacteroidales;f__Rikenellaceae;g__Alistipes;s__Alistipes_finegoldii	-0.0498307875042	0.0128169912624	-0.00662964375673	0.0325585316828	-0.0061201073601	-0.00977086909737	-0.0413464674481	-0.0537194123873	1.0	-0.00446272646045	0.0627744786509	0.00443104773447	-0.0348992735583	-0.00992893172835	0.0144013196089	-0.00691579221371	-0.00421381636655	0.0394815893464	0.0687932092823	-0.0427742933629	0.0172261090626	0.0127378133258	-0.0200389267659	-0.052617735052	-0.0492266982791	-0.0704532839629	-0.0162592657079	-0.0539098332718	0.0285339392158	-0.00133760801226	0.0180106897647	-0.0641065055138	0.0159559288287	0.00889349065391	-0.00390542044656	-0.0319823069221	-0.0178277413143	-0.0314632276888	-0.0502154162625	0.0190503322825	0.0263151886362	0.00883696889183	0.010017681603	-0.0234503593826	0.0125731033541	0.00550321944911	-0.0272041186589	0.0217928652404	-0.0147286142156	0.0217233541762	-0.00864449226428	-0.0360160364865	0.0430002293604	5.70993600583e-05	0.0886350729536	-0.0255537631717	0.00599771952598	-0.0261673763261	-0.0988954988512
k__Bacteria;p__Bacteroidetes;c__Bacteroidia;o__Bacteroidales;f__Porphyromonadaceae;g__Parabacteroides;s__Parabacteroides_distasonis	0.00707750930151	0.0249457958355	-0.0156690129429	0.0652564445168	-0.0358869901661	-0.0164779743975	0.0179483375008	0.0241543396867	-0.00446272646045	1.0	-0.011339234629	-0.026390532837	-0.0186255049446	-0.0271586922261	-0.0476500046936	0.0372333298726	-0.0248748355853	0.024613307309	0.00199238901806	-0.0229306967331	-0.0363629798017	-0.0445361760778	-0.045252073473	0.0151489777133	0.00468954736222	-0.0202498472679	-0.00601614788806	0.0265719538569	0.0299045186479	0.039638319886	-0.0408992886083	-0.00675950540479	-0.0270285648043	0.0308263350858	-0.0353294304097	-0.0700173170137	0.017625810313	0.00984780502812	0.0743475687967	-0.0102080766408	-0.00936232694685	-0.037055498328	0.0061808526547	-0.029238066908	-0.033648967583	0.0216025265259	-0.0136883415927	-0.0198209215459	-0.0147417425062	-0.0114077289085	-0.0202752485716	0.0231074407946	0.01484548127	-0.00958805505574	-0.0524030244699	0.0010916285306	0.000914415224905	0.0269424258073	0.0066742330345
k__Bacteria;p__Bacteroidetes;c__Bacteroidia;o__Bacteroidales;f__Bacteroidaceae;g__Bacteroides;s__Bacteroides_thetaiotaomicron	0.011573773902	-0.0237849656013	-0.0323035364061	-0.00626837716374	-0.0675313903406	0.0212017974351	-0.0059627958185	0.0395015386697	0.0627744786509	-0.011339234629	1.0	0.00849497071656	0.00241967027997	0.00501212200501	0.049631885684	0.0113798812779	0.0174236260146	-0.056990003633	-0.0504365180239	0.0520639278275	0.0352281082003	-0.0550557234959	0.0279637559863	0.0384289331462	-0.0500498584865	0.0163679411321	-0.0203316977761	-0.00414581805256	0.0518010780678	0.00691507569879	0.0326430595218	0.0430101594759	-0.0321673125914	-0.0684430858278	-0.00848108326782	-0.0148028303009	-0.0038506572836	-0.0244892706078	-0.0665876550429	0.016784692115	-0.00281904494546	-0.0406652881587	-0.050091915797	-0.0236558913286	0.0962576083744	-0.0574639648061	-0.00857404864326	-0.0141444000377	0.0641188568059	-0.0759048315409	0.0215150682258	-0.00838122931329	0.0189461395478	0.0258628492346	-0.0209195612268	-0.0220932455505	-0.0170937444547	-0.000769096327561	-0.023732069856
k__Bacteria;p__Bacteroidetes;c__Bacteroidia;o__Bacteroidales;f__Bacteroidaceae;g__Bacteroides;s__Bacteroides_coprocola	-0.0617610618266	-0.00836459687459	0.0881099257501	0.0245810903948	-0.0238601363901	0.015529910978	0.0171749121552	0.0132537068687	0.00443104773447	-0.026390532837	0.00849497071656	1.0	-0.0527879248166	0.0372672536719	0.0100103934629	0.00249885280373	-0.0374058030641	-0.0136862875606	-0.0075007808389	-0.0214951611422	-0.0240323299889	-0.00905721647994	0.0243171342322	0.00771423378603	0.0148341724794	0.0116998049075	0.0014700524109	-0.0324943251766	-0.0145794369933	-0.11194560102	0.0133754032419	-0.00933281571609	0.0186845684516	-0.0110381705549	-0.0575831335355	0.0509824175811	-0.0529834472405	0.0254703539325	0.0179685250925	-0.0282733169319	-0.0414836628541	-0.0226926340327	0.0456300008627	0.00640927785841	-0.00284412570905	0.0050568759037	-0.0485982603339	-0.021193123124	0.00550501297608	0.0151494855194	0.0163695528681	0.0251785423404	-0.0636696820627	-0.0477851881368	0.0275073173507	-0.057066744913	0.00493623381214	-0.0126235076081	-0.0287408504954
k__Bacteria;p__Bacteroidetes;c__Bacteroidia;o__Bacteroidales;f__Bacteroidaceae;g__Bacteroides;s__Bacteroides_cellulosilyticus	0.000525559364915	-0.00128094053868	-0.00495614517446	-0.0652597004272	-0.0568575277455	0.0235424522677	-0.0486117609226	0.0176942264108	-0.0348992735583	-0.0186255049446	0.00241967027997	-0.0527879248166	1.0	-0.0260362581422	-0.0661064319411	-0.0416160015801	-0.013634795114	-0.000727594821442	-0.0316579166747	0.0166402144798	-0.0695852643309	0.054490863218	-0.0208664429636	-0.0100749176071	-0.0479142544732	-0.0377528915769	0.000254948147368	-0.00898667890728	-0.00960893862509	-0.0243763380498	0.0312333186556	-0.0107567126479	-0.0297581510807	0.0417965792575	-0.00926695992877	0.035191011934	-0.0118879586577	-0.00504421869568	-0.0212247828652	0.00601452785657	0.00937152422044	0.00544216336967	-0.0222100662592	-0.0262670991912	-0.0276927337166	0.0170161015022	0.0412380496499	-0.0336240420152	-0.0227787492953	0.0268461940663	0.0486599192967	-0.0284851624947	0.0144433914915	0.0252451877661	0.0179294116157	-0.0133585213599	-0.0458842142664	0.015924540291	0.0273509161252
k__Bacteria;p__Bacteroidetes;c__Bacteroidia;o__Bacteroidales;f__Rikenellaceae;g__Alistipes;s__Alistipes_obesi	-0.0371954976913	0.035242863225	0.0108449881634	0.000291294957712	-0.0180950066486	0.0282363551269	-0.0150857962374	-0.011512932321	-0.00992893172835	-0.0271586922261	0.00501212200501	0.0372672536719	-0.0260362581422	1.0	-0.00164574304957	-0.00863021100356	-0.0304995455767	-0.00142956107135	-0.0739422180651	0.0274604972047	-0.0219064077091	-0.0246791012266	0.0519818920742	0.0559114606828	0.0217168130305	-0.0122266867758	-0.0115747200008	-0.00301358881997	-0.0091380395979	0.00695960656195	0.0143100129943	0.0313250215716	-0.000728666161068	-0.00348970697746	0.0178955631255	0.0213140220796	0.00953824393714	0.0580206267703	-0.00130591102316	-0.0108277739474	-0.0292693572186	-0.0206275440835	-0.0139248704978	-0.090155221351	-0.0145416925507	-0.0349703480481	0.007010228622	0.0632054159045	-0.0440092919294	0.0230153168488	-0.021250339724	0.00363743987579	-0.0624276582604	-0.0179407201983	0.00487880530482	0.0431170192568	-0.0179535499899	-0.0534422356738	-0.0530762827421
k__Bacteria;p__Firmicutes;c__Clostridia;o__Clostridiales;f__Lachnospiraceae;g__;s__[Eubacterium]_rectale	-0.061363133311	-0.0114403485381	-0.0596757723682	-0.0217206247375	0.00379822007387	0.0559265335642	0.0271928975373	-0.0555034479039	0.0144013196089	-0.0476500046936	0.049631885684	0.0100103934629	-0.0661064319411	-0.00164574304957	1.0	-0.0300832630959	-0.00632633751914	-0.0558900332564	0.00371323505116	-0.00844036168479	0.0276576801467	-0.00640712205571	-0.00724273814581	-0.0426944919682	-0.0280914664806	0.0133812359554	0.0220649342138	0.0300696242404	-0.00262398911184	-0.00604790150982	-0.0485948018985	-0.0280102334036	-0.0677879715809	-0.0411465227802	0.00217851952374	0.0601344848191	-0.0919866931833	0.0952046146739	-0.0597609551892	-0.0756351185437	-0.0621853473609	0.0191320267386	0.0560868745976	0.0412748351308	0.0255802137836	-0.00879650883958	0.0211288831487	0.0244853262481	0.028185073672	-0.0401608608447	-0.00801084523488	0.00526559581662	0.0136375931722	-0.00223406731034	0.00163806141344	0.045541396248	0.0261811870946	0.0321277568646	-0.0554678091495
k__Bacteria;p__Bacteroidetes;c__Bacteroidia;o__Bacteroidales;f__Bacteroidaceae;g__Bacteroides;s__Bacteroides_plebeius	0.00994864536414	-0.0217490513615	-0.0016256252846	-0.047303632278	-0.0357449421578	-0.0143900762499	0.0127965492091	0.0317864311968	-0.00691579221371	0.0372333298726	0.0113798812779	0.00249885280373	-0.0416160015801	-0.00863021100356	-0.0300832630959	1.0	-0.00802432633096	0.0361013241843	-0.0641550064592	-0.0748367849569	0.0155239812442	0.0808440949217	0.00991216599966	0.00580888394223	0.0122417521061	0.0384844657206	0.0246809847646	-0.0104950324313	-0.00101843359868	-0.0696163840609	-0.0060328549467	-0.00695539770546	0.0376876101858	-0.068153111331	-0.00183841827955	-0.00856114201078	0.0284211270162	0.0274597031805	-0.0248690232938	-0.0122894628103	-0.0626184653925	-0.0490942301777	-0.0366262339512	0.00869869561099	-0.0784462975179	-0.0107244756003	-0.0234314563289	-0.0156470419064	0.0145132078029	0.0437982798748	-0.00522109927354	-0.040095883236	-0.0475037405736	-0.0575799337661	-0.0241366869465	0.0238388185395	0.00506566825906	0.0356519280038	0.0360718180996
k__Bacteria;p__Bacteroidetes;c__Bacteroidia;o__Bacteroidales;f__Bacteroidaceae;g__Bacteroides;s__Bacteroides_fragilis	-0.0153299277863	-0.0444807773034	-0.0225828843282	-0.0580674763083	-0.0298234954253	0.00234144887145	0.104090321139	-0.0305148027763	-0.00421381636656	-0.0248748355853	0.0174236260146	-0.0374058030641	-0.013634795114	-0.0304995455767	-0.00632633751914	-0.00802432633096	1.0	0.0673039139028	-0.063221127378	-0.0043433358015	-0.0234397729157	-0.0226152046071	-0.0930427335027	-0.0185706231826	-0.0503419266898	-0.0299644585036	-0.00166647962366	-0.0253590166223	-0.0256862993259	-0.0292799245243	-0.0608326180719	0.0465971551344	0.0717327833273	0.0200556555149	-0.0156246500742	0.0229591953534	0.00847460791049	0.0194757963898	0.079566647026	0.015562709718	-0.0211896257925	0.0562899159225	-0.019815351717	-0.0387365653804	-0.0450647740911	0.0647889233987	0.0208444908652	-0.0230013046019	-0.0156327500951	-0.00859111315531	-0.0519834958461	-0.0696994341828	-0.0537282905867	0.00880528057141	-0.0147035135443	-0.00676420088973	0.0003033365823	-0.0222780537825	0.0328989381705
k__Bacteria;p__Proteobacteria;c__Betaproteobacteria;o__Burkholderiales;f__Sutterellaceae;g__Sutterella;s__Sutterella_wadsworthensis	-0.0221284554937	-0.0340370692071	-0.0510142947818	-0.0411275844003	-0.0779133096615	-0.0343439256223	0.0172962079432	-0.0200843400697	0.0394815893464	0.024613307309	-0.056990003633	-0.0136862875606	-0.000727594821442	-0.00142956107135	-0.0558900332564	0.0361013241843	0.0673039139028	1.0	-0.003211384138	-0.0272060643041	0.0489875740743	0.0356605857978	0.0152165499888	0.116507427883	-0.00291299244303	-0.00962038509438	0.0296714242837	0.00223802274221	0.0310630600752	-0.0356228058781	-0.092903585795	-0.0324922278234	-0.0379520207235	-0.0485932384795	-0.0227945085574	-0.0637047973004	0.00685801693578	-0.0317582110593	0.0330754559439	0.0320213166808	-0.028629922666	-0.0564596874339	-0.0366712702735	-0.060920128807	0.00380158524824	0.0150635341414	-0.0313961386905	-0.0184631738466	-0.0970850219719	0.0262215830122	-0.00545184737642	0.021221444741	-0.0538600267569	-0.0217138230326	0.065533375535	-0.0549365177953	-0.0229118623778	-0.0598998227325	-0.0320273964601
k__Bacteria;p__Bacteroidetes;c__Bacteroidia;o__Bacteroidales;f__Porphyromonadaceae;g__Barnesiella;s__Barnesiella_intestinihominis	0.026209048788	0.000547589466508	-0.0419799986827	-0.0196664184647	0.0194849726594	0.00448026331387	-0.0377334136696	-0.0485667728751	0.0687932092823	0.00199238901806	-0.0504365180239	-0.0075007808389	-0.0316579166747	-0.0739422180651	0.00371323505116	-0.0641550064592	-0.063221127378	-0.003211384138	1.0	-0.00238091568814	0.106276948491	0.00234266313221	0.00598063957749	0.0242364876818	-0.0570314554774	-0.00437872140066	0.0176913490293	0.00575689433841	-0.0325722005167	-0.00957596204005	-0.0475696634195	0.00158733978102	-0.00929911326194	-0.00902884155952	-0.00566171904954	-0.0379764028417	0.00759089879891	0.0679658843495	0.0168654973211	-0.0350193646092	-0.0358866118454	-0.0588914177203	-0.0147125450482	0.0293112284615	-0.0231045787221	0.049105258345	0.0266455479331	0.0202875021939	-0.023865143785	0.0400734550025	0.0437496681421	0.0497879452041	0.0360409967156	0.0807003756785	0.0149990235011	-0.0488975258583	-0.000594051288664	-0.0609318572032	0.0469957824039
k__Bacteria;p__Bacteroidetes;c__Bacteroidia;o__Bacteroidales;f__Odoribacteraceae;g__Odoribacter;s__Odoribacter_splanchnicus	-0.0146349660015	-0.0496735002749	-0.018687879421	0.0379744150006	-0.020439246656	-0.0173166548283	0.0111599240501	-0.036803142297	-0.0427742933629	-0.0229306967331	0.0520639278275	-0.0214951611422	0.0166402144798	0.0274604972047	-0.00844036168479	-0.0748367849569	-0.0043433358015	-0.0272060643041	-0.00238091568814	1.0	-0.015989014849	-0.0303780641506	0.00991832432659	0.057239549241	-0.0258821355451	-0.0476866288455	-0.0330525028457	-0.0639586805792	0.018372638088	-0.0151542351351	-0.029991781499	0.0141311702823	0.0139904629552	-0.00529440377752	0.0244108077718	0.0870446315997	0.0190861123895	0.00628822710045	-0.00199846516375	-0.017895634659	0.0388673702297	-0.0501863849483	-0.0358145772324	-0.00563130561196	-0.00605288547045	-0.0637755747463	0.049095972823	-0.0486115751887	-0.00711396362874	0.000845208767709	-0.0313074046782	-0.0013325469195	0.0247006514532	-0.0148865784076	-0.0397475662014	-0.0163621548214	0.00218018802881	-0.0180844448559	0.0681213570141
k__Bacteria;p__Bacteroidetes;c__Bacteroidia;o__Bacteroidales;f__Bacteroidaceae;g__Bacteroides;s__Bacteroides_salyersiae	0.0175274468361	-0.0283721464428	-0.0140565396552	-0.0498560573114	0.00222928459948	-0.0705398413413	-0.0388647058595	-0.0548762176709	0.0172261090626	-0.0363629798017	0.0352281082003	-0.0240323299889	-0.0695852643309	-0.0219064077091	0.0276576801467	0.0155239812442	-0.0234397729157	0.0489875740743	0.106276948491	-0.015989014849	1.0	-0.0419922828135	-0.02569619773	0.0670209755797	-0.0256689263958	-0.011932005023	0.0403519016833	0.0198300555885	0.0134874546392	0.0495168427073	0.0249832159072	-0.000241825743028	0.0218148207541	-0.0951117554283	-0.0162070480854	-0.00682395051819	0.00956782440875	-0.073669166778	-0.0283116068831	-0.05085401009	-0.026469287195	-0.0240198942302	-0.00631179557164	-0.0350158018444	-0.00645873263916	0.0412293970357	0.00106301162342	-0.0445688617885	0.00030408219208	0.0262450192793	0.00781357142238	0.0651464064515	-0.0234713744808	0.029285145345	-0.0126255875538	-0.00254713420025	0.0223157661887	-0.0220842872782	0.00133462500707
k__Bacteria;p__Firmicutes;c__Clostridia;o__Clostridiales;f__Ruminococcaceae;g__Ruminiclostridium;s__[Eubacterium]_siraeum	0.0326047232912	-0.0270305016319	-0.0207281567015	-0.0604083491346	-0.000435383361578	0.00899497262456	0.00650606977627	-0.00406585426052	0.0127378133258	-0.0445361760778	-0.0550557234959	-0.00905721647994	0.054490863218	-0.0246791012266	-0.00640712205571	0.0808440949217	-0.0226152046071	0.0356605857978	0.00234266313221	-0.0303780641506	-0.0419922828135	1.0	-0.0268753764435	-0.0283391005052	0.00701949149676	0.0185101384536	0.00577157938368	-0.0706599292337	-0.0102090333487	-0.0645178312066	0.0610855816938	0.00907569505315	0.0386332196614	0.00744455760157	0.0172194078753	-0.00924655564288	-0.0136346187247	0.0223154619123	-0.00248845584936	-0.0254519918125	-0.0676619437845	0.0490866071032	-0.00468131866104	-0.0579517100707	0.082648937757	0.0368139163339	-0.0249852978768	0.0189386356235	-0.0180625785932	-0.024397742486	0.0104622440539	-0.0103461149408	-0.0233569079427	0.0181626550335	-0.0573180757934	-0.0544401761767	-0.0261616084471	-0.0551677884077	-0.00849026678021
k__Bacteria;p__Proteobacteria;c__Betaproteobacteria;o__Burkholderiales;f__Sutterellaceae;g__Parasutterella;s__Parasutterella_excrementihominis	0.0137335574911	0.0446965256936	-0.028274164195	0.00640984066682	0.00782149526266	-0.0243620842671	-0.00293587465316	0.0663575654932	-0.0200389267659	-0.045252073473	0.0279637559863	0.0243171342322	-0.0208664429636	0.0519818920742	-0.00724273814581	0.00991216599966	-0.0930427335027	0.0152165499888	0.00598063957749	0.00991832432659	-0.02569619773	-0.0268753764435	1.0	-0.0348873728548	-0.00771427788686	0.0199668691539	-0.0320562943519	0.0671426407106	-0.0814222817734	-0.00368496046753	-0.0332765816071	0.0806178362008	-0.0753933718116	0.0488409147139	-0.0549827990664	0.0110941120192	0.0417214744811	-0.0102089226321	-0.032873242569	0.0459895410751	-0.0501776729352	0.0103393123745	-0.0169274617336	-0.00220918074448	0.0167176819766	-0.0199907064351	-0.0611271029187	-0.00373282925393	-0.029068145008	0.0243454181081	0.0123581780127	-0.0236807256977	0.047189031221	-0.0160613886985	0.0037447587216	0.0301077656688	-0.00601500674364	0.0562126245245	0.0823179561989
k__Bacteria;p__Actinobacteria;c__Actinobacteria;o__Bifidobacteriales;f__Bifidobacteriaceae;g__Bifidobacterium;s__Bifidobacterium_adolescentis	-0.0218602307258	0.00981628810345	-0.00589882447575	-0.054823848857	-0.00820003268773	0.051382990824	0.0145132135038	0.00910817459871	-0.052617735052	0.0151489777133	0.0384289331462	0.00771423378603	-0.0100749176071	0.0559114606828	-0.0426944919682	0.00580888394223	-0.0185706231826	0.116507427883	0.0242364876818	0.057239549241	0.0670209755797	-0.0283391005052	-0.0348873728548	1.0	-0.0371229945045	-0.00502054755582	0.0178849710858	0.000279072786996	0.0101252885949	0.0169275267211	0.02270217909	-0.0486135744748	-0.00879033943267	-0.0425755540864	-0.000588883917179	0.0121803915798	0.00133351312085	-0.0524109315777	0.0318827313476	-0.0815543353771	0.00836134329642	0.0672692980989	-0.0364932212747	-0.0379230991971	-0.0525051750321	-0.000203228161611	0.0340781604358	-0.0544846207149	-0.0695918056223	0.00818084471679	0.00296906540454	-0.0193765410595	-0.0273192606995	0.00180292162909	-0.015998276489	-0.0658150338083	0.0276472101405	-0.033365924567	0.0494004357827
k__Bacteria;p__Firmicutes;c__Clostridia;o__Clostridiales;f__Oscillospiraceae;g__Oscillibacter;s__Oscillibacter_sp._KLE_1745	-0.0294889516592	-0.0208329912378	0.00918849331802	-0.0631831084377	0.0627802657219	-0.0118064963123	0.0082467015323	-0.0393087487451	-0.0492266982791	0.00468954736222	-0.0500498584865	0.0148341724794	-0.0479142544732	0.0217168130305	-0.0280914664806	0.0122417521061	-0.0503419266898	-0.00291299244303	-0.0570314554774	-0.0258821355451	-0.0256689263958	0.00701949149676	-0.00771427788686	-0.0371229945045	1.0	0.0190425331802	0.0120994104529	-0.0241009335346	-0.0300815822302	0.0182601909896	-0.0133057684541	0.0553336719534	-0.0166203204213	0.0483991624628	0.0383571577282	-0.0134790876986	-0.0443093397415	0.0135254186019	0.0387715520644	0.00993717236723	0.0270256036164	0.00296339622088	-0.0343782967321	-0.0025795733003	0.0342152332713	-0.0149959749306	-0.0206193698247	0.0337166110871	0.0498415481845	0.0157687268525	-0.0443989324285	0.00490859114945	-0.0402284405402	-0.0200584646499	-0.00637104083791	-0.0158714394358	-0.0862596886041	-0.0151461749349	-0.0373552739901
k__Bacteria;p__Bacteroidetes;c__Bacteroidia;o__Bacteroidales;f__Bacteroidaceae;g__Bacteroides;s__Bacteroides_coprophilus	0.0151170117883	0.00689759539141	-0.0209880324923	0.0166729720983	-0.00664215363859	-0.0199374590811	0.0540079754501	0.00639653459636	-0.0704532839629	-0.0202498472679	0.0163679411321	0.0116998049075	-0.0377528915769	-0.0122266867758	0.0133812359554	0.0384844657206	-0.0299644585036	-0.00962038509438	-0.00437872140066	-0.0476866288455	-0.011932005023	0.0185101384536	0.0199668691539	-0.00502054755582	0.0190425331802	1.0	-0.0549774387874	0.0391531733888	0.0241443367558	-0.0112164191642	-0.00544735085936	-0.0107702479012	-0.0299058418765	-0.0185143628965	0.00116266949923	-0.00957639849408	0.00656112035266	-0.0144687997403	-0.0168057703927	-0.0313149762265	-0.0678847756026	0.0245324684512	-0.0226369156048	0.010472262179	-0.0295524061616	0.00899098757296	0.0267840298189	-0.0442602122187	-0.0504130531575	-0.0646354823905	0.00918168239705	0.0508198205619	-0.0273881428316	0.0646439141111	-0.0070586665944	-0.00702306849987	-0.0365762605625	-0.02889383144	-0.0287856974427
k__Bacteria;p__Firmicutes;c__Clostridia;o__Clostridiales;f__Lachnospiraceae;g__Roseburia;s__Roseburia_intestinalis	-0.0261334440068	-0.0193191436224	-0.00567727993418	-0.0263907576125	-0.0137493044961	0.00584999049245	-0.0545624093604	-0.03426141093	-0.0162592657079	-0.00601614788806	-0.0203316977761	0.0014700524109	0.000254948147368	-0.0115747200008	0.0220649342138	0.0246809847646	-0.00166647962366	0.0296714242837	0.0176913490293	-0.0330525028457	0.0403519016833	0.00577157938368	-0.0320562943519	0.0178849710858	0.0120994104529	-0.0549774387874	1.0	0.0384522135943	0.0184143341997	-0.0201334006069	-0.00811278387875	0.0218106528648	0.0430824805837	-0.0522085863719	0.00188288489476	0.0431535736315	-0.064444193261	-0.0550548427843	-0.0432002828283	0.0407415037947	0.0567910455706	0.0271392653963	-0.0318163560775	-0.0163377478977	0.0409344822552	-0.0646511003276	-0.00462534586775	-0.0382069625295	-0.00686457433431	-0.0546316991629	-0.0679227992703	-0.0231677917927	-0.00657870650985	-0.0430608193301	-0.0315650077292	-0.00805774069986	0.0277240696789	0.00799763165671	0.0338330087744
k__Bacteria;p__Firmicutes;c__Clostridia;o__Clostridiales;f__Lachnospiraceae;g__Roseburia;s__Roseburia_hominis	0.0262114551735	0.0472966965521	0.0253784641694	-0.00044143183654	-0.0357655286047	-0.0162225649795	-0.0159161013636	-0.0155317077942	-0.0539098332718	0.0265719538569	-0.00414581805256	-0.0324943251766	-0.00898667890728	-0.00301358881997	0.0300696242404	-0.0104950324313	-0.0253590166223	0.00223802274221	0.00575689433841	-0.0639586805792	0.0198300555885	-0.0706599292337	0.0671426407106	0.000279072786996	-0.0241009335346	0.0391531733888	0.0384522135943	1.0	-0.0469053310894	-0.0513343037521	-0.0283828078656	-0.0352225677451	0.0118361587649	-0.0781883353562	0.0375032080674	0.0154934426594	-0.0334841108709	-0.00460043402058	-0.0107145622483	-0.0244993346084	-0.0232735919707	-0.00241681377417	-0.0141024116778	-0.0423676516846	0.054105382408	0.0374960782258	-0.0117572809796	0.0326437398522	-0.0418645516538	-0.0637879268876	-0.00486293846824	-0.0150641722134	-0.0275027523014	-0.0188526431336	0.0245296024748	-0.0565589275166	0.0187487255022	-0.0466128108677	-0.00954033195442
k__Bacteria;p__Bacteroidetes;c__Bacteroidia;o__Bacteroidales;f__Porphyromonadaceae;g__Parabacteroides;s__Parabacteroides_johnsonii	-0.0580732841469	-0.0637008836113	-0.0271649637039	0.0357138495027	-0.0165393021319	0.0381243087979	0.0288770082188	-0.0473156141749	0.0285339392158	0.0299045186479	0.0518010780678	-0.0145794369933	-0.00960893862509	-0.0091380395979	-0.00262398911184	-0.00101843359868	-0.0256862993259	0.0310630600752	-0.0325722005167	0.018372638088	0.0134874546392	-0.0102090333487	-0.0814222817734	0.0101252885949	-0.0300815822302	0.0241443367558	0.0184143341997	-0.0469053310894	1.0	-0.0502106254483	0.021022311369	-0.00259024491822	0.0323413961076	0.0224007285839	-0.0316722571521	-0.0134644181325	0.00549448113936	-0.00325030258226	-0.0183982206178	-0.0352680890525	0.0134242460093	-0.00545805566009	-0.00800369856641	-0.0256874220353	-0.0126836479446	-0.0374783267831	-0.011741218415	-0.0118831021517	-0.0124903101424	0.019143614719	0.00601795168054	-0.0279909958802	0.0021181000473	0.00212009345293	-0.0400173621492	0.0222308865858	0.0462813108415	0.0605819029651	-0.0192812661947
k__Bacteria;p__Actinobacteria;c__Actinobacteria;o__Bifidobacteriales;f__Bifidobacteriaceae;g__Bifidobacterium;s__Bifidobacterium_longum	0.00112241471605	-0.0192217544823	0.0196883612302	-0.0153689540307	-0.000361366683794	-0.0128468007179	-0.00544475369014	-0.0528398548066	-0.00133760801226	0.039638319886	0.00691507569879	-0.11194560102	-0.0243763380498	0.00695960656195	-0.00604790150982	-0.0696163840609	-0.0292799245243	-0.0356228058781	-0.00957596204005	-0.0151542351351	0.0495168427073	-0.0645178312066	-0.00368496046753	0.0169275267211	0.0182601909896	-0.0112164191642	-0.0201334006069	-0.0513343037521	-0.0502106254483	1.0	-0.0460870920272	0.0153306064667	-0.0372014053951	-0.0063229870629	-0.0139284440401	-0.0133745327696	-0.0613585827382	-0.0436713395686	-0.0152322752914	-0.0174093054772	0.0313773734209	0.0476684622966	0.00411909797276	0.0699882872615	-0.0371780647898	-0.0480604656754	-0.036622604411	-0.0233627534256	0.0437395985821	0.00417209523931	-0.00974395098189	0.024144646082	0.0532368548311	0.0252350582097	-0.0187910285012	-0.0143767444072	-0.073963295348	0.0533462953156	0.0489909357958
