#taxonomy	k__Bacteria;p__Bacteroidetes;c__Bacteroidia;o__Bacteroidales;f__Bacteroidaceae;g__Bacteroides;s__Bacteroides_vulgatus	k__Bacteria;p__Bacteroidetes;c__Bacteroidia;o__Bacteroidales;f__Bacteroidaceae;g__Bacteroides;s__Bacteroides_uniformis	k__Bacteria;p__Bacteroidetes;c__Bacteroidia;o__Bacteroidales;f__Rikenellaceae;g__Alistipes;s__Alistipes_putredinis	k__Bacteria;p__Bacteroidetes;c__Bacteroidia;o__Bacteroidales;f__Prevotellaceae;g__Prevotella;s__Prevotella_copri	k__Bacteria;p__Bacteroidetes;c__Bacteroidia;o__Bacteroidales;f__Bacteroidaceae;g__Bacteroides;s__Bacteroides_stercoris	k__Bacteria;p__Bacteroidetes;c__Bacteroidia;o__Bacteroidales;f__Bacteroidaceae;g__Bacteroides;s__Bacteroides_ovatus	k__Bacteria;p__Bacteroidetes;c__Bacteroidia;o__Bacteroidales;f__Rikenellaceae;g__Alistipes;s__Alistipes_shahii	k__Bacteria;p__Firmicutes;c__Clostridia;o__Clostridiales;f__Ruminococcaceae;g__Faecalibacterium;s__Faecalibacterium_prausnitzii	k__Bacteria;p__Bacteroidetes;c__Bacteroidia;o__Bacteroidales;f__Rikenellaceae;g__Alistipes;s__Alistipes_finegoldii	k__Bacteria;p__Bacteroidetes;c__Bacteroidia;o__Bacteroidales;f__Porphyromonadaceae;g__Parabacteroides;s__Parabacteroides_distasonis	k__Bacteria;p__Bacteroidetes;c__Bacteroidia;o__Bacteroidales;f__Bacteroidaceae;g__Bacteroides;s__Bacteroides_thetaiotaomicron	k__Bacteria;p__Bacteroidetes;c__Bacteroidia;o__Bacteroidales;f__Bacteroidaceae;g__Bacteroides;s__Bacteroides_coprocola	k__Bacteria;p__Bacteroidetes;c__Bacteroidia;o__Bacteroidales;f__Bacteroidaceae;g__Bacteroides;s__Bacteroides_cellulosilyticus	k__Bacteria;p__Bacteroidetes;c__Bacteroidia;o__Bacteroidales;f__Rikenellaceae;g__Alistipes;s__Alistipes_obesi	k__Bacteria;p__Firmicutes;c__Clostridia;o__Clostridiales;f__Lachnospiraceae;g__;s__[Eubacterium]_rectale	k__Bacteria;p__Bacteroidetes;c__Bacteroidia;o__Bacteroidales;f__Bacteroidaceae;g__Bacteroides;s__Bacteroides_plebeius	k__Bacteria;p__Bacteroidetes;c__Bacteroidia;o__Bacteroidales;f__Bacteroidaceae;g__Bacteroides;s__Bacteroides_fragilis	k__Bacteria;p__Proteobacteria;c__Betaproteobacteria;o__Burkholderiales;f__Sutterellaceae;g__Sutterella;s__Sutterella_wadsworthensis	k__Bacteria;p__Bacteroidetes;c__Bacteroidia;o__Bacteroidales;f__Porphyromonadaceae;g__Barnesiella;s__Barnesiella_intestinihominis	k__Bacteria;p__Bacteroidetes;c__Bacteroidia;o__Bacteroidales;f__Odoribacteraceae;g__Odoribacter;s__Odoribacter_splanchnicus	k__Bacteria;p__Bacteroidetes;c__Bacteroidia;o__Bacteroidales;f__Bacteroidaceae;g__Bacteroides;s__Bacteroides_salyersiae	k__Bacteria;p__Firmicutes;c__Clostridia;o__Clostridiales;f__Ruminococcaceae;g__Ruminiclostridium;s__[Eubacterium]_siraeum	k__Bacteria;p__Proteobacteria;c__Betaproteobacteria;o__Burkholderiales;f__Sutterellaceae;g__Parasutterella;s__Parasutterella_excrementihominis	k__Bacteria;p__Actinobacteria;c__Actinobacteria;o__Bifidobacteriales;f__Bifidobacteriaceae;g__Bifidobacterium;s__Bifidobacterium_adolescentis	k__Bacteria;p__Firmicutes;c__Clostridia;o__Clostridiales;f__Oscillospiraceae;g__Oscillibacter;s__Oscillibacter_sp._KLE_1745	k__Bacteria;p__Bacteroidetes;c__Bacteroidia;o__Bacteroidales;f__Bacteroidaceae;g__Bacteroides;s__Bacteroides_coprophilus	k__Bacteria;p__Firmicutes;c__Clostridia;o__Clostridiales;f__Lachnospiraceae;g__Roseburia;s__Roseburia_intestinalis	k__Bacteria;p__Firmicutes;c__Clostridia;o__Clostridiales;f__Lachnospiraceae;g__Roseburia;s__Roseburia_hominis	k__Bacteria;p__Bacteroidetes;c__Bacteroidia;o__Bacteroidales;f__Porphyromonadaceae;g__Parabacteroides;s__Parabacteroides_johnsonii	k__Bacteria;p__Actinobacteria;c__Actinobacteria;o__Bifidobacteriales;f__Bifidobacteriaceae;g__Bifidobacterium;s__Bifidobacterium_longum	k__Bacteria;p__Firmicutes;c__Clostridia;o__Clostridiales;f__;g__Flavonifractor;s__Flavonifractor_plautii	k__Bacteria;p__Firmicutes;c__Clostridia;o__Clostridiales;f__Clostridiaceae;g__Clostridium;s__Clostridium_phoceensis	k__Bacteria;p__Verrucomicrobia;c__Verrucomicrobiae;o__Verrucomicrobiales;f__Akkermansiaceae;g__Akkermansia;s__Akkermansia_muciniphila	k__Bacteria;p__Bacteroidetes;c__Bacteroidia;o__Bacteroidales;f__Prevotellaceae;g__Paraprevotella;s__Paraprevotella_xylaniphila	k__Bacteria;p__Firmicutes;c__Clostridia;o__Clostridiales;f__Ruminococcaceae;g__Ruminococcus;s__Ruminococcus_callidus	k__Bacteria;p__Bacteroidetes;c__Bacteroidia;o__Bacteroidales;f__Rikenellaceae;g__Alistipes;s__Alistipes_senegalensis	k__Bacteria;p__Firmicutes;c__Clostridia;o__Clostridiales;f__Lachnospiraceae;g__Blautia;s__Blautia_sp._KLE_1732	k__Bacteria;p__Bacteroidetes;c__Bacteroidia;o__Bacteroidales;f__Bacteroidaceae;g__Bacteroides;s__Bacteroides_oleiciplenus	k__Bacteria;p__Firmicutes;c__Clostridia;o__Clostridiales;f__Ruminococcaceae;g__Ruminococcus;s__Ruminococcus_bicirculans	k__Bacteria;p__Bacteroidetes;c__Bacteroidia;o__Bacteroidales;f__Bacteroidaceae;g__Bacteroides;s__Bacteroides_fluxus	k__Bacteria;p__Bacteroidetes;c__Bacteroidia;o__Bacteroidales;f__Prevotellaceae;g__Prevotella;s__Prevotella_stercorea	k__Bacteria;p__Firmicutes;c__Clostridia;o__Clostridiales;f__Lachnospiraceae;g__Dorea;s__Dorea_longicatena	k__Bacteria;p__Firmicutes;c__Clostridia;o__Clostridiales;f__Eubacteriaceae;g__Eubacterium;s__[Eubacterium]_eligens	k__Bacteria;p__Firmicutes;c__Clostridia;o__Clostridiales;f__Ruminococcaceae;g__;s__Ruminococcaceae_bacterium_D16	k__Bacteria;p__Firmicutes;c__Clostridia;o__Clostridiales;f__Lachnospiraceae;g__Coprococcus;s__Coprococcus_comes	k__Bacteria;p__Proteobacteria;c__Gammaproteobacteria;o__Enterobacterales;f__Enterobacteriaceae;g__Escherichia;s__Escherichia_coli	k__Bacteria;p__Firmicutes;c__Clostridia;o__Clostridiales;f__Ruminococcaceae;g__Anaerotruncus;s__Anaerotruncus_colihominis	k__Bacteria;p__Firmicutes;c__Clostridia;o__Clostridiales;f__Lachnospiraceae;g__Blautia;s__Blautia_obeum	k__Bacteria;p__Bacteroidetes;c__Bacteroidia;o__Bacteroidales;f__Odoribacteraceae;g__Odoribacter;s__Odoribacter_laneus	k__Bacteria;p__Firmicutes;c__Clostridia;o__Clostridiales;f__Ruminococcaceae;g__Ruminiclostridium;s__[Clostridium]_leptum	k__Bacteria;p__Bacteroidetes;c__Bacteroidia;o__Bacteroidales;f__Porphyromonadaceae;g__Parabacteroides;s__Parabacteroides_goldsteinii	k__Bacteria;p__Firmicutes;c__Clostridia;o__Clostridiales;f__Lachnospiraceae;g__Anaerostipes;s__Anaerostipes_hadrus	k__Bacteria;p__Firmicutes;c__Clostridia;o__Clostridiales;f__Ruminococcaceae;g__Ruminococcus;s__Ruminococcus_lactaris	k__Bacteria;p__Firmicutes;c__Clostridia;o__Clostridiales;f__Clostridiaceae;g__Clostridium;s__Clostridium_sp._L2-50	k__Bacteria;p__Firmicutes;c__Clostridia;o__Clostridiales;f__Clostridiaceae;g__Clostridium;s__Clostridium_sp._M62/1	k__Bacteria;p__Firmicutes;c__Clostridia;o__Clostridiales;f__;g__Intestinimonas;s__Intestinimonas_butyriciproducens	k__Bacteria;p__Actinobacteria;c__Actinobacteria;o__Bifidobacteriales;f__Bifidobacteriaceae;g__Bifidobacterium;s__Bifidobacterium_bifidum	k__Bacteria;p__Firmicutes;c__Negativicutes;o__Veillonellales;f__Veillonellaceae;g__Dialister;s__Dialister_invisus	k__Bacteria;p__Bacteroidetes;c__Bacteroidia;o__Bacteroidales;f__Bacteroidaceae;g__Bacteroides;s__Bacteroides_salanitronis
k__Bacteria;p__Bacteroidetes;c__Bacteroidia;o__Bacteroidales;f__Bacteroidaceae;g__Bacteroides;s__Bacteroides_vulgatus	1.0	0.0284130149367	0.0806127296762	0.0253052049771	-0.0351059169636	-0.0422243331342	-0.00778899215398	-0.0253646388423	-0.0346448663548	-0.00783647206323	-0.0165654099587	0.0200906072414	-0.0357023867561	-0.0100032692273	-0.0290221975772	-0.00866379271669	-0.0797624343786	0.0171497479041	0.0177259568372	0.0755246052882	0.0440100735786	-0.00503743536763	0.0422329845149	-0.0210697060056	0.0292640226706	-0.058578446203	0.00364537814718	-0.0356897404072	0.0241478397138	0.0495983869541	-0.0360218729382	-0.0054310005645	-0.0516700662862	-0.0407530120404	-0.0104095708733	-0.0146617261203	-0.0436360375848	-0.0060478197907	-0.0815595232844	0.0164393301494	-0.0214895076594	0.0208893019906	-0.00372318116054	-0.00820784192716	0.0094411941768	-0.0604302984582	-0.00341878428213	0.0716514203642	0.026112693322	0.00594391339326	0.00206676886485	0.0404594830614	0.0010349128316	-0.0506923499709	-0.00133265873739	-0.0157997160694	0.00020761867394	-0.0553452849577	-0.0354010961622
k__Bacteria;p__Bacteroidetes;c__Bacteroidia;o__Bacteroidales;f__Bacteroidaceae;g__Bacteroides;s__Bacteroides_uniformis	0.0284130149367	1.0	0.055925343351	-0.0231387844918	0.0147360822601	0.0538244797663	0.0747843351976	0.00296392943913	0.0197487505651	-0.0238815435306	0.0275789568491	-0.00508412993842	-0.0386543400817	-0.0124646881186	-0.0136929900964	0.00060511926598	0.0499209636531	-0.0292475015988	0.0624395260477	-0.0347285991754	-0.0116427887284	-0.0856911782884	0.0356579326852	-0.0223804973848	-0.0260316280825	0.0123197780373	0.00871378977418	-0.0612206206619	-0.0351991053564	-0.0328105536683	-0.0331310255867	-0.0488865857692	-0.00612383991501	-0.0174560232544	0.0162252075787	0.0326980284171	-0.00396106750949	-0.0471364311964	0.0252965503639	0.033144615174	-0.00624347846158	-0.0232701591432	0.00630727154053	0.00516786418234	-0.00676747650901	-0.0405558745497	-0.0266680397085	0.0209489318265	-0.035240517485	0.0121895777786	-0.042620541154	-0.048803581033	-0.0635985519883	-0.0126821636235	0.0314792988019	-0.0221022712615	-0.00645263852686	-0.0148207709261	-0.00112849191962
k__Bacteria;p__Bacteroidetes;c__Bacteroidia;o__Bacteroidales;f__Rikenellaceae;g__Alistipes;s__Alistipes_putredinis	0.0806127296762	0.055925343351	1.0	-0.0151693675525	-0.0513651891661	-0.0205328822841	0.0209617246722	0.0262433927102	-0.0162473785027	0.0701131361906	-0.0278760081788	0.00513865550138	-0.0946221332122	0.0600017846701	-0.00332055349595	-0.00194033511813	0.0100551234265	-0.0181361568649	0.0768453031968	-0.00135639564006	-0.0116955814505	-0.0138162949333	0.041694170769	0.032763721264	-0.00385866392093	0.024250339705	0.0187722799288	0.0113054451931	0.0139185394878	-0.0230983918912	-0.036256956892	0.0253401341707	-0.000111112693642	-0.000679841654556	-0.0129496857204	-0.101506006157	0.0256507798064	0.0591506305996	0.000204876881495	-0.0439870300033	-0.0334817720273	-0.0101209093872	-0.0486641622928	-0.0228767976887	-0.00806437982923	-0.030336049727	0.002540049572	0.00931276031977	-0.02018716523	-0.0332454772988	0.00372692849429	-0.0369963234634	0.0125001811039	0.0329457245381	0.00261747670154	-0.0358272269957	-0.0189331006788	0.0102307842112	-0.0357476133211
k__Bacteria;p__Bacteroidetes;c__Bacteroidia;o__Bacteroidales;f__Prevotellaceae;g__Prevotella;s__Prevotella_copri	0.0253052049771	-0.0231387844918	-0.0151693675525	1.0	0.0113923375057	0.0289098467202	0.033038970447	0.00313696094164	0.010265360089	-0.0119287918643	0.0108472944214	-0.0373808807977	-0.0465819217987	0.00231496409902	0.00288242377017	0.000353397595633	-0.00457023210508	-0.0444844397385	0.000929441992461	0.078621685134	-0.0413797061093	-0.0134623278654	-0.0299969635907	-0.0635140381351	0.00437225306518	-0.0396400655068	-0.0128661535439	-0.0250826933133	-0.0490771478414	-0.0204277986544	-0.0495497846871	-0.0551681161349	-0.046651732268	-0.0162129199222	0.00360362213854	0.0394664340752	0.00656237900442	-0.0304436889081	-0.074519608153	-0.00597820803396	0.0120954699564	-0.0540481678424	0.0112466550504	0.000107895851747	0.0492551613648	0.0150151668398	-0.0180951963562	0.040477480234	0.0361900743404	-0.0216577988396	0.0739225996607	-0.00279194066632	0.030924531209	-0.0558532720227	-0.0419817641308	0.014531623814	0.024988761245	-0.0249335865763	-0.032833545189
k__Bacteria;p__Bacteroidetes;c__Bacteroidia;o__Bacteroidales;f__Bacteroidaceae;g__Bacteroides;s__Bacteroides_stercoris	-0.0351059169636	0.0147360822601	-0.0513651891661	0.0113923375057	1.0	-0.0481751614385	-0.00755528836044	0.0637521010243	-0.0152211702272	-0.0160177092268	-0.0588580164803	-0.0200245516312	0.08727856696	-0.0395201660937	-0.0769738322413	-0.012166427659	0.0223654856049	0.00788808969913	-0.0743356297858	-0.0393536823845	-0.00417683612981	0.0153273915674	-0.0905338338407	0.030810324453	-0.0493130540246	0.0040185855104	-0.0405705873804	0.0262640997567	0.0174303119971	-0.016733028208	0.0133153070282	0.0331339393782	-0.00236189514928	0.0278501545698	0.0313373156578	-0.0596891694484	-0.0185424990249	-0.0294462946342	0.00249901914939	0.00625591099968	0.00178354555988	-0.0256291453352	-0.00531227638686	0.0444444961116	-0.0112848017095	-0.0391821939111	-0.0389652829629	-0.0280597124608	0.0167212960018	0.0123004952599	-0.0217660718061	-0.0355096083719	0.0482252525206	0.0319453587894	-0.0360024544738	0.0177863367188	0.0534637260793	-0.0526503476901	-0.0114011850519
k__Bacteria;p__Bacteroidetes;c__Bacteroidia;o__Bacteroidales;f__Bacteroidaceae;g__Bacteroides;s__Bacteroides_ovatus	-0.0422243331342	0.0538244797663	-0.0205328822841	0.0289098467202	-0.0481751614385	1.0	0.0012919962812	-0.00568211004891	0.0301314487892	0.0910439105314	-0.00782669774217	-0.0854940745533	-0.00553113589776	-0.0629445578576	0.0362852190144	-0.0400887002132	-0.0634186353824	0.023475374137	-0.0244564326558	0.0358860436035	0.0173539459164	0.000228483400673	-0.0178039516473	-0.0616455413093	-0.029944380259	0.0307306543242	-0.0645462851867	0.0149946401697	-0.020064187245	-0.0536713784791	-0.0220711949953	-0.0179068134058	-0.0279092052712	-0.0479218320775	0.011623390749	0.0461380916935	0.0272647895102	-0.0345619589213	-0.0204138468658	0.0543919210685	0.00665009173428	-0.0459775808497	0.00160726315621	0.0623210858434	-0.000834830849057	-0.0203647577894	-0.00665913370655	-0.0304850259743	-0.0516080081036	0.0708110462995	-0.0755979870718	0.00601231711205	-0.0138505940315	0.0672566907197	-0.00586856088593	0.0620236889027	-0.0239262474409	0.00276503397176	0.0560132393708
k__Bacteria;p__Bacteroidetes;c__Bacteroidia;o__Bacteroidales;f__Rikenellaceae;g__Alistipes;s__Alistipes_shahii	-0.00778899215398	0.0747843351976	0.0209617246722	0.033038970447	-0.00755528836044	0.0012919962812	1.0	-0.0267090667004	-0.0168306628542	-0.0228003839963	-0.039614724894	0.0181106304294	-0.0925816622538	-0.0172887427148	-0.0625005908511	0.0500602557102	-0.0142571179085	-0.0167897752537	0.0139446797878	-0.00413233319937	-0.00753346738644	-0.0522096734002	0.0384392842161	0.0127485581963	0.0603408075667	-0.0471894131549	-0.0529725080654	-0.00481444149388	0.0540820364076	0.023903040411	0.058878409006	-0.0639588631205	-0.0264084393246	0.00168134679365	0.0152868777031	-0.0245793326025	0.0100324103276	0.0128250818159	-0.0594488832933	0.0518271985407	0.0189204436584	-0.0176179928416	0.00522434844853	-0.0369986661942	0.0146561686932	-0.0321196002472	-0.00665538704423	0.017248239827	-0.0500889941077	0.00111442981102	-0.0207889885336	0.00715712651816	-0.0330405478598	-0.0293485822564	-0.0285064410107	-0.0504292120431	-0.0284346318608	-0.00138472453743	0.102565864624
k__Bacteria;p__Firmicutes;c__Clostridia;o__Clostridiales;f__Ruminococcaceae;g__Faecalibacterium;s__Faecalibacterium_prausnitzii	-0.0253646388423	0.00296392943913	0.0262433927102	0.00313696094164	0.0637521010243	-0.00568211004891	-0.0267090667004	1.0	-0.0354698469675	-0.0154602945583	0.0272946235239	0.0367086804558	-0.0344495486752	-0.0412908079456	-0.0567199142262	-0.0327057989261	-0.0564209673903	-0.00971361838958	-0.0271116511621	-0.0062767623165	-0.0386192073017	-0.0163514716381	-0.0359173036773	-0.0133657456577	-0.017140009631	0.00901680296583	-0.00491179429288	0.0277677074832	-0.00471107366421	0.00896168391784	0.0281034790055	-0.000333350218655	0.00376447827712	-0.0179097392312	-0.0136250338212	-0.00112873795882	0.0527897073521	-0.0692395531843	0.00522778189891	-0.0239176822093	-0.0238557029846	0.0152796870495	-0.01346222724	0.0622153680212	-0.0382296415807	-0.00750890221387	0.0113802636068	-0.0217926981743	-0.000838884189259	-0.0293688755473	-0.0399670049863	0.0803906819963	0.0380274065384	0.0183682816	0.0718583090395	0.0341453958845	0.0144902750668	-0.000469925593687	0.0611671120512
k__Bacteria;p__Bacteroidetes;c__Bacteroidia;o__Bacteroidales;f__Rikenellaceae;g__Alistipes;s__Alistipes_finegoldii	-0.0346448663548	0.0197487505651	-0.0162473785027	0.010265360089	-0.0152211702272	0.0301314487892	-0.0168306628542	-0.0354698469675	1.0	0.0134853832572	-0.0079454475349	0.0321607332284	0.0450625250085	0.0176308313859	-0.0424351692455	-0.0227963533007	-0.0517679927252	0.0382077020489	-0.00517995358086	-0.01720642211	-0.0408778713999	-0.0461486586369	0.051147598198	-0.012005274217	-1.06859410089e-05	-0.00886530907281	0.0295732277113	-0.0212184985319	0.0358911004	-0.0342013962925	-0.061230367545	0.0405290584743	-0.0782471707214	0.0136592478229	0.0356047381323	-0.0212237520193	-0.0166828164046	0.00156225952592	0.00548096229407	0.0433807440486	0.0132497374718	-0.0178191811714	0.0214716504355	0.00318831134681	0.00561335052928	0.0688092345214	-0.0289988121783	0.0204310993695	0.0461009219833	-0.0150423536759	-0.0277862333978	0.0107046946981	-0.0165384754696	-0.0580389158116	-0.0148694677106	-0.0202083244777	0.0395140862319	-0.0143456864137	-0.0775225265834
k__Bacteria;p__Bacteroidetes;c__Bacteroidia;o__Bacteroidales;f__Porphyromonadaceae;g__Parabacteroides;s__Parabacteroides_distasonis	-0.00783647206323	-0.0238815435306	0.0701131361906	-0.0119287918643	-0.0160177092268	0.0910439105314	-0.0228003839963	-0.0154602945583	0.0134853832572	1.0	0.00559858336824	-0.0473887915318	-0.0319006682066	0.0245873588223	0.0171122081042	-0.00853614133713	-0.0346149659724	0.000442507439589	-0.025100375089	0.014424443809	-0.0408630216538	-0.0124943155994	-0.0835443905235	-0.0511337661796	0.0315768977246	-0.0809801967347	-0.0450205714309	0.0147667383208	0.0323585524148	-0.031548858998	-0.0538659998169	0.0280626560014	0.0179958191785	-0.026739111178	-0.000966845201694	-0.011371734034	-0.0345575991143	-0.0788472692412	-0.046796847431	-0.0115575163936	-0.01988929494	-0.00998244848942	0.0546553080338	-0.0508552201169	0.00553541758632	0.0474184876988	-0.03170991778	0.0159561588629	-0.0370560600411	-0.022760944434	0.0218669204332	-0.0308294697587	-0.0221317162235	0.0465132197493	0.00166549688143	0.0332543464828	0.0052788223502	0.0585408160921	-0.0288807268808
k__Bacteria;p__Bacteroidetes;c__Bacteroidia;o__Bacteroidales;f__Bacteroidaceae;g__Bacteroides;s__Bacteroides_thetaiotaomicron	-0.0165654099587	0.0275789568491	-0.0278760081788	0.0108472944214	-0.0588580164803	-0.00782669774217	-0.039614724894	0.0272946235239	-0.0079454475349	0.00559858336824	1.0	-0.0172723692212	0.0225966307819	-0.0115517454927	0.0274188105851	0.0510363999166	0.0436256242246	0.0112363693122	-0.0163444841548	-0.0336540243663	-0.011619794263	0.00764608522965	-0.029822374175	-0.0158410352805	-0.0429285310073	-0.00261609329276	-0.0182047357339	-0.0713047545699	-0.0392849741068	-0.00512872779433	0.0150775336958	0.0320963737958	-0.0323509415862	-0.0422969606512	-4.43292715807e-05	0.039892306078	-0.0310897427011	-0.0281134507063	0.00644608262713	-0.0362740378411	0.0105690983911	-0.0170325139646	-0.00992254976043	-0.080492860615	-0.00778569526976	0.0138964910491	0.0367611955352	0.0295170723907	-0.00893691042161	0.0730536783793	-0.00538429450844	0.0235199416935	-0.00116750074467	0.0378088927925	-0.0436251210739	-0.0516599146784	0.011210056095	-0.0603931566239	0.0132313955509
k__Bacteria;p__Bacteroidetes;c__Bacteroidia;o__Bacteroidales;f__Bacteroidaceae;g__Bacteroides;s__Bacteroides_coprocola	0.0200906072414	-0.00508412993842	0.00513865550138	-0.0373808807977	-0.0200245516312	-0.0854940745533	0.0181106304294	0.0367086804558	0.0321607332284	-0.0473887915318	-0.0172723692212	1.0	0.0382118786684	0.038666418874	-0.0544198486073	-0.0099717282694	-0.0836226170129	-0.0482485290227	-0.0025525356366	0.0224135310864	0.0272229937989	-0.0502962433733	-0.0128559717707	-0.04595741575	-0.0163158764375	0.0551596517366	-0.0214236801188	-0.0413376127243	-0.00616051116886	0.0315331182477	0.0915348931808	-0.0156455672245	-0.0297748468979	-0.0955294128067	-0.0511246120798	0.0232350152352	-0.010255183147	0.0197255865554	-0.00698772072407	-0.0566804661701	0.0331282114986	-0.0167491159255	-0.0331166286821	-0.0274716705797	-0.0169564630922	0.00997690504579	-0.0209291772764	0.0197142662744	0.0591402645804	-0.0131907664609	0.00292728613987	-0.0432157573901	0.0178452378595	-0.0757078385576	0.0293505334472	-0.0315053599349	0.00227305191872	0.0143783237477	-0.035421111098
k__Bacteria;p__Bacteroidetes;c__Bacteroidia;o__Bacteroidales;f__Bacteroidaceae;g__Bacteroides;s__Bacteroides_cellulosilyticus	-0.0357023867561	-0.0386543400817	-0.0946221332122	-0.0465819217987	0.08727856696	-0.00553113589776	-0.0925816622538	-0.0344495486752	0.0450625250085	-0.0319006682066	0.0225966307819	0.0382118786684	1.0	0.00132660046915	0.00620613276264	0.0122358339313	-0.008037337794	0.00851948238541	-0.013965984605	0.00116178493692	-0.044205209182	0.0283366345454	-0.00826220406136	0.0219167333155	-0.05351032672	0.0287329278752	0.0353542052194	0.100468874937	-0.0829082374193	0.0317075615545	-0.0104524240979	0.00230702594454	-0.0099678198606	0.00477837491044	-0.0509239346798	0.00220488845113	-0.0252485345594	0.011213112069	-0.0140366382975	-0.00710842504284	-0.00872566012219	-0.0252393376709	-0.0368546037053	0.026490076483	0.0111465374585	-0.00125737345903	0.0407566946091	-0.025938881981	-0.0445504441676	-0.0194967313511	-0.0526821769132	-0.000568008788829	-0.00119147054031	0.00514026044858	0.036186087292	-0.0400689973097	-0.00892837935497	0.0339597834381	0.00236055287699
k__Bacteria;p__Bacteroidetes;c__Bacteroidia;o__Bacteroidales;f__Rikenellaceae;g__Alistipes;s__Alistipes_obesi	-0.0100032692273	-0.0124646881186	0.0600017846701	0.00231496409902	-0.0395201660937	-0.0629445578576	-0.0172887427148	-0.0412908079456	0.0176308313859	0.0245873588223	-0.0115517454927	0.038666418874	0.00132660046915	1.0	0.0666846115775	0.00565693334974	0.00221942531539	0.00867624928316	0.0391618121542	0.0161222432557	0.0364320021224	0.00905782191656	-0.0357530935416	-0.0659567273256	0.031896059353	0.0523498761725	0.011047203177	-0.0188346158871	-0.016629475988	0.0493970873132	-0.0575076506465	-0.0253589538476	-9.59741526635e-05	-0.0594963698192	-0.0109189635554	-0.0267217546353	-0.00214616540923	0.0316205996857	0.0094722283662	0.0620286683032	0.00463558493777	-0.0155235203113	-0.00412636078456	-0.035491908144	0.0170634671665	-0.00682743085367	-0.00185284455715	-0.0528966691126	-0.0151668054518	-0.0431893648265	0.0495550779575	-0.0358634103841	0.00565916684259	-0.0199380470656	-0.0287527750932	0.021502663168	-0.0118394933043	-0.0462974735123	-0.0319569753333
k__Bacteria;p__Firmicutes;c__Clostridia;o__Clostridiales;f__Lachnospiraceae;g__;s__[Eubacterium]_rectale	-0.0290221975772	-0.0136929900964	-0.00332055349595	0.00288242377017	-0.0769738322413	0.0362852190144	-0.0625005908511	-0.0567199142262	-0.0424351692455	0.0171122081042	0.0274188105851	-0.0544198486073	0.00620613276264	0.0666846115775	1.0	-0.0132599820007	0.0401674174086	-0.0255562972152	-0.0330159044099	-0.0491829511128	-0.0399830527814	-0.0205979885815	0.026895310372	0.034103894562	-0.00579480464745	-0.0154959188855	0.0717134391118	-0.00454879041642	0.00470556582435	-0.037682504871	-0.00945399757591	0.0143209097685	-0.0274824214839	-0.0361631631064	0.0352736263817	-0.0529929133734	0.0169708994576	-0.0144211209913	-0.0454330096472	0.00121265078138	0.00598325328056	0.0570900352138	-0.0352086445287	0.0291144896301	0.000224416229214	-0.0332455787597	-0.0443046475106	-0.0630072714836	-0.0394755106578	0.0323131867596	-0.00301367175396	0.0396726961555	0.0257809940675	-0.00227867036935	-0.0254039835765	-0.0556219877005	-0.01439721257	-0.0169621177494	0.0175974727949
k__Bacteria;p__Bacteroidetes;c__Bacteroidia;o__Bacteroidales;f__Bacteroidaceae;g__Bacteroides;s__Bacteroides_plebeius	-0.00866379271669	0.00060511926598	-0.00194033511812	0.000353397595634	-0.012166427659	-0.0400887002132	0.0500602557102	-0.0327057989261	-0.0227963533007	-0.00853614133713	0.0510363999166	-0.0099717282694	0.0122358339313	0.00565693334974	-0.0132599820007	1.0	-0.0228525573621	0.0313676360858	0.00456058798333	0.0298977780549	0.0362575670105	-0.0173573233106	-0.00922232219011	0.0681404339238	-0.0650030096587	-0.00185350095736	0.00231649639309	-0.0421760626338	0.0351936406101	-0.0410023021059	-0.00167686218363	-0.030616775781	-0.0113195965227	-0.0935179195318	-0.0283931807672	0.0217034205661	-0.0147361654335	-0.0455708770169	-0.0292182236649	-0.0704101152183	-0.0803568103871	0.0308842670918	0.0180692000694	0.0404101334339	-0.0380009413071	-0.00253493871496	0.0605167535859	0.00889043375499	0.0105789311388	-0.0250598615072	-0.00137946092846	0.00149135358335	-0.00797378139939	0.0200530699811	0.00359774236166	0.0324408556941	0.0257308192758	-0.010623804544	-0.0637433439276
k__Bacteria;p__Bacteroidetes;c__Bacteroidia;o__Bacteroidales;f__Bacteroidaceae;g__Bacteroides;s__Bacteroides_fragilis	-0.0797624343786	0.0499209636531	0.0100551234265	-0.00457023210508	0.0223654856049	-0.0634186353824	-0.0142571179085	-0.0564209673903	-0.0517679927252	-0.0346149659724	0.0436256242246	-0.0836226170129	-0.008037337794	0.00221942531539	0.0401674174086	-0.0228525573621	1.0	-0.03597648949	-0.0188499774158	-0.0165581472607	0.00842016621853	0.0083636055891	-0.0161222107868	-0.00344047394582	-0.00269334189727	-0.0637364014225	-0.0140766436599	0.0276461958081	-0.0369080653564	0.0042489738865	-0.0206433439074	-0.0111201060634	0.00431782272391	-0.0602088709457	0.00907712286377	0.00942667332652	0.0347832873299	-0.0109601260358	-0.0716935142837	0.0230515666773	-0.0686226452994	0.0360258523197	-0.0299633318751	-0.0288146124254	-0.0284342813857	0.00535304165997	0.0101925381498	0.0181500768802	-0.0539935105774	0.033271878926	-0.0124707365895	-0.0422656860749	-0.00710859845974	0.0272591430482	0.00425265143328	-0.0139778751186	-0.0396315874062	-0.0467979948042	0.0327372388124
k__Bacteria;p__Proteobacteria;c__Betaproteobacteria;o__Burkholderiales;f__Sutterellaceae;g__Sutterella;s__Sutterella_wadsworthensis	0.0171497479041	-0.0292475015988	-0.0181361568649	-0.0444844397385	0.00788808969913	0.023475374137	-0.0167897752537	-0.00971361838958	0.0382077020489	0.000442507439589	0.0112363693122	-0.0482485290227	0.00851948238541	0.00867624928316	-0.0255562972152	0.0313676360858	-0.03597648949	1.0	-0.0264106722992	0.0350924410404	-0.0286480463921	-0.0215064088694	0.00824367716532	-0.00984454290308	0.0195127986571	-0.0159769178848	0.0184020950729	-0.0435017156536	0.0332931285035	0.0487339861413	0.0607696352461	-0.0274457557904	-0.0359444214385	-0.00364680561455	-0.0635711097697	0.00570618300688	0.0118101461998	-0.0444798606523	0.0449979880589	0.0173216342128	-0.0415175970008	0.0344482945306	-0.0121376999597	-0.00839459590107	0.0345623939983	0.0094401332683	-0.0106624747843	-0.0763938997375	0.0381841602128	-0.00588121310993	0.0547894807778	-0.0257079267113	0.00461623023971	0.0231373893586	-0.0153275783057	0.021052389845	-0.0290164269405	-0.0222792829576	-0.025864569462
k__Bacteria;p__Bacteroidetes;c__Bacteroidia;o__Bacteroidales;f__Porphyromonadaceae;g__Barnesiella;s__Barnesiella_intestinihominis	0.0177259568372	0.0624395260477	0.0768453031968	0.000929441992461	-0.0743356297858	-0.0244564326558	0.0139446797878	-0.0271116511621	-0.00517995358086	-0.025100375089	-0.0163444841548	-0.0025525356366	-0.013965984605	0.0391618121542	-0.0330159044099	0.00456058798333	-0.0188499774158	-0.0264106722992	1.0	-0.0388803233664	-0.0236531323988	-0.0221184729725	0.0125286868491	-0.0355442446849	-0.0497037881363	-0.0359421509813	-0.00332292588639	0.00447108727659	-0.0420220464307	-0.00845587508873	-0.0305433302997	-0.0543447648435	-0.00654805135844	-0.0339419815633	-0.0296330553142	0.0197558705753	0.0269315655171	-0.0288853582052	0.0146593500017	0.047931125347	-0.0762117742503	-0.0392413144268	0.018187972916	-0.0210549696111	-0.0177669391733	0.0225133328765	0.0242648484889	0.0218695455836	-0.0490026462827	-0.0363000287827	-0.0504890130294	0.0324586554604	0.00351966294078	0.00318866477061	-0.0300976699985	-0.0130859155607	-0.00760790938196	-0.066151789565	0.0199671614729
k__Bacteria;p__Bacteroidetes;c__Bacteroidia;o__Bacteroidales;f__Odoribacteraceae;g__Odoribacter;s__Odoribacter_splanchnicus	0.0755246052882	-0.0347285991754	-0.00135639564006	0.078621685134	-0.0393536823845	0.0358860436035	-0.00413233319937	-0.0062767623165	-0.01720642211	0.014424443809	-0.0336540243663	0.0224135310864	0.00116178493692	0.0161222432557	-0.0491829511128	0.0298977780549	-0.0165581472607	0.0350924410404	-0.0388803233664	1.0	-0.0330593973233	-0.0337980474513	-0.0345854336337	-0.0582021693318	0.022600465082	-0.00201178705462	-0.0241349287306	0.00506416001747	0.0031062144254	-0.014405613826	-0.0211457364623	0.0042344331122	0.00823017307042	0.00497461751068	0.0241823658416	-0.082246814544	-0.0968951236047	0.0278801095268	0.00668189346197	-0.0801721224585	-0.0023041511553	0.00752694196382	-0.00627386930141	0.00834375091804	0.0212857807486	0.0414632374107	-0.0360146496882	-0.0716466765287	-0.0142268747353	0.00623664433729	0.0222569585587	0.00784779422694	0.00406897170608	-0.0243368669379	0.0373826744534	-0.0217811025303	-0.0127377013648	-0.0693221918877	0.0708834428571
k__Bacteria;p__Bacteroidetes;c__Bacteroidia;o__Bacteroidales;f__Bacteroidaceae;g__Bacteroides;s__Bacteroides_salyersiae	0.0440100735786	-0.0116427887284	-0.0116955814505	-0.0413797061093	-0.00417683612981	0.0173539459164	-0.00753346738644	-0.0386192073017	-0.0408778713999	-0.0408630216538	-0.011619794263	0.0272229937989	-0.044205209182	0.0364320021224	-0.0399830527814	0.0362575670105	0.00842016621853	-0.0286480463921	-0.0236531323988	-0.0330593973233	1.0	-0.00968615650147	0.0288331689282	0.082765123679	0.00552322921954	-0.00374470711205	0.0414982573184	-0.0220851568971	-0.00339078310339	-0.0236512472502	0.0226578462898	-0.00975858416685	0.0122065129409	0.0142832522422	-0.0252511588702	-0.0281933704019	-0.0888113879036	-0.0396487529125	0.0374738172291	0.0235860962257	0.0606606970725	-0.00214173561692	0.0234746079147	0.00471728746568	0.0783152628942	-0.0526855590679	-0.00442833361577	-0.00375184962378	-0.0192292122548	0.00220250543984	-0.00572931650805	-0.00914573775491	-0.0169373675751	-0.0338285350135	-0.0182477729665	-0.0359570684765	-0.0383598220017	-0.0478061489409	-0.0109385816722
k__Bacteria;p__Firmicutes;c__Clostridia;o__Clostridiales;f__Ruminococcaceae;g__Ruminiclostridium;s__[Eubacterium]_siraeum	-0.00503743536763	-0.0856911782884	-0.0138162949333	-0.0134623278654	0.0153273915674	0.000228483400673	-0.0522096734002	-0.0163514716381	-0.0461486586369	-0.0124943155994	0.00764608522965	-0.0502962433733	0.0283366345454	0.00905782191656	-0.0205979885815	-0.0173573233106	0.0083636055891	-0.0215064088694	-0.0221184729725	-0.0337980474513	-0.00968615650147	1.0	-0.00919340766537	-0.0460107931218	-0.0541323433443	-0.0711801254711	-0.0386680001591	-0.00286513065868	-0.022016975472	0.00352525360111	0.0317267743364	0.000632494762801	0.0576726496049	0.0493952403407	-0.0467352890101	0.0247559098818	-0.0184102566588	0.0188865125681	0.000416812827463	-0.0255066902337	0.0262233667696	0.0320886659824	-0.00103748076049	-0.0262593549469	0.00590434837819	0.0108972082832	0.00519945227076	-0.012838169398	-0.0262077625841	-0.0301550494015	0.0278250246841	0.0242165697732	-0.0438263587644	-0.0308245318356	0.0554673101905	0.00742027080012	0.0574673019281	-0.0343781487814	0.00793800735553
k__Bacteria;p__Proteobacteria;c__Betaproteobacteria;o__Burkholderiales;f__Sutterellaceae;g__Parasutterella;s__Parasutterella_excrementihominis	0.0422329845149	0.0356579326852	0.041694170769	-0.0299969635907	-0.0905338338407	-0.0178039516473	0.0384392842161	-0.0359173036773	0.051147598198	-0.0835443905235	-0.029822374175	-0.0128559717707	-0.00826220406136	-0.0357530935416	0.026895310372	-0.00922232219011	-0.0161222107868	0.00824367716532	0.0125286868491	-0.0345854336337	0.0288331689282	-0.00919340766537	1.0	-0.0683675147717	-0.00627834417714	-0.0293303821366	0.0776107665768	0.0213176832306	-0.0308383683873	0.024658943924	-0.00304063620838	-0.0191698564854	-0.0356448936204	0.023672926482	-0.0603782477134	-0.080701916115	-0.00922389707108	-0.00951586122815	-0.0345787041711	-0.00414276226726	0.0092526008241	-0.0428773710585	-0.0209461549837	-0.00646457742723	0.00528991498664	0.0302822875723	0.0196773098203	0.0568891350391	-0.0349355184767	-0.0212992839741	0.022061486885	-0.0344788482159	-0.00531832230663	0.0320057983147	-0.0155060398749	-0.0461854519663	0.0319414073108	0.0666132679562	-0.0421832247173
k__Bacteria;p__Actinobacteria;c__Actinobacteria;o__Bifidobacteriales;f__Bifidobacteriaceae;g__Bifidobacterium;s__Bifidobacterium_adolescentis	-0.0210697060056	-0.0223804973848	0.032763721264	-0.0635140381351	0.030810324453	-0.0616455413093	0.0127485581963	-0.0133657456577	-0.012005274217	-0.0511337661796	-0.0158410352805	-0.04595741575	0.0219167333155	-0.0659567273256	0.034103894562	0.0681404339238	-0.00344047394582	-0.00984454290308	-0.0355442446849	-0.0582021693318	0.082765123679	-0.0460107931218	-0.0683675147717	1.0	0.0119629843977	0.0203995105777	-0.0295493961341	-0.0329535591249	-0.0308978439055	-0.057490891658	-0.0402735328819	0.00331482406094	0.0351912724814	-0.00919738128796	0.0241915875657	-0.0422357895515	-0.0151436301031	-0.017187286239	0.0203304284254	-0.066447853896	0.0148860537076	0.0393718851709	-0.000587348053522	-0.00724097030666	0.0230541007184	0.0302009390131	-0.0244894372108	-0.0490752935211	-0.030063736811	0.017461260712	-0.0565890380756	0.0448964140071	-0.0328684834247	0.0668566777466	0.0271772000684	-0.0458304351153	0.00237539681449	0.080813556173	0.028650397587
k__Bacteria;p__Firmicutes;c__Clostridia;o__Clostridiales;f__Oscillospiraceae;g__Oscillibacter;s__Oscillibacter_sp._KLE_1745	0.0292640226706	-0.0260316280825	-0.00385866392093	0.00437225306518	-0.0493130540246	-0.029944380259	0.0603408075667	-0.017140009631	-1.06859410088e-05	0.0315768977246	-0.0429285310073	-0.0163158764375	-0.05351032672	0.031896059353	-0.00579480464745	-0.0650030096587	-0.00269334189727	0.0195127986571	-0.0497037881363	0.022600465082	0.00552322921954	-0.0541323433443	-0.00627834417714	0.0119629843977	1.0	0.0251482569431	0.0164175544445	-0.0244545104244	0.0224020484964	-0.0467591238134	0.0368297363284	0.0422190487829	-0.0105834393031	-0.019719830135	-0.00448418418927	-0.00972593182745	-0.0159033098937	0.0452629875445	-0.0434298554239	0.0136735895219	-0.0427343312442	0.00216326959058	0.069019102977	0.0203865063737	-0.0456657192553	-0.0319497194712	-0.0218619261378	-0.00715361451725	0.0273274335189	0.0108360807337	0.00320117334341	0.0328002848377	-0.00886374640089	-0.0738357375888	-0.0204603936882	0.0282235446306	-0.0289956687255	-0.0101480670122	-0.010229993246
k__Bacteria;p__Bacteroidetes;c__Bacteroidia;o__Bacteroidales;f__Bacteroidaceae;g__Bacteroides;s__Bacteroides_coprophilus	-0.058578446203	0.0123197780373	0.024250339705	-0.0396400655068	0.0040185855104	0.0307306543242	-0.0471894131549	0.00901680296583	-0.00886530907281	-0.0809801967347	-0.00261609329276	0.0551596517366	0.0287329278752	0.0523498761725	-0.0154959188855	-0.00185350095736	-0.0637364014225	-0.0159769178848	-0.0359421509813	-0.00201178705462	-0.00374470711205	-0.0711801254711	-0.0293303821366	0.0203995105777	0.0251482569431	1.0	-0.00417637030439	-0.0193538495194	-0.000316970608717	0.0267381851251	0.00179006279544	0.0128710953766	0.000613954003112	0.0268585312486	-0.0171573544597	0.000167983981216	-0.0202112135819	-0.00861114862092	0.042634921902	0.00570129320204	-0.0136786495628	0.0238875278129	0.0187756896219	-0.00855961529157	-0.0598123921703	-0.0118197970409	0.014149123276	-0.0503463654785	0.0150961738838	-0.0329670059431	0.000704579571849	-0.0160141208358	-0.038565133403	-0.016501032396	0.0314547826181	-0.00674815411946	-0.047812632429	0.0596586161727	-0.0857186921555
k__Bacteria;p__Firmicutes;c__Clostridia;o__Clostridiales;f__Lachnospiraceae;g__Roseburia;s__Roseburia_intestinalis	0.00364537814718	0.00871378977418	0.0187722799288	-0.0128661535439	-0.0405705873804	-0.0645462851867	-0.0529725080654	-0.00491179429288	0.0295732277113	-0.0450205714309	-0.0182047357339	-0.0214236801188	0.0353542052194	0.011047203177	0.0717134391118	0.00231649639309	-0.0140766436599	0.0184020950729	-0.00332292588639	-0.0241349287306	0.0414982573184	-0.0386680001591	0.0776107665768	-0.0295493961341	0.0164175544445	-0.00417637030439	1.0	0.0550229842243	-0.00723354886361	-0.0408588878372	0.0591618964747	-0.0115769484113	-0.0244498141754	0.0234458272892	0.0160864526247	-0.0224250161032	-0.0453620228763	-0.01008535399	-0.0246366149805	-0.0395854621998	0.0317131333927	-0.07919905712	0.00160998268105	-0.00902274330616	0.00565787954134	-0.0522445027077	0.00338731968732	0.0071751894664	0.0436471324634	0.00686260406555	-0.00916107993168	0.0280352321991	-0.034220542986	-0.0639172945442	0.0195968893516	-0.00280000302216	0.0150706129885	0.0068413009426	-0.0418078319803
k__Bacteria;p__Firmicutes;c__Clostridia;o__Clostridiales;f__Lachnospiraceae;g__Roseburia;s__Roseburia_hominis	-0.0356897404072	-0.0612206206619	0.0113054451931	-0.0250826933133	0.0262640997567	0.0149946401697	-0.00481444149388	0.0277677074832	-0.0212184985319	0.0147667383208	-0.0713047545699	-0.0413376127243	0.100468874937	-0.0188346158871	-0.00454879041642	-0.0421760626338	0.0276461958081	-0.0435017156536	0.00447108727659	0.00506416001747	-0.0220851568971	-0.00286513065868	0.0213176832306	-0.0329535591249	-0.0244545104244	-0.0193538495194	0.0550229842243	1.0	0.011708153907	0.0288539604748	0.06588718582	0.0107958864081	0.0708927159063	-0.0151374273958	0.0364211279228	0.0558474798511	0.0455539896457	0.0164060638929	0.00584664450894	-0.000999613237866	-0.116973158581	-0.051476132913	-0.0139973572176	-0.00653970467203	-0.0661101632445	0.0737817173132	-0.0534670497005	-0.0834824513407	-0.054938715319	-0.0645850714909	0.00484884844113	0.0116932543765	0.0193289255525	-0.031098859463	-0.0202902476677	-0.0518687649706	-0.0213550612467	-0.0264357393053	-0.0251033091481
k__Bacteria;p__Bacteroidetes;c__Bacteroidia;o__Bacteroidales;f__Porphyromonadaceae;g__Parabacteroides;s__Parabacteroides_johnsonii	0.0241478397138	-0.0351991053564	0.0139185394878	-0.0490771478414	0.0174303119971	-0.020064187245	0.0540820364076	-0.00471107366421	0.0358911004	0.0323585524148	-0.0392849741068	-0.00616051116886	-0.0829082374193	-0.016629475988	0.00470556582435	0.0351936406101	-0.0369080653564	0.0332931285035	-0.0420220464307	0.0031062144254	-0.00339078310339	-0.022016975472	-0.0308383683873	-0.0308978439055	0.0224020484964	-0.000316970608717	-0.00723354886361	0.011708153907	1.0	-0.016021677916	-0.0645417874498	-0.0704896844562	-0.0207230607542	0.00723667816629	-0.0653627129173	0.0375367502647	0.0234330434263	0.000818307117845	-0.0187317690137	0.00222941378765	0.00227996135367	0.00573446635895	-0.0688011143479	0.000461809746318	-0.114921364976	0.0234752757224	-0.00721121153133	0.00247222607102	-0.0132844224578	0.0196209128701	-0.0286875503825	0.00075612782592	-0.0157558070745	0.0408049214842	-0.0114082239505	-0.0657428702803	-0.0468510626437	0.0247437394965	-5.6749356707e-05
k__Bacteria;p__Actinobacteria;c__Actinobacteria;o__Bifidobacteriales;f__Bifidobacteriaceae;g__Bifidobacterium;s__Bifidobacterium_longum	0.0495983869541	-0.0328105536683	-0.0230983918912	-0.0204277986544	-0.016733028208	-0.0536713784791	0.023903040411	0.00896168391784	-0.0342013962925	-0.031548858998	-0.00512872779433	0.0315331182477	0.0317075615545	0.0493970873132	-0.037682504871	-0.0410023021059	0.0042489738865	0.0487339861413	-0.00845587508873	-0.014405613826	-0.0236512472502	0.00352525360111	0.024658943924	-0.057490891658	-0.0467591238134	0.0267381851251	-0.0408588878372	0.0288539604748	-0.016021677916	1.0	0.0106622791221	-0.0249816475514	-0.0246085098407	0.0169678935848	0.0064816844224	-0.00476822721941	-0.000803352336571	-0.048931825423	0.0101281008361	0.0026763087948	0.0307574804479	-0.00132053718011	-0.0566008916764	-0.0472299443272	0.0103362914587	0.0154459532956	0.049035694257	0.0519342348741	0.0142172106705	-0.0102024689075	-0.00621623294819	-0.054652042046	-0.0200911507025	-0.080021574088	-0.000733618706168	0.0309902462063	0.00932419503581	0.00968516671967	-0.045707137866
