#taxonomy	k__Bacteria;p__Bacteroidetes;c__Bacteroidia;o__Bacteroidales;f__Bacteroidaceae;g__Bacteroides;s__Bacteroides_vulgatus	k__Bacteria;p__Bacteroidetes;c__Bacteroidia;o__Bacteroidales;f__Bacteroidaceae;g__Bacteroides;s__Bacteroides_uniformis	k__Bacteria;p__Bacteroidetes;c__Bacteroidia;o__Bacteroidales;f__Rikenellaceae;g__Alistipes;s__Alistipes_putredinis	k__Bacteria;p__Bacteroidetes;c__Bacteroidia;o__Bacteroidales;f__Prevotellaceae;g__Prevotella;s__Prevotella_copri	k__Bacteria;p__Bacteroidetes;c__Bacteroidia;o__Bacteroidales;f__Bacteroidaceae;g__Bacteroides;s__Bacteroides_stercoris	k__Bacteria;p__Bacteroidetes;c__Bacteroidia;o__Bacteroidales;f__Bacteroidaceae;g__Bacteroides;s__Bacteroides_ovatus	k__Bacteria;p__Bacteroidetes;c__Bacteroidia;o__Bacteroidales;f__Rikenellaceae;g__Alistipes;s__Alistipes_shahii	k__Bacteria;p__Firmicutes;c__Clostridia;o__Clostridiales;f__Ruminococcaceae;g__Faecalibacterium;s__Faecalibacterium_prausnitzii	k__Bacteria;p__Bacteroidetes;c__Bacteroidia;o__Bacteroidales;f__Rikenellaceae;g__Alistipes;s__Alistipes_finegoldii	k__Bacteria;p__Bacteroidetes;c__Bacteroidia;o__Bacteroidales;f__Porphyromonadaceae;g__Parabacteroides;s__Parabacteroides_distasonis	k__Bacteria;p__Bacteroidetes;c__Bacteroidia;o__Bacteroidales;f__Bacteroidaceae;g__Bacteroides;s__Bacteroides_thetaiotaomicron	k__Bacteria;p__Bacteroidetes;c__Bacteroidia;o__Bacteroidales;f__Bacteroidaceae;g__Bacteroides;s__Bacteroides_coprocola	k__Bacteria;p__Bacteroidetes;c__Bacteroidia;o__Bacteroidales;f__Bacteroidaceae;g__Bacteroides;s__Bacteroides_cellulosilyticus	k__Bacteria;p__Bacteroidetes;c__Bacteroidia;o__Bacteroidales;f__Rikenellaceae;g__Alistipes;s__Alistipes_obesi	k__Bacteria;p__Firmicutes;c__Clostridia;o__Clostridiales;f__Lachnospiraceae;g__;s__[Eubacterium]_rectale	k__Bacteria;p__Bacteroidetes;c__Bacteroidia;o__Bacteroidales;f__Bacteroidaceae;g__Bacteroides;s__Bacteroides_plebeius	k__Bacteria;p__Bacteroidetes;c__Bacteroidia;o__Bacteroidales;f__Bacteroidaceae;g__Bacteroides;s__Bacteroides_fragilis	k__Bacteria;p__Proteobacteria;c__Betaproteobacteria;o__Burkholderiales;f__Sutterellaceae;g__Sutterella;s__Sutterella_wadsworthensis	k__Bacteria;p__Bacteroidetes;c__Bacteroidia;o__Bacteroidales;f__Porphyromonadaceae;g__Barnesiella;s__Barnesiella_intestinihominis	k__Bacteria;p__Bacteroidetes;c__Bacteroidia;o__Bacteroidales;f__Odoribacteraceae;g__Odoribacter;s__Odoribacter_splanchnicus	k__Bacteria;p__Bacteroidetes;c__Bacteroidia;o__Bacteroidales;f__Bacteroidaceae;g__Bacteroides;s__Bacteroides_salyersiae	k__Bacteria;p__Firmicutes;c__Clostridia;o__Clostridiales;f__Ruminococcaceae;g__Ruminiclostridium;s__[Eubacterium]_siraeum	k__Bacteria;p__Proteobacteria;c__Betaproteobacteria;o__Burkholderiales;f__Sutterellaceae;g__Parasutterella;s__Parasutterella_excrementihominis	k__Bacteria;p__Actinobacteria;c__Actinobacteria;o__Bifidobacteriales;f__Bifidobacteriaceae;g__Bifidobacterium;s__Bifidobacterium_adolescentis	k__Bacteria;p__Firmicutes;c__Clostridia;o__Clostridiales;f__Oscillospiraceae;g__Oscillibacter;s__Oscillibacter_sp._KLE_1745	k__Bacteria;p__Bacteroidetes;c__Bacteroidia;o__Bacteroidales;f__Bacteroidaceae;g__Bacteroides;s__Bacteroides_coprophilus	k__Bacteria;p__Firmicutes;c__Clostridia;o__Clostridiales;f__Lachnospiraceae;g__Roseburia;s__Roseburia_intestinalis	k__Bacteria;p__Firmicutes;c__Clostridia;o__Clostridiales;f__Lachnospiraceae;g__Roseburia;s__Roseburia_hominis	k__Bacteria;p__Bacteroidetes;c__Bacteroidia;o__Bacteroidales;f__Porphyromonadaceae;g__Parabacteroides;s__Parabacteroides_johnsonii	k__Bacteria;p__Actinobacteria;c__Actinobacteria;o__Bifidobacteriales;f__Bifidobacteriaceae;g__Bifidobacterium;s__Bifidobacterium_longum	k__Bacteria;p__Firmicutes;c__Clostridia;o__Clostridiales;f__;g__Flavonifractor;s__Flavonifractor_plautii	k__Bacteria;p__Firmicutes;c__Clostridia;o__Clostridiales;f__Clostridiaceae;g__Clostridium;s__Clostridium_phoceensis	k__Bacteria;p__Verrucomicrobia;c__Verrucomicrobiae;o__Verrucomicrobiales;f__Akkermansiaceae;g__Akkermansia;s__Akkermansia_muciniphila	k__Bacteria;p__Bacteroidetes;c__Bacteroidia;o__Bacteroidales;f__Prevotellaceae;g__Paraprevotella;s__Paraprevotella_xylaniphila	k__Bacteria;p__Firmicutes;c__Clostridia;o__Clostridiales;f__Ruminococcaceae;g__Ruminococcus;s__Ruminococcus_callidus	k__Bacteria;p__Bacteroidetes;c__Bacteroidia;o__Bacteroidales;f__Rikenellaceae;g__Alistipes;s__Alistipes_senegalensis	k__Bacteria;p__Firmicutes;c__Clostridia;o__Clostridiales;f__Lachnospiraceae;g__Blautia;s__Blautia_sp._KLE_1732	k__Bacteria;p__Bacteroidetes;c__Bacteroidia;o__Bacteroidales;f__Bacteroidaceae;g__Bacteroides;s__Bacteroides_oleiciplenus	k__Bacteria;p__Firmicutes;c__Clostridia;o__Clostridiales;f__Ruminococcaceae;g__Ruminococcus;s__Ruminococcus_bicirculans	k__Bacteria;p__Bacteroidetes;c__Bacteroidia;o__Bacteroidales;f__Bacteroidaceae;g__Bacteroides;s__Bacteroides_fluxus	k__Bacteria;p__Bacteroidetes;c__Bacteroidia;o__Bacteroidales;f__Prevotellaceae;g__Prevotella;s__Prevotella_stercorea	k__Bacteria;p__Firmicutes;c__Clostridia;o__Clostridiales;f__Lachnospiraceae;g__Dorea;s__Dorea_longicatena	k__Bacteria;p__Firmicutes;c__Clostridia;o__Clostridiales;f__Eubacteriaceae;g__Eubacterium;s__[Eubacterium]_eligens	k__Bacteria;p__Firmicutes;c__Clostridia;o__Clostridiales;f__Ruminococcaceae;g__;s__Ruminococcaceae_bacterium_D16	k__Bacteria;p__Firmicutes;c__Clostridia;o__Clostridiales;f__Lachnospiraceae;g__Coprococcus;s__Coprococcus_comes	k__Bacteria;p__Proteobacteria;c__Gammaproteobacteria;o__Enterobacterales;f__Enterobacteriaceae;g__Escherichia;s__Escherichia_coli	k__Bacteria;p__Firmicutes;c__Clostridia;o__Clostridiales;f__Ruminococcaceae;g__Anaerotruncus;s__Anaerotruncus_colihominis	k__Bacteria;p__Firmicutes;c__Clostridia;o__Clostridiales;f__Lachnospiraceae;g__Blautia;s__Blautia_obeum	k__Bacteria;p__Bacteroidetes;c__Bacteroidia;o__Bacteroidales;f__Odoribacteraceae;g__Odoribacter;s__Odoribacter_laneus	k__Bacteria;p__Firmicutes;c__Clostridia;o__Clostridiales;f__Ruminococcaceae;g__Ruminiclostridium;s__[Clostridium]_leptum	k__Bacteria;p__Bacteroidetes;c__Bacteroidia;o__Bacteroidales;f__Porphyromonadaceae;g__Parabacteroides;s__Parabacteroides_goldsteinii	k__Bacteria;p__Firmicutes;c__Clostridia;o__Clostridiales;f__Lachnospiraceae;g__Anaerostipes;s__Anaerostipes_hadrus	k__Bacteria;p__Firmicutes;c__Clostridia;o__Clostridiales;f__Ruminococcaceae;g__Ruminococcus;s__Ruminococcus_lactaris	k__Bacteria;p__Firmicutes;c__Clostridia;o__Clostridiales;f__Clostridiaceae;g__Clostridium;s__Clostridium_sp._L2-50	k__Bacteria;p__Firmicutes;c__Clostridia;o__Clostridiales;f__Clostridiaceae;g__Clostridium;s__Clostridium_sp._M62/1	k__Bacteria;p__Firmicutes;c__Clostridia;o__Clostridiales;f__;g__Intestinimonas;s__Intestinimonas_butyriciproducens	k__Bacteria;p__Actinobacteria;c__Actinobacteria;o__Bifidobacteriales;f__Bifidobacteriaceae;g__Bifidobacterium;s__Bifidobacterium_bifidum	k__Bacteria;p__Firmicutes;c__Negativicutes;o__Veillonellales;f__Veillonellaceae;g__Dialister;s__Dialister_invisus	k__Bacteria;p__Bacteroidetes;c__Bacteroidia;o__Bacteroidales;f__Bacteroidaceae;g__Bacteroides;s__Bacteroides_salanitronis
k__Bacteria;p__Bacteroidetes;c__Bacteroidia;o__Bacteroidales;f__Bacteroidaceae;g__Bacteroides;s__Bacteroides_vulgatus	1.0	-0.0716745951201	-0.00490530915234	0.00719063551661	0.0254821969731	-0.0875075265932	-0.00973144488509	-0.0542344388204	-0.0216677962862	-0.170155338306	-0.000155903919497	0.0266997459554	-0.0253411618726	-0.044866282644	-0.0229753649319	-0.0136587436664	0.00890132641662	0.0355912202481	0.0147170263616	0.0520706290948	0.0706510167214	0.056750836221	-0.102312117746	0.0475977287176	-0.00802688628027	-0.0762768632799	-0.0491190359426	0.00350859068349	0.0153521709548	-0.00877871354968	-0.00836838035641	-0.106215652716	-0.0179191988801	-0.00903184406582	-0.0445869624871	0.0234168503461	-0.0374257530041	0.0158299772638	0.014297671658	-0.0425170026868	0.0121127335462	-0.0411784185387	-0.0222273089831	-0.00184878176006	-0.00439635245278	0.0382004108124	-0.00695914060315	-0.00390346573395	0.00597145511724	-0.024152168724	-0.00531841363699	-0.0355109427212	0.00298998679687	0.11708003558	-0.0381809595354	-0.0303344713203	-0.0159909883462	-0.0454018266243	-0.0134448842226
k__Bacteria;p__Bacteroidetes;c__Bacteroidia;o__Bacteroidales;f__Bacteroidaceae;g__Bacteroides;s__Bacteroides_uniformis	-0.0716745951201	1.0	-0.0033095955632	-0.00214491252154	-0.0363764657666	0.00604950872357	-0.00136020902069	0.00102844261355	0.0532491990981	0.00294847379995	0.043419567544	0.00426611013835	0.0480322503897	-0.0281759134515	0.0375179564259	-0.034549689376	-0.0423542857078	0.00950211250568	-0.010883098623	-0.0702321134479	-0.0564027125768	0.00331507078801	-0.0306049407682	-0.00302641650174	-0.000413072408359	-0.000697400858406	0.0211542593105	-0.0158682048614	0.0449157327484	0.0196499872707	0.0189805512626	-0.0162893044239	0.00330713466899	-0.0279158840562	0.0214119077941	-0.0126747168219	-0.00849779513345	-0.00143994904234	0.0368329194549	-0.00265045633676	0.012024046605	-0.0386825496434	-0.0722220901196	0.00403994432203	-0.0205695422268	-0.003882488567	-0.0645028805577	-0.0314490270671	0.0566321310983	0.0306616584751	-0.00774051377084	-0.0319687862221	-0.0229014930666	0.0463719100129	0.0145794492493	0.00588466997089	-0.0266826392037	0.0145996465888	-0.0293072559836
k__Bacteria;p__Bacteroidetes;c__Bacteroidia;o__Bacteroidales;f__Rikenellaceae;g__Alistipes;s__Alistipes_putredinis	-0.00490530915234	-0.0033095955632	1.0	0.0155655763189	-0.00661717718969	0.00573731783765	-0.0393590693971	-0.00821180394494	0.00697512966946	-0.0156913262929	-0.0763433760716	-0.03424703622	-0.0559377743967	-0.0581287086502	0.0159825402109	-0.0273270238407	0.0432465243981	-0.0242422547272	0.00411543027255	0.0041632182402	-0.0259795847083	0.00541557553191	-0.0318682846547	-0.00806064088581	0.0273383816748	0.0345960006865	-0.00306715833645	-0.0207555194383	0.00139760475105	0.00995808792942	-0.00890893976594	-0.0278013255068	-0.0298202654404	-0.0528835182049	-0.0479977359817	0.0239582817267	0.0163987488579	-0.0116416185962	0.00514228414624	0.0398870210705	-0.0674659694642	0.00361709751176	-0.0650304373621	0.0148333121004	0.0110349447458	0.00647977993108	-0.00516574757124	-0.0275372128865	-0.00261074060405	0.00849223545594	0.000607098036945	-0.0753750347932	-0.00187673356407	0.0526054035687	0.0187565415912	-0.0736319844431	0.0406641402442	0.00513257234455	-0.0231420118694
k__Bacteria;p__Bacteroidetes;c__Bacteroidia;o__Bacteroidales;f__Prevotellaceae;g__Prevotella;s__Prevotella_copri	0.00719063551661	-0.00214491252154	0.0155655763189	1.0	-0.0051023062207	0.0120876122058	-0.00711833250086	-0.0549305463231	0.00934542118243	0.0199171097698	-7.45779485872e-05	-0.0116749320917	-0.0557064516623	-2.29228032992e-05	0.0194175126132	0.00668100063111	-0.0277706563316	0.0243891831272	0.0332244203233	0.00543361947796	-0.00915208961384	-0.00990395595229	-0.00521266638294	-0.0253909978336	-0.0667342815451	-0.00349497083614	0.0322335176866	-0.0598943647994	-0.0160303570889	-0.0600530031804	-0.0296888338346	-0.0172670499775	0.0134345027851	-0.0288943181382	0.000981330714148	0.0253340915297	-0.00856704135026	0.00918137051441	0.0238201347378	0.0457122280507	-0.0579757451018	0.00859068732506	0.00755336579112	0.00208552630714	-0.0113074260792	-0.00494627885463	-0.0160323690779	-0.0774472093207	-0.0446328523905	0.0149153872156	0.0608507984739	-0.00203967545987	-0.0289817902504	-0.0175486650846	-0.0641655942456	0.00377157276949	-0.0426331296366	0.00729790519105	-0.0251624392294
k__Bacteria;p__Bacteroidetes;c__Bacteroidia;o__Bacteroidales;f__Bacteroidaceae;g__Bacteroides;s__Bacteroides_stercoris	0.0254821969731	-0.0363764657666	-0.00661717718969	-0.0051023062207	1.0	-0.0218099988892	-0.0205658956709	-0.00337437105339	-0.0316072626325	-0.0151166573746	-0.0463388827245	0.0445593904344	0.0235470884764	-0.0310356336848	-0.0461124218109	-0.0483783207988	0.00571596335129	-0.0249466220518	0.0411064080102	-0.0153066362715	-0.00591457396085	-0.0607094970371	-0.0553790157032	0.0219699633041	0.00969577832003	-0.010615982091	-0.0499145265615	0.00735976334121	-0.00361798798984	-0.0292572048428	-0.00210932176667	-0.00257341384326	-0.0401285414274	0.046487165378	-0.0191871062943	0.0212318930631	0.00996352118414	0.0266529015993	-0.0176165384369	-0.0139675361145	-0.0399705694093	-0.0319235100178	-0.0364901380676	-0.00469672005588	0.0240962444448	0.0144864351218	0.0142462673305	0.0533553562508	0.0289025057682	-0.0249284478272	-0.0558602030588	0.024600665692	0.060992346866	0.0313635982696	-0.0492914990133	0.0501505087863	-0.0334880643507	-0.0372101028679	-0.0344588932627
k__Bacteria;p__Bacteroidetes;c__Bacteroidia;o__Bacteroidales;f__Bacteroidaceae;g__Bacteroides;s__Bacteroides_ovatus	-0.0875075265932	0.00604950872357	0.00573731783765	0.0120876122058	-0.0218099988892	1.0	0.00734011301509	-0.024406944564	-0.0651469417161	0.031727926538	-0.0131044719025	-0.0615045651183	0.00719239443994	-0.0264756448207	-0.0362912018064	-0.0182028956846	-0.0232999597016	0.0042290753692	0.0161446406689	-0.0508771641469	-0.0138607736496	0.0417876857958	0.0620647625414	-0.0300160512556	0.0134207597785	-0.0420259607162	0.0246451441377	-0.00204803679692	-0.0168793144689	0.0493341352571	-0.0246974830178	-0.0337173283885	0.0110949442628	-0.0124925344758	-0.0141325327036	-0.0239384506257	-0.000136581347253	0.0230282392237	-0.0688333622007	-0.0024500332462	-0.00042193709887	0.0157505517347	-0.0164959560404	-0.0350411841414	0.00103291017197	0.059279094832	0.0217022160101	0.00800820768367	-0.00530900070206	-0.0754703990445	0.0824386686501	-0.0439298632868	0.0144428655596	-0.00228938530358	-0.0234092197236	0.0440823266188	0.0427396261196	-0.03412165056	-0.00484274621052
k__Bacteria;p__Bacteroidetes;c__Bacteroidia;o__Bacteroidales;f__Rikenellaceae;g__Alistipes;s__Alistipes_shahii	-0.00973144488509	-0.00136020902069	-0.0393590693971	-0.00711833250086	-0.0205658956709	0.00734011301509	1.0	-0.0164652520811	0.02313742884	-0.0104204563738	-0.00787715909327	-0.0740966922356	0.0306997723656	-0.0313593035679	-0.00534706996161	-0.00371655388284	-0.0639392655587	0.00106263753695	-0.0219458301006	0.0393753744066	0.000885531093304	0.0333716244477	0.0578587193926	-0.0865504380777	-0.0729335489091	-0.0394419723859	0.0216454210871	-0.0808230250842	0.0218587162916	-0.0598167629631	0.0345366600321	-0.0511976326569	-9.12074925736e-05	0.0520394834047	0.00553709525707	0.0327572742821	-0.00208959987455	0.00354000298853	-0.019651789804	-0.0339706423665	-0.0452202057105	0.0294371019405	-0.0212154574123	0.00907539273497	-0.0325434805621	-0.00271763666185	0.0286388555105	-0.0423540650868	-0.0237814459359	-0.0483095293788	-0.0135922375799	0.0354567845385	-0.0429233037111	-0.0278328895599	0.0259252716558	-0.0376338701702	0.0205098563822	-0.0620379487442	0.021798213632
k__Bacteria;p__Firmicutes;c__Clostridia;o__Clostridiales;f__Ruminococcaceae;g__Faecalibacterium;s__Faecalibacterium_prausnitzii	-0.0542344388204	0.00102844261355	-0.00821180394494	-0.0549305463231	-0.00337437105339	-0.024406944564	-0.0164652520811	1.0	-0.0466063344722	-0.00456019103129	-0.00324983333994	-0.0302634529021	0.000104886927931	0.0192464668078	-0.0204714658577	-0.00442799619751	0.0390476146066	0.012218190136	0.0238969548602	-0.0145494592585	-0.0439628390006	-0.0482677879998	-0.0218944531049	-0.085878919182	0.0897535770344	0.00649395487517	0.0356285174024	-0.0371401932565	-0.0413075985361	-0.013985865462	-0.00843465261928	0.00839295678883	-0.0238580252179	-0.0113733276335	-0.0383382787699	-0.0465954062778	-0.0442960037066	0.00191138377136	-0.0443296729431	0.003853248282	0.0452135433143	0.0125975094647	-0.0499585998888	0.0239256558956	-0.0630977730338	0.0353065441353	-0.000107146355755	-0.0103138229137	0.00336010521944	0.0525297179755	-0.00294560362102	0.0243628750867	0.0305420560041	0.0707034226111	-0.0209129260861	-0.022729617212	0.0267518016148	-0.0389662012481	-0.00326294013568
k__Bacteria;p__Bacteroidetes;c__Bacteroidia;o__Bacteroidales;f__Rikenellaceae;g__Alistipes;s__Alistipes_finegoldii	-0.0216677962862	0.0532491990981	0.00697512966946	0.00934542118243	-0.0316072626325	-0.0651469417161	0.02313742884	-0.0466063344722	1.0	-0.0411874679353	-0.0132787128854	0.0134386962131	-0.0293552189709	-0.0347471966588	0.0294573519888	0.0176883996442	0.0223065645168	-0.0732272612295	-0.1133181432	-0.0250805997644	-0.0543799173093	0.0183147867529	0.018673431935	-0.0404016580498	-0.0336006875363	0.0150733093487	-0.0475664578495	0.0148620216347	0.0140332926449	0.0102016255393	0.00902017649529	-0.0418004158348	0.00189651470241	-0.0188711034689	-0.0243525670077	-0.00566363808388	-0.00975781751622	0.0597031439108	-0.0357193162133	-0.00901416468482	0.0436107147802	-0.0702158911781	0.0330645623689	-0.0149229646937	0.0253956629705	0.048235472337	-0.0203116152649	0.00109677600808	-0.00701430026764	-0.0219689278674	-0.0024225792094	0.0233050433025	-0.0226993738044	0.0378747711542	0.00267333904422	-0.00991834026198	-0.0605880259705	-0.0302643469221	-0.0231414901813
k__Bacteria;p__Bacteroidetes;c__Bacteroidia;o__Bacteroidales;f__Porphyromonadaceae;g__Parabacteroides;s__Parabacteroides_distasonis	-0.170155338306	0.00294847379995	-0.0156913262929	0.0199171097698	-0.0151166573746	0.031727926538	-0.0104204563738	-0.00456019103129	-0.0411874679353	1.0	-0.0166368851903	0.00699301097316	0.00756814070845	-0.0131296966037	-0.0326944517866	-0.0507083107081	0.04992563575	0.00489375073718	0.0565421229077	0.101766590958	-0.0336170127646	-0.0544885404343	-0.0485636305952	-0.0644082543719	0.0166955599848	0.0291648514553	-0.00502324248236	0.0475524051707	0.023175517449	0.0358815816368	-0.0114116803525	0.0274333984901	-0.0353951593075	0.0171679345898	-0.0397720713514	0.00642715363549	0.0197392237246	-0.0357470524253	0.0253584231736	-0.00893243395046	-0.0234710028439	-0.00476795005841	0.00871842545196	-0.074441803603	-0.0370125051439	-0.00443827911325	-0.00133380225984	-0.0369158291386	0.0205976119265	0.0580329243987	0.0433996048242	-0.00956918575347	-0.0219098097885	-0.0203861395203	-0.0317864191698	0.00465863981238	0.00787684653923	-0.0150369187948	0.0324796858604
k__Bacteria;p__Bacteroidetes;c__Bacteroidia;o__Bacteroidales;f__Bacteroidaceae;g__Bacteroides;s__Bacteroides_thetaiotaomicron	-0.000155903919497	0.043419567544	-0.0763433760716	-7.45779485872e-05	-0.0463388827245	-0.0131044719025	-0.00787715909327	-0.00324983333994	-0.0132787128854	-0.0166368851903	1.0	0.0412691808204	0.00848595512613	-0.0138161192449	-0.062713645436	-0.0626242518656	0.0205207188598	0.00839255026692	0.0436079310374	-0.0141956324005	0.00967413019609	0.0211819068655	-0.0101292405636	-0.0124277088552	-0.0501298726354	-0.0311858339754	-0.0224818969848	-0.00808617396845	0.0371456327817	-0.0388272599654	0.0268433553009	0.00101843511342	0.0271205005112	-0.0364001493771	-0.059963245615	0.0410355793491	0.0559560385562	-0.0283920544447	0.00435696928827	0.0171339233161	-0.0319576413727	0.0138462278731	0.0197231190496	-0.0650013783162	0.0366660356346	-0.0598425550089	-0.000584111415178	-0.0458846830235	-0.011029714322	-0.019437005343	0.039821229205	-0.0311760947568	0.0793703081404	-0.0302341997689	0.00622962805627	-0.0525891039207	0.0243317389094	-0.00292202000326	0.0507204776803
k__Bacteria;p__Bacteroidetes;c__Bacteroidia;o__Bacteroidales;f__Bacteroidaceae;g__Bacteroides;s__Bacteroides_coprocola	0.0266997459554	0.00426611013835	-0.03424703622	-0.0116749320917	0.0445593904344	-0.0615045651183	-0.0740966922356	-0.0302634529021	0.0134386962131	0.00699301097316	0.0412691808204	1.0	-0.0160626931469	-0.0412905113802	-0.0466353126865	-0.0390649052522	0.0340348951855	-0.0540818010863	0.0123137952307	-0.0316198567143	-7.75561538409e-05	-0.00527346979016	0.0131915679954	0.01283786229	-0.0138692253883	-0.0141985566089	-0.0317841473142	-0.00365869052542	0.0116558290366	0.114800350983	0.0614627676155	0.0460657438209	-0.0253028539299	-0.0361169013154	-0.0288410457658	0.0349710826403	0.022822738774	-0.0348297568803	-0.0426937848495	-0.0336850866242	-0.0224052501749	-0.00422788344031	0.0224105397046	0.0285143991257	-0.0448303489991	0.0384377054353	-0.00151919147483	0.00601349812005	-0.00566829001608	0.00931337857261	0.000422122161665	-0.0416851513601	0.0360401263912	0.0287765821837	-0.0558269120492	0.00862386951302	-0.0516736855942	-0.0382090023072	0.0369232740384
k__Bacteria;p__Bacteroidetes;c__Bacteroidia;o__Bacteroidales;f__Bacteroidaceae;g__Bacteroides;s__Bacteroides_cellulosilyticus	-0.0253411618726	0.0480322503897	-0.0559377743967	-0.0557064516623	0.0235470884764	0.00719239443994	0.0306997723656	0.000104886927931	-0.0293552189709	0.00756814070845	0.00848595512613	-0.0160626931469	1.0	-0.0287272743279	-0.0315592640336	-0.0620245779319	-0.0621018823041	-0.0613755277757	0.0209117066785	-0.0358969488361	0.0339879608331	-0.0414082402311	-0.00735182361696	8.35887302229e-05	0.0745491080922	-0.0708055429794	-0.0330776436965	-0.035183419601	0.0318465671776	-0.0400981837892	0.066933477635	-0.0247131860086	0.00438050504556	-0.0014056072726	0.0209567507869	-0.0220100973439	0.0274339979996	-0.0103951619222	0.00127439450654	0.0305134750596	-0.0230629731982	-0.0528616396353	0.0109215487014	-0.0034809352607	-0.0711014968434	0.00919292778791	-0.0525590206528	-0.00730756741008	0.0218595506859	-0.00346463980381	-0.00946564161236	-0.0210519122936	0.00993034831007	0.0855332708115	0.0301260686995	0.00551592255101	0.0109020899793	-0.00353590451875	-0.0597126005726
k__Bacteria;p__Bacteroidetes;c__Bacteroidia;o__Bacteroidales;f__Rikenellaceae;g__Alistipes;s__Alistipes_obesi	-0.044866282644	-0.0281759134515	-0.0581287086502	-2.29228032992e-05	-0.0310356336848	-0.0264756448207	-0.0313593035679	0.0192464668078	-0.0347471966588	-0.0131296966037	-0.0138161192449	-0.0412905113802	-0.0287272743279	1.0	-0.0141741990852	-0.0326820060209	-0.0803172911596	0.0101803551402	-0.00541536885272	-0.0203652505841	-0.0380312542777	-0.0103465088469	0.0232451471047	-0.0311042168968	-0.0824347708503	-0.0370145611217	-0.042730394161	0.0104891556194	-0.0283749409604	0.020838799853	-0.0455177094481	-0.0263662145575	-0.0182613827865	0.0250060946985	-0.0056958787584	0.0240621520238	0.0314890435311	-0.0402161542166	0.0208667906514	-0.00580850885775	-0.0464777802922	-0.0385588000797	-0.0053727372018	-0.00483854030747	0.0206366000012	0.00532440970941	0.00684974010139	-0.0230586928399	-0.00597217241446	-0.0269277188339	-0.0506524845798	-0.040857620703	0.0540335983244	-0.0923002360293	0.027036745174	-0.00523168085991	0.00536596365519	-0.0706129619927	-0.0298255683546
k__Bacteria;p__Firmicutes;c__Clostridia;o__Clostridiales;f__Lachnospiraceae;g__;s__[Eubacterium]_rectale	-0.0229753649319	0.0375179564259	0.0159825402109	0.0194175126132	-0.0461124218109	-0.0362912018064	-0.00534706996161	-0.0204714658577	0.0294573519888	-0.0326944517866	-0.062713645436	-0.0466353126865	-0.0315592640336	-0.0141741990852	1.0	-0.0114666700784	0.00238219644052	0.0175932728867	-0.0318027992462	0.0308573264507	0.0110468483098	0.0461302682432	-0.00314324809707	-0.0230867139262	-0.0257192002373	-0.0319149801267	-0.00800937040924	-0.0363110937947	0.0177084500772	0.0627377648361	0.0112919286555	0.0208718373461	0.0358800070338	0.0413013302708	-0.0109698859027	-0.041833613702	-0.0534958005172	-0.0233693800188	-0.0598247864662	-0.0212064660868	-0.0456144791942	-0.0304883062637	-0.0225684375809	-0.0484070849453	-0.00927250036388	-0.00200955569353	-0.0551961040507	-0.0289246632421	0.0738969091401	0.000851707315331	0.0254221605084	0.0799289898482	0.0349161677311	0.00385491195071	-0.0348302721707	-0.0252884839543	-0.0678459222462	0.0222981893276	-0.00245648120001
k__Bacteria;p__Bacteroidetes;c__Bacteroidia;o__Bacteroidales;f__Bacteroidaceae;g__Bacteroides;s__Bacteroides_plebeius	-0.0136587436664	-0.034549689376	-0.0273270238407	0.00668100063111	-0.0483783207988	-0.0182028956846	-0.00371655388284	-0.00442799619751	0.0176883996442	-0.0507083107081	-0.0626242518656	-0.0390649052522	-0.0620245779319	-0.0326820060209	-0.0114666700784	1.0	0.0317335589254	0.0484629032947	-0.00725854220137	-0.0165176079587	0.0115076097213	0.0317855779786	-0.0124205474785	-0.0110884867804	0.0174751671971	-0.00676817629985	0.0234857920347	-0.0015878262425	-0.00982284966258	0.0172308342893	-0.0442667862986	-0.01333337229	-0.0136172803899	-0.0243096038029	-0.00361680479769	6.16294206197e-05	0.0271412900708	-0.0249809333308	0.0525408285529	-0.012424386593	0.00455580832072	-0.012620528926	-0.0484612438589	-0.00395026284833	-0.0857178115664	0.0241479150726	-0.00500161045346	-0.00180563853569	-0.0387059048074	-0.0390200018214	-0.00391288408262	0.0022873752571	-0.0501811205869	0.00670573989539	-0.0162127838662	0.00672550114449	-0.0174227657786	0.0393538398718	-0.0397452817833
k__Bacteria;p__Bacteroidetes;c__Bacteroidia;o__Bacteroidales;f__Bacteroidaceae;g__Bacteroides;s__Bacteroides_fragilis	0.00890132641662	-0.0423542857078	0.0432465243981	-0.0277706563316	0.00571596335129	-0.0232999597016	-0.0639392655587	0.0390476146066	0.0223065645168	0.04992563575	0.0205207188598	0.0340348951855	-0.0621018823041	-0.0803172911596	0.00238219644052	0.0317335589254	1.0	-0.00779622329061	0.0419255818379	-0.00698530998595	-0.0269208786187	-0.0358485700542	0.000540185803279	0.013765708811	-0.0362233743645	0.0305556057697	0.00433128968323	-0.00127823164901	-0.0424386208079	0.0363649395267	-0.0222919851315	0.0216304998369	-0.0380485359618	0.0229351019511	0.0134385925177	0.0102697439886	-0.00527576743445	-0.00509644991996	-0.0111483865582	-0.00825501146379	-0.0366326344602	-0.0121012386425	-0.030864098163	-0.0266838310178	-0.0659457488764	-0.0225140625682	-0.0204409400057	-0.0337073839051	0.0696564513226	-0.0836238949337	0.0137993723607	-0.0409627985173	-0.047389212146	-0.045628231391	-0.0100404210723	0.036845726706	0.00808787098407	-0.00362284506114	0.0126264586985
k__Bacteria;p__Proteobacteria;c__Betaproteobacteria;o__Burkholderiales;f__Sutterellaceae;g__Sutterella;s__Sutterella_wadsworthensis	0.0355912202481	0.00950211250568	-0.0242422547272	0.0243891831272	-0.0249466220518	0.0042290753692	0.00106263753695	0.012218190136	-0.0732272612295	0.00489375073718	0.00839255026692	-0.0540818010863	-0.0613755277757	0.0101803551402	0.0175932728867	0.0484629032947	-0.00779622329061	1.0	-0.0355833024784	0.00956640677159	0.00247467390007	0.00720825397331	-0.0143958853515	0.00341813104943	0.0418123170177	-0.000135038644434	0.0316845868668	0.0122771589806	-0.0359830882856	-0.00548314616031	-0.048440124053	-0.000892038011022	0.0396344168853	-0.0496091156359	-0.0208153522964	-0.0188101650401	-0.0224546151827	0.0058583639537	-0.0399750610458	-0.0779331612756	-0.0392677295094	0.0372050129895	-0.0140199943655	-0.00844309775806	-0.0346589269015	-0.0343862554628	0.00807448673696	0.0194507763509	0.0111289608116	0.0981181908072	-0.00232937761664	-0.0408498165314	0.00695363054655	0.00619651457905	-0.0379660373445	-0.0410662450907	0.0129245381558	-0.067972532775	-0.0241965300673
k__Bacteria;p__Bacteroidetes;c__Bacteroidia;o__Bacteroidales;f__Porphyromonadaceae;g__Barnesiella;s__Barnesiella_intestinihominis	0.0147170263616	-0.010883098623	0.00411543027255	0.0332244203233	0.0411064080102	0.0161446406689	-0.0219458301006	0.0238969548602	-0.1133181432	0.0565421229077	0.0436079310374	0.0123137952307	0.0209117066785	-0.00541536885272	-0.0318027992462	-0.00725854220137	0.0419255818379	-0.0355833024784	1.0	-0.0714336885911	-0.013440482783	0.0223927559615	-0.0234758526598	-0.0368262693595	0.00388808009489	-0.0390464646441	-0.0147383883587	-0.0423328132793	-0.026014264212	0.0193846582688	0.0285245890243	0.00861899025471	0.0318365614611	-0.0150019948056	0.0113187253125	-0.0707075147566	-0.0435953337431	-0.0132301396628	-0.0372275851586	0.0446017002121	0.0244661915068	-0.0340594880723	-0.0381263852568	-0.0682590425648	-0.0276166138396	-0.0572941540587	-0.040449369267	-0.0303892235692	0.0103338722214	0.0601725987264	-0.0337219925276	-0.0094092196434	-0.0640267221979	0.0441374658051	0.0339096259133	-0.0389989594976	-0.00908643133902	0.0626606074608	-0.00911312748407
k__Bacteria;p__Bacteroidetes;c__Bacteroidia;o__Bacteroidales;f__Odoribacteraceae;g__Odoribacter;s__Odoribacter_splanchnicus	0.0520706290948	-0.0702321134479	0.0041632182402	0.00543361947796	-0.0153066362715	-0.0508771641469	0.0393753744066	-0.0145494592585	-0.0250805997644	0.101766590958	-0.0141956324005	-0.0316198567143	-0.0358969488361	-0.0203652505841	0.0308573264507	-0.0165176079587	-0.00698530998595	0.00956640677159	-0.0714336885911	1.0	0.0131496386091	0.0205569608372	-0.0294925247208	-0.0175405837849	-0.0168862602097	0.00837486058894	-0.0103509070864	0.000773773203376	-0.0477572419247	-0.0144923954567	-0.0544370629463	0.0191870513228	-0.0248767457249	-0.0181642183416	0.00327813344967	-0.00530407605802	-0.0177617387626	0.0638344537542	-0.0448394386761	-0.0480695365367	-0.00201628393941	0.00782676755978	0.0147422014118	-0.0066484623531	-0.0098057327781	0.0463856787929	-0.0211165245945	0.01839423587	0.0390107456286	0.0246181282947	0.0149385447073	-0.0510639961452	-0.0469571906876	-0.0509404747555	0.00352374137612	0.0621436136972	0.0135872530501	-0.00696629568522	-0.0259823693588
k__Bacteria;p__Bacteroidetes;c__Bacteroidia;o__Bacteroidales;f__Bacteroidaceae;g__Bacteroides;s__Bacteroides_salyersiae	0.0706510167214	-0.0564027125768	-0.0259795847083	-0.00915208961384	-0.00591457396085	-0.0138607736496	0.000885531093304	-0.0439628390006	-0.0543799173093	-0.0336170127646	0.00967413019609	-7.75561538409e-05	0.0339879608331	-0.0380312542777	0.0110468483098	0.0115076097213	-0.0269208786187	0.00247467390007	-0.013440482783	0.0131496386091	1.0	-0.0272942779458	0.0151728422425	0.0713448532254	-0.0123384907765	-0.0485526478463	0.0154187080263	-0.00503276606716	0.0176485168813	-0.0724028181273	-0.0506275794371	0.0681055678573	-0.0176695764672	-0.00908312384234	0.023647995166	-0.0355159318746	-0.0005709727286	-0.083487986024	0.00188375773603	-0.0174284640394	-0.00442034196187	-0.0134259877864	-0.00758132497231	0.0249818676502	-0.0131801663466	0.000561304324873	-0.00763804333761	-0.00951134633527	-0.00398690257758	-0.0805472450789	-0.0327796945669	0.0313211861324	0.0167256518336	-0.017998984791	-0.0244205302961	-0.0205463160718	0.0162587683179	-0.00250625001577	-0.023888817099
k__Bacteria;p__Firmicutes;c__Clostridia;o__Clostridiales;f__Ruminococcaceae;g__Ruminiclostridium;s__[Eubacterium]_siraeum	0.056750836221	0.00331507078801	0.00541557553191	-0.00990395595229	-0.0607094970371	0.0417876857958	0.0333716244477	-0.0482677879998	0.0183147867529	-0.0544885404343	0.0211819068655	-0.00527346979016	-0.0414082402311	-0.0103465088469	0.0461302682432	0.0317855779786	-0.0358485700542	0.00720825397331	0.0223927559615	0.0205569608372	-0.0272942779458	1.0	-0.0445933169776	-0.00668669735527	0.0244988399808	-0.0838311418726	-0.0255018565969	-0.0217354606344	-0.0320211848167	-0.0251291034556	0.0237344750184	-0.0242342851249	-0.0283463630195	0.0226502770963	0.00268936663658	-0.0411550385623	0.00046214921986	-0.00961949420193	0.0463738406004	0.0509426055655	0.0411547792224	-0.0721264552961	0.00536031588096	-0.02300297008	-0.00861973644378	0.0292809354715	-0.00806299286673	-0.010587936788	0.00537168319099	-0.00200900660393	-0.00153533938357	-0.0278812912892	-0.0319846592503	-0.0119345611379	0.012424649211	-0.0251848365197	-0.0165987565818	-0.0877287810665	-0.00429549150478
k__Bacteria;p__Proteobacteria;c__Betaproteobacteria;o__Burkholderiales;f__Sutterellaceae;g__Parasutterella;s__Parasutterella_excrementihominis	-0.102312117746	-0.0306049407682	-0.0318682846547	-0.00521266638294	-0.0553790157032	0.0620647625414	0.0578587193926	-0.0218944531049	0.018673431935	-0.0485636305952	-0.0101292405636	0.0131915679954	-0.00735182361696	0.0232451471047	-0.00314324809707	-0.0124205474785	0.000540185803279	-0.0143958853515	-0.0234758526598	-0.0294925247208	0.0151728422425	-0.0445933169776	1.0	0.00275289657885	0.00347855823011	0.0560177283315	0.0193818543241	-0.0290085703407	0.0526878527764	-0.023907544578	-0.0169967748886	-0.046091121471	0.0109160637156	-0.108448735681	0.0407347982141	0.00467118465335	0.0275492421842	0.033720858493	0.0168738841965	-0.0234186013802	-0.00279509294761	0.0153122994749	0.0370055361055	0.0154037125536	0.0351423498147	-0.088185823055	0.0227639035288	0.00620001969322	-0.00820398466687	-0.00312067804512	-0.066311559625	-0.0155794796225	0.00593655523963	-0.0111453448288	-0.0230839182944	-0.0109517241333	0.00363492347596	0.0459168827139	-0.0065338727688
k__Bacteria;p__Actinobacteria;c__Actinobacteria;o__Bifidobacteriales;f__Bifidobacteriaceae;g__Bifidobacterium;s__Bifidobacterium_adolescentis	0.0475977287176	-0.00302641650174	-0.00806064088581	-0.0253909978336	0.0219699633041	-0.0300160512556	-0.0865504380777	-0.085878919182	-0.0404016580498	-0.0644082543719	-0.0124277088552	0.01283786229	8.3588730223e-05	-0.0311042168968	-0.0230867139262	-0.0110884867804	0.013765708811	0.00341813104943	-0.0368262693595	-0.0175405837849	0.0713448532254	-0.00668669735527	0.00275289657885	1.0	0.0461624237749	0.0173946443796	0.00030972248562	-0.0445201090493	-0.0245977077278	-0.0226762033612	-0.022180931172	-0.0987141397575	-0.051198381924	0.024436679652	0.00793999379934	0.0555418131215	-0.0130860778024	-0.0182185560554	0.0884043749556	-0.0248212430912	0.0428130664966	-0.047299576942	-0.0151710562801	-0.0318063223245	-0.0499519677187	0.0573853910594	-0.0141846781698	-0.00322415713373	-0.0224310082357	-0.0235636363627	0.0100035344343	-0.0230675199181	0.00684621564596	-0.00112283246478	-0.0559688511666	-0.0746020511002	-0.01788504253	-0.0356622646885	0.058915362137
k__Bacteria;p__Firmicutes;c__Clostridia;o__Clostridiales;f__Oscillospiraceae;g__Oscillibacter;s__Oscillibacter_sp._KLE_1745	-0.00802688628027	-0.000413072408358	0.0273383816748	-0.0667342815451	0.00969577832003	0.0134207597785	-0.0729335489091	0.0897535770344	-0.0336006875363	0.0166955599848	-0.0501298726354	-0.0138692253883	0.0745491080922	-0.0824347708503	-0.0257192002373	0.0174751671971	-0.0362233743645	0.0418123170177	0.00388808009489	-0.0168862602097	-0.0123384907765	0.0244988399808	0.00347855823011	0.0461624237749	1.0	-0.022122077722	0.0397182531807	-0.0183279102317	-0.0386693949631	0.0135500952974	-0.0149346017919	-0.0156739163145	0.00932428378055	-0.0608246168622	-0.0589984092355	-0.00173911619997	0.025699625094	0.0158335752376	-0.0397176048018	-0.000106287163361	-0.0186144887079	0.0216348612972	0.00821019015924	0.0822893115012	-0.032019501714	0.0516095310141	0.000913678442712	-0.0166206517635	-0.0467595747181	-0.0315773036192	-0.0294530037709	-0.022201751747	-0.0118558371557	0.0297963301185	0.00442621443293	0.0411111925055	-0.0188555446713	-0.0495211559819	-0.0147946935944
k__Bacteria;p__Bacteroidetes;c__Bacteroidia;o__Bacteroidales;f__Bacteroidaceae;g__Bacteroides;s__Bacteroides_coprophilus	-0.0762768632799	-0.000697400858406	0.0345960006865	-0.00349497083614	-0.010615982091	-0.0420259607162	-0.0394419723859	0.00649395487517	0.0150733093487	0.0291648514553	-0.0311858339754	-0.0141985566089	-0.0708055429794	-0.0370145611217	-0.0319149801267	-0.00676817629985	0.0305556057697	-0.000135038644434	-0.0390464646441	0.00837486058894	-0.0485526478463	-0.0838311418726	0.0560177283315	0.0173946443796	-0.022122077722	1.0	0.0510155760233	0.0297382950339	-0.0179052133153	0.0223035628653	-0.0151343576412	0.0157851786373	-0.0602528243063	0.0363276930917	0.0257638573477	0.0584200075981	-0.00969947329352	-0.069715908491	-0.0276593107824	-0.0119997985601	-0.0104679399222	-0.0756189433198	-0.0674790115329	0.0284788331838	0.033231161139	0.0394028307877	0.0201183973891	0.0231756893294	0.0120549545763	-0.0293913439514	-0.0287214399331	0.0355694894286	0.0158600005167	-0.0702101786383	0.0248874659559	-0.00916807513343	0.0645877999522	-0.0412862957498	0.00407687728985
k__Bacteria;p__Firmicutes;c__Clostridia;o__Clostridiales;f__Lachnospiraceae;g__Roseburia;s__Roseburia_intestinalis	-0.0491190359426	0.0211542593105	-0.00306715833645	0.0322335176866	-0.0499145265615	0.0246451441377	0.0216454210871	0.0356285174024	-0.0475664578495	-0.00502324248236	-0.0224818969848	-0.0317841473142	-0.0330776436965	-0.042730394161	-0.00800937040924	0.0234857920347	0.00433128968323	0.0316845868668	-0.0147383883587	-0.0103509070864	0.0154187080263	-0.0255018565969	0.0193818543241	0.00030972248562	0.0397182531807	0.0510155760233	1.0	0.0198769444874	-0.0410930812979	-0.0808536404943	-0.00787289144893	0.0169591483063	-0.0886151686012	-0.0467987126264	-0.045830639854	-0.0254046081259	0.0216087807002	0.0320309302657	-0.00532759427057	0.0165309085721	-0.0200417600118	0.0111397146834	0.0203705122459	0.0163425876285	0.0490355237431	0.0270611074792	0.0149133547087	-0.0463899045252	-0.0464897001872	-0.0200768055622	0.0137628354839	-0.0196198940362	0.00853873305479	-0.0489159217554	0.00770611155532	-0.101439069091	0.00550542070424	0.0292201107589	0.0089093406384
k__Bacteria;p__Firmicutes;c__Clostridia;o__Clostridiales;f__Lachnospiraceae;g__Roseburia;s__Roseburia_hominis	0.00350859068349	-0.0158682048614	-0.0207555194383	-0.0598943647994	0.00735976334121	-0.00204803679692	-0.0808230250842	-0.0371401932565	0.0148620216347	0.0475524051707	-0.00808617396845	-0.00365869052542	-0.035183419601	0.0104891556194	-0.0363110937947	-0.0015878262425	-0.00127823164901	0.0122771589806	-0.0423328132793	0.000773773203376	-0.00503276606716	-0.0217354606344	-0.0290085703407	-0.0445201090493	-0.0183279102317	0.0297382950339	0.0198769444874	1.0	0.0388278213194	0.0593909426077	-0.0376556565045	-0.0598519246699	0.022978860731	-0.0488344483562	-0.0206828702954	0.000598053611859	0.019176114876	-0.0339686075056	-0.0305833967455	-0.00175221222799	0.00435598873749	-0.00154849951601	0.00788168191479	-0.0705540110569	0.0132499386533	-0.067159769528	0.067410610555	0.0286801948315	0.0273602115837	0.0302472270853	-0.0365243786183	0.0825449471985	-0.00127607361825	0.0192256812792	0.00640435841602	-0.00985753599883	0.0150708343124	-0.0213999023039	-0.0317518171506
k__Bacteria;p__Bacteroidetes;c__Bacteroidia;o__Bacteroidales;f__Porphyromonadaceae;g__Parabacteroides;s__Parabacteroides_johnsonii	0.0153521709548	0.0449157327484	0.00139760475105	-0.0160303570889	-0.00361798798984	-0.0168793144689	0.0218587162916	-0.0413075985361	0.0140332926449	0.023175517449	0.0371456327817	0.0116558290366	0.0318465671776	-0.0283749409604	0.0177084500772	-0.00982284966258	-0.0424386208079	-0.0359830882856	-0.026014264212	-0.0477572419247	0.0176485168813	-0.0320211848167	0.0526878527764	-0.0245977077278	-0.0386693949631	-0.0179052133153	-0.0410930812979	0.0388278213194	1.0	0.0659659585377	-0.0448744681411	0.0125103512091	0.021575370259	-0.00832547669332	-0.0046355267249	0.0207942970983	0.0369100599885	0.0635899413587	-0.0357557767394	0.0121435018292	-0.0261843939515	-0.014462949651	0.0349912366068	-0.00547822058083	0.0263535884792	-0.00112923993019	-0.0671548906761	0.0256028495954	-0.0200700711364	-0.0149831407107	-0.083401980298	0.0177043923006	-0.0331895618931	-0.0459599298737	0.0066971786332	0.058372558199	-0.00998715789296	-0.0109695375752	-0.0476948485185
