#taxonomy	k__Bacteria;p__Bacteroidetes;c__Bacteroidia;o__Bacteroidales;f__Bacteroidaceae;g__Bacteroides;s__Bacteroides_vulgatus	k__Bacteria;p__Bacteroidetes;c__Bacteroidia;o__Bacteroidales;f__Bacteroidaceae;g__Bacteroides;s__Bacteroides_uniformis	k__Bacteria;p__Bacteroidetes;c__Bacteroidia;o__Bacteroidales;f__Rikenellaceae;g__Alistipes;s__Alistipes_putredinis	k__Bacteria;p__Bacteroidetes;c__Bacteroidia;o__Bacteroidales;f__Prevotellaceae;g__Prevotella;s__Prevotella_copri	k__Bacteria;p__Bacteroidetes;c__Bacteroidia;o__Bacteroidales;f__Bacteroidaceae;g__Bacteroides;s__Bacteroides_stercoris	k__Bacteria;p__Bacteroidetes;c__Bacteroidia;o__Bacteroidales;f__Bacteroidaceae;g__Bacteroides;s__Bacteroides_ovatus	k__Bacteria;p__Bacteroidetes;c__Bacteroidia;o__Bacteroidales;f__Rikenellaceae;g__Alistipes;s__Alistipes_shahii	k__Bacteria;p__Firmicutes;c__Clostridia;o__Clostridiales;f__Ruminococcaceae;g__Faecalibacterium;s__Faecalibacterium_prausnitzii	k__Bacteria;p__Bacteroidetes;c__Bacteroidia;o__Bacteroidales;f__Rikenellaceae;g__Alistipes;s__Alistipes_finegoldii	k__Bacteria;p__Bacteroidetes;c__Bacteroidia;o__Bacteroidales;f__Porphyromonadaceae;g__Parabacteroides;s__Parabacteroides_distasonis	k__Bacteria;p__Bacteroidetes;c__Bacteroidia;o__Bacteroidales;f__Bacteroidaceae;g__Bacteroides;s__Bacteroides_thetaiotaomicron	k__Bacteria;p__Bacteroidetes;c__Bacteroidia;o__Bacteroidales;f__Bacteroidaceae;g__Bacteroides;s__Bacteroides_coprocola	k__Bacteria;p__Bacteroidetes;c__Bacteroidia;o__Bacteroidales;f__Bacteroidaceae;g__Bacteroides;s__Bacteroides_cellulosilyticus	k__Bacteria;p__Bacteroidetes;c__Bacteroidia;o__Bacteroidales;f__Rikenellaceae;g__Alistipes;s__Alistipes_obesi	k__Bacteria;p__Firmicutes;c__Clostridia;o__Clostridiales;f__Lachnospiraceae;g__;s__[Eubacterium]_rectale	k__Bacteria;p__Bacteroidetes;c__Bacteroidia;o__Bacteroidales;f__Bacteroidaceae;g__Bacteroides;s__Bacteroides_plebeius	k__Bacteria;p__Bacteroidetes;c__Bacteroidia;o__Bacteroidales;f__Bacteroidaceae;g__Bacteroides;s__Bacteroides_fragilis	k__Bacteria;p__Proteobacteria;c__Betaproteobacteria;o__Burkholderiales;f__Sutterellaceae;g__Sutterella;s__Sutterella_wadsworthensis	k__Bacteria;p__Bacteroidetes;c__Bacteroidia;o__Bacteroidales;f__Porphyromonadaceae;g__Barnesiella;s__Barnesiella_intestinihominis	k__Bacteria;p__Bacteroidetes;c__Bacteroidia;o__Bacteroidales;f__Odoribacteraceae;g__Odoribacter;s__Odoribacter_splanchnicus	k__Bacteria;p__Bacteroidetes;c__Bacteroidia;o__Bacteroidales;f__Bacteroidaceae;g__Bacteroides;s__Bacteroides_salyersiae	k__Bacteria;p__Firmicutes;c__Clostridia;o__Clostridiales;f__Ruminococcaceae;g__Ruminiclostridium;s__[Eubacterium]_siraeum	k__Bacteria;p__Proteobacteria;c__Betaproteobacteria;o__Burkholderiales;f__Sutterellaceae;g__Parasutterella;s__Parasutterella_excrementihominis	k__Bacteria;p__Actinobacteria;c__Actinobacteria;o__Bifidobacteriales;f__Bifidobacteriaceae;g__Bifidobacterium;s__Bifidobacterium_adolescentis	k__Bacteria;p__Firmicutes;c__Clostridia;o__Clostridiales;f__Oscillospiraceae;g__Oscillibacter;s__Oscillibacter_sp._KLE_1745	k__Bacteria;p__Bacteroidetes;c__Bacteroidia;o__Bacteroidales;f__Bacteroidaceae;g__Bacteroides;s__Bacteroides_coprophilus	k__Bacteria;p__Firmicutes;c__Clostridia;o__Clostridiales;f__Lachnospiraceae;g__Roseburia;s__Roseburia_intestinalis	k__Bacteria;p__Firmicutes;c__Clostridia;o__Clostridiales;f__Lachnospiraceae;g__Roseburia;s__Roseburia_hominis	k__Bacteria;p__Bacteroidetes;c__Bacteroidia;o__Bacteroidales;f__Porphyromonadaceae;g__Parabacteroides;s__Parabacteroides_johnsonii	k__Bacteria;p__Actinobacteria;c__Actinobacteria;o__Bifidobacteriales;f__Bifidobacteriaceae;g__Bifidobacterium;s__Bifidobacterium_longum	k__Bacteria;p__Firmicutes;c__Clostridia;o__Clostridiales;f__;g__Flavonifractor;s__Flavonifractor_plautii	k__Bacteria;p__Firmicutes;c__Clostridia;o__Clostridiales;f__Clostridiaceae;g__Clostridium;s__Clostridium_phoceensis	k__Bacteria;p__Verrucomicrobia;c__Verrucomicrobiae;o__Verrucomicrobiales;f__Akkermansiaceae;g__Akkermansia;s__Akkermansia_muciniphila	k__Bacteria;p__Bacteroidetes;c__Bacteroidia;o__Bacteroidales;f__Prevotellaceae;g__Paraprevotella;s__Paraprevotella_xylaniphila	k__Bacteria;p__Firmicutes;c__Clostridia;o__Clostridiales;f__Ruminococcaceae;g__Ruminococcus;s__Ruminococcus_callidus	k__Bacteria;p__Bacteroidetes;c__Bacteroidia;o__Bacteroidales;f__Rikenellaceae;g__Alistipes;s__Alistipes_senegalensis	k__Bacteria;p__Firmicutes;c__Clostridia;o__Clostridiales;f__Lachnospiraceae;g__Blautia;s__Blautia_sp._KLE_1732	k__Bacteria;p__Bacteroidetes;c__Bacteroidia;o__Bacteroidales;f__Bacteroidaceae;g__Bacteroides;s__Bacteroides_oleiciplenus	k__Bacteria;p__Firmicutes;c__Clostridia;o__Clostridiales;f__Ruminococcaceae;g__Ruminococcus;s__Ruminococcus_bicirculans	k__Bacteria;p__Bacteroidetes;c__Bacteroidia;o__Bacteroidales;f__Bacteroidaceae;g__Bacteroides;s__Bacteroides_fluxus	k__Bacteria;p__Bacteroidetes;c__Bacteroidia;o__Bacteroidales;f__Prevotellaceae;g__Prevotella;s__Prevotella_stercorea	k__Bacteria;p__Firmicutes;c__Clostridia;o__Clostridiales;f__Lachnospiraceae;g__Dorea;s__Dorea_longicatena	k__Bacteria;p__Firmicutes;c__Clostridia;o__Clostridiales;f__Eubacteriaceae;g__Eubacterium;s__[Eubacterium]_eligens	k__Bacteria;p__Firmicutes;c__Clostridia;o__Clostridiales;f__Ruminococcaceae;g__;s__Ruminococcaceae_bacterium_D16	k__Bacteria;p__Firmicutes;c__Clostridia;o__Clostridiales;f__Lachnospiraceae;g__Coprococcus;s__Coprococcus_comes	k__Bacteria;p__Proteobacteria;c__Gammaproteobacteria;o__Enterobacterales;f__Enterobacteriaceae;g__Escherichia;s__Escherichia_coli	k__Bacteria;p__Firmicutes;c__Clostridia;o__Clostridiales;f__Ruminococcaceae;g__Anaerotruncus;s__Anaerotruncus_colihominis	k__Bacteria;p__Firmicutes;c__Clostridia;o__Clostridiales;f__Lachnospiraceae;g__Blautia;s__Blautia_obeum	k__Bacteria;p__Bacteroidetes;c__Bacteroidia;o__Bacteroidales;f__Odoribacteraceae;g__Odoribacter;s__Odoribacter_laneus	k__Bacteria;p__Firmicutes;c__Clostridia;o__Clostridiales;f__Ruminococcaceae;g__Ruminiclostridium;s__[Clostridium]_leptum	k__Bacteria;p__Bacteroidetes;c__Bacteroidia;o__Bacteroidales;f__Porphyromonadaceae;g__Parabacteroides;s__Parabacteroides_goldsteinii	k__Bacteria;p__Firmicutes;c__Clostridia;o__Clostridiales;f__Lachnospiraceae;g__Anaerostipes;s__Anaerostipes_hadrus	k__Bacteria;p__Firmicutes;c__Clostridia;o__Clostridiales;f__Ruminococcaceae;g__Ruminococcus;s__Ruminococcus_lactaris	k__Bacteria;p__Firmicutes;c__Clostridia;o__Clostridiales;f__Clostridiaceae;g__Clostridium;s__Clostridium_sp._L2-50	k__Bacteria;p__Firmicutes;c__Clostridia;o__Clostridiales;f__Clostridiaceae;g__Clostridium;s__Clostridium_sp._M62/1	k__Bacteria;p__Firmicutes;c__Clostridia;o__Clostridiales;f__;g__Intestinimonas;s__Intestinimonas_butyriciproducens	k__Bacteria;p__Actinobacteria;c__Actinobacteria;o__Bifidobacteriales;f__Bifidobacteriaceae;g__Bifidobacterium;s__Bifidobacterium_bifidum	k__Bacteria;p__Firmicutes;c__Negativicutes;o__Veillonellales;f__Veillonellaceae;g__Dialister;s__Dialister_invisus	k__Bacteria;p__Bacteroidetes;c__Bacteroidia;o__Bacteroidales;f__Bacteroidaceae;g__Bacteroides;s__Bacteroides_salanitronis
k__Bacteria;p__Bacteroidetes;c__Bacteroidia;o__Bacteroidales;f__Bacteroidaceae;g__Bacteroides;s__Bacteroides_vulgatus	1.0	-0.00268022473006	-0.0501958798084	0.0141096302895	0.006332520092	0.035004426503	-0.0345144241541	-0.0129926789338	0.0159108477412	0.0344065427709	0.00538873575408	-0.0241419806257	-0.0155224860552	-0.0129617323759	0.00454461883542	-0.00149115660569	-0.0338683853265	-0.0377653261708	0.00127537193859	0.0398347640046	-0.00168659468875	-0.0101900834876	-0.0183257200334	-0.027418675589	0.110044917271	0.0111564700986	-0.00680290876628	0.00813765109054	0.0367568593579	0.00678327299762	-0.0405694485846	-0.04949288909	0.0553012553762	0.00342072753101	-0.0190711953313	-0.0705023994088	-0.0749141768717	-0.0133947540519	-0.0645762104497	0.0501914111902	-0.0401773649039	-0.00657203385101	-0.020890893948	-0.0822060621564	-0.00348797072748	-0.0578490978349	0.0294857658043	0.0192741845784	0.002042932563	0.00263858167921	0.0119129796584	-0.00302642229545	-0.0202709547054	0.0331340446377	0.00557416716196	0.0279780424724	0.0190914484637	-0.0047760483568	0.010842918747
k__Bacteria;p__Bacteroidetes;c__Bacteroidia;o__Bacteroidales;f__Bacteroidaceae;g__Bacteroides;s__Bacteroides_uniformis	-0.00268022473006	1.0	-0.0370836106949	0.0135962432077	0.0234917725434	-0.0638507624028	-0.0437153038764	-0.0343377887295	0.0343783849476	0.0170539582155	0.00322709447148	-0.00671771830557	0.0649385977416	-0.00631418112232	-0.0312898460736	0.027910120245	-0.0574954143305	-0.0150849308481	0.0333310262437	-3.81899196929e-05	0.0524620861288	-0.0318835378271	-0.0136894603985	-0.0313490739103	0.0244571611661	-0.00898209938844	-0.0323201154379	-0.0385731834467	-0.000396121510546	-0.0217214105321	-0.0285058640339	-0.0153219758748	-0.0388966738638	-0.0215964464234	-0.0339653447582	-0.01716489728	-0.00739125404336	-0.00513300893945	0.0484639016552	0.0422897557414	-0.00231437144978	-0.0207892452558	0.045395953323	0.00778004551471	-0.0138061591646	-0.0075681120819	-0.0460559794556	-0.00664030934577	0.0308131818501	0.0497218064571	0.0140438063715	-0.033300139139	0.0829640030101	-0.000867325635938	-0.00910842567971	-0.0134043420219	0.0276289621641	-0.00110989787658	0.031766171024
k__Bacteria;p__Bacteroidetes;c__Bacteroidia;o__Bacteroidales;f__Rikenellaceae;g__Alistipes;s__Alistipes_putredinis	-0.0501958798084	-0.0370836106949	1.0	-0.00566697651187	-0.0282894345348	-0.0278888084437	-0.0265600374293	0.0564146235547	-0.00894303838773	-0.0239818186136	-0.0836466380066	-0.00414894863132	-0.0423167244161	-0.00531884444192	0.0666582262989	-0.00699997294078	-0.0220355406244	-0.0626501924599	0.0033189325243	-0.0100808871873	0.0275507465439	-0.0542929806889	0.00850486049899	0.0341674858354	-0.00246356497769	0.02774151183	-0.00240340263956	-0.0109079707357	-0.00377754436776	0.0134391641669	-0.0291609177251	-0.0077678800333	-0.0314160754008	-0.00112951285073	0.0226670392723	0.00012727235795	-0.0439220815536	-0.0123483936398	0.0401222467996	-0.00446978555285	0.0266413404444	0.00820233415776	-0.00899227247629	-0.0281328357643	-0.0152817353883	0.0283379971098	0.0142452568497	-0.00250556371939	-0.0282598555429	-0.0172215029031	0.0071305377752	-0.013404469836	0.0685329524073	-0.0374824115879	-0.0573920597058	-0.0572350653859	0.0288173099949	0.0272656030628	-0.0315081887231
k__Bacteria;p__Bacteroidetes;c__Bacteroidia;o__Bacteroidales;f__Prevotellaceae;g__Prevotella;s__Prevotella_copri	0.0141096302895	0.0135962432077	-0.00566697651187	1.0	0.00790823925822	-0.0585159860534	0.0368416612424	-0.0605516005976	0.110129209923	-0.00265568706271	-0.0214639828147	-0.0131279610302	0.00510646138715	0.0383829996808	-0.00170130672748	-0.107991979592	-0.0569919219903	-0.0615852998968	-0.032650979874	-0.0191969757969	-0.00778374138846	-0.0289124724373	-0.0588691632919	0.00839374225045	-0.0536338406341	0.0093583371256	-0.0101096770064	0.0333238699536	-0.0600282384938	0.0552635246515	-0.0175614178891	-0.02888297094	0.00321354247262	-0.0359860600789	-0.0275690474351	-0.0106207386271	-0.0270358572069	0.0188665042632	0.013048221326	0.0252462330002	-0.00217452996013	0.0350982440972	-0.0193536193156	0.0391016856079	-0.0499439159857	0.0359828710135	0.0132801540239	0.0819606878649	-0.0324559807412	0.017906532512	0.00918831407096	0.00743550142623	0.0296744373867	-0.0155694368403	0.00705055980287	-0.00995687926848	-0.0342649505445	0.0027187599947	0.0273425485817
k__Bacteria;p__Bacteroidetes;c__Bacteroidia;o__Bacteroidales;f__Bacteroidaceae;g__Bacteroides;s__Bacteroides_stercoris	0.006332520092	0.0234917725434	-0.0282894345348	0.00790823925822	1.0	-0.0164984748885	0.0768135983813	-0.0590635478281	-0.0516887789008	0.0125087483984	-0.0621647040392	-0.0313388781896	-0.0412854623436	0.00505367207955	0.00732865023763	-0.0156386550086	-0.0395933353471	0.00596964478128	0.0252137728148	0.00542543992895	-0.0133080119971	-0.027629839817	0.0376007112313	-0.0103333038424	0.00438756945516	0.00643170610341	1.83369854108e-05	-0.0332348740392	-0.0452285743425	0.0049021576517	0.056370730354	-0.0201713011219	0.0296919179793	-0.0155535607356	0.0111619460737	-0.01264768725	-0.00539929435343	-0.039330295203	0.0452432054773	0.00697094570039	-0.00625710710162	-0.0306808644132	0.0130609224274	0.0232249071167	-0.0367415233354	0.0180920738495	-0.0487639813892	-0.0749720754757	-0.0139685226811	-0.0224519197293	0.0320535415816	-0.0546585407697	-0.0609949705249	-0.0180804447998	-0.0665859219458	0.0165854551658	-0.0269180352509	0.0185144853865	-0.0208779567249
k__Bacteria;p__Bacteroidetes;c__Bacteroidia;o__Bacteroidales;f__Bacteroidaceae;g__Bacteroides;s__Bacteroides_ovatus	0.035004426503	-0.0638507624028	-0.0278888084437	-0.0585159860534	-0.0164984748885	1.0	-0.00169586297277	-0.000389140334279	-0.0256277392585	-0.0307516042682	0.00521105415247	-0.0231949232577	-0.0583112926015	0.0240932780709	0.0114093453799	-0.0363511788227	-0.0231940465176	-0.0195479113741	-0.0136351924855	0.021292070237	-0.0532236088476	-0.0304812090117	-0.0541855516221	-0.0491964935488	0.0132572802033	0.0349617932505	0.0722217069829	0.00348659360898	-0.00780223963652	-0.0086612817549	-0.000350348823286	-0.0365408309891	0.0409398454137	0.0395593388859	-0.016173146235	-0.0601271018962	0.026729100215	0.00350617512489	0.0250732379723	-0.0453812747096	0.0342118448886	0.00188082508508	0.0394258532465	-0.087867040789	-0.0454842796696	0.0250592915268	0.0176869546413	-0.0699590689339	0.013008596885	0.0343290397119	-0.02133327885	-0.0263040709891	0.0135432035766	0.00426235016652	0.037605586783	-0.0536546707156	0.0123558298207	0.00381317146347	0.040836789912
k__Bacteria;p__Bacteroidetes;c__Bacteroidia;o__Bacteroidales;f__Rikenellaceae;g__Alistipes;s__Alistipes_shahii	-0.0345144241541	-0.0437153038764	-0.0265600374293	0.0368416612424	0.0768135983813	-0.00169586297277	1.0	0.061509628683	0.0117775709416	0.0154356693182	0.0769622418974	-5.10490710921e-05	0.00296854097342	-0.00976850142629	0.0163215778149	-0.00546915142645	0.0983244845118	0.0246794472484	-0.0202836602007	-0.0195612384624	-0.047161339852	0.0383367281903	0.00820388239926	-0.000359814032709	-0.0380043995783	-0.0376243253883	-0.00730261170499	0.0261704509227	-0.0388994624666	0.0120348630565	0.0247213734224	0.0904823387562	0.0195784223315	0.0151654878131	-0.0183808402906	0.0138074846873	0.0288484521562	0.0141150132008	-0.0474444809367	0.0158227662059	-0.0292705422659	0.0113771399766	-0.0763417864303	-0.0374016165928	-0.0733436389664	-0.015875262226	0.0221958263836	-0.0460616074595	-0.0752632888812	-0.00147571214007	0.000326408609811	-0.0221352428606	-0.00101135877234	0.0232957946188	-0.0329978220238	-0.00835617796259	-0.0819482631168	-0.0163926545881	0.106169751248
k__Bacteria;p__Firmicutes;c__Clostridia;o__Clostridiales;f__Ruminococcaceae;g__Faecalibacterium;s__Faecalibacterium_prausnitzii	-0.0129926789338	-0.0343377887295	0.0564146235547	-0.0605516005976	-0.0590635478281	-0.000389140334279	0.061509628683	1.0	-0.040160748636	-0.033363219126	-0.0210747933062	0.00128047184805	0.00215922125186	-0.0135114042278	0.0382480323721	0.0308221993679	-0.000540064838539	-0.04487219231	0.0464650567672	0.0411090551641	-0.00496998164393	-0.00289857682615	-0.0224244455499	0.0538962110855	-0.0331460932766	0.0168500193821	-0.0123897758637	0.0298996934198	-0.0483972197378	0.0186044459634	-0.0446998103355	-0.0373517399339	-0.0493686090061	0.00456870930765	-0.0384153593342	0.0393163608581	-0.0297826527678	0.0518069119512	-0.00535958754312	0.0341867643157	-0.0161507703842	-0.0476108119571	-0.0283697884897	-0.0490628587443	-0.00489933120091	0.0373967210696	0.0935691224866	-0.0384432170864	-0.0171410298322	-0.00809740133221	-0.0289763397399	0.0238323098284	0.0101332038209	-0.0132340131624	-0.0132155097719	0.0256596013177	-0.0127016887121	-0.00209766804575	0.0359666060528
k__Bacteria;p__Bacteroidetes;c__Bacteroidia;o__Bacteroidales;f__Rikenellaceae;g__Alistipes;s__Alistipes_finegoldii	0.0159108477412	0.0343783849476	-0.00894303838773	0.110129209923	-0.0516887789008	-0.0256277392585	0.0117775709416	-0.040160748636	1.0	-0.0864076649588	-0.0695655654392	0.0153741382572	-0.0517393799862	0.0248136962873	0.0252762235933	-0.0113182613425	-0.0526277582171	-0.00544317780828	0.00546439588309	0.0231582214974	0.00832130060228	0.00609705131133	-0.00246500346258	-0.0359458116114	-0.0114093611757	0.0740303954219	0.00726085429406	0.0299062335039	-0.025997100777	-0.0102943224961	0.0880982551199	0.0415751389339	-0.0984979214388	0.0285555847746	-0.0146021049553	0.0181511585316	-0.0158659242555	-0.0159163874834	-0.00655196069921	0.0698117156175	-0.0431935522529	0.0558969972875	-0.0427232200146	0.02094932454	0.00958913112986	0.0108520439926	-0.0188713908058	-0.0629833683405	0.0183179339653	0.022308039505	-0.0345834971187	-0.0346174467546	-0.0238723254145	0.0125470542313	-0.00484620737622	0.00939864131681	-0.0272357855133	-0.0512989222694	-0.0699610518764
k__Bacteria;p__Bacteroidetes;c__Bacteroidia;o__Bacteroidales;f__Porphyromonadaceae;g__Parabacteroides;s__Parabacteroides_distasonis	0.0344065427709	0.0170539582155	-0.0239818186136	-0.00265568706271	0.0125087483984	-0.0307516042682	0.0154356693182	-0.033363219126	-0.0864076649588	1.0	0.0117521824242	0.0774190195079	-0.0119817760578	0.0239267866207	-0.0132547971264	-0.0537477611267	-0.0252039263661	0.00982587842044	0.00253067260844	0.015406269486	-0.0414044053323	-0.0147292002262	0.0278405306576	-0.0153726524225	-0.0385207074331	-0.0547470608142	-0.00456598921894	0.0343323230103	-0.0106397086324	0.0854086398714	-0.0309079686429	0.0153267011791	-0.00536659200763	-0.0320670753416	0.00497908886466	0.0118582071178	-0.0530425088824	-0.00774231074256	-0.017844643527	-0.0330429544818	-0.0337743235765	-0.0144382467847	0.0320330908383	-0.0217388548095	-0.0337162225317	0.014504319829	0.0269451521215	0.0135396776002	-0.0425071753851	0.02562447155	0.00097212118123	0.013968237119	-0.0425714490069	-0.0355613035118	-0.00332877288569	-0.0160822551564	0.00715540882148	0.0058308804346	-0.00660502267676
k__Bacteria;p__Bacteroidetes;c__Bacteroidia;o__Bacteroidales;f__Bacteroidaceae;g__Bacteroides;s__Bacteroides_thetaiotaomicron	0.00538873575408	0.00322709447148	-0.0836466380066	-0.0214639828147	-0.0621647040392	0.00521105415247	0.0769622418974	-0.0210747933062	-0.0695655654392	0.0117521824242	1.0	-0.0364720557312	-0.0274979363488	0.0536373988688	-0.0299365819132	0.0676483309729	0.0265685470679	0.0213818397707	-0.108043458903	-0.026838688045	0.0101854764488	0.0101626120804	-0.000631364885943	0.0192305211021	-0.0266882395641	-0.0477069612856	0.0516067154865	0.0228401203588	-0.0457271236516	0.00686666829378	-0.0185020634001	-0.00874507302138	-0.00709198106148	-0.0179870341233	-0.000337838941044	0.0358814694705	0.0171356325552	-0.00550150903207	0.0173068380157	-0.00687247835658	-0.034486618922	0.0315943943135	-0.0164483602029	-0.00161789916138	-0.00680509713209	-0.00298479474396	-0.0313879785289	0.0425544083537	0.0377124273516	0.000856757245526	-0.080498954948	-0.00154403323868	-0.0297719981287	-0.0500413565958	-0.00416489654504	-0.0462863721181	-0.0164441850721	-0.0644041496617	0.0140518562319
k__Bacteria;p__Bacteroidetes;c__Bacteroidia;o__Bacteroidales;f__Bacteroidaceae;g__Bacteroides;s__Bacteroides_coprocola	-0.0241419806257	-0.00671771830557	-0.00414894863132	-0.0131279610302	-0.0313388781896	-0.0231949232577	-5.10490710921e-05	0.00128047184805	0.0153741382572	0.0774190195079	-0.0364720557312	1.0	0.00931027798067	0.0212973337713	-0.0514118209191	-0.0458350854908	-0.0407434180541	-0.0192508673592	0.0495014213292	0.00474283509801	-0.000367533053917	-0.0163745605048	-0.00273460621951	0.00218517297242	-0.0159263950078	-0.0232182850238	-0.0757581169919	-0.019809479515	-0.0258068097194	-0.0083451695394	-0.00811976501884	0.00319461045931	-0.0401071347965	-0.0271037190093	-0.020446759283	-0.017776541335	-0.03806102525	0.0217500124768	-0.00440371166894	0.038761178889	0.0487587480826	-0.0388745840137	-0.0209812245407	-0.0621094405775	-0.0369220220106	0.0839093323954	-0.00914330516715	0.0168665661833	0.0207684675432	-0.0201813510638	-0.0150475644374	0.0449656489182	0.00423390938545	-0.00371708843785	-0.0324086379835	-0.0234138205993	-0.000305902119653	-0.00490097126996	0.014639540902
k__Bacteria;p__Bacteroidetes;c__Bacteroidia;o__Bacteroidales;f__Bacteroidaceae;g__Bacteroides;s__Bacteroides_cellulosilyticus	-0.0155224860552	0.0649385977416	-0.0423167244161	0.00510646138715	-0.0412854623436	-0.0583112926015	0.00296854097342	0.00215922125186	-0.0517393799862	-0.0119817760578	-0.0274979363488	0.00931027798067	1.0	0.0437479060866	-0.0360443579993	0.0332096173821	0.0378674723827	-0.021258696456	-0.0606242550708	-0.0445113273863	0.012488498442	-0.0313168186512	-0.0274763483251	0.0345796655738	-0.00123902019222	0.00276394015828	-0.0427928060539	-0.0136208503211	0.00909428611634	-0.065792514597	-0.0649801825488	-0.0468030976874	0.0406815019783	-0.0565158885852	0.0479360219823	-0.0230075855434	0.0136137811755	-0.00509773547757	-0.0112319522445	-0.00308685948915	-0.0246441912947	0.00584422706111	-0.0174384077516	0.0257243951285	-0.0430753687036	-0.0705057749616	-0.0612964283284	-0.0014214308761	0.0271303440375	0.00922771396374	0.0102651699021	0.0445081791599	0.0223803258053	0.0164850096801	0.0201487684466	-0.0634604059099	0.0836086552824	-0.00196768451644	0.0267242677722
k__Bacteria;p__Bacteroidetes;c__Bacteroidia;o__Bacteroidales;f__Rikenellaceae;g__Alistipes;s__Alistipes_obesi	-0.0129617323759	-0.00631418112232	-0.00531884444192	0.0383829996808	0.00505367207955	0.0240932780709	-0.00976850142629	-0.0135114042278	0.0248136962873	0.0239267866207	0.0536373988688	0.0212973337713	0.0437479060866	1.0	0.0155508378453	0.00737893058494	0.0459904082068	0.0317170649023	-0.0233051235949	-0.000182282553774	0.0413792822708	0.00527142702107	-0.00442650373383	-0.00115899795456	0.0131810158858	0.0327666405265	-0.0239204997826	0.00976241085425	-0.0748973647775	-0.0197885317027	0.0634883337351	-0.0206013477994	-0.0603236179602	-0.0595857400144	-0.00479473787199	0.0102824881383	0.00133472449801	-0.00445718366084	-0.0218139321636	-0.0614299516516	-0.00831479182816	-0.00141113292638	0.0564025321078	-0.0401481317326	-0.0650898374216	0.0507273570967	0.0335380970533	0.0123709769283	-0.0607918956937	-0.0454677732972	0.043502202477	-0.0172620389452	0.0178651515037	-0.0211859203439	-0.075715033471	0.0101129802184	0.0345610701345	-0.0499972377701	-0.0511763346787
k__Bacteria;p__Firmicutes;c__Clostridia;o__Clostridiales;f__Lachnospiraceae;g__;s__[Eubacterium]_rectale	0.00454461883542	-0.0312898460736	0.0666582262989	-0.00170130672748	0.00732865023763	0.0114093453799	0.0163215778149	0.0382480323721	0.0252762235933	-0.0132547971264	-0.0299365819132	-0.0514118209191	-0.0360443579993	0.0155508378453	1.0	-0.0444914994422	0.061956718911	0.0307634599023	-0.00531054490795	-0.00113110799552	0.00479209638499	0.00445175821383	-0.0207116563156	-0.100959819632	-0.05122484172	-0.0319874478942	0.00645585827832	0.0182747989277	-0.0498708380804	-0.017338408966	0.019844155647	-0.0102299527009	-0.0136480605431	-0.0402156069931	0.031571177645	-0.0150606799604	-0.0198014032958	-0.0660690779879	0.0154866385357	0.00602947382148	-0.022745515922	-0.0766703262014	-0.0362413989256	-0.0198141023621	-0.069763548786	-0.0571142017688	-0.00610595374657	-0.00032255683071	0.000833765839154	0.0211804610897	0.0100400385744	-0.0403420741243	0.0146136140221	0.0025688975665	0.0214229052084	0.0107102416199	-0.00144081674491	-0.0203501751723	-0.0413756185435
k__Bacteria;p__Bacteroidetes;c__Bacteroidia;o__Bacteroidales;f__Bacteroidaceae;g__Bacteroides;s__Bacteroides_plebeius	-0.00149115660569	0.027910120245	-0.00699997294078	-0.107991979592	-0.0156386550086	-0.0363511788227	-0.00546915142645	0.0308221993679	-0.0113182613425	-0.0537477611267	0.0676483309729	-0.0458350854908	0.0332096173821	0.00737893058494	-0.0444914994422	1.0	-0.0259399949514	0.0345176280655	0.0365969386002	-0.0435916794895	-0.0335701580173	-0.106867702477	0.0120233981176	-0.0563495065909	0.00486667021508	0.00966774212308	-0.00687731554861	-0.0242422708862	-0.0113269922157	0.0257368276429	-0.0850150379986	-0.0465363501465	-0.0204502231658	-0.0183852988965	-0.00654860751563	-0.0453003825309	0.0107335265833	0.00683441158026	-0.048714800989	-0.0418718343384	0.0381397200388	0.0521918511402	0.0107615329822	-0.00435250022407	-0.00988430908047	-0.0210419582928	-0.01606385377	0.00329341819722	0.0433351072286	-0.032621091171	-0.0453185860355	-0.0438360590133	-0.0269419269285	0.00339888672884	0.00564358313768	0.0427883626282	-0.0170907712263	0.0496247457573	0.0148828194461
k__Bacteria;p__Bacteroidetes;c__Bacteroidia;o__Bacteroidales;f__Bacteroidaceae;g__Bacteroides;s__Bacteroides_fragilis	-0.0338683853265	-0.0574954143305	-0.0220355406244	-0.0569919219903	-0.0395933353471	-0.0231940465176	0.0983244845118	-0.000540064838539	-0.0526277582171	-0.0252039263661	0.0265685470679	-0.0407434180541	0.0378674723827	0.0459904082068	0.061956718911	-0.0259399949514	1.0	0.0202344135087	-0.0429920139727	-0.049483135344	0.00772598304272	-0.0407491408172	0.0536161732239	0.0454728065984	0.00562351479448	-0.0519448519406	-0.0154212899312	0.021864218416	0.0301061888629	-0.0398485132123	-0.00876922383151	0.0138441058955	0.0017762406784	-0.0202605456573	-0.0142610446099	-0.0454250398771	-0.0285228887955	-0.0242500580693	-0.00509709668833	0.00324152162665	-0.0899077442873	0.0220128526729	-0.0179610406815	-0.0122956262373	-0.024906306773	-0.0104787580579	0.0346132532181	-0.0796792705659	-0.0120350427618	-0.040101799751	-0.0178333562353	0.00442556537693	-0.0442550333488	-0.000603808300392	-0.0163412118873	0.00265461833918	-0.0768898742377	-0.0368494036162	0.00433168117826
k__Bacteria;p__Proteobacteria;c__Betaproteobacteria;o__Burkholderiales;f__Sutterellaceae;g__Sutterella;s__Sutterella_wadsworthensis	-0.0377653261708	-0.0150849308481	-0.0626501924599	-0.0615852998968	0.00596964478128	-0.0195479113741	0.0246794472484	-0.04487219231	-0.00544317780828	0.00982587842044	0.0213818397707	-0.0192508673592	-0.021258696456	0.0317170649023	0.0307634599023	0.0345176280655	0.0202344135087	1.0	-0.000780471532495	0.00963930337715	-0.0366117024633	-0.00902581675897	0.0226333813644	-0.0684366809885	-0.0709579075579	-0.0631665433502	0.0198473443648	-0.0220095149001	0.0389382988922	-0.0181066469699	0.0218656037508	0.0333044424617	0.0262459473775	-0.0522282695495	0.0164297276896	0.0630948563257	0.0465515169579	0.0201255633526	-0.0338698417245	-0.0201245699287	-0.0937518613807	0.0247655342827	0.0361751829994	-0.0228109994027	-0.0136248439014	-0.015928438062	0.0238386547202	-0.02773723195	0.0368475651138	0.0189376950734	0.00429194319445	0.00902068893949	-0.0207282088845	0.0121965803155	-0.0347350309803	0.0217084512549	0.0215853253282	-0.0313761053357	-0.0635541697258
k__Bacteria;p__Bacteroidetes;c__Bacteroidia;o__Bacteroidales;f__Porphyromonadaceae;g__Barnesiella;s__Barnesiella_intestinihominis	0.00127537193859	0.0333310262437	0.0033189325243	-0.032650979874	0.0252137728148	-0.0136351924855	-0.0202836602007	0.0464650567672	0.00546439588309	0.00253067260844	-0.108043458903	0.0495014213292	-0.0606242550708	-0.0233051235949	-0.00531054490795	0.0365969386002	-0.0429920139727	-0.000780471532495	1.0	0.0355293925638	0.0339932130364	0.0141918479075	-0.0175829209474	0.00370906092142	-0.0520098381677	0.000585311076316	0.00809190225522	-0.0076540128517	-0.0520417674713	0.047581300904	0.00807281057353	-0.034101230418	-0.028330910692	-0.00130064800775	-0.0315958032068	0.00512828764945	-0.014385713288	-0.0468628377012	-0.0292811561454	0.00162002643401	-0.0329684807712	-0.0253998998939	-0.00223889314267	-0.00568230166992	0.0149368367719	0.0418826619242	-0.0278571790806	0.0119245746963	-0.0579586691611	-0.015041050664	0.015064438486	0.0290716431836	-0.00807088559581	-0.00839913157013	0.0188229291355	0.0298392511192	-0.05537037649	-0.0236382495814	-0.0361850170903
k__Bacteria;p__Bacteroidetes;c__Bacteroidia;o__Bacteroidales;f__Odoribacteraceae;g__Odoribacter;s__Odoribacter_splanchnicus	0.0398347640046	-3.81899196929e-05	-0.0100808871873	-0.0191969757969	0.00542543992895	0.021292070237	-0.0195612384624	0.0411090551641	0.0231582214974	0.015406269486	-0.026838688045	0.00474283509801	-0.0445113273863	-0.000182282553774	-0.00113110799552	-0.0435916794895	-0.049483135344	0.00963930337715	0.0355293925638	1.0	-0.0244549023925	-0.0132485396547	-0.0987253277238	0.0479786984802	-0.0238341287293	-0.0255041581887	0.0229623836336	-0.0470040013901	0.0201011599908	-0.00800768282551	0.00732595184389	0.070954096791	0.0428935837137	0.0138614444119	0.0602507177762	-0.00893739758463	-0.00771558266006	-0.0200939548466	-0.0387263260147	-0.0321868163906	-0.0490918809704	-0.0209573270597	-0.0384373787689	-0.0164171926041	-0.0116652051268	-0.0342978938507	-0.0620980110146	-0.0200086184792	-0.00961393601904	-0.0479334029033	-0.0102212633835	-0.00246679180683	-0.0295220807888	0.0517756345249	0.016669609619	-0.031691906375	0.0112575968542	-0.0337319375888	0.0150232321362
k__Bacteria;p__Bacteroidetes;c__Bacteroidia;o__Bacteroidales;f__Bacteroidaceae;g__Bacteroides;s__Bacteroides_salyersiae	-0.00168659468875	0.0524620861288	0.0275507465439	-0.00778374138846	-0.0133080119971	-0.0532236088476	-0.047161339852	-0.00496998164393	0.00832130060228	-0.0414044053323	0.0101854764488	-0.000367533053917	0.012488498442	0.0413792822708	0.00479209638499	-0.0335701580173	0.00772598304272	-0.0366117024633	0.0339932130364	-0.0244549023925	1.0	0.0299657727526	-0.0105372289055	0.00138116732046	-0.0994978049505	-0.0580990973605	-0.00819391811853	0.0324470654731	0.0287848645396	0.0122227609566	0.0475654536015	-0.0218750829889	-0.0612940572156	-0.014757213964	0.106076380212	-0.0245177804438	-0.0164602090757	-0.0198084953538	0.0263931878244	0.00226277945669	-0.0307104342217	-0.0480702113274	0.00932421139522	0.0223566909808	0.0330279302157	0.00650910286256	0.0300615344215	0.0322632968605	-0.0278879700958	0.00541101504717	-0.0309265650513	-0.0332568447453	-0.0505792637857	0.0234787624706	-0.000694857666461	-0.0127990032982	0.0261459567733	-0.0366840239077	0.0332051761354
k__Bacteria;p__Firmicutes;c__Clostridia;o__Clostridiales;f__Ruminococcaceae;g__Ruminiclostridium;s__[Eubacterium]_siraeum	-0.0101900834876	-0.0318835378271	-0.0542929806889	-0.0289124724373	-0.027629839817	-0.0304812090117	0.0383367281903	-0.00289857682615	0.00609705131133	-0.0147292002262	0.0101626120804	-0.0163745605048	-0.0313168186512	0.00527142702107	0.00445175821383	-0.106867702477	-0.0407491408172	-0.00902581675897	0.0141918479075	-0.0132485396547	0.0299657727526	1.0	-0.0222460337796	-0.02603360952	0.0670555332193	0.00580722404274	0.0188365764993	0.00973879856801	-0.035626854896	-0.0430113788971	-0.0160132349571	-0.0215161622134	0.0465928203033	-0.0325427749236	-0.00187343140187	-0.0217028467209	-0.021493529932	0.0237953146557	0.00234660449427	0.000625870404129	-0.0287062061745	-5.11437807186e-05	-0.0181348024103	0.00442939880835	0.00174966802992	-0.0456252781862	-0.0127706819005	-0.0227922148899	0.0194999603028	-0.0114043397414	-0.0158247336196	-0.0786939260295	0.0503584204318	-0.0259671937888	0.0351822181211	0.0314312586161	-0.0245518550038	-0.0245098965607	-0.0161379795313
k__Bacteria;p__Proteobacteria;c__Betaproteobacteria;o__Burkholderiales;f__Sutterellaceae;g__Parasutterella;s__Parasutterella_excrementihominis	-0.0183257200334	-0.0136894603985	0.00850486049899	-0.0588691632919	0.0376007112313	-0.0541855516221	0.00820388239926	-0.0224244455499	-0.00246500346258	0.0278405306576	-0.000631364885943	-0.00273460621951	-0.0274763483251	-0.00442650373383	-0.0207116563156	0.0120233981176	0.0536161732239	0.0226333813644	-0.0175829209474	-0.0987253277238	-0.0105372289055	-0.0222460337796	1.0	-0.0292726194894	-0.0335345902187	-0.0487791157147	0.00645749535551	0.0550723573981	0.014827233992	-0.0118779468562	-0.00507983300368	-0.0271162592846	0.0749422392136	-0.019589775351	0.0126939467861	-0.0311993976595	0.000782421965521	0.0217749569906	-0.0359155245341	0.00683403691399	-0.0165643182299	0.0323826431171	0.0236802805333	-0.0875373612238	0.0406771854293	0.0331246509472	-0.00981804934119	0.0096654910524	0.0118985292416	-0.0152265548661	0.0233607306887	0.0278211523527	-0.0736410837087	0.0123368030338	0.0123795415479	-0.055006929872	0.0298981429572	-0.0336594161594	-0.0215483922851
k__Bacteria;p__Actinobacteria;c__Actinobacteria;o__Bifidobacteriales;f__Bifidobacteriaceae;g__Bifidobacterium;s__Bifidobacterium_adolescentis	-0.027418675589	-0.0313490739103	0.0341674858354	0.00839374225045	-0.0103333038424	-0.0491964935488	-0.000359814032709	0.0538962110855	-0.0359458116114	-0.0153726524225	0.0192305211021	0.00218517297242	0.0345796655738	-0.00115899795455	-0.100959819632	-0.0563495065909	0.0454728065984	-0.0684366809885	0.00370906092142	0.0479786984802	0.00138116732046	-0.02603360952	-0.0292726194894	1.0	0.0611064600368	0.0207359266049	0.00641004276202	0.0628002386824	-0.0173466618779	0.00822586542356	0.0296174596975	0.0349099926511	-0.0313132197872	-0.0223523353707	-0.00588449431395	5.62601485761e-05	-0.0346400905635	-0.0251824284374	-0.0109581601872	-0.0282329100281	0.0114648070831	-0.025530366206	-0.070551413841	-0.0321701925382	-0.0135958563967	0.0257008543307	0.0136427983101	0.0182397745313	0.0472161781814	0.0257602150907	-0.0291743166283	-0.0203570239922	-0.0401497632121	0.0223660995859	-0.132482376155	0.00182658463929	-0.0167037951324	-0.0171679191533	0.0253442607268
k__Bacteria;p__Firmicutes;c__Clostridia;o__Clostridiales;f__Oscillospiraceae;g__Oscillibacter;s__Oscillibacter_sp._KLE_1745	0.110044917271	0.0244571611661	-0.00246356497769	-0.0536338406341	0.00438756945516	0.0132572802033	-0.0380043995783	-0.0331460932766	-0.0114093611757	-0.0385207074331	-0.0266882395641	-0.0159263950078	-0.00123902019222	0.0131810158858	-0.05122484172	0.00486667021508	0.00562351479448	-0.0709579075579	-0.0520098381677	-0.0238341287293	-0.0994978049505	0.0670555332193	-0.0335345902187	0.0611064600368	1.0	0.00422348728348	0.00134392501639	-0.0252279468167	-0.0505261898783	-0.03272536079	0.0135771891409	-0.0513379499728	0.0781491790188	-0.0265259532424	-0.0106623912161	0.0123131751225	-3.66631840139e-05	-0.0703849704549	-0.00862100559127	-0.00431093130584	0.00837074134037	0.0155702239471	0.00171395277965	0.0140752947641	0.0451075751565	0.00390746001713	0.00675750282023	0.00271818736157	-0.0142645732481	0.0288736565219	-0.0301999645939	-0.00676928232705	-0.0495235428629	-0.0314562167224	0.0267526887638	-0.0496696636626	0.0184517197883	-0.0639311800085	0.0566896124155
k__Bacteria;p__Bacteroidetes;c__Bacteroidia;o__Bacteroidales;f__Bacteroidaceae;g__Bacteroides;s__Bacteroides_coprophilus	0.0111564700986	-0.00898209938844	0.02774151183	0.0093583371256	0.00643170610341	0.0349617932505	-0.0376243253883	0.0168500193821	0.0740303954219	-0.0547470608142	-0.0477069612856	-0.0232182850238	0.00276394015828	0.0327666405265	-0.0319874478942	0.00966774212308	-0.0519448519406	-0.0631665433502	0.000585311076315	-0.0255041581887	-0.0580990973605	0.00580722404274	-0.0487791157147	0.0207359266049	0.00422348728348	1.0	-0.0173840962486	-0.0429281340336	-3.74278241846e-05	-0.0169884252405	-0.0387460636933	0.006288341064	0.0278756134452	0.00348516235947	-0.0395106867387	-0.0170746362943	-0.0433889254013	-0.0105286685411	-0.00292766087123	0.0203159179024	-0.0219704516136	0.0217857811833	0.0672648723905	0.0163446888262	0.00246616801347	-0.00108768356994	-0.0156816715576	0.0183716658766	-0.0428233899101	-0.0356682717479	-0.0177604377271	-0.0365375213074	-0.0097028648545	0.0163933485286	-0.0117156745746	-0.017775403093	0.00431227287699	0.0416592360956	0.000748737715213
k__Bacteria;p__Firmicutes;c__Clostridia;o__Clostridiales;f__Lachnospiraceae;g__Roseburia;s__Roseburia_intestinalis	-0.00680290876628	-0.0323201154379	-0.00240340263956	-0.0101096770064	1.83369854108e-05	0.0722217069829	-0.00730261170499	-0.0123897758637	0.00726085429406	-0.00456598921894	0.0516067154865	-0.0757581169919	-0.0427928060539	-0.0239204997826	0.00645585827832	-0.00687731554861	-0.0154212899312	0.0198473443648	0.00809190225522	0.0229623836336	-0.00819391811853	0.0188365764993	0.00645749535551	0.00641004276202	0.00134392501639	-0.0173840962486	1.0	0.0275561740515	-0.0847980905509	0.00141793583164	-0.058881784527	-0.0713812034316	-0.00509084934823	-0.0371795404222	0.0277262826255	0.0122886861153	-0.0870603151014	0.0472698662022	-0.020812601055	0.0070003878377	0.00289829193297	-0.0848591435349	-0.00088412942583	0.0371891033483	-0.00599463969644	-0.00889774523996	0.00193525236322	-0.0388543164279	0.0664279157922	-0.0447770583415	-0.0139996279807	-0.0312451408269	-0.0267334043502	-0.0317378640273	0.046882503865	-0.00403818576545	4.65049051765e-05	-0.06755155979	-0.0156684325361
k__Bacteria;p__Firmicutes;c__Clostridia;o__Clostridiales;f__Lachnospiraceae;g__Roseburia;s__Roseburia_hominis	0.00813765109054	-0.0385731834467	-0.0109079707357	0.0333238699536	-0.0332348740392	0.00348659360898	0.0261704509227	0.0298996934198	0.0299062335039	0.0343323230103	0.0228401203588	-0.019809479515	-0.0136208503211	0.00976241085425	0.0182747989277	-0.0242422708862	0.021864218416	-0.0220095149001	-0.0076540128517	-0.0470040013901	0.0324470654731	0.00973879856801	0.0550723573981	0.0628002386824	-0.0252279468167	-0.0429281340336	0.0275561740515	1.0	-0.0506113481211	0.00309680327204	-0.0171558777787	-0.0201294955252	-0.0380392526834	0.0679402952381	-0.0176240000507	0.0451861913395	0.00916807198407	0.00159571719545	0.0310350085211	0.0031475591318	0.0038387454256	-0.0448212801049	-0.0240792712465	-0.0317897813424	-0.017296475664	0.011648503315	0.0379291725131	-0.0417662054972	0.09429732145	-0.0142000286352	-0.0312808238182	0.0127151438486	-0.0629290825885	-0.0550153250053	0.0212757430307	-0.00361907464338	-0.0304223710098	0.0227455243421	-0.0713178184686
k__Bacteria;p__Bacteroidetes;c__Bacteroidia;o__Bacteroidales;f__Porphyromonadaceae;g__Parabacteroides;s__Parabacteroides_johnsonii	0.0367568593579	-0.000396121510546	-0.00377754436776	-0.0600282384938	-0.0452285743425	-0.00780223963652	-0.0388994624666	-0.0483972197378	-0.025997100777	-0.0106397086324	-0.0457271236516	-0.0258068097194	0.00909428611634	-0.0748973647775	-0.0498708380804	-0.0113269922157	0.0301061888629	0.0389382988922	-0.0520417674713	0.0201011599908	0.0287848645396	-0.035626854896	0.014827233992	-0.0173466618779	-0.0505261898783	-3.74278241845e-05	-0.0847980905509	-0.0506113481211	1.0	0.0142846624833	0.0309606583943	0.0848614627782	-0.041273536295	-0.0286834919424	0.0387028104007	0.058628687993	0.0441246181634	-0.0264526967545	0.0344108027093	-0.0317807544413	-0.028853841588	0.0360486441208	-0.0191177878438	0.0410488268866	0.027715858727	0.00213203626515	-0.0346666248797	0.0151407212641	-0.0461267153986	-0.0264766518014	0.0286531523474	0.063500496737	-0.0153556656963	0.0394177223529	-0.00827456205129	-0.00636202378301	-0.0646186057293	0.0136238398412	-0.0475348945796
k__Bacteria;p__Actinobacteria;c__Actinobacteria;o__Bifidobacteriales;f__Bifidobacteriaceae;g__Bifidobacterium;s__Bifidobacterium_longum	0.00678327299762	-0.0217214105321	0.0134391641669	0.0552635246515	0.0049021576517	-0.0086612817549	0.0120348630565	0.0186044459634	-0.0102943224961	0.0854086398714	0.00686666829378	-0.0083451695394	-0.065792514597	-0.0197885317027	-0.017338408966	0.0257368276429	-0.0398485132123	-0.0181066469699	0.047581300904	-0.00800768282551	0.0122227609566	-0.0430113788971	-0.0118779468562	0.00822586542356	-0.03272536079	-0.0169884252405	0.00141793583164	0.00309680327204	0.0142846624833	1.0	0.00210552008769	0.0147796443287	-0.029739753592	0.063946016838	-0.0119896359545	0.0995669068609	-0.0876460450821	-0.0443804404024	-0.0153568513297	0.0127285829843	0.023081045639	-0.00708629389428	-0.0600211534643	0.0324493076182	0.0370424397253	-0.0337076022276	-0.0246834603329	-0.0123953342851	-0.0550339016351	0.00981668056495	-0.141799751566	-0.0153458968779	0.0263921669737	9.27139989916e-05	-0.0141352406476	-0.028843821961	-0.0556692725198	-0.0152560728231	-0.0266168779341
