#taxonomy	k__Bacteria;p__Bacteroidetes;c__Bacteroidia;o__Bacteroidales;f__Bacteroidaceae;g__Bacteroides;s__Bacteroides_vulgatus	k__Bacteria;p__Bacteroidetes;c__Bacteroidia;o__Bacteroidales;f__Bacteroidaceae;g__Bacteroides;s__Bacteroides_uniformis	k__Bacteria;p__Bacteroidetes;c__Bacteroidia;o__Bacteroidales;f__Rikenellaceae;g__Alistipes;s__Alistipes_putredinis	k__Bacteria;p__Bacteroidetes;c__Bacteroidia;o__Bacteroidales;f__Prevotellaceae;g__Prevotella;s__Prevotella_copri	k__Bacteria;p__Bacteroidetes;c__Bacteroidia;o__Bacteroidales;f__Bacteroidaceae;g__Bacteroides;s__Bacteroides_stercoris	k__Bacteria;p__Bacteroidetes;c__Bacteroidia;o__Bacteroidales;f__Bacteroidaceae;g__Bacteroides;s__Bacteroides_ovatus	k__Bacteria;p__Bacteroidetes;c__Bacteroidia;o__Bacteroidales;f__Rikenellaceae;g__Alistipes;s__Alistipes_shahii	k__Bacteria;p__Firmicutes;c__Clostridia;o__Clostridiales;f__Ruminococcaceae;g__Faecalibacterium;s__Faecalibacterium_prausnitzii	k__Bacteria;p__Bacteroidetes;c__Bacteroidia;o__Bacteroidales;f__Rikenellaceae;g__Alistipes;s__Alistipes_finegoldii	k__Bacteria;p__Bacteroidetes;c__Bacteroidia;o__Bacteroidales;f__Porphyromonadaceae;g__Parabacteroides;s__Parabacteroides_distasonis	k__Bacteria;p__Bacteroidetes;c__Bacteroidia;o__Bacteroidales;f__Bacteroidaceae;g__Bacteroides;s__Bacteroides_thetaiotaomicron	k__Bacteria;p__Bacteroidetes;c__Bacteroidia;o__Bacteroidales;f__Bacteroidaceae;g__Bacteroides;s__Bacteroides_coprocola	k__Bacteria;p__Bacteroidetes;c__Bacteroidia;o__Bacteroidales;f__Bacteroidaceae;g__Bacteroides;s__Bacteroides_cellulosilyticus	k__Bacteria;p__Bacteroidetes;c__Bacteroidia;o__Bacteroidales;f__Rikenellaceae;g__Alistipes;s__Alistipes_obesi	k__Bacteria;p__Firmicutes;c__Clostridia;o__Clostridiales;f__Lachnospiraceae;g__;s__[Eubacterium]_rectale	k__Bacteria;p__Bacteroidetes;c__Bacteroidia;o__Bacteroidales;f__Bacteroidaceae;g__Bacteroides;s__Bacteroides_plebeius	k__Bacteria;p__Bacteroidetes;c__Bacteroidia;o__Bacteroidales;f__Bacteroidaceae;g__Bacteroides;s__Bacteroides_fragilis	k__Bacteria;p__Proteobacteria;c__Betaproteobacteria;o__Burkholderiales;f__Sutterellaceae;g__Sutterella;s__Sutterella_wadsworthensis	k__Bacteria;p__Bacteroidetes;c__Bacteroidia;o__Bacteroidales;f__Porphyromonadaceae;g__Barnesiella;s__Barnesiella_intestinihominis	k__Bacteria;p__Bacteroidetes;c__Bacteroidia;o__Bacteroidales;f__Odoribacteraceae;g__Odoribacter;s__Odoribacter_splanchnicus	k__Bacteria;p__Bacteroidetes;c__Bacteroidia;o__Bacteroidales;f__Bacteroidaceae;g__Bacteroides;s__Bacteroides_salyersiae	k__Bacteria;p__Firmicutes;c__Clostridia;o__Clostridiales;f__Ruminococcaceae;g__Ruminiclostridium;s__[Eubacterium]_siraeum	k__Bacteria;p__Proteobacteria;c__Betaproteobacteria;o__Burkholderiales;f__Sutterellaceae;g__Parasutterella;s__Parasutterella_excrementihominis	k__Bacteria;p__Actinobacteria;c__Actinobacteria;o__Bifidobacteriales;f__Bifidobacteriaceae;g__Bifidobacterium;s__Bifidobacterium_adolescentis	k__Bacteria;p__Firmicutes;c__Clostridia;o__Clostridiales;f__Oscillospiraceae;g__Oscillibacter;s__Oscillibacter_sp._KLE_1745	k__Bacteria;p__Bacteroidetes;c__Bacteroidia;o__Bacteroidales;f__Bacteroidaceae;g__Bacteroides;s__Bacteroides_coprophilus	k__Bacteria;p__Firmicutes;c__Clostridia;o__Clostridiales;f__Lachnospiraceae;g__Roseburia;s__Roseburia_intestinalis	k__Bacteria;p__Firmicutes;c__Clostridia;o__Clostridiales;f__Lachnospiraceae;g__Roseburia;s__Roseburia_hominis	k__Bacteria;p__Bacteroidetes;c__Bacteroidia;o__Bacteroidales;f__Porphyromonadaceae;g__Parabacteroides;s__Parabacteroides_johnsonii	k__Bacteria;p__Actinobacteria;c__Actinobacteria;o__Bifidobacteriales;f__Bifidobacteriaceae;g__Bifidobacterium;s__Bifidobacterium_longum	k__Bacteria;p__Firmicutes;c__Clostridia;o__Clostridiales;f__;g__Flavonifractor;s__Flavonifractor_plautii	k__Bacteria;p__Firmicutes;c__Clostridia;o__Clostridiales;f__Clostridiaceae;g__Clostridium;s__Clostridium_phoceensis	k__Bacteria;p__Verrucomicrobia;c__Verrucomicrobiae;o__Verrucomicrobiales;f__Akkermansiaceae;g__Akkermansia;s__Akkermansia_muciniphila	k__Bacteria;p__Bacteroidetes;c__Bacteroidia;o__Bacteroidales;f__Prevotellaceae;g__Paraprevotella;s__Paraprevotella_xylaniphila	k__Bacteria;p__Firmicutes;c__Clostridia;o__Clostridiales;f__Ruminococcaceae;g__Ruminococcus;s__Ruminococcus_callidus	k__Bacteria;p__Bacteroidetes;c__Bacteroidia;o__Bacteroidales;f__Rikenellaceae;g__Alistipes;s__Alistipes_senegalensis	k__Bacteria;p__Firmicutes;c__Clostridia;o__Clostridiales;f__Lachnospiraceae;g__Blautia;s__Blautia_sp._KLE_1732	k__Bacteria;p__Bacteroidetes;c__Bacteroidia;o__Bacteroidales;f__Bacteroidaceae;g__Bacteroides;s__Bacteroides_oleiciplenus	k__Bacteria;p__Firmicutes;c__Clostridia;o__Clostridiales;f__Ruminococcaceae;g__Ruminococcus;s__Ruminococcus_bicirculans	k__Bacteria;p__Bacteroidetes;c__Bacteroidia;o__Bacteroidales;f__Bacteroidaceae;g__Bacteroides;s__Bacteroides_fluxus	k__Bacteria;p__Bacteroidetes;c__Bacteroidia;o__Bacteroidales;f__Prevotellaceae;g__Prevotella;s__Prevotella_stercorea	k__Bacteria;p__Firmicutes;c__Clostridia;o__Clostridiales;f__Lachnospiraceae;g__Dorea;s__Dorea_longicatena	k__Bacteria;p__Firmicutes;c__Clostridia;o__Clostridiales;f__Eubacteriaceae;g__Eubacterium;s__[Eubacterium]_eligens	k__Bacteria;p__Firmicutes;c__Clostridia;o__Clostridiales;f__Ruminococcaceae;g__;s__Ruminococcaceae_bacterium_D16	k__Bacteria;p__Firmicutes;c__Clostridia;o__Clostridiales;f__Lachnospiraceae;g__Coprococcus;s__Coprococcus_comes	k__Bacteria;p__Proteobacteria;c__Gammaproteobacteria;o__Enterobacterales;f__Enterobacteriaceae;g__Escherichia;s__Escherichia_coli	k__Bacteria;p__Firmicutes;c__Clostridia;o__Clostridiales;f__Ruminococcaceae;g__Anaerotruncus;s__Anaerotruncus_colihominis	k__Bacteria;p__Firmicutes;c__Clostridia;o__Clostridiales;f__Lachnospiraceae;g__Blautia;s__Blautia_obeum	k__Bacteria;p__Bacteroidetes;c__Bacteroidia;o__Bacteroidales;f__Odoribacteraceae;g__Odoribacter;s__Odoribacter_laneus	k__Bacteria;p__Firmicutes;c__Clostridia;o__Clostridiales;f__Ruminococcaceae;g__Ruminiclostridium;s__[Clostridium]_leptum	k__Bacteria;p__Bacteroidetes;c__Bacteroidia;o__Bacteroidales;f__Porphyromonadaceae;g__Parabacteroides;s__Parabacteroides_goldsteinii	k__Bacteria;p__Firmicutes;c__Clostridia;o__Clostridiales;f__Lachnospiraceae;g__Anaerostipes;s__Anaerostipes_hadrus	k__Bacteria;p__Firmicutes;c__Clostridia;o__Clostridiales;f__Ruminococcaceae;g__Ruminococcus;s__Ruminococcus_lactaris	k__Bacteria;p__Firmicutes;c__Clostridia;o__Clostridiales;f__Clostridiaceae;g__Clostridium;s__Clostridium_sp._L2-50	k__Bacteria;p__Firmicutes;c__Clostridia;o__Clostridiales;f__Clostridiaceae;g__Clostridium;s__Clostridium_sp._M62/1	k__Bacteria;p__Firmicutes;c__Clostridia;o__Clostridiales;f__;g__Intestinimonas;s__Intestinimonas_butyriciproducens	k__Bacteria;p__Actinobacteria;c__Actinobacteria;o__Bifidobacteriales;f__Bifidobacteriaceae;g__Bifidobacterium;s__Bifidobacterium_bifidum	k__Bacteria;p__Firmicutes;c__Negativicutes;o__Veillonellales;f__Veillonellaceae;g__Dialister;s__Dialister_invisus	k__Bacteria;p__Bacteroidetes;c__Bacteroidia;o__Bacteroidales;f__Bacteroidaceae;g__Bacteroides;s__Bacteroides_salanitronis
k__Bacteria;p__Bacteroidetes;c__Bacteroidia;o__Bacteroidales;f__Bacteroidaceae;g__Bacteroides;s__Bacteroides_vulgatus	1.0	0.0471212068468	0.0384990561138	-0.113490544342	0.025691284221	0.0109471611595	0.0136478378299	0.0355827762375	0.0132646865206	-0.0227977076829	-0.0601526343997	0.00102758258119	-0.0546459377252	0.0479434524445	0.0660029262981	-0.0600322401016	-0.042977893933	0.0178467431741	-0.00416814612245	-0.0246909165636	-0.00246144355286	0.0147200294189	-0.00937626867146	0.00196958143198	-0.0334502278155	-0.0405561028957	-0.00961620020632	-0.0187136063381	0.0158675770926	-0.0117486713012	-0.0172086340378	0.0235177783417	-0.00907605207703	-0.036665814824	0.0123062934454	-0.00522718405782	-0.0498021401448	-0.0637801398881	0.0108546455855	0.0254683324578	-0.0470407362387	0.00187068196701	0.0364969081614	0.000417742352002	-0.00658579182596	0.0238457563472	-0.0010129886436	-0.0196478591125	-0.0284624644143	-0.0229541564284	-0.045506694512	0.0397931191133	0.00298796345311	0.0462490207238	0.025455400638	-0.00424375910795	-0.0042393458308	-0.0408032087655	-0.0359435826052
k__Bacteria;p__Bacteroidetes;c__Bacteroidia;o__Bacteroidales;f__Bacteroidaceae;g__Bacteroides;s__Bacteroides_uniformis	0.0471212068468	1.0	0.0243353154155	-0.0626757367097	0.0407225274743	0.0276728372736	-0.0409884756866	-0.0348569078856	0.0502029328865	-0.0358105808343	0.0259207872904	-0.0566121861013	-0.0017970586832	-0.00587245269578	-0.0405663769399	0.0140723663625	-0.036550152011	-0.041733317885	0.00751308514494	0.0251556501934	0.024894682041	-0.0111359974826	0.0101244718034	0.0234884544938	0.00871302776839	-0.0385029420402	-0.020931433909	-0.0117326225067	-0.0259476146672	0.0798248524604	0.0514074354308	-0.0715436491768	-0.101693946412	-0.0233931271322	0.0444920704133	0.00373875389532	-0.0140606073294	-0.0351963332582	0.00523735989602	-0.103243683633	-0.0280494709522	-0.0396439511518	0.0213729157244	-0.0155446137261	-0.00259742219334	-0.0166851381034	0.0373157677629	-0.0335512408894	0.014715823815	-0.0076226302335	-0.0116063087861	-0.0468714751238	-0.016103386631	-0.0330003867576	0.00460903728008	0.0149273698507	-0.022766067341	-0.0296694998589	0.00921734216975
k__Bacteria;p__Bacteroidetes;c__Bacteroidia;o__Bacteroidales;f__Rikenellaceae;g__Alistipes;s__Alistipes_putredinis	0.0384990561138	0.0243353154155	1.0	0.0103950253732	0.0522658061815	0.0390061887336	-0.0324308063613	-0.0086875456887	0.0117618479318	0.078685542488	-0.0123745822903	-0.028167789957	0.00296784836557	-0.0153235729631	0.000771319324076	-0.0303956875829	0.0102015933486	-0.0308421147143	0.00183742773414	-0.0561769561466	-0.0396359862926	-0.0320551856692	-0.0498322488351	-0.0125079747064	0.022551971354	-0.0160146603758	0.0666034984472	-0.0594572007749	0.0218526092409	0.0141142725898	0.0452213478481	0.00471056386297	-0.00901299965835	0.0136053738674	0.065612180095	-0.0227766866558	0.0150730330343	-0.0314859838312	-0.0222999063461	-0.0450073432484	0.00123744045287	0.0363464759827	-0.00440372372404	-0.0642615678575	0.0522310111617	-0.0220753736621	0.0543233265684	-0.0499480481786	-0.0101763225918	-0.028101837163	0.0138345285065	-0.000144442565036	-0.06427914651	0.0321039095009	-0.0323606020967	-0.00593414631593	0.0166767978802	-0.0474397436054	0.0641695053749
k__Bacteria;p__Bacteroidetes;c__Bacteroidia;o__Bacteroidales;f__Prevotellaceae;g__Prevotella;s__Prevotella_copri	-0.113490544342	-0.0626757367097	0.0103950253732	1.0	0.0328655779837	0.0443145165708	0.00260188106735	-0.00373664803613	-0.0145251605736	0.0180201625739	0.00491772687096	-0.0243748372667	-0.0310912062976	0.0535441617336	0.0478439701061	0.02344624813	-0.0298574089729	-0.0326836716873	-0.0545333438925	-0.0440276436898	0.0348205270336	-0.00659298907893	0.00646007128561	-0.0201395965495	-0.0571512441794	-0.00121711503623	-0.02946207232	-0.0313352003008	0.0300101949102	0.000689995604907	0.000963702273437	-0.0156418445789	-0.0127497566315	-0.0240592669584	0.0357390553907	-0.0244001589239	-0.0291837637764	0.0280954945283	0.0166948352073	0.0129167657447	-0.00956837036722	0.00252815389084	0.0396721841858	0.0200420701589	-0.0268189665987	-0.0260621030862	-0.00765158625038	0.0311411446262	0.000979112033291	0.0153541963369	-0.0268354985026	-0.0293487565676	-0.032352156073	-0.0830876800548	0.00418713319316	0.0145262983658	-0.0141919636913	0.0271239046017	0.0310386856686
k__Bacteria;p__Bacteroidetes;c__Bacteroidia;o__Bacteroidales;f__Bacteroidaceae;g__Bacteroides;s__Bacteroides_stercoris	0.025691284221	0.0407225274743	0.0522658061815	0.0328655779837	1.0	-0.00711029410981	-0.0355144408272	0.0469118989338	-0.0839638232335	0.0143703801885	-0.0209394186094	0.00224616358369	-0.0508243551346	0.0239735191191	-0.020994848855	-0.00228260070371	-0.0338668796092	-0.0129037012083	0.0491559534315	-0.0325364377433	0.0144422344405	0.0407857216686	0.0195070897741	0.0119476261028	0.0315423140808	-0.0164323934329	-0.0359532317207	-0.0206502141004	-0.0627060381327	0.0214819888495	0.0498290878844	-0.00937902103275	-0.0212361255545	0.0292523002553	0.036037351995	0.0158445824893	-0.109871752983	-0.0374631019327	-0.0190035204533	-0.00894289536877	-0.0250436656063	-0.0051068984152	0.0427726651143	-0.032833064222	-0.0291524242699	-0.0204889701951	-0.0158709583791	-0.0375755979527	-0.00922483663981	-0.0243893682828	-0.0477510114292	-0.0424679510478	0.0328170988345	0.0397188844242	0.0647586569522	-0.0108177512601	-0.0360068063177	0.0784673272123	-0.00677923200088
k__Bacteria;p__Bacteroidetes;c__Bacteroidia;o__Bacteroidales;f__Bacteroidaceae;g__Bacteroides;s__Bacteroides_ovatus	0.0109471611595	0.0276728372736	0.0390061887336	0.0443145165708	-0.00711029410981	1.0	0.0440209709248	0.0118295611118	0.0205033504064	0.0273302800476	-0.0347043496365	0.00214689042456	-0.0723584164531	-0.00173147705928	0.0101589687012	-0.088219907083	0.00343315939612	0.0415040882847	0.036140974061	0.0109302528511	0.0503582911556	-0.0455277333578	-0.0184201545588	-0.0503392682545	0.0550553043209	0.0271121740437	-0.0516083577513	0.0239687601936	-0.0151152595987	-0.0219717347124	0.0154261589166	-0.0387238224746	-0.00702096071881	0.001205674226	0.0120256332896	0.0321307475861	-0.0207197270884	-0.00524233981827	-0.0658035153261	0.0223341090219	0.0620896475516	-0.0199639625875	-0.0371794914797	0.034695552595	0.0297477482023	-0.0346792900824	0.0241529926515	0.0036021264436	-0.0538964751435	0.0415995118909	-0.000500073732931	-0.0570264641211	0.0218488971054	0.0280466905344	0.030258052627	0.0105970825877	-0.014332091671	0.0220295512418	-0.0259533948435
k__Bacteria;p__Bacteroidetes;c__Bacteroidia;o__Bacteroidales;f__Rikenellaceae;g__Alistipes;s__Alistipes_shahii	0.0136478378299	-0.0409884756866	-0.0324308063613	0.00260188106735	-0.0355144408272	0.0440209709248	1.0	-0.00971882453211	-0.0586097677453	0.0253859519736	0.000738409708626	-0.0357560849589	0.0275226192764	-0.0244546021459	-0.0123261178851	-0.0415758783688	-0.00969018271505	0.0150656676457	-0.0466708107669	-0.0345218984632	0.0405742252343	-0.0177405529515	-0.019288761803	-0.00950761873149	-0.0400628693721	-0.0128284382535	-0.0155479206291	0.00326628704007	0.0235614160131	-0.0155425473491	0.00612889946887	0.00673056603499	0.060679483339	0.0212270675784	-0.0570093576234	0.0090503686039	0.042165841394	-0.00505040894181	-0.0216189968779	0.0339124327198	0.0436666240386	-0.0805552963288	0.00268251559711	-0.0280839673617	0.0931821303178	0.00668863559768	-0.00561816861699	-0.0760858987416	0.0199744644782	-0.0415015302758	0.00853140899638	0.0141009272907	0.0438436985248	-0.0317826733539	-0.0420906709308	0.0120262471456	-0.033239658797	-0.0382782498481	-0.0461523488587
k__Bacteria;p__Firmicutes;c__Clostridia;o__Clostridiales;f__Ruminococcaceae;g__Faecalibacterium;s__Faecalibacterium_prausnitzii	0.0355827762375	-0.0348569078856	-0.0086875456887	-0.00373664803613	0.0469118989338	0.0118295611118	-0.00971882453211	1.0	0.0134302296997	0.00320915426553	0.0289318450067	-0.00875988547651	-0.026320048637	0.00823598071568	0.00224833357905	0.0638322289569	-0.00977144915011	0.0102471103337	-0.0675513680666	-0.049657758124	0.0556985674718	0.0257104648643	0.0131657902457	0.0384855402454	-0.0358418160049	0.0103241056769	-0.0425322773337	0.0398770357069	0.0121806367262	-0.00229636069003	-0.000868613449782	-0.0158264136613	0.0110854901953	0.00846851247759	-0.023390325175	-0.0359122607986	-0.0189123424227	0.0111674582895	0.0302194775084	0.0657532489733	-0.00307120049717	-0.044845481271	-0.0465399229323	0.0480187268627	-0.0720076749575	-0.0658058795685	-0.0388738030834	0.0396415007656	-0.0205820147167	0.0156153525604	-0.0071941557928	-0.0348926931116	-0.0251794527791	-0.0255957718934	0.0228657865845	0.0155745376049	-0.0195328350415	-0.0362929292404	-0.031711300328
k__Bacteria;p__Bacteroidetes;c__Bacteroidia;o__Bacteroidales;f__Rikenellaceae;g__Alistipes;s__Alistipes_finegoldii	0.0132646865206	0.0502029328865	0.0117618479318	-0.0145251605736	-0.0839638232335	0.0205033504064	-0.0586097677453	0.0134302296997	1.0	-0.0734288261002	-0.0143310936501	0.055040601542	-0.00365656892012	-0.0109148980162	-0.0456232464384	-0.0163595808797	0.0615219598661	-0.00587079575369	0.0350515825423	-0.0437503999319	-0.0300366335231	-0.0251007482589	-0.0183906202395	0.0385475417873	-0.0404081134704	-0.0103563893979	0.0158392602782	0.0281804489758	-0.00553399983437	-0.0253849724005	0.0376770722851	-0.0738097962066	-0.00144010654359	-0.00321252069978	-0.0232692507206	-0.0479403862289	-0.0378414209965	-0.00280338187748	-0.0200395897869	0.0306482852161	0.0579001496262	-0.0145217649996	0.0153161947585	0.0213011917503	0.0131854607846	-0.0551600326901	-0.04358024591	-0.028984394838	0.00430280469649	0.0389925571204	-0.0166052708836	0.0194848204616	-0.0207662439564	0.006816395984	0.0288630750786	-0.00935569184821	-0.00370301777991	0.0056205190592	0.00205502057876
k__Bacteria;p__Bacteroidetes;c__Bacteroidia;o__Bacteroidales;f__Porphyromonadaceae;g__Parabacteroides;s__Parabacteroides_distasonis	-0.0227977076829	-0.0358105808343	0.078685542488	0.0180201625739	0.0143703801885	0.0273302800476	0.0253859519736	0.00320915426553	-0.0734288261002	1.0	0.0364877786747	0.0665472627083	0.00390632123479	0.0645831385571	-0.0549445314005	0.0110238987937	-0.0557637429426	-0.0712545646415	0.0321218063663	-0.0152687141298	-0.0297688744026	0.00112981949414	-0.0010046834273	-0.0767322249231	0.00261631100009	0.0021346301352	0.0202603591151	-0.0185453916583	-0.0631787681324	-0.0525844043481	0.0123540087171	-0.0325722730476	0.0217224518374	0.000153027558148	-0.0109328730256	-0.0503246863461	0.0502281308971	-0.0539697713492	-0.0205795580505	-0.0133858642893	-0.0161042283885	0.0358345910344	0.0137035303046	0.0135335570457	0.0336057827993	0.0400095301569	0.00953866687989	-0.0292037959953	-0.00643632733062	0.0244897628455	0.0420563444873	-0.0518769966515	0.000163254689328	-0.0123937245686	-0.0175105754954	-0.0173155394794	-0.0381069632834	0.0060076495418	0.0112472444251
k__Bacteria;p__Bacteroidetes;c__Bacteroidia;o__Bacteroidales;f__Bacteroidaceae;g__Bacteroides;s__Bacteroides_thetaiotaomicron	-0.0601526343997	0.0259207872904	-0.0123745822903	0.00491772687096	-0.0209394186094	-0.0347043496365	0.000738409708626	0.0289318450067	-0.0143310936501	0.0364877786747	1.0	-0.0788796513781	-0.0456275107764	-0.0335482485792	-0.0173936849932	0.0275594615072	-0.0423137737222	-0.00779401584599	-0.00790200499835	-0.0374736141876	-0.0781757836641	0.0831064784705	-0.000837805720953	0.018467010758	0.0109833730443	0.00151454831504	-0.0191276196323	-0.00505701082431	0.014305721893	-0.013056584718	0.0234203602224	0.0368154429031	-0.000896815531219	-0.0870353076322	-0.0166596041831	-5.26419634324e-05	0.0385111465345	0.00849937807352	0.0559438615616	0.00459792512844	0.0489060895356	-0.0227283117282	-0.0114263596738	-0.00481159976464	0.0272561200286	-0.0217141805453	-0.00620170756227	-0.0274262685399	-0.0235472206455	-0.0284104376549	-0.0603356962098	0.00316994972532	-0.0425307934559	-0.0140618015742	0.0102851742219	0.0279360443896	0.0132023024728	-0.0203306198026	0.0155810448943
k__Bacteria;p__Bacteroidetes;c__Bacteroidia;o__Bacteroidales;f__Bacteroidaceae;g__Bacteroides;s__Bacteroides_coprocola	0.00102758258119	-0.0566121861013	-0.028167789957	-0.0243748372667	0.00224616358369	0.00214689042456	-0.0357560849589	-0.00875988547651	0.055040601542	0.0665472627083	-0.0788796513781	1.0	0.00808730611528	-0.0341887894876	-0.00635671833621	0.023937774613	0.0497398124059	0.000970588173989	0.0526410237853	-0.0273012703634	0.0284937888431	0.0068829592014	-0.00764804443524	0.0156230206381	0.0562956258658	-0.0670646583173	-0.0598897159496	-0.0162005493418	-0.0225896202385	-0.0471558615575	-0.0349308980053	-0.0210828612088	0.0141347093445	-0.046037887165	-0.0218537984677	0.0202996483138	-0.00861582641649	-0.0124869329169	-0.0512132509442	0.0116366312479	-0.0333087728666	-0.0512672438237	0.0114624361706	0.00317816247759	-0.00815509084279	0.0357740412105	-0.0546604483507	0.0335943626537	-0.025511050164	0.0093758790896	-0.0100455157699	-0.0117948906161	0.0580366521777	0.00828215994191	0.00483056270442	-0.0216425517509	-0.0100923157577	-0.0679287027292	-0.0115101879184
k__Bacteria;p__Bacteroidetes;c__Bacteroidia;o__Bacteroidales;f__Bacteroidaceae;g__Bacteroides;s__Bacteroides_cellulosilyticus	-0.0546459377252	-0.0017970586832	0.00296784836557	-0.0310912062976	-0.0508243551346	-0.0723584164531	0.0275226192764	-0.026320048637	-0.00365656892012	0.00390632123479	-0.0456275107764	0.00808730611528	1.0	-0.0219812850633	0.0405114572068	-0.0364276132571	-0.0273909462419	-0.00179850823193	-0.00316062855757	0.01366377074	0.0332868566041	0.042643023913	-0.0201868459681	-0.0296536998478	-0.0376222598741	0.00413749908471	-0.0553729465768	-0.0221499790966	-0.0506540083914	0.0483652730947	-0.0168154794507	-0.0679443896216	-0.0408926683279	0.0872909097727	-0.0211950519599	0.0472610571909	-0.0653316981558	-0.0350871893201	0.0783868618005	0.0416515298826	0.027760587828	-0.0657890764332	-0.029239111609	-0.0427252651432	-0.0154626359738	0.0503869611876	-0.00584922955057	-0.0498210322198	-0.00216797409448	0.00506332549074	-0.00686703557896	-0.0125212224724	-0.0155451364479	0.0582676180833	0.0251155156697	-0.0243875500446	-0.0101187954472	0.00544717400394	-0.0421397028485
k__Bacteria;p__Bacteroidetes;c__Bacteroidia;o__Bacteroidales;f__Rikenellaceae;g__Alistipes;s__Alistipes_obesi	0.0479434524445	-0.00587245269578	-0.0153235729631	0.0535441617336	0.0239735191191	-0.00173147705928	-0.0244546021459	0.00823598071568	-0.0109148980162	0.0645831385571	-0.0335482485792	-0.0341887894876	-0.0219812850633	1.0	-0.0197728360982	0.0113024362818	-0.0360358943757	-0.0156153404817	0.0573325484934	-0.0314466467976	-0.0451822773379	-0.0353337743662	-0.0157131488328	0.00763438616539	0.00268457900645	0.0179703858171	-0.0234770126099	-0.0193551018504	-0.0449852728545	-0.0400965844303	-0.0403267848873	0.00211909821797	0.00361990843519	-0.0934067422091	0.000780862597803	-0.0252782547152	0.0447152661832	-0.00392741975525	-0.0133772757506	-0.0285302658657	-0.043906065039	0.0351563075255	0.00221165858883	-0.00794797613217	0.00729233952935	-0.00225504814026	0.0140029272145	-0.0390689050111	-0.0199228797885	0.0137597897271	0.0244205729765	-0.0324675482481	0.0402691499876	-0.096140464712	-0.062893837893	0.0177259595968	0.0339106113177	0.00796243980384	0.000961725678845
k__Bacteria;p__Firmicutes;c__Clostridia;o__Clostridiales;f__Lachnospiraceae;g__;s__[Eubacterium]_rectale	0.0660029262981	-0.0405663769399	0.000771319324076	0.0478439701061	-0.020994848855	0.0101589687012	-0.0123261178851	0.00224833357905	-0.0456232464384	-0.0549445314005	-0.0173936849932	-0.00635671833621	0.0405114572068	-0.0197728360982	1.0	-0.010574373369	0.0160965714121	-0.0374078577455	-0.0236105438313	-0.0252365624496	0.0325255514819	-0.0532499620984	-0.0830228160784	0.0462895654078	0.0439861539912	0.000751627257896	0.00479770360341	-0.0286276743387	-0.0448676863115	-0.0656169014046	0.0564360561018	0.0141514363685	0.00980593848169	0.00193743298971	-0.0112011853959	0.0274444637453	-0.0580970610468	0.0187486289354	-0.0253012126668	-0.0113009076372	-0.0164133345802	-0.00372157974193	-0.0574189114578	-0.0502392784011	-0.0402416203554	-0.0376480991219	-0.0151979561562	0.00965100984961	0.0436682529384	-0.0320041454308	0.0758885122482	-0.0367495995743	-0.0530943725104	-0.00072527546799	0.00111877215135	0.022612366749	0.0110629572643	-0.00101070802907	0.011215701525
k__Bacteria;p__Bacteroidetes;c__Bacteroidia;o__Bacteroidales;f__Bacteroidaceae;g__Bacteroides;s__Bacteroides_plebeius	-0.0600322401016	0.0140723663625	-0.0303956875829	0.02344624813	-0.00228260070371	-0.088219907083	-0.0415758783688	0.0638322289569	-0.0163595808797	0.0110238987937	0.0275594615072	0.023937774613	-0.0364276132571	0.0113024362818	-0.010574373369	1.0	0.0312698961951	-0.0326335146848	0.0155839038764	-0.0271299762194	-0.0484883293631	0.0057019673153	0.0173192846158	0.00591855952957	0.0206179928492	-0.0192677119572	0.0306594094556	-0.0728993711905	0.0477013313109	-0.0118974515482	-0.0023462080166	0.0187951378313	-0.000885660537307	0.00268426714969	-0.00253923999312	-0.00496399814056	0.023321593646	0.0221557429735	-0.0366271669819	0.0334517449445	-0.0286782596276	-0.015933955782	0.0411259606943	-0.0219780866028	0.0153879482665	-0.0524823269238	-0.029647141619	-0.0347531247331	0.0462117218142	0.0322725340248	-0.0982234890505	-0.00976867175576	-0.00173561820639	-0.0401887923583	0.0121720520343	-0.0139833046979	0.0214524867498	0.00813521445154	0.0546610959072
k__Bacteria;p__Bacteroidetes;c__Bacteroidia;o__Bacteroidales;f__Bacteroidaceae;g__Bacteroides;s__Bacteroides_fragilis	-0.042977893933	-0.036550152011	0.0102015933486	-0.0298574089729	-0.0338668796092	0.00343315939612	-0.00969018271505	-0.00977144915011	0.0615219598661	-0.0557637429426	-0.0423137737222	0.0497398124059	-0.0273909462419	-0.0360358943757	0.0160965714121	0.0312698961951	1.0	-0.0354752730486	-0.0659120936866	-0.0165150820526	0.0340306457442	0.00989734110812	-0.0156862749527	-0.035230734559	-0.0228059131064	-0.0669135685422	0.0198399176189	0.00611170035136	0.00444558808109	-0.00361012464368	-0.0247805624414	-0.00321049451568	-0.0182583136333	-0.049604831981	0.0331564993746	-0.050329009233	-0.0415612148972	-0.00346517272883	-0.0118237716707	0.0031363558749	-0.028570968099	-0.0234302078008	0.011819012817	-0.00677038780608	0.0131385878596	0.0115294615805	0.0401039720846	-0.0167522095118	-0.0304177105695	0.0201386245196	-0.000704117759974	0.00341338716021	0.0477190286908	-0.0085997066464	-0.0424200295069	-0.0013846842986	-0.0229207680076	-0.0676400231132	0.0247672985869
k__Bacteria;p__Proteobacteria;c__Betaproteobacteria;o__Burkholderiales;f__Sutterellaceae;g__Sutterella;s__Sutterella_wadsworthensis	0.0178467431741	-0.041733317885	-0.0308421147143	-0.0326836716873	-0.0129037012083	0.0415040882847	0.0150656676457	0.0102471103337	-0.00587079575369	-0.0712545646415	-0.00779401584599	0.000970588173989	-0.00179850823193	-0.0156153404817	-0.0374078577455	-0.0326335146848	-0.0354752730486	1.0	-0.0106886685754	0.0604934729328	-0.00636976662381	-0.0190648677454	-0.0160767788584	0.0331093996089	0.0123866171512	-0.00531675609375	0.0105831362299	-0.00609948459857	0.0589701963987	-0.0234193464589	-0.0591200044747	0.065691191818	-0.0868486617007	0.0295748209601	-0.0565604979057	0.047859131112	-0.0166415675365	0.0122585903815	0.0725116071662	-0.0614600249082	0.00167734274242	0.0236438342694	-0.0220954657079	0.00179000847784	0.00282765489839	-0.00921787096621	-0.00797365256182	-0.0614151612696	0.0336950339492	0.0214375738325	-0.0187646875625	-0.0130138781837	0.0105999945166	0.0527693466299	-0.0104734061056	-0.0260573069918	-0.055600260917	-0.0517921782651	0.0367670059597
k__Bacteria;p__Bacteroidetes;c__Bacteroidia;o__Bacteroidales;f__Porphyromonadaceae;g__Barnesiella;s__Barnesiella_intestinihominis	-0.00416814612245	0.00751308514494	0.00183742773414	-0.0545333438925	0.0491559534315	0.036140974061	-0.0466708107669	-0.0675513680666	0.0350515825423	0.0321218063663	-0.00790200499835	0.0526410237853	-0.00316062855757	0.0573325484934	-0.0236105438313	0.0155839038764	-0.0659120936866	-0.0106886685754	1.0	0.0279051957199	0.0220838355747	-0.00971437609659	-0.0374779853664	0.00284128345436	-0.0961143033905	0.00279879119965	-0.0683058081799	-0.029253288541	-0.0251962126917	0.00689088024171	-0.00495004668335	-0.0531014663399	-0.100021786392	0.0196857277621	0.0417088881436	-0.0252406679443	-0.0143010996339	-0.00872345011497	0.0228740126671	0.0667695416663	0.00635796709585	0.10156288343	-0.00390264107426	-0.0386851142626	-0.00329432455297	-0.0532837817285	0.0477203702558	0.00310236344023	0.0188392066158	0.00869447851933	-0.0484379468412	0.0297215275495	-0.022167619718	-0.0186990215384	0.00592699086107	0.00348660262498	-0.021436609431	0.0180886554788	0.0306841512097
k__Bacteria;p__Bacteroidetes;c__Bacteroidia;o__Bacteroidales;f__Odoribacteraceae;g__Odoribacter;s__Odoribacter_splanchnicus	-0.0246909165636	0.0251556501934	-0.0561769561466	-0.0440276436898	-0.0325364377433	0.0109302528511	-0.0345218984632	-0.049657758124	-0.0437503999319	-0.0152687141298	-0.0374736141876	-0.0273012703634	0.01366377074	-0.0314466467976	-0.0252365624496	-0.0271299762194	-0.0165150820526	0.0604934729328	0.0279051957199	1.0	-0.0201232780252	0.0736930860696	-0.0901841722425	-0.00864906519795	0.0278135796517	0.0162128572956	-0.0125977177877	0.0130695387997	-0.0101983580664	-0.050195271994	-0.0504457783047	0.0619843660683	-0.0245304073153	-0.0616689710193	0.00473499472513	0.047708017335	0.0330943687842	-0.0143585147305	0.0510188463324	-0.00405053497556	0.0171750782004	0.0491100080185	0.000182477737681	0.0100559483888	-0.029052572558	-0.0661866135243	0.0470223527978	0.0145653932499	-0.0097164163632	-0.0892907121009	-0.00826116250207	-0.0187644852018	0.0333617572687	0.0262638661156	0.0135472654391	0.00232864637264	-0.0226981984606	-0.0301704951673	0.0397508188721
k__Bacteria;p__Bacteroidetes;c__Bacteroidia;o__Bacteroidales;f__Bacteroidaceae;g__Bacteroides;s__Bacteroides_salyersiae	-0.00246144355286	0.024894682041	-0.0396359862926	0.0348205270336	0.0144422344405	0.0503582911556	0.0405742252343	0.0556985674718	-0.0300366335231	-0.0297688744026	-0.0781757836641	0.0284937888431	0.0332868566041	-0.0451822773379	0.0325255514819	-0.0484883293631	0.0340306457442	-0.00636976662381	0.0220838355747	-0.0201232780252	1.0	-0.0520701566403	-0.00942017469714	-0.0436401470709	-0.00886342646835	0.0045080812354	-0.0435359269484	-0.0246592027683	0.00145974416962	-0.0379112838293	-0.00422113807352	-0.0558746605369	-0.0298760287251	-0.0302564843809	-0.0335390598412	0.0258163528722	0.0755375775551	0.0108986873536	-0.0672237929483	-0.0477633345058	0.0310805046934	0.0185637721213	-0.0626498409173	-0.0145102560848	-0.0396176096854	0.0531751161461	-0.0442511715357	0.0632892270141	0.000552542240505	0.00940173133096	-0.0026109333757	-0.01887798039	0.0292744063356	-0.0248743655424	0.0106105362499	-0.059252227519	0.0255612454522	0.0124446968981	-0.0482884343286
k__Bacteria;p__Firmicutes;c__Clostridia;o__Clostridiales;f__Ruminococcaceae;g__Ruminiclostridium;s__[Eubacterium]_siraeum	0.0147200294189	-0.0111359974826	-0.0320551856692	-0.00659298907893	0.0407857216686	-0.0455277333578	-0.0177405529515	0.0257104648643	-0.0251007482589	0.00112981949414	0.0831064784705	0.0068829592014	0.042643023913	-0.0353337743662	-0.0532499620984	0.0057019673153	0.00989734110812	-0.0190648677454	-0.00971437609659	0.0736930860696	-0.0520701566403	1.0	-0.00978920764723	-0.000401875370369	0.0203577710808	-0.0570299599018	-0.0310399353667	-0.0284584579196	-0.034790399243	0.000483554414168	0.0147021140246	0.0367105573634	0.0244053186347	-0.00769365024373	-0.0255121716225	0.0303609707367	0.00220764540849	0.0148165027683	0.0426993564637	-0.0575796311191	-0.00816136876072	-0.0191593632345	-0.0298710184002	-0.0477357224338	0.0102859314883	0.0383273872803	-0.0211884325229	0.0798562798291	-0.0502771434602	-0.00231493186959	-0.0447743241782	-0.00234605013166	0.00791164951552	0.0142033428172	-0.0148428487475	-0.0174139754517	-0.0887946488471	-0.0540194773965	0.0270939174483
k__Bacteria;p__Proteobacteria;c__Betaproteobacteria;o__Burkholderiales;f__Sutterellaceae;g__Parasutterella;s__Parasutterella_excrementihominis	-0.00937626867146	0.0101244718034	-0.0498322488351	0.00646007128561	0.0195070897741	-0.0184201545588	-0.019288761803	0.0131657902457	-0.0183906202395	-0.0010046834273	-0.000837805720953	-0.00764804443524	-0.0201868459681	-0.0157131488328	-0.0830228160784	0.0173192846158	-0.0156862749527	-0.0160767788584	-0.0374779853664	-0.0901841722425	-0.00942017469714	-0.00978920764723	1.0	-0.00272415306295	0.00756586572769	-0.00573438010342	-0.0102342736603	-0.0223509535236	0.0205291895156	0.0294149689467	-0.0594916039279	-0.0179978983781	-0.0349110211641	-0.0285694216819	-0.0128742676381	0.0208506860418	0.0183381622823	-0.020648626974	-0.00207423620512	0.0238456477127	-0.00674822781442	-0.0141019556165	-0.00394030104593	-0.0262860993577	-0.0350434145333	0.0480207927264	-0.0412719187767	0.0294398374105	0.0113757897309	0.0351535443315	-0.0479775126678	0.0443931614998	-0.0135384072518	0.0334843732786	0.0300215644759	-0.0320600724363	0.0143738829226	0.0159418691472	0.011539273264
k__Bacteria;p__Actinobacteria;c__Actinobacteria;o__Bifidobacteriales;f__Bifidobacteriaceae;g__Bifidobacterium;s__Bifidobacterium_adolescentis	0.00196958143198	0.0234884544938	-0.0125079747064	-0.0201395965495	0.0119476261028	-0.0503392682545	-0.00950761873149	0.0384855402454	0.0385475417873	-0.0767322249231	0.018467010758	0.0156230206381	-0.0296536998478	0.00763438616539	0.0462895654078	0.00591855952957	-0.035230734559	0.0331093996089	0.00284128345436	-0.00864906519795	-0.0436401470709	-0.000401875370369	-0.00272415306295	1.0	0.00679636039728	0.00961688421431	-0.031508678145	-0.0216919904758	-0.0190692166741	-0.0604645004372	0.0248887214548	-0.0484547107375	0.00574064869614	-0.0229700428967	0.00449372589293	-0.00580859702423	-0.0222960276955	0.00962012107187	0.00789046360467	-0.0714048879412	-0.0374636331557	-0.0197663676536	-0.0139439455661	-0.00439226668147	0.0139387418388	0.0337570816662	-0.0172318563723	-0.00102664450449	-0.0147582293173	-0.00900849519759	-0.0644706952335	-0.0194717104424	-0.0211603102781	0.0338253239992	-0.0431949574637	0.0138910067436	-0.0395348846637	-0.0174753345338	0.00818943542767
k__Bacteria;p__Firmicutes;c__Clostridia;o__Clostridiales;f__Oscillospiraceae;g__Oscillibacter;s__Oscillibacter_sp._KLE_1745	-0.0334502278155	0.00871302776839	0.022551971354	-0.0571512441794	0.0315423140808	0.0550553043209	-0.0400628693721	-0.0358418160049	-0.0404081134704	0.00261631100009	0.0109833730443	0.0562956258658	-0.0376222598741	0.00268457900645	0.0439861539912	0.0206179928492	-0.0228059131064	0.0123866171512	-0.0961143033905	0.0278135796517	-0.00886342646835	0.0203577710808	0.00756586572769	0.00679636039728	1.0	-0.0322096590615	0.0187124073143	-0.0382266728212	0.000721294670023	-0.0547038375354	-0.00326087842263	-0.046403507014	-0.00884628796888	-0.014274064595	0.00337488471579	0.00413535438625	-0.00988203911007	-0.0216409413805	0.0195712859062	-0.0287685135617	-0.00478986864952	-0.0114054881456	-0.0344578341384	-0.0346920267221	-0.063685298377	-0.0749238671799	0.0491945117829	0.0590277175716	0.0171943274187	-0.00570998617169	0.0086873758521	-0.0316645040419	0.00236638421478	-0.00367662354211	0.0278666275499	-0.00949180683442	-0.0172712089395	0.0451181189588	-0.0595270661517
k__Bacteria;p__Bacteroidetes;c__Bacteroidia;o__Bacteroidales;f__Bacteroidaceae;g__Bacteroides;s__Bacteroides_coprophilus	-0.0405561028957	-0.0385029420402	-0.0160146603758	-0.00121711503623	-0.0164323934329	0.0271121740437	-0.0128284382535	0.0103241056769	-0.0103563893979	0.0021346301352	0.00151454831504	-0.0670646583173	0.00413749908471	0.0179703858171	0.000751627257896	-0.0192677119572	-0.0669135685422	-0.00531675609375	0.00279879119965	0.0162128572956	0.0045080812354	-0.0570299599018	-0.00573438010342	0.00961688421431	-0.0322096590615	1.0	0.023124101859	0.00826561851492	-0.00233823723794	0.0270597025	0.0324337069056	0.041788695549	-0.0172536017098	-0.0324277493676	-0.0438777960949	-0.0248138497482	-0.0611583450646	-0.0182022784321	-0.0225837574935	-0.031912513412	0.00390080879251	-0.0132710381888	0.00780409556914	0.000142252554254	-0.0199669984749	-0.0191114502679	0.011104818832	0.0279395295162	-9.54536412194e-05	-0.0025406498945	0.0395391873774	-0.0203386063115	-0.0252564137496	-0.0257895555257	-0.0136661584625	0.0215254079276	0.0323661121323	0.0404899196007	0.0214385361852
k__Bacteria;p__Firmicutes;c__Clostridia;o__Clostridiales;f__Lachnospiraceae;g__Roseburia;s__Roseburia_intestinalis	-0.00961620020632	-0.020931433909	0.0666034984472	-0.02946207232	-0.0359532317207	-0.0516083577513	-0.0155479206291	-0.0425322773337	0.0158392602782	0.0202603591151	-0.0191276196323	-0.0598897159496	-0.0553729465768	-0.0234770126099	0.00479770360341	0.0306594094556	0.0198399176189	0.0105831362299	-0.0683058081799	-0.0125977177877	-0.0435359269484	-0.0310399353667	-0.0102342736603	-0.031508678145	0.0187124073143	0.023124101859	1.0	-0.0228165092903	0.0391270168516	-0.0536946075909	-0.00840697838968	-0.0169327989674	0.00755626045329	0.0432514664667	0.0222525907296	-0.0503501422608	0.0197109377716	0.00140812146862	0.0285329569335	0.00474087437122	-0.0070021129315	-0.00583802432572	-0.00282759203822	-0.00190347196522	0.0554471853391	-0.0221642138407	0.0522771729158	-0.035078587422	-0.0465775173524	0.0226278570766	-0.0223031782894	0.00544550912045	-0.0515877768399	0.000749396933035	0.0144350778077	0.00969688735804	0.0192026036527	-0.016888806616	-0.0200448799752
k__Bacteria;p__Firmicutes;c__Clostridia;o__Clostridiales;f__Lachnospiraceae;g__Roseburia;s__Roseburia_hominis	-0.0187136063381	-0.0117326225067	-0.0594572007749	-0.0313352003008	-0.0206502141004	0.0239687601936	0.00326628704007	0.0398770357069	0.0281804489758	-0.0185453916583	-0.00505701082431	-0.0162005493418	-0.0221499790966	-0.0193551018504	-0.0286276743387	-0.0728993711905	0.00611170035136	-0.00609948459857	-0.029253288541	0.0130695387997	-0.0246592027683	-0.0284584579196	-0.0223509535236	-0.0216919904758	-0.0382266728212	0.00826561851492	-0.0228165092903	1.0	0.0587154256874	0.0322311267638	-0.00982286016795	0.00346121635763	0.0294755905354	0.0560263641158	0.00540866081808	0.00887536237176	0.0420856988416	-0.0221938949953	0.0377383604708	-0.00652683273828	-0.0169101484726	-0.0318960562754	-0.0101829088455	0.0536206758278	-0.027412256953	0.0159612952593	-0.00222386683698	-0.00608902864205	-0.081562094336	0.00305828650803	-0.0212300049829	-0.0663376479496	0.0480533359806	-0.000924867994734	0.0495692384466	-0.0192582138463	0.00322670623034	0.0646584585484	0.00933918842392
k__Bacteria;p__Bacteroidetes;c__Bacteroidia;o__Bacteroidales;f__Porphyromonadaceae;g__Parabacteroides;s__Parabacteroides_johnsonii	0.0158675770926	-0.0259476146672	0.0218526092409	0.0300101949102	-0.0627060381327	-0.0151152595987	0.0235614160131	0.0121806367262	-0.00553399983437	-0.0631787681324	0.014305721893	-0.0225896202385	-0.0506540083914	-0.0449852728545	-0.0448676863115	0.0477013313109	0.00444558808109	0.0589701963987	-0.0251962126917	-0.0101983580664	0.00145974416962	-0.034790399243	0.0205291895156	-0.0190692166741	0.000721294670023	-0.00233823723794	0.0391270168516	0.0587154256874	1.0	-0.0339259307306	-0.0386646962229	-0.0173660600417	0.0338965621992	-0.0400144280889	-0.0474486144571	-0.0173733278567	0.0127731468634	0.0380653531706	-0.0788897437268	0.0484521163218	-0.0176112965859	-0.0456269159049	0.0105093980674	0.040873869359	-0.0161477140176	-0.0574656918943	0.0287402148747	-0.0671743676779	0.017798040883	-0.043370714042	0.0247351938818	0.0251673511917	-0.0312786695718	-0.034102625946	-0.0197192599673	-0.0434664806932	0.0776517190692	0.0127705122438	0.0219612367552
k__Bacteria;p__Actinobacteria;c__Actinobacteria;o__Bifidobacteriales;f__Bifidobacteriaceae;g__Bifidobacterium;s__Bifidobacterium_longum	-0.0117486713012	0.0798248524604	0.0141142725898	0.000689995604907	0.0214819888495	-0.0219717347124	-0.0155425473491	-0.00229636069003	-0.0253849724005	-0.0525844043481	-0.013056584718	-0.0471558615575	0.0483652730947	-0.0400965844303	-0.0656169014046	-0.0118974515482	-0.00361012464368	-0.0234193464589	0.00689088024171	-0.050195271994	-0.0379112838293	0.000483554414168	0.0294149689467	-0.0604645004372	-0.0547038375354	0.0270597025	-0.0536946075909	0.0322311267638	-0.0339259307306	1.0	0.0149650550458	0.0462334095359	0.0160602009085	-0.00118043958127	0.0247118730738	-0.027787490549	-0.0498057561677	-0.0209847819104	0.00388882994361	-0.0341650837662	-0.00699769243985	0.0133629878016	0.00935205982227	0.0565004854121	-0.027236209697	0.0147372303017	-0.0257014201421	-0.0384297681982	0.0357368242315	0.00348192679214	0.00915385184906	0.0541652562052	0.034462601644	-0.0500928021422	-0.0411424814916	-0.000820253140066	-0.0742874014383	0.00618004721933	-0.0610402127067
