#taxonomy	k__Bacteria;p__Bacteroidetes;c__Bacteroidia;o__Bacteroidales;f__Bacteroidaceae;g__Bacteroides;s__Bacteroides_vulgatus	k__Bacteria;p__Bacteroidetes;c__Bacteroidia;o__Bacteroidales;f__Bacteroidaceae;g__Bacteroides;s__Bacteroides_uniformis	k__Bacteria;p__Bacteroidetes;c__Bacteroidia;o__Bacteroidales;f__Rikenellaceae;g__Alistipes;s__Alistipes_putredinis	k__Bacteria;p__Bacteroidetes;c__Bacteroidia;o__Bacteroidales;f__Prevotellaceae;g__Prevotella;s__Prevotella_copri	k__Bacteria;p__Bacteroidetes;c__Bacteroidia;o__Bacteroidales;f__Bacteroidaceae;g__Bacteroides;s__Bacteroides_stercoris	k__Bacteria;p__Bacteroidetes;c__Bacteroidia;o__Bacteroidales;f__Bacteroidaceae;g__Bacteroides;s__Bacteroides_ovatus	k__Bacteria;p__Bacteroidetes;c__Bacteroidia;o__Bacteroidales;f__Rikenellaceae;g__Alistipes;s__Alistipes_shahii	k__Bacteria;p__Firmicutes;c__Clostridia;o__Clostridiales;f__Ruminococcaceae;g__Faecalibacterium;s__Faecalibacterium_prausnitzii	k__Bacteria;p__Bacteroidetes;c__Bacteroidia;o__Bacteroidales;f__Rikenellaceae;g__Alistipes;s__Alistipes_finegoldii	k__Bacteria;p__Bacteroidetes;c__Bacteroidia;o__Bacteroidales;f__Porphyromonadaceae;g__Parabacteroides;s__Parabacteroides_distasonis	k__Bacteria;p__Bacteroidetes;c__Bacteroidia;o__Bacteroidales;f__Bacteroidaceae;g__Bacteroides;s__Bacteroides_thetaiotaomicron	k__Bacteria;p__Bacteroidetes;c__Bacteroidia;o__Bacteroidales;f__Bacteroidaceae;g__Bacteroides;s__Bacteroides_coprocola	k__Bacteria;p__Bacteroidetes;c__Bacteroidia;o__Bacteroidales;f__Bacteroidaceae;g__Bacteroides;s__Bacteroides_cellulosilyticus	k__Bacteria;p__Bacteroidetes;c__Bacteroidia;o__Bacteroidales;f__Rikenellaceae;g__Alistipes;s__Alistipes_obesi	k__Bacteria;p__Firmicutes;c__Clostridia;o__Clostridiales;f__Lachnospiraceae;g__;s__[Eubacterium]_rectale	k__Bacteria;p__Bacteroidetes;c__Bacteroidia;o__Bacteroidales;f__Bacteroidaceae;g__Bacteroides;s__Bacteroides_plebeius	k__Bacteria;p__Bacteroidetes;c__Bacteroidia;o__Bacteroidales;f__Bacteroidaceae;g__Bacteroides;s__Bacteroides_fragilis	k__Bacteria;p__Proteobacteria;c__Betaproteobacteria;o__Burkholderiales;f__Sutterellaceae;g__Sutterella;s__Sutterella_wadsworthensis	k__Bacteria;p__Bacteroidetes;c__Bacteroidia;o__Bacteroidales;f__Porphyromonadaceae;g__Barnesiella;s__Barnesiella_intestinihominis	k__Bacteria;p__Bacteroidetes;c__Bacteroidia;o__Bacteroidales;f__Odoribacteraceae;g__Odoribacter;s__Odoribacter_splanchnicus	k__Bacteria;p__Bacteroidetes;c__Bacteroidia;o__Bacteroidales;f__Bacteroidaceae;g__Bacteroides;s__Bacteroides_salyersiae	k__Bacteria;p__Firmicutes;c__Clostridia;o__Clostridiales;f__Ruminococcaceae;g__Ruminiclostridium;s__[Eubacterium]_siraeum	k__Bacteria;p__Proteobacteria;c__Betaproteobacteria;o__Burkholderiales;f__Sutterellaceae;g__Parasutterella;s__Parasutterella_excrementihominis	k__Bacteria;p__Actinobacteria;c__Actinobacteria;o__Bifidobacteriales;f__Bifidobacteriaceae;g__Bifidobacterium;s__Bifidobacterium_adolescentis	k__Bacteria;p__Firmicutes;c__Clostridia;o__Clostridiales;f__Oscillospiraceae;g__Oscillibacter;s__Oscillibacter_sp._KLE_1745	k__Bacteria;p__Bacteroidetes;c__Bacteroidia;o__Bacteroidales;f__Bacteroidaceae;g__Bacteroides;s__Bacteroides_coprophilus	k__Bacteria;p__Firmicutes;c__Clostridia;o__Clostridiales;f__Lachnospiraceae;g__Roseburia;s__Roseburia_intestinalis	k__Bacteria;p__Firmicutes;c__Clostridia;o__Clostridiales;f__Lachnospiraceae;g__Roseburia;s__Roseburia_hominis	k__Bacteria;p__Bacteroidetes;c__Bacteroidia;o__Bacteroidales;f__Porphyromonadaceae;g__Parabacteroides;s__Parabacteroides_johnsonii	k__Bacteria;p__Actinobacteria;c__Actinobacteria;o__Bifidobacteriales;f__Bifidobacteriaceae;g__Bifidobacterium;s__Bifidobacterium_longum	k__Bacteria;p__Firmicutes;c__Clostridia;o__Clostridiales;f__;g__Flavonifractor;s__Flavonifractor_plautii	k__Bacteria;p__Firmicutes;c__Clostridia;o__Clostridiales;f__Clostridiaceae;g__Clostridium;s__Clostridium_phoceensis	k__Bacteria;p__Verrucomicrobia;c__Verrucomicrobiae;o__Verrucomicrobiales;f__Akkermansiaceae;g__Akkermansia;s__Akkermansia_muciniphila	k__Bacteria;p__Bacteroidetes;c__Bacteroidia;o__Bacteroidales;f__Prevotellaceae;g__Paraprevotella;s__Paraprevotella_xylaniphila	k__Bacteria;p__Firmicutes;c__Clostridia;o__Clostridiales;f__Ruminococcaceae;g__Ruminococcus;s__Ruminococcus_callidus	k__Bacteria;p__Bacteroidetes;c__Bacteroidia;o__Bacteroidales;f__Rikenellaceae;g__Alistipes;s__Alistipes_senegalensis	k__Bacteria;p__Firmicutes;c__Clostridia;o__Clostridiales;f__Lachnospiraceae;g__Blautia;s__Blautia_sp._KLE_1732	k__Bacteria;p__Bacteroidetes;c__Bacteroidia;o__Bacteroidales;f__Bacteroidaceae;g__Bacteroides;s__Bacteroides_oleiciplenus	k__Bacteria;p__Firmicutes;c__Clostridia;o__Clostridiales;f__Ruminococcaceae;g__Ruminococcus;s__Ruminococcus_bicirculans	k__Bacteria;p__Bacteroidetes;c__Bacteroidia;o__Bacteroidales;f__Bacteroidaceae;g__Bacteroides;s__Bacteroides_fluxus	k__Bacteria;p__Bacteroidetes;c__Bacteroidia;o__Bacteroidales;f__Prevotellaceae;g__Prevotella;s__Prevotella_stercorea	k__Bacteria;p__Firmicutes;c__Clostridia;o__Clostridiales;f__Lachnospiraceae;g__Dorea;s__Dorea_longicatena	k__Bacteria;p__Firmicutes;c__Clostridia;o__Clostridiales;f__Eubacteriaceae;g__Eubacterium;s__[Eubacterium]_eligens	k__Bacteria;p__Firmicutes;c__Clostridia;o__Clostridiales;f__Ruminococcaceae;g__;s__Ruminococcaceae_bacterium_D16	k__Bacteria;p__Firmicutes;c__Clostridia;o__Clostridiales;f__Lachnospiraceae;g__Coprococcus;s__Coprococcus_comes	k__Bacteria;p__Proteobacteria;c__Gammaproteobacteria;o__Enterobacterales;f__Enterobacteriaceae;g__Escherichia;s__Escherichia_coli	k__Bacteria;p__Firmicutes;c__Clostridia;o__Clostridiales;f__Ruminococcaceae;g__Anaerotruncus;s__Anaerotruncus_colihominis	k__Bacteria;p__Firmicutes;c__Clostridia;o__Clostridiales;f__Lachnospiraceae;g__Blautia;s__Blautia_obeum	k__Bacteria;p__Bacteroidetes;c__Bacteroidia;o__Bacteroidales;f__Odoribacteraceae;g__Odoribacter;s__Odoribacter_laneus	k__Bacteria;p__Firmicutes;c__Clostridia;o__Clostridiales;f__Ruminococcaceae;g__Ruminiclostridium;s__[Clostridium]_leptum	k__Bacteria;p__Bacteroidetes;c__Bacteroidia;o__Bacteroidales;f__Porphyromonadaceae;g__Parabacteroides;s__Parabacteroides_goldsteinii	k__Bacteria;p__Firmicutes;c__Clostridia;o__Clostridiales;f__Lachnospiraceae;g__Anaerostipes;s__Anaerostipes_hadrus	k__Bacteria;p__Firmicutes;c__Clostridia;o__Clostridiales;f__Ruminococcaceae;g__Ruminococcus;s__Ruminococcus_lactaris	k__Bacteria;p__Firmicutes;c__Clostridia;o__Clostridiales;f__Clostridiaceae;g__Clostridium;s__Clostridium_sp._L2-50	k__Bacteria;p__Firmicutes;c__Clostridia;o__Clostridiales;f__Clostridiaceae;g__Clostridium;s__Clostridium_sp._M62/1	k__Bacteria;p__Firmicutes;c__Clostridia;o__Clostridiales;f__;g__Intestinimonas;s__Intestinimonas_butyriciproducens	k__Bacteria;p__Actinobacteria;c__Actinobacteria;o__Bifidobacteriales;f__Bifidobacteriaceae;g__Bifidobacterium;s__Bifidobacterium_bifidum	k__Bacteria;p__Firmicutes;c__Negativicutes;o__Veillonellales;f__Veillonellaceae;g__Dialister;s__Dialister_invisus	k__Bacteria;p__Bacteroidetes;c__Bacteroidia;o__Bacteroidales;f__Bacteroidaceae;g__Bacteroides;s__Bacteroides_salanitronis
k__Bacteria;p__Bacteroidetes;c__Bacteroidia;o__Bacteroidales;f__Bacteroidaceae;g__Bacteroides;s__Bacteroides_vulgatus	1.0	0.0205548501808	0.0125510587223	-0.0374492552899	0.0213239693214	0.0291966401024	-0.0477713588364	-0.021874377702	-0.04636154645	-0.019072788468	0.0175278326778	0.0123409397356	0.0042894850205	0.00419411399179	0.0294669058358	-0.019977530113	0.0415581411318	-0.0403378647559	0.00287262509817	0.0128377616225	-0.0236065227237	-0.0083199063911	0.00144115920677	0.0315512607081	-0.0183135218516	-0.0150959430958	-0.0432883404897	-0.0199966088197	0.00353752787413	0.0181940380356	0.0334465603169	-0.0371353272082	-0.0368941552459	-0.106166571668	-0.0464313779588	0.0247000959046	-0.00257813259131	0.0297354567136	-0.026109066703	-0.0166065373121	-0.0824061157314	-0.0202014747364	-0.0224493405329	-0.00799505963345	0.020099031915	-0.0425968750029	0.0150691674069	-0.0267264470086	0.0163197799699	-0.0222186162317	-0.042132639539	0.0645633549502	-0.0318892315722	0.00163510224826	0.00379759370566	0.0151941599894	0.00659164229541	0.0383618649004	0.0464478295081
k__Bacteria;p__Bacteroidetes;c__Bacteroidia;o__Bacteroidales;f__Bacteroidaceae;g__Bacteroides;s__Bacteroides_uniformis	0.0205548501808	1.0	-0.00101844062661	0.0368506228293	-0.000555531052466	-0.0172177644467	-0.0119904098021	-0.0536983974682	-0.0178054701842	0.00573821734498	-0.0255708639341	-0.0571072581712	-0.0544993743124	0.0183098213057	0.0126895694508	0.0439850417526	-0.0100895675446	-0.021525972023	-0.0174487517878	-0.0431230733977	-0.00889030924331	0.0598949799709	-0.00735688260566	-0.043309162181	0.0386017922529	0.00254181311509	-0.02498448615	-0.0398139603338	0.00766045003246	-0.0441572940592	-0.0145265356421	-0.06353677568	-0.00577613532963	-0.0244014296208	-0.039728159859	-0.0167546576265	0.0394597921761	-0.0626633455096	0.0296980170811	-0.0101967115833	0.025517166477	-0.0514797406218	-0.0442866932725	-0.0106902948013	0.0514146899278	-0.0366624291836	-0.0157622569575	-0.0434241929336	-0.0413302230107	-0.0386968063335	-0.0507057465181	0.00462343526313	0.0219608135219	0.0249710831343	-0.0449412699002	-0.0133105182798	0.0167546482563	-0.012795002591	0.0362274428898
k__Bacteria;p__Bacteroidetes;c__Bacteroidia;o__Bacteroidales;f__Rikenellaceae;g__Alistipes;s__Alistipes_putredinis	0.0125510587223	-0.00101844062661	1.0	0.000227153791469	0.0422932436999	-0.0216020710921	-0.012057318294	0.00665531034771	0.0342959170489	-0.0727678135217	0.010395894466	-0.0181484321721	-0.0393820494684	-0.0698743264454	0.0267880511552	-0.0457026020588	0.0448713568746	0.000514176416637	-0.0133099598953	0.0452147621146	0.00115493604029	-0.0701332462763	0.031720376543	0.0236922353676	-0.0138272084989	0.0391255361693	0.0189824319846	-0.0165896862365	0.0121778533138	-0.0265742200305	-0.0383858826877	0.0415844865617	-0.0233367344828	-0.0282049435518	0.0496633575741	-0.032586962458	0.00138325281244	-0.0489960459685	-0.0167815942375	-0.0321455399458	-0.00664923274018	-0.0430696276599	-0.0452091159151	-0.00500829611129	-0.0256071534802	0.0407066388332	-0.0204339888843	-0.057596143395	-0.00613589345245	-0.0134971157671	-0.0565702030899	0.0346604310923	-0.0637602605251	0.0248537673441	-0.0234397430267	0.0101350870916	-0.0429636161457	-0.0758645114762	0.0152971695364
k__Bacteria;p__Bacteroidetes;c__Bacteroidia;o__Bacteroidales;f__Prevotellaceae;g__Prevotella;s__Prevotella_copri	-0.0374492552899	0.0368506228293	0.000227153791469	1.0	0.0186563509904	-0.0230797773927	-0.0297537764446	-0.00446544030506	0.0404714931282	0.0100153624245	0.0187767870981	0.00814737212935	0.011039905174	-0.0369039807282	-0.0179003512063	-0.00053786973044	-0.0122956049361	-0.034100818783	0.032195307402	-0.0718718363687	0.0189376748315	-0.0394485929633	0.00409683208399	0.0405967454474	-0.0135590192496	-0.0357001284723	-0.00308941606721	-0.0348271155642	-0.0282445225076	0.00937371095619	0.0205871599452	0.00417364741759	0.00367728787525	0.0119407452068	0.00263645462255	-0.0162207048684	-0.0466501175366	0.0502388725807	-0.0210910751091	-0.0347047639387	-0.0243131312436	-0.0315490472324	-0.00508828430965	0.0167417767438	-0.0331936466142	-0.0023317039815	-0.03576776961	0.0171732436704	0.00617050196247	0.0287831884077	-0.0103285890296	-0.00360280850692	0.0158885352415	0.018451219219	-0.0386846881765	-0.00152498213502	0.0083800185289	0.0279032383977	-0.0369063681362
k__Bacteria;p__Bacteroidetes;c__Bacteroidia;o__Bacteroidales;f__Bacteroidaceae;g__Bacteroides;s__Bacteroides_stercoris	0.0213239693214	-0.000555531052466	0.0422932436999	0.0186563509904	1.0	-0.0212094782005	0.0370200720125	-0.0403496933499	-0.00988159585326	-0.0343105695337	0.0301980204451	-0.0629055973856	0.0883627777616	-0.050285082508	-0.0794677899326	-0.0866306273979	0.0654870086327	-0.0518575581437	0.0208476962789	-0.0381703819084	-0.00845741064302	-0.00917750205487	-0.0181032276119	-0.027519748147	-0.0356126008653	0.0250158332048	-0.00916866104639	0.0139910595778	0.0335822081835	-0.0256592664953	0.0183740874423	0.0238644360596	0.0410349265226	0.105691062899	-0.0568196454923	0.0331167189206	-0.0590712419533	0.0448148303582	-0.0484770171746	-0.0127976731678	-0.0448633214001	-0.00972594749734	-0.0593060060341	0.0136810613088	0.0131309752314	0.0257049979062	0.0134275192757	0.0160265908067	-0.00826604633436	-0.0148406973652	0.0154840737277	-0.0542246700836	-0.0189586235195	-0.0162907244925	-0.0122657174259	-0.0251464904827	0.0448294264692	-0.000480816850917	-0.0212049131294
k__Bacteria;p__Bacteroidetes;c__Bacteroidia;o__Bacteroidales;f__Bacteroidaceae;g__Bacteroides;s__Bacteroides_ovatus	0.0291966401024	-0.0172177644467	-0.0216020710921	-0.0230797773927	-0.0212094782005	1.0	-0.0304428100385	-0.0360586702555	0.0100807315159	-0.0274594759517	0.0373079760802	0.0282318513217	-0.0258959559335	0.00461744092019	-0.0510576010381	-0.00591525521243	0.0478931522726	0.0397920248007	-0.0347420821606	-0.00873831736679	-0.0808818364564	0.000466042859808	0.000196089397647	0.00418040929641	0.0218201056209	-0.00824556636965	0.0555400999215	0.0238086530794	0.0124561083147	-0.0574779214737	-0.0155185605065	0.0387172557858	0.0218754647217	0.00427904107608	-0.000912377598162	0.000180091953626	-0.0414550911157	0.00125680056668	-0.0386358433159	0.00505146592886	-0.0018474438641	-0.0434442455896	0.00657709774601	-0.0211769267979	0.0273920301007	-0.0144371645564	0.00993151557119	-0.0100229484814	0.00458422659873	-0.0522411502961	-0.0407253392655	-0.000981686368389	-0.0141851860509	-0.00384069364746	-0.0337965922049	-0.0489159922181	-0.0429213186785	-0.029051950851	-0.0041181425003
k__Bacteria;p__Bacteroidetes;c__Bacteroidia;o__Bacteroidales;f__Rikenellaceae;g__Alistipes;s__Alistipes_shahii	-0.0477713588364	-0.0119904098021	-0.012057318294	-0.0297537764446	0.0370200720125	-0.0304428100385	1.0	0.0275492669596	-0.0256779043157	-0.0185558816601	-0.0101249425786	0.0249255644017	-0.0277134078465	0.0384698017283	-0.000353092518158	-0.0493143498616	0.0256660961905	-0.0125748755924	0.00616612213722	0.0402570868397	0.00942703400115	-0.0348356168355	-0.0209130605308	-0.0191822798436	0.0321378337987	-0.0266415918017	0.0143104539544	-0.00406565741199	0.011030406777	0.0107282110863	0.00764151495743	-0.0111485739714	0.0418253485782	0.0224688081229	0.00571180479812	-0.073542218836	0.0256851030242	-0.04029303533	0.0186165373778	-0.0135875759936	-0.0491336348951	-0.0273884492087	-0.0260065338822	-0.0399657991132	-0.0822842514687	-0.0411086304389	0.0633447587609	-0.0223477625405	0.0524838622975	-0.0527898636633	0.0389129394731	0.0632936276018	-0.0490261045961	-0.0138457933989	-0.0174523479647	0.00495838636689	-0.0468972405958	0.00452980556057	-0.0273496634273
k__Bacteria;p__Firmicutes;c__Clostridia;o__Clostridiales;f__Ruminococcaceae;g__Faecalibacterium;s__Faecalibacterium_prausnitzii	-0.021874377702	-0.0536983974682	0.00665531034771	-0.00446544030506	-0.0403496933499	-0.0360586702555	0.0275492669596	1.0	0.00331745786357	0.000291041192563	0.0134556779254	0.0301956936142	0.00819044959377	0.0494354406249	0.0434357537054	-0.0048183433823	0.021842923418	-0.0476499624045	-0.0184116832794	0.00430851773594	-0.0221821606171	0.0559973708668	-0.0282360750981	0.0376776450881	-0.0220311143986	-0.0330759238334	-0.0451271665564	0.0737574293812	-0.0428390323126	-0.0466644667404	-0.00801846133316	-0.0312618069833	-0.075101797099	-0.0680771885083	0.0556141842955	0.013094480821	-0.0138351226585	-0.0537307207376	0.00954698866986	0.0188239102913	-0.00241264391212	0.0219170631395	0.0283767088432	-0.00888895789338	-0.0333518685052	-0.0103862837855	0.00634879136216	-0.00423946429694	-0.0346305351799	-0.0283317450968	-0.0266412904846	0.0391396401349	-0.00846880658751	-0.00303380738131	0.00827001305196	-0.01193587145	-0.00242244485086	0.000774999432869	-0.0100210823226
k__Bacteria;p__Bacteroidetes;c__Bacteroidia;o__Bacteroidales;f__Rikenellaceae;g__Alistipes;s__Alistipes_finegoldii	-0.04636154645	-0.0178054701842	0.0342959170489	0.0404714931282	-0.00988159585326	0.0100807315159	-0.0256779043157	0.00331745786357	1.0	-0.0300729948832	-0.0163810863176	-0.00138171125407	0.0457128142809	0.0441032263319	-0.00750067957536	-0.0130646909477	-0.03745023977	0.00126898330699	0.0610250566578	-0.0830348797094	0.0513874739848	-0.0200638477333	-0.037787049708	-0.0275118268518	0.0414881519832	0.000900812759301	0.0260110936822	-0.00893511246385	-0.0386735694621	-0.0109207733878	-0.0154129224869	0.0101116307856	-0.000495974143797	0.0244915953541	-0.0513181178857	-0.0139201405263	0.0102139654687	-0.0487629676501	-0.00941182571975	0.0359002664591	0.0040921706087	-0.0388274556815	-0.0776756020078	0.0829882143403	-0.0343657519722	0.0153520675749	0.0855689388657	-0.026542424144	-0.0274300530227	-0.00297097201008	0.0138570376729	0.0385808891473	-0.0355880240701	0.0160749978266	0.051800762611	-0.0456686083402	-0.0526789439455	-0.0133697606432	-0.0141116522365
k__Bacteria;p__Bacteroidetes;c__Bacteroidia;o__Bacteroidales;f__Porphyromonadaceae;g__Parabacteroides;s__Parabacteroides_distasonis	-0.019072788468	0.00573821734498	-0.0727678135217	0.0100153624245	-0.0343105695337	-0.0274594759517	-0.0185558816601	0.000291041192563	-0.0300729948832	1.0	0.0315195580788	-0.0264878330777	0.0415758529686	-0.010926667228	-0.0123133851925	-0.0248058065731	-0.0109369922064	0.00484011269987	-0.0600575740629	0.0706313479147	-0.00955360747425	-0.00648725391601	-0.024054983781	-0.00358785721648	-0.053409440505	-0.0303247303352	-0.0132505012129	-0.0196356088339	0.0303893156866	-0.0293530632561	-0.0204033914187	-0.0460236073922	0.0279013234408	-0.0227331225134	0.0226073085038	-0.0392777731231	-0.0596136340767	0.0280649152063	0.0434481902327	-0.0236806978925	-0.0460890000039	0.00167773967439	-0.00128778492087	-0.00373910207713	0.0228010722541	0.0238920580108	0.00371475536575	0.0117677047207	0.0014772995429	-0.0369492135936	0.00268338040541	0.0338146525235	0.0266798181817	0.0471857201885	-0.0784854083184	-0.0342689807766	0.0360758326492	0.00565079055678	0.0594402475928
k__Bacteria;p__Bacteroidetes;c__Bacteroidia;o__Bacteroidales;f__Bacteroidaceae;g__Bacteroides;s__Bacteroides_thetaiotaomicron	0.0175278326778	-0.0255708639341	0.010395894466	0.0187767870981	0.0301980204451	0.0373079760802	-0.0101249425786	0.0134556779254	-0.0163810863176	0.0315195580788	1.0	0.0033167420601	-0.00981686718842	-0.00176454775879	0.00743462122324	-0.0788298558068	0.0136153308928	0.00599579034531	0.035274285732	0.0231357007471	-0.0624107142218	0.0246929084388	0.0260429569052	-0.0395062061776	-0.041456383322	-0.0233394828135	-0.0189756049397	-0.0251723735099	0.0165379620689	-0.0260351309186	-0.0397750971427	-0.0438229937938	-0.017310139222	0.0528653221217	-0.0169057064844	-0.0100192396985	-0.0447324213671	0.0130527677656	0.0628295832968	0.013115945246	-0.0202221377029	0.00094333784212	-0.0364573276734	-0.00950320731926	0.0031952478021	-0.0365378288184	0.0467653003973	0.00719207436238	0.0225724618548	-0.0569207340319	-0.103495343108	-0.00937746178902	0.0369760147447	0.0576707409244	0.00783355602603	0.0128002508955	-0.0399974713426	-0.0448833632248	0.014520633412
k__Bacteria;p__Bacteroidetes;c__Bacteroidia;o__Bacteroidales;f__Bacteroidaceae;g__Bacteroides;s__Bacteroides_coprocola	0.0123409397356	-0.0571072581712	-0.0181484321721	0.00814737212935	-0.0629055973856	0.0282318513217	0.0249255644017	0.0301956936142	-0.00138171125407	-0.0264878330777	0.0033167420601	1.0	-0.0343508820624	0.0102493513335	-0.00566242458273	-0.0139560883493	0.0261473650218	-0.000566225457539	-0.0207912320364	-0.0401065429616	0.0119321378337	-0.00481183773888	0.0472856957384	0.0426567300362	0.000724167260443	-0.0497468749269	0.0445132601008	-0.0212358314765	0.0180263944591	-0.0362677498981	0.00344274960709	-0.0435852012395	0.0278841464419	-0.0450061670775	0.0266523851112	-0.0150038126308	0.0100245824285	-0.0142114771228	-0.0268067158633	0.00859014901991	0.0361685751529	-0.0197446036105	-0.0468871920869	0.00545457183051	0.0127111356764	0.00954487493917	-0.0233678440298	0.072967878614	-0.0277070661446	0.0369459291423	-0.0268083852759	-0.0295861264302	-0.0374666394869	-0.0101606737576	0.0739779141177	-0.0377436750267	0.0185561188287	-0.014501217719	-0.00719083178329
k__Bacteria;p__Bacteroidetes;c__Bacteroidia;o__Bacteroidales;f__Bacteroidaceae;g__Bacteroides;s__Bacteroides_cellulosilyticus	0.0042894850205	-0.0544993743124	-0.0393820494684	0.011039905174	0.0883627777616	-0.0258959559335	-0.0277134078465	0.00819044959377	0.0457128142809	0.0415758529686	-0.00981686718842	-0.0343508820624	1.0	0.0339619139919	-0.0262131722063	-0.101043993153	-0.0169789070128	-0.0130673238761	-0.04581359976	-0.02068788143	-0.0343011481087	-0.00563184540519	0.00394989364272	0.00502837297419	0.0144786386511	-0.0199739163234	0.0123529302722	-0.00523695706372	-0.00567291429073	0.011590086786	-0.0349380120171	0.0386104021994	-0.0228883969844	-0.033264400043	-0.0624101640756	-0.0186839328651	-0.0361033739091	-0.0119651187658	-0.0593529964817	-0.0339494948139	-0.025897850174	-0.00841662661617	-0.00500154497696	0.0291355872247	0.0204072545341	-0.0193611712501	-0.00359933281662	0.0323634339966	-0.0776554139859	-0.0554530607549	0.012143014658	-0.00691156800626	0.00401020558983	-0.0126360419167	0.00447637390614	-0.0513370860444	-0.0547980180225	0.028838950311	0.0048369607954
k__Bacteria;p__Bacteroidetes;c__Bacteroidia;o__Bacteroidales;f__Rikenellaceae;g__Alistipes;s__Alistipes_obesi	0.00419411399179	0.0183098213057	-0.0698743264454	-0.0369039807282	-0.050285082508	0.00461744092019	0.0384698017283	0.0494354406249	0.0441032263319	-0.010926667228	-0.00176454775879	0.0102493513335	0.0339619139919	1.0	-0.0485319975356	-0.0172608400983	0.0358759311962	0.0103938745354	0.0375281172403	0.00560268413338	-0.0216078963193	0.0217693482228	0.0820631450637	-0.039926953484	-0.0226041872108	-0.0516360473126	-0.0320709353737	0.0425488909371	0.0226888165528	-0.00579083093335	0.00766924382465	0.0805963692346	0.0153533864081	-0.0319209516286	0.0265869656278	0.0302510579245	0.0107126248125	-0.0203650892651	-0.0487811180414	-0.0852542397186	-0.0204548019501	-0.000559164067981	0.0240243221982	-0.0360688998835	-0.00358717910051	0.017903470764	-0.00471289070362	-0.0316656362041	-0.00576661920929	-0.0225212899876	-0.0228953911844	0.0069240005335	-0.0230978206419	0.0121372794489	-0.0276739502767	-0.0404500245082	0.0178169923303	0.0161739896481	-0.00123890401948
k__Bacteria;p__Firmicutes;c__Clostridia;o__Clostridiales;f__Lachnospiraceae;g__;s__[Eubacterium]_rectale	0.0294669058358	0.0126895694508	0.0267880511552	-0.0179003512063	-0.0794677899326	-0.0510576010381	-0.000353092518158	0.0434357537054	-0.00750067957536	-0.0123133851925	0.00743462122324	-0.00566242458273	-0.0262131722063	-0.0485319975356	1.0	-0.0133404125108	-0.0616384842483	0.0170534624448	0.00435916120881	0.0158910168406	0.0992045071263	-0.048167510533	-0.0188136525634	-0.00333170515383	-0.0397774361373	-0.0275431025754	0.0116312502468	0.0300501772776	-0.0209839965236	0.0121037607359	0.00593419930359	0.0112643302658	0.0472864198052	0.00456629978886	0.0706541221827	0.0116865013021	0.0146631854317	0.00681438060358	-0.0583056940875	-0.0323831577	-0.048449093222	0.00296112510803	0.0202495003073	-0.0281093948503	0.0654064419866	0.0192413649693	-0.0801679222789	-0.0301508205234	0.00841051028311	-0.0558641596846	-0.0212740268459	-0.0487113851248	-0.0476182822961	-0.0243727996795	0.00331011551377	-0.0409879648234	0.0194400390815	-0.0777882316918	-0.0111774127101
k__Bacteria;p__Bacteroidetes;c__Bacteroidia;o__Bacteroidales;f__Bacteroidaceae;g__Bacteroides;s__Bacteroides_plebeius	-0.019977530113	0.0439850417526	-0.0457026020588	-0.00053786973044	-0.0866306273979	-0.00591525521243	-0.0493143498616	-0.0048183433823	-0.0130646909477	-0.0248058065731	-0.0788298558068	-0.0139560883493	-0.101043993153	-0.0172608400983	-0.0133404125108	1.0	-0.0289626098655	-0.024856306959	0.0196468364333	-0.00436796913637	0.0619725892298	-0.0515782815368	-0.0761643279426	-0.0284862207472	0.0312308100515	-0.0181806058048	-0.0204155779128	-0.0313609979183	-0.044776384943	0.00224203978828	0.0569236605123	-0.0187687065002	0.00303253622595	-0.0353578413365	-0.0365320487382	-0.0486821722855	-0.00969255478756	-0.0313855904563	0.0231435981184	0.0775479476059	0.0325050354233	0.018266521785	-0.0134890799476	-0.0104775575339	-0.0567490382456	-0.0186404209331	-0.00900019084769	-0.0553822819184	-0.0305476281776	0.0426507628043	0.0296923762041	0.0260252317186	-0.0161112034805	-0.0152134102047	-0.0501644997217	-0.0348074897317	-0.0134654690359	0.00639871666495	-0.00382368031025
k__Bacteria;p__Bacteroidetes;c__Bacteroidia;o__Bacteroidales;f__Bacteroidaceae;g__Bacteroides;s__Bacteroides_fragilis	0.0415581411318	-0.0100895675446	0.0448713568746	-0.0122956049361	0.0654870086327	0.0478931522726	0.0256660961905	0.021842923418	-0.03745023977	-0.0109369922064	0.0136153308928	0.0261473650218	-0.0169789070128	0.0358759311962	-0.0616384842483	-0.0289626098655	1.0	0.0145978905376	-0.0415337574311	-0.00394797213859	-0.057166853078	0.0513866833536	0.0340733787791	-0.0764140277942	-0.0184761389771	-0.0193144913409	-0.0159024090665	-0.0215598322261	-0.0192335224001	-0.0716437200524	-0.0426125179228	0.0048707002569	0.0457646150473	0.0148307640897	-0.0345666791706	-0.027361585359	0.00391891035854	-0.0247779539779	0.0182839521306	-0.0116489808909	-0.0181114615007	0.0452620368478	-0.0326838397354	0.0244137930346	0.022504218036	0.0213108810005	-0.0149181750731	0.0234473622233	-0.102304901896	0.0178570468212	-0.0582256103826	-0.0978760182737	-0.0213573169767	-0.0539146800525	-0.00855413697712	-0.00389096346312	0.000640918603264	-0.0334300672701	-0.0242369912327
k__Bacteria;p__Proteobacteria;c__Betaproteobacteria;o__Burkholderiales;f__Sutterellaceae;g__Sutterella;s__Sutterella_wadsworthensis	-0.0403378647559	-0.021525972023	0.000514176416637	-0.034100818783	-0.0518575581437	0.0397920248007	-0.0125748755924	-0.0476499624045	0.00126898330699	0.00484011269987	0.00599579034531	-0.000566225457539	-0.0130673238761	0.0103938745354	0.0170534624448	-0.024856306959	0.0145978905376	1.0	-0.0173456161776	-0.0311063509911	0.0120675093019	-0.0178644162578	-0.0216149624805	0.00794550987225	0.00708052913658	0.000544950884776	-0.0101651787264	-0.0234874531645	-0.0568560840343	-0.0165225623761	-0.000527492501035	0.0224249751595	-0.0771251738272	-0.0309455315551	-0.00828520095352	0.0326530222218	-0.0750132400541	0.00552159669354	0.109690299682	0.0559719911031	-0.033324292791	0.00405811489252	-0.0435240705734	-0.0372944045115	0.0171303832224	0.0408719243034	0.000421275474267	0.0862166902298	-0.0359943991726	-0.00515902036144	-0.000899578513768	0.0244129391483	0.0142346647216	-0.0146436327317	0.0101904612157	-0.0944634025924	-0.00449567948516	0.0552146967323	-0.0149991244733
k__Bacteria;p__Bacteroidetes;c__Bacteroidia;o__Bacteroidales;f__Porphyromonadaceae;g__Barnesiella;s__Barnesiella_intestinihominis	0.00287262509817	-0.0174487517878	-0.0133099598953	0.032195307402	0.0208476962789	-0.0347420821606	0.00616612213722	-0.0184116832794	0.0610250566578	-0.0600575740629	0.035274285732	-0.0207912320364	-0.04581359976	0.0375281172403	0.00435916120881	0.0196468364333	-0.0415337574311	-0.0173456161776	1.0	-0.0211985527154	-0.00418958878761	-0.0119146616138	-0.0478393662469	-0.0251814887902	-0.000351614719793	-0.0153965665632	-0.0158518390299	0.00215151897659	0.047868442376	-0.0462955963638	0.0509790923598	0.00691052092599	0.017947528689	-0.00255461950836	-0.0402560346158	0.0238017484591	-0.0365518885193	0.0106511705163	-0.0742212744006	-0.00362594932216	-0.011656503865	0.0407525696059	-0.0413775769942	-0.0522733416109	0.017357294319	-0.0267317458677	0.0448045130562	-0.0101933894522	0.00584376492237	0.0198263491868	-0.00976810270382	0.00046296081884	-0.0138029131802	-0.0165387674333	-0.0681337711021	-0.0162537523536	-0.0189634363316	0.00708955884794	0.03681172585
k__Bacteria;p__Bacteroidetes;c__Bacteroidia;o__Bacteroidales;f__Odoribacteraceae;g__Odoribacter;s__Odoribacter_splanchnicus	0.0128377616225	-0.0431230733977	0.0452147621146	-0.0718718363687	-0.0381703819084	-0.00873831736679	0.0402570868397	0.00430851773594	-0.0830348797094	0.0706313479147	0.0231357007471	-0.0401065429616	-0.02068788143	0.00560268413338	0.0158910168406	-0.00436796913637	-0.00394797213859	-0.0311063509911	-0.0211985527154	1.0	-0.0332033762104	-0.0105752508453	-0.0612411385288	0.000351835699805	-0.0487032871239	-0.0249726493284	0.00257943136113	0.0306177208843	-0.00968071534761	0.0276098731381	0.0188910703103	-0.0254884561934	0.0461115776498	0.0102289216955	-0.0434581965204	0.011535954574	-0.00603107606047	-0.00986537865622	-0.0194540474877	0.053236640051	-0.0317571568449	-0.0259856319198	0.0407879952239	0.0340023664429	0.016332849735	-0.0254752509598	-0.0303770908657	-0.0827925190922	0.00411929396613	-0.00757137775604	-0.0785024913674	-0.0646153592605	-0.00139276714783	-0.0119395091668	0.0247860314747	-0.0282182020603	0.0163706337677	-0.0398632170305	-0.00485002094373
k__Bacteria;p__Bacteroidetes;c__Bacteroidia;o__Bacteroidales;f__Bacteroidaceae;g__Bacteroides;s__Bacteroides_salyersiae	-0.0236065227237	-0.00889030924331	0.00115493604029	0.0189376748315	-0.00845741064302	-0.0808818364564	0.00942703400115	-0.0221821606171	0.0513874739848	-0.00955360747425	-0.0624107142218	0.0119321378337	-0.0343011481087	-0.0216078963193	0.0992045071263	0.0619725892298	-0.057166853078	0.0120675093019	-0.00418958878761	-0.0332033762104	1.0	-0.0872924216453	-0.00681522301665	-0.0528254773863	0.0250010511145	0.0149494136463	-0.023186047993	0.0466276758357	0.029806672677	0.0196792452131	0.0306558668545	-0.0353450403408	-0.0534872551438	-0.00951473483073	-0.00663947203484	-0.0162794945958	0.0474930405165	-0.0199596306165	-0.00407662163196	0.0221862422197	0.050415104816	0.00272645040586	-0.0207252537758	-0.0267235456851	0.000849911768313	0.0287367149558	-0.0177570882475	0.00558561496219	-0.00898766746734	0.0223170446447	0.0227602929595	0.0178352770168	0.0288722936885	-0.0320713845746	0.0123324963927	-0.0161613989939	-0.0252306834901	0.0225241914648	-0.0565690445068
k__Bacteria;p__Firmicutes;c__Clostridia;o__Clostridiales;f__Ruminococcaceae;g__Ruminiclostridium;s__[Eubacterium]_siraeum	-0.0083199063911	0.0598949799709	-0.0701332462763	-0.0394485929633	-0.00917750205487	0.000466042859808	-0.0348356168355	0.0559973708668	-0.0200638477333	-0.00648725391601	0.0246929084388	-0.00481183773888	-0.00563184540519	0.0217693482228	-0.048167510533	-0.0515782815368	0.0513866833536	-0.0178644162578	-0.0119146616138	-0.0105752508453	-0.0872924216453	1.0	0.0530186883985	-0.0167960194782	-0.0427386533289	-0.0527027086618	-0.0491398685941	-0.0301578432469	-0.00592639617506	0.0404153582503	0.0419496667763	0.00647131652939	-0.0133990804062	-0.0753804252144	0.0288244659626	-0.0278176843928	0.00772904441421	-0.0475027853499	-0.0135816864014	0.0325924362773	0.00802712642609	0.0221211554992	-0.036658202028	-0.0505667964026	0.00274654028724	-0.01941225959	0.0733439846555	-0.0382728795573	0.0179187933174	0.00486562784556	0.000725710469866	0.082757826673	-0.0219851807699	-0.0362163572879	-0.00539194343788	0.00683279196529	-0.01807082974	0.00248690327509	-0.00142639073552
k__Bacteria;p__Proteobacteria;c__Betaproteobacteria;o__Burkholderiales;f__Sutterellaceae;g__Parasutterella;s__Parasutterella_excrementihominis	0.00144115920677	-0.00735688260566	0.031720376543	0.00409683208399	-0.0181032276119	0.000196089397647	-0.0209130605308	-0.0282360750981	-0.037787049708	-0.024054983781	0.0260429569052	0.0472856957384	0.00394989364272	0.0820631450637	-0.0188136525634	-0.0761643279426	0.0340733787791	-0.0216149624805	-0.0478393662469	-0.0612411385288	-0.00681522301665	0.0530186883985	1.0	0.0521480110881	-0.0292579191133	-0.0196744886726	0.00266734074087	0.019875441377	0.00236615443451	-0.032516798307	-0.0141706181193	-0.0112085798043	0.0233619100788	-0.00692160444156	0.0103180438701	-0.026516298095	0.0341009991356	0.0240990785979	0.0391572886843	-0.0214454816472	0.0265592602796	-0.0435149252081	-0.0171456906657	-0.0238523206394	0.0153418662562	-0.0848632334447	-0.0152478370953	-0.00683992952032	-0.0146720503576	-0.0393857076785	-0.0152200669878	0.0356394160343	-0.042260275506	0.0280058894521	-0.0034830417012	-0.0403159018968	-0.0408306376418	0.0186731392288	-0.0120296011428
k__Bacteria;p__Actinobacteria;c__Actinobacteria;o__Bifidobacteriales;f__Bifidobacteriaceae;g__Bifidobacterium;s__Bifidobacterium_adolescentis	0.0315512607081	-0.043309162181	0.0236922353676	0.0405967454474	-0.027519748147	0.00418040929641	-0.0191822798436	0.0376776450881	-0.0275118268518	-0.00358785721648	-0.0395062061776	0.0426567300362	0.00502837297419	-0.039926953484	-0.00333170515383	-0.0284862207472	-0.0764140277942	0.00794550987225	-0.0251814887902	0.000351835699805	-0.0528254773863	-0.0167960194782	0.0521480110881	1.0	-0.0405986297665	0.00727153094898	-0.0342423450059	-0.0636722796761	-0.0387669334637	-0.0146972431045	-0.0440074037415	0.0244751020223	-0.0571913453115	-0.0371540000933	-0.0201233625799	0.000899232617447	-0.0350552001895	-0.0372716721224	0.0321973626621	-0.0825028746419	0.0110816547073	0.0380647790309	0.0127939404884	-0.0196569003192	-0.0581647879438	0.036492797718	-0.0278521416525	-0.0224787728679	0.0306379157214	-0.0186427049268	-0.0349866471299	0.0265833802007	0.0236881316571	0.0105126061401	0.0372532854039	0.0280310254846	0.0116583318085	0.00388178580599	0.0216262808228
k__Bacteria;p__Firmicutes;c__Clostridia;o__Clostridiales;f__Oscillospiraceae;g__Oscillibacter;s__Oscillibacter_sp._KLE_1745	-0.0183135218516	0.0386017922529	-0.0138272084989	-0.0135590192496	-0.0356126008653	0.0218201056209	0.0321378337987	-0.0220311143986	0.0414881519832	-0.053409440505	-0.041456383322	0.000724167260443	0.0144786386511	-0.0226041872108	-0.0397774361373	0.0312308100515	-0.0184761389771	0.00708052913658	-0.000351614719793	-0.0487032871239	0.0250010511145	-0.0427386533289	-0.0292579191133	-0.0405986297665	1.0	0.000315198961413	-0.0396795138012	0.000419590741868	0.0353802011457	-0.0248394166117	0.0423085796577	0.0124317935179	-0.0244131621808	-0.031997056513	-0.0641453572277	0.0216473514194	0.0589897880798	-0.0178760730256	-0.0415571215742	0.000108998130418	0.0139583520237	0.047789654675	0.000220057653284	-0.0063695951885	0.016491026773	-0.00615416821935	-0.00942931313525	-0.00542874094631	-0.0135244800889	0.0244375662119	-0.0215904382799	-0.0632729688899	0.0479526828531	-0.00744280924605	-0.0620363354237	0.0474216531994	-0.00762916407008	0.0263230483125	0.00881238513447
k__Bacteria;p__Bacteroidetes;c__Bacteroidia;o__Bacteroidales;f__Bacteroidaceae;g__Bacteroides;s__Bacteroides_coprophilus	-0.0150959430958	0.00254181311509	0.0391255361693	-0.0357001284723	0.0250158332048	-0.00824556636965	-0.0266415918017	-0.0330759238334	0.000900812759301	-0.0303247303352	-0.0233394828135	-0.0497468749269	-0.0199739163234	-0.0516360473126	-0.0275431025754	-0.0181806058048	-0.0193144913409	0.000544950884776	-0.0153965665632	-0.0249726493284	0.0149494136463	-0.0527027086618	-0.0196744886726	0.00727153094898	0.000315198961413	1.0	0.0725506106436	0.033918982006	0.011159676732	0.0152878049504	-0.0634616331768	-0.0639395204478	0.00160495581209	0.0364876100387	0.0295502199372	0.0459480104356	0.00539415437113	-0.0831078471933	-0.0715463234259	-0.0604859071116	-0.0195001113727	0.0104836676787	0.0244080620162	0.00307215611058	-0.0303594393991	-0.069328908668	-0.0438930931962	0.0227316010815	0.0109077737537	-0.0115435070167	0.00520427129062	-0.0310977359918	-0.107632239735	-0.0513987699069	0.0217780919541	0.0232402077609	0.0198940004156	0.0458218147908	-0.0583561583356
k__Bacteria;p__Firmicutes;c__Clostridia;o__Clostridiales;f__Lachnospiraceae;g__Roseburia;s__Roseburia_intestinalis	-0.0432883404897	-0.02498448615	0.0189824319846	-0.00308941606721	-0.00916866104639	0.0555400999215	0.0143104539544	-0.0451271665564	0.0260110936822	-0.0132505012129	-0.0189756049397	0.0445132601008	0.0123529302722	-0.0320709353737	0.0116312502468	-0.0204155779128	-0.0159024090665	-0.0101651787264	-0.0158518390299	0.00257943136113	-0.023186047993	-0.0491398685941	0.00266734074087	-0.0342423450059	-0.0396795138012	0.0725506106436	1.0	-0.0490960076871	0.00709679275347	-0.0642651693976	-0.0215076385066	-0.00606186621152	0.00800966279869	0.0265968784424	-0.0376830923285	0.00336055200206	-0.0708068661626	0.000308113615317	-0.038239329937	0.0133561923539	-0.026451443536	0.0357802445892	0.0360883459146	0.0149813316786	-0.0157574712084	-0.0320304961496	0.0218693917489	-0.0975287206573	-0.0331709627347	0.00349986031933	0.0513171579919	-0.00477313200874	-0.0169779337019	-0.0479739346609	0.0269411892121	0.0777632151695	-0.0339069903277	0.0589267758208	-0.0912240992788
k__Bacteria;p__Firmicutes;c__Clostridia;o__Clostridiales;f__Lachnospiraceae;g__Roseburia;s__Roseburia_hominis	-0.0199966088197	-0.0398139603338	-0.0165896862365	-0.0348271155642	0.0139910595778	0.0238086530794	-0.00406565741199	0.0737574293812	-0.00893511246385	-0.0196356088339	-0.0251723735099	-0.0212358314765	-0.00523695706372	0.0425488909371	0.0300501772776	-0.0313609979183	-0.0215598322261	-0.0234874531645	0.00215151897659	0.0306177208843	0.0466276758357	-0.0301578432469	0.019875441377	-0.0636722796761	0.000419590741868	0.033918982006	-0.0490960076871	1.0	-0.0196961102719	-0.0230362094258	-0.0292038303819	-0.0184768168869	0.00558994267589	0.00222196684596	-0.0181152658936	0.017454931823	-0.041155247989	-0.034359174744	-0.0365348345496	0.0168061047835	-0.0122074491154	-0.0369512628144	-0.0172449113664	0.00624389394001	-0.0121152890611	-0.0578469132216	-0.0182151059331	-0.0139048130367	0.00874808440942	0.035993561775	0.0477832299579	0.0226786699583	-0.0270254366378	-0.00224061541228	-0.00892951652453	-0.0665230225706	-0.00452316544669	-0.0458032275953	0.0105803441112
k__Bacteria;p__Bacteroidetes;c__Bacteroidia;o__Bacteroidales;f__Porphyromonadaceae;g__Parabacteroides;s__Parabacteroides_johnsonii	0.00353752787413	0.00766045003246	0.0121778533138	-0.0282445225076	0.0335822081835	0.0124561083147	0.011030406777	-0.0428390323126	-0.0386735694621	0.0303893156866	0.0165379620689	0.0180263944591	-0.00567291429073	0.0226888165528	-0.0209839965236	-0.044776384943	-0.0192335224001	-0.0568560840343	0.047868442376	-0.00968071534761	0.029806672677	-0.00592639617506	0.00236615443451	-0.0387669334637	0.0353802011457	0.011159676732	0.00709679275347	-0.0196961102719	1.0	-0.0407169656502	-0.0154667104207	0.00868856879135	-0.00431245787398	-0.0116767858	0.0109846578525	0.0157882474913	-0.00811805263118	-0.0197973067205	-0.0585732107341	-0.0143781841768	-0.0219479885909	-0.00850054970405	-0.00944514053032	-0.0098341160749	0.0454848293485	-0.0961986522362	-0.0193588289141	0.0198388212579	0.0619021006324	0.0540574039258	-0.0111116976735	0.0236282952531	0.00428066383336	-0.0361215938291	-0.00117273000099	-0.0103734466994	0.0306983550612	-0.0666457249963	-0.0416637172901
k__Bacteria;p__Actinobacteria;c__Actinobacteria;o__Bifidobacteriales;f__Bifidobacteriaceae;g__Bifidobacterium;s__Bifidobacterium_longum	0.0181940380356	-0.0441572940592	-0.0265742200305	0.00937371095619	-0.0256592664953	-0.0574779214737	0.0107282110863	-0.0466644667404	-0.0109207733878	-0.0293530632561	-0.0260351309186	-0.0362677498981	0.011590086786	-0.00579083093335	0.0121037607359	0.00224203978828	-0.0716437200524	-0.0165225623761	-0.0462955963638	0.0276098731381	0.0196792452131	0.0404153582503	-0.032516798307	-0.0146972431045	-0.0248394166117	0.0152878049504	-0.0642651693976	-0.0230362094258	-0.0407169656502	1.0	-0.00946429952174	-0.00749853822838	0.0264664693721	-0.0306930692203	0.0400531565003	-0.0598010540842	-0.0133416064423	0.0118090826345	-0.00509799492271	-0.0153885471707	-0.0515654770448	-0.0270804415013	-0.0111381041362	-0.0347804473235	-0.0574208562263	-0.0111503044859	-0.0256756026074	0.0184882415729	0.0348943449529	-0.0270676635452	0.0108339883287	-0.0563104944331	0.0294078365079	-0.0231143021187	0.021344191639	-0.0557407454892	-0.0145303339878	0.0523000517585	0.0416348164275
