#taxonomy	k__Bacteria;p__Bacteroidetes;c__Bacteroidia;o__Bacteroidales;f__Bacteroidaceae;g__Bacteroides;s__Bacteroides_vulgatus	k__Bacteria;p__Bacteroidetes;c__Bacteroidia;o__Bacteroidales;f__Bacteroidaceae;g__Bacteroides;s__Bacteroides_uniformis	k__Bacteria;p__Bacteroidetes;c__Bacteroidia;o__Bacteroidales;f__Rikenellaceae;g__Alistipes;s__Alistipes_putredinis	k__Bacteria;p__Bacteroidetes;c__Bacteroidia;o__Bacteroidales;f__Prevotellaceae;g__Prevotella;s__Prevotella_copri	k__Bacteria;p__Bacteroidetes;c__Bacteroidia;o__Bacteroidales;f__Bacteroidaceae;g__Bacteroides;s__Bacteroides_stercoris	k__Bacteria;p__Bacteroidetes;c__Bacteroidia;o__Bacteroidales;f__Bacteroidaceae;g__Bacteroides;s__Bacteroides_ovatus	k__Bacteria;p__Bacteroidetes;c__Bacteroidia;o__Bacteroidales;f__Rikenellaceae;g__Alistipes;s__Alistipes_shahii	k__Bacteria;p__Firmicutes;c__Clostridia;o__Clostridiales;f__Ruminococcaceae;g__Faecalibacterium;s__Faecalibacterium_prausnitzii	k__Bacteria;p__Bacteroidetes;c__Bacteroidia;o__Bacteroidales;f__Rikenellaceae;g__Alistipes;s__Alistipes_finegoldii	k__Bacteria;p__Bacteroidetes;c__Bacteroidia;o__Bacteroidales;f__Porphyromonadaceae;g__Parabacteroides;s__Parabacteroides_distasonis	k__Bacteria;p__Bacteroidetes;c__Bacteroidia;o__Bacteroidales;f__Bacteroidaceae;g__Bacteroides;s__Bacteroides_thetaiotaomicron	k__Bacteria;p__Bacteroidetes;c__Bacteroidia;o__Bacteroidales;f__Bacteroidaceae;g__Bacteroides;s__Bacteroides_coprocola	k__Bacteria;p__Bacteroidetes;c__Bacteroidia;o__Bacteroidales;f__Bacteroidaceae;g__Bacteroides;s__Bacteroides_cellulosilyticus	k__Bacteria;p__Bacteroidetes;c__Bacteroidia;o__Bacteroidales;f__Rikenellaceae;g__Alistipes;s__Alistipes_obesi	k__Bacteria;p__Firmicutes;c__Clostridia;o__Clostridiales;f__Lachnospiraceae;g__;s__[Eubacterium]_rectale	k__Bacteria;p__Bacteroidetes;c__Bacteroidia;o__Bacteroidales;f__Bacteroidaceae;g__Bacteroides;s__Bacteroides_plebeius	k__Bacteria;p__Bacteroidetes;c__Bacteroidia;o__Bacteroidales;f__Bacteroidaceae;g__Bacteroides;s__Bacteroides_fragilis	k__Bacteria;p__Proteobacteria;c__Betaproteobacteria;o__Burkholderiales;f__Sutterellaceae;g__Sutterella;s__Sutterella_wadsworthensis	k__Bacteria;p__Bacteroidetes;c__Bacteroidia;o__Bacteroidales;f__Porphyromonadaceae;g__Barnesiella;s__Barnesiella_intestinihominis	k__Bacteria;p__Bacteroidetes;c__Bacteroidia;o__Bacteroidales;f__Odoribacteraceae;g__Odoribacter;s__Odoribacter_splanchnicus	k__Bacteria;p__Bacteroidetes;c__Bacteroidia;o__Bacteroidales;f__Bacteroidaceae;g__Bacteroides;s__Bacteroides_salyersiae	k__Bacteria;p__Firmicutes;c__Clostridia;o__Clostridiales;f__Ruminococcaceae;g__Ruminiclostridium;s__[Eubacterium]_siraeum	k__Bacteria;p__Proteobacteria;c__Betaproteobacteria;o__Burkholderiales;f__Sutterellaceae;g__Parasutterella;s__Parasutterella_excrementihominis	k__Bacteria;p__Actinobacteria;c__Actinobacteria;o__Bifidobacteriales;f__Bifidobacteriaceae;g__Bifidobacterium;s__Bifidobacterium_adolescentis	k__Bacteria;p__Firmicutes;c__Clostridia;o__Clostridiales;f__Oscillospiraceae;g__Oscillibacter;s__Oscillibacter_sp._KLE_1745	k__Bacteria;p__Bacteroidetes;c__Bacteroidia;o__Bacteroidales;f__Bacteroidaceae;g__Bacteroides;s__Bacteroides_coprophilus	k__Bacteria;p__Firmicutes;c__Clostridia;o__Clostridiales;f__Lachnospiraceae;g__Roseburia;s__Roseburia_intestinalis	k__Bacteria;p__Firmicutes;c__Clostridia;o__Clostridiales;f__Lachnospiraceae;g__Roseburia;s__Roseburia_hominis	k__Bacteria;p__Bacteroidetes;c__Bacteroidia;o__Bacteroidales;f__Porphyromonadaceae;g__Parabacteroides;s__Parabacteroides_johnsonii	k__Bacteria;p__Actinobacteria;c__Actinobacteria;o__Bifidobacteriales;f__Bifidobacteriaceae;g__Bifidobacterium;s__Bifidobacterium_longum	k__Bacteria;p__Firmicutes;c__Clostridia;o__Clostridiales;f__;g__Flavonifractor;s__Flavonifractor_plautii	k__Bacteria;p__Firmicutes;c__Clostridia;o__Clostridiales;f__Clostridiaceae;g__Clostridium;s__Clostridium_phoceensis	k__Bacteria;p__Verrucomicrobia;c__Verrucomicrobiae;o__Verrucomicrobiales;f__Akkermansiaceae;g__Akkermansia;s__Akkermansia_muciniphila	k__Bacteria;p__Bacteroidetes;c__Bacteroidia;o__Bacteroidales;f__Prevotellaceae;g__Paraprevotella;s__Paraprevotella_xylaniphila	k__Bacteria;p__Firmicutes;c__Clostridia;o__Clostridiales;f__Ruminococcaceae;g__Ruminococcus;s__Ruminococcus_callidus	k__Bacteria;p__Bacteroidetes;c__Bacteroidia;o__Bacteroidales;f__Rikenellaceae;g__Alistipes;s__Alistipes_senegalensis	k__Bacteria;p__Firmicutes;c__Clostridia;o__Clostridiales;f__Lachnospiraceae;g__Blautia;s__Blautia_sp._KLE_1732	k__Bacteria;p__Bacteroidetes;c__Bacteroidia;o__Bacteroidales;f__Bacteroidaceae;g__Bacteroides;s__Bacteroides_oleiciplenus	k__Bacteria;p__Firmicutes;c__Clostridia;o__Clostridiales;f__Ruminococcaceae;g__Ruminococcus;s__Ruminococcus_bicirculans	k__Bacteria;p__Bacteroidetes;c__Bacteroidia;o__Bacteroidales;f__Bacteroidaceae;g__Bacteroides;s__Bacteroides_fluxus	k__Bacteria;p__Bacteroidetes;c__Bacteroidia;o__Bacteroidales;f__Prevotellaceae;g__Prevotella;s__Prevotella_stercorea	k__Bacteria;p__Firmicutes;c__Clostridia;o__Clostridiales;f__Lachnospiraceae;g__Dorea;s__Dorea_longicatena	k__Bacteria;p__Firmicutes;c__Clostridia;o__Clostridiales;f__Eubacteriaceae;g__Eubacterium;s__[Eubacterium]_eligens	k__Bacteria;p__Firmicutes;c__Clostridia;o__Clostridiales;f__Ruminococcaceae;g__;s__Ruminococcaceae_bacterium_D16	k__Bacteria;p__Firmicutes;c__Clostridia;o__Clostridiales;f__Lachnospiraceae;g__Coprococcus;s__Coprococcus_comes	k__Bacteria;p__Proteobacteria;c__Gammaproteobacteria;o__Enterobacterales;f__Enterobacteriaceae;g__Escherichia;s__Escherichia_coli	k__Bacteria;p__Firmicutes;c__Clostridia;o__Clostridiales;f__Ruminococcaceae;g__Anaerotruncus;s__Anaerotruncus_colihominis	k__Bacteria;p__Firmicutes;c__Clostridia;o__Clostridiales;f__Lachnospiraceae;g__Blautia;s__Blautia_obeum	k__Bacteria;p__Bacteroidetes;c__Bacteroidia;o__Bacteroidales;f__Odoribacteraceae;g__Odoribacter;s__Odoribacter_laneus	k__Bacteria;p__Firmicutes;c__Clostridia;o__Clostridiales;f__Ruminococcaceae;g__Ruminiclostridium;s__[Clostridium]_leptum	k__Bacteria;p__Bacteroidetes;c__Bacteroidia;o__Bacteroidales;f__Porphyromonadaceae;g__Parabacteroides;s__Parabacteroides_goldsteinii	k__Bacteria;p__Firmicutes;c__Clostridia;o__Clostridiales;f__Lachnospiraceae;g__Anaerostipes;s__Anaerostipes_hadrus	k__Bacteria;p__Firmicutes;c__Clostridia;o__Clostridiales;f__Ruminococcaceae;g__Ruminococcus;s__Ruminococcus_lactaris	k__Bacteria;p__Firmicutes;c__Clostridia;o__Clostridiales;f__Clostridiaceae;g__Clostridium;s__Clostridium_sp._L2-50	k__Bacteria;p__Firmicutes;c__Clostridia;o__Clostridiales;f__Clostridiaceae;g__Clostridium;s__Clostridium_sp._M62/1	k__Bacteria;p__Firmicutes;c__Clostridia;o__Clostridiales;f__;g__Intestinimonas;s__Intestinimonas_butyriciproducens	k__Bacteria;p__Actinobacteria;c__Actinobacteria;o__Bifidobacteriales;f__Bifidobacteriaceae;g__Bifidobacterium;s__Bifidobacterium_bifidum	k__Bacteria;p__Firmicutes;c__Negativicutes;o__Veillonellales;f__Veillonellaceae;g__Dialister;s__Dialister_invisus	k__Bacteria;p__Bacteroidetes;c__Bacteroidia;o__Bacteroidales;f__Bacteroidaceae;g__Bacteroides;s__Bacteroides_salanitronis
k__Bacteria;p__Bacteroidetes;c__Bacteroidia;o__Bacteroidales;f__Bacteroidaceae;g__Bacteroides;s__Bacteroides_vulgatus	1.0	0.0833076932361	-0.0264818917346	-0.089195158725	-0.000867505506172	0.0208681942244	0.0279961945221	-0.020230716561	0.0442312608599	0.00447196345635	0.0157269345996	-0.00119358011095	0.0194556132254	-0.00326940898779	-0.0345277553395	0.0233510802373	0.0144532391982	-0.00309381602422	-0.0226200091547	0.00319915297308	0.00314147603272	-0.0101268063282	0.0367091787672	-3.4391208377e-05	-0.0293321958928	0.00318625835536	0.0470254095313	0.0415872529216	0.00842148651638	-0.0233780071053	-0.0283985055317	0.0377915322081	0.013840278005	0.013300435816	-0.0135877198454	-0.0235690327151	0.0127282697872	-0.0603508560967	-0.0317242124252	0.030108354952	-0.0232385219541	-0.0130451032824	-0.0428008053301	0.0830218064753	0.0192931356922	-0.00831490078589	-0.0538190797642	0.0079170045885	0.0203552640188	-0.0207333304855	-0.0342499793387	-0.0532465026213	-0.0065596019172	-0.040349002166	-0.02331367381	0.000114772403049	-0.0607078976069	-0.0195861112858	-0.010204308927
k__Bacteria;p__Bacteroidetes;c__Bacteroidia;o__Bacteroidales;f__Bacteroidaceae;g__Bacteroides;s__Bacteroides_uniformis	0.0833076932361	1.0	-0.0413648662525	-0.0114661510738	-0.0511505704559	-0.00541176591298	-0.0355999665255	-0.0330130425318	0.0125237682865	-0.018086044528	-0.0497397392573	0.0310468353051	0.00691404532423	-0.0504001226076	-0.0141142743425	0.0381316646484	0.0599801093885	0.00974449792945	-0.0960271598463	0.00974424821613	-0.0309291179732	-0.0018702506862	0.0377195078872	-0.00951269188284	-0.044809157841	0.0190071118005	-0.000654683619766	-0.0134630767582	-0.0130531822837	-0.0417497741861	-0.0101387908154	-0.0380547692138	-0.0193463150432	0.00779082646174	-0.0655220074904	0.012620769982	0.00952716046871	-0.0185065556447	0.00793536903949	0.0115795476199	0.00156035202639	0.0239804987133	-0.0135937039383	-0.00824775205118	0.0522399666649	0.00482981954885	0.00170511922627	-0.00257783460552	-0.0414896294579	0.0451783239544	0.064416980396	0.0212814870877	-0.0196114724165	-0.000622183887447	0.0671976201268	0.0141122021587	-0.0400822506516	-0.0427887343684	-0.0679449606723
k__Bacteria;p__Bacteroidetes;c__Bacteroidia;o__Bacteroidales;f__Rikenellaceae;g__Alistipes;s__Alistipes_putredinis	-0.0264818917346	-0.0413648662525	1.0	0.0647908426614	-0.000818341021749	0.0803733205924	-0.0414488937825	-0.00293680523978	0.026997902499	-0.0197012748683	-0.00374855862514	-0.0265344403886	0.0275981111203	0.0145391517478	-0.0388911124016	-0.0365599012642	-0.0485404055357	-0.0165065686854	-0.0713121903097	0.0275442516249	0.022598355523	-0.0338781408127	0.00939483261107	0.0046593517621	-0.00806761340759	-0.00042008350111	-0.0030082865884	-0.0593930252327	0.0183575632894	-0.0105873936215	-0.0220174668986	0.0195790859874	0.0329400915028	-0.00378472406814	0.0144759841536	-0.0224622174074	-0.0608193436828	-0.0367660902229	-0.016447854174	-0.0160393882801	-0.0527886203084	0.0303159479343	-0.0255401747422	0.0300160379622	-0.00469556536879	0.0378783950735	0.0236117274021	-0.0240978439911	-0.0666906554489	-0.00928634167515	0.0189844080777	0.00627548986353	-0.00374960069085	-0.0187455851266	0.0216322404466	0.0564057075662	0.0353043253671	0.0250407671072	0.0228800595964
k__Bacteria;p__Bacteroidetes;c__Bacteroidia;o__Bacteroidales;f__Prevotellaceae;g__Prevotella;s__Prevotella_copri	-0.089195158725	-0.0114661510738	0.0647908426614	1.0	-0.0198640967915	0.00762139286829	0.00247469779929	-0.0170020575249	-0.000498386231435	-0.0146280186498	0.00534941851891	-0.0272940568673	-0.00513455320342	-0.0453494009976	0.00826294177629	-0.0147152996663	0.0343351511833	-0.0376288101901	-0.0171194386852	-0.0140476257632	0.0278208474834	0.0210678759549	0.0370399253879	-0.0322720696873	0.0269811375393	0.0478424831284	0.0429285011536	-0.0312250296383	-0.0525619712231	-0.038018734593	-0.0226193555785	0.0155407046446	-0.036508022389	-0.053075568402	0.0215310269406	0.00920557234632	0.0217285449213	-0.035821031145	-0.0301270830667	0.0114359086663	-0.0398010823259	0.043576493206	0.0175929696434	-0.000221843912397	-0.0158950561751	-0.00509131725582	0.0175638120836	0.000461605051704	0.0203934428554	0.00730621017076	-0.0389720245315	0.0580741320778	0.0201212869831	-0.0516628985358	-0.0263968261911	-0.0359315105591	-0.00893881693473	0.00726145595196	0.00964051347226
k__Bacteria;p__Bacteroidetes;c__Bacteroidia;o__Bacteroidales;f__Bacteroidaceae;g__Bacteroides;s__Bacteroides_stercoris	-0.000867505506172	-0.0511505704559	-0.000818341021749	-0.0198640967915	1.0	-0.0168007223567	-0.0211347333512	-0.0296280239232	0.033429755127	0.0115061488419	0.0111552987775	0.022716489495	0.0401837024668	-0.0210691580051	-0.0219767545287	-0.0298385236587	-0.0351003128177	0.0423127762751	0.0179714634706	0.0447214364231	-0.00377372587551	0.0291573384728	-0.0947853286123	-0.00857983014958	0.016392303412	0.0315603280753	-0.0380701005003	-0.0196938075165	0.0422767881473	-0.00302575332848	0.00907220441552	0.0570595939796	0.00317051151232	0.0144365007532	-0.0549099395754	0.0759340622104	-0.00974393729478	0.0364321172946	-0.0652661712603	-0.0299736857777	0.00140253741795	0.00243904037707	0.013676307844	-0.0141020752546	-0.00830758176522	0.0183740139758	0.0138054149731	-0.0467669937588	-0.0423990044931	0.00233335071245	0.0110947893552	-0.0175435812356	0.0250939689643	-0.0294376932691	-0.00722770709562	-0.0115100974823	0.00311761271226	-0.0298072479193	-0.00126813846224
k__Bacteria;p__Bacteroidetes;c__Bacteroidia;o__Bacteroidales;f__Bacteroidaceae;g__Bacteroides;s__Bacteroides_ovatus	0.0208681942244	-0.00541176591298	0.0803733205924	0.00762139286829	-0.0168007223567	1.0	-0.024891102177	-0.0358122557618	-0.0340626118694	-0.0401877154179	0.0103977990409	-0.0065321455751	-0.00598263930357	-0.0141726749007	0.0266804455899	-0.00571075257712	0.0145765728025	0.050935633018	-0.0449799823236	-0.0316438915189	0.0694445492353	0.0190050773744	-0.00975980195767	-0.0296102679585	0.00428369317576	-0.0272215361678	-0.0868730152491	0.0345090599202	0.0172855890758	-0.0712416244119	-0.0045824231742	0.0409283637399	-0.0238353832611	0.0281477651656	-0.00803106870059	0.00903117397184	-0.00570052730879	-0.0145083681407	0.0242519427399	-0.0583673373498	-0.00698325217157	-0.0115670705226	-0.00305607854868	-0.0142577918607	-0.0184049870958	-0.0195546682185	0.00676851140264	-0.0117939535173	-0.0242059421083	-0.00583745901024	0.0508179930142	-0.0686843976694	-0.032138358856	0.0519968110889	0.014837585262	0.0264778977341	-0.0423560639866	0.0262611778311	-0.0371901820599
k__Bacteria;p__Bacteroidetes;c__Bacteroidia;o__Bacteroidales;f__Rikenellaceae;g__Alistipes;s__Alistipes_shahii	0.0279961945221	-0.0355999665255	-0.0414488937825	0.00247469779929	-0.0211347333512	-0.024891102177	1.0	-6.14378243021e-05	-0.0203441994851	0.0115437913483	0.000431686051511	0.0392562351276	0.00136313858103	-0.0587937907176	0.0267865451539	-0.100665095467	0.014709746823	0.0254357338464	0.0159116830637	0.0104637781676	0.0618180590787	0.00919142117659	0.0234325743655	-0.0579271910086	0.0276742925524	-0.019095850334	-0.0775181078227	-0.0161351606834	0.0157826968019	-0.00889717978271	0.00899292771498	-0.052424590261	0.022087774836	-0.0400727111313	0.00406969432608	0.00419809098744	0.0615339652107	0.00911127568027	-0.0184792066118	-0.0406544911839	-0.0311649235321	0.0492373978273	-0.0393053032496	0.0217608358797	-0.0192678611406	-0.0393930876699	-0.019043081327	0.00109577526071	0.0441447645981	-0.0654431651086	-0.0150703943785	-0.0417031142048	0.010724908353	-0.0405099615242	-0.0380149580491	0.00307910753232	0.0139481381503	0.0398373968707	-0.0123784810425
k__Bacteria;p__Firmicutes;c__Clostridia;o__Clostridiales;f__Ruminococcaceae;g__Faecalibacterium;s__Faecalibacterium_prausnitzii	-0.020230716561	-0.0330130425318	-0.00293680523978	-0.0170020575249	-0.0296280239232	-0.0358122557618	-6.14378243022e-05	1.0	0.00179530354463	0.0504230860319	-0.0436238943791	0.0487294143574	-0.0421174308604	0.012318774489	-0.00706273677964	-0.0616210821384	-0.0180171470358	0.0678385086012	-0.0133182546051	-0.0043784368838	0.0117990802694	-0.0287005694891	-0.0146404539864	-0.0614711537354	0.0122885434864	-0.0275181403197	0.0193534493152	-0.0304590159609	-0.0108820600134	0.0228644513733	0.0283132985463	-0.0108670426792	-0.00143838669629	0.0445080396231	0.00199263626111	-0.0851439868254	-0.00974651525274	0.0821717804746	0.0485231542876	-0.0329333360581	0.0415124917156	-0.0442806947378	-0.00697536759444	0.031200882891	0.00380230713482	0.0741669624241	-0.0450367273804	-0.0297112617466	0.026781193886	0.0479116830383	-0.00752256234583	-0.00210598511747	0.0165496986254	-0.0173701760507	0.00443999922943	-0.0738043919727	-0.0475711851794	-0.054825061106	-0.0256412044888
k__Bacteria;p__Bacteroidetes;c__Bacteroidia;o__Bacteroidales;f__Rikenellaceae;g__Alistipes;s__Alistipes_finegoldii	0.0442312608599	0.0125237682865	0.026997902499	-0.000498386231435	0.033429755127	-0.0340626118694	-0.0203441994851	0.00179530354463	1.0	-0.0223041567883	0.0895200964892	0.0564170987348	-0.0338726507343	0.0131427021045	0.0324984419036	0.0415657267926	-0.0177781270823	0.0415358226315	0.0251392004604	-0.0210440614384	0.000769187043422	0.0264736592499	0.0731633721953	0.0159617244318	-0.0217713712131	-0.0311642827319	-0.0254771612578	-0.0186746754282	-0.0308766275989	-0.0132974238156	0.0535126997574	0.0339725764488	-0.0796978278667	0.0244093803637	-0.0088621568593	0.0132300989816	-0.0597021771099	-0.0171354049625	-0.00307955166011	-0.0380749896956	0.00768988557788	-0.0320881415477	0.0211521927871	-0.0594094681895	0.0157285505342	0.0465059796681	-0.0611951370907	-0.0722878330702	0.000715523872197	-0.00404811030154	-0.00796051777766	-0.094958785791	-0.027248672381	0.032627333329	-0.0296963048769	-0.0361867400645	0.0349672920998	-0.0330747903884	-0.0572628117784
k__Bacteria;p__Bacteroidetes;c__Bacteroidia;o__Bacteroidales;f__Porphyromonadaceae;g__Parabacteroides;s__Parabacteroides_distasonis	0.00447196345635	-0.018086044528	-0.0197012748683	-0.0146280186498	0.0115061488419	-0.0401877154179	0.0115437913483	0.0504230860319	-0.0223041567883	1.0	-0.0209594484102	0.0249462792724	0.0171266561572	0.0143685310969	-0.0335596551564	-0.0639379070859	0.0146989686673	-0.051750251876	-0.0262481890426	-0.00887032292466	0.0206130942805	0.0416144217944	0.00366917456346	-0.0373933943762	-0.031264702861	0.0589078030032	0.0156761052809	-0.0355366779674	-0.0172416845752	0.0381816995563	-0.00918805463456	-0.0230031690575	-0.0273792715825	-0.0117221567679	0.0470401567493	-0.0288661829692	-0.059008654356	-0.0064652409663	-0.0127116001442	-0.0410409853903	-0.0515707648473	0.023001898055	-0.0678159280307	-0.0163580939661	0.00335274030567	-0.0014978734988	-0.0258938291831	0.00873306800655	-0.0344240164212	-0.0167722046962	-0.0810780469434	-0.0361584766219	0.0399335647902	-0.0116083800606	0.00491843370991	-0.0712882547299	-0.00135958374008	0.00338813238324	0.0240183051397
k__Bacteria;p__Bacteroidetes;c__Bacteroidia;o__Bacteroidales;f__Bacteroidaceae;g__Bacteroides;s__Bacteroides_thetaiotaomicron	0.0157269345996	-0.0497397392573	-0.00374855862514	0.00534941851891	0.0111552987775	0.0103977990409	0.000431686051511	-0.0436238943791	0.0895200964892	-0.0209594484102	1.0	-0.00892482626125	-0.0260104350524	0.0321695675998	0.00739924551326	0.0282437407498	0.0367431599191	-0.0187861571842	-0.0404407924947	-0.062896109357	-0.0313744294131	0.0355133992961	-0.0327518079744	0.0372018188681	0.0235292975078	-0.00139168799483	-0.0401937403617	-0.0642311690932	0.0218546002466	0.0106879863632	-0.0389770820841	-0.0249778172356	-0.0160820128807	-0.00734147828966	0.0249474948209	-0.00200121428486	-0.0156665233891	-0.0444804645687	0.0153611679092	0.0120317725443	-0.0282315462816	-0.00121885357981	-0.00062199766077	-0.00176016968705	0.00378826577878	0.0182209577403	0.027283427918	-0.0269826641903	0.00964110150629	-0.0281007761255	-0.0304780323937	-0.0217333824858	0.0290076609316	-0.0572772714863	-0.0598756184516	-0.0344542362205	-0.0117822178008	-0.0526995393177	0.0127545420249
k__Bacteria;p__Bacteroidetes;c__Bacteroidia;o__Bacteroidales;f__Bacteroidaceae;g__Bacteroides;s__Bacteroides_coprocola	-0.00119358011095	0.0310468353051	-0.0265344403886	-0.0272940568673	0.022716489495	-0.0065321455751	0.0392562351276	0.0487294143574	0.0564170987348	0.0249462792724	-0.00892482626125	1.0	0.00534001759809	-0.00705800435871	-0.00462749132091	-0.0564900046071	-0.0266967598126	0.00249359229489	0.0497216383467	-0.0169881374166	-0.00744167554895	-0.0238408480728	0.0245991971027	0.00215407634367	0.0155456154525	-0.0362340166736	-0.0101310244864	-0.036193813883	0.0047646013635	-0.0243156221353	0.0302505404858	0.0147371036898	-0.00271766047465	-0.035761930318	-0.062343205989	0.0209700034969	-0.0216188561987	-0.0689941646283	-0.0199771110252	0.0699033679894	0.0137100876377	-0.00928630611866	-0.00901344062638	-0.0191531965934	0.0369107133283	-0.0534121510683	0.0230712445059	-0.0145305495212	-0.0194932400815	-0.0321512488763	0.0177436083456	-0.033385073812	-0.0529450686999	0.00923686982993	-0.00616941975818	0.0305010115179	-0.0498447718868	-0.0223352245816	0.00740895553067
k__Bacteria;p__Bacteroidetes;c__Bacteroidia;o__Bacteroidales;f__Bacteroidaceae;g__Bacteroides;s__Bacteroides_cellulosilyticus	0.0194556132254	0.00691404532423	0.0275981111203	-0.00513455320342	0.0401837024668	-0.00598263930357	0.00136313858103	-0.0421174308604	-0.0338726507343	0.0171266561572	-0.0260104350524	0.00534001759809	1.0	-0.0421811428244	-0.0527611505093	-0.0319452934124	0.0538006025014	-0.117316166295	-0.00940666549462	-0.00631141419251	-0.0143581162243	-0.071253856805	0.0160751652449	-0.057535553412	0.0366500971144	0.000697485842171	-0.0491748877566	0.00572708308652	-0.00657294966884	-0.0258376059781	-0.0727468713326	0.0435246277792	-0.0233357739304	-0.0875462159636	-0.0087445404681	-0.0565734945247	0.015019432458	0.0293643140078	0.0265797427524	-0.0227235379693	-0.0323717688139	-0.010653143373	0.0234258269314	-0.0107970201776	0.0153121730133	-0.0178381711244	-0.0401078864856	0.00517205447375	-0.0303119214103	0.0135492938769	-0.0786331097961	0.0540810035806	0.00957701821254	-0.0356565591909	-0.0454091063456	0.0122149615876	0.0240315538353	0.0157114743365	-0.0106897460812
k__Bacteria;p__Bacteroidetes;c__Bacteroidia;o__Bacteroidales;f__Rikenellaceae;g__Alistipes;s__Alistipes_obesi	-0.00326940898779	-0.0504001226076	0.0145391517478	-0.0453494009976	-0.0210691580051	-0.0141726749007	-0.0587937907176	0.012318774489	0.0131427021045	0.0143685310969	0.0321695675998	-0.00705800435871	-0.0421811428244	1.0	0.0377275073688	0.0105217443162	-0.0465758521775	0.0252084152202	0.0210218532471	0.0398402086945	-0.0396871672814	0.0436496509356	-0.0304229767199	0.000364877985111	-0.0698272509081	-0.00831467707277	0.0223900177214	0.0114405147273	0.00544693574692	0.0430890910429	0.00857328876436	0.0384858191369	-0.00969886168163	-0.0503264776926	-0.0573861267617	-0.0506184682676	-0.0538652921325	0.00861778230459	-0.0539975797813	0.0196431007997	-0.0234955850615	-0.0024139775915	0.0131212529918	0.0694553537941	0.00885292940347	0.0047357555396	-0.0322716689163	-0.0475321860304	-0.00472152484094	0.0202060270706	0.057373957431	-0.0261801135974	0.0221893635555	0.0154790979129	-0.0507204095763	-0.0213330943295	-0.0242069298774	0.00207169773491	0.00679186492898
k__Bacteria;p__Firmicutes;c__Clostridia;o__Clostridiales;f__Lachnospiraceae;g__;s__[Eubacterium]_rectale	-0.0345277553395	-0.0141142743425	-0.0388911124016	0.00826294177629	-0.0219767545287	0.0266804455899	0.0267865451539	-0.00706273677964	0.0324984419036	-0.0335596551564	0.00739924551326	-0.00462749132091	-0.0527611505093	0.0377275073688	1.0	0.00632925918542	-0.0024804652666	0.00656682333189	-0.0155400010649	0.00576820457272	0.0223631626167	0.0202790156496	-0.011933474637	0.00708444316552	0.0277503558003	-0.0248628391912	-0.0220096994697	-0.0613397598365	-0.0232693465889	-0.0457955367211	0.027822771322	-0.0344135708212	0.00353644492346	-0.0299382262993	-0.0978769759982	0.0301515629179	-0.00859219726129	-0.00739740221865	-0.0423552429547	0.00769907025977	-0.0161587173858	-0.0248828545175	-0.0158238368128	-0.0103075274294	-0.0251695831969	-0.0191497404255	0.0332527483146	-0.0380077162975	0.00920396892115	0.00747866013066	-0.00324406825927	-0.0755017279342	-0.00418029197551	-0.054074447075	0.0432529162355	0.00587780833175	-0.0285312744785	-0.0644060462011	-0.0536212928339
k__Bacteria;p__Bacteroidetes;c__Bacteroidia;o__Bacteroidales;f__Bacteroidaceae;g__Bacteroides;s__Bacteroides_plebeius	0.0233510802373	0.0381316646484	-0.0365599012642	-0.0147152996663	-0.0298385236587	-0.00571075257712	-0.100665095467	-0.0616210821384	0.0415657267926	-0.0639379070859	0.0282437407498	-0.0564900046071	-0.0319452934124	0.0105217443162	0.00632925918542	1.0	0.00178482043829	-0.0752289828878	-0.0346132365331	-0.0369385969775	0.0068538608896	-0.0132568386733	0.00830582529129	0.0649548791065	-0.0424011036427	-0.019623191542	-0.0106647526116	0.05539811652	0.00422313833377	0.0283965859408	-0.0398885738813	-0.0284292014592	-0.0457109133502	-0.0331098594924	-0.0571204037666	0.0315362790123	-0.00238494591493	0.0753757130384	0.00912545735184	-0.00500107000889	-0.0166312259634	0.00628203493254	0.0096009828148	0.0199599315849	-0.0371233685479	0.00254458441513	0.0760155381801	0.0166842480145	0.0225417412031	0.00565752751451	0.010829490976	0.0291176071355	-0.0341608026952	-0.0113502128981	-0.0110422873883	-0.0420795134063	0.0285670136693	-0.00515136724473	0.00148075530133
k__Bacteria;p__Bacteroidetes;c__Bacteroidia;o__Bacteroidales;f__Bacteroidaceae;g__Bacteroides;s__Bacteroides_fragilis	0.0144532391982	0.0599801093885	-0.0485404055357	0.0343351511833	-0.0351003128177	0.0145765728025	0.014709746823	-0.0180171470358	-0.0177781270823	0.0146989686673	0.0367431599191	-0.0266967598126	0.0538006025014	-0.0465758521775	-0.0024804652666	0.00178482043829	1.0	0.035048134765	-0.0496717165073	-0.00755002345349	0.00738127755296	-0.00272016523721	-0.0553436130454	0.0134752302226	0.0894988402269	0.0192031640142	-0.0155352259956	-0.0230404478884	-0.0627186085631	-0.0492461918772	-0.00888942555623	0.0163543425689	-0.0108346049071	-0.00642381652731	0.0235977848661	0.0174094884924	0.0504495198558	-0.0160810198279	0.0472919622501	0.022467485436	-0.0262849548582	0.0101295917242	0.0396200825838	-0.0298599201278	-0.0861704758776	0.0170010398566	0.0295516833225	-0.0586398129882	0.0395779604329	-0.0347932217186	-0.036281770014	-0.03870923201	-0.04404962551	-0.00939854159537	0.0142855850671	0.0494080309755	-0.028452097583	0.00478924780231	-0.0585808577498
k__Bacteria;p__Proteobacteria;c__Betaproteobacteria;o__Burkholderiales;f__Sutterellaceae;g__Sutterella;s__Sutterella_wadsworthensis	-0.00309381602422	0.00974449792945	-0.0165065686854	-0.0376288101901	0.0423127762751	0.050935633018	0.0254357338464	0.0678385086012	0.0415358226315	-0.051750251876	-0.0187861571842	0.00249359229489	-0.117316166295	0.0252084152202	0.00656682333189	-0.0752289828878	0.035048134765	1.0	0.0297305902615	0.0203503867303	-0.0304976171104	-0.0161848573681	-0.0295840237758	-0.0179170834046	-0.0412205723045	0.00791846867043	0.0353993054544	-0.0314926880047	-0.0103428823823	0.0404026905686	-0.0799024445631	-0.0437242332312	-0.0489836988367	-0.0177427454992	-0.0229891839643	0.0342720213691	0.00737906325087	-0.0651368022336	-0.0263577819556	-0.0228758347542	-0.0269081868436	-0.0419918236234	-0.0398846575684	-0.0145692261834	0.0166509369178	-0.0133403598941	-0.0851712953391	-0.0420139094666	-0.0287159327397	0.0323723243071	0.000184114561574	0.109831285194	-0.0666210382859	-0.010133935866	0.0151810954613	0.0298589370724	0.0248811177786	-0.00102547812645	0.0046568188935
k__Bacteria;p__Bacteroidetes;c__Bacteroidia;o__Bacteroidales;f__Porphyromonadaceae;g__Barnesiella;s__Barnesiella_intestinihominis	-0.0226200091547	-0.0960271598463	-0.0713121903097	-0.0171194386852	0.0179714634706	-0.0449799823236	0.0159116830637	-0.0133182546051	0.0251392004604	-0.0262481890426	-0.0404407924947	0.0497216383467	-0.00940666549462	0.0210218532471	-0.0155400010649	-0.0346132365331	-0.0496717165073	0.0297305902615	1.0	0.00189667243377	-0.00105471514972	-0.00948226815744	0.000913083824408	-0.0582420470159	0.0284786238775	0.0187009286694	-0.0238111983588	-0.0341600458449	-0.0174442809442	0.00177783155373	0.00937519481548	0.017807814298	0.0551734571055	0.00316900847574	-0.0607345904537	-0.0273598465706	0.0408341781306	0.00304745921074	-0.0209803358196	0.0366903967055	-0.0187077925828	-0.021049881815	-0.0056447300319	0.00120072126239	-0.00866526182214	-0.00891982960508	-0.00660803785031	0.00299566975547	0.0121010060361	0.0315366693683	0.00873276960806	0.0688790056657	-0.0462218463318	0.0342006282666	-0.0460238035508	-0.0129338160014	-0.00886824304242	-0.0402075557421	-0.0118971383007
k__Bacteria;p__Bacteroidetes;c__Bacteroidia;o__Bacteroidales;f__Odoribacteraceae;g__Odoribacter;s__Odoribacter_splanchnicus	0.00319915297308	0.00974424821613	0.0275442516249	-0.0140476257632	0.0447214364231	-0.0316438915189	0.0104637781676	-0.0043784368838	-0.0210440614384	-0.00887032292466	-0.062896109357	-0.0169881374166	-0.00631141419251	0.0398402086945	0.00576820457272	-0.0369385969775	-0.00755002345349	0.0203503867303	0.00189667243377	1.0	0.0160149951471	-0.0306688660454	0.018927877444	-0.00765695473719	-0.0619965184857	-0.000206524848461	-0.00627312289647	0.0166133968595	-0.0273424738315	-0.0822843266538	0.0281424852199	0.0013264652333	-0.0517014813561	0.0148703878401	-0.0096498154283	-0.0192273888901	-0.0650022892807	-0.0143499514462	-0.0144898141171	0.0302863290424	0.0558872996484	-0.0553543391396	-0.00256046032454	0.0426678114931	-0.0105085106392	-0.0119948990661	-0.0380489221619	0.0289490217708	-0.0375178210116	0.0628981302974	-0.049176755061	-0.00754212881956	0.00373083269154	0.0110798168588	-0.0247994039566	-0.0210779282623	0.00176302280603	0.0511893110468	-0.0429292568786
k__Bacteria;p__Bacteroidetes;c__Bacteroidia;o__Bacteroidales;f__Bacteroidaceae;g__Bacteroides;s__Bacteroides_salyersiae	0.00314147603272	-0.0309291179732	0.022598355523	0.0278208474834	-0.00377372587551	0.0694445492353	0.0618180590787	0.0117990802694	0.000769187043422	0.0206130942805	-0.0313744294131	-0.00744167554895	-0.0143581162243	-0.0396871672814	0.0223631626167	0.0068538608896	0.00738127755296	-0.0304976171104	-0.00105471514972	0.0160149951471	1.0	-0.0318439516609	-0.0600942866778	0.0643573517632	-0.0284451006692	0.0256439758934	-0.0439777446987	-0.011020214579	-0.00904366189882	-0.00445791974804	-0.0623478070042	0.0189740480003	-0.00218333049945	-0.0011282615474	-0.0380746800945	0.0327838599773	-0.0177590850898	0.0153722081106	-0.0177850299831	0.0184189400446	0.0101898704499	-0.0200476055215	-0.0345245657106	0.00715552541767	-0.0248903035765	-0.0319462220173	0.0483379481385	-0.0566266528059	0.00514568786486	-0.0721799985775	-0.0203049457586	-0.0534972330778	-0.0187954747871	0.0560297773477	0.00232852248534	-0.0440834020538	0.00837967653376	-0.0140497782303	-0.0340190761446
k__Bacteria;p__Firmicutes;c__Clostridia;o__Clostridiales;f__Ruminococcaceae;g__Ruminiclostridium;s__[Eubacterium]_siraeum	-0.0101268063282	-0.0018702506862	-0.0338781408127	0.0210678759549	0.0291573384728	0.0190050773744	0.00919142117659	-0.0287005694891	0.0264736592499	0.0416144217944	0.0355133992961	-0.0238408480728	-0.071253856805	0.0436496509356	0.0202790156496	-0.0132568386733	-0.00272016523721	-0.0161848573681	-0.00948226815744	-0.0306688660454	-0.0318439516609	1.0	-0.0179270261174	-0.0803068439649	0.0426536624541	-0.0432099815195	-0.029923101206	-0.037326605133	0.00749852068264	0.108224365548	-0.0275619120213	0.0421382176276	0.0219364449566	0.00731842654366	0.000520199352782	-0.0667960720029	-0.00866844393257	0.0467762296293	0.0180611658955	0.023415351339	-0.00909817710238	-0.000397682578542	-0.0428015317236	0.00936287544128	0.0163562083527	0.0407805499322	-0.0405897600915	-0.0352128495594	-0.0182711160965	-0.0396303154714	-0.0754158800916	-0.009701753282	0.0532767288397	-0.0186019299593	-0.0149161296194	0.0307886040629	-0.00175777656094	0.0107647949262	-0.0115891804551
k__Bacteria;p__Proteobacteria;c__Betaproteobacteria;o__Burkholderiales;f__Sutterellaceae;g__Parasutterella;s__Parasutterella_excrementihominis	0.0367091787672	0.0377195078872	0.00939483261107	0.0370399253879	-0.0947853286123	-0.00975980195767	0.0234325743655	-0.0146404539864	0.0731633721953	0.00366917456346	-0.0327518079744	0.0245991971027	0.0160751652449	-0.0304229767199	-0.011933474637	0.00830582529129	-0.0553436130454	-0.0295840237758	0.000913083824408	0.018927877444	-0.0600942866778	-0.0179270261174	1.0	0.0156354704733	-0.0431359608698	0.0231788804956	-0.00881417204165	-0.0598037989657	-0.0196741790818	0.00198783060903	-0.019780739512	0.00575406649382	-0.0161861229943	-0.00505128815928	0.0151328276733	-0.0311933864873	0.011784835127	-0.00618732345123	-0.0164256001738	-0.032175184519	-0.0583854271964	0.00661495819166	0.014010226844	0.0112412380433	-0.0176683473731	-0.0186120109543	0.0289557909969	0.0324216371726	-0.043515550827	-0.0253575466859	-0.0156783049493	-0.0351736899755	-0.0288319192794	-0.00357933876339	0.011635477868	-0.0301158536675	-0.0276709224491	0.0208857749028	-0.0293882990623
k__Bacteria;p__Actinobacteria;c__Actinobacteria;o__Bifidobacteriales;f__Bifidobacteriaceae;g__Bifidobacterium;s__Bifidobacterium_adolescentis	-3.4391208377e-05	-0.00951269188284	0.0046593517621	-0.0322720696873	-0.00857983014958	-0.0296102679585	-0.0579271910086	-0.0614711537354	0.0159617244318	-0.0373933943762	0.0372018188681	0.00215407634367	-0.057535553412	0.000364877985111	0.00708444316552	0.0649548791065	0.0134752302226	-0.0179170834046	-0.0582420470159	-0.00765695473719	0.0643573517632	-0.0803068439649	0.0156354704733	1.0	0.00151044293509	-0.0542505435193	0.0375555134568	-0.0267043899435	-0.0986870136679	-0.0298444925209	0.00667197570281	0.00721931491195	-0.00790545362705	-0.0322512729191	0.00799985631062	-0.0462239594294	-0.0383832167973	-0.0250957387074	0.0425602783044	-0.0161846216894	0.0415547670629	-0.0133661092747	0.0928143640492	0.0231011512074	-0.019168285926	-0.0290526294915	-0.0384390579193	0.045840055019	0.0446832157903	0.0190170898785	0.0406931378208	-0.0159025160455	-0.00756977160083	0.00716902989424	0.0222470984317	0.0259632594735	0.0509193166389	-0.031426880358	0.0167741510778
k__Bacteria;p__Firmicutes;c__Clostridia;o__Clostridiales;f__Oscillospiraceae;g__Oscillibacter;s__Oscillibacter_sp._KLE_1745	-0.0293321958928	-0.044809157841	-0.00806761340759	0.0269811375393	0.016392303412	0.00428369317576	0.0276742925524	0.0122885434864	-0.0217713712131	-0.031264702861	0.0235292975078	0.0155456154525	0.0366500971144	-0.0698272509081	0.0277503558003	-0.0424011036427	0.0894988402269	-0.0412205723045	0.0284786238775	-0.0619965184857	-0.0284451006692	0.0426536624541	-0.0431359608698	0.00151044293509	1.0	0.0117342362036	0.0595971434387	0.0128093736702	-0.0365826786796	-0.0412851914956	-0.027753460809	0.0208847912491	-0.00547568149979	0.0325336988177	0.037509265919	-0.04815679019	0.0331993245656	-0.003757610205	-0.0358114428079	-0.0462908458966	0.0133483688509	-0.00408716353346	-0.125229843158	-0.0235927552311	-0.0112288812361	-0.00600449206882	-0.0414915395088	-0.0404295038576	0.0259002522643	-0.00945463616901	0.0203617396148	0.0122826974654	-0.00998297890572	0.00134766186044	0.0148152146458	-0.0481070864309	0.0595372881906	-0.0121324312629	-0.00257350392126
k__Bacteria;p__Bacteroidetes;c__Bacteroidia;o__Bacteroidales;f__Bacteroidaceae;g__Bacteroides;s__Bacteroides_coprophilus	0.00318625835536	0.0190071118005	-0.00042008350111	0.0478424831284	0.0315603280753	-0.0272215361678	-0.019095850334	-0.0275181403197	-0.0311642827319	0.0589078030032	-0.00139168799483	-0.0362340166736	0.000697485842171	-0.00831467707277	-0.0248628391912	-0.019623191542	0.0192031640142	0.00791846867043	0.0187009286694	-0.000206524848461	0.0256439758934	-0.0432099815195	0.0231788804956	-0.0542505435193	0.0117342362036	1.0	-0.015442747254	0.0110605992195	-0.00529248670949	-0.0603074752818	-0.0256823089722	-0.0523366870335	-0.0518508408753	-0.0282043305562	-0.0197529684717	0.0360257516369	0.0506140878065	0.0452307002016	-0.0398334856776	0.00461550562561	-0.0294568785064	-0.0446904744893	-0.0597533896751	-0.0440790099518	0.00895100589592	0.00677242910653	-0.036335369323	-0.015558463883	-0.0546534002131	-0.0208138814864	-0.0310487507131	0.0266692087209	-0.0168458749671	-0.0377209995661	-0.0237486230826	-0.0211794284026	-0.0423353253556	-0.0432463396167	0.0180772004352
k__Bacteria;p__Firmicutes;c__Clostridia;o__Clostridiales;f__Lachnospiraceae;g__Roseburia;s__Roseburia_intestinalis	0.0470254095313	-0.000654683619766	-0.0030082865884	0.0429285011536	-0.0380701005003	-0.0868730152491	-0.0775181078227	0.0193534493152	-0.0254771612578	0.0156761052809	-0.0401937403617	-0.0101310244864	-0.0491748877566	0.0223900177214	-0.0220096994697	-0.0106647526116	-0.0155352259956	0.0353993054544	-0.0238111983588	-0.00627312289647	-0.0439777446987	-0.029923101206	-0.00881417204165	0.0375555134568	0.0595971434387	-0.015442747254	1.0	-0.0154126708024	0.0695600375477	0.0385722120637	0.0293224683558	0.0472030598398	0.0397129417954	0.00800442927755	-0.0585303213673	-0.0956267883264	-0.0316242730203	0.0098233514692	0.0185796941996	-0.0745468152425	-0.0215332579211	0.0116386129664	0.0180693014775	-0.00615230772422	-0.00481294828508	-0.0143761322115	0.0109214457438	0.0348560958385	0.00782603537117	-0.0425030575699	0.00509479552554	-0.0395480908563	0.0322103985609	-0.017114116533	-0.00515877478849	-0.0771194030917	-0.0195510459758	-0.0340033345715	0.013429324376
k__Bacteria;p__Firmicutes;c__Clostridia;o__Clostridiales;f__Lachnospiraceae;g__Roseburia;s__Roseburia_hominis	0.0415872529216	-0.0134630767582	-0.0593930252327	-0.0312250296383	-0.0196938075165	0.0345090599202	-0.0161351606834	-0.0304590159609	-0.0186746754282	-0.0355366779674	-0.0642311690932	-0.036193813883	0.00572708308652	0.0114405147273	-0.0613397598365	0.05539811652	-0.0230404478884	-0.0314926880047	-0.0341600458449	0.0166133968595	-0.011020214579	-0.037326605133	-0.0598037989657	-0.0267043899435	0.0128093736702	0.0110605992195	-0.0154126708024	1.0	-0.0388724564114	0.0076026672857	-0.0548903242979	0.0441446256225	-0.055755413729	0.0195290536851	-0.017372052966	0.0646163797744	-0.00573919665261	-0.029124231022	-0.0191326349697	0.00481650447929	0.00617601528569	-0.0242470474861	0.0408951153423	-0.0273260974589	-0.0347732502458	-0.00178401301986	0.0328764094576	0.00205884329571	-0.0104986780057	0.0647647298264	-0.0463918991411	-0.0367030497704	0.0411922887526	0.00764694535873	-0.0148089202894	0.0109742229655	-0.027451655418	0.0100579537673	-0.0434300080602
k__Bacteria;p__Bacteroidetes;c__Bacteroidia;o__Bacteroidales;f__Porphyromonadaceae;g__Parabacteroides;s__Parabacteroides_johnsonii	0.00842148651638	-0.0130531822837	0.0183575632894	-0.0525619712231	0.0422767881473	0.0172855890758	0.0157826968019	-0.0108820600134	-0.0308766275989	-0.0172416845752	0.0218546002466	0.0047646013635	-0.00657294966884	0.00544693574692	-0.0232693465889	0.00422313833377	-0.0627186085631	-0.0103428823823	-0.0174442809442	-0.0273424738315	-0.00904366189882	0.00749852068264	-0.0196741790818	-0.0986870136679	-0.0365826786796	-0.00529248670949	0.0695600375477	-0.0388724564114	1.0	-0.0548469446874	-0.0226375784941	-0.0231827272909	-0.0367792554885	0.0548992337937	0.00162731635868	-0.0164592376641	-0.00686019463855	-0.0579172446032	0.00167631636692	-0.0455000645928	0.0463885716778	0.0127896696562	-0.0158510398259	-0.0125100128228	0.0565833127336	-0.0108734441582	0.00383510553226	-0.00603024910752	0.0111751398328	0.0125721035193	0.00561965323118	-0.0501380030908	0.0428911229353	-0.0158604163592	-0.0236558017431	-0.00466084228048	0.0675048136764	0.0146922437919	0.0836273167053
k__Bacteria;p__Actinobacteria;c__Actinobacteria;o__Bifidobacteriales;f__Bifidobacteriaceae;g__Bifidobacterium;s__Bifidobacterium_longum	-0.0233780071053	-0.0417497741861	-0.0105873936215	-0.038018734593	-0.00302575332848	-0.0712416244119	-0.00889717978271	0.0228644513733	-0.0132974238156	0.0381816995563	0.0106879863632	-0.0243156221353	-0.0258376059781	0.0430890910429	-0.0457955367211	0.0283965859408	-0.0492461918772	0.0404026905686	0.00177783155373	-0.0822843266538	-0.00445791974804	0.108224365548	0.00198783060903	-0.0298444925209	-0.0412851914956	-0.0603074752818	0.0385722120637	0.0076026672857	-0.0548469446874	1.0	0.00462091887007	-0.0358562195615	0.0317993012053	-0.0709300134168	-0.00177581596145	-0.0131437994706	-0.00497538017599	-0.0114840348062	-0.0794347158898	-0.025267143115	-0.0273356637225	-0.0892810407936	-0.0193592772954	-0.0320267141018	-0.0157179430617	0.0260534967226	0.0150668449065	-0.0117594417816	0.0405510027654	0.00905569912758	-0.0248825273561	0.0601181006092	0.0120295087798	0.000618682533298	-0.0033812666495	-0.0228886384286	0.0225276743264	0.0230016758321	0.0219277238622
