#taxonomy	k__Bacteria;p__Bacteroidetes;c__Bacteroidia;o__Bacteroidales;f__Bacteroidaceae;g__Bacteroides;s__Bacteroides_vulgatus	k__Bacteria;p__Bacteroidetes;c__Bacteroidia;o__Bacteroidales;f__Bacteroidaceae;g__Bacteroides;s__Bacteroides_uniformis	k__Bacteria;p__Bacteroidetes;c__Bacteroidia;o__Bacteroidales;f__Rikenellaceae;g__Alistipes;s__Alistipes_putredinis	k__Bacteria;p__Bacteroidetes;c__Bacteroidia;o__Bacteroidales;f__Prevotellaceae;g__Prevotella;s__Prevotella_copri	k__Bacteria;p__Bacteroidetes;c__Bacteroidia;o__Bacteroidales;f__Bacteroidaceae;g__Bacteroides;s__Bacteroides_stercoris	k__Bacteria;p__Bacteroidetes;c__Bacteroidia;o__Bacteroidales;f__Bacteroidaceae;g__Bacteroides;s__Bacteroides_ovatus	k__Bacteria;p__Bacteroidetes;c__Bacteroidia;o__Bacteroidales;f__Rikenellaceae;g__Alistipes;s__Alistipes_shahii	k__Bacteria;p__Firmicutes;c__Clostridia;o__Clostridiales;f__Ruminococcaceae;g__Faecalibacterium;s__Faecalibacterium_prausnitzii	k__Bacteria;p__Bacteroidetes;c__Bacteroidia;o__Bacteroidales;f__Rikenellaceae;g__Alistipes;s__Alistipes_finegoldii	k__Bacteria;p__Bacteroidetes;c__Bacteroidia;o__Bacteroidales;f__Porphyromonadaceae;g__Parabacteroides;s__Parabacteroides_distasonis	k__Bacteria;p__Bacteroidetes;c__Bacteroidia;o__Bacteroidales;f__Bacteroidaceae;g__Bacteroides;s__Bacteroides_thetaiotaomicron	k__Bacteria;p__Bacteroidetes;c__Bacteroidia;o__Bacteroidales;f__Bacteroidaceae;g__Bacteroides;s__Bacteroides_coprocola	k__Bacteria;p__Bacteroidetes;c__Bacteroidia;o__Bacteroidales;f__Bacteroidaceae;g__Bacteroides;s__Bacteroides_cellulosilyticus	k__Bacteria;p__Bacteroidetes;c__Bacteroidia;o__Bacteroidales;f__Rikenellaceae;g__Alistipes;s__Alistipes_obesi	k__Bacteria;p__Firmicutes;c__Clostridia;o__Clostridiales;f__Lachnospiraceae;g__;s__[Eubacterium]_rectale	k__Bacteria;p__Bacteroidetes;c__Bacteroidia;o__Bacteroidales;f__Bacteroidaceae;g__Bacteroides;s__Bacteroides_plebeius	k__Bacteria;p__Bacteroidetes;c__Bacteroidia;o__Bacteroidales;f__Bacteroidaceae;g__Bacteroides;s__Bacteroides_fragilis	k__Bacteria;p__Proteobacteria;c__Betaproteobacteria;o__Burkholderiales;f__Sutterellaceae;g__Sutterella;s__Sutterella_wadsworthensis	k__Bacteria;p__Bacteroidetes;c__Bacteroidia;o__Bacteroidales;f__Porphyromonadaceae;g__Barnesiella;s__Barnesiella_intestinihominis	k__Bacteria;p__Bacteroidetes;c__Bacteroidia;o__Bacteroidales;f__Odoribacteraceae;g__Odoribacter;s__Odoribacter_splanchnicus	k__Bacteria;p__Bacteroidetes;c__Bacteroidia;o__Bacteroidales;f__Bacteroidaceae;g__Bacteroides;s__Bacteroides_salyersiae	k__Bacteria;p__Firmicutes;c__Clostridia;o__Clostridiales;f__Ruminococcaceae;g__Ruminiclostridium;s__[Eubacterium]_siraeum	k__Bacteria;p__Proteobacteria;c__Betaproteobacteria;o__Burkholderiales;f__Sutterellaceae;g__Parasutterella;s__Parasutterella_excrementihominis	k__Bacteria;p__Actinobacteria;c__Actinobacteria;o__Bifidobacteriales;f__Bifidobacteriaceae;g__Bifidobacterium;s__Bifidobacterium_adolescentis	k__Bacteria;p__Firmicutes;c__Clostridia;o__Clostridiales;f__Oscillospiraceae;g__Oscillibacter;s__Oscillibacter_sp._KLE_1745	k__Bacteria;p__Bacteroidetes;c__Bacteroidia;o__Bacteroidales;f__Bacteroidaceae;g__Bacteroides;s__Bacteroides_coprophilus	k__Bacteria;p__Firmicutes;c__Clostridia;o__Clostridiales;f__Lachnospiraceae;g__Roseburia;s__Roseburia_intestinalis	k__Bacteria;p__Firmicutes;c__Clostridia;o__Clostridiales;f__Lachnospiraceae;g__Roseburia;s__Roseburia_hominis	k__Bacteria;p__Bacteroidetes;c__Bacteroidia;o__Bacteroidales;f__Porphyromonadaceae;g__Parabacteroides;s__Parabacteroides_johnsonii	k__Bacteria;p__Actinobacteria;c__Actinobacteria;o__Bifidobacteriales;f__Bifidobacteriaceae;g__Bifidobacterium;s__Bifidobacterium_longum	k__Bacteria;p__Firmicutes;c__Clostridia;o__Clostridiales;f__;g__Flavonifractor;s__Flavonifractor_plautii	k__Bacteria;p__Firmicutes;c__Clostridia;o__Clostridiales;f__Clostridiaceae;g__Clostridium;s__Clostridium_phoceensis	k__Bacteria;p__Verrucomicrobia;c__Verrucomicrobiae;o__Verrucomicrobiales;f__Akkermansiaceae;g__Akkermansia;s__Akkermansia_muciniphila	k__Bacteria;p__Bacteroidetes;c__Bacteroidia;o__Bacteroidales;f__Prevotellaceae;g__Paraprevotella;s__Paraprevotella_xylaniphila	k__Bacteria;p__Firmicutes;c__Clostridia;o__Clostridiales;f__Ruminococcaceae;g__Ruminococcus;s__Ruminococcus_callidus	k__Bacteria;p__Bacteroidetes;c__Bacteroidia;o__Bacteroidales;f__Rikenellaceae;g__Alistipes;s__Alistipes_senegalensis	k__Bacteria;p__Firmicutes;c__Clostridia;o__Clostridiales;f__Lachnospiraceae;g__Blautia;s__Blautia_sp._KLE_1732	k__Bacteria;p__Bacteroidetes;c__Bacteroidia;o__Bacteroidales;f__Bacteroidaceae;g__Bacteroides;s__Bacteroides_oleiciplenus	k__Bacteria;p__Firmicutes;c__Clostridia;o__Clostridiales;f__Ruminococcaceae;g__Ruminococcus;s__Ruminococcus_bicirculans	k__Bacteria;p__Bacteroidetes;c__Bacteroidia;o__Bacteroidales;f__Bacteroidaceae;g__Bacteroides;s__Bacteroides_fluxus	k__Bacteria;p__Bacteroidetes;c__Bacteroidia;o__Bacteroidales;f__Prevotellaceae;g__Prevotella;s__Prevotella_stercorea	k__Bacteria;p__Firmicutes;c__Clostridia;o__Clostridiales;f__Lachnospiraceae;g__Dorea;s__Dorea_longicatena	k__Bacteria;p__Firmicutes;c__Clostridia;o__Clostridiales;f__Eubacteriaceae;g__Eubacterium;s__[Eubacterium]_eligens	k__Bacteria;p__Firmicutes;c__Clostridia;o__Clostridiales;f__Ruminococcaceae;g__;s__Ruminococcaceae_bacterium_D16	k__Bacteria;p__Firmicutes;c__Clostridia;o__Clostridiales;f__Lachnospiraceae;g__Coprococcus;s__Coprococcus_comes	k__Bacteria;p__Proteobacteria;c__Gammaproteobacteria;o__Enterobacterales;f__Enterobacteriaceae;g__Escherichia;s__Escherichia_coli	k__Bacteria;p__Firmicutes;c__Clostridia;o__Clostridiales;f__Ruminococcaceae;g__Anaerotruncus;s__Anaerotruncus_colihominis	k__Bacteria;p__Firmicutes;c__Clostridia;o__Clostridiales;f__Lachnospiraceae;g__Blautia;s__Blautia_obeum	k__Bacteria;p__Bacteroidetes;c__Bacteroidia;o__Bacteroidales;f__Odoribacteraceae;g__Odoribacter;s__Odoribacter_laneus	k__Bacteria;p__Firmicutes;c__Clostridia;o__Clostridiales;f__Ruminococcaceae;g__Ruminiclostridium;s__[Clostridium]_leptum	k__Bacteria;p__Bacteroidetes;c__Bacteroidia;o__Bacteroidales;f__Porphyromonadaceae;g__Parabacteroides;s__Parabacteroides_goldsteinii	k__Bacteria;p__Firmicutes;c__Clostridia;o__Clostridiales;f__Lachnospiraceae;g__Anaerostipes;s__Anaerostipes_hadrus	k__Bacteria;p__Firmicutes;c__Clostridia;o__Clostridiales;f__Ruminococcaceae;g__Ruminococcus;s__Ruminococcus_lactaris	k__Bacteria;p__Firmicutes;c__Clostridia;o__Clostridiales;f__Clostridiaceae;g__Clostridium;s__Clostridium_sp._L2-50	k__Bacteria;p__Firmicutes;c__Clostridia;o__Clostridiales;f__Clostridiaceae;g__Clostridium;s__Clostridium_sp._M62/1	k__Bacteria;p__Firmicutes;c__Clostridia;o__Clostridiales;f__;g__Intestinimonas;s__Intestinimonas_butyriciproducens	k__Bacteria;p__Actinobacteria;c__Actinobacteria;o__Bifidobacteriales;f__Bifidobacteriaceae;g__Bifidobacterium;s__Bifidobacterium_bifidum	k__Bacteria;p__Firmicutes;c__Negativicutes;o__Veillonellales;f__Veillonellaceae;g__Dialister;s__Dialister_invisus	k__Bacteria;p__Bacteroidetes;c__Bacteroidia;o__Bacteroidales;f__Bacteroidaceae;g__Bacteroides;s__Bacteroides_salanitronis
k__Bacteria;p__Bacteroidetes;c__Bacteroidia;o__Bacteroidales;f__Bacteroidaceae;g__Bacteroides;s__Bacteroides_vulgatus	1.0	-0.000607716181649	-0.0364900365538	-0.0665335543207	0.028225660865	-0.0812059718632	-0.0647268649324	0.00701595617481	0.05255929535	-0.0735080083052	-0.0556980705523	-0.00439081477364	-0.0358657442021	0.0310208310614	0.00404575772621	0.0063700528612	0.0145671801864	0.00379610431905	0.0212119088864	-0.0614387633401	-0.00700349695271	0.0182070863439	0.0151343700673	-0.0224769751114	0.0075879911117	-0.00730236962163	-0.0341222618396	0.0660509870984	-0.0291488695723	-0.0334435095048	-0.0162389219072	0.00406582053969	0.00428577623915	0.0265900621713	0.0213392450853	-0.0323687212756	-0.016079579075	-0.0102051503783	-0.00267358673329	-0.0305312023272	-0.0043408389653	-0.0581980688777	-0.0284295636432	-0.0128027620987	0.0030207390652	-0.0528646748803	-0.0301397657526	-0.0388531573627	0.0306350906711	-0.0130914648353	0.0194957274878	0.0549344580746	-0.0685740107721	-0.0327515067538	0.0374589267174	0.01365784013	0.0161527815099	-0.0586823506696	-0.0422025614216
k__Bacteria;p__Bacteroidetes;c__Bacteroidia;o__Bacteroidales;f__Bacteroidaceae;g__Bacteroides;s__Bacteroides_uniformis	-0.000607716181649	1.0	0.0234952894655	-0.0186261922989	-0.00898125127787	-0.0951461001489	0.0355515347123	0.0136042066637	0.01819148209	-0.0393010204516	-0.00322173473734	-0.0350321204742	-0.0369783997512	-0.0124621926188	-0.00115727355302	-0.0280745526204	-0.0453497533482	0.0546138503744	-0.0317226888364	0.014572177747	-0.0311457770781	0.00260887347058	0.000676847851835	-0.00571490965876	0.0533141278094	-0.0259993450441	-0.00887389439601	0.00583326246316	0.0309742944206	-0.0172241761769	-0.0513520654643	0.0374685200011	-0.0262576696067	-0.00484981420459	-0.0247998539105	-0.0030835658986	-0.0282130087398	0.0097673390002	-0.00412531847829	0.0719522578144	-0.04639006312	-0.00567136071589	-0.000285312619368	0.047382523489	0.0287933881916	0.00803408766259	-0.0269507834964	-0.00811428504585	-0.0109281694481	-0.0442724270055	-0.0439261305032	0.0111044586122	0.00704108265368	-0.0204139220238	-0.0550606015827	0.00626994769039	-0.0125218966939	-0.000367856660135	-0.0767452952294
k__Bacteria;p__Bacteroidetes;c__Bacteroidia;o__Bacteroidales;f__Rikenellaceae;g__Alistipes;s__Alistipes_putredinis	-0.0364900365538	0.0234952894655	1.0	0.0266335221424	-0.031597559749	0.0256230333443	0.0303908752499	-0.0280701952219	-0.0249615546951	0.0285594037713	-0.0458808481248	-0.0498903917719	0.00851654519631	-0.03300729005	0.00382693116311	-0.0121188507015	0.00474204384984	0.00775732941439	-0.0512977112774	0.00669630874687	-0.0389610299396	-0.015198750331	-0.00839143673249	0.00703046852658	0.00560879625831	-0.0083707587662	-0.0228784978312	0.0289854120384	-0.0707878843915	-0.0631312459998	0.012435540758	-0.0414958135956	0.0189855671904	-0.00380624946561	0.0555821748137	0.0399387979407	0.0361785112115	0.0344576687001	-0.0365823713994	-0.0376186007056	0.009249978827	-0.0295910672467	-0.0065618945656	0.000129580709945	0.0432256879008	-0.0411327493699	-0.0449244981966	-0.0220450761569	0.0309795605027	-0.0183132386406	0.0526411170882	0.0195545753	0.0297314768986	0.0345838779602	-0.058868340177	0.0168507549317	-0.0248003922638	-0.00711840687928	0.00185669892864
k__Bacteria;p__Bacteroidetes;c__Bacteroidia;o__Bacteroidales;f__Prevotellaceae;g__Prevotella;s__Prevotella_copri	-0.0665335543207	-0.0186261922989	0.0266335221424	1.0	-0.0499984700126	0.0598940253108	-0.0264943182846	-0.0272749032471	0.0217498194975	0.0566149093471	0.0285617821224	0.0330425315708	0.00145534796519	-0.0529128289707	0.0209051950258	-0.0115762051415	-0.0207424253328	0.00982895364345	0.00723189261278	-0.0021703713763	-0.00722456494083	-0.0372059707905	-0.00414116450434	-0.00725304572033	0.0433542104732	-0.0432493198478	-0.0447390700789	0.0443346068203	-0.00470839734947	0.00994735803982	0.0572770259799	0.0429134209754	0.0404524174543	-0.0233818769626	-0.0350898034616	-0.0187430806789	0.00621703060267	0.00226411390383	0.0048031861639	-0.0332577959653	0.0205435823411	-4.0820835404e-06	0.0405850747451	-0.0135570520127	-0.0559309424035	-0.0739128804433	-0.0206517753597	1.50156590008e-05	0.0407979133519	-0.03227321629	-0.0417217484197	0.061350811836	-0.0174483472881	-0.0301769195196	-0.045446868497	-0.0102391510078	-0.0203345922907	0.0186853804534	-0.0820454226248
k__Bacteria;p__Bacteroidetes;c__Bacteroidia;o__Bacteroidales;f__Bacteroidaceae;g__Bacteroides;s__Bacteroides_stercoris	0.028225660865	-0.00898125127787	-0.031597559749	-0.0499984700126	1.0	-0.0277059295759	0.00722931918361	0.0103135513403	-0.0279781510775	0.0232273878802	-0.0413449318857	0.0140388157308	-0.0787343831681	-0.00321295917109	0.0454975378627	-0.0422627358402	-0.000609468334964	-0.0313705118392	-0.0433071837951	0.0593704860569	0.0417107256043	0.0977579864396	0.0804886448023	-0.00552871138098	0.0479365359891	-0.0091899098095	-0.032968749886	-0.00197789000413	0.0806381734886	-0.0211736606265	-0.0284885555451	0.00137573471441	0.0399678022524	-0.0278567668988	0.0104706396912	-0.0554670645392	-0.0392725988533	-0.0171610987791	-0.000133255646052	-0.0557384323437	-0.00336376638498	0.0249095286813	0.037698221083	-0.00355357628418	0.000587686184273	-0.02339664599	-0.0177474794471	0.0235586344298	-0.042849491557	-0.0205761656759	-0.0259995143146	-0.0136564834977	-0.0931349611985	-0.00406877245701	0.000288444750833	-0.0157403661883	0.00670932008006	0.000347001586827	-0.010671856353
k__Bacteria;p__Bacteroidetes;c__Bacteroidia;o__Bacteroidales;f__Bacteroidaceae;g__Bacteroides;s__Bacteroides_ovatus	-0.0812059718632	-0.0951461001489	0.0256230333443	0.0598940253108	-0.0277059295759	1.0	0.0390473293307	0.0321303067226	-0.0150077851938	-0.0276489552266	0.0501146435311	0.00468070563976	0.0181935896128	-0.00973246827427	0.0413706884434	0.0380603352404	-0.064118378325	-0.0877507756241	-0.0390950996146	0.0261060137649	-0.0139029345105	-0.0263730921557	-0.0130974199828	-0.0244900632018	-0.0271606388316	-0.0344269738113	-0.043251846651	-0.00880491986419	-0.0279292868364	-0.0524648539117	-0.00349588940197	0.0148826321331	0.0842734971396	0.00356000952215	-0.00270586311423	0.0143557466431	-0.0644607227719	-0.0200566338944	0.0127978950569	0.00500449983435	-0.00485920603993	-0.0308255323566	0.0373346651458	-0.0285919071555	0.0269826857283	-0.0321622078251	0.00115090495663	-0.0229913275226	0.0444311471203	-0.0551026939876	-0.0612430783089	-0.0114172846724	-0.00876956278902	-0.00426382743532	-0.0184721570586	-0.0112277459263	-0.0235269424696	0.0558259995274	-0.00303185070521
k__Bacteria;p__Bacteroidetes;c__Bacteroidia;o__Bacteroidales;f__Rikenellaceae;g__Alistipes;s__Alistipes_shahii	-0.0647268649324	0.0355515347123	0.0303908752499	-0.0264943182846	0.00722931918361	0.0390473293307	1.0	0.0612445196846	0.0165855985904	0.0168906031695	-0.0193764601637	-0.0275622867007	-0.00288719758838	-0.0412580059358	-0.0069055483311	-0.0348836471244	-0.0572704195453	-0.0761403986354	-0.012628474293	-0.0205123543726	-0.0211439551959	-0.0328047029332	-0.00239892963895	0.00216811765368	0.00734588510952	0.0325467979852	0.0325929785033	-0.0130589690056	0.0111764301877	0.00636437451411	-0.0126155541013	0.0203058329806	-0.124415224512	-0.0483741300564	-0.0209692494276	-0.0523063153738	0.045380696181	0.0377291049879	0.0028932224812	0.00795419535839	0.0406781158374	-0.00835438172638	0.0243960500879	0.0369703734488	-0.00698849161745	-0.0408855120464	-0.013559739621	0.0569093889936	-0.0284467975623	-0.00264893506709	-0.020429961244	-0.0599032675954	0.0189588883233	0.0263905428984	-0.00136483431539	0.00774111774559	0.00123218965264	-0.0283706183739	-0.0244710681937
k__Bacteria;p__Firmicutes;c__Clostridia;o__Clostridiales;f__Ruminococcaceae;g__Faecalibacterium;s__Faecalibacterium_prausnitzii	0.00701595617481	0.0136042066637	-0.0280701952219	-0.0272749032471	0.0103135513403	0.0321303067226	0.0612445196846	1.0	0.0139692994254	-0.0447821111061	0.0261021299158	0.0352059354296	0.0344734642998	0.0248499051841	-0.0180508876444	0.0394181632187	0.00354848371637	-0.00901787035225	-0.0546296534453	-0.0139483899242	-0.00037038939488	0.0228352871662	0.0220257558113	0.0109481163102	0.0469085337711	0.0111355373071	-0.0193863069245	0.0253205900775	-0.0031163933143	-0.00160162733722	0.0371429830087	0.0243253935007	0.0403260892042	-0.064212833319	-0.0491291381079	-0.0648719326879	0.0139039576674	-0.0253697510965	-0.0230419397091	0.0565322986654	0.0315134131907	-0.0229039351834	-0.0292935130644	-0.0255143926482	0.0596470459306	-0.010650842966	0.00779162530726	-0.0489337365359	-0.0998878133163	-0.0258566029966	0.0587514856882	-0.0472741194611	-0.0193083350245	-0.05834727322	-0.0250849536688	-0.00933815230624	-0.0664473402201	-0.0539576546358	0.0494634949544
k__Bacteria;p__Bacteroidetes;c__Bacteroidia;o__Bacteroidales;f__Rikenellaceae;g__Alistipes;s__Alistipes_finegoldii	0.05255929535	0.01819148209	-0.0249615546951	0.0217498194975	-0.0279781510775	-0.0150077851938	0.0165855985904	0.0139692994254	1.0	0.0119609976755	-0.0382623997173	-0.0167338612973	-0.0546773841511	0.00254762299217	-0.095352561404	-0.0319657688883	0.0149896929542	-0.0118196211206	-0.0345580541229	-0.0112709549915	-0.0231244326087	-0.0697488091875	-0.038507018754	0.0049218748728	-0.065269286454	0.00388833879417	-0.0132765031277	0.0153069481347	0.0147405266988	-0.0120068694085	-0.015449322484	0.0367023452924	0.0259293759283	0.0391102915341	0.00274158552472	-0.0198531811315	0.0173994533692	-0.00516389569552	0.014560676899	-0.0594299994603	0.00354543890872	-0.00589704919368	0.0311426679155	0.0171072408594	-0.0140378287716	0.0105621235287	0.00979853850279	-0.0154631637879	-0.0174623089925	-0.0303330326266	0.00355206290772	-0.0116000005222	-0.0403776532096	-0.0362709072974	-0.0496095748487	-0.0198856708392	-0.0136250695387	-0.000224698407544	0.00894452783377
k__Bacteria;p__Bacteroidetes;c__Bacteroidia;o__Bacteroidales;f__Porphyromonadaceae;g__Parabacteroides;s__Parabacteroides_distasonis	-0.0735080083052	-0.0393010204516	0.0285594037713	0.0566149093471	0.0232273878802	-0.0276489552266	0.0168906031695	-0.0447821111061	0.0119609976755	1.0	-0.0408470225397	0.0173337038387	0.0392378609053	-0.0367518515978	0.030396366236	0.0122545901309	-0.0339582943246	-0.0156336880236	-0.0268771817674	0.0175837036459	-0.0332478426776	0.0361438081596	0.00500641802853	-0.0318495198435	-0.0220967783305	-0.0405122796421	-0.0553725801166	0.0228914128872	-0.0104495729636	0.0600453329238	0.0400940931625	-0.0175478972835	-0.00477411359497	0.0266710192106	-0.0401085264816	0.0692313781606	-0.0196511659824	-0.0325130360543	-0.0381503078824	-0.00211824108969	0.036143629641	-0.0443010928959	0.0251011032544	0.0129048616701	-0.00324255249146	-0.079769939357	-0.0193873404825	-0.0860793460462	0.0383075165714	-0.078039587409	-0.0297836366754	0.0385759556138	-0.0243244725699	-0.00481563804422	-0.00887810646652	-0.0350347636816	0.00394281100104	-0.0228843166628	0.032276883647
k__Bacteria;p__Bacteroidetes;c__Bacteroidia;o__Bacteroidales;f__Bacteroidaceae;g__Bacteroides;s__Bacteroides_thetaiotaomicron	-0.0556980705523	-0.00322173473734	-0.0458808481248	0.0285617821224	-0.0413449318857	0.0501146435311	-0.0193764601637	0.0261021299158	-0.0382623997173	-0.0408470225397	1.0	0.0593960440088	0.00980385484362	-0.0225658769991	-0.062100916627	0.0916358459933	0.00429228683208	-0.0778464212153	-0.0520800194018	-0.0398065187217	-0.0163062088299	-0.0555956150937	0.0393397229099	0.00146356812715	-0.0450035687946	-0.0307722992018	-0.0303664490621	0.0292025052767	-0.0697371857941	0.0624617806873	0.0494251977428	-0.00821285623836	0.00694508233926	0.0271704244775	-0.00778179420089	-0.0100062556392	-0.0129683339488	-0.0249483501609	0.0185112280992	0.0342386915297	-0.0515515311328	-0.0795616172707	0.0102071290811	-0.036172620294	0.0402023869963	0.0285783922783	-0.0681190641215	-0.0246699611317	-0.00806138072364	0.0708324218091	0.0448467299667	-0.0464203855847	0.0139788973347	-0.00315799771422	0.0116992036006	-0.00457703799062	0.0328795829643	-0.0415076725236	0.00661655911231
k__Bacteria;p__Bacteroidetes;c__Bacteroidia;o__Bacteroidales;f__Bacteroidaceae;g__Bacteroides;s__Bacteroides_coprocola	-0.00439081477364	-0.0350321204742	-0.0498903917719	0.0330425315708	0.0140388157308	0.00468070563976	-0.0275622867007	0.0352059354296	-0.0167338612973	0.0173337038387	0.0593960440088	1.0	0.0503815997033	0.0244270022618	-0.00327797027031	-0.00762249245035	-0.0134558567194	-0.0206529895416	-0.041493421841	-0.0687263677512	0.0361540575793	-0.0392707337328	-0.012471015395	0.0611593563903	0.0434789744694	-0.0725668541024	-0.0154370556483	-0.0437647221647	-0.00906034547942	0.0407222780243	-0.0276995192794	-0.0524193556718	-0.0138680551845	-0.0554862671844	0.0294783469877	-0.0847357208327	0.0145435014765	-0.00579590475548	-0.0428166016953	0.0268747527393	-0.0364659848466	-0.00447483659947	0.00887771619569	-0.0260815529211	-0.019549054364	-0.011261899132	0.00804915829097	0.0204030333054	-0.0519386941467	-0.0226505315965	0.0402284499184	0.0067745860923	0.00497374586089	-0.00465818575448	-0.0145272633116	-0.0392617032887	-0.05057984442	-0.00895798110344	-0.00105978155968
k__Bacteria;p__Bacteroidetes;c__Bacteroidia;o__Bacteroidales;f__Bacteroidaceae;g__Bacteroides;s__Bacteroides_cellulosilyticus	-0.0358657442021	-0.0369783997512	0.00851654519631	0.00145534796519	-0.0787343831681	0.0181935896128	-0.00288719758838	0.0344734642998	-0.0546773841511	0.0392378609053	0.00980385484362	0.0503815997033	1.0	0.0307632141956	-0.023732283704	-0.0730400157418	0.0228442739998	0.020799086658	0.0175050786806	0.00770418613204	-0.0222200291106	0.0167753706752	-0.022354857842	-0.0322533456711	0.0387862748183	-0.0017454090209	-0.0348861290987	-0.0341267888969	0.0282298977699	-0.0371291561621	-0.0150114429915	-0.0532852991314	0.00880383409594	-0.0408258884397	-0.0264861911754	0.0109203699719	-0.0289734742619	0.0020444917819	-0.0394793292116	0.0223507653804	0.00504624106042	-0.0407692532092	-0.061063900679	0.0119557877326	-0.0197227918381	-0.013378318824	0.000879430996639	-0.0141311290565	0.0180801628077	0.0110493516633	0.0526928149887	-0.0497508290867	-0.0231679645405	-0.0483812255397	-0.0246230855819	0.0208233398667	-0.027380135214	0.00400007679424	0.0310891871339
k__Bacteria;p__Bacteroidetes;c__Bacteroidia;o__Bacteroidales;f__Rikenellaceae;g__Alistipes;s__Alistipes_obesi	0.0310208310614	-0.0124621926188	-0.03300729005	-0.0529128289707	-0.00321295917109	-0.00973246827427	-0.0412580059358	0.0248499051841	0.00254762299217	-0.0367518515978	-0.0225658769991	0.0244270022618	0.0307632141956	1.0	-0.003547171681	0.0719573087355	-0.025659560435	0.0436441572109	-0.0477936563383	-0.0439892652791	-0.0157074904157	0.00510789291206	-0.0188880118656	0.0229021211391	0.0304092945348	-0.0142152127881	-0.0665187609707	0.00658465018701	-0.0372452544902	-0.0519196856143	-0.0299203760595	-0.0542835293702	-0.0180222192634	0.0176165914071	-0.0286254531998	0.0208584221416	0.00885102191244	0.0170581960563	-0.0163882673101	-0.00633711664896	-0.00976495300007	-0.0286124366103	0.00406996557672	-0.0253890275353	0.0432683905734	-0.046009430626	-0.0149722237764	-0.00188448179668	-0.0360407927308	0.00988553721956	0.00686475129902	-0.0165503417738	0.0270939836159	-0.0493773955136	0.0235672440316	-0.0221173358369	-0.0615843483249	-0.019947246561	-0.00604007686141
k__Bacteria;p__Firmicutes;c__Clostridia;o__Clostridiales;f__Lachnospiraceae;g__;s__[Eubacterium]_rectale	0.00404575772621	-0.00115727355302	0.00382693116311	0.0209051950258	0.0454975378627	0.0413706884434	-0.0069055483311	-0.0180508876444	-0.095352561404	0.030396366236	-0.062100916627	-0.00327797027031	-0.023732283704	-0.003547171681	1.0	0.0517705045319	-0.0308350166776	-0.058812761588	-0.0236047038694	-0.0308144191295	-0.00732944140108	0.0139985100523	0.0467376249815	-0.0197232469265	-0.0384169434907	0.00729261840796	0.050627465056	-0.0602449044821	0.000653283606911	-0.00573137934068	0.00270142950945	-0.067463089627	-0.0861737268869	0.0164496967313	-0.00510084891645	-0.00996997849376	-0.0742044512925	-0.0381420715547	-0.0446741826528	0.0121812856316	-0.00128875262141	0.00355093819393	0.0400813966125	0.0295766574732	-0.0728599280952	-0.00293964660723	0.049223981067	-0.0559462847469	-0.00736495797334	0.0428738767221	0.0101189453905	-0.0332792514696	-0.0314215406664	-0.05287945325	-0.0349197759374	-0.0182615256134	-0.0307298905592	-0.0113813246348	-0.00506372690956
k__Bacteria;p__Bacteroidetes;c__Bacteroidia;o__Bacteroidales;f__Bacteroidaceae;g__Bacteroides;s__Bacteroides_plebeius	0.0063700528612	-0.0280745526204	-0.0121188507015	-0.0115762051415	-0.0422627358402	0.0380603352404	-0.0348836471244	0.0394181632187	-0.0319657688883	0.0122545901309	0.0916358459933	-0.00762249245035	-0.0730400157418	0.0719573087355	0.0517705045319	1.0	-0.00456317842292	-0.0309233754969	-0.00630321994809	-0.0014895815673	-0.0178157517429	0.0173608183193	-0.0361080004515	-0.0800752623881	0.0187421577209	0.0194933229747	-0.0403250701004	-0.0621501494106	-0.0873535458272	0.00260290630094	-0.0138362624796	-0.00841535105226	0.00651178604233	0.00426851440314	-0.0224089148846	-0.0513890930226	-0.0342649912021	-0.062545045606	-0.01432030236	0.0010259674987	-0.0157069389452	-0.00489470044268	0.00797265536842	-0.0271725952001	0.0113565070863	0.00534536379158	0.0569345615899	-0.00549417220881	0.0062372859017	0.0286238912735	0.0134716199162	0.0254304440191	-0.00683514817253	0.0636618697775	-0.00412962520929	-0.0273625588285	-0.0214527372025	-0.00223019545951	-0.0216590660793
k__Bacteria;p__Bacteroidetes;c__Bacteroidia;o__Bacteroidales;f__Bacteroidaceae;g__Bacteroides;s__Bacteroides_fragilis	0.0145671801864	-0.0453497533482	0.00474204384984	-0.0207424253328	-0.000609468334964	-0.064118378325	-0.0572704195453	0.00354848371637	0.0149896929542	-0.0339582943246	0.00429228683208	-0.0134558567194	0.0228442739998	-0.025659560435	-0.0308350166776	-0.00456317842292	1.0	-0.00603069554284	-0.0774284170002	-0.00607962693679	-0.00127457197808	0.030835261988	0.00980329842041	0.0339450336024	0.0306695069482	0.0106528731739	-0.013491482547	-0.0120347446659	-0.0177218672976	-0.000653361925506	0.0289553355107	0.00590335951798	-0.0513959097904	-0.00569466792862	0.00673251461875	0.0164725886847	0.00105460026797	-0.00691000821857	-0.00432177692148	0.0404097670895	0.000576988472507	0.034605632733	-0.0288122822939	-0.0697844236234	-0.0245768748855	-0.0329064650268	0.0113981065436	0.0169283425814	0.0330452468048	-0.0361289164788	0.000601538174789	0.0071487779375	0.0757048779314	0.012212636342	0.031413077603	-0.0277006630986	-0.0723694017202	-0.00829980094135	-0.0625577745293
k__Bacteria;p__Proteobacteria;c__Betaproteobacteria;o__Burkholderiales;f__Sutterellaceae;g__Sutterella;s__Sutterella_wadsworthensis	0.00379610431905	0.0546138503744	0.00775732941439	0.00982895364345	-0.0313705118392	-0.0877507756241	-0.0761403986354	-0.00901787035225	-0.0118196211206	-0.0156336880236	-0.0778464212153	-0.0206529895416	0.020799086658	0.0436441572109	-0.058812761588	-0.0309233754969	-0.00603069554284	1.0	0.00330299088637	-0.033835359639	-0.0586687135511	-0.0429946240624	0.0445279812143	-0.010612536069	-0.0162409263631	0.0238146254765	-0.0285072330913	0.00677264363807	-0.0118867167506	0.0217420060439	-0.0183713685125	-0.0512199480046	0.0522458395872	0.0230420554209	0.0268340664199	0.014587736609	-0.0143521447022	0.0150872729885	0.0726131790852	-0.0197839773026	0.0233903182436	-0.00926861318842	-0.0108913507727	0.024733583217	0.0321495570569	-0.0205608789506	-0.0243938669678	-0.00362571020811	-0.0288710104007	-0.0547527170704	-0.0266711244679	-0.0271644660861	-0.0558760487395	0.0270911389427	-0.0676832960459	0.00122692208176	0.0248774826282	0.00824327624966	-0.0515122826878
k__Bacteria;p__Bacteroidetes;c__Bacteroidia;o__Bacteroidales;f__Porphyromonadaceae;g__Barnesiella;s__Barnesiella_intestinihominis	0.0212119088864	-0.0317226888364	-0.0512977112774	0.00723189261278	-0.0433071837951	-0.0390950996146	-0.012628474293	-0.0546296534453	-0.0345580541229	-0.0268771817674	-0.0520800194018	-0.041493421841	0.0175050786806	-0.0477936563383	-0.0236047038694	-0.00630321994809	-0.0774284170002	0.00330299088637	1.0	0.0279587436161	0.0587554449312	-0.0252185037605	-0.0373896059637	0.0222276473706	-0.0164204557269	-0.0261367991009	-0.0100344012249	0.0690402780814	-0.00272734089789	0.0312414038147	-0.00297457705181	0.0514338765596	-0.0346627534087	0.00602014687915	-0.00512471192383	0.0198055331142	0.0041347158574	-0.0457849993342	0.00578687752822	0.0166279795938	-0.0466806629199	0.00562535951762	-0.0595121297622	-0.0242878104882	-0.0122492043226	-0.0844228569245	-0.00776436292778	0.0847021911153	-0.00873493551957	0.0344973300229	0.0229919970724	0.012717377919	-0.0727670502273	-0.0103114392758	0.0623465057609	0.0501029018506	0.0151004299371	-0.0413112766513	0.022470815407
k__Bacteria;p__Bacteroidetes;c__Bacteroidia;o__Bacteroidales;f__Odoribacteraceae;g__Odoribacter;s__Odoribacter_splanchnicus	-0.0614387633401	0.014572177747	0.00669630874687	-0.0021703713763	0.0593704860569	0.0261060137649	-0.0205123543726	-0.0139483899242	-0.0112709549915	0.0175837036459	-0.0398065187217	-0.0687263677512	0.00770418613204	-0.0439892652791	-0.0308144191295	-0.0014895815673	-0.00607962693679	-0.033835359639	0.0279587436161	1.0	0.0233869867442	0.00687328440091	0.0048056937741	-0.012243119586	0.0144740259738	-0.00998537216452	-0.00565131326231	-0.000612371324643	0.013411261536	-0.0216033239319	0.0269214003245	0.0196013450828	0.0305388112853	0.00982746228975	-0.0228724072432	0.0471904180237	-0.0053745577221	0.0246226366051	-0.0432996722484	0.0381592450258	-0.015591595853	-0.0452248292213	-0.0296926772983	0.0150593216844	-0.072030520212	0.0417883904152	0.00343976314052	-0.0046377110281	-0.0107939610563	-0.0347232137964	-0.0266887840228	0.00215996393985	-0.0343589701719	0.0291991729015	0.0229676553624	-0.042129909739	0.00899596907195	-0.012544147863	0.00569912310951
k__Bacteria;p__Bacteroidetes;c__Bacteroidia;o__Bacteroidales;f__Bacteroidaceae;g__Bacteroides;s__Bacteroides_salyersiae	-0.00700349695271	-0.0311457770781	-0.0389610299396	-0.00722456494083	0.0417107256043	-0.0139029345105	-0.0211439551959	-0.00037038939488	-0.0231244326087	-0.0332478426776	-0.0163062088299	0.0361540575793	-0.0222200291106	-0.0157074904157	-0.00732944140108	-0.0178157517429	-0.00127457197808	-0.0586687135511	0.0587554449312	0.0233869867442	1.0	-0.0294932199133	-0.0276433897116	0.0306796743771	-0.00798341959014	0.044615306232	-0.088141056002	0.000815494153045	0.00347902295416	-0.00638703295612	-0.0612919828004	-0.0505947490771	-0.0131479976572	0.0182464838333	-0.0519010875095	-0.00115098833542	-0.0406323443821	0.00588095419656	0.000856609823128	0.0275816894849	-0.00409261327351	0.0269052692783	-0.0394002523599	0.00219862832796	-0.0280544746112	-0.0318137899303	0.0296938102243	0.0531312259474	-0.00178911933819	-0.0214796106757	-0.024682426503	0.013265590201	0.00883375956989	0.0436919686822	-0.065994493415	0.0203128570078	-0.000579332731117	0.00589405273091	-0.0311888983473
k__Bacteria;p__Firmicutes;c__Clostridia;o__Clostridiales;f__Ruminococcaceae;g__Ruminiclostridium;s__[Eubacterium]_siraeum	0.0182070863439	0.00260887347058	-0.015198750331	-0.0372059707905	0.0977579864396	-0.0263730921557	-0.0328047029332	0.0228352871662	-0.0697488091875	0.0361438081596	-0.0555956150937	-0.0392707337328	0.0167753706752	0.00510789291206	0.0139985100523	0.0173608183193	0.030835261988	-0.0429946240624	-0.0252185037605	0.00687328440091	-0.0294932199133	1.0	-0.0469846048889	-0.044030792398	-0.0293479736973	-0.0285631871992	0.0315332145474	0.0649313573791	0.000364596479963	-0.055021143789	-0.0575399136079	-0.0149999877298	-0.0570729044624	-0.0425423661439	0.00607916794716	-0.00993442372951	0.0173633429253	-0.0636445011606	0.00307926641423	0.0431322743045	-0.0242607626356	0.0528511257418	0.0354901301984	-0.00932763543908	-0.0126766090105	0.0690652361953	0.0280946799172	0.00512194536819	-0.0248944267028	0.00883525532711	-0.0101855259041	-0.00855928975113	-0.047681807954	0.0049796460387	0.0151186645329	0.0230524796374	0.034286119496	-0.0490933235987	-0.020838236331
k__Bacteria;p__Proteobacteria;c__Betaproteobacteria;o__Burkholderiales;f__Sutterellaceae;g__Parasutterella;s__Parasutterella_excrementihominis	0.0151343700673	0.000676847851835	-0.00839143673249	-0.00414116450434	0.0804886448023	-0.0130974199828	-0.00239892963895	0.0220257558113	-0.038507018754	0.00500641802853	0.0393397229099	-0.012471015395	-0.022354857842	-0.0188880118656	0.0467376249815	-0.0361080004515	0.00980329842041	0.0445279812143	-0.0373896059637	0.0048056937741	-0.0276433897116	-0.0469846048889	1.0	-0.075381307138	0.0121544530593	-0.00524893089418	-0.0213873142176	-0.0511153769317	0.00526609675638	-0.00423559112244	0.00200144396555	-0.0110064823446	0.0192226404102	0.0256981633764	-0.0750333851853	0.0533039570158	0.0339534481803	-0.0135510916249	0.0192048617541	-0.00450105673116	-0.043052470616	-0.0382921677273	-0.0596246328602	0.0325223557116	-0.0281939769199	-0.0055438586947	0.0397572902915	0.0146074065244	-0.0019557990203	-0.0441948103074	0.0077087636074	-0.0402549359132	-0.0467853081923	-0.0291946056051	-0.00119249511014	-0.0439209853752	0.00813353740244	0.0783749303644	-0.0447059460636
k__Bacteria;p__Actinobacteria;c__Actinobacteria;o__Bifidobacteriales;f__Bifidobacteriaceae;g__Bifidobacterium;s__Bifidobacterium_adolescentis	-0.0224769751114	-0.00571490965876	0.00703046852658	-0.00725304572033	-0.00552871138097	-0.0244900632018	0.00216811765368	0.0109481163102	0.0049218748728	-0.0318495198435	0.00146356812715	0.0611593563903	-0.0322533456711	0.0229021211391	-0.0197232469265	-0.0800752623881	0.0339450336024	-0.010612536069	0.0222276473706	-0.012243119586	0.0306796743771	-0.044030792398	-0.075381307138	1.0	-0.0549033565142	0.0105454920251	-0.0270362917154	-0.0220825991911	0.0289348244785	0.00233399183943	0.0236280645376	0.0110139104166	-0.0228855588771	-0.01916327786	-0.0193116605839	0.010251749976	0.0430872802885	-0.0226740682984	-0.0730489249472	0.00806414265324	-0.0210728940874	-0.0576959005872	-0.00893708865282	-0.0304349431602	0.0262556481003	-0.00486111606706	-0.0594866778402	-0.0181818313013	-0.0320200232496	-0.0307100205985	0.0194374953627	-0.0169342441609	0.0383847801967	-0.0449921377081	0.0671816258628	-0.0388397969266	0.0206317487044	-0.0295046721303	0.00107071864878
k__Bacteria;p__Firmicutes;c__Clostridia;o__Clostridiales;f__Oscillospiraceae;g__Oscillibacter;s__Oscillibacter_sp._KLE_1745	0.0075879911117	0.0533141278094	0.00560879625831	0.0433542104732	0.0479365359891	-0.0271606388316	0.00734588510952	0.0469085337711	-0.065269286454	-0.0220967783305	-0.0450035687946	0.0434789744694	0.0387862748183	0.0304092945348	-0.0384169434907	0.0187421577209	0.0306695069482	-0.0162409263631	-0.0164204557269	0.0144740259738	-0.00798341959014	-0.0293479736973	0.0121544530593	-0.0549033565142	1.0	-0.0214154162955	-0.0147855903575	0.00107605144349	0.0370610528504	-0.00932194427368	-0.00929531025627	-0.0236665064229	-0.0431181521589	0.0029139514053	-0.0423404406589	0.00934028906322	0.00741875789235	0.00465500316951	-0.0191988843938	-0.000351682331788	-0.0658588904735	0.0773765965572	-0.0797011897482	-0.0565016936376	-0.0561715229124	0.0312178585295	0.021922496391	0.0149745842178	0.0126302144905	-0.0298175533466	-0.089029495503	-0.0315986840542	0.0204849515036	-0.0691087932185	-0.0433867443048	0.0308192114152	0.00771507787254	0.019283805722	-0.00867873958701
k__Bacteria;p__Bacteroidetes;c__Bacteroidia;o__Bacteroidales;f__Bacteroidaceae;g__Bacteroides;s__Bacteroides_coprophilus	-0.00730236962163	-0.0259993450441	-0.0083707587662	-0.0432493198478	-0.0091899098095	-0.0344269738113	0.0325467979852	0.0111355373071	0.00388833879417	-0.0405122796421	-0.0307722992018	-0.0725668541024	-0.0017454090209	-0.0142152127881	0.00729261840796	0.0194933229747	0.0106528731739	0.0238146254765	-0.0261367991009	-0.00998537216452	0.044615306232	-0.0285631871992	-0.00524893089418	0.0105454920251	-0.0214154162955	1.0	-0.0487301498903	0.0481413095968	0.0444573946226	0.0399285179353	0.0153837425915	-0.0181016491992	0.0357076895777	-0.0380318080652	-0.0239555996421	-2.86337326103e-05	-0.0597771124574	0.00651984960757	0.0753568137788	-0.066288756601	-0.0128821508038	0.0257373445609	-0.0386435168278	-0.0371515581945	0.000776399372784	0.0341550532255	-0.0154474569587	-0.0121379521327	-0.00101245398216	-0.0371766342921	-0.0500578415079	0.0448329353479	-0.0221100441265	-0.0432609931456	0.0243016524651	0.0241441561833	-0.0276384760079	-0.0119387979481	0.0201754010566
k__Bacteria;p__Firmicutes;c__Clostridia;o__Clostridiales;f__Lachnospiraceae;g__Roseburia;s__Roseburia_intestinalis	-0.0341222618396	-0.00887389439601	-0.0228784978312	-0.0447390700789	-0.032968749886	-0.043251846651	0.0325929785033	-0.0193863069245	-0.0132765031277	-0.0553725801166	-0.0303664490621	-0.0154370556483	-0.0348861290987	-0.0665187609707	0.050627465056	-0.0403250701004	-0.013491482547	-0.0285072330913	-0.0100344012249	-0.00565131326231	-0.088141056002	0.0315332145474	-0.0213873142176	-0.0270362917154	-0.0147855903575	-0.0487301498903	1.0	0.0101289828051	-0.0309094175508	0.0225553344794	0.0112763464598	0.0993832340756	0.0105981076624	-0.018383956079	0.0515147869074	-0.023750258264	0.0430370716156	-0.0244894977879	-0.0157182939671	0.0100651194927	0.0213221422447	-0.00973152453564	-0.0385937669066	-0.021231894767	-0.00135434807208	-0.0396823314549	-0.0278179770999	0.0277264869109	-0.0526315060783	0.0626383808334	-0.0231623815228	-0.0634952361758	-0.00520051298905	0.0128055513271	-0.0405421748867	-0.0334488328223	0.0607316888971	0.00888701983341	0.043806382536
k__Bacteria;p__Firmicutes;c__Clostridia;o__Clostridiales;f__Lachnospiraceae;g__Roseburia;s__Roseburia_hominis	0.0660509870984	0.00583326246316	0.0289854120384	0.0443346068203	-0.00197789000413	-0.00880491986419	-0.0130589690056	0.0253205900775	0.0153069481347	0.0228914128872	0.0292025052767	-0.0437647221647	-0.0341267888969	0.00658465018701	-0.0602449044821	-0.0621501494106	-0.0120347446659	0.00677264363807	0.0690402780814	-0.000612371324643	0.000815494153045	0.0649313573791	-0.0511153769317	-0.0220825991911	0.00107605144349	0.0481413095968	0.0101289828051	1.0	0.0329890134405	0.00845131940655	-0.0288268872802	-0.0644848727645	-0.0261028209556	-0.0251962691032	-0.0405452391259	-0.0213859293371	-0.0420295145077	0.0461913409757	-0.0324128929997	0.0172617194414	-0.0194711628107	-0.0484680933917	-0.0674804676281	-0.000395046403838	-0.039127828641	0.0221437032152	-0.0400998121103	-0.0413021262832	-0.0238962291966	-0.0559896983525	-0.0199736821715	0.021429218049	-0.0104599232332	-0.0401653395198	-0.0333828999001	0.0111041975344	-0.0283352127332	-0.0180753107073	-0.000220302172167
k__Bacteria;p__Bacteroidetes;c__Bacteroidia;o__Bacteroidales;f__Porphyromonadaceae;g__Parabacteroides;s__Parabacteroides_johnsonii	-0.0291488695723	0.0309742944206	-0.0707878843915	-0.00470839734947	0.0806381734886	-0.0279292868364	0.0111764301877	-0.0031163933143	0.0147405266988	-0.0104495729636	-0.0697371857941	-0.00906034547942	0.0282298977699	-0.0372452544902	0.000653283606911	-0.0873535458272	-0.0177218672976	-0.0118867167506	-0.00272734089789	0.013411261536	0.00347902295416	0.000364596479963	0.00526609675638	0.0289348244785	0.0370610528504	0.0444573946226	-0.0309094175508	0.0329890134405	1.0	-0.0298861649856	-0.0517271347771	0.0337683743826	-0.0435673357202	0.0101454122733	-0.00602978832502	0.0176563448745	0.0165605679904	0.0642487445175	0.000402898525985	-0.0321221954711	0.0238796086112	0.0270830371065	0.0122095580572	0.0586458781449	-0.01767741767	-0.0323851390608	0.0156452426615	-0.0227244285516	-0.00239594877205	-0.0243897099717	-0.050127571583	-0.0128593440287	-0.0125120853123	0.0396453555602	-0.0437779517009	-0.0281281396453	-0.0408816619942	0.027609735457	0.0154609077459
k__Bacteria;p__Actinobacteria;c__Actinobacteria;o__Bifidobacteriales;f__Bifidobacteriaceae;g__Bifidobacterium;s__Bifidobacterium_longum	-0.0334435095048	-0.0172241761769	-0.0631312459998	0.00994735803982	-0.0211736606265	-0.0524648539117	0.00636437451411	-0.00160162733722	-0.0120068694085	0.0600453329238	0.0624617806873	0.0407222780243	-0.0371291561621	-0.0519196856143	-0.00573137934068	0.00260290630094	-0.000653361925506	0.0217420060439	0.0312414038147	-0.0216033239319	-0.00638703295612	-0.055021143789	-0.00423559112244	0.00233399183943	-0.00932194427368	0.0399285179353	0.0225553344794	0.00845131940655	-0.0298861649856	1.0	0.0217544751071	-0.0278983666965	-0.00655938739713	-0.008731336248	0.00380421525812	-0.0288239079287	-0.0354489901723	0.00819598893303	-0.0210944367098	-0.0199640494406	0.0334557263917	-0.0158748108064	-0.0481567202993	-0.0291242081013	0.0419376457878	0.0628137235959	-0.0177998868091	0.0657483410331	0.00815660662713	0.0377429433226	-0.0459065949107	-0.0256840718951	-0.0708921849445	-0.00904438623028	0.00420730673265	-0.0160272471957	0.0236011991627	-0.0573639369217	0.0111751821145
