#taxonomy	k__Bacteria;p__Bacteroidetes;c__Bacteroidia;o__Bacteroidales;f__Bacteroidaceae;g__Bacteroides;s__Bacteroides_vulgatus	k__Bacteria;p__Bacteroidetes;c__Bacteroidia;o__Bacteroidales;f__Bacteroidaceae;g__Bacteroides;s__Bacteroides_uniformis	k__Bacteria;p__Bacteroidetes;c__Bacteroidia;o__Bacteroidales;f__Rikenellaceae;g__Alistipes;s__Alistipes_putredinis	k__Bacteria;p__Bacteroidetes;c__Bacteroidia;o__Bacteroidales;f__Prevotellaceae;g__Prevotella;s__Prevotella_copri	k__Bacteria;p__Bacteroidetes;c__Bacteroidia;o__Bacteroidales;f__Bacteroidaceae;g__Bacteroides;s__Bacteroides_stercoris	k__Bacteria;p__Bacteroidetes;c__Bacteroidia;o__Bacteroidales;f__Bacteroidaceae;g__Bacteroides;s__Bacteroides_ovatus	k__Bacteria;p__Bacteroidetes;c__Bacteroidia;o__Bacteroidales;f__Rikenellaceae;g__Alistipes;s__Alistipes_shahii	k__Bacteria;p__Firmicutes;c__Clostridia;o__Clostridiales;f__Ruminococcaceae;g__Faecalibacterium;s__Faecalibacterium_prausnitzii	k__Bacteria;p__Bacteroidetes;c__Bacteroidia;o__Bacteroidales;f__Rikenellaceae;g__Alistipes;s__Alistipes_finegoldii	k__Bacteria;p__Bacteroidetes;c__Bacteroidia;o__Bacteroidales;f__Porphyromonadaceae;g__Parabacteroides;s__Parabacteroides_distasonis	k__Bacteria;p__Bacteroidetes;c__Bacteroidia;o__Bacteroidales;f__Bacteroidaceae;g__Bacteroides;s__Bacteroides_thetaiotaomicron	k__Bacteria;p__Bacteroidetes;c__Bacteroidia;o__Bacteroidales;f__Bacteroidaceae;g__Bacteroides;s__Bacteroides_coprocola	k__Bacteria;p__Bacteroidetes;c__Bacteroidia;o__Bacteroidales;f__Bacteroidaceae;g__Bacteroides;s__Bacteroides_cellulosilyticus	k__Bacteria;p__Bacteroidetes;c__Bacteroidia;o__Bacteroidales;f__Rikenellaceae;g__Alistipes;s__Alistipes_obesi	k__Bacteria;p__Firmicutes;c__Clostridia;o__Clostridiales;f__Lachnospiraceae;g__;s__[Eubacterium]_rectale	k__Bacteria;p__Bacteroidetes;c__Bacteroidia;o__Bacteroidales;f__Bacteroidaceae;g__Bacteroides;s__Bacteroides_plebeius	k__Bacteria;p__Bacteroidetes;c__Bacteroidia;o__Bacteroidales;f__Bacteroidaceae;g__Bacteroides;s__Bacteroides_fragilis	k__Bacteria;p__Proteobacteria;c__Betaproteobacteria;o__Burkholderiales;f__Sutterellaceae;g__Sutterella;s__Sutterella_wadsworthensis	k__Bacteria;p__Bacteroidetes;c__Bacteroidia;o__Bacteroidales;f__Porphyromonadaceae;g__Barnesiella;s__Barnesiella_intestinihominis	k__Bacteria;p__Bacteroidetes;c__Bacteroidia;o__Bacteroidales;f__Odoribacteraceae;g__Odoribacter;s__Odoribacter_splanchnicus	k__Bacteria;p__Bacteroidetes;c__Bacteroidia;o__Bacteroidales;f__Bacteroidaceae;g__Bacteroides;s__Bacteroides_salyersiae	k__Bacteria;p__Firmicutes;c__Clostridia;o__Clostridiales;f__Ruminococcaceae;g__Ruminiclostridium;s__[Eubacterium]_siraeum	k__Bacteria;p__Proteobacteria;c__Betaproteobacteria;o__Burkholderiales;f__Sutterellaceae;g__Parasutterella;s__Parasutterella_excrementihominis	k__Bacteria;p__Actinobacteria;c__Actinobacteria;o__Bifidobacteriales;f__Bifidobacteriaceae;g__Bifidobacterium;s__Bifidobacterium_adolescentis	k__Bacteria;p__Firmicutes;c__Clostridia;o__Clostridiales;f__Oscillospiraceae;g__Oscillibacter;s__Oscillibacter_sp._KLE_1745	k__Bacteria;p__Bacteroidetes;c__Bacteroidia;o__Bacteroidales;f__Bacteroidaceae;g__Bacteroides;s__Bacteroides_coprophilus	k__Bacteria;p__Firmicutes;c__Clostridia;o__Clostridiales;f__Lachnospiraceae;g__Roseburia;s__Roseburia_intestinalis	k__Bacteria;p__Firmicutes;c__Clostridia;o__Clostridiales;f__Lachnospiraceae;g__Roseburia;s__Roseburia_hominis	k__Bacteria;p__Bacteroidetes;c__Bacteroidia;o__Bacteroidales;f__Porphyromonadaceae;g__Parabacteroides;s__Parabacteroides_johnsonii	k__Bacteria;p__Actinobacteria;c__Actinobacteria;o__Bifidobacteriales;f__Bifidobacteriaceae;g__Bifidobacterium;s__Bifidobacterium_longum	k__Bacteria;p__Firmicutes;c__Clostridia;o__Clostridiales;f__;g__Flavonifractor;s__Flavonifractor_plautii	k__Bacteria;p__Firmicutes;c__Clostridia;o__Clostridiales;f__Clostridiaceae;g__Clostridium;s__Clostridium_phoceensis	k__Bacteria;p__Verrucomicrobia;c__Verrucomicrobiae;o__Verrucomicrobiales;f__Akkermansiaceae;g__Akkermansia;s__Akkermansia_muciniphila	k__Bacteria;p__Bacteroidetes;c__Bacteroidia;o__Bacteroidales;f__Prevotellaceae;g__Paraprevotella;s__Paraprevotella_xylaniphila	k__Bacteria;p__Firmicutes;c__Clostridia;o__Clostridiales;f__Ruminococcaceae;g__Ruminococcus;s__Ruminococcus_callidus	k__Bacteria;p__Bacteroidetes;c__Bacteroidia;o__Bacteroidales;f__Rikenellaceae;g__Alistipes;s__Alistipes_senegalensis	k__Bacteria;p__Firmicutes;c__Clostridia;o__Clostridiales;f__Lachnospiraceae;g__Blautia;s__Blautia_sp._KLE_1732	k__Bacteria;p__Bacteroidetes;c__Bacteroidia;o__Bacteroidales;f__Bacteroidaceae;g__Bacteroides;s__Bacteroides_oleiciplenus	k__Bacteria;p__Firmicutes;c__Clostridia;o__Clostridiales;f__Ruminococcaceae;g__Ruminococcus;s__Ruminococcus_bicirculans	k__Bacteria;p__Bacteroidetes;c__Bacteroidia;o__Bacteroidales;f__Bacteroidaceae;g__Bacteroides;s__Bacteroides_fluxus	k__Bacteria;p__Bacteroidetes;c__Bacteroidia;o__Bacteroidales;f__Prevotellaceae;g__Prevotella;s__Prevotella_stercorea	k__Bacteria;p__Firmicutes;c__Clostridia;o__Clostridiales;f__Lachnospiraceae;g__Dorea;s__Dorea_longicatena	k__Bacteria;p__Firmicutes;c__Clostridia;o__Clostridiales;f__Eubacteriaceae;g__Eubacterium;s__[Eubacterium]_eligens	k__Bacteria;p__Firmicutes;c__Clostridia;o__Clostridiales;f__Ruminococcaceae;g__;s__Ruminococcaceae_bacterium_D16	k__Bacteria;p__Firmicutes;c__Clostridia;o__Clostridiales;f__Lachnospiraceae;g__Coprococcus;s__Coprococcus_comes	k__Bacteria;p__Proteobacteria;c__Gammaproteobacteria;o__Enterobacterales;f__Enterobacteriaceae;g__Escherichia;s__Escherichia_coli	k__Bacteria;p__Firmicutes;c__Clostridia;o__Clostridiales;f__Ruminococcaceae;g__Anaerotruncus;s__Anaerotruncus_colihominis	k__Bacteria;p__Firmicutes;c__Clostridia;o__Clostridiales;f__Lachnospiraceae;g__Blautia;s__Blautia_obeum	k__Bacteria;p__Bacteroidetes;c__Bacteroidia;o__Bacteroidales;f__Odoribacteraceae;g__Odoribacter;s__Odoribacter_laneus	k__Bacteria;p__Firmicutes;c__Clostridia;o__Clostridiales;f__Ruminococcaceae;g__Ruminiclostridium;s__[Clostridium]_leptum	k__Bacteria;p__Bacteroidetes;c__Bacteroidia;o__Bacteroidales;f__Porphyromonadaceae;g__Parabacteroides;s__Parabacteroides_goldsteinii	k__Bacteria;p__Firmicutes;c__Clostridia;o__Clostridiales;f__Lachnospiraceae;g__Anaerostipes;s__Anaerostipes_hadrus	k__Bacteria;p__Firmicutes;c__Clostridia;o__Clostridiales;f__Ruminococcaceae;g__Ruminococcus;s__Ruminococcus_lactaris	k__Bacteria;p__Firmicutes;c__Clostridia;o__Clostridiales;f__Clostridiaceae;g__Clostridium;s__Clostridium_sp._L2-50	k__Bacteria;p__Firmicutes;c__Clostridia;o__Clostridiales;f__Clostridiaceae;g__Clostridium;s__Clostridium_sp._M62/1	k__Bacteria;p__Firmicutes;c__Clostridia;o__Clostridiales;f__;g__Intestinimonas;s__Intestinimonas_butyriciproducens	k__Bacteria;p__Actinobacteria;c__Actinobacteria;o__Bifidobacteriales;f__Bifidobacteriaceae;g__Bifidobacterium;s__Bifidobacterium_bifidum	k__Bacteria;p__Firmicutes;c__Negativicutes;o__Veillonellales;f__Veillonellaceae;g__Dialister;s__Dialister_invisus	k__Bacteria;p__Bacteroidetes;c__Bacteroidia;o__Bacteroidales;f__Bacteroidaceae;g__Bacteroides;s__Bacteroides_salanitronis
k__Bacteria;p__Bacteroidetes;c__Bacteroidia;o__Bacteroidales;f__Bacteroidaceae;g__Bacteroides;s__Bacteroides_vulgatus	1.0	0.0165905546777	0.0361316683007	0.0456510653057	-0.00179477934896	0.0140313699507	-0.0146548226749	-0.0445853090861	0.0611855763702	-0.0367691199098	-0.0349662567532	0.0199057977668	-0.00755410226679	0.0144590114464	-0.0201604952943	0.0357052088131	-0.0111953381701	-0.053437740911	-0.0585475635709	0.0825726797487	-0.0952779957947	0.0068222918911	0.0290271494736	-0.0328568799717	0.0234747564496	-0.0302748023629	-0.0135240214985	-0.0261201074147	0.00385617450304	0.0373383967679	-0.0832890463653	-0.0304833780184	-0.0213401821096	-0.0234749636238	-0.00465328732047	-0.0361494530436	0.00159184758529	-0.0227791526782	-0.00638224547422	-0.0107149592058	0.00805592638532	-0.0158413461889	-0.0511280201828	-0.0363153932075	-0.0131700635972	0.0167192233819	-0.060588656781	-0.049100826841	0.0310495491022	0.0035932133537	-0.0234893265913	-0.0284349310875	0.0313740857218	0.0232231433513	-0.0138907330343	-0.0441374264544	0.0903352788903	0.0328067157806	-0.0268995070063
k__Bacteria;p__Bacteroidetes;c__Bacteroidia;o__Bacteroidales;f__Bacteroidaceae;g__Bacteroides;s__Bacteroides_uniformis	0.0165905546777	1.0	-0.139779921662	0.0132869452023	-0.104942886845	0.00480306429574	-0.0181874263727	0.0338178733379	0.00378134818682	-0.0440575714687	0.0435862079746	-0.0395157938997	-0.0509201065195	0.00971745548413	-0.0170411126788	0.0220366895699	-0.0228451144954	0.0285362998593	0.0140238824733	-0.00254820851365	0.0163268446656	-0.0199545983591	0.0341685358613	0.0454803975069	-0.0237370909865	-0.0393524878346	-0.0599683088506	-0.0333500475203	-0.0605619289875	0.0206737872876	-0.0226073895032	-0.0613903194455	0.01421823554	-0.0294153053455	-0.0275813324347	-0.006631034485	0.0263962403746	-0.0519001800011	0.013127122054	-0.00533661766107	0.0637013756649	-0.0395497310477	-0.000977809903894	-0.014225811284	0.0137926447262	0.00122590919085	-0.0145188499135	0.00949400477584	-0.0124788713375	-0.0645358023593	-0.0109449386274	0.0328775818026	0.00103787838018	-0.0476650848543	-0.0135506207975	0.00560160528045	-0.0391080527116	0.0196575210894	-0.0346652975058
k__Bacteria;p__Bacteroidetes;c__Bacteroidia;o__Bacteroidales;f__Rikenellaceae;g__Alistipes;s__Alistipes_putredinis	0.0361316683007	-0.139779921662	1.0	-0.049463567583	0.0253996598506	0.0714815084868	-0.016031334972	0.0185578620951	-0.0395009217528	0.0163006356802	0.00953675656443	-0.057232512758	-0.0154202216987	-0.00805107004545	0.0242110814703	-0.0103707038626	0.0395873506074	-0.00991679479248	-0.0489548778432	-0.0365827396001	-0.0102845267996	0.066771779772	-0.0211530134924	-0.0339788017388	0.000918235122946	-0.00725669817824	-0.0159874500914	0.00408464036619	-0.044646366397	-0.0166418715179	0.0149850832379	-0.0626583266016	-0.047698645103	-0.0013414262648	0.00772965462901	-0.0215974444353	-0.0459261375829	-0.0459539835411	0.0124532811679	-0.0371629987345	-0.0563152102426	-0.0112269702638	-0.048842544882	0.0311212742582	0.0392059787388	0.00596439048114	-0.0131521296861	-0.0413170829524	-0.0761166438226	0.0600113898768	-0.0516897727397	-0.0129545260669	0.00742973566205	0.0230761408798	0.0272170022368	0.0337117403608	-0.0840150646659	-0.022557804956	0.0262156361313
k__Bacteria;p__Bacteroidetes;c__Bacteroidia;o__Bacteroidales;f__Prevotellaceae;g__Prevotella;s__Prevotella_copri	0.0456510653057	0.0132869452023	-0.049463567583	1.0	0.0060147118074	0.0383497789849	0.0726701956515	-0.0252563105186	0.00318856518496	-0.00907702575693	-0.0116208465551	-0.0411875435212	0.024976494751	-0.0217969289038	-0.0516285994327	-0.0345394744439	-0.0229269721956	0.0118070512312	-0.0624374256953	0.0439773047971	-0.0481630440724	0.00550063059203	0.00303521191975	0.00941040754665	0.0112387622402	0.00620445341974	-0.0338461255017	-0.0207236302523	-0.0474466486315	-0.0555715685066	-0.0298895475349	0.0514193557179	0.00560039685544	0.00405086369435	0.00825107726613	-0.112797039007	-0.00546881377516	-0.00704200191331	-0.0673300579777	0.0233534687142	-0.0610535197407	-0.0159826392699	-0.0775765484108	-0.0303577531741	-0.00674314535992	0.0165463003315	0.0120939417789	0.0249235461446	0.00425947400263	0.0306038758179	-0.0497682403947	-0.041108990405	-0.0644086948589	0.03449856681	0.0158682555833	0.0101467763148	0.00580772503331	-0.0138184131299	-0.0192512188913
k__Bacteria;p__Bacteroidetes;c__Bacteroidia;o__Bacteroidales;f__Bacteroidaceae;g__Bacteroides;s__Bacteroides_stercoris	-0.00179477934896	-0.104942886845	0.0253996598506	0.0060147118074	1.0	0.0225272455399	-0.0347633529206	0.0257177475214	-0.0129131334399	-0.0620681888124	-0.0220944358186	-0.0170448916408	0.000708827837085	-0.00311523029922	-0.0472438263858	-0.0593373438847	0.00936132607385	-0.00958152468488	0.0223601640201	-0.0176981162756	0.0191213501217	0.0214441651337	-0.00753948888442	0.0168882337947	-0.0234065703079	-0.0201680891624	-0.0121894139519	0.0394832574716	0.00283867655261	-0.025147479263	-0.0240922381721	0.0374238959478	0.0189986045154	0.0307379921104	0.00509821256185	-0.00660865528664	0.0547080811375	0.0311335604144	-0.00169431355451	-0.0170173525975	0.0509998649306	0.0225815115832	-0.00803657328578	-0.0172389710152	-0.0711898239439	-0.00801128699454	0.00889830872015	-0.0597388324056	-0.0193921554121	-0.000896287260461	-0.0768487905353	-0.0420110266533	0.0121664892334	0.0477603315232	-0.0416140868067	0.00912136631171	-0.017486604562	-0.0305181236336	0.00859039944212
k__Bacteria;p__Bacteroidetes;c__Bacteroidia;o__Bacteroidales;f__Bacteroidaceae;g__Bacteroides;s__Bacteroides_ovatus	0.0140313699507	0.00480306429574	0.0714815084868	0.0383497789849	0.0225272455399	1.0	-0.0118542954611	-0.0192018320005	-0.00325771252492	-0.0408355233098	-0.0238911037287	0.0219513064847	-0.0298904430874	0.0214118847631	-0.02299525205	-0.0624021526523	-0.0145390460975	0.0242852822851	-0.0450792890651	-0.0322117114464	-0.0367836908475	0.0835157760661	0.000680855869813	-0.0360859047629	0.0171810226353	-0.034033971285	0.00737413383485	-0.0341092493298	0.00203774236372	-0.046331380611	-0.0167151457347	0.0447038708943	-0.0119004820357	-0.00700289413935	0.0200598932738	0.0057592568485	-0.00408970514472	0.0296637037169	0.0297746595291	-0.0184432426387	-0.0155755991411	-0.0524653721966	-0.00216235430232	-0.0144343548684	0.00865362727337	0.0027953470486	-0.00856238118013	-0.00663590828611	-0.0150783158078	0.0130441346851	0.00968371345796	0.014044755587	0.0364727711521	-0.0216918974634	-0.0576940331994	0.00857899247098	0.0262016114641	-0.0226486865826	-0.0374757239482
k__Bacteria;p__Bacteroidetes;c__Bacteroidia;o__Bacteroidales;f__Rikenellaceae;g__Alistipes;s__Alistipes_shahii	-0.0146548226749	-0.0181874263727	-0.016031334972	0.0726701956515	-0.0347633529206	-0.0118542954611	1.0	-0.0161301557825	0.000807175855757	-0.0614782512559	-0.0167886165111	0.0453600853182	-0.00351585848431	0.0034588137022	-0.042378019408	0.00950464310098	0.0756607889397	-0.0132879694918	-0.0290610236303	-0.0184364911252	-0.00715756608364	-0.0277282808957	-0.0405573964575	-0.0336862626937	0.0585096426857	0.0272863760553	-0.0196874225527	0.0507237518055	0.0315002030183	-0.0517935654903	0.0390970705	0.00649607336152	-0.0284392824134	0.0163240349361	-0.0232909483229	-0.0164925392963	-0.0770943074205	0.0448966196231	-0.0915924248985	0.0253418190575	-0.0347060957971	0.0756034200677	-0.0827667823543	-0.0115153898739	0.000294852387871	-0.0127215668594	0.028903943169	-0.0438467869209	-0.0358406075507	0.00318197697427	0.0298513604694	0.0106668044815	-0.00507593946215	0.0318742327051	-0.0374770823584	-0.00166073383751	0.0165757344225	-0.0300453804419	-0.0162378223303
k__Bacteria;p__Firmicutes;c__Clostridia;o__Clostridiales;f__Ruminococcaceae;g__Faecalibacterium;s__Faecalibacterium_prausnitzii	-0.0445853090861	0.0338178733379	0.0185578620951	-0.0252563105186	0.0257177475214	-0.0192018320005	-0.0161301557825	1.0	-0.0288772729736	-0.0600807983655	-0.0109889304666	0.0471763827208	-0.0203896670851	0.0138358507206	-0.0136406527817	0.0062761980273	-0.00997995271953	0.00165348112958	-0.0510945716289	-0.0605898468355	-0.0187896844552	-0.0234036764197	-0.0695729314221	0.0455445925423	-0.00588388081884	-0.0118298924421	-0.00788636390393	-0.0489807276365	0.00116813368066	-0.0142531868422	-0.083575109794	-0.0639360484908	0.0514192421466	0.003188025495	0.0105486413478	-0.0271893756735	0.0136312127884	-0.0702557238097	-0.0022180056885	0.0276320030499	0.0209854830234	-0.00482594153011	-0.0369167134373	0.0505288379798	-0.0390530567776	0.035495521477	0.0194286823149	-0.0122351314773	-0.0170413319743	-0.0429119498772	0.0127651107283	-0.00707218215397	0.0418474949165	-0.0569297963044	-0.0642261425456	0.0091364960325	-0.0506675721795	-0.0435225697489	0.0333174640211
k__Bacteria;p__Bacteroidetes;c__Bacteroidia;o__Bacteroidales;f__Rikenellaceae;g__Alistipes;s__Alistipes_finegoldii	0.0611855763702	0.00378134818682	-0.0395009217528	0.00318856518496	-0.0129131334399	-0.00325771252492	0.000807175855757	-0.0288772729736	1.0	-0.0491380760946	-0.0220893656228	-0.0516905760566	-0.0685760542976	-0.0176062322656	-0.027180933962	-0.0234221814121	-0.0390747187363	-0.00528272587595	0.0587898493309	-0.00616554576144	-0.0356370881569	0.0537800199744	0.0266521098663	0.0269220642263	-0.0148622899229	0.000662776282922	0.000233488083491	0.0107091576184	-0.0379323388185	-0.00965940353825	-0.0512354575179	-0.0193432826131	-0.0317591275125	0.00543071537833	0.0347556187105	0.00549909376564	-0.0109941365267	0.07019778824	-0.055127249685	0.0225082753276	0.0293354776483	0.0102816767367	-0.0253223039691	-0.00598102408792	-0.0229354072084	-0.0842722640871	0.0174197551731	-0.0257434034794	0.0445619750159	-0.0343025410111	-0.0395658035692	-0.0253769106867	-0.058426071968	-0.0284546470791	0.0300009392015	0.0102389005717	0.0277482226938	0.0505732845471	0.0104137036309
k__Bacteria;p__Bacteroidetes;c__Bacteroidia;o__Bacteroidales;f__Porphyromonadaceae;g__Parabacteroides;s__Parabacteroides_distasonis	-0.0367691199098	-0.0440575714687	0.0163006356802	-0.00907702575693	-0.0620681888124	-0.0408355233098	-0.0614782512559	-0.0600807983655	-0.0491380760946	1.0	-0.0238670463652	0.0138289873347	0.0349532498787	-0.0393392244859	0.0290642892243	0.0139500146969	0.0305804689588	-0.00814356450574	-0.00823578793488	-0.01111153478	0.0329795610098	-0.0118960617262	0.0273112002791	-0.0429705859617	-0.0133142920827	0.00710232549689	-0.01802774438	-0.00034810600646	-0.0353419096528	-0.00940950084992	-0.062253170029	0.0654984537117	-0.0221006881241	-0.00302808261204	-0.00762006921067	-0.0277508795438	0.00971544561307	0.00309187386218	0.0186457942168	-0.00249626380321	0.0362266430253	0.0227238993437	0.0118598038943	0.0123300269396	-0.0147806582659	0.0299408395998	-0.0318782549124	0.0253530186204	0.00570513336585	-0.0221013768341	0.01350751087	0.00940451385991	0.00266782557741	-0.00014479286675	-0.0293220693964	-0.015042707278	0.0257144387395	0.0354286663052	0.0118434224719
k__Bacteria;p__Bacteroidetes;c__Bacteroidia;o__Bacteroidales;f__Bacteroidaceae;g__Bacteroides;s__Bacteroides_thetaiotaomicron	-0.0349662567532	0.0435862079746	0.00953675656443	-0.0116208465551	-0.0220944358186	-0.0238911037287	-0.0167886165111	-0.0109889304666	-0.0220893656228	-0.0238670463652	1.0	-0.0042878807069	0.0263344304015	-0.0104902024503	0.0207286385159	-0.0185033786034	-0.00114578874793	0.0253452496572	-0.0658651520593	-0.0305760465526	0.0115333480009	-0.0548385920415	-0.0458999776675	0.00844173288488	-0.00146472086735	0.00276678511934	0.0350981489712	0.0117766642154	0.0501302243205	0.0276733560301	-0.0147892886102	-0.0105873108091	0.00769382859651	-0.00866668455162	0.00534443089623	0.0332614717552	0.0306608594369	-0.0297803606387	-0.00429664630126	-0.0540560830522	-0.0308264306044	-0.00561057884063	0.0153225089823	-0.0145412770652	-0.0236069234545	-0.0223628327112	0.0121116810908	-0.00896988213368	-0.0154656090395	0.0463916614617	-0.0180428243715	0.044414873038	-0.0207769880109	0.0308296562776	-0.0375499233359	-0.00302459490858	0.031420820393	4.0443602112e-05	-0.084319621491
k__Bacteria;p__Bacteroidetes;c__Bacteroidia;o__Bacteroidales;f__Bacteroidaceae;g__Bacteroides;s__Bacteroides_coprocola	0.0199057977668	-0.0395157938997	-0.057232512758	-0.0411875435212	-0.0170448916408	0.0219513064847	0.0453600853182	0.0471763827208	-0.0516905760566	0.0138289873347	-0.0042878807069	1.0	-0.0456468834539	-0.0659346183548	0.000505863691101	-0.0197825540606	-0.00648937576031	0.0367374951107	-0.0205050328533	-0.011381286096	0.00306383426194	0.00112445531126	-0.00460504763965	-0.0126298902707	-0.00317226716953	0.0115521142323	0.0538744674995	-0.0274285423399	0.0556306343602	-0.00189070657882	0.0497564853751	0.0381457969695	-0.0074877405554	-0.0362825183991	0.0251925958715	0.0667497429975	-0.00621492186495	-0.01588320428	-0.00231598008761	0.00793848723118	-0.0147031625199	0.0468148008608	-0.0425104161446	-0.00507580412816	-0.0371952507522	0.00951605369072	0.00534065353529	0.0119096470631	-0.0191939274794	-0.0316592444253	0.0528481670293	0.0175616367962	-0.0245260990675	0.0121423702646	-0.0346169915581	0.00920271826247	-0.0491315942624	0.0257741263308	-0.0309123523932
k__Bacteria;p__Bacteroidetes;c__Bacteroidia;o__Bacteroidales;f__Bacteroidaceae;g__Bacteroides;s__Bacteroides_cellulosilyticus	-0.00755410226679	-0.0509201065195	-0.0154202216987	0.024976494751	0.000708827837085	-0.0298904430874	-0.00351585848431	-0.0203896670851	-0.0685760542976	0.0349532498787	0.0263344304015	-0.0456468834539	1.0	-0.0234685867804	-0.0133816069044	-0.0106475883007	-0.0228631674932	-0.0364647206323	0.00297755159237	0.058267424855	-0.0313690022481	0.0732785190736	-0.00459209772735	-0.0245394407273	-0.0220202442008	0.00629918830936	-0.00738169971925	0.00303751969526	-0.0119024565321	-0.0151835465936	0.0347139169829	0.0775282701715	-0.0118422872944	0.00431840052901	-0.0201106736985	-0.0451990965927	0.0285499005582	0.00240488595215	-0.0376934362059	-0.00321235498329	0.010779567555	-0.0106681085777	-0.0603752393217	0.00690234608843	-0.00724345284834	-0.0366970382311	-0.015630015602	0.0140464290398	0.0349313941185	-0.00941465290906	-0.0522866827726	-0.076969301008	-0.00453064769503	0.0372943248203	0.0989756490397	-0.0137087851522	0.0107833245746	0.0077809357307	-0.0258978696044
k__Bacteria;p__Bacteroidetes;c__Bacteroidia;o__Bacteroidales;f__Rikenellaceae;g__Alistipes;s__Alistipes_obesi	0.0144590114464	0.00971745548413	-0.00805107004545	-0.0217969289038	-0.00311523029922	0.0214118847631	0.0034588137022	0.0138358507206	-0.0176062322656	-0.0393392244859	-0.0104902024503	-0.0659346183548	-0.0234685867804	1.0	0.00768012024394	0.00152316113514	-0.0268221713095	-0.00175910765802	-0.0569728679852	-0.011875204374	-0.0113310447811	-0.0336027449124	-0.0335980564226	0.0387798191793	-0.0064589501497	-0.0122969031908	-0.0278826305004	-0.0319111472631	0.0435993313984	-0.0804660625565	0.0166811908768	0.0338815802425	-0.0744003215347	0.0216870560789	0.00337642403078	0.00282217856946	0.0162152993873	0.0185265470861	0.0376682315912	-0.0106341025134	0.0810123779908	0.021886109258	-0.0225387572041	0.0518249553291	-0.0207063179722	0.0281950000894	-0.0277729046356	0.0100197461611	-0.0666550810037	0.00739124607659	-0.0159340505306	-0.0274459518333	-0.00399676183347	-0.072322004813	-0.0466095281448	-0.00857433080352	-0.0135997027097	-0.0303584442086	-0.079098697364
k__Bacteria;p__Firmicutes;c__Clostridia;o__Clostridiales;f__Lachnospiraceae;g__;s__[Eubacterium]_rectale	-0.0201604952943	-0.0170411126788	0.0242110814703	-0.0516285994327	-0.0472438263858	-0.02299525205	-0.042378019408	-0.0136406527817	-0.027180933962	0.0290642892243	0.0207286385159	0.000505863691101	-0.0133816069044	0.00768012024394	1.0	0.0249128586256	0.0591870730697	0.00413641760771	-0.0301747216235	-0.0216718342581	-0.00439932194245	-0.0308189633565	-0.034215623192	0.0476926535516	-0.0533789248601	0.00868931131361	-0.0363266203307	0.0377333356104	-0.0315840034557	0.011817718248	0.0101213417262	-0.00365724589356	0.0276162810297	-0.0251342349571	-0.0539282643519	0.0117811544598	-0.0292031166844	-0.0128326981649	-0.0559404756966	-0.0223864290365	-0.0997240159719	0.0542521722117	-0.00548963522211	0.044631987601	0.0207016185349	-0.0481008562042	0.0610007713143	0.0931277887182	0.0178775803871	-0.0298552059366	0.0494400653104	-0.0175501835421	-0.0133790032053	0.0621395011981	0.0545939520887	-0.0269242289875	-0.016542115914	-0.0445247232011	-0.0987964096133
k__Bacteria;p__Bacteroidetes;c__Bacteroidia;o__Bacteroidales;f__Bacteroidaceae;g__Bacteroides;s__Bacteroides_plebeius	0.0357052088131	0.0220366895699	-0.0103707038626	-0.0345394744439	-0.0593373438847	-0.0624021526523	0.00950464310098	0.0062761980273	-0.0234221814121	0.0139500146969	-0.0185033786034	-0.0197825540606	-0.0106475883007	0.00152316113514	0.0249128586256	1.0	-0.0359033214289	-0.0167777340047	0.0400590805417	-0.0517149102926	-0.0241473970066	-0.0357617111125	0.0317784864548	-0.0353410528516	0.0127828758561	-0.00924304103927	0.00729146502931	-0.0367917231738	0.0699140075575	0.0259158904045	0.00250981571192	0.0113595705262	-0.0596447874267	0.0455783656778	-0.0282808295147	-0.0478490078893	-0.0631112712507	-0.017516237398	0.00556878041213	-0.0220370688919	-0.00301455538831	-0.0492318547153	0.019238263972	-0.0155452737333	0.0128547394844	-0.0294939634369	0.0119704818584	0.0553638352489	-0.057035950379	-0.0760490068701	-0.0194418285244	0.0160631794359	0.0319595702537	-0.0328811284939	-0.0282622048996	0.0524897826434	0.00207274907391	0.0343374904821	0.00677159052162
k__Bacteria;p__Bacteroidetes;c__Bacteroidia;o__Bacteroidales;f__Bacteroidaceae;g__Bacteroides;s__Bacteroides_fragilis	-0.0111953381701	-0.0228451144954	0.0395873506074	-0.0229269721956	0.00936132607385	-0.0145390460975	0.0756607889397	-0.00997995271953	-0.0390747187363	0.0305804689588	-0.00114578874793	-0.00648937576031	-0.0228631674932	-0.0268221713095	0.0591870730697	-0.0359033214289	1.0	-0.0924319498779	-0.00148777866595	-0.000269441817355	0.0502494147397	0.0187700879179	-0.0456106018995	-0.0179589364816	-0.00877560154469	0.0288264174159	0.00184449529856	-0.0137918952416	0.00901480882344	-0.0380442325937	0.00714015434646	-0.0616765063851	-0.0098847798475	-0.026520606368	-0.00107801457669	-0.0472744534431	0.0480714911183	0.0228976090706	-0.0185611786346	-0.0770693800421	-0.0268044293423	0.0349582390442	-0.0370587067301	0.0394080134644	0.026733290985	0.0430762450444	0.0017338457273	0.0286555417316	-0.041472526222	0.03622977507	-0.050824943793	0.00213804292139	0.0109047652396	-0.0381167837256	0.0456773097313	-0.0128896144191	0.000934918749314	0.0207070298166	-0.0342700873921
k__Bacteria;p__Proteobacteria;c__Betaproteobacteria;o__Burkholderiales;f__Sutterellaceae;g__Sutterella;s__Sutterella_wadsworthensis	-0.053437740911	0.0285362998593	-0.00991679479248	0.0118070512312	-0.00958152468488	0.0242852822851	-0.0132879694918	0.00165348112958	-0.00528272587595	-0.00814356450574	0.0253452496572	0.0367374951107	-0.0364647206323	-0.00175910765802	0.00413641760771	-0.0167777340047	-0.0924319498779	1.0	-0.0432422420806	-0.018173226632	-0.0432362831257	-0.00206436732978	-0.0410024884139	0.0204188470924	-0.0278752241054	0.0128386613223	-0.0681655907614	-0.0124111974998	-0.0442411246502	0.0472798595891	-0.070788818913	-0.0489427813726	-0.0212078574884	0.034376488576	0.00987144494696	-0.0199838953897	-0.0668423918156	0.00553294102505	0.041562922922	-0.0546621056443	-0.00515734502798	-0.0195298637428	-0.00561739722345	-0.0275325166251	0.0391237889588	0.0169264039892	0.00750715183477	0.0414599931798	-0.013175614379	-0.0147206138415	0.00651736268256	-0.0202575996924	-0.00427509627074	0.03731652357	-0.0446081639014	0.0400121958193	0.0293273590113	0.00527825036882	0.000518216459624
k__Bacteria;p__Bacteroidetes;c__Bacteroidia;o__Bacteroidales;f__Porphyromonadaceae;g__Barnesiella;s__Barnesiella_intestinihominis	-0.0585475635709	0.0140238824733	-0.0489548778432	-0.0624374256953	0.0223601640201	-0.0450792890651	-0.0290610236303	-0.0510945716289	0.0587898493309	-0.00823578793488	-0.0658651520593	-0.0205050328533	0.00297755159237	-0.0569728679852	-0.0301747216235	0.0400590805417	-0.00148777866595	-0.0432422420806	1.0	0.0221541015028	0.00421980022617	-0.00206652631021	-0.048796362106	-0.0170199280854	0.00107264524034	-0.0545244875664	-0.0252375900414	-0.0527610421225	-0.014619127165	0.099275477299	0.013260166746	0.00914804293069	-0.00184315905479	-0.0282963526373	0.0958122034034	0.0434920840401	0.0424767111547	0.0310878385688	-0.00895898408621	-0.0218958363192	0.0243167215708	-0.0338199358732	-0.00979382270475	-0.0765531965134	-0.0347466951586	-0.0205137760779	-0.00685704833604	-0.0390635104378	0.00232029035995	0.00894207773619	-0.0120316745703	0.0366982669102	-0.024170570015	-0.0290736708701	-0.00015072540531	-0.00493106231246	-0.00432893428728	0.0332248414178	0.0258688249101
k__Bacteria;p__Bacteroidetes;c__Bacteroidia;o__Bacteroidales;f__Odoribacteraceae;g__Odoribacter;s__Odoribacter_splanchnicus	0.0825726797487	-0.00254820851365	-0.0365827396001	0.0439773047971	-0.0176981162756	-0.0322117114464	-0.0184364911252	-0.0605898468355	-0.00616554576144	-0.01111153478	-0.0305760465526	-0.011381286096	0.058267424855	-0.011875204374	-0.0216718342581	-0.0517149102926	-0.000269441817355	-0.018173226632	0.0221541015028	1.0	-0.000502181180219	-0.0532748977086	-0.015940778681	0.0662646906432	-0.00292516156915	-0.0144931041474	0.0338127768427	-0.00708577544232	-0.0974054266474	-0.0318973892184	-0.022956028668	0.0298730210238	-0.00712735257813	0.0258410087199	0.0817591759894	0.0166918297397	-0.0366886165807	0.00681114346098	-0.0377179010104	-0.00116623091169	-0.00137935474344	-0.00623841820955	-0.0286927903286	-0.00957963043408	-0.0303820981415	-0.0199527131791	0.00943229985394	-0.0114919097198	0.0285269227728	-0.0216407064504	-0.00926475631733	-0.0818728488569	-0.00106044359755	-0.00199228799989	0.0232325669974	-0.0180713477486	-0.0615208912503	-0.0851248860251	-0.00397640085611
k__Bacteria;p__Bacteroidetes;c__Bacteroidia;o__Bacteroidales;f__Bacteroidaceae;g__Bacteroides;s__Bacteroides_salyersiae	-0.0952779957947	0.0163268446656	-0.0102845267996	-0.0481630440724	0.0191213501217	-0.0367836908475	-0.00715756608364	-0.0187896844552	-0.0356370881569	0.0329795610098	0.0115333480009	0.00306383426194	-0.0313690022481	-0.0113310447811	-0.00439932194245	-0.0241473970066	0.0502494147397	-0.0432362831257	0.00421980022617	-0.000502181180219	1.0	-0.0305178480467	-0.042751960249	-0.0273288253067	0.00704004168777	0.00290517685655	-0.0567161809353	0.0340014169713	0.00452309680224	0.0475798332174	-0.00852730933531	-0.00376477557652	-0.0280424942362	0.0595488480505	-0.0335371760359	0.0224332440194	-0.0278206099023	-0.0145637540246	0.00541399553231	0.000265698800898	-0.0966996460172	-0.054368833371	0.0800204837521	-0.0653257612468	0.0502700358383	0.0445448279638	0.0200475338565	-0.00054375104477	-0.0481997415509	-0.024915606496	0.0140276103562	-0.0212342570758	-0.0220267427431	-0.0282197511269	-0.0409593750129	0.00448864497003	0.0283113477243	0.00622687396095	-0.0307436567677
k__Bacteria;p__Firmicutes;c__Clostridia;o__Clostridiales;f__Ruminococcaceae;g__Ruminiclostridium;s__[Eubacterium]_siraeum	0.0068222918911	-0.0199545983591	0.066771779772	0.00550063059203	0.0214441651337	0.0835157760661	-0.0277282808957	-0.0234036764197	0.0537800199744	-0.0118960617262	-0.0548385920415	0.00112445531126	0.0732785190736	-0.0336027449124	-0.0308189633565	-0.0357617111125	0.0187700879179	-0.00206436732978	-0.00206652631021	-0.0532748977086	-0.0305178480467	1.0	-0.0468255544186	-0.00441678787355	0.017121813218	0.0194393501538	0.0040653171814	-0.0155882294162	-0.00205646156745	-0.026179961903	0.00514392459717	-0.0173220102831	-0.0475717605929	-0.0173206365948	0.0763820012298	-0.0783168792612	-0.00381850731393	-0.0320283169063	-0.0231035691967	-0.00872878544074	-0.0494311466116	-0.0459363642074	-0.0245752004606	-0.0262318879775	-0.00688096242573	-0.0468465310367	-0.00263298381991	-0.0055675001283	-0.0595923165948	0.0354716351999	-0.018231719859	0.0213977867925	-0.0377844380796	-0.0524980198737	-0.0483801520883	-0.0619756805599	0.0436726453258	-0.0227725946361	-0.0142828047614
k__Bacteria;p__Proteobacteria;c__Betaproteobacteria;o__Burkholderiales;f__Sutterellaceae;g__Parasutterella;s__Parasutterella_excrementihominis	0.0290271494736	0.0341685358613	-0.0211530134924	0.00303521191975	-0.00753948888442	0.000680855869813	-0.0405573964575	-0.0695729314221	0.0266521098663	0.0273112002791	-0.0458999776675	-0.00460504763965	-0.00459209772735	-0.0335980564226	-0.034215623192	0.0317784864548	-0.0456106018995	-0.0410024884139	-0.048796362106	-0.015940778681	-0.042751960249	-0.0468255544186	1.0	-0.0318640578648	0.00606259417051	-0.0403632820196	-0.0676113254736	-0.0143883605011	-0.00722249641695	0.0309346258409	0.0064709250496	0.0424557515183	0.0404031052248	0.00139613584913	0.0218613152823	0.0162013706919	-0.0679127061403	0.0057674082093	0.0595548900155	-0.0432970923448	-0.0272146324421	0.0481793910234	0.0506337317192	-0.0180269897329	-0.0339487895288	-0.088618754299	-0.0022268621237	0.0121342150685	-0.0241041373832	-0.0389503003668	-0.0195028297425	0.0405943214081	-0.00660970958952	0.0612536128172	-0.0186171527068	-0.0202904103357	-0.0381732840639	0.0118562852686	0.0404299914333
k__Bacteria;p__Actinobacteria;c__Actinobacteria;o__Bifidobacteriales;f__Bifidobacteriaceae;g__Bifidobacterium;s__Bifidobacterium_adolescentis	-0.0328568799717	0.0454803975069	-0.0339788017388	0.00941040754665	0.0168882337947	-0.0360859047629	-0.0336862626937	0.0455445925423	0.0269220642263	-0.0429705859617	0.00844173288488	-0.0126298902707	-0.0245394407273	0.0387798191793	0.0476926535516	-0.0353410528516	-0.0179589364816	0.0204188470924	-0.0170199280854	0.0662646906432	-0.0273288253067	-0.00441678787355	-0.0318640578648	1.0	-0.0681050000131	-0.00983196188531	-0.0148390915057	-0.0313928993479	0.0334971842466	-0.0172987172115	-0.0037401372924	-0.0589749887232	-0.0202738707588	-0.0241214458904	-0.0506148372916	0.00419886817718	0.0336802923692	-0.0988060126692	0.00420334625547	0.00481289871448	0.0391518916398	-0.0170733025184	0.087265769218	0.0208379232488	-0.00827333755432	0.0157988447247	-0.0278288280505	0.055370343533	0.00362565189696	0.00392428044132	0.0195057181714	-0.0369705092879	-0.0256393473833	0.0179872922475	0.0618587241876	0.00264843753213	0.0468948146458	-0.0893096289412	0.0687591899678
k__Bacteria;p__Firmicutes;c__Clostridia;o__Clostridiales;f__Oscillospiraceae;g__Oscillibacter;s__Oscillibacter_sp._KLE_1745	0.0234747564496	-0.0237370909865	0.000918235122946	0.0112387622402	-0.0234065703079	0.0171810226353	0.0585096426857	-0.00588388081884	-0.0148622899229	-0.0133142920827	-0.00146472086735	-0.00317226716953	-0.0220202442008	-0.0064589501497	-0.0533789248601	0.0127828758561	-0.00877560154469	-0.0278752241054	0.00107264524034	-0.00292516156915	0.00704004168777	0.017121813218	0.00606259417051	-0.0681050000131	1.0	0.0061240700978	0.0101873280712	-0.0344196101032	0.0391008083859	0.00615400484293	0.00882342704722	-0.00609470836873	-0.0141460571612	-0.0156832642679	-0.012524203315	0.0399371625804	-0.0346902830813	-0.0318412281604	0.015536878771	-0.0256594976818	-0.0982136116966	0.0536970766311	-0.0154565620926	0.0354095861682	0.00358765948552	0.0197164975912	0.00389258474237	0.00475415569386	-0.00981870677135	0.0808751840256	-0.0160374372503	0.00185886076404	-0.0458311545338	-0.0213173197054	0.00994705713753	-0.0227034735636	-0.0375547367544	0.0402700809999	-0.05928820836
k__Bacteria;p__Bacteroidetes;c__Bacteroidia;o__Bacteroidales;f__Bacteroidaceae;g__Bacteroides;s__Bacteroides_coprophilus	-0.0302748023629	-0.0393524878346	-0.00725669817824	0.00620445341974	-0.0201680891624	-0.034033971285	0.0272863760553	-0.0118298924421	0.000662776282922	0.00710232549689	0.00276678511934	0.0115521142323	0.00629918830936	-0.0122969031908	0.00868931131361	-0.00924304103927	0.0288264174159	0.0128386613223	-0.0545244875664	-0.0144931041474	0.00290517685655	0.0194393501538	-0.0403632820196	-0.00983196188531	0.0061240700978	1.0	-0.0289596213662	-0.00340811207484	-0.0254407513141	-0.0560148761312	0.0533166242138	0.0188426034594	-0.0107451224926	0.0286973910759	0.0141590058909	-0.0245821249499	-0.0258746161767	-0.0765874370825	-0.00280158275866	0.0622421361581	0.0335981422642	0.0271973426517	0.0401483921034	0.0260012401065	0.00732455112133	-0.0344393916805	-0.00747751957621	-0.0793213866119	0.0310792151246	0.00216823045081	-0.0228188452462	0.0131400450959	-0.0364319942972	-0.0620988924287	-0.0737804854058	0.00480727751299	0.0101370644789	-0.0228366446612	-0.0180186064792
k__Bacteria;p__Firmicutes;c__Clostridia;o__Clostridiales;f__Lachnospiraceae;g__Roseburia;s__Roseburia_intestinalis	-0.0135240214985	-0.0599683088506	-0.0159874500914	-0.0338461255017	-0.0121894139519	0.00737413383485	-0.0196874225527	-0.00788636390393	0.000233488083491	-0.01802774438	0.0350981489712	0.0538744674995	-0.00738169971925	-0.0278826305004	-0.0363266203307	0.00729146502931	0.00184449529856	-0.0681655907614	-0.0252375900414	0.0338127768427	-0.0567161809353	0.0040653171814	-0.0676113254736	-0.0148390915057	0.0101873280712	-0.0289596213662	1.0	0.0519730837485	-0.0113612581702	-0.000727701759208	-0.0268815557161	-0.0101523553012	0.0163421187014	-0.00781090095936	0.0161764399369	-0.0297675716849	-0.0504985408059	-0.0131084791222	-0.0173758443327	-0.0105675346021	0.0199021990581	-0.0361141611775	-0.0175219602372	-0.0326517460391	-0.0149605852672	0.0175506651804	-0.0343710588947	-0.0526623206874	0.027112447434	0.0232278619155	0.0451884207206	-0.00823899344743	-0.0479387392124	-0.0162077241999	-0.0427022719683	-0.035940145659	-0.0126773598962	-0.0450859074656	0.0504381157205
k__Bacteria;p__Firmicutes;c__Clostridia;o__Clostridiales;f__Lachnospiraceae;g__Roseburia;s__Roseburia_hominis	-0.0261201074147	-0.0333500475203	0.00408464036619	-0.0207236302523	0.0394832574716	-0.0341092493298	0.0507237518055	-0.0489807276365	0.0107091576184	-0.00034810600646	0.0117766642154	-0.0274285423399	0.00303751969526	-0.0319111472631	0.0377333356104	-0.0367917231738	-0.0137918952416	-0.0124111974998	-0.0527610421225	-0.00708577544232	0.0340014169713	-0.0155882294162	-0.0143883605011	-0.0313928993479	-0.0344196101032	-0.00340811207484	0.0519730837485	1.0	0.015316838909	-0.0366775100535	-0.0294849291277	-0.0431408824498	-0.0113617008437	-0.0255097635923	-0.0574385352547	-0.0351672593557	0.00791464408295	0.0483528433268	0.0639722140899	-0.0248502894066	0.0456354147838	0.00850141836582	-0.0199512080016	0.019733959828	0.0543158940302	-0.0589533687452	0.0709215498439	-0.0382623109709	0.0726769446505	0.0482368775771	0.04542952377	0.043313874402	-0.020978348482	0.00126150347689	0.0276922353176	0.0371638419998	-0.0100316030729	-0.074709712177	0.052661753346
k__Bacteria;p__Bacteroidetes;c__Bacteroidia;o__Bacteroidales;f__Porphyromonadaceae;g__Parabacteroides;s__Parabacteroides_johnsonii	0.00385617450304	-0.0605619289875	-0.044646366397	-0.0474466486315	0.00283867655261	0.00203774236372	0.0315002030183	0.00116813368066	-0.0379323388185	-0.0353419096528	0.0501302243205	0.0556306343602	-0.0119024565321	0.0435993313984	-0.0315840034557	0.0699140075575	0.00901480882344	-0.0442411246502	-0.014619127165	-0.0974054266474	0.00452309680224	-0.00205646156745	-0.00722249641695	0.0334971842466	0.0391008083859	-0.0254407513141	-0.0113612581702	0.015316838909	1.0	-0.015712812951	0.053243789898	-0.0301239391377	0.050289717308	-0.0198256889563	0.0214205155396	0.0133111921614	-0.027348320864	-0.04592563823	0.0619916716374	0.00446553877902	-0.0146958130402	0.0387085821496	0.0149709927411	0.0268490720228	0.00262349418708	0.0691535109	-0.0823067055776	0.0371568144905	-0.0629302381253	0.00146793938242	0.0029882402321	-0.0560228692812	-0.0450417537154	-0.0484056968591	-0.058763084628	-0.00630839685562	0.0323131604558	0.0240954074286	0.00132277536463
k__Bacteria;p__Actinobacteria;c__Actinobacteria;o__Bifidobacteriales;f__Bifidobacteriaceae;g__Bifidobacterium;s__Bifidobacterium_longum	0.0373383967679	0.0206737872876	-0.0166418715179	-0.0555715685066	-0.025147479263	-0.046331380611	-0.0517935654903	-0.0142531868422	-0.00965940353825	-0.00940950084992	0.0276733560301	-0.00189070657882	-0.0151835465936	-0.0804660625565	0.011817718248	0.0259158904045	-0.0380442325937	0.0472798595891	0.099275477299	-0.0318973892184	0.0475798332174	-0.026179961903	0.0309346258409	-0.0172987172115	0.00615400484293	-0.0560148761312	-0.000727701759208	-0.0366775100535	-0.015712812951	1.0	-0.0393061937337	-0.0284940195772	-0.0115132437421	-0.0358582387567	-0.013432167313	0.0302666615433	0.0676480221413	0.0291522353382	-0.0219898979428	0.00552458812724	-0.00814538955807	0.0130499521236	-0.0212599095539	-0.0625657433876	0.0531758419446	-0.0269058573431	0.0160884746036	-0.0242606681487	0.0207214998074	-0.0308239835481	0.0355344541603	-0.0350904164129	0.0344796778255	4.62084836231e-05	-0.00934342582089	-0.0581583495117	-0.0435276979709	-0.043773086223	0.0112381202237
