#taxonomy	k__Bacteria;p__Bacteroidetes;c__Bacteroidia;o__Bacteroidales;f__Bacteroidaceae;g__Bacteroides;s__Bacteroides_vulgatus	k__Bacteria;p__Bacteroidetes;c__Bacteroidia;o__Bacteroidales;f__Bacteroidaceae;g__Bacteroides;s__Bacteroides_uniformis	k__Bacteria;p__Bacteroidetes;c__Bacteroidia;o__Bacteroidales;f__Rikenellaceae;g__Alistipes;s__Alistipes_putredinis	k__Bacteria;p__Bacteroidetes;c__Bacteroidia;o__Bacteroidales;f__Prevotellaceae;g__Prevotella;s__Prevotella_copri	k__Bacteria;p__Bacteroidetes;c__Bacteroidia;o__Bacteroidales;f__Bacteroidaceae;g__Bacteroides;s__Bacteroides_stercoris	k__Bacteria;p__Bacteroidetes;c__Bacteroidia;o__Bacteroidales;f__Bacteroidaceae;g__Bacteroides;s__Bacteroides_ovatus	k__Bacteria;p__Bacteroidetes;c__Bacteroidia;o__Bacteroidales;f__Rikenellaceae;g__Alistipes;s__Alistipes_shahii	k__Bacteria;p__Firmicutes;c__Clostridia;o__Clostridiales;f__Ruminococcaceae;g__Faecalibacterium;s__Faecalibacterium_prausnitzii	k__Bacteria;p__Bacteroidetes;c__Bacteroidia;o__Bacteroidales;f__Rikenellaceae;g__Alistipes;s__Alistipes_finegoldii	k__Bacteria;p__Bacteroidetes;c__Bacteroidia;o__Bacteroidales;f__Porphyromonadaceae;g__Parabacteroides;s__Parabacteroides_distasonis	k__Bacteria;p__Bacteroidetes;c__Bacteroidia;o__Bacteroidales;f__Bacteroidaceae;g__Bacteroides;s__Bacteroides_thetaiotaomicron	k__Bacteria;p__Bacteroidetes;c__Bacteroidia;o__Bacteroidales;f__Bacteroidaceae;g__Bacteroides;s__Bacteroides_coprocola	k__Bacteria;p__Bacteroidetes;c__Bacteroidia;o__Bacteroidales;f__Bacteroidaceae;g__Bacteroides;s__Bacteroides_cellulosilyticus	k__Bacteria;p__Bacteroidetes;c__Bacteroidia;o__Bacteroidales;f__Rikenellaceae;g__Alistipes;s__Alistipes_obesi	k__Bacteria;p__Firmicutes;c__Clostridia;o__Clostridiales;f__Lachnospiraceae;g__;s__[Eubacterium]_rectale	k__Bacteria;p__Bacteroidetes;c__Bacteroidia;o__Bacteroidales;f__Bacteroidaceae;g__Bacteroides;s__Bacteroides_plebeius	k__Bacteria;p__Bacteroidetes;c__Bacteroidia;o__Bacteroidales;f__Bacteroidaceae;g__Bacteroides;s__Bacteroides_fragilis	k__Bacteria;p__Proteobacteria;c__Betaproteobacteria;o__Burkholderiales;f__Sutterellaceae;g__Sutterella;s__Sutterella_wadsworthensis	k__Bacteria;p__Bacteroidetes;c__Bacteroidia;o__Bacteroidales;f__Porphyromonadaceae;g__Barnesiella;s__Barnesiella_intestinihominis	k__Bacteria;p__Bacteroidetes;c__Bacteroidia;o__Bacteroidales;f__Odoribacteraceae;g__Odoribacter;s__Odoribacter_splanchnicus	k__Bacteria;p__Bacteroidetes;c__Bacteroidia;o__Bacteroidales;f__Bacteroidaceae;g__Bacteroides;s__Bacteroides_salyersiae	k__Bacteria;p__Firmicutes;c__Clostridia;o__Clostridiales;f__Ruminococcaceae;g__Ruminiclostridium;s__[Eubacterium]_siraeum	k__Bacteria;p__Proteobacteria;c__Betaproteobacteria;o__Burkholderiales;f__Sutterellaceae;g__Parasutterella;s__Parasutterella_excrementihominis	k__Bacteria;p__Actinobacteria;c__Actinobacteria;o__Bifidobacteriales;f__Bifidobacteriaceae;g__Bifidobacterium;s__Bifidobacterium_adolescentis	k__Bacteria;p__Firmicutes;c__Clostridia;o__Clostridiales;f__Oscillospiraceae;g__Oscillibacter;s__Oscillibacter_sp._KLE_1745	k__Bacteria;p__Bacteroidetes;c__Bacteroidia;o__Bacteroidales;f__Bacteroidaceae;g__Bacteroides;s__Bacteroides_coprophilus	k__Bacteria;p__Firmicutes;c__Clostridia;o__Clostridiales;f__Lachnospiraceae;g__Roseburia;s__Roseburia_intestinalis	k__Bacteria;p__Firmicutes;c__Clostridia;o__Clostridiales;f__Lachnospiraceae;g__Roseburia;s__Roseburia_hominis	k__Bacteria;p__Bacteroidetes;c__Bacteroidia;o__Bacteroidales;f__Porphyromonadaceae;g__Parabacteroides;s__Parabacteroides_johnsonii	k__Bacteria;p__Actinobacteria;c__Actinobacteria;o__Bifidobacteriales;f__Bifidobacteriaceae;g__Bifidobacterium;s__Bifidobacterium_longum	k__Bacteria;p__Firmicutes;c__Clostridia;o__Clostridiales;f__;g__Flavonifractor;s__Flavonifractor_plautii	k__Bacteria;p__Firmicutes;c__Clostridia;o__Clostridiales;f__Clostridiaceae;g__Clostridium;s__Clostridium_phoceensis	k__Bacteria;p__Verrucomicrobia;c__Verrucomicrobiae;o__Verrucomicrobiales;f__Akkermansiaceae;g__Akkermansia;s__Akkermansia_muciniphila	k__Bacteria;p__Bacteroidetes;c__Bacteroidia;o__Bacteroidales;f__Prevotellaceae;g__Paraprevotella;s__Paraprevotella_xylaniphila	k__Bacteria;p__Firmicutes;c__Clostridia;o__Clostridiales;f__Ruminococcaceae;g__Ruminococcus;s__Ruminococcus_callidus	k__Bacteria;p__Bacteroidetes;c__Bacteroidia;o__Bacteroidales;f__Rikenellaceae;g__Alistipes;s__Alistipes_senegalensis	k__Bacteria;p__Firmicutes;c__Clostridia;o__Clostridiales;f__Lachnospiraceae;g__Blautia;s__Blautia_sp._KLE_1732	k__Bacteria;p__Bacteroidetes;c__Bacteroidia;o__Bacteroidales;f__Bacteroidaceae;g__Bacteroides;s__Bacteroides_oleiciplenus	k__Bacteria;p__Firmicutes;c__Clostridia;o__Clostridiales;f__Ruminococcaceae;g__Ruminococcus;s__Ruminococcus_bicirculans	k__Bacteria;p__Bacteroidetes;c__Bacteroidia;o__Bacteroidales;f__Bacteroidaceae;g__Bacteroides;s__Bacteroides_fluxus	k__Bacteria;p__Bacteroidetes;c__Bacteroidia;o__Bacteroidales;f__Prevotellaceae;g__Prevotella;s__Prevotella_stercorea	k__Bacteria;p__Firmicutes;c__Clostridia;o__Clostridiales;f__Lachnospiraceae;g__Dorea;s__Dorea_longicatena	k__Bacteria;p__Firmicutes;c__Clostridia;o__Clostridiales;f__Eubacteriaceae;g__Eubacterium;s__[Eubacterium]_eligens	k__Bacteria;p__Firmicutes;c__Clostridia;o__Clostridiales;f__Ruminococcaceae;g__;s__Ruminococcaceae_bacterium_D16	k__Bacteria;p__Firmicutes;c__Clostridia;o__Clostridiales;f__Lachnospiraceae;g__Coprococcus;s__Coprococcus_comes	k__Bacteria;p__Proteobacteria;c__Gammaproteobacteria;o__Enterobacterales;f__Enterobacteriaceae;g__Escherichia;s__Escherichia_coli	k__Bacteria;p__Firmicutes;c__Clostridia;o__Clostridiales;f__Ruminococcaceae;g__Anaerotruncus;s__Anaerotruncus_colihominis	k__Bacteria;p__Firmicutes;c__Clostridia;o__Clostridiales;f__Lachnospiraceae;g__Blautia;s__Blautia_obeum	k__Bacteria;p__Bacteroidetes;c__Bacteroidia;o__Bacteroidales;f__Odoribacteraceae;g__Odoribacter;s__Odoribacter_laneus	k__Bacteria;p__Firmicutes;c__Clostridia;o__Clostridiales;f__Ruminococcaceae;g__Ruminiclostridium;s__[Clostridium]_leptum	k__Bacteria;p__Bacteroidetes;c__Bacteroidia;o__Bacteroidales;f__Porphyromonadaceae;g__Parabacteroides;s__Parabacteroides_goldsteinii	k__Bacteria;p__Firmicutes;c__Clostridia;o__Clostridiales;f__Lachnospiraceae;g__Anaerostipes;s__Anaerostipes_hadrus	k__Bacteria;p__Firmicutes;c__Clostridia;o__Clostridiales;f__Ruminococcaceae;g__Ruminococcus;s__Ruminococcus_lactaris	k__Bacteria;p__Firmicutes;c__Clostridia;o__Clostridiales;f__Clostridiaceae;g__Clostridium;s__Clostridium_sp._L2-50	k__Bacteria;p__Firmicutes;c__Clostridia;o__Clostridiales;f__Clostridiaceae;g__Clostridium;s__Clostridium_sp._M62/1	k__Bacteria;p__Firmicutes;c__Clostridia;o__Clostridiales;f__;g__Intestinimonas;s__Intestinimonas_butyriciproducens	k__Bacteria;p__Actinobacteria;c__Actinobacteria;o__Bifidobacteriales;f__Bifidobacteriaceae;g__Bifidobacterium;s__Bifidobacterium_bifidum	k__Bacteria;p__Firmicutes;c__Negativicutes;o__Veillonellales;f__Veillonellaceae;g__Dialister;s__Dialister_invisus	k__Bacteria;p__Bacteroidetes;c__Bacteroidia;o__Bacteroidales;f__Bacteroidaceae;g__Bacteroides;s__Bacteroides_salanitronis
k__Bacteria;p__Bacteroidetes;c__Bacteroidia;o__Bacteroidales;f__Bacteroidaceae;g__Bacteroides;s__Bacteroides_vulgatus	1.0	0.0311828335201	0.00941070599938	-0.00543607603747	-0.00485639916401	-0.0177620120564	-0.0125063537069	-0.0245861389711	-0.0180560396914	-0.0349068310703	-0.00326382490398	-0.0334584835138	0.00912237442386	-0.0223798627149	0.022604912835	-0.0190835622104	-0.00786410616601	-0.0545868358169	-0.0169437043808	0.0125116949871	-0.0690349012842	-0.0839672227895	-0.037916170585	0.00294101743581	-0.0441346502469	-0.0576845838345	-0.000941503682998	0.0111771382657	-0.017759538498	-0.00856412583241	-0.0185271842722	0.0386404594837	0.0500515413811	0.0120966519031	-0.0229597369192	0.0285325593539	-0.0377719359097	-0.0268756231098	-0.0108206273663	0.0114158760648	0.0020387487415	0.0492959926178	-0.0391247310799	0.0824346952307	-0.0434620997809	-0.0242469626435	-0.0269544139801	-0.0414492159076	0.0189718257837	-0.010807053727	-0.000241053758854	0.00116842177358	0.010335340003	-0.0117549320413	-0.00752362837475	-0.00881117757522	-0.0660074435466	0.064783521301	0.0174348848659
k__Bacteria;p__Bacteroidetes;c__Bacteroidia;o__Bacteroidales;f__Bacteroidaceae;g__Bacteroides;s__Bacteroides_uniformis	0.0311828335201	1.0	-0.0418882039345	-0.00758398465272	-0.0190359057614	-0.00708867025642	0.0160018627446	0.00115356807996	0.00555623929516	-0.102450682508	0.0473461273376	-0.0112392781176	-0.0187619850651	-0.0176128784627	0.00163622523407	0.0551508225845	-0.0288607471832	-0.00327663311677	0.00483826306591	-0.0265324252562	0.034393294238	0.0244904487057	-0.00878169128519	-0.0283642452544	-0.0199196617354	-0.0714079500037	-0.00562934752134	-0.00922796218211	-0.0153350874636	0.00516180750571	0.00141669400747	-0.0466151590163	0.0145985622355	0.0188370796059	-0.0116896013144	0.0179489177932	0.00119766393364	-0.0109974321793	-0.0421194992944	0.00155220166729	-0.00141654789539	0.00925563492439	0.0341226683411	-0.0492055979852	0.0209631944543	-0.0287496054691	0.0160247526236	-0.0563254020658	-0.02399906768	-0.0212352666454	0.00149945158527	-0.0287271682173	-0.0271175021459	0.0391192389432	0.0490941520221	-0.00743524986093	0.00465391782748	0.0338090179749	-0.00449280156446
k__Bacteria;p__Bacteroidetes;c__Bacteroidia;o__Bacteroidales;f__Rikenellaceae;g__Alistipes;s__Alistipes_putredinis	0.00941070599938	-0.0418882039345	1.0	0.0152915277977	0.0124739841714	0.000562289165064	0.05482399424	0.00876171010455	0.0148190012414	0.00133255880772	-0.0528987970221	0.00115562714652	0.0161049019631	0.0226862498133	0.0232381825171	-0.0156743416277	-0.000398053512611	0.00854991516082	0.0527821804515	-0.0833655354805	-0.0361687842724	-0.0269857306521	0.0400943458893	0.0468479196652	-0.0247853568162	-0.0337120186022	0.0324681632983	0.0781833645814	-0.0231921713178	-0.0628080997247	-0.0108100434203	-0.0166542502698	0.0386758314993	-0.0433094394454	0.0209206465723	-0.00951586813488	-0.0293562102634	0.0381863045702	-0.00806471307314	0.019838069135	-0.00718557884499	-0.0113816932284	-0.0107470583397	-0.0301172128059	0.0555783749496	-0.0384330113068	0.00342503811615	-0.0631195054375	-0.0378436304489	0.0220776408593	-0.0526043509009	-0.0592161333894	-0.0865997977828	0.030209456641	-0.0251766550372	0.0220733582609	-0.0151878329716	-0.0111027698973	-0.0380908151036
k__Bacteria;p__Bacteroidetes;c__Bacteroidia;o__Bacteroidales;f__Prevotellaceae;g__Prevotella;s__Prevotella_copri	-0.00543607603747	-0.00758398465272	0.0152915277977	1.0	0.00107844915497	-0.0074180926761	-0.0278090478841	0.0533783592282	-0.0283250413941	-0.0375456643789	-0.00469309439114	0.014924266801	-0.0336648562328	0.0353997121132	-0.00822927817568	-0.0396033324331	-0.0239442037988	-0.0339901414104	0.0188406751346	0.00184162532111	0.0151472711285	0.00634535820436	-0.0239623546999	-0.115670931233	0.021803606494	0.0233262835464	-0.0349443103514	-0.00205441832501	0.00397010877931	-0.022870984178	0.0157396064278	0.0245509875208	0.0263743478774	-0.00749793228032	0.00876583333329	-0.059647901123	0.0298849852842	0.0615336961607	0.02302426939	-0.0177313865305	0.0150387604255	-0.0143943224472	-0.0325981792074	0.0230782479472	-0.0581354424125	-0.0424939572659	0.005671873132	0.0611569935791	0.04416023898	-0.0139109113674	0.00556188766471	-0.0175926659114	-0.0218700620995	0.00422924011521	0.0200631522638	-0.0737247218469	-0.0889168454716	0.0177702100626	-0.0554657103837
k__Bacteria;p__Bacteroidetes;c__Bacteroidia;o__Bacteroidales;f__Bacteroidaceae;g__Bacteroides;s__Bacteroides_stercoris	-0.00485639916401	-0.0190359057614	0.0124739841714	0.00107844915497	1.0	-0.0575203106391	-0.0787679693408	0.00113862950502	0.0645383206791	-0.00182666574617	-0.0273319490069	-0.034696722248	-0.0284736968746	0.00316764777579	0.0562267797798	-0.0169678826167	-0.0501751183332	-0.0870171148815	-0.0477984064965	-0.067046527285	-0.0138168868337	-0.0461663431138	-0.0151242259318	-0.0683297620305	0.0356078435654	0.00832386548155	0.0209149824094	-0.0519218093409	0.0486016447538	0.0287744296401	-0.00663565138707	-0.0176874146523	-0.00873031115304	-0.0236358006783	-0.0485525262809	-0.0505674146965	-0.00930472643838	0.045399134701	0.00805947699186	-0.0161664744441	-0.0521968858907	-0.0983416191649	0.0109176284542	-0.0281314689711	-0.00609995353502	-0.00394666658654	-0.00196806894589	-0.0154927747895	0.00788034812427	-0.00778889931476	-0.0636896408056	0.030976030547	0.00538491766512	-0.0811079304327	0.000807713204916	-0.0121105456108	0.0784520307069	0.00414593287692	0.0434002472148
k__Bacteria;p__Bacteroidetes;c__Bacteroidia;o__Bacteroidales;f__Bacteroidaceae;g__Bacteroides;s__Bacteroides_ovatus	-0.0177620120564	-0.00708867025642	0.000562289165064	-0.0074180926761	-0.0575203106391	1.0	-0.027585057544	-0.0053173893766	0.00639685339146	0.00635047435746	0.00497329779565	-0.00793155465538	-0.00100801936056	0.0254338408821	0.0512616694835	0.0137182426333	-0.013888108084	-0.0107080772242	-0.0404787497368	0.0127564527132	0.00264382342496	-0.00335772096216	0.0122388599056	-0.0550282022637	0.0428179660585	0.00637126602539	0.0139347492447	0.0057111531145	0.00648472231837	0.0513707189882	-0.0104206485156	0.0144285141884	-0.00303620947947	0.00455663879268	-0.053834417329	-0.0157207039613	-0.00880572082904	-0.0852649303325	0.000263844429175	-0.0257353020673	0.00346806081542	0.0013617179002	-0.01222683321	-0.00410352801212	0.006481508757	-0.0263700372	-0.0326476540708	-0.0847382889042	0.00661780513269	-0.0520126643646	-0.0502886071459	0.0315134972856	-0.0771344194039	-0.0409115798187	0.0182543463525	0.0259539216438	-0.00793271120612	-0.0191119527256	0.0131582264497
k__Bacteria;p__Bacteroidetes;c__Bacteroidia;o__Bacteroidales;f__Rikenellaceae;g__Alistipes;s__Alistipes_shahii	-0.0125063537069	0.0160018627446	0.05482399424	-0.0278090478841	-0.0787679693408	-0.027585057544	1.0	-0.0365856148298	0.0129361041961	0.0331754284089	0.00615972912134	-0.0236826777462	0.0191832487905	-0.0080451592386	-0.0651612399727	0.0225708396944	0.0556339118619	0.0464851782876	0.028561048467	-0.0299696630147	-0.00639591165709	0.0663681946517	0.00700357911538	0.0470482339508	-0.0746074387734	0.00921395881517	0.0145453207557	0.0242374017962	-0.0414837416017	0.024157691209	0.00130813129432	-0.0148403060299	-0.0221474163304	-0.00931385885592	-0.0597547835052	-0.0341359297221	-0.0409759098927	0.013206388586	0.0402965846259	0.0505568649023	-0.0135284129805	0.0270020800261	0.0295869230759	0.0270991438759	-0.0183605854807	-0.061300745134	-0.0556501943855	0.00169795153147	-0.0819660133931	0.0310214265725	0.045819124633	-0.0328245364031	-0.0696252396577	0.0221454903324	-0.0358137866497	-0.00454082575575	0.00986339105798	-0.0279535718144	0.044466452919
k__Bacteria;p__Firmicutes;c__Clostridia;o__Clostridiales;f__Ruminococcaceae;g__Faecalibacterium;s__Faecalibacterium_prausnitzii	-0.0245861389711	0.00115356807996	0.00876171010455	0.0533783592282	0.00113862950502	-0.0053173893766	-0.0365856148298	1.0	-0.0486785522066	-0.0457062818942	-0.0574519043631	-0.00357165833725	-0.020538944484	0.00320551438468	-0.0312095374911	0.00816882865259	-0.0392191901596	0.0347336328546	0.00321851411928	-0.0390401912885	0.0320263680662	-0.0299887472314	-0.037064653207	0.0277837232714	0.0442610587074	0.0271860089156	-0.040396701565	0.0345192781369	0.0328578804943	-0.0145786114028	-0.00343226529168	-0.0122105357453	0.0105398485233	-0.0636313116482	0.0363986994859	0.015066238017	0.0386934842008	0.0017312570157	-0.037471161136	-0.0061989495314	-0.0116451543256	-0.03026885452	0.0294737766126	0.0175537084854	-0.0417134079901	-0.0186791930018	-0.0260032367592	-0.00055374345108	-0.0321204478754	0.00559156429192	-0.038873370183	0.00509701373791	0.0519263307308	0.020846434297	0.0221916325784	-0.00527315284692	0.0055698730038	0.00121247970982	-0.00178431711194
k__Bacteria;p__Bacteroidetes;c__Bacteroidia;o__Bacteroidales;f__Rikenellaceae;g__Alistipes;s__Alistipes_finegoldii	-0.0180560396914	0.00555623929516	0.0148190012414	-0.0283250413941	0.0645383206791	0.00639685339146	0.0129361041961	-0.0486785522066	1.0	-0.0405494119484	-0.0244146509499	-0.0298179583907	0.0279178665641	-0.032509098396	-0.026546105969	-0.0276262370596	-0.0284329300798	-0.0159645373826	0.00340641736165	0.0339748453157	-0.0146090715504	-0.00674498542237	0.00783889945343	-0.00198227313854	0.0107654500171	-0.0415161416842	0.0195213784358	-0.0515098873218	0.00775993420504	-0.0568385415016	-0.0202118837784	-0.00770791324924	-0.00752744249203	0.0118771814046	-0.0521798610905	0.0190414628183	0.0206090746355	-0.114319615957	0.028957822411	-0.0165528788151	0.0101470654039	-0.0153768610286	0.0595723099994	0.0449360817434	0.0412038437595	0.00403808250981	-0.0205812971106	-0.0331493115782	0.0174167843729	-0.0684564575657	-0.0118356639275	-0.0665810239069	-0.0346327519777	-0.0197724766457	0.0101126433948	0.0252212308757	-0.0183582581141	0.0039593500915	0.0136686117785
k__Bacteria;p__Bacteroidetes;c__Bacteroidia;o__Bacteroidales;f__Porphyromonadaceae;g__Parabacteroides;s__Parabacteroides_distasonis	-0.0349068310703	-0.102450682508	0.00133255880772	-0.0375456643789	-0.00182666574617	0.00635047435746	0.0331754284089	-0.0457062818942	-0.0405494119484	1.0	0.0123280807938	-0.0210006667114	0.0211383136711	-0.0188659235026	-0.0180086815655	-0.0214916003044	-0.0294126043102	-0.0497619239151	-0.0242675437198	0.00797925112676	-0.0381792603545	0.0123031632385	0.0063868891474	-0.0354019902108	-0.0494589331923	-0.0161867978501	0.0178921776526	-0.0367777830856	-0.0341455117273	0.0244533189958	0.0271978728596	0.0114962909101	-0.0299765390469	-0.00900291869379	-0.0399130849231	-0.0103160450798	0.0285230555656	0.0312168725035	0.0369249599519	0.0422247807436	0.050602425482	0.015111655932	-0.040065392936	0.0145856813608	-0.00569207401672	-0.0113920462683	-0.0172029632608	0.0282500483895	-0.0449245919269	-0.0435226934505	0.00956435035813	0.0405526154924	0.0249346193847	0.0250810064632	0.036457041124	0.0408564908129	-0.0225505648698	-0.0399024969069	0.0265615308395
k__Bacteria;p__Bacteroidetes;c__Bacteroidia;o__Bacteroidales;f__Bacteroidaceae;g__Bacteroides;s__Bacteroides_thetaiotaomicron	-0.00326382490398	0.0473461273376	-0.0528987970221	-0.00469309439114	-0.0273319490069	0.00497329779565	0.00615972912134	-0.0574519043631	-0.0244146509499	0.0123280807938	1.0	-0.00683514168181	0.0011149828913	0.0222168945048	-0.0343811925343	-0.059836127606	0.0105157262538	-0.046581265597	0.00638022104641	-0.00818180370193	0.0408880561805	0.027385054472	-0.102279530403	-0.0299158756549	0.0310376909283	0.0797459632137	-0.00891131319992	0.0289825991137	0.0265098978457	-0.00202247054282	0.0207753205088	-0.0435006243929	-0.0291024917541	0.0181538277741	0.00698001138291	0.0395719385294	-0.0182974621949	0.0226295733713	-0.0391799251002	-0.0366210063767	-0.0676265110597	0.0145749756155	0.0280036497987	-0.0459155866334	-0.041232094396	0.0170438476816	0.0282024503262	-0.0333994218073	-0.0503104400909	-0.017925741721	0.120503178641	0.0776139712293	-0.00364540248992	-0.0471644121983	-0.0532462338281	-0.000297252749959	0.0177296505502	-0.0189887538887	-0.103063394411
k__Bacteria;p__Bacteroidetes;c__Bacteroidia;o__Bacteroidales;f__Bacteroidaceae;g__Bacteroides;s__Bacteroides_coprocola	-0.0334584835138	-0.0112392781176	0.00115562714652	0.014924266801	-0.034696722248	-0.00793155465538	-0.0236826777462	-0.00357165833725	-0.0298179583907	-0.0210006667114	-0.00683514168181	1.0	-0.0333650795934	0.00304873109141	0.0383698348312	-0.0542731467388	0.0126949560806	0.0498117108705	-0.0418069863831	-0.00828222794386	-0.0338743415897	-0.0606662112351	0.0115971691915	-0.0338160544695	-0.0597490771776	-0.0177984020457	-0.0700760243152	-0.0214838390629	0.0361018652828	-5.49273048609e-05	-0.00326242277411	0.0569354945663	-0.0131881114844	0.0540951676613	0.0631696108084	-0.0055745926373	-0.0337025041184	-0.0101879143516	-0.0143582069523	0.032638330231	0.0116757331167	-0.00502284796823	-0.0457244480285	0.0115496319876	-0.0284814125095	-0.00618520252269	-0.00526279510397	0.0240341280919	-0.0401134047959	-0.015337389213	0.0169238844054	-0.00476074619459	0.048376829195	-0.000757399677495	-0.024975236403	0.0284281723169	-0.0251554862036	0.034431016105	-0.0403492239349
k__Bacteria;p__Bacteroidetes;c__Bacteroidia;o__Bacteroidales;f__Bacteroidaceae;g__Bacteroides;s__Bacteroides_cellulosilyticus	0.00912237442386	-0.0187619850651	0.0161049019631	-0.0336648562328	-0.0284736968746	-0.00100801936056	0.0191832487905	-0.020538944484	0.0279178665641	0.0211383136711	0.0011149828913	-0.0333650795934	1.0	-0.0299644187784	-0.00673940457719	0.00292142611032	0.0153342360667	0.00900416046062	0.046575881733	0.0112863307564	-0.035052598177	0.0232543133827	0.0369165263678	-0.0147265987816	0.0214435473624	-0.00121020855764	-0.0447236081721	0.00615704724554	0.0502136767948	-0.0732007121231	-0.0157927075125	0.0306962915295	-0.0338954192957	-0.0120479863726	-0.0291341510506	-0.0674661528662	-0.0347528104145	-0.0609805197476	-0.0466336954379	0.000248130145168	-0.00660316024161	-0.0672387850227	0.0468475768101	-0.0310884224668	0.0275296944097	-0.00942795067096	0.0642837617621	0.0520568966144	-0.0208355197889	0.0407858923802	-0.0220693338061	0.0418518564681	0.027566214342	-0.0032694200234	-0.0296283825803	-0.0562947054731	-0.0568491638381	0.0288697754724	-0.0511903248183
k__Bacteria;p__Bacteroidetes;c__Bacteroidia;o__Bacteroidales;f__Rikenellaceae;g__Alistipes;s__Alistipes_obesi	-0.0223798627149	-0.0176128784627	0.0226862498133	0.0353997121132	0.00316764777579	0.0254338408821	-0.0080451592386	0.00320551438468	-0.032509098396	-0.0188659235026	0.0222168945048	0.00304873109141	-0.0299644187784	1.0	0.01637295142	-0.0393076320419	-0.0298928155615	0.0263751936333	0.00256071451508	0.0163283436035	0.0476654957058	0.03734355017	0.0111652654139	0.0186197203727	0.00928764208096	-0.0279874987555	0.0496501933118	-0.0269723910647	0.0694942407791	-0.048254653125	-0.070927156047	0.0278589047784	-0.0381627829697	-0.0140344972464	-0.00930560976031	-0.0881914396426	-0.0157494160371	0.0227320548938	0.0196026607085	0.0154499772227	0.00939162223624	0.0587038092699	-0.0268753850864	-0.0161013815117	-0.020352902959	-0.00966243663333	-0.052227524116	0.00316153834881	-0.0154163401859	-0.0795314741411	-0.0749295442777	-0.0546202259053	0.0280080115153	-0.0526193296292	0.00628131653753	-0.0762024838418	-0.0615428027798	-0.0237128826988	0.0228519308951
k__Bacteria;p__Firmicutes;c__Clostridia;o__Clostridiales;f__Lachnospiraceae;g__;s__[Eubacterium]_rectale	0.022604912835	0.00163622523407	0.0232381825171	-0.00822927817568	0.0562267797798	0.0512616694835	-0.0651612399727	-0.0312095374911	-0.026546105969	-0.0180086815655	-0.0343811925343	0.0383698348312	-0.00673940457719	0.01637295142	1.0	0.0330710631439	-0.00172452139835	-0.0106242616371	-0.0415305291618	-0.0413245886528	0.0368310858562	-0.0492773237878	-0.0493352603511	0.003639778997	-0.0110195931218	0.0148776786476	0.00490151067429	0.0118386699837	-0.0287153240958	-0.0429294601011	-0.00802007052073	0.0158714994882	0.0009511216236	0.00287168725453	0.0350096294626	-0.0519478228844	-0.0375240883125	0.055029011402	-0.0201133429054	-0.0191634471361	-0.00438439998972	-0.0426894385518	0.0175200913305	-0.0391525575997	0.0481126708849	-0.0295816980979	-0.0128422386749	-0.062619532124	0.0400061990358	0.00363524890275	-0.0105533136981	-0.0465677541784	0.0243582638754	-0.0139179168086	0.069030052522	-0.0305810385746	0.00826782797369	0.0187031263439	-0.0256355784487
k__Bacteria;p__Bacteroidetes;c__Bacteroidia;o__Bacteroidales;f__Bacteroidaceae;g__Bacteroides;s__Bacteroides_plebeius	-0.0190835622104	0.0551508225845	-0.0156743416277	-0.0396033324331	-0.0169678826167	0.0137182426333	0.0225708396944	0.00816882865259	-0.0276262370596	-0.0214916003044	-0.059836127606	-0.0542731467388	0.00292142611032	-0.0393076320419	0.0330710631439	1.0	-0.0129812795606	0.0261366508827	-0.0100866509672	0.0259023467396	0.0019610932814	0.0335423290024	-0.0182145272806	-0.0125255896245	-0.0609903235818	-0.0256746091972	-0.0953323833736	-0.0402914143797	-0.0639101357524	0.0144094648972	-0.0529139815661	-0.000306742614917	-0.00694046539679	0.0369001896232	0.00131150425729	0.0439819362175	0.0242770389829	-0.00030512352756	-0.0307927561149	-0.0326815058057	-0.0872633139303	-0.0365620667316	-0.0219594083023	-0.0431972835564	0.0100361341539	0.0521714275507	0.0172467175808	0.00940393916057	0.00627349700536	-0.0572898882423	-0.000747199256117	0.0397434021391	0.0437732326482	-0.0264368463229	-0.0122498054628	-0.034672734553	-0.0779000191706	0.0259906488852	-0.0725523044393
k__Bacteria;p__Bacteroidetes;c__Bacteroidia;o__Bacteroidales;f__Bacteroidaceae;g__Bacteroides;s__Bacteroides_fragilis	-0.00786410616601	-0.0288607471832	-0.000398053512611	-0.0239442037988	-0.0501751183332	-0.013888108084	0.0556339118619	-0.0392191901596	-0.0284329300798	-0.0294126043102	0.0105157262538	0.0126949560806	0.0153342360667	-0.0298928155615	-0.00172452139835	-0.0129812795606	1.0	0.0196200993706	0.0708022837474	-0.0225716626363	-0.0167947473481	0.0461085787215	0.0114319399262	0.0108409547121	0.0187806317469	-0.0327846990121	0.0120494436783	-0.0375156700185	0.0338995796076	0.0246897171293	-0.00689405376988	-0.0822598421345	-0.0180311626323	-0.0273555608076	-0.0266680959539	-0.0161865449871	-0.0697036180665	-0.0247582275603	0.018947104684	0.0367714603196	0.0337951377543	0.0154671302346	-0.0348408740468	0.0309724675863	0.0218000724493	-0.0124020790587	0.0223684992593	0.000471309956337	-0.0063352448314	-0.027087435938	0.00680073116705	-0.0152948412477	0.0294448353941	-0.0611613135891	-0.0390995513032	-0.0273358876	0.00305911789977	0.00227858712023	0.0232892998967
k__Bacteria;p__Proteobacteria;c__Betaproteobacteria;o__Burkholderiales;f__Sutterellaceae;g__Sutterella;s__Sutterella_wadsworthensis	-0.0545868358169	-0.00327663311677	0.00854991516082	-0.0339901414104	-0.0870171148815	-0.0107080772242	0.0464851782876	0.0347336328546	-0.0159645373826	-0.0497619239152	-0.046581265597	0.0498117108705	0.00900416046062	0.0263751936333	-0.0106242616371	0.0261366508827	0.0196200993706	1.0	-0.0216745071825	-0.00707939884039	0.0378580781561	0.00421250017881	0.0217898037068	0.0229640613029	0.0452235737494	-0.0400704049946	-0.0267623680647	0.013551095148	-0.0115070986192	-0.0382881074099	0.0491161083242	0.0666281726527	0.00203732101124	-0.0167312359706	-0.0737350554296	0.0511342242672	-0.0479976913809	0.00248337925825	-0.0225736651499	-0.0716449533032	0.0263522152546	-0.0271055395698	-0.0282033679798	-0.0269721109661	-0.00309684540503	0.0288893987028	0.0191874117438	-0.053139551861	-0.0205428153383	0.0354184437785	0.0222202229081	-0.0357551304178	-0.0358156751168	0.0114316982668	0.0158564510235	-0.0900240256536	0.0168133463369	-0.033632753597	-0.0450504249187
k__Bacteria;p__Bacteroidetes;c__Bacteroidia;o__Bacteroidales;f__Porphyromonadaceae;g__Barnesiella;s__Barnesiella_intestinihominis	-0.0169437043808	0.00483826306591	0.0527821804515	0.0188406751346	-0.0477984064965	-0.0404787497368	0.028561048467	0.00321851411928	0.00340641736165	-0.0242675437198	0.00638022104641	-0.0418069863831	0.046575881733	0.00256071451508	-0.0415305291618	-0.0100866509672	0.0708022837474	-0.0216745071825	1.0	-0.0377874958809	0.0177669646663	-0.0179172499277	0.0173472496917	-0.0481223433373	-0.0110518621034	0.0444344818618	0.00491756409782	-0.0406214354175	-0.0101258254685	-0.0236764620913	-0.0428007859463	0.012097440021	0.00191080465328	0.0104184585548	-0.00737584344724	-0.0426033561497	0.0370838114497	0.0219952362492	-0.028625836766	0.0213397011464	0.0302225135282	0.0686899028714	-0.020318393235	-0.00250386517532	-0.00672313472303	0.00499414062288	0.0015099706175	-0.0139124146607	-0.0874180308318	-0.0151241036719	-0.0450768276888	-0.0153916328039	-0.0197145216482	0.00100699646862	-0.0149194672616	-0.0078883925305	-0.00431652520384	-0.00441415376518	-0.0124018861509
k__Bacteria;p__Bacteroidetes;c__Bacteroidia;o__Bacteroidales;f__Odoribacteraceae;g__Odoribacter;s__Odoribacter_splanchnicus	0.0125116949871	-0.0265324252562	-0.0833655354805	0.00184162532111	-0.067046527285	0.0127564527132	-0.0299696630147	-0.0390401912885	0.0339748453157	0.00797925112676	-0.00818180370193	-0.00828222794386	0.0112863307564	0.0163283436035	-0.0413245886528	0.0259023467396	-0.0225716626363	-0.00707939884039	-0.0377874958809	1.0	0.0087247134472	-0.00252123685278	-0.0256320085238	0.0559022202207	-0.00726507953433	0.10066792432	-0.0343980324197	0.0423507319527	-0.00917931597041	0.00996238709014	-0.0529096681213	-0.0156168433527	-0.0510602338262	-0.0236706666379	-0.0265230383218	0.0106863520648	-0.00762520345013	0.0193506766844	0.0358249432563	0.052296148925	-0.0421423049708	0.0587274357989	-0.0473707307525	-0.0543384620855	0.00378919515539	-0.0191490379672	0.0324117674448	0.0399806890997	-0.0322471720959	-0.030928080768	0.0296038121657	-0.00745002869394	-0.0793085822807	-0.080574573248	-0.0013101181373	-0.0251429252536	-0.061415859345	-0.00534941693377	0.0177581264883
k__Bacteria;p__Bacteroidetes;c__Bacteroidia;o__Bacteroidales;f__Bacteroidaceae;g__Bacteroides;s__Bacteroides_salyersiae	-0.0690349012842	0.034393294238	-0.0361687842724	0.0151472711285	-0.0138168868337	0.00264382342496	-0.00639591165709	0.0320263680662	-0.0146090715504	-0.0381792603545	0.0408880561805	-0.0338743415897	-0.035052598177	0.0476654957058	0.0368310858562	0.0019610932814	-0.0167947473481	0.0378580781561	0.0177669646663	0.0087247134472	1.0	-0.0567716929726	-0.00250494371346	-0.0421382632151	-0.0483060098596	-0.026432594832	0.0298171043455	0.0158695112033	0.0470926932643	0.033981768832	-0.0463562876945	0.02262282581	-0.0567722101836	0.0403844369928	-0.0624858549907	-0.0202201858009	-0.0108786455358	0.020868318943	0.00586160360567	0.00979591472164	-0.0105698442323	-0.0897387451403	-0.0136468440515	0.0585961882022	-0.0190902923581	0.0139172103155	0.00165816827063	0.00572799576415	0.0100625538265	-0.031012205731	-0.0588284774305	0.018603642883	-0.0360565260203	-0.00244168829521	-0.0156034294004	0.00854160461414	-0.069769407355	-0.0474625496481	-0.0297317463124
k__Bacteria;p__Firmicutes;c__Clostridia;o__Clostridiales;f__Ruminococcaceae;g__Ruminiclostridium;s__[Eubacterium]_siraeum	-0.0839672227895	0.0244904487057	-0.0269857306521	0.00634535820436	-0.0461663431138	-0.00335772096216	0.0663681946517	-0.0299887472314	-0.00674498542237	0.0123031632385	0.027385054472	-0.0606662112351	0.0232543133827	0.03734355017	-0.0492773237878	0.0335423290024	0.0461085787215	0.00421250017882	-0.0179172499277	-0.00252123685278	-0.0567716929726	1.0	-0.0269366301117	-0.00900051072006	0.0121558004477	-0.0412976303888	-0.00845736408048	-0.0130713156026	-0.0339933776798	-0.0711571853465	0.00956582043011	-0.0148602732548	-0.0416663262256	-0.0044239871783	0.00693798141693	0.0336020733071	-0.00353227268295	0.0330502285963	-0.00306239961495	0.0287696976713	0.00326738077377	0.0125546632635	-0.00806805960988	0.0360507123271	0.00511095625111	-0.0273313252592	0.0299109898398	-0.0448163097479	0.00292217651952	-0.047112828134	0.00876055073928	-0.0348612508682	0.00128350909754	0.00196917908092	-0.042895483325	0.0451358701135	-0.0693444167133	-0.0166181529493	0.0222027179843
k__Bacteria;p__Proteobacteria;c__Betaproteobacteria;o__Burkholderiales;f__Sutterellaceae;g__Parasutterella;s__Parasutterella_excrementihominis	-0.037916170585	-0.00878169128519	0.0400943458893	-0.0239623546999	-0.0151242259318	0.0122388599056	0.00700357911538	-0.037064653207	0.00783889945343	0.0063868891474	-0.102279530403	0.0115971691915	0.0369165263678	0.0111652654139	-0.0493352603511	-0.0182145272806	0.0114319399262	0.0217898037068	0.0173472496917	-0.0256320085238	-0.00250494371346	-0.0269366301117	1.0	-0.0366864266845	-0.0362490523544	0.000829769988324	-0.00902409033957	-0.0140289072708	-0.0453235258238	0.0226709410872	0.0091718597611	0.03896128597	-0.0612165318615	0.0529963750627	-0.000365347931247	0.0264072680306	-0.0701503250569	0.00952246200282	0.0307670154615	0.0153184649071	0.00326216863617	-0.0339498583628	0.0287073577748	-0.00184417100711	-0.0107846597551	0.0134798787112	-0.0435973269549	-0.045151616042	0.0170094146787	-0.0214999886526	-0.0135931825124	-0.00756052911721	0.0385878514971	0.0918912861156	-0.0185452956568	0.00340037333583	-0.0179620073682	-0.0698334117395	-0.0133348866007
k__Bacteria;p__Actinobacteria;c__Actinobacteria;o__Bifidobacteriales;f__Bifidobacteriaceae;g__Bifidobacterium;s__Bifidobacterium_adolescentis	0.00294101743581	-0.0283642452544	0.0468479196652	-0.115670931233	-0.0683297620305	-0.0550282022637	0.0470482339508	0.0277837232714	-0.00198227313854	-0.0354019902108	-0.0299158756549	-0.0338160544695	-0.0147265987816	0.0186197203727	0.003639778997	-0.0125255896245	0.0108409547121	0.0229640613029	-0.0481223433373	0.0559022202207	-0.0421382632151	-0.00900051072006	-0.0366864266845	1.0	0.00490889509306	0.00376806431956	-0.022774586361	0.0277147737153	0.0172032553536	0.00218204780656	-0.0223089357106	-0.0603840311666	0.00994117289606	-0.0427991503345	-0.00339563399943	-0.002813285923	-0.00914240976301	0.0553852034016	-0.00155009187533	-0.0538629732596	-0.0364710653209	0.0458468709012	0.0568810819746	-0.0177675268927	-0.0109217243236	0.0124317497863	-0.0159170411464	-0.0243455731664	0.0335009829447	0.0194689145792	-0.0449234521649	0.00148296015345	-0.0159311709279	0.0206306328446	0.0232189198008	-0.00995881877453	0.018641093409	-0.06624407216	-0.039761315341
k__Bacteria;p__Firmicutes;c__Clostridia;o__Clostridiales;f__Oscillospiraceae;g__Oscillibacter;s__Oscillibacter_sp._KLE_1745	-0.0441346502469	-0.0199196617354	-0.0247853568162	0.021803606494	0.0356078435654	0.0428179660585	-0.0746074387734	0.0442610587074	0.0107654500171	-0.0494589331923	0.0310376909283	-0.0597490771776	0.0214435473624	0.00928764208096	-0.0110195931218	-0.0609903235818	0.0187806317469	0.0452235737494	-0.0110518621034	-0.00726507953433	-0.0483060098596	0.0121558004477	-0.0362490523544	0.00490889509306	1.0	-0.00165710153158	0.0196045876557	-0.0163070442151	-0.0639460785393	-0.00677290336596	0.049603001853	-0.029149503577	-0.0335329168803	-0.00991646218918	0.0133418287221	0.037017397106	0.0158174595184	0.0644144976477	-0.0232473049882	-0.00465977508391	0.00815256706352	-0.00148709157659	-0.0478256677677	-0.0344411792867	-0.0424090294359	-0.0109823707609	-0.0228825784116	-0.0155473377931	-0.00958328825403	0.0543334064404	-0.0070092021752	-0.0153541023378	-0.0772360298915	0.000720980009447	-0.0128496747179	-0.000956878209391	-0.0122006544745	-0.00452176406628	-0.0328392929109
k__Bacteria;p__Bacteroidetes;c__Bacteroidia;o__Bacteroidales;f__Bacteroidaceae;g__Bacteroides;s__Bacteroides_coprophilus	-0.0576845838345	-0.0714079500037	-0.0337120186022	0.0233262835464	0.00832386548155	0.00637126602539	0.00921395881517	0.0271860089156	-0.0415161416842	-0.0161867978501	0.0797459632137	-0.0177984020457	-0.00121020855764	-0.0279874987555	0.0148776786476	-0.0256746091972	-0.0327846990121	-0.0400704049946	0.0444344818618	0.10066792432	-0.026432594832	-0.0412976303888	0.000829769988324	0.00376806431956	-0.00165710153158	1.0	-0.0522289982075	-0.0176413763421	-0.00671586443826	0.050160982362	-0.0217591319015	0.0231303793763	-0.0599369428227	-0.0512240127991	-0.0264052656389	-0.000113755147751	0.00412927351413	0.0241366449811	-0.0508577091602	-0.0596123042498	-0.0181489522227	0.00458648727991	0.0192668449297	0.00751317316368	-0.0243167922874	0.0256705627827	-0.0477018070773	0.0436634897857	-0.0224936460497	0.0479835879186	0.00855023320781	0.0298372614413	-0.0826855276957	0.00283768838879	-0.048697685019	-0.0655932922311	-0.0135343131817	-0.00368560328087	0.0302272612898
k__Bacteria;p__Firmicutes;c__Clostridia;o__Clostridiales;f__Lachnospiraceae;g__Roseburia;s__Roseburia_intestinalis	-0.000941503682998	-0.00562934752134	0.0324681632983	-0.0349443103514	0.0209149824094	0.0139347492447	0.0145453207557	-0.040396701565	0.0195213784358	0.0178921776526	-0.00891131319992	-0.0700760243152	-0.0447236081721	0.0496501933118	0.00490151067429	-0.0953323833736	0.0120494436783	-0.0267623680647	0.00491756409782	-0.0343980324197	0.0298171043455	-0.00845736408048	-0.00902409033957	-0.022774586361	0.0196045876557	-0.0522289982075	1.0	-0.00739434829815	0.0164349542765	-0.00998623184407	-0.00971642037348	-0.0139525485799	-0.0230477860714	-0.0159528847736	0.027028122964	-0.0233225221692	-0.0189867007073	-0.00387279319672	0.00923552633601	-0.0220949641675	0.0886889528903	-0.000901211513761	-0.041855522619	0.0699614073979	0.0582942405121	-0.0381037103018	-0.0423254599809	-0.0355784719592	-0.0684805363048	-0.0450436418047	-0.0220956519359	-0.017729218187	-0.0393176705741	-0.0116036776066	-0.0396347118182	-0.0259250738346	-0.0382129590676	0.0132506205006	0.0403553177318
k__Bacteria;p__Firmicutes;c__Clostridia;o__Clostridiales;f__Lachnospiraceae;g__Roseburia;s__Roseburia_hominis	0.0111771382657	-0.00922796218211	0.0781833645814	-0.00205441832501	-0.0519218093409	0.0057111531145	0.0242374017962	0.0345192781369	-0.0515098873218	-0.0367777830856	0.0289825991137	-0.0214838390629	0.00615704724554	-0.0269723910647	0.0118386699837	-0.0402914143797	-0.0375156700185	0.013551095148	-0.0406214354175	0.0423507319527	0.0158695112033	-0.0130713156026	-0.0140289072708	0.0277147737153	-0.0163070442151	-0.0176413763421	-0.00739434829815	1.0	0.0591132536646	-0.0406928254424	-0.00372785239527	-0.0124171952877	-0.0138817457598	-0.0213426175926	-0.0418630265574	-0.0434395839312	-0.0409632928384	0.0119673277904	-0.030228118732	-0.0350840509918	-0.0175105919606	0.0276414456689	-0.0145515504781	-0.040965316933	0.00789317693085	0.0457093872138	0.0158489314008	0.015833243627	0.0471929195016	-0.0408013035979	0.0159093396095	-0.0508037909502	0.0284648393902	-0.0307300882337	-0.0213564346291	0.0254523626498	0.0573483472935	-0.0460692534228	-0.00226966361568
k__Bacteria;p__Bacteroidetes;c__Bacteroidia;o__Bacteroidales;f__Porphyromonadaceae;g__Parabacteroides;s__Parabacteroides_johnsonii	-0.017759538498	-0.0153350874636	-0.0231921713178	0.00397010877931	0.0486016447538	0.00648472231837	-0.0414837416017	0.0328578804943	0.00775993420504	-0.0341455117273	0.0265098978457	0.0361018652828	0.0502136767948	0.0694942407791	-0.0287153240958	-0.0639101357524	0.0338995796076	-0.0115070986192	-0.0101258254685	-0.00917931597041	0.0470926932643	-0.0339933776798	-0.0453235258238	0.0172032553536	-0.0639460785393	-0.00671586443826	0.0164349542765	0.0591132536646	1.0	0.00590913823557	0.0293247859533	0.00334732016962	0.0274896301752	-0.0661430071456	-0.0571893645459	-0.0303776274973	0.0119745102092	-0.0385097501576	-0.0376568544063	-0.00968701873749	0.0125431552912	-0.0819244779716	-0.104389460293	-0.0442057829593	-0.0313816746166	0.0354589298578	0.0421740302174	0.00663785468655	-0.051377648676	-0.0246734044857	-0.0196785623064	0.0220777922744	0.00832173964467	-0.00212065653586	-0.0595591140733	0.0184467557621	-0.0499374682917	-0.0549713285712	0.0236767621927
k__Bacteria;p__Actinobacteria;c__Actinobacteria;o__Bifidobacteriales;f__Bifidobacteriaceae;g__Bifidobacterium;s__Bifidobacterium_longum	-0.00856412583241	0.00516180750571	-0.0628080997247	-0.022870984178	0.0287744296401	0.0513707189882	0.024157691209	-0.0145786114028	-0.0568385415016	0.0244533189958	-0.00202247054282	-5.49273048607e-05	-0.0732007121231	-0.048254653125	-0.0429294601011	0.0144094648972	0.0246897171293	-0.0382881074099	-0.0236764620913	0.00996238709014	0.033981768832	-0.0711571853465	0.0226709410872	0.00218204780656	-0.00677290336596	0.050160982362	-0.00998623184407	-0.0406928254424	0.00590913823557	1.0	0.00701000631749	-0.0666861819788	0.0323522195351	0.0105987455047	0.0340439149331	-0.0568883319636	0.0100366808595	-0.0602116099015	0.0431485648846	0.0325459186822	0.00970017222902	-0.0118538269535	-0.0226467754849	-0.0468151563723	-0.0377665549007	-0.00030003772968	-0.00162296651249	0.0125315270014	-0.120317775768	0.0196845992254	0.0183651083506	0.0716286201941	0.00112919386536	-0.00775128243256	0.0337997292443	-0.0284274971354	0.0274577886809	-0.015374863639	-0.0689892520018
