#taxonomy	k__Bacteria;p__Bacteroidetes;c__Bacteroidia;o__Bacteroidales;f__Bacteroidaceae;g__Bacteroides;s__Bacteroides_vulgatus	k__Bacteria;p__Bacteroidetes;c__Bacteroidia;o__Bacteroidales;f__Bacteroidaceae;g__Bacteroides;s__Bacteroides_uniformis	k__Bacteria;p__Bacteroidetes;c__Bacteroidia;o__Bacteroidales;f__Rikenellaceae;g__Alistipes;s__Alistipes_putredinis	k__Bacteria;p__Bacteroidetes;c__Bacteroidia;o__Bacteroidales;f__Prevotellaceae;g__Prevotella;s__Prevotella_copri	k__Bacteria;p__Bacteroidetes;c__Bacteroidia;o__Bacteroidales;f__Bacteroidaceae;g__Bacteroides;s__Bacteroides_stercoris	k__Bacteria;p__Bacteroidetes;c__Bacteroidia;o__Bacteroidales;f__Bacteroidaceae;g__Bacteroides;s__Bacteroides_ovatus	k__Bacteria;p__Bacteroidetes;c__Bacteroidia;o__Bacteroidales;f__Rikenellaceae;g__Alistipes;s__Alistipes_shahii	k__Bacteria;p__Firmicutes;c__Clostridia;o__Clostridiales;f__Ruminococcaceae;g__Faecalibacterium;s__Faecalibacterium_prausnitzii	k__Bacteria;p__Bacteroidetes;c__Bacteroidia;o__Bacteroidales;f__Rikenellaceae;g__Alistipes;s__Alistipes_finegoldii	k__Bacteria;p__Bacteroidetes;c__Bacteroidia;o__Bacteroidales;f__Porphyromonadaceae;g__Parabacteroides;s__Parabacteroides_distasonis	k__Bacteria;p__Bacteroidetes;c__Bacteroidia;o__Bacteroidales;f__Bacteroidaceae;g__Bacteroides;s__Bacteroides_thetaiotaomicron	k__Bacteria;p__Bacteroidetes;c__Bacteroidia;o__Bacteroidales;f__Bacteroidaceae;g__Bacteroides;s__Bacteroides_coprocola	k__Bacteria;p__Bacteroidetes;c__Bacteroidia;o__Bacteroidales;f__Bacteroidaceae;g__Bacteroides;s__Bacteroides_cellulosilyticus	k__Bacteria;p__Bacteroidetes;c__Bacteroidia;o__Bacteroidales;f__Rikenellaceae;g__Alistipes;s__Alistipes_obesi	k__Bacteria;p__Firmicutes;c__Clostridia;o__Clostridiales;f__Lachnospiraceae;g__;s__[Eubacterium]_rectale	k__Bacteria;p__Bacteroidetes;c__Bacteroidia;o__Bacteroidales;f__Bacteroidaceae;g__Bacteroides;s__Bacteroides_plebeius	k__Bacteria;p__Bacteroidetes;c__Bacteroidia;o__Bacteroidales;f__Bacteroidaceae;g__Bacteroides;s__Bacteroides_fragilis	k__Bacteria;p__Proteobacteria;c__Betaproteobacteria;o__Burkholderiales;f__Sutterellaceae;g__Sutterella;s__Sutterella_wadsworthensis	k__Bacteria;p__Bacteroidetes;c__Bacteroidia;o__Bacteroidales;f__Porphyromonadaceae;g__Barnesiella;s__Barnesiella_intestinihominis	k__Bacteria;p__Bacteroidetes;c__Bacteroidia;o__Bacteroidales;f__Odoribacteraceae;g__Odoribacter;s__Odoribacter_splanchnicus	k__Bacteria;p__Bacteroidetes;c__Bacteroidia;o__Bacteroidales;f__Bacteroidaceae;g__Bacteroides;s__Bacteroides_salyersiae	k__Bacteria;p__Firmicutes;c__Clostridia;o__Clostridiales;f__Ruminococcaceae;g__Ruminiclostridium;s__[Eubacterium]_siraeum	k__Bacteria;p__Proteobacteria;c__Betaproteobacteria;o__Burkholderiales;f__Sutterellaceae;g__Parasutterella;s__Parasutterella_excrementihominis	k__Bacteria;p__Actinobacteria;c__Actinobacteria;o__Bifidobacteriales;f__Bifidobacteriaceae;g__Bifidobacterium;s__Bifidobacterium_adolescentis	k__Bacteria;p__Firmicutes;c__Clostridia;o__Clostridiales;f__Oscillospiraceae;g__Oscillibacter;s__Oscillibacter_sp._KLE_1745	k__Bacteria;p__Bacteroidetes;c__Bacteroidia;o__Bacteroidales;f__Bacteroidaceae;g__Bacteroides;s__Bacteroides_coprophilus	k__Bacteria;p__Firmicutes;c__Clostridia;o__Clostridiales;f__Lachnospiraceae;g__Roseburia;s__Roseburia_intestinalis	k__Bacteria;p__Firmicutes;c__Clostridia;o__Clostridiales;f__Lachnospiraceae;g__Roseburia;s__Roseburia_hominis	k__Bacteria;p__Bacteroidetes;c__Bacteroidia;o__Bacteroidales;f__Porphyromonadaceae;g__Parabacteroides;s__Parabacteroides_johnsonii	k__Bacteria;p__Actinobacteria;c__Actinobacteria;o__Bifidobacteriales;f__Bifidobacteriaceae;g__Bifidobacterium;s__Bifidobacterium_longum	k__Bacteria;p__Firmicutes;c__Clostridia;o__Clostridiales;f__;g__Flavonifractor;s__Flavonifractor_plautii	k__Bacteria;p__Firmicutes;c__Clostridia;o__Clostridiales;f__Clostridiaceae;g__Clostridium;s__Clostridium_phoceensis	k__Bacteria;p__Verrucomicrobia;c__Verrucomicrobiae;o__Verrucomicrobiales;f__Akkermansiaceae;g__Akkermansia;s__Akkermansia_muciniphila	k__Bacteria;p__Bacteroidetes;c__Bacteroidia;o__Bacteroidales;f__Prevotellaceae;g__Paraprevotella;s__Paraprevotella_xylaniphila	k__Bacteria;p__Firmicutes;c__Clostridia;o__Clostridiales;f__Ruminococcaceae;g__Ruminococcus;s__Ruminococcus_callidus	k__Bacteria;p__Bacteroidetes;c__Bacteroidia;o__Bacteroidales;f__Rikenellaceae;g__Alistipes;s__Alistipes_senegalensis	k__Bacteria;p__Firmicutes;c__Clostridia;o__Clostridiales;f__Lachnospiraceae;g__Blautia;s__Blautia_sp._KLE_1732	k__Bacteria;p__Bacteroidetes;c__Bacteroidia;o__Bacteroidales;f__Bacteroidaceae;g__Bacteroides;s__Bacteroides_oleiciplenus	k__Bacteria;p__Firmicutes;c__Clostridia;o__Clostridiales;f__Ruminococcaceae;g__Ruminococcus;s__Ruminococcus_bicirculans	k__Bacteria;p__Bacteroidetes;c__Bacteroidia;o__Bacteroidales;f__Bacteroidaceae;g__Bacteroides;s__Bacteroides_fluxus	k__Bacteria;p__Bacteroidetes;c__Bacteroidia;o__Bacteroidales;f__Prevotellaceae;g__Prevotella;s__Prevotella_stercorea	k__Bacteria;p__Firmicutes;c__Clostridia;o__Clostridiales;f__Lachnospiraceae;g__Dorea;s__Dorea_longicatena	k__Bacteria;p__Firmicutes;c__Clostridia;o__Clostridiales;f__Eubacteriaceae;g__Eubacterium;s__[Eubacterium]_eligens	k__Bacteria;p__Firmicutes;c__Clostridia;o__Clostridiales;f__Ruminococcaceae;g__;s__Ruminococcaceae_bacterium_D16	k__Bacteria;p__Firmicutes;c__Clostridia;o__Clostridiales;f__Lachnospiraceae;g__Coprococcus;s__Coprococcus_comes	k__Bacteria;p__Proteobacteria;c__Gammaproteobacteria;o__Enterobacterales;f__Enterobacteriaceae;g__Escherichia;s__Escherichia_coli	k__Bacteria;p__Firmicutes;c__Clostridia;o__Clostridiales;f__Ruminococcaceae;g__Anaerotruncus;s__Anaerotruncus_colihominis	k__Bacteria;p__Firmicutes;c__Clostridia;o__Clostridiales;f__Lachnospiraceae;g__Blautia;s__Blautia_obeum	k__Bacteria;p__Bacteroidetes;c__Bacteroidia;o__Bacteroidales;f__Odoribacteraceae;g__Odoribacter;s__Odoribacter_laneus	k__Bacteria;p__Firmicutes;c__Clostridia;o__Clostridiales;f__Ruminococcaceae;g__Ruminiclostridium;s__[Clostridium]_leptum	k__Bacteria;p__Bacteroidetes;c__Bacteroidia;o__Bacteroidales;f__Porphyromonadaceae;g__Parabacteroides;s__Parabacteroides_goldsteinii	k__Bacteria;p__Firmicutes;c__Clostridia;o__Clostridiales;f__Lachnospiraceae;g__Anaerostipes;s__Anaerostipes_hadrus	k__Bacteria;p__Firmicutes;c__Clostridia;o__Clostridiales;f__Ruminococcaceae;g__Ruminococcus;s__Ruminococcus_lactaris	k__Bacteria;p__Firmicutes;c__Clostridia;o__Clostridiales;f__Clostridiaceae;g__Clostridium;s__Clostridium_sp._L2-50	k__Bacteria;p__Firmicutes;c__Clostridia;o__Clostridiales;f__Clostridiaceae;g__Clostridium;s__Clostridium_sp._M62/1	k__Bacteria;p__Firmicutes;c__Clostridia;o__Clostridiales;f__;g__Intestinimonas;s__Intestinimonas_butyriciproducens	k__Bacteria;p__Actinobacteria;c__Actinobacteria;o__Bifidobacteriales;f__Bifidobacteriaceae;g__Bifidobacterium;s__Bifidobacterium_bifidum	k__Bacteria;p__Firmicutes;c__Negativicutes;o__Veillonellales;f__Veillonellaceae;g__Dialister;s__Dialister_invisus	k__Bacteria;p__Bacteroidetes;c__Bacteroidia;o__Bacteroidales;f__Bacteroidaceae;g__Bacteroides;s__Bacteroides_salanitronis
k__Bacteria;p__Bacteroidetes;c__Bacteroidia;o__Bacteroidales;f__Bacteroidaceae;g__Bacteroides;s__Bacteroides_vulgatus	1.0	-0.0705020012972	-0.0251586541757	-0.0180576606324	0.0175091570475	-0.00754593038265	0.0163429568945	-0.00331236697588	-0.0371673940412	-0.0706711804613	-0.0118575970368	0.0380704765947	0.00113891500285	0.0472995886563	-0.0347807448117	-0.0258607161718	-0.00739694514626	-0.0116367377077	-0.030517610521	0.0262810430393	-0.00382031833651	0.00415939456958	0.00390713006103	0.0644191982069	-0.055152472809	-0.00227476071143	-0.051226216852	-0.0294179421856	-0.00766514500944	-0.0137274819478	-0.0106628318954	-0.0483525621551	0.0562589105728	-0.0367911348681	-0.0373136370595	0.0110673905779	-0.000557764148713	0.0697576360757	-0.017830285589	0.0295662308212	-0.0494109167126	-0.0261570440081	-0.00381933848316	-0.000948431039578	0.00998083556769	0.0681476231885	-0.00331051190072	-0.00370641414249	-0.00173513284945	-0.0702740227593	-0.0642699462024	0.0613181093641	0.00366334956947	0.0275848739107	-0.0247879624219	-0.0301886033932	-0.0212286035629	0.0732945746131	0.010686229873
k__Bacteria;p__Bacteroidetes;c__Bacteroidia;o__Bacteroidales;f__Bacteroidaceae;g__Bacteroides;s__Bacteroides_uniformis	-0.0705020012972	1.0	0.0139641322142	0.00567500081074	-0.0108755623046	-0.00686893195799	-0.0408423914139	-0.0478723153086	0.00504328085895	0.0139334526091	-0.0103634669761	0.0035474903441	-0.0249167815324	-0.017851394315	0.0168423305343	-0.00456887013717	-0.000986312148077	0.0124415040555	0.0254931925604	0.0280358284662	0.0474599433826	-0.0268434954608	-0.0118193688428	-1.23888125293e-05	-0.0217385588777	-0.0137603534399	-0.00354338926234	0.00366404024705	-0.0259061550621	-0.0160069027979	-0.0036954280632	0.0209056561363	0.0148717463475	0.000184181232761	-0.00407962590265	-0.0203156343988	0.0912137316103	0.0267814795665	-0.0299461079968	0.00747573144716	0.0117286336485	-0.0104030331527	-0.0469290071971	-0.0707612921494	0.0175908934448	-0.00865297529517	-0.00696189880282	-0.00203480980616	-0.00324897912405	-0.00279881513559	-0.0711649664398	0.0167064114253	-0.0548608113879	-0.00521326269312	-0.00214249521431	-0.0429315746708	-0.0393081845534	-0.0329318474676	-0.0526094649573
k__Bacteria;p__Bacteroidetes;c__Bacteroidia;o__Bacteroidales;f__Rikenellaceae;g__Alistipes;s__Alistipes_putredinis	-0.0251586541757	0.0139641322142	1.0	-0.0241575725264	0.00353519804404	-0.0251071229803	-0.0143374896051	-0.0343910622524	-0.0433772287603	-0.00207072176866	0.0214239913671	0.00616615080227	-0.00121170798547	0.0049158270399	-0.0169540931488	0.0429663190453	0.0506676659252	-0.0499785346239	0.0284588624036	-0.0224708526448	0.0329573722683	0.0204246711834	0.0374091854133	-0.00264120000948	0.0145037170946	-0.0465557459789	-0.0772004253674	0.0339405395176	0.0445988771263	-0.00945131897595	-0.00183173271608	0.00558079408202	-0.0144954545127	-0.0695829083276	-0.00754078830444	-0.00710129316308	0.014836492371	0.0241172376355	0.019148889215	-0.0202665063152	-0.00359463991012	0.0494388377892	-0.054337173407	-0.0116368583026	-0.0575776086724	-0.0351507821552	0.026235410568	-0.0384637367297	-0.0380089566596	-0.00647389330485	0.014842260013	-0.0589036594725	-0.0350432543012	0.0712155491679	-0.0724753152447	-0.0212607541799	-0.0323575723399	-0.0413187963025	-0.0361674127434
k__Bacteria;p__Bacteroidetes;c__Bacteroidia;o__Bacteroidales;f__Prevotellaceae;g__Prevotella;s__Prevotella_copri	-0.0180576606324	0.00567500081074	-0.0241575725264	1.0	-0.0419390527701	0.0205229544891	-0.0383530145763	0.0518024667528	-0.04125080397	-0.0218582328791	-0.0177847895294	-0.0206541026072	0.019652682255	0.00675552294032	0.00631335850113	0.0691623347834	-0.0380657385153	0.0402958167895	-0.000929259061179	-0.0206658738488	-0.0160082663916	-0.0470042353804	0.0315011590332	0.0135887180101	-0.0220569214944	-0.000359130904202	-0.00755031306988	0.00794756208857	-0.0129604350715	-0.0650660745522	-0.0114597733785	-0.0427136811553	0.014349086908	-0.00667815837334	-0.0322681594363	-0.0225114998745	0.033570462416	-0.0290727899362	0.0300680288324	-0.0161172991151	-0.0621458091671	-0.0605938268413	-0.0319628210234	-0.0378150020809	-0.0326420552404	-0.0362651477602	0.00578009689992	0.00624330376018	0.00766342549498	0.0588726816931	-0.0371460611943	0.0471299015366	0.0926401698013	-0.016523071926	-0.0148543597437	-0.116264590913	-0.0491121825487	-0.0157769318895	0.0620592991738
k__Bacteria;p__Bacteroidetes;c__Bacteroidia;o__Bacteroidales;f__Bacteroidaceae;g__Bacteroides;s__Bacteroides_stercoris	0.0175091570475	-0.0108755623046	0.00353519804404	-0.0419390527701	1.0	0.00191447782795	-0.00249219759063	0.00932785153848	-0.0128122065875	0.0197506619268	0.0528697530341	-0.0136786094252	-0.0203129333026	-0.00194886359436	-0.0625854068895	-0.0170103436284	0.00132869877503	-0.0314788858631	-0.0328036293828	0.0138543575204	-0.00166270136042	-0.0248526678875	-0.0569280169568	0.0108865075722	0.0143781838759	-0.0179851608812	-0.0456542839082	0.0183606795745	0.0164181643833	-0.0657057140673	8.64774064573e-05	-0.0247406860668	-0.040392221072	-0.00913268540539	-0.0425113111156	0.068153421026	0.00252290666438	-0.0404763347622	0.0306738017336	-0.0239189348382	0.00235860156664	-0.0187411385445	0.0646468675687	0.0485878315485	-0.0795787207454	-0.0455939032985	0.0270834972867	-0.0666108317229	0.0146584606892	0.000976170643607	0.0418518071564	-0.0268898024973	0.0424909188722	0.00040783322621	0.002871428766	-0.00288088772942	-0.00825430131613	0.0172107380501	-6.06247825379e-05
k__Bacteria;p__Bacteroidetes;c__Bacteroidia;o__Bacteroidales;f__Bacteroidaceae;g__Bacteroides;s__Bacteroides_ovatus	-0.00754593038265	-0.00686893195799	-0.0251071229803	0.0205229544891	0.00191447782795	1.0	-0.000418428282338	-0.00657696645439	0.0136833851408	0.0100986968932	-0.0164233999497	0.00704438779627	0.0165919820377	0.00736892191598	0.0157008328985	-0.0615931636474	-0.0189000820572	0.00432578611024	-0.0356010587391	0.01550835508	-0.0342018168124	-0.00966833935116	0.00761822256361	0.0183274040318	0.00935197949314	0.0820642089327	0.0193089732646	0.0064325667634	0.00345547126759	-0.0132624392368	-0.0102524168994	0.0175920865146	-0.0533114312061	-0.0293168360488	0.00282645034289	-0.00756261346236	-0.0305220209063	-0.0121657978638	-0.00341112538246	-0.0394144204722	-0.0249502726892	0.00531617580994	-0.0381832832938	-0.0264343538139	-0.103359949372	0.0709728823296	0.0214599588129	0.00528071982479	-0.0198567076957	0.0626759478993	-0.025069194693	-0.0199784457542	-0.0380370136021	0.0210625496495	-0.0430964870768	0.0365251656454	0.0441361959003	-0.0708005711486	-0.060840281392
k__Bacteria;p__Bacteroidetes;c__Bacteroidia;o__Bacteroidales;f__Rikenellaceae;g__Alistipes;s__Alistipes_shahii	0.0163429568945	-0.0408423914139	-0.0143374896051	-0.0383530145763	-0.00249219759063	-0.000418428282338	1.0	-0.00218536779357	0.0111124170731	-0.0202483851842	0.018615233307	0.0343822279653	-0.0134059382297	-0.00303392859016	0.0578948915988	-0.0527022973053	-0.0102266472631	0.0566159609957	-0.0398459830612	-0.0121324767163	0.0012088850814	0.00515333230628	-0.0252714605183	-0.0297187552668	-0.0610476481869	-0.0207513881378	-0.0555038043451	1.37342645111e-06	-0.00395206930133	-0.0231821038445	0.0255131309083	0.0246739038913	-0.0502788279659	0.00792339897624	-0.0189415995768	-0.0843056938926	0.0140532001634	0.0578699504209	0.0315143912385	0.0221928928075	-0.00785168806832	0.0119125016477	-0.0260181186156	0.0286279273784	-0.0162088282999	0.00528296783744	-0.0278786928977	-0.0349063642693	0.0011352359326	-0.0508124694341	-0.00447336027254	-0.0179780626047	-0.00735595973904	-0.0029780204279	-0.00677595057357	-0.0407355959368	-0.0152999080849	-0.0373208248686	0.0303035468946
k__Bacteria;p__Firmicutes;c__Clostridia;o__Clostridiales;f__Ruminococcaceae;g__Faecalibacterium;s__Faecalibacterium_prausnitzii	-0.00331236697588	-0.0478723153086	-0.0343910622524	0.0518024667528	0.00932785153848	-0.00657696645439	-0.00218536779357	1.0	-0.015795465121	-0.0391353949535	0.0428519894178	0.0635238725002	0.00287639084169	0.0241985087578	-0.0325865936454	-0.000704038867859	-0.0101550341859	-0.0666292019975	-0.0079986774524	0.0602016823299	-0.0315511277155	-0.00252930748367	0.00361901307398	0.103391763869	-0.00373351285021	-0.0143476389957	0.0147433833977	-0.0289707088994	-0.00863444316673	0.00345361658217	-0.0545734913764	-0.000153357621727	-0.0430342408711	-0.0202516172513	-0.0106141818629	0.0130934728895	-0.00179764178632	-0.0115944937539	0.00449418662878	-0.0395091570417	0.0308942013503	-0.013019108172	0.0405873171836	-0.0215973554589	0.0554298360324	-0.0339847187166	-0.00393282170375	0.0218075925162	-0.0313576090043	-0.0065832843367	-0.0555839412602	-0.032617333503	-0.0146675075498	-0.0104067182872	0.0145185441245	-0.0216330000324	-0.0533881171591	-0.0341331916356	-0.00582993077858
k__Bacteria;p__Bacteroidetes;c__Bacteroidia;o__Bacteroidales;f__Rikenellaceae;g__Alistipes;s__Alistipes_finegoldii	-0.0371673940412	0.00504328085895	-0.0433772287603	-0.04125080397	-0.0128122065875	0.0136833851408	0.0111124170731	-0.015795465121	1.0	-0.0520240090302	0.0998194337987	0.0317370613022	-0.011128158192	-0.0658353263581	-0.00982634338947	-0.0746888518962	-0.032110310572	-0.0245990588841	-0.0561142512878	-0.0215106786514	-0.00257922470471	-0.0196827827647	0.0549018951494	-0.0464828210363	-0.0571898288432	-0.00875249870965	0.0567296881545	0.025854906725	0.0234700007072	-0.0414805571744	-0.0209647119605	-0.0781974616787	-0.0142231831033	-0.00663674971828	0.0704527571662	-0.0102887029004	-0.0636843926911	-0.0607957166491	3.31180941439e-05	0.00749865646006	0.00842291198015	0.0368788327826	-0.00244315656152	-0.0188191845648	-0.0101979635943	0.0479747188968	0.0196488164759	0.0316506625178	0.0511747507299	-0.00799383483205	-0.0221135757046	0.0388986167159	0.0422658641353	-0.0122879837915	0.00420389014589	0.0501127175926	0.0507551372923	-0.0471280949978	0.0146667338064
k__Bacteria;p__Bacteroidetes;c__Bacteroidia;o__Bacteroidales;f__Porphyromonadaceae;g__Parabacteroides;s__Parabacteroides_distasonis	-0.0706711804613	0.0139334526091	-0.00207072176866	-0.0218582328791	0.0197506619268	0.0100986968932	-0.0202483851842	-0.0391353949535	-0.0520240090302	1.0	-0.0352261711942	-0.0296961008018	0.000796324580363	-0.0233764146807	0.00577372015623	-0.00968855399099	0.0237685078565	-0.00519162799213	0.0265298670277	-0.0174698888414	0.00704234414704	0.017287091822	-0.000359094623153	0.0344217905677	-0.0552544178406	-0.036358958539	-0.000173967263963	-0.0281789093733	-0.0397321402259	-0.0460414985182	0.00359900354833	0.0175822290929	-0.0296869118929	0.0207497111558	0.0073052158179	-0.0132002447001	-0.00227477540323	-0.0204405625342	0.0129992026751	-0.0057254214097	-0.00882717463109	0.00516424840742	-0.0878427175991	0.0320394620216	-0.0513593346816	0.0410926068127	-0.0284559030806	0.0258715405739	-0.00402921678688	0.00588742448007	0.0363499330498	-0.000449832255039	-0.0121573093453	-0.052416610543	0.025430118353	-0.047431008759	0.0230994161815	-0.016194552602	-0.0173850040761
k__Bacteria;p__Bacteroidetes;c__Bacteroidia;o__Bacteroidales;f__Bacteroidaceae;g__Bacteroides;s__Bacteroides_thetaiotaomicron	-0.0118575970368	-0.0103634669761	0.0214239913671	-0.0177847895294	0.0528697530341	-0.0164233999497	0.018615233307	0.0428519894178	0.0998194337987	-0.0352261711942	1.0	-0.0102521885056	0.000757293732563	-0.0863773842076	-0.0104135994765	-0.0179463232799	-0.0506703362527	0.0193830834402	-0.00730908216815	-0.0159052937217	-0.0403452168055	0.0168748806237	-0.0736316226994	-0.0361266785328	0.00541212405697	-0.0356614385793	0.0242665231067	-0.0509322924115	-0.0233482063362	-0.00998808738233	-0.0497478831811	0.0278913312609	-0.0555472797442	0.0259721009631	-0.0237837433873	-0.00667141493066	-0.0441968698495	-0.0611989783024	-0.0296003102176	0.00973850365491	0.0234864285242	-0.0523025618334	0.0327080039717	0.0100433907632	0.0298125544263	-0.0405195853691	-0.00312122215966	0.00864376172718	0.00856969207548	0.0538358007237	0.00734651569313	0.00769758121809	-0.0642827133074	-0.00388497199805	0.0248681705614	0.00536651772324	0.0609654635516	0.0390566971346	-0.0104259905711
k__Bacteria;p__Bacteroidetes;c__Bacteroidia;o__Bacteroidales;f__Bacteroidaceae;g__Bacteroides;s__Bacteroides_coprocola	0.0380704765947	0.0035474903441	0.00616615080227	-0.0206541026072	-0.0136786094252	0.00704438779627	0.0343822279653	0.0635238725002	0.0317370613022	-0.0296961008018	-0.0102521885056	1.0	-0.00181683648446	-0.00787771574026	-0.0250855547123	0.0138234509071	-0.018945820403	-0.0674867956689	-0.0425341102301	-0.043104683162	0.0128542035946	-0.0113701942286	-0.0225351092777	-0.0162806395917	0.0349903212088	0.0018443044724	0.0134099939685	-0.00952763593948	-0.0323619680926	-0.0321951923174	-0.0177886291609	-0.0223347231922	-0.0101439479145	0.00192721965401	-0.0314915782167	-0.05870109823	0.0430635749385	-0.0180126557927	0.0890232004322	-0.0114440383195	0.0667848987769	0.00703152145005	-0.0300838135526	-0.0577563823084	0.0175966901999	0.00197246340648	-0.0346248203413	-0.0293118053321	0.0547629988485	-0.0720516106174	0.00856458698207	0.0278081418063	-0.0148871491112	-0.000549639802169	-0.00987859564482	-0.0168272429014	0.0220887764899	-0.0242971257406	0.0188140897604
k__Bacteria;p__Bacteroidetes;c__Bacteroidia;o__Bacteroidales;f__Bacteroidaceae;g__Bacteroides;s__Bacteroides_cellulosilyticus	0.00113891500285	-0.0249167815324	-0.00121170798547	0.019652682255	-0.0203129333026	0.0165919820377	-0.0134059382297	0.00287639084169	-0.011128158192	0.000796324580363	0.000757293732563	-0.00181683648446	1.0	-0.0360421046596	-0.0225884693891	-0.027629935647	-0.00677329188708	-0.00379834197323	-0.0426496650781	-0.0123124309325	0.0240494004006	-0.0492150595854	-0.0490037571044	-0.0280614781304	0.00708246308222	-0.0239728492665	-0.0426651292361	-0.00509960823313	0.0758863157295	-0.0225156304738	-0.00872290170487	-0.0284861733284	0.0135417038083	0.0331708671012	0.0588789674892	0.00548919896648	0.0521882514226	0.000727344081498	-0.0205907539908	0.016568086257	-0.0397107037356	-0.0127288154663	-0.00151819533719	-0.0525345130759	-0.00322886281359	0.0162535894787	-0.0550416893166	-0.0174561046245	-0.0318202818396	-0.0429712439834	-0.0135373974486	-0.00247758976098	-0.00704103337758	-0.102141870565	-0.0975547101099	-0.064628022644	-0.0308313069207	0.071669000323	-0.0562465257897
k__Bacteria;p__Bacteroidetes;c__Bacteroidia;o__Bacteroidales;f__Rikenellaceae;g__Alistipes;s__Alistipes_obesi	0.0472995886563	-0.017851394315	0.0049158270399	0.00675552294032	-0.00194886359436	0.00736892191598	-0.00303392859016	0.0241985087578	-0.0658353263581	-0.0233764146807	-0.0863773842076	-0.00787771574026	-0.0360421046596	1.0	-0.00309106022551	-0.00207571203494	0.0407155366405	-0.0057047670464	-0.00932938309644	-0.00941478039762	0.00080778254675	-0.000646111708796	-0.0185142796458	0.00238792801236	-0.0607449431446	-0.00512056653738	-0.0100661439209	0.0336748333163	0.000981410116357	-0.029738946185	0.0462534205407	0.0239930865588	-0.0704676179073	-0.0252708209818	0.0335679406148	-0.051056328755	-0.0313957527136	-0.0493960296957	0.0287570491164	0.0238750762613	-0.0613739004503	0.0435828212372	0.0337753104365	0.00802499556441	0.00113551323496	0.020962416251	-0.0347660029635	-0.0184477057133	0.00593923968336	-0.00167852313404	-0.0230240963464	-0.011052983511	-0.00042937858067	-0.0272268728449	-0.018016508628	0.0270730099479	-0.0794129594417	0.0150088814585	-0.0220734292118
k__Bacteria;p__Firmicutes;c__Clostridia;o__Clostridiales;f__Lachnospiraceae;g__;s__[Eubacterium]_rectale	-0.0347807448117	0.0168423305343	-0.0169540931488	0.00631335850113	-0.0625854068895	0.0157008328985	0.0578948915988	-0.0325865936454	-0.00982634338947	0.00577372015623	-0.0104135994765	-0.0250855547123	-0.0225884693891	-0.00309106022551	1.0	-0.0129545941056	-0.0525280790477	-0.082971819951	0.0304027550082	0.0546666347156	0.01885710222	-0.0696426326106	0.0448325555611	-0.015133788403	-0.0365185912356	0.060759351538	-0.0015463615069	-0.0165457824055	0.00750458314761	-0.0136563331753	0.0384224966811	-0.0338091616769	-0.0224306449797	-0.0196624256607	0.0412488895282	-0.00981909470534	-0.0212396371354	-0.0663893584288	0.0365569032045	-0.011801839912	0.0190739232132	-0.0153740254206	-0.045617632698	0.00546541116681	-0.0594496974283	0.0239570920838	-0.0235611269756	-0.00824454878432	0.0494574835447	0.0111921382618	-0.0161042309932	0.0413825940141	-0.0150188641045	0.00635517946262	-0.0583696941367	0.034426284576	0.0378221105636	-0.0332807021421	-0.0517575728528
k__Bacteria;p__Bacteroidetes;c__Bacteroidia;o__Bacteroidales;f__Bacteroidaceae;g__Bacteroides;s__Bacteroides_plebeius	-0.0258607161718	-0.00456887013717	0.0429663190453	0.0691623347834	-0.0170103436284	-0.0615931636474	-0.0527022973053	-0.000704038867859	-0.0746888518962	-0.00968855399099	-0.0179463232799	0.0138234509071	-0.027629935647	-0.00207571203494	-0.0129545941056	1.0	-0.0177581467757	0.02723847814	0.0121280616136	0.0324439488298	-0.082737308476	-0.00246115943138	0.0679283583151	-6.16358338533e-05	-0.0163631306942	-0.0336117607208	-0.0321299538534	0.00972853334185	-0.0590650555947	0.0477801759701	-0.0196628632074	0.0398629177877	-0.0037659135618	0.0324863805698	-0.0026700427168	-0.00356409058364	-0.0019106877121	-0.0106900126868	0.037110745328	0.017110441477	-0.0372283119745	0.0521991680984	0.028141697776	-0.078884319978	0.0552801569034	-0.0450224377432	-0.041671337328	0.014727393743	0.00396561437948	-0.0210219430934	0.00928328821279	-0.069017241096	-0.00583995425572	0.0759345263731	-0.0515691523079	-0.0583093800258	-0.0722266778223	0.088925690396	0.0620741771272
k__Bacteria;p__Bacteroidetes;c__Bacteroidia;o__Bacteroidales;f__Bacteroidaceae;g__Bacteroides;s__Bacteroides_fragilis	-0.00739694514626	-0.000986312148077	0.0506676659252	-0.0380657385153	0.00132869877503	-0.0189000820572	-0.0102266472631	-0.0101550341859	-0.032110310572	0.0237685078565	-0.0506703362527	-0.018945820403	-0.00677329188708	0.0407155366405	-0.0525280790477	-0.0177581467757	1.0	0.0189571761111	-0.0497387152939	0.042682231257	0.0477220807558	-0.00170626942358	-0.10779481445	-0.0358473254216	0.0345557716742	0.0420515965378	-0.0110436113528	-0.0307961023677	-0.0177151541589	0.0143099909419	0.0146106729294	-0.0446692546762	-0.01247826906	-0.0249926958364	-0.0289661667071	-0.0344102018529	-0.00832376879096	0.0421250388415	0.0471758814786	0.017111458368	0.0183034150959	-0.0640961944022	-0.0204309098311	-0.0939214696795	-0.0134991195033	0.0495294032018	-0.027616751997	-0.056709798326	-0.00621919184444	0.0508999970736	-0.0477906244134	-0.0149451915443	-0.035030972719	-0.0667198098686	0.00679263877572	0.0201903648984	-0.0390087272689	0.0200998264459	0.0497255830451
k__Bacteria;p__Proteobacteria;c__Betaproteobacteria;o__Burkholderiales;f__Sutterellaceae;g__Sutterella;s__Sutterella_wadsworthensis	-0.0116367377077	0.0124415040555	-0.0499785346239	0.0402958167895	-0.0314788858631	0.00432578611024	0.0566159609957	-0.0666292019975	-0.0245990588841	-0.00519162799213	0.0193830834402	-0.0674867956689	-0.00379834197323	-0.0057047670464	-0.082971819951	0.02723847814	0.0189571761111	1.0	-0.00809634501456	-0.0133132954879	-0.0418992632965	0.0480624967316	0.0272508034358	-0.0547912486485	-0.0493610807069	-0.0314866938943	-0.0438456781016	-0.0125551967062	0.0292255244186	0.00752233136411	0.0237708903698	-0.03828181806	0.00423057616863	-0.0268112943565	-0.000982345867809	-0.0254708436593	-0.0504063783188	0.0464289494794	-0.0268283354006	0.0512361364884	0.00882346717937	-0.0111108254355	0.034324881689	0.0167578952806	-0.000297139359306	-0.0163797234548	0.0327497115093	0.0425388586192	0.0114147521255	-0.0104106888994	-0.0388739241025	0.00341549945617	0.0259942096921	-0.00116644153881	-0.0358946992588	-0.00292414664044	-0.0610921668977	-0.0186226929397	0.0412202270181
k__Bacteria;p__Bacteroidetes;c__Bacteroidia;o__Bacteroidales;f__Porphyromonadaceae;g__Barnesiella;s__Barnesiella_intestinihominis	-0.030517610521	0.0254931925604	0.0284588624036	-0.000929259061179	-0.0328036293828	-0.0356010587391	-0.0398459830612	-0.0079986774524	-0.0561142512878	0.0265298670277	-0.00730908216815	-0.0425341102301	-0.0426496650781	-0.00932938309644	0.0304027550082	0.0121280616136	-0.0497387152939	-0.00809634501456	1.0	-0.0117751938776	0.0344559628221	-0.0545134187199	0.0562203102024	-0.0388665492563	0.0498499506652	0.0271257204699	-0.00995945027999	-0.0166700823251	0.0353292815082	-0.0345656424446	0.00399198116564	0.0262970988819	0.0220794689235	-0.0113518371455	0.00956035537907	0.00104833320939	-0.0210042372772	-0.0166417635219	-0.0862650075374	-0.019883976436	0.0189387166842	-0.0314009845863	0.0684064300567	0.00809001366975	0.0393479474027	-0.0218084466592	0.022106975301	-0.0207349550825	-0.0688262217786	0.0183670119108	-0.0626076902307	0.0456611507105	-0.02026940081	-0.0225905434054	-0.0257167193284	0.00995612599484	0.0108732743917	-0.0143530321778	-0.0510886295207
k__Bacteria;p__Bacteroidetes;c__Bacteroidia;o__Bacteroidales;f__Odoribacteraceae;g__Odoribacter;s__Odoribacter_splanchnicus	0.0262810430393	0.0280358284662	-0.0224708526448	-0.0206658738488	0.0138543575204	0.01550835508	-0.0121324767163	0.0602016823299	-0.0215106786514	-0.0174698888414	-0.0159052937217	-0.043104683162	-0.0123124309325	-0.00941478039762	0.0546666347156	0.0324439488298	0.042682231257	-0.0133132954879	-0.0117751938776	1.0	0.0198241078094	0.00986654913814	-0.0324969408676	-0.020383875379	0.0927992730144	0.0284093514476	0.0104487741804	0.0379519160818	-0.0423462215479	-0.00298015991252	-0.000112764780353	-0.0361026667094	0.0081480474158	-0.0156374188814	0.0299830624227	0.0112972385825	-0.0388163746126	-0.0263320220377	-0.0596596854402	0.00395538415706	-0.0122687029259	0.0470774765044	-0.0213877647381	-0.0781617248338	0.0416173233314	0.00574872452216	-0.0244194490642	0.0153957738806	0.0372998625329	-0.0231105819377	0.0293570539309	0.0288455663379	0.0167189630972	0.0192608835016	0.0199821706157	-0.0735754658486	-0.0464237306942	-0.041993705011	-0.00200196204699
k__Bacteria;p__Bacteroidetes;c__Bacteroidia;o__Bacteroidales;f__Bacteroidaceae;g__Bacteroides;s__Bacteroides_salyersiae	-0.00382031833651	0.0474599433826	0.0329573722683	-0.0160082663916	-0.00166270136042	-0.0342018168124	0.0012088850814	-0.0315511277155	-0.00257922470471	0.00704234414704	-0.0403452168055	0.0128542035946	0.0240494004006	0.00080778254675	0.01885710222	-0.082737308476	0.0477220807558	-0.0418992632965	0.0344559628221	0.0198241078094	1.0	0.0244761826514	-0.0549435801443	-0.0138580945948	0.0214889767074	-0.0431873097517	-0.0761422828555	0.000773047929361	-0.0172099782158	0.00788688552103	-0.0317700687224	-0.0323166554536	-0.0473661679156	-0.00105538393401	-0.0382761287204	0.0465115369735	0.00407071270505	0.0245127394303	0.0293092690634	-0.0818725442719	-0.0226977892975	-0.0350627622447	-0.0173471162148	0.0153501153098	-0.0198120923545	-0.00396941860509	-0.0241817445681	0.024732293214	-0.0689693843587	0.0424764509342	-0.0347184276985	-0.0134658559882	0.0147916318248	-0.0221621902342	0.000153358323585	-0.0191229612142	0.016702475154	-0.0505907109011	-0.0423942033304
k__Bacteria;p__Firmicutes;c__Clostridia;o__Clostridiales;f__Ruminococcaceae;g__Ruminiclostridium;s__[Eubacterium]_siraeum	0.00415939456958	-0.0268434954608	0.0204246711834	-0.0470042353804	-0.0248526678875	-0.00966833935116	0.00515333230628	-0.00252930748367	-0.0196827827647	0.017287091822	0.0168748806237	-0.0113701942286	-0.0492150595854	-0.000646111708796	-0.0696426326106	-0.00246115943138	-0.00170626942358	0.0480624967316	-0.0545134187199	0.00986654913814	0.0244761826514	1.0	-0.0206949135836	-0.00511822275416	0.00126434792455	-0.0434925452606	0.0116506529093	-0.00737313979872	-0.0156752834751	0.0357647336792	0.0238388589008	-0.0104665307999	-0.0318461945235	-0.000393575401621	-0.0654902043085	-0.0352413324886	-0.0218215248216	0.0170482365944	0.0173468049859	-0.0407119228647	-0.0623956872961	-0.00100496159923	-0.0257800977874	0.0150840471272	0.00762539934102	0.00616857300742	0.0200926882765	-0.0240273207165	0.00427550689623	-0.0200011243699	-0.0215793092109	-0.0159537061408	-0.0320683305688	0.0142174182505	-0.0295329943043	0.0281755473783	-0.0312203982326	-0.00760143256409	-0.0272071317807
k__Bacteria;p__Proteobacteria;c__Betaproteobacteria;o__Burkholderiales;f__Sutterellaceae;g__Parasutterella;s__Parasutterella_excrementihominis	0.00390713006103	-0.0118193688428	0.0374091854133	0.0315011590332	-0.0569280169568	0.00761822256361	-0.0252714605183	0.00361901307398	0.0549018951494	-0.000359094623152	-0.0736316226994	-0.0225351092777	-0.0490037571044	-0.0185142796458	0.0448325555611	0.0679283583151	-0.10779481445	0.0272508034358	0.0562203102024	-0.0324969408676	-0.0549435801443	-0.0206949135836	1.0	0.0273215848465	-0.00600630126049	-0.000902842609126	-0.0256697238618	-0.0416264558425	-0.0750856838676	-0.056874238753	-0.0339913321769	0.00911524602252	0.0248493836143	0.00502844540579	-0.0107279302119	-0.00593139118179	0.063755879723	-0.0468421880728	-0.0250053082149	0.0421801904765	-0.0587164812488	0.0303008615483	0.0446520186327	-0.0467678565833	-0.00418306704611	0.0332024865144	-0.0161041372314	0.0116247135684	-0.0372662407841	-0.0225097299919	0.00863185854573	0.0150972656645	-0.0273791501828	-0.0150156652105	0.0184902530457	0.00484198443881	0.0239003568875	-0.0488681527741	-0.00466723936578
k__Bacteria;p__Actinobacteria;c__Actinobacteria;o__Bifidobacteriales;f__Bifidobacteriaceae;g__Bifidobacterium;s__Bifidobacterium_adolescentis	0.0644191982069	-1.23888125293e-05	-0.00264120000948	0.0135887180101	0.0108865075722	0.0183274040318	-0.0297187552668	0.103391763869	-0.0464828210363	0.0344217905677	-0.0361266785328	-0.0162806395917	-0.0280614781304	0.00238792801236	-0.015133788403	-6.16358338532e-05	-0.0358473254216	-0.0547912486485	-0.0388665492563	-0.020383875379	-0.0138580945948	-0.00511822275416	0.0273215848465	1.0	-0.0550888820436	0.0339720778349	-0.0144314223935	0.0365424693404	0.0423051020513	-0.0128863850525	0.0236752538178	-0.00155739219074	0.0139372362923	0.0228225308858	0.0128287271297	-0.0427218732245	-0.00194005323259	0.0077736215258	-0.0126546228279	0.0104581465851	-0.0443142810761	0.0430376469707	-0.0636880268564	0.0817878584911	-0.0074968784905	-0.0450139910856	-0.0524967735608	0.0069590540649	-0.000655573304328	-0.0176738582321	-0.00288661387899	0.0269786600887	-0.0397961753682	0.0195516778178	-0.0016586406012	0.00254426744421	0.00491951851221	-0.00270083810255	-0.0898845701344
k__Bacteria;p__Firmicutes;c__Clostridia;o__Clostridiales;f__Oscillospiraceae;g__Oscillibacter;s__Oscillibacter_sp._KLE_1745	-0.055152472809	-0.0217385588777	0.0145037170946	-0.0220569214944	0.0143781838759	0.00935197949314	-0.0610476481869	-0.00373351285021	-0.0571898288432	-0.0552544178406	0.00541212405697	0.0349903212088	0.00708246308222	-0.0607449431446	-0.0365185912356	-0.0163631306942	0.0345557716742	-0.0493610807069	0.0498499506652	0.0927992730144	0.0214889767074	0.00126434792455	-0.00600630126049	-0.0550888820436	1.0	-0.00907119068998	-0.014967332419	-0.0529040219253	-0.0134398092	-0.102898709974	-0.0083239784739	0.0196441699519	0.0629978225164	0.00937255480764	0.014589491534	0.0589809126639	0.0289778502626	0.00673582861886	0.0157002135285	0.0187027412559	0.000247445258718	0.00153610715171	0.0312106208627	-0.06245196986	-0.0117009540578	0.0163350502669	0.0779786749154	-0.000300803485784	-0.0540881486673	-0.0398220807091	-0.038818064749	-0.00325081342713	0.00237278143163	0.0145459308219	0.0261092016641	-0.0328667055086	-0.0175932983581	-0.0290883136881	0.0404019885991
k__Bacteria;p__Bacteroidetes;c__Bacteroidia;o__Bacteroidales;f__Bacteroidaceae;g__Bacteroides;s__Bacteroides_coprophilus	-0.00227476071143	-0.0137603534399	-0.0465557459789	-0.000359130904202	-0.0179851608812	0.0820642089327	-0.0207513881378	-0.0143476389957	-0.00875249870965	-0.036358958539	-0.0356614385793	0.0018443044724	-0.0239728492665	-0.00512056653738	0.060759351538	-0.0336117607208	0.0420515965378	-0.0314866938943	0.0271257204699	0.0284093514476	-0.0431873097517	-0.0434925452606	-0.000902842609126	0.0339720778349	-0.00907119068998	1.0	-0.0102024505662	-0.0125407607527	-0.038802030632	-0.0137147071765	-0.00523685457316	-0.00735223574746	0.0252420395683	-0.0521746879265	-0.00840422618748	0.0639250611363	-0.0371831086769	-0.0280829858161	-0.0803133562364	-0.0339566317119	0.0289841340922	-0.0545580056284	-0.0225220353787	0.0145042360208	0.00293608094357	-0.00461846716748	-0.00609020065085	0.00408733602514	-0.0159638023095	-0.0415521514218	0.0411740145085	0.00424886340526	0.0170377949994	0.0318504076767	0.00159743708183	-0.00416354224051	0.0183615152704	-0.000768024296559	0.00766078366866
k__Bacteria;p__Firmicutes;c__Clostridia;o__Clostridiales;f__Lachnospiraceae;g__Roseburia;s__Roseburia_intestinalis	-0.051226216852	-0.00354338926234	-0.0772004253674	-0.00755031306988	-0.0456542839082	0.0193089732646	-0.0555038043451	0.0147433833977	0.0567296881545	-0.000173967263963	0.0242665231067	0.0134099939685	-0.0426651292361	-0.0100661439209	-0.0015463615069	-0.0321299538534	-0.0110436113528	-0.0438456781016	-0.00995945027999	0.0104487741804	-0.0761422828555	0.0116506529093	-0.0256697238618	-0.0144314223935	-0.014967332419	-0.0102024505662	1.0	-0.0606469363269	-0.0589065513352	0.0315754300599	-0.0513284992286	0.029781677221	0.0372992072323	0.00815977254059	-0.000197184000479	0.0116060118076	-0.00392411374442	-0.0656951344734	-0.00846968968957	0.0225590537344	-0.00941323912308	0.00553354807467	-0.0096264683735	-0.0145207769535	-0.00893409297122	-0.0799749956538	-5.08467040379e-05	-0.0454181384099	-0.0373306731328	0.00253611254502	-0.0332912544865	-0.0608358097266	-0.029334132882	-0.00821000493399	-0.0805795149047	0.0750921741639	0.00992037773848	0.0318774889141	0.0365024209776
k__Bacteria;p__Firmicutes;c__Clostridia;o__Clostridiales;f__Lachnospiraceae;g__Roseburia;s__Roseburia_hominis	-0.0294179421856	0.00366404024705	0.0339405395176	0.00794756208857	0.0183606795745	0.0064325667634	1.37342645129e-06	-0.0289707088994	0.025854906725	-0.0281789093733	-0.0509322924115	-0.00952763593948	-0.00509960823313	0.0336748333163	-0.0165457824055	0.00972853334185	-0.0307961023677	-0.0125551967062	-0.0166700823251	0.0379519160818	0.000773047929361	-0.00737313979872	-0.0416264558425	0.0365424693404	-0.0529040219253	-0.0125407607527	-0.0606469363269	1.0	-0.00468174364938	-0.0130368001766	-0.0722703681012	-0.0233593497511	-0.0461358559024	-0.0535082118672	0.00283584893977	-0.0151924671148	-0.027182108769	0.000537598428258	0.0509735244444	-0.052648295503	-0.0171225921025	0.048997646043	0.037820190708	0.056593271814	0.022213320392	-0.0380996140889	-0.0157451861815	-0.062336813347	-0.00344121415952	-0.0304738702805	0.0119790732789	0.00646914693521	-0.0186582726033	-0.00261567142355	0.00718375459731	-0.018429394409	0.0319986558915	0.0263627540356	-0.0398359426631
k__Bacteria;p__Bacteroidetes;c__Bacteroidia;o__Bacteroidales;f__Porphyromonadaceae;g__Parabacteroides;s__Parabacteroides_johnsonii	-0.00766514500944	-0.0259061550621	0.0445988771263	-0.0129604350715	0.0164181643833	0.00345547126759	-0.00395206930133	-0.00863444316673	0.0234700007072	-0.0397321402259	-0.0233482063362	-0.0323619680926	0.0758863157295	0.000981410116357	0.00750458314761	-0.0590650555947	-0.0177151541589	0.0292255244186	0.0353292815082	-0.0423462215479	-0.0172099782158	-0.0156752834751	-0.0750856838676	0.0423051020513	-0.0134398092	-0.038802030632	-0.0589065513352	-0.00468174364938	1.0	-0.0357078308019	-0.00117417041607	0.0231606005618	-0.00779490923193	0.0543351864791	0.0455667440454	0.0252524793489	0.00823057727226	-0.00674536665133	-0.0765952229067	-0.012591069449	-0.00822967737755	0.00378423083464	0.0280339031413	0.0520436193506	0.0232135777058	-0.0181631962485	-0.0215000003622	-0.00282722511441	-0.043382039671	-0.0976803733641	-0.0363580097796	-0.0243618336762	0.0216657833926	-0.0352495637818	-0.0109269034454	-0.0703445963751	0.00153275576626	-0.00163025045901	0.0304521078056
