#taxonomy	k__Bacteria;p__Bacteroidetes;c__Bacteroidia;o__Bacteroidales;f__Bacteroidaceae;g__Bacteroides;s__Bacteroides_vulgatus	k__Bacteria;p__Bacteroidetes;c__Bacteroidia;o__Bacteroidales;f__Bacteroidaceae;g__Bacteroides;s__Bacteroides_uniformis	k__Bacteria;p__Bacteroidetes;c__Bacteroidia;o__Bacteroidales;f__Rikenellaceae;g__Alistipes;s__Alistipes_putredinis	k__Bacteria;p__Bacteroidetes;c__Bacteroidia;o__Bacteroidales;f__Prevotellaceae;g__Prevotella;s__Prevotella_copri	k__Bacteria;p__Bacteroidetes;c__Bacteroidia;o__Bacteroidales;f__Bacteroidaceae;g__Bacteroides;s__Bacteroides_stercoris	k__Bacteria;p__Bacteroidetes;c__Bacteroidia;o__Bacteroidales;f__Bacteroidaceae;g__Bacteroides;s__Bacteroides_ovatus	k__Bacteria;p__Bacteroidetes;c__Bacteroidia;o__Bacteroidales;f__Rikenellaceae;g__Alistipes;s__Alistipes_shahii	k__Bacteria;p__Firmicutes;c__Clostridia;o__Clostridiales;f__Ruminococcaceae;g__Faecalibacterium;s__Faecalibacterium_prausnitzii	k__Bacteria;p__Bacteroidetes;c__Bacteroidia;o__Bacteroidales;f__Rikenellaceae;g__Alistipes;s__Alistipes_finegoldii	k__Bacteria;p__Bacteroidetes;c__Bacteroidia;o__Bacteroidales;f__Porphyromonadaceae;g__Parabacteroides;s__Parabacteroides_distasonis	k__Bacteria;p__Bacteroidetes;c__Bacteroidia;o__Bacteroidales;f__Bacteroidaceae;g__Bacteroides;s__Bacteroides_thetaiotaomicron	k__Bacteria;p__Bacteroidetes;c__Bacteroidia;o__Bacteroidales;f__Bacteroidaceae;g__Bacteroides;s__Bacteroides_coprocola	k__Bacteria;p__Bacteroidetes;c__Bacteroidia;o__Bacteroidales;f__Bacteroidaceae;g__Bacteroides;s__Bacteroides_cellulosilyticus	k__Bacteria;p__Bacteroidetes;c__Bacteroidia;o__Bacteroidales;f__Rikenellaceae;g__Alistipes;s__Alistipes_obesi	k__Bacteria;p__Firmicutes;c__Clostridia;o__Clostridiales;f__Lachnospiraceae;g__;s__[Eubacterium]_rectale	k__Bacteria;p__Bacteroidetes;c__Bacteroidia;o__Bacteroidales;f__Bacteroidaceae;g__Bacteroides;s__Bacteroides_plebeius	k__Bacteria;p__Bacteroidetes;c__Bacteroidia;o__Bacteroidales;f__Bacteroidaceae;g__Bacteroides;s__Bacteroides_fragilis	k__Bacteria;p__Proteobacteria;c__Betaproteobacteria;o__Burkholderiales;f__Sutterellaceae;g__Sutterella;s__Sutterella_wadsworthensis	k__Bacteria;p__Bacteroidetes;c__Bacteroidia;o__Bacteroidales;f__Porphyromonadaceae;g__Barnesiella;s__Barnesiella_intestinihominis	k__Bacteria;p__Bacteroidetes;c__Bacteroidia;o__Bacteroidales;f__Odoribacteraceae;g__Odoribacter;s__Odoribacter_splanchnicus	k__Bacteria;p__Bacteroidetes;c__Bacteroidia;o__Bacteroidales;f__Bacteroidaceae;g__Bacteroides;s__Bacteroides_salyersiae	k__Bacteria;p__Firmicutes;c__Clostridia;o__Clostridiales;f__Ruminococcaceae;g__Ruminiclostridium;s__[Eubacterium]_siraeum	k__Bacteria;p__Proteobacteria;c__Betaproteobacteria;o__Burkholderiales;f__Sutterellaceae;g__Parasutterella;s__Parasutterella_excrementihominis	k__Bacteria;p__Actinobacteria;c__Actinobacteria;o__Bifidobacteriales;f__Bifidobacteriaceae;g__Bifidobacterium;s__Bifidobacterium_adolescentis	k__Bacteria;p__Firmicutes;c__Clostridia;o__Clostridiales;f__Oscillospiraceae;g__Oscillibacter;s__Oscillibacter_sp._KLE_1745	k__Bacteria;p__Bacteroidetes;c__Bacteroidia;o__Bacteroidales;f__Bacteroidaceae;g__Bacteroides;s__Bacteroides_coprophilus	k__Bacteria;p__Firmicutes;c__Clostridia;o__Clostridiales;f__Lachnospiraceae;g__Roseburia;s__Roseburia_intestinalis	k__Bacteria;p__Firmicutes;c__Clostridia;o__Clostridiales;f__Lachnospiraceae;g__Roseburia;s__Roseburia_hominis	k__Bacteria;p__Bacteroidetes;c__Bacteroidia;o__Bacteroidales;f__Porphyromonadaceae;g__Parabacteroides;s__Parabacteroides_johnsonii	k__Bacteria;p__Actinobacteria;c__Actinobacteria;o__Bifidobacteriales;f__Bifidobacteriaceae;g__Bifidobacterium;s__Bifidobacterium_longum	k__Bacteria;p__Firmicutes;c__Clostridia;o__Clostridiales;f__;g__Flavonifractor;s__Flavonifractor_plautii	k__Bacteria;p__Firmicutes;c__Clostridia;o__Clostridiales;f__Clostridiaceae;g__Clostridium;s__Clostridium_phoceensis	k__Bacteria;p__Verrucomicrobia;c__Verrucomicrobiae;o__Verrucomicrobiales;f__Akkermansiaceae;g__Akkermansia;s__Akkermansia_muciniphila	k__Bacteria;p__Bacteroidetes;c__Bacteroidia;o__Bacteroidales;f__Prevotellaceae;g__Paraprevotella;s__Paraprevotella_xylaniphila	k__Bacteria;p__Firmicutes;c__Clostridia;o__Clostridiales;f__Ruminococcaceae;g__Ruminococcus;s__Ruminococcus_callidus	k__Bacteria;p__Bacteroidetes;c__Bacteroidia;o__Bacteroidales;f__Rikenellaceae;g__Alistipes;s__Alistipes_senegalensis	k__Bacteria;p__Firmicutes;c__Clostridia;o__Clostridiales;f__Lachnospiraceae;g__Blautia;s__Blautia_sp._KLE_1732	k__Bacteria;p__Bacteroidetes;c__Bacteroidia;o__Bacteroidales;f__Bacteroidaceae;g__Bacteroides;s__Bacteroides_oleiciplenus	k__Bacteria;p__Firmicutes;c__Clostridia;o__Clostridiales;f__Ruminococcaceae;g__Ruminococcus;s__Ruminococcus_bicirculans	k__Bacteria;p__Bacteroidetes;c__Bacteroidia;o__Bacteroidales;f__Bacteroidaceae;g__Bacteroides;s__Bacteroides_fluxus	k__Bacteria;p__Bacteroidetes;c__Bacteroidia;o__Bacteroidales;f__Prevotellaceae;g__Prevotella;s__Prevotella_stercorea	k__Bacteria;p__Firmicutes;c__Clostridia;o__Clostridiales;f__Lachnospiraceae;g__Dorea;s__Dorea_longicatena	k__Bacteria;p__Firmicutes;c__Clostridia;o__Clostridiales;f__Eubacteriaceae;g__Eubacterium;s__[Eubacterium]_eligens	k__Bacteria;p__Firmicutes;c__Clostridia;o__Clostridiales;f__Ruminococcaceae;g__;s__Ruminococcaceae_bacterium_D16	k__Bacteria;p__Firmicutes;c__Clostridia;o__Clostridiales;f__Lachnospiraceae;g__Coprococcus;s__Coprococcus_comes	k__Bacteria;p__Proteobacteria;c__Gammaproteobacteria;o__Enterobacterales;f__Enterobacteriaceae;g__Escherichia;s__Escherichia_coli	k__Bacteria;p__Firmicutes;c__Clostridia;o__Clostridiales;f__Ruminococcaceae;g__Anaerotruncus;s__Anaerotruncus_colihominis	k__Bacteria;p__Firmicutes;c__Clostridia;o__Clostridiales;f__Lachnospiraceae;g__Blautia;s__Blautia_obeum	k__Bacteria;p__Bacteroidetes;c__Bacteroidia;o__Bacteroidales;f__Odoribacteraceae;g__Odoribacter;s__Odoribacter_laneus	k__Bacteria;p__Firmicutes;c__Clostridia;o__Clostridiales;f__Ruminococcaceae;g__Ruminiclostridium;s__[Clostridium]_leptum	k__Bacteria;p__Bacteroidetes;c__Bacteroidia;o__Bacteroidales;f__Porphyromonadaceae;g__Parabacteroides;s__Parabacteroides_goldsteinii	k__Bacteria;p__Firmicutes;c__Clostridia;o__Clostridiales;f__Lachnospiraceae;g__Anaerostipes;s__Anaerostipes_hadrus	k__Bacteria;p__Firmicutes;c__Clostridia;o__Clostridiales;f__Ruminococcaceae;g__Ruminococcus;s__Ruminococcus_lactaris	k__Bacteria;p__Firmicutes;c__Clostridia;o__Clostridiales;f__Clostridiaceae;g__Clostridium;s__Clostridium_sp._L2-50	k__Bacteria;p__Firmicutes;c__Clostridia;o__Clostridiales;f__Clostridiaceae;g__Clostridium;s__Clostridium_sp._M62/1	k__Bacteria;p__Firmicutes;c__Clostridia;o__Clostridiales;f__;g__Intestinimonas;s__Intestinimonas_butyriciproducens	k__Bacteria;p__Actinobacteria;c__Actinobacteria;o__Bifidobacteriales;f__Bifidobacteriaceae;g__Bifidobacterium;s__Bifidobacterium_bifidum	k__Bacteria;p__Firmicutes;c__Negativicutes;o__Veillonellales;f__Veillonellaceae;g__Dialister;s__Dialister_invisus	k__Bacteria;p__Bacteroidetes;c__Bacteroidia;o__Bacteroidales;f__Bacteroidaceae;g__Bacteroides;s__Bacteroides_salanitronis
k__Bacteria;p__Bacteroidetes;c__Bacteroidia;o__Bacteroidales;f__Bacteroidaceae;g__Bacteroides;s__Bacteroides_vulgatus	1.0	-0.00380105173937	-0.00798361063054	-0.0217629201598	-0.0235757454796	0.00498813091378	-0.0122717589125	-0.0241032788699	0.0097602805404	-0.0367757115512	0.00926010581483	0.0571240607964	0.0419349518992	0.0100509801968	0.00298934209905	-0.0302577958872	0.0395746820328	-0.0402299748668	-0.02550836912	-0.0209769406924	0.0263860420942	-0.0327023379045	0.00178791956509	-0.0614550994694	-0.0124034857776	-0.0463439088733	-0.0499585991218	-0.0555587353292	-0.0467675828296	0.0416596115694	0.00768896834277	0.0225611268218	-0.0392974162585	0.0251732862563	-0.024477660747	-0.0548186563552	0.0336040751399	-0.00776417169863	-0.00707579499799	-0.0219295550353	-0.0374718853344	0.0422010598508	-0.0468419908441	-0.0247592403965	0.0329245113687	-0.0726796014138	0.0311680455381	-0.0146300001667	0.0187619619963	-0.0811099042021	-0.061694089122	-0.0335305563132	0.0544167184999	-0.0173388719248	-0.0408074562965	-0.000278024322576	0.0338383076303	0.0184037888023	0.00278852449449
k__Bacteria;p__Bacteroidetes;c__Bacteroidia;o__Bacteroidales;f__Bacteroidaceae;g__Bacteroides;s__Bacteroides_uniformis	-0.00380105173937	1.0	0.0381932380937	-0.0101332674176	-0.00735296046653	0.050308451931	-0.0104221857238	0.0305904011628	0.0300199064321	0.0387227612919	0.0065135805382	-0.0203960636286	0.0063555548921	-0.0265122377106	0.0553875568355	0.0235057472092	0.00385757239855	0.0235390231146	-0.0264744818989	-0.00458224555765	-0.0244081484321	0.0141774948471	-0.00899098390187	-0.0196765583468	-0.0317942486306	-0.0732636155337	-0.0268729160002	0.032585573641	0.0105820361476	0.0340735762716	-0.0518485106701	-0.0329091207026	0.0161893683346	0.0259588775883	-0.0350119266444	-0.0227368798829	-0.0486245308928	-0.0323891503254	0.00316451039581	-0.0115258854037	-0.00398539674861	-0.006553754218	0.0417264423944	-0.0197047767844	-0.0039720281692	-0.0364535952878	0.017063854825	0.035247296522	0.0165964060424	-0.00135605671675	-0.00198046829527	-0.0238899342709	-0.00139489091736	-0.031770804315	-0.0662647938065	0.041645398004	0.0286769052457	0.0384759133775	0.00211746604531
k__Bacteria;p__Bacteroidetes;c__Bacteroidia;o__Bacteroidales;f__Rikenellaceae;g__Alistipes;s__Alistipes_putredinis	-0.00798361063054	0.0381932380937	1.0	0.0333357120352	-0.00451130638324	-0.0537469159727	0.10171784286	-0.0546920824134	-0.0171455791221	-0.0115614931548	-0.0244783279309	-0.0244844493176	0.0226706841424	0.0122760351678	-0.0056391994089	-0.0416610796155	-0.0274751071977	-0.00846391641027	-0.0596395860706	0.0202817755738	-0.0214771701583	0.0232666292328	-0.0429161118639	0.00446135950038	0.0108451926402	-0.0184161070259	-0.0397986043362	-0.0151404044652	-0.000749904453656	-0.00885748335418	0.0108823801143	0.0239203587179	-0.0242353286353	-0.00989641813649	-0.0358587726897	0.0498388661912	-0.035413176202	-0.0106676598529	0.0158701079995	-0.0515160802048	0.00629868549465	-0.103665868046	0.000578149718975	0.0264100676912	0.00624600168854	0.0415609920448	-0.0179467178438	-0.0440124977149	-0.0136073870797	-0.0388880345221	-0.0574679846192	0.045052409775	-0.0310183435904	-0.0302113624436	0.0686954177523	-0.0164308654576	0.006139192094	0.0161570871885	-0.047966621666
k__Bacteria;p__Bacteroidetes;c__Bacteroidia;o__Bacteroidales;f__Prevotellaceae;g__Prevotella;s__Prevotella_copri	-0.0217629201598	-0.0101332674176	0.0333357120352	1.0	-0.0190504391606	0.00952373615847	-0.027702437529	0.00912878216111	-0.0474123575647	-0.0161901434283	0.0268099378059	-0.0527806028957	0.00149321297244	0.0149061410478	-0.0448240630639	0.025479737962	0.0093885946461	-0.00146891158566	-0.0493123664769	0.00813884999728	-0.0230596077093	0.0818582385007	-0.028572757916	0.0119769979754	0.054537625945	-0.0386484955013	0.0478188203387	-0.0588909022335	-0.0470425392184	0.00172448569734	-4.91622720248e-05	0.0150080921271	-0.00977632285107	-0.00902406080189	0.0163124626412	-0.0208399754526	-0.0175910895186	0.0214191079915	0.0321820670192	0.0266034996599	0.013470107594	-0.06133860778	-0.011140056036	-0.00144998616619	-0.0539527323543	-0.106522004454	-0.0165803580157	-0.00752786926094	-0.0439845381141	-0.0241209886261	0.0260805098003	-0.0385436807076	-0.0118415389489	0.0356354973107	-0.000381589963433	-0.000197610441511	-0.00454608008309	-0.0255646633469	-0.0380434105396
k__Bacteria;p__Bacteroidetes;c__Bacteroidia;o__Bacteroidales;f__Bacteroidaceae;g__Bacteroides;s__Bacteroides_stercoris	-0.0235757454796	-0.00735296046653	-0.00451130638324	-0.0190504391606	1.0	-0.0122016134903	0.0161982149187	0.0126859799278	-0.036421874627	-0.0291653988681	-0.0542960373395	0.0146696882312	0.0659934451526	0.0445058437207	-0.0460786621111	0.0232065326829	0.0440530153554	0.0163954494081	-6.92906448334e-05	-0.0959455350787	-0.0198933635826	-0.00322495789162	0.00030929899227	-0.00183759790048	-0.0116144372983	-0.0274704550242	-0.0436994967188	-0.0497453118625	0.0398259087238	0.00209769694719	0.0222988100033	0.0304956827445	-0.0388630076687	0.040338784375	0.00495576951349	0.0298838132796	-0.0045807975023	0.00205510304255	0.0543409011936	-0.00697267645085	-0.00374854420412	-0.0336888583067	0.0250436273612	0.0172169404106	0.0115952053428	-0.0255883863042	0.0458103664168	0.0252993880681	-0.000231704911138	-0.0349205073394	-0.0459744291152	-0.105206125199	0.0118132808587	-0.0171485304789	-0.0176044388672	0.0238034052755	-0.00282572170715	-0.0381060357885	0.0258001183099
k__Bacteria;p__Bacteroidetes;c__Bacteroidia;o__Bacteroidales;f__Bacteroidaceae;g__Bacteroides;s__Bacteroides_ovatus	0.00498813091378	0.050308451931	-0.0537469159727	0.00952373615847	-0.0122016134903	1.0	-0.0490252881377	-0.016542758931	-0.0677859082969	-0.00750025083645	-0.0106339276873	0.100092277521	0.0273177370927	0.0273963304983	0.0250996015065	-0.0233543658199	0.0202793535775	-0.053665576682	-0.00960890247458	-0.0248550578305	-0.0114891743441	-0.0425311256974	0.00214839591564	-0.0602499945694	-0.0150914111242	0.0201457541046	-0.0301490888757	0.0427012773237	-0.00784964028192	0.0306690425059	-0.014336792014	-0.0491412845412	0.00971019271641	-0.024133887484	-0.0607609426791	-0.00658990346501	0.0507487596104	0.0379678994587	-0.0298194382821	0.0560872707858	-0.0421385465394	-0.00226262013862	-0.00290563783386	-0.00383326913144	-0.0229778231562	-0.0123499220812	-0.0513600354857	-0.0271975288972	0.0136375585913	0.0451953348833	0.0378311110399	-0.0386897880025	-2.20696470432e-05	-0.0248241072057	0.0262367425958	-0.0231316751862	0.0377542824303	0.0373142050207	-0.036041801495
k__Bacteria;p__Bacteroidetes;c__Bacteroidia;o__Bacteroidales;f__Rikenellaceae;g__Alistipes;s__Alistipes_shahii	-0.0122717589125	-0.0104221857238	0.10171784286	-0.027702437529	0.0161982149187	-0.0490252881377	1.0	-0.0272039013954	0.0571383623583	0.00466588413081	0.0180776702774	0.00959038101634	-0.0446560010621	-0.00960651468704	-0.0349455567432	-0.0142641820046	-0.035539632247	-0.0312610674984	-0.0111182234785	-0.0499623039733	0.0236923056622	-0.00259849004274	0.00474566031574	0.0185421056075	0.0162675205107	0.00146558282165	-0.0095715610089	0.0278958765477	0.0504508307202	-0.00798358273579	-0.0801286618543	-0.0452433870058	-0.00215364762529	-0.0389525926142	0.0566106287791	0.0335448305303	-0.0101586102179	0.0289004667782	-0.050529700567	0.0264525063073	-0.02817075914	-0.0193387316529	-0.00206826168388	0.022992799551	-0.0149546788435	-0.0214327828833	0.0146203221174	0.0217528879631	0.00192166036788	-0.0178832149383	0.000106475027403	-0.0378540084565	-0.00704169059429	0.0134825642388	-0.012810324033	0.00217933456041	-0.00420515880699	-0.00128921676124	0.0108227321924
k__Bacteria;p__Firmicutes;c__Clostridia;o__Clostridiales;f__Ruminococcaceae;g__Faecalibacterium;s__Faecalibacterium_prausnitzii	-0.0241032788699	0.0305904011628	-0.0546920824134	0.00912878216111	0.0126859799278	-0.016542758931	-0.0272039013954	1.0	-0.0279361806367	-0.0252673151762	0.037910110232	-0.0568228342975	-0.0632056795221	-0.112435635998	-0.0421242802696	0.0635319369225	-0.00553099053369	0.0275892229417	-0.0222699892849	-0.02754053982	-0.00952238751726	-0.016991106194	0.0263667649275	0.0220829849157	-0.000801062512835	0.0149578545133	-0.0319921698493	-0.0245207053385	0.012442210739	-0.00948863847239	0.0273783280368	0.000787411357924	-0.0204089220269	0.00441479640845	-0.0512323799364	-0.00537531955336	-0.00374893353273	-0.0319326861135	-0.0144295474745	-0.0265063954672	-0.0189860516574	-0.0373689710184	0.00917209702518	-0.0293953496218	-0.018756066459	-0.0141599172861	-0.0518681528063	-0.0209081546899	-0.00485620525466	0.0372855645495	-0.0369517364678	0.0437684760205	-0.0120604694732	-0.0303756081946	0.0349738141222	0.0185516458231	-0.0321972071255	0.060173790272	0.0296936294285
k__Bacteria;p__Bacteroidetes;c__Bacteroidia;o__Bacteroidales;f__Rikenellaceae;g__Alistipes;s__Alistipes_finegoldii	0.0097602805404	0.0300199064321	-0.0171455791221	-0.0474123575647	-0.036421874627	-0.0677859082969	0.0571383623583	-0.0279361806367	1.0	-0.00641039186918	0.0289971165754	0.0371407360204	-0.00186783493601	-0.0122279610479	-0.0247121860554	-0.0248367495146	0.00992876714358	-0.00656350747471	-0.0563356724895	-0.0120985653454	0.0163162595033	0.00811444631803	-0.00334144235372	-0.00190253772106	0.00307175888047	-0.00421081736473	0.00611757818741	-0.0559195073056	-0.00991581198197	-0.0462006138929	-0.0351122385601	-0.00951585693064	-0.0768387040617	0.0447721970759	-0.0259299262845	-0.0215743305338	0.000377000396427	-0.00803908097327	-0.0158711268017	0.0018558707558	-0.0641839601533	0.0186991251901	0.0128074556975	0.0394277697125	-0.0294030445182	-0.0477827681189	-0.00315783035675	-0.00613049151222	0.00542293733126	-0.0665400101103	-0.019325056622	-0.0696207304767	-0.0396477252142	0.0780358191466	0.00330145622782	-0.0435167651174	0.051554950589	0.0254703749379	0.0409072400997
k__Bacteria;p__Bacteroidetes;c__Bacteroidia;o__Bacteroidales;f__Porphyromonadaceae;g__Parabacteroides;s__Parabacteroides_distasonis	-0.0367757115512	0.0387227612919	-0.0115614931548	-0.0161901434283	-0.0291653988681	-0.00750025083645	0.00466588413081	-0.0252673151762	-0.00641039186918	1.0	-0.0229392368114	-0.00257259289605	-0.0203212231742	-0.00357524484772	0.0956744623371	0.00826943849093	-0.0211273479558	-0.00554493610454	0.0457589978413	-0.0103691590341	-0.047162330063	-0.046483888227	-0.062065439164	0.0485352669143	-0.052828900774	0.00985227973141	0.000941434684655	0.0361950568931	-0.0202217754794	0.0272072420033	-0.0703912806855	-0.0534010809981	-0.00875729450363	-0.0075444725346	-0.0362970254313	-0.0330686354155	0.00240751475821	-0.0237807183065	0.04506344028	0.0212045052195	0.00300907282025	0.0559643987257	0.000759386460245	0.0260272458685	0.0339226499235	-0.00982908727626	-0.00875947662967	-0.0270945290027	-0.00751895860179	-0.0325736661787	0.0199804926572	-0.0203203087718	-0.0614180863303	-0.0193916295302	-0.0491500562386	0.00686981191164	-0.0143805275231	0.00166644347531	-0.00214942308752
k__Bacteria;p__Bacteroidetes;c__Bacteroidia;o__Bacteroidales;f__Bacteroidaceae;g__Bacteroides;s__Bacteroides_thetaiotaomicron	0.00926010581483	0.0065135805382	-0.0244783279309	0.0268099378059	-0.0542960373395	-0.0106339276873	0.0180776702774	0.037910110232	0.0289971165754	-0.0229392368114	1.0	-0.0132478985081	-0.0112853848149	-0.029625925946	-0.00665629953206	-0.0443828747318	0.0410172157985	0.0138834673391	-0.0099970963427	0.017273200669	0.00389723565844	-0.0135366265172	-0.0784625046137	-0.0399073027876	-0.0698438172355	-0.0037913536688	0.0367305409456	0.00441699018837	-0.00456072313366	-0.0841230782242	-0.0519560349229	-0.0290686802848	0.0359656857775	0.00774716664458	0.0106297580407	-0.0769276216229	-0.0237411274095	-0.00625405454558	0.00175944047249	-0.0227321033927	0.0520913462059	-0.0215868895004	0.0314739363187	-0.00643563630838	0.0176052951823	0.0681740803285	-0.0361025245027	0.0662887593766	-0.02064319343	-0.0463934084445	-0.0274529712475	0.0349816335534	-0.0376198924299	-0.0140872822255	-0.0354297461979	-0.0151550241576	-0.0433041737794	0.0472109974174	-0.0238681037251
k__Bacteria;p__Bacteroidetes;c__Bacteroidia;o__Bacteroidales;f__Bacteroidaceae;g__Bacteroides;s__Bacteroides_coprocola	0.0571240607964	-0.0203960636286	-0.0244844493176	-0.0527806028957	0.0146696882312	0.100092277521	0.00959038101634	-0.0568228342975	0.0371407360204	-0.00257259289605	-0.0132478985081	1.0	0.017623758719	-0.00513763422535	-0.0308936636347	0.0122457346911	-0.0333456943667	-0.00412409749978	-0.0154628828775	-0.00567613866907	0.00171320321835	0.010194525206	-0.0185026139562	0.000548353151332	-0.00393187019852	-0.0166457008563	-0.0327927400128	-0.0241757175946	0.00994393392367	-0.0389460738444	0.0138099984676	0.0593660099118	-0.0742801748707	-0.0480938206211	-0.040547975714	-0.0243052041588	-0.078466082302	0.00833970194295	-0.0494582905874	-0.0936649789177	-0.0114045915342	0.0441271220068	0.017271458501	-0.00127334119926	0.0231870075578	-0.00629473213795	-0.0351027725803	0.0318328509974	-0.0108834785734	0.0193408428654	-0.0241337424601	0.017384237631	-0.0854020899577	-0.0581646240129	-0.0469694544941	0.0271344962705	-0.0163588296183	-0.0375420583214	-0.00823387522564
k__Bacteria;p__Bacteroidetes;c__Bacteroidia;o__Bacteroidales;f__Bacteroidaceae;g__Bacteroides;s__Bacteroides_cellulosilyticus	0.0419349518992	0.0063555548921	0.0226706841424	0.00149321297244	0.0659934451526	0.0273177370927	-0.0446560010621	-0.0632056795221	-0.00186783493601	-0.0203212231742	-0.0112853848149	0.017623758719	1.0	0.0256204700717	-0.0163339359756	-0.0212728723704	-0.00337742602043	-0.0143637001269	-0.0268675174412	-0.0253482244626	0.000891581746359	-0.0419248647038	-0.0462147798114	0.00257894288175	-0.0130249982508	0.0155377371299	-0.00522911030242	-0.0157873068579	-0.0135182477954	0.0321299343723	-0.00249405059346	-0.0535178863219	0.0203425909699	-0.030828069711	-0.0423432612816	-0.0921726727723	0.0846317307817	-0.04944656584	-0.0146254703478	-0.0250468233854	-0.0231644478699	-0.0191281681026	0.0190250934757	-0.031571611287	-0.0380710485798	-0.0283630892318	0.027655905309	-0.0472264920272	0.0251398724404	-0.00454877974019	-0.0380560989365	0.00766522006814	-0.00698755372114	-0.0247860798374	-0.00758517371212	-0.0150922890956	0.0444805264583	0.00382624721511	-0.0271495006366
k__Bacteria;p__Bacteroidetes;c__Bacteroidia;o__Bacteroidales;f__Rikenellaceae;g__Alistipes;s__Alistipes_obesi	0.0100509801968	-0.0265122377106	0.0122760351678	0.0149061410478	0.0445058437207	0.0273963304983	-0.00960651468704	-0.112435635998	-0.0122279610479	-0.00357524484772	-0.029625925946	-0.00513763422535	0.0256204700717	1.0	0.0844194139483	-0.0059058356162	-0.048443602119	-0.0101715808626	-0.0351674070301	0.00286284614821	-0.0225943128623	-0.0196523424732	-0.0319684633904	-0.0220029255351	0.0362908303865	-0.0558929199159	-0.00284348772191	-0.0080422043759	0.0286805702294	-0.0174478729039	0.0149195773566	0.0201383444485	-0.0721605926494	0.0292463324515	0.0440584933843	-0.0185723325667	-0.0518866010715	-0.00508110089219	-0.0288470520893	-0.0411319123402	0.0148707831054	-0.052024482543	-0.0504598424789	-0.00867346266861	-0.0214531862765	-0.0675039473665	0.0135864809138	-0.0317892231081	-0.0599706635723	0.0157175015737	-0.0233703770745	0.0366080244812	-0.00588703512354	0.0474231840201	0.0296129856074	0.008824228732	-0.0371685629737	0.00462705362668	-0.0510911675686
k__Bacteria;p__Firmicutes;c__Clostridia;o__Clostridiales;f__Lachnospiraceae;g__;s__[Eubacterium]_rectale	0.00298934209905	0.0553875568355	-0.0056391994089	-0.0448240630639	-0.0460786621111	0.0250996015065	-0.0349455567432	-0.0421242802696	-0.0247121860554	0.0956744623371	-0.00665629953206	-0.0308936636347	-0.0163339359756	0.0844194139483	1.0	0.0059726897841	-0.0374603312454	-0.0191623909849	-0.0220179315087	-0.0155151070118	0.0122675960863	0.0762271077657	0.00577029672322	0.0307385487006	0.0218617901021	-0.037509939927	0.0604424280359	-0.0454655382312	-0.00261094008781	0.0571581442394	-0.0481542729626	-0.0140597021644	0.0616837000641	-0.0190621059828	-0.0626917360061	-0.0309792863678	0.0370937046433	-0.00961077488956	-0.0921059568212	-0.045921993811	0.00356779143666	0.0497590238457	-0.0111346931026	-0.0451065142704	-0.00277906870444	0.00330100209002	0.0511805911343	-0.0100670761176	-0.0567297351704	-0.0250469319911	0.0278549752799	0.0874329197542	-0.0484160597805	-0.0321061774027	-0.0737691867248	0.00964144875394	0.0179111648747	-0.0312701769884	0.0362197508492
k__Bacteria;p__Bacteroidetes;c__Bacteroidia;o__Bacteroidales;f__Bacteroidaceae;g__Bacteroides;s__Bacteroides_plebeius	-0.0302577958872	0.0235057472092	-0.0416610796155	0.025479737962	0.0232065326829	-0.0233543658199	-0.0142641820046	0.0635319369225	-0.0248367495146	0.00826943849093	-0.0443828747318	0.0122457346911	-0.0212728723704	-0.0059058356162	0.0059726897841	1.0	-0.0278963174548	-0.0264692614952	-0.0410443698102	-0.0387579757663	-0.0518688271574	0.0505006392334	-0.0381288586915	0.0446673961631	0.0301553751225	0.0427681688645	0.0125833004626	-0.0325116007568	-0.0500294067996	0.069633408529	0.0317115196511	-0.00699299152815	-0.00361599565412	0.0469747377978	-0.0147188487371	-0.0266551636575	-0.0268026233706	-0.0382685309237	-0.0257524557507	0.0965896095341	-0.0343019773212	-0.00785192190044	-0.0363740058072	-0.0330490625865	0.052380111563	0.00989350964739	0.00411365669178	-0.0102205084546	-0.0401028509786	-0.00696344521522	0.0107010062555	-0.0750667995457	-0.018131318756	0.0490853012117	0.0122579048768	-0.036039688242	-0.0124791192445	0.0172244648147	-0.0167223043102
k__Bacteria;p__Bacteroidetes;c__Bacteroidia;o__Bacteroidales;f__Bacteroidaceae;g__Bacteroides;s__Bacteroides_fragilis	0.0395746820328	0.00385757239855	-0.0274751071977	0.0093885946461	0.0440530153554	0.0202793535775	-0.035539632247	-0.00553099053369	0.00992876714358	-0.0211273479558	0.0410172157985	-0.0333456943667	-0.00337742602043	-0.048443602119	-0.0374603312454	-0.0278963174548	1.0	-0.00304542676531	-0.0424258584929	-0.0197958613278	0.00936684784089	-0.0795204748646	0.0183117668504	0.0152244016577	-0.0107914937396	0.00767658469959	-0.0305005160332	-0.0801608794202	-0.00181807696513	-0.0100211729922	-0.0790930274692	-0.0680684591419	-0.0375454968779	-0.0238522105883	-0.0375718836631	-0.027954503453	-0.0225117453545	0.00966047533543	-0.0474912476889	0.0386028218935	-0.0135081786315	-0.0627671359873	-0.019713557403	-0.0340027335688	-0.0161247812621	0.0125658228507	0.0775577830268	-0.0105864930021	-0.0071222919157	0.0159615630156	-0.0330075153042	-0.0108094223591	0.0154632279766	-0.054395816569	-0.0323736951532	0.0185509204988	-0.0167287320717	-0.0492838462828	-0.0304815812405
k__Bacteria;p__Proteobacteria;c__Betaproteobacteria;o__Burkholderiales;f__Sutterellaceae;g__Sutterella;s__Sutterella_wadsworthensis	-0.0402299748668	0.0235390231146	-0.00846391641027	-0.00146891158566	0.0163954494081	-0.053665576682	-0.0312610674984	0.0275892229417	-0.00656350747471	-0.00554493610454	0.0138834673391	-0.00412409749978	-0.0143637001269	-0.0101715808626	-0.0191623909849	-0.0264692614952	-0.00304542676531	1.0	-0.0121721428303	0.0455702097029	-0.014059980173	0.0517875979403	-0.034709279786	-0.0054976583011	0.0236003944382	-0.0555074239311	0.0176038303241	-0.0190481613898	-0.00615558195586	-0.0194579797101	-0.0106356359996	0.0574695845731	-0.0250392101036	0.0403275205999	0.0294944016899	0.0241756598242	-0.0362663208647	-0.0965612318939	0.0683403297112	0.0285224697273	-0.000124622614971	-0.0335735806838	-0.0331787848491	-0.0556928057866	0.0339412823063	-0.00417294705918	-0.0469409930235	0.0253670451394	-0.0946390515585	0.030069763483	-0.0372892255847	0.0575530494448	0.0281598030411	0.0219596673983	0.0123373572667	0.00548498439972	-0.0462963714518	0.0210806348588	-0.0242132501152
k__Bacteria;p__Bacteroidetes;c__Bacteroidia;o__Bacteroidales;f__Porphyromonadaceae;g__Barnesiella;s__Barnesiella_intestinihominis	-0.02550836912	-0.0264744818989	-0.0596395860706	-0.0493123664769	-6.92906448332e-05	-0.00960890247458	-0.0111182234785	-0.0222699892849	-0.0563356724895	0.0457589978413	-0.0099970963427	-0.0154628828775	-0.0268675174412	-0.0351674070301	-0.0220179315087	-0.0410443698102	-0.0424258584929	-0.0121721428303	1.0	-0.0116624091643	0.0152061429912	0.0119467183951	0.052141665635	-0.0480802073764	-0.0841108377431	0.0136385442629	0.02681452906	0.0228615629858	-0.0258262453232	-0.0136714881368	-0.000388047203654	0.00405766560443	-0.0091428955924	-0.0124414131459	-0.00961386723175	-0.0139386804106	-0.0294318510966	0.0139810757578	0.025402358164	0.0142635854492	0.0108912155981	0.0215332125225	0.0353925266783	-0.00544837628037	-0.0662277620299	0.0222601478487	-0.0183528556317	0.0212816308709	-0.0597625474115	-0.00876821696862	-0.030228384822	-0.0358133707792	-0.0127898598315	0.0353049911963	-0.0223594375483	0.0644422056774	-0.0825758662819	0.0131462940447	-0.0387820214469
k__Bacteria;p__Bacteroidetes;c__Bacteroidia;o__Bacteroidales;f__Odoribacteraceae;g__Odoribacter;s__Odoribacter_splanchnicus	-0.0209769406924	-0.00458224555765	0.0202817755738	0.00813884999728	-0.0959455350787	-0.0248550578305	-0.0499623039733	-0.02754053982	-0.0120985653454	-0.0103691590341	0.017273200669	-0.00567613866907	-0.0253482244626	0.00286284614821	-0.0155151070118	-0.0387579757663	-0.0197958613278	0.0455702097029	-0.0116624091643	1.0	-0.0488153023865	0.00973206704775	0.0348871477036	-0.0152453295329	0.0336068608943	-0.00592180409554	-0.00872071519455	0.00868240856639	0.00241265507717	-0.0254504368809	-0.0318245711494	-0.0115563447053	-0.013772733938	-0.0821768231272	-0.0969338155942	-0.0215950185005	-0.0263685673318	-0.0254502312133	-0.0360342483337	0.00995700702492	-0.0289436991965	-0.0167880875243	-0.0264655130993	-0.0248508194236	0.00030892321619	0.0021943545553	-0.0660888045062	-0.00136244456811	-0.00498571142387	0.022291693796	-0.0175249916945	0.0426816002739	-0.0122420138936	0.0158952432012	0.0414105647419	0.0950930914118	-0.0077876866711	0.0245970942669	0.0195631693777
k__Bacteria;p__Bacteroidetes;c__Bacteroidia;o__Bacteroidales;f__Bacteroidaceae;g__Bacteroides;s__Bacteroides_salyersiae	0.0263860420942	-0.0244081484321	-0.0214771701583	-0.0230596077093	-0.0198933635826	-0.0114891743441	0.0236923056622	-0.00952238751726	0.0163162595033	-0.047162330063	0.00389723565844	0.00171320321835	0.000891581746359	-0.0225943128623	0.0122675960863	-0.0518688271574	0.00936684784089	-0.014059980173	0.0152061429912	-0.0488153023865	1.0	0.0511576092939	-0.0329464303151	-0.0080497626101	-0.00398023894421	-0.0650072288651	0.00354694003453	0.0255483173704	-0.00738645343477	0.0110529684814	-0.00139209878783	-0.025551649226	0.0396354517144	-0.0102238177992	-0.0137130604657	-0.0136123075887	-0.0394461136226	-0.0296053717883	-0.00998631666719	-0.0334089579463	-0.0758939529942	0.00151268383262	0.0149143807855	0.0389261080528	-0.0891849055455	-0.0336504651631	-0.0514860032103	-0.0579663243741	-0.0477135029264	-0.0181334099043	-0.0270233788068	0.0180667263979	-0.041990674302	0.027084618698	0.0236151394698	0.00681607593582	-0.0123666144857	-0.0118314292812	0.00139336093257
k__Bacteria;p__Firmicutes;c__Clostridia;o__Clostridiales;f__Ruminococcaceae;g__Ruminiclostridium;s__[Eubacterium]_siraeum	-0.0327023379045	0.0141774948471	0.0232666292328	0.0818582385007	-0.00322495789162	-0.0425311256974	-0.00259849004274	-0.016991106194	0.00811444631803	-0.046483888227	-0.0135366265172	0.010194525206	-0.0419248647038	-0.0196523424732	0.0762271077657	0.0505006392334	-0.0795204748646	0.0517875979403	0.0119467183951	0.00973206704775	0.0511576092939	1.0	0.0342564310399	0.000693011329041	0.0174267582691	-0.0486840984596	-0.0268020117943	-0.031891018245	0.0352225165689	0.0407733037826	0.0692374688226	0.0759022399082	-0.0760798881351	-0.118303194524	0.0393175972881	-0.0122673906327	-0.0725123965501	-0.0588387980234	-0.00310890189977	-0.0617613727607	0.021752104142	-0.0372805510209	-0.0496648548931	-0.0415769826443	-0.0587444570198	-0.00385216182646	-0.00892542801085	0.0174637906546	-0.0267242856604	-0.0141843601151	0.0143935998979	-0.02713498428	0.0317424477481	0.0177427467122	-0.0261602135197	-0.00827225445142	-0.0369268006413	-0.0674489459531	-0.00303888627491
k__Bacteria;p__Proteobacteria;c__Betaproteobacteria;o__Burkholderiales;f__Sutterellaceae;g__Parasutterella;s__Parasutterella_excrementihominis	0.00178791956509	-0.00899098390187	-0.0429161118639	-0.028572757916	0.00030929899227	0.00214839591564	0.00474566031574	0.0263667649275	-0.00334144235372	-0.062065439164	-0.0784625046137	-0.0185026139562	-0.0462147798114	-0.0319684633904	0.00577029672322	-0.0381288586915	0.0183117668504	-0.034709279786	0.052141665635	0.0348871477036	-0.0329464303151	0.0342564310399	1.0	0.04399168866	0.0192033874595	0.0510129251878	-0.000362715072205	0.0437092663736	-0.062606977574	-0.0345488282015	-0.013492538384	-0.0771799970137	-0.00876323655291	-0.0300318363422	-0.0119307702279	0.00122018708307	-0.0313453698622	-0.0043128122347	-0.0240005332929	-0.0203413471464	0.0387059578046	0.000593153642139	0.025033626904	0.0412189943056	0.00936132038367	-0.0232773052633	0.0376767001046	0.00859660301025	0.0107615721535	0.0277894548904	-0.0203485599876	0.0454268591551	-0.00690389751767	-0.000844734566692	-0.000577486676677	0.0232642154751	-0.00250791334893	-0.0534825234808	0.00723389277506
k__Bacteria;p__Actinobacteria;c__Actinobacteria;o__Bifidobacteriales;f__Bifidobacteriaceae;g__Bifidobacterium;s__Bifidobacterium_adolescentis	-0.0614550994694	-0.0196765583468	0.00446135950038	0.0119769979754	-0.00183759790048	-0.0602499945694	0.0185421056075	0.0220829849157	-0.00190253772106	0.0485352669143	-0.0399073027876	0.000548353151332	0.00257894288175	-0.0220029255351	0.0307385487006	0.0446673961631	0.0152244016577	-0.0054976583011	-0.0480802073764	-0.0152453295329	-0.0080497626101	0.000693011329041	0.04399168866	1.0	-0.0489868307928	-0.00562957154239	-0.00324106512406	0.017842056239	-0.0325328767549	0.0522595750989	-0.039471344902	-0.00160384295521	-0.0192820510938	0.0050305001196	-0.0314591333099	-0.0637609730597	-0.0533661216208	0.004054877435	-0.0555375686338	-0.0231765194978	-0.0142164398721	0.0203133411907	-0.0577611683815	-0.0256576508663	-0.048511162081	0.0237444167058	0.00134397131776	-0.00393937835196	-0.0202587324362	-0.054656904461	-0.0167956834944	0.0147380865998	-0.0162426590394	0.0610047534433	-0.0477686856687	-0.0576120796351	0.0611205082252	-0.00941493710156	-0.0350457116437
k__Bacteria;p__Firmicutes;c__Clostridia;o__Clostridiales;f__Oscillospiraceae;g__Oscillibacter;s__Oscillibacter_sp._KLE_1745	-0.0124034857776	-0.0317942486306	0.0108451926402	0.054537625945	-0.0116144372983	-0.0150914111242	0.0162675205107	-0.000801062512835	0.00307175888047	-0.052828900774	-0.0698438172355	-0.00393187019852	-0.0130249982508	0.0362908303865	0.0218617901021	0.0301553751225	-0.0107914937396	0.0236003944382	-0.0841108377431	0.0336068608943	-0.00398023894421	0.0174267582691	0.0192033874595	-0.0489868307928	1.0	0.0245969545243	-0.0431745121157	0.0593620886817	-0.0156075429693	0.00234336379587	0.00366464567799	-0.00745737314999	-0.00740070242556	-0.00425305323201	0.0189305131836	-0.020216797833	-0.00957377232509	-0.0870578119414	-0.00981673741091	0.00633242724192	-0.056474423922	0.0433469254984	-0.0323499867814	-0.0168779826385	0.0303313602802	0.00520869762685	0.041185020535	-0.0252458164173	0.0542177920535	0.0309250823777	-0.0393134284595	0.0339261065972	-0.0138376213685	-0.0483960221434	0.0141022161404	-0.0121893724998	-0.0147715142116	-0.0167301243627	0.029351021007
k__Bacteria;p__Bacteroidetes;c__Bacteroidia;o__Bacteroidales;f__Bacteroidaceae;g__Bacteroides;s__Bacteroides_coprophilus	-0.0463439088733	-0.0732636155337	-0.0184161070259	-0.0386484955013	-0.0274704550242	0.0201457541046	0.00146558282165	0.0149578545133	-0.00421081736473	0.00985227973141	-0.0037913536688	-0.0166457008563	0.0155377371299	-0.0558929199159	-0.037509939927	0.0427681688645	0.00767658469959	-0.0555074239311	0.0136385442629	-0.00592180409554	-0.0650072288651	-0.0486840984596	0.0510129251878	-0.00562957154239	0.0245969545243	1.0	0.0460343279646	0.0646373767436	-0.0502502206092	-0.0343244895658	-0.0456628497879	-0.0357962972824	0.0263086788362	-0.018576615403	0.0052028821146	0.025705002517	0.0396833433811	-0.0586155578434	0.0499907970657	-0.00382165595906	-0.0581955858358	-0.0242505785792	-0.0046331233468	-0.0190677333235	0.0202278053133	-0.0592219426087	0.048587988058	-0.040555273535	0.0320909767739	-0.00533683975122	0.0196311646255	0.00677612949107	0.0249616832578	-0.0181534965719	0.0156372856954	0.0178418926438	0.027749941672	0.00754497973505	0.0407720791192
k__Bacteria;p__Firmicutes;c__Clostridia;o__Clostridiales;f__Lachnospiraceae;g__Roseburia;s__Roseburia_intestinalis	-0.0499585991218	-0.0268729160002	-0.0397986043362	0.0478188203387	-0.0436994967188	-0.0301490888757	-0.0095715610089	-0.0319921698493	0.00611757818741	0.000941434684655	0.0367305409456	-0.0327927400128	-0.00522911030242	-0.00284348772191	0.0604424280359	0.0125833004626	-0.0305005160332	0.0176038303241	0.02681452906	-0.00872071519455	0.00354694003453	-0.0268020117943	-0.000362715072205	-0.00324106512406	-0.0431745121157	0.0460343279646	1.0	-0.0150977155032	-0.0191463346692	-0.098353597241	0.0262315501223	-0.0299882587761	-0.0370800467138	0.0367979870679	0.0071508522434	-0.0359371961058	0.0363440912973	0.0445443983087	-0.0223095682256	-0.00982749773909	-0.0317174833292	0.0057033330136	0.046971834214	0.00590660861919	0.0353480421728	0.0246109649949	-0.0267642601207	0.0126143187434	-0.00973294333605	-0.012555291792	-0.00871528191283	0.0331271559092	0.0245128928297	-0.0166828110585	0.0356528401615	-0.00435604897943	0.00589355249091	0.0387498967212	-0.0182091961121
k__Bacteria;p__Firmicutes;c__Clostridia;o__Clostridiales;f__Lachnospiraceae;g__Roseburia;s__Roseburia_hominis	-0.0555587353292	0.032585573641	-0.0151404044652	-0.0588909022335	-0.0497453118625	0.0427012773237	0.0278958765477	-0.0245207053385	-0.0559195073056	0.0361950568931	0.00441699018837	-0.0241757175946	-0.0157873068579	-0.0080422043759	-0.0454655382312	-0.0325116007568	-0.0801608794202	-0.0190481613898	0.0228615629858	0.00868240856639	0.0255483173704	-0.031891018245	0.0437092663736	0.017842056239	0.0593620886817	0.0646373767436	-0.0150977155032	1.0	-0.027250016663	0.0131589538856	0.0420421390912	-0.113810844116	-0.0305998828929	-0.0119495039366	0.00550667843177	-0.0420168479211	-0.0143026218899	-0.044366649402	0.0249755287515	-0.06731520587	-0.0636715432752	-0.0460478769144	-0.0443983790254	0.0130441986758	-0.0256214824544	0.0405322300707	-0.028542973601	-0.016116195361	0.00821982122238	-0.00963377664081	-0.0228480909819	-0.0491097239331	0.0282185688594	-0.0214651742001	-0.0117266678932	0.0048663406963	-0.00509948101198	0.0314932976528	0.00661932616236
k__Bacteria;p__Bacteroidetes;c__Bacteroidia;o__Bacteroidales;f__Porphyromonadaceae;g__Parabacteroides;s__Parabacteroides_johnsonii	-0.0467675828296	0.0105820361476	-0.000749904453656	-0.0470425392184	0.0398259087238	-0.00784964028192	0.0504508307202	0.012442210739	-0.00991581198197	-0.0202217754794	-0.00456072313366	0.00994393392367	-0.0135182477954	0.0286805702294	-0.00261094008781	-0.0500294067996	-0.00181807696513	-0.00615558195586	-0.0258262453232	0.00241265507717	-0.00738645343477	0.0352225165689	-0.062606977574	-0.0325328767549	-0.0156075429693	-0.0502502206092	-0.0191463346692	-0.027250016663	1.0	-0.025020044381	-0.0524611348558	-0.0196501340226	0.0571921995969	0.00279977295551	0.00755506102569	0.0145281139845	0.077971677375	-0.0089974042294	-0.0722196487565	-0.0269831590298	-0.0240642829725	0.0150471435494	-0.0266295187509	-0.0282150486923	-0.00761272308657	0.0095977885191	0.00610949986139	-0.00993933950219	-0.07391343172	-0.0260306638182	-0.0518990490805	-0.00517689635267	-0.0115243275335	-0.0582483221054	0.0655669422956	-0.00896954720224	0.041839956849	0.0242342062892	-0.00359381577566
k__Bacteria;p__Actinobacteria;c__Actinobacteria;o__Bifidobacteriales;f__Bifidobacteriaceae;g__Bifidobacterium;s__Bifidobacterium_longum	0.0416596115694	0.0340735762716	-0.00885748335418	0.00172448569734	0.00209769694719	0.0306690425059	-0.00798358273579	-0.00948863847239	-0.0462006138929	0.0272072420033	-0.0841230782242	-0.0389460738444	0.0321299343723	-0.0174478729039	0.0571581442394	0.069633408529	-0.0100211729922	-0.0194579797101	-0.0136714881368	-0.0254504368809	0.0110529684814	0.0407733037826	-0.0345488282015	0.0522595750989	0.00234336379587	-0.0343244895658	-0.098353597241	0.0131589538856	-0.025020044381	1.0	-0.0236583348986	-0.0580851722757	0.0296205647627	-0.00814314773932	0.00260346757157	0.0466236292514	0.00730009073309	0.00499286389346	-0.056135009132	0.0163296181619	-0.00970743761133	0.0182311420837	-0.0251642420966	-0.0295569269152	-0.0125106460073	0.0121558358048	0.0407100644519	-0.0121140939164	-0.0142311541282	-0.0397419205478	0.0229338115938	0.0463213119427	0.0165649824161	-0.0882244371702	-0.069432043198	-0.0177826271094	-0.0247607041894	-0.0266590231689	0.0378081810354
