#taxonomy	k__Bacteria;p__Bacteroidetes;c__Bacteroidia;o__Bacteroidales;f__Bacteroidaceae;g__Bacteroides;s__Bacteroides_vulgatus	k__Bacteria;p__Bacteroidetes;c__Bacteroidia;o__Bacteroidales;f__Bacteroidaceae;g__Bacteroides;s__Bacteroides_uniformis	k__Bacteria;p__Bacteroidetes;c__Bacteroidia;o__Bacteroidales;f__Rikenellaceae;g__Alistipes;s__Alistipes_putredinis	k__Bacteria;p__Bacteroidetes;c__Bacteroidia;o__Bacteroidales;f__Prevotellaceae;g__Prevotella;s__Prevotella_copri	k__Bacteria;p__Bacteroidetes;c__Bacteroidia;o__Bacteroidales;f__Bacteroidaceae;g__Bacteroides;s__Bacteroides_stercoris	k__Bacteria;p__Bacteroidetes;c__Bacteroidia;o__Bacteroidales;f__Bacteroidaceae;g__Bacteroides;s__Bacteroides_ovatus	k__Bacteria;p__Bacteroidetes;c__Bacteroidia;o__Bacteroidales;f__Rikenellaceae;g__Alistipes;s__Alistipes_shahii	k__Bacteria;p__Firmicutes;c__Clostridia;o__Clostridiales;f__Ruminococcaceae;g__Faecalibacterium;s__Faecalibacterium_prausnitzii	k__Bacteria;p__Bacteroidetes;c__Bacteroidia;o__Bacteroidales;f__Rikenellaceae;g__Alistipes;s__Alistipes_finegoldii	k__Bacteria;p__Bacteroidetes;c__Bacteroidia;o__Bacteroidales;f__Porphyromonadaceae;g__Parabacteroides;s__Parabacteroides_distasonis	k__Bacteria;p__Bacteroidetes;c__Bacteroidia;o__Bacteroidales;f__Bacteroidaceae;g__Bacteroides;s__Bacteroides_thetaiotaomicron	k__Bacteria;p__Bacteroidetes;c__Bacteroidia;o__Bacteroidales;f__Bacteroidaceae;g__Bacteroides;s__Bacteroides_coprocola	k__Bacteria;p__Bacteroidetes;c__Bacteroidia;o__Bacteroidales;f__Bacteroidaceae;g__Bacteroides;s__Bacteroides_cellulosilyticus	k__Bacteria;p__Bacteroidetes;c__Bacteroidia;o__Bacteroidales;f__Rikenellaceae;g__Alistipes;s__Alistipes_obesi	k__Bacteria;p__Firmicutes;c__Clostridia;o__Clostridiales;f__Lachnospiraceae;g__;s__[Eubacterium]_rectale	k__Bacteria;p__Bacteroidetes;c__Bacteroidia;o__Bacteroidales;f__Bacteroidaceae;g__Bacteroides;s__Bacteroides_plebeius	k__Bacteria;p__Bacteroidetes;c__Bacteroidia;o__Bacteroidales;f__Bacteroidaceae;g__Bacteroides;s__Bacteroides_fragilis	k__Bacteria;p__Proteobacteria;c__Betaproteobacteria;o__Burkholderiales;f__Sutterellaceae;g__Sutterella;s__Sutterella_wadsworthensis	k__Bacteria;p__Bacteroidetes;c__Bacteroidia;o__Bacteroidales;f__Porphyromonadaceae;g__Barnesiella;s__Barnesiella_intestinihominis	k__Bacteria;p__Bacteroidetes;c__Bacteroidia;o__Bacteroidales;f__Odoribacteraceae;g__Odoribacter;s__Odoribacter_splanchnicus	k__Bacteria;p__Bacteroidetes;c__Bacteroidia;o__Bacteroidales;f__Bacteroidaceae;g__Bacteroides;s__Bacteroides_salyersiae	k__Bacteria;p__Firmicutes;c__Clostridia;o__Clostridiales;f__Ruminococcaceae;g__Ruminiclostridium;s__[Eubacterium]_siraeum	k__Bacteria;p__Proteobacteria;c__Betaproteobacteria;o__Burkholderiales;f__Sutterellaceae;g__Parasutterella;s__Parasutterella_excrementihominis	k__Bacteria;p__Actinobacteria;c__Actinobacteria;o__Bifidobacteriales;f__Bifidobacteriaceae;g__Bifidobacterium;s__Bifidobacterium_adolescentis	k__Bacteria;p__Firmicutes;c__Clostridia;o__Clostridiales;f__Oscillospiraceae;g__Oscillibacter;s__Oscillibacter_sp._KLE_1745	k__Bacteria;p__Bacteroidetes;c__Bacteroidia;o__Bacteroidales;f__Bacteroidaceae;g__Bacteroides;s__Bacteroides_coprophilus	k__Bacteria;p__Firmicutes;c__Clostridia;o__Clostridiales;f__Lachnospiraceae;g__Roseburia;s__Roseburia_intestinalis	k__Bacteria;p__Firmicutes;c__Clostridia;o__Clostridiales;f__Lachnospiraceae;g__Roseburia;s__Roseburia_hominis	k__Bacteria;p__Bacteroidetes;c__Bacteroidia;o__Bacteroidales;f__Porphyromonadaceae;g__Parabacteroides;s__Parabacteroides_johnsonii	k__Bacteria;p__Actinobacteria;c__Actinobacteria;o__Bifidobacteriales;f__Bifidobacteriaceae;g__Bifidobacterium;s__Bifidobacterium_longum	k__Bacteria;p__Firmicutes;c__Clostridia;o__Clostridiales;f__;g__Flavonifractor;s__Flavonifractor_plautii	k__Bacteria;p__Firmicutes;c__Clostridia;o__Clostridiales;f__Clostridiaceae;g__Clostridium;s__Clostridium_phoceensis	k__Bacteria;p__Verrucomicrobia;c__Verrucomicrobiae;o__Verrucomicrobiales;f__Akkermansiaceae;g__Akkermansia;s__Akkermansia_muciniphila	k__Bacteria;p__Bacteroidetes;c__Bacteroidia;o__Bacteroidales;f__Prevotellaceae;g__Paraprevotella;s__Paraprevotella_xylaniphila	k__Bacteria;p__Firmicutes;c__Clostridia;o__Clostridiales;f__Ruminococcaceae;g__Ruminococcus;s__Ruminococcus_callidus	k__Bacteria;p__Bacteroidetes;c__Bacteroidia;o__Bacteroidales;f__Rikenellaceae;g__Alistipes;s__Alistipes_senegalensis	k__Bacteria;p__Firmicutes;c__Clostridia;o__Clostridiales;f__Lachnospiraceae;g__Blautia;s__Blautia_sp._KLE_1732	k__Bacteria;p__Bacteroidetes;c__Bacteroidia;o__Bacteroidales;f__Bacteroidaceae;g__Bacteroides;s__Bacteroides_oleiciplenus	k__Bacteria;p__Firmicutes;c__Clostridia;o__Clostridiales;f__Ruminococcaceae;g__Ruminococcus;s__Ruminococcus_bicirculans	k__Bacteria;p__Bacteroidetes;c__Bacteroidia;o__Bacteroidales;f__Bacteroidaceae;g__Bacteroides;s__Bacteroides_fluxus	k__Bacteria;p__Bacteroidetes;c__Bacteroidia;o__Bacteroidales;f__Prevotellaceae;g__Prevotella;s__Prevotella_stercorea	k__Bacteria;p__Firmicutes;c__Clostridia;o__Clostridiales;f__Lachnospiraceae;g__Dorea;s__Dorea_longicatena	k__Bacteria;p__Firmicutes;c__Clostridia;o__Clostridiales;f__Eubacteriaceae;g__Eubacterium;s__[Eubacterium]_eligens	k__Bacteria;p__Firmicutes;c__Clostridia;o__Clostridiales;f__Ruminococcaceae;g__;s__Ruminococcaceae_bacterium_D16	k__Bacteria;p__Firmicutes;c__Clostridia;o__Clostridiales;f__Lachnospiraceae;g__Coprococcus;s__Coprococcus_comes	k__Bacteria;p__Proteobacteria;c__Gammaproteobacteria;o__Enterobacterales;f__Enterobacteriaceae;g__Escherichia;s__Escherichia_coli	k__Bacteria;p__Firmicutes;c__Clostridia;o__Clostridiales;f__Ruminococcaceae;g__Anaerotruncus;s__Anaerotruncus_colihominis	k__Bacteria;p__Firmicutes;c__Clostridia;o__Clostridiales;f__Lachnospiraceae;g__Blautia;s__Blautia_obeum	k__Bacteria;p__Bacteroidetes;c__Bacteroidia;o__Bacteroidales;f__Odoribacteraceae;g__Odoribacter;s__Odoribacter_laneus	k__Bacteria;p__Firmicutes;c__Clostridia;o__Clostridiales;f__Ruminococcaceae;g__Ruminiclostridium;s__[Clostridium]_leptum	k__Bacteria;p__Bacteroidetes;c__Bacteroidia;o__Bacteroidales;f__Porphyromonadaceae;g__Parabacteroides;s__Parabacteroides_goldsteinii	k__Bacteria;p__Firmicutes;c__Clostridia;o__Clostridiales;f__Lachnospiraceae;g__Anaerostipes;s__Anaerostipes_hadrus	k__Bacteria;p__Firmicutes;c__Clostridia;o__Clostridiales;f__Ruminococcaceae;g__Ruminococcus;s__Ruminococcus_lactaris	k__Bacteria;p__Firmicutes;c__Clostridia;o__Clostridiales;f__Clostridiaceae;g__Clostridium;s__Clostridium_sp._L2-50	k__Bacteria;p__Firmicutes;c__Clostridia;o__Clostridiales;f__Clostridiaceae;g__Clostridium;s__Clostridium_sp._M62/1	k__Bacteria;p__Firmicutes;c__Clostridia;o__Clostridiales;f__;g__Intestinimonas;s__Intestinimonas_butyriciproducens	k__Bacteria;p__Actinobacteria;c__Actinobacteria;o__Bifidobacteriales;f__Bifidobacteriaceae;g__Bifidobacterium;s__Bifidobacterium_bifidum	k__Bacteria;p__Firmicutes;c__Negativicutes;o__Veillonellales;f__Veillonellaceae;g__Dialister;s__Dialister_invisus	k__Bacteria;p__Bacteroidetes;c__Bacteroidia;o__Bacteroidales;f__Bacteroidaceae;g__Bacteroides;s__Bacteroides_salanitronis
k__Bacteria;p__Bacteroidetes;c__Bacteroidia;o__Bacteroidales;f__Bacteroidaceae;g__Bacteroides;s__Bacteroides_vulgatus	1.0	-0.0507761351446	-0.02821150062	0.0560186809115	-0.0123943287898	0.00612224964234	0.0114131363907	-0.00697269521495	0.0253790260195	0.0241785202313	0.0103405842954	0.018834237568	0.00402238002441	0.00528828103059	-0.0820925081105	-0.0488994895389	-0.05426956745	-0.0245363749508	-0.019163396933	0.0153667541248	-0.00862571603191	-0.0359325048835	0.0430044304372	0.0183751960476	-0.00103294739274	0.0465575323806	0.00320720300249	-0.00428641180242	-0.00589221018321	0.00380915311652	-0.0494885604544	-0.00826735490678	-0.0207198770459	-0.00610002478852	0.0533369441528	-0.0375695786457	0.0323752868359	-0.00210964128157	-0.0311140237291	-0.0233721516317	0.00295901586462	-0.0262238348942	0.00523374817161	-0.029755852716	0.0284880034124	-0.00665143509586	0.014548698129	0.0570903949447	0.00450806501901	0.0403473824066	0.00818600700747	0.0126184411046	-0.00874916804451	0.0641843981202	-0.0278898185831	-0.0448272768119	-0.00809879983917	0.0328427129594	-0.0469638272764
k__Bacteria;p__Bacteroidetes;c__Bacteroidia;o__Bacteroidales;f__Bacteroidaceae;g__Bacteroides;s__Bacteroides_uniformis	-0.0507761351446	1.0	-0.0343823322646	-0.0690437935147	0.0537188962916	0.0222007760215	-0.00557890691995	-0.00928286932667	-0.067342326499	0.0542451665034	0.0141817332921	-0.00935804101918	0.000877176921584	-0.0094615818762	-0.0249869282166	-0.038070413833	-0.0294003979829	-0.0218617022562	0.0177041406769	0.0546275188527	-0.0356306989358	0.00634497981724	-0.0425587216187	-0.0541588599602	0.000805908083457	-0.0258791221125	-0.0024389071872	0.00811091424939	-0.0252391672302	-0.0445818838275	0.0441976065748	0.0106945974316	0.000977919430208	0.000457211204995	-0.0106220035068	-0.0659000418452	0.0256079687493	0.0247507386732	-0.0567131476634	0.0375912532891	-0.0301297853587	0.022772919437	-0.00257780539766	-0.0310223481343	0.00420138206354	-0.0170306805993	0.00110892820903	-0.0660719769831	0.0281835566515	-0.00332735351624	-0.00923677145887	0.00380167403384	0.0522270396213	-0.0307828504687	0.0174504459721	0.0320639310506	0.0189422788086	0.00348391690411	-0.0345056490173
k__Bacteria;p__Bacteroidetes;c__Bacteroidia;o__Bacteroidales;f__Rikenellaceae;g__Alistipes;s__Alistipes_putredinis	-0.02821150062	-0.0343823322646	1.0	-0.00267014915397	-0.0102491694227	0.00753491502763	0.0245500818897	-0.0216303928562	-0.0158677183743	-0.0411919298041	0.0542954479691	-0.00929795571351	0.0276864311019	-0.0332657250837	-0.0282503121444	-0.000326964699128	-0.00162910597127	-0.0522141014271	0.015578680066	-0.0316480476972	0.0401294309993	0.0728603689588	-0.05636594033	-0.0294534274013	0.0166280710347	0.00933896631014	0.0106030749888	0.0162737762587	0.0387500457366	0.0693293231955	0.0128493433205	-0.0915424367667	-0.0250831980371	-0.0547267682586	-0.0311722244246	0.0178918253503	-0.0112012996037	-0.0361713768826	0.0249523052154	-0.0181289316464	-0.0492176973042	0.0203984288034	-0.0361397290653	0.000415421989724	0.0326010510796	-0.00822362235368	0.00599370569116	-0.0477373353974	0.0256087309061	-0.00585879698598	0.0224127041753	0.0258085679049	-0.0786717957584	0.00721850248476	-0.0182583384396	-0.0100688615411	0.000354398936757	-0.0733987166592	-0.0591256299902
k__Bacteria;p__Bacteroidetes;c__Bacteroidia;o__Bacteroidales;f__Prevotellaceae;g__Prevotella;s__Prevotella_copri	0.0560186809115	-0.0690437935147	-0.00267014915397	1.0	-0.0935381941983	-0.0144734326055	0.0418603637888	-0.00670902994792	0.0292879156445	-0.0218861343667	-0.0221966289002	0.0276557125449	-0.0274487239726	0.0391454241516	-0.0135789769471	-0.00624243347362	0.0140340616154	-0.000420133765051	-0.0126439292071	0.0046506459211	-0.0155895159281	-0.0333541035741	-0.00520939525831	0.0416410883837	0.0204711734698	-0.0285170583491	-0.0165709873645	0.0162119929562	0.0379363636862	0.00183766747852	0.0504327799465	-0.0220503217599	0.00189416082344	0.0412444865733	0.0181983735661	0.0188966381594	0.0210763777411	0.0286447024798	0.00739851480546	-0.00263182035178	-0.0114548878367	0.0187590702721	0.0271489966824	-0.0859689285569	-0.0480577209927	-0.000599515616155	-0.0235239461492	0.0378969424645	-0.020423709501	0.00742759370833	0.00459438789631	-0.046170674091	-0.0583891916508	0.00576951606328	-0.0156837031301	0.0106372216525	-0.0129767349963	-0.0413398063375	-0.0101676183831
k__Bacteria;p__Bacteroidetes;c__Bacteroidia;o__Bacteroidales;f__Bacteroidaceae;g__Bacteroides;s__Bacteroides_stercoris	-0.0123943287898	0.0537188962916	-0.0102491694227	-0.0935381941983	1.0	-0.0429789802171	0.00623631313808	0.034512645197	-0.0229522810638	-0.0174685503338	-0.0680915466022	0.00437601286953	-0.0313080705295	0.035406884681	0.0631242298062	-0.0393733913871	-0.061899359172	-0.0285260848124	0.0428515153116	-0.0107128047055	-0.00190407315381	0.0212784466196	0.0612954368073	-0.0653092670617	0.0655159479092	-0.0591091104318	0.0252679715157	-0.0705813837463	-0.00364673337581	-0.0203059522022	0.0115703777182	0.0432771277095	-0.0732377618774	-0.0332873897078	0.00476622717845	0.00690639377544	-0.0207574220979	-0.0171700791609	-0.0466971910644	0.0287515419502	-0.0223435208132	-0.0700833179731	-0.00722505141341	0.026274254377	-0.0672576865455	0.053244096645	-0.0144722141933	-0.012446697262	-0.0278359544108	0.0289116598727	-0.014958055411	0.00305203534417	-0.0115887164578	0.0269403997766	0.0586363376337	-0.00140533175426	-0.00625145618542	-0.026880637798	0.0507860029124
k__Bacteria;p__Bacteroidetes;c__Bacteroidia;o__Bacteroidales;f__Bacteroidaceae;g__Bacteroides;s__Bacteroides_ovatus	0.00612224964234	0.0222007760215	0.00753491502763	-0.0144734326055	-0.0429789802171	1.0	-0.0201269573266	-0.0134796145015	0.0361413055096	0.0128166310096	0.0261775059516	0.0249845460221	0.0307250828005	0.00230415054962	0.0422804412496	-0.0661262981166	0.0110903172266	-0.0391625302787	0.0221416085649	-0.0492747639656	0.0306017341798	-0.0048513805101	-0.062699383464	-0.00706331524296	-0.0263044264386	-0.0235982956491	-0.0594326545396	0.0489667041878	0.0668719319706	-0.0150685513991	-0.00921867726158	-0.0260660387106	0.0142925397171	-0.0364472921464	0.0168873703781	-0.00989621372933	0.0344136834895	-0.00428480374668	-0.0185797533626	0.054045824161	0.0715024219651	0.0440302569036	-0.050268452847	0.0526582451082	-0.0969099467361	-0.0306885665966	-0.0368865557583	-0.0600871661699	-0.0356252724853	-0.0258882575045	-0.0776826584933	-0.0369109659658	-0.0309810873446	-0.00298669812047	-0.0350119784101	0.0165190469383	-0.0658414652724	-0.0136303782492	-0.0173255923108
k__Bacteria;p__Bacteroidetes;c__Bacteroidia;o__Bacteroidales;f__Rikenellaceae;g__Alistipes;s__Alistipes_shahii	0.0114131363907	-0.00557890691995	0.0245500818897	0.0418603637888	0.00623631313808	-0.0201269573266	1.0	0.0342667288353	0.0523658491949	-0.0467714294154	-0.0326906001507	-0.0189806283188	-0.0423271299314	-0.0152751303489	-0.0175012206414	-0.0203776274609	0.0124609575677	-0.0546246850339	0.0836004528701	0.0192194504765	-0.0158518267053	-0.00370249213659	-0.0138248075955	0.0248954117173	0.00602654944541	-0.0218836025691	-0.0293667007362	-0.0302046173022	-0.0207932727145	-0.0126960324409	0.0673069569023	0.0226486323964	0.0214207444319	-0.0100183770136	0.019801389176	0.0114505737317	0.0546492733066	-0.0781260056816	-9.26712187978e-05	0.00219557410038	-0.00173244543902	-0.0198672280653	-0.0247833993509	-0.0103258471268	-0.0222254619211	-0.0383188031584	-0.0725859289161	-0.0036030067289	-0.029259160822	-0.035363951709	-0.0268143649788	-0.0216481175699	-0.0416384036577	-0.0086851699475	-0.011822578342	0.00572212096542	-0.0453715089179	0.011514879445	0.0210857715192
k__Bacteria;p__Firmicutes;c__Clostridia;o__Clostridiales;f__Ruminococcaceae;g__Faecalibacterium;s__Faecalibacterium_prausnitzii	-0.00697269521495	-0.00928286932667	-0.0216303928562	-0.00670902994792	0.034512645197	-0.0134796145015	0.0342667288353	1.0	0.0137411718923	-0.0363672096657	0.00740443400793	0.0152286585068	-0.0738646404287	-0.0867786778517	0.0267335890284	-0.00822224727941	-0.0560240689777	-0.00195279433408	0.00528895657192	-0.00544527000878	0.0516845941401	0.025141107196	-0.0329533963008	0.0249118357029	-0.017823405608	-0.0170833968101	-0.00806229709832	0.036826808278	0.000788595788504	-0.00564798272059	-0.019402492742	-0.0177724378859	0.00175745204499	-0.00438403779324	0.0143901751408	-0.0070451737612	-0.0306372974943	0.00221882950647	-0.0227585945578	-0.0440960275322	-0.0333078602688	-0.022672740953	-0.0384935829717	0.0284785845857	-0.00374629941512	0.0122849425666	0.0168685096049	-9.06728865758e-05	-0.00366554619587	0.0110927644372	-0.0849611743078	-0.0115855622425	-0.00559057860957	0.0215107539474	0.0434857302444	-0.0715067086932	0.0115801893592	-0.00154314428213	-0.0635920773076
k__Bacteria;p__Bacteroidetes;c__Bacteroidia;o__Bacteroidales;f__Rikenellaceae;g__Alistipes;s__Alistipes_finegoldii	0.0253790260195	-0.067342326499	-0.0158677183743	0.0292879156445	-0.0229522810638	0.0361413055096	0.0523658491949	0.0137411718923	1.0	-0.083604145979	0.0371751314932	-0.029084423441	0.0271050058362	-0.0518618436319	-0.0995732594386	0.0425710774375	-0.00730462166343	0.0618806224548	-0.010449279699	-0.0266524305282	-0.0408369079308	0.0141565007884	-0.00848771383145	0.0120535199425	-0.00197127897973	0.00468066213324	0.0170808765775	-0.0495808451407	-0.00463574969357	0.0301049727866	-0.067822058865	-0.0238914121938	0.00159295121145	0.00287999466943	-0.0552937095687	-0.0525651646027	0.0884630255363	-0.0307655159827	0.0614971929704	-0.0527079978793	0.0299772046113	0.0295874585267	-0.0537888801965	0.00977325323976	-0.00990307832104	0.044220601934	0.00842128183452	-0.0609158528318	-0.0126820991878	0.0362903332777	0.00319852734508	0.00328954241535	-0.0268668176092	0.0271808556735	-0.0134652051625	-0.00375673773736	-0.0739171887809	0.00918252075569	-0.0284733999931
k__Bacteria;p__Bacteroidetes;c__Bacteroidia;o__Bacteroidales;f__Porphyromonadaceae;g__Parabacteroides;s__Parabacteroides_distasonis	0.0241785202313	0.0542451665034	-0.0411919298041	-0.0218861343667	-0.0174685503338	0.0128166310096	-0.0467714294154	-0.0363672096657	-0.083604145979	1.0	-0.0272902078652	-0.0242892735419	0.0447351661435	-0.00598675118749	0.0163538107261	-0.0736142002233	-0.00164294685346	-0.0241920464185	0.00462582645698	0.0142290333434	-0.0203004721361	0.00190891354539	-0.00514676373088	-0.0497601907933	-0.0664641339841	0.0336407804575	0.0178295597848	0.0459784880175	-0.0537672349109	0.0613383153013	-0.0280656956954	-0.00316279976248	-0.0181990724279	-0.00991380733708	-0.0454129249535	-0.0087753338886	-0.0639400477616	-0.00833462385528	0.0341158908793	-0.0622426788753	0.025795881587	-0.0391344591623	-0.0319564528282	-0.00360175728894	-0.0121284374185	0.0529700997302	-0.0477698987125	-0.0342724141257	0.0393857846222	-0.0499793978855	-0.0205273591774	0.0200179344592	-0.00236486121132	-0.0536846721822	0.0268716405762	0.0284223596679	-0.0161546174654	-0.0282091035285	-0.00904636649417
k__Bacteria;p__Bacteroidetes;c__Bacteroidia;o__Bacteroidales;f__Bacteroidaceae;g__Bacteroides;s__Bacteroides_thetaiotaomicron	0.0103405842954	0.0141817332921	0.0542954479691	-0.0221966289002	-0.0680915466022	0.0261775059516	-0.0326906001507	0.00740443400793	0.0371751314932	-0.0272902078652	1.0	-0.0663075494622	-0.0106117503826	-0.00477420108911	-0.0287724709745	0.0324559346647	0.0697316812797	-0.0435427418616	0.00827169225657	0.0153131192	0.00901564040831	-0.0297588154689	-0.0019188895732	-0.0341168470743	-0.0164720418384	-0.038356487536	0.0219237767502	-0.0215606008614	-0.0496012532757	-0.0125095818636	-0.034584238734	-0.0170384782232	0.0483646335555	-0.0341862445715	0.0464889804891	0.03055587698	-0.0679242181502	-0.0173732965395	-0.00385885837422	0.00569657348804	0.00515624018532	-0.039211216236	0.0400875003388	0.0396158215326	0.0285069114042	0.0613413719702	-0.0290377970142	0.022013544353	-0.0201658749472	-0.0296012095978	-0.0163874574957	-0.0147642291925	-0.00605348153513	0.022800733657	0.00637897602736	-0.062686860542	0.047854713434	-0.0257220091721	0.0318494311868
k__Bacteria;p__Bacteroidetes;c__Bacteroidia;o__Bacteroidales;f__Bacteroidaceae;g__Bacteroides;s__Bacteroides_coprocola	0.018834237568	-0.00935804101918	-0.00929795571351	0.0276557125449	0.00437601286953	0.0249845460221	-0.0189806283188	0.0152286585068	-0.029084423441	-0.0242892735419	-0.0663075494622	1.0	-0.024811872956	0.0264450505153	-0.0377110738001	-0.0367081008843	-0.00910444304182	-0.00707520333794	0.00143005967201	-0.0649090548482	0.0123739528225	0.00194758755085	0.0392173171519	-0.00111401233643	-0.0327191657063	0.0089409467853	-0.00542365139839	0.0104396724081	0.0347935004535	0.0137023380698	0.00643873636459	0.0221361985601	0.0406327405626	-0.0048414153043	-0.0132095300641	0.0118891694783	-0.018962803345	0.0533539280994	0.0614160377643	0.0504939368782	0.0236275022417	0.00155805030964	0.0251308219924	-0.0812960682973	0.000532959008258	0.00881295714022	-0.0297065849897	-0.015424073072	-0.0682333783026	-0.02321507151	-0.0409801502967	-0.0364346692813	0.0479042803764	-0.0167730246268	0.0224996164274	0.00469896941517	-0.00257370596418	0.0193834348325	-0.0224249287688
k__Bacteria;p__Bacteroidetes;c__Bacteroidia;o__Bacteroidales;f__Bacteroidaceae;g__Bacteroides;s__Bacteroides_cellulosilyticus	0.00402238002441	0.000877176921584	0.0276864311019	-0.0274487239726	-0.0313080705295	0.0307250828005	-0.0423271299314	-0.0738646404287	0.0271050058362	0.0447351661435	-0.0106117503826	-0.024811872956	1.0	0.00231153753797	0.0444167122481	-0.0440457343125	0.0277468761052	0.0104289327833	-0.0793572078005	-0.0120477709875	-0.0261101897552	0.0210652406982	-0.022104196243	-0.0058423847915	0.0492531125954	-0.00988487593845	0.00648946859535	0.0136268391432	-0.111207350672	0.0821813558146	-0.0232650550548	-0.0608268226104	0.00184550102445	-0.0526431116492	-0.033617851957	-0.0236029269415	0.00950665268917	-0.0115672086012	-0.0214887091721	0.0290056612167	-0.0590968868047	-0.0307046393667	-0.0289306611738	0.031288499509	0.057388951922	0.000471918494528	0.0307849013525	-0.00640519315928	0.0285840851953	-0.0118225991576	-0.0237160234687	0.0167731865819	0.00800110872674	-0.0439930183542	0.02048570244	0.0242933809678	-0.0235091531151	-0.0050261430022	-0.0253915231428
k__Bacteria;p__Bacteroidetes;c__Bacteroidia;o__Bacteroidales;f__Rikenellaceae;g__Alistipes;s__Alistipes_obesi	0.00528828103059	-0.0094615818762	-0.0332657250837	0.0391454241516	0.035406884681	0.00230415054962	-0.0152751303489	-0.0867786778517	-0.0518618436319	-0.00598675118749	-0.00477420108911	0.0264450505153	0.00231153753797	1.0	-0.0684924085324	0.021084521684	-0.0315706157544	-0.0734472582071	0.00427384001513	-0.0171488484268	-0.0376963766594	-0.0463739045134	0.0289228048811	0.0196359988653	0.0256141369801	0.0332316736717	-0.0398930777509	0.0166723381064	-0.0367728085733	-0.000740795302334	0.0474133409596	-0.0170547604444	-0.0236993917897	0.0110311773407	-0.0204039569227	-0.00144395707196	0.0226857510629	-0.00724927993268	0.0271896715902	-0.0168421925504	-0.0457268322678	-0.0531854729022	-0.0321627566824	-0.00203821545665	-0.048081554599	-0.0652344892335	0.0674975120422	0.0372766873537	0.0310753025655	-0.0416960884338	-0.0272439773699	0.0195492792582	-0.0390324178091	0.0113556278233	0.0163546421675	-0.0430098406206	-0.042261092404	-0.0286144665884	0.0121131721727
k__Bacteria;p__Firmicutes;c__Clostridia;o__Clostridiales;f__Lachnospiraceae;g__;s__[Eubacterium]_rectale	-0.0820925081105	-0.0249869282166	-0.0282503121444	-0.0135789769471	0.0631242298062	0.0422804412496	-0.0175012206414	0.0267335890284	-0.0995732594386	0.0163538107261	-0.0287724709745	-0.0377110738001	0.0444167122481	-0.0684924085324	1.0	-0.0254531099803	0.0785795821883	-0.0440657050591	0.0353629725141	0.0421615097634	0.0316763467307	0.0415497975981	0.0164666139463	-0.0215080834641	0.0507304713829	0.0160026809597	-0.0311923747543	-0.0347390369199	0.016753702878	-0.0189453954396	-0.0379657083961	-0.0204261942087	-0.0217617028432	0.0190155682051	0.0222583520141	-0.00433391234251	-0.0371509943075	-0.00512315552431	-0.0137307771726	0.0129629947266	0.0396508108871	-0.0124235250929	0.0232650986674	-0.0370389551174	-0.0124999763319	0.0157609287747	0.0239759200803	-0.00427833877202	0.0162595116178	-0.00822683224246	-0.0628765585701	-0.018071270651	0.00521815848793	-0.01942654587	0.0397741989503	-0.0673774540979	-0.00149311044818	0.0281647211204	0.0139558019736
k__Bacteria;p__Bacteroidetes;c__Bacteroidia;o__Bacteroidales;f__Bacteroidaceae;g__Bacteroides;s__Bacteroides_plebeius	-0.0488994895389	-0.038070413833	-0.000326964699127	-0.00624243347362	-0.0393733913871	-0.0661262981166	-0.0203776274609	-0.00822224727941	0.0425710774375	-0.0736142002233	0.0324559346647	-0.0367081008843	-0.0440457343125	0.021084521684	-0.0254531099803	1.0	-0.0351184915573	-0.0648157743539	-0.0674107385943	-0.0160876194956	-0.0523813847923	0.0290685979074	0.00484398524513	0.039208148209	0.0253323185709	-0.0456216692107	0.00759974217969	-0.00196166358982	0.00304516492192	-0.00429425914901	0.00414993694762	-0.00747982247133	0.0155712811017	-0.0117186479347	0.037985700879	-0.00583700902981	-0.00611595745871	0.0315755004239	-0.0228661758825	-0.0157890766671	0.0183245053768	0.0443267099988	-0.0101215618552	-0.00482825234621	-0.0095032731003	-0.000903127961254	-0.0496592366745	0.0635273565038	-0.0123303683018	0.0298775635804	0.0337244190406	-0.027517716649	0.0167734006854	-0.0834954140795	0.0184775655332	-0.00313224111883	-0.0255280619989	0.0192339333415	0.0246328096249
k__Bacteria;p__Bacteroidetes;c__Bacteroidia;o__Bacteroidales;f__Bacteroidaceae;g__Bacteroides;s__Bacteroides_fragilis	-0.05426956745	-0.0294003979829	-0.00162910597127	0.0140340616154	-0.061899359172	0.0110903172266	0.0124609575677	-0.0560240689777	-0.00730462166343	-0.00164294685346	0.0697316812797	-0.00910444304182	0.0277468761052	-0.0315706157544	0.0785795821883	-0.0351184915573	1.0	-0.0590022477137	0.0252703174165	0.0988846696458	-0.0389714873984	0.016849554815	-0.0650372701552	0.00101586602426	-0.0490728609029	-0.00454395326942	-0.0235083356097	0.0116318353293	0.0216206701268	-0.0138500995886	-0.0311543112076	-0.00415831161229	0.0591458133314	0.0244701750581	0.0341097764345	0.0255331934532	-0.0721885956332	-0.00972681847315	0.0270380253382	0.0181273480253	0.00580328403839	-0.0139265161463	-0.000754012279027	0.0703392701187	-0.0189765904318	-0.0232064011422	0.0328192705214	-0.0141924817027	0.0191896625195	0.0279901334206	0.00300773691146	-0.0584263293931	-0.0271430256893	-0.00953705771599	0.0779947235254	-0.0748367984406	0.042362047553	-0.0529899647155	0.0144974827236
k__Bacteria;p__Proteobacteria;c__Betaproteobacteria;o__Burkholderiales;f__Sutterellaceae;g__Sutterella;s__Sutterella_wadsworthensis	-0.0245363749508	-0.0218617022562	-0.0522141014271	-0.000420133765051	-0.0285260848124	-0.0391625302787	-0.0546246850339	-0.00195279433408	0.0618806224548	-0.0241920464185	-0.0435427418616	-0.00707520333794	0.0104289327833	-0.0734472582071	-0.0440657050591	-0.0648157743539	-0.0590022477137	1.0	-0.0577857156332	0.0126138131118	-0.0392890165288	0.0511187217771	-0.0628209286696	-0.0700737672449	0.0708157847029	-0.00538059769849	0.00757594898474	-0.0170415952873	-0.0113591920744	-0.02909255328	-0.0091297093249	-0.0335106470241	-0.0426216113028	-0.0254221168801	0.00139001436261	0.00298828887075	0.00294633230315	0.0315563077645	-0.0384804908758	-0.0039700626605	-0.0280335212379	-0.0204237254269	-0.035715415263	-0.0106200397993	-0.0265727425533	-0.0302892503104	0.0101422990561	-0.00801025554823	0.0224951895278	-0.0100041805626	-0.0350363170084	-0.065714479393	0.0037003651956	-0.0324749460328	0.0136648338874	0.105297522903	0.0260954933431	0.00615818020725	0.0575884738299
k__Bacteria;p__Bacteroidetes;c__Bacteroidia;o__Bacteroidales;f__Porphyromonadaceae;g__Barnesiella;s__Barnesiella_intestinihominis	-0.019163396933	0.0177041406769	0.015578680066	-0.0126439292071	0.0428515153116	0.0221416085649	0.0836004528701	0.00528895657192	-0.010449279699	0.00462582645698	0.00827169225657	0.00143005967201	-0.0793572078005	0.00427384001513	0.0353629725141	-0.0674107385943	0.0252703174165	-0.0577857156332	1.0	-0.0210356509991	0.00950975494134	0.00781408978329	0.00864752558401	-0.0126202397688	-0.0036711781473	0.0124297683986	-0.0330235772947	-0.00536937239745	0.0233823660399	-0.0989765017454	0.0428627380612	0.0330321439211	-0.0103897488452	-0.0152401024385	-0.0487365370172	-0.0205571775752	-0.0223006860807	-0.00709923720623	-0.0381616220364	0.0239142504279	-0.00960673418199	0.0243647329516	0.0211342750474	-0.00930188164991	-0.0184490035565	-0.0390255292521	0.0388912677255	0.00628265599967	0.0165389414265	-0.00538373102803	0.0359716056485	-0.0187102576176	-0.0312851849727	-0.00672732849902	-0.0447571369692	0.0277866222897	0.00906870884636	0.0144890286483	0.00979295167076
k__Bacteria;p__Bacteroidetes;c__Bacteroidia;o__Bacteroidales;f__Odoribacteraceae;g__Odoribacter;s__Odoribacter_splanchnicus	0.0153667541248	0.0546275188527	-0.0316480476972	0.0046506459211	-0.0107128047055	-0.0492747639656	0.0192194504765	-0.00544527000878	-0.0266524305282	0.0142290333434	0.0153131192	-0.0649090548482	-0.0120477709875	-0.0171488484268	0.0421615097634	-0.0160876194956	0.0988846696458	0.0126138131118	-0.0210356509991	1.0	0.0167442314619	-0.0331426054486	-0.0278970342445	-0.0137860990304	-0.0430442496003	0.0177790010084	0.0115896248773	-0.0318897235666	-0.0780164741266	-0.0103535277713	0.0590574829459	-0.0188279672981	0.0187432797516	-0.0484912556841	-0.0739646102181	-0.0455712404467	-0.00410030546765	-0.0163173178924	-0.0689471915977	0.0241244575112	-0.0312256835044	-0.052385447211	0.000554795753984	-0.0520605546239	-0.000471796370862	-0.0140204645024	0.0116277089909	0.0124310267648	-0.00673327542013	0.0648812254228	-0.0296080147341	0.0116080585275	0.00261183399568	-0.0317986189825	0.0483819952103	0.00514923272292	-0.00655304946319	0.0324111765257	-0.0980880239395
k__Bacteria;p__Bacteroidetes;c__Bacteroidia;o__Bacteroidales;f__Bacteroidaceae;g__Bacteroides;s__Bacteroides_salyersiae	-0.00862571603191	-0.0356306989358	0.0401294309993	-0.0155895159281	-0.00190407315381	0.0306017341798	-0.0158518267053	0.0516845941401	-0.0408369079308	-0.0203004721361	0.00901564040831	0.0123739528225	-0.0261101897552	-0.0376963766594	0.0316763467307	-0.0523813847923	-0.0389714873984	-0.0392890165288	0.00950975494134	0.0167442314619	1.0	-0.107253785613	-0.0530215066683	0.0429760884396	-0.00095959690634	0.0248656337143	0.0298920036692	-0.0183339941159	-0.0303299154071	-0.000543142410955	-0.0107585240324	-0.0352417774135	-0.0464397820562	0.00337367379751	-0.00176340600656	0.00788231076123	0.0237534339129	-0.0575223050481	-0.0433195897947	0.000344621959059	0.0125564812208	-0.0459310377499	-0.0795996667439	0.0114979056775	0.0445521997364	-0.0119884365588	-0.010760505486	-0.00492126019646	-0.00385492474026	0.048672820095	-0.0301915878707	0.0120939339487	-0.0207363327665	-0.00460738778933	-0.0103159801518	-0.039992679729	0.0256535198981	0.00333788990194	-0.0385975844906
k__Bacteria;p__Firmicutes;c__Clostridia;o__Clostridiales;f__Ruminococcaceae;g__Ruminiclostridium;s__[Eubacterium]_siraeum	-0.0359325048835	0.00634497981724	0.0728603689588	-0.0333541035741	0.0212784466196	-0.0048513805101	-0.00370249213659	0.025141107196	0.0141565007884	0.00190891354539	-0.0297588154689	0.00194758755085	0.0210652406982	-0.0463739045134	0.0415497975981	0.0290685979074	0.016849554815	0.0511187217771	0.00781408978329	-0.0331426054486	-0.107253785613	1.0	-0.0353062847173	-0.0178167009304	-0.00770608275085	0.0408189618747	0.0317982140302	-0.0365681210131	0.00171770435885	-0.0313025092828	-0.0244890287403	0.0373189536909	0.0727629722395	-0.0516318101892	-0.0689507580864	-0.00474384481006	0.021608012073	0.0764877570723	-0.0257222213569	-0.00830795908076	-0.0180371841263	0.00880465950319	-0.00771202620498	-0.00490065199013	-0.0270713981955	-0.0333583852214	0.0660434177434	-0.0239065786838	0.00626608541439	0.00673325919521	0.00805084684131	-0.00883502758119	0.0512869622314	-0.00663010320236	-0.01915542719	0.000254832638324	0.00431005209384	-0.00464585073039	-0.0259009970641
k__Bacteria;p__Proteobacteria;c__Betaproteobacteria;o__Burkholderiales;f__Sutterellaceae;g__Parasutterella;s__Parasutterella_excrementihominis	0.0430044304372	-0.0425587216187	-0.05636594033	-0.00520939525831	0.0612954368073	-0.062699383464	-0.0138248075955	-0.0329533963008	-0.00848771383145	-0.00514676373088	-0.0019188895732	0.0392173171519	-0.022104196243	0.0289228048811	0.0164666139463	0.00484398524513	-0.0650372701552	-0.0628209286696	0.00864752558401	-0.0278970342445	-0.0530215066683	-0.0353062847173	1.0	-0.0225462066066	-0.0603390347359	-0.0436569739357	-0.00823104489139	-0.00715397425457	0.0102268916856	-0.0455989132316	0.0460109782075	-0.0602077332625	-0.0320196107973	0.0693371720778	0.0201847274312	-0.0297860829188	-0.0597541186493	0.0145580401141	-0.0213475592326	0.033870181674	0.0378329141419	-0.027808216714	-0.0170043794957	0.00836220883906	-0.00576292743198	-0.028302162663	-0.035002882365	0.0316809063306	0.027660088144	-0.0224047603449	-0.0453407792463	0.037900325716	-0.00274955815807	-0.0337854516196	0.0146096711364	0.00108310003872	-0.0784113554806	-0.0203824491648	0.0353864266429
k__Bacteria;p__Actinobacteria;c__Actinobacteria;o__Bifidobacteriales;f__Bifidobacteriaceae;g__Bifidobacterium;s__Bifidobacterium_adolescentis	0.0183751960476	-0.0541588599602	-0.0294534274013	0.0416410883837	-0.0653092670617	-0.00706331524296	0.0248954117173	0.0249118357029	0.0120535199425	-0.0497601907933	-0.0341168470744	-0.00111401233643	-0.0058423847915	0.0196359988653	-0.0215080834641	0.039208148209	0.00101586602426	-0.0700737672449	-0.0126202397688	-0.0137860990304	0.0429760884396	-0.0178167009304	-0.0225462066066	1.0	0.0282513584536	-0.0456907519843	-0.0130519822941	-0.0282333802294	0.0500496848596	0.00101321986071	0.00449151054418	-0.00349101033452	-0.00336435038001	-0.0281703183909	0.0429920128647	0.0166835223393	0.0279665576736	0.0102551175392	-0.0133318069734	-0.00136840686086	-0.00101158099263	-0.0252906173404	0.00438115826361	-0.0204373938493	-0.0732187720581	0.00385829901702	-0.00752795809534	-0.0378191957739	-0.0044263533402	-0.00154408736955	0.0251230053892	-0.0663319029579	-0.0291353551054	-0.0207681691486	-0.0123542665488	-0.00780092180537	-0.0259518716588	-0.0125538705165	0.0376397074712
k__Bacteria;p__Firmicutes;c__Clostridia;o__Clostridiales;f__Oscillospiraceae;g__Oscillibacter;s__Oscillibacter_sp._KLE_1745	-0.00103294739274	0.000805908083457	0.0166280710347	0.0204711734698	0.0655159479092	-0.0263044264386	0.00602654944541	-0.017823405608	-0.00197127897973	-0.0664641339841	-0.0164720418384	-0.0327191657063	0.0492531125954	0.0256141369801	0.0507304713829	0.0253323185709	-0.0490728609029	0.0708157847029	-0.0036711781473	-0.0430442496003	-0.00095959690634	-0.00770608275085	-0.0603390347359	0.0282513584536	1.0	-0.00225350521145	-0.0308906222622	-0.0479465079109	-0.0214930724171	0.0106901824001	0.0341286306719	0.0135986127373	-0.0372346671212	0.00970006686953	-0.0173745552395	-0.0441162781451	0.0137740674113	-0.0220669655932	-0.00845903006196	-0.0416218688632	0.0222807734188	-0.0219889444732	0.0202894595275	-0.000415241634018	0.021183737048	0.00960092365578	-0.0361517221794	0.00140713196076	-0.094683495714	-0.0161382502734	0.0154069350113	-0.0442252841318	-0.016761047646	-0.0774662504377	-0.0165857457581	-0.0716902902842	0.0265299441856	-0.00449427687744	0.0299397956951
k__Bacteria;p__Bacteroidetes;c__Bacteroidia;o__Bacteroidales;f__Bacteroidaceae;g__Bacteroides;s__Bacteroides_coprophilus	0.0465575323806	-0.0258791221125	0.00933896631014	-0.0285170583491	-0.0591091104318	-0.0235982956491	-0.0218836025691	-0.0170833968101	0.00468066213324	0.0336407804575	-0.038356487536	0.0089409467853	-0.00988487593845	0.0332316736717	0.0160026809597	-0.0456216692107	-0.00454395326942	-0.00538059769849	0.0124297683986	0.0177790010084	0.0248656337143	0.0408189618747	-0.0436569739357	-0.0456907519843	-0.00225350521145	1.0	0.00695391312645	-0.019241563671	-0.0488592627421	-0.0440207456821	-0.00784533888024	-0.0138542435374	-0.0011835944874	0.0750774870335	-0.0164848673416	0.0264155317141	0.0529271205169	-0.0238526988908	-0.00949187545882	-0.0278071474295	-0.029656328742	-0.0282053876842	-0.0600468522608	-0.0280611048675	0.0168268118024	0.0223249141631	-0.0172545665436	-0.022653213694	0.0137002253133	-0.0360237561695	-0.0359015918828	-0.0426670620768	0.011237874241	0.00593955502008	-0.033019679709	0.00611420802879	0.0216826915545	0.0210074896992	-0.0509370772521
k__Bacteria;p__Firmicutes;c__Clostridia;o__Clostridiales;f__Lachnospiraceae;g__Roseburia;s__Roseburia_intestinalis	0.00320720300249	-0.0024389071872	0.0106030749888	-0.0165709873645	0.0252679715157	-0.0594326545396	-0.0293667007362	-0.00806229709832	0.0170808765775	0.0178295597848	0.0219237767502	-0.00542365139839	0.00648946859535	-0.0398930777509	-0.0311923747543	0.00759974217969	-0.0235083356097	0.00757594898474	-0.0330235772947	0.0115896248773	0.0298920036692	0.0317982140302	-0.00823104489139	-0.0130519822941	-0.0308906222622	0.00695391312645	1.0	0.0407966368672	-0.0455349542546	0.0116102878752	-0.00551993836897	-0.0570014800101	-0.0752028357372	-0.018150084121	-0.0214799527427	-0.0116997150038	-0.0145890736144	-0.00370739060375	0.0232808607376	-0.045388564425	0.0166643317313	0.00769233702161	0.00616694627996	-0.0195357570672	-0.0192655798812	-0.0665566621699	0.0223786625097	0.0555537141188	-0.00868666269797	0.0118681920267	0.0318942044873	-0.0481103506862	-0.0738482192969	-0.0198593325108	-0.0204383750687	-0.016403563154	-0.0657180050387	-0.00487316560766	0.0101667430111
k__Bacteria;p__Firmicutes;c__Clostridia;o__Clostridiales;f__Lachnospiraceae;g__Roseburia;s__Roseburia_hominis	-0.00428641180242	0.00811091424939	0.0162737762587	0.0162119929562	-0.0705813837463	0.0489667041878	-0.0302046173022	0.036826808278	-0.0495808451407	0.0459784880175	-0.0215606008614	0.0104396724081	0.0136268391432	0.0166723381064	-0.0347390369199	-0.00196166358982	0.0116318353293	-0.0170415952873	-0.00536937239745	-0.0318897235666	-0.0183339941159	-0.0365681210131	-0.00715397425457	-0.0282333802294	-0.0479465079109	-0.019241563671	0.0407966368672	1.0	-0.0214858774041	-0.0250908669347	-0.0268220002996	-0.0478127199449	0.0282430460282	-0.0195686795066	0.0107928289378	0.0174591786989	-0.0678193665705	0.0187156483283	0.0235119696673	0.0169811377723	-0.0137048671277	-0.0632816906566	-0.0136313713808	-0.0471411115231	0.0332896646813	-0.017243862134	-0.0520970183302	-0.0100522564258	-0.0103060518062	0.0212690755082	0.0393085706092	0.00498055168226	0.0310966054931	0.000253311969564	-0.00810233472773	0.0174401404269	-0.0609146961866	0.0450111653318	0.0119684921194
k__Bacteria;p__Bacteroidetes;c__Bacteroidia;o__Bacteroidales;f__Porphyromonadaceae;g__Parabacteroides;s__Parabacteroides_johnsonii	-0.00589221018321	-0.0252391672302	0.0387500457366	0.0379363636862	-0.00364673337581	0.0668719319706	-0.0207932727145	0.000788595788503	-0.00463574969357	-0.0537672349109	-0.0496012532757	0.0347935004535	-0.111207350672	-0.0367728085733	0.016753702878	0.00304516492192	0.0216206701268	-0.0113591920744	0.0233823660399	-0.0780164741266	-0.0303299154071	0.00171770435885	0.0102268916856	0.0500496848596	-0.0214930724171	-0.0488592627421	-0.0455349542546	-0.0214858774041	1.0	0.0251899904035	-0.0769433583409	-0.0314075434346	-0.00628123232115	0.00957249973114	-0.021628666113	-0.0270530830833	0.0117724204361	0.0474061191721	-0.0153912920712	-0.0107571105226	0.0371023681554	-0.00531716951677	-0.000300152289798	-0.0206407261712	-0.012900796382	-0.0111505688191	-0.0104058339185	-0.0230508367614	-0.0644941001649	-0.0627511335107	-0.0442457786008	0.050687616679	0.0369326235212	-0.0664437605179	-0.0396006727265	-0.0531499877309	-0.0316805480536	0.0337562259571	-0.0244409536319
k__Bacteria;p__Actinobacteria;c__Actinobacteria;o__Bifidobacteriales;f__Bifidobacteriaceae;g__Bifidobacterium;s__Bifidobacterium_longum	0.00380915311652	-0.0445818838275	0.0693293231955	0.00183766747852	-0.0203059522022	-0.0150685513991	-0.0126960324409	-0.00564798272059	0.0301049727866	0.0613383153013	-0.0125095818636	0.0137023380698	0.0821813558146	-0.000740795302334	-0.0189453954396	-0.00429425914901	-0.0138500995886	-0.02909255328	-0.0989765017454	-0.0103535277713	-0.000543142410955	-0.0313025092828	-0.0455989132316	0.00101321986071	0.0106901824001	-0.0440207456821	0.0116102878752	-0.0250908669347	0.0251899904035	1.0	-0.0225526702934	0.032928690831	-0.0283401834475	-0.00318843543824	0.0239319193084	0.00206916127654	-0.00330543838408	0.0206948312036	0.0555006099979	0.0694089087073	-0.0333972393227	-0.0331574952915	0.0869235362927	-0.0274599193914	-0.00553668604677	-0.042361540573	0.00439792391133	-0.00203659639504	0.0680564538983	0.011337153897	-0.0242754850014	-0.00733941034988	-0.0649529433729	0.00857740471618	-0.0303185012949	-0.0114092474922	0.00912303069601	-0.0179583616873	0.00954795204337
