#taxonomy	k__Bacteria;p__Bacteroidetes;c__Bacteroidia;o__Bacteroidales;f__Bacteroidaceae;g__Bacteroides;s__Bacteroides_vulgatus	k__Bacteria;p__Bacteroidetes;c__Bacteroidia;o__Bacteroidales;f__Bacteroidaceae;g__Bacteroides;s__Bacteroides_uniformis	k__Bacteria;p__Bacteroidetes;c__Bacteroidia;o__Bacteroidales;f__Rikenellaceae;g__Alistipes;s__Alistipes_putredinis	k__Bacteria;p__Bacteroidetes;c__Bacteroidia;o__Bacteroidales;f__Prevotellaceae;g__Prevotella;s__Prevotella_copri	k__Bacteria;p__Bacteroidetes;c__Bacteroidia;o__Bacteroidales;f__Bacteroidaceae;g__Bacteroides;s__Bacteroides_stercoris	k__Bacteria;p__Bacteroidetes;c__Bacteroidia;o__Bacteroidales;f__Bacteroidaceae;g__Bacteroides;s__Bacteroides_ovatus	k__Bacteria;p__Bacteroidetes;c__Bacteroidia;o__Bacteroidales;f__Rikenellaceae;g__Alistipes;s__Alistipes_shahii	k__Bacteria;p__Firmicutes;c__Clostridia;o__Clostridiales;f__Ruminococcaceae;g__Faecalibacterium;s__Faecalibacterium_prausnitzii	k__Bacteria;p__Bacteroidetes;c__Bacteroidia;o__Bacteroidales;f__Rikenellaceae;g__Alistipes;s__Alistipes_finegoldii	k__Bacteria;p__Bacteroidetes;c__Bacteroidia;o__Bacteroidales;f__Porphyromonadaceae;g__Parabacteroides;s__Parabacteroides_distasonis	k__Bacteria;p__Bacteroidetes;c__Bacteroidia;o__Bacteroidales;f__Bacteroidaceae;g__Bacteroides;s__Bacteroides_thetaiotaomicron	k__Bacteria;p__Bacteroidetes;c__Bacteroidia;o__Bacteroidales;f__Bacteroidaceae;g__Bacteroides;s__Bacteroides_coprocola	k__Bacteria;p__Bacteroidetes;c__Bacteroidia;o__Bacteroidales;f__Bacteroidaceae;g__Bacteroides;s__Bacteroides_cellulosilyticus	k__Bacteria;p__Bacteroidetes;c__Bacteroidia;o__Bacteroidales;f__Rikenellaceae;g__Alistipes;s__Alistipes_obesi	k__Bacteria;p__Firmicutes;c__Clostridia;o__Clostridiales;f__Lachnospiraceae;g__;s__[Eubacterium]_rectale	k__Bacteria;p__Bacteroidetes;c__Bacteroidia;o__Bacteroidales;f__Bacteroidaceae;g__Bacteroides;s__Bacteroides_plebeius	k__Bacteria;p__Bacteroidetes;c__Bacteroidia;o__Bacteroidales;f__Bacteroidaceae;g__Bacteroides;s__Bacteroides_fragilis	k__Bacteria;p__Proteobacteria;c__Betaproteobacteria;o__Burkholderiales;f__Sutterellaceae;g__Sutterella;s__Sutterella_wadsworthensis	k__Bacteria;p__Bacteroidetes;c__Bacteroidia;o__Bacteroidales;f__Porphyromonadaceae;g__Barnesiella;s__Barnesiella_intestinihominis	k__Bacteria;p__Bacteroidetes;c__Bacteroidia;o__Bacteroidales;f__Odoribacteraceae;g__Odoribacter;s__Odoribacter_splanchnicus	k__Bacteria;p__Bacteroidetes;c__Bacteroidia;o__Bacteroidales;f__Bacteroidaceae;g__Bacteroides;s__Bacteroides_salyersiae	k__Bacteria;p__Firmicutes;c__Clostridia;o__Clostridiales;f__Ruminococcaceae;g__Ruminiclostridium;s__[Eubacterium]_siraeum	k__Bacteria;p__Proteobacteria;c__Betaproteobacteria;o__Burkholderiales;f__Sutterellaceae;g__Parasutterella;s__Parasutterella_excrementihominis	k__Bacteria;p__Actinobacteria;c__Actinobacteria;o__Bifidobacteriales;f__Bifidobacteriaceae;g__Bifidobacterium;s__Bifidobacterium_adolescentis	k__Bacteria;p__Firmicutes;c__Clostridia;o__Clostridiales;f__Oscillospiraceae;g__Oscillibacter;s__Oscillibacter_sp._KLE_1745	k__Bacteria;p__Bacteroidetes;c__Bacteroidia;o__Bacteroidales;f__Bacteroidaceae;g__Bacteroides;s__Bacteroides_coprophilus	k__Bacteria;p__Firmicutes;c__Clostridia;o__Clostridiales;f__Lachnospiraceae;g__Roseburia;s__Roseburia_intestinalis	k__Bacteria;p__Firmicutes;c__Clostridia;o__Clostridiales;f__Lachnospiraceae;g__Roseburia;s__Roseburia_hominis	k__Bacteria;p__Bacteroidetes;c__Bacteroidia;o__Bacteroidales;f__Porphyromonadaceae;g__Parabacteroides;s__Parabacteroides_johnsonii	k__Bacteria;p__Actinobacteria;c__Actinobacteria;o__Bifidobacteriales;f__Bifidobacteriaceae;g__Bifidobacterium;s__Bifidobacterium_longum	k__Bacteria;p__Firmicutes;c__Clostridia;o__Clostridiales;f__;g__Flavonifractor;s__Flavonifractor_plautii	k__Bacteria;p__Firmicutes;c__Clostridia;o__Clostridiales;f__Clostridiaceae;g__Clostridium;s__Clostridium_phoceensis	k__Bacteria;p__Verrucomicrobia;c__Verrucomicrobiae;o__Verrucomicrobiales;f__Akkermansiaceae;g__Akkermansia;s__Akkermansia_muciniphila	k__Bacteria;p__Bacteroidetes;c__Bacteroidia;o__Bacteroidales;f__Prevotellaceae;g__Paraprevotella;s__Paraprevotella_xylaniphila	k__Bacteria;p__Firmicutes;c__Clostridia;o__Clostridiales;f__Ruminococcaceae;g__Ruminococcus;s__Ruminococcus_callidus	k__Bacteria;p__Bacteroidetes;c__Bacteroidia;o__Bacteroidales;f__Rikenellaceae;g__Alistipes;s__Alistipes_senegalensis	k__Bacteria;p__Firmicutes;c__Clostridia;o__Clostridiales;f__Lachnospiraceae;g__Blautia;s__Blautia_sp._KLE_1732	k__Bacteria;p__Bacteroidetes;c__Bacteroidia;o__Bacteroidales;f__Bacteroidaceae;g__Bacteroides;s__Bacteroides_oleiciplenus	k__Bacteria;p__Firmicutes;c__Clostridia;o__Clostridiales;f__Ruminococcaceae;g__Ruminococcus;s__Ruminococcus_bicirculans	k__Bacteria;p__Bacteroidetes;c__Bacteroidia;o__Bacteroidales;f__Bacteroidaceae;g__Bacteroides;s__Bacteroides_fluxus	k__Bacteria;p__Bacteroidetes;c__Bacteroidia;o__Bacteroidales;f__Prevotellaceae;g__Prevotella;s__Prevotella_stercorea	k__Bacteria;p__Firmicutes;c__Clostridia;o__Clostridiales;f__Lachnospiraceae;g__Dorea;s__Dorea_longicatena	k__Bacteria;p__Firmicutes;c__Clostridia;o__Clostridiales;f__Eubacteriaceae;g__Eubacterium;s__[Eubacterium]_eligens	k__Bacteria;p__Firmicutes;c__Clostridia;o__Clostridiales;f__Ruminococcaceae;g__;s__Ruminococcaceae_bacterium_D16	k__Bacteria;p__Firmicutes;c__Clostridia;o__Clostridiales;f__Lachnospiraceae;g__Coprococcus;s__Coprococcus_comes	k__Bacteria;p__Proteobacteria;c__Gammaproteobacteria;o__Enterobacterales;f__Enterobacteriaceae;g__Escherichia;s__Escherichia_coli	k__Bacteria;p__Firmicutes;c__Clostridia;o__Clostridiales;f__Ruminococcaceae;g__Anaerotruncus;s__Anaerotruncus_colihominis	k__Bacteria;p__Firmicutes;c__Clostridia;o__Clostridiales;f__Lachnospiraceae;g__Blautia;s__Blautia_obeum	k__Bacteria;p__Bacteroidetes;c__Bacteroidia;o__Bacteroidales;f__Odoribacteraceae;g__Odoribacter;s__Odoribacter_laneus	k__Bacteria;p__Firmicutes;c__Clostridia;o__Clostridiales;f__Ruminococcaceae;g__Ruminiclostridium;s__[Clostridium]_leptum	k__Bacteria;p__Bacteroidetes;c__Bacteroidia;o__Bacteroidales;f__Porphyromonadaceae;g__Parabacteroides;s__Parabacteroides_goldsteinii	k__Bacteria;p__Firmicutes;c__Clostridia;o__Clostridiales;f__Lachnospiraceae;g__Anaerostipes;s__Anaerostipes_hadrus	k__Bacteria;p__Firmicutes;c__Clostridia;o__Clostridiales;f__Ruminococcaceae;g__Ruminococcus;s__Ruminococcus_lactaris	k__Bacteria;p__Firmicutes;c__Clostridia;o__Clostridiales;f__Clostridiaceae;g__Clostridium;s__Clostridium_sp._L2-50	k__Bacteria;p__Firmicutes;c__Clostridia;o__Clostridiales;f__Clostridiaceae;g__Clostridium;s__Clostridium_sp._M62/1	k__Bacteria;p__Firmicutes;c__Clostridia;o__Clostridiales;f__;g__Intestinimonas;s__Intestinimonas_butyriciproducens	k__Bacteria;p__Actinobacteria;c__Actinobacteria;o__Bifidobacteriales;f__Bifidobacteriaceae;g__Bifidobacterium;s__Bifidobacterium_bifidum	k__Bacteria;p__Firmicutes;c__Negativicutes;o__Veillonellales;f__Veillonellaceae;g__Dialister;s__Dialister_invisus	k__Bacteria;p__Bacteroidetes;c__Bacteroidia;o__Bacteroidales;f__Bacteroidaceae;g__Bacteroides;s__Bacteroides_salanitronis
k__Bacteria;p__Bacteroidetes;c__Bacteroidia;o__Bacteroidales;f__Bacteroidaceae;g__Bacteroides;s__Bacteroides_vulgatus	1.0	-0.029760025902	0.0105992745118	-0.0103405112825	-0.035000864332	-0.0188829488902	-0.0633720268087	0.00205594232117	-0.00608421052186	0.0245527860648	0.0559186242955	-0.00518473213789	-0.0407569351872	0.0104927404588	-0.0554657601773	0.0353002748829	0.0704261919467	-0.0102268794686	0.0700834899246	-0.000370585615553	-0.041560070093	-0.0935552051142	0.0158578046444	0.11138987846	-0.013256773469	0.0337442298738	-0.0320881809588	-0.0110010508197	-0.0191332518839	-0.0072529619134	0.0125435366284	0.00636565889986	-0.0412882321807	0.020075633329	0.00473210283194	-0.0260579018693	0.0442033203896	0.00602288702633	-0.0050263815716	-0.0326872736523	-0.0567458794163	0.00672956496756	-0.0492813922978	0.0153245887339	-0.00486920119826	0.0235140627716	-0.0214463047336	-0.0162774731839	0.0523386669865	0.0321451314091	0.00343869350661	0.0082182640298	-0.0425786470041	-0.0322956891263	0.0184014749589	-0.0222298913625	-0.0325069319931	-0.0241612261853	-0.0215230013807
k__Bacteria;p__Bacteroidetes;c__Bacteroidia;o__Bacteroidales;f__Bacteroidaceae;g__Bacteroides;s__Bacteroides_uniformis	-0.029760025902	1.0	-0.00775208605925	-0.0158031240024	0.0277848805974	-0.00306313753715	0.0125682654765	-0.043621509725	0.0116039217785	0.028943998547	-0.0184538045679	0.0110030508338	-0.00148329916515	-0.0197156622916	0.00965148480211	-0.0153066208931	0.0094369197995	0.0014899383875	-0.0177923309154	-0.00898074894663	0.0649761710103	0.0403325762197	0.0408889876088	-0.013477171889	-0.030635370254	-0.0378695915836	-0.0172747010882	-0.0124055414993	-0.0166080676216	-0.0537066926843	0.00604621963305	-0.0246811967102	0.049105159971	0.014311404482	0.0107805375633	-0.0135634414799	0.0214678217741	0.0232894054846	-0.0292312729292	-0.0166013964966	-0.0167916951866	-0.0373622684527	-0.0229510122293	0.0222219072959	0.0301010815319	-0.00158031699784	-0.088272906905	-0.036577843502	-0.0515524824662	-0.0152080107547	-0.027454994702	0.0159420424861	0.00602358856972	0.0400873080763	0.0159865597821	0.0230390206207	0.00325599580709	0.0365829005692	0.031506392148
k__Bacteria;p__Bacteroidetes;c__Bacteroidia;o__Bacteroidales;f__Rikenellaceae;g__Alistipes;s__Alistipes_putredinis	0.0105992745118	-0.00775208605925	1.0	0.0362822114372	0.0294037353441	-0.026353859636	0.0383537104903	0.032891699569	0.0085923226077	-0.0283384649662	0.00270614004267	-0.0331346671505	-0.00986530771275	-0.0121063540306	0.00881603287264	0.0149371277379	-0.00178971525091	-0.0212571913738	-0.0785218075821	0.0247659539803	-0.0127809818435	-0.0438498905406	0.0306782019432	0.0127776752547	0.00292466497378	-0.0507029728773	-0.0969785336091	-0.0314290149674	-0.0410787486975	0.00600438865343	0.0451512489991	-0.0208166290339	0.00975493642271	0.00531520480921	0.0410055664313	-0.0117291105061	-0.0059684566771	-0.0351550865871	-0.0356495742253	-0.0307782649493	-0.000879367689513	-0.0431095681667	0.00638786121252	0.0243194588767	-0.000326426692657	0.00789215799298	0.00644857364196	-0.0176052545461	0.00613475651018	-0.0143382004879	0.0136942313488	-0.0449853416735	-0.0104350421851	0.0162821509181	-0.0778496047547	-0.0184320320558	-0.00718713216305	-0.0166646160198	0.0365346877274
k__Bacteria;p__Bacteroidetes;c__Bacteroidia;o__Bacteroidales;f__Prevotellaceae;g__Prevotella;s__Prevotella_copri	-0.0103405112825	-0.0158031240024	0.0362822114372	1.0	-0.0238744770386	-0.0510593689939	0.0226500659999	0.00370476269864	-0.0260918638648	-0.0238098524231	0.0151699804079	-0.00338807924668	0.0148129058768	0.0129804132278	-0.0591155318047	0.00630077096737	-0.0170541053974	0.0100437300634	0.0456751427531	0.0341939451256	-0.0355063346128	-0.0477480907405	0.0135963515942	-0.000962587448352	-0.00276381929787	0.015388926356	-0.0228791180077	0.0627278367425	-0.059697161081	-0.0131510858081	-0.0367848915338	0.00832596686477	-0.0196894105388	0.0169554769805	-0.0215234332797	0.0304280618023	-0.0302542637481	-0.0269819129491	-0.0187221801566	-0.00614772956179	0.0594346112897	0.00741173878626	-0.016769235253	0.0121471409487	0.00597690181984	0.0463669848829	-0.000552385926141	0.00763450757567	0.0122632956941	0.0534461480623	-0.0144237391952	-0.055010039526	-0.0236663927638	-0.0628951436879	-0.00358780202518	0.0922884730201	-0.0148743403425	-0.0433065230275	0.00594515299737
k__Bacteria;p__Bacteroidetes;c__Bacteroidia;o__Bacteroidales;f__Bacteroidaceae;g__Bacteroides;s__Bacteroides_stercoris	-0.035000864332	0.0277848805974	0.0294037353441	-0.0238744770386	1.0	-0.0363050510736	-0.0182768295261	0.039069686394	-0.0347643573102	0.0379379373993	-0.0555882871618	-0.0231296786586	0.0714051003276	0.00758848422057	0.0364595346274	-3.8490344282e-05	-0.0319866520855	0.0195413488305	0.0531345111652	0.0254385550823	0.0407135479333	-0.0324532068928	-0.022568785684	0.0192036356514	0.0941749011967	0.0458451472086	0.0281256104652	-0.0156771326199	-0.0408692514473	0.00222456901975	0.002301826728	0.026391000993	-0.0675489102128	-0.0732067701868	0.0147533335105	0.0130120947716	-0.0362671291412	-0.0726761790701	0.00862045968849	-0.0628340689853	-0.0148898219127	0.00553662139845	-0.00620007034	-0.00571217764988	0.0218461256826	-0.0266312669129	-0.00126173577607	-0.028081071935	0.0159117020619	-0.0900286921579	-0.0211318782995	0.00689900855876	0.00363670625929	0.00671465454067	0.0548367977467	0.00705539414552	0.0288984480797	0.0283775252883	0.0309819969808
k__Bacteria;p__Bacteroidetes;c__Bacteroidia;o__Bacteroidales;f__Bacteroidaceae;g__Bacteroides;s__Bacteroides_ovatus	-0.0188829488902	-0.00306313753715	-0.026353859636	-0.0510593689939	-0.0363050510736	1.0	-0.0254966486934	0.0222307696387	-0.0410561237481	-0.0256893370388	0.017579793795	0.00395597493294	-0.0106359779485	0.0479548617402	0.0286898493354	-0.0373747379854	0.00348690679269	0.0214072910537	0.0054216039613	-0.0158101126408	0.00800137200808	-0.041300732569	0.00532878939107	0.0276770535715	0.011032020263	-0.0115784200205	-0.0155029527965	-0.0461478675054	0.011016245919	0.0252843443113	-0.0121152178604	-0.0397251634194	-0.0462862995157	0.0575226187001	-0.0117140588283	-0.0833995826001	-0.0225423890406	0.0314849589463	-0.012617102714	0.0403856795407	-0.00343983021186	0.0189996675825	-0.0200779982522	-0.0270321921943	0.0320719241564	0.00432679997327	0.0215293685312	0.0236954352932	0.00611140282045	-0.00777104212902	-0.0305983928835	-0.0422493207086	0.0170738327194	-0.011669986945	0.00199776375456	-0.0370584067868	-0.0166807521571	-0.0503977434858	-0.0250600912699
k__Bacteria;p__Bacteroidetes;c__Bacteroidia;o__Bacteroidales;f__Rikenellaceae;g__Alistipes;s__Alistipes_shahii	-0.0633720268087	0.0125682654765	0.0383537104903	0.0226500659999	-0.0182768295261	-0.0254966486934	1.0	0.0318077471187	0.00680650818132	-0.0173048437888	0.0249131733313	0.0193786249143	0.0341107191189	-0.0081635720431	-0.0203937046933	-0.0103389471248	0.00775714804112	-0.0092520477049	-0.0069033194054	0.0328982383045	0.0111093430251	-0.0413238731931	-0.00981952399264	-0.0447616744506	0.0203959369921	0.00107297404076	-0.0230336089456	0.0634488879636	0.0535160120754	0.0226464133557	0.0330356212697	-0.0225573471421	-0.0471829331692	0.0585916442822	-0.0043819207769	-0.0303932054919	0.0013233805007	-0.0174378994593	-0.00789406106299	-0.00694846704162	0.0390581596612	-0.0124320917954	-0.0396620288955	-0.0386337718573	-0.0161134433697	0.0213323739687	-0.0100152152179	0.029243625362	0.0258375397868	-0.00720410601614	-0.0876121156881	-0.0509522863229	0.0241141818193	-0.0154734939152	-0.017196259726	-0.00787838412158	-0.00766719951229	0.0256253694729	-0.0322679459253
k__Bacteria;p__Firmicutes;c__Clostridia;o__Clostridiales;f__Ruminococcaceae;g__Faecalibacterium;s__Faecalibacterium_prausnitzii	0.00205594232117	-0.043621509725	0.032891699569	0.00370476269864	0.039069686394	0.0222307696387	0.0318077471187	1.0	-0.0695180822481	-0.0182143940485	-0.0287314546779	-0.0667600923342	-0.0230874531842	0.0162143071516	0.0374840048062	-0.0296565559174	-0.0113108781753	0.00716409108919	-0.00275255946614	-0.0536399885565	0.0412283193154	0.00636241871174	-0.0441303718998	0.00125165640971	-0.0342429768948	0.0407720884458	0.0367871831588	0.0180925304801	-0.0367669982501	-0.0273759259248	0.0494851726921	-0.00381259299458	-0.0094518895072	-0.0360349103833	0.00518442305485	0.0321593202605	-0.0543853307056	-0.0370041031174	-0.00218190738169	-0.0135734114864	-0.0133995897651	-0.0350685399536	-0.0347282075067	-0.0461952831194	0.02230723661	-0.0533810291255	0.0208868477722	-0.0591716160184	-0.0408571150363	0.00224454708513	0.0022759452387	-0.0110610785646	-0.00322678130794	-0.0506028886791	-0.0232168702369	0.0542952052131	-0.0464716411207	-0.0120138369116	0.0195463297797
k__Bacteria;p__Bacteroidetes;c__Bacteroidia;o__Bacteroidales;f__Rikenellaceae;g__Alistipes;s__Alistipes_finegoldii	-0.00608421052186	0.0116039217785	0.0085923226077	-0.0260918638648	-0.0347643573102	-0.0410561237481	0.00680650818132	-0.0695180822481	1.0	-0.00453757700814	-0.00715094570943	-0.0123330413851	0.00142602377438	0.0543195657825	-0.00863510443251	-0.0345007410524	0.0381309905162	-0.0908158283648	-0.00672490532075	-0.0104417270451	-0.0681287831869	0.0470273979678	-0.00877674631992	-0.00712042489993	0.0222257369541	0.0480968339743	-0.0267947414295	0.000987395450865	0.0266654340418	-0.0244330145975	0.00507793525366	-0.0279732078108	-0.0563631823482	0.0106338732323	0.0344241949567	0.0107341641089	-0.0383188906199	-0.00720395128133	-0.0570247213369	-0.0174822396778	-0.0383334642015	0.0372155102369	-0.00988560448814	-0.0420688686408	0.0424254181312	0.0401491222748	0.0362953644883	0.037219516536	-0.0448651786613	-0.0235562446205	0.00669131081925	-0.00933016193587	-0.00900856957988	-0.0271215915908	0.0581224571524	0.0208868535282	0.02917526292	0.035444840497	0.00162184545718
k__Bacteria;p__Bacteroidetes;c__Bacteroidia;o__Bacteroidales;f__Porphyromonadaceae;g__Parabacteroides;s__Parabacteroides_distasonis	0.0245527860648	0.028943998547	-0.0283384649662	-0.0238098524231	0.0379379373993	-0.0256893370388	-0.0173048437888	-0.0182143940485	-0.00453757700814	1.0	0.0619432597543	-0.0146030993222	-0.0287956054494	-0.0313608274636	-0.0103550504853	-0.00869327168212	0.00271310400599	-0.0130817555902	-0.0270229825502	-0.00710247610657	-0.0214775035576	0.0280010084791	-0.00816661413983	-0.00233956749394	-0.0106087093735	-0.0220701092961	-0.0244396063363	-0.0301331986363	-0.00840932606163	0.00405733349829	-0.00788898571348	0.0358265401815	-0.0217601381784	-0.00789371820162	0.00606004284054	0.00137184079341	0.0189419333215	0.0207917075057	0.0143367405707	-0.0639997070434	0.0127503781838	-0.0198564434884	0.0186666166917	-0.0219840416751	-0.0269443850474	-0.05520175098	0.0398247307373	-0.0456084710932	-0.0151527152622	0.00201764455411	-0.0528720106812	0.0221498933693	-0.0400965722996	-0.0230824510988	0.00624637961991	-0.0127541394813	-0.00253710835724	0.0548151744149	-0.0376667743658
k__Bacteria;p__Bacteroidetes;c__Bacteroidia;o__Bacteroidales;f__Bacteroidaceae;g__Bacteroides;s__Bacteroides_thetaiotaomicron	0.0559186242955	-0.0184538045679	0.00270614004267	0.0151699804079	-0.0555882871618	0.017579793795	0.0249131733313	-0.0287314546779	-0.00715094570943	0.0619432597543	1.0	0.040469705312	0.0182864651239	-0.0589672032453	0.0353363965022	0.020154934877	0.00725321037334	-0.0369971814846	-0.0248935264675	-0.0251536925275	-0.028276898728	-0.0180169229654	0.0288239311455	0.0288991123475	0.0160706956535	-0.00648673407842	-0.00823221077514	-0.0122437091924	-0.0201118449345	-0.0280647137291	-0.0409986501127	0.0345526059013	0.0180084473113	0.0325222163337	-0.0311485756906	-0.0239246951513	-0.00316594596259	-0.0519311707678	-0.00536789165131	0.00347876338724	-0.0383487552441	0.00382929196369	-0.036598903565	0.00234385829188	0.0228434914234	-0.0264733461102	-0.00408355503224	0.0406480248797	-0.0339987895341	0.0130783256997	-0.00248968075845	0.0218191396391	-0.0175552059032	-0.0103644139745	0.00175499352823	-0.0207700867529	-0.0109699829566	-0.0466044582413	-0.00710289370763
k__Bacteria;p__Bacteroidetes;c__Bacteroidia;o__Bacteroidales;f__Bacteroidaceae;g__Bacteroides;s__Bacteroides_coprocola	-0.0051847321379	0.0110030508338	-0.0331346671505	-0.00338807924668	-0.0231296786586	0.00395597493294	0.0193786249143	-0.0667600923342	-0.0123330413851	-0.0146030993222	0.040469705312	1.0	0.0135212094281	-0.00401326909621	-0.0114605417506	-0.0475238266785	0.0292649362548	-0.025782769141	-0.0531395909798	0.0143567448206	-0.0316207335109	-0.0388060627212	0.0488666771143	-0.00174041190361	0.0156199249404	-0.0442476349546	-0.0178056590226	0.0283808002714	0.0223162295404	0.0724743380781	-0.00978092978486	-0.0173091123945	-0.00419347060532	0.0247013115779	-0.00973210122654	0.0135262127737	0.0191335145217	0.0459918708545	-0.00553346522586	-0.0361084263524	-0.0613701513625	-0.0314217512624	-0.0163123048668	-0.0635581641047	-8.12873486856e-05	0.0198690042028	-0.00184102542207	-0.00179489127181	-0.0724181037244	-0.00436780809951	-0.0231859739262	0.031042723743	0.0247537686048	0.00970999016431	0.00237982340594	-0.00883604242269	0.0392703330639	0.0346227001632	0.000184801792485
k__Bacteria;p__Bacteroidetes;c__Bacteroidia;o__Bacteroidales;f__Bacteroidaceae;g__Bacteroides;s__Bacteroides_cellulosilyticus	-0.0407569351872	-0.00148329916515	-0.00986530771275	0.0148129058768	0.0714051003276	-0.0106359779485	0.0341107191189	-0.0230874531842	0.00142602377438	-0.0287956054494	0.0182864651239	0.0135212094281	1.0	0.0324466042953	0.0217398086063	-0.0153947011431	-0.00187360905248	-0.00615862007504	0.0564181799281	-0.0294168169984	0.0280646513533	0.00120016047378	-0.00762269582072	-0.0291787937859	0.0198467136085	-0.0427377286288	-0.0322350925985	-0.0286712270692	0.02424171408	-0.0238704227671	-0.0505582840372	-0.0151708423833	-0.00182404017112	0.00113317829933	-0.00443689053849	0.0137404821914	-0.00890603445615	0.0420414109744	-0.025664072169	-0.0641918010971	-0.0282583342136	-0.00417758685793	0.0346732182964	0.0483984077367	-0.0263124265429	-0.039857824812	-0.0028229014566	0.0383392845223	0.0028288844599	-0.0191896446791	-0.0287352170265	-0.0815539084809	0.0606352367109	-0.0433888139151	0.000259123998095	-0.0179898550475	-0.0108479712005	-0.0321084680787	0.0764710622078
k__Bacteria;p__Bacteroidetes;c__Bacteroidia;o__Bacteroidales;f__Rikenellaceae;g__Alistipes;s__Alistipes_obesi	0.0104927404588	-0.0197156622916	-0.0121063540306	0.0129804132278	0.00758848422057	0.0479548617402	-0.0081635720431	0.0162143071516	0.0543195657825	-0.0313608274636	-0.0589672032453	-0.00401326909621	0.0324466042953	1.0	-0.0572775783408	-0.0507501194171	0.0306763906786	-0.0375395150407	-0.0200063076774	0.0304818652959	-0.0284421051454	-0.0114933695867	-0.00206138996718	-0.0777262987169	-0.0586931607318	0.00881177626107	0.0473167472825	-0.0130445955012	-0.0212826324375	0.000788560134071	-0.00349039703914	-0.000508506494147	0.070184548892	-0.0167980395732	0.0174913763611	-0.0431725378332	0.0369790936757	0.00579697278817	0.0308418723979	0.0169789519129	-0.0380969684836	0.0101783719336	-0.00699785176048	-0.00884648767232	-0.00421021480062	-0.0302690771381	-0.0765857548989	0.0183976330355	-0.0495263887336	0.00977747436282	0.0116322340004	0.0214144832774	0.055442428551	0.00172974535527	0.0503444121555	0.0225329787369	-0.0493870542651	-0.0290632386208	-0.0239658032098
k__Bacteria;p__Firmicutes;c__Clostridia;o__Clostridiales;f__Lachnospiraceae;g__;s__[Eubacterium]_rectale	-0.0554657601773	0.00965148480211	0.00881603287264	-0.0591155318047	0.0364595346274	0.0286898493354	-0.0203937046933	0.0374840048062	-0.00863510443251	-0.0103550504853	0.0353363965022	-0.0114605417506	0.0217398086063	-0.0572775783408	1.0	-0.0310114049932	-0.0398398256838	-0.0375283939593	0.0491370325236	-0.0131362635958	-0.0651175764665	0.0155115909098	-0.0498925246605	0.0251329147164	0.0111942240182	-0.0262118970144	-0.0179260328793	-0.0180661592968	-0.0169434152494	-0.0228471493876	0.0152297328415	-0.00761400906713	-0.0128701626981	-0.0312163361763	0.00789450802082	0.0110541420483	-0.0317169925304	-0.0235669239486	-0.00908378528201	0.0108118673418	0.0120602231576	0.00653669790826	0.0336224769845	0.0189208004577	-0.0409841894889	0.0201386091472	0.0139473512041	-0.0580652857405	0.0164078923856	-0.0117178500951	-0.0112551403907	-0.0118478261632	0.010403364201	0.043247556161	-0.0453985765068	-0.031522947599	-0.0561130173985	0.0130268857903	0.0174615545138
k__Bacteria;p__Bacteroidetes;c__Bacteroidia;o__Bacteroidales;f__Bacteroidaceae;g__Bacteroides;s__Bacteroides_plebeius	0.0353002748829	-0.0153066208931	0.0149371277379	0.00630077096737	-3.8490344282e-05	-0.0373747379854	-0.0103389471248	-0.0296565559174	-0.0345007410524	-0.00869327168212	0.020154934877	-0.0475238266785	-0.0153947011431	-0.0507501194171	-0.0310114049932	1.0	-0.0304598714883	-0.0657937535647	0.0289136227281	-0.0136886768951	-0.031528677848	0.0191815796889	-0.0311550755642	-0.00747780041682	-0.046181724613	-0.0616891707305	0.00272718775153	-0.00036799013601	0.0289591191883	-0.0364948322667	0.0013000542351	0.0352959691769	-0.0267383123493	-0.0198014535421	-0.0580362812903	0.0242656486008	-0.0131316721093	-0.0739033380059	0.00965214307875	-0.0140226296676	-0.033657100406	-0.0216601036026	-0.0254563778797	0.0264983158249	-0.0504574869425	-0.0383391702043	0.04852161289	0.0188470594845	0.00676078850872	0.0454301105424	0.0164225211208	-0.0119883938683	-0.00979887121431	0.0286687563266	-0.0469769819654	-0.0310666296939	0.0236399512644	-0.0029092898095	0.0219402279469
k__Bacteria;p__Bacteroidetes;c__Bacteroidia;o__Bacteroidales;f__Bacteroidaceae;g__Bacteroides;s__Bacteroides_fragilis	0.0704261919467	0.0094369197995	-0.00178971525091	-0.0170541053974	-0.0319866520855	0.00348690679269	0.00775714804112	-0.0113108781753	0.0381309905162	0.00271310400599	0.00725321037334	0.0292649362548	-0.00187360905248	0.0306763906786	-0.0398398256838	-0.0304598714883	1.0	0.0355316101292	0.065986978787	0.0329560980052	0.0055997677381	0.0189840879674	-0.0116889309451	-0.0256186900877	-0.0416032938169	-0.0272634199783	0.00487830982458	0.00622241151884	-0.0449766051095	-0.0389805516763	0.0104603447431	-0.015294438678	-0.033696628019	0.0197297396905	-0.0516746694087	-0.0728099959528	-0.0081767307105	0.0335194176175	-0.0256452133455	0.0492928454072	-0.00096094783999	-0.0144175289972	-0.0386538302269	-0.0330546512875	-0.0426271258633	-0.00394247540527	-0.0113490010214	-0.0399657188101	-0.0138050907384	-0.0520438844953	0.0216275154058	-0.0229097297127	0.0191150799023	0.00122421078076	0.0212615363856	-0.0043832470035	-0.0275973879845	-0.00801597425797	0.050867055302
k__Bacteria;p__Proteobacteria;c__Betaproteobacteria;o__Burkholderiales;f__Sutterellaceae;g__Sutterella;s__Sutterella_wadsworthensis	-0.0102268794686	0.0014899383875	-0.0212571913738	0.0100437300634	0.0195413488305	0.0214072910537	-0.0092520477049	0.00716409108919	-0.0908158283648	-0.0130817555902	-0.0369971814846	-0.025782769141	-0.00615862007504	-0.0375395150407	-0.0375283939593	-0.0657937535647	0.0355316101292	1.0	-0.00253808624597	-0.0118615228058	0.00910233891609	-0.0637285636572	0.0473199493793	0.00357953501774	-0.00403704284391	-0.0090404220016	-0.0177422337358	0.0132047654006	0.00694393079999	-0.0165704658978	-0.00484004425927	-0.0249153011852	-0.00414399396542	0.0105948561957	0.000496435593659	-0.0221423576204	-0.0107000029628	0.0545843113313	-0.0338620710849	0.0821487430528	-0.0362925129367	0.0323193062091	-0.0294569707785	-0.000107095236409	-0.0031712679334	0.0476167226426	0.025798272771	-0.0318255276443	0.0155748718308	0.00624506657867	0.0198107340085	-0.0208600812299	-0.00352056307736	-0.0465462620126	-0.0213865036484	-0.00445434413005	-0.00879005106605	-0.00136352932782	-0.00625420300408
k__Bacteria;p__Bacteroidetes;c__Bacteroidia;o__Bacteroidales;f__Porphyromonadaceae;g__Barnesiella;s__Barnesiella_intestinihominis	0.0700834899246	-0.0177923309154	-0.0785218075821	0.0456751427531	0.0531345111652	0.0054216039613	-0.0069033194054	-0.00275255946614	-0.00672490532075	-0.0270229825502	-0.0248935264675	-0.0531395909798	0.0564181799281	-0.0200063076774	0.0491370325236	0.0289136227281	0.065986978787	-0.00253808624597	1.0	-0.00732036573284	-0.00698033903149	-0.0040928550687	-0.0135896829871	0.00404318168127	-0.00416475109076	0.0529055587786	-0.0168136929352	0.00363937879098	-0.0611143753898	-0.0480642083582	-0.0300282729488	0.0201996682464	0.0145438030682	-0.0129373735971	-0.0405560752612	-0.0280550726495	-0.0394206130526	-0.00893634744772	0.0244786155255	0.0433204882176	-0.0470662291977	-0.0571339114787	-0.0573724491194	0.050029950298	0.00059336896571	0.0190121226731	-0.0343289704439	0.0386033488156	0.0179077362808	-0.0329904480461	-0.0402889980679	0.00120241183725	-0.00823651717173	-0.012947852733	0.0231067422605	-0.0058749891483	0.00513952601137	0.00817751450968	0.00451533250547
k__Bacteria;p__Bacteroidetes;c__Bacteroidia;o__Bacteroidales;f__Odoribacteraceae;g__Odoribacter;s__Odoribacter_splanchnicus	-0.000370585615553	-0.00898074894663	0.0247659539803	0.0341939451256	0.0254385550823	-0.0158101126408	0.0328982383045	-0.0536399885565	-0.0104417270451	-0.00710247610657	-0.0251536925275	0.0143567448206	-0.0294168169984	0.0304818652959	-0.0131362635958	-0.0136886768951	0.0329560980052	-0.0118615228058	-0.00732036573284	1.0	0.037503091709	-0.00741552715691	-0.0195176455348	-0.0136016214869	-0.100520167981	-0.0641645337746	0.00584788171795	0.039452003683	-0.0467620113851	-0.0246832195142	-0.039545882235	-0.0462696021889	-0.0185789980417	-0.00443421885062	0.0487584410154	0.0170145562094	0.0738034382014	-0.0394035008046	0.0642797406975	-0.0307714631806	-0.0409813076599	0.0327553186603	0.0360649487347	-0.0578454400315	-0.0178239985749	-0.0269373115652	-0.00359598677511	-0.0477109965519	-0.0120951079333	0.0221809783121	0.0754986771394	-0.0402502241093	-0.0119313723431	-0.032247832385	-0.0123228322016	-0.0375323581856	0.0262926378219	-0.00972088316847	0.00106676824453
k__Bacteria;p__Bacteroidetes;c__Bacteroidia;o__Bacteroidales;f__Bacteroidaceae;g__Bacteroides;s__Bacteroides_salyersiae	-0.041560070093	0.0649761710103	-0.0127809818435	-0.0355063346128	0.0407135479333	0.00800137200808	0.0111093430251	0.0412283193154	-0.0681287831869	-0.0214775035576	-0.028276898728	-0.0316207335109	0.0280646513533	-0.0284421051454	-0.0651175764665	-0.031528677848	0.0055997677381	0.00910233891609	-0.00698033903149	0.037503091709	1.0	0.0482576577257	-0.0102333232595	0.000756870709744	0.0613593084108	0.00913047192073	0.0188361307297	0.0131513132728	-0.0739085582109	-0.00112096544267	-0.00987902136997	-0.0498188344762	0.007146862987	0.0210589481112	-0.0201984742581	-0.0126965799977	-0.0130256663145	0.0309782495273	-0.033585438669	0.0230927885546	-0.00568191112551	0.00214675620359	-0.00457866040752	-0.0504056008002	0.000479837288947	-0.0164049928991	-0.0290622506361	0.0190113819066	-0.0682006280811	0.00081131173086	0.0181829223104	0.0275621299587	-0.0537675476156	0.00210215126876	-0.0141802184737	-0.0611065417112	-0.0023144442324	-0.0490905845976	-0.0629336647182
k__Bacteria;p__Firmicutes;c__Clostridia;o__Clostridiales;f__Ruminococcaceae;g__Ruminiclostridium;s__[Eubacterium]_siraeum	-0.0935552051142	0.0403325762197	-0.0438498905406	-0.0477480907405	-0.0324532068928	-0.041300732569	-0.0413238731931	0.00636241871174	0.0470273979678	0.0280010084791	-0.0180169229654	-0.0388060627212	0.00120016047378	-0.0114933695867	0.0155115909098	0.0191815796889	0.0189840879674	-0.0637285636572	-0.0040928550687	-0.00741552715691	0.0482576577257	1.0	-0.041091447103	-0.0182330048759	0.0316345911618	-0.0215763216295	0.026063167618	-0.0442738579591	0.0727349771404	-0.00828987613643	0.026739390339	0.00603155543958	-0.00639065812864	0.0292203924738	-0.00320762766991	-0.0143590687858	0.029395433623	0.0344249106273	-0.0405577363404	0.028061355073	0.0112429879168	-0.0241120090098	0.0109378492592	-0.00421679164739	0.0365756706567	-0.0107043347259	0.0395210719993	-0.00442771470406	0.0225707021157	-0.0212240423743	-0.0304178967884	-0.0410750921994	-0.0429040185811	0.0435697665081	-0.0297417614577	-0.00200672401772	-0.0397388958755	0.0140176859489	-0.0363161527838
k__Bacteria;p__Proteobacteria;c__Betaproteobacteria;o__Burkholderiales;f__Sutterellaceae;g__Parasutterella;s__Parasutterella_excrementihominis	0.0158578046444	0.0408889876088	0.0306782019432	0.0135963515942	-0.022568785684	0.00532878939107	-0.00981952399264	-0.0441303718998	-0.00877674631992	-0.00816661413983	0.0288239311455	0.0488666771143	-0.00762269582072	-0.00206138996718	-0.0498925246605	-0.0311550755642	-0.0116889309451	0.0473199493793	-0.0135896829871	-0.0195176455348	-0.0102333232595	-0.041091447103	1.0	0.0303292327179	-0.0468203979906	0.00834846974344	0.0058619204181	-0.0513480269915	0.023423388277	-0.0618421183899	0.036712281427	0.031255046426	-0.0228835200349	-0.0390992020527	0.00382022237575	0.0214449464392	-0.0448650525297	0.00609066968047	-0.0996407048198	-0.0575242034058	0.0274538479861	0.0365806130397	-0.025395709554	0.0296725194727	0.0337425443541	0.0576825608476	0.0195714479843	0.00434454047484	-0.0415659736614	-0.0218493483116	0.0424001393298	-0.0192194964132	-0.00481419690897	-0.0255117139931	-0.0239136854751	-0.0203238095815	0.0388086995847	-0.0165137248072	0.0140302773629
k__Bacteria;p__Actinobacteria;c__Actinobacteria;o__Bifidobacteriales;f__Bifidobacteriaceae;g__Bifidobacterium;s__Bifidobacterium_adolescentis	0.11138987846	-0.013477171889	0.0127776752547	-0.000962587448352	0.0192036356514	0.0276770535715	-0.0447616744506	0.00125165640971	-0.00712042489993	-0.00233956749394	0.0288991123475	-0.00174041190361	-0.0291787937859	-0.0777262987169	0.0251329147164	-0.00747780041682	-0.0256186900877	0.00357953501774	0.00404318168127	-0.0136016214869	0.000756870709744	-0.0182330048759	0.0303292327179	1.0	-0.00224409994517	-0.0279194762662	-0.0165739378246	0.0570200491578	-0.05705440676	0.0204060933208	0.0387590597009	-0.0325540201492	0.00778045665296	-0.0340305166777	-0.0151142168387	-0.0213041103901	-0.0119844987049	-0.0198485093181	0.0322777015446	-0.0272882591104	-0.0404039000404	0.0141214595955	-0.00416654475592	0.00652276683718	0.00904293775501	-0.0420155859415	-0.0238202416802	-0.0416921069759	0.0076914856706	-0.0201545177307	0.046805090083	-0.0182485799135	-0.0157784173941	-0.00746670483589	0.00181971525097	-0.00177337840136	-0.0559820272353	-0.0353804589416	0.0354189267186
k__Bacteria;p__Firmicutes;c__Clostridia;o__Clostridiales;f__Oscillospiraceae;g__Oscillibacter;s__Oscillibacter_sp._KLE_1745	-0.013256773469	-0.030635370254	0.00292466497378	-0.00276381929787	0.0941749011967	0.011032020263	0.0203959369921	-0.0342429768948	0.0222257369541	-0.0106087093735	0.0160706956535	0.0156199249404	0.0198467136085	-0.0586931607318	0.0111942240182	-0.046181724613	-0.0416032938169	-0.00403704284391	-0.00416475109076	-0.100520167981	0.0613593084108	0.0316345911618	-0.0468203979906	-0.00224409994517	1.0	0.0110558328785	-0.00664153854516	0.000506467245405	0.0302578287652	0.0318192368793	0.0104423267464	0.00333677237233	-0.0120647963164	0.0445327583154	-0.0315027567047	-0.0433459452048	-0.0387621068403	0.0229580210166	0.026060894559	-0.0183309069315	0.012292454251	-0.0605475798487	-0.00585485460034	-0.0115474771798	0.0114432395851	-0.00077438884253	-0.0248417986081	-0.0456511433191	0.0138861121872	-0.086704267294	0.0137095374987	-0.0516234684123	0.0472975832709	0.0297763565228	0.0165009725261	-0.0291954437869	-0.0665911779933	-0.0217726669845	-0.0270294928979
k__Bacteria;p__Bacteroidetes;c__Bacteroidia;o__Bacteroidales;f__Bacteroidaceae;g__Bacteroides;s__Bacteroides_coprophilus	0.0337442298738	-0.0378695915836	-0.0507029728773	0.015388926356	0.0458451472086	-0.0115784200205	0.00107297404076	0.0407720884458	0.0480968339743	-0.0220701092961	-0.00648673407842	-0.0442476349546	-0.0427377286288	0.00881177626107	-0.0262118970144	-0.0616891707305	-0.0272634199783	-0.0090404220016	0.0529055587786	-0.0641645337746	0.00913047192073	-0.0215763216295	0.00834846974344	-0.0279194762662	0.0110558328785	1.0	-0.0383328189446	0.00222667751499	0.031645190764	-0.0284763785603	-0.00515856780369	-0.0279255521363	-0.0269488618614	-0.0121013845743	-0.00953789496953	-0.0409004147449	-0.0265307795618	0.0004053013461	0.0292838320458	-0.048457451027	-0.022068110553	0.00951863717615	-0.0206772570293	-0.0281662745037	-0.0143328484843	0.024665073837	0.0261116862007	-0.0143455415194	-0.0076881049343	-0.029266240882	0.00650172561299	0.00974816216294	-0.00564215500265	-0.0485823711227	-0.0294760348917	0.029839152854	-0.0411133826895	0.0316177861417	-0.0291231559708
k__Bacteria;p__Firmicutes;c__Clostridia;o__Clostridiales;f__Lachnospiraceae;g__Roseburia;s__Roseburia_intestinalis	-0.0320881809588	-0.0172747010882	-0.0969785336091	-0.0228791180077	0.0281256104652	-0.0155029527965	-0.0230336089456	0.0367871831588	-0.0267947414295	-0.0244396063363	-0.00823221077514	-0.0178056590226	-0.0322350925985	0.0473167472825	-0.0179260328793	0.00272718775153	0.00487830982458	-0.0177422337358	-0.0168136929352	0.00584788171795	0.0188361307297	0.026063167618	0.0058619204181	-0.0165739378246	-0.00664153854516	-0.0383328189446	1.0	0.022602605993	0.0375721050293	-0.0204302221078	-0.00861460013445	-0.0304070794455	-0.00141658463306	-0.0519566188234	-0.0615293629531	0.00322740287604	0.0136068475844	0.0163668392506	0.0309083696394	-0.0065943422639	0.0394141095132	-0.00158428284756	-0.0100950072548	0.0728830533634	0.0119873895818	-0.00847057942484	-0.0192051707554	-0.0234378580528	0.0275342629141	-0.0221582405209	-0.00244373449812	-0.0367451299524	0.0249100706876	-0.000326346632762	-0.0308336281127	-0.0479134225662	0.0352565915347	-0.0113759640573	-0.0450403434474
k__Bacteria;p__Firmicutes;c__Clostridia;o__Clostridiales;f__Lachnospiraceae;g__Roseburia;s__Roseburia_hominis	-0.0110010508197	-0.0124055414993	-0.0314290149674	0.0627278367425	-0.0156771326199	-0.0461478675054	0.0634488879636	0.0180925304801	0.000987395450865	-0.0301331986363	-0.0122437091924	0.0283808002714	-0.0286712270692	-0.0130445955012	-0.0180661592968	-0.00036799013601	0.00622241151884	0.0132047654006	0.00363937879098	0.039452003683	0.0131513132728	-0.0442738579591	-0.0513480269915	0.0570200491578	0.000506467245405	0.00222667751499	0.022602605993	1.0	-0.0247797197946	-0.014874542146	-0.0273721424615	-0.0330734803726	-0.00253211157906	-0.0255686748096	0.0340384470668	-0.0311571927213	0.0349443609903	0.0307824407151	0.0161711300934	-0.0220547443749	-0.0337090868549	0.00429425321286	-0.0259207330075	-0.0137792505295	-0.0393792085026	0.040498099811	-0.0273956367456	-0.070824881122	-0.040379556699	0.0057239373554	-0.0729625687196	-0.0213590973999	-0.0287811028402	0.0322328408607	-0.0248802610807	-0.0372413630619	-0.00325339279909	-0.0105704009858	-0.0328204195628
k__Bacteria;p__Bacteroidetes;c__Bacteroidia;o__Bacteroidales;f__Porphyromonadaceae;g__Parabacteroides;s__Parabacteroides_johnsonii	-0.0191332518839	-0.0166080676216	-0.0410787486975	-0.059697161081	-0.0408692514473	0.011016245919	0.0535160120754	-0.0367669982501	0.0266654340418	-0.00840932606163	-0.0201118449345	0.0223162295404	0.02424171408	-0.0212826324375	-0.0169434152494	0.0289591191883	-0.0449766051095	0.00694393079999	-0.0611143753898	-0.0467620113851	-0.0739085582109	0.0727349771404	0.023423388277	-0.05705440676	0.0302578287652	0.031645190764	0.0375721050293	-0.0247797197946	1.0	0.0381661812566	-0.00620001259883	0.0211958408077	0.0210584216747	0.0147633638771	-0.0195299283491	0.0699859426793	0.00337344224601	-0.0377193207099	0.00842143962128	-0.0963653758078	0.00617328150891	0.00687251406366	0.0268184710993	-0.00539118205415	-0.00377661830922	0.0357972182614	0.0285259797913	-0.0146517219289	0.0769833006818	0.00496723689259	0.012260033662	-0.00852202489872	-0.0236953146659	-0.0506123131025	0.0132946391453	-0.0357248560721	0.0263161630139	0.0322460666901	-0.041155551845
k__Bacteria;p__Actinobacteria;c__Actinobacteria;o__Bifidobacteriales;f__Bifidobacteriaceae;g__Bifidobacterium;s__Bifidobacterium_longum	-0.0072529619134	-0.0537066926843	0.00600438865343	-0.0131510858081	0.00222456901975	0.0252843443113	0.0226464133557	-0.0273759259248	-0.0244330145975	0.00405733349829	-0.0280647137291	0.0724743380781	-0.0238704227671	0.000788560134071	-0.0228471493876	-0.0364948322667	-0.0389805516763	-0.0165704658978	-0.0480642083582	-0.0246832195142	-0.00112096544267	-0.00828987613643	-0.0618421183899	0.0204060933208	0.0318192368793	-0.0284763785603	-0.0204302221078	-0.014874542146	0.0381661812566	1.0	0.00193433789956	0.00482187454976	0.0592725474879	0.035581484434	-0.0236892111549	-0.032936750408	-0.0354653354249	0.00613516877661	-0.0217548232108	-0.00546435051209	-8.86530316374e-05	0.0677194885639	-0.00712182495714	-0.044989647811	0.035977515874	-0.0151949653787	-0.0162597669914	-0.0087508202692	-0.0457818102862	-0.00152684618806	-0.014253485674	-0.00594827962943	-0.0439444947706	0.0173042950551	0.0206240374466	-0.0264505909671	0.018676747966	-0.00460121054838	-0.0370788692118
