#taxonomy	k__Bacteria;p__Bacteroidetes;c__Bacteroidia;o__Bacteroidales;f__Bacteroidaceae;g__Bacteroides;s__Bacteroides_vulgatus	k__Bacteria;p__Bacteroidetes;c__Bacteroidia;o__Bacteroidales;f__Bacteroidaceae;g__Bacteroides;s__Bacteroides_uniformis	k__Bacteria;p__Bacteroidetes;c__Bacteroidia;o__Bacteroidales;f__Rikenellaceae;g__Alistipes;s__Alistipes_putredinis	k__Bacteria;p__Bacteroidetes;c__Bacteroidia;o__Bacteroidales;f__Prevotellaceae;g__Prevotella;s__Prevotella_copri	k__Bacteria;p__Bacteroidetes;c__Bacteroidia;o__Bacteroidales;f__Bacteroidaceae;g__Bacteroides;s__Bacteroides_stercoris	k__Bacteria;p__Bacteroidetes;c__Bacteroidia;o__Bacteroidales;f__Bacteroidaceae;g__Bacteroides;s__Bacteroides_ovatus	k__Bacteria;p__Bacteroidetes;c__Bacteroidia;o__Bacteroidales;f__Rikenellaceae;g__Alistipes;s__Alistipes_shahii	k__Bacteria;p__Firmicutes;c__Clostridia;o__Clostridiales;f__Ruminococcaceae;g__Faecalibacterium;s__Faecalibacterium_prausnitzii	k__Bacteria;p__Bacteroidetes;c__Bacteroidia;o__Bacteroidales;f__Rikenellaceae;g__Alistipes;s__Alistipes_finegoldii	k__Bacteria;p__Bacteroidetes;c__Bacteroidia;o__Bacteroidales;f__Porphyromonadaceae;g__Parabacteroides;s__Parabacteroides_distasonis	k__Bacteria;p__Bacteroidetes;c__Bacteroidia;o__Bacteroidales;f__Bacteroidaceae;g__Bacteroides;s__Bacteroides_thetaiotaomicron	k__Bacteria;p__Bacteroidetes;c__Bacteroidia;o__Bacteroidales;f__Bacteroidaceae;g__Bacteroides;s__Bacteroides_coprocola	k__Bacteria;p__Bacteroidetes;c__Bacteroidia;o__Bacteroidales;f__Bacteroidaceae;g__Bacteroides;s__Bacteroides_cellulosilyticus	k__Bacteria;p__Bacteroidetes;c__Bacteroidia;o__Bacteroidales;f__Rikenellaceae;g__Alistipes;s__Alistipes_obesi	k__Bacteria;p__Firmicutes;c__Clostridia;o__Clostridiales;f__Lachnospiraceae;g__;s__[Eubacterium]_rectale	k__Bacteria;p__Bacteroidetes;c__Bacteroidia;o__Bacteroidales;f__Bacteroidaceae;g__Bacteroides;s__Bacteroides_plebeius	k__Bacteria;p__Bacteroidetes;c__Bacteroidia;o__Bacteroidales;f__Bacteroidaceae;g__Bacteroides;s__Bacteroides_fragilis	k__Bacteria;p__Proteobacteria;c__Betaproteobacteria;o__Burkholderiales;f__Sutterellaceae;g__Sutterella;s__Sutterella_wadsworthensis	k__Bacteria;p__Bacteroidetes;c__Bacteroidia;o__Bacteroidales;f__Porphyromonadaceae;g__Barnesiella;s__Barnesiella_intestinihominis	k__Bacteria;p__Bacteroidetes;c__Bacteroidia;o__Bacteroidales;f__Odoribacteraceae;g__Odoribacter;s__Odoribacter_splanchnicus	k__Bacteria;p__Bacteroidetes;c__Bacteroidia;o__Bacteroidales;f__Bacteroidaceae;g__Bacteroides;s__Bacteroides_salyersiae	k__Bacteria;p__Firmicutes;c__Clostridia;o__Clostridiales;f__Ruminococcaceae;g__Ruminiclostridium;s__[Eubacterium]_siraeum	k__Bacteria;p__Proteobacteria;c__Betaproteobacteria;o__Burkholderiales;f__Sutterellaceae;g__Parasutterella;s__Parasutterella_excrementihominis	k__Bacteria;p__Actinobacteria;c__Actinobacteria;o__Bifidobacteriales;f__Bifidobacteriaceae;g__Bifidobacterium;s__Bifidobacterium_adolescentis	k__Bacteria;p__Firmicutes;c__Clostridia;o__Clostridiales;f__Oscillospiraceae;g__Oscillibacter;s__Oscillibacter_sp._KLE_1745	k__Bacteria;p__Bacteroidetes;c__Bacteroidia;o__Bacteroidales;f__Bacteroidaceae;g__Bacteroides;s__Bacteroides_coprophilus	k__Bacteria;p__Firmicutes;c__Clostridia;o__Clostridiales;f__Lachnospiraceae;g__Roseburia;s__Roseburia_intestinalis	k__Bacteria;p__Firmicutes;c__Clostridia;o__Clostridiales;f__Lachnospiraceae;g__Roseburia;s__Roseburia_hominis	k__Bacteria;p__Bacteroidetes;c__Bacteroidia;o__Bacteroidales;f__Porphyromonadaceae;g__Parabacteroides;s__Parabacteroides_johnsonii	k__Bacteria;p__Actinobacteria;c__Actinobacteria;o__Bifidobacteriales;f__Bifidobacteriaceae;g__Bifidobacterium;s__Bifidobacterium_longum	k__Bacteria;p__Firmicutes;c__Clostridia;o__Clostridiales;f__;g__Flavonifractor;s__Flavonifractor_plautii	k__Bacteria;p__Firmicutes;c__Clostridia;o__Clostridiales;f__Clostridiaceae;g__Clostridium;s__Clostridium_phoceensis	k__Bacteria;p__Verrucomicrobia;c__Verrucomicrobiae;o__Verrucomicrobiales;f__Akkermansiaceae;g__Akkermansia;s__Akkermansia_muciniphila	k__Bacteria;p__Bacteroidetes;c__Bacteroidia;o__Bacteroidales;f__Prevotellaceae;g__Paraprevotella;s__Paraprevotella_xylaniphila	k__Bacteria;p__Firmicutes;c__Clostridia;o__Clostridiales;f__Ruminococcaceae;g__Ruminococcus;s__Ruminococcus_callidus	k__Bacteria;p__Bacteroidetes;c__Bacteroidia;o__Bacteroidales;f__Rikenellaceae;g__Alistipes;s__Alistipes_senegalensis	k__Bacteria;p__Firmicutes;c__Clostridia;o__Clostridiales;f__Lachnospiraceae;g__Blautia;s__Blautia_sp._KLE_1732	k__Bacteria;p__Bacteroidetes;c__Bacteroidia;o__Bacteroidales;f__Bacteroidaceae;g__Bacteroides;s__Bacteroides_oleiciplenus	k__Bacteria;p__Firmicutes;c__Clostridia;o__Clostridiales;f__Ruminococcaceae;g__Ruminococcus;s__Ruminococcus_bicirculans	k__Bacteria;p__Bacteroidetes;c__Bacteroidia;o__Bacteroidales;f__Bacteroidaceae;g__Bacteroides;s__Bacteroides_fluxus	k__Bacteria;p__Bacteroidetes;c__Bacteroidia;o__Bacteroidales;f__Prevotellaceae;g__Prevotella;s__Prevotella_stercorea	k__Bacteria;p__Firmicutes;c__Clostridia;o__Clostridiales;f__Lachnospiraceae;g__Dorea;s__Dorea_longicatena	k__Bacteria;p__Firmicutes;c__Clostridia;o__Clostridiales;f__Eubacteriaceae;g__Eubacterium;s__[Eubacterium]_eligens	k__Bacteria;p__Firmicutes;c__Clostridia;o__Clostridiales;f__Ruminococcaceae;g__;s__Ruminococcaceae_bacterium_D16	k__Bacteria;p__Firmicutes;c__Clostridia;o__Clostridiales;f__Lachnospiraceae;g__Coprococcus;s__Coprococcus_comes	k__Bacteria;p__Proteobacteria;c__Gammaproteobacteria;o__Enterobacterales;f__Enterobacteriaceae;g__Escherichia;s__Escherichia_coli	k__Bacteria;p__Firmicutes;c__Clostridia;o__Clostridiales;f__Ruminococcaceae;g__Anaerotruncus;s__Anaerotruncus_colihominis	k__Bacteria;p__Firmicutes;c__Clostridia;o__Clostridiales;f__Lachnospiraceae;g__Blautia;s__Blautia_obeum	k__Bacteria;p__Bacteroidetes;c__Bacteroidia;o__Bacteroidales;f__Odoribacteraceae;g__Odoribacter;s__Odoribacter_laneus	k__Bacteria;p__Firmicutes;c__Clostridia;o__Clostridiales;f__Ruminococcaceae;g__Ruminiclostridium;s__[Clostridium]_leptum	k__Bacteria;p__Bacteroidetes;c__Bacteroidia;o__Bacteroidales;f__Porphyromonadaceae;g__Parabacteroides;s__Parabacteroides_goldsteinii	k__Bacteria;p__Firmicutes;c__Clostridia;o__Clostridiales;f__Lachnospiraceae;g__Anaerostipes;s__Anaerostipes_hadrus	k__Bacteria;p__Firmicutes;c__Clostridia;o__Clostridiales;f__Ruminococcaceae;g__Ruminococcus;s__Ruminococcus_lactaris	k__Bacteria;p__Firmicutes;c__Clostridia;o__Clostridiales;f__Clostridiaceae;g__Clostridium;s__Clostridium_sp._L2-50	k__Bacteria;p__Firmicutes;c__Clostridia;o__Clostridiales;f__Clostridiaceae;g__Clostridium;s__Clostridium_sp._M62/1	k__Bacteria;p__Firmicutes;c__Clostridia;o__Clostridiales;f__;g__Intestinimonas;s__Intestinimonas_butyriciproducens	k__Bacteria;p__Actinobacteria;c__Actinobacteria;o__Bifidobacteriales;f__Bifidobacteriaceae;g__Bifidobacterium;s__Bifidobacterium_bifidum	k__Bacteria;p__Firmicutes;c__Negativicutes;o__Veillonellales;f__Veillonellaceae;g__Dialister;s__Dialister_invisus	k__Bacteria;p__Bacteroidetes;c__Bacteroidia;o__Bacteroidales;f__Bacteroidaceae;g__Bacteroides;s__Bacteroides_salanitronis
k__Bacteria;p__Bacteroidetes;c__Bacteroidia;o__Bacteroidales;f__Bacteroidaceae;g__Bacteroides;s__Bacteroides_vulgatus	1.0	0.00736731657569	-0.0382381695481	0.0491339160178	-0.0286248328084	-0.0593803314574	0.0120027697056	0.0145655286823	-0.0503536233025	0.00884845619477	0.0601924391842	-0.0380836724601	-0.0245546575448	0.0157739971291	-0.00574855459442	0.00626683988811	-0.00818065630942	-0.00213206446334	0.0188655046827	-0.0601235408626	0.0072706279975	0.00137099745647	-0.00243453485668	-0.0228844558044	-0.0421062480292	0.0155451655541	0.0235087976852	-0.0223555974203	0.012035633325	0.0142816206364	-0.00562712811653	-0.00446352789244	-0.00801777182051	-0.0182334303796	0.0304480772486	-0.00110968533256	-0.0394723378256	0.0281198204383	-0.0334079662846	0.0393233212324	-0.0125517423258	0.0309487802036	-0.0427398381797	-0.0122581452977	-0.0210807933599	0.012982519294	-0.0470748156205	0.0235412287127	-0.0569178811626	0.0319684088147	0.0707853195791	-0.0114346520509	0.0635349981782	0.000946719534821	0.036308974092	0.0203258844589	-0.00404540580725	-0.0289489240842	0.0328778672197
k__Bacteria;p__Bacteroidetes;c__Bacteroidia;o__Bacteroidales;f__Bacteroidaceae;g__Bacteroides;s__Bacteroides_uniformis	0.00736731657569	1.0	-0.00127112173318	-0.0226266221525	-0.044011786319	-0.0326975033993	-0.0221311873968	0.0408289600596	-0.0151449128654	0.0112187582835	0.0267620345121	0.00487588925072	0.00763323392188	-0.00782025494153	-0.0171168233639	-0.0107115002931	0.0145212326354	0.0389986554335	-0.00363243243361	0.00689275065569	0.0219100564637	-0.0457381173969	-0.0453676604048	0.0203851749603	-0.0122840225128	0.024560476146	-0.0424114460719	0.0168261821525	-0.00994441513185	-0.0113596728748	0.0297039030496	-0.0110150345126	-0.0211248305859	0.0431615124603	-0.0413389490057	0.0290845533237	-0.0192184662347	-0.0498151181653	-0.0679356769277	-0.000563815307444	0.013292525633	0.0141059235109	-0.0516795137483	-0.0821203093714	0.0119350483644	-0.0319260180455	-0.014845592783	-0.0327742167473	0.0340678128542	-0.0667018338245	-0.0600805535962	0.0349719271199	-0.00670676281616	0.0215085565486	-0.0268328599667	-0.0130001672842	-0.0024637550781	-0.0402335462169	0.0494327437707
k__Bacteria;p__Bacteroidetes;c__Bacteroidia;o__Bacteroidales;f__Rikenellaceae;g__Alistipes;s__Alistipes_putredinis	-0.0382381695481	-0.00127112173317	1.0	0.00758981007646	0.0015597798561	-0.0132401227675	-0.0198718222304	-0.0507619228721	-0.0361267247233	-0.00223516104908	-0.0378080031029	0.00275585289198	-0.0819746732508	-0.0431449447474	-0.0150742723597	-0.0177478353152	0.0313127936555	-0.0182666585853	0.019164486819	-0.0270833930548	-0.0337563347881	0.011058529434	-0.00822204715386	0.0374523214751	0.0568092359208	-0.0147327846	0.0162928208047	-0.0143330848067	-0.0106086598418	0.00597934508821	-0.0247691104121	-0.0537105546629	0.0266130380967	-0.0165294716166	-0.0321160037504	-0.045095432828	-0.00830319654307	0.0423075280042	0.0494218082119	-0.0268740439521	0.00394032135918	0.00842585053554	0.00342021973569	0.0223535178148	0.0641003462419	-0.00500721190698	-0.0256203086848	0.02064498651	-0.0196753246457	0.0333733656895	0.00118643900716	-0.0258631153985	0.00674198700109	0.0526854861035	-0.0435725219719	-0.021491674478	0.0594256185318	0.0261902438313	0.016540306758
k__Bacteria;p__Bacteroidetes;c__Bacteroidia;o__Bacteroidales;f__Prevotellaceae;g__Prevotella;s__Prevotella_copri	0.0491339160178	-0.0226266221525	0.00758981007646	1.0	-0.0266022887068	-0.0075530384339	0.0462849215212	-0.0254154562884	-0.0162678000392	0.0142452021494	0.029902439889	-0.0260935333427	0.00511193453364	0.0113388241184	-0.0210819665367	0.0594437153153	-0.0411521346578	0.00242232560456	0.00267431326357	-0.0703611146973	-0.0254111563688	-0.050625470644	-0.0304611894952	0.0444604926389	0.0233227586734	0.0419247679959	0.0113110100777	-0.0409234095896	0.001679730498	0.0103667021014	0.00600908521878	-0.0464158166174	-0.0429156669991	-0.0369308118272	-0.0231194501432	0.0315644756428	0.0100097918697	-0.0273592469297	0.0257026206139	0.0564464666804	-0.0475017831146	0.00707327049242	-0.0200927035826	0.0351718805335	0.0379483478087	0.00811209445753	0.0497979062475	-0.00505674697908	0.013751144217	-0.0236968685094	-0.011183996432	0.0226168846698	0.00881641618241	0.0499522814746	0.0185268177634	-0.0374342329341	-0.0128747986709	0.00252115308549	-0.0257348669003
k__Bacteria;p__Bacteroidetes;c__Bacteroidia;o__Bacteroidales;f__Bacteroidaceae;g__Bacteroides;s__Bacteroides_stercoris	-0.0286248328084	-0.044011786319	0.0015597798561	-0.0266022887068	1.0	-0.020022349292	-0.0128453575564	-0.00351746852626	-0.0762790016716	0.00707021380648	-0.0156709996722	-0.0175546004744	-0.0199388126911	0.0089961254861	-0.0136147926346	0.0278966061546	0.0271390978332	0.000235791555598	-0.034838987698	0.0115738046863	-0.0572425168861	0.000241251450962	-0.0405493213866	-0.00805116238458	-0.0327291352844	-0.0570237442465	-0.0185853590209	0.0147958908507	0.0383967693265	0.0545065780377	0.0338918646013	-0.0233214833634	0.0507079398903	-0.01030029524	-0.0121403551156	-0.0340882993807	-0.000142844055806	-0.0528437490735	0.0241311460417	-0.0503983550416	0.00244650817148	-0.0627339229661	0.0119961351484	0.0407871934022	-0.0632409085803	0.00688856824905	0.0221058559704	-0.0363816666021	-0.0175973751764	0.0029655446172	0.0412549799946	-0.0351688784106	-0.00163765485723	0.0151106838373	-0.0110585694293	0.0352878919851	0.0126767514	0.00581330221238	0.00935599140103
k__Bacteria;p__Bacteroidetes;c__Bacteroidia;o__Bacteroidales;f__Bacteroidaceae;g__Bacteroides;s__Bacteroides_ovatus	-0.0593803314574	-0.0326975033993	-0.0132401227675	-0.0075530384339	-0.020022349292	1.0	-0.0301959324983	0.00448715444965	-0.00971947682673	-0.00605494511193	-0.0984467239803	0.0576370617318	0.0215952192407	0.0516474451634	-0.0379192559064	0.0153828852169	0.0530927478666	0.00340708607661	0.0180664242095	0.00213030523088	0.0339169434403	0.021798601758	-0.0316245259582	-0.0445679457581	-0.0191290186346	0.0995186164612	-0.00472554626155	-0.0272519194461	-0.0239404174005	0.0101849485071	0.00560803669227	-0.00227951441724	-0.0260474753675	-0.0563608900906	0.0460804238563	0.019596200015	-0.00607326411558	-0.0743897887754	-0.0170560087969	-0.0382782078601	-0.0389830206294	-0.033732692684	0.0156950472204	0.00333851163949	0.0484031681685	-0.03908254801	-0.0470473692211	0.0174528214437	0.0431771795451	0.00108351567595	0.00413226339783	0.0184565691342	-0.0243515695897	-0.00866843191318	0.0292861948827	-0.056184661394	0.017554793265	-0.0219869537489	0.0196795638565
k__Bacteria;p__Bacteroidetes;c__Bacteroidia;o__Bacteroidales;f__Rikenellaceae;g__Alistipes;s__Alistipes_shahii	0.0120027697056	-0.0221311873968	-0.0198718222304	0.0462849215212	-0.0128453575564	-0.0301959324983	1.0	-0.0641265104089	-0.0130384832211	-0.0386038188582	-0.0223807278611	-0.00123636630226	0.0209480164261	0.0234171774624	-0.0340536665552	-0.0548883511434	0.00513200022685	-0.0528849019349	0.00751556835599	0.00704465210154	0.0139424920779	-0.0587721131225	0.00864383071162	-0.0405155049814	0.0125265375192	-0.0333927997459	-0.0392879703266	-0.0255460975178	0.0305875392935	-0.040546167784	0.0375925681932	0.00640232814567	-0.0216944354603	-0.040209259915	0.00277908174982	0.0392788231122	0.0158224620705	0.0260191919504	0.00684072178494	-0.000292111173721	0.0105087642162	0.0255477289705	-0.0311550253506	-0.00478537428299	0.00764379421446	0.0167882956418	0.0262655815588	-0.0091441351499	0.017017940481	-0.0172751249707	-0.0165600417579	-0.0411557204669	0.0201645336057	-0.0106539523092	-0.0199120652919	-0.0510595015122	-0.00226388358238	-0.0389713380319	-0.0569393473748
k__Bacteria;p__Firmicutes;c__Clostridia;o__Clostridiales;f__Ruminococcaceae;g__Faecalibacterium;s__Faecalibacterium_prausnitzii	0.0145655286823	0.0408289600596	-0.0507619228721	-0.0254154562884	-0.00351746852626	0.00448715444965	-0.0641265104089	1.0	-0.00680911262627	0.0380383986977	-0.0442281178026	-0.0315381537269	-0.0249441552798	-0.00299060513026	-0.00544343261833	0.0246652780372	0.00676831886643	-0.0290080130979	-0.0448622688932	-0.039438210399	-0.0176754889185	-0.0498601228635	0.0527136668872	0.0651470741645	-0.0376630440414	-0.0108158449827	-0.0299852299481	-0.0439728651412	0.014680874045	-0.00132463875316	-0.0128583113134	-0.0109142352084	-0.0165238502636	-0.023811296486	-0.0554483220267	0.0145959072375	-0.0424315330826	0.021379945261	0.0306170264698	0.00402350110074	-0.0216340804499	-0.0216468117437	0.00164473358278	-0.0446681338166	0.0127508187078	-0.0268121198365	-0.0396008943814	0.0365357324467	0.0211801780637	0.013891387716	0.00248356291421	-0.014243458954	0.00758387990386	-0.038024988272	-0.035033134902	0.0492469128212	0.0472415380966	0.0243402709466	-0.0262015405268
k__Bacteria;p__Bacteroidetes;c__Bacteroidia;o__Bacteroidales;f__Rikenellaceae;g__Alistipes;s__Alistipes_finegoldii	-0.0503536233025	-0.0151449128654	-0.0361267247233	-0.0162678000392	-0.0762790016716	-0.00971947682673	-0.0130384832211	-0.00680911262627	1.0	-0.0416912202557	0.0528001667507	0.0146329060868	0.0411247659155	-0.0493385668563	0.0517348206781	-0.0056554116941	0.0106700761229	-0.0120721018701	0.0060440402123	0.016364383443	-0.0349088577387	-0.0291242334766	-0.0499200853436	5.37889248861e-05	0.0565201745146	-0.0127026656704	-0.024591894987	0.0221285858359	-0.00632043568428	-0.0476448309727	-0.0284891478164	0.0264635087804	0.0114231379452	0.0468496539176	-0.0247488354916	0.00286278130002	0.0154928533879	0.0107620692419	-0.06302961531	-0.013060316673	-0.0145261569116	0.00587570635131	0.023764707984	-0.00440473353985	0.0236436642168	0.0185495500233	0.0122208915542	-0.010747412868	-0.00546115935671	-0.0451774581444	0.0224746043871	-0.0603527825878	0.00837589096483	-0.00671257813136	0.0268015511604	-0.0117089717271	0.0239954125271	-0.0225050705869	-0.0354217845091
k__Bacteria;p__Bacteroidetes;c__Bacteroidia;o__Bacteroidales;f__Porphyromonadaceae;g__Parabacteroides;s__Parabacteroides_distasonis	0.00884845619477	0.0112187582835	-0.00223516104908	0.0142452021494	0.00707021380648	-0.00605494511193	-0.0386038188582	0.0380383986977	-0.0416912202557	1.0	0.0142616552817	0.0157779705178	-0.0277707235615	-0.0104564120985	0.0253664032414	0.0175511987412	-0.0168570326245	-0.0168522520502	-0.00872602513644	-0.0275438374326	-0.0324460772663	-0.00608899994469	-0.0115118332281	-0.0193391108121	0.0167705880498	-0.0838678813285	-0.00693689483595	0.0348191704978	0.0333778823112	0.0514094097466	-0.027938409951	-0.0282419107698	-0.0304408905374	-0.0216550776705	0.0437090106219	-0.00211874701514	-0.0181643701588	0.0440517362219	-0.0127092153164	-0.024723287723	-0.0198405826147	-0.0481218037613	-0.0178651392185	0.00579493294601	-0.00764331269513	-0.0880463640459	-0.000701566744573	-0.0677035555078	0.0198850591192	-0.0500818162056	-0.0247014382952	-0.029077674975	0.0239996214293	-0.000390894277887	-0.045462502221	-0.0152887670769	-0.0170675543117	-0.00487986080472	0.0347976288676
k__Bacteria;p__Bacteroidetes;c__Bacteroidia;o__Bacteroidales;f__Bacteroidaceae;g__Bacteroides;s__Bacteroides_thetaiotaomicron	0.0601924391842	0.0267620345121	-0.0378080031029	0.029902439889	-0.0156709996722	-0.0984467239803	-0.0223807278611	-0.0442281178026	0.0528001667507	0.0142616552817	1.0	0.00984786570601	-0.00245165296238	-0.0402737408108	-0.0236345803895	0.000862254396913	0.00287890519778	-0.0116519376895	-0.0450228988828	0.0129135673144	-0.04656017808	-0.0136478911978	-0.0348967222364	0.00438169968913	0.0318092120416	-0.010902530701	-0.0292245637614	-0.0227190665462	0.00973914152089	-0.0271818013594	-0.0283445833588	0.0121738030923	-0.00599866639466	-0.0206788702378	-0.0489537369219	-0.0168188014427	-0.00491554052568	-0.0258525360866	-0.000397034375847	0.0129414049392	-0.0399562521955	0.0326739696514	-0.0231096145126	0.00248643145853	-0.0228879055726	-0.0121090820175	0.00249010856641	0.0432457146324	-0.0412108797657	0.0123028376822	-0.0525306922091	-0.0548474047404	-0.0315966911167	0.0505264510159	-0.00120804948368	-0.00822742796498	-0.0889409574008	-0.011805340826	-0.0477149530098
k__Bacteria;p__Bacteroidetes;c__Bacteroidia;o__Bacteroidales;f__Bacteroidaceae;g__Bacteroides;s__Bacteroides_coprocola	-0.0380836724601	0.00487588925072	0.00275585289198	-0.0260935333427	-0.0175546004744	0.0576370617318	-0.00123636630225	-0.0315381537269	0.0146329060868	0.0157779705178	0.00984786570601	1.0	-0.0537292326122	-0.00630398588474	-0.0235425000779	0.0218157649171	-0.0237796738254	-0.00935930143333	-0.0217667392064	-0.00429715905874	-0.0734849015889	-0.0206938834348	-0.0442264451075	0.0136714267108	-0.0307262832443	0.0295848986573	-0.00285124248898	0.0211797319435	-0.0479840877894	0.00647149004996	0.0285838860945	-0.0417425412731	0.0355770997069	0.00590528789961	-0.00880607214956	0.00640722619419	0.0176348150821	-0.0108688406513	0.0105392380883	-0.0813032213217	0.0102018758958	-0.040803919628	-0.0421988230841	-0.0196717789695	-0.0220021958399	-0.0916013510694	-0.051929014933	-0.0463151610745	0.0328528114711	0.000905428245886	0.0355214868212	-0.01214107222	0.0163552548786	0.0212622970215	0.0374236294797	0.0191242557976	-0.0015234059446	-0.0173426668176	0.0357614334653
k__Bacteria;p__Bacteroidetes;c__Bacteroidia;o__Bacteroidales;f__Bacteroidaceae;g__Bacteroides;s__Bacteroides_cellulosilyticus	-0.0245546575448	0.00763323392188	-0.0819746732508	0.00511193453364	-0.0199388126911	0.0215952192407	0.0209480164261	-0.0249441552798	0.0411247659155	-0.0277707235615	-0.00245165296238	-0.0537292326122	1.0	0.0204429510263	-0.04824995376	0.0122089925357	0.0309534262001	-0.0519258871965	0.00612391479141	-0.00192295344833	-0.0197490996927	0.00968559479507	0.0216177917634	0.0276091238992	0.0114920452625	0.0122133857615	0.0142326815317	0.0274113666761	-0.00113660928365	-0.0241258328036	0.0234020175746	0.0132725529534	-0.00132681986238	-0.0154789026555	0.00676822170375	0.021758718121	0.024335476824	0.0271015902927	0.00684192096631	0.00138756470621	-0.00977734175536	-0.000765524356072	-0.0246432843299	0.0327519320506	-0.00484134838002	-0.00635610617763	-0.0379461862843	-0.0170369296262	-0.0111041858748	-0.0254876016256	-0.0140419922636	-0.00167707571349	-0.0221574841866	-0.0432794325331	0.0496328289427	-0.0462806427856	0.0367412653872	-0.0341114518983	-0.0118257778647
k__Bacteria;p__Bacteroidetes;c__Bacteroidia;o__Bacteroidales;f__Rikenellaceae;g__Alistipes;s__Alistipes_obesi	0.0157739971291	-0.00782025494153	-0.0431449447474	0.0113388241184	0.0089961254861	0.0516474451634	0.0234171774624	-0.00299060513026	-0.0493385668563	-0.0104564120985	-0.0402737408108	-0.00630398588474	0.0204429510263	1.0	0.0135955275306	0.0739800755473	-0.0180919043179	-0.0340216637815	-0.0303651548272	-0.0168546704093	0.0361797320031	-0.0221950415231	-0.0231306691737	0.0145781653433	-0.024352641288	0.00609885410351	-0.0459768289103	0.0358862458516	-0.00858447566881	0.0126615572968	0.0215291276415	0.0171277288723	-0.0753631628261	0.00115925806627	0.00441408291001	-0.0366876516989	-0.0759255597976	0.0272015080357	-0.0116468287009	-0.0319421416538	0.0511005231161	0.0172057220805	0.0170852829834	-0.0155281284631	-0.0625411481191	-0.00028200232092	-0.0534976169457	-0.0178992331177	-0.0111455282897	-0.0218167651089	-0.0250423842346	0.0177427445424	-0.0397245487387	0.0513612315166	-0.0418049492921	0.0182238411734	-0.0330172244129	-0.048578722754	-0.00829542753478
k__Bacteria;p__Firmicutes;c__Clostridia;o__Clostridiales;f__Lachnospiraceae;g__;s__[Eubacterium]_rectale	-0.00574855459442	-0.0171168233639	-0.0150742723597	-0.0210819665367	-0.0136147926346	-0.0379192559064	-0.0340536665552	-0.00544343261833	0.0517348206781	0.0253664032414	-0.0236345803895	-0.0235425000779	-0.04824995376	0.0135955275306	1.0	-0.0313344427591	-0.00868332645	-0.00426833063648	0.0142046528187	-0.0131230082923	0.0283427541432	0.0220278499573	0.0351475904763	-0.029651103891	-0.0100985760752	-0.0656927413061	0.0399228169295	-0.0897626225274	0.00294955274523	0.0143239414847	-0.0120201766887	-0.0479268130036	0.0224243565189	0.0358052659296	-0.0661279564345	-0.000398036508918	0.0184536208504	0.0408604533314	-0.0153307696188	0.00209992180533	-0.0342254596596	0.0711917836788	-0.0193891267498	-0.017724096777	-0.00718448279253	-0.0258303184282	-0.0455400315012	-0.03426134596	0.000116361454072	0.00622285242144	-0.00992789560805	0.0502595114597	0.0123223165606	0.00229984666642	-0.0292784961237	-0.108939246198	-0.0231450549241	0.0176722737595	0.0191380362126
k__Bacteria;p__Bacteroidetes;c__Bacteroidia;o__Bacteroidales;f__Bacteroidaceae;g__Bacteroides;s__Bacteroides_plebeius	0.00626683988811	-0.0107115002931	-0.0177478353152	0.0594437153153	0.0278966061546	0.0153828852169	-0.0548883511434	0.0246652780372	-0.0056554116941	0.0175511987412	0.000862254396913	0.0218157649171	0.0122089925357	0.0739800755473	-0.0313344427591	1.0	0.00515975586463	-0.0217495773352	0.0215751318993	0.037829046795	-0.0493167701567	-0.00978856049305	0.00749253371852	-0.00745876433493	-0.0310529536044	0.0132190532153	0.00162898145618	0.018676339106	0.0404405067181	-0.00411860616103	-0.00882848267696	0.0541948248087	0.0227342131637	-0.0291777916313	0.039006929343	0.00194436517615	0.00314161544397	-0.0151125513722	0.0483234485475	-0.0272069228528	0.0195943058515	-0.00932388869111	-0.0555061448624	-0.0278825865161	0.0167813681539	0.0239748223901	0.0310456239279	-0.0435748009054	-0.0479835715109	0.0268557276141	-0.0523618955116	-0.0584313163549	0.0237666300515	-0.0180716245354	-0.00698829219481	-0.0754429758305	-0.00122795051442	-0.0056012776866	-0.0211309765836
k__Bacteria;p__Bacteroidetes;c__Bacteroidia;o__Bacteroidales;f__Bacteroidaceae;g__Bacteroides;s__Bacteroides_fragilis	-0.00818065630942	0.0145212326354	0.0313127936555	-0.0411521346578	0.0271390978332	0.0530927478666	0.00513200022685	0.00676831886643	0.0106700761229	-0.0168570326245	0.00287890519778	-0.0237796738254	0.0309534262001	-0.0180919043179	-0.00868332645	0.00515975586463	1.0	0.00766679068408	-0.0037555669334	-0.00991790974732	-0.00349739322367	0.0434468610681	-0.0478244032715	0.0439177939101	-0.0444762828047	-0.0438968525024	-0.0123733591124	-0.0541648203089	-0.011128809769	-0.0155400587178	-0.00439183080713	0.0109647128529	0.0144795942975	0.0427016558557	0.0191291404866	-0.0135382568843	-0.0271154790854	-0.0366087415485	-0.0185227334082	-0.0118652910876	0.0333576307036	0.00877091824286	0.00218183668084	0.0037950275685	0.00202786351501	0.0837873254526	-0.0149701748919	-0.000643454163086	0.0561107536718	-0.0430744942778	-0.0195129343309	-0.017197276384	-0.0260162824404	-0.0344446084318	-0.0356187686367	-0.0272990313833	-0.0291738448292	0.0134473793004	0.00942196960092
k__Bacteria;p__Proteobacteria;c__Betaproteobacteria;o__Burkholderiales;f__Sutterellaceae;g__Sutterella;s__Sutterella_wadsworthensis	-0.00213206446334	0.0389986554335	-0.0182666585853	0.00242232560456	0.000235791555598	0.00340708607661	-0.0528849019349	-0.0290080130979	-0.0120721018701	-0.0168522520502	-0.0116519376895	-0.00935930143333	-0.0519258871965	-0.0340216637815	-0.00426833063648	-0.0217495773352	0.00766679068408	1.0	-0.0104963017072	0.0224459567427	0.0390222782294	-0.00133649406093	-0.0216066602065	-0.00874603100184	0.00788913924061	0.0510264683449	0.00290638166856	0.00140749049912	-0.00471420416108	-0.0203519061892	0.0409763829057	-0.028270900924	-0.00644062142253	0.0541794729704	0.0447592608173	-0.0134202136167	0.00163488508694	-0.042424806124	-0.00163744765423	0.00804287946275	-0.0274167545065	-0.0216613492508	-0.00564960660031	-0.020590610334	-0.0121421641357	-0.0670354580471	0.049370180839	-0.0125422820145	0.0163854924355	0.0465618927026	0.0152591878373	-0.0163565468669	-0.0643342520852	0.0575295999386	0.049148995618	-0.0302787235429	0.03159218461	-0.0642099875305	-0.0106478160608
k__Bacteria;p__Bacteroidetes;c__Bacteroidia;o__Bacteroidales;f__Porphyromonadaceae;g__Barnesiella;s__Barnesiella_intestinihominis	0.0188655046827	-0.00363243243361	0.019164486819	0.00267431326357	-0.034838987698	0.0180664242095	0.00751556835599	-0.0448622688932	0.0060440402123	-0.00872602513644	-0.0450228988828	-0.0217667392064	0.00612391479141	-0.0303651548272	0.0142046528187	0.0215751318993	-0.0037555669334	-0.0104963017072	1.0	-0.0135284469505	0.0149853678054	0.00462419893964	-0.0517880180381	-0.000767756000152	-0.0236541328864	-0.0185451774806	-0.00983524315617	-0.0406440347274	-0.0405784610087	-0.0566635221534	0.036176750193	-0.0241648197361	-0.00841977591075	0.0116597094301	-0.0202369590061	-0.00486120899697	-0.0379873251706	0.0554430004978	-0.0415413107005	0.0405842638114	-0.00237888692343	0.000703817898632	-0.0172834151066	0.0115613162812	0.0294197190361	0.0416101178232	-0.0334746459589	0.0054170289696	-0.0348362711562	0.00757907606073	-0.0144563139226	-0.0109295538853	-0.0431889602481	-0.0136150177617	0.0221562861618	0.039046008183	-0.019846063629	0.00782325552097	-0.0133692383206
k__Bacteria;p__Bacteroidetes;c__Bacteroidia;o__Bacteroidales;f__Odoribacteraceae;g__Odoribacter;s__Odoribacter_splanchnicus	-0.0601235408626	0.00689275065569	-0.0270833930548	-0.0703611146973	0.0115738046863	0.00213030523088	0.00704465210154	-0.039438210399	0.016364383443	-0.0275438374326	0.0129135673144	-0.00429715905874	-0.00192295344833	-0.0168546704093	-0.0131230082923	0.037829046795	-0.00991790974732	0.0224459567427	-0.0135284469505	1.0	-0.0161309172892	0.0169220565493	-0.0177383348554	-0.0112589034288	0.0318496740194	0.0441979914163	-0.0121534100642	-0.0208211923464	-0.0463840431007	-0.00363677390049	-0.00623088899651	-0.0165886129174	-0.00310640700405	-0.026005297859	-0.00949445905617	0.0053746956568	0.0173641859914	-0.0369275068527	0.0137610725567	-0.0202257083052	-0.0104900612215	0.0370980495918	0.00659986034813	-0.043499081297	-0.0273069382345	0.0171555010822	-0.0366047672672	0.0182704322226	-0.0500928689088	0.0386712312543	0.0186091883775	-0.00645446937854	0.0562565275486	-0.0123978666403	-0.0163634349055	-0.0721652250689	0.053864426485	-0.0424774497319	-0.0340173217806
k__Bacteria;p__Bacteroidetes;c__Bacteroidia;o__Bacteroidales;f__Bacteroidaceae;g__Bacteroides;s__Bacteroides_salyersiae	0.0072706279975	0.0219100564637	-0.0337563347881	-0.0254111563688	-0.0572425168861	0.0339169434403	0.0139424920779	-0.0176754889185	-0.0349088577387	-0.0324460772663	-0.04656017808	-0.0734849015889	-0.0197490996927	0.0361797320031	0.0283427541432	-0.0493167701567	-0.00349739322367	0.0390222782294	0.0149853678054	-0.0161309172892	1.0	0.0144289547058	0.017108718001	0.0110638512416	0.00365244314837	-0.0909115503762	0.013119695632	0.0287477285596	-0.0120635861113	-0.0293274555567	-0.0634352899588	-0.0175822144163	0.0490733800778	0.0233203670915	-0.0530242312262	-0.0223360766401	-0.0640141536506	0.0542713277041	0.0338300289965	-0.00884996357418	0.0275211232368	0.0425878566444	-0.0397093665403	-0.00928173937556	-0.0394946033985	-0.00296042680567	-0.00620331917781	-0.0172941627139	0.0155302147744	-0.0121670575993	-0.0397440147075	-0.0498277697783	0.0188407287397	-0.00722839804179	-0.0846363432363	-0.00409082349279	-0.0224699055921	0.026915120522	-0.0523898288226
k__Bacteria;p__Firmicutes;c__Clostridia;o__Clostridiales;f__Ruminococcaceae;g__Ruminiclostridium;s__[Eubacterium]_siraeum	0.00137099745647	-0.0457381173969	0.011058529434	-0.050625470644	0.000241251450962	0.021798601758	-0.0587721131225	-0.0498601228635	-0.0291242334766	-0.00608899994469	-0.0136478911978	-0.0206938834348	0.00968559479507	-0.0221950415231	0.0220278499573	-0.00978856049305	0.0434468610681	-0.00133649406093	0.00462419893964	0.0169220565493	0.0144289547058	1.0	0.013139943806	0.00911733856992	-0.0435674500875	0.0307633769199	0.00935193990348	-0.0400839931298	-0.0359154205057	0.0226630330886	0.00261770613035	-0.0557804850521	-0.0101514295591	-0.0455026727833	0.0144286762641	-0.0099152641059	-0.0156681365915	0.00645446623885	0.0048632236369	-0.0380770131486	0.0874225938051	-0.016827515967	0.00823350854675	-0.00207378632885	-0.00344955866279	0.00845188925661	-0.00630384895525	-0.0285268684951	-0.0492597083332	0.0126799893059	-0.0406958939769	-0.0189313570035	-0.00552918504239	0.0235242433194	-0.0384338081878	0.000500485327148	-0.00410250464313	-0.00778455950349	-0.0296337963099
k__Bacteria;p__Proteobacteria;c__Betaproteobacteria;o__Burkholderiales;f__Sutterellaceae;g__Parasutterella;s__Parasutterella_excrementihominis	-0.00243453485668	-0.0453676604048	-0.00822204715386	-0.0304611894952	-0.0405493213866	-0.0316245259582	0.00864383071162	0.0527136668872	-0.0499200853436	-0.0115118332281	-0.0348967222364	-0.0442264451075	0.0216177917634	-0.0231306691737	0.0351475904763	0.00749253371852	-0.0478244032715	-0.0216066602065	-0.0517880180381	-0.0177383348554	0.017108718001	0.013139943806	1.0	0.0415822324051	-0.000745420492749	-0.0366631989088	-0.00760398700747	-0.0315649145619	0.0115289680892	-0.0834267179436	0.0466138280822	0.0179419757573	-0.00232320425038	0.0220528459281	-0.0200077300416	-0.0164001383169	-0.0432893283721	-0.0618947551737	-0.0338673929308	-0.0372869049725	0.0224529006909	-0.00261641967057	0.0126590425918	-0.023100972331	-0.021284079943	-0.0680253231256	-0.0129209033933	-0.0441064713758	-0.014505358072	-0.0160738306046	-0.0043455829315	0.0149144959026	0.0414565581861	0.0327561098109	-0.000831215773788	0.00537841219318	-0.0160604769925	0.0372078067666	-0.040426539472
k__Bacteria;p__Actinobacteria;c__Actinobacteria;o__Bifidobacteriales;f__Bifidobacteriaceae;g__Bifidobacterium;s__Bifidobacterium_adolescentis	-0.0228844558044	0.0203851749603	0.0374523214751	0.0444604926389	-0.00805116238458	-0.0445679457581	-0.0405155049814	0.0651470741645	5.37889248861e-05	-0.0193391108121	0.00438169968913	0.0136714267108	0.0276091238992	0.0145781653433	-0.029651103891	-0.00745876433493	0.0439177939101	-0.00874603100184	-0.000767756000152	-0.0112589034288	0.0110638512416	0.00911733856992	0.0415822324051	1.0	-0.0426875580689	-0.049600260183	-0.0207139187238	-0.0236836970255	-0.0322046414611	-0.0439515825886	-0.0444355841692	-0.0184053466545	-0.0266006504533	-0.0197050514449	-0.0439064622674	-0.00351710872457	0.0237237256785	0.0254204907947	0.0259681228809	-0.024161385264	0.018040405762	-0.0257507009873	-0.0403284886514	-0.0216925221528	-0.0599236732104	0.00846035465396	-0.0177894271269	-0.0269848612569	-0.0271694311615	-0.0410589841974	0.014108134404	0.0378285235508	-0.0235365391873	0.0327884733609	-0.00225740916456	0.00980453607109	0.0362085234818	0.0244954387445	0.0145609097207
k__Bacteria;p__Firmicutes;c__Clostridia;o__Clostridiales;f__Oscillospiraceae;g__Oscillibacter;s__Oscillibacter_sp._KLE_1745	-0.0421062480292	-0.0122840225128	0.0568092359208	0.0233227586734	-0.0327291352844	-0.0191290186346	0.0125265375192	-0.0376630440414	0.0565201745146	0.0167705880498	0.0318092120416	-0.0307262832443	0.0114920452625	-0.024352641288	-0.0100985760752	-0.0310529536044	-0.0444762828047	0.00788913924061	-0.0236541328864	0.0318496740194	0.00365244314837	-0.0435674500875	-0.000745420492749	-0.0426875580689	1.0	-0.0129528889784	-0.00669273008128	0.0113645071056	0.0854226003573	-0.0418262806019	-0.0123978071941	-0.0138551658141	0.0365119056428	-0.00870277465191	-0.00559839071806	0.0340052034746	-0.0375751061498	0.0149497647465	-0.0331661365242	0.0354125553746	0.0151943081892	0.0358353504347	-0.0180567835038	0.0149653799415	0.0805091249562	0.0233067671374	0.0369221361848	0.0416763847999	0.0155447560675	0.0288223986523	-0.0123304128576	-0.0232113019589	0.016712125101	-0.0033422494707	-0.0226190958758	-0.00265260930952	-0.0439555132555	-0.0366395970125	-0.0173197882147
k__Bacteria;p__Bacteroidetes;c__Bacteroidia;o__Bacteroidales;f__Bacteroidaceae;g__Bacteroides;s__Bacteroides_coprophilus	0.0155451655541	0.024560476146	-0.0147327846	0.0419247679959	-0.0570237442465	0.0995186164612	-0.0333927997459	-0.0108158449827	-0.0127026656704	-0.0838678813285	-0.010902530701	0.0295848986573	0.0122133857615	0.00609885410351	-0.0656927413061	0.0132190532153	-0.0438968525024	0.0510264683449	-0.0185451774806	0.0441979914163	-0.0909115503762	0.0307633769199	-0.0366631989088	-0.049600260183	-0.0129528889784	1.0	-0.0182911264862	-0.0611462359068	-0.040155529747	-0.0203075174634	-0.0462849209006	0.0150110731483	-0.0449302549394	0.0484622324505	-0.0140625855444	0.0555562495125	0.0266778801001	0.00468951823165	-0.0043838528953	-0.0304544179227	-0.0305004520039	-0.0180481650385	-0.0467024268196	0.0818884174437	0.0158364250072	-0.0190150494808	-0.036518802498	-0.0563013405877	0.0274138955081	0.0200420959684	-0.0583212394665	0.0231140077957	0.00718355335457	-0.0451266147611	0.0701920150912	0.00507891306997	-0.0140113879756	0.0101803102527	-0.0048469829655
k__Bacteria;p__Firmicutes;c__Clostridia;o__Clostridiales;f__Lachnospiraceae;g__Roseburia;s__Roseburia_intestinalis	0.0235087976852	-0.0424114460719	0.0162928208047	0.0113110100777	-0.0185853590209	-0.00472554626155	-0.0392879703266	-0.0299852299481	-0.024591894987	-0.00693689483595	-0.0292245637614	-0.00285124248898	0.0142326815317	-0.0459768289103	0.0399228169295	0.00162898145618	-0.0123733591124	0.00290638166856	-0.00983524315617	-0.0121534100642	0.013119695632	0.00935193990348	-0.00760398700747	-0.0207139187238	-0.00669273008128	-0.0182911264862	1.0	-0.0189012502742	-0.0352116426033	0.0349640455312	-0.0658440095356	0.0129105549489	0.00951478363133	-0.00601402263888	-0.044535190804	-0.0112296806409	-0.0857989398563	0.0136614821352	0.00948509889642	0.00388461617708	0.0404083655999	-0.00154745872343	-0.0036877174015	0.00743641681548	0.0574118745417	0.0031078424912	-0.0213117511915	-0.0479800336271	0.00739757229419	-0.037302207779	0.0190825510644	0.0471160737174	-0.00920530286667	-0.0196600175011	0.00650671305865	-0.00472549830235	0.0130289390685	-0.034397679089	7.00651031602e-05
k__Bacteria;p__Firmicutes;c__Clostridia;o__Clostridiales;f__Lachnospiraceae;g__Roseburia;s__Roseburia_hominis	-0.0223555974203	0.0168261821525	-0.0143330848067	-0.0409234095896	0.0147958908507	-0.0272519194461	-0.0255460975178	-0.0439728651412	0.0221285858359	0.0348191704978	-0.0227190665462	0.0211797319435	0.0274113666761	0.0358862458516	-0.0897626225274	0.018676339106	-0.0541648203089	0.00140749049912	-0.0406440347274	-0.0208211923464	0.0287477285596	-0.0400839931298	-0.0315649145619	-0.0236836970255	0.0113645071056	-0.0611462359068	-0.0189012502742	1.0	0.0357070309697	0.0306272071679	-0.0558715603474	0.0262057985211	0.00881276606227	0.0419958345734	-0.0491681539879	-0.0444219999067	-0.0895509534009	0.0387771163335	-0.0254488794993	-0.034599874726	-0.00347706131879	0.0648674370998	-0.0385154085457	-0.0339934165742	0.00501290473739	-0.00128748200242	0.0487867621397	-0.0697376104164	-0.0179344811329	0.0111595893778	0.0373216939219	0.0330149636473	-0.0668673299752	0.011131032969	-0.00760294744644	-0.0484054688321	0.00736427401266	0.0201338045809	-0.0224937731637
k__Bacteria;p__Bacteroidetes;c__Bacteroidia;o__Bacteroidales;f__Porphyromonadaceae;g__Parabacteroides;s__Parabacteroides_johnsonii	0.012035633325	-0.00994441513185	-0.0106086598418	0.001679730498	0.0383967693265	-0.0239404174005	0.0305875392935	0.014680874045	-0.00632043568428	0.0333778823112	0.00973914152088	-0.0479840877894	-0.00113660928365	-0.00858447566881	0.00294955274523	0.0404405067181	-0.011128809769	-0.00471420416108	-0.0405784610087	-0.0463840431007	-0.0120635861113	-0.0359154205057	0.0115289680892	-0.0322046414611	0.0854226003573	-0.040155529747	-0.0352116426033	0.0357070309697	1.0	-0.00517200087924	0.000509281570764	-0.0973512147847	0.00106250496423	0.0145859816533	0.0129059656696	0.0262224109827	-0.031664825515	-0.0410983208887	-0.0216517628214	-0.00201016617043	-0.0340759514868	0.0504772813487	0.00118667415357	-0.030300082139	-0.0355213901752	-0.0438558881884	0.0522640676364	-0.014632029725	-0.0493944150316	-0.0255279147578	-0.000205978454822	-0.0414386485546	0.0351312004226	-0.0198535994466	-0.0655221698084	-0.00140537829205	-0.0417644732851	0.0066814746568	-0.0214397683527
k__Bacteria;p__Actinobacteria;c__Actinobacteria;o__Bifidobacteriales;f__Bifidobacteriaceae;g__Bifidobacterium;s__Bifidobacterium_longum	0.0142816206364	-0.0113596728748	0.00597934508821	0.0103667021014	0.0545065780377	0.0101849485071	-0.040546167784	-0.00132463875316	-0.0476448309727	0.0514094097466	-0.0271818013594	0.00647149004996	-0.0241258328036	0.0126615572968	0.0143239414847	-0.00411860616103	-0.0155400587178	-0.0203519061892	-0.0566635221534	-0.00363677390049	-0.0293274555567	0.0226630330886	-0.0834267179436	-0.0439515825886	-0.0418262806019	-0.0203075174634	0.0349640455312	0.0306272071679	-0.00517200087924	1.0	7.98368902033e-06	-0.00688308878371	0.00345119307488	-0.00940047884517	0.0397215695859	-0.0480178321971	0.0032002274919	0.00647744131012	0.0198417976728	-0.053355018504	-0.058971865584	0.0102584872383	0.0232877226902	0.0555379012036	-0.0032319092452	-0.0132789493702	-0.00461149806212	0.0146050601402	0.00809577940643	-0.00295025594657	-0.00380108642563	0.00723604950921	0.0196276843945	-0.0255127976187	0.0185437160949	-0.0421165005412	-0.0285567023565	0.000322526933436	-0.0440424464152
