#taxonomy	k__Bacteria;p__Bacteroidetes;c__Bacteroidia;o__Bacteroidales;f__Bacteroidaceae;g__Bacteroides;s__Bacteroides_vulgatus	k__Bacteria;p__Bacteroidetes;c__Bacteroidia;o__Bacteroidales;f__Bacteroidaceae;g__Bacteroides;s__Bacteroides_uniformis	k__Bacteria;p__Bacteroidetes;c__Bacteroidia;o__Bacteroidales;f__Rikenellaceae;g__Alistipes;s__Alistipes_putredinis	k__Bacteria;p__Bacteroidetes;c__Bacteroidia;o__Bacteroidales;f__Prevotellaceae;g__Prevotella;s__Prevotella_copri	k__Bacteria;p__Bacteroidetes;c__Bacteroidia;o__Bacteroidales;f__Bacteroidaceae;g__Bacteroides;s__Bacteroides_stercoris	k__Bacteria;p__Bacteroidetes;c__Bacteroidia;o__Bacteroidales;f__Bacteroidaceae;g__Bacteroides;s__Bacteroides_ovatus	k__Bacteria;p__Bacteroidetes;c__Bacteroidia;o__Bacteroidales;f__Rikenellaceae;g__Alistipes;s__Alistipes_shahii	k__Bacteria;p__Firmicutes;c__Clostridia;o__Clostridiales;f__Ruminococcaceae;g__Faecalibacterium;s__Faecalibacterium_prausnitzii	k__Bacteria;p__Bacteroidetes;c__Bacteroidia;o__Bacteroidales;f__Rikenellaceae;g__Alistipes;s__Alistipes_finegoldii	k__Bacteria;p__Bacteroidetes;c__Bacteroidia;o__Bacteroidales;f__Porphyromonadaceae;g__Parabacteroides;s__Parabacteroides_distasonis	k__Bacteria;p__Bacteroidetes;c__Bacteroidia;o__Bacteroidales;f__Bacteroidaceae;g__Bacteroides;s__Bacteroides_thetaiotaomicron	k__Bacteria;p__Bacteroidetes;c__Bacteroidia;o__Bacteroidales;f__Bacteroidaceae;g__Bacteroides;s__Bacteroides_coprocola	k__Bacteria;p__Bacteroidetes;c__Bacteroidia;o__Bacteroidales;f__Bacteroidaceae;g__Bacteroides;s__Bacteroides_cellulosilyticus	k__Bacteria;p__Bacteroidetes;c__Bacteroidia;o__Bacteroidales;f__Rikenellaceae;g__Alistipes;s__Alistipes_obesi	k__Bacteria;p__Firmicutes;c__Clostridia;o__Clostridiales;f__Lachnospiraceae;g__;s__[Eubacterium]_rectale	k__Bacteria;p__Bacteroidetes;c__Bacteroidia;o__Bacteroidales;f__Bacteroidaceae;g__Bacteroides;s__Bacteroides_plebeius	k__Bacteria;p__Bacteroidetes;c__Bacteroidia;o__Bacteroidales;f__Bacteroidaceae;g__Bacteroides;s__Bacteroides_fragilis	k__Bacteria;p__Proteobacteria;c__Betaproteobacteria;o__Burkholderiales;f__Sutterellaceae;g__Sutterella;s__Sutterella_wadsworthensis	k__Bacteria;p__Bacteroidetes;c__Bacteroidia;o__Bacteroidales;f__Porphyromonadaceae;g__Barnesiella;s__Barnesiella_intestinihominis	k__Bacteria;p__Bacteroidetes;c__Bacteroidia;o__Bacteroidales;f__Odoribacteraceae;g__Odoribacter;s__Odoribacter_splanchnicus	k__Bacteria;p__Bacteroidetes;c__Bacteroidia;o__Bacteroidales;f__Bacteroidaceae;g__Bacteroides;s__Bacteroides_salyersiae	k__Bacteria;p__Firmicutes;c__Clostridia;o__Clostridiales;f__Ruminococcaceae;g__Ruminiclostridium;s__[Eubacterium]_siraeum	k__Bacteria;p__Proteobacteria;c__Betaproteobacteria;o__Burkholderiales;f__Sutterellaceae;g__Parasutterella;s__Parasutterella_excrementihominis	k__Bacteria;p__Actinobacteria;c__Actinobacteria;o__Bifidobacteriales;f__Bifidobacteriaceae;g__Bifidobacterium;s__Bifidobacterium_adolescentis	k__Bacteria;p__Firmicutes;c__Clostridia;o__Clostridiales;f__Oscillospiraceae;g__Oscillibacter;s__Oscillibacter_sp._KLE_1745	k__Bacteria;p__Bacteroidetes;c__Bacteroidia;o__Bacteroidales;f__Bacteroidaceae;g__Bacteroides;s__Bacteroides_coprophilus	k__Bacteria;p__Firmicutes;c__Clostridia;o__Clostridiales;f__Lachnospiraceae;g__Roseburia;s__Roseburia_intestinalis	k__Bacteria;p__Firmicutes;c__Clostridia;o__Clostridiales;f__Lachnospiraceae;g__Roseburia;s__Roseburia_hominis	k__Bacteria;p__Bacteroidetes;c__Bacteroidia;o__Bacteroidales;f__Porphyromonadaceae;g__Parabacteroides;s__Parabacteroides_johnsonii	k__Bacteria;p__Actinobacteria;c__Actinobacteria;o__Bifidobacteriales;f__Bifidobacteriaceae;g__Bifidobacterium;s__Bifidobacterium_longum	k__Bacteria;p__Firmicutes;c__Clostridia;o__Clostridiales;f__;g__Flavonifractor;s__Flavonifractor_plautii	k__Bacteria;p__Firmicutes;c__Clostridia;o__Clostridiales;f__Clostridiaceae;g__Clostridium;s__Clostridium_phoceensis	k__Bacteria;p__Verrucomicrobia;c__Verrucomicrobiae;o__Verrucomicrobiales;f__Akkermansiaceae;g__Akkermansia;s__Akkermansia_muciniphila	k__Bacteria;p__Bacteroidetes;c__Bacteroidia;o__Bacteroidales;f__Prevotellaceae;g__Paraprevotella;s__Paraprevotella_xylaniphila	k__Bacteria;p__Firmicutes;c__Clostridia;o__Clostridiales;f__Ruminococcaceae;g__Ruminococcus;s__Ruminococcus_callidus	k__Bacteria;p__Bacteroidetes;c__Bacteroidia;o__Bacteroidales;f__Rikenellaceae;g__Alistipes;s__Alistipes_senegalensis	k__Bacteria;p__Firmicutes;c__Clostridia;o__Clostridiales;f__Lachnospiraceae;g__Blautia;s__Blautia_sp._KLE_1732	k__Bacteria;p__Bacteroidetes;c__Bacteroidia;o__Bacteroidales;f__Bacteroidaceae;g__Bacteroides;s__Bacteroides_oleiciplenus	k__Bacteria;p__Firmicutes;c__Clostridia;o__Clostridiales;f__Ruminococcaceae;g__Ruminococcus;s__Ruminococcus_bicirculans	k__Bacteria;p__Bacteroidetes;c__Bacteroidia;o__Bacteroidales;f__Bacteroidaceae;g__Bacteroides;s__Bacteroides_fluxus	k__Bacteria;p__Bacteroidetes;c__Bacteroidia;o__Bacteroidales;f__Prevotellaceae;g__Prevotella;s__Prevotella_stercorea	k__Bacteria;p__Firmicutes;c__Clostridia;o__Clostridiales;f__Lachnospiraceae;g__Dorea;s__Dorea_longicatena	k__Bacteria;p__Firmicutes;c__Clostridia;o__Clostridiales;f__Eubacteriaceae;g__Eubacterium;s__[Eubacterium]_eligens	k__Bacteria;p__Firmicutes;c__Clostridia;o__Clostridiales;f__Ruminococcaceae;g__;s__Ruminococcaceae_bacterium_D16	k__Bacteria;p__Firmicutes;c__Clostridia;o__Clostridiales;f__Lachnospiraceae;g__Coprococcus;s__Coprococcus_comes	k__Bacteria;p__Proteobacteria;c__Gammaproteobacteria;o__Enterobacterales;f__Enterobacteriaceae;g__Escherichia;s__Escherichia_coli	k__Bacteria;p__Firmicutes;c__Clostridia;o__Clostridiales;f__Ruminococcaceae;g__Anaerotruncus;s__Anaerotruncus_colihominis	k__Bacteria;p__Firmicutes;c__Clostridia;o__Clostridiales;f__Lachnospiraceae;g__Blautia;s__Blautia_obeum	k__Bacteria;p__Bacteroidetes;c__Bacteroidia;o__Bacteroidales;f__Odoribacteraceae;g__Odoribacter;s__Odoribacter_laneus	k__Bacteria;p__Firmicutes;c__Clostridia;o__Clostridiales;f__Ruminococcaceae;g__Ruminiclostridium;s__[Clostridium]_leptum	k__Bacteria;p__Bacteroidetes;c__Bacteroidia;o__Bacteroidales;f__Porphyromonadaceae;g__Parabacteroides;s__Parabacteroides_goldsteinii	k__Bacteria;p__Firmicutes;c__Clostridia;o__Clostridiales;f__Lachnospiraceae;g__Anaerostipes;s__Anaerostipes_hadrus	k__Bacteria;p__Firmicutes;c__Clostridia;o__Clostridiales;f__Ruminococcaceae;g__Ruminococcus;s__Ruminococcus_lactaris	k__Bacteria;p__Firmicutes;c__Clostridia;o__Clostridiales;f__Clostridiaceae;g__Clostridium;s__Clostridium_sp._L2-50	k__Bacteria;p__Firmicutes;c__Clostridia;o__Clostridiales;f__Clostridiaceae;g__Clostridium;s__Clostridium_sp._M62/1	k__Bacteria;p__Firmicutes;c__Clostridia;o__Clostridiales;f__;g__Intestinimonas;s__Intestinimonas_butyriciproducens	k__Bacteria;p__Actinobacteria;c__Actinobacteria;o__Bifidobacteriales;f__Bifidobacteriaceae;g__Bifidobacterium;s__Bifidobacterium_bifidum	k__Bacteria;p__Firmicutes;c__Negativicutes;o__Veillonellales;f__Veillonellaceae;g__Dialister;s__Dialister_invisus	k__Bacteria;p__Bacteroidetes;c__Bacteroidia;o__Bacteroidales;f__Bacteroidaceae;g__Bacteroides;s__Bacteroides_salanitronis
k__Bacteria;p__Bacteroidetes;c__Bacteroidia;o__Bacteroidales;f__Bacteroidaceae;g__Bacteroides;s__Bacteroides_vulgatus	1.0	-0.0120591250953	0.00860315029799	-0.0345998509922	0.0651390767751	-0.0116568381145	-0.0725692004291	0.00690193315894	-0.0145799036967	0.0592009597843	0.013867991635	0.0616740007022	-0.03992468722	0.0179365113268	0.0692360008608	-0.0282403538478	-0.0249681569548	-0.00278638889195	0.0223038333351	-0.004359383422	0.0210495257265	0.043608183122	-0.0123740255182	-0.000884328760218	-0.0233425337685	-0.0184313898438	0.00610152992368	-0.059494704553	0.0369111354109	0.0784198324504	0.015970164625	0.00728217109446	0.0314280496947	-0.0268277123635	0.00103926535077	0.039737328161	-0.0050670411835	-0.0642417591888	0.0129559496001	-0.0555842095592	-0.0553459186865	0.00706016773994	-0.0346117612828	-0.0292654729178	-0.00765097033682	-0.0165505721022	-0.036852154547	0.00549271786224	0.0416462745022	0.0244496337761	-0.0322813375203	-0.0326350954678	-0.0222875016633	-0.00427523028718	0.0166455619579	0.00128974385984	-0.0216860671048	-0.0141498465138	-0.0037885437469
k__Bacteria;p__Bacteroidetes;c__Bacteroidia;o__Bacteroidales;f__Bacteroidaceae;g__Bacteroides;s__Bacteroides_uniformis	-0.0120591250953	1.0	-0.0670934844487	-0.0174500612358	-0.00185585368079	0.00766910922099	0.111293648652	-0.0227749693002	0.0160684140968	-0.0174886518932	-0.00227294706204	0.0373982024923	0.0044241574577	-0.0171163313409	-0.00670401669857	-0.007434340857	-0.0134975851153	-0.0277019022877	-0.00410030919367	0.0324498866303	0.0369023049633	-0.0471564864951	-0.0207866159889	-0.0454903067777	-0.00763532694017	0.00563440965636	0.0727718971052	-0.0108626228762	0.000856364468152	-0.0548880715558	0.0440250438352	-0.0374144025526	-0.00530086298925	-0.0183534806077	-0.0378979231914	0.0258398741861	0.0063333941273	-0.00695785834153	-0.00707463744714	-0.0010730158911	-0.0513860943203	-0.0542445298326	0.033390226814	0.0136215536695	-0.00740095617701	0.0327535826233	-0.0266110355377	0.00492183859065	-0.0549138866259	-0.0150909624415	0.00735026843974	0.00195969856302	-0.0130493933433	0.0370201083427	0.0161411347319	-0.00498829140103	-0.00509220094688	0.0193887460459	0.0220661321218
k__Bacteria;p__Bacteroidetes;c__Bacteroidia;o__Bacteroidales;f__Rikenellaceae;g__Alistipes;s__Alistipes_putredinis	0.00860315029799	-0.0670934844487	1.0	0.0359386195916	-0.00121422915723	-0.0243042038837	-0.0328545473165	-0.0451387874416	0.0339656876	0.0147625027348	0.0191648074101	0.00928079881012	-0.0340398309547	0.00661247617446	-0.052096435555	0.0207789089979	-0.0353889987284	0.0603928538512	0.0488477615113	-0.0254005264207	-0.0590082457736	0.00281538693782	-0.0369139859439	0.0163180583113	-0.0237692907188	0.041541646046	0.0122013322084	-0.0271055635024	-0.0679560707252	-0.0210049313672	0.0343971477981	-0.00621943685833	0.0330380236089	0.0108876389886	0.0210723613423	0.00130467597294	-0.0217060898813	0.0337679991777	0.0121898632794	-0.00136335109667	-0.0603792207087	-0.025438474866	-0.0365776729492	-0.0599633132546	0.00552076772463	-0.0131645980231	-0.0179480617482	-0.00405999741446	0.0755941503868	0.0240422421667	-0.088412154072	0.00159370676366	-0.0645125349465	0.0125519473563	0.0184526197079	-0.0525281921273	0.0207394721014	-0.0128344178368	0.000222257615744
k__Bacteria;p__Bacteroidetes;c__Bacteroidia;o__Bacteroidales;f__Prevotellaceae;g__Prevotella;s__Prevotella_copri	-0.0345998509922	-0.0174500612358	0.0359386195916	1.0	-0.00341623128456	0.0299667270878	-0.00048008073238	0.0252294070352	0.0168611995634	-0.0550046356322	-0.0336820938245	-0.00184662641128	0.0452730911329	0.0188956926858	0.0423416847856	0.0384119012503	-0.0139849062758	-0.00781977764043	0.0117510590756	-0.00151703858215	-0.0418668451888	-0.0471750365136	0.0215909655422	0.0122067215068	0.00697672585329	-0.0350711962276	0.00852109533674	-0.059571949603	-0.0516271748927	0.0151594691681	0.0032093179584	-0.0012089764874	-0.073882490433	0.00588648050856	-0.0416749270812	0.0113342009647	-0.0232012292171	0.0344719598907	0.00406916410459	-0.00114548335682	-0.0215899676822	0.00735527420147	0.00301184799901	-0.00427610053225	0.0248014336716	-0.0335979814545	0.00562968511641	0.0376510824361	-0.0253172561375	0.00374288799323	-0.00972186487845	0.0177325298667	-0.0383524408932	0.0203996560639	-0.0396241408377	-0.0216800172601	0.0409733353122	-0.00911744971924	-0.00629094502795
k__Bacteria;p__Bacteroidetes;c__Bacteroidia;o__Bacteroidales;f__Bacteroidaceae;g__Bacteroides;s__Bacteroides_stercoris	0.0651390767751	-0.00185585368079	-0.00121422915723	-0.00341623128456	1.0	-0.0456583779743	0.00632534991682	-0.0326626921175	3.03666554644e-05	-0.0397548614035	0.060333740597	-0.0268285545032	0.0264592521709	-0.040090189117	0.0417423843094	0.0178498017992	-0.0264473409221	-0.030656551508	0.0081972587458	-0.0231983425454	0.0307093029182	0.0792477440911	0.0236091286333	-0.0294608749076	-0.0756822366731	-0.030641536823	-0.0580962662855	-0.0464733901053	-0.0297329294574	-0.0196035917969	0.053884995509	0.0346301924167	-0.0615585155127	0.00244504452394	-0.0434389556504	-0.0324092211846	0.00412000239686	0.0288753689237	-0.0283259670433	-0.0516293434483	0.0319846987306	-0.0117252763087	0.018484199367	0.00210954509556	-0.0360966373399	-0.0367576241837	-0.0145822047752	-0.00219248734031	0.0309679485094	-4.23330904533e-05	-0.0220998529964	-0.0422023463136	-0.0446444823156	0.0260458870116	-0.082263172559	-0.0101205766755	-0.00701368627408	0.00473305955251	-0.0237650374262
k__Bacteria;p__Bacteroidetes;c__Bacteroidia;o__Bacteroidales;f__Bacteroidaceae;g__Bacteroides;s__Bacteroides_ovatus	-0.0116568381145	0.00766910922099	-0.0243042038837	0.0299667270878	-0.0456583779743	1.0	-0.0169069071788	-0.0356006698729	-0.0242078885127	0.0812287543753	0.0170893078817	-0.0291484058263	-0.0213769826872	-0.0244195487003	0.024268087362	0.0363697228722	-0.0156727063236	0.0375234359995	-0.0541400700992	-0.000192535433269	-0.0528560019718	-0.0742200803305	0.0671815954973	-0.0261693283531	0.0412098392923	-0.0225967552854	0.0115992908252	-0.0219731740831	-0.0214729557183	0.0130912975175	0.0163660753666	-0.0944576391169	-0.0232773130119	-0.0454274786847	0.0116831787293	0.0115596583304	-0.0265857714273	-0.028608623963	-0.0178309766409	-0.0355669422756	-0.0299282498038	-0.0159617501091	0.0370896293251	-0.0187910987563	0.0274935423549	-0.0324590023062	-0.0251850173706	-0.0469686481222	-0.00971383843943	0.0267568869077	-0.014132563163	0.0299674085399	-0.027450860497	0.0178763446559	-0.0256174413169	-0.00882331241321	0.0414252360213	-0.0097761239078	-0.0108626258436
k__Bacteria;p__Bacteroidetes;c__Bacteroidia;o__Bacteroidales;f__Rikenellaceae;g__Alistipes;s__Alistipes_shahii	-0.0725692004291	0.111293648652	-0.0328545473165	-0.000480080732379	0.00632534991682	-0.0169069071788	1.0	-0.0293275996026	0.0172521993508	-0.0131151098696	0.000998581284822	0.0204239902149	0.00691920353326	0.0160552021735	-0.00811180362249	-0.0235490578823	0.00443350270031	-0.0857103770918	-0.0238122881907	-0.0442549736602	0.0183009235988	-0.0213982331722	-0.061186102192	0.0535509615217	-0.0150813860296	0.0213710235543	-0.0450224555254	0.00519377750181	-0.0330105733704	-0.0381981518782	0.0388426648354	-0.0758499555381	0.0121681362247	0.031713031133	-0.000430342255102	-0.000639168591161	-0.0277721883889	-0.0191214434734	-0.042555630078	-0.0217899185325	0.0255669774663	0.00203897572855	-0.0235874721793	0.0669664985784	-0.0527346499054	-0.0400611393421	0.00161036649114	0.000129899621382	-0.00585259993405	0.0146713603356	-0.0190036200618	-0.0764581737907	-0.0158823576758	0.0226083192131	-0.0781064409294	0.00171780245696	0.00436498957875	-0.0452844940734	0.0648750853732
k__Bacteria;p__Firmicutes;c__Clostridia;o__Clostridiales;f__Ruminococcaceae;g__Faecalibacterium;s__Faecalibacterium_prausnitzii	0.00690193315894	-0.0227749693002	-0.0451387874416	0.0252294070352	-0.0326626921175	-0.0356006698729	-0.0293275996026	1.0	-0.0318834210071	-0.00120141583769	0.0257085059624	0.0134466052735	0.0266399716893	0.0376259774756	-0.00186289968985	0.0114756120001	-0.0221239209884	-0.0251956696208	-0.00252534310219	-0.0204158858482	-0.0262443628676	-0.0430596884124	0.0154846339701	0.0553349734955	0.00655959724808	0.0482009515038	0.0348905404032	0.0084869583024	0.0165490021314	-0.00773266358623	-0.000604928127313	-0.014548371622	-0.0399903067878	0.00469581569456	0.020468313217	-0.0294440232722	0.0185267379217	-0.0054236804939	-0.00547688265039	0.0224043156332	-0.0179537759683	0.0272148670831	-0.0275127265263	-0.00954209222339	-0.0235415703283	-0.0665217533915	-0.041856968105	0.0341449600495	0.0260781735821	-0.03669864934	-0.0342385310911	-0.0221004231052	-0.0325854953235	-0.016969301768	-0.0397433472746	-0.0310683752668	-0.00985937119208	0.0598774456478	-0.00630789784794
k__Bacteria;p__Bacteroidetes;c__Bacteroidia;o__Bacteroidales;f__Rikenellaceae;g__Alistipes;s__Alistipes_finegoldii	-0.0145799036967	0.0160684140968	0.0339656876	0.0168611995634	3.03666554643e-05	-0.0242078885127	0.0172521993508	-0.0318834210071	1.0	0.0302576883938	0.0367284193127	0.00948002736565	0.047222413667	0.0129625747408	-0.0197709148999	-0.0369367347691	-0.00657624644312	0.0330765848633	-0.0436809339159	-0.0378519860796	0.044544932637	-0.0507857838761	-0.0244562877918	-0.071042971192	-0.00490033113508	-0.107257020332	-0.10794375819	-0.0106800656644	-0.0443434227626	0.000554049091515	-0.0403080511213	-0.0631466737868	-0.00114345327552	-0.0212478849701	0.0150628333819	-0.0261543930202	-0.0613907560237	0.0247479484018	0.0512309009991	-0.0458099764899	0.0506730634072	-0.0485520323979	0.00874834830515	-0.0231322187247	-0.00770888879481	0.0269588182227	-0.0105258268122	-0.0162114952193	0.039864178213	-0.016370876841	-0.0200496244045	-0.0201725482628	-0.00213074112205	0.0112437172043	-0.0039693809487	-0.0329262509451	0.0510047432185	0.0287547596303	-0.0304263507113
k__Bacteria;p__Bacteroidetes;c__Bacteroidia;o__Bacteroidales;f__Porphyromonadaceae;g__Parabacteroides;s__Parabacteroides_distasonis	0.0592009597843	-0.0174886518932	0.0147625027348	-0.0550046356322	-0.0397548614035	0.0812287543753	-0.0131151098696	-0.00120141583769	0.0302576883938	1.0	-0.0543573642374	-0.0296742118734	-0.0568267173338	0.0129256281695	0.00467273073179	0.0143667952396	-0.0318960806524	0.014019316491	0.0121331163245	6.83670716679e-05	-0.00963057527349	0.0448737979853	-0.000951096134232	-0.0199318207775	-0.0236171217713	-0.0463754922564	-0.0283233936344	-0.00477213389201	-0.0123792192075	-0.0666120699868	-0.0266434242782	-0.0353623897082	0.0111348058359	0.00541384561544	0.0649817188843	-0.00679330123902	0.00910105728009	0.0196672752299	0.00922923895023	-0.0720781173227	0.00745320574243	-0.0727128569642	0.0244369224011	-0.0338301695709	-0.083943683379	0.0641692045467	-0.0208909582936	0.015374982342	0.00410360333764	0.0663415062427	-0.0122483472494	-0.0225494117233	-0.023530307613	0.0228723825035	0.00528713721319	-0.0476389965872	0.0321857254829	-0.0364772185154	0.00523652749794
k__Bacteria;p__Bacteroidetes;c__Bacteroidia;o__Bacteroidales;f__Bacteroidaceae;g__Bacteroides;s__Bacteroides_thetaiotaomicron	0.013867991635	-0.00227294706204	0.0191648074101	-0.0336820938245	0.060333740597	0.0170893078817	0.000998581284822	0.0257085059624	0.0367284193127	-0.0543573642374	1.0	-0.0197868786861	-0.0400911088713	0.0196471956837	-0.010797601479	0.0148004243093	-0.0359568346093	-0.0760340266246	-0.0293074051115	-0.0377093743007	-0.0443791896159	-0.0153042209876	-0.00238049747481	0.0178373143846	-0.0345987002414	0.0255210138291	0.00687056259676	0.00560725616304	-0.0190906168866	-0.00199442571985	-0.0327006822871	-0.028411416991	-0.00484686883554	0.0381265889676	-0.00722478372141	-0.0109380285405	-0.0453450448965	0.0113354749005	-0.0373999149337	0.046878085407	0.0185515974812	0.0281457720253	-0.00374757337015	-0.0132055054843	-0.0383280649809	-0.00374518057757	0.0166735978953	-0.0296552111503	0.026419147408	-0.0646998113229	-0.0217478110002	0.0387789729267	-0.0308866522668	-0.0161828467123	0.0288620190982	-0.00548472745348	0.0148636762473	-0.00698860798479	-0.00839898685761
k__Bacteria;p__Bacteroidetes;c__Bacteroidia;o__Bacteroidales;f__Bacteroidaceae;g__Bacteroides;s__Bacteroides_coprocola	0.0616740007022	0.0373982024923	0.00928079881012	-0.00184662641128	-0.0268285545032	-0.0291484058263	0.0204239902149	0.0134466052735	0.00948002736565	-0.0296742118734	-0.0197868786861	1.0	-0.0423455106954	-0.0125679611294	-0.0138260605051	0.00188091660383	-0.0461105331768	0.0261357225734	0.018690566921	-0.0279799193758	0.0327266847226	-0.0460365186432	-0.0717801956959	-0.0112399735293	0.0313558830312	0.00164299779495	0.013482582588	-0.0296118967566	-0.0135360423738	-0.0184736883045	0.0238661649182	-0.0175174540222	0.0441878142629	-0.0226989751869	0.0493312953427	-0.035135130708	-0.021039140242	0.0103113319815	0.0136180692334	-0.0370481951128	0.000101859121588	-0.0668732150724	-0.047023226523	-0.0362924983388	0.0197867939623	-0.00344710226913	0.0242160731991	-0.021980403971	0.0326416171833	0.0268533565165	-0.0302890848119	0.0237797221312	0.0210759279764	0.00855111454338	-0.0215012515146	-0.0729477513613	-0.0179850258874	0.0337442515656	-0.0189434718401
k__Bacteria;p__Bacteroidetes;c__Bacteroidia;o__Bacteroidales;f__Bacteroidaceae;g__Bacteroides;s__Bacteroides_cellulosilyticus	-0.03992468722	0.0044241574577	-0.0340398309547	0.0452730911329	0.0264592521709	-0.0213769826872	0.00691920353326	0.0266399716893	0.047222413667	-0.0568267173338	-0.0400911088713	-0.0423455106954	1.0	0.0143531001446	-0.00756136203589	-0.0399385720826	-0.0117537482168	0.00828344356498	0.0339381776567	0.0567835067393	0.0375735868303	0.00153558049496	0.00783807386546	-0.0350594314799	0.0617931595607	-0.0209853536967	-0.0188120179689	-0.0262365398764	-0.029414480901	0.0140156604306	-0.0220103927646	0.0178686957241	-0.0155101997105	0.000280828323544	-0.0402087158401	0.012650463323	-0.00821834800458	-0.0182158513182	-0.0435232521226	-0.0184087871469	-0.045216674541	0.0608539355659	-0.0010676988923	-0.0192051543552	0.012413445447	0.017773882313	0.0124466695086	-0.0181575912895	-0.00989144846328	-0.00871487953072	-0.0231711018772	-0.0246177465684	0.0385237031463	-0.0100793338932	-0.0238417105013	-0.0246746481019	-0.0195880360679	0.00377026380859	-0.0171246577054
k__Bacteria;p__Bacteroidetes;c__Bacteroidia;o__Bacteroidales;f__Rikenellaceae;g__Alistipes;s__Alistipes_obesi	0.0179365113268	-0.0171163313409	0.00661247617446	0.0188956926858	-0.040090189117	-0.0244195487003	0.0160552021735	0.0376259774756	0.0129625747408	0.0129256281695	0.0196471956837	-0.0125679611294	0.0143531001446	1.0	0.0128089198274	0.0139070768408	-0.0679942780664	-0.0557285763025	0.0485719898145	0.0108403702366	0.00690887048284	0.028105806744	-0.00853357615017	0.0465812333543	-0.00201737498397	-0.00283856338398	0.0479463103276	-0.00253396003585	-0.0233665638942	0.0430029239546	-0.0608102734796	-0.00241684403214	-0.0211993208956	0.0490978190955	-0.052215371822	-0.0309068047778	-0.0458025999733	-0.044219960897	0.00554836731766	-0.00385725204832	-0.0379381119742	0.0399734142919	0.000591201875953	-0.0260541861161	0.0646933612235	-0.0245604560128	-0.00668987624901	-0.0139069503126	-0.0482065167663	-0.00819432838194	-0.00708339134383	-0.0191699586395	0.000256313014079	0.0146610964307	-0.0554773831466	-0.0338483222234	0.0111822140717	-0.0432351834039	-0.0515496420226
k__Bacteria;p__Firmicutes;c__Clostridia;o__Clostridiales;f__Lachnospiraceae;g__;s__[Eubacterium]_rectale	0.0692360008608	-0.00670401669857	-0.052096435555	0.0423416847856	0.0417423843094	0.024268087362	-0.00811180362249	-0.00186289968985	-0.0197709148999	0.00467273073179	-0.010797601479	-0.0138260605051	-0.00756136203589	0.0128089198274	1.0	0.00779987691409	-0.0149006870197	-0.00957181864266	-0.0296836521125	0.01881827743	-0.0130219026199	-0.0118812144679	0.018672244827	-0.00389127842342	-0.0274784557026	-0.023818930502	-0.00493333716907	-0.0138971157139	-0.0326496216836	-0.0240573738218	-0.00589853263251	-0.0103747803187	-0.0184160323332	-0.0251753128353	-0.0185769412898	-0.0239329236919	-0.0225359364639	-0.0250709526039	0.0257362599208	-0.0547336433657	0.0224302425986	-0.015725764249	-0.0312220411805	0.0106113148907	-0.0276550959217	0.00491497592762	0.00904083960515	-0.016179605118	-0.0168058272434	0.00646754207191	-0.0508920655263	-0.00588329473511	-0.0145809875644	-0.0159808095675	-0.0180959199144	0.0103737076261	-0.0417641286087	0.0600237307732	-0.0272402541125
k__Bacteria;p__Bacteroidetes;c__Bacteroidia;o__Bacteroidales;f__Bacteroidaceae;g__Bacteroides;s__Bacteroides_plebeius	-0.0282403538478	-0.007434340857	0.0207789089979	0.0384119012503	0.0178498017992	0.0363697228722	-0.0235490578823	0.0114756120001	-0.0369367347691	0.0143667952396	0.0148004243093	0.00188091660383	-0.0399385720826	0.0139070768408	0.00779987691409	1.0	0.00738051645992	-0.00913435332372	-0.0120765405194	-0.000295072686427	-0.0174726735156	-0.0538823815316	-0.0147663229437	-0.0394525332049	-0.0361396800647	-0.0461790188319	-0.0204989593363	-0.00291771462443	0.0118776103532	-0.037818024382	-0.0152203830721	-0.00320898042103	-0.0317754609161	-0.029651337047	-0.0396401043695	0.0355421678538	-0.012880009462	-0.0190368784038	-0.00673559409901	-0.0086010235282	-0.0184466877732	0.000296563328354	0.0205263802034	-0.014280202843	0.00932890163882	0.00982301664482	0.0256310129394	0.00992415647249	0.00351624129928	0.0428818823647	0.00602190223002	0.0157997815851	0.00716097567545	-0.00556673059536	-0.0626999734874	-0.0317911653049	0.0487647670558	-0.0116454493919	0.00596863927703
k__Bacteria;p__Bacteroidetes;c__Bacteroidia;o__Bacteroidales;f__Bacteroidaceae;g__Bacteroides;s__Bacteroides_fragilis	-0.0249681569548	-0.0134975851153	-0.0353889987284	-0.0139849062758	-0.0264473409221	-0.0156727063236	0.00443350270031	-0.0221239209884	-0.00657624644312	-0.0318960806524	-0.0359568346093	-0.0461105331768	-0.0117537482168	-0.0679942780664	-0.0149006870197	0.00738051645992	1.0	0.0172551335985	0.0091592617369	-0.0134596479408	0.0223240849238	-0.0341182183243	-0.0494373769625	-0.0355458584182	-0.014384356222	-0.0423215777231	-0.0576662627396	-0.0226378308329	-0.052245351162	-0.0315790867447	-0.0457208987513	-7.12023157634e-05	-0.0180748558684	-0.0385318107738	0.0326315182844	-0.0393464513777	0.0511926747792	0.0240033573534	0.00634249164732	0.0369945150517	-0.0592369682501	-0.00355731036507	-0.0153948963622	0.0321827056864	0.000485493170434	-0.0265282532492	0.066323335325	-0.0281283577298	0.00284064168013	0.0224616257091	0.0234557846203	-0.0244387384586	0.0615759040554	-0.00135624676827	0.0125939217152	0.0328593905195	-0.00649396935137	-0.0146900031426	0.0100552925248
k__Bacteria;p__Proteobacteria;c__Betaproteobacteria;o__Burkholderiales;f__Sutterellaceae;g__Sutterella;s__Sutterella_wadsworthensis	-0.00278638889195	-0.0277019022877	0.0603928538512	-0.00781977764043	-0.030656551508	0.0375234359995	-0.0857103770918	-0.0251956696208	0.0330765848633	0.014019316491	-0.0760340266246	0.0261357225734	0.00828344356498	-0.0557285763025	-0.00957181864266	-0.00913435332372	0.0172551335985	1.0	-0.0109911996202	0.0042295774353	-0.0585315169021	-0.0356369441366	0.0283461250849	-0.030276747904	0.0294476009288	0.0619847084898	-0.013224432738	-0.0194778129755	-0.0152997419774	0.00518489009874	-0.00480611649385	-0.0174213965446	0.0236613655409	0.0225274427237	0.0370300551941	-0.0531267964458	-0.0265026640541	-0.038466449262	0.0117798760491	0.00199912227269	-0.0274733557514	-0.00555560423357	-0.0287579770842	-0.0291737775856	-0.0170389898656	0.021608700053	0.00358035927128	-0.000254565753731	-0.0229653128394	0.0110893444096	0.0182981384396	-0.0375969428203	0.0118262932727	0.00111989731636	0.0185501130189	0.000822913686441	-0.00851504122808	-0.0344367469788	0.0358683191453
k__Bacteria;p__Bacteroidetes;c__Bacteroidia;o__Bacteroidales;f__Porphyromonadaceae;g__Barnesiella;s__Barnesiella_intestinihominis	0.0223038333351	-0.00410030919367	0.0488477615113	0.0117510590756	0.0081972587458	-0.0541400700992	-0.0238122881907	-0.00252534310219	-0.0436809339159	0.0121331163245	-0.0293074051115	0.018690566921	0.0339381776567	0.0485719898145	-0.0296836521125	-0.0120765405194	0.0091592617369	-0.0109911996202	1.0	0.00461238056996	0.0480121938036	-0.0160993212039	0.00887856822767	-0.010877033006	-0.0127978738117	-0.0137569725576	-0.00207862078658	0.00907370135491	0.00964617470799	-0.0479878945628	-0.0422853420075	0.00739568132546	-0.0175216347541	-0.0618435653743	-0.0266586554953	0.0366564075418	-0.0457104035322	0.00224970810628	-0.0316181742116	0.0231466736231	0.0106626251873	-0.0233271780068	-0.0157807499408	-0.0357405773356	-0.0668224124898	-0.039610014922	0.0169269075233	0.0278442911493	-0.0154787925326	0.0289876400913	-0.0112251663637	-0.0536930356577	0.046353419418	0.0179471751597	0.000625817563997	0.0245362882371	-0.0395461002593	-0.0268762429664	0.0611861977053
k__Bacteria;p__Bacteroidetes;c__Bacteroidia;o__Bacteroidales;f__Odoribacteraceae;g__Odoribacter;s__Odoribacter_splanchnicus	-0.004359383422	0.0324498866303	-0.0254005264207	-0.00151703858215	-0.0231983425454	-0.000192535433269	-0.0442549736602	-0.0204158858482	-0.0378519860796	6.83670716678e-05	-0.0377093743007	-0.0279799193758	0.0567835067393	0.0108403702366	0.01881827743	-0.000295072686428	-0.0134596479408	0.0042295774353	0.00461238056996	1.0	-0.00217399592109	-0.0537108429921	0.0155513797143	-0.00881915323428	-0.0203829961511	0.0212553441793	-0.01613289366	0.0152206265599	-0.0249781287402	0.00265097158171	-0.0251055085014	-0.0246647155786	0.0016962980696	-0.0293186870475	-0.0477527365156	0.00344940944694	-0.0157351135769	-0.012686432572	0.0147385422876	0.0146368961381	-0.0554635914554	-0.00884600594676	-0.0157644203382	-0.0597166290008	-2.73091063427e-05	0.00979786906922	-0.0398282274698	-0.00994430030808	-0.0310322963405	-0.0238313272871	-0.0314597543193	-0.0419015347828	0.0300808546818	0.0227191877874	0.00523241657094	-0.0147578014111	0.0532369749413	-0.000373174694335	-0.0248657580209
k__Bacteria;p__Bacteroidetes;c__Bacteroidia;o__Bacteroidales;f__Bacteroidaceae;g__Bacteroides;s__Bacteroides_salyersiae	0.0210495257265	0.0369023049633	-0.0590082457736	-0.0418668451888	0.0307093029182	-0.0528560019718	0.0183009235988	-0.0262443628676	0.044544932637	-0.00963057527349	-0.0443791896159	0.0327266847226	0.0375735868303	0.00690887048284	-0.0130219026199	-0.0174726735156	0.0223240849238	-0.0585315169021	0.0480121938036	-0.00217399592109	1.0	0.0312328114369	-0.048915851769	0.0230288772675	-0.0594264535234	-0.0186680705058	-0.0184375311379	-0.0236957735156	-0.00982055769103	-0.0259620350364	-0.0239026919535	0.0154577108832	0.0339808471609	-0.0542754866912	-0.0061082013955	-0.0280492074908	0.0156474182325	-0.0175296523777	-0.0356964301086	0.0243996877326	-0.0305369218026	-0.045811778533	-0.0301829552614	-0.0018700320798	-0.0497277359137	0.0234369219446	0.086522584771	0.0268678232841	-0.0477810687602	0.0461674198866	-0.0398146172118	0.0113534918057	-0.0305400197136	-0.0605018840112	0.0070030091172	0.0269202542184	-0.046791145044	0.0243916549433	0.0140140376848
k__Bacteria;p__Firmicutes;c__Clostridia;o__Clostridiales;f__Ruminococcaceae;g__Ruminiclostridium;s__[Eubacterium]_siraeum	0.043608183122	-0.0471564864951	0.00281538693782	-0.0471750365136	0.0792477440911	-0.0742200803305	-0.0213982331722	-0.0430596884124	-0.0507857838761	0.0448737979853	-0.0153042209876	-0.0460365186432	0.00153558049496	0.028105806744	-0.0118812144679	-0.0538823815316	-0.0341182183243	-0.0356369441366	-0.0160993212039	-0.0537108429921	0.0312328114369	1.0	0.0465662138865	-0.0331576243994	0.00316901299804	-0.0205309559032	-0.0267639399086	0.00202022185347	0.00335714002663	-0.0343696855599	-0.000326099855858	0.00802764798918	-0.000717716337092	0.0322135026277	-0.0212973493644	-0.0766091751833	-0.0303716134908	-0.0563028580764	-0.069693715726	0.000454502813842	0.0745598757811	0.0523627306923	0.0386642286881	0.0229080736846	-0.0353769804895	0.0222458538915	-0.0371197140358	-0.0427756069435	-0.0117354256051	-0.0437528602582	0.074982351239	0.00320927753689	0.0295360122474	-0.0274162669541	0.0517515836718	0.0487467237679	-0.029327623089	-0.0596833340536	-0.0509023070828
k__Bacteria;p__Proteobacteria;c__Betaproteobacteria;o__Burkholderiales;f__Sutterellaceae;g__Parasutterella;s__Parasutterella_excrementihominis	-0.0123740255182	-0.0207866159889	-0.0369139859439	0.0215909655422	0.0236091286333	0.0671815954973	-0.061186102192	0.0154846339701	-0.0244562877918	-0.000951096134232	-0.00238049747481	-0.0717801956959	0.00783807386546	-0.00853357615017	0.018672244827	-0.0147663229437	-0.0494373769625	0.0283461250849	0.00887856822767	0.0155513797143	-0.048915851769	0.0465662138865	1.0	-0.066408277414	-0.0259775348714	-0.0333886153785	-0.0196527831903	-0.0325124400724	0.0421822019773	-0.0556534541418	-0.00843392266092	-0.00700285419017	0.00827187675405	0.0176060160329	0.015085070916	-0.0298981974705	-0.0214568162909	-0.00461921603943	0.0722537060504	-0.0154435066644	-0.0335498347033	0.0224078409249	-0.00728869067848	0.0193171447008	-0.0354575255975	-0.0154978080742	-0.0239829904408	0.0205562340931	-0.0123398825783	-0.085211498992	-0.0601617597927	-0.00786527009088	-0.0264176434374	0.0155189780472	0.0328239259203	-0.0319710656202	-0.0191254287082	-0.015926272032	0.00125357085676
k__Bacteria;p__Actinobacteria;c__Actinobacteria;o__Bifidobacteriales;f__Bifidobacteriaceae;g__Bifidobacterium;s__Bifidobacterium_adolescentis	-0.000884328760218	-0.0454903067777	0.0163180583113	0.0122067215068	-0.0294608749076	-0.0261693283531	0.0535509615217	0.0553349734955	-0.071042971192	-0.0199318207775	0.0178373143846	-0.0112399735293	-0.0350594314799	0.0465812333543	-0.00389127842342	-0.0394525332049	-0.0355458584182	-0.030276747904	-0.010877033006	-0.00881915323428	0.0230288772675	-0.0331576243994	-0.066408277414	1.0	0.00326243147728	0.024235013959	-0.00294308050882	0.00355355087913	0.0114235645186	0.0100816214202	0.00949053146745	-0.0264530776357	0.0397458510357	-0.0191337510336	-0.00455586781749	0.0512860790195	-0.000999284479438	0.0213149978208	-0.0207083829224	-0.0345357976151	0.0126827070236	0.0328618786051	0.0228884464288	-0.00466927157219	0.0131268753461	-0.00700678661684	-0.0365561199864	0.0327958275334	0.0492700247759	0.000912874987929	0.0358788195411	-0.00205698878405	0.005778607346	-0.0127991929658	0.0378553425639	-0.0153258356982	-0.0240132272499	-0.0132120820585	-0.0224422917361
k__Bacteria;p__Firmicutes;c__Clostridia;o__Clostridiales;f__Oscillospiraceae;g__Oscillibacter;s__Oscillibacter_sp._KLE_1745	-0.0233425337685	-0.00763532694017	-0.0237692907188	0.00697672585329	-0.0756822366731	0.0412098392923	-0.0150813860296	0.00655959724808	-0.00490033113508	-0.0236171217713	-0.0345987002414	0.0313558830312	0.0617931595607	-0.00201737498397	-0.0274784557026	-0.0361396800647	-0.014384356222	0.0294476009288	-0.0127978738117	-0.0203829961511	-0.0594264535234	0.00316901299804	-0.0259775348714	0.00326243147728	1.0	-0.00526507819425	-0.0439038898719	-0.00272720966547	-0.0261482507586	-0.0427179613083	0.00616253137905	-0.0747222243013	-0.0871503999471	-0.0178715497501	0.00516042033399	-0.00688963745519	0.0139816181372	0.00984036067683	-0.0223055069547	0.0118979281974	0.0170277879574	-0.0208254546003	-0.0273817767653	0.0240013716482	0.014395843407	0.0478184300568	0.0356917363894	-0.0742145874892	0.0074405171315	-0.00979868324063	0.0184506605271	-0.0151616289162	-0.0392233557712	-0.00290533636746	-0.0103105177694	0.00772331942403	-0.0176565429814	0.00734681535274	-0.0333921247557
k__Bacteria;p__Bacteroidetes;c__Bacteroidia;o__Bacteroidales;f__Bacteroidaceae;g__Bacteroides;s__Bacteroides_coprophilus	-0.0184313898438	0.00563440965636	0.041541646046	-0.0350711962276	-0.030641536823	-0.0225967552854	0.0213710235543	0.0482009515038	-0.107257020332	-0.0463754922564	0.0255210138291	0.00164299779495	-0.0209853536967	-0.00283856338398	-0.023818930502	-0.0461790188319	-0.0423215777231	0.0619847084898	-0.0137569725576	0.0212553441793	-0.0186680705058	-0.0205309559032	-0.0333886153785	0.024235013959	-0.00526507819425	1.0	-0.0365735338233	-0.0588273996955	0.0530510001539	-0.0318797399071	0.0353970528673	-0.0243124527994	0.0345135204998	-0.0812671636085	0.0022077535796	0.0324576550138	-0.0118563738096	-0.00467302787972	-0.00706143870721	-0.00294558656904	0.0366604233271	-0.0418983585167	0.0187064531013	-0.0182076464722	0.0308358144683	-0.0423461051242	0.0130989649214	0.0130961309845	-0.0464813459283	-0.00331139090238	-0.00440630328016	-0.0322133904041	-0.00666118856506	-0.0136640538501	0.0122528712904	-0.00671342100228	0.0195929274951	-0.00392503796397	-0.0376328362768
k__Bacteria;p__Firmicutes;c__Clostridia;o__Clostridiales;f__Lachnospiraceae;g__Roseburia;s__Roseburia_intestinalis	0.00610152992368	0.0727718971052	0.0122013322084	0.00852109533674	-0.0580962662855	0.0115992908252	-0.0450224555254	0.0348905404032	-0.10794375819	-0.0283233936344	0.00687056259676	0.013482582588	-0.0188120179689	0.0479463103276	-0.00493333716907	-0.0204989593363	-0.0576662627396	-0.013224432738	-0.00207862078658	-0.01613289366	-0.0184375311379	-0.0267639399086	-0.0196527831903	-0.00294308050882	-0.0439038898719	-0.0365735338233	1.0	-0.0259562667175	-0.0134999868642	-0.0238117227806	-0.0063674268667	0.0474336109268	0.0474348991751	0.0210121552531	-0.0566496716061	0.00176292205305	0.0602673616451	-0.0502000477503	-0.00197729730198	0.00695065792464	-0.017290266554	0.0343077612384	-0.0207902289312	0.0413676285527	-0.0407013469665	-0.00484610565048	-0.0458396742271	-0.00801783418949	-0.0220937939777	-0.0292973858967	0.00289298229212	0.0200143213639	0.00882050229817	0.0370026222245	0.029971005313	-0.0107259079014	-0.0534692595907	0.0403344235547	0.015440368892
k__Bacteria;p__Firmicutes;c__Clostridia;o__Clostridiales;f__Lachnospiraceae;g__Roseburia;s__Roseburia_hominis	-0.059494704553	-0.0108626228762	-0.0271055635024	-0.059571949603	-0.0464733901053	-0.0219731740831	0.00519377750181	0.0084869583024	-0.0106800656644	-0.00477213389201	0.00560725616304	-0.0296118967566	-0.0262365398764	-0.00253396003585	-0.0138971157139	-0.00291771462443	-0.0226378308329	-0.0194778129755	0.00907370135491	0.0152206265599	-0.0236957735156	0.00202022185347	-0.0325124400724	0.00355355087913	-0.00272720966547	-0.0588273996955	-0.0259562667175	1.0	-0.0221518693564	0.0304658536177	0.00395752880841	-0.0600072007513	0.0329484065009	-0.00519751615617	-0.0312210712259	-0.00757194157035	0.0255015926511	0.024281769858	-0.022079309705	-0.0458820649042	0.0444091985107	-0.0503463369256	-0.00705985660017	0.0298028487886	-0.0262152442359	0.0281798464114	-0.0319972930487	-0.0394727830639	0.0267920533212	-0.0133165649638	0.00517839200253	-0.0444619476882	0.00783551784033	-0.0672280260129	0.0334156958323	0.0567881072582	-0.0412542254106	-0.0553575455253	0.049699365652
k__Bacteria;p__Bacteroidetes;c__Bacteroidia;o__Bacteroidales;f__Porphyromonadaceae;g__Parabacteroides;s__Parabacteroides_johnsonii	0.0369111354109	0.000856364468152	-0.0679560707252	-0.0516271748927	-0.0297329294574	-0.0214729557183	-0.0330105733704	0.0165490021314	-0.0443434227626	-0.0123792192075	-0.0190906168866	-0.0135360423738	-0.029414480901	-0.0233665638942	-0.0326496216836	0.0118776103532	-0.052245351162	-0.0152997419774	0.00964617470799	-0.0249781287402	-0.00982055769103	0.00335714002663	0.0421822019773	0.0114235645186	-0.0261482507586	0.0530510001539	-0.0134999868642	-0.0221518693564	1.0	0.0133333329989	0.00690435735221	-0.0194023008957	-0.0151110459256	-0.00169858622984	-0.0233903460104	0.0138475434744	0.00959954802217	-0.00547543890714	0.0515932943354	-0.0521305669925	0.0160844533003	-0.0301263614596	-0.0435303210795	0.0454333040783	0.0263552013981	-0.0235095180653	0.0189185140501	0.0220195288416	0.032361711837	0.00812581310771	-0.00266929846674	-0.0260226796471	0.0197685270292	0.00564045092901	0.00967691353442	0.0255942193533	0.0197643931717	-0.0312436462021	0.00448033115108
k__Bacteria;p__Actinobacteria;c__Actinobacteria;o__Bifidobacteriales;f__Bifidobacteriaceae;g__Bifidobacterium;s__Bifidobacterium_longum	0.0784198324504	-0.0548880715558	-0.0210049313672	0.0151594691681	-0.0196035917969	0.0130912975175	-0.0381981518782	-0.00773266358623	0.000554049091515	-0.0666120699868	-0.00199442571985	-0.0184736883045	0.0140156604306	0.0430029239546	-0.0240573738218	-0.037818024382	-0.0315790867447	0.00518489009874	-0.0479878945628	0.00265097158171	-0.0259620350364	-0.0343696855599	-0.0556534541418	0.0100816214202	-0.0427179613083	-0.0318797399071	-0.0238117227806	0.0304658536177	0.0133333329989	1.0	-0.0695358525815	-0.014755606765	-0.0147818714754	0.010073041999	0.0117178690275	-0.0191882943147	-0.0766137844019	-0.0231723857248	0.0105627779903	0.00183184163459	-0.0294352909869	-0.014414884284	-0.00385235720317	0.00714526265619	0.0264643930742	0.0209624878086	0.0182089299871	0.014701658588	-0.0215579784307	0.00927659432773	-0.0194735837054	-0.0218787377835	-0.000832872745354	-0.00175433363266	0.00291919047386	0.0105383651383	0.0338049774364	0.0098467708306	-0.0194888992505
