#taxonomy	k__Bacteria;p__Bacteroidetes;c__Bacteroidia;o__Bacteroidales;f__Bacteroidaceae;g__Bacteroides;s__Bacteroides_vulgatus	k__Bacteria;p__Bacteroidetes;c__Bacteroidia;o__Bacteroidales;f__Bacteroidaceae;g__Bacteroides;s__Bacteroides_uniformis	k__Bacteria;p__Bacteroidetes;c__Bacteroidia;o__Bacteroidales;f__Rikenellaceae;g__Alistipes;s__Alistipes_putredinis	k__Bacteria;p__Bacteroidetes;c__Bacteroidia;o__Bacteroidales;f__Prevotellaceae;g__Prevotella;s__Prevotella_copri	k__Bacteria;p__Bacteroidetes;c__Bacteroidia;o__Bacteroidales;f__Bacteroidaceae;g__Bacteroides;s__Bacteroides_stercoris	k__Bacteria;p__Bacteroidetes;c__Bacteroidia;o__Bacteroidales;f__Bacteroidaceae;g__Bacteroides;s__Bacteroides_ovatus	k__Bacteria;p__Bacteroidetes;c__Bacteroidia;o__Bacteroidales;f__Rikenellaceae;g__Alistipes;s__Alistipes_shahii	k__Bacteria;p__Firmicutes;c__Clostridia;o__Clostridiales;f__Ruminococcaceae;g__Faecalibacterium;s__Faecalibacterium_prausnitzii	k__Bacteria;p__Bacteroidetes;c__Bacteroidia;o__Bacteroidales;f__Rikenellaceae;g__Alistipes;s__Alistipes_finegoldii	k__Bacteria;p__Bacteroidetes;c__Bacteroidia;o__Bacteroidales;f__Porphyromonadaceae;g__Parabacteroides;s__Parabacteroides_distasonis	k__Bacteria;p__Bacteroidetes;c__Bacteroidia;o__Bacteroidales;f__Bacteroidaceae;g__Bacteroides;s__Bacteroides_thetaiotaomicron	k__Bacteria;p__Bacteroidetes;c__Bacteroidia;o__Bacteroidales;f__Bacteroidaceae;g__Bacteroides;s__Bacteroides_coprocola	k__Bacteria;p__Bacteroidetes;c__Bacteroidia;o__Bacteroidales;f__Bacteroidaceae;g__Bacteroides;s__Bacteroides_cellulosilyticus	k__Bacteria;p__Bacteroidetes;c__Bacteroidia;o__Bacteroidales;f__Rikenellaceae;g__Alistipes;s__Alistipes_obesi	k__Bacteria;p__Firmicutes;c__Clostridia;o__Clostridiales;f__Lachnospiraceae;g__;s__[Eubacterium]_rectale	k__Bacteria;p__Bacteroidetes;c__Bacteroidia;o__Bacteroidales;f__Bacteroidaceae;g__Bacteroides;s__Bacteroides_plebeius	k__Bacteria;p__Bacteroidetes;c__Bacteroidia;o__Bacteroidales;f__Bacteroidaceae;g__Bacteroides;s__Bacteroides_fragilis	k__Bacteria;p__Proteobacteria;c__Betaproteobacteria;o__Burkholderiales;f__Sutterellaceae;g__Sutterella;s__Sutterella_wadsworthensis	k__Bacteria;p__Bacteroidetes;c__Bacteroidia;o__Bacteroidales;f__Porphyromonadaceae;g__Barnesiella;s__Barnesiella_intestinihominis	k__Bacteria;p__Bacteroidetes;c__Bacteroidia;o__Bacteroidales;f__Odoribacteraceae;g__Odoribacter;s__Odoribacter_splanchnicus	k__Bacteria;p__Bacteroidetes;c__Bacteroidia;o__Bacteroidales;f__Bacteroidaceae;g__Bacteroides;s__Bacteroides_salyersiae	k__Bacteria;p__Firmicutes;c__Clostridia;o__Clostridiales;f__Ruminococcaceae;g__Ruminiclostridium;s__[Eubacterium]_siraeum	k__Bacteria;p__Proteobacteria;c__Betaproteobacteria;o__Burkholderiales;f__Sutterellaceae;g__Parasutterella;s__Parasutterella_excrementihominis	k__Bacteria;p__Actinobacteria;c__Actinobacteria;o__Bifidobacteriales;f__Bifidobacteriaceae;g__Bifidobacterium;s__Bifidobacterium_adolescentis	k__Bacteria;p__Firmicutes;c__Clostridia;o__Clostridiales;f__Oscillospiraceae;g__Oscillibacter;s__Oscillibacter_sp._KLE_1745	k__Bacteria;p__Bacteroidetes;c__Bacteroidia;o__Bacteroidales;f__Bacteroidaceae;g__Bacteroides;s__Bacteroides_coprophilus	k__Bacteria;p__Firmicutes;c__Clostridia;o__Clostridiales;f__Lachnospiraceae;g__Roseburia;s__Roseburia_intestinalis	k__Bacteria;p__Firmicutes;c__Clostridia;o__Clostridiales;f__Lachnospiraceae;g__Roseburia;s__Roseburia_hominis	k__Bacteria;p__Bacteroidetes;c__Bacteroidia;o__Bacteroidales;f__Porphyromonadaceae;g__Parabacteroides;s__Parabacteroides_johnsonii	k__Bacteria;p__Actinobacteria;c__Actinobacteria;o__Bifidobacteriales;f__Bifidobacteriaceae;g__Bifidobacterium;s__Bifidobacterium_longum	k__Bacteria;p__Firmicutes;c__Clostridia;o__Clostridiales;f__;g__Flavonifractor;s__Flavonifractor_plautii	k__Bacteria;p__Firmicutes;c__Clostridia;o__Clostridiales;f__Clostridiaceae;g__Clostridium;s__Clostridium_phoceensis	k__Bacteria;p__Verrucomicrobia;c__Verrucomicrobiae;o__Verrucomicrobiales;f__Akkermansiaceae;g__Akkermansia;s__Akkermansia_muciniphila	k__Bacteria;p__Bacteroidetes;c__Bacteroidia;o__Bacteroidales;f__Prevotellaceae;g__Paraprevotella;s__Paraprevotella_xylaniphila	k__Bacteria;p__Firmicutes;c__Clostridia;o__Clostridiales;f__Ruminococcaceae;g__Ruminococcus;s__Ruminococcus_callidus	k__Bacteria;p__Bacteroidetes;c__Bacteroidia;o__Bacteroidales;f__Rikenellaceae;g__Alistipes;s__Alistipes_senegalensis	k__Bacteria;p__Firmicutes;c__Clostridia;o__Clostridiales;f__Lachnospiraceae;g__Blautia;s__Blautia_sp._KLE_1732	k__Bacteria;p__Bacteroidetes;c__Bacteroidia;o__Bacteroidales;f__Bacteroidaceae;g__Bacteroides;s__Bacteroides_oleiciplenus	k__Bacteria;p__Firmicutes;c__Clostridia;o__Clostridiales;f__Ruminococcaceae;g__Ruminococcus;s__Ruminococcus_bicirculans	k__Bacteria;p__Bacteroidetes;c__Bacteroidia;o__Bacteroidales;f__Bacteroidaceae;g__Bacteroides;s__Bacteroides_fluxus	k__Bacteria;p__Bacteroidetes;c__Bacteroidia;o__Bacteroidales;f__Prevotellaceae;g__Prevotella;s__Prevotella_stercorea	k__Bacteria;p__Firmicutes;c__Clostridia;o__Clostridiales;f__Lachnospiraceae;g__Dorea;s__Dorea_longicatena	k__Bacteria;p__Firmicutes;c__Clostridia;o__Clostridiales;f__Eubacteriaceae;g__Eubacterium;s__[Eubacterium]_eligens	k__Bacteria;p__Firmicutes;c__Clostridia;o__Clostridiales;f__Ruminococcaceae;g__;s__Ruminococcaceae_bacterium_D16	k__Bacteria;p__Firmicutes;c__Clostridia;o__Clostridiales;f__Lachnospiraceae;g__Coprococcus;s__Coprococcus_comes	k__Bacteria;p__Proteobacteria;c__Gammaproteobacteria;o__Enterobacterales;f__Enterobacteriaceae;g__Escherichia;s__Escherichia_coli	k__Bacteria;p__Firmicutes;c__Clostridia;o__Clostridiales;f__Ruminococcaceae;g__Anaerotruncus;s__Anaerotruncus_colihominis	k__Bacteria;p__Firmicutes;c__Clostridia;o__Clostridiales;f__Lachnospiraceae;g__Blautia;s__Blautia_obeum	k__Bacteria;p__Bacteroidetes;c__Bacteroidia;o__Bacteroidales;f__Odoribacteraceae;g__Odoribacter;s__Odoribacter_laneus	k__Bacteria;p__Firmicutes;c__Clostridia;o__Clostridiales;f__Ruminococcaceae;g__Ruminiclostridium;s__[Clostridium]_leptum	k__Bacteria;p__Bacteroidetes;c__Bacteroidia;o__Bacteroidales;f__Porphyromonadaceae;g__Parabacteroides;s__Parabacteroides_goldsteinii	k__Bacteria;p__Firmicutes;c__Clostridia;o__Clostridiales;f__Lachnospiraceae;g__Anaerostipes;s__Anaerostipes_hadrus	k__Bacteria;p__Firmicutes;c__Clostridia;o__Clostridiales;f__Ruminococcaceae;g__Ruminococcus;s__Ruminococcus_lactaris	k__Bacteria;p__Firmicutes;c__Clostridia;o__Clostridiales;f__Clostridiaceae;g__Clostridium;s__Clostridium_sp._L2-50	k__Bacteria;p__Firmicutes;c__Clostridia;o__Clostridiales;f__Clostridiaceae;g__Clostridium;s__Clostridium_sp._M62/1	k__Bacteria;p__Firmicutes;c__Clostridia;o__Clostridiales;f__;g__Intestinimonas;s__Intestinimonas_butyriciproducens	k__Bacteria;p__Actinobacteria;c__Actinobacteria;o__Bifidobacteriales;f__Bifidobacteriaceae;g__Bifidobacterium;s__Bifidobacterium_bifidum	k__Bacteria;p__Firmicutes;c__Negativicutes;o__Veillonellales;f__Veillonellaceae;g__Dialister;s__Dialister_invisus	k__Bacteria;p__Bacteroidetes;c__Bacteroidia;o__Bacteroidales;f__Bacteroidaceae;g__Bacteroides;s__Bacteroides_salanitronis
k__Bacteria;p__Bacteroidetes;c__Bacteroidia;o__Bacteroidales;f__Bacteroidaceae;g__Bacteroides;s__Bacteroides_vulgatus	1.0	-0.00246598477953	0.0149174271449	0.0043568965651	0.00673971799118	-0.00130240624696	0.0274815359086	-0.0687620284216	-0.0361016784972	-0.0229459773438	-0.0368254774312	-0.0417397472448	0.0315684069454	0.00281695177454	0.00253616924926	0.0107279958411	0.00933811470745	-0.0191705409324	-0.036126081284	-0.0154283244437	-0.0318477786571	0.0402355415399	-0.0350323810871	0.00793498660821	-0.0133549966733	0.0145810025805	-0.0160896992535	-0.110381729494	0.0035375865773	-0.0463589925563	-0.00458300484777	0.0151924087315	0.00770611357623	-0.0149281233463	-0.0502855434734	0.0299057424737	0.0372891895655	-0.0282826098766	0.0142339919273	-0.0638522996206	0.0253710562427	-0.0180355592025	0.00296199020352	0.0288289164025	-0.0125766632019	0.00641024800423	-0.0144256053476	-0.00162008560985	-0.0091222915344	-0.0454629717371	-0.0149416257366	-0.0091283615294	-0.013678277597	0.00401891946359	0.0159894157957	-0.0170545740643	0.0285594118125	-0.0127511877131	-0.0472569711212
k__Bacteria;p__Bacteroidetes;c__Bacteroidia;o__Bacteroidales;f__Bacteroidaceae;g__Bacteroides;s__Bacteroides_uniformis	-0.00246598477953	1.0	-0.0321091969509	-0.0323206941732	-0.030187345122	-0.0840872593819	0.0421412397944	-0.0163900882501	-0.0108707556149	-0.0308448599164	-0.013959926526	0.00728950701782	0.0102884325103	-0.00788793166643	-0.0253251673785	0.00768137761229	-0.101021112952	-0.000893870450211	-0.0397490028869	-0.0356813118038	0.0426564402927	-0.0201000661494	0.0381344962084	-0.0802568162461	0.0224129835796	-0.00869523743689	0.0573790580219	-0.0145645615808	-0.0373687686581	-0.000580894169927	0.0274295870102	0.0144285412565	-0.0147150698546	0.00780850990171	-0.0270043549914	0.0634024294697	0.0227351175506	-0.0176146232645	0.0185134665698	0.0329059202016	0.0438702300959	0.0266445349282	0.0236422441239	0.046788861614	-0.013842947397	0.00482699868556	-0.0372966088875	0.000824061155311	0.000146538715159	0.0422820043485	-0.021352203805	-0.0359125711314	-0.11013257354	0.0201012204919	0.00154271272746	0.0167487605941	0.00330544819155	0.0143152799868	0.00404024370751
k__Bacteria;p__Bacteroidetes;c__Bacteroidia;o__Bacteroidales;f__Rikenellaceae;g__Alistipes;s__Alistipes_putredinis	0.0149174271449	-0.0321091969509	1.0	-0.00576612469094	-0.0105994348647	0.0417746162936	0.010062195219	0.0441470214176	0.0240934745451	0.000614466125578	0.00114693694331	-0.00748649000621	-0.0613835898652	0.024272119745	-0.0418458881063	-0.0174082863061	-0.00112435023829	0.00360476214085	0.0584838789246	-0.0381579565346	0.0174773561269	0.0215218347423	-0.0384285336937	-0.0311500651496	0.0198075799954	0.078643081886	0.00486735258047	-0.0345592847314	0.0151088224024	-0.0274196084852	0.000325806723588	-0.0399169351242	-0.0470602321644	-0.041085705643	-0.0227941270619	0.0237956350807	-0.0339123145066	-0.0125609409216	0.019127325331	0.0424648359347	-0.0522584867382	-0.036087575385	-0.0394499242904	-0.0039279962502	-0.0123121026401	0.0261307109744	-0.0509124293222	-0.0124831009223	-0.00663339877171	-0.00405910266373	0.0374989615065	0.016126886654	0.0485658118602	-0.0525729821827	-0.0747572912011	-0.00624610770093	-0.0487291094968	0.050455380276	-0.00520027339788
k__Bacteria;p__Bacteroidetes;c__Bacteroidia;o__Bacteroidales;f__Prevotellaceae;g__Prevotella;s__Prevotella_copri	0.0043568965651	-0.0323206941732	-0.00576612469094	1.0	-0.0181478853018	0.0233907063333	0.00938768975352	-0.0327039944136	-0.040485692579	0.0125422991812	0.0152737276562	-0.060331324023	0.0592628219659	0.0623989992302	-0.0197713893514	-0.0472506111318	0.0420088086592	-0.0727502355358	0.0151800752256	-0.0916513304277	-0.0243082997138	-0.0329634729644	-0.0335504511752	-0.0406136095721	0.0171672531329	-0.0502417671097	0.0228567844568	-0.01170274826	-0.0133866661464	0.0323359150986	0.016121435639	-0.015173402714	0.0212093187826	-0.026538214418	0.0139128370536	-0.0336420420597	0.0225655003062	0.0157534394764	0.0373161970607	-0.00732454295631	0.0168135189996	-0.0268137649847	-0.0130584614955	-0.0370345747871	-0.00894461534237	-0.0118622322894	-0.00519223652533	-0.0324967159718	0.00617076448177	0.00260308330234	-0.025507024081	-0.0410134962513	-0.0690171902253	0.0136312684404	-0.00331735828883	-0.0244091962998	0.0158806537174	-0.0769869694631	-0.00757079638476
k__Bacteria;p__Bacteroidetes;c__Bacteroidia;o__Bacteroidales;f__Bacteroidaceae;g__Bacteroides;s__Bacteroides_stercoris	0.00673971799118	-0.030187345122	-0.0105994348647	-0.0181478853018	1.0	-0.00715428301645	-0.0369857684601	-0.051907446201	0.0554541327332	-0.000300373368124	0.0132359313768	-0.0102839763609	0.031667875998	0.00169401556541	-0.0247024427869	0.061855549737	0.0519875387346	-0.0112548169573	-0.031039535622	0.00699819540849	0.0130944047383	-0.0191406921622	-0.0212988543464	0.0013794000225	0.0162783928795	-0.00575828577697	-0.0195811000728	0.0361457101542	0.0377480889323	-0.0477679754315	-0.022545082961	-0.0614075395177	-0.0257206075522	-0.0555618385385	-0.00890338166173	0.0461921265078	0.0152694326866	-0.043104491641	-0.0180642420157	-0.0358124111968	0.000940397115062	-0.0577997709166	0.0372420903626	-0.016175694274	0.00814741042982	0.023811058847	-0.0051065247662	-0.0173274127221	-0.0203064379673	0.0285751323096	0.0503151785191	-0.0134194183308	-0.028346108962	-0.00343490693202	-0.0119579609254	0.0239489865641	0.0102200324765	0.03028824152	-0.0121415917302
k__Bacteria;p__Bacteroidetes;c__Bacteroidia;o__Bacteroidales;f__Bacteroidaceae;g__Bacteroides;s__Bacteroides_ovatus	-0.00130240624696	-0.0840872593819	0.0417746162936	0.0233907063333	-0.00715428301645	1.0	-0.0968934631877	0.000708159590757	0.00102787420254	0.0145006623577	-0.042190126048	0.0577904111925	0.00122932011832	-0.0424132681773	0.0182079909654	-0.00169648819741	-0.0219456146118	-0.0221270364972	-0.00481606663967	-0.0490878558815	0.0126333196307	-0.019529965392	-0.00330411701261	-0.0815311807498	-0.0475495534641	-0.0202076602287	-0.0425339647459	-0.0183868380995	0.0216075394557	0.026838461775	0.0613293180678	0.0294620476676	0.0285012813948	0.00313651798717	-0.0328314355694	-0.0116132383179	-0.0358207497799	0.0285203231816	-0.00803038597646	-0.0485969651562	-0.0180677792479	-0.0362492421435	0.0394984334975	0.0583893548136	-0.0178880868561	-0.0106060093405	-0.0190613900656	-0.0422011074473	0.0192716126973	0.00690752037507	0.00553136169464	-0.017852069258	0.0483795047657	0.00524258554473	0.0314114828234	0.00401263331492	0.0083575194427	0.0444928307076	-0.017910972064
k__Bacteria;p__Bacteroidetes;c__Bacteroidia;o__Bacteroidales;f__Rikenellaceae;g__Alistipes;s__Alistipes_shahii	0.0274815359086	0.0421412397944	0.010062195219	0.00938768975352	-0.0369857684601	-0.0968934631877	1.0	0.0277383129762	-0.00117781262912	-0.0507067593085	-0.0349146360263	-0.0802573992444	-0.0476666833584	-0.00985633426649	-0.0226532484676	-0.0108619914948	0.033655016874	0.0399516633881	-0.0376730796063	0.0227999153695	0.0300615469038	-0.0133964426876	0.00864093287899	0.0667412424229	0.0893342830516	-0.0519602630134	0.00713861578105	-0.0414966521473	-0.0587456688044	-0.022704894815	0.00791220174225	-0.0218107417484	-0.0824300998125	0.0349629493426	-0.0306811951866	-0.0104749981642	0.0108898017396	0.00479728589416	-0.0132006846385	0.0435236815162	0.0389233650671	-0.0039841294506	-0.0817299598802	0.0332884888506	-0.052823886205	-0.0449322891506	-0.0369337823974	-0.0140706512209	-0.0569449208697	-0.0717568834391	0.0647338965577	0.0354352689182	0.00397549839219	0.00940456711963	-0.0537731651421	-0.0248602873121	-0.0356406519373	-0.0204331272944	-0.00165230542018
k__Bacteria;p__Firmicutes;c__Clostridia;o__Clostridiales;f__Ruminococcaceae;g__Faecalibacterium;s__Faecalibacterium_prausnitzii	-0.0687620284216	-0.0163900882501	0.0441470214176	-0.0327039944136	-0.051907446201	0.000708159590757	0.0277383129762	1.0	0.0191142673932	-0.0344556403677	0.0233456672614	-0.0262960453614	-0.00635723690185	-0.00925453486908	-0.0151016979828	0.0120056711883	-0.0600256205635	-0.0543883322344	0.0533321151513	-0.00891858425275	0.00747874230651	-0.00915672058635	0.00426305253643	-0.00852538140156	0.0350492698267	0.0133383052144	-0.00565735215953	-0.00248722363284	-0.0348359167247	0.00933487205636	0.0301270170477	0.015786857795	-0.0802788362738	0.0184433214507	0.00529154909056	-0.00834469328011	0.0242764122597	-0.0106936995036	-0.0239826980925	0.0175890918441	-0.0278646778282	0.00205928742164	0.00679033392605	-0.00120693494361	-0.00172154101662	0.103882792054	0.062489951792	-0.02855441086	-0.006714989797	-0.00758582810911	0.0208552866071	0.0230418979849	-0.00202717567277	-0.0388681048169	0.000634898695346	-0.0358171462096	0.0461574913543	0.0278299951387	-0.0862764133795
k__Bacteria;p__Bacteroidetes;c__Bacteroidia;o__Bacteroidales;f__Rikenellaceae;g__Alistipes;s__Alistipes_finegoldii	-0.0361016784972	-0.0108707556149	0.0240934745451	-0.040485692579	0.0554541327332	0.00102787420254	-0.00117781262912	0.0191142673932	1.0	0.0272164146087	0.00364089525463	-0.0253909456999	0.00342962195444	0.0166407106847	0.0732083162153	0.0772753161426	0.00268786702168	0.022362022646	0.0328025767109	-0.0504853518761	-0.0795016950817	0.00434815617586	-0.0499168998208	-0.0100445968093	-0.0496726115795	-0.0120153678715	0.0710814926585	-0.0150137161604	-0.0126972165042	0.0383432796223	0.0246643971208	-0.00253629149156	-0.00692864440144	0.0253727738248	-0.0260330754256	0.00656330923534	-0.018808536896	-0.025067969236	-0.0350881687067	0.00285064935737	-0.0312798085167	-0.00244881492826	0.0468249384827	0.00429152254054	-0.0308347155197	-0.0244476101091	-0.00232090337734	0.0216609261098	-0.0510014552981	-0.0229657107926	-0.00953295448202	-0.0432659496652	0.0472915714346	-0.0287163683443	0.0757872384081	0.0106851113252	-0.0186983936116	-0.00238728133826	0.0454643057371
k__Bacteria;p__Bacteroidetes;c__Bacteroidia;o__Bacteroidales;f__Porphyromonadaceae;g__Parabacteroides;s__Parabacteroides_distasonis	-0.0229459773438	-0.0308448599164	0.000614466125578	0.0125422991812	-0.000300373368124	0.0145006623577	-0.0507067593085	-0.0344556403677	0.0272164146087	1.0	0.0527086820391	0.0332106185034	0.0712281970247	-0.0240243083924	0.0389781342193	-0.0008449818664	-0.0193721033286	0.0438938787029	0.0198802018867	-0.0403664670114	-0.029914250652	-0.0251715865995	-0.00212024923732	0.0281945622267	-0.0716557143563	0.00332953330801	-0.0485107258905	-0.0346227108448	-0.0542973187923	-0.000949230550146	-0.0692956119002	-0.0219451759918	-0.00939884820603	-0.0304855030348	-0.00906963567431	-0.0102343179923	0.01450168764	-0.0522307454097	0.0104390632762	0.0132608815303	-0.0331387716451	0.0358356274201	-0.0424976910794	-0.0358749929693	0.0222866000926	0.00497126910536	0.0246068004244	-0.00929731934494	0.0216864573203	-0.00201902426497	-0.00107050080875	0.00309230500804	0.0342891712099	-0.0252979135829	0.0217675164871	-0.0126242137431	-0.00226740896578	-0.000105825254831	-0.0148227742529
k__Bacteria;p__Bacteroidetes;c__Bacteroidia;o__Bacteroidales;f__Bacteroidaceae;g__Bacteroides;s__Bacteroides_thetaiotaomicron	-0.0368254774312	-0.013959926526	0.00114693694331	0.0152737276562	0.0132359313768	-0.042190126048	-0.0349146360263	0.0233456672614	0.00364089525463	0.0527086820391	1.0	0.00724043910857	-0.0360991095703	0.0606371622553	-0.00439229826399	-0.0755875408196	-0.0549541811114	-0.0166101981012	-0.0261654824565	-0.0257073735191	0.0321366536074	-0.00850620611926	-0.0395598590993	-0.0103588199087	-0.00916364882482	0.0126500713884	-0.0115016688611	0.0610188299969	-0.0178585805492	0.00797593813242	-0.0304251590328	-0.0438512141926	-0.0157401016074	0.0015569380471	-0.00165462218303	0.0309869315869	0.0144791528093	-0.00831641632749	0.0174270952436	0.0234841104623	0.00451253285713	0.0437152550013	-0.0228288479622	0.00859016934072	-0.00783101601757	0.000499509005481	-0.00997840077628	-0.00762283424815	0.00363131434318	-0.0231551410417	0.0192608380318	-0.00530270137447	0.0223816013615	0.0425593386417	-0.0475444991178	0.0122641540026	-0.0255101852634	0.0113228021109	0.00640824912147
k__Bacteria;p__Bacteroidetes;c__Bacteroidia;o__Bacteroidales;f__Bacteroidaceae;g__Bacteroides;s__Bacteroides_coprocola	-0.0417397472448	0.00728950701782	-0.00748649000621	-0.060331324023	-0.0102839763609	0.0577904111925	-0.0802573992444	-0.0262960453614	-0.0253909456999	0.0332106185034	0.00724043910857	1.0	-0.0174536257666	-0.040562319221	0.000979630560315	0.00604231136517	-0.0190933433508	-0.0174726483796	-0.0157322696684	0.0294977484391	-0.0146447966	-0.0188386849734	-0.0338576342623	0.000425419638263	0.0197535308068	-0.0652682400189	-0.0648227897553	-0.00323623651502	0.0515429429755	-0.00792615312759	0.0428007760433	0.0272352707324	-0.0045047026235	0.0189258890565	0.0484698113654	-0.0004555659057	-0.0316918541385	-0.047436319135	0.110018731659	-0.00976109440338	-0.0105166983902	-0.0270202070208	-0.0342274663503	0.0529348885001	-0.00703739966478	-0.0841218842777	-0.0171712142781	-0.0204219536751	-0.0191859084741	-0.0362551242807	-0.0195399683344	0.012135934894	-0.0148912823183	0.00234627615423	0.01269405098	-0.0029135970869	-0.0574042323942	0.02137386349	-0.0100586783412
k__Bacteria;p__Bacteroidetes;c__Bacteroidia;o__Bacteroidales;f__Bacteroidaceae;g__Bacteroides;s__Bacteroides_cellulosilyticus	0.0315684069454	0.0102884325103	-0.0613835898652	0.0592628219659	0.031667875998	0.00122932011832	-0.0476666833584	-0.00635723690185	0.00342962195444	0.0712281970247	-0.0360991095703	-0.0174536257666	1.0	-0.067925077844	0.0113409297641	-0.0402601441135	-0.0155159253178	0.0104687658296	-0.0114744357804	-0.0339889861371	-0.00412434651504	-0.0530004509645	-0.0270977729292	0.00952342893114	0.0400364170962	-0.021679828719	-0.0257220135217	-0.0395844696793	0.0582224973895	0.00107761239996	-0.0431667668003	-0.0238163672586	0.014271485952	-0.0080598696033	0.0399282831164	-0.0698010665402	0.0447047061385	-6.70975567323e-05	-0.0335735469177	0.0165760552709	-0.0494211263357	-0.0143698862216	-0.032481853651	0.00693233132217	-0.0016949826458	-0.0243616673896	0.0385777871997	0.0184686304864	0.0144341770389	-0.029212039403	-0.00672215584273	0.0359835839269	0.0128897416507	0.0375312209896	-0.0628651446598	-0.0198816788712	0.0635718686937	0.0108860130086	-0.0154797536994
k__Bacteria;p__Bacteroidetes;c__Bacteroidia;o__Bacteroidales;f__Rikenellaceae;g__Alistipes;s__Alistipes_obesi	0.00281695177454	-0.00788793166643	0.024272119745	0.0623989992302	0.00169401556541	-0.0424132681773	-0.00985633426649	-0.00925453486908	0.0166407106847	-0.0240243083924	0.0606371622553	-0.040562319221	-0.067925077844	1.0	-0.0202766101256	-0.000287437026736	-0.0696851807603	-0.0144007100862	-0.054344963395	-0.00458167013918	-0.0278691955333	0.00639013034212	0.0130654261089	0.0401368328089	-0.0328908715112	0.000505970230757	-0.00133758156691	-0.0434814249498	-0.0276562992679	-0.00313836389129	-0.0216939111505	-0.00523332489734	0.0223172339441	0.0293101988088	0.0377384485016	0.0111952450355	0.0236261141145	-0.0402831702909	-0.0179676918001	-0.02945289311	-0.0752848016715	0.00901387867442	-0.00563640277036	-0.0755185328925	0.0210380643384	-0.0116625325524	2.6900065711e-05	0.0455410355158	0.00921046204345	-0.0634578542886	0.0463349907867	0.0175313143323	0.00871101881274	0.0093555769268	0.000525541862473	-0.0131236118142	-0.0197001518427	0.0344956288568	-0.00505096041528
k__Bacteria;p__Firmicutes;c__Clostridia;o__Clostridiales;f__Lachnospiraceae;g__;s__[Eubacterium]_rectale	0.00253616924926	-0.0253251673785	-0.0418458881063	-0.0197713893514	-0.0247024427869	0.0182079909654	-0.0226532484676	-0.0151016979828	0.0732083162153	0.0389781342193	-0.00439229826399	0.000979630560315	0.0113409297641	-0.0202766101256	1.0	0.00119372384539	0.014012792161	0.0125241008763	0.000659356051139	0.0042699668867	-0.0639642799223	0.0120480962632	0.0227975514759	-0.0450257715227	-0.0181431399542	-0.041826707412	-0.0298870294923	-0.0272688332133	0.00313634989408	0.0320659983487	-0.0141607523834	-0.00832514362531	0.00914947343458	0.0384278839314	0.0334408427737	-0.0329018349063	-0.0609209906697	-0.0560935487234	-0.0420210592043	-0.0263761328081	0.0213327124969	-0.0247740612624	0.0245698017907	-0.0349640569403	0.0152011038131	-0.0309296359367	0.0108141673229	-0.029354866335	-0.0122381478907	-0.00858919779267	-0.0412285453955	0.00555568162445	0.0176514305048	0.0219077048783	-0.00581062283647	0.0332984299039	-0.00510066302498	0.0220617261582	-0.0149597021776
k__Bacteria;p__Bacteroidetes;c__Bacteroidia;o__Bacteroidales;f__Bacteroidaceae;g__Bacteroides;s__Bacteroides_plebeius	0.0107279958411	0.00768137761229	-0.0174082863061	-0.0472506111318	0.061855549737	-0.00169648819741	-0.0108619914948	0.0120056711883	0.0772753161426	-0.0008449818664	-0.0755875408196	0.00604231136517	-0.0402601441135	-0.000287437026736	0.00119372384539	1.0	-0.0217768277927	0.044804746956	-0.00851564937556	0.0252465926572	-0.0136075302524	0.0606617675022	-0.00492502792467	0.0181366516757	0.0305974561211	0.00135418071749	-0.0291941794576	-0.0633055024984	0.00120841947271	-0.0433229140293	0.0456632958917	-0.0658773813727	-0.0153748494158	-0.00146440406864	-0.0120447773644	-0.032113587863	-0.0221333405663	0.0316293440896	-0.0174205476271	0.0068539381854	0.0021553786246	-0.020697503031	0.0216574889656	-0.0341428428794	-0.0402110463186	0.0332809192681	0.0169403054862	0.000995728114757	-0.020147876221	0.00741492740653	-0.0427690008839	0.0104402713963	0.0336604785681	0.0189048847958	0.0326768827904	0.0246800846753	-0.0465479585443	0.0304978501648	-0.0280556254184
k__Bacteria;p__Bacteroidetes;c__Bacteroidia;o__Bacteroidales;f__Bacteroidaceae;g__Bacteroides;s__Bacteroides_fragilis	0.00933811470745	-0.101021112952	-0.00112435023829	0.0420088086592	0.0519875387346	-0.0219456146118	0.033655016874	-0.0600256205635	0.00268786702168	-0.0193721033286	-0.0549541811114	-0.0190933433508	-0.0155159253178	-0.0696851807603	0.014012792161	-0.0217768277927	1.0	0.00915796372556	0.0443327195839	0.0246847753186	0.00777444486211	0.0081640704723	0.00666440050533	0.0544515857656	-0.015199690229	-0.0191980731837	-0.0257917339755	-0.0218047923248	0.00469087994891	0.019216000746	-0.0318085010731	-0.0342378806679	0.0195790013413	-0.0124251862281	0.0409324365787	-0.0151855956046	-0.0194374576494	-0.0382724108511	0.0320184294071	-0.0892306611071	-0.0263459583196	-0.0552227530165	0.0528371450124	0.0192800674522	0.076632160658	-0.0285453047364	-0.0287780652403	-0.00701189346138	-0.0811484253362	0.0261931680582	-0.0386745179989	-0.02596949551	-0.0592083451489	-0.0138257893243	0.0370009769145	0.0174765068299	-4.69819975047e-06	0.0306088345754	-0.00940979468156
k__Bacteria;p__Proteobacteria;c__Betaproteobacteria;o__Burkholderiales;f__Sutterellaceae;g__Sutterella;s__Sutterella_wadsworthensis	-0.0191705409324	-0.000893870450211	0.00360476214085	-0.0727502355358	-0.0112548169573	-0.0221270364972	0.0399516633881	-0.0543883322344	0.022362022646	0.0438938787029	-0.0166101981012	-0.0174726483796	0.0104687658296	-0.0144007100862	0.0125241008763	0.044804746956	0.00915796372556	1.0	0.00283337214428	0.0187599859073	-0.0242613116043	-0.0346039468172	0.0200615967438	0.0602333713967	0.0303127249413	0.0185852850474	0.00574150164839	-0.032016144987	-0.0333643411726	0.0370066542025	-0.0783420155712	-0.0329154689265	-0.0506365962618	-0.00251450334462	-0.00906977526138	-0.0186297566485	-0.0528192364972	-0.00554555911992	0.0478746736975	-0.0415399962986	-0.0272655478669	-0.0199714152237	0.015353926248	-0.0348969188553	-0.0319229426486	0.0543168774502	0.000307717744075	-0.0552871531371	-0.0201774973043	-0.00867448701159	-0.0126057041028	0.0139792411272	0.00483994300811	-0.0370254412723	0.0262647474505	0.0673863731558	-0.0164852806362	-0.0868318296611	0.0159233515196
k__Bacteria;p__Bacteroidetes;c__Bacteroidia;o__Bacteroidales;f__Porphyromonadaceae;g__Barnesiella;s__Barnesiella_intestinihominis	-0.036126081284	-0.0397490028869	0.0584838789246	0.0151800752256	-0.031039535622	-0.00481606663967	-0.0376730796063	0.0533321151513	0.0328025767109	0.0198802018867	-0.0261654824565	-0.0157322696684	-0.0114744357804	-0.054344963395	0.000659356051139	-0.00851564937556	0.0443327195839	0.00283337214428	1.0	-0.0294811231582	-0.0403079635298	-0.0119654749715	0.0341467173232	-0.0115941276	-0.0513098531499	0.0103744907916	0.0526081305915	-0.00981472385289	-0.053054153031	0.00636866629198	0.0352230875065	0.0102166566045	0.00277454241403	0.00862832082555	0.0148461786309	-0.00197886014432	-0.0367190973524	0.00760398552675	-0.0575435392977	-0.0340262256003	-0.0218548326494	-0.0132440449464	-0.00629213328057	-0.0206622594655	-0.0681542259101	0.0257615022794	0.00876644903658	0.023337590563	0.018458637312	-0.0305832221832	0.042760822982	-0.00114917989452	0.0260992408215	0.00870639381785	0.0651399315037	-0.012308552186	0.018077918397	-0.0113408417494	0.0107796434817
k__Bacteria;p__Bacteroidetes;c__Bacteroidia;o__Bacteroidales;f__Odoribacteraceae;g__Odoribacter;s__Odoribacter_splanchnicus	-0.0154283244437	-0.0356813118038	-0.0381579565346	-0.0916513304277	0.00699819540849	-0.0490878558815	0.0227999153695	-0.00891858425275	-0.0504853518761	-0.0403664670114	-0.0257073735191	0.0294977484391	-0.0339889861371	-0.00458167013918	0.0042699668867	0.0252465926572	0.0246847753186	0.0187599859073	-0.0294811231582	1.0	-0.0267909679475	-0.0219287656713	0.000748915042366	0.00654071587284	-0.00462003304703	0.0246448646819	-0.041326394345	-0.0114139785887	0.0304226155548	0.0430754853116	-0.0242671095762	-0.0583358358056	0.00327424955082	-0.0260716593849	0.026587470849	-0.00500372847404	0.0102337555789	-0.0101161192386	-0.0242139539173	-0.0211379186501	-0.0351800276636	0.0272124925166	-0.0412470185729	0.00732110775207	0.0286082420558	-0.0257709545965	-0.0209810632675	0.0205802102491	-0.0719290507276	0.0125316612257	-0.00461368422939	-0.0183543028924	-0.00915169750869	0.0143446161476	0.00629151996369	0.0541952222177	0.0374456213069	-0.0417649963409	0.00879080177833
k__Bacteria;p__Bacteroidetes;c__Bacteroidia;o__Bacteroidales;f__Bacteroidaceae;g__Bacteroides;s__Bacteroides_salyersiae	-0.0318477786571	0.0426564402927	0.0174773561269	-0.0243082997138	0.0130944047383	0.0126333196307	0.0300615469038	0.00747874230651	-0.0795016950817	-0.029914250652	0.0321366536074	-0.0146447966	-0.00412434651504	-0.0278691955333	-0.0639642799223	-0.0136075302524	0.00777444486211	-0.0242613116043	-0.0403079635298	-0.0267909679475	1.0	-0.0687468495535	-0.0667448733693	-0.0185211132995	-0.00749317501754	0.00322601480853	-0.0232801533621	0.035211825255	-0.0128876320116	0.0376897450439	0.0124771994265	0.0233583162872	-0.00144359916794	0.0270575838239	0.0550815147383	0.0207622395655	-0.0156319035894	-0.0457556862448	0.00244422510721	0.00124664319024	-0.0536928407661	0.0152318743969	-0.0275648732526	-0.0811772401504	0.00948979229397	0.00782513573302	0.0356524877455	-0.0456360632181	-0.0378839472462	0.0420473010264	-0.0128972912677	0.0292745785644	0.0250580116663	0.023646038238	0.0201962536508	-0.0583369599421	-0.051060155442	-0.0306900869591	-0.0293465661709
k__Bacteria;p__Firmicutes;c__Clostridia;o__Clostridiales;f__Ruminococcaceae;g__Ruminiclostridium;s__[Eubacterium]_siraeum	0.0402355415399	-0.0201000661494	0.0215218347423	-0.0329634729644	-0.0191406921622	-0.019529965392	-0.0133964426876	-0.00915672058635	0.00434815617586	-0.0251715865995	-0.00850620611926	-0.0188386849734	-0.0530004509645	0.00639013034212	0.0120480962632	0.0606617675022	0.0081640704723	-0.0346039468172	-0.0119654749715	-0.0219287656713	-0.0687468495535	1.0	-0.0176071226545	0.0184713169405	0.0186277658432	0.0469663627042	-0.0140405867778	0.0196015751796	-0.0249121912169	-0.0378556208194	-0.0425775103341	-0.0172199798309	-0.03151767752	0.0191467288844	-0.028606476123	-0.01828559484	-0.00679423080843	0.0302157531413	-0.0664665955175	-0.00254934399579	0.0526470597586	-0.0190272499433	0.0126636978205	0.0241436206852	-0.0570208688954	-0.00801972129755	0.0208233139108	-0.0426835007864	-0.00783518346084	0.00989983815945	-0.0061308015816	0.0253082066675	0.0149272748074	-0.00984545549981	-0.00407317117981	-0.018675192169	0.0213930490392	0.0265685472566	-0.0379153016939
k__Bacteria;p__Proteobacteria;c__Betaproteobacteria;o__Burkholderiales;f__Sutterellaceae;g__Parasutterella;s__Parasutterella_excrementihominis	-0.0350323810871	0.0381344962084	-0.0384285336937	-0.0335504511752	-0.0212988543464	-0.00330411701261	0.00864093287899	0.00426305253643	-0.0499168998208	-0.00212024923732	-0.0395598590993	-0.0338576342623	-0.0270977729292	0.0130654261089	0.0227975514759	-0.00492502792467	0.00666440050533	0.0200615967438	0.0341467173232	0.000748915042366	-0.0667448733693	-0.0176071226545	1.0	0.0109823605505	-0.0408828334685	0.0188286462715	0.0389073708389	0.0816436050556	0.00741367318355	-0.0356031239209	0.05105370231	0.0177218986578	-0.0295175671151	-0.0165707682764	-0.0139503210697	-0.1246200477	0.00475968099408	0.0383921237159	-0.0162281170982	0.00440598380541	-0.0280773503104	0.0116583021439	0.0223999052675	-0.0109523840175	-0.0174898043365	-0.0431800702859	-0.0317248269726	-0.014976272745	0.0805090474993	0.0257212474359	-0.0250531059294	-0.022198706447	-0.0250983227592	0.00721473756958	0.0257639420695	-0.0389078111072	-0.0277033656213	-0.042791771191	-0.0102462510573
k__Bacteria;p__Actinobacteria;c__Actinobacteria;o__Bifidobacteriales;f__Bifidobacteriaceae;g__Bifidobacterium;s__Bifidobacterium_adolescentis	0.00793498660821	-0.0802568162461	-0.0311500651496	-0.0406136095721	0.0013794000225	-0.0815311807498	0.0667412424229	-0.00852538140156	-0.0100445968093	0.0281945622267	-0.0103588199087	0.000425419638263	0.00952342893114	0.0401368328089	-0.0450257715227	0.0181366516757	0.0544515857656	0.0602333713967	-0.0115941276	0.00654071587284	-0.0185211132995	0.0184713169405	0.0109823605505	1.0	-0.0456141143809	-0.0182218728485	0.0547771728012	-0.063465947352	-0.0546868412861	-0.0368346725197	-0.0168799450939	0.0477764870447	-0.0189391085303	0.0605266616593	-0.0692885912782	-0.0147323904339	-0.000121819893027	0.0454175017404	-0.0214450928709	-0.0162223898038	-0.00721215873609	-0.0600153969482	-0.0769213709774	-0.00578352592666	0.0607871212809	0.00938045007526	-0.00300521369362	0.0605463704809	-0.0096092955891	0.00835993499503	-0.0185449601418	0.0222098042718	-0.00939095945402	-0.0529370449437	0.0204015265676	0.00735363410393	-0.0351561902223	-0.0316397551437	-0.0256580977062
k__Bacteria;p__Firmicutes;c__Clostridia;o__Clostridiales;f__Oscillospiraceae;g__Oscillibacter;s__Oscillibacter_sp._KLE_1745	-0.0133549966733	0.0224129835796	0.0198075799954	0.0171672531329	0.0162783928795	-0.0475495534641	0.0893342830516	0.0350492698267	-0.0496726115795	-0.0716557143563	-0.00916364882482	0.0197535308068	0.0400364170962	-0.0328908715112	-0.0181431399542	0.0305974561211	-0.015199690229	0.0303127249413	-0.0513098531499	-0.00462003304703	-0.00749317501754	0.0186277658432	-0.0408828334685	-0.0456141143809	1.0	-0.0370382039399	-0.00408937196283	-0.0035918324964	0.0185059847633	-0.0462535384251	0.021665177746	-0.0387138883781	-0.0603091719274	-0.00330381733449	-0.00489154026655	0.0848708261247	-0.0214200513094	0.0206307665333	0.0329573664882	-0.000240259503193	-0.00799198855587	-0.0586194380128	0.0237303760166	-0.0377779084929	0.0180803445827	0.0143221913346	-0.0314282724323	-0.032217088109	-0.0181293276718	0.0309109516715	-0.0361646168165	-0.000845902271062	-0.0254094341469	-0.026437684014	-0.0243278688493	-0.0512050877814	-0.0438759166127	0.0310524882487	-0.0220701774412
k__Bacteria;p__Bacteroidetes;c__Bacteroidia;o__Bacteroidales;f__Bacteroidaceae;g__Bacteroides;s__Bacteroides_coprophilus	0.0145810025805	-0.00869523743689	0.078643081886	-0.0502417671097	-0.00575828577697	-0.0202076602287	-0.0519602630134	0.0133383052144	-0.0120153678715	0.00332953330801	0.0126500713884	-0.0652682400189	-0.021679828719	0.000505970230757	-0.041826707412	0.00135418071749	-0.0191980731837	0.0185852850474	0.0103744907916	0.0246448646819	0.00322601480853	0.0469663627042	0.0188286462715	-0.0182218728485	-0.0370382039399	1.0	-0.0308811227154	-0.00878615805317	-0.0432192029345	0.0595485999345	0.0207854073731	0.00408357006912	0.0239283886069	-0.0120487289429	-0.0264702254129	-0.0750653603285	0.0011411916908	0.00651370163682	-0.0292436743243	0.0378565074078	0.0338174265528	-0.03247827112	0.00466954410773	-0.102505483959	0.0409501910077	-0.00127739011883	0.0141972952442	-0.0313452466716	0.0242844814259	0.0234676723211	0.0244139751564	-0.0608164902357	0.0115182035161	-0.0390609327645	-0.0234738017367	-0.0100232958868	0.0872135178141	-0.0317715828021	0.0110898062209
k__Bacteria;p__Firmicutes;c__Clostridia;o__Clostridiales;f__Lachnospiraceae;g__Roseburia;s__Roseburia_intestinalis	-0.0160896992535	0.0573790580219	0.00486735258047	0.0228567844568	-0.0195811000728	-0.0425339647459	0.00713861578105	-0.00565735215953	0.0710814926585	-0.0485107258905	-0.0115016688611	-0.0648227897553	-0.0257220135217	-0.00133758156691	-0.0298870294923	-0.0291941794576	-0.0257917339755	0.00574150164839	0.0526081305915	-0.041326394345	-0.0232801533621	-0.0140405867778	0.0389073708389	0.0547771728012	-0.00408937196283	-0.0308811227154	1.0	-0.00416318599767	-0.0527817569357	-0.0179951132631	0.0113154175448	-0.0203774551295	-0.0478415113153	-0.0327790360061	-0.0334051336904	0.00824349194854	-0.0195567617635	0.00988633327505	0.0101544338115	-0.0224532741501	-0.0128362755396	0.0599833682241	-0.0211121534765	0.00193736065987	-0.0432049402908	0.00884881448368	0.0101005052565	0.0489121260351	-0.0677288101524	-0.0136674212109	-0.0315534982144	-0.0331014689621	-0.00780617526514	0.0291155326477	-0.00602530208554	0.00272481283189	0.0455157477791	0.0657837685713	0.0183017001764
k__Bacteria;p__Firmicutes;c__Clostridia;o__Clostridiales;f__Lachnospiraceae;g__Roseburia;s__Roseburia_hominis	-0.110381729494	-0.0145645615808	-0.0345592847314	-0.01170274826	0.0361457101542	-0.0183868380995	-0.0414966521473	-0.00248722363284	-0.0150137161604	-0.0346227108448	0.0610188299969	-0.00323623651502	-0.0395844696793	-0.0434814249498	-0.0272688332133	-0.0633055024984	-0.0218047923248	-0.032016144987	-0.00981472385289	-0.0114139785887	0.035211825255	0.0196015751796	0.0816436050556	-0.063465947352	-0.0035918324964	-0.00878615805317	-0.00416318599767	1.0	-0.0182632473872	0.05127697843	0.0111437494535	-0.0107262994702	-0.00972725817955	-0.00260178086551	0.0662073626473	-0.0547508626142	-0.00882620735608	-0.0148781121711	-0.0290613284995	0.00210730221724	0.0386762763523	0.0501676940514	-0.0225950312376	-0.0172619186383	-0.0123637859654	-0.0409582922748	0.0144258220233	-0.0435579043922	0.00766850008906	0.0339125447028	0.00344962327533	-0.017852965949	-0.0270029365798	-0.0596018450555	-0.0427872912076	-0.03963068105	0.0164505840329	0.0411789636206	0.0173251192945
k__Bacteria;p__Bacteroidetes;c__Bacteroidia;o__Bacteroidales;f__Porphyromonadaceae;g__Parabacteroides;s__Parabacteroides_johnsonii	0.0035375865773	-0.0373687686581	0.0151088224024	-0.0133866661464	0.0377480889323	0.0216075394557	-0.0587456688044	-0.0348359167247	-0.0126972165042	-0.0542973187923	-0.0178585805492	0.0515429429755	0.0582224973895	-0.0276562992679	0.00313634989408	0.00120841947271	0.00469087994891	-0.0333643411726	-0.053054153031	0.0304226155548	-0.0128876320116	-0.0249121912169	0.00741367318355	-0.0546868412861	0.0185059847633	-0.0432192029345	-0.0527817569357	-0.0182632473872	1.0	-0.0247293785617	0.0159552977013	0.0458990467399	-0.0260156611305	0.032423306368	0.0627792110512	-0.0325021894594	0.00388622845482	-0.00349544042548	0.00041557829227	-0.0490649022834	-0.000900695345739	0.0194322521802	-0.0157444550133	0.0342008662501	0.0397208265174	-0.0142503906989	0.00909439617353	-0.003009297758	-0.0301035739165	0.0455458911199	0.0283569138281	-0.0361311930633	-0.00264722554112	-0.0234554179838	0.0020443816511	-0.0311043115339	-0.0282786634818	0.0275723548883	-0.0555004036313
k__Bacteria;p__Actinobacteria;c__Actinobacteria;o__Bifidobacteriales;f__Bifidobacteriaceae;g__Bifidobacterium;s__Bifidobacterium_longum	-0.0463589925563	-0.000580894169927	-0.0274196084852	0.0323359150986	-0.0477679754315	0.026838461775	-0.022704894815	0.00933487205636	0.0383432796223	-0.000949230550146	0.00797593813242	-0.00792615312759	0.00107761239996	-0.00313836389129	0.0320659983487	-0.0433229140293	0.019216000746	0.0370066542025	0.00636866629198	0.0430754853116	0.0376897450439	-0.0378556208194	-0.0356031239209	-0.0368346725197	-0.0462535384251	0.0595485999345	-0.0179951132631	0.05127697843	-0.0247293785617	1.0	-0.0498546971888	0.0109253177571	0.00875049660067	-0.0162597853901	-0.0513623796849	-0.0526163564861	0.0549078403712	-0.0321999041315	-0.025822338831	-0.0507379988117	-0.00961957053971	0.0144346223537	-0.017751601979	-0.0238371790145	-0.0238759174303	-0.0203501437327	-0.0244697462989	0.0439252786046	-0.0252462440946	-0.00725317167642	0.00403173375776	0.0115441593512	0.000274133557416	0.0211320445601	0.00420980127591	-0.0305844751288	-0.0183406041884	-0.0101205489673	0.027243811116
