#taxonomy	k__Bacteria;p__Bacteroidetes;c__Bacteroidia;o__Bacteroidales;f__Bacteroidaceae;g__Bacteroides;s__Bacteroides_vulgatus	k__Bacteria;p__Bacteroidetes;c__Bacteroidia;o__Bacteroidales;f__Bacteroidaceae;g__Bacteroides;s__Bacteroides_uniformis	k__Bacteria;p__Bacteroidetes;c__Bacteroidia;o__Bacteroidales;f__Rikenellaceae;g__Alistipes;s__Alistipes_putredinis	k__Bacteria;p__Bacteroidetes;c__Bacteroidia;o__Bacteroidales;f__Prevotellaceae;g__Prevotella;s__Prevotella_copri	k__Bacteria;p__Bacteroidetes;c__Bacteroidia;o__Bacteroidales;f__Bacteroidaceae;g__Bacteroides;s__Bacteroides_stercoris	k__Bacteria;p__Bacteroidetes;c__Bacteroidia;o__Bacteroidales;f__Bacteroidaceae;g__Bacteroides;s__Bacteroides_ovatus	k__Bacteria;p__Bacteroidetes;c__Bacteroidia;o__Bacteroidales;f__Rikenellaceae;g__Alistipes;s__Alistipes_shahii	k__Bacteria;p__Firmicutes;c__Clostridia;o__Clostridiales;f__Ruminococcaceae;g__Faecalibacterium;s__Faecalibacterium_prausnitzii	k__Bacteria;p__Bacteroidetes;c__Bacteroidia;o__Bacteroidales;f__Rikenellaceae;g__Alistipes;s__Alistipes_finegoldii	k__Bacteria;p__Bacteroidetes;c__Bacteroidia;o__Bacteroidales;f__Porphyromonadaceae;g__Parabacteroides;s__Parabacteroides_distasonis	k__Bacteria;p__Bacteroidetes;c__Bacteroidia;o__Bacteroidales;f__Bacteroidaceae;g__Bacteroides;s__Bacteroides_thetaiotaomicron	k__Bacteria;p__Bacteroidetes;c__Bacteroidia;o__Bacteroidales;f__Bacteroidaceae;g__Bacteroides;s__Bacteroides_coprocola	k__Bacteria;p__Bacteroidetes;c__Bacteroidia;o__Bacteroidales;f__Bacteroidaceae;g__Bacteroides;s__Bacteroides_cellulosilyticus	k__Bacteria;p__Bacteroidetes;c__Bacteroidia;o__Bacteroidales;f__Rikenellaceae;g__Alistipes;s__Alistipes_obesi	k__Bacteria;p__Firmicutes;c__Clostridia;o__Clostridiales;f__Lachnospiraceae;g__;s__[Eubacterium]_rectale	k__Bacteria;p__Bacteroidetes;c__Bacteroidia;o__Bacteroidales;f__Bacteroidaceae;g__Bacteroides;s__Bacteroides_plebeius	k__Bacteria;p__Bacteroidetes;c__Bacteroidia;o__Bacteroidales;f__Bacteroidaceae;g__Bacteroides;s__Bacteroides_fragilis	k__Bacteria;p__Proteobacteria;c__Betaproteobacteria;o__Burkholderiales;f__Sutterellaceae;g__Sutterella;s__Sutterella_wadsworthensis	k__Bacteria;p__Bacteroidetes;c__Bacteroidia;o__Bacteroidales;f__Porphyromonadaceae;g__Barnesiella;s__Barnesiella_intestinihominis	k__Bacteria;p__Bacteroidetes;c__Bacteroidia;o__Bacteroidales;f__Odoribacteraceae;g__Odoribacter;s__Odoribacter_splanchnicus	k__Bacteria;p__Bacteroidetes;c__Bacteroidia;o__Bacteroidales;f__Bacteroidaceae;g__Bacteroides;s__Bacteroides_salyersiae	k__Bacteria;p__Firmicutes;c__Clostridia;o__Clostridiales;f__Ruminococcaceae;g__Ruminiclostridium;s__[Eubacterium]_siraeum	k__Bacteria;p__Proteobacteria;c__Betaproteobacteria;o__Burkholderiales;f__Sutterellaceae;g__Parasutterella;s__Parasutterella_excrementihominis	k__Bacteria;p__Actinobacteria;c__Actinobacteria;o__Bifidobacteriales;f__Bifidobacteriaceae;g__Bifidobacterium;s__Bifidobacterium_adolescentis	k__Bacteria;p__Firmicutes;c__Clostridia;o__Clostridiales;f__Oscillospiraceae;g__Oscillibacter;s__Oscillibacter_sp._KLE_1745	k__Bacteria;p__Bacteroidetes;c__Bacteroidia;o__Bacteroidales;f__Bacteroidaceae;g__Bacteroides;s__Bacteroides_coprophilus	k__Bacteria;p__Firmicutes;c__Clostridia;o__Clostridiales;f__Lachnospiraceae;g__Roseburia;s__Roseburia_intestinalis	k__Bacteria;p__Firmicutes;c__Clostridia;o__Clostridiales;f__Lachnospiraceae;g__Roseburia;s__Roseburia_hominis	k__Bacteria;p__Bacteroidetes;c__Bacteroidia;o__Bacteroidales;f__Porphyromonadaceae;g__Parabacteroides;s__Parabacteroides_johnsonii	k__Bacteria;p__Actinobacteria;c__Actinobacteria;o__Bifidobacteriales;f__Bifidobacteriaceae;g__Bifidobacterium;s__Bifidobacterium_longum	k__Bacteria;p__Firmicutes;c__Clostridia;o__Clostridiales;f__;g__Flavonifractor;s__Flavonifractor_plautii	k__Bacteria;p__Firmicutes;c__Clostridia;o__Clostridiales;f__Clostridiaceae;g__Clostridium;s__Clostridium_phoceensis	k__Bacteria;p__Verrucomicrobia;c__Verrucomicrobiae;o__Verrucomicrobiales;f__Akkermansiaceae;g__Akkermansia;s__Akkermansia_muciniphila	k__Bacteria;p__Bacteroidetes;c__Bacteroidia;o__Bacteroidales;f__Prevotellaceae;g__Paraprevotella;s__Paraprevotella_xylaniphila	k__Bacteria;p__Firmicutes;c__Clostridia;o__Clostridiales;f__Ruminococcaceae;g__Ruminococcus;s__Ruminococcus_callidus	k__Bacteria;p__Bacteroidetes;c__Bacteroidia;o__Bacteroidales;f__Rikenellaceae;g__Alistipes;s__Alistipes_senegalensis	k__Bacteria;p__Firmicutes;c__Clostridia;o__Clostridiales;f__Lachnospiraceae;g__Blautia;s__Blautia_sp._KLE_1732	k__Bacteria;p__Bacteroidetes;c__Bacteroidia;o__Bacteroidales;f__Bacteroidaceae;g__Bacteroides;s__Bacteroides_oleiciplenus	k__Bacteria;p__Firmicutes;c__Clostridia;o__Clostridiales;f__Ruminococcaceae;g__Ruminococcus;s__Ruminococcus_bicirculans	k__Bacteria;p__Bacteroidetes;c__Bacteroidia;o__Bacteroidales;f__Bacteroidaceae;g__Bacteroides;s__Bacteroides_fluxus	k__Bacteria;p__Bacteroidetes;c__Bacteroidia;o__Bacteroidales;f__Prevotellaceae;g__Prevotella;s__Prevotella_stercorea	k__Bacteria;p__Firmicutes;c__Clostridia;o__Clostridiales;f__Lachnospiraceae;g__Dorea;s__Dorea_longicatena	k__Bacteria;p__Firmicutes;c__Clostridia;o__Clostridiales;f__Eubacteriaceae;g__Eubacterium;s__[Eubacterium]_eligens	k__Bacteria;p__Firmicutes;c__Clostridia;o__Clostridiales;f__Ruminococcaceae;g__;s__Ruminococcaceae_bacterium_D16	k__Bacteria;p__Firmicutes;c__Clostridia;o__Clostridiales;f__Lachnospiraceae;g__Coprococcus;s__Coprococcus_comes	k__Bacteria;p__Proteobacteria;c__Gammaproteobacteria;o__Enterobacterales;f__Enterobacteriaceae;g__Escherichia;s__Escherichia_coli	k__Bacteria;p__Firmicutes;c__Clostridia;o__Clostridiales;f__Ruminococcaceae;g__Anaerotruncus;s__Anaerotruncus_colihominis	k__Bacteria;p__Firmicutes;c__Clostridia;o__Clostridiales;f__Lachnospiraceae;g__Blautia;s__Blautia_obeum	k__Bacteria;p__Bacteroidetes;c__Bacteroidia;o__Bacteroidales;f__Odoribacteraceae;g__Odoribacter;s__Odoribacter_laneus	k__Bacteria;p__Firmicutes;c__Clostridia;o__Clostridiales;f__Ruminococcaceae;g__Ruminiclostridium;s__[Clostridium]_leptum	k__Bacteria;p__Bacteroidetes;c__Bacteroidia;o__Bacteroidales;f__Porphyromonadaceae;g__Parabacteroides;s__Parabacteroides_goldsteinii	k__Bacteria;p__Firmicutes;c__Clostridia;o__Clostridiales;f__Lachnospiraceae;g__Anaerostipes;s__Anaerostipes_hadrus	k__Bacteria;p__Firmicutes;c__Clostridia;o__Clostridiales;f__Ruminococcaceae;g__Ruminococcus;s__Ruminococcus_lactaris	k__Bacteria;p__Firmicutes;c__Clostridia;o__Clostridiales;f__Clostridiaceae;g__Clostridium;s__Clostridium_sp._L2-50	k__Bacteria;p__Firmicutes;c__Clostridia;o__Clostridiales;f__Clostridiaceae;g__Clostridium;s__Clostridium_sp._M62/1	k__Bacteria;p__Firmicutes;c__Clostridia;o__Clostridiales;f__;g__Intestinimonas;s__Intestinimonas_butyriciproducens	k__Bacteria;p__Actinobacteria;c__Actinobacteria;o__Bifidobacteriales;f__Bifidobacteriaceae;g__Bifidobacterium;s__Bifidobacterium_bifidum	k__Bacteria;p__Firmicutes;c__Negativicutes;o__Veillonellales;f__Veillonellaceae;g__Dialister;s__Dialister_invisus	k__Bacteria;p__Bacteroidetes;c__Bacteroidia;o__Bacteroidales;f__Bacteroidaceae;g__Bacteroides;s__Bacteroides_salanitronis
k__Bacteria;p__Bacteroidetes;c__Bacteroidia;o__Bacteroidales;f__Bacteroidaceae;g__Bacteroides;s__Bacteroides_vulgatus	1.0	-0.0375499708891	-0.0341690912695	0.00258357749909	0.011169776638	0.0371803148867	0.0643578512669	-0.0638533885197	-0.0440419802624	-0.0315706984502	0.0384113074572	-0.0556720533652	-0.0143437540483	0.0231842702858	-0.0588112724905	-0.00359978436203	0.033844550763	-0.0341336957868	-0.000884218588649	-0.0194838170042	-0.00490874358708	-0.035837122807	-0.0522966120698	0.0364665734033	0.0201180737326	0.004524116269	0.0480508753627	-0.0315418668422	-0.0472054015457	-0.0502831318235	0.0101132522848	0.00226249113897	0.0198514219891	0.0231109933091	0.0374101635194	-0.0199004518514	-0.00651660974033	0.0216600178417	0.0225604715007	0.0334338996893	-0.0104208727172	0.0144324462356	-0.039832971311	-0.011348189297	-0.0444404895107	-0.0121742527906	-0.0598588158436	0.0265632767061	-0.0179813991034	0.0198087166645	-0.00763646329938	-0.0634030847508	0.00649578073251	0.0479332969602	0.0195633189128	-0.0109891439469	0.00872826230792	-0.00712397857666	-0.078517899905
k__Bacteria;p__Bacteroidetes;c__Bacteroidia;o__Bacteroidales;f__Bacteroidaceae;g__Bacteroides;s__Bacteroides_uniformis	-0.0375499708891	1.0	0.0694935549615	-0.0423796527154	0.00625071544478	-0.0482762077296	-0.0238687242905	0.00483998227543	-0.000353204457075	-0.0135884310459	-0.0573411941207	-0.0339602417297	0.0031466824988	0.00362335062309	-0.048896405115	-0.0282907739305	-0.0410484157546	0.0503449193992	0.0120282355721	-0.0205281761709	0.0249265824749	0.0270910550267	-0.00500673148941	-0.0340688830768	0.0391820676184	0.00502903253406	-0.00514535157242	0.00607505605772	-0.0596620103864	0.00390607186768	0.0285290632802	0.0238944572418	-0.0564680876135	-0.0232448821438	-0.00821990650459	0.0303975363564	0.00806708032399	-0.0344713663694	0.0144291711759	0.0175925507898	-0.0361378684183	0.000782634342694	-0.0504854961171	-0.0378888584998	-0.0185166834206	0.0233688862807	0.00850086874949	0.000611018638692	-0.00293649731412	-0.0337891123303	0.0339949896754	0.0426753683634	-0.0373235592236	-0.0177064597267	-0.0303542706683	0.0707951836806	0.0119084281098	-0.0770679089619	-0.0320957045515
k__Bacteria;p__Bacteroidetes;c__Bacteroidia;o__Bacteroidales;f__Rikenellaceae;g__Alistipes;s__Alistipes_putredinis	-0.0341690912695	0.0694935549615	1.0	-0.0514074056497	-0.00290638880001	0.00899321906418	-0.0529816900213	-0.0344897053204	-0.0314985323394	-0.0112165463806	-0.0255722354471	-0.00901123183845	-0.00214505466353	0.00537166154683	-0.0750564482992	0.0274658632292	0.0121544042606	0.0197192106683	-0.00794248062679	0.000188403850164	0.0107896623225	-0.0442312736593	0.00656322489308	-0.0304197050643	-0.0229784352454	0.0144452481346	0.00985283252598	0.0139371432542	0.00809054493689	0.0395011375485	0.0511170490329	-0.032427014115	-0.0303921893092	0.0112612876367	0.00281444620551	0.0258095907909	0.0192181970221	-0.00637452050161	-0.0232948619463	-0.0780700997922	-0.0365591332752	0.00198641665721	-0.0197037974838	-0.00700453698465	0.050243819311	-0.039975012417	-0.043595553768	0.0429916157572	0.00861222986667	-0.018678524738	-0.0160729245542	0.0226132636543	-0.00256554555561	-0.0487139428065	0.0369506968108	-0.042302907819	-0.00352012593225	-0.0175378380631	-0.00612390520069
k__Bacteria;p__Bacteroidetes;c__Bacteroidia;o__Bacteroidales;f__Prevotellaceae;g__Prevotella;s__Prevotella_copri	0.00258357749909	-0.0423796527154	-0.0514074056497	1.0	-0.0139932750686	0.00897159395486	0.0058561526155	-0.0332343327872	-0.0393207804759	0.001648801884	-0.00686438739512	-0.0623621421844	0.0594291596146	-0.00450410273478	0.0142335324683	0.0344635944564	-0.0363373989403	0.0303409259435	0.0179317067681	-0.0229138560868	0.0441811540654	-0.0273733306007	0.000353227061609	-0.00704024410636	0.00450402650972	0.0135969509413	0.00389612364859	-0.0456957618265	-0.0254045653309	-0.0277493790373	-0.0207364073007	0.0368918821269	0.0463053168642	0.00687300364939	0.00906147871071	0.0175570555441	-0.00399220385294	-0.00701159240617	0.00161373420805	0.0273462915032	-0.0365164244548	-0.0237810534146	-0.0129286114914	-0.0982221813918	-0.0024628671465	-0.00589106458942	0.0272729140947	0.00986329593007	-0.0456730527559	0.0197152727292	0.0246695636464	-0.0309548151489	0.00177418818625	-0.0203202554845	0.00665463052651	0.0563903376067	-0.0216748555282	0.0053727735382	-0.0159726370286
k__Bacteria;p__Bacteroidetes;c__Bacteroidia;o__Bacteroidales;f__Bacteroidaceae;g__Bacteroides;s__Bacteroides_stercoris	0.011169776638	0.00625071544478	-0.00290638880001	-0.0139932750686	1.0	-0.0527731119532	-0.0508124331576	-0.0442168682787	-0.0151745933747	0.0279075868338	-0.0637651945726	0.0232832584362	0.022940570611	-0.0346985327359	-0.0343409714498	0.0026113062322	0.0415121836814	-0.0173780108061	-0.000673774477215	0.0270555372339	-0.00477149028804	-0.019937526	0.0114739523813	-0.00438646083399	0.016759532207	-0.00847474546307	-0.00596467210325	-0.0574605864616	-0.00519468120933	-0.0466321401568	0.0144633937513	-0.00937318678849	0.0277316764982	-0.0122276450437	0.0113781815484	-0.027818994113	-0.0261821125482	0.0144603598705	-0.0160491726257	0.0506416668778	-0.021982617915	0.00389606992632	-0.0159700403049	-0.0068065122299	0.0237711755255	0.0262367842749	-0.0699839224264	-0.00589395465597	0.068382796959	-0.0341280100087	0.0263998192215	-0.0553731972463	-0.0245947348843	0.0110479999684	-0.0331568407671	-0.0277534288774	0.0206521604951	0.0241406160491	0.00216188219161
k__Bacteria;p__Bacteroidetes;c__Bacteroidia;o__Bacteroidales;f__Bacteroidaceae;g__Bacteroides;s__Bacteroides_ovatus	0.0371803148867	-0.0482762077296	0.00899321906418	0.00897159395486	-0.0527731119532	1.0	0.0315437016096	0.0251604954426	-0.0229533158417	-0.0221504028281	-0.0218548576335	0.0363268024081	-0.00284058159978	-0.0336430949532	-0.0333212432815	0.0792404157082	-0.0233579920571	0.0237537354556	-0.00981748221518	-0.0167412011502	-0.0178023471508	-0.0275692789538	-0.0222673906914	-0.0137251284524	-0.0126948019411	-0.00928922485223	-0.0304397060871	-0.0599244662429	0.0360575472445	0.0392691394615	-0.00741147531669	0.000701623867984	0.0146921345521	0.0133831459592	-0.0163270064281	0.0268388914502	-0.0167011893488	0.019278297476	-0.0198043827397	0.00449256558157	-0.0260624298586	-0.0373033749357	0.0108583783215	-0.00027554641528	-0.0588019445411	-0.00135503236642	-0.0373985964107	-0.0384176301992	-0.015458904766	0.0309810904158	0.0112325458953	-0.023048568333	0.0181202487431	0.0220173050231	-0.011946536484	0.000866476513028	-0.0706891187104	-0.00037352208559	-0.000253203434438
k__Bacteria;p__Bacteroidetes;c__Bacteroidia;o__Bacteroidales;f__Rikenellaceae;g__Alistipes;s__Alistipes_shahii	0.0643578512669	-0.0238687242905	-0.0529816900213	0.0058561526155	-0.0508124331576	0.0315437016096	1.0	-0.0372329851395	0.0128103794985	0.0223551059442	-0.00656027414257	0.0526021961138	0.0226768397601	-0.039872136644	0.014558944334	-0.00606960304281	-0.0271899183971	0.0582918772914	0.0377596677699	-0.0662926324008	-0.0492558042174	0.0231014610049	0.000484968043462	0.0113467296166	-0.0562913191381	-0.0448587584703	-0.0483523609151	-0.0204071167013	0.00189969734229	0.0183291383259	0.0571969371486	0.0186892156965	-0.00405856207642	-0.0100037804869	0.01956291687	-0.0380253706856	-0.00827831808004	-0.010943011635	-0.014313379766	-0.0633973844471	0.000475651141449	-0.019148187845	-0.0128957721784	-0.000265371009906	-0.0028297641784	0.0034334437966	-0.00623908365664	0.0195952036279	-0.00862014697274	0.0458533445475	0.0122047476879	0.00983505881543	-0.0559711260872	0.00532952830004	0.0343720164866	-0.0408453883275	-0.0134371673854	-0.0102260033216	-0.00445880251326
k__Bacteria;p__Firmicutes;c__Clostridia;o__Clostridiales;f__Ruminococcaceae;g__Faecalibacterium;s__Faecalibacterium_prausnitzii	-0.0638533885197	0.00483998227543	-0.0344897053204	-0.0332343327872	-0.0442168682787	0.0251604954426	-0.0372329851395	1.0	0.00146215186067	0.00128014629671	-0.00195614984495	0.00839539002395	-0.0556388359396	-0.0234374932802	-0.0411201296333	0.0215837923318	0.00462648315094	-0.0404568386504	-0.0399591307727	-0.0546819856824	0.00343056443118	-0.0414007653617	0.0171977161167	-0.0184108190542	0.00391934674452	-0.0193097496495	-0.0465498851077	-0.0147221190922	0.0256313862364	-0.0295728292707	0.0740097818314	-0.0107606005146	0.0316082499121	-0.0460855415656	-0.0171236332148	-0.0638911994486	0.0168343294402	-0.0444741604279	-0.0468296612603	-0.0373766300193	-0.0142812861605	-0.0121687183083	0.00755299781913	-0.0189566025736	0.0657344073885	0.00757191246324	-0.0133039815837	-0.0171854130288	-0.00874247667183	0.0166065509124	-0.0773167749013	0.0357750892846	0.0179888210833	0.0213933378588	-0.0333565461879	0.0409016752598	0.0210801511651	-0.0160888345945	-0.0232229867466
k__Bacteria;p__Bacteroidetes;c__Bacteroidia;o__Bacteroidales;f__Rikenellaceae;g__Alistipes;s__Alistipes_finegoldii	-0.0440419802624	-0.000353204457075	-0.0314985323394	-0.0393207804759	-0.0151745933747	-0.0229533158417	0.0128103794985	0.00146215186067	1.0	0.00987263559064	0.0130974795109	0.0170072286329	-0.0232781407609	-0.0286983610075	-0.0419643557898	0.00308146761984	-0.0277634099444	-0.0108259496026	0.00838954358064	-0.040165343882	0.00968772547164	-0.0182532683343	0.0286210001466	0.0486040680662	0.00400973451509	-1.78272312597e-06	-0.0345765700363	-0.00167862579772	0.00950678269905	0.0225868872188	-0.0269052884931	0.00999973895687	-0.00811146974894	0.0102548324527	0.0351087060937	-0.032788039548	-0.0649831480674	0.00904853518152	-0.000348621490318	-0.0194869118069	-0.0130629333947	0.0179154253027	0.0281351608656	0.0281010852546	0.0024935564707	0.00820218718201	-0.0312683856609	-0.00876158839305	-0.0362550403635	-0.0360999226542	0.00432479044998	0.00665715249128	-0.00258397985559	0.0225021372679	-0.0701926346443	-0.0187622070046	-0.0132295695429	0.046555157941	0.0625582102435
k__Bacteria;p__Bacteroidetes;c__Bacteroidia;o__Bacteroidales;f__Porphyromonadaceae;g__Parabacteroides;s__Parabacteroides_distasonis	-0.0315706984502	-0.0135884310459	-0.0112165463806	0.001648801884	0.0279075868338	-0.0221504028281	0.0223551059442	0.00128014629671	0.00987263559064	1.0	-0.0125007279394	0.0226332814547	-0.0304694886512	-0.0579501033734	0.0152190911373	-0.00130197359471	-0.0341839516411	-0.0168954612929	0.0513386830545	-0.0313158998237	-0.00380596372696	0.0126250369559	0.0497002601803	-0.0320525888384	-0.0420991131416	-0.0267986438559	0.00516855197708	-0.0445897885685	0.00258865050694	-0.0179373794185	0.0323688653322	0.0655716508804	-0.0387733701447	-0.0330967627068	-0.0122089967769	0.0226826253107	0.00240321327355	-0.0307054815477	-0.0177367638844	0.0460986703044	-0.0161215509044	0.0186828815242	-0.00727787156808	-0.0118414997218	-0.0328409849222	-0.0319912271025	-0.0645665332703	-0.0396414417496	0.0261275788368	-0.0167096406148	-0.0704362756898	-0.0187845451564	-0.0309999705498	0.0320280278564	-0.026318373073	0.0378457001365	0.0136192609188	-0.0251238307851	-0.0199090379281
k__Bacteria;p__Bacteroidetes;c__Bacteroidia;o__Bacteroidales;f__Bacteroidaceae;g__Bacteroides;s__Bacteroides_thetaiotaomicron	0.0384113074572	-0.0573411941207	-0.0255722354471	-0.00686438739512	-0.0637651945726	-0.0218548576335	-0.00656027414257	-0.00195614984495	0.0130974795109	-0.0125007279394	1.0	-0.00760123902334	0.00177062697645	0.0026681544757	-0.0506751451898	0.0304789629698	-0.0247668233968	0.00785240123774	0.0200322906375	0.0159017566755	-0.0330635899816	-0.0211913790827	-0.0455314167535	0.00509405501952	0.0067109383138	-0.014430299814	-0.0386099236634	-0.0462749768039	-0.0300596090826	8.9577365376e-05	0.0451272190079	-0.0262192620187	-0.0565776134386	-0.000178917901922	-0.0273551518419	-0.035205707167	0.0819279341938	-0.00637776718229	-0.0160225093365	-0.0132276804112	-0.0175448259567	0.0160414356325	0.00959417381997	0.00909165294077	0.0196682150712	-0.00788631211275	-0.0637840187537	0.0425858055184	-0.0393025603212	0.0543072829028	-0.0252034929953	0.0118481992945	0.026023378105	0.0366754461872	0.0216491364324	-0.0421538550522	-0.0487420784996	-0.00253023421278	-0.0465698979434
k__Bacteria;p__Bacteroidetes;c__Bacteroidia;o__Bacteroidales;f__Bacteroidaceae;g__Bacteroides;s__Bacteroides_coprocola	-0.0556720533652	-0.0339602417297	-0.00901123183845	-0.0623621421844	0.0232832584362	0.0363268024081	0.0526021961138	0.00839539002395	0.0170072286329	0.0226332814547	-0.00760123902334	1.0	-0.032638010545	-0.00312241144148	0.0251727727151	0.0417294927704	-0.0198624707143	-0.00890845320974	-0.0457740225947	-0.0285649741309	-0.0252588299195	0.0119938162504	-0.010997618329	0.0506040299381	-0.00125220484738	-0.00183503334748	0.00899434275485	0.0183038430054	0.0146528748233	0.00211810005546	0.011099252379	-0.0301936388538	-0.0572676348786	-0.0676006960146	0.0574112653062	-0.00510037302008	-0.034832797972	-0.0126555407264	-0.0235006109493	0.0191799458708	0.0199689031368	-0.00417617994782	0.0155766266559	0.029115553688	-0.0479992534027	0.00884291355168	-0.0157899851661	-0.0285836953621	0.0163427267714	-0.0367776954462	0.0244452156562	0.0446201612449	0.0210555325892	-0.0289359193281	-0.0164931904398	-0.0675706150677	-0.0234366208593	-0.0248660107812	0.0134139082306
k__Bacteria;p__Bacteroidetes;c__Bacteroidia;o__Bacteroidales;f__Bacteroidaceae;g__Bacteroides;s__Bacteroides_cellulosilyticus	-0.0143437540483	0.0031466824988	-0.00214505466353	0.0594291596146	0.022940570611	-0.00284058159978	0.0226768397601	-0.0556388359396	-0.0232781407609	-0.0304694886512	0.00177062697645	-0.032638010545	1.0	-0.0296495053011	0.0108936032979	0.0199352242476	-0.0405935824878	-0.0463852720009	0.0294193224751	0.0236366412834	-0.0447923115006	-0.068626043541	0.00890229540447	0.0364993323136	0.0136980611969	-0.0128431544802	-0.0379887902987	-0.0572883476745	0.00306045440299	0.0202870245807	-0.0574785943778	-0.0117078222253	-0.00128742213103	-0.00755159275967	-0.0276203568651	-0.0638857051086	-0.00857370368172	-0.0344414465594	-0.0117657307858	-0.0926270574098	-0.033525157766	0.0232888100924	-0.0226273423541	-0.00753849019896	0.0519956832004	0.0553207717478	-0.0334553289658	-0.00197102055185	0.0429587135316	-0.0250166242049	0.0572209994133	0.00289019499244	0.0294327016271	-0.0210743799358	-0.0189299243199	-0.0490241149056	-0.00565390215273	-0.00728253154715	-0.0574825271629
k__Bacteria;p__Bacteroidetes;c__Bacteroidia;o__Bacteroidales;f__Rikenellaceae;g__Alistipes;s__Alistipes_obesi	0.0231842702858	0.00362335062309	0.00537166154683	-0.00450410273478	-0.0346985327359	-0.0336430949532	-0.039872136644	-0.0234374932802	-0.0286983610075	-0.0579501033734	0.0026681544757	-0.00312241144148	-0.0296495053011	1.0	0.0436374908105	-0.0652497451955	-0.000279962946124	-0.051059940717	-0.0405397961931	0.0561026822536	-0.0412344098415	-0.0619274388269	0.00442538752557	0.00636812607447	0.00458466154847	0.0310134475363	0.0106848366366	0.0101596457928	-0.0341334081879	-0.0141667783134	0.0156131300779	0.0172437250454	-0.0298991633714	-0.0282824328934	0.0454030551074	0.0171357495919	0.0172965874571	0.0390895984909	0.00621876841158	0.0163300973259	0.0140005377677	0.00232613684614	-0.0197910074381	-0.0095863186824	-0.0115946753627	0.0207574295934	-0.0227287867365	-0.0628260485381	-0.00209454909531	-0.0322527357861	0.0318113303912	-0.0315582979634	-0.0469384109375	-0.0694223175867	-0.016477017853	-0.0470623153525	-0.0280203016518	-0.00100285884813	0.029603509111
k__Bacteria;p__Firmicutes;c__Clostridia;o__Clostridiales;f__Lachnospiraceae;g__;s__[Eubacterium]_rectale	-0.0588112724905	-0.048896405115	-0.0750564482992	0.0142335324683	-0.0343409714498	-0.0333212432815	0.014558944334	-0.0411201296333	-0.0419643557898	0.0152190911373	-0.0506751451898	0.0251727727151	0.0108936032979	0.0436374908105	1.0	-0.0347273637873	-0.0747063800381	0.00352942601363	-0.0578235994013	0.00270969868074	-0.0187310645383	0.00742336947914	-0.0574036215213	0.0516967484133	0.0598135620474	0.018303861374	-0.00253894037811	-0.030096446239	-0.0301859160784	0.0237353240827	-0.0233829571466	0.00709898917462	0.0544751748661	-0.044363388033	-0.0102615939213	0.00221566526313	-0.0318063541676	-0.0388615872564	0.0491559914851	-0.024691848206	0.00261394910957	0.0333216616482	0.0336338898727	-0.0348484334272	-0.0249587451709	-0.0341816248425	0.030457311961	-0.0462146181462	-0.00791542477516	-0.0151692005139	-0.0116228599619	0.0640262046299	0.00457786732487	-0.0463204025658	0.00141332222797	-0.00894027863363	-0.0309079905862	0.00223591358244	-0.0172668766886
k__Bacteria;p__Bacteroidetes;c__Bacteroidia;o__Bacteroidales;f__Bacteroidaceae;g__Bacteroides;s__Bacteroides_plebeius	-0.00359978436203	-0.0282907739305	0.0274658632292	0.0344635944564	0.0026113062322	0.0792404157082	-0.00606960304281	0.0215837923318	0.00308146761984	-0.00130197359471	0.0304789629698	0.0417294927704	0.0199352242476	-0.0652497451955	-0.0347273637873	1.0	0.00971953341289	0.0130592510536	0.0216887455008	-0.00502100632457	-0.0146175473235	-0.0269525020937	-0.0474022284795	0.0110606127442	-0.0397821935209	0.0236346274834	-0.0415879465025	0.0354658740832	0.0298027672199	0.00288436419565	-0.0268863553207	-0.0442817083544	-0.0262262187058	0.0229530184451	0.00742664869395	-0.0178545166784	-0.0307920436249	-0.00953860164952	-0.0442299360964	-0.00588398762232	0.0482144826189	0.0380086578113	-0.0328262614445	-0.00550548643106	0.0204157139774	0.0571799042641	-0.0241605365828	0.00213851049197	-0.0200325710052	-0.0298945983448	-0.0183387986974	0.0392436169436	-0.00342173556536	0.00907280684546	0.0148769639271	-0.0144648328842	-0.0115515266123	0.00313665802797	0.0305682259566
k__Bacteria;p__Bacteroidetes;c__Bacteroidia;o__Bacteroidales;f__Bacteroidaceae;g__Bacteroides;s__Bacteroides_fragilis	0.033844550763	-0.0410484157546	0.0121544042606	-0.0363373989403	0.0415121836814	-0.0233579920571	-0.0271899183971	0.00462648315094	-0.0277634099444	-0.0341839516411	-0.0247668233968	-0.0198624707143	-0.0405935824878	-0.000279962946124	-0.0747063800381	0.00971953341289	1.0	0.0427183638151	0.0128743310407	-0.00435265577075	-0.0375875284847	0.0575054318844	-0.0473214973134	-0.026717174372	-0.0273153247086	0.0467864036949	-0.0218085095007	0.0240828601355	0.00981770641919	-0.000377519519862	0.0461216742274	-0.00100123024878	-0.0201150304842	0.0042451136234	-0.04385641501	-0.00431247919642	-0.0395872199838	-0.0422046455465	-0.0640528658133	-0.0165482367928	-0.0276751192953	-0.0316017531938	-0.0107637402895	-0.0136928319028	0.087134316977	0.0423263789891	0.0202883864407	-0.0386020618786	-0.0218627475458	-0.0398736235784	0.0155264791931	-0.00123764206279	0.00780124536301	0.0147239731395	-0.0136595544819	0.0782537235066	-0.00489480037765	-0.0606241349027	-0.0200980932453
k__Bacteria;p__Proteobacteria;c__Betaproteobacteria;o__Burkholderiales;f__Sutterellaceae;g__Sutterella;s__Sutterella_wadsworthensis	-0.0341336957868	0.0503449193992	0.0197192106683	0.0303409259435	-0.0173780108061	0.0237537354556	0.0582918772914	-0.0404568386504	-0.0108259496026	-0.0168954612929	0.00785240123774	-0.00890845320974	-0.0463852720009	-0.051059940717	0.00352942601363	0.0130592510536	0.0427183638151	1.0	-0.0083377340767	-0.0937575492774	-0.00892147625377	-0.0068171509332	-0.0077419109743	-0.0209357243151	0.0160910715716	-0.0540835030767	0.00340158804318	-0.0253132741268	-0.00797067937347	0.038270148791	0.00131211444395	-0.00375122289931	-0.0012184150942	-0.00960066472183	-0.0253950146284	0.0280377166657	0.0101020983605	0.0183053218401	0.0602456047286	0.0109355038492	0.0449840652666	0.0236633945513	0.0246416238523	0.00686502231804	-0.0149646670918	-0.0547375613615	0.00453486304657	-0.00315895028372	-0.0598821209496	-0.0441192658719	0.00726169225158	0.0143939164572	-0.0280461215892	0.0355917091745	-0.0605968021599	0.0560949441112	-0.038012431071	-0.0324884715269	-0.0400150398294
k__Bacteria;p__Bacteroidetes;c__Bacteroidia;o__Bacteroidales;f__Porphyromonadaceae;g__Barnesiella;s__Barnesiella_intestinihominis	-0.000884218588649	0.0120282355721	-0.00794248062679	0.0179317067681	-0.000673774477215	-0.00981748221518	0.0377596677699	-0.0399591307727	0.00838954358064	0.0513386830545	0.0200322906375	-0.0457740225947	0.0294193224751	-0.0405397961931	-0.0578235994013	0.0216887455008	0.0128743310407	-0.0083377340767	1.0	-0.0117572027043	0.0822100268287	-0.0342897500692	-0.0621077483632	-0.0181495527774	-0.0312913468987	-0.0431078447265	0.00136661743201	0.0208484639296	-0.0422870418607	-0.0163320241909	0.0336667197931	0.0359597790216	-0.0444980476839	-0.00949992287276	0.0138306941806	0.00121392349374	-0.041461027018	0.0292806658459	-0.0119752180943	0.0434887980794	-0.00810599660413	-0.00359132702822	-0.00402979843542	-0.0344432702806	0.00257663059081	-0.0387988516009	-0.0395401960586	0.0472555456605	0.012921964799	-0.02107411204	-0.0104384073817	-4.81700257469e-05	0.0325516177986	0.026352816855	-0.0491239722225	0.00873870156104	-0.0346915630008	-0.0450785956642	-0.0586277862911
k__Bacteria;p__Bacteroidetes;c__Bacteroidia;o__Bacteroidales;f__Odoribacteraceae;g__Odoribacter;s__Odoribacter_splanchnicus	-0.0194838170042	-0.0205281761709	0.000188403850164	-0.0229138560868	0.0270555372339	-0.0167412011502	-0.0662926324008	-0.0546819856824	-0.040165343882	-0.0313158998237	0.0159017566755	-0.0285649741309	0.0236366412834	0.0561026822536	0.00270969868074	-0.00502100632457	-0.00435265577075	-0.0937575492774	-0.0117572027043	1.0	0.0239114964271	0.0207611190216	-0.000601398932826	-0.0353584928154	0.0298829751847	-0.0207229599345	0.0114569864587	0.014256156162	0.0329764698575	-0.0404321134403	0.0137474366781	0.00362210237424	0.00960892251849	-0.0627991208452	-0.0516632731942	-0.0442336156735	0.00187326367042	0.00538231513544	0.00931714532185	-0.0218815333652	-0.032922283934	0.00830548603089	-0.00108344418321	0.0166504827125	0.0250168842399	-0.00367747330931	-0.0348511251793	0.0497982915948	0.0046964511819	-0.00663652647767	0.01121102654	0.017051470152	0.00154633861805	-0.039063045862	-0.0430990204785	0.0225274668955	0.00723938317202	-0.0235105377336	0.047489181488
k__Bacteria;p__Bacteroidetes;c__Bacteroidia;o__Bacteroidales;f__Bacteroidaceae;g__Bacteroides;s__Bacteroides_salyersiae	-0.00490874358708	0.0249265824749	0.0107896623225	0.0441811540654	-0.00477149028804	-0.0178023471508	-0.0492558042174	0.00343056443118	0.00968772547164	-0.00380596372696	-0.0330635899816	-0.0252588299195	-0.0447923115006	-0.0412344098415	-0.0187310645383	-0.0146175473235	-0.0375875284847	-0.00892147625377	0.0822100268287	0.0239114964271	1.0	-0.00694162401817	-0.015215177566	-0.0440313596412	0.0255720254224	0.0159853385637	0.0180101333187	0.00861441791321	0.0216706480212	0.0517105370798	0.00523763205317	-0.016976861438	0.0588168116068	-0.0133063082398	0.0429159801364	-0.00760287693242	-0.0620925486902	-0.021270486992	0.0348448181276	-0.0256298261672	-0.065691077967	-0.0097206117256	-0.0477595409588	0.00846566507093	-0.0201376704314	-0.0451940602932	0.0434869281475	-0.00912049438748	-0.0108373991599	0.027301961438	-0.00808956275325	0.0182841490536	0.0138815788026	-0.00700052417452	-0.0140991064408	-0.0420378405925	0.00216307157726	0.0468998018115	0.0213663581548
k__Bacteria;p__Firmicutes;c__Clostridia;o__Clostridiales;f__Ruminococcaceae;g__Ruminiclostridium;s__[Eubacterium]_siraeum	-0.035837122807	0.0270910550267	-0.0442312736593	-0.0273733306007	-0.019937526	-0.0275692789538	0.0231014610049	-0.0414007653617	-0.0182532683343	0.0126250369559	-0.0211913790827	0.0119938162504	-0.068626043541	-0.0619274388269	0.00742336947914	-0.0269525020937	0.0575054318844	-0.0068171509332	-0.0342897500692	0.0207611190216	-0.00694162401817	1.0	-0.00179461584299	-0.0259803771042	0.0354124285217	-0.0240398803439	-0.0221021052965	-0.0192344181851	-0.0111299351802	-0.0355416049671	0.025734587141	0.01362649869	-0.0245883437888	-0.0058032910526	0.00383874955473	0.0297345757258	-0.0136709636702	-0.0205017215267	0.0279206658096	-0.0347543373654	-0.0467648618053	-0.0528295209001	-0.00190561443734	-0.0616325484249	0.0009440395692	0.0550957849259	-0.0525774389391	0.00938277571879	-0.0595283573997	-0.0131220799663	0.00896347366604	0.00623392561073	0.101881146994	0.00667522884555	0.0469762279822	-0.00790255489714	-0.00805135711722	-0.06966951146	-0.0347368460812
k__Bacteria;p__Proteobacteria;c__Betaproteobacteria;o__Burkholderiales;f__Sutterellaceae;g__Parasutterella;s__Parasutterella_excrementihominis	-0.0522966120698	-0.00500673148941	0.00656322489308	0.000353227061609	0.0114739523813	-0.0222673906914	0.000484968043462	0.0171977161167	0.0286210001466	0.0497002601803	-0.0455314167535	-0.010997618329	0.00890229540447	0.00442538752557	-0.0574036215213	-0.0474022284795	-0.0473214973134	-0.0077419109743	-0.0621077483632	-0.000601398932826	-0.015215177566	-0.00179461584299	1.0	0.0557289500604	-0.00680465962184	0.0352660928153	0.0641886714356	0.00862665669006	-0.00636167322471	-0.0490834972552	-0.0344182405409	0.00272849947857	0.0179492331249	-0.0021307748303	0.00149319313684	-0.0501844108655	0.0472441570829	-0.0364884618778	-0.0686021369452	-0.0401379749631	0.0135900806384	-0.0287068194041	0.0229575644424	-0.0096760881633	-0.00244242624995	0.0537077913944	0.0253921050557	-0.0102091076294	0.0290637314191	0.00590865486743	0.00734381964349	-0.0148767890002	-0.0464670520275	-0.0447857313914	-0.0292923646951	-0.0210628717189	-0.0517895312082	-0.0437690793782	-0.0191551221409
k__Bacteria;p__Actinobacteria;c__Actinobacteria;o__Bifidobacteriales;f__Bifidobacteriaceae;g__Bifidobacterium;s__Bifidobacterium_adolescentis	0.0364665734033	-0.0340688830768	-0.0304197050643	-0.00704024410636	-0.00438646083399	-0.0137251284524	0.0113467296166	-0.0184108190542	0.0486040680662	-0.0320525888384	0.00509405501952	0.0506040299381	0.0364993323136	0.00636812607447	0.0516967484133	0.0110606127442	-0.026717174372	-0.0209357243151	-0.0181495527774	-0.0353584928154	-0.0440313596412	-0.0259803771042	0.0557289500604	1.0	-0.0261340355534	-0.0318852994233	-0.0256830237075	-0.0160730096959	0.042710368559	-0.0770951954548	0.0580850345177	-0.0351331344927	-0.00274801221721	0.0265343009423	-0.00870960464116	0.0341914353566	-0.0387029280374	-0.0510078412988	-0.00953431026702	0.0309997691298	-0.0121856320604	0.0153688427721	-0.0529431389041	-0.00777098299603	-0.0428956992697	-0.0553455254165	0.00804890247446	0.00986512324884	0.00422651095068	-0.0375929985	-0.0342814674418	-0.0264467465638	0.0601527589765	-0.0390211229251	0.017857221938	-0.0555990018893	-0.0204303243656	-0.027735431056	0.00547286567336
k__Bacteria;p__Firmicutes;c__Clostridia;o__Clostridiales;f__Oscillospiraceae;g__Oscillibacter;s__Oscillibacter_sp._KLE_1745	0.0201180737326	0.0391820676184	-0.0229784352454	0.00450402650972	0.016759532207	-0.0126948019411	-0.0562913191381	0.00391934674452	0.00400973451509	-0.0420991131416	0.0067109383138	-0.00125220484738	0.0136980611969	0.00458466154847	0.0598135620474	-0.0397821935209	-0.0273153247086	0.0160910715716	-0.0312913468987	0.0298829751847	0.0255720254224	0.0354124285217	-0.00680465962184	-0.0261340355534	1.0	0.0265729722092	0.00277539750199	-0.0108700075681	-0.0207064570245	-0.0388527503835	-0.0543858991757	0.0236823228637	-0.0113151944592	0.0534137726861	0.0228339163386	0.0308186419029	0.0039292181439	-0.0412985878564	-0.0167068578175	0.00394864692242	-0.0155086533123	-0.0647094792733	0.00950794918301	-0.00147916709963	-0.0367931451175	-0.0264761150693	0.0134790345977	-0.0323348334078	-0.0343321233976	-0.0267365781166	-0.0697595585742	0.016685858825	-0.0041285439847	-0.0562735788855	0.00786904841915	0.0481506317028	-0.0262659919789	-0.0260716076905	0.0118807631972
k__Bacteria;p__Bacteroidetes;c__Bacteroidia;o__Bacteroidales;f__Bacteroidaceae;g__Bacteroides;s__Bacteroides_coprophilus	0.004524116269	0.00502903253406	0.0144452481346	0.0135969509413	-0.00847474546307	-0.00928922485223	-0.0448587584703	-0.0193097496495	-1.78272312597e-06	-0.0267986438559	-0.014430299814	-0.00183503334748	-0.0128431544802	0.0310134475363	0.018303861374	0.0236346274834	0.0467864036949	-0.0540835030767	-0.0431078447265	-0.0207229599345	0.0159853385637	-0.0240398803439	0.0352660928153	-0.0318852994233	0.0265729722092	1.0	-0.0332671240947	0.0394509220848	0.0577904812146	-0.00708235084473	-0.0619682594879	-0.0265437539965	0.00331234047774	0.0588505356374	-0.0486578507018	-0.0556089221735	-0.00946571894215	-0.0122985531507	0.0322375933993	-0.0027786556105	0.00781763170825	0.000482068933212	-0.0153671318837	-0.0159830469521	-0.0404212618166	-0.00855190738637	0.00577068443646	-0.048808210236	-0.00918786472719	0.0439661221991	0.0112243738124	0.0351175998038	-0.0425505886226	-0.0669598119443	-0.00149400334491	0.00855685083322	0.0603723788196	-0.0256436969544	-0.0195435080261
k__Bacteria;p__Firmicutes;c__Clostridia;o__Clostridiales;f__Lachnospiraceae;g__Roseburia;s__Roseburia_intestinalis	0.0480508753627	-0.00514535157242	0.00985283252598	0.00389612364859	-0.00596467210325	-0.0304397060871	-0.0483523609151	-0.0465498851077	-0.0345765700363	0.00516855197708	-0.0386099236634	0.00899434275485	-0.0379887902987	0.0106848366366	-0.00253894037811	-0.0415879465025	-0.0218085095007	0.00340158804318	0.00136661743201	0.0114569864587	0.0180101333187	-0.0221021052965	0.0641886714356	-0.0256830237075	0.00277539750199	-0.0332671240947	1.0	0.0299341105768	-0.0528287217361	-0.0253194963094	-0.0134454817863	-0.0522856958976	0.00235781676811	0.0191509543735	-0.0361194355802	0.00961556054101	-0.0228400261657	0.0252003635916	-0.04430901853	-0.0218845291702	-0.0501879134719	-0.00450948519869	-0.0502966830749	0.0106174596468	-0.0184876086302	-0.0131781203488	0.0242452353484	-0.0185895960155	-0.025546804058	-0.0755467341326	0.000829423555619	-0.0332545292106	-0.051198113804	0.0448234178704	-0.0293437496461	0.0164417957841	0.011016252983	-0.0263715016243	0.0463058075686
k__Bacteria;p__Firmicutes;c__Clostridia;o__Clostridiales;f__Lachnospiraceae;g__Roseburia;s__Roseburia_hominis	-0.0315418668422	0.00607505605772	0.0139371432542	-0.0456957618265	-0.0574605864616	-0.0599244662429	-0.0204071167013	-0.0147221190922	-0.00167862579772	-0.0445897885685	-0.0462749768039	0.0183038430054	-0.0572883476745	0.0101596457928	-0.030096446239	0.0354658740832	0.0240828601355	-0.0253132741268	0.0208484639296	0.014256156162	0.00861441791321	-0.0192344181851	0.00862665669006	-0.0160730096959	-0.0108700075681	0.0394509220848	0.0299341105768	1.0	-0.00339567709732	0.0151776673911	-0.0355930328782	-0.0101276789647	-0.059894257769	0.038888654218	-0.00986903998796	-0.0277239350672	-0.00018894185341	0.0290320200897	0.00298453771299	-0.0437618677995	0.00839216530301	0.0125054951785	-0.0484577453446	0.0277478921371	0.00733014129941	0.00734040852824	0.0222227644139	0.0602420202676	-0.000102355800677	-0.00406553658893	0.00536080223017	-0.014053388932	-0.0731615137602	0.0296999407778	0.0107196548403	0.00294130331815	0.0703379112418	-0.0361522427748	0.0366214658458
k__Bacteria;p__Bacteroidetes;c__Bacteroidia;o__Bacteroidales;f__Porphyromonadaceae;g__Parabacteroides;s__Parabacteroides_johnsonii	-0.0472054015457	-0.0596620103864	0.00809054493689	-0.0254045653309	-0.00519468120933	0.0360575472445	0.00189969734229	0.0256313862364	0.00950678269905	0.00258865050694	-0.0300596090826	0.0146528748233	0.00306045440299	-0.0341334081879	-0.0301859160784	0.0298027672199	0.00981770641919	-0.00797067937347	-0.0422870418607	0.0329764698575	0.0216706480212	-0.0111299351802	-0.00636167322471	0.042710368559	-0.0207064570245	0.0577904812146	-0.0528287217361	-0.00339567709732	1.0	-0.0544347975525	0.0215346956487	0.0235407270075	-0.0556994870721	-0.00631172287149	-0.0405097789516	0.0376152496964	0.00609672533471	-0.0322849544306	-0.0717112618492	-0.0403021827939	0.0261879406633	0.0064834818596	-0.0667692566344	-0.0335982393065	0.0031750318137	-0.0356641316546	-0.00175955809579	-0.00424458615716	0.0300466103141	0.0113774712375	-0.00758870229305	-0.0597091697296	0.0318547653831	0.0255991538456	0.0228229707244	-0.0090562898659	-0.00759236155782	-0.0261036560861	0.0866070698694
