#taxonomy	k__Bacteria;p__Bacteroidetes;c__Bacteroidia;o__Bacteroidales;f__Bacteroidaceae;g__Bacteroides;s__Bacteroides_vulgatus	k__Bacteria;p__Bacteroidetes;c__Bacteroidia;o__Bacteroidales;f__Bacteroidaceae;g__Bacteroides;s__Bacteroides_uniformis	k__Bacteria;p__Bacteroidetes;c__Bacteroidia;o__Bacteroidales;f__Rikenellaceae;g__Alistipes;s__Alistipes_putredinis	k__Bacteria;p__Bacteroidetes;c__Bacteroidia;o__Bacteroidales;f__Prevotellaceae;g__Prevotella;s__Prevotella_copri	k__Bacteria;p__Bacteroidetes;c__Bacteroidia;o__Bacteroidales;f__Bacteroidaceae;g__Bacteroides;s__Bacteroides_stercoris	k__Bacteria;p__Bacteroidetes;c__Bacteroidia;o__Bacteroidales;f__Bacteroidaceae;g__Bacteroides;s__Bacteroides_ovatus	k__Bacteria;p__Bacteroidetes;c__Bacteroidia;o__Bacteroidales;f__Rikenellaceae;g__Alistipes;s__Alistipes_shahii	k__Bacteria;p__Firmicutes;c__Clostridia;o__Clostridiales;f__Ruminococcaceae;g__Faecalibacterium;s__Faecalibacterium_prausnitzii	k__Bacteria;p__Bacteroidetes;c__Bacteroidia;o__Bacteroidales;f__Rikenellaceae;g__Alistipes;s__Alistipes_finegoldii	k__Bacteria;p__Bacteroidetes;c__Bacteroidia;o__Bacteroidales;f__Porphyromonadaceae;g__Parabacteroides;s__Parabacteroides_distasonis	k__Bacteria;p__Bacteroidetes;c__Bacteroidia;o__Bacteroidales;f__Bacteroidaceae;g__Bacteroides;s__Bacteroides_thetaiotaomicron	k__Bacteria;p__Bacteroidetes;c__Bacteroidia;o__Bacteroidales;f__Bacteroidaceae;g__Bacteroides;s__Bacteroides_coprocola	k__Bacteria;p__Bacteroidetes;c__Bacteroidia;o__Bacteroidales;f__Bacteroidaceae;g__Bacteroides;s__Bacteroides_cellulosilyticus	k__Bacteria;p__Bacteroidetes;c__Bacteroidia;o__Bacteroidales;f__Rikenellaceae;g__Alistipes;s__Alistipes_obesi	k__Bacteria;p__Firmicutes;c__Clostridia;o__Clostridiales;f__Lachnospiraceae;g__;s__[Eubacterium]_rectale	k__Bacteria;p__Bacteroidetes;c__Bacteroidia;o__Bacteroidales;f__Bacteroidaceae;g__Bacteroides;s__Bacteroides_plebeius	k__Bacteria;p__Bacteroidetes;c__Bacteroidia;o__Bacteroidales;f__Bacteroidaceae;g__Bacteroides;s__Bacteroides_fragilis	k__Bacteria;p__Proteobacteria;c__Betaproteobacteria;o__Burkholderiales;f__Sutterellaceae;g__Sutterella;s__Sutterella_wadsworthensis	k__Bacteria;p__Bacteroidetes;c__Bacteroidia;o__Bacteroidales;f__Porphyromonadaceae;g__Barnesiella;s__Barnesiella_intestinihominis	k__Bacteria;p__Bacteroidetes;c__Bacteroidia;o__Bacteroidales;f__Odoribacteraceae;g__Odoribacter;s__Odoribacter_splanchnicus	k__Bacteria;p__Bacteroidetes;c__Bacteroidia;o__Bacteroidales;f__Bacteroidaceae;g__Bacteroides;s__Bacteroides_salyersiae	k__Bacteria;p__Firmicutes;c__Clostridia;o__Clostridiales;f__Ruminococcaceae;g__Ruminiclostridium;s__[Eubacterium]_siraeum	k__Bacteria;p__Proteobacteria;c__Betaproteobacteria;o__Burkholderiales;f__Sutterellaceae;g__Parasutterella;s__Parasutterella_excrementihominis	k__Bacteria;p__Actinobacteria;c__Actinobacteria;o__Bifidobacteriales;f__Bifidobacteriaceae;g__Bifidobacterium;s__Bifidobacterium_adolescentis	k__Bacteria;p__Firmicutes;c__Clostridia;o__Clostridiales;f__Oscillospiraceae;g__Oscillibacter;s__Oscillibacter_sp._KLE_1745	k__Bacteria;p__Bacteroidetes;c__Bacteroidia;o__Bacteroidales;f__Bacteroidaceae;g__Bacteroides;s__Bacteroides_coprophilus	k__Bacteria;p__Firmicutes;c__Clostridia;o__Clostridiales;f__Lachnospiraceae;g__Roseburia;s__Roseburia_intestinalis	k__Bacteria;p__Firmicutes;c__Clostridia;o__Clostridiales;f__Lachnospiraceae;g__Roseburia;s__Roseburia_hominis	k__Bacteria;p__Bacteroidetes;c__Bacteroidia;o__Bacteroidales;f__Porphyromonadaceae;g__Parabacteroides;s__Parabacteroides_johnsonii	k__Bacteria;p__Actinobacteria;c__Actinobacteria;o__Bifidobacteriales;f__Bifidobacteriaceae;g__Bifidobacterium;s__Bifidobacterium_longum	k__Bacteria;p__Firmicutes;c__Clostridia;o__Clostridiales;f__;g__Flavonifractor;s__Flavonifractor_plautii	k__Bacteria;p__Firmicutes;c__Clostridia;o__Clostridiales;f__Clostridiaceae;g__Clostridium;s__Clostridium_phoceensis	k__Bacteria;p__Verrucomicrobia;c__Verrucomicrobiae;o__Verrucomicrobiales;f__Akkermansiaceae;g__Akkermansia;s__Akkermansia_muciniphila	k__Bacteria;p__Bacteroidetes;c__Bacteroidia;o__Bacteroidales;f__Prevotellaceae;g__Paraprevotella;s__Paraprevotella_xylaniphila	k__Bacteria;p__Firmicutes;c__Clostridia;o__Clostridiales;f__Ruminococcaceae;g__Ruminococcus;s__Ruminococcus_callidus	k__Bacteria;p__Bacteroidetes;c__Bacteroidia;o__Bacteroidales;f__Rikenellaceae;g__Alistipes;s__Alistipes_senegalensis	k__Bacteria;p__Firmicutes;c__Clostridia;o__Clostridiales;f__Lachnospiraceae;g__Blautia;s__Blautia_sp._KLE_1732	k__Bacteria;p__Bacteroidetes;c__Bacteroidia;o__Bacteroidales;f__Bacteroidaceae;g__Bacteroides;s__Bacteroides_oleiciplenus	k__Bacteria;p__Firmicutes;c__Clostridia;o__Clostridiales;f__Ruminococcaceae;g__Ruminococcus;s__Ruminococcus_bicirculans	k__Bacteria;p__Bacteroidetes;c__Bacteroidia;o__Bacteroidales;f__Bacteroidaceae;g__Bacteroides;s__Bacteroides_fluxus	k__Bacteria;p__Bacteroidetes;c__Bacteroidia;o__Bacteroidales;f__Prevotellaceae;g__Prevotella;s__Prevotella_stercorea	k__Bacteria;p__Firmicutes;c__Clostridia;o__Clostridiales;f__Lachnospiraceae;g__Dorea;s__Dorea_longicatena	k__Bacteria;p__Firmicutes;c__Clostridia;o__Clostridiales;f__Eubacteriaceae;g__Eubacterium;s__[Eubacterium]_eligens	k__Bacteria;p__Firmicutes;c__Clostridia;o__Clostridiales;f__Ruminococcaceae;g__;s__Ruminococcaceae_bacterium_D16	k__Bacteria;p__Firmicutes;c__Clostridia;o__Clostridiales;f__Lachnospiraceae;g__Coprococcus;s__Coprococcus_comes	k__Bacteria;p__Proteobacteria;c__Gammaproteobacteria;o__Enterobacterales;f__Enterobacteriaceae;g__Escherichia;s__Escherichia_coli	k__Bacteria;p__Firmicutes;c__Clostridia;o__Clostridiales;f__Ruminococcaceae;g__Anaerotruncus;s__Anaerotruncus_colihominis	k__Bacteria;p__Firmicutes;c__Clostridia;o__Clostridiales;f__Lachnospiraceae;g__Blautia;s__Blautia_obeum	k__Bacteria;p__Bacteroidetes;c__Bacteroidia;o__Bacteroidales;f__Odoribacteraceae;g__Odoribacter;s__Odoribacter_laneus	k__Bacteria;p__Firmicutes;c__Clostridia;o__Clostridiales;f__Ruminococcaceae;g__Ruminiclostridium;s__[Clostridium]_leptum	k__Bacteria;p__Bacteroidetes;c__Bacteroidia;o__Bacteroidales;f__Porphyromonadaceae;g__Parabacteroides;s__Parabacteroides_goldsteinii	k__Bacteria;p__Firmicutes;c__Clostridia;o__Clostridiales;f__Lachnospiraceae;g__Anaerostipes;s__Anaerostipes_hadrus	k__Bacteria;p__Firmicutes;c__Clostridia;o__Clostridiales;f__Ruminococcaceae;g__Ruminococcus;s__Ruminococcus_lactaris	k__Bacteria;p__Firmicutes;c__Clostridia;o__Clostridiales;f__Clostridiaceae;g__Clostridium;s__Clostridium_sp._L2-50	k__Bacteria;p__Firmicutes;c__Clostridia;o__Clostridiales;f__Clostridiaceae;g__Clostridium;s__Clostridium_sp._M62/1	k__Bacteria;p__Firmicutes;c__Clostridia;o__Clostridiales;f__;g__Intestinimonas;s__Intestinimonas_butyriciproducens	k__Bacteria;p__Actinobacteria;c__Actinobacteria;o__Bifidobacteriales;f__Bifidobacteriaceae;g__Bifidobacterium;s__Bifidobacterium_bifidum	k__Bacteria;p__Firmicutes;c__Negativicutes;o__Veillonellales;f__Veillonellaceae;g__Dialister;s__Dialister_invisus	k__Bacteria;p__Bacteroidetes;c__Bacteroidia;o__Bacteroidales;f__Bacteroidaceae;g__Bacteroides;s__Bacteroides_salanitronis
k__Bacteria;p__Bacteroidetes;c__Bacteroidia;o__Bacteroidales;f__Bacteroidaceae;g__Bacteroides;s__Bacteroides_vulgatus	1.0	-0.0322486177678	0.0245775772724	0.045268748706	-0.0425049899458	-0.00212877986148	-0.0389111928737	-0.0353717991757	0.00625578007417	-0.0181279563005	-0.00852717183588	-0.0354149455354	-0.0498776556539	-0.00819402186237	-0.0202623018778	0.0379619890018	-0.0209411919325	0.0167341999467	0.000410960054705	-0.0234023728637	-0.0243445983214	-0.021748477961	-0.0251199710509	-0.00357324368012	-0.0232560348698	-0.0401001861801	-0.0418955619048	0.0418623366216	-0.0182665546928	0.031841715987	0.0141355512831	0.0683354477503	-0.0183057758268	0.0200871739518	-0.0467475899123	-0.0627765772815	-0.0511883137182	-0.00657449693131	-0.0115455687168	-0.0300632065923	-0.014780335249	0.0129319890285	-0.0219577475017	0.00768413086613	-0.0262334510464	0.00445035146355	-0.0680168240267	-0.0100820116899	-0.00143179780027	-0.0414539711146	-0.0254056757806	0.0200007780601	-0.0356387242678	0.0434457431999	0.0498633808236	0.0300277804377	0.0454330895731	-0.000614863469668	-0.0553086814524
k__Bacteria;p__Bacteroidetes;c__Bacteroidia;o__Bacteroidales;f__Bacteroidaceae;g__Bacteroides;s__Bacteroides_uniformis	-0.0322486177678	1.0	-0.0378394657087	-0.0360071679219	-0.0082704689368	-0.0734873458021	-0.00707393720252	-0.0395017164403	0.0142535727515	-0.00737740123984	-0.0505381655834	0.031422646143	0.00642824381301	-0.0371403126462	0.00116990896131	-0.0271111279257	0.0455169333502	0.0111678275605	-0.0825720279392	-0.0391698262761	-0.0318915100812	-0.0452742837241	-0.0509971690035	0.0372373639409	-0.0323309031743	0.0143986668669	0.0292916516615	-0.0249047045633	0.0499942542406	-0.0385622281007	0.0239761618485	0.0188046800129	0.0104329353645	0.0261602389961	-0.0030152077124	-0.0410141439834	-0.0266062306254	0.0373063428052	0.0555443523319	0.0443368939354	0.0458990373796	-0.0302789892011	-0.013426979335	0.0229749022723	0.0366489281639	-0.0468477868297	0.0495639811301	-0.0809033945243	-0.0651094423256	-0.0235513244072	-0.0313217314194	-0.00712220563883	-0.0220719851885	-0.0323286293642	0.0142764837051	-0.0049783401302	0.0297608115713	-0.0127559265927	0.0476100865222
k__Bacteria;p__Bacteroidetes;c__Bacteroidia;o__Bacteroidales;f__Rikenellaceae;g__Alistipes;s__Alistipes_putredinis	0.0245775772724	-0.0378394657087	1.0	0.0140281711509	-0.00860879992923	-0.0410064052884	-0.0111473074463	-0.027853666975	0.026051853776	-0.0153148888864	0.0269613242914	-0.0108694253452	-0.0548175669781	-0.039179848089	0.00549798747132	-0.00928074553235	-8.52392445028e-05	-0.0150232974353	-0.0417522742364	-0.0196686857869	-0.0436728181803	0.0238119943566	-0.0277706310687	0.0292895200866	-0.0368151155957	0.0200779784751	0.0543494760145	0.053872564634	0.0624348653558	0.00944932000922	-0.0269088400805	0.00573700573554	-0.0300303787499	-0.0669923606131	-0.00774076059694	-0.0352695885661	-0.0193487472848	-0.015932163139	0.0208808336016	0.050264288753	-0.0333776873426	-0.0436225930687	0.0188049429364	-0.0295670245091	-0.0462964941583	-0.0373463111739	0.0225711071736	-0.0223630757731	-0.000364303430235	-0.0247671701266	-0.00311088703202	0.0351084514301	-0.119208000782	0.000161132351511	0.0614063717993	-0.0223274405755	-0.00613768531819	-0.0227091977994	-0.016085161299
k__Bacteria;p__Bacteroidetes;c__Bacteroidia;o__Bacteroidales;f__Prevotellaceae;g__Prevotella;s__Prevotella_copri	0.045268748706	-0.0360071679219	0.0140281711509	1.0	-0.0537212508234	-0.0235665492804	-0.0488321885803	-0.0363059023273	-0.0129764367462	-0.0484200962075	-0.0241285093208	-0.0127572298452	-0.0258165603561	-0.00577881759669	0.00536780954221	0.035858645405	-0.0634548641748	-0.00248456134621	-0.0225441322179	0.0605084601482	-0.056409220203	0.0387722117718	0.0235296202193	0.0285711888033	0.00889421460254	-0.0427313772766	0.0232721595469	-0.0351438280092	-0.0353889760653	-0.0564969016586	-0.0162358835735	-0.0164710171326	-0.0173425428801	-0.0188595169713	0.0140935873009	-0.00697904506722	0.012056691904	0.00853353057128	-0.0110661250952	-0.00866260950042	0.0303780883819	0.0067743008327	-0.0449136965861	-0.0267161758263	0.0109451935771	0.0230230676679	0.00911100958538	0.0154313315087	-0.00419238080751	-0.0423493395696	0.0569697094157	0.0506198879308	0.0369015841312	0.00532159596734	-0.0283325487029	0.019470877246	-0.0200886665164	0.0158627360462	0.0241984116565
k__Bacteria;p__Bacteroidetes;c__Bacteroidia;o__Bacteroidales;f__Bacteroidaceae;g__Bacteroides;s__Bacteroides_stercoris	-0.0425049899458	-0.0082704689368	-0.00860879992923	-0.0537212508234	1.0	0.0731624846639	-0.0533657440348	0.0200204601205	0.0100573410147	0.0302605847079	0.0115460061411	-0.0188117040283	-0.00977445472294	-0.0833181966166	-0.0363070246736	0.0231267052877	0.0826511885965	-0.0306230534939	0.0456647150507	-0.0352281354389	0.0290741450326	-0.0362222815599	-0.0271495216123	0.00294175241687	0.0793994397171	-0.0371554062493	0.00475237511588	-0.0408287545035	-0.0429124590297	-0.0234143935892	0.0162468128465	-0.00865190943432	0.0405750935626	0.0018966416293	-0.0413221581226	-0.033478934511	-0.031705811665	0.0310533462037	-0.0152559896338	0.031822068554	0.0142520719994	0.0121060115677	0.0258061245523	-0.00500216075115	-0.0119927457027	2.60131113776e-05	-0.0570721900706	-0.0212037226615	-0.011285735306	-0.0444279657089	5.76872373918e-05	-0.0846220304968	-0.0583933636664	0.0454557030078	-0.00879867799687	-0.0412521435501	-0.0511553388383	0.0381335159875	0.00639653072722
k__Bacteria;p__Bacteroidetes;c__Bacteroidia;o__Bacteroidales;f__Bacteroidaceae;g__Bacteroides;s__Bacteroides_ovatus	-0.00212877986148	-0.0734873458021	-0.0410064052884	-0.0235665492804	0.0731624846639	1.0	-0.0582881308475	-0.00759869126022	-0.0589638922497	-0.0398120276382	-0.0376171207537	0.0182687730027	-0.0104588149505	0.0472234417901	-0.00274921944172	-0.0702511047592	-0.0465305989956	-0.0210437065729	0.00459247595986	0.00700997313254	-0.0387003649834	-0.0178557706383	0.014757563521	0.0372669413592	0.0237003605643	-0.0108702181934	-0.0140472465157	-0.00988852100925	0.0532045724719	0.0580884716237	0.0105936606179	-0.0451206182067	-0.0198442605981	-0.0107135558681	0.0733657032771	-0.0272458399267	-0.0451588397518	-0.0226381462902	0.00184087304196	-0.00558195623093	-0.0377375134206	0.0271442467621	0.0723512866523	-0.0444403906568	-0.0401294096507	-0.0422978838592	0.00400131153721	-0.00594208547769	0.00911967577278	0.00147092618876	-0.0316612289467	0.0557993960129	-0.000461821418028	0.0455976969017	-0.0270717157026	-0.0218834862515	0.00211716227369	-0.0137878743743	-0.0273427373915
k__Bacteria;p__Bacteroidetes;c__Bacteroidia;o__Bacteroidales;f__Rikenellaceae;g__Alistipes;s__Alistipes_shahii	-0.0389111928737	-0.00707393720252	-0.0111473074463	-0.0488321885803	-0.0533657440348	-0.0582881308475	1.0	0.0473956809522	0.00365110378702	-0.0226158713162	0.0289333303453	0.0215750868726	0.0700526296815	0.0581871367509	0.0403381706354	-0.0518088415341	0.00505906586177	-0.00482063276608	-0.00229668436291	-0.0329662143873	-0.0124984974428	-0.0362475110917	-0.0125801218155	0.0225176570254	0.003593288997	-0.00836139850311	0.0511070535004	0.0408589909009	-0.0286299873861	-0.00580518089607	-0.0296330803723	0.0134097196865	0.0207589300624	-0.0544200068275	0.0385110945809	-0.0539788804608	0.0166501443411	0.0296309731153	-0.00754317549214	0.0421893942606	-0.0560129531584	0.0134125311098	-0.0942267403211	-0.0267278284265	-0.022681326287	-0.0139418847585	-0.0513271931592	0.0135547430448	0.0389089600663	-0.0204497616366	-0.0374612247871	0.00736244390343	0.0333871096566	0.0298805344945	0.0125046818184	-0.00328761787203	0.0391658868985	-0.0804064685533	0.0165798218038
k__Bacteria;p__Firmicutes;c__Clostridia;o__Clostridiales;f__Ruminococcaceae;g__Faecalibacterium;s__Faecalibacterium_prausnitzii	-0.0353717991757	-0.0395017164403	-0.027853666975	-0.0363059023273	0.0200204601205	-0.00759869126022	0.0473956809522	1.0	-0.0146551224798	-0.0256049599008	0.0197693742266	-0.0419646853322	0.0109749092519	0.0381681958311	-0.0565113469587	0.00974236030376	-0.0473983698139	0.0534733352755	0.0134544474269	-0.0201594720106	0.000477742540965	-0.0139391834967	0.0334462126272	0.0236491349173	-0.00903654023246	-0.0556209573758	0.0100461611887	-0.0253362517278	-0.00383696208945	-0.00144435300172	-0.0166297741923	-0.0241145567951	-0.00977064427943	0.00842762976811	0.00761091144887	0.00272086425559	0.0311096004555	0.00141378831608	-0.018351578698	0.0290080796307	-0.043673513333	0.00977846927767	0.030287533483	-0.00982053619052	-0.0108336960907	-0.0286821543661	-0.0271138706639	-0.0116845546492	-0.0241274990078	-0.0101825641187	-0.0216996967062	0.0328705687329	-0.00763480965728	-0.0302726727334	0.0066901803283	-0.043768296734	-0.0360732967385	-0.0307177592204	0.0158500785669
k__Bacteria;p__Bacteroidetes;c__Bacteroidia;o__Bacteroidales;f__Rikenellaceae;g__Alistipes;s__Alistipes_finegoldii	0.00625578007417	0.0142535727515	0.026051853776	-0.0129764367462	0.0100573410147	-0.0589638922497	0.00365110378702	-0.0146551224798	1.0	0.0464915633513	0.0597396545633	0.00251316295308	0.00713418969673	-0.00202567107583	0.0162893111925	-0.0107176013863	-0.0322132991965	-0.0540176212091	-0.0177677999072	-0.0371404951279	-0.00536201896272	0.0807484486273	-0.0250254038741	0.00161968236706	-0.0277985413022	0.00423620149133	-0.000119631180269	-0.0476879297495	-0.0390134153673	-0.0166727287094	0.00276609648405	-0.0222642308031	0.0123404524159	-0.0028630481883	-0.0100035535925	0.00270946833708	-0.0132128417084	0.0392800093918	0.0482701746931	-0.0191274063097	-0.0322998177417	-0.000645888428819	-0.0123387494314	-0.0134827443356	-0.0605206764112	-0.00359551713628	0.00771759811175	-0.0208764902805	0.024492289162	0.00614543915644	-0.00763866004821	-0.0410485298825	0.0138103327053	0.0102609862044	2.6987407402e-05	-0.0748921518731	0.0353845397591	0.002701218014	0.0160074141503
k__Bacteria;p__Bacteroidetes;c__Bacteroidia;o__Bacteroidales;f__Porphyromonadaceae;g__Parabacteroides;s__Parabacteroides_distasonis	-0.0181279563005	-0.00737740123984	-0.0153148888864	-0.0484200962075	0.0302605847079	-0.0398120276382	-0.0226158713162	-0.0256049599008	0.0464915633513	1.0	-0.0215592481314	-0.0204717164047	-0.00180392025586	-0.0308419898865	-0.0135078907647	0.076081237269	-0.0536544445755	-0.045029283453	-0.0480504866912	-0.0330171667248	-0.0018107779667	-0.0217346078513	0.0312292707697	-0.005770184863	0.0037363051438	-0.00211005251683	-0.00362189662257	0.0295661761043	0.0143766695776	-0.0180248522979	-0.00314013311821	0.0253398107548	0.039679268699	0.0345372442456	-0.0142441634434	0.0266507946328	-0.0123342353667	0.00400040781729	-0.0333314313593	-0.0461401891307	-0.0167679131939	0.00531362829422	0.00217012707568	-0.0115187075704	0.0181775331216	0.0452868327371	-0.00475810725979	-0.0922700944194	0.00091463398312	0.0378446115093	-0.0201697756013	-0.0205446327602	-0.00193497428607	0.0542155360948	-0.00853719671947	0.0145427382675	0.0347900522618	-0.0265926692981	0.0679907955997
k__Bacteria;p__Bacteroidetes;c__Bacteroidia;o__Bacteroidales;f__Bacteroidaceae;g__Bacteroides;s__Bacteroides_thetaiotaomicron	-0.00852717183588	-0.0505381655834	0.0269613242914	-0.0241285093208	0.0115460061411	-0.0376171207537	0.0289333303453	0.0197693742266	0.0597396545633	-0.0215592481314	1.0	-0.0506910821208	0.0318886858734	-0.0176022795374	-0.0264537926877	-0.0193199880061	0.0335525034895	-0.0408342300372	0.0124738888014	-0.00147158272171	-0.0127041837813	0.00143493300592	-0.081531653353	-0.0226391223985	0.00850259948939	-0.0321969155553	-0.0423648311942	-0.0207555400335	-0.0367342434542	0.0180669948149	-0.0146528609862	-0.0257632035327	0.0492260550728	0.0145327352544	0.0154941845884	-0.0382071161858	-0.0144511246995	-0.0505116072255	-0.0266033187071	-0.00954592402339	-0.0135283024866	0.00309234113685	-0.022896108391	0.0220747938163	0.0186714718635	-0.00878917058298	-0.0341921415797	0.0223432735053	0.00436946660804	0.0294713726185	-0.0335229681663	0.0532206627617	0.00460902874637	-0.0154581050365	-0.00632779450051	-0.0432957325339	0.00371605698378	0.0568647268323	-0.0323218981518
k__Bacteria;p__Bacteroidetes;c__Bacteroidia;o__Bacteroidales;f__Bacteroidaceae;g__Bacteroides;s__Bacteroides_coprocola	-0.0354149455354	0.031422646143	-0.0108694253452	-0.0127572298452	-0.0188117040283	0.0182687730027	0.0215750868726	-0.0419646853322	0.00251316295308	-0.0204717164047	-0.0506910821208	1.0	0.0261343570679	-0.0194817429395	-0.0501047583063	-0.0623014804599	0.0186896770012	-0.0432243906142	-0.0310807792332	0.0307021824021	-0.012563640353	-0.0358506814644	0.0185027891071	-0.0422187638185	0.0403878280498	-0.00358896127787	-0.00692083709744	0.0540404036719	0.00682454888184	-0.0395839992733	0.00849477397879	-0.00768577899139	0.0106196999924	0.00601651507989	-0.023274921415	-7.93382379536e-05	0.00663443289994	-0.00215340789948	0.0316009296287	0.0228646562674	-0.0233325382942	0.0254611907932	0.0425785214563	0.025121834754	-0.0261845904877	0.0367147043411	0.00450592342804	0.0297964374441	-0.0235365038681	-0.0102516829328	0.03525603806	-0.0345183863803	-0.00437623427881	-0.0225529445874	0.0322086324865	-0.0220194065366	-0.0070042418606	0.0121458296767	-0.0471925646056
k__Bacteria;p__Bacteroidetes;c__Bacteroidia;o__Bacteroidales;f__Bacteroidaceae;g__Bacteroides;s__Bacteroides_cellulosilyticus	-0.0498776556539	0.00642824381301	-0.0548175669781	-0.0258165603561	-0.00977445472294	-0.0104588149505	0.0700526296815	0.0109749092519	0.00713418969673	-0.00180392025586	0.0318886858734	0.0261343570679	1.0	0.0428761484884	0.0206819583805	0.00469101084054	-0.0175858446345	-0.0334277508494	0.0021652210804	-0.0249144775871	-0.028875639031	0.0051130196239	-0.03537095352	0.0085692578467	-0.00270485272076	-0.0610266037879	-0.0205940506726	0.00332380990142	-0.0389816903336	-0.0123378276815	0.0164139644567	-0.030845080382	-0.0225946179438	-0.0396750791271	0.0369658242907	0.0461183285672	-0.0175791842387	0.0113166193998	0.0057883162781	0.00942669167809	0.0383935247272	-0.00607961330298	0.00167586277275	0.0475622372505	-0.0418510980837	-0.0262493796978	0.0202801993069	0.0517438971471	-0.0604053905545	-0.015944753831	-0.0571701088072	0.0481585996803	0.00578903165433	-0.0444812564014	-0.0449623448535	-0.0723121891177	0.00120628680503	-0.0296160037531	0.0360027553559
k__Bacteria;p__Bacteroidetes;c__Bacteroidia;o__Bacteroidales;f__Rikenellaceae;g__Alistipes;s__Alistipes_obesi	-0.00819402186237	-0.0371403126462	-0.039179848089	-0.00577881759669	-0.0833181966166	0.0472234417901	0.0581871367509	0.0381681958311	-0.00202567107583	-0.0308419898865	-0.0176022795374	-0.0194817429395	0.0428761484884	1.0	0.0719309068872	-0.00257528752389	0.00586690310541	-0.025141525095	-0.0176357790605	0.0439273984741	0.0163802780215	-0.035289528536	-0.0207834442842	-0.0103288649032	0.0916068656953	0.0375935543258	-0.072822998737	0.0137565441332	-0.00642011328008	-0.00178209781786	-0.00532753505276	0.0645297453749	-0.0146057603626	0.0395401516706	-0.0331767906051	-0.0152941664165	0.0183996968051	-0.0142769079761	-0.00280862821331	0.000602431850948	-0.00367302405852	0.00334123720832	-0.0116490734358	0.00252547395747	-0.00381038954222	0.0306858221979	-0.00967423256319	0.000122743397537	0.022093502787	-0.0254283256005	0.0132959331679	-0.0360187400881	-0.0320005664542	0.024069941643	-0.014765145435	-0.0336958493141	0.00866555981874	0.0152232119614	-0.00622307364677
k__Bacteria;p__Firmicutes;c__Clostridia;o__Clostridiales;f__Lachnospiraceae;g__;s__[Eubacterium]_rectale	-0.0202623018778	0.00116990896131	0.00549798747132	0.00536780954221	-0.0363070246736	-0.00274921944172	0.0403381706354	-0.0565113469587	0.0162893111925	-0.0135078907647	-0.0264537926877	-0.0501047583063	0.0206819583805	0.0719309068872	1.0	0.0358197444884	0.0152894794756	-0.0188050083451	-0.0378659398412	0.0042725035921	-0.00412498641909	-0.0359465745347	-0.0802279127398	0.0223613716024	-0.0372101914075	0.0245574044547	-0.00750162715035	0.0903535379978	-0.0226014846912	-0.034181881634	0.0094221729766	0.0476235879235	0.00596570019895	-0.0688919269336	-0.0121117473374	-0.031640586976	0.0454843865791	-0.0135258380159	-0.0158317895604	0.0119304321955	0.00519700015953	-0.0498064924986	0.0131286190121	-0.0657464225225	-0.0116465361768	0.0404773937449	-0.0186412310172	-0.0323519483986	-0.0178348480026	0.00472435589766	-0.00734309891727	0.015596025512	0.0314798547842	-0.0505118061632	0.0386291385685	0.0829678009114	-0.018546516113	-0.0432524590201	-0.0357872676884
k__Bacteria;p__Bacteroidetes;c__Bacteroidia;o__Bacteroidales;f__Bacteroidaceae;g__Bacteroides;s__Bacteroides_plebeius	0.0379619890018	-0.0271111279257	-0.00928074553235	0.035858645405	0.0231267052877	-0.0702511047592	-0.0518088415341	0.00974236030376	-0.0107176013863	0.076081237269	-0.0193199880061	-0.0623014804599	0.00469101084054	-0.00257528752389	0.0358197444884	1.0	-0.0481915802393	-0.0311909054685	-0.0211751580411	0.0253280638872	0.00405137411304	0.033241006653	-0.0111447342495	0.00581583979508	-0.0157792336882	0.00481718409125	0.0442929303664	0.0412194800636	-0.0455715426608	-0.00125585834971	-0.00273986960627	-0.0142863179976	0.00651058258877	-0.0144958971062	-0.0371200925217	0.0160147239478	0.0184478600727	-0.0251318215406	0.0290859355384	-0.0249931045402	-0.0405607613354	0.0115468120827	-0.0347197249229	-0.0140156014696	0.0233531757424	0.0315880925621	-0.0179039693149	-0.0611217536071	0.0643376878721	0.0171313464338	-0.0554972822415	0.0212966525731	-0.0511638347003	-0.0210442337195	0.0120273368501	-0.0640270005832	-0.0199673255854	-0.0458604493434	-0.0515738116172
k__Bacteria;p__Bacteroidetes;c__Bacteroidia;o__Bacteroidales;f__Bacteroidaceae;g__Bacteroides;s__Bacteroides_fragilis	-0.0209411919325	0.0455169333502	-8.52392445028e-05	-0.0634548641748	0.0826511885965	-0.0465305989956	0.00505906586177	-0.0473983698139	-0.0322132991965	-0.0536544445755	0.0335525034895	0.0186896770012	-0.0175858446345	0.00586690310541	0.0152894794756	-0.0481915802393	1.0	-0.0322838890942	-0.00284666801334	0.0324237348007	0.0371452182151	0.0284892302723	-0.0287076407455	-0.0191187891674	0.0313580290118	0.0216026564462	-0.0232176117918	-0.0375064416093	0.00369638386175	0.00144804111292	-0.0307533876673	0.00716675839355	-0.0121152644152	-0.0192393327459	-0.0145421325239	0.0121116900474	-0.00894561724005	0.00301799651363	-0.061432561761	-0.00426462543914	0.00278431916158	-0.0516841387298	0.0322720750771	-0.0225474176664	0.0377006497173	0.0170235008609	0.0205215463783	0.019795338037	0.0162403779596	0.0239111848515	-0.00630651440931	-0.05782092171	0.00218798968554	-0.0235847833492	0.0252408566912	0.00260668663681	-0.0398361218396	0.0321285571419	-0.000521437844503
k__Bacteria;p__Proteobacteria;c__Betaproteobacteria;o__Burkholderiales;f__Sutterellaceae;g__Sutterella;s__Sutterella_wadsworthensis	0.0167341999467	0.0111678275605	-0.0150232974353	-0.00248456134621	-0.0306230534939	-0.0210437065729	-0.00482063276608	0.0534733352755	-0.0540176212091	-0.045029283453	-0.0408342300372	-0.0432243906142	-0.0334277508494	-0.025141525095	-0.0188050083451	-0.0311909054685	-0.0322838890942	1.0	-0.00598797989027	-0.0754429430589	0.00838036283032	-0.0435586337939	0.0545866350707	0.0392945311153	-0.0228416529478	-0.0079983029787	0.0119988072064	0.0150002038817	-0.00799428374189	-0.0127621053753	-0.000767193413974	-0.00823977079155	-0.0031374000548	-0.0107896117533	-0.0130912650803	0.0377696047681	-0.00336922414482	-0.0285047256888	-0.000715252428852	-0.0142491192649	-0.0188121322837	-0.0423454110966	-0.0332264139974	0.0583591921459	-0.0270755576205	-0.000615194970085	0.00494552463493	-0.0290054767122	0.00737554840813	0.0353212669878	-0.0108499043648	0.0477975309225	0.00312851154468	-0.0228126359836	-0.0129253278365	0.0108488259977	-0.0218788256144	-0.0215288272931	-0.0412771600551
k__Bacteria;p__Bacteroidetes;c__Bacteroidia;o__Bacteroidales;f__Porphyromonadaceae;g__Barnesiella;s__Barnesiella_intestinihominis	0.000410960054705	-0.0825720279392	-0.0417522742364	-0.0225441322179	0.0456647150507	0.00459247595986	-0.00229668436291	0.0134544474269	-0.0177677999072	-0.0480504866912	0.0124738888014	-0.0310807792332	0.0021652210804	-0.0176357790605	-0.0378659398412	-0.0211751580411	-0.00284666801334	-0.00598797989027	1.0	-0.0239436246406	-0.013090259571	0.00400005653358	-0.0315998886415	-0.0383773068798	0.00413898428684	-0.0277039791888	0.0343044284668	-0.0112506829845	-0.00961478933796	0.0149627336558	-0.0556931453529	0.00435353359711	0.0358098953343	0.0133386351205	0.00730295635113	0.0125953172578	-0.0225571475472	-0.00167003501738	0.0558585819381	-0.0192722723664	-0.0345851175435	-0.0278127674806	0.0019857232763	-0.0225908919782	-0.0171880928711	-0.0274518541096	0.0550271850805	-0.0307208557437	-0.0177353539851	0.000958186648785	-0.0113341808787	-0.0275796890048	-0.0350118722154	-0.0391672773342	0.0188223803019	-0.0275646944412	-0.0127414507082	-0.0244283092712	-0.00194463359035
k__Bacteria;p__Bacteroidetes;c__Bacteroidia;o__Bacteroidales;f__Odoribacteraceae;g__Odoribacter;s__Odoribacter_splanchnicus	-0.0234023728637	-0.0391698262761	-0.0196686857869	0.0605084601482	-0.0352281354389	0.00700997313254	-0.0329662143873	-0.0201594720106	-0.0371404951279	-0.0330171667248	-0.00147158272171	0.0307021824021	-0.0249144775871	0.0439273984741	0.0042725035921	0.0253280638872	0.0324237348007	-0.0754429430589	-0.0239436246406	1.0	-0.00643018910486	-0.0565274604459	-0.0524658870382	0.0213819396043	0.038019015288	0.0163724317076	0.0310542242994	-0.0102483649629	0.0165128321435	-0.0335878882074	0.000470031584762	-0.0118972527641	-0.0533135152808	0.0204045847248	-0.0291254752485	-0.0199103280446	-0.00707262827167	-0.022289854164	0.0101563239494	-0.0223427058439	0.0424990946336	0.0434847172038	0.000671933058646	-0.0277994793871	-0.0238723249003	-0.013551293357	-0.0505248977152	-0.00144454459554	0.0197266368295	-0.0459209345789	0.0286838701601	0.00845573345408	0.0155107991768	0.00632196140678	-0.0569157502006	-0.00645365634076	-0.00531903727244	0.00835170917836	-0.0323567739137
k__Bacteria;p__Bacteroidetes;c__Bacteroidia;o__Bacteroidales;f__Bacteroidaceae;g__Bacteroides;s__Bacteroides_salyersiae	-0.0243445983214	-0.0318915100812	-0.0436728181803	-0.056409220203	0.0290741450326	-0.0387003649834	-0.0124984974428	0.000477742540965	-0.00536201896272	-0.0018107779667	-0.0127041837813	-0.012563640353	-0.028875639031	0.0163802780215	-0.00412498641909	0.00405137411304	0.0371452182151	0.00838036283032	-0.013090259571	-0.00643018910486	1.0	-0.0463537706076	-0.0174495551962	0.0656088912734	0.0567625229312	-0.0288795325333	-0.0163061948679	0.0398027567948	-0.00962668883341	-0.00564943454111	-0.0234126697016	0.0153277656374	0.0396925478764	0.000100953751762	0.0608679054078	-0.0264006825979	-0.0281665717487	0.00160891654688	0.00370688166295	0.0345760909406	-0.0295206654034	-0.0158349623875	-0.0250753474243	-0.0429491737739	-0.00315716852451	-0.0119574847255	-0.0464693765585	0.0124141468789	-0.0271707107969	0.0484559559383	-0.0105593490984	0.0251360200375	-6.48643225213e-05	0.0367093384197	-0.0440931474934	0.0233411839691	0.0116241070152	-0.0313781510568	-0.00192995978065
k__Bacteria;p__Firmicutes;c__Clostridia;o__Clostridiales;f__Ruminococcaceae;g__Ruminiclostridium;s__[Eubacterium]_siraeum	-0.021748477961	-0.0452742837241	0.0238119943566	0.0387722117718	-0.0362222815599	-0.0178557706383	-0.0362475110917	-0.0139391834967	0.0807484486273	-0.0217346078513	0.00143493300592	-0.0358506814644	0.0051130196239	-0.035289528536	-0.0359465745347	0.033241006653	0.0284892302723	-0.0435586337939	0.00400005653358	-0.0565274604459	-0.0463537706076	1.0	-0.0260359126258	0.0254527093935	-0.0275275077871	-0.0736127567742	0.0606546043917	-0.0242945616277	-0.00226226109842	-0.0155963707271	0.00326920564332	0.0148050949911	-0.0250598509427	0.0132862845641	0.0314345622241	0.0210649211971	-0.0618002971363	-0.0353589769862	0.00686488542054	-0.00314793368446	-0.0543797647708	-0.0466116593975	-0.0248232336527	-0.0054643430944	0.0201796060305	0.0639083518687	0.0405092663596	-0.0118017334755	-0.000902998999938	0.0431033558351	0.00941451207854	-0.0207463297134	-0.0385664310221	-0.052311101617	-0.0509344721036	-0.0589939204178	-0.00186759609084	-0.0418216342878	0.013352621987
k__Bacteria;p__Proteobacteria;c__Betaproteobacteria;o__Burkholderiales;f__Sutterellaceae;g__Parasutterella;s__Parasutterella_excrementihominis	-0.0251199710509	-0.0509971690035	-0.0277706310687	0.0235296202193	-0.0271495216123	0.014757563521	-0.0125801218155	0.0334462126272	-0.0250254038741	0.0312292707697	-0.081531653353	0.0185027891071	-0.03537095352	-0.0207834442842	-0.0802279127398	-0.0111447342495	-0.0287076407455	0.0545866350707	-0.0315998886415	-0.0524658870382	-0.0174495551962	-0.0260359126258	1.0	-0.00710082476627	-0.0261139217009	0.00374890399802	0.0188151942579	-0.000851104866259	0.00861951134611	-0.0599875628986	0.0296882685194	0.000900558894358	-0.032486521711	0.0501616152642	0.0295650053374	-0.0178959270804	-0.000314089498093	-0.0090349220186	-0.00992702041523	-0.0079373948066	-0.0147412819277	0.0277125826195	0.009517050535	0.0215367810299	0.0165803872296	0.0197783446292	-0.0072457502243	0.0427171732743	0.0257236630054	-0.0618811382092	0.0110569253445	0.0614980836353	0.0350964891931	0.0274043841946	-0.0278461431393	0.0490165543483	0.0111068939912	-0.0488323762144	0.0203024696463
k__Bacteria;p__Actinobacteria;c__Actinobacteria;o__Bifidobacteriales;f__Bifidobacteriaceae;g__Bifidobacterium;s__Bifidobacterium_adolescentis	-0.00357324368012	0.0372373639409	0.0292895200866	0.0285711888033	0.00294175241687	0.0372669413592	0.0225176570254	0.0236491349173	0.00161968236706	-0.005770184863	-0.0226391223985	-0.0422187638185	0.0085692578467	-0.0103288649032	0.0223613716024	0.00581583979508	-0.0191187891674	0.0392945311153	-0.0383773068798	0.0213819396043	0.0656088912734	0.0254527093935	-0.00710082476627	1.0	-0.0120244004655	0.00403978160543	0.00663281764399	-0.0733356349737	-0.0213749593507	0.0288879743484	0.0298502770869	-0.0170901285755	-0.00592746662094	-0.0566606590189	-0.00144806490491	-0.00656383608294	0.0664189488604	0.00967261185025	-0.0839552550243	0.00936124091096	-0.0114887886879	-0.0293538536513	-0.0170180833052	-0.0242732048524	0.0162114086853	-0.0749558990333	-0.0408733300041	-0.0474426871764	-0.0183511977452	-0.0785033087552	0.010754223977	-0.0177284426163	-0.0458425327633	-0.00319726517814	0.00193797748798	0.0135773055523	-0.0757711334861	-0.0468725921192	-0.0382143560821
k__Bacteria;p__Firmicutes;c__Clostridia;o__Clostridiales;f__Oscillospiraceae;g__Oscillibacter;s__Oscillibacter_sp._KLE_1745	-0.0232560348698	-0.0323309031743	-0.0368151155957	0.00889421460254	0.0793994397171	0.0237003605643	0.003593288997	-0.00903654023246	-0.0277985413022	0.0037363051438	0.00850259948939	0.0403878280498	-0.00270485272076	0.0916068656953	-0.0372101914075	-0.0157792336882	0.0313580290118	-0.0228416529478	0.00413898428684	0.038019015288	0.0567625229312	-0.0275275077871	-0.0261139217009	-0.0120244004655	1.0	-0.0480956143455	0.0107829458485	0.039943078869	-0.0511267688075	-0.073629760998	-0.00777756512458	-0.0262965830232	-0.0476079159266	-0.0131581554306	0.0103646387591	-0.028114328181	0.0227769698733	-0.0232577638398	0.0681376257786	0.00549135161257	-0.0664460765977	0.0487846001224	-0.00550076814366	-0.00634946144809	0.0159838368755	0.00887798949278	0.00929438265146	-0.0248099871227	0.0306639833871	0.0199814148497	-0.0183209367687	-0.0486528962871	-0.00381195324531	-0.0118473108113	-0.0187855127036	-0.0625331139045	0.0107612397892	0.0271220425008	-0.056786534066
k__Bacteria;p__Bacteroidetes;c__Bacteroidia;o__Bacteroidales;f__Bacteroidaceae;g__Bacteroides;s__Bacteroides_coprophilus	-0.0401001861801	0.0143986668669	0.0200779784751	-0.0427313772766	-0.0371554062493	-0.0108702181934	-0.00836139850311	-0.0556209573758	0.00423620149133	-0.00211005251683	-0.0321969155553	-0.00358896127787	-0.0610266037879	0.0375935543258	0.0245574044547	0.00481718409125	0.0216026564462	-0.0079983029787	-0.0277039791888	0.0163724317076	-0.0288795325333	-0.0736127567742	0.00374890399802	0.00403978160543	-0.0480956143455	1.0	0.00632814226519	-0.104714186464	0.00588969972816	-0.00260748378547	0.0499101498773	-0.0311712754056	-0.0560313086252	0.0396053529816	-0.025110786383	-0.0376574239165	0.0140619592832	-0.0235571883474	0.0591167563868	-0.0268791659267	0.00391192048904	0.0169139015429	-0.0564689607539	0.0215451211938	-0.0154051597723	0.0546748493165	-0.0437558079383	0.048169841099	-0.0208275726337	0.0226320788565	-0.0215982037827	0.0216486819632	-0.0810782019693	-0.067257486997	-0.00136710897186	0.0140046608756	-0.0571973169963	0.0395965919272	-0.0202104221429
k__Bacteria;p__Firmicutes;c__Clostridia;o__Clostridiales;f__Lachnospiraceae;g__Roseburia;s__Roseburia_intestinalis	-0.0418955619048	0.0292916516615	0.0543494760145	0.0232721595469	0.00475237511588	-0.0140472465157	0.0511070535004	0.0100461611887	-0.000119631180269	-0.00362189662257	-0.0423648311942	-0.00692083709744	-0.0205940506726	-0.072822998737	-0.00750162715035	0.0442929303664	-0.0232176117918	0.0119988072064	0.0343044284668	0.0310542242994	-0.0163061948679	0.0606546043917	0.0188151942579	0.00663281764399	0.0107829458485	0.00632814226519	1.0	0.00124744108899	-0.0212609962093	-0.0344079158766	-0.0431685002308	-0.0687906035473	0.0138545109864	-0.0159118391803	0.02366323508	-0.0409656027555	-0.0878075048954	0.0336425080139	0.0158046456836	-0.0413243558715	-0.0273517274918	-0.0561375545107	0.00118547581859	-0.00230472215841	-0.0369648189022	-0.0495412758466	0.0487320690268	0.0139745169696	-0.0281748239146	-0.0340472229149	-0.0285427033897	-0.0637061633515	-0.0272503356494	0.000614096300282	-0.0341880572683	0.0271411110165	0.0351004578024	0.0117927009152	-0.0172667424868
k__Bacteria;p__Firmicutes;c__Clostridia;o__Clostridiales;f__Lachnospiraceae;g__Roseburia;s__Roseburia_hominis	0.0418623366216	-0.0249047045633	0.053872564634	-0.0351438280092	-0.0408287545035	-0.00988852100925	0.0408589909009	-0.0253362517278	-0.0476879297495	0.0295661761043	-0.0207555400335	0.0540404036719	0.00332380990142	0.0137565441332	0.0903535379978	0.0412194800636	-0.0375064416093	0.0150002038817	-0.0112506829845	-0.0102483649629	0.0398027567948	-0.0242945616277	-0.000851104866259	-0.0733356349737	0.039943078869	-0.104714186464	0.00124744108899	1.0	-0.00752637249642	0.00416206574014	-0.0142346378925	-0.00788559048856	-0.0823458489094	0.00445195436579	-0.0296187556293	0.0030988177408	-0.00616656643598	0.0372653612096	0.0284097377189	-0.0127454706164	0.018959692938	-0.0486022560406	0.0684202911721	0.014643615364	0.0125341995044	0.0332925172661	-0.0423050009441	-0.0100837909161	-0.0412437630859	0.00574868023027	-0.0145308028536	-0.0109628946524	-0.00460216460331	-0.0435376692035	0.0314280761026	0.0296327608702	-0.0501038794265	-0.0767489156692	0.00235411872518
k__Bacteria;p__Bacteroidetes;c__Bacteroidia;o__Bacteroidales;f__Porphyromonadaceae;g__Parabacteroides;s__Parabacteroides_johnsonii	-0.0182665546928	0.0499942542406	0.0624348653558	-0.0353889760653	-0.0429124590297	0.0532045724719	-0.0286299873861	-0.00383696208945	-0.0390134153673	0.0143766695776	-0.0367342434542	0.00682454888184	-0.0389816903336	-0.00642011328008	-0.0226014846912	-0.0455715426608	0.00369638386175	-0.00799428374189	-0.00961478933796	0.0165128321435	-0.00962668883341	-0.00226226109842	0.00861951134611	-0.0213749593507	-0.0511267688075	0.00588969972817	-0.0212609962093	-0.00752637249642	1.0	-0.0457512515356	-0.0190354938087	0.00961069866861	-0.0301035532308	-0.0401426242968	-0.0376295957722	0.0472169660489	0.00440762151181	0.00411936725555	-0.0355130024635	0.0395404515662	0.000632623016826	-0.00175080215814	0.0592247476882	0.00774270549302	-0.0350717600621	-0.0185058566071	0.0117774048645	-0.00152730678797	-0.00511205567165	0.0288212288282	0.00826789514891	0.0226498047922	-0.0512751291622	-0.0209680529998	-0.0359196213038	0.00138161334794	-0.0142279355506	-0.00661921264892	0.0221211568311
