#taxonomy	k__Bacteria;p__Bacteroidetes;c__Bacteroidia;o__Bacteroidales;f__Bacteroidaceae;g__Bacteroides;s__Bacteroides_vulgatus	k__Bacteria;p__Bacteroidetes;c__Bacteroidia;o__Bacteroidales;f__Bacteroidaceae;g__Bacteroides;s__Bacteroides_uniformis	k__Bacteria;p__Bacteroidetes;c__Bacteroidia;o__Bacteroidales;f__Rikenellaceae;g__Alistipes;s__Alistipes_putredinis	k__Bacteria;p__Bacteroidetes;c__Bacteroidia;o__Bacteroidales;f__Prevotellaceae;g__Prevotella;s__Prevotella_copri	k__Bacteria;p__Bacteroidetes;c__Bacteroidia;o__Bacteroidales;f__Bacteroidaceae;g__Bacteroides;s__Bacteroides_stercoris	k__Bacteria;p__Bacteroidetes;c__Bacteroidia;o__Bacteroidales;f__Bacteroidaceae;g__Bacteroides;s__Bacteroides_ovatus	k__Bacteria;p__Bacteroidetes;c__Bacteroidia;o__Bacteroidales;f__Rikenellaceae;g__Alistipes;s__Alistipes_shahii	k__Bacteria;p__Firmicutes;c__Clostridia;o__Clostridiales;f__Ruminococcaceae;g__Faecalibacterium;s__Faecalibacterium_prausnitzii	k__Bacteria;p__Bacteroidetes;c__Bacteroidia;o__Bacteroidales;f__Rikenellaceae;g__Alistipes;s__Alistipes_finegoldii	k__Bacteria;p__Bacteroidetes;c__Bacteroidia;o__Bacteroidales;f__Porphyromonadaceae;g__Parabacteroides;s__Parabacteroides_distasonis	k__Bacteria;p__Bacteroidetes;c__Bacteroidia;o__Bacteroidales;f__Bacteroidaceae;g__Bacteroides;s__Bacteroides_thetaiotaomicron	k__Bacteria;p__Bacteroidetes;c__Bacteroidia;o__Bacteroidales;f__Bacteroidaceae;g__Bacteroides;s__Bacteroides_coprocola	k__Bacteria;p__Bacteroidetes;c__Bacteroidia;o__Bacteroidales;f__Bacteroidaceae;g__Bacteroides;s__Bacteroides_cellulosilyticus	k__Bacteria;p__Bacteroidetes;c__Bacteroidia;o__Bacteroidales;f__Rikenellaceae;g__Alistipes;s__Alistipes_obesi	k__Bacteria;p__Firmicutes;c__Clostridia;o__Clostridiales;f__Lachnospiraceae;g__;s__[Eubacterium]_rectale	k__Bacteria;p__Bacteroidetes;c__Bacteroidia;o__Bacteroidales;f__Bacteroidaceae;g__Bacteroides;s__Bacteroides_plebeius	k__Bacteria;p__Bacteroidetes;c__Bacteroidia;o__Bacteroidales;f__Bacteroidaceae;g__Bacteroides;s__Bacteroides_fragilis	k__Bacteria;p__Proteobacteria;c__Betaproteobacteria;o__Burkholderiales;f__Sutterellaceae;g__Sutterella;s__Sutterella_wadsworthensis	k__Bacteria;p__Bacteroidetes;c__Bacteroidia;o__Bacteroidales;f__Porphyromonadaceae;g__Barnesiella;s__Barnesiella_intestinihominis	k__Bacteria;p__Bacteroidetes;c__Bacteroidia;o__Bacteroidales;f__Odoribacteraceae;g__Odoribacter;s__Odoribacter_splanchnicus	k__Bacteria;p__Bacteroidetes;c__Bacteroidia;o__Bacteroidales;f__Bacteroidaceae;g__Bacteroides;s__Bacteroides_salyersiae	k__Bacteria;p__Firmicutes;c__Clostridia;o__Clostridiales;f__Ruminococcaceae;g__Ruminiclostridium;s__[Eubacterium]_siraeum	k__Bacteria;p__Proteobacteria;c__Betaproteobacteria;o__Burkholderiales;f__Sutterellaceae;g__Parasutterella;s__Parasutterella_excrementihominis	k__Bacteria;p__Actinobacteria;c__Actinobacteria;o__Bifidobacteriales;f__Bifidobacteriaceae;g__Bifidobacterium;s__Bifidobacterium_adolescentis	k__Bacteria;p__Firmicutes;c__Clostridia;o__Clostridiales;f__Oscillospiraceae;g__Oscillibacter;s__Oscillibacter_sp._KLE_1745	k__Bacteria;p__Bacteroidetes;c__Bacteroidia;o__Bacteroidales;f__Bacteroidaceae;g__Bacteroides;s__Bacteroides_coprophilus	k__Bacteria;p__Firmicutes;c__Clostridia;o__Clostridiales;f__Lachnospiraceae;g__Roseburia;s__Roseburia_intestinalis	k__Bacteria;p__Firmicutes;c__Clostridia;o__Clostridiales;f__Lachnospiraceae;g__Roseburia;s__Roseburia_hominis	k__Bacteria;p__Bacteroidetes;c__Bacteroidia;o__Bacteroidales;f__Porphyromonadaceae;g__Parabacteroides;s__Parabacteroides_johnsonii	k__Bacteria;p__Actinobacteria;c__Actinobacteria;o__Bifidobacteriales;f__Bifidobacteriaceae;g__Bifidobacterium;s__Bifidobacterium_longum	k__Bacteria;p__Firmicutes;c__Clostridia;o__Clostridiales;f__;g__Flavonifractor;s__Flavonifractor_plautii	k__Bacteria;p__Firmicutes;c__Clostridia;o__Clostridiales;f__Clostridiaceae;g__Clostridium;s__Clostridium_phoceensis	k__Bacteria;p__Verrucomicrobia;c__Verrucomicrobiae;o__Verrucomicrobiales;f__Akkermansiaceae;g__Akkermansia;s__Akkermansia_muciniphila	k__Bacteria;p__Bacteroidetes;c__Bacteroidia;o__Bacteroidales;f__Prevotellaceae;g__Paraprevotella;s__Paraprevotella_xylaniphila	k__Bacteria;p__Firmicutes;c__Clostridia;o__Clostridiales;f__Ruminococcaceae;g__Ruminococcus;s__Ruminococcus_callidus	k__Bacteria;p__Bacteroidetes;c__Bacteroidia;o__Bacteroidales;f__Rikenellaceae;g__Alistipes;s__Alistipes_senegalensis	k__Bacteria;p__Firmicutes;c__Clostridia;o__Clostridiales;f__Lachnospiraceae;g__Blautia;s__Blautia_sp._KLE_1732	k__Bacteria;p__Bacteroidetes;c__Bacteroidia;o__Bacteroidales;f__Bacteroidaceae;g__Bacteroides;s__Bacteroides_oleiciplenus	k__Bacteria;p__Firmicutes;c__Clostridia;o__Clostridiales;f__Ruminococcaceae;g__Ruminococcus;s__Ruminococcus_bicirculans	k__Bacteria;p__Bacteroidetes;c__Bacteroidia;o__Bacteroidales;f__Bacteroidaceae;g__Bacteroides;s__Bacteroides_fluxus	k__Bacteria;p__Bacteroidetes;c__Bacteroidia;o__Bacteroidales;f__Prevotellaceae;g__Prevotella;s__Prevotella_stercorea	k__Bacteria;p__Firmicutes;c__Clostridia;o__Clostridiales;f__Lachnospiraceae;g__Dorea;s__Dorea_longicatena	k__Bacteria;p__Firmicutes;c__Clostridia;o__Clostridiales;f__Eubacteriaceae;g__Eubacterium;s__[Eubacterium]_eligens	k__Bacteria;p__Firmicutes;c__Clostridia;o__Clostridiales;f__Ruminococcaceae;g__;s__Ruminococcaceae_bacterium_D16	k__Bacteria;p__Firmicutes;c__Clostridia;o__Clostridiales;f__Lachnospiraceae;g__Coprococcus;s__Coprococcus_comes	k__Bacteria;p__Proteobacteria;c__Gammaproteobacteria;o__Enterobacterales;f__Enterobacteriaceae;g__Escherichia;s__Escherichia_coli	k__Bacteria;p__Firmicutes;c__Clostridia;o__Clostridiales;f__Ruminococcaceae;g__Anaerotruncus;s__Anaerotruncus_colihominis	k__Bacteria;p__Firmicutes;c__Clostridia;o__Clostridiales;f__Lachnospiraceae;g__Blautia;s__Blautia_obeum	k__Bacteria;p__Bacteroidetes;c__Bacteroidia;o__Bacteroidales;f__Odoribacteraceae;g__Odoribacter;s__Odoribacter_laneus	k__Bacteria;p__Firmicutes;c__Clostridia;o__Clostridiales;f__Ruminococcaceae;g__Ruminiclostridium;s__[Clostridium]_leptum	k__Bacteria;p__Bacteroidetes;c__Bacteroidia;o__Bacteroidales;f__Porphyromonadaceae;g__Parabacteroides;s__Parabacteroides_goldsteinii	k__Bacteria;p__Firmicutes;c__Clostridia;o__Clostridiales;f__Lachnospiraceae;g__Anaerostipes;s__Anaerostipes_hadrus	k__Bacteria;p__Firmicutes;c__Clostridia;o__Clostridiales;f__Ruminococcaceae;g__Ruminococcus;s__Ruminococcus_lactaris	k__Bacteria;p__Firmicutes;c__Clostridia;o__Clostridiales;f__Clostridiaceae;g__Clostridium;s__Clostridium_sp._L2-50	k__Bacteria;p__Firmicutes;c__Clostridia;o__Clostridiales;f__Clostridiaceae;g__Clostridium;s__Clostridium_sp._M62/1	k__Bacteria;p__Firmicutes;c__Clostridia;o__Clostridiales;f__;g__Intestinimonas;s__Intestinimonas_butyriciproducens	k__Bacteria;p__Actinobacteria;c__Actinobacteria;o__Bifidobacteriales;f__Bifidobacteriaceae;g__Bifidobacterium;s__Bifidobacterium_bifidum	k__Bacteria;p__Firmicutes;c__Negativicutes;o__Veillonellales;f__Veillonellaceae;g__Dialister;s__Dialister_invisus	k__Bacteria;p__Bacteroidetes;c__Bacteroidia;o__Bacteroidales;f__Bacteroidaceae;g__Bacteroides;s__Bacteroides_salanitronis
k__Bacteria;p__Bacteroidetes;c__Bacteroidia;o__Bacteroidales;f__Bacteroidaceae;g__Bacteroides;s__Bacteroides_vulgatus	1.0	-0.0279887261445	-0.023107664416	-0.0358075302394	0.0202014293595	-0.0499961598969	0.0216380784589	0.0265535439917	0.00792125573587	-0.00924747769698	0.0256229143028	0.0163652636058	0.0644232644802	0.00143717540896	0.00437974331838	0.00610163169931	0.0265477437823	-0.00813986785702	-0.0229745783157	0.0513718570434	-0.0277400652752	0.0360887304404	-0.0104220980566	-0.0086272232066	-0.0323795058632	-0.0295049552518	-0.123095098062	-0.02154838575	0.0142230351834	-0.0379778433	0.0374449721914	0.00466071566814	-0.026986883987	0.0307953539048	0.0716406819163	0.0525014964613	0.00605637074241	-0.0369616614054	0.0347611983288	-0.00929917101457	-0.000998168436231	-0.02435915052	-0.0263858378082	-0.0735176501918	0.000712955492142	0.0146742485009	0.00421131105524	-0.00357583006634	-0.0263959885181	0.0122208443281	-0.00323537003904	-0.00473016423023	0.0262378730813	-0.0640667784536	0.00982853380071	-0.00845874142283	-0.0212741883718	-0.043005639494	-0.018460013929
k__Bacteria;p__Bacteroidetes;c__Bacteroidia;o__Bacteroidales;f__Bacteroidaceae;g__Bacteroides;s__Bacteroides_uniformis	-0.0279887261445	1.0	0.0190563897277	-0.00830202000741	0.00534272465093	-0.00896765603994	0.00913329910902	0.0261039372106	0.000786974580096	0.0197620843132	0.0097449491939	-0.0340962312402	-0.0417272586803	0.000681944673188	0.0149826825283	-0.036303202739	-0.00664849411367	0.0119751134866	-0.0241968118997	0.027946714749	0.00307909531937	-0.0536934366845	-0.0761682684055	-0.00755677071191	0.0306092112777	0.0227525695138	0.0338248229697	0.0558590841811	-0.0140272543939	0.014965449144	-0.057253702303	-0.0334770040176	-0.0352643977595	-0.0771167519944	-0.046695989548	-0.0412136516733	-0.0133993439279	-0.0148989255377	0.0321790856715	-0.00341020228992	0.018232721505	0.0216145405883	0.0092309347378	-0.0322753639812	0.0502649722911	-0.0187516439114	0.00573174373629	0.0225683803056	-0.0543770006236	0.0174054453513	-0.0218827076396	-0.0205029380756	-0.0205803512158	-0.0205694260304	0.0296237277855	-0.00655063016155	-0.0111441557916	0.0267652629493	-0.024012079726
k__Bacteria;p__Bacteroidetes;c__Bacteroidia;o__Bacteroidales;f__Rikenellaceae;g__Alistipes;s__Alistipes_putredinis	-0.023107664416	0.0190563897277	1.0	0.0352236131165	-0.00922798894042	-0.0169252499629	-0.0247470947971	-0.0292977393534	-0.0535658952989	-0.0508510351309	-0.0555040865442	0.0548636954213	0.0111740112372	-0.0537126516363	-0.0566288421923	-0.0682601463729	-0.0163011955894	0.0194704229542	-0.0158802092623	-0.0273803321814	0.021812128857	-0.0642280825749	-0.0077004645318	0.0181204159376	0.0141645097549	0.0299812322249	-0.043082397309	-0.0275314885898	-0.00776245948771	0.00966702604596	0.0108760959642	0.041071975194	-0.0137494848039	-0.00485948784928	0.00351659021817	-0.0589340191215	0.0352897422292	0.0113500022849	0.0128489495191	0.0148767472038	-0.0142715349178	0.0373125592759	0.0246426383444	0.0545901070483	0.0257672382758	0.022723797599	-0.0352710111609	-0.0415860380447	-0.0692991630044	-0.0324121576832	0.0131322513542	0.0246049373176	-0.0109137124954	-0.0204013922839	-0.0319988547229	-0.00775969275784	0.0311905719262	-0.0135467178738	0.0045654222411
k__Bacteria;p__Bacteroidetes;c__Bacteroidia;o__Bacteroidales;f__Prevotellaceae;g__Prevotella;s__Prevotella_copri	-0.0358075302394	-0.00830202000741	0.0352236131165	1.0	0.0141227612737	0.0628285847197	-0.0433309696417	0.00601593971713	-0.0129990620642	0.0426558062672	-0.0307127966768	-0.0689112938602	0.0368678449997	-0.0304955736585	-0.00893289783028	0.0295858214203	-0.020818214026	0.017943630687	0.0240693892778	0.00380474192482	-0.025442795098	-0.0216204969116	0.0380712341907	-0.0140306678099	0.0127889544508	-0.0212517775483	0.0566581511177	5.00710950109e-05	0.0368523052989	0.0329016404725	-0.0334999475137	0.03162176686	-0.0230215293859	-0.00504041859581	-0.0283328721012	0.0388794318647	0.016448625575	0.0162818947702	-0.0568559477767	0.0143716249462	-0.00960548375277	0.0363769331598	-0.0811857646973	-0.0106265696607	-0.0182188657554	-0.0059418395159	0.0168860950763	0.0313528438361	-0.0136757254698	-0.0204466004678	0.0129815980973	0.0231890149132	-0.0367224581734	0.00684164106424	-0.0449849387856	0.0195790278415	-0.041246821468	-0.0492935837413	-0.0763441784982
k__Bacteria;p__Bacteroidetes;c__Bacteroidia;o__Bacteroidales;f__Bacteroidaceae;g__Bacteroides;s__Bacteroides_stercoris	0.0202014293595	0.00534272465093	-0.00922798894042	0.0141227612737	1.0	0.00885394948004	-0.0372973108346	0.0030670173247	0.0686721228947	-0.0400276912235	0.0193265504792	-0.0482316959055	-0.0138933263135	0.0724701401044	-0.0588269859142	-0.0367470196391	0.0330244301612	-0.0395042141133	0.0290253270987	0.0278027071528	-0.0287503751423	-0.0268002608169	-0.021471155025	0.0565751920702	-0.0149523634103	0.00253956233979	-0.0150410998414	-0.0201491208307	-0.0153057937804	-0.0169181440095	-0.0137270029355	-0.0194186895207	0.0138034673377	0.00659067543024	-0.0321864796612	-0.034126206379	-0.0048967408184	-0.064942255461	-0.0116653232316	-0.0511069747558	0.0254126835208	0.0148781674375	0.0284459632111	-0.0453080066376	0.0220832198651	0.0219361637682	-0.0369037844417	-0.0311367388406	0.0349533404916	-0.0237233865374	-0.0233521214522	-0.0618372051729	-0.0322464918463	0.00499965056945	-0.0387689983484	-0.0350200475269	-0.0197933916896	-0.00569580050433	0.00189255252234
k__Bacteria;p__Bacteroidetes;c__Bacteroidia;o__Bacteroidales;f__Bacteroidaceae;g__Bacteroides;s__Bacteroides_ovatus	-0.0499961598969	-0.00896765603994	-0.0169252499629	0.0628285847197	0.00885394948004	1.0	0.00788089548492	-0.00934840562964	0.0325337472857	-0.00513636164677	-0.0276592818378	0.00176923458679	-0.00853894655997	-0.00368804995171	-0.00804460443831	0.0235244927189	-0.0151069053924	0.0264093669543	0.0512911817542	-0.0273501351957	-0.0193519588924	-0.043425980739	0.0128885793461	-0.0609611703775	-0.00649894065667	0.0218528487589	0.0429627872409	-0.0137017032188	0.0161271126693	0.0237908766031	-0.0526467807637	-0.047784487523	-0.0236271743081	-0.0145832851696	-0.0492232070104	0.00121382458264	0.0037169398137	-0.0315778534264	0.00667711775906	-0.00314495848812	-0.0234471538462	-0.0214512372984	0.00867637258131	0.0373546735109	0.00224407146111	-0.0307289781247	-0.0174316085887	-0.0344158907281	-0.0130965330295	-0.0272031466774	0.0023312812468	0.0073012431584	0.00482129283597	0.0316611616433	0.0139072796098	-0.040154445405	0.0160620306836	-0.0534692970535	0.00389806153684
k__Bacteria;p__Bacteroidetes;c__Bacteroidia;o__Bacteroidales;f__Rikenellaceae;g__Alistipes;s__Alistipes_shahii	0.0216380784589	0.00913329910902	-0.0247470947971	-0.0433309696417	-0.0372973108346	0.00788089548492	1.0	-0.0296924972133	-0.0483381183875	0.00225928554962	0.0163185036838	-0.00456346550091	-0.03795202057	0.0318881608551	0.0198224615302	0.0345339492657	0.0391652672226	0.0149390096342	-0.0538401569168	0.0174259853452	0.0158552404826	0.0354764096161	0.0180924591754	-0.0368303568805	-0.0629827791848	0.0107319452699	-0.00244074855451	-0.0296570883752	-0.0329360562398	-0.0639628736344	0.00824164081304	0.0155014864589	-0.0349341652413	-0.00075691493806	0.0671591286621	0.00248465187608	0.00578508687867	0.0117219948832	0.00278638773994	0.0279770485209	0.00725808251826	0.000263125562794	0.0536964910474	-0.0655958765467	0.0159464183505	-0.0198303022817	-0.0412595594305	0.0170890088925	0.0361905094473	0.00540854051943	-0.0211645399552	0.0304102894548	0.0389570086009	-0.0134477174256	-0.0232972400991	-0.022755228145	-0.061006490521	-0.0280412570067	-0.0211750042462
k__Bacteria;p__Firmicutes;c__Clostridia;o__Clostridiales;f__Ruminococcaceae;g__Faecalibacterium;s__Faecalibacterium_prausnitzii	0.0265535439917	0.0261039372106	-0.0292977393534	0.00601593971713	0.0030670173247	-0.00934840562964	-0.0296924972133	1.0	0.0547063269195	-0.0372341334763	-0.00789286643689	-0.0384756312583	1.41798886691e-05	-0.0111078494835	0.0248342486531	-0.0540172904596	-0.00505869285917	-0.0362879903754	-0.028767734612	-0.0023438554077	3.98814131814e-05	-0.0336570222893	-0.0453322766604	-0.0363749007823	-0.0148399284463	-0.00352037524255	0.0270390767119	0.013692835758	0.00533965912967	-0.00378825636946	-0.00373965310037	-0.0200323339263	0.0499469971902	0.0376067932682	-0.0196107740788	0.0199009922644	0.0387139819181	-0.0229730582334	0.0699511709833	0.0040181490293	-0.0328258102937	0.00137818250456	0.00818763855312	0.0152844818992	0.0158773739131	-0.0824764732651	-0.0210608718529	-0.0592078558274	-0.0243313024338	0.0161711881748	0.020923094779	0.00065680281572	-0.00765706474054	0.00417418971625	-0.0178935672436	-0.0270114785787	0.00617822476016	-0.0531658614104	0.00721816303339
k__Bacteria;p__Bacteroidetes;c__Bacteroidia;o__Bacteroidales;f__Rikenellaceae;g__Alistipes;s__Alistipes_finegoldii	0.00792125573587	0.000786974580096	-0.0535658952989	-0.0129990620642	0.0686721228947	0.0325337472857	-0.0483381183875	0.0547063269195	1.0	-0.0772926132696	-0.00643532157953	0.0129329546858	0.0124174014576	0.030822023335	-0.0177104251061	-0.00621439425378	-0.0108102492308	-0.0148302784031	0.0114630133026	-0.0358844827131	0.024087497856	-0.00117922516246	-0.0666608162903	-0.0504634744067	0.0068484409302	-0.00577594350981	-0.061052299537	-0.048828793633	0.01349291093	-0.00923276643715	-0.0311160590883	-0.014041067368	-0.0210405470318	-0.042987820836	0.0940119258433	0.0157227571582	-0.0609683186316	-0.0218229968703	-0.0137517579307	-0.0340221394585	-0.0462065815007	0.000970323591881	0.0393461114138	-0.0670052782593	0.00852386002356	-0.00689074214336	-0.0143269632343	0.0166736932536	-0.0424176595399	-0.0725244174264	-0.0454641836569	0.0641550070802	0.00663774379835	0.00872378969172	-0.0571572967184	-0.0135888086655	-0.0599270322984	0.0115283456267	0.0248376595566
k__Bacteria;p__Bacteroidetes;c__Bacteroidia;o__Bacteroidales;f__Porphyromonadaceae;g__Parabacteroides;s__Parabacteroides_distasonis	-0.00924747769698	0.0197620843132	-0.0508510351309	0.0426558062672	-0.0400276912235	-0.00513636164677	0.00225928554962	-0.0372341334763	-0.0772926132696	1.0	-0.0711135460633	-0.0537847196661	-0.0769034757783	0.00706621168614	-0.00178820923693	0.0269562863551	0.0331862938638	-0.00736561041997	-0.0616830354726	-0.0118016157281	0.0313079192625	-0.0388696609111	0.020350482462	-0.0139824078026	0.00450679202179	0.00684679869043	0.0108869382157	-0.0344264362281	0.0320404262066	-0.00489327430924	0.0229872900321	0.00843720489045	-0.0288381910177	-0.0168143587758	0.00504942858996	0.0105627835801	0.0187250477743	0.0446574659942	0.00831587000668	-0.0510133110655	0.0168306434381	0.0262121754133	-0.0153725295233	-0.0045382215886	-0.0166325560451	-0.0176850659158	0.0140856801944	0.0114925006879	0.0097335552811	-0.00219543032241	-0.00862892685438	-0.0486003790568	-0.0221239960307	0.00865122338564	-0.0178078171598	0.0294887942302	-0.0116907305958	-0.0714765409614	0.0246063831725
k__Bacteria;p__Bacteroidetes;c__Bacteroidia;o__Bacteroidales;f__Bacteroidaceae;g__Bacteroides;s__Bacteroides_thetaiotaomicron	0.0256229143028	0.0097449491939	-0.0555040865442	-0.0307127966768	0.0193265504792	-0.0276592818378	0.0163185036838	-0.00789286643689	-0.00643532157953	-0.0711135460633	1.0	-0.00720040377455	-0.0170898486931	-0.0393563337951	0.00140878607658	-0.0426635711842	0.00431037171285	-0.0226086672402	-0.0156928581515	-0.00908079111494	0.00663282788021	-0.000533890530797	-0.0125035233906	-0.0188201236826	-0.0117792426406	0.0798931307741	-0.0251756425799	0.00514474565357	-0.0528417747326	0.025173080791	0.0347319604563	0.00464384910066	0.0154946045819	0.00516381172047	0.0387561964255	0.00826256696563	-0.0223088616027	-0.0391236031827	-0.0424855693916	-0.0037158735803	-0.041650050003	0.0200080764082	0.013931623703	0.0686379532962	-0.0225882303517	0.0217590879384	-0.0362801089334	-0.013481633477	-0.00668855322568	-0.014107558788	-0.00458610837734	-0.0221658228296	-0.0231530683576	-0.0499354094034	-0.0124343503587	0.0565507576552	-0.092272502743	0.0129248090992	-0.0257741150208
k__Bacteria;p__Bacteroidetes;c__Bacteroidia;o__Bacteroidales;f__Bacteroidaceae;g__Bacteroides;s__Bacteroides_coprocola	0.0163652636058	-0.0340962312402	0.0548636954213	-0.0689112938602	-0.0482316959055	0.00176923458679	-0.00456346550091	-0.0384756312583	0.0129329546858	-0.0537847196661	-0.00720040377455	1.0	-0.0318257297347	-0.0424377631405	0.0183492366576	0.0103553599344	-0.00414140527808	-0.0395683187622	-0.00209538315668	-0.0131086010972	-0.00321926243673	-0.0210846419352	0.00381237201283	-0.0141161325833	0.0252494383803	0.0189590393743	-0.0260492217976	0.00402988679253	0.00882798593287	0.0412377397657	0.011378872584	-0.012671112155	-0.0337462936837	0.0441023413845	0.00141659479242	0.00343243382626	0.0189319878371	-0.0144204405756	-0.0110283898952	0.0231266228802	0.0082467779659	-0.0147751085599	0.0273060241726	-0.00508323352178	0.000928442999707	0.0435458321554	0.0108351327067	0.0346254014607	-0.0339248313571	-0.00648241520155	0.00144468089874	-0.0221361646809	-0.00369571523993	-0.0154220521365	0.0121073065781	-0.0487524699661	0.043588187187	0.0484931539135	-0.0263415279351
k__Bacteria;p__Bacteroidetes;c__Bacteroidia;o__Bacteroidales;f__Bacteroidaceae;g__Bacteroides;s__Bacteroides_cellulosilyticus	0.0644232644802	-0.0417272586803	0.0111740112372	0.0368678449997	-0.0138933263135	-0.00853894655997	-0.03795202057	1.41798886691e-05	0.0124174014576	-0.0769034757783	-0.0170898486931	-0.0318257297347	1.0	-0.00888563220106	0.0406865222981	-0.0151388784984	-0.0529253611904	0.0523902579155	0.047225044703	0.0546788303479	-0.0237179739469	-0.0484235421497	0.00370023144127	0.00584973357219	-0.0180075811589	-0.00754247791449	-0.0184463525935	0.00978433646994	-0.0220930218009	-0.0259417447984	-0.0413184854273	-0.00330086720514	-0.0117721150125	-0.00871806087229	0.000312676924166	-0.0302095604027	-0.0137897181325	-0.00681932384463	-0.00293963320505	-0.0103381845834	0.0184406019302	-0.0312394620676	-0.0353168286916	0.00892882150336	0.0649910256474	-0.0428859449934	-0.0223238846637	-0.0192245665515	0.0190342061317	0.0326260141692	0.00260898701055	-0.0439120739102	0.0345721583711	-0.0122391183819	-0.0241455290409	-0.0897867639558	0.0135975087006	0.037547303034	-0.00102344515291
k__Bacteria;p__Bacteroidetes;c__Bacteroidia;o__Bacteroidales;f__Rikenellaceae;g__Alistipes;s__Alistipes_obesi	0.00143717540896	0.000681944673188	-0.0537126516363	-0.0304955736585	0.0724701401044	-0.00368804995171	0.0318881608551	-0.0111078494835	0.030822023335	0.00706621168614	-0.0393563337951	-0.0424377631405	-0.00888563220106	1.0	0.0122955593622	-0.0193089818386	0.0235456882184	0.0232555747806	-0.0704788042824	-0.0226886781134	-0.00352067083667	-0.00151431846155	-0.0658196399863	0.0452373299727	0.00976950931174	-0.0354072265047	-0.0123388309842	-0.021397918327	-0.0144284073461	-0.0516031355531	0.0248562147752	-0.00652538701424	-0.0755513763963	-0.0260737829472	-0.0601102980295	0.0850538395789	-0.0114083812101	-0.0165842202178	0.0185311596598	-0.0131944098889	-0.0571605163686	0.0277455900571	-0.00443368727735	0.0152161984371	-0.0172798156522	-0.0172249089049	-0.0367457759562	0.0235648021735	-0.0344952099769	0.0367474275476	-0.0334793842538	0.0385065903253	-0.047238193137	0.0591273450427	0.0138538264034	0.00358063701728	0.00760162947837	0.0161687926817	0.000254714039209
k__Bacteria;p__Firmicutes;c__Clostridia;o__Clostridiales;f__Lachnospiraceae;g__;s__[Eubacterium]_rectale	0.00437974331838	0.0149826825283	-0.0566288421923	-0.00893289783028	-0.0588269859142	-0.00804460443831	0.0198224615302	0.0248342486531	-0.0177104251061	-0.00178820923693	0.00140878607658	0.0183492366576	0.0406865222981	0.0122955593622	1.0	0.00818334414073	-0.0159987146204	-0.013235306507	-0.0224039542357	0.0323974197544	0.0338589098271	-0.055403644779	-0.0178961393846	0.071768679563	-0.0110410802439	-0.0278463808566	-0.0144083021704	-0.0361128716169	-0.00916179164135	-0.0376465539196	0.0134538951346	-0.0274127105684	-0.00539368598004	-0.0294279338837	-0.0170400253326	0.0428856675317	-0.0331725027601	-0.08914492338	0.00668074701865	0.00663930679544	-0.041473507011	0.0058481949961	-0.0104612006711	-0.0377130662193	0.0377710676475	-0.0227005545613	-0.0204929049645	0.0129238839437	-0.0344584976477	0.0170970005068	0.0326324481229	-0.0416448731057	0.0252250735039	-0.0188860155528	0.00535286584576	-0.0682395549676	-0.0114025787395	0.00164658447812	-0.0051945760048
k__Bacteria;p__Bacteroidetes;c__Bacteroidia;o__Bacteroidales;f__Bacteroidaceae;g__Bacteroides;s__Bacteroides_plebeius	0.00610163169931	-0.036303202739	-0.0682601463729	0.0295858214203	-0.0367470196391	0.0235244927189	0.0345339492657	-0.0540172904596	-0.00621439425378	0.0269562863551	-0.0426635711842	0.0103553599344	-0.0151388784984	-0.0193089818386	0.00818334414073	1.0	0.0396964232193	-0.0495065155772	0.0282562590475	0.00807349976544	-0.0487193000931	-0.0138081785157	-0.0127984612317	0.0191341222754	0.0254994096354	-0.000782843200899	-0.0199710489275	0.0107039117355	-0.0354312075438	0.0271292577798	-0.00881910830626	0.00539360213264	0.00734570638722	0.0106581099522	0.0363616411848	0.0046879609281	0.00754972856735	0.0373899533557	-0.0110960359575	0.023320028414	0.0592942498791	0.0277438990203	-0.0209488454054	-0.0534167339348	-0.0392168458954	0.0240424898504	-0.000980890162004	-0.0555981721429	0.00524285670208	-0.0351162172502	-0.0208769820898	-0.054226894261	-0.0058763613667	0.0468377036039	0.032132761304	-0.0475222830986	-0.0131214217536	0.010231737196	-0.0462578996578
k__Bacteria;p__Bacteroidetes;c__Bacteroidia;o__Bacteroidales;f__Bacteroidaceae;g__Bacteroides;s__Bacteroides_fragilis	0.0265477437823	-0.00664849411367	-0.0163011955894	-0.020818214026	0.0330244301612	-0.0151069053924	0.0391652672226	-0.00505869285917	-0.0108102492308	0.0331862938638	0.00431037171285	-0.00414140527808	-0.0529253611904	0.0235456882184	-0.0159987146204	0.0396964232193	1.0	-0.0300616210388	-0.0254616648504	-0.023751905199	-0.0198637477996	0.0329470744366	-0.0500922493177	0.0596105961481	-0.0158718212933	-0.0383028822814	0.00108202639562	0.0107897239072	-0.0207924570745	-0.0440330969126	-0.0116357083427	0.00394219401423	-0.0434152226241	0.0145094560914	0.0471548986474	-0.0528718537087	-0.0256613663779	0.0321432264896	-0.000917023584545	-0.0212587696619	0.0466060678324	-0.0202626288443	-0.0438266057706	-0.0651325171638	-0.0482302101419	-0.0325649071523	0.0280250409076	-0.0360464966836	0.00715614849083	-0.0610212638218	0.044248361933	-0.0576694955935	0.00815612925243	-0.0128215535054	0.0339265731837	-0.0367572406516	-0.0552470555397	0.00446787224376	-0.0240550121585
k__Bacteria;p__Proteobacteria;c__Betaproteobacteria;o__Burkholderiales;f__Sutterellaceae;g__Sutterella;s__Sutterella_wadsworthensis	-0.00813986785702	0.0119751134866	0.0194704229542	0.017943630687	-0.0395042141133	0.0264093669543	0.0149390096342	-0.0362879903754	-0.0148302784031	-0.00736561041997	-0.0226086672402	-0.0395683187622	0.0523902579155	0.0232555747806	-0.013235306507	-0.0495065155772	-0.0300616210388	1.0	0.00528670144088	-0.023494699934	-0.00708286553394	0.0176142414952	-0.0151134744552	-0.0337818001691	-0.000282057052938	-0.0240665120718	0.0261439477346	-0.0721967998161	-0.0297203371849	0.0463718078679	-0.0345008359832	-0.00544968132924	0.00245875835819	-0.00342328360612	0.0153123838822	-0.0409397019017	0.0219977594104	-0.0139779803961	-0.0210540742368	0.0182453251136	-0.0855821730704	-0.0558845433826	0.00298607073057	0.0231728441347	0.00431631495977	0.0235289738535	0.0317188937627	0.00484721933284	0.00282829517528	0.0128731585336	0.0188425787201	-0.0262637211473	-0.0279855850243	-0.0600195076677	0.0110139414977	0.0182917665438	0.0341694190749	0.00693492378544	-0.0435175365794
k__Bacteria;p__Bacteroidetes;c__Bacteroidia;o__Bacteroidales;f__Porphyromonadaceae;g__Barnesiella;s__Barnesiella_intestinihominis	-0.0229745783157	-0.0241968118997	-0.0158802092623	0.0240693892778	0.0290253270987	0.0512911817542	-0.0538401569168	-0.028767734612	0.0114630133026	-0.0616830354726	-0.0156928581515	-0.00209538315668	0.047225044703	-0.0704788042824	-0.0224039542357	0.0282562590475	-0.0254616648504	0.00528670144088	1.0	0.0253579190386	0.0323501795483	0.0117350125769	0.0103405154992	0.000138219578778	0.0157114756196	-0.0412708745822	-0.025956367277	0.0548493500923	-0.0125346477466	-0.0571192594045	-0.0454827425923	-0.00785577830049	0.0318343777031	0.00912950836807	0.0324884292286	0.0202720467242	0.0340750230392	0.0265671633084	-0.0730765992144	-0.0108317372672	-0.0157247313133	-0.0291680055256	-0.0201407458865	-0.0136795515377	-0.00743184844654	0.0291857979061	-0.0230647317219	-0.0496498618599	0.0248403503551	-0.0470919886021	-0.0440256393139	0.02454539664	0.00963641009422	0.00797344021957	-0.0297734791125	-0.0473113034323	0.0256637750541	-0.0389588946298	-0.0414785519363
k__Bacteria;p__Bacteroidetes;c__Bacteroidia;o__Bacteroidales;f__Odoribacteraceae;g__Odoribacter;s__Odoribacter_splanchnicus	0.0513718570434	0.027946714749	-0.0273803321814	0.00380474192482	0.0278027071528	-0.0273501351957	0.0174259853452	-0.0023438554077	-0.0358844827131	-0.0118016157281	-0.00908079111494	-0.0131086010972	0.0546788303479	-0.0226886781134	0.0323974197544	0.00807349976544	-0.023751905199	-0.023494699934	0.0253579190386	1.0	-0.0126818102251	-0.0265763017536	0.0505791707846	0.00635074798467	-0.0186197359325	-0.0103812209823	-0.0374018271281	0.0526826447988	-0.0563725776315	0.00213059131674	-0.0193192473843	0.00625893720502	-0.0448101945707	-0.0191750217825	0.0812900271006	-0.00354787103947	-0.0647681456397	-0.00351210066802	-0.00965436309031	-0.020868178677	-0.00867094231452	0.00482294004805	-0.00876146695249	-0.00659932102137	0.0222795290697	-0.0287793749244	-0.0170117037443	0.031886148574	-0.00996348117354	0.00132349419278	0.0150500383434	-0.0474115650022	0.00563167192332	-0.0329507817913	0.0286833653703	0.000570092288264	0.00101082013729	-0.0399654662844	0.0690830148787
k__Bacteria;p__Bacteroidetes;c__Bacteroidia;o__Bacteroidales;f__Bacteroidaceae;g__Bacteroides;s__Bacteroides_salyersiae	-0.0277400652752	0.00307909531937	0.021812128857	-0.025442795098	-0.0287503751423	-0.0193519588924	0.0158552404826	3.98814131814e-05	0.024087497856	0.0313079192625	0.00663282788021	-0.00321926243673	-0.0237179739469	-0.00352067083667	0.0338589098271	-0.0487193000931	-0.0198637477996	-0.00708286553394	0.0323501795483	-0.0126818102251	1.0	0.0236719174208	-0.00880589763608	-0.0136503624537	0.00166832872211	0.0212196356079	-0.0226926881124	-0.0342636040859	0.0286712053784	-0.0227109182269	0.0251901573985	-0.0333151128855	-0.0596835065029	-0.0413552247495	0.068741839319	0.00577353611817	-0.0645339627119	0.0568961803346	-0.0116704492929	0.0127450847077	-0.0266310178801	0.0141090345329	-0.0258773932572	-0.0443231576782	-0.0151178441789	-0.0371489683551	-0.0475583191525	-0.0158326697126	0.00352902773409	-0.0654482554633	-0.000349020006689	0.0329049944212	0.00465404523238	-0.026647180767	-0.0411286069971	0.00953213605097	-0.0110113183859	0.0134815238661	-0.0168211328616
k__Bacteria;p__Firmicutes;c__Clostridia;o__Clostridiales;f__Ruminococcaceae;g__Ruminiclostridium;s__[Eubacterium]_siraeum	0.0360887304404	-0.0536934366845	-0.0642280825749	-0.0216204969116	-0.0268002608169	-0.043425980739	0.0354764096161	-0.0336570222893	-0.00117922516246	-0.0388696609111	-0.000533890530797	-0.0210846419352	-0.0484235421497	-0.00151431846155	-0.055403644779	-0.0138081785157	0.0329470744366	0.0176142414952	0.0117350125769	-0.0265763017536	0.0236719174208	1.0	-0.01421003801	0.0498758238054	-0.0151395013636	-0.025350995857	0.00862636583884	-0.00470384387031	0.00307955397275	-0.0228922350168	0.00780280183198	0.00481136890323	-0.0306257261642	-0.00454100636793	-0.012316669816	-0.0484500182411	-0.0308700069193	-0.0289696890864	0.0512830175214	0.0449554246076	0.0215592116871	-0.00172775685929	0.0295048821234	0.000287908573534	0.0211448487265	0.0178308022365	-0.0122612009559	-0.0387328593223	0.0224515119529	-0.0355681499297	0.0372876774317	0.0332273982139	0.021172880149	0.0388833250031	0.0343806072787	0.0616079304293	-0.0660881255755	0.0175298494598	-0.00713431046217
k__Bacteria;p__Proteobacteria;c__Betaproteobacteria;o__Burkholderiales;f__Sutterellaceae;g__Parasutterella;s__Parasutterella_excrementihominis	-0.0104220980566	-0.0761682684055	-0.0077004645318	0.0380712341907	-0.021471155025	0.0128885793461	0.0180924591754	-0.0453322766604	-0.0666608162903	0.020350482462	-0.0125035233906	0.00381237201283	0.00370023144127	-0.0658196399863	-0.0178961393846	-0.0127984612317	-0.0500922493177	-0.0151134744552	0.0103405154992	0.0505791707846	-0.00880589763608	-0.01421003801	1.0	-0.0113723641805	-0.0077879500329	0.0108555143068	0.0341409830789	-0.0434856416433	0.00552958831674	0.0164466240697	0.0358566818299	-0.0109100697578	-0.00367116557109	0.0393360485522	0.00585075899985	0.0145241383715	-0.0242689598405	0.0585930669662	-0.0859324463391	0.0105273284518	-0.0477432395452	0.0438913259033	-0.0201437822671	0.072409661125	-0.0188694936241	-0.0208505954502	0.0274085837956	0.00926648701692	-0.0159044488671	-0.0401051798288	-0.0251590245099	-0.0208684340452	-0.00438411918919	-0.0386135808017	-0.0453174811849	-0.00812305970036	-0.0283373674567	0.0143291268216	-0.0134568438225
k__Bacteria;p__Actinobacteria;c__Actinobacteria;o__Bifidobacteriales;f__Bifidobacteriaceae;g__Bifidobacterium;s__Bifidobacterium_adolescentis	-0.0086272232066	-0.00755677071191	0.0181204159376	-0.0140306678099	0.0565751920702	-0.0609611703775	-0.0368303568805	-0.0363749007823	-0.0504634744067	-0.0139824078026	-0.0188201236826	-0.0141161325833	0.00584973357219	0.0452373299727	0.071768679563	0.0191341222754	0.0596105961481	-0.0337818001691	0.000138219578778	0.00635074798467	-0.0136503624537	0.0498758238054	-0.0113723641805	1.0	-0.0233711295037	-0.0436484171685	0.00820110195918	0.0337823458133	0.0400936292464	-0.0292467632862	-0.0787371210893	-0.00509047400637	-0.0286605477061	-0.029697310227	-0.0333351654367	-0.0400698398382	-0.00843086440871	0.0225803324431	0.0367463733422	0.053377085037	-0.0545456332583	0.0185231198565	-0.0416776637265	0.0271454464329	-0.0350030589661	0.0310562024474	0.00526147530992	-0.0356138529778	0.0283224872997	0.0084453624447	-0.0223199165059	-0.00576382605058	0.0059565475183	-0.0781285984669	-0.0535751821623	-0.0310447841128	0.0160303003302	-0.024888185187	-0.00695841796806
k__Bacteria;p__Firmicutes;c__Clostridia;o__Clostridiales;f__Oscillospiraceae;g__Oscillibacter;s__Oscillibacter_sp._KLE_1745	-0.0323795058632	0.0306092112777	0.0141645097549	0.0127889544508	-0.0149523634103	-0.00649894065667	-0.0629827791848	-0.0148399284463	0.0068484409302	0.00450679202179	-0.0117792426406	0.0252494383803	-0.0180075811589	0.00976950931174	-0.0110410802439	0.0254994096354	-0.0158718212933	-0.000282057052938	0.0157114756196	-0.0186197359325	0.00166832872211	-0.0151395013636	-0.0077879500329	-0.0233711295037	1.0	-0.0342752174384	0.0185330975362	0.0190870891297	-0.00592373516752	0.0168127192452	-0.0550244828795	-0.00895754563646	-0.0404232821833	-0.0527585987346	0.00183654228529	0.020123019788	-0.063348875019	0.0350558853298	-0.0442331780221	-0.0213751897768	0.0149082728998	0.000139904749137	0.00138649870328	0.0241201464741	-0.00201313824808	-0.0116670528994	0.018584539219	0.0249306782255	0.0450591148153	0.0156352892104	-0.064287544571	-0.0322821404242	-0.0133120070899	-0.0236852695749	-0.0365709218739	-0.0548047566382	-0.0375443642759	0.00388708699037	-0.0314058676351
k__Bacteria;p__Bacteroidetes;c__Bacteroidia;o__Bacteroidales;f__Bacteroidaceae;g__Bacteroides;s__Bacteroides_coprophilus	-0.0295049552518	0.0227525695138	0.0299812322249	-0.0212517775483	0.00253956233979	0.0218528487589	0.0107319452699	-0.00352037524255	-0.00577594350981	0.00684679869043	0.0798931307741	0.0189590393743	-0.00754247791449	-0.0354072265047	-0.0278463808566	-0.000782843200899	-0.0383028822814	-0.0240665120718	-0.0412708745822	-0.0103812209823	0.0212196356079	-0.025350995857	0.0108555143068	-0.0436484171685	-0.0342752174384	1.0	-0.0436951858805	-0.0257997203124	-0.00977222724069	-0.0492262502394	0.00470091903655	-0.0564451604154	0.0486718807751	0.0511257564921	-0.0166425376938	0.00180351641343	0.0368206264931	0.00359090697326	-0.039070700987	-0.0539121323506	-0.0231374332799	-0.0234832035753	0.0216325585936	-0.000709404396828	-0.0022840531049	0.0363268071161	-0.0223467459426	-0.046376035121	0.0134656120255	0.0245795840605	0.0187798635452	-0.013302673223	0.00230626892932	-0.0232814407558	-0.0369773119123	-0.011099043762	0.00685077484955	-0.0287886697508	-0.00107342678258
k__Bacteria;p__Firmicutes;c__Clostridia;o__Clostridiales;f__Lachnospiraceae;g__Roseburia;s__Roseburia_intestinalis	-0.123095098062	0.0338248229697	-0.043082397309	0.0566581511177	-0.0150410998414	0.0429627872409	-0.00244074855451	0.0270390767119	-0.061052299537	0.0108869382157	-0.0251756425799	-0.0260492217976	-0.0184463525935	-0.0123388309842	-0.0144083021704	-0.0199710489275	0.00108202639562	0.0261439477346	-0.025956367277	-0.0374018271281	-0.0226926881124	0.00862636583884	0.0341409830789	0.00820110195918	0.0185330975362	-0.0436951858805	1.0	0.00360086663803	-0.0186373639708	-0.0492694941348	-0.0218081458145	-0.0272021444091	0.00467996661093	0.0121512558258	-0.0446863450143	0.000379822662484	0.0804674161131	0.04774114475	0.0225664847263	0.0207513176397	-0.0840271878474	0.0407311045884	0.0101729105983	-0.0549191710251	-0.0209669913237	0.0200622381296	0.0239633214224	-0.052031855171	-0.0348392827066	0.0233690015965	-0.0103272326271	0.00590955797405	0.0390120388544	0.0445860024179	0.0259549552202	-0.0167730358101	-0.0018746507802	0.0258609837036	-0.0109593775279
k__Bacteria;p__Firmicutes;c__Clostridia;o__Clostridiales;f__Lachnospiraceae;g__Roseburia;s__Roseburia_hominis	-0.02154838575	0.0558590841811	-0.0275314885898	5.00710950109e-05	-0.0201491208307	-0.0137017032188	-0.0296570883752	0.013692835758	-0.048828793633	-0.0344264362281	0.00514474565357	0.00402988679253	0.00978433646993	-0.021397918327	-0.0361128716169	0.0107039117355	0.0107897239072	-0.0721967998161	0.0548493500923	0.0526826447988	-0.0342636040859	-0.00470384387031	-0.0434856416433	0.0337823458133	0.0190870891297	-0.0257997203124	0.00360086663803	1.0	-0.0633957219045	-0.00333880669149	0.00148035006841	-0.0143504408353	-0.0397202962279	-0.0258508147609	-0.00292587587875	0.00889558732062	-0.031580643658	0.0326290061483	0.0130575244222	-0.0322952900866	0.00836040893339	-0.0587961908468	-0.00141879320182	-0.0070385074001	-0.00554454710846	-0.0641982065014	-0.0474589260461	0.0012349101557	0.0239076488021	0.0325618135521	0.039814341151	0.0173176002172	-0.0433986192365	-0.0321804523729	0.0508573909843	0.0384779362184	0.0184434867422	-0.0486618445315	-0.00839450891731
k__Bacteria;p__Bacteroidetes;c__Bacteroidia;o__Bacteroidales;f__Porphyromonadaceae;g__Parabacteroides;s__Parabacteroides_johnsonii	0.0142230351834	-0.0140272543939	-0.00776245948771	0.0368523052989	-0.0153057937804	0.0161271126693	-0.0329360562398	0.00533965912967	0.01349291093	0.0320404262066	-0.0528417747326	0.00882798593287	-0.0220930218009	-0.0144284073461	-0.00916179164135	-0.0354312075438	-0.0207924570745	-0.0297203371849	-0.0125346477466	-0.0563725776315	0.0286712053784	0.00307955397275	0.00552958831674	0.0400936292464	-0.00592373516752	-0.00977222724069	-0.0186373639708	-0.0633957219045	1.0	0.0135109089211	-0.00804720426695	-0.00813536533001	0.0168963047818	-0.0375187825659	-0.0279874497195	-0.0418677363504	-0.00789477715702	-0.047295493641	0.0411644648845	-0.00640824413647	-0.00310076091129	-0.0509713156827	-0.00817250210844	0.0116012852157	-0.00846993977959	-0.023454732041	-0.0912321481437	-0.0115649167183	-0.0295445881394	-0.0201595158866	-0.0288833539202	-0.00153094642316	-0.0364795828751	0.0225094010083	-0.0662073772684	0.030553029607	-0.0111093504408	0.00402843200671	-0.0274725098976
k__Bacteria;p__Actinobacteria;c__Actinobacteria;o__Bifidobacteriales;f__Bifidobacteriaceae;g__Bifidobacterium;s__Bifidobacterium_longum	-0.0379778433	0.014965449144	0.00966702604596	0.0329016404725	-0.0169181440095	0.0237908766031	-0.0639628736344	-0.00378825636946	-0.00923276643715	-0.00489327430924	0.025173080791	0.0412377397657	-0.0259417447984	-0.0516031355531	-0.0376465539196	0.0271292577798	-0.0440330969126	0.0463718078679	-0.0571192594045	0.00213059131674	-0.0227109182269	-0.0228922350168	0.0164466240697	-0.0292467632862	0.0168127192452	-0.0492262502394	-0.0492694941348	-0.00333880669149	0.0135109089211	1.0	-0.0821028667576	-0.0523002337426	-0.00839325509001	0.0232705647686	-0.0165909221082	0.0483645996458	0.0099965597761	0.0547304929401	-0.000773748371036	0.0323052211732	0.0514599198766	0.00286008479702	-0.0525492168081	0.0104521694002	-0.0255214474219	-0.034420566235	-0.025597701251	-0.0460144869307	-0.0512277173495	-0.0254169844487	-0.0361081282994	0.0752711184375	0.00599108549303	0.00656558778516	0.0114255143566	-0.0620507627193	0.0134722329301	-0.027418037711	0.0236931005722
