#taxonomy	k__Bacteria;p__Bacteroidetes;c__Bacteroidia;o__Bacteroidales;f__Bacteroidaceae;g__Bacteroides;s__Bacteroides_vulgatus	k__Bacteria;p__Bacteroidetes;c__Bacteroidia;o__Bacteroidales;f__Bacteroidaceae;g__Bacteroides;s__Bacteroides_uniformis	k__Bacteria;p__Bacteroidetes;c__Bacteroidia;o__Bacteroidales;f__Rikenellaceae;g__Alistipes;s__Alistipes_putredinis	k__Bacteria;p__Bacteroidetes;c__Bacteroidia;o__Bacteroidales;f__Prevotellaceae;g__Prevotella;s__Prevotella_copri	k__Bacteria;p__Bacteroidetes;c__Bacteroidia;o__Bacteroidales;f__Bacteroidaceae;g__Bacteroides;s__Bacteroides_stercoris	k__Bacteria;p__Bacteroidetes;c__Bacteroidia;o__Bacteroidales;f__Bacteroidaceae;g__Bacteroides;s__Bacteroides_ovatus	k__Bacteria;p__Bacteroidetes;c__Bacteroidia;o__Bacteroidales;f__Rikenellaceae;g__Alistipes;s__Alistipes_shahii	k__Bacteria;p__Firmicutes;c__Clostridia;o__Clostridiales;f__Ruminococcaceae;g__Faecalibacterium;s__Faecalibacterium_prausnitzii	k__Bacteria;p__Bacteroidetes;c__Bacteroidia;o__Bacteroidales;f__Rikenellaceae;g__Alistipes;s__Alistipes_finegoldii	k__Bacteria;p__Bacteroidetes;c__Bacteroidia;o__Bacteroidales;f__Porphyromonadaceae;g__Parabacteroides;s__Parabacteroides_distasonis	k__Bacteria;p__Bacteroidetes;c__Bacteroidia;o__Bacteroidales;f__Bacteroidaceae;g__Bacteroides;s__Bacteroides_thetaiotaomicron	k__Bacteria;p__Bacteroidetes;c__Bacteroidia;o__Bacteroidales;f__Bacteroidaceae;g__Bacteroides;s__Bacteroides_coprocola	k__Bacteria;p__Bacteroidetes;c__Bacteroidia;o__Bacteroidales;f__Bacteroidaceae;g__Bacteroides;s__Bacteroides_cellulosilyticus	k__Bacteria;p__Bacteroidetes;c__Bacteroidia;o__Bacteroidales;f__Rikenellaceae;g__Alistipes;s__Alistipes_obesi	k__Bacteria;p__Firmicutes;c__Clostridia;o__Clostridiales;f__Lachnospiraceae;g__;s__[Eubacterium]_rectale	k__Bacteria;p__Bacteroidetes;c__Bacteroidia;o__Bacteroidales;f__Bacteroidaceae;g__Bacteroides;s__Bacteroides_plebeius	k__Bacteria;p__Bacteroidetes;c__Bacteroidia;o__Bacteroidales;f__Bacteroidaceae;g__Bacteroides;s__Bacteroides_fragilis	k__Bacteria;p__Proteobacteria;c__Betaproteobacteria;o__Burkholderiales;f__Sutterellaceae;g__Sutterella;s__Sutterella_wadsworthensis	k__Bacteria;p__Bacteroidetes;c__Bacteroidia;o__Bacteroidales;f__Porphyromonadaceae;g__Barnesiella;s__Barnesiella_intestinihominis	k__Bacteria;p__Bacteroidetes;c__Bacteroidia;o__Bacteroidales;f__Odoribacteraceae;g__Odoribacter;s__Odoribacter_splanchnicus	k__Bacteria;p__Bacteroidetes;c__Bacteroidia;o__Bacteroidales;f__Bacteroidaceae;g__Bacteroides;s__Bacteroides_salyersiae	k__Bacteria;p__Firmicutes;c__Clostridia;o__Clostridiales;f__Ruminococcaceae;g__Ruminiclostridium;s__[Eubacterium]_siraeum	k__Bacteria;p__Proteobacteria;c__Betaproteobacteria;o__Burkholderiales;f__Sutterellaceae;g__Parasutterella;s__Parasutterella_excrementihominis	k__Bacteria;p__Actinobacteria;c__Actinobacteria;o__Bifidobacteriales;f__Bifidobacteriaceae;g__Bifidobacterium;s__Bifidobacterium_adolescentis	k__Bacteria;p__Firmicutes;c__Clostridia;o__Clostridiales;f__Oscillospiraceae;g__Oscillibacter;s__Oscillibacter_sp._KLE_1745	k__Bacteria;p__Bacteroidetes;c__Bacteroidia;o__Bacteroidales;f__Bacteroidaceae;g__Bacteroides;s__Bacteroides_coprophilus	k__Bacteria;p__Firmicutes;c__Clostridia;o__Clostridiales;f__Lachnospiraceae;g__Roseburia;s__Roseburia_intestinalis	k__Bacteria;p__Firmicutes;c__Clostridia;o__Clostridiales;f__Lachnospiraceae;g__Roseburia;s__Roseburia_hominis	k__Bacteria;p__Bacteroidetes;c__Bacteroidia;o__Bacteroidales;f__Porphyromonadaceae;g__Parabacteroides;s__Parabacteroides_johnsonii	k__Bacteria;p__Actinobacteria;c__Actinobacteria;o__Bifidobacteriales;f__Bifidobacteriaceae;g__Bifidobacterium;s__Bifidobacterium_longum	k__Bacteria;p__Firmicutes;c__Clostridia;o__Clostridiales;f__;g__Flavonifractor;s__Flavonifractor_plautii	k__Bacteria;p__Firmicutes;c__Clostridia;o__Clostridiales;f__Clostridiaceae;g__Clostridium;s__Clostridium_phoceensis	k__Bacteria;p__Verrucomicrobia;c__Verrucomicrobiae;o__Verrucomicrobiales;f__Akkermansiaceae;g__Akkermansia;s__Akkermansia_muciniphila	k__Bacteria;p__Bacteroidetes;c__Bacteroidia;o__Bacteroidales;f__Prevotellaceae;g__Paraprevotella;s__Paraprevotella_xylaniphila	k__Bacteria;p__Firmicutes;c__Clostridia;o__Clostridiales;f__Ruminococcaceae;g__Ruminococcus;s__Ruminococcus_callidus	k__Bacteria;p__Bacteroidetes;c__Bacteroidia;o__Bacteroidales;f__Rikenellaceae;g__Alistipes;s__Alistipes_senegalensis	k__Bacteria;p__Firmicutes;c__Clostridia;o__Clostridiales;f__Lachnospiraceae;g__Blautia;s__Blautia_sp._KLE_1732	k__Bacteria;p__Bacteroidetes;c__Bacteroidia;o__Bacteroidales;f__Bacteroidaceae;g__Bacteroides;s__Bacteroides_oleiciplenus	k__Bacteria;p__Firmicutes;c__Clostridia;o__Clostridiales;f__Ruminococcaceae;g__Ruminococcus;s__Ruminococcus_bicirculans	k__Bacteria;p__Bacteroidetes;c__Bacteroidia;o__Bacteroidales;f__Bacteroidaceae;g__Bacteroides;s__Bacteroides_fluxus	k__Bacteria;p__Bacteroidetes;c__Bacteroidia;o__Bacteroidales;f__Prevotellaceae;g__Prevotella;s__Prevotella_stercorea	k__Bacteria;p__Firmicutes;c__Clostridia;o__Clostridiales;f__Lachnospiraceae;g__Dorea;s__Dorea_longicatena	k__Bacteria;p__Firmicutes;c__Clostridia;o__Clostridiales;f__Eubacteriaceae;g__Eubacterium;s__[Eubacterium]_eligens	k__Bacteria;p__Firmicutes;c__Clostridia;o__Clostridiales;f__Ruminococcaceae;g__;s__Ruminococcaceae_bacterium_D16	k__Bacteria;p__Firmicutes;c__Clostridia;o__Clostridiales;f__Lachnospiraceae;g__Coprococcus;s__Coprococcus_comes	k__Bacteria;p__Proteobacteria;c__Gammaproteobacteria;o__Enterobacterales;f__Enterobacteriaceae;g__Escherichia;s__Escherichia_coli	k__Bacteria;p__Firmicutes;c__Clostridia;o__Clostridiales;f__Ruminococcaceae;g__Anaerotruncus;s__Anaerotruncus_colihominis	k__Bacteria;p__Firmicutes;c__Clostridia;o__Clostridiales;f__Lachnospiraceae;g__Blautia;s__Blautia_obeum	k__Bacteria;p__Bacteroidetes;c__Bacteroidia;o__Bacteroidales;f__Odoribacteraceae;g__Odoribacter;s__Odoribacter_laneus	k__Bacteria;p__Firmicutes;c__Clostridia;o__Clostridiales;f__Ruminococcaceae;g__Ruminiclostridium;s__[Clostridium]_leptum	k__Bacteria;p__Bacteroidetes;c__Bacteroidia;o__Bacteroidales;f__Porphyromonadaceae;g__Parabacteroides;s__Parabacteroides_goldsteinii	k__Bacteria;p__Firmicutes;c__Clostridia;o__Clostridiales;f__Lachnospiraceae;g__Anaerostipes;s__Anaerostipes_hadrus	k__Bacteria;p__Firmicutes;c__Clostridia;o__Clostridiales;f__Ruminococcaceae;g__Ruminococcus;s__Ruminococcus_lactaris	k__Bacteria;p__Firmicutes;c__Clostridia;o__Clostridiales;f__Clostridiaceae;g__Clostridium;s__Clostridium_sp._L2-50	k__Bacteria;p__Firmicutes;c__Clostridia;o__Clostridiales;f__Clostridiaceae;g__Clostridium;s__Clostridium_sp._M62/1	k__Bacteria;p__Firmicutes;c__Clostridia;o__Clostridiales;f__;g__Intestinimonas;s__Intestinimonas_butyriciproducens	k__Bacteria;p__Actinobacteria;c__Actinobacteria;o__Bifidobacteriales;f__Bifidobacteriaceae;g__Bifidobacterium;s__Bifidobacterium_bifidum	k__Bacteria;p__Firmicutes;c__Negativicutes;o__Veillonellales;f__Veillonellaceae;g__Dialister;s__Dialister_invisus	k__Bacteria;p__Bacteroidetes;c__Bacteroidia;o__Bacteroidales;f__Bacteroidaceae;g__Bacteroides;s__Bacteroides_salanitronis
k__Bacteria;p__Bacteroidetes;c__Bacteroidia;o__Bacteroidales;f__Bacteroidaceae;g__Bacteroides;s__Bacteroides_vulgatus	1.0	-0.0483571573415	-0.00918182689075	0.0284117354098	0.047084279999	-0.074523422946	-0.0235076449564	-0.0124793356124	0.00619038594858	0.00775962770691	-0.0164734524567	0.0292354771598	-0.0323038973825	-0.0116129249427	0.0212421597624	-0.00841141117879	0.00171699156524	-0.046045866408	-0.00370920883993	0.00984479100551	-0.0171271182118	-0.0142400255745	-0.0193523688745	0.0102985265274	-0.0332830796545	-0.0231027223023	0.00172542103957	-0.0402007117367	0.00552719547916	0.00741741992943	0.0294140952582	0.00749449206178	-0.0612644059721	-0.0545566668476	-0.00244281420132	-0.0178751523111	0.00147553045539	0.00130501179654	0.0506949808148	-0.0261361749437	0.0368458992062	-0.0512650330588	0.0416557644604	-0.0262595716796	-0.0479345090513	-0.0177908178236	0.0098505813091	-0.0374209889077	0.0574917291599	-0.0828369269469	-0.00603204690488	-0.0198998638936	-0.0239332051358	0.00461537340684	0.00294853386225	-0.00843637694252	-0.0508646274429	0.0476099606993	-0.0326699351284
k__Bacteria;p__Bacteroidetes;c__Bacteroidia;o__Bacteroidales;f__Bacteroidaceae;g__Bacteroides;s__Bacteroides_uniformis	-0.0483571573415	1.0	0.000244093567099	-0.0658301181581	0.00622496062348	-0.0127374684989	-0.0129121273283	0.00192742039792	0.0191869170929	-0.0577683969934	0.00938209952115	-0.0275941150526	0.0095300372274	0.0115158371591	-0.0252316183306	-0.0128614213022	7.65624185718e-05	-0.0193809271471	-0.00849915150138	-0.0582729654518	-0.0277522102805	-0.00559934560904	-0.0508263522213	0.0292541696399	0.00813461580362	0.0453434877611	-0.0136578629404	-0.0789444429112	0.0521453043775	-0.0324062766694	-0.0312331293353	-0.0095562303535	-0.0664826210172	-0.0666528086085	-0.0426220496881	-0.00264973071174	0.0182950170102	-0.00278409971541	-0.0288158616298	0.0468579306267	0.0147706896125	0.0152899896165	-0.0252902918633	0.0418583863486	-0.0440156735225	-0.0302563500239	0.0402018172782	0.00560689566116	0.0283866682476	-0.0176339015093	0.0169434608852	0.015416411407	0.0134992389233	0.0192512214066	0.022426191319	-0.025729023118	-0.0246138837419	0.0549085572949	-0.0187168423088
k__Bacteria;p__Bacteroidetes;c__Bacteroidia;o__Bacteroidales;f__Rikenellaceae;g__Alistipes;s__Alistipes_putredinis	-0.00918182689075	0.000244093567099	1.0	-0.0657557686299	0.0587347387604	0.0241674340207	0.0333005003865	0.0104649434169	0.0111506483828	0.00283980669156	-0.0308154185477	0.00191251322498	0.0166962883896	-0.0140654920284	-0.0518323121253	-0.0300147835183	-0.00308750482737	0.00277192980575	0.03823161774	0.0322782867639	-0.0380179534655	-0.0161360227383	-0.0272807169765	0.0254479066448	-0.0334451806539	-0.0126780868498	0.0241763954334	-0.0809369781206	0.00243045116292	0.00909252458063	-0.0287061550878	-0.0125683501922	-0.0158739303299	-0.0175271763732	0.0256585051106	0.0283278675061	0.000280960794909	-0.0269874717239	-0.028291545764	0.0591367868008	0.0459322115453	0.0511979884162	-0.0176825915298	-0.0421199462191	0.0494880671786	0.00358648357803	-0.00755771093246	0.0214796398464	0.0275233842507	-0.0462914895773	0.0354973705866	-0.0294886813922	-0.0426099051573	-0.013593146533	-0.0119106740826	0.0597044572261	0.00353567130133	0.0280687893602	-0.0436703054699
k__Bacteria;p__Bacteroidetes;c__Bacteroidia;o__Bacteroidales;f__Prevotellaceae;g__Prevotella;s__Prevotella_copri	0.0284117354098	-0.0658301181581	-0.0657557686299	1.0	-0.0475936632039	-0.0370643208808	-0.0406515556417	-0.0235161379487	0.0320772011748	0.0124155367598	-0.0191713832536	-0.0353966959484	0.0127079702213	-0.00265447940289	-0.0531810829301	-0.0405018463781	0.0176201308659	0.0711186997328	-0.0201061251389	-0.00307969689307	-0.00364137018425	-0.0270479267306	0.0219766716621	-0.0133224911125	0.00776543349521	-0.0425432612686	0.0361939832491	-0.019014651915	0.015557526468	-0.0236316289491	-0.0198639537895	0.0384212948994	0.0183911697968	0.0086394492559	0.0379770883513	0.0267907309738	-0.00753805288648	-0.0250265192184	-0.0552399663968	-0.0561844757877	-0.0138521310959	-0.0321673831673	-0.0246553635504	-0.00181591945735	-0.0336040030817	-0.0851409681986	-0.00777243954264	-0.0241414494457	0.0113778244058	0.0227816777568	0.041129037341	0.00191149738509	0.00482142096609	-0.0101000272855	-0.00476983141517	0.0232653636355	0.0171398172388	0.00808685221091	0.0257937998797
k__Bacteria;p__Bacteroidetes;c__Bacteroidia;o__Bacteroidales;f__Bacteroidaceae;g__Bacteroides;s__Bacteroides_stercoris	0.047084279999	0.00622496062348	0.0587347387604	-0.0475936632039	1.0	-0.0160115037379	-0.0216930308498	0.00755896097875	0.000433031563007	-0.0461258597548	0.0107377502854	-0.0508984757241	0.0493647213482	-0.0131081045198	-0.00128776585685	0.00524363131046	0.00575759256562	0.0324522856037	-0.0696218647459	0.0575431916102	0.0512648118754	-0.00576333263858	0.000705577095033	0.0191692097814	0.0181729982868	-0.0298375815421	-0.0454039713701	0.0128866949186	-0.000214237520526	-0.0517210573738	-0.0184023653718	0.0327203218412	-0.00997086708954	-0.00985480439749	0.0284399688939	-0.011768857868	-0.032012725245	0.00503974959274	0.0154157266319	-0.00877592257746	-0.0330372422948	-0.0356842165023	-0.0277998640832	-0.0424682930442	0.0187874186486	-0.0770831385683	-0.049927849738	-0.0239022298229	-0.0187187048444	0.0756011161198	-0.0321379512645	0.0355558823075	-0.0122870509352	-0.0153155793953	-0.0327647640355	-0.0296904519964	0.0187075661194	-0.0436037300198	-0.0132575797738
k__Bacteria;p__Bacteroidetes;c__Bacteroidia;o__Bacteroidales;f__Bacteroidaceae;g__Bacteroides;s__Bacteroides_ovatus	-0.074523422946	-0.0127374684989	0.0241674340207	-0.0370643208808	-0.0160115037379	1.0	0.00677272425254	-0.0114024199883	0.0398724859356	-0.0659048638533	0.0610127282254	-0.0729155953106	-0.00440918124914	-0.0284191117544	0.0117232513633	0.000599669886355	-0.0395106861168	-0.0433902048175	0.00509288178126	0.00402117029989	-0.00117245052599	0.0296272847722	0.0132201030574	-0.0102530289262	0.00733586614297	-0.0672043079417	0.00219472454359	-0.0477251014236	-0.014348567504	-0.00234292248262	-0.0173789017595	-0.0365239511286	-0.0148160578522	0.0131135800885	-0.0177599332187	-0.028439731022	0.0404311801357	0.041742379786	-0.0216144309238	-0.00942238535828	0.014135322801	0.0237365357141	-0.0587424591033	-0.00460011430036	0.053877921719	-0.0104961534006	-0.00157971750556	-0.0185331068892	0.0842499755344	-0.0276140595295	0.0365777511277	0.0496641608863	-0.0399882287651	-0.0305217475252	0.000693583397351	0.0169455583352	0.0574959146002	0.0563027689602	-0.0296646159014
k__Bacteria;p__Bacteroidetes;c__Bacteroidia;o__Bacteroidales;f__Rikenellaceae;g__Alistipes;s__Alistipes_shahii	-0.0235076449564	-0.0129121273283	0.0333005003865	-0.0406515556417	-0.0216930308498	0.00677272425254	1.0	-0.00611803827769	0.0134745221627	-0.0291048703398	-0.00150585074378	-0.00287969242716	-0.00257491168952	0.035784201669	-0.0123759654794	0.0262412112679	0.0073840287482	-0.0133620452281	0.0129567405361	0.0236588725378	0.0149802430243	-0.0231612827963	-0.0146374411017	-0.0174580428833	-0.0141198696373	-0.020458335505	0.0182768123578	0.0289717791274	-0.0477593314442	-0.00622016726817	0.0164849215074	-0.0132438451169	-0.0578552830057	0.00467637076471	-0.0302635809799	0.0250710108443	0.0351667462532	-0.00837521676416	0.0344231309364	-0.0238241995253	-0.0419424304849	0.0221625971779	-0.00145206131955	-0.000213789037063	-0.0375048638004	-0.0483990495125	0.02863310907	-0.0527003570763	0.0313008165315	-0.0135813041973	0.0210751674646	-0.0302590428304	-0.0144382490745	-0.0114187270642	0.0284270192641	0.0775556123842	0.00475500873431	-0.0805388116522	-0.0214892148815
k__Bacteria;p__Firmicutes;c__Clostridia;o__Clostridiales;f__Ruminococcaceae;g__Faecalibacterium;s__Faecalibacterium_prausnitzii	-0.0124793356124	0.00192742039792	0.0104649434169	-0.0235161379487	0.00755896097875	-0.0114024199883	-0.00611803827769	1.0	-0.0139359657635	0.00938647921899	0.0261337795557	0.0565633265805	-0.0260877573573	-0.0204273157161	-0.0029547205373	-0.0110245454056	0.0232207499556	0.0501476656018	-0.0142832682611	0.0137358282284	-0.0209605634304	-0.0109293677028	-0.0406687849053	0.00783308966486	0.024122496827	-0.00230064953075	-0.0121745187386	-0.01577520652	-0.0449443358544	0.0210468287286	0.0268794842045	-0.0336091865951	-0.0118251781121	-0.0048404814915	-0.0212200998534	0.0211434701302	0.011049669027	0.0108061671618	-0.0740261508869	-0.0191267823037	-0.0457888218056	-0.0235503292875	-1.4295742037e-06	0.0378365798178	-0.0445879851535	-0.0414257362687	0.0479485727585	0.00503683239482	-0.0165284578919	-0.018761245014	-0.0657215119761	-0.0112182575903	0.0123670337861	0.00166751179391	-0.0404067818245	0.0130489269632	-0.0385756711332	-0.00719430743592	-0.00121648969229
k__Bacteria;p__Bacteroidetes;c__Bacteroidia;o__Bacteroidales;f__Rikenellaceae;g__Alistipes;s__Alistipes_finegoldii	0.00619038594858	0.0191869170929	0.0111506483828	0.0320772011748	0.000433031563007	0.0398724859356	0.0134745221627	-0.0139359657635	1.0	-0.0160274153923	-0.0698723028746	-0.0251132388406	0.00686287675511	-0.0110456827851	-0.0411687925583	-0.00413857164043	-0.0355238122988	-0.0584615589134	0.0419858809822	-0.035233291576	0.0299677501994	0.019526454293	-0.039886717967	-0.0262835510405	-0.00846098847416	-0.0385195643036	-0.0617095288789	-0.0353990945297	0.0260022725194	-0.0238286491036	0.00759041286215	0.0170863509645	-0.0446843411979	0.0410931133921	-0.0030463823899	0.0396806641001	0.000297599876194	-0.0149217647254	0.0593554961212	-0.0357738473917	-0.0267619417812	-0.0134948179176	-0.0802352851083	0.0787236104408	0.00631439148961	-0.0488456979389	0.0191054709394	0.0217806328161	-0.00965915184157	0.0658638483862	0.0652343463158	-0.0270390333952	-0.0526446970943	-0.0082251523275	-0.00763482082982	0.00972191139142	0.0232023363799	-0.0402899136675	-0.00707129162593
k__Bacteria;p__Bacteroidetes;c__Bacteroidia;o__Bacteroidales;f__Porphyromonadaceae;g__Parabacteroides;s__Parabacteroides_distasonis	0.00775962770691	-0.0577683969934	0.00283980669156	0.0124155367598	-0.0461258597548	-0.0659048638533	-0.0291048703398	0.00938647921899	-0.0160274153923	1.0	0.0280442513902	0.0107120979777	-0.00160469668794	0.0243884890058	0.00771206440481	-0.0167168952861	-0.00325882224706	0.030856792165	-0.0397637234825	-0.0161704811801	-0.00613459440679	0.00518625937932	-0.0141636222012	0.0111961973487	0.0077317398688	0.0120763920979	0.0293590980309	0.00736630196285	0.00186917372008	-0.0819095379524	-0.0251740903582	-0.0182638610348	0.0049608231841	0.0278245865192	0.00677879389862	-0.0114170265971	0.0119097788298	0.018369347064	0.0201117410236	-0.0293693490318	-0.0168363818098	-0.0204107205921	0.025593860404	-0.0135731398164	-0.0208880823454	-0.0138674968266	0.0717876009396	-0.0218950956799	0.00296480303341	0.0586289873011	8.25975113815e-05	-0.00272855271126	0.0312814807081	-0.0753219590877	-0.0215007622087	0.013000096289	-0.0401102422408	0.0161781132487	-0.0414565785484
k__Bacteria;p__Bacteroidetes;c__Bacteroidia;o__Bacteroidales;f__Bacteroidaceae;g__Bacteroides;s__Bacteroides_thetaiotaomicron	-0.0164734524567	0.00938209952115	-0.0308154185477	-0.0191713832536	0.0107377502854	0.0610127282254	-0.00150585074378	0.0261337795557	-0.0698723028746	0.0280442513902	1.0	-0.0668502637872	-0.0126125771553	0.00419553498462	-0.0237074599338	-0.0265549155143	0.00119442274089	-0.00431541591499	-0.0283129286656	-0.038203874675	-0.031392828328	-0.0353771170083	0.0368800674556	0.0391269362843	-0.0181275060878	-0.0422607152104	0.000973243783414	0.0429334425899	0.0331375911129	-0.0380514374202	-0.0218538714345	0.00759097973345	-0.0384788244833	-0.0381522962355	0.0369807044603	-0.0121123965708	-0.0312876373206	0.0125389386863	-0.0169687876429	-0.010587795627	0.00532951119749	-0.0569436759841	-0.00318522478978	0.0359656433758	-0.0846837011236	-0.0416850144833	-0.0559099347807	-0.0472033041506	0.0285114226571	-0.00913476163178	-0.00468492874508	0.0252564825423	0.0026451553819	0.0647865565798	-0.0188239979096	0.0466852831397	-0.0188055670734	-0.0278468294754	0.0157644781833
k__Bacteria;p__Bacteroidetes;c__Bacteroidia;o__Bacteroidales;f__Bacteroidaceae;g__Bacteroides;s__Bacteroides_coprocola	0.0292354771598	-0.0275941150526	0.00191251322498	-0.0353966959484	-0.0508984757241	-0.0729155953106	-0.00287969242716	0.0565633265805	-0.0251132388406	0.0107120979777	-0.0668502637872	1.0	-0.0177755675608	0.0373263557147	-0.00487473041803	0.00669989303146	-0.00272412422486	-0.000560940955967	0.0277793181799	-0.0265556286701	-0.0222561965852	0.0434248976636	-0.00943674415644	-0.00236668714264	-0.00604176934361	0.0261394403317	-0.0397897807768	-0.0176788567186	0.00638010052516	0.0299720266112	-0.0155615485024	0.0666229581195	0.0100390813237	-0.0397122136736	0.00900837419244	0.0576878912407	-0.0183755609204	0.00594783436749	0.0610649117519	-0.010256006952	0.0546038939958	0.0157070172223	0.00347485292864	-0.0340110123958	0.00955953162582	-0.0388945112001	0.026174422315	-0.0627034326181	-0.0445674874353	-0.0158353151783	-0.0935991511745	-0.0434309778467	0.0184506439613	-0.0370274261997	-0.0171374883855	0.0187968625085	-0.0509362558877	0.0356446499451	-0.00728037259601
k__Bacteria;p__Bacteroidetes;c__Bacteroidia;o__Bacteroidales;f__Bacteroidaceae;g__Bacteroides;s__Bacteroides_cellulosilyticus	-0.0323038973825	0.0095300372274	0.0166962883896	0.0127079702213	0.0493647213482	-0.00440918124914	-0.00257491168952	-0.0260877573573	0.00686287675511	-0.00160469668794	-0.0126125771553	-0.0177755675608	1.0	-0.0405028339088	0.010035650328	0.0129523946398	-0.032472488209	0.00415512775602	-0.0822525428086	-0.00855739401309	0.0112311619737	0.00551965361929	-0.0322666683943	-0.0659634321994	-0.00171190901808	0.0515455290909	-0.064328402824	0.0557162663572	-0.041610312674	-0.0364692783021	-0.012221906941	0.0226510215765	-0.021159161568	0.0298814812365	-3.92463872687e-05	0.00911274362284	-0.00811974864421	-0.0849833039996	0.000174084347233	0.0358198417029	-0.0629605656511	0.00987472955791	0.00940528596814	-0.00656792466157	-0.0200464433005	-0.0144638606453	-0.0522763204906	0.0189195554233	-0.0100343254519	0.0013691553037	0.00305915112007	0.0348137088226	-0.0276243527877	0.034907102632	0.000544384911281	-0.0602324686194	-0.012462506486	0.0103388035701	-0.00328821672103
k__Bacteria;p__Bacteroidetes;c__Bacteroidia;o__Bacteroidales;f__Rikenellaceae;g__Alistipes;s__Alistipes_obesi	-0.0116129249427	0.0115158371591	-0.0140654920284	-0.00265447940289	-0.0131081045198	-0.0284191117544	0.035784201669	-0.0204273157161	-0.0110456827851	0.0243884890058	0.00419553498462	0.0373263557147	-0.0405028339088	1.0	-0.0278418413807	-0.00256319216683	-0.0654819229147	-0.08461481099	-0.0282298297399	0.00678255126417	-0.00569471629161	0.0731988835315	0.0136275062591	0.0604589995848	-0.0312168547793	-0.0190560183581	0.0229698474595	0.0159441814688	0.0196009897285	-0.000611997724486	0.000583112058654	-0.0198996024298	0.0209832237741	0.0154784509718	-0.0429258804909	-0.0254178267813	-0.00957577472687	-0.0259772205549	-0.00935109637047	0.0416375294172	-0.030879312782	0.0164274450703	-0.0396949493867	-0.0176692072697	-0.0158017529479	-0.00820415601021	-0.0502157925333	0.0131193086711	-0.0339809863214	0.0239337438302	0.0173933760401	0.0132642202076	-0.0147235463356	0.0123744636474	0.021173598397	0.0132200920068	-0.0381389188852	-0.0154409458801	0.0102757320275
k__Bacteria;p__Firmicutes;c__Clostridia;o__Clostridiales;f__Lachnospiraceae;g__;s__[Eubacterium]_rectale	0.0212421597624	-0.0252316183306	-0.0518323121253	-0.0531810829301	-0.00128776585685	0.0117232513633	-0.0123759654794	-0.0029547205373	-0.0411687925583	0.00771206440481	-0.0237074599338	-0.00487473041803	0.010035650328	-0.0278418413807	1.0	-0.0183520555633	0.0330973750254	-0.0309571261432	-0.0345350141698	0.00769292920365	-0.00985163402493	-0.0204035951978	-0.0293321379038	0.00896561798328	0.0162388003192	-0.0495076674759	-0.0344668258626	-0.00733608439512	-0.00489016614317	-0.00261810923995	0.0615617887766	-0.0299026200536	0.000613724198165	0.00236514517853	-0.0611931061923	0.00647939092825	-0.0033834538404	0.0748965564138	0.0211774154113	-0.01971555595	-0.0483165610282	-0.00238615962653	-0.0631751191259	0.00378094998035	-0.00765120917325	0.0197066767746	0.00951962615215	0.00974647126261	-0.0314982484762	-0.0134422586734	-0.0336616630841	-0.00785729272105	-0.00889733753846	-0.0145361173686	-0.0107395147771	0.0294744171193	0.0123052479585	-0.0124306713504	0.0371616927017
k__Bacteria;p__Bacteroidetes;c__Bacteroidia;o__Bacteroidales;f__Bacteroidaceae;g__Bacteroides;s__Bacteroides_plebeius	-0.00841141117879	-0.0128614213022	-0.0300147835183	-0.0405018463781	0.00524363131046	0.000599669886355	0.0262412112679	-0.0110245454056	-0.00413857164043	-0.0167168952861	-0.0265549155143	0.00669989303146	0.0129523946398	-0.00256319216683	-0.0183520555633	1.0	-0.0526729057675	0.0438671042313	-0.0172617892212	0.00799738686848	-0.0429868137536	0.021535037819	0.0205565061817	-0.0536273900549	-0.020054935325	-0.00767962077598	0.0173501399679	-0.00184266473996	-0.0336421520579	-0.039888907992	-0.0408845468081	-0.0193556899199	-0.0764644751739	-0.0558184030604	-0.00613844303437	0.0422490473241	-0.00357273631316	-0.000966981456434	-0.0574513747408	0.0237674634725	-0.0247376445547	-0.0148885658025	0.011223488213	-0.0845252623564	0.00729130056106	-0.0372832919941	0.0147488721395	0.0272137549288	0.0275002136144	0.00671720400701	-0.0134722296816	-0.00422850913603	0.0265160260587	-0.0115529162209	-0.0320453000053	0.0264752661648	-0.0307183694935	0.0227616663755	0.0105667123582
k__Bacteria;p__Bacteroidetes;c__Bacteroidia;o__Bacteroidales;f__Bacteroidaceae;g__Bacteroides;s__Bacteroides_fragilis	0.00171699156524	7.65624185717e-05	-0.00308750482737	0.0176201308659	0.00575759256562	-0.0395106861168	0.0073840287482	0.0232207499556	-0.0355238122988	-0.00325882224706	0.00119442274089	-0.00272412422486	-0.032472488209	-0.0654819229147	0.0330973750254	-0.0526729057675	1.0	-0.0429420590585	-0.0181699900603	-0.0183796795007	-0.0786004564638	0.0132605801498	-0.0226178434115	0.00849616627959	0.013798934486	-0.00716728732651	0.0219511601853	-0.0164340164035	0.00896791633885	-0.0121337993066	-0.0141941719491	-0.00185648734223	0.00626844056193	0.00291228984523	0.023253496379	-0.029144243096	-0.0220697081001	0.0137821943358	0.0357902822388	0.0120048199973	0.0709668363055	-0.0370890767891	0.0349205858829	-0.0143069268053	0.000762470532745	-0.0219800762407	-0.0197310636024	-0.0318332669383	-0.0124302355225	0.00387607772523	-0.0424076447292	-0.0315883243643	-0.0467433593486	-0.0237458539153	-0.0206562660493	-0.0428858314043	-0.0147681053253	0.00247674413068	0.0116760418257
k__Bacteria;p__Proteobacteria;c__Betaproteobacteria;o__Burkholderiales;f__Sutterellaceae;g__Sutterella;s__Sutterella_wadsworthensis	-0.046045866408	-0.0193809271471	0.00277192980575	0.0711186997328	0.0324522856037	-0.0433902048175	-0.0133620452281	0.0501476656018	-0.0584615589134	0.030856792165	-0.00431541591499	-0.000560940955967	0.00415512775602	-0.08461481099	-0.0309571261432	0.0438671042313	-0.0429420590585	1.0	-0.0100224023753	-0.0454501971021	-0.0249855642326	-0.0253200544888	-0.0326838926504	-0.00233277275604	0.0567333511411	-0.041691789583	0.0522069161804	-0.00810124002184	-0.0292854209944	0.034466033347	0.0488354798277	0.0237093148845	-0.0176458517198	-0.0295527453642	0.00258736963533	-0.0930300166027	0.0349088891179	0.0168975740463	-0.0408226494554	0.000150690480795	0.0753676437408	-0.0441662239854	0.025337555157	0.0147710558408	0.0259359509093	-0.022726783965	-0.0174417093113	-0.0235734961901	-0.0116420784899	-0.00398540627202	-0.0371520008446	-0.073553240993	0.0329993051861	0.0394823923115	-0.0154275451492	0.00551533966047	-0.0313597944586	-0.0306648895426	-0.0150482858538
k__Bacteria;p__Bacteroidetes;c__Bacteroidia;o__Bacteroidales;f__Porphyromonadaceae;g__Barnesiella;s__Barnesiella_intestinihominis	-0.00370920883993	-0.00849915150138	0.03823161774	-0.0201061251389	-0.0696218647459	0.00509288178126	0.0129567405361	-0.0142832682611	0.0419858809822	-0.0397637234825	-0.0283129286656	0.0277793181799	-0.0822525428086	-0.0282298297399	-0.0345350141698	-0.0172617892212	-0.0181699900603	-0.0100224023753	1.0	0.0495374836333	-0.0333547570376	-0.0908124546124	-0.0190338362371	-0.00696953412131	0.00421579864469	-0.033817153772	-0.0253576228397	0.0690972606858	-0.0139034756305	0.0400497994027	-0.0290821684811	-0.00352232211172	0.00438172713325	-0.0165842387227	-0.0334605850733	0.0425281341537	0.0458118777843	0.0330457556169	-0.00678646433736	0.030614326586	-0.0458718223335	-0.017343596297	-0.035870821445	0.0162818872324	0.0205057322404	-0.0684758022909	0.0057553414757	-0.00902920832806	-0.038369616612	0.0334453848886	0.0178524757629	-0.0568068416391	0.044987424698	-0.0160592704189	0.0472322651093	0.0121962738438	-0.0723176320678	-0.024278604288	0.0299846938778
k__Bacteria;p__Bacteroidetes;c__Bacteroidia;o__Bacteroidales;f__Odoribacteraceae;g__Odoribacter;s__Odoribacter_splanchnicus	0.00984479100551	-0.0582729654518	0.0322782867639	-0.00307969689307	0.0575431916102	0.00402117029989	0.0236588725378	0.0137358282284	-0.035233291576	-0.0161704811801	-0.038203874675	-0.0265556286701	-0.00855739401309	0.00678255126417	0.00769292920365	0.00799738686848	-0.0183796795007	-0.0454501971021	0.0495374836333	1.0	-0.0116349491057	-0.00704068181198	0.0264557151703	0.00973421752124	0.0305752457635	-0.030977244644	0.00890914075553	-0.0238550370107	-0.0049964221628	-0.0296239515709	0.0166842129609	-0.0226076755488	0.0244564927606	-0.0143097956311	-0.0105003003622	-0.0309693769006	-0.0141518632745	0.0220242584715	0.00700518728238	-0.0408526303363	0.0285064057005	0.0295108462474	0.027564244099	-0.0496804047826	-0.00487494819002	-0.0285528309416	0.0290339234178	-0.023695733673	-0.0385947778419	-0.0271290215302	0.0561789964174	-0.009237763531	0.0125573179679	-0.0493236292618	-0.0682743460544	0.0528645100179	0.00106149295726	-0.0399302970554	-0.00665032836601
k__Bacteria;p__Bacteroidetes;c__Bacteroidia;o__Bacteroidales;f__Bacteroidaceae;g__Bacteroides;s__Bacteroides_salyersiae	-0.0171271182118	-0.0277522102805	-0.0380179534655	-0.00364137018425	0.0512648118754	-0.00117245052599	0.0149802430243	-0.0209605634304	0.0299677501994	-0.00613459440679	-0.031392828328	-0.0222561965852	0.0112311619737	-0.00569471629161	-0.00985163402493	-0.0429868137536	-0.0786004564638	-0.0249855642326	-0.0333547570376	-0.0116349491057	1.0	-0.019391926107	0.000207308916178	0.0137149014536	0.0215347058122	0.0650716007562	-0.0353814641786	-0.053479051401	0.069470204702	-0.0294990459662	0.0252071993107	-0.0384211676141	-0.00160587621212	-0.00587245072162	-0.00324556541022	0.0370518187629	0.0306732625094	-0.00701049212721	5.81489172994e-05	-0.0234371531938	-0.00604682968052	0.0323542168861	0.0193583542554	0.0182731199193	-0.0192294797033	-0.0196826682125	-0.00580957345026	0.100678696152	-0.0365303213383	-0.00486013698321	0.0351277133227	-2.55246609612e-05	-0.0482957417978	-0.00522701417737	-0.00222965130743	-0.0414069487577	0.0695558990402	0.019146496102	-0.0124400222604
k__Bacteria;p__Firmicutes;c__Clostridia;o__Clostridiales;f__Ruminococcaceae;g__Ruminiclostridium;s__[Eubacterium]_siraeum	-0.0142400255745	-0.00559934560904	-0.0161360227383	-0.0270479267306	-0.00576333263858	0.0296272847722	-0.0231612827963	-0.0109293677028	0.019526454293	0.00518625937932	-0.0353771170083	0.0434248976636	0.00551965361929	0.0731988835315	-0.0204035951978	0.021535037819	0.0132605801498	-0.0253200544888	-0.0908124546124	-0.00704068181198	-0.019391926107	1.0	-0.0160745666069	0.0129101227208	-0.0393924655305	0.0120507621269	-0.0215835778267	-0.0215332793414	0.00227008440373	0.0289402649039	-0.0541640408517	-0.0174512621918	0.0110239648077	0.00805620154052	-0.0315256684432	0.0260695239153	-0.0216130677168	-0.0324081267848	0.0103356004602	-0.0371859603428	0.00237296209625	0.0502502345518	0.0578454544929	-0.0374362148463	-0.0299613653342	-0.0128740349533	-0.0358077954808	-0.0100318715922	-0.0382046132694	0.00735759413065	-0.0388453286859	-0.00779886411115	-0.0398239518141	-0.0392119426172	0.025442437442	-0.10101636876	-0.0197604131783	0.0130022921506	-0.00345418712018
k__Bacteria;p__Proteobacteria;c__Betaproteobacteria;o__Burkholderiales;f__Sutterellaceae;g__Parasutterella;s__Parasutterella_excrementihominis	-0.0193523688745	-0.0508263522213	-0.0272807169765	0.0219766716621	0.000705577095033	0.0132201030574	-0.0146374411017	-0.0406687849053	-0.039886717967	-0.0141636222012	0.0368800674556	-0.00943674415644	-0.0322666683943	0.0136275062591	-0.0293321379038	0.0205565061817	-0.0226178434115	-0.0326838926504	-0.0190338362371	0.0264557151703	0.000207308916178	-0.0160745666069	1.0	0.00353495948034	0.00850291341999	-0.00819333234235	-0.0386132117319	0.0149700443279	0.0368970292776	-0.0288890960473	-0.048266358179	-0.0197891180074	0.000400366286463	0.0201991713193	0.0547773737767	0.0208012296288	0.00466029308164	-0.0386585064387	-0.00697471830707	0.0265874469615	-0.0114177789544	-0.0235973714725	-0.0375993975128	-0.0234935491486	-0.0232785559765	-0.00364156660913	-0.0365887458209	-0.00930650827656	-0.0456751393524	-0.0042450598977	0.0161630234103	-0.0358146121032	-0.0555023102304	-0.0332985717628	0.00610363015473	-0.0307512190313	0.000398340204239	-0.070357955498	-0.00464784241528
k__Bacteria;p__Actinobacteria;c__Actinobacteria;o__Bifidobacteriales;f__Bifidobacteriaceae;g__Bifidobacterium;s__Bifidobacterium_adolescentis	0.0102985265274	0.0292541696399	0.0254479066448	-0.0133224911125	0.0191692097814	-0.0102530289262	-0.0174580428833	0.00783308966486	-0.0262835510405	0.0111961973487	0.0391269362843	-0.00236668714264	-0.0659634321994	0.0604589995848	0.00896561798328	-0.0536273900549	0.00849616627959	-0.00233277275604	-0.00696953412131	0.00973421752124	0.0137149014536	0.0129101227208	0.00353495948034	1.0	-0.0064259668769	-0.0125173303726	0.0134334077744	-0.0425802329145	0.0109449231226	-0.0286245640543	0.00475271243521	-0.0431531803576	-0.0574363741821	0.0397086378234	0.0289064510084	-0.0282620636286	0.00367880118201	-0.0178876173554	-0.00467194362232	-0.00806348518376	0.00863198282881	0.00140553718358	-0.01994885659	-0.032486203795	-0.0413647389427	-0.0304985356271	-0.00822949787758	-0.0384324907185	-0.0106047490037	-0.0865232401129	-0.0145772982893	0.0251327523792	0.0358086645212	-0.0191043177581	0.0183592069338	-0.00969244636039	0.0249044229241	-0.0513127772431	-0.00365451045726
k__Bacteria;p__Firmicutes;c__Clostridia;o__Clostridiales;f__Oscillospiraceae;g__Oscillibacter;s__Oscillibacter_sp._KLE_1745	-0.0332830796545	0.00813461580362	-0.0334451806539	0.00776543349521	0.0181729982868	0.00733586614297	-0.0141198696373	0.024122496827	-0.00846098847416	0.0077317398688	-0.0181275060878	-0.00604176934361	-0.00171190901808	-0.0312168547793	0.0162388003192	-0.020054935325	0.013798934486	0.0567333511411	0.00421579864469	0.0305752457635	0.0215347058122	-0.0393924655305	0.00850291341999	-0.0064259668769	1.0	-0.0451830454152	-0.0713542355192	0.0482430295979	0.0579166376472	0.0127054059506	-0.0105408404473	-0.0541967462943	0.0227479655308	-0.035747161627	0.0109695599871	-0.00843150896679	-0.0147667402296	-0.0444896137807	-0.0295568338627	0.00611355454514	-0.0340217119591	-0.000894701727957	-0.0125239949138	-0.0146386437821	0.0509780932287	-0.0035265869863	-0.0263531443995	-0.013510981771	0.0249321661456	0.0170479069728	0.0191007952779	-0.000119384580563	-0.0520800157982	0.0478289022574	-0.0559386882788	-0.0251860572727	0.0323894827264	0.00747127541626	0.0196841336207
k__Bacteria;p__Bacteroidetes;c__Bacteroidia;o__Bacteroidales;f__Bacteroidaceae;g__Bacteroides;s__Bacteroides_coprophilus	-0.0231027223023	0.0453434877611	-0.0126780868498	-0.0425432612686	-0.0298375815421	-0.0672043079417	-0.020458335505	-0.00230064953075	-0.0385195643036	0.0120763920979	-0.0422607152104	0.0261394403317	0.0515455290909	-0.0190560183581	-0.0495076674759	-0.00767962077598	-0.00716728732651	-0.041691789583	-0.033817153772	-0.030977244644	0.0650716007562	0.0120507621269	-0.00819333234235	-0.0125173303726	-0.0451830454152	1.0	-0.0524696290281	-0.0609809015123	-0.0583977732832	0.000705836998089	-0.00945304928332	0.040457014429	-0.0446594986492	0.0161081744501	-0.0675142610614	0.0152417151194	0.00775166341196	-0.029975551667	0.0132627051878	-0.0180271077784	0.0125469022287	0.0262136136977	0.00878335275429	0.0236814525824	-0.0505627336102	0.0597040967463	0.00453325835191	0.0673473049672	-0.0399911906452	-0.0151540943517	0.0144505495047	0.00872497707964	0.0126163506064	-0.021024555498	0.0653772269714	0.0191900588382	0.00226248477637	0.00776166128053	0.0139945411872
k__Bacteria;p__Firmicutes;c__Clostridia;o__Clostridiales;f__Lachnospiraceae;g__Roseburia;s__Roseburia_intestinalis	0.00172542103957	-0.0136578629404	0.0241763954334	0.0361939832491	-0.0454039713701	0.00219472454359	0.0182768123578	-0.0121745187386	-0.0617095288789	0.0293590980309	0.000973243783414	-0.0397897807768	-0.064328402824	0.0229698474595	-0.0344668258626	0.0173501399679	0.0219511601853	0.0522069161804	-0.0253576228397	0.00890914075553	-0.0353814641786	-0.0215835778267	-0.0386132117319	0.0134334077744	-0.0713542355192	-0.0524696290281	1.0	-0.00422763107305	0.0366124298274	-0.0418874564398	0.00829027217396	0.00140233417267	0.0229801647187	-0.0177314343899	-0.0237407577055	0.0072232981159	-0.00422649858379	0.0202319920111	0.0106033138774	-0.0433112830769	-0.0175910209162	-0.000503295796934	-0.0356395821908	0.00178701295439	0.0291407281702	0.019988544569	0.0539919451449	-0.0267924347445	0.0244082921282	0.0295299329758	0.0565125778297	-0.00334277187563	-0.00432648541407	-0.0176738355924	0.0142052508211	-0.00386803250698	0.043853799847	-0.0249694257726	-0.0270165070932
k__Bacteria;p__Firmicutes;c__Clostridia;o__Clostridiales;f__Lachnospiraceae;g__Roseburia;s__Roseburia_hominis	-0.0402007117367	-0.0789444429112	-0.0809369781206	-0.019014651915	0.0128866949186	-0.0477251014236	0.0289717791274	-0.01577520652	-0.0353990945297	0.00736630196285	0.0429334425899	-0.0176788567186	0.0557162663572	0.0159441814688	-0.00733608439512	-0.00184266473996	-0.0164340164035	-0.00810124002184	0.0690972606858	-0.0238550370107	-0.053479051401	-0.0215332793414	0.0149700443279	-0.0425802329145	0.0482430295979	-0.0609809015123	-0.00422763107305	1.0	-0.0057986952538	0.00479936915123	-0.0159596648878	0.0261188626493	0.00931393379422	-0.0311649293535	0.0344072783572	0.0253255599379	0.00526362568062	0.0129894096376	0.0415631009752	-0.0161984256903	-0.0154247139286	0.0311200250769	-0.0436820584015	-0.0511614145869	-0.0255945403817	0.0115966462621	-0.0170283060845	-0.0495598881083	-0.000963102359928	0.0193281617251	-0.0238595744805	-0.0172957527404	-0.0152347267377	-0.0201717004842	0.00968806341568	-0.0300012340491	-0.0299411384867	-0.00959553004338	0.00235902578925
k__Bacteria;p__Bacteroidetes;c__Bacteroidia;o__Bacteroidales;f__Porphyromonadaceae;g__Parabacteroides;s__Parabacteroides_johnsonii	0.00552719547915	0.0521453043775	0.00243045116292	0.015557526468	-0.000214237520526	-0.014348567504	-0.0477593314442	-0.0449443358544	0.0260022725194	0.00186917372008	0.0331375911129	0.00638010052516	-0.041610312674	0.0196009897285	-0.00489016614317	-0.0336421520579	0.00896791633885	-0.0292854209944	-0.0139034756305	-0.0049964221628	0.069470204702	0.00227008440373	0.0368970292776	0.0109449231226	0.0579166376472	-0.0583977732832	0.0366124298274	-0.0057986952538	1.0	0.0528359244197	-0.0249137572333	-0.0613521052656	-0.00816166899942	0.0240865537236	-0.0100444362226	0.0286227435953	-0.0295345390253	0.00600045434336	0.033323659962	-4.59202913172e-05	-0.0296892753764	-0.0507383246409	-0.00507567630957	0.00189687573294	0.0218183288223	-0.0424922931057	-0.0713346075742	0.0139415098272	-0.0422688445792	-0.0381408242347	-0.0154559595335	0.0360541521674	0.00599507649334	0.00844980644949	-0.0060721981665	0.0158621508483	-0.0651308450877	-0.0443643821242	0.0215193557375
