#taxonomy	k__Bacteria;p__Bacteroidetes;c__Bacteroidia;o__Bacteroidales;f__Bacteroidaceae;g__Bacteroides;s__Bacteroides_vulgatus	k__Bacteria;p__Bacteroidetes;c__Bacteroidia;o__Bacteroidales;f__Bacteroidaceae;g__Bacteroides;s__Bacteroides_uniformis	k__Bacteria;p__Bacteroidetes;c__Bacteroidia;o__Bacteroidales;f__Rikenellaceae;g__Alistipes;s__Alistipes_putredinis	k__Bacteria;p__Bacteroidetes;c__Bacteroidia;o__Bacteroidales;f__Prevotellaceae;g__Prevotella;s__Prevotella_copri	k__Bacteria;p__Bacteroidetes;c__Bacteroidia;o__Bacteroidales;f__Bacteroidaceae;g__Bacteroides;s__Bacteroides_stercoris	k__Bacteria;p__Bacteroidetes;c__Bacteroidia;o__Bacteroidales;f__Bacteroidaceae;g__Bacteroides;s__Bacteroides_ovatus	k__Bacteria;p__Bacteroidetes;c__Bacteroidia;o__Bacteroidales;f__Rikenellaceae;g__Alistipes;s__Alistipes_shahii	k__Bacteria;p__Firmicutes;c__Clostridia;o__Clostridiales;f__Ruminococcaceae;g__Faecalibacterium;s__Faecalibacterium_prausnitzii	k__Bacteria;p__Bacteroidetes;c__Bacteroidia;o__Bacteroidales;f__Rikenellaceae;g__Alistipes;s__Alistipes_finegoldii	k__Bacteria;p__Bacteroidetes;c__Bacteroidia;o__Bacteroidales;f__Porphyromonadaceae;g__Parabacteroides;s__Parabacteroides_distasonis	k__Bacteria;p__Bacteroidetes;c__Bacteroidia;o__Bacteroidales;f__Bacteroidaceae;g__Bacteroides;s__Bacteroides_thetaiotaomicron	k__Bacteria;p__Bacteroidetes;c__Bacteroidia;o__Bacteroidales;f__Bacteroidaceae;g__Bacteroides;s__Bacteroides_coprocola	k__Bacteria;p__Bacteroidetes;c__Bacteroidia;o__Bacteroidales;f__Bacteroidaceae;g__Bacteroides;s__Bacteroides_cellulosilyticus	k__Bacteria;p__Bacteroidetes;c__Bacteroidia;o__Bacteroidales;f__Rikenellaceae;g__Alistipes;s__Alistipes_obesi	k__Bacteria;p__Firmicutes;c__Clostridia;o__Clostridiales;f__Lachnospiraceae;g__;s__[Eubacterium]_rectale	k__Bacteria;p__Bacteroidetes;c__Bacteroidia;o__Bacteroidales;f__Bacteroidaceae;g__Bacteroides;s__Bacteroides_plebeius	k__Bacteria;p__Bacteroidetes;c__Bacteroidia;o__Bacteroidales;f__Bacteroidaceae;g__Bacteroides;s__Bacteroides_fragilis	k__Bacteria;p__Proteobacteria;c__Betaproteobacteria;o__Burkholderiales;f__Sutterellaceae;g__Sutterella;s__Sutterella_wadsworthensis	k__Bacteria;p__Bacteroidetes;c__Bacteroidia;o__Bacteroidales;f__Porphyromonadaceae;g__Barnesiella;s__Barnesiella_intestinihominis	k__Bacteria;p__Bacteroidetes;c__Bacteroidia;o__Bacteroidales;f__Odoribacteraceae;g__Odoribacter;s__Odoribacter_splanchnicus	k__Bacteria;p__Bacteroidetes;c__Bacteroidia;o__Bacteroidales;f__Bacteroidaceae;g__Bacteroides;s__Bacteroides_salyersiae	k__Bacteria;p__Firmicutes;c__Clostridia;o__Clostridiales;f__Ruminococcaceae;g__Ruminiclostridium;s__[Eubacterium]_siraeum	k__Bacteria;p__Proteobacteria;c__Betaproteobacteria;o__Burkholderiales;f__Sutterellaceae;g__Parasutterella;s__Parasutterella_excrementihominis	k__Bacteria;p__Actinobacteria;c__Actinobacteria;o__Bifidobacteriales;f__Bifidobacteriaceae;g__Bifidobacterium;s__Bifidobacterium_adolescentis	k__Bacteria;p__Firmicutes;c__Clostridia;o__Clostridiales;f__Oscillospiraceae;g__Oscillibacter;s__Oscillibacter_sp._KLE_1745	k__Bacteria;p__Bacteroidetes;c__Bacteroidia;o__Bacteroidales;f__Bacteroidaceae;g__Bacteroides;s__Bacteroides_coprophilus	k__Bacteria;p__Firmicutes;c__Clostridia;o__Clostridiales;f__Lachnospiraceae;g__Roseburia;s__Roseburia_intestinalis	k__Bacteria;p__Firmicutes;c__Clostridia;o__Clostridiales;f__Lachnospiraceae;g__Roseburia;s__Roseburia_hominis	k__Bacteria;p__Bacteroidetes;c__Bacteroidia;o__Bacteroidales;f__Porphyromonadaceae;g__Parabacteroides;s__Parabacteroides_johnsonii	k__Bacteria;p__Actinobacteria;c__Actinobacteria;o__Bifidobacteriales;f__Bifidobacteriaceae;g__Bifidobacterium;s__Bifidobacterium_longum	k__Bacteria;p__Firmicutes;c__Clostridia;o__Clostridiales;f__;g__Flavonifractor;s__Flavonifractor_plautii	k__Bacteria;p__Firmicutes;c__Clostridia;o__Clostridiales;f__Clostridiaceae;g__Clostridium;s__Clostridium_phoceensis	k__Bacteria;p__Verrucomicrobia;c__Verrucomicrobiae;o__Verrucomicrobiales;f__Akkermansiaceae;g__Akkermansia;s__Akkermansia_muciniphila	k__Bacteria;p__Bacteroidetes;c__Bacteroidia;o__Bacteroidales;f__Prevotellaceae;g__Paraprevotella;s__Paraprevotella_xylaniphila	k__Bacteria;p__Firmicutes;c__Clostridia;o__Clostridiales;f__Ruminococcaceae;g__Ruminococcus;s__Ruminococcus_callidus	k__Bacteria;p__Bacteroidetes;c__Bacteroidia;o__Bacteroidales;f__Rikenellaceae;g__Alistipes;s__Alistipes_senegalensis	k__Bacteria;p__Firmicutes;c__Clostridia;o__Clostridiales;f__Lachnospiraceae;g__Blautia;s__Blautia_sp._KLE_1732	k__Bacteria;p__Bacteroidetes;c__Bacteroidia;o__Bacteroidales;f__Bacteroidaceae;g__Bacteroides;s__Bacteroides_oleiciplenus	k__Bacteria;p__Firmicutes;c__Clostridia;o__Clostridiales;f__Ruminococcaceae;g__Ruminococcus;s__Ruminococcus_bicirculans	k__Bacteria;p__Bacteroidetes;c__Bacteroidia;o__Bacteroidales;f__Bacteroidaceae;g__Bacteroides;s__Bacteroides_fluxus	k__Bacteria;p__Bacteroidetes;c__Bacteroidia;o__Bacteroidales;f__Prevotellaceae;g__Prevotella;s__Prevotella_stercorea	k__Bacteria;p__Firmicutes;c__Clostridia;o__Clostridiales;f__Lachnospiraceae;g__Dorea;s__Dorea_longicatena	k__Bacteria;p__Firmicutes;c__Clostridia;o__Clostridiales;f__Eubacteriaceae;g__Eubacterium;s__[Eubacterium]_eligens	k__Bacteria;p__Firmicutes;c__Clostridia;o__Clostridiales;f__Ruminococcaceae;g__;s__Ruminococcaceae_bacterium_D16	k__Bacteria;p__Firmicutes;c__Clostridia;o__Clostridiales;f__Lachnospiraceae;g__Coprococcus;s__Coprococcus_comes	k__Bacteria;p__Proteobacteria;c__Gammaproteobacteria;o__Enterobacterales;f__Enterobacteriaceae;g__Escherichia;s__Escherichia_coli	k__Bacteria;p__Firmicutes;c__Clostridia;o__Clostridiales;f__Ruminococcaceae;g__Anaerotruncus;s__Anaerotruncus_colihominis	k__Bacteria;p__Firmicutes;c__Clostridia;o__Clostridiales;f__Lachnospiraceae;g__Blautia;s__Blautia_obeum	k__Bacteria;p__Bacteroidetes;c__Bacteroidia;o__Bacteroidales;f__Odoribacteraceae;g__Odoribacter;s__Odoribacter_laneus	k__Bacteria;p__Firmicutes;c__Clostridia;o__Clostridiales;f__Ruminococcaceae;g__Ruminiclostridium;s__[Clostridium]_leptum	k__Bacteria;p__Bacteroidetes;c__Bacteroidia;o__Bacteroidales;f__Porphyromonadaceae;g__Parabacteroides;s__Parabacteroides_goldsteinii	k__Bacteria;p__Firmicutes;c__Clostridia;o__Clostridiales;f__Lachnospiraceae;g__Anaerostipes;s__Anaerostipes_hadrus	k__Bacteria;p__Firmicutes;c__Clostridia;o__Clostridiales;f__Ruminococcaceae;g__Ruminococcus;s__Ruminococcus_lactaris	k__Bacteria;p__Firmicutes;c__Clostridia;o__Clostridiales;f__Clostridiaceae;g__Clostridium;s__Clostridium_sp._L2-50	k__Bacteria;p__Firmicutes;c__Clostridia;o__Clostridiales;f__Clostridiaceae;g__Clostridium;s__Clostridium_sp._M62/1	k__Bacteria;p__Firmicutes;c__Clostridia;o__Clostridiales;f__;g__Intestinimonas;s__Intestinimonas_butyriciproducens	k__Bacteria;p__Actinobacteria;c__Actinobacteria;o__Bifidobacteriales;f__Bifidobacteriaceae;g__Bifidobacterium;s__Bifidobacterium_bifidum	k__Bacteria;p__Firmicutes;c__Negativicutes;o__Veillonellales;f__Veillonellaceae;g__Dialister;s__Dialister_invisus	k__Bacteria;p__Bacteroidetes;c__Bacteroidia;o__Bacteroidales;f__Bacteroidaceae;g__Bacteroides;s__Bacteroides_salanitronis
k__Bacteria;p__Bacteroidetes;c__Bacteroidia;o__Bacteroidales;f__Bacteroidaceae;g__Bacteroides;s__Bacteroides_vulgatus	1.0	-0.0368937001547	-0.0162193647728	-0.00159927825993	-0.0259650289884	-0.0303324267901	-0.0594895017884	-0.00254883696254	-0.0197667127204	0.0159088120859	0.00203237773711	0.00324947848358	0.048073807851	-0.00865202768577	-0.00022188435289	0.016378166813	0.025623027728	0.0028927284728	-0.105360986365	-6.87798442061e-05	0.010330399591	0.0172709198062	-0.0536584592634	0.0127640580364	-0.0246902757198	0.0236429488946	0.00678895236943	0.00148770237363	-0.0121570127602	-0.0325548609013	-0.00784759309687	-0.0231263192423	-0.039216200609	-0.00207320203733	-0.0330538937515	-0.0353674157122	0.00842279919085	-0.0162647739694	-0.00818917406744	0.0400638746428	-0.0240810751391	0.036056616968	0.0171096365857	0.0307017918744	0.00187494395979	0.0289846509616	0.0117862886322	-0.0072143029146	0.0276741472514	0.0107898922623	-0.00594185859217	-0.0367917623997	-0.0202736431099	0.033168575599	-0.0122670049979	0.0347835810479	0.00786173393634	-0.0282620843448	-0.0869784870211
k__Bacteria;p__Bacteroidetes;c__Bacteroidia;o__Bacteroidales;f__Bacteroidaceae;g__Bacteroides;s__Bacteroides_uniformis	-0.0368937001547	1.0	-0.0462394774094	0.0199437916415	-0.0172895991367	-0.000234457342635	0.0225723805112	-0.0251839228954	-0.0239583779242	-0.0455986436664	0.0153427603145	-0.0243230733602	-0.0607722658576	0.0685123948049	0.0348510508499	-0.0184625788929	0.0187982970427	-0.0139002913026	0.000262431801545	-0.0286839470311	0.0121702965109	0.00868866020909	-0.00723365474853	-0.000248138673745	-0.0290257344606	0.0166364549664	-0.0215245428748	0.0379604698205	-0.0483848337079	0.0391525906297	-0.00406979562764	-0.0142009629796	0.0101789063719	-0.00170229999424	-0.0245136917948	-0.0390012399141	0.0294189511538	-0.00906413452706	0.00254702875797	0.0552252097773	-0.018519425307	-0.00859456915558	0.0176784093578	0.0338638600783	-0.0879954016895	0.0236010246893	0.0338202460623	-0.0249838802104	-0.0450019451661	-0.0293478999784	-0.00939880162776	0.00914914413202	-0.00109649748837	-0.043280515783	-0.0234378923394	0.0264634370778	0.0409455547806	0.0344515036892	0.00181930043421
k__Bacteria;p__Bacteroidetes;c__Bacteroidia;o__Bacteroidales;f__Rikenellaceae;g__Alistipes;s__Alistipes_putredinis	-0.0162193647728	-0.0462394774094	1.0	-0.0748400958737	-0.00249527165245	-0.021717017328	-0.00501155365799	-0.0156878439064	0.0126593608545	-0.0213871784474	0.0301299266744	0.0242749875961	-0.0125684157799	0.00923323824211	0.0548331156094	0.00326787256504	-0.034886559945	-0.0255682517148	0.0148428855234	0.0208903724988	0.0435893696	-0.0560498328076	0.040208717711	0.0137123764511	-0.0230333165174	-0.0286428905868	0.00653981675422	-0.0261306280679	-0.0422377843377	-0.0204099113971	0.010304008986	0.0346990173638	-0.0434813608227	0.0366457833013	0.0149340358228	-0.0143435432536	-0.0730279487764	-0.00931074052446	0.0597406942909	-0.00279879124211	0.0526403088922	-0.0297101530901	-0.0169415632189	0.00654001747995	-0.0400860742795	-0.0119814966316	-0.0111965854065	0.0166290060747	0.0134567075531	-0.0340958962114	-0.0352785134726	-0.0292199579018	-0.0484083607008	-0.0502883197074	0.00736614153663	-0.0355379954906	-0.0443610268823	0.023078525264	0.00979640415192
k__Bacteria;p__Bacteroidetes;c__Bacteroidia;o__Bacteroidales;f__Prevotellaceae;g__Prevotella;s__Prevotella_copri	-0.00159927825993	0.0199437916415	-0.0748400958737	1.0	-0.00753062880298	0.00852248796998	0.0371143008743	-0.0232817580348	-0.0216845048365	-0.0384186147631	-0.0386445502866	0.0206328411971	0.0277406385005	-0.0268814380537	-0.0236479587884	0.00288676678379	0.0132357686488	0.0332180778768	0.0320951952515	-0.0197859791775	-0.0128705683324	-0.00345320302155	-0.0537448035314	-0.00322208335177	-0.0281816474417	-0.0535982658406	0.0408964798547	0.0168531029485	0.0525727272948	-0.046121991492	-0.00227304247618	-0.030246169364	-0.0155092969483	0.012061645141	-0.00325998603694	-0.00965103605507	0.0215428213231	0.0434902033712	0.000481177539333	0.0146834380118	-0.0383263616986	-0.0527386621796	0.00967874108179	0.00996800319587	-0.0192017605369	-0.024946890446	0.00299400111233	-0.0419836995281	-0.0311028223034	-0.0411728322296	-0.0118695528351	-0.041741959923	-0.0463755924852	0.0242086379164	0.013691186469	0.00826593692654	0.0240779628461	0.0244706202578	-0.00524873432181
k__Bacteria;p__Bacteroidetes;c__Bacteroidia;o__Bacteroidales;f__Bacteroidaceae;g__Bacteroides;s__Bacteroides_stercoris	-0.0259650289884	-0.0172895991367	-0.00249527165245	-0.00753062880298	1.0	0.011088645518	0.00880366635541	0.00106570770022	-0.075666301033	-0.0609289376575	-0.0234363036361	-0.0392043177266	-0.0644589603589	0.0468416924225	-1.73084669018e-05	-0.0045996401842	0.0479240453927	-0.0366611823253	-0.015691198254	0.0614990982567	-0.0247620447833	0.0116097746018	0.0145730814479	-0.0164410658513	0.000851556145068	-0.0314633796672	-0.00740849586714	-0.0562170021679	0.0353920945912	0.042843176732	-0.0210492093862	0.0469422891294	-0.0665873727383	0.00735627934416	-0.0249021945774	0.084523158031	-0.0338018609769	-0.0450173401082	-0.0216041408509	-0.0237058445945	-0.0184109124203	0.00961120768588	-0.00990834271928	0.043331015513	0.00723782328086	0.00839434515546	0.0174331138365	0.0200719922073	-0.0441614454713	-0.000297433892441	-0.0118006198338	-2.95207337487e-05	0.00644826629982	0.00945258392011	-0.0188601294932	0.0579813795769	-0.0534199650747	-0.0146032646429	0.0165313031406
k__Bacteria;p__Bacteroidetes;c__Bacteroidia;o__Bacteroidales;f__Bacteroidaceae;g__Bacteroides;s__Bacteroides_ovatus	-0.0303324267901	-0.000234457342636	-0.021717017328	0.00852248796998	0.011088645518	1.0	0.0333998514684	-0.0501982988548	-0.0315155377829	-0.0104700389481	0.0386281094638	-0.0409951592766	-0.0332245558763	-0.00231124489305	0.00157956051268	-0.0184322109421	0.00135953768888	-0.0105310046363	0.00274324999301	0.0317134747735	-0.0558442927329	0.00145990257394	0.0143867439757	-0.0246560428659	-0.0122471156915	0.0445231798711	-0.00940152262875	0.029708322511	-0.038793136858	0.072184004184	0.0277226446826	0.0309027886485	0.0381918025254	-0.0533980046251	0.000383826267788	0.0333102988736	0.00270458052031	0.0135116233221	0.0498765365262	-0.0263184437282	0.00391758667257	-0.0634395361994	-0.0299287085142	-0.0179016303873	-0.0269542477004	-0.0500709102058	0.00821973884021	-0.0900692980863	0.0367210443035	-0.0627980962465	0.0125655966044	0.0350026150612	0.0274731555063	-0.0044487974662	0.0462107984005	0.0447337839462	0.0225211216939	-0.0183549311991	-0.0423061327388
k__Bacteria;p__Bacteroidetes;c__Bacteroidia;o__Bacteroidales;f__Rikenellaceae;g__Alistipes;s__Alistipes_shahii	-0.0594895017884	0.0225723805112	-0.00501155365799	0.0371143008743	0.00880366635541	0.0333998514684	1.0	-0.0104089395311	-0.0383244976313	-0.0137573299409	-0.0155157027155	-0.00361298204438	-0.0378780988246	-0.018808467181	0.00385067237979	0.0362369971612	-0.0830418363982	-0.00309901938091	-0.00840581539453	-0.0110856051898	-0.0487128594608	-0.0293765357913	-0.0548108641903	-0.0213040006864	-0.0112693941106	-0.0450787222204	0.0548863931303	0.00224240148529	-0.0146848986796	0.0121569722042	-0.00192212154858	-0.025476111197	-0.0180867760301	0.0389820926057	0.0218154280726	0.0232513571079	-0.0509636005705	-0.00592094684037	-0.0481283001562	-0.0163683982925	-0.0298403612164	-0.0229440190578	0.0108972309745	-0.0167232818765	0.0302239201872	-0.00436306266408	-0.0095657211181	0.0193926060468	-0.0607128002331	0.0148462185415	-0.0507722796103	-0.0147051814131	0.0354637440805	0.0520047114629	0.041918385202	-0.00198923855821	0.0216417331313	-0.0278912551291	-0.00259760750376
k__Bacteria;p__Firmicutes;c__Clostridia;o__Clostridiales;f__Ruminococcaceae;g__Faecalibacterium;s__Faecalibacterium_prausnitzii	-0.00254883696254	-0.0251839228954	-0.0156878439064	-0.0232817580348	0.00106570770022	-0.0501982988548	-0.0104089395311	1.0	0.0747785566225	0.0111916934824	-0.0344337159147	-0.0240974888563	-0.0265335434856	0.0223220826453	-0.0394776159717	-0.0412892763888	-0.0295683974852	0.0246660728181	0.0094527721304	-0.000589550156822	-0.00379901638071	0.0258617814548	0.0159382368499	-0.0277011402967	0.0439313518819	-0.0447707016819	-0.00368397059226	-0.0257557168758	0.0289313864984	0.084339148701	0.0379441731488	-0.0319468093416	-0.0390619284378	0.000695503725707	-0.0181659308932	0.0462065966704	0.00733787072859	-0.035556927958	0.000703082956104	-0.0490643390936	-0.0529503730538	0.0332495159779	0.0280324509247	-0.00388339362653	0.0176652745524	-0.000382726568275	0.00162595555442	0.0010666416971	0.0111694797382	0.0247884554832	0.0217443615602	0.057816522971	0.00152902796394	0.0191354886361	-0.0363334789086	-0.0425318598809	0.0344473676692	-0.0252122152014	0.0020679919017
k__Bacteria;p__Bacteroidetes;c__Bacteroidia;o__Bacteroidales;f__Rikenellaceae;g__Alistipes;s__Alistipes_finegoldii	-0.0197667127204	-0.0239583779242	0.0126593608545	-0.0216845048365	-0.075666301033	-0.0315155377829	-0.0383244976313	0.0747785566225	1.0	0.0292317074518	0.0402483423375	0.0172014589035	0.00251120142273	0.0128637474349	-0.0160980914349	0.0267985087404	-0.00227148858946	-0.00328858926609	0.0101640753714	-0.0133939454495	-0.0505078438627	-0.067356727283	0.0198876741699	-0.0272623551328	0.00312930949109	-0.000892209781524	0.00644237441159	-0.0223623854614	0.0410069994689	-0.0500016289063	0.0142852945165	-0.0257818267947	-0.000163519956741	-0.00880631715845	-0.0469516831197	0.0032216354049	0.0214428654525	-0.0724775994395	0.00878726798582	0.0168988156355	-0.0214174374768	0.0455570389459	0.0223755081563	0.018103530525	0.0459337633042	0.0497046268907	0.0223541874646	0.0462127418871	-0.063299039193	-0.0239543001552	-0.0684903584223	-0.0399503162378	-0.00433377617135	-0.0218026775372	0.0739737869352	-0.0160592992988	-0.0333787795662	-0.0313359376579	-0.0194225847878
k__Bacteria;p__Bacteroidetes;c__Bacteroidia;o__Bacteroidales;f__Porphyromonadaceae;g__Parabacteroides;s__Parabacteroides_distasonis	0.0159088120859	-0.0455986436664	-0.0213871784474	-0.0384186147631	-0.0609289376575	-0.0104700389481	-0.0137573299409	0.0111916934824	0.0292317074518	1.0	0.0123237968598	-0.0377009345977	0.00797900380985	-0.0296117208714	-0.035053834315	0.0316558667231	-0.0540045181189	-0.015535174462	-0.00949095529504	0.051257269477	-0.0316857761342	-0.040108490862	0.0220033768304	0.0446307212107	-0.0068233976927	-0.0285411593384	-0.00394411186203	0.0228783695099	0.0174296659595	-0.0126926876826	-0.014488684749	-0.104198032178	-0.0135757097776	0.00429323702969	0.0125462607937	-0.0471720693489	-0.0351224961125	-0.0161340373617	0.029876290237	0.00167175150281	0.042692227608	0.0455120125413	0.0102631533328	-0.00521651817041	-0.0179018166711	-0.0497176410044	-0.0239400489223	-0.0261153806029	0.0110437438822	0.0343259131727	-0.00433227166801	-0.0153061268122	-0.0152656366483	-0.0539704900343	0.0572112774813	0.0270204721224	-0.0284955426487	-0.0179903848279	-0.007448696655
k__Bacteria;p__Bacteroidetes;c__Bacteroidia;o__Bacteroidales;f__Bacteroidaceae;g__Bacteroides;s__Bacteroides_thetaiotaomicron	0.00203237773711	0.0153427603145	0.0301299266744	-0.0386445502866	-0.0234363036361	0.0386281094638	-0.0155157027155	-0.0344337159147	0.0402483423375	0.0123237968598	1.0	0.0355902613531	-0.0504829465939	0.0507850825244	0.00319428555819	-0.0266639337743	-0.00996242616749	-0.00932873955586	-0.0521364442855	-0.0676792403344	-0.00881763633472	0.00964598103227	-0.0705496570901	-0.0381362302806	-0.0114525894555	-0.0421386620225	0.0546664144112	-0.0404002278077	-0.0204156659908	0.0416868613507	0.0495874800952	0.00235727984117	-0.00188836137346	0.00234933530046	-0.0282588254957	-0.0145138246638	-0.0157118482226	0.00845407836674	0.0492694631034	0.0413381227064	-0.0155444884199	0.00637985885943	-0.0357486834001	0.000764907013366	0.00715422664594	0.0172901967301	-0.00815780063594	-0.000265468231283	0.00663059544998	0.00599546765634	-0.0546047022408	-0.00689483569517	0.0640688528063	-0.0193808946323	-0.0537736118886	-0.0610488965239	-0.0101346177358	0.0337047181176	0.00138991864074
k__Bacteria;p__Bacteroidetes;c__Bacteroidia;o__Bacteroidales;f__Bacteroidaceae;g__Bacteroides;s__Bacteroides_coprocola	0.00324947848358	-0.0243230733602	0.0242749875961	0.0206328411971	-0.0392043177266	-0.0409951592766	-0.00361298204438	-0.0240974888563	0.0172014589035	-0.0377009345977	0.0355902613531	1.0	-0.0397692766677	-0.0696345702351	0.0121899937046	0.031789039711	-0.010945484777	0.0111977840054	0.00822549413513	0.0262279150752	-0.0389745665398	0.0113894668998	-0.0360095221225	-0.0285356517879	0.00652601981915	0.00852528967659	-0.0190773066257	0.0219916205489	-0.00640735041469	-0.019450510247	0.018289443255	0.0483103467535	-0.0465824111833	-0.0192699373225	-0.0417877163497	0.003481116524	0.0396144389555	-0.0437460751834	0.017548152517	0.0114582190676	0.0151728531545	0.00467845345839	-0.0154877583688	-0.0021949600509	-0.00178996334673	-0.00110145274675	-0.012220299237	0.00759446640259	0.0114344142721	-0.0587899859283	0.0563791077558	0.0163607981111	0.0315686398403	-0.022078200582	0.0017107684097	-0.0277355568261	-0.0241873422641	0.0116529333189	-0.0128649735563
k__Bacteria;p__Bacteroidetes;c__Bacteroidia;o__Bacteroidales;f__Bacteroidaceae;g__Bacteroides;s__Bacteroides_cellulosilyticus	0.048073807851	-0.0607722658576	-0.0125684157799	0.0277406385005	-0.0644589603589	-0.0332245558763	-0.0378780988246	-0.0265335434856	0.00251120142273	0.00797900380985	-0.0504829465939	-0.0397692766677	1.0	-0.025737819146	-0.0202516812206	0.0249769509821	0.000668549048215	-0.0536504057997	0.00437580362903	-0.010780987676	-0.00477174702608	-0.00158059536815	-0.00699119466346	-0.0106424637185	0.0305192651984	0.0369678402065	0.024195891899	-0.0457494122662	-0.0203199739581	-0.0119928608994	-0.0487746787186	0.0180114396163	-0.0271293151305	-0.0213126568884	-0.0515308297819	-0.0255621063941	0.00229217719356	0.046985237353	0.0190103119213	-0.00551279891045	0.0151694589212	0.0178242951285	0.00539107415481	-0.055247776989	-0.0196758445942	0.0314960231202	0.0234846894074	0.0302257325813	0.0488444573248	0.0186353418026	-0.000342153974336	0.0223547996067	-0.0176696872174	0.0132982808416	0.022519433047	0.00780489597802	-0.0172611956263	-0.00811043080968	-0.0269693992294
k__Bacteria;p__Bacteroidetes;c__Bacteroidia;o__Bacteroidales;f__Rikenellaceae;g__Alistipes;s__Alistipes_obesi	-0.00865202768577	0.0685123948049	0.00923323824211	-0.0268814380537	0.0468416924225	-0.00231124489305	-0.018808467181	0.0223220826453	0.0128637474349	-0.0296117208714	0.0507850825244	-0.0696345702351	-0.025737819146	1.0	0.0188521351421	-0.0139385004051	-0.0468198154792	-0.00181903812693	-0.0427841459019	-0.049822886128	0.0706339233367	0.00737683096639	0.00938081908065	-0.0347134982049	-0.0800305896786	0.0506543559887	-0.000982624348724	0.0356603093549	-0.0176649524924	-0.00342317356478	-0.00298968345909	-0.0120133815475	0.0322983097763	0.026727792089	-0.0139295118199	-0.0409899883535	-0.0109934558433	0.0337982049503	-0.00456367447907	0.0127148218658	-0.024578295669	-0.039001750253	-0.044520624087	-0.0218265141952	-0.0225687602555	0.0353761935572	-0.0298884666539	-0.0265217375854	-0.0564667005346	-0.0437106044892	-0.0346417845177	-0.0177196465053	-0.0514863929383	-0.0614945473396	-0.00326919418351	-0.00889606138252	0.00155226732192	-0.0311118302272	-0.0354910456503
k__Bacteria;p__Firmicutes;c__Clostridia;o__Clostridiales;f__Lachnospiraceae;g__;s__[Eubacterium]_rectale	-0.00022188435289	0.0348510508499	0.0548331156094	-0.0236479587884	-1.73084669017e-05	0.00157956051268	0.00385067237979	-0.0394776159717	-0.0160980914349	-0.035053834315	0.00319428555819	0.0121899937046	-0.0202516812206	0.0188521351421	1.0	0.00376499994843	0.0286168870444	-0.0288986108971	-0.0191420535817	-0.0103743978342	0.0272116635053	-0.0315797060557	-0.0363106055764	0.0221868895137	-0.0141776361413	0.0313665404829	-0.0203928871527	0.0169004905348	-0.0474107309306	-0.00787247355216	-0.0192238235348	-0.0357350508968	-0.0123153782788	0.0132706611072	0.0137734837478	0.0398987923477	-0.00946241654735	0.00863583840063	-0.00714300579044	0.00221041070057	-0.0285939087184	-0.0460863381883	-0.0109824597392	-0.037184244599	0.0361795333465	0.00568850770592	0.00252098720498	0.0117988398216	-0.00591805599162	-0.036613455242	0.0110052307947	-0.0461060877245	-0.0369414131895	-0.000521274429166	0.0335374561449	-0.0346346092683	0.000673624026309	0.0156773276183	0.0536568522552
k__Bacteria;p__Bacteroidetes;c__Bacteroidia;o__Bacteroidales;f__Bacteroidaceae;g__Bacteroides;s__Bacteroides_plebeius	0.016378166813	-0.0184625788929	0.00326787256504	0.00288676678379	-0.0045996401842	-0.0184322109421	0.0362369971612	-0.0412892763888	0.0267985087404	0.0316558667231	-0.0266639337743	0.031789039711	0.0249769509821	-0.0139385004051	0.00376499994843	1.0	0.00469694675312	-6.03788286804e-05	-0.0701504208322	-0.0279151715345	-0.0279977497517	-0.00957487026092	0.0445341679837	0.0135566800086	0.0354187400111	-0.0276986011987	-0.00369135059904	0.0146230984697	-0.0189831173392	0.0193861255395	-0.000430588962886	0.00491878195644	0.0241159807155	-0.0880762787714	0.00632253171328	0.027139547113	-0.0470575541737	-0.0223932581444	-0.0470253492122	-0.0232776215805	0.0501903117798	-0.0317429523181	-0.0140071855765	-0.0224049362899	-0.00336001387245	-0.0454580065922	-0.0126901158835	0.0264143897494	0.0248597044812	0.03815301922	-0.0324073316477	-0.0408417528979	-0.0528305227871	-0.0483913768837	-0.0086753805845	0.00616778323644	-0.0426089170129	-0.0175060077238	0.00559844902482
k__Bacteria;p__Bacteroidetes;c__Bacteroidia;o__Bacteroidales;f__Bacteroidaceae;g__Bacteroides;s__Bacteroides_fragilis	0.025623027728	0.0187982970427	-0.034886559945	0.0132357686488	0.0479240453927	0.00135953768888	-0.0830418363982	-0.0295683974852	-0.00227148858946	-0.0540045181189	-0.00996242616749	-0.010945484777	0.000668549048215	-0.0468198154792	0.0286168870444	0.00469694675312	1.0	-0.0157643857261	-0.0213641991521	-0.0192121998387	-0.0224082901988	0.0167054748576	-0.0314895675907	0.02895724478	0.012953798036	-0.000986980851344	-0.040858527665	0.00704116059712	-0.0751159861244	-0.0415052936774	-0.00185478926629	0.00569456988275	-0.0188279791898	0.0627863167033	-0.0126674937373	0.0316953503528	-0.0115183298708	-0.00275727737042	-0.00776179864546	-0.0414688640405	0.00895507255992	0.0675891034361	0.0369359527703	0.00968380378379	-0.0350672079497	-0.0406378578273	0.0341581968838	0.0249312526642	-0.00887392506572	0.00794312581524	0.00318393539846	0.00961630981734	-0.00894299652589	-0.0239451097286	-0.042011823737	0.00469075116372	0.0337191604977	-0.0340435413127	0.007089738499
k__Bacteria;p__Proteobacteria;c__Betaproteobacteria;o__Burkholderiales;f__Sutterellaceae;g__Sutterella;s__Sutterella_wadsworthensis	0.0028927284728	-0.0139002913026	-0.0255682517148	0.0332180778768	-0.0366611823253	-0.0105310046363	-0.00309901938091	0.0246660728181	-0.00328858926609	-0.015535174462	-0.00932873955586	0.0111977840054	-0.0536504057997	-0.00181903812693	-0.0288986108971	-6.03788286803e-05	-0.0157643857261	1.0	0.0132795478502	-0.00578911609456	0.00486070292632	0.0121278142422	-0.0152937346114	-0.00841026830739	0.00304640534408	-0.00534805390079	0.0496936632083	-0.0354320116327	-0.048422071938	-0.0571885027722	-0.0210676098586	0.0101341392369	-0.0153505846853	-0.0181899432079	0.0625384249879	0.0657592865542	-0.0161389202488	-0.0100053690089	0.00371047822084	-0.00531346789497	-0.0398956653454	-0.00184617380399	0.0271687690355	-0.0335547237714	0.00677470801042	-0.00474238216634	0.0123854681047	0.0266392074078	-0.00963043994605	-0.0228209103432	0.0125442430966	-0.0380173072299	0.0205111851228	-0.0225275432768	-0.0580481687153	-0.012161440392	-0.00542414571081	-0.0124058389361	-0.0384272751564
k__Bacteria;p__Bacteroidetes;c__Bacteroidia;o__Bacteroidales;f__Porphyromonadaceae;g__Barnesiella;s__Barnesiella_intestinihominis	-0.105360986365	0.000262431801545	0.0148428855234	0.0320951952515	-0.015691198254	0.00274324999301	-0.00840581539453	0.0094527721304	0.0101640753714	-0.00949095529504	-0.0521364442855	0.00822549413513	0.00437580362903	-0.0427841459019	-0.0191420535817	-0.0701504208322	-0.0213641991521	0.0132795478502	1.0	-0.0737040384416	0.0107462828738	0.0127900319877	0.00436053888952	0.00698146281392	0.0473550046921	-0.0106943725601	0.00931577754379	0.00301218849642	0.0267386914102	-0.00286154716729	-0.0102031782102	-0.0231929086109	0.0593265008393	-0.00130989125835	0.00461560282525	0.0407481834376	-0.0128325612211	0.032447018518	-0.0259100020704	-0.0578826355065	-0.011292206224	0.021402368934	0.0191744965701	0.0631101165175	-0.0557264162636	0.0447345524848	-0.0320844060442	-0.00843601260429	0.0135659943676	-0.0475013306535	0.0515206889906	0.000591375056578	0.0159182204722	0.00484591197746	0.00574810715441	-0.00502514278831	-0.0363565100691	0.0166244569109	-0.00144679217615
k__Bacteria;p__Bacteroidetes;c__Bacteroidia;o__Bacteroidales;f__Odoribacteraceae;g__Odoribacter;s__Odoribacter_splanchnicus	-6.87798442061e-05	-0.0286839470311	0.0208903724988	-0.0197859791775	0.0614990982567	0.0317134747735	-0.0110856051898	-0.000589550156822	-0.0133939454495	0.051257269477	-0.0676792403344	0.0262279150752	-0.010780987676	-0.049822886128	-0.0103743978342	-0.0279151715345	-0.0192121998387	-0.00578911609456	-0.0737040384416	1.0	0.00399055403182	-0.010369755336	0.00409183923977	-0.0214447669575	0.0109075254501	-0.000213260526544	-0.0524682084933	-0.0271552022727	-0.0472788208221	-0.0496853279723	0.029587814324	-0.0377620556024	-0.0292384861435	-0.00624869032899	0.0457337486595	0.0584881724316	-0.0382069759996	-0.00974674178823	-0.0220300383194	-0.0432630826955	0.00122662311303	-0.0410137352112	-0.0291306777655	-0.00365118402068	0.0306115368025	0.0442603990732	-0.0407903082277	-0.0511666606102	-0.0268410626957	-0.0288989008918	0.0274507550221	-0.0207127290241	0.0727150279438	0.0186494077776	0.00726926464715	-0.000594232846651	0.00344987078134	0.0332771637668	0.0386806257108
k__Bacteria;p__Bacteroidetes;c__Bacteroidia;o__Bacteroidales;f__Bacteroidaceae;g__Bacteroides;s__Bacteroides_salyersiae	0.010330399591	0.0121702965109	0.0435893696	-0.0128705683324	-0.0247620447833	-0.0558442927329	-0.0487128594608	-0.00379901638071	-0.0505078438627	-0.0316857761342	-0.00881763633472	-0.0389745665398	-0.00477174702608	0.0706339233367	0.0272116635053	-0.0279977497517	-0.0224082901988	0.00486070292632	0.0107462828738	0.00399055403182	1.0	-0.0475699046976	-0.0338985852753	-0.0160631239136	-0.0213114103021	0.0100088218675	0.0321140497757	-0.0769402328091	-0.0562893990656	-0.0801773894826	-0.0108624596933	0.0337819573973	-0.0388454319552	0.0626053025926	-0.0177844374187	-0.0291958676019	0.0150294614241	-0.0233938621305	0.0217251180362	-0.0322914386541	-0.0542150506465	0.00395847243689	-0.0153183285086	-0.0387909491442	0.0174957930566	-0.0127258463315	-0.0441616048112	0.0176069221762	-0.0231037134361	0.0710347889789	-0.00229305798324	-0.0209873178466	-0.0380759400004	-0.0617837334729	-0.0587752632542	-0.0660768821931	0.00991396447581	0.0459826520033	0.0320771147492
k__Bacteria;p__Firmicutes;c__Clostridia;o__Clostridiales;f__Ruminococcaceae;g__Ruminiclostridium;s__[Eubacterium]_siraeum	0.0172709198062	0.00868866020909	-0.0560498328076	-0.00345320302155	0.0116097746018	0.00145990257394	-0.0293765357913	0.0258617814548	-0.067356727283	-0.040108490862	0.00964598103227	0.0113894668998	-0.00158059536815	0.00737683096639	-0.0315797060557	-0.00957487026092	0.0167054748576	0.0121278142422	0.0127900319877	-0.010369755336	-0.0475699046976	1.0	-0.0872265238039	0.0337653553012	-0.00267935394782	-0.0319958206601	-0.0115519158264	-0.00921755728096	-0.0181331374631	0.0122759374263	-0.00145424495899	-0.0258450477611	0.065856377906	-0.0360439737983	0.0557685314754	-0.000579741014903	0.0363771504007	-0.0273484113078	-0.0709743942659	0.0254326958828	-0.033127761359	0.0505275364892	0.00835666696698	0.0172710719485	-0.0667632387924	-0.0517383030027	0.00357545510465	0.017940533136	0.0015638822215	-0.00405096391293	0.0255441223065	-0.0562137175519	-0.0566098848444	0.00275654223823	-0.00262374890155	0.0290451151498	-0.00480471226939	-0.0133659066523	-0.0115436000715
k__Bacteria;p__Proteobacteria;c__Betaproteobacteria;o__Burkholderiales;f__Sutterellaceae;g__Parasutterella;s__Parasutterella_excrementihominis	-0.0536584592634	-0.00723365474853	0.040208717711	-0.0537448035314	0.0145730814479	0.0143867439757	-0.0548108641903	0.0159382368499	0.0198876741699	0.0220033768304	-0.0705496570901	-0.0360095221225	-0.00699119466346	0.00938081908065	-0.0363106055764	0.0445341679837	-0.0314895675907	-0.0152937346114	0.00436053888952	0.00409183923977	-0.0338985852753	-0.0872265238039	1.0	-0.038741463638	-0.00973488022164	0.0148247418256	-0.0185445578751	0.0256988339989	0.05029465157	-0.0735980656435	0.0583557263562	-0.00989989975598	0.0373067725825	0.022684969336	0.00457033194012	-0.0320719543414	-0.0113021878402	-0.0381408077359	-0.0313178704855	0.014080775776	-0.0066014293747	-0.0533369684126	0.0072227136521	-0.00323278469924	-0.0302565080015	-0.02001097147	-0.0677753926581	0.00153588559451	0.00810630691584	-0.0148419796317	0.0138314639794	-0.0228117477671	-0.0411142911675	-0.0114365495606	0.0215337089404	0.00645948218361	-0.0431305127464	-0.013788703316	0.0475151777619
k__Bacteria;p__Actinobacteria;c__Actinobacteria;o__Bifidobacteriales;f__Bifidobacteriaceae;g__Bifidobacterium;s__Bifidobacterium_adolescentis	0.0127640580364	-0.000248138673745	0.0137123764511	-0.00322208335177	-0.0164410658513	-0.0246560428659	-0.0213040006864	-0.0277011402967	-0.0272623551328	0.0446307212107	-0.0381362302806	-0.0285356517879	-0.0106424637185	-0.0347134982049	0.0221868895137	0.0135566800086	0.02895724478	-0.00841026830739	0.00698146281392	-0.0214447669575	-0.0160631239136	0.0337653553012	-0.038741463638	1.0	0.0140782407719	-0.029387644578	-0.00461454617132	0.000734110356374	0.0299388988578	-0.0266148054924	-0.000765329957027	-0.0291326934897	0.035957441219	-0.0682843172353	-0.0225247533047	-0.0546189564693	0.0319095898281	-0.0272535929414	-0.0593054898315	-0.0219007950745	0.0273978177436	-0.0260310825598	-0.0726404252159	0.0376507990685	0.00357650265965	-0.0284971595487	0.0558490084227	-0.0333974764617	-0.0214478883655	0.0433027009151	0.00925365246297	-0.00329782248663	-0.00740443118936	0.0371975673429	-0.0390228772214	0.0448642817763	-0.00821630077559	-0.00181540280774	0.0264717867105
k__Bacteria;p__Firmicutes;c__Clostridia;o__Clostridiales;f__Oscillospiraceae;g__Oscillibacter;s__Oscillibacter_sp._KLE_1745	-0.0246902757198	-0.0290257344606	-0.0230333165174	-0.0281816474417	0.000851556145068	-0.0122471156915	-0.0112693941106	0.0439313518819	0.00312930949109	-0.0068233976927	-0.0114525894555	0.00652601981915	0.0305192651984	-0.0800305896786	-0.0141776361413	0.0354187400111	0.012953798036	0.00304640534408	0.0473550046921	0.0109075254501	-0.0213114103021	-0.00267935394782	-0.00973488022164	0.0140782407719	1.0	-0.0370020973053	-0.0196177791037	-0.0459080181205	-0.0327680560564	-0.0329121435778	0.0438638836913	-0.0666308542318	0.058582671383	0.0248945225807	-0.0548465930475	0.0290250792306	0.0379748029688	0.0518831834765	-0.0128882208918	0.0135031697403	0.0250384616357	0.00381643823749	-0.0063432206124	-0.0255448210784	0.0164283259013	-0.0735702904354	-0.00307258567763	-0.0200648907662	-0.0196733186285	-0.0087353767815	-0.00234408752719	0.055321530909	-0.0295187404473	-0.0231334275979	-0.0177297469416	-0.00519079167226	-0.0533713941563	0.0216405585845	-0.0405755153103
k__Bacteria;p__Bacteroidetes;c__Bacteroidia;o__Bacteroidales;f__Bacteroidaceae;g__Bacteroides;s__Bacteroides_coprophilus	0.0236429488946	0.0166364549664	-0.0286428905868	-0.0535982658406	-0.0314633796672	0.0445231798711	-0.0450787222204	-0.0447707016819	-0.000892209781524	-0.0285411593384	-0.0421386620225	0.00852528967659	0.0369678402065	0.0506543559887	0.0313665404829	-0.0276986011987	-0.000986980851344	-0.00534805390079	-0.0106943725601	-0.000213260526544	0.0100088218675	-0.0319958206601	0.0148247418256	-0.029387644578	-0.0370020973053	1.0	-0.00575599297324	0.000523963896738	-0.0741723266709	0.0128596322227	-0.0111323025998	-0.0259578549119	0.00933475641656	0.0374139838484	-0.0522717896136	-0.0115180134894	-0.0049172081901	-0.0379504427394	0.0369843281696	0.0638398242216	0.0359662185792	0.00104142985815	0.0493120831473	-0.0112993650251	-0.0101124082731	-0.0232269043183	-0.00598910641278	0.0276927924131	-0.0062488453881	-0.00168985198891	0.0226155335287	0.0102062375242	0.0525575829933	0.000923539233292	-0.013867637939	-0.0198316346063	-0.0276522475175	-0.0784100027419	-0.0593928632198
k__Bacteria;p__Firmicutes;c__Clostridia;o__Clostridiales;f__Lachnospiraceae;g__Roseburia;s__Roseburia_intestinalis	0.00678895236943	-0.0215245428748	0.00653981675422	0.0408964798547	-0.00740849586714	-0.00940152262875	0.0548863931303	-0.00368397059226	0.00644237441159	-0.00394411186203	0.0546664144112	-0.0190773066257	0.024195891899	-0.000982624348724	-0.0203928871527	-0.00369135059904	-0.040858527665	0.0496936632083	0.00931577754379	-0.0524682084933	0.0321140497757	-0.0115519158264	-0.0185445578751	-0.00461454617132	-0.0196177791037	-0.00575599297324	1.0	0.0172185823005	0.0030808550127	-0.00901373053618	-0.0845903298413	0.0420744900231	-0.038006247796	-0.0355289073138	0.0669396452608	-0.0285324776646	-0.0519658849892	-0.0672913142508	-0.0283890787842	-0.0418166737876	-0.016874088822	-0.0243452544669	0.00752494400811	0.00743977728294	-0.0719843446812	-0.00708554050688	0.0220349718012	0.0241890266863	0.00671786546107	-0.0117662954707	0.00890261456874	-0.0284450977799	-0.00447315780379	-0.0345254956863	-0.0988663743763	0.0113570296627	-0.0122116974859	-0.0235392034561	0.0408343564058
k__Bacteria;p__Firmicutes;c__Clostridia;o__Clostridiales;f__Lachnospiraceae;g__Roseburia;s__Roseburia_hominis	0.00148770237363	0.0379604698205	-0.0261306280679	0.0168531029485	-0.0562170021679	0.029708322511	0.00224240148529	-0.0257557168758	-0.0223623854614	0.0228783695099	-0.0404002278077	0.0219916205489	-0.0457494122662	0.0356603093549	0.0169004905348	0.0146230984697	0.00704116059712	-0.0354320116327	0.00301218849642	-0.0271552022727	-0.0769402328091	-0.00921755728096	0.0256988339989	0.000734110356374	-0.0459080181205	0.000523963896738	0.0172185823005	1.0	0.000251194118168	-0.0393016368698	-0.0650322071221	-0.0776271768911	0.0313898869358	-0.0709318912426	0.0166051314227	-0.0665995467358	0.0466550821502	0.0202960291079	-0.0345148303832	0.00944869401324	-0.0254981487128	-0.0562227990031	0.0222562737727	-0.0132495873276	-0.0169028544694	0.0407863274257	0.00500233868323	-0.00977577050061	-0.0357149353871	0.0476418168483	0.0295095332649	-0.0227239922683	0.0607458743578	-0.00449601073858	0.0203806440907	-0.0469631518729	0.0666807152974	-0.00889951073184	0.0135770167035
k__Bacteria;p__Bacteroidetes;c__Bacteroidia;o__Bacteroidales;f__Porphyromonadaceae;g__Parabacteroides;s__Parabacteroides_johnsonii	-0.0121570127602	-0.0483848337079	-0.0422377843377	0.0525727272948	0.0353920945912	-0.038793136858	-0.0146848986796	0.0289313864984	0.0410069994689	0.0174296659595	-0.0204156659908	-0.00640735041469	-0.0203199739581	-0.0176649524924	-0.0474107309306	-0.0189831173392	-0.0751159861244	-0.048422071938	0.0267386914102	-0.0472788208221	-0.0562893990656	-0.0181331374631	0.05029465157	0.0299388988578	-0.0327680560564	-0.0741723266709	0.0030808550127	0.000251194118168	1.0	-0.0301897762226	-0.0176607265069	0.0133075180787	-0.0169574480864	0.0419615010018	-0.0397362096214	-0.0528242442138	-0.0127993912219	-0.0421693274376	0.00576541710165	-0.0217776699784	0.0971933002524	-0.0366326212724	0.00387059098078	-0.0191847175452	-0.00274618821539	-0.0383021652942	-0.00413451374887	-0.0464508370023	-0.00764987275749	-0.0291899921946	0.0121653449771	-0.0193638879848	0.0117472066028	0.00757299671217	0.0393776482886	-0.0173943285214	0.0836430076587	0.00129182811703	-0.05022189652
