#taxonomy	k__Bacteria;p__Bacteroidetes;c__Bacteroidia;o__Bacteroidales;f__Bacteroidaceae;g__Bacteroides;s__Bacteroides_vulgatus	k__Bacteria;p__Bacteroidetes;c__Bacteroidia;o__Bacteroidales;f__Bacteroidaceae;g__Bacteroides;s__Bacteroides_uniformis	k__Bacteria;p__Bacteroidetes;c__Bacteroidia;o__Bacteroidales;f__Rikenellaceae;g__Alistipes;s__Alistipes_putredinis	k__Bacteria;p__Bacteroidetes;c__Bacteroidia;o__Bacteroidales;f__Prevotellaceae;g__Prevotella;s__Prevotella_copri	k__Bacteria;p__Bacteroidetes;c__Bacteroidia;o__Bacteroidales;f__Bacteroidaceae;g__Bacteroides;s__Bacteroides_stercoris	k__Bacteria;p__Bacteroidetes;c__Bacteroidia;o__Bacteroidales;f__Bacteroidaceae;g__Bacteroides;s__Bacteroides_ovatus	k__Bacteria;p__Bacteroidetes;c__Bacteroidia;o__Bacteroidales;f__Rikenellaceae;g__Alistipes;s__Alistipes_shahii	k__Bacteria;p__Firmicutes;c__Clostridia;o__Clostridiales;f__Ruminococcaceae;g__Faecalibacterium;s__Faecalibacterium_prausnitzii	k__Bacteria;p__Bacteroidetes;c__Bacteroidia;o__Bacteroidales;f__Rikenellaceae;g__Alistipes;s__Alistipes_finegoldii	k__Bacteria;p__Bacteroidetes;c__Bacteroidia;o__Bacteroidales;f__Porphyromonadaceae;g__Parabacteroides;s__Parabacteroides_distasonis	k__Bacteria;p__Bacteroidetes;c__Bacteroidia;o__Bacteroidales;f__Bacteroidaceae;g__Bacteroides;s__Bacteroides_thetaiotaomicron	k__Bacteria;p__Bacteroidetes;c__Bacteroidia;o__Bacteroidales;f__Bacteroidaceae;g__Bacteroides;s__Bacteroides_coprocola	k__Bacteria;p__Bacteroidetes;c__Bacteroidia;o__Bacteroidales;f__Bacteroidaceae;g__Bacteroides;s__Bacteroides_cellulosilyticus	k__Bacteria;p__Bacteroidetes;c__Bacteroidia;o__Bacteroidales;f__Rikenellaceae;g__Alistipes;s__Alistipes_obesi	k__Bacteria;p__Firmicutes;c__Clostridia;o__Clostridiales;f__Lachnospiraceae;g__;s__[Eubacterium]_rectale	k__Bacteria;p__Bacteroidetes;c__Bacteroidia;o__Bacteroidales;f__Bacteroidaceae;g__Bacteroides;s__Bacteroides_plebeius	k__Bacteria;p__Bacteroidetes;c__Bacteroidia;o__Bacteroidales;f__Bacteroidaceae;g__Bacteroides;s__Bacteroides_fragilis	k__Bacteria;p__Proteobacteria;c__Betaproteobacteria;o__Burkholderiales;f__Sutterellaceae;g__Sutterella;s__Sutterella_wadsworthensis	k__Bacteria;p__Bacteroidetes;c__Bacteroidia;o__Bacteroidales;f__Porphyromonadaceae;g__Barnesiella;s__Barnesiella_intestinihominis	k__Bacteria;p__Bacteroidetes;c__Bacteroidia;o__Bacteroidales;f__Odoribacteraceae;g__Odoribacter;s__Odoribacter_splanchnicus	k__Bacteria;p__Bacteroidetes;c__Bacteroidia;o__Bacteroidales;f__Bacteroidaceae;g__Bacteroides;s__Bacteroides_salyersiae	k__Bacteria;p__Firmicutes;c__Clostridia;o__Clostridiales;f__Ruminococcaceae;g__Ruminiclostridium;s__[Eubacterium]_siraeum	k__Bacteria;p__Proteobacteria;c__Betaproteobacteria;o__Burkholderiales;f__Sutterellaceae;g__Parasutterella;s__Parasutterella_excrementihominis	k__Bacteria;p__Actinobacteria;c__Actinobacteria;o__Bifidobacteriales;f__Bifidobacteriaceae;g__Bifidobacterium;s__Bifidobacterium_adolescentis	k__Bacteria;p__Firmicutes;c__Clostridia;o__Clostridiales;f__Oscillospiraceae;g__Oscillibacter;s__Oscillibacter_sp._KLE_1745	k__Bacteria;p__Bacteroidetes;c__Bacteroidia;o__Bacteroidales;f__Bacteroidaceae;g__Bacteroides;s__Bacteroides_coprophilus	k__Bacteria;p__Firmicutes;c__Clostridia;o__Clostridiales;f__Lachnospiraceae;g__Roseburia;s__Roseburia_intestinalis	k__Bacteria;p__Firmicutes;c__Clostridia;o__Clostridiales;f__Lachnospiraceae;g__Roseburia;s__Roseburia_hominis	k__Bacteria;p__Bacteroidetes;c__Bacteroidia;o__Bacteroidales;f__Porphyromonadaceae;g__Parabacteroides;s__Parabacteroides_johnsonii	k__Bacteria;p__Actinobacteria;c__Actinobacteria;o__Bifidobacteriales;f__Bifidobacteriaceae;g__Bifidobacterium;s__Bifidobacterium_longum	k__Bacteria;p__Firmicutes;c__Clostridia;o__Clostridiales;f__;g__Flavonifractor;s__Flavonifractor_plautii	k__Bacteria;p__Firmicutes;c__Clostridia;o__Clostridiales;f__Clostridiaceae;g__Clostridium;s__Clostridium_phoceensis	k__Bacteria;p__Verrucomicrobia;c__Verrucomicrobiae;o__Verrucomicrobiales;f__Akkermansiaceae;g__Akkermansia;s__Akkermansia_muciniphila	k__Bacteria;p__Bacteroidetes;c__Bacteroidia;o__Bacteroidales;f__Prevotellaceae;g__Paraprevotella;s__Paraprevotella_xylaniphila	k__Bacteria;p__Firmicutes;c__Clostridia;o__Clostridiales;f__Ruminococcaceae;g__Ruminococcus;s__Ruminococcus_callidus	k__Bacteria;p__Bacteroidetes;c__Bacteroidia;o__Bacteroidales;f__Rikenellaceae;g__Alistipes;s__Alistipes_senegalensis	k__Bacteria;p__Firmicutes;c__Clostridia;o__Clostridiales;f__Lachnospiraceae;g__Blautia;s__Blautia_sp._KLE_1732	k__Bacteria;p__Bacteroidetes;c__Bacteroidia;o__Bacteroidales;f__Bacteroidaceae;g__Bacteroides;s__Bacteroides_oleiciplenus	k__Bacteria;p__Firmicutes;c__Clostridia;o__Clostridiales;f__Ruminococcaceae;g__Ruminococcus;s__Ruminococcus_bicirculans	k__Bacteria;p__Bacteroidetes;c__Bacteroidia;o__Bacteroidales;f__Bacteroidaceae;g__Bacteroides;s__Bacteroides_fluxus	k__Bacteria;p__Bacteroidetes;c__Bacteroidia;o__Bacteroidales;f__Prevotellaceae;g__Prevotella;s__Prevotella_stercorea	k__Bacteria;p__Firmicutes;c__Clostridia;o__Clostridiales;f__Lachnospiraceae;g__Dorea;s__Dorea_longicatena	k__Bacteria;p__Firmicutes;c__Clostridia;o__Clostridiales;f__Eubacteriaceae;g__Eubacterium;s__[Eubacterium]_eligens	k__Bacteria;p__Firmicutes;c__Clostridia;o__Clostridiales;f__Ruminococcaceae;g__;s__Ruminococcaceae_bacterium_D16	k__Bacteria;p__Firmicutes;c__Clostridia;o__Clostridiales;f__Lachnospiraceae;g__Coprococcus;s__Coprococcus_comes	k__Bacteria;p__Proteobacteria;c__Gammaproteobacteria;o__Enterobacterales;f__Enterobacteriaceae;g__Escherichia;s__Escherichia_coli	k__Bacteria;p__Firmicutes;c__Clostridia;o__Clostridiales;f__Ruminococcaceae;g__Anaerotruncus;s__Anaerotruncus_colihominis	k__Bacteria;p__Firmicutes;c__Clostridia;o__Clostridiales;f__Lachnospiraceae;g__Blautia;s__Blautia_obeum	k__Bacteria;p__Bacteroidetes;c__Bacteroidia;o__Bacteroidales;f__Odoribacteraceae;g__Odoribacter;s__Odoribacter_laneus	k__Bacteria;p__Firmicutes;c__Clostridia;o__Clostridiales;f__Ruminococcaceae;g__Ruminiclostridium;s__[Clostridium]_leptum	k__Bacteria;p__Bacteroidetes;c__Bacteroidia;o__Bacteroidales;f__Porphyromonadaceae;g__Parabacteroides;s__Parabacteroides_goldsteinii	k__Bacteria;p__Firmicutes;c__Clostridia;o__Clostridiales;f__Lachnospiraceae;g__Anaerostipes;s__Anaerostipes_hadrus	k__Bacteria;p__Firmicutes;c__Clostridia;o__Clostridiales;f__Ruminococcaceae;g__Ruminococcus;s__Ruminococcus_lactaris	k__Bacteria;p__Firmicutes;c__Clostridia;o__Clostridiales;f__Clostridiaceae;g__Clostridium;s__Clostridium_sp._L2-50	k__Bacteria;p__Firmicutes;c__Clostridia;o__Clostridiales;f__Clostridiaceae;g__Clostridium;s__Clostridium_sp._M62/1	k__Bacteria;p__Firmicutes;c__Clostridia;o__Clostridiales;f__;g__Intestinimonas;s__Intestinimonas_butyriciproducens	k__Bacteria;p__Actinobacteria;c__Actinobacteria;o__Bifidobacteriales;f__Bifidobacteriaceae;g__Bifidobacterium;s__Bifidobacterium_bifidum	k__Bacteria;p__Firmicutes;c__Negativicutes;o__Veillonellales;f__Veillonellaceae;g__Dialister;s__Dialister_invisus	k__Bacteria;p__Bacteroidetes;c__Bacteroidia;o__Bacteroidales;f__Bacteroidaceae;g__Bacteroides;s__Bacteroides_salanitronis
k__Bacteria;p__Bacteroidetes;c__Bacteroidia;o__Bacteroidales;f__Bacteroidaceae;g__Bacteroides;s__Bacteroides_vulgatus	1.0	-0.00526713098036	0.0165841710074	0.0323280446122	0.0241681924148	0.0336062579339	-0.0279944517348	-0.053114853016	-0.0565367377919	-0.0207091730553	0.00715399132604	0.0136631791166	0.0190650231661	0.0302415556077	-0.0523706256087	-0.0162006038566	-0.067599719785	0.0174071526999	0.014716639413	-0.0275941933987	0.0468791738974	-0.0704494019581	-0.0314019959787	-0.0131598758581	0.025701539847	0.0038957565268	-0.00988293141942	-0.0103333485818	0.0270443099617	0.0238929235035	0.0480175494657	0.0100536617706	-0.0118522612611	0.0220176239513	0.0164602594612	-0.0752137580759	-0.0195380555136	-0.00278612069244	-0.036798028628	-0.0362422208383	-0.0433133948498	-0.0183278271042	-0.0173672548241	-0.0162474277419	0.0175835578962	-0.0074811998204	-0.0263525947081	-0.0302297742638	-0.0110188048338	0.0115691856974	0.0222572397653	-0.0186289586966	0.0204659518525	0.0134222908968	0.0101055330737	-0.0197687650468	0.053948705168	0.0332629647162	-0.0131715885409
k__Bacteria;p__Bacteroidetes;c__Bacteroidia;o__Bacteroidales;f__Bacteroidaceae;g__Bacteroides;s__Bacteroides_uniformis	-0.00526713098036	1.0	-0.01593428415	0.0147170835625	-0.00447003281227	0.0655496880072	-0.00817593172492	-0.00435272196017	-0.0460444564101	-0.0465589066145	0.0204892983615	-0.0164256495818	0.016712257774	0.0147503909961	-0.00125024956802	0.0050519042392	0.00433640514938	0.00933215709423	0.0300535795479	-0.0225648861523	-0.0410495976338	0.00775391007165	-0.0215368102181	0.00354108488979	-0.00229630687086	0.0485532390614	-0.0341303890262	0.00292660971805	-0.00371377980223	-0.0280364049874	-0.00662487820768	-0.066851712283	0.00404314839563	-0.0409325236858	-0.0175655268682	0.0448260695944	-0.035315790806	-0.0288112454876	-0.0253259961872	0.005484971106	-0.0105965763125	-0.0310828141823	-0.0445149097563	0.00546858483224	-0.0732425765925	-0.00273127731578	0.0292758318691	-0.0412064694932	0.00544074543169	-0.0165305321632	0.00703206655586	0.0155058831049	0.021176155879	0.070032784845	-0.00902967657729	-0.0450264551073	0.0051753158308	-0.0380262908949	0.0438863193331
k__Bacteria;p__Bacteroidetes;c__Bacteroidia;o__Bacteroidales;f__Rikenellaceae;g__Alistipes;s__Alistipes_putredinis	0.0165841710074	-0.01593428415	1.0	-0.00940168625297	-0.025191251409	-0.0121954327886	0.00176856025004	0.00412568419155	-0.0356653537311	-0.0320877743418	-0.0265505305438	-0.0487768224917	-0.0242939492963	-0.0336440564656	0.0358192167323	0.018927614587	-0.00472819272212	-0.0169238898971	-0.0162722710109	0.0221471694717	-0.00591611637689	-0.0527109732362	0.0293184365851	-0.0144700734898	-0.000767760357938	0.00740135383788	-0.0216457276939	0.0241284605092	-0.00739828284563	-0.00217616792131	-0.0647456795294	-0.00263101144819	0.0306490171491	0.00417079447796	-0.0365790517447	-0.0150101588331	0.0211600254521	-0.03165602343	-0.0596480445441	-0.0169018797516	0.0120054427935	-0.0165954766951	0.0411274624738	-0.00124303242674	-0.0043643347214	0.0606579409542	-0.0137997850684	-0.0484551736085	0.0629188005575	0.0062096790825	-0.0232083212365	-0.0186684338903	-0.0177726428095	0.008063251995	-0.0344293276768	-0.0448332774343	-0.00593421987951	-0.0454526102258	-0.0334574761935
k__Bacteria;p__Bacteroidetes;c__Bacteroidia;o__Bacteroidales;f__Prevotellaceae;g__Prevotella;s__Prevotella_copri	0.0323280446122	0.0147170835625	-0.00940168625297	1.0	0.00961828029509	0.0271846662065	-0.0410110460072	-0.00646318970251	0.0213555710233	-0.0234087364604	-0.0129875965657	-0.010080548428	0.104967484596	-0.0206465833635	-0.00575040189904	-0.000616786666089	0.0141415136171	-0.0638478878412	-0.0109517349235	0.036817041658	-0.00885096872633	-0.0506739316362	-0.00655946723879	-0.0372989417228	0.0195693106285	0.0151835702971	0.0139987479727	-0.0131093348704	0.0257499452216	-0.0125934596497	0.00912123498424	-0.0478859351285	0.00308436962872	0.0579001472976	-0.0539945781413	0.0132480863965	-0.0284302761256	0.00801228558595	0.0317056854091	-0.0720955563311	-0.0140189169533	0.0293051816183	0.00483037186281	0.00155485565418	0.0292738130276	-0.0129959669853	0.022119862771	-0.0108435307231	-0.0327299085232	-0.0322759198568	-0.0754592981214	-0.0658442514844	0.0625894848614	-0.0385535179258	0.0419773283179	-0.0226660992387	-0.0109912271323	-0.0171190469442	-0.0428632877311
k__Bacteria;p__Bacteroidetes;c__Bacteroidia;o__Bacteroidales;f__Bacteroidaceae;g__Bacteroides;s__Bacteroides_stercoris	0.0241681924148	-0.00447003281227	-0.025191251409	0.00961828029509	1.0	0.0388931735735	0.0213347097154	0.0512928229268	0.0477773921448	0.00605228910257	0.00777252482623	-0.0346526583668	-0.0271914831707	-0.00662469461246	0.0121517960838	-0.0206577375424	-0.0483388023427	0.0325881971187	-0.0429525522931	-0.0104886224359	0.0208252484568	-0.0107244371923	-0.0114840787336	-0.00437814465078	0.0296153148621	-0.0389157750649	0.00514082170103	-0.0863203254191	-0.00134299230489	-0.0141866045994	0.0519473734564	0.0660202213103	0.0417100409158	0.000989996930964	0.0493790503336	-0.0294389979413	-0.045114152039	0.0291054601608	0.024990874465	-0.0247796533509	-0.0169595078265	-0.0681646036667	0.0339020349251	0.0238336771318	0.0164950512831	-0.0115853449589	-0.00177868286604	0.0353638080585	-0.0582497470963	-0.0473739519536	-0.042239553352	-0.0489406626209	-0.0586727735531	0.0501807967139	-0.0136854641292	-0.0597311160705	0.0383904573852	-0.0144583085072	0.015892242167
k__Bacteria;p__Bacteroidetes;c__Bacteroidia;o__Bacteroidales;f__Bacteroidaceae;g__Bacteroides;s__Bacteroides_ovatus	0.0336062579339	0.0655496880072	-0.0121954327886	0.0271846662065	0.0388931735735	1.0	0.0572035978932	-0.00177072989235	0.0242358795923	-0.0445739848763	-0.00319462308416	0.0563412183807	0.0209793160976	-0.0682812486539	-0.0159987554469	0.0345814453214	5.09634257055e-06	0.0114050902825	0.0199146492226	-0.0422076310702	-0.0238978859295	-0.00242190842313	0.0149178292492	-0.0434109758337	-0.0119275966433	-0.018153160074	0.0836230647758	0.00861604778867	-0.00200223950531	-0.00185221979768	-0.0199912800104	0.0438624508194	-0.020404226717	0.0219341661791	0.0578800643679	0.0120493298453	-0.0662700136876	-0.0280961761367	-0.0503364743023	0.0277795190864	-0.0270355313884	0.0208042199959	0.015582613842	-0.026706595988	0.0312691688808	-0.0262185517418	0.00930756839844	-0.00202146171643	-0.00570460986498	-0.0392151435742	0.00796021075177	-0.00709239370974	-0.109871364321	-0.0646305983528	0.0111196801463	-0.01099305832	-0.0122161558353	-0.0629971646572	0.0135767616491
k__Bacteria;p__Bacteroidetes;c__Bacteroidia;o__Bacteroidales;f__Rikenellaceae;g__Alistipes;s__Alistipes_shahii	-0.0279944517348	-0.00817593172492	0.00176856025004	-0.0410110460072	0.0213347097154	0.0572035978932	1.0	-0.0436531167639	0.0285310540518	-0.0383755685653	0.0194835933724	0.0239541292913	0.0109739368691	-0.00574237374674	-0.0232671006721	-0.0564451403004	0.046980993122	0.0121673273901	0.0359262291624	-0.0321765643112	-0.0474484831559	0.0505538024159	0.0714677803113	-0.0301723350427	-0.0418618251279	-0.0233399989374	-0.0529688709101	-0.0497188709859	-0.0283067499034	0.0173060223157	0.011544342151	0.0500954134932	0.00255515519221	0.0359273221634	-0.019865796601	0.0141578094295	0.0296416864156	0.002269895995	-0.000245971937127	0.0179839610202	-0.0181587933928	0.0270721624464	0.0286989191597	-0.0147591396859	0.0106372479335	-0.0402238163363	-0.0462606398034	-0.0555046067364	-0.00696439597473	-0.0229083435739	-0.0393503873966	0.00651009134274	0.0119905939961	0.0282474604132	-0.00358987113752	-0.0283349804207	0.0618902290699	-0.0477294676871	0.0141953130221
k__Bacteria;p__Firmicutes;c__Clostridia;o__Clostridiales;f__Ruminococcaceae;g__Faecalibacterium;s__Faecalibacterium_prausnitzii	-0.053114853016	-0.00435272196017	0.00412568419155	-0.00646318970251	0.0512928229268	-0.00177072989235	-0.0436531167639	1.0	0.0141288884938	-0.054608036745	-0.00750084033876	0.00572070115954	-0.0424723825245	0.00612907344937	0.012147153306	0.033424680363	-0.0555952187229	-0.00858162312891	-0.0280648032215	0.026754588651	-0.0167268306149	-0.0632193405678	-0.00764831265424	-0.041557995215	0.0417968020294	0.0311637144146	-0.00721143211772	0.0199181060045	0.0518425931096	-0.011520215797	0.0209357806714	0.0310521769793	-0.0672256928694	-0.0149664704875	-0.0382856795374	-0.0112000474421	0.045819914323	-0.0266853933458	-0.029015506553	0.000935472309953	0.00647160874193	-0.0636729504953	-0.0288748650204	-0.00474969471515	-0.0386730532445	-0.0179320142586	0.0412597003522	-0.0396413199904	0.00898059858432	-0.0552722421895	0.000511729611767	0.000758321914209	-0.0248605065171	-0.00292431324654	0.0183000525004	0.0114129755944	-0.0104065666342	0.00898380474756	0.00919419807172
k__Bacteria;p__Bacteroidetes;c__Bacteroidia;o__Bacteroidales;f__Rikenellaceae;g__Alistipes;s__Alistipes_finegoldii	-0.0565367377919	-0.0460444564101	-0.0356653537311	0.0213555710233	0.0477773921448	0.0242358795923	0.0285310540518	0.0141288884938	1.0	-0.0148080588073	-0.0589342712365	-0.0320417836116	-0.00616656958181	0.0209804323251	-0.0120749836411	0.00969213184255	-0.0308985336508	0.0108038353765	0.0270191913641	0.00721275621042	-0.00315196318439	-0.0391759725491	0.00630947489158	-0.00687972813971	-0.00986573796655	-0.00977338584546	-0.0270538077528	0.0209848037044	0.0336365702273	-0.0176273764714	-0.0709196338097	0.0302253508232	-0.0470844946918	-0.00245895761138	-0.00973390898791	0.0161724687187	0.0145955566328	-0.0235068700302	-0.0224168121829	0.0346435916063	0.00991066915668	0.0125704570929	-0.00564035975401	0.00990779128709	-0.0242145354108	-0.0193737583229	-0.000952111445343	-0.00589128585647	0.0208647360928	-0.0176531823989	0.0238596806321	0.019164271577	-0.0129845667114	-0.0443184907937	0.0175731518071	0.00913426127359	0.0328599335806	-0.0256010192458	0.00949296551181
k__Bacteria;p__Bacteroidetes;c__Bacteroidia;o__Bacteroidales;f__Porphyromonadaceae;g__Parabacteroides;s__Parabacteroides_distasonis	-0.0207091730553	-0.0465589066145	-0.0320877743418	-0.0234087364604	0.00605228910257	-0.0445739848763	-0.0383755685653	-0.054608036745	-0.0148080588073	1.0	-0.0335626704057	-0.0271074346372	-0.05711632151	0.000288002142394	0.00193386602786	-0.0393775069504	-0.00372143650659	-0.000578182181782	0.0259801278976	-0.0190595319898	0.0250193800115	0.031574236733	0.000820587735712	-0.0204076735618	-0.0274105283532	0.0332883954922	0.0379519442755	0.0242266979772	-0.016099933626	-0.00961486244744	-0.0359591094017	-0.035841199992	0.00906659257124	-0.0136003849801	0.0170259308361	0.0108165704203	-0.0336968869609	-0.0236525097885	-0.0429494901125	-0.0661983318383	0.0383154187166	-0.0771468743105	-0.0282898733127	0.00195021222226	0.0275584730971	0.0405511986374	-0.0106531321166	-0.0300870211248	0.0636087217103	0.017002502346	0.0264709520947	-0.000853333746892	-0.00823616237135	-0.0121118094117	0.0112721331328	-0.0320888326082	0.0115122450974	0.0535418783342	-0.0528154017964
k__Bacteria;p__Bacteroidetes;c__Bacteroidia;o__Bacteroidales;f__Bacteroidaceae;g__Bacteroides;s__Bacteroides_thetaiotaomicron	0.00715399132604	0.0204892983615	-0.0265505305438	-0.0129875965657	0.00777252482623	-0.00319462308416	0.0194835933724	-0.00750084033876	-0.0589342712365	-0.0335626704057	1.0	-0.00443284782725	-0.000191803919366	-0.0310133816807	-0.0280886468109	-0.00862534166708	0.0313329315437	0.0243893737828	-0.0175989469543	-0.0219939990845	-0.0503877470006	0.0239302886568	-0.0324879638861	-0.0196031749536	0.0317894344689	-0.0420935245977	0.0325297506612	0.0149199998649	0.00609466933657	0.0532394472749	-0.0214421458778	0.00987244518324	-0.0235344492378	-0.0100626713841	0.0160991899032	-0.0054355857496	0.013286136709	0.0262307087482	0.0155153512145	-0.0315673139195	-0.0384812482624	-0.0316087916879	0.0299480052074	-0.00706858430579	0.000204522352831	0.000196079258336	0.00941918257439	0.0423745894849	-0.0231715747981	0.0169511522008	-0.0265194417613	-0.00118607346928	-0.0161619676408	-0.0423484876805	0.013892644664	-0.0162395965462	-0.00816631826862	-0.0338393206794	0.00197105599783
k__Bacteria;p__Bacteroidetes;c__Bacteroidia;o__Bacteroidales;f__Bacteroidaceae;g__Bacteroides;s__Bacteroides_coprocola	0.0136631791166	-0.0164256495818	-0.0487768224917	-0.010080548428	-0.0346526583668	0.0563412183807	0.0239541292913	0.00572070115954	-0.0320417836116	-0.0271074346372	-0.00443284782725	1.0	0.00640854838357	0.0092969200449	-0.00784937304959	0.0216564328782	0.0244486077739	-0.0420451932315	0.0171388429506	-0.0515001870767	-0.0297449312287	0.00354221905403	-0.00339014952302	0.0119853082809	0.013425870817	0.00621715581647	0.0613748626483	0.000672911428866	-0.0507862875674	-0.0130363035536	-0.0496440036033	-0.0399433757305	0.0385415209771	-0.0552868957891	-0.0147839335477	0.00801260560357	-0.00541075277666	-0.0133094634289	-0.0145371504984	0.0275443472084	0.0111478329477	-0.0532689490614	-0.0472656196972	0.00112576158156	0.0130637851265	0.00437728728281	0.0293218567927	0.0162690152232	-0.00361572704332	0.00398548105617	-0.0206660964624	-0.0348452328483	0.0213912204286	-0.0262086776727	-0.056999157443	-0.0137365368152	0.026410668134	0.016991838452	0.0657976582991
k__Bacteria;p__Bacteroidetes;c__Bacteroidia;o__Bacteroidales;f__Bacteroidaceae;g__Bacteroides;s__Bacteroides_cellulosilyticus	0.0190650231661	0.016712257774	-0.0242939492963	0.104967484596	-0.0271914831707	0.0209793160976	0.0109739368691	-0.0424723825245	-0.00616656958181	-0.05711632151	-0.000191803919366	0.00640854838357	1.0	0.0313143069435	0.0344648316272	-0.0212565132575	-0.0132091256181	-0.0432472836886	0.00295281218035	-0.0105252247504	0.00215106973985	-0.0189260118647	-0.0521168816866	0.0382460016475	0.0324310428515	0.0172212493207	0.00853929451672	0.0322978446334	0.0392918686419	0.0251749042643	0.0194918374127	-0.0371791094533	0.0261794303942	0.0122989565207	0.0770010324271	0.0235471020572	-0.0151321137959	-0.0141898067074	-0.0337155219251	0.0289577766003	0.0253459937355	0.0414150956991	0.0161472696563	-0.024232452775	0.0252681035054	-0.038019279742	0.0219922232159	-0.0839484525702	-0.0536618221906	-0.0273291011939	-0.0259711471756	0.0215098545198	-0.0240893859232	0.00125906791427	-0.0387511049181	0.00472871512294	-0.0231769941528	-0.0579493686206	0.0454292173868
k__Bacteria;p__Bacteroidetes;c__Bacteroidia;o__Bacteroidales;f__Rikenellaceae;g__Alistipes;s__Alistipes_obesi	0.0302415556077	0.0147503909961	-0.0336440564656	-0.0206465833635	-0.00662469461246	-0.0682812486539	-0.00574237374674	0.00612907344937	0.0209804323251	0.000288002142394	-0.0310133816807	0.0092969200449	0.0313143069435	1.0	0.0156845627213	-0.0210587258175	-0.0338116571073	0.02098660292	-0.0396788177329	-0.00369098199468	0.0215113772183	-0.051126798428	-0.0237975126405	-0.014447934241	-0.00446780015326	0.0358470548158	-0.0254819280062	-0.0611448236217	0.0163486302468	0.0189960139299	-0.0383036064505	0.0255731146728	0.0222489757546	-0.0417066629035	-0.0456256713869	0.0553173887328	-0.017540483395	0.0156324512091	-0.0388110073197	0.0140640051253	0.0265235240669	0.0576636634729	-0.0632140781709	0.0162482933866	0.00155410437749	0.0507969546158	-0.0264302687016	-0.0356703857324	-0.0435431067211	-0.0200180701721	-0.00973771727144	0.00345928168762	-0.0333417462772	0.011720398696	-0.00295973001315	0.0218538559409	0.0511144294293	-0.0197534966418	-0.0214863642445
k__Bacteria;p__Firmicutes;c__Clostridia;o__Clostridiales;f__Lachnospiraceae;g__;s__[Eubacterium]_rectale	-0.0523706256087	-0.00125024956802	0.0358192167323	-0.00575040189904	0.0121517960838	-0.0159987554469	-0.0232671006721	0.012147153306	-0.0120749836411	0.00193386602786	-0.0280886468109	-0.00784937304959	0.0344648316272	0.0156845627213	1.0	0.0537192158323	0.00365322585955	-0.00831473882198	-0.0199368237787	0.0272769880466	-0.0530244520782	-0.00121939149376	0.00326358494029	0.0388989042966	-0.0421351933484	-0.0063939331654	-0.00458257243071	-0.0635925857761	-0.0533281109664	-0.0152306956281	0.00246168752005	0.01672562551	0.00584163591087	0.011635421017	-0.0203108273734	-0.0207801494888	-0.0167739256054	-0.0505886198189	0.02043351135	-0.00647613946925	-0.0260938044823	-0.0193593189911	0.0101555452818	-0.012607585137	0.00366152956883	-0.00182386063623	-0.00743267046024	-0.0488522724434	-0.0679822720133	-0.00819101587306	-0.0704907536672	-0.0578287166538	0.0190215516269	-0.0105767781995	0.0178275944749	0.0155858240159	0.0198296349448	0.0296947476753	-0.0137191270904
k__Bacteria;p__Bacteroidetes;c__Bacteroidia;o__Bacteroidales;f__Bacteroidaceae;g__Bacteroides;s__Bacteroides_plebeius	-0.0162006038566	0.0050519042392	0.018927614587	-0.000616786666089	-0.0206577375424	0.0345814453214	-0.0564451403004	0.033424680363	0.00969213184255	-0.0393775069504	-0.00862534166708	0.0216564328782	-0.0212565132575	-0.0210587258175	0.0537192158323	1.0	0.00382878968492	-0.0365381196038	-0.0128352919358	-0.0218290106055	0.0206625221935	-0.0452767756399	-0.0159274219623	0.0200035178896	-0.0469298329704	-0.00950418953861	-0.0231210285695	0.00237346277603	-0.00761548868283	-0.018929933673	-0.130005585692	0.0263362195875	-0.0620908714137	0.0131937065085	-0.0562892083416	0.0144927550569	0.064837036986	-0.0120669329831	-0.0114910368344	-0.0356588757561	0.00963250883623	-0.00528625457776	0.00390230679544	0.0257421470879	0.0187309927566	-0.0138413682619	-0.0126285576399	-0.0539617943161	0.00275715466143	-0.0619444314847	-0.0233429196837	0.0152873380758	0.0153946193111	0.00536340482883	-0.0482721637767	-0.0526732091893	0.0232093314344	0.0194678113865	-0.0152658350029
k__Bacteria;p__Bacteroidetes;c__Bacteroidia;o__Bacteroidales;f__Bacteroidaceae;g__Bacteroides;s__Bacteroides_fragilis	-0.067599719785	0.00433640514938	-0.00472819272212	0.0141415136171	-0.0483388023427	5.09634257055e-06	0.046980993122	-0.0555952187229	-0.0308985336508	-0.00372143650659	0.0313329315437	0.0244486077739	-0.0132091256181	-0.0338116571073	0.00365322585955	0.00382878968492	1.0	-0.0304432461585	-0.0108964154077	-0.014962283477	0.00267996700027	-0.0189392532927	0.00640898400269	0.0105845208815	-0.0353465577678	-0.0447591287289	0.00146373924995	0.00507189785625	-0.0768087346149	0.0288870365818	-0.0237677158374	0.00369541804207	0.0106155158181	-0.0432298952318	0.0206988302267	-0.0137686945269	-0.065362527886	0.00473463087099	0.0434682873452	0.0384254089719	0.0322265389927	-0.0148202161546	0.000122262583898	-0.0285126613325	-0.0239796831899	-0.000752927166509	0.0120729999253	0.0274227547051	-0.0318544008888	-0.0217197215889	-0.0281134690381	0.0440669531132	0.00317100981004	0.0391648316376	0.0482953480702	0.00290812784191	-0.0687639409806	-0.0312043884087	0.030619590332
k__Bacteria;p__Proteobacteria;c__Betaproteobacteria;o__Burkholderiales;f__Sutterellaceae;g__Sutterella;s__Sutterella_wadsworthensis	0.0174071526999	0.00933215709423	-0.0169238898971	-0.0638478878412	0.0325881971187	0.0114050902825	0.0121673273901	-0.00858162312891	0.0108038353765	-0.000578182181782	0.0243893737828	-0.0420451932315	-0.0432472836886	0.02098660292	-0.00831473882198	-0.0365381196038	-0.0304432461585	1.0	-0.00671986051412	-0.0747372614502	-0.0530543841438	0.00688814223594	-0.0212586773653	0.00535812412654	-0.00931642814511	-0.0299340453344	0.00503887559346	0.02501359674	0.0441042565945	0.0530014425104	-0.0208802922075	-0.0442939163458	0.002937257418	0.00701022719582	-0.000936837389608	0.0283446551086	0.0180230257582	0.0108333860895	-0.020465632194	0.0310597674256	-0.0309951112207	-0.0160678281391	-0.0405452549062	-0.00388379924079	-0.0132134017168	-0.0127315644196	-0.0683761991733	-0.0147714126381	0.0147088959586	0.0213068318907	0.00352852351696	0.0127924243186	-0.0368549265646	-0.00609001515979	-0.0225961138763	0.0535621739765	-0.0372722035293	-0.00979122352178	-0.0246462701942
k__Bacteria;p__Bacteroidetes;c__Bacteroidia;o__Bacteroidales;f__Porphyromonadaceae;g__Barnesiella;s__Barnesiella_intestinihominis	0.014716639413	0.0300535795479	-0.0162722710109	-0.0109517349235	-0.0429525522931	0.0199146492226	0.0359262291624	-0.0280648032215	0.0270191913641	0.0259801278976	-0.0175989469543	0.0171388429506	0.00295281218035	-0.0396788177329	-0.0199368237787	-0.0128352919358	-0.0108964154077	-0.00671986051412	1.0	0.00672590852787	0.000295619164581	-0.0578774885461	-0.0853905719773	0.00636694139488	0.00179452265844	0.0819957144364	0.0140434951919	0.028141830583	0.0412730113407	-0.0268244409655	-0.0267383518245	0.0458354302715	0.00790171978478	0.0382850421803	-0.0476744056595	-0.0627582340911	-0.0638491383422	0.00408005571204	0.0149837706094	0.00519586349651	0.0190899893345	-0.00337678791678	-0.0690121141485	0.00881913029377	-0.0364067334931	-0.0289128893511	-0.0313590813254	0.054420991271	0.0170543729128	0.00118230201198	0.00683063088378	-0.0141138579627	-0.0347708003176	-0.0221214865057	-0.0255654914593	0.00943818264728	-0.0392921202665	0.012059967552	-0.0198274042597
k__Bacteria;p__Bacteroidetes;c__Bacteroidia;o__Bacteroidales;f__Odoribacteraceae;g__Odoribacter;s__Odoribacter_splanchnicus	-0.0275941933987	-0.0225648861523	0.0221471694717	0.036817041658	-0.0104886224359	-0.0422076310702	-0.0321765643112	0.026754588651	0.00721275621042	-0.0190595319898	-0.0219939990845	-0.0515001870767	-0.0105252247504	-0.00369098199468	0.0272769880466	-0.0218290106055	-0.014962283477	-0.0747372614502	0.00672590852787	1.0	-0.0480701031313	0.00027607444188	-0.00458807352169	-0.0111588687592	0.0166623653245	-0.106585954763	-0.0244182661871	0.0276113305085	-0.0130304675425	-0.00771192060031	-0.005974372009	0.0449450519322	-0.000469322337075	-0.0340656571094	0.0551766463369	-0.0208546198724	-0.000941283087747	0.0477813472975	0.0159287824199	-0.0426356061734	0.014604809146	-0.0180356905749	-0.000559142201689	-0.0696954081567	-0.0298248491888	-0.0583714007913	0.0114216076708	0.0170146602631	0.000647225219294	-0.0289739127296	-0.0229561685258	-0.0131456932407	-0.051468969892	0.0242504712057	-0.0154201469011	-0.0386484769527	-0.00876510283834	0.0400778920273	0.0127202367976
k__Bacteria;p__Bacteroidetes;c__Bacteroidia;o__Bacteroidales;f__Bacteroidaceae;g__Bacteroides;s__Bacteroides_salyersiae	0.0468791738974	-0.0410495976338	-0.00591611637689	-0.00885096872633	0.0208252484568	-0.0238978859295	-0.0474484831559	-0.0167268306149	-0.00315196318439	0.0250193800115	-0.0503877470006	-0.0297449312287	0.00215106973985	0.0215113772183	-0.0530244520782	0.0206625221935	0.00267996700027	-0.0530543841438	0.00029561916458	-0.0480701031313	1.0	0.0829113457836	0.00771992754968	-0.0233334936975	0.0185296535953	0.0141329732617	-0.0369306322089	0.0274147563617	-0.0538377312731	-0.00891880787493	0.0100813528519	-0.0308120075519	-0.00227072035539	-0.00816428326666	-0.0409633021941	-0.0538365396177	-0.054476959558	0.0045715541578	-0.0385468269738	-0.0453298085675	-0.0803428911349	-0.0522039785763	-0.0213313572096	-0.0466986388977	-0.0166950214269	0.0936370165408	0.041095341312	0.00313555276042	0.0252630655121	0.0153093355803	-0.00679062895972	0.0166526508322	0.0444541989439	-0.0347988981865	-0.00810788112641	0.029698731514	0.0335071407108	-0.0488221836971	-0.011321957359
k__Bacteria;p__Firmicutes;c__Clostridia;o__Clostridiales;f__Ruminococcaceae;g__Ruminiclostridium;s__[Eubacterium]_siraeum	-0.0704494019581	0.00775391007165	-0.0527109732362	-0.0506739316362	-0.0107244371923	-0.00242190842314	0.0505538024159	-0.0632193405678	-0.0391759725491	0.031574236733	0.0239302886568	0.00354221905403	-0.0189260118647	-0.051126798428	-0.00121939149376	-0.0452767756399	-0.0189392532927	0.00688814223594	-0.0578774885461	0.00027607444188	0.0829113457836	1.0	-0.00533552512565	-0.0223435167309	-0.00141533817527	0.0323255426311	0.0113169166564	-0.023608415471	-0.004871181627	0.0455497404154	-0.0243668898093	-0.0216720558524	0.00392702044647	-0.0378714977429	0.0271609374151	-0.00233851295169	-0.00420218133831	-0.0405094258076	0.000585745551271	0.00719117776222	-0.0261170931866	-0.0137657197377	0.016338463542	-0.0332486370888	0.00277325787992	0.0200262673397	-0.020456929406	-0.0119442989991	0.0478303115797	-0.0149285576359	-0.0198962700023	-0.0268533195057	-0.00701364797147	-0.0199244720078	-0.0355179086802	-0.0019456965602	-0.0298092695908	-0.041043365341	0.0546433957405
k__Bacteria;p__Proteobacteria;c__Betaproteobacteria;o__Burkholderiales;f__Sutterellaceae;g__Parasutterella;s__Parasutterella_excrementihominis	-0.0314019959787	-0.0215368102181	0.0293184365851	-0.00655946723879	-0.0114840787336	0.0149178292492	0.0714677803113	-0.00764831265424	0.00630947489158	0.000820587735712	-0.0324879638861	-0.00339014952302	-0.0521168816866	-0.0237975126405	0.00326358494029	-0.0159274219623	0.00640898400269	-0.0212586773653	-0.0853905719773	-0.00458807352169	0.00771992754968	-0.00533552512565	1.0	-0.0071504806668	-0.0197659915195	-0.0567975298504	-0.0349194354438	-0.0129612615502	0.00441945002446	-0.0205400557678	3.27047866068e-05	-0.00647822685318	-0.0851637605908	0.06070323216	-5.52932977553e-05	-0.0199812262526	0.0104987849593	-0.015766696715	0.0556817022339	-0.00615801597143	-0.0266158094823	-0.0256802969076	0.0444279458704	-0.0111598242784	-0.0367794649916	0.0506993708091	-0.0292501201968	-0.032158055606	0.0297916002976	0.0290246706704	0.000906722366042	-0.0129794363271	-0.0430619961058	0.062480624274	-0.0558561247015	-0.00915703668959	0.0121235891722	-0.0364131314204	-0.0392295493479
k__Bacteria;p__Actinobacteria;c__Actinobacteria;o__Bifidobacteriales;f__Bifidobacteriaceae;g__Bifidobacterium;s__Bifidobacterium_adolescentis	-0.0131598758581	0.00354108488979	-0.0144700734898	-0.0372989417228	-0.00437814465078	-0.0434109758337	-0.0301723350427	-0.041557995215	-0.00687972813971	-0.0204076735618	-0.0196031749536	0.0119853082809	0.0382460016475	-0.014447934241	0.0388989042966	0.0200035178896	0.0105845208815	0.00535812412654	0.00636694139488	-0.0111588687592	-0.0233334936975	-0.0223435167309	-0.0071504806668	1.0	0.000433462858723	-0.0576097454806	-0.0068510667757	-0.0353592140777	0.0522193411413	0.00355005875786	0.0323437968457	-0.0618376404001	-0.0096438074033	-0.0288925241699	-0.0142950777569	-0.0533162506328	-0.0461066331801	0.0347321245214	-0.0012706447675	0.040259882688	-0.0274780460118	-0.0249494001825	0.00591358296407	0.0197712272794	-0.0556871232998	0.00468439988195	-0.0132210165648	0.00875072736154	-0.0251422996756	-0.0314261547784	0.0142952641603	0.0180515719958	-0.0156263838947	-0.00751794818909	0.00841119097602	0.00481564238897	0.00862988117776	-0.023864251542	-0.00147307742371
k__Bacteria;p__Firmicutes;c__Clostridia;o__Clostridiales;f__Oscillospiraceae;g__Oscillibacter;s__Oscillibacter_sp._KLE_1745	0.025701539847	-0.00229630687086	-0.000767760357938	0.0195693106285	0.0296153148621	-0.0119275966433	-0.0418618251279	0.0417968020294	-0.00986573796655	-0.0274105283532	0.0317894344689	0.013425870817	0.0324310428515	-0.00446780015326	-0.0421351933484	-0.0469298329704	-0.0353465577678	-0.00931642814511	0.00179452265844	0.0166623653245	0.0185296535953	-0.00141533817527	-0.0197659915195	0.000433462858723	1.0	0.0116767844661	-0.00871882185211	-0.0422869048238	-0.0130628983599	-0.00485680759172	0.0144323487608	-0.0196323390141	0.00826083382654	0.00391179000975	0.0183369835253	-0.0418185482318	-0.0185819324163	-0.0405003454692	-0.0531130558382	0.0244597772808	-0.00699612560642	0.00715824598176	0.0183899777413	-0.0519910294131	-0.00598742231609	-0.0380806165112	0.00779400258265	-0.0271499675974	-0.0316506625844	0.0451311867811	0.0140109545673	0.0530430546345	0.0497840325677	0.0361256428318	-0.0113383355342	0.0122109388573	-0.0400819157446	-0.000124636006557	0.00509123913959
k__Bacteria;p__Bacteroidetes;c__Bacteroidia;o__Bacteroidales;f__Bacteroidaceae;g__Bacteroides;s__Bacteroides_coprophilus	0.0038957565268	0.0485532390614	0.00740135383788	0.0151835702971	-0.0389157750649	-0.018153160074	-0.0233399989374	0.0311637144146	-0.00977338584546	0.0332883954922	-0.0420935245977	0.00621715581647	0.0172212493207	0.0358470548158	-0.0063939331654	-0.00950418953861	-0.0447591287289	-0.0299340453344	0.0819957144364	-0.106585954763	0.0141329732617	0.0323255426311	-0.0567975298504	-0.0576097454806	0.0116767844661	1.0	0.0173898267109	-0.0313298303588	0.0167051116066	-0.0328907227122	0.00296037182852	-0.0375158843226	-0.0134157249228	0.0637744662579	-0.0108862716487	-0.00898139152114	0.0205012749362	-0.00956429671364	-0.0395716440195	0.0246141041577	0.0267236615812	-0.0630308248264	0.0111016294396	-0.00917927583374	-0.00733562053498	0.0321656821444	-0.0230232597072	-0.0507498054733	-0.0109340874157	0.0092888468642	-0.0101040176685	0.00466711966128	0.00941473707122	0.0143022038184	0.00972159009372	-0.0762452776154	-0.084434046605	0.0253841185016	-0.0460420860449
k__Bacteria;p__Firmicutes;c__Clostridia;o__Clostridiales;f__Lachnospiraceae;g__Roseburia;s__Roseburia_intestinalis	-0.00988293141942	-0.0341303890262	-0.0216457276939	0.0139987479727	0.00514082170103	0.0836230647758	-0.0529688709101	-0.00721143211772	-0.0270538077528	0.0379519442755	0.0325297506612	0.0613748626483	0.00853929451672	-0.0254819280062	-0.00458257243071	-0.0231210285695	0.00146373924995	0.00503887559346	0.0140434951919	-0.0244182661871	-0.0369306322089	0.0113169166564	-0.0349194354438	-0.0068510667757	-0.00871882185211	0.0173898267109	1.0	0.0526407655677	0.0123558620649	-0.0576807595889	-0.0153843056227	-0.0155934251389	-0.0399076919846	-0.00911924735259	0.007691925468	0.0110873520544	-0.0228673220244	-0.0145276824345	-0.0183298085246	-0.0166431325544	-0.0601391641208	-0.0581547760271	-0.077777444857	-0.0311792168393	0.034868184695	-0.0130770813876	-0.0499474809043	-0.0157098231569	0.0327602310379	0.0159097003793	0.0212217322899	-0.0214148815872	-0.0591458668619	0.0179455473093	0.0112405375239	-0.0152800620222	-0.0364948383596	0.0273111354133	0.0131099701119
k__Bacteria;p__Firmicutes;c__Clostridia;o__Clostridiales;f__Lachnospiraceae;g__Roseburia;s__Roseburia_hominis	-0.0103333485818	0.00292660971805	0.0241284605092	-0.0131093348704	-0.0863203254191	0.00861604778867	-0.0497188709859	0.0199181060045	0.0209848037044	0.0242266979772	0.0149199998649	0.000672911428866	0.0322978446334	-0.0611448236217	-0.0635925857761	0.00237346277603	0.00507189785625	0.02501359674	0.028141830583	0.0276113305085	0.0274147563617	-0.023608415471	-0.0129612615502	-0.0353592140777	-0.0422869048238	-0.0313298303588	0.0526407655677	1.0	0.0536720041621	-0.0294444090221	-0.0651787077822	-0.0183962783995	-0.0184929458091	-0.0596228073136	0.00331877888844	0.010010954976	0.0229070977685	0.00121434461004	0.0577769349875	-0.0291019481153	0.00897480002614	-0.00659885677934	-0.0527744322841	0.0678331351308	-0.0561342977469	-0.0269329310616	-0.0507727292075	-0.0313977607399	-0.0234585651556	-0.00776302119634	-0.0345268908055	0.0328705355044	-0.00137190622179	-0.0422180736894	-0.0325997940036	0.0126809019659	0.0101475902595	0.00347123285279	-0.00150773490288
k__Bacteria;p__Bacteroidetes;c__Bacteroidia;o__Bacteroidales;f__Porphyromonadaceae;g__Parabacteroides;s__Parabacteroides_johnsonii	0.0270443099617	-0.00371377980223	-0.00739828284563	0.0257499452216	-0.00134299230489	-0.00200223950531	-0.0283067499034	0.0518425931096	0.0336365702273	-0.016099933626	0.00609466933657	-0.0507862875674	0.0392918686419	0.0163486302468	-0.0533281109664	-0.00761548868283	-0.0768087346149	0.0441042565945	0.0412730113407	-0.0130304675425	-0.0538377312731	-0.004871181627	0.00441945002446	0.0522193411413	-0.0130628983599	0.0167051116066	0.0123558620649	0.0536720041621	1.0	0.0156055172097	0.0514225503366	-0.075290687836	-0.0732073330639	0.00662731843735	-0.023772855256	0.0199606518559	0.0326014422703	-0.0259540435341	0.0208106855708	-0.0752147450309	-0.0615709377641	-0.0287463965984	0.0284307702576	-0.0156130950817	0.0145545227912	0.0552417918298	0.0144235596603	-0.0151314048926	-0.00553870607299	-0.0473430769489	-0.0181867107448	0.0920809586154	-0.0591002671737	0.028554242973	-0.0506197965355	-0.021937288856	0.000517824557102	0.0117969085604	-0.0746190343687
k__Bacteria;p__Actinobacteria;c__Actinobacteria;o__Bifidobacteriales;f__Bifidobacteriaceae;g__Bifidobacterium;s__Bifidobacterium_longum	0.0238929235035	-0.0280364049874	-0.00217616792131	-0.0125934596497	-0.0141866045994	-0.00185221979768	0.0173060223157	-0.011520215797	-0.0176273764714	-0.00961486244744	0.0532394472749	-0.0130363035536	0.0251749042643	0.0189960139299	-0.0152306956281	-0.018929933673	0.0288870365818	0.0530014425104	-0.0268244409655	-0.00771192060031	-0.00891880787493	0.0455497404154	-0.0205400557678	0.00355005875786	-0.00485680759172	-0.0328907227122	-0.0576807595889	-0.0294444090221	0.0156055172097	1.0	-0.0510668118959	0.0290989751206	-0.0420524366605	0.0379421242083	-0.00805428805349	-2.94432895744e-05	0.00182022472894	0.0162263400525	-0.0748233752118	0.00868147469043	0.0227815235668	-0.00451225743899	-0.0708955120057	0.00988165071464	-0.0183123253674	0.0375044216318	-0.026245054223	0.0156159426713	-0.0488268567097	-0.0427511406991	0.0310794573175	0.00871400897057	-0.0438535200104	-0.045727008664	-0.0928929384736	0.0166924296846	-0.0648010549437	0.0351690156154	0.000648214238924
