#taxonomy	k__Bacteria;p__Bacteroidetes;c__Bacteroidia;o__Bacteroidales;f__Bacteroidaceae;g__Bacteroides;s__Bacteroides_vulgatus	k__Bacteria;p__Bacteroidetes;c__Bacteroidia;o__Bacteroidales;f__Bacteroidaceae;g__Bacteroides;s__Bacteroides_uniformis	k__Bacteria;p__Bacteroidetes;c__Bacteroidia;o__Bacteroidales;f__Rikenellaceae;g__Alistipes;s__Alistipes_putredinis	k__Bacteria;p__Bacteroidetes;c__Bacteroidia;o__Bacteroidales;f__Prevotellaceae;g__Prevotella;s__Prevotella_copri	k__Bacteria;p__Bacteroidetes;c__Bacteroidia;o__Bacteroidales;f__Bacteroidaceae;g__Bacteroides;s__Bacteroides_stercoris	k__Bacteria;p__Bacteroidetes;c__Bacteroidia;o__Bacteroidales;f__Bacteroidaceae;g__Bacteroides;s__Bacteroides_ovatus	k__Bacteria;p__Bacteroidetes;c__Bacteroidia;o__Bacteroidales;f__Rikenellaceae;g__Alistipes;s__Alistipes_shahii	k__Bacteria;p__Firmicutes;c__Clostridia;o__Clostridiales;f__Ruminococcaceae;g__Faecalibacterium;s__Faecalibacterium_prausnitzii	k__Bacteria;p__Bacteroidetes;c__Bacteroidia;o__Bacteroidales;f__Rikenellaceae;g__Alistipes;s__Alistipes_finegoldii	k__Bacteria;p__Bacteroidetes;c__Bacteroidia;o__Bacteroidales;f__Porphyromonadaceae;g__Parabacteroides;s__Parabacteroides_distasonis	k__Bacteria;p__Bacteroidetes;c__Bacteroidia;o__Bacteroidales;f__Bacteroidaceae;g__Bacteroides;s__Bacteroides_thetaiotaomicron	k__Bacteria;p__Bacteroidetes;c__Bacteroidia;o__Bacteroidales;f__Bacteroidaceae;g__Bacteroides;s__Bacteroides_coprocola	k__Bacteria;p__Bacteroidetes;c__Bacteroidia;o__Bacteroidales;f__Bacteroidaceae;g__Bacteroides;s__Bacteroides_cellulosilyticus	k__Bacteria;p__Bacteroidetes;c__Bacteroidia;o__Bacteroidales;f__Rikenellaceae;g__Alistipes;s__Alistipes_obesi	k__Bacteria;p__Firmicutes;c__Clostridia;o__Clostridiales;f__Lachnospiraceae;g__;s__[Eubacterium]_rectale	k__Bacteria;p__Bacteroidetes;c__Bacteroidia;o__Bacteroidales;f__Bacteroidaceae;g__Bacteroides;s__Bacteroides_plebeius	k__Bacteria;p__Bacteroidetes;c__Bacteroidia;o__Bacteroidales;f__Bacteroidaceae;g__Bacteroides;s__Bacteroides_fragilis	k__Bacteria;p__Proteobacteria;c__Betaproteobacteria;o__Burkholderiales;f__Sutterellaceae;g__Sutterella;s__Sutterella_wadsworthensis	k__Bacteria;p__Bacteroidetes;c__Bacteroidia;o__Bacteroidales;f__Porphyromonadaceae;g__Barnesiella;s__Barnesiella_intestinihominis	k__Bacteria;p__Bacteroidetes;c__Bacteroidia;o__Bacteroidales;f__Odoribacteraceae;g__Odoribacter;s__Odoribacter_splanchnicus	k__Bacteria;p__Bacteroidetes;c__Bacteroidia;o__Bacteroidales;f__Bacteroidaceae;g__Bacteroides;s__Bacteroides_salyersiae	k__Bacteria;p__Firmicutes;c__Clostridia;o__Clostridiales;f__Ruminococcaceae;g__Ruminiclostridium;s__[Eubacterium]_siraeum	k__Bacteria;p__Proteobacteria;c__Betaproteobacteria;o__Burkholderiales;f__Sutterellaceae;g__Parasutterella;s__Parasutterella_excrementihominis	k__Bacteria;p__Actinobacteria;c__Actinobacteria;o__Bifidobacteriales;f__Bifidobacteriaceae;g__Bifidobacterium;s__Bifidobacterium_adolescentis	k__Bacteria;p__Firmicutes;c__Clostridia;o__Clostridiales;f__Oscillospiraceae;g__Oscillibacter;s__Oscillibacter_sp._KLE_1745	k__Bacteria;p__Bacteroidetes;c__Bacteroidia;o__Bacteroidales;f__Bacteroidaceae;g__Bacteroides;s__Bacteroides_coprophilus	k__Bacteria;p__Firmicutes;c__Clostridia;o__Clostridiales;f__Lachnospiraceae;g__Roseburia;s__Roseburia_intestinalis	k__Bacteria;p__Firmicutes;c__Clostridia;o__Clostridiales;f__Lachnospiraceae;g__Roseburia;s__Roseburia_hominis	k__Bacteria;p__Bacteroidetes;c__Bacteroidia;o__Bacteroidales;f__Porphyromonadaceae;g__Parabacteroides;s__Parabacteroides_johnsonii	k__Bacteria;p__Actinobacteria;c__Actinobacteria;o__Bifidobacteriales;f__Bifidobacteriaceae;g__Bifidobacterium;s__Bifidobacterium_longum	k__Bacteria;p__Firmicutes;c__Clostridia;o__Clostridiales;f__;g__Flavonifractor;s__Flavonifractor_plautii	k__Bacteria;p__Firmicutes;c__Clostridia;o__Clostridiales;f__Clostridiaceae;g__Clostridium;s__Clostridium_phoceensis	k__Bacteria;p__Verrucomicrobia;c__Verrucomicrobiae;o__Verrucomicrobiales;f__Akkermansiaceae;g__Akkermansia;s__Akkermansia_muciniphila	k__Bacteria;p__Bacteroidetes;c__Bacteroidia;o__Bacteroidales;f__Prevotellaceae;g__Paraprevotella;s__Paraprevotella_xylaniphila	k__Bacteria;p__Firmicutes;c__Clostridia;o__Clostridiales;f__Ruminococcaceae;g__Ruminococcus;s__Ruminococcus_callidus	k__Bacteria;p__Bacteroidetes;c__Bacteroidia;o__Bacteroidales;f__Rikenellaceae;g__Alistipes;s__Alistipes_senegalensis	k__Bacteria;p__Firmicutes;c__Clostridia;o__Clostridiales;f__Lachnospiraceae;g__Blautia;s__Blautia_sp._KLE_1732	k__Bacteria;p__Bacteroidetes;c__Bacteroidia;o__Bacteroidales;f__Bacteroidaceae;g__Bacteroides;s__Bacteroides_oleiciplenus	k__Bacteria;p__Firmicutes;c__Clostridia;o__Clostridiales;f__Ruminococcaceae;g__Ruminococcus;s__Ruminococcus_bicirculans	k__Bacteria;p__Bacteroidetes;c__Bacteroidia;o__Bacteroidales;f__Bacteroidaceae;g__Bacteroides;s__Bacteroides_fluxus	k__Bacteria;p__Bacteroidetes;c__Bacteroidia;o__Bacteroidales;f__Prevotellaceae;g__Prevotella;s__Prevotella_stercorea	k__Bacteria;p__Firmicutes;c__Clostridia;o__Clostridiales;f__Lachnospiraceae;g__Dorea;s__Dorea_longicatena	k__Bacteria;p__Firmicutes;c__Clostridia;o__Clostridiales;f__Eubacteriaceae;g__Eubacterium;s__[Eubacterium]_eligens	k__Bacteria;p__Firmicutes;c__Clostridia;o__Clostridiales;f__Ruminococcaceae;g__;s__Ruminococcaceae_bacterium_D16	k__Bacteria;p__Firmicutes;c__Clostridia;o__Clostridiales;f__Lachnospiraceae;g__Coprococcus;s__Coprococcus_comes	k__Bacteria;p__Proteobacteria;c__Gammaproteobacteria;o__Enterobacterales;f__Enterobacteriaceae;g__Escherichia;s__Escherichia_coli	k__Bacteria;p__Firmicutes;c__Clostridia;o__Clostridiales;f__Ruminococcaceae;g__Anaerotruncus;s__Anaerotruncus_colihominis	k__Bacteria;p__Firmicutes;c__Clostridia;o__Clostridiales;f__Lachnospiraceae;g__Blautia;s__Blautia_obeum	k__Bacteria;p__Bacteroidetes;c__Bacteroidia;o__Bacteroidales;f__Odoribacteraceae;g__Odoribacter;s__Odoribacter_laneus	k__Bacteria;p__Firmicutes;c__Clostridia;o__Clostridiales;f__Ruminococcaceae;g__Ruminiclostridium;s__[Clostridium]_leptum	k__Bacteria;p__Bacteroidetes;c__Bacteroidia;o__Bacteroidales;f__Porphyromonadaceae;g__Parabacteroides;s__Parabacteroides_goldsteinii	k__Bacteria;p__Firmicutes;c__Clostridia;o__Clostridiales;f__Lachnospiraceae;g__Anaerostipes;s__Anaerostipes_hadrus	k__Bacteria;p__Firmicutes;c__Clostridia;o__Clostridiales;f__Ruminococcaceae;g__Ruminococcus;s__Ruminococcus_lactaris	k__Bacteria;p__Firmicutes;c__Clostridia;o__Clostridiales;f__Clostridiaceae;g__Clostridium;s__Clostridium_sp._L2-50	k__Bacteria;p__Firmicutes;c__Clostridia;o__Clostridiales;f__Clostridiaceae;g__Clostridium;s__Clostridium_sp._M62/1	k__Bacteria;p__Firmicutes;c__Clostridia;o__Clostridiales;f__;g__Intestinimonas;s__Intestinimonas_butyriciproducens	k__Bacteria;p__Actinobacteria;c__Actinobacteria;o__Bifidobacteriales;f__Bifidobacteriaceae;g__Bifidobacterium;s__Bifidobacterium_bifidum	k__Bacteria;p__Firmicutes;c__Negativicutes;o__Veillonellales;f__Veillonellaceae;g__Dialister;s__Dialister_invisus	k__Bacteria;p__Bacteroidetes;c__Bacteroidia;o__Bacteroidales;f__Bacteroidaceae;g__Bacteroides;s__Bacteroides_salanitronis
k__Bacteria;p__Bacteroidetes;c__Bacteroidia;o__Bacteroidales;f__Bacteroidaceae;g__Bacteroides;s__Bacteroides_vulgatus	1.0	-0.0525161131201	-0.0431744611109	-0.034237964128	-0.0220075608018	-0.0313455979388	0.00464724141463	-0.0326364251239	-0.00373130718163	0.019026370807	0.00664802008421	-0.00870483312291	-0.0363492808301	0.00224870554493	-0.0243643387992	0.0030464046669	-0.0670624719843	-0.0312482335186	0.0235938892347	-0.0135762684328	-0.0618760900454	-0.00398774919855	0.0353609923087	-0.0287276477079	-0.0365075581497	0.00311903519316	-0.0264900832655	-0.01880395876	-0.0223756709845	0.0568773220779	-0.0338369594155	0.0179746485684	8.89927044868e-05	0.0101930084353	-0.00448829023375	-0.00627110084447	-0.0199846397595	0.0108193038771	0.00370164942626	0.0733952385707	-0.0590328992057	-0.00575191334733	-0.0177436535379	0.0429580231154	-0.0424086535935	-0.0555059903408	-0.0543504207188	-0.0106848293526	-0.00369043724426	0.0151560182281	-0.0100085089991	-0.0353807413917	-0.107407304304	-0.0209888234551	0.013633009313	0.0219185099566	0.00387235933811	0.0707856792365	0.0144173132231
k__Bacteria;p__Bacteroidetes;c__Bacteroidia;o__Bacteroidales;f__Bacteroidaceae;g__Bacteroides;s__Bacteroides_uniformis	-0.0525161131201	1.0	-0.0127769631761	-0.00653616894756	-0.00146062041202	-0.0456953679279	0.0459327211855	0.00427422885523	-0.0489971127172	-0.0123054923687	-0.0651893178367	-0.020518816017	-0.00158811815153	-0.0181562496852	-0.00636231737688	0.0306450679317	-0.0782064718041	0.00704532160738	-0.00585524679963	0.0345966668916	-0.0302923257054	0.0123252559881	-0.0170887658929	-0.0199927139422	-0.00234608438778	0.0052063883095	0.0302494001016	0.0177659785115	-0.0244508110864	0.02054721684	0.0745376318591	0.0284926103044	0.0231144036209	-0.0277551526174	0.0573680472696	0.0585098601126	-0.0118657686078	-0.0109824581316	-0.0605397332242	0.0114952609037	0.00238339382239	-0.00265982345269	0.0275263284215	0.0301848743102	-0.0867991198725	-0.0104947521231	-0.0672663994082	0.0460546519976	-0.00685157520457	-0.0317417268045	0.00585941893367	0.00614036633628	0.0357029941744	-0.00391784088036	0.0528743763693	0.0031425153569	-0.00723626811194	-0.0365288357279	0.017846000385
k__Bacteria;p__Bacteroidetes;c__Bacteroidia;o__Bacteroidales;f__Rikenellaceae;g__Alistipes;s__Alistipes_putredinis	-0.0431744611109	-0.0127769631761	1.0	-0.00494922968887	0.056976466015	0.00756293228412	0.0188335413352	0.0221652064804	-0.00880738073239	-0.052765477534	-0.0190900238177	0.0288251466937	-0.0737490725628	0.0221147279627	-0.0520022261981	0.0283709452636	0.0750546198263	-0.034072789701	-0.0661809997583	-0.00233197991948	-0.0237506433933	-0.0291019070909	0.00633570575098	0.0268671985841	-0.0584707479164	-0.00550350742425	-0.0407306043003	-0.0316122661837	0.0137654024423	0.00673117081902	-0.0262593269726	0.0190691509114	0.00265384082552	-0.0119933761912	0.0932055069752	-0.0383683299654	-0.0504870084738	0.0124217854195	0.0137865592621	-0.0219773491063	0.00643503064925	-0.011719332137	-0.0348413223623	-0.0132397398386	0.00499965303955	0.00368996419994	0.00135939722293	0.0124561808508	0.0254998671178	0.0278598556966	0.00344361000888	0.0102718319883	0.00214961044074	-0.0404999267094	-0.052588350057	-0.00557486119629	0.0289330092779	-0.0536487152709	-0.0130973805837
k__Bacteria;p__Bacteroidetes;c__Bacteroidia;o__Bacteroidales;f__Prevotellaceae;g__Prevotella;s__Prevotella_copri	-0.034237964128	-0.00653616894756	-0.00494922968887	1.0	0.0383465533513	-0.00551016670701	-0.0161802880456	0.0450768411697	0.00599462423547	-0.0155110745996	0.0139248889609	0.0507905355056	-0.0210955252563	-0.0260323460573	-0.0419168125256	-0.0246201780462	-0.013506312952	-0.0480917641555	-0.0184695428435	0.0397700520914	-0.00266445923789	-0.011944613712	0.0228404642305	0.0480615905778	-0.0155820289896	0.0490282517999	-0.00329298232527	-0.0171150394328	-0.0592582587685	-0.0569047431408	0.00930927504089	-0.0183441955166	-0.01143719727	0.00775508444379	0.0390667224327	0.0125369613563	-0.0246939070596	-0.0259535430668	-0.00195900972385	0.0261202718371	-0.00935085399286	-0.00409413789669	-0.0354875356959	-0.0296594791333	-0.023911617691	-0.0280237371702	-0.0381876949812	0.0218051185277	-0.0105795268567	-0.0344007322829	0.0401545856055	-0.00925995577945	0.0655713658125	0.0279598656416	-0.0215552087048	0.00595007681552	0.0167464420205	-0.00955423707421	-0.0112801081289
k__Bacteria;p__Bacteroidetes;c__Bacteroidia;o__Bacteroidales;f__Bacteroidaceae;g__Bacteroides;s__Bacteroides_stercoris	-0.0220075608018	-0.00146062041202	0.056976466015	0.0383465533513	1.0	-0.0681956343566	0.0497242266276	-0.0142288819801	0.0269988163321	-0.03712849319	0.0309193675987	0.0039323712658	-0.00805790821594	0.0108167061283	0.00320003788324	-0.0272517757724	-0.0398726917638	0.00985956432231	-0.0499249603526	-0.058422220592	-0.0204096759357	0.0364530296393	-0.0822461146251	-0.0306901631389	0.0235616253422	-0.0286414111733	-0.0353837521552	-0.0268712925694	-0.0494003282768	-0.0567926928485	0.0191442971358	-0.0293593859811	0.0249238138656	-0.0444902127361	0.0140758000615	0.0391110424926	0.00605352641205	0.0219143435456	-0.0020167379183	0.0141929892558	0.00238628608363	0.012677023836	0.0376097057472	0.00692299323821	-0.0170195869064	-0.00719090638981	-0.0485339068596	-0.0368987964155	-0.00439090529035	0.0126141871582	-0.0155947718328	0.02418839371	-0.00460613810468	-0.0184973172019	0.00784234746003	0.0251339253437	-0.00316232167288	-0.00887781758587	0.000578952175336
k__Bacteria;p__Bacteroidetes;c__Bacteroidia;o__Bacteroidales;f__Bacteroidaceae;g__Bacteroides;s__Bacteroides_ovatus	-0.0313455979388	-0.0456953679279	0.00756293228412	-0.00551016670701	-0.0681956343566	1.0	-0.0146220332628	0.00565903277271	0.010672605956	-0.0070432027562	0.044603206407	-0.0406489831638	0.0471991822114	-0.0148147901437	-0.060556146825	0.0149710736814	0.0258718422801	-0.0136287666324	0.0535397723174	-0.0404101779652	-0.062516509442	0.0181244123953	0.0369733381742	-0.0503567501744	0.0139270661836	0.0528194650669	-0.0536913070793	-0.0312213778305	0.039803012322	-0.0248040072906	-0.0707152465857	-0.0514702625663	-0.0168548461877	0.0351485510641	0.0132523118223	-0.0457906896453	0.01364254277	-0.00303275804506	0.0228150000252	-0.0312725339952	-0.0373741632928	-0.00963006195847	-0.000729578359741	-0.0158979339594	-0.0346051297966	-0.0484202772792	-0.0183027702789	-0.00669792803269	-0.0136863694063	-0.0211657814705	0.0446008196842	0.0458772987577	-0.00452972563519	0.0152432661257	0.026188606358	-0.00546132968141	-0.0372822732377	-0.00580368396135	-0.052306584368
k__Bacteria;p__Bacteroidetes;c__Bacteroidia;o__Bacteroidales;f__Rikenellaceae;g__Alistipes;s__Alistipes_shahii	0.00464724141463	0.0459327211855	0.0188335413352	-0.0161802880456	0.0497242266276	-0.0146220332628	1.0	-0.0131771058251	0.0132862793734	0.00879155932152	-0.0726773849709	-0.00819403802536	-0.0131557164137	0.0478413446646	-0.041246802358	0.0118370646835	0.00317474041122	0.00143697977248	-0.0190883219866	-0.0373773458467	-0.0242751386251	0.0913818496878	0.0131190844801	-0.0141702457015	-0.025603933651	-0.0173326866814	-0.0472476276801	-0.0129462257857	-0.0282187333949	0.0460555935058	0.0349151568035	0.0483671678556	0.0187569620861	0.033526115038	0.0424254154841	-0.0140034574831	-0.0483300022283	-0.00461321694386	-0.00175295543845	-0.0157308963499	0.0123930837597	0.042168609838	-0.0471163834724	-0.047902796196	-0.0105282329571	-0.0589161340532	-0.0524648296899	-0.00294016692243	-0.00942171317383	0.0191224141482	0.0470942555179	0.0131012072008	-0.00424471676134	-0.0235650145755	0.00264651625906	-0.0129645147702	0.00935732740167	-0.00285006672344	-0.0229289277552
k__Bacteria;p__Firmicutes;c__Clostridia;o__Clostridiales;f__Ruminococcaceae;g__Faecalibacterium;s__Faecalibacterium_prausnitzii	-0.0326364251239	0.00427422885523	0.0221652064804	0.0450768411697	-0.0142288819801	0.00565903277271	-0.0131771058251	1.0	-0.0143438801118	-0.00827838580431	0.00290695819551	0.00105942506019	-0.030791203557	-0.052604803541	-0.00544654063255	-0.0428798716296	-0.0344513692935	-0.00508467831304	-0.0229638522343	-0.000857420558528	-0.0564216154777	-0.0109894146511	-0.0298873562582	0.0341289431461	0.0273964976244	0.0191020699378	0.0662471228052	0.0501164176572	-0.00506785635169	-0.0440722532756	-0.0400060357534	-0.0412162944205	-0.0406601871274	-0.00363130273275	-0.0342375826781	-0.00663976815398	0.000907186342742	-0.00441811463997	0.0144667434207	-0.0374858028861	-0.0323585344723	0.0445051012117	0.0586121751068	0.0487686733331	0.00642000019996	-0.000408741420919	-0.0073880670767	-0.00485882515436	-0.0130680572756	-0.00280141216799	-0.010191711059	0.0241363499206	0.0112741357596	-0.0300742899615	-0.0248660428797	0.0173392227758	0.0272787592293	0.0274399414288	0.00311767821641
k__Bacteria;p__Bacteroidetes;c__Bacteroidia;o__Bacteroidales;f__Rikenellaceae;g__Alistipes;s__Alistipes_finegoldii	-0.00373130718163	-0.0489971127172	-0.00880738073239	0.00599462423547	0.0269988163321	0.010672605956	0.0132862793734	-0.0143438801118	1.0	-0.0541701704511	-0.00384692536804	-0.0233351298104	0.0288365024555	-0.0540548607604	-0.0211664987691	-0.0246200906428	-0.0186717261035	0.0203200719174	-0.0155022511956	-0.00994113219236	0.0271879017697	0.0265070982899	0.0219527269274	0.0118680395999	-0.0116586033782	-0.0961658341465	0.0018347266827	0.0576418708277	-0.018496845881	0.0407208090201	-0.0431992009966	-0.00785721917181	0.0368693263142	0.0356627820245	-0.0379097393621	-0.0081270681475	-0.0025704367837	-0.00618258222232	-0.00600330733061	0.0255623953263	-0.011697970582	0.0163695120757	0.00137561604222	-0.0358243862088	-0.0266257980957	-0.0132111430893	0.033300178314	0.00461776070962	-0.0573792177954	-0.00682611809686	0.0131007664273	-0.0363471301355	-0.000517431921464	-0.00569457846919	0.0123695683818	0.0119931138965	0.00161146774796	-0.00824050058597	0.0120379824195
k__Bacteria;p__Bacteroidetes;c__Bacteroidia;o__Bacteroidales;f__Porphyromonadaceae;g__Parabacteroides;s__Parabacteroides_distasonis	0.019026370807	-0.0123054923687	-0.052765477534	-0.0155110745996	-0.03712849319	-0.0070432027562	0.00879155932152	-0.00827838580431	-0.0541701704511	1.0	-0.0222718426807	0.00335862475407	-0.0637093908649	-0.00700683683747	-0.0181525804404	-0.0576808891511	0.00963386317558	0.00256051053194	-0.0685831696981	-0.0317853767219	-0.0330311047258	0.0029966073298	0.0547011127036	-0.0647162183986	0.00595172191424	0.00299658992203	-0.043575188479	-0.0293845028074	0.00685395266408	-0.0140002938926	-0.0169055810348	0.0406895924246	-0.0193493038636	0.00161579392584	0.0241359824106	0.00661463363337	0.0513265381048	0.0301550804499	-0.00470789480614	0.0261158129227	-0.0298693462115	0.028048934355	0.0241199438353	0.0213225717446	-0.000882923410052	0.0280081656282	0.0111812822656	0.00227237733245	-0.0244471151196	-0.0554532968352	-0.00670824569224	-0.0270264576778	0.0104804188281	-0.0574553574907	0.0654486567851	0.0494117776534	0.0145357189685	-0.00669288335765	-0.0153539435049
k__Bacteria;p__Bacteroidetes;c__Bacteroidia;o__Bacteroidales;f__Bacteroidaceae;g__Bacteroides;s__Bacteroides_thetaiotaomicron	0.00664802008421	-0.0651893178367	-0.0190900238177	0.0139248889609	0.0309193675987	0.044603206407	-0.0726773849709	0.00290695819551	-0.00384692536804	-0.0222718426807	1.0	-0.0349977044528	-0.0629862201136	0.0397606031535	0.0381237840446	-0.0230193717233	-0.030635273738	0.0201109832255	0.0103657679645	0.00946950866322	-0.0269576804046	0.031960314544	-0.0222853127645	-0.036090993415	0.0439663502758	0.0241023862938	-0.0197129547	0.00784276619138	-0.0283882767611	0.00432640306916	0.0340556194453	0.0077084401827	0.0379888609799	-0.0290777702341	-0.0336346873077	0.0275748703314	-0.0456467883233	-0.0174795034327	0.069548737305	0.0181895138697	-0.00673099666054	-0.0518911473708	-0.00872400287588	-0.0119374370712	-0.0106720924138	-0.0139590439336	-0.0582888606106	-0.0216605403612	-0.0554105540504	0.00411243437902	-0.0212368493487	-0.0486987341027	0.0240613951634	-0.0239678551374	0.0497303685438	0.0304780576821	0.0187379127678	-0.0446477843178	-0.00642979277057
k__Bacteria;p__Bacteroidetes;c__Bacteroidia;o__Bacteroidales;f__Bacteroidaceae;g__Bacteroides;s__Bacteroides_coprocola	-0.00870483312291	-0.020518816017	0.0288251466937	0.0507905355056	0.0039323712658	-0.0406489831638	-0.00819403802536	0.00105942506019	-0.0233351298104	0.00335862475407	-0.0349977044528	1.0	-0.0138403236173	-0.0560873170367	0.00218760261131	-0.000879888461513	0.0114807730828	-0.0374536600067	-0.01194637885	-0.0678622724895	0.00640653891841	0.0347861772335	-0.0295740227309	0.016868754336	-0.0559269813039	0.0443602855704	0.0467536190331	-0.0674553293908	0.00428448665572	-0.0169603425284	0.0147829094151	-0.033902948293	-0.0200381638026	-0.0425206422959	-0.0205294155035	0.0344930029067	-0.00571863343786	-0.0635898507539	-0.0737713418253	0.0288991293517	-0.016450769674	0.0121751077386	0.0178832808989	0.0145557201615	0.00602611613284	-0.041832487393	0.0117966201095	-0.0221458692446	-0.0243950439049	0.0152939611424	-0.0391039405279	-0.02609309355	-0.0430461784711	0.0227018768511	0.0213763571688	-0.00626837483858	-0.0352177875629	-0.000965049398436	0.00125329595517
k__Bacteria;p__Bacteroidetes;c__Bacteroidia;o__Bacteroidales;f__Bacteroidaceae;g__Bacteroides;s__Bacteroides_cellulosilyticus	-0.0363492808301	-0.00158811815153	-0.0737490725628	-0.0210955252563	-0.00805790821594	0.0471991822114	-0.0131557164137	-0.030791203557	0.0288365024555	-0.0637093908649	-0.0629862201136	-0.0138403236173	1.0	0.0373075162683	-0.00760255610481	0.00754313951312	-0.0295548436714	-0.0206001322349	-0.0231025819185	-0.0467619885145	0.0135934408515	-0.0334259088945	-0.0259680691131	-0.0760642126977	-0.0012846584412	-0.063675619143	0.0313779410242	0.0665652707562	-0.0051392682406	0.0492844651118	-0.0137003267789	0.012171445898	0.03270611985	-0.0533814014786	-0.0248723124012	0.0102590073188	0.0270665012375	0.00846449708036	0.0337317493514	0.00629111819994	-0.0142936982892	-0.0179226715455	0.0109299578038	0.0114731771903	-0.0272184933349	-0.00298892805534	0.0279044983072	-0.0165291662624	0.0331101936575	-0.0124373746553	-0.0197488180857	-0.043300698316	-0.0119910682653	0.0395080728057	-0.0290266587916	0.00508619428065	-0.0139142162855	-0.000559210354817	-0.0593276496722
k__Bacteria;p__Bacteroidetes;c__Bacteroidia;o__Bacteroidales;f__Rikenellaceae;g__Alistipes;s__Alistipes_obesi	0.00224870554493	-0.0181562496852	0.0221147279627	-0.0260323460573	0.0108167061283	-0.0148147901437	0.0478413446646	-0.052604803541	-0.0540548607604	-0.00700683683747	0.0397606031535	-0.0560873170367	0.0373075162683	1.0	0.0400895786737	0.021111553728	-0.0574618982618	0.0121313667127	-0.03922855439	-0.00189997462584	-0.0537211055151	-0.0287262813272	0.00695450147588	-0.0450870782505	-0.0116133876735	-0.0179433529166	0.0267738931904	-0.0455463815159	0.0219758354479	0.0209378575951	0.0837419138431	0.0582815355185	0.0449008126256	-0.0113012477109	0.0275070209992	0.00738731229395	-0.000591992372965	-0.0512059474793	-0.036908014485	0.0381497080751	-0.0013884576042	-0.0383147539374	-0.0557227854291	-0.00129170413206	0.0175251631533	-0.00851122779422	0.0303166917875	-0.0128616502141	-0.0222341989798	-0.111300128582	0.00391115043869	-0.0128357595007	0.00534737236395	-0.0120934000718	0.017581850214	-0.0169412064976	-0.0175021100358	0.0247514569588	-0.0381003159306
k__Bacteria;p__Firmicutes;c__Clostridia;o__Clostridiales;f__Lachnospiraceae;g__;s__[Eubacterium]_rectale	-0.0243643387992	-0.00636231737688	-0.0520022261981	-0.0419168125256	0.00320003788324	-0.060556146825	-0.041246802358	-0.00544654063255	-0.0211664987691	-0.0181525804404	0.0381237840446	0.00218760261131	-0.00760255610481	0.0400895786737	1.0	0.0530508453457	-0.00588446122449	0.026336933705	-0.0372586920328	-0.0244307303919	0.005866600572	-0.024342894038	-0.0343603488316	0.000157873765384	0.0135464359588	0.0770857455981	-0.00573739809326	-0.0885490360825	0.0302837650129	0.030870700732	0.0514698733808	-0.0216411044105	-0.0135550696591	-0.00356287444237	0.00175216224191	0.0467183524331	-0.00355479536324	-0.0180367495924	-0.0122066236443	0.0470281003469	0.00459700829676	0.00416170543327	0.0394884764076	-0.0185716142192	0.0550598192751	0.00927097735451	0.0572259004532	-0.0932236440292	-0.0487711549741	-0.047947118549	0.0104737627584	-0.019155394365	0.0256641766594	0.00387914064904	-0.00731740565565	-0.0518313934474	-0.00743954904411	0.0120600232844	0.033885914798
k__Bacteria;p__Bacteroidetes;c__Bacteroidia;o__Bacteroidales;f__Bacteroidaceae;g__Bacteroides;s__Bacteroides_plebeius	0.0030464046669	0.0306450679317	0.0283709452636	-0.0246201780462	-0.0272517757724	0.0149710736814	0.0118370646835	-0.0428798716296	-0.0246200906428	-0.0576808891511	-0.0230193717233	-0.000879888461513	0.00754313951312	0.021111553728	0.0530508453457	1.0	0.039239439065	0.0486868209602	-0.00783143262848	0.00900471595026	-0.0317527018017	0.0572646910932	0.0354847299761	-0.0630054551375	0.0194319083649	-0.011445349011	-0.0159034340666	-0.0312746957661	0.00369614881974	-0.0462258837123	0.000456575961357	-0.044928472953	-0.0093858689985	0.000531719718159	0.0121557524361	0.00600240120252	0.0138077320206	0.00613847074476	-0.0223791484342	-0.00103602389583	0.00313426710994	0.0132817869705	-0.0298103639216	0.0149012114235	-0.0348962613992	0.0189845990383	-0.00181462434112	0.018449811034	-0.0322158192055	0.00433068239173	-0.00217611548255	-0.00238848512208	0.0172819433972	-0.0290060571028	-0.0458361780888	0.000834754893975	0.0124601698811	-0.0582248150384	-0.0132969844097
k__Bacteria;p__Bacteroidetes;c__Bacteroidia;o__Bacteroidales;f__Bacteroidaceae;g__Bacteroides;s__Bacteroides_fragilis	-0.0670624719843	-0.0782064718041	0.0750546198263	-0.013506312952	-0.0398726917638	0.0258718422801	0.00317474041122	-0.0344513692935	-0.0186717261035	0.00963386317558	-0.030635273738	0.0114807730828	-0.0295548436714	-0.0574618982618	-0.00588446122449	0.039239439065	1.0	-0.0324047081069	-0.0166112245073	-0.00661203755116	0.0106022038427	-0.0257961133506	-0.0415798615767	-0.00676424779292	0.0141071463995	-0.018399358148	-0.0204737147059	0.0403340588842	-0.029924931057	0.0439797496852	0.0418056794936	0.0410086386735	0.0161820708077	0.0394999368831	-0.0294128961843	0.0100299092609	-0.00356891077781	-0.00991741837149	-0.0409444112997	0.0108359513537	0.0197887997263	0.0168407757495	0.0113654180843	-0.0474997762001	-0.0303265451987	0.0805238797153	0.0476128661105	0.0362380516282	0.0137969179155	0.00205726823011	0.0281879103558	0.0103693574049	-0.001440787064	-0.0189424281832	0.0618139010459	-0.0351330856674	-0.0165568949579	-0.069453970844	-0.0299348559785
k__Bacteria;p__Proteobacteria;c__Betaproteobacteria;o__Burkholderiales;f__Sutterellaceae;g__Sutterella;s__Sutterella_wadsworthensis	-0.0312482335186	0.00704532160738	-0.034072789701	-0.0480917641555	0.00985956432231	-0.0136287666324	0.00143697977248	-0.00508467831304	0.0203200719174	0.00256051053194	0.0201109832255	-0.0374536600067	-0.0206001322349	0.0121313667127	0.026336933705	0.0486868209602	-0.0324047081069	1.0	-0.00756034256221	0.00769740087367	-0.00402113330687	0.0118271151165	-0.0490326426193	0.0127455131878	0.0517955649438	-0.0132591666093	-0.0368317025211	-0.0108026291388	-0.04405884814	-0.0353264256252	-0.0301115886598	0.0547775764797	-0.0322312920593	-0.0469087693646	0.0331810815017	-0.00728354132898	-0.0529093427856	-0.00370144443728	-0.0394883350879	-0.000347076796877	-0.0202226794044	-0.0228602002195	-0.0520102726383	-0.0145012848724	-0.0388924022473	0.018442787624	-0.0639341224738	0.0445468938599	0.00904723443214	0.0109043633989	0.00584239999248	0.0110231616385	-0.00972396692331	0.027405664672	0.00557793487441	0.0128335615792	0.0413724150259	0.0068346792731	0.0377769223469
k__Bacteria;p__Bacteroidetes;c__Bacteroidia;o__Bacteroidales;f__Porphyromonadaceae;g__Barnesiella;s__Barnesiella_intestinihominis	0.0235938892347	-0.00585524679963	-0.0661809997583	-0.0184695428435	-0.0499249603526	0.0535397723174	-0.0190883219866	-0.0229638522343	-0.0155022511956	-0.0685831696981	0.0103657679645	-0.01194637885	-0.0231025819185	-0.03922855439	-0.0372586920328	-0.00783143262848	-0.0166112245073	-0.00756034256221	1.0	-0.00332765385998	0.0593340192765	0.0151399572404	-0.0270019728792	0.0225531781103	-0.0308817854486	0.0472078844826	-0.0530225170222	0.0110947055636	0.0160684009587	0.00192784574503	0.00284804075237	0.0224608952708	-0.0533714996178	0.0179012124395	0.00741017464111	0.00145316588599	-0.00423006525504	0.0586667130514	-0.0300021389332	0.0193877309673	-0.0312530883576	-0.0158658877433	-0.0216521610283	0.0265918565571	-0.00467139108752	-0.00524807322944	0.0692538580907	-0.0523364974605	0.00758628476453	-0.00324790713939	-0.0510410371649	-0.0616099628673	0.0389436077103	0.0227583992575	-0.019844216733	-0.0174639377394	0.00765172301724	0.00674774682341	0.0178634127111
k__Bacteria;p__Bacteroidetes;c__Bacteroidia;o__Bacteroidales;f__Odoribacteraceae;g__Odoribacter;s__Odoribacter_splanchnicus	-0.0135762684328	0.0345966668916	-0.00233197991948	0.0397700520914	-0.058422220592	-0.0404101779652	-0.0373773458467	-0.000857420558528	-0.00994113219236	-0.0317853767219	0.00946950866322	-0.0678622724895	-0.0467619885145	-0.00189997462584	-0.0244307303919	0.00900471595026	-0.00661203755116	0.00769740087367	-0.00332765385998	1.0	-0.0352615549671	0.000453753188681	-0.00584824753475	-0.0025933980363	-0.0238707848622	-0.0259192168753	-0.015164754354	-0.0131795983651	-0.00622958064335	-0.00217041179027	-0.0350091748196	0.00706555226482	-0.0746600524446	-0.00582333698854	0.0230255750181	0.0329776642356	0.00400955298057	0.0519618391936	-0.0148154668721	-0.0354729549742	-0.0234838993436	0.017021374594	0.0151438537112	-0.0751728559809	0.035597047925	-0.0338132567591	-0.0191822669079	-0.0486016556507	0.0219314332998	0.0109841353367	0.00278371131761	0.021407842381	-0.0195488421621	0.0202915666347	0.0418048927898	-0.0531514178272	-0.00805506482956	0.00540091763704	0.0412952630556
k__Bacteria;p__Bacteroidetes;c__Bacteroidia;o__Bacteroidales;f__Bacteroidaceae;g__Bacteroides;s__Bacteroides_salyersiae	-0.0618760900454	-0.0302923257054	-0.0237506433933	-0.00266445923789	-0.0204096759357	-0.062516509442	-0.0242751386251	-0.0564216154777	0.0271879017697	-0.0330311047258	-0.0269576804046	0.00640653891841	0.0135934408515	-0.0537211055151	0.005866600572	-0.0317527018017	0.0106022038427	-0.00402113330687	0.0593340192765	-0.0352615549671	1.0	0.00154242694309	0.0136940956706	0.0311659424907	0.00945601806569	0.00975185155992	-0.00223491200559	0.0472696038319	0.0591623558213	0.0112763534333	0.0363071723032	0.00664326570946	0.0753096301249	0.0072401152462	-0.0167027337026	-0.00287641929228	0.0196664768612	-0.0612389912378	0.00901370673145	-0.0368508065136	0.000378033209856	0.00221534921131	0.0085275832299	-0.0333598419195	-0.00120126555693	-0.00303909023598	0.0986269359416	-0.0105696037153	-0.00981146717627	0.0216480556638	0.0431080500002	-0.0404545572009	0.00514930913428	0.0540272622143	-0.0229272445402	-0.0574054658256	-0.0393529591948	-0.0571447274521	-0.0588638809654
k__Bacteria;p__Firmicutes;c__Clostridia;o__Clostridiales;f__Ruminococcaceae;g__Ruminiclostridium;s__[Eubacterium]_siraeum	-0.00398774919855	0.0123252559881	-0.0291019070909	-0.011944613712	0.0364530296393	0.0181244123953	0.0913818496878	-0.0109894146511	0.0265070982899	0.0029966073298	0.031960314544	0.0347861772335	-0.0334259088945	-0.0287262813272	-0.024342894038	0.0572646910932	-0.0257961133506	0.0118271151165	0.0151399572404	0.000453753188681	0.00154242694309	1.0	-0.0662887955	-0.00870384468855	0.0416407326961	-0.00680984698984	-0.00855452574866	0.0637989355694	-0.0354706018313	-0.0250320222721	-0.0565054451311	0.00711089299311	-0.0750972131307	0.0171556935567	0.0184265247936	0.008407124121	-0.000738701646174	0.0302416186919	0.0324450715677	-0.0258727678872	-0.0669660962179	0.0495910745576	-0.0537034037929	-0.0220134630437	0.0227654555632	-0.00856454495414	-0.0341687075874	-0.0213811833466	-0.0343210290989	0.0107809588169	0.0200903015426	-0.0483588652215	-0.0288077222176	0.0718566889684	0.00878175532732	-0.000769176205269	-0.000878461820632	0.0188954969367	0.0342821568382
k__Bacteria;p__Proteobacteria;c__Betaproteobacteria;o__Burkholderiales;f__Sutterellaceae;g__Parasutterella;s__Parasutterella_excrementihominis	0.0353609923087	-0.0170887658929	0.00633570575098	0.0228404642305	-0.0822461146251	0.0369733381742	0.0131190844801	-0.0298873562582	0.0219527269274	0.0547011127036	-0.0222853127645	-0.0295740227309	-0.0259680691131	0.00695450147588	-0.0343603488316	0.0354847299761	-0.0415798615767	-0.0490326426193	-0.0270019728792	-0.00584824753475	0.0136940956706	-0.0662887955	1.0	-0.0456402069423	-0.0186734878266	-0.0230655005466	0.00736828030018	-0.00834560346204	0.0548491396237	-0.0216411419966	0.0441183179377	-0.026130883413	0.0183262590366	0.0537435645928	-0.0225824232506	-0.00253646709033	-0.0155792009714	0.0153306741371	0.0105203160135	0.0172114932529	0.0173318820853	0.0224319365551	-0.0409514728386	-0.0240853510678	-0.0369222664006	0.0667505678011	0.0284445405893	0.0462901267733	0.00116260214287	-0.0354155790868	-0.0217889283028	-0.0712837093676	0.000273413098867	-0.00572848392134	0.0148877561783	-0.0499336267911	-0.000822457228047	-0.0188153194333	0.0282862726425
k__Bacteria;p__Actinobacteria;c__Actinobacteria;o__Bifidobacteriales;f__Bifidobacteriaceae;g__Bifidobacterium;s__Bifidobacterium_adolescentis	-0.0287276477079	-0.0199927139422	0.0268671985841	0.0480615905778	-0.0306901631389	-0.0503567501744	-0.0141702457015	0.0341289431461	0.0118680395999	-0.0647162183986	-0.036090993415	0.016868754336	-0.0760642126977	-0.0450870782505	0.000157873765384	-0.0630054551375	-0.00676424779292	0.0127455131878	0.0225531781103	-0.0025933980363	0.0311659424907	-0.00870384468855	-0.0456402069423	1.0	0.0439186474505	-0.0389548966126	0.00216674299614	0.0127723622749	-0.0133660711447	-0.0793062965342	0.00192956941301	-0.0571183676331	0.00839828004059	0.0116492768341	-0.046450292239	0.0285777782065	0.0359984580284	-0.0237758519791	0.0379062227438	0.0135130097188	0.0237084012563	0.00410529500364	-0.0577341170248	0.0784462462281	-0.0247881135951	-0.0274759582636	-0.004843024034	-0.0776131446036	0.0436387092178	0.0305253737636	0.000127478831157	0.00776004780545	0.0210745622533	0.0334180862202	-0.0700844188863	0.0143539162913	-0.0043318659936	-0.038687866939	-0.0397520384388
k__Bacteria;p__Firmicutes;c__Clostridia;o__Clostridiales;f__Oscillospiraceae;g__Oscillibacter;s__Oscillibacter_sp._KLE_1745	-0.0365075581497	-0.00234608438778	-0.0584707479164	-0.0155820289896	0.0235616253422	0.0139270661836	-0.025603933651	0.0273964976244	-0.0116586033782	0.00595172191424	0.0439663502758	-0.0559269813039	-0.00128465844119	-0.0116133876735	0.0135464359588	0.0194319083649	0.0141071463995	0.0517955649438	-0.0308817854486	-0.0238707848622	0.00945601806569	0.0416407326961	-0.0186734878266	0.0439186474505	1.0	0.00480021030055	-0.0292257749044	0.0656942522999	-0.0349583921956	0.0141203460264	-0.108171971588	-0.0488386855311	-0.00724277440247	-0.0526836119203	0.011724927151	-0.0722607402649	-0.00158629645852	-0.0210066865816	-0.0325484096727	-0.0315535511225	0.0667411028953	-0.0162812428528	-0.0421325365821	-0.00537252987336	0.00550616724568	-0.0292485573666	-0.093799725133	0.0472041526636	0.0229778062093	0.00808634491752	-0.00905175224075	-0.0251477671056	-0.0136109255605	-0.00362238958532	0.0163016974724	-0.0377312474232	0.000258222304384	0.0500971210803	-0.0111102149687
k__Bacteria;p__Bacteroidetes;c__Bacteroidia;o__Bacteroidales;f__Bacteroidaceae;g__Bacteroides;s__Bacteroides_coprophilus	0.00311903519316	0.0052063883095	-0.00550350742425	0.0490282517999	-0.0286414111733	0.0528194650669	-0.0173326866814	0.0191020699378	-0.0961658341465	0.00299658992203	0.0241023862938	0.0443602855704	-0.063675619143	-0.0179433529166	0.0770857455981	-0.011445349011	-0.018399358148	-0.0132591666093	0.0472078844826	-0.0259192168753	0.00975185155992	-0.00680984698984	-0.0230655005466	-0.0389548966126	0.00480021030055	1.0	-0.0216384529126	0.0368446111989	0.0104295423928	-0.00930843898501	-0.0526195291433	0.00230361191153	-0.00869592358682	0.0209014858434	-0.0503672911215	0.0149473351606	-0.0418572443548	0.0223032489746	0.0378031398913	-0.00912180484682	-0.012618944275	0.0165281743627	0.0223025543409	-0.0745175689502	0.00735849657818	0.0166671651338	-0.0181867867616	-0.0315364303073	-0.00596774185443	-0.0332897119165	0.0178025762827	0.0409124289416	-0.0584798814778	-0.0291516495311	0.0127501541769	0.00943643739691	0.0111746621001	-0.0511364414815	0.0156894267496
k__Bacteria;p__Firmicutes;c__Clostridia;o__Clostridiales;f__Lachnospiraceae;g__Roseburia;s__Roseburia_intestinalis	-0.0264900832655	0.0302494001016	-0.0407306043003	-0.00329298232527	-0.0353837521552	-0.0536913070793	-0.0472476276801	0.0662471228052	0.0018347266827	-0.043575188479	-0.0197129547	0.0467536190331	0.0313779410242	0.0267738931904	-0.00573739809326	-0.0159034340666	-0.0204737147059	-0.0368317025211	-0.0530225170222	-0.015164754354	-0.00223491200559	-0.00855452574866	0.00736828030018	0.00216674299614	-0.0292257749044	-0.0216384529126	1.0	0.0748197497107	0.0886282344053	0.010891582844	-0.00624849240163	-0.0169500751173	-0.0423550301746	0.0154260655193	-0.0234758481797	-0.0327490824568	0.0291766377162	-0.0176434987276	0.00388674719621	-0.06475008437	-0.0562943204324	-0.0131104301503	-0.0122114917036	-0.0646806005018	0.0383000249208	0.00210949768475	-0.0371610423774	-0.0174481274621	0.0306884606533	-0.0243533988364	-0.00526466230998	-0.0405832629439	0.00950148351751	0.0142413016115	0.041029612772	0.00296990348022	0.0532390134194	-0.00960257175795	-0.0205609435408
k__Bacteria;p__Firmicutes;c__Clostridia;o__Clostridiales;f__Lachnospiraceae;g__Roseburia;s__Roseburia_hominis	-0.01880395876	0.0177659785115	-0.0316122661837	-0.0171150394328	-0.0268712925694	-0.0312213778305	-0.0129462257857	0.0501164176572	0.0576418708277	-0.0293845028074	0.00784276619138	-0.0674553293908	0.0665652707562	-0.0455463815159	-0.0885490360825	-0.0312746957661	0.0403340588842	-0.0108026291388	0.0110947055636	-0.0131795983651	0.0472696038319	0.0637989355694	-0.00834560346204	0.0127723622749	0.0656942522999	0.0368446111989	0.0748197497107	1.0	0.0143998050078	0.061700134404	0.0308293213416	0.0325852723842	-0.0207716703525	-0.0211439339557	-0.0461101013746	-0.016781041426	0.0397178217342	-0.00400913099124	-0.0335953200106	-0.0109484891841	-0.0128816592406	-0.0473874577246	-0.0220179120738	-0.00826144286605	-0.0165338697898	-0.0143663051152	-0.0707150277153	-0.00874661631881	-0.0105232709985	0.0332900250705	-0.0324238395467	0.101598222014	-0.0748079071204	-0.020326377413	0.0018545852509	-0.0111114982662	0.00717260838813	0.0488768499247	-0.0417486098132
k__Bacteria;p__Bacteroidetes;c__Bacteroidia;o__Bacteroidales;f__Porphyromonadaceae;g__Parabacteroides;s__Parabacteroides_johnsonii	-0.0223756709845	-0.0244508110864	0.0137654024423	-0.0592582587685	-0.0494003282768	0.039803012322	-0.0282187333949	-0.00506785635169	-0.018496845881	0.00685395266408	-0.0283882767611	0.00428448665572	-0.0051392682406	0.0219758354479	0.0302837650129	0.00369614881974	-0.029924931057	-0.04405884814	0.0160684009587	-0.00622958064335	0.0591623558213	-0.0354706018313	0.0548491396237	-0.0133660711447	-0.0349583921956	0.0104295423928	0.0886282344053	0.0143998050078	1.0	-0.0275840958578	0.0107619946531	0.00742877680643	-0.0108121746427	0.0872184926517	0.000579025643484	-0.0294877400035	-0.0212439992568	-0.0466704017307	-0.0134956020567	0.0118124969162	0.0365114081956	-0.00294087230715	-0.0237877570385	-0.010002066153	0.00931536703972	0.0149498030787	0.00741057106652	-0.0178910425084	-0.0352331421736	0.0244047432158	-0.03209372941	-0.000145031764647	-0.0291129960348	-0.0531580900654	0.0320987605658	-0.029491161701	-0.0587883600234	-0.0181112475387	-0.0100090267793
k__Bacteria;p__Actinobacteria;c__Actinobacteria;o__Bifidobacteriales;f__Bifidobacteriaceae;g__Bifidobacterium;s__Bifidobacterium_longum	0.0568773220779	0.02054721684	0.00673117081902	-0.0569047431408	-0.0567926928485	-0.0248040072906	0.0460555935058	-0.0440722532756	0.0407208090201	-0.0140002938926	0.00432640306917	-0.0169603425284	0.0492844651118	0.0209378575951	0.030870700732	-0.0462258837123	0.0439797496852	-0.0353264256252	0.00192784574503	-0.00217041179027	0.0112763534333	-0.0250320222721	-0.0216411419966	-0.0793062965342	0.0141203460264	-0.00930843898501	0.010891582844	0.061700134404	-0.0275840958578	1.0	-0.0582630246322	0.011346119859	0.0533762058896	0.0361862741177	-0.0253730552239	-0.0586293618552	-0.0310146736767	-0.00828674869988	-0.00355511178383	0.00201166230927	-0.0421998329116	0.00469031845509	0.0118062082634	-0.0609910389096	0.0635085381798	-0.00134024367851	-0.00272090528159	0.0374820687584	0.0248340935684	0.0711463183869	-0.0574581849823	0.0121908816313	0.00421956005658	-0.0461752726945	-0.00839331379831	0.021897587565	0.00815233441618	0.0191038911505	-0.0817592628634
