#taxonomy	k__Bacteria;p__Bacteroidetes;c__Bacteroidia;o__Bacteroidales;f__Bacteroidaceae;g__Bacteroides;s__Bacteroides_vulgatus	k__Bacteria;p__Bacteroidetes;c__Bacteroidia;o__Bacteroidales;f__Bacteroidaceae;g__Bacteroides;s__Bacteroides_uniformis	k__Bacteria;p__Bacteroidetes;c__Bacteroidia;o__Bacteroidales;f__Rikenellaceae;g__Alistipes;s__Alistipes_putredinis	k__Bacteria;p__Bacteroidetes;c__Bacteroidia;o__Bacteroidales;f__Prevotellaceae;g__Prevotella;s__Prevotella_copri	k__Bacteria;p__Bacteroidetes;c__Bacteroidia;o__Bacteroidales;f__Bacteroidaceae;g__Bacteroides;s__Bacteroides_stercoris	k__Bacteria;p__Bacteroidetes;c__Bacteroidia;o__Bacteroidales;f__Bacteroidaceae;g__Bacteroides;s__Bacteroides_ovatus	k__Bacteria;p__Bacteroidetes;c__Bacteroidia;o__Bacteroidales;f__Rikenellaceae;g__Alistipes;s__Alistipes_shahii	k__Bacteria;p__Firmicutes;c__Clostridia;o__Clostridiales;f__Ruminococcaceae;g__Faecalibacterium;s__Faecalibacterium_prausnitzii	k__Bacteria;p__Bacteroidetes;c__Bacteroidia;o__Bacteroidales;f__Rikenellaceae;g__Alistipes;s__Alistipes_finegoldii	k__Bacteria;p__Bacteroidetes;c__Bacteroidia;o__Bacteroidales;f__Porphyromonadaceae;g__Parabacteroides;s__Parabacteroides_distasonis	k__Bacteria;p__Bacteroidetes;c__Bacteroidia;o__Bacteroidales;f__Bacteroidaceae;g__Bacteroides;s__Bacteroides_thetaiotaomicron	k__Bacteria;p__Bacteroidetes;c__Bacteroidia;o__Bacteroidales;f__Bacteroidaceae;g__Bacteroides;s__Bacteroides_coprocola	k__Bacteria;p__Bacteroidetes;c__Bacteroidia;o__Bacteroidales;f__Bacteroidaceae;g__Bacteroides;s__Bacteroides_cellulosilyticus	k__Bacteria;p__Bacteroidetes;c__Bacteroidia;o__Bacteroidales;f__Rikenellaceae;g__Alistipes;s__Alistipes_obesi	k__Bacteria;p__Firmicutes;c__Clostridia;o__Clostridiales;f__Lachnospiraceae;g__;s__[Eubacterium]_rectale	k__Bacteria;p__Bacteroidetes;c__Bacteroidia;o__Bacteroidales;f__Bacteroidaceae;g__Bacteroides;s__Bacteroides_plebeius	k__Bacteria;p__Bacteroidetes;c__Bacteroidia;o__Bacteroidales;f__Bacteroidaceae;g__Bacteroides;s__Bacteroides_fragilis	k__Bacteria;p__Proteobacteria;c__Betaproteobacteria;o__Burkholderiales;f__Sutterellaceae;g__Sutterella;s__Sutterella_wadsworthensis	k__Bacteria;p__Bacteroidetes;c__Bacteroidia;o__Bacteroidales;f__Porphyromonadaceae;g__Barnesiella;s__Barnesiella_intestinihominis	k__Bacteria;p__Bacteroidetes;c__Bacteroidia;o__Bacteroidales;f__Odoribacteraceae;g__Odoribacter;s__Odoribacter_splanchnicus	k__Bacteria;p__Bacteroidetes;c__Bacteroidia;o__Bacteroidales;f__Bacteroidaceae;g__Bacteroides;s__Bacteroides_salyersiae	k__Bacteria;p__Firmicutes;c__Clostridia;o__Clostridiales;f__Ruminococcaceae;g__Ruminiclostridium;s__[Eubacterium]_siraeum	k__Bacteria;p__Proteobacteria;c__Betaproteobacteria;o__Burkholderiales;f__Sutterellaceae;g__Parasutterella;s__Parasutterella_excrementihominis	k__Bacteria;p__Actinobacteria;c__Actinobacteria;o__Bifidobacteriales;f__Bifidobacteriaceae;g__Bifidobacterium;s__Bifidobacterium_adolescentis	k__Bacteria;p__Firmicutes;c__Clostridia;o__Clostridiales;f__Oscillospiraceae;g__Oscillibacter;s__Oscillibacter_sp._KLE_1745	k__Bacteria;p__Bacteroidetes;c__Bacteroidia;o__Bacteroidales;f__Bacteroidaceae;g__Bacteroides;s__Bacteroides_coprophilus	k__Bacteria;p__Firmicutes;c__Clostridia;o__Clostridiales;f__Lachnospiraceae;g__Roseburia;s__Roseburia_intestinalis	k__Bacteria;p__Firmicutes;c__Clostridia;o__Clostridiales;f__Lachnospiraceae;g__Roseburia;s__Roseburia_hominis	k__Bacteria;p__Bacteroidetes;c__Bacteroidia;o__Bacteroidales;f__Porphyromonadaceae;g__Parabacteroides;s__Parabacteroides_johnsonii	k__Bacteria;p__Actinobacteria;c__Actinobacteria;o__Bifidobacteriales;f__Bifidobacteriaceae;g__Bifidobacterium;s__Bifidobacterium_longum	k__Bacteria;p__Firmicutes;c__Clostridia;o__Clostridiales;f__;g__Flavonifractor;s__Flavonifractor_plautii	k__Bacteria;p__Firmicutes;c__Clostridia;o__Clostridiales;f__Clostridiaceae;g__Clostridium;s__Clostridium_phoceensis	k__Bacteria;p__Verrucomicrobia;c__Verrucomicrobiae;o__Verrucomicrobiales;f__Akkermansiaceae;g__Akkermansia;s__Akkermansia_muciniphila	k__Bacteria;p__Bacteroidetes;c__Bacteroidia;o__Bacteroidales;f__Prevotellaceae;g__Paraprevotella;s__Paraprevotella_xylaniphila	k__Bacteria;p__Firmicutes;c__Clostridia;o__Clostridiales;f__Ruminococcaceae;g__Ruminococcus;s__Ruminococcus_callidus	k__Bacteria;p__Bacteroidetes;c__Bacteroidia;o__Bacteroidales;f__Rikenellaceae;g__Alistipes;s__Alistipes_senegalensis	k__Bacteria;p__Firmicutes;c__Clostridia;o__Clostridiales;f__Lachnospiraceae;g__Blautia;s__Blautia_sp._KLE_1732	k__Bacteria;p__Bacteroidetes;c__Bacteroidia;o__Bacteroidales;f__Bacteroidaceae;g__Bacteroides;s__Bacteroides_oleiciplenus	k__Bacteria;p__Firmicutes;c__Clostridia;o__Clostridiales;f__Ruminococcaceae;g__Ruminococcus;s__Ruminococcus_bicirculans	k__Bacteria;p__Bacteroidetes;c__Bacteroidia;o__Bacteroidales;f__Bacteroidaceae;g__Bacteroides;s__Bacteroides_fluxus	k__Bacteria;p__Bacteroidetes;c__Bacteroidia;o__Bacteroidales;f__Prevotellaceae;g__Prevotella;s__Prevotella_stercorea	k__Bacteria;p__Firmicutes;c__Clostridia;o__Clostridiales;f__Lachnospiraceae;g__Dorea;s__Dorea_longicatena	k__Bacteria;p__Firmicutes;c__Clostridia;o__Clostridiales;f__Eubacteriaceae;g__Eubacterium;s__[Eubacterium]_eligens	k__Bacteria;p__Firmicutes;c__Clostridia;o__Clostridiales;f__Ruminococcaceae;g__;s__Ruminococcaceae_bacterium_D16	k__Bacteria;p__Firmicutes;c__Clostridia;o__Clostridiales;f__Lachnospiraceae;g__Coprococcus;s__Coprococcus_comes	k__Bacteria;p__Proteobacteria;c__Gammaproteobacteria;o__Enterobacterales;f__Enterobacteriaceae;g__Escherichia;s__Escherichia_coli	k__Bacteria;p__Firmicutes;c__Clostridia;o__Clostridiales;f__Ruminococcaceae;g__Anaerotruncus;s__Anaerotruncus_colihominis	k__Bacteria;p__Firmicutes;c__Clostridia;o__Clostridiales;f__Lachnospiraceae;g__Blautia;s__Blautia_obeum	k__Bacteria;p__Bacteroidetes;c__Bacteroidia;o__Bacteroidales;f__Odoribacteraceae;g__Odoribacter;s__Odoribacter_laneus	k__Bacteria;p__Firmicutes;c__Clostridia;o__Clostridiales;f__Ruminococcaceae;g__Ruminiclostridium;s__[Clostridium]_leptum	k__Bacteria;p__Bacteroidetes;c__Bacteroidia;o__Bacteroidales;f__Porphyromonadaceae;g__Parabacteroides;s__Parabacteroides_goldsteinii	k__Bacteria;p__Firmicutes;c__Clostridia;o__Clostridiales;f__Lachnospiraceae;g__Anaerostipes;s__Anaerostipes_hadrus	k__Bacteria;p__Firmicutes;c__Clostridia;o__Clostridiales;f__Ruminococcaceae;g__Ruminococcus;s__Ruminococcus_lactaris	k__Bacteria;p__Firmicutes;c__Clostridia;o__Clostridiales;f__Clostridiaceae;g__Clostridium;s__Clostridium_sp._L2-50	k__Bacteria;p__Firmicutes;c__Clostridia;o__Clostridiales;f__Clostridiaceae;g__Clostridium;s__Clostridium_sp._M62/1	k__Bacteria;p__Firmicutes;c__Clostridia;o__Clostridiales;f__;g__Intestinimonas;s__Intestinimonas_butyriciproducens	k__Bacteria;p__Actinobacteria;c__Actinobacteria;o__Bifidobacteriales;f__Bifidobacteriaceae;g__Bifidobacterium;s__Bifidobacterium_bifidum	k__Bacteria;p__Firmicutes;c__Negativicutes;o__Veillonellales;f__Veillonellaceae;g__Dialister;s__Dialister_invisus	k__Bacteria;p__Bacteroidetes;c__Bacteroidia;o__Bacteroidales;f__Bacteroidaceae;g__Bacteroides;s__Bacteroides_salanitronis
k__Bacteria;p__Bacteroidetes;c__Bacteroidia;o__Bacteroidales;f__Bacteroidaceae;g__Bacteroides;s__Bacteroides_vulgatus	1.0	0.0334665610542	0.0307362915232	-0.00225034491686	-0.00311063330051	-0.0232281870469	-0.00343387215345	-0.00869073918637	-0.0221147995583	0.0124173566267	-0.00987055054019	0.00127179767457	0.030024596481	-0.0514603138334	0.036601671558	-0.0162334870491	-0.00700097763705	0.0173393443744	0.0219021259809	0.0349513808809	-0.0252030158981	-0.0274884914505	-0.0230066567374	-0.0175275121181	0.0356276076633	-0.0311790525571	-0.0171871358212	-0.0120060949847	-0.0411606262127	-0.0269419679792	0.00837560828488	-0.0466550012952	0.0164026989861	-0.00190070779538	-0.0351646475065	-0.0168784759497	-0.0391872556658	0.0143537637125	0.00904722782784	0.0256725917215	0.0347804665255	-0.0259146235002	-0.0386305789495	0.0398414403084	-0.0338302183154	0.0107358435542	0.0206555079645	-0.0286416564869	0.0137451735856	-0.00571274945853	0.0309606443265	-0.007370871146	0.0191977498583	0.0387278639657	0.00375343421847	0.00044086055612	-0.00312253530045	0.0136887431483	0.0267341511454
k__Bacteria;p__Bacteroidetes;c__Bacteroidia;o__Bacteroidales;f__Bacteroidaceae;g__Bacteroides;s__Bacteroides_uniformis	0.0334665610542	1.0	-0.0393206656351	-0.0268811099237	0.0424082910032	-0.00777017817915	0.00332192706593	-0.0180153730533	0.0108399667157	-0.059330223299	0.0204508295048	0.0106104845266	-0.0260169369015	-0.0273187277436	-0.042090667471	0.0543897893187	-0.0452025198194	-0.00948430704553	0.0245554128357	0.0340738963846	0.0288322588392	-0.0020119642969	-0.038611668272	0.0603047886417	-0.0112734432142	-0.00682687871337	-0.0346164888314	-0.0339400885745	0.0235116420075	0.0280106067078	-0.0364278332134	-0.00221751074102	-0.0162903260277	0.0232843671519	0.0138066748245	-0.00763141922599	-0.0398922713798	0.0262249478548	-0.00774477213556	0.0520601316234	-0.00512748512526	-0.0351224164009	0.00712968515826	-0.0315463904687	-7.39944139962e-05	0.00620614301451	0.0308438456175	-0.00597902617135	-0.0387841441627	0.00223721276951	-0.0182289840419	-0.0589020475829	0.0168103924466	-0.012902186849	-0.0501633749024	-0.0181641400537	0.00690445760211	-0.0152508383742	-0.01183602202
k__Bacteria;p__Bacteroidetes;c__Bacteroidia;o__Bacteroidales;f__Rikenellaceae;g__Alistipes;s__Alistipes_putredinis	0.0307362915232	-0.0393206656351	1.0	0.00771288250144	-0.00284481337551	0.00195668266709	-0.0319130406271	0.0314580615284	-0.0204033189164	0.0684557992426	0.0483701341127	0.0825637044484	-0.00760938663013	-0.0499100174777	-0.0656622521206	-0.0619467924072	-0.0348203344692	-0.0333444202745	-0.0117734983452	0.0253305744996	-0.0115756433295	-0.00239647029587	0.0132933474595	-0.0120494327752	0.0171097263624	0.00495581204953	-0.0240770724829	-0.06269255795	-0.0388999314582	0.0278347875825	-0.0642641857732	-0.0131951727226	0.0401676403656	0.0300955750407	0.0108258629033	-0.00757528026454	-0.00307702410456	-0.0571775155019	-0.00715792150421	0.0173597972349	-0.0397911747096	-0.00508394121299	-0.0494869353454	-0.0157804538797	-0.00645788317393	-0.0105869079514	-0.017258169021	0.0307244584467	0.0197945145681	-0.0437761251594	0.0184623721611	-0.0360391758652	0.0376605031938	-0.0231668573415	-0.0325771927242	-0.0148816340829	0.0524147654841	-0.0588016057768	-0.0571387798944
k__Bacteria;p__Bacteroidetes;c__Bacteroidia;o__Bacteroidales;f__Prevotellaceae;g__Prevotella;s__Prevotella_copri	-0.00225034491686	-0.0268811099237	0.00771288250144	1.0	-0.00733511866337	0.025395910695	-0.063643985586	0.0460051127046	-0.00227602149693	-0.0212886336595	-0.029332689625	0.0294935890597	0.0253155353519	-0.0487495475711	0.031987966107	0.0120051510337	-0.0276890479992	0.0447019416816	0.029232758336	-0.0243315400283	-0.00627205525012	-0.0252767441038	0.0169840040694	-0.0298254932075	-0.0292382715134	-0.0222968858523	-0.0284924477154	-0.0145438926695	-0.00294182917763	-0.0105820876733	-0.0236526881668	0.04057964235	-0.0139176818461	0.0288138048575	-0.0401603425602	-0.0142664028915	0.0391839439988	-0.0585544655639	-0.0650321949767	0.0196874705597	0.0586129073353	-0.0369411349155	0.0118405373235	-0.0253595515713	-0.0315067917078	-0.0087230342851	-0.033615039778	-0.0167197373924	0.0215433081681	-0.0437339328166	0.0370005314249	0.0419746578709	-0.0261246955335	-0.0508422321885	-0.0234166666819	0.0318602689826	-0.0522429258985	-0.0171097690789	0.0194776093356
k__Bacteria;p__Bacteroidetes;c__Bacteroidia;o__Bacteroidales;f__Bacteroidaceae;g__Bacteroides;s__Bacteroides_stercoris	-0.00311063330051	0.0424082910032	-0.00284481337551	-0.00733511866337	1.0	0.00305140207321	-0.00332771124529	0.0105583159965	-0.0748240231045	0.0207051943454	-0.0273537765443	0.0241040876836	0.0358589672145	0.0097115112078	-0.0415892098312	-0.00490343790327	-0.0436317832804	-0.0337445550086	-0.0722728197122	-0.00231267729879	-0.0159896692743	0.0288857752639	0.00469325958747	-0.0244786306768	-0.0287849415109	-0.0400874799624	-0.0534723495009	0.00206984486786	0.0171174931262	-0.0272017498121	-0.0169801518023	0.0201307368194	-0.0334925974066	0.0138196178962	-0.0292588461012	0.0553025624234	-0.0380634295169	-0.0118771205924	0.0143576943674	0.0247948918529	-0.0289734844473	0.0119758251608	0.0273940689418	-0.0274139696106	-0.0276763416644	0.0202049783337	0.0151118453755	-0.0233391365822	-0.0604610830527	-0.0132224761143	-0.0129754655267	0.0106769536273	-0.0394045885871	0.00158486216103	0.0243992364853	0.0605408405474	-0.00115295530505	0.0380013581851	0.00418611901777
k__Bacteria;p__Bacteroidetes;c__Bacteroidia;o__Bacteroidales;f__Bacteroidaceae;g__Bacteroides;s__Bacteroides_ovatus	-0.0232281870469	-0.00777017817915	0.00195668266709	0.025395910695	0.00305140207321	1.0	-0.0240885871183	0.0158640655432	-0.034849689627	-0.0257170128056	0.0408027227087	0.036849639996	-0.0127272887586	0.0319168673351	-0.030334634706	-0.00948379964664	0.0111170357664	-0.0644009465607	0.020981216933	0.014164152769	-0.0787748970572	-0.00664468568882	-0.0321951933695	0.0214678602196	0.0304120030632	-0.0277776988626	-0.0603621967133	-0.0325688549038	-0.0209316083253	-0.0383377291909	-0.0267697997259	0.0150023477928	0.0159406593798	0.0100415869259	0.0178572451035	-0.00798433960546	-0.0150197072	-0.0330385703735	-0.031676564768	-0.0324057309382	-0.0115941099078	0.0151811508498	-0.0283596260208	-0.0408330699384	0.026600498581	0.0458050126909	0.0307471575485	0.00349583376344	-0.0275552373688	0.00554645124026	-0.0474681908657	0.00371229639829	-0.0155891530238	0.0148199066805	-0.0163030298656	0.0253727857385	-0.00436555650348	0.00144564276033	0.0555086193901
k__Bacteria;p__Bacteroidetes;c__Bacteroidia;o__Bacteroidales;f__Rikenellaceae;g__Alistipes;s__Alistipes_shahii	-0.00343387215345	0.00332192706593	-0.0319130406271	-0.063643985586	-0.00332771124529	-0.0240885871183	1.0	0.0214362328711	0.011082371865	-0.00376662963826	0.0333630920781	0.00944293879009	0.00398425299041	0.0238817240394	-0.00723239196598	0.0382584211543	0.00209481175985	0.0393590545088	0.00880122360742	-0.0480481628614	0.00435189490006	-0.00950856509641	0.012664110704	-0.0128734190318	-0.0165215398239	-0.00908796306365	-0.0532315641633	0.0202066660757	-0.0228495238484	0.0148464166433	-0.0153383436421	-0.00506654067805	-0.0264872404724	-0.0110211478948	-0.0328425734797	0.0235585560741	-0.0265580290801	0.0539763070566	-0.0135911506909	-0.00647386084921	0.0298604183988	0.00511122399094	-0.0436600135236	-0.00912322992001	-0.00531341166523	0.0780813376186	0.00635203194287	-0.0259014954117	-0.0232785288612	-0.0332096853826	-0.0462457753683	-0.0322581536352	-0.0160771007174	-0.0494108314933	0.0431441026934	-0.0478238997811	-0.00695082105162	-0.0182994163398	0.0250954950203
k__Bacteria;p__Firmicutes;c__Clostridia;o__Clostridiales;f__Ruminococcaceae;g__Faecalibacterium;s__Faecalibacterium_prausnitzii	-0.00869073918637	-0.0180153730533	0.0314580615284	0.0460051127046	0.0105583159965	0.0158640655432	0.0214362328711	1.0	-0.0141534406606	-0.000666942955824	-0.0304706363619	-0.0444539728145	-0.051730836956	0.0033146447393	-0.0170901784854	0.00663324480916	-0.0275959209484	0.020202968507	0.0274485728501	-0.00424775271188	-0.0524084638065	-0.00112547249403	0.0196618150609	-0.0247927314764	0.0183952069781	-0.0299278626533	-0.0362749773621	0.0432709533966	0.0113725863328	0.0654470740787	-0.000993920578891	0.0163776067315	-0.00113793546372	-0.0511610630217	0.0478183339928	-0.00294928801669	-0.0240173897674	0.0166325301269	-0.0133376673881	-0.0350370632418	0.0273701427069	-0.0440244169673	-0.00411806901139	0.0281461671159	-0.0729023125656	0.00139601089421	-0.00932532000061	-0.00131231116322	-0.00423108631941	-0.0362815553672	-0.00941524050271	-0.0259498236849	0.0228064363702	-0.0493852099185	-0.0380292974768	-0.0436866375639	0.00108834185319	-0.0186225430051	0.0319324047696
k__Bacteria;p__Bacteroidetes;c__Bacteroidia;o__Bacteroidales;f__Rikenellaceae;g__Alistipes;s__Alistipes_finegoldii	-0.0221147995583	0.0108399667157	-0.0204033189164	-0.00227602149693	-0.0748240231045	-0.034849689627	0.011082371865	-0.0141534406606	1.0	-0.0487525389752	0.00116785796671	-0.0468615198629	0.0288838772938	0.0114177991554	0.0169372071452	0.0205739772507	0.0271253525601	0.0207664246452	-0.038157603013	0.0209382563514	-0.0379451227626	-0.0492603785051	-0.0397098118399	-0.029156888339	-0.0346483648624	0.0166455642671	-0.00120058715655	9.27090622148e-05	0.00221613329282	0.00762239696039	-0.0858221569039	-0.0244383801967	0.0576767727279	0.0202922099415	-0.00453831077722	0.0177874260813	0.0616981161343	0.0217357314534	-0.0040179853068	-0.042647398147	0.0292253132387	0.0614642331482	0.0537424001546	0.0608036311972	0.0380123983247	-0.0323684303411	-0.0269006925673	0.0113294556267	-0.0126593335923	0.00714687386568	0.030758492208	-0.0500162534059	-0.0511250881115	-0.047433598265	-0.0447342527039	-0.0408398442786	-0.0148853099256	-0.0511551307777	-0.0503993705347
k__Bacteria;p__Bacteroidetes;c__Bacteroidia;o__Bacteroidales;f__Porphyromonadaceae;g__Parabacteroides;s__Parabacteroides_distasonis	0.0124173566267	-0.059330223299	0.0684557992426	-0.0212886336595	0.0207051943454	-0.0257170128056	-0.00376662963826	-0.000666942955824	-0.0487525389752	1.0	-0.0318744146488	-0.00804239905165	0.0303808923054	-0.028698654549	0.0489277830903	0.0259771624141	0.0524749967096	-0.0423892149349	-0.00112261978768	0.0133757655759	-0.0280727620722	0.0444592260183	-0.0225126794107	-0.00866981184918	-0.0399821020322	0.0524763998046	-0.0495580475026	-0.00775438980764	0.00389996138438	-0.0265487258993	0.0130645317374	-0.0185107949246	0.0053190859549	0.0138769699278	-0.0719259809942	-0.0348950920186	-0.0520556879531	0.0109832065563	0.0480099226175	-0.00840187756002	0.000281340110647	0.0719690537485	-0.00878817401498	0.0787354395023	0.0091625320345	0.0212005745914	-0.0238744855706	-0.00722813396092	-0.0224578500629	0.0116535092064	0.0127776300502	0.0138210536514	-0.0038719928353	-0.0184213333307	0.0198580365453	-0.0371541185403	-0.00940313858483	0.0435805132991	-0.0397302645911
k__Bacteria;p__Bacteroidetes;c__Bacteroidia;o__Bacteroidales;f__Bacteroidaceae;g__Bacteroides;s__Bacteroides_thetaiotaomicron	-0.00987055054019	0.0204508295048	0.0483701341127	-0.029332689625	-0.0273537765443	0.0408027227087	0.0333630920781	-0.0304706363619	0.00116785796671	-0.0318744146488	1.0	-0.0213136685901	-0.000580909934354	-0.0725265664281	0.00379971903762	-0.0299788528016	-0.0392066882402	-0.0435557556482	-0.0593276754476	-0.0505140692829	-0.0312587674673	-0.0243811644445	-0.0202576180888	-0.0341789524283	-0.0146600023219	-0.000802755704209	-0.024752196467	-0.0371660876193	-0.0383654727836	-0.0527760733218	0.0105161218828	0.0166161016419	0.0250022816803	-0.0187843751126	-0.0228931228481	-0.0142710622207	0.0409608054549	-0.013950681755	-0.00711263924487	-0.0275745916196	0.0150528746808	0.0367775620488	0.0267267757489	0.0318605224088	-0.0260258730829	-0.0321811023773	0.00866673566014	0.0318119595382	0.0147289028163	-0.0612644449019	-0.0110841627317	0.0188860988531	-0.0430600131849	0.0488815865446	-0.00545769049914	-0.0124497813661	-0.0257455432146	0.000600090136324	-0.0702182064689
k__Bacteria;p__Bacteroidetes;c__Bacteroidia;o__Bacteroidales;f__Bacteroidaceae;g__Bacteroides;s__Bacteroides_coprocola	0.00127179767457	0.0106104845266	0.0825637044484	0.0294935890597	0.0241040876836	0.036849639996	0.00944293879009	-0.0444539728145	-0.0468615198629	-0.00804239905165	-0.0213136685901	1.0	-0.00743183848966	-0.014406899773	0.0155214667896	-0.0252861086423	0.0534104815976	0.0248232709337	0.00371081669419	-0.0334675897598	0.0206808998515	0.0165351357089	-0.0251352318322	-0.0320074909303	-0.0144580775279	0.0140340707486	-0.00898676728744	-0.0262186990577	-0.0230573130124	0.00489669831682	0.0298681630184	-0.0068381511412	-0.0681495505895	-0.0055238731561	-0.000662780316034	-0.0133086839399	0.00399597120087	0.00695040380322	-0.0162972355144	0.000534021357452	-0.0695729657701	-0.00772403364494	0.000492412203633	-0.018402794295	0.0168438074419	-0.00956655116154	0.00710602904516	0.0193383593755	-0.00146961336011	0.0432902452646	-0.0797522866685	0.0144199001	-0.00964852298007	0.0320720515701	-0.0452327928031	0.0155781742754	-0.0084091775023	0.0286263803703	-0.0153541621871
k__Bacteria;p__Bacteroidetes;c__Bacteroidia;o__Bacteroidales;f__Bacteroidaceae;g__Bacteroides;s__Bacteroides_cellulosilyticus	0.030024596481	-0.0260169369015	-0.00760938663013	0.0253155353519	0.0358589672145	-0.0127272887586	0.00398425299041	-0.051730836956	0.0288838772938	0.0303808923054	-0.000580909934354	-0.00743183848966	1.0	0.0352400687984	0.0197597609278	-0.02795424401	0.000109737464883	-0.0168002376639	-0.00170355718586	0.0386236379187	-0.00123824508085	-0.012756733867	-0.040526668545	-0.0230839914936	0.0261727504762	0.0197895521137	0.000352838487351	-9.74964575892e-05	-0.0135395630946	0.00563114351489	-0.0533767799306	-0.00507939679323	0.00514800013991	-0.0311624449027	-0.0251812346768	0.0402520424715	-0.00031969796938	-0.00641145123809	0.0290968416233	-0.00645182531268	-0.0306875369741	0.0300822999711	-0.0504763720381	-0.0330468754201	0.0176365982405	0.0317450028548	-0.0633822585634	-0.0366633178083	0.0486743845251	-0.0316891865105	-0.0686575335382	-0.0526997164772	0.0246368724332	-0.0654684805609	0.0674016392949	0.0327497608486	0.00238900937547	0.0239756876323	0.0299504883137
k__Bacteria;p__Bacteroidetes;c__Bacteroidia;o__Bacteroidales;f__Rikenellaceae;g__Alistipes;s__Alistipes_obesi	-0.0514603138334	-0.0273187277436	-0.0499100174777	-0.0487495475711	0.0097115112078	0.0319168673351	0.0238817240394	0.0033146447393	0.0114177991554	-0.028698654549	-0.0725265664281	-0.014406899773	0.0352400687984	1.0	-0.0200905271907	-0.000445998568588	-0.0017783660064	0.0165444255632	0.0318611820722	-0.00762065015773	-0.0702581135956	-0.0491433349125	0.00436160730531	-0.0134436920548	0.0191062941724	-0.0475565166204	-0.00306927603285	-0.0121425251095	0.00370023472023	-0.00836514089794	-0.00586402070523	0.045916149346	0.0585705692308	0.0047972091813	0.010681432465	-0.073924363143	0.00906435536232	-0.0212264765802	-0.00254349724185	-0.0188169416879	-0.0304111278712	-0.0310674899049	0.00527118920687	-0.0323220524146	-0.018439827519	0.0255988763447	-0.0129698408253	0.0178456046607	-0.00584383301124	-0.01433683101	-0.0198324314237	-0.00629062778336	-0.0952386558379	-0.0606695375255	0.0118021840186	0.0118700411174	0.0105641985761	-0.040168143877	0.0328153107043
k__Bacteria;p__Firmicutes;c__Clostridia;o__Clostridiales;f__Lachnospiraceae;g__;s__[Eubacterium]_rectale	0.036601671558	-0.042090667471	-0.0656622521206	0.031987966107	-0.0415892098312	-0.030334634706	-0.00723239196598	-0.0170901784854	0.0169372071452	0.0489277830903	0.00379971903762	0.0155214667896	0.0197597609278	-0.0200905271907	1.0	-0.0315391031739	0.0558368671284	0.0307691450638	-0.054877423859	0.00932987354021	0.0193872745521	-0.0362779428659	0.034464898503	0.0300133299009	-0.00750613559377	0.0514535692925	0.0209685943378	-0.0147151100826	-0.0731899692116	-0.018146598916	-0.0561852710619	-0.00720351507026	-0.0185070237429	0.0059371725896	-0.055988919583	-0.0439524462273	-0.00251086130202	-0.00182994268875	0.0343307599603	-0.0266126524013	-0.0263845292805	0.00572157679767	0.0057141022668	-0.0335411459873	-0.0206657325492	-0.0186309970276	0.00410969119835	0.00516845324986	0.00230734844488	0.00496825535448	-0.00665404675569	0.0524932733364	0.0113107549456	-0.0106961284584	-0.00899036995253	0.00649496828318	-0.0265786335526	-0.0341703662137	-0.0667468097329
k__Bacteria;p__Bacteroidetes;c__Bacteroidia;o__Bacteroidales;f__Bacteroidaceae;g__Bacteroides;s__Bacteroides_plebeius	-0.0162334870491	0.0543897893187	-0.0619467924072	0.0120051510337	-0.00490343790327	-0.00948379964664	0.0382584211543	0.00663324480916	0.0205739772507	0.0259771624141	-0.0299788528016	-0.0252861086423	-0.02795424401	-0.000445998568588	-0.0315391031739	1.0	-0.00993997941759	-0.0512998324793	0.00366988944168	-0.0448869809407	0.00100147323667	0.0246200027226	-0.01558514492	-0.0356053526715	-0.0237414001411	-0.0123408556249	-0.0113621794525	-0.0217466926489	-0.0062969311738	-0.000641445179281	-0.0673464548601	0.00807270064142	-0.0739573664357	0.0145348779341	-0.0294212228897	-0.0139574101029	0.0143120710241	0.0703325626677	0.0028203871724	0.0206169399641	0.0140875162692	-0.0487295941802	-0.0368893991656	-0.00911165163819	-0.0301396627551	-0.0101882232031	0.0293375908959	-0.0164694341092	0.0306052894672	-0.0184860567144	0.0121364237986	-0.0031068124221	0.0151854582546	-0.00597347391705	-0.000631075317078	0.0172174654079	-0.0312589051527	0.0035867840069	-0.00457983717342
k__Bacteria;p__Bacteroidetes;c__Bacteroidia;o__Bacteroidales;f__Bacteroidaceae;g__Bacteroides;s__Bacteroides_fragilis	-0.00700097763705	-0.0452025198194	-0.0348203344692	-0.0276890479992	-0.0436317832804	0.0111170357664	0.00209481175985	-0.0275959209484	0.0271253525601	0.0524749967096	-0.0392066882402	0.0534104815976	0.000109737464883	-0.0017783660064	0.0558368671284	-0.00993997941759	1.0	0.0348723861924	-0.0371858301051	-0.0464354161606	-0.0198835518604	-0.0400373488272	0.00506232787234	-0.0115562340644	0.0071854368214	0.0138988049496	-0.0181544401311	-0.00423809599995	0.0283902665239	0.0327040333983	-0.019906838931	-0.0203939452224	-0.00978217661783	-0.0405886564606	-0.0642566964673	0.00133957843824	0.0288563880272	-0.0564539872257	0.0277737992169	-0.0434046556701	-0.0209523104812	-0.0681944603823	0.0127462374145	-0.0118273785129	-0.00977215785298	0.0116642989356	0.0233512076475	0.0254116522446	0.0145002661111	-0.0705602781516	0.0246168222052	-0.0361593518774	0.0200304416703	0.0273425206954	0.00100871775433	0.0172527954618	-0.0217647369547	-0.00818631106927	0.00705362341837
k__Bacteria;p__Proteobacteria;c__Betaproteobacteria;o__Burkholderiales;f__Sutterellaceae;g__Sutterella;s__Sutterella_wadsworthensis	0.0173393443744	-0.00948430704553	-0.0333444202745	0.0447019416816	-0.0337445550086	-0.0644009465607	0.0393590545088	0.020202968507	0.0207664246452	-0.0423892149349	-0.0435557556482	0.0248232709337	-0.0168002376639	0.0165444255632	0.0307691450638	-0.0512998324793	0.0348723861924	1.0	-0.00797619538388	-0.114114005151	-0.0146124882531	0.00477627572753	-0.0202826268052	-0.0324959351058	-0.000831495087185	-0.000558409126089	-0.0137558026171	0.0638895639666	0.00694012806499	0.00849256972984	-0.0409559378034	-0.0473311626931	0.0387718971483	-0.00940411321302	-0.0295555201065	-0.00323866117212	-0.00159218685336	-0.0268487391568	-0.0417285867571	-0.0202755739995	-0.0215643955263	-0.0379597363092	0.0923362931964	-0.0191833385101	-0.0808790801355	-0.0230644149069	-0.0346762560383	0.00283839483688	-0.00580227368919	0.000952479646158	-0.00670544280012	-0.0242208389033	0.0108480927421	-0.0309389231094	0.0401474908228	-0.000467813676418	-0.0260984463563	-0.076728138346	-0.0338074297934
k__Bacteria;p__Bacteroidetes;c__Bacteroidia;o__Bacteroidales;f__Porphyromonadaceae;g__Barnesiella;s__Barnesiella_intestinihominis	0.0219021259809	0.0245554128357	-0.0117734983452	0.029232758336	-0.0722728197122	0.020981216933	0.00880122360742	0.0274485728501	-0.038157603013	-0.00112261978768	-0.0593276754476	0.00371081669419	-0.00170355718586	0.0318611820722	-0.054877423859	0.00366988944168	-0.0371858301051	-0.00797619538388	1.0	0.0311386169756	0.00549894032844	-0.0116394208428	-0.0222098560425	0.039065910054	-0.0166728618941	0.0331475456277	0.000803070380953	-0.0179709350464	0.0114290550113	0.0436780040437	0.0317502344391	0.00456249719594	-0.0154433308993	0.0177966908277	-0.0372639658462	0.0110967012609	-0.0118149333899	-0.0485144199007	-0.00281056493958	-0.0725340532701	-0.024497561996	0.0631313381892	0.0289416991781	-0.0920650702465	0.0264214886444	-0.0574307487542	0.0131888331562	-0.0705390058199	0.0292197960133	-0.0372953547212	-0.026544778948	0.00533666721792	0.00438673925136	-0.0436063846687	-0.0184379420997	0.0249409864841	0.0193029848145	-0.0214073290533	0.0249570586535
k__Bacteria;p__Bacteroidetes;c__Bacteroidia;o__Bacteroidales;f__Odoribacteraceae;g__Odoribacter;s__Odoribacter_splanchnicus	0.0349513808809	0.0340738963846	0.0253305744996	-0.0243315400283	-0.00231267729879	0.014164152769	-0.0480481628614	-0.00424775271188	0.0209382563514	0.0133757655759	-0.0505140692829	-0.0334675897598	0.0386236379187	-0.00762065015773	0.00932987354021	-0.0448869809407	-0.0464354161606	-0.114114005151	0.0311386169756	1.0	-0.0050320763446	-0.0363424851772	-0.0438278895046	-0.0259366767842	0.016432837304	0.041495081715	0.03971936986	-0.042615426604	0.00920859484817	0.0155523014954	-0.0192970843658	0.00375126855648	-0.0468489979314	-0.0496469717638	0.0521425424952	0.0052197611228	-0.0235906787764	-0.000486703856785	0.0888583831596	0.0213210858069	-0.0162365596877	-0.00156580563347	-0.0516694266467	-0.0390674181733	-0.00691564662389	-0.0379737405168	0.0538656421443	0.019457474936	0.0186242428831	0.0107683388967	0.0170801567131	0.0278157312005	-0.0106189659062	-0.00695956331526	-0.0154727789235	-0.0614942481149	0.0384281838401	0.0382666378319	0.0166223146044
k__Bacteria;p__Bacteroidetes;c__Bacteroidia;o__Bacteroidales;f__Bacteroidaceae;g__Bacteroides;s__Bacteroides_salyersiae	-0.0252030158981	0.0288322588392	-0.0115756433295	-0.00627205525012	-0.0159896692743	-0.0787748970572	0.00435189490006	-0.0524084638065	-0.0379451227626	-0.0280727620722	-0.0312587674673	0.0206808998515	-0.00123824508085	-0.0702581135956	0.0193872745521	0.00100147323667	-0.0198835518604	-0.0146124882531	0.00549894032844	-0.0050320763446	1.0	0.0136627380223	-0.00938458513665	0.0302123320862	-0.0313713928559	-0.0289432353103	-0.0271814867419	-0.0277751830341	-0.0508916604231	-0.0488132166266	-0.00467046507577	0.0189077889824	0.000678818607886	0.0113995909502	-0.0336019811693	0.00130003912302	-0.0235619701479	0.0140679015055	0.0191823388294	0.0376838645044	-0.0248984158231	0.0163029268793	-0.0441805474437	-0.0108509294323	0.0323399814049	-0.0357157824376	0.00501098306785	0.0211674277424	-0.00581313616293	-0.013515294688	0.00339626991245	0.0226299173849	0.00239174194714	0.0253407690818	-0.0467084231331	-0.0103119840423	0.0127880760133	-0.00677497948487	-0.0143125416557
k__Bacteria;p__Firmicutes;c__Clostridia;o__Clostridiales;f__Ruminococcaceae;g__Ruminiclostridium;s__[Eubacterium]_siraeum	-0.0274884914505	-0.0020119642969	-0.00239647029587	-0.0252767441038	0.0288857752639	-0.00664468568882	-0.00950856509641	-0.00112547249403	-0.0492603785051	0.0444592260183	-0.0243811644445	0.0165351357089	-0.012756733867	-0.0491433349125	-0.0362779428659	0.0246200027226	-0.0400373488272	0.00477627572753	-0.0116394208428	-0.0363424851772	0.0136627380223	1.0	-0.056459995134	-0.0917391599564	0.0349061864453	0.0132753601615	-0.0362374343937	-0.0564817306125	0.00330132206707	0.0258354100064	-0.00164429024373	-0.0532576260133	-0.0482968656661	0.0206942487289	-0.0251707480762	-0.0543434727134	0.0317998891228	-0.00922503610779	0.00155660335765	-0.0206939576344	0.0255311101837	0.0236220798626	0.0253503038895	0.0386249711356	0.037755611462	0.0506864259507	0.0687432526515	0.00682985924706	0.0191501063098	-0.0117735292596	-0.0152048995821	-0.00698150325345	-0.0211071517713	-0.00793338488089	-0.0182289323584	-0.0280943224425	-0.00437573349277	-0.0531469371553	-0.0538778845128
k__Bacteria;p__Proteobacteria;c__Betaproteobacteria;o__Burkholderiales;f__Sutterellaceae;g__Parasutterella;s__Parasutterella_excrementihominis	-0.0230066567374	-0.038611668272	0.0132933474595	0.0169840040694	0.00469325958747	-0.0321951933695	0.012664110704	0.0196618150609	-0.0397098118399	-0.0225126794107	-0.0202576180888	-0.0251352318322	-0.040526668545	0.00436160730531	0.034464898503	-0.01558514492	0.00506232787234	-0.0202826268052	-0.0222098560425	-0.0438278895046	-0.00938458513665	-0.056459995134	1.0	0.0192919181429	0.0501754844568	-0.0321368055873	-0.0191439383936	0.0302502288657	0.0457409803743	-0.0330686642187	0.00807922383547	-0.0555827338738	0.0202161518391	-0.0955872108286	0.00103345902067	0.0226342799378	-0.0168714814131	0.0159700239184	-0.037539633989	0.0383920915562	0.03581194082	-0.0532605644467	-0.0413382150045	0.0421994138375	-0.0305654884225	-0.0131765123309	-0.0406680353592	0.00346510555117	-0.0708109828018	-0.0065184572044	0.0111236003406	0.0443098964786	-0.013109733527	0.0160940167436	-0.0325126515174	0.0153006298563	0.0602268471832	0.0210773317096	-0.021631585075
k__Bacteria;p__Actinobacteria;c__Actinobacteria;o__Bifidobacteriales;f__Bifidobacteriaceae;g__Bifidobacterium;s__Bifidobacterium_adolescentis	-0.0175275121181	0.0603047886417	-0.0120494327752	-0.0298254932075	-0.0244786306768	0.0214678602196	-0.0128734190318	-0.0247927314764	-0.029156888339	-0.00866981184918	-0.0341789524283	-0.0320074909303	-0.0230839914936	-0.0134436920548	0.0300133299009	-0.0356053526715	-0.0115562340644	-0.0324959351058	0.039065910054	-0.0259366767842	0.0302123320862	-0.0917391599564	0.0192919181429	1.0	-0.01222319982	-0.00135391968972	-0.000509354484736	-0.0394838963517	0.0502760251117	0.0440368233359	-0.0113203697706	0.0225851044335	0.0103739197034	-0.0340527222846	-0.0124251286953	-0.0365514530147	0.0593703477396	-0.0362943497247	-0.0596712781783	0.00945272492617	0.0241537282237	-0.0301745719555	0.0397171232288	0.0312365409468	0.0472183772131	-0.032763745508	-0.0167266866077	-0.0618726280453	-0.00672688622481	0.0129152133385	-0.0149703554177	-0.041702322036	-0.0419621160305	-0.0160195345801	0.00601814259981	0.0176792365554	0.0282866158667	0.017997770966	0.0398299367284
k__Bacteria;p__Firmicutes;c__Clostridia;o__Clostridiales;f__Oscillospiraceae;g__Oscillibacter;s__Oscillibacter_sp._KLE_1745	0.0356276076633	-0.0112734432142	0.0171097263624	-0.0292382715134	-0.0287849415109	0.0304120030632	-0.0165215398239	0.0183952069781	-0.0346483648624	-0.0399821020322	-0.0146600023219	-0.0144580775279	0.0261727504762	0.0191062941724	-0.00750613559377	-0.0237414001411	0.0071854368214	-0.000831495087185	-0.0166728618941	0.016432837304	-0.0313713928559	0.0349061864453	0.0501754844568	-0.01222319982	1.0	0.02706671089	-0.00728665114208	-0.0327061182017	0.0138061056608	0.00746911694644	-0.0670774583039	-0.0172241187261	0.0212942436272	-0.0339990001881	-0.036417792791	0.00861464018226	-0.0342738939693	-0.0383510833448	0.00113402789537	-0.0753691967145	0.0287780679063	-0.0029263791939	0.0224891631871	-0.00791300192661	0.0691347899954	-0.0205106684846	-0.0278372820627	-0.0209751934389	0.0169993252387	-0.0106799254195	0.00429928962208	0.00318664390701	0.00194254990324	0.00108113425849	-0.0106539736305	-0.0588116015947	0.010147807153	0.0078155885356	-0.00642065023587
k__Bacteria;p__Bacteroidetes;c__Bacteroidia;o__Bacteroidales;f__Bacteroidaceae;g__Bacteroides;s__Bacteroides_coprophilus	-0.0311790525571	-0.00682687871337	0.00495581204953	-0.0222968858523	-0.0400874799624	-0.0277776988626	-0.00908796306365	-0.0299278626533	0.0166455642671	0.0524763998046	-0.000802755704209	0.0140340707486	0.0197895521137	-0.0475565166204	0.0514535692925	-0.0123408556249	0.0138988049496	-0.00055840912609	0.0331475456277	0.041495081715	-0.0289432353103	0.0132753601615	-0.0321368055873	-0.00135391968972	0.02706671089	1.0	-0.0537770726863	0.00141293702122	0.00954823121526	-0.0456815083833	-0.0605663782737	0.00214276529606	-0.0369032539458	0.028355769098	0.00485066068598	0.0153056491387	0.0187033593474	0.0152774031216	-0.0278040387905	0.0339536120391	-0.0410899094193	0.0331768984017	0.0284034385712	-0.0217881367876	0.0296606765219	0.0195684566417	0.00303935706139	0.0106681775231	0.0146129911433	-0.02419811208	-0.0182789558903	-0.0492412073384	-0.0365167559134	0.0571110857388	-0.0195808443525	0.00765385696182	-0.00170599107525	-0.0289483526404	-0.0435273702146
k__Bacteria;p__Firmicutes;c__Clostridia;o__Clostridiales;f__Lachnospiraceae;g__Roseburia;s__Roseburia_intestinalis	-0.0171871358212	-0.0346164888314	-0.0240770724829	-0.0284924477154	-0.0534723495009	-0.0603621967133	-0.0532315641633	-0.0362749773621	-0.00120058715655	-0.0495580475026	-0.024752196467	-0.00898676728744	0.000352838487351	-0.00306927603285	0.0209685943378	-0.0113621794525	-0.0181544401311	-0.0137558026171	0.000803070380953	0.03971936986	-0.0271814867419	-0.0362374343937	-0.0191439383936	-0.000509354484736	-0.00728665114208	-0.0537770726863	1.0	-0.00685089461502	0.00784172332943	-0.0178741585403	0.0562364795897	-0.0730583351989	0.03959055749	0.0405500579941	-0.0187277292993	-0.000940134473448	-0.00175879474228	0.0580191191103	0.0258886083845	-0.0336216462802	-0.00712067473116	0.0546724254198	-0.025255819029	-0.0265044765431	-0.0455346469017	-0.0394885189368	0.0197982720199	-0.0423130217438	-0.00859733383609	-0.0213178611628	-0.0109567086995	-0.0056028309051	-0.0159767192919	0.0129359595656	-0.0338593109735	0.0134010857328	-0.0184500724752	0.0216674566895	0.0234670784012
k__Bacteria;p__Firmicutes;c__Clostridia;o__Clostridiales;f__Lachnospiraceae;g__Roseburia;s__Roseburia_hominis	-0.0120060949847	-0.0339400885745	-0.06269255795	-0.0145438926695	0.00206984486786	-0.0325688549038	0.0202066660757	0.0432709533966	9.27090622148e-05	-0.00775438980764	-0.0371660876193	-0.0262186990577	-9.74964575891e-05	-0.0121425251095	-0.0147151100826	-0.0217466926489	-0.00423809599995	0.0638895639666	-0.0179709350464	-0.042615426604	-0.0277751830341	-0.0564817306125	0.0302502288657	-0.0394838963517	-0.0327061182017	0.00141293702122	-0.00685089461502	1.0	-0.074095915978	0.0455941868536	-0.0154638180709	-0.0153720756963	-0.0286497009175	-0.026847634978	-0.0281076216241	0.00708923590026	-0.0115830627222	0.0557766269614	0.0178018497837	-0.0133907440435	0.0125648519552	-0.0113749585737	-0.0207701923259	-0.0122251306084	-0.0268255092978	0.030879275288	-0.0491750830319	0.0168810434748	-0.0142303424662	-0.0255922072026	-0.023317917131	-0.0281715406843	-0.0208258502687	-0.0343850552939	-0.0168042199589	0.0340776627895	-0.00976252426207	-0.0428967552492	-0.0171812922683
k__Bacteria;p__Bacteroidetes;c__Bacteroidia;o__Bacteroidales;f__Porphyromonadaceae;g__Parabacteroides;s__Parabacteroides_johnsonii	-0.0411606262127	0.0235116420075	-0.0388999314582	-0.00294182917763	0.0171174931262	-0.0209316083253	-0.0228495238484	0.0113725863328	0.00221613329282	0.00389996138438	-0.0383654727836	-0.0230573130124	-0.0135395630946	0.00370023472023	-0.0731899692116	-0.0062969311738	0.0283902665239	0.00694012806499	0.0114290550113	0.00920859484817	-0.0508916604231	0.00330132206707	0.0457409803743	0.0502760251117	0.0138061056608	0.00954823121526	0.00784172332943	-0.074095915978	1.0	0.0441794213838	0.0157208150942	0.0132138795546	0.03656698589	-0.0180637790484	-0.0160716986231	0.00350787269291	-0.083310110339	0.0316615704886	0.0168268977841	0.00465407831558	-0.0851314720442	-0.00906099225122	0.0369869149869	-0.029706793955	0.0102477635858	0.00710342105975	0.0183247476385	-0.0258652102418	0.00910224098798	0.00672914958519	-0.0180969987281	-0.0433263730447	-0.0441011208112	0.00714888315445	-0.00155503625997	0.0203803237235	0.0454117717498	0.00249678829202	-0.0347627112123
k__Bacteria;p__Actinobacteria;c__Actinobacteria;o__Bifidobacteriales;f__Bifidobacteriaceae;g__Bifidobacterium;s__Bifidobacterium_longum	-0.0269419679792	0.0280106067078	0.0278347875825	-0.0105820876733	-0.0272017498121	-0.0383377291909	0.0148464166433	0.0654470740787	0.00762239696039	-0.0265487258993	-0.0527760733218	0.00489669831682	0.00563114351489	-0.00836514089794	-0.018146598916	-0.000641445179281	0.0327040333983	0.00849256972984	0.0436780040437	0.0155523014954	-0.0488132166266	0.0258354100064	-0.0330686642187	0.0440368233359	0.00746911694644	-0.0456815083833	-0.0178741585403	0.0455941868536	0.0441794213838	1.0	-0.0345321082849	0.0110410996192	-0.0556919607811	0.0361205713616	0.0342298364059	-0.0449013910908	0.0151123009607	-0.0210571274728	0.0177045332915	-0.0278835459461	0.0404952544319	-0.0215868971325	-0.0318822900036	-0.0496400645611	-0.0143383195642	-0.0331379172382	0.00465024486943	0.00709441084291	-0.0218509356392	-0.0203885868521	0.00628248836131	-0.0415980880021	0.031057819243	-0.0392653121374	-0.00255283765335	0.0327604207729	-0.0204288771402	-0.0306289005849	0.00979274600329
