#taxonomy	k__Bacteria;p__Bacteroidetes;c__Bacteroidia;o__Bacteroidales;f__Bacteroidaceae;g__Bacteroides;s__Bacteroides_vulgatus	k__Bacteria;p__Bacteroidetes;c__Bacteroidia;o__Bacteroidales;f__Bacteroidaceae;g__Bacteroides;s__Bacteroides_uniformis	k__Bacteria;p__Bacteroidetes;c__Bacteroidia;o__Bacteroidales;f__Rikenellaceae;g__Alistipes;s__Alistipes_putredinis	k__Bacteria;p__Bacteroidetes;c__Bacteroidia;o__Bacteroidales;f__Prevotellaceae;g__Prevotella;s__Prevotella_copri	k__Bacteria;p__Bacteroidetes;c__Bacteroidia;o__Bacteroidales;f__Bacteroidaceae;g__Bacteroides;s__Bacteroides_stercoris	k__Bacteria;p__Bacteroidetes;c__Bacteroidia;o__Bacteroidales;f__Bacteroidaceae;g__Bacteroides;s__Bacteroides_ovatus	k__Bacteria;p__Bacteroidetes;c__Bacteroidia;o__Bacteroidales;f__Rikenellaceae;g__Alistipes;s__Alistipes_shahii	k__Bacteria;p__Firmicutes;c__Clostridia;o__Clostridiales;f__Ruminococcaceae;g__Faecalibacterium;s__Faecalibacterium_prausnitzii	k__Bacteria;p__Bacteroidetes;c__Bacteroidia;o__Bacteroidales;f__Rikenellaceae;g__Alistipes;s__Alistipes_finegoldii	k__Bacteria;p__Bacteroidetes;c__Bacteroidia;o__Bacteroidales;f__Porphyromonadaceae;g__Parabacteroides;s__Parabacteroides_distasonis	k__Bacteria;p__Bacteroidetes;c__Bacteroidia;o__Bacteroidales;f__Bacteroidaceae;g__Bacteroides;s__Bacteroides_thetaiotaomicron	k__Bacteria;p__Bacteroidetes;c__Bacteroidia;o__Bacteroidales;f__Bacteroidaceae;g__Bacteroides;s__Bacteroides_coprocola	k__Bacteria;p__Bacteroidetes;c__Bacteroidia;o__Bacteroidales;f__Bacteroidaceae;g__Bacteroides;s__Bacteroides_cellulosilyticus	k__Bacteria;p__Bacteroidetes;c__Bacteroidia;o__Bacteroidales;f__Rikenellaceae;g__Alistipes;s__Alistipes_obesi	k__Bacteria;p__Firmicutes;c__Clostridia;o__Clostridiales;f__Lachnospiraceae;g__;s__[Eubacterium]_rectale	k__Bacteria;p__Bacteroidetes;c__Bacteroidia;o__Bacteroidales;f__Bacteroidaceae;g__Bacteroides;s__Bacteroides_plebeius	k__Bacteria;p__Bacteroidetes;c__Bacteroidia;o__Bacteroidales;f__Bacteroidaceae;g__Bacteroides;s__Bacteroides_fragilis	k__Bacteria;p__Proteobacteria;c__Betaproteobacteria;o__Burkholderiales;f__Sutterellaceae;g__Sutterella;s__Sutterella_wadsworthensis	k__Bacteria;p__Bacteroidetes;c__Bacteroidia;o__Bacteroidales;f__Porphyromonadaceae;g__Barnesiella;s__Barnesiella_intestinihominis	k__Bacteria;p__Bacteroidetes;c__Bacteroidia;o__Bacteroidales;f__Odoribacteraceae;g__Odoribacter;s__Odoribacter_splanchnicus	k__Bacteria;p__Bacteroidetes;c__Bacteroidia;o__Bacteroidales;f__Bacteroidaceae;g__Bacteroides;s__Bacteroides_salyersiae	k__Bacteria;p__Firmicutes;c__Clostridia;o__Clostridiales;f__Ruminococcaceae;g__Ruminiclostridium;s__[Eubacterium]_siraeum	k__Bacteria;p__Proteobacteria;c__Betaproteobacteria;o__Burkholderiales;f__Sutterellaceae;g__Parasutterella;s__Parasutterella_excrementihominis	k__Bacteria;p__Actinobacteria;c__Actinobacteria;o__Bifidobacteriales;f__Bifidobacteriaceae;g__Bifidobacterium;s__Bifidobacterium_adolescentis	k__Bacteria;p__Firmicutes;c__Clostridia;o__Clostridiales;f__Oscillospiraceae;g__Oscillibacter;s__Oscillibacter_sp._KLE_1745	k__Bacteria;p__Bacteroidetes;c__Bacteroidia;o__Bacteroidales;f__Bacteroidaceae;g__Bacteroides;s__Bacteroides_coprophilus	k__Bacteria;p__Firmicutes;c__Clostridia;o__Clostridiales;f__Lachnospiraceae;g__Roseburia;s__Roseburia_intestinalis	k__Bacteria;p__Firmicutes;c__Clostridia;o__Clostridiales;f__Lachnospiraceae;g__Roseburia;s__Roseburia_hominis	k__Bacteria;p__Bacteroidetes;c__Bacteroidia;o__Bacteroidales;f__Porphyromonadaceae;g__Parabacteroides;s__Parabacteroides_johnsonii	k__Bacteria;p__Actinobacteria;c__Actinobacteria;o__Bifidobacteriales;f__Bifidobacteriaceae;g__Bifidobacterium;s__Bifidobacterium_longum	k__Bacteria;p__Firmicutes;c__Clostridia;o__Clostridiales;f__;g__Flavonifractor;s__Flavonifractor_plautii	k__Bacteria;p__Firmicutes;c__Clostridia;o__Clostridiales;f__Clostridiaceae;g__Clostridium;s__Clostridium_phoceensis	k__Bacteria;p__Verrucomicrobia;c__Verrucomicrobiae;o__Verrucomicrobiales;f__Akkermansiaceae;g__Akkermansia;s__Akkermansia_muciniphila	k__Bacteria;p__Bacteroidetes;c__Bacteroidia;o__Bacteroidales;f__Prevotellaceae;g__Paraprevotella;s__Paraprevotella_xylaniphila	k__Bacteria;p__Firmicutes;c__Clostridia;o__Clostridiales;f__Ruminococcaceae;g__Ruminococcus;s__Ruminococcus_callidus	k__Bacteria;p__Bacteroidetes;c__Bacteroidia;o__Bacteroidales;f__Rikenellaceae;g__Alistipes;s__Alistipes_senegalensis	k__Bacteria;p__Firmicutes;c__Clostridia;o__Clostridiales;f__Lachnospiraceae;g__Blautia;s__Blautia_sp._KLE_1732	k__Bacteria;p__Bacteroidetes;c__Bacteroidia;o__Bacteroidales;f__Bacteroidaceae;g__Bacteroides;s__Bacteroides_oleiciplenus	k__Bacteria;p__Firmicutes;c__Clostridia;o__Clostridiales;f__Ruminococcaceae;g__Ruminococcus;s__Ruminococcus_bicirculans	k__Bacteria;p__Bacteroidetes;c__Bacteroidia;o__Bacteroidales;f__Bacteroidaceae;g__Bacteroides;s__Bacteroides_fluxus	k__Bacteria;p__Bacteroidetes;c__Bacteroidia;o__Bacteroidales;f__Prevotellaceae;g__Prevotella;s__Prevotella_stercorea	k__Bacteria;p__Firmicutes;c__Clostridia;o__Clostridiales;f__Lachnospiraceae;g__Dorea;s__Dorea_longicatena	k__Bacteria;p__Firmicutes;c__Clostridia;o__Clostridiales;f__Eubacteriaceae;g__Eubacterium;s__[Eubacterium]_eligens	k__Bacteria;p__Firmicutes;c__Clostridia;o__Clostridiales;f__Ruminococcaceae;g__;s__Ruminococcaceae_bacterium_D16	k__Bacteria;p__Firmicutes;c__Clostridia;o__Clostridiales;f__Lachnospiraceae;g__Coprococcus;s__Coprococcus_comes	k__Bacteria;p__Proteobacteria;c__Gammaproteobacteria;o__Enterobacterales;f__Enterobacteriaceae;g__Escherichia;s__Escherichia_coli	k__Bacteria;p__Firmicutes;c__Clostridia;o__Clostridiales;f__Ruminococcaceae;g__Anaerotruncus;s__Anaerotruncus_colihominis	k__Bacteria;p__Firmicutes;c__Clostridia;o__Clostridiales;f__Lachnospiraceae;g__Blautia;s__Blautia_obeum	k__Bacteria;p__Bacteroidetes;c__Bacteroidia;o__Bacteroidales;f__Odoribacteraceae;g__Odoribacter;s__Odoribacter_laneus	k__Bacteria;p__Firmicutes;c__Clostridia;o__Clostridiales;f__Ruminococcaceae;g__Ruminiclostridium;s__[Clostridium]_leptum	k__Bacteria;p__Bacteroidetes;c__Bacteroidia;o__Bacteroidales;f__Porphyromonadaceae;g__Parabacteroides;s__Parabacteroides_goldsteinii	k__Bacteria;p__Firmicutes;c__Clostridia;o__Clostridiales;f__Lachnospiraceae;g__Anaerostipes;s__Anaerostipes_hadrus	k__Bacteria;p__Firmicutes;c__Clostridia;o__Clostridiales;f__Ruminococcaceae;g__Ruminococcus;s__Ruminococcus_lactaris	k__Bacteria;p__Firmicutes;c__Clostridia;o__Clostridiales;f__Clostridiaceae;g__Clostridium;s__Clostridium_sp._L2-50	k__Bacteria;p__Firmicutes;c__Clostridia;o__Clostridiales;f__Clostridiaceae;g__Clostridium;s__Clostridium_sp._M62/1	k__Bacteria;p__Firmicutes;c__Clostridia;o__Clostridiales;f__;g__Intestinimonas;s__Intestinimonas_butyriciproducens	k__Bacteria;p__Actinobacteria;c__Actinobacteria;o__Bifidobacteriales;f__Bifidobacteriaceae;g__Bifidobacterium;s__Bifidobacterium_bifidum	k__Bacteria;p__Firmicutes;c__Negativicutes;o__Veillonellales;f__Veillonellaceae;g__Dialister;s__Dialister_invisus	k__Bacteria;p__Bacteroidetes;c__Bacteroidia;o__Bacteroidales;f__Bacteroidaceae;g__Bacteroides;s__Bacteroides_salanitronis
k__Bacteria;p__Bacteroidetes;c__Bacteroidia;o__Bacteroidales;f__Bacteroidaceae;g__Bacteroides;s__Bacteroides_vulgatus	1.0	-0.0301658345652	-0.00567540892276	-0.0526613850423	0.045758420325	-0.0345109828461	0.00848347523906	-0.0198075369378	-0.0293555106088	-0.00248073616651	0.0119382925769	0.0315089472285	-0.0378036383563	-0.100094636186	0.0276049594428	-0.0363357288291	0.0340529817404	0.0538073820958	0.0671261861279	-0.00688897213975	6.06553866865e-05	0.0107127327141	0.0152600230447	0.0450641647765	-0.0145341092608	-0.0443451659999	0.0321086123707	-0.0159583735026	0.0052490129964	-0.00909095603515	-0.0269813814264	0.0185570870341	0.00777890441043	-0.0139072588352	-0.0317112064949	0.00169044125343	-0.0475563657119	-0.0734268616914	-0.0238794424693	-0.0353751648155	0.054179106482	-0.0162228958748	-0.027401633488	-0.101690399803	-0.00418262496026	0.0424858432811	-0.0430951979897	-0.0399527824563	-0.0134897468417	-0.0548691003656	0.021862569093	0.0216955782075	-0.0198418474919	0.0369560638009	-0.0130125860898	0.0723723053376	0.00516441761823	0.0565474562799	-0.0694578407741
k__Bacteria;p__Bacteroidetes;c__Bacteroidia;o__Bacteroidales;f__Bacteroidaceae;g__Bacteroides;s__Bacteroides_uniformis	-0.0301658345652	1.0	0.0206454938931	-0.00656031130884	-0.00438281616841	-0.0141285409756	-0.019331145293	-0.0373878932626	0.00188683892145	0.0122236157493	-0.0329632215398	0.0053107902223	-0.000265791282743	0.0212868282955	-0.0139871971593	0.0104630188036	-0.0471619170457	-0.0609159208071	0.0175385090483	0.04618820412	0.0458517741736	0.0375175489338	-0.0133425108696	-0.0715739259748	-0.035229762698	0.0388520881521	-0.0099383645061	-0.00443017932225	-0.0299915786579	0.0183108582356	0.0129675334946	0.0109511759389	0.0132748603814	-0.019525946834	-0.0135701969329	-0.0451169001129	0.0111004931269	-0.038522116982	0.0446846924381	-0.00400711111039	-0.00623363869018	0.0251048950061	-0.00109939631488	-0.0186869681164	-0.0267862594806	0.0361932052892	-0.0119610839204	-0.0447746496741	0.0266072013337	-0.0403686410687	-0.0140507458022	0.0319166670242	-0.0279653485818	0.0350583607468	0.0374056535424	-0.00451652112334	0.0060198224497	-0.022133347979	-0.00774529435573
k__Bacteria;p__Bacteroidetes;c__Bacteroidia;o__Bacteroidales;f__Rikenellaceae;g__Alistipes;s__Alistipes_putredinis	-0.00567540892276	0.0206454938931	1.0	0.0030951261232	0.00478773212875	0.0117107465908	0.0346773581524	0.0231746950677	-0.0813374039761	-0.0276751911156	-0.000559755576807	-0.0230719128554	-0.00441220231094	-0.00402128596035	-0.0123400831419	-0.0335790400652	0.00568619605368	-0.0423719541944	-0.0227115830696	0.0353688200295	0.0279570941282	-0.0364648828258	-0.0141704697709	-0.0670380363179	-0.000926922704611	-0.0067479520144	0.0152713578277	0.0231706394578	0.0209368242146	-0.0199974123383	0.0170486096779	-0.0755691556936	0.0333645258277	-0.0454573542375	-0.0236612427465	0.00199807244312	-0.0218073678095	0.0124682232138	-0.00391884449008	0.0767722457893	-0.0555125991835	0.00609013027017	0.0290963603852	0.0192824419479	-0.0296480200228	0.0103440830016	0.00422750705556	0.00473019607389	0.0217861719057	-0.00999411165889	-0.0304484207534	-0.0213025566758	-0.0240634098308	0.0040589360496	-0.0494242589075	-0.0127086578101	0.0353438354241	-0.00946152215846	-0.0127353079687
k__Bacteria;p__Bacteroidetes;c__Bacteroidia;o__Bacteroidales;f__Prevotellaceae;g__Prevotella;s__Prevotella_copri	-0.0526613850423	-0.00656031130884	0.0030951261232	1.0	-0.029954503001	-0.0361490260611	-0.00950108478157	-0.0232934395331	-0.0119784221135	0.000795742134495	-0.002235203981	-0.0252321424396	-0.0130411105509	0.00274724266386	0.0160615313885	0.0157214078807	0.0148335622644	0.0414560892764	-0.11079295561	0.0208677873642	-0.00614022117208	-0.0134131101503	-0.0394739869979	0.0481502502424	0.00224724172681	0.00150816149669	-0.00491618865912	-0.0035507631135	-0.0596494028185	-0.0657766668864	0.0324800808995	-0.0103606665046	-0.0206626653934	0.00422697397723	-0.0347474876462	0.0103851751506	0.0146039804251	-0.00889855115952	-0.0381195521091	-0.0576045701487	-0.0809684105775	0.0197455175684	-0.013495552704	-0.0476146642799	0.0200350615657	0.00304153032173	-0.0109389016295	0.0304806745815	0.0182919998927	0.00643865392152	0.0807638037523	-0.018228320745	-0.00888222019004	-0.00545864490729	0.0788868635744	0.0357943976285	0.0130370942429	-0.00373762246185	0.00842103895434
k__Bacteria;p__Bacteroidetes;c__Bacteroidia;o__Bacteroidales;f__Bacteroidaceae;g__Bacteroides;s__Bacteroides_stercoris	0.045758420325	-0.00438281616841	0.00478773212875	-0.029954503001	1.0	-0.0165481753408	-0.0130246123217	-0.00662247507985	0.0721654546188	-0.00337899675958	-0.00564799805068	0.0261868253782	0.0151420058595	-0.0366693045794	0.0322869792563	-0.0209051527334	-0.0131781097352	-0.0130326239732	-0.0287497279976	0.0201102547743	-0.0345606476767	0.0487629432317	0.00866684800156	-0.023695206073	0.0193923881322	-0.00874358956949	0.00535905919214	0.00669216301868	-0.000133725733739	0.053441154686	-0.000198844703199	-0.0153445724662	-0.0193073912194	-0.00361637962296	-0.0565940055566	-0.0274976820939	-0.0728374235732	0.00138600804364	-0.018687555376	0.0120926869594	-0.0217420821384	-0.0407636742421	-0.0225697911679	-0.0356563851489	-0.00953303595428	-0.0389437843768	0.0658933947006	0.00443277629125	-0.066670665413	-0.0416938927846	0.0494709283728	-0.0482080671282	0.0386811175603	0.00530691049882	-0.0472838562416	-0.0289079875163	0.0200507933872	-0.0141208254808	0.0459483218793
k__Bacteria;p__Bacteroidetes;c__Bacteroidia;o__Bacteroidales;f__Bacteroidaceae;g__Bacteroides;s__Bacteroides_ovatus	-0.0345109828461	-0.0141285409756	0.0117107465908	-0.0361490260611	-0.0165481753408	1.0	-0.00329272140743	0.0120518756691	-0.0132662468896	-0.0284446287482	-0.0369402140091	0.0256759272904	0.0158417810019	-0.00359468271136	-0.0443241044026	0.0193325425834	-0.00711342670583	-0.0389584986712	-0.0152439615595	0.00279866032995	0.00682481147175	-0.00683673983219	-0.0178640316569	0.00743311624979	-0.0253643028214	0.000473480418337	-0.017186982169	-0.0163518824713	-0.0081682479168	-0.0115412189891	0.0184940009487	0.0205438913744	-0.0533348543459	-0.0894272343416	0.000765015933944	0.0474674864039	-0.0305738382457	0.0030512294439	0.0256268902552	0.00619341540946	0.0437105148307	-0.0061955869219	-0.00379791082881	0.0207747318876	0.00468740866098	0.0378445216358	-0.0144533153005	0.000162562844383	-0.0121761237779	0.0316392024007	-0.0271194004079	0.00312533603182	-0.0252226683835	0.0115782913206	-0.0459290538544	-0.0236388251774	0.0339563363622	0.0228870824858	-0.0273862767387
k__Bacteria;p__Bacteroidetes;c__Bacteroidia;o__Bacteroidales;f__Rikenellaceae;g__Alistipes;s__Alistipes_shahii	0.00848347523906	-0.019331145293	0.0346773581524	-0.00950108478157	-0.0130246123217	-0.00329272140743	1.0	0.0154496758971	-0.0359303520054	0.0193972526387	-0.0397824658735	0.00830729485211	2.33811875267e-05	-0.0550706723639	-0.0124953981265	0.00559032231607	-0.0229296908078	0.0308121362512	0.00102504478505	0.00634216355017	-0.0577390235431	0.00876522481414	0.00913251012154	-0.0201091791984	0.0422668223386	-0.0016625798515	-0.0387961738454	0.0102734178828	0.0464256378959	0.0286985263198	0.00409620239295	-0.0257643441345	-0.0338900098732	0.0250157609439	-0.00254572033517	0.00550000465395	-0.0271291596539	-0.0128996520432	0.0118448283943	-0.0273992242893	0.00754835355069	0.00817148778286	-0.0335754102125	0.028817262089	0.0108107421822	-0.00696659233242	0.0256134580407	-0.0465322998991	0.00113825535444	-0.0498014660513	-0.0267813279936	-0.0134300608337	-0.0183623973373	0.0244092650021	-0.0219379748253	-0.0229740413334	0.0548281950874	-0.039987231538	-0.0121824962016
k__Bacteria;p__Firmicutes;c__Clostridia;o__Clostridiales;f__Ruminococcaceae;g__Faecalibacterium;s__Faecalibacterium_prausnitzii	-0.0198075369378	-0.0373878932626	0.0231746950677	-0.0232934395331	-0.00662247507985	0.0120518756691	0.0154496758971	1.0	-0.0180064973544	-0.0464003770068	0.00918529104252	0.0116231642593	0.0231795754994	-0.0151716205493	0.0418270411712	-0.0100757671745	-0.0288934625293	0.031076858384	-0.00825600522604	0.0139895199735	-0.0208212099981	-0.0699723048538	0.00979271289066	-0.0114494346643	-0.0660406346743	-0.0246301614086	-0.0503603602527	0.0125917625684	0.0435053994164	0.0435708918851	0.036813853004	-0.00519447559128	-0.107231627621	0.0491910877468	-0.0393303455252	-0.0307292635582	-0.0063680593904	0.0101313816996	0.0254809144037	-0.0168566753005	-0.0154568698415	0.0391973806291	-0.0701958655147	0.0309530955956	-0.0315808217904	-0.00927380310815	-0.00589599109538	0.0409054373725	-0.0443111537376	0.0490637758003	-0.00210476955018	-0.0463644916994	-0.0103572022782	0.0201608368072	-0.0246360024727	-0.00516204914159	-0.0180394717201	0.0456808042827	-0.0396591490206
k__Bacteria;p__Bacteroidetes;c__Bacteroidia;o__Bacteroidales;f__Rikenellaceae;g__Alistipes;s__Alistipes_finegoldii	-0.0293555106088	0.00188683892145	-0.0813374039761	-0.0119784221135	0.0721654546188	-0.0132662468896	-0.0359303520054	-0.0180064973544	1.0	0.0147740038477	0.0363570607856	-0.00457840618101	-0.027562905653	0.0113740472157	-0.0210408671643	-0.000946704464236	0.0446783758392	-0.0222815025911	-0.0308573853227	-0.0642902467727	-0.0141883428263	-0.0202865389482	0.0511782851179	0.0430164580984	-0.0178142882714	-0.022232952057	0.0230795823604	0.0151434252682	-0.0197349622788	-0.0163658216216	-0.0848308525972	-0.014524576798	-0.0199100384044	0.013718663419	0.00241529666395	-0.0407534975871	0.00292901504162	-0.00387992436383	-0.0460395738913	-0.00980032913882	0.014629393787	-0.016773933221	0.0293895080075	-0.0173414181802	0.0100993332144	0.0574511178645	-0.00983435021067	-0.0398901748171	-0.0328253833461	-0.0335094699741	-0.0194891791888	0.0249698578814	-0.00576449944308	-0.0440488634005	-0.0218268719022	0.0217139217361	0.0423761070132	0.00699759279311	-0.0096943643546
k__Bacteria;p__Bacteroidetes;c__Bacteroidia;o__Bacteroidales;f__Porphyromonadaceae;g__Parabacteroides;s__Parabacteroides_distasonis	-0.00248073616651	0.0122236157493	-0.0276751911156	0.000795742134495	-0.00337899675958	-0.0284446287482	0.0193972526387	-0.0464003770068	0.0147740038477	1.0	-0.107452415916	-0.076779878971	0.0511782591911	-0.00168410832421	-0.0320800765175	0.0237051290412	0.0282549068975	0.0210880418816	-0.00567512984285	-0.0256988113379	-0.0662659774505	-0.0182755283253	-0.0534346269147	0.0217074701656	0.0312522255253	0.0101801565898	0.00314488454156	-0.0268168163759	-0.0175937729648	0.0081939657886	0.0316885551879	0.0194164381084	0.00665317427379	0.0337419302379	-0.0399372572708	0.0166684493375	-0.0526926617262	-0.0701963689976	0.0602644728406	4.56543164827e-05	-0.00760727014363	0.0343687767164	-0.0360769172292	-0.0578482304941	-0.0214094001614	-0.0368909220494	0.0655643590814	-0.0216928547677	0.0548161024653	0.00847991654356	-0.0494442171129	0.0264687298351	0.034889342678	0.00769412593287	-0.0454966237163	-0.0719333106503	-0.0326424907467	0.0442891592172	0.0325354844681
k__Bacteria;p__Bacteroidetes;c__Bacteroidia;o__Bacteroidales;f__Bacteroidaceae;g__Bacteroides;s__Bacteroides_thetaiotaomicron	0.0119382925769	-0.0329632215398	-0.000559755576807	-0.002235203981	-0.00564799805068	-0.0369402140091	-0.0397824658735	0.00918529104252	0.0363570607856	-0.107452415916	1.0	-0.0290663283316	0.00802694332594	-0.0128767327575	0.0100126484693	0.0246025323406	0.0138673161595	0.0242162914987	0.00976738176951	-0.015664015848	-0.0153423176912	-0.0496146949733	-0.0492771393397	-0.0344914964624	0.0278470164816	0.015825431854	-0.060189216899	0.0205148280225	-0.00706619472362	0.0344518704018	0.0664666571017	-0.00659808552405	-0.0128504625124	-0.0297355416578	0.000184560505586	0.014223027132	0.0477679908355	0.00577778040772	-0.00306809335	0.0392611749842	0.0338144393404	-0.0142595192489	0.0183897364252	0.0487457787262	-0.0409793552515	-0.0344929595496	-0.0345558198066	-0.0606117307692	-0.0291842371915	0.0223666979723	0.00392386011437	-0.00391737080115	0.00198787295565	0.108588329086	-0.0538320615135	-0.0802432240886	0.0220722813078	0.00907236672173	-0.0591214058429
k__Bacteria;p__Bacteroidetes;c__Bacteroidia;o__Bacteroidales;f__Bacteroidaceae;g__Bacteroides;s__Bacteroides_coprocola	0.0315089472285	0.0053107902223	-0.0230719128554	-0.0252321424396	0.0261868253782	0.0256759272904	0.00830729485211	0.0116231642593	-0.00457840618101	-0.076779878971	-0.0290663283316	1.0	-0.0331199610164	-0.0619294029002	-0.0188563610966	-0.0315114369842	0.0788456282652	-0.0662212834677	-0.041551058231	0.026639471276	-0.0644299643402	0.00925050657305	0.0144564893615	0.0527512022615	0.0258652498047	0.0475892522969	-0.000789554529587	-0.0192710363708	-0.00121451936146	-0.00301676873399	0.024309435973	-0.023355491399	0.0339750677355	0.0287549287412	-0.0369809009329	0.0488197353816	-0.0212368272713	0.0226151408883	-0.0558112200277	-0.0195506486953	-0.0400246436907	-0.0165959342086	0.0680456751948	-0.0286529543371	-0.0131614521601	0.0149866854205	0.0623316735157	0.0374545517569	0.0107823622056	0.0135636523236	-0.0473621842018	-0.00302896150627	-0.0170960184028	0.0192610317119	-0.0379224669416	-0.00332581474148	-0.0225368374875	0.00134099922233	0.0206028182097
k__Bacteria;p__Bacteroidetes;c__Bacteroidia;o__Bacteroidales;f__Bacteroidaceae;g__Bacteroides;s__Bacteroides_cellulosilyticus	-0.0378036383563	-0.000265791282743	-0.00441220231094	-0.0130411105509	0.0151420058595	0.0158417810019	2.33811875268e-05	0.0231795754994	-0.027562905653	0.0511782591911	0.00802694332594	-0.0331199610164	1.0	0.0605272592151	0.00861035453047	0.010439147415	-0.0353966966299	0.000486665428654	-0.0213951752405	0.0133800281028	-0.0212825873398	0.00774683440018	-0.0316687121428	-0.0401635202993	0.0393320279983	0.0306178122187	-0.0355212169137	0.00380772762507	-0.0085472049791	-0.0339964127786	-0.0203583552152	-0.00797409852009	-0.0169669773901	-0.0192125626353	-0.0213145791301	-0.00206582190668	0.0176733196914	-0.0532446305488	0.0362975205775	-0.0412910246506	-0.00496621540457	-0.0039979648454	-0.0315384589011	0.00185374724845	-0.0460670193305	0.0422895162223	0.000795664192346	0.0126880990727	0.0284125134632	0.0109711876865	0.0275835049393	-0.0492703326467	-0.00778050361086	0.0188495210115	0.0018787239846	-0.0292007396492	-0.0207860922404	-0.0260926526797	-0.0825698358535
k__Bacteria;p__Bacteroidetes;c__Bacteroidia;o__Bacteroidales;f__Rikenellaceae;g__Alistipes;s__Alistipes_obesi	-0.100094636186	0.0212868282955	-0.00402128596035	0.00274724266386	-0.0366693045794	-0.00359468271136	-0.0550706723639	-0.0151716205493	0.0113740472157	-0.00168410832421	-0.0128767327575	-0.0619294029002	0.0605272592151	1.0	0.0469506203105	0.049739091583	-0.00798550227337	-0.0162820989646	-0.044778790095	-0.021928862179	0.00461553991684	-0.0319298746168	0.00188892585521	0.0626143373157	-0.0369543978625	0.0286614210399	-0.0173487753721	-0.0422564715246	-0.0221216120786	-0.0470613777343	0.00273272365106	-0.0139316389909	0.0409944877023	0.0115905687126	-0.00454732013174	-0.0349571537162	0.0393971115341	0.0745939052608	-0.00655520488124	0.0613770279211	-0.0126167449269	0.054362755206	0.0172591964554	-0.0614008413695	-0.0489923334879	0.0341743425985	0.02584062893	-0.0133439295091	0.00282364682332	-0.0310756968543	-0.0442591226206	0.010205849664	-0.0145036472912	-0.0293182495918	-0.0453888606211	0.0163766997112	-0.0299901178609	-0.0330200983898	-0.000275429553328
k__Bacteria;p__Firmicutes;c__Clostridia;o__Clostridiales;f__Lachnospiraceae;g__;s__[Eubacterium]_rectale	0.0276049594428	-0.0139871971593	-0.0123400831419	0.0160615313885	0.0322869792563	-0.0443241044026	-0.0124953981265	0.0418270411712	-0.0210408671643	-0.0320800765175	0.0100126484693	-0.0188563610966	0.00861035453047	0.0469506203105	1.0	-0.0198378443974	-0.0123504406695	-0.00931796463013	-0.0157337267734	-0.0248275772976	0.015289472243	0.0435390717353	0.0139153411742	-0.0129618484686	-0.079088075689	0.00727750628614	-0.00659703840693	-0.00288824307342	0.00729797291302	-0.0733001817102	-0.0242580254835	-0.0208888863621	-0.0406626320281	0.0218903458184	0.0153606433553	0.0219409288864	-0.0250816544393	0.0218869336826	-0.0427296276598	-0.00567592863902	-0.0117178520361	-0.0316277284354	0.0165889891145	0.0166265998985	-0.0345045788274	0.00243213748768	-0.0409124644602	-0.00649625427586	0.00641291547732	-0.00140102793562	-0.00318726003199	0.0461632287402	-0.0142624463888	-0.0169687105093	0.0188297442041	-0.0134429696667	0.0607005447841	-0.0244310008605	-0.0738742719988
k__Bacteria;p__Bacteroidetes;c__Bacteroidia;o__Bacteroidales;f__Bacteroidaceae;g__Bacteroides;s__Bacteroides_plebeius	-0.0363357288291	0.0104630188036	-0.0335790400652	0.0157214078807	-0.0209051527334	0.0193325425834	0.00559032231607	-0.0100757671745	-0.000946704464236	0.0237051290412	0.0246025323406	-0.0315114369842	0.010439147415	0.049739091583	-0.0198378443974	1.0	0.00912751624409	-0.0413298678166	-0.00860062500668	0.017544634479	0.0208937707532	-0.00694110545257	-0.0486946418161	-0.0254815279067	-0.0280793509896	-0.00462456398764	-0.0472437373968	0.0314607211965	-0.0789667239705	-0.0070827106547	-0.0576181125568	0.0292497716556	-0.00821647006743	-0.0383725563396	0.0184766845013	-0.0340871189579	0.0225119112367	-0.0286876517576	0.0466644432705	0.0137401512194	0.0258904249187	-0.0472642793182	0.0564691127142	0.0219439985811	-0.0249921801783	0.00194503475382	0.00460697458087	-0.00766273021558	-0.0283915059617	-0.00261434897073	-0.00744983966341	-0.0176014149797	-0.0653171800456	0.0405976863186	-0.0639150644209	0.0200005678425	0.0264190860557	0.0266151136033	-0.074552523784
k__Bacteria;p__Bacteroidetes;c__Bacteroidia;o__Bacteroidales;f__Bacteroidaceae;g__Bacteroides;s__Bacteroides_fragilis	0.0340529817404	-0.0471619170457	0.00568619605368	0.0148335622644	-0.0131781097352	-0.00711342670583	-0.0229296908078	-0.0288934625293	0.0446783758392	0.0282549068975	0.0138673161595	0.0788456282652	-0.0353966966299	-0.00798550227337	-0.0123504406695	0.00912751624409	1.0	0.0209758316841	-0.0171147771857	-0.0478564947155	-0.0400561976634	0.00896622728793	0.0473085073976	-0.0222111647702	-0.0653801496038	-0.00259626729192	-0.0166597546817	-0.0249435378813	0.0266547861121	-0.00910011178871	-0.0283677502057	0.0536490854521	-0.00688337156114	-0.0604127128195	-0.0237408385353	-0.0688682317804	-0.0618734380936	-0.0532356115701	-0.0123849380403	-0.0948964720384	-0.0150555154542	-0.0374572881475	0.0126147291823	-0.0288162148639	-0.0665871638357	0.0227343979053	-0.053392183699	-0.0270799090243	0.00295820939494	-0.00686896101793	0.029549073664	0.000222791017034	0.0175084748691	-0.0171821648433	-0.0143715378704	0.00132726592366	0.0124852446418	-0.0429668173589	0.0476642474701
k__Bacteria;p__Proteobacteria;c__Betaproteobacteria;o__Burkholderiales;f__Sutterellaceae;g__Sutterella;s__Sutterella_wadsworthensis	0.0538073820958	-0.0609159208071	-0.0423719541944	0.0414560892764	-0.0130326239732	-0.0389584986712	0.0308121362512	0.031076858384	-0.0222815025911	0.0210880418816	0.0242162914987	-0.0662212834677	0.000486665428655	-0.0162820989646	-0.00931796463013	-0.0413298678166	0.0209758316841	1.0	0.000336321094648	-0.0591244898963	0.00902895412612	0.00573943700981	0.00593380773912	0.0144170994939	0.0130116882861	-0.0301454049102	0.0210093666576	0.0186116479287	-0.0587834786942	-0.0293629991023	0.0296868203499	0.0021236633812	-0.0688919898979	0.0286493705321	-0.0175426577729	-0.0530473759466	0.0248346405129	-0.00967837743234	0.0110120668518	-0.0168209213721	-0.021674077687	0.0248503339716	-0.0500679905428	-0.0103507570606	-0.0457980858963	-0.0448280076762	-0.0437658128778	-0.01167650551	-0.0268498057965	0.0253151627509	0.0175052938435	-0.0384328086369	0.0146129757733	0.0136700756404	0.00901830578652	0.0506210184128	-0.00724019123931	0.0222294763964	-0.0261372757479
k__Bacteria;p__Bacteroidetes;c__Bacteroidia;o__Bacteroidales;f__Porphyromonadaceae;g__Barnesiella;s__Barnesiella_intestinihominis	0.0671261861279	0.0175385090483	-0.0227115830696	-0.11079295561	-0.0287497279976	-0.0152439615595	0.00102504478505	-0.00825600522604	-0.0308573853227	-0.00567512984285	0.00976738176951	-0.041551058231	-0.0213951752405	-0.044778790095	-0.0157337267734	-0.00860062500668	-0.0171147771857	0.000336321094648	1.0	-0.00189479716323	-0.0673623515393	0.00133340952047	0.0382850750769	-0.0395741386155	-0.052712060689	-0.0122762836607	-0.0449838053671	-0.00661757695777	-0.0173169928851	-0.000870939862942	0.00523347343596	0.0119562562029	0.0225881435582	-0.0121317378501	0.0476829034554	-0.0759083183391	-0.0109248393832	-0.0198710765089	0.000483245161143	0.0259111294354	-0.00693102830371	0.0825650075078	0.00646422387758	0.000752415102392	-0.0920033386615	-0.0121157872531	-0.00741450861774	-0.0393881026302	-0.0669899524841	-0.0312634772221	-0.00960250067786	-0.0310873268531	-0.0240582376352	-0.00858930103916	0.0143222880471	0.0128154483104	-0.0653577678304	0.0257183589986	-0.0734388572721
k__Bacteria;p__Bacteroidetes;c__Bacteroidia;o__Bacteroidales;f__Odoribacteraceae;g__Odoribacter;s__Odoribacter_splanchnicus	-0.00688897213975	0.04618820412	0.0353688200295	0.0208677873642	0.0201102547743	0.00279866032995	0.00634216355017	0.0139895199735	-0.0642902467727	-0.0256988113379	-0.015664015848	0.026639471276	0.0133800281028	-0.021928862179	-0.0248275772976	0.017544634479	-0.0478564947155	-0.0591244898963	-0.00189479716323	1.0	0.0353182047264	-0.0104407890011	0.0208202284835	-0.0196733787427	-0.0313560838978	-0.0157151329535	0.0314205599101	-0.0119964871703	-0.0459856036647	0.0162667632706	0.0355601887358	-0.0372166049225	0.0271661233167	-0.0171131674748	0.020465493616	0.0246331628524	0.0142359596232	-0.0123195532948	0.0223531377459	0.0109516894742	0.026832557175	0.0017652789843	0.043750456726	-0.0250231637013	-0.0110574310403	0.00911549435053	-0.00314517659404	0.00648702217408	-0.0309893746196	-0.0934974185939	0.0337287989887	-0.0300330398387	-0.00450989896536	-0.0436620261608	-0.0146623037214	-0.0145457991724	-0.0178821977224	0.0306619933654	-0.0188105552004
k__Bacteria;p__Bacteroidetes;c__Bacteroidia;o__Bacteroidales;f__Bacteroidaceae;g__Bacteroides;s__Bacteroides_salyersiae	6.06553866865e-05	0.0458517741736	0.0279570941282	-0.00614022117208	-0.0345606476767	0.00682481147175	-0.0577390235431	-0.0208212099981	-0.0141883428263	-0.0662659774505	-0.0153423176912	-0.0644299643402	-0.0212825873398	0.00461553991684	0.015289472243	0.0208937707532	-0.0400561976634	0.00902895412612	-0.0673623515393	0.0353182047264	1.0	-0.00132961406975	-0.00704029113278	0.0222503872994	-0.0027542718409	0.00126197199463	0.00935995703019	-0.050670637431	0.0197489853855	-0.0200272951121	0.0174103474761	0.0550409072318	0.0641363694002	0.0414252600828	0.02266461173	0.0312219835237	-0.048018975409	-0.000913300568739	-0.00539710818426	-0.0253687871605	-0.0263203838255	-0.0348129160182	0.0171615609201	0.0345430014962	-0.0562123613878	-0.036564634916	0.0445975644792	0.0334344242755	0.011807160697	-0.00586985122456	-0.0281475596201	-0.0564407468116	-0.0572485449947	0.0541797192048	-0.00818182837514	-0.0557206899887	0.0348701492031	-0.0403745736682	-0.0332143057051
k__Bacteria;p__Firmicutes;c__Clostridia;o__Clostridiales;f__Ruminococcaceae;g__Ruminiclostridium;s__[Eubacterium]_siraeum	0.0107127327141	0.0375175489338	-0.0364648828258	-0.0134131101503	0.0487629432317	-0.00683673983219	0.00876522481414	-0.0699723048538	-0.0202865389482	-0.0182755283253	-0.0496146949733	0.00925050657305	0.00774683440018	-0.0319298746168	0.0435390717353	-0.00694110545257	0.00896622728793	0.00573943700981	0.00133340952047	-0.0104407890011	-0.00132961406975	1.0	-0.0236798550765	0.00646487702026	0.00580675182009	-0.0385052695395	-0.00691069169925	0.0293900653337	0.0199598465556	0.0584116601994	-0.00690045557593	-0.0315078422343	-0.0438287816327	-0.00586739377306	0.0380136629802	-0.0227886765276	-0.0390614881307	0.00580964529349	-0.0399424143123	0.0772488178923	-0.0455169885119	0.0201007919912	0.0248156845874	-0.00499082881094	0.0142672706036	-0.03625168888	0.00309107597958	-0.0108426930356	-0.0517664296588	0.0309509478017	0.0126133501995	0.0116736726165	0.0173615939069	0.0136373594135	-0.0803613537378	-0.0139137088348	-0.00445295986927	-0.00887447231177	-0.0131602619354
k__Bacteria;p__Proteobacteria;c__Betaproteobacteria;o__Burkholderiales;f__Sutterellaceae;g__Parasutterella;s__Parasutterella_excrementihominis	0.0152600230447	-0.0133425108696	-0.0141704697709	-0.0394739869979	0.00866684800156	-0.0178640316569	0.00913251012154	0.00979271289066	0.0511782851179	-0.0534346269147	-0.0492771393397	0.0144564893615	-0.0316687121428	0.00188892585521	0.0139153411742	-0.0486946418161	0.0473085073976	0.00593380773912	0.0382850750769	0.0208202284835	-0.00704029113278	-0.0236798550765	1.0	-0.0167802470651	-0.00261733767566	-0.0617521984496	0.00642294500885	-0.015410880411	-0.051368619464	0.0056900294428	0.0277936087838	0.00709113315554	0.00770079029874	-0.0140574744038	0.000786643033226	-0.0167802059805	-0.0257236294824	-0.00662368980384	0.026097679946	-0.0357176970296	0.0306440312761	-0.026326554565	-0.0280616585705	-0.0314076319858	-0.0281618442568	0.0332367820281	0.0210928294066	-0.00362166748392	-0.0127254999653	0.00585622355514	-0.0504331462069	-0.0149301619032	-0.0451280155309	0.00660240071941	-0.0174086778575	-0.0100897291356	0.0268792440412	0.015337581077	0.0327600797183
k__Bacteria;p__Actinobacteria;c__Actinobacteria;o__Bifidobacteriales;f__Bifidobacteriaceae;g__Bifidobacterium;s__Bifidobacterium_adolescentis	0.0450641647765	-0.0715739259748	-0.0670380363179	0.0481502502424	-0.023695206073	0.00743311624979	-0.0201091791984	-0.0114494346643	0.0430164580984	0.0217074701656	-0.0344914964624	0.0527512022615	-0.0401635202993	0.0626143373157	-0.0129618484686	-0.0254815279067	-0.0222111647702	0.0144170994939	-0.0395741386155	-0.0196733787427	0.0222503872994	0.00646487702026	-0.0167802470651	1.0	-0.0531368424664	0.0120770702813	-0.0523056745639	0.00727601411288	-0.0488214781548	-0.00355146842719	-0.0356174463239	-0.0116137017097	-0.0506593812102	-0.0596670801835	-0.00194782040827	0.00858558315279	-0.00721098701542	-0.0069685419818	0.00547191414469	-0.00852619050978	-0.0192712910241	-0.0186417483289	0.0405758266687	-0.0430617454656	-0.044571387988	-0.0152669495561	0.00853748499431	-0.0210262646444	-0.0467408475834	-0.0185278790052	-0.0568602662676	0.0256032228242	0.00198069033305	-0.0109184096769	0.00187152265954	0.0128350666946	-0.0437692556782	-0.00104015930401	-0.0549713977929
k__Bacteria;p__Firmicutes;c__Clostridia;o__Clostridiales;f__Oscillospiraceae;g__Oscillibacter;s__Oscillibacter_sp._KLE_1745	-0.0145341092608	-0.035229762698	-0.000926922704611	0.00224724172681	0.0193923881322	-0.0253643028214	0.0422668223386	-0.0660406346743	-0.0178142882714	0.0312522255253	0.0278470164816	0.0258652498047	0.0393320279983	-0.0369543978625	-0.079088075689	-0.0280793509896	-0.0653801496038	0.0130116882861	-0.052712060689	-0.0313560838978	-0.0027542718409	0.00580675182009	-0.00261733767566	-0.0531368424664	1.0	-0.0336063681792	0.00264239194026	0.00257976481181	0.00463908979639	0.00138311750825	-0.0111949239165	0.0048986230773	0.0391634455966	0.051052024251	0.0134938230176	0.012455716107	0.0092712409991	-0.0305145577599	-0.00664795330992	0.00489658698552	-0.0209646054406	-0.0121059185799	0.0044030274587	0.033528409783	-0.0179029165921	-0.0273669691177	-0.00858580498109	0.00755212196505	0.00452224763132	0.012752259483	0.0380435723333	-0.000780095611359	0.0210088276888	-0.0448708967185	0.00745862591886	-0.0414555369764	-0.0221019420078	-0.0263308182295	0.00104012319324
k__Bacteria;p__Bacteroidetes;c__Bacteroidia;o__Bacteroidales;f__Bacteroidaceae;g__Bacteroides;s__Bacteroides_coprophilus	-0.0443451659999	0.0388520881521	-0.0067479520144	0.00150816149669	-0.00874358956949	0.000473480418337	-0.0016625798515	-0.0246301614086	-0.022232952057	0.0101801565898	0.015825431854	0.0475892522969	0.0306178122187	0.0286614210399	0.00727750628614	-0.00462456398764	-0.00259626729192	-0.0301454049102	-0.0122762836607	-0.0157151329535	0.00126197199463	-0.0385052695395	-0.0617521984496	0.0120770702813	-0.0336063681792	1.0	-0.00663842630211	0.0192234620362	-0.038764131993	-0.00782459269015	-0.0445747053268	-0.0450889231053	-0.0430545999796	-0.0534257409393	-0.0462000808485	-0.0532373778473	-0.00428748102182	-0.0236325347435	0.00463129182427	-0.0851685509545	0.0471275990288	-0.0147790106762	-0.0503616151206	0.0427028603135	-0.010283412921	-0.0270450867381	-0.0593273252774	0.00808212907803	0.00320417966604	-0.00649996389928	0.00825316763481	0.0323241063381	0.0556654565486	0.0519317169616	-0.0107853033261	0.0161743043684	-0.0339540038678	-0.0216436856605	-0.0134527985775
k__Bacteria;p__Firmicutes;c__Clostridia;o__Clostridiales;f__Lachnospiraceae;g__Roseburia;s__Roseburia_intestinalis	0.0321086123707	-0.0099383645061	0.0152713578277	-0.00491618865912	0.00535905919214	-0.017186982169	-0.0387961738454	-0.0503603602527	0.0230795823604	0.00314488454156	-0.060189216899	-0.000789554529586	-0.0355212169137	-0.0173487753721	-0.00659703840693	-0.0472437373968	-0.0166597546817	0.0210093666576	-0.0449838053671	0.0314205599101	0.00935995703019	-0.00691069169925	0.00642294500885	-0.0523056745639	0.00264239194026	-0.00663842630211	1.0	-0.00315827109696	-0.00452803551967	-0.026983535648	-0.0257362585974	0.0240696018079	0.0479573198704	-0.0490733135808	-0.0265914947575	0.0446461040133	-0.000430840595765	0.0290328545799	0.0512762011791	0.0173710950016	-0.013793517296	-0.0173065259448	-0.00337939969348	-0.0277025113781	0.000271251951416	-0.00178695556094	-0.042637390502	-0.00699419604109	-0.0122925812491	0.055758543176	0.0459575705425	0.0938659079177	-0.0230958367005	-0.0327991839763	0.0055000509902	0.0484919291982	-0.0375384475769	-0.0331135793491	-0.00768088236424
k__Bacteria;p__Firmicutes;c__Clostridia;o__Clostridiales;f__Lachnospiraceae;g__Roseburia;s__Roseburia_hominis	-0.0159583735026	-0.00443017932225	0.0231706394578	-0.0035507631135	0.00669216301868	-0.0163518824713	0.0102734178828	0.0125917625684	0.0151434252682	-0.0268168163759	0.0205148280225	-0.0192710363708	0.00380772762507	-0.0422564715246	-0.00288824307342	0.0314607211965	-0.0249435378813	0.0186116479287	-0.00661757695777	-0.0119964871703	-0.050670637431	0.0293900653337	-0.015410880411	0.00727601411288	0.00257976481181	0.0192234620362	-0.00315827109696	1.0	-0.0115255758017	-0.015103154782	-0.0211076222311	0.0232530648407	-0.0230051185468	-0.0335796717784	0.00998923744782	-0.035256487522	-0.0345097010425	0.00156665255334	-0.00265282036491	0.00691312551586	-0.0577837432638	-0.00392293017412	0.00441130661959	-0.0618377344177	-0.000706082194737	-0.0094436005696	-0.0410020617777	-0.00924849345243	0.0158855693164	-0.00852250993598	-0.00311417366494	0.00963224194092	0.00162523637254	0.0167124915635	-0.0555075718758	-0.0275970287621	0.0374581822218	-0.109581249817	-0.000151720784163
k__Bacteria;p__Bacteroidetes;c__Bacteroidia;o__Bacteroidales;f__Porphyromonadaceae;g__Parabacteroides;s__Parabacteroides_johnsonii	0.0052490129964	-0.0299915786579	0.0209368242146	-0.0596494028185	-0.000133725733739	-0.0081682479168	0.0464256378959	0.0435053994164	-0.0197349622788	-0.0175937729648	-0.00706619472362	-0.00121451936146	-0.0085472049791	-0.0221216120786	0.00729797291302	-0.0789667239705	0.0266547861121	-0.0587834786942	-0.0173169928851	-0.0459856036647	0.0197489853855	0.0199598465556	-0.051368619464	-0.0488214781548	0.00463908979639	-0.038764131993	-0.00452803551967	-0.0115255758017	1.0	-0.0076519649805	-0.0019042556538	-0.0183474645673	0.0493080074968	0.00010311012111	0.0535081548209	-0.0513884078443	0.0340785942811	0.0468355057564	-0.0106115545226	0.0242825759153	-0.0338140951604	-0.0045364905577	0.00211883737478	-0.0180941522086	-0.0263478067363	0.0639336331351	0.0207065935233	-0.012599814534	-0.0208960933924	0.0198617825277	-0.0300127539193	0.0340404841959	-0.0170117035999	-0.0174303834337	0.0102419670989	0.078035786324	-0.0302155723192	-0.0516920432762	0.0229782549476
