#taxonomy	k__Bacteria;p__Bacteroidetes;c__Bacteroidia;o__Bacteroidales;f__Bacteroidaceae;g__Bacteroides;s__Bacteroides_vulgatus	k__Bacteria;p__Bacteroidetes;c__Bacteroidia;o__Bacteroidales;f__Bacteroidaceae;g__Bacteroides;s__Bacteroides_uniformis	k__Bacteria;p__Bacteroidetes;c__Bacteroidia;o__Bacteroidales;f__Rikenellaceae;g__Alistipes;s__Alistipes_putredinis	k__Bacteria;p__Bacteroidetes;c__Bacteroidia;o__Bacteroidales;f__Prevotellaceae;g__Prevotella;s__Prevotella_copri	k__Bacteria;p__Bacteroidetes;c__Bacteroidia;o__Bacteroidales;f__Bacteroidaceae;g__Bacteroides;s__Bacteroides_stercoris	k__Bacteria;p__Bacteroidetes;c__Bacteroidia;o__Bacteroidales;f__Bacteroidaceae;g__Bacteroides;s__Bacteroides_ovatus	k__Bacteria;p__Bacteroidetes;c__Bacteroidia;o__Bacteroidales;f__Rikenellaceae;g__Alistipes;s__Alistipes_shahii	k__Bacteria;p__Firmicutes;c__Clostridia;o__Clostridiales;f__Ruminococcaceae;g__Faecalibacterium;s__Faecalibacterium_prausnitzii	k__Bacteria;p__Bacteroidetes;c__Bacteroidia;o__Bacteroidales;f__Rikenellaceae;g__Alistipes;s__Alistipes_finegoldii	k__Bacteria;p__Bacteroidetes;c__Bacteroidia;o__Bacteroidales;f__Porphyromonadaceae;g__Parabacteroides;s__Parabacteroides_distasonis	k__Bacteria;p__Bacteroidetes;c__Bacteroidia;o__Bacteroidales;f__Bacteroidaceae;g__Bacteroides;s__Bacteroides_thetaiotaomicron	k__Bacteria;p__Bacteroidetes;c__Bacteroidia;o__Bacteroidales;f__Bacteroidaceae;g__Bacteroides;s__Bacteroides_coprocola	k__Bacteria;p__Bacteroidetes;c__Bacteroidia;o__Bacteroidales;f__Bacteroidaceae;g__Bacteroides;s__Bacteroides_cellulosilyticus	k__Bacteria;p__Bacteroidetes;c__Bacteroidia;o__Bacteroidales;f__Rikenellaceae;g__Alistipes;s__Alistipes_obesi	k__Bacteria;p__Firmicutes;c__Clostridia;o__Clostridiales;f__Lachnospiraceae;g__;s__[Eubacterium]_rectale	k__Bacteria;p__Bacteroidetes;c__Bacteroidia;o__Bacteroidales;f__Bacteroidaceae;g__Bacteroides;s__Bacteroides_plebeius	k__Bacteria;p__Bacteroidetes;c__Bacteroidia;o__Bacteroidales;f__Bacteroidaceae;g__Bacteroides;s__Bacteroides_fragilis	k__Bacteria;p__Proteobacteria;c__Betaproteobacteria;o__Burkholderiales;f__Sutterellaceae;g__Sutterella;s__Sutterella_wadsworthensis	k__Bacteria;p__Bacteroidetes;c__Bacteroidia;o__Bacteroidales;f__Porphyromonadaceae;g__Barnesiella;s__Barnesiella_intestinihominis	k__Bacteria;p__Bacteroidetes;c__Bacteroidia;o__Bacteroidales;f__Odoribacteraceae;g__Odoribacter;s__Odoribacter_splanchnicus	k__Bacteria;p__Bacteroidetes;c__Bacteroidia;o__Bacteroidales;f__Bacteroidaceae;g__Bacteroides;s__Bacteroides_salyersiae	k__Bacteria;p__Firmicutes;c__Clostridia;o__Clostridiales;f__Ruminococcaceae;g__Ruminiclostridium;s__[Eubacterium]_siraeum	k__Bacteria;p__Proteobacteria;c__Betaproteobacteria;o__Burkholderiales;f__Sutterellaceae;g__Parasutterella;s__Parasutterella_excrementihominis	k__Bacteria;p__Actinobacteria;c__Actinobacteria;o__Bifidobacteriales;f__Bifidobacteriaceae;g__Bifidobacterium;s__Bifidobacterium_adolescentis	k__Bacteria;p__Firmicutes;c__Clostridia;o__Clostridiales;f__Oscillospiraceae;g__Oscillibacter;s__Oscillibacter_sp._KLE_1745	k__Bacteria;p__Bacteroidetes;c__Bacteroidia;o__Bacteroidales;f__Bacteroidaceae;g__Bacteroides;s__Bacteroides_coprophilus	k__Bacteria;p__Firmicutes;c__Clostridia;o__Clostridiales;f__Lachnospiraceae;g__Roseburia;s__Roseburia_intestinalis	k__Bacteria;p__Firmicutes;c__Clostridia;o__Clostridiales;f__Lachnospiraceae;g__Roseburia;s__Roseburia_hominis	k__Bacteria;p__Bacteroidetes;c__Bacteroidia;o__Bacteroidales;f__Porphyromonadaceae;g__Parabacteroides;s__Parabacteroides_johnsonii	k__Bacteria;p__Actinobacteria;c__Actinobacteria;o__Bifidobacteriales;f__Bifidobacteriaceae;g__Bifidobacterium;s__Bifidobacterium_longum	k__Bacteria;p__Firmicutes;c__Clostridia;o__Clostridiales;f__;g__Flavonifractor;s__Flavonifractor_plautii	k__Bacteria;p__Firmicutes;c__Clostridia;o__Clostridiales;f__Clostridiaceae;g__Clostridium;s__Clostridium_phoceensis	k__Bacteria;p__Verrucomicrobia;c__Verrucomicrobiae;o__Verrucomicrobiales;f__Akkermansiaceae;g__Akkermansia;s__Akkermansia_muciniphila	k__Bacteria;p__Bacteroidetes;c__Bacteroidia;o__Bacteroidales;f__Prevotellaceae;g__Paraprevotella;s__Paraprevotella_xylaniphila	k__Bacteria;p__Firmicutes;c__Clostridia;o__Clostridiales;f__Ruminococcaceae;g__Ruminococcus;s__Ruminococcus_callidus	k__Bacteria;p__Bacteroidetes;c__Bacteroidia;o__Bacteroidales;f__Rikenellaceae;g__Alistipes;s__Alistipes_senegalensis	k__Bacteria;p__Firmicutes;c__Clostridia;o__Clostridiales;f__Lachnospiraceae;g__Blautia;s__Blautia_sp._KLE_1732	k__Bacteria;p__Bacteroidetes;c__Bacteroidia;o__Bacteroidales;f__Bacteroidaceae;g__Bacteroides;s__Bacteroides_oleiciplenus	k__Bacteria;p__Firmicutes;c__Clostridia;o__Clostridiales;f__Ruminococcaceae;g__Ruminococcus;s__Ruminococcus_bicirculans	k__Bacteria;p__Bacteroidetes;c__Bacteroidia;o__Bacteroidales;f__Bacteroidaceae;g__Bacteroides;s__Bacteroides_fluxus	k__Bacteria;p__Bacteroidetes;c__Bacteroidia;o__Bacteroidales;f__Prevotellaceae;g__Prevotella;s__Prevotella_stercorea	k__Bacteria;p__Firmicutes;c__Clostridia;o__Clostridiales;f__Lachnospiraceae;g__Dorea;s__Dorea_longicatena	k__Bacteria;p__Firmicutes;c__Clostridia;o__Clostridiales;f__Eubacteriaceae;g__Eubacterium;s__[Eubacterium]_eligens	k__Bacteria;p__Firmicutes;c__Clostridia;o__Clostridiales;f__Ruminococcaceae;g__;s__Ruminococcaceae_bacterium_D16	k__Bacteria;p__Firmicutes;c__Clostridia;o__Clostridiales;f__Lachnospiraceae;g__Coprococcus;s__Coprococcus_comes	k__Bacteria;p__Proteobacteria;c__Gammaproteobacteria;o__Enterobacterales;f__Enterobacteriaceae;g__Escherichia;s__Escherichia_coli	k__Bacteria;p__Firmicutes;c__Clostridia;o__Clostridiales;f__Ruminococcaceae;g__Anaerotruncus;s__Anaerotruncus_colihominis	k__Bacteria;p__Firmicutes;c__Clostridia;o__Clostridiales;f__Lachnospiraceae;g__Blautia;s__Blautia_obeum	k__Bacteria;p__Bacteroidetes;c__Bacteroidia;o__Bacteroidales;f__Odoribacteraceae;g__Odoribacter;s__Odoribacter_laneus	k__Bacteria;p__Firmicutes;c__Clostridia;o__Clostridiales;f__Ruminococcaceae;g__Ruminiclostridium;s__[Clostridium]_leptum	k__Bacteria;p__Bacteroidetes;c__Bacteroidia;o__Bacteroidales;f__Porphyromonadaceae;g__Parabacteroides;s__Parabacteroides_goldsteinii	k__Bacteria;p__Firmicutes;c__Clostridia;o__Clostridiales;f__Lachnospiraceae;g__Anaerostipes;s__Anaerostipes_hadrus	k__Bacteria;p__Firmicutes;c__Clostridia;o__Clostridiales;f__Ruminococcaceae;g__Ruminococcus;s__Ruminococcus_lactaris	k__Bacteria;p__Firmicutes;c__Clostridia;o__Clostridiales;f__Clostridiaceae;g__Clostridium;s__Clostridium_sp._L2-50	k__Bacteria;p__Firmicutes;c__Clostridia;o__Clostridiales;f__Clostridiaceae;g__Clostridium;s__Clostridium_sp._M62/1	k__Bacteria;p__Firmicutes;c__Clostridia;o__Clostridiales;f__;g__Intestinimonas;s__Intestinimonas_butyriciproducens	k__Bacteria;p__Actinobacteria;c__Actinobacteria;o__Bifidobacteriales;f__Bifidobacteriaceae;g__Bifidobacterium;s__Bifidobacterium_bifidum	k__Bacteria;p__Firmicutes;c__Negativicutes;o__Veillonellales;f__Veillonellaceae;g__Dialister;s__Dialister_invisus	k__Bacteria;p__Bacteroidetes;c__Bacteroidia;o__Bacteroidales;f__Bacteroidaceae;g__Bacteroides;s__Bacteroides_salanitronis
k__Bacteria;p__Bacteroidetes;c__Bacteroidia;o__Bacteroidales;f__Bacteroidaceae;g__Bacteroides;s__Bacteroides_vulgatus	1.0	0.0514238208058	-0.0129529156583	0.010055968082	-0.026811972143	-0.00662572018106	0.0104957190278	-0.0311056866583	0.00687877000485	-0.00410920331656	0.0144424341783	0.0318945661601	-0.0195446083523	0.0337572447679	0.0113703924822	-0.0121994985907	-0.0599294681259	-0.00821442984445	0.0142216695425	-0.0318157275176	0.0422615441007	0.00789532400776	-0.0353992837191	-0.0221261902616	-0.0173880678007	0.000281124897809	-0.0131727125674	-0.00787233219217	0.00473662981964	-0.0141375045503	0.0195669444653	-0.0132680335469	0.0234104789015	-0.0122754681136	-0.0512578503638	-0.00661146815718	0.0169167125167	-0.0428926806712	-0.0265703612713	-0.0401564199579	-0.0105941359501	-0.049909275284	-0.0106983135561	0.0153024010563	-0.0701210166374	0.0364692981276	0.0209321723902	0.0227941459442	-0.0617374924261	-0.0703030924081	0.00533942322126	-0.00431141243154	0.0347844575118	0.0149074972453	0.00380785122922	0.0297335369355	-0.026399867737	-0.0106968576891	0.00730292943012
k__Bacteria;p__Bacteroidetes;c__Bacteroidia;o__Bacteroidales;f__Bacteroidaceae;g__Bacteroides;s__Bacteroides_uniformis	0.0514238208058	1.0	-0.00518188880468	-0.00439599813871	0.000539905112952	0.00858515540946	-0.0805266626363	-0.0220842988699	-0.0379004834068	0.0172851032952	-0.00513264603849	-0.00627259842711	-0.0172068742876	0.0326232163394	-0.0180276137828	0.0277989333184	0.0279722254747	-0.0135106972879	-0.00527488049605	-0.0565609614328	-0.00396348712836	-0.0404595531482	-0.0346928598796	-0.0238959242542	0.0450035775271	-0.0482486800395	-0.0519355152223	-0.0434414070817	-0.0228494751635	-0.0418021985445	-0.0298229038126	0.0143246811632	-0.0317154711027	0.0239049424227	0.0484828008484	0.013580409226	0.00573325885523	0.0182454229715	-0.00501722306131	-0.0315703282267	-0.0122877275686	0.0316061488998	-0.0217730301541	0.0503777623781	-0.0307582710025	-0.023076028983	0.0126082394703	-0.00599244233969	-0.0393082820232	0.0502284122381	-0.0272720212881	0.00772026904693	-0.036748162539	-0.00352157052606	-0.0297861327555	0.0489540772571	-0.00248741306809	0.0593952600656	0.0140092000041
k__Bacteria;p__Bacteroidetes;c__Bacteroidia;o__Bacteroidales;f__Rikenellaceae;g__Alistipes;s__Alistipes_putredinis	-0.0129529156583	-0.00518188880468	1.0	0.0226295030682	-0.0401835603078	0.0305564370381	0.0390132741417	-0.0100364803654	-0.0361588852188	0.0108504315511	-0.00302049212886	-0.0246178676433	-0.0341397888861	0.02639154621	-0.0327120813761	-0.00148367712907	0.0191807574729	0.0181406217336	0.0512911428903	-0.0226463372837	-0.0609846679662	0.0174193198892	-0.0197662466811	0.021058789628	-0.0408680164614	-0.0269706882172	-0.0515253526347	0.0236099557716	0.0512172107799	0.000600195401832	-0.0248351545888	0.039934149881	-0.0188383946679	-0.000971407994528	-0.0286226255134	0.00818882994169	-0.0233173937382	-0.0141036667193	-0.020274152618	-0.0254660048134	-0.00562974386236	0.0477527030934	0.0228471335645	-0.0255296884846	0.0403521438283	-0.0163245104714	-0.00158020681384	-0.0275087828309	0.00161814309073	0.0122331238229	-0.0132986043671	-0.0259793649073	-0.0226832383361	0.0791433864401	0.0169405688823	0.00235812669305	-0.0151823433291	0.0250560656196	0.0643542473667
k__Bacteria;p__Bacteroidetes;c__Bacteroidia;o__Bacteroidales;f__Prevotellaceae;g__Prevotella;s__Prevotella_copri	0.010055968082	-0.00439599813871	0.0226295030682	1.0	0.0166520967367	0.0351150084735	-0.00561888361864	-0.00427921161716	0.0335409443105	0.0382979154169	-0.0288752537067	-0.00721814545407	-0.0141984893381	0.0121612355225	-0.0243107810732	-0.0152724560377	0.0558706953482	-0.0299130371615	-0.00207263873522	-0.0576307989472	-0.0184735846895	0.0544805855346	0.0315973278552	-0.0706207065783	-0.0016496845776	0.0165423938529	0.00966389095704	0.0358244208775	-0.0211871069627	-0.0657641402299	-0.00568589243003	0.00551626768883	-0.00420676603551	-0.0253282914485	-0.0318999732855	0.00141460611263	-0.0789579236919	-0.0417278640355	-0.0222314635802	-0.0417928413816	-0.00865181899022	0.0136286479936	-0.0158753269654	0.0391463518485	-0.025446950179	-0.00530691080842	-0.01965529987	-0.0258031757775	0.0141851072556	-0.0714937493437	-0.0185754440053	0.0380275125589	-0.0248126399493	-0.0396227313807	-0.0206378611347	-0.00627646537464	0.0232764832237	0.0324949276732	-0.0309563434967
k__Bacteria;p__Bacteroidetes;c__Bacteroidia;o__Bacteroidales;f__Bacteroidaceae;g__Bacteroides;s__Bacteroides_stercoris	-0.026811972143	0.000539905112952	-0.0401835603078	0.0166520967367	1.0	-0.0103425278638	-0.0399972873541	-0.0344591123295	-0.010559275474	-0.0107292158608	0.00165520473052	0.0593547770985	-0.0156528678393	0.0544972756579	0.0340127201974	-0.00876923450373	-0.00325883713479	-0.0426273577726	-0.000557697944643	-0.0160820138943	-0.0228003649406	-0.0109249499049	-0.0376904409521	-0.0320111456009	-0.0546209055365	-0.0301933435207	0.0275377556628	0.0118047988677	0.0150791006012	0.00932520107029	0.0169333985378	0.0366125470234	0.00707890577628	-0.00569080800183	-0.029633405222	0.00960145569596	-0.0146272167656	0.0846592137298	-0.0044311802792	0.00762899381043	-0.0195122678388	-0.0393709632184	0.0214244811705	0.00978350900987	-0.0476922977112	-0.00288302782821	0.0371722810322	0.0381673506721	-0.00166918125555	0.0301148597094	0.0384767151488	0.0191631391815	-0.0213381183272	0.0316735536997	-0.0158619529241	-0.00272649835608	0.0319044136907	-0.0639087223569	-0.0404666779515
k__Bacteria;p__Bacteroidetes;c__Bacteroidia;o__Bacteroidales;f__Bacteroidaceae;g__Bacteroides;s__Bacteroides_ovatus	-0.00662572018106	0.00858515540946	0.0305564370381	0.0351150084735	-0.0103425278638	1.0	-0.00497964810853	0.0156074545531	-0.0351638293676	-0.0017094108411	0.0159546133265	0.0364815171055	0.0346446403384	-0.0255649537219	0.0183843928905	-0.008656881612	0.0203761071648	-0.0636700933141	0.00701396041953	0.029878311202	-0.0110322617105	-0.0255276632296	0.0188330457027	-0.0281426719985	0.00968201483462	0.0184732979738	-0.0381171719688	0.0195591850256	0.0130314464256	-0.00118554105512	-0.042261482606	0.00398846935861	0.00147108390548	0.0467472931857	-0.02130055923	0.0174171120266	-0.0416465953138	-0.027175757285	0.0158046059025	-0.0200915859786	0.0136459557805	-0.00802391037072	-0.0130702274437	-0.0179904074091	-0.0325560458539	-0.00732968256623	0.00852175824504	0.0310085888375	0.00668638185292	0.00990465333134	0.0135624903773	-0.0527636232672	-0.0398882576491	-0.0282807393728	-0.0630085089323	-0.0492680912999	0.0169471706176	-0.0741199754705	0.0474310787263
k__Bacteria;p__Bacteroidetes;c__Bacteroidia;o__Bacteroidales;f__Rikenellaceae;g__Alistipes;s__Alistipes_shahii	0.0104957190278	-0.0805266626363	0.0390132741417	-0.00561888361864	-0.0399972873541	-0.00497964810853	1.0	-0.00781034715195	0.0612070570186	-0.0113051462301	-0.0306485453186	0.0101666696496	-0.00371712870118	-0.0463785736588	-0.0200620288658	-0.0265422734649	-0.0606738294046	0.0144538386315	0.0224876500481	0.0297896384682	-0.0429791295162	0.00282750276249	-0.036054143504	-0.0202556670565	-0.00617552929288	0.0309405464915	0.0360909880026	-0.0204903839331	-0.0328659774096	-0.0299442688447	0.0164199807683	-0.0288521022082	-0.0160176575249	-0.0209704337442	-0.0327647256617	-0.0467604783127	-0.0303319963716	0.00323614095644	-0.011850281451	0.010762347213	0.00392832999865	-0.0100419743909	0.0664010784448	-0.020434066121	-0.0331572879835	0.0510825816975	-0.0249737805179	0.00230513305131	0.000415019410227	-0.0446154194439	-0.0714676036939	0.0112003162086	0.0252625299071	-0.00879864527418	-0.0163095229711	0.0255069320395	-0.00493530766587	0.0156632408702	0.0649146344143
k__Bacteria;p__Firmicutes;c__Clostridia;o__Clostridiales;f__Ruminococcaceae;g__Faecalibacterium;s__Faecalibacterium_prausnitzii	-0.0311056866583	-0.0220842988699	-0.0100364803654	-0.00427921161716	-0.0344591123295	0.0156074545531	-0.00781034715195	1.0	-0.0224137820676	-0.00708545991202	0.00473618575185	-0.0476561609129	-0.0140791344951	0.0189906381222	0.0352058883235	-0.0333216742063	-0.0454813383542	-0.03219132279	-0.0539488735034	-0.0419597300792	0.0343705404813	0.0385314915261	-0.0179033743521	-0.0158019523436	0.0165265072666	0.00556378486123	0.0266632863565	-0.0425549474924	-0.000907345258124	-0.0532448759094	-0.0709887047973	-0.0583454574137	-0.0437107319463	0.0412264813079	-0.0237003466929	-0.0168682703588	-0.0297903994625	-0.0679167603619	0.0581385473384	0.0453447852108	-0.0230282568483	0.0143873628343	-0.0259906316122	-0.0445125185885	-0.0170869562969	0.0419513085412	0.0237757809333	-0.0300892198332	-0.0388783621918	-0.0114732843893	-0.00482569624942	0.0306270243769	-0.0244454934564	0.00672446289992	-0.0557719512361	0.00192680131937	-0.00583097914715	-0.00979732064607	0.000180744648959
k__Bacteria;p__Bacteroidetes;c__Bacteroidia;o__Bacteroidales;f__Rikenellaceae;g__Alistipes;s__Alistipes_finegoldii	0.00687877000485	-0.0379004834068	-0.0361588852188	0.0335409443105	-0.010559275474	-0.0351638293676	0.0612070570186	-0.0224137820676	1.0	-0.0333114101256	-0.0293962422843	0.0120269585253	0.0144021934594	-0.0105585343344	0.0349616899873	-0.00946610814531	-0.0160136090153	0.0197483954011	-0.0235703488089	-0.025023812327	-0.028037586	-0.0284364738926	0.0209506309211	-0.0563776352834	-0.0070132878541	0.0263382936085	-0.00526979741373	-0.000588308126838	-0.0714922697158	-0.0197671485183	-0.0131091953457	0.051275730328	-0.0176998595241	0.0302527343635	-0.0376992941292	-0.0551205206832	-0.0223395774174	-0.0403865168758	0.00743538416208	-0.00447542320727	-0.00516416894294	0.0423798560451	0.0687922687221	0.0318528317054	-0.0112126625053	-0.0345789503693	-0.0197558349946	-0.0104961301637	-0.00615454694448	-0.0164926924588	-0.0388281493622	-0.0645967745889	-0.00452347243304	0.00695417947602	0.00212548933486	-0.0366389334465	-0.00382779096789	-0.0414467126727	-0.0244885833844
k__Bacteria;p__Bacteroidetes;c__Bacteroidia;o__Bacteroidales;f__Porphyromonadaceae;g__Parabacteroides;s__Parabacteroides_distasonis	-0.00410920331656	0.0172851032952	0.0108504315511	0.0382979154169	-0.0107292158608	-0.0017094108411	-0.0113051462301	-0.00708545991202	-0.0333114101256	1.0	-0.0168277543138	0.0311442407059	0.00587950997014	0.0275912447134	0.0214035769233	-0.0561111801974	0.0513728933792	-0.0267644072404	0.0313921457783	-0.0226471999931	0.0407781489009	-0.0171524313959	-0.00513676520406	-0.0440126016921	0.00403751078295	0.0594370160346	0.0280768156957	-0.065262488918	0.00268074940958	-0.0235458509602	-0.00986310038911	0.0483715728344	-0.0242756661656	0.0229694396524	-0.0118383827797	0.0205127263971	-0.0221613737719	-0.0402226582353	0.0120764863756	-0.050459083212	-0.0127774136617	0.00583526283849	-0.000606130052539	-0.0136938396636	-0.0145557125776	-0.0488665450021	0.00112549579845	0.0194424290602	-0.04251257305	0.0305653067185	-0.0202570527419	-0.0741633001875	-0.020931453496	0.00496585997094	0.00775094967882	-0.0271687699675	-0.0258100983872	0.0196365612771	0.000678126531237
k__Bacteria;p__Bacteroidetes;c__Bacteroidia;o__Bacteroidales;f__Bacteroidaceae;g__Bacteroides;s__Bacteroides_thetaiotaomicron	0.0144424341783	-0.00513264603849	-0.00302049212886	-0.0288752537067	0.00165520473052	0.0159546133265	-0.0306485453186	0.00473618575185	-0.0293962422843	-0.0168277543138	1.0	-0.0129805709499	-0.0278646765179	-0.034785786057	0.00299256723988	-0.0113228814474	-0.022496124871	0.0491204236784	-0.0236371978719	0.0128453903495	-0.0131086389464	-0.00358384813808	0.0397847783802	0.00372773235484	0.0457046326931	-0.00255791573353	-0.0213474272744	-0.0530500987852	-0.0288765597692	-0.00164806383288	-0.0110824850816	-0.0234935975761	-0.00117134214515	-0.0350295680665	-0.0395344636514	-0.0388029387558	-0.0555234255893	0.0188460691277	-0.0066155728584	0.0368738429306	0.0678851995354	-0.00922432625332	0.0208171794768	-0.0165864235861	0.0660468165198	0.00726889252676	-0.0083457754528	-0.0469498728783	-0.0363144950158	-0.00466818021233	0.0237248079526	-0.0134447244214	0.0333763911243	-0.0174725061788	-0.022510281112	-0.00174006357208	0.00136897563171	0.0232331749582	-0.0330972558454
k__Bacteria;p__Bacteroidetes;c__Bacteroidia;o__Bacteroidales;f__Bacteroidaceae;g__Bacteroides;s__Bacteroides_coprocola	0.0318945661601	-0.00627259842711	-0.0246178676433	-0.00721814545407	0.0593547770985	0.0364815171055	0.0101666696496	-0.0476561609129	0.0120269585253	0.0311442407059	-0.0129805709499	1.0	-0.023249711048	-0.0219000953256	-0.0259177413855	-0.00344361300698	0.0131440415023	0.0229908672405	0.0275029353565	0.0163070603612	0.00405357442453	-0.00894688727415	0.0230586110227	-0.00125759908902	-0.0380756504793	-0.0216953513723	0.0561262349085	-0.0116486885852	-0.00517886961635	0.00862666021487	-0.0463234469173	-0.042558339581	-0.0199280356759	0.0200404215707	-0.0167530075112	0.0125173093276	-0.00400143164235	-0.0569918507397	0.00797775676798	0.0114124821799	-0.0320479697021	-0.0409502190568	-0.00149542532752	-0.0243409337001	0.0176866805691	-0.00816410414137	0.0375046764505	0.0412784246938	0.0225757480107	-6.18357737947e-05	-0.0596010584723	0.0201732852885	-0.00885768854272	-0.021381278641	-0.00416309558041	-0.00884893085097	-0.0286472390473	-0.0531893008235	-0.00695285100516
k__Bacteria;p__Bacteroidetes;c__Bacteroidia;o__Bacteroidales;f__Bacteroidaceae;g__Bacteroides;s__Bacteroides_cellulosilyticus	-0.0195446083523	-0.0172068742876	-0.0341397888861	-0.0141984893381	-0.0156528678393	0.0346446403384	-0.00371712870118	-0.0140791344951	0.0144021934594	0.00587950997014	-0.0278646765179	-0.023249711048	1.0	-0.0175907209804	0.0203197987101	0.0223383021016	-0.0225295771631	0.0301552773568	-0.00377635483104	0.0255143058385	0.0078932486824	-0.0128598585027	-0.00722647349186	0.0258846581401	0.00938837611709	0.0195254332556	0.0112319338657	-0.0377067105814	-0.0195275547552	0.0248949632555	-0.0114064080754	-0.0579642357937	0.017902074989	0.042277258221	0.0608812728152	-0.0253571696751	-0.0129756622552	0.04614462081	-0.00766344578488	0.00411689138404	-0.0487054504091	-0.0079360405271	0.0318296251044	-0.0523612045291	0.00805730336188	0.0368069978793	-0.0168087772034	-0.0161293125375	0.0794134622162	0.00268797716828	0.00150428806544	0.0211142573952	-0.00158744488376	-0.00211998644725	0.021314458782	0.0179930657904	0.0241580716209	-0.0334719457685	-0.0195979791802
k__Bacteria;p__Bacteroidetes;c__Bacteroidia;o__Bacteroidales;f__Rikenellaceae;g__Alistipes;s__Alistipes_obesi	0.0337572447679	0.0326232163394	0.02639154621	0.0121612355225	0.0544972756579	-0.0255649537219	-0.0463785736588	0.0189906381222	-0.0105585343344	0.0275912447134	-0.034785786057	-0.0219000953256	-0.0175907209804	1.0	0.0229230403884	0.0210480245621	0.00176764930021	-0.0314846053242	0.0285145612999	-0.00483157342154	-0.0759739753853	0.017774415428	0.0493514748445	-0.0147653670771	-0.0224029245727	-0.0459648061235	-0.0073648310047	-0.00748685992655	-0.0457809799983	-0.0405365689403	-0.0806140629657	0.0115047324624	-0.00277406512339	-0.022048460774	-0.0256619213647	0.0138759794228	0.0260498719434	-0.0346863168644	0.0385163344369	0.0105163976394	-0.00191469660953	0.0575721456365	0.00477771961207	-0.00572087327147	-0.00323833303354	0.000669715426991	0.00543672596435	-0.0396615587013	-0.0628490198078	0.00657723553976	-0.0168563003871	-0.0323277918799	-0.0362178432078	0.0234923403873	0.0511433135343	-0.0365438396773	0.0128965956496	-0.0290943619454	-0.0100462394327
k__Bacteria;p__Firmicutes;c__Clostridia;o__Clostridiales;f__Lachnospiraceae;g__;s__[Eubacterium]_rectale	0.0113703924822	-0.0180276137828	-0.0327120813761	-0.0243107810732	0.0340127201974	0.0183843928905	-0.0200620288658	0.0352058883235	0.0349616899873	0.0214035769233	0.00299256723988	-0.0259177413855	0.0203197987101	0.0229230403884	1.0	-0.0447071657345	0.0485389983414	-0.0748276732449	0.0384756416744	-0.0274884300538	0.00630767544835	0.0281557506124	-0.00900100267073	-0.00454978352805	-0.0314575983884	0.00359183090918	-0.0242520800566	-0.0502328109723	-0.0361421440222	-0.0364854521641	0.0145560417459	-0.0142347610864	-0.0136805007788	0.0160831361814	0.0325885162388	-0.037768187275	0.0111544644783	0.0460850544988	0.0176347595437	0.00169487252502	-0.0217745597734	-0.00896536982427	-0.0489100247709	0.0107701392006	0.00833169519054	0.0140795752268	-0.0321964543884	0.00179114020741	-0.0205344092603	-0.0444128458677	0.0315003044954	0.00609632216985	0.0229309200335	-0.0049478278618	0.00444921502958	-0.0231041280991	0.0138569928221	-0.0297833811051	0.0560444207487
k__Bacteria;p__Bacteroidetes;c__Bacteroidia;o__Bacteroidales;f__Bacteroidaceae;g__Bacteroides;s__Bacteroides_plebeius	-0.0121994985907	0.0277989333184	-0.00148367712907	-0.0152724560377	-0.00876923450373	-0.008656881612	-0.0265422734649	-0.0333216742063	-0.00946610814531	-0.0561111801974	-0.0113228814474	-0.00344361300698	0.0223383021016	0.0210480245621	-0.0447071657345	1.0	0.00815078732113	0.0183484869794	-0.044139806244	0.0164716693599	0.00804425489243	-0.0270986015573	0.0230839955072	0.0231251749554	0.00757974266618	-0.0256982081133	-0.0818536528266	-0.00383660654679	0.0468895753226	-0.00912715883483	-0.00664649992386	-0.028579895765	-0.0253571216558	-0.0571569462449	-0.0252808736327	-0.031445219899	-0.0326780560037	0.0753890883944	0.00442011629772	-0.0273699294033	0.0133280169215	-0.0414577783436	0.0331251653295	-0.00159128163038	0.0119192255313	0.00461979287988	-0.0394720509587	-0.0326991968384	0.030237859444	0.0060348834198	-0.025660767557	0.00628502989057	-0.0227121001132	0.0111513259294	-0.0650094371294	-0.0514172332953	-0.0222123205709	0.00383192241559	0.0539432616862
k__Bacteria;p__Bacteroidetes;c__Bacteroidia;o__Bacteroidales;f__Bacteroidaceae;g__Bacteroides;s__Bacteroides_fragilis	-0.0599294681259	0.0279722254747	0.0191807574729	0.0558706953482	-0.00325883713479	0.0203761071648	-0.0606738294046	-0.0454813383542	-0.0160136090153	0.0513728933792	-0.022496124871	0.0131440415023	-0.0225295771631	0.00176764930021	0.0485389983414	0.00815078732113	1.0	0.00752348490327	-0.0497227559455	-0.000935436935818	-0.0179257865284	0.0124085855023	0.00416029548484	0.00923597361207	-0.0161149726629	-0.0108457497344	0.0140513505038	-0.00965001923106	0.0820654303709	-0.0375538054429	-0.0202779181152	-0.0727487757098	0.0199660143389	0.00855302610411	-0.0862558664261	0.00273527724596	-0.00924333049107	-0.00245938414623	0.0415541719578	0.0153559711048	-0.0805478230631	0.0239781425171	0.0100482893302	-0.0551385217106	0.00488623123687	-0.0465564236975	-0.0128704049701	-0.00821854588514	0.000921144452249	-0.0238538311068	0.00861478844444	0.0069676050882	-0.0210213082294	-0.0615195841707	-0.029291699869	0.00705372133502	-0.035710090275	-0.0039297724483	0.0515688669714
k__Bacteria;p__Proteobacteria;c__Betaproteobacteria;o__Burkholderiales;f__Sutterellaceae;g__Sutterella;s__Sutterella_wadsworthensis	-0.00821442984445	-0.0135106972879	0.0181406217336	-0.0299130371615	-0.0426273577726	-0.0636700933141	0.0144538386315	-0.03219132279	0.0197483954011	-0.0267644072404	0.0491204236784	0.0229908672405	0.0301552773568	-0.0314846053242	-0.0748276732449	0.0183484869794	0.00752348490327	1.0	0.0136717293186	-0.00342264161998	-0.0496885211623	-0.00811195551687	-0.0308283621633	0.0122845885026	-0.0135785561739	-0.0127589989159	0.0213259346861	0.0457832060262	0.0542195855947	0.00502748760408	-0.0347063636575	0.00568520702554	0.022973391337	-0.0306694783063	-0.0283820321441	-0.0371306314626	0.00580797384912	0.00534530614653	-0.0613714324517	-0.00545580271741	0.0227573245396	-0.0684897729034	-0.0241856344718	0.0272085704218	0.0612437436854	-0.015063347105	0.0226178997402	-0.0584226339589	-0.0642405117485	0.00971204664939	-0.0258540136117	-0.0302438248975	-0.041127587952	0.0265201784642	-0.0674719775283	0.0232447161973	-0.0247721514736	-0.0318721866133	-0.0195433423845
k__Bacteria;p__Bacteroidetes;c__Bacteroidia;o__Bacteroidales;f__Porphyromonadaceae;g__Barnesiella;s__Barnesiella_intestinihominis	0.0142216695425	-0.00527488049605	0.0512911428903	-0.00207263873522	-0.000557697944643	0.00701396041953	0.0224876500481	-0.0539488735034	-0.0235703488089	0.0313921457783	-0.0236371978719	0.0275029353565	-0.00377635483104	0.0285145612999	0.0384756416744	-0.044139806244	-0.0497227559455	0.0136717293186	1.0	-0.026186099054	-0.0156499154037	0.0218215555447	0.0291342934797	-0.0231926798676	0.0493136829006	-0.0215807313463	-0.0228592031925	-0.0408886940975	-0.0108958958182	-0.00597621221827	0.0201374797148	0.0265635929818	-0.0290909091107	0.00869932272189	-0.00349291219415	0.0357686977836	-0.0259378598853	0.0252620004197	0.00124036498385	-0.0462277912972	0.0283054065568	0.0113953072178	-0.0355727202548	-0.00163089367393	0.0178298084895	0.0113424970835	-0.0017507779177	0.0552120536337	0.00439373921108	-0.0199814880756	0.0110415155084	-0.00834454516101	0.0312541562069	0.0279118131771	-0.018416315561	-0.014897753225	-0.0723447831467	-0.069981971103	-0.0511138727406
k__Bacteria;p__Bacteroidetes;c__Bacteroidia;o__Bacteroidales;f__Odoribacteraceae;g__Odoribacter;s__Odoribacter_splanchnicus	-0.0318157275176	-0.0565609614328	-0.0226463372837	-0.0576307989472	-0.0160820138943	0.029878311202	0.0297896384682	-0.0419597300792	-0.025023812327	-0.0226471999931	0.0128453903495	0.0163070603612	0.0255143058385	-0.00483157342154	-0.0274884300538	0.0164716693599	-0.000935436935818	-0.00342264161998	-0.026186099054	1.0	-0.0184336950424	-0.0137607968657	-0.0340445447027	0.0100075014505	0.0287715563271	-0.000598216612069	0.055767298233	-0.00800932763674	0.0610171668369	-0.00246926454363	0.0544846839512	0.0135210098165	0.0105727095046	-0.0758607687863	-0.0228228491878	0.0106299645975	0.0123662934096	0.0491821572777	-0.015211654341	-0.015928051888	0.0405229622648	-0.0326400097095	0.00442335384283	-0.0468673833825	-0.0363889934682	-0.0471251501041	-0.00200697956277	-0.0127157883184	-0.0167374359086	0.0580918508992	-0.025219981916	-0.0351653404543	0.0628047677983	-0.0150187414435	-0.0273835917579	-0.00545159154059	0.0230165768713	0.0331265186539	0.00501040122418
k__Bacteria;p__Bacteroidetes;c__Bacteroidia;o__Bacteroidales;f__Bacteroidaceae;g__Bacteroides;s__Bacteroides_salyersiae	0.0422615441007	-0.00396348712836	-0.0609846679662	-0.0184735846895	-0.0228003649406	-0.0110322617105	-0.0429791295162	0.0343705404813	-0.028037586	0.0407781489009	-0.0131086389464	0.00405357442453	0.0078932486824	-0.0759739753853	0.00630767544835	0.00804425489243	-0.0179257865284	-0.0496885211623	-0.0156499154037	-0.0184336950424	1.0	0.0495699043043	-0.0311433165979	-0.00411309955145	0.0921938293399	-0.0474098273532	-0.0125886622242	0.00643050851073	-0.0109225344033	0.0387820354663	-0.022291449585	0.0451341129451	0.0185026701555	-0.00485885379886	0.00278711650216	0.00591120042638	0.015191429777	-0.00449168862972	-0.0618023755093	-0.0226948716533	-0.0405074681724	-0.0608501742003	-0.000996630284044	-0.00897471640404	-0.0541229320328	0.00408084122841	-0.0124628602387	0.00745280276772	0.00721857057688	-0.0614237862791	0.0564350625501	-0.00867739088562	0.0312749436189	-0.00979502556368	-0.00313546705399	0.0268799061357	-0.0112003454567	0.0397551365527	0.0454929938078
k__Bacteria;p__Firmicutes;c__Clostridia;o__Clostridiales;f__Ruminococcaceae;g__Ruminiclostridium;s__[Eubacterium]_siraeum	0.00789532400776	-0.0404595531482	0.0174193198892	0.0544805855346	-0.0109249499049	-0.0255276632296	0.00282750276249	0.0385314915261	-0.0284364738926	-0.0171524313959	-0.00358384813808	-0.00894688727415	-0.0128598585027	0.017774415428	0.0281557506124	-0.0270986015573	0.0124085855023	-0.00811195551687	0.0218215555447	-0.0137607968657	0.0495699043043	1.0	-0.001920642016	0.0268369686004	0.030204660807	0.0414198798409	-0.0113500603252	-0.0113705606804	-0.0315662743434	-0.0237577160934	-0.0147169336129	-0.0306759614164	-0.0104945328749	0.00197836289678	-0.0040467888199	-0.0384033052914	0.0154947380647	-0.0563666510797	-0.0212350744954	0.0441778807423	-0.0225913992609	0.00430088897587	0.0210090930106	0.0398615407126	0.00408991634031	-0.0170102136392	-0.0253196989223	0.00356889992011	-0.057299404734	0.0426669781625	0.00681111146026	-0.0586955560995	0.013538171956	0.00155086370079	-0.0134519517484	0.0524769420143	0.0475654935342	0.0017567982659	-0.029178284795
k__Bacteria;p__Proteobacteria;c__Betaproteobacteria;o__Burkholderiales;f__Sutterellaceae;g__Parasutterella;s__Parasutterella_excrementihominis	-0.0353992837191	-0.0346928598796	-0.0197662466811	0.0315973278552	-0.0376904409521	0.0188330457027	-0.036054143504	-0.0179033743521	0.0209506309211	-0.00513676520406	0.0397847783802	0.0230586110227	-0.00722647349186	0.0493514748445	-0.00900100267073	0.0230839955072	0.00416029548484	-0.0308283621633	0.0291342934797	-0.0340445447027	-0.0311433165979	-0.001920642016	1.0	-0.030517344819	-0.0113076986253	-0.037224831971	-0.0226412714983	0.0413634237084	0.0159003678086	-0.00333291145126	0.0116917929073	-0.00390910951306	-0.0175748586768	0.0312515110327	0.0370583529858	-0.0179272024906	-0.00367189234368	9.24193761317e-05	-0.000526739056261	0.00907530751005	-0.0410476554509	-0.0298532129233	-0.0440318658087	-0.0142060694882	0.0479318580667	0.0671817169857	-0.0144583096602	0.00112425370087	-0.0341694267966	-0.0592522030022	-0.021193986643	0.00833623630377	0.0167636205585	0.000512901027287	-0.00663988550793	-0.0368843980945	-0.015870900523	-0.00248968344827	-0.0132362483965
k__Bacteria;p__Actinobacteria;c__Actinobacteria;o__Bifidobacteriales;f__Bifidobacteriaceae;g__Bifidobacterium;s__Bifidobacterium_adolescentis	-0.0221261902616	-0.0238959242542	0.021058789628	-0.0706207065783	-0.0320111456009	-0.0281426719985	-0.0202556670565	-0.0158019523436	-0.0563776352834	-0.0440126016921	0.00372773235484	-0.00125759908902	0.0258846581401	-0.0147653670771	-0.00454978352805	0.0231251749554	0.00923597361207	0.0122845885026	-0.0231926798676	0.0100075014505	-0.00411309955145	0.0268369686004	-0.030517344819	1.0	-0.0299865021853	-0.00596269278237	-0.0310086947044	0.0127693350731	-0.0216917199669	-0.0181127647337	-0.0283426549416	-0.0304512767869	-0.017198192062	-0.00849060865716	0.0464972304691	-0.018011531986	-0.00649269485089	0.0357087948416	-0.0189610874081	-0.0182218029585	-0.000980416789406	0.0467870269107	-0.0325861405455	-0.0594831023904	0.084620583733	-0.0233117500057	-0.0298194291236	-0.00787217326403	0.00680389808832	-0.00251402768563	-0.0403593616219	0.0136107106448	-0.0190729653616	0.00908700423559	-0.0378416284925	-0.041546585542	-0.00940596304873	-0.0327876214172	-0.0420208017249
k__Bacteria;p__Firmicutes;c__Clostridia;o__Clostridiales;f__Oscillospiraceae;g__Oscillibacter;s__Oscillibacter_sp._KLE_1745	-0.0173880678007	0.0450035775271	-0.0408680164614	-0.0016496845776	-0.0546209055365	0.00968201483462	-0.00617552929288	0.0165265072666	-0.0070132878541	0.00403751078295	0.0457046326931	-0.0380756504793	0.00938837611709	-0.0224029245727	-0.0314575983884	0.00757974266618	-0.0161149726629	-0.0135785561739	0.0493136829006	0.0287715563271	0.0921938293399	0.030204660807	-0.0113076986253	-0.0299865021853	1.0	0.0566937017664	0.0230564627707	-0.0337335371424	-0.0844211447065	-0.0442703761071	0.027562870946	-0.0895578763858	-0.081594925519	-0.0312580254726	-0.00719208087218	-0.0150689028489	-0.0426405329119	-0.0493238839135	0.0259473290115	0.00655675713195	0.0148443165907	0.0203172420138	-0.0805616639084	-0.0525565155858	0.00584235833672	-0.0295316680401	-0.0611966088935	-0.0214637918488	0.07541949918	0.0657686034517	0.0416377386157	-0.0325868676578	-0.0212730049856	0.00630845742388	-0.021320385856	-0.00123942131513	0.029058449873	0.0219442211466	0.0167657809636
k__Bacteria;p__Bacteroidetes;c__Bacteroidia;o__Bacteroidales;f__Bacteroidaceae;g__Bacteroides;s__Bacteroides_coprophilus	0.000281124897809	-0.0482486800395	-0.0269706882172	0.0165423938529	-0.0301933435207	0.0184732979738	0.0309405464915	0.00556378486123	0.0263382936085	0.0594370160346	-0.00255791573353	-0.0216953513723	0.0195254332556	-0.0459648061235	0.00359183090918	-0.0256982081133	-0.0108457497344	-0.0127589989159	-0.0215807313463	-0.000598216612069	-0.0474098273532	0.0414198798409	-0.037224831971	-0.00596269278237	0.0566937017664	1.0	-0.0075100529887	-0.0255262456533	-0.0595166780583	-0.0259355507694	-0.03328046939	0.00169554419119	0.032110960274	-0.0330024740481	0.00456260672877	-0.0113967322398	-0.0611501523357	-0.0506559171692	-0.0159598132472	0.0212547222283	0.0176625607328	0.00683730831419	0.00991332106384	0.00238158010176	-0.0332439841238	-0.00210081930346	0.0151286056525	-0.000842474972743	0.00825517274663	0.0400264289109	0.00420305627458	-0.014809414244	0.0170167296183	-0.0171323709892	0.0182189460671	0.00822734148888	0.0219276332771	0.0224802080599	-0.0145278622952
k__Bacteria;p__Firmicutes;c__Clostridia;o__Clostridiales;f__Lachnospiraceae;g__Roseburia;s__Roseburia_intestinalis	-0.0131727125674	-0.0519355152223	-0.0515253526347	0.00966389095704	0.0275377556628	-0.0381171719688	0.0360909880026	0.0266632863565	-0.00526979741373	0.0280768156957	-0.0213474272744	0.0561262349085	0.0112319338657	-0.0073648310047	-0.0242520800566	-0.0818536528266	0.0140513505038	0.0213259346861	-0.0228592031925	0.055767298233	-0.0125886622242	-0.0113500603252	-0.0226412714983	-0.0310086947044	0.0230564627707	-0.0075100529887	1.0	-0.000973926668577	0.0500809187433	-0.016292898138	0.000672084035237	-0.0236377909752	-0.0293049024441	-0.037325521182	-0.0390658419117	-0.0565084587337	-0.00497553403366	0.0266098137029	-0.0075854259114	-0.0438292311903	-0.0759833817063	0.0346324861216	-0.000708791730439	0.0480245676831	0.0267353817391	0.0316416961343	0.0154535183641	-0.078345989422	0.00805760035523	-0.00552084726081	0.0363277708531	-0.0317711120658	0.00240971141614	0.0332713865583	0.0179075004202	0.011650623056	0.00963136341064	-0.0171513973664	0.0177481067674
k__Bacteria;p__Firmicutes;c__Clostridia;o__Clostridiales;f__Lachnospiraceae;g__Roseburia;s__Roseburia_hominis	-0.00787233219217	-0.0434414070817	0.0236099557716	0.0358244208775	0.0118047988677	0.0195591850256	-0.0204903839331	-0.0425549474924	-0.000588308126838	-0.065262488918	-0.0530500987852	-0.0116486885852	-0.0377067105814	-0.00748685992655	-0.0502328109723	-0.00383660654679	-0.00965001923106	0.0457832060262	-0.0408886940975	-0.00800932763674	0.00643050851073	-0.0113705606804	0.0413634237084	0.0127693350731	-0.0337335371424	-0.0255262456533	-0.000973926668577	1.0	-0.0401292321336	-0.0282781525616	0.0329448128995	0.00431239332067	0.0462001431892	-0.0107011385529	0.0608566722991	0.0153339294053	0.0458739224183	0.0321167977078	-0.0387743560226	0.0396733123927	0.00510887112903	-0.0128419815807	0.00959199181755	0.0648090382145	-0.0235672986764	-0.036059225792	-0.0168611995522	-0.0481732164987	0.008865157168	0.00578716931581	-0.000112742833096	0.0649148177328	0.0232712118829	-0.0345123351569	-0.0101435359856	-0.0256025043503	0.0176235570988	0.0138008912659	-0.0606153692117
k__Bacteria;p__Bacteroidetes;c__Bacteroidia;o__Bacteroidales;f__Porphyromonadaceae;g__Parabacteroides;s__Parabacteroides_johnsonii	0.00473662981964	-0.0228494751635	0.0512172107799	-0.0211871069627	0.0150791006012	0.0130314464256	-0.0328659774096	-0.000907345258124	-0.0714922697158	0.00268074940958	-0.0288765597692	-0.00517886961635	-0.0195275547552	-0.0457809799983	-0.0361421440222	0.0468895753226	0.0820654303709	0.0542195855947	-0.0108958958182	0.0610171668369	-0.0109225344033	-0.0315662743434	0.0159003678086	-0.0216917199669	-0.0844211447065	-0.0595166780583	0.0500809187433	-0.0401292321336	1.0	-0.0059326317399	0.0347499611468	0.071990315428	-0.0388493701542	-0.0166947801521	-0.104844009822	-0.0144686845124	-0.00712944829393	-0.0612847022042	0.0426170619026	0.0421317016684	-0.00379521696617	-0.0110050378293	-0.0420711091467	0.0235324795334	-0.00289822949288	0.00641111813717	0.0671520877429	0.00733955893114	-0.0151912495353	-0.023941391966	-0.0130394662992	0.00678068353333	-0.0285728247696	0.0070332449723	-0.0282869884501	-0.00394214702121	0.00203474579397	-0.0394102578865	-0.0139517190016
