#taxonomy	k__Bacteria;p__Bacteroidetes;c__Bacteroidia;o__Bacteroidales;f__Bacteroidaceae;g__Bacteroides;s__Bacteroides_vulgatus	k__Bacteria;p__Bacteroidetes;c__Bacteroidia;o__Bacteroidales;f__Bacteroidaceae;g__Bacteroides;s__Bacteroides_uniformis	k__Bacteria;p__Bacteroidetes;c__Bacteroidia;o__Bacteroidales;f__Rikenellaceae;g__Alistipes;s__Alistipes_putredinis	k__Bacteria;p__Bacteroidetes;c__Bacteroidia;o__Bacteroidales;f__Prevotellaceae;g__Prevotella;s__Prevotella_copri	k__Bacteria;p__Bacteroidetes;c__Bacteroidia;o__Bacteroidales;f__Bacteroidaceae;g__Bacteroides;s__Bacteroides_stercoris	k__Bacteria;p__Bacteroidetes;c__Bacteroidia;o__Bacteroidales;f__Bacteroidaceae;g__Bacteroides;s__Bacteroides_ovatus	k__Bacteria;p__Bacteroidetes;c__Bacteroidia;o__Bacteroidales;f__Rikenellaceae;g__Alistipes;s__Alistipes_shahii	k__Bacteria;p__Firmicutes;c__Clostridia;o__Clostridiales;f__Ruminococcaceae;g__Faecalibacterium;s__Faecalibacterium_prausnitzii	k__Bacteria;p__Bacteroidetes;c__Bacteroidia;o__Bacteroidales;f__Rikenellaceae;g__Alistipes;s__Alistipes_finegoldii	k__Bacteria;p__Bacteroidetes;c__Bacteroidia;o__Bacteroidales;f__Porphyromonadaceae;g__Parabacteroides;s__Parabacteroides_distasonis	k__Bacteria;p__Bacteroidetes;c__Bacteroidia;o__Bacteroidales;f__Bacteroidaceae;g__Bacteroides;s__Bacteroides_thetaiotaomicron	k__Bacteria;p__Bacteroidetes;c__Bacteroidia;o__Bacteroidales;f__Bacteroidaceae;g__Bacteroides;s__Bacteroides_coprocola	k__Bacteria;p__Bacteroidetes;c__Bacteroidia;o__Bacteroidales;f__Bacteroidaceae;g__Bacteroides;s__Bacteroides_cellulosilyticus	k__Bacteria;p__Bacteroidetes;c__Bacteroidia;o__Bacteroidales;f__Rikenellaceae;g__Alistipes;s__Alistipes_obesi	k__Bacteria;p__Firmicutes;c__Clostridia;o__Clostridiales;f__Lachnospiraceae;g__;s__[Eubacterium]_rectale	k__Bacteria;p__Bacteroidetes;c__Bacteroidia;o__Bacteroidales;f__Bacteroidaceae;g__Bacteroides;s__Bacteroides_plebeius	k__Bacteria;p__Bacteroidetes;c__Bacteroidia;o__Bacteroidales;f__Bacteroidaceae;g__Bacteroides;s__Bacteroides_fragilis	k__Bacteria;p__Proteobacteria;c__Betaproteobacteria;o__Burkholderiales;f__Sutterellaceae;g__Sutterella;s__Sutterella_wadsworthensis	k__Bacteria;p__Bacteroidetes;c__Bacteroidia;o__Bacteroidales;f__Porphyromonadaceae;g__Barnesiella;s__Barnesiella_intestinihominis	k__Bacteria;p__Bacteroidetes;c__Bacteroidia;o__Bacteroidales;f__Odoribacteraceae;g__Odoribacter;s__Odoribacter_splanchnicus	k__Bacteria;p__Bacteroidetes;c__Bacteroidia;o__Bacteroidales;f__Bacteroidaceae;g__Bacteroides;s__Bacteroides_salyersiae	k__Bacteria;p__Firmicutes;c__Clostridia;o__Clostridiales;f__Ruminococcaceae;g__Ruminiclostridium;s__[Eubacterium]_siraeum	k__Bacteria;p__Proteobacteria;c__Betaproteobacteria;o__Burkholderiales;f__Sutterellaceae;g__Parasutterella;s__Parasutterella_excrementihominis	k__Bacteria;p__Actinobacteria;c__Actinobacteria;o__Bifidobacteriales;f__Bifidobacteriaceae;g__Bifidobacterium;s__Bifidobacterium_adolescentis	k__Bacteria;p__Firmicutes;c__Clostridia;o__Clostridiales;f__Oscillospiraceae;g__Oscillibacter;s__Oscillibacter_sp._KLE_1745	k__Bacteria;p__Bacteroidetes;c__Bacteroidia;o__Bacteroidales;f__Bacteroidaceae;g__Bacteroides;s__Bacteroides_coprophilus	k__Bacteria;p__Firmicutes;c__Clostridia;o__Clostridiales;f__Lachnospiraceae;g__Roseburia;s__Roseburia_intestinalis	k__Bacteria;p__Firmicutes;c__Clostridia;o__Clostridiales;f__Lachnospiraceae;g__Roseburia;s__Roseburia_hominis	k__Bacteria;p__Bacteroidetes;c__Bacteroidia;o__Bacteroidales;f__Porphyromonadaceae;g__Parabacteroides;s__Parabacteroides_johnsonii	k__Bacteria;p__Actinobacteria;c__Actinobacteria;o__Bifidobacteriales;f__Bifidobacteriaceae;g__Bifidobacterium;s__Bifidobacterium_longum	k__Bacteria;p__Firmicutes;c__Clostridia;o__Clostridiales;f__;g__Flavonifractor;s__Flavonifractor_plautii	k__Bacteria;p__Firmicutes;c__Clostridia;o__Clostridiales;f__Clostridiaceae;g__Clostridium;s__Clostridium_phoceensis	k__Bacteria;p__Verrucomicrobia;c__Verrucomicrobiae;o__Verrucomicrobiales;f__Akkermansiaceae;g__Akkermansia;s__Akkermansia_muciniphila	k__Bacteria;p__Bacteroidetes;c__Bacteroidia;o__Bacteroidales;f__Prevotellaceae;g__Paraprevotella;s__Paraprevotella_xylaniphila	k__Bacteria;p__Firmicutes;c__Clostridia;o__Clostridiales;f__Ruminococcaceae;g__Ruminococcus;s__Ruminococcus_callidus	k__Bacteria;p__Bacteroidetes;c__Bacteroidia;o__Bacteroidales;f__Rikenellaceae;g__Alistipes;s__Alistipes_senegalensis	k__Bacteria;p__Firmicutes;c__Clostridia;o__Clostridiales;f__Lachnospiraceae;g__Blautia;s__Blautia_sp._KLE_1732	k__Bacteria;p__Bacteroidetes;c__Bacteroidia;o__Bacteroidales;f__Bacteroidaceae;g__Bacteroides;s__Bacteroides_oleiciplenus	k__Bacteria;p__Firmicutes;c__Clostridia;o__Clostridiales;f__Ruminococcaceae;g__Ruminococcus;s__Ruminococcus_bicirculans	k__Bacteria;p__Bacteroidetes;c__Bacteroidia;o__Bacteroidales;f__Bacteroidaceae;g__Bacteroides;s__Bacteroides_fluxus	k__Bacteria;p__Bacteroidetes;c__Bacteroidia;o__Bacteroidales;f__Prevotellaceae;g__Prevotella;s__Prevotella_stercorea	k__Bacteria;p__Firmicutes;c__Clostridia;o__Clostridiales;f__Lachnospiraceae;g__Dorea;s__Dorea_longicatena	k__Bacteria;p__Firmicutes;c__Clostridia;o__Clostridiales;f__Eubacteriaceae;g__Eubacterium;s__[Eubacterium]_eligens	k__Bacteria;p__Firmicutes;c__Clostridia;o__Clostridiales;f__Ruminococcaceae;g__;s__Ruminococcaceae_bacterium_D16	k__Bacteria;p__Firmicutes;c__Clostridia;o__Clostridiales;f__Lachnospiraceae;g__Coprococcus;s__Coprococcus_comes	k__Bacteria;p__Proteobacteria;c__Gammaproteobacteria;o__Enterobacterales;f__Enterobacteriaceae;g__Escherichia;s__Escherichia_coli	k__Bacteria;p__Firmicutes;c__Clostridia;o__Clostridiales;f__Ruminococcaceae;g__Anaerotruncus;s__Anaerotruncus_colihominis	k__Bacteria;p__Firmicutes;c__Clostridia;o__Clostridiales;f__Lachnospiraceae;g__Blautia;s__Blautia_obeum	k__Bacteria;p__Bacteroidetes;c__Bacteroidia;o__Bacteroidales;f__Odoribacteraceae;g__Odoribacter;s__Odoribacter_laneus	k__Bacteria;p__Firmicutes;c__Clostridia;o__Clostridiales;f__Ruminococcaceae;g__Ruminiclostridium;s__[Clostridium]_leptum	k__Bacteria;p__Bacteroidetes;c__Bacteroidia;o__Bacteroidales;f__Porphyromonadaceae;g__Parabacteroides;s__Parabacteroides_goldsteinii	k__Bacteria;p__Firmicutes;c__Clostridia;o__Clostridiales;f__Lachnospiraceae;g__Anaerostipes;s__Anaerostipes_hadrus	k__Bacteria;p__Firmicutes;c__Clostridia;o__Clostridiales;f__Ruminococcaceae;g__Ruminococcus;s__Ruminococcus_lactaris	k__Bacteria;p__Firmicutes;c__Clostridia;o__Clostridiales;f__Clostridiaceae;g__Clostridium;s__Clostridium_sp._L2-50	k__Bacteria;p__Firmicutes;c__Clostridia;o__Clostridiales;f__Clostridiaceae;g__Clostridium;s__Clostridium_sp._M62/1	k__Bacteria;p__Firmicutes;c__Clostridia;o__Clostridiales;f__;g__Intestinimonas;s__Intestinimonas_butyriciproducens	k__Bacteria;p__Actinobacteria;c__Actinobacteria;o__Bifidobacteriales;f__Bifidobacteriaceae;g__Bifidobacterium;s__Bifidobacterium_bifidum	k__Bacteria;p__Firmicutes;c__Negativicutes;o__Veillonellales;f__Veillonellaceae;g__Dialister;s__Dialister_invisus	k__Bacteria;p__Bacteroidetes;c__Bacteroidia;o__Bacteroidales;f__Bacteroidaceae;g__Bacteroides;s__Bacteroides_salanitronis
k__Bacteria;p__Bacteroidetes;c__Bacteroidia;o__Bacteroidales;f__Bacteroidaceae;g__Bacteroides;s__Bacteroides_vulgatus	1.0	-0.0441293270916	0.0187181714578	-0.0344549807858	-0.0131337845316	0.0291153704785	0.0162628827072	-0.020612766396	0.0263973805236	-0.00465362870042	0.00451972564929	-0.0428249629027	-0.0554109529049	-0.0392099780813	-0.0171450818585	-0.0150164143078	0.0322967562207	0.00587688830906	0.00465496939312	0.00178112620783	-0.0187227373769	-0.0328543136214	0.0365054438682	-0.00498255095937	-0.0181125700991	-0.0138202754065	-0.00460917812709	0.00262132762547	0.00274315359409	-0.0267357504687	0.0143603905501	-0.0409744991229	-0.0507952463606	-0.000373276669447	0.0343132783045	-0.0237600694559	0.00369097036847	-0.00458280089327	-0.0492461414206	0.0418108017214	-0.0238975417684	-0.0279869090434	-0.0154698017683	0.014653544348	-0.00151062092192	0.0347266391657	0.0763987729504	0.0220397344758	-0.00845221729183	-0.00901203521062	-0.0128737959656	-0.0251154305741	0.0110577288043	0.0106503287205	0.0434316473807	-0.0260164157766	-0.0340322825892	-0.027734855983	-0.0488883113577
k__Bacteria;p__Bacteroidetes;c__Bacteroidia;o__Bacteroidales;f__Bacteroidaceae;g__Bacteroides;s__Bacteroides_uniformis	-0.0441293270916	1.0	-0.0177947363033	0.0193459320887	0.0449569198731	-0.0514989878971	0.0149248462964	0.0344948334867	-0.0421536595269	0.0268865084855	-0.0949298053002	0.00669896590559	0.0507410703176	0.0151584030822	0.0167434164403	0.0359806638339	-0.0453298927857	0.0157679624282	0.0162487203603	0.0168122316075	-0.0617250154882	-0.0884177023917	-0.0443893141742	-0.0428432793819	0.0208995319245	-0.000121718098806	0.0150728162271	-0.0422011280846	0.0342664709724	0.0264090172798	0.0309891400968	0.00836621733701	0.0256880977817	0.0309464488453	-0.039719218335	-0.0479343623875	-0.0286954394509	-0.053274502279	0.0452946912233	0.0155386813507	0.0113505628614	-0.0115734170968	-0.0459789879698	-0.0922052051241	0.00979857787957	-0.0153696003923	-0.0331747624658	-0.00450757826973	-0.0542523978039	-0.0634758556785	0.0171188419421	0.0238034009395	-0.0275638958278	-0.0520968083192	-0.0122871038523	0.0117694016587	0.0237981889439	0.0087776667799	0.040140691961
k__Bacteria;p__Bacteroidetes;c__Bacteroidia;o__Bacteroidales;f__Rikenellaceae;g__Alistipes;s__Alistipes_putredinis	0.0187181714578	-0.0177947363033	1.0	-0.00828007003337	-0.0446095819053	0.0242112771001	-0.00742374549789	-0.0144967299901	0.00458930120195	0.0523704339524	0.0103098290548	-0.00210338553954	-0.0879630899909	-0.0250377488591	-0.0386205888777	-0.0664264816558	-0.0299684789217	0.0239126711653	-0.0246281546214	0.0177489557783	0.0287548730983	-0.00129098262331	-0.0113030587409	0.0344144164805	-0.0529228040599	0.0387043494699	0.0318596693251	0.0264803796913	-0.00823634233521	0.0531491290812	-0.0459913532928	-0.0367943450536	0.0023910567051	0.0167517168536	0.0253496617241	-0.0495371561703	0.00619275863973	-0.0415293230818	0.00578038464624	-0.0705393804716	0.0261730249654	-0.0102264917456	-0.00161477892642	0.0311384343598	-0.00647548368392	-0.0237661120816	-0.00170522724016	0.0293011183588	-0.015250932139	0.0568713562706	-0.0146659523833	-0.0445936641045	-0.0294010692717	-0.0674122245922	0.0426392063646	-0.0566059067375	-0.00588870324504	-0.0328339503983	0.0136752622727
k__Bacteria;p__Bacteroidetes;c__Bacteroidia;o__Bacteroidales;f__Prevotellaceae;g__Prevotella;s__Prevotella_copri	-0.0344549807858	0.0193459320887	-0.00828007003337	1.0	-0.0539853747399	-0.0180399521524	-0.00626332448494	-0.0180720670513	-0.0764985980197	-0.0517222455465	-0.0339249384327	0.058561774174	-0.0443268243664	0.00460361204898	-0.0459509944534	0.0339271142918	0.0152031091427	-0.0128635386468	0.00408608600609	-0.0174166551371	0.0222187356803	0.0201988576887	0.0406537942409	0.00109448025225	-0.0136390337136	0.0288680231568	-0.0524542895103	0.020732129257	0.0165327767359	0.0329095085133	-0.031221457416	-0.00459590920458	-0.0425574609898	-0.0375590826919	-0.027305878368	-0.00896175092155	0.03785115686	-0.00893431845125	0.0576220040374	-0.00180437269239	-0.00997043710196	-0.0118488537631	-0.0297366153442	-0.0558656486236	0.00828259003147	-0.0052528425475	-0.0318775632301	-0.0303139638686	-0.0330178136181	0.0415857660401	0.0217122825491	-0.00172598406902	-0.000781688440361	-0.0492222561624	-0.0441466919892	0.0435601848753	0.00771601413482	-0.0343245444201	-0.00486368811399
k__Bacteria;p__Bacteroidetes;c__Bacteroidia;o__Bacteroidales;f__Bacteroidaceae;g__Bacteroides;s__Bacteroides_stercoris	-0.0131337845316	0.0449569198731	-0.0446095819053	-0.0539853747399	1.0	-0.00299986291949	-0.0454198963743	0.00516817940098	-0.0568498182536	-0.0666547843481	-0.0379271340434	-0.0372776035945	0.0143308055709	-0.0262155014173	-0.00243361248577	-0.017471876106	-0.0381377464765	-0.0967508463976	0.0479670153664	-0.0450391208711	-0.0166395794144	0.0164892230031	0.0583924377913	-0.067276954438	0.0070848066305	0.00758371741393	-0.00139919760991	0.00718992330806	-0.0164800429735	-0.00971230843199	-0.0106155195148	0.0134307885235	0.0155068707691	0.0484443360805	0.00188872760688	-0.0333064645215	-0.0221709886935	-0.0330298391539	-0.00105092329239	0.00220294969927	-0.0336277044355	-0.0158652103942	0.0138953004093	-0.0253340636966	0.0212173833382	-0.0343464496886	0.0105989439699	-0.0653100767408	-0.00654421760412	0.0575977850929	0.000433167364337	-0.018157544396	-0.0138172345719	-0.0550720455232	0.011247572801	-0.0247221720089	-0.0535420893317	0.0222999533014	-0.0186537913848
k__Bacteria;p__Bacteroidetes;c__Bacteroidia;o__Bacteroidales;f__Bacteroidaceae;g__Bacteroides;s__Bacteroides_ovatus	0.0291153704785	-0.0514989878971	0.0242112771001	-0.0180399521524	-0.00299986291949	1.0	-0.00165146493489	0.00176471884343	0.0148977992582	0.0438304488028	0.0537868478657	-0.0527866618655	-0.0187873119293	-0.004384982435	-0.0156349300063	-0.0355151873889	-0.0066108768423	-0.0255361203457	0.00987813157946	-0.00344954601166	0.0175813798555	-0.0192441874222	0.00680652122236	-0.028788791019	-0.0297974350654	-0.0345341596755	-0.0131299049669	-0.0426646347229	-0.0777069380917	0.0535934157128	0.00140598249534	0.0449707495646	-0.00504908424521	0.00273639711368	0.00813487578051	-0.00287061533848	-0.0147490251867	-0.0518514497251	-0.0307366890794	-0.101687265055	0.00347952813158	-0.0255380078913	-0.0438537738368	-0.0326103596216	0.0146721063152	-0.0428320088109	-0.0152133124877	-0.00531330725643	0.0706557025967	0.0108484835554	0.0444442746306	-0.0295623286959	-0.0269034001917	-0.0224788485889	-0.0228525129136	0.021050206048	0.0245524235865	-0.0110465802216	-0.0078331283663
k__Bacteria;p__Bacteroidetes;c__Bacteroidia;o__Bacteroidales;f__Rikenellaceae;g__Alistipes;s__Alistipes_shahii	0.0162628827072	0.0149248462964	-0.00742374549789	-0.00626332448494	-0.0454198963743	-0.00165146493489	1.0	0.0307123024238	-0.0362134454126	-0.00399806861912	-0.0612206852238	-0.0214063909806	-0.0534729172663	-0.0422932449722	-0.00834421198431	-0.00965073081098	-0.00994414458051	0.0233595503252	0.0312283001359	-0.0156619589711	0.0242370520975	0.0155320706742	-0.00758830729705	-0.0556076699585	-0.0213677423065	0.0416580782264	0.0169806339531	0.0177947172539	-0.00114243027496	0.00788376392168	-0.00452294217443	0.01744208612	-0.0354442664299	-0.0371837229218	-0.0305419421285	-0.0234615249282	-0.0293243760646	0.00769056192197	0.00506921254826	-0.019433004233	-0.0192138528082	-0.0231285356708	-0.0117518060957	-0.00182563369412	-0.0469885483669	0.0288552253918	-0.00075612095455	-0.0217209530927	0.0317294302165	0.0209466455133	-0.0313885860938	0.0393171174848	0.0152975537051	0.0255740903186	0.034608619096	0.00818648354778	-0.044948822682	-0.00959594534031	-0.0252506818834
k__Bacteria;p__Firmicutes;c__Clostridia;o__Clostridiales;f__Ruminococcaceae;g__Faecalibacterium;s__Faecalibacterium_prausnitzii	-0.020612766396	0.0344948334867	-0.0144967299901	-0.0180720670513	0.00516817940098	0.00176471884343	0.0307123024238	1.0	0.0618684726138	0.00632566577685	0.00354915203092	0.0542448369135	-0.014665016135	-0.0253979828153	0.0466782859839	-0.0461997570104	-0.0344091118616	-0.00931750405463	-0.0114414197858	-0.0651299858422	-0.0277572031593	-0.0192638937766	-0.0586751380616	0.0156884422279	-0.00610334970277	0.00712624984602	-0.0150625025057	0.0623584572294	-0.031183932584	-0.046131366759	0.0748308830797	0.00713340242542	-0.0567358947593	-0.0455209444729	0.00500648437798	-0.0335122521661	-0.0450794941693	-0.00691518308146	-0.0179123272728	-0.0192084265	0.0150125971542	-0.0636526711325	0.0303349200404	-0.0057121773965	-0.0319442782037	-0.0314506220537	0.0224632077718	0.0338516963571	-0.0163104703158	0.00989057154436	0.00703689251008	-0.0189105566221	-0.0394534399051	0.00687576052435	0.0311677837849	-0.0581029927744	-0.0147642022754	0.0351066431064	0.0198592482267
k__Bacteria;p__Bacteroidetes;c__Bacteroidia;o__Bacteroidales;f__Rikenellaceae;g__Alistipes;s__Alistipes_finegoldii	0.0263973805236	-0.0421536595269	0.00458930120195	-0.0764985980197	-0.0568498182536	0.0148977992582	-0.0362134454126	0.0618684726138	1.0	0.0189081770706	0.0276756043585	0.0642418231026	-0.00995706090992	0.0172438357442	0.0282513812004	-0.0685492783503	0.00521361086999	0.0452509480594	-0.00153720965371	0.0115937132791	0.00209579048201	-0.0525479209812	0.00448713600087	-0.0337691399996	0.04604522378	-0.0211814935469	-0.00810157638806	-0.0601236351055	-0.0120233869092	-0.023470956287	-0.00769502577662	-0.00812470575549	-0.00922699112905	0.0262745542705	-0.0133694269558	0.0737786378715	0.0292958614663	-0.081532703336	-0.0508566971051	-0.00812635331323	0.0279711238442	0.00721415786462	-0.00986444681256	-0.00172298654238	-0.0416457320327	-0.0289627531432	-0.00895928123966	-0.00773735638559	-0.010645027324	-0.0236685138194	-0.0466169632458	-0.0289538173647	-0.0372039176457	0.00145619498753	-0.0273728679337	0.0186878628697	0.0170090394384	0.0415830453945	-0.0392956943265
k__Bacteria;p__Bacteroidetes;c__Bacteroidia;o__Bacteroidales;f__Porphyromonadaceae;g__Parabacteroides;s__Parabacteroides_distasonis	-0.00465362870042	0.0268865084855	0.0523704339524	-0.0517222455465	-0.0666547843481	0.0438304488028	-0.00399806861912	0.00632566577685	0.0189081770706	1.0	-0.0287976205722	0.0677490724591	0.00747863927683	0.00664508582563	-0.0153435652516	0.00513526029877	0.0062934598861	-0.0126564571497	-0.0209066208786	0.0367902116036	-0.017353380507	-0.0203896772682	0.02699146289	-0.0366104704995	-0.0118187487668	0.00370421187428	-0.0119497104554	0.0166077154915	-0.00952262098581	0.0108348497405	0.0032490665325	0.0610526608978	-0.0736266380165	0.04154878968	-0.0445415176318	0.00431051708332	0.0201562783762	0.0227066635502	-0.053484589277	0.0280103771969	-0.0231133988293	-0.0130901018345	-0.0132012767713	-0.0510193569489	-0.0426905315089	-0.0652682166659	-0.00646915901764	-0.0284454423195	0.0214538195381	-0.00651784915101	0.0241771636631	-0.0193054703881	-0.02423430228	-0.0209093234973	-0.0162274315129	-0.0173682262998	0.0365882004606	-0.0654280377499	-0.00911429439928
k__Bacteria;p__Bacteroidetes;c__Bacteroidia;o__Bacteroidales;f__Bacteroidaceae;g__Bacteroides;s__Bacteroides_thetaiotaomicron	0.00451972564929	-0.0949298053002	0.0103098290548	-0.0339249384327	-0.0379271340434	0.0537868478657	-0.0612206852238	0.00354915203092	0.0276756043585	-0.0287976205722	1.0	0.012194994677	-0.0091665138291	-0.0490657904548	0.0435581465442	0.00412674024905	0.000633781461044	-0.0173808907503	-0.030390138387	0.0127705862106	-0.0326123051624	0.0213411624283	-0.0561295962693	-0.049530654448	0.062665409142	-0.0199385903932	0.0702816052382	0.00400172109536	-0.00149227058945	-0.0423310713487	-0.000253732221304	-0.0211531752605	-0.00198909182427	0.0884517194342	-0.00899987080064	0.00546064044439	0.0638387529124	-0.00907342150365	-0.0456376130336	-0.0106197356004	0.0410417326572	0.0500979373882	-0.0196753257361	-0.0269893190209	-0.0820980102482	0.0621324063732	-0.0518141769605	-0.0161021039348	-0.00994992493588	-0.0399464536935	-0.00545722752753	-0.0336431423033	-0.0438988035313	0.000287426159264	-0.0230631275401	0.0512001189229	-0.0540441285457	0.000795809562739	-0.0318049967563
k__Bacteria;p__Bacteroidetes;c__Bacteroidia;o__Bacteroidales;f__Bacteroidaceae;g__Bacteroides;s__Bacteroides_coprocola	-0.0428249629027	0.00669896590559	-0.00210338553954	0.058561774174	-0.0372776035945	-0.0527866618655	-0.0214063909806	0.0542448369135	0.0642418231026	0.0677490724591	0.012194994677	1.0	0.0222628021368	0.0158746535585	0.0342932542125	-0.0125671263799	0.00786579390347	-0.0142909574443	-0.0495064117744	-0.0273053242635	-0.0047526511194	0.0443453706903	-0.0381748404752	-0.0930726787574	0.0687468960705	0.0109934328694	0.00112594381645	0.020666420512	-0.052803696201	-0.000903837614696	-3.62817519275e-05	0.00564017509697	-0.00447451287702	-0.0165841455469	0.0482174236275	-0.0118525663063	0.0176570752139	-0.0563644164567	-0.0812991907515	-0.0102982680909	-0.0328831919516	0.0291747009194	-0.00731031381864	0.00667266253722	-0.0337722648847	-0.0377377415447	0.0207385003038	-0.0455249353739	0.0279496495937	0.0246254139969	-0.0251757602799	0.0242993437529	-0.0181753425308	-0.017129499906	-0.00740416854726	-0.0406597781615	-0.0519011026257	-0.0361202573952	0.00562271550952
k__Bacteria;p__Bacteroidetes;c__Bacteroidia;o__Bacteroidales;f__Bacteroidaceae;g__Bacteroides;s__Bacteroides_cellulosilyticus	-0.0554109529049	0.0507410703176	-0.0879630899909	-0.0443268243664	0.0143308055709	-0.0187873119293	-0.0534729172663	-0.014665016135	-0.00995706090992	0.00747863927683	-0.0091665138291	0.0222628021368	1.0	-0.0333121962499	-0.00737071941032	0.0640270739829	0.0372191387733	0.0509367406644	0.0518118280748	0.00246718585231	0.0310450005054	0.0222587211247	0.00701149089558	-0.00485631147285	0.00756978403821	-0.0202286324051	0.037149469946	0.00275174347675	0.041596915949	-0.0197356138781	-0.0348787718282	-0.0502460800746	-0.0253521249413	-0.00988360914204	-0.0326057553146	-0.0129994637077	0.0106847390468	0.00645869798454	0.0211591760355	-0.0202721981397	-0.0070501831359	-0.0257725226943	-0.0123406716375	-0.031278224616	-0.0255251760361	-0.0381448461628	0.0100333411509	-0.0172161198654	0.00557058203746	-0.0172827416859	0.0170951962459	0.0157283308763	0.031568104171	0.0372874321034	-0.0703710781326	0.0167054099346	0.0220526348768	-0.0197687885742	-0.0251869302614
k__Bacteria;p__Bacteroidetes;c__Bacteroidia;o__Bacteroidales;f__Rikenellaceae;g__Alistipes;s__Alistipes_obesi	-0.0392099780813	0.0151584030822	-0.0250377488591	0.00460361204898	-0.0262155014173	-0.004384982435	-0.0422932449722	-0.0253979828153	0.0172438357442	0.00664508582563	-0.0490657904548	0.0158746535585	-0.0333121962499	1.0	-0.0497722303025	-0.040047394404	-0.00646995204952	0.0490829408984	0.0180829978195	0.00809671140389	0.0195003238927	-0.0937223971896	-0.025212234005	-0.0149605173081	-0.00501672817928	-0.00846273893257	0.0370644131155	-0.0280918080758	0.0355699305611	-0.010001515095	-0.0216526063079	-0.0313457039082	0.0466776264025	0.0321071689016	-0.0152090682084	-0.0132373663424	-0.00331945804364	-0.00803578091973	0.0469604180449	-0.0409537089353	-0.018721127862	0.0275847034428	0.0325094110933	-0.0143455924353	-0.0532022861614	-0.0174297593087	-0.0153446599525	-0.051251844675	-0.031322418191	-0.0297655276601	-0.00713907310982	0.010504209254	-0.0117023972255	0.00310850627953	0.0116227934375	0.0316618643076	0.0017817691124	-0.005679662483	-0.0485635542433
k__Bacteria;p__Firmicutes;c__Clostridia;o__Clostridiales;f__Lachnospiraceae;g__;s__[Eubacterium]_rectale	-0.0171450818585	0.0167434164403	-0.0386205888777	-0.0459509944534	-0.00243361248577	-0.0156349300063	-0.00834421198431	0.0466782859839	0.0282513812004	-0.0153435652516	0.0435581465442	0.0342932542125	-0.00737071941032	-0.0497722303025	1.0	0.0686912727251	0.000416785793703	-0.0471854297507	-0.0367264314277	0.0294512284669	0.00435591080181	-0.00229030534203	-0.0262736384171	-0.0407396293263	0.0559881207189	0.00488743438662	-0.00855747581274	-0.0233311810789	-0.0356682724195	-0.0337213431405	-0.0310214698305	-0.0197015012882	0.00401296668256	-0.0165119600234	-0.0368784784879	-0.000495369062915	0.00909995239403	0.00270906140507	0.0220951567444	0.0317311759541	-0.0461447780597	-0.0233174040536	-0.0682508496408	0.0289720274392	0.0325614823969	0.00131258236156	-0.0148053305366	0.0216238957167	-0.0451011910434	-0.00932252218298	0.034833576306	0.00490157444693	0.0197834641601	-0.00594232998814	-0.0225076798674	0.0048224431416	0.0147314894204	-0.0207616726258	-0.0121132014639
k__Bacteria;p__Bacteroidetes;c__Bacteroidia;o__Bacteroidales;f__Bacteroidaceae;g__Bacteroides;s__Bacteroides_plebeius	-0.0150164143078	0.0359806638339	-0.0664264816558	0.0339271142918	-0.017471876106	-0.0355151873889	-0.00965073081098	-0.0461997570104	-0.0685492783503	0.00513526029877	0.00412674024905	-0.0125671263799	0.0640270739829	-0.040047394404	0.0686912727251	1.0	-0.00789050066739	-0.00937599825305	-0.0190297831555	0.00894924325337	0.00920293926238	-0.045543619604	-0.0205121190382	0.00328201130995	-0.0748892474654	-0.0137366158711	-0.0322631729527	0.0523744630306	0.00318119932164	0.0710224878554	0.015301854719	-0.00402182383101	0.0268525029994	-0.00994088322903	-0.0432908210004	-0.0108478957536	-0.00495895049187	0.023389555385	-0.00924638031535	-0.0337055862602	-0.0216196989448	-0.0151253056876	0.0217233069632	-0.0679235421818	-0.0321726099802	-0.00777241662204	-0.00683043725	-0.016890050695	0.0290681137122	0.00382971976326	0.0640134025472	0.000750870618071	0.00746491984475	-0.0562458484127	-0.0502945065402	0.0249249629113	-0.00134021515801	0.00926837518815	0.0755559789375
k__Bacteria;p__Bacteroidetes;c__Bacteroidia;o__Bacteroidales;f__Bacteroidaceae;g__Bacteroides;s__Bacteroides_fragilis	0.0322967562207	-0.0453298927857	-0.0299684789217	0.0152031091427	-0.0381377464765	-0.0066108768423	-0.00994414458051	-0.0344091118616	0.00521361086999	0.0062934598861	0.000633781461044	0.00786579390347	0.0372191387733	-0.00646995204952	0.000416785793702	-0.00789050066739	1.0	-0.0377069227934	-0.00776030122223	-0.0069858021833	-0.0109859224541	0.00447752111041	0.00593674057809	-0.00833445314151	0.0221104490913	-0.0649373240199	-0.00332421530393	-0.00381840633286	0.0348908776525	0.0120481466946	-0.0311042655472	-0.0572287105712	-0.0357732432114	-0.0444843091167	-0.0233946342506	0.0220857672027	0.00586178995116	-0.0151296471851	-0.0283731931489	0.00932928165977	-0.0170627640518	-0.0100434300078	0.0341356347544	0.0286746813254	-0.0503939520406	0.00738834230776	-0.0150573943208	-0.00022093865043	0.0140237535184	-0.00204112975802	-0.0181353094245	-0.00442775117943	0.0211491133877	-0.00637082021383	0.00991778080629	0.0348776705777	0.0349426255515	-0.022323151338	-0.0438280583862
k__Bacteria;p__Proteobacteria;c__Betaproteobacteria;o__Burkholderiales;f__Sutterellaceae;g__Sutterella;s__Sutterella_wadsworthensis	0.00587688830906	0.0157679624282	0.0239126711653	-0.0128635386468	-0.0967508463976	-0.0255361203457	0.0233595503252	-0.00931750405463	0.0452509480594	-0.0126564571497	-0.0173808907503	-0.0142909574443	0.0509367406644	0.0490829408984	-0.0471854297507	-0.00937599825305	-0.0377069227934	1.0	-0.034051762369	0.0106244703281	-0.00961694113482	-0.0242148983559	-0.0371431976899	-0.0246379051906	0.0159647250442	-0.00705526117205	0.0770602087495	-0.00206312796057	-0.0205415557077	-0.0312865490224	-0.00557445762427	-0.0427897678403	-0.0492289906081	0.00491123610056	0.0193030828282	-0.0356574208162	0.0253434847203	0.00550217493258	-0.0241494718451	-0.00111154274713	-0.00137071934054	0.054667188763	-0.0609413022265	0.0190355878581	0.0371567872595	0.0462187516979	0.002300605121	-0.0295096883461	-0.0401494430855	-0.0657027968039	-0.00382973964987	-0.00494727354321	0.0169960459906	0.0338591353149	-0.0298673529572	0.00500393170018	-0.0406757966843	0.0481480442332	0.00646200751099
k__Bacteria;p__Bacteroidetes;c__Bacteroidia;o__Bacteroidales;f__Porphyromonadaceae;g__Barnesiella;s__Barnesiella_intestinihominis	0.00465496939312	0.0162487203603	-0.0246281546214	0.00408608600609	0.0479670153664	0.00987813157946	0.0312283001359	-0.0114414197858	-0.00153720965371	-0.0209066208786	-0.030390138387	-0.0495064117744	0.0518118280748	0.0180829978195	-0.0367264314277	-0.0190297831555	-0.00776030122222	-0.034051762369	1.0	0.00869111393312	0.0134606844852	-0.0252627351186	0.014843146007	0.00591216873809	0.0133254167918	-0.0289261851463	0.0248948663361	-0.0144530693612	0.039214779389	-0.0422311252511	-0.0154896189372	0.0126018686572	-0.0204043521948	-0.000839384674163	-0.00825486480833	-0.0257329504113	0.0280866623777	-0.0658555512569	-0.0295708658365	-0.029257034224	-0.00347809905755	-0.0493283280512	-0.0528114840843	0.031036438032	-0.0141110266792	-0.0279424684332	0.0283121069688	-0.0254507304486	0.0115690969582	0.0114705469488	-0.0156278604661	0.0181765548703	-0.0184535591672	0.0428350099431	0.00674151152303	0.00850610938359	-0.0271189438812	0.00892446009457	-0.0137818305449
k__Bacteria;p__Bacteroidetes;c__Bacteroidia;o__Bacteroidales;f__Odoribacteraceae;g__Odoribacter;s__Odoribacter_splanchnicus	0.00178112620783	0.0168122316075	0.0177489557783	-0.0174166551371	-0.0450391208711	-0.00344954601166	-0.0156619589711	-0.0651299858422	0.0115937132791	0.0367902116036	0.0127705862106	-0.0273053242635	0.00246718585231	0.00809671140389	0.0294512284669	0.00894924325337	-0.0069858021833	0.0106244703281	0.00869111393312	1.0	-0.00312490603188	-0.0278121334988	-0.0319917580151	0.0273759952899	-0.00143109473662	-0.0348636935027	-0.0494165996544	0.00571065284628	0.0265276275071	-0.09706543233	-0.0373882618876	0.031860218253	0.0295916030008	0.00602972050994	-0.0137870763466	0.0338515177485	0.00510512080266	0.0447764804657	-0.0420916193911	-0.0592816994564	-0.0217658690676	-0.0359399630873	0.00339177810834	0.00128404126463	-0.0119263962791	0.0186385586617	-0.0033605285556	0.0213501133211	0.0182501227671	0.0236731794465	0.06145775729	-0.0646355078057	-0.0384567489812	0.024479808108	-0.0481764364521	-0.0639636282746	0.0556997181069	0.0179806635443	-0.0435014240833
k__Bacteria;p__Bacteroidetes;c__Bacteroidia;o__Bacteroidales;f__Bacteroidaceae;g__Bacteroides;s__Bacteroides_salyersiae	-0.0187227373769	-0.0617250154882	0.0287548730983	0.0222187356803	-0.0166395794144	0.0175813798555	0.0242370520975	-0.0277572031593	0.00209579048201	-0.017353380507	-0.0326123051624	-0.0047526511194	0.0310450005054	0.0195003238927	0.00435591080181	0.00920293926238	-0.0109859224541	-0.00961694113482	0.0134606844852	-0.00312490603188	1.0	-0.0254467667445	0.0105091273202	0.0161759235162	-0.0120070537236	0.00522994528276	-0.00233042183454	-0.0375919263364	-0.0219169881871	0.0122751177978	-0.0209861687635	0.053610940481	0.0138173685669	-0.049517594967	-0.0304175393715	0.0225487361936	-0.0233720643957	-0.0171612991337	0.00614424492239	-0.0115637362417	-0.00238651280585	0.0270877042244	0.018030876198	0.00108355402552	-0.00621602561853	-0.0465006724571	0.0324893010716	-0.00406774563292	-0.0126478114404	-0.0183361808045	0.0151055111701	0.0123714929948	-0.000741430046228	-0.012976277316	0.0171100114158	0.00836645512479	-0.0195663843779	-0.0320318399893	-0.0323327347153
k__Bacteria;p__Firmicutes;c__Clostridia;o__Clostridiales;f__Ruminococcaceae;g__Ruminiclostridium;s__[Eubacterium]_siraeum	-0.0328543136214	-0.0884177023917	-0.00129098262331	0.0201988576887	0.0164892230031	-0.0192441874222	0.0155320706742	-0.0192638937766	-0.0525479209812	-0.0203896772682	0.0213411624283	0.0443453706903	0.0222587211247	-0.0937223971896	-0.00229030534203	-0.045543619604	0.00447752111041	-0.0242148983559	-0.0252627351186	-0.0278121334988	-0.0254467667445	1.0	0.00502736599933	0.0172806983359	-0.0237681326246	0.0223265330059	-0.0394208015206	0.00514394921195	-0.0207594462986	0.0409107436251	-0.00955692063389	-0.0137917490314	0.00181326442955	-0.0225803936293	0.0275004560847	-0.0450529975552	-0.0192336154888	-0.0114988639113	-0.0419876888733	0.0176150821855	0.0900745802371	0.00957697117679	0.0517036115798	0.00788994418312	-0.0451191784148	-0.0131714155047	-0.0210987410617	0.0853214499451	-0.0350287291659	0.00590572933353	-0.0335800982416	-0.0342868933199	-0.0345463946604	-0.0270663825556	0.0493036229746	-0.0205117673353	-0.0441645444348	-0.036373106285	0.0119795125874
k__Bacteria;p__Proteobacteria;c__Betaproteobacteria;o__Burkholderiales;f__Sutterellaceae;g__Parasutterella;s__Parasutterella_excrementihominis	0.0365054438682	-0.0443893141742	-0.0113030587409	0.0406537942409	0.0583924377913	0.00680652122236	-0.00758830729705	-0.0586751380616	0.00448713600087	0.02699146289	-0.0561295962693	-0.0381748404752	0.00701149089558	-0.025212234005	-0.0262736384171	-0.0205121190382	0.00593674057809	-0.0371431976899	0.014843146007	-0.0319917580151	0.0105091273202	0.00502736599933	1.0	-0.0164122898673	-0.0139620183719	0.0097482157487	-0.0256565330464	0.0602170646566	-0.0166707278442	-0.0280568354682	-0.0108376841061	-0.0245128523284	0.0123912353803	0.0163490986242	-0.0637706518994	0.0370877308874	-0.00306695934848	-0.00197633827459	0.0101555356271	-0.0376748331502	0.0205804044583	-0.0315878800069	-0.0254107676669	-0.00653193965079	-0.000732241679615	0.000323072100062	0.0562222867043	0.0471884752131	0.0206591513067	0.0300173771099	0.0124562781789	-0.00217054485199	-0.0225650872871	0.00475554744553	0.00775503710335	-0.0277466427728	0.0407592732084	-0.0736666226313	0.0177652867711
k__Bacteria;p__Actinobacteria;c__Actinobacteria;o__Bifidobacteriales;f__Bifidobacteriaceae;g__Bifidobacterium;s__Bifidobacterium_adolescentis	-0.00498255095937	-0.0428432793819	0.0344144164805	0.00109448025225	-0.067276954438	-0.028788791019	-0.0556076699585	0.0156884422279	-0.0337691399996	-0.0366104704995	-0.049530654448	-0.0930726787574	-0.00485631147285	-0.0149605173081	-0.0407396293263	0.00328201130995	-0.00833445314151	-0.0246379051906	0.00591216873809	0.0273759952899	0.0161759235162	0.0172806983359	-0.0164122898673	1.0	-0.00649667680064	0.0174776868224	-0.022839733456	-0.0393721020522	0.0105568603976	-0.00253553388611	-0.00890658124862	-0.0399464350215	-0.0388261561107	-0.027363561505	-0.0544616186041	0.0298377024373	-0.0305901356429	-0.0163385628336	-0.0327920377958	0.0306794715946	-0.0286503342686	0.0169685707466	0.0601880683025	-0.0168238089427	-0.0091480905544	0.0156267970045	-0.0115584550776	0.0199460615724	-0.0263433769742	0.0489986631768	-0.0785453167454	0.0318587517632	0.0114277563291	-0.0328871680112	-0.0189110374682	0.00495929637686	-0.000505839147665	0.0115444496447	0.0213519491101
k__Bacteria;p__Firmicutes;c__Clostridia;o__Clostridiales;f__Oscillospiraceae;g__Oscillibacter;s__Oscillibacter_sp._KLE_1745	-0.0181125700991	0.0208995319245	-0.0529228040599	-0.0136390337136	0.0070848066305	-0.0297974350654	-0.0213677423065	-0.00610334970277	0.04604522378	-0.0118187487668	0.062665409142	0.0687468960705	0.00756978403821	-0.00501672817928	0.0559881207189	-0.0748892474654	0.0221104490913	0.0159647250442	0.0133254167918	-0.00143109473662	-0.0120070537236	-0.0237681326246	-0.0139620183719	-0.00649667680064	1.0	-0.0625809383088	-0.0131617203867	-0.020680508849	-0.00291039927152	-0.0108796693426	-0.0437190646772	-0.0356752727065	-0.0306251889538	-0.00418599829409	0.0142119056901	-0.0265152635939	-0.0294269473816	-0.0579075358405	0.0104160190221	-0.087339593444	-0.0100534432497	-0.0250789967287	-0.0196735867828	-0.00150558119098	0.000131204614367	-0.0376122760573	-0.0123244784326	0.00666482864413	-0.0548291691012	-0.0286808233132	-0.00543042263146	-0.000109036468728	-0.0219317165658	0.0322613063498	-0.0309278075726	0.0202682413755	0.0412037771545	-0.0329859447437	-0.0113439768465
k__Bacteria;p__Bacteroidetes;c__Bacteroidia;o__Bacteroidales;f__Bacteroidaceae;g__Bacteroides;s__Bacteroides_coprophilus	-0.0138202754065	-0.000121718098806	0.0387043494699	0.0288680231568	0.00758371741393	-0.0345341596755	0.0416580782264	0.00712624984602	-0.0211814935469	0.00370421187428	-0.0199385903932	0.0109934328694	-0.0202286324051	-0.00846273893257	0.00488743438662	-0.0137366158711	-0.0649373240199	-0.00705526117205	-0.0289261851463	-0.0348636935027	0.00522994528276	0.0223265330059	0.0097482157487	0.0174776868224	-0.0625809383088	1.0	-0.0643818011629	-0.0892979317609	-0.0401632541417	-0.0350956328144	-0.035826878593	0.0321669374488	-0.0423327957504	0.020288591609	-0.0551744863574	0.0111184422278	-0.00795599996428	-0.0501975059026	-0.0304670762524	-0.036480371523	0.0155399805356	0.0231177431179	-0.0175466899466	0.00824849235203	0.0285139082713	0.0335191708042	0.0114314974671	0.0367461027708	0.0162113532169	-0.0382563445308	-0.018397759204	-0.000615207972878	0.00307241115725	-0.0124269800905	0.0109341263206	5.4390689517e-05	-0.0423105749932	0.00458907765604	0.0315186927039
k__Bacteria;p__Firmicutes;c__Clostridia;o__Clostridiales;f__Lachnospiraceae;g__Roseburia;s__Roseburia_intestinalis	-0.00460917812709	0.0150728162271	0.0318596693251	-0.0524542895103	-0.00139919760991	-0.0131299049669	0.0169806339531	-0.0150625025057	-0.00810157638806	-0.0119497104554	0.0702816052382	0.00112594381645	0.037149469946	0.0370644131155	-0.00855747581274	-0.0322631729527	-0.00332421530393	0.0770602087495	0.0248948663361	-0.0494165996544	-0.00233042183454	-0.0394208015206	-0.0256565330464	-0.022839733456	-0.0131617203867	-0.0643818011629	1.0	0.00577609284204	-0.0142677192659	0.0101841488224	-0.0141298647922	0.0068010748937	-0.0075365839822	0.0229782777297	-0.013713320869	-0.0114240986154	-0.02083091837	-0.0837976379603	-0.0282160283604	0.0802164710902	0.00659391366816	-0.100793576282	0.00655925842171	-0.0422750815586	-0.0636836584872	0.0179241959819	0.00182202632429	-0.0140262763757	-0.0100264245921	-0.0224465834743	-0.0458955032442	0.0208810884441	-0.00589521693279	-0.000266979982221	-0.0364747387066	0.0167904196564	-0.0324235368906	-0.0136981159919	-0.000329125424516
k__Bacteria;p__Firmicutes;c__Clostridia;o__Clostridiales;f__Lachnospiraceae;g__Roseburia;s__Roseburia_hominis	0.00262132762547	-0.0422011280846	0.0264803796913	0.020732129257	0.00718992330806	-0.0426646347229	0.0177947172539	0.0623584572294	-0.0601236351055	0.0166077154915	0.00400172109536	0.020666420512	0.00275174347675	-0.0280918080758	-0.0233311810789	0.0523744630306	-0.00381840633286	-0.00206312796057	-0.0144530693612	0.00571065284628	-0.0375919263364	0.00514394921195	0.0602170646566	-0.0393721020522	-0.020680508849	-0.0892979317609	0.00577609284204	1.0	0.0198968641137	-0.0460125705683	-0.00752597020146	-0.047018132458	-0.0300408716065	0.0320174549324	0.00545808497783	-0.00586711190641	0.0409447942101	0.0433453617579	0.0408073419335	0.0118778023898	0.000157221784679	0.0101486099832	-0.0148558526593	0.039492048431	-0.0740303508488	-0.00550969016036	0.00273698445532	-0.0706270697335	0.0257517995431	-0.0248377410876	-0.073992733506	-0.0170846122794	-0.0261720716231	-0.073500030598	0.0108581329362	-0.0639544932182	-0.0128319915892	-0.00604332472694	-0.0358574404042
k__Bacteria;p__Bacteroidetes;c__Bacteroidia;o__Bacteroidales;f__Porphyromonadaceae;g__Parabacteroides;s__Parabacteroides_johnsonii	0.00274315359409	0.0342664709724	-0.00823634233521	0.0165327767359	-0.0164800429735	-0.0777069380917	-0.00114243027496	-0.031183932584	-0.0120233869092	-0.00952262098581	-0.00149227058945	-0.052803696201	0.041596915949	0.0355699305611	-0.0356682724195	0.00318119932164	0.0348908776525	-0.0205415557077	0.039214779389	0.0265276275071	-0.0219169881871	-0.0207594462986	-0.0166707278442	0.0105568603976	-0.00291039927152	-0.0401632541417	-0.0142677192659	0.0198968641137	1.0	0.0186124638674	-0.0224218151038	-0.00693732964334	0.00885980368501	0.0110747705219	-0.0239879534402	0.0336606327353	-0.0311005957552	0.0326750845621	-0.0446731817423	-0.014059643912	-0.0724261341934	-0.0276300464979	-0.0152082897753	0.0421288536089	-0.0220724481954	0.0138395644835	0.0405558960229	-0.0214122237915	-0.0521356766504	-0.00753688791514	0.00599346214043	-0.0320635571429	-0.0301152407327	0.0419934098763	-0.0662792196744	0.0415385348212	0.0307818318939	-0.0177146015012	-0.0474811003731
