#taxonomy	k__Bacteria;p__Bacteroidetes;c__Bacteroidia;o__Bacteroidales;f__Bacteroidaceae;g__Bacteroides;s__Bacteroides_vulgatus	k__Bacteria;p__Bacteroidetes;c__Bacteroidia;o__Bacteroidales;f__Bacteroidaceae;g__Bacteroides;s__Bacteroides_uniformis	k__Bacteria;p__Bacteroidetes;c__Bacteroidia;o__Bacteroidales;f__Rikenellaceae;g__Alistipes;s__Alistipes_putredinis	k__Bacteria;p__Bacteroidetes;c__Bacteroidia;o__Bacteroidales;f__Prevotellaceae;g__Prevotella;s__Prevotella_copri	k__Bacteria;p__Bacteroidetes;c__Bacteroidia;o__Bacteroidales;f__Bacteroidaceae;g__Bacteroides;s__Bacteroides_stercoris	k__Bacteria;p__Bacteroidetes;c__Bacteroidia;o__Bacteroidales;f__Bacteroidaceae;g__Bacteroides;s__Bacteroides_ovatus	k__Bacteria;p__Bacteroidetes;c__Bacteroidia;o__Bacteroidales;f__Rikenellaceae;g__Alistipes;s__Alistipes_shahii	k__Bacteria;p__Firmicutes;c__Clostridia;o__Clostridiales;f__Ruminococcaceae;g__Faecalibacterium;s__Faecalibacterium_prausnitzii	k__Bacteria;p__Bacteroidetes;c__Bacteroidia;o__Bacteroidales;f__Rikenellaceae;g__Alistipes;s__Alistipes_finegoldii	k__Bacteria;p__Bacteroidetes;c__Bacteroidia;o__Bacteroidales;f__Porphyromonadaceae;g__Parabacteroides;s__Parabacteroides_distasonis	k__Bacteria;p__Bacteroidetes;c__Bacteroidia;o__Bacteroidales;f__Bacteroidaceae;g__Bacteroides;s__Bacteroides_thetaiotaomicron	k__Bacteria;p__Bacteroidetes;c__Bacteroidia;o__Bacteroidales;f__Bacteroidaceae;g__Bacteroides;s__Bacteroides_coprocola	k__Bacteria;p__Bacteroidetes;c__Bacteroidia;o__Bacteroidales;f__Bacteroidaceae;g__Bacteroides;s__Bacteroides_cellulosilyticus	k__Bacteria;p__Bacteroidetes;c__Bacteroidia;o__Bacteroidales;f__Rikenellaceae;g__Alistipes;s__Alistipes_obesi	k__Bacteria;p__Firmicutes;c__Clostridia;o__Clostridiales;f__Lachnospiraceae;g__;s__[Eubacterium]_rectale	k__Bacteria;p__Bacteroidetes;c__Bacteroidia;o__Bacteroidales;f__Bacteroidaceae;g__Bacteroides;s__Bacteroides_plebeius	k__Bacteria;p__Bacteroidetes;c__Bacteroidia;o__Bacteroidales;f__Bacteroidaceae;g__Bacteroides;s__Bacteroides_fragilis	k__Bacteria;p__Proteobacteria;c__Betaproteobacteria;o__Burkholderiales;f__Sutterellaceae;g__Sutterella;s__Sutterella_wadsworthensis	k__Bacteria;p__Bacteroidetes;c__Bacteroidia;o__Bacteroidales;f__Porphyromonadaceae;g__Barnesiella;s__Barnesiella_intestinihominis	k__Bacteria;p__Bacteroidetes;c__Bacteroidia;o__Bacteroidales;f__Odoribacteraceae;g__Odoribacter;s__Odoribacter_splanchnicus	k__Bacteria;p__Bacteroidetes;c__Bacteroidia;o__Bacteroidales;f__Bacteroidaceae;g__Bacteroides;s__Bacteroides_salyersiae	k__Bacteria;p__Firmicutes;c__Clostridia;o__Clostridiales;f__Ruminococcaceae;g__Ruminiclostridium;s__[Eubacterium]_siraeum	k__Bacteria;p__Proteobacteria;c__Betaproteobacteria;o__Burkholderiales;f__Sutterellaceae;g__Parasutterella;s__Parasutterella_excrementihominis	k__Bacteria;p__Actinobacteria;c__Actinobacteria;o__Bifidobacteriales;f__Bifidobacteriaceae;g__Bifidobacterium;s__Bifidobacterium_adolescentis	k__Bacteria;p__Firmicutes;c__Clostridia;o__Clostridiales;f__Oscillospiraceae;g__Oscillibacter;s__Oscillibacter_sp._KLE_1745	k__Bacteria;p__Bacteroidetes;c__Bacteroidia;o__Bacteroidales;f__Bacteroidaceae;g__Bacteroides;s__Bacteroides_coprophilus	k__Bacteria;p__Firmicutes;c__Clostridia;o__Clostridiales;f__Lachnospiraceae;g__Roseburia;s__Roseburia_intestinalis	k__Bacteria;p__Firmicutes;c__Clostridia;o__Clostridiales;f__Lachnospiraceae;g__Roseburia;s__Roseburia_hominis	k__Bacteria;p__Bacteroidetes;c__Bacteroidia;o__Bacteroidales;f__Porphyromonadaceae;g__Parabacteroides;s__Parabacteroides_johnsonii	k__Bacteria;p__Actinobacteria;c__Actinobacteria;o__Bifidobacteriales;f__Bifidobacteriaceae;g__Bifidobacterium;s__Bifidobacterium_longum	k__Bacteria;p__Firmicutes;c__Clostridia;o__Clostridiales;f__;g__Flavonifractor;s__Flavonifractor_plautii	k__Bacteria;p__Firmicutes;c__Clostridia;o__Clostridiales;f__Clostridiaceae;g__Clostridium;s__Clostridium_phoceensis	k__Bacteria;p__Verrucomicrobia;c__Verrucomicrobiae;o__Verrucomicrobiales;f__Akkermansiaceae;g__Akkermansia;s__Akkermansia_muciniphila	k__Bacteria;p__Bacteroidetes;c__Bacteroidia;o__Bacteroidales;f__Prevotellaceae;g__Paraprevotella;s__Paraprevotella_xylaniphila	k__Bacteria;p__Firmicutes;c__Clostridia;o__Clostridiales;f__Ruminococcaceae;g__Ruminococcus;s__Ruminococcus_callidus	k__Bacteria;p__Bacteroidetes;c__Bacteroidia;o__Bacteroidales;f__Rikenellaceae;g__Alistipes;s__Alistipes_senegalensis	k__Bacteria;p__Firmicutes;c__Clostridia;o__Clostridiales;f__Lachnospiraceae;g__Blautia;s__Blautia_sp._KLE_1732	k__Bacteria;p__Bacteroidetes;c__Bacteroidia;o__Bacteroidales;f__Bacteroidaceae;g__Bacteroides;s__Bacteroides_oleiciplenus	k__Bacteria;p__Firmicutes;c__Clostridia;o__Clostridiales;f__Ruminococcaceae;g__Ruminococcus;s__Ruminococcus_bicirculans	k__Bacteria;p__Bacteroidetes;c__Bacteroidia;o__Bacteroidales;f__Bacteroidaceae;g__Bacteroides;s__Bacteroides_fluxus	k__Bacteria;p__Bacteroidetes;c__Bacteroidia;o__Bacteroidales;f__Prevotellaceae;g__Prevotella;s__Prevotella_stercorea	k__Bacteria;p__Firmicutes;c__Clostridia;o__Clostridiales;f__Lachnospiraceae;g__Dorea;s__Dorea_longicatena	k__Bacteria;p__Firmicutes;c__Clostridia;o__Clostridiales;f__Eubacteriaceae;g__Eubacterium;s__[Eubacterium]_eligens	k__Bacteria;p__Firmicutes;c__Clostridia;o__Clostridiales;f__Ruminococcaceae;g__;s__Ruminococcaceae_bacterium_D16	k__Bacteria;p__Firmicutes;c__Clostridia;o__Clostridiales;f__Lachnospiraceae;g__Coprococcus;s__Coprococcus_comes	k__Bacteria;p__Proteobacteria;c__Gammaproteobacteria;o__Enterobacterales;f__Enterobacteriaceae;g__Escherichia;s__Escherichia_coli	k__Bacteria;p__Firmicutes;c__Clostridia;o__Clostridiales;f__Ruminococcaceae;g__Anaerotruncus;s__Anaerotruncus_colihominis	k__Bacteria;p__Firmicutes;c__Clostridia;o__Clostridiales;f__Lachnospiraceae;g__Blautia;s__Blautia_obeum	k__Bacteria;p__Bacteroidetes;c__Bacteroidia;o__Bacteroidales;f__Odoribacteraceae;g__Odoribacter;s__Odoribacter_laneus	k__Bacteria;p__Firmicutes;c__Clostridia;o__Clostridiales;f__Ruminococcaceae;g__Ruminiclostridium;s__[Clostridium]_leptum	k__Bacteria;p__Bacteroidetes;c__Bacteroidia;o__Bacteroidales;f__Porphyromonadaceae;g__Parabacteroides;s__Parabacteroides_goldsteinii	k__Bacteria;p__Firmicutes;c__Clostridia;o__Clostridiales;f__Lachnospiraceae;g__Anaerostipes;s__Anaerostipes_hadrus	k__Bacteria;p__Firmicutes;c__Clostridia;o__Clostridiales;f__Ruminococcaceae;g__Ruminococcus;s__Ruminococcus_lactaris	k__Bacteria;p__Firmicutes;c__Clostridia;o__Clostridiales;f__Clostridiaceae;g__Clostridium;s__Clostridium_sp._L2-50	k__Bacteria;p__Firmicutes;c__Clostridia;o__Clostridiales;f__Clostridiaceae;g__Clostridium;s__Clostridium_sp._M62/1	k__Bacteria;p__Firmicutes;c__Clostridia;o__Clostridiales;f__;g__Intestinimonas;s__Intestinimonas_butyriciproducens	k__Bacteria;p__Actinobacteria;c__Actinobacteria;o__Bifidobacteriales;f__Bifidobacteriaceae;g__Bifidobacterium;s__Bifidobacterium_bifidum	k__Bacteria;p__Firmicutes;c__Negativicutes;o__Veillonellales;f__Veillonellaceae;g__Dialister;s__Dialister_invisus	k__Bacteria;p__Bacteroidetes;c__Bacteroidia;o__Bacteroidales;f__Bacteroidaceae;g__Bacteroides;s__Bacteroides_salanitronis
k__Bacteria;p__Bacteroidetes;c__Bacteroidia;o__Bacteroidales;f__Bacteroidaceae;g__Bacteroides;s__Bacteroides_vulgatus	1.0	-0.0601251608872	0.0145142632732	0.0128317372157	0.00211365656066	-0.0274775892512	-0.0135198823512	-0.014345149806	0.0461496878955	0.0224365006207	0.035255333561	0.0379486231838	-0.0492542793453	-0.0287872911478	-0.0541197503835	-0.0306654597369	0.0030250118758	0.0186257571203	-0.0221554710173	-0.0221772777766	0.00607552109451	-0.0121283743375	-0.0320803682957	-0.00814651112809	-0.00469914796004	-0.0314677853408	0.0329123448758	0.00380538733079	-0.0219684839737	0.0134387019602	0.00294828551975	0.0370961406269	-0.00138377854697	0.0368441403635	0.0458693649927	0.0256559382359	-0.00517600770809	-0.0276748183097	-0.00860800462549	0.0295083229162	0.0185446547107	-0.0137185099145	0.0470328963618	-0.0231764569826	-0.0112751002641	-0.0118024180994	-0.042024989181	-0.0606273014511	-0.0314991065927	-0.03711060879	-0.0341309353306	0.049935649906	0.0211031252862	0.0188382279312	0.0433271545116	-0.0476491378515	0.0262933495572	-0.0322933371583	-0.0516777405925
k__Bacteria;p__Bacteroidetes;c__Bacteroidia;o__Bacteroidales;f__Bacteroidaceae;g__Bacteroides;s__Bacteroides_uniformis	-0.0601251608872	1.0	-0.00936729390242	-0.017559073274	0.0919818777191	-0.0186720208148	0.0219936898413	-0.000111493757238	0.0291951565807	-0.0158611936142	0.00624850654626	0.0326932130547	0.0312819595641	0.0292929131676	-0.0546016540362	0.0507807798157	0.00499264682166	0.00415952512837	-0.0169892170209	-0.0276042935661	-0.0106931567044	0.0333372564458	-0.0215158870657	0.0440875984852	-0.0286013924892	0.0129809866755	-0.0373778180504	-0.0565895075554	-0.0502801659636	0.0223134693004	-0.0758753616618	-0.020516091277	0.0100112951976	0.00262269846196	0.00808009034285	-0.0649391043587	-0.0877276514623	0.00456152955622	0.0157342786289	0.0493422545646	-0.00818310449524	0.0377603567444	-0.00610461372506	-0.0651459297176	0.0774866593076	-0.0254933884974	-0.030904249473	-0.0336954568619	-0.00893839266966	-0.026194576783	-0.0199173786042	0.0447128351352	0.00782014120919	-0.010649263209	-0.0691806170858	-0.0220124179189	-0.0290014842386	-0.0362661902285	0.00874288396675
k__Bacteria;p__Bacteroidetes;c__Bacteroidia;o__Bacteroidales;f__Rikenellaceae;g__Alistipes;s__Alistipes_putredinis	0.0145142632732	-0.00936729390242	1.0	0.0208522421066	0.0108846857301	0.0305332015034	0.00989932019371	-0.000994904987946	-0.0458796399131	-0.041888960811	-0.0137315768564	0.0320354016581	0.0139437693328	-0.00266907981421	-0.0155290450322	0.0372346602809	-0.0379074269667	-0.0282203451831	0.0269597592196	-0.0740734824105	-0.00990759650766	-0.0363223237552	0.0160758616393	-0.0184070647346	-0.0585017467949	0.0329480837515	0.0327526100509	-0.024541183739	-0.0344420399334	-0.0136216278181	0.00403833094447	0.0663654098761	0.00881466969564	0.013237848939	0.0141060831781	-0.0194906395776	0.00445630257964	0.07049523369	-0.0156768233711	0.014155678127	0.0100765916316	-0.0210987205608	-0.0438571531064	0.00581530301376	-0.00431342702698	-0.0139166356233	0.0288621159465	-0.061487978296	-0.00427567940985	-0.0370703170476	0.00437648708794	-0.0274237559946	0.0350777748936	-0.0173193930165	0.0187872065732	-0.0164262125063	0.00687617094177	-0.00902282914884	-0.033725108073
k__Bacteria;p__Bacteroidetes;c__Bacteroidia;o__Bacteroidales;f__Prevotellaceae;g__Prevotella;s__Prevotella_copri	0.0128317372157	-0.017559073274	0.0208522421066	1.0	0.000788753503326	0.0431904710832	0.0538460865213	-0.0480802273516	-0.0258968540765	0.0013166277123	-0.0419185423159	-0.0517235735824	-0.0283994477474	-0.0389708892124	-0.006539278258	-0.0168277971851	-0.0226172804361	-0.0554978766064	-0.0117702163624	0.00482248745154	0.0461995844129	0.0257532526402	-0.0088663922296	0.0374581767858	-0.0751039401144	0.0112990844335	0.0340181648765	-0.0416069458639	-0.00505920311242	0.0518651082542	-0.0178808116827	-0.00265699743136	-0.00176719647546	-0.0248765429724	-0.0154093684638	-0.0110705509727	-0.0210486348042	-0.0238027924444	-0.0147820975944	0.0341065520373	0.0146788038655	-0.00264845543224	-0.0344624954782	-0.0153013630217	0.0119707244709	-0.00400353882264	0.0177977938882	0.029340657453	0.013576659415	0.0457869332897	-0.0171655637013	-0.0249767719727	0.0145126732341	-0.0398403649868	-0.0107257779814	0.0064948639454	-0.0230050881122	-0.0162256425794	0.0238877659048
k__Bacteria;p__Bacteroidetes;c__Bacteroidia;o__Bacteroidales;f__Bacteroidaceae;g__Bacteroides;s__Bacteroides_stercoris	0.00211365656066	0.0919818777191	0.0108846857301	0.000788753503326	1.0	0.0399027518409	0.068758863683	-0.00921313521744	0.00470574312126	-0.0845831913434	-0.00696826855845	-0.0155156652525	0.0371975902244	0.0371116408626	-0.00703555980312	-0.0183400925666	-0.00952063701205	-0.0554705649769	-0.0688012694473	-0.0551941463607	-0.0129920892375	-0.00487852613288	0.0174483788912	0.0248566319819	0.0202999041624	-0.0143681359446	-0.00790753546673	-0.0232589461393	-0.0111216214463	0.0728666356369	0.00801728605861	0.0128691821573	0.0332141681472	-0.0331095253713	0.011688411668	0.0242109104774	0.00333699698133	-0.0116018364133	0.0575014330497	0.027195291869	-0.02846511943	0.0404248177949	-0.0174954118952	-0.00904606007213	-0.0240066445932	0.00151108637547	0.00807336715932	0.0348250393524	0.0239730874137	0.0159707212946	-0.037813940042	-0.0875806270449	-0.0276008732957	-0.0143372761272	-0.000309612503269	0.0228200299202	0.0329712369206	-0.00338155799249	-0.0351654703678
k__Bacteria;p__Bacteroidetes;c__Bacteroidia;o__Bacteroidales;f__Bacteroidaceae;g__Bacteroides;s__Bacteroides_ovatus	-0.0274775892512	-0.0186720208148	0.0305332015034	0.0431904710832	0.0399027518409	1.0	0.0152567651929	-0.00171176841475	0.0166740733874	0.0200896662821	-0.024135553574	0.00129293146772	-0.0227872697296	0.0184461582644	0.0217928474592	0.0280024676564	-0.00308709747081	-0.0860753195684	-0.0257329208057	-0.0230371776582	-0.00677685865378	-0.0113721334262	-0.0601367532826	-0.0271005282797	-0.0508968188527	0.0322710110154	-0.000791411255342	0.0544504208986	0.0045038463675	-0.0507848528274	-0.00551962736625	0.018037007754	0.0129426934061	-0.0543404992787	0.0242211443986	0.0450510961121	-0.0198345507284	0.0174898362383	0.0210590447182	-0.0198221105379	-0.0704181602359	0.0319976581513	-0.074853477938	-0.0525810095265	0.00408999078269	0.0365428752975	0.0122267728033	0.0214191522487	0.0188775996108	-0.0297366249943	-0.0556300349339	-0.0228985443528	0.00357036298042	-0.0769193169419	-0.0118472357367	0.0286170382773	0.00353365033005	-0.0135165799236	0.0387752407541
k__Bacteria;p__Bacteroidetes;c__Bacteroidia;o__Bacteroidales;f__Rikenellaceae;g__Alistipes;s__Alistipes_shahii	-0.0135198823512	0.0219936898413	0.00989932019371	0.0538460865213	0.068758863683	0.0152567651929	1.0	-0.000216727984799	-0.0375214228849	-0.00762333048191	-0.0340402181941	-0.043520448923	0.0425563022128	-0.0297379842772	0.0226226064254	-0.0105027296161	0.0228736017847	-0.00696236461343	0.0196879122856	0.0327751529787	0.0116762157647	-0.0153336580402	0.0012734710765	-0.00525896511005	-0.0638128920947	-0.0154213117546	-0.0428623393967	0.0404495652639	0.0120919145632	-0.0631719543717	0.0284720476819	-0.00777678460807	0.0686007279542	-0.048528618439	-0.109079724405	0.0127608603655	-0.0180026487948	0.0279881300044	0.023271856236	0.0489601610862	0.0066450578858	-0.0268129479611	0.0238651615275	0.0258078239765	0.00157854819998	0.00262048853935	-0.0130488273864	-0.0695390565213	-0.020118943755	-0.0859821436697	-0.0357105525468	0.00325073936821	-0.0525285062947	-0.0276684620374	0.0490843718381	0.0531927852806	-0.0485388683953	-0.0225273554391	0.0540680989458
k__Bacteria;p__Firmicutes;c__Clostridia;o__Clostridiales;f__Ruminococcaceae;g__Faecalibacterium;s__Faecalibacterium_prausnitzii	-0.014345149806	-0.000111493757238	-0.000994904987946	-0.0480802273516	-0.00921313521744	-0.00171176841475	-0.000216727984799	1.0	0.0660798773403	0.039426392626	0.0115708968056	-0.0483058764125	-0.0327108323726	0.00761216933289	0.0024614549355	-0.0396669356934	-0.0404314037358	-0.0128789467395	-0.0435821807378	-0.036586903937	-0.00904412964113	-0.0463664634737	0.0458511842972	0.0228135383961	0.00352176105501	-0.0365359115787	-0.0388577722088	-0.0583576341302	0.0140766252449	0.0201957309426	-0.0536601636395	0.0107711541113	-0.0103566056114	-0.00166832752181	-0.0101738200811	-0.028866608519	-0.0415125796218	-0.00140317242412	-0.021382894816	-0.018017566058	-0.0154318985576	0.0107171253656	0.0225276296149	0.00550656241049	-0.00517856088691	-0.0390401602653	0.0169674139841	-0.0139057522677	-0.0587954069179	-0.0337622620124	0.00298121132314	0.0095443952785	-0.0701103141429	-0.0360923254896	0.0763693811785	0.0305157103919	-0.0188639224346	0.0124418306218	0.0241097026766
k__Bacteria;p__Bacteroidetes;c__Bacteroidia;o__Bacteroidales;f__Rikenellaceae;g__Alistipes;s__Alistipes_finegoldii	0.0461496878955	0.0291951565807	-0.0458796399131	-0.0258968540765	0.00470574312126	0.0166740733874	-0.0375214228849	0.0660798773403	1.0	-0.0246449310257	-0.0347848224438	0.0434243678116	0.00742542205367	-0.0369496265431	-0.0129076599705	-0.01320319051	-0.0497027810067	-0.0836999332332	-0.0278551481505	-0.0378278923186	-0.0140909684925	0.023750389841	-0.00373461678122	0.03753030642	-0.0127292501213	-0.0158660854413	0.0194005784612	-0.011733631064	-0.0311245091773	0.0247876589897	-0.0265867962442	0.00833115681011	-0.0591610152622	0.0186824515079	-0.036178347982	-0.0234409574589	-0.0255903476311	-0.0244023248835	0.0205049978205	-0.0154777038878	-0.0337530331008	0.0539548032177	-0.0308544254613	0.0187526854799	-0.0241473650769	0.00921946032756	-0.00851402484438	0.0220113155267	0.00244685604266	-0.0178572190803	-0.00339168774451	0.0363565218658	0.040997031554	-0.00888320339834	-0.0101817128192	-0.0388501144216	-0.00474094109572	-0.0120743231871	-0.0197006939762
k__Bacteria;p__Bacteroidetes;c__Bacteroidia;o__Bacteroidales;f__Porphyromonadaceae;g__Parabacteroides;s__Parabacteroides_distasonis	0.0224365006207	-0.0158611936142	-0.041888960811	0.0013166277123	-0.0845831913434	0.0200896662821	-0.00762333048191	0.039426392626	-0.0246449310257	1.0	-0.0334234517669	-0.0188398891103	-0.0229400202546	-0.0795946798339	-0.00724904896726	-0.0114918565649	0.000538135547645	0.0137268276357	0.0536797137508	0.0341501693022	-0.0564332519922	0.0331343620916	-0.0376155537229	-0.0507875488436	0.0409370304005	-0.0376062093804	0.0310515369243	-0.0369809848759	0.00660930723412	-0.00977928044127	-0.070180421558	0.0249401164032	-0.0480615490025	0.0607964397123	-0.0769468975397	0.019101666196	0.07090494363	0.0183675969001	-0.0736556367063	-0.00216567441376	-0.00348234267342	-0.00342834112804	-0.00338125531614	-0.0122676825402	0.0423619758838	-0.0429297201688	-0.00421193853592	-0.0371984779012	-0.0120178244992	-0.0826843073144	0.0053233910411	-0.0102883922331	0.01138041157	0.0266703482923	-0.0306130593814	-0.0303004296743	-0.0517698549819	-0.0273111128746	0.0650120906097
k__Bacteria;p__Bacteroidetes;c__Bacteroidia;o__Bacteroidales;f__Bacteroidaceae;g__Bacteroides;s__Bacteroides_thetaiotaomicron	0.035255333561	0.00624850654626	-0.0137315768564	-0.0419185423159	-0.00696826855845	-0.024135553574	-0.0340402181941	0.0115708968056	-0.0347848224438	-0.0334234517669	1.0	0.0281496231333	-0.0697234399236	-0.0607745225064	-0.044703746517	0.0336743733113	0.0061340426733	0.0395550726492	0.0154901364994	-0.0416295254026	-0.0194750354013	0.00506613068529	-0.0556064314948	0.0329183055263	0.0689534755043	-0.0240160840607	-0.0214455574268	-0.0105674493997	0.00508767808183	-0.0439743186042	0.0175949568706	-0.0735715488888	0.0679784594368	-0.0491595620352	0.0438658834652	0.016419707709	0.0354560742313	0.0645984150366	0.0378483868149	-0.0475406418448	-0.0228603096281	0.0484486746676	-0.0329524266841	0.00368090949971	0.0298909568592	-0.0531695611764	0.0341607651543	-0.0164981282946	-0.0306214947614	-0.0207182293777	0.0199172891124	0.0239384895287	0.00569444719609	0.0218195851505	0.012712814202	-0.00567415759505	-0.0139684520186	0.0116505703011	-0.0592920649843
k__Bacteria;p__Bacteroidetes;c__Bacteroidia;o__Bacteroidales;f__Bacteroidaceae;g__Bacteroides;s__Bacteroides_coprocola	0.0379486231838	0.0326932130547	0.0320354016581	-0.0517235735824	-0.0155156652525	0.00129293146772	-0.043520448923	-0.0483058764125	0.0434243678116	-0.0188398891103	0.0281496231333	1.0	-0.00981666157611	-0.0553376027536	0.0296633943405	-0.0592166166415	-0.00924835346083	0.00600759928226	-0.0987193507556	0.00593764759107	-0.0124564860341	-0.00428471454504	0.0457380969947	0.0255515783043	-0.0429593265801	-0.0312699098439	0.0178001439001	-0.0362415045966	-0.0408960518652	0.0318674534182	0.0548805116874	-0.00451498350995	-0.0924719148977	-0.0192359097791	-0.0287383206084	0.0400862731835	0.00955760996292	0.0361685069729	-0.0231146256483	0.0199928387308	0.0530499461301	-0.020981306608	0.00465359017559	0.0226088843541	-0.0577624037467	0.0114903174209	-0.0394077377742	-0.00312834114667	0.0223207230744	0.0665559333627	-0.0253568001416	0.0335012355445	-0.00805864715778	0.0219721982184	0.0484232505437	-0.00424335764429	0.000572447320825	-0.00770734934875	-0.00297283956215
k__Bacteria;p__Bacteroidetes;c__Bacteroidia;o__Bacteroidales;f__Bacteroidaceae;g__Bacteroides;s__Bacteroides_cellulosilyticus	-0.0492542793453	0.0312819595641	0.0139437693328	-0.0283994477474	0.0371975902244	-0.0227872697296	0.0425563022128	-0.0327108323726	0.00742542205367	-0.0229400202546	-0.0697234399236	-0.00981666157611	1.0	-0.0388571303227	-0.0221487512068	0.00350956197559	-0.0305389956339	0.0130156825701	-0.035398709427	-0.0122473081766	-0.0285657531006	-0.00524935353404	0.00694940647191	0.0293069238155	-0.0144053382009	0.00739117401198	-0.0620428483394	-0.0109073443573	-0.0411546161234	0.0204263732593	-0.0280227362109	0.00422931346823	-0.0329545269376	-0.00950104271088	-0.0383171523903	0.00440116409551	0.00452534140423	-0.0175988703955	-0.00804691143831	-0.00716139884379	-0.0157895812266	0.00578199189583	0.00722822506529	0.0384962317473	-0.0506113304165	-0.00647296168859	-0.0413178891437	0.0688977387829	-0.00540255670668	-0.0308895398057	-0.00312639379825	0.0218785855392	-0.00478201620748	-0.0100479209386	-0.0342630375571	-0.00478641134038	-0.00660495834725	0.0501241342966	-0.0164038708152
k__Bacteria;p__Bacteroidetes;c__Bacteroidia;o__Bacteroidales;f__Rikenellaceae;g__Alistipes;s__Alistipes_obesi	-0.0287872911478	0.0292929131676	-0.00266907981421	-0.0389708892124	0.0371116408626	0.0184461582644	-0.0297379842772	0.00761216933289	-0.0369496265431	-0.0795946798339	-0.0607745225064	-0.0553376027536	-0.0388571303227	1.0	0.0374112387503	-0.0171720160393	0.0193259652734	-0.0413827286135	0.054107887649	0.0396085446354	-0.0352226568916	0.0164935859724	0.0751001092539	0.0469387409745	-0.0294954233054	-0.0115285428491	0.0352086573338	0.0433243557186	-0.0287735789183	-0.0489784673082	0.0139535904173	-0.0681088796777	-0.0426545493145	-0.0896304306513	0.00130762556343	0.028488348484	0.00635007567344	-0.0157821298452	0.0145271773694	-0.0462525605137	0.033706551442	-0.0128061485212	0.0176587026032	0.00853229693612	-0.0112144153393	-0.00105776221148	-0.0121286710036	0.031467192077	-0.0155483526454	0.0111264075081	-0.0370503355526	0.0559752983162	0.015375943941	0.0117113399168	0.0528078177756	0.0477990673721	-0.0482464779687	0.0562749921191	-0.0203979960261
k__Bacteria;p__Firmicutes;c__Clostridia;o__Clostridiales;f__Lachnospiraceae;g__;s__[Eubacterium]_rectale	-0.0541197503835	-0.0546016540362	-0.0155290450322	-0.006539278258	-0.00703555980312	0.0217928474592	0.0226226064254	0.0024614549355	-0.0129076599705	-0.00724904896726	-0.044703746517	0.0296633943405	-0.0221487512068	0.0374112387503	1.0	-0.0132527711596	-0.0435033483805	0.0547291061934	-0.0694813717776	-0.0321878293513	0.00644493059574	0.0172994529929	-0.025168008571	0.0241203526496	-0.0193409591384	0.0604519883138	-0.0139316613005	-0.0442433889917	-0.007965149125	0.0443788828341	-0.0123217729373	-0.0117652428477	-0.0572840974425	-0.00363148420731	-0.0294408632806	0.0316601145729	0.0308354235708	-0.0161627584664	-0.0422024099406	0.00973214387925	0.0184430991515	-0.00423297604484	-0.0286464878432	0.0309027868373	0.0559212548004	-0.0224521025992	-0.04450832088	-0.0131160874648	0.0396478921089	-0.00488804676295	0.0258059719619	-0.0655007479264	-0.0202413010427	-0.0272444196642	0.0125563895379	-0.0223147589574	-0.0493926212601	-0.0287881169974	-0.00206643028427
k__Bacteria;p__Bacteroidetes;c__Bacteroidia;o__Bacteroidales;f__Bacteroidaceae;g__Bacteroides;s__Bacteroides_plebeius	-0.0306654597369	0.0507807798157	0.0372346602809	-0.0168277971851	-0.0183400925666	0.0280024676564	-0.0105027296161	-0.0396669356934	-0.01320319051	-0.0114918565649	0.0336743733113	-0.0592166166415	0.00350956197559	-0.0171720160393	-0.0132527711596	1.0	0.0131998853689	0.00279901469321	-0.00753580830626	-0.0114821464705	-0.00699496346502	0.000673349241245	0.0444997831055	-0.0202116951871	0.0415164727372	0.0297221942942	-0.0137585579795	-0.0359464794157	-0.0446622524644	-0.0135916301373	-0.018573804843	-0.0181987267945	0.0148301247905	-0.0212651518446	-0.00143575163827	-0.0888554825621	-0.0184432266846	-0.0231765103025	-0.0555935174971	-0.0881954170321	-0.0382031100365	0.0754329616398	-0.00183112968498	-0.0201964481414	-0.00468574965997	-0.0363904561718	-0.00871244728598	-0.0302091292666	0.0252060506253	0.0085491901381	-0.0207706817055	-0.0184863642804	0.00313482975829	-0.043110173097	-0.00903776114539	-0.0291413624359	-0.0501786336218	-0.0576536748323	0.00124935328172
k__Bacteria;p__Bacteroidetes;c__Bacteroidia;o__Bacteroidales;f__Bacteroidaceae;g__Bacteroides;s__Bacteroides_fragilis	0.0030250118758	0.00499264682166	-0.0379074269667	-0.0226172804361	-0.00952063701205	-0.00308709747081	0.0228736017847	-0.0404314037358	-0.0497027810067	0.000538135547645	0.0061340426733	-0.00924835346083	-0.0305389956339	0.0193259652734	-0.0435033483805	0.0131998853689	1.0	0.0332026015877	-0.0336038452499	-0.0625506018977	-0.0131134739105	-0.0323962218074	-0.00771948825995	0.0191501809692	-0.0337786098855	-0.0132050471056	0.0346256209128	0.00335756923302	-0.0051756678007	-0.0217198693611	0.0249680933137	0.00446632821462	-0.0593650112807	0.0196327394463	0.0112183105442	0.0228078402908	0.0180807760292	-0.0176612053794	-0.0137229705036	-0.0220979920381	-0.0472155617661	0.0337163499928	0.0233716645064	0.0350463583737	0.0177789077693	-0.0414275973636	-0.0531064083259	0.0326090453577	0.0143659720823	0.0176979405866	0.0440864101072	-0.00329129522176	-0.00426155890233	-0.0319140395459	-0.0245849257232	-0.0443452021114	-0.0162301036077	-0.0142515291089	-0.00161879744549
k__Bacteria;p__Proteobacteria;c__Betaproteobacteria;o__Burkholderiales;f__Sutterellaceae;g__Sutterella;s__Sutterella_wadsworthensis	0.0186257571203	0.00415952512837	-0.0282203451831	-0.0554978766064	-0.0554705649769	-0.0860753195684	-0.00696236461343	-0.0128789467395	-0.0836999332332	0.0137268276357	0.0395550726492	0.00600759928226	0.0130156825701	-0.0413827286135	0.0547291061934	0.00279901469321	0.0332026015877	1.0	0.031199865181	-0.0627795560357	-0.0317690635041	-0.011312720952	0.0727200553633	-0.0612621844491	0.0360204512153	-0.00574173595838	-0.00225727034663	-0.055182267401	-0.0035083289858	0.0174602543457	0.0328622120884	-0.0219016923547	0.0328994068244	0.0458329151693	-0.0244595972518	-0.019141120364	-0.0136186178163	0.0288967664275	0.00611985609809	-0.0237369809992	0.0296546555755	-0.0369857334221	0.0414581091476	-0.0180419681727	-0.0388867371495	0.00109328693188	0.00833028610819	-0.0411037414215	-0.0232937077801	0.000434918059394	-0.0476428606924	-0.0167186830267	-0.0366527072053	-0.00680642592039	0.00744630262701	-0.0270997275172	0.0273475765933	-0.00498227756389	-0.00609950553358
k__Bacteria;p__Bacteroidetes;c__Bacteroidia;o__Bacteroidales;f__Porphyromonadaceae;g__Barnesiella;s__Barnesiella_intestinihominis	-0.0221554710173	-0.0169892170209	0.0269597592196	-0.0117702163624	-0.0688012694473	-0.0257329208057	0.0196879122856	-0.0435821807378	-0.0278551481505	0.0536797137508	0.0154901364994	-0.0987193507556	-0.035398709427	0.054107887649	-0.0694813717776	-0.00753580830626	-0.0336038452499	0.031199865181	1.0	-0.0197355740778	0.0508063480932	0.0462560238377	-0.0391409668101	-0.00725609050367	-0.0388648179467	-0.035912858205	-0.0239136905293	0.00719844782412	0.0174539078632	-0.0210982285668	0.0191760111485	0.00651449821981	0.055441028395	0.0178502296549	0.0302789148216	0.0204585217849	0.021124078751	0.0349566573573	-0.0152138571153	-0.0160430197422	0.0231035419519	-0.0624503045885	-0.0462556648587	0.0368989057903	-0.0478586177284	0.0504159336711	-0.00597957701784	-0.0356580027814	-0.0464958530263	-0.0557902809869	0.00312669312188	0.0138572935158	0.0166135169876	-0.0201758308707	-0.0251138564655	-0.016106472187	-0.0374545020808	-0.0318922813444	0.0263276777729
k__Bacteria;p__Bacteroidetes;c__Bacteroidia;o__Bacteroidales;f__Odoribacteraceae;g__Odoribacter;s__Odoribacter_splanchnicus	-0.0221772777766	-0.0276042935661	-0.0740734824105	0.00482248745154	-0.0551941463607	-0.0230371776582	0.0327751529787	-0.036586903937	-0.0378278923186	0.0341501693022	-0.0416295254026	0.00593764759107	-0.0122473081766	0.0396085446354	-0.0321878293513	-0.0114821464705	-0.0625506018977	-0.0627795560357	-0.0197355740778	1.0	-0.0210123723179	0.0288785240997	-0.0159084421235	0.0137883199003	-0.00771538976406	-0.0337389202595	-0.0374677835457	0.010503166456	0.0331604618689	-0.020255052375	0.00378527781334	-0.031420670024	0.0673299639307	0.0595471856436	-0.00060981558478	-0.00337034416151	-0.0228751038104	-0.0658647614121	0.0191260417104	-0.0489773286268	0.0222085898185	-0.0733898137883	-0.0391267506184	-0.0345874858971	0.0238467846477	-0.0198850347926	0.00147201351837	0.0434706520187	0.0211116995219	-0.019005403258	-0.0360206615629	0.0315686985736	0.0154989919567	-0.00136208449845	0.0237595074683	-0.00179313014639	-0.00266607351238	-0.0615233859157	-0.0351033322262
k__Bacteria;p__Bacteroidetes;c__Bacteroidia;o__Bacteroidales;f__Bacteroidaceae;g__Bacteroides;s__Bacteroides_salyersiae	0.00607552109451	-0.0106931567044	-0.00990759650766	0.0461995844129	-0.0129920892375	-0.00677685865378	0.0116762157647	-0.00904412964113	-0.0140909684925	-0.0564332519922	-0.0194750354013	-0.0124564860341	-0.0285657531006	-0.0352226568916	0.00644493059574	-0.00699496346502	-0.0131134739105	-0.0317690635041	0.0508063480932	-0.0210123723179	1.0	0.0103854769255	0.0239922390879	-0.00344205069005	0.0124655321978	0.0196530886984	0.0303305919713	-0.0222793170679	-0.0575460092525	-0.000916413713639	-0.00934272808906	-0.0197610294718	-0.0257530060639	0.0642939355025	-0.0624981968912	-0.0342769877213	0.0104518730979	-0.0629149786441	0.00961014385672	-0.0596009290853	-0.00925550917055	-0.0305541838447	-0.0173191086328	-0.00602138464536	-0.0405971314494	0.0221905164547	-0.0261066621845	-0.0228526166108	0.0452234765376	-0.032554247076	-0.0268595248136	0.010769590265	0.0307819543365	0.003574688492	0.0465524256421	-0.0132328274169	-0.0200885391682	-0.0919673814252	0.0621273537893
k__Bacteria;p__Firmicutes;c__Clostridia;o__Clostridiales;f__Ruminococcaceae;g__Ruminiclostridium;s__[Eubacterium]_siraeum	-0.0121283743375	0.0333372564458	-0.0363223237552	0.0257532526402	-0.00487852613288	-0.0113721334262	-0.0153336580402	-0.0463664634737	0.023750389841	0.0331343620916	0.00506613068529	-0.00428471454504	-0.00524935353404	0.0164935859724	0.0172994529929	0.000673349241245	-0.0323962218074	-0.011312720952	0.0462560238377	0.0288785240997	0.0103854769255	1.0	-0.0315043245607	0.0173337780649	0.000233649179417	-0.0346143033806	-0.0265495336489	-0.0169483538796	-0.0335061749745	-0.0146168354032	-0.0588999781802	0.044074772672	-0.0255798300257	0.00820426155059	-0.00227640128116	-0.0208310715164	-0.0482121157899	0.0135484597068	0.0153968559703	-0.0325963998719	-0.000287068325286	0.00165813873711	0.00166572364113	0.0263350443233	0.00682362057301	-0.00681043767598	0.00473868172014	-0.0474363345265	-0.0708190767735	0.00878083938417	0.0524779218867	-0.0291723516862	-0.0629094458685	0.00638638300318	0.00601674429438	-0.0257604434604	-0.00464277061723	-0.0487533588356	-0.0437098811756
k__Bacteria;p__Proteobacteria;c__Betaproteobacteria;o__Burkholderiales;f__Sutterellaceae;g__Parasutterella;s__Parasutterella_excrementihominis	-0.0320803682957	-0.0215158870657	0.0160758616393	-0.0088663922296	0.0174483788912	-0.0601367532826	0.0012734710765	0.0458511842972	-0.00373461678122	-0.0376155537229	-0.0556064314948	0.0457380969947	0.00694940647191	0.0751001092539	-0.025168008571	0.0444997831055	-0.00771948825995	0.0727200553633	-0.0391409668101	-0.0159084421235	0.0239922390879	-0.0315043245607	1.0	-0.0233256269026	0.0104894444792	-0.00307035566667	0.00223398951044	0.0331686774274	-0.0019419921177	0.0305389991854	-0.0377135971558	0.00950393828613	0.0190828992174	0.00652083616198	-0.00445027484767	0.0125251680985	-0.0076325889346	-0.0209533227026	0.0288446285526	0.0180561710145	-0.025617638171	0.0051208227294	-0.000363599822577	-0.00319398549373	-0.030705459593	-0.073729366145	-0.0340352277926	-0.022722255581	-0.0108124049755	-0.0312770417647	-0.0478515404238	-0.0245320857864	-0.0195844494812	0.0104700683144	-0.0396653167858	-0.0432654210842	-0.0367800786951	-0.00982266613023	-0.0332922493609
k__Bacteria;p__Actinobacteria;c__Actinobacteria;o__Bifidobacteriales;f__Bifidobacteriaceae;g__Bifidobacterium;s__Bifidobacterium_adolescentis	-0.00814651112809	0.0440875984852	-0.0184070647346	0.0374581767858	0.0248566319819	-0.0271005282797	-0.00525896511005	0.0228135383961	0.03753030642	-0.0507875488436	0.0329183055263	0.0255515783043	0.0293069238155	0.0469387409745	0.0241203526496	-0.0202116951871	0.0191501809692	-0.0612621844491	-0.00725609050367	0.0137883199003	-0.00344205069005	0.0173337780649	-0.0233256269026	1.0	-0.0221196954709	-0.0329114283415	-0.0144028336345	0.0475650528252	-0.0323793635383	-0.04249624235	-0.00924015707411	-0.0136425154038	0.00505167122926	0.0515176383467	-0.0391649334803	0.0148088559518	-0.0302560072509	0.0283432715904	-0.0326637094484	-0.0654745852368	-0.0320660656363	-0.00499453960774	0.0174479772912	-0.00579214636724	0.0238812152658	-0.00652634600668	-0.0404234192019	0.0240122981218	-0.0331841519471	-0.0218021317892	-0.0175690436972	-0.00341725890679	-0.0188813527806	0.00408191960616	-0.0230834306011	-0.0119924038183	0.0183532885637	-0.0129898663976	0.0212671475252
k__Bacteria;p__Firmicutes;c__Clostridia;o__Clostridiales;f__Oscillospiraceae;g__Oscillibacter;s__Oscillibacter_sp._KLE_1745	-0.00469914796004	-0.0286013924892	-0.0585017467949	-0.0751039401144	0.0202999041624	-0.0508968188527	-0.0638128920947	0.00352176105501	-0.0127292501213	0.0409370304005	0.0689534755043	-0.0429593265801	-0.0144053382009	-0.0294954233054	-0.0193409591384	0.0415164727371	-0.0337786098855	0.0360204512153	-0.0388648179467	-0.00771538976406	0.0124655321978	0.000233649179417	0.0104894444792	-0.0221196954709	1.0	-0.00530739324502	-0.0329192398526	-0.0208369341782	-0.0207743255981	0.000660513836503	0.0145143739933	-0.02398983414	-0.0243176203466	-0.0347711972995	0.0231085838584	0.0371716092447	-0.0164658461604	-0.0315957594655	0.0138644355681	0.0619390340388	-0.0315553438898	-0.0304545790923	-0.00261588744993	0.00350512979455	-0.00645216923484	-0.0309005320681	-0.0222009218048	-0.0636262820219	0.000533997949686	-0.0410118919567	-0.0428178107217	-0.0256750358481	-0.0250975600754	-0.0067431941974	-0.0488296012775	0.0716717652277	0.00573369030528	0.0606805377254	0.0243676902724
k__Bacteria;p__Bacteroidetes;c__Bacteroidia;o__Bacteroidales;f__Bacteroidaceae;g__Bacteroides;s__Bacteroides_coprophilus	-0.0314677853408	0.0129809866755	0.0329480837515	0.0112990844335	-0.0143681359446	0.0322710110154	-0.0154213117546	-0.0365359115787	-0.0158660854413	-0.0376062093804	-0.0240160840607	-0.0312699098439	0.00739117401198	-0.0115285428491	0.0604519883138	0.0297221942942	-0.0132050471056	-0.00574173595838	-0.035912858205	-0.0337389202595	0.0196530886984	-0.0346143033806	-0.00307035566667	-0.0329114283415	-0.00530739324502	1.0	-0.0148828197247	-0.0541877257952	0.0152014319924	-0.0280006298127	0.0692748620151	0.0164720696932	0.0465675883119	-0.0456607714928	0.0221035251655	-0.0531337404905	-0.0519900142087	0.000995797568878	0.0331425030482	-0.0244130225637	-0.013451904587	-0.0133795418416	-0.0509959116633	-0.00575755937063	0.0521724851085	0.014113067491	0.00852785515848	-0.00371676804893	-0.041288785266	-0.0277159761013	0.0386088207815	-0.0338492037193	-0.00337674047833	-0.00453140616736	0.00328012375986	-0.000742353843267	-0.0102171310332	-0.0228334752545	-0.0389759254883
k__Bacteria;p__Firmicutes;c__Clostridia;o__Clostridiales;f__Lachnospiraceae;g__Roseburia;s__Roseburia_intestinalis	0.0329123448758	-0.0373778180504	0.0327526100509	0.0340181648765	-0.00790753546673	-0.000791411255342	-0.0428623393967	-0.0388577722088	0.0194005784612	0.0310515369243	-0.0214455574268	0.0178001439001	-0.0620428483394	0.0352086573338	-0.0139316613005	-0.0137585579795	0.0346256209128	-0.00225727034663	-0.0239136905293	-0.0374677835457	0.0303305919713	-0.0265495336489	0.00223398951044	-0.0144028336345	-0.0329192398526	-0.0148828197247	1.0	0.0387110653317	-0.0215898823819	0.0164362120567	-0.0287145602725	-0.00893259977697	-0.0202315340232	-0.000115063594057	-0.0109659651368	-0.00225341945242	0.0124737501219	-0.00773106142183	0.0164869742765	-0.0133106072926	-0.0496106770806	-0.0182784598988	0.0108119794528	-0.0139993804878	-0.0242813225274	-0.00645392208383	0.0364511276138	0.0264362104351	-0.00198731527602	0.00142182163249	-0.0367905181785	-0.0289719527015	-0.0140532011978	-0.0423870975189	-0.0655602703602	-0.0226153606899	0.0672499560251	-0.00951205839649	-0.00532298608223
k__Bacteria;p__Firmicutes;c__Clostridia;o__Clostridiales;f__Lachnospiraceae;g__Roseburia;s__Roseburia_hominis	0.00380538733079	-0.0565895075554	-0.024541183739	-0.0416069458639	-0.0232589461393	0.0544504208986	0.0404495652639	-0.0583576341302	-0.011733631064	-0.0369809848759	-0.0105674493997	-0.0362415045966	-0.0109073443573	0.0433243557186	-0.0442433889917	-0.0359464794157	0.00335756923302	-0.055182267401	0.00719844782412	0.010503166456	-0.0222793170679	-0.0169483538796	0.0331686774274	0.0475650528252	-0.0208369341782	-0.0541877257952	0.0387110653317	1.0	-0.0156292773447	0.00873358362882	-0.0436853205869	-0.0497615460728	-0.000224794174973	-0.014826991903	0.0246562820773	-0.0182247264846	0.0283909462829	-0.0337452399524	-0.00955748739428	0.0326136212327	0.0263711269091	0.00354172024357	-0.0453211086469	0.00179895687757	0.0105054595239	0.0502748997665	-0.0067076310208	0.0153263363217	-0.0523720606692	0.0162087894536	0.0132466870051	0.00831996104534	-0.030207084596	0.0404512419776	0.0699757168306	0.00212146105403	-0.0296813787228	-0.0119860780192	-0.00659425194436
k__Bacteria;p__Bacteroidetes;c__Bacteroidia;o__Bacteroidales;f__Porphyromonadaceae;g__Parabacteroides;s__Parabacteroides_johnsonii	-0.0219684839737	-0.0502801659636	-0.0344420399334	-0.00505920311242	-0.0111216214463	0.0045038463675	0.0120919145632	0.0140766252449	-0.0311245091773	0.00660930723412	0.00508767808183	-0.0408960518652	-0.0411546161234	-0.0287735789183	-0.007965149125	-0.0446622524644	-0.0051756678007	-0.0035083289858	0.0174539078632	0.0331604618689	-0.0575460092525	-0.0335061749745	-0.0019419921177	-0.0323793635383	-0.0207743255981	0.0152014319924	-0.0215898823819	-0.0156292773447	1.0	0.00880864217808	-0.0313748805155	-0.0221890168801	0.0439768950954	-0.014952721756	-0.0201022814797	-0.0188786187989	-0.0155265270514	-0.00298227937756	-0.0160468841873	-0.0091153617471	-0.0191347445573	-0.0192933527885	0.0329865464858	0.00114320704986	0.0170032341188	-0.0539567607698	0.0310658587093	-0.00618186295112	0.0124595651296	0.0205819737878	-0.0504665708061	-0.0126397713707	-0.0256824044836	-0.010400937836	-0.0145137449818	0.00499528455334	0.0207764456279	-0.0197788130478	-0.0263797293085
k__Bacteria;p__Actinobacteria;c__Actinobacteria;o__Bifidobacteriales;f__Bifidobacteriaceae;g__Bifidobacterium;s__Bifidobacterium_longum	0.0134387019602	0.0223134693004	-0.0136216278181	0.0518651082542	0.0728666356369	-0.0507848528274	-0.0631719543717	0.0201957309426	0.0247876589897	-0.00977928044127	-0.0439743186042	0.0318674534182	0.0204263732593	-0.0489784673082	0.0443788828341	-0.0135916301373	-0.0217198693611	0.0174602543457	-0.0210982285668	-0.020255052375	-0.000916413713638	-0.0146168354032	0.0305389991854	-0.04249624235	0.000660513836503	-0.0280006298127	0.0164362120567	0.00873358362882	0.00880864217808	1.0	-0.0014011875135	0.0230632615616	0.0241158765135	-0.0219693712364	-0.0711153761042	-0.0231577270931	-0.0319858768033	0.0326191024267	-0.0290858568364	-0.046732948625	0.011417223927	-0.0232027061676	0.0193241206957	0.0194387239505	-0.0580019862841	0.0125654478423	-0.038364893379	-0.0176190110923	0.0240500341062	0.0354888211985	-0.0738506992246	-0.0153340891914	0.00779559372192	-0.0187439712415	-0.0315225400447	-0.00737635044585	0.00185464764785	0.005975017989	-0.0229060968324
