#taxonomy	k__Bacteria;p__Bacteroidetes;c__Bacteroidia;o__Bacteroidales;f__Bacteroidaceae;g__Bacteroides;s__Bacteroides_vulgatus	k__Bacteria;p__Bacteroidetes;c__Bacteroidia;o__Bacteroidales;f__Bacteroidaceae;g__Bacteroides;s__Bacteroides_uniformis	k__Bacteria;p__Bacteroidetes;c__Bacteroidia;o__Bacteroidales;f__Rikenellaceae;g__Alistipes;s__Alistipes_putredinis	k__Bacteria;p__Bacteroidetes;c__Bacteroidia;o__Bacteroidales;f__Prevotellaceae;g__Prevotella;s__Prevotella_copri	k__Bacteria;p__Bacteroidetes;c__Bacteroidia;o__Bacteroidales;f__Bacteroidaceae;g__Bacteroides;s__Bacteroides_stercoris	k__Bacteria;p__Bacteroidetes;c__Bacteroidia;o__Bacteroidales;f__Bacteroidaceae;g__Bacteroides;s__Bacteroides_ovatus	k__Bacteria;p__Bacteroidetes;c__Bacteroidia;o__Bacteroidales;f__Rikenellaceae;g__Alistipes;s__Alistipes_shahii	k__Bacteria;p__Firmicutes;c__Clostridia;o__Clostridiales;f__Ruminococcaceae;g__Faecalibacterium;s__Faecalibacterium_prausnitzii	k__Bacteria;p__Bacteroidetes;c__Bacteroidia;o__Bacteroidales;f__Rikenellaceae;g__Alistipes;s__Alistipes_finegoldii	k__Bacteria;p__Bacteroidetes;c__Bacteroidia;o__Bacteroidales;f__Porphyromonadaceae;g__Parabacteroides;s__Parabacteroides_distasonis	k__Bacteria;p__Bacteroidetes;c__Bacteroidia;o__Bacteroidales;f__Bacteroidaceae;g__Bacteroides;s__Bacteroides_thetaiotaomicron	k__Bacteria;p__Bacteroidetes;c__Bacteroidia;o__Bacteroidales;f__Bacteroidaceae;g__Bacteroides;s__Bacteroides_coprocola	k__Bacteria;p__Bacteroidetes;c__Bacteroidia;o__Bacteroidales;f__Bacteroidaceae;g__Bacteroides;s__Bacteroides_cellulosilyticus	k__Bacteria;p__Bacteroidetes;c__Bacteroidia;o__Bacteroidales;f__Rikenellaceae;g__Alistipes;s__Alistipes_obesi	k__Bacteria;p__Firmicutes;c__Clostridia;o__Clostridiales;f__Lachnospiraceae;g__;s__[Eubacterium]_rectale	k__Bacteria;p__Bacteroidetes;c__Bacteroidia;o__Bacteroidales;f__Bacteroidaceae;g__Bacteroides;s__Bacteroides_plebeius	k__Bacteria;p__Bacteroidetes;c__Bacteroidia;o__Bacteroidales;f__Bacteroidaceae;g__Bacteroides;s__Bacteroides_fragilis	k__Bacteria;p__Proteobacteria;c__Betaproteobacteria;o__Burkholderiales;f__Sutterellaceae;g__Sutterella;s__Sutterella_wadsworthensis	k__Bacteria;p__Bacteroidetes;c__Bacteroidia;o__Bacteroidales;f__Porphyromonadaceae;g__Barnesiella;s__Barnesiella_intestinihominis	k__Bacteria;p__Bacteroidetes;c__Bacteroidia;o__Bacteroidales;f__Odoribacteraceae;g__Odoribacter;s__Odoribacter_splanchnicus	k__Bacteria;p__Bacteroidetes;c__Bacteroidia;o__Bacteroidales;f__Bacteroidaceae;g__Bacteroides;s__Bacteroides_salyersiae	k__Bacteria;p__Firmicutes;c__Clostridia;o__Clostridiales;f__Ruminococcaceae;g__Ruminiclostridium;s__[Eubacterium]_siraeum	k__Bacteria;p__Proteobacteria;c__Betaproteobacteria;o__Burkholderiales;f__Sutterellaceae;g__Parasutterella;s__Parasutterella_excrementihominis	k__Bacteria;p__Actinobacteria;c__Actinobacteria;o__Bifidobacteriales;f__Bifidobacteriaceae;g__Bifidobacterium;s__Bifidobacterium_adolescentis	k__Bacteria;p__Firmicutes;c__Clostridia;o__Clostridiales;f__Oscillospiraceae;g__Oscillibacter;s__Oscillibacter_sp._KLE_1745	k__Bacteria;p__Bacteroidetes;c__Bacteroidia;o__Bacteroidales;f__Bacteroidaceae;g__Bacteroides;s__Bacteroides_coprophilus	k__Bacteria;p__Firmicutes;c__Clostridia;o__Clostridiales;f__Lachnospiraceae;g__Roseburia;s__Roseburia_intestinalis	k__Bacteria;p__Firmicutes;c__Clostridia;o__Clostridiales;f__Lachnospiraceae;g__Roseburia;s__Roseburia_hominis	k__Bacteria;p__Bacteroidetes;c__Bacteroidia;o__Bacteroidales;f__Porphyromonadaceae;g__Parabacteroides;s__Parabacteroides_johnsonii	k__Bacteria;p__Actinobacteria;c__Actinobacteria;o__Bifidobacteriales;f__Bifidobacteriaceae;g__Bifidobacterium;s__Bifidobacterium_longum	k__Bacteria;p__Firmicutes;c__Clostridia;o__Clostridiales;f__;g__Flavonifractor;s__Flavonifractor_plautii	k__Bacteria;p__Firmicutes;c__Clostridia;o__Clostridiales;f__Clostridiaceae;g__Clostridium;s__Clostridium_phoceensis	k__Bacteria;p__Verrucomicrobia;c__Verrucomicrobiae;o__Verrucomicrobiales;f__Akkermansiaceae;g__Akkermansia;s__Akkermansia_muciniphila	k__Bacteria;p__Bacteroidetes;c__Bacteroidia;o__Bacteroidales;f__Prevotellaceae;g__Paraprevotella;s__Paraprevotella_xylaniphila	k__Bacteria;p__Firmicutes;c__Clostridia;o__Clostridiales;f__Ruminococcaceae;g__Ruminococcus;s__Ruminococcus_callidus	k__Bacteria;p__Bacteroidetes;c__Bacteroidia;o__Bacteroidales;f__Rikenellaceae;g__Alistipes;s__Alistipes_senegalensis	k__Bacteria;p__Firmicutes;c__Clostridia;o__Clostridiales;f__Lachnospiraceae;g__Blautia;s__Blautia_sp._KLE_1732	k__Bacteria;p__Bacteroidetes;c__Bacteroidia;o__Bacteroidales;f__Bacteroidaceae;g__Bacteroides;s__Bacteroides_oleiciplenus	k__Bacteria;p__Firmicutes;c__Clostridia;o__Clostridiales;f__Ruminococcaceae;g__Ruminococcus;s__Ruminococcus_bicirculans	k__Bacteria;p__Bacteroidetes;c__Bacteroidia;o__Bacteroidales;f__Bacteroidaceae;g__Bacteroides;s__Bacteroides_fluxus	k__Bacteria;p__Bacteroidetes;c__Bacteroidia;o__Bacteroidales;f__Prevotellaceae;g__Prevotella;s__Prevotella_stercorea	k__Bacteria;p__Firmicutes;c__Clostridia;o__Clostridiales;f__Lachnospiraceae;g__Dorea;s__Dorea_longicatena	k__Bacteria;p__Firmicutes;c__Clostridia;o__Clostridiales;f__Eubacteriaceae;g__Eubacterium;s__[Eubacterium]_eligens	k__Bacteria;p__Firmicutes;c__Clostridia;o__Clostridiales;f__Ruminococcaceae;g__;s__Ruminococcaceae_bacterium_D16	k__Bacteria;p__Firmicutes;c__Clostridia;o__Clostridiales;f__Lachnospiraceae;g__Coprococcus;s__Coprococcus_comes	k__Bacteria;p__Proteobacteria;c__Gammaproteobacteria;o__Enterobacterales;f__Enterobacteriaceae;g__Escherichia;s__Escherichia_coli	k__Bacteria;p__Firmicutes;c__Clostridia;o__Clostridiales;f__Ruminococcaceae;g__Anaerotruncus;s__Anaerotruncus_colihominis	k__Bacteria;p__Firmicutes;c__Clostridia;o__Clostridiales;f__Lachnospiraceae;g__Blautia;s__Blautia_obeum	k__Bacteria;p__Bacteroidetes;c__Bacteroidia;o__Bacteroidales;f__Odoribacteraceae;g__Odoribacter;s__Odoribacter_laneus	k__Bacteria;p__Firmicutes;c__Clostridia;o__Clostridiales;f__Ruminococcaceae;g__Ruminiclostridium;s__[Clostridium]_leptum	k__Bacteria;p__Bacteroidetes;c__Bacteroidia;o__Bacteroidales;f__Porphyromonadaceae;g__Parabacteroides;s__Parabacteroides_goldsteinii	k__Bacteria;p__Firmicutes;c__Clostridia;o__Clostridiales;f__Lachnospiraceae;g__Anaerostipes;s__Anaerostipes_hadrus	k__Bacteria;p__Firmicutes;c__Clostridia;o__Clostridiales;f__Ruminococcaceae;g__Ruminococcus;s__Ruminococcus_lactaris	k__Bacteria;p__Firmicutes;c__Clostridia;o__Clostridiales;f__Clostridiaceae;g__Clostridium;s__Clostridium_sp._L2-50	k__Bacteria;p__Firmicutes;c__Clostridia;o__Clostridiales;f__Clostridiaceae;g__Clostridium;s__Clostridium_sp._M62/1	k__Bacteria;p__Firmicutes;c__Clostridia;o__Clostridiales;f__;g__Intestinimonas;s__Intestinimonas_butyriciproducens	k__Bacteria;p__Actinobacteria;c__Actinobacteria;o__Bifidobacteriales;f__Bifidobacteriaceae;g__Bifidobacterium;s__Bifidobacterium_bifidum	k__Bacteria;p__Firmicutes;c__Negativicutes;o__Veillonellales;f__Veillonellaceae;g__Dialister;s__Dialister_invisus	k__Bacteria;p__Bacteroidetes;c__Bacteroidia;o__Bacteroidales;f__Bacteroidaceae;g__Bacteroides;s__Bacteroides_salanitronis
k__Bacteria;p__Bacteroidetes;c__Bacteroidia;o__Bacteroidales;f__Bacteroidaceae;g__Bacteroides;s__Bacteroides_vulgatus	1.0	-0.0592082317777	-0.0406449965782	0.00558464642824	-0.0226753151967	0.0122864439882	-0.0204653453307	-0.0390208960588	0.0243117511533	0.0105235937703	-0.00615863759112	-0.0311393366008	0.000905193270646	-0.0067639892492	-0.011545757008	-0.0557425873635	-0.0446266202559	-0.0267043285082	-0.00308128854886	0.00994192291267	-0.0696304957677	-0.0173056215492	-0.0102590932704	-0.0196227701299	0.0444678349864	0.0271858729914	0.00923848222843	-0.0319031781066	-0.0468775544397	-0.00337198267658	-0.0268439653001	-0.0167288287711	-0.00945626314003	0.000355164045439	-0.00366459668079	0.0547628630212	0.0138777773362	-0.0233412994953	0.00849671497145	0.00758024879408	-0.0140841583308	0.0196133762635	0.0181300690953	-0.101469439622	0.00294480821776	0.00630977670175	-0.0166155136299	0.0257606848976	-0.0230232036328	-0.0234273282959	0.012622360951	-0.0278207626757	-0.00311017688452	0.033358478124	0.0133218657033	-0.0182328608255	-0.0803287179409	-0.00801349866996	-0.0459120261541
k__Bacteria;p__Bacteroidetes;c__Bacteroidia;o__Bacteroidales;f__Bacteroidaceae;g__Bacteroides;s__Bacteroides_uniformis	-0.0592082317777	1.0	0.0167571029207	-0.0105527518022	-0.0262836018486	-0.0111215109306	-0.06273232775	-0.0676526271784	0.0559566357758	-0.070051994933	0.0101435941572	0.00402130548223	-0.0251638278978	-0.0423570262487	0.0130986665694	-0.0224441354139	-0.0405865070996	-0.0324877535089	-0.00295098327969	0.00521170990335	-0.0201038066257	-0.00343344208847	0.0064988914387	0.00954870593547	0.0156519480316	0.00571155428916	-0.022980238095	0.00318507149896	-0.035225827581	-0.00543155602724	0.0157949558742	-0.0545965336196	-0.00566449364681	0.00301320559987	0.00468635259574	-0.0533710396838	0.0124056248103	0.000743803159861	-0.0304660942906	0.0667275896752	0.0316443181449	-0.0238946916891	-0.0395476532908	0.0232712411354	0.0143503648464	0.00444270300044	0.0401273960198	-0.00889101366272	-0.0396428977353	-0.0111684985363	0.0124291008818	0.00766090962396	-0.0524507746377	0.0140250482654	-0.00742794845179	-0.0245097990383	-0.0505004567767	0.0182727180833	0.0428371998318
k__Bacteria;p__Bacteroidetes;c__Bacteroidia;o__Bacteroidales;f__Rikenellaceae;g__Alistipes;s__Alistipes_putredinis	-0.0406449965782	0.0167571029207	1.0	0.0266203303972	-0.0592951565245	-0.0382236237348	-0.00578177367566	0.0508095925479	0.0649234010935	0.0405350514662	0.0243554158936	0.0550374019378	-0.003907158283	-0.0523669741618	-0.0551891945217	0.0119811491352	-0.00974757017609	-0.0611245581814	-0.00208069767283	0.0199788433516	-0.0204034157209	-0.0171622470029	0.00573479549155	-0.00178620628483	-0.00991412324951	-0.0174701420072	0.0305400842536	-0.010834212955	-0.0342499952455	-0.00997130102057	-0.068050303082	0.0451594604239	-0.0224853907041	-0.054507218725	0.030632682259	0.00490440559789	0.0214066329695	0.0254431936773	-0.00901113294339	-0.00609703258843	0.0077814687231	0.01433218884	-0.0204643467399	0.0455936332927	0.0106499700839	0.00298685490613	0.017176966824	-0.0438561938767	-0.0368279750317	-0.0330679851526	0.0189680559445	0.00894737627728	-0.00617267987296	-0.0573107583472	-0.0109427393997	0.0246522272045	0.0690203839334	0.083764740206	-0.0250512936237
k__Bacteria;p__Bacteroidetes;c__Bacteroidia;o__Bacteroidales;f__Prevotellaceae;g__Prevotella;s__Prevotella_copri	0.00558464642824	-0.0105527518022	0.0266203303972	1.0	-0.0131869465991	0.00471433557552	-0.00774270122855	-0.0694114971946	-0.0306705214551	0.0251361478497	-0.0371196971572	0.0121759243092	0.00774729372963	-0.031634704259	0.00307408954183	0.0193077310765	-0.0438317993573	-0.00755238811025	-0.0657661724025	-0.035460976189	-0.0261014877348	-0.0359570059139	-0.0175843311928	0.0160872588933	-0.0692354222232	-0.0235826706071	0.0180615119148	-0.0402938903041	-0.00226174191189	-0.0251719214657	-0.0313506578777	0.00138394298602	0.00166196674798	-0.00388028204156	-0.0127392898906	0.0291260087328	0.0326198878813	-0.0151400902601	0.0454267283741	0.0162978239694	0.00680511590399	-0.0160910639276	-0.0336685752802	-0.0575901935911	0.0435076527902	0.0184405685244	0.0423422235259	-0.0299208654147	-0.0231815936196	0.0530552931397	-0.0755506628591	0.000117981000858	0.0378504828338	-0.0262475177235	0.0100404716076	0.0607908820074	-0.00441338425079	-0.0415958289234	-0.0574608353267
k__Bacteria;p__Bacteroidetes;c__Bacteroidia;o__Bacteroidales;f__Bacteroidaceae;g__Bacteroides;s__Bacteroides_stercoris	-0.0226753151967	-0.0262836018486	-0.0592951565245	-0.0131869465991	1.0	0.0015616995939	-0.0251063539077	-0.0590812832681	-0.0433074111999	0.0118472258153	0.0382170789273	-0.0451074699316	-0.0494741927885	0.0329139976727	0.0347498068314	-0.0219557427269	-0.0215036113489	-0.00352150202856	-0.00526586041927	-0.0605262977378	-0.0557901272965	-0.0369923590111	0.0181802495424	0.00729984684837	0.0220427148035	0.000823601027051	0.0125956750927	-0.012715037857	-0.00177818751568	-0.010084050365	-0.0149491694844	0.0221549549164	-0.00386213023398	0.0411014315579	0.00496667569276	-0.0629399815803	-0.028873738592	0.0113343010421	-0.0109082730228	0.0141046357099	0.0201748677348	0.0101626189693	0.0285578670768	-0.0238603226335	0.0479060138527	-0.0192046195682	0.00930439405549	-0.0193652760265	-0.0027608709571	0.00566052763932	-0.0425642260669	0.00258843982269	-0.0412871265148	-0.0415773664803	-0.0450038571378	-0.0355994233537	-0.00743807541841	-0.0437277407334	-0.0443066992017
k__Bacteria;p__Bacteroidetes;c__Bacteroidia;o__Bacteroidales;f__Bacteroidaceae;g__Bacteroides;s__Bacteroides_ovatus	0.0122864439882	-0.0111215109306	-0.0382236237348	0.00471433557552	0.0015616995939	1.0	0.0227828957046	0.0191846918434	-0.00273656892926	-0.0173978091629	-0.00463577396689	0.0241193007735	-0.0356574496707	0.0172806111635	-0.0200645022346	0.00217695512111	0.0269030012776	-0.0872454041631	0.0496415947686	-0.0504220390593	-0.000852422036663	-0.059187544021	-0.10754994396	0.0351619652815	0.017062169151	0.0320694100071	0.0015550590276	0.0071077975566	-0.0274830962882	-0.0345983322489	-0.0620063243467	-0.0215867776533	0.0668156976531	0.0589224684469	-0.0327891394603	0.0184727022355	0.0113011538053	-0.0592071675357	-0.0301515416979	-0.00473919788246	-0.0210401875764	0.00818747068405	0.0178818833491	-0.0383714915712	-0.0658634546702	-0.0654961475063	-0.0339189923999	-0.00659268032952	0.00747877939534	-0.0640333826703	0.0231099208446	0.0178730665384	0.00218209593632	0.0155121602732	0.0370571035695	0.024610147928	0.00771592828049	-0.0120382678505	0.0015722743933
k__Bacteria;p__Bacteroidetes;c__Bacteroidia;o__Bacteroidales;f__Rikenellaceae;g__Alistipes;s__Alistipes_shahii	-0.0204653453307	-0.06273232775	-0.00578177367566	-0.00774270122855	-0.0251063539077	0.0227828957046	1.0	-0.0358230773747	0.038737303879	-0.0381054940683	0.00989260661924	0.0105478654836	-0.0199644399118	-0.0242694768951	0.0374126850168	-0.0480809344061	-0.0120121692862	0.00152609284081	0.0132052111228	0.0416947708904	-0.0153977602195	0.0278710180056	-0.0571392865324	0.00653811521761	0.0337199433357	-0.0179274096625	0.00912212737602	-0.0252696214276	-0.0543173036501	-0.0461935513794	0.00394847136895	-0.0366354635999	-0.00590525654161	0.0282631439523	-0.0122323075053	0.045942629202	-0.0340182928398	0.00567279447274	-0.0556072090458	-0.0355618081063	-0.0201761032945	-0.042934888023	-0.00397967614272	-0.0301989893126	-0.0135505543382	-0.0313102616757	0.0382673251799	-0.0256188169031	-0.0292779187253	0.00319982667604	-0.0146834081664	-0.0156561928822	-0.00503062819626	-0.0183249093904	-0.0659141624725	0.0580559176457	0.00518140605347	-0.0148841541875	0.058616637361
k__Bacteria;p__Firmicutes;c__Clostridia;o__Clostridiales;f__Ruminococcaceae;g__Faecalibacterium;s__Faecalibacterium_prausnitzii	-0.0390208960588	-0.0676526271784	0.0508095925479	-0.0694114971946	-0.0590812832681	0.0191846918434	-0.0358230773747	1.0	-0.0405310680942	-0.00249159237381	0.0481085117647	-0.0434912640232	0.0131030700318	0.00094958286746	0.0264115867368	-0.0425219398145	0.0238111115161	-0.0402902220346	0.0247808408597	-0.0677692249108	-0.0224299720194	-0.043224533038	-0.0647001035303	0.0241137850409	0.0268266570835	-0.0748333424727	-0.0639248793931	0.00069465744337	0.0262970949744	-0.0338319632001	-0.019990423996	-0.0316281383838	0.0190479512521	-0.0213197794975	-0.00711068451462	0.034799818842	-0.0355821728198	0.0289259840464	0.00297895198861	0.0396382644787	0.00208030938052	0.010850192704	0.0425279787898	-0.0121520460079	-0.0417561455572	0.0416131454578	-0.0132964612594	0.0114626335754	0.0102825602216	-0.0587936800304	0.0210639478765	-0.0120513554776	0.0132279588258	-0.0166711562108	-0.00331324160947	0.00962373672829	0.0172191498647	0.0505513421669	0.0674274868462
k__Bacteria;p__Bacteroidetes;c__Bacteroidia;o__Bacteroidales;f__Rikenellaceae;g__Alistipes;s__Alistipes_finegoldii	0.0243117511533	0.0559566357758	0.0649234010935	-0.0306705214551	-0.0433074111999	-0.00273656892926	0.038737303879	-0.0405310680942	1.0	0.00068581162991	0.0316275625319	-0.0133705400459	-0.0058975106364	0.0643222656078	0.00288469002881	0.0076094136121	-0.0364933166139	-0.0603137766455	0.0182091901738	-0.0335254460928	-0.0209847205649	-0.0703134299145	0.0234474075338	0.00694669211266	-0.0108862865436	-0.0126978377592	-0.00283525148599	0.0209173328833	0.0390657962997	-0.0694975087358	-0.0296151234884	-0.0320627065509	0.0360881443675	-0.0233028634864	0.00408955229097	-0.0149029690651	-0.0306638045051	-0.00637440051968	0.0066440470889	0.0315274448405	0.027178547641	-0.000201406678406	0.0335711750919	-0.0552719050052	-0.0197558270276	-0.00359434645215	0.0349324489077	-0.0500972398662	-0.0171568022228	-0.0395828722828	0.0446476894642	0.0101572280459	-0.020231071486	0.0146929964768	0.0314874323646	-0.00139092081838	-0.00467229540227	-0.0278924251401	-0.0702382974324
k__Bacteria;p__Bacteroidetes;c__Bacteroidia;o__Bacteroidales;f__Porphyromonadaceae;g__Parabacteroides;s__Parabacteroides_distasonis	0.0105235937703	-0.070051994933	0.0405350514662	0.0251361478497	0.0118472258153	-0.0173978091629	-0.0381054940683	-0.00249159237381	0.00068581162991	1.0	-0.0118295758966	-0.054928282726	0.00776187938388	-0.015257018584	-0.0828966003885	0.0267110146831	-0.0399585901991	0.0438703361768	-0.0425995595258	0.0579951147529	0.0424114945497	0.0443767076209	-0.00913065724955	0.0324314871808	-0.0267589692808	-0.0106305950725	0.0186937200085	0.0192868426403	-0.0323191675903	0.0122626317262	-0.0270857634613	0.0256880580034	-0.078474512276	-0.00335107027383	-0.0291828657938	-0.060194909202	-0.00723183965659	0.04537588434	-0.00847691538382	0.0275388444533	-0.0328734079361	0.00434180472105	-0.00569588016748	0.0124371130319	0.015411180967	-0.0441407005098	-0.00689934644987	0.0135586023641	0.0184688046727	-0.0706242102877	-0.00814666481177	-0.00163615717977	-0.0179441017608	-0.0182547497474	-0.018927811584	0.00299944140906	0.00646814246277	0.0130783471447	-0.00415420840863
k__Bacteria;p__Bacteroidetes;c__Bacteroidia;o__Bacteroidales;f__Bacteroidaceae;g__Bacteroides;s__Bacteroides_thetaiotaomicron	-0.00615863759112	0.0101435941572	0.0243554158936	-0.0371196971572	0.0382170789273	-0.00463577396689	0.00989260661924	0.0481085117647	0.0316275625319	-0.0118295758966	1.0	-0.00788896698527	-0.0121763976936	0.0278805362302	-0.0211438385092	-0.060810884491	-0.0515764141503	0.00434143975449	0.0159982921269	-0.0242634861973	0.00567872067637	0.0401972043791	0.0387543646793	0.0282641372806	-0.00372883747674	-0.000129127003687	-0.0291645677396	0.0334446036871	0.0311436100556	-0.0372502435596	0.00344353425626	0.0558789105981	-0.0618355476469	-0.00830518955442	-0.00875210519094	-0.0216436448967	-0.0351610480102	0.0125982075929	-0.00673383696749	-0.0205148049349	0.0631685922689	-0.0242868966076	-0.00180340681806	-0.0416528145109	-0.00457232652207	0.00585404012655	-0.053770815166	-0.0104608567773	0.0472104166673	0.0651418918281	-0.0153705539596	-0.0512173531363	0.00197866319322	-0.0277074142563	-0.00776448875596	0.0158127781922	-0.0233526609826	0.0601763152194	-0.01983476185
k__Bacteria;p__Bacteroidetes;c__Bacteroidia;o__Bacteroidales;f__Bacteroidaceae;g__Bacteroides;s__Bacteroides_coprocola	-0.0311393366008	0.00402130548223	0.0550374019378	0.0121759243092	-0.0451074699316	0.0241193007735	0.0105478654836	-0.0434912640232	-0.0133705400459	-0.054928282726	-0.00788896698527	1.0	0.00261954758068	-0.0116209484351	-0.020363112572	-0.00129862022432	0.0154095634664	-0.00451551121422	0.00581844279559	0.0118074254869	-0.0144611238823	0.00255400165007	-0.00963496071856	-0.0102570678407	0.0121201400583	0.00557778697151	-0.0364762190894	-0.0178864841446	0.0200778155309	-0.0177126224704	0.010664967406	-0.0235282207048	0.0321358449051	0.0326384990125	0.0178859700036	0.0220968283692	0.0490801722868	-0.0320024898621	-0.00636935391796	-0.00694258300928	0.0277516592881	-0.0100438573783	0.0622373010822	-0.072411548551	-0.0168463916049	0.017321798789	0.00210238453479	-0.0113176902834	-0.0355517359801	-0.06346159256	-0.00692186697229	-0.00934049174079	0.00873292263509	0.0590697324611	-0.0149377701875	0.0331982305695	0.0282318187223	0.051134074747	-0.0802032024545
k__Bacteria;p__Bacteroidetes;c__Bacteroidia;o__Bacteroidales;f__Bacteroidaceae;g__Bacteroides;s__Bacteroides_cellulosilyticus	0.000905193270645	-0.0251638278978	-0.003907158283	0.00774729372963	-0.0494741927885	-0.0356574496707	-0.0199644399118	0.0131030700318	-0.0058975106364	0.00776187938388	-0.0121763976936	0.00261954758068	1.0	-0.0324894904579	0.000491938431573	-0.0128091773314	-0.0187318602519	0.0481147747346	-0.0517055213148	-0.0166607810447	-0.00495770209098	-0.00637562492543	-0.0068324704463	-0.0247387890443	0.0134562218939	0.0155262782958	0.00157216361082	-0.0148829301844	0.0135885370559	0.00486591721546	-0.0404123679838	0.0487305445723	0.0421093230406	0.00621110203686	-0.0335532793569	0.0497417902451	-0.0320368372693	-0.00744756053232	0.0221008537188	-0.0630227094331	-0.0211525041743	-0.0397858751983	0.0140705014861	0.0351222690716	-0.00612770931083	-0.0671098253101	0.022475889265	0.0326092987563	0.0181353933655	0.0192825396671	-0.0248034095537	-0.039025032674	-0.0467373868096	0.0304033886203	-0.071344973626	-0.0366033429647	-0.0105140066266	-0.00877645846859	0.00179493922679
k__Bacteria;p__Bacteroidetes;c__Bacteroidia;o__Bacteroidales;f__Rikenellaceae;g__Alistipes;s__Alistipes_obesi	-0.0067639892492	-0.0423570262487	-0.0523669741618	-0.031634704259	0.0329139976727	0.0172806111635	-0.0242694768951	0.00094958286746	0.0643222656078	-0.015257018584	0.0278805362302	-0.0116209484351	-0.0324894904579	1.0	0.0612843312141	-0.00367555491529	-0.0691047062471	-0.00403207149002	0.0437868966108	-0.0556329752942	0.0332794502969	-0.0219308635678	0.0110704958999	-0.0385161112542	0.000549470393372	0.0467379397149	0.021233605056	-0.045103882575	-0.0538471491628	-0.00872771257178	0.0176708231153	0.0673691951026	0.0407596398301	-0.00206493778762	-0.0272975185895	-0.00290755850179	0.021992969654	0.00521598056087	-0.0494696365312	0.0189855952952	-0.0495857804791	0.00983839741284	0.0130892762124	0.0224462843017	-0.0326956337874	0.0326318636229	0.01469459641	0.0157792540826	-0.0262304200919	0.0446209355844	0.00979890692483	-0.0273516388778	0.0235780515474	-0.0412261326965	-0.0134174530001	0.0255565776968	-0.0321525233461	-0.0103106175328	-0.0430315002941
k__Bacteria;p__Firmicutes;c__Clostridia;o__Clostridiales;f__Lachnospiraceae;g__;s__[Eubacterium]_rectale	-0.011545757008	0.0130986665694	-0.0551891945217	0.00307408954183	0.0347498068314	-0.0200645022346	0.0374126850168	0.0264115867368	0.00288469002881	-0.0828966003885	-0.0211438385092	-0.020363112572	0.000491938431573	0.0612843312141	1.0	0.0605529131733	-0.0381727974929	-0.00829445514066	-0.0433487143561	0.00787614384198	-0.0656232057192	0.0147255447461	-0.0476672972552	-0.0189590421101	-0.0560571611222	-0.00660656706956	-0.0392237354498	2.18401922664e-05	-0.021992828946	0.0634282034877	-0.0112349595219	-0.0173101807424	0.018837471947	-0.021670349983	-0.04498446711	-0.0316924979763	0.0180973601013	-0.034120922061	0.0298439601251	-0.0275655976372	0.01356470648	-0.00103909583161	-0.0141927120368	0.000508462236681	-0.0267540522561	0.0253284152272	-0.0102818445316	-0.0249866419121	-0.0274045690568	-0.00596317209258	-0.0631098336289	-0.0311628187921	0.0273580194458	0.0191003205822	0.0891116234647	-0.0259270723325	-0.0272140162267	-0.00199491874769	-0.0331334094365
k__Bacteria;p__Bacteroidetes;c__Bacteroidia;o__Bacteroidales;f__Bacteroidaceae;g__Bacteroides;s__Bacteroides_plebeius	-0.0557425873635	-0.0224441354139	0.0119811491352	0.0193077310765	-0.0219557427269	0.00217695512111	-0.0480809344061	-0.0425219398145	0.0076094136121	0.0267110146831	-0.060810884491	-0.00129862022432	-0.0128091773314	-0.00367555491529	0.0605529131733	1.0	0.00991419010478	-0.0261673538178	-0.0170398107312	0.0258286244688	-0.0115597220352	0.0222248458686	-0.00849145940939	-0.0485784049911	-0.0608845053215	-0.0234129407364	-0.0532838962994	0.0162635292567	0.0172745238045	0.0020413117378	-0.0342498838674	0.0303893092861	0.00211047135881	0.0410593398346	0.00901483779983	-0.0127013210813	-0.0148955007774	0.0197815396784	0.0517202711877	0.0188465662439	0.0212469102266	-0.0126578237092	0.00228765002926	-0.0415621254411	0.0500218567064	-0.0713339946659	0.0391995137459	-0.0100768941192	0.0193878946479	-0.0169928626374	-0.0121309485598	0.0238060521758	0.0330728757549	-0.00715999224971	-0.0481646401403	-0.0313015779667	-0.00857355324824	0.021874765279	0.0191966581646
k__Bacteria;p__Bacteroidetes;c__Bacteroidia;o__Bacteroidales;f__Bacteroidaceae;g__Bacteroides;s__Bacteroides_fragilis	-0.0446266202559	-0.0405865070996	-0.00974757017609	-0.0438317993573	-0.0215036113489	0.0269030012776	-0.0120121692862	0.0238111115161	-0.0364933166139	-0.0399585901991	-0.0515764141503	0.0154095634664	-0.0187318602519	-0.0691047062471	-0.0381727974929	0.00991419010478	1.0	-0.00477517422649	-0.00790136676513	0.0410649015576	0.0211151706964	0.0344589395286	-0.0487171796543	0.0116635809808	-0.0204876171367	-0.0250870339583	0.02303315029	-0.0313621268757	0.0457661644519	-0.0047942973895	-0.0145340710786	0.064207223259	0.0146732536619	0.0139401561673	0.0094483065782	0.000490576062247	0.0246692351451	-0.03082345785	-0.0163438060526	-0.0658879195787	0.029817031441	0.057917728518	-0.0131223821232	-0.00267658711136	-0.0321862329466	0.00721944783149	-0.0875856356934	-0.0369230824222	0.0252648185579	0.0159392671231	-0.0354356107259	-0.0198558497122	0.00696724759996	-0.0110332667867	0.0566201966087	0.0363669606894	-0.00826907887869	0.0219094044964	-0.0373930495944
k__Bacteria;p__Proteobacteria;c__Betaproteobacteria;o__Burkholderiales;f__Sutterellaceae;g__Sutterella;s__Sutterella_wadsworthensis	-0.0267043285082	-0.0324877535089	-0.0611245581814	-0.00755238811025	-0.00352150202856	-0.0872454041631	0.00152609284081	-0.0402902220346	-0.0603137766455	0.0438703361768	0.00434143975449	-0.00451551121422	0.0481147747346	-0.00403207149002	-0.00829445514066	-0.0261673538178	-0.00477517422649	1.0	0.000758335984795	-0.0277532526182	0.0588105767247	-0.0598359625832	-0.0261390097232	0.0125488729849	-0.0186510099728	-0.0122576732188	0.0231442305888	-0.0166804580939	-0.0103798984639	0.0385520889099	-0.0413232528718	-0.0101601492868	0.0213617649475	-0.0371957600299	-0.0219022566438	-0.00709067586339	-0.0455994796025	-0.0206525562645	0.0239851222061	-0.043405416818	0.0479953254988	0.0444120914868	-0.0617317886234	-0.0505811077956	0.00303145897849	-0.0613724323915	-0.0477126985642	-0.0335694448215	0.0324572926777	-0.0210024416799	-0.0518011266378	-0.0114461343503	-0.000526258312346	0.00113916933835	-0.0527514906728	0.00820856704325	0.0306109865258	0.00796101753073	0.046704254439
k__Bacteria;p__Bacteroidetes;c__Bacteroidia;o__Bacteroidales;f__Porphyromonadaceae;g__Barnesiella;s__Barnesiella_intestinihominis	-0.00308128854886	-0.00295098327969	-0.00208069767283	-0.0657661724025	-0.00526586041927	0.0496415947686	0.0132052111228	0.0247808408597	0.0182091901738	-0.0425995595258	0.0159982921269	0.00581844279559	-0.0517055213148	0.0437868966108	-0.0433487143561	-0.0170398107312	-0.00790136676513	0.000758335984796	1.0	-0.0388040456752	0.00349153247844	-0.0215327689339	0.0207735968825	0.00885567649216	-0.0012341204352	-0.025613057105	0.00172529612975	0.00958712755766	-0.00702052105844	-0.00634111464077	0.0521363686327	0.0433524073208	0.000519430796526	-0.00762911998692	-0.0487164732393	-0.0082260371827	-0.0232894905932	-0.0338004770687	-0.0844630999085	0.0100138702214	-0.0174745672423	-0.0554020225965	0.037843589513	-0.0109804538883	0.0439869404013	-0.0363699032953	0.0126357387117	-0.0404443529904	0.0246446486106	-0.0493202396941	0.0499461953046	0.0559997193538	-0.0269942967166	0.0550847413911	-0.0167893472561	0.0405280895702	-0.0273603268866	0.0176319044047	0.0166382201937
k__Bacteria;p__Bacteroidetes;c__Bacteroidia;o__Bacteroidales;f__Odoribacteraceae;g__Odoribacter;s__Odoribacter_splanchnicus	0.00994192291267	0.00521170990335	0.0199788433516	-0.035460976189	-0.0605262977378	-0.0504220390593	0.0416947708904	-0.0677692249108	-0.0335254460928	0.0579951147529	-0.0242634861973	0.0118074254869	-0.0166607810447	-0.0556329752942	0.00787614384198	0.0258286244688	0.0410649015576	-0.0277532526182	-0.0388040456752	1.0	0.0487419766326	0.0160560581994	0.0309315129976	0.0156194216394	0.0132778110811	-0.000664705709121	0.0306560099382	-0.0138582676905	0.0159865027072	0.0236529766089	-0.0194540335771	-0.0280195237399	-0.00857650006425	-0.0125005640027	-0.00402854262255	0.0246458721686	-0.0171947957957	0.002134511774	0.0119059083551	-0.00150856422593	0.0117490284041	-0.0178475275868	0.00731855498752	-0.0181169667958	-0.00238177342113	-0.0602486528578	-0.0372548846931	-0.0154557412875	-0.0747161100046	-0.0135299300164	-0.0431420309739	-0.0288219763943	-0.0118634745058	0.00979883929505	-0.0173494202225	-0.0354980631435	-0.00295366623355	-0.0108404189909	0.00444989880099
k__Bacteria;p__Bacteroidetes;c__Bacteroidia;o__Bacteroidales;f__Bacteroidaceae;g__Bacteroides;s__Bacteroides_salyersiae	-0.0696304957677	-0.0201038066257	-0.0204034157209	-0.0261014877348	-0.0557901272965	-0.000852422036663	-0.0153977602195	-0.0224299720194	-0.0209847205649	0.0424114945497	0.00567872067637	-0.0144611238823	-0.00495770209098	0.0332794502969	-0.0656232057192	-0.0115597220352	0.0211151706964	0.0588105767247	0.00349153247844	0.0487419766326	1.0	-0.0307436802241	0.0246316656133	0.038779177561	-0.0138084753419	0.0243062105577	-0.0557663761583	-0.00633672138471	-0.0473429909252	-0.0611927346909	0.0402052440128	0.00425299725886	-0.0350023719768	0.0188766211724	-0.021438236916	0.020109473676	-0.0190744432224	0.0146949745221	0.00412357365984	-0.0137925359861	-0.0123668384191	-0.00631559944616	0.0171559803754	-0.00351885305466	0.0321255965505	0.00614626604201	-0.0106618244983	-0.0359135586327	-0.00793290589247	-0.0149813618926	0.0384785754679	0.006739901566	0.0112034793759	0.00162885397576	-0.0155244176097	-0.0459562323658	-0.00443823559301	-0.0159119391341	0.0164080039094
k__Bacteria;p__Firmicutes;c__Clostridia;o__Clostridiales;f__Ruminococcaceae;g__Ruminiclostridium;s__[Eubacterium]_siraeum	-0.0173056215492	-0.00343344208847	-0.0171622470029	-0.0359570059139	-0.0369923590111	-0.059187544021	0.0278710180056	-0.043224533038	-0.0703134299145	0.0443767076209	0.0401972043791	0.00255400165007	-0.00637562492544	-0.0219308635678	0.0147255447461	0.0222248458686	0.0344589395286	-0.0598359625832	-0.0215327689339	0.0160560581994	-0.0307436802241	1.0	0.0364468377051	-0.0232230042033	0.0258799345411	-0.0445492258066	0.012269474559	-0.0211574499982	-0.10677114463	-0.018020981044	0.0338236370684	-0.00190863774052	0.0439751106661	-0.020756020573	-0.0284213433067	-0.0151055491134	-0.0561758470616	-0.0274312539001	-0.00389683448714	0.0327656121234	-0.0108681240856	-0.0013126607882	-0.022104940018	-0.0257273776156	0.0394075417127	-0.038625416633	0.0273234128332	-0.0473624317811	0.0133289475227	-0.0526761840725	0.0644233361917	-0.0460563553992	0.0486487720036	-0.00647487386177	0.0228453632788	0.0454263045203	-0.0204817386412	0.074173363728	0.0177142763858
k__Bacteria;p__Proteobacteria;c__Betaproteobacteria;o__Burkholderiales;f__Sutterellaceae;g__Parasutterella;s__Parasutterella_excrementihominis	-0.0102590932704	0.0064988914387	0.00573479549155	-0.0175843311928	0.0181802495424	-0.10754994396	-0.0571392865324	-0.0647001035303	0.0234474075338	-0.00913065724955	0.0387543646793	-0.00963496071856	-0.0068324704463	0.0110704958999	-0.0476672972552	-0.00849145940939	-0.0487171796543	-0.0261390097232	0.0207735968825	0.0309315129976	0.0246316656133	0.0364468377051	1.0	-0.0538351474811	-0.0632689925489	0.0147957728126	0.0412636528802	-0.047747297623	-0.00128050641686	-0.0161713094838	-0.016873558099	-0.0476149164598	-0.0210645530145	-0.0433876746725	-0.0201184569668	-0.010743665009	-0.0221856644577	0.0112521299738	0.0541430122449	0.0290752327936	-0.019717841736	0.0423894541528	0.00810267491464	0.0010010331051	0.0410507135248	0.0166497932612	-0.0179613845392	0.0233159810547	0.0241033018826	0.0127367547856	-0.040986430512	-0.032984948953	-0.000101823602307	0.0510854333754	0.0361802742809	0.0189177008523	0.0423482427935	-0.024593022315	-0.072906854175
k__Bacteria;p__Actinobacteria;c__Actinobacteria;o__Bifidobacteriales;f__Bifidobacteriaceae;g__Bifidobacterium;s__Bifidobacterium_adolescentis	-0.0196227701299	0.00954870593547	-0.00178620628483	0.0160872588933	0.00729984684837	0.0351619652815	0.00653811521761	0.0241137850409	0.00694669211266	0.0324314871808	0.0282641372806	-0.0102570678407	-0.0247387890443	-0.0385161112542	-0.0189590421101	-0.0485784049911	0.0116635809808	0.0125488729849	0.00885567649216	0.0156194216394	0.038779177561	-0.0232230042033	-0.0538351474811	1.0	0.0429876381854	-0.0195982539566	-0.0477379037321	0.0137512559264	-0.0537935054879	6.21243462939e-05	0.00684793576986	-0.048445594691	-0.0691639357112	-0.0258957398585	-0.0121205972504	0.0275197512871	0.0231051485432	-0.0378469053467	-0.018734419802	-0.010006114354	0.0128899999813	-0.0213371465576	0.0157910941263	-0.0241483604204	-0.0189280505202	0.00772755283601	-0.0182612964398	-0.0256620006878	0.0379290536476	-0.00870418436755	0.00711820723869	0.0351208010028	0.0050215910867	0.00753394322471	-0.015481948173	-0.0370870648606	0.0330360300429	-0.0231258938206	0.0046316125078
k__Bacteria;p__Firmicutes;c__Clostridia;o__Clostridiales;f__Oscillospiraceae;g__Oscillibacter;s__Oscillibacter_sp._KLE_1745	0.0444678349864	0.0156519480316	-0.00991412324951	-0.0692354222232	0.0220427148035	0.017062169151	0.0337199433357	0.0268266570835	-0.0108862865436	-0.0267589692808	-0.00372883747674	0.0121201400583	0.0134562218939	0.000549470393372	-0.0560571611222	-0.0608845053215	-0.0204876171367	-0.0186510099728	-0.0012341204352	0.0132778110811	-0.0138084753419	0.0258799345411	-0.0632689925489	0.0429876381854	1.0	0.0303602011436	0.00547514585279	0.0397922610253	-0.0621529604243	-0.010830666707	-0.0333642766843	-0.00356107470827	-0.00169440389997	0.0376261412739	-0.0488513914431	0.0125811666583	-0.0469993654653	0.00268758036074	-0.0328167780119	-0.0108621527428	0.0184117484602	0.00166101613071	0.00868785020295	0.0211126484525	-0.028798131961	0.00314457461092	0.00462152235273	-0.000588188326466	0.0295068977005	0.0320412044884	0.0134404776909	-0.051218886602	0.0350040659845	-0.0450928494943	-0.0499386248924	-0.0417767342726	-0.0475272767242	-0.0264075379416	-0.0807188714618
k__Bacteria;p__Bacteroidetes;c__Bacteroidia;o__Bacteroidales;f__Bacteroidaceae;g__Bacteroides;s__Bacteroides_coprophilus	0.0271858729914	0.00571155428916	-0.0174701420072	-0.0235826706071	0.000823601027051	0.0320694100071	-0.0179274096625	-0.0748333424727	-0.0126978377592	-0.0106305950725	-0.000129127003687	0.00557778697151	0.0155262782958	0.0467379397149	-0.00660656706956	-0.0234129407364	-0.0250870339583	-0.0122576732188	-0.025613057105	-0.000664705709121	0.0243062105577	-0.0445492258066	0.0147957728126	-0.0195982539566	0.0303602011436	1.0	0.00929140218496	0.0241597531537	0.00833956392867	0.00236952228668	0.00707503366642	-0.0265809153511	0.0160615672468	-0.0354605484153	0.00137672576876	-0.0307087967516	6.86878506846e-06	-0.0802207634931	0.0491173711291	0.0341596776336	0.0318379522237	0.0474688668669	-0.0107902229591	-0.00125723392459	-0.0103865413671	-0.0331579678814	-0.0654321506881	-0.0258718574924	-0.0107022801625	-0.041260491437	0.0426258181191	-0.0294104662114	0.0281754219438	-0.0461618668063	0.0384038725898	-0.0347270766981	0.0605285606862	-0.0892439958748	-0.0398286809787
k__Bacteria;p__Firmicutes;c__Clostridia;o__Clostridiales;f__Lachnospiraceae;g__Roseburia;s__Roseburia_intestinalis	0.00923848222843	-0.022980238095	0.0305400842536	0.0180615119148	0.0125956750927	0.0015550590276	0.00912212737602	-0.0639248793931	-0.00283525148599	0.0186937200085	-0.0291645677396	-0.0364762190894	0.00157216361082	0.021233605056	-0.0392237354498	-0.0532838962994	0.02303315029	0.0231442305888	0.00172529612975	0.0306560099382	-0.0557663761583	0.012269474559	0.0412636528802	-0.0477379037321	0.00547514585279	0.00929140218496	1.0	-0.0231979760451	-0.0301250857517	0.0107117317321	-0.00670450133218	-0.0144011708076	-0.0111409822701	0.0281871224793	-0.0104937354779	0.000239214872316	0.0104169775573	-0.0206354426405	0.04542971991	0.0153283249209	-0.00681732166275	-0.0150762165135	-0.00973627565344	0.0186979446295	0.0153351956401	1.32129534024e-05	-0.0295353366789	0.0114039910098	-0.0173954184399	0.00185395232334	-0.0495120842558	0.0116270600275	0.000948528058191	-0.0199089579081	-0.0345132859079	0.0188056333881	-0.0089728058247	0.0153941969344	0.00191215136492
k__Bacteria;p__Firmicutes;c__Clostridia;o__Clostridiales;f__Lachnospiraceae;g__Roseburia;s__Roseburia_hominis	-0.0319031781066	0.00318507149896	-0.010834212955	-0.0402938903041	-0.012715037857	0.0071077975566	-0.0252696214276	0.00069465744337	0.0209173328833	0.0192868426403	0.0334446036871	-0.0178864841446	-0.0148829301844	-0.045103882575	2.18401922664e-05	0.0162635292567	-0.0313621268757	-0.0166804580939	0.00958712755766	-0.0138582676905	-0.00633672138471	-0.0211574499982	-0.047747297623	0.0137512559264	0.0397922610253	0.0241597531537	-0.0231979760451	1.0	0.00554065977698	-0.00586490819143	0.0217156225673	0.0261886821979	0.0142839146253	-0.0061700988037	-0.0110677818841	-0.00174451531717	0.0240517160779	0.0100055572991	-0.0265203881482	0.0146398141877	-0.0312308368276	-0.0391353479965	-0.0171868431101	-0.014045388892	0.000356183526312	-0.00788574862811	0.0601209680413	-0.0369053022504	0.0241029714442	-0.0030468113991	-0.0323973879232	-0.0231110253644	-0.0238159977165	-0.005144233844	-0.00556345295313	-0.0634223235727	0.0309193286059	-0.0329464095373	0.024415690287
k__Bacteria;p__Bacteroidetes;c__Bacteroidia;o__Bacteroidales;f__Porphyromonadaceae;g__Parabacteroides;s__Parabacteroides_johnsonii	-0.0468775544397	-0.035225827581	-0.0342499952455	-0.00226174191189	-0.00177818751568	-0.0274830962882	-0.0543173036501	0.0262970949744	0.0390657962997	-0.0323191675903	0.0311436100556	0.0200778155309	0.0135885370559	-0.0538471491628	-0.021992828946	0.0172745238045	0.0457661644519	-0.0103798984639	-0.00702052105844	0.0159865027072	-0.0473429909252	-0.10677114463	-0.00128050641686	-0.0537935054879	-0.0621529604243	0.00833956392867	-0.0301250857517	0.00554065977698	1.0	0.0487813765041	-0.00947275542359	0.00632535249579	0.0266207515899	0.00922190459239	-0.00984720502993	0.0291457815755	0.0378109814268	-0.0225510988363	-0.0160324865321	-0.056633278136	0.00253781912602	-0.0569666488729	0.0284650490588	-0.0522109068391	-0.00112773655049	0.019187546539	0.0277265800959	-0.0301667611006	-0.00714893755126	-0.0290711357663	-0.0415780052051	-0.0025957820634	0.017067810462	0.0088408185608	0.00471057005046	-0.093808851948	-0.0200351568922	0.0281726681211	-0.00479344745522
k__Bacteria;p__Actinobacteria;c__Actinobacteria;o__Bifidobacteriales;f__Bifidobacteriaceae;g__Bifidobacterium;s__Bifidobacterium_longum	-0.00337198267658	-0.00543155602724	-0.00997130102057	-0.0251719214657	-0.010084050365	-0.0345983322489	-0.0461935513794	-0.0338319632001	-0.0694975087358	0.0122626317262	-0.0372502435596	-0.0177126224704	0.00486591721546	-0.00872771257178	0.0634282034877	0.0020413117378	-0.0047942973895	0.0385520889099	-0.00634111464077	0.0236529766089	-0.0611927346909	-0.018020981044	-0.0161713094838	6.21243462941e-05	-0.010830666707	0.00236952228668	0.0107117317321	-0.00586490819143	0.0487813765041	1.0	5.23431306032e-05	0.0295179225318	0.00355972220241	0.0537227596404	-0.0237074360245	-0.0353721193743	0.027925325535	-0.0389367977878	-0.00778858255731	-0.00636786835577	-0.0334992578092	-0.00532154712206	-0.016228256537	-0.0190951376783	-0.0468245327231	0.0764075579864	-0.00825073009244	-0.00934677880122	0.0539982959138	0.0299212320797	-0.00645352344865	-0.0373200143978	-0.00866984754851	-0.0399728979273	-0.00755774864145	0.0349026328582	-0.054060313738	-0.0229792357015	0.017891547398
