#taxonomy	k__Bacteria;p__Bacteroidetes;c__Bacteroidia;o__Bacteroidales;f__Bacteroidaceae;g__Bacteroides;s__Bacteroides_vulgatus	k__Bacteria;p__Bacteroidetes;c__Bacteroidia;o__Bacteroidales;f__Bacteroidaceae;g__Bacteroides;s__Bacteroides_uniformis	k__Bacteria;p__Bacteroidetes;c__Bacteroidia;o__Bacteroidales;f__Rikenellaceae;g__Alistipes;s__Alistipes_putredinis	k__Bacteria;p__Bacteroidetes;c__Bacteroidia;o__Bacteroidales;f__Prevotellaceae;g__Prevotella;s__Prevotella_copri	k__Bacteria;p__Bacteroidetes;c__Bacteroidia;o__Bacteroidales;f__Bacteroidaceae;g__Bacteroides;s__Bacteroides_stercoris	k__Bacteria;p__Bacteroidetes;c__Bacteroidia;o__Bacteroidales;f__Bacteroidaceae;g__Bacteroides;s__Bacteroides_ovatus	k__Bacteria;p__Bacteroidetes;c__Bacteroidia;o__Bacteroidales;f__Rikenellaceae;g__Alistipes;s__Alistipes_shahii	k__Bacteria;p__Firmicutes;c__Clostridia;o__Clostridiales;f__Ruminococcaceae;g__Faecalibacterium;s__Faecalibacterium_prausnitzii	k__Bacteria;p__Bacteroidetes;c__Bacteroidia;o__Bacteroidales;f__Rikenellaceae;g__Alistipes;s__Alistipes_finegoldii	k__Bacteria;p__Bacteroidetes;c__Bacteroidia;o__Bacteroidales;f__Porphyromonadaceae;g__Parabacteroides;s__Parabacteroides_distasonis	k__Bacteria;p__Bacteroidetes;c__Bacteroidia;o__Bacteroidales;f__Bacteroidaceae;g__Bacteroides;s__Bacteroides_thetaiotaomicron	k__Bacteria;p__Bacteroidetes;c__Bacteroidia;o__Bacteroidales;f__Bacteroidaceae;g__Bacteroides;s__Bacteroides_coprocola	k__Bacteria;p__Bacteroidetes;c__Bacteroidia;o__Bacteroidales;f__Bacteroidaceae;g__Bacteroides;s__Bacteroides_cellulosilyticus	k__Bacteria;p__Bacteroidetes;c__Bacteroidia;o__Bacteroidales;f__Rikenellaceae;g__Alistipes;s__Alistipes_obesi	k__Bacteria;p__Firmicutes;c__Clostridia;o__Clostridiales;f__Lachnospiraceae;g__;s__[Eubacterium]_rectale	k__Bacteria;p__Bacteroidetes;c__Bacteroidia;o__Bacteroidales;f__Bacteroidaceae;g__Bacteroides;s__Bacteroides_plebeius	k__Bacteria;p__Bacteroidetes;c__Bacteroidia;o__Bacteroidales;f__Bacteroidaceae;g__Bacteroides;s__Bacteroides_fragilis	k__Bacteria;p__Proteobacteria;c__Betaproteobacteria;o__Burkholderiales;f__Sutterellaceae;g__Sutterella;s__Sutterella_wadsworthensis	k__Bacteria;p__Bacteroidetes;c__Bacteroidia;o__Bacteroidales;f__Porphyromonadaceae;g__Barnesiella;s__Barnesiella_intestinihominis	k__Bacteria;p__Bacteroidetes;c__Bacteroidia;o__Bacteroidales;f__Odoribacteraceae;g__Odoribacter;s__Odoribacter_splanchnicus	k__Bacteria;p__Bacteroidetes;c__Bacteroidia;o__Bacteroidales;f__Bacteroidaceae;g__Bacteroides;s__Bacteroides_salyersiae	k__Bacteria;p__Firmicutes;c__Clostridia;o__Clostridiales;f__Ruminococcaceae;g__Ruminiclostridium;s__[Eubacterium]_siraeum	k__Bacteria;p__Proteobacteria;c__Betaproteobacteria;o__Burkholderiales;f__Sutterellaceae;g__Parasutterella;s__Parasutterella_excrementihominis	k__Bacteria;p__Actinobacteria;c__Actinobacteria;o__Bifidobacteriales;f__Bifidobacteriaceae;g__Bifidobacterium;s__Bifidobacterium_adolescentis	k__Bacteria;p__Firmicutes;c__Clostridia;o__Clostridiales;f__Oscillospiraceae;g__Oscillibacter;s__Oscillibacter_sp._KLE_1745	k__Bacteria;p__Bacteroidetes;c__Bacteroidia;o__Bacteroidales;f__Bacteroidaceae;g__Bacteroides;s__Bacteroides_coprophilus	k__Bacteria;p__Firmicutes;c__Clostridia;o__Clostridiales;f__Lachnospiraceae;g__Roseburia;s__Roseburia_intestinalis	k__Bacteria;p__Firmicutes;c__Clostridia;o__Clostridiales;f__Lachnospiraceae;g__Roseburia;s__Roseburia_hominis	k__Bacteria;p__Bacteroidetes;c__Bacteroidia;o__Bacteroidales;f__Porphyromonadaceae;g__Parabacteroides;s__Parabacteroides_johnsonii	k__Bacteria;p__Actinobacteria;c__Actinobacteria;o__Bifidobacteriales;f__Bifidobacteriaceae;g__Bifidobacterium;s__Bifidobacterium_longum	k__Bacteria;p__Firmicutes;c__Clostridia;o__Clostridiales;f__;g__Flavonifractor;s__Flavonifractor_plautii	k__Bacteria;p__Firmicutes;c__Clostridia;o__Clostridiales;f__Clostridiaceae;g__Clostridium;s__Clostridium_phoceensis	k__Bacteria;p__Verrucomicrobia;c__Verrucomicrobiae;o__Verrucomicrobiales;f__Akkermansiaceae;g__Akkermansia;s__Akkermansia_muciniphila	k__Bacteria;p__Bacteroidetes;c__Bacteroidia;o__Bacteroidales;f__Prevotellaceae;g__Paraprevotella;s__Paraprevotella_xylaniphila	k__Bacteria;p__Firmicutes;c__Clostridia;o__Clostridiales;f__Ruminococcaceae;g__Ruminococcus;s__Ruminococcus_callidus	k__Bacteria;p__Bacteroidetes;c__Bacteroidia;o__Bacteroidales;f__Rikenellaceae;g__Alistipes;s__Alistipes_senegalensis	k__Bacteria;p__Firmicutes;c__Clostridia;o__Clostridiales;f__Lachnospiraceae;g__Blautia;s__Blautia_sp._KLE_1732	k__Bacteria;p__Bacteroidetes;c__Bacteroidia;o__Bacteroidales;f__Bacteroidaceae;g__Bacteroides;s__Bacteroides_oleiciplenus	k__Bacteria;p__Firmicutes;c__Clostridia;o__Clostridiales;f__Ruminococcaceae;g__Ruminococcus;s__Ruminococcus_bicirculans	k__Bacteria;p__Bacteroidetes;c__Bacteroidia;o__Bacteroidales;f__Bacteroidaceae;g__Bacteroides;s__Bacteroides_fluxus	k__Bacteria;p__Bacteroidetes;c__Bacteroidia;o__Bacteroidales;f__Prevotellaceae;g__Prevotella;s__Prevotella_stercorea	k__Bacteria;p__Firmicutes;c__Clostridia;o__Clostridiales;f__Lachnospiraceae;g__Dorea;s__Dorea_longicatena	k__Bacteria;p__Firmicutes;c__Clostridia;o__Clostridiales;f__Eubacteriaceae;g__Eubacterium;s__[Eubacterium]_eligens	k__Bacteria;p__Firmicutes;c__Clostridia;o__Clostridiales;f__Ruminococcaceae;g__;s__Ruminococcaceae_bacterium_D16	k__Bacteria;p__Firmicutes;c__Clostridia;o__Clostridiales;f__Lachnospiraceae;g__Coprococcus;s__Coprococcus_comes	k__Bacteria;p__Proteobacteria;c__Gammaproteobacteria;o__Enterobacterales;f__Enterobacteriaceae;g__Escherichia;s__Escherichia_coli	k__Bacteria;p__Firmicutes;c__Clostridia;o__Clostridiales;f__Ruminococcaceae;g__Anaerotruncus;s__Anaerotruncus_colihominis	k__Bacteria;p__Firmicutes;c__Clostridia;o__Clostridiales;f__Lachnospiraceae;g__Blautia;s__Blautia_obeum	k__Bacteria;p__Bacteroidetes;c__Bacteroidia;o__Bacteroidales;f__Odoribacteraceae;g__Odoribacter;s__Odoribacter_laneus	k__Bacteria;p__Firmicutes;c__Clostridia;o__Clostridiales;f__Ruminococcaceae;g__Ruminiclostridium;s__[Clostridium]_leptum	k__Bacteria;p__Bacteroidetes;c__Bacteroidia;o__Bacteroidales;f__Porphyromonadaceae;g__Parabacteroides;s__Parabacteroides_goldsteinii	k__Bacteria;p__Firmicutes;c__Clostridia;o__Clostridiales;f__Lachnospiraceae;g__Anaerostipes;s__Anaerostipes_hadrus	k__Bacteria;p__Firmicutes;c__Clostridia;o__Clostridiales;f__Ruminococcaceae;g__Ruminococcus;s__Ruminococcus_lactaris	k__Bacteria;p__Firmicutes;c__Clostridia;o__Clostridiales;f__Clostridiaceae;g__Clostridium;s__Clostridium_sp._L2-50	k__Bacteria;p__Firmicutes;c__Clostridia;o__Clostridiales;f__Clostridiaceae;g__Clostridium;s__Clostridium_sp._M62/1	k__Bacteria;p__Firmicutes;c__Clostridia;o__Clostridiales;f__;g__Intestinimonas;s__Intestinimonas_butyriciproducens	k__Bacteria;p__Actinobacteria;c__Actinobacteria;o__Bifidobacteriales;f__Bifidobacteriaceae;g__Bifidobacterium;s__Bifidobacterium_bifidum	k__Bacteria;p__Firmicutes;c__Negativicutes;o__Veillonellales;f__Veillonellaceae;g__Dialister;s__Dialister_invisus	k__Bacteria;p__Bacteroidetes;c__Bacteroidia;o__Bacteroidales;f__Bacteroidaceae;g__Bacteroides;s__Bacteroides_salanitronis
k__Bacteria;p__Bacteroidetes;c__Bacteroidia;o__Bacteroidales;f__Bacteroidaceae;g__Bacteroides;s__Bacteroides_vulgatus	1.0	0.00250084541045	-0.015723899838	0.00285571689824	0.00176594367279	0.0325106447317	0.0101230312923	0.0190938841968	-0.0478100512459	0.00203110044898	-0.00659277926312	-0.0259091050615	-0.0433770108246	0.00633097560426	-0.053726076834	-0.0693437285035	0.0223145630236	0.00108567072902	0.02319085397	-0.0181577062068	0.0199388887631	0.038614873903	-0.00732635148361	-0.0527675777339	-0.0375522500864	-0.0570173901093	-0.0494802890638	-0.0288742997499	-0.0526810444961	0.0235143764958	-0.0103534722502	-0.043962936031	0.00806388170625	-0.00370060813619	0.0238592321525	0.0202545319823	-0.0415571706489	-0.0237996950189	0.0328481600934	-0.0336570705513	-0.0170564429536	-0.00752004930632	-0.00469893948461	-0.00471799876834	-0.0216534927522	-0.00172692672184	-0.0529478130189	0.00501663821597	0.0652737389833	-0.000889255666746	-0.018293732993	-0.0476701834336	-0.0160809316705	0.0102772793478	0.0447535097998	-0.000445660314559	-0.031917776765	0.00542324871753	0.00670127101449
k__Bacteria;p__Bacteroidetes;c__Bacteroidia;o__Bacteroidales;f__Bacteroidaceae;g__Bacteroides;s__Bacteroides_uniformis	0.00250084541045	1.0	-0.0159218744171	0.00881665063927	0.0291747624623	0.024911308134	-0.0393986780584	0.0365489968061	0.0294309135327	-0.0351820422751	-0.0288422902468	-0.0185021661859	-0.0304219176196	-0.0131191377983	0.00794785272964	-0.0303634172933	-0.0115389138076	-0.0419753949544	-0.00266575337382	0.0166684845571	0.00335451031574	0.0295332465027	-0.0228838303549	-0.033831371987	-0.0030285496203	-0.0231717913432	0.00356144666314	-0.00350410794687	-0.0242806479787	0.0475061427032	0.0262074320852	0.0532596702388	-0.0288361664773	0.0524992397309	-0.031563035576	0.0220619207621	-0.00232226563982	-0.0356045367274	-0.0334226945719	-0.0267734843179	-0.0310923201282	0.0105960356224	0.00312491278013	0.0026472532051	-0.0205245988064	-0.0500276992665	-0.00451436101385	-0.0253697830477	0.0221885624159	0.0597320764109	-0.0491002651043	-0.0354778032146	-0.0659191328365	-0.03071228182	-0.023556888963	-0.00566167711848	-0.0398090455112	0.04014391954	-0.00220874679476
k__Bacteria;p__Bacteroidetes;c__Bacteroidia;o__Bacteroidales;f__Rikenellaceae;g__Alistipes;s__Alistipes_putredinis	-0.015723899838	-0.0159218744171	1.0	0.0542412329296	-0.0120806349373	0.0100888110084	-0.0335154712123	0.0220191177321	-0.0639746634387	0.0282501225073	-0.067405610952	0.00762412323224	-0.024711701475	0.060673927964	-0.0158986424369	0.0233446596781	0.00192993762634	-0.0137608279347	-0.0562827292918	-0.0416787326008	-0.0282543304156	-0.0220909924804	0.0521294853514	-0.0185377521044	-0.0642485467665	-0.0159805794849	-0.0202798695732	0.00522854478069	-0.00157837811551	-0.0160502136795	0.047260219462	0.00308648426873	-0.0162800800992	0.00479661278149	0.0013873575241	0.00408570005985	-0.0049243060898	0.0160424450262	-0.0794296045193	-0.00482423824222	0.0286023875191	-0.000367820995485	-0.0145688197884	-0.0059425597037	-0.0210443932584	0.00577007591655	-0.023605524293	-0.00101568081028	-0.0139563478888	-0.0112110441109	0.00814619207206	-0.0428344209661	-0.0345214219782	0.0342211794976	-0.0183932098866	-0.00916594761401	-0.00537273370337	-0.0332056534745	-0.0147780568663
k__Bacteria;p__Bacteroidetes;c__Bacteroidia;o__Bacteroidales;f__Prevotellaceae;g__Prevotella;s__Prevotella_copri	0.00285571689824	0.00881665063927	0.0542412329296	1.0	0.01998493765	0.0402069478087	-0.0182340157982	-0.0177217041581	0.0117437560948	0.012136959423	0.0102542782661	0.00380473230912	-0.0222651457054	0.0819830836144	-0.0151515012009	0.0255074874149	-0.0406784121522	-0.0334572006628	-0.0048533163147	-0.0220219553326	0.0219459262702	-0.0123802500484	-0.00742633383694	-0.0151235993081	-0.0364352777291	-0.0416032920524	0.00813410177928	-0.000751287090091	-0.0246783316066	0.000189565810244	0.0263886665084	-0.0306911387518	-0.0766896521215	-0.0346239392055	-0.0441792930934	0.0815615388347	0.0365427624475	-0.0503619825548	-0.0252307655664	0.00208880155642	-0.0232443625215	0.00311811076474	-0.0104956411794	-0.00658093050862	-0.0692875731222	0.00512703576968	0.0372759437316	-0.0319506867099	0.0105185507411	-0.017622011692	-0.00975401940252	-0.00345526544624	-0.00810364486606	-0.0102751138978	0.0194958175761	-0.0164748092432	-0.0365555080113	-0.026960423472	-0.0040871972932
k__Bacteria;p__Bacteroidetes;c__Bacteroidia;o__Bacteroidales;f__Bacteroidaceae;g__Bacteroides;s__Bacteroides_stercoris	0.00176594367279	0.0291747624623	-0.0120806349373	0.01998493765	1.0	-0.02849192684	0.020621237901	0.0115247103969	0.00572494009325	0.00809990901771	-0.00371914198148	0.0365078268808	0.00776070927829	-0.0178295210997	0.00194541293141	-0.000245174532635	0.0302747285404	-0.00934530568687	0.0514547300345	-0.0426371771974	-0.0162957329836	0.0198978636378	-0.0591898840851	0.0464998421266	0.0247629381994	0.00168538319933	-0.0157255115162	-0.00194531921711	0.056141796868	0.0796025523669	-0.00783601371798	-0.0132647274655	-0.0191297240696	-0.0176547285113	-0.0441001367055	0.0216306548244	-0.0372543594768	-0.0789122311015	0.00208352090398	-0.0514044081214	0.00953834714269	-0.0216462728424	0.0478350413685	0.00520012048155	-0.0253414239907	-0.0373003517633	0.0164490401372	-0.0283088983366	-0.0477842389372	0.0477367389819	-0.0420630105372	-0.0263059907521	-0.00229385418454	-0.0539900705401	-0.0411398139784	0.0285180385586	-0.0187347447305	-0.0304068733847	-0.020548416172
k__Bacteria;p__Bacteroidetes;c__Bacteroidia;o__Bacteroidales;f__Bacteroidaceae;g__Bacteroides;s__Bacteroides_ovatus	0.0325106447317	0.024911308134	0.0100888110084	0.0402069478087	-0.02849192684	1.0	-0.0187506407383	0.0154606817052	-0.0551900643122	0.00541864990206	-0.0514096634116	0.019016260456	0.00212418042774	-0.00379678522455	0.015356065921	-0.0383255662857	-0.0373203222066	-0.0224664328018	-0.00306726757266	-0.029607262451	0.00225786993602	-0.00268892419845	-0.0151120982075	-0.0292038366144	0.00489012191682	0.0541235756477	0.0304878556729	-0.0196197097164	-0.0149555786832	0.0715838074626	-0.0240757895501	-0.0178103162612	-0.0451497088096	-0.00395910565461	-0.0148615525509	-0.0372992959789	-0.0175525030922	-0.00475177206341	0.0223013374626	0.0075664738518	-0.0530809024012	0.0247680654542	0.00403216282858	0.0204766624829	0.00129815709894	-0.061683287216	0.0168354497384	-0.0430548866309	0.0530284334484	-0.0492595132763	0.029226273031	0.0070144876744	-0.00451576454604	0.0115557447993	0.0605997044308	0.018273283984	0.00584945270977	0.0181646347645	0.0223106576154
k__Bacteria;p__Bacteroidetes;c__Bacteroidia;o__Bacteroidales;f__Rikenellaceae;g__Alistipes;s__Alistipes_shahii	0.0101230312923	-0.0393986780584	-0.0335154712123	-0.0182340157982	0.020621237901	-0.0187506407383	1.0	-0.0283565894358	0.0464004339017	0.0279546852759	-0.0251087140827	0.0344147700884	-0.0193596253267	-0.0543316616708	-0.0445518348773	-0.0392691215464	-0.0510982438555	0.0269760111637	0.0201685099674	0.0313891463754	-0.0590321522461	0.0405675823103	-0.0188195352891	-0.0142687732289	-0.0486069869425	0.0115911810404	0.0125799506328	0.0513854436937	-0.00332436357358	-0.0217072879377	0.0241480760346	0.0600205199932	-0.020908014599	-0.0452811083361	-0.00241376585633	-0.010393101702	-0.0451727531087	0.00490144234732	0.0309166979456	-0.00475350246068	-0.0315086345924	-0.0183626511124	0.0151372429306	-0.0700879597658	0.0765104759036	-0.0297084779091	-0.0263183555872	0.00461827604949	-0.00373152828997	-0.019715233778	-0.000334122726112	-0.0114634438078	0.0380909031494	-0.0204537182243	-0.00467576989173	0.00514980742187	0.0130191562015	0.0223252109644	-0.00564959172797
k__Bacteria;p__Firmicutes;c__Clostridia;o__Clostridiales;f__Ruminococcaceae;g__Faecalibacterium;s__Faecalibacterium_prausnitzii	0.0190938841968	0.0365489968061	0.0220191177321	-0.0177217041581	0.0115247103969	0.0154606817052	-0.0283565894358	1.0	0.00964911079954	0.0232816911241	-0.042090593307	-0.000344464459635	0.0219610249564	0.0351219031013	0.0144159342968	-0.0275175554368	-0.0412826426448	0.000192055599294	-0.0386279609753	-0.00508381303918	-0.0303719399578	0.032660298473	-0.0242350630712	0.0248456610087	0.0225054490371	0.0497008138854	-0.0266484334062	-0.021751681058	0.0334623283529	-0.100908805484	-0.021735955971	-0.0369510474695	0.00826061260316	0.0123234368229	-0.0319015592434	0.00335563889495	-0.00460506655981	-0.0714247201106	-0.0380515935818	0.0116868256869	-0.0451394454953	0.0120542706886	-0.0112244105649	0.00309330847537	-0.0635007617417	0.0496806380932	0.0156522642005	-0.00901245317929	-0.03624506777	-0.028547695937	0.0112908806762	0.0297504401933	-0.0187915438416	-0.0331256347547	-0.0345926764673	0.00917975957989	0.0566913409033	0.000744284822454	-0.0321138415085
k__Bacteria;p__Bacteroidetes;c__Bacteroidia;o__Bacteroidales;f__Rikenellaceae;g__Alistipes;s__Alistipes_finegoldii	-0.0478100512459	0.0294309135327	-0.0639746634387	0.0117437560948	0.00572494009325	-0.0551900643122	0.0464004339017	0.00964911079954	1.0	-0.0119703222931	0.00814318540151	0.0333838772414	-0.0733556817739	-0.0342648640257	0.00323785901721	-0.0500800341164	0.0326729313724	0.0162422890537	-0.0466259311621	0.0092871864861	-0.0265127354575	-0.0110846769243	0.0377707772628	-0.00986936644908	0.049576165933	-0.0213321090849	-0.0217315183651	-0.00153875298389	-0.00429070730223	-0.0370010829246	0.00927246745718	-0.0320682511812	-0.0127082988155	0.039485220174	-0.0332116517323	-0.0152156070385	-0.00617276619858	0.0237549545806	-0.0396801941055	0.0605155221412	0.0256461214627	-0.00684160342334	-0.0241753650354	-0.00803770738158	0.012608279053	0.0266851964642	-0.0224220806949	-0.000720473693757	-0.00272403264052	0.0101398473843	-0.00577963523659	0.0118983059669	0.0288839795611	0.0178175313085	-0.0264548788914	-0.0767895909607	-0.0116196292522	-0.00103332393335	-0.0164390281107
k__Bacteria;p__Bacteroidetes;c__Bacteroidia;o__Bacteroidales;f__Porphyromonadaceae;g__Parabacteroides;s__Parabacteroides_distasonis	0.00203110044898	-0.0351820422751	0.0282501225073	0.012136959423	0.00809990901771	0.00541864990206	0.0279546852759	0.0232816911241	-0.0119703222931	1.0	0.0325741302603	-0.0397278828014	0.00124189154944	-0.0629747371574	-0.0504765146555	0.00492744234444	-0.0350354636481	0.0381673257957	0.0157626426197	-0.0640500118418	0.0103854099593	-0.0378024637069	0.0821249209312	-0.0614270992821	-0.00624167489582	-0.0389646499394	0.00562029289106	-0.0322082623735	0.0169569234204	-0.00635677535731	-0.0053361317244	-0.0220585424837	-0.000857364459767	0.0457450387195	0.0116588052553	0.00650780015959	-0.0229280358271	0.0100198226387	-0.0472381214725	0.0508027331147	-0.0113153122829	-0.027103460273	0.0362701911073	-0.00856835587689	-0.000571902463516	0.0700537521803	-0.0241503826926	-0.0209213203509	0.0198270567676	-0.0311659027761	-0.0471260517306	-0.00526174164944	-0.0393033773885	0.0134708831114	0.00596280831315	0.0483489038001	0.0233881842335	0.00586423414797	-0.0277663548687
k__Bacteria;p__Bacteroidetes;c__Bacteroidia;o__Bacteroidales;f__Bacteroidaceae;g__Bacteroides;s__Bacteroides_thetaiotaomicron	-0.00659277926312	-0.0288422902468	-0.067405610952	0.0102542782661	-0.00371914198148	-0.0514096634116	-0.0251087140827	-0.042090593307	0.00814318540151	0.0325741302603	1.0	0.0483821089407	-0.0806360751308	-0.0523154051709	0.0539434889473	0.0108836536411	-0.0194519203519	0.0532108748819	0.0215639615988	-0.00291650476107	0.0667363096784	-0.0526840477282	0.00760018912306	0.00263314539035	0.0193374164056	-0.00533780076764	-0.00559983529851	0.000397100250204	-0.0276430750755	-0.00171713928454	-0.0448966478036	-0.042884163874	-0.0280585766756	-0.0212253718898	0.00124645709413	-0.0607553229769	0.0356177019517	-0.047397194097	-0.0279487885331	-0.00239182954791	0.0521525247347	0.00365924631238	-0.00913379007754	0.0018821793284	0.0346398371379	-0.0204994316817	-0.0227169746005	-0.010792250846	-0.00819839352075	-0.00873949072901	-0.0437695257626	-0.0140126685451	-0.0750928369535	-0.0304168100816	-0.000159472889138	-0.0321479778492	0.0239497882503	-0.0122120877778	0.042583428611
k__Bacteria;p__Bacteroidetes;c__Bacteroidia;o__Bacteroidales;f__Bacteroidaceae;g__Bacteroides;s__Bacteroides_coprocola	-0.0259091050615	-0.0185021661859	0.00762412323224	0.00380473230912	0.0365078268808	0.019016260456	0.0344147700884	-0.000344464459635	0.0333838772414	-0.0397278828014	0.0483821089407	1.0	0.0385036754184	-0.0091474667777	0.0433521389985	0.00754609319746	0.010290110187	0.0301962491997	0.0267704069221	0.0296073479748	0.00208697255419	-0.0352443566255	0.0287998093351	0.0053420385621	0.00589844627392	-0.000726753021496	-0.0557440958966	0.00358821716112	-0.00309506204919	-0.0100706229148	-0.0419031591523	-0.0342375831528	-0.0537453960745	0.0284425283915	-0.0444431238279	-0.0777841815113	-0.0390538407735	-0.011169089634	-0.0568231092858	-0.0161683391154	0.0360390592958	-0.0738975813235	-0.02415544752	-0.0153821760885	-0.00913910905238	-0.0172978709651	-0.0362679327557	0.0149380057124	-0.000764421206393	0.0263097794702	-0.0181769569136	0.0145564899945	0.0234916155399	-0.0492188749939	-0.00811687783689	0.0287883859093	0.00859180072217	-0.0286193106407	-0.0335366815379
k__Bacteria;p__Bacteroidetes;c__Bacteroidia;o__Bacteroidales;f__Bacteroidaceae;g__Bacteroides;s__Bacteroides_cellulosilyticus	-0.0433770108246	-0.0304219176196	-0.024711701475	-0.0222651457054	0.00776070927829	0.00212418042774	-0.0193596253267	0.0219610249564	-0.0733556817739	0.00124189154944	-0.0806360751308	0.0385036754184	1.0	-0.0615195139426	-0.0195393020671	-0.00574814416654	-0.00676797651106	0.0576606684761	0.0213498095392	0.0536243656932	0.0130066067167	-0.0305056554461	-0.00284808204145	-0.0261201715488	-0.0179936951613	0.035636037987	-0.00550651052717	0.0170462835221	0.025355019199	-0.00301529476516	-0.00953278722418	-0.00457340819637	-0.0280108340576	-0.0280793120745	0.0287817467578	0.0118989859043	0.0228025121298	0.0104055388215	-0.100656424242	0.0181754146561	2.77897336398e-05	0.00498185662228	0.00612945208662	0.00636375805744	-0.00393859188929	0.0188115229546	-0.00839088761418	0.0197157039886	-0.00354509378662	-0.00331226702848	-0.0290692337519	-0.0136768472765	-0.0193395646345	-0.0269357202285	-0.0215241755512	0.0203649106763	-0.0609898331343	-0.0388125940592	-0.0203204746516
k__Bacteria;p__Bacteroidetes;c__Bacteroidia;o__Bacteroidales;f__Rikenellaceae;g__Alistipes;s__Alistipes_obesi	0.00633097560426	-0.0131191377983	0.060673927964	0.0819830836144	-0.0178295210997	-0.00379678522455	-0.0543316616708	0.0351219031013	-0.0342648640257	-0.0629747371574	-0.0523154051709	-0.0091474667777	-0.0615195139426	1.0	-0.0188843685039	0.0309185036816	-0.0622960378944	-0.00342781237519	-0.00127412886854	0.0361770278022	-0.00022073458757	-0.0106080557313	-0.00980431566911	0.00596225357764	-0.0189147473349	-0.0729174296742	0.00170043379126	0.0473115220303	0.00353346068008	-0.017011760213	-0.0212007266242	-0.0205037882485	-0.0078603664867	0.0385226967605	-0.0302553036912	-0.0340044220341	0.0392534697616	-0.00128444051144	0.053150778897	0.0226544949023	-0.00448655623571	-0.0126128625949	0.00481387259462	-0.0203858018119	0.00149216120324	-0.0266273332139	-0.0502820400168	0.00959611923064	0.0525124718521	-0.030294268714	-0.0237951244134	0.00434623835821	-0.0541012893956	-0.0272993067878	-0.000515643629398	-0.00882809673312	0.0340606917361	-0.0335497966365	-0.00557810277693
k__Bacteria;p__Firmicutes;c__Clostridia;o__Clostridiales;f__Lachnospiraceae;g__;s__[Eubacterium]_rectale	-0.053726076834	0.00794785272964	-0.0158986424369	-0.0151515012009	0.00194541293141	0.015356065921	-0.0445518348773	0.0144159342968	0.00323785901721	-0.0504765146555	0.0539434889473	0.0433521389985	-0.0195393020671	-0.0188843685039	1.0	-0.00172722530345	0.0393153597476	0.019215592208	-0.035026512454	-0.0398374185198	0.00266483968413	-0.0336541878005	-0.0376580555246	-0.000220872705889	-0.0507483849404	-0.0686841472386	-0.0148468090228	-0.0758684461278	0.0188864886305	-0.047599320775	-0.0118640772653	-0.00408514935586	-0.0483580989467	-0.00474525881168	0.00834576772279	-0.0206392345976	-0.0263234267007	-0.0370925689792	-0.00177180230787	0.0326630753653	0.017417858111	-0.0504425895014	-0.0625913545087	-0.0785541568459	-0.0413190775409	0.0322331555979	0.0299520210604	-0.0165652402488	-0.00700128299215	0.00618302570262	0.0351450337419	0.00714777593732	0.0346672872006	0.0196342121113	-0.00749413226054	-0.0140458485534	-0.0408101302134	0.0291618028152	0.00140735754019
k__Bacteria;p__Bacteroidetes;c__Bacteroidia;o__Bacteroidales;f__Bacteroidaceae;g__Bacteroides;s__Bacteroides_plebeius	-0.0693437285035	-0.0303634172933	0.0233446596781	0.0255074874149	-0.000245174532635	-0.0383255662857	-0.0392691215464	-0.0275175554368	-0.0500800341164	0.00492744234444	0.0108836536411	0.00754609319746	-0.00574814416654	0.0309185036816	-0.00172722530345	1.0	-0.00928327673103	0.0329834849879	-0.0723451135961	-0.0537360249802	-0.0389146166747	0.0333473719802	-0.0175279003524	-0.0573596805023	0.00554034230109	0.0409814831742	0.0419458294434	0.00810079854099	-0.0496512970024	-0.000658227172333	-0.0137067066805	0.00183736771734	-0.00292011893225	0.0122163962739	-0.0388351704172	-0.0511026883315	-0.0194946913061	-0.00531196326603	-0.0372397173686	-0.0459264655011	0.00533029328656	-0.0117186863669	0.0578825407372	-0.0256136289514	0.0193368904025	-0.029187485028	-0.0383964526258	0.0215982920263	-0.0756428401054	-0.028035416521	0.0588204746873	0.0271243450101	0.0402263808471	0.0141325194039	0.0103107999526	-0.0119530672158	-0.0286842781847	-0.0274560229026	-0.029124187657
k__Bacteria;p__Bacteroidetes;c__Bacteroidia;o__Bacteroidales;f__Bacteroidaceae;g__Bacteroides;s__Bacteroides_fragilis	0.0223145630236	-0.0115389138076	0.00192993762634	-0.0406784121522	0.0302747285404	-0.0373203222066	-0.0510982438555	-0.0412826426448	0.0326729313724	-0.0350354636481	-0.0194519203519	0.010290110187	-0.00676797651106	-0.0622960378944	0.0393153597476	-0.00928327673103	1.0	0.0011710086449	0.000752587917012	-0.0228892631226	0.0017352738126	-0.00203720143305	-0.0287726389339	-0.000703929299456	0.027271821146	-0.000808655119282	0.0266125568862	-0.0822417880975	-0.0528724587145	0.0506343379401	0.0296125875157	0.0651271209204	-0.0554943019724	0.0317256046983	-0.0290550927369	-0.00231595350348	0.000375563263685	-0.0255288744267	-0.0108082451954	0.0265934502518	0.0431654581829	-0.0507871665165	0.000921856509794	0.0131995242692	-0.0212484238585	-0.0703073253643	0.0271580901712	0.00107391399013	0.0137565639385	8.55991191848e-05	0.020034491681	0.0131572179592	-0.0107509045336	0.00754744280869	-0.0102557183979	0.0218219848558	-0.0287158745177	0.0173054096168	-0.00870994559552
k__Bacteria;p__Proteobacteria;c__Betaproteobacteria;o__Burkholderiales;f__Sutterellaceae;g__Sutterella;s__Sutterella_wadsworthensis	0.00108567072902	-0.0419753949544	-0.0137608279347	-0.0334572006628	-0.00934530568687	-0.0224664328018	0.0269760111637	0.000192055599294	0.0162422890537	0.0381673257957	0.0532108748819	0.0301962491997	0.0576606684761	-0.00342781237519	0.019215592208	0.0329834849879	0.0011710086449	1.0	0.006967726869	-0.00787098107819	-0.0263697010933	-0.0551057653425	0.000220506019281	-0.0303189730441	0.0350237165725	0.0195504383433	-0.016216006933	0.0484662374804	0.000302980167823	0.0160585150982	-0.0221530812317	-0.058998480205	0.0461174212237	0.032352840733	0.0368154691857	-0.0234835539419	0.00515176260949	-0.0187298097737	-0.00570016602248	-0.0054787057249	-0.00920790386564	-0.01301699426	0.0250388535999	0.0413301842132	-0.034315435081	0.0199751221681	-0.0309174273219	-0.0394421242616	-0.0243605054767	0.0182043161154	-0.00779963988364	-0.0371746775553	-0.0695863239841	-0.075702396112	0.0148210209981	-0.068382192321	-0.00887861788339	-0.0116647933126	-0.0267236303648
k__Bacteria;p__Bacteroidetes;c__Bacteroidia;o__Bacteroidales;f__Porphyromonadaceae;g__Barnesiella;s__Barnesiella_intestinihominis	0.02319085397	-0.00266575337382	-0.0562827292918	-0.0048533163147	0.0514547300345	-0.00306726757266	0.0201685099674	-0.0386279609753	-0.0466259311621	0.0157626426197	0.0215639615988	0.0267704069221	0.0213498095392	-0.00127412886854	-0.035026512454	-0.0723451135961	0.000752587917012	0.006967726869	1.0	-0.0038076349377	0.0724169658691	0.0174272880042	0.00999181408494	0.0126515428776	0.020733528265	-0.0549542685095	0.0381811981255	-0.024916014432	-0.0439889543236	0.0141810914138	0.0272886791692	-0.00718972022463	0.00617196465854	0.0323623899325	0.0419599509894	0.0400958919257	-0.0258418186797	-0.0372339511516	0.0336853287153	-0.0148288430651	0.018865513445	-0.0384640209663	-0.0042235990019	0.0207151476675	0.0385321945872	-0.0155957357661	-0.066890268833	0.0110604483826	0.0483199656475	-0.0607885558418	-0.00542577048855	-0.0530143054843	-0.0131605296234	0.0152014319504	-0.00509047994418	-0.00638036556261	-0.00775734494012	-0.0738828527042	-0.00301494487088
k__Bacteria;p__Bacteroidetes;c__Bacteroidia;o__Bacteroidales;f__Odoribacteraceae;g__Odoribacter;s__Odoribacter_splanchnicus	-0.0181577062068	0.0166684845571	-0.0416787326008	-0.0220219553326	-0.0426371771974	-0.029607262451	0.0313891463754	-0.00508381303918	0.0092871864861	-0.0640500118418	-0.00291650476107	0.0296073479748	0.0536243656932	0.0361770278022	-0.0398374185198	-0.0537360249802	-0.0228892631226	-0.00787098107819	-0.0038076349377	1.0	-0.0208595790842	-0.0578712195212	-0.042517966197	-0.0127479317427	0.00896626078019	-0.00296187136715	0.01879861373	0.00279925180679	-0.00199846855486	-0.061892732861	-0.040177298422	-0.0463110254008	0.00951112978498	-0.0127686646989	-0.0271307419117	0.0145675241116	-0.00528929301528	0.0217199233848	-0.0136193305364	-0.0112575847664	0.011329118494	0.0211498477863	-0.0243313613113	0.0225988065687	-0.0176522009567	0.0357140395079	-0.000190922492238	-0.0128885129494	-0.00315901872383	-0.0109081738698	0.0209711229322	-0.00805074779263	-0.0406247879128	-0.0224668329972	-0.0129118269047	-0.023594549739	0.0219720975581	-0.00102753998215	-0.0179233911058
k__Bacteria;p__Bacteroidetes;c__Bacteroidia;o__Bacteroidales;f__Bacteroidaceae;g__Bacteroides;s__Bacteroides_salyersiae	0.0199388887631	0.00335451031574	-0.0282543304156	0.0219459262702	-0.0162957329836	0.00225786993602	-0.0590321522461	-0.0303719399578	-0.0265127354575	0.0103854099593	0.0667363096784	0.00208697255419	0.0130066067167	-0.00022073458757	0.00266483968413	-0.0389146166747	0.0017352738126	-0.0263697010933	0.0724169658691	-0.0208595790842	1.0	-0.00919806784757	0.00556445618031	-0.0546364461399	0.0170302830914	0.00579045262978	0.0490709975408	0.00461998082062	0.00126591236172	-0.0438285792708	-0.0867562476643	0.0126257322056	-0.0199847787632	-0.0161296233716	-0.00173824240866	-0.00411001217164	-0.0412357616637	0.0094374306219	-0.0441037751612	0.00617337292651	0.0143325304382	-0.035225713944	-0.00412637084075	-0.0417681021164	0.02807399647	-0.0214005451068	0.0147743801438	-0.0572212751292	0.0332772267315	0.017314298059	-0.0369137166668	-0.0209466732638	-0.00323549238067	-0.00172464245527	0.0242697766693	-0.0182197144221	-0.0202557062616	0.05302441876	0.0369155074276
k__Bacteria;p__Firmicutes;c__Clostridia;o__Clostridiales;f__Ruminococcaceae;g__Ruminiclostridium;s__[Eubacterium]_siraeum	0.038614873903	0.0295332465027	-0.0220909924804	-0.0123802500484	0.0198978636378	-0.00268892419845	0.0405675823103	0.032660298473	-0.0110846769243	-0.0378024637069	-0.0526840477282	-0.0352443566255	-0.0305056554461	-0.0106080557313	-0.0336541878005	0.0333473719802	-0.00203720143305	-0.0551057653425	0.0174272880042	-0.0578712195212	-0.00919806784757	1.0	0.0320031780745	0.00597962877783	-0.0391227331976	-0.0426373110551	0.0184080211418	-0.00822705704088	-0.0390262573759	-0.011983243538	0.00899639222997	0.0197774469285	-0.0136155256377	0.0268366740615	-0.00217192842907	0.0560232659741	0.0103898771426	-0.0206801309045	-0.0509648542416	-0.0427755986369	-0.00161869460412	0.0159701201553	0.00522751081332	-0.00826401585868	-0.0703198342472	0.00884775106786	-0.0369772255495	0.00451555682099	0.0553355950212	-0.0484995947631	-0.0247553958257	0.0793229774361	0.00142874577532	0.00305312832954	0.0101795204107	0.00583944303821	-0.0388177580838	0.0120212345895	-0.0289053301824
k__Bacteria;p__Proteobacteria;c__Betaproteobacteria;o__Burkholderiales;f__Sutterellaceae;g__Parasutterella;s__Parasutterella_excrementihominis	-0.00732635148361	-0.0228838303549	0.0521294853514	-0.00742633383694	-0.0591898840851	-0.0151120982075	-0.0188195352891	-0.0242350630712	0.0377707772628	0.0821249209312	0.00760018912306	0.0287998093351	-0.00284808204145	-0.00980431566911	-0.0376580555246	-0.0175279003524	-0.0287726389339	0.000220506019281	0.00999181408494	-0.042517966197	0.00556445618031	0.0320031780745	1.0	0.0105000305082	-0.0500545965815	-0.0252744851499	-0.0120787241962	-0.0162194543579	-0.00905075337995	-0.0563914390932	-0.0512805425655	-0.00434018823136	0.00204905490561	-0.00187416711723	0.0416568013375	-0.00570887349714	0.0177875685133	0.0185113716217	-0.0261702675718	0.0319576364497	0.0645054616027	0.0106860167673	-0.0299161736441	4.87871050865e-05	0.0342640301975	-0.0139521504188	-0.0340829088817	-0.0570845743359	0.0285547375777	-0.0274618523118	-0.0301242840711	0.0131661450269	-0.0513825995135	-0.00151763827431	0.00695899932223	0.0148977507038	0.00535149592855	-0.013147598628	-0.0495486263146
k__Bacteria;p__Actinobacteria;c__Actinobacteria;o__Bifidobacteriales;f__Bifidobacteriaceae;g__Bifidobacterium;s__Bifidobacterium_adolescentis	-0.0527675777339	-0.033831371987	-0.0185377521044	-0.0151235993081	0.0464998421266	-0.0292038366144	-0.0142687732289	0.0248456610087	-0.00986936644908	-0.0614270992821	0.00263314539035	0.0053420385621	-0.0261201715488	0.00596225357764	-0.000220872705889	-0.0573596805023	-0.000703929299456	-0.0303189730441	0.0126515428776	-0.0127479317427	-0.0546364461399	0.00597962877783	0.0105000305082	1.0	0.00405022230078	-0.0400134850572	-0.0316880679025	-0.0790486794997	0.0366218017241	0.0259067857211	-0.0680833963802	0.0220900632261	0.0149012803706	0.0264410103085	-0.00783391586493	0.00811559092434	0.0124602405784	-0.000143777941201	-0.032592884666	0.0115377322798	-0.0332368173494	-0.00251185035341	-0.0399735822251	-0.0773302918049	-0.0657847680624	-0.0965401422579	-0.050158790503	-0.0483019530166	-0.010983950014	0.0247349166788	0.0353557515189	0.0468057380749	-0.00871126382116	-0.0350831938504	0.0417303619406	-0.000976292519773	0.0386647068084	0.0381782824978	-0.0156018749479
k__Bacteria;p__Firmicutes;c__Clostridia;o__Clostridiales;f__Oscillospiraceae;g__Oscillibacter;s__Oscillibacter_sp._KLE_1745	-0.0375522500864	-0.0030285496203	-0.0642485467665	-0.0364352777291	0.0247629381994	0.00489012191682	-0.0486069869425	0.0225054490371	0.049576165933	-0.00624167489582	0.0193374164056	0.00589844627392	-0.0179936951613	-0.0189147473349	-0.0507483849404	0.00554034230109	0.027271821146	0.0350237165725	0.020733528265	0.00896626078019	0.0170302830914	-0.0391227331976	-0.0500545965815	0.00405022230078	1.0	-0.00814270188166	-0.00732659470599	-0.0121654339838	0.0310111970985	-0.0148769433932	0.0128200641403	0.0142437797077	0.0257575562395	-0.0659558776602	-0.0381034280666	-0.0211878996035	-0.00532697531806	0.00216443487793	-0.0299385596706	-0.0112324838981	0.00805544298627	-0.0519098763615	0.0326162100512	-0.0134321570331	-0.0174648810627	0.0522699762541	0.0429245212956	0.000737446561761	-0.000596098901524	0.0169996618523	0.0317408424814	-0.0182957237089	-0.0207988376759	-0.0201465734824	0.0191358893231	-0.0571820335014	-0.0105072997319	-0.0108705742295	0.0322566795273
k__Bacteria;p__Bacteroidetes;c__Bacteroidia;o__Bacteroidales;f__Bacteroidaceae;g__Bacteroides;s__Bacteroides_coprophilus	-0.0570173901093	-0.0231717913432	-0.0159805794849	-0.0416032920524	0.00168538319933	0.0541235756477	0.0115911810404	0.0497008138854	-0.0213321090849	-0.0389646499394	-0.00533780076764	-0.000726753021496	0.035636037987	-0.0729174296742	-0.0686841472386	0.0409814831742	-0.000808655119282	0.0195504383433	-0.0549542685095	-0.00296187136715	0.00579045262978	-0.0426373110551	-0.0252744851499	-0.0400134850572	-0.00814270188166	1.0	-0.0123031221147	-0.0267986457859	-0.037879033401	-0.0418811639261	-0.0189131592771	0.024023660315	-0.0137121313661	0.031530785358	-0.00208730959826	-0.0367906149674	0.0124854595262	-0.00912293000734	0.0481777227185	-0.0443950609827	0.032128334202	0.0432221290064	-0.089444559749	0.0169148053599	0.0352437030567	0.0369472659006	-0.0150540534392	0.0222343259097	-0.0143063911693	0.0573181184609	-0.0480872047174	0.0290529043435	0.036788866797	-0.0417759354097	-0.00429243519982	-0.0059123097053	-0.0313935601878	0.0359237958504	-0.0334156254238
k__Bacteria;p__Firmicutes;c__Clostridia;o__Clostridiales;f__Lachnospiraceae;g__Roseburia;s__Roseburia_intestinalis	-0.0494802890638	0.00356144666314	-0.0202798695732	0.00813410177928	-0.0157255115162	0.0304878556729	0.0125799506328	-0.0266484334062	-0.0217315183651	0.00562029289106	-0.00559983529851	-0.0557440958966	-0.00550651052717	0.00170043379126	-0.0148468090228	0.0419458294434	0.0266125568862	-0.016216006933	0.0381811981255	0.01879861373	0.0490709975408	0.0184080211418	-0.0120787241962	-0.0316880679025	-0.00732659470599	-0.0123031221147	1.0	-0.0230224265997	-0.00868403182646	0.00873836843555	-0.016630011252	0.016433674885	0.0108777895855	0.0131780764197	-0.040664981357	-0.0237601079169	-0.0267701044767	0.0396904976048	0.0304468763636	0.0161291870768	0.0691805334051	-0.0456494861422	0.0131245630213	-0.0169473279383	-0.0118611142862	0.0129637440874	0.0174226385257	-0.0129527619019	-0.0280062470168	0.0867451583697	-0.0131546859192	-0.0237408576752	0.0638349605201	-0.00402109710273	-0.0224599414332	-0.0188763401016	-0.0369493776699	-0.0484321086302	0.051698562103
k__Bacteria;p__Firmicutes;c__Clostridia;o__Clostridiales;f__Lachnospiraceae;g__Roseburia;s__Roseburia_hominis	-0.0288742997499	-0.00350410794687	0.00522854478069	-0.000751287090091	-0.00194531921711	-0.0196197097164	0.0513854436937	-0.021751681058	-0.00153875298389	-0.0322082623735	0.000397100250204	0.00358821716112	0.0170462835221	0.0473115220303	-0.0758684461278	0.00810079854099	-0.0822417880975	0.0484662374804	-0.024916014432	0.00279925180679	0.00461998082062	-0.00822705704088	-0.0162194543579	-0.0790486794997	-0.0121654339838	-0.0267986457859	-0.0230224265997	1.0	-0.06485115231	0.0228826078426	0.0130203723601	0.0208108228103	0.0351449742516	0.0503791392948	-0.0280916135862	-0.0416672751292	-0.0304912656326	0.0410323706422	0.00129432948192	-0.00852365788158	-0.0598990000891	0.0461318179874	-0.0482124835574	0.0270814411276	0.0371299589055	-0.00528195742056	-0.0507027818904	0.00851681803873	-0.0372005545037	-0.0203577569026	0.0531466383496	0.0368457315292	0.00814303976269	-0.0171189700173	0.0145405300596	-0.0409117400903	0.0348032605889	-0.0598658786904	-0.0531231800886
k__Bacteria;p__Bacteroidetes;c__Bacteroidia;o__Bacteroidales;f__Porphyromonadaceae;g__Parabacteroides;s__Parabacteroides_johnsonii	-0.0526810444961	-0.0242806479787	-0.00157837811551	-0.0246783316066	0.056141796868	-0.0149555786832	-0.00332436357358	0.0334623283529	-0.00429070730223	0.0169569234204	-0.0276430750755	-0.00309506204919	0.025355019199	0.00353346068008	0.0188864886305	-0.0496512970024	-0.0528724587145	0.000302980167823	-0.0439889543236	-0.00199846855486	0.00126591236172	-0.0390262573759	-0.00905075337995	0.0366218017241	0.0310111970985	-0.037879033401	-0.00868403182646	-0.06485115231	1.0	0.041710848126	-0.0305100044076	0.0168703392862	-0.0109968392615	-0.0893823099961	-0.0321609328459	-0.027473184512	0.0349211974528	0.00978441783019	-0.0044530163603	0.00926882996738	-0.0138081515532	-0.0221690798051	-0.0344973228744	-0.0508452858	0.00914662495345	0.0577583382996	0.024015199378	-0.000556839976984	0.00992939635304	0.0516874002407	-0.0371178790722	0.0223057067986	0.0352319338888	-0.0186339007909	-0.0404496074224	0.00575647065173	-0.00404594142624	0.00759475269648	-0.0472577870113
