#taxonomy	k__Bacteria;p__Bacteroidetes;c__Bacteroidia;o__Bacteroidales;f__Bacteroidaceae;g__Bacteroides;s__Bacteroides_vulgatus	k__Bacteria;p__Bacteroidetes;c__Bacteroidia;o__Bacteroidales;f__Bacteroidaceae;g__Bacteroides;s__Bacteroides_uniformis	k__Bacteria;p__Bacteroidetes;c__Bacteroidia;o__Bacteroidales;f__Rikenellaceae;g__Alistipes;s__Alistipes_putredinis	k__Bacteria;p__Bacteroidetes;c__Bacteroidia;o__Bacteroidales;f__Prevotellaceae;g__Prevotella;s__Prevotella_copri	k__Bacteria;p__Bacteroidetes;c__Bacteroidia;o__Bacteroidales;f__Bacteroidaceae;g__Bacteroides;s__Bacteroides_stercoris	k__Bacteria;p__Bacteroidetes;c__Bacteroidia;o__Bacteroidales;f__Bacteroidaceae;g__Bacteroides;s__Bacteroides_ovatus	k__Bacteria;p__Bacteroidetes;c__Bacteroidia;o__Bacteroidales;f__Rikenellaceae;g__Alistipes;s__Alistipes_shahii	k__Bacteria;p__Firmicutes;c__Clostridia;o__Clostridiales;f__Ruminococcaceae;g__Faecalibacterium;s__Faecalibacterium_prausnitzii	k__Bacteria;p__Bacteroidetes;c__Bacteroidia;o__Bacteroidales;f__Rikenellaceae;g__Alistipes;s__Alistipes_finegoldii	k__Bacteria;p__Bacteroidetes;c__Bacteroidia;o__Bacteroidales;f__Porphyromonadaceae;g__Parabacteroides;s__Parabacteroides_distasonis	k__Bacteria;p__Bacteroidetes;c__Bacteroidia;o__Bacteroidales;f__Bacteroidaceae;g__Bacteroides;s__Bacteroides_thetaiotaomicron	k__Bacteria;p__Bacteroidetes;c__Bacteroidia;o__Bacteroidales;f__Bacteroidaceae;g__Bacteroides;s__Bacteroides_coprocola	k__Bacteria;p__Bacteroidetes;c__Bacteroidia;o__Bacteroidales;f__Bacteroidaceae;g__Bacteroides;s__Bacteroides_cellulosilyticus	k__Bacteria;p__Bacteroidetes;c__Bacteroidia;o__Bacteroidales;f__Rikenellaceae;g__Alistipes;s__Alistipes_obesi	k__Bacteria;p__Firmicutes;c__Clostridia;o__Clostridiales;f__Lachnospiraceae;g__;s__[Eubacterium]_rectale	k__Bacteria;p__Bacteroidetes;c__Bacteroidia;o__Bacteroidales;f__Bacteroidaceae;g__Bacteroides;s__Bacteroides_plebeius	k__Bacteria;p__Bacteroidetes;c__Bacteroidia;o__Bacteroidales;f__Bacteroidaceae;g__Bacteroides;s__Bacteroides_fragilis	k__Bacteria;p__Proteobacteria;c__Betaproteobacteria;o__Burkholderiales;f__Sutterellaceae;g__Sutterella;s__Sutterella_wadsworthensis	k__Bacteria;p__Bacteroidetes;c__Bacteroidia;o__Bacteroidales;f__Porphyromonadaceae;g__Barnesiella;s__Barnesiella_intestinihominis	k__Bacteria;p__Bacteroidetes;c__Bacteroidia;o__Bacteroidales;f__Odoribacteraceae;g__Odoribacter;s__Odoribacter_splanchnicus	k__Bacteria;p__Bacteroidetes;c__Bacteroidia;o__Bacteroidales;f__Bacteroidaceae;g__Bacteroides;s__Bacteroides_salyersiae	k__Bacteria;p__Firmicutes;c__Clostridia;o__Clostridiales;f__Ruminococcaceae;g__Ruminiclostridium;s__[Eubacterium]_siraeum	k__Bacteria;p__Proteobacteria;c__Betaproteobacteria;o__Burkholderiales;f__Sutterellaceae;g__Parasutterella;s__Parasutterella_excrementihominis	k__Bacteria;p__Actinobacteria;c__Actinobacteria;o__Bifidobacteriales;f__Bifidobacteriaceae;g__Bifidobacterium;s__Bifidobacterium_adolescentis	k__Bacteria;p__Firmicutes;c__Clostridia;o__Clostridiales;f__Oscillospiraceae;g__Oscillibacter;s__Oscillibacter_sp._KLE_1745	k__Bacteria;p__Bacteroidetes;c__Bacteroidia;o__Bacteroidales;f__Bacteroidaceae;g__Bacteroides;s__Bacteroides_coprophilus	k__Bacteria;p__Firmicutes;c__Clostridia;o__Clostridiales;f__Lachnospiraceae;g__Roseburia;s__Roseburia_intestinalis	k__Bacteria;p__Firmicutes;c__Clostridia;o__Clostridiales;f__Lachnospiraceae;g__Roseburia;s__Roseburia_hominis	k__Bacteria;p__Bacteroidetes;c__Bacteroidia;o__Bacteroidales;f__Porphyromonadaceae;g__Parabacteroides;s__Parabacteroides_johnsonii	k__Bacteria;p__Actinobacteria;c__Actinobacteria;o__Bifidobacteriales;f__Bifidobacteriaceae;g__Bifidobacterium;s__Bifidobacterium_longum	k__Bacteria;p__Firmicutes;c__Clostridia;o__Clostridiales;f__;g__Flavonifractor;s__Flavonifractor_plautii	k__Bacteria;p__Firmicutes;c__Clostridia;o__Clostridiales;f__Clostridiaceae;g__Clostridium;s__Clostridium_phoceensis	k__Bacteria;p__Verrucomicrobia;c__Verrucomicrobiae;o__Verrucomicrobiales;f__Akkermansiaceae;g__Akkermansia;s__Akkermansia_muciniphila	k__Bacteria;p__Bacteroidetes;c__Bacteroidia;o__Bacteroidales;f__Prevotellaceae;g__Paraprevotella;s__Paraprevotella_xylaniphila	k__Bacteria;p__Firmicutes;c__Clostridia;o__Clostridiales;f__Ruminococcaceae;g__Ruminococcus;s__Ruminococcus_callidus	k__Bacteria;p__Bacteroidetes;c__Bacteroidia;o__Bacteroidales;f__Rikenellaceae;g__Alistipes;s__Alistipes_senegalensis	k__Bacteria;p__Firmicutes;c__Clostridia;o__Clostridiales;f__Lachnospiraceae;g__Blautia;s__Blautia_sp._KLE_1732	k__Bacteria;p__Bacteroidetes;c__Bacteroidia;o__Bacteroidales;f__Bacteroidaceae;g__Bacteroides;s__Bacteroides_oleiciplenus	k__Bacteria;p__Firmicutes;c__Clostridia;o__Clostridiales;f__Ruminococcaceae;g__Ruminococcus;s__Ruminococcus_bicirculans	k__Bacteria;p__Bacteroidetes;c__Bacteroidia;o__Bacteroidales;f__Bacteroidaceae;g__Bacteroides;s__Bacteroides_fluxus	k__Bacteria;p__Bacteroidetes;c__Bacteroidia;o__Bacteroidales;f__Prevotellaceae;g__Prevotella;s__Prevotella_stercorea	k__Bacteria;p__Firmicutes;c__Clostridia;o__Clostridiales;f__Lachnospiraceae;g__Dorea;s__Dorea_longicatena	k__Bacteria;p__Firmicutes;c__Clostridia;o__Clostridiales;f__Eubacteriaceae;g__Eubacterium;s__[Eubacterium]_eligens	k__Bacteria;p__Firmicutes;c__Clostridia;o__Clostridiales;f__Ruminococcaceae;g__;s__Ruminococcaceae_bacterium_D16	k__Bacteria;p__Firmicutes;c__Clostridia;o__Clostridiales;f__Lachnospiraceae;g__Coprococcus;s__Coprococcus_comes	k__Bacteria;p__Proteobacteria;c__Gammaproteobacteria;o__Enterobacterales;f__Enterobacteriaceae;g__Escherichia;s__Escherichia_coli	k__Bacteria;p__Firmicutes;c__Clostridia;o__Clostridiales;f__Ruminococcaceae;g__Anaerotruncus;s__Anaerotruncus_colihominis	k__Bacteria;p__Firmicutes;c__Clostridia;o__Clostridiales;f__Lachnospiraceae;g__Blautia;s__Blautia_obeum	k__Bacteria;p__Bacteroidetes;c__Bacteroidia;o__Bacteroidales;f__Odoribacteraceae;g__Odoribacter;s__Odoribacter_laneus	k__Bacteria;p__Firmicutes;c__Clostridia;o__Clostridiales;f__Ruminococcaceae;g__Ruminiclostridium;s__[Clostridium]_leptum	k__Bacteria;p__Bacteroidetes;c__Bacteroidia;o__Bacteroidales;f__Porphyromonadaceae;g__Parabacteroides;s__Parabacteroides_goldsteinii	k__Bacteria;p__Firmicutes;c__Clostridia;o__Clostridiales;f__Lachnospiraceae;g__Anaerostipes;s__Anaerostipes_hadrus	k__Bacteria;p__Firmicutes;c__Clostridia;o__Clostridiales;f__Ruminococcaceae;g__Ruminococcus;s__Ruminococcus_lactaris	k__Bacteria;p__Firmicutes;c__Clostridia;o__Clostridiales;f__Clostridiaceae;g__Clostridium;s__Clostridium_sp._L2-50	k__Bacteria;p__Firmicutes;c__Clostridia;o__Clostridiales;f__Clostridiaceae;g__Clostridium;s__Clostridium_sp._M62/1	k__Bacteria;p__Firmicutes;c__Clostridia;o__Clostridiales;f__;g__Intestinimonas;s__Intestinimonas_butyriciproducens	k__Bacteria;p__Actinobacteria;c__Actinobacteria;o__Bifidobacteriales;f__Bifidobacteriaceae;g__Bifidobacterium;s__Bifidobacterium_bifidum	k__Bacteria;p__Firmicutes;c__Negativicutes;o__Veillonellales;f__Veillonellaceae;g__Dialister;s__Dialister_invisus	k__Bacteria;p__Bacteroidetes;c__Bacteroidia;o__Bacteroidales;f__Bacteroidaceae;g__Bacteroides;s__Bacteroides_salanitronis
k__Bacteria;p__Bacteroidetes;c__Bacteroidia;o__Bacteroidales;f__Bacteroidaceae;g__Bacteroides;s__Bacteroides_vulgatus	1.0	0.0446418680499	0.0387722972152	7.18912950128e-05	-0.00464720105092	0.022943745258	0.0151478275314	-0.0195854499705	0.00860409409668	-0.0428551698443	0.00370926500623	-0.00868552545302	0.00113002606746	0.0337947078569	0.00385508203872	0.0173104561336	0.0357721148959	-0.0153920619517	0.0165537565408	-0.0523501578074	-0.0100629800573	-0.00974789543051	-0.0051190648407	-0.0326659954698	-0.037002580119	-0.0163569912986	0.00720443131202	0.00979320975903	0.0690566257493	-0.0159550564459	-0.0650364455034	-0.01191655822	-0.0709006684923	-0.0447331568572	0.0204898716371	-0.00219241474218	-0.0324955569631	-0.0154938560857	-0.0185694853817	-0.0190387915234	-0.0338305247519	-0.0308419352069	-0.00151097632451	0.0606956178326	-0.00789051892611	0.000209077395104	-0.0295086177902	0.0176029372504	-0.00177706209053	0.027185159596	0.0452672028632	-0.0202303078374	0.0506804262574	-0.0163912864677	0.0191341874263	0.000828817454485	-0.044906121632	-0.0353327874424	0.0714060274119
k__Bacteria;p__Bacteroidetes;c__Bacteroidia;o__Bacteroidales;f__Bacteroidaceae;g__Bacteroides;s__Bacteroides_uniformis	0.0446418680499	1.0	0.0215068673267	-0.04062014573	0.0287335310391	-0.0332691957286	-0.0198533447979	0.0286065806882	-0.0187245348234	0.0260306130064	-0.0145238255883	0.0055671448763	0.000358917688915	-0.0613701163894	0.0103487494704	0.0111689515045	-0.00886543701783	-0.0238278751234	-0.000906788789446	-0.0169696452051	-0.00264576014851	-0.0766646472279	0.0235801537267	0.011662010744	-0.0668316977421	-0.00435766369668	0.0238268425868	-0.0111514125826	-0.0115476155265	-0.0296965489615	0.00583143148398	-0.00999880373421	-0.0348913060338	-0.016929655868	0.080611289838	-0.0373102329105	0.0206975195287	-0.0118922326546	-0.0806377318086	0.0543573373854	0.00884032583064	0.0291145236093	0.051756296408	0.00703406108685	-0.0260134824406	0.0262359957526	-0.022035882731	-0.0189104796618	0.0381821155619	-0.0153501456329	-0.0555130413041	-0.0110712019637	-0.00998166517341	-0.0222909225538	-0.00725635641643	-0.0361509356738	0.00596829351785	0.0705908312883	-0.0196648037601
k__Bacteria;p__Bacteroidetes;c__Bacteroidia;o__Bacteroidales;f__Rikenellaceae;g__Alistipes;s__Alistipes_putredinis	0.0387722972152	0.0215068673267	1.0	-0.0292999469529	-0.0469070270208	-0.0288474136897	-0.0352877464019	-0.0604421625939	-0.0808422065131	-0.0103214259772	0.00442709245295	0.00929595704549	0.0231137280884	-0.0111449937596	-0.0184813738126	-0.00396360224418	-0.00850405301684	0.0631068616925	0.00298218940278	-0.0303195207617	-0.0847609747181	-0.0419108047595	-0.0125801937179	-0.00719273086193	0.0127104418823	-0.0236943500261	-0.0306033423532	-0.0131548606996	0.0170420969045	-0.00622193541834	0.0439152632073	0.033991008716	0.0450513852365	0.0161452905194	-0.0065691644619	0.0702166156495	-0.0520893377615	-0.00811871834945	-0.0666106849237	-0.0562119002166	0.055787475615	-0.022742941457	0.0345136502338	-0.00298933028449	-0.0302584877997	0.00409434260543	0.0133375856677	0.0540203372899	0.044154677477	-0.040071140245	-0.0385591325816	0.0192018550103	-0.0168127323908	-0.0293163119622	-0.00705921399733	-0.0415714218524	0.0553968969312	-0.0427662826008	0.0860531920936
k__Bacteria;p__Bacteroidetes;c__Bacteroidia;o__Bacteroidales;f__Prevotellaceae;g__Prevotella;s__Prevotella_copri	7.18912950128e-05	-0.04062014573	-0.0292999469529	1.0	-0.0147252910945	0.0450771916371	-0.0722025774035	-0.00277372197452	-0.0559316319511	0.0336432600669	0.0286294845542	0.0132476373165	-0.0404190064821	0.00179781804702	0.0204795993902	-0.000122746563609	-0.0131241938445	-0.0171466502742	-0.000578449379806	0.0162641625323	0.00409122055969	-0.0484284781822	-0.0257895512562	0.0118990847093	0.0217905286069	-0.0106977334466	0.0375841225773	-0.0518925119382	-0.00972967586491	0.0419600545328	-0.0536404281912	-0.0706443817672	0.0220695549811	0.0452005676825	0.00423819927652	0.0245099122705	-0.0487878002937	0.0128033039795	0.00970804913521	-0.0153330560203	-0.0558284399647	-0.00232539858347	0.000804857299889	-0.00392167437491	-0.028703534339	0.0310843177954	-0.00685279480154	-0.0498793082177	0.00338733686337	-0.00400412293914	-0.0237661730353	0.0409868492173	-0.0657294799882	0.0371255444219	0.0279392967855	0.0556908163476	-0.00757131517977	0.0459348157596	0.0259430299241
k__Bacteria;p__Bacteroidetes;c__Bacteroidia;o__Bacteroidales;f__Bacteroidaceae;g__Bacteroides;s__Bacteroides_stercoris	-0.00464720105092	0.0287335310391	-0.0469070270208	-0.0147252910945	1.0	0.00924776369274	-0.0126482453539	-0.0377276215179	-0.0264565057678	-0.0127565761894	-0.0117024490464	-0.0205330231704	0.0133940272842	-0.0248091133194	0.0484807719026	-0.0312819926936	-0.0276372217093	-0.00981382145372	0.0132602666968	0.0101703950654	-0.0150146088906	-0.060579577594	0.0268994474028	-0.0179758256214	-0.00383968986941	0.0435953271481	0.0317806615342	-0.0227252767255	0.0184466740951	0.0425789208187	0.00427929686932	-0.0139257008136	0.037487135381	0.00195830579952	0.0206151960542	-0.042890116841	-0.0414658733035	0.0023080953486	-0.0139901500889	0.00758238003187	0.0848237541897	-0.0260878868789	-0.0483583619036	-0.0646254607183	-0.00468248155758	0.0421021667908	0.0531834607364	0.00690658747197	-0.0308710916325	-0.0418270497358	-0.0362259236264	0.0240531757711	-0.0270851547499	-0.0461485239108	-0.0277516478157	0.00135500363606	0.0323970406282	-0.0592895509325	0.0120545210643
k__Bacteria;p__Bacteroidetes;c__Bacteroidia;o__Bacteroidales;f__Bacteroidaceae;g__Bacteroides;s__Bacteroides_ovatus	0.022943745258	-0.0332691957286	-0.0288474136897	0.0450771916371	0.00924776369274	1.0	0.00635452941854	-0.00076652927165	0.0446898139141	-0.00563660319105	-0.064715357765	0.0179435096146	0.0428664665179	-0.00594029767385	0.00837344340762	0.0326705791388	0.0130701536277	0.000814503764102	-0.0140888216608	-0.0240418920063	-0.058625198732	-0.0253392144314	-0.0629149843925	0.0574541496494	0.0177784151452	-0.0114805659679	0.0299352673815	0.00314833482506	-0.0429994332	-0.0225649432275	0.00475253716352	-0.0299652234788	-0.0156609557944	-0.00658227420039	-0.0253267536385	-0.055164084781	-0.0515407867611	0.0168051562626	-0.075441226573	-0.0264718998739	-0.0507236009677	-0.0253618243292	0.0195089709851	0.0213898534011	0.0212620889387	-0.0403941204565	-0.0216030001817	0.0154969668627	0.0102944842187	-0.0121703281031	0.0204417454708	0.00805484585257	0.0266499207686	-0.00191824246197	-0.00229650506369	-0.0368894055922	0.0093611837856	-0.0209914877792	-0.0317089324762
k__Bacteria;p__Bacteroidetes;c__Bacteroidia;o__Bacteroidales;f__Rikenellaceae;g__Alistipes;s__Alistipes_shahii	0.0151478275314	-0.0198533447979	-0.0352877464019	-0.0722025774035	-0.0126482453539	0.00635452941854	1.0	-0.00691688880903	-0.00250844914305	0.0110621339057	0.0267715724904	0.0167350380657	-0.000692102195179	0.0140820157549	-0.00478004467912	-0.0109848730163	-0.0265925025117	-0.019175958193	-0.0525170602318	-0.0239612827368	0.00546210389367	0.0428421274607	-0.0166763679158	0.0278393747488	0.0265512019259	-0.0453319138119	-0.0290583770035	0.0130038587097	-0.0938637397844	0.0210491843324	-0.00846998350391	0.05208497592	-0.01532698334	0.00166346597244	-0.0127684307648	-0.0220622169401	0.0205858989935	-0.0150464990978	-0.0184164323278	0.0364487865456	-0.0102889991051	-0.0219763968441	0.0248215420278	0.0540654523639	-0.0373189285355	-0.0330794442748	0.0169460477857	-0.00777012962054	-0.0203642818884	-0.0214057915298	0.0309912844572	-0.0145940621675	-0.0381035289441	-0.0200354982127	0.0370331504917	0.0139015861867	-0.049124982751	0.00838070884431	-0.0109590260757
k__Bacteria;p__Firmicutes;c__Clostridia;o__Clostridiales;f__Ruminococcaceae;g__Faecalibacterium;s__Faecalibacterium_prausnitzii	-0.0195854499705	0.0286065806882	-0.0604421625939	-0.00277372197452	-0.0377276215179	-0.00076652927165	-0.00691688880903	1.0	-0.031547474861	0.00529813521892	-0.000841214739841	-0.00371589170111	-0.0327409870367	0.0208228751756	0.0130146200774	-0.0282538320962	0.0127141941853	0.0199322777168	-0.0133501383118	0.00452344651781	0.0359995682612	-0.0393308715666	-0.00874008350667	-0.0336126606504	0.00384443207233	-0.0559192212415	0.0246536655085	-0.00512772955496	0.00207985098698	-0.00210018816196	-0.0350640962248	0.00116063567678	0.0331634720427	-0.00529302463311	-0.0264437712177	0.0117625598646	-0.0312936200644	0.0366782699353	-0.0285587751901	-0.0458911139965	0.0134391279225	-0.00781351812132	0.00437675115294	-0.00361776325163	0.000480747820666	-0.00431438969873	-0.0425638472019	0.0560797668784	0.00855482357792	-0.00610739549325	-0.04594860506	-0.00324898980631	-0.0214233452163	-0.0363387535242	-0.00048704556614	-0.00226892822336	-0.0533305854341	0.0314060264552	-0.0486932521098
k__Bacteria;p__Bacteroidetes;c__Bacteroidia;o__Bacteroidales;f__Rikenellaceae;g__Alistipes;s__Alistipes_finegoldii	0.00860409409668	-0.0187245348234	-0.0808422065131	-0.0559316319511	-0.0264565057678	0.0446898139141	-0.00250844914305	-0.031547474861	1.0	-0.0335240184765	0.0176152791521	-0.0130514113579	0.0261468629754	-0.0217101308122	-0.0178015120208	0.010507997651	-0.0168564354653	-0.0128008210366	-0.0311502162589	-0.011768898806	-0.0618618410506	-0.0223134422739	0.0433389198778	0.0211750344779	0.050159691854	0.0299926595796	0.0159867070632	0.022164105541	0.0480220450793	0.00380474598268	0.00718372451411	0.0055589726753	0.026107943018	0.0217300856446	-0.0176139323604	-0.0124049083528	-0.0384248570096	0.0117502396697	0.0424328458772	-0.010950444656	-0.00363613440235	0.0726920833372	-0.0321816385398	-0.0101938432744	0.047929186658	-0.0179122796336	-0.00973067153551	-0.0287311032075	-0.0205741450755	-0.0579134643621	0.00341469509697	-0.0518270354112	-0.0263476436973	-0.0329037576907	0.00986941660067	-0.0738427706989	0.00170451843879	-0.00688061873831	-0.0382531091293
k__Bacteria;p__Bacteroidetes;c__Bacteroidia;o__Bacteroidales;f__Porphyromonadaceae;g__Parabacteroides;s__Parabacteroides_distasonis	-0.0428551698443	0.0260306130064	-0.0103214259772	0.0336432600669	-0.0127565761894	-0.00563660319105	0.0110621339057	0.00529813521892	-0.0335240184765	1.0	-0.00342930432564	-0.00231118887444	-0.00656975025342	-0.00497397187289	-0.0214145556898	-0.0936935107789	-0.0178752987336	-0.0814482532618	-0.0168315288205	-0.0155094506682	0.0555396976644	-0.0331563930885	0.0221131688649	0.0334507743313	-0.0224491036884	0.0124867878899	0.0221474944964	-0.0348206935604	-0.0135582456073	0.0153316212956	0.0026081394576	0.0105110211595	-0.0706743914398	-0.000882535939289	0.0610434239639	0.0135445742409	0.00482468354124	-0.00820826310028	-0.022715659595	-0.0154395921644	0.0226309264606	0.0383617695291	0.0382591376754	0.0637873202047	-0.00914643255214	-0.0214616624455	-0.0160545788778	-0.00612433634357	-0.00380892800038	1.51778819705e-05	0.0550648923805	-0.0274907875466	-0.0228135480947	0.00724747611532	-0.00100131846763	0.0198901242411	0.0308686566814	0.0127831957178	-0.0315547425608
k__Bacteria;p__Bacteroidetes;c__Bacteroidia;o__Bacteroidales;f__Bacteroidaceae;g__Bacteroides;s__Bacteroides_thetaiotaomicron	0.00370926500623	-0.0145238255883	0.00442709245295	0.0286294845542	-0.0117024490464	-0.064715357765	0.0267715724904	-0.000841214739841	0.0176152791521	-0.00342930432564	1.0	0.0042706835528	0.00786677155326	0.00287424024888	-0.0115564163463	-0.043276253887	0.00584527060394	-0.00278937397682	-0.0235452288718	-0.031658021932	-0.000352609369311	0.0141211211254	0.061520317648	-0.0193783362409	-0.0227094896596	-0.0422117250641	-0.000228678162014	0.0030543677503	0.0718944358318	0.0260653020014	-0.00798068058327	-0.0598415708154	-0.000171410595383	0.027377606973	-0.0203771607826	-0.0255419654665	-0.00523145361606	0.0384736431926	-0.00681783041934	0.0366907020939	0.0213087252585	-0.0445062536313	-0.0110871838164	0.00620824399878	-0.0231015577858	-0.039261134712	-0.0213333366769	0.0216321868214	-0.0888994857884	0.00208774364937	0.048762556369	-0.0329228178907	-0.0313696144405	-0.0139790089939	-0.00869423965985	-0.0479987923667	-0.0308309874642	-0.0466021564139	0.0257218483585
k__Bacteria;p__Bacteroidetes;c__Bacteroidia;o__Bacteroidales;f__Bacteroidaceae;g__Bacteroides;s__Bacteroides_coprocola	-0.00868552545302	0.0055671448763	0.00929595704549	0.0132476373165	-0.0205330231704	0.0179435096146	0.0167350380657	-0.00371589170111	-0.0130514113579	-0.00231118887444	0.0042706835528	1.0	0.00579435581931	0.0204085174254	0.0240623598885	-0.0245686833916	-0.0427879699837	-0.00126239876183	0.0338413663188	-0.0365304609773	-0.0384580927596	-0.0162420823453	-0.0347112732764	0.0508850513207	0.0232291423576	-0.0118848081655	-0.0125801549184	-0.0459961091213	0.0382376578768	-0.0374394661323	-0.0340151172318	-0.0396210952545	-0.0102556434856	-0.0365706341463	-0.0180865355547	-0.0145445094361	0.0274369622614	-0.0160477156356	-0.0141090660954	-0.0294105673113	-0.0173773119898	-0.0207657274455	-0.000884803257663	-0.0182876083795	0.0133433536488	-0.0172449074436	-0.0366951280979	-0.0292881793458	-0.0149105035917	-0.0297005043378	-0.0169989636861	-0.0125563205419	0.0027576368355	0.00776346022006	-0.00281881464256	0.0100925843711	0.0225386549546	-0.0601005473764	0.0306891231354
k__Bacteria;p__Bacteroidetes;c__Bacteroidia;o__Bacteroidales;f__Bacteroidaceae;g__Bacteroides;s__Bacteroides_cellulosilyticus	0.00113002606746	0.000358917688915	0.0231137280884	-0.0404190064821	0.0133940272842	0.0428664665179	-0.000692102195179	-0.0327409870367	0.0261468629754	-0.00656975025342	0.00786677155326	0.00579435581931	1.0	-0.05162288702	-0.0382245664638	0.0072847423805	0.000138735588114	-0.041657458482	0.00357494094173	0.0241390992156	0.00890327178528	-0.00132036686448	0.011924163435	-0.0133198434378	0.00506517521639	0.0684086662681	0.00918710101703	-0.0152139046159	-0.0214378641505	-0.0932603740881	0.0149371685359	0.01403103206	-0.00334196864579	-0.0107547008164	-0.0425885441116	0.00214390474912	-0.0234446495654	0.0183290246012	-0.0457080794225	0.0849386934702	0.00941062858194	-0.0456542045629	-0.0133267260457	0.0412542437647	0.0211516182388	-0.0432392104993	0.0105493963651	-0.0426813142549	0.0496874752003	-0.0368468256618	-0.010816861705	0.038829096665	-0.00176466233928	0.0195868193561	0.0267848617808	-0.0267946067959	-0.0388184524006	-0.0209540411683	-0.00308568143261
k__Bacteria;p__Bacteroidetes;c__Bacteroidia;o__Bacteroidales;f__Rikenellaceae;g__Alistipes;s__Alistipes_obesi	0.0337947078569	-0.0613701163894	-0.0111449937596	0.00179781804702	-0.0248091133194	-0.00594029767385	0.0140820157549	0.0208228751756	-0.0217101308122	-0.00497397187289	0.00287424024888	0.0204085174254	-0.05162288702	1.0	-0.0366407460474	0.00388261087824	0.0233005944718	-0.0324703276744	-0.0478846107609	-0.0111877402571	-0.000330829411467	-0.0353059295685	-0.0137805064273	-0.0536613876682	-0.0371459849413	-0.0195130607595	-0.027289825131	0.0290523511413	0.0117503020068	0.0337026835416	0.00624737782563	0.0422162229338	-0.0179855592602	-0.011690040938	-0.0133869593222	0.00326304764434	0.00890471788049	0.0185845181985	0.00335984511015	0.0444232758273	0.000186949788064	-0.075725395553	-0.00347595604436	-0.0228577614036	-0.00751662748854	0.0163908458416	-0.0157054051127	-0.00173357941502	0.0864414422245	0.0211485867476	-0.0345198410979	0.014010829119	0.0102541578929	0.00105280573284	-0.0186555314225	-0.0212308592192	-0.0107148280468	1.08602533026e-05	-0.0372031492519
k__Bacteria;p__Firmicutes;c__Clostridia;o__Clostridiales;f__Lachnospiraceae;g__;s__[Eubacterium]_rectale	0.00385508203872	0.0103487494704	-0.0184813738126	0.0204795993902	0.0484807719026	0.00837344340762	-0.00478004467912	0.0130146200774	-0.0178015120208	-0.0214145556898	-0.0115564163463	0.0240623598885	-0.0382245664638	-0.0366407460474	1.0	0.0533351656868	0.0361101868128	0.0247164228967	-0.00865977354628	-0.0327571758481	0.0120888234245	-0.0109702690381	-0.0170844090601	0.00320304714121	-0.009626221354	0.0115446185864	-0.00150653083809	0.029406676528	-0.0394826840701	0.0280061687872	0.0485622663906	-0.00833269993508	-0.0613582634647	-0.0140145789392	-0.0208895178941	0.0359172669869	-0.0444962676089	0.00100926190199	0.0217133786259	-0.0312108606018	0.0238966592027	0.0180753620727	-0.0734605829322	-0.0174510171474	0.00736983513633	-0.0545237493111	-0.0738933620796	0.0216436621686	-0.0510970303189	-0.0291682029386	0.0324842653379	-0.0222996324295	0.0532119738806	-0.0525210639698	0.0405690353998	0.0156406417333	-0.0487258993323	0.0285530904665	-0.0334909281496
k__Bacteria;p__Bacteroidetes;c__Bacteroidia;o__Bacteroidales;f__Bacteroidaceae;g__Bacteroides;s__Bacteroides_plebeius	0.0173104561336	0.0111689515045	-0.00396360224418	-0.000122746563609	-0.0312819926936	0.0326705791388	-0.0109848730163	-0.0282538320962	0.010507997651	-0.0936935107789	-0.043276253887	-0.0245686833916	0.0072847423805	0.00388261087824	0.0533351656868	1.0	0.044211369656	0.0140482020297	-0.0281533154221	-0.0209518819525	-0.0172121718096	0.0211415182666	-0.0385025542386	0.00231374677066	-0.0332861045259	0.0407862075063	-0.00691847937399	-0.0306573204882	0.000786058259839	-0.0210207172373	0.0134473898727	0.0321032100267	-0.0617527093345	-0.0185258761365	0.0140659822486	0.0257130186169	-0.0654788581037	0.00537532093487	-0.0730805381941	-0.00499910138238	-0.0186487639977	-0.0503621365864	-0.0210511363053	-0.0179257501098	-0.0263937556202	-0.0358889397226	0.0127101546138	0.0241563570062	-0.0410483799507	0.00996839943789	0.0149073379173	0.0754304811164	-0.0259133837151	-0.0341459219311	0.0493613892223	-0.0444272855667	-0.0403091909883	0.0183137052355	0.0068319424361
k__Bacteria;p__Bacteroidetes;c__Bacteroidia;o__Bacteroidales;f__Bacteroidaceae;g__Bacteroides;s__Bacteroides_fragilis	0.0357721148959	-0.00886543701783	-0.00850405301684	-0.0131241938445	-0.0276372217093	0.0130701536277	-0.0265925025117	0.0127141941853	-0.0168564354653	-0.0178752987336	0.00584527060394	-0.0427879699837	0.000138735588114	0.0233005944718	0.0361101868128	0.044211369656	1.0	0.0363339636301	0.00224172882791	-0.00414827947857	0.0112641496751	0.045889394594	-0.0154412714636	0.000993828414368	0.0286049048147	0.0110571842087	-0.00395286234744	0.0682218709339	-0.0168931987382	-0.0660281528194	-0.0430812458382	-0.00330519397747	0.00639970090341	-0.0250631396136	-0.00667530920579	-0.00679195333597	0.0136197883218	0.021407410968	0.0384091798171	0.00220305274144	0.0184255732701	0.0162672991959	-0.00909384311994	-0.0663701063223	0.0199055651955	0.0117711055923	-0.0146668267755	0.0114236578079	0.0296068555269	0.00988817189572	-0.0202810932057	-0.00197556652423	0.0207230475272	-0.0342016009626	-0.0309565285604	-0.0012584492807	-0.0353628516455	0.059725245189	0.00159491307828
k__Bacteria;p__Proteobacteria;c__Betaproteobacteria;o__Burkholderiales;f__Sutterellaceae;g__Sutterella;s__Sutterella_wadsworthensis	-0.0153920619517	-0.0238278751234	0.0631068616925	-0.0171466502742	-0.00981382145372	0.000814503764102	-0.019175958193	0.0199322777168	-0.0128008210366	-0.0814482532618	-0.00278937397682	-0.00126239876183	-0.041657458482	-0.0324703276744	0.0247164228967	0.0140482020297	0.0363339636301	1.0	0.00260219071528	0.0207627795564	-0.00633066267657	-0.014304485323	-0.00457443658131	0.0121137428281	0.0373779400163	-0.00695332036181	-0.0293012324991	0.036941152547	-0.0149794247378	-0.0580016807857	0.0251304534374	-0.00723500092397	5.78358903482e-05	-0.00891547102899	-0.0667743649292	0.0214764336594	-0.0477700656263	0.0400006103989	-0.0403078622385	-0.0334838403438	0.0165771782858	0.00407914766136	-0.00818553537125	-0.0302662084264	0.0689308021089	-0.047946507021	0.0467220262106	0.0257943792113	-0.0277408707509	0.0407343141654	-0.0263758632292	-0.0160744346737	0.0486414625929	0.0111394406313	0.0315920564287	0.0316606303872	-0.00640630134637	-0.0724693419586	-0.0124243079028
k__Bacteria;p__Bacteroidetes;c__Bacteroidia;o__Bacteroidales;f__Porphyromonadaceae;g__Barnesiella;s__Barnesiella_intestinihominis	0.0165537565408	-0.000906788789446	0.00298218940278	-0.000578449379806	0.0132602666968	-0.0140888216608	-0.0525170602318	-0.0133501383118	-0.0311502162589	-0.0168315288205	-0.0235452288718	0.0338413663188	0.00357494094173	-0.0478846107609	-0.00865977354628	-0.0281533154221	0.00224172882791	0.00260219071528	1.0	0.0142847821572	-0.0424856462857	0.0133260405963	0.0412247891357	0.0239007494086	0.0443678905166	-0.074926011376	-0.00551144254384	0.0668742111406	0.0357703138532	0.0219031664047	-0.0173191929017	0.0070932453574	0.0184449946912	-0.0359643564217	0.0081994489629	0.047551155566	-0.0693087294929	0.015898445299	0.0193599084384	-0.0257662086298	-0.0335168608781	-0.0235278411547	-0.00886212411205	-0.0206566107475	-0.00803220279697	-0.0257749209206	-0.0609232586263	-0.0164245694489	0.0116387703264	-0.0142177449894	-0.00356040841795	-0.00472115826842	-0.000611697491138	-0.0301906417357	-0.0351267091771	0.0139393406451	0.0374325553617	-0.0185066109059	0.00102764637827
k__Bacteria;p__Bacteroidetes;c__Bacteroidia;o__Bacteroidales;f__Odoribacteraceae;g__Odoribacter;s__Odoribacter_splanchnicus	-0.0523501578074	-0.0169696452051	-0.0303195207617	0.0162641625323	0.0101703950654	-0.0240418920063	-0.0239612827368	0.00452344651781	-0.011768898806	-0.0155094506682	-0.031658021932	-0.0365304609773	0.0241390992156	-0.0111877402571	-0.0327571758481	-0.0209518819525	-0.00414827947857	0.0207627795564	0.0142847821572	1.0	-0.0295869800955	0.0550593049941	0.0488525684335	-0.0295595203832	0.0112285849973	0.00371229166269	-0.0107980380188	0.000714849503452	0.00109835355037	-0.0107345899699	-0.034600458129	-0.0272936726025	0.0302065122876	-0.0537870059425	-0.0504877432063	-0.0121141902141	-0.00289615133016	-0.0200167588774	-0.0233168888905	0.00534925931195	0.0548220248685	-0.00739308431603	0.0486139301265	-0.0505164930969	0.0195656052356	-0.0041891226238	-0.0470312874304	0.0182892458374	0.00967987180582	0.0181793343484	-0.0361278165465	-0.00277569140736	-0.028685547701	0.0433280607682	-0.0227178335378	-0.0213860542557	0.0261290955731	-0.0314617035854	-0.0431473025707
k__Bacteria;p__Bacteroidetes;c__Bacteroidia;o__Bacteroidales;f__Bacteroidaceae;g__Bacteroides;s__Bacteroides_salyersiae	-0.0100629800573	-0.00264576014851	-0.0847609747181	0.00409122055969	-0.0150146088906	-0.058625198732	0.00546210389367	0.0359995682612	-0.0618618410506	0.0555396976644	-0.000352609369311	-0.0384580927596	0.00890327178528	-0.000330829411467	0.0120888234245	-0.0172121718096	0.0112641496751	-0.00633066267657	-0.0424856462857	-0.0295869800955	1.0	0.00064626765491	-0.00800487247457	-0.00460433858589	-0.0019906845147	0.00673959613186	0.00928133047964	0.00854007622724	-0.0204238058633	-0.0276518851701	-0.0162405681129	-0.0396341833175	-0.0115761897883	0.0326068700836	0.0260134632269	-0.0231352449332	0.0333066049315	-0.017751803445	0.0260600809914	-0.0562056462539	-0.0248386570561	0.0554456845534	-0.0577662409449	-0.0124907427465	-0.0263542658506	-0.0335793615576	-0.000324928625884	0.036049708573	-0.00241477346598	0.0831151582767	-0.0189561445509	0.0422879709094	0.0249969316003	-0.0301697966919	-0.0071071620064	-0.0312595519935	0.0121188872155	0.0122553772913	0.0696576921633
k__Bacteria;p__Firmicutes;c__Clostridia;o__Clostridiales;f__Ruminococcaceae;g__Ruminiclostridium;s__[Eubacterium]_siraeum	-0.00974789543051	-0.0766646472279	-0.0419108047595	-0.0484284781822	-0.060579577594	-0.0253392144314	0.0428421274607	-0.0393308715666	-0.0223134422739	-0.0331563930885	0.0141211211254	-0.0162420823453	-0.00132036686448	-0.0353059295685	-0.0109702690381	0.0211415182666	0.045889394594	-0.014304485323	0.0133260405963	0.0550593049941	0.00064626765491	1.0	0.0227710132897	-0.00520788588184	0.0150174450474	-0.0163824444193	-0.0249443003312	0.0212012761394	0.00968410996351	0.0247470656422	0.0243175378249	0.0222011279671	0.00512187336394	0.00317948043247	0.00862913300401	-0.0334790787364	-0.0124153370596	0.00533483974398	0.0720887160088	-0.000125108152276	-0.0435510739907	-0.0165524413099	0.0304972716293	-0.0170006739012	0.00434005570542	-0.0395782850727	-0.0533674104635	-0.0225641247709	-0.0628974068825	0.0143314650392	-0.0202244167426	-0.011803336953	-0.0384499474275	-0.00770734572813	0.0067681393834	-0.0386418911734	-0.060382161445	0.0124870656935	0.00181346862445
k__Bacteria;p__Proteobacteria;c__Betaproteobacteria;o__Burkholderiales;f__Sutterellaceae;g__Parasutterella;s__Parasutterella_excrementihominis	-0.0051190648407	0.0235801537267	-0.0125801937179	-0.0257895512562	0.0268994474028	-0.0629149843925	-0.0166763679158	-0.00874008350667	0.0433389198778	0.0221131688649	0.061520317648	-0.0347112732764	0.011924163435	-0.0137805064273	-0.0170844090601	-0.0385025542386	-0.0154412714636	-0.00457443658131	0.0412247891357	0.0488525684335	-0.00800487247457	0.0227710132897	1.0	-0.00574165729879	-0.0158270760542	0.000681726758625	0.0523805424405	0.0010162209756	0.00964178524422	0.007841570905	0.0141356146114	-0.0268438102594	0.00379358270974	0.0192494260753	-0.0539472090848	-0.0270947825124	-0.0465972405008	-0.0298138973811	0.00327189828845	0.0417411615661	-0.0638574709328	-0.0516619805371	0.0248623926744	-0.0136565381607	-0.0248392216803	0.00290454754778	0.0317668785405	-0.0109241494893	-0.0338220365388	-0.0376071718466	-0.0463223159687	-0.0327259879978	-0.00885630760891	-0.00134579594782	0.0478117535505	-0.0222893694981	-0.0248855758308	0.0486345763444	-0.0119468481115
k__Bacteria;p__Actinobacteria;c__Actinobacteria;o__Bifidobacteriales;f__Bifidobacteriaceae;g__Bifidobacterium;s__Bifidobacterium_adolescentis	-0.0326659954698	0.011662010744	-0.00719273086193	0.0118990847093	-0.0179758256214	0.0574541496494	0.0278393747488	-0.0336126606504	0.0211750344779	0.0334507743313	-0.0193783362409	0.0508850513207	-0.0133198434378	-0.0536613876682	0.00320304714121	0.00231374677066	0.000993828414368	0.0121137428281	0.0239007494086	-0.0295595203832	-0.00460433858589	-0.00520788588184	-0.00574165729879	1.0	0.055260856773	-0.0433008049931	-0.0157156980565	-0.0301043325392	0.0239534892583	0.0751228906304	-0.0472829013189	-0.0410128719388	-0.0338792800795	-0.00663822032149	-0.0447098180337	-0.0111633039862	0.00211286458711	0.0329656842163	-0.0423327359971	-0.025802565966	0.00401553492798	0.00882324537087	0.000988127103656	-0.0525583180513	-0.042643495929	-0.0147411263797	0.0097870864217	0.00218548362598	-0.0358380037219	-0.0474821719309	0.00803566168592	0.0125418145065	-0.0366043700903	0.0382807906827	-0.0360586585975	0.0605586704131	0.00371840458586	-0.0507565207599	-0.00401564654023
k__Bacteria;p__Firmicutes;c__Clostridia;o__Clostridiales;f__Oscillospiraceae;g__Oscillibacter;s__Oscillibacter_sp._KLE_1745	-0.037002580119	-0.0668316977421	0.0127104418823	0.0217905286069	-0.00383968986941	0.0177784151452	0.0265512019259	0.00384443207233	0.050159691854	-0.0224491036884	-0.0227094896596	0.0232291423576	0.00506517521639	-0.0371459849413	-0.009626221354	-0.0332861045259	0.0286049048147	0.0373779400163	0.0443678905166	0.0112285849973	-0.0019906845147	0.0150174450474	-0.0158270760542	0.055260856773	1.0	-0.0308450330279	-0.104618310568	0.0282148064515	-0.0710064176438	-0.00614320195494	0.0200948409963	0.0533333385804	0.0111170422323	0.0140178462485	0.0340074952428	-0.027439605502	-0.0419550776895	-0.0434770876639	-0.0121636405512	-0.0230076027656	-0.0167102221918	-0.0162368717387	-0.0629717974028	-0.0408819661218	0.000614149460235	0.042032102322	-0.00302882129755	-0.00897509843891	-0.0367289604364	0.0496725432835	0.031613211279	-0.0483431081395	-0.00426182917596	-0.00263534230045	-0.0118318887343	0.007473383878	0.0177233944405	-0.00334741743732	0.0147252593008
k__Bacteria;p__Bacteroidetes;c__Bacteroidia;o__Bacteroidales;f__Bacteroidaceae;g__Bacteroides;s__Bacteroides_coprophilus	-0.0163569912986	-0.00435766369668	-0.0236943500261	-0.0106977334466	0.0435953271481	-0.0114805659679	-0.0453319138119	-0.0559192212415	0.0299926595796	0.0124867878899	-0.0422117250641	-0.0118848081655	0.0684086662681	-0.0195130607595	0.0115446185864	0.0407862075063	0.0110571842087	-0.00695332036181	-0.074926011376	0.00371229166269	0.00673959613186	-0.0163824444193	0.000681726758625	-0.0433008049931	-0.0308450330279	1.0	0.0417423874079	-0.0820597450191	0.0173838344134	-0.03538400002	-0.0312059664215	0.00956402348379	-0.000852178472233	0.0468262113634	-0.0584953102721	-0.020563514608	0.0596381386498	0.0326353367858	0.0331227373815	0.00309624626614	0.0582562116671	0.0117452787674	0.0745506534856	-0.0253408794624	0.0589987261671	0.0221420495013	-0.0218894231776	-0.0319817746592	0.0137529035013	-0.0541652665943	-0.0402225318804	-0.00857616398555	0.0193747264498	-0.0708551604021	-0.0410697896106	0.00703864282146	-0.0127698400092	-0.0436442142804	-0.0252204721131
k__Bacteria;p__Firmicutes;c__Clostridia;o__Clostridiales;f__Lachnospiraceae;g__Roseburia;s__Roseburia_intestinalis	0.00720443131202	0.0238268425868	-0.0306033423532	0.0375841225773	0.0317806615342	0.0299352673815	-0.0290583770035	0.0246536655085	0.0159867070632	0.0221474944964	-0.000228678162014	-0.0125801549184	0.00918710101703	-0.027289825131	-0.00150653083809	-0.00691847937399	-0.00395286234744	-0.0293012324991	-0.00551144254384	-0.0107980380188	0.00928133047964	-0.0249443003312	0.0523805424405	-0.0157156980565	-0.104618310568	0.0417423874079	1.0	-0.00704756053515	-0.0233161718206	-0.0224158485083	-0.0112915122659	0.00481507126681	0.0103024374168	-0.0254361175251	-0.00806904274063	-0.0128315323326	0.0346260923438	0.0207540984143	0.0117126565336	-0.00967121860021	-0.023064429576	0.0898522087515	-0.0164888327968	0.0515446276571	-0.00415805207683	0.0144451302938	-0.0316271504366	-0.0336020054304	0.0486104408741	0.0212399738245	-0.0399569570567	0.0114947829833	-0.003399779721	0.011666211885	-0.070786097934	-0.00287845080503	-0.0761859715829	-0.00875212041348	-0.0608763562429
k__Bacteria;p__Firmicutes;c__Clostridia;o__Clostridiales;f__Lachnospiraceae;g__Roseburia;s__Roseburia_hominis	0.00979320975903	-0.0111514125826	-0.0131548606996	-0.0518925119382	-0.0227252767255	0.00314833482506	0.0130038587097	-0.00512772955496	0.022164105541	-0.0348206935604	0.0030543677503	-0.0459961091213	-0.0152139046159	0.0290523511413	0.029406676528	-0.0306573204882	0.0682218709339	0.036941152547	0.0668742111406	0.000714849503452	0.00854007622724	0.0212012761394	0.0010162209756	-0.0301043325392	0.0282148064515	-0.0820597450191	-0.00704756053515	1.0	0.00615399108201	-0.00538149379357	0.0653496829845	-0.0301543210494	0.0673605527262	0.0256048889343	-0.00839278855985	-0.00854324826061	0.0120611809813	-0.0450466259548	-0.0191375807916	-0.0155902696069	-0.0218945451312	0.0548082927505	-0.0152622206461	0.00383317320637	0.030333481693	0.0129487225621	-0.0641836764868	-0.00677610204839	0.0375501990891	0.0173455923709	0.0123044675497	-0.0402825140563	-0.000887984701924	-0.0237671662049	-0.0336645792046	-0.0255488577574	-0.0252875573292	0.0263423682553	-0.00170129302082
k__Bacteria;p__Bacteroidetes;c__Bacteroidia;o__Bacteroidales;f__Porphyromonadaceae;g__Parabacteroides;s__Parabacteroides_johnsonii	0.0690566257493	-0.0115476155265	0.0170420969045	-0.00972967586491	0.0184466740951	-0.0429994332	-0.0938637397844	0.00207985098698	0.0480220450793	-0.0135582456073	0.0718944358318	0.0382376578768	-0.0214378641505	0.0117503020068	-0.0394826840701	0.000786058259839	-0.0168931987382	-0.0149794247378	0.0357703138532	0.00109835355037	-0.0204238058633	0.00968410996351	0.00964178524422	0.0239534892583	-0.0710064176438	0.0173838344134	-0.0233161718206	0.00615399108201	1.0	0.0113070069458	0.00370202702335	-0.0324367074888	0.0081211411524	-0.0679575306407	-0.0407618245282	-0.0573674294117	0.0140265319014	0.03102225732	0.0154506707279	0.0107263865117	0.0152845223034	0.0289344470252	0.0280920051555	-0.0497919930803	-0.00375784110674	-0.0550798954444	0.0319169172933	-0.0327738441743	0.0407718863937	-0.0510407858187	-0.024692638656	0.0118908811839	-0.0364098210779	0.052612008895	-0.0212163948816	0.0103325260616	0.0159632850897	-0.0123963635183	0.020648697529
k__Bacteria;p__Actinobacteria;c__Actinobacteria;o__Bifidobacteriales;f__Bifidobacteriaceae;g__Bifidobacterium;s__Bifidobacterium_longum	-0.0159550564459	-0.0296965489615	-0.00622193541834	0.0419600545328	0.0425789208187	-0.0225649432275	0.0210491843324	-0.00210018816196	0.00380474598268	0.0153316212956	0.0260653020014	-0.0374394661323	-0.0932603740881	0.0337026835416	0.0280061687872	-0.0210207172373	-0.0660281528194	-0.0580016807857	0.0219031664047	-0.0107345899699	-0.0276518851701	0.0247470656422	0.007841570905	0.0751228906304	-0.00614320195494	-0.03538400002	-0.0224158485083	-0.00538149379358	0.0113070069458	1.0	-0.019012276999	-0.00773154894623	-0.0603510057975	0.0206105170101	0.0270416834613	-0.0246454236888	-0.0174622556445	-0.0124049672396	0.0148452384829	0.00933647083614	-0.0284496852669	-0.00209115793314	0.0222873754825	-0.0421999363722	-0.036582231211	-0.0217931902721	-0.0174944434282	-0.0292336951733	-0.0281834398799	-0.0151049201878	-0.0128279397162	-0.10006685331	-0.00528339450977	0.0150198281998	-0.0368034828453	-0.0604959131715	0.0104569048182	0.01257370319	0.014150374171
