#taxonomy	k__Bacteria;p__Bacteroidetes;c__Bacteroidia;o__Bacteroidales;f__Bacteroidaceae;g__Bacteroides;s__Bacteroides_vulgatus	k__Bacteria;p__Bacteroidetes;c__Bacteroidia;o__Bacteroidales;f__Bacteroidaceae;g__Bacteroides;s__Bacteroides_uniformis	k__Bacteria;p__Bacteroidetes;c__Bacteroidia;o__Bacteroidales;f__Rikenellaceae;g__Alistipes;s__Alistipes_putredinis	k__Bacteria;p__Bacteroidetes;c__Bacteroidia;o__Bacteroidales;f__Prevotellaceae;g__Prevotella;s__Prevotella_copri	k__Bacteria;p__Bacteroidetes;c__Bacteroidia;o__Bacteroidales;f__Bacteroidaceae;g__Bacteroides;s__Bacteroides_stercoris	k__Bacteria;p__Bacteroidetes;c__Bacteroidia;o__Bacteroidales;f__Bacteroidaceae;g__Bacteroides;s__Bacteroides_ovatus	k__Bacteria;p__Bacteroidetes;c__Bacteroidia;o__Bacteroidales;f__Rikenellaceae;g__Alistipes;s__Alistipes_shahii	k__Bacteria;p__Firmicutes;c__Clostridia;o__Clostridiales;f__Ruminococcaceae;g__Faecalibacterium;s__Faecalibacterium_prausnitzii	k__Bacteria;p__Bacteroidetes;c__Bacteroidia;o__Bacteroidales;f__Rikenellaceae;g__Alistipes;s__Alistipes_finegoldii	k__Bacteria;p__Bacteroidetes;c__Bacteroidia;o__Bacteroidales;f__Porphyromonadaceae;g__Parabacteroides;s__Parabacteroides_distasonis	k__Bacteria;p__Bacteroidetes;c__Bacteroidia;o__Bacteroidales;f__Bacteroidaceae;g__Bacteroides;s__Bacteroides_thetaiotaomicron	k__Bacteria;p__Bacteroidetes;c__Bacteroidia;o__Bacteroidales;f__Bacteroidaceae;g__Bacteroides;s__Bacteroides_coprocola	k__Bacteria;p__Bacteroidetes;c__Bacteroidia;o__Bacteroidales;f__Bacteroidaceae;g__Bacteroides;s__Bacteroides_cellulosilyticus	k__Bacteria;p__Bacteroidetes;c__Bacteroidia;o__Bacteroidales;f__Rikenellaceae;g__Alistipes;s__Alistipes_obesi	k__Bacteria;p__Firmicutes;c__Clostridia;o__Clostridiales;f__Lachnospiraceae;g__;s__[Eubacterium]_rectale	k__Bacteria;p__Bacteroidetes;c__Bacteroidia;o__Bacteroidales;f__Bacteroidaceae;g__Bacteroides;s__Bacteroides_plebeius	k__Bacteria;p__Bacteroidetes;c__Bacteroidia;o__Bacteroidales;f__Bacteroidaceae;g__Bacteroides;s__Bacteroides_fragilis	k__Bacteria;p__Proteobacteria;c__Betaproteobacteria;o__Burkholderiales;f__Sutterellaceae;g__Sutterella;s__Sutterella_wadsworthensis	k__Bacteria;p__Bacteroidetes;c__Bacteroidia;o__Bacteroidales;f__Porphyromonadaceae;g__Barnesiella;s__Barnesiella_intestinihominis	k__Bacteria;p__Bacteroidetes;c__Bacteroidia;o__Bacteroidales;f__Odoribacteraceae;g__Odoribacter;s__Odoribacter_splanchnicus	k__Bacteria;p__Bacteroidetes;c__Bacteroidia;o__Bacteroidales;f__Bacteroidaceae;g__Bacteroides;s__Bacteroides_salyersiae	k__Bacteria;p__Firmicutes;c__Clostridia;o__Clostridiales;f__Ruminococcaceae;g__Ruminiclostridium;s__[Eubacterium]_siraeum	k__Bacteria;p__Proteobacteria;c__Betaproteobacteria;o__Burkholderiales;f__Sutterellaceae;g__Parasutterella;s__Parasutterella_excrementihominis	k__Bacteria;p__Actinobacteria;c__Actinobacteria;o__Bifidobacteriales;f__Bifidobacteriaceae;g__Bifidobacterium;s__Bifidobacterium_adolescentis	k__Bacteria;p__Firmicutes;c__Clostridia;o__Clostridiales;f__Oscillospiraceae;g__Oscillibacter;s__Oscillibacter_sp._KLE_1745	k__Bacteria;p__Bacteroidetes;c__Bacteroidia;o__Bacteroidales;f__Bacteroidaceae;g__Bacteroides;s__Bacteroides_coprophilus	k__Bacteria;p__Firmicutes;c__Clostridia;o__Clostridiales;f__Lachnospiraceae;g__Roseburia;s__Roseburia_intestinalis	k__Bacteria;p__Firmicutes;c__Clostridia;o__Clostridiales;f__Lachnospiraceae;g__Roseburia;s__Roseburia_hominis	k__Bacteria;p__Bacteroidetes;c__Bacteroidia;o__Bacteroidales;f__Porphyromonadaceae;g__Parabacteroides;s__Parabacteroides_johnsonii	k__Bacteria;p__Actinobacteria;c__Actinobacteria;o__Bifidobacteriales;f__Bifidobacteriaceae;g__Bifidobacterium;s__Bifidobacterium_longum	k__Bacteria;p__Firmicutes;c__Clostridia;o__Clostridiales;f__;g__Flavonifractor;s__Flavonifractor_plautii	k__Bacteria;p__Firmicutes;c__Clostridia;o__Clostridiales;f__Clostridiaceae;g__Clostridium;s__Clostridium_phoceensis	k__Bacteria;p__Verrucomicrobia;c__Verrucomicrobiae;o__Verrucomicrobiales;f__Akkermansiaceae;g__Akkermansia;s__Akkermansia_muciniphila	k__Bacteria;p__Bacteroidetes;c__Bacteroidia;o__Bacteroidales;f__Prevotellaceae;g__Paraprevotella;s__Paraprevotella_xylaniphila	k__Bacteria;p__Firmicutes;c__Clostridia;o__Clostridiales;f__Ruminococcaceae;g__Ruminococcus;s__Ruminococcus_callidus	k__Bacteria;p__Bacteroidetes;c__Bacteroidia;o__Bacteroidales;f__Rikenellaceae;g__Alistipes;s__Alistipes_senegalensis	k__Bacteria;p__Firmicutes;c__Clostridia;o__Clostridiales;f__Lachnospiraceae;g__Blautia;s__Blautia_sp._KLE_1732	k__Bacteria;p__Bacteroidetes;c__Bacteroidia;o__Bacteroidales;f__Bacteroidaceae;g__Bacteroides;s__Bacteroides_oleiciplenus	k__Bacteria;p__Firmicutes;c__Clostridia;o__Clostridiales;f__Ruminococcaceae;g__Ruminococcus;s__Ruminococcus_bicirculans	k__Bacteria;p__Bacteroidetes;c__Bacteroidia;o__Bacteroidales;f__Bacteroidaceae;g__Bacteroides;s__Bacteroides_fluxus	k__Bacteria;p__Bacteroidetes;c__Bacteroidia;o__Bacteroidales;f__Prevotellaceae;g__Prevotella;s__Prevotella_stercorea	k__Bacteria;p__Firmicutes;c__Clostridia;o__Clostridiales;f__Lachnospiraceae;g__Dorea;s__Dorea_longicatena	k__Bacteria;p__Firmicutes;c__Clostridia;o__Clostridiales;f__Eubacteriaceae;g__Eubacterium;s__[Eubacterium]_eligens	k__Bacteria;p__Firmicutes;c__Clostridia;o__Clostridiales;f__Ruminococcaceae;g__;s__Ruminococcaceae_bacterium_D16	k__Bacteria;p__Firmicutes;c__Clostridia;o__Clostridiales;f__Lachnospiraceae;g__Coprococcus;s__Coprococcus_comes	k__Bacteria;p__Proteobacteria;c__Gammaproteobacteria;o__Enterobacterales;f__Enterobacteriaceae;g__Escherichia;s__Escherichia_coli	k__Bacteria;p__Firmicutes;c__Clostridia;o__Clostridiales;f__Ruminococcaceae;g__Anaerotruncus;s__Anaerotruncus_colihominis	k__Bacteria;p__Firmicutes;c__Clostridia;o__Clostridiales;f__Lachnospiraceae;g__Blautia;s__Blautia_obeum	k__Bacteria;p__Bacteroidetes;c__Bacteroidia;o__Bacteroidales;f__Odoribacteraceae;g__Odoribacter;s__Odoribacter_laneus	k__Bacteria;p__Firmicutes;c__Clostridia;o__Clostridiales;f__Ruminococcaceae;g__Ruminiclostridium;s__[Clostridium]_leptum	k__Bacteria;p__Bacteroidetes;c__Bacteroidia;o__Bacteroidales;f__Porphyromonadaceae;g__Parabacteroides;s__Parabacteroides_goldsteinii	k__Bacteria;p__Firmicutes;c__Clostridia;o__Clostridiales;f__Lachnospiraceae;g__Anaerostipes;s__Anaerostipes_hadrus	k__Bacteria;p__Firmicutes;c__Clostridia;o__Clostridiales;f__Ruminococcaceae;g__Ruminococcus;s__Ruminococcus_lactaris	k__Bacteria;p__Firmicutes;c__Clostridia;o__Clostridiales;f__Clostridiaceae;g__Clostridium;s__Clostridium_sp._L2-50	k__Bacteria;p__Firmicutes;c__Clostridia;o__Clostridiales;f__Clostridiaceae;g__Clostridium;s__Clostridium_sp._M62/1	k__Bacteria;p__Firmicutes;c__Clostridia;o__Clostridiales;f__;g__Intestinimonas;s__Intestinimonas_butyriciproducens	k__Bacteria;p__Actinobacteria;c__Actinobacteria;o__Bifidobacteriales;f__Bifidobacteriaceae;g__Bifidobacterium;s__Bifidobacterium_bifidum	k__Bacteria;p__Firmicutes;c__Negativicutes;o__Veillonellales;f__Veillonellaceae;g__Dialister;s__Dialister_invisus	k__Bacteria;p__Bacteroidetes;c__Bacteroidia;o__Bacteroidales;f__Bacteroidaceae;g__Bacteroides;s__Bacteroides_salanitronis
k__Bacteria;p__Bacteroidetes;c__Bacteroidia;o__Bacteroidales;f__Bacteroidaceae;g__Bacteroides;s__Bacteroides_vulgatus	1.0	-0.0328875550545	0.0355007350839	0.00370237055382	0.0088081437099	0.0414983511274	-0.00235755403431	-0.00142918217376	-0.0730519547231	-0.00977855166855	-0.00509443846248	-0.0538724007399	-0.0153608427763	-0.0219996287286	-0.0243070978168	-0.00465701161233	-0.0238447766272	0.112477873872	-0.00976289336982	-0.00743576258037	-0.00930831874392	0.052110170169	0.0391082936214	-0.0315884465614	0.0162429301529	0.0446685096868	-0.0412723831135	0.0274416590559	-0.0578261272483	-0.0495011804105	-0.0235446000276	-0.0029888706212	-0.048720191915	-0.0380792286557	0.0220421325772	0.0269790276771	0.00254226528418	-0.000108926790265	0.000757967777024	-0.0220246767086	-0.0165793916527	0.0121678936216	0.0677498336937	-0.0392693023325	-0.0102143492927	0.00767408245927	0.0567030396408	-0.0670796540308	-0.0205642341446	0.00265977002104	-0.000719032318224	0.0132164790002	0.0428774222905	0.0240346112512	-0.0159569225465	-0.043390430013	-0.0275634032796	-0.00819710445592	-0.0206184272788
k__Bacteria;p__Bacteroidetes;c__Bacteroidia;o__Bacteroidales;f__Bacteroidaceae;g__Bacteroides;s__Bacteroides_uniformis	-0.0328875550545	1.0	-0.00121761284446	-0.00921403828538	-0.0371044446207	-0.025074914283	0.00348440091057	-0.0514041821082	0.0346496804111	-0.0167766059844	-0.00911446759019	-0.010519723923	0.0487175772539	0.0022994468359	0.0206287581567	0.00972829947219	0.0061786210219	0.0177357419398	0.00141614369678	0.0420573288717	-0.011721255266	-0.0343135477188	-0.0181739499551	-0.0642714990851	-0.063260783456	-0.0175509816659	0.0253038610985	-0.0288489861236	0.0172127233646	-0.00477024471299	-0.0266349904496	0.0158795443688	0.065247290738	0.010348981499	0.0466153517664	-0.0262514449757	-0.00944871322152	-0.0158112165479	-0.0288909250496	-0.0308867706624	-0.0292335370018	0.0129024409718	-0.0590121035911	0.0278939716148	-0.0277619758468	0.000725181650405	-0.00102252689803	0.00886176731972	0.00590648384834	0.00179172432142	-0.0019791999221	-0.0588947054067	0.0112684939399	-0.0327047445495	0.00480066713574	-0.0486006774467	0.0375243526934	0.0168995853049	-0.0306746888108
k__Bacteria;p__Bacteroidetes;c__Bacteroidia;o__Bacteroidales;f__Rikenellaceae;g__Alistipes;s__Alistipes_putredinis	0.0355007350839	-0.00121761284446	1.0	-0.0201615700796	0.0030182674373	0.0507697462948	0.00333483877007	-0.0336298551828	-0.0270738150517	-0.0514173012359	0.0508595298862	-0.0250803357867	0.0329744968437	-0.025769001717	-0.0161017969555	-0.0318202381862	0.0124409999234	0.00343920124108	-0.0512674887137	0.0353287160022	-0.0124098650281	-0.0283443169058	-0.0367079391434	0.041588320327	-0.0345459579892	-0.0633521466913	-0.0310751848279	-0.0135394502817	-0.0267652329521	-0.0189550023906	0.00536061013862	-0.019649787977	-0.0075352921924	0.0166666484249	-0.0371989564603	0.000319989014163	-0.00249006879827	-0.0295856888034	0.00275525414809	0.00304016073296	0.00793385575546	-0.0245197813132	0.00911999922249	0.0281918828771	-0.0869555605681	0.0306685460926	-0.0286304054965	-0.0026243098334	-0.00277291442405	0.03284074472	-0.000706697322463	-0.0181123521946	0.0140001628061	-0.00306932332588	-0.0506142120811	-0.0462337409548	-0.00705915061011	0.01289779676	-0.00923872249877
k__Bacteria;p__Bacteroidetes;c__Bacteroidia;o__Bacteroidales;f__Prevotellaceae;g__Prevotella;s__Prevotella_copri	0.00370237055382	-0.00921403828538	-0.0201615700796	1.0	-0.00621532938503	-0.0429552082004	-0.0673874186551	0.0215151670301	0.0397638478231	0.00612335945269	-0.00918148548286	-0.0542514295227	-0.014825319475	-0.00571208365139	0.0194926698687	-0.0106975882786	-0.0331974810124	0.0407793559607	-0.0429110855009	-0.0325439114736	-0.00934382231839	-0.054673301364	-0.0235161426206	-0.0678279137688	0.0181876404321	-0.0451707744784	-0.0194515310252	-0.0331614482789	-0.0153330191701	-0.0248148470399	-0.0233578480796	-0.0030553783065	-0.0139411518672	-0.0325982245712	-0.0368855386347	-0.0361019825503	-0.0106476346545	-0.024324557266	0.00255240615509	-0.0190079446493	-0.00123682053735	-0.0283031451846	-0.0406491400178	-0.0116212557776	0.00836843398826	-0.0546251890027	-0.0226881335697	0.0581017098247	-0.0331974481511	0.0106949403732	0.0176689054094	-0.00103581772194	0.0753315660362	0.0373993321859	0.0218294958403	0.0475844076559	0.0189482542294	0.0164162421254	-0.0104914283655
k__Bacteria;p__Bacteroidetes;c__Bacteroidia;o__Bacteroidales;f__Bacteroidaceae;g__Bacteroides;s__Bacteroides_stercoris	0.0088081437099	-0.0371044446207	0.0030182674373	-0.00621532938503	1.0	-0.0429619258784	0.0308390173361	-0.0486030665484	-0.000635205496059	0.00311978647032	-0.0256363512504	-0.0210811590638	-0.0325549149659	0.0195362149195	-0.0599165702082	-0.00746475071563	0.00294092775657	-0.00993771162767	-0.0149294846485	0.013499348345	0.0163419322677	-0.00225239768657	-0.0313085111636	-0.0132566380246	0.00962400178754	-0.00743375700122	-0.0294053338678	-0.030303795293	0.0264289832829	-0.0662038950016	-8.42966997067e-05	-0.0669459553816	-0.0398412659194	0.0323059090355	0.0020325608368	0.00732628674066	-0.0551081265218	-0.0194714732154	-0.0409065763336	-0.0340921249084	-0.0632532890383	0.0108229474533	-0.0118717802483	-0.0159799660209	0.0774089324248	-0.0418301885383	0.0249150128013	0.00609894309026	0.00589101609069	0.00659687303065	-0.000476535937369	-0.00501645411538	-0.00644649408218	0.0163971392612	0.0060010400399	0.000181371006577	-0.0230319221593	0.0390551055501	0.0103314169107
k__Bacteria;p__Bacteroidetes;c__Bacteroidia;o__Bacteroidales;f__Bacteroidaceae;g__Bacteroides;s__Bacteroides_ovatus	0.0414983511274	-0.025074914283	0.0507697462948	-0.0429552082004	-0.0429619258784	1.0	-0.0439036229211	0.00306748707547	-0.0228165360398	-0.0128781955564	-0.0358470631421	-0.010151137154	0.0321903972615	-0.0163200200465	-0.00433557593331	0.0242974232778	0.00837685540805	0.0313690334263	-0.0357933208677	-0.00586656639723	0.0272762514371	0.0607480642996	-0.00368350269205	0.0182581911531	0.0182419363128	-0.0298761642067	-0.0199533423287	0.00567932267114	0.00659673332401	-0.0211737798477	0.0237406012154	0.00456602898758	0.00871798975976	-0.0319375195912	0.0245107984841	-0.0432855540341	0.015171417829	0.0201244070008	-0.0759840325052	-0.0252036170688	-0.0217496538874	-0.0596469744603	-0.0368218336823	-0.0155595411543	0.0219956129445	0.0127457915629	0.0267158968853	0.00331705918426	-0.00125908546957	0.00729808403046	0.00550273746856	-0.00129601038896	-0.0115942259616	-0.0334603011738	-0.0384506688509	-0.010336298119	0.00377072272197	-0.0360345039704	-0.0261852478788
k__Bacteria;p__Bacteroidetes;c__Bacteroidia;o__Bacteroidales;f__Rikenellaceae;g__Alistipes;s__Alistipes_shahii	-0.00235755403431	0.00348440091057	0.00333483877007	-0.0673874186551	0.0308390173361	-0.0439036229211	1.0	-0.0526880853171	0.0144660080175	0.0235836957871	0.0448799456391	0.0272163736298	0.00074355261609	-0.0384702441015	0.0353777349537	-0.0659311268297	-0.0167882387631	0.00640655925702	-0.0147764940966	-0.00691487395699	-0.0596728564421	0.0313520643476	0.0140978543104	0.00948194026688	0.00726830569161	-0.014000652378	0.0249777537507	-0.00917114849351	-0.00530216418574	0.0206071568407	-0.0569645484848	-0.0123799000331	0.0309035349366	-0.0227604256295	0.0142884607482	-0.0961665205894	0.0384029077222	0.0189393773799	0.0185886254331	-0.0255593117937	-0.0188351122698	-0.0447155881628	-0.0259824185844	-0.0130241091866	-0.0111266854408	-0.0685762114671	-0.0279101048364	0.0329719912934	0.0110737603942	0.0331637680663	-0.0112434161408	-0.00726522075196	0.0248480215435	0.0273210655647	-0.0280642847822	0.0105301619754	-0.0133305055836	0.0021245019029	0.00683770888998
k__Bacteria;p__Firmicutes;c__Clostridia;o__Clostridiales;f__Ruminococcaceae;g__Faecalibacterium;s__Faecalibacterium_prausnitzii	-0.00142918217376	-0.0514041821082	-0.0336298551828	0.0215151670301	-0.0486030665484	0.00306748707547	-0.0526880853171	1.0	0.0200393737464	0.0987416658551	-0.00652689304362	-0.0261807237749	-0.00833112818143	0.0146162986486	-0.0187896020859	0.00989587829934	0.0485078076846	0.0126055748491	0.0854375556338	-0.0305649824219	-0.00946030333241	0.0161855390865	-0.0327701815322	-0.0205297529252	-0.00472298392894	0.0127948231462	-0.0051278395171	-0.0484242259065	0.00595956533877	0.00635352314761	-0.0122572617386	-0.0271401758764	-0.0587436337281	-0.00844229790673	-0.0522547237614	-0.0209711917671	0.0148085688853	-0.0188726900862	-0.0361712300961	-0.0398257703087	0.025940962822	0.0495030383584	0.0449899692176	0.0132716499323	-0.0197195947133	0.0184020583078	0.0258444485493	-0.0359875672232	-0.0544876618292	-0.0622046210784	-0.0559148579323	-0.0128244792105	-0.0636032379506	-0.00468415826752	-0.0162404886983	0.0332473807554	-0.0178955988619	0.0755064602555	0.00811254522515
k__Bacteria;p__Bacteroidetes;c__Bacteroidia;o__Bacteroidales;f__Rikenellaceae;g__Alistipes;s__Alistipes_finegoldii	-0.0730519547231	0.0346496804111	-0.0270738150517	0.0397638478231	-0.000635205496059	-0.0228165360398	0.0144660080175	0.0200393737464	1.0	0.00628158571437	-0.0442403619279	0.0735930043357	0.00409116746433	-0.015666934719	0.009143130704	0.0116832464653	-0.0226440300385	-0.0182191278089	0.00473006806163	-0.0216872768397	-0.0201492153047	-0.0209099697041	0.0343101156637	-0.0856016633572	0.0166214527536	-0.00758416688966	-0.0101742041936	0.0140302275718	-0.0393774229052	-0.00737504514528	-0.0173658134239	-0.0185066998395	-0.0035351107975	0.024061140666	-0.0215411565178	0.0233825685052	-0.0744171551769	-0.00696742676791	-0.0256861363183	-0.0292790822078	-0.025411202629	-0.0114359169376	-0.0138053746879	0.026298588091	-0.0372861220383	-0.0169529545826	-0.00437315287209	0.02805780918	-0.0485544125606	0.0389778306616	0.0226559513746	-0.0629610717749	-0.062998302714	-0.026148517015	0.0657070773131	0.021552461077	-0.00463657987275	-0.0136231857046	0.0164320733523
k__Bacteria;p__Bacteroidetes;c__Bacteroidia;o__Bacteroidales;f__Porphyromonadaceae;g__Parabacteroides;s__Parabacteroides_distasonis	-0.00977855166855	-0.0167766059844	-0.0514173012359	0.00612335945269	0.00311978647032	-0.0128781955564	0.0235836957871	0.0987416658551	0.00628158571437	1.0	-0.029216400636	-0.0336228142995	-0.038671497167	-0.0360195448432	-0.0351622047166	0.0423215344471	-0.0581891713422	-0.0541699247001	0.0107790475441	0.012644344739	-0.0407920378873	-0.075211105984	0.0420162367407	-0.0259615822292	-0.00503293723284	-0.0332975894373	-0.0174623895682	-0.0213084204903	0.0143580683684	-0.00883250457777	-0.00348144830915	0.0775252350017	0.0159638956916	0.0472083037811	0.0182011940898	-0.00483195368267	-0.0368142218228	-0.0123062099972	-0.0120359730728	0.0262408172085	-0.0339808186311	0.0064915519363	-0.005792084102	-0.0595508632233	0.000140269119988	-0.0226886467522	0.0287070095838	0.0426637817545	0.0427575660676	-0.01476913438	0.0189221976837	-0.0091233997687	0.0605911602488	0.00443364939242	0.0237866294824	-0.00681874310289	-0.0409235211747	0.0213851051626	0.0311491875444
k__Bacteria;p__Bacteroidetes;c__Bacteroidia;o__Bacteroidales;f__Bacteroidaceae;g__Bacteroides;s__Bacteroides_thetaiotaomicron	-0.00509443846248	-0.00911446759019	0.0508595298862	-0.00918148548286	-0.0256363512504	-0.0358470631421	0.0448799456391	-0.00652689304362	-0.0442403619279	-0.029216400636	1.0	0.0294535577699	-0.0167476949273	0.0280332707953	0.00208026941469	0.0367998863246	-0.0251184903226	-0.0270799026739	0.0168085966169	-0.0785211603026	0.0559595959328	-0.0366737259157	-0.0200829768612	-0.0289650306671	-0.0129110447613	0.00989490914827	0.001268109911	0.0173262576944	-0.0869017570673	-0.0448074765907	0.013814067243	-0.0334723834123	-0.0060213310737	0.00253312646228	8.48702657694e-05	0.0305411847007	0.00326074272733	-0.0255103814514	0.0135752492752	0.0139327687834	0.00643149334801	0.015940430408	0.067189497021	0.00597452966686	-0.0180097984718	-0.00892603891722	-0.0144357263471	-0.00277043823185	-0.0486604843957	-0.0299872819424	-0.00334505991995	0.0407476337898	-0.0857903806502	-0.0594132528141	-0.0248248497169	0.021411005156	-0.0127849579219	0.0191182563028	0.000373729546652
k__Bacteria;p__Bacteroidetes;c__Bacteroidia;o__Bacteroidales;f__Bacteroidaceae;g__Bacteroides;s__Bacteroides_coprocola	-0.0538724007399	-0.010519723923	-0.0250803357867	-0.0542514295227	-0.0210811590638	-0.010151137154	0.0272163736298	-0.0261807237749	0.0735930043357	-0.0336228142995	0.0294535577699	1.0	0.027102856338	-0.0314217162529	-0.0384750761949	-0.0183032015139	0.00124663555619	0.0207233102531	0.0167672010447	0.00725607275155	0.00332337186757	-0.00139066259874	0.00532900728823	-0.014021760323	-0.0540941854198	-0.0626703891201	-0.0327344656142	0.0315132904554	0.0104426593215	0.0278412524984	0.00841191462424	0.00534686567848	-0.0139056858896	0.00266338876226	-0.0171566282149	0.00658075794726	-0.0522806360392	0.00622769855917	0.00786589731865	-0.0384444605461	-0.00817174011845	0.00336784181908	0.000911215605533	-0.0173905851443	-0.0052684124931	-0.00567828987437	0.0176526522568	0.00700302051368	0.067645900548	0.0131564803452	0.0299481471393	-0.0403297095348	-0.044606821176	-0.031537984916	0.0526104216023	-0.0129654666259	-0.0186382068291	-0.00773995780078	-0.040623865387
k__Bacteria;p__Bacteroidetes;c__Bacteroidia;o__Bacteroidales;f__Bacteroidaceae;g__Bacteroides;s__Bacteroides_cellulosilyticus	-0.0153608427763	0.0487175772539	0.0329744968437	-0.014825319475	-0.0325549149659	0.0321903972615	0.00074355261609	-0.00833112818143	0.00409116746433	-0.038671497167	-0.0167476949273	0.027102856338	1.0	-0.0208725537223	0.0222894372728	-0.0255298020293	0.0187480389852	0.00504775080275	-0.0647751302392	-0.0264882470663	-0.0267213077738	-0.00234826003958	-0.0216823139415	0.0283141050995	-0.00399585191729	0.0089577775505	-0.0506098310628	0.00816891669556	-0.000599454775574	0.0209199573204	0.0156245995933	-0.0234079155536	0.0658198376921	-0.0166681528467	-0.00822930069682	-0.0313386604976	-0.0860218829989	0.014138888365	0.000451501827895	0.00486095085684	-0.0324269947478	0.00607762352825	-0.00310550050604	0.0423101067836	-0.0163381184702	0.0313424432081	0.0298241748379	-0.0143154281935	-0.00785906201596	-0.0260974874292	0.0133162802172	-0.0208394117091	-0.0520331588048	0.0337801887656	-0.0375960027971	-0.0127915312518	0.0409616367518	0.0121965170478	0.0245708178499
k__Bacteria;p__Bacteroidetes;c__Bacteroidia;o__Bacteroidales;f__Rikenellaceae;g__Alistipes;s__Alistipes_obesi	-0.0219996287286	0.0022994468359	-0.025769001717	-0.00571208365139	0.0195362149195	-0.0163200200465	-0.0384702441015	0.0146162986486	-0.015666934719	-0.0360195448432	0.0280332707953	-0.0314217162529	-0.0208725537223	1.0	0.0328187761663	0.00607545164116	-0.00651948670858	0.0334817478688	0.0138215947332	-0.0356640290612	-0.0488757909921	0.0406980432371	-0.0187807134642	-0.0224428451928	0.013396595967	-0.0249850582253	0.00564279185126	-0.0475630400182	-0.00440618313711	0.0419206204508	0.00125491346798	0.0410963139099	-0.0438608239269	0.00548737371625	-0.0176649818553	-0.0153062697885	0.0223382048919	-0.0300272272643	-0.00989558491388	0.00669546311127	-0.00840579937415	-0.0127402842938	0.00433502186693	-0.0501993882774	-0.00935724659348	-0.00078914368255	-0.00831258247682	-0.04255264466	-0.0169567875229	0.00622671484202	-0.0497980866803	0.0165609753539	0.0195935745705	-0.0317712668124	-5.83575959675e-05	-0.0385997835234	-0.0118171240286	0.00552770223491	0.00748385978646
k__Bacteria;p__Firmicutes;c__Clostridia;o__Clostridiales;f__Lachnospiraceae;g__;s__[Eubacterium]_rectale	-0.0243070978168	0.0206287581567	-0.0161017969555	0.0194926698687	-0.0599165702082	-0.00433557593331	0.0353777349537	-0.0187896020859	0.009143130704	-0.0351622047166	0.00208026941469	-0.0384750761949	0.0222894372728	0.0328187761663	1.0	-0.00199336918595	-0.0181519636384	-0.0137191570205	-0.0903354101586	-0.00861021164813	0.0411507020993	0.024609714111	-0.0799890568146	-0.0278068946961	0.00946422305698	-0.00761711396058	-0.0306257391728	-0.101572694117	-0.0261088870357	0.0153562255753	0.0279796229206	0.00647566258823	0.0168855422058	-0.0280511589799	0.0483744180683	0.000566576422689	0.0165282764372	-0.0133459039485	-0.0580757090421	0.00152344311757	0.0869767187948	-0.0628431292421	-0.0230099769464	0.0168261535526	0.0112709403267	-0.0313696313906	-0.0128974674028	-0.0214936317465	-0.0275883298401	0.0145437650969	0.0314863364417	0.00412042462792	-0.0265554464043	-0.0609828657448	-0.0452711510874	-0.0323938756333	0.0611560370381	-0.00373054086237	-0.00608406203457
k__Bacteria;p__Bacteroidetes;c__Bacteroidia;o__Bacteroidales;f__Bacteroidaceae;g__Bacteroides;s__Bacteroides_plebeius	-0.00465701161233	0.00972829947219	-0.0318202381862	-0.0106975882786	-0.00746475071563	0.0242974232778	-0.0659311268297	0.00989587829934	0.0116832464653	0.0423215344471	0.0367998863246	-0.0183032015139	-0.0255298020293	0.00607545164116	-0.00199336918595	1.0	-0.00803758503432	0.0241182855322	-0.00434336616248	0.031113589837	-0.0480048033014	0.0244358793956	0.0333499806772	-0.0293955371064	-0.0178026369511	-0.0341259670183	-0.0283718007591	0.0396204488508	-0.00716267619473	0.0696040367747	-0.0501269743608	-0.0133639279737	-0.00627575832716	0.0281669873395	-0.00092801257331	-0.0104398661762	-0.0219955875853	-0.0145698097152	0.0256989363643	-0.0128248560728	-0.0429085267905	0.0139504932784	-0.0442895996996	0.0306122529333	-0.0147893519837	0.0068784187276	0.0301691807414	-0.0254884695044	-0.0267214168392	-0.0384658101933	0.0232377745956	-0.00970712768283	0.0154708739445	-0.0158286295465	-0.0845571745891	-0.0305031306975	0.025621755237	-0.0676396988175	-0.0201816786669
k__Bacteria;p__Bacteroidetes;c__Bacteroidia;o__Bacteroidales;f__Bacteroidaceae;g__Bacteroides;s__Bacteroides_fragilis	-0.0238447766272	0.0061786210219	0.0124409999234	-0.0331974810124	0.00294092775657	0.00837685540805	-0.0167882387631	0.0485078076846	-0.0226440300385	-0.0581891713422	-0.0251184903226	0.00124663555619	0.0187480389852	-0.00651948670858	-0.0181519636384	-0.00803758503432	1.0	0.0372994781873	-0.0100324704469	0.0281318681423	-0.00391219486812	0.0332298085384	-0.0454318244093	-0.00878363230248	0.0100830747579	0.00118160981766	0.0202090497845	-0.0320275590105	-0.0246952494473	0.0496605071044	-0.000450492090261	-0.0315058622823	0.0321446025699	-0.0102319037334	0.0337916694314	0.00825970759042	-0.0100824834024	0.00398843005811	0.0388396140991	0.000306940955227	0.00747523354391	-0.038006719251	-0.030840830043	-0.00827005634525	-0.000827302303738	-0.027882459262	-0.0475958842215	-0.0452197232667	-0.0375952295792	-0.00988438234735	-0.0770742722979	-0.0115760441579	-0.00160345559378	0.0478748522647	0.00103899596183	-0.0360308643384	0.0271107892906	-0.00204875327003	-0.0181983540329
k__Bacteria;p__Proteobacteria;c__Betaproteobacteria;o__Burkholderiales;f__Sutterellaceae;g__Sutterella;s__Sutterella_wadsworthensis	0.112477873872	0.0177357419398	0.00343920124108	0.0407793559607	-0.00993771162767	0.0313690334263	0.00640655925702	0.0126055748491	-0.0182191278089	-0.0541699247001	-0.0270799026739	0.0207233102531	0.00504775080275	0.0334817478688	-0.0137191570205	0.0241182855322	0.0372994781873	1.0	-0.00623845795449	-0.0337682136364	0.00836124425658	-0.00548093297933	-0.00955777486683	-0.0458735536669	0.0181107348574	-0.0292135716148	-0.0128360615193	-0.019174696761	-0.0278015693422	0.0288609395529	-0.0583552432925	0.012968816847	-0.0260314530959	-0.0117078225401	0.0684522811054	-0.0144695896386	0.0257800368014	0.0228432361416	-0.0100257986018	0.0164089919503	-0.065415736351	-0.0383680128902	-0.0104300479312	0.021607049781	0.0102121327291	0.0329111783962	-0.0321789699923	-0.0244261669203	-0.0111959775167	-0.0371824741086	-0.0105303572963	-0.0380456087563	-0.0551107310143	0.020127594772	-0.072014328863	-0.0348868666253	0.0154885362227	0.0266997214395	0.0392039004838
k__Bacteria;p__Bacteroidetes;c__Bacteroidia;o__Bacteroidales;f__Porphyromonadaceae;g__Barnesiella;s__Barnesiella_intestinihominis	-0.00976289336982	0.00141614369678	-0.0512674887137	-0.0429110855009	-0.0149294846485	-0.0357933208677	-0.0147764940966	0.0854375556338	0.00473006806163	0.0107790475441	0.0168085966169	0.0167672010447	-0.0647751302392	0.0138215947332	-0.0903354101586	-0.00434336616248	-0.0100324704469	-0.00623845795449	1.0	-0.0448136642236	0.026952917468	-0.00922538674843	-0.0163547838771	0.0451800759471	0.0159989718671	-0.00692884414616	-0.0769848931857	-0.0218136938548	-0.0403241628805	-0.000136219387607	0.0448459686792	-0.0374846290517	-0.025254283696	0.0319198932767	-0.0436678744949	-0.0177534147948	-0.0178392182669	-0.0535566025779	-0.0402795201552	0.027462696445	-0.0121362282067	0.0387076846821	0.0345084149899	-0.00378812672329	-0.020773345627	0.0205711293105	-6.6676547437e-05	-0.0442799306425	-0.0282882973581	0.00769387256623	0.0419030000578	0.0205685387363	0.00529799651537	0.043465910257	0.0400438757702	-0.031655718875	-0.051381907465	-0.00396266748527	-0.0411179611538
k__Bacteria;p__Bacteroidetes;c__Bacteroidia;o__Bacteroidales;f__Odoribacteraceae;g__Odoribacter;s__Odoribacter_splanchnicus	-0.00743576258037	0.0420573288717	0.0353287160022	-0.0325439114736	0.013499348345	-0.00586656639723	-0.00691487395699	-0.0305649824219	-0.0216872768397	0.012644344739	-0.0785211603026	0.00725607275155	-0.0264882470663	-0.0356640290612	-0.00861021164813	0.031113589837	0.0281318681423	-0.0337682136364	-0.0448136642236	1.0	-0.0264613631058	-0.0320374443334	0.0661970159116	0.0290478319203	0.0475708514645	0.0101193235894	-0.0218059434698	-0.0550241923555	0.0206602183493	0.0398241028887	0.00211645949365	0.0101791880131	-0.0987954100402	-0.0335033868795	0.0121341615475	0.0116470112494	0.00441099117855	-0.0116465499489	0.0649613884576	-0.0505557177062	0.00590709474966	-0.0287626758832	-0.0254451935261	-0.0497231019005	-0.0254333610184	0.00427256027895	0.0562942591157	-0.00998708099015	0.0246375857572	-0.0539211332618	0.0125777898828	-0.0283393833289	0.00873287022029	-0.00415989938142	-0.0131186395961	0.049111184933	-0.0038942679251	0.0287685898097	-0.0133750399626
k__Bacteria;p__Bacteroidetes;c__Bacteroidia;o__Bacteroidales;f__Bacteroidaceae;g__Bacteroides;s__Bacteroides_salyersiae	-0.00930831874392	-0.011721255266	-0.0124098650281	-0.00934382231839	0.0163419322677	0.0272762514371	-0.0596728564421	-0.00946030333241	-0.0201492153047	-0.0407920378873	0.0559595959328	0.00332337186757	-0.0267213077738	-0.0488757909921	0.0411507020993	-0.0480048033014	-0.00391219486812	0.00836124425658	0.026952917468	-0.0264613631058	1.0	0.0164861086353	0.0572117967792	-0.0236033342086	0.0310551802583	0.0189293738908	-0.0106341111944	-0.0269596370374	-0.0219171019581	-0.0226109239965	-0.0355102475282	0.00708931798477	-0.0202777802522	0.00563344640007	0.0489783243311	-0.0334187251824	-0.0106978234632	0.00155103132112	-0.0431974028378	-0.020934860259	-0.0157056136442	0.0175057140205	-0.0210086042818	-0.0409810176953	-0.0350009206907	0.00748381067236	0.01883391687	-0.0357431042007	-0.0421343264571	-0.0171032582456	-0.0251385288958	-0.00816701205105	-0.0387768753533	0.0338604591538	-0.00938289007276	-0.0441501310596	-0.0354744262692	-0.0456071913071	0.0182217962029
k__Bacteria;p__Firmicutes;c__Clostridia;o__Clostridiales;f__Ruminococcaceae;g__Ruminiclostridium;s__[Eubacterium]_siraeum	0.052110170169	-0.0343135477188	-0.0283443169058	-0.054673301364	-0.00225239768657	0.0607480642996	0.0313520643476	0.0161855390865	-0.0209099697041	-0.075211105984	-0.0366737259157	-0.00139066259874	-0.00234826003958	0.0406980432371	0.024609714111	0.0244358793956	0.0332298085384	-0.00548093297933	-0.00922538674843	-0.0320374443334	0.0164861086353	1.0	0.0155184701049	-0.0396398604493	-0.0282044195167	-0.0237519937646	-0.016504462035	0.00991441118301	0.0260140938185	-0.0130997772374	-0.041250879337	0.0188516910501	-0.0151823990628	-0.0708444513716	-0.048635001452	-0.0367696445246	0.0417779884449	-0.0187439624995	-0.000279075414262	-0.00454128341363	0.0163854162272	0.0307164060392	-0.011221063081	-0.0302887905597	-0.017295502781	-0.00531933941073	0.0171174160271	0.0501896968941	-0.00668663297575	-0.02181135802	-0.000676926359062	0.038308492625	-0.0190761117065	-0.00461424441408	0.00666058179425	-0.00159611336112	0.0135399464915	-0.0688047502513	0.0189556593454
k__Bacteria;p__Proteobacteria;c__Betaproteobacteria;o__Burkholderiales;f__Sutterellaceae;g__Parasutterella;s__Parasutterella_excrementihominis	0.0391082936214	-0.0181739499551	-0.0367079391434	-0.0235161426206	-0.0313085111636	-0.00368350269205	0.0140978543104	-0.0327701815322	0.0343101156637	0.0420162367407	-0.0200829768612	0.00532900728823	-0.0216823139415	-0.0187807134642	-0.0799890568146	0.0333499806772	-0.0454318244093	-0.00955777486683	-0.0163547838771	0.0661970159116	0.0572117967792	0.0155184701049	1.0	-0.015468029837	-0.0118586843687	0.0110429775027	-0.0265834052822	0.0245524352327	0.00585511637328	0.0313513145637	-0.0234771276155	-0.0242672424462	-0.0538718086897	-0.03512543577	0.0337977445406	0.0203611206285	-0.00500086735901	-0.0303257688041	-0.00268354718753	-0.033059761273	0.0228460671706	-0.0146862769494	0.0677241049096	-0.0615873704309	0.00793793149459	-0.0121002979612	0.0296665927049	0.0419789794368	0.0130623268417	-0.0414215409282	0.0193383796537	0.00539453975121	-0.0374638227621	0.00535344351386	0.00448188210064	0.00882893523301	-0.0585085588946	-0.0273206840945	-0.0434083443718
k__Bacteria;p__Actinobacteria;c__Actinobacteria;o__Bifidobacteriales;f__Bifidobacteriaceae;g__Bifidobacterium;s__Bifidobacterium_adolescentis	-0.0315884465614	-0.0642714990851	0.041588320327	-0.0678279137688	-0.0132566380246	0.0182581911531	0.00948194026688	-0.0205297529252	-0.0856016633572	-0.0259615822292	-0.0289650306671	-0.014021760323	0.0283141050995	-0.0224428451928	-0.0278068946961	-0.0293955371064	-0.00878363230248	-0.0458735536669	0.0451800759471	0.0290478319203	-0.0236033342086	-0.0396398604493	-0.015468029837	1.0	-0.0388833190385	0.0115852838995	-0.0225108826961	0.0187142670563	-0.0181011295228	-0.0110073383413	-0.00750534740069	0.0302899957925	-0.0913535874774	0.0243816383956	0.0230763621025	0.0116946687927	-0.0207910042238	-0.0388026021458	0.000396914514845	-0.00898688675129	-0.0458140718742	-0.0470053605905	0.00875720719604	0.00810320944102	-0.00436155245216	-0.0810264075322	-0.0129783837628	0.0367434434425	0.00466591243155	0.00807794845889	-0.00764172821167	0.0503824439163	-0.0290999699719	-0.00758736902277	0.0166690248319	-0.0104374171484	0.00767680097668	-0.0379025260597	0.0383007049916
k__Bacteria;p__Firmicutes;c__Clostridia;o__Clostridiales;f__Oscillospiraceae;g__Oscillibacter;s__Oscillibacter_sp._KLE_1745	0.0162429301529	-0.063260783456	-0.0345459579892	0.0181876404321	0.00962400178754	0.0182419363128	0.00726830569161	-0.00472298392894	0.0166214527536	-0.00503293723284	-0.0129110447613	-0.0540941854198	-0.00399585191729	0.013396595967	0.00946422305698	-0.0178026369511	0.0100830747579	0.0181107348574	0.0159989718671	0.0475708514645	0.0310551802583	-0.0282044195167	-0.0118586843687	-0.0388833190385	1.0	-0.0365806900112	-0.00212581484824	-0.0521602321512	-0.0658383892828	-0.0378213910808	0.0381074359349	-0.0248669279683	-0.0733181213942	0.0123104955139	-0.0340838276599	0.0407202162853	0.0140280912218	0.00404697570137	-0.0104766261328	-0.0185617024018	0.00251115700157	0.0132706907565	0.0143704353131	-0.0136005070332	0.0325307017438	-0.0382009914586	-0.0799526376236	-0.073923654247	-0.0690247491375	0.00803356249715	-0.00676396688963	0.00788646757579	0.0358844810304	0.00694753632316	-0.0112469944079	0.0816076066737	-0.0199125399585	0.00261297896224	0.00521092472675
k__Bacteria;p__Bacteroidetes;c__Bacteroidia;o__Bacteroidales;f__Bacteroidaceae;g__Bacteroides;s__Bacteroides_coprophilus	0.0446685096868	-0.0175509816659	-0.0633521466913	-0.0451707744784	-0.00743375700122	-0.0298761642067	-0.014000652378	0.0127948231462	-0.00758416688966	-0.0332975894373	0.00989490914827	-0.0626703891201	0.0089577775505	-0.0249850582253	-0.00761711396058	-0.0341259670183	0.00118160981766	-0.0292135716148	-0.00692884414616	0.0101193235894	0.0189293738908	-0.0237519937646	0.0110429775027	0.0115852838995	-0.0365806900112	1.0	0.04810340422	-0.012466081524	-0.0659043546976	0.0450778968498	0.0544742764757	-0.0623182576354	-0.00257046155467	0.0417802390592	0.0361698235171	-0.0640423988194	-0.000164437325218	-0.0262134285901	0.0269025853437	-0.00664459930792	-0.0112299002308	0.0564056237278	-0.0125072654463	-0.0075986735441	-0.014638923049	0.0297888681608	-0.00762063026872	-0.0674961861703	-0.0337450525164	-0.0837225943941	-0.0434891264928	-0.0181464563328	0.0104154411717	-0.0271026374646	0.0656046138067	-0.0576234646564	-0.0233320316087	0.00635424908845	0.0109489688929
k__Bacteria;p__Firmicutes;c__Clostridia;o__Clostridiales;f__Lachnospiraceae;g__Roseburia;s__Roseburia_intestinalis	-0.0412723831135	0.0253038610985	-0.0310751848279	-0.0194515310252	-0.0294053338678	-0.0199533423287	0.0249777537507	-0.0051278395171	-0.0101742041936	-0.0174623895682	0.001268109911	-0.0327344656142	-0.0506098310628	0.00564279185126	-0.0306257391728	-0.0283718007591	0.0202090497845	-0.0128360615193	-0.0769848931857	-0.0218059434698	-0.0106341111944	-0.016504462035	-0.0265834052822	-0.0225108826961	-0.00212581484824	0.04810340422	1.0	0.0548841787494	0.0227894941894	-0.0197285680252	0.0142368100849	0.0256731474958	-0.0216029634607	0.0270012589719	-0.0194798243646	0.0302822152597	-0.0644757905533	0.0539074210897	-0.0255355350022	-0.0102264023379	-0.00739931073339	-0.0202679985542	0.059437862599	0.0169318203304	-0.0404357605165	-0.0385457249586	-0.0211713597941	-0.0147674600931	0.0318467875361	0.00433754795535	-0.0211495512511	0.0206366080637	-0.00406738567276	-0.00865569383496	0.0343795834443	-0.0437051341676	0.0251698844121	0.0117191986013	-0.00722265019986
k__Bacteria;p__Firmicutes;c__Clostridia;o__Clostridiales;f__Lachnospiraceae;g__Roseburia;s__Roseburia_hominis	0.0274416590559	-0.0288489861236	-0.0135394502817	-0.0331614482789	-0.030303795293	0.00567932267114	-0.00917114849351	-0.0484242259065	0.0140302275718	-0.0213084204903	0.0173262576944	0.0315132904554	0.00816891669556	-0.0475630400182	-0.101572694117	0.0396204488508	-0.0320275590105	-0.019174696761	-0.0218136938548	-0.0550241923555	-0.0269596370374	0.00991441118301	0.0245524352327	0.0187142670563	-0.0521602321512	-0.012466081524	0.0548841787494	1.0	0.00798603617592	-0.0724150531419	-0.0287472326331	-0.00561357628302	0.0311085459668	-0.0173296993851	0.0279979656049	-0.0312307674622	0.0581782296923	-0.0510200079727	-0.0504762017611	0.000940172197514	-0.00636026578435	0.00107174168329	-0.00577571909835	-0.0754610924713	-0.110163269851	0.023192752095	0.00283446256688	0.0430601560701	0.0359418285524	0.000200565556708	-0.0306827786179	0.0150262335128	-0.0442178339739	0.0343445855164	-0.025489754006	-0.0745200064344	0.0665104579198	0.000405169754498	0.0293495687257
k__Bacteria;p__Bacteroidetes;c__Bacteroidia;o__Bacteroidales;f__Porphyromonadaceae;g__Parabacteroides;s__Parabacteroides_johnsonii	-0.0578261272483	0.0172127233646	-0.0267652329521	-0.0153330191701	0.0264289832829	0.00659673332401	-0.00530216418574	0.00595956533877	-0.0393774229052	0.0143580683684	-0.0869017570673	0.0104426593215	-0.000599454775574	-0.00440618313711	-0.0261088870357	-0.00716267619473	-0.0246952494473	-0.0278015693422	-0.0403241628805	0.0206602183493	-0.0219171019581	0.0260140938185	0.00585511637328	-0.0181011295228	-0.0658383892828	-0.0659043546976	0.0227894941894	0.00798603617592	1.0	-0.021072946288	-0.04757280334	-0.0172319697661	-0.0121319315379	-0.0226215676482	-0.020728619684	0.0316066092611	-0.011066635664	-0.05393073776	0.0593463088489	-0.0243370289256	0.0181250320659	-0.0103842092359	-0.0119072843363	-0.0245234659012	0.0839354521043	-0.0605096399499	0.094594287245	0.018648758579	0.050823997762	-0.00998581764846	0.00352720208455	-0.00731961311763	-0.00644894096496	0.00905130144758	-0.0344548861336	0.0163639857563	-0.0279248160139	0.0129790019868	0.0204230757657
