#taxonomy	k__Bacteria;p__Bacteroidetes;c__Bacteroidia;o__Bacteroidales;f__Bacteroidaceae;g__Bacteroides;s__Bacteroides_vulgatus	k__Bacteria;p__Bacteroidetes;c__Bacteroidia;o__Bacteroidales;f__Bacteroidaceae;g__Bacteroides;s__Bacteroides_uniformis	k__Bacteria;p__Bacteroidetes;c__Bacteroidia;o__Bacteroidales;f__Rikenellaceae;g__Alistipes;s__Alistipes_putredinis	k__Bacteria;p__Bacteroidetes;c__Bacteroidia;o__Bacteroidales;f__Prevotellaceae;g__Prevotella;s__Prevotella_copri	k__Bacteria;p__Bacteroidetes;c__Bacteroidia;o__Bacteroidales;f__Bacteroidaceae;g__Bacteroides;s__Bacteroides_stercoris	k__Bacteria;p__Bacteroidetes;c__Bacteroidia;o__Bacteroidales;f__Bacteroidaceae;g__Bacteroides;s__Bacteroides_ovatus	k__Bacteria;p__Bacteroidetes;c__Bacteroidia;o__Bacteroidales;f__Rikenellaceae;g__Alistipes;s__Alistipes_shahii	k__Bacteria;p__Firmicutes;c__Clostridia;o__Clostridiales;f__Ruminococcaceae;g__Faecalibacterium;s__Faecalibacterium_prausnitzii	k__Bacteria;p__Bacteroidetes;c__Bacteroidia;o__Bacteroidales;f__Rikenellaceae;g__Alistipes;s__Alistipes_finegoldii	k__Bacteria;p__Bacteroidetes;c__Bacteroidia;o__Bacteroidales;f__Porphyromonadaceae;g__Parabacteroides;s__Parabacteroides_distasonis	k__Bacteria;p__Bacteroidetes;c__Bacteroidia;o__Bacteroidales;f__Bacteroidaceae;g__Bacteroides;s__Bacteroides_thetaiotaomicron	k__Bacteria;p__Bacteroidetes;c__Bacteroidia;o__Bacteroidales;f__Bacteroidaceae;g__Bacteroides;s__Bacteroides_coprocola	k__Bacteria;p__Bacteroidetes;c__Bacteroidia;o__Bacteroidales;f__Bacteroidaceae;g__Bacteroides;s__Bacteroides_cellulosilyticus	k__Bacteria;p__Bacteroidetes;c__Bacteroidia;o__Bacteroidales;f__Rikenellaceae;g__Alistipes;s__Alistipes_obesi	k__Bacteria;p__Firmicutes;c__Clostridia;o__Clostridiales;f__Lachnospiraceae;g__;s__[Eubacterium]_rectale	k__Bacteria;p__Bacteroidetes;c__Bacteroidia;o__Bacteroidales;f__Bacteroidaceae;g__Bacteroides;s__Bacteroides_plebeius	k__Bacteria;p__Bacteroidetes;c__Bacteroidia;o__Bacteroidales;f__Bacteroidaceae;g__Bacteroides;s__Bacteroides_fragilis	k__Bacteria;p__Proteobacteria;c__Betaproteobacteria;o__Burkholderiales;f__Sutterellaceae;g__Sutterella;s__Sutterella_wadsworthensis	k__Bacteria;p__Bacteroidetes;c__Bacteroidia;o__Bacteroidales;f__Porphyromonadaceae;g__Barnesiella;s__Barnesiella_intestinihominis	k__Bacteria;p__Bacteroidetes;c__Bacteroidia;o__Bacteroidales;f__Odoribacteraceae;g__Odoribacter;s__Odoribacter_splanchnicus	k__Bacteria;p__Bacteroidetes;c__Bacteroidia;o__Bacteroidales;f__Bacteroidaceae;g__Bacteroides;s__Bacteroides_salyersiae	k__Bacteria;p__Firmicutes;c__Clostridia;o__Clostridiales;f__Ruminococcaceae;g__Ruminiclostridium;s__[Eubacterium]_siraeum	k__Bacteria;p__Proteobacteria;c__Betaproteobacteria;o__Burkholderiales;f__Sutterellaceae;g__Parasutterella;s__Parasutterella_excrementihominis	k__Bacteria;p__Actinobacteria;c__Actinobacteria;o__Bifidobacteriales;f__Bifidobacteriaceae;g__Bifidobacterium;s__Bifidobacterium_adolescentis	k__Bacteria;p__Firmicutes;c__Clostridia;o__Clostridiales;f__Oscillospiraceae;g__Oscillibacter;s__Oscillibacter_sp._KLE_1745	k__Bacteria;p__Bacteroidetes;c__Bacteroidia;o__Bacteroidales;f__Bacteroidaceae;g__Bacteroides;s__Bacteroides_coprophilus	k__Bacteria;p__Firmicutes;c__Clostridia;o__Clostridiales;f__Lachnospiraceae;g__Roseburia;s__Roseburia_intestinalis	k__Bacteria;p__Firmicutes;c__Clostridia;o__Clostridiales;f__Lachnospiraceae;g__Roseburia;s__Roseburia_hominis	k__Bacteria;p__Bacteroidetes;c__Bacteroidia;o__Bacteroidales;f__Porphyromonadaceae;g__Parabacteroides;s__Parabacteroides_johnsonii	k__Bacteria;p__Actinobacteria;c__Actinobacteria;o__Bifidobacteriales;f__Bifidobacteriaceae;g__Bifidobacterium;s__Bifidobacterium_longum	k__Bacteria;p__Firmicutes;c__Clostridia;o__Clostridiales;f__;g__Flavonifractor;s__Flavonifractor_plautii	k__Bacteria;p__Firmicutes;c__Clostridia;o__Clostridiales;f__Clostridiaceae;g__Clostridium;s__Clostridium_phoceensis	k__Bacteria;p__Verrucomicrobia;c__Verrucomicrobiae;o__Verrucomicrobiales;f__Akkermansiaceae;g__Akkermansia;s__Akkermansia_muciniphila	k__Bacteria;p__Bacteroidetes;c__Bacteroidia;o__Bacteroidales;f__Prevotellaceae;g__Paraprevotella;s__Paraprevotella_xylaniphila	k__Bacteria;p__Firmicutes;c__Clostridia;o__Clostridiales;f__Ruminococcaceae;g__Ruminococcus;s__Ruminococcus_callidus	k__Bacteria;p__Bacteroidetes;c__Bacteroidia;o__Bacteroidales;f__Rikenellaceae;g__Alistipes;s__Alistipes_senegalensis	k__Bacteria;p__Firmicutes;c__Clostridia;o__Clostridiales;f__Lachnospiraceae;g__Blautia;s__Blautia_sp._KLE_1732	k__Bacteria;p__Bacteroidetes;c__Bacteroidia;o__Bacteroidales;f__Bacteroidaceae;g__Bacteroides;s__Bacteroides_oleiciplenus	k__Bacteria;p__Firmicutes;c__Clostridia;o__Clostridiales;f__Ruminococcaceae;g__Ruminococcus;s__Ruminococcus_bicirculans	k__Bacteria;p__Bacteroidetes;c__Bacteroidia;o__Bacteroidales;f__Bacteroidaceae;g__Bacteroides;s__Bacteroides_fluxus	k__Bacteria;p__Bacteroidetes;c__Bacteroidia;o__Bacteroidales;f__Prevotellaceae;g__Prevotella;s__Prevotella_stercorea	k__Bacteria;p__Firmicutes;c__Clostridia;o__Clostridiales;f__Lachnospiraceae;g__Dorea;s__Dorea_longicatena	k__Bacteria;p__Firmicutes;c__Clostridia;o__Clostridiales;f__Eubacteriaceae;g__Eubacterium;s__[Eubacterium]_eligens	k__Bacteria;p__Firmicutes;c__Clostridia;o__Clostridiales;f__Ruminococcaceae;g__;s__Ruminococcaceae_bacterium_D16	k__Bacteria;p__Firmicutes;c__Clostridia;o__Clostridiales;f__Lachnospiraceae;g__Coprococcus;s__Coprococcus_comes	k__Bacteria;p__Proteobacteria;c__Gammaproteobacteria;o__Enterobacterales;f__Enterobacteriaceae;g__Escherichia;s__Escherichia_coli	k__Bacteria;p__Firmicutes;c__Clostridia;o__Clostridiales;f__Ruminococcaceae;g__Anaerotruncus;s__Anaerotruncus_colihominis	k__Bacteria;p__Firmicutes;c__Clostridia;o__Clostridiales;f__Lachnospiraceae;g__Blautia;s__Blautia_obeum	k__Bacteria;p__Bacteroidetes;c__Bacteroidia;o__Bacteroidales;f__Odoribacteraceae;g__Odoribacter;s__Odoribacter_laneus	k__Bacteria;p__Firmicutes;c__Clostridia;o__Clostridiales;f__Ruminococcaceae;g__Ruminiclostridium;s__[Clostridium]_leptum	k__Bacteria;p__Bacteroidetes;c__Bacteroidia;o__Bacteroidales;f__Porphyromonadaceae;g__Parabacteroides;s__Parabacteroides_goldsteinii	k__Bacteria;p__Firmicutes;c__Clostridia;o__Clostridiales;f__Lachnospiraceae;g__Anaerostipes;s__Anaerostipes_hadrus	k__Bacteria;p__Firmicutes;c__Clostridia;o__Clostridiales;f__Ruminococcaceae;g__Ruminococcus;s__Ruminococcus_lactaris	k__Bacteria;p__Firmicutes;c__Clostridia;o__Clostridiales;f__Clostridiaceae;g__Clostridium;s__Clostridium_sp._L2-50	k__Bacteria;p__Firmicutes;c__Clostridia;o__Clostridiales;f__Clostridiaceae;g__Clostridium;s__Clostridium_sp._M62/1	k__Bacteria;p__Firmicutes;c__Clostridia;o__Clostridiales;f__;g__Intestinimonas;s__Intestinimonas_butyriciproducens	k__Bacteria;p__Actinobacteria;c__Actinobacteria;o__Bifidobacteriales;f__Bifidobacteriaceae;g__Bifidobacterium;s__Bifidobacterium_bifidum	k__Bacteria;p__Firmicutes;c__Negativicutes;o__Veillonellales;f__Veillonellaceae;g__Dialister;s__Dialister_invisus	k__Bacteria;p__Bacteroidetes;c__Bacteroidia;o__Bacteroidales;f__Bacteroidaceae;g__Bacteroides;s__Bacteroides_salanitronis
k__Bacteria;p__Bacteroidetes;c__Bacteroidia;o__Bacteroidales;f__Bacteroidaceae;g__Bacteroides;s__Bacteroides_vulgatus	1.0	0.0643400165222	0.0295998044143	0.034269924649	-0.0374725779466	0.00147839272519	0.0119245796999	0.0407474014032	-0.0210891871715	0.0345733380976	0.00374478959035	0.0361663343166	-0.0193201820513	-0.0164348606034	0.00215120539246	0.00834448005501	-0.0232000279813	0.00251201718714	-0.0331802764585	-0.00455855021858	-0.00455739715273	0.0187743162634	0.0124593044036	0.0248167897661	-0.0179634736284	-0.0790447268236	-0.0513321421715	-0.019189634806	0.0509451835234	0.0268284020614	-0.000576464678458	-0.0270882868027	0.0217042396113	-0.00909506594034	-0.0184677740742	-0.00184362172351	-0.015199776123	0.0752403271453	0.0028103781584	-0.0223489834147	0.0142382034897	0.0354878829193	-0.0241902371984	-0.0313884591489	-0.0619394410163	0.0279086524702	-0.00150109390582	0.00442204133327	-0.00774502498694	0.0201029315424	-0.0354857890822	0.0113222769413	-0.0242160049329	0.0220432393259	-0.0387811511778	-0.0487280509198	-0.0147402583453	-0.0481979252791	0.0241438944822
k__Bacteria;p__Bacteroidetes;c__Bacteroidia;o__Bacteroidales;f__Bacteroidaceae;g__Bacteroides;s__Bacteroides_uniformis	0.0643400165222	1.0	0.00576748555206	0.0463772163361	0.0236616647464	-0.0402902483077	-0.00842481173646	-0.100364027733	-0.0258304197053	0.0930506973008	-0.0489366899869	-0.0344635510123	0.0200923437878	-0.0910049530165	-0.00511137367244	-0.0484093748456	-0.0257051403454	0.0534740477289	0.0255654972756	-0.0078859442994	-0.0214117250462	0.00496091534185	-0.027448455617	-0.0687802939131	-0.0534435048251	-0.0377942304934	0.00572385108073	0.0427452828538	-0.0240895622045	-0.00330580455924	0.0201192772577	-0.0280915415668	-0.0424465109549	0.00694704131926	-0.00908294348273	0.023747233059	-0.00889085611546	-0.0863975671005	0.00805057000943	-0.0751733327104	0.0708709342107	-0.000681639324341	-0.00208122470245	-0.0223869587748	0.00495620671078	-0.0347312541654	-0.00796069431579	0.0103037655602	-0.0218726831087	0.0668543474325	0.00850676544804	0.0378021072905	-0.000690760502235	0.0260191096147	-0.0345445027927	-0.0375916718131	-0.0526684060967	0.0190701027798	0.0126188289674
k__Bacteria;p__Bacteroidetes;c__Bacteroidia;o__Bacteroidales;f__Rikenellaceae;g__Alistipes;s__Alistipes_putredinis	0.0295998044143	0.00576748555206	1.0	-0.0618062494514	0.00235196156658	-0.00742189170551	-0.0216243977616	-0.0129011580805	-0.0598591416601	-0.0146355139192	0.0313732742349	0.0088039403547	0.0690410861574	-0.0861598219235	-0.0102769414579	-0.0274328150053	-0.000935978137776	-0.00252390144167	-0.0342384950378	-0.000548031720177	0.0177999877077	-0.0461045418848	-0.0322323805534	-0.0765148772505	-0.00261307412837	0.039705225479	-0.00103177107242	0.0470334909583	0.0523995550323	-0.0469734004865	-0.0693379389359	0.00248290106613	0.020433837571	0.004547508789	-0.00907981123856	-0.00927038396063	-0.0471310640277	0.0341754954124	-0.00163179734357	-0.0193114845779	0.0151525805926	-0.0160972714406	-0.00763246926418	-0.0168761517786	0.0375127261199	-0.0610606697582	0.0113434140195	-0.0335494918989	-0.00129822319118	0.0185259804945	-0.058003460578	-0.0811854626487	0.0308016616273	0.0548366452736	0.00875602536595	0.0187445099069	-0.0296608193075	0.00433304029335	-0.0284737228719
k__Bacteria;p__Bacteroidetes;c__Bacteroidia;o__Bacteroidales;f__Prevotellaceae;g__Prevotella;s__Prevotella_copri	0.034269924649	0.0463772163361	-0.0618062494514	1.0	-0.0120334142662	-0.120397145428	-0.00677146431102	0.0151003091007	-0.0171456520823	-0.0496240106263	0.00558059664036	0.0209332408484	0.00322768026261	-0.027679145559	-0.0413491363326	-0.0392294291236	0.0295846207122	-0.03206851859	0.0220207523251	-0.0295273011654	0.0409054841791	-0.00128279614331	0.0295695919257	-0.0324028983509	0.0393606960388	-0.0121009864743	-0.086140067602	0.049219747347	-0.0402702048534	0.050210112921	-0.00780941171985	0.0317488770194	-0.0835422920982	-0.0494435713587	-0.0472139018685	0.022309195836	0.0165187939713	0.0223209413382	0.0474854110003	-0.0414488622726	0.0458175328774	0.0301822314252	-0.0734631793087	0.0458924877165	0.0166518849039	-0.0489480420764	0.056656271763	0.00875632650422	0.0269881067037	0.029359892481	-0.0145441268326	-0.00055016658458	-0.0587991014781	-0.0307019049392	0.0365851729975	0.0284965961026	0.0143694498732	0.004179622268	-0.0329816194601
k__Bacteria;p__Bacteroidetes;c__Bacteroidia;o__Bacteroidales;f__Bacteroidaceae;g__Bacteroides;s__Bacteroides_stercoris	-0.0374725779466	0.0236616647464	0.00235196156658	-0.0120334142662	1.0	0.0052694059238	-0.0175153338825	0.00640949864977	-0.0254395875735	0.0527091523152	-0.0557910170169	0.013246537598	-0.00457023525062	-0.0715319294456	-0.0361012088497	-0.0164780694474	-0.0318483792116	0.00130702496042	-0.0119941324258	0.0134739076336	-0.0585551499014	-0.0461223659556	0.0242313927674	-0.0204619244714	0.00270137565043	0.028481634699	0.0390314118725	0.0870537485683	-0.0931989545229	-0.0488052245007	0.0258574291239	-0.0224303714984	-0.000894249880067	0.0517109313016	-0.068370868478	0.00127624596798	0.0437464607881	-0.0092040117711	0.0333281883457	-0.00251300539941	-0.0568577585468	0.0310896610906	0.0217444785572	-0.0252562731761	0.0213182917338	-0.0090922716399	-0.0249575548882	-0.0307211069136	-0.0276481957445	-0.0261722242069	0.0417233741242	-0.0183015040713	-0.0195424428831	-0.0148568051553	0.00375051437219	-0.000910735472764	-0.0347089203765	-0.0177196468891	0.0482194200741
k__Bacteria;p__Bacteroidetes;c__Bacteroidia;o__Bacteroidales;f__Bacteroidaceae;g__Bacteroides;s__Bacteroides_ovatus	0.00147839272519	-0.0402902483077	-0.00742189170551	-0.120397145428	0.0052694059238	1.0	-0.00555461877439	-0.0753783964388	-0.076591374115	-0.0787756825208	-0.0610702070897	-0.03268668372	-0.00543928151833	0.0468275853322	0.0299458825731	0.0247827535442	-0.0242474316267	-0.000847816055395	0.00399400892808	0.061452756839	-0.011179870793	0.0228286921009	-0.00493667469919	-0.0301807486893	-0.0196307088001	-0.0242081026055	-0.0408463052811	-0.0120791105919	0.0264975903453	-0.0334554574341	-0.0212899377744	0.0443306600315	0.0461412270962	-0.00161410013546	-0.0222332181294	-0.0091630149144	-0.00185387015283	0.0605676660804	0.0262683560964	0.0356968856991	-0.0195055935999	0.0323081211004	-0.034924754894	-0.0344765219613	0.0031247425888	-0.0448128538373	-0.0531585208598	-0.0153525753652	0.0303956542133	0.00144272298602	0.0297695691365	-0.0466244718248	0.0503164930484	0.0208861964754	0.0304211238582	0.00221579683367	-0.0153491664365	-0.0309562215839	-0.0291386722987
k__Bacteria;p__Bacteroidetes;c__Bacteroidia;o__Bacteroidales;f__Rikenellaceae;g__Alistipes;s__Alistipes_shahii	0.0119245796999	-0.00842481173646	-0.0216243977616	-0.00677146431102	-0.0175153338825	-0.00555461877439	1.0	0.0400332908285	-0.00319865346212	-0.0200571399998	0.00658722391376	0.00837930972864	-0.0239843261589	-0.0549876442982	-0.00921660593175	0.0249642805202	0.00682507878086	0.0217275270056	0.0170001640138	-0.00379319625166	-0.0451515000523	0.0258079030932	0.00513786780631	-0.0577552501731	-0.00485097414733	-0.0745410829754	0.0297546969702	0.0129852155209	-0.0299885023921	-0.061607296499	-0.0115292770371	-0.0642917847117	0.0147056616538	-0.0432099391549	0.0132450130945	-0.00505294893381	0.0107857706699	0.0281269144769	-0.0297110458719	-0.00800214998051	-0.0351861878376	0.0837139377039	-0.0597582361273	-0.0122755640937	0.00819868341932	0.0147566905079	-0.0209029332964	0.0496791213607	0.0411055379082	-0.00560297956306	0.0415426404963	-0.012522646847	-0.0408030467505	0.000500701863766	-0.042772193584	-0.0167302933526	0.00324168847625	-0.0591417241823	0.0195029302996
k__Bacteria;p__Firmicutes;c__Clostridia;o__Clostridiales;f__Ruminococcaceae;g__Faecalibacterium;s__Faecalibacterium_prausnitzii	0.0407474014032	-0.100364027733	-0.0129011580805	0.0151003091007	0.00640949864977	-0.0753783964388	0.0400332908285	1.0	0.00247758940082	0.0220383174456	-0.028630187876	-0.0115126202465	-0.00234066397923	0.00327184993473	0.0113860924829	-0.0462959630156	0.067666686321	0.00774285338644	0.031454430817	-0.0121742100262	-0.0742567910922	-0.00902428007594	-0.0105966814595	-0.0286602618731	0.0676426815345	-0.00282465592774	-0.0186313941639	0.0245110550266	-0.0907538225814	-0.0313917003899	-0.0699120482878	-0.00220199311994	-0.0383099984619	-0.0307816201806	0.0256477939461	-0.0336917051372	-0.000496087200554	0.00924319828135	0.0357356795959	0.0369455989181	-0.04333198705	-0.0130165895811	0.0210690470022	0.0469829257065	-0.0020901072081	-0.0399666547241	-0.018276781378	-0.0465588208124	0.000536509891467	-0.0327271280027	0.00565929123129	0.0047413807547	-0.0545455846015	-0.00357703532989	-0.0741139820856	-0.034513234798	-0.0236095330188	-0.0351445454751	0.0582327421746
k__Bacteria;p__Bacteroidetes;c__Bacteroidia;o__Bacteroidales;f__Rikenellaceae;g__Alistipes;s__Alistipes_finegoldii	-0.0210891871715	-0.0258304197053	-0.0598591416601	-0.0171456520823	-0.0254395875735	-0.076591374115	-0.00319865346212	0.00247758940082	1.0	0.0432249632351	-0.01643207584	0.011421869752	-0.0446787895751	0.0264490118911	-0.0175870114889	-0.0630419905725	0.000567104541203	0.0145331269003	0.000949241445848	-0.00198860129044	0.0503563431331	0.040719710699	0.0352174397398	-0.0340103566415	0.0206613763163	-0.0150843698414	-0.0380293368129	-0.0282557478094	0.0221443313488	-0.0577984069219	0.00694613181465	-0.0462902623871	0.0117500276874	0.00651677869126	-0.0326387195944	0.00932849340753	-0.00461175003216	-0.0236965132514	0.0358313726153	-0.0317794520375	-0.000655273555008	-0.0217702122313	-0.033428706741	0.000265474494827	-0.0177570019681	-0.0119261100285	-0.00703080464598	0.0209108897377	-0.0376136192405	0.0366458188546	0.0661185953674	-0.0104229590625	-0.029645088412	0.0491873264112	0.0221641522899	-0.000453045733849	0.0404029871582	0.027703585541	-0.0669727796388
k__Bacteria;p__Bacteroidetes;c__Bacteroidia;o__Bacteroidales;f__Porphyromonadaceae;g__Parabacteroides;s__Parabacteroides_distasonis	0.0345733380976	0.0930506973008	-0.0146355139192	-0.0496240106263	0.0527091523152	-0.0787756825208	-0.0200571399998	0.0220383174456	0.0432249632351	1.0	-0.00597442273118	-0.0196041179481	0.00191186108224	0.00708289784108	-0.0334660299987	-0.0462155411587	-0.0454172741041	-0.00460198894071	-0.00322478309411	0.00157996385138	0.0569023208359	0.0197145763391	-0.00534596385713	0.0116940763835	0.023311460951	-0.0209969859504	0.00783486862627	0.0361722158864	0.0270077932485	-0.010354258043	-0.000519793044415	-0.0094183846468	-0.00241970610823	-0.0155088499918	-0.00740735646079	-0.00139070222266	-0.0363871077277	-0.00846757349234	-0.0117755060692	-0.0424079297891	0.00557417555033	-0.046017018299	-0.0168496323102	-0.0363006925286	0.00624179095227	-0.0173630949376	-0.018259301564	-0.0539221220166	-0.00340474979772	-0.0201844501125	0.0258446760302	-0.00319628496045	0.00790909762995	-0.026950103373	0.0144829272417	-0.0229114009792	-0.04942716938	0.0221671952513	-0.0134843293109
k__Bacteria;p__Bacteroidetes;c__Bacteroidia;o__Bacteroidales;f__Bacteroidaceae;g__Bacteroides;s__Bacteroides_thetaiotaomicron	0.00374478959035	-0.0489366899869	0.0313732742349	0.00558059664036	-0.0557910170169	-0.0610702070897	0.00658722391376	-0.028630187876	-0.01643207584	-0.00597442273118	1.0	-0.0152441008452	-0.0185946635346	-0.0264959594919	0.022762611648	-0.0394141982432	-0.0156127703185	0.0174337474169	-0.0359146256877	-0.00184328789146	0.042445911981	0.0110746702433	0.0531122984874	-0.0282906912652	-0.00929774448424	0.00635760481165	0.000201157617833	0.0192145381238	-0.0128764021832	-0.0622183788916	-0.0467015708704	-0.00940669240168	-0.00275223026752	0.0478830811933	0.0329476097126	0.0383708292479	-0.00356638513553	-0.0736517538124	-0.000416205822309	0.0267995096391	0.00923979028635	-0.0400982132478	0.0219046129127	-0.0369251156563	-0.0398369006942	0.0448727990343	-0.0363453766008	-0.0699576019579	0.0106639864873	-0.0203411091882	0.0448519574951	0.0633482998663	-0.0105511247353	-0.00998234788837	-0.00383537702808	-0.00362924639463	0.0302019683443	0.0151475550383	0.0664496111094
k__Bacteria;p__Bacteroidetes;c__Bacteroidia;o__Bacteroidales;f__Bacteroidaceae;g__Bacteroides;s__Bacteroides_coprocola	0.0361663343166	-0.0344635510123	0.0088039403547	0.0209332408484	0.013246537598	-0.03268668372	0.00837930972864	-0.0115126202465	0.011421869752	-0.0196041179481	-0.0152441008452	1.0	0.00595257844009	0.0378735696764	0.0771322465859	-0.0592377419734	-0.0394911378332	-0.0487578768456	0.0200469913001	-0.0332518539016	-0.0011885497379	0.00976910741195	0.0709692200113	-0.00701401186583	-0.0723692791787	0.0174441356002	-0.00712666374579	0.0565099195334	-0.0318818628655	-0.00296625150742	-0.032848142563	-0.0184737582503	-0.0513120811169	-0.0641120838384	0.0279299130549	0.0155940710881	0.00192073889408	-0.0145426630803	-0.00182832193814	0.0426578585905	0.0115241455368	0.0164030780008	-0.0361508633287	-0.0235925197408	-0.00419235497246	0.0190668211807	-0.0034816998596	-0.00221912277207	0.0205475188963	-0.0274614811064	-0.046131642071	-0.018434085231	-0.0120927890665	-0.0231630023793	-0.0786097658652	0.0565079832699	0.0444274818264	-0.0246340590794	0.0263693353847
k__Bacteria;p__Bacteroidetes;c__Bacteroidia;o__Bacteroidales;f__Bacteroidaceae;g__Bacteroides;s__Bacteroides_cellulosilyticus	-0.0193201820513	0.0200923437878	0.0690410861574	0.00322768026261	-0.00457023525062	-0.00543928151833	-0.0239843261589	-0.00234066397923	-0.0446787895751	0.00191186108224	-0.0185946635346	0.00595257844009	1.0	-0.0056055493709	0.00611584427264	-0.00131463728022	0.0189049728914	0.00329369336671	0.000164847362581	-0.00742487899074	-0.00028007318889	-0.0800235677745	-0.0146663747757	0.0255568747599	0.0126564035398	0.0280684310681	0.0117210127322	-0.00547783449819	-0.0539642729656	0.013225465303	-0.00584506699074	0.00280758382615	-0.00231150211832	-0.0209874734888	0.0299638556919	0.0254391286189	0.0260258116955	0.0406247019407	0.0407834496511	0.0371369963289	-0.0223572429834	-0.000195393102736	0.0417480259634	-3.84103396638e-05	0.00474700817064	-0.00712052565278	-0.039483961274	-0.00347872792091	0.0110303897326	-0.000901080254804	-0.0202402162594	0.0168276398574	-0.0572917442965	-0.085676431491	0.0133033795578	0.0245142282734	-0.0565713631668	-0.0057015915959	0.0106188991131
k__Bacteria;p__Bacteroidetes;c__Bacteroidia;o__Bacteroidales;f__Rikenellaceae;g__Alistipes;s__Alistipes_obesi	-0.0164348606034	-0.0910049530165	-0.0861598219235	-0.027679145559	-0.0715319294456	0.0468275853322	-0.0549876442982	0.00327184993473	0.0264490118911	0.00708289784108	-0.0264959594919	0.0378735696764	-0.0056055493709	1.0	0.029871737914	-0.0657895982928	0.0520642360958	0.00651154757432	-0.00277960510364	-0.0117911443252	-0.0263828249386	-0.06661034526	-0.0460175722281	0.00146943062263	0.0232241878567	0.0482368606451	-0.0107671460623	-0.00661600741269	-0.0356690806156	-0.0145652422682	0.0193963586696	0.0164834321754	0.0247244427183	0.0376428543304	0.00391779189459	0.000344317503692	-0.0311605618471	0.130772780372	-0.0225035002793	-0.011248904735	0.018605821724	-0.0141610370482	0.0136146999806	0.0378302136487	0.0193883112629	-0.0256390290279	-0.0347806168856	0.032528537258	-0.0191364524709	-0.0125805861207	0.0254434846771	-0.0285612746538	-0.0188782918838	0.0263811564298	-0.00293270079552	-0.0217276092383	0.00185110703614	-0.039783949421	-0.0342309218026
k__Bacteria;p__Firmicutes;c__Clostridia;o__Clostridiales;f__Lachnospiraceae;g__;s__[Eubacterium]_rectale	0.00215120539246	-0.00511137367244	-0.0102769414579	-0.0413491363326	-0.0361012088497	0.0299458825731	-0.00921660593175	0.0113860924829	-0.0175870114889	-0.0334660299987	0.022762611648	0.0771322465859	0.00611584427264	0.029871737914	1.0	0.0220270994522	-0.00908589952705	-0.0389153391205	0.0366478675081	-0.0265728043668	-0.0142167378064	-0.0307436635149	-0.0238723045934	-0.0378480036886	-0.060614110594	0.0331160510012	-0.03214844942	-0.0513452605799	0.0516734181968	-0.0236018013574	0.0528679202113	0.0618182722191	0.0124144482394	-0.0268399219635	0.0104107519895	-0.062954806815	0.00441867360608	-0.04815116272	0.0167097287458	-0.00157391285699	-0.00936096966801	-0.0075033541868	0.0351142175908	0.0461056361811	0.000395371639803	-0.0291298831952	-0.0209013857099	-0.0119677030803	-0.0151064691684	0.0400342845793	-0.0468264118563	0.0143621189055	0.0413747376424	-0.000970139285349	-0.0128435878287	-0.0375013595914	-0.0139173440062	-0.0249167314913	-0.029411727618
k__Bacteria;p__Bacteroidetes;c__Bacteroidia;o__Bacteroidales;f__Bacteroidaceae;g__Bacteroides;s__Bacteroides_plebeius	0.00834448005501	-0.0484093748456	-0.0274328150053	-0.0392294291236	-0.0164780694474	0.0247827535442	0.0249642805202	-0.0462959630156	-0.0630419905725	-0.0462155411587	-0.0394141982432	-0.0592377419734	-0.00131463728022	-0.0657895982928	0.0220270994522	1.0	0.00910961987513	0.0107608278928	-0.0219086312142	-0.00333999798857	-0.00198745445538	-0.0450115710001	-0.068992370448	-0.00308061199946	0.0146043876998	-0.0196164374246	-0.00418480075131	0.0236374788048	0.00195909739769	-0.0425723354296	0.00363196767952	-0.00473483727028	0.0285473987435	0.0178170404095	0.00950422595815	-0.00480064863241	0.0934874676359	-0.0230352793257	-0.0141909569362	0.0757977072442	-0.0411443149678	0.0636252539051	-0.036108653524	-0.0149185912591	0.0186844070066	0.00295168514635	-0.0395784643893	-0.0330274904497	-0.0169259669472	0.0356043684245	-0.0345906942747	-0.0319824017941	0.0508173298843	0.044859542564	0.0148122545822	-0.0131349402474	-0.0233248523462	0.0355931061355	0.0666015396753
k__Bacteria;p__Bacteroidetes;c__Bacteroidia;o__Bacteroidales;f__Bacteroidaceae;g__Bacteroides;s__Bacteroides_fragilis	-0.0232000279813	-0.0257051403454	-0.000935978137776	0.0295846207122	-0.0318483792116	-0.0242474316267	0.00682507878086	0.067666686321	0.000567104541203	-0.0454172741041	-0.0156127703185	-0.0394911378332	0.0189049728914	0.0520642360958	-0.00908589952705	0.00910961987513	1.0	-0.00441713862067	-0.0448235833386	0.0608743627824	-0.0673473312186	0.0612888659066	-0.0858115318732	0.00175577085672	0.0314786430129	-0.0418040264868	-0.0404147577853	0.0153005358429	-0.045535196154	0.0192419651098	-0.0884503177326	-0.0579355498555	-0.0068144822002	-0.0094035061331	-0.0402696558115	0.0329215346915	-0.0124807627523	0.0123325933618	-0.0117968772694	0.0339782012659	-0.0062928065383	-0.0365797277169	0.0312456274636	-0.0196102299775	-0.00428664370317	-0.0429592536027	-0.0160703650933	0.00261530107775	0.0187794609655	-0.0286066796139	0.0311833642296	0.0118305622275	-0.0127274439424	-0.000620651304632	0.0211391106128	-0.0153260848655	-0.0279659511311	-0.0205780479516	-0.0390022021917
k__Bacteria;p__Proteobacteria;c__Betaproteobacteria;o__Burkholderiales;f__Sutterellaceae;g__Sutterella;s__Sutterella_wadsworthensis	0.00251201718714	0.0534740477289	-0.00252390144167	-0.03206851859	0.00130702496042	-0.000847816055395	0.0217275270056	0.00774285338644	0.0145331269003	-0.00460198894071	0.0174337474169	-0.0487578768456	0.00329369336671	0.00651154757432	-0.0389153391205	0.0107608278928	-0.00441713862067	1.0	-0.0732182131248	-0.0278559435928	0.000296512811379	-0.0329278211966	-0.027011772482	-0.0225061751792	-0.0517024513485	-0.109145436872	0.0278474285128	-0.0437266087452	-0.0202942044306	-0.00767997261776	-0.0161078729474	-0.0484620219762	0.0167628564369	0.0074840328668	-0.00880340608173	0.0247295409573	0.0342282563613	-0.0239924564566	-0.0281002271017	-0.0288229796974	-0.0473096572029	-0.00789449652384	0.0196200854136	-0.0435913338068	0.0544500220854	-0.0216211653615	-0.0236933972316	0.0604528454448	0.00660044428022	-0.0122086704443	0.0325544381936	-0.0399692296831	-0.0256492242774	-0.0739190465449	0.0227359792326	-0.0172746771047	0.0224439062501	-0.0513393380931	0.0115511848936
k__Bacteria;p__Bacteroidetes;c__Bacteroidia;o__Bacteroidales;f__Porphyromonadaceae;g__Barnesiella;s__Barnesiella_intestinihominis	-0.0331802764585	0.0255654972756	-0.0342384950378	0.0220207523251	-0.0119941324258	0.00399400892808	0.0170001640138	0.031454430817	0.000949241445848	-0.00322478309411	-0.0359146256877	0.0200469913001	0.000164847362581	-0.00277960510364	0.0366478675081	-0.0219086312142	-0.0448235833386	-0.0732182131248	1.0	-0.00134289631606	-0.0650170901572	-0.043522260145	-0.00610794398052	0.0716310271366	-0.0148598749451	-0.0320570451976	-0.000338334601712	0.0261863961905	0.0124294792147	0.0338121899141	-0.01731281243	-0.0476020385514	-0.0324671311844	-0.0336789333395	-0.0136105461646	-0.0325429362532	0.00542802749786	0.0259135490734	-0.0881608285438	-0.0274038841361	0.0240210877954	0.0337231812391	0.0288141536033	-0.00547530845163	-0.0152165750923	-0.027455745017	-0.033072055444	-0.0370087544517	-0.038980057786	0.0259340358721	-0.0494005517064	0.0206539625976	-0.055277352537	0.0165724502457	0.0456637318929	0.0111469345188	0.0277351787509	0.0319179668402	0.0302708935336
k__Bacteria;p__Bacteroidetes;c__Bacteroidia;o__Bacteroidales;f__Odoribacteraceae;g__Odoribacter;s__Odoribacter_splanchnicus	-0.00455855021858	-0.0078859442994	-0.000548031720177	-0.0295273011654	0.0134739076336	0.061452756839	-0.00379319625166	-0.0121742100262	-0.00198860129044	0.00157996385138	-0.00184328789146	-0.0332518539016	-0.00742487899074	-0.0117911443252	-0.0265728043668	-0.00333999798857	0.0608743627824	-0.0278559435928	-0.00134289631606	1.0	-0.0198792691858	-0.00762515272238	0.0046946099125	-0.040054134527	-0.0123050298591	0.0434766835187	-0.045887483104	-0.0451892744611	0.00743670860175	-0.0272003103727	0.0254235419534	-0.0119435630066	-0.0052289883925	0.0524884192715	-0.00543900442757	-0.058180063784	0.00371668112318	-0.0319190044459	0.00499847742607	0.0199160617482	0.0295308787027	0.00626802694471	-0.0313262977944	0.00886555772863	-0.0147888069483	0.005284937066	0.0282188133944	-0.0231943630726	-0.0253615322812	0.0718526891888	0.0175151404138	-0.0311063850249	0.0342031731608	-0.0202393383629	-0.0376636948186	-0.00579641416258	-0.0128498695827	0.0533616890843	-0.0494324415728
k__Bacteria;p__Bacteroidetes;c__Bacteroidia;o__Bacteroidales;f__Bacteroidaceae;g__Bacteroides;s__Bacteroides_salyersiae	-0.00455739715273	-0.0214117250462	0.0177999877077	0.0409054841791	-0.0585551499014	-0.011179870793	-0.0451515000523	-0.0742567910922	0.0503563431331	0.0569023208359	0.042445911981	-0.0011885497379	-0.00028007318889	-0.0263828249386	-0.0142167378064	-0.00198745445538	-0.0673473312186	0.000296512811379	-0.0650170901572	-0.0198792691858	1.0	-0.00412493004958	-0.00403860711882	-0.0570475283295	0.0503224796243	0.034987129001	-0.0152435979582	-0.0326301952258	-0.0182319054082	0.000357132453877	-0.0228178969196	-0.0179243143183	-0.00960381155618	0.0424770670398	-0.0265192075775	-0.0345417525684	0.0644987934152	0.0454937456374	-0.00762183646133	-0.00287731832989	-0.0130735547831	0.0363765363757	-0.0138130099833	0.0208462468444	-0.000801000190702	-0.014559690843	-0.0356461162506	-0.00070649659422	-0.0323600757497	-0.0246638170658	0.0152689043601	-0.0230269653815	-0.0462282127668	-0.010580448162	0.00075800243562	0.00857625095852	0.00971779996762	0.0289623704728	-0.0402871878346
k__Bacteria;p__Firmicutes;c__Clostridia;o__Clostridiales;f__Ruminococcaceae;g__Ruminiclostridium;s__[Eubacterium]_siraeum	0.0187743162634	0.00496091534185	-0.0461045418848	-0.00128279614331	-0.0461223659556	0.0228286921009	0.0258079030932	-0.00902428007594	0.040719710699	0.0197145763391	0.0110746702433	0.00976910741195	-0.0800235677745	-0.06661034526	-0.0307436635149	-0.0450115710001	0.0612888659066	-0.0329278211966	-0.043522260145	-0.00762515272238	-0.00412493004958	1.0	0.0164830468878	0.122394684337	0.0211321397738	-0.0258334364944	-0.0190452730099	-0.0263098359942	0.0840860454333	-0.00797664047962	-0.0116557952169	0.0231540885191	-0.00415857621661	-0.0574180105839	-0.00749678249068	-0.0279757369058	-0.00488759174921	-0.00963165989241	0.014656237789	-0.0288314397427	-0.05576359964	-0.0329646602293	-0.0108815087582	-0.0487716706141	-0.029083422517	0.0153230315551	-0.0636266311596	-0.00369564687277	-0.0120372558081	0.0323843136571	-0.0662555550234	0.0179128730669	-0.0172857161307	0.000342266651692	0.0499393527435	0.0473475951093	0.0084786532255	-0.0726870826033	-0.0262254411129
k__Bacteria;p__Proteobacteria;c__Betaproteobacteria;o__Burkholderiales;f__Sutterellaceae;g__Parasutterella;s__Parasutterella_excrementihominis	0.0124593044036	-0.027448455617	-0.0322323805534	0.0295695919257	0.0242313927674	-0.00493667469919	0.00513786780631	-0.0105966814595	0.0352174397398	-0.00534596385713	0.0531122984874	0.0709692200113	-0.0146663747757	-0.0460175722281	-0.0238723045934	-0.068992370448	-0.0858115318732	-0.027011772482	-0.00610794398052	0.0046946099125	-0.00403860711882	0.0164830468878	1.0	-0.0347462244459	-0.0220265553055	0.0542056864374	-0.0168693975759	0.00588670339318	0.0192074943195	-0.0444480496051	0.000282309517077	0.0230977250157	0.00893377172645	-0.0136170129323	0.000130514680757	-0.0338080357269	-0.0267527959584	-0.00776134039515	-0.013361135175	-0.0140260347315	0.0461048369601	-0.00449718861657	-0.00198335443223	-0.0252863239246	-0.0767466917676	-0.0276006063556	0.031586210158	-0.0229847189607	0.0140596935171	0.019617804574	0.00100651636153	-0.0143977871381	-0.0592876737929	0.0231276453833	0.00104503843429	0.0319152992568	0.0296149459445	-0.024024616027	-0.0307290648467
k__Bacteria;p__Actinobacteria;c__Actinobacteria;o__Bifidobacteriales;f__Bifidobacteriaceae;g__Bifidobacterium;s__Bifidobacterium_adolescentis	0.0248167897661	-0.0687802939131	-0.0765148772505	-0.0324028983509	-0.0204619244714	-0.0301807486893	-0.0577552501731	-0.0286602618731	-0.0340103566415	0.0116940763835	-0.0282906912652	-0.00701401186583	0.0255568747599	0.00146943062263	-0.0378480036886	-0.00308061199946	0.00175577085672	-0.0225061751792	0.0716310271366	-0.040054134527	-0.0570475283295	0.122394684337	-0.0347462244459	1.0	-0.00778396758361	-0.0757889814529	-0.0223125998187	-0.0583304291373	-0.043967955969	-0.0405736079972	0.0741642133513	-0.0417119319936	-0.0748154601572	0.0187799982498	0.000430628978054	-0.00867512536432	0.0165664100835	0.0609068344784	-0.0478119460687	-0.033513860825	-0.00471217910919	-0.00551070215114	-0.0276012702064	0.00938905247508	-0.0183475865857	0.0318312172595	0.027657910712	0.0161655165424	-0.0264475031356	-0.089060833704	0.00451998986708	-0.017762294463	0.041774643823	0.00881346705756	-0.00756273006049	0.0215831699249	-0.0152403193157	0.0133048131953	0.0420784938969
k__Bacteria;p__Firmicutes;c__Clostridia;o__Clostridiales;f__Oscillospiraceae;g__Oscillibacter;s__Oscillibacter_sp._KLE_1745	-0.0179634736284	-0.0534435048251	-0.00261307412837	0.0393606960388	0.00270137565043	-0.0196307088001	-0.00485097414733	0.0676426815345	0.0206613763163	0.023311460951	-0.00929774448424	-0.0723692791787	0.0126564035398	0.0232241878567	-0.060614110594	0.0146043876998	0.0314786430129	-0.0517024513485	-0.0148598749451	-0.0123050298591	0.0503224796243	0.0211321397738	-0.0220265553055	-0.00778396758361	1.0	-0.0265598722201	0.0572305165637	-0.0109160434234	-0.0465934568028	0.00563723184407	-0.0833851271132	-0.0158076367365	0.0171941982592	0.054134194202	-0.0570062068311	-0.0109886066189	-0.0311048608489	0.0239925153857	-0.0104296043224	0.0375033590902	-0.0217661714423	-0.0467824622092	0.0270192648056	0.0174761786573	-0.030291689409	-0.0566688991218	-0.0302484430469	0.0142994989722	-0.0248211868062	-0.0375666280071	-0.0178105431003	-0.0585262273009	0.0427745470292	-0.0127675059013	0.00835045835637	0.0314303507775	-0.00221805346894	0.0186056321896	-0.0151588924849
k__Bacteria;p__Bacteroidetes;c__Bacteroidia;o__Bacteroidales;f__Bacteroidaceae;g__Bacteroides;s__Bacteroides_coprophilus	-0.0790447268236	-0.0377942304934	0.039705225479	-0.0121009864743	0.028481634699	-0.0242081026055	-0.0745410829754	-0.00282465592774	-0.0150843698414	-0.0209969859504	0.00635760481165	0.0174441356002	0.0280684310681	0.0482368606451	0.0331160510012	-0.0196164374246	-0.0418040264868	-0.109145436872	-0.0320570451976	0.0434766835187	0.034987129001	-0.0258334364944	0.0542056864374	-0.0757889814529	-0.0265598722201	1.0	-0.0327567707765	-0.0867079580423	0.00296001779594	0.024946993241	-0.0489444440274	0.0109926488057	0.00111617945126	0.0713947415325	-0.00294379077303	-0.0031731908775	-0.0218741204979	0.024581980357	0.00258667294528	-0.0538341651862	-0.028784157458	-0.00612067634905	-0.0468066197179	0.0299186873794	0.00207529592912	-0.0292022244825	0.0407247716722	-0.0465833813861	-0.0187085577867	-0.0355305039896	0.0117792175766	0.0263830372514	0.0416605966842	-0.000489920342771	0.0180832357515	0.00824162804905	0.033981945539	0.0274053036845	0.00648521725345
k__Bacteria;p__Firmicutes;c__Clostridia;o__Clostridiales;f__Lachnospiraceae;g__Roseburia;s__Roseburia_intestinalis	-0.0513321421715	0.00572385108073	-0.00103177107242	-0.086140067602	0.0390314118725	-0.0408463052811	0.0297546969702	-0.0186313941639	-0.0380293368129	0.00783486862627	0.000201157617833	-0.00712666374579	0.0117210127322	-0.0107671460623	-0.03214844942	-0.00418480075131	-0.0404147577853	0.0278474285128	-0.000338334601712	-0.045887483104	-0.0152435979582	-0.0190452730099	-0.0168693975759	-0.0223125998187	0.0572305165637	-0.0327567707765	1.0	-0.0536506657101	-0.0516869342426	0.00835528356759	-0.0306817411715	-0.0544247262698	0.0687747989986	0.0304300510236	0.0412774821717	-0.0027263057975	-0.0226916296294	-0.0449554691105	0.0308577754888	0.00711508314785	0.054282243316	-0.0161610979539	-9.45605329246e-05	-0.0297932599163	0.0246770875958	0.0196647756227	0.000785143429434	0.0104702756179	-0.0562721362831	-0.0279902433646	-0.0608546642016	0.0348251030423	0.0425826721001	-0.0359748912648	-0.00970089900872	-0.00670084501281	-0.0241751878546	-0.0269079449092	-0.00642908574788
k__Bacteria;p__Firmicutes;c__Clostridia;o__Clostridiales;f__Lachnospiraceae;g__Roseburia;s__Roseburia_hominis	-0.019189634806	0.0427452828538	0.0470334909583	0.049219747347	0.0870537485683	-0.0120791105919	0.0129852155209	0.0245110550266	-0.0282557478094	0.0361722158864	0.0192145381238	0.0565099195334	-0.00547783449819	-0.00661600741269	-0.0513452605799	0.0236374788048	0.0153005358429	-0.0437266087452	0.0261863961905	-0.0451892744611	-0.0326301952258	-0.0263098359942	0.00588670339318	-0.0583304291373	-0.0109160434234	-0.0867079580423	-0.0536506657101	1.0	0.0165105030679	0.0439201020663	0.0301365870578	0.0224857773312	-0.0306875649305	-0.026008803081	-0.0195023460333	-0.0256385241689	-0.0233439933079	0.00174192818416	-0.0398211344297	0.0437858497227	0.0231656521576	-0.0676731436728	-0.0120529571837	-0.0477929415251	-0.0589049741265	-0.0226151916997	0.0345340989247	-0.0119760650006	-0.013945594686	-0.0417851244558	-0.0262568396971	0.049721845354	-0.0429234599337	0.031187403253	0.0479733312304	-0.00553858091512	-0.00845328663714	0.0382948169463	0.00395615158772
k__Bacteria;p__Bacteroidetes;c__Bacteroidia;o__Bacteroidales;f__Porphyromonadaceae;g__Parabacteroides;s__Parabacteroides_johnsonii	0.0509451835234	-0.0240895622045	0.0523995550323	-0.0402702048534	-0.0931989545229	0.0264975903453	-0.0299885023921	-0.0907538225814	0.0221443313488	0.0270077932485	-0.0128764021832	-0.0318818628655	-0.0539642729656	-0.0356690806156	0.0516734181968	0.00195909739769	-0.045535196154	-0.0202942044306	0.0124294792147	0.00743670860175	-0.0182319054082	0.0840860454333	0.0192074943195	-0.043967955969	-0.0465934568028	0.00296001779594	-0.0516869342426	0.0165105030679	1.0	0.0501277107352	-0.0266095607448	0.00477680613157	-0.0125148516743	-0.0106961629135	-0.0577453317529	0.0118592518512	-0.00617404947007	-0.0149963860916	0.0122485285099	-0.0061964159165	-0.021236523176	-0.0146987813362	-0.0313648443538	-0.00408278294171	0.0249486292343	0.0107304574944	-0.0295000348395	-0.00152239922363	-0.0081535234853	0.00131063298692	-0.036150257785	-0.0311043318243	0.00580654859947	-0.0500142499582	-0.014989418858	0.0560595366217	-0.0078230511712	-0.0280415117834	-0.0250012108401
k__Bacteria;p__Actinobacteria;c__Actinobacteria;o__Bifidobacteriales;f__Bifidobacteriaceae;g__Bifidobacterium;s__Bifidobacterium_longum	0.0268284020614	-0.00330580455924	-0.0469734004865	0.050210112921	-0.0488052245007	-0.0334554574341	-0.061607296499	-0.0313917003899	-0.0577984069219	-0.010354258043	-0.0622183788916	-0.00296625150742	0.013225465303	-0.0145652422682	-0.0236018013574	-0.0425723354296	0.0192419651098	-0.00767997261776	0.0338121899141	-0.0272003103727	0.000357132453877	-0.00797664047962	-0.0444480496051	-0.0405736079972	0.00563723184407	0.024946993241	0.00835528356759	0.0439201020663	0.0501277107352	1.0	0.0856291797863	-0.0395223154091	-0.0627614967544	-0.0540566665075	0.0209123384713	-0.00545869662327	0.0521229079101	-0.0116674298378	0.0173340647846	0.00056975715615	-0.0142137306441	0.049841308714	0.0412595603096	-0.0211975033069	0.0490612374017	-0.033732045431	-0.0064326637289	-0.0539538038119	0.0696056549912	-0.0378854413623	-0.0730399499246	0.0157840387374	0.0178556944171	-0.044853335455	-0.0329656274297	-0.000540378510101	0.0228488711419	0.0412494649173	0.0578550511451
