#taxonomy	k__Bacteria;p__Bacteroidetes;c__Bacteroidia;o__Bacteroidales;f__Bacteroidaceae;g__Bacteroides;s__Bacteroides_vulgatus	k__Bacteria;p__Bacteroidetes;c__Bacteroidia;o__Bacteroidales;f__Bacteroidaceae;g__Bacteroides;s__Bacteroides_uniformis	k__Bacteria;p__Bacteroidetes;c__Bacteroidia;o__Bacteroidales;f__Rikenellaceae;g__Alistipes;s__Alistipes_putredinis	k__Bacteria;p__Bacteroidetes;c__Bacteroidia;o__Bacteroidales;f__Prevotellaceae;g__Prevotella;s__Prevotella_copri	k__Bacteria;p__Bacteroidetes;c__Bacteroidia;o__Bacteroidales;f__Bacteroidaceae;g__Bacteroides;s__Bacteroides_stercoris	k__Bacteria;p__Bacteroidetes;c__Bacteroidia;o__Bacteroidales;f__Bacteroidaceae;g__Bacteroides;s__Bacteroides_ovatus	k__Bacteria;p__Bacteroidetes;c__Bacteroidia;o__Bacteroidales;f__Rikenellaceae;g__Alistipes;s__Alistipes_shahii	k__Bacteria;p__Firmicutes;c__Clostridia;o__Clostridiales;f__Ruminococcaceae;g__Faecalibacterium;s__Faecalibacterium_prausnitzii	k__Bacteria;p__Bacteroidetes;c__Bacteroidia;o__Bacteroidales;f__Rikenellaceae;g__Alistipes;s__Alistipes_finegoldii	k__Bacteria;p__Bacteroidetes;c__Bacteroidia;o__Bacteroidales;f__Porphyromonadaceae;g__Parabacteroides;s__Parabacteroides_distasonis	k__Bacteria;p__Bacteroidetes;c__Bacteroidia;o__Bacteroidales;f__Bacteroidaceae;g__Bacteroides;s__Bacteroides_thetaiotaomicron	k__Bacteria;p__Bacteroidetes;c__Bacteroidia;o__Bacteroidales;f__Bacteroidaceae;g__Bacteroides;s__Bacteroides_coprocola	k__Bacteria;p__Bacteroidetes;c__Bacteroidia;o__Bacteroidales;f__Bacteroidaceae;g__Bacteroides;s__Bacteroides_cellulosilyticus	k__Bacteria;p__Bacteroidetes;c__Bacteroidia;o__Bacteroidales;f__Rikenellaceae;g__Alistipes;s__Alistipes_obesi	k__Bacteria;p__Firmicutes;c__Clostridia;o__Clostridiales;f__Lachnospiraceae;g__;s__[Eubacterium]_rectale	k__Bacteria;p__Bacteroidetes;c__Bacteroidia;o__Bacteroidales;f__Bacteroidaceae;g__Bacteroides;s__Bacteroides_plebeius	k__Bacteria;p__Bacteroidetes;c__Bacteroidia;o__Bacteroidales;f__Bacteroidaceae;g__Bacteroides;s__Bacteroides_fragilis	k__Bacteria;p__Proteobacteria;c__Betaproteobacteria;o__Burkholderiales;f__Sutterellaceae;g__Sutterella;s__Sutterella_wadsworthensis	k__Bacteria;p__Bacteroidetes;c__Bacteroidia;o__Bacteroidales;f__Porphyromonadaceae;g__Barnesiella;s__Barnesiella_intestinihominis	k__Bacteria;p__Bacteroidetes;c__Bacteroidia;o__Bacteroidales;f__Odoribacteraceae;g__Odoribacter;s__Odoribacter_splanchnicus	k__Bacteria;p__Bacteroidetes;c__Bacteroidia;o__Bacteroidales;f__Bacteroidaceae;g__Bacteroides;s__Bacteroides_salyersiae	k__Bacteria;p__Firmicutes;c__Clostridia;o__Clostridiales;f__Ruminococcaceae;g__Ruminiclostridium;s__[Eubacterium]_siraeum	k__Bacteria;p__Proteobacteria;c__Betaproteobacteria;o__Burkholderiales;f__Sutterellaceae;g__Parasutterella;s__Parasutterella_excrementihominis	k__Bacteria;p__Actinobacteria;c__Actinobacteria;o__Bifidobacteriales;f__Bifidobacteriaceae;g__Bifidobacterium;s__Bifidobacterium_adolescentis	k__Bacteria;p__Firmicutes;c__Clostridia;o__Clostridiales;f__Oscillospiraceae;g__Oscillibacter;s__Oscillibacter_sp._KLE_1745	k__Bacteria;p__Bacteroidetes;c__Bacteroidia;o__Bacteroidales;f__Bacteroidaceae;g__Bacteroides;s__Bacteroides_coprophilus	k__Bacteria;p__Firmicutes;c__Clostridia;o__Clostridiales;f__Lachnospiraceae;g__Roseburia;s__Roseburia_intestinalis	k__Bacteria;p__Firmicutes;c__Clostridia;o__Clostridiales;f__Lachnospiraceae;g__Roseburia;s__Roseburia_hominis	k__Bacteria;p__Bacteroidetes;c__Bacteroidia;o__Bacteroidales;f__Porphyromonadaceae;g__Parabacteroides;s__Parabacteroides_johnsonii	k__Bacteria;p__Actinobacteria;c__Actinobacteria;o__Bifidobacteriales;f__Bifidobacteriaceae;g__Bifidobacterium;s__Bifidobacterium_longum	k__Bacteria;p__Firmicutes;c__Clostridia;o__Clostridiales;f__;g__Flavonifractor;s__Flavonifractor_plautii	k__Bacteria;p__Firmicutes;c__Clostridia;o__Clostridiales;f__Clostridiaceae;g__Clostridium;s__Clostridium_phoceensis	k__Bacteria;p__Verrucomicrobia;c__Verrucomicrobiae;o__Verrucomicrobiales;f__Akkermansiaceae;g__Akkermansia;s__Akkermansia_muciniphila	k__Bacteria;p__Bacteroidetes;c__Bacteroidia;o__Bacteroidales;f__Prevotellaceae;g__Paraprevotella;s__Paraprevotella_xylaniphila	k__Bacteria;p__Firmicutes;c__Clostridia;o__Clostridiales;f__Ruminococcaceae;g__Ruminococcus;s__Ruminococcus_callidus	k__Bacteria;p__Bacteroidetes;c__Bacteroidia;o__Bacteroidales;f__Rikenellaceae;g__Alistipes;s__Alistipes_senegalensis	k__Bacteria;p__Firmicutes;c__Clostridia;o__Clostridiales;f__Lachnospiraceae;g__Blautia;s__Blautia_sp._KLE_1732	k__Bacteria;p__Bacteroidetes;c__Bacteroidia;o__Bacteroidales;f__Bacteroidaceae;g__Bacteroides;s__Bacteroides_oleiciplenus	k__Bacteria;p__Firmicutes;c__Clostridia;o__Clostridiales;f__Ruminococcaceae;g__Ruminococcus;s__Ruminococcus_bicirculans	k__Bacteria;p__Bacteroidetes;c__Bacteroidia;o__Bacteroidales;f__Bacteroidaceae;g__Bacteroides;s__Bacteroides_fluxus	k__Bacteria;p__Bacteroidetes;c__Bacteroidia;o__Bacteroidales;f__Prevotellaceae;g__Prevotella;s__Prevotella_stercorea	k__Bacteria;p__Firmicutes;c__Clostridia;o__Clostridiales;f__Lachnospiraceae;g__Dorea;s__Dorea_longicatena	k__Bacteria;p__Firmicutes;c__Clostridia;o__Clostridiales;f__Eubacteriaceae;g__Eubacterium;s__[Eubacterium]_eligens	k__Bacteria;p__Firmicutes;c__Clostridia;o__Clostridiales;f__Ruminococcaceae;g__;s__Ruminococcaceae_bacterium_D16	k__Bacteria;p__Firmicutes;c__Clostridia;o__Clostridiales;f__Lachnospiraceae;g__Coprococcus;s__Coprococcus_comes	k__Bacteria;p__Proteobacteria;c__Gammaproteobacteria;o__Enterobacterales;f__Enterobacteriaceae;g__Escherichia;s__Escherichia_coli	k__Bacteria;p__Firmicutes;c__Clostridia;o__Clostridiales;f__Ruminococcaceae;g__Anaerotruncus;s__Anaerotruncus_colihominis	k__Bacteria;p__Firmicutes;c__Clostridia;o__Clostridiales;f__Lachnospiraceae;g__Blautia;s__Blautia_obeum	k__Bacteria;p__Bacteroidetes;c__Bacteroidia;o__Bacteroidales;f__Odoribacteraceae;g__Odoribacter;s__Odoribacter_laneus	k__Bacteria;p__Firmicutes;c__Clostridia;o__Clostridiales;f__Ruminococcaceae;g__Ruminiclostridium;s__[Clostridium]_leptum	k__Bacteria;p__Bacteroidetes;c__Bacteroidia;o__Bacteroidales;f__Porphyromonadaceae;g__Parabacteroides;s__Parabacteroides_goldsteinii	k__Bacteria;p__Firmicutes;c__Clostridia;o__Clostridiales;f__Lachnospiraceae;g__Anaerostipes;s__Anaerostipes_hadrus	k__Bacteria;p__Firmicutes;c__Clostridia;o__Clostridiales;f__Ruminococcaceae;g__Ruminococcus;s__Ruminococcus_lactaris	k__Bacteria;p__Firmicutes;c__Clostridia;o__Clostridiales;f__Clostridiaceae;g__Clostridium;s__Clostridium_sp._L2-50	k__Bacteria;p__Firmicutes;c__Clostridia;o__Clostridiales;f__Clostridiaceae;g__Clostridium;s__Clostridium_sp._M62/1	k__Bacteria;p__Firmicutes;c__Clostridia;o__Clostridiales;f__;g__Intestinimonas;s__Intestinimonas_butyriciproducens	k__Bacteria;p__Actinobacteria;c__Actinobacteria;o__Bifidobacteriales;f__Bifidobacteriaceae;g__Bifidobacterium;s__Bifidobacterium_bifidum	k__Bacteria;p__Firmicutes;c__Negativicutes;o__Veillonellales;f__Veillonellaceae;g__Dialister;s__Dialister_invisus	k__Bacteria;p__Bacteroidetes;c__Bacteroidia;o__Bacteroidales;f__Bacteroidaceae;g__Bacteroides;s__Bacteroides_salanitronis
k__Bacteria;p__Bacteroidetes;c__Bacteroidia;o__Bacteroidales;f__Bacteroidaceae;g__Bacteroides;s__Bacteroides_vulgatus	1.0	0.004753974364	-0.0479936575802	0.0694664532744	-0.000338913956979	0.0493531656007	-0.0108997853603	0.0106272378917	0.0115851607553	-0.00480183163449	-0.00846462142649	-0.0560315053628	0.0115905289296	-0.0229494294252	-0.0056004855169	-0.0247898265322	-0.00745787894347	0.0354301152505	-0.029689970495	0.016850674925	0.0362530500341	-0.0264895465645	-0.0234063575887	-0.0175543310927	0.0531681196228	0.0428284383624	-0.0200921809066	-0.0565403945464	0.0160358290993	-0.0415412504045	-0.000593763917666	0.0121838734158	-0.00706196336881	0.0356713861505	0.031639134095	0.00701926899252	-0.0523356181413	-0.0307350199189	-0.0461279880705	0.065205565973	-0.00503989164474	-0.0749963165776	-0.0476471547363	0.018915412155	0.0140110490539	0.0423612789402	-0.00936534907357	0.0167754525353	-0.00598930125791	0.00763988595893	-0.0309109391074	0.0188798496432	-0.020429537986	-0.0205125897476	0.0396319159065	-0.0510072271178	0.011788556758	-0.0213387133122	-0.0494442379047
k__Bacteria;p__Bacteroidetes;c__Bacteroidia;o__Bacteroidales;f__Bacteroidaceae;g__Bacteroides;s__Bacteroides_uniformis	0.004753974364	1.0	-0.0259571951513	0.00091993381787	-0.0028221010679	-0.0461356321815	0.0368461578823	0.00618095854454	0.0026372754621	-0.00584743960141	0.0307064769872	0.0336441540897	-0.00171873753434	-0.0364634906056	-0.0114347731823	0.0158453504518	-0.0232814952884	-0.00555635716352	-0.00500134645721	0.0347912411273	-0.0259214432818	-0.0150966171168	-0.0615775216973	0.0115481331989	-0.068040412209	0.0163199087734	0.00812886935154	-0.0134558231674	-0.010143042251	-0.0452780570352	-0.0474700218896	-0.0229940784549	0.00230794866122	0.0314693728904	-0.0142919243191	0.0347349916302	0.0207613824588	-0.0137428263208	0.000260720473774	-0.0182532050906	0.0287129414423	0.0345165547461	-0.0487227633144	0.0133411921793	-0.00739720270171	-0.000781229230935	-0.00594415719328	0.00595075464498	-0.0281142070678	0.0137810111608	0.0164040033512	-0.0297973658099	-0.0359776320097	-0.0104818495551	0.0453938686677	0.0115754707257	0.00865312808624	0.0167663277066	-0.0128189543544
k__Bacteria;p__Bacteroidetes;c__Bacteroidia;o__Bacteroidales;f__Rikenellaceae;g__Alistipes;s__Alistipes_putredinis	-0.0479936575802	-0.0259571951513	1.0	0.0751691149137	0.0302892027866	-0.0726480642355	-0.0447399334224	0.0725823710712	0.00847548143514	-0.0707779113523	-0.0165783325817	-0.00371608393282	0.0787034356998	-0.000160764692719	0.0531352603377	-0.0271771060978	-0.037310130699	-0.0275731436459	-0.00886105694882	-0.00747761840117	-0.00290026767331	-0.0667723105214	-0.0192545363629	0.0162673215157	-0.00939166438503	-0.0183293854224	-0.0251867999475	0.0272759709027	0.0157323744175	0.0128779369997	5.49671953853e-05	-0.0233011321416	0.000433592686716	-0.00079286376153	0.0297314070161	-0.0797529585894	0.0495951668843	0.0393580022795	-0.0136364478025	-0.00417298939851	-0.00806919270368	0.0302301705411	0.0147462597356	-0.04686820162	-0.0199497264414	-0.0152612948929	-0.0144537157562	-0.00657667685597	0.0264279852866	0.00668423722416	0.0133993506747	-0.0382052329833	0.060310881752	-0.0194716346232	-0.0291617156613	-0.0215126807632	-0.0146068342556	-0.0198451781577	0.0270866531267
k__Bacteria;p__Bacteroidetes;c__Bacteroidia;o__Bacteroidales;f__Prevotellaceae;g__Prevotella;s__Prevotella_copri	0.0694664532744	0.00091993381787	0.0751691149137	1.0	-0.0405905415397	-0.027891919231	-0.014955253164	0.00202116623097	-0.027535543123	-0.0211200719034	0.0562879592822	-0.000860620699249	-0.00755002077597	0.0122406685647	0.00380256324422	-0.00203982505552	-0.0174463210838	-0.0164417986331	0.0484002900593	-0.0179065746693	0.0152830176879	-0.00421651692712	0.0491685373814	0.0206108183581	-0.0132224000465	-0.020553733954	0.0455980730666	0.0119714942166	-0.0332320442186	-0.0441394261797	-0.0413458695217	0.00932685594831	0.0333631194714	-0.00586621788875	-0.0240774450707	-0.00949481709582	-0.00618159994159	-0.0172781985288	0.0317792388222	-0.0479333135414	-0.0166078075372	0.0120851575014	0.0304464113798	0.00642670322446	-0.00723389890563	-0.0167345469253	0.00824814669844	0.0103095410094	-0.056176159168	-0.0488389032239	0.0135301802468	0.0112392228131	0.00656724149472	0.0209391638884	0.0357684194162	0.00744992822914	-0.00252744146029	0.0172333896127	-0.0179871342213
k__Bacteria;p__Bacteroidetes;c__Bacteroidia;o__Bacteroidales;f__Bacteroidaceae;g__Bacteroides;s__Bacteroides_stercoris	-0.000338913956979	-0.0028221010679	0.0302892027866	-0.0405905415397	1.0	-0.0294511006389	-0.0400684862412	0.0406751366276	0.0355635178701	0.0403926241747	0.0715874325587	-0.0286481253881	0.0157871857293	0.0166428976291	-0.00586591777067	-0.0446386569942	-0.00867380028448	0.00255302392941	-0.0501435222887	0.0479565014134	-0.00216565808387	0.0297937967761	0.0532660772165	-0.0364314569026	-0.0559471908054	-0.0305841831442	-0.0223181700989	-0.0385455752207	-0.0080894692878	-0.00091265102588	-0.025772641447	-0.0118691564646	0.00715596986507	-0.0245356761026	0.000909112686344	-0.0762968381963	0.027112068074	-0.00115372158229	0.0113887766091	0.000742650697188	-0.000409024323047	-0.0258873195467	0.0412723355589	0.0406419433183	-0.01893520112	-0.0288223651234	0.0194268298746	-0.0141093947019	-0.0464536379328	-0.0531868741909	-0.000634414388542	0.0339150647343	0.0124474408063	0.00270304887895	0.01025321336	-0.0177786046927	0.00277047855172	0.0633562702009	-0.0119584559643
k__Bacteria;p__Bacteroidetes;c__Bacteroidia;o__Bacteroidales;f__Bacteroidaceae;g__Bacteroides;s__Bacteroides_ovatus	0.0493531656007	-0.0461356321815	-0.0726480642355	-0.027891919231	-0.0294511006389	1.0	-0.0431355982554	0.0171416673162	-0.00119923990973	-0.00123255692243	-0.0353108562916	0.0276573636626	0.0235336453303	-0.0310019130643	0.0354999178497	0.0404012032474	0.0344784499254	0.00590840513203	-0.049878271303	-0.0622383244904	-0.00457924515288	0.0302244579686	-0.00631790913617	-0.00871112043539	0.011592269818	-0.000198515297447	0.00249107386643	-0.0194517159798	0.0201885380819	-0.000852262956245	-0.0158153347109	0.0178754402487	-0.0350891946739	0.0233776748075	-0.02296733358	-0.0123095232405	-0.0171816455141	-0.0368841132554	-0.000382598032921	-0.00155822220809	-0.0276491569068	0.0239872336286	0.00868732486221	-0.00440246566831	-0.0244433131601	0.0903134696116	-0.0123389800573	0.021164505198	0.0374663226661	-0.0254334269594	-0.00595781644254	0.0259202279243	-0.027012343498	0.0126134402057	0.0482242621578	0.00990230659982	-0.0458870284427	-0.0157043391503	0.0104240071301
k__Bacteria;p__Bacteroidetes;c__Bacteroidia;o__Bacteroidales;f__Rikenellaceae;g__Alistipes;s__Alistipes_shahii	-0.0108997853603	0.0368461578823	-0.0447399334224	-0.014955253164	-0.0400684862412	-0.0431355982554	1.0	-0.0217804100485	0.0218929052034	0.00923941528329	-0.0471835461353	0.0326682724549	0.0118886034948	-0.00222701381075	0.0685323919887	-0.0584005947419	0.0312597006634	-0.0127832227104	-0.0553427061897	-0.11815880374	0.0158768679037	0.000873931705461	-0.00841626373092	-0.0516005436813	-0.00143765626301	0.0189296719277	-0.045079687908	0.039574468491	0.0210173730024	-0.0114047613499	-0.00701218475074	-0.0188324045665	-0.0396134362978	-0.01372447392	-0.0203151102622	-0.0494971977338	0.0145487095036	0.00223076701857	0.00139485753552	-0.00452168483336	-0.000326200829122	-0.00367440645476	0.0255208555226	-0.0503995314417	-0.022759662648	-0.00526703524713	-0.0218707229537	-0.0128039590549	-0.0193002359552	0.0100364725886	-0.0166116946792	-0.0270044645262	0.0502391876378	0.0708156228343	-0.0067121668974	-0.0195513976717	-0.0627401337552	0.0791274680082	-0.0265958964202
k__Bacteria;p__Firmicutes;c__Clostridia;o__Clostridiales;f__Ruminococcaceae;g__Faecalibacterium;s__Faecalibacterium_prausnitzii	0.0106272378917	0.00618095854454	0.0725823710712	0.00202116623097	0.0406751366276	0.0171416673162	-0.0217804100485	1.0	-0.0183032932619	-0.0125028203918	-0.0561095568556	0.0534125669302	0.0161145243696	0.0230929558027	-0.0424477750201	-0.0147143396679	-0.0437001076265	-0.0295662494546	-0.0193605526632	-0.0277326910585	-0.0269134361393	0.018642602556	-0.00730871941742	0.024011941642	-0.01710385245	0.0208082112076	-0.0531182979602	0.0101625175724	-0.0142907558564	-0.0993785242599	-0.00559409884285	0.0120886517167	-0.0216848375971	0.0027544792708	0.0439539310504	0.0131009931145	-0.0527884961649	-0.0552947981012	-0.00368772886042	0.00621948280067	-0.00909916826774	0.0185913160517	-0.0322979615457	0.0828505661739	-0.0108481321987	0.00738763641781	0.0510860146042	0.00792923425188	-0.0185220287017	-0.0074632703324	0.0883046549467	-0.0240594914271	-0.0305504941251	-0.0162745072782	-0.00295070056366	-0.00644708564475	0.0437798330436	-0.0298783501672	0.0455075411115
k__Bacteria;p__Bacteroidetes;c__Bacteroidia;o__Bacteroidales;f__Rikenellaceae;g__Alistipes;s__Alistipes_finegoldii	0.0115851607553	0.0026372754621	0.00847548143514	-0.027535543123	0.0355635178701	-0.00119923990973	0.0218929052034	-0.0183032932619	1.0	-0.0360110825122	-0.00172467920789	-0.00381041472035	0.0214670536425	-0.0128123837108	-0.0151493041915	-0.0108425901373	-0.0223995661496	-0.0552182380492	-0.0191604425953	-0.0331871660288	-0.00408265620203	0.00112872163663	0.00804450610286	-0.0402526485945	-0.00136365622434	0.0616482373328	0.0234190787557	0.0113366113026	0.0410411278626	0.024085324275	0.0446729565262	-0.0312356802763	-0.000334580827594	-0.00858618764515	-0.0313651092808	-0.0732796171778	-0.019652680534	0.0528212244556	-0.0255471584616	0.0407743819752	-0.0123079927437	0.0234081137844	-0.00590812994894	-0.0785233243248	-0.0179207512346	-0.0403848344683	-0.0530203013224	0.0265983222889	-0.0126114401334	-0.0527435091331	0.020240502323	-0.011475607937	-0.0123325289361	0.0064574784884	-0.0144022008399	0.019237020098	0.00427993984135	0.0307914016059	-0.0563904647881
k__Bacteria;p__Bacteroidetes;c__Bacteroidia;o__Bacteroidales;f__Porphyromonadaceae;g__Parabacteroides;s__Parabacteroides_distasonis	-0.00480183163449	-0.00584743960141	-0.0707779113523	-0.0211200719034	0.0403926241747	-0.00123255692243	0.00923941528329	-0.0125028203918	-0.0360110825122	1.0	0.00706977259271	-0.0282114480848	0.00941520359794	0.0281749312097	0.0301267992901	-0.00701071171593	-0.0226162100629	0.0154950176178	0.0360318767533	0.00623927397777	-0.035451642335	-0.0312282034278	-0.0728435705937	-0.0305001332624	-0.0141955809413	-0.0338745929938	-0.0562125694818	-0.0579839050968	0.018614241669	-0.0372729111486	-0.0243786991864	-0.0146221315005	0.000603890482778	0.0360953004405	-0.063451417661	-0.00364402403465	0.0209216092263	0.00935004960654	0.0100853372707	0.020907858132	-0.0077571171393	-0.0173258542321	-0.0156341424407	0.0112010321863	0.0172466760369	0.0591749890693	0.0190776298744	0.032414144619	0.00279689295076	0.00219214968606	-0.0334592986082	-0.00634353877493	-0.050251234851	0.0328872855454	-0.064068785659	-0.00205165967213	-0.00727104991221	0.00327062126711	-0.0258923651833
k__Bacteria;p__Bacteroidetes;c__Bacteroidia;o__Bacteroidales;f__Bacteroidaceae;g__Bacteroides;s__Bacteroides_thetaiotaomicron	-0.00846462142649	0.0307064769872	-0.0165783325817	0.0562879592822	0.0715874325587	-0.0353108562916	-0.0471835461353	-0.0561095568556	-0.00172467920789	0.00706977259271	1.0	-0.0425757164563	0.0186093960256	-0.0177863581914	-0.0328628970492	-0.00508388804924	-0.045539917622	-0.00350430015164	0.0376884628614	0.0170188788167	-0.0148426350431	0.00931779256434	-0.042170766009	0.0411195530087	-0.0748192798124	-0.0177494838075	0.0150191283041	-0.0135830661324	-0.0221599284062	-0.0206869037879	0.0676945567042	0.0412314109915	0.0173884055885	0.00570814259573	-0.031535077803	-0.0374898703133	0.00633454052594	0.0181526479057	-0.0100696050356	-0.0571349466719	0.0161015102224	-0.0466131540388	-0.0418955434835	-0.0155197657526	0.0196185686155	0.00203737335853	-0.0344376457757	-0.00539979522338	0.029677404893	0.0639887351969	-0.0146916325955	0.0270279901733	0.0487980981632	0.0144210684419	0.0334227432411	-0.0143280657707	0.00712252038691	0.00953440898469	-0.0289033054995
k__Bacteria;p__Bacteroidetes;c__Bacteroidia;o__Bacteroidales;f__Bacteroidaceae;g__Bacteroides;s__Bacteroides_coprocola	-0.0560315053628	0.0336441540897	-0.00371608393282	-0.000860620699249	-0.0286481253881	0.0276573636626	0.0326682724549	0.0534125669302	-0.00381041472035	-0.0282114480848	-0.0425757164563	1.0	0.010528088594	-0.029211301948	0.0093614768391	-0.0110551954961	-0.027735628733	0.0159568420923	0.0356517251866	-0.0342460357552	-0.0151492783113	-0.00814642327249	-0.0334704904828	0.0290742510871	-0.0153358079112	0.0640392138053	0.0207758710658	0.0200945546156	0.0173897405332	0.0175631576971	0.0466033831591	-0.00819292783158	-0.0180559044132	0.0107298311845	-0.0234315456086	-0.0752783416165	0.0123693692361	-0.0103649306877	-0.00262171066566	-0.0658593156432	0.0424908022617	-0.00144648707197	-0.01342724352	0.0232976057473	-0.00784502410139	-0.0120293441923	-0.043839117819	-0.0323947606389	0.024869025066	0.0220193842425	-0.000468700290603	-0.019978092022	0.00212392711331	0.0325993155345	-0.0240319039939	-0.0149060092219	-8.28778923747e-05	0.0343041458764	-0.0113992991618
k__Bacteria;p__Bacteroidetes;c__Bacteroidia;o__Bacteroidales;f__Bacteroidaceae;g__Bacteroides;s__Bacteroides_cellulosilyticus	0.0115905289296	-0.00171873753434	0.0787034356998	-0.00755002077597	0.0157871857293	0.0235336453303	0.0118886034948	0.0161145243696	0.0214670536425	0.00941520359794	0.0186093960256	0.010528088594	1.0	-0.0355064754539	-0.00708537339089	0.0138550584823	0.0135382205435	-0.041543625796	0.015469780575	-0.0789254391221	-0.00196408846438	-0.0069535582314	0.0175488141078	0.00891284348532	-0.0267034800726	-0.0124814667454	-0.0200522217847	0.0349145857406	-0.0360610742222	0.0459004465341	-0.0265634775141	-0.027933938582	0.0110065376569	-0.0174900843687	-0.00241447265401	-0.0271776194537	0.0273882346493	0.0304768684119	-0.0388953067014	0.0555377830603	0.019412974558	-0.043271954183	0.0126267545966	0.0409989986773	-0.0375885164936	-0.00425679235142	-0.00796428730479	-0.00353798371093	-0.063013323019	-0.00263647160883	0.0166908446653	-0.0502795044511	0.0193496383044	0.0270801118966	-0.0346035746286	0.0249139261821	-0.045815812996	-0.0470273174938	-0.0146440427732
k__Bacteria;p__Bacteroidetes;c__Bacteroidia;o__Bacteroidales;f__Rikenellaceae;g__Alistipes;s__Alistipes_obesi	-0.0229494294252	-0.0364634906056	-0.000160764692719	0.0122406685647	0.0166428976291	-0.0310019130643	-0.00222701381075	0.0230929558027	-0.0128123837108	0.0281749312097	-0.0177863581914	-0.029211301948	-0.0355064754539	1.0	-0.0777950870096	-0.00981819912466	0.0245510776203	0.0234791419704	0.0397021557353	-0.00271010483642	-0.00811962214427	0.00735767260811	-0.0291216309657	-0.0160944469012	-0.0316432377273	-0.0205242244592	-0.0426525579753	-0.0103575595659	0.00240052563716	-0.0294313403336	0.0274696726431	0.000427240915756	-0.00404318705862	-0.0238287809931	0.0293328248456	0.00766138858986	0.0410852967392	-0.0244072998823	0.0414242161161	-0.00610226049089	0.0176647875792	0.0174645784174	0.0182079172319	-0.0302315159015	-0.0168907396993	-0.0131764006199	0.0310089755224	-0.0355282011011	-9.9719285635e-05	0.00540876422138	0.0139708063925	0.0343363936087	-0.0330627782463	-0.00861217372177	0.0353252968674	0.00243530439355	0.00399450191765	0.0331981923132	0.0334154253255
k__Bacteria;p__Firmicutes;c__Clostridia;o__Clostridiales;f__Lachnospiraceae;g__;s__[Eubacterium]_rectale	-0.0056004855169	-0.0114347731823	0.0531352603377	0.00380256324422	-0.00586591777067	0.0354999178497	0.0685323919887	-0.0424477750201	-0.0151493041915	0.0301267992901	-0.0328628970492	0.0093614768391	-0.00708537339089	-0.0777950870096	1.0	0.00825980934893	-0.012757528272	-0.0372023934624	0.00591994691828	0.0100629907233	-0.0687534470724	-0.013387582998	0.00258681105751	-0.0915228610942	0.00291475265151	0.0146856460009	0.0129605782939	-0.0116080467749	0.026845915082	0.0516770218662	0.0355479187228	-0.0121760596602	-0.0237360570612	-0.000553741419546	0.0125038016601	0.00849177393098	0.0636582576386	-0.0274485181995	-0.0181539489737	-0.00542579346663	-0.0595349132459	0.00614302191982	-0.0365392787644	-0.00801065054311	0.00607090082894	0.0447636029919	0.00157382183411	0.00915014131219	-0.0191286978804	-0.013650832398	-0.0539765550786	-0.0622966290065	-0.0173701198274	-0.029029654641	-0.00609112378153	-0.0263958868505	-0.0113059255591	0.00922987425424	-0.00107586999525
k__Bacteria;p__Bacteroidetes;c__Bacteroidia;o__Bacteroidales;f__Bacteroidaceae;g__Bacteroides;s__Bacteroides_plebeius	-0.0247898265322	0.0158453504518	-0.0271771060978	-0.00203982505552	-0.0446386569942	0.0404012032474	-0.0584005947419	-0.0147143396679	-0.0108425901373	-0.00701071171593	-0.00508388804924	-0.0110551954961	0.0138550584823	-0.00981819912466	0.00825980934893	1.0	0.00110421083662	0.0180470504452	0.00879541216742	-0.00655807563286	0.0137704581932	0.0039003912945	-0.0138855855908	-0.0312035999204	0.0483263096001	-0.0378889835048	-0.0568653476884	-0.0101417987246	0.0500504278972	-0.0245540289609	0.0338850209945	0.0477698360928	-0.0210263167929	-0.0134343955745	-0.0137081339879	-0.0637189795151	-0.00414863065238	-0.0304241801471	-0.0196742967835	-0.0361007324818	0.0423209355107	0.0358463690915	-0.023424000009	0.00492331452314	-0.0424293024047	-0.0218544457922	0.0285035376928	0.00342765864776	0.0525838041992	-0.0390891561727	-0.0349705346394	-0.0240666264454	0.0315601633831	0.0229919837071	0.00163221927891	0.0366367690018	-0.0278799906243	0.0154332149359	0.0277174467191
k__Bacteria;p__Bacteroidetes;c__Bacteroidia;o__Bacteroidales;f__Bacteroidaceae;g__Bacteroides;s__Bacteroides_fragilis	-0.00745787894347	-0.0232814952884	-0.037310130699	-0.0174463210838	-0.00867380028448	0.0344784499254	0.0312597006634	-0.0437001076265	-0.0223995661496	-0.0226162100629	-0.045539917622	-0.027735628733	0.0135382205435	0.0245510776203	-0.012757528272	0.00110421083662	1.0	-0.0333286776539	0.0191243264768	-0.016916325286	-0.035725719482	0.00202131578986	-0.0393307539261	-0.0143148502005	0.0372024199981	-0.0405918661704	0.0449869803703	0.05388246639	0.000418372181594	-0.0248028122354	-0.0208596085436	-0.00281490671549	-0.061947077718	0.00734554590777	-0.0158038523757	-0.0296951584227	-0.00165147642912	0.000125392474219	0.0113878235236	0.0341334491691	-0.0133493164842	-0.0177559221535	0.0342746635109	0.0413058845286	-0.0334522624336	0.0226166197892	0.0489919674169	-0.0546430720892	-0.014027408114	-0.0331779723614	0.000524738648961	0.0280152810651	0.0183049699535	-0.0356047323411	-0.0906965521907	-0.0290327265243	-0.0365205303883	-0.000348583095636	0.00223578391942
k__Bacteria;p__Proteobacteria;c__Betaproteobacteria;o__Burkholderiales;f__Sutterellaceae;g__Sutterella;s__Sutterella_wadsworthensis	0.0354301152505	-0.00555635716352	-0.0275731436459	-0.0164417986331	0.00255302392941	0.00590840513203	-0.0127832227104	-0.0295662494546	-0.0552182380492	0.0154950176178	-0.00350430015164	0.0159568420923	-0.041543625796	0.0234791419704	-0.0372023934624	0.0180470504452	-0.0333286776539	1.0	-0.00307219153075	-0.0174187869287	-0.0324365609683	-0.0532289250524	0.0389567727964	0.0150926671297	0.0132985424272	0.0260746430936	0.0165885805472	-0.048497984459	0.0182898009866	-0.0538872733909	0.0268631385954	-0.0368954641582	0.0485585482451	-0.00834293045574	0.00551448533031	-0.00570816581015	-0.0327612955751	0.00527909840239	0.00387418650674	0.0710206974139	0.0090242157145	-0.0212996975842	-0.0350691398731	-0.0348220524046	0.0133758873793	0.0293046257271	0.0274219892734	-4.05496694923e-05	0.0252342094604	-0.0316179498405	0.0418357852091	0.0326118009767	0.0155254104589	-0.0145245420493	-0.0147571774071	-0.0372668679039	0.00162615478728	0.0152179010502	0.00172143328216
k__Bacteria;p__Bacteroidetes;c__Bacteroidia;o__Bacteroidales;f__Porphyromonadaceae;g__Barnesiella;s__Barnesiella_intestinihominis	-0.029689970495	-0.00500134645721	-0.00886105694882	0.0484002900593	-0.0501435222887	-0.049878271303	-0.0553427061897	-0.0193605526632	-0.0191604425953	0.0360318767533	0.0376884628614	0.0356517251866	0.015469780575	0.0397021557353	0.00591994691828	0.00879541216742	0.0191243264768	-0.00307219153075	1.0	-0.0422110279521	-0.0301802045539	0.0561551421676	0.0208912980699	-0.0399484485919	-0.0580139651164	0.0206887098756	0.0426074054627	-0.018774489139	0.0148156259308	0.0138789462793	-0.0053604070517	-0.00970651238338	-0.0122644502305	-0.0594114650585	-0.0377965774803	0.0039230773888	-0.0525429873871	-0.0494303587862	0.0496106926908	0.0421520833306	-0.0536015284247	-0.028365823773	-0.0404070183587	-0.0194373379836	-0.0364701520505	0.00284952022245	0.0282020347593	0.01785987907	0.00567704186856	0.0303127451063	0.0176895097699	-0.000142715280342	0.000236663915852	-0.071735547215	-0.0151776278817	0.0390948827019	0.0144093460255	-0.00862972039996	0.00171969199417
k__Bacteria;p__Bacteroidetes;c__Bacteroidia;o__Bacteroidales;f__Odoribacteraceae;g__Odoribacter;s__Odoribacter_splanchnicus	0.016850674925	0.0347912411273	-0.00747761840117	-0.0179065746693	0.0479565014134	-0.0622383244904	-0.11815880374	-0.0277326910585	-0.0331871660288	0.00623927397777	0.0170188788167	-0.0342460357552	-0.0789254391221	-0.00271010483642	0.0100629907233	-0.00655807563286	-0.016916325286	-0.0174187869287	-0.0422110279521	1.0	-0.0344721515096	5.3803380863e-05	-0.0356749622703	0.0149646192668	-0.00347535086522	0.0144856934711	-0.0784250841267	0.0253814433567	-0.0201780664147	0.00789113036729	-0.0157647151731	0.0187380316596	-0.00926771345066	0.00454908681552	-0.0798348775719	-0.0219750325273	0.0186323646344	-0.00281283282337	-0.0131637981733	-0.0187426864069	0.0125019114947	0.0234041296916	0.00243000866415	-0.0230953679518	0.0167246039337	-0.0112119082791	0.0371851887002	0.0340344953733	-0.0586219430112	-0.0274622800787	0.0163668266796	0.0151379933332	0.0705983419165	0.00661224484674	-0.0354672215707	-0.0367052154308	0.00804698126044	0.0268354585566	0.00106915543216
k__Bacteria;p__Bacteroidetes;c__Bacteroidia;o__Bacteroidales;f__Bacteroidaceae;g__Bacteroides;s__Bacteroides_salyersiae	0.0362530500341	-0.0259214432818	-0.00290026767331	0.0152830176879	-0.00216565808387	-0.00457924515288	0.0158768679037	-0.0269134361393	-0.00408265620203	-0.035451642335	-0.0148426350431	-0.0151492783113	-0.00196408846438	-0.00811962214427	-0.0687534470724	0.0137704581932	-0.035725719482	-0.0324365609683	-0.0301802045539	-0.0344721515096	1.0	0.0210425341065	-0.0117441533839	0.025126362407	0.0332611837202	0.0611848806112	0.00217664449094	-0.0135359856433	0.00299401916471	0.0239197159458	-0.01150229401	-0.0443780974323	0.0384961121601	-0.0469345052718	0.0374589930853	0.0394459712311	0.00629960039294	-0.0562652936939	-0.0232914368759	-0.0187369500043	-0.0151091593838	-0.0217715759953	-0.0397567046823	-0.00237794428146	-0.0281749441757	0.0463266959429	0.0417986869633	-0.0401862126423	0.0473129398757	-0.0422861724025	0.0223146405491	0.0215953154939	0.0210812648145	-0.0184150019109	-0.0371412858037	-0.0115879245261	-0.0515986051169	0.00417452391197	-0.0277213371052
k__Bacteria;p__Firmicutes;c__Clostridia;o__Clostridiales;f__Ruminococcaceae;g__Ruminiclostridium;s__[Eubacterium]_siraeum	-0.0264895465645	-0.0150966171168	-0.0667723105214	-0.00421651692712	0.0297937967761	0.0302244579686	0.000873931705461	0.018642602556	0.00112872163663	-0.0312282034278	0.00931779256434	-0.00814642327249	-0.0069535582314	0.00735767260811	-0.013387582998	0.0039003912945	0.00202131578986	-0.0532289250524	0.0561551421676	5.3803380863e-05	0.0210425341065	1.0	-0.015750313899	0.0394041274174	-0.0435083751483	0.00777595855856	-0.0564317376759	-0.0559652711718	-0.0525594776736	-0.011535778689	-0.0399463626751	-0.0120025195655	-0.00319084623342	0.00586276363837	-0.0358812770107	-0.0172335894568	-0.0343639863652	0.00726334013777	-0.00106870351514	-0.071339674108	-0.0147946396207	-0.0658864841251	-0.0245264300889	0.0115813821191	0.00601515468615	0.0214272309033	-0.0354624393806	0.00909843688081	0.0266990370972	-0.0021984084678	-0.0111213511061	0.0156996507169	-0.0118680941917	0.0272699322206	-0.0337050841054	0.0348970172813	0.0464479168145	0.00996591640891	-0.0628682715054
k__Bacteria;p__Proteobacteria;c__Betaproteobacteria;o__Burkholderiales;f__Sutterellaceae;g__Parasutterella;s__Parasutterella_excrementihominis	-0.0234063575887	-0.0615775216973	-0.0192545363629	0.0491685373814	0.0532660772165	-0.00631790913617	-0.00841626373092	-0.00730871941742	0.00804450610286	-0.0728435705937	-0.042170766009	-0.0334704904828	0.0175488141078	-0.0291216309657	0.00258681105751	-0.0138855855908	-0.0393307539261	0.0389567727964	0.0208912980699	-0.0356749622703	-0.0117441533839	-0.015750313899	1.0	0.039674963184	0.0216513801734	-0.0164815136673	0.0412370669219	-0.0242138804346	-0.0543370906714	-0.0452736121756	-0.0210127217917	-0.0139731458029	0.0327610480628	-0.0478921623239	0.00399240736527	-0.0172886807767	0.0347555694477	-0.0649459303236	-0.0117042064014	0.00504378839192	-0.0104236006288	0.00915241798747	0.0446560164049	-0.00363739080044	0.0224857143694	-0.0166043497366	0.0179068888159	-0.0419202150021	-0.00146691162929	0.00184745977136	0.0127103264651	-0.0191161185865	-0.0239161076131	-0.0201527847207	0.00079922555982	-0.0157622863532	0.0193106107078	-0.0076922047096	0.0075792224259
k__Bacteria;p__Actinobacteria;c__Actinobacteria;o__Bifidobacteriales;f__Bifidobacteriaceae;g__Bifidobacterium;s__Bifidobacterium_adolescentis	-0.0175543310927	0.0115481331989	0.0162673215157	0.0206108183581	-0.0364314569026	-0.00871112043539	-0.0516005436813	0.024011941642	-0.0402526485945	-0.0305001332624	0.0411195530087	0.0290742510871	0.00891284348532	-0.0160944469012	-0.0915228610942	-0.0312035999204	-0.0143148502005	0.0150926671297	-0.0399484485919	0.0149646192668	0.025126362407	0.0394041274174	0.039674963184	1.0	-0.0611719069541	-0.0454024272292	-0.0521126159754	-0.047220059974	-0.00264615998178	0.00136658849771	-0.00352010426455	-0.0332586787384	0.0353264106994	-0.000808495356413	-0.0272292342742	0.0563216734875	0.0432412503523	-0.00602757797959	-0.0382867759732	-0.0456713321316	0.0267881917979	-0.00484337084606	0.00748912048653	-0.00627931697807	-0.0674212483203	-0.0390736323454	-0.0370720128714	-0.00335214628634	0.00866803334512	0.0300405634724	-0.00682037290707	0.0485994409585	0.00463124906113	0.0160757876545	0.0130200993108	0.0103225684963	-0.0463940117435	-0.0490727145106	0.0588411640243
k__Bacteria;p__Firmicutes;c__Clostridia;o__Clostridiales;f__Oscillospiraceae;g__Oscillibacter;s__Oscillibacter_sp._KLE_1745	0.0531681196228	-0.068040412209	-0.00939166438503	-0.0132224000465	-0.0559471908054	0.011592269818	-0.00143765626301	-0.01710385245	-0.00136365622434	-0.0141955809413	-0.0748192798124	-0.0153358079112	-0.0267034800726	-0.0316432377273	0.00291475265151	0.0483263096001	0.0372024199981	0.0132985424272	-0.0580139651164	-0.00347535086522	0.0332611837202	-0.0435083751483	0.0216513801734	-0.0611719069541	1.0	-0.0395162426613	0.0326817660726	-0.00330132098953	0.0740960653302	0.0135956282705	-0.0204319391674	0.0122953180477	0.00375383044082	-0.0216943765338	-0.0147817757366	0.0584104641306	0.0266878181587	0.0383196007864	0.0236326243494	-0.0641476887097	-0.000329177809834	-0.0477046698144	-0.0192104616201	-0.00401218810562	0.0171193703493	-0.0405652474979	0.0528005403397	-0.0281397800065	-0.0611107928665	-0.0169885500684	-0.0398138508183	-0.0598839026847	0.0434641010434	-0.031260373777	-0.0383690616306	-0.0171977376839	-0.0145403153814	0.0190658020031	0.00506779005245
k__Bacteria;p__Bacteroidetes;c__Bacteroidia;o__Bacteroidales;f__Bacteroidaceae;g__Bacteroides;s__Bacteroides_coprophilus	0.0428284383624	0.0163199087734	-0.0183293854224	-0.020553733954	-0.0305841831442	-0.000198515297447	0.0189296719277	0.0208082112076	0.0616482373328	-0.0338745929938	-0.0177494838075	0.0640392138053	-0.0124814667454	-0.0205242244592	0.0146856460009	-0.0378889835048	-0.0405918661704	0.0260746430936	0.0206887098756	0.0144856934711	0.0611848806112	0.00777595855856	-0.0164815136673	-0.0454024272292	-0.0395162426613	1.0	1.34658639638e-05	-0.0189804991452	-0.00856677603371	0.0146652415337	0.0347612148188	-0.0281222686877	0.000372551685086	-0.0503262305791	-0.0508835777801	-0.0482038163383	-0.0231855860607	-0.0148552532834	-0.0630637621757	-0.00881966727886	0.00558519367868	0.0160702217223	-0.0354524486339	-0.00882289291059	0.015433258762	0.012161290355	0.023149558903	0.0134129607589	-0.0136048296504	-0.0330799471861	-0.0340336658462	-0.018470714811	-0.0556398228046	-0.0138292651742	0.0329016196533	-0.00693980501298	-0.025249734043	-0.0520479952759	-0.0353831963804
k__Bacteria;p__Firmicutes;c__Clostridia;o__Clostridiales;f__Lachnospiraceae;g__Roseburia;s__Roseburia_intestinalis	-0.0200921809066	0.00812886935154	-0.0251867999475	0.0455980730666	-0.0223181700989	0.00249107386643	-0.045079687908	-0.0531182979602	0.0234190787557	-0.0562125694818	0.0150191283041	0.0207758710658	-0.0200522217847	-0.0426525579753	0.0129605782939	-0.0568653476884	0.0449869803703	0.0165885805472	0.0426074054627	-0.0784250841267	0.00217664449094	-0.0564317376759	0.0412370669219	-0.0521126159754	0.0326817660726	1.34658639638e-05	1.0	-0.017557454661	0.0592600991276	0.0334763867467	0.0226368315684	-0.00449592244579	0.00587831674873	0.0120156256714	0.00580979665823	-0.054148410316	-0.0511773339676	0.00630282775585	0.00835372252925	-0.018027032574	0.0358139017915	0.00753320826329	0.018570231759	-0.000651143992843	0.00381737800725	-0.0454964496717	-0.0216491794252	0.0421482055025	0.0590482216995	-0.0117629862379	-0.0198812911043	-0.0786174120509	0.0696117629847	-0.0104510965155	0.00984846427196	0.00665954322801	0.00558497501119	0.0337152458209	0.0125482116066
k__Bacteria;p__Firmicutes;c__Clostridia;o__Clostridiales;f__Lachnospiraceae;g__Roseburia;s__Roseburia_hominis	-0.0565403945464	-0.0134558231674	0.0272759709027	0.0119714942166	-0.0385455752207	-0.0194517159798	0.039574468491	0.0101625175724	0.0113366113026	-0.0579839050968	-0.0135830661324	0.0200945546156	0.0349145857406	-0.0103575595659	-0.0116080467749	-0.0101417987246	0.05388246639	-0.048497984459	-0.018774489139	0.0253814433567	-0.0135359856433	-0.0559652711718	-0.0242138804346	-0.047220059974	-0.00330132098954	-0.0189804991452	-0.017557454661	1.0	0.0394547516716	-0.0168600210373	0.0124003201658	-0.0148742605143	0.00796288625946	0.0447376368184	-0.0490686060759	0.00792180468607	-0.0334124188114	0.0576776545351	0.0339405950051	0.0266351863095	0.0348627676936	-0.033389590222	0.0129803902311	0.00281291583346	0.0318780354822	-0.0269003663299	0.00706695413328	-0.0381676920995	-0.0255126915447	-0.0450450986205	0.021911214193	-0.0154679598767	-0.0490881379849	0.0355591223385	0.0462014662004	0.00512149496196	0.00387609777225	0.00912670890632	-0.021898787389
k__Bacteria;p__Bacteroidetes;c__Bacteroidia;o__Bacteroidales;f__Porphyromonadaceae;g__Parabacteroides;s__Parabacteroides_johnsonii	0.0160358290993	-0.010143042251	0.0157323744175	-0.0332320442186	-0.0080894692878	0.0201885380819	0.0210173730024	-0.0142907558564	0.0410411278626	0.018614241669	-0.0221599284062	0.0173897405332	-0.0360610742222	0.00240052563716	0.026845915082	0.0500504278972	0.000418372181594	0.0182898009866	0.0148156259308	-0.0201780664147	0.00299401916471	-0.0525594776736	-0.0543370906714	-0.00264615998178	0.0740960653302	-0.00856677603371	0.0592600991276	0.0394547516716	1.0	0.0386327131434	-0.015852015566	-0.00663740445718	-0.00343769831876	-0.0307445614497	0.0377868474018	-0.0305381926125	-0.0182518903749	-0.029658780586	-0.050260488931	-0.00467434206164	-0.0603007924536	-0.027393399324	0.0503106855226	-0.0186081067426	-0.0275438133704	-0.0156153759927	0.00849603290873	-0.0274518079936	0.00730511770417	0.00639911851577	-0.0435422254315	-0.0623128863421	-0.0356465634212	0.0456883172887	0.029724088617	0.00964616166514	-0.0115475876332	-0.0222641526731	-0.027908815384
k__Bacteria;p__Actinobacteria;c__Actinobacteria;o__Bifidobacteriales;f__Bifidobacteriaceae;g__Bifidobacterium;s__Bifidobacterium_longum	-0.0415412504045	-0.0452780570352	0.0128779369997	-0.0441394261797	-0.00091265102588	-0.000852262956245	-0.0114047613499	-0.0993785242599	0.024085324275	-0.0372729111486	-0.0206869037879	0.0175631576971	0.0459004465341	-0.0294313403336	0.0516770218662	-0.0245540289609	-0.0248028122354	-0.0538872733909	0.0138789462793	0.00789113036729	0.0239197159458	-0.011535778689	-0.0452736121756	0.00136658849771	0.0135956282705	0.0146652415337	0.0334763867467	-0.0168600210373	0.0386327131434	1.0	-0.0570426495088	-0.0725045294307	0.0124416439413	-0.0205306280254	-0.0757735894982	-0.0584652773523	0.0578805124561	0.00268911728563	-0.00778594683185	-0.0247824563798	-0.00858251594807	0.00529748686089	-0.0241321884921	0.0216799056698	0.0136650875276	-0.061516289733	-0.0703935615873	-0.00650915080989	-0.0172536550184	0.0472796321168	-0.0200532904383	0.0114094090891	0.00189082472296	-0.00980870713404	-0.00976276959826	0.0293899844516	-0.0465131735672	0.00269181862098	0.0295283940452
