#taxonomy	k__Bacteria;p__Bacteroidetes;c__Bacteroidia;o__Bacteroidales;f__Bacteroidaceae;g__Bacteroides;s__Bacteroides_vulgatus	k__Bacteria;p__Bacteroidetes;c__Bacteroidia;o__Bacteroidales;f__Bacteroidaceae;g__Bacteroides;s__Bacteroides_uniformis	k__Bacteria;p__Bacteroidetes;c__Bacteroidia;o__Bacteroidales;f__Rikenellaceae;g__Alistipes;s__Alistipes_putredinis	k__Bacteria;p__Bacteroidetes;c__Bacteroidia;o__Bacteroidales;f__Prevotellaceae;g__Prevotella;s__Prevotella_copri	k__Bacteria;p__Bacteroidetes;c__Bacteroidia;o__Bacteroidales;f__Bacteroidaceae;g__Bacteroides;s__Bacteroides_stercoris	k__Bacteria;p__Bacteroidetes;c__Bacteroidia;o__Bacteroidales;f__Bacteroidaceae;g__Bacteroides;s__Bacteroides_ovatus	k__Bacteria;p__Bacteroidetes;c__Bacteroidia;o__Bacteroidales;f__Rikenellaceae;g__Alistipes;s__Alistipes_shahii	k__Bacteria;p__Firmicutes;c__Clostridia;o__Clostridiales;f__Ruminococcaceae;g__Faecalibacterium;s__Faecalibacterium_prausnitzii	k__Bacteria;p__Bacteroidetes;c__Bacteroidia;o__Bacteroidales;f__Rikenellaceae;g__Alistipes;s__Alistipes_finegoldii	k__Bacteria;p__Bacteroidetes;c__Bacteroidia;o__Bacteroidales;f__Porphyromonadaceae;g__Parabacteroides;s__Parabacteroides_distasonis	k__Bacteria;p__Bacteroidetes;c__Bacteroidia;o__Bacteroidales;f__Bacteroidaceae;g__Bacteroides;s__Bacteroides_thetaiotaomicron	k__Bacteria;p__Bacteroidetes;c__Bacteroidia;o__Bacteroidales;f__Bacteroidaceae;g__Bacteroides;s__Bacteroides_coprocola	k__Bacteria;p__Bacteroidetes;c__Bacteroidia;o__Bacteroidales;f__Bacteroidaceae;g__Bacteroides;s__Bacteroides_cellulosilyticus	k__Bacteria;p__Bacteroidetes;c__Bacteroidia;o__Bacteroidales;f__Rikenellaceae;g__Alistipes;s__Alistipes_obesi	k__Bacteria;p__Firmicutes;c__Clostridia;o__Clostridiales;f__Lachnospiraceae;g__;s__[Eubacterium]_rectale	k__Bacteria;p__Bacteroidetes;c__Bacteroidia;o__Bacteroidales;f__Bacteroidaceae;g__Bacteroides;s__Bacteroides_plebeius	k__Bacteria;p__Bacteroidetes;c__Bacteroidia;o__Bacteroidales;f__Bacteroidaceae;g__Bacteroides;s__Bacteroides_fragilis	k__Bacteria;p__Proteobacteria;c__Betaproteobacteria;o__Burkholderiales;f__Sutterellaceae;g__Sutterella;s__Sutterella_wadsworthensis	k__Bacteria;p__Bacteroidetes;c__Bacteroidia;o__Bacteroidales;f__Porphyromonadaceae;g__Barnesiella;s__Barnesiella_intestinihominis	k__Bacteria;p__Bacteroidetes;c__Bacteroidia;o__Bacteroidales;f__Odoribacteraceae;g__Odoribacter;s__Odoribacter_splanchnicus	k__Bacteria;p__Bacteroidetes;c__Bacteroidia;o__Bacteroidales;f__Bacteroidaceae;g__Bacteroides;s__Bacteroides_salyersiae	k__Bacteria;p__Firmicutes;c__Clostridia;o__Clostridiales;f__Ruminococcaceae;g__Ruminiclostridium;s__[Eubacterium]_siraeum	k__Bacteria;p__Proteobacteria;c__Betaproteobacteria;o__Burkholderiales;f__Sutterellaceae;g__Parasutterella;s__Parasutterella_excrementihominis	k__Bacteria;p__Actinobacteria;c__Actinobacteria;o__Bifidobacteriales;f__Bifidobacteriaceae;g__Bifidobacterium;s__Bifidobacterium_adolescentis	k__Bacteria;p__Firmicutes;c__Clostridia;o__Clostridiales;f__Oscillospiraceae;g__Oscillibacter;s__Oscillibacter_sp._KLE_1745	k__Bacteria;p__Bacteroidetes;c__Bacteroidia;o__Bacteroidales;f__Bacteroidaceae;g__Bacteroides;s__Bacteroides_coprophilus	k__Bacteria;p__Firmicutes;c__Clostridia;o__Clostridiales;f__Lachnospiraceae;g__Roseburia;s__Roseburia_intestinalis	k__Bacteria;p__Firmicutes;c__Clostridia;o__Clostridiales;f__Lachnospiraceae;g__Roseburia;s__Roseburia_hominis	k__Bacteria;p__Bacteroidetes;c__Bacteroidia;o__Bacteroidales;f__Porphyromonadaceae;g__Parabacteroides;s__Parabacteroides_johnsonii	k__Bacteria;p__Actinobacteria;c__Actinobacteria;o__Bifidobacteriales;f__Bifidobacteriaceae;g__Bifidobacterium;s__Bifidobacterium_longum	k__Bacteria;p__Firmicutes;c__Clostridia;o__Clostridiales;f__;g__Flavonifractor;s__Flavonifractor_plautii	k__Bacteria;p__Firmicutes;c__Clostridia;o__Clostridiales;f__Clostridiaceae;g__Clostridium;s__Clostridium_phoceensis	k__Bacteria;p__Verrucomicrobia;c__Verrucomicrobiae;o__Verrucomicrobiales;f__Akkermansiaceae;g__Akkermansia;s__Akkermansia_muciniphila	k__Bacteria;p__Bacteroidetes;c__Bacteroidia;o__Bacteroidales;f__Prevotellaceae;g__Paraprevotella;s__Paraprevotella_xylaniphila	k__Bacteria;p__Firmicutes;c__Clostridia;o__Clostridiales;f__Ruminococcaceae;g__Ruminococcus;s__Ruminococcus_callidus	k__Bacteria;p__Bacteroidetes;c__Bacteroidia;o__Bacteroidales;f__Rikenellaceae;g__Alistipes;s__Alistipes_senegalensis	k__Bacteria;p__Firmicutes;c__Clostridia;o__Clostridiales;f__Lachnospiraceae;g__Blautia;s__Blautia_sp._KLE_1732	k__Bacteria;p__Bacteroidetes;c__Bacteroidia;o__Bacteroidales;f__Bacteroidaceae;g__Bacteroides;s__Bacteroides_oleiciplenus	k__Bacteria;p__Firmicutes;c__Clostridia;o__Clostridiales;f__Ruminococcaceae;g__Ruminococcus;s__Ruminococcus_bicirculans	k__Bacteria;p__Bacteroidetes;c__Bacteroidia;o__Bacteroidales;f__Bacteroidaceae;g__Bacteroides;s__Bacteroides_fluxus	k__Bacteria;p__Bacteroidetes;c__Bacteroidia;o__Bacteroidales;f__Prevotellaceae;g__Prevotella;s__Prevotella_stercorea	k__Bacteria;p__Firmicutes;c__Clostridia;o__Clostridiales;f__Lachnospiraceae;g__Dorea;s__Dorea_longicatena	k__Bacteria;p__Firmicutes;c__Clostridia;o__Clostridiales;f__Eubacteriaceae;g__Eubacterium;s__[Eubacterium]_eligens	k__Bacteria;p__Firmicutes;c__Clostridia;o__Clostridiales;f__Ruminococcaceae;g__;s__Ruminococcaceae_bacterium_D16	k__Bacteria;p__Firmicutes;c__Clostridia;o__Clostridiales;f__Lachnospiraceae;g__Coprococcus;s__Coprococcus_comes	k__Bacteria;p__Proteobacteria;c__Gammaproteobacteria;o__Enterobacterales;f__Enterobacteriaceae;g__Escherichia;s__Escherichia_coli	k__Bacteria;p__Firmicutes;c__Clostridia;o__Clostridiales;f__Ruminococcaceae;g__Anaerotruncus;s__Anaerotruncus_colihominis	k__Bacteria;p__Firmicutes;c__Clostridia;o__Clostridiales;f__Lachnospiraceae;g__Blautia;s__Blautia_obeum	k__Bacteria;p__Bacteroidetes;c__Bacteroidia;o__Bacteroidales;f__Odoribacteraceae;g__Odoribacter;s__Odoribacter_laneus	k__Bacteria;p__Firmicutes;c__Clostridia;o__Clostridiales;f__Ruminococcaceae;g__Ruminiclostridium;s__[Clostridium]_leptum	k__Bacteria;p__Bacteroidetes;c__Bacteroidia;o__Bacteroidales;f__Porphyromonadaceae;g__Parabacteroides;s__Parabacteroides_goldsteinii	k__Bacteria;p__Firmicutes;c__Clostridia;o__Clostridiales;f__Lachnospiraceae;g__Anaerostipes;s__Anaerostipes_hadrus	k__Bacteria;p__Firmicutes;c__Clostridia;o__Clostridiales;f__Ruminococcaceae;g__Ruminococcus;s__Ruminococcus_lactaris	k__Bacteria;p__Firmicutes;c__Clostridia;o__Clostridiales;f__Clostridiaceae;g__Clostridium;s__Clostridium_sp._L2-50	k__Bacteria;p__Firmicutes;c__Clostridia;o__Clostridiales;f__Clostridiaceae;g__Clostridium;s__Clostridium_sp._M62/1	k__Bacteria;p__Firmicutes;c__Clostridia;o__Clostridiales;f__;g__Intestinimonas;s__Intestinimonas_butyriciproducens	k__Bacteria;p__Actinobacteria;c__Actinobacteria;o__Bifidobacteriales;f__Bifidobacteriaceae;g__Bifidobacterium;s__Bifidobacterium_bifidum	k__Bacteria;p__Firmicutes;c__Negativicutes;o__Veillonellales;f__Veillonellaceae;g__Dialister;s__Dialister_invisus	k__Bacteria;p__Bacteroidetes;c__Bacteroidia;o__Bacteroidales;f__Bacteroidaceae;g__Bacteroides;s__Bacteroides_salanitronis
k__Bacteria;p__Bacteroidetes;c__Bacteroidia;o__Bacteroidales;f__Bacteroidaceae;g__Bacteroides;s__Bacteroides_vulgatus	1.0	-0.0100457121949	-0.0511733051405	-0.0604702542223	0.0250119854956	-0.0389462473663	0.0320042898841	-0.0550033526882	0.0301439805903	-0.0594619739881	-0.00892209158403	-0.0394994690891	-0.0298927219549	-0.0594231262659	-0.0219606023933	0.00329107876527	-0.0512549804193	0.0256886365432	-0.0229538917013	0.000869259147347	-0.0390472607393	-0.035813581725	-0.00120937176999	0.0596502521326	0.0273288222493	-0.0170831990124	-0.0301177611363	0.0204732341102	-0.00967071431481	-0.00471433003257	0.00381666142744	0.00394844109791	-0.0253578132339	-0.0225517757322	-0.00668857353651	0.0157570374512	0.0202967479897	0.00128033661622	-0.0166918008366	0.0109558579593	-0.00904810139005	0.00921453327688	-0.00361207027973	-0.0506031788781	0.014627062401	0.0502105189024	0.0475496662615	-0.015384671623	-0.00392360374025	-0.0291285853921	0.0154248129603	-0.00368142055048	-0.00769523761225	-0.0265391767613	-0.0141342137711	0.0788594309679	-0.00414621244783	-0.00562789687898	0.00213980186536
k__Bacteria;p__Bacteroidetes;c__Bacteroidia;o__Bacteroidales;f__Bacteroidaceae;g__Bacteroides;s__Bacteroides_uniformis	-0.0100457121949	1.0	0.0041570794	0.0666119049123	-0.0202631687771	-0.039880528691	-0.0016684864429	0.0472146691374	-0.00441857888496	-0.0231628079019	0.0528070655543	0.0352051789884	-0.0221515163449	0.0159411006038	0.0290594839009	0.0137925007866	-0.0135380304862	0.023320162725	-0.0216162045616	-0.0195130019807	-0.0284872663273	-0.0178915585075	-0.024610490901	0.0132032423856	0.0531598418037	0.0126692383654	0.017985386219	0.0126257769395	-0.0380617118377	0.026790214026	-0.0403000353975	-0.0075944768741	-0.0177184605684	-0.0694212042542	-0.0749541373613	-0.0219991111557	-0.00966498730222	-0.036470904822	-0.0201627635811	0.0402271472552	0.00983782357777	-0.0488585270933	0.0111754134843	-0.0341536918608	-0.0517412735464	-0.0409380550678	0.0281297825014	0.0130224145756	-0.015404198817	0.0175742650024	-0.0144440829567	0.0392884563948	-0.057500294508	-0.0143792699824	-1.21484923506e-05	0.0333006122827	-0.0337818398778	-0.0157865320362	-0.0226421100124
k__Bacteria;p__Bacteroidetes;c__Bacteroidia;o__Bacteroidales;f__Rikenellaceae;g__Alistipes;s__Alistipes_putredinis	-0.0511733051405	0.0041570794	1.0	0.0435625882893	0.0248491518061	0.0801967892637	-0.0198786130621	-0.0459536684429	0.0268302486134	-0.0361654121515	-0.00848361678108	0.0454754615974	0.00900471085737	0.0428541277569	-0.0205766055738	-0.0115061581703	-0.0279170441782	-0.00211938591947	0.00284995828815	0.0447589688661	0.0166383834706	0.00148398915816	0.0109818458289	0.0238049330028	-0.00323062250547	-0.0405698496254	0.0166831006442	0.0402066243047	-0.0355156003267	-0.00606695519306	-0.0213756987906	-0.0493844680763	-0.0104993735129	-0.0788957566913	0.00226767449497	0.0108841054156	-0.047143549711	0.0110992493267	-0.0113656123553	0.00651829500961	-0.0169905919405	0.0153739501356	-0.0118718582707	-0.0229223706725	-0.021231919863	0.0162525072963	-0.0151369439407	-0.0255968318768	0.00145455315385	-0.0335683841444	-0.0173599430624	0.01791585319	0.000583745915122	0.0621425976442	-0.0804976425226	0.0395250672627	0.00733828626734	-0.00409373142184	-0.0487607100734
k__Bacteria;p__Bacteroidetes;c__Bacteroidia;o__Bacteroidales;f__Prevotellaceae;g__Prevotella;s__Prevotella_copri	-0.0604702542223	0.0666119049123	0.0435625882893	1.0	0.0360939547679	-0.0032520888677	-0.0141997289609	0.0540747687353	-0.00927786824883	0.0349927749132	0.0222888027917	-0.0476557959197	-0.0182578637552	-0.0519367173817	-0.0384693171196	-0.0396642278271	0.061197313184	-0.0426209276445	0.0671497659172	0.000876700665346	-0.000344084338963	0.00630606920581	-0.0141370066679	-0.0480347390613	-0.0134899957272	-0.00531218788003	-0.0548950066164	0.0231276994153	0.0509192476883	0.075942466991	-0.0200718861648	0.0471023623084	0.0325318686778	-0.0356753990538	-0.0187237125439	0.0225965855455	-0.0312786006716	-0.0055894711956	0.038520565997	-0.0144688176581	-0.0118281436507	-0.00319029155985	-0.0134246039449	0.0219748781456	-0.0773856482324	-0.0321055964948	-0.0166773124411	-0.0281476493949	-0.0321555424925	-0.0827535462934	-0.0146594220492	-0.0207051922846	-0.021955100787	-0.0262048988392	-0.0773337924583	0.00322339050347	-0.0574450714407	-0.022629042826	0.0194323462486
k__Bacteria;p__Bacteroidetes;c__Bacteroidia;o__Bacteroidales;f__Bacteroidaceae;g__Bacteroides;s__Bacteroides_stercoris	0.0250119854956	-0.0202631687771	0.0248491518061	0.0360939547679	1.0	-0.0485167831354	-0.0274040444172	-0.0103287278718	-0.0712175649921	-0.0356624331809	-0.0399535781639	-0.0204388451061	-0.0460363377815	0.0119429774716	0.0321997662853	0.0072428734572	0.00550720360457	0.0240118793008	0.0160642560718	-0.0180437986786	-0.00974941459619	0.000211277073874	0.00699081972267	-0.0049189288482	0.0352415516251	-0.0359523704518	0.0492715326979	-0.0181682219215	0.0187518237598	0.0185703105502	0.0841739889704	-0.0144005867488	-0.0221925725774	-0.00914820104011	0.00429773891374	0.0222798524115	-0.0455397401852	-0.0381809407499	0.0227146103534	-0.019766005729	-0.0707349409387	0.0283881424107	-0.0537247348774	0.0220894938156	-0.0381867997199	0.00440733459591	0.0199582843579	-0.006396132261	-0.0104190745823	-0.0602158121076	0.0217662702118	0.00613812463189	-0.0459585499573	0.0358157732223	0.0291283047743	0.00942828782236	-0.083374261488	-0.0497924116984	0.00712198563626
k__Bacteria;p__Bacteroidetes;c__Bacteroidia;o__Bacteroidales;f__Bacteroidaceae;g__Bacteroides;s__Bacteroides_ovatus	-0.0389462473663	-0.039880528691	0.0801967892637	-0.0032520888677	-0.0485167831354	1.0	0.0391319490596	0.00841945441337	-0.00151956271535	-0.0396682136597	-0.0499787889233	0.0184821165613	0.0373476021451	-0.0573958920334	0.0656677387574	0.00735469702224	-0.0234788520978	-0.0534155898541	-0.0271235648954	-0.0652425227136	0.0299724233505	0.00895887803519	-0.0259668164942	0.0395053688999	-0.0458885628391	0.00720812731505	-0.0219572256453	-0.0021294514257	-0.0698950313907	0.0310077601218	-0.0405417613698	-0.00132589027984	0.018477937089	-0.0407495753032	0.021706110307	-0.0726804250633	0.0303381810575	0.0181254770421	-0.0319646118987	-0.0249739553264	0.00560893917944	0.00666924427885	0.0592200033327	0.0116773008712	-0.00727850143221	0.00769828936419	-0.0095864601594	-0.0233372212014	-0.0158955318187	-0.0480347351589	0.0543479288483	-0.0436542174199	0.0252276113017	-0.0514317416866	-0.033128955386	-0.00681765119355	0.0106796623548	0.0433398089568	0.00593619880819
k__Bacteria;p__Bacteroidetes;c__Bacteroidia;o__Bacteroidales;f__Rikenellaceae;g__Alistipes;s__Alistipes_shahii	0.0320042898841	-0.0016684864429	-0.0198786130621	-0.0141997289609	-0.0274040444172	0.0391319490596	1.0	0.000852656387573	-0.041969468988	0.0282717501639	0.00314224579019	-0.0569432052849	0.0175460698534	-0.0345075737972	-0.00830162741826	-0.0392424908095	-0.0504248400528	-0.024108626145	-0.0261659084435	0.000734004739714	0.00603089228004	-0.0513169226242	-0.0443798948255	-0.00954131498976	-0.0375758390775	-0.0416973686912	0.00206398769081	0.00615924844726	-0.0102945559458	0.0166638853991	0.0494790925768	-0.0587313344603	-0.0457789036448	-0.0131889329052	0.00150336712642	0.0205078919127	0.0593397883821	0.0211930825417	-0.0515237185199	0.000262855336779	0.0568209346648	-0.0110255892737	0.0597982510426	0.05892667246	0.0111469812628	-0.00974865759516	-0.0331062223541	0.0330891143155	0.0325010749819	-0.0203736436049	-0.0179854555546	-0.0728195429766	0.0225966994962	-0.0368343431994	-0.0093220326316	-0.0305150537763	-0.0254478223937	-0.0319843842335	0.0283783703895
k__Bacteria;p__Firmicutes;c__Clostridia;o__Clostridiales;f__Ruminococcaceae;g__Faecalibacterium;s__Faecalibacterium_prausnitzii	-0.0550033526882	0.0472146691374	-0.0459536684429	0.0540747687353	-0.0103287278718	0.00841945441337	0.000852656387573	1.0	-0.0521374350847	0.00790455061372	-0.0170498032427	-0.0270903684714	0.0140098363404	0.0607858417501	-0.0494394659088	-0.0366146176756	-0.00297192133222	-0.0173951201523	0.0926647774498	0.0360396812395	-0.0699517150546	0.0347425635388	0.00105038340521	-0.0281988396405	0.0197415723407	-0.0207213744183	-0.0570575749946	-0.0268929263977	-0.0368977577226	-0.0215671931388	-0.0403019386898	-0.0489752967501	0.014604577519	-0.0726925890348	-0.022416054175	-0.0673062405442	0.00602635615189	-0.00716175727762	0.0214971925103	-0.0322751762565	0.0326609276714	-0.0328016697764	0.0224589981525	-0.0268187994776	-0.0300749496083	0.066147161456	-0.0175846350928	-0.00884915537757	-0.0160747091989	0.0354476665898	-0.0208797184923	-0.0641719086344	0.00186631900224	-0.0543535158099	-0.0164560867122	-0.0157498272191	-0.0197579545224	0.0613600584716	0.0144452233847
k__Bacteria;p__Bacteroidetes;c__Bacteroidia;o__Bacteroidales;f__Rikenellaceae;g__Alistipes;s__Alistipes_finegoldii	0.0301439805903	-0.00441857888496	0.0268302486134	-0.00927786824883	-0.0712175649921	-0.00151956271535	-0.041969468988	-0.0521374350847	1.0	0.00623824443508	0.00682167700991	0.0395942232341	-0.0120098531359	1.3221684957e-05	-0.0288402569183	-0.0160352834611	0.0607790464121	-0.00890158784914	0.00664025671403	0.00941885064005	0.0730372705933	0.00165228238243	-0.0137017750907	0.0144184935526	-0.0214226298829	-0.0416910834582	0.0100434143216	-0.0148589511838	-0.00563053850938	0.0161540526756	-0.0128794671005	-0.0511516561155	-0.0788222742234	-0.0408234512234	0.00171991170315	-0.0278552680562	0.0284067726971	-0.0176219037377	-0.0162535944328	-0.0175726802239	-0.0462680393523	-0.00785911250567	-0.00467901185858	-0.0217141629261	-0.0196873163717	-0.0411047252218	0.0347377565975	0.0116972829394	-0.016985511084	0.0648250998305	-0.0137400989672	0.0247103409101	-0.00150861514067	-0.0352319174209	0.0131701035278	0.0161416137709	-0.0266328584231	-0.0117354571155	-0.00242451377131
k__Bacteria;p__Bacteroidetes;c__Bacteroidia;o__Bacteroidales;f__Porphyromonadaceae;g__Parabacteroides;s__Parabacteroides_distasonis	-0.0594619739881	-0.0231628079019	-0.0361654121515	0.0349927749132	-0.0356624331809	-0.0396682136597	0.0282717501639	0.00790455061372	0.00623824443508	1.0	-0.0299973311607	-0.005225265006	-0.0423217347062	-0.0259819097125	-0.0312258152332	0.022702468531	-0.058401472271	-0.0468411175731	0.0212396072451	0.000866036939593	-0.012220610551	-0.0163214964094	0.00715485662739	-0.036757522002	-0.0261405736142	0.0058601197368	-0.0368589078671	-0.0255152602622	-0.0626138855829	-0.0198103567425	0.0230169802324	0.00726587027004	0.0280798057042	-0.0131941347111	0.00194362478018	0.0251709156319	0.0594009357825	0.0117122957476	-0.0390462074454	-0.0244818375654	-0.0213330885274	-0.0178227110149	-0.0268527222182	0.0523219337262	0.00490429589019	0.00800682209222	0.0524006896101	-0.0366605131939	0.00311008139732	-0.0147812666668	-0.00905541767189	-0.0282103028068	0.0418568329097	0.0136031471755	0.0524177097939	-0.00075545199048	0.0274754345675	0.000682141339516	-0.0254727516848
k__Bacteria;p__Bacteroidetes;c__Bacteroidia;o__Bacteroidales;f__Bacteroidaceae;g__Bacteroides;s__Bacteroides_thetaiotaomicron	-0.00892209158403	0.0528070655543	-0.00848361678108	0.0222888027917	-0.0399535781639	-0.0499787889233	0.00314224579019	-0.0170498032427	0.00682167700991	-0.0299973311607	1.0	-0.0423838052664	-0.0331238885711	-0.00819310254323	0.0347614262244	-0.011959051404	-0.0337660778408	0.0126715442512	0.0375466488127	-0.00597586858084	-0.0582441693623	0.0050275476743	0.00270005172886	-0.0134461849093	-0.0161165405191	-0.0391791808318	0.00823243135156	0.00297203055254	-0.0170350645856	-0.00713215821292	0.000417699647926	0.0296284728731	-0.0783357349062	-0.0497824080032	-0.011837140025	-0.00114968340412	0.0409088835747	0.0241395849938	0.0311843816051	-0.0294879308678	0.0226145865919	0.0213721115459	0.0193382506803	-0.0519045894381	0.0979538572735	0.033179412505	-0.034556402077	0.022429378693	0.0586971047505	0.0104481191464	0.0246099428997	-0.0101507598279	-0.0507324024981	-0.0389517478952	-0.012659343909	-0.0111782013196	-0.0418172487615	-0.0141789827036	0.0270585690323
k__Bacteria;p__Bacteroidetes;c__Bacteroidia;o__Bacteroidales;f__Bacteroidaceae;g__Bacteroides;s__Bacteroides_coprocola	-0.0394994690891	0.0352051789884	0.0454754615974	-0.0476557959197	-0.0204388451061	0.0184821165613	-0.0569432052849	-0.0270903684714	0.0395942232341	-0.005225265006	-0.0423838052664	1.0	0.0328098175733	0.0358275312105	-0.0106797653771	0.0285697776683	-0.0269557836274	-0.0217844180101	-0.0354912894673	0.0194802521105	-0.0169792381972	-0.0477551748151	0.0423225198265	0.0198005483396	-0.0248679600065	0.0175906658884	-0.00598492511736	-0.0194004771869	0.0105780131997	-0.00950077172425	0.0518174547653	0.0132693541095	0.0635357488052	-0.0225472573709	0.0305507052249	-0.00855117961028	0.000640223976475	0.00606693693076	0.0194533889931	0.00843369427897	-0.0251034435602	0.00431441088152	-0.0558242725942	-0.0727651310459	-0.0344810956195	-0.0140688025702	-0.0586248975557	0.0321077150376	-0.0670979436527	0.0261873539023	0.00834356380786	0.00851941209482	-0.0297530864151	0.0265014803558	-0.0190410657862	-0.0140581672051	-0.00921170909946	-0.0179569024065	-0.00769083513584
k__Bacteria;p__Bacteroidetes;c__Bacteroidia;o__Bacteroidales;f__Bacteroidaceae;g__Bacteroides;s__Bacteroides_cellulosilyticus	-0.0298927219549	-0.0221515163449	0.00900471085737	-0.0182578637552	-0.0460363377815	0.0373476021451	0.0175460698534	0.0140098363404	-0.0120098531359	-0.0423217347062	-0.0331238885711	0.0328098175733	1.0	-0.00719182678307	-0.00797813624981	-0.0296731672866	-0.012588082496	-0.00783155976698	0.010477407899	-0.0292521628235	-0.00546439808613	-0.0284331693354	0.0157013034311	-0.0203449008691	0.0428787685351	0.00509285907114	-0.0200982336538	0.020951197833	-0.0386438448106	0.00861188814332	-0.020918354231	-0.0265955291598	0.020718409216	0.0205788213824	0.00700553233853	0.0164333997949	0.0437282442263	0.0383684870078	0.00378938494283	-0.0106283662695	-0.0286653322143	-0.032639851813	0.00651033571654	-0.00363701815566	0.0346353618944	-0.0646150668502	-0.0429631923666	-0.034501151408	0.0459347634223	-0.0207946842574	-0.0261361745844	-0.0752789999801	0.022157509504	-0.0330800999871	0.0162078488044	-0.0112671334955	-0.0143699352052	-0.0163419859355	-0.0162152149314
k__Bacteria;p__Bacteroidetes;c__Bacteroidia;o__Bacteroidales;f__Rikenellaceae;g__Alistipes;s__Alistipes_obesi	-0.0594231262659	0.0159411006038	0.0428541277569	-0.0519367173817	0.0119429774716	-0.0573958920334	-0.0345075737972	0.0607858417501	1.3221684957e-05	-0.0259819097125	-0.00819310254323	0.0358275312105	-0.00719182678307	1.0	-0.000821973203349	0.0213245011138	0.0244163257894	-0.0239276506149	-0.0186825783614	0.0679358122419	0.0231655255695	0.00679234155877	0.0421798897035	-0.00238584516337	-0.0177624317903	0.0757877971883	-0.034705626757	0.00458837104502	-0.0145198398335	-0.00157597460212	0.0358004887182	-0.0324972524066	-0.0204252394901	0.00471853719263	-0.0455224302404	-0.00871689736461	-0.0136805259125	-0.00613541777639	0.0195870920923	-0.0371273932625	-0.00895999935306	0.0293814587916	-0.0164792997069	0.0108012365856	-0.0285645934298	0.0258028633674	-0.0246934758003	-0.0162685318229	0.000446117138033	-0.0684618563424	-0.00183543779819	0.00350914563083	-0.0162854722848	-0.0762139389875	-0.036908549086	-0.0073848818819	-0.0107121559679	-0.0319443878345	0.0217384970184
k__Bacteria;p__Firmicutes;c__Clostridia;o__Clostridiales;f__Lachnospiraceae;g__;s__[Eubacterium]_rectale	-0.0219606023933	0.0290594839009	-0.0205766055738	-0.0384693171196	0.0321997662853	0.0656677387574	-0.00830162741826	-0.0494394659088	-0.0288402569183	-0.0312258152332	0.0347614262244	-0.0106797653771	-0.00797813624981	-0.000821973203349	1.0	-0.0497927632349	0.0304854597969	0.0102993586037	-0.00664018627092	-0.00532238176265	0.000683209653396	-0.0158184824033	-0.0110066873698	0.0192343530856	-7.08012874854e-05	0.00136119632617	0.0096568753803	-0.0740308616891	-0.000121647942712	-0.0359035075221	-0.0420048768862	-0.0295633815911	0.0329767711134	0.0313883985329	0.012845864732	0.00542384604792	-0.0243444257011	0.0194442645811	0.00446322595418	0.0284591437443	0.0194556537215	-0.0147322370405	-0.0230473604672	0.0485302996745	-0.0176633524516	-0.0368005350521	-0.00253802562299	-0.0714305188895	-0.0531204841807	-0.00617241757632	0.00881032650207	0.00586995722924	-0.0281874617775	0.0157097688625	0.0282162719853	-0.0491530708908	-0.0377477317274	0.00698408982555	-0.0433376561979
k__Bacteria;p__Bacteroidetes;c__Bacteroidia;o__Bacteroidales;f__Bacteroidaceae;g__Bacteroides;s__Bacteroides_plebeius	0.00329107876527	0.0137925007866	-0.0115061581703	-0.0396642278271	0.0072428734572	0.00735469702224	-0.0392424908095	-0.0366146176756	-0.0160352834611	0.022702468531	-0.011959051404	0.0285697776683	-0.0296731672866	0.0213245011138	-0.0497927632349	1.0	0.0378391054832	-0.00325523712097	0.0684911728814	0.0654732345205	-0.012324235246	0.00396616534997	-0.00614365029399	0.033190394733	-0.0482796571668	0.025223783544	-0.0376543721016	0.0378115289102	-0.0706696631789	0.0509842911387	-0.0069814116803	-0.043714637401	-0.00058764879017	-0.0724786620306	0.00867080154879	0.00828198873294	-0.00325808147644	-0.00214434461215	-0.0146891725494	-0.043874479058	0.0215440915462	-0.0320993520693	-0.0431108754255	0.00146733328143	0.0045619220178	-0.0245163409681	0.0220090676959	-0.0305359286558	0.00686702893413	0.00726678111604	0.00314529087366	0.0352102129742	0.016198997409	-0.00898643771398	0.0236430289417	-0.0854511773937	0.00634216927942	-0.0249249507927	-0.0399810346113
k__Bacteria;p__Bacteroidetes;c__Bacteroidia;o__Bacteroidales;f__Bacteroidaceae;g__Bacteroides;s__Bacteroides_fragilis	-0.0512549804193	-0.0135380304862	-0.0279170441782	0.061197313184	0.00550720360457	-0.0234788520978	-0.0504248400528	-0.00297192133222	0.0607790464121	-0.058401472271	-0.0337660778408	-0.0269557836274	-0.012588082496	0.0244163257894	0.0304854597969	0.0378391054832	1.0	0.010654174244	-0.00894579710514	0.00245993702021	-0.0198131864572	0.0167656445028	0.0203229469611	-0.0432418973855	-0.0102724524964	-0.000562160704323	-0.00339693949596	0.0122421495364	0.0414656409895	0.0209855911428	-0.0323903476103	-0.0207793195781	-0.00542813105139	-0.0137030090545	0.0274739545207	-0.00256897444226	-0.0326755697663	0.00499302289572	-0.017165941934	-0.0240754553899	0.00740464183601	-0.00634609532485	-0.00421288423443	-0.071205495499	-0.00666336428322	-0.00977516421521	-0.0229436369975	-0.0232373282673	-0.0634181142985	0.0231681184039	-0.0428762558958	-0.0281927755034	0.0451863013652	0.00977115859268	-0.0222557964865	0.0184293104324	-0.0496456430941	-0.00124558370099	0.0431245502094
k__Bacteria;p__Proteobacteria;c__Betaproteobacteria;o__Burkholderiales;f__Sutterellaceae;g__Sutterella;s__Sutterella_wadsworthensis	0.0256886365432	0.023320162725	-0.00211938591947	-0.0426209276445	0.0240118793008	-0.0534155898541	-0.024108626145	-0.0173951201523	-0.00890158784914	-0.0468411175731	0.0126715442512	-0.0217844180101	-0.00783155976698	-0.0239276506149	0.0102993586037	-0.00325523712097	0.010654174244	1.0	-0.0506539241452	-0.0252952818955	-0.0120505600494	0.00161568065937	-0.011495804608	0.0414104011203	0.0103514132928	0.00244726655471	0.0359662897319	-0.0127079342022	-0.0386194676471	-0.00509194100035	0.00813663306355	-0.0130534712381	-0.0211500338961	0.0306896842657	-0.00109423863877	-0.0273964749624	0.022522703699	-0.0319445080597	-0.0181888097096	-0.0260660819513	-0.0315670346783	0.00694460646316	-0.0401145235735	-0.00909905512075	-0.0243958006285	-0.0106268820214	-0.0108513483007	-0.0173729844949	-0.00846829802135	-0.0295678176546	0.0136503013312	-0.032538688515	0.029926054967	-0.00284630686203	0.0661025317707	0.0183808228751	0.00420628813515	-0.0371222073693	0.0240562428646
k__Bacteria;p__Bacteroidetes;c__Bacteroidia;o__Bacteroidales;f__Porphyromonadaceae;g__Barnesiella;s__Barnesiella_intestinihominis	-0.0229538917013	-0.0216162045616	0.00284995828815	0.0671497659172	0.0160642560718	-0.0271235648954	-0.0261659084435	0.0926647774498	0.00664025671403	0.0212396072451	0.0375466488127	-0.0354912894673	0.010477407899	-0.0186825783614	-0.00664018627092	0.0684911728814	-0.00894579710514	-0.0506539241452	1.0	-0.0588740377012	-0.0160383268886	0.043870732706	0.00349432456545	-0.0407344806504	0.0241250281001	-0.0502379222457	0.00817427437973	0.00522405426792	-0.0551868178214	-0.00494255426462	0.00724996025512	0.0155203179218	0.0069864913057	-0.0220241147548	-0.0553789523694	-0.0118078262066	-0.0239994737838	0.0195613590661	0.00518919193378	0.0480135253748	-0.0202969255224	0.00522826896431	-0.0741400037655	-0.0177514505953	-0.0627919502576	-0.0421489604548	0.0183851776548	-0.0190577264255	-0.0786611599632	-0.00255504281937	0.0342430317415	-0.0182384890318	0.0402414067421	-0.0188585429178	0.0421912356886	0.0502370668285	-0.0483656511067	0.0484277521177	-0.00378173436834
k__Bacteria;p__Bacteroidetes;c__Bacteroidia;o__Bacteroidales;f__Odoribacteraceae;g__Odoribacter;s__Odoribacter_splanchnicus	0.000869259147347	-0.0195130019807	0.0447589688661	0.000876700665346	-0.0180437986786	-0.0652425227136	0.000734004739714	0.0360396812395	0.00941885064005	0.000866036939593	-0.00597586858084	0.0194802521105	-0.0292521628235	0.0679358122419	-0.00532238176265	0.0654732345205	0.00245993702021	-0.0252952818955	-0.0588740377012	1.0	-0.0495627316944	0.023392462088	0.0269353486888	-0.0520889021045	0.00807497993486	-0.0224262840712	-0.0380418312314	0.017250628675	-0.000779414835698	-0.00549375532495	0.0404206455746	-0.0107079677957	-0.039415314036	0.0403548602891	-0.00180532346862	-0.0220927968659	-0.0439196454306	-0.0113766406314	0.0168380348515	0.0159776669796	0.00515274603423	-0.0338820399373	-0.0447318448378	-0.0261995207018	0.00352976507865	4.52179594591e-06	-0.016405168611	0.0422171692043	0.00981835685407	-0.00473237201903	-0.0292845755706	0.00251165019574	-0.0314343408978	0.0101936173383	-0.0596667179022	-0.0288652876079	0.030299061333	-0.0637876869057	0.00815365524446
k__Bacteria;p__Bacteroidetes;c__Bacteroidia;o__Bacteroidales;f__Bacteroidaceae;g__Bacteroides;s__Bacteroides_salyersiae	-0.0390472607393	-0.0284872663273	0.0166383834706	-0.000344084338963	-0.00974941459619	0.0299724233505	0.00603089228004	-0.0699517150546	0.0730372705933	-0.012220610551	-0.0582441693623	-0.0169792381972	-0.00546439808613	0.0231655255695	0.000683209653396	-0.012324235246	-0.0198131864572	-0.0120505600494	-0.0160383268886	-0.0495627316944	1.0	0.0057604708892	0.00388561975917	0.0174538115273	0.0553696167082	0.0514046151133	-0.0120384623067	-0.0644797982763	0.0477336138626	-0.0143356722409	0.000804211291332	-0.0158465670202	-0.00317004595271	0.0736037270124	0.0718204097388	-0.0253725132584	0.049673403036	-0.0943641707664	0.00149693031813	-0.0486609158595	-0.0211178344556	-0.0382923286393	-0.0475764247914	-0.0118100115627	0.0147880364477	0.010050244029	0.000214129626298	-0.032776710257	-0.0668343311879	-0.0224747450913	-0.0359985897268	-0.0351099738664	0.041581552643	-0.0301391899924	-0.0135028097095	-0.0152418217807	-0.00051874498531	-0.062538852867	0.0354698872035
k__Bacteria;p__Firmicutes;c__Clostridia;o__Clostridiales;f__Ruminococcaceae;g__Ruminiclostridium;s__[Eubacterium]_siraeum	-0.035813581725	-0.0178915585075	0.00148398915816	0.00630606920581	0.000211277073874	0.00895887803519	-0.0513169226242	0.0347425635388	0.00165228238243	-0.0163214964094	0.0050275476743	-0.0477551748151	-0.0284331693354	0.00679234155877	-0.0158184824033	0.00396616534997	0.0167656445028	0.00161568065937	0.043870732706	0.023392462088	0.0057604708892	1.0	-0.027136704734	-0.0274720350622	-0.0136274392965	0.025357070341	-0.0402963690574	-0.0500230873821	0.00808465933575	0.00395166131265	0.0066139371504	-0.00452951388051	0.0193541704066	0.00316917598665	-0.0187314078399	-0.0436647008972	0.017951379478	0.0212585170902	-0.0339757287139	-0.0571324662831	-0.0619836056193	-0.0357093257393	0.0814146253761	-0.000439209619568	-0.0184924476507	-0.00235817329892	-0.0237177504094	-0.00537929456921	0.0178951639187	-0.00048449550289	0.0430302029094	0.0210369121039	0.0265762580912	0.0407015583045	0.0253661201407	-0.0462958773449	0.0029834825191	0.023819047081	-0.00549256124979
k__Bacteria;p__Proteobacteria;c__Betaproteobacteria;o__Burkholderiales;f__Sutterellaceae;g__Parasutterella;s__Parasutterella_excrementihominis	-0.00120937176999	-0.024610490901	0.0109818458289	-0.0141370066679	0.00699081972267	-0.0259668164942	-0.0443798948255	0.00105038340521	-0.0137017750907	0.00715485662739	0.00270005172886	0.0423225198265	0.0157013034311	0.0421798897035	-0.0110066873698	-0.00614365029399	0.0203229469611	-0.011495804608	0.00349432456545	0.0269353486888	0.00388561975917	-0.027136704734	1.0	-0.0537202557719	-0.0259058796706	-0.0627771747246	-0.0101382744401	-0.0296079809207	0.00501669260805	-0.00416014118527	-0.00189674731734	-0.00865929184194	-0.0158459342193	-0.0244395827852	-0.014989900163	-0.0508941003786	-0.0178978668858	-0.00416741117913	-9.05995033116e-05	0.00524313191892	0.0130260340362	-0.00339607610032	-0.00064344037196	0.0237510731304	-0.0123697432535	0.00833668639667	-0.0280467177726	0.0012824169102	0.0702323687532	-0.0532854438465	-0.00154618917165	0.00448437190454	0.00580617879286	-0.0109619181534	0.0126820815725	-0.0266636131792	-0.0102476584065	-0.0237897939945	-0.0376434852255
k__Bacteria;p__Actinobacteria;c__Actinobacteria;o__Bifidobacteriales;f__Bifidobacteriaceae;g__Bifidobacterium;s__Bifidobacterium_adolescentis	0.0596502521326	0.0132032423856	0.0238049330028	-0.0480347390613	-0.0049189288482	0.0395053688999	-0.00954131498976	-0.0281988396405	0.0144184935526	-0.036757522002	-0.0134461849093	0.0198005483396	-0.0203449008691	-0.00238584516337	0.0192343530856	0.033190394733	-0.0432418973855	0.0414104011203	-0.0407344806504	-0.0520889021045	0.0174538115273	-0.0274720350622	-0.0537202557719	1.0	0.0100579943561	0.0244189051952	0.037207007768	-0.000424617063081	-0.00657100117432	-0.000488582982665	-0.0327758181715	0.0224601216336	0.0118147308236	-0.0379937611672	-0.0345355058703	-0.0574700663672	0.00401922076355	0.0264800119397	-0.0347991259831	-0.0143141350291	0.0236790593977	-0.0555457737588	-0.0612973537644	0.0414017593774	-0.0180967131818	-0.0141707862581	-0.0161950490462	0.0277053007007	-0.024299966471	0.0153925959041	-0.00890886346434	-0.0129281099898	0.00577055335934	-0.0290877538197	-0.00838609982078	0.0039551008298	0.00970059997133	-0.0362932703754	-0.0104406153041
k__Bacteria;p__Firmicutes;c__Clostridia;o__Clostridiales;f__Oscillospiraceae;g__Oscillibacter;s__Oscillibacter_sp._KLE_1745	0.0273288222493	0.0531598418037	-0.00323062250547	-0.0134899957272	0.0352415516251	-0.0458885628391	-0.0375758390775	0.0197415723407	-0.0214226298829	-0.0261405736142	-0.0161165405191	-0.0248679600065	0.0428787685351	-0.0177624317903	-7.08012874854e-05	-0.0482796571668	-0.0102724524964	0.0103514132928	0.0241250281001	0.00807497993486	0.0553696167082	-0.0136274392965	-0.0259058796706	0.0100579943561	1.0	-0.011595177573	-0.0516500303571	0.0125185471475	0.0048216217298	0.0343591701801	0.00211167304388	0.00930757674246	-0.0401619180385	-0.0100078882003	-0.0602875298778	0.0107582471952	0.0417468254775	-0.0512839115437	-0.0199959992708	-0.0531601438795	-0.0289273163305	-0.0152060801114	-0.0432285130494	-0.0170443961915	-0.0417415194775	-0.106964352217	0.0104099139437	-0.0493153768648	-0.0105607179919	0.0498043621498	-0.0178868888639	0.0254305766011	-0.0309438619157	-0.0418397442262	-0.0272490089424	0.0105132368963	-0.0216969948722	-0.0132917413993	-0.00576183058281
k__Bacteria;p__Bacteroidetes;c__Bacteroidia;o__Bacteroidales;f__Bacteroidaceae;g__Bacteroides;s__Bacteroides_coprophilus	-0.0170831990124	0.0126692383654	-0.0405698496254	-0.00531218788003	-0.0359523704518	0.00720812731505	-0.0416973686912	-0.0207213744183	-0.0416910834582	0.0058601197368	-0.0391791808318	0.0175906658884	0.00509285907114	0.0757877971883	0.00136119632617	0.025223783544	-0.000562160704323	0.00244726655471	-0.0502379222457	-0.0224262840712	0.0514046151133	0.025357070341	-0.0627771747246	0.0244189051952	-0.011595177573	1.0	-0.0243745453364	-0.0264406858841	-0.0106281985038	-0.0188599073131	-0.0381538591128	-0.0171386555918	0.0396257549117	-0.014559731724	0.0291939411402	-0.0371459016371	0.0371866117749	-0.00810271902262	0.00570249723225	-0.025967411372	-0.0347668368415	-0.0138702936429	-0.10794147917	-0.00833093086041	0.0134604454813	-0.0582308663151	-0.0101344084219	-0.00953518493095	-0.0509781943694	0.0271693155306	0.00654297624121	0.0255214598716	-0.0231876764951	-0.00110295051939	-0.00577747361921	-0.0130520887219	-0.000197629314042	0.0390348021724	-0.0229194301829
k__Bacteria;p__Firmicutes;c__Clostridia;o__Clostridiales;f__Lachnospiraceae;g__Roseburia;s__Roseburia_intestinalis	-0.0301177611363	0.017985386219	0.0166831006442	-0.0548950066164	0.0492715326979	-0.0219572256453	0.00206398769081	-0.0570575749946	0.0100434143216	-0.0368589078671	0.00823243135156	-0.00598492511736	-0.0200982336538	-0.034705626757	0.0096568753803	-0.0376543721016	-0.00339693949596	0.0359662897319	0.00817427437973	-0.0380418312314	-0.0120384623067	-0.0402963690574	-0.0101382744401	0.037207007768	-0.0516500303571	-0.0243745453364	1.0	-0.0306715732613	0.00690214135985	-0.0146395309006	-0.0488299597645	-0.00815053966424	-0.0686148058917	-0.013503206552	0.006802649752	-0.011492857158	-0.033472238859	-0.0519956375871	-0.0461637331306	-0.0562992233261	-0.00374089208296	-0.0560948514133	0.0209339450313	-0.00878754343553	0.0174236790365	-0.00335495976249	-0.0230988564799	0.0540764713021	-0.0849578259615	0.0402406350541	-0.000961368142404	-0.0602198355867	-0.0331694865392	0.0291676433114	0.0209481150203	-0.0393985908135	-0.0409961508095	0.00556200793629	0.0820682948134
k__Bacteria;p__Firmicutes;c__Clostridia;o__Clostridiales;f__Lachnospiraceae;g__Roseburia;s__Roseburia_hominis	0.0204732341102	0.0126257769395	0.0402066243047	0.0231276994153	-0.0181682219215	-0.0021294514257	0.00615924844726	-0.0268929263977	-0.0148589511838	-0.0255152602622	0.00297203055254	-0.0194004771869	0.020951197833	0.00458837104502	-0.0740308616891	0.0378115289102	0.0122421495364	-0.0127079342022	0.00522405426792	0.017250628675	-0.0644797982763	-0.0500230873821	-0.0296079809207	-0.000424617063081	0.0125185471475	-0.0264406858841	-0.0306715732613	1.0	-0.0103264171908	-0.0202811960492	-0.00622076638226	-0.0153190336115	0.0092527440891	-0.0138791187945	-0.0308841723092	0.0398270052052	-0.02474420834	-0.00382268117383	0.030175839296	0.00972769136163	-0.00186036813118	0.0099321461549	0.0503347168874	-0.0148984384701	-0.0607554278063	-0.0575197122962	0.00297238802032	-0.000295785935066	0.00935285484675	-0.0442305428955	0.0352574857731	0.0311227794084	0.013155885688	-0.0210268757672	-0.0282972364279	0.0288084248573	0.0040015700686	0.0209550414636	-0.028699760268
k__Bacteria;p__Bacteroidetes;c__Bacteroidia;o__Bacteroidales;f__Porphyromonadaceae;g__Parabacteroides;s__Parabacteroides_johnsonii	-0.00967071431481	-0.0380617118377	-0.0355156003267	0.0509192476883	0.0187518237598	-0.0698950313907	-0.0102945559458	-0.0368977577226	-0.00563053850938	-0.0626138855829	-0.0170350645856	0.0105780131997	-0.0386438448106	-0.0145198398335	-0.000121647942712	-0.0706696631789	0.0414656409895	-0.0386194676471	-0.0551868178214	-0.000779414835698	0.0477336138626	0.00808465933575	0.00501669260805	-0.00657100117432	0.0048216217298	-0.0106281985038	0.00690214135985	-0.0103264171908	1.0	-0.00357901614862	0.0235003772118	-0.00212088452953	0.0401922774301	-0.052602124797	-0.0285360737956	-0.0285401807235	0.0212090510389	-0.0299505967377	0.0319389691683	0.00351061554808	-0.0320541476699	0.0294362793895	-0.00633624889608	0.0362737708634	0.018842722167	0.00321534870801	-0.0674612104149	-0.0105014875534	0.0637140720092	-0.0102701248513	0.0335886532652	0.0350518451512	-0.00935673729457	0.0211558625211	0.00759025613223	-0.00147660678484	0.00169247932812	-0.0142664187137	-0.0356984710144
