#taxonomy	k__Bacteria;p__Bacteroidetes;c__Bacteroidia;o__Bacteroidales;f__Bacteroidaceae;g__Bacteroides;s__Bacteroides_vulgatus	k__Bacteria;p__Bacteroidetes;c__Bacteroidia;o__Bacteroidales;f__Bacteroidaceae;g__Bacteroides;s__Bacteroides_uniformis	k__Bacteria;p__Bacteroidetes;c__Bacteroidia;o__Bacteroidales;f__Rikenellaceae;g__Alistipes;s__Alistipes_putredinis	k__Bacteria;p__Bacteroidetes;c__Bacteroidia;o__Bacteroidales;f__Prevotellaceae;g__Prevotella;s__Prevotella_copri	k__Bacteria;p__Bacteroidetes;c__Bacteroidia;o__Bacteroidales;f__Bacteroidaceae;g__Bacteroides;s__Bacteroides_stercoris	k__Bacteria;p__Bacteroidetes;c__Bacteroidia;o__Bacteroidales;f__Bacteroidaceae;g__Bacteroides;s__Bacteroides_ovatus	k__Bacteria;p__Bacteroidetes;c__Bacteroidia;o__Bacteroidales;f__Rikenellaceae;g__Alistipes;s__Alistipes_shahii	k__Bacteria;p__Firmicutes;c__Clostridia;o__Clostridiales;f__Ruminococcaceae;g__Faecalibacterium;s__Faecalibacterium_prausnitzii	k__Bacteria;p__Bacteroidetes;c__Bacteroidia;o__Bacteroidales;f__Rikenellaceae;g__Alistipes;s__Alistipes_finegoldii	k__Bacteria;p__Bacteroidetes;c__Bacteroidia;o__Bacteroidales;f__Porphyromonadaceae;g__Parabacteroides;s__Parabacteroides_distasonis	k__Bacteria;p__Bacteroidetes;c__Bacteroidia;o__Bacteroidales;f__Bacteroidaceae;g__Bacteroides;s__Bacteroides_thetaiotaomicron	k__Bacteria;p__Bacteroidetes;c__Bacteroidia;o__Bacteroidales;f__Bacteroidaceae;g__Bacteroides;s__Bacteroides_coprocola	k__Bacteria;p__Bacteroidetes;c__Bacteroidia;o__Bacteroidales;f__Bacteroidaceae;g__Bacteroides;s__Bacteroides_cellulosilyticus	k__Bacteria;p__Bacteroidetes;c__Bacteroidia;o__Bacteroidales;f__Rikenellaceae;g__Alistipes;s__Alistipes_obesi	k__Bacteria;p__Firmicutes;c__Clostridia;o__Clostridiales;f__Lachnospiraceae;g__;s__[Eubacterium]_rectale	k__Bacteria;p__Bacteroidetes;c__Bacteroidia;o__Bacteroidales;f__Bacteroidaceae;g__Bacteroides;s__Bacteroides_plebeius	k__Bacteria;p__Bacteroidetes;c__Bacteroidia;o__Bacteroidales;f__Bacteroidaceae;g__Bacteroides;s__Bacteroides_fragilis	k__Bacteria;p__Proteobacteria;c__Betaproteobacteria;o__Burkholderiales;f__Sutterellaceae;g__Sutterella;s__Sutterella_wadsworthensis	k__Bacteria;p__Bacteroidetes;c__Bacteroidia;o__Bacteroidales;f__Porphyromonadaceae;g__Barnesiella;s__Barnesiella_intestinihominis	k__Bacteria;p__Bacteroidetes;c__Bacteroidia;o__Bacteroidales;f__Odoribacteraceae;g__Odoribacter;s__Odoribacter_splanchnicus	k__Bacteria;p__Bacteroidetes;c__Bacteroidia;o__Bacteroidales;f__Bacteroidaceae;g__Bacteroides;s__Bacteroides_salyersiae	k__Bacteria;p__Firmicutes;c__Clostridia;o__Clostridiales;f__Ruminococcaceae;g__Ruminiclostridium;s__[Eubacterium]_siraeum	k__Bacteria;p__Proteobacteria;c__Betaproteobacteria;o__Burkholderiales;f__Sutterellaceae;g__Parasutterella;s__Parasutterella_excrementihominis	k__Bacteria;p__Actinobacteria;c__Actinobacteria;o__Bifidobacteriales;f__Bifidobacteriaceae;g__Bifidobacterium;s__Bifidobacterium_adolescentis	k__Bacteria;p__Firmicutes;c__Clostridia;o__Clostridiales;f__Oscillospiraceae;g__Oscillibacter;s__Oscillibacter_sp._KLE_1745	k__Bacteria;p__Bacteroidetes;c__Bacteroidia;o__Bacteroidales;f__Bacteroidaceae;g__Bacteroides;s__Bacteroides_coprophilus	k__Bacteria;p__Firmicutes;c__Clostridia;o__Clostridiales;f__Lachnospiraceae;g__Roseburia;s__Roseburia_intestinalis	k__Bacteria;p__Firmicutes;c__Clostridia;o__Clostridiales;f__Lachnospiraceae;g__Roseburia;s__Roseburia_hominis	k__Bacteria;p__Bacteroidetes;c__Bacteroidia;o__Bacteroidales;f__Porphyromonadaceae;g__Parabacteroides;s__Parabacteroides_johnsonii	k__Bacteria;p__Actinobacteria;c__Actinobacteria;o__Bifidobacteriales;f__Bifidobacteriaceae;g__Bifidobacterium;s__Bifidobacterium_longum	k__Bacteria;p__Firmicutes;c__Clostridia;o__Clostridiales;f__;g__Flavonifractor;s__Flavonifractor_plautii	k__Bacteria;p__Firmicutes;c__Clostridia;o__Clostridiales;f__Clostridiaceae;g__Clostridium;s__Clostridium_phoceensis	k__Bacteria;p__Verrucomicrobia;c__Verrucomicrobiae;o__Verrucomicrobiales;f__Akkermansiaceae;g__Akkermansia;s__Akkermansia_muciniphila	k__Bacteria;p__Bacteroidetes;c__Bacteroidia;o__Bacteroidales;f__Prevotellaceae;g__Paraprevotella;s__Paraprevotella_xylaniphila	k__Bacteria;p__Firmicutes;c__Clostridia;o__Clostridiales;f__Ruminococcaceae;g__Ruminococcus;s__Ruminococcus_callidus	k__Bacteria;p__Bacteroidetes;c__Bacteroidia;o__Bacteroidales;f__Rikenellaceae;g__Alistipes;s__Alistipes_senegalensis	k__Bacteria;p__Firmicutes;c__Clostridia;o__Clostridiales;f__Lachnospiraceae;g__Blautia;s__Blautia_sp._KLE_1732	k__Bacteria;p__Bacteroidetes;c__Bacteroidia;o__Bacteroidales;f__Bacteroidaceae;g__Bacteroides;s__Bacteroides_oleiciplenus	k__Bacteria;p__Firmicutes;c__Clostridia;o__Clostridiales;f__Ruminococcaceae;g__Ruminococcus;s__Ruminococcus_bicirculans	k__Bacteria;p__Bacteroidetes;c__Bacteroidia;o__Bacteroidales;f__Bacteroidaceae;g__Bacteroides;s__Bacteroides_fluxus	k__Bacteria;p__Bacteroidetes;c__Bacteroidia;o__Bacteroidales;f__Prevotellaceae;g__Prevotella;s__Prevotella_stercorea	k__Bacteria;p__Firmicutes;c__Clostridia;o__Clostridiales;f__Lachnospiraceae;g__Dorea;s__Dorea_longicatena	k__Bacteria;p__Firmicutes;c__Clostridia;o__Clostridiales;f__Eubacteriaceae;g__Eubacterium;s__[Eubacterium]_eligens	k__Bacteria;p__Firmicutes;c__Clostridia;o__Clostridiales;f__Ruminococcaceae;g__;s__Ruminococcaceae_bacterium_D16	k__Bacteria;p__Firmicutes;c__Clostridia;o__Clostridiales;f__Lachnospiraceae;g__Coprococcus;s__Coprococcus_comes	k__Bacteria;p__Proteobacteria;c__Gammaproteobacteria;o__Enterobacterales;f__Enterobacteriaceae;g__Escherichia;s__Escherichia_coli	k__Bacteria;p__Firmicutes;c__Clostridia;o__Clostridiales;f__Ruminococcaceae;g__Anaerotruncus;s__Anaerotruncus_colihominis	k__Bacteria;p__Firmicutes;c__Clostridia;o__Clostridiales;f__Lachnospiraceae;g__Blautia;s__Blautia_obeum	k__Bacteria;p__Bacteroidetes;c__Bacteroidia;o__Bacteroidales;f__Odoribacteraceae;g__Odoribacter;s__Odoribacter_laneus	k__Bacteria;p__Firmicutes;c__Clostridia;o__Clostridiales;f__Ruminococcaceae;g__Ruminiclostridium;s__[Clostridium]_leptum	k__Bacteria;p__Bacteroidetes;c__Bacteroidia;o__Bacteroidales;f__Porphyromonadaceae;g__Parabacteroides;s__Parabacteroides_goldsteinii	k__Bacteria;p__Firmicutes;c__Clostridia;o__Clostridiales;f__Lachnospiraceae;g__Anaerostipes;s__Anaerostipes_hadrus	k__Bacteria;p__Firmicutes;c__Clostridia;o__Clostridiales;f__Ruminococcaceae;g__Ruminococcus;s__Ruminococcus_lactaris	k__Bacteria;p__Firmicutes;c__Clostridia;o__Clostridiales;f__Clostridiaceae;g__Clostridium;s__Clostridium_sp._L2-50	k__Bacteria;p__Firmicutes;c__Clostridia;o__Clostridiales;f__Clostridiaceae;g__Clostridium;s__Clostridium_sp._M62/1	k__Bacteria;p__Firmicutes;c__Clostridia;o__Clostridiales;f__;g__Intestinimonas;s__Intestinimonas_butyriciproducens	k__Bacteria;p__Actinobacteria;c__Actinobacteria;o__Bifidobacteriales;f__Bifidobacteriaceae;g__Bifidobacterium;s__Bifidobacterium_bifidum	k__Bacteria;p__Firmicutes;c__Negativicutes;o__Veillonellales;f__Veillonellaceae;g__Dialister;s__Dialister_invisus	k__Bacteria;p__Bacteroidetes;c__Bacteroidia;o__Bacteroidales;f__Bacteroidaceae;g__Bacteroides;s__Bacteroides_salanitronis
k__Bacteria;p__Bacteroidetes;c__Bacteroidia;o__Bacteroidales;f__Bacteroidaceae;g__Bacteroides;s__Bacteroides_vulgatus	1.0	-0.0666988703669	-0.0390579266151	-0.0151244738196	-0.0297837095809	-0.00792708560556	-0.0333192237371	-0.0111018032821	0.0110136275703	-0.00894034206507	-0.010331780783	-0.0368559157338	-0.0106357859273	0.0225673859224	0.0294422426843	-0.0312288217867	-0.0672563777343	0.0239855454156	0.0538071943033	0.0164591133491	0.0338619936079	0.00384590659422	-0.0235059145614	-0.00042419865521	0.0461142321277	-0.0142031565212	-0.0241836718601	-0.0220874467879	-0.058933770195	-0.0227427845583	0.0103094042785	-0.054106745214	-0.0347094612143	-0.0315889189957	-0.00249630482416	-0.0228178359332	-0.0126587707733	0.0093815007514	0.039705045942	0.0249932989979	-0.00163674637357	-0.0161755853297	0.0322730554182	-0.0577314015995	-0.0693946213824	-0.0116115101488	-0.00853394674549	-0.0169827714964	-0.0584252405556	-0.0230357457923	0.00679614943884	0.0259765893709	0.0227795434313	-0.0467432237591	0.0413467064981	0.0116250891197	0.0521983634009	0.0107367576332	0.0237235576054
k__Bacteria;p__Bacteroidetes;c__Bacteroidia;o__Bacteroidales;f__Bacteroidaceae;g__Bacteroides;s__Bacteroides_uniformis	-0.0666988703669	1.0	-0.0268877474614	-0.0320970008121	-0.0392893321506	0.01637830464	0.0538338992123	-0.0463968574764	-0.053927430077	0.0144004511571	0.00917749155277	0.00406041563298	-0.0641539847736	0.0344308385674	-0.0640550199237	-0.0538770331522	-0.0310382449274	-0.00184092517944	0.00742643701242	-0.000703570557547	0.0584346586558	0.0123194727468	0.0253152844257	-0.0208970255773	-0.0316718219321	-0.0444270846968	0.032189553239	0.0702960050155	0.0181547967621	-0.0530491178197	0.0440787274126	0.0308348267207	-0.018666399541	0.00424091043072	-0.0542515086779	-0.0263082340834	0.0207517244611	0.0106448640852	-0.0113863602799	0.0205133381728	-0.0317957504675	0.00325774769202	-0.00952451405371	-0.0738322484718	0.0207937048439	0.0610201656587	-0.0360269102568	-0.0497868083424	-0.0131193085504	0.00359338439274	-0.0247176754643	0.0249250453822	0.0381231721945	-0.0102290629586	0.0226809375978	0.00603306316957	-0.0228698216855	-0.00881613003733	0.0356365080761
k__Bacteria;p__Bacteroidetes;c__Bacteroidia;o__Bacteroidales;f__Rikenellaceae;g__Alistipes;s__Alistipes_putredinis	-0.0390579266151	-0.0268877474614	1.0	-0.0217504002696	-0.0352062446349	0.011478037132	0.0283672204855	-0.00803454840715	0.0123752432943	0.00473947040958	0.0212168147384	0.0362989444701	0.0484795903214	-0.0184602420684	0.0275464599878	-0.0247304758198	-0.0110384038883	-0.0225415364742	0.0332237371842	-0.0193849623176	-0.0297564951438	-0.0206922357604	-0.000635885347587	0.0269053220523	-0.0418377568145	-0.00720122766882	0.0101801858885	0.0555608268631	0.00534963249799	-0.0213179398693	0.042823099003	-0.0534765228198	-0.0191036901961	-0.0080196703292	0.00868412396104	-0.00216415261657	0.00474136943791	-0.0332564127012	0.00473282566196	-0.0200119159845	-0.047837647422	0.0137905569187	0.0294477371417	0.0435698011405	0.0292150702301	0.0111158549044	0.0106914390301	-0.00890094207201	0.00297080339149	-0.0386601420716	-0.0506169479372	-0.0691615990775	-0.0140089918318	-0.0574248126911	-0.00809017388479	-0.0569599064419	-0.0414222024921	0.0313110119456	-0.0185739614941
k__Bacteria;p__Bacteroidetes;c__Bacteroidia;o__Bacteroidales;f__Prevotellaceae;g__Prevotella;s__Prevotella_copri	-0.0151244738196	-0.0320970008121	-0.0217504002696	1.0	0.00885262040074	0.0189313104729	-0.0319654634431	0.0115435018371	0.00467689394729	-0.024097334179	0.00199009940999	-0.034326623792	-0.0558408868795	0.0167430937865	-0.0102663742646	-0.032280530244	-0.0148084248686	0.026091371944	0.00549977764084	0.0132952749342	0.0228381266616	0.0607410431274	-0.0201946669614	-0.0202334678765	0.0158885500422	-0.0617960544107	-0.0566561293324	0.0115364943443	0.00801924374223	0.0226198159509	0.0105142680468	-0.0164755446344	-0.0201470020547	-0.00207227581242	0.000929987372441	0.0374574642408	0.0261040146526	0.0122803312501	-0.0338781195282	-0.0271331146982	-0.0100636780171	-0.002509072638	0.0399415175529	-0.0309735872707	-0.0422803961749	-0.0135879187156	0.0343212352678	-0.0237475277414	-0.0581243204171	-0.0493821530861	-0.0197299578734	-0.0310052352013	0.0103279410618	-0.00581323562866	-0.000619471923609	0.013447003897	-0.0431887844933	0.0171638400927	0.0393545442226
k__Bacteria;p__Bacteroidetes;c__Bacteroidia;o__Bacteroidales;f__Bacteroidaceae;g__Bacteroides;s__Bacteroides_stercoris	-0.0297837095809	-0.0392893321506	-0.0352062446349	0.00885262040074	1.0	-0.0116950891069	-0.020830273816	0.0426654448287	-0.0206435653653	-0.00710076979777	0.0112570065892	-0.0225967511897	-0.0195914570001	-0.00866877970109	-0.0187836267006	0.0399802282011	-0.0222534131951	2.13345064522e-05	0.00903613359222	-0.0502816022743	-0.0327658741287	-0.0267774701607	-0.0167763601225	0.00314093887068	-0.0163524307572	0.0005021070223	-0.0342870645203	0.02124737878	0.000997962836062	0.0503975789183	0.0173134350678	-0.0609304974677	0.0230731701503	0.0586427776112	-0.00984762987528	-0.00522137168729	-0.0367320435661	-0.0213215835149	0.0680850971746	-0.0480893337117	-0.0284960877024	-0.0545714067623	-0.0163169200752	-0.0327590146958	0.0186464741462	0.00742713412397	-0.00589465942327	-0.0128324325977	0.0502817467055	-0.0177140918015	-0.0682888533657	-0.0370855994509	0.0247291531665	0.0548617858823	-0.0174305654451	-0.0120516230266	-0.0231298212996	-0.0158088616657	0.0112363694437
k__Bacteria;p__Bacteroidetes;c__Bacteroidia;o__Bacteroidales;f__Bacteroidaceae;g__Bacteroides;s__Bacteroides_ovatus	-0.00792708560556	0.01637830464	0.011478037132	0.0189313104729	-0.0116950891069	1.0	0.0436347681825	-0.054310960269	-0.0445621832787	-0.0513578675645	0.0208907205162	0.027026262826	0.0635116166861	-0.0121766253604	0.0207406891565	0.00203548909166	0.0326880934543	0.0233819859431	0.0277713266571	-0.014967422484	-0.00778339984055	-0.0120651903217	0.00164225252214	-0.00338866427281	0.0145441173158	0.0232795341094	-0.0270961316445	-0.0279154758772	0.00239760560788	0.0136637663714	-0.0542346237013	-0.00318011492881	-0.00836074055897	0.0129410968878	-0.037358752319	-0.00240336072255	-0.0319509650051	0.0116588707449	0.000919535466818	-0.0476351429527	0.00570623785337	0.0106486333153	-0.00173101830329	-0.0333316380976	0.0494363792971	-0.00491530451613	-0.0137170920471	-0.0401592229019	-0.0261121414059	-0.045846420062	-0.0504484575336	-0.00598192926025	-0.0258166551956	-0.0431806578145	-0.0464323044244	0.0343541946382	0.0109834899179	0.0141701613068	0.0160104331719
k__Bacteria;p__Bacteroidetes;c__Bacteroidia;o__Bacteroidales;f__Rikenellaceae;g__Alistipes;s__Alistipes_shahii	-0.0333192237371	0.0538338992123	0.0283672204855	-0.0319654634431	-0.020830273816	0.0436347681825	1.0	-0.0187326190314	-0.0105344197377	0.0192429278482	-0.0383115481167	-0.0116999422956	-0.0211522975868	0.0496851961793	-0.0320524026286	-0.00170987454515	0.0080857219981	0.0489295068807	0.0240244116807	-0.0209856788186	0.00387316625447	-0.0424987898714	-0.00784065728947	0.0193713782988	-0.0589260727781	-0.0285343346271	0.0501231467747	0.0332949677143	0.0115680248273	-0.0140529352423	-0.0177456595534	0.00977879340567	-0.0480823563591	-0.0113067606218	0.0580560574055	0.00247703676299	0.0131909076462	-0.024673949196	-0.0123114870937	0.0531228554894	-0.0354557702944	0.00710523461611	-0.0790543295978	0.0276220872976	0.0261943182742	0.0353440198815	-0.0535701368845	0.0255408953261	-0.0347130072481	0.00547763923529	-0.00893383661452	0.0594215327974	0.0293737473362	0.0326605799854	-0.0175148444356	-0.0591771819729	-0.0336066354824	0.034188005508	-0.0267446129246
k__Bacteria;p__Firmicutes;c__Clostridia;o__Clostridiales;f__Ruminococcaceae;g__Faecalibacterium;s__Faecalibacterium_prausnitzii	-0.0111018032821	-0.0463968574764	-0.00803454840715	0.0115435018371	0.0426654448287	-0.054310960269	-0.0187326190314	1.0	0.0305703197615	0.0118272387473	-0.0187774344607	0.00643110428214	0.00615319584202	-0.0194396337316	0.00424657033782	0.0483751264808	0.0119050371343	-0.0080542536763	-0.0344302661513	-0.010963620176	-0.0274689855215	0.012380452305	0.00159331185914	0.0216317837923	-0.051696269368	-0.038734797481	-0.016885970799	0.000516324453006	-0.025934120425	0.0303573791752	0.0146730721876	-0.0155392231215	-0.0145116546442	-0.0343777483035	0.00240418045488	0.000755788598087	-0.0455777558833	0.0190386894435	0.00419914563307	0.0103459671805	-0.00694367584475	-0.0172770729663	-0.00229121537256	-0.0178988654493	-0.0304520277314	-0.0188059502132	-0.0377350920468	-0.0510294759479	-0.00911118102921	0.0222263454841	0.0286688283349	-0.00201137878647	0.0212313929915	-0.005185573187	-0.0162973019079	0.0115205278004	-0.0282809369493	-0.0475624163332	-0.00192417022887
k__Bacteria;p__Bacteroidetes;c__Bacteroidia;o__Bacteroidales;f__Rikenellaceae;g__Alistipes;s__Alistipes_finegoldii	0.0110136275703	-0.053927430077	0.0123752432943	0.00467689394729	-0.0206435653653	-0.0445621832787	-0.0105344197377	0.0305703197615	1.0	0.0383852388782	-0.0616781893255	-0.0065865470552	0.0268167762378	0.0026106077538	0.0718836028196	-0.0460048523931	-0.0103374004259	-0.0227948847668	0.00460576244886	-0.0471729351164	0.0232027983134	0.00667806694345	-0.0524276751763	0.031075595508	0.00175125349889	0.0297977132437	-0.0428373191386	-0.0453311231222	0.0116281792783	0.0127642127997	-0.0582234561461	-0.00660582512214	0.00911083957939	-0.0121938372485	-0.0193300026236	-0.0160411233476	-0.0286265766374	-0.0719550367182	-0.00905374726993	0.032150593495	-0.0214461787658	-0.00416458352687	0.035544667442	-0.0119344860087	-0.00779853046217	0.0100829476086	-0.0539473767972	0.00815523590764	-0.0131454776067	-0.0440604602498	0.0175079824445	-0.0190777452663	0.0116003979075	-0.00263049115297	0.0253509279064	-0.00575901473418	0.00196719918073	-0.0432398276422	0.0305207593552
k__Bacteria;p__Bacteroidetes;c__Bacteroidia;o__Bacteroidales;f__Porphyromonadaceae;g__Parabacteroides;s__Parabacteroides_distasonis	-0.00894034206507	0.0144004511571	0.00473947040958	-0.024097334179	-0.00710076979777	-0.0513578675645	0.0192429278482	0.0118272387473	0.0383852388782	1.0	0.00829212261765	-0.0279000720854	0.0130050872086	0.0241629704103	0.0193265935026	0.00571196359908	-0.00575061797659	-0.0053973549	0.00348130467926	0.00173586134536	0.0109600732725	0.00959635594974	0.0149631506761	0.0409964777637	0.0404228758342	0.011417398843	0.025275084619	0.0432970511299	0.0179563899597	0.0020966719031	-0.0150080205549	0.00922855238535	0.0230524069765	-0.0193000607343	-0.0254707447409	-0.0149071213649	0.00166172433567	0.017492727028	-0.0313594325714	0.048730192779	-0.0262509617088	-0.0445150525946	-0.00822044468217	-0.0109544411366	-0.00144871699656	-0.0253117962269	0.00526713970159	0.011667231137	0.00249229182987	-0.000840603022868	-0.0962038980425	-0.0153618743102	0.00591990181125	-0.00369838806988	-0.0222893042671	0.0188512936209	0.0187464795381	-0.0369897410688	-0.0637895619397
k__Bacteria;p__Bacteroidetes;c__Bacteroidia;o__Bacteroidales;f__Bacteroidaceae;g__Bacteroides;s__Bacteroides_thetaiotaomicron	-0.010331780783	0.00917749155277	0.0212168147384	0.00199009940999	0.0112570065892	0.0208907205162	-0.0383115481167	-0.0187774344607	-0.0616781893255	0.00829212261765	1.0	-0.00361191408691	-0.0402781259272	-0.0311494495182	0.0391148232735	-0.0485139881127	0.041772229618	0.0267128107059	-0.0348707917883	-0.0195602094949	-0.032400916186	0.0633342514361	0.0266925054073	-0.0407559006464	0.010507019699	0.0255147228935	0.00570911037325	0.0563908289775	-0.0259471229528	-0.0210647089502	0.023663127752	-0.0189469485703	0.0523625642177	-0.00777490810602	0.00598887150357	-0.0316383741135	-0.0174763874126	0.0309413330685	0.0191320908766	-0.0444772129474	-0.00455018424396	-0.0728596890323	-0.0337249487561	-7.64064863938e-05	-0.0226383929494	-0.0703654899534	-0.0255886153585	-0.0428344470312	-0.0358719566794	-0.0332680226909	-0.00256765918919	-0.0012084041659	-0.0427714905807	-0.00408566913862	-0.00396557697342	-9.77397625939e-05	-0.0635410576612	0.00850014053351	-0.00838651765303
k__Bacteria;p__Bacteroidetes;c__Bacteroidia;o__Bacteroidales;f__Bacteroidaceae;g__Bacteroides;s__Bacteroides_coprocola	-0.0368559157338	0.00406041563298	0.0362989444701	-0.034326623792	-0.0225967511897	0.027026262826	-0.0116999422956	0.00643110428214	-0.0065865470552	-0.0279000720854	-0.00361191408691	1.0	-0.0193131240991	0.00391955973046	-0.0200945973521	0.0247026353583	-0.0248409891397	-0.000630118877264	-0.00828418461187	-0.0282679165506	-0.0248155719475	0.0420200905504	0.00765892002152	-0.0337050476334	0.0113880883171	0.0414954270738	-0.0814496189844	-0.0425402472365	-0.00799583199916	-0.0104812782901	-0.0361685489672	-0.0173338792895	0.012283111156	0.0761062342648	0.00461220545349	0.0153530449246	-0.0315106104588	-0.0202866946476	-0.00942490012431	0.0645752259514	-0.0248667768482	-0.00811310865353	-0.0314711135611	-0.0140675801122	-0.0139386792915	-0.00102752055145	-0.0241520309176	-0.0639236307362	0.0206842575821	0.0182227372955	-0.00327409458661	-0.0484099142515	0.0251337004146	-0.0230102665603	-0.0650095154736	-0.000360713653912	-0.02990148826	0.0494649052375	-0.0070172191504
k__Bacteria;p__Bacteroidetes;c__Bacteroidia;o__Bacteroidales;f__Bacteroidaceae;g__Bacteroides;s__Bacteroides_cellulosilyticus	-0.0106357859273	-0.0641539847736	0.0484795903214	-0.0558408868795	-0.0195914570001	0.0635116166861	-0.0211522975868	0.00615319584202	0.0268167762378	0.0130050872086	-0.0402781259272	-0.0193131240991	1.0	-0.0134470964244	0.0625994926882	0.00212547604911	-0.0311211746544	0.0342474150061	0.0320836729152	0.0184152831252	-0.018262286472	-0.0290268112365	-0.00167434300443	0.0738101696423	-0.048487434471	0.0256257890568	0.0210348644616	0.0500792158489	-0.00894983152038	-0.0257290182253	0.0168725029988	-0.0335295225003	-0.041144181017	-0.0221906958683	-0.0227941708912	-0.0173008993544	0.0121721158142	0.00290426336788	0.0129112157008	-0.0167205176718	-0.0286803674034	0.00589477588313	0.0275825362283	-0.0275795242457	-0.00219864129772	0.0433417647359	-0.0360803716622	-0.0446044540117	0.0222071213893	-0.0166023305017	0.0114346303307	-0.0321521771815	0.0943781313194	0.00565807644024	0.0361351886837	-0.0350451764511	-0.0328861437371	-0.0424886096565	0.0188117897431
k__Bacteria;p__Bacteroidetes;c__Bacteroidia;o__Bacteroidales;f__Rikenellaceae;g__Alistipes;s__Alistipes_obesi	0.0225673859224	0.0344308385674	-0.0184602420684	0.0167430937865	-0.00866877970109	-0.0121766253604	0.0496851961793	-0.0194396337316	0.0026106077538	0.0241629704103	-0.0311494495182	0.00391955973046	-0.0134470964244	1.0	0.0625827869054	-0.0259519307123	-0.0312820689649	0.006571058309	-0.0421913170835	0.00522817250648	0.0219405697389	-0.0181889807631	0.0223189205889	-0.0298483135123	-0.0124643266043	-0.00257155481776	0.0169670212427	-0.0521630849072	0.00297250418384	-0.0167433505208	-0.0631695418588	-0.0332654574167	-0.0151288612525	0.0344953733314	0.0422027441621	0.00805211593024	0.0174135898393	0.0105603973562	-0.0481107526216	0.0101745715377	-0.0366163261774	-0.00517508371456	0.0314599504039	-0.0128039841451	-0.0244596297008	-0.0302722685771	-0.00177751869641	-0.0569845240448	0.00212363463432	0.0255862145402	0.00383001526473	0.00406089376309	-0.0190025887257	-0.00171705992799	-0.0143685515928	0.0203240926396	-0.0186870379777	0.00674778536185	-0.00658274048731
k__Bacteria;p__Firmicutes;c__Clostridia;o__Clostridiales;f__Lachnospiraceae;g__;s__[Eubacterium]_rectale	0.0294422426843	-0.0640550199237	0.0275464599878	-0.0102663742646	-0.0187836267006	0.0207406891565	-0.0320524026286	0.00424657033782	0.0718836028196	0.0193265935026	0.0391148232735	-0.0200945973521	0.0625994926882	0.0625827869054	1.0	0.0646831156925	-0.0329317599081	-0.0509368715294	-0.0098684758748	0.00378430966734	0.00716099523685	-0.0925809785837	-0.00120921262274	-0.0130242869649	0.00217616252694	-0.0187939542116	-0.0315295769248	-0.0336172372031	-0.0228995042624	-0.0374925850595	-0.00893383872392	-0.0400481842338	0.0132618197503	0.00337734754316	0.019098826771	-0.023862428389	0.00791250158322	-0.0356120324679	0.0379300835435	0.0314801187322	0.00435587534519	-0.0088225543562	0.00456728867424	0.0152034675419	0.014851119265	-0.0259891344608	-0.00247335981761	0.00668171980679	-0.0200621637872	-0.0630103786922	-0.0195695037936	-0.105337862018	-0.0296622315312	-0.021231589544	-0.0368344564084	-0.0230112207292	-0.0176022279891	-0.0188891916034	-0.0407237318837
k__Bacteria;p__Bacteroidetes;c__Bacteroidia;o__Bacteroidales;f__Bacteroidaceae;g__Bacteroides;s__Bacteroides_plebeius	-0.0312288217867	-0.0538770331522	-0.0247304758198	-0.032280530244	0.0399802282011	0.00203548909166	-0.00170987454515	0.0483751264808	-0.0460048523931	0.00571196359908	-0.0485139881127	0.0247026353583	0.00212547604911	-0.0259519307123	0.0646831156925	1.0	-0.0484223189999	0.0313985554343	-0.0221090913835	-0.0395165325327	-0.0689173409881	-0.0414377474494	0.013020490982	0.0448117405154	0.00920749160923	-0.0264877551271	-0.0570646664788	-0.0441876684309	-0.0190507001658	-0.0806754981723	0.00621250851292	0.0437989176131	0.00382489700514	0.0267862161227	0.0713501447417	-0.0115428171383	-0.0221006542203	-0.0131873324145	0.0538638803356	0.0603257670737	0.0184665800947	-5.68432398419e-06	-0.0284187851821	-0.0262413310845	0.00162102760362	-0.0215451570701	-0.0405513221636	-0.00328997195872	-0.00687795895786	-0.044104115166	0.0231411560538	-0.00931729257627	-0.00291494191011	-0.0635026473378	0.0564470356985	-0.0148516242697	-0.0129777434724	-0.00416937712095	-0.0114349495967
k__Bacteria;p__Bacteroidetes;c__Bacteroidia;o__Bacteroidales;f__Bacteroidaceae;g__Bacteroides;s__Bacteroides_fragilis	-0.0672563777343	-0.0310382449274	-0.0110384038883	-0.0148084248686	-0.0222534131951	0.0326880934543	0.0080857219981	0.0119050371343	-0.0103374004259	-0.00575061797659	0.041772229618	-0.0248409891397	-0.0311211746544	-0.0312820689649	-0.0329317599081	-0.0484223189999	1.0	0.0323524991824	0.0129035617621	-0.00493764757444	-0.0118998163709	0.0248172972216	0.00109692369962	-0.0332571538795	-0.00158674105749	0.05506861924	-0.0253665334929	-0.014310276549	0.00112312056999	0.017147420319	-0.0324834272044	-0.016037432865	0.0301540370086	-0.0326376963861	-0.0288954214091	-0.0238546109082	-0.00343214494192	-0.0329052966695	0.000421628388656	0.0178412436672	-0.0021264417275	-0.00573769482133	-0.0319204606965	0.0112040026991	-0.0317656170705	-0.0544065144752	0.0187779806603	-0.021340943501	0.0167975952513	-0.0126082612346	-0.0133058345458	-0.0468160695171	0.0632328507834	0.0172538755956	-0.029207862236	0.0503311650627	-0.0465307463641	-0.0455207077391	0.0425572328706
k__Bacteria;p__Proteobacteria;c__Betaproteobacteria;o__Burkholderiales;f__Sutterellaceae;g__Sutterella;s__Sutterella_wadsworthensis	0.0239855454156	-0.00184092517944	-0.0225415364742	0.026091371944	2.13345064521e-05	0.0233819859431	0.0489295068807	-0.0080542536763	-0.0227948847668	-0.0053973549	0.0267128107059	-0.000630118877264	0.0342474150061	0.006571058309	-0.0509368715294	0.0313985554343	0.0323524991824	1.0	-0.0198523133658	-0.0130557613469	0.0240520876922	0.0377055962207	-0.038237492107	0.0228065129748	-0.00222808125582	0.0194424579389	-0.0120628543158	-0.0226515458811	-0.00521738929847	-0.00520778657362	0.0308794020748	0.0134881321034	0.0168597841249	-0.078344239941	0.0215186876133	-0.0193289822257	-0.0462657835729	-0.0265684716384	0.00799364702301	-0.0754023954687	0.00312713328387	-0.0359278216438	-0.0426327855899	-0.011042403525	0.00479998425397	-0.0328514837289	0.00887578214105	-0.00903817773613	0.00561253329767	0.0181519453899	-0.0299545361435	0.0582321013951	0.0295640796465	-0.0501115089829	-0.0183018427654	0.00863488922674	-0.0384640298961	0.00473652685075	-0.0417458167348
k__Bacteria;p__Bacteroidetes;c__Bacteroidia;o__Bacteroidales;f__Porphyromonadaceae;g__Barnesiella;s__Barnesiella_intestinihominis	0.0538071943033	0.00742643701242	0.0332237371842	0.00549977764084	0.00903613359222	0.0277713266571	0.0240244116807	-0.0344302661513	0.00460576244886	0.00348130467926	-0.0348707917883	-0.00828418461187	0.0320836729152	-0.0421913170835	-0.0098684758748	-0.0221090913835	0.0129035617621	-0.0198523133658	1.0	0.0340443823959	-0.0379929214367	-0.0525321363883	0.0361446862446	-0.0490656605438	0.0266776054033	0.00943685336893	-0.0216541855858	0.0115355847322	0.00481209435434	-0.0564139367836	-0.0168539417289	0.0215167268663	-0.0236712780103	-0.0276818695462	0.0170638276452	-0.0403640648573	0.0388556592177	-0.00749399600914	-0.0245849932772	-0.0363379736365	0.0128732031447	-0.0205286281275	0.0131070649195	-0.0240301021016	-0.00983607805231	-0.0379809016429	0.0432249531566	0.00418840405325	0.00629444981259	-0.0243029655903	-0.0594044929684	0.0296917429999	-0.0234700913227	0.0438529400422	-0.01961098562	-0.0130660663763	-0.00999517007139	-0.0083952986636	0.0565078940883
k__Bacteria;p__Bacteroidetes;c__Bacteroidia;o__Bacteroidales;f__Odoribacteraceae;g__Odoribacter;s__Odoribacter_splanchnicus	0.0164591133491	-0.000703570557547	-0.0193849623176	0.0132952749342	-0.0502816022743	-0.014967422484	-0.0209856788186	-0.010963620176	-0.0471729351164	0.00173586134536	-0.0195602094949	-0.0282679165506	0.0184152831252	0.00522817250648	0.00378430966734	-0.0395165325327	-0.00493764757444	-0.0130557613469	0.0340443823959	1.0	-0.0266225797713	0.0175376086423	-0.0374242302032	0.0109751175318	-0.0300975871716	0.00014961731312	0.0124668417823	0.0445868556259	0.0254204967714	-0.0449707042547	-0.0545488785024	0.0772733058852	-0.0310676225631	0.000621759241504	0.0243780053006	-0.0695465422608	0.0253870725692	-0.0108375498566	-0.00908999164462	-0.0201815666267	-0.00409447494914	-0.0289798157563	0.0298440859068	-0.0233528639116	-0.000772614754398	0.049214567838	0.0400670188973	-0.0313639431561	-0.0449570481007	-0.00632339030189	-0.0289691233544	0.0271303900367	-0.00651459646523	-0.0135507148539	-0.00347376051003	0.00950498402828	-0.0290410317549	-0.0499502698689	0.0136982916508
k__Bacteria;p__Bacteroidetes;c__Bacteroidia;o__Bacteroidales;f__Bacteroidaceae;g__Bacteroides;s__Bacteroides_salyersiae	0.0338619936079	0.0584346586558	-0.0297564951438	0.0228381266616	-0.0327658741287	-0.00778339984055	0.00387316625447	-0.0274689855215	0.0232027983134	0.0109600732725	-0.032400916186	-0.0248155719475	-0.018262286472	0.0219405697389	0.00716099523685	-0.0689173409881	-0.0118998163709	0.0240520876922	-0.0379929214367	-0.0266225797713	1.0	-0.0146375588265	-0.0338620546434	-0.0331719953377	0.015377235016	0.0088180661056	0.0339903371827	0.0022052016239	0.0238509931297	0.0060897301136	0.00188584818176	-0.00118195543688	-0.011059962243	-0.0129818261688	-0.0235141785907	-0.0523205320159	-0.0180411512134	-0.0600421340701	0.00701345797118	-0.0354560238909	-0.0161300818838	-0.0712162963207	-0.0151655892717	-0.0220181116712	-0.00777703945595	0.0468315860161	0.0473660665956	0.00658940339151	0.00750966265165	0.0284688735921	0.0212376273757	-0.000721649931472	0.0368284147122	0.019977324989	0.0277311866944	-0.0441524282932	0.0162757009524	-0.0253117312026	0.0102411808373
k__Bacteria;p__Firmicutes;c__Clostridia;o__Clostridiales;f__Ruminococcaceae;g__Ruminiclostridium;s__[Eubacterium]_siraeum	0.00384590659422	0.0123194727468	-0.0206922357604	0.0607410431274	-0.0267774701607	-0.0120651903217	-0.0424987898714	0.012380452305	0.00667806694345	0.00959635594974	0.0633342514361	0.0420200905504	-0.0290268112365	-0.0181889807631	-0.0925809785837	-0.0414377474494	0.0248172972216	0.0377055962207	-0.0525321363883	0.0175376086423	-0.0146375588265	1.0	0.0332025174649	-0.0662509648815	-0.0253476689652	-0.031114968738	-0.0379116765348	-0.0242068563519	-0.0195272283027	-0.00924621129987	0.0238523197838	0.0655618772218	-0.0298023046385	-0.0277739597468	0.00762229841032	-0.0245254775551	0.00975901691218	-0.0511703276845	0.00256891987696	-0.0463625898313	0.0398465319954	-0.0146185779631	0.0200915262884	-0.0634037585811	-0.0570235579488	-0.0173504266701	-0.0851859277161	0.032408699445	-0.02654431644	0.0100782064796	0.00877401957285	0.0232208127185	-0.0204428435266	-0.0209471125328	-0.0363792405666	0.0415369600349	-0.0250181494749	0.0197894376555	-0.0647739307263
k__Bacteria;p__Proteobacteria;c__Betaproteobacteria;o__Burkholderiales;f__Sutterellaceae;g__Parasutterella;s__Parasutterella_excrementihominis	-0.0235059145614	0.0253152844257	-0.000635885347587	-0.0201946669614	-0.0167763601225	0.00164225252214	-0.00784065728947	0.00159331185914	-0.0524276751763	0.0149631506761	0.0266925054073	0.00765892002152	-0.00167434300443	0.0223189205889	-0.00120921262274	0.013020490982	0.00109692369962	-0.038237492107	0.0361446862446	-0.0374242302032	-0.0338620546434	0.0332025174649	1.0	0.0352141470179	-0.0908428411377	0.0140958551797	-0.0245351625218	-0.0155816777606	-0.038036910417	-0.04418597368	0.0274621579005	-0.0259384788902	-0.0190890108764	-0.060109926386	0.00714997253436	0.0256649065372	-0.0109602153334	-0.0718121005755	-0.014578627063	-0.0964571408065	0.0717489913984	0.0215181069493	0.0564367087946	-0.0580846402756	0.0123944225857	0.0434228864712	0.0108310854933	0.0181174473719	0.00261261931971	-0.0318139498065	-0.0387790895648	0.00417063336116	-0.0188063445503	0.00355998243916	-0.00610622819101	-0.0416538754238	0.00997977615568	-0.0317485652672	-0.0329545878188
k__Bacteria;p__Actinobacteria;c__Actinobacteria;o__Bifidobacteriales;f__Bifidobacteriaceae;g__Bifidobacterium;s__Bifidobacterium_adolescentis	-0.00042419865521	-0.0208970255773	0.0269053220523	-0.0202334678765	0.00314093887068	-0.00338866427281	0.0193713782988	0.0216317837923	0.031075595508	0.0409964777637	-0.0407559006464	-0.0337050476334	0.0738101696423	-0.0298483135123	-0.0130242869649	0.0448117405154	-0.0332571538795	0.0228065129748	-0.0490656605438	0.0109751175318	-0.0331719953377	-0.0662509648815	0.0352141470179	1.0	0.0124698233266	-0.0903173699463	-0.00942523808026	-0.0511629518055	-0.00666469611741	0.00451860863959	-0.0125122524781	0.0156004599101	-0.00528594653058	0.0179051038995	0.0100677292892	0.00386917567239	0.0155048559621	-0.0444301299606	-0.0837735973579	0.064384371889	-0.0165531295242	0.0605055176864	-0.0561985308857	0.0269927046066	-0.0337252126482	-0.0245120110451	-0.0322844252348	-0.0266777010651	0.0166834080706	0.0364625229443	-0.0932649518977	0.0383744481732	-0.00164551915165	0.0151696784626	-0.00524856529559	0.0380413930013	-0.00617593688787	0.0040930319431	0.0078821892704
k__Bacteria;p__Firmicutes;c__Clostridia;o__Clostridiales;f__Oscillospiraceae;g__Oscillibacter;s__Oscillibacter_sp._KLE_1745	0.0461142321277	-0.0316718219321	-0.0418377568145	0.0158885500422	-0.0163524307572	0.0145441173158	-0.0589260727781	-0.051696269368	0.00175125349889	0.0404228758342	0.010507019699	0.0113880883171	-0.048487434471	-0.0124643266043	0.00217616252694	0.00920749160923	-0.00158674105749	-0.00222808125582	0.0266776054033	-0.0300975871716	0.015377235016	-0.0253476689652	-0.0908428411377	0.0124698233266	1.0	0.00954167467297	0.0133048771258	-0.0350971213091	0.00133055059228	-0.0225170012861	0.0130937625395	-0.0371002854507	-0.0481216684353	-0.00538876961738	-0.00229867925693	-0.0115498649117	0.00803364208103	-0.0135731756702	0.0231437226836	0.0337243022513	-0.0317286570042	0.0233714083898	0.0050037552241	0.000401427428803	0.0244736760615	0.0125021727017	0.0204996843949	-0.052730286227	0.0190094425755	0.0386336590575	0.0277704213871	-0.0396841540561	-0.03542185984	-0.0151338116041	-0.0359838622494	0.0548513666801	-0.0393832516789	0.00870162494598	-0.0181868449359
k__Bacteria;p__Bacteroidetes;c__Bacteroidia;o__Bacteroidales;f__Bacteroidaceae;g__Bacteroides;s__Bacteroides_coprophilus	-0.0142031565212	-0.0444270846968	-0.00720122766882	-0.0617960544107	0.0005021070223	0.0232795341094	-0.0285343346271	-0.038734797481	0.0297977132437	0.011417398843	0.0255147228935	0.0414954270738	0.0256257890568	-0.00257155481776	-0.0187939542116	-0.0264877551271	0.05506861924	0.0194424579389	0.00943685336893	0.00014961731312	0.0088180661056	-0.031114968738	0.0140958551797	-0.0903173699463	0.00954167467297	1.0	-0.0520006217947	-0.0557153172961	-0.0426002559512	-0.0591232768747	0.0111546066266	-0.0455372063423	0.0263203441562	-0.0351105231324	-0.0621091827412	-0.0361046421237	0.0169827894581	0.0163941892359	-0.00638994481379	-0.028007052326	-0.0154016265557	0.0150700720782	0.00152355864813	0.00550423276936	0.0234939016228	-0.024347342003	-0.0155911410275	-0.0277565496162	0.00342703756922	-0.0630751307672	-0.0233132265575	0.0145234388395	-0.00751585544175	-0.00942296202403	-0.0165029604302	-0.00447913113205	0.0712014990123	0.0791565111835	0.0199516247112
k__Bacteria;p__Firmicutes;c__Clostridia;o__Clostridiales;f__Lachnospiraceae;g__Roseburia;s__Roseburia_intestinalis	-0.0241836718601	0.032189553239	0.0101801858885	-0.0566561293324	-0.0342870645203	-0.0270961316445	0.0501231467747	-0.016885970799	-0.0428373191386	0.025275084619	0.00570911037325	-0.0814496189844	0.0210348644616	0.0169670212427	-0.0315295769248	-0.0570646664788	-0.0253665334929	-0.0120628543158	-0.0216541855858	0.0124668417823	0.0339903371827	-0.0379116765348	-0.0245351625218	-0.00942523808026	0.0133048771258	-0.0520006217947	1.0	-0.00369460335579	-0.0150075237826	-0.0617625364731	0.0420055570444	-0.0442172530306	-0.0355799573112	-0.00639569005848	-0.0340547718758	-0.0195208080154	0.0166659244396	-0.0244811674612	0.017636343252	-0.0179545372839	-0.0140991804471	-0.0476498714631	-0.00148997360948	-0.0417078120635	0.00229150680276	0.011855742212	0.038406655136	0.0342889068835	-0.01055305566	-0.010920587143	-0.044685030437	0.0164343993869	-0.0522900111729	-0.056137338513	0.00797724895895	0.0414443488167	-0.0110902523979	0.0227417940851	0.0235493373266
k__Bacteria;p__Firmicutes;c__Clostridia;o__Clostridiales;f__Lachnospiraceae;g__Roseburia;s__Roseburia_hominis	-0.0220874467879	0.0702960050155	0.0555608268631	0.0115364943443	0.02124737878	-0.0279154758772	0.0332949677143	0.000516324453006	-0.0453311231222	0.0432970511299	0.0563908289775	-0.0425402472365	0.0500792158489	-0.0521630849072	-0.0336172372031	-0.0441876684309	-0.014310276549	-0.0226515458811	0.0115355847322	0.0445868556259	0.0022052016239	-0.0242068563519	-0.0155816777606	-0.0511629518055	-0.0350971213091	-0.0557153172961	-0.00369460335579	1.0	0.0161295489305	0.0254450249951	-0.0247823056725	-0.00107132797055	-0.00191589135215	-0.000598637982906	-0.01894575949	0.0132639980739	-0.0453267258345	0.0380074934865	-0.0344687430662	-0.0512302792331	0.0248996074686	-0.0423270492319	-0.0116733431777	-0.0680598522336	0.0172467274053	0.00832440665958	0.0121447910466	-0.0292047308716	-0.0242156924433	0.0245374106072	-0.0260813340436	-0.0657773329997	-0.00440267964216	-0.076084477023	0.0330621530541	-0.0399276873725	-0.0242391220683	-0.0815652339793	0.00614433451655
k__Bacteria;p__Bacteroidetes;c__Bacteroidia;o__Bacteroidales;f__Porphyromonadaceae;g__Parabacteroides;s__Parabacteroides_johnsonii	-0.058933770195	0.0181547967621	0.00534963249799	0.00801924374223	0.000997962836062	0.00239760560788	0.0115680248273	-0.025934120425	0.0116281792783	0.0179563899597	-0.0259471229528	-0.00799583199916	-0.00894983152038	0.00297250418384	-0.0228995042624	-0.0190507001658	0.00112312056999	-0.00521738929847	0.00481209435434	0.0254204967714	0.0238509931297	-0.0195272283027	-0.038036910417	-0.00666469611741	0.00133055059228	-0.0426002559512	-0.0150075237826	0.0161295489305	1.0	0.00015382074217	0.00822271856722	-0.0209290073294	-0.00135510988105	0.0206258473378	-0.0256650008008	-0.0214432409365	-0.0638635260447	0.0483458114609	-0.0270662918618	0.00356857628597	0.0264217045586	-0.0463241530254	-0.0113618882083	-0.0384078925894	0.0302541126748	-0.010595454669	0.0463746544922	-0.00597732930655	-0.0875777453346	-0.0264323011969	0.015965330463	0.00661805173219	-0.0415953131712	-0.0245391740462	-0.0415588069823	0.0288965554848	-0.00146406603448	0.0124928569272	-0.00668190886304
k__Bacteria;p__Actinobacteria;c__Actinobacteria;o__Bifidobacteriales;f__Bifidobacteriaceae;g__Bifidobacterium;s__Bifidobacterium_longum	-0.0227427845583	-0.0530491178197	-0.0213179398693	0.0226198159509	0.0503975789183	0.0136637663714	-0.0140529352423	0.0303573791752	0.0127642127997	0.0020966719031	-0.0210647089502	-0.0104812782901	-0.0257290182253	-0.0167433505208	-0.0374925850595	-0.0806754981723	0.017147420319	-0.00520778657362	-0.0564139367836	-0.0449707042547	0.0060897301136	-0.00924621129987	-0.04418597368	0.00451860863959	-0.0225170012861	-0.0591232768747	-0.0617625364731	0.0254450249951	0.00015382074217	1.0	-0.00978663625051	0.00529862418095	-0.00643841943376	0.00418968601148	-0.016219046943	-0.0380167807685	0.0218050590452	0.0095421011349	-0.0123587190519	-0.0205054116148	0.00378112183061	0.0502294202421	-0.0211684540098	-0.0263994746593	-0.0538419855927	-0.00497401182425	-0.0147125130219	-0.0215395511995	-0.0512088224833	-0.0341961458209	0.00724386079585	-0.0329583111278	-0.0319157212812	0.015849996143	0.0548590897627	-0.0285278465788	-0.00463267752799	-0.0194929234633	0.0200939866109
