#taxonomy	k__Bacteria;p__Bacteroidetes;c__Bacteroidia;o__Bacteroidales;f__Bacteroidaceae;g__Bacteroides;s__Bacteroides_vulgatus	k__Bacteria;p__Bacteroidetes;c__Bacteroidia;o__Bacteroidales;f__Bacteroidaceae;g__Bacteroides;s__Bacteroides_uniformis	k__Bacteria;p__Bacteroidetes;c__Bacteroidia;o__Bacteroidales;f__Rikenellaceae;g__Alistipes;s__Alistipes_putredinis	k__Bacteria;p__Bacteroidetes;c__Bacteroidia;o__Bacteroidales;f__Prevotellaceae;g__Prevotella;s__Prevotella_copri	k__Bacteria;p__Bacteroidetes;c__Bacteroidia;o__Bacteroidales;f__Bacteroidaceae;g__Bacteroides;s__Bacteroides_stercoris	k__Bacteria;p__Bacteroidetes;c__Bacteroidia;o__Bacteroidales;f__Bacteroidaceae;g__Bacteroides;s__Bacteroides_ovatus	k__Bacteria;p__Bacteroidetes;c__Bacteroidia;o__Bacteroidales;f__Rikenellaceae;g__Alistipes;s__Alistipes_shahii	k__Bacteria;p__Firmicutes;c__Clostridia;o__Clostridiales;f__Ruminococcaceae;g__Faecalibacterium;s__Faecalibacterium_prausnitzii	k__Bacteria;p__Bacteroidetes;c__Bacteroidia;o__Bacteroidales;f__Rikenellaceae;g__Alistipes;s__Alistipes_finegoldii	k__Bacteria;p__Bacteroidetes;c__Bacteroidia;o__Bacteroidales;f__Porphyromonadaceae;g__Parabacteroides;s__Parabacteroides_distasonis	k__Bacteria;p__Bacteroidetes;c__Bacteroidia;o__Bacteroidales;f__Bacteroidaceae;g__Bacteroides;s__Bacteroides_thetaiotaomicron	k__Bacteria;p__Bacteroidetes;c__Bacteroidia;o__Bacteroidales;f__Bacteroidaceae;g__Bacteroides;s__Bacteroides_coprocola	k__Bacteria;p__Bacteroidetes;c__Bacteroidia;o__Bacteroidales;f__Bacteroidaceae;g__Bacteroides;s__Bacteroides_cellulosilyticus	k__Bacteria;p__Bacteroidetes;c__Bacteroidia;o__Bacteroidales;f__Rikenellaceae;g__Alistipes;s__Alistipes_obesi	k__Bacteria;p__Firmicutes;c__Clostridia;o__Clostridiales;f__Lachnospiraceae;g__;s__[Eubacterium]_rectale	k__Bacteria;p__Bacteroidetes;c__Bacteroidia;o__Bacteroidales;f__Bacteroidaceae;g__Bacteroides;s__Bacteroides_plebeius	k__Bacteria;p__Bacteroidetes;c__Bacteroidia;o__Bacteroidales;f__Bacteroidaceae;g__Bacteroides;s__Bacteroides_fragilis	k__Bacteria;p__Proteobacteria;c__Betaproteobacteria;o__Burkholderiales;f__Sutterellaceae;g__Sutterella;s__Sutterella_wadsworthensis	k__Bacteria;p__Bacteroidetes;c__Bacteroidia;o__Bacteroidales;f__Porphyromonadaceae;g__Barnesiella;s__Barnesiella_intestinihominis	k__Bacteria;p__Bacteroidetes;c__Bacteroidia;o__Bacteroidales;f__Odoribacteraceae;g__Odoribacter;s__Odoribacter_splanchnicus	k__Bacteria;p__Bacteroidetes;c__Bacteroidia;o__Bacteroidales;f__Bacteroidaceae;g__Bacteroides;s__Bacteroides_salyersiae	k__Bacteria;p__Firmicutes;c__Clostridia;o__Clostridiales;f__Ruminococcaceae;g__Ruminiclostridium;s__[Eubacterium]_siraeum	k__Bacteria;p__Proteobacteria;c__Betaproteobacteria;o__Burkholderiales;f__Sutterellaceae;g__Parasutterella;s__Parasutterella_excrementihominis	k__Bacteria;p__Actinobacteria;c__Actinobacteria;o__Bifidobacteriales;f__Bifidobacteriaceae;g__Bifidobacterium;s__Bifidobacterium_adolescentis	k__Bacteria;p__Firmicutes;c__Clostridia;o__Clostridiales;f__Oscillospiraceae;g__Oscillibacter;s__Oscillibacter_sp._KLE_1745	k__Bacteria;p__Bacteroidetes;c__Bacteroidia;o__Bacteroidales;f__Bacteroidaceae;g__Bacteroides;s__Bacteroides_coprophilus	k__Bacteria;p__Firmicutes;c__Clostridia;o__Clostridiales;f__Lachnospiraceae;g__Roseburia;s__Roseburia_intestinalis	k__Bacteria;p__Firmicutes;c__Clostridia;o__Clostridiales;f__Lachnospiraceae;g__Roseburia;s__Roseburia_hominis	k__Bacteria;p__Bacteroidetes;c__Bacteroidia;o__Bacteroidales;f__Porphyromonadaceae;g__Parabacteroides;s__Parabacteroides_johnsonii	k__Bacteria;p__Actinobacteria;c__Actinobacteria;o__Bifidobacteriales;f__Bifidobacteriaceae;g__Bifidobacterium;s__Bifidobacterium_longum	k__Bacteria;p__Firmicutes;c__Clostridia;o__Clostridiales;f__;g__Flavonifractor;s__Flavonifractor_plautii	k__Bacteria;p__Firmicutes;c__Clostridia;o__Clostridiales;f__Clostridiaceae;g__Clostridium;s__Clostridium_phoceensis	k__Bacteria;p__Verrucomicrobia;c__Verrucomicrobiae;o__Verrucomicrobiales;f__Akkermansiaceae;g__Akkermansia;s__Akkermansia_muciniphila	k__Bacteria;p__Bacteroidetes;c__Bacteroidia;o__Bacteroidales;f__Prevotellaceae;g__Paraprevotella;s__Paraprevotella_xylaniphila	k__Bacteria;p__Firmicutes;c__Clostridia;o__Clostridiales;f__Ruminococcaceae;g__Ruminococcus;s__Ruminococcus_callidus	k__Bacteria;p__Bacteroidetes;c__Bacteroidia;o__Bacteroidales;f__Rikenellaceae;g__Alistipes;s__Alistipes_senegalensis	k__Bacteria;p__Firmicutes;c__Clostridia;o__Clostridiales;f__Lachnospiraceae;g__Blautia;s__Blautia_sp._KLE_1732	k__Bacteria;p__Bacteroidetes;c__Bacteroidia;o__Bacteroidales;f__Bacteroidaceae;g__Bacteroides;s__Bacteroides_oleiciplenus	k__Bacteria;p__Firmicutes;c__Clostridia;o__Clostridiales;f__Ruminococcaceae;g__Ruminococcus;s__Ruminococcus_bicirculans	k__Bacteria;p__Bacteroidetes;c__Bacteroidia;o__Bacteroidales;f__Bacteroidaceae;g__Bacteroides;s__Bacteroides_fluxus	k__Bacteria;p__Bacteroidetes;c__Bacteroidia;o__Bacteroidales;f__Prevotellaceae;g__Prevotella;s__Prevotella_stercorea	k__Bacteria;p__Firmicutes;c__Clostridia;o__Clostridiales;f__Lachnospiraceae;g__Dorea;s__Dorea_longicatena	k__Bacteria;p__Firmicutes;c__Clostridia;o__Clostridiales;f__Eubacteriaceae;g__Eubacterium;s__[Eubacterium]_eligens	k__Bacteria;p__Firmicutes;c__Clostridia;o__Clostridiales;f__Ruminococcaceae;g__;s__Ruminococcaceae_bacterium_D16	k__Bacteria;p__Firmicutes;c__Clostridia;o__Clostridiales;f__Lachnospiraceae;g__Coprococcus;s__Coprococcus_comes	k__Bacteria;p__Proteobacteria;c__Gammaproteobacteria;o__Enterobacterales;f__Enterobacteriaceae;g__Escherichia;s__Escherichia_coli	k__Bacteria;p__Firmicutes;c__Clostridia;o__Clostridiales;f__Ruminococcaceae;g__Anaerotruncus;s__Anaerotruncus_colihominis	k__Bacteria;p__Firmicutes;c__Clostridia;o__Clostridiales;f__Lachnospiraceae;g__Blautia;s__Blautia_obeum	k__Bacteria;p__Bacteroidetes;c__Bacteroidia;o__Bacteroidales;f__Odoribacteraceae;g__Odoribacter;s__Odoribacter_laneus	k__Bacteria;p__Firmicutes;c__Clostridia;o__Clostridiales;f__Ruminococcaceae;g__Ruminiclostridium;s__[Clostridium]_leptum	k__Bacteria;p__Bacteroidetes;c__Bacteroidia;o__Bacteroidales;f__Porphyromonadaceae;g__Parabacteroides;s__Parabacteroides_goldsteinii	k__Bacteria;p__Firmicutes;c__Clostridia;o__Clostridiales;f__Lachnospiraceae;g__Anaerostipes;s__Anaerostipes_hadrus	k__Bacteria;p__Firmicutes;c__Clostridia;o__Clostridiales;f__Ruminococcaceae;g__Ruminococcus;s__Ruminococcus_lactaris	k__Bacteria;p__Firmicutes;c__Clostridia;o__Clostridiales;f__Clostridiaceae;g__Clostridium;s__Clostridium_sp._L2-50	k__Bacteria;p__Firmicutes;c__Clostridia;o__Clostridiales;f__Clostridiaceae;g__Clostridium;s__Clostridium_sp._M62/1	k__Bacteria;p__Firmicutes;c__Clostridia;o__Clostridiales;f__;g__Intestinimonas;s__Intestinimonas_butyriciproducens	k__Bacteria;p__Actinobacteria;c__Actinobacteria;o__Bifidobacteriales;f__Bifidobacteriaceae;g__Bifidobacterium;s__Bifidobacterium_bifidum	k__Bacteria;p__Firmicutes;c__Negativicutes;o__Veillonellales;f__Veillonellaceae;g__Dialister;s__Dialister_invisus	k__Bacteria;p__Bacteroidetes;c__Bacteroidia;o__Bacteroidales;f__Bacteroidaceae;g__Bacteroides;s__Bacteroides_salanitronis
k__Bacteria;p__Bacteroidetes;c__Bacteroidia;o__Bacteroidales;f__Bacteroidaceae;g__Bacteroides;s__Bacteroides_vulgatus	1.0	0.0272295648983	-0.0164586593717	-0.0117700065008	-0.0361129370471	-0.0120068228171	-0.0432417702115	0.00577468210182	-0.00370769137229	0.0172760789604	0.005264813428	-0.0235198888094	-0.0409964225352	-0.0242350500013	-0.0530716892018	-0.0167126736563	0.00134827290827	-0.0823059707667	-0.077482794987	0.00599073892111	-0.060557075981	0.0034341576105	0.0248504321612	0.0347480800298	-0.0411311218637	-0.0279029550409	-0.0605495832811	0.0191370789739	-0.00112279579247	-0.00099170414159	-0.0660206604437	0.011688682339	-0.00378459842382	0.0693047251104	0.0522934991452	0.0169235872969	-0.00408298679608	0.0502026242583	0.071494676858	-0.00628402610883	-0.029652305008	-0.00553654812889	-0.0183380514986	0.0683637419665	-0.00183289971827	-0.00737942959327	-0.00685498836426	-0.0272574793251	-0.0453711179516	0.0435141388673	0.0121773068779	-0.00157392588681	-0.00068668383793	-0.0436090695671	-0.00459670925354	0.0192681830613	-0.0611764232558	-0.0308290897161	0.0352057087102
k__Bacteria;p__Bacteroidetes;c__Bacteroidia;o__Bacteroidales;f__Bacteroidaceae;g__Bacteroides;s__Bacteroides_uniformis	0.0272295648983	1.0	0.0231943598929	-0.0045311011553	-0.0555209129728	-0.0468107361773	0.00510322034324	-0.0454800622562	-0.0679563982631	0.00583700586793	-0.0361688494139	-0.0301295737765	0.00620383525312	0.0337857254123	0.0206220203126	0.0233788783598	0.0219880161221	-0.0322047721933	0.0634616809977	-0.0287147813008	0.0299875478447	-0.0549467794414	-0.0362812159392	0.0232078360544	-0.0353603065023	-0.0138785633471	-0.0476091019892	-0.0142871480753	-0.00326069900919	0.0140935431715	-0.0549219938492	-0.0172882612379	-0.0764567599449	-0.0365428411579	0.0059773450366	-0.0354472871604	0.0319838206092	-0.0266865889827	0.102702119548	0.019426860358	-0.0223409242493	-0.0572012376412	-0.00953629452522	0.0367900534511	-0.0447766482543	0.0129211457657	-0.034637938502	-0.0460835491431	-0.0580292470749	0.00558618092858	-0.0894545011115	-0.0245054114678	-0.0591102153146	0.0100209122353	-0.0261285600288	0.0591636455696	-0.0579188058196	0.0359468439443	-0.0419105173654
k__Bacteria;p__Bacteroidetes;c__Bacteroidia;o__Bacteroidales;f__Rikenellaceae;g__Alistipes;s__Alistipes_putredinis	-0.0164586593717	0.0231943598929	1.0	-0.0828192894233	-0.0620646994872	0.00896377697959	-0.0663342200004	-0.0195529601056	0.0405733497008	-0.00406816883979	0.045237558467	0.000145775588775	-0.0941034716469	-0.0219093621737	0.0565855061391	-0.00569334008363	-0.113544049316	0.0176663229161	0.00448895071672	-0.0525916453215	0.031221537304	-0.0317185230134	0.0377055549491	0.0224441018839	-0.0408130050102	0.0573293888679	-0.0339354675571	0.0509330922619	-0.0365923655387	0.0217297131667	0.03307282375	-0.0471074021047	0.126640948473	-0.0322525607604	-0.0384274615708	-0.0322669955387	0.00544805897038	-0.055500566365	-0.0437725161953	-0.00959106987051	-0.00323140315716	0.0570218358014	-0.057794223739	0.028218954743	-0.0695914414962	0.0110284964805	-0.0602401040501	0.00425629327053	0.0427716725484	0.00649572127739	0.00130058536277	0.0241985674613	0.0104944336632	0.00963169543473	0.0355241392475	-0.0531022609677	-0.072966303188	0.00550414191583	-0.0519777144161
k__Bacteria;p__Bacteroidetes;c__Bacteroidia;o__Bacteroidales;f__Prevotellaceae;g__Prevotella;s__Prevotella_copri	-0.0117700065008	-0.0045311011553	-0.0828192894233	1.0	-0.0235463814096	-0.0261581762344	0.00637683079816	0.0599509868018	0.0410318733371	0.00130757704037	-0.0543848890645	-0.0352125238074	0.0540064206201	0.0128827184913	-0.0110290584446	-0.0849825221047	0.0539324252565	-0.0053209321333	0.0365986102785	0.00915831345005	-0.0320111352335	-0.050108325563	0.081015609656	0.0425703315707	0.0115725875894	0.00301097343908	-0.095558566216	-0.0483855238221	0.0538970890627	-0.0693102572357	-0.031204629295	0.0672216101432	-0.0469318851199	-0.0661797817557	-0.00976578417038	-0.00326355907133	-0.00242156229926	0.0379706339443	0.00416173680551	-0.0302402610672	-0.047393077427	-0.00542929587093	-0.0185248807551	-0.0222313202878	0.00735318727375	-0.0231163331046	-0.022381008646	-0.0196651841176	0.0359029459542	-0.00431791584255	0.0298934476921	-0.0110292472987	-0.0335122005076	-0.0418418489516	0.0280150399941	0.0333291446179	0.0516358555996	0.0718568977596	-0.0714231909629
k__Bacteria;p__Bacteroidetes;c__Bacteroidia;o__Bacteroidales;f__Bacteroidaceae;g__Bacteroides;s__Bacteroides_stercoris	-0.0361129370471	-0.0555209129728	-0.0620646994872	-0.0235463814096	1.0	0.0953139880799	-0.0320496560004	-0.0706244207724	-0.0114757065582	0.0250466435468	-0.0130061434662	-0.0116302246623	-0.00945162918157	0.0202209066174	-0.000146261423705	0.0193500909236	-0.026420713363	0.0682845057251	0.00282396863531	0.0146344338891	-0.0266380860056	0.0792881583975	-0.0106392530619	0.0152504032941	-0.0685765337586	0.0283337417325	0.0114783042207	0.00156001678085	0.0263856479517	-0.0245729993302	-0.0427919546849	0.0352687344147	-0.0285719112139	0.022156609016	-0.00296187603303	-0.037972099368	-0.0635953440279	-0.0139964098842	-0.0134765442557	0.022756932732	0.00817415087321	0.0279549067696	-0.00159078705058	-0.00958495465105	0.0453800020829	-0.0564199156314	-0.0644254944113	-0.0974359085837	-0.0251030555656	0.00271702730588	-0.0277056834994	0.0361504484769	-0.00949162718484	-0.00412433644428	-0.0341060818002	0.0165125649112	0.0705669975208	-0.0285490759334	-0.0428838466222
k__Bacteria;p__Bacteroidetes;c__Bacteroidia;o__Bacteroidales;f__Bacteroidaceae;g__Bacteroides;s__Bacteroides_ovatus	-0.0120068228171	-0.0468107361773	0.00896377697959	-0.0261581762344	0.0953139880799	1.0	-0.0118763892626	-0.00439181552971	0.0209112753563	-0.0376303356366	-0.0477899191052	-0.0189998898147	0.0133349198601	-0.0480044525161	0.00067995087659	0.0263402018277	0.0425393577306	0.0341491757717	-0.0341454674676	-0.0411450436812	-0.0337432769942	-0.00338739069885	0.0393318548995	0.0245273369138	-0.0164618944454	0.0238559832261	-0.0616056292459	0.0344960426249	0.0399047189553	-0.0801898036904	-0.0304106692913	-0.0417499145691	-0.0243645407405	0.00181758926748	-0.0557859021627	-0.0206750260386	-0.0181446667886	-0.00524932726882	-0.0524157792073	0.0604084925576	-0.0704427113499	0.00515568224815	0.0263758251519	-0.00304534851387	-0.0197003298548	0.0164427445181	-0.0101339641407	0.0267375560009	0.0176289823284	0.0103557383551	-0.0283003879756	0.0226377669838	0.0363260305564	0.0189117552994	-0.00829511271699	-0.0547937150335	0.0161305160137	0.0111185583033	-0.089978331857
k__Bacteria;p__Bacteroidetes;c__Bacteroidia;o__Bacteroidales;f__Rikenellaceae;g__Alistipes;s__Alistipes_shahii	-0.0432417702115	0.00510322034324	-0.0663342200004	0.00637683079816	-0.0320496560004	-0.0118763892626	1.0	-0.0408842224253	-0.0105431767508	0.00914004376278	0.0446258499091	-0.00184624037231	0.048388472978	-0.0193845984297	-0.0168925802119	-0.0397840843636	0.00314386955439	0.0108509826366	0.0423808368353	-0.0447511184101	0.0121898495632	-0.0574647475096	-0.0222934441327	-0.0751705582069	0.0475096431744	-0.0513780714286	-0.0260593320796	-0.0475438074119	-0.0436464635142	-0.0228053544191	-0.00299454801572	-0.040631224417	-0.0202827701588	-0.0209524535082	0.0212377259915	-0.00442642430671	-0.0280743147355	-0.00831504685978	0.0583962389036	0.000515544990507	-0.0568834764492	-0.00191027367502	-0.0524642976759	-0.0200551211191	0.0396070215499	0.0268943168438	0.00312202076037	0.0210172137563	0.0104831138372	-0.0109279672496	0.0180571540463	0.0133220968732	0.029645962242	0.00556027075259	0.0147666482988	-0.0125980017184	-0.00374884608549	-0.0327632056448	-0.026319817801
k__Bacteria;p__Firmicutes;c__Clostridia;o__Clostridiales;f__Ruminococcaceae;g__Faecalibacterium;s__Faecalibacterium_prausnitzii	0.00577468210182	-0.0454800622562	-0.0195529601056	0.0599509868018	-0.0706244207724	-0.00439181552971	-0.0408842224253	1.0	0.0508863176879	-0.0297729714997	0.0554782144097	-0.0454120707383	-0.0189172597696	-0.058540539682	-0.036419033597	-0.00585537969258	0.0239160635646	0.0134320147466	-0.0160329840759	0.0301406345701	0.0449050639225	-0.0687977886429	-0.0508078963652	-0.0221374289436	-0.0692177783388	-0.0410368969528	0.0736096438804	-0.0426398201219	-0.0470504836557	-0.0908949040756	0.0338532190576	-0.0203104053932	-0.0422448092201	-0.0435504861228	-0.0228776870618	-0.0108919809225	-0.0442326199715	-0.00365766792611	0.0257358384483	-0.00535218499636	-0.0666002244699	0.00835241994476	-0.017138800577	0.00670160807374	-0.0208235099214	0.00475477408892	-0.040956813479	0.00799958706471	-0.0394032388831	0.0121358856249	0.0856699951385	0.0106004236771	-0.0394763141397	0.00334798714177	-0.00722812909223	-0.00823637566192	-0.0820477018266	0.005641211382	-0.029941492283
k__Bacteria;p__Bacteroidetes;c__Bacteroidia;o__Bacteroidales;f__Rikenellaceae;g__Alistipes;s__Alistipes_finegoldii	-0.00370769137229	-0.0679563982631	0.0405733497008	0.0410318733371	-0.0114757065582	0.0209112753563	-0.0105431767508	0.0508863176879	1.0	0.0466980248095	-0.00312913369468	0.0336838158989	0.0189772878064	-0.0275574766126	-0.0711242547814	0.00295987637567	0.0209181207531	-0.0342502094643	0.045338249986	0.0412057196075	-0.00475799790632	-0.0411569037624	-0.000714694405166	0.0556341084193	0.00869579519289	0.0706753557827	-0.0883238890281	-0.0503974544194	-0.0263774885893	-0.0315443294054	0.0285384163289	0.0135476529787	-0.0323844398916	-0.0089099406713	-0.0540411117302	-0.0611693055982	0.00411675250802	-0.0121788445127	0.0371680359655	-0.0190829572962	0.0469756164423	-3.95398436248e-06	-0.0332169347454	-0.0240746517544	-0.0456672414987	-0.009748133098	-0.0657519932818	0.0573740965742	-0.0317377171196	-0.0403754701093	-0.0291265391044	-0.008644944076	-0.0140877266265	-0.0215917621746	-0.0375619414643	0.00579121371569	0.0168805833882	0.00176752391114	0.0335709215946
k__Bacteria;p__Bacteroidetes;c__Bacteroidia;o__Bacteroidales;f__Porphyromonadaceae;g__Parabacteroides;s__Parabacteroides_distasonis	0.0172760789604	0.00583700586793	-0.00406816883979	0.00130757704037	0.0250466435468	-0.0376303356366	0.00914004376278	-0.0297729714997	0.0466980248095	1.0	0.00841318248658	-0.0290234596524	-0.0320508231036	0.00632709501737	-0.0705569364062	-0.00696862272268	-0.0176695745041	-0.0460029887883	-0.0131493531853	0.0191425017268	-0.0228921965091	-0.0789832404021	-0.0386399084421	0.069142763211	-0.120704885761	0.0202190885889	0.0567184276762	-0.0572339802257	-0.079496231675	0.0176183765108	0.0322979925812	0.0128093139789	0.0263699701143	0.0481240965718	-0.0197647599635	-0.0758472375589	0.00316826816736	-0.0510294408625	0.101535986581	0.0603929008182	-0.0132920480608	-0.00591371726694	0.0134341310718	0.054159156873	-0.0803682917476	-0.0163073731138	-0.00251188437638	0.0365953060778	0.00646305558986	-0.0857767023438	0.0702700147935	-0.0948352153429	0.00411411335181	-0.0415080039228	0.0410361896716	0.0723071056383	0.000474631795	-0.0264127742051	0.0316667435713
k__Bacteria;p__Bacteroidetes;c__Bacteroidia;o__Bacteroidales;f__Bacteroidaceae;g__Bacteroides;s__Bacteroides_thetaiotaomicron	0.005264813428	-0.0361688494139	0.045237558467	-0.0543848890645	-0.0130061434662	-0.0477899191052	0.0446258499091	0.0554782144097	-0.00312913369468	0.00841318248658	1.0	0.076486522721	-0.0109188383411	0.00121933684283	0.031788037249	-0.00315365011844	0.0754254129113	-0.0461456853352	0.00888451214909	-0.0183495492393	0.0658543199416	0.0519325831942	-0.0237135473418	-0.00319790834766	-0.0354226093887	-0.0201491611305	-0.00142693295891	-0.0683190029836	0.0094889391062	0.00738837867083	-0.00750496773324	0.043733542792	0.0617756124136	-0.0414526849566	-0.0892544704468	-0.00123323812567	-0.0621571844474	-0.0173406226516	0.00397970343916	-0.0212497357876	-0.0505460202259	-0.0658706361515	-0.0313253628671	-0.00263387282976	-0.0293274867788	-0.0332452800496	0.00528426733813	-0.014829311316	-0.0131516429647	0.0668679811832	-0.0544643115735	-0.0726917007299	-0.0822299626368	-0.0542931132253	-0.0372735935371	-0.0818332751243	-0.0586545001538	-0.06685546223	-0.00799194266018
k__Bacteria;p__Bacteroidetes;c__Bacteroidia;o__Bacteroidales;f__Bacteroidaceae;g__Bacteroides;s__Bacteroides_coprocola	-0.0235198888094	-0.0301295737765	0.000145775588775	-0.0352125238074	-0.0116302246623	-0.0189998898147	-0.00184624037231	-0.0454120707383	0.0336838158989	-0.0290234596524	0.076486522721	1.0	-0.0295815691786	-0.0182600356032	0.0702364931136	-0.0287077676486	-0.0114146528931	-0.0638584407611	0.0317345427419	-0.0338750999805	0.0400875411983	0.0238814127964	0.035227907369	0.00153161666739	0.00237985964856	-0.0279475187864	0.0213756573499	0.0292455040245	-0.0308775401312	-0.0178947260747	-0.0277400134283	-0.0742647272876	-0.0589931923962	-0.0169919614777	-0.0412806974477	-0.03200189373	-0.00504055813499	-0.00293562910806	0.0251855971468	-0.0320183041937	-0.0130618238409	0.0424153215508	-0.0191306274989	0.0289328389909	-0.0477966422005	-0.0262391216633	-0.0141872602588	0.0306795648774	-0.0798349248337	0.0533750817244	0.0138100326467	-0.0376489708623	0.089400479766	-0.0439713625085	-0.0608697151258	0.0326198391685	-0.00598112775984	-0.00891399006337	-0.0145062019984
k__Bacteria;p__Bacteroidetes;c__Bacteroidia;o__Bacteroidales;f__Bacteroidaceae;g__Bacteroides;s__Bacteroides_cellulosilyticus	-0.0409964225352	0.00620383525312	-0.0941034716469	0.0540064206201	-0.00945162918157	0.0133349198601	0.048388472978	-0.0189172597696	0.0189772878064	-0.0320508231036	-0.0109188383411	-0.0295815691786	1.0	-0.0053980197327	-0.00506146440401	0.0149285922261	-0.0632446406709	0.0180690737625	0.07511084425	-0.01028322178	0.0393236748657	0.0186996749245	-0.00538184035797	0.0210694825051	0.0139254768276	-0.105863402656	0.0308091507873	-0.0384806390434	0.0128799131753	0.0152769143078	0.0542589221051	-0.025653837057	0.0273528704631	-0.0120239775273	-0.0218748370492	-0.0136059359002	-0.0029002186257	0.000342506617259	0.0077027916001	-0.00447304360708	-0.0287465286441	-0.0546588067529	0.0192826530531	-0.094758839646	0.0533866038235	-0.0401994382148	0.0873573315693	-0.0175937195391	0.0190640882966	-0.0233860398212	-0.030187218807	0.0374581795668	-0.0378825342697	0.0544253352717	-0.0146779529754	0.0299582904892	-0.0244090514318	-0.021903852521	-0.0271239786722
k__Bacteria;p__Bacteroidetes;c__Bacteroidia;o__Bacteroidales;f__Rikenellaceae;g__Alistipes;s__Alistipes_obesi	-0.0242350500013	0.0337857254123	-0.0219093621737	0.0128827184913	0.0202209066174	-0.0480044525161	-0.0193845984297	-0.058540539682	-0.0275574766126	0.00632709501737	0.00121933684283	-0.0182600356032	-0.0053980197327	1.0	-0.0290212107079	-0.0491230945131	-0.0280152256606	-0.0680125656045	-0.0275243358809	0.00121240524965	0.00284704706585	-0.0341287554096	-0.017408015631	0.0360412014818	-0.00103334822335	0.00962735502159	-0.0545562914728	-0.0282884737686	-0.0331575841636	-0.0579363631812	-0.0258260127441	-0.035065105464	-0.0132974427291	0.0451656745778	0.00212397799627	0.00741880335277	-0.0281631578362	0.0400231127104	-0.0295792226002	0.012738247508	-0.00698186134026	-0.0277948302655	0.0129996769583	-0.0267385708885	0.0103738551874	0.0549670423226	-0.0354218427175	-0.0150796535293	0.0285529132753	0.00139997101063	-0.032193159026	0.0437221211326	-0.0296136590553	-0.000309245025561	0.0616129765068	-0.049778600389	-0.0181121243782	0.0093128635822	-0.0306520681857
k__Bacteria;p__Firmicutes;c__Clostridia;o__Clostridiales;f__Lachnospiraceae;g__;s__[Eubacterium]_rectale	-0.0530716892018	0.0206220203126	0.0565855061391	-0.0110290584446	-0.000146261423705	0.00067995087659	-0.0168925802119	-0.036419033597	-0.0711242547814	-0.0705569364062	0.031788037249	0.0702364931136	-0.00506146440401	-0.0290212107079	1.0	0.014523727943	-0.0236336664193	-0.0232086350008	-0.00979086366716	0.0190457644259	-0.0420576607508	0.0195763777031	0.0324049036426	0.0519295646057	-0.0700575185866	0.0249336790654	-0.0637491188049	0.0396420128677	-0.0316008593698	-0.0408793133744	-0.049186531867	0.0597476219126	-0.0423357029664	-0.102459850916	-0.0135946309113	0.0358310344272	0.0388266477733	-0.0421081517272	-0.0593969112286	0.0150404579651	0.0298766094848	0.0551680183847	-0.0408164586315	-0.0476237166098	0.060470760984	-0.0162420666198	-0.00466690802967	-0.0311304498899	0.0317805175912	-0.022058327232	-0.0597036552885	0.0123566601905	-0.0287869769076	-0.00563509525155	-0.0119205199804	0.0040776264332	0.0220614835528	0.0625070912964	0.0815999966521
k__Bacteria;p__Bacteroidetes;c__Bacteroidia;o__Bacteroidales;f__Bacteroidaceae;g__Bacteroides;s__Bacteroides_plebeius	-0.0167126736563	0.0233788783598	-0.00569334008363	-0.0849825221047	0.0193500909236	0.0263402018277	-0.0397840843636	-0.00585537969257	0.00295987637567	-0.00696862272268	-0.00315365011844	-0.0287077676486	0.0149285922261	-0.0491230945131	0.014523727943	1.0	-0.0245152166767	-0.0368330429812	-0.0390620318363	0.0855657783341	-0.0179901098999	0.0667394241079	-0.0426189988915	-0.00492944521172	-0.0433907311535	-0.027846795166	0.0266679312975	0.0536943357487	0.0359366110599	-0.0579577691482	-0.0487748520847	-0.0759608177425	0.0345601825666	0.0321717383018	0.00194703638359	-0.0266845347091	0.00494866586134	-0.0231318335578	0.0511380488759	-0.0240280321945	-0.0380754704383	-0.0110956385412	0.00303122779179	0.00812901368509	0.00967187661739	0.11260618417	-0.0519527271212	-0.0267234733498	-0.013863820367	-0.0721458620034	-0.0645712046138	0.0319434828434	-0.015912289627	0.0193044229512	0.0105846696635	-0.0148506288165	0.0522034251471	-0.0133230287844	0.0318843900477
k__Bacteria;p__Bacteroidetes;c__Bacteroidia;o__Bacteroidales;f__Bacteroidaceae;g__Bacteroides;s__Bacteroides_fragilis	0.00134827290827	0.0219880161221	-0.113544049316	0.0539324252565	-0.026420713363	0.0425393577306	0.00314386955439	0.0239160635646	0.0209181207531	-0.0176695745041	0.0754254129113	-0.0114146528931	-0.0632446406709	-0.0280152256606	-0.0236336664193	-0.0245152166767	1.0	-0.0112281832172	-0.0684235443636	0.0541231726015	-0.045639056849	-0.00755809959456	0.0125137292573	0.0603346208134	0.0566517837038	-0.0294809968494	-0.0515174541048	-0.0285824535475	-0.0512397483426	-0.0110105399553	-0.0144839814365	-0.0287698047665	0.0451075200876	0.0167262701542	-0.0374649839217	-0.0449824553077	-0.0448319401293	-0.0719634561188	0.0392664338186	-0.00490958406572	-0.019680302258	-0.00324818098833	0.0439378442209	-0.0769874737331	-0.0162502110154	-0.021297068143	0.0250508931815	0.0361238758652	-0.00193565061731	-0.0474659715072	-0.0213359274184	-0.00337725182249	0.00792944440617	-0.0424548146728	-0.0501973679484	-0.0195355334294	-0.00926216664023	0.0291227544257	0.0194262809442
k__Bacteria;p__Proteobacteria;c__Betaproteobacteria;o__Burkholderiales;f__Sutterellaceae;g__Sutterella;s__Sutterella_wadsworthensis	-0.0823059707667	-0.0322047721933	0.0176663229161	-0.0053209321333	0.0682845057251	0.0341491757717	0.0108509826366	0.0134320147466	-0.0342502094643	-0.0460029887883	-0.0461456853352	-0.0638584407611	0.0180690737625	-0.0680125656045	-0.0232086350008	-0.0368330429812	-0.0112281832172	1.0	-0.0769958983464	0.0852595519503	0.0112322978557	0.0537305366387	0.0165486956599	0.0330942904066	-0.0135271788303	0.000187579387421	-0.0725102293501	-0.0294288674224	0.0274566759201	-0.0303679747044	-0.00527008287417	0.014156440043	0.0139089840416	-0.0181388487136	-0.0289166698976	0.0555074148985	0.0114688346138	0.03614458632	-0.0508470018338	-0.0271655442115	0.00364717398889	-0.0326958599985	-0.00402304494018	-0.0719767714283	0.00273327664875	-0.0772397189049	-0.00525973566177	0.0714834082955	-0.0594254457183	0.0375177982639	0.00824486546197	-0.0053747060305	-0.010648178084	0.0782677959747	-0.0353754590795	-0.0640637825824	0.021799506591	-0.010688940182	-0.0713824227133
k__Bacteria;p__Bacteroidetes;c__Bacteroidia;o__Bacteroidales;f__Porphyromonadaceae;g__Barnesiella;s__Barnesiella_intestinihominis	-0.077482794987	0.0634616809977	0.00448895071672	0.0365986102785	0.00282396863531	-0.0341454674676	0.0423808368353	-0.0160329840759	0.045338249986	-0.0131493531853	0.00888451214909	0.0317345427419	0.07511084425	-0.0275243358809	-0.00979086366716	-0.0390620318363	-0.0684235443636	-0.0769958983464	1.0	0.00753979494898	0.0154129900589	-0.0437805439191	-0.0228818452758	-0.0153187006102	0.00135587880826	-0.036582951488	0.00882471584149	-0.000267788796978	0.0302243756795	0.00224653595989	-0.0336828592964	-0.0525129391707	-0.0543219759579	-0.046501554737	0.0283221708509	0.000215406152274	0.063487598803	-0.0145871201819	0.00136727087003	0.00423609609907	0.00969578348206	-0.0200832701467	-0.0217375904713	-0.0525350922565	0.017299756935	-0.061951201457	0.0370901216942	-0.0192973011693	-0.0184611800412	-0.104753981428	-0.0196356621692	0.0480011457881	0.00100119596268	-0.0812215980147	0.0241624805942	0.11038162087	-0.0192547077092	-0.0599611281374	-0.00647974932013
k__Bacteria;p__Bacteroidetes;c__Bacteroidia;o__Bacteroidales;f__Odoribacteraceae;g__Odoribacter;s__Odoribacter_splanchnicus	0.00599073892111	-0.0287147813008	-0.0525916453215	0.00915831345005	0.0146344338891	-0.0411450436812	-0.0447511184101	0.0301406345701	0.0412057196075	0.0191425017268	-0.0183495492393	-0.0338750999805	-0.01028322178	0.00121240524965	0.0190457644259	0.0855657783341	0.0541231726015	0.0852595519503	0.00753979494898	1.0	-0.0148379208741	-0.0124063301642	-0.0248218769537	-0.0617171546401	-0.023987674342	0.0139633706272	-0.0689169059549	0.0148401745606	0.0347743584084	-0.0177492406275	0.0567562377007	-0.0266118031916	-0.0802225628213	-0.00654231009575	0.0375054830903	0.0528142833526	-0.0388222142641	0.0233289628631	-0.0306218237137	-0.00521145604176	0.0568713964821	0.0498669250222	0.0284227102174	-0.0315665922282	-0.0611039871323	-0.0418862146228	-0.0152383024968	0.0147401172429	-0.0446073866359	0.0601021202095	-0.0975270207351	-0.0293864571409	0.0220451039396	-0.0210389862729	-0.0193211664888	0.0168663458228	-0.000809331536382	-0.0111330967946	-0.0379914159972
k__Bacteria;p__Bacteroidetes;c__Bacteroidia;o__Bacteroidales;f__Bacteroidaceae;g__Bacteroides;s__Bacteroides_salyersiae	-0.060557075981	0.0299875478447	0.031221537304	-0.0320111352335	-0.0266380860056	-0.0337432769942	0.0121898495632	0.0449050639225	-0.00475799790632	-0.0228921965091	0.0658543199416	0.0400875411983	0.0393236748657	0.00284704706585	-0.0420576607508	-0.0179901098999	-0.045639056849	0.0112322978557	0.0154129900589	-0.0148379208741	1.0	-0.000540587821763	-0.0430440786551	-0.0249901621487	-0.0103458641646	0.0112266576929	-0.0114006462621	-0.0585513679454	-0.0791823756323	-0.0263487321287	-0.0348780718311	-0.0200301741312	-0.00108094553087	0.056701301344	-0.0267985268075	-0.0454219832429	0.0379387151648	0.0713811757859	-0.0792385401243	-0.00503115882638	-0.0355856601862	-0.0439336208428	0.0416216053375	0.078231132026	-0.0552886036616	-0.055114407094	0.000135880371498	-0.0323390168757	-0.0180763579977	-0.0500697902323	-0.0300684697515	-0.0412916947976	-0.062277037735	0.0645086573463	0.0159331352647	-0.0536046563493	0.0112930387079	-0.01915580195	0.0289760260044
k__Bacteria;p__Firmicutes;c__Clostridia;o__Clostridiales;f__Ruminococcaceae;g__Ruminiclostridium;s__[Eubacterium]_siraeum	0.0034341576105	-0.0549467794414	-0.0317185230134	-0.050108325563	0.0792881583975	-0.00338739069885	-0.0574647475096	-0.0687977886429	-0.0411569037624	-0.0789832404021	0.0519325831942	0.0238814127964	0.0186996749245	-0.0341287554096	0.0195763777031	0.0667394241079	-0.00755809959456	0.0537305366387	-0.0437805439191	-0.0124063301642	-0.000540587821763	1.0	0.0306890568812	-0.0204243667839	0.0379980404437	0.00436862997819	-0.0253139802679	-0.0632521473008	-0.0215327490633	-0.0303301199025	-0.0342728365569	-0.0390435021512	0.051830855828	0.0248677822676	0.0810030248841	-0.0441296094037	0.0229769047117	0.0211329714084	0.070860875742	0.0328148279688	0.0385950400491	0.00872780006956	0.0250508875799	-0.0264690140784	-0.0854378923032	-0.0345530327832	-0.0291903716368	-0.0502797616816	-0.0103202197952	-0.0321422876725	-0.0226704303534	0.00175865149193	-0.0658479397199	-0.0436087094341	-0.0317693657572	-0.0229469096793	0.0763827849435	-0.0378621550959	0.0612154063883
k__Bacteria;p__Proteobacteria;c__Betaproteobacteria;o__Burkholderiales;f__Sutterellaceae;g__Parasutterella;s__Parasutterella_excrementihominis	0.0248504321612	-0.0362812159392	0.0377055549491	0.081015609656	-0.0106392530619	0.0393318548995	-0.0222934441327	-0.0508078963652	-0.000714694405166	-0.0386399084421	-0.0237135473418	0.035227907369	-0.00538184035797	-0.017408015631	0.0324049036426	-0.0426189988915	0.0125137292573	0.0165486956599	-0.0228818452758	-0.0248218769537	-0.0430440786551	0.0306890568812	1.0	0.0179218156325	-0.0322226721561	-0.0401201544704	-0.0335127138277	0.0143368912241	0.00663483721154	-0.0277054593736	0.0139141275105	0.0274423414292	-0.03879905648	-0.0434178387393	0.0757601572535	-0.0199071488011	-0.0185476284903	-0.0137028765076	-0.0216292117223	-0.0820022683925	0.0460718808129	0.0289805436722	0.0159971586801	-0.0362414901474	-0.0183855351913	0.0607081065831	-0.0575131049702	0.0307342826939	-0.0316306829046	-0.10100390239	-0.00297617866493	-0.0506569571388	0.0192192649454	0.00490865841939	-0.0323711035992	-0.0196408496141	-0.0497308627066	-0.0335006736465	0.0240161656534
k__Bacteria;p__Actinobacteria;c__Actinobacteria;o__Bifidobacteriales;f__Bifidobacteriaceae;g__Bifidobacterium;s__Bifidobacterium_adolescentis	0.0347480800298	0.0232078360544	0.0224441018839	0.0425703315707	0.0152504032941	0.0245273369138	-0.0751705582069	-0.0221374289436	0.0556341084193	0.069142763211	-0.00319790834766	0.00153161666739	0.0210694825051	0.0360412014818	0.0519295646057	-0.00492944521172	0.0603346208134	0.0330942904066	-0.0153187006102	-0.0617171546401	-0.0249901621487	-0.0204243667839	0.0179218156325	1.0	-0.0221122997067	-0.0222974915784	-0.0230836588392	-0.0331539228865	-0.0491698685368	-0.020938369789	0.0482832943826	-0.0199446270893	-0.0325977420088	-0.00458901035872	-0.0627015901736	-0.0401394531566	0.0325323595647	0.047484624454	-0.0360146934646	0.0365021231442	0.0123822719741	-0.00775017088157	-0.0643284480597	0.0100646028129	-0.000813388605868	-0.0556269204255	-0.0292902850584	-0.0118103810885	-0.0248101610176	-0.0375534773268	0.0211097221383	0.0313816347338	-0.0481869045842	0.025140161094	0.0701593826095	-0.0223798991511	-0.0268970798693	-0.0100370157865	-0.0216284143073
k__Bacteria;p__Firmicutes;c__Clostridia;o__Clostridiales;f__Oscillospiraceae;g__Oscillibacter;s__Oscillibacter_sp._KLE_1745	-0.0411311218637	-0.0353603065023	-0.0408130050102	0.0115725875894	-0.0685765337586	-0.0164618944454	0.0475096431744	-0.0692177783388	0.00869579519289	-0.120704885761	-0.0354226093887	0.00237985964856	0.0139254768276	-0.00103334822335	-0.0700575185866	-0.0433907311535	0.0566517837038	-0.0135271788303	0.00135587880826	-0.023987674342	-0.0103458641646	0.0379980404437	-0.0322226721561	-0.0221122997067	1.0	0.00663492890862	-0.0778454117195	-0.0300803526605	0.0182593934524	-0.0500628132271	-0.0278176225058	0.0226383257703	0.0167211027173	-0.04107386452	0.0457212908703	0.0682467633542	0.00608402588048	-0.0295893721842	0.0176737988009	0.0461721163507	-0.0218963041904	0.0605114186603	-0.0486722935873	-0.00107012241556	0.0135681417963	-0.022946300253	-0.0420742609833	0.0710278556164	0.00662328246323	-0.0748663181587	-0.0101988008339	-1.83644723506e-05	-0.0460494092288	-0.0536782967014	-0.0217799579063	-0.0568380239252	-0.0321504950252	0.0780921978719	0.00887586803057
k__Bacteria;p__Bacteroidetes;c__Bacteroidia;o__Bacteroidales;f__Bacteroidaceae;g__Bacteroides;s__Bacteroides_coprophilus	-0.0279029550409	-0.0138785633471	0.0573293888679	0.00301097343908	0.0283337417325	0.0238559832261	-0.0513780714286	-0.0410368969528	0.0706753557827	0.0202190885889	-0.0201491611305	-0.0279475187864	-0.105863402656	0.00962735502159	0.0249336790654	-0.027846795166	-0.0294809968494	0.000187579387421	-0.036582951488	0.0139633706272	0.0112266576929	0.00436862997819	-0.0401201544704	-0.0222974915784	0.00663492890862	1.0	-0.0298763395672	-0.0105078480722	-0.069175241136	0.0824258878782	-0.00813932391669	-0.00584221955721	-0.0241725188626	-0.00594772286257	0.00866379494599	0.0139705226901	0.0340627100336	0.0275230047429	-0.0562116119181	-0.00679412634147	0.0289639190795	-0.0569500609194	-0.0465346354921	-0.00121104676696	-0.0512705028101	-0.0904120654399	-0.000296329006575	-0.0366570494073	-0.0217041207698	0.100457337322	0.00427781433726	-0.00700329254661	-0.0254297608646	-0.0611444158483	0.0129502877729	-0.0264956002119	0.00165112754567	-0.0454993904054	-0.077392987094
k__Bacteria;p__Firmicutes;c__Clostridia;o__Clostridiales;f__Lachnospiraceae;g__Roseburia;s__Roseburia_intestinalis	-0.0605495832811	-0.0476091019892	-0.0339354675571	-0.095558566216	0.0114783042207	-0.0616056292459	-0.0260593320796	0.0736096438804	-0.0883238890281	0.0567184276762	-0.00142693295891	0.0213756573499	0.0308091507873	-0.0545562914728	-0.0637491188049	0.0266679312975	-0.0515174541048	-0.0725102293501	0.00882471584149	-0.0689169059549	-0.0114006462621	-0.0253139802679	-0.0335127138277	-0.0230836588392	-0.0778454117195	-0.0298763395672	1.0	-0.0238656971646	0.00362740486511	-0.00287920375171	-0.0179160037369	0.0431918207229	0.0136599278538	-0.0486466955093	-0.0442274473792	-0.0347424131843	0.00682466291796	-0.0125721357584	0.00555427740054	-0.0167345937885	0.010382463426	-0.0247980486972	-0.00323388237427	0.0819934359145	-0.0433393513213	-0.0305349885422	-0.0206574864004	0.0211797383551	-0.0259615679697	0.0773569947684	-0.0457510904711	0.00636741820004	-0.00921924287173	0.00466135681172	-0.00533602596455	0.0354187017004	-0.0329017206154	-0.00617440809573	-0.0220764725481
k__Bacteria;p__Firmicutes;c__Clostridia;o__Clostridiales;f__Lachnospiraceae;g__Roseburia;s__Roseburia_hominis	0.0191370789739	-0.0142871480753	0.0509330922619	-0.0483855238221	0.00156001678085	0.0344960426249	-0.0475438074119	-0.0426398201219	-0.0503974544194	-0.0572339802257	-0.0683190029836	0.0292455040245	-0.0384806390434	-0.0282884737686	0.0396420128677	0.0536943357487	-0.0285824535475	-0.0294288674224	-0.000267788796978	0.0148401745606	-0.0585513679454	-0.0632521473008	0.0143368912241	-0.0331539228865	-0.0300803526605	-0.0105078480722	-0.0238656971646	1.0	0.0202311563121	-0.0106747386144	-0.0540624403365	-0.0178570827223	-0.0156836687669	-0.00708825728333	-0.0214405275771	0.0652378734253	-0.0221265890382	0.0417318672472	-0.0445558846683	0.0177658963339	-0.0342401487016	-0.0152665502877	-0.0366717402533	-0.0685285125385	-0.00705879167163	-0.00461385958298	-0.0215336258467	-0.110478032909	-0.00366585596804	0.0125602917696	-0.0134300272593	0.0393608647175	0.0306139320716	-0.00448670540329	-0.0455232533058	0.0629675397104	-0.0278352191846	-0.0052968244638	0.0141035377348
k__Bacteria;p__Bacteroidetes;c__Bacteroidia;o__Bacteroidales;f__Porphyromonadaceae;g__Parabacteroides;s__Parabacteroides_johnsonii	-0.00112279579247	-0.00326069900919	-0.0365923655387	0.0538970890627	0.0263856479517	0.0399047189553	-0.0436464635142	-0.0470504836557	-0.0263774885893	-0.079496231675	0.0094889391062	-0.0308775401312	0.0128799131753	-0.0331575841636	-0.0316008593698	0.0359366110599	-0.0512397483426	0.0274566759201	0.0302243756795	0.0347743584084	-0.0791823756323	-0.0215327490633	0.00663483721154	-0.0491698685368	0.0182593934524	-0.069175241136	0.00362740486511	0.0202311563121	1.0	-0.022245279607	0.0564830607989	-0.013092980468	0.0336125265934	-0.0340698109053	-0.0292172331163	-0.0291696472311	-0.0123631100946	-0.0189982850534	-0.025779154561	-0.0261106687042	0.0535447586333	-0.0411791787386	-0.0147413153149	-0.0631040773025	0.0549668850712	0.0291721341659	-0.0650161578959	0.0656075147105	0.0024996235941	0.0271733208954	-0.0208769669001	0.0375581640728	-0.0225926723192	0.00204872088985	-0.0326689218516	-0.0536250789701	-0.00576760103948	-0.0316488608131	-0.00594091577601
k__Bacteria;p__Actinobacteria;c__Actinobacteria;o__Bifidobacteriales;f__Bifidobacteriaceae;g__Bifidobacterium;s__Bifidobacterium_longum	-0.00099170414159	0.0140935431715	0.0217297131667	-0.0693102572357	-0.0245729993302	-0.0801898036904	-0.0228053544191	-0.0908949040756	-0.0315443294054	0.0176183765108	0.00738837867083	-0.0178947260747	0.0152769143078	-0.0579363631812	-0.0408793133744	-0.0579577691482	-0.0110105399553	-0.0303679747044	0.00224653595989	-0.0177492406275	-0.0263487321287	-0.0303301199025	-0.0277054593736	-0.020938369789	-0.0500628132271	0.0824258878782	-0.00287920375171	-0.0106747386144	-0.022245279607	1.0	0.0145803172098	-0.0254771463465	0.00198158247424	-0.0520491069218	-0.0506514993336	0.0206000664889	-0.0286550447691	-0.020203960389	-0.0108171196698	-0.0166062032552	0.0760452508252	0.0222690997919	-0.0136852102877	0.011333458412	-0.0284514580681	-0.079925475334	-0.0479378140031	-0.130169364823	-0.0122825931267	-0.0285257969648	-0.0137082491101	0.00115171068467	-0.0385772252931	-0.0783345086172	-0.022144117178	0.0710889056735	-0.0176448666462	0.0575638952262	0.0178756200363
