#taxonomy	k__Bacteria;p__Bacteroidetes;c__Bacteroidia;o__Bacteroidales;f__Bacteroidaceae;g__Bacteroides;s__Bacteroides_vulgatus	k__Bacteria;p__Bacteroidetes;c__Bacteroidia;o__Bacteroidales;f__Bacteroidaceae;g__Bacteroides;s__Bacteroides_uniformis	k__Bacteria;p__Bacteroidetes;c__Bacteroidia;o__Bacteroidales;f__Rikenellaceae;g__Alistipes;s__Alistipes_putredinis	k__Bacteria;p__Bacteroidetes;c__Bacteroidia;o__Bacteroidales;f__Prevotellaceae;g__Prevotella;s__Prevotella_copri	k__Bacteria;p__Bacteroidetes;c__Bacteroidia;o__Bacteroidales;f__Bacteroidaceae;g__Bacteroides;s__Bacteroides_stercoris	k__Bacteria;p__Bacteroidetes;c__Bacteroidia;o__Bacteroidales;f__Bacteroidaceae;g__Bacteroides;s__Bacteroides_ovatus	k__Bacteria;p__Bacteroidetes;c__Bacteroidia;o__Bacteroidales;f__Rikenellaceae;g__Alistipes;s__Alistipes_shahii	k__Bacteria;p__Firmicutes;c__Clostridia;o__Clostridiales;f__Ruminococcaceae;g__Faecalibacterium;s__Faecalibacterium_prausnitzii	k__Bacteria;p__Bacteroidetes;c__Bacteroidia;o__Bacteroidales;f__Rikenellaceae;g__Alistipes;s__Alistipes_finegoldii	k__Bacteria;p__Bacteroidetes;c__Bacteroidia;o__Bacteroidales;f__Porphyromonadaceae;g__Parabacteroides;s__Parabacteroides_distasonis	k__Bacteria;p__Bacteroidetes;c__Bacteroidia;o__Bacteroidales;f__Bacteroidaceae;g__Bacteroides;s__Bacteroides_thetaiotaomicron	k__Bacteria;p__Bacteroidetes;c__Bacteroidia;o__Bacteroidales;f__Bacteroidaceae;g__Bacteroides;s__Bacteroides_coprocola	k__Bacteria;p__Bacteroidetes;c__Bacteroidia;o__Bacteroidales;f__Bacteroidaceae;g__Bacteroides;s__Bacteroides_cellulosilyticus	k__Bacteria;p__Bacteroidetes;c__Bacteroidia;o__Bacteroidales;f__Rikenellaceae;g__Alistipes;s__Alistipes_obesi	k__Bacteria;p__Firmicutes;c__Clostridia;o__Clostridiales;f__Lachnospiraceae;g__;s__[Eubacterium]_rectale	k__Bacteria;p__Bacteroidetes;c__Bacteroidia;o__Bacteroidales;f__Bacteroidaceae;g__Bacteroides;s__Bacteroides_plebeius	k__Bacteria;p__Bacteroidetes;c__Bacteroidia;o__Bacteroidales;f__Bacteroidaceae;g__Bacteroides;s__Bacteroides_fragilis	k__Bacteria;p__Proteobacteria;c__Betaproteobacteria;o__Burkholderiales;f__Sutterellaceae;g__Sutterella;s__Sutterella_wadsworthensis	k__Bacteria;p__Bacteroidetes;c__Bacteroidia;o__Bacteroidales;f__Porphyromonadaceae;g__Barnesiella;s__Barnesiella_intestinihominis	k__Bacteria;p__Bacteroidetes;c__Bacteroidia;o__Bacteroidales;f__Odoribacteraceae;g__Odoribacter;s__Odoribacter_splanchnicus	k__Bacteria;p__Bacteroidetes;c__Bacteroidia;o__Bacteroidales;f__Bacteroidaceae;g__Bacteroides;s__Bacteroides_salyersiae	k__Bacteria;p__Firmicutes;c__Clostridia;o__Clostridiales;f__Ruminococcaceae;g__Ruminiclostridium;s__[Eubacterium]_siraeum	k__Bacteria;p__Proteobacteria;c__Betaproteobacteria;o__Burkholderiales;f__Sutterellaceae;g__Parasutterella;s__Parasutterella_excrementihominis	k__Bacteria;p__Actinobacteria;c__Actinobacteria;o__Bifidobacteriales;f__Bifidobacteriaceae;g__Bifidobacterium;s__Bifidobacterium_adolescentis	k__Bacteria;p__Firmicutes;c__Clostridia;o__Clostridiales;f__Oscillospiraceae;g__Oscillibacter;s__Oscillibacter_sp._KLE_1745	k__Bacteria;p__Bacteroidetes;c__Bacteroidia;o__Bacteroidales;f__Bacteroidaceae;g__Bacteroides;s__Bacteroides_coprophilus	k__Bacteria;p__Firmicutes;c__Clostridia;o__Clostridiales;f__Lachnospiraceae;g__Roseburia;s__Roseburia_intestinalis	k__Bacteria;p__Firmicutes;c__Clostridia;o__Clostridiales;f__Lachnospiraceae;g__Roseburia;s__Roseburia_hominis	k__Bacteria;p__Bacteroidetes;c__Bacteroidia;o__Bacteroidales;f__Porphyromonadaceae;g__Parabacteroides;s__Parabacteroides_johnsonii	k__Bacteria;p__Actinobacteria;c__Actinobacteria;o__Bifidobacteriales;f__Bifidobacteriaceae;g__Bifidobacterium;s__Bifidobacterium_longum	k__Bacteria;p__Firmicutes;c__Clostridia;o__Clostridiales;f__;g__Flavonifractor;s__Flavonifractor_plautii	k__Bacteria;p__Firmicutes;c__Clostridia;o__Clostridiales;f__Clostridiaceae;g__Clostridium;s__Clostridium_phoceensis	k__Bacteria;p__Verrucomicrobia;c__Verrucomicrobiae;o__Verrucomicrobiales;f__Akkermansiaceae;g__Akkermansia;s__Akkermansia_muciniphila	k__Bacteria;p__Bacteroidetes;c__Bacteroidia;o__Bacteroidales;f__Prevotellaceae;g__Paraprevotella;s__Paraprevotella_xylaniphila	k__Bacteria;p__Firmicutes;c__Clostridia;o__Clostridiales;f__Ruminococcaceae;g__Ruminococcus;s__Ruminococcus_callidus	k__Bacteria;p__Bacteroidetes;c__Bacteroidia;o__Bacteroidales;f__Rikenellaceae;g__Alistipes;s__Alistipes_senegalensis	k__Bacteria;p__Firmicutes;c__Clostridia;o__Clostridiales;f__Lachnospiraceae;g__Blautia;s__Blautia_sp._KLE_1732	k__Bacteria;p__Bacteroidetes;c__Bacteroidia;o__Bacteroidales;f__Bacteroidaceae;g__Bacteroides;s__Bacteroides_oleiciplenus	k__Bacteria;p__Firmicutes;c__Clostridia;o__Clostridiales;f__Ruminococcaceae;g__Ruminococcus;s__Ruminococcus_bicirculans	k__Bacteria;p__Bacteroidetes;c__Bacteroidia;o__Bacteroidales;f__Bacteroidaceae;g__Bacteroides;s__Bacteroides_fluxus	k__Bacteria;p__Bacteroidetes;c__Bacteroidia;o__Bacteroidales;f__Prevotellaceae;g__Prevotella;s__Prevotella_stercorea	k__Bacteria;p__Firmicutes;c__Clostridia;o__Clostridiales;f__Lachnospiraceae;g__Dorea;s__Dorea_longicatena	k__Bacteria;p__Firmicutes;c__Clostridia;o__Clostridiales;f__Eubacteriaceae;g__Eubacterium;s__[Eubacterium]_eligens	k__Bacteria;p__Firmicutes;c__Clostridia;o__Clostridiales;f__Ruminococcaceae;g__;s__Ruminococcaceae_bacterium_D16	k__Bacteria;p__Firmicutes;c__Clostridia;o__Clostridiales;f__Lachnospiraceae;g__Coprococcus;s__Coprococcus_comes	k__Bacteria;p__Proteobacteria;c__Gammaproteobacteria;o__Enterobacterales;f__Enterobacteriaceae;g__Escherichia;s__Escherichia_coli	k__Bacteria;p__Firmicutes;c__Clostridia;o__Clostridiales;f__Ruminococcaceae;g__Anaerotruncus;s__Anaerotruncus_colihominis	k__Bacteria;p__Firmicutes;c__Clostridia;o__Clostridiales;f__Lachnospiraceae;g__Blautia;s__Blautia_obeum	k__Bacteria;p__Bacteroidetes;c__Bacteroidia;o__Bacteroidales;f__Odoribacteraceae;g__Odoribacter;s__Odoribacter_laneus	k__Bacteria;p__Firmicutes;c__Clostridia;o__Clostridiales;f__Ruminococcaceae;g__Ruminiclostridium;s__[Clostridium]_leptum	k__Bacteria;p__Bacteroidetes;c__Bacteroidia;o__Bacteroidales;f__Porphyromonadaceae;g__Parabacteroides;s__Parabacteroides_goldsteinii	k__Bacteria;p__Firmicutes;c__Clostridia;o__Clostridiales;f__Lachnospiraceae;g__Anaerostipes;s__Anaerostipes_hadrus	k__Bacteria;p__Firmicutes;c__Clostridia;o__Clostridiales;f__Ruminococcaceae;g__Ruminococcus;s__Ruminococcus_lactaris	k__Bacteria;p__Firmicutes;c__Clostridia;o__Clostridiales;f__Clostridiaceae;g__Clostridium;s__Clostridium_sp._L2-50	k__Bacteria;p__Firmicutes;c__Clostridia;o__Clostridiales;f__Clostridiaceae;g__Clostridium;s__Clostridium_sp._M62/1	k__Bacteria;p__Firmicutes;c__Clostridia;o__Clostridiales;f__;g__Intestinimonas;s__Intestinimonas_butyriciproducens	k__Bacteria;p__Actinobacteria;c__Actinobacteria;o__Bifidobacteriales;f__Bifidobacteriaceae;g__Bifidobacterium;s__Bifidobacterium_bifidum	k__Bacteria;p__Firmicutes;c__Negativicutes;o__Veillonellales;f__Veillonellaceae;g__Dialister;s__Dialister_invisus	k__Bacteria;p__Bacteroidetes;c__Bacteroidia;o__Bacteroidales;f__Bacteroidaceae;g__Bacteroides;s__Bacteroides_salanitronis
k__Bacteria;p__Bacteroidetes;c__Bacteroidia;o__Bacteroidales;f__Bacteroidaceae;g__Bacteroides;s__Bacteroides_vulgatus	1.0	0.0518685018401	-0.0320473051079	-0.0266371746477	-0.038128711373	-0.0453575210672	-0.0212082061465	0.0371329782916	0.0111465292695	0.00682075331364	0.0353786832751	-0.0549598143213	0.00402690338716	-0.093020455066	-0.0129211457613	-0.00888294270104	-0.0153584206184	0.0208635138545	0.000189895059444	0.0201901884474	-0.118304624413	0.0473486351841	-0.025060328856	0.0331955633454	-0.0171220800317	-0.029099200908	0.0163571089931	-0.0450507343487	0.00350969285935	0.0247257566218	-0.0116954855573	-0.0230349863287	0.0318158521939	0.0178500889628	-0.0159974943416	-0.0283204025597	-0.054523558277	-0.0442358509473	-0.0362001655921	-0.0282611139864	-0.0332363542998	0.0333855195783	-0.0512544778263	-0.0385284811367	0.109293719467	-0.00821956354659	0.0267134385283	0.00362120067928	0.0082828136376	0.00758010347292	0.0233428507379	-0.0203829375781	0.0416202816579	0.00282968861725	-0.0518445592868	0.016734070478	-0.00485670246944	-0.034185943245	-0.0080369353637
k__Bacteria;p__Bacteroidetes;c__Bacteroidia;o__Bacteroidales;f__Bacteroidaceae;g__Bacteroides;s__Bacteroides_uniformis	0.0518685018401	1.0	-0.0111434906154	0.00962725608189	-0.0549210595867	-0.0128795912432	0.0540797087274	0.000612339471189	0.0619055315804	0.0489960125992	-0.0455666752775	-0.0263945639808	-0.00994771522425	0.0216468812752	-0.0781988438208	-0.022143297396	-0.0325127255141	-0.0349232132811	0.0233516429001	-0.0495572301565	-0.000582660912898	-0.029691955666	0.0190276489553	-0.0149430757803	-0.0450475124752	0.0501016886408	0.0369201183917	0.0834597767836	-0.0428418067752	0.0115868922042	0.0111534938426	-0.00475620883525	0.0453593142436	0.0675024411937	-0.0369569396392	-0.0645762399542	-0.00348594309422	-0.0351110375724	-0.0154585320548	0.0249556757642	-0.0509646992139	-0.032875770885	0.0329009993244	-0.0350217452285	0.0184043902456	0.0437964511041	-0.0197959885238	-0.0566102415712	0.00735998721181	-0.0565990415974	-0.106032336015	0.0222468871124	-0.0153193869442	0.0292404437554	0.0371765035157	-0.0149222870595	-0.0139367675904	-0.0782767826238	-0.0191172164537
k__Bacteria;p__Bacteroidetes;c__Bacteroidia;o__Bacteroidales;f__Rikenellaceae;g__Alistipes;s__Alistipes_putredinis	-0.0320473051079	-0.0111434906154	1.0	-0.00385568710322	0.0516574078163	0.0977442520562	0.00494626476937	-0.0704201001526	-0.0101568594761	-0.0667102885937	-0.0229859300642	0.00935002085987	-0.0427460863615	0.0178419028781	0.0640634000208	0.0169750049094	-0.00685868756745	-0.0268739483476	0.0396212766543	-0.0104285822679	0.00942622760693	0.0509198779523	-0.0141406853883	-0.0556484718462	-0.0436036600471	-0.0215858498132	-0.0574781071221	-0.0419795040402	-0.0228340533194	-0.0141203275823	0.00323079328519	0.0280746483167	-0.0319571996481	-0.0403802932448	-0.00681234320261	0.0132244107665	-0.023811842205	-0.0418130027886	0.0120598233132	0.0207763171093	0.0143925427917	-0.0345722799882	0.00656782771204	-0.0505833928804	-0.0227241100456	0.0369738232636	-0.0994290386957	0.0379894097266	0.0265111443617	-0.0404360372569	0.0122687719615	0.000146034381628	0.0335848384273	-0.0402806611182	-0.0216817039621	-0.0149579331026	-0.0656097821322	-0.00685265355462	0.0147023352783
k__Bacteria;p__Bacteroidetes;c__Bacteroidia;o__Bacteroidales;f__Prevotellaceae;g__Prevotella;s__Prevotella_copri	-0.0266371746477	0.00962725608189	-0.00385568710322	1.0	0.00127210392788	0.00419258031095	-0.0911516959462	-0.00192200869083	0.0405630045728	-0.0590865271445	0.00821678309746	-0.0206587038536	-0.0897146523245	0.0512153144565	-0.0914153761591	0.0279314330173	-0.047373464582	0.0184617824362	-0.00769586095886	-0.0433660728939	-0.0453794315291	0.0308732506808	-0.00757076950893	-0.00404591901742	0.0627693179587	-0.0598736312667	0.0103676911804	0.0163822110895	-0.0077143812703	-0.00243684921006	0.0201352002434	0.00818883595289	0.0557968226182	-0.00248060667933	0.00543336914033	0.0426839512513	-0.079498376659	0.00966650401956	0.0105534981077	-0.00352464307514	0.01065475546	0.0246914675683	0.00270936452889	-0.0390971013242	0.00710731953895	0.0228760577072	-0.00828819279225	-0.0298856082419	-0.00796713147402	-0.00288612947297	0.00804656038715	-0.0319174916143	0.00501909410144	-0.049572225307	-0.024466474872	-0.00697417456177	-0.0617291888293	-0.052523396577	0.0514154900875
k__Bacteria;p__Bacteroidetes;c__Bacteroidia;o__Bacteroidales;f__Bacteroidaceae;g__Bacteroides;s__Bacteroides_stercoris	-0.038128711373	-0.0549210595867	0.0516574078163	0.00127210392788	1.0	-0.0328362928023	0.00189764129828	0.0145831277505	-0.011647939197	-0.0558344452593	-0.0147710998443	-0.0271314424428	0.0413333902509	0.047692153271	-0.0730919094834	0.0677444238936	0.0316480704901	0.00519299101683	-0.0099392464398	-0.0396302233236	0.0219556603629	0.0283704126388	0.0395867754773	-0.0344968558261	-0.0103947233971	-0.0244439618182	0.0188804399906	-0.0165904099513	-0.0498795467594	-0.0316971431679	-0.0573852252153	0.0373887863241	-0.0502116102849	-0.0222248118015	0.0120100933919	0.00353696213896	-0.0778149059664	-0.0581268614531	-0.0368776590179	-0.021744046499	0.0671479967483	-0.0494818082447	0.00945969219652	0.020989410598	-0.0125973681085	-0.0293583432735	-0.0059614522679	-0.0353801355079	-0.00813091700508	0.00900734889619	-0.0417928700717	0.0269393254286	-0.0563774708488	0.0194432545724	-0.00336449404564	-0.0167055003954	-0.0464855610623	-0.0391516229159	-0.0145525437776
k__Bacteria;p__Bacteroidetes;c__Bacteroidia;o__Bacteroidales;f__Bacteroidaceae;g__Bacteroides;s__Bacteroides_ovatus	-0.0453575210672	-0.0128795912432	0.0977442520562	0.00419258031095	-0.0328362928023	1.0	0.0304569613955	-0.0709006812036	0.037523018971	-0.0445198672867	-0.0195603388403	-0.0239417195887	-0.0344235456007	0.00288689944283	-0.0766597913811	-0.0185183483742	-0.0186001082299	0.0493958537847	-0.00382143969413	-0.00504740495704	-0.0216940867283	0.0264560159252	0.0561969573813	-0.0755474691354	0.00516411713127	0.0236191279414	-0.0122005302477	-0.0520981395905	-0.0523025987887	0.0385650906727	-0.0590176968134	-0.0956395692527	0.0232985128597	-0.0308476150397	-0.0220989950848	0.0626505732705	0.00785090531669	0.001102723019	0.000729636497817	-0.0103335269299	0.0476782194695	-0.0457086130382	-0.0140623135543	0.0198654165862	-0.0169693474347	-0.0429752222036	-0.00732988054408	0.010699490648	0.00433326540058	0.0675170623874	0.00467895730515	-0.00580163914809	0.0603964896706	0.0451512461346	0.00919286248834	-0.0918427736356	0.0129661985615	0.0177711032318	-0.0395886575815
k__Bacteria;p__Bacteroidetes;c__Bacteroidia;o__Bacteroidales;f__Rikenellaceae;g__Alistipes;s__Alistipes_shahii	-0.0212082061465	0.0540797087274	0.00494626476937	-0.0911516959462	0.00189764129828	0.0304569613955	1.0	0.0168087100824	-0.00741129852407	0.0354161549635	-0.0604674341439	0.0141308513314	-0.0360454059567	0.00471211967345	-0.05763502276	-0.0401548346187	-0.0577999603745	-0.0133422288149	0.00162920488932	0.0698901069696	0.0224885306543	-0.0250174300299	0.0508235706995	-0.036085252512	-0.000310278442623	0.00855977967536	0.0216405564462	-0.0395008692129	-0.0880518672589	-0.00769228628836	-0.0194839697436	-0.0580919252583	-0.0378174945461	0.0173363542934	0.0199457362152	-0.0225472003158	0.0016430680006	-0.0511419705458	0.0203026499307	0.0196668882534	0.034393851407	0.0259286009719	-0.00410629409121	-0.0250601714	0.0246004178368	-0.0222850613348	-0.00764144256955	-0.0517103597522	-0.00668541774138	-0.0236817045857	0.0248012827944	-0.0453276360723	0.0505647829441	-0.0374893809662	0.0983748746084	-0.0261725282244	0.0638532136559	0.00371685651952	-0.0995100025899
k__Bacteria;p__Firmicutes;c__Clostridia;o__Clostridiales;f__Ruminococcaceae;g__Faecalibacterium;s__Faecalibacterium_prausnitzii	0.0371329782916	0.000612339471189	-0.0704201001526	-0.00192200869083	0.0145831277505	-0.0709006812036	0.0168087100824	1.0	-0.0148034296765	0.0592333036297	-0.080794735347	0.0146309105767	0.0131346856121	-0.030777494427	0.0337050459035	0.00837972969703	-0.0198795898402	0.0307679978347	-0.0590703256769	-0.0156409923093	-0.0127179607057	0.0652036662888	0.0461565302852	0.0321085012021	-0.0754951589669	-0.0517438445967	-0.0933501270054	0.0199249371754	0.020529692717	0.00649907598016	-0.0509741713593	0.058154062331	-0.0604771023735	-0.0561936277239	-0.0283373822334	0.0240359010864	0.0155952083617	0.0507705386832	-0.0445167091127	-0.10766944621	-0.0237502709801	0.00761509843335	-0.0289941251598	-0.0499968946714	-0.0591675818702	0.0202430160628	0.0242320210065	0.0371488591268	-0.0877972722688	-0.0271571139484	0.0479747774552	0.0114013777207	-0.00979244732244	0.0523467197852	0.0107807775898	-0.0390492435211	-0.0217003024107	-0.0536791356746	0.0148715233537
k__Bacteria;p__Bacteroidetes;c__Bacteroidia;o__Bacteroidales;f__Rikenellaceae;g__Alistipes;s__Alistipes_finegoldii	0.0111465292695	0.0619055315804	-0.0101568594761	0.0405630045728	-0.011647939197	0.037523018971	-0.00741129852407	-0.0148034296765	1.0	-0.0388669781309	0.023584139412	0.0337161801118	0.0622370452227	-0.00662822371724	-0.0235682634077	-0.0444255424025	-0.00778258390814	0.0120873535161	-0.0660182005528	-0.0137797016668	-0.0289427526312	-0.0204371969185	-0.0383278924954	0.0142598401184	-0.00516784615364	-0.0351642833954	0.000902844631112	-0.0689088672703	-0.0134006788817	0.0104686723427	0.0782598099415	-0.0257098493353	-0.0126463887762	-0.0126399862019	-0.0384823430757	-0.0064338874771	-0.0151010504341	-0.0340309873868	0.0489137111484	0.00135207435382	-0.0449350045073	0.00931226127547	0.0186083222994	0.0626567626413	0.0469932725746	-0.0366212057577	0.00658025959293	0.00413319062391	-0.0598444340684	-0.0772803158675	-0.0666004792672	-0.0592182045558	0.0270574996335	-0.00581884203007	-0.00757234936833	0.0101187345271	-0.0882245761167	0.0113665634961	-0.0340787793813
k__Bacteria;p__Bacteroidetes;c__Bacteroidia;o__Bacteroidales;f__Porphyromonadaceae;g__Parabacteroides;s__Parabacteroides_distasonis	0.00682075331364	0.0489960125992	-0.0667102885937	-0.0590865271445	-0.0558344452593	-0.0445198672867	0.0354161549635	0.0592333036297	-0.0388669781309	1.0	-0.0176436614103	-0.0427595143555	0.00417758009564	0.0487432064531	-0.0255909917817	0.0361972462963	-0.0269332585652	0.0428758151564	-0.0496817211163	-0.00661875417696	-0.0186325090142	-0.0177542066313	-0.0202484787293	-0.0175992221536	-0.00167305775265	0.0149321873888	-0.0220669075345	-0.061255521837	0.0745942272213	0.0555116395863	-0.0163668398381	-0.00609213291118	-4.78807189487e-05	-0.024310879621	0.0212763407962	-0.0223967960779	0.0167695662551	-0.00951751888764	-0.0435808460676	-0.0453922964845	-0.00438344498175	0.0377325583739	0.00506103252393	0.00820723469882	-0.0161692188678	-0.0229919757625	0.0300163650274	5.53866643677e-05	0.0249002632746	-0.0141469838383	0.0148925216666	0.0318482840279	-0.0506973160091	-0.0187676301939	-0.0102203976419	0.0354208845574	-0.0285488432708	0.0261939617664	-0.023733695058
k__Bacteria;p__Bacteroidetes;c__Bacteroidia;o__Bacteroidales;f__Bacteroidaceae;g__Bacteroides;s__Bacteroides_thetaiotaomicron	0.0353786832751	-0.0455666752775	-0.0229859300642	0.00821678309746	-0.0147710998443	-0.0195603388403	-0.0604674341439	-0.080794735347	0.023584139412	-0.0176436614103	1.0	0.0217016981851	-0.00663640722447	-0.0201442494254	-0.0102885776004	0.0829604903595	0.00290473271328	0.0485343564211	0.0233876889915	0.0416159153972	0.00310354502722	0.045174459822	0.0211341065064	-0.00532229831642	-0.00539514309945	-0.00543804135268	-0.0160061397064	-0.00550918108962	-0.00446173171277	-0.0309041881484	-0.0283594909215	-0.0348439818991	-0.0718668730153	-0.0287944602084	-0.00301713016223	-0.066523276421	-0.00222927177615	-0.0426121750044	0.0220655413956	0.0365974505728	0.0166211717806	-0.0340275939831	-0.0468299631296	-0.0392139248009	-0.00668984333586	-0.0427138523303	0.0114310269283	-0.0384860153053	0.0573550848839	0.00981586411794	0.0278562709474	0.0190908181156	0.0720295750973	-0.0610266222658	0.00695304980747	0.0143707429406	-0.0200964288741	0.0315067469753	-0.0317306341251
k__Bacteria;p__Bacteroidetes;c__Bacteroidia;o__Bacteroidales;f__Bacteroidaceae;g__Bacteroides;s__Bacteroides_coprocola	-0.0549598143213	-0.0263945639808	0.00935002085987	-0.0206587038536	-0.0271314424428	-0.0239417195887	0.0141308513314	0.0146309105767	0.0337161801118	-0.0427595143555	0.0217016981851	1.0	-0.0390774263692	-0.0288570901494	-0.0614261535408	0.115400462681	0.0121060724712	-0.0326082900906	-0.0249217514254	0.00637011902543	0.0437672264017	-0.0111124258747	-0.0677773716076	-0.0512072753014	-0.0518774024416	0.0387605311731	-0.0440781873896	0.0431172384765	0.00854821468806	-0.0698528134763	-0.0143606327794	0.0346913832816	-0.077176145363	0.0268671059296	0.0473541991196	-0.0486244106959	-0.00232199992411	-0.0325457413864	0.0138455200162	0.0521077355122	0.0413147715606	-0.00632748958662	-0.00462108404394	-0.0546864074453	0.00816459166699	-0.0490318447519	-0.000634309767803	0.0589586080787	0.0158832559024	-0.00661065446921	-0.0355152368528	0.00183475137698	0.0317497145066	0.0391907699423	-0.00583523987488	-0.00665731481013	-0.0596597260379	-0.0794387101406	0.0137499803914
k__Bacteria;p__Bacteroidetes;c__Bacteroidia;o__Bacteroidales;f__Bacteroidaceae;g__Bacteroides;s__Bacteroides_cellulosilyticus	0.00402690338716	-0.00994771522425	-0.0427460863615	-0.0897146523245	0.0413333902509	-0.0344235456007	-0.0360454059567	0.0131346856121	0.0622370452227	0.00417758009564	-0.00663640722447	-0.0390774263692	1.0	-0.0216989167001	0.084019656366	-0.101006216545	-0.0078303474419	0.00426564689136	0.0338542034534	0.0582680355364	-0.0268835611226	-0.0343526107165	0.0125456092714	-0.0407630116611	-0.0352128589793	-0.0391747918538	0.0491956908881	-0.00206115269512	0.00913595408721	-0.0560854060535	-0.029643801821	-0.00380730916286	0.02151258154	-0.0186570434763	0.0626686047611	0.0245169829979	0.0169038319407	-0.0247107287982	-0.0902739625267	0.0240653196625	0.0091207523132	-0.0397049918021	0.0564796549663	-0.00288550311911	0.057731246331	0.0394661446771	-0.0399851739528	0.087801832544	0.00329900646338	-0.0116455411656	-0.0265052110297	-0.0324226471678	-0.0679551085906	-0.0260091679927	-0.0350525273749	0.0495834221892	-0.0220338016697	0.00662177094742	0.0164571361026
k__Bacteria;p__Bacteroidetes;c__Bacteroidia;o__Bacteroidales;f__Rikenellaceae;g__Alistipes;s__Alistipes_obesi	-0.093020455066	0.0216468812752	0.0178419028781	0.0512153144565	0.047692153271	0.00288689944283	0.00471211967345	-0.030777494427	-0.00662822371724	0.0487432064531	-0.0201442494254	-0.0288570901494	-0.0216989167001	1.0	-0.0571538512287	0.0606181638798	-0.0173261758334	-0.0124135225617	-0.0582183468519	0.010688086996	-0.0148569192621	0.00178851120984	0.0170818327541	0.0270485394628	-0.0110498223731	0.00468679502196	0.022498319482	0.0263139434753	-0.0287881777248	-0.0264771724424	0.0386304887797	0.0260404234535	0.00421746358578	0.0150184075483	0.0744895191416	-0.00712979635384	-0.0424557540346	0.0761311357888	-0.0190893014985	0.0232411899474	-0.0185028856062	-0.0344717053806	-0.0550716873561	0.0227367272981	-0.0138667539981	-0.0859307795179	0.039405783143	-0.0244644332304	0.0192258474512	-0.00501905210869	-0.0313025839161	-0.0121952388676	0.0073665450526	-0.070566135335	-0.0760893300402	0.0163622311189	-0.0326454239017	-0.102899182388	-0.0368177570293
k__Bacteria;p__Firmicutes;c__Clostridia;o__Clostridiales;f__Lachnospiraceae;g__;s__[Eubacterium]_rectale	-0.0129211457613	-0.0781988438208	0.0640634000208	-0.0914153761591	-0.0730919094834	-0.0766597913811	-0.05763502276	0.0337050459035	-0.0235682634077	-0.0255909917817	-0.0102885776004	-0.0614261535408	0.084019656366	-0.0571538512287	1.0	-0.0444201017095	0.00128012972645	0.0279530305269	-0.000201057472738	-0.050081875011	0.0245177250467	-0.079682201375	0.00191766134939	-0.0127161602297	0.00700792054079	0.01061670547	0.00456789039058	-0.011602260382	0.0153593234715	0.0110703386987	-0.0683102411148	-0.0718637971374	-0.0108539359356	-0.00951386791349	-0.0876156548747	-0.0641784637801	-0.0255039549726	0.0476355313578	-0.0245041710024	-0.0370587290443	-0.000110060260807	0.0035331636436	-0.0804753887752	0.0123699931135	-0.0265971187534	0.0257616738427	-0.119388925939	-0.0211711098645	-0.0556382454342	-0.00194831468418	-0.0234671120377	0.0576858701198	0.0294784749945	0.00910523345931	0.0515785980895	-0.00404664871879	0.0277296673617	0.00517938911237	-0.0690631812366
k__Bacteria;p__Bacteroidetes;c__Bacteroidia;o__Bacteroidales;f__Bacteroidaceae;g__Bacteroides;s__Bacteroides_plebeius	-0.00888294270104	-0.022143297396	0.0169750049094	0.0279314330173	0.0677444238936	-0.0185183483742	-0.0401548346187	0.00837972969703	-0.0444255424025	0.0361972462963	0.0829604903595	0.115400462681	-0.101006216545	0.0606181638798	-0.0444201017095	1.0	-0.0340902275675	0.0367534229557	0.0541376867173	-0.11222714511	-0.00334674098114	-0.0868231177013	0.0387514587871	0.0194763415089	-0.0174446488642	-0.0345467128745	0.0481901628678	-0.0765619673462	0.0157935721047	-0.0192550579227	-0.10243494437	0.034793780883	-0.0615763279938	-0.0561066320341	0.00739955248981	-0.104176116796	-0.00883038429229	-0.0153186165572	-0.0286639056547	0.0163523808124	-0.00150542872962	-0.00135916925904	-0.0373518312524	-0.0810206811238	-0.0354396763883	0.0229146261168	0.0148657139093	0.00956898072447	-0.0521775060235	-0.0853169370052	0.0583829358293	0.0173566849297	0.0122476839393	-0.0131674281457	-0.00931052446117	-0.028673312695	0.043102339928	-0.0430372739496	0.00269818956855
k__Bacteria;p__Bacteroidetes;c__Bacteroidia;o__Bacteroidales;f__Bacteroidaceae;g__Bacteroides;s__Bacteroides_fragilis	-0.0153584206184	-0.0325127255141	-0.00685868756745	-0.047373464582	0.0316480704901	-0.0186001082299	-0.0577999603745	-0.0198795898402	-0.00778258390814	-0.0269332585652	0.00290473271328	0.0121060724712	-0.0078303474419	-0.0173261758334	0.00128012972645	-0.0340902275675	1.0	0.0934229900347	-0.00143784336064	0.0212039404502	-0.00431381833193	-0.103440028921	0.0591831976933	-0.0326446019618	0.0313281502907	-0.0237514739078	-0.0379196629893	-0.0333161763433	0.00493277752523	0.00849975635344	0.0199095679468	0.0383889369225	-0.00602541486456	-0.0624263885606	0.0245774671205	-0.0182412292635	0.00951554185118	0.0128643543113	0.00939816438983	-0.059507399693	-0.00899939609251	-0.0492974343917	0.0407192378262	-0.0285712593732	-0.0115643335298	-0.0516444660113	-0.00131120299619	-0.0368503770455	0.0709524216578	0.0289609365751	-0.034968844281	-0.0151423948078	-0.00725953120683	-0.0102347356569	-0.0917916152807	0.0354278376322	0.0069952182701	-0.0267216325838	0.0247062679368
k__Bacteria;p__Proteobacteria;c__Betaproteobacteria;o__Burkholderiales;f__Sutterellaceae;g__Sutterella;s__Sutterella_wadsworthensis	0.0208635138545	-0.0349232132811	-0.0268739483476	0.0184617824362	0.00519299101683	0.0493958537847	-0.0133422288149	0.0307679978347	0.0120873535161	0.0428758151564	0.0485343564211	-0.0326082900906	0.00426564689136	-0.0124135225617	0.0279530305269	0.0367534229557	0.0934229900347	1.0	-0.00771628182921	0.0129331031064	-0.0988265900723	-0.0274440406173	0.0154198302498	0.0250286905347	0.0351108015525	0.0283216539397	0.0215222293718	-0.0677869777702	-0.00531717316082	0.0788405597039	-0.0454781324593	-0.0313660547818	-0.0240204601557	-0.0151922298104	-0.0311157911693	-0.0480017260154	-0.0243123120953	0.0237466822993	-0.0582580594391	0.0471985590416	0.000826054658038	-0.00514667049955	0.0242990846846	-0.0244155225449	0.00599318114636	-0.00903780535205	-0.0171771599424	-0.0219523464934	0.0406867645589	-0.0337828305792	0.043035963686	-0.055160059939	0.055633897942	-0.00608296118373	-0.0688606075599	-0.0443976431983	0.0138936988087	-0.00639254920552	-0.0593897375098
k__Bacteria;p__Bacteroidetes;c__Bacteroidia;o__Bacteroidales;f__Porphyromonadaceae;g__Barnesiella;s__Barnesiella_intestinihominis	0.000189895059444	0.0233516429001	0.0396212766543	-0.00769586095886	-0.0099392464398	-0.00382143969413	0.00162920488932	-0.0590703256769	-0.0660182005528	-0.0496817211163	0.0233876889915	-0.0249217514254	0.0338542034534	-0.0582183468519	-0.000201057472738	0.0541376867173	-0.00143784336064	-0.00771628182921	1.0	0.0418750218205	0.0600290547552	0.03201375578	-0.020141243317	-0.0400099726531	0.0111868761546	-0.0144351142134	-0.0430891608685	0.00650622957849	-0.0483881453487	0.0669142425388	-0.0465292930751	0.0335377731389	-0.0132053303324	-0.00338217730918	0.0483309745373	-0.00183720504618	0.0104066519922	-0.0971332334015	-0.0203430329965	0.0466006530639	-0.00835356822562	-0.00238129489025	0.00170003484569	-0.0263569657313	0.0277036830466	-0.0632905093831	-0.0374344399285	-0.0119640501675	-0.0986327343488	-0.0287328162396	0.0667171658142	-0.0233995939616	-0.031509833504	0.0354637205518	-0.100026693192	-0.0583791297127	-0.0246307227177	-0.0465149983455	0.030881105478
k__Bacteria;p__Bacteroidetes;c__Bacteroidia;o__Bacteroidales;f__Odoribacteraceae;g__Odoribacter;s__Odoribacter_splanchnicus	0.0201901884474	-0.0495572301565	-0.0104285822679	-0.0433660728939	-0.0396302233236	-0.00504740495704	0.0698901069696	-0.0156409923093	-0.0137797016668	-0.00661875417696	0.0416159153972	0.00637011902543	0.0582680355364	0.010688086996	-0.050081875011	-0.11222714511	0.0212039404502	0.0129331031064	0.0418750218205	1.0	-0.0622769590445	-0.0253205389152	0.013165341163	0.0082567760459	-0.0610459355666	-0.0205806757816	-0.0498390075337	-0.0513845645534	-0.00527408283732	0.00557487963824	-0.0131908628519	0.0384466276769	0.0530293661227	-0.0143545671906	0.0326419760447	-0.000649884711451	0.0305896139669	-0.0234673094437	-0.0722728556738	-0.0437741526535	-0.0184791060236	-0.0162422370785	-0.0301379227078	-0.0269497110948	-0.000634286584275	-0.0581446335794	-0.115428317117	0.00377279911422	0.00588042975555	-0.104477838391	0.0868203954934	-0.0664843949215	0.0511986830477	-0.0101481662734	-0.0284075322382	-0.0345982531893	-0.0266313075114	-0.0017430322439	0.0520890145848
k__Bacteria;p__Bacteroidetes;c__Bacteroidia;o__Bacteroidales;f__Bacteroidaceae;g__Bacteroides;s__Bacteroides_salyersiae	-0.118304624413	-0.000582660912898	0.00942622760693	-0.0453794315291	0.0219556603629	-0.0216940867283	0.0224885306543	-0.0127179607057	-0.0289427526312	-0.0186325090142	0.00310354502722	0.0437672264017	-0.0268835611226	-0.0148569192621	0.0245177250467	-0.00334674098114	-0.00431381833193	-0.0988265900723	0.0600290547552	-0.0622769590445	1.0	0.0313289125042	0.016776087909	0.0283310694998	0.0100914128576	-0.0391696451234	0.0361460525779	-0.0728697614612	0.0421342459231	0.0379495393081	-0.0216082565914	0.0205849407203	-0.0163598727522	-0.0236744201705	0.00802309081523	-0.0401814273209	0.017466347649	0.0281947771714	0.0174331698299	-0.00775192711521	-0.0527368445824	0.0580595044365	0.00979878589932	-0.0308424676209	-0.0441186902766	0.0268048125777	-0.0326286408297	0.00366284232212	-0.0673133809748	0.000765775313176	-0.0781855284747	-0.0031124001484	0.0135589000648	-0.0466566273349	0.0224838162866	0.00373657642328	0.0458893888069	-0.0390985156524	0.00259231100959
k__Bacteria;p__Firmicutes;c__Clostridia;o__Clostridiales;f__Ruminococcaceae;g__Ruminiclostridium;s__[Eubacterium]_siraeum	0.0473486351841	-0.029691955666	0.0509198779523	0.0308732506808	0.0283704126388	0.0264560159252	-0.0250174300299	0.0652036662888	-0.0204371969185	-0.0177542066313	0.045174459822	-0.0111124258747	-0.0343526107165	0.00178851120984	-0.079682201375	-0.0868231177013	-0.103440028921	-0.0274440406173	0.03201375578	-0.0253205389152	0.0313289125042	1.0	-0.0892136219366	-0.0579940073319	-0.0110247291256	0.0337096370915	0.0525398037853	0.00072054147837	0.0514493526274	-0.0203415258665	-0.0196072651153	-0.109865465443	-0.0819238967457	-0.024349501187	0.0331095987202	-0.00814508411931	0.00567538901241	0.0073904916153	0.00242919824607	-0.00527258205766	-0.0280932158391	0.0129953210064	0.0288010834444	-0.0417605661389	0.0414196814892	0.031901816223	0.0638058123503	-0.00179483262423	-0.0215871124763	-0.0586785913443	-0.0213896001975	-0.0561948073692	-0.0369703949156	-0.0168913047023	0.0133981695461	-0.0254380047693	-0.0101537527704	-0.0963316672838	-0.0316047275176
k__Bacteria;p__Proteobacteria;c__Betaproteobacteria;o__Burkholderiales;f__Sutterellaceae;g__Parasutterella;s__Parasutterella_excrementihominis	-0.025060328856	0.0190276489553	-0.0141406853883	-0.00757076950893	0.0395867754773	0.0561969573813	0.0508235706995	0.0461565302852	-0.0383278924954	-0.0202484787293	0.0211341065064	-0.0677773716076	0.0125456092714	0.0170818327541	0.00191766134939	0.0387514587871	0.0591831976933	0.0154198302498	-0.020141243317	0.013165341163	0.016776087909	-0.0892136219366	1.0	-0.0277402409126	-0.0219465203241	0.0270370311425	0.0321149268977	0.00803038425633	0.0459812789155	-0.00583746764745	-0.0230629816811	0.00745636456651	-0.0646327705076	-0.0299810775014	-0.0813599064164	0.0279232548494	-0.0574146278491	-0.050122966645	0.00814841458194	-0.0025734733893	-0.00656827196931	-0.0516924536421	-0.0475441840324	-0.0113063557895	0.0390778180172	-0.0122443671582	-0.0232417651017	-0.0791487726694	-0.0217137413596	0.0118980260413	-0.0618359089234	0.0115466932008	-0.00842862917991	-0.0226571688372	-0.0132046529022	-0.0292494096674	-0.0444205531678	-0.00178991281504	-0.0332778566011
k__Bacteria;p__Actinobacteria;c__Actinobacteria;o__Bifidobacteriales;f__Bifidobacteriaceae;g__Bifidobacterium;s__Bifidobacterium_adolescentis	0.0331955633454	-0.0149430757803	-0.0556484718462	-0.00404591901742	-0.0344968558261	-0.0755474691354	-0.036085252512	0.0321085012021	0.0142598401184	-0.0175992221536	-0.00532229831642	-0.0512072753014	-0.0407630116611	0.0270485394628	-0.0127161602297	0.0194763415089	-0.0326446019618	0.0250286905347	-0.0400099726531	0.0082567760459	0.0283310694998	-0.0579940073319	-0.0277402409126	1.0	-0.0248288240708	-0.0199631245686	-0.0409180295042	-0.042930571901	0.0159386674329	-0.0561663969667	-0.00704852436692	-0.0192284027271	0.00383394465419	-0.039159153574	-0.0106930372409	-0.0108496058769	-0.0708586423152	-0.000714702307318	0.00865081993297	0.0112973828469	-0.069321045492	0.00130513508647	0.0326108454972	0.0349457313431	0.0172821217145	0.020677410521	-0.051667742347	0.0492248860382	8.12485549919e-05	-0.0174207632064	-0.0926480224036	0.00750376208557	-0.0403998457059	-0.0354304978814	-0.00122484807371	-0.00977422368279	-0.0192994465058	0.0266409174959	0.0155142373436
k__Bacteria;p__Firmicutes;c__Clostridia;o__Clostridiales;f__Oscillospiraceae;g__Oscillibacter;s__Oscillibacter_sp._KLE_1745	-0.0171220800317	-0.0450475124752	-0.0436036600471	0.0627693179587	-0.0103947233971	0.00516411713127	-0.000310278442623	-0.0754951589669	-0.00516784615364	-0.00167305775265	-0.00539514309945	-0.0518774024416	-0.0352128589793	-0.0110498223731	0.00700792054079	-0.0174446488642	0.0313281502907	0.0351108015525	0.0111868761546	-0.0610459355666	0.0100914128576	-0.0110247291256	-0.0219465203241	-0.0248288240708	1.0	0.0181400516582	-0.0380567433422	-0.0306993965896	0.0514861290873	0.0612852232805	-0.0613615456405	-0.043635245229	-0.0453676157994	0.023193235917	-0.0841616411943	-0.00454199623052	-0.0416709130057	-0.054485952104	-0.0354362508058	0.0227546552646	0.0295175436386	0.0465424041203	0.00993549824825	-0.00838704022911	-0.0110874249929	-0.0330681921374	0.0429070812395	0.00575210756521	-0.067184333192	-0.00700891707721	-0.0475158441679	-0.00436980399753	-0.0138282097999	-0.00205362293248	0.00813943963174	0.0304804795914	-0.000574804075483	0.00363951986495	-0.00875267961946
k__Bacteria;p__Bacteroidetes;c__Bacteroidia;o__Bacteroidales;f__Bacteroidaceae;g__Bacteroides;s__Bacteroides_coprophilus	-0.029099200908	0.0501016886408	-0.0215858498132	-0.0598736312667	-0.0244439618182	0.0236191279414	0.00855977967536	-0.0517438445967	-0.0351642833954	0.0149321873888	-0.00543804135268	0.0387605311731	-0.0391747918538	0.00468679502196	0.01061670547	-0.0345467128745	-0.0237514739078	0.0283216539397	-0.0144351142134	-0.0205806757816	-0.0391696451234	0.0337096370915	0.0270370311425	-0.0199631245686	0.0181400516582	1.0	-0.0379631927132	0.00172072190618	0.00631986521261	-0.0310994973938	-0.0441471189503	-0.0539402190899	-0.039313042774	0.0272818138764	0.0910941629191	0.0469510754264	0.0100494097814	0.0267119025081	0.0356107392977	-0.0142305326944	-0.0453798451908	0.0123363819691	-0.0991055765667	0.137985975389	-0.00919857679055	0.0781352959412	-0.00617777766911	-0.0263423012369	-0.0703403712424	-0.0335424204401	-0.0608703114634	0.00601657835651	-0.0066512115855	-0.0392470382595	-0.0431867603236	0.0321237429924	-0.0232114995006	0.0269094671641	-9.60113760203e-05
k__Bacteria;p__Firmicutes;c__Clostridia;o__Clostridiales;f__Lachnospiraceae;g__Roseburia;s__Roseburia_intestinalis	0.0163571089931	0.0369201183917	-0.0574781071221	0.0103676911804	0.0188804399906	-0.0122005302477	0.0216405564462	-0.0933501270054	0.000902844631112	-0.0220669075345	-0.0160061397064	-0.0440781873896	0.0491956908881	0.022498319482	0.00456789039058	0.0481901628678	-0.0379196629893	0.0215222293718	-0.0430891608685	-0.0498390075337	0.0361460525779	0.0525398037853	0.0321149268977	-0.0409180295042	-0.0380567433422	-0.0379631927132	1.0	0.0506611159019	-0.00178988806623	0.00059119848561	-0.062020596747	-0.0871915127962	-0.00475995217996	0.0182254798082	-0.0351247063179	-0.0681030200014	-0.00422420571625	-0.0264805281272	-0.0502220978907	0.0570006514858	0.0328987382096	-0.0059824550426	-0.00618300993075	-0.0138011648007	0.0263825020055	0.0318598949466	-0.0241790366642	-0.00442967476923	-0.0573382048535	-0.0470700673354	0.0286228173215	-0.0437601475944	0.00497455406999	0.0127807743006	-0.065720911563	0.0629703888789	0.00994559215034	0.0244210642919	-0.055835982726
k__Bacteria;p__Firmicutes;c__Clostridia;o__Clostridiales;f__Lachnospiraceae;g__Roseburia;s__Roseburia_hominis	-0.0450507343487	0.0834597767836	-0.0419795040402	0.0163822110895	-0.0165904099513	-0.0520981395905	-0.0395008692129	0.0199249371754	-0.0689088672703	-0.061255521837	-0.00550918108962	0.0431172384765	-0.00206115269512	0.0263139434753	-0.011602260382	-0.0765619673462	-0.0333161763433	-0.0677869777702	0.00650622957849	-0.0513845645534	-0.0728697614612	0.00072054147837	0.00803038425633	-0.042930571901	-0.0306993965896	0.00172072190618	0.0506611159019	1.0	-0.00727531667682	-0.034085280556	-0.018636167131	-0.0165282310658	0.0318400154175	-0.014106955344	-0.055014228926	0.0268585683844	-0.0164630508267	-0.00398416803117	0.0930938505534	0.0364555629306	-0.0291307166706	-0.0240823023489	0.0104262923798	-0.0138327866817	0.0330266643093	0.00848551657447	0.0157510207287	-0.0199409254013	-0.00862876117506	0.0316527017525	0.000902107577319	-0.0419644384731	-0.0902784317388	0.031518609629	0.0471349874635	-0.0356195473657	-0.0464624110315	0.00270350084421	-0.00367495329728
k__Bacteria;p__Bacteroidetes;c__Bacteroidia;o__Bacteroidales;f__Porphyromonadaceae;g__Parabacteroides;s__Parabacteroides_johnsonii	0.00350969285935	-0.0428418067752	-0.0228340533194	-0.0077143812703	-0.0498795467594	-0.0523025987887	-0.0880518672589	0.020529692717	-0.0134006788817	0.0745942272213	-0.00446173171277	0.00854821468806	0.00913595408721	-0.0287881777248	0.0153593234715	0.0157935721047	0.00493277752523	-0.00531717316082	-0.0483881453487	-0.00527408283732	0.0421342459231	0.0514493526274	0.0459812789155	0.0159386674329	0.0514861290873	0.00631986521261	-0.00178988806623	-0.00727531667682	1.0	-0.017037649041	-0.00662410202616	0.0257380244091	-0.0146073473941	-0.049614986828	0.00221042560077	-0.0459701146798	-0.0553863652148	-0.0572519356775	-0.00989079097579	-0.0189099089645	-0.0146114497849	-0.0170755908638	-0.0812372073487	-0.0219236478119	0.066431441114	0.0566174569781	0.0233273064607	-0.0550174187888	-0.0473942962348	0.0109325677376	0.0303539597873	-0.0280747693406	-0.00174727756375	-0.0184747411594	0.044302271711	-0.0420305016611	-0.093651268479	-0.0156133189026	-0.0228617597598
k__Bacteria;p__Actinobacteria;c__Actinobacteria;o__Bifidobacteriales;f__Bifidobacteriaceae;g__Bifidobacterium;s__Bifidobacterium_longum	0.0247257566218	0.0115868922042	-0.0141203275823	-0.00243684921006	-0.0316971431679	0.0385650906727	-0.00769228628836	0.00649907598016	0.0104686723427	0.0555116395863	-0.0309041881484	-0.0698528134763	-0.0560854060535	-0.0264771724424	0.0110703386987	-0.0192550579227	0.00849975635344	0.0788405597039	0.0669142425388	0.00557487963824	0.0379495393081	-0.0203415258665	-0.00583746764745	-0.0561663969667	0.0612852232805	-0.0310994973938	0.00059119848561	-0.034085280556	-0.017037649041	1.0	0.00504806302943	0.0180104214168	-0.0256129655632	-0.0526805013996	0.00688668962328	-0.00566713963799	-0.0260312493397	0.0257719734933	0.00298973170135	-0.0557989690429	-0.0303193503596	-0.0350880777555	0.0212585598876	-0.0294833712013	-0.0363387684703	-0.0375647613611	-0.023524194732	-0.00555784772089	0.0263659379646	-0.0633084687163	-0.00836234251997	-0.00806663593697	-0.00805932636581	-0.0851833389389	-0.0282521936315	-0.0149308360511	-0.00489648364604	0.00240558281078	-0.0609380137781
