#taxonomy	k__Bacteria;p__Bacteroidetes;c__Bacteroidia;o__Bacteroidales;f__Bacteroidaceae;g__Bacteroides;s__Bacteroides_vulgatus	k__Bacteria;p__Bacteroidetes;c__Bacteroidia;o__Bacteroidales;f__Bacteroidaceae;g__Bacteroides;s__Bacteroides_uniformis	k__Bacteria;p__Bacteroidetes;c__Bacteroidia;o__Bacteroidales;f__Rikenellaceae;g__Alistipes;s__Alistipes_putredinis	k__Bacteria;p__Bacteroidetes;c__Bacteroidia;o__Bacteroidales;f__Prevotellaceae;g__Prevotella;s__Prevotella_copri	k__Bacteria;p__Bacteroidetes;c__Bacteroidia;o__Bacteroidales;f__Bacteroidaceae;g__Bacteroides;s__Bacteroides_stercoris	k__Bacteria;p__Bacteroidetes;c__Bacteroidia;o__Bacteroidales;f__Bacteroidaceae;g__Bacteroides;s__Bacteroides_ovatus	k__Bacteria;p__Bacteroidetes;c__Bacteroidia;o__Bacteroidales;f__Rikenellaceae;g__Alistipes;s__Alistipes_shahii	k__Bacteria;p__Firmicutes;c__Clostridia;o__Clostridiales;f__Ruminococcaceae;g__Faecalibacterium;s__Faecalibacterium_prausnitzii	k__Bacteria;p__Bacteroidetes;c__Bacteroidia;o__Bacteroidales;f__Rikenellaceae;g__Alistipes;s__Alistipes_finegoldii	k__Bacteria;p__Bacteroidetes;c__Bacteroidia;o__Bacteroidales;f__Porphyromonadaceae;g__Parabacteroides;s__Parabacteroides_distasonis	k__Bacteria;p__Bacteroidetes;c__Bacteroidia;o__Bacteroidales;f__Bacteroidaceae;g__Bacteroides;s__Bacteroides_thetaiotaomicron	k__Bacteria;p__Bacteroidetes;c__Bacteroidia;o__Bacteroidales;f__Bacteroidaceae;g__Bacteroides;s__Bacteroides_coprocola	k__Bacteria;p__Bacteroidetes;c__Bacteroidia;o__Bacteroidales;f__Bacteroidaceae;g__Bacteroides;s__Bacteroides_cellulosilyticus	k__Bacteria;p__Bacteroidetes;c__Bacteroidia;o__Bacteroidales;f__Rikenellaceae;g__Alistipes;s__Alistipes_obesi	k__Bacteria;p__Firmicutes;c__Clostridia;o__Clostridiales;f__Lachnospiraceae;g__;s__[Eubacterium]_rectale	k__Bacteria;p__Bacteroidetes;c__Bacteroidia;o__Bacteroidales;f__Bacteroidaceae;g__Bacteroides;s__Bacteroides_plebeius	k__Bacteria;p__Bacteroidetes;c__Bacteroidia;o__Bacteroidales;f__Bacteroidaceae;g__Bacteroides;s__Bacteroides_fragilis	k__Bacteria;p__Proteobacteria;c__Betaproteobacteria;o__Burkholderiales;f__Sutterellaceae;g__Sutterella;s__Sutterella_wadsworthensis	k__Bacteria;p__Bacteroidetes;c__Bacteroidia;o__Bacteroidales;f__Porphyromonadaceae;g__Barnesiella;s__Barnesiella_intestinihominis	k__Bacteria;p__Bacteroidetes;c__Bacteroidia;o__Bacteroidales;f__Odoribacteraceae;g__Odoribacter;s__Odoribacter_splanchnicus	k__Bacteria;p__Bacteroidetes;c__Bacteroidia;o__Bacteroidales;f__Bacteroidaceae;g__Bacteroides;s__Bacteroides_salyersiae	k__Bacteria;p__Firmicutes;c__Clostridia;o__Clostridiales;f__Ruminococcaceae;g__Ruminiclostridium;s__[Eubacterium]_siraeum	k__Bacteria;p__Proteobacteria;c__Betaproteobacteria;o__Burkholderiales;f__Sutterellaceae;g__Parasutterella;s__Parasutterella_excrementihominis	k__Bacteria;p__Actinobacteria;c__Actinobacteria;o__Bifidobacteriales;f__Bifidobacteriaceae;g__Bifidobacterium;s__Bifidobacterium_adolescentis	k__Bacteria;p__Firmicutes;c__Clostridia;o__Clostridiales;f__Oscillospiraceae;g__Oscillibacter;s__Oscillibacter_sp._KLE_1745	k__Bacteria;p__Bacteroidetes;c__Bacteroidia;o__Bacteroidales;f__Bacteroidaceae;g__Bacteroides;s__Bacteroides_coprophilus	k__Bacteria;p__Firmicutes;c__Clostridia;o__Clostridiales;f__Lachnospiraceae;g__Roseburia;s__Roseburia_intestinalis	k__Bacteria;p__Firmicutes;c__Clostridia;o__Clostridiales;f__Lachnospiraceae;g__Roseburia;s__Roseburia_hominis	k__Bacteria;p__Bacteroidetes;c__Bacteroidia;o__Bacteroidales;f__Porphyromonadaceae;g__Parabacteroides;s__Parabacteroides_johnsonii	k__Bacteria;p__Actinobacteria;c__Actinobacteria;o__Bifidobacteriales;f__Bifidobacteriaceae;g__Bifidobacterium;s__Bifidobacterium_longum	k__Bacteria;p__Firmicutes;c__Clostridia;o__Clostridiales;f__;g__Flavonifractor;s__Flavonifractor_plautii	k__Bacteria;p__Firmicutes;c__Clostridia;o__Clostridiales;f__Clostridiaceae;g__Clostridium;s__Clostridium_phoceensis	k__Bacteria;p__Verrucomicrobia;c__Verrucomicrobiae;o__Verrucomicrobiales;f__Akkermansiaceae;g__Akkermansia;s__Akkermansia_muciniphila	k__Bacteria;p__Bacteroidetes;c__Bacteroidia;o__Bacteroidales;f__Prevotellaceae;g__Paraprevotella;s__Paraprevotella_xylaniphila	k__Bacteria;p__Firmicutes;c__Clostridia;o__Clostridiales;f__Ruminococcaceae;g__Ruminococcus;s__Ruminococcus_callidus	k__Bacteria;p__Bacteroidetes;c__Bacteroidia;o__Bacteroidales;f__Rikenellaceae;g__Alistipes;s__Alistipes_senegalensis	k__Bacteria;p__Firmicutes;c__Clostridia;o__Clostridiales;f__Lachnospiraceae;g__Blautia;s__Blautia_sp._KLE_1732	k__Bacteria;p__Bacteroidetes;c__Bacteroidia;o__Bacteroidales;f__Bacteroidaceae;g__Bacteroides;s__Bacteroides_oleiciplenus	k__Bacteria;p__Firmicutes;c__Clostridia;o__Clostridiales;f__Ruminococcaceae;g__Ruminococcus;s__Ruminococcus_bicirculans	k__Bacteria;p__Bacteroidetes;c__Bacteroidia;o__Bacteroidales;f__Bacteroidaceae;g__Bacteroides;s__Bacteroides_fluxus	k__Bacteria;p__Bacteroidetes;c__Bacteroidia;o__Bacteroidales;f__Prevotellaceae;g__Prevotella;s__Prevotella_stercorea	k__Bacteria;p__Firmicutes;c__Clostridia;o__Clostridiales;f__Lachnospiraceae;g__Dorea;s__Dorea_longicatena	k__Bacteria;p__Firmicutes;c__Clostridia;o__Clostridiales;f__Eubacteriaceae;g__Eubacterium;s__[Eubacterium]_eligens	k__Bacteria;p__Firmicutes;c__Clostridia;o__Clostridiales;f__Ruminococcaceae;g__;s__Ruminococcaceae_bacterium_D16	k__Bacteria;p__Firmicutes;c__Clostridia;o__Clostridiales;f__Lachnospiraceae;g__Coprococcus;s__Coprococcus_comes	k__Bacteria;p__Proteobacteria;c__Gammaproteobacteria;o__Enterobacterales;f__Enterobacteriaceae;g__Escherichia;s__Escherichia_coli	k__Bacteria;p__Firmicutes;c__Clostridia;o__Clostridiales;f__Ruminococcaceae;g__Anaerotruncus;s__Anaerotruncus_colihominis	k__Bacteria;p__Firmicutes;c__Clostridia;o__Clostridiales;f__Lachnospiraceae;g__Blautia;s__Blautia_obeum	k__Bacteria;p__Bacteroidetes;c__Bacteroidia;o__Bacteroidales;f__Odoribacteraceae;g__Odoribacter;s__Odoribacter_laneus	k__Bacteria;p__Firmicutes;c__Clostridia;o__Clostridiales;f__Ruminococcaceae;g__Ruminiclostridium;s__[Clostridium]_leptum	k__Bacteria;p__Bacteroidetes;c__Bacteroidia;o__Bacteroidales;f__Porphyromonadaceae;g__Parabacteroides;s__Parabacteroides_goldsteinii	k__Bacteria;p__Firmicutes;c__Clostridia;o__Clostridiales;f__Lachnospiraceae;g__Anaerostipes;s__Anaerostipes_hadrus	k__Bacteria;p__Firmicutes;c__Clostridia;o__Clostridiales;f__Ruminococcaceae;g__Ruminococcus;s__Ruminococcus_lactaris	k__Bacteria;p__Firmicutes;c__Clostridia;o__Clostridiales;f__Clostridiaceae;g__Clostridium;s__Clostridium_sp._L2-50	k__Bacteria;p__Firmicutes;c__Clostridia;o__Clostridiales;f__Clostridiaceae;g__Clostridium;s__Clostridium_sp._M62/1	k__Bacteria;p__Firmicutes;c__Clostridia;o__Clostridiales;f__;g__Intestinimonas;s__Intestinimonas_butyriciproducens	k__Bacteria;p__Actinobacteria;c__Actinobacteria;o__Bifidobacteriales;f__Bifidobacteriaceae;g__Bifidobacterium;s__Bifidobacterium_bifidum	k__Bacteria;p__Firmicutes;c__Negativicutes;o__Veillonellales;f__Veillonellaceae;g__Dialister;s__Dialister_invisus	k__Bacteria;p__Bacteroidetes;c__Bacteroidia;o__Bacteroidales;f__Bacteroidaceae;g__Bacteroides;s__Bacteroides_salanitronis
k__Bacteria;p__Bacteroidetes;c__Bacteroidia;o__Bacteroidales;f__Bacteroidaceae;g__Bacteroides;s__Bacteroides_vulgatus	1.0	-0.0115154926191	-0.0142813452949	0.0843654254585	-0.0798325991459	-0.0071494349445	-0.0625431421767	-0.0243205447801	-0.0482442588262	0.00568036831935	0.000451218204356	-0.0298401184656	-0.0151389086768	-0.017400810741	-0.00223546468974	-0.0113717284897	0.0761483885723	-0.021043073219	-0.0799350382285	-0.0562726951248	0.00328154241758	-0.0534879665234	-0.0106176840924	-0.030051486217	0.0115368339855	0.000456891433947	-0.0289779040966	0.0176237324997	0.00667712417127	0.00459142124401	0.000870385639189	-0.0133048435824	-0.00868239353748	0.0321395224026	-0.0310452917954	-0.00212845221778	0.0247782438823	-0.0550427196099	-0.00816743641347	-0.0181476615416	-0.0472545763942	-0.0168201143964	0.00852922400701	0.000148435552828	0.0660381469329	-0.0366693384214	0.0144738450175	-0.0264375954819	-0.0207152246436	-0.0174036168529	-0.0424568358271	0.000516678415403	0.0298527554991	-0.00348403071664	-0.0203382199162	-0.0749382063746	-0.00875789654965	-0.0183777654118	0.0101967906694
k__Bacteria;p__Bacteroidetes;c__Bacteroidia;o__Bacteroidales;f__Bacteroidaceae;g__Bacteroides;s__Bacteroides_uniformis	-0.0115154926191	1.0	0.043289537674	0.0578075887702	-0.037885347163	0.0238993186327	-0.018653521487	0.0186960935301	0.000478722498973	-0.00974662858614	0.0192451801457	-0.068516524942	0.0147029134655	0.0389411204764	-0.0295988622114	0.0179974189104	-0.0174538477897	0.0197240674394	-0.00360744490017	-0.0460395425629	0.0492146408705	-0.0309565472797	0.0040669236238	-0.0403826891204	0.0142983902678	-0.027505772976	0.00841865068809	-0.0480420843845	-0.00284736150548	-0.0817864496818	-0.0116054774122	0.0191687539271	0.0202712115086	0.0850413238275	0.0353442992039	-0.0114597032547	-0.0829415143811	0.00859827132599	-0.0169149632513	0.00893224024618	-0.0343000807408	-0.0456788898801	-0.0780993177158	0.0103187951722	0.00906055975528	-0.0381108188238	-0.0241347820569	-0.0395583432475	0.024438519686	-0.0495953180755	-0.0307351739388	-0.0137867960471	-0.0221777725244	0.0566760786379	-0.0100415173786	-0.0951776437195	0.0270394605286	-0.00239689042067	0.0445819019351
k__Bacteria;p__Bacteroidetes;c__Bacteroidia;o__Bacteroidales;f__Rikenellaceae;g__Alistipes;s__Alistipes_putredinis	-0.0142813452949	0.043289537674	1.0	-0.0104399838607	0.00733847050232	-0.00684731455162	0.0482322009382	-0.0584933272659	-0.0135474835831	-0.00776708931818	0.00654422553532	0.0147432028212	0.0157168515699	0.035170286168	-0.0415538945013	-0.0172549430371	0.0491987768963	-0.0727917674749	0.026530047739	-0.096972934707	-0.0222284443043	0.0655861279504	-0.0383070325644	0.048793691901	-0.0242029949499	0.0150975874966	-0.0108816455489	0.0116343077006	0.000505838064787	0.00505372918527	-0.0408221986884	0.00198459992159	-0.0144739011108	0.00619321290964	-0.0257796598986	0.0557178919533	-0.0181573082956	0.00653193502857	0.0509686944139	0.039356244327	-0.0520578789461	-0.0211144992451	-0.0574797095896	-0.0548679859027	0.0558603940572	0.0148422449845	-0.0504768073853	-0.00563090620677	0.0298768229189	-0.0183136840397	-0.00102684404386	-0.021061884371	-0.00915677185072	-0.0571295765938	0.00180788585268	0.0272186912306	-0.0200401812098	-0.0389885730303	-0.0711862140032
k__Bacteria;p__Bacteroidetes;c__Bacteroidia;o__Bacteroidales;f__Prevotellaceae;g__Prevotella;s__Prevotella_copri	0.0843654254585	0.0578075887702	-0.0104399838607	1.0	-0.0534488441186	0.0118486362424	-0.00318034934642	-0.000630446169968	-0.0802418835033	0.0428138840706	-0.0107013149915	-0.0615685298364	0.0707090584353	0.0685335512005	-0.00508308826592	-0.0297472201835	0.0271758592149	0.0288194176493	0.047365041952	0.0625923651772	0.0295523776535	-0.0527745690403	-0.000542423125572	-0.0170811179859	0.0227112221677	-0.0373891581545	0.0195372642542	0.00484031753046	0.0760979179798	-0.019722840861	-0.0802509779372	-0.0361085412788	-0.0597403331438	0.028264087064	0.0216281259113	0.0650687999704	-0.0630855085143	-0.0806558815787	-0.0606300355391	-0.0415096403221	0.029036259401	-0.0869255653846	-0.00817964026394	-0.0547387072004	-0.0324446249894	0.0327537354506	-0.0524363478273	-0.0179875964621	-0.0452948078948	0.0473236117548	-0.00404981094447	0.0260860634672	0.0472381184942	0.0386213462116	-0.0920567541477	-0.0335611284693	0.0011991935449	-0.00569697248639	-0.0665895880564
k__Bacteria;p__Bacteroidetes;c__Bacteroidia;o__Bacteroidales;f__Bacteroidaceae;g__Bacteroides;s__Bacteroides_stercoris	-0.0798325991459	-0.037885347163	0.00733847050232	-0.0534488441186	1.0	0.0267853848033	0.0448609670918	-0.0660631680529	0.00378759976665	-0.00423249795117	-0.0323800072383	-0.0256689104094	-0.0246910132233	0.0167115853215	0.00220188801283	-0.0556859716354	-0.0201161661897	0.00410866494076	-0.0183192507187	0.0732109313805	0.0370449587365	0.0135720693403	0.0148017823401	-0.0592929576525	-0.0659642325642	-0.0483814662351	-0.0478776219856	-0.0241713358265	0.00344341292055	-0.0284799433647	0.0815433301946	0.0369681772494	0.000173873682097	-0.0423362993212	0.0228603706801	0.0168782359689	-0.0096527999528	0.0444264742467	0.0355013710859	-0.0254586391894	0.0560636650431	-0.016190125576	0.0231388429364	-0.0219174039799	0.0178702070387	0.0160344386677	0.00603972708747	0.0412623831289	0.00299150249479	-0.0410492649626	-0.0444753452543	-0.00786743633224	-0.00823052428269	-0.018958434183	0.00768451293007	0.0168225768832	-0.0205064035077	-0.0345804013202	-0.0703818898255
k__Bacteria;p__Bacteroidetes;c__Bacteroidia;o__Bacteroidales;f__Bacteroidaceae;g__Bacteroides;s__Bacteroides_ovatus	-0.0071494349445	0.0238993186327	-0.00684731455162	0.0118486362424	0.0267853848033	1.0	-0.0123740033756	0.0289411482241	0.0553654576242	0.0891203487257	-0.0305771957706	0.00344731436804	-0.0885452410341	0.0303776374475	-0.0321518983505	-0.0497247827557	0.0361702499452	-0.0374183558424	0.0235518477695	-0.0225691936217	0.0152352160977	0.0131837792206	0.0243580791814	-0.0355341330809	-0.0344887674944	0.0429006712661	-0.033476162698	-0.0318704023625	-0.0250534433279	-0.0175098093175	0.0852005319473	-0.0403303562934	0.00279511485019	-0.0566707805564	-0.04634863743	0.0125144606731	-0.00818871771048	0.0194884672263	-0.0123846232331	-0.0501951776177	-0.0347617845054	-0.0458653740515	-0.0212014738357	-0.0336875747278	-0.0366575632626	-0.11605002983	0.00235595117152	-0.0177715933954	-0.0552154658821	-0.0106925815606	-0.120835944375	0.0223864453502	0.00727771044788	-0.00795019894186	0.0191764958508	-0.0365785006143	-0.0829504234287	-0.00451704001036	0.0252690000699
k__Bacteria;p__Bacteroidetes;c__Bacteroidia;o__Bacteroidales;f__Rikenellaceae;g__Alistipes;s__Alistipes_shahii	-0.0625431421767	-0.018653521487	0.0482322009382	-0.00318034934642	0.0448609670918	-0.0123740033756	1.0	0.159337480278	-0.0619464552891	-0.0530730482311	0.0222617106414	-0.0481901591799	-0.0980313377474	0.0129708576624	-0.0354333515671	0.0191764034055	0.0211665694953	0.0615070948133	0.000382302932524	0.0447428912301	-0.0761100142344	-0.0445324645664	0.0744138761047	0.00846285143385	-0.00705632691546	0.0129685439224	-0.076070509132	0.0140005083161	-0.0481389009808	0.0615565209303	-0.00777965323678	-0.00971995195314	-0.0412597387362	-0.0272395111118	-0.0687275297865	0.00373720436176	-0.00897362798689	0.0177720524887	0.0097027611352	0.0183177440034	-0.00744244450414	-0.0486066201222	-0.00478310176202	-0.024700822323	-0.0169374565034	-0.0450924651756	0.0237373776857	-0.0313780778214	-0.073864489602	0.00351523042	-0.0256051661807	0.0570265914587	-0.0214252143832	0.00907524623287	-0.0481914597432	0.0483209705398	-0.0829799072934	-0.000284837864865	-0.0334933596036
k__Bacteria;p__Firmicutes;c__Clostridia;o__Clostridiales;f__Ruminococcaceae;g__Faecalibacterium;s__Faecalibacterium_prausnitzii	-0.0243205447801	0.0186960935301	-0.0584933272659	-0.000630446169968	-0.0660631680529	0.0289411482241	0.159337480278	1.0	0.0231133124419	0.026354552884	-0.0461384174603	-0.0061574461551	-0.0416189202687	-0.0146667669007	-0.0455376771163	-0.0595882162017	-0.0504714724857	0.0125071812745	-0.0226467483621	-0.0549667678217	-0.0096034160767	0.013806352671	0.0559854903082	0.00725656983389	-0.0274019877224	0.00797121952939	-0.00661965782156	-0.0249787435449	0.0741922055092	0.00296527753356	0.0274024074923	0.0973932909487	0.0277993123263	0.0312980480664	-0.0367547749435	-0.00899807780278	-0.0293584703751	-0.0408379877236	0.0263391834616	0.00538874569856	-0.0524202469587	-0.00960404290635	-0.0630395582257	0.0448871631991	-0.0217608864639	-0.0397907466456	0.0638540688034	-0.0131296011783	-0.0155107630874	-0.0165161089281	-0.0505028573284	0.00612523867667	-0.0149139004534	0.0637970070642	-0.0766200224227	-0.072626503249	-0.010276499721	-0.033486853372	-0.031703593041
k__Bacteria;p__Bacteroidetes;c__Bacteroidia;o__Bacteroidales;f__Rikenellaceae;g__Alistipes;s__Alistipes_finegoldii	-0.0482442588262	0.000478722498973	-0.0135474835831	-0.0802418835033	0.00378759976665	0.0553654576242	-0.0619464552891	0.0231133124419	1.0	0.0401468392811	0.03946445743	-0.102765439875	-0.0347788566429	-0.0189385396959	-0.0354252851943	-0.0307430952747	-0.033630334434	0.0262549385991	-0.0806475857057	0.0365277862937	-0.0804518287641	-0.014558545979	0.0595850590348	0.0229561691975	-0.056778965284	-0.0176520685126	-0.0198595049654	-0.00501943945385	0.0136154594511	-0.0260225783104	0.0209724732547	0.00195944831629	0.0586864186634	0.0427974435688	-0.0590219968503	0.0729951950614	-0.00556832182448	-0.0850474260541	-0.0237395749713	-0.0247609401854	-0.0227765750398	0.0257042288973	-0.0594323324234	0.0127097575708	0.0169548445895	-0.0307134400149	0.00209658743274	-0.067201289246	0.00333721424575	0.0937669116705	0.00210811406094	-0.056185521487	0.0511813972936	-0.0771354385146	0.00779007060148	-0.0274476600838	0.00806713929707	0.0120986908419	-0.00817553942268
k__Bacteria;p__Bacteroidetes;c__Bacteroidia;o__Bacteroidales;f__Porphyromonadaceae;g__Parabacteroides;s__Parabacteroides_distasonis	0.00568036831935	-0.00974662858614	-0.00776708931818	0.0428138840706	-0.00423249795117	0.0891203487257	-0.0530730482311	0.026354552884	0.0401468392811	1.0	0.0130718877473	-0.0399677290449	-0.0179247424662	-0.00827975337772	0.00772905299952	-0.0798595372118	-0.000836748647591	-0.0451816415276	0.00378845634768	0.0341360253098	-0.023529562949	0.0268909255688	0.00473562147439	-0.0278028942577	0.0022205547931	-0.0305932764854	-0.0631013945387	-0.00272645349172	-0.0229024294539	-0.0264210149541	0.0184055145287	0.00764645479865	0.0732253701271	0.0106203893736	0.00505799080342	0.0132664132497	-0.0136637274874	-0.100264204647	-0.0531042597172	-0.00679456892183	0.0104927687941	-0.0703822543685	-0.0540820786761	-0.0502847103161	-0.051291935766	-0.0445144051895	-0.0675487925008	0.0156880680459	0.0102942145967	-0.0811571616665	0.0468888322544	-1.86070044127e-05	-0.0379917117408	0.0447359591394	-0.0524381595179	0.018560391539	-0.0664246689551	0.0130800970812	-0.0663485887414
k__Bacteria;p__Bacteroidetes;c__Bacteroidia;o__Bacteroidales;f__Bacteroidaceae;g__Bacteroides;s__Bacteroides_thetaiotaomicron	0.000451218204356	0.0192451801457	0.00654422553532	-0.0107013149915	-0.0323800072383	-0.0305771957706	0.0222617106414	-0.0461384174603	0.03946445743	0.0130718877473	1.0	-0.0171845962417	0.0162029911251	-0.0464464696313	0.0303470381994	0.00455613447118	0.0242068756164	-0.0955859898118	0.0132496012906	-0.0362279789463	-0.0641815487725	-0.0291701009099	0.0601370587304	-0.00539462228661	-0.00962249418655	-0.0245290942789	0.034525930373	-0.0407544104208	-0.0780771626194	0.0524537757679	0.0233030520864	-0.0902659323137	-0.0391039813983	-0.0199556561866	0.041658335765	-0.00211821469109	0.00989739625383	-0.0188087640076	-0.0360220692144	0.0315770700139	-0.085338436737	-0.0106515580862	0.0556836616971	-0.0301858547313	0.0240283897441	-0.0863804224777	-0.00285510502285	0.0676479776169	0.00426114215543	0.0422063147215	-0.0211199943203	0.0243685630763	0.100656362656	0.0632331801582	0.0477787335718	-0.00749547940579	-0.0104244221597	-0.00502604968592	0.0244685844535
k__Bacteria;p__Bacteroidetes;c__Bacteroidia;o__Bacteroidales;f__Bacteroidaceae;g__Bacteroides;s__Bacteroides_coprocola	-0.0298401184656	-0.068516524942	0.0147432028212	-0.0615685298364	-0.0256689104094	0.00344731436804	-0.0481901591799	-0.0061574461551	-0.102765439875	-0.0399677290449	-0.0171845962417	1.0	0.0337410348342	0.0320936601532	-0.0416582607397	-0.0468098713659	-0.0338070412735	0.0364293058639	0.00354732492402	-0.00500695068603	0.0156317372072	-0.0254104196179	-0.0774870561232	-0.00663398852987	0.00437826248573	0.0348439954497	0.0353912998612	0.0333324472167	-0.00571789910596	0.0113952310055	-0.0625162822297	0.00283379766646	-0.0130228511623	0.0250610564291	0.0625443031154	-0.0349526445005	0.0717729480636	0.0556523074913	0.00830602655543	-0.0231756074229	-0.0625183464682	-0.00825379357616	-0.0294766887051	0.00565034774319	-0.0310589562346	-0.00637999330444	-0.0344363854858	0.0586099961746	-0.00384527742428	-0.0359872627613	0.0169503955914	-0.0204026472492	0.0143096098462	-0.0372287951208	0.0242546587891	-0.069246178735	-0.082662140173	-0.0177416996087	-0.0303348017825
k__Bacteria;p__Bacteroidetes;c__Bacteroidia;o__Bacteroidales;f__Bacteroidaceae;g__Bacteroides;s__Bacteroides_cellulosilyticus	-0.0151389086768	0.0147029134655	0.0157168515699	0.0707090584353	-0.0246910132233	-0.0885452410341	-0.0980313377474	-0.0416189202687	-0.0347788566429	-0.0179247424662	0.0162029911251	0.0337410348342	1.0	-0.0534230725137	-0.0269000352732	0.0186544825461	-0.00172320047379	-0.00422554354404	-0.0377061669119	0.0357339954901	-0.0497294835538	-0.0872748913177	0.0244172234824	-0.083788910994	-0.0110095348455	-0.0111731918218	-0.0182377840706	0.0318036007071	-0.038036314328	-0.03477414147	-0.0729146509391	0.0202114127893	0.00609198646113	-0.015987996878	-0.0102362103556	0.000248111561837	-0.00830891514707	0.0138379554268	0.0182463185222	-0.0769218673761	-0.0152757777361	-0.0140774682456	0.00473447445499	0.00744112778596	0.0680684113789	0.0131649793853	-0.0133583581537	-0.00159173403432	0.0237388692716	-0.0316376090245	0.00127870713067	0.0170163707439	0.0143572178292	-0.0131193828805	-0.0297026756409	-0.0369424374827	0.0415729016078	-0.0506405342156	0.00655936092072
k__Bacteria;p__Bacteroidetes;c__Bacteroidia;o__Bacteroidales;f__Rikenellaceae;g__Alistipes;s__Alistipes_obesi	-0.017400810741	0.0389411204764	0.035170286168	0.0685335512005	0.0167115853215	0.0303776374475	0.0129708576624	-0.0146667669007	-0.0189385396959	-0.00827975337772	-0.0464464696313	0.0320936601532	-0.0534230725137	1.0	-0.0160338781564	0.0147378199528	0.108086867242	0.0334239543019	-0.0309985646373	-0.0379367208484	0.0288604948143	0.0102940752365	-0.0294672595588	-0.00843622664869	0.0671118821163	0.000594144699083	-0.0792496051645	0.0161156293663	0.0386519618203	0.019163942971	0.00492394655031	0.0861237076906	0.0281758724672	-0.0236384154165	-0.0574310914543	-0.0600381804348	-0.0532219857156	0.0186869436907	-0.00531919544709	-0.0133749423125	-0.0461249462409	-0.0197639107309	-0.0752702012765	-0.0351230957453	-0.105753240753	-0.0848080359255	-0.0120802550724	-0.00560052782519	-0.0614623338791	-0.0673287105909	-0.013504717241	-0.0426228011442	-0.0356542318662	-0.033515390892	-0.0714565937805	0.0205069861712	-0.0255719901189	0.067902632161	-0.00863317859238
k__Bacteria;p__Firmicutes;c__Clostridia;o__Clostridiales;f__Lachnospiraceae;g__;s__[Eubacterium]_rectale	-0.00223546468974	-0.0295988622114	-0.0415538945013	-0.00508308826592	0.00220188801283	-0.0321518983505	-0.0354333515671	-0.0455376771163	-0.0354252851943	0.00772905299952	0.0303470381994	-0.0416582607397	-0.0269000352732	-0.0160338781564	1.0	-0.0191458787833	0.0139827771927	-0.0150621182055	-0.0131009693777	0.00120096684483	0.00442978221471	-0.0397140570883	-0.0160008780846	0.0496000208495	0.0520029977267	0.0768885674472	0.0174749391786	0.0604808931568	-0.0459867130485	0.0606520253191	0.03322426632	-0.0708969756296	0.0332888272895	0.0216194345759	0.00892442014938	-0.00194328098943	0.0571957861874	-0.0343297982213	-0.0826589157848	-0.0176929281319	0.0111621157096	-0.0324157457277	-0.0015359721467	-0.045365543856	0.0218091018319	-0.000197991515697	-0.0419624911367	0.0624835907447	-0.00668111982211	-0.0367367806739	0.02203895955	-0.0537714582085	-0.0538822681506	0.00882197325302	0.00902558060354	-0.0115532661397	0.0664467751256	-0.0327085984975	-0.019148771129
k__Bacteria;p__Bacteroidetes;c__Bacteroidia;o__Bacteroidales;f__Bacteroidaceae;g__Bacteroides;s__Bacteroides_plebeius	-0.0113717284897	0.0179974189104	-0.0172549430371	-0.0297472201835	-0.0556859716354	-0.0497247827557	0.0191764034055	-0.0595882162017	-0.0307430952747	-0.0798595372118	0.00455613447118	-0.0468098713659	0.0186544825461	0.0147378199528	-0.0191458787833	1.0	-0.0307525531973	-0.0258653146248	0.0801552704364	-0.0530079893162	-0.0781698046369	-0.0561093512663	-0.0734462897492	0.0232983666819	0.0317132617542	0.0438398923292	-0.0197730080183	-0.0421898008513	-0.032648757253	-0.00362886174422	-0.046729923952	0.0530467110815	-0.0220953977939	-0.000786032563822	-0.0187798300492	0.0182387452778	0.00456225839006	-0.0774334705292	0.0240053833068	0.00909204999637	-0.0219987062884	-0.0387286882526	-0.0179937386796	0.0170961003727	0.0227546260234	-0.0569887745563	-0.0540317014961	0.100464627551	0.000882305624054	0.0359741777895	0.0539838377545	0.0198303923625	-0.0381247110562	-0.0268456731495	0.030554092667	0.0249290457177	-0.0464626476702	-0.0173803182017	0.0128762736124
k__Bacteria;p__Bacteroidetes;c__Bacteroidia;o__Bacteroidales;f__Bacteroidaceae;g__Bacteroides;s__Bacteroides_fragilis	0.0761483885723	-0.0174538477897	0.0491987768963	0.0271758592149	-0.0201161661897	0.0361702499452	0.0211665694953	-0.0504714724857	-0.033630334434	-0.000836748647591	0.0242068756164	-0.0338070412735	-0.00172320047379	0.108086867242	0.0139827771927	-0.0307525531973	1.0	0.0107837721873	-0.00799494463881	-0.00153477054565	0.00577866371811	0.0590662341218	-0.0267795298296	-0.00307376632908	-0.0134328058881	0.0945698335315	0.0182396830237	-0.0110721399004	0.00253331031684	-0.0325984584939	-0.075774931138	-0.00731879812584	0.0137766544812	-0.00447554117935	-0.0373005629286	-0.011308337301	-0.0149192632647	-0.0138062733496	-0.00965190604389	-0.0132527114429	-0.0489014336407	-0.0573924802223	-0.0255619857844	0.0367742201966	0.0403857621029	-0.00445576038415	-0.0757548725702	0.051195723799	-0.0524808452524	-0.0343207267909	0.0215103373194	0.00275499388074	-0.0343997895777	-0.0352906636438	-0.0141249642707	0.0462296454022	0.00649090407444	0.0390191483013	-0.0274900865839
k__Bacteria;p__Proteobacteria;c__Betaproteobacteria;o__Burkholderiales;f__Sutterellaceae;g__Sutterella;s__Sutterella_wadsworthensis	-0.021043073219	0.0197240674394	-0.0727917674749	0.0288194176493	0.00410866494076	-0.0374183558424	0.0615070948133	0.0125071812745	0.0262549385991	-0.0451816415276	-0.0955859898118	0.0364293058639	-0.00422554354404	0.0334239543019	-0.0150621182055	-0.0258653146248	0.0107837721873	1.0	-0.0489259514053	-0.0103675129992	-0.0611915458336	0.00316691876879	-0.0695813694226	0.0253910751344	0.054034148046	-0.0228879997241	0.00932793960946	0.00278394378659	0.00931279715458	-0.0639942992175	-0.0254090887324	-0.00743929609906	0.00988296151887	0.00795949188738	-0.044081041185	-0.0800846054902	-0.0405295107481	-0.070049354411	-0.0284220806306	-0.0896729674765	-0.0361446738917	-0.0165629932179	-0.0241558437612	-0.00108779957015	-0.00746969889293	-0.0187800441411	0.0106163225696	-0.0136755313548	-0.0216452038613	0.0511026762286	0.0487023888657	-0.0519008117287	-0.0175714840521	-0.052990980963	0.0254815480517	-0.0188995260012	-0.00347617939876	-0.0499394272464	0.00715617809284
k__Bacteria;p__Bacteroidetes;c__Bacteroidia;o__Bacteroidales;f__Porphyromonadaceae;g__Barnesiella;s__Barnesiella_intestinihominis	-0.0799350382285	-0.00360744490017	0.026530047739	0.047365041952	-0.0183192507187	0.0235518477695	0.000382302932524	-0.0226467483621	-0.0806475857057	0.00378845634768	0.0132496012906	0.00354732492402	-0.0377061669119	-0.0309985646373	-0.0131009693777	0.0801552704364	-0.00799494463881	-0.0489259514053	1.0	-0.0207692719029	0.0336960440883	-0.0247600395068	0.0266309882231	-0.027870709935	0.0109879538008	-0.0702925084972	0.0680332116943	-0.00339828676735	-0.0165098078706	-0.022886362834	0.0286731550194	0.0910669255645	-0.0523546169047	-0.00907380471632	0.0444654616296	-0.00826303768381	0.000224264693407	0.0219353895173	-0.00116704817585	-0.00525141457237	-0.073416141481	0.0378305011211	-0.020550106726	-0.0502254367142	-0.0275773917527	0.0124727786424	-0.0226629314966	0.0512881599226	0.0347032600907	0.00852735993962	-0.0362594154002	-0.0566202827075	0.0114479188141	-0.0414780052435	-0.0584273416836	-0.032233180583	0.0181403846982	0.00545146869511	-0.0483898899313
k__Bacteria;p__Bacteroidetes;c__Bacteroidia;o__Bacteroidales;f__Odoribacteraceae;g__Odoribacter;s__Odoribacter_splanchnicus	-0.0562726951248	-0.0460395425629	-0.096972934707	0.0625923651772	0.0732109313805	-0.0225691936217	0.0447428912301	-0.0549667678217	0.0365277862937	0.0341360253098	-0.0362279789463	-0.00500695068603	0.0357339954901	-0.0379367208484	0.00120096684483	-0.0530079893162	-0.00153477054565	-0.0103675129992	-0.0207692719029	1.0	0.00283556304579	-0.00314157313452	0.0179355955347	0.00424279412499	-0.030093127648	0.0787469704517	-0.0321650707214	0.0522437957815	-0.0193874225699	-0.0385678691081	-0.0190326002665	0.0398104564912	0.0417080920192	0.0166949693094	-0.0829307802238	-0.00502721669052	0.0382306683966	0.0480834200038	-0.0742523134511	-0.0529011682211	-0.0320198358439	0.0213727900274	0.039178493382	-0.0674332415766	-0.0262634299369	0.0900055888065	0.00202212777616	-0.0818469333144	-0.00450228767699	0.0403102218231	0.0855360089543	0.0559238871173	-0.0330541064569	-0.0149038609025	0.0154306943551	0.0132145461947	-0.0884322179412	0.0552696854643	-0.0535482222504
k__Bacteria;p__Bacteroidetes;c__Bacteroidia;o__Bacteroidales;f__Bacteroidaceae;g__Bacteroides;s__Bacteroides_salyersiae	0.00328154241758	0.0492146408705	-0.0222284443043	0.0295523776535	0.0370449587365	0.0152352160977	-0.0761100142344	-0.0096034160767	-0.0804518287641	-0.023529562949	-0.0641815487725	0.0156317372072	-0.0497294835538	0.0288604948143	0.00442978221471	-0.0781698046369	0.00577866371811	-0.0611915458336	0.0336960440883	0.00283556304579	1.0	0.0344448557642	0.0442313436157	-0.0112912631073	0.0154300902384	-0.0136207010884	0.0773538508694	-0.020370839632	-0.0383103573789	0.0502846034128	0.011351492584	-0.0322265366172	-0.0279030380958	-0.00389258195381	-0.0189162305822	-0.0104188908139	-0.0849107732132	-0.0486840076688	-0.0355016420724	-0.0410999962438	0.0263625835004	0.0087705669591	0.0111214529096	0.0236710111538	0.0294125892159	0.0340339331071	-0.01513992352	-0.0690200276006	-0.0393075988723	-0.0646393285321	0.0161908586783	-0.0334045841387	0.0372356787149	-0.00665003721101	0.00685842197612	0.0272413117844	-0.00880811476335	-0.0418356435511	0.00594764497284
k__Bacteria;p__Firmicutes;c__Clostridia;o__Clostridiales;f__Ruminococcaceae;g__Ruminiclostridium;s__[Eubacterium]_siraeum	-0.0534879665234	-0.0309565472797	0.0655861279504	-0.0527745690403	0.0135720693403	0.0131837792206	-0.0445324645664	0.013806352671	-0.014558545979	0.0268909255688	-0.0291701009099	-0.0254104196179	-0.0872748913177	0.0102940752365	-0.0397140570883	-0.0561093512663	0.0590662341218	0.00316691876879	-0.0247600395068	-0.00314157313452	0.0344448557642	1.0	-0.0198348363169	0.0285319578576	-0.0588920944574	-0.0264021400454	-0.016909027808	0.0247888970066	-0.0188216750438	0.00813045386014	0.02144090894	-0.0424025738233	0.0463636375696	0.0146130036054	-0.00394088708567	0.00368108405632	-0.0707809512566	0.00796057097182	-0.0777372897623	-0.00571928103555	-0.0273672240482	0.00518603219277	0.0123391710013	-0.0180852210858	-0.0278808322657	0.0367829652175	0.0252431425768	-0.0256179682299	-0.0509292679381	-0.0728729438878	-0.0915351802574	0.0519876709669	-0.0404729821832	-0.0273001981082	-0.0273695972776	-0.023284122188	-0.025849898486	0.0931599165851	-0.0506200860086
k__Bacteria;p__Proteobacteria;c__Betaproteobacteria;o__Burkholderiales;f__Sutterellaceae;g__Parasutterella;s__Parasutterella_excrementihominis	-0.0106176840924	0.0040669236238	-0.0383070325644	-0.000542423125572	0.0148017823401	0.0243580791814	0.0744138761047	0.0559854903082	0.0595850590348	0.00473562147439	0.0601370587304	-0.0774870561232	0.0244172234824	-0.0294672595588	-0.0160008780846	-0.0734462897492	-0.0267795298296	-0.0695813694226	0.0266309882231	0.0179355955347	0.0442313436157	-0.0198348363169	1.0	-0.0406410447858	0.0550078955684	0.0180660500559	0.00725443876564	-0.0140651333195	-0.0131253999265	0.0103201265169	0.0483278453515	0.0089457741138	0.0332349982897	0.0092882071896	-4.78001356682e-05	-0.0924983958581	-0.0042664496135	-0.00422067685275	-0.00691572716899	0.0194682574799	-0.000116698007252	3.18196551064e-05	-0.0906867617514	-0.0335464440414	-0.0528572846215	-0.0136200541052	0.00526303817075	-0.0961557719448	0.0121671470564	-0.0744870742653	-0.0196577845205	0.0501475776665	-0.0603795984318	-0.0362712354482	0.0373367987393	-0.00479795235868	-0.101802120009	0.00801418456545	-0.0294714642858
k__Bacteria;p__Actinobacteria;c__Actinobacteria;o__Bifidobacteriales;f__Bifidobacteriaceae;g__Bifidobacterium;s__Bifidobacterium_adolescentis	-0.030051486217	-0.0403826891204	0.048793691901	-0.0170811179859	-0.0592929576525	-0.0355341330809	0.00846285143385	0.00725656983389	0.0229561691975	-0.0278028942577	-0.00539462228661	-0.00663398852987	-0.083788910994	-0.00843622664869	0.0496000208495	0.0232983666819	-0.00307376632908	0.0253910751344	-0.027870709935	0.00424279412499	-0.0112912631073	0.0285319578576	-0.0406410447858	1.0	-0.0575097806554	-0.0232448272221	0.0356803019549	0.0245772072783	-0.0350984950595	0.0353812305124	0.00784384276198	0.00772201503862	-0.0540498152519	0.0378346836465	-0.0328152587335	-0.00279559296537	0.064302380332	-0.0105185470528	0.00800601108551	-0.0471886490803	-0.0157389183253	-0.0304328870694	0.0532157008436	-0.0456315767582	-0.0114124065416	0.0563002846579	-0.0664206905198	0.0394958969124	0.0166893965154	-0.0671976175906	0.0241246767421	0.0149309033646	-0.0397804858727	-0.00908275670001	-0.0614948991555	0.0128231986587	-0.074935148447	0.0573804105985	-0.0309035221286
k__Bacteria;p__Firmicutes;c__Clostridia;o__Clostridiales;f__Oscillospiraceae;g__Oscillibacter;s__Oscillibacter_sp._KLE_1745	0.0115368339855	0.0142983902678	-0.0242029949499	0.0227112221677	-0.0659642325642	-0.0344887674944	-0.00705632691546	-0.0274019877224	-0.056778965284	0.0022205547931	-0.00962249418655	0.00437826248573	-0.0110095348455	0.0671118821163	0.0520029977267	0.0317132617542	-0.0134328058881	0.054034148046	0.0109879538008	-0.030093127648	0.0154300902384	-0.0588920944574	0.0550078955684	-0.0575097806554	1.0	-0.127521507469	-0.00796650056499	-0.00625532061464	0.00775973972669	-0.0667369392794	-0.0119770677962	0.00284064560099	0.00265620189904	0.028136023392	-0.0503819976477	0.0144010021615	0.0419068361512	-0.0102338113045	0.0227409533935	-0.0320973622508	0.0258816469859	-0.00698487404072	-0.0367857516795	0.0242078640141	-0.0444449954547	-0.0196824594605	-0.0874374665014	0.00190896365883	-0.0195990086735	-0.0236522102364	0.00747937956132	-0.0229488054692	0.0356131549978	0.0484584916146	0.0195492621952	0.0103688385029	0.0201707001519	0.0383119658985	-0.0254115661715
k__Bacteria;p__Bacteroidetes;c__Bacteroidia;o__Bacteroidales;f__Bacteroidaceae;g__Bacteroides;s__Bacteroides_coprophilus	0.000456891433947	-0.027505772976	0.0150975874966	-0.0373891581545	-0.0483814662351	0.0429006712661	0.0129685439224	0.00797121952939	-0.0176520685126	-0.0305932764854	-0.0245290942789	0.0348439954497	-0.0111731918218	0.000594144699083	0.0768885674472	0.0438398923292	0.0945698335315	-0.0228879997241	-0.0702925084972	0.0787469704517	-0.0136207010884	-0.0264021400454	0.0180660500559	-0.0232448272221	-0.127521507469	1.0	-0.0213027103917	-0.0152230144979	-0.0669533797149	-0.00102765739724	-0.0394466760717	-0.0558866241293	0.0263741374929	0.00794357013829	0.00908976184002	-0.0247625355361	-0.0606383351523	-0.0916118901187	0.00818541830529	-0.02216299143	-0.00251148769486	-0.0656201367766	-0.0196003489039	-0.00743149966084	-0.0375974282676	-0.0475326656944	-0.0238041861536	0.0532406331402	-0.00540567924879	0.0440974861799	-0.0345051347331	0.0303849897878	0.0154283874135	0.00723978758963	0.0723242265585	-0.0546237054412	-0.0460099889908	-0.0405471495187	0.00933450184223
k__Bacteria;p__Firmicutes;c__Clostridia;o__Clostridiales;f__Lachnospiraceae;g__Roseburia;s__Roseburia_intestinalis	-0.0289779040966	0.00841865068809	-0.0108816455489	0.0195372642542	-0.0478776219856	-0.033476162698	-0.076070509132	-0.00661965782156	-0.0198595049654	-0.0631013945387	0.034525930373	0.0353912998612	-0.0182377840706	-0.0792496051645	0.0174749391786	-0.0197730080183	0.0182396830237	0.00932793960946	0.0680332116943	-0.0321650707214	0.0773538508694	-0.016909027808	0.00725443876564	0.0356803019549	-0.00796650056499	-0.0213027103917	1.0	0.0807730786632	-0.0892129440889	0.00359628547721	0.0640066356629	-0.0248652202633	-0.00539157585808	-0.101641549254	-0.0249352192292	-0.0832264848713	-0.0394731799451	-0.0400050500641	-0.0124062090435	-0.0404549521395	-0.0165048246766	0.00976674585097	-0.0678218295266	-0.01361456521	-0.0238533362314	-0.0018190961348	-0.0088187391685	-0.0393253134915	0.0333216349535	0.038860131052	0.0329232518024	-0.0250275832097	0.0262977594537	-0.0264871179515	-0.0107037068295	0.0311404712778	0.0536050486854	0.000777156381803	0.113041312073
k__Bacteria;p__Firmicutes;c__Clostridia;o__Clostridiales;f__Lachnospiraceae;g__Roseburia;s__Roseburia_hominis	0.0176237324997	-0.0480420843845	0.0116343077006	0.00484031753046	-0.0241713358265	-0.0318704023625	0.0140005083161	-0.0249787435449	-0.00501943945385	-0.00272645349172	-0.0407544104208	0.0333324472167	0.0318036007071	0.0161156293663	0.0604808931568	-0.0421898008513	-0.0110721399004	0.00278394378659	-0.00339828676735	0.0522437957815	-0.020370839632	0.0247888970066	-0.0140651333195	0.0245772072783	-0.00625532061464	-0.0152230144979	0.0807730786632	1.0	-0.00404371152329	0.06428935686	-0.0601024977338	-0.049026945665	-0.0250984016661	-0.0570577733527	0.0212575453439	-0.0386941862365	-0.0149287447907	0.00996203049731	-0.0386680085147	-0.0140152190799	0.0580668960238	-0.06670612325	-0.0523451235976	0.00103125418941	0.0369735259044	0.0183847262711	0.00116593323624	-0.00720842427532	-0.0244041731371	-0.0131925373675	0.00423733906599	-0.0306392782809	-0.0348668635949	-0.011035603897	-0.0559782855674	-0.0417541971499	0.0169586430486	-0.0152085804781	-0.00678568617213
k__Bacteria;p__Bacteroidetes;c__Bacteroidia;o__Bacteroidales;f__Porphyromonadaceae;g__Parabacteroides;s__Parabacteroides_johnsonii	0.00667712417127	-0.00284736150548	0.000505838064787	0.0760979179798	0.00344341292055	-0.0250534433279	-0.0481389009808	0.0741922055092	0.0136154594511	-0.0229024294539	-0.0780771626194	-0.00571789910596	-0.038036314328	0.0386519618203	-0.0459867130485	-0.032648757253	0.00253331031684	0.00931279715458	-0.0165098078706	-0.0193874225699	-0.0383103573789	-0.0188216750438	-0.0131253999265	-0.0350984950595	0.00775973972669	-0.0669533797149	-0.0892129440889	-0.00404371152329	1.0	-0.0588568858132	-0.00694566013548	0.0192440442425	0.0694928745298	0.0558061509917	0.033815728282	0.0247438500959	-0.0364654465967	-0.0383853320666	-0.00217920717355	-0.0159096623423	-0.0055712062432	-0.0504979950937	-0.0315939032229	0.0329210339496	-0.0253308613178	-0.0377811724936	0.0160217829022	-0.0486361633861	0.0638713392367	0.0353822253742	-0.0566251145637	0.00698029293603	0.0187285962244	0.0199057511797	-0.0908885404284	-0.0168785396263	-0.078455813045	0.0850218207756	-0.00695132869205
k__Bacteria;p__Actinobacteria;c__Actinobacteria;o__Bifidobacteriales;f__Bifidobacteriaceae;g__Bifidobacterium;s__Bifidobacterium_longum	0.00459142124401	-0.0817864496818	0.00505372918527	-0.019722840861	-0.0284799433647	-0.0175098093175	0.0615565209303	0.00296527753356	-0.0260225783104	-0.0264210149541	0.0524537757679	0.0113952310055	-0.03477414147	0.019163942971	0.0606520253191	-0.00362886174422	-0.0325984584939	-0.0639942992175	-0.022886362834	-0.0385678691081	0.0502846034128	0.00813045386014	0.0103201265169	0.0353812305124	-0.0667369392794	-0.00102765739724	0.00359628547721	0.06428935686	-0.0588568858132	1.0	0.00705873801202	-0.065163368232	-0.0821179992666	0.0099386679618	-0.0449345501468	0.0369064944887	-0.0651197790449	-0.0250337671463	-0.00972393274613	0.0113714774305	9.17686778086e-05	0.0611890085934	-0.0733394735299	0.0430337001507	-0.0531440096154	0.0255196209231	0.00610350077052	-0.0184702278033	-0.00415141895143	-0.0467869260995	-0.0591341726257	-0.0265600722763	-0.0566976163471	-0.0128394904074	-0.00344271826647	0.0233600384187	0.0384597464989	-0.0173420709609	0.0374704574332
