#taxonomy	k__Bacteria;p__Bacteroidetes;c__Bacteroidia;o__Bacteroidales;f__Bacteroidaceae;g__Bacteroides;s__Bacteroides_vulgatus	k__Bacteria;p__Bacteroidetes;c__Bacteroidia;o__Bacteroidales;f__Bacteroidaceae;g__Bacteroides;s__Bacteroides_uniformis	k__Bacteria;p__Bacteroidetes;c__Bacteroidia;o__Bacteroidales;f__Rikenellaceae;g__Alistipes;s__Alistipes_putredinis	k__Bacteria;p__Bacteroidetes;c__Bacteroidia;o__Bacteroidales;f__Prevotellaceae;g__Prevotella;s__Prevotella_copri	k__Bacteria;p__Bacteroidetes;c__Bacteroidia;o__Bacteroidales;f__Bacteroidaceae;g__Bacteroides;s__Bacteroides_stercoris	k__Bacteria;p__Bacteroidetes;c__Bacteroidia;o__Bacteroidales;f__Bacteroidaceae;g__Bacteroides;s__Bacteroides_ovatus	k__Bacteria;p__Bacteroidetes;c__Bacteroidia;o__Bacteroidales;f__Rikenellaceae;g__Alistipes;s__Alistipes_shahii	k__Bacteria;p__Firmicutes;c__Clostridia;o__Clostridiales;f__Ruminococcaceae;g__Faecalibacterium;s__Faecalibacterium_prausnitzii	k__Bacteria;p__Bacteroidetes;c__Bacteroidia;o__Bacteroidales;f__Rikenellaceae;g__Alistipes;s__Alistipes_finegoldii	k__Bacteria;p__Bacteroidetes;c__Bacteroidia;o__Bacteroidales;f__Porphyromonadaceae;g__Parabacteroides;s__Parabacteroides_distasonis	k__Bacteria;p__Bacteroidetes;c__Bacteroidia;o__Bacteroidales;f__Bacteroidaceae;g__Bacteroides;s__Bacteroides_thetaiotaomicron	k__Bacteria;p__Bacteroidetes;c__Bacteroidia;o__Bacteroidales;f__Bacteroidaceae;g__Bacteroides;s__Bacteroides_coprocola	k__Bacteria;p__Bacteroidetes;c__Bacteroidia;o__Bacteroidales;f__Bacteroidaceae;g__Bacteroides;s__Bacteroides_cellulosilyticus	k__Bacteria;p__Bacteroidetes;c__Bacteroidia;o__Bacteroidales;f__Rikenellaceae;g__Alistipes;s__Alistipes_obesi	k__Bacteria;p__Firmicutes;c__Clostridia;o__Clostridiales;f__Lachnospiraceae;g__;s__[Eubacterium]_rectale	k__Bacteria;p__Bacteroidetes;c__Bacteroidia;o__Bacteroidales;f__Bacteroidaceae;g__Bacteroides;s__Bacteroides_plebeius	k__Bacteria;p__Bacteroidetes;c__Bacteroidia;o__Bacteroidales;f__Bacteroidaceae;g__Bacteroides;s__Bacteroides_fragilis	k__Bacteria;p__Proteobacteria;c__Betaproteobacteria;o__Burkholderiales;f__Sutterellaceae;g__Sutterella;s__Sutterella_wadsworthensis	k__Bacteria;p__Bacteroidetes;c__Bacteroidia;o__Bacteroidales;f__Porphyromonadaceae;g__Barnesiella;s__Barnesiella_intestinihominis	k__Bacteria;p__Bacteroidetes;c__Bacteroidia;o__Bacteroidales;f__Odoribacteraceae;g__Odoribacter;s__Odoribacter_splanchnicus	k__Bacteria;p__Bacteroidetes;c__Bacteroidia;o__Bacteroidales;f__Bacteroidaceae;g__Bacteroides;s__Bacteroides_salyersiae	k__Bacteria;p__Firmicutes;c__Clostridia;o__Clostridiales;f__Ruminococcaceae;g__Ruminiclostridium;s__[Eubacterium]_siraeum	k__Bacteria;p__Proteobacteria;c__Betaproteobacteria;o__Burkholderiales;f__Sutterellaceae;g__Parasutterella;s__Parasutterella_excrementihominis	k__Bacteria;p__Actinobacteria;c__Actinobacteria;o__Bifidobacteriales;f__Bifidobacteriaceae;g__Bifidobacterium;s__Bifidobacterium_adolescentis	k__Bacteria;p__Firmicutes;c__Clostridia;o__Clostridiales;f__Oscillospiraceae;g__Oscillibacter;s__Oscillibacter_sp._KLE_1745	k__Bacteria;p__Bacteroidetes;c__Bacteroidia;o__Bacteroidales;f__Bacteroidaceae;g__Bacteroides;s__Bacteroides_coprophilus	k__Bacteria;p__Firmicutes;c__Clostridia;o__Clostridiales;f__Lachnospiraceae;g__Roseburia;s__Roseburia_intestinalis	k__Bacteria;p__Firmicutes;c__Clostridia;o__Clostridiales;f__Lachnospiraceae;g__Roseburia;s__Roseburia_hominis	k__Bacteria;p__Bacteroidetes;c__Bacteroidia;o__Bacteroidales;f__Porphyromonadaceae;g__Parabacteroides;s__Parabacteroides_johnsonii	k__Bacteria;p__Actinobacteria;c__Actinobacteria;o__Bifidobacteriales;f__Bifidobacteriaceae;g__Bifidobacterium;s__Bifidobacterium_longum	k__Bacteria;p__Firmicutes;c__Clostridia;o__Clostridiales;f__;g__Flavonifractor;s__Flavonifractor_plautii	k__Bacteria;p__Firmicutes;c__Clostridia;o__Clostridiales;f__Clostridiaceae;g__Clostridium;s__Clostridium_phoceensis	k__Bacteria;p__Verrucomicrobia;c__Verrucomicrobiae;o__Verrucomicrobiales;f__Akkermansiaceae;g__Akkermansia;s__Akkermansia_muciniphila	k__Bacteria;p__Bacteroidetes;c__Bacteroidia;o__Bacteroidales;f__Prevotellaceae;g__Paraprevotella;s__Paraprevotella_xylaniphila	k__Bacteria;p__Firmicutes;c__Clostridia;o__Clostridiales;f__Ruminococcaceae;g__Ruminococcus;s__Ruminococcus_callidus	k__Bacteria;p__Bacteroidetes;c__Bacteroidia;o__Bacteroidales;f__Rikenellaceae;g__Alistipes;s__Alistipes_senegalensis	k__Bacteria;p__Firmicutes;c__Clostridia;o__Clostridiales;f__Lachnospiraceae;g__Blautia;s__Blautia_sp._KLE_1732	k__Bacteria;p__Bacteroidetes;c__Bacteroidia;o__Bacteroidales;f__Bacteroidaceae;g__Bacteroides;s__Bacteroides_oleiciplenus	k__Bacteria;p__Firmicutes;c__Clostridia;o__Clostridiales;f__Ruminococcaceae;g__Ruminococcus;s__Ruminococcus_bicirculans	k__Bacteria;p__Bacteroidetes;c__Bacteroidia;o__Bacteroidales;f__Bacteroidaceae;g__Bacteroides;s__Bacteroides_fluxus	k__Bacteria;p__Bacteroidetes;c__Bacteroidia;o__Bacteroidales;f__Prevotellaceae;g__Prevotella;s__Prevotella_stercorea	k__Bacteria;p__Firmicutes;c__Clostridia;o__Clostridiales;f__Lachnospiraceae;g__Dorea;s__Dorea_longicatena	k__Bacteria;p__Firmicutes;c__Clostridia;o__Clostridiales;f__Eubacteriaceae;g__Eubacterium;s__[Eubacterium]_eligens	k__Bacteria;p__Firmicutes;c__Clostridia;o__Clostridiales;f__Ruminococcaceae;g__;s__Ruminococcaceae_bacterium_D16	k__Bacteria;p__Firmicutes;c__Clostridia;o__Clostridiales;f__Lachnospiraceae;g__Coprococcus;s__Coprococcus_comes	k__Bacteria;p__Proteobacteria;c__Gammaproteobacteria;o__Enterobacterales;f__Enterobacteriaceae;g__Escherichia;s__Escherichia_coli	k__Bacteria;p__Firmicutes;c__Clostridia;o__Clostridiales;f__Ruminococcaceae;g__Anaerotruncus;s__Anaerotruncus_colihominis	k__Bacteria;p__Firmicutes;c__Clostridia;o__Clostridiales;f__Lachnospiraceae;g__Blautia;s__Blautia_obeum	k__Bacteria;p__Bacteroidetes;c__Bacteroidia;o__Bacteroidales;f__Odoribacteraceae;g__Odoribacter;s__Odoribacter_laneus	k__Bacteria;p__Firmicutes;c__Clostridia;o__Clostridiales;f__Ruminococcaceae;g__Ruminiclostridium;s__[Clostridium]_leptum	k__Bacteria;p__Bacteroidetes;c__Bacteroidia;o__Bacteroidales;f__Porphyromonadaceae;g__Parabacteroides;s__Parabacteroides_goldsteinii	k__Bacteria;p__Firmicutes;c__Clostridia;o__Clostridiales;f__Lachnospiraceae;g__Anaerostipes;s__Anaerostipes_hadrus	k__Bacteria;p__Firmicutes;c__Clostridia;o__Clostridiales;f__Ruminococcaceae;g__Ruminococcus;s__Ruminococcus_lactaris	k__Bacteria;p__Firmicutes;c__Clostridia;o__Clostridiales;f__Clostridiaceae;g__Clostridium;s__Clostridium_sp._L2-50	k__Bacteria;p__Firmicutes;c__Clostridia;o__Clostridiales;f__Clostridiaceae;g__Clostridium;s__Clostridium_sp._M62/1	k__Bacteria;p__Firmicutes;c__Clostridia;o__Clostridiales;f__;g__Intestinimonas;s__Intestinimonas_butyriciproducens	k__Bacteria;p__Actinobacteria;c__Actinobacteria;o__Bifidobacteriales;f__Bifidobacteriaceae;g__Bifidobacterium;s__Bifidobacterium_bifidum	k__Bacteria;p__Firmicutes;c__Negativicutes;o__Veillonellales;f__Veillonellaceae;g__Dialister;s__Dialister_invisus	k__Bacteria;p__Bacteroidetes;c__Bacteroidia;o__Bacteroidales;f__Bacteroidaceae;g__Bacteroides;s__Bacteroides_salanitronis
k__Bacteria;p__Bacteroidetes;c__Bacteroidia;o__Bacteroidales;f__Bacteroidaceae;g__Bacteroides;s__Bacteroides_vulgatus	1.0	-0.0517694125719	0.0237085029069	0.0374124733753	-0.0213756542793	0.0122159150554	-0.0309575444735	-0.0100406589136	-0.0184050260774	0.0926782079196	-0.0729257958602	0.0759079422704	0.00388664041349	-0.000701587230483	0.0251618190469	0.0137730717428	0.000606591050789	-0.0999295619711	0.0111739319598	0.0766653811277	0.0178474754004	-0.0281300541188	0.00419967728776	-0.045582609726	0.0458525872914	0.0327265780247	0.0179462196173	0.0243036170992	-0.0111349309739	-0.0306062149567	-0.00639453034146	0.0102552462791	0.0250162636564	-0.019656510106	0.0417326098146	0.0304620532514	-0.0120329739302	-0.00633714584267	-0.00895495387404	0.0239270651259	0.0183281590945	-0.0396146550122	0.0460668830379	0.0328515380117	-0.0718755465642	-0.0973947884748	0.0112593312946	-0.0205167950705	-0.0904183757421	-0.02836050177	-0.0371135641121	-0.0813946507692	0.0562892261805	-0.0729061352185	0.0230919588813	-0.0855364527726	-0.0379977342841	0.0300062320933	-0.0467550489122
k__Bacteria;p__Bacteroidetes;c__Bacteroidia;o__Bacteroidales;f__Bacteroidaceae;g__Bacteroides;s__Bacteroides_uniformis	-0.0517694125719	1.0	-0.0419910609999	-0.0532729753448	-0.0244306452866	0.0560037040736	0.0247216491694	-0.0017140631596	-0.0789236599069	0.0457603211486	0.0312423740786	-0.00896404796249	0.0377736727875	0.0270407728999	-0.00843047314888	-0.0792157102541	0.0317107117706	-0.0146726196502	0.0322949564081	0.00688453640352	-0.0195505282534	0.0488953127585	0.0188763695472	0.0552438818837	-0.0753544032926	0.0364658464995	-0.00714221456883	-0.00140112451426	-0.0224162968706	-0.0529207794	-0.0212558240632	-0.0013064897191	-0.0422649998527	0.0202445146239	0.00150195141743	-0.0277722774915	0.0125225930063	-0.0401112361034	0.00524448833327	-0.0359295217192	-0.014630820351	0.0329872133864	-0.0323787403991	-0.00460404817046	0.0277565773603	-0.0171764062389	-0.00230712392768	0.0160096334703	0.0235888794079	-0.0320492500353	-0.0301611336022	-0.0332441194426	-0.0098456004918	-0.0849168468033	-0.0248259228872	-0.0265881292059	-0.0264838985526	-0.0193292607219	-0.107642447468
k__Bacteria;p__Bacteroidetes;c__Bacteroidia;o__Bacteroidales;f__Rikenellaceae;g__Alistipes;s__Alistipes_putredinis	0.0237085029069	-0.0419910609999	1.0	-0.0643864466926	-0.000853448335938	0.0594031737454	0.0274257810761	-0.0199233015479	-0.0270865973153	-0.0388444040227	0.0524958571361	-0.0176672789606	-0.0424339905158	-0.105433280014	0.00169943325685	-2.93737791668e-05	0.00084653463983	-0.0899752347327	-0.0436579962115	-0.0587451904339	-0.0222312972808	0.0114666609465	0.0036973808179	-0.0734128864762	-0.0176915004447	0.0337588458866	-0.0199194562463	-0.0175203679001	0.016493081789	0.0327399685769	-0.0247309738682	0.0235509424845	-0.0205149564115	0.00100805716785	0.0270901502254	-0.0705328608632	-0.0130521238191	-0.0281978774578	-0.0263758990477	0.0577995520404	0.0210719161027	-0.0239832298357	-0.0185020999712	-0.012126263781	-0.00545224803991	-0.0758027418405	-0.0426383457316	0.0482971739661	0.00437989015263	0.0160423652253	-0.0200416777946	0.0108510061011	-0.0423555458109	-0.0137456314072	0.00573138821616	0.0450884859575	-0.04971882547	0.0229347586348	-0.00826770798105
k__Bacteria;p__Bacteroidetes;c__Bacteroidia;o__Bacteroidales;f__Prevotellaceae;g__Prevotella;s__Prevotella_copri	0.0374124733753	-0.0532729753448	-0.0643864466926	1.0	0.027497424863	-0.0296915726282	0.0271461085003	-0.0339382921437	-0.0910579706978	-0.0267859592381	-0.0244042069913	-0.0791359281078	-0.000266954943822	0.0280954170963	-0.0235943493589	0.0495053436073	0.0349695874756	-0.0492574829276	-0.0319172971521	-0.0643271481571	0.0302614290547	-0.0182345767521	-0.0433782651471	0.0781526871518	-0.0417034271479	0.0157541513053	-0.0394609839394	0.00568192985931	-0.0319265521397	-0.0105250556286	-0.050303099884	-0.0606747459249	-0.0786833199898	-0.0627282069976	-0.0123748323348	0.0975955284	-0.0132761457934	0.00808702463616	0.0391674124664	0.0478335415395	0.010560224861	-0.0123255444159	-0.0505541677462	-0.00732187242	-0.0270746226443	0.0409333047127	0.0671254352243	-0.00420087526262	-0.0916751627749	-0.00909757541576	-0.0319797198149	-0.0393390720313	-7.79664244834e-05	0.0542715043791	0.0489274729307	-0.0124966717775	0.00351361239555	-0.00289342225545	0.0378582353177
k__Bacteria;p__Bacteroidetes;c__Bacteroidia;o__Bacteroidales;f__Bacteroidaceae;g__Bacteroides;s__Bacteroides_stercoris	-0.0213756542793	-0.0244306452866	-0.000853448335938	0.027497424863	1.0	0.0619030340057	-0.0729054687367	-0.0132242776382	-0.134076118002	-0.0267367011443	-0.0533325111272	0.00418822080602	-0.0369804724622	-0.0671163795482	0.0268821629209	-0.00321896197666	-0.0420324618892	-0.0276550013111	-0.0742206047827	-0.0673415451219	-0.0581093704688	0.0544127336105	0.0142138208906	0.0350602882589	-0.00555961936292	0.010786701937	-0.0488726398679	-0.02363734075	-0.0405371475083	-0.0151215594753	-0.0409150684511	0.00718136811413	0.0825276840616	0.0228113445721	0.0877724824976	0.0803193235258	0.0454964551803	-0.000236445198816	-0.0200883095952	-0.0129335909188	0.0471524786664	-0.0773153136442	0.0578738230183	-0.0336942997358	-0.0088938723794	0.0541657883995	-0.0784098271144	-0.0204654513586	-0.0409876158395	0.00136040924219	-0.025790570103	0.0604291781392	0.00437669661502	-0.0029346612686	0.0199313912376	0.0366707242156	-0.0325276272181	0.038106214219	0.00779253649279
k__Bacteria;p__Bacteroidetes;c__Bacteroidia;o__Bacteroidales;f__Bacteroidaceae;g__Bacteroides;s__Bacteroides_ovatus	0.0122159150554	0.0560037040736	0.0594031737454	-0.0296915726282	0.0619030340057	1.0	-0.0211735407545	0.0310144199768	-0.033046089932	-0.00450468478884	-0.0469618082188	-0.062336027532	-0.0172957897051	0.00776569725036	0.0111219772082	0.00432806654332	-0.00564401608028	-0.00974901320182	-0.0277715654407	0.00202936667244	-0.0428283975192	-0.0525867108404	-0.0330913736262	-0.0516665307836	-0.0455639857265	0.0409096542888	0.0739566222083	-0.0367648244794	-0.0139521993085	-0.00921494121715	9.79247852407e-05	-0.0681043190048	0.0365260889283	-0.00553620018987	0.0917201123482	-0.0698445706114	0.0178406781367	-0.0223527363586	-0.0340561391326	-0.0153278816977	-0.0500747398474	-0.00795251750433	0.025317163265	0.0514243484677	-0.0280213508599	-0.0101801752653	0.0851112501074	0.0282360539067	-0.0505436691529	-0.0186064246747	-0.0513149556297	-0.00245769981529	0.0197548943234	0.00616948542701	0.0258166812878	-0.0505461451227	0.0266777212055	-0.0483390121717	-0.0279415673576
k__Bacteria;p__Bacteroidetes;c__Bacteroidia;o__Bacteroidales;f__Rikenellaceae;g__Alistipes;s__Alistipes_shahii	-0.0309575444735	0.0247216491694	0.0274257810761	0.0271461085003	-0.0729054687367	-0.0211735407545	1.0	-0.00610355210767	-0.0723996713496	0.0348291073914	-0.0366958193516	-0.00963367049658	-0.00147882152611	0.0440689435894	0.0656449626793	0.0383438307329	-0.00594209014116	-0.016524092182	-0.0145519585565	0.025070858831	-0.0579975876421	-0.0301521053068	-0.0338188555919	0.0161475488105	-0.0274609923905	-0.0629984328775	-0.0648467967628	0.0777534374879	-0.0553983484186	0.0130451414303	-0.0853625596465	-0.0387693139719	-0.0305174712421	0.0322747280255	-0.0639254995874	0.0632848938325	-0.0161212124305	0.0187913842253	0.124287848585	0.0110784002135	-0.020469678812	0.00436416900911	-0.0504249688717	0.00764108302446	0.0228428383657	-0.0135558188449	-0.0439449708316	0.0352482205133	0.0592904977876	-0.0170534373005	0.00226024769006	-0.0618359857459	-0.00750991805567	0.0479812820184	0.0264684908625	0.0214737396981	-0.0776311221063	0.0122136758258	-0.0826194757137
k__Bacteria;p__Firmicutes;c__Clostridia;o__Clostridiales;f__Ruminococcaceae;g__Faecalibacterium;s__Faecalibacterium_prausnitzii	-0.0100406589136	-0.0017140631596	-0.0199233015479	-0.0339382921437	-0.0132242776382	0.0310144199768	-0.00610355210767	1.0	-0.00440144477591	-0.0667205335351	-0.0441634178256	0.0320301452439	0.0914007465142	0.047637770454	-0.00918438093409	-0.108821162211	-0.0466564229874	0.0264599843358	-0.0496675169861	0.076355905181	0.0123647554924	-0.00445058647097	0.00745591891266	-0.0181727438362	0.0308563072912	0.00193431392624	-0.0313050355084	-0.0265858284255	-0.0719004670528	0.0291425913259	0.0140789685615	-0.00624231570105	0.0421522761269	-0.0640720450022	0.075068576814	-0.000642237819076	0.0414367098517	0.0508687542482	-0.0633657838182	-0.0178537770035	0.030549885276	-0.0123923950547	-0.00675732085966	-0.0923613543193	0.031539633759	-0.00752296156983	0.0307348417404	0.0178063109237	0.0236112314386	-0.0598301651051	-0.00805282635029	-0.0321394893167	0.0232736769009	0.00896565977717	-0.0190051080154	0.0105001231794	-0.0193156662729	-0.037795589918	0.0241695844503
k__Bacteria;p__Bacteroidetes;c__Bacteroidia;o__Bacteroidales;f__Rikenellaceae;g__Alistipes;s__Alistipes_finegoldii	-0.0184050260774	-0.0789236599069	-0.0270865973153	-0.0910579706978	-0.134076118002	-0.033046089932	-0.0723996713496	-0.00440144477591	1.0	-0.0167559891676	0.00221602153427	-0.027149221283	0.0216632487623	-0.0267166311598	-0.0404789108404	0.0397398581989	-0.0114507391406	-0.0410820886379	-0.058747890309	0.0284015094158	0.0710530691017	0.0468885072337	0.0243479753513	0.00706520748181	-0.0182888763606	-0.00849166716326	-0.00057275074823	-0.0607136298839	-0.0228011764061	-0.0730133371944	0.031840191735	0.0368754063114	-0.0136140197729	0.0309008601623	0.00247066300837	-0.0769862373452	-0.0422571072723	0.0266192506707	0.0889168378049	-0.0503010152345	-3.39444261959e-05	0.0223400935452	0.0360412341385	-0.0597647413874	-0.0468094295139	-0.0433707540874	0.00467291098824	0.00842353058639	0.0900681026304	-0.00577986432074	0.0262917106026	0.0496650728546	-0.0266259211765	-0.0173618607259	0.0014573209651	0.025462330067	0.0411990864542	0.00735663833939	-0.0669313421293
k__Bacteria;p__Bacteroidetes;c__Bacteroidia;o__Bacteroidales;f__Porphyromonadaceae;g__Parabacteroides;s__Parabacteroides_distasonis	0.0926782079196	0.0457603211486	-0.0388444040227	-0.0267859592381	-0.0267367011443	-0.00450468478884	0.0348291073914	-0.0667205335351	-0.0167559891676	1.0	-0.0183632268546	0.0383156280424	-0.0305690890015	-0.050563079873	-0.0253976911898	0.010131401274	-0.0568907470292	0.0193112237057	0.0509741145967	-0.0132788024011	0.030821508695	0.0257524609019	-0.0411415270438	-0.00550177631661	-0.0130023936325	-0.00857199395311	0.00780547671556	0.0029334652467	-0.0761896532678	0.0280974138934	-0.0822061012215	0.0130261105367	0.00973129643184	-0.0045682604217	-0.000831272463316	0.0663997824248	-0.00465084080678	-0.0339894614909	0.00132866003388	-0.0504528105617	0.0569901758424	-0.0175285351365	-0.0913715877332	-0.0517551733592	0.0158484224514	-0.0155119274037	-0.0898093970344	-0.0295960437323	-0.0147587073225	0.0474495685658	0.00191980118568	-0.0449661535406	-0.0277896257639	-0.037990386285	0.0621397579775	0.0362657736493	0.00728240800802	-0.0564653002717	-0.0159806520084
k__Bacteria;p__Bacteroidetes;c__Bacteroidia;o__Bacteroidales;f__Bacteroidaceae;g__Bacteroides;s__Bacteroides_thetaiotaomicron	-0.0729257958602	0.0312423740786	0.0524958571361	-0.0244042069913	-0.0533325111272	-0.0469618082188	-0.0366958193516	-0.0441634178256	0.00221602153427	-0.0183632268546	1.0	-0.00292067625089	-0.0729771552693	0.0459426112198	-0.000144150249956	0.00625977114182	-0.0610846149262	0.0195933257745	-0.0193303992193	0.0140141170634	0.0276211682807	-0.0427072626311	0.0197137952355	-0.0482806405318	0.00860895153834	-0.0158658724641	0.00356451098431	0.0452618548921	0.0307175355321	0.00681523549162	-0.00406271970688	-0.00606693183436	0.0271786431288	-0.0325883527543	-0.0550369426471	-0.00272132220769	-0.0768892963061	0.0889030536437	-0.00321413200339	-0.0554717366592	-0.0159676046088	0.0343167671231	0.0126487927792	-0.0388834449744	0.0691245698995	-0.0590837442699	-0.0269000693392	0.0201452116439	-0.0274460851502	-0.0738437348622	0.00805205121108	-0.0542319368378	0.0142001690206	0.0447988715071	-0.00892871080449	-0.0102397600523	0.00949689010228	-0.0378824050328	0.076787430352
k__Bacteria;p__Bacteroidetes;c__Bacteroidia;o__Bacteroidales;f__Bacteroidaceae;g__Bacteroides;s__Bacteroides_coprocola	0.0759079422704	-0.00896404796249	-0.0176672789606	-0.0791359281078	0.00418822080602	-0.062336027532	-0.00963367049658	0.0320301452439	-0.027149221283	0.0383156280424	-0.00292067625089	1.0	-0.0340099861984	0.00648861587266	0.00984447827305	-0.10025803988	0.0206473262822	0.0429064407898	-0.0439018570077	0.000517140836717	0.00317266261652	-0.00106312015105	-0.0439432382793	0.00789752676793	0.0386908371957	-0.00633131184627	0.0312930722602	-0.0441467628896	-0.0526998612723	0.0168291787121	0.0569434759715	0.0593002625677	-0.0444779473716	-0.0925901120593	-0.00577955250206	0.029690505068	0.0104001886196	0.0157233542464	-0.105834212362	-0.037338761332	-0.0531041697696	-0.0170148483173	0.0179329052043	-0.0881525478703	-0.0157819180284	-0.0110764471104	-0.0481356362322	0.0206885926468	0.0418149432045	0.015089751243	-0.0411492832668	-0.0707610153659	0.0512086395231	-0.0590212323346	-0.0755277959424	-0.0604097540443	0.0610253572486	0.010241293802	0.0843319934608
k__Bacteria;p__Bacteroidetes;c__Bacteroidia;o__Bacteroidales;f__Bacteroidaceae;g__Bacteroides;s__Bacteroides_cellulosilyticus	0.00388664041349	0.0377736727875	-0.0424339905158	-0.000266954943822	-0.0369804724622	-0.0172957897051	-0.00147882152611	0.0914007465142	0.0216632487623	-0.0305690890015	-0.0729771552693	-0.0340099861984	1.0	-0.0250930585866	-0.101967794258	0.0583847377053	0.00668465597981	0.0135329347637	-0.014368627569	0.0404365522639	-0.0410348751878	-0.034727889022	-0.0172260124956	-0.052965452154	-0.0247524987924	-0.000132949766519	0.0225105701211	-0.0263860064855	-0.0195207473297	-0.0397694475618	0.0434740329047	-0.0427961997794	0.0170076634783	0.00944104133655	-0.0102844351858	-0.0343970335116	-0.0638920773253	0.0468070421743	-0.060520267917	0.00069647123866	0.0132360407042	0.0529197096861	0.0488051509352	-0.0215828469298	-0.04860234551	-0.0155758446468	-0.0654401674461	-0.0363880323469	-0.0685836313093	-0.00682889310735	0.0709853885211	-0.000878760500794	-0.0521320261141	-0.019041314159	-0.00678448261671	0.0243649472383	-0.0179096787212	-0.0116918792806	-0.0069795078124
k__Bacteria;p__Bacteroidetes;c__Bacteroidia;o__Bacteroidales;f__Rikenellaceae;g__Alistipes;s__Alistipes_obesi	-0.000701587230483	0.0270407728999	-0.105433280014	0.0280954170963	-0.0671163795482	0.00776569725036	0.0440689435894	0.047637770454	-0.0267166311598	-0.050563079873	0.0459426112198	0.00648861587266	-0.0250930585866	1.0	-0.0179907504982	0.013936428291	0.00839874806142	-0.000977697063445	-0.0623042711806	0.00974841667926	-0.0663559251772	0.0121969409949	-0.0402221516984	-0.01014051856	0.0278444488349	0.0115626712241	-0.025585451243	-0.0420187202116	0.0497606459921	0.00318728496129	-0.0218916214545	-0.00349008232753	-0.0196450244984	0.00649924515622	0.0217181445913	0.00596163055035	-0.0246974614892	0.0246903898449	0.0319209566407	-0.0427088337813	0.0415453575321	-0.0630030886763	-0.038000320417	-0.0605356638727	0.0578197348563	0.0448491754823	-0.0404536229649	0.0364987083559	0.0427368314161	0.042482963045	-0.0535344850757	-0.0962996532369	-0.00400486681387	0.0134861497446	-0.0126155570018	0.0036237299443	-0.0309298212478	-0.0115911299613	0.0129938476979
k__Bacteria;p__Firmicutes;c__Clostridia;o__Clostridiales;f__Lachnospiraceae;g__;s__[Eubacterium]_rectale	0.0251618190469	-0.00843047314888	0.00169943325685	-0.0235943493589	0.0268821629209	0.0111219772082	0.0656449626793	-0.00918438093409	-0.0404789108404	-0.0253976911898	-0.000144150249956	0.00984447827305	-0.101967794258	-0.0179907504982	1.0	0.0197236020802	0.100141930398	0.0698335340688	-0.00113609588915	0.030558087674	0.0188890365287	-0.0476295229967	0.0364542000236	-0.0279032841903	-0.0160128464385	-0.0318404604821	0.0326932518876	0.0499365886214	-0.0257180686075	-0.0495335381338	-0.0235287896708	-0.0709053452384	-0.0405581656508	-0.0232021205342	-0.0280827641297	0.0135491694399	0.0684929799973	0.00775452288951	0.0340939303246	0.0276091573902	0.00831541105507	-0.0330396045034	-0.0417179359797	0.0163590661282	-0.0631434392529	-0.041219577385	-0.0330326569692	-0.0126084190084	-0.0454096044355	-0.0466916385022	-0.0300712987323	-0.0377538568294	0.0101506091059	-0.0653118790853	-0.0463532146305	0.0173366762145	-0.0434645143336	0.0249854147425	-0.0181527515797
k__Bacteria;p__Bacteroidetes;c__Bacteroidia;o__Bacteroidales;f__Bacteroidaceae;g__Bacteroides;s__Bacteroides_plebeius	0.0137730717428	-0.0792157102541	-2.93737791668e-05	0.0495053436073	-0.00321896197666	0.00432806654332	0.0383438307329	-0.108821162211	0.0397398581989	0.010131401274	0.00625977114182	-0.10025803988	0.0583847377053	0.013936428291	0.0197236020802	1.0	-0.0120878268541	-0.022485151129	0.0476847555071	-0.0234307535753	-0.0183527411048	-0.00785737345301	-0.0975226740339	0.0522860509914	0.0347923445471	0.012270922725	-0.0157746417406	-0.080527746221	-0.0519242796224	-0.0621659941577	0.0126081057387	-0.0095714814275	-0.0087561074185	-0.0304242344121	-0.0494087654063	0.00738870803474	0.0119834155557	0.0293846110811	-0.014600735765	-0.0421038813027	-0.00679367232152	-0.018172874629	0.0289410906428	-0.00844709083353	0.0712925855071	-0.0103635128779	0.016255838264	-0.0683368194043	0.0339048036893	0.0147638024068	-0.0186724214653	0.0997519469642	0.0424576622032	-0.0506054765057	-0.0285305487269	-0.0291060395415	-0.00342183499802	0.0114423829981	-0.0239833211899
k__Bacteria;p__Bacteroidetes;c__Bacteroidia;o__Bacteroidales;f__Bacteroidaceae;g__Bacteroides;s__Bacteroides_fragilis	0.000606591050789	0.0317107117706	0.00084653463983	0.0349695874756	-0.0420324618892	-0.00564401608028	-0.00594209014116	-0.0466564229874	-0.0114507391406	-0.0568907470292	-0.0610846149262	0.0206473262822	0.00668465597981	0.00839874806142	0.100141930398	-0.0120878268541	1.0	-0.0771034267108	0.0158361695588	0.000549988916328	-0.00446459540791	-0.0088367600864	-0.00320000959225	-0.0173237948673	0.0127637976252	0.0428603373719	-0.039190302526	-0.0477335288967	0.0490450511257	0.0331114334831	0.0279784480588	-0.0423239119511	0.0603225896937	0.0538488676087	-0.0574705124649	-0.00391033975014	-0.00619645650285	-0.0347556400455	0.0116531190185	0.0011300656261	-0.00471463181737	0.000216701824416	0.00145494269916	0.0450551494613	0.0290372867492	0.067146569168	0.0395436161624	-0.0888901120823	0.0163409909366	-0.0388955177651	-0.0527085113478	0.0041345630336	-0.0170733190874	-0.0703056747198	-0.0631265962722	0.0207148153044	-0.0105685642922	0.00669495013496	-0.0292374134577
k__Bacteria;p__Proteobacteria;c__Betaproteobacteria;o__Burkholderiales;f__Sutterellaceae;g__Sutterella;s__Sutterella_wadsworthensis	-0.0999295619711	-0.0146726196502	-0.0899752347327	-0.0492574829276	-0.0276550013111	-0.00974901320182	-0.016524092182	0.0264599843358	-0.0410820886379	0.0193112237057	0.0195933257745	0.0429064407898	0.0135329347637	-0.000977697063445	0.0698335340688	-0.022485151129	-0.0771034267108	1.0	-0.0207727950923	0.0459860931836	-0.0144637511573	-0.0947609433882	0.0588928860667	-0.0130594064938	-0.0514262602166	-0.0190205820783	-0.00355453655069	0.000554869047011	0.0424965861717	-0.0460934513818	-0.0491766037866	0.0674050275725	0.0134085013053	0.0278405789439	0.00699502207681	0.00272907693766	-0.0105108439051	-0.0147418979161	-0.0505627326532	-0.0280622785706	0.0475904345754	0.0844205513366	0.0126169971904	0.00296966741362	-0.00734127594651	-0.0215821319586	-0.0106014318637	-0.0154290923872	-0.0431381751317	-0.0213333618543	-0.00696633416937	0.00138289072412	0.0172349562113	-0.0370502585147	-0.0197168843966	0.0238155244436	-0.00594117853474	-0.0948771093852	0.0484862070462
k__Bacteria;p__Bacteroidetes;c__Bacteroidia;o__Bacteroidales;f__Porphyromonadaceae;g__Barnesiella;s__Barnesiella_intestinihominis	0.0111739319598	0.0322949564081	-0.0436579962115	-0.0319172971521	-0.0742206047827	-0.0277715654407	-0.0145519585565	-0.0496675169861	-0.058747890309	0.0509741145967	-0.0193303992193	-0.0439018570077	-0.014368627569	-0.0623042711806	-0.00113609588915	0.0476847555071	0.0158361695588	-0.0207727950923	1.0	-0.0183628049528	0.0052099132764	0.000305511860631	0.0193732094735	0.0268254052193	0.00840541436643	0.00396697155973	0.0641788003425	-0.0248884719911	0.00784760837616	-0.0406501843124	0.0136346485037	0.00558621105267	-0.00135070103127	-0.0338260813118	0.0136185938786	0.0521958764286	-0.0811684764418	0.00586335963928	0.0430993379162	-0.0248018915799	-0.100047820401	-0.0474616687514	-0.0455461654949	-0.0027122616745	-0.0115890089961	0.0168469010847	-0.0189802925588	-0.0202279660139	0.0142426836889	0.010711482494	0.030301601857	0.00366387757851	-0.0258363900781	-0.0253160735347	0.0312595936822	-0.0249229927831	0.0172790737615	-0.0165916084972	-0.0355365358244
k__Bacteria;p__Bacteroidetes;c__Bacteroidia;o__Bacteroidales;f__Odoribacteraceae;g__Odoribacter;s__Odoribacter_splanchnicus	0.0766653811277	0.00688453640352	-0.0587451904339	-0.0643271481571	-0.0673415451219	0.00202936667244	0.025070858831	0.076355905181	0.0284015094158	-0.0132788024011	0.0140141170634	0.000517140836716	0.0404365522639	0.00974841667926	0.030558087674	-0.0234307535753	0.000549988916328	0.0459860931836	-0.0183628049528	1.0	0.00969375133724	0.0762862599547	0.0117500849317	-0.108935153866	-0.0736755408371	0.00522784875841	-0.0238389871668	-0.0166193095742	-0.0225935927694	-0.0835666859249	-0.0859593211804	-0.0493172844778	0.0340750710619	-0.0140291996715	-0.0434573077416	-0.0553674613103	0.0249987823446	0.0274665630244	-0.0475652643959	0.0380578761744	-0.0714368227407	0.000614022509237	-0.0311337352351	0.0453635341288	0.0143070896586	-0.0756521906659	-0.0081239906565	0.0782993201069	0.0194593975733	-0.0201916774532	0.0131329615266	0.0292000668557	0.00533531206919	0.0070285509388	-0.0493838046328	-0.0183298174573	-0.0039470517582	-0.0268832800592	-0.0850911620534
k__Bacteria;p__Bacteroidetes;c__Bacteroidia;o__Bacteroidales;f__Bacteroidaceae;g__Bacteroides;s__Bacteroides_salyersiae	0.0178474754004	-0.0195505282534	-0.0222312972808	0.0302614290547	-0.0581093704688	-0.0428283975192	-0.0579975876421	0.0123647554924	0.0710530691017	0.030821508695	0.0276211682807	0.00317266261652	-0.0410348751878	-0.0663559251772	0.0188890365287	-0.0183527411048	-0.00446459540791	-0.0144637511573	0.0052099132764	0.00969375133724	1.0	0.0304905617441	0.00250751954178	-0.02963703493	-0.0497058912016	0.0659638621204	-0.048473039524	0.00825277305447	-0.0215074782017	-0.0260878837772	0.0221075473336	-0.0249216444806	0.0014520746921	-0.0145852749352	-0.0330879713973	0.00136737642206	-0.0504241819891	-0.00850533022025	-0.0756761162097	0.0147750140434	0.0547225633166	-0.00268962504546	-0.0464351743894	-0.0633883137403	0.041256559766	0.0517409227918	-0.00247918595674	-0.0247042443493	-0.0504868514537	-0.0101171357882	0.0651652894842	-0.00189066331812	0.00156948950519	0.053213113364	0.00119081475645	-0.0781839630383	0.0223568399197	-0.0402244201237	0.0285750900424
k__Bacteria;p__Firmicutes;c__Clostridia;o__Clostridiales;f__Ruminococcaceae;g__Ruminiclostridium;s__[Eubacterium]_siraeum	-0.0281300541188	0.0488953127585	0.0114666609465	-0.0182345767521	0.0544127336105	-0.0525867108404	-0.0301521053068	-0.00445058647097	0.0468885072337	0.0257524609019	-0.0427072626311	-0.00106312015105	-0.034727889022	0.0121969409949	-0.0476295229967	-0.00785737345301	-0.0088367600864	-0.0947609433882	0.000305511860631	0.0762862599547	0.0304905617441	1.0	0.010707215476	0.0430400340392	-0.0930164644301	-0.0260380881942	-0.0616662078105	-0.00965353168711	0.00135414298929	0.0166185789232	-0.0260025486779	-0.0123308288271	-0.0221658411067	-0.0694523991957	-0.0106067261558	0.0166256350424	0.0141569516929	0.0206740988489	-0.0602290723194	-0.0384575754431	0.0693409504602	0.0131668762484	0.0269962009996	-0.0309173354457	-0.00683071503491	-0.0384875997849	-0.0408224051123	-0.0360996533521	0.0279247651562	-0.027227715448	0.0368605114698	-0.0165965947913	-0.00559709791802	0.00662334594404	-0.0639924929943	0.0585598555249	-0.0661898895631	0.0347649926329	-0.049682582378
k__Bacteria;p__Proteobacteria;c__Betaproteobacteria;o__Burkholderiales;f__Sutterellaceae;g__Parasutterella;s__Parasutterella_excrementihominis	0.00419967728776	0.0188763695472	0.0036973808179	-0.0433782651471	0.0142138208906	-0.0330913736262	-0.0338188555919	0.00745591891266	0.0243479753513	-0.0411415270438	0.0197137952355	-0.0439432382793	-0.0172260124956	-0.0402221516984	0.0364542000236	-0.0975226740339	-0.00320000959225	0.0588928860667	0.0193732094735	0.0117500849317	0.00250751954178	0.010707215476	1.0	-0.0415478679026	-0.0486859784109	-0.0292311603058	-0.0346614242244	0.00179918799176	0.0262900092142	0.0102264619568	-0.0206636514843	-0.0314641813908	0.0624438220391	0.0133045218686	0.000320177109675	-0.0636344928897	-0.0375841138528	-0.0485624618428	-0.0198321978772	0.00167342379947	0.0162441578422	0.0180644625869	-0.0552734622384	0.00842965612039	0.030555875726	-0.0193305707322	0.0142694659545	-0.112628853466	-0.00843545468821	-0.0768331297265	-0.00970607886102	0.0355383257525	0.00386160639829	0.0191763620967	0.0460033041608	-0.0148110162683	8.29715332624e-05	-0.00754942303362	0.00217440820195
k__Bacteria;p__Actinobacteria;c__Actinobacteria;o__Bifidobacteriales;f__Bifidobacteriaceae;g__Bifidobacterium;s__Bifidobacterium_adolescentis	-0.045582609726	0.0552438818837	-0.0734128864762	0.0781526871518	0.0350602882589	-0.0516665307836	0.0161475488105	-0.0181727438362	0.00706520748181	-0.00550177631661	-0.0482806405318	0.00789752676793	-0.052965452154	-0.01014051856	-0.0279032841903	0.0522860509914	-0.0173237948673	-0.0130594064938	0.0268254052193	-0.108935153866	-0.02963703493	0.0430400340392	-0.0415478679026	1.0	-0.0343115564704	0.0456726604309	-0.0236593676246	0.0265840493364	0.0378837680171	0.0213659834442	-0.0335366163036	-0.0316880308861	0.0673730927637	-0.0261607893172	0.00748425571548	0.0689892547408	0.0102855098112	0.0386702758158	0.0856293131526	-0.0067045479711	-0.0174105630274	0.00516500210275	-0.0177027183244	-0.034469926451	-0.0942600138787	-0.0522772746373	0.017261166712	-0.0166801637358	0.00193857974238	0.0288265697696	0.0133027282774	0.00925041847266	-0.0519575313161	0.0874968625439	-0.00671852354931	-0.046213043544	-0.0596965078868	-0.0427104716479	-0.0134924804426
k__Bacteria;p__Firmicutes;c__Clostridia;o__Clostridiales;f__Oscillospiraceae;g__Oscillibacter;s__Oscillibacter_sp._KLE_1745	0.0458525872914	-0.0753544032926	-0.0176915004447	-0.0417034271479	-0.00555961936292	-0.0455639857265	-0.0274609923905	0.0308563072912	-0.0182888763606	-0.0130023936325	0.00860895153834	0.0386908371957	-0.0247524987924	0.0278444488349	-0.0160128464385	0.0347923445471	0.0127637976252	-0.0514262602166	0.00840541436643	-0.0736755408371	-0.0497058912016	-0.0930164644301	-0.0486859784109	-0.0343115564704	1.0	-0.0245392052698	-0.00611438204274	0.00322184625026	-0.0594188747444	0.021569245104	-0.0227782212474	-0.0252943137926	0.013349097648	0.0402500588815	0.0115999690452	-0.0181639232656	0.0206670754275	0.0145169985496	-0.0461085251858	-0.00812587918372	0.0063158341011	0.0595916031422	0.0151618712712	0.000801053736511	0.0147998288276	-0.0812171649736	3.03952278745e-05	-0.040319248184	0.00684525699464	-0.0153081883685	0.00468258985522	0.0330408742275	-0.023853762406	0.00253916210626	0.0135879376994	0.0405071106179	-0.0027148627287	-0.00316783730069	0.0011784028617
k__Bacteria;p__Bacteroidetes;c__Bacteroidia;o__Bacteroidales;f__Bacteroidaceae;g__Bacteroides;s__Bacteroides_coprophilus	0.0327265780247	0.0364658464995	0.0337588458866	0.0157541513053	0.010786701937	0.0409096542888	-0.0629984328775	0.00193431392624	-0.00849166716326	-0.00857199395311	-0.0158658724641	-0.00633131184627	-0.000132949766519	0.0115626712241	-0.0318404604821	0.012270922725	0.0428603373719	-0.0190205820783	0.00396697155973	0.00522784875841	0.0659638621204	-0.0260380881942	-0.0292311603058	0.0456726604309	-0.0245392052698	1.0	-0.0480530401168	-0.0559960999455	-0.0227157813874	-0.0259994104627	0.0500023333594	-0.105143452194	0.0205230281123	-0.0384895949744	0.00636540528338	0.0355294997445	-0.0293835286989	-0.0328199999025	0.0147202784713	-0.0541262276678	-0.0218069796423	0.017702050628	0.00132359792833	-0.0105150570084	-0.0484873843529	-0.00401304300283	-0.0466088229025	-0.0365945797739	0.0548483905463	0.0122833227224	-0.0385345133916	-0.0870030814514	-0.0482907626606	-0.0354133563195	0.0361273036554	-0.0245725867471	0.0381096998059	0.0175978974752	-0.0218889813582
k__Bacteria;p__Firmicutes;c__Clostridia;o__Clostridiales;f__Lachnospiraceae;g__Roseburia;s__Roseburia_intestinalis	0.0179462196173	-0.00714221456883	-0.0199194562463	-0.0394609839394	-0.0488726398679	0.0739566222083	-0.0648467967628	-0.0313050355084	-0.00057275074823	0.00780547671556	0.00356451098431	0.0312930722602	0.0225105701211	-0.025585451243	0.0326932518876	-0.0157746417406	-0.039190302526	-0.00355453655069	0.0641788003425	-0.0238389871668	-0.048473039524	-0.0616662078105	-0.0346614242244	-0.0236593676246	-0.00611438204274	-0.0480530401168	1.0	0.0171292733835	-0.00130701348215	0.00815925956615	-0.0958455289436	-0.0153962470719	-0.0346191173574	-0.0453171150621	-0.0254248112199	-0.0458965506921	-0.0256012006761	-0.0441425800645	-0.0944166471599	-0.0172206861856	-0.038800020997	-0.00592691206625	-0.0112946618011	0.0177664978694	-0.0239277957855	0.0456640814269	-0.0399782957522	0.0373526028309	0.0270985544597	-0.0021075642236	-0.0618100145988	0.0285584564947	-0.0188847400398	-0.00552508037846	-0.0211476674624	-0.0192162843511	0.0227341009377	0.00870347518973	-0.0311047272853
k__Bacteria;p__Firmicutes;c__Clostridia;o__Clostridiales;f__Lachnospiraceae;g__Roseburia;s__Roseburia_hominis	0.0243036170992	-0.00140112451426	-0.0175203679001	0.00568192985931	-0.02363734075	-0.0367648244794	0.0777534374879	-0.0265858284255	-0.0607136298839	0.0029334652467	0.0452618548921	-0.0441467628896	-0.0263860064855	-0.0420187202116	0.0499365886214	-0.080527746221	-0.0477335288967	0.000554869047011	-0.0248884719911	-0.0166193095742	0.00825277305447	-0.00965353168711	0.00179918799176	0.0265840493364	0.00322184625026	-0.0559960999455	0.0171292733835	1.0	0.0416018145822	-0.00126676907609	-0.0156137938003	0.0206535018693	-0.0573940209962	-0.0262239670513	-0.0942814426175	0.00683063924574	0.0627322749455	0.0228071873217	0.0628328993335	-0.01202132183	-0.0426432858112	0.0152223294522	-0.0832712538828	-0.0471899488165	-0.00871174204439	0.039793495154	0.0233848040289	-0.0544354612144	-0.0715751489543	0.00881599681419	-0.00530711078189	-0.0669483885676	0.0432905956443	-0.0167616732094	0.0674599732808	-0.0059262637595	-0.0305734371201	0.0150854726791	-0.00313988133128
k__Bacteria;p__Bacteroidetes;c__Bacteroidia;o__Bacteroidales;f__Porphyromonadaceae;g__Parabacteroides;s__Parabacteroides_johnsonii	-0.0111349309739	-0.0224162968706	0.016493081789	-0.0319265521397	-0.0405371475083	-0.0139521993085	-0.0553983484186	-0.0719004670528	-0.0228011764061	-0.0761896532678	0.0307175355321	-0.0526998612723	-0.0195207473297	0.0497606459921	-0.0257180686075	-0.0519242796224	0.0490450511257	0.0424965861717	0.00784760837616	-0.0225935927694	-0.0215074782017	0.00135414298929	0.0262900092142	0.0378837680171	-0.0594188747444	-0.0227157813874	-0.00130701348215	0.0416018145822	1.0	-0.0108197600014	-0.0396077912927	-0.0359136261122	0.0530289535456	-0.0119784015641	0.0388415742859	-0.0409137343044	-0.0218818024265	-0.0279061425662	-0.0316083135197	-0.00673016069834	0.0364042528652	-0.021531522587	0.0117885097327	0.0563859255859	-0.00622622658047	0.00490825722366	0.0171967191797	0.0238980814466	-0.058686451974	-0.031352613875	-0.0432495210714	0.0300942737527	0.0506936163439	-0.0629809545858	0.00706125723542	0.0121324290584	-0.0442750870783	-0.0588405768873	0.0387456165426
k__Bacteria;p__Actinobacteria;c__Actinobacteria;o__Bifidobacteriales;f__Bifidobacteriaceae;g__Bifidobacterium;s__Bifidobacterium_longum	-0.0306062149567	-0.0529207794	0.0327399685769	-0.0105250556286	-0.0151215594753	-0.00921494121715	0.0130451414303	0.0291425913259	-0.0730133371944	0.0280974138934	0.00681523549162	0.0168291787121	-0.0397694475618	0.00318728496129	-0.0495335381338	-0.0621659941577	0.0331114334831	-0.0460934513818	-0.0406501843124	-0.0835666859249	-0.0260878837772	0.0166185789232	0.0102264619568	0.0213659834442	0.021569245104	-0.0259994104627	0.00815925956615	-0.00126676907609	-0.0108197600014	1.0	0.01674102516	-0.0126263205028	-0.0621281474374	0.0416711135315	-0.0606746616382	-0.0416277609882	-0.0244073568967	-0.00236052913251	-0.0653177896068	-0.0274595342343	0.0527552570034	-0.0710561931978	-0.00174029783302	-0.0379614612483	-0.0133582483896	-0.0473853285757	-0.0352348731786	0.042030677229	0.0750600927374	0.0586690539695	0.0240189958812	0.0140422025439	-0.06507582924	-0.0680252334508	-0.0174066171237	-0.043497134449	0.0408750981485	-0.0254689528054	0.020386699872
