#taxonomy	k__Bacteria;p__Bacteroidetes;c__Bacteroidia;o__Bacteroidales;f__Bacteroidaceae;g__Bacteroides;s__Bacteroides_vulgatus	k__Bacteria;p__Bacteroidetes;c__Bacteroidia;o__Bacteroidales;f__Bacteroidaceae;g__Bacteroides;s__Bacteroides_uniformis	k__Bacteria;p__Bacteroidetes;c__Bacteroidia;o__Bacteroidales;f__Rikenellaceae;g__Alistipes;s__Alistipes_putredinis	k__Bacteria;p__Bacteroidetes;c__Bacteroidia;o__Bacteroidales;f__Prevotellaceae;g__Prevotella;s__Prevotella_copri	k__Bacteria;p__Bacteroidetes;c__Bacteroidia;o__Bacteroidales;f__Bacteroidaceae;g__Bacteroides;s__Bacteroides_stercoris	k__Bacteria;p__Bacteroidetes;c__Bacteroidia;o__Bacteroidales;f__Bacteroidaceae;g__Bacteroides;s__Bacteroides_ovatus	k__Bacteria;p__Bacteroidetes;c__Bacteroidia;o__Bacteroidales;f__Rikenellaceae;g__Alistipes;s__Alistipes_shahii	k__Bacteria;p__Firmicutes;c__Clostridia;o__Clostridiales;f__Ruminococcaceae;g__Faecalibacterium;s__Faecalibacterium_prausnitzii	k__Bacteria;p__Bacteroidetes;c__Bacteroidia;o__Bacteroidales;f__Rikenellaceae;g__Alistipes;s__Alistipes_finegoldii	k__Bacteria;p__Bacteroidetes;c__Bacteroidia;o__Bacteroidales;f__Porphyromonadaceae;g__Parabacteroides;s__Parabacteroides_distasonis	k__Bacteria;p__Bacteroidetes;c__Bacteroidia;o__Bacteroidales;f__Bacteroidaceae;g__Bacteroides;s__Bacteroides_thetaiotaomicron	k__Bacteria;p__Bacteroidetes;c__Bacteroidia;o__Bacteroidales;f__Bacteroidaceae;g__Bacteroides;s__Bacteroides_coprocola	k__Bacteria;p__Bacteroidetes;c__Bacteroidia;o__Bacteroidales;f__Bacteroidaceae;g__Bacteroides;s__Bacteroides_cellulosilyticus	k__Bacteria;p__Bacteroidetes;c__Bacteroidia;o__Bacteroidales;f__Rikenellaceae;g__Alistipes;s__Alistipes_obesi	k__Bacteria;p__Firmicutes;c__Clostridia;o__Clostridiales;f__Lachnospiraceae;g__;s__[Eubacterium]_rectale	k__Bacteria;p__Bacteroidetes;c__Bacteroidia;o__Bacteroidales;f__Bacteroidaceae;g__Bacteroides;s__Bacteroides_plebeius	k__Bacteria;p__Bacteroidetes;c__Bacteroidia;o__Bacteroidales;f__Bacteroidaceae;g__Bacteroides;s__Bacteroides_fragilis	k__Bacteria;p__Proteobacteria;c__Betaproteobacteria;o__Burkholderiales;f__Sutterellaceae;g__Sutterella;s__Sutterella_wadsworthensis	k__Bacteria;p__Bacteroidetes;c__Bacteroidia;o__Bacteroidales;f__Porphyromonadaceae;g__Barnesiella;s__Barnesiella_intestinihominis	k__Bacteria;p__Bacteroidetes;c__Bacteroidia;o__Bacteroidales;f__Odoribacteraceae;g__Odoribacter;s__Odoribacter_splanchnicus	k__Bacteria;p__Bacteroidetes;c__Bacteroidia;o__Bacteroidales;f__Bacteroidaceae;g__Bacteroides;s__Bacteroides_salyersiae	k__Bacteria;p__Firmicutes;c__Clostridia;o__Clostridiales;f__Ruminococcaceae;g__Ruminiclostridium;s__[Eubacterium]_siraeum	k__Bacteria;p__Proteobacteria;c__Betaproteobacteria;o__Burkholderiales;f__Sutterellaceae;g__Parasutterella;s__Parasutterella_excrementihominis	k__Bacteria;p__Actinobacteria;c__Actinobacteria;o__Bifidobacteriales;f__Bifidobacteriaceae;g__Bifidobacterium;s__Bifidobacterium_adolescentis	k__Bacteria;p__Firmicutes;c__Clostridia;o__Clostridiales;f__Oscillospiraceae;g__Oscillibacter;s__Oscillibacter_sp._KLE_1745	k__Bacteria;p__Bacteroidetes;c__Bacteroidia;o__Bacteroidales;f__Bacteroidaceae;g__Bacteroides;s__Bacteroides_coprophilus	k__Bacteria;p__Firmicutes;c__Clostridia;o__Clostridiales;f__Lachnospiraceae;g__Roseburia;s__Roseburia_intestinalis	k__Bacteria;p__Firmicutes;c__Clostridia;o__Clostridiales;f__Lachnospiraceae;g__Roseburia;s__Roseburia_hominis	k__Bacteria;p__Bacteroidetes;c__Bacteroidia;o__Bacteroidales;f__Porphyromonadaceae;g__Parabacteroides;s__Parabacteroides_johnsonii	k__Bacteria;p__Actinobacteria;c__Actinobacteria;o__Bifidobacteriales;f__Bifidobacteriaceae;g__Bifidobacterium;s__Bifidobacterium_longum	k__Bacteria;p__Firmicutes;c__Clostridia;o__Clostridiales;f__;g__Flavonifractor;s__Flavonifractor_plautii	k__Bacteria;p__Firmicutes;c__Clostridia;o__Clostridiales;f__Clostridiaceae;g__Clostridium;s__Clostridium_phoceensis	k__Bacteria;p__Verrucomicrobia;c__Verrucomicrobiae;o__Verrucomicrobiales;f__Akkermansiaceae;g__Akkermansia;s__Akkermansia_muciniphila	k__Bacteria;p__Bacteroidetes;c__Bacteroidia;o__Bacteroidales;f__Prevotellaceae;g__Paraprevotella;s__Paraprevotella_xylaniphila	k__Bacteria;p__Firmicutes;c__Clostridia;o__Clostridiales;f__Ruminococcaceae;g__Ruminococcus;s__Ruminococcus_callidus	k__Bacteria;p__Bacteroidetes;c__Bacteroidia;o__Bacteroidales;f__Rikenellaceae;g__Alistipes;s__Alistipes_senegalensis	k__Bacteria;p__Firmicutes;c__Clostridia;o__Clostridiales;f__Lachnospiraceae;g__Blautia;s__Blautia_sp._KLE_1732	k__Bacteria;p__Bacteroidetes;c__Bacteroidia;o__Bacteroidales;f__Bacteroidaceae;g__Bacteroides;s__Bacteroides_oleiciplenus	k__Bacteria;p__Firmicutes;c__Clostridia;o__Clostridiales;f__Ruminococcaceae;g__Ruminococcus;s__Ruminococcus_bicirculans	k__Bacteria;p__Bacteroidetes;c__Bacteroidia;o__Bacteroidales;f__Bacteroidaceae;g__Bacteroides;s__Bacteroides_fluxus	k__Bacteria;p__Bacteroidetes;c__Bacteroidia;o__Bacteroidales;f__Prevotellaceae;g__Prevotella;s__Prevotella_stercorea	k__Bacteria;p__Firmicutes;c__Clostridia;o__Clostridiales;f__Lachnospiraceae;g__Dorea;s__Dorea_longicatena	k__Bacteria;p__Firmicutes;c__Clostridia;o__Clostridiales;f__Eubacteriaceae;g__Eubacterium;s__[Eubacterium]_eligens	k__Bacteria;p__Firmicutes;c__Clostridia;o__Clostridiales;f__Ruminococcaceae;g__;s__Ruminococcaceae_bacterium_D16	k__Bacteria;p__Firmicutes;c__Clostridia;o__Clostridiales;f__Lachnospiraceae;g__Coprococcus;s__Coprococcus_comes	k__Bacteria;p__Proteobacteria;c__Gammaproteobacteria;o__Enterobacterales;f__Enterobacteriaceae;g__Escherichia;s__Escherichia_coli	k__Bacteria;p__Firmicutes;c__Clostridia;o__Clostridiales;f__Ruminococcaceae;g__Anaerotruncus;s__Anaerotruncus_colihominis	k__Bacteria;p__Firmicutes;c__Clostridia;o__Clostridiales;f__Lachnospiraceae;g__Blautia;s__Blautia_obeum	k__Bacteria;p__Bacteroidetes;c__Bacteroidia;o__Bacteroidales;f__Odoribacteraceae;g__Odoribacter;s__Odoribacter_laneus	k__Bacteria;p__Firmicutes;c__Clostridia;o__Clostridiales;f__Ruminococcaceae;g__Ruminiclostridium;s__[Clostridium]_leptum	k__Bacteria;p__Bacteroidetes;c__Bacteroidia;o__Bacteroidales;f__Porphyromonadaceae;g__Parabacteroides;s__Parabacteroides_goldsteinii	k__Bacteria;p__Firmicutes;c__Clostridia;o__Clostridiales;f__Lachnospiraceae;g__Anaerostipes;s__Anaerostipes_hadrus	k__Bacteria;p__Firmicutes;c__Clostridia;o__Clostridiales;f__Ruminococcaceae;g__Ruminococcus;s__Ruminococcus_lactaris	k__Bacteria;p__Firmicutes;c__Clostridia;o__Clostridiales;f__Clostridiaceae;g__Clostridium;s__Clostridium_sp._L2-50	k__Bacteria;p__Firmicutes;c__Clostridia;o__Clostridiales;f__Clostridiaceae;g__Clostridium;s__Clostridium_sp._M62/1	k__Bacteria;p__Firmicutes;c__Clostridia;o__Clostridiales;f__;g__Intestinimonas;s__Intestinimonas_butyriciproducens	k__Bacteria;p__Actinobacteria;c__Actinobacteria;o__Bifidobacteriales;f__Bifidobacteriaceae;g__Bifidobacterium;s__Bifidobacterium_bifidum	k__Bacteria;p__Firmicutes;c__Negativicutes;o__Veillonellales;f__Veillonellaceae;g__Dialister;s__Dialister_invisus	k__Bacteria;p__Bacteroidetes;c__Bacteroidia;o__Bacteroidales;f__Bacteroidaceae;g__Bacteroides;s__Bacteroides_salanitronis
k__Bacteria;p__Bacteroidetes;c__Bacteroidia;o__Bacteroidales;f__Bacteroidaceae;g__Bacteroides;s__Bacteroides_vulgatus	1.0	0.0144136274398	-0.0830533665666	0.0112662809852	0.0348380585967	0.0201440139252	-0.00856334779606	-0.00506551067075	-0.0155211608373	0.0425750637049	-0.043018611257	-0.0592675344962	0.0433609290934	0.0614555275284	-0.0347735731355	0.0532585884159	-0.0190555340219	0.00550276216651	0.0551934967457	0.00688135698434	-0.0241187646531	-0.0186134516959	0.0576197141003	-0.0830203667664	0.024701607478	0.0508958753747	-0.0146376391703	-0.0558614091854	0.0335475579765	0.00994263423845	-0.0287583615463	0.0165266449148	0.0234368955675	0.00257655070539	0.0814891879684	-0.0217000937798	-0.00658118152111	-0.0636301039106	-0.0245245327499	0.00209357028845	0.00136846070687	-0.0464218754542	-0.0523844430523	-0.00489534827138	-0.00227650627859	0.0523759178132	0.0241989004966	0.0109346937736	-0.0553262913095	0.0140571601421	-0.0054889025624	-0.0184570757344	-0.0642599875574	-0.0334113984499	-0.070457356888	0.0790400663017	0.000710236154607	0.00338265021623	-0.113062546119
k__Bacteria;p__Bacteroidetes;c__Bacteroidia;o__Bacteroidales;f__Bacteroidaceae;g__Bacteroides;s__Bacteroides_uniformis	0.0144136274398	1.0	0.000358470788757	-0.0100893451223	-0.0399448314985	0.0303377008883	0.0421531804171	0.0121156937146	-0.0262895318103	0.00702293841386	0.0181735057512	-0.0157070392176	0.0116662860073	0.0340826672914	0.0731269822287	0.0363827185339	0.0202381311255	-0.078719561877	0.0479232099525	0.0735106810613	-0.0292239862564	0.048599909047	-0.0882065430554	-0.0183381867998	0.00730935845979	-0.0131813259259	0.00230437458959	-0.0305419965962	-0.0109207058017	-0.0666378847134	-0.0210925533257	-0.0353140967475	0.0395939624879	-0.0770530064689	0.00701420177625	-0.0565496910268	0.0171707288193	-0.0343671889008	-0.0215759857338	-0.00241486248187	-0.0558748101983	0.0249555777511	-0.0974113104029	0.0683709641099	-0.0411183901032	-0.0403295326207	-0.0314073938906	0.0114492467305	-0.0183766044278	-0.00350147933121	-0.0320083886971	0.00637119142066	0.0487586820087	-0.0137855461605	0.0145143800989	-0.04523100814	-0.044793284851	-0.00676065378229	0.0218289792392
k__Bacteria;p__Bacteroidetes;c__Bacteroidia;o__Bacteroidales;f__Rikenellaceae;g__Alistipes;s__Alistipes_putredinis	-0.0830533665666	0.000358470788757	1.0	-0.00729951715829	0.0414059624482	-0.0264521279489	-0.0500623941921	-0.00426301402793	0.0164771667864	0.0493813320038	-0.0595461640319	-0.0519222579679	0.0131300169344	0.00996583628137	-0.078963921196	-0.0510609580945	-0.0162961620357	-0.0578110079344	0.056863549161	0.00821233363378	-0.0280930364575	-0.00465560058671	-0.00318319228263	0.0389822473883	-0.00317321455583	0.0243113201395	-0.0502051413041	-0.0312361221308	-0.0255552092576	-0.0265909831396	-0.0401196390876	0.0156019760267	-0.0180728110258	-0.0547260881522	-0.00526585850707	-0.0177983407265	0.0105612546265	-0.0698351424203	-0.0749310026771	-0.0167845050695	0.0425910352082	0.0624448867606	-0.0626933351211	0.0103790485654	-0.00583082013765	-0.0302136988925	0.0031409238015	0.0494569070504	0.026172186716	-0.0238015413145	-0.0609406693956	0.0153538654924	0.104119509612	-0.0264154044668	-0.0409268032553	-0.0055645264919	-0.002363106248	-0.0566657938235	-0.00618805204189
k__Bacteria;p__Bacteroidetes;c__Bacteroidia;o__Bacteroidales;f__Prevotellaceae;g__Prevotella;s__Prevotella_copri	0.0112662809852	-0.0100893451223	-0.00729951715829	1.0	0.0210873884764	-0.00835122889839	-0.0828310677053	-0.0173627792089	0.0301611521164	0.0903546160266	0.000671748663722	0.0118894426706	0.038124917928	0.0338343021393	0.00262401241139	-0.00550422075531	-0.0340040335667	-0.00217307515492	-0.00335522864087	-0.0462656718501	0.0430401840668	-0.0101045838794	4.69725573219e-05	-0.015560516261	0.0525253617612	-0.00391172007286	0.0623578446793	-0.0394993436485	0.0152311458637	-0.0666548636621	-0.0284599019476	-0.0840597659561	0.0292223005108	-0.0701477303042	-0.0363340546921	-0.00759628218547	-0.0755289999341	0.0531753239638	0.072135093742	0.00750367344639	-0.0169476983858	-0.014354553881	-0.0309189267079	0.0219140513703	-0.0162786993476	-0.00063137516636	0.0327423065006	0.0573314916416	0.0573003145126	0.00879725179999	0.0210435506607	-0.0628625993859	-0.0398839271131	-0.0389882188627	-0.0221309288402	-0.0522063954107	-0.105426629993	0.0169084616002	-0.00655927459981
k__Bacteria;p__Bacteroidetes;c__Bacteroidia;o__Bacteroidales;f__Bacteroidaceae;g__Bacteroides;s__Bacteroides_stercoris	0.0348380585967	-0.0399448314985	0.0414059624482	0.0210873884764	1.0	-0.0149440921491	0.0179416244004	-0.0642522414839	0.0310821816402	0.02621243838	-0.0706701694542	0.0370762775178	-0.0177334976746	-0.0451934310125	-0.032510788452	0.000457000519534	0.000474488281585	-0.0627979976334	-0.00598147193426	-0.0716254216375	-0.0277616281257	-0.0113926680411	0.024277871425	0.0192005811264	0.0242590728699	0.0566585328283	-0.0557964327783	-0.00726128198567	-0.0351001224988	-0.0104351321092	-0.0103416802246	0.0101989136933	-0.0180348033624	-0.0425125791066	-0.0451216846147	0.0297309401788	-0.0474168541586	0.00854313401111	0.0251496086381	-0.0384803389136	0.0559508153354	0.0595283769026	0.00984823137545	0.0793040791718	-0.00941062429177	0.0189294938794	-0.0345748067893	0.0092943195142	-0.0770152628373	-0.079776162066	-0.0170191604338	0.0246948340713	-0.0359642337606	-0.000773926249097	0.0402990751739	0.0318222151308	-0.070648645033	-0.00972882424217	0.00268715935309
k__Bacteria;p__Bacteroidetes;c__Bacteroidia;o__Bacteroidales;f__Bacteroidaceae;g__Bacteroides;s__Bacteroides_ovatus	0.0201440139252	0.0303377008883	-0.0264521279489	-0.00835122889839	-0.0149440921491	1.0	0.0127820372209	-0.0286599369476	0.0252405230148	-0.00535354534403	-0.0501204623435	-0.0269833647605	-0.0586385063874	0.014329228306	0.0173782666634	-0.0236246067125	0.00148436713608	0.0388964658886	-0.0158229778119	-0.0101548800038	0.00894921136944	-0.00602738878631	-0.050039994047	0.0263554235904	-0.00791934268718	-0.0128700565226	-0.0659429443552	-0.0774463456529	0.022861776103	-0.0726918716646	-0.0479211279755	0.0797430359653	-0.0145564591936	-0.0164939982797	0.0181958141113	-0.0658685299796	-0.0186003616834	0.0653642814668	-0.0348911720793	0.0105160667724	0.00635770326372	0.0148214312922	-0.0198792879379	0.0202267690663	0.0120398404019	-0.0425014747955	-0.0311964589564	0.0300943282689	0.0124633320338	0.046139280152	-0.0281956737785	0.0235340200188	0.000429252304373	-0.0235665913816	-0.0693877461295	0.0789835815935	0.020950058048	-0.00314669136566	0.0223829151003
k__Bacteria;p__Bacteroidetes;c__Bacteroidia;o__Bacteroidales;f__Rikenellaceae;g__Alistipes;s__Alistipes_shahii	-0.00856334779606	0.0421531804171	-0.0500623941921	-0.0828310677053	0.0179416244004	0.0127820372209	1.0	0.0122581790517	0.0107689640276	-0.0305957335065	-0.0384249663178	0.0356302306695	0.0119073018609	-0.0788592785542	-0.0931359157891	-0.0109702357694	-0.009722431839	0.0401944970152	-0.00349970793042	-0.0586143122019	-0.0019626476896	0.0119101710082	0.00862126525815	-0.00549127202204	0.00139742003514	0.0125904635914	-0.0498189129147	-0.060240783227	0.0658715139427	0.0155861644978	-0.0868440227117	-0.0774927758137	0.0257623368601	0.0452342356901	0.0155382084675	0.0336059262089	0.0128721575718	-0.0380690940623	-0.021617595938	-0.014559005733	-0.0327206282568	-0.0535517912317	0.0053717381839	0.00688937740223	0.0281545271535	0.0571642196729	-0.0508857978235	0.0105898450994	0.00494504276301	-0.024618931887	-0.0148555592444	-0.0132102318424	-0.0486636794512	0.0632497825882	0.017696135442	-0.0706481624586	-0.0818831187338	-0.00770862002708	0.0345038618186
k__Bacteria;p__Firmicutes;c__Clostridia;o__Clostridiales;f__Ruminococcaceae;g__Faecalibacterium;s__Faecalibacterium_prausnitzii	-0.00506551067075	0.0121156937146	-0.00426301402793	-0.0173627792089	-0.0642522414839	-0.0286599369476	0.0122581790517	1.0	-0.00537247710808	-0.000275546889986	0.0494859778651	-0.0794596035272	0.0089796218572	0.0541733415958	-0.0486986171832	-0.00723622459343	0.0467998527975	-0.0203231500713	0.000768981041635	-0.0288596397029	-0.036790270748	-0.049671671109	-0.0401501678316	-0.0291545096313	-0.0234603255524	0.00329731981717	-0.0165822584426	-0.0282514553107	0.033799760862	0.0197232018761	-0.0266532860921	0.0143351941882	0.0443467664326	0.0366741567481	0.00880526787169	-0.0666883320778	-0.0059863789796	-0.0370095055223	-0.0864425559069	-0.0244868812505	0.0255857847003	0.0160414119356	0.0203118055375	-0.0189123187443	0.0128330301218	-0.00634307685748	0.00502629764285	0.0280560682533	-0.0583995971574	-0.0336255821593	0.0180193998721	-0.0417582959393	-0.00319015338736	-0.0592804304337	0.0388349682672	-0.0326405229049	0.00774499458334	0.0140688941164	-0.0327435066014
k__Bacteria;p__Bacteroidetes;c__Bacteroidia;o__Bacteroidales;f__Rikenellaceae;g__Alistipes;s__Alistipes_finegoldii	-0.0155211608373	-0.0262895318103	0.0164771667864	0.0301611521164	0.0310821816402	0.0252405230148	0.0107689640276	-0.00537247710808	1.0	0.00278207344223	0.040240753665	0.0190877252036	0.0159570830987	-0.053292910242	-0.0111207220119	0.00249483551472	-0.0707711048712	0.00650928905896	-0.00973609269422	0.0562085179246	0.0186288500638	-0.00889970347009	-0.0226705441018	0.048173957412	-0.0364490955646	-0.00409339243443	-0.0713475858277	-0.00674468990888	-0.0391320239468	-0.0585702467017	0.0458726924072	0.0456958523222	0.043533257509	0.00505849506495	-0.0128262100934	0.022319198644	-0.0262541700046	-0.085433146739	-0.0673425056755	-0.00471667199649	0.00581948865066	-0.0208865962507	0.0908022578477	-0.0580860836601	-0.0541965059126	0.098355698462	0.0226578115074	-0.0168705596896	-0.0383386424347	-0.077435583171	-0.0633576951486	-0.0154486589043	-0.104803269131	0.0436196218304	-0.0830744302795	-0.0123617837051	-0.0469265455389	-0.012195148379	-0.00618825792303
k__Bacteria;p__Bacteroidetes;c__Bacteroidia;o__Bacteroidales;f__Porphyromonadaceae;g__Parabacteroides;s__Parabacteroides_distasonis	0.0425750637049	0.00702293841386	0.0493813320038	0.0903546160266	0.02621243838	-0.00535354534403	-0.0305957335065	-0.000275546889986	0.00278207344223	1.0	-0.0386296093877	-0.0355421419045	-0.00668568085702	-0.0050301567965	0.0202995932281	-0.0798562721281	-0.0420123869713	0.00874950817402	-0.0581434454843	-0.0543374815938	-0.0124982016062	-0.0368963986809	0.0250019280007	-0.0503215436409	-0.0060337739513	-0.00209372248902	0.0105241561295	-0.00979737098394	-0.106234428498	-0.0133906284278	0.029029184372	0.00681108749383	-0.048359090115	0.0154055774102	-0.0254841595223	-0.0412704614498	0.0514210476649	0.0279708802121	-0.0586742943523	0.000226288905662	-0.0209866914735	0.016193267485	-0.0210217472262	-0.0106430321768	0.009303841797	-0.0592383395848	-0.0166191072149	-0.073041573688	0.00955211198584	0.0555741812544	-0.00992044327247	0.0865958765557	-0.0743897382706	0.0105768857561	0.00513667092249	-0.0018296760831	0.0133829712999	-0.0690366114979	-0.0148134778467
k__Bacteria;p__Bacteroidetes;c__Bacteroidia;o__Bacteroidales;f__Bacteroidaceae;g__Bacteroides;s__Bacteroides_thetaiotaomicron	-0.043018611257	0.0181735057512	-0.0595461640319	0.000671748663722	-0.0706701694542	-0.0501204623435	-0.0384249663178	0.0494859778651	0.040240753665	-0.0386296093877	1.0	0.000365729274083	-0.0102717787008	0.00737525581341	0.00129028091097	-0.0792623736315	0.044755454215	0.00472594759767	0.0205379814566	-0.00689091826486	0.00504656199379	-0.0178782595427	0.010752444634	0.0120355634647	-0.0215017023072	0.0187679204792	-0.0297951687596	-0.0621524248951	0.00419564923678	0.00322186830766	0.0326801654947	-0.0163997823397	-0.0707222625738	0.0332660869454	-0.0151089072099	0.000831564555789	-0.0233930473374	0.0724675720756	-0.0509898965206	-0.00095718353997	0.044273056748	0.0144854198018	0.0221890008448	0.0183912959733	0.0451272314802	-0.0616248385899	-0.0806387282901	-0.0167945251832	0.0150770482134	0.0755525896618	0.0437914569433	-0.0130601044349	0.025184865647	-0.0224058616032	-0.024187037807	-0.0336826023645	-0.017897380731	-0.0595538829711	-0.0195711017606
k__Bacteria;p__Bacteroidetes;c__Bacteroidia;o__Bacteroidales;f__Bacteroidaceae;g__Bacteroides;s__Bacteroides_coprocola	-0.0592675344962	-0.0157070392176	-0.0519222579679	0.0118894426706	0.0370762775178	-0.0269833647605	0.0356302306695	-0.0794596035272	0.0190877252036	-0.0355421419045	0.000365729274083	1.0	-0.0605670681335	-0.0280275333209	-0.0222552592413	0.0126608095189	-0.0206406949738	0.0146936119641	0.0265189742371	-0.0123877363233	-0.0115247183845	0.0528054915575	-0.0146027261771	0.0132013749569	-0.0369478596404	-0.0966298370183	-0.0468106207635	-0.0537122575707	0.0607001627711	-0.0456306386211	0.0332230230006	-0.0043404527555	0.0326754048506	0.00306748300187	0.0856320946027	-0.0135054666818	-0.0436116174267	-0.0077591799815	-0.0312613850138	0.0150464994744	0.036658352126	0.00766873726937	0.00814773455061	-0.0462444275543	-0.0570416361969	-0.0528617199667	-0.0416274167192	0.0226846135782	-0.0256572033566	-0.102464838733	0.000141107036937	-0.00125180429477	-0.0348413350031	0.00219808729481	-0.00209743406895	-0.0467569584387	-0.0161306403285	0.0211742724937	0.028536519727
k__Bacteria;p__Bacteroidetes;c__Bacteroidia;o__Bacteroidales;f__Bacteroidaceae;g__Bacteroides;s__Bacteroides_cellulosilyticus	0.0433609290934	0.0116662860073	0.0131300169344	0.038124917928	-0.0177334976746	-0.0586385063874	0.0119073018609	0.0089796218572	0.0159570830987	-0.00668568085702	-0.0102717787008	-0.0605670681335	1.0	0.0186884388692	0.0452834199974	-0.105821341017	0.0572749981115	-0.00963851837738	-0.0461324061032	0.0369579397357	-0.0226940485836	-0.00290690574532	0.0167852417558	-0.00922622999064	0.0256396266548	-0.0655675078335	0.0506309105047	0.0234319904928	0.0260398209162	-0.00542671772738	-0.0629148014988	-0.0605512869099	0.0119350756529	-0.0533330056958	-0.046825596312	-0.0207818242848	0.0217330209411	0.0314023410745	0.0332617723219	-0.00258433738484	0.01761170363	-0.0308375972372	-0.0049769066132	-0.0715337981353	-0.0097581361617	0.0888573194269	-0.0373290961563	-0.0786226614917	-0.0177524537086	-0.0644892221959	0.0232762471311	0.0449660320115	0.0264562362206	-0.042892943604	0.00244489835876	0.00639574073372	-0.0152032322292	0.0316261158914	-0.0353189581255
k__Bacteria;p__Bacteroidetes;c__Bacteroidia;o__Bacteroidales;f__Rikenellaceae;g__Alistipes;s__Alistipes_obesi	0.0614555275284	0.0340826672914	0.00996583628138	0.0338343021393	-0.0451934310125	0.014329228306	-0.0788592785542	0.0541733415958	-0.053292910242	-0.0050301567965	0.00737525581341	-0.0280275333209	0.0186884388692	1.0	-0.0676437228392	0.0110063038496	-0.0552098255174	0.00589580431064	-0.0495575864176	0.0360401552609	0.0233679916255	-0.101982258681	-0.0214788837509	0.00248157084037	0.0150156898342	0.0119087072634	0.0258449775804	-0.0515949605933	-0.0905444975873	0.0523597635505	0.0197567255488	-0.0163254038049	0.0139002067924	0.00219138062297	0.05272831272	0.00779363289126	-0.0429930379393	0.0631506351431	-0.0193833608866	0.0189373898662	-0.0475507282959	0.0106870492466	-0.010223516503	-0.0347541829599	-0.0503594521956	0.0319031512533	-0.00218073067896	-0.0282895569296	-0.0805314580102	0.0273848376825	-0.0322267363285	0.01403733933	0.000849105931758	-0.0196437737435	0.00576596856227	-0.00406656532503	0.0113888032489	0.0529944905317	0.0146664362135
k__Bacteria;p__Firmicutes;c__Clostridia;o__Clostridiales;f__Lachnospiraceae;g__;s__[Eubacterium]_rectale	-0.0347735731355	0.0731269822287	-0.078963921196	0.00262401241139	-0.032510788452	0.0173782666634	-0.0931359157891	-0.0486986171832	-0.0111207220119	0.0202995932281	0.00129028091097	-0.0222552592413	0.0452834199974	-0.0676437228392	1.0	0.0462134306182	-0.0260339762238	-0.0662928205657	-0.00782769836059	-0.0243021297029	0.0373881920715	0.0286867181143	0.0590116706081	0.0283413298792	-0.0376208458981	-0.0013717942689	-0.0518245538736	0.0170551567416	-0.0110259527476	-0.0113615777031	-0.00841575519913	-0.00483123993258	-0.0123228037561	-0.0586248464682	-0.0486819252521	0.000486054822762	0.0213012583398	0.00392744725838	-0.0144643421754	0.02854755158	-0.0368822178938	-0.0365424573937	-0.0122836048117	0.0156212960627	0.045305654791	0.0123423956615	-0.0351597988175	-0.0248125943882	-0.0288871217715	-0.0312965879115	-0.0430281937174	0.0433687810625	-0.0764344484069	0.01178043802	-0.0205132757364	-0.0507950626735	0.0616336801581	0.0361398120064	0.0103921287748
k__Bacteria;p__Bacteroidetes;c__Bacteroidia;o__Bacteroidales;f__Bacteroidaceae;g__Bacteroides;s__Bacteroides_plebeius	0.0532585884159	0.0363827185339	-0.0510609580945	-0.00550422075531	0.000457000519534	-0.0236246067125	-0.0109702357694	-0.00723622459343	0.00249483551472	-0.0798562721281	-0.0792623736315	0.0126608095189	-0.105821341017	0.0110063038496	0.0462134306182	1.0	-0.0172722920085	-0.0307004416035	-0.0237574312108	0.0619471454997	0.000939636394533	0.0169977649775	-0.0152342615308	-0.00182377056745	-0.0233003725523	0.0153351209749	-0.0219960283854	-0.0896405586967	-0.00904143174389	0.0946671684288	-0.0184273585724	-0.0315437687881	-0.00123201118796	-0.070075509246	0.0437424002813	-0.0510543717959	-0.0395743991015	-0.00299558472836	-0.049747337988	-0.0124539293138	-0.0425383089239	-0.0273398682964	-0.022169167143	0.0250938090744	-0.0581427674863	-0.0198483470368	-0.00152213097978	-0.0203443163982	-0.124767388376	0.008046867179	-0.0614375506506	-0.0110720913348	-0.0369022285577	0.0369417898475	0.0120848834951	-0.0515590432509	-0.0325233923656	0.0707251695233	0.0215226662965
k__Bacteria;p__Bacteroidetes;c__Bacteroidia;o__Bacteroidales;f__Bacteroidaceae;g__Bacteroides;s__Bacteroides_fragilis	-0.0190555340219	0.0202381311255	-0.0162961620357	-0.0340040335667	0.000474488281585	0.00148436713608	-0.009722431839	0.0467998527975	-0.0707711048712	-0.0420123869713	0.044755454215	-0.0206406949738	0.0572749981115	-0.0552098255174	-0.0260339762238	-0.0172722920085	1.0	-0.0315477826607	0.0616203220059	-0.0575813572128	0.0562013718758	-0.00742865571003	-0.0123199605264	0.0156976674499	-0.0347963069047	-0.0109291524566	-0.0344076822886	-0.0249550985698	5.63122654268e-05	-0.0674187564785	-0.0126022357501	-0.0194453481059	-0.0273801404474	-0.0227088536837	-0.114483878307	0.00743480455825	-0.0463973430412	0.0306324999264	0.0572837007999	-0.024826117586	0.0437221216514	0.000808726213248	0.0208102814734	0.0130394657629	-0.0635845178597	0.0162360550437	0.00925820558436	0.0213601229282	-0.0278506908872	-0.0113215544054	0.0210978980717	-0.040681614288	0.00437821385899	-0.0089201284056	-0.0677814371234	-0.0674259136003	0.00583814040736	-0.00819703560683	0.000374076520477
k__Bacteria;p__Proteobacteria;c__Betaproteobacteria;o__Burkholderiales;f__Sutterellaceae;g__Sutterella;s__Sutterella_wadsworthensis	0.00550276216651	-0.078719561877	-0.0578110079344	-0.00217307515492	-0.0627979976334	0.0388964658886	0.0401944970152	-0.0203231500713	0.00650928905896	0.00874950817402	0.00472594759767	0.0146936119641	-0.00963851837738	0.00589580431064	-0.0662928205657	-0.0307004416035	-0.0315477826607	1.0	-0.00770392193949	0.00918120285058	0.00604878838297	0.0414125252312	-0.0531409058017	0.0283454829855	0.0176696904683	0.0158303912393	0.0713212723232	-0.0742285896436	-0.0075359425116	0.0667177973446	0.0299067895086	-0.0561093913885	-0.0397096854419	-0.0125102794703	0.0201244433489	-0.0236003710149	-0.067687082394	0.000968346644508	-0.0299407452952	-0.0118767224612	0.00151909550102	0.0344007634289	0.00488070247973	-0.0589211163821	0.0251318547869	0.00731643969752	0.0408333725371	0.0702792042825	0.00680876504199	-0.0079257487681	0.0282462766967	-0.0528444654729	-0.0359475704533	-0.000424074852778	-0.102556060959	-0.0231170100002	-0.0446185142301	-0.0838344703733	-0.067092062156
k__Bacteria;p__Bacteroidetes;c__Bacteroidia;o__Bacteroidales;f__Porphyromonadaceae;g__Barnesiella;s__Barnesiella_intestinihominis	0.0551934967457	0.0479232099525	0.056863549161	-0.00335522864087	-0.00598147193426	-0.0158229778119	-0.00349970793042	0.000768981041635	-0.00973609269422	-0.0581434454843	0.0205379814566	0.0265189742371	-0.0461324061032	-0.0495575864176	-0.00782769836059	-0.0237574312108	0.0616203220059	-0.00770392193949	1.0	-0.0383777028254	-0.0402543424187	-0.0148549868947	0.00911618596967	-0.102571415431	-0.00374819687752	0.0221051174891	-0.0291169518497	-0.0353797195151	-0.101754799619	0.0253729857093	0.0055377475459	-0.0254131768664	-0.0188696701358	0.0944828493869	-0.0149440634625	-0.019440626186	-0.0443534865819	-0.0366407018847	-0.0484370020138	0.0216432357032	0.0116149517716	0.016532496656	-0.0150557179602	0.0259491099917	-0.0176427022031	-0.0513207781827	-0.000676879043223	-0.0109048288467	0.0470809864594	-0.0319114096701	0.0295407062309	-0.0335105728819	-0.0753831563227	-0.0731016779402	-0.0285006375561	-0.072620467258	-0.0820319290642	-0.0686102655326	-0.0262278601268
k__Bacteria;p__Bacteroidetes;c__Bacteroidia;o__Bacteroidales;f__Odoribacteraceae;g__Odoribacter;s__Odoribacter_splanchnicus	0.00688135698434	0.0735106810613	0.00821233363378	-0.0462656718501	-0.0716254216375	-0.0101548800038	-0.0586143122019	-0.0288596397029	0.0562085179246	-0.0543374815938	-0.00689091826486	-0.0123877363233	0.0369579397357	0.0360401552609	-0.0243021297029	0.0619471454997	-0.0575813572128	0.00918120285058	-0.0383777028254	1.0	-3.39426974544e-05	-0.0663193174362	0.0689301076875	0.02890778399	-0.0590876135049	-0.0458115882956	-0.036854424289	0.0457916325672	-0.0202085618565	-0.0239879361847	0.0233622438573	-0.0462637422443	-0.0220389396742	-0.0692084294583	-0.00927397074227	-0.0065098213585	-0.0099597475551	-0.031116919607	-0.0282256506729	0.018066626761	0.0681750897082	-0.113659581835	-0.080385413578	-0.0160778918747	-0.0589518415725	0.00525071973832	0.0124254005694	-0.0421712335391	0.02192826719	0.0496457660612	0.038850384838	-0.000318197215098	-0.0427024731373	-0.0037290891083	0.00637238148879	-0.0453355652693	-0.0513458047582	0.0289398562984	-0.011409944118
k__Bacteria;p__Bacteroidetes;c__Bacteroidia;o__Bacteroidales;f__Bacteroidaceae;g__Bacteroides;s__Bacteroides_salyersiae	-0.0241187646531	-0.0292239862564	-0.0280930364575	0.0430401840668	-0.0277616281257	0.00894921136944	-0.0019626476896	-0.036790270748	0.0186288500638	-0.0124982016062	0.00504656199379	-0.0115247183845	-0.0226940485836	0.0233679916255	0.0373881920715	0.000939636394533	0.0562013718758	0.00604878838297	-0.0402543424187	-3.39426974545e-05	1.0	-0.0316066612629	0.0277536363438	-0.0542133336709	0.0176563517956	0.0704984158062	-0.0118180531014	0.0044748611745	-0.0269006722383	-0.0142517048037	-0.0346707718626	-0.00349321347964	-0.0773671898356	0.0129278680063	-0.0105724704695	0.00581600937672	-0.0387465632708	0.00880400887726	0.0494188908211	-0.0690011284293	-0.094515120194	0.0126647829416	-0.00836223213045	0.0225755595386	-0.0853844892159	-0.0617800724803	-0.0626755656072	0.0281136305295	-0.0274326992212	-0.0491810193392	0.0221679730007	-0.00267601040361	-0.0286849856584	0.0479602395389	-0.0208348061475	-0.0218636722527	0.0484998516902	0.0928982226948	-0.0180512921643
k__Bacteria;p__Firmicutes;c__Clostridia;o__Clostridiales;f__Ruminococcaceae;g__Ruminiclostridium;s__[Eubacterium]_siraeum	-0.0186134516959	0.048599909047	-0.00465560058671	-0.0101045838794	-0.0113926680411	-0.00602738878631	0.0119101710082	-0.049671671109	-0.00889970347009	-0.0368963986809	-0.0178782595427	0.0528054915575	-0.00290690574532	-0.101982258681	0.0286867181143	0.0169977649775	-0.00742865571003	0.0414125252312	-0.0148549868947	-0.0663193174362	-0.0316066612629	1.0	0.043314391851	0.0365569551087	-0.030845722207	-0.0427025430948	0.0790506868125	-0.0258403784734	0.00756675025928	0.011446911465	0.00785979170022	-0.0238605264668	0.0156896962579	-0.0701911780469	-0.0265394482568	0.0106376746928	-0.0968119819962	-0.0312327417841	-0.0463044168963	-0.0362233724669	0.0112966922892	-0.0538711504624	0.0152373965572	0.0303642848643	0.0453614509408	-0.00329449062464	-0.0548462516149	-0.0165966560535	-0.0135057608556	0.0356107054185	-0.0371998698595	0.000537443592734	0.00203124680944	-0.0100222605363	-0.029545516153	-0.0241975423673	-0.0168790039088	-0.0337299024598	0.0649237080922
k__Bacteria;p__Proteobacteria;c__Betaproteobacteria;o__Burkholderiales;f__Sutterellaceae;g__Parasutterella;s__Parasutterella_excrementihominis	0.0576197141003	-0.0882065430554	-0.00318319228263	4.69725573219e-05	0.024277871425	-0.050039994047	0.00862126525815	-0.0401501678316	-0.0226705441018	0.0250019280007	0.010752444634	-0.0146027261771	0.0167852417558	-0.0214788837509	0.0590116706081	-0.0152342615308	-0.0123199605264	-0.0531409058017	0.00911618596967	0.0689301076875	0.0277536363438	0.043314391851	1.0	-0.0320880834115	-0.0295507308494	-0.0425751448544	0.0282290804061	0.0113030686157	0.0306615487849	0.0413071493231	-0.0027321423974	-0.0324289800476	-0.0515271185679	-0.040933592258	-0.00134459239165	-0.00623661798962	0.0140730203222	0.0105159031196	-0.0484060277484	0.0611105000524	-0.0268671540894	-0.0524334457069	-0.00748363192575	0.0519660282595	-0.0370590822872	0.00672603571541	0.00576623757023	-0.0693332033783	0.0197143900351	0.00312142420012	0.0450571670831	-0.0258315936695	-0.0571379364971	0.026233410803	-0.0243418048932	0.0194964849738	-0.0708323288005	0.0237765701813	-0.0665619238821
k__Bacteria;p__Actinobacteria;c__Actinobacteria;o__Bifidobacteriales;f__Bifidobacteriaceae;g__Bifidobacterium;s__Bifidobacterium_adolescentis	-0.0830203667664	-0.0183381867998	0.0389822473883	-0.015560516261	0.0192005811264	0.0263554235904	-0.00549127202204	-0.0291545096313	0.048173957412	-0.0503215436409	0.0120355634647	0.0132013749569	-0.00922622999064	0.00248157084037	0.0283413298792	-0.00182377056745	0.0156976674499	0.0283454829855	-0.102571415431	0.02890778399	-0.0542133336709	0.0365569551087	-0.0320880834115	1.0	-0.0148508034004	-0.0744875235021	-0.0235189968818	0.00740915387054	-0.0628719649273	-0.00224745632652	-0.0227856640122	-0.0176955981389	-0.0634305181876	0.0183220896478	-0.0239397726653	-0.0386739971066	-0.0766853319156	0.0412976038739	0.02080011073	-0.081575976205	-0.00858743376174	-0.00690006837083	0.00228497272124	-0.0497033733884	0.0512770318783	-0.0527324667267	0.000624258020261	0.100788160157	-0.0733304032671	-0.112327700356	-0.00273859051863	-0.0170608970184	0.00836076356446	-0.0051297492913	0.0405992499859	-0.0081631053174	0.051250750635	0.00715572984494	-0.00691647470066
k__Bacteria;p__Firmicutes;c__Clostridia;o__Clostridiales;f__Oscillospiraceae;g__Oscillibacter;s__Oscillibacter_sp._KLE_1745	0.024701607478	0.00730935845979	-0.00317321455583	0.0525253617612	0.0242590728699	-0.00791934268718	0.00139742003514	-0.0234603255524	-0.0364490955646	-0.0060337739513	-0.0215017023072	-0.0369478596404	0.0256396266548	0.0150156898342	-0.0376208458981	-0.0233003725523	-0.0347963069047	0.0176696904683	-0.00374819687752	-0.0590876135049	0.0176563517956	-0.030845722207	-0.0295507308494	-0.0148508034004	1.0	0.0169769658565	-0.0185496740029	-0.0640806468502	-0.0481227651469	-0.0562577392114	0.0636062871958	0.0222140464069	-0.00527599893618	-0.0505523478125	-0.0287837143622	-0.029372840086	-0.00345799980533	0.0207800312388	-0.000932386595299	0.0175432127168	0.0072346382023	0.0500566315146	-0.0313404303153	0.0199421128063	0.0609760015898	0.0373426778768	-0.0123216860429	-0.00198266049733	0.0360148508057	-0.0484727342883	-0.0115211579911	0.07571354173	-0.00372929900355	-0.027621102975	-0.0113386044555	-0.00865586808576	0.033750880528	0.0463916563875	-0.0455204169633
k__Bacteria;p__Bacteroidetes;c__Bacteroidia;o__Bacteroidales;f__Bacteroidaceae;g__Bacteroides;s__Bacteroides_coprophilus	0.0508958753747	-0.0131813259259	0.0243113201395	-0.00391172007286	0.0566585328283	-0.0128700565226	0.0125904635914	0.00329731981717	-0.00409339243443	-0.00209372248902	0.0187679204792	-0.0966298370183	-0.0655675078335	0.0119087072634	-0.0013717942689	0.0153351209749	-0.0109291524566	0.0158303912393	0.0221051174891	-0.0458115882956	0.0704984158062	-0.0427025430948	-0.0425751448544	-0.0744875235021	0.0169769658565	1.0	0.0411160071701	-0.052925414939	0.0374070453634	-0.00644624366313	0.0172529014135	0.038866276038	-0.0548854266999	-0.0107341432687	-0.043551840819	0.0227816112038	-0.086122273192	-0.0325488527359	0.00881720528144	-0.0174136467418	0.00240332979951	-0.0520997272105	-0.039882988437	-0.0247116392393	0.00199772935168	-0.0703268385018	0.00661183663601	0.0381368360156	0.0164680006737	0.0706654200805	-0.0272196180155	0.0103483498952	-0.0317873760583	-0.0641435815705	0.0448921189147	-0.0145327309011	-0.00253121269242	-0.0740085094909	-0.0813136105407
k__Bacteria;p__Firmicutes;c__Clostridia;o__Clostridiales;f__Lachnospiraceae;g__Roseburia;s__Roseburia_intestinalis	-0.0146376391703	0.00230437458959	-0.0502051413041	0.0623578446793	-0.0557964327783	-0.0659429443552	-0.0498189129147	-0.0165822584426	-0.0713475858277	0.0105241561295	-0.0297951687596	-0.0468106207635	0.0506309105047	0.0258449775804	-0.0518245538736	-0.0219960283854	-0.0344076822886	0.0713212723232	-0.0291169518497	-0.036854424289	-0.0118180531014	0.0790506868125	0.0282290804061	-0.0235189968818	-0.0185496740029	0.0411160071701	1.0	-0.0512920513844	-0.0464558022207	-0.0149309297937	0.0157930932301	-0.027907546456	0.000428992068384	-0.0053773158174	0.0300671739943	-0.0516082689281	-0.00998276692753	-0.0306875749569	-0.0138232537354	0.0116826984659	-0.0500667432437	-0.0697515282131	-0.0143297513104	-0.0375885628073	-0.015397452442	-0.0446837831057	0.00535911583239	0.00310483044668	-0.0175960143583	-0.0170791966447	0.0415340315112	-0.0576015850748	-0.0494052899724	0.00810804724677	-0.00173631531628	0.0137878902488	-0.0459540471159	-0.0329428884697	0.00533726468541
k__Bacteria;p__Firmicutes;c__Clostridia;o__Clostridiales;f__Lachnospiraceae;g__Roseburia;s__Roseburia_hominis	-0.0558614091854	-0.0305419965962	-0.0312361221308	-0.0394993436485	-0.00726128198567	-0.0774463456529	-0.060240783227	-0.0282514553107	-0.00674468990888	-0.00979737098394	-0.0621524248951	-0.0537122575707	0.0234319904928	-0.0515949605933	0.0170551567416	-0.0896405586967	-0.0249550985698	-0.0742285896436	-0.0353797195151	0.0457916325672	0.0044748611745	-0.0258403784734	0.0113030686157	0.00740915387054	-0.0640806468502	-0.052925414939	-0.0512920513844	1.0	0.0471723903981	0.0114503406432	0.00474445736772	-0.0569953273412	-0.0487531690328	0.0419336593872	0.000112765008032	-0.01821569365	0.0289160373594	-0.058915726308	0.0174015214448	-0.00690303084832	-0.008262955632	0.00857510471435	-0.0118995491089	-0.0365016038012	0.0428442361643	0.0229570235268	-0.0514795250538	0.0523193832441	-0.0358609493564	-0.0360313416831	0.0259713925111	-0.000451651990535	0.0106923329285	-0.015670640911	-0.0154433283017	-0.0827509871473	-0.0168693273961	-0.00310832353489	-0.0130307066607
k__Bacteria;p__Bacteroidetes;c__Bacteroidia;o__Bacteroidales;f__Porphyromonadaceae;g__Parabacteroides;s__Parabacteroides_johnsonii	0.0335475579765	-0.0109207058017	-0.0255552092576	0.0152311458637	-0.0351001224988	0.022861776103	0.0658715139427	0.033799760862	-0.0391320239468	-0.106234428498	0.00419564923678	0.0607001627711	0.0260398209162	-0.0905444975873	-0.0110259527476	-0.00904143174389	5.63122654268e-05	-0.0075359425116	-0.101754799619	-0.0202085618565	-0.0269006722383	0.00756675025928	0.0306615487849	-0.0628719649273	-0.0481227651469	0.0374070453634	-0.0464558022207	0.0471723903981	1.0	-0.00627780682875	-0.0126048794944	-0.00298469941079	-0.00877148353836	0.017636262846	-0.00290245768837	0.0550649571924	-0.0224339308143	0.00889503482899	0.00676470016334	-0.0354600488304	0.00608188615069	-0.0488433807932	-0.012715808943	0.0427391669787	-0.0732614780908	0.00824511818111	-0.0214506350453	-0.0567797953258	-0.0131793118366	-0.0201144071795	-0.0299486725666	0.0257698086393	0.00451025814883	-0.0208623299864	0.0208728273056	0.0190382708371	0.0308624872203	-0.0198866580073	-0.0104044256101
k__Bacteria;p__Actinobacteria;c__Actinobacteria;o__Bifidobacteriales;f__Bifidobacteriaceae;g__Bifidobacterium;s__Bifidobacterium_longum	0.00994263423845	-0.0666378847134	-0.0265909831396	-0.0666548636621	-0.0104351321092	-0.0726918716646	0.0155861644978	0.0197232018761	-0.0585702467017	-0.0133906284278	0.00322186830766	-0.0456306386211	-0.00542671772738	0.0523597635505	-0.0113615777031	0.0946671684288	-0.0674187564785	0.0667177973446	0.0253729857093	-0.0239879361847	-0.0142517048037	0.011446911465	0.0413071493231	-0.00224745632652	-0.0562577392114	-0.00644624366313	-0.0149309297937	0.0114503406432	-0.00627780682875	1.0	0.0596090691397	-0.0641395493872	-0.0611909386507	0.0417139999975	-0.0624153546055	-0.0492619027813	0.0253823175981	-0.0326785551566	0.00886218698517	-0.0299221756791	0.0669323283803	0.0151377162494	-0.0557269238092	0.0390875673857	0.00207570471238	0.0122716819395	0.00556628701792	-0.00492689329953	-0.051827753562	-0.0431365022532	-0.00788904267769	-0.00606539849099	-0.0208632347432	0.0504085260314	-0.0428069329166	0.0276743405034	0.00658421590015	-0.0080343517983	-0.0242999794219
