#taxonomy	k__Bacteria;p__Bacteroidetes;c__Bacteroidia;o__Bacteroidales;f__Bacteroidaceae;g__Bacteroides;s__Bacteroides_vulgatus	k__Bacteria;p__Bacteroidetes;c__Bacteroidia;o__Bacteroidales;f__Bacteroidaceae;g__Bacteroides;s__Bacteroides_uniformis	k__Bacteria;p__Bacteroidetes;c__Bacteroidia;o__Bacteroidales;f__Rikenellaceae;g__Alistipes;s__Alistipes_putredinis	k__Bacteria;p__Bacteroidetes;c__Bacteroidia;o__Bacteroidales;f__Prevotellaceae;g__Prevotella;s__Prevotella_copri	k__Bacteria;p__Bacteroidetes;c__Bacteroidia;o__Bacteroidales;f__Bacteroidaceae;g__Bacteroides;s__Bacteroides_stercoris	k__Bacteria;p__Bacteroidetes;c__Bacteroidia;o__Bacteroidales;f__Bacteroidaceae;g__Bacteroides;s__Bacteroides_ovatus	k__Bacteria;p__Bacteroidetes;c__Bacteroidia;o__Bacteroidales;f__Rikenellaceae;g__Alistipes;s__Alistipes_shahii	k__Bacteria;p__Firmicutes;c__Clostridia;o__Clostridiales;f__Ruminococcaceae;g__Faecalibacterium;s__Faecalibacterium_prausnitzii	k__Bacteria;p__Bacteroidetes;c__Bacteroidia;o__Bacteroidales;f__Rikenellaceae;g__Alistipes;s__Alistipes_finegoldii	k__Bacteria;p__Bacteroidetes;c__Bacteroidia;o__Bacteroidales;f__Porphyromonadaceae;g__Parabacteroides;s__Parabacteroides_distasonis	k__Bacteria;p__Bacteroidetes;c__Bacteroidia;o__Bacteroidales;f__Bacteroidaceae;g__Bacteroides;s__Bacteroides_thetaiotaomicron	k__Bacteria;p__Bacteroidetes;c__Bacteroidia;o__Bacteroidales;f__Bacteroidaceae;g__Bacteroides;s__Bacteroides_coprocola	k__Bacteria;p__Bacteroidetes;c__Bacteroidia;o__Bacteroidales;f__Bacteroidaceae;g__Bacteroides;s__Bacteroides_cellulosilyticus	k__Bacteria;p__Bacteroidetes;c__Bacteroidia;o__Bacteroidales;f__Rikenellaceae;g__Alistipes;s__Alistipes_obesi	k__Bacteria;p__Firmicutes;c__Clostridia;o__Clostridiales;f__Lachnospiraceae;g__;s__[Eubacterium]_rectale	k__Bacteria;p__Bacteroidetes;c__Bacteroidia;o__Bacteroidales;f__Bacteroidaceae;g__Bacteroides;s__Bacteroides_plebeius	k__Bacteria;p__Bacteroidetes;c__Bacteroidia;o__Bacteroidales;f__Bacteroidaceae;g__Bacteroides;s__Bacteroides_fragilis	k__Bacteria;p__Proteobacteria;c__Betaproteobacteria;o__Burkholderiales;f__Sutterellaceae;g__Sutterella;s__Sutterella_wadsworthensis	k__Bacteria;p__Bacteroidetes;c__Bacteroidia;o__Bacteroidales;f__Porphyromonadaceae;g__Barnesiella;s__Barnesiella_intestinihominis	k__Bacteria;p__Bacteroidetes;c__Bacteroidia;o__Bacteroidales;f__Odoribacteraceae;g__Odoribacter;s__Odoribacter_splanchnicus	k__Bacteria;p__Bacteroidetes;c__Bacteroidia;o__Bacteroidales;f__Bacteroidaceae;g__Bacteroides;s__Bacteroides_salyersiae	k__Bacteria;p__Firmicutes;c__Clostridia;o__Clostridiales;f__Ruminococcaceae;g__Ruminiclostridium;s__[Eubacterium]_siraeum	k__Bacteria;p__Proteobacteria;c__Betaproteobacteria;o__Burkholderiales;f__Sutterellaceae;g__Parasutterella;s__Parasutterella_excrementihominis	k__Bacteria;p__Actinobacteria;c__Actinobacteria;o__Bifidobacteriales;f__Bifidobacteriaceae;g__Bifidobacterium;s__Bifidobacterium_adolescentis	k__Bacteria;p__Firmicutes;c__Clostridia;o__Clostridiales;f__Oscillospiraceae;g__Oscillibacter;s__Oscillibacter_sp._KLE_1745	k__Bacteria;p__Bacteroidetes;c__Bacteroidia;o__Bacteroidales;f__Bacteroidaceae;g__Bacteroides;s__Bacteroides_coprophilus	k__Bacteria;p__Firmicutes;c__Clostridia;o__Clostridiales;f__Lachnospiraceae;g__Roseburia;s__Roseburia_intestinalis	k__Bacteria;p__Firmicutes;c__Clostridia;o__Clostridiales;f__Lachnospiraceae;g__Roseburia;s__Roseburia_hominis	k__Bacteria;p__Bacteroidetes;c__Bacteroidia;o__Bacteroidales;f__Porphyromonadaceae;g__Parabacteroides;s__Parabacteroides_johnsonii	k__Bacteria;p__Actinobacteria;c__Actinobacteria;o__Bifidobacteriales;f__Bifidobacteriaceae;g__Bifidobacterium;s__Bifidobacterium_longum	k__Bacteria;p__Firmicutes;c__Clostridia;o__Clostridiales;f__;g__Flavonifractor;s__Flavonifractor_plautii	k__Bacteria;p__Firmicutes;c__Clostridia;o__Clostridiales;f__Clostridiaceae;g__Clostridium;s__Clostridium_phoceensis	k__Bacteria;p__Verrucomicrobia;c__Verrucomicrobiae;o__Verrucomicrobiales;f__Akkermansiaceae;g__Akkermansia;s__Akkermansia_muciniphila	k__Bacteria;p__Bacteroidetes;c__Bacteroidia;o__Bacteroidales;f__Prevotellaceae;g__Paraprevotella;s__Paraprevotella_xylaniphila	k__Bacteria;p__Firmicutes;c__Clostridia;o__Clostridiales;f__Ruminococcaceae;g__Ruminococcus;s__Ruminococcus_callidus	k__Bacteria;p__Bacteroidetes;c__Bacteroidia;o__Bacteroidales;f__Rikenellaceae;g__Alistipes;s__Alistipes_senegalensis	k__Bacteria;p__Firmicutes;c__Clostridia;o__Clostridiales;f__Lachnospiraceae;g__Blautia;s__Blautia_sp._KLE_1732	k__Bacteria;p__Bacteroidetes;c__Bacteroidia;o__Bacteroidales;f__Bacteroidaceae;g__Bacteroides;s__Bacteroides_oleiciplenus	k__Bacteria;p__Firmicutes;c__Clostridia;o__Clostridiales;f__Ruminococcaceae;g__Ruminococcus;s__Ruminococcus_bicirculans	k__Bacteria;p__Bacteroidetes;c__Bacteroidia;o__Bacteroidales;f__Bacteroidaceae;g__Bacteroides;s__Bacteroides_fluxus	k__Bacteria;p__Bacteroidetes;c__Bacteroidia;o__Bacteroidales;f__Prevotellaceae;g__Prevotella;s__Prevotella_stercorea	k__Bacteria;p__Firmicutes;c__Clostridia;o__Clostridiales;f__Lachnospiraceae;g__Dorea;s__Dorea_longicatena	k__Bacteria;p__Firmicutes;c__Clostridia;o__Clostridiales;f__Eubacteriaceae;g__Eubacterium;s__[Eubacterium]_eligens	k__Bacteria;p__Firmicutes;c__Clostridia;o__Clostridiales;f__Ruminococcaceae;g__;s__Ruminococcaceae_bacterium_D16	k__Bacteria;p__Firmicutes;c__Clostridia;o__Clostridiales;f__Lachnospiraceae;g__Coprococcus;s__Coprococcus_comes	k__Bacteria;p__Proteobacteria;c__Gammaproteobacteria;o__Enterobacterales;f__Enterobacteriaceae;g__Escherichia;s__Escherichia_coli	k__Bacteria;p__Firmicutes;c__Clostridia;o__Clostridiales;f__Ruminococcaceae;g__Anaerotruncus;s__Anaerotruncus_colihominis	k__Bacteria;p__Firmicutes;c__Clostridia;o__Clostridiales;f__Lachnospiraceae;g__Blautia;s__Blautia_obeum	k__Bacteria;p__Bacteroidetes;c__Bacteroidia;o__Bacteroidales;f__Odoribacteraceae;g__Odoribacter;s__Odoribacter_laneus	k__Bacteria;p__Firmicutes;c__Clostridia;o__Clostridiales;f__Ruminococcaceae;g__Ruminiclostridium;s__[Clostridium]_leptum	k__Bacteria;p__Bacteroidetes;c__Bacteroidia;o__Bacteroidales;f__Porphyromonadaceae;g__Parabacteroides;s__Parabacteroides_goldsteinii	k__Bacteria;p__Firmicutes;c__Clostridia;o__Clostridiales;f__Lachnospiraceae;g__Anaerostipes;s__Anaerostipes_hadrus	k__Bacteria;p__Firmicutes;c__Clostridia;o__Clostridiales;f__Ruminococcaceae;g__Ruminococcus;s__Ruminococcus_lactaris	k__Bacteria;p__Firmicutes;c__Clostridia;o__Clostridiales;f__Clostridiaceae;g__Clostridium;s__Clostridium_sp._L2-50	k__Bacteria;p__Firmicutes;c__Clostridia;o__Clostridiales;f__Clostridiaceae;g__Clostridium;s__Clostridium_sp._M62/1	k__Bacteria;p__Firmicutes;c__Clostridia;o__Clostridiales;f__;g__Intestinimonas;s__Intestinimonas_butyriciproducens	k__Bacteria;p__Actinobacteria;c__Actinobacteria;o__Bifidobacteriales;f__Bifidobacteriaceae;g__Bifidobacterium;s__Bifidobacterium_bifidum	k__Bacteria;p__Firmicutes;c__Negativicutes;o__Veillonellales;f__Veillonellaceae;g__Dialister;s__Dialister_invisus	k__Bacteria;p__Bacteroidetes;c__Bacteroidia;o__Bacteroidales;f__Bacteroidaceae;g__Bacteroides;s__Bacteroides_salanitronis
k__Bacteria;p__Bacteroidetes;c__Bacteroidia;o__Bacteroidales;f__Bacteroidaceae;g__Bacteroides;s__Bacteroides_vulgatus	1.0	0.0479587771322	-0.0378745073738	-0.00228902993225	0.0442486691597	-0.0274718390992	0.0566728611391	-0.0111598487393	0.0521632061019	-0.0232292486598	0.0209853445359	0.0439113216554	0.0594130279762	0.0206789774822	-0.0549213386012	-0.0188415808273	-0.0105656638955	0.0440103066962	-0.00573537290899	-0.0183509071714	-0.0102680108121	-0.0307948899105	-0.0483128376748	-0.00849185277592	0.0537965474448	0.0172826601427	-0.0374180529821	0.00727524939723	-0.0504873427996	0.030690521802	-0.101955110648	-0.0715357981713	0.0401093664542	0.00981558328101	0.0102105613193	-0.0216848768854	-0.00776917715043	-0.0185503301713	0.0204928060939	-0.0514930518298	-0.0318810376647	-0.0174004072525	-0.043601351077	-0.0286722706868	-0.0295106928477	-0.0373383228229	-0.0192726266715	0.0139761237039	-0.0822723410711	-0.0525382955866	0.0141061042713	0.000335465295599	-0.00563740627441	-0.0197296714669	-0.0281014358885	-0.0187698627306	0.0824401831184	0.0109531715401	-0.0140382999786
k__Bacteria;p__Bacteroidetes;c__Bacteroidia;o__Bacteroidales;f__Bacteroidaceae;g__Bacteroides;s__Bacteroides_uniformis	0.0479587771322	1.0	-2.64838545472e-05	0.0160896273585	0.0361988807881	0.000332412728324	-0.0245041328796	-0.115015377237	0.0241222627251	-0.0220931651674	-0.00820186275234	-0.0594211605405	0.041951947628	0.0515253056099	0.0342088593094	-0.0198736109458	-0.0293319816287	-0.0330950922172	0.01982669441	-0.0035855699217	0.00409602278098	-0.024257798357	0.010699003591	-0.01960498654	0.00610888665835	0.00586388863195	0.0219006026544	-0.000584598244742	-0.0558155163715	-0.0138748272353	-0.0786393514848	-0.00978560322749	0.0290876180964	0.000300243224007	0.0432936233022	-0.0770002813932	-0.0350339614759	-0.0262054184944	-0.0124636172678	-0.0166662075435	-0.0452628840306	0.00806491509703	-0.0145570047667	-0.0520980052606	-0.0293001242973	-0.00512567457487	-0.0454667435282	-0.061390259386	0.104043219049	-0.050713112028	0.0547085895163	0.0589587901227	-0.0189985722144	-0.036658470609	-0.0445533984908	0.0583557013626	-0.0195828502861	0.0132395438849	0.0673265006208
k__Bacteria;p__Bacteroidetes;c__Bacteroidia;o__Bacteroidales;f__Rikenellaceae;g__Alistipes;s__Alistipes_putredinis	-0.0378745073738	-2.64838545472e-05	1.0	0.0310270157115	0.00600930169574	0.035951260467	-0.0449033873345	0.0319941603061	-0.0594202849022	-0.0576664457696	-0.0273096003997	-0.04042352606	-0.0351449808078	-0.0319225283424	0.00219877591941	-0.0118413286783	0.00100448590957	-0.00166703978558	-0.00359048164374	-0.0365153187941	-0.0168155822934	0.01659029201	-0.020585931381	0.0302256615552	0.0305589342431	0.0208718593977	-0.0554181393698	-0.0375875421702	-0.0456091283336	0.060350387791	0.0224300588409	-0.0836466418066	-0.0596625026819	-0.000662245316846	-0.0117818680756	0.00389330743024	-0.0417277213197	-0.0123500161507	-0.0043045643444	-0.0285489132842	-0.0337982916358	0.0033115513205	-0.0267041940792	0.0173166058729	0.024729570694	-0.0207369645139	0.0240130802634	0.0370162918099	-0.0140167929743	0.0499056385012	0.0418374406725	-0.0267668332839	-0.0307987794558	0.0296869423182	0.0505823069425	0.0135857661707	-0.0034607597987	-0.0154556573939	-0.0636794652788
k__Bacteria;p__Bacteroidetes;c__Bacteroidia;o__Bacteroidales;f__Prevotellaceae;g__Prevotella;s__Prevotella_copri	-0.00228902993225	0.0160896273585	0.0310270157115	1.0	-0.0398020750719	-0.00230098969841	-0.0153395517031	-0.0814315597608	-0.0455094429371	-0.0140675870984	-0.0899439123423	-0.0249591470856	0.0441702478296	0.0784936227653	-0.0282731408827	0.0489665886642	0.0322569156557	0.0260588849345	-0.0218857767859	0.0582686947311	0.00754738905647	-0.120446762428	-0.0942503842502	-0.00677901162409	-0.00431595382138	-0.0160625030583	-0.0376766052664	-0.0101178798903	0.00734308587328	-0.00276589944395	-0.0600426347293	0.0302968522227	0.0564383280737	0.0151459348896	-0.00939615530014	-0.0733077133468	0.0123033459949	0.0458629471852	-0.0126780771191	-0.00999100614757	0.0432702720041	-0.0230259774707	-0.00484796415367	-0.0163113480571	-0.0695870378804	-0.00494639841028	-0.0067920208309	0.030721157169	-0.0320801836347	0.0134223767144	-0.0463059719007	0.017337863568	-0.0854677703166	0.0106137778971	0.0147067626052	0.0344536956495	-0.0295283413235	-0.0756082624764	0.0442602962292
k__Bacteria;p__Bacteroidetes;c__Bacteroidia;o__Bacteroidales;f__Bacteroidaceae;g__Bacteroides;s__Bacteroides_stercoris	0.0442486691597	0.0361988807881	0.00600930169574	-0.0398020750719	1.0	-0.0382044631691	-0.0578417241673	0.0096104167082	0.0128187371409	-0.0220985278443	-0.0470115691388	0.0709254478691	0.0102096512892	0.0100042181013	-0.0707848501705	0.0210954254163	-0.0210304303679	-0.0446391612004	0.0280859986382	-0.0398677556833	0.0751626728533	0.0566051623725	-0.0279386052715	-0.0185434136336	-0.0462281068218	0.0163943383638	-0.0363493183419	-0.0401262777712	-0.00164772287378	0.0148436790402	-0.0539334174416	0.00182435858056	0.0548211234729	0.027181461889	0.0375679035929	0.0678132732148	-0.0323174067435	-0.0550822783339	-0.00316075321589	-0.00757471457028	-0.0175091562022	0.0277391897062	-0.0105042044435	-0.0260624141065	-0.0831009084732	0.0238831269967	-0.101672424847	-0.0403494675544	-0.0121698219051	0.00950220077294	-0.0827861234693	-0.0239277934902	-0.0239321883277	-0.0551313671611	0.0608201914644	-0.0620304548878	0.0246958616476	0.0270405639701	0.0017923945553
k__Bacteria;p__Bacteroidetes;c__Bacteroidia;o__Bacteroidales;f__Bacteroidaceae;g__Bacteroides;s__Bacteroides_ovatus	-0.0274718390992	0.000332412728324	0.035951260467	-0.00230098969841	-0.0382044631691	1.0	-0.00689863366105	-0.0714972481152	0.0165025902034	-0.00627015898669	-0.00261640421884	-0.0337642104426	-0.00735557286935	-0.00991913200113	0.0260252407609	-0.0345186174409	-0.0229125449649	-0.00966802495553	0.0166627681247	-0.0173231292846	0.063697629302	-0.0580185324555	-0.0209754045345	0.0844803921021	0.0363846223301	-0.0029893221474	0.0322442669093	-0.00569994375577	-0.0452419667609	0.0417128793886	-0.00125006068647	-0.0585598092954	0.013398169633	-0.0370781563444	0.0546882578645	0.00875476926878	0.0131807803933	-0.0236351144463	0.0451169430292	-0.0577858026673	-0.0482401838285	-0.022536985178	-0.037487192593	0.0229137474531	0.0135092612652	0.0447945647136	-0.0320252471571	0.00615915934167	-0.0560391424977	-0.00830816317654	-0.0134129413878	0.0235361900876	0.0120553219565	-0.0636242941118	-0.0238364869276	-0.0570025754676	-0.0562154160101	-0.0367135176674	0.0474630877498
k__Bacteria;p__Bacteroidetes;c__Bacteroidia;o__Bacteroidales;f__Rikenellaceae;g__Alistipes;s__Alistipes_shahii	0.0566728611391	-0.0245041328796	-0.0449033873345	-0.0153395517031	-0.0578417241673	-0.00689863366105	1.0	0.0324810935622	-0.0466458324234	-0.0145698480236	0.00247576170145	-0.0245557252449	0.0781961926304	0.0466691972171	0.0365573917123	0.0120477785129	0.00546362557306	-0.0126938254686	0.00889199291203	0.0238281214584	0.0435340440928	-0.0303967868014	-0.00393750546392	-0.0161157273017	-0.0121556211093	-0.00139533221603	0.0971289658115	-0.0771997122199	-0.0627141974093	-0.0537127359361	0.038005139879	-0.0268542351073	-0.0375958808833	-0.0148390021099	0.125430708306	-0.0304710621909	-0.0332926761387	0.00761298581391	-0.0143122200712	-0.0607121917053	-0.00374242764369	0.0145096826405	-0.0248681144489	0.0442777416314	-0.0309415531624	0.0216566884041	-0.0280111721684	-0.0253081274347	-0.0893630187039	0.0189413056547	0.0399236587995	-0.075918023405	-0.0329108524195	-0.0890856829626	-0.0345422244061	-0.0179161014223	-0.0334718884793	0.0273450120465	0.0261560379823
k__Bacteria;p__Firmicutes;c__Clostridia;o__Clostridiales;f__Ruminococcaceae;g__Faecalibacterium;s__Faecalibacterium_prausnitzii	-0.0111598487393	-0.115015377237	0.0319941603061	-0.0814315597608	0.0096104167082	-0.0714972481152	0.0324810935622	1.0	0.0254059091785	-0.0233258746864	0.0435815588054	-0.0226299077453	-0.0490618971187	0.0248006363408	0.00876558847795	-0.025270981698	-0.0102802400337	-0.0182861738491	0.0849385808837	0.0445394904785	0.0150897161802	0.0279648665392	-0.0681570811715	-0.0374385928306	-0.0108286661196	-0.0271650966049	-0.0239312013184	-0.0187141310568	0.0005206050488	-0.0794471928839	-0.045657282019	-0.0299546258038	-0.00308540098301	0.0321639848308	0.00915814232922	0.0311686924677	0.000275427888533	-0.0166650950891	-0.0451155277291	-0.0420102546732	-0.0260275120969	0.0317924806591	-0.035431716054	-0.0079977583836	-0.014142075063	0.0244842288488	0.034674321302	0.0114469570585	-0.0781964988252	-0.02141103864	0.0197301567958	-0.0422971753509	0.0511707703423	-0.0585023296668	0.0627155652768	0.0111959404402	0.0231675317122	-0.0202323323312	-0.00425637935186
k__Bacteria;p__Bacteroidetes;c__Bacteroidia;o__Bacteroidales;f__Rikenellaceae;g__Alistipes;s__Alistipes_finegoldii	0.0521632061019	0.0241222627251	-0.0594202849022	-0.0455094429371	0.0128187371409	0.0165025902034	-0.0466458324234	0.0254059091785	1.0	-0.0343591480613	-0.00828220102392	-0.0188318036908	0.0486138206662	0.00149061130748	-0.0362045875724	-0.00387155445865	-0.04365817574	0.011002434511	-0.0164451061848	0.0269327035706	-0.0570632061595	-0.0148850874258	-0.0210467628022	-0.0158786328456	-0.0421568811885	-0.0862910384332	0.0296764028178	-0.0613789984175	0.0486740955534	-0.0260942249598	0.00336904552286	-0.0529969362157	-0.0167128643309	0.0143123326421	-0.0195607933758	-0.0380845831128	-0.0341189602453	-0.0335600168244	-0.013261162977	0.056819606115	-0.0600808270001	0.0144766076906	-0.0453762007321	-0.0302981001304	-0.0493350269769	-0.0523273242765	-0.0259434633572	0.00914645368957	0.0715098165993	0.00627827221657	0.0183799543381	0.0154078269839	-0.0111260135212	-0.0140295217769	-0.0183932316541	0.00914437347855	0.0207416770959	0.041494283328	0.00760314062072
k__Bacteria;p__Bacteroidetes;c__Bacteroidia;o__Bacteroidales;f__Porphyromonadaceae;g__Parabacteroides;s__Parabacteroides_distasonis	-0.0232292486598	-0.0220931651674	-0.0576664457696	-0.0140675870984	-0.0220985278443	-0.00627015898669	-0.0145698480236	-0.0233258746864	-0.0343591480613	1.0	0.00750394210704	0.0199911396506	-0.0104631211258	-0.0406897731401	-0.0146145507552	-0.060745253645	0.0201814904772	-0.0312616243816	0.0380638129265	0.0365854564485	-0.0037966006402	-0.0799314883315	0.0239669766937	-0.0444762721183	-0.0356159627476	-0.0283365673507	0.00865643636681	0.0270401458752	0.0113811331489	-0.0352865936421	-0.0246346675996	-0.00121682597112	-0.0633385430746	-0.0181058576373	0.00628034596862	-0.0686899051627	-0.060149948241	0.0247443633769	-0.0120018677714	-0.00115133229874	0.0115985194385	-0.0651166430613	0.0344786127403	0.0132969198809	-0.0569806724783	-0.0167832328229	-0.0269478748503	0.00570470941564	-0.0307833056898	0.0281033924396	-0.00869175778915	-0.0423093400613	-0.000306260789208	-0.0479793411486	0.0410628793839	0.0106105369058	-0.0312596291716	-0.0683741799902	-0.0113454548178
k__Bacteria;p__Bacteroidetes;c__Bacteroidia;o__Bacteroidales;f__Bacteroidaceae;g__Bacteroides;s__Bacteroides_thetaiotaomicron	0.0209853445359	-0.00820186275234	-0.0273096003997	-0.0899439123423	-0.0470115691388	-0.00261640421884	0.00247576170145	0.0435815588054	-0.00828220102392	0.00750394210704	1.0	0.0163788475272	-0.0407331025375	-0.0566033962554	-0.0612655342176	0.086015721407	-0.030959792287	0.0341375324401	0.0258278337976	0.0478711950455	-0.00947019974713	0.0285945912228	-0.0385929798636	0.011140511004	-0.0751900569734	-0.0419536158805	-0.028538248882	0.0245500032866	0.0696356602337	0.0180403325847	0.0298729920057	-0.0737295128564	-0.0585084682289	-0.0174050507797	0.00136788189262	0.0224095813583	-0.0270017905104	-0.064578824171	0.0754163560549	-0.0560009784123	0.0198807982544	-0.0317835966203	0.00242508328893	-0.0683220906235	-0.0522907862533	-0.0161594214786	0.00421080845153	0.00609063266841	-0.00828977074023	-0.0511854573516	0.0436283816966	0.0724207819971	-0.00937194905224	-0.0178776723993	-0.0169283597299	-0.0652718648343	-0.0039180333846	0.00175433431262	-0.0134277807806
k__Bacteria;p__Bacteroidetes;c__Bacteroidia;o__Bacteroidales;f__Bacteroidaceae;g__Bacteroides;s__Bacteroides_coprocola	0.0439113216554	-0.0594211605405	-0.04042352606	-0.0249591470856	0.0709254478691	-0.0337642104426	-0.0245557252449	-0.0226299077453	-0.0188318036908	0.0199911396506	0.0163788475272	1.0	0.0232040748096	0.0273623963812	-0.0368049425727	-0.0399311074487	-0.0411658822773	-0.0452273395889	0.0237945036772	-0.000704739628782	-0.0148106205292	-0.0217436322918	0.00114617050145	0.0262557008294	-0.052481786982	0.015981363571	-0.0407334972735	0.0220199717562	0.0297039448395	-0.00431158660526	-0.0365815855657	-0.0419019248175	0.0569052617685	-0.0412418275711	0.00344515286897	-0.0279480579353	0.0069197614324	0.0765808646399	-0.0455660663723	-0.0588086951001	0.00575835911145	0.0070206350582	-0.0491082368236	0.0015158349186	-0.0684322625947	0.021968038951	0.0127751253249	0.0177001965858	0.0266829921914	0.0309085311536	0.00405376712	-0.076751619594	-0.0207187105469	-0.0889250987614	-0.0319658378013	-0.054829260643	0.0336656651576	0.0208447389742	-0.0332689868226
k__Bacteria;p__Bacteroidetes;c__Bacteroidia;o__Bacteroidales;f__Bacteroidaceae;g__Bacteroides;s__Bacteroides_cellulosilyticus	0.0594130279762	0.041951947628	-0.0351449808078	0.0441702478296	0.0102096512892	-0.00735557286935	0.0781961926304	-0.0490618971187	0.0486138206662	-0.0104631211258	-0.0407331025375	0.0232040748096	1.0	-0.0422767482566	-0.0383131970677	-0.00773487626448	-0.0318731292806	-0.0143594836696	0.0672305660484	-0.102349946706	-0.00428775363795	-0.0612104637555	-0.0854516751194	-0.0347427503674	-0.0282328936432	-0.0262203000916	0.0462610246146	-0.0416630094988	-0.0319877570468	-0.108719257013	0.0292492686778	-0.0121099257315	-0.00265803955809	0.0331777316775	0.016339023775	-0.0177383522762	-0.0853352117092	0.0191581032925	0.0381852057093	0.0131893461659	-0.0300787956872	0.0520131378423	-0.0195917403324	-0.0563858782207	0.0166796593164	-0.0615218386864	-0.00246104469334	0.0307868334994	0.00889964265906	-0.0228760956421	-0.0648880343458	-0.0188963606229	-0.0987304910574	-0.0416534649209	0.03055750872	0.00527801625996	0.0108819767063	0.00267512298405	0.030868393208
k__Bacteria;p__Bacteroidetes;c__Bacteroidia;o__Bacteroidales;f__Rikenellaceae;g__Alistipes;s__Alistipes_obesi	0.0206789774822	0.0515253056099	-0.0319225283424	0.0784936227653	0.0100042181013	-0.00991913200113	0.0466691972171	0.0248006363408	0.00149061130748	-0.0406897731401	-0.0566033962554	0.0273623963812	-0.0422767482566	1.0	-0.0165358486543	0.0317369999829	-0.00598337208411	0.0343553975808	0.0371982539708	-0.000645317983638	-0.00106830259647	-0.0346888196146	0.0353669410771	-0.02564610211	-0.0319221103949	-0.00730371703073	-0.0130877276375	-0.0680231511692	-0.0405574781212	-0.0748694605833	-0.000357603077656	-0.0152554542873	0.0197975392683	-0.0166922961206	0.0259339231011	-0.0256569094253	0.00739758790587	-0.0115958585704	-0.00144359014755	0.00622147085814	-0.0266607300822	0.0191699067758	0.00120629928279	-0.0559060534305	-0.0144924101368	-0.0107697304103	-0.0164790184037	-0.00566820434845	0.096710064561	0.0126292921971	-0.0538614981276	-0.0922472120464	-0.0515658768812	0.0380397077754	0.0342510825591	-0.0492515952626	-0.0773304861479	-0.0815625113227	-0.0465141491087
k__Bacteria;p__Firmicutes;c__Clostridia;o__Clostridiales;f__Lachnospiraceae;g__;s__[Eubacterium]_rectale	-0.0549213386012	0.0342088593094	0.00219877591941	-0.0282731408827	-0.0707848501705	0.0260252407609	0.0365573917123	0.00876558847795	-0.0362045875724	-0.0146145507552	-0.0612655342176	-0.0368049425727	-0.0383131970677	-0.0165358486543	1.0	0.0119499905677	-0.0350344773796	-0.0250861285485	0.043781802684	-0.0676303425132	-0.0164945022865	-0.0383407215411	-0.0739003128355	-0.0216433444834	0.00495566731321	-0.0302869571902	-0.0658528822228	-0.0100244867484	-0.0380718203687	0.0169551416104	-0.013951326735	-0.0684087371738	-0.0290120311369	0.0543560365747	0.0122614838693	0.0260819226268	-0.0209232448008	0.0555650920157	-0.0344230032002	0.0476454115581	0.0787993677141	-0.0322569940368	-0.011466340316	-0.0459836391268	0.00300610882803	-0.0265650926713	0.0403978401867	0.00267107066381	-0.00794883241814	-0.0299000521845	-0.0413234289019	0.0161152720494	-0.00786361699323	0.028102674918	-0.118443407614	-0.0198236046415	0.0239618794716	-0.0371627220082	-0.023841228612
k__Bacteria;p__Bacteroidetes;c__Bacteroidia;o__Bacteroidales;f__Bacteroidaceae;g__Bacteroides;s__Bacteroides_plebeius	-0.0188415808273	-0.0198736109458	-0.0118413286783	0.0489665886642	0.0210954254163	-0.0345186174409	0.0120477785129	-0.025270981698	-0.00387155445865	-0.060745253645	0.086015721407	-0.0399311074487	-0.00773487626448	0.0317369999829	0.0119499905677	1.0	-0.0058986329481	-0.0318404973829	-0.012952309387	0.0288667552593	0.0266437182589	0.0186539227182	-0.0191780892206	-0.0252761565873	0.0507243963362	0.00894767153793	0.00169940363424	-0.0269553495596	0.0131007389591	0.0127734149894	-0.0360046851488	0.0592866001682	0.00804797505172	-0.0166450774209	-0.022376233158	-0.0104026391055	-0.0346154823934	0.0343952033501	-0.0793896626481	-0.0460433885015	-0.0619785699407	-0.0519455122976	0.051652862415	-0.0103060534077	-0.0232888175885	-0.042197784039	0.0338126265042	-0.0479833771429	-0.0627482271913	-0.0550876074518	0.0377052112455	0.0428208470233	-0.0601746401567	0.00651739107555	0.0108952230862	0.057282940622	-0.0319162238838	0.0462037058869	-0.104956878804
k__Bacteria;p__Bacteroidetes;c__Bacteroidia;o__Bacteroidales;f__Bacteroidaceae;g__Bacteroides;s__Bacteroides_fragilis	-0.0105656638955	-0.0293319816287	0.00100448590957	0.0322569156557	-0.0210304303679	-0.0229125449649	0.00546362557306	-0.0102802400337	-0.04365817574	0.0201814904772	-0.030959792287	-0.0411658822773	-0.0318731292806	-0.00598337208411	-0.0350344773796	-0.0058986329481	1.0	-0.0362434685593	-0.0165535842415	0.0382265518697	-0.0353076206975	0.001159886036	-0.0401361843755	-0.062662257004	0.041464296932	0.045250353886	0.0149470286804	-0.00649262294895	-0.025970949603	-0.0246324503995	-0.0584256820504	0.0371800322333	-0.0343086308331	-0.0632077079479	-0.0125223032835	0.00567403750145	-0.00409135798073	0.016109210909	0.00942937294542	0.0020343825732	-0.0369298162439	-0.00539865283402	0.0274551695732	0.03021931528	0.0574002134401	-0.0588096844686	0.0398378066305	0.0111099402674	-0.0646633458894	0.0253145992071	-0.0802710548188	-0.035065449695	-0.0461469539297	-0.00654300219914	-0.00369076786367	-0.00280049665308	-0.0404987379606	-0.0494228132365	0.00085133782753
k__Bacteria;p__Proteobacteria;c__Betaproteobacteria;o__Burkholderiales;f__Sutterellaceae;g__Sutterella;s__Sutterella_wadsworthensis	0.0440103066962	-0.0330950922172	-0.00166703978558	0.0260588849345	-0.0446391612004	-0.00966802495553	-0.0126938254686	-0.0182861738491	0.011002434511	-0.0312616243816	0.0341375324401	-0.0452273395889	-0.0143594836696	0.0343553975808	-0.0250861285485	-0.0318404973829	-0.0362434685593	1.0	-0.0419075474904	-0.039302101628	-0.0055192203792	-0.0339542602135	-0.0486414972556	-0.0194197753628	-0.0358322905089	-0.0337992618737	-0.0259537823965	-0.0268765371612	-0.0048597706822	-0.0471489734575	-0.0191530201648	-0.00881241764373	-0.044753317916	0.0730404993697	0.00678788491483	0.0668162129635	0.0819772428001	-0.00738375604285	-0.0303182759664	0.0400303692247	0.052633113402	0.0105446950529	-0.0959742465663	-0.047405300186	-0.00756741581862	0.0463583007964	-0.0537650980894	-0.0488196020461	-0.00969438379101	-0.06885140649	-0.129991390827	0.00183862445365	0.0978759546598	-0.0556966782503	-0.0584306010675	0.0291408604275	-0.0293790201216	0.0296595707612	-0.003417650144
k__Bacteria;p__Bacteroidetes;c__Bacteroidia;o__Bacteroidales;f__Porphyromonadaceae;g__Barnesiella;s__Barnesiella_intestinihominis	-0.00573537290899	0.01982669441	-0.00359048164374	-0.0218857767859	0.0280859986382	0.0166627681247	0.00889199291203	0.0849385808837	-0.0164451061848	0.0380638129265	0.0258278337976	0.0237945036772	0.0672305660484	0.0371982539708	0.043781802684	-0.012952309387	-0.0165535842415	-0.0419075474904	1.0	-0.0605883022065	-0.0170027074227	0.00844240775893	0.0389257718619	-0.0336631981953	-0.0292292605186	-0.0128156432976	0.0245772276764	-0.0440930514702	-0.0029520725401	-0.0182734471294	0.0207534688277	0.0127779617505	-0.0282567610831	-0.0518065606701	-0.00317084035047	-0.0884004830812	-0.0137293539921	0.0171919685812	-0.0439710948117	-0.00110234271711	0.0627664204528	0.0058683147017	-0.0183538947401	-0.0110882221966	-0.0682960178233	-0.0663303033968	0.00211273593748	-0.0344149407892	-0.024224660531	-0.0871629190723	0.0479138029844	0.0108051782755	0.0420556194987	-0.0148573453396	-0.0506722042254	-0.0165824402419	-0.0574139472846	-0.0302852613324	-0.0480016255906
k__Bacteria;p__Bacteroidetes;c__Bacteroidia;o__Bacteroidales;f__Odoribacteraceae;g__Odoribacter;s__Odoribacter_splanchnicus	-0.0183509071714	-0.0035855699217	-0.0365153187941	0.0582686947311	-0.0398677556833	-0.0173231292846	0.0238281214584	0.0445394904785	0.0269327035706	0.0365854564485	0.0478711950455	-0.000704739628782	-0.102349946706	-0.000645317983638	-0.0676303425132	0.0288667552593	0.0382265518697	-0.039302101628	-0.0605883022065	1.0	-0.0701789774354	0.0193942256899	0.0147350807982	-0.0164612139219	-0.0352546542596	0.0424533443242	0.010482781585	-0.038565831826	-0.0496519789612	0.0211984476884	-0.0127953315685	-0.0135181778266	-0.0504184017786	-0.0657311957218	-0.0174371546274	-0.0717169309039	0.0344920917559	0.00497728208975	0.0600550685906	0.0304549905769	0.063360314556	-0.00193849260528	-0.0382015498655	-0.0466379597186	-0.0136090680802	0.0731365253483	-0.0674339994584	-0.00243035337692	-0.0173985148973	-0.0261454553146	-0.0257921807688	-0.0166370640983	0.029385323148	-0.00877661684856	-0.0137246144778	-0.0740951364258	0.01426854769	-0.078715567248	-0.0125002818712
k__Bacteria;p__Bacteroidetes;c__Bacteroidia;o__Bacteroidales;f__Bacteroidaceae;g__Bacteroides;s__Bacteroides_salyersiae	-0.0102680108121	0.00409602278098	-0.0168155822934	0.00754738905647	0.0751626728533	0.063697629302	0.0435340440928	0.0150897161802	-0.0570632061595	-0.0037966006402	-0.00947019974713	-0.0148106205292	-0.00428775363795	-0.00106830259647	-0.0164945022865	0.0266437182589	-0.0353076206975	-0.0055192203792	-0.0170027074227	-0.0701789774354	1.0	0.0252939065447	-0.0861038497231	-0.0210946067918	-0.014020295236	0.0267583454751	-0.0232497305623	0.00395249567358	-0.0545419629907	0.00032361824154	0.00511977497266	0.00877783036943	-0.0314424588884	0.0205611866965	-0.0623274466914	0.0299908251704	-0.0452134952888	-0.0425114764558	-0.0210547330173	0.0164827474342	-0.0405346636978	0.0232400301331	0.00215766946423	0.0226247105752	-0.0372266841875	-0.0170827569973	-0.0486331711172	-0.0716947427334	-0.0231833997709	0.0396429536056	-0.0330805459806	0.0115846094486	0.0155694139843	-0.0480895559151	-0.0083825425911	-0.0168023949953	0.0570764161884	-0.0163666075342	0.0544362648786
k__Bacteria;p__Firmicutes;c__Clostridia;o__Clostridiales;f__Ruminococcaceae;g__Ruminiclostridium;s__[Eubacterium]_siraeum	-0.0307948899105	-0.024257798357	0.01659029201	-0.120446762428	0.0566051623725	-0.0580185324555	-0.0303967868014	0.0279648665392	-0.0148850874258	-0.0799314883315	0.0285945912228	-0.0217436322918	-0.0612104637555	-0.0346888196146	-0.0383407215411	0.0186539227182	0.001159886036	-0.0339542602135	0.00844240775893	0.0193942256899	0.0252939065447	1.0	0.00961697472128	-0.114663749827	-0.0329790541479	-0.0397680437124	-0.0357821644954	-0.00674422381289	0.0141475866375	-0.0442693227083	-0.00941288721975	-0.00908603845064	0.0227939765845	-0.0156056522922	-0.0138173490688	-0.00756358221673	0.0579430725708	0.0408198855936	0.00870027885787	0.00756607767621	-0.0200305161168	-0.0280430237733	0.0125256753853	-0.0686523851857	-0.0511445862072	-0.0431707744488	0.0245533755974	-0.0323611425523	0.00173123959159	0.0531187217585	0.00482563314569	-0.0419571782027	-0.0557137731582	0.0326621208372	0.115196594735	-0.0274684990949	0.0352208918369	-0.00787187975842	-0.0754469098128
k__Bacteria;p__Proteobacteria;c__Betaproteobacteria;o__Burkholderiales;f__Sutterellaceae;g__Parasutterella;s__Parasutterella_excrementihominis	-0.0483128376748	0.010699003591	-0.020585931381	-0.0942503842502	-0.0279386052715	-0.0209754045345	-0.00393750546392	-0.0681570811715	-0.0210467628022	0.0239669766937	-0.0385929798636	0.00114617050145	-0.0854516751194	0.0353669410771	-0.0739003128355	-0.0191780892206	-0.0401361843755	-0.0486414972556	0.0389257718619	0.0147350807982	-0.0861038497231	0.00961697472128	1.0	0.0565601982853	-0.0450385280291	-0.00327880640467	0.0283791053549	0.00275219022262	0.0137892249897	-0.0158954590339	-0.0925079581808	-0.0164762209041	-0.0580456928364	0.0171517987549	-0.0415190595821	-0.0882867338846	0.033065872969	-0.00926245498622	0.00385280068407	0.10244659669	0.0208995803729	-0.00161576460125	-0.0575926119814	0.00741571020182	-0.0305506581716	0.0861675357012	-0.00118694895598	0.0150985245788	-0.0109387969204	0.0104723437666	0.0482758824598	-0.0123599811469	0.046273752407	-0.0623484363905	0.0184977882238	-0.0423844481731	-0.0129913772725	0.0265104099507	-0.0441969283937
k__Bacteria;p__Actinobacteria;c__Actinobacteria;o__Bifidobacteriales;f__Bifidobacteriaceae;g__Bifidobacterium;s__Bifidobacterium_adolescentis	-0.00849185277592	-0.01960498654	0.0302256615552	-0.00677901162409	-0.0185434136336	0.0844803921021	-0.0161157273017	-0.0374385928306	-0.0158786328456	-0.0444762721183	0.011140511004	0.0262557008294	-0.0347427503674	-0.02564610211	-0.0216433444834	-0.0252761565873	-0.062662257004	-0.0194197753628	-0.0336631981953	-0.0164612139219	-0.0210946067918	-0.114663749827	0.0565601982853	1.0	0.0311007353495	0.01267889897	-0.0205904271351	0.048521886148	-0.00453615546898	-0.0256835247159	-0.00306383350464	-0.0361191174163	-0.078668304589	-0.0473076157663	0.0195568027506	-0.0217855306851	-0.044234085559	-0.0599873430242	-0.0303113098883	0.018689444268	-0.0280407250739	-0.0395154453414	0.0124837099242	0.00162788437358	0.0389772151591	0.0353133936887	0.00689994386607	-0.01174063185	-0.0100022170578	0.0463336692209	-0.0542417027898	-0.00613096752067	-0.00275161183173	0.0489200749076	0.0324875176869	0.0123876934314	0.0209088696598	-0.00204893078676	-0.0510734670344
k__Bacteria;p__Firmicutes;c__Clostridia;o__Clostridiales;f__Oscillospiraceae;g__Oscillibacter;s__Oscillibacter_sp._KLE_1745	0.0537965474448	0.00610888665835	0.0305589342431	-0.00431595382138	-0.0462281068218	0.0363846223301	-0.0121556211093	-0.0108286661196	-0.0421568811885	-0.0356159627476	-0.0751900569734	-0.052481786982	-0.0282328936432	-0.0319221103949	0.00495566731321	0.0507243963362	0.041464296932	-0.0358322905089	-0.0292292605186	-0.0352546542596	-0.014020295236	-0.0329790541479	-0.0450385280291	0.0311007353495	1.0	0.000884120171572	-0.0392004881949	0.0632908033918	-0.00716039637737	-0.0657634559839	0.0228363831085	0.0109948511961	-0.011944374774	-0.0239479864051	-0.0360115058228	-0.0420426475291	-0.00593146916863	-0.0474447553302	-0.00466138345279	-0.0374133701434	-0.0155738610131	-0.0401504760318	0.0477104272475	-0.00600591684572	0.0299953412745	0.0064090855482	-0.0744629799279	0.0635164764356	0.0115250051404	-0.0132999594881	-0.0523772120814	-0.0500544220488	0.0669360209124	0.00428063302081	0.0668306709296	0.0263414948089	-0.0661968786555	-0.0289092717089	-0.0223669957782
k__Bacteria;p__Bacteroidetes;c__Bacteroidia;o__Bacteroidales;f__Bacteroidaceae;g__Bacteroides;s__Bacteroides_coprophilus	0.0172826601427	0.00586388863195	0.0208718593977	-0.0160625030583	0.0163943383638	-0.0029893221474	-0.00139533221603	-0.0271650966049	-0.0862910384332	-0.0283365673507	-0.0419536158805	0.015981363571	-0.0262203000916	-0.00730371703073	-0.0302869571902	0.00894767153793	0.045250353886	-0.0337992618737	-0.0128156432976	0.0424533443242	0.0267583454751	-0.0397680437124	-0.00327880640467	0.01267889897	0.000884120171572	1.0	-0.0183244109438	0.0236686707477	0.0167116371836	0.0441109607073	-0.0395114353777	-0.0190150637745	0.0323852752306	0.00691170032612	-0.0363758037203	0.0150165805809	-0.0566458170922	0.00873387320172	-0.00452401810367	-0.0785078206651	-0.0658147567323	0.00353485529259	0.0409825657303	-0.0258496925821	-0.00981977976292	-0.0427181730558	-0.0387418448913	-0.0146558914086	-0.0123199677794	0.000762372806571	-0.0109686584808	-0.014521178044	0.0095806689384	0.0410705032885	-0.0266005654114	0.00612143462428	0.0360171386632	0.0129639267654	-0.0344137995473
k__Bacteria;p__Firmicutes;c__Clostridia;o__Clostridiales;f__Lachnospiraceae;g__Roseburia;s__Roseburia_intestinalis	-0.0374180529821	0.0219006026544	-0.0554181393698	-0.0376766052664	-0.0363493183419	0.0322442669093	0.0971289658115	-0.0239312013184	0.0296764028178	0.00865643636681	-0.028538248882	-0.0407334972735	0.0462610246146	-0.0130877276375	-0.0658528822228	0.00169940363424	0.0149470286804	-0.0259537823965	0.0245772276764	0.010482781585	-0.0232497305623	-0.0357821644954	0.0283791053549	-0.0205904271351	-0.0392004881949	-0.0183244109438	1.0	-0.0259257937458	0.0159865603838	-0.0625495063017	-0.0521134723717	0.0421564399446	0.0441830796811	0.0581234727243	-0.0311655270343	-0.0441393653687	-0.12412026691	0.00139967952958	0.0167512296921	-0.00500697333957	-0.0305710545414	-0.004874506555	-0.0510977313392	-0.0235631865055	0.0251251597974	-0.0150361430097	-0.0273106911522	0.00473585307075	0.0168018334957	-0.008811267765	0.0142557464358	-0.0720478092601	0.0222106188366	-0.0290030853168	-0.0374185257534	0.00809740215218	0.0489592409388	0.0323873766397	-0.0294067220178
k__Bacteria;p__Firmicutes;c__Clostridia;o__Clostridiales;f__Lachnospiraceae;g__Roseburia;s__Roseburia_hominis	0.00727524939723	-0.000584598244742	-0.0375875421702	-0.0101178798903	-0.0401262777712	-0.00569994375577	-0.0771997122199	-0.0187141310568	-0.0613789984175	0.0270401458752	0.0245500032866	0.0220199717562	-0.0416630094988	-0.0680231511692	-0.0100244867484	-0.0269553495596	-0.00649262294895	-0.0268765371612	-0.0440930514702	-0.038565831826	0.00395249567358	-0.00674422381289	0.00275219022262	0.048521886148	0.0632908033918	0.0236686707477	-0.0259257937458	1.0	0.00102732679269	0.0118249928574	0.0249605767961	0.0463842330181	-0.0197361147816	-0.0234182864906	-0.072039607052	0.021911687467	0.00358022232939	-0.00105485117201	-0.0162378679981	-0.011160056747	-0.128084022418	0.0153166789245	-0.0659479174415	0.0314215992938	0.0167984613238	-0.00231993950932	0.0187947405556	-0.0641694143541	-0.00567637100081	-0.0118902452197	-0.00690602374833	-0.0576942232976	0.0239769109732	-0.0961001300909	-0.015825530495	0.0239631971692	0.0694667481187	-0.0299242291674	0.0537620531913
k__Bacteria;p__Bacteroidetes;c__Bacteroidia;o__Bacteroidales;f__Porphyromonadaceae;g__Parabacteroides;s__Parabacteroides_johnsonii	-0.0504873427996	-0.0558155163715	-0.0456091283336	0.00734308587328	-0.00164772287378	-0.0452419667609	-0.0627141974093	0.0005206050488	0.0486740955534	0.0113811331489	0.0696356602337	0.0297039448395	-0.0319877570468	-0.0405574781212	-0.0380718203687	0.0131007389591	-0.025970949603	-0.0048597706822	-0.0029520725401	-0.0496519789612	-0.0545419629907	0.0141475866375	0.0137892249897	-0.00453615546898	-0.00716039637737	0.0167116371836	0.0159865603838	0.00102732679269	1.0	-0.0436514088635	0.0423842449994	0.0353678977083	0.0206890115793	-0.038233862856	0.0256499269852	-0.0477920804989	0.00308739932555	-0.0260483763835	-0.045752654052	-0.0891523508048	0.00893789032603	0.0174862801191	-0.0319253753633	-0.0276127054702	-0.0444383324463	-0.0313323439585	0.0328043535072	-0.0329719974979	-0.0428121630202	0.0479113619384	0.0013102667133	0.0011613990775	-0.00877673480153	0.0397790507612	0.00983321100943	0.0221440077175	-0.0186225945298	-0.0179832838836	-0.00858978538677
k__Bacteria;p__Actinobacteria;c__Actinobacteria;o__Bifidobacteriales;f__Bifidobacteriaceae;g__Bifidobacterium;s__Bifidobacterium_longum	0.030690521802	-0.0138748272353	0.060350387791	-0.00276589944395	0.0148436790402	0.0417128793886	-0.0537127359361	-0.0794471928839	-0.0260942249598	-0.0352865936421	0.0180403325847	-0.00431158660526	-0.108719257013	-0.0748694605833	0.0169551416104	0.0127734149894	-0.0246324503995	-0.0471489734575	-0.0182734471294	0.0211984476884	0.00032361824154	-0.0442693227083	-0.0158954590339	-0.0256835247159	-0.0657634559839	0.0441109607073	-0.0625495063017	0.0118249928574	-0.0436514088635	1.0	0.0120912282515	-0.0993619530446	-0.00979402133513	-0.0656260638434	0.015370588368	-0.00445713215701	-0.00327136165001	-0.0187811709564	-0.0246515595748	0.00168662488691	0.0177605643068	0.00723814075605	-0.0371405919188	0.0483437232042	-0.0571887217158	0.0185501859779	-0.0155831362544	-0.0167266688405	0.0395398604845	0.0168754529099	0.000397021266016	-0.0354773286961	0.00725716054228	0.013263544768	0.00435509648941	-0.0514668262311	0.0129907598949	-0.0600269855987	0.00541118638858
