#taxonomy	k__Bacteria;p__Bacteroidetes;c__Bacteroidia;o__Bacteroidales;f__Bacteroidaceae;g__Bacteroides;s__Bacteroides_vulgatus	k__Bacteria;p__Bacteroidetes;c__Bacteroidia;o__Bacteroidales;f__Bacteroidaceae;g__Bacteroides;s__Bacteroides_uniformis	k__Bacteria;p__Bacteroidetes;c__Bacteroidia;o__Bacteroidales;f__Rikenellaceae;g__Alistipes;s__Alistipes_putredinis	k__Bacteria;p__Bacteroidetes;c__Bacteroidia;o__Bacteroidales;f__Prevotellaceae;g__Prevotella;s__Prevotella_copri	k__Bacteria;p__Bacteroidetes;c__Bacteroidia;o__Bacteroidales;f__Bacteroidaceae;g__Bacteroides;s__Bacteroides_stercoris	k__Bacteria;p__Bacteroidetes;c__Bacteroidia;o__Bacteroidales;f__Bacteroidaceae;g__Bacteroides;s__Bacteroides_ovatus	k__Bacteria;p__Bacteroidetes;c__Bacteroidia;o__Bacteroidales;f__Rikenellaceae;g__Alistipes;s__Alistipes_shahii	k__Bacteria;p__Firmicutes;c__Clostridia;o__Clostridiales;f__Ruminococcaceae;g__Faecalibacterium;s__Faecalibacterium_prausnitzii	k__Bacteria;p__Bacteroidetes;c__Bacteroidia;o__Bacteroidales;f__Rikenellaceae;g__Alistipes;s__Alistipes_finegoldii	k__Bacteria;p__Bacteroidetes;c__Bacteroidia;o__Bacteroidales;f__Porphyromonadaceae;g__Parabacteroides;s__Parabacteroides_distasonis	k__Bacteria;p__Bacteroidetes;c__Bacteroidia;o__Bacteroidales;f__Bacteroidaceae;g__Bacteroides;s__Bacteroides_thetaiotaomicron	k__Bacteria;p__Bacteroidetes;c__Bacteroidia;o__Bacteroidales;f__Bacteroidaceae;g__Bacteroides;s__Bacteroides_coprocola	k__Bacteria;p__Bacteroidetes;c__Bacteroidia;o__Bacteroidales;f__Bacteroidaceae;g__Bacteroides;s__Bacteroides_cellulosilyticus	k__Bacteria;p__Bacteroidetes;c__Bacteroidia;o__Bacteroidales;f__Rikenellaceae;g__Alistipes;s__Alistipes_obesi	k__Bacteria;p__Firmicutes;c__Clostridia;o__Clostridiales;f__Lachnospiraceae;g__;s__[Eubacterium]_rectale	k__Bacteria;p__Bacteroidetes;c__Bacteroidia;o__Bacteroidales;f__Bacteroidaceae;g__Bacteroides;s__Bacteroides_plebeius	k__Bacteria;p__Bacteroidetes;c__Bacteroidia;o__Bacteroidales;f__Bacteroidaceae;g__Bacteroides;s__Bacteroides_fragilis	k__Bacteria;p__Proteobacteria;c__Betaproteobacteria;o__Burkholderiales;f__Sutterellaceae;g__Sutterella;s__Sutterella_wadsworthensis	k__Bacteria;p__Bacteroidetes;c__Bacteroidia;o__Bacteroidales;f__Porphyromonadaceae;g__Barnesiella;s__Barnesiella_intestinihominis	k__Bacteria;p__Bacteroidetes;c__Bacteroidia;o__Bacteroidales;f__Odoribacteraceae;g__Odoribacter;s__Odoribacter_splanchnicus	k__Bacteria;p__Bacteroidetes;c__Bacteroidia;o__Bacteroidales;f__Bacteroidaceae;g__Bacteroides;s__Bacteroides_salyersiae	k__Bacteria;p__Firmicutes;c__Clostridia;o__Clostridiales;f__Ruminococcaceae;g__Ruminiclostridium;s__[Eubacterium]_siraeum	k__Bacteria;p__Proteobacteria;c__Betaproteobacteria;o__Burkholderiales;f__Sutterellaceae;g__Parasutterella;s__Parasutterella_excrementihominis	k__Bacteria;p__Actinobacteria;c__Actinobacteria;o__Bifidobacteriales;f__Bifidobacteriaceae;g__Bifidobacterium;s__Bifidobacterium_adolescentis	k__Bacteria;p__Firmicutes;c__Clostridia;o__Clostridiales;f__Oscillospiraceae;g__Oscillibacter;s__Oscillibacter_sp._KLE_1745	k__Bacteria;p__Bacteroidetes;c__Bacteroidia;o__Bacteroidales;f__Bacteroidaceae;g__Bacteroides;s__Bacteroides_coprophilus	k__Bacteria;p__Firmicutes;c__Clostridia;o__Clostridiales;f__Lachnospiraceae;g__Roseburia;s__Roseburia_intestinalis	k__Bacteria;p__Firmicutes;c__Clostridia;o__Clostridiales;f__Lachnospiraceae;g__Roseburia;s__Roseburia_hominis	k__Bacteria;p__Bacteroidetes;c__Bacteroidia;o__Bacteroidales;f__Porphyromonadaceae;g__Parabacteroides;s__Parabacteroides_johnsonii	k__Bacteria;p__Actinobacteria;c__Actinobacteria;o__Bifidobacteriales;f__Bifidobacteriaceae;g__Bifidobacterium;s__Bifidobacterium_longum	k__Bacteria;p__Firmicutes;c__Clostridia;o__Clostridiales;f__;g__Flavonifractor;s__Flavonifractor_plautii	k__Bacteria;p__Firmicutes;c__Clostridia;o__Clostridiales;f__Clostridiaceae;g__Clostridium;s__Clostridium_phoceensis	k__Bacteria;p__Verrucomicrobia;c__Verrucomicrobiae;o__Verrucomicrobiales;f__Akkermansiaceae;g__Akkermansia;s__Akkermansia_muciniphila	k__Bacteria;p__Bacteroidetes;c__Bacteroidia;o__Bacteroidales;f__Prevotellaceae;g__Paraprevotella;s__Paraprevotella_xylaniphila	k__Bacteria;p__Firmicutes;c__Clostridia;o__Clostridiales;f__Ruminococcaceae;g__Ruminococcus;s__Ruminococcus_callidus	k__Bacteria;p__Bacteroidetes;c__Bacteroidia;o__Bacteroidales;f__Rikenellaceae;g__Alistipes;s__Alistipes_senegalensis	k__Bacteria;p__Firmicutes;c__Clostridia;o__Clostridiales;f__Lachnospiraceae;g__Blautia;s__Blautia_sp._KLE_1732	k__Bacteria;p__Bacteroidetes;c__Bacteroidia;o__Bacteroidales;f__Bacteroidaceae;g__Bacteroides;s__Bacteroides_oleiciplenus	k__Bacteria;p__Firmicutes;c__Clostridia;o__Clostridiales;f__Ruminococcaceae;g__Ruminococcus;s__Ruminococcus_bicirculans	k__Bacteria;p__Bacteroidetes;c__Bacteroidia;o__Bacteroidales;f__Bacteroidaceae;g__Bacteroides;s__Bacteroides_fluxus	k__Bacteria;p__Bacteroidetes;c__Bacteroidia;o__Bacteroidales;f__Prevotellaceae;g__Prevotella;s__Prevotella_stercorea	k__Bacteria;p__Firmicutes;c__Clostridia;o__Clostridiales;f__Lachnospiraceae;g__Dorea;s__Dorea_longicatena	k__Bacteria;p__Firmicutes;c__Clostridia;o__Clostridiales;f__Eubacteriaceae;g__Eubacterium;s__[Eubacterium]_eligens	k__Bacteria;p__Firmicutes;c__Clostridia;o__Clostridiales;f__Ruminococcaceae;g__;s__Ruminococcaceae_bacterium_D16	k__Bacteria;p__Firmicutes;c__Clostridia;o__Clostridiales;f__Lachnospiraceae;g__Coprococcus;s__Coprococcus_comes	k__Bacteria;p__Proteobacteria;c__Gammaproteobacteria;o__Enterobacterales;f__Enterobacteriaceae;g__Escherichia;s__Escherichia_coli	k__Bacteria;p__Firmicutes;c__Clostridia;o__Clostridiales;f__Ruminococcaceae;g__Anaerotruncus;s__Anaerotruncus_colihominis	k__Bacteria;p__Firmicutes;c__Clostridia;o__Clostridiales;f__Lachnospiraceae;g__Blautia;s__Blautia_obeum	k__Bacteria;p__Bacteroidetes;c__Bacteroidia;o__Bacteroidales;f__Odoribacteraceae;g__Odoribacter;s__Odoribacter_laneus	k__Bacteria;p__Firmicutes;c__Clostridia;o__Clostridiales;f__Ruminococcaceae;g__Ruminiclostridium;s__[Clostridium]_leptum	k__Bacteria;p__Bacteroidetes;c__Bacteroidia;o__Bacteroidales;f__Porphyromonadaceae;g__Parabacteroides;s__Parabacteroides_goldsteinii	k__Bacteria;p__Firmicutes;c__Clostridia;o__Clostridiales;f__Lachnospiraceae;g__Anaerostipes;s__Anaerostipes_hadrus	k__Bacteria;p__Firmicutes;c__Clostridia;o__Clostridiales;f__Ruminococcaceae;g__Ruminococcus;s__Ruminococcus_lactaris	k__Bacteria;p__Firmicutes;c__Clostridia;o__Clostridiales;f__Clostridiaceae;g__Clostridium;s__Clostridium_sp._L2-50	k__Bacteria;p__Firmicutes;c__Clostridia;o__Clostridiales;f__Clostridiaceae;g__Clostridium;s__Clostridium_sp._M62/1	k__Bacteria;p__Firmicutes;c__Clostridia;o__Clostridiales;f__;g__Intestinimonas;s__Intestinimonas_butyriciproducens	k__Bacteria;p__Actinobacteria;c__Actinobacteria;o__Bifidobacteriales;f__Bifidobacteriaceae;g__Bifidobacterium;s__Bifidobacterium_bifidum	k__Bacteria;p__Firmicutes;c__Negativicutes;o__Veillonellales;f__Veillonellaceae;g__Dialister;s__Dialister_invisus	k__Bacteria;p__Bacteroidetes;c__Bacteroidia;o__Bacteroidales;f__Bacteroidaceae;g__Bacteroides;s__Bacteroides_salanitronis
k__Bacteria;p__Bacteroidetes;c__Bacteroidia;o__Bacteroidales;f__Bacteroidaceae;g__Bacteroides;s__Bacteroides_vulgatus	1.0	0.0221072311591	0.053271013719	-0.0297546701965	0.0546461234952	0.0312875206156	0.00473345346997	-0.00963927237513	-0.045957423335	-0.0148724334936	-0.0293277338953	-0.0128445919678	0.0229415388704	-0.0973851222708	-0.0086910171032	-0.0151777236629	-0.0943310743908	-0.021983990931	-0.0269501653264	0.0418773621089	0.0179192764244	0.00128607947861	-0.0572611336792	0.029054172098	0.00751423395459	0.00377183335855	0.0354561760659	0.0180962573056	-0.0424153717576	-0.0335430505601	0.0151538719669	-0.0179653331839	0.00918918025529	0.0153340349603	0.017000737043	-0.02547832992	-0.0534820325333	0.0204915462328	-0.0755834175531	-0.020092134168	0.00444732521913	-0.00270327406398	-0.0248448921612	-0.0565791268305	-0.00388839649718	-0.045428358687	-0.0239912843206	0.0262155903493	-0.00422809850798	0.04568753414	-0.0914922738798	-0.00586765900058	-0.0454263971614	-0.0585449838195	0.00452607155745	-0.0185750698045	0.0930175789224	-0.00788230818355	-0.00615618518877
k__Bacteria;p__Bacteroidetes;c__Bacteroidia;o__Bacteroidales;f__Bacteroidaceae;g__Bacteroides;s__Bacteroides_uniformis	0.0221072311591	1.0	0.0114599797033	0.0320153247594	0.0224278636443	-0.0124286954342	0.0875689536004	-0.0376632292864	0.0362762831105	-0.00527009761184	-0.000981026948946	-0.114381109034	0.0316074693778	0.00245783847922	-0.0972533439319	0.0335577769791	0.024728271783	0.0166333466475	-0.0594605424631	-0.00880761180451	-0.00614548354019	-0.0352696130622	0.0703162153916	-0.0206072294986	-0.0176155061328	0.0181873458235	-0.0116142663789	0.00111555879136	0.0143424267907	-0.0436659488531	-0.0145597368673	0.0281899851883	-0.00603822337672	-0.111551758523	-0.04786045678	-0.0175064285569	-0.0425624544201	0.030712986771	-0.0418408897094	0.00754311900718	0.0246996184757	0.0554751706315	-0.0443567070806	-0.0599635760791	0.0541232527087	-0.0276832499493	-0.0390972768226	-0.0402889417342	0.0479390584908	-0.0831887941823	-0.0625929602003	0.0512360787757	-0.00507539732483	0.0331630025491	-0.0616885396124	-0.0142491210407	0.00799089925588	0.0363083452383	-0.00256811136603
k__Bacteria;p__Bacteroidetes;c__Bacteroidia;o__Bacteroidales;f__Rikenellaceae;g__Alistipes;s__Alistipes_putredinis	0.053271013719	0.0114599797033	1.0	0.0270719115939	-0.0330174418315	-0.00211998885028	-0.0209169252091	-0.0251104091186	-0.0247720018704	-0.0427974474129	0.00789579812895	-0.0721819568669	-0.0589415605167	0.0469858526985	-0.0720910374802	0.0150702803084	0.0262509248855	-0.00577372585083	0.00314593127288	-0.00295112932175	0.003074272133	0.0560428061158	-0.00828924543387	0.0606720885202	0.0233406059775	-0.0335181081023	0.025251245688	0.0100230434455	-0.0146563030088	0.0183237247019	0.0100644609393	0.0271709282968	-0.0595153195932	0.0158739279879	0.0665362626379	0.0300721853557	-0.0241286269922	-0.0802196588329	-0.0469268845679	-0.0240166345356	-0.0904976729934	-0.0767402928683	-0.00882886132957	0.0522064895898	0.0489023595462	-0.0753292429839	0.00130533717554	-0.0439940482268	0.00234606636083	-0.0226290624234	-0.0212393341351	0.0512087040474	0.02251261978	0.0279967986078	0.0115726214585	-0.0431009647444	0.0867407528533	-0.0640960554974	-0.0859191188324
k__Bacteria;p__Bacteroidetes;c__Bacteroidia;o__Bacteroidales;f__Prevotellaceae;g__Prevotella;s__Prevotella_copri	-0.0297546701965	0.0320153247594	0.0270719115939	1.0	-0.00524606285015	0.0104994287645	-0.0799616650541	-0.0489501540436	-0.0948644435089	-0.00307804234139	0.0246966058103	-0.0381546084995	-0.000934207151765	0.00139715543798	-0.0287958323323	-0.00622256971075	0.0191530437119	-0.0410041231484	0.037184818202	0.0409837525252	0.0356085728857	2.80845406251e-05	-0.0875480236851	-0.0604268426368	-0.0187360310582	-0.0410417900724	-0.00173250423016	-0.112628190322	-0.0238225875414	-0.0406273506648	0.0326134597461	-0.00199270655506	-0.0283390061502	0.0107591365023	-0.00110891181863	0.0199939752672	-0.0277407199023	-0.0140986417143	0.0233691311186	0.0581724779588	0.0141958943869	0.0305113782575	-0.0457827580448	-0.0704636776317	0.0277352976774	-0.0200759647787	-0.0332669178457	-0.0151487195074	-0.0122007105904	0.0795396075678	0.0527313200811	-0.0427339947929	-0.0190828565634	0.02249825681	-0.0216877431151	0.0425266775897	-0.0502664331716	-0.0188819151054	-0.011150182318
k__Bacteria;p__Bacteroidetes;c__Bacteroidia;o__Bacteroidales;f__Bacteroidaceae;g__Bacteroides;s__Bacteroides_stercoris	0.0546461234952	0.0224278636443	-0.0330174418315	-0.00524606285015	1.0	0.0163932815326	-0.0374266380645	-0.0125257426921	-0.0436059062247	0.0282555714293	-0.0135286612505	-0.0148312492069	-0.0422091586164	-0.0303798197167	0.0215451733906	-0.106412282908	0.0321945493248	0.0355807995147	-0.0762993851814	-0.0186474228515	-0.0332521048451	-0.00668712268128	0.00760221672026	-0.0601020144784	-0.00775132194461	0.0308463128659	-0.0425130045662	-0.0392694179525	-0.0620193278616	-0.00771002064741	-0.00139064030983	-0.0950395007823	0.0300398482364	0.0205827893979	-0.00467155677004	-0.0229675608137	-0.0569325872353	0.00392298670935	-0.0600873948322	0.0419685602377	-0.0459544661057	-0.0201566363832	-0.0261772169452	-0.0386903229311	-0.0164061846957	0.0265484833896	0.0143404288361	0.0686300877535	0.00877266925073	-0.00252653631396	-0.0434736855623	0.113975826885	0.0569491707964	0.000878142061614	-0.0821550845668	-0.0604801098576	0.0111476008633	0.0706433275931	-0.0164260969038
k__Bacteria;p__Bacteroidetes;c__Bacteroidia;o__Bacteroidales;f__Bacteroidaceae;g__Bacteroides;s__Bacteroides_ovatus	0.0312875206156	-0.0124286954342	-0.00211998885028	0.0104994287645	0.0163932815326	1.0	0.00425807449905	0.0175893995658	-0.0366379738898	-0.023892562444	0.0193366297134	-0.0986850872634	0.0017575021865	-0.039281429259	-0.0507125652693	0.0249118711707	-0.0197355173267	0.0459114684125	-0.0219075089669	0.0436196672994	0.0368142770517	0.0205632189821	0.0354795312395	0.0261376176792	-0.00538609191723	-0.0725128081638	0.037401195323	-0.0759653824994	-0.0405681592074	-0.0155759943596	0.0075068105077	0.0418469891903	-0.0736898649493	0.0063604078821	-0.0384033191064	0.010176738062	-0.0617812339718	0.0135983881757	-0.00877082743834	-0.0610613103862	-0.0299458310368	-0.0350458403661	-0.0194317342715	0.0426797619141	-0.0561654708803	-0.0266098178324	-0.0457154553409	0.0340649719992	-0.0323880881841	-0.0896941620001	0.0224026002246	-0.0268724262904	-0.00309141089069	-0.018736971081	0.0229612757608	-0.0466522035411	-0.030810239605	-0.00692878239315	0.0316588006937
k__Bacteria;p__Bacteroidetes;c__Bacteroidia;o__Bacteroidales;f__Rikenellaceae;g__Alistipes;s__Alistipes_shahii	0.00473345346997	0.0875689536004	-0.0209169252091	-0.0799616650541	-0.0374266380645	0.00425807449905	1.0	0.0448091399052	-0.0399257733031	-0.0144757897203	0.0281361987294	-0.0330759750246	0.000493901376392	0.0347692445788	-0.0505460112125	0.00715913810608	-0.0604292812742	0.00672730562873	-0.0721796875689	-0.00399121254461	-0.0155837327563	0.0468399181063	-0.0207807860336	0.0193949802219	0.0139706903107	-0.0468727133184	-0.0341815019827	0.0236036320078	-0.057868821771	-0.0110299974027	-0.0169963918511	-0.0323766846687	-0.00134101099952	0.0587644857957	0.0573373473066	0.0615996887258	0.0149202991633	-0.0428832675957	-0.03461037018	0.0145095712664	-0.00520565362374	0.0598340494021	-0.0304497805331	-0.0789941299806	-0.0450569113728	-0.0188991737209	0.06456142249	-0.000814912728158	-0.0318253501043	-0.0966112674643	0.0250290816364	-0.0069656310447	-0.00460325679476	-0.0164057630703	0.0382900385965	-0.0394816098908	0.040998005271	-0.0707764851945	-0.0451363983081
k__Bacteria;p__Firmicutes;c__Clostridia;o__Clostridiales;f__Ruminococcaceae;g__Faecalibacterium;s__Faecalibacterium_prausnitzii	-0.00963927237513	-0.0376632292864	-0.0251104091186	-0.0489501540436	-0.0125257426921	0.0175893995658	0.0448091399052	1.0	0.0984116458803	0.0120865183446	0.0195892167571	-0.00859439012381	0.0260638152351	0.0459008503254	0.0303517709278	0.107132870035	-0.0401340589194	0.0125824262099	0.00250823604903	0.0323891388892	0.00721431243197	0.0655097064149	-0.0695557378267	0.0115040270789	-0.0188809813436	-0.116610294624	-0.0052593045935	-0.017045441103	-0.0895527970161	0.00845957050257	0.000880055233699	0.0679335690712	-0.0271006640112	-0.00284690706817	-0.0510158187001	-0.0361469585949	-0.0358986054386	-0.0141320785719	-0.0111687931763	-0.0740638443718	-0.0427458406742	0.0330509903865	-0.0517303560402	0.0504242088521	0.0288554592018	-0.0223534358977	-0.0257656630702	0.0290231665271	0.00630809100711	0.0230441494159	-0.024640191265	-0.0627934552627	-0.0106881172737	-0.04011384619	0.0254023431873	0.0272008842033	-0.055616771589	-0.0600635426518	0.100221046246
k__Bacteria;p__Bacteroidetes;c__Bacteroidia;o__Bacteroidales;f__Rikenellaceae;g__Alistipes;s__Alistipes_finegoldii	-0.045957423335	0.0362762831105	-0.0247720018704	-0.0948644435089	-0.0436059062247	-0.0366379738898	-0.0399257733031	0.0984116458803	1.0	0.00263575635099	0.00014332458468	-0.0627701307779	-0.022740877834	-0.0463030000213	-0.0396110192297	-0.0051193811814	-0.0217133437406	0.00132402760682	-0.00279483320684	0.00100048640155	-0.0276084947455	0.0166026070996	0.0149885794773	0.0502236891113	-0.0406840271086	-0.00599256067642	-0.0170099219628	-0.0506132086715	-0.0853639829617	0.00112110298979	-0.0621964458051	0.0871020931425	0.0558200012107	0.0262552184189	0.0154070149517	0.0391208670204	-0.0822497630622	0.0063691267237	-0.0116138557097	-0.0498800213002	-0.0933089354507	-0.0102223334377	-0.0641035706308	0.00128032839229	-0.0632071329741	-0.00600573865555	0.0309892359248	-0.0717755452286	-0.0468652789556	-0.0353935996473	0.0146017574856	-0.00977876145926	-0.00191720575332	0.0225269789977	0.0279761076299	-0.0150994538141	-0.0612578465257	0.033800461525	-0.00574864711844
k__Bacteria;p__Bacteroidetes;c__Bacteroidia;o__Bacteroidales;f__Porphyromonadaceae;g__Parabacteroides;s__Parabacteroides_distasonis	-0.0148724334936	-0.00527009761184	-0.0427974474129	-0.00307804234139	0.0282555714293	-0.023892562444	-0.0144757897203	0.0120865183446	0.00263575635099	1.0	0.0346249179463	0.0150463923138	-0.00696075824513	0.000366038363605	0.0381306110275	-0.0183773984704	0.0324780366468	-0.0118215047305	-0.0812952069223	0.0327473275475	-0.00670107309216	-0.0395443893344	0.0382879885558	-0.0423928418156	-0.0541098398357	0.0548004026353	0.0023316868153	-0.00144853577961	-0.0113763070352	-0.0265053925446	-0.0180703661485	-0.0561960265095	0.0406131237879	-0.14779416915	-0.0314174678644	-0.0994733876738	-0.0468653602036	-0.0315889647345	0.0538934613082	-0.0373048736147	-0.0578281821327	-0.00363182094871	0.00762501371656	-0.0233917221527	0.0593331618832	0.00313514389907	-0.067057014736	-0.0174515075737	-0.0393170121251	-0.00682010070191	-0.00689238367577	-0.016200925489	0.0204272637828	-0.0130058583824	-0.0168511447087	0.00305149160974	-0.00874752442574	0.110754454301	0.0252976085862
k__Bacteria;p__Bacteroidetes;c__Bacteroidia;o__Bacteroidales;f__Bacteroidaceae;g__Bacteroides;s__Bacteroides_thetaiotaomicron	-0.0293277338953	-0.000981026948945	0.00789579812895	0.0246966058103	-0.0135286612505	0.0193366297134	0.0281361987294	0.0195892167571	0.00014332458468	0.0346249179463	1.0	-0.0776718221162	-0.0131573089405	-0.0189876256183	-0.060743220134	0.0100861522812	-0.0242496651639	-0.000995184702766	0.0151099147625	0.0211499699821	0.0162387958741	-0.0213190877754	-0.00157515846929	-0.0119231763839	0.0170135382523	0.0798845377673	-0.016649757533	0.00593617965483	0.0623132200013	-0.0290183766659	0.0267486870718	-0.0544101405504	-0.0231030503838	-0.00853061273411	-0.0410916109393	-0.0539117220056	-0.0192020510538	0.0145356618308	0.0728226471876	-0.000828171639322	0.0384401873195	0.00100011403018	-0.0221645781645	-0.0076115785663	-0.0639986889697	0.0327846717763	0.0289082019702	-0.0285773215434	-0.0375160931683	0.0495711252	0.0558379848861	0.0278300144196	-0.0471554511107	0.00533136645798	-0.0517598608682	-0.0395239238763	-0.0353198810606	-0.124998265321	0.0121598123581
k__Bacteria;p__Bacteroidetes;c__Bacteroidia;o__Bacteroidales;f__Bacteroidaceae;g__Bacteroides;s__Bacteroides_coprocola	-0.0128445919678	-0.114381109034	-0.0721819568669	-0.0381546084995	-0.0148312492069	-0.0986850872634	-0.0330759750246	-0.00859439012381	-0.0627701307779	0.0150463923138	-0.0776718221162	1.0	0.0739813437772	-0.0201324704272	-0.0283287109531	0.00999009215302	-0.0075459481754	0.00123088836734	0.0263657188031	0.0331287071754	0.0236060045651	0.024171243896	-0.0245309616465	0.0254654129103	0.0691756930461	-0.0895543102852	0.0028495476232	0.0214402416599	-0.0390297596251	-0.0473223904008	0.0577414582707	-0.00788637594597	0.023533474388	-0.00419009091889	-0.0201550963407	-0.113342578974	-0.0538435285427	-0.00109670224486	0.0249533612636	-0.00918469463393	-0.0552320602921	-0.0640806081004	-0.00756926177932	-0.00354836026473	0.0271345149553	-0.028445352125	0.00493171849055	0.0196124429254	-0.0459779416599	-0.0231938364192	0.0318054029134	0.0228166566555	0.00272866701835	-0.0300806744106	-0.0312215871242	0.00378109754131	-0.0202149538441	-0.00140352226889	-0.0289637827293
k__Bacteria;p__Bacteroidetes;c__Bacteroidia;o__Bacteroidales;f__Bacteroidaceae;g__Bacteroides;s__Bacteroides_cellulosilyticus	0.0229415388704	0.0316074693778	-0.0589415605167	-0.000934207151765	-0.0422091586164	0.0017575021865	0.000493901376392	0.0260638152351	-0.022740877834	-0.00696075824513	-0.0131573089405	0.0739813437772	1.0	-0.0963954591978	-0.0521737111767	-0.0371883328629	0.0282729874035	-0.0559880400103	0.00850670713772	-0.00835590518765	0.00914934636694	-0.0725480872577	-0.00332063091623	0.00870907658725	-0.00210287495518	-0.0358016073493	0.0254082508151	0.0101797589917	0.00500498690516	0.0412926698488	0.0325342715361	-0.115726516541	-0.0465775195211	-0.016308045794	-0.00385063539827	-0.0169652960765	0.0116633301271	-0.0454044308307	-0.00508456868681	-0.00625777260003	0.0499455848498	0.0440559868999	-0.0157734416815	0.0164090634919	-0.021036272246	0.000898245632707	-0.0126699398119	-0.0725006396964	0.029459289268	0.0187204422804	0.0807558490611	-0.0294193850729	0.0379313161692	0.0464896052117	-0.0269624814184	-0.021516006629	0.00148840233939	-0.0180712883568	0.00379969402229
k__Bacteria;p__Bacteroidetes;c__Bacteroidia;o__Bacteroidales;f__Rikenellaceae;g__Alistipes;s__Alistipes_obesi	-0.0973851222708	0.00245783847922	0.0469858526985	0.00139715543798	-0.0303798197167	-0.039281429259	0.0347692445788	0.0459008503254	-0.0463030000213	0.000366038363605	-0.0189876256183	-0.0201324704272	-0.0963954591978	1.0	0.0140763126283	-0.0200510818786	-0.00385602337424	-0.0447582964207	0.0102100101515	-0.103782617126	0.00279932419822	0.0349500412433	0.0166485024163	0.00533382841564	-0.0581438784603	-0.0936589014521	-0.0456655723921	0.0038662383153	-0.0205763845283	0.0572854028253	-0.0332512812572	-0.0227443840926	-0.008958493357	-0.0403960533287	-0.0194929849386	0.0221828883924	-0.0602480136603	0.0249690496167	-0.0313053056815	0.00471102769465	-0.0577212224724	-0.0461667258873	-0.0526982148254	-0.00275706060426	-0.0319978162831	-0.0196978259636	-0.028026926968	0.0281985231399	0.115421863519	0.00945010651982	-0.0341272783284	-0.0242360110794	0.0209926468651	-0.0366659999699	-0.0410040313745	-0.023632035942	0.0274435957012	-0.0185384497888	-0.0314654019389
k__Bacteria;p__Firmicutes;c__Clostridia;o__Clostridiales;f__Lachnospiraceae;g__;s__[Eubacterium]_rectale	-0.0086910171032	-0.0972533439319	-0.0720910374802	-0.0287958323323	0.0215451733906	-0.0507125652693	-0.0505460112125	0.0303517709278	-0.0396110192297	0.0381306110275	-0.060743220134	-0.0283287109531	-0.0521737111767	0.0140763126283	1.0	-0.0596699661263	-0.0201326833641	-0.0238278169593	0.0313626181775	-0.0992152153525	0.0302476535181	0.0233318091933	0.035712564026	-0.0221987336249	-0.0568311443819	-0.0668119818111	-0.0369296263832	-0.0172575492242	0.0394950936137	-0.076818350442	-0.0553651186207	-0.00496052433744	-0.08367318671	-0.0238058755467	-0.00331561042253	-0.0120178732167	0.0195489353369	0.0155492115663	0.0382313533212	0.0471503342466	0.000221057145616	0.0190903541134	0.0198601718692	0.0221334717435	-0.0858235272702	0.063838535614	0.001649580128	-0.0138595032726	0.000306514248701	-0.0139100614715	-0.0342911010188	-0.00738470272466	-0.000145872261395	0.00670741580236	0.0303479252256	0.0144848039262	-0.0313446614981	-0.0735752513721	0.0588746241521
k__Bacteria;p__Bacteroidetes;c__Bacteroidia;o__Bacteroidales;f__Bacteroidaceae;g__Bacteroides;s__Bacteroides_plebeius	-0.0151777236629	0.0335577769791	0.0150702803084	-0.00622256971075	-0.106412282908	0.0249118711707	0.00715913810608	0.107132870035	-0.0051193811814	-0.0183773984704	0.0100861522812	0.00999009215302	-0.0371883328629	-0.0200510818786	-0.0596699661263	1.0	-0.0229834366085	-0.000568398713522	-0.0147370992038	-0.0215777749371	-0.0323112334835	-0.0252094406597	-0.0106142430818	0.000369326676176	-0.0964597915798	0.0279219063188	-0.0153408148393	0.0341347171135	0.00892786423626	-0.0563717329693	-0.0641013446452	-0.0334259167367	0.0277436266643	-0.00223685497376	-0.0517283368795	0.0184950360665	-0.0116510163345	-0.055711379927	-0.00263233162587	-0.0306293660109	0.0416148594265	-0.00967874065189	-0.0891417459764	-0.00289315544153	-0.0325208112092	-0.0117537957133	-0.0419560425517	0.0732770057147	-0.031543260259	0.0513929768413	-0.0694687829164	-0.0375794191815	0.0447744228915	0.0180113660706	-0.0861290182685	-0.0364007382076	0.0234676576433	0.0391113187735	-0.0707534945801
k__Bacteria;p__Bacteroidetes;c__Bacteroidia;o__Bacteroidales;f__Bacteroidaceae;g__Bacteroides;s__Bacteroides_fragilis	-0.0943310743908	0.024728271783	0.0262509248855	0.0191530437119	0.0321945493248	-0.0197355173267	-0.0604292812742	-0.0401340589194	-0.0217133437406	0.0324780366468	-0.0242496651639	-0.0075459481754	0.0282729874035	-0.00385602337424	-0.0201326833641	-0.0229834366085	1.0	-0.0535472636644	-0.0384879010464	0.0143149665677	-0.024024561604	0.0253665058196	-0.0903998856479	-0.0889800987703	0.0390927036194	0.0354709741527	-0.0117984757485	-0.00778370447154	0.00722462638492	-0.136995227786	-0.0161144628408	0.00996476278215	0.0514114052976	-0.0132272213903	0.0416763176276	-0.0391552371048	0.0219460811386	0.0207356700804	-0.0252584361379	0.0377332958883	-0.0264314274718	0.0135274071452	-0.0191664256922	0.0164398369257	-0.0366004944885	-0.0192238746287	0.000128252124713	-0.0418294774095	-0.0678690747363	0.0039494321029	-0.00146687566116	-0.02239668175	-0.0549858596709	0.0531053533677	-0.00493122129469	0.0444952971343	0.0694625164791	0.0568684950764	-0.0612119791023
k__Bacteria;p__Proteobacteria;c__Betaproteobacteria;o__Burkholderiales;f__Sutterellaceae;g__Sutterella;s__Sutterella_wadsworthensis	-0.021983990931	0.0166333466475	-0.00577372585083	-0.0410041231484	0.0355807995147	0.0459114684125	0.00672730562873	0.0125824262099	0.00132402760682	-0.0118215047305	-0.000995184702766	0.00123088836734	-0.0559880400103	-0.0447582964207	-0.0238278169593	-0.000568398713522	-0.0535472636644	1.0	-0.0726621890642	-0.0174122135935	0.0380163228019	-0.079099605138	0.044007077879	0.0385124991848	-0.025702903962	-0.024389260105	0.0109314318062	-0.0519458718472	-0.113145945414	-0.00597997109979	-0.0555441887185	-0.0105742228364	-0.0122359677655	0.024060758404	-0.0555021041671	0.0377090057548	-0.0389214379273	-0.0423693871439	-0.0567680262431	-0.0460919047715	-0.0254160420662	0.0323504970306	-0.0335892967948	-0.0531683343708	0.0118353520014	-0.0669211150423	-0.0120052770324	-0.0414125487409	-0.000280828332942	0.0530715678142	0.0214247784876	0.0226581079367	0.034629879835	-0.0062071610877	0.0135895361303	0.0385835419541	-0.0431239392919	0.0106456526339	0.00403466666322
k__Bacteria;p__Bacteroidetes;c__Bacteroidia;o__Bacteroidales;f__Porphyromonadaceae;g__Barnesiella;s__Barnesiella_intestinihominis	-0.0269501653264	-0.0594605424631	0.00314593127288	0.037184818202	-0.0762993851814	-0.0219075089669	-0.0721796875689	0.00250823604903	-0.00279483320684	-0.0812952069223	0.0151099147625	0.0263657188031	0.00850670713772	0.0102100101515	0.0313626181775	-0.0147370992038	-0.0384879010464	-0.0726621890642	1.0	0.0298640385542	-0.00564969934807	-0.0105289621677	-0.0468814357571	-0.0686553454275	-0.0415687347339	-0.0560600492894	-0.0395710581519	0.00204636055025	0.0498949187281	-0.0473882161244	0.0505045160932	-0.0329254629407	0.00852138942301	-0.0316232865203	0.0281094013827	0.0191378771889	0.026363670424	0.0195655875936	-0.0279750150664	-0.0405649008002	0.00352849240443	-0.0154866543431	0.0928972478739	-0.00909385316626	0.0134834268565	0.0299343889562	-0.00923720945189	0.0363951175099	-0.044221186607	0.0409126769377	0.0208144162741	-0.0517991111657	-0.0921441862322	-0.0531690790046	0.00699010439045	0.0877375279714	-0.0497044984893	-0.0592176101947	0.0719097922278
k__Bacteria;p__Bacteroidetes;c__Bacteroidia;o__Bacteroidales;f__Odoribacteraceae;g__Odoribacter;s__Odoribacter_splanchnicus	0.0418773621089	-0.00880761180451	-0.00295112932175	0.0409837525252	-0.0186474228515	0.0436196672994	-0.00399121254461	0.0323891388892	0.00100048640155	0.0327473275475	0.0211499699821	0.0331287071754	-0.00835590518765	-0.103782617126	-0.0992152153525	-0.0215777749371	0.0143149665677	-0.0174122135935	0.0298640385542	1.0	-0.0736998380552	0.0153301064109	-0.00785634207514	-0.0121320328054	0.00241620116251	-0.00728037650072	-0.0629624501891	0.0114446711745	0.084632260597	0.0801992452749	-0.00780583440167	-0.00484195443038	-0.0505520139335	-0.0354524892151	-0.00453077437056	0.0987949279446	0.00479947927498	-0.0451556449272	-0.000555708702262	-0.0346746070159	-0.0175148384025	0.0106468124752	-0.0227739695439	0.0109958163891	0.0143429473025	0.0229748433891	0.0424780360075	-0.095364943047	-0.0520817658533	0.00623488267581	-0.0303711644341	-0.0411675040126	0.00520811541256	0.0321717854178	-0.00644408111209	0.00265425258467	-0.010972634875	0.0122561321768	0.0149309765779
k__Bacteria;p__Bacteroidetes;c__Bacteroidia;o__Bacteroidales;f__Bacteroidaceae;g__Bacteroides;s__Bacteroides_salyersiae	0.0179192764244	-0.00614548354019	0.003074272133	0.0356085728857	-0.0332521048451	0.0368142770517	-0.0155837327563	0.00721431243197	-0.0276084947455	-0.00670107309216	0.0162387958741	0.0236060045651	0.00914934636694	0.00279932419822	0.0302476535181	-0.0323112334835	-0.024024561604	0.0380163228019	-0.00564969934807	-0.0736998380552	1.0	-0.0508524654682	-0.0598623739686	-0.000271097969164	-0.00606603086337	-0.0115552731779	0.00343601731113	-0.0496176470005	-0.0604624680656	-0.00301638371925	-0.00468678119045	0.0280838856948	-0.00373482625047	-0.0153295558979	-0.119020280302	-0.0259096831582	-0.00977409163514	0.0420113910439	-0.020878523647	0.00706606363358	-0.0263225134569	0.0205967722236	-0.0142337647622	-0.0500905980054	0.0565316631833	-0.0399413417866	0.00588975553415	0.0210788106357	-0.000359660223702	-0.0312070959873	0.0404835937282	0.00505199307585	-0.0492886494949	0.00914336026356	-0.00669079044252	0.0483892217417	-0.0155563629257	0.0233513759879	-0.0106267697242
k__Bacteria;p__Firmicutes;c__Clostridia;o__Clostridiales;f__Ruminococcaceae;g__Ruminiclostridium;s__[Eubacterium]_siraeum	0.00128607947861	-0.0352696130622	0.0560428061158	2.80845406251e-05	-0.00668712268128	0.0205632189821	0.0468399181063	0.0655097064149	0.0166026070996	-0.0395443893344	-0.0213190877754	0.024171243896	-0.0725480872577	0.0349500412433	0.0233318091933	-0.0252094406597	0.0253665058196	-0.079099605138	-0.0105289621677	0.0153301064109	-0.0508524654682	1.0	-0.0939521508823	-0.0127757388746	0.0552709509206	-0.0720981601937	-0.0650824340269	0.00708776378048	-0.0553058789213	0.000433793370491	-0.00423195673092	-0.0598749446729	-0.0370351549835	-0.0233013669953	0.00262266051819	-0.0480236291999	-0.0286588018508	0.0104139699603	0.0694036610319	-0.0249804136883	-0.0392176755992	-0.0599937148115	0.00306616201366	-0.0222914721475	0.0274567724762	0.000975799969017	-0.0488196774769	0.00472374738215	-0.0341462503519	-0.0743865597561	-0.0569354546048	0.065075429762	-0.00132404983699	-0.00113468568689	0.0231676931059	-0.0257516480448	-0.0413466453401	-0.0563622331049	-0.016053523321
k__Bacteria;p__Proteobacteria;c__Betaproteobacteria;o__Burkholderiales;f__Sutterellaceae;g__Parasutterella;s__Parasutterella_excrementihominis	-0.0572611336792	0.0703162153916	-0.00828924543387	-0.0875480236851	0.00760221672026	0.0354795312395	-0.0207807860336	-0.0695557378267	0.0149885794773	0.0382879885558	-0.00157515846929	-0.0245309616465	-0.00332063091623	0.0166485024163	0.035712564026	-0.0106142430818	-0.0903998856479	0.044007077879	-0.0468814357571	-0.00785634207514	-0.0598623739686	-0.0939521508823	1.0	-0.0526199631588	-0.105070173233	0.00405163810984	-0.0691115748413	-0.0982411775976	-0.021993662629	0.0210001975609	-0.0146286355967	0.0956451665937	-0.0355382364412	0.00861093164539	-0.0703863527433	0.067169625228	-0.0301767156215	-0.056564437194	-0.0224311135894	-0.102286454531	0.000648435308562	-0.0492729885117	-0.0607017407278	0.0411883787341	0.037558582915	-0.0327533964264	0.0380025381737	0.0164909622218	-0.00869768506572	-0.117452580612	-0.0222004625874	0.0369790901459	0.0324683911835	0.0148439684913	-0.00699163599583	0.0250072432441	-0.0395987721882	-0.00676546189267	0.0537915067414
k__Bacteria;p__Actinobacteria;c__Actinobacteria;o__Bifidobacteriales;f__Bifidobacteriaceae;g__Bifidobacterium;s__Bifidobacterium_adolescentis	0.029054172098	-0.0206072294986	0.0606720885202	-0.0604268426368	-0.0601020144784	0.0261376176792	0.0193949802219	0.0115040270789	0.0502236891114	-0.0423928418156	-0.0119231763839	0.0254654129103	0.00870907658725	0.00533382841564	-0.0221987336249	0.000369326676176	-0.0889800987703	0.0385124991848	-0.0686553454275	-0.0121320328054	-0.000271097969164	-0.0127757388746	-0.0526199631588	1.0	-0.0256168901793	-0.00883273273727	-0.00132922317301	0.0134767751373	-0.0242617622121	-0.00767905001021	-0.0357725041069	-0.0116849856248	-0.0510227921048	-0.00293910196599	0.0263004563121	-0.0297817868563	-0.0480285136305	0.0826512012399	0.0320260487866	-0.0617045303239	-0.0154235784725	-0.0608070003961	-0.0281764120098	0.0101891998102	0.0402504439895	-0.0369897306848	0.0174974965405	-0.0505776297302	-0.0650471897114	-0.036670756204	-0.0714852102402	0.0546883024613	-0.00604574707698	-0.045835900636	0.0139071047572	0.0200991240117	-0.0196783432851	-0.00503936291851	-0.0479099953595
k__Bacteria;p__Firmicutes;c__Clostridia;o__Clostridiales;f__Oscillospiraceae;g__Oscillibacter;s__Oscillibacter_sp._KLE_1745	0.00751423395459	-0.0176155061328	0.0233406059775	-0.0187360310582	-0.00775132194461	-0.00538609191723	0.0139706903107	-0.0188809813436	-0.0406840271086	-0.0541098398357	0.0170135382523	0.0691756930461	-0.00210287495518	-0.0581438784603	-0.0568311443819	-0.0964597915798	0.0390927036194	-0.025702903962	-0.0415687347339	0.00241620116251	-0.00606603086337	0.0552709509206	-0.105070173233	-0.0256168901793	1.0	0.0191341096805	0.0121201229156	-0.0465073953176	0.0968684146976	-0.0715948562494	-0.0417365655698	-0.0441322626835	-0.0320825891035	0.062243214188	0.00205204019915	-0.0243857489172	-0.0668644827151	-0.0524636521497	-0.0275066014559	-0.0551537683382	-0.00505773482386	-0.0285462179754	0.0741030440309	-0.00875450129731	0.0291534851744	0.0539124320777	-0.0255124393929	-0.0725726267734	-0.0021627243761	0.0413479738199	-0.00518993046131	-0.020632337035	0.0319392812882	0.0580585754709	-0.0793625842366	0.0158566655945	0.00254290035857	-0.0845769420599	-0.0302704853185
k__Bacteria;p__Bacteroidetes;c__Bacteroidia;o__Bacteroidales;f__Bacteroidaceae;g__Bacteroides;s__Bacteroides_coprophilus	0.00377183335855	0.0181873458235	-0.0335181081023	-0.0410417900724	0.0308463128659	-0.0725128081638	-0.0468727133184	-0.116610294624	-0.00599256067642	0.0548004026353	0.0798845377673	-0.0895543102852	-0.0358016073493	-0.0936589014521	-0.0668119818111	0.0279219063188	0.0354709741527	-0.024389260105	-0.0560600492894	-0.00728037650072	-0.0115552731779	-0.0720981601937	0.00405163810984	-0.00883273273727	0.0191341096805	1.0	0.056427672786	0.0856990757749	-0.0134489453193	0.0348320669596	0.00355264370113	0.0133703086721	-0.0195348139444	0.0340884989053	-0.02591909187	-0.0341571624667	-0.0488523791613	-0.0142335714868	-0.0179957816027	-0.0326487455485	-0.0203069952093	-0.0390923688717	0.0370710493753	0.0692716813039	-0.0458268596329	-0.0106297879392	-0.0111771079007	0.00678404569365	0.0483190055145	0.0104258874667	0.0135882619194	-0.0433436353823	-0.0444832677373	-0.0724076763179	0.0310728023297	0.0192464957514	-0.0371281324598	-0.00106266791951	0.00737753926912
k__Bacteria;p__Firmicutes;c__Clostridia;o__Clostridiales;f__Lachnospiraceae;g__Roseburia;s__Roseburia_intestinalis	0.0354561760659	-0.0116142663789	0.025251245688	-0.00173250423016	-0.0425130045662	0.037401195323	-0.0341815019827	-0.0052593045935	-0.0170099219628	0.0023316868153	-0.016649757533	0.0028495476232	0.0254082508151	-0.0456655723921	-0.0369296263832	-0.0153408148393	-0.0117984757485	0.0109314318062	-0.0395710581519	-0.0629624501891	0.00343601731113	-0.0650824340269	-0.0691115748413	-0.00132922317301	0.0121201229156	0.056427672786	1.0	-0.0259793001129	-0.000155063067978	-0.00452754053626	-0.017946221746	-0.0179660265426	-0.0292306243764	0.0194633484251	0.057425560152	-0.0268085991172	0.0330744097287	-0.0457116824877	-0.000309388244879	0.00137165144932	0.0272250168411	0.0339228895764	-0.0122278909792	0.00408075380881	0.0148830336176	0.0319873145218	0.0147666019104	-0.0476527256072	0.0409584697465	-0.0121915778392	-0.0344397360073	0.0225646216107	-0.00242670464245	0.054410850909	-0.0376454890534	-0.00264125867455	-0.0201375618521	0.030138190968	0.00389001045083
k__Bacteria;p__Firmicutes;c__Clostridia;o__Clostridiales;f__Lachnospiraceae;g__Roseburia;s__Roseburia_hominis	0.0180962573056	0.00111555879136	0.0100230434455	-0.112628190322	-0.0392694179525	-0.0759653824994	0.0236036320078	-0.017045441103	-0.0506132086715	-0.00144853577961	0.00593617965483	0.0214402416599	0.0101797589917	0.0038662383153	-0.0172575492242	0.0341347171135	-0.00778370447154	-0.0519458718472	0.00204636055025	0.0114446711745	-0.0496176470005	0.00708776378048	-0.0982411775976	0.0134767751373	-0.0465073953176	0.0856990757749	-0.0259793001129	1.0	0.0752394721198	-0.0294955945743	-0.00160500580762	-0.0277977725135	-0.0153885522931	-0.00528488123395	0.00595092235662	0.0211538815601	0.0470036870275	0.014822620312	0.030323807467	-0.048699493994	-0.0216331250074	0.0522712289464	0.0249634029594	-0.046992617081	-0.109657183205	0.0134389794754	0.0195919931877	0.037757109306	-0.0478320237299	0.0759336667816	0.00953248227176	-0.00235564958848	-0.0058930078461	-0.0997010607133	0.0532837444854	-0.0499955991403	-0.025535198036	-0.0507283081331	-0.0360964343544
k__Bacteria;p__Bacteroidetes;c__Bacteroidia;o__Bacteroidales;f__Porphyromonadaceae;g__Parabacteroides;s__Parabacteroides_johnsonii	-0.0424153717576	0.0143424267907	-0.0146563030088	-0.0238225875414	-0.0620193278616	-0.0405681592074	-0.057868821771	-0.0895527970161	-0.0853639829617	-0.0113763070352	0.0623132200013	-0.0390297596251	0.00500498690516	-0.0205763845283	0.0394950936137	0.00892786423626	0.00722462638492	-0.113145945414	0.0498949187281	0.084632260597	-0.0604624680656	-0.0553058789213	-0.021993662629	-0.0242617622121	0.0968684146976	-0.0134489453193	-0.000155063067978	0.0752394721198	1.0	0.0191552831276	0.0413830382937	0.0288509924659	-0.00658558144167	-0.0170135006176	-0.0340560897266	-0.000787804529455	0.0382262881155	0.00462506085719	-0.0446082152106	-0.0821270190664	-0.0303114470079	0.0288524420736	-0.0798720006231	0.0639360576522	0.0480716426289	0.0333361566782	0.00315535771785	0.0314364742345	-0.0384322265857	-0.00348947251508	-0.0191154749365	0.00917051167959	0.0285835706888	-0.0206665654796	-0.032135679319	0.0625916019243	0.0375479381413	0.00765868830907	0.0144495097279
k__Bacteria;p__Actinobacteria;c__Actinobacteria;o__Bifidobacteriales;f__Bifidobacteriaceae;g__Bifidobacterium;s__Bifidobacterium_longum	-0.0335430505601	-0.0436659488531	0.0183237247019	-0.0406273506648	-0.00771002064741	-0.0155759943596	-0.0110299974027	0.00845957050257	0.00112110298979	-0.0265053925446	-0.0290183766659	-0.0473223904008	0.0412926698488	0.0572854028253	-0.076818350442	-0.0563717329693	-0.136995227786	-0.00597997109979	-0.0473882161244	0.0801992452749	-0.00301638371925	0.000433793370491	0.0210001975609	-0.00767905001021	-0.0715948562494	0.0348320669596	-0.00452754053626	-0.0294955945743	0.0191552831276	1.0	0.0628898216311	-0.0243468511513	-0.00741199221613	-0.0622237284406	-0.0675593834297	-0.0430661937202	-0.0419644324174	-0.0248264166144	0.0479329220569	-0.0250742692509	-0.0156803117489	-0.0407010788381	0.000129976125476	-0.0104275662971	-0.0775861047185	-0.00111208618486	-0.0864784923009	0.0428075495141	-0.0420641720255	-0.0850858783171	-0.07505367307	0.0259332008272	0.0199944955065	0.0285461940472	0.0451843529621	-0.040458539109	-0.0554604086874	0.0237744789348	0.00106906635807
