#taxonomy	k__Bacteria;p__Bacteroidetes;c__Bacteroidia;o__Bacteroidales;f__Bacteroidaceae;g__Bacteroides;s__Bacteroides_vulgatus	k__Bacteria;p__Bacteroidetes;c__Bacteroidia;o__Bacteroidales;f__Bacteroidaceae;g__Bacteroides;s__Bacteroides_uniformis	k__Bacteria;p__Bacteroidetes;c__Bacteroidia;o__Bacteroidales;f__Rikenellaceae;g__Alistipes;s__Alistipes_putredinis	k__Bacteria;p__Bacteroidetes;c__Bacteroidia;o__Bacteroidales;f__Prevotellaceae;g__Prevotella;s__Prevotella_copri	k__Bacteria;p__Bacteroidetes;c__Bacteroidia;o__Bacteroidales;f__Bacteroidaceae;g__Bacteroides;s__Bacteroides_stercoris	k__Bacteria;p__Bacteroidetes;c__Bacteroidia;o__Bacteroidales;f__Bacteroidaceae;g__Bacteroides;s__Bacteroides_ovatus	k__Bacteria;p__Bacteroidetes;c__Bacteroidia;o__Bacteroidales;f__Rikenellaceae;g__Alistipes;s__Alistipes_shahii	k__Bacteria;p__Firmicutes;c__Clostridia;o__Clostridiales;f__Ruminococcaceae;g__Faecalibacterium;s__Faecalibacterium_prausnitzii	k__Bacteria;p__Bacteroidetes;c__Bacteroidia;o__Bacteroidales;f__Rikenellaceae;g__Alistipes;s__Alistipes_finegoldii	k__Bacteria;p__Bacteroidetes;c__Bacteroidia;o__Bacteroidales;f__Porphyromonadaceae;g__Parabacteroides;s__Parabacteroides_distasonis	k__Bacteria;p__Bacteroidetes;c__Bacteroidia;o__Bacteroidales;f__Bacteroidaceae;g__Bacteroides;s__Bacteroides_thetaiotaomicron	k__Bacteria;p__Bacteroidetes;c__Bacteroidia;o__Bacteroidales;f__Bacteroidaceae;g__Bacteroides;s__Bacteroides_coprocola	k__Bacteria;p__Bacteroidetes;c__Bacteroidia;o__Bacteroidales;f__Bacteroidaceae;g__Bacteroides;s__Bacteroides_cellulosilyticus	k__Bacteria;p__Bacteroidetes;c__Bacteroidia;o__Bacteroidales;f__Rikenellaceae;g__Alistipes;s__Alistipes_obesi	k__Bacteria;p__Firmicutes;c__Clostridia;o__Clostridiales;f__Lachnospiraceae;g__;s__[Eubacterium]_rectale	k__Bacteria;p__Bacteroidetes;c__Bacteroidia;o__Bacteroidales;f__Bacteroidaceae;g__Bacteroides;s__Bacteroides_plebeius	k__Bacteria;p__Bacteroidetes;c__Bacteroidia;o__Bacteroidales;f__Bacteroidaceae;g__Bacteroides;s__Bacteroides_fragilis	k__Bacteria;p__Proteobacteria;c__Betaproteobacteria;o__Burkholderiales;f__Sutterellaceae;g__Sutterella;s__Sutterella_wadsworthensis	k__Bacteria;p__Bacteroidetes;c__Bacteroidia;o__Bacteroidales;f__Porphyromonadaceae;g__Barnesiella;s__Barnesiella_intestinihominis	k__Bacteria;p__Bacteroidetes;c__Bacteroidia;o__Bacteroidales;f__Odoribacteraceae;g__Odoribacter;s__Odoribacter_splanchnicus	k__Bacteria;p__Bacteroidetes;c__Bacteroidia;o__Bacteroidales;f__Bacteroidaceae;g__Bacteroides;s__Bacteroides_salyersiae	k__Bacteria;p__Firmicutes;c__Clostridia;o__Clostridiales;f__Ruminococcaceae;g__Ruminiclostridium;s__[Eubacterium]_siraeum	k__Bacteria;p__Proteobacteria;c__Betaproteobacteria;o__Burkholderiales;f__Sutterellaceae;g__Parasutterella;s__Parasutterella_excrementihominis	k__Bacteria;p__Actinobacteria;c__Actinobacteria;o__Bifidobacteriales;f__Bifidobacteriaceae;g__Bifidobacterium;s__Bifidobacterium_adolescentis	k__Bacteria;p__Firmicutes;c__Clostridia;o__Clostridiales;f__Oscillospiraceae;g__Oscillibacter;s__Oscillibacter_sp._KLE_1745	k__Bacteria;p__Bacteroidetes;c__Bacteroidia;o__Bacteroidales;f__Bacteroidaceae;g__Bacteroides;s__Bacteroides_coprophilus	k__Bacteria;p__Firmicutes;c__Clostridia;o__Clostridiales;f__Lachnospiraceae;g__Roseburia;s__Roseburia_intestinalis	k__Bacteria;p__Firmicutes;c__Clostridia;o__Clostridiales;f__Lachnospiraceae;g__Roseburia;s__Roseburia_hominis	k__Bacteria;p__Bacteroidetes;c__Bacteroidia;o__Bacteroidales;f__Porphyromonadaceae;g__Parabacteroides;s__Parabacteroides_johnsonii	k__Bacteria;p__Actinobacteria;c__Actinobacteria;o__Bifidobacteriales;f__Bifidobacteriaceae;g__Bifidobacterium;s__Bifidobacterium_longum	k__Bacteria;p__Firmicutes;c__Clostridia;o__Clostridiales;f__;g__Flavonifractor;s__Flavonifractor_plautii	k__Bacteria;p__Firmicutes;c__Clostridia;o__Clostridiales;f__Clostridiaceae;g__Clostridium;s__Clostridium_phoceensis	k__Bacteria;p__Verrucomicrobia;c__Verrucomicrobiae;o__Verrucomicrobiales;f__Akkermansiaceae;g__Akkermansia;s__Akkermansia_muciniphila	k__Bacteria;p__Bacteroidetes;c__Bacteroidia;o__Bacteroidales;f__Prevotellaceae;g__Paraprevotella;s__Paraprevotella_xylaniphila	k__Bacteria;p__Firmicutes;c__Clostridia;o__Clostridiales;f__Ruminococcaceae;g__Ruminococcus;s__Ruminococcus_callidus	k__Bacteria;p__Bacteroidetes;c__Bacteroidia;o__Bacteroidales;f__Rikenellaceae;g__Alistipes;s__Alistipes_senegalensis	k__Bacteria;p__Firmicutes;c__Clostridia;o__Clostridiales;f__Lachnospiraceae;g__Blautia;s__Blautia_sp._KLE_1732	k__Bacteria;p__Bacteroidetes;c__Bacteroidia;o__Bacteroidales;f__Bacteroidaceae;g__Bacteroides;s__Bacteroides_oleiciplenus	k__Bacteria;p__Firmicutes;c__Clostridia;o__Clostridiales;f__Ruminococcaceae;g__Ruminococcus;s__Ruminococcus_bicirculans	k__Bacteria;p__Bacteroidetes;c__Bacteroidia;o__Bacteroidales;f__Bacteroidaceae;g__Bacteroides;s__Bacteroides_fluxus	k__Bacteria;p__Bacteroidetes;c__Bacteroidia;o__Bacteroidales;f__Prevotellaceae;g__Prevotella;s__Prevotella_stercorea	k__Bacteria;p__Firmicutes;c__Clostridia;o__Clostridiales;f__Lachnospiraceae;g__Dorea;s__Dorea_longicatena	k__Bacteria;p__Firmicutes;c__Clostridia;o__Clostridiales;f__Eubacteriaceae;g__Eubacterium;s__[Eubacterium]_eligens	k__Bacteria;p__Firmicutes;c__Clostridia;o__Clostridiales;f__Ruminococcaceae;g__;s__Ruminococcaceae_bacterium_D16	k__Bacteria;p__Firmicutes;c__Clostridia;o__Clostridiales;f__Lachnospiraceae;g__Coprococcus;s__Coprococcus_comes	k__Bacteria;p__Proteobacteria;c__Gammaproteobacteria;o__Enterobacterales;f__Enterobacteriaceae;g__Escherichia;s__Escherichia_coli	k__Bacteria;p__Firmicutes;c__Clostridia;o__Clostridiales;f__Ruminococcaceae;g__Anaerotruncus;s__Anaerotruncus_colihominis	k__Bacteria;p__Firmicutes;c__Clostridia;o__Clostridiales;f__Lachnospiraceae;g__Blautia;s__Blautia_obeum	k__Bacteria;p__Bacteroidetes;c__Bacteroidia;o__Bacteroidales;f__Odoribacteraceae;g__Odoribacter;s__Odoribacter_laneus	k__Bacteria;p__Firmicutes;c__Clostridia;o__Clostridiales;f__Ruminococcaceae;g__Ruminiclostridium;s__[Clostridium]_leptum	k__Bacteria;p__Bacteroidetes;c__Bacteroidia;o__Bacteroidales;f__Porphyromonadaceae;g__Parabacteroides;s__Parabacteroides_goldsteinii	k__Bacteria;p__Firmicutes;c__Clostridia;o__Clostridiales;f__Lachnospiraceae;g__Anaerostipes;s__Anaerostipes_hadrus	k__Bacteria;p__Firmicutes;c__Clostridia;o__Clostridiales;f__Ruminococcaceae;g__Ruminococcus;s__Ruminococcus_lactaris	k__Bacteria;p__Firmicutes;c__Clostridia;o__Clostridiales;f__Clostridiaceae;g__Clostridium;s__Clostridium_sp._L2-50	k__Bacteria;p__Firmicutes;c__Clostridia;o__Clostridiales;f__Clostridiaceae;g__Clostridium;s__Clostridium_sp._M62/1	k__Bacteria;p__Firmicutes;c__Clostridia;o__Clostridiales;f__;g__Intestinimonas;s__Intestinimonas_butyriciproducens	k__Bacteria;p__Actinobacteria;c__Actinobacteria;o__Bifidobacteriales;f__Bifidobacteriaceae;g__Bifidobacterium;s__Bifidobacterium_bifidum	k__Bacteria;p__Firmicutes;c__Negativicutes;o__Veillonellales;f__Veillonellaceae;g__Dialister;s__Dialister_invisus	k__Bacteria;p__Bacteroidetes;c__Bacteroidia;o__Bacteroidales;f__Bacteroidaceae;g__Bacteroides;s__Bacteroides_salanitronis
k__Bacteria;p__Bacteroidetes;c__Bacteroidia;o__Bacteroidales;f__Bacteroidaceae;g__Bacteroides;s__Bacteroides_vulgatus	1.0	-0.00133524806976	0.00977749169178	0.0258618649685	0.0417644491354	0.0140048851047	0.0239332723949	-0.086221542092	-0.00171731065609	0.0194054239847	0.0768309579661	0.00755745793071	-0.0359083851885	0.000524529799462	-0.0354334571419	-0.0850009653739	-0.0369965276478	-0.0319531225732	0.0482887185779	-0.0062754231144	0.0486921090417	-0.0333684700463	-0.0218219597948	0.00571244264186	-0.0224113258564	-0.0390790437188	0.056603459763	0.0118268024736	-0.00377627562919	0.00106710053081	-0.0482146514144	-0.00742784010006	0.0195714436806	0.00437409532053	-0.00820410468784	0.0255556843815	-0.0157638353102	-0.0744099985093	-0.0439540580524	-0.0266718089943	0.00951494757629	-0.0374420914873	-0.0371373710256	-0.0141190843278	-0.00636895939188	-0.0238306718427	2.14797028626e-06	-0.0262561081059	0.0100606584888	-0.0101390250496	0.0092616527173	0.016496626211	-0.0452777873629	0.0260990706888	-0.0426878918447	-0.0613793597235	-0.0722196808369	-0.00746773111721	0.0622297292759
k__Bacteria;p__Bacteroidetes;c__Bacteroidia;o__Bacteroidales;f__Bacteroidaceae;g__Bacteroides;s__Bacteroides_uniformis	-0.00133524806976	1.0	-0.0242760530694	-0.0524548622596	-0.0658283811206	-0.00524451168904	0.0375632245302	-0.027128440498	-0.1154254549	-0.0196410746202	-0.0278011695823	-0.0506638724941	-0.0393707072448	-0.01597906434	-0.0428072387513	-0.0660696449679	-0.0292690331756	0.00652744136633	-0.0176537085418	-0.0343129782314	-0.0302030587762	0.0417090218956	0.005508608332	-0.0122529967435	0.0451175534897	0.0587745107654	0.0238182558949	-0.0320555537177	-0.0404503321361	-0.0262971795132	-0.0225283408211	-0.0264076633217	-0.00781287295948	-0.0417617324157	-0.0981903169372	-0.0026764004362	-0.0033101727	0.0251618529942	0.00701057490913	0.0459842802515	-0.0123096172759	-0.0788569743284	0.00984506613531	-0.0227545383908	0.0047304895813	0.0247559702243	-0.0134748921529	0.0230908489048	0.0407766034472	-0.00598634970778	0.0416959509735	0.0241848838709	-0.021831209109	-0.0228443746733	0.0269033792977	-0.0509568555674	-0.0403024895323	0.0165813104182	-0.0360655453566
k__Bacteria;p__Bacteroidetes;c__Bacteroidia;o__Bacteroidales;f__Rikenellaceae;g__Alistipes;s__Alistipes_putredinis	0.00977749169178	-0.0242760530694	1.0	-0.16548263684	0.0251637999129	-0.00133696559241	-0.00829790592713	-0.0194129358184	-0.0151452555917	-0.0108259252304	-0.0571264816432	-0.0330178449135	0.0394039525671	-0.0489004273494	-0.0263471055847	-0.0266009402052	0.0237967150938	0.00330500882894	-0.064736516964	0.0542365497615	0.0278858811804	0.0461638408688	-0.0299542714639	-0.0484539048639	-0.0171819410166	-0.107138702773	-0.0381257490794	-0.0265557100979	-0.0286434239865	0.0691258307243	-0.0107971185901	-0.00933978244324	0.00332438319665	0.0293044522393	-0.00996156744791	-0.00600576252964	0.0230263017745	-0.0633732205735	0.00962523646736	0.0578853934663	0.00680683294656	-0.0625093100814	-0.0265252006893	0.0113010958253	0.00108027038339	-0.0306620897537	-0.00480823836364	0.0727161125181	0.00676219144178	-0.0206382418788	-0.0059353291745	0.0310391190159	0.0139184979525	-0.0692191974741	-0.0101130826803	0.00981658075717	0.0103797785776	0.0166809417171	-0.0168002703701
k__Bacteria;p__Bacteroidetes;c__Bacteroidia;o__Bacteroidales;f__Prevotellaceae;g__Prevotella;s__Prevotella_copri	0.0258618649685	-0.0524548622596	-0.16548263684	1.0	-0.0570085725342	-0.00280581090761	-0.00620645216639	-0.0234751520237	-0.0402788715086	-0.00769607103106	0.0674296416296	-0.0139768033647	0.0221543818594	-0.0315832004271	-0.0748151292274	-0.0774396305026	0.0542640827548	0.00599147452312	0.0146785056126	-0.0755834382397	0.0292748547419	0.00374264226883	-0.0179514292859	0.0583617672402	0.0186034093323	-0.00242318382688	0.019130898701	0.0491615788177	-0.020290178264	-0.0739089846456	-0.00400234811826	-0.015993048289	-0.0322836635333	0.0748497406766	-0.0171649728297	-0.00743572195751	-0.0113602140435	-0.0225425007783	-0.0404536499187	-0.0664192643147	-0.0756873531249	-0.0220801610133	-0.0129393562631	0.0698325698193	0.0321478203367	0.00448706169908	-0.0457377754542	-0.0295794470882	-0.0330168722486	0.0641197017033	-0.0115420747564	-0.073071037013	-0.0158229632458	0.0392538211012	0.01690281558	-0.0515228734591	-0.00934468238347	-0.0698019694338	0.0201869667879
k__Bacteria;p__Bacteroidetes;c__Bacteroidia;o__Bacteroidales;f__Bacteroidaceae;g__Bacteroides;s__Bacteroides_stercoris	0.0417644491354	-0.0658283811206	0.0251637999129	-0.0570085725342	1.0	0.0108092090688	-0.0125967644046	-0.0301179110142	-0.0581773915821	-0.0179271052434	0.0541152528277	-0.0186901375377	-0.0387561843206	-0.0150149348189	0.0419331034881	-0.0419452760176	0.0632368724678	0.00118442139012	-0.0365254789509	-0.0144445148504	0.0207832601885	-0.0505762137292	-0.0421666155933	0.0269135651369	-0.0354283487195	0.047702144188	-0.0480157841536	0.0129641156914	-0.0631524467438	-0.0210380417161	0.020567268331	0.0131693369679	-0.0477542428944	-0.00678394947574	0.0222479151809	-0.027167784727	-0.0610701792425	-0.0443170574603	-0.0196469433157	0.000946396924435	0.00157197820334	-0.0567178725689	-0.0448688240944	0.00857885500742	-0.0510962115762	-0.0267184952	0.0406749074288	-0.0050303425634	-0.0464413122776	0.0519542796986	0.0353794081391	-0.00359136155178	-0.0111926143599	0.0308600789326	0.0171629237437	0.0349898750499	0.00259542692619	-0.046229140335	-0.0732558918867
k__Bacteria;p__Bacteroidetes;c__Bacteroidia;o__Bacteroidales;f__Bacteroidaceae;g__Bacteroides;s__Bacteroides_ovatus	0.0140048851047	-0.00524451168904	-0.00133696559241	-0.00280581090761	0.0108092090688	1.0	0.0526035969473	-0.0682678486119	-0.00783829701888	0.0341931353287	0.0472980559578	-0.052405645668	-0.0327319305589	0.0491453567367	0.0252166887847	0.0163623813588	0.0181951305097	-0.0429304642765	-0.0240965295132	-0.0559460268864	-0.00837642440035	-0.033138647496	0.00136037250798	-0.0260152817519	-0.0516082945005	-0.0165776067827	-0.0127598016376	0.087766192498	-0.0581773328434	-0.0043416616361	-0.0429924530799	0.0372271842291	0.00990914642833	-0.100121205097	-0.0722703201643	-0.043852909209	-0.00484208014841	-0.0089329578107	0.0385860836333	-0.0166123875798	-0.0184528401972	-0.034031261604	0.0486406911234	0.0492687437976	0.0127762033442	-0.0373113793929	-0.0433516713086	-0.0884834417278	-0.0417916966329	-0.010783285529	-0.0690111040673	-0.046233881425	-0.0470857155731	-0.0415151070286	-0.0893508305295	0.0344917856319	0.0482176660388	-0.0839420476769	0.0631807949819
k__Bacteria;p__Bacteroidetes;c__Bacteroidia;o__Bacteroidales;f__Rikenellaceae;g__Alistipes;s__Alistipes_shahii	0.0239332723949	0.0375632245302	-0.00829790592713	-0.00620645216639	-0.0125967644046	0.0526035969473	1.0	0.0132343736326	0.0441734824425	-0.00499835078055	0.00802988005456	0.0275743413768	-0.0202692142425	-0.0760555327039	-0.0388811069271	-0.0367691014075	-0.0376488271382	0.0324204905316	-0.0430421214423	-0.0457357119332	0.0281475274584	-0.0460119060553	0.0363856913302	0.0123792615684	-0.0325430823474	-0.00992897090714	0.0547773076139	0.0373015635253	-0.0313021579492	-0.0717958266719	-0.0386565931293	0.0174353964168	-0.0361004296789	-0.00912024513661	0.00612042768076	-0.00584599596316	-0.0020711005916	0.0367159546496	0.00936802676493	-0.0145819303375	-0.0497963661456	0.00439522039015	0.0459727712594	-0.0473586926168	-0.0163397188531	0.0336376238856	-0.0301882823301	-0.0453514471184	-0.00484883632134	0.0524727538616	-0.00181231809956	-0.0287322800212	0.000699186309703	0.00835946720854	-0.107524928989	-0.0163344298676	0.0266736002138	0.0181804704938	0.0345534551525
k__Bacteria;p__Firmicutes;c__Clostridia;o__Clostridiales;f__Ruminococcaceae;g__Faecalibacterium;s__Faecalibacterium_prausnitzii	-0.086221542092	-0.027128440498	-0.0194129358184	-0.0234751520237	-0.0301179110142	-0.0682678486119	0.0132343736326	1.0	-0.0845297497222	0.037744916666	-0.0353907236947	0.059109358989	0.0439545306216	-0.0573076222658	-0.0345049045231	-0.00974040737518	-0.0239443817957	0.00427055287321	0.0040229015502	0.0632632311374	-0.0903496419901	0.0217812215568	-0.012231604684	-0.0277781976469	-0.000880187464346	-0.0393873607053	-0.0275713105239	-0.0171262403172	0.00760012789331	0.0302930142651	-0.0266451474925	-0.0346968804778	-0.0320733265316	-0.0466659214652	0.0337530760241	-0.0476542479506	-0.0287633969741	0.0945265384553	-0.0405651515752	-0.000770283828287	-0.0549453443343	-0.0219454875968	-0.0234588630453	0.0327080686248	0.0538011426518	-0.0175300379201	-0.00516638360554	-0.0375250156583	0.0153658546922	0.0147398589351	0.0408795152341	-0.0860835144873	-0.0176197263665	0.0687999404559	0.0216413217283	-0.0158629981761	2.39861694224e-05	-0.0217941694227	0.01057684698
k__Bacteria;p__Bacteroidetes;c__Bacteroidia;o__Bacteroidales;f__Rikenellaceae;g__Alistipes;s__Alistipes_finegoldii	-0.00171731065609	-0.1154254549	-0.0151452555917	-0.0402788715086	-0.0581773915821	-0.00783829701888	0.0441734824425	-0.0845297497222	1.0	-0.0142941254521	-0.0712996304881	-0.0101827158495	0.00304079997647	-0.00339002530239	0.0510988997952	-0.0597602793326	-0.0372639208295	0.0822143484575	-0.0942613311092	-0.0721515228678	-0.0264453413985	-0.0735800808824	-0.0179796432865	0.00625679589072	-0.0126809645666	0.00577761776615	-0.00743807010502	0.0320303889272	-0.0123943967664	-0.00585882375395	-0.0364299853087	0.00182577073241	0.0964285478728	0.0231004121603	0.0170205907907	-0.0214679131848	-0.0761333660314	-0.0457165901107	0.0137131003848	-0.0381848048566	-0.0413618128144	-0.0725903098419	0.113274744826	-0.0501096506293	-0.00379176434261	0.00432581079484	-0.0142437824114	-0.0255279469709	-0.0288977865253	0.0270233797997	-0.0759712302775	0.018892276859	-0.067476281727	0.031509461495	-0.0478609241552	0.0774851670227	-0.0078240307635	0.0482010967271	0.00772171182539
k__Bacteria;p__Bacteroidetes;c__Bacteroidia;o__Bacteroidales;f__Porphyromonadaceae;g__Parabacteroides;s__Parabacteroides_distasonis	0.0194054239847	-0.0196410746202	-0.0108259252304	-0.00769607103106	-0.0179271052434	0.0341931353287	-0.00499835078055	0.037744916666	-0.0142941254521	1.0	0.0185676143517	-0.113008244262	-0.0262113998813	-0.0240691395938	0.00680716191142	0.00185760619454	-0.057594571948	0.0775926545403	0.0357398335594	-0.00528053194451	0.0199147125312	-0.00247052429114	-0.0387180625264	0.0325977142938	-0.031353326967	-0.0111176634474	-0.0212096397612	-0.0134869371818	-0.0256161535368	0.044682958808	-0.0257735114066	-0.0290921344865	0.0196846434724	-0.0280720616094	-0.0636651175457	-0.0570159657588	-0.0566864595213	0.0532434627262	-0.0120271272651	-0.00527040945661	-0.00126003624725	-0.0487311711089	0.033778758581	-0.0290334558734	-0.125692432331	-0.02163663549	0.03214825195	-0.0224220322829	0.0342826994047	-0.0293818496996	-0.0842318627404	-0.0109390442584	-0.0466026400368	0.00899907789306	-0.0341684880637	-0.0481268258122	-0.0183794274654	0.0148584011239	0.0108213206386
k__Bacteria;p__Bacteroidetes;c__Bacteroidia;o__Bacteroidales;f__Bacteroidaceae;g__Bacteroides;s__Bacteroides_thetaiotaomicron	0.0768309579661	-0.0278011695823	-0.0571264816432	0.0674296416296	0.0541152528277	0.0472980559578	0.00802988005456	-0.0353907236947	-0.0712996304881	0.0185676143517	1.0	-0.0161506295394	0.00905805554103	-0.0345561149663	-0.0640483445974	-0.0830267500131	-0.0436942896606	-0.00418568346303	-0.00106796283074	0.0299071184895	0.014439325862	-0.101938520354	-0.0114626834736	-0.0121920807124	-0.0307769329904	0.0624720672658	-0.0457296638143	0.0280930792268	0.0421672604008	-0.0372801552042	-0.000713692959541	-0.0188469902608	-0.0233708047955	-0.0301370787824	0.0163603575469	-0.0741639339864	0.0157839645137	0.0205766507601	-0.0101773326037	-0.0823748374827	0.0691902205331	-0.018655551093	-0.052901250738	-0.0350183661617	0.0527700540903	-0.0324471554525	0.0332388417688	-0.00755224723367	0.0327951041808	-0.0630485161623	-0.00140693748377	0.0228956919051	0.0246885046007	-0.00603107890342	-0.0162945229067	-0.049796050615	-0.0210281656815	-0.0587633996793	0.0698877251673
k__Bacteria;p__Bacteroidetes;c__Bacteroidia;o__Bacteroidales;f__Bacteroidaceae;g__Bacteroides;s__Bacteroides_coprocola	0.00755745793071	-0.0506638724941	-0.0330178449135	-0.0139768033647	-0.0186901375377	-0.052405645668	0.0275743413768	0.059109358989	-0.0101827158495	-0.113008244262	-0.0161506295394	1.0	0.0433027871705	-0.0412201747053	0.0338640641346	-0.023114474273	0.075538223749	0.00651578050644	0.00201373112027	0.0438007211073	-0.0289722712873	-0.0593065264309	-0.00933432715929	0.0120506479942	0.0385147894321	-0.0615019957094	0.0876614789589	-0.00343011623262	-0.0915116704255	-0.00569305109178	-0.0343138247379	0.0101607460884	-0.0702322260533	-0.0388311418319	-0.00788274143517	-0.0112391543287	-0.0746105541516	0.000363642993645	0.0291160843807	0.00427395898586	0.0111261964943	0.0344956548218	-0.0289085821469	-0.0504430875884	0.0260888417913	-0.00152433024137	-0.0630124531132	-0.0148044104722	0.0369332647501	0.0424213785808	-0.07127582134	0.0413027543838	0.054398742929	0.0308080885448	0.056667766233	-0.0775009817307	0.00354936064455	-0.0271846831808	-0.0266387782474
k__Bacteria;p__Bacteroidetes;c__Bacteroidia;o__Bacteroidales;f__Bacteroidaceae;g__Bacteroides;s__Bacteroides_cellulosilyticus	-0.0359083851885	-0.0393707072448	0.0394039525671	0.0221543818594	-0.0387561843206	-0.0327319305589	-0.0202692142425	0.0439545306216	0.00304079997647	-0.0262113998813	0.00905805554103	0.0433027871705	1.0	-0.0415464334748	-0.0267338105083	-0.017889522862	-0.0495411210394	0.00504194752545	0.0691823812642	-0.0486464992097	0.00935147940233	-0.0115635200069	0.039499328475	0.0169000088717	0.00980932843998	0.00754971066227	0.033479302528	-0.0625086954944	0.0244107160017	-0.0503647081245	0.000359348968431	-0.0644894671682	-0.00955942238148	0.0144171240069	-0.0482927681504	-0.0529015943648	0.0320836290575	-0.0369566363407	-0.0368036523155	-0.000610418239955	0.0360366828649	-0.0187052840609	-0.0433821869476	-0.0302222197964	-0.0582412210161	0.0187028454542	-0.0600992200971	0.0518832419021	-0.0207722244358	0.0128332852959	-0.0214683417728	0.022101651582	-0.0396258138979	-0.0257406003449	-0.00462954785847	-0.0166218431371	0.0572651120488	-0.0592582052493	-0.0420124191363
k__Bacteria;p__Bacteroidetes;c__Bacteroidia;o__Bacteroidales;f__Rikenellaceae;g__Alistipes;s__Alistipes_obesi	0.000524529799462	-0.01597906434	-0.0489004273494	-0.0315832004271	-0.0150149348189	0.0491453567367	-0.0760555327039	-0.0573076222658	-0.00339002530239	-0.0240691395938	-0.0345561149663	-0.0412201747053	-0.0415464334748	1.0	-0.0362496348203	-0.00338697254068	-0.0685812987709	0.014109856005	-0.00228026286637	0.100528303962	0.00302597095956	-0.0687972491126	-0.0712098649685	0.02746763092	0.0230682999444	-0.0115108297765	-0.0502180744907	0.0660620536401	0.041098000404	-0.0139175266586	0.00722559972624	-0.0107315224514	0.00951541024207	-0.00366532998081	0.0092801544842	-0.0400057991478	-0.0433126465691	0.00828077958208	0.0514328370033	-0.00562629373901	0.00254777160628	0.0396495279492	-0.0475601975064	0.0144681364468	-0.00449657439783	-0.0148624397842	0.00387056729079	-0.0106239585926	-0.0542648771166	-0.0295742877457	0.0552664477421	0.0304437402162	0.0467368551894	-0.0391307652688	-0.0454583846699	-0.0249000841876	0.026763064889	-0.0428465913277	-0.0110936914893
k__Bacteria;p__Firmicutes;c__Clostridia;o__Clostridiales;f__Lachnospiraceae;g__;s__[Eubacterium]_rectale	-0.0354334571419	-0.0428072387513	-0.0263471055847	-0.0748151292274	0.0419331034881	0.0252166887847	-0.0388811069271	-0.0345049045231	0.0510988997952	0.00680716191142	-0.0640483445974	0.0338640641346	-0.0267338105083	-0.0362496348203	1.0	0.0736269625641	-0.00618145906619	0.0330953683589	-0.0017882126687	0.000926589898468	-0.0572338526404	0.0499240843791	-0.0384875227649	-0.0304633789337	0.028568344077	-0.030574802789	0.0819437247664	0.0243531022283	-0.0675638372031	0.0101123299974	0.0471152483725	0.0680319185329	0.00164186514547	-0.0716606512919	-0.0140565711386	0.058227006897	-0.098272138843	-0.0494735660231	-0.0595254692753	-0.000990637241104	0.0096076448424	-0.0152927117345	-0.0820716471198	-0.0205016230621	-0.0561507392014	-0.0291397370214	-0.0166085973072	-0.0258323112498	0.00729679246283	-0.0290134562531	-0.00151882149698	0.0288085153092	-0.0329126162293	-0.0183995006981	0.0238361579354	-0.010852984927	0.0133999005007	0.0638817179927	-0.0100517310164
k__Bacteria;p__Bacteroidetes;c__Bacteroidia;o__Bacteroidales;f__Bacteroidaceae;g__Bacteroides;s__Bacteroides_plebeius	-0.0850009653739	-0.0660696449679	-0.0266009402052	-0.0774396305026	-0.0419452760176	0.0163623813588	-0.0367691014075	-0.00974040737518	-0.0597602793326	0.00185760619454	-0.0830267500131	-0.023114474273	-0.017889522862	-0.00338697254068	0.0736269625641	1.0	-0.0464353212962	-0.03301928784	-0.0182419652697	0.0246102298882	0.0434315592318	0.0583984456204	-0.0136430374071	0.0196585884367	0.0561197001543	-0.0349234198501	-0.00958161475565	-0.0249364573216	-0.0372971976712	0.0236824539086	-0.046931736989	-0.0125317104517	-0.0491279481682	0.00883885865759	0.00744572367806	-0.0380336080766	0.0662709092359	0.0202338153407	0.0270868681721	0.00881289690301	-0.0185581387109	-0.03034328445	0.0346667987854	0.0676629529612	-0.0601360320036	-0.0184908649932	0.00629261991598	-0.0559078130287	-0.0322928321695	0.0356351318947	-0.020312231636	-0.0460075958511	-0.0583372403259	-0.0137981701688	-0.0785203537084	0.0185885813104	-0.0102566648561	0.031160630876	-0.0656473135192
k__Bacteria;p__Bacteroidetes;c__Bacteroidia;o__Bacteroidales;f__Bacteroidaceae;g__Bacteroides;s__Bacteroides_fragilis	-0.0369965276478	-0.0292690331756	0.0237967150938	0.0542640827548	0.0632368724678	0.0181951305097	-0.0376488271382	-0.0239443817957	-0.0372639208295	-0.057594571948	-0.0436942896606	0.075538223749	-0.0495411210394	-0.0685812987709	-0.00618145906619	-0.0464353212962	1.0	0.0331495522557	0.0151429223884	-0.0226212304315	0.000823037977676	0.0278088360395	-0.0620003240134	-0.0240396118448	-0.004757745781	-0.0170714031262	-0.00249516338411	-0.0158908002481	-0.0148482901921	0.0339553167472	0.0390072454542	-0.0415276647921	-0.0968780167757	0.0269765059325	-0.00954568718318	0.0100094863043	-0.0153489922332	-0.0050481452025	0.0243507007527	-0.0790698783289	0.0663315583721	-0.0233695888175	-0.0499160901108	-0.0255461721014	0.0507659525495	-0.0361872737496	-0.0736207972318	0.0039208120817	0.0425618248291	-0.00595735318952	0.0160484875999	-0.0352417495325	-0.0520406802963	-0.0475077404621	-0.090397997733	0.0174615191398	0.0410062373183	-0.0411898588041	-0.0681954753516
k__Bacteria;p__Proteobacteria;c__Betaproteobacteria;o__Burkholderiales;f__Sutterellaceae;g__Sutterella;s__Sutterella_wadsworthensis	-0.0319531225732	0.00652744136633	0.00330500882894	0.00599147452312	0.00118442139012	-0.0429304642765	0.0324204905316	0.00427055287321	0.0822143484575	0.0775926545403	-0.00418568346303	0.00651578050644	0.00504194752545	0.014109856005	0.0330953683589	-0.03301928784	0.0331495522557	1.0	0.0341199900115	-0.0111332204534	-0.0556925078083	0.0411211016202	-0.065256513121	0.0322015045764	0.075792031381	-0.0433182628847	-0.0624070404719	-0.029216295599	0.0222028451276	-0.0440953549093	-0.0161130368904	-0.0039438822081	-0.0254073209767	0.0129232377786	-0.0150118492483	-0.0161601704912	-0.0290703657396	-0.00230744449452	-0.107164030391	-0.078562278535	-0.0110745781754	-0.0708254843374	0.0775995184199	-0.0764921231359	0.0421571103652	-0.112676820399	0.0187062200449	0.0680618175659	-0.0360817216595	-0.068454397734	-0.0545602788676	0.0156058855993	0.0535232933107	0.0363890634606	-0.065316416398	-0.0472221600775	-0.00844572629044	0.0148711825082	-0.023611020989
k__Bacteria;p__Bacteroidetes;c__Bacteroidia;o__Bacteroidales;f__Porphyromonadaceae;g__Barnesiella;s__Barnesiella_intestinihominis	0.0482887185779	-0.0176537085418	-0.064736516964	0.0146785056126	-0.0365254789509	-0.0240965295132	-0.0430421214423	0.0040229015502	-0.0942613311092	0.0357398335594	-0.00106796283074	0.00201373112027	0.0691823812642	-0.00228026286637	-0.0017882126687	-0.0182419652697	0.0151429223884	0.0341199900115	1.0	0.00957738021034	-0.0239052191588	-0.00741654149091	0.0167518353343	0.012939416807	0.0396997610684	0.0131266140081	-0.026848015299	-0.0682362093308	-0.0655512444299	-0.0204907906382	0.0257007822541	-0.0235109041004	-0.0304382910732	-0.0415973561197	-0.0435844357852	-0.0125870926115	0.0341444466384	0.0319156941927	0.0192392038713	0.0235721132076	-0.0219806075666	0.0433073527668	-0.00441038617452	-0.0140441261431	-0.0246561083185	-0.0179492085967	-0.00775150474406	-0.0262106403127	-0.020699835643	0.0481851037845	0.0203126115587	-0.0760129619309	-0.0555603731965	-0.0817726659925	0.0264797459419	-0.0315702379927	-0.0110528125788	0.0337577282108	0.041689971896
k__Bacteria;p__Bacteroidetes;c__Bacteroidia;o__Bacteroidales;f__Odoribacteraceae;g__Odoribacter;s__Odoribacter_splanchnicus	-0.0062754231144	-0.0343129782314	0.0542365497615	-0.0755834382397	-0.0144445148504	-0.0559460268864	-0.0457357119332	0.0632632311374	-0.0721515228678	-0.00528053194451	0.0299071184895	0.0438007211073	-0.0486464992097	0.100528303962	0.000926589898468	0.0246102298882	-0.0226212304315	-0.0111332204534	0.00957738021034	1.0	0.00106094986132	0.00465738869963	-0.0670249748961	0.0227845059574	0.0465486830814	0.0400606730942	0.0867321835058	0.0474067568834	-0.0205460817142	0.0308043666313	-0.000618037690488	-0.0894680465562	-0.0331374294586	-0.0400448776992	0.0759189557679	-0.0339131112104	-0.0603963283463	0.0302807004014	-0.0236123091748	-0.0191072774635	-0.0448254900472	-0.064474210852	-0.0209458154067	0.0183877857751	-0.0339113981336	0.0396612353979	0.0672494172772	-0.084304547617	-0.0521686683473	-0.0187664974281	0.0370806493076	-0.05291514731	-0.0323333596788	0.00229000102697	0.0125860974722	-0.050400451934	0.00732447205372	-0.0374696126009	0.0067129357069
k__Bacteria;p__Bacteroidetes;c__Bacteroidia;o__Bacteroidales;f__Bacteroidaceae;g__Bacteroides;s__Bacteroides_salyersiae	0.0486921090417	-0.0302030587762	0.0278858811804	0.0292748547419	0.0207832601885	-0.00837642440035	0.0281475274584	-0.0903496419901	-0.0264453413985	0.0199147125312	0.014439325862	-0.0289722712873	0.00935147940233	0.00302597095956	-0.0572338526404	0.0434315592318	0.000823037977676	-0.0556925078083	-0.0239052191588	0.00106094986132	1.0	0.00184333898661	0.000951612215696	0.00202937551369	0.000768863962657	-0.0354805269291	-0.00925693014375	-0.026669311607	-0.00166621083697	0.0328436948688	0.0856800744863	0.00837943052661	-0.0289066454552	0.000240582556911	-0.0289250303307	-0.00682940175918	0.0122122510353	-0.109989499503	0.0342096973323	0.00423682628693	-0.027399981757	0.00443608462807	-0.00993972941044	-0.00504135179945	-0.0619716152284	0.0589082823294	0.0744938026865	0.00946815009342	0.0482906515719	0.0146814341863	-0.0121565374718	-0.0443560613071	0.0177037132093	-0.0124725981365	0.0362340849324	-0.0693782618865	-0.0446301975448	-0.000742092804454	-0.00841272957739
k__Bacteria;p__Firmicutes;c__Clostridia;o__Clostridiales;f__Ruminococcaceae;g__Ruminiclostridium;s__[Eubacterium]_siraeum	-0.0333684700463	0.0417090218956	0.0461638408688	0.00374264226883	-0.0505762137292	-0.033138647496	-0.0460119060553	0.0217812215568	-0.0735800808824	-0.00247052429114	-0.101938520354	-0.0593065264309	-0.0115635200069	-0.0687972491126	0.0499240843791	0.0583984456204	0.0278088360395	0.0411211016202	-0.00741654149091	0.00465738869963	0.00184333898661	1.0	-0.00934438870965	0.0356638043878	0.00755831337755	-0.111407287469	0.00975952590892	-0.0468109163191	-0.0994328067431	0.00744364943878	-0.110552020235	0.01654765614	-0.00269153309091	0.00767716898717	-0.015462744071	-0.00660041920818	-0.00974120800489	0.0337023600479	0.0615076203244	0.0807437070053	-0.00755372536697	0.111835551912	-0.0618430364591	-0.0176212221796	0.0156232451971	0.0321238317648	-0.036377093662	-0.00871327326275	-0.0074082139095	-0.0305973206299	0.00776235149747	-0.0250442966594	-0.0607085150317	-0.0383906948149	-0.0107959690099	0.0442847474365	0.0826760356883	-0.0121241112962	-0.0428071674147
k__Bacteria;p__Proteobacteria;c__Betaproteobacteria;o__Burkholderiales;f__Sutterellaceae;g__Parasutterella;s__Parasutterella_excrementihominis	-0.0218219597948	0.005508608332	-0.0299542714639	-0.0179514292859	-0.0421666155933	0.00136037250798	0.0363856913302	-0.012231604684	-0.0179796432865	-0.0387180625264	-0.0114626834736	-0.00933432715929	0.039499328475	-0.0712098649685	-0.0384875227649	-0.0136430374071	-0.0620003240134	-0.065256513121	0.0167518353343	-0.0670249748961	0.000951612215696	-0.00934438870965	1.0	-0.0277690744491	0.0377658839936	0.0010301237198	-0.0393578565644	-0.103982922588	0.00208525470873	0.0150701533999	0.0289832819396	0.00166594201776	-0.0389937220123	-0.00651434848536	0.0160189603415	-0.0230272990154	0.0259149103556	-0.00355819454326	0.0118014613192	-0.0285729975084	0.0684055085375	0.0266667901926	0.0540845063592	0.0420815710241	-0.00883248486908	-0.0595754273693	0.00212957678474	0.0647099835975	0.0308272789289	-0.044049069276	0.0238641048622	0.0554829342857	-0.0202963717292	-0.0301724420564	0.0315954606189	-0.0442244595253	-0.0290573891918	-0.0271382319257	0.00314205132734
k__Bacteria;p__Actinobacteria;c__Actinobacteria;o__Bifidobacteriales;f__Bifidobacteriaceae;g__Bifidobacterium;s__Bifidobacterium_adolescentis	0.00571244264186	-0.0122529967435	-0.0484539048639	0.0583617672402	0.0269135651369	-0.0260152817519	0.0123792615684	-0.0277781976469	0.00625679589072	0.0325977142938	-0.0121920807124	0.0120506479942	0.0169000088717	0.02746763092	-0.0304633789337	0.0196585884367	-0.0240396118448	0.0322015045764	0.012939416807	0.0227845059574	0.00202937551369	0.0356638043878	-0.0277690744491	1.0	0.0447616097223	-0.0169710519033	-0.0188019264814	-0.0322093801875	-0.0391419411931	-0.0921539600131	-0.00181056410674	0.0367774479133	0.0395334484979	-0.0644383656938	-0.0132876502891	0.013511305773	0.0527934678277	0.0338401953845	0.00681641665772	0.0110244335704	-0.0174336377191	0.0169100313707	-0.0660938955	-0.0313264078537	0.0134046577514	0.0231176325091	0.0196426528378	-0.0218041262066	0.00775522920848	0.0394479840288	0.0157564724429	-0.0211911085803	-0.0187685697221	-0.00655222479248	0.00852780591775	0.0385491066054	-0.00912249898952	-0.0239311236461	-0.0201023894413
k__Bacteria;p__Firmicutes;c__Clostridia;o__Clostridiales;f__Oscillospiraceae;g__Oscillibacter;s__Oscillibacter_sp._KLE_1745	-0.0224113258564	0.0451175534897	-0.0171819410166	0.0186034093323	-0.0354283487195	-0.0516082945005	-0.0325430823474	-0.000880187464346	-0.0126809645666	-0.031353326967	-0.0307769329904	0.0385147894321	0.00980932843998	0.0230682999444	0.028568344077	0.0561197001543	-0.004757745781	0.075792031381	0.0396997610684	0.0465486830814	0.000768863962657	0.00755831337755	0.0377658839936	0.0447616097223	1.0	0.0292677432762	0.0594627453618	0.0266857122048	-0.0744078610329	-0.0166302434139	0.0525714691598	-0.060360386325	-0.0169021548752	-0.0339765161791	0.00945042554678	-0.0201606921179	-0.0229807057914	-0.0237225275507	-0.0473585434227	-0.0773733414049	0.0655358335591	0.00133742392021	-0.0137855777087	-0.0575748016533	0.0181924469566	-0.0691001443102	0.0346998970267	-0.0203379709576	0.0263389562249	-0.0572439343827	-0.0182115450326	-0.0318246634395	-0.0193057107132	0.0243439389292	-0.0303760382945	0.00848243936135	-0.0421797591713	0.0145367737375	0.107040692207
k__Bacteria;p__Bacteroidetes;c__Bacteroidia;o__Bacteroidales;f__Bacteroidaceae;g__Bacteroides;s__Bacteroides_coprophilus	-0.0390790437188	0.0587745107654	-0.107138702773	-0.00242318382688	0.047702144188	-0.0165776067827	-0.00992897090714	-0.0393873607053	0.00577761776615	-0.0111176634474	0.0624720672658	-0.0615019957094	0.00754971066227	-0.0115108297765	-0.030574802789	-0.0349234198501	-0.0170714031262	-0.0433182628847	0.0131266140081	0.0400606730942	-0.0354805269291	-0.111407287469	0.0010301237198	-0.0169710519033	0.0292677432762	1.0	0.00710670364297	0.000129459581926	0.0075935865395	0.0677776509957	0.0301831881532	-0.0733749649105	0.0642680831585	-0.0178551196687	-0.0491143799218	-0.0284080736575	-0.021577888813	-0.00652656579406	-0.0476155707506	0.0465468655569	-0.0300300210893	0.000143621587939	-0.0444568885504	0.0724667614565	-0.0371183306165	0.0836738320297	0.00899530127381	-0.000856706204275	-0.0302481155408	0.0111174781321	-0.00566136673746	-0.081020681112	-0.0428876790343	-0.0716869553282	0.0292374152579	-0.0284907904969	0.0486738839024	0.00227277427828	-0.0823076164916
k__Bacteria;p__Firmicutes;c__Clostridia;o__Clostridiales;f__Lachnospiraceae;g__Roseburia;s__Roseburia_intestinalis	0.056603459763	0.0238182558949	-0.0381257490794	0.019130898701	-0.0480157841536	-0.0127598016376	0.0547773076139	-0.0275713105239	-0.00743807010502	-0.0212096397612	-0.0457296638143	0.0876614789589	0.033479302528	-0.0502180744907	0.0819437247664	-0.00958161475565	-0.00249516338411	-0.0624070404719	-0.026848015299	0.0867321835058	-0.00925693014375	0.00975952590892	-0.0393578565644	-0.0188019264814	0.0594627453618	0.00710670364297	1.0	-0.0867471421687	0.0123970425086	0.0136178028857	-0.00234759725911	-0.0285431704277	0.017873697647	-0.0249612793868	-0.0490643639962	-0.0642081861264	0.00972210741077	-0.0436500258314	-0.0593128153036	-0.0170130168959	-0.0766062445407	-0.053640784924	-0.00789464276604	0.0224094194663	-0.0599601706071	0.0373721703956	-0.0496269535198	-0.0845501599154	0.0265062864712	0.0511821229352	-0.0625725572449	-0.0167357176372	0.0329108199437	0.00668539036494	0.0156856182372	0.000224095798479	0.0150204958225	-0.0592832884621	-0.0279325184782
k__Bacteria;p__Firmicutes;c__Clostridia;o__Clostridiales;f__Lachnospiraceae;g__Roseburia;s__Roseburia_hominis	0.0118268024736	-0.0320555537177	-0.0265557100979	0.0491615788177	0.0129641156914	0.087766192498	0.0373015635253	-0.0171262403172	0.0320303889272	-0.0134869371818	0.0280930792268	-0.00343011623262	-0.0625086954944	0.0660620536401	0.0243531022283	-0.0249364573216	-0.0158908002481	-0.029216295599	-0.0682362093308	0.0474067568834	-0.026669311607	-0.0468109163191	-0.103982922588	-0.0322093801875	0.0266857122048	0.000129459581926	-0.0867471421687	1.0	0.0108869042046	-0.0650687654341	0.0306303359919	-0.0217446183503	0.00345935224751	0.00470476803635	-0.0586539376037	0.0159829691056	0.0224744966293	-0.00747678554393	-0.0716386321199	-0.00429627982364	-0.0554554893587	-0.00762177294232	0.042461385532	-0.0075947438162	-0.0678120192649	0.00808121778295	-0.00289803106029	0.00883520520048	-0.020626405109	-0.0274257397665	-0.00785852933881	0.00787320391817	-0.042423975872	-0.0433051720465	-0.0504561778632	-0.0249445937752	0.0446502905555	0.0211321949439	0.0599768713937
k__Bacteria;p__Bacteroidetes;c__Bacteroidia;o__Bacteroidales;f__Porphyromonadaceae;g__Parabacteroides;s__Parabacteroides_johnsonii	-0.00377627562919	-0.0404503321361	-0.0286434239865	-0.020290178264	-0.0631524467438	-0.0581773328434	-0.0313021579492	0.00760012789331	-0.0123943967664	-0.0256161535368	0.0421672604008	-0.0915116704255	0.0244107160017	0.041098000404	-0.0675638372031	-0.0372971976712	-0.0148482901921	0.0222028451276	-0.0655512444299	-0.0205460817142	-0.00166621083697	-0.0994328067431	0.00208525470873	-0.0391419411931	-0.0744078610329	0.0075935865395	0.0123970425086	0.0108869042046	1.0	0.00278202975166	-0.0431323612752	0.0472374482321	-0.0208430429371	0.0342380458782	0.0732109768838	0.0131848148101	-0.0525510549487	0.0270697511045	-0.043071062339	-0.0113384252339	-0.0047092487342	0.0852581764896	0.0110483715685	-0.0742401140657	0.0265711129539	-0.0535423420789	-0.0342102488714	0.0397492366348	-0.023917980876	0.0555938335637	0.00286706102667	-0.0342927383641	0.125514568485	-0.0698240574687	0.0113312679303	0.0568350767702	0.0198671424279	0.00646695158674	0.0117458864673
k__Bacteria;p__Actinobacteria;c__Actinobacteria;o__Bifidobacteriales;f__Bifidobacteriaceae;g__Bifidobacterium;s__Bifidobacterium_longum	0.00106710053081	-0.0262971795132	0.0691258307243	-0.0739089846456	-0.0210380417161	-0.0043416616361	-0.0717958266719	0.0302930142651	-0.00585882375395	0.044682958808	-0.0372801552042	-0.00569305109178	-0.0503647081245	-0.0139175266586	0.0101123299974	0.0236824539086	0.0339553167472	-0.0440953549093	-0.0204907906382	0.0308043666313	0.0328436948688	0.00744364943878	0.0150701533999	-0.0921539600131	-0.0166302434139	0.0677776509957	0.0136178028857	-0.0650687654341	0.00278202975166	1.0	-0.0147491355139	-0.00872060082243	-0.0264909793182	-0.00873310500213	-0.0173305426269	0.0129687954158	0.031899736258	-0.0452307872475	0.0162723054746	-0.0364074271091	-0.0616043087355	0.047740594131	-0.00902775256354	0.0521131787329	-0.0364441971256	-0.14173449515	-0.0219092186287	0.0126095050971	0.029585360083	-0.0151649268574	0.0196364957313	-0.0185318572949	-0.0239894805693	-0.0555647812164	0.0320628619627	0.0123231672129	0.018935642617	-0.0204596060796	-0.00979474064697
