#taxonomy	k__Bacteria;p__Bacteroidetes;c__Bacteroidia;o__Bacteroidales;f__Bacteroidaceae;g__Bacteroides;s__Bacteroides_vulgatus	k__Bacteria;p__Bacteroidetes;c__Bacteroidia;o__Bacteroidales;f__Bacteroidaceae;g__Bacteroides;s__Bacteroides_uniformis	k__Bacteria;p__Bacteroidetes;c__Bacteroidia;o__Bacteroidales;f__Rikenellaceae;g__Alistipes;s__Alistipes_putredinis	k__Bacteria;p__Bacteroidetes;c__Bacteroidia;o__Bacteroidales;f__Prevotellaceae;g__Prevotella;s__Prevotella_copri	k__Bacteria;p__Bacteroidetes;c__Bacteroidia;o__Bacteroidales;f__Bacteroidaceae;g__Bacteroides;s__Bacteroides_stercoris	k__Bacteria;p__Bacteroidetes;c__Bacteroidia;o__Bacteroidales;f__Bacteroidaceae;g__Bacteroides;s__Bacteroides_ovatus	k__Bacteria;p__Bacteroidetes;c__Bacteroidia;o__Bacteroidales;f__Rikenellaceae;g__Alistipes;s__Alistipes_shahii	k__Bacteria;p__Firmicutes;c__Clostridia;o__Clostridiales;f__Ruminococcaceae;g__Faecalibacterium;s__Faecalibacterium_prausnitzii	k__Bacteria;p__Bacteroidetes;c__Bacteroidia;o__Bacteroidales;f__Rikenellaceae;g__Alistipes;s__Alistipes_finegoldii	k__Bacteria;p__Bacteroidetes;c__Bacteroidia;o__Bacteroidales;f__Porphyromonadaceae;g__Parabacteroides;s__Parabacteroides_distasonis	k__Bacteria;p__Bacteroidetes;c__Bacteroidia;o__Bacteroidales;f__Bacteroidaceae;g__Bacteroides;s__Bacteroides_thetaiotaomicron	k__Bacteria;p__Bacteroidetes;c__Bacteroidia;o__Bacteroidales;f__Bacteroidaceae;g__Bacteroides;s__Bacteroides_coprocola	k__Bacteria;p__Bacteroidetes;c__Bacteroidia;o__Bacteroidales;f__Bacteroidaceae;g__Bacteroides;s__Bacteroides_cellulosilyticus	k__Bacteria;p__Bacteroidetes;c__Bacteroidia;o__Bacteroidales;f__Rikenellaceae;g__Alistipes;s__Alistipes_obesi	k__Bacteria;p__Firmicutes;c__Clostridia;o__Clostridiales;f__Lachnospiraceae;g__;s__[Eubacterium]_rectale	k__Bacteria;p__Bacteroidetes;c__Bacteroidia;o__Bacteroidales;f__Bacteroidaceae;g__Bacteroides;s__Bacteroides_plebeius	k__Bacteria;p__Bacteroidetes;c__Bacteroidia;o__Bacteroidales;f__Bacteroidaceae;g__Bacteroides;s__Bacteroides_fragilis	k__Bacteria;p__Proteobacteria;c__Betaproteobacteria;o__Burkholderiales;f__Sutterellaceae;g__Sutterella;s__Sutterella_wadsworthensis	k__Bacteria;p__Bacteroidetes;c__Bacteroidia;o__Bacteroidales;f__Porphyromonadaceae;g__Barnesiella;s__Barnesiella_intestinihominis	k__Bacteria;p__Bacteroidetes;c__Bacteroidia;o__Bacteroidales;f__Odoribacteraceae;g__Odoribacter;s__Odoribacter_splanchnicus	k__Bacteria;p__Bacteroidetes;c__Bacteroidia;o__Bacteroidales;f__Bacteroidaceae;g__Bacteroides;s__Bacteroides_salyersiae	k__Bacteria;p__Firmicutes;c__Clostridia;o__Clostridiales;f__Ruminococcaceae;g__Ruminiclostridium;s__[Eubacterium]_siraeum	k__Bacteria;p__Proteobacteria;c__Betaproteobacteria;o__Burkholderiales;f__Sutterellaceae;g__Parasutterella;s__Parasutterella_excrementihominis	k__Bacteria;p__Actinobacteria;c__Actinobacteria;o__Bifidobacteriales;f__Bifidobacteriaceae;g__Bifidobacterium;s__Bifidobacterium_adolescentis	k__Bacteria;p__Firmicutes;c__Clostridia;o__Clostridiales;f__Oscillospiraceae;g__Oscillibacter;s__Oscillibacter_sp._KLE_1745	k__Bacteria;p__Bacteroidetes;c__Bacteroidia;o__Bacteroidales;f__Bacteroidaceae;g__Bacteroides;s__Bacteroides_coprophilus	k__Bacteria;p__Firmicutes;c__Clostridia;o__Clostridiales;f__Lachnospiraceae;g__Roseburia;s__Roseburia_intestinalis	k__Bacteria;p__Firmicutes;c__Clostridia;o__Clostridiales;f__Lachnospiraceae;g__Roseburia;s__Roseburia_hominis	k__Bacteria;p__Bacteroidetes;c__Bacteroidia;o__Bacteroidales;f__Porphyromonadaceae;g__Parabacteroides;s__Parabacteroides_johnsonii	k__Bacteria;p__Actinobacteria;c__Actinobacteria;o__Bifidobacteriales;f__Bifidobacteriaceae;g__Bifidobacterium;s__Bifidobacterium_longum	k__Bacteria;p__Firmicutes;c__Clostridia;o__Clostridiales;f__;g__Flavonifractor;s__Flavonifractor_plautii	k__Bacteria;p__Firmicutes;c__Clostridia;o__Clostridiales;f__Clostridiaceae;g__Clostridium;s__Clostridium_phoceensis	k__Bacteria;p__Verrucomicrobia;c__Verrucomicrobiae;o__Verrucomicrobiales;f__Akkermansiaceae;g__Akkermansia;s__Akkermansia_muciniphila	k__Bacteria;p__Bacteroidetes;c__Bacteroidia;o__Bacteroidales;f__Prevotellaceae;g__Paraprevotella;s__Paraprevotella_xylaniphila	k__Bacteria;p__Firmicutes;c__Clostridia;o__Clostridiales;f__Ruminococcaceae;g__Ruminococcus;s__Ruminococcus_callidus	k__Bacteria;p__Bacteroidetes;c__Bacteroidia;o__Bacteroidales;f__Rikenellaceae;g__Alistipes;s__Alistipes_senegalensis	k__Bacteria;p__Firmicutes;c__Clostridia;o__Clostridiales;f__Lachnospiraceae;g__Blautia;s__Blautia_sp._KLE_1732	k__Bacteria;p__Bacteroidetes;c__Bacteroidia;o__Bacteroidales;f__Bacteroidaceae;g__Bacteroides;s__Bacteroides_oleiciplenus	k__Bacteria;p__Firmicutes;c__Clostridia;o__Clostridiales;f__Ruminococcaceae;g__Ruminococcus;s__Ruminococcus_bicirculans	k__Bacteria;p__Bacteroidetes;c__Bacteroidia;o__Bacteroidales;f__Bacteroidaceae;g__Bacteroides;s__Bacteroides_fluxus	k__Bacteria;p__Bacteroidetes;c__Bacteroidia;o__Bacteroidales;f__Prevotellaceae;g__Prevotella;s__Prevotella_stercorea	k__Bacteria;p__Firmicutes;c__Clostridia;o__Clostridiales;f__Lachnospiraceae;g__Dorea;s__Dorea_longicatena	k__Bacteria;p__Firmicutes;c__Clostridia;o__Clostridiales;f__Eubacteriaceae;g__Eubacterium;s__[Eubacterium]_eligens	k__Bacteria;p__Firmicutes;c__Clostridia;o__Clostridiales;f__Ruminococcaceae;g__;s__Ruminococcaceae_bacterium_D16	k__Bacteria;p__Firmicutes;c__Clostridia;o__Clostridiales;f__Lachnospiraceae;g__Coprococcus;s__Coprococcus_comes	k__Bacteria;p__Proteobacteria;c__Gammaproteobacteria;o__Enterobacterales;f__Enterobacteriaceae;g__Escherichia;s__Escherichia_coli	k__Bacteria;p__Firmicutes;c__Clostridia;o__Clostridiales;f__Ruminococcaceae;g__Anaerotruncus;s__Anaerotruncus_colihominis	k__Bacteria;p__Firmicutes;c__Clostridia;o__Clostridiales;f__Lachnospiraceae;g__Blautia;s__Blautia_obeum	k__Bacteria;p__Bacteroidetes;c__Bacteroidia;o__Bacteroidales;f__Odoribacteraceae;g__Odoribacter;s__Odoribacter_laneus	k__Bacteria;p__Firmicutes;c__Clostridia;o__Clostridiales;f__Ruminococcaceae;g__Ruminiclostridium;s__[Clostridium]_leptum	k__Bacteria;p__Bacteroidetes;c__Bacteroidia;o__Bacteroidales;f__Porphyromonadaceae;g__Parabacteroides;s__Parabacteroides_goldsteinii	k__Bacteria;p__Firmicutes;c__Clostridia;o__Clostridiales;f__Lachnospiraceae;g__Anaerostipes;s__Anaerostipes_hadrus	k__Bacteria;p__Firmicutes;c__Clostridia;o__Clostridiales;f__Ruminococcaceae;g__Ruminococcus;s__Ruminococcus_lactaris	k__Bacteria;p__Firmicutes;c__Clostridia;o__Clostridiales;f__Clostridiaceae;g__Clostridium;s__Clostridium_sp._L2-50	k__Bacteria;p__Firmicutes;c__Clostridia;o__Clostridiales;f__Clostridiaceae;g__Clostridium;s__Clostridium_sp._M62/1	k__Bacteria;p__Firmicutes;c__Clostridia;o__Clostridiales;f__;g__Intestinimonas;s__Intestinimonas_butyriciproducens	k__Bacteria;p__Actinobacteria;c__Actinobacteria;o__Bifidobacteriales;f__Bifidobacteriaceae;g__Bifidobacterium;s__Bifidobacterium_bifidum	k__Bacteria;p__Firmicutes;c__Negativicutes;o__Veillonellales;f__Veillonellaceae;g__Dialister;s__Dialister_invisus	k__Bacteria;p__Bacteroidetes;c__Bacteroidia;o__Bacteroidales;f__Bacteroidaceae;g__Bacteroides;s__Bacteroides_salanitronis
k__Bacteria;p__Bacteroidetes;c__Bacteroidia;o__Bacteroidales;f__Bacteroidaceae;g__Bacteroides;s__Bacteroides_vulgatus	1.0	0.0422819893735	0.057054023336	0.0268001060247	0.00813642877513	-0.000249898735384	-0.0171277848076	-0.0319296244519	-0.00878098382854	0.0122554712752	-0.0280402078143	-0.000888440538841	0.00897909415962	-0.0142780150521	0.0364363613097	-0.0177018408016	-0.00414410551201	0.0222867136247	-0.0353220652063	-0.0685120731603	-0.0395353416042	-0.00858761160596	-0.0314129898617	-0.0630327910576	0.0197349764722	-0.0510868500836	-0.00208611797231	0.0142961074676	0.0417270255919	0.0277924798469	0.0290295583343	0.0429720444665	-0.00632067856078	-0.0210679123241	0.0407477903641	0.02635780833	-0.000482969020448	0.0146605687789	-0.0586557079869	-0.0100649509536	-0.022175716905	-0.00696390870559	0.0419815104997	-0.0262515264614	-0.0388004088874	-0.0298078416345	-0.0349229281598	-0.0221106377459	0.0478918556454	0.0523329635615	-0.0756407699791	0.0306642585907	-0.00560260882807	-0.073579167144	0.0207373103027	-0.0589148874078	0.0235761467221	0.000837305356029	-0.0551471394915
k__Bacteria;p__Bacteroidetes;c__Bacteroidia;o__Bacteroidales;f__Bacteroidaceae;g__Bacteroides;s__Bacteroides_uniformis	0.0422819893735	1.0	-0.0360652974095	-0.0199616714328	0.00911665709657	-0.0506046450971	-0.0410564020327	0.035137094799	0.00671237622187	-0.0133413915076	-0.0303099830192	-0.0543459780253	0.0262355622844	0.0789430133813	-0.0473629844666	-0.108742565114	0.0238244456933	-0.0224867209883	-0.0386033959974	-0.0224559138312	-0.0640413823134	0.00665046592598	-0.0182476200977	-0.0395721803005	0.0030314337293	-0.028710190451	0.00276425249358	-0.0566865102088	0.00103258549208	0.0235347597779	0.0378703596915	-0.0306211860971	-0.0514906575197	-0.0186842665792	0.0685326742404	0.0317535949465	0.0109272927164	-0.0549760535949	0.0461971353749	-0.0886773930253	0.032401905972	-0.011816228506	-0.0129908906999	-0.0730626652709	0.0817127579165	0.0288131347811	-0.0669794484129	-0.0829765372792	0.0186846725669	0.0200549828385	0.00450089814288	-0.0411089411553	-0.0169356173438	-0.0030843562818	0.00161552034057	-0.0508582472119	-0.0257022337596	-0.0511446013302	0.0146729411771
k__Bacteria;p__Bacteroidetes;c__Bacteroidia;o__Bacteroidales;f__Rikenellaceae;g__Alistipes;s__Alistipes_putredinis	0.057054023336	-0.0360652974095	1.0	-0.00807319680865	0.0170090385969	0.071971193652	0.100938049339	-0.0140449492185	-0.0507257245374	-0.00586424990411	-0.0662867353378	-0.0649295528106	-0.0149951872186	-0.0664859035097	0.0573584314291	-0.0798588213908	0.012611999201	-0.0172372334685	0.0887993833456	-0.0398190687379	0.0493725241078	0.0229102540281	-0.000121838869366	-0.000572132450769	-0.085871098241	-0.00367344024851	-0.0518837705538	-0.0302185039493	0.00143530787615	-0.000191616779847	-0.0174892847167	-0.0121881311859	-0.00906710242072	0.0344479338485	-0.0455462700957	0.0257851925005	-0.0229969468614	-0.0104067758091	-0.0857333221687	-0.00429125181492	-0.0118667055521	0.0202355452541	-0.0352575908205	0.0256888423967	-0.00274498707527	-0.0319493922073	0.00238799980819	0.0396779970573	0.0101362773019	-0.0345351668727	-0.0240571375704	-0.0651009806108	-0.0763142179318	-0.0196906445144	-0.0129770691429	-0.0712921363986	-0.0209402428637	-0.00202083901167	-0.010167422745
k__Bacteria;p__Bacteroidetes;c__Bacteroidia;o__Bacteroidales;f__Prevotellaceae;g__Prevotella;s__Prevotella_copri	0.0268001060247	-0.0199616714328	-0.00807319680865	1.0	-0.0857711608628	-0.0432056074659	-0.014416987328	-0.0813990845113	0.0435388660716	-0.00718192443736	-0.0311565016845	0.0345438217336	0.0515570516401	-0.0419113036883	-0.0191395135108	0.0116019871306	-0.0538194732595	-0.00969528228029	0.0140322807094	0.0430195962997	0.0377120064534	0.0612573370533	-0.0185257922467	-0.0391470309251	-0.0696419297361	-0.0282565354959	-0.0229481761927	0.00676895286603	-0.0990635886282	-0.00266822016647	-0.0328407928634	0.00456826902679	0.0298175205973	0.00346627026492	0.00452488569592	-0.0239303987791	-0.07197094799	-0.0912129291839	-0.0559066457935	0.0270024780779	0.0310303715806	0.0388890684874	-0.0193683470298	0.00484487201828	0.0410235785598	-0.0766213350648	-0.0250828288866	-0.0124877336449	-0.0135617695451	-0.0482648190789	-0.0328692536461	-0.030894929011	-0.0623721460084	0.0768230617964	-0.0164768644248	0.0286562786641	-0.0776495788524	0.0479615066282	-0.0029939897847
k__Bacteria;p__Bacteroidetes;c__Bacteroidia;o__Bacteroidales;f__Bacteroidaceae;g__Bacteroides;s__Bacteroides_stercoris	0.00813642877513	0.00911665709657	0.0170090385969	-0.0857711608628	1.0	0.000107243729603	0.0363346970349	-0.00977077029061	-0.0523321402449	-0.0424072976658	0.0114187372587	-0.0299338003788	-0.0553360337176	-0.0143677251019	0.0568468454644	-0.0406703450358	0.0260573491319	-0.0602793588455	-0.0385533350191	0.0209725171306	-0.0442598500725	-0.0426916506026	-0.0194059119886	-0.0507443204142	0.0284588325316	-0.0886618998932	-0.00438213763968	-0.0239699277348	-0.0660867026632	-0.0221359346843	-0.0218111360011	0.00148289480686	-0.0158002136609	-0.0702400166353	-0.0588574839998	-0.00465094527622	-0.0488547051799	0.000312685887821	-0.0435459131417	0.0227559047097	-0.0154671055359	0.0998324206026	-0.0117429188084	0.0283022265278	0.0783194989195	-0.0223887434829	0.0755428988056	-0.022600274134	-0.0403967551104	-0.00677910168076	-0.00664165608263	-0.0694023296895	0.028271205982	0.0182362722137	-0.0809544208858	0.029850202973	-0.0662844998451	0.0277339530642	-0.034446026841
k__Bacteria;p__Bacteroidetes;c__Bacteroidia;o__Bacteroidales;f__Bacteroidaceae;g__Bacteroides;s__Bacteroides_ovatus	-0.000249898735384	-0.0506046450971	0.071971193652	-0.0432056074659	0.000107243729603	1.0	-0.0161040079388	-0.00261429082002	-0.0226987244217	0.0820612734091	0.053023289716	0.0311207894776	-0.0106327796517	-0.0237149520139	-0.0716617001131	-0.0294703871688	0.00929355072709	0.0174391266868	-0.0414538459187	-0.00982361801959	0.0259524477561	-0.0328229726269	-0.0500631599018	-0.0152501945397	0.0463718815245	0.0481635553179	-0.0323761245828	-0.0701967449433	0.0177422611762	-0.0523683916107	0.0305662929323	0.0160991210419	0.00681136643347	0.0317247388313	-0.0476632342042	-0.027532038719	-0.0206324780447	0.040558237581	0.00159852684894	-0.0357445083279	-0.0233284606327	-0.0843024155741	-0.105040636578	0.00380078053468	0.0396452603641	-0.00633338118557	0.028083386241	-0.0387699992313	-0.00333850551413	0.0433175273876	-0.0896146988097	0.0299952211489	-0.0377693403195	-0.0272563614244	0.106220743148	-0.0133648598469	-0.0773246285127	-0.0437121225754	-0.0335076691195
k__Bacteria;p__Bacteroidetes;c__Bacteroidia;o__Bacteroidales;f__Rikenellaceae;g__Alistipes;s__Alistipes_shahii	-0.0171277848076	-0.0410564020327	0.100938049339	-0.014416987328	0.0363346970349	-0.0161040079388	1.0	-0.0108462531585	-0.049983263341	0.0235688081904	-0.0392719797717	0.0233734574677	-0.00358171261095	-0.0296949973215	0.0144219477764	-0.0529305662019	0.00688546213766	-0.00244443217324	0.0291568006404	-0.0176332208557	0.06353375549	-0.0114117195673	0.065554153448	-0.0806303857804	0.0274960911788	-0.0292749731173	-0.0531640476476	0.0269157043888	-0.0777235101594	0.00871640901576	-0.0298598828456	0.0425182224705	0.040775326614	-0.0476933420231	-0.0158625228023	-0.0884607306683	-0.0293785246833	-0.0460953575945	0.0239910807801	0.00920202350754	-0.0340660139354	-0.0529821433443	0.0100539113692	-0.00637016925628	-0.0583543094924	0.0410727744864	-0.074254025006	0.0398236638016	0.00753454740034	0.0273304162546	-0.0369746554704	0.0383168502377	-0.0127840050182	-0.0275022988157	-0.0816243101638	-0.049815491155	-0.0299305366663	0.0364398347843	-0.0271363043903
k__Bacteria;p__Firmicutes;c__Clostridia;o__Clostridiales;f__Ruminococcaceae;g__Faecalibacterium;s__Faecalibacterium_prausnitzii	-0.0319296244519	0.035137094799	-0.0140449492185	-0.0813990845113	-0.00977077029061	-0.00261429082002	-0.0108462531585	1.0	0.025710185003	-0.0122028289825	-0.0416156746835	-0.0142898530014	-0.00898569838683	0.00812910480904	0.0158649304194	-0.0271170900738	0.0232734230246	-0.00771701667264	0.0146649785889	-0.0204588605848	-0.00977889124368	-0.00666007273213	-0.0292644505216	0.0438969576783	-0.00322366737973	-0.0264648178549	-0.0408591521638	-0.0424161761547	0.0287564681635	-0.0406968995636	0.0273467072329	-0.077802932698	0.0316243601706	-0.0554327513861	-0.11181263865	-0.0864734239472	-0.0989660531868	-0.0556491763108	-0.0217220530669	-0.0638002689356	0.0422073382777	-0.0140076505727	0.0135036056349	-0.0313067030397	-0.0064426573741	-0.00705877316635	0.0522295379214	0.0385113118856	0.00546461001673	-0.0399430882025	-0.00837673703648	-0.0302930545962	-0.0012435746746	-0.0377959013998	-0.00456385640344	-0.0324266412035	-0.0023586349757	0.0550471681252	0.0174078124371
k__Bacteria;p__Bacteroidetes;c__Bacteroidia;o__Bacteroidales;f__Rikenellaceae;g__Alistipes;s__Alistipes_finegoldii	-0.00878098382854	0.00671237622187	-0.0507257245374	0.0435388660716	-0.0523321402449	-0.0226987244217	-0.049983263341	0.025710185003	1.0	0.0522655131209	-0.0153634049345	-0.0373864473658	0.0151403434219	0.00590397622096	0.0377119720272	-0.0562901668806	-0.0277219697115	0.0117420816563	-0.0574848903668	-0.0148312906118	0.0607976740655	-0.0337020387039	0.0296947670046	-0.0127516293942	0.00873412654289	0.0458975921897	-0.0132553329307	0.0747131318918	-0.0389067610485	-0.0192045238716	0.0225782876518	-0.0190377208656	-0.0557204984167	-0.0392135123578	0.0385430297401	0.0267408666829	-0.00704895669937	0.0671747023577	-0.013118795653	-0.0280329784972	-0.00128668816068	0.019432436594	0.0570364535265	-0.0227970908316	-0.0344050576273	-0.0489419874875	-0.0283660527607	0.00555064038789	-0.0166976533968	-0.0269847922822	0.0660460278897	-0.0282473422493	0.0104379019477	0.0429008215398	-0.0172924744546	-0.0315283626092	0.0265030114244	-0.0597009032078	-0.0280632201557
k__Bacteria;p__Bacteroidetes;c__Bacteroidia;o__Bacteroidales;f__Porphyromonadaceae;g__Parabacteroides;s__Parabacteroides_distasonis	0.0122554712752	-0.0133413915076	-0.00586424990411	-0.00718192443736	-0.0424072976658	0.0820612734091	0.0235688081904	-0.0122028289825	0.0522655131209	1.0	-0.0894441256841	-0.0314301644391	0.0496672663777	-0.0177483495234	0.0154135962824	-0.033052860049	0.0431658838919	0.0536434683366	-0.060969163695	0.0289571711543	-0.0623965072744	0.0734131901547	-0.00502725154821	-0.0126126908425	0.00420749223642	-0.0161943431537	-0.108606108344	-0.0479955809441	-0.0158221798371	0.0647226481918	-0.01223677314	0.034883134984	-0.0499665995695	-0.0384927015641	-0.00236993553212	-0.0319078113674	0.0506685790206	0.0625801008196	0.00697667443122	0.0156610892924	-0.0895652655762	0.009791806927	-0.0330428304298	0.0300524608428	0.0163100994734	0.0117492928426	-0.0362159281839	-0.0623156919837	-0.00622934096364	-0.0368838727345	0.0415143296104	-0.0428720828358	0.017739523067	-0.0181442954886	-0.091977763797	-0.0500338397533	0.0718417930125	0.0413515580402	-0.0416074043963
k__Bacteria;p__Bacteroidetes;c__Bacteroidia;o__Bacteroidales;f__Bacteroidaceae;g__Bacteroides;s__Bacteroides_thetaiotaomicron	-0.0280402078143	-0.0303099830192	-0.0662867353378	-0.0311565016845	0.0114187372587	0.053023289716	-0.0392719797717	-0.0416156746835	-0.0153634049345	-0.0894441256841	1.0	0.0385472262563	0.03880028689	0.0392057745801	-0.00864636871101	-0.0262257000345	-0.0529109899416	-0.0232396613497	0.00282930683143	0.0128437879775	-0.0494238257894	-0.00795276784307	-0.0442062686801	-0.00764077415832	-0.0423901188028	0.0660656649579	0.061742386482	-0.00727225103983	0.0263965699073	0.0578253760457	0.021102544513	-0.053471897927	-0.0191289575845	0.0117939375768	-0.0160826618118	-0.0175277614148	-0.0344665794369	0.00833097415513	-0.00161806669781	-0.0310851829772	-0.0400158843006	-0.0168754210209	0.0716317646392	0.0667126023605	-0.0153175080581	0.000743689154976	0.00387828778548	-0.0418391343147	-0.0255374927649	-0.0453902374065	0.0349295772064	-0.0281369384509	-0.0203773213782	0.00349077023066	-0.0754859517018	0.00465954007044	0.00471948715329	-0.0215842758552	-0.0278348801988
k__Bacteria;p__Bacteroidetes;c__Bacteroidia;o__Bacteroidales;f__Bacteroidaceae;g__Bacteroides;s__Bacteroides_coprocola	-0.000888440538841	-0.0543459780253	-0.0649295528106	0.0345438217336	-0.0299338003788	0.0311207894776	0.0233734574677	-0.0142898530014	-0.0373864473658	-0.0314301644391	0.0385472262563	1.0	-0.0113079404999	0.00512913794391	0.0422252598497	0.0347726400431	0.00470384816787	-0.0176365492553	-0.0657488692807	-0.0512742449831	0.0554799871236	-0.0969525527598	-0.00997581632539	-0.0410939553764	-0.0588894899203	-0.0202194433831	-0.00786465089258	-0.130181716739	-0.0170257348435	-0.0531854663437	0.00572324223245	-0.0433955216955	-0.0363579580331	0.0638463403206	0.00832341916796	0.0775054100788	0.0248872144937	-0.0423039103091	-0.0165363950761	0.00118550647733	0.00598457897493	-0.0625804547385	-0.107179974328	-0.0318137854519	0.000152247047691	-0.0330933709431	0.0795196188933	0.0280683279207	0.0156661212038	0.0600334185691	-0.038677825205	-0.0972859358532	-0.00216791604021	-0.0636587440314	0.0155448229703	0.0217168357202	0.0248491350901	0.0266781844816	0.0490538210727
k__Bacteria;p__Bacteroidetes;c__Bacteroidia;o__Bacteroidales;f__Bacteroidaceae;g__Bacteroides;s__Bacteroides_cellulosilyticus	0.00897909415962	0.0262355622844	-0.0149951872186	0.0515570516401	-0.0553360337176	-0.0106327796517	-0.00358171261095	-0.00898569838683	0.0151403434219	0.0496672663777	0.03880028689	-0.0113079404999	1.0	-0.0244103319707	-0.0515167662004	-0.0605118978687	-0.0731017134426	0.0380034152918	-0.00130506152371	-0.0952853073843	0.128770249424	-0.0514841272131	-0.0224203961941	0.0067400124069	-0.0083117304674	0.0153010902554	0.000579630128022	-0.0168035300423	-0.0240667414815	-0.0145175556112	-0.0292956915178	-0.0526159905769	-0.0673117745207	-0.0589812262161	0.0125705725867	-0.0208650513362	-0.0135757921317	0.0100268994754	-0.00113158371813	-0.0369660383085	-0.0032106672692	-0.0394760488342	-0.00183657751186	-0.0248321959223	0.0181484691702	0.0423645619986	-0.0155261299985	-0.0653666162461	0.0043601546791	-0.0070431642112	0.0672255317431	-0.129717616504	-0.0251220482231	-0.109379025664	0.0192201704842	0.0140498511508	-0.0233202607669	0.0419672082065	0.0282078062884
k__Bacteria;p__Bacteroidetes;c__Bacteroidia;o__Bacteroidales;f__Rikenellaceae;g__Alistipes;s__Alistipes_obesi	-0.0142780150521	0.0789430133813	-0.0664859035097	-0.0419113036883	-0.0143677251019	-0.0237149520139	-0.0296949973215	0.00812910480904	0.00590397622096	-0.0177483495234	0.0392057745801	0.00512913794391	-0.0244103319707	1.0	0.00605593579657	-0.0379784739919	-0.0856014879984	-0.0300720540252	0.0229611888063	-0.0279895985796	-0.108817597643	-0.00739945694518	-0.029027217512	-0.0104399303963	-0.0236052969369	0.00275568438726	-0.0145107978055	-0.110016436827	0.00669973647044	0.0134219975743	0.0191194313817	0.0439499404359	-0.0108421538525	-0.0473455487557	0.0405016420835	-0.0491735990205	0.0354218948871	0.0118225858791	-0.0764752204077	0.0121318281019	0.0152315034641	-0.0900781198789	0.0198872235946	0.0131920354441	-0.0148932707129	0.0160902381653	-0.053897407482	-0.011008126755	0.0399320737278	0.0146628527145	-0.0337958574874	-0.0457215319947	0.012082076557	0.00653941940147	-0.0346069560477	0.0168619324848	-0.0146557156128	-0.0752887943172	0.0314415596274
k__Bacteria;p__Firmicutes;c__Clostridia;o__Clostridiales;f__Lachnospiraceae;g__;s__[Eubacterium]_rectale	0.0364363613097	-0.0473629844666	0.0573584314291	-0.0191395135108	0.0568468454644	-0.0716617001131	0.0144219477764	0.0158649304194	0.0377119720272	0.0154135962824	-0.00864636871101	0.0422252598497	-0.0515167662004	0.00605593579657	1.0	-0.0249496928281	0.0524216984045	-0.0672976140959	0.0192566034185	0.0108734053875	-0.0274492948515	0.0737757691148	-0.0283530244866	-0.018570716412	0.0539915646197	-0.0879513651834	-0.0087242931868	-0.024112028201	-0.0575648328405	-0.0093974136714	-0.0678637982852	-0.00361900543507	0.0276125865283	0.0107373809163	0.0219763917772	-0.0397030071132	-0.00280577554375	-0.0420032865933	-0.0568104132128	0.0626844672576	-0.0244610556859	0.0364679679574	-0.0305364006572	0.0259947099871	0.00424066653669	-0.0576075712534	0.0298859582438	0.0120769365772	-0.00996192636112	-0.0272261866885	-0.0618299057073	-0.0128269578282	-0.0207886122194	0.0356017759764	-0.00555000951922	0.00158705436478	0.00349207914905	-0.0192783602272	0.0316617907506
k__Bacteria;p__Bacteroidetes;c__Bacteroidia;o__Bacteroidales;f__Bacteroidaceae;g__Bacteroides;s__Bacteroides_plebeius	-0.0177018408016	-0.108742565114	-0.0798588213908	0.0116019871306	-0.0406703450358	-0.0294703871688	-0.0529305662019	-0.0271170900738	-0.0562901668806	-0.033052860049	-0.0262257000345	0.0347726400431	-0.0605118978687	-0.0379784739919	-0.0249496928281	1.0	0.0502638514814	-0.0220267675004	-0.0109387135937	-0.0412759558298	0.0437446030407	0.0962525620122	-0.0737152122459	-0.0219864525424	0.0406509629276	-0.0777152623665	0.0692010343246	-0.0262235976408	-0.0108984205195	0.0156229067708	-0.00450149915451	-0.0192815615905	0.0121749420295	-0.1147933905	-0.0273527269701	-0.0652859388843	-0.0586404668602	0.0277881887637	-0.037845349019	0.00909822698437	-0.0269267856906	-0.0249251488561	0.0438628620086	-0.0618372012358	-0.0251455219813	-0.0319967400012	0.0382299805965	-0.0197753035767	-0.0109356733873	-0.0105150175693	0.0740539038098	0.118434333356	0.025006901261	0.00928971192392	-0.0338800346543	0.043219739916	0.0141350708161	0.0293414082174	0.0387265462141
k__Bacteria;p__Bacteroidetes;c__Bacteroidia;o__Bacteroidales;f__Bacteroidaceae;g__Bacteroides;s__Bacteroides_fragilis	-0.00414410551201	0.0238244456933	0.012611999201	-0.0538194732595	0.0260573491319	0.00929355072709	0.00688546213766	0.0232734230246	-0.0277219697115	0.0431658838919	-0.0529109899416	0.00470384816787	-0.0731017134426	-0.0856014879984	0.0524216984045	0.0502638514814	1.0	0.0387617229574	-0.0213356099618	0.00776618542176	-0.0817307225716	-0.0343891059044	-0.0376934931048	-0.0284027059031	-0.0520724138768	0.0658987055405	-0.0175985700791	0.00561330354992	0.00380238428495	-0.00969593428111	0.0504937520569	-5.15269872883e-05	0.0165795576716	-0.000846269613239	0.0508231780441	0.00431358449421	0.0302082493146	-0.0176713515531	0.0417105699592	-0.0194471851999	0.0262490995424	-0.0368948860633	-0.0384744802985	-0.0098236155502	-0.0837854478965	0.0579718721854	0.0520441882021	-0.00476148282218	0.0619322169113	-0.00947038327204	-0.0508832258426	-0.0199392099984	-0.0108943872276	-0.00327935753519	0.0124399799992	-0.0221603084679	0.00476955264402	-0.0430910219903	0.0911923477548
k__Bacteria;p__Proteobacteria;c__Betaproteobacteria;o__Burkholderiales;f__Sutterellaceae;g__Sutterella;s__Sutterella_wadsworthensis	0.0222867136247	-0.0224867209883	-0.0172372334685	-0.00969528228029	-0.0602793588455	0.0174391266868	-0.00244443217324	-0.00771701667264	0.0117420816563	0.0536434683366	-0.0232396613497	-0.0176365492553	0.0380034152918	-0.0300720540252	-0.0672976140959	-0.0220267675004	0.0387617229574	1.0	0.0389244438872	-0.0249828834863	0.0252321855367	-0.0945867536194	0.0726886613794	-0.0627015210957	-0.00418727669399	-0.0111989520322	0.049551602787	-0.0590534925469	0.0470182663829	0.0300874620163	-0.0507278680832	-0.0261802987462	0.0227761842966	0.0294707779239	0.0229843207055	-0.104337477774	0.0157434708397	-0.0688066466673	-0.00899514138817	-0.0454617913236	0.0407841284354	0.00162090049374	-0.0300706087724	-0.00767965385597	0.0296932867369	-0.00114729596352	-0.057235088123	0.0278216659969	-0.0341333194042	0.0273330987436	-0.0095382408246	0.0291106654014	-0.00493328696729	-0.0494666459929	-0.0406544848855	-0.0364494905645	0.0285566213893	0.0137524849478	0.0175900874118
k__Bacteria;p__Bacteroidetes;c__Bacteroidia;o__Bacteroidales;f__Porphyromonadaceae;g__Barnesiella;s__Barnesiella_intestinihominis	-0.0353220652063	-0.0386033959974	0.0887993833456	0.0140322807094	-0.0385533350191	-0.0414538459187	0.0291568006404	0.0146649785889	-0.0574848903668	-0.060969163695	0.00282930683143	-0.0657488692807	-0.00130506152371	0.0229611888063	0.0192566034185	-0.0109387135937	-0.0213356099618	0.0389244438872	1.0	-0.0374329337362	-0.0280989106031	-0.0257657851561	-0.0717528736981	-0.00302814725719	0.00869376929555	-0.0215830275092	-0.004095718156	-0.00795530511395	0.0221660967992	-0.0352211954895	0.045216604983	-0.00522733608971	0.00265389438691	0.00746863143844	-0.0969027336207	-0.040692102795	-0.0326345670505	0.0163983903461	-0.029902099046	-0.0286630618605	-0.100409973667	-0.0782506568504	0.00791567764119	-0.0181926332413	-0.0755460631812	-0.00751673995522	0.0179392882691	0.0530964381791	-0.0049979929741	-0.0458739833638	0.0198764217201	-0.00198034151852	-0.00122049325241	0.00368704744329	-0.00226385648372	-0.0323886703583	0.00149191038193	0.00814511869206	0.00863120406493
k__Bacteria;p__Bacteroidetes;c__Bacteroidia;o__Bacteroidales;f__Odoribacteraceae;g__Odoribacter;s__Odoribacter_splanchnicus	-0.0685120731603	-0.0224559138312	-0.0398190687379	0.0430195962997	0.0209725171306	-0.00982361801959	-0.0176332208557	-0.0204588605848	-0.0148312906118	0.0289571711543	0.0128437879775	-0.0512742449831	-0.0952853073843	-0.0279895985796	0.0108734053875	-0.0412759558298	0.00776618542176	-0.0249828834863	-0.0374329337362	1.0	0.000945445915691	-0.0882659183306	0.0269796536603	0.0068614682065	-0.0649812015983	-0.0337298945781	-0.0037195828985	-0.0183375213994	-0.00900029148095	0.136414353936	-0.0127024209677	0.0317117786416	0.00835826809465	-0.0305610479852	0.00252844985975	0.0403354485421	-0.0185611640608	-0.019834395621	0.044554170073	-0.0187916748935	0.0535500723282	0.00400245252536	-0.0201421119399	0.0236444927284	-0.0268161615713	-0.0290443195151	0.0259078615117	-0.0114989648477	-0.0470349567682	0.00840384844951	-0.0217166305045	-0.030351117563	0.0384408960796	0.0308641715181	-0.011784760702	-0.0046651707787	-0.0595229108447	-0.000778151104673	0.0414511869848
k__Bacteria;p__Bacteroidetes;c__Bacteroidia;o__Bacteroidales;f__Bacteroidaceae;g__Bacteroides;s__Bacteroides_salyersiae	-0.0395353416042	-0.0640413823134	0.0493725241078	0.0377120064534	-0.0442598500725	0.0259524477561	0.06353375549	-0.00977889124368	0.0607976740655	-0.0623965072744	-0.0494238257894	0.0554799871236	0.128770249424	-0.108817597643	-0.0274492948515	0.0437446030407	-0.0817307225716	0.0252321855367	-0.0280989106031	0.000945445915691	1.0	-0.010830737947	-0.0233032127864	-0.0459163747462	-0.0177579566547	-0.0238534101076	0.0498734336428	-0.0253716063441	-0.0828571188535	-0.00844010459656	-0.00955102717926	-0.0211706932118	0.00454954861006	-0.0200549960078	0.0283231104703	-0.0387410456355	0.00431136063973	-0.0407817161474	-0.0715392702581	0.0468541525423	0.02452552447	-0.0467455930563	-0.0161088571102	-0.0579485583162	-0.0134929427624	-0.0325519644701	-0.0109754657898	-0.0369590359158	-0.0924754293549	-0.0160358506364	-0.0662803026302	0.00394019656075	-0.0172023473914	-0.0463238610087	-0.0162637003047	0.0374021938245	-0.0368509861514	-0.0586261537903	0.00855288043737
k__Bacteria;p__Firmicutes;c__Clostridia;o__Clostridiales;f__Ruminococcaceae;g__Ruminiclostridium;s__[Eubacterium]_siraeum	-0.00858761160596	0.00665046592598	0.0229102540281	0.0612573370533	-0.0426916506026	-0.0328229726269	-0.0114117195673	-0.00666007273213	-0.0337020387039	0.0734131901547	-0.00795276784307	-0.0969525527598	-0.0514841272131	-0.00739945694518	0.0737757691148	0.0962525620122	-0.0343891059044	-0.0945867536194	-0.0257657851561	-0.0882659183306	-0.010830737947	1.0	-0.0449777759149	0.0289481152592	-0.051874288187	-0.0619242797228	-0.0144279896136	-0.0303421342577	0.0557900870264	-0.0298850638645	-0.0250617387388	0.0346573982748	-0.0835116508928	-0.040863342269	0.00491427411952	-0.0188895768869	-5.78755750619e-05	0.00299575901315	0.0238240196436	-0.0401632009729	-0.0668982800072	-0.051253581578	-0.0376269558156	0.0481481516614	-0.0133013162689	-0.0382215442835	-0.00362315435696	-0.00391540462339	-0.0168567031632	-0.0343042897094	-0.0535717657028	-0.0135192950375	0.00774801786819	0.0442563227374	-0.0237231175308	-0.034923273585	-0.0126867095458	-0.00879353069706	-0.0261094980949
k__Bacteria;p__Proteobacteria;c__Betaproteobacteria;o__Burkholderiales;f__Sutterellaceae;g__Parasutterella;s__Parasutterella_excrementihominis	-0.0314129898617	-0.0182476200977	-0.000121838869366	-0.0185257922467	-0.0194059119886	-0.0500631599018	0.065554153448	-0.0292644505216	0.0296947670046	-0.00502725154821	-0.0442062686801	-0.00997581632539	-0.0224203961941	-0.029027217512	-0.0283530244866	-0.0737152122459	-0.0376934931048	0.0726886613794	-0.0717528736981	0.0269796536603	-0.0233032127864	-0.0449777759149	1.0	-0.040840067387	0.00805647248091	-0.0675677095657	-0.0069842128193	-0.0343493450741	-0.0230746382222	0.067052272185	-0.0155526393293	-0.0163728234458	-0.043135668909	-0.0198854219026	-0.0386845916739	-0.0096941384688	0.0516745457571	-0.00550827848775	-0.00246881715527	0.0507923178484	-0.00683326922961	0.0317041204399	-0.00800837286986	-0.0466466283256	0.00109214832444	-0.0285310174194	-0.00152069421964	0.0199018008763	0.0184641499237	-0.0303681738543	-0.00737327206687	0.0308590342843	0.00192268395192	-0.0108343228725	0.0523999753351	-0.0710914988659	0.00634606965209	0.0704467481199	-0.0127730826855
k__Bacteria;p__Actinobacteria;c__Actinobacteria;o__Bifidobacteriales;f__Bifidobacteriaceae;g__Bifidobacterium;s__Bifidobacterium_adolescentis	-0.0630327910576	-0.0395721803005	-0.000572132450769	-0.0391470309251	-0.0507443204142	-0.0152501945397	-0.0806303857804	0.0438969576783	-0.0127516293942	-0.0126126908425	-0.00764077415832	-0.0410939553764	0.0067400124069	-0.0104399303963	-0.018570716412	-0.0219864525424	-0.0284027059031	-0.0627015210957	-0.00302814725719	0.0068614682065	-0.0459163747462	0.0289481152592	-0.040840067387	1.0	-0.0674755833752	-0.0626860890452	-0.0521039245585	0.0164151471016	0.0361480140795	0.0035410818009	-0.0334676672505	-0.0239244198367	0.0305042163631	0.000748423901879	0.0194626083231	0.0442602338073	-0.0224586884755	-0.0485858797424	0.0323652719643	-0.00711915982086	-0.0702283887707	-0.0616170784953	-0.0492038710574	-0.00579448269741	0.00408864660919	0.00266299406198	0.0190262465908	-0.0120056495145	-0.0404013437664	0.010703628195	0.0139159266496	0.0470877623618	-0.0225873913006	0.0160742075071	0.0422864400182	-0.0727858069294	-0.0508660232499	0.0581347684813	0.0575758430053
k__Bacteria;p__Firmicutes;c__Clostridia;o__Clostridiales;f__Oscillospiraceae;g__Oscillibacter;s__Oscillibacter_sp._KLE_1745	0.0197349764722	0.0030314337293	-0.085871098241	-0.0696419297361	0.0284588325316	0.0463718815245	0.0274960911788	-0.00322366737973	0.00873412654289	0.00420749223642	-0.0423901188028	-0.0588894899203	-0.0083117304674	-0.0236052969369	0.0539915646197	0.0406509629276	-0.0520724138768	-0.00418727669399	0.00869376929555	-0.0649812015983	-0.0177579566547	-0.051874288187	0.00805647248091	-0.0674755833752	1.0	-0.0151968580087	0.0108136158167	-0.000410188384956	0.0525609964803	-0.0327034910014	0.0207586718534	-0.00543961313176	0.00752269821415	-0.0172728243965	-0.0945411666356	-0.0275714517019	0.0617508589148	-0.0130990884026	-0.0114466858506	-0.0478789999912	0.0904833137431	0.0521688142347	0.0920988227761	-0.0364934940013	0.0170379000586	-0.0287900418831	-0.0257021724032	-0.0179277910754	-0.00682120764096	0.0482696585252	0.00157742020964	0.0453957166701	-0.0267438053055	-0.0182204906399	0.0605981819518	-0.0667131183886	0.00637071315888	-0.00511625615174	0.00852524865968
k__Bacteria;p__Bacteroidetes;c__Bacteroidia;o__Bacteroidales;f__Bacteroidaceae;g__Bacteroides;s__Bacteroides_coprophilus	-0.0510868500836	-0.028710190451	-0.00367344024851	-0.0282565354959	-0.0886618998932	0.0481635553179	-0.0292749731173	-0.0264648178549	0.0458975921897	-0.0161943431537	0.0660656649579	-0.0202194433831	0.0153010902554	0.00275568438726	-0.0879513651834	-0.0777152623665	0.0658987055405	-0.0111989520322	-0.0215830275092	-0.0337298945781	-0.0238534101076	-0.0619242797228	-0.0675677095657	-0.0626860890452	-0.0151968580087	1.0	0.0320830149443	-0.00450469431355	0.00528917131197	-0.0294771306777	-0.0297046183014	-0.0613440146465	-0.0579814774982	0.0386880664422	-0.0126348301345	-0.00976656364606	0.0135133880185	0.0750636514794	0.0139475279659	0.053284678754	-0.00329122114484	-0.0458257949269	0.0239414262849	-0.0569671246355	-0.0640448626776	-0.0780729264319	0.0780466955928	-0.0115570321059	0.0424027904214	-0.0298813690623	0.00200068305452	-0.0428928627423	0.0285989160069	0.00474892845738	0.0154424890235	-0.0382991982962	-0.0177589246322	-0.0717742238284	0.0154579967149
k__Bacteria;p__Firmicutes;c__Clostridia;o__Clostridiales;f__Lachnospiraceae;g__Roseburia;s__Roseburia_intestinalis	-0.00208611797231	0.00276425249358	-0.0518837705538	-0.0229481761927	-0.00438213763968	-0.0323761245828	-0.0531640476476	-0.0408591521638	-0.0132553329307	-0.108606108344	0.061742386482	-0.00786465089258	0.000579630128022	-0.0145107978055	-0.0087242931868	0.0692010343246	-0.0175985700791	0.049551602787	-0.004095718156	-0.0037195828985	0.0498734336428	-0.0144279896136	-0.0069842128193	-0.0521039245585	0.0108136158167	0.0320830149443	1.0	0.0821038151679	-0.0200813900276	-0.0713684758724	0.010702315961	0.0189032541957	-0.0637175241186	0.00577588995296	0.0198045161826	0.0115729333659	-0.0401359403268	0.0327750800724	-0.0456629909716	-0.0798793866111	-0.0134121890994	0.0656909537122	0.0280560678822	-0.0186543675952	-0.00133015306049	-0.018742558981	-0.0446682518783	0.0224774592259	0.0199376573997	-0.0288149246044	-0.014412449245	0.0343410743082	-0.0382068571478	0.0478466360975	0.00135923809348	-0.0559252763196	0.0104630899645	-0.0643449261631	-0.0344364780903
k__Bacteria;p__Firmicutes;c__Clostridia;o__Clostridiales;f__Lachnospiraceae;g__Roseburia;s__Roseburia_hominis	0.0142961074676	-0.0566865102088	-0.0302185039493	0.00676895286603	-0.0239699277348	-0.0701967449433	0.0269157043888	-0.0424161761547	0.0747131318918	-0.0479955809441	-0.00727225103983	-0.130181716739	-0.0168035300423	-0.110016436827	-0.024112028201	-0.0262235976408	0.00561330354992	-0.0590534925469	-0.00795530511395	-0.0183375213994	-0.0253716063441	-0.0303421342577	-0.0343493450741	0.0164151471016	-0.000410188384956	-0.00450469431355	0.0821038151679	1.0	0.0446067719656	0.015246441833	-0.0213393137574	-0.0072151645222	-0.0354939247081	-0.00593056572001	-0.0416402036505	-0.0549063533321	0.00234693642535	0.0336821173899	0.00566472878524	0.0318566584872	0.0308855494634	0.0212685157029	0.0246711041911	-0.0369165535058	-0.0392815575238	0.0261002530721	-0.040627653164	0.00647014312195	0.0627834951085	-0.0641964427551	-0.0282064811345	-0.0118067756137	-0.000610543257066	-0.0134379818818	0.0192181423162	-0.0144842607817	-0.028691008229	-0.0662544130132	-0.0189880700206
k__Bacteria;p__Bacteroidetes;c__Bacteroidia;o__Bacteroidales;f__Porphyromonadaceae;g__Parabacteroides;s__Parabacteroides_johnsonii	0.0417270255919	0.00103258549208	0.00143530787615	-0.0990635886282	-0.0660867026632	0.0177422611762	-0.0777235101594	0.0287564681635	-0.0389067610485	-0.0158221798371	0.0263965699073	-0.0170257348435	-0.0240667414815	0.00669973647044	-0.0575648328405	-0.0108984205195	0.00380238428495	0.0470182663829	0.0221660967992	-0.00900029148095	-0.0828571188535	0.0557900870264	-0.0230746382222	0.0361480140795	0.0525609964803	0.00528917131197	-0.0200813900276	0.0446067719656	1.0	0.0559232008881	-0.0582332836813	-0.00718054191892	-0.0545246317337	-0.0275602093693	-0.0407090383469	-0.017752326196	0.0207859383028	0.0360126538398	0.0213940317864	-0.00327438484027	-0.00882915236234	-0.0428104259861	-0.0730511949372	0.0369555119251	0.0226005853008	0.049972086855	-0.0170557276442	0.0149126130444	-0.00689765598093	0.0071107827211	-0.0202398186673	0.107584668593	0.00518631039071	0.0117729873146	0.00653732474996	-0.0139286491628	-0.0641795433015	0.0276364578713	-0.0289234250883
k__Bacteria;p__Actinobacteria;c__Actinobacteria;o__Bifidobacteriales;f__Bifidobacteriaceae;g__Bifidobacterium;s__Bifidobacterium_longum	0.0277924798469	0.0235347597779	-0.000191616779847	-0.00266822016647	-0.0221359346843	-0.0523683916107	0.00871640901576	-0.0406968995636	-0.0192045238716	0.0647226481918	0.0578253760457	-0.0531854663437	-0.0145175556112	0.0134219975743	-0.0093974136714	0.0156229067708	-0.00969593428111	0.0300874620163	-0.0352211954895	0.136414353936	-0.00844010459656	-0.0298850638645	0.067052272185	0.0035410818009	-0.0327034910014	-0.0294771306777	-0.0713684758724	0.015246441833	0.0559232008881	1.0	-0.0350515748255	0.00623195943191	-0.0459767670714	-0.0821243290285	-0.0492209105965	-0.0591878795263	0.00917679834993	-0.0346978090427	0.0414027069855	0.0549784419475	-0.0150803711627	0.0260665431869	0.000540574443711	-0.0416953609559	-0.0301490670635	-0.0585637849547	-0.0330046373601	0.0244542393105	0.00371178431161	-0.0301050191602	0.0153803073722	-0.0655547186028	0.0223028709031	-0.0231760299704	-0.0377587974818	-0.0458527202793	-0.0194047994613	0.00993031439268	-0.0161035609976
