#taxonomy	k__Bacteria;p__Bacteroidetes;c__Bacteroidia;o__Bacteroidales;f__Bacteroidaceae;g__Bacteroides;s__Bacteroides_vulgatus	k__Bacteria;p__Bacteroidetes;c__Bacteroidia;o__Bacteroidales;f__Bacteroidaceae;g__Bacteroides;s__Bacteroides_uniformis	k__Bacteria;p__Bacteroidetes;c__Bacteroidia;o__Bacteroidales;f__Rikenellaceae;g__Alistipes;s__Alistipes_putredinis	k__Bacteria;p__Bacteroidetes;c__Bacteroidia;o__Bacteroidales;f__Prevotellaceae;g__Prevotella;s__Prevotella_copri	k__Bacteria;p__Bacteroidetes;c__Bacteroidia;o__Bacteroidales;f__Bacteroidaceae;g__Bacteroides;s__Bacteroides_stercoris	k__Bacteria;p__Bacteroidetes;c__Bacteroidia;o__Bacteroidales;f__Bacteroidaceae;g__Bacteroides;s__Bacteroides_ovatus	k__Bacteria;p__Bacteroidetes;c__Bacteroidia;o__Bacteroidales;f__Rikenellaceae;g__Alistipes;s__Alistipes_shahii	k__Bacteria;p__Firmicutes;c__Clostridia;o__Clostridiales;f__Ruminococcaceae;g__Faecalibacterium;s__Faecalibacterium_prausnitzii	k__Bacteria;p__Bacteroidetes;c__Bacteroidia;o__Bacteroidales;f__Rikenellaceae;g__Alistipes;s__Alistipes_finegoldii	k__Bacteria;p__Bacteroidetes;c__Bacteroidia;o__Bacteroidales;f__Porphyromonadaceae;g__Parabacteroides;s__Parabacteroides_distasonis	k__Bacteria;p__Bacteroidetes;c__Bacteroidia;o__Bacteroidales;f__Bacteroidaceae;g__Bacteroides;s__Bacteroides_thetaiotaomicron	k__Bacteria;p__Bacteroidetes;c__Bacteroidia;o__Bacteroidales;f__Bacteroidaceae;g__Bacteroides;s__Bacteroides_coprocola	k__Bacteria;p__Bacteroidetes;c__Bacteroidia;o__Bacteroidales;f__Bacteroidaceae;g__Bacteroides;s__Bacteroides_cellulosilyticus	k__Bacteria;p__Bacteroidetes;c__Bacteroidia;o__Bacteroidales;f__Rikenellaceae;g__Alistipes;s__Alistipes_obesi	k__Bacteria;p__Firmicutes;c__Clostridia;o__Clostridiales;f__Lachnospiraceae;g__;s__[Eubacterium]_rectale	k__Bacteria;p__Bacteroidetes;c__Bacteroidia;o__Bacteroidales;f__Bacteroidaceae;g__Bacteroides;s__Bacteroides_plebeius	k__Bacteria;p__Bacteroidetes;c__Bacteroidia;o__Bacteroidales;f__Bacteroidaceae;g__Bacteroides;s__Bacteroides_fragilis	k__Bacteria;p__Proteobacteria;c__Betaproteobacteria;o__Burkholderiales;f__Sutterellaceae;g__Sutterella;s__Sutterella_wadsworthensis	k__Bacteria;p__Bacteroidetes;c__Bacteroidia;o__Bacteroidales;f__Porphyromonadaceae;g__Barnesiella;s__Barnesiella_intestinihominis	k__Bacteria;p__Bacteroidetes;c__Bacteroidia;o__Bacteroidales;f__Odoribacteraceae;g__Odoribacter;s__Odoribacter_splanchnicus	k__Bacteria;p__Bacteroidetes;c__Bacteroidia;o__Bacteroidales;f__Bacteroidaceae;g__Bacteroides;s__Bacteroides_salyersiae	k__Bacteria;p__Firmicutes;c__Clostridia;o__Clostridiales;f__Ruminococcaceae;g__Ruminiclostridium;s__[Eubacterium]_siraeum	k__Bacteria;p__Proteobacteria;c__Betaproteobacteria;o__Burkholderiales;f__Sutterellaceae;g__Parasutterella;s__Parasutterella_excrementihominis	k__Bacteria;p__Actinobacteria;c__Actinobacteria;o__Bifidobacteriales;f__Bifidobacteriaceae;g__Bifidobacterium;s__Bifidobacterium_adolescentis	k__Bacteria;p__Firmicutes;c__Clostridia;o__Clostridiales;f__Oscillospiraceae;g__Oscillibacter;s__Oscillibacter_sp._KLE_1745	k__Bacteria;p__Bacteroidetes;c__Bacteroidia;o__Bacteroidales;f__Bacteroidaceae;g__Bacteroides;s__Bacteroides_coprophilus	k__Bacteria;p__Firmicutes;c__Clostridia;o__Clostridiales;f__Lachnospiraceae;g__Roseburia;s__Roseburia_intestinalis	k__Bacteria;p__Firmicutes;c__Clostridia;o__Clostridiales;f__Lachnospiraceae;g__Roseburia;s__Roseburia_hominis	k__Bacteria;p__Bacteroidetes;c__Bacteroidia;o__Bacteroidales;f__Porphyromonadaceae;g__Parabacteroides;s__Parabacteroides_johnsonii	k__Bacteria;p__Actinobacteria;c__Actinobacteria;o__Bifidobacteriales;f__Bifidobacteriaceae;g__Bifidobacterium;s__Bifidobacterium_longum	k__Bacteria;p__Firmicutes;c__Clostridia;o__Clostridiales;f__;g__Flavonifractor;s__Flavonifractor_plautii	k__Bacteria;p__Firmicutes;c__Clostridia;o__Clostridiales;f__Clostridiaceae;g__Clostridium;s__Clostridium_phoceensis	k__Bacteria;p__Verrucomicrobia;c__Verrucomicrobiae;o__Verrucomicrobiales;f__Akkermansiaceae;g__Akkermansia;s__Akkermansia_muciniphila	k__Bacteria;p__Bacteroidetes;c__Bacteroidia;o__Bacteroidales;f__Prevotellaceae;g__Paraprevotella;s__Paraprevotella_xylaniphila	k__Bacteria;p__Firmicutes;c__Clostridia;o__Clostridiales;f__Ruminococcaceae;g__Ruminococcus;s__Ruminococcus_callidus	k__Bacteria;p__Bacteroidetes;c__Bacteroidia;o__Bacteroidales;f__Rikenellaceae;g__Alistipes;s__Alistipes_senegalensis	k__Bacteria;p__Firmicutes;c__Clostridia;o__Clostridiales;f__Lachnospiraceae;g__Blautia;s__Blautia_sp._KLE_1732	k__Bacteria;p__Bacteroidetes;c__Bacteroidia;o__Bacteroidales;f__Bacteroidaceae;g__Bacteroides;s__Bacteroides_oleiciplenus	k__Bacteria;p__Firmicutes;c__Clostridia;o__Clostridiales;f__Ruminococcaceae;g__Ruminococcus;s__Ruminococcus_bicirculans	k__Bacteria;p__Bacteroidetes;c__Bacteroidia;o__Bacteroidales;f__Bacteroidaceae;g__Bacteroides;s__Bacteroides_fluxus	k__Bacteria;p__Bacteroidetes;c__Bacteroidia;o__Bacteroidales;f__Prevotellaceae;g__Prevotella;s__Prevotella_stercorea	k__Bacteria;p__Firmicutes;c__Clostridia;o__Clostridiales;f__Lachnospiraceae;g__Dorea;s__Dorea_longicatena	k__Bacteria;p__Firmicutes;c__Clostridia;o__Clostridiales;f__Eubacteriaceae;g__Eubacterium;s__[Eubacterium]_eligens	k__Bacteria;p__Firmicutes;c__Clostridia;o__Clostridiales;f__Ruminococcaceae;g__;s__Ruminococcaceae_bacterium_D16	k__Bacteria;p__Firmicutes;c__Clostridia;o__Clostridiales;f__Lachnospiraceae;g__Coprococcus;s__Coprococcus_comes	k__Bacteria;p__Proteobacteria;c__Gammaproteobacteria;o__Enterobacterales;f__Enterobacteriaceae;g__Escherichia;s__Escherichia_coli	k__Bacteria;p__Firmicutes;c__Clostridia;o__Clostridiales;f__Ruminococcaceae;g__Anaerotruncus;s__Anaerotruncus_colihominis	k__Bacteria;p__Firmicutes;c__Clostridia;o__Clostridiales;f__Lachnospiraceae;g__Blautia;s__Blautia_obeum	k__Bacteria;p__Bacteroidetes;c__Bacteroidia;o__Bacteroidales;f__Odoribacteraceae;g__Odoribacter;s__Odoribacter_laneus	k__Bacteria;p__Firmicutes;c__Clostridia;o__Clostridiales;f__Ruminococcaceae;g__Ruminiclostridium;s__[Clostridium]_leptum	k__Bacteria;p__Bacteroidetes;c__Bacteroidia;o__Bacteroidales;f__Porphyromonadaceae;g__Parabacteroides;s__Parabacteroides_goldsteinii	k__Bacteria;p__Firmicutes;c__Clostridia;o__Clostridiales;f__Lachnospiraceae;g__Anaerostipes;s__Anaerostipes_hadrus	k__Bacteria;p__Firmicutes;c__Clostridia;o__Clostridiales;f__Ruminococcaceae;g__Ruminococcus;s__Ruminococcus_lactaris	k__Bacteria;p__Firmicutes;c__Clostridia;o__Clostridiales;f__Clostridiaceae;g__Clostridium;s__Clostridium_sp._L2-50	k__Bacteria;p__Firmicutes;c__Clostridia;o__Clostridiales;f__Clostridiaceae;g__Clostridium;s__Clostridium_sp._M62/1	k__Bacteria;p__Firmicutes;c__Clostridia;o__Clostridiales;f__;g__Intestinimonas;s__Intestinimonas_butyriciproducens	k__Bacteria;p__Actinobacteria;c__Actinobacteria;o__Bifidobacteriales;f__Bifidobacteriaceae;g__Bifidobacterium;s__Bifidobacterium_bifidum	k__Bacteria;p__Firmicutes;c__Negativicutes;o__Veillonellales;f__Veillonellaceae;g__Dialister;s__Dialister_invisus	k__Bacteria;p__Bacteroidetes;c__Bacteroidia;o__Bacteroidales;f__Bacteroidaceae;g__Bacteroides;s__Bacteroides_salanitronis
k__Bacteria;p__Bacteroidetes;c__Bacteroidia;o__Bacteroidales;f__Bacteroidaceae;g__Bacteroides;s__Bacteroides_vulgatus	1.0	0.0336553874021	-0.0485620106413	0.0315352312896	0.0882085865018	0.0172443966781	0.056262270888	0.0154610675655	-0.0288532056696	0.0373217494383	0.0353911476254	-0.0271156311097	-0.0556885289602	-0.0247202309359	0.0155342659766	0.00319577648342	-0.0161951556582	-0.0505717749546	-0.074098345267	-0.0580064126836	-0.0982200945297	-0.0229706624263	0.0619052085812	-0.00761530608235	-0.0423868762816	-0.0126810482961	0.0132640300541	-0.047509307017	0.0112908388684	0.0397785856569	-0.0161920626716	-0.122042082264	0.0555583216542	-0.0639186980197	0.0317875487594	0.0265156230252	-0.0242611567381	-0.122410994547	-0.0719218170741	-0.0185912275437	0.0152673326628	0.0174107737249	-0.0235216905081	-0.0827571088466	-0.0346870807613	0.0475357530994	-0.116726304022	-0.111143152558	0.0467728901846	-0.00348241948477	0.0126041537983	0.0363652163284	0.0301114887657	0.0460731325072	-0.0184129492692	-0.00243178187896	-0.0146060633166	-0.0255091526524	0.0142532680174
k__Bacteria;p__Bacteroidetes;c__Bacteroidia;o__Bacteroidales;f__Bacteroidaceae;g__Bacteroides;s__Bacteroides_uniformis	0.0336553874021	1.0	-0.0113821566339	-0.0215258120024	0.00987478687256	-0.00422078564276	0.0552746467129	0.0377648709884	-0.0627660502305	-0.0532459550336	0.0339101386817	-0.019884621423	-0.0281690110178	-0.0617153284164	0.00304449953461	-0.0182176480956	0.0260940394883	-0.0828659485616	0.00128554396006	-0.0875842898759	-0.0493382560905	-0.067476674748	0.0281273877063	-0.0164226872755	-0.000733842132104	0.046328659194	0.063160069847	-0.0191852754077	0.0158261184342	-0.0545845495688	0.0268271007367	0.00366616009847	-0.0569756931255	0.0448675141908	0.00740588242651	0.0423287654268	0.0207909798669	-0.025167586655	-0.030348974824	0.0300541958032	-0.0643583995194	0.0169999863219	-0.0499111309048	-0.113569948736	0.0210842121877	0.0330206664035	-0.0186058139647	0.0590612713923	-0.070365635849	0.103528587706	0.0500495482672	-0.0122411215107	-0.0355691153322	-0.0855145797261	-0.0425101343525	0.034757116095	-0.0381503843656	0.00313558992635	0.000813704003216
k__Bacteria;p__Bacteroidetes;c__Bacteroidia;o__Bacteroidales;f__Rikenellaceae;g__Alistipes;s__Alistipes_putredinis	-0.0485620106413	-0.0113821566339	1.0	-0.06015291358	0.103227259519	-0.0645760129166	-0.0450843713244	0.0358954275102	0.0872076226746	0.0149142631026	-0.0416106997775	-0.0182098516495	-0.0554653883034	-0.0285815410653	0.0646285664284	-0.0625524251011	-0.0335943642227	-0.0669441850228	0.00192863856216	0.00575829222925	-0.00661517469814	-0.0472550835122	-0.00783123652114	-0.0145638293984	-0.0562712858322	0.00093883674782	0.0369462363574	-0.0488920545139	8.16939598472e-05	0.0393866401376	-0.0323096475869	0.0275645151424	0.00163452229609	-0.0653350164448	0.00824666580768	-0.0403777486996	-0.0883887495812	0.0309846781395	-0.0272433921372	-0.0154632767157	-0.0484979725602	-0.0345295184207	-8.34492085494e-05	-0.0420649529721	0.0119275432089	-0.0136559753192	-0.0533722833759	-0.0236115987362	-0.0312429852133	-0.00847543643746	0.00350537529332	0.0137841899087	0.0893793444011	0.0232070952205	-0.072935588835	-0.0883874858382	0.000629854808379	-0.0374682639632	-0.0406516554539
k__Bacteria;p__Bacteroidetes;c__Bacteroidia;o__Bacteroidales;f__Prevotellaceae;g__Prevotella;s__Prevotella_copri	0.0315352312896	-0.0215258120024	-0.06015291358	1.0	-0.0332305492929	-0.00866779810367	0.024891369295	-0.00874875528311	-0.0421631646057	0.0589784785039	-0.0158475859517	-0.00833710719679	-0.0411741130401	-0.0413807826414	-0.0141994477554	-0.014668206699	0.00906578895337	-0.0250450865103	-0.0192532626974	0.00156575347198	0.0295287329546	-0.0594661138884	0.0148114327735	-0.0606470958138	-0.0444767123539	-0.00831675666702	0.0232642135367	-0.0148826520401	-0.033618240343	0.00212132831195	-0.0455379498145	-0.0531961786325	-0.0290948371716	-0.0811265774118	-0.0535594212842	0.000304654920566	-0.0300978150238	0.0241950678816	-0.04920984952	-0.0819707653029	-0.0100362112621	0.000399062515975	0.0233842740096	0.0960666172576	-0.00555744877784	0.0156906574493	-0.0465330919524	-0.00303155765447	-0.0189905639926	0.000417592407967	0.0121261794803	0.0156986337609	0.00258312192197	-0.0400183778041	-0.0402110282641	-0.0698454974111	-0.0379245823663	0.00851108437964	0.0320552345764
k__Bacteria;p__Bacteroidetes;c__Bacteroidia;o__Bacteroidales;f__Bacteroidaceae;g__Bacteroides;s__Bacteroides_stercoris	0.0882085865018	0.00987478687256	0.103227259519	-0.0332305492929	1.0	-0.0847763492601	-0.0651146743187	-0.0412575210497	-0.0534822528869	-0.0571329990144	0.0220936311394	0.0389391502919	0.0289191870121	0.00517670173472	-0.0197359673983	0.0187059463295	-0.00539442626516	-0.010887358694	0.0184670630768	-0.018010530447	-0.00225674752524	0.0243412185837	-0.0262038933663	-0.0854108500739	-0.0275210980299	0.0218352992129	-0.0511620395852	0.00447678013225	0.0527933498325	-0.0140490637918	-0.0802154442252	0.0252689964684	0.0197845474869	-0.0317744432281	0.022834893136	-0.0278937566186	-0.0102164069905	-0.000679382257623	0.0184499115065	0.0572989795066	0.0133535627645	0.0179775916661	0.0440497039161	-0.016842270817	-0.00177151902542	0.0289148194212	0.0150357600483	-0.0793552367249	-0.0348433534009	-0.030190140895	0.0656624636243	0.0441686896761	-0.0979244200526	-0.0560162416082	-0.0383048321838	0.0945268777414	0.0491369959782	-0.0817886881926	-0.0247756268102
k__Bacteria;p__Bacteroidetes;c__Bacteroidia;o__Bacteroidales;f__Bacteroidaceae;g__Bacteroides;s__Bacteroides_ovatus	0.0172443966781	-0.00422078564276	-0.0645760129166	-0.00866779810367	-0.0847763492601	1.0	0.0173120455676	-0.085388474801	-0.00285665377763	0.0504600403146	0.0200280461819	-0.0219141181695	0.0249656097235	-0.0217410550175	-0.00160703457866	0.0146275488675	-0.0295988943619	-0.00622339772605	-0.0725553809363	-0.052685670636	0.00427975814068	-0.0087091906071	0.0315827791338	-0.000675794853316	-0.00503185301058	0.0538711483233	-0.0117914340749	-0.015239120832	-0.0225900891973	-0.0183063540175	-0.0359253797403	-0.0420351801496	-0.0238316143333	0.0471813400814	0.0367144065957	0.0045922922996	0.0219868026078	0.0329388324629	-0.0324045069331	-0.051879194722	0.0103355892379	0.0340657969093	0.00756972124596	-0.0313692614651	0.0335359491548	-0.00922479768325	1.4120793159e-05	0.0467377193674	0.0324108858167	-0.0352096034783	0.00647881826964	0.0104981121654	0.00274554769491	-0.0288333696706	0.0272675727612	-0.0310419245913	-0.0124411437033	-0.0546701751704	-0.0204429699798
k__Bacteria;p__Bacteroidetes;c__Bacteroidia;o__Bacteroidales;f__Rikenellaceae;g__Alistipes;s__Alistipes_shahii	0.056262270888	0.0552746467129	-0.0450843713244	0.024891369295	-0.0651146743187	0.0173120455676	1.0	0.0337310418064	-0.0117267983989	-0.00615690966027	-0.020245953335	0.0299083676246	0.029654344118	0.00789268398898	-0.0965746602282	0.00798206204827	0.00639912501108	-0.0665240290276	0.00137967620424	0.0039554405494	-0.0427268777101	-0.041489190054	0.0698690443637	-0.00900297600617	0.00168418481548	0.0238259397463	-0.0450063864879	-0.0163189356994	0.0530615453854	0.0274716287629	-0.0195541343383	0.0130832134272	-0.0305906584934	-0.0535461867802	0.00203840627267	-0.0750899208375	0.0798926438021	-0.00559951669244	-0.0262238389834	-0.0381066764921	-0.0153031158418	-0.0480501990223	-0.0482320455618	-0.0332776135503	0.00543907245322	0.0276542615893	-0.0370634924916	0.0128109075926	-0.0180159323583	0.0041604033943	0.0122277289206	-0.107286972878	-0.0433957044748	0.0120948218495	0.0748272608594	-0.00521867699307	0.00346188190247	0.0473360651225	-0.0299693810995
k__Bacteria;p__Firmicutes;c__Clostridia;o__Clostridiales;f__Ruminococcaceae;g__Faecalibacterium;s__Faecalibacterium_prausnitzii	0.0154610675655	0.0377648709884	0.0358954275102	-0.00874875528311	-0.0412575210497	-0.085388474801	0.0337310418064	1.0	-0.0690054932234	0.00154800632566	-0.0689489720893	0.0567890587644	-0.0439960790051	-0.00791749402984	0.0469739766751	-0.0235754701125	0.0563690727243	0.077600909531	-0.0256801729201	0.0811706315864	0.0132723508836	0.0290641795603	0.0226245175156	0.0148777756469	-0.0267032401004	-0.0129481537985	0.0535903080364	-0.0484467924966	-0.0956686230438	-0.0771329245375	0.00892449151035	0.0511027820483	-0.0224847623516	-0.0493803140729	0.0253997982289	-0.0456558513403	-0.0214794544626	0.0108473062372	0.047606523582	0.00417836655058	-0.0373475275888	-0.00803067341035	-0.0263195214154	-0.0202636981682	0.00590228155608	-0.0497525097194	-0.00948265876795	-0.0174035590038	-0.018184516168	-0.0443289649037	0.0830814319734	-0.0332378207114	0.0161507690253	-0.0277852506019	0.0129592205303	-0.0433165652936	0.00247988268464	0.0552142657926	-0.022650698204
k__Bacteria;p__Bacteroidetes;c__Bacteroidia;o__Bacteroidales;f__Rikenellaceae;g__Alistipes;s__Alistipes_finegoldii	-0.0288532056696	-0.0627660502305	0.0872076226746	-0.0421631646057	-0.0534822528869	-0.00285665377763	-0.0117267983989	-0.0690054932234	1.0	0.00818311611431	-0.0167744402155	-0.05615547654	-0.0352378690369	0.0018047618709	0.0541143328142	-0.0165382582629	-0.109519995376	-0.0171968540752	-0.0122955616642	-0.0594634171119	-0.0251384521177	-0.00214993491801	-0.0131633376365	0.0118471853297	-0.0728748325388	0.00998748621125	0.00793463902692	0.0582612529003	-0.00909839162369	-0.0159810719466	-0.0682004280089	0.0180456089625	-0.0262442794857	0.0134638515894	0.00776271597017	0.0476859341405	-0.0598000065037	0.0424803352157	0.0616658291438	-0.0532681110472	-0.0541290025344	0.0048276020364	-0.0558873273472	0.0138659558701	-0.0705224548031	0.0145621776706	0.00430148125313	-0.0470365965685	0.0248107639035	-0.059910153862	0.0287002226038	-0.00989763384088	0.00959089587023	-0.0448057782633	-0.0292394743864	0.127573128196	0.0105098156441	0.000931645360879	-0.0088334230355
k__Bacteria;p__Bacteroidetes;c__Bacteroidia;o__Bacteroidales;f__Porphyromonadaceae;g__Parabacteroides;s__Parabacteroides_distasonis	0.0373217494383	-0.0532459550336	0.0149142631026	0.0589784785039	-0.0571329990144	0.0504600403146	-0.00615690966027	0.00154800632566	0.00818311611431	1.0	-0.0260744472587	-0.0210431255559	-0.0261456179112	-0.0217031396184	-0.0319566756591	-0.067142548514	-0.015094696214	-0.0508033311197	0.0300007853494	-0.0405226095677	0.00440023842688	-0.0683584222059	0.0138478118772	0.0314213399944	-0.0205659755625	-0.0192547811927	-0.00509013616849	-0.0745060465233	0.00854899173123	-0.0382482953763	0.00403651845461	-0.0445876716491	0.00348980008608	-0.00600893741364	-0.0317367535322	-0.0337883672706	-0.022936388953	-0.0403244226269	0.0271082338019	-0.0675920885015	-0.0431665931783	-0.0628240217819	0.0155638104974	0.00455373912387	-0.0296153739477	-0.0391682014947	-0.00946675131371	0.0282905379026	-0.0107877278311	-0.0811416373593	-0.0364617595207	-0.0448988246712	-0.0129133625011	0.0156935872031	0.0391722601413	0.0071597313152	0.01316999735	-0.0409526242985	-0.0943740297865
k__Bacteria;p__Bacteroidetes;c__Bacteroidia;o__Bacteroidales;f__Bacteroidaceae;g__Bacteroides;s__Bacteroides_thetaiotaomicron	0.0353911476254	0.0339101386817	-0.0416106997775	-0.0158475859517	0.0220936311394	0.0200280461819	-0.020245953335	-0.0689489720893	-0.0167744402155	-0.0260744472587	1.0	-0.0493501167333	0.0432177445485	0.00958591720205	-0.0287538253856	0.0128116926125	-0.0209307733393	0.0179116613751	-0.0165446493497	0.0327292950299	0.016443152283	0.00986280979105	0.00521006050555	0.0472746682732	-0.0077567880356	0.00429512205407	-0.0413649394821	-0.047474580937	-0.0290300431446	-0.0238934544127	-0.086104575266	0.00945629705355	-0.0325979266048	-0.0318113972468	-0.0163933528405	0.034132971106	0.0127567639519	0.00885535242987	0.0106019938636	0.0420623815087	-0.0340117883768	0.0539036888382	0.00473209218993	-0.0756371884278	-0.0316367337892	-0.0205218845677	-4.74058289408e-05	-0.0192133591768	0.0934669584249	-0.0205775452038	0.0179199137236	0.0186464821113	0.0127293879478	0.00256113421701	0.0102300538021	-0.021305084248	-0.0892233005949	-0.0820188017768	-0.0173670188627
k__Bacteria;p__Bacteroidetes;c__Bacteroidia;o__Bacteroidales;f__Bacteroidaceae;g__Bacteroides;s__Bacteroides_coprocola	-0.0271156311097	-0.019884621423	-0.0182098516495	-0.00833710719679	0.0389391502919	-0.0219141181695	0.0299083676246	0.0567890587644	-0.05615547654	-0.0210431255559	-0.0493501167333	1.0	-0.0782753249151	-0.00462052967404	-0.0412546900083	0.0434990545869	0.00751808745549	-0.0929686365031	-0.0478351187406	0.0512629736776	-0.00345025271458	0.0255535479032	-0.07863964429	0.0059874604214	-0.0285547930485	0.015661631587	-0.0399019724249	-0.000478475432492	-0.00206309041996	-0.0479339774119	0.00379612030952	-0.00311085448335	-0.00478507276721	0.00654433727647	0.00893694601711	0.000552382339054	-0.0113397170221	-0.0249436329902	-0.0946396864883	-0.0711204056588	-0.0611983237184	0.0212135478464	-0.0568408029025	-0.00855985809631	-0.0650288986165	-0.0346828085943	-0.0926262475873	0.0539695222935	0.0256908307319	0.000320769352734	-0.0188604786228	0.016009442862	-0.0433777805893	0.0192550565099	-0.0423820670564	-0.0546120457959	0.0663308660871	0.0523907932889	-0.0250121808049
k__Bacteria;p__Bacteroidetes;c__Bacteroidia;o__Bacteroidales;f__Bacteroidaceae;g__Bacteroides;s__Bacteroides_cellulosilyticus	-0.0556885289602	-0.0281690110178	-0.0554653883034	-0.0411741130401	0.0289191870121	0.0249656097235	0.029654344118	-0.0439960790051	-0.0352378690369	-0.0261456179112	0.0432177445485	-0.0782753249151	1.0	0.0349679368462	-0.0032039791317	-0.00105105478868	-0.0310319006427	0.0429020208461	0.0482883137795	-0.00344685480732	0.0812620083094	-0.0434879185487	0.00485657899216	0.0272724515084	0.00845071586182	0.00409334817418	0.0439160565393	-0.0344566394568	-0.0233544521854	-0.0093690569951	-0.0228180393619	0.0071529484849	-0.0150856867805	0.0161570578405	-0.033353162549	0.0223855148517	0.0562482975656	-0.0381679460159	0.0429852501544	0.0277861310941	-0.028319613276	-0.0444284533223	0.0220875224485	0.0167638501819	0.00710092090329	0.0693178347362	-0.0253358954327	-0.0777520683621	0.0476795863207	0.0123167475744	-0.00800469581847	-0.070895977714	-0.0239572672305	-0.0703774391232	-0.000471808685691	-0.0509330582296	-0.0109814867946	0.0186025102283	-0.069356703291
k__Bacteria;p__Bacteroidetes;c__Bacteroidia;o__Bacteroidales;f__Rikenellaceae;g__Alistipes;s__Alistipes_obesi	-0.0247202309359	-0.0617153284164	-0.0285815410653	-0.0413807826414	0.00517670173472	-0.0217410550175	0.00789268398898	-0.00791749402984	0.0018047618709	-0.0217031396184	0.00958591720205	-0.00462052967404	0.0349679368462	1.0	-0.0265484735127	0.0527931808252	0.0240154749367	-0.0460038978788	-0.0572686526677	-0.0156261977364	-0.0190207970807	-0.0605802134793	-0.0225465368351	-0.0572386894245	-0.0675780158702	0.0248343361945	-0.0447402168391	0.0411909210965	-0.00600923242723	0.0380861024385	-0.0274656856241	-0.027342416821	-0.00641784060671	0.000387637796601	0.00536340398506	-0.0167600031935	-0.0823603899885	-0.000462007495981	0.0429852061201	-0.0238617675756	0.0475192600339	-0.0594974939348	0.0322907383785	-0.0207720397634	-0.0361865717927	0.0804057251654	0.0362804234375	-0.0466201347415	0.0387758583719	0.0205025728818	-0.047190698337	0.039021501331	0.0470250644764	-0.0324326786537	0.00777566307643	-0.0835243439602	-0.0296633542647	-0.0647622590732	-0.0186162194597
k__Bacteria;p__Firmicutes;c__Clostridia;o__Clostridiales;f__Lachnospiraceae;g__;s__[Eubacterium]_rectale	0.0155342659766	0.00304449953461	0.0646285664284	-0.0141994477554	-0.0197359673983	-0.00160703457866	-0.0965746602282	0.0469739766751	0.0541143328142	-0.0319566756591	-0.0287538253856	-0.0412546900083	-0.0032039791317	-0.0265484735127	1.0	0.0299254253442	-0.0665132272515	-0.0170013192793	0.0027680031175	-0.0180807376551	0.052281281946	0.00969984971766	-0.090713974268	-0.0269472436881	-0.0438477437161	-0.0148267697089	-0.0356826643936	0.0163815849491	-0.0724968691077	-0.0249034988284	-0.0145670065982	-0.0787038418394	-0.0554540486421	-0.0546531377616	-0.0290455199492	0.0326240713825	-0.0517330212086	-0.0589550721545	0.0593162518697	-0.0109793977363	-0.0210082105792	-0.0157252336979	-0.0223499527479	0.0260046175117	-0.0222022010944	0.0299339008568	-0.0244139698175	0.025336745117	0.0263071414151	-0.00794866081637	-0.0449854211385	-0.0522981542749	0.00301480409231	-0.0360906171365	-0.0100213917032	-0.0114919813087	-0.0259651648198	0.0600115545928	0.0432605044979
k__Bacteria;p__Bacteroidetes;c__Bacteroidia;o__Bacteroidales;f__Bacteroidaceae;g__Bacteroides;s__Bacteroides_plebeius	0.00319577648342	-0.0182176480956	-0.0625524251011	-0.014668206699	0.0187059463295	0.0146275488675	0.00798206204827	-0.0235754701125	-0.0165382582629	-0.067142548514	0.0128116926125	0.0434990545869	-0.00105105478868	0.0527931808252	0.0299254253442	1.0	-0.0551603415998	-0.00405069699252	-0.00555280630758	-0.00963230414217	-0.0392027940401	0.00425752371384	-0.0625975696422	-0.0376040882678	0.0655891565896	-0.0107650998708	-0.0135232443241	0.0985062710143	-0.0342940627509	0.0317866065226	-0.012668042273	0.0343105225165	-0.0489941248389	-0.047688471184	-0.0506757291403	-0.0472194645348	-0.0202507187332	-0.0617616321207	-0.00723975851319	0.0783110890997	-0.00152363515218	0.0152211371977	0.0604333307638	-0.0219540817583	0.0273126165668	-0.0395636650296	-0.00531387712558	0.023014584463	-0.0170075660279	0.0295984844392	-0.03029614364	-0.00773900645831	-0.0475825561643	0.0155940609024	-0.0644011625505	-0.0347362156322	0.0292817888861	-0.0342740079019	0.0740839484359
k__Bacteria;p__Bacteroidetes;c__Bacteroidia;o__Bacteroidales;f__Bacteroidaceae;g__Bacteroides;s__Bacteroides_fragilis	-0.0161951556582	0.0260940394883	-0.0335943642227	0.00906578895337	-0.00539442626516	-0.0295988943619	0.00639912501108	0.0563690727243	-0.109519995376	-0.015094696214	-0.0209307733393	0.00751808745549	-0.0310319006427	0.0240154749367	-0.0665132272515	-0.0551603415998	1.0	0.00691462183201	-0.0340134071184	-0.0163585630186	-0.0282639294891	-0.0208491247734	-0.0573648054143	0.00123909809065	0.0401667410476	0.0193847608864	-0.00573916388491	0.00706051271333	-0.0285920253265	-0.0088363257618	0.0540202991001	-0.0104450548089	-0.0216272132064	-0.0294053717942	-3.54498047209e-05	-0.0164881516266	-0.017989761632	-0.0447618018953	-0.0210618587385	-0.03617317783	-0.0395876989697	-0.00606025786707	0.0182239784435	0.00436717157205	-0.00528447724589	-0.0259970022465	-0.0434674178391	-0.0340998095526	-0.000110790848951	0.0206612238122	0.0136667861249	-0.00169722004899	0.0481390078278	-0.0310453913857	-0.0130036464506	0.00414181084748	-0.0251428743091	-0.0199878522501	0.0550174814437
k__Bacteria;p__Proteobacteria;c__Betaproteobacteria;o__Burkholderiales;f__Sutterellaceae;g__Sutterella;s__Sutterella_wadsworthensis	-0.0505717749546	-0.0828659485616	-0.0669441850228	-0.0250450865103	-0.010887358694	-0.00622339772605	-0.0665240290276	0.077600909531	-0.0171968540752	-0.0508033311197	0.0179116613751	-0.0929686365031	0.0429020208461	-0.0460038978788	-0.0170013192793	-0.00405069699252	0.006914621832	1.0	0.0225392943653	-0.0163302154906	0.0418964550388	0.0202235222137	-0.0679350065611	-0.00913133024368	-0.0505016303438	-0.0293482391768	-0.0912671067214	-0.0398929796868	-0.0659569580431	-0.0449428106233	0.00660680571439	-0.0561948124937	-0.00603766045336	0.0103301713252	0.0183734278598	0.0660068581145	-0.0475364975458	-0.0072767186288	-0.0441064686789	0.0348357183781	0.0349927706106	-0.0092779539183	0.00756695233105	-0.0791649706629	-0.00175503404994	-0.0377192424035	0.0554162950371	0.0157916199269	-0.015164652031	0.00638342367857	0.0355765320587	0.0381445437263	-0.0417699430692	0.00672587629114	-0.0571744485532	-0.0265248565626	0.00334730749579	0.00135747280726	-0.0317639382679
k__Bacteria;p__Bacteroidetes;c__Bacteroidia;o__Bacteroidales;f__Porphyromonadaceae;g__Barnesiella;s__Barnesiella_intestinihominis	-0.074098345267	0.00128554396006	0.00192863856216	-0.0192532626974	0.0184670630768	-0.0725553809363	0.00137967620424	-0.0256801729201	-0.0122955616642	0.0300007853494	-0.0165446493497	-0.0478351187406	0.0482883137795	-0.0572686526677	0.00276800311749	-0.00555280630758	-0.0340134071184	0.0225392943653	1.0	0.0738291887177	-0.035370905714	-0.0164471233266	0.0598530943019	-0.023759228874	-0.0145302321259	-0.0159509096977	0.00150276522033	-0.0234925315199	-0.0182049684117	-0.0460908457478	0.0208822332442	0.0134287056925	0.0853812433675	-0.0625887512264	0.0560997897298	-0.0540228783386	0.00363952634171	-0.0439969721499	0.0681010529202	-0.00874504407995	-0.0708779373729	-0.0164502285853	-0.015980981847	0.0319383838658	-0.00134793004939	-0.013476873364	0.0085826154463	0.0200199240413	0.0272468859191	-0.0385306602156	0.0266967865902	0.00577979288791	-0.00960120678505	0.060570952083	-0.065774593593	-0.00112836643846	0.0225138405711	-0.0685881258649	-0.0055689977411
k__Bacteria;p__Bacteroidetes;c__Bacteroidia;o__Bacteroidales;f__Odoribacteraceae;g__Odoribacter;s__Odoribacter_splanchnicus	-0.0580064126836	-0.0875842898759	0.00575829222924	0.00156575347198	-0.018010530447	-0.052685670636	0.0039554405494	0.0811706315864	-0.0594634171119	-0.0405226095677	0.0327292950299	0.0512629736776	-0.00344685480732	-0.0156261977364	-0.0180807376551	-0.00963230414217	-0.0163585630186	-0.0163302154906	0.0738291887177	1.0	-0.0305016644221	0.0244095940705	-0.0300015442542	0.0208571297192	-0.0132148169467	-0.0303487661998	-0.0461888941245	-0.094240840015	-0.0946440888376	-0.0626703075296	-0.0220026412472	0.0573225706797	-0.0697301218913	-0.0460531052282	-0.0113972594051	0.00845445491793	0.00304230380994	-0.00394076148066	-0.0324140475057	-0.0130570093765	-0.00912595780576	-0.0504278467861	0.0257388100974	-0.0583388959205	0.0086583323669	0.0180035490962	0.00490845130825	-0.0305731709651	-0.00731523380201	-0.0200874940137	-0.0281619671337	-0.0460350911421	0.0591429948055	0.0171236704903	-0.0200592622349	-0.00555517089055	-0.0337012184765	-0.00157708564554	0.030797914409
k__Bacteria;p__Bacteroidetes;c__Bacteroidia;o__Bacteroidales;f__Bacteroidaceae;g__Bacteroides;s__Bacteroides_salyersiae	-0.0982200945297	-0.0493382560905	-0.00661517469814	0.0295287329546	-0.00225674752524	0.00427975814068	-0.0427268777101	0.0132723508836	-0.0251384521177	0.00440023842688	0.016443152283	-0.00345025271458	0.0812620083094	-0.0190207970807	0.052281281946	-0.0392027940401	-0.0282639294891	0.0418964550388	-0.035370905714	-0.0305016644221	1.0	-0.0782847262224	-0.0505054387118	-0.0789474207789	0.0262967864971	0.0212413320321	0.00193960956044	-0.000676152354599	0.0767624857808	-0.056286768812	-0.0812497767186	-0.0460597898768	-0.0205373928484	0.00982236321858	-0.0228007164155	0.0313571007747	0.0177383701225	0.0696864280665	0.0218127239084	0.029657180387	-0.00720139973572	-0.0555358880856	0.0345913990639	0.00882868599308	-0.0212483526048	-0.030566130727	0.0570204188861	-0.0168286591368	-0.0275906276778	0.0540691358657	-0.00595061054003	-0.0471990422775	-0.0489461215133	-0.105695091848	0.0520562597007	0.00327321692723	-0.0564813031437	0.0105050832758	-0.038168360717
k__Bacteria;p__Firmicutes;c__Clostridia;o__Clostridiales;f__Ruminococcaceae;g__Ruminiclostridium;s__[Eubacterium]_siraeum	-0.0229706624263	-0.067476674748	-0.0472550835122	-0.0594661138884	0.0243412185837	-0.0087091906071	-0.041489190054	0.0290641795603	-0.00214993491801	-0.0683584222059	0.00986280979105	0.0255535479032	-0.0434879185487	-0.0605802134793	0.00969984971766	0.00425752371384	-0.0208491247734	0.0202235222137	-0.0164471233266	0.0244095940705	-0.0782847262224	1.0	-0.0057940677661	0.040505559852	-0.014602885649	-0.0173111093667	-0.0511000580748	0.00588594729729	-0.0333343942998	0.0205983767749	0.0240994266425	0.0389101076422	-0.0668720994508	0.00157911058756	-0.0572387507624	-0.0107759608974	-0.071798937839	-0.0625263141279	0.017069646425	0.0154155487682	-0.030459455941	-0.0137066223314	0.020568474996	-0.0123051769643	0.00833826650711	-0.00676393897197	-0.0321837933869	-0.0241965033487	-0.0201384218046	0.00762998236367	-0.0559885688473	0.0305214946438	0.0150831047499	0.0154939758466	-0.0760474451835	0.0741003412513	0.0598878282602	0.0526003434603	-0.0900294460051
k__Bacteria;p__Proteobacteria;c__Betaproteobacteria;o__Burkholderiales;f__Sutterellaceae;g__Parasutterella;s__Parasutterella_excrementihominis	0.0619052085812	0.0281273877063	-0.00783123652114	0.0148114327735	-0.0262038933663	0.0315827791338	0.0698690443637	0.0226245175156	-0.0131633376365	0.0138478118772	0.00521006050555	-0.07863964429	0.00485657899216	-0.0225465368351	-0.090713974268	-0.0625975696422	-0.0573648054143	-0.0679350065611	0.0598530943019	-0.0300015442542	-0.0505054387118	-0.0057940677661	1.0	-0.0341077345272	0.0346741943999	-0.0243640558519	-0.0431498592385	0.0156186386648	-0.0159257422145	0.0447397899803	-0.0134179516413	-0.00513928531532	0.0650231381281	-0.036412969485	0.0336942655972	-0.0591523546866	-0.0426802668942	-0.00438620258108	-0.0227804322347	0.00344592261679	0.0373267018352	-0.0677023062907	-0.0871370292757	0.0544718186161	-0.00716181120939	0.0310663668269	0.0135089955801	-0.0486650225121	0.0405435700503	0.0279219007412	-0.0137946393789	-0.0149621944863	-0.0673610427963	0.0123498560014	0.021019227238	0.00699216829729	0.0349627475027	-0.0109289309718	0.0101464589354
k__Bacteria;p__Actinobacteria;c__Actinobacteria;o__Bifidobacteriales;f__Bifidobacteriaceae;g__Bifidobacterium;s__Bifidobacterium_adolescentis	-0.00761530608235	-0.0164226872755	-0.0145638293984	-0.0606470958138	-0.0854108500739	-0.000675794853316	-0.00900297600617	0.0148777756469	0.0118471853297	0.0314213399944	0.0472746682732	0.0059874604214	0.0272724515084	-0.0572386894245	-0.0269472436881	-0.0376040882678	0.00123909809065	-0.00913133024368	-0.023759228874	0.0208571297192	-0.0789474207789	0.040505559852	-0.0341077345272	1.0	0.0471240523605	0.00649624682414	0.00443188203359	-0.0322165632592	0.0745178427097	0.0303794200185	-0.0232252611018	-0.00116105540906	0.00789509019134	-0.000857011078961	0.0637823680162	-0.0387222734501	0.0123309285836	-0.0534628835719	0.0483425689966	-0.0517587999693	-0.0278180039993	0.00274195255194	-0.0666408529891	0.0417598908591	-0.0553823117239	-0.0405665567066	-0.032672428108	0.0134180668391	-0.00290606957254	0.0615113334658	-0.0998051084328	-0.029929724934	0.0258005548485	0.0555164660918	0.00692224538382	-0.0257071201393	-0.123055550851	-0.046073458222	-0.0351983422228
k__Bacteria;p__Firmicutes;c__Clostridia;o__Clostridiales;f__Oscillospiraceae;g__Oscillibacter;s__Oscillibacter_sp._KLE_1745	-0.0423868762816	-0.000733842132104	-0.0562712858322	-0.0444767123539	-0.0275210980299	-0.00503185301058	0.00168418481548	-0.0267032401004	-0.0728748325388	-0.0205659755625	-0.0077567880356	-0.0285547930485	0.00845071586182	-0.0675780158702	-0.0438477437161	0.0655891565896	0.0401667410476	-0.0505016303438	-0.0145302321259	-0.0132148169467	0.0262967864971	-0.014602885649	0.0346741943999	0.0471240523605	1.0	-0.0174086402791	-0.0433582317561	-0.0188995558958	0.0579227012967	-0.0167472345659	0.000707637644534	0.0138732876901	0.0300263289412	-0.0466755049183	-0.0591186337331	-0.0919210114895	0.0146509945769	-0.0955178023094	-0.00670916528658	0.0305355235999	-0.0093526441082	-0.0452759134378	0.0258506931697	0.00222633291073	-0.0154410833164	0.0419524184669	-0.0385837157391	0.0191074782284	0.0325551673989	0.0394561313353	0.00949791139185	-0.00603000561312	0.0174574030339	-0.0580310852421	-0.0640454890085	0.022855773704	-0.0619406222299	-0.00129484562977	-0.0542701762189
k__Bacteria;p__Bacteroidetes;c__Bacteroidia;o__Bacteroidales;f__Bacteroidaceae;g__Bacteroides;s__Bacteroides_coprophilus	-0.0126810482961	0.046328659194	0.00093883674782	-0.00831675666702	0.0218352992129	0.0538711483233	0.0238259397463	-0.0129481537985	0.00998748621125	-0.0192547811927	0.00429512205407	0.015661631587	0.00409334817418	0.0248343361945	-0.0148267697089	-0.0107650998708	0.0193847608864	-0.0293482391768	-0.0159509096977	-0.0303487661998	0.0212413320321	-0.0173111093667	-0.0243640558519	0.00649624682414	-0.0174086402791	1.0	-0.0143141090086	-0.0328366719262	-0.00434780029531	-0.0222986839599	0.0282618825246	0.00123925482795	0.0219409054376	-0.0566018311689	-0.0270739073665	-0.0267936230385	0.0208092940624	-0.0224850066373	-0.0839663038691	0.0050874530184	-0.048474967076	-0.0271003903172	-0.0666517460616	0.00255403509895	0.0191354279451	-0.00128519918666	0.0292277427745	0.071128870789	-0.0611628780046	0.0187542104661	0.0231208203557	0.0185817436945	-0.0305872624684	0.0223434365933	-0.00261304634322	-0.0116422028017	0.0182647722557	-0.0731614399432	-0.0930107184963
k__Bacteria;p__Firmicutes;c__Clostridia;o__Clostridiales;f__Lachnospiraceae;g__Roseburia;s__Roseburia_intestinalis	0.0132640300541	0.063160069847	0.0369462363574	0.0232642135367	-0.0511620395852	-0.0117914340749	-0.0450063864879	0.0535903080364	0.00793463902692	-0.00509013616849	-0.0413649394821	-0.0399019724249	0.0439160565393	-0.0447402168391	-0.0356826643936	-0.0135232443241	-0.00573916388491	-0.0912671067214	0.00150276522033	-0.0461888941245	0.00193960956044	-0.0511000580748	-0.0431498592385	0.00443188203359	-0.0433582317561	-0.0143141090086	1.0	-0.00682194898639	-0.063082735299	-0.0674626355408	-0.0441546380452	0.0148650803413	-0.0445101787309	-0.0210461923007	-0.073677611783	-0.0109413476053	0.0572938090288	0.0302218450751	-0.0252732657223	-0.048068294824	-0.0180576394764	-0.0277835328309	0.022493357274	0.0561009238126	0.0189470165772	0.0799892137231	0.017856302165	-0.0471113923172	-0.0656700338932	-0.0300592820355	-0.0381790660535	-0.0137240023012	-0.031969045126	-0.0491449484529	0.0237061574966	-0.011187896606	0.0596238877878	-0.0508840716917	0.0637714729601
k__Bacteria;p__Firmicutes;c__Clostridia;o__Clostridiales;f__Lachnospiraceae;g__Roseburia;s__Roseburia_hominis	-0.047509307017	-0.0191852754077	-0.0488920545139	-0.0148826520401	0.00447678013225	-0.015239120832	-0.0163189356994	-0.0484467924966	0.0582612529003	-0.0745060465233	-0.047474580937	-0.000478475432492	-0.0344566394568	0.0411909210965	0.0163815849491	0.0985062710143	0.00706051271333	-0.0398929796868	-0.0234925315199	-0.094240840015	-0.000676152354599	0.00588594729729	0.0156186386648	-0.0322165632592	-0.0188995558958	-0.0328366719262	-0.00682194898639	1.0	-0.0540373974142	0.063092973984	-0.0169177152614	0.0053559668221	-0.0341315880743	-0.0115862065664	-0.00699848721751	0.0589874526011	-0.0120882257625	-0.0598659307161	-0.0265271785026	-0.0125810420938	-0.00583189862141	-0.00278603040144	-0.069056351568	-0.0291933457348	-0.00432097273829	-0.0214260238247	0.0689229353714	-0.0140230540829	0.0069354475714	0.00730964966276	0.0019376745096	0.0346332500386	-0.0348872611374	0.00426823748989	-0.011954165648	0.0330803607026	-0.0383604776794	-0.0383908226817	0.0244120186195
k__Bacteria;p__Bacteroidetes;c__Bacteroidia;o__Bacteroidales;f__Porphyromonadaceae;g__Parabacteroides;s__Parabacteroides_johnsonii	0.0112908388684	0.0158261184342	8.16939598472e-05	-0.033618240343	0.0527933498325	-0.0225900891973	0.0530615453854	-0.0956686230438	-0.00909839162369	0.00854899173123	-0.0290300431446	-0.00206309041996	-0.0233544521854	-0.00600923242723	-0.0724968691077	-0.0342940627509	-0.0285920253265	-0.0659569580431	-0.0182049684117	-0.0946440888376	0.0767624857808	-0.0333343942998	-0.0159257422145	0.0745178427097	0.0579227012967	-0.00434780029531	-0.063082735299	-0.0540373974142	1.0	0.049736227955	-0.0125490489333	-0.0342463343462	-0.0205432100308	0.0234846805011	-0.0838772438994	0.0455463205285	0.0350910737242	-0.0123361758009	-0.0310105550482	-0.0366618042955	0.0100368259044	-0.00976872873771	0.00568242907975	-0.0236885793877	-0.0279817976263	0.00514896026768	-0.0131235216682	-0.00706229189279	0.0409920311789	-0.0683150182008	-0.0561528831271	0.012268002697	-0.0286153284815	-0.0261659533089	-0.0582707188838	-0.00660131732405	-0.0559875185543	-0.032452155	-0.0238281096048
k__Bacteria;p__Actinobacteria;c__Actinobacteria;o__Bifidobacteriales;f__Bifidobacteriaceae;g__Bifidobacterium;s__Bifidobacterium_longum	0.0397785856569	-0.0545845495688	0.0393866401376	0.00212132831195	-0.0140490637918	-0.0183063540175	0.0274716287629	-0.0771329245375	-0.0159810719466	-0.0382482953763	-0.0238934544127	-0.0479339774119	-0.0093690569951	0.0380861024385	-0.0249034988284	0.0317866065226	-0.0088363257618	-0.0449428106233	-0.0460908457478	-0.0626703075296	-0.056286768812	0.0205983767749	0.0447397899803	0.0303794200185	-0.0167472345659	-0.0222986839599	-0.0674626355408	0.063092973984	0.049736227955	1.0	-0.0487634476916	-0.0168664691418	0.0338713593834	-0.0489460389718	0.0128991664692	0.0103054725056	0.0385763528405	-0.0287392461604	-0.01183354775	-0.0375430074388	-0.0544314857007	0.119835263412	-0.03223404281	0.0358696143753	0.0107334738308	0.0149520963362	-0.0287653086468	-0.0258912990746	-0.0464231734178	-0.0431290692243	-0.037375583798	-0.00176142197831	-0.0374462362091	0.0347635122879	0.0369345410796	0.0114492350903	-0.0313381647026	-0.0284760770481	-0.0257398736853
