#taxonomy	k__Bacteria;p__Bacteroidetes;c__Bacteroidia;o__Bacteroidales;f__Bacteroidaceae;g__Bacteroides;s__Bacteroides_vulgatus	k__Bacteria;p__Bacteroidetes;c__Bacteroidia;o__Bacteroidales;f__Bacteroidaceae;g__Bacteroides;s__Bacteroides_uniformis	k__Bacteria;p__Bacteroidetes;c__Bacteroidia;o__Bacteroidales;f__Rikenellaceae;g__Alistipes;s__Alistipes_putredinis	k__Bacteria;p__Bacteroidetes;c__Bacteroidia;o__Bacteroidales;f__Prevotellaceae;g__Prevotella;s__Prevotella_copri	k__Bacteria;p__Bacteroidetes;c__Bacteroidia;o__Bacteroidales;f__Bacteroidaceae;g__Bacteroides;s__Bacteroides_stercoris	k__Bacteria;p__Bacteroidetes;c__Bacteroidia;o__Bacteroidales;f__Bacteroidaceae;g__Bacteroides;s__Bacteroides_ovatus	k__Bacteria;p__Bacteroidetes;c__Bacteroidia;o__Bacteroidales;f__Rikenellaceae;g__Alistipes;s__Alistipes_shahii	k__Bacteria;p__Firmicutes;c__Clostridia;o__Clostridiales;f__Ruminococcaceae;g__Faecalibacterium;s__Faecalibacterium_prausnitzii	k__Bacteria;p__Bacteroidetes;c__Bacteroidia;o__Bacteroidales;f__Rikenellaceae;g__Alistipes;s__Alistipes_finegoldii	k__Bacteria;p__Bacteroidetes;c__Bacteroidia;o__Bacteroidales;f__Porphyromonadaceae;g__Parabacteroides;s__Parabacteroides_distasonis	k__Bacteria;p__Bacteroidetes;c__Bacteroidia;o__Bacteroidales;f__Bacteroidaceae;g__Bacteroides;s__Bacteroides_thetaiotaomicron	k__Bacteria;p__Bacteroidetes;c__Bacteroidia;o__Bacteroidales;f__Bacteroidaceae;g__Bacteroides;s__Bacteroides_coprocola	k__Bacteria;p__Bacteroidetes;c__Bacteroidia;o__Bacteroidales;f__Bacteroidaceae;g__Bacteroides;s__Bacteroides_cellulosilyticus	k__Bacteria;p__Bacteroidetes;c__Bacteroidia;o__Bacteroidales;f__Rikenellaceae;g__Alistipes;s__Alistipes_obesi	k__Bacteria;p__Firmicutes;c__Clostridia;o__Clostridiales;f__Lachnospiraceae;g__;s__[Eubacterium]_rectale	k__Bacteria;p__Bacteroidetes;c__Bacteroidia;o__Bacteroidales;f__Bacteroidaceae;g__Bacteroides;s__Bacteroides_plebeius	k__Bacteria;p__Bacteroidetes;c__Bacteroidia;o__Bacteroidales;f__Bacteroidaceae;g__Bacteroides;s__Bacteroides_fragilis	k__Bacteria;p__Proteobacteria;c__Betaproteobacteria;o__Burkholderiales;f__Sutterellaceae;g__Sutterella;s__Sutterella_wadsworthensis	k__Bacteria;p__Bacteroidetes;c__Bacteroidia;o__Bacteroidales;f__Porphyromonadaceae;g__Barnesiella;s__Barnesiella_intestinihominis	k__Bacteria;p__Bacteroidetes;c__Bacteroidia;o__Bacteroidales;f__Odoribacteraceae;g__Odoribacter;s__Odoribacter_splanchnicus	k__Bacteria;p__Bacteroidetes;c__Bacteroidia;o__Bacteroidales;f__Bacteroidaceae;g__Bacteroides;s__Bacteroides_salyersiae	k__Bacteria;p__Firmicutes;c__Clostridia;o__Clostridiales;f__Ruminococcaceae;g__Ruminiclostridium;s__[Eubacterium]_siraeum	k__Bacteria;p__Proteobacteria;c__Betaproteobacteria;o__Burkholderiales;f__Sutterellaceae;g__Parasutterella;s__Parasutterella_excrementihominis	k__Bacteria;p__Actinobacteria;c__Actinobacteria;o__Bifidobacteriales;f__Bifidobacteriaceae;g__Bifidobacterium;s__Bifidobacterium_adolescentis	k__Bacteria;p__Firmicutes;c__Clostridia;o__Clostridiales;f__Oscillospiraceae;g__Oscillibacter;s__Oscillibacter_sp._KLE_1745	k__Bacteria;p__Bacteroidetes;c__Bacteroidia;o__Bacteroidales;f__Bacteroidaceae;g__Bacteroides;s__Bacteroides_coprophilus	k__Bacteria;p__Firmicutes;c__Clostridia;o__Clostridiales;f__Lachnospiraceae;g__Roseburia;s__Roseburia_intestinalis	k__Bacteria;p__Firmicutes;c__Clostridia;o__Clostridiales;f__Lachnospiraceae;g__Roseburia;s__Roseburia_hominis	k__Bacteria;p__Bacteroidetes;c__Bacteroidia;o__Bacteroidales;f__Porphyromonadaceae;g__Parabacteroides;s__Parabacteroides_johnsonii	k__Bacteria;p__Actinobacteria;c__Actinobacteria;o__Bifidobacteriales;f__Bifidobacteriaceae;g__Bifidobacterium;s__Bifidobacterium_longum	k__Bacteria;p__Firmicutes;c__Clostridia;o__Clostridiales;f__;g__Flavonifractor;s__Flavonifractor_plautii	k__Bacteria;p__Firmicutes;c__Clostridia;o__Clostridiales;f__Clostridiaceae;g__Clostridium;s__Clostridium_phoceensis	k__Bacteria;p__Verrucomicrobia;c__Verrucomicrobiae;o__Verrucomicrobiales;f__Akkermansiaceae;g__Akkermansia;s__Akkermansia_muciniphila	k__Bacteria;p__Bacteroidetes;c__Bacteroidia;o__Bacteroidales;f__Prevotellaceae;g__Paraprevotella;s__Paraprevotella_xylaniphila	k__Bacteria;p__Firmicutes;c__Clostridia;o__Clostridiales;f__Ruminococcaceae;g__Ruminococcus;s__Ruminococcus_callidus	k__Bacteria;p__Bacteroidetes;c__Bacteroidia;o__Bacteroidales;f__Rikenellaceae;g__Alistipes;s__Alistipes_senegalensis	k__Bacteria;p__Firmicutes;c__Clostridia;o__Clostridiales;f__Lachnospiraceae;g__Blautia;s__Blautia_sp._KLE_1732	k__Bacteria;p__Bacteroidetes;c__Bacteroidia;o__Bacteroidales;f__Bacteroidaceae;g__Bacteroides;s__Bacteroides_oleiciplenus	k__Bacteria;p__Firmicutes;c__Clostridia;o__Clostridiales;f__Ruminococcaceae;g__Ruminococcus;s__Ruminococcus_bicirculans	k__Bacteria;p__Bacteroidetes;c__Bacteroidia;o__Bacteroidales;f__Bacteroidaceae;g__Bacteroides;s__Bacteroides_fluxus	k__Bacteria;p__Bacteroidetes;c__Bacteroidia;o__Bacteroidales;f__Prevotellaceae;g__Prevotella;s__Prevotella_stercorea	k__Bacteria;p__Firmicutes;c__Clostridia;o__Clostridiales;f__Lachnospiraceae;g__Dorea;s__Dorea_longicatena	k__Bacteria;p__Firmicutes;c__Clostridia;o__Clostridiales;f__Eubacteriaceae;g__Eubacterium;s__[Eubacterium]_eligens	k__Bacteria;p__Firmicutes;c__Clostridia;o__Clostridiales;f__Ruminococcaceae;g__;s__Ruminococcaceae_bacterium_D16	k__Bacteria;p__Firmicutes;c__Clostridia;o__Clostridiales;f__Lachnospiraceae;g__Coprococcus;s__Coprococcus_comes	k__Bacteria;p__Proteobacteria;c__Gammaproteobacteria;o__Enterobacterales;f__Enterobacteriaceae;g__Escherichia;s__Escherichia_coli	k__Bacteria;p__Firmicutes;c__Clostridia;o__Clostridiales;f__Ruminococcaceae;g__Anaerotruncus;s__Anaerotruncus_colihominis	k__Bacteria;p__Firmicutes;c__Clostridia;o__Clostridiales;f__Lachnospiraceae;g__Blautia;s__Blautia_obeum	k__Bacteria;p__Bacteroidetes;c__Bacteroidia;o__Bacteroidales;f__Odoribacteraceae;g__Odoribacter;s__Odoribacter_laneus	k__Bacteria;p__Firmicutes;c__Clostridia;o__Clostridiales;f__Ruminococcaceae;g__Ruminiclostridium;s__[Clostridium]_leptum	k__Bacteria;p__Bacteroidetes;c__Bacteroidia;o__Bacteroidales;f__Porphyromonadaceae;g__Parabacteroides;s__Parabacteroides_goldsteinii	k__Bacteria;p__Firmicutes;c__Clostridia;o__Clostridiales;f__Lachnospiraceae;g__Anaerostipes;s__Anaerostipes_hadrus	k__Bacteria;p__Firmicutes;c__Clostridia;o__Clostridiales;f__Ruminococcaceae;g__Ruminococcus;s__Ruminococcus_lactaris	k__Bacteria;p__Firmicutes;c__Clostridia;o__Clostridiales;f__Clostridiaceae;g__Clostridium;s__Clostridium_sp._L2-50	k__Bacteria;p__Firmicutes;c__Clostridia;o__Clostridiales;f__Clostridiaceae;g__Clostridium;s__Clostridium_sp._M62/1	k__Bacteria;p__Firmicutes;c__Clostridia;o__Clostridiales;f__;g__Intestinimonas;s__Intestinimonas_butyriciproducens	k__Bacteria;p__Actinobacteria;c__Actinobacteria;o__Bifidobacteriales;f__Bifidobacteriaceae;g__Bifidobacterium;s__Bifidobacterium_bifidum	k__Bacteria;p__Firmicutes;c__Negativicutes;o__Veillonellales;f__Veillonellaceae;g__Dialister;s__Dialister_invisus	k__Bacteria;p__Bacteroidetes;c__Bacteroidia;o__Bacteroidales;f__Bacteroidaceae;g__Bacteroides;s__Bacteroides_salanitronis
k__Bacteria;p__Bacteroidetes;c__Bacteroidia;o__Bacteroidales;f__Bacteroidaceae;g__Bacteroides;s__Bacteroides_vulgatus	1.0	0.043598281078	0.0396921491987	0.0633693845941	-0.0366358016323	-0.0420378637269	-0.0324322084202	-0.0156070488906	-0.0596382552647	0.0151813551106	-0.065592412163	0.00147711129187	-0.00940793193564	0.00256187057718	0.0514124497994	-0.0330569479081	-0.0213027026801	0.0280682603124	-0.0770907109522	-0.0261833925703	-0.0066557573632	0.00073490489791	-0.014819202916	-0.0215717567257	0.00490130814772	0.0120336414155	0.0519528551285	-0.019359102928	-0.0238316870843	-0.0671269730962	-0.0297699819605	0.000172403150285	-0.0172198258552	0.044849883724	-0.00376639618584	-0.0222800745968	-0.0336447733123	0.0965648540843	-0.0555528724463	0.00872427061689	-0.0439754848032	0.01187776385	-0.0811609050151	-0.00721310418408	-0.0182284816222	-0.0173780533113	-0.0364830055882	-0.027917111041	0.00670077278855	-0.00685409318777	-0.0559108107932	-0.0201939997591	-0.00171152105615	-0.0031698645196	-0.0243510513194	-0.0456035967649	-0.0211730392825	-0.00872705378829	-0.0086657644114
k__Bacteria;p__Bacteroidetes;c__Bacteroidia;o__Bacteroidales;f__Bacteroidaceae;g__Bacteroides;s__Bacteroides_uniformis	0.043598281078	1.0	0.0508962362031	-0.0205669727902	0.00075276443677	-0.0685544824663	-0.0693721290554	0.0271657456301	-0.0813060049194	-0.0633865868711	-0.0428474393002	0.0411834486042	-0.0262879170406	0.00258116623351	0.0064828722572	-0.0407183987383	-0.00576466264159	0.00184539101334	-0.0107469250269	0.0153808398388	0.00709914253595	0.0148118727195	-0.0763511815606	-0.0491991509697	-0.0246011244085	-0.0738956418116	0.0102027868443	0.0257047969519	-0.0566169646127	0.00703164516472	-0.0263657124134	-0.0351914247819	0.0575433627127	-0.0106389444968	0.0403136814496	0.014869748243	0.0203012418757	-0.0266902714292	0.0510757935309	0.0202536581375	-0.0985549109517	0.0205882349537	-0.0177539601372	-0.0308672553541	0.0150294891342	-0.00129627975066	0.00496194346812	-0.0364888390776	-0.0440669040295	-0.0994892781897	-0.0435118863915	0.0286016945224	0.00529486759034	0.0317566540669	-0.0171148905751	-0.0635715404363	-0.0105218177157	-0.028070941115	0.0739811119051
k__Bacteria;p__Bacteroidetes;c__Bacteroidia;o__Bacteroidales;f__Rikenellaceae;g__Alistipes;s__Alistipes_putredinis	0.0396921491987	0.0508962362031	1.0	-0.0124123535228	-0.0301202688888	-0.0358245593905	0.00681987283331	-0.035575503278	-0.0268213190254	0.0120323758483	0.0221308210694	0.0859571662508	-0.0096594982953	-0.00688635893662	-0.0302466465679	0.0226227908304	-0.00620673504978	-0.0029995365929	0.0565579301806	-0.0349974054145	-0.0152035845925	-0.0213565281643	0.0526897311437	-0.0531448614116	-0.0311359189994	-0.0694634592222	-0.0679118743041	-0.00967478699706	-0.00997464250046	0.018992744578	-0.0445459534067	-0.0387125697579	0.023778220207	0.0425125845497	-0.00794470542469	-0.0327304064769	-0.000795121983963	0.0372194089771	-0.0214306417339	-0.0455025162176	0.00114908356169	-0.0847830070004	-0.0167849176484	0.0302884121006	-0.0759147916478	0.0562688949359	-0.0775714121329	0.0195410596848	-0.0237172627257	-0.0722833428337	-0.04451452132	-0.0339326112779	-0.0123401268101	0.0246241703462	-0.00403704684179	-0.0548742893319	-0.0599726641197	0.00607912646657	0.0442472993747
k__Bacteria;p__Bacteroidetes;c__Bacteroidia;o__Bacteroidales;f__Prevotellaceae;g__Prevotella;s__Prevotella_copri	0.0633693845941	-0.0205669727902	-0.0124123535228	1.0	-0.00505277902179	-0.0256357455922	-0.0389476536334	-0.0558421433741	-0.0363205441961	0.00901970212151	-0.0178207648601	0.0191128315376	0.0607182654658	0.0601563821739	-0.00554347871124	-0.0362005630716	-0.0200088746686	-0.00295992012445	-0.069137016361	-0.0203876364494	-0.025214266451	-0.021168035581	0.0983680735606	0.0134063437997	-0.0573805234741	-0.0463637200508	0.00192524592443	0.034677615613	-0.0633186658076	0.00734455520251	-0.0331732216866	-0.0103288605389	-0.00788830961334	-0.0269483503402	-0.00704304740047	-0.052923310186	-0.0499863208843	-0.0713914295769	0.028014697912	-0.0863822583283	0.0108802570484	0.0373674861782	-0.0721911486204	0.0295461584921	-0.017431938241	0.0123635062247	-9.88024920294e-05	-0.00470628180099	0.0267217611488	-0.0146022722175	-0.0735678945585	-0.0467703214267	-0.0463902612108	-0.0209626436657	-0.0415651520034	-0.0638092212644	0.0567441767385	0.0446611653194	0.0488822884965
k__Bacteria;p__Bacteroidetes;c__Bacteroidia;o__Bacteroidales;f__Bacteroidaceae;g__Bacteroides;s__Bacteroides_stercoris	-0.0366358016323	0.00075276443677	-0.0301202688888	-0.00505277902179	1.0	0.0643908926333	0.0470671287041	0.0682940459459	-0.0136952073015	0.00293016406522	0.0139634919891	0.0589756275356	0.0502246697352	-0.0164689024698	-0.0590893156989	0.0352302036502	-0.0305754146928	0.000499634202018	-0.0120727923982	-0.00263680796219	-0.0402228270596	0.0285079829064	-0.023936747658	-0.0172537175109	-0.0131238561007	0.0109119598257	0.0120003984992	0.0546402752374	0.0160278725839	-0.0435843912908	0.0625540277834	-0.032195373966	-0.00897843820141	-0.0211359450082	-0.0266142151872	0.0341499707881	-0.0533656407728	0.00937631759562	0.0626071066566	0.0446432133821	-0.0535166679435	-0.0648261233498	0.0165508122865	-0.0461231710384	0.0382445978314	-0.0782100414122	-0.0611280564479	0.0356548146344	0.0399787784548	0.02687187089	0.0179019063815	-0.0641411637419	-0.058674629217	0.00549354258529	-0.134396030344	0.012743820496	0.06831322896	-0.032228060841	-0.072397040216
k__Bacteria;p__Bacteroidetes;c__Bacteroidia;o__Bacteroidales;f__Bacteroidaceae;g__Bacteroides;s__Bacteroides_ovatus	-0.0420378637269	-0.0685544824663	-0.0358245593905	-0.0256357455922	0.0643908926333	1.0	0.00335857369542	-0.0362424498555	-0.019746661337	0.0431148852771	-0.0349094227778	0.0650794770113	-0.057057930774	0.0118116986304	-0.0694438470553	0.0600767461955	0.0373103938601	0.00273915527866	0.0106202726446	0.0404907468338	-0.085532848283	-0.0158321358532	-0.01224840862	-0.0561121179265	-0.0413341011847	-0.0367163607752	-0.0384578800358	-0.0331632933969	-0.00840645458982	-0.0255925663647	0.0634156702608	-0.0127573420467	-0.0142340917592	-0.0574047664144	-0.0788058110933	0.00747280589683	-0.0488333729427	-0.0267631151378	0.00795978167816	-0.0732796657778	0.00541999935135	-0.00768565159595	-0.00252352679792	-0.0181289523224	-0.00342951581515	-0.0436717870036	-0.0580439103794	0.0555754769171	0.0147073178951	-0.052303091652	-0.0616615409429	0.0255451412532	0.0114843365846	-0.0243206670408	-0.0309476042557	0.0192638771712	0.00617780352445	0.0719912560805	-0.00917735581371
k__Bacteria;p__Bacteroidetes;c__Bacteroidia;o__Bacteroidales;f__Rikenellaceae;g__Alistipes;s__Alistipes_shahii	-0.0324322084202	-0.0693721290554	0.00681987283331	-0.0389476536334	0.0470671287041	0.00335857369542	1.0	0.0585363511892	0.0332728951638	0.0215409981452	-0.0212442715584	-0.0211760120825	-0.0235509199539	-0.0203296363536	-0.0115252507083	-0.0543574427046	0.0918168551671	-0.0273257862363	0.0433666519582	0.042379934437	0.0567893373006	-0.0549306615152	-0.085636705473	0.0185680472636	0.0204140162349	0.0282141826093	-0.0497268901815	6.82053590481e-05	-0.0203635930499	0.0101797872715	0.0120649503466	-0.044090928692	0.0260796139636	-0.036241971704	-0.00737205903452	-0.0433711990966	-0.0105660864127	-0.0350277598819	-0.0416848787624	0.00890277027074	-0.0364381040253	0.0131053893833	-0.0664197948638	-0.0491346298374	0.00827813597495	-0.04358115248	0.00695565828145	-0.0137923891002	-0.0747053238235	0.00617040494276	0.0485110282096	-0.0169905526798	0.0281279181213	-0.0270531900006	0.0146129804009	-0.0290640245139	-0.0200675627115	0.0229508712319	-0.0593534844906
k__Bacteria;p__Firmicutes;c__Clostridia;o__Clostridiales;f__Ruminococcaceae;g__Faecalibacterium;s__Faecalibacterium_prausnitzii	-0.0156070488906	0.0271657456301	-0.035575503278	-0.0558421433741	0.0682940459459	-0.0362424498555	0.0585363511892	1.0	-0.0256960707488	-0.008205879012	-0.00693357112982	-0.0603918225183	0.0461888910446	-0.0410763664857	0.00163975243328	0.000651247978046	-0.0935182950925	-0.00419870227952	0.0374541741207	0.0307453965736	0.00267602301008	-0.0534848651316	-0.0068509631799	-0.0495112552742	0.00305798360824	0.0171033674665	0.0407029499196	-0.0236195297681	0.0447107497733	-0.0447411325042	-0.0301106426552	-0.0548018094288	-0.0349929613925	-0.0353913768328	0.0491106274656	-0.0247760341533	-0.0927701942009	-0.00696568723177	-0.0571464441938	-0.0249680636312	-0.0749713274121	0.00826522793195	-0.0457927321178	-0.00903068780621	0.0186902826235	-0.00374785499805	-0.00635349358281	-0.00598120374519	-0.0032147653098	0.063312104068	0.0328177907266	0.0209462346409	-0.0299115393725	0.0281037973653	-0.00146591092389	-0.0285987411663	0.0391439096493	0.0695200561885	-0.033178100993
k__Bacteria;p__Bacteroidetes;c__Bacteroidia;o__Bacteroidales;f__Rikenellaceae;g__Alistipes;s__Alistipes_finegoldii	-0.0596382552647	-0.0813060049194	-0.0268213190254	-0.0363205441961	-0.0136952073015	-0.019746661337	0.0332728951638	-0.0256960707488	1.0	-0.0268645871733	-0.0229743344764	-0.049724041308	-0.0534030913327	-0.040823155195	-0.0523641807152	-0.00887022589033	-0.0343786331272	0.0581718592417	0.0176098363045	-0.0258460630116	0.0514240897657	0.0367310539363	-0.00378284962791	0.0457044500692	0.0195260333374	-0.078038458569	-0.0311725937527	0.00857478020344	0.0654170944264	-0.0189664990374	-0.00378570229007	-0.0246717764671	0.00694020564926	-0.0256904243454	-0.0487414870768	-0.0671828403929	-0.000499316964049	0.0181085825818	0.00312098878951	0.0145263228519	-0.0217520157045	0.110900908727	0.00306330269831	-0.0370791205999	-0.0168905686279	-0.00866016104821	-0.00161764889153	0.0626968202226	0.000390668835534	-0.0266619037793	-0.0428062932519	-0.0414855404057	-0.063642387751	-0.0088435668095	0.073447328225	0.0338274761706	-0.00675553979524	-0.000479806467555	-0.0387976295267
k__Bacteria;p__Bacteroidetes;c__Bacteroidia;o__Bacteroidales;f__Porphyromonadaceae;g__Parabacteroides;s__Parabacteroides_distasonis	0.0151813551106	-0.0633865868711	0.0120323758483	0.00901970212151	0.00293016406522	0.0431148852771	0.0215409981452	-0.008205879012	-0.0268645871733	1.0	-0.00959360728107	0.00435816066861	0.0137012469958	0.00465886118869	0.0194808364998	-0.057762754697	-0.0586534376281	-0.0430367639351	-0.0192080990649	0.0281121681458	-0.0240453756821	0.0158797563129	0.00686675444831	-0.00895715347913	-0.0261855281141	-0.0453057145672	-0.0452603036014	-0.0136015173841	0.0294881427207	-0.0312515892949	0.0347109425282	-0.0201863140797	-0.0051536145292	-0.0392769394904	0.040050662476	0.011430816131	0.0277169677534	-0.0549746364928	0.00937400901331	0.0821825202951	0.0346756146558	0.0856837342378	-0.0588346530102	0.0108079366525	-0.00372104999739	-0.00434828373074	0.0380514014885	-0.00186557524538	0.017576538357	0.0504740887244	-0.0711138087994	-0.0415650860758	-0.0119315940643	-0.0269914613837	-0.0436540807643	0.00325231515143	-0.0165600123235	-0.0524852456535	-0.0444201265438
k__Bacteria;p__Bacteroidetes;c__Bacteroidia;o__Bacteroidales;f__Bacteroidaceae;g__Bacteroides;s__Bacteroides_thetaiotaomicron	-0.065592412163	-0.0428474393002	0.0221308210694	-0.0178207648601	0.0139634919891	-0.0349094227778	-0.0212442715584	-0.00693357112982	-0.0229743344764	-0.00959360728107	1.0	-0.0492043467542	-0.03777238888	0.0403393685918	-0.00363012357052	0.0253576331328	-0.048529964833	-0.0429858802811	-0.0241633071094	0.0163944938959	-0.00514594615454	-0.0479866370825	0.00773818851238	0.0765617471087	-0.00129643282011	-0.00610387292446	-0.000780787088172	0.0317875768383	0.0583102785007	0.0327324588564	-0.00203243837482	-0.0287935218553	-0.0414946198981	-0.0455555430897	0.0516084516929	-0.00928362231191	0.0352278573003	-0.0154041843755	-0.0103299834724	0.042598265148	0.0652863017065	0.0828600797656	-0.0117575504478	0.0015190938823	-0.0244140123723	-0.0532910915378	-0.0464516104266	-0.0201026854035	-0.0163219150358	-0.0656291864573	-0.0800086824155	0.00303427392605	-0.0061973416884	0.000803464522898	-0.0412640985482	-0.0770663735747	0.0147124050248	0.0108690136199	-0.0503164741987
k__Bacteria;p__Bacteroidetes;c__Bacteroidia;o__Bacteroidales;f__Bacteroidaceae;g__Bacteroides;s__Bacteroides_coprocola	0.00147711129187	0.0411834486042	0.0859571662508	0.0191128315376	0.0589756275356	0.0650794770113	-0.0211760120825	-0.0603918225183	-0.049724041308	0.00435816066861	-0.0492043467542	1.0	-0.0591999886208	0.0441956877668	0.0423626858647	-0.0358476138051	-0.0113825234857	-0.059194639142	-0.00926628379942	-0.0148681412052	-0.0073136994132	0.0308987964729	-0.005703174548	-0.0419273413042	-0.0493051968505	-0.0427753170089	0.0188648334724	-0.0114770799615	-0.0307210124019	0.0160682557443	-0.041672475463	0.00450897146999	0.0242338114659	-0.014929324257	-0.00912248160378	0.0388253404016	-0.0109909447659	-0.0211050256833	-0.0537161360212	-0.023492045251	-0.00701969881817	0.0327595828419	0.0199299627168	-0.0330966782733	-0.023324170217	0.0346690300962	0.00299362062819	0.0170772215764	-0.0122531302192	-0.0859265991388	0.0224793651484	-0.0138984054932	-0.0389501582734	-0.0493408297933	0.000742955577543	-0.0307566478439	-0.0127994739725	0.0455601084771	-0.067748986033
k__Bacteria;p__Bacteroidetes;c__Bacteroidia;o__Bacteroidales;f__Bacteroidaceae;g__Bacteroides;s__Bacteroides_cellulosilyticus	-0.00940793193564	-0.0262879170406	-0.0096594982953	0.0607182654658	0.0502246697352	-0.057057930774	-0.0235509199539	0.0461888910446	-0.0534030913327	0.0137012469958	-0.03777238888	-0.0591999886208	1.0	-0.0228176950734	0.0575041376131	-0.0511174620646	0.01546540804	-0.0112550868434	-0.0079618997972	-0.0109213214587	-0.0512304554657	0.062030042623	-0.103470432402	-0.0775932669515	0.0193245623796	-0.0297879628387	-0.0631272940049	0.0208191023303	0.0340052913433	0.035469822019	0.0325620796094	0.0819201153884	-0.0902908831139	0.0608755299115	0.00162773562204	0.0205874523423	-0.0276887560888	0.0605943706997	-0.0645589067667	-0.0126339762111	-0.0329204921546	-0.00482775700037	0.0142293425864	0.0337308745474	-0.0245039179803	-0.00866471240911	-0.0785445287773	-0.0126736046284	0.0245166067864	-0.0308641655696	-0.0136073177808	0.040965307505	-0.0696393760941	-0.0749977641978	-0.00603056651452	-0.0202431508613	-0.00613722262001	-0.000770670738209	-0.0279208762327
k__Bacteria;p__Bacteroidetes;c__Bacteroidia;o__Bacteroidales;f__Rikenellaceae;g__Alistipes;s__Alistipes_obesi	0.00256187057718	0.00258116623351	-0.00688635893662	0.0601563821739	-0.0164689024698	0.0118116986304	-0.0203296363536	-0.0410763664857	-0.040823155195	0.00465886118869	0.0403393685918	0.0441956877668	-0.0228176950734	1.0	-0.0182100856319	0.0302011653561	0.00599353193672	-0.0221646467012	0.0041011857745	-0.0331135256376	-0.0507333396108	-0.020483234205	-0.00239651429482	0.0459875614118	-0.0385133772088	-0.0198981887493	-0.0634710084988	0.00126453817766	0.000865440640589	-0.0172386249284	0.027736829597	-0.0320754473618	0.0430189382783	-0.0306570585842	-0.0277186768048	-0.00119752606292	-0.00370125178188	-0.0191515296298	-0.0216723947361	0.0410370915218	0.00966431761769	-0.0277460791172	0.0135948073491	-0.0151630680636	-0.0305273737521	-0.0875908304357	-0.100015863406	0.00909456713583	-0.0374206222272	0.0244680148466	-0.0626474149955	0.0146618925418	-0.0451936425124	-0.056053236169	-0.0590410609537	-0.00753695967563	0.00116313362303	-0.029333701007	0.0274323000231
k__Bacteria;p__Firmicutes;c__Clostridia;o__Clostridiales;f__Lachnospiraceae;g__;s__[Eubacterium]_rectale	0.0514124497994	0.0064828722572	-0.0302466465679	-0.00554347871124	-0.0590893156989	-0.0694438470553	-0.0115252507083	0.00163975243328	-0.0523641807152	0.0194808364998	-0.00363012357052	0.0423626858647	0.0575041376131	-0.0182100856319	1.0	-0.047506006764	0.00389967739723	0.0611442926326	0.00157146045416	0.00629142509283	0.0852031034893	-0.00598890603772	-0.0467389273092	0.0340720029447	-0.0532981441019	0.0144552990911	-0.0156507419407	-0.00703889273943	-0.0360106882005	0.0764010472339	-0.00733293362843	0.0181031773112	0.00054282364114	0.00725593017765	-0.00697866308883	-0.112922728289	-0.0778633877411	0.0294000861333	-0.00420890782136	0.018397784161	-0.0116155124871	0.0537638963711	-0.0430474924809	0.0306175973904	0.00335732446445	-0.0243030063537	0.0334950107966	0.0144731778403	-0.116525537203	0.00663692014555	-0.024661028719	-0.0468810206797	-0.00121218835216	0.00676603030011	-0.0305829504613	-0.0424626971176	-0.000994513128554	-0.00070479330741	0.0239849166434
k__Bacteria;p__Bacteroidetes;c__Bacteroidia;o__Bacteroidales;f__Bacteroidaceae;g__Bacteroides;s__Bacteroides_plebeius	-0.0330569479081	-0.0407183987383	0.0226227908304	-0.0362005630716	0.0352302036502	0.0600767461955	-0.0543574427046	0.000651247978046	-0.00887022589033	-0.057762754697	0.0253576331328	-0.0358476138051	-0.0511174620646	0.0302011653561	-0.047506006764	1.0	0.0238668661919	-0.0412068294064	-0.0793757403914	0.0442882287972	-0.0167570626534	0.0294305930674	-0.0125989345659	-0.0186054257906	0.000523573509958	0.00270771966035	-0.0282985188031	-0.0318867058606	0.0123363256006	-0.0249757441452	-0.00022485721589	-0.0233341736139	-0.0125159754312	-0.0171527245062	0.0261712479171	-0.0294658639293	-0.0206778436713	-0.0496123019827	-0.0471632314645	0.0383663645608	-0.0122072310282	-0.0623094701021	-0.0837563024866	-0.00986064655191	-0.0183979160089	0.0668387995163	0.0352243985545	0.00427219680247	0.017500931592	-0.0481662810433	-0.0307921274868	-0.0309794198164	0.038219643915	0.0313856576623	0.0466697846697	0.0524463126953	-0.0588938606318	0.0502089020958	0.024118939905
k__Bacteria;p__Bacteroidetes;c__Bacteroidia;o__Bacteroidales;f__Bacteroidaceae;g__Bacteroides;s__Bacteroides_fragilis	-0.0213027026801	-0.00576466264159	-0.00620673504978	-0.0200088746686	-0.0305754146928	0.0373103938601	0.0918168551671	-0.0935182950925	-0.0343786331272	-0.0586534376281	-0.048529964833	-0.0113825234857	0.01546540804	0.00599353193672	0.00389967739723	0.0238668661919	1.0	0.00214236857079	0.0210775696553	-0.0702550492971	0.0148989181875	-0.019535652911	-0.0244191107509	-0.0905806622317	-0.024475084047	-0.0307707196975	-0.0396032501453	0.0104012512129	-0.0436944353301	0.00662423689889	0.036858329966	-0.0774715030894	0.080646983436	0.00530388562859	-0.079877779571	-0.042504369794	0.010532413075	0.0774667229461	-0.0574665181002	0.0139296280634	0.0247911084415	-0.0409765345462	0.0841324584939	-0.0583985261394	-0.00253202052247	-0.0117016126132	-0.0302980390284	-0.0235049205016	-0.125670993208	0.106769397951	0.109725565219	0.0346873188935	-0.0870899556446	-0.0565321344429	-0.00952820103834	0.0928185792743	-0.0779235440373	-0.00740510952967	0.0110599508069
k__Bacteria;p__Proteobacteria;c__Betaproteobacteria;o__Burkholderiales;f__Sutterellaceae;g__Sutterella;s__Sutterella_wadsworthensis	0.0280682603124	0.00184539101334	-0.0029995365929	-0.00295992012445	0.000499634202018	0.00273915527866	-0.0273257862363	-0.00419870227952	0.0581718592417	-0.0430367639351	-0.0429858802811	-0.059194639142	-0.0112550868434	-0.0221646467012	0.0611442926326	-0.0412068294064	0.00214236857079	1.0	0.000471214922882	-0.0157382242387	0.00564232383188	-0.02992254939	0.0369363904315	0.0187088943624	0.065186634878	-0.01534395695	-0.00475803581876	-0.0128384566071	0.00173324945913	0.0104119918785	0.0154049033435	-0.0128426859068	-0.00496603184167	-0.00757284630312	-0.0599864615529	0.00744092128288	-0.00208246394586	-0.0125329286896	0.0136489386157	-0.0179420667698	-0.00455468978981	0.00849488675378	0.0069581305875	-0.066988836202	0.0531092723681	-0.0705305540881	-0.0270045660739	0.0166078377407	0.00812611034138	0.0440231331694	-0.0111290217724	-0.0464099365496	-0.0711059854057	0.0337250015585	0.0749348076246	0.0514868156053	-0.0432656858488	-0.0752279813516	-0.0168546059213
k__Bacteria;p__Bacteroidetes;c__Bacteroidia;o__Bacteroidales;f__Porphyromonadaceae;g__Barnesiella;s__Barnesiella_intestinihominis	-0.0770907109522	-0.0107469250269	0.0565579301806	-0.069137016361	-0.0120727923982	0.0106202726446	0.0433666519582	0.0374541741207	0.0176098363045	-0.0192080990649	-0.0241633071094	-0.00926628379942	-0.0079618997972	0.0041011857745	0.00157146045416	-0.0793757403914	0.0210775696553	0.000471214922882	1.0	0.0619751050033	0.00635036501599	-0.0304045492377	-0.00427841959656	-0.0661307199741	0.0421200775383	-0.0186430151719	-0.0230925442974	0.0211885128287	-0.0143320826619	-0.0472495010191	-0.0445732642455	-0.100582949645	-0.00363882049092	0.0248446798499	0.01619829443	0.0117899540213	-0.0550788658128	-0.0227009477121	0.00892328932026	-0.0278514471381	-0.037115829419	-0.113418568989	-0.00687627311601	0.0788841745859	0.0134931102874	0.048819328254	-0.0127968060742	0.017807385367	0.000445552993388	0.0122765008183	0.0580465713018	0.0983403603764	0.0280801962473	-0.0868229267791	-0.00255855748823	-0.0297056438234	-0.0324102395579	0.0349491105026	-0.0746143490502
k__Bacteria;p__Bacteroidetes;c__Bacteroidia;o__Bacteroidales;f__Odoribacteraceae;g__Odoribacter;s__Odoribacter_splanchnicus	-0.0261833925703	0.0153808398388	-0.0349974054145	-0.0203876364494	-0.00263680796219	0.0404907468338	0.042379934437	0.0307453965736	-0.0258460630116	0.0281121681458	0.0163944938959	-0.0148681412052	-0.0109213214587	-0.0331135256376	0.00629142509283	0.0442882287972	-0.0702550492971	-0.0157382242387	0.0619751050033	1.0	0.0283883074606	-0.0456787805648	-0.0543295793247	0.0137164074021	0.060181947359	0.0249043752465	-0.00230547472317	-0.000722415342041	0.0116492138698	-0.0657631346645	-0.0505495423118	0.0393095749175	-0.0198847017123	0.0109849003842	0.0310037438353	0.0292238850773	-0.0202892582445	0.0429672343417	0.000242153218027	-0.00667707206306	-0.0564268713293	0.0157829760754	-0.0430867131153	-0.0114854326127	-0.0365628467068	-0.0619125210332	-0.105709065691	0.0221990729537	0.0194675199307	-0.0218578724707	0.00530463236491	0.0295961026726	0.0675545615453	-0.0202885805899	-0.0927116380889	-0.0350882724119	-0.0552444924154	-0.0198198435685	-0.0407599881551
k__Bacteria;p__Bacteroidetes;c__Bacteroidia;o__Bacteroidales;f__Bacteroidaceae;g__Bacteroides;s__Bacteroides_salyersiae	-0.0066557573632	0.00709914253595	-0.0152035845925	-0.025214266451	-0.0402228270596	-0.085532848283	0.0567893373006	0.00267602301008	0.0514240897657	-0.0240453756821	-0.00514594615454	-0.0073136994132	-0.0512304554657	-0.0507333396108	0.0852031034893	-0.0167570626534	0.0148989181875	0.00564232383188	0.00635036501599	0.0283883074606	1.0	-0.014375371415	-0.0967250627439	0.029646970404	-0.0990296082564	-0.0597345208826	0.0604865670101	-0.0423219968255	-0.0367888866903	0.0195127923323	-0.0394552644612	-0.0300229832207	0.0206087965179	0.0135005781689	-0.0127756480093	-0.084248947553	0.00417358112096	-0.0588926759021	-0.0426284241365	-0.063985092045	0.00126207656282	0.022804962721	0.00575369256929	-0.028793835237	-0.0531533943906	-0.0370437313631	-0.0282473061121	-0.047800313702	0.109694666616	-0.0086492324213	0.0405223859326	-0.00368128540185	-0.0725420532951	-0.110774114889	0.086152223597	0.0191711732497	0.0429433692613	-0.0887623193279	-0.078889414846
k__Bacteria;p__Firmicutes;c__Clostridia;o__Clostridiales;f__Ruminococcaceae;g__Ruminiclostridium;s__[Eubacterium]_siraeum	0.00073490489791	0.0148118727195	-0.0213565281643	-0.021168035581	0.0285079829064	-0.0158321358532	-0.0549306615152	-0.0534848651316	0.0367310539363	0.0158797563129	-0.0479866370825	0.0308987964729	0.062030042623	-0.020483234205	-0.00598890603772	0.0294305930674	-0.019535652911	-0.02992254939	-0.0304045492377	-0.0456787805648	-0.014375371415	1.0	-0.0878189580562	-0.0491302506705	0.0207940340231	-0.00379876963477	-0.0205023623818	-0.0273618311211	0.0102429327454	0.0218103253503	0.0188607311969	-0.0716567643223	-0.0269988301679	-0.022068297602	-0.0297681799479	0.021971774675	0.0323808650007	-0.0363279189478	-0.0615801973476	-0.0194242232923	-0.0632912147545	0.00101317421434	0.00339940233067	0.0131057421597	-0.0113468145434	-0.0206180484618	0.0292793718533	0.0375472342852	0.0249735151339	-0.0339528260031	0.0176798678635	-0.00212025842934	0.00827124565847	-0.0288105495608	-0.104302395382	-0.0296191780271	-0.00640971841677	-0.0270279893944	-0.0655419804335
k__Bacteria;p__Proteobacteria;c__Betaproteobacteria;o__Burkholderiales;f__Sutterellaceae;g__Parasutterella;s__Parasutterella_excrementihominis	-0.014819202916	-0.0763511815606	0.0526897311437	0.0983680735606	-0.023936747658	-0.01224840862	-0.085636705473	-0.0068509631799	-0.00378284962791	0.00686675444831	0.00773818851238	-0.005703174548	-0.103470432402	-0.00239651429482	-0.0467389273092	-0.0125989345659	-0.0244191107509	0.0369363904315	-0.00427841959656	-0.0543295793247	-0.0967250627439	-0.0878189580562	1.0	-0.049635843222	0.0470568217113	0.0271447469863	-0.091456599473	-0.0507759336315	-0.0213491270425	-0.0858622229389	-0.0232263807417	0.0730039167272	-0.0112509060307	-0.021604649484	-0.019711068021	0.000808707203618	0.0518033757447	-0.0162376659499	0.0780793734703	0.024991500292	-0.00125773556689	-0.0104992654833	-0.031508495713	-0.0655740282621	0.0187110157587	-0.0765607995763	-0.0860220810823	0.000273476193294	-0.0637736867964	-0.0189860232707	0.0019815897818	-0.0274501019921	0.0240240407083	-0.00212380590612	0.050800075043	0.0113672009503	-0.0533327762782	-0.0324694524168	-0.012130262592
k__Bacteria;p__Actinobacteria;c__Actinobacteria;o__Bifidobacteriales;f__Bifidobacteriaceae;g__Bifidobacterium;s__Bifidobacterium_adolescentis	-0.0215717567257	-0.0491991509697	-0.0531448614116	0.0134063437997	-0.0172537175109	-0.0561121179265	0.0185680472636	-0.0495112552742	0.0457044500692	-0.00895715347913	0.0765617471087	-0.0419273413042	-0.0775932669515	0.0459875614118	0.0340720029447	-0.0186054257906	-0.0905806622317	0.0187088943624	-0.0661307199741	0.0137164074021	0.029646970404	-0.0491302506705	-0.049635843222	1.0	0.0355764047373	0.0250316468536	-0.00356910176637	-0.052298907514	-0.0348349888391	-0.022662923516	-0.0160332810231	-0.0123248396077	-0.0392986758041	-7.77576367151e-05	-0.0182423736712	0.0566497550277	0.0280416822911	0.0348308491247	-0.0170822960447	-0.0896617256565	0.0455872491152	-0.0209765490854	0.0317172400194	0.07542271564	0.0168057806131	0.00767749300658	0.00996429396196	0.00599354159538	-0.0440876448699	-0.00747975090842	-0.0239162220525	0.0167438806882	0.0299658141566	-0.0528915622657	0.0131515805339	0.0303444069377	0.0132088682961	-0.0496818696342	-0.0399525066973
k__Bacteria;p__Firmicutes;c__Clostridia;o__Clostridiales;f__Oscillospiraceae;g__Oscillibacter;s__Oscillibacter_sp._KLE_1745	0.00490130814772	-0.0246011244085	-0.0311359189994	-0.0573805234741	-0.0131238561007	-0.0413341011847	0.0204140162349	0.00305798360824	0.0195260333374	-0.0261855281141	-0.00129643282011	-0.0493051968505	0.0193245623796	-0.0385133772088	-0.0532981441019	0.000523573509958	-0.024475084047	0.065186634878	0.0421200775383	0.060181947359	-0.0990296082564	0.0207940340231	0.0470568217113	0.0355764047373	1.0	0.0241043985279	0.0328106803402	0.0294032129966	-0.0385511693132	-0.00341297352291	-0.0581858134687	-0.0367621458826	0.0204484093383	0.0412615893802	-0.089482516208	0.0428117366565	0.0237753353838	0.0274765059203	-0.0193526461575	-0.0330783779682	-0.000212454279675	0.00932336945698	-0.00696937211837	0.0450675007597	0.0036613517168	0.0107666386223	0.0406331218277	0.0118275104483	-0.00876623155891	0.0414361554717	-0.0190234298125	-0.0913088563599	0.0309426850598	0.0398375536883	-0.0866014674308	-0.0366349060737	-0.0405231904721	-0.0198206274299	0.0402850172797
k__Bacteria;p__Bacteroidetes;c__Bacteroidia;o__Bacteroidales;f__Bacteroidaceae;g__Bacteroides;s__Bacteroides_coprophilus	0.0120336414155	-0.0738956418116	-0.0694634592222	-0.0463637200508	0.0109119598257	-0.0367163607752	0.0282141826093	0.0171033674665	-0.078038458569	-0.0453057145672	-0.00610387292446	-0.0427753170089	-0.0297879628387	-0.0198981887493	0.0144552990911	0.00270771966035	-0.0307707196975	-0.01534395695	-0.0186430151719	0.0249043752465	-0.0597345208826	-0.00379876963477	0.0271447469863	0.0250316468536	0.0241043985279	1.0	-0.00917997601872	-0.0457398869589	0.0251923386396	0.0409793979837	0.0356855101566	0.0220795913816	-0.031170143596	-0.0250502609599	0.0451499886012	-0.0628748682406	0.0280438571532	-0.0544050032878	0.00440489322601	-0.101774450983	-0.00906775444968	-0.0529105208171	-0.0556560103404	-0.0973979899696	-0.0252832080593	-0.0643100900225	0.068465913173	-0.0290364163982	-0.0291875394141	-0.0238845480328	-0.0064758464528	-0.0774820557965	-0.0273988194917	0.0427859131376	-0.0540991392825	0.0621080910437	0.0117616028377	0.0137487239527	-0.0210933458347
k__Bacteria;p__Firmicutes;c__Clostridia;o__Clostridiales;f__Lachnospiraceae;g__Roseburia;s__Roseburia_intestinalis	0.0519528551285	0.0102027868443	-0.0679118743041	0.00192524592443	0.0120003984992	-0.0384578800358	-0.0497268901815	0.0407029499196	-0.0311725937527	-0.0452603036014	-0.000780787088172	0.0188648334724	-0.0631272940049	-0.0634710084988	-0.0156507419407	-0.0282985188031	-0.0396032501453	-0.00475803581876	-0.0230925442974	-0.00230547472317	0.0604865670101	-0.0205023623818	-0.091456599473	-0.00356910176637	0.0328106803402	-0.00917997601872	1.0	-0.0100130933376	-0.0279535499784	0.000377966081362	-0.00832838087852	-0.0513659161834	-0.000783505482616	-0.0425830252278	-0.0451367035255	-0.00568511456057	-0.0698907134084	-0.0521868060844	-0.060065509137	0.0152168737446	0.0042539495483	0.0187939161852	0.0188559443122	-0.027612112248	-0.0246704959649	0.0136676217767	0.0448151727096	-0.00129874820388	-0.0199057349735	-0.0145131154061	-0.0173465159277	-0.0144265894478	0.0412254063156	-0.0217781778119	-0.0380733024639	0.000609532427426	0.0611425802324	0.000140924329673	0.0107026762484
k__Bacteria;p__Firmicutes;c__Clostridia;o__Clostridiales;f__Lachnospiraceae;g__Roseburia;s__Roseburia_hominis	-0.019359102928	0.0257047969519	-0.00967478699706	0.034677615613	0.0546402752374	-0.0331632933969	6.82053590481e-05	-0.0236195297681	0.00857478020344	-0.0136015173841	0.0317875768383	-0.0114770799615	0.0208191023303	0.00126453817766	-0.00703889273943	-0.0318867058606	0.0104012512129	-0.0128384566071	0.0211885128287	-0.000722415342041	-0.0423219968255	-0.0273618311211	-0.0507759336315	-0.052298907514	0.0294032129966	-0.0457398869589	-0.0100130933376	1.0	-0.057144999007	0.0274847619788	-0.0621745716422	0.0127211307887	-0.00519815458587	-0.020600229984	-0.0329468051547	0.0373722466296	-0.00800907132483	0.00714001304337	0.0309360782892	-0.0138580672175	0.0552682510966	-0.0927576975656	0.0392669107981	-0.00224890508509	-0.00277769085373	-0.0324362210292	-0.0239015002314	-0.0314860506526	0.0131405791968	-0.0142116297606	-0.0608641126628	-0.0974514465734	-0.0801264318588	-0.0339550579756	0.00821112469948	0.0311087133865	-0.00532855878659	0.00562578476031	0.0559553153388
k__Bacteria;p__Bacteroidetes;c__Bacteroidia;o__Bacteroidales;f__Porphyromonadaceae;g__Parabacteroides;s__Parabacteroides_johnsonii	-0.0238316870843	-0.0566169646127	-0.00997464250046	-0.0633186658076	0.0160278725839	-0.00840645458982	-0.0203635930499	0.0447107497733	0.0654170944264	0.0294881427207	0.0583102785007	-0.0307210124019	0.0340052913433	0.000865440640589	-0.0360106882005	0.0123363256006	-0.0436944353301	0.00173324945913	-0.0143320826619	0.0116492138698	-0.0367888866903	0.0102429327454	-0.0213491270425	-0.0348349888391	-0.0385511693132	0.0251923386396	-0.0279535499784	-0.057144999007	1.0	0.0245476385988	0.0200636388981	0.0203968013606	-0.0232417605761	0.0573247420688	-0.0408684246545	-0.0515583146468	-0.0122181535768	0.0823177929388	0.0705039625699	-0.127195705414	0.0404462487623	0.0423738384391	-0.0135611549556	0.0555229505386	0.00498907421092	-0.0184955045894	0.00807572002377	-0.0541667962886	-0.00114432943334	-0.00667294246579	-0.00553900512112	0.0014738203162	0.00358644274381	-0.00799771457304	0.0117777573708	-0.0554300750199	0.0025738315782	0.0277607207859	-0.0766391078654
k__Bacteria;p__Actinobacteria;c__Actinobacteria;o__Bifidobacteriales;f__Bifidobacteriaceae;g__Bifidobacterium;s__Bifidobacterium_longum	-0.0671269730962	0.00703164516472	0.018992744578	0.00734455520251	-0.0435843912908	-0.0255925663647	0.0101797872715	-0.0447411325042	-0.0189664990374	-0.0312515892949	0.0327324588564	0.0160682557443	0.035469822019	-0.0172386249284	0.0764010472339	-0.0249757441452	0.00662423689889	0.0104119918785	-0.0472495010191	-0.0657631346645	0.0195127923323	0.0218103253503	-0.0858622229389	-0.022662923516	-0.00341297352291	0.0409793979837	0.000377966081362	0.0274847619788	0.0245476385988	1.0	0.00244907160832	0.00888066716123	-0.0299577119415	-0.065236446068	-0.00705393850994	0.0202750525046	0.00240354162726	-0.0228048437125	0.0661441758396	-0.0188598361563	-0.00116283364013	0.0302334809445	0.0207001891317	-0.0468600059594	-0.0841246909864	0.0435776099787	0.0384174738379	0.00253868484196	-0.054868505371	-0.0110509056659	-0.010384786889	-0.0517099904736	0.000784777553286	0.0954002726799	-0.0345649624337	-0.0364389962806	-0.0132511107334	-0.0767274085347	-0.00601360738684
