#taxonomy	k__Bacteria;p__Bacteroidetes;c__Bacteroidia;o__Bacteroidales;f__Bacteroidaceae;g__Bacteroides;s__Bacteroides_vulgatus	k__Bacteria;p__Bacteroidetes;c__Bacteroidia;o__Bacteroidales;f__Bacteroidaceae;g__Bacteroides;s__Bacteroides_uniformis	k__Bacteria;p__Bacteroidetes;c__Bacteroidia;o__Bacteroidales;f__Rikenellaceae;g__Alistipes;s__Alistipes_putredinis	k__Bacteria;p__Bacteroidetes;c__Bacteroidia;o__Bacteroidales;f__Prevotellaceae;g__Prevotella;s__Prevotella_copri	k__Bacteria;p__Bacteroidetes;c__Bacteroidia;o__Bacteroidales;f__Bacteroidaceae;g__Bacteroides;s__Bacteroides_stercoris	k__Bacteria;p__Bacteroidetes;c__Bacteroidia;o__Bacteroidales;f__Bacteroidaceae;g__Bacteroides;s__Bacteroides_ovatus	k__Bacteria;p__Bacteroidetes;c__Bacteroidia;o__Bacteroidales;f__Rikenellaceae;g__Alistipes;s__Alistipes_shahii	k__Bacteria;p__Firmicutes;c__Clostridia;o__Clostridiales;f__Ruminococcaceae;g__Faecalibacterium;s__Faecalibacterium_prausnitzii	k__Bacteria;p__Bacteroidetes;c__Bacteroidia;o__Bacteroidales;f__Rikenellaceae;g__Alistipes;s__Alistipes_finegoldii	k__Bacteria;p__Bacteroidetes;c__Bacteroidia;o__Bacteroidales;f__Porphyromonadaceae;g__Parabacteroides;s__Parabacteroides_distasonis	k__Bacteria;p__Bacteroidetes;c__Bacteroidia;o__Bacteroidales;f__Bacteroidaceae;g__Bacteroides;s__Bacteroides_thetaiotaomicron	k__Bacteria;p__Bacteroidetes;c__Bacteroidia;o__Bacteroidales;f__Bacteroidaceae;g__Bacteroides;s__Bacteroides_coprocola	k__Bacteria;p__Bacteroidetes;c__Bacteroidia;o__Bacteroidales;f__Bacteroidaceae;g__Bacteroides;s__Bacteroides_cellulosilyticus	k__Bacteria;p__Bacteroidetes;c__Bacteroidia;o__Bacteroidales;f__Rikenellaceae;g__Alistipes;s__Alistipes_obesi	k__Bacteria;p__Firmicutes;c__Clostridia;o__Clostridiales;f__Lachnospiraceae;g__;s__[Eubacterium]_rectale	k__Bacteria;p__Bacteroidetes;c__Bacteroidia;o__Bacteroidales;f__Bacteroidaceae;g__Bacteroides;s__Bacteroides_plebeius	k__Bacteria;p__Bacteroidetes;c__Bacteroidia;o__Bacteroidales;f__Bacteroidaceae;g__Bacteroides;s__Bacteroides_fragilis	k__Bacteria;p__Proteobacteria;c__Betaproteobacteria;o__Burkholderiales;f__Sutterellaceae;g__Sutterella;s__Sutterella_wadsworthensis	k__Bacteria;p__Bacteroidetes;c__Bacteroidia;o__Bacteroidales;f__Porphyromonadaceae;g__Barnesiella;s__Barnesiella_intestinihominis	k__Bacteria;p__Bacteroidetes;c__Bacteroidia;o__Bacteroidales;f__Odoribacteraceae;g__Odoribacter;s__Odoribacter_splanchnicus	k__Bacteria;p__Bacteroidetes;c__Bacteroidia;o__Bacteroidales;f__Bacteroidaceae;g__Bacteroides;s__Bacteroides_salyersiae	k__Bacteria;p__Firmicutes;c__Clostridia;o__Clostridiales;f__Ruminococcaceae;g__Ruminiclostridium;s__[Eubacterium]_siraeum	k__Bacteria;p__Proteobacteria;c__Betaproteobacteria;o__Burkholderiales;f__Sutterellaceae;g__Parasutterella;s__Parasutterella_excrementihominis	k__Bacteria;p__Actinobacteria;c__Actinobacteria;o__Bifidobacteriales;f__Bifidobacteriaceae;g__Bifidobacterium;s__Bifidobacterium_adolescentis	k__Bacteria;p__Firmicutes;c__Clostridia;o__Clostridiales;f__Oscillospiraceae;g__Oscillibacter;s__Oscillibacter_sp._KLE_1745	k__Bacteria;p__Bacteroidetes;c__Bacteroidia;o__Bacteroidales;f__Bacteroidaceae;g__Bacteroides;s__Bacteroides_coprophilus	k__Bacteria;p__Firmicutes;c__Clostridia;o__Clostridiales;f__Lachnospiraceae;g__Roseburia;s__Roseburia_intestinalis	k__Bacteria;p__Firmicutes;c__Clostridia;o__Clostridiales;f__Lachnospiraceae;g__Roseburia;s__Roseburia_hominis	k__Bacteria;p__Bacteroidetes;c__Bacteroidia;o__Bacteroidales;f__Porphyromonadaceae;g__Parabacteroides;s__Parabacteroides_johnsonii	k__Bacteria;p__Actinobacteria;c__Actinobacteria;o__Bifidobacteriales;f__Bifidobacteriaceae;g__Bifidobacterium;s__Bifidobacterium_longum	k__Bacteria;p__Firmicutes;c__Clostridia;o__Clostridiales;f__;g__Flavonifractor;s__Flavonifractor_plautii	k__Bacteria;p__Firmicutes;c__Clostridia;o__Clostridiales;f__Clostridiaceae;g__Clostridium;s__Clostridium_phoceensis	k__Bacteria;p__Verrucomicrobia;c__Verrucomicrobiae;o__Verrucomicrobiales;f__Akkermansiaceae;g__Akkermansia;s__Akkermansia_muciniphila	k__Bacteria;p__Bacteroidetes;c__Bacteroidia;o__Bacteroidales;f__Prevotellaceae;g__Paraprevotella;s__Paraprevotella_xylaniphila	k__Bacteria;p__Firmicutes;c__Clostridia;o__Clostridiales;f__Ruminococcaceae;g__Ruminococcus;s__Ruminococcus_callidus	k__Bacteria;p__Bacteroidetes;c__Bacteroidia;o__Bacteroidales;f__Rikenellaceae;g__Alistipes;s__Alistipes_senegalensis	k__Bacteria;p__Firmicutes;c__Clostridia;o__Clostridiales;f__Lachnospiraceae;g__Blautia;s__Blautia_sp._KLE_1732	k__Bacteria;p__Bacteroidetes;c__Bacteroidia;o__Bacteroidales;f__Bacteroidaceae;g__Bacteroides;s__Bacteroides_oleiciplenus	k__Bacteria;p__Firmicutes;c__Clostridia;o__Clostridiales;f__Ruminococcaceae;g__Ruminococcus;s__Ruminococcus_bicirculans	k__Bacteria;p__Bacteroidetes;c__Bacteroidia;o__Bacteroidales;f__Bacteroidaceae;g__Bacteroides;s__Bacteroides_fluxus	k__Bacteria;p__Bacteroidetes;c__Bacteroidia;o__Bacteroidales;f__Prevotellaceae;g__Prevotella;s__Prevotella_stercorea	k__Bacteria;p__Firmicutes;c__Clostridia;o__Clostridiales;f__Lachnospiraceae;g__Dorea;s__Dorea_longicatena	k__Bacteria;p__Firmicutes;c__Clostridia;o__Clostridiales;f__Eubacteriaceae;g__Eubacterium;s__[Eubacterium]_eligens	k__Bacteria;p__Firmicutes;c__Clostridia;o__Clostridiales;f__Ruminococcaceae;g__;s__Ruminococcaceae_bacterium_D16	k__Bacteria;p__Firmicutes;c__Clostridia;o__Clostridiales;f__Lachnospiraceae;g__Coprococcus;s__Coprococcus_comes	k__Bacteria;p__Proteobacteria;c__Gammaproteobacteria;o__Enterobacterales;f__Enterobacteriaceae;g__Escherichia;s__Escherichia_coli	k__Bacteria;p__Firmicutes;c__Clostridia;o__Clostridiales;f__Ruminococcaceae;g__Anaerotruncus;s__Anaerotruncus_colihominis	k__Bacteria;p__Firmicutes;c__Clostridia;o__Clostridiales;f__Lachnospiraceae;g__Blautia;s__Blautia_obeum	k__Bacteria;p__Bacteroidetes;c__Bacteroidia;o__Bacteroidales;f__Odoribacteraceae;g__Odoribacter;s__Odoribacter_laneus	k__Bacteria;p__Firmicutes;c__Clostridia;o__Clostridiales;f__Ruminococcaceae;g__Ruminiclostridium;s__[Clostridium]_leptum	k__Bacteria;p__Bacteroidetes;c__Bacteroidia;o__Bacteroidales;f__Porphyromonadaceae;g__Parabacteroides;s__Parabacteroides_goldsteinii	k__Bacteria;p__Firmicutes;c__Clostridia;o__Clostridiales;f__Lachnospiraceae;g__Anaerostipes;s__Anaerostipes_hadrus	k__Bacteria;p__Firmicutes;c__Clostridia;o__Clostridiales;f__Ruminococcaceae;g__Ruminococcus;s__Ruminococcus_lactaris	k__Bacteria;p__Firmicutes;c__Clostridia;o__Clostridiales;f__Clostridiaceae;g__Clostridium;s__Clostridium_sp._L2-50	k__Bacteria;p__Firmicutes;c__Clostridia;o__Clostridiales;f__Clostridiaceae;g__Clostridium;s__Clostridium_sp._M62/1	k__Bacteria;p__Firmicutes;c__Clostridia;o__Clostridiales;f__;g__Intestinimonas;s__Intestinimonas_butyriciproducens	k__Bacteria;p__Actinobacteria;c__Actinobacteria;o__Bifidobacteriales;f__Bifidobacteriaceae;g__Bifidobacterium;s__Bifidobacterium_bifidum	k__Bacteria;p__Firmicutes;c__Negativicutes;o__Veillonellales;f__Veillonellaceae;g__Dialister;s__Dialister_invisus	k__Bacteria;p__Bacteroidetes;c__Bacteroidia;o__Bacteroidales;f__Bacteroidaceae;g__Bacteroides;s__Bacteroides_salanitronis
k__Bacteria;p__Bacteroidetes;c__Bacteroidia;o__Bacteroidales;f__Bacteroidaceae;g__Bacteroides;s__Bacteroides_vulgatus	1.0	0.00893992079063	0.0430992703049	0.0131556583184	-0.0666708898898	0.0162091314632	-0.0437145361806	-0.00691992983171	0.00434667591661	-0.0423555697956	-0.0285449033405	-0.00749183729252	0.0245915670686	0.0474655402003	-0.0670596893764	0.0202239214983	-0.00242688013111	-0.0907758908859	-0.0080703566354	-0.0624094467931	-0.0715994243788	0.0278580822485	0.0133071491693	0.00325297566876	-0.0053824391237	-0.0136199304829	0.027170588717	-0.0248933077521	-0.0596739550195	0.0127058254614	0.046720456662	0.00116943120214	0.0151174821473	0.0116745773075	-0.0246221106053	-0.0367063083322	0.0303826657559	-0.0513344149457	-0.0480076788862	-0.0153562537285	-0.0393627958828	0.0136094708785	-0.026665953727	0.0340685444027	0.0290462347791	-0.0798368312766	0.0414875075366	0.0240246575199	-0.0679410466409	0.0440942257467	0.0115823261966	0.0345966059692	-0.0137045932314	0.00234946701103	0.0311422213898	-0.0374951514649	-0.0274896801962	-0.0271057898256	-0.0437080882496
k__Bacteria;p__Bacteroidetes;c__Bacteroidia;o__Bacteroidales;f__Bacteroidaceae;g__Bacteroides;s__Bacteroides_uniformis	0.00893992079063	1.0	-0.0429294761319	0.0270620062022	0.0184563726106	-0.00990072436803	-0.0130655881171	0.0201504253957	0.0465129896099	-0.0199751708891	0.0096463789655	-0.0615597958105	-0.0411136941517	-0.00631277649272	-0.0131651097349	-0.0879607345461	0.0867764119584	-0.0289815346432	-0.0644487518537	-0.0146672035883	-0.0251045497113	0.0634778886458	-0.0955901181627	0.059096934582	0.0142131824192	-0.00693458955691	-0.0850280961387	-0.0276296029844	0.0630638940055	-0.0913556904422	-0.0347256192777	-0.0308195261293	-0.063539418562	-0.00164770116211	0.0421581582075	0.00378641372478	-0.0285604570234	-0.0822148902795	-0.017480585505	0.03986767313	-0.0595481238069	0.0317112978548	-0.0182149219582	0.062998616993	-0.0422055696785	-0.0381287993622	-0.000398917050744	-0.0633877796738	0.0943164258115	0.0459292839568	-0.0951625117316	-0.00446807514856	-0.0197942644789	-0.00856862164371	0.0298157403799	-0.0138402517772	-0.0015935886532	0.06033013479	-0.00532057546078
k__Bacteria;p__Bacteroidetes;c__Bacteroidia;o__Bacteroidales;f__Rikenellaceae;g__Alistipes;s__Alistipes_putredinis	0.0430992703049	-0.0429294761319	1.0	0.027044885402	0.0112692643838	0.0232919673386	-0.0460414114089	0.0122320258042	0.0143288054695	0.0165614260877	-0.0379190204412	-0.0855062236699	-0.0486474448559	-0.0438002233577	-0.0136528584467	-0.0661860638518	-0.0557498549727	-0.0139164723572	-0.0269903205824	0.0433319464861	-0.021700437512	-0.0434545147334	0.0184758092164	0.00779632036412	-0.00324645259667	-0.0636611568149	0.0341347885509	0.0116600311091	-0.00778653574955	-0.0118997974211	-0.0874392728041	-0.0023061886654	-0.0555016045918	-0.0227168143939	-0.00712428851524	0.0135898620647	-0.0226919398754	0.0381292654675	0.0125905506787	0.0182540580192	-0.0742669361857	0.0395427567904	0.0466384885338	0.0320975133015	-0.0449761670448	0.0305549772623	-0.0373828335516	-0.0202958726116	0.0140374392878	-0.0117901814098	0.00287384996877	0.0114883568385	-0.0680974348522	0.0346919368906	0.0380411018834	-0.0812709749432	-0.000495698870912	-0.0265217743363	-0.0465479788169
k__Bacteria;p__Bacteroidetes;c__Bacteroidia;o__Bacteroidales;f__Prevotellaceae;g__Prevotella;s__Prevotella_copri	0.0131556583184	0.0270620062022	0.027044885402	1.0	-0.06831328681	0.0624040128422	-0.0291912411216	-0.0614125662527	-0.0809281087891	0.0111317149401	0.0368958127829	0.0138288054211	-0.00335051021684	0.00361394911144	0.0291979043672	0.0207984851441	-0.0434540342446	-0.00502390037045	-0.00808246524613	-0.0903602536525	0.0236076606501	0.0143508600939	-0.0858770762658	0.0614407561263	-0.0398900644344	-0.027914139353	0.0354192223935	-0.0281385766344	-0.117833374406	0.00519825097457	-0.0409150691911	-0.0195915176184	0.0148883744057	-0.050852319257	0.0130044677886	-0.049399383897	0.000930816839092	-0.0046898149197	-0.0198419333532	-0.113431973823	-0.050122999746	-0.00232098895358	0.0239099332372	0.060207700113	-0.0105914204474	-0.0205304768708	0.0345743181674	0.0272309589764	-0.0544235919371	-0.00527259187402	0.063992690766	-0.0607151384087	-0.00690287044079	0.0637434213161	0.0020080084183	-0.00526606988767	-0.0432245527127	-0.0709025671889	0.0368377506919
k__Bacteria;p__Bacteroidetes;c__Bacteroidia;o__Bacteroidales;f__Bacteroidaceae;g__Bacteroides;s__Bacteroides_stercoris	-0.0666708898898	0.0184563726106	0.0112692643838	-0.06831328681	1.0	-0.0171164613154	-0.00641085615191	0.0115819875368	0.0368411897093	0.0413329751457	3.59172389226e-05	-0.0750629567642	-0.0558732603223	0.0141996489682	-0.0223892570476	-0.00102735655829	-0.0400087800517	-0.00789238979559	-0.0278071829313	0.00927014290549	0.0718675840088	-0.0356409011712	-0.0318763384809	0.0496294622864	-0.0112909361406	0.00225214521042	-0.0435346028862	-0.0262501434401	-0.00495629841344	0.0396631322109	0.0237563839036	-0.0306984540991	0.0546519408711	-0.0758919592065	-0.0725779762757	0.00640442730487	-0.0385390715467	-0.000886408638929	-0.0259343156496	0.0521053078479	-0.00986907812594	0.0381796558147	0.00545786225788	0.0697209577974	-0.0399648775386	0.0162827608888	-0.0032798751839	-0.0100561630725	-0.00971966661408	0.0941971913432	-0.0751796830696	-0.01571425695	-0.0590501951694	-0.0427725440573	-0.0667639064616	0.00525703823513	-0.057368939475	-0.0826419599481	0.0150143304228
k__Bacteria;p__Bacteroidetes;c__Bacteroidia;o__Bacteroidales;f__Bacteroidaceae;g__Bacteroides;s__Bacteroides_ovatus	0.0162091314632	-0.00990072436803	0.0232919673386	0.0624040128422	-0.0171164613154	1.0	-0.0707042617703	-0.0427583257078	0.00207460445405	-0.0980261574533	0.0434721919688	0.0305848782341	-0.0212511744879	-0.0064871141822	-0.022601946669	-0.00949032789707	0.0221001440444	0.0165218125836	-0.0185600661163	-0.0797320588813	-0.0532876735074	-0.0690610883311	-0.0408591773731	-0.014248682218	-0.0316822396268	0.0861081419225	-0.028701047495	-0.0320278663853	-0.0294414536213	-0.014114449831	-0.0199747856257	-0.109973579106	0.0472691767514	0.054526935963	0.0107459449936	0.0294323666834	0.00294472203484	-0.0246524443889	0.0286550827092	0.0312275167932	-0.0829205769604	0.0292847312801	0.0111970992436	-0.0342030279351	-0.0455769974667	-0.0446618850791	-0.00183509241216	-0.0283817027169	0.0225434273242	0.0306793065098	0.0322369564168	-0.0297160951502	-0.0203960830967	-0.00941153198155	0.0259937031743	-0.0128673696304	0.025334196894	-0.0122528978504	-0.0159691540353
k__Bacteria;p__Bacteroidetes;c__Bacteroidia;o__Bacteroidales;f__Rikenellaceae;g__Alistipes;s__Alistipes_shahii	-0.0437145361806	-0.0130655881171	-0.0460414114089	-0.0291912411216	-0.00641085615191	-0.0707042617703	1.0	0.035983430451	-0.0558194959356	0.00529311263311	-0.00919704305218	0.0206956188388	0.0324836671554	-0.0315492056518	0.00131141958394	-0.0534027833231	-0.0351547985988	-0.0308773300864	-0.0114872487001	-0.0186445840577	-0.0107473903921	-0.0118871274004	-0.0782300049143	-0.00592160776229	-0.00869015950627	-0.0175160340335	-0.0113455778753	0.0282625982378	0.00169684705224	-0.0247280785595	-0.0161278895814	0.00815545167797	-0.00993655574048	-0.0306837274221	-0.0343759647808	-0.0363428714818	0.00665322248094	-0.0440420036024	-0.0155616453112	-0.0178881244487	-0.0471425573871	-0.0545676431647	-0.00674561113326	0.0501583373163	0.0482852761999	-0.00541225678391	-0.017772204227	0.00832105569477	-0.00635527624374	-0.0569551814936	0.0893253524869	-0.0367557079336	-0.00139411893908	0.0471381999007	-0.00327781209545	-0.0296305476452	0.0160571645059	0.0188514186884	0.00506569594439
k__Bacteria;p__Firmicutes;c__Clostridia;o__Clostridiales;f__Ruminococcaceae;g__Faecalibacterium;s__Faecalibacterium_prausnitzii	-0.00691992983171	0.0201504253957	0.0122320258042	-0.0614125662527	0.0115819875368	-0.0427583257078	0.035983430451	1.0	0.048701472443	-0.0237354488322	-0.0316094656568	-0.0111708589926	-0.0251607880152	0.0662041448076	0.00499446145479	-0.0143078315916	-0.0779092250967	-0.00316832198883	0.0014561037733	-0.0270156044013	-0.0145472820745	-0.0287308210419	-0.0769938150496	-0.0159994271246	-0.0154639001819	-0.011989512603	-0.0404566911066	0.00113907453355	-0.0460886983569	-0.0252870281676	0.0474249253124	0.00917179572677	-0.0181031947796	0.00468853631021	0.00032123284197	-0.00113816415144	-0.0209431328182	-0.0277156732329	0.0186546318474	-0.0122111483123	0.0230798993418	-0.0814596392548	0.00785104362634	0.079675667974	0.00533333911476	-0.0506996287138	0.00302848981187	-0.0866480104115	0.00233371372603	-0.035335217936	-0.0303290700097	-0.0145893835311	-0.0439581435923	0.0117907665735	0.0244992826924	0.0478256871821	0.00383909482182	0.019731997466	-0.0625605482965
k__Bacteria;p__Bacteroidetes;c__Bacteroidia;o__Bacteroidales;f__Rikenellaceae;g__Alistipes;s__Alistipes_finegoldii	0.00434667591661	0.0465129896099	0.0143288054695	-0.0809281087891	0.0368411897093	0.00207460445405	-0.0558194959356	0.048701472443	1.0	-0.0165619421478	-0.0794970902986	-0.0030922817785	-0.0525583484334	-0.0276229730534	-0.0319629675072	0.103215479635	0.0249387782728	0.0374134392852	0.0816196799119	-0.0529691252203	0.00607575795545	-0.0238254242526	0.0417366522647	-0.0863104903106	-0.00350054274531	-0.0409782168263	-0.0367199399096	-0.047945901224	0.0125822453842	0.00639741631624	-0.0125597352545	0.00326507687815	0.0840599554954	-0.0729037399895	-0.0123611871031	-0.000242995935135	-0.00103557634856	0.0263678260596	-0.021735885419	0.00695828573223	-0.0277082611216	-0.0695299970998	-0.0340536064181	-0.0410652699711	-0.016116322394	-0.0571679580003	-0.0676830924281	0.0383272251019	-0.0149194777491	0.0153834743104	0.0062512510366	-0.0374764013666	0.0076993700198	-0.046287485142	-0.0234166543987	-0.0383082382312	0.0332962339081	-0.0140826354884	0.0158865057709
k__Bacteria;p__Bacteroidetes;c__Bacteroidia;o__Bacteroidales;f__Porphyromonadaceae;g__Parabacteroides;s__Parabacteroides_distasonis	-0.0423555697956	-0.0199751708891	0.0165614260877	0.0111317149401	0.0413329751457	-0.0980261574533	0.00529311263311	-0.0237354488322	-0.0165619421478	1.0	-0.0159430133554	0.000385754795623	0.0136949546493	-0.0107921594754	0.00443203173918	-0.0521580899293	-0.0635633144364	-0.0366608160283	-0.0468410332114	-0.0257833306965	0.02650328966	0.00399797542622	0.0291663316794	0.0239114431748	-0.0991726408441	0.0189661132876	-0.00901847030123	0.00148061945918	0.0472769695666	0.0243329157096	-0.0474302139553	0.0671548410657	-0.00823654058593	-0.0245021552299	-0.000422582465895	-0.0401811149665	0.047999977099	-0.0159233051879	-0.0176410685802	0.0520977766362	0.0529486311366	-0.0185156593213	0.00568605662619	-0.0857996070971	-0.0307967825769	-0.0335838939478	-0.00241341890473	-0.0338678879017	0.000685716328795	0.0133548535624	0.016234135332	0.0678425619917	0.00338719814185	-0.0659355381631	0.0238477177854	-0.0632997223308	-0.0447672454419	-0.0843724563102	0.0530351109659
k__Bacteria;p__Bacteroidetes;c__Bacteroidia;o__Bacteroidales;f__Bacteroidaceae;g__Bacteroides;s__Bacteroides_thetaiotaomicron	-0.0285449033405	0.0096463789655	-0.0379190204412	0.0368958127829	3.59172389226e-05	0.0434721919688	-0.00919704305218	-0.0316094656568	-0.0794970902986	-0.0159430133554	1.0	-0.0385443449203	-0.0611952413436	0.039768776201	-0.0688462506307	-0.00168533293902	-0.0604953731356	-0.0286878598662	0.0709698908297	-0.046772001672	-0.01167399171	-0.0106712439119	-0.116018010252	-0.00106816218181	-0.0547232710086	0.0432948651535	-0.0177544790261	-0.013003359679	-0.035631758909	-0.0759383372614	-0.0413070359812	0.00912628445724	0.0426250824263	0.0833295231385	-0.0589550370427	0.00370016189022	-0.0723472831247	-0.0153713696187	0.0159640827656	0.0656972662768	0.0260667787032	0.026091254251	-0.0298523389197	-0.0255269867344	-0.0489340227205	-0.0301533534071	-0.0731659945669	-0.0585512955328	0.0282792805166	-0.00944827817418	0.0225527653519	0.0270892046935	0.04666678149	-0.0198125014655	-0.0454693566841	-0.0340360907736	-0.00751737651726	-0.00780628293984	0.0331025481603
k__Bacteria;p__Bacteroidetes;c__Bacteroidia;o__Bacteroidales;f__Bacteroidaceae;g__Bacteroides;s__Bacteroides_coprocola	-0.00749183729252	-0.0615597958105	-0.0855062236699	0.0138288054211	-0.0750629567642	0.0305848782341	0.0206956188388	-0.0111708589926	-0.0030922817785	0.000385754795623	-0.0385443449203	1.0	-0.081711545444	0.0481473790687	-0.0483094466713	-0.0169895858903	-0.0239954385916	-0.0777080245804	0.00772290165048	-0.0156586957497	-0.0502010966217	0.0262812475738	-0.0257521999442	-0.0360856761168	-0.0258044770109	0.0542847781082	-0.0809382932465	0.00554789433885	0.00814806676909	0.0561056423003	-0.0115268482708	0.0282640738823	-0.0138926277391	-0.0689471641623	0.0478097368207	-0.0235041467705	-0.118340244664	0.07649228762	-0.022486070965	0.000548629084808	0.0146526734691	0.0845853468693	-0.0115259454851	-0.0188637732994	0.0102920221844	0.0615910471435	0.0288477989132	0.0639790639159	-0.0956845070939	-0.0678998840069	0.027118488712	-0.0209285602242	0.0282501413671	0.0080827949144	0.00704683937394	0.00452534854124	-0.0682366266292	0.0115009848983	-0.00348954512679
k__Bacteria;p__Bacteroidetes;c__Bacteroidia;o__Bacteroidales;f__Bacteroidaceae;g__Bacteroides;s__Bacteroides_cellulosilyticus	0.0245915670686	-0.0411136941517	-0.0486474448559	-0.00335051021684	-0.0558732603223	-0.0212511744879	0.0324836671554	-0.0251607880152	-0.0525583484334	0.0136949546493	-0.0611952413436	-0.081711545444	1.0	0.0414741945078	0.0255637905023	0.00714753123987	0.00432182442202	0.0662539314942	-0.0676552898207	0.027985630185	0.00366999194886	-0.0367412051217	0.0402391284811	-0.0243622473963	-0.00467541350028	0.00692361420198	0.0501922779907	-0.00951229585289	-0.0700372893918	-0.0150330716011	0.00123498040936	-0.0774415209128	0.0046418543395	0.0193288978143	0.00372627700681	-0.0194386575789	0.05347915389	-0.0420914480223	0.0513411602227	0.0706805349616	0.0382734270759	0.0331677564791	-0.121733498905	0.0514580681023	0.00809913308869	-0.00471955243325	-0.0893140279464	-0.025058077025	0.0560420765789	-0.0435346395325	0.0116075707108	0.00890068626952	-0.0476413411842	-0.0286339984864	-0.0019307759076	-0.0438838924379	-0.0725265006069	-0.0329963920039	0.0515154268738
k__Bacteria;p__Bacteroidetes;c__Bacteroidia;o__Bacteroidales;f__Rikenellaceae;g__Alistipes;s__Alistipes_obesi	0.0474655402003	-0.00631277649272	-0.0438002233577	0.00361394911144	0.0141996489682	-0.0064871141822	-0.0315492056518	0.0662041448076	-0.0276229730534	-0.0107921594754	0.039768776201	0.0481473790687	0.0414741945078	1.0	-0.109622918195	-0.103517109934	-0.0632114700274	-0.00505483272453	-0.0355278694453	0.000255410456134	-0.0139580618948	0.0356096046029	0.0147562317687	0.00734638649645	-0.0193875161602	-0.0498010937227	-0.00863219251573	-0.0361108135807	-0.0502376073677	0.0251046165312	0.0285666407581	-0.0142505661538	-0.0361778124814	0.0735828207352	-0.0227114597584	-0.102159374099	-0.0124031254928	-0.032165906569	-0.00184533631555	-0.00895056140054	0.0224021079929	-0.0465267456814	0.0569552584469	-0.00759568171846	0.00611764429388	-0.00245749623273	-0.0366623559602	-0.0548839490786	-0.0586176863335	-0.00956776216586	-0.0804039868823	0.0100712207245	-0.00253672008454	-0.0216213502569	0.0107532530031	-0.0378636737542	-0.0548195720922	0.0282198006405	-0.0952662596463
k__Bacteria;p__Firmicutes;c__Clostridia;o__Clostridiales;f__Lachnospiraceae;g__;s__[Eubacterium]_rectale	-0.0670596893764	-0.0131651097349	-0.0136528584467	0.0291979043672	-0.0223892570476	-0.022601946669	0.00131141958394	0.00499446145479	-0.0319629675072	0.00443203173918	-0.0688462506307	-0.0483094466713	0.0255637905023	-0.109622918195	1.0	-0.00151679382976	-0.00104210039813	-0.0164504741065	0.0274159687762	-0.00487071879515	0.0206506908901	-0.0895946460032	0.0234178799135	-0.0974979865213	-0.0622468556896	-0.0312245041603	-0.0199195633291	0.0444182128633	-0.0500378300155	-0.0453403757044	-0.0151236602168	0.0254672572163	0.0505129889102	0.0597692353074	0.0115446500855	-0.0328629147822	-0.0163383690098	-0.00176290407557	-0.0150045430406	-0.114015171384	-0.0440176541807	-0.0206763675903	-0.0532657493407	-0.0439701716432	-0.0411286813917	-0.0632923751907	0.0194022707041	0.0412630971846	0.0152728388417	0.0382571693774	0.00573887147879	-0.0089799285369	-0.0239106554231	-0.051322146809	-0.0309406508674	0.0561359890668	0.0292804470632	-0.0515969702353	0.0101446559053
k__Bacteria;p__Bacteroidetes;c__Bacteroidia;o__Bacteroidales;f__Bacteroidaceae;g__Bacteroides;s__Bacteroides_plebeius	0.0202239214983	-0.0879607345461	-0.0661860638518	0.0207984851441	-0.00102735655829	-0.00949032789707	-0.0534027833231	-0.0143078315916	0.103215479635	-0.0521580899293	-0.00168533293902	-0.0169895858903	0.00714753123987	-0.103517109934	-0.00151679382976	1.0	0.0256463548286	0.0668641837803	0.0363324872591	0.00184825400934	-0.0231763752466	0.0160337244837	0.0617663346186	0.0118171511563	-0.0335147399983	-0.0711517498502	-0.01805152437	-0.12127001587	-0.0419397089414	-0.00710091556957	-0.0531036690717	0.00503253970458	-0.00976682019306	-0.0245105490866	0.0635892626854	0.0323193577366	0.00995680423841	-0.00281081660452	-0.0175434980867	-0.0440254961007	-0.012699156012	0.0118768156535	-0.0558275514281	-0.0268775393301	-0.00622658943208	0.00362737734998	0.0328649722648	-0.0485292468924	-0.0463201024754	0.0935480972531	-0.061088510432	-0.0193157868174	-0.0258225139265	-0.0166415441134	-0.0278191134182	0.00272082644259	-0.0328714179596	-0.0100751036484	-0.0433017581016
k__Bacteria;p__Bacteroidetes;c__Bacteroidia;o__Bacteroidales;f__Bacteroidaceae;g__Bacteroides;s__Bacteroides_fragilis	-0.00242688013111	0.0867764119584	-0.0557498549727	-0.0434540342446	-0.0400087800517	0.0221001440444	-0.0351547985988	-0.0779092250967	0.0249387782728	-0.0635633144364	-0.0604953731356	-0.0239954385916	0.00432182442202	-0.0632114700274	-0.00104210039813	0.0256463548286	1.0	-0.0245882723352	-0.0251488933203	0.00916591600937	0.0482257097566	-0.0363030819503	0.000755134407775	-0.0123943864343	0.0252156755331	-0.0022421150286	-0.0188035471561	-0.0372499262376	-0.00810130324437	0.00319945120905	-0.0638742899486	-0.00616813369219	0.0915726403267	-0.0341472528192	0.0811673346366	0.0165191411823	-0.0500982017198	-0.0264955134141	-0.0154440264427	-0.0369116533998	-0.0844573393894	0.0237173828221	-0.0826321988692	-0.019613841886	0.0412132659226	-0.0205732459981	0.106048539676	0.0465736067441	-0.0497080199094	0.0831320097466	-0.0673304285185	-0.0214382503298	0.0180364785256	-0.0217375574822	-0.00169942301633	-0.0630475438627	-0.0301094649678	0.0391252608958	-0.00135520212188
k__Bacteria;p__Proteobacteria;c__Betaproteobacteria;o__Burkholderiales;f__Sutterellaceae;g__Sutterella;s__Sutterella_wadsworthensis	-0.0907758908859	-0.0289815346432	-0.0139164723572	-0.00502390037045	-0.00789238979559	0.0165218125836	-0.0308773300864	-0.00316832198883	0.0374134392852	-0.0366608160283	-0.0286878598662	-0.0777080245804	0.0662539314942	-0.00505483272453	-0.0164504741065	0.0668641837803	-0.0245882723352	1.0	0.0202040965808	-0.0552753986471	0.0303588390418	-0.0883979601355	-0.0143762509599	0.00331071456592	-0.0353859589703	0.0570358900038	-0.0466573857114	-0.0232603229587	0.021241645372	-0.0527395056587	0.0249889525189	-0.0330155297108	-0.0494341777959	-0.0251737369114	0.0728345247114	0.017063637409	-0.0563617129519	-0.0629945065297	-0.0095733194126	0.00684155844795	0.000752475403373	-0.0113026596316	0.0394426577191	-0.0560011676719	0.034188265765	0.0460115397114	0.0420340119633	-0.0370046912574	0.0264271133374	-0.024280907628	-0.0177533088865	-0.0299585157725	-0.0255852625887	-0.0261710133134	0.0203401008919	-0.012970546448	0.117550363244	-0.0060072490785	-0.0603942061705
k__Bacteria;p__Bacteroidetes;c__Bacteroidia;o__Bacteroidales;f__Porphyromonadaceae;g__Barnesiella;s__Barnesiella_intestinihominis	-0.0080703566354	-0.0644487518537	-0.0269903205824	-0.00808246524613	-0.0278071829313	-0.0185600661163	-0.0114872487001	0.0014561037733	0.0816196799119	-0.0468410332114	0.0709698908297	0.00772290165048	-0.0676552898207	-0.0355278694453	0.0274159687762	0.0363324872591	-0.0251488933203	0.0202040965808	1.0	-0.0392071625048	-0.0506966081709	0.0319683522475	-0.0109610463524	0.00810060695563	4.35948817314e-05	-0.0141844603893	-0.0631575592446	-0.0642215981231	0.0442116650483	-0.0340377023406	-0.0207596933544	-0.0241575471505	-0.00817423733593	-0.0510258178409	-0.0349003419625	-0.00210189282267	-0.0126975141984	0.0554680857509	0.0490012207537	0.011417057402	-0.0470368023439	-0.0504601572648	0.00264695590582	0.00300600148625	0.00606820271989	-0.0102415070582	-0.0119719090713	0.0237618907711	0.00795168744671	-0.0468857630612	-0.0910430197281	-0.0459074507117	0.0233488690256	-0.0163457569511	0.0288098584399	-0.0249071054707	0.0591383988483	-0.0602108083733	0.0568473032874
k__Bacteria;p__Bacteroidetes;c__Bacteroidia;o__Bacteroidales;f__Odoribacteraceae;g__Odoribacter;s__Odoribacter_splanchnicus	-0.0624094467931	-0.0146672035883	0.0433319464861	-0.0903602536525	0.00927014290549	-0.0797320588813	-0.0186445840577	-0.0270156044013	-0.0529691252203	-0.0257833306965	-0.046772001672	-0.0156586957497	0.027985630185	0.000255410456134	-0.00487071879515	0.00184825400934	0.00916591600937	-0.0552753986471	-0.0392071625048	1.0	-0.0271957322121	0.0551611630045	0.00852789168195	0.0385758829313	0.0149927870946	-0.0132919192035	-0.0292142612654	0.0354052395437	0.0783601075088	-0.0262990180858	-0.0331589366657	-0.0256804818177	-0.0104362571076	0.0298347451379	-0.024761630014	0.00995068364808	-0.0781853397309	0.0391446646576	0.0302393589836	-0.00675577275891	-0.0172307546483	-0.0481603168525	-0.0100772101497	0.0150271430762	-0.0127399337092	-0.0135842471324	-0.0381234701111	-0.0152617528069	-0.0112569124916	-0.0343613384083	-0.0517452444205	0.0693776124718	-0.0144913447348	0.00545800226769	-0.0674949980545	0.0105795749153	0.0260029715835	-0.0144451357861	0.0371573458592
k__Bacteria;p__Bacteroidetes;c__Bacteroidia;o__Bacteroidales;f__Bacteroidaceae;g__Bacteroides;s__Bacteroides_salyersiae	-0.0715994243788	-0.0251045497113	-0.021700437512	0.0236076606501	0.0718675840088	-0.0532876735074	-0.0107473903921	-0.0145472820745	0.00607575795545	0.02650328966	-0.01167399171	-0.0502010966217	0.00366999194886	-0.0139580618948	0.0206506908901	-0.0231763752466	0.0482257097566	0.0303588390418	-0.0506966081709	-0.0271957322121	1.0	-0.0258274528476	0.0199572510411	0.00171627603683	-0.0499930592098	-0.0101555037675	-0.00451477717233	-0.0122583261325	0.00233470186137	-0.0210246991012	0.00175430786474	-0.0522849662273	0.0235097237078	-0.0242685263822	-0.0718494720011	-0.00605486252208	0.0658950752012	-0.0548196408597	0.0240525602788	-0.0542030191059	-0.0215122986199	0.023758297763	0.0357393627177	-0.0476504432475	0.00472940598415	0.0106983519737	0.0183030508003	-0.027664838801	-0.0716310379719	-0.0375446068682	-0.0130128528167	-0.107505196837	0.0269579722102	-0.119806207679	0.0106009626429	-0.0177443948521	-0.0139893469856	-0.0509372910948	-0.0199100465557
k__Bacteria;p__Firmicutes;c__Clostridia;o__Clostridiales;f__Ruminococcaceae;g__Ruminiclostridium;s__[Eubacterium]_siraeum	0.0278580822485	0.0634778886458	-0.0434545147334	0.0143508600939	-0.0356409011712	-0.0690610883311	-0.0118871274004	-0.0287308210419	-0.0238254242526	0.00399797542622	-0.0106712439119	0.0262812475738	-0.0367412051217	0.0356096046029	-0.0895946460032	0.0160337244837	-0.0363030819503	-0.0883979601355	0.0319683522475	0.0551611630045	-0.0258274528476	1.0	-0.00625683028615	0.0297158493928	-0.02938481009	0.0560632953862	-0.0304180611942	-0.000397038561047	-0.0343111336611	-0.0375279565005	-0.0656011951094	-0.0776064606044	0.0127872246012	0.00245579951656	0.00779587966342	0.0263309228861	-0.0048580331792	-0.0192960275403	-0.000915597971072	-0.0131846143637	-0.0133264667431	-0.00744588292843	-0.0218484565409	0.00574640392975	-0.0061984900547	-0.0256315488494	-0.0448087074738	-0.0456829394865	-0.0339522240137	-0.0764908311339	-0.03148627104	-0.00787693985549	-0.0346279065951	-0.00938271299796	0.0459107036124	-0.0188035210953	0.0319511009912	-0.00319908638582	0.0140402707465
k__Bacteria;p__Proteobacteria;c__Betaproteobacteria;o__Burkholderiales;f__Sutterellaceae;g__Parasutterella;s__Parasutterella_excrementihominis	0.0133071491693	-0.0955901181627	0.0184758092164	-0.0858770762658	-0.0318763384809	-0.0408591773731	-0.0782300049143	-0.0769938150496	0.0417366522647	0.0291663316794	-0.116018010252	-0.0257521999442	0.0402391284811	0.0147562317687	0.0234178799135	0.0617663346186	0.000755134407775	-0.0143762509599	-0.0109610463524	0.00852789168195	0.0199572510411	-0.00625683028615	1.0	-0.0601192284591	-0.00385235664603	0.0182033156757	-0.0662038865447	-0.037779904476	-0.00109473769451	0.00911497277633	0.0382612866547	0.0187437173042	-0.0544334110038	0.0327668662631	-0.0122988788588	-0.05144223535	0.136095868274	-0.0127473689789	-0.0165226650627	-0.0715600458353	0.0348579149177	-0.0345642829952	-0.0212652876915	-0.0341157548798	0.0150622595861	0.0273721069605	-0.00622555094242	0.025459051898	-0.0911259603967	0.0442610737554	-0.0794359647097	0.00654609769749	-0.0296143451859	0.0250045059745	-0.0331444879595	-0.0708825293464	-0.00631339120057	-0.0473503847838	0.0551468402924
k__Bacteria;p__Actinobacteria;c__Actinobacteria;o__Bifidobacteriales;f__Bifidobacteriaceae;g__Bifidobacterium;s__Bifidobacterium_adolescentis	0.00325297566876	0.059096934582	0.00779632036412	0.0614407561263	0.0496294622864	-0.014248682218	-0.00592160776229	-0.0159994271246	-0.0863104903106	0.0239114431748	-0.00106816218181	-0.0360856761168	-0.0243622473963	0.00734638649645	-0.0974979865213	0.0118171511563	-0.0123943864343	0.00331071456592	0.00810060695563	0.0385758829313	0.00171627603683	0.0297158493928	-0.0601192284591	1.0	-0.0446375740288	-0.00439506495561	0.00176466136123	0.0662582401549	-0.0661764067835	0.0200066251499	-0.0622515811847	-0.0445487867435	0.0161165006533	-0.0150407418206	0.0319334317576	0.0339234676051	-0.0285348710799	-0.0407502014041	0.0256625035574	-0.0575051558554	-0.00828372970174	-0.0420669514014	0.0358947134596	-0.0409241740238	0.0213221307733	-0.00119293557649	0.0702883496297	-0.0473410449098	0.00243756605086	0.0383805759095	-0.0480905577051	-0.0361034524352	0.0261007504558	-0.018335887844	-0.0129858270378	0.013657120757	-0.00133268441351	-0.0447490277903	-0.0714476550431
k__Bacteria;p__Firmicutes;c__Clostridia;o__Clostridiales;f__Oscillospiraceae;g__Oscillibacter;s__Oscillibacter_sp._KLE_1745	-0.0053824391237	0.0142131824192	-0.00324645259667	-0.0398900644344	-0.0112909361406	-0.0316822396268	-0.00869015950627	-0.0154639001819	-0.00350054274531	-0.0991726408441	-0.0547232710086	-0.0258044770109	-0.00467541350028	-0.0193875161602	-0.0622468556896	-0.0335147399983	0.0252156755331	-0.0353859589703	4.35948817314e-05	0.0149927870946	-0.0499930592098	-0.02938481009	-0.00385235664603	-0.0446375740288	1.0	0.0428639822092	0.042587447426	-0.0399364889266	0.0349810399716	-0.0800865833478	-0.035171511893	-0.057473359869	0.00994069518964	-0.0691637531121	-0.034729339563	0.0418512306245	-0.0428188128577	-0.0228945874639	-0.00695161889433	-0.0688388107066	-0.0519833177127	0.0139191753066	-0.0343750328808	-0.00990357480115	-0.0282231001507	0.0545085216333	0.00586308328865	9.09311366566e-05	0.0361169616532	0.0317687852153	-0.00792528237616	0.05879747656	-0.0171615526229	0.00414101988343	-0.0884717914403	-0.0829289612112	0.0189452804237	0.0159512961676	-0.0406957905702
k__Bacteria;p__Bacteroidetes;c__Bacteroidia;o__Bacteroidales;f__Bacteroidaceae;g__Bacteroides;s__Bacteroides_coprophilus	-0.0136199304829	-0.00693458955691	-0.0636611568149	-0.027914139353	0.00225214521042	0.0861081419225	-0.0175160340335	-0.011989512603	-0.0409782168263	0.0189661132876	0.0432948651535	0.0542847781082	0.00692361420198	-0.0498010937227	-0.0312245041603	-0.0711517498502	-0.0022421150286	0.0570358900038	-0.0141844603893	-0.0132919192035	-0.0101555037675	0.0560632953862	0.0182033156757	-0.00439506495561	0.0428639822092	1.0	-0.0493475494064	-0.0645407068781	0.0121538807602	0.0689398203925	-0.0192599827882	-0.023262910137	-0.0894435192032	0.00983278298272	-0.0219237244053	-0.0800140046101	-0.0206051309419	-0.0533846243126	-0.0643287409543	-0.0154283948721	0.0456296515597	-0.00870438999758	0.0296703088128	-0.0358096786301	-0.0122667124675	0.0379332237449	-0.0727772666784	-0.0553796501085	0.0862825933196	-0.0302088859688	-0.10997837771	-0.0668327783574	0.0117433620077	0.00694286887066	0.0282811437392	-0.00966933140279	-0.0572270791633	0.0162007941536	0.0458388468305
k__Bacteria;p__Firmicutes;c__Clostridia;o__Clostridiales;f__Lachnospiraceae;g__Roseburia;s__Roseburia_intestinalis	0.027170588717	-0.0850280961387	0.0341347885509	0.0354192223935	-0.0435346028862	-0.028701047495	-0.0113455778753	-0.0404566911066	-0.0367199399096	-0.00901847030123	-0.0177544790261	-0.0809382932465	0.0501922779907	-0.00863219251573	-0.0199195633291	-0.01805152437	-0.0188035471561	-0.0466573857114	-0.0631575592446	-0.0292142612654	-0.00451477717233	-0.0304180611942	-0.0662038865447	0.00176466136123	0.042587447426	-0.0493475494064	1.0	0.0111664804726	-0.0597733464827	0.0140557768669	0.0401575408494	0.0305426362615	-0.0155061973679	-0.0711001920263	-0.0250803150876	-0.0178196873252	-0.00986013008939	0.000666000794131	-0.0219987951018	-0.003789366447	-0.0164098806495	0.0258305240251	-0.0221034920475	-0.040988599451	-0.0486563137458	0.0636031787632	-0.0816053535168	0.018692700501	-0.0687054603758	0.00444485073513	-0.00321728670198	-0.064332165517	0.010465114313	-0.0486168381548	0.0361935886929	0.0102529626367	-0.00291315599149	0.00249209752493	-0.0425700207023
k__Bacteria;p__Firmicutes;c__Clostridia;o__Clostridiales;f__Lachnospiraceae;g__Roseburia;s__Roseburia_hominis	-0.0248933077521	-0.0276296029844	0.0116600311091	-0.0281385766344	-0.0262501434401	-0.0320278663853	0.0282625982378	0.00113907453355	-0.047945901224	0.00148061945918	-0.013003359679	0.00554789433885	-0.00951229585289	-0.0361108135807	0.0444182128633	-0.12127001587	-0.0372499262376	-0.0232603229587	-0.0642215981231	0.0354052395437	-0.0122583261325	-0.000397038561047	-0.037779904476	0.0662582401549	-0.0399364889266	-0.0645407068781	0.0111664804726	1.0	-0.0498334309572	0.0689457332239	-0.0715283621718	-0.0331347063276	0.023496014465	0.0375864773349	0.0378407355753	-0.0614661580731	-0.0183230335574	-0.00272905549701	-0.0521415171442	-0.0134663754411	0.0112182755684	0.00108926163462	0.0644773937286	0.0329975968512	-0.0447516460536	-0.0364372030695	-0.0218105627477	-0.0365682790214	-0.00992382936418	0.0287887187947	0.0654689029724	0.0340158220572	-0.069064702526	-0.0414134631293	0.00730267509968	-0.0632082700975	0.0302043463409	-0.0475081655554	-0.051596219805
k__Bacteria;p__Bacteroidetes;c__Bacteroidia;o__Bacteroidales;f__Porphyromonadaceae;g__Parabacteroides;s__Parabacteroides_johnsonii	-0.0596739550195	0.0630638940055	-0.00778653574955	-0.117833374406	-0.00495629841344	-0.0294414536213	0.00169684705224	-0.0460886983569	0.0125822453842	0.0472769695666	-0.035631758909	0.00814806676909	-0.0700372893918	-0.0502376073677	-0.0500378300155	-0.0419397089414	-0.00810130324437	0.021241645372	0.0442116650483	0.0783601075088	0.00233470186137	-0.0343111336611	-0.00109473769451	-0.0661764067835	0.0349810399716	0.0121538807602	-0.0597733464827	-0.0498334309572	1.0	-0.0280174970167	-0.0074514634465	-0.00813962653911	0.0102016318058	-0.0298990944206	-0.00168410292443	0.055544116222	-0.0779140449318	-0.0184474807324	-0.00530707109346	0.0169397624543	-0.0551842800074	0.0591792721345	0.00897959028772	0.0294698232588	-0.00342887593461	-0.017303325653	-0.0454446464837	0.0275900357946	-0.0639440194519	0.003995866196	-0.00822469216434	-0.0539880784335	0.00333024700728	-0.00977268046444	0.0145605923441	-0.0784092548061	0.0382343912271	0.0391758567565	-0.0974155930716
k__Bacteria;p__Actinobacteria;c__Actinobacteria;o__Bifidobacteriales;f__Bifidobacteriaceae;g__Bifidobacterium;s__Bifidobacterium_longum	0.0127058254614	-0.0913556904422	-0.0118997974211	0.00519825097457	0.0396631322109	-0.014114449831	-0.0247280785595	-0.0252870281676	0.00639741631624	0.0243329157096	-0.0759383372614	0.0561056423003	-0.0150330716011	0.0251046165312	-0.0453403757044	-0.00710091556957	0.00319945120905	-0.0527395056587	-0.0340377023406	-0.0262990180858	-0.0210246991012	-0.0375279565005	0.00911497277633	0.0200066251499	-0.0800865833478	0.0689398203925	0.0140557768669	0.0689457332239	-0.0280174970167	1.0	-0.0151460920582	-0.0942698812646	-0.0962300739807	0.00409554653949	-0.0773120522968	-0.0772522800529	-0.0489611985748	0.00437455268212	0.0151013100816	-0.00929865819459	0.000509992159075	-0.0576342380036	0.018308122646	0.0150574285527	-0.0320594618672	0.0406154986048	-0.0411550162841	0.00320316436688	-0.0460130571429	0.0466179382339	-0.0133417879434	-0.0229043364785	-0.0164212553202	0.071263910933	-0.053176873854	0.0504887023698	-0.0196763879103	-0.0520148445166	-0.047424165456
