#taxonomy	k__Bacteria;p__Bacteroidetes;c__Bacteroidia;o__Bacteroidales;f__Bacteroidaceae;g__Bacteroides;s__Bacteroides_vulgatus	k__Bacteria;p__Bacteroidetes;c__Bacteroidia;o__Bacteroidales;f__Bacteroidaceae;g__Bacteroides;s__Bacteroides_uniformis	k__Bacteria;p__Bacteroidetes;c__Bacteroidia;o__Bacteroidales;f__Rikenellaceae;g__Alistipes;s__Alistipes_putredinis	k__Bacteria;p__Bacteroidetes;c__Bacteroidia;o__Bacteroidales;f__Prevotellaceae;g__Prevotella;s__Prevotella_copri	k__Bacteria;p__Bacteroidetes;c__Bacteroidia;o__Bacteroidales;f__Bacteroidaceae;g__Bacteroides;s__Bacteroides_stercoris	k__Bacteria;p__Bacteroidetes;c__Bacteroidia;o__Bacteroidales;f__Bacteroidaceae;g__Bacteroides;s__Bacteroides_ovatus	k__Bacteria;p__Bacteroidetes;c__Bacteroidia;o__Bacteroidales;f__Rikenellaceae;g__Alistipes;s__Alistipes_shahii	k__Bacteria;p__Firmicutes;c__Clostridia;o__Clostridiales;f__Ruminococcaceae;g__Faecalibacterium;s__Faecalibacterium_prausnitzii	k__Bacteria;p__Bacteroidetes;c__Bacteroidia;o__Bacteroidales;f__Rikenellaceae;g__Alistipes;s__Alistipes_finegoldii	k__Bacteria;p__Bacteroidetes;c__Bacteroidia;o__Bacteroidales;f__Porphyromonadaceae;g__Parabacteroides;s__Parabacteroides_distasonis	k__Bacteria;p__Bacteroidetes;c__Bacteroidia;o__Bacteroidales;f__Bacteroidaceae;g__Bacteroides;s__Bacteroides_thetaiotaomicron	k__Bacteria;p__Bacteroidetes;c__Bacteroidia;o__Bacteroidales;f__Bacteroidaceae;g__Bacteroides;s__Bacteroides_coprocola	k__Bacteria;p__Bacteroidetes;c__Bacteroidia;o__Bacteroidales;f__Bacteroidaceae;g__Bacteroides;s__Bacteroides_cellulosilyticus	k__Bacteria;p__Bacteroidetes;c__Bacteroidia;o__Bacteroidales;f__Rikenellaceae;g__Alistipes;s__Alistipes_obesi	k__Bacteria;p__Firmicutes;c__Clostridia;o__Clostridiales;f__Lachnospiraceae;g__;s__[Eubacterium]_rectale	k__Bacteria;p__Bacteroidetes;c__Bacteroidia;o__Bacteroidales;f__Bacteroidaceae;g__Bacteroides;s__Bacteroides_plebeius	k__Bacteria;p__Bacteroidetes;c__Bacteroidia;o__Bacteroidales;f__Bacteroidaceae;g__Bacteroides;s__Bacteroides_fragilis	k__Bacteria;p__Proteobacteria;c__Betaproteobacteria;o__Burkholderiales;f__Sutterellaceae;g__Sutterella;s__Sutterella_wadsworthensis	k__Bacteria;p__Bacteroidetes;c__Bacteroidia;o__Bacteroidales;f__Porphyromonadaceae;g__Barnesiella;s__Barnesiella_intestinihominis	k__Bacteria;p__Bacteroidetes;c__Bacteroidia;o__Bacteroidales;f__Odoribacteraceae;g__Odoribacter;s__Odoribacter_splanchnicus	k__Bacteria;p__Bacteroidetes;c__Bacteroidia;o__Bacteroidales;f__Bacteroidaceae;g__Bacteroides;s__Bacteroides_salyersiae	k__Bacteria;p__Firmicutes;c__Clostridia;o__Clostridiales;f__Ruminococcaceae;g__Ruminiclostridium;s__[Eubacterium]_siraeum	k__Bacteria;p__Proteobacteria;c__Betaproteobacteria;o__Burkholderiales;f__Sutterellaceae;g__Parasutterella;s__Parasutterella_excrementihominis	k__Bacteria;p__Actinobacteria;c__Actinobacteria;o__Bifidobacteriales;f__Bifidobacteriaceae;g__Bifidobacterium;s__Bifidobacterium_adolescentis	k__Bacteria;p__Firmicutes;c__Clostridia;o__Clostridiales;f__Oscillospiraceae;g__Oscillibacter;s__Oscillibacter_sp._KLE_1745	k__Bacteria;p__Bacteroidetes;c__Bacteroidia;o__Bacteroidales;f__Bacteroidaceae;g__Bacteroides;s__Bacteroides_coprophilus	k__Bacteria;p__Firmicutes;c__Clostridia;o__Clostridiales;f__Lachnospiraceae;g__Roseburia;s__Roseburia_intestinalis	k__Bacteria;p__Firmicutes;c__Clostridia;o__Clostridiales;f__Lachnospiraceae;g__Roseburia;s__Roseburia_hominis	k__Bacteria;p__Bacteroidetes;c__Bacteroidia;o__Bacteroidales;f__Porphyromonadaceae;g__Parabacteroides;s__Parabacteroides_johnsonii	k__Bacteria;p__Actinobacteria;c__Actinobacteria;o__Bifidobacteriales;f__Bifidobacteriaceae;g__Bifidobacterium;s__Bifidobacterium_longum	k__Bacteria;p__Firmicutes;c__Clostridia;o__Clostridiales;f__;g__Flavonifractor;s__Flavonifractor_plautii	k__Bacteria;p__Firmicutes;c__Clostridia;o__Clostridiales;f__Clostridiaceae;g__Clostridium;s__Clostridium_phoceensis	k__Bacteria;p__Verrucomicrobia;c__Verrucomicrobiae;o__Verrucomicrobiales;f__Akkermansiaceae;g__Akkermansia;s__Akkermansia_muciniphila	k__Bacteria;p__Bacteroidetes;c__Bacteroidia;o__Bacteroidales;f__Prevotellaceae;g__Paraprevotella;s__Paraprevotella_xylaniphila	k__Bacteria;p__Firmicutes;c__Clostridia;o__Clostridiales;f__Ruminococcaceae;g__Ruminococcus;s__Ruminococcus_callidus	k__Bacteria;p__Bacteroidetes;c__Bacteroidia;o__Bacteroidales;f__Rikenellaceae;g__Alistipes;s__Alistipes_senegalensis	k__Bacteria;p__Firmicutes;c__Clostridia;o__Clostridiales;f__Lachnospiraceae;g__Blautia;s__Blautia_sp._KLE_1732	k__Bacteria;p__Bacteroidetes;c__Bacteroidia;o__Bacteroidales;f__Bacteroidaceae;g__Bacteroides;s__Bacteroides_oleiciplenus	k__Bacteria;p__Firmicutes;c__Clostridia;o__Clostridiales;f__Ruminococcaceae;g__Ruminococcus;s__Ruminococcus_bicirculans	k__Bacteria;p__Bacteroidetes;c__Bacteroidia;o__Bacteroidales;f__Bacteroidaceae;g__Bacteroides;s__Bacteroides_fluxus	k__Bacteria;p__Bacteroidetes;c__Bacteroidia;o__Bacteroidales;f__Prevotellaceae;g__Prevotella;s__Prevotella_stercorea	k__Bacteria;p__Firmicutes;c__Clostridia;o__Clostridiales;f__Lachnospiraceae;g__Dorea;s__Dorea_longicatena	k__Bacteria;p__Firmicutes;c__Clostridia;o__Clostridiales;f__Eubacteriaceae;g__Eubacterium;s__[Eubacterium]_eligens	k__Bacteria;p__Firmicutes;c__Clostridia;o__Clostridiales;f__Ruminococcaceae;g__;s__Ruminococcaceae_bacterium_D16	k__Bacteria;p__Firmicutes;c__Clostridia;o__Clostridiales;f__Lachnospiraceae;g__Coprococcus;s__Coprococcus_comes	k__Bacteria;p__Proteobacteria;c__Gammaproteobacteria;o__Enterobacterales;f__Enterobacteriaceae;g__Escherichia;s__Escherichia_coli	k__Bacteria;p__Firmicutes;c__Clostridia;o__Clostridiales;f__Ruminococcaceae;g__Anaerotruncus;s__Anaerotruncus_colihominis	k__Bacteria;p__Firmicutes;c__Clostridia;o__Clostridiales;f__Lachnospiraceae;g__Blautia;s__Blautia_obeum	k__Bacteria;p__Bacteroidetes;c__Bacteroidia;o__Bacteroidales;f__Odoribacteraceae;g__Odoribacter;s__Odoribacter_laneus	k__Bacteria;p__Firmicutes;c__Clostridia;o__Clostridiales;f__Ruminococcaceae;g__Ruminiclostridium;s__[Clostridium]_leptum	k__Bacteria;p__Bacteroidetes;c__Bacteroidia;o__Bacteroidales;f__Porphyromonadaceae;g__Parabacteroides;s__Parabacteroides_goldsteinii	k__Bacteria;p__Firmicutes;c__Clostridia;o__Clostridiales;f__Lachnospiraceae;g__Anaerostipes;s__Anaerostipes_hadrus	k__Bacteria;p__Firmicutes;c__Clostridia;o__Clostridiales;f__Ruminococcaceae;g__Ruminococcus;s__Ruminococcus_lactaris	k__Bacteria;p__Firmicutes;c__Clostridia;o__Clostridiales;f__Clostridiaceae;g__Clostridium;s__Clostridium_sp._L2-50	k__Bacteria;p__Firmicutes;c__Clostridia;o__Clostridiales;f__Clostridiaceae;g__Clostridium;s__Clostridium_sp._M62/1	k__Bacteria;p__Firmicutes;c__Clostridia;o__Clostridiales;f__;g__Intestinimonas;s__Intestinimonas_butyriciproducens	k__Bacteria;p__Actinobacteria;c__Actinobacteria;o__Bifidobacteriales;f__Bifidobacteriaceae;g__Bifidobacterium;s__Bifidobacterium_bifidum	k__Bacteria;p__Firmicutes;c__Negativicutes;o__Veillonellales;f__Veillonellaceae;g__Dialister;s__Dialister_invisus	k__Bacteria;p__Bacteroidetes;c__Bacteroidia;o__Bacteroidales;f__Bacteroidaceae;g__Bacteroides;s__Bacteroides_salanitronis
k__Bacteria;p__Bacteroidetes;c__Bacteroidia;o__Bacteroidales;f__Bacteroidaceae;g__Bacteroides;s__Bacteroides_vulgatus	1.0	0.016183851499	0.0608402642993	0.0242943253584	0.0351001992148	-0.0628540485304	-0.025076231355	0.00144790504874	0.0200613966595	-0.0212328417295	-0.0195039108314	0.0131278544138	0.0143685715156	0.00664527887781	0.0207479680577	0.0425820284158	-0.0314070528305	-0.0828423882833	-0.00706621947247	-0.0124828024792	-0.00505749463052	-0.0429371420141	-0.0312518496785	0.00531256039212	-0.00642092597478	0.00497844835629	-0.0214951784052	-0.0396106616409	0.0215954263825	-0.00684679448319	-0.0108270257522	-0.0386558739132	-0.00726830246986	-0.014505466768	-0.0134798277845	0.0024136578984	-0.0292946206489	-0.0965772958111	-0.0169412428367	0.0438641300784	-0.0682335527245	-0.0232113877232	-0.0234392693666	-0.0509912063545	0.0156230900616	-0.0953746187495	0.0127727623335	0.0449238726587	-0.0582580384999	0.0435636938636	0.00980698742994	-0.0406181442973	-0.0148204498458	-0.0464100051462	0.000674898552846	-0.0564963036944	0.0113712112657	0.0104885469084	-0.0947921736769
k__Bacteria;p__Bacteroidetes;c__Bacteroidia;o__Bacteroidales;f__Bacteroidaceae;g__Bacteroides;s__Bacteroides_uniformis	0.016183851499	1.0	0.0548650488041	-0.0364579137071	-0.039441480849	-0.0609469155755	0.0504460227393	0.0156785594795	0.0188398186426	-0.0543873617926	-0.0439484203785	-0.0100303768161	-0.0305691188642	0.0156230996367	0.0293548501974	0.0111988276093	-0.106964503608	-0.147475286627	0.0266306783257	-0.0637618416131	-0.0439339952277	0.0283686517062	-0.0367696155361	-0.0608263243293	0.0273279151196	-0.0107447941967	0.0013236650318	-0.0228594488398	0.00325928553294	0.0192450724982	-0.0806338214375	-0.065785837617	-0.0377092190702	0.02131471727	0.0181572725154	0.0118062531838	-0.0403436937666	-0.0187638957579	-0.0389313505343	-0.0673021387137	-0.000143287853424	-0.0268303551204	-0.0404664108945	0.0492603401845	-0.000783151486729	-0.0225780180963	0.0603567271724	0.0738681781104	0.0123697912775	0.00185149812286	-0.0540297611719	-0.0268553751079	-0.0562761058681	-0.0206271615535	0.00530701833545	-0.0317496649579	-0.00572830970871	0.00118033163011	0.0849572281162
k__Bacteria;p__Bacteroidetes;c__Bacteroidia;o__Bacteroidales;f__Rikenellaceae;g__Alistipes;s__Alistipes_putredinis	0.0608402642993	0.0548650488041	1.0	-0.00512844549519	0.00200092742781	-0.0269475962668	0.00887056929855	0.111999760189	-0.0334429792569	-0.0230118952137	-0.0430253876196	-0.0171277090116	-0.0406499614673	0.0027290163917	0.00565624731779	0.0526876721635	-0.0314009478603	-0.0123466921035	-0.0397522612329	0.0598070725041	-0.0193489620824	-0.0174223357229	0.101569052473	-0.0172900773159	-0.0358667748761	0.0275810807769	0.0241436765213	-0.00279515567584	-0.0944204042397	0.0432882677348	-0.0302658971522	-0.039665300651	0.0654730839322	-0.0316471580521	0.043366958565	-0.022101903939	-0.0687749066285	0.0235293483604	0.0443491246276	-0.0248118573628	-0.00340841575266	-0.044269279448	-0.0226292249149	-0.0359657574994	-0.0142847667513	-0.025161934944	-0.0428365135658	0.0680857939856	-0.0570484363939	-0.0150110038999	0.0185471105109	-0.0773226403892	-0.0476356499168	-0.01600799097	-0.0421027881534	-0.0333434160707	-0.0473462067628	-0.0316859402695	-0.0190132668769
k__Bacteria;p__Bacteroidetes;c__Bacteroidia;o__Bacteroidales;f__Prevotellaceae;g__Prevotella;s__Prevotella_copri	0.0242943253584	-0.0364579137071	-0.00512844549519	1.0	-0.00350840750875	0.082967390166	-0.0279480713405	-0.0666297544912	0.0137520195751	-0.102040792306	0.0555808214565	-0.0611912319931	-4.788012437e-05	-0.0548590246202	0.016771371237	-0.0178844166578	-0.0418312498414	-0.0520544346843	0.00866783147791	-0.0350428248195	0.00769548965484	-0.0234593257691	0.0321338256684	-0.0316390771581	-0.00965490375299	-0.00541850087668	-0.000193336699691	0.0748280129661	-0.0250168064465	-0.0526795283668	0.0865524799654	-0.018080743994	0.00711185459732	-0.0635621394615	-0.0307473617529	-0.0497366954958	0.0156593108597	-0.0473434921705	-0.0230098955766	0.01409994541	0.0266291475008	-0.0641611664632	0.0071179020055	-0.0330381851045	0.0105006544389	0.0459902652807	-0.00646383450404	-0.03375786314	0.021486446532	-0.000566381245206	0.0235912546389	0.0081771670062	-0.0275157153971	-0.0271099015023	0.0302543044802	0.00825572886289	-0.0725834907224	-0.0900599122085	0.0215682820797
k__Bacteria;p__Bacteroidetes;c__Bacteroidia;o__Bacteroidales;f__Bacteroidaceae;g__Bacteroides;s__Bacteroides_stercoris	0.0351001992148	-0.039441480849	0.00200092742781	-0.00350840750875	1.0	0.01579615629	-0.0363473488811	-0.0401532017999	0.00905175226122	-0.0755959243589	-0.0154891096791	-0.044942822442	-0.0125146535301	-0.0457419417078	-0.0506011092686	-0.0412768769759	-0.0700695031861	-0.0266979570296	0.0723402501219	-0.0473603448085	-0.0463694002299	0.0444403245807	0.0482096273744	0.0867370805066	0.0397692631324	0.0737988064146	-0.000324958944741	-0.0124007615085	-0.014545040596	0.0108098150862	-0.0222719201624	0.0342169082009	-0.0190973863283	-0.0687521577667	-0.04617741756	-0.078882596818	-0.00975574085268	-0.00826582815795	0.0753719098129	-0.0443757464043	0.072374713772	-0.0908686925959	-0.0132926414062	-0.0560965766164	0.00975270711729	0.0594761638726	-0.00411382642668	-0.0230919527081	-0.00587317696946	-0.0617583166063	-0.0939644198122	0.0422495951675	-0.0113055998478	-0.0517901107182	0.048903713958	0.0128278967501	-0.0812341593355	-0.0109573153833	0.0291287280012
k__Bacteria;p__Bacteroidetes;c__Bacteroidia;o__Bacteroidales;f__Bacteroidaceae;g__Bacteroides;s__Bacteroides_ovatus	-0.0628540485304	-0.0609469155755	-0.0269475962668	0.082967390166	0.01579615629	1.0	-0.0953609087629	-0.0465061228563	-0.102420006444	0.103149444668	-0.0436386105592	-0.121791728503	-0.0321089164655	0.00206607601605	0.0237333413192	-0.00984477266111	-0.0180204551112	-0.0490447252673	0.0166381594194	-0.0576408983098	-0.0302844769697	-0.0472349491239	-0.00944213827913	-0.0924690392907	0.0553425389217	0.0309256070459	0.0222070915857	0.0137948888467	0.00428531616814	0.00175979598073	0.0207555201096	-0.0043482512212	0.0175565104432	-0.0771107145032	-0.0417052205572	-0.0488601476046	-0.00714066596413	0.0220568597495	0.0115534327464	-0.00674860845553	0.0214265495388	-0.0868079252058	-0.0127298113116	-0.0246904179816	0.0235712006518	-0.00839466453042	0.0400222860336	-0.0156661310072	0.0374724312149	0.0314573288094	0.0580765911516	-0.00758303504085	0.0165060273254	0.0435796085669	0.0569348302344	0.0155979839886	0.0131172336777	-0.0410305246582	-0.00628365568088
k__Bacteria;p__Bacteroidetes;c__Bacteroidia;o__Bacteroidales;f__Rikenellaceae;g__Alistipes;s__Alistipes_shahii	-0.025076231355	0.0504460227393	0.00887056929855	-0.0279480713405	-0.0363473488811	-0.0953609087629	1.0	-0.0846053575657	0.0224801284704	0.0277816540752	0.026019230426	0.0328090717451	0.0385797162248	-0.00540808269235	-0.0232660399713	-0.0292047295775	-0.00497527887882	0.0471140303565	-0.0407756553105	0.0305507231798	0.0390447265303	0.0253168301986	-0.0271207364894	-0.0130796195553	-0.0413854761562	0.0137505188972	-0.0276964169719	0.0107472584128	-0.0435791063593	0.0347397868701	0.0569430575318	0.0319256166985	0.00163948565591	0.0251279570669	0.0304403712119	-0.0320239363917	-0.0477222662254	-0.0122140497294	-0.0340381641536	0.0501328301939	-0.0423767595486	-0.113577055272	0.027702189793	0.0172484679622	0.00285174353593	-0.0169443946619	0.00377347100188	-0.0135837574149	-0.0142463888815	-0.0401007146782	-0.0124157790413	0.0377103122628	-0.0279415787043	0.0486432450203	-0.0868521292352	-0.0640050937147	0.0267556206186	0.0447524614908	-0.105301803585
k__Bacteria;p__Firmicutes;c__Clostridia;o__Clostridiales;f__Ruminococcaceae;g__Faecalibacterium;s__Faecalibacterium_prausnitzii	0.00144790504874	0.0156785594795	0.111999760189	-0.0666297544912	-0.0401532017999	-0.0465061228563	-0.0846053575657	1.0	-0.0548840324603	-0.0304705054692	-0.0414049160907	0.0223010501832	0.0429223276126	-0.0242557979948	0.00467422955785	0.0206634984519	0.0130549858268	-0.0824030389882	-0.0204239318415	0.0490286221657	0.00316406529309	-0.0149735263398	-0.00389350352894	0.0188249232648	-0.0487501637832	0.0276361174395	-0.0567614308752	0.0140346806942	0.0189714768939	0.0673755578935	-0.0629515044141	-0.0493332846587	0.0135289226885	-0.0318062546743	0.00959104501556	-0.0261230317562	-0.049481505395	0.0107043567049	0.0561634926131	-0.0674573128196	-0.0171869289037	-0.000455318724732	-0.0176868250646	-0.01577528922	-0.0172488039792	-0.0246451891129	0.043946728895	-0.0464232470606	-0.0461383528871	0.0207380562326	-0.0467194791743	-0.0224168989134	-0.0348553045255	-0.098084847331	-0.0850044861821	0.00550642413977	-0.0141264593611	0.0678057625571	-0.0283244344076
k__Bacteria;p__Bacteroidetes;c__Bacteroidia;o__Bacteroidales;f__Rikenellaceae;g__Alistipes;s__Alistipes_finegoldii	0.0200613966595	0.0188398186426	-0.0334429792569	0.0137520195751	0.00905175226122	-0.102420006444	0.0224801284704	-0.0548840324603	1.0	0.0103277051919	0.00357011667084	-0.0269692647993	0.0423046738708	0.0223435969831	0.00900236558563	-0.017155572547	0.0635359380755	-0.10265896662	0.00228535430374	-0.0136312223167	-0.0362299035673	0.00488503690909	-0.037418540566	-0.046609939983	-0.0541422435816	-0.0175433123505	-0.00681709878086	-0.0436151768137	-0.0861537964003	-0.0290858413356	0.0087669367374	0.0222978813394	0.0836100998304	0.105147148239	-0.0617005851666	-0.0315984826649	-0.00429951537721	0.0268671471641	0.00385524099262	-0.0357917513058	-0.0120533565116	0.0316203736346	0.02908572932	0.0477184135214	-0.0120448772927	-0.0718391542896	0.0129455021448	-0.0181184796934	-0.0707017352993	-0.0187321383121	-0.0224103629505	-0.0251668067837	-0.0313462769593	0.0724634973336	-0.0118007473789	-0.0458742990566	-0.0186861028248	0.0614675494629	0.0401318210939
k__Bacteria;p__Bacteroidetes;c__Bacteroidia;o__Bacteroidales;f__Porphyromonadaceae;g__Parabacteroides;s__Parabacteroides_distasonis	-0.0212328417295	-0.0543873617926	-0.0230118952137	-0.102040792306	-0.0755959243589	0.103149444668	0.0277816540752	-0.0304705054692	0.0103277051919	1.0	0.0373268470116	0.00516045972925	-0.0160197852757	-0.0178773900441	0.0171004027337	-0.0442644538286	-0.0391955882806	-0.00473308237972	0.0148314058745	-0.0293736571904	-0.00201536824124	0.0334422674255	-0.00501435167668	-0.0105511370688	-0.0226889689566	0.0152432749529	-0.0412599979623	-0.041944324484	0.0122406281637	-0.0293281221161	0.0252835051064	-0.0170524022341	0.0586641789158	-0.0655123823697	-0.0652168053582	-0.0455394296566	-0.0275535890735	0.054623186089	-0.0180191369855	0.0556434891145	-0.015505096937	0.0314695974331	-0.0357880254664	-0.0232675191096	-0.0271298234582	-0.0382385615892	0.0235489358861	0.0262676731229	-0.0565985653412	0.0808017513058	0.0271309898774	0.0289073013826	-0.0215747821178	-0.0121122472823	-0.000262498699565	-0.0314573581649	0.0166226828756	0.0248609473073	-0.00786523465227
k__Bacteria;p__Bacteroidetes;c__Bacteroidia;o__Bacteroidales;f__Bacteroidaceae;g__Bacteroides;s__Bacteroides_thetaiotaomicron	-0.0195039108314	-0.0439484203785	-0.0430253876196	0.0555808214565	-0.0154891096791	-0.0436386105592	0.026019230426	-0.0414049160907	0.00357011667084	0.0373268470116	1.0	0.0415590509295	-0.010928025551	0.0499715195906	0.00573019050152	-0.0360674498981	0.0285684630771	-0.00548260932494	-0.00704916965607	0.0228262885615	0.0521245634142	-0.0789002069479	-0.000785624719643	-0.0139487016092	0.0124605986982	-0.0508175608758	0.0637978414569	-0.0105036416618	-0.0126124647292	-0.0620056893025	0.00626342498145	-0.0477090618555	-0.0705350987368	-0.0352962090555	-0.0447277772263	0.04182548456	-0.0299160617487	0.00858456672111	-0.0728227497167	0.0426680283593	0.0637564429559	-0.0605642056387	-0.0823354496913	-0.0491222453661	0.022512003933	-0.00497058502607	-0.0234867141707	0.058047201515	0.017360356027	0.00642518030954	0.0638017453855	-0.00845407370155	-0.0267335475289	0.0541081605046	-0.0106508223279	-0.0496154126996	-0.0837821906395	-0.0357099026025	-0.0223573854226
k__Bacteria;p__Bacteroidetes;c__Bacteroidia;o__Bacteroidales;f__Bacteroidaceae;g__Bacteroides;s__Bacteroides_coprocola	0.0131278544138	-0.0100303768161	-0.0171277090116	-0.0611912319931	-0.044942822442	-0.121791728503	0.0328090717451	0.0223010501832	-0.0269692647993	0.00516045972925	0.0415590509295	1.0	-0.0041799715183	-0.070339246573	0.0195543857448	-0.0472069369691	0.0103012901087	-0.0381012036381	0.0031662418138	-0.024249507699	-0.0418321428283	0.0257548516443	-0.031551083601	0.00538958892477	-0.0543230747419	-0.051685156752	-0.00055780911385	-0.0269983429182	-0.0197934565252	0.00336887216042	0.0463958492865	0.0127082473206	0.0468133623393	-0.0986089694384	0.00713739743085	-0.0120908721186	0.023717323746	-0.0062854319642	-0.0108196275449	-0.0427418540612	-0.0404984868939	0.00253204779325	0.0156802669915	-0.0237471237184	-0.044274689542	-0.000876398636661	0.00216341714158	0.00181088680219	-0.0142602983153	-0.0476057265147	-0.00688788769191	-0.0738745170015	-0.0272295975577	-0.00504381117227	0.00963174955085	-0.030413180844	0.0311428570807	-0.00235275913586	-0.0170280135655
k__Bacteria;p__Bacteroidetes;c__Bacteroidia;o__Bacteroidales;f__Bacteroidaceae;g__Bacteroides;s__Bacteroides_cellulosilyticus	0.0143685715156	-0.0305691188642	-0.0406499614673	-4.78801243701e-05	-0.0125146535301	-0.0321089164655	0.0385797162248	0.0429223276126	0.0423046738708	-0.0160197852757	-0.010928025551	-0.0041799715183	1.0	-0.0452955171799	0.0105038200908	0.046645702125	-0.0727805335658	0.0453892695298	-0.00382706574326	-0.00607019519911	-0.0429257883562	0.0175207134271	3.38984145752e-05	-0.0175533517089	0.0188459180763	-0.0304914986941	-0.0187231523247	-0.0672715723888	-0.0403133301211	0.00920778963461	-0.055160698119	-0.0618954024217	0.0110110035126	0.011883780365	0.0640838456124	0.00675967714133	-0.0538820701898	-0.0682279926925	-0.00510860980203	-0.0310582377569	-0.0368364959769	0.0127137251078	-0.00219153177179	0.00581910580407	-0.0365356150116	-0.00767894606847	0.0137849100425	-0.0255147355727	-0.0541016208182	0.00632124096736	-0.0295731494043	0.0294572993336	-0.0407724201756	-0.0652813475693	-0.0220334361909	-0.0414577879074	0.0948661856779	-0.00753600819587	-0.0265609647942
k__Bacteria;p__Bacteroidetes;c__Bacteroidia;o__Bacteroidales;f__Rikenellaceae;g__Alistipes;s__Alistipes_obesi	0.00664527887781	0.0156230996367	0.0027290163917	-0.0548590246202	-0.0457419417078	0.00206607601605	-0.00540808269235	-0.0242557979948	0.0223435969831	-0.0178773900441	0.0499715195906	-0.070339246573	-0.0452955171799	1.0	-0.0883015234078	-0.0303003320697	0.0412951021542	-0.0188248805411	-0.0185893359332	-0.044963957791	0.000205314086582	-0.00309937602427	0.0311514625464	0.0296762234029	0.0581523658383	-0.0114791895892	0.0335913732528	-0.00419649521079	-0.0436792985351	-0.0078957948209	-0.0321742923205	-0.0490213514692	-0.0127043757612	0.0626595813621	-0.0480974891862	0.0455694699941	0.00965856808532	-0.000932605847901	-0.0325025198037	0.0445993248662	0.0627628884778	0.0484534807343	-0.0567289241996	-0.10018836665	-0.0417504813162	-0.0409970430356	0.0126323247664	0.0663718227517	-0.0632365246178	-0.00663607369408	0.0736619594567	-0.0493986501165	0.0296908394349	-0.00967361517062	0.0742388613093	-0.00586078792351	-0.0572821091378	-0.0516388251805	-0.0142500487931
k__Bacteria;p__Firmicutes;c__Clostridia;o__Clostridiales;f__Lachnospiraceae;g__;s__[Eubacterium]_rectale	0.0207479680577	0.0293548501974	0.00565624731779	0.016771371237	-0.0506011092686	0.0237333413192	-0.0232660399713	0.00467422955785	0.00900236558563	0.0171004027337	0.00573019050152	0.0195543857448	0.0105038200908	-0.0883015234078	1.0	-0.0457248825452	-0.0760765984659	-0.0514890615728	0.0179778529098	-0.00272776846492	0.0120880730183	-0.0448068031087	-0.00166609292785	0.0329532714215	-0.0145964781829	-0.0362430449183	-0.00518957884585	0.0264952792812	-0.00908490284205	-0.00604288999592	-0.029198184557	0.0267242997853	-0.0386089795599	-0.00961620751108	0.0544013034933	0.0484374726351	0.0612884486953	-0.0910038310557	-0.0280190051333	0.0160349918336	-0.0376323021255	-0.032602042934	0.0103374350946	0.0275306779964	-0.0494210541386	0.0252044151799	-0.0221874806352	-0.034666987057	-0.0155094060624	-0.00856325596264	-0.00746584209204	0.00631421533649	0.0735596199729	-0.0225516095129	-0.030355762457	-0.00596113696693	-0.0344771685558	-0.0190785421359	-0.000613916272645
k__Bacteria;p__Bacteroidetes;c__Bacteroidia;o__Bacteroidales;f__Bacteroidaceae;g__Bacteroides;s__Bacteroides_plebeius	0.0425820284158	0.0111988276093	0.0526876721635	-0.0178844166578	-0.0412768769759	-0.00984477266111	-0.0292047295775	0.0206634984519	-0.017155572547	-0.0442644538286	-0.0360674498981	-0.0472069369691	0.046645702125	-0.0303003320697	-0.0457248825452	1.0	0.0194875970961	-0.0590564599934	0.0060415564045	-0.0158699752295	-0.0505724009361	-0.0580943527839	-0.0412461702172	0.0548218992379	0.00378115892481	0.00588349907358	-0.093696975162	0.0583046542315	0.00802276329364	-0.115173795279	0.00337942046996	-0.0259965095578	-0.0353103751109	-0.0605966905905	0.0292991808021	0.0274057929164	0.0076327239784	-0.0207709549452	0.0429480756475	-0.0547256661498	0.00271536739296	0.00264835490318	-0.0240788032553	-0.0519173501093	-0.0217311496771	0.0107238621113	0.0285087198725	0.0202039441574	-0.030336884439	-0.0402823995994	-0.00306210144509	-0.0216970052032	0.00239233670765	0.0327711623308	-0.072284264976	-0.0261079002972	0.00908174697921	0.0257497515655	-0.00986125570504
k__Bacteria;p__Bacteroidetes;c__Bacteroidia;o__Bacteroidales;f__Bacteroidaceae;g__Bacteroides;s__Bacteroides_fragilis	-0.0314070528305	-0.106964503608	-0.0314009478603	-0.0418312498414	-0.0700695031861	-0.0180204551112	-0.00497527887882	0.0130549858268	0.0635359380755	-0.0391955882806	0.0285684630771	0.0103012901087	-0.0727805335658	0.0412951021542	-0.0760765984659	0.0194875970961	1.0	0.0391596667497	-0.0489805081768	0.0265195672473	-0.0167824402559	-0.0673030953018	-0.0232552446104	0.0494196848391	-0.0231948189246	0.0281027681487	-0.00213973541851	-0.00530744299253	0.10052266711	0.0228273538571	0.0348833911304	0.0334117302032	0.0451049828041	-0.0374826000596	0.0459726838101	0.0902024350462	-0.00987174016603	0.0205294227989	-0.00262558218659	-0.0277477765929	-0.0798281188833	-0.0115578452653	0.0711424917979	0.0368866028955	0.0228133714627	-0.00324920561481	-0.0280766593401	-0.0139388777652	-0.000928563720352	-0.0640083119874	-0.0811655967565	0.0706057361342	-0.0231489185967	0.00484610101901	-0.0396236654169	-0.0382013073044	-0.0750122263355	-0.0377520531867	0.0237460255648
k__Bacteria;p__Proteobacteria;c__Betaproteobacteria;o__Burkholderiales;f__Sutterellaceae;g__Sutterella;s__Sutterella_wadsworthensis	-0.0828423882833	-0.147475286627	-0.0123466921035	-0.0520544346843	-0.0266979570296	-0.0490447252673	0.0471140303565	-0.0824030389882	-0.10265896662	-0.00473308237972	-0.00548260932494	-0.0381012036381	0.0453892695298	-0.0188248805411	-0.0514890615728	-0.0590564599934	0.0391596667497	1.0	-0.0417545843546	0.0679053909097	-0.0127975462105	0.0192504977656	-0.0064303813627	0.0104485083185	0.019646482055	-0.0404145116571	-0.0130154921107	0.0662787249533	0.0862575004539	0.0422037257435	-0.0188997355275	0.0374372364256	-0.00692352985241	0.0495505300953	0.03673238573	-0.0152220615371	0.0553742729108	-0.0308526562189	0.0310253451061	-0.0283052540532	0.00456106778698	0.0122320523958	-0.0496210505377	-0.0459778283955	-0.0774062142287	0.0414506646835	-0.0409895405821	-0.0566310674153	-0.00544028557477	-0.0241230548538	0.0127537072207	-0.0352713665459	0.0707141044179	-0.0175512904115	-0.0676585738957	0.033660465009	-0.0604085494055	0.00323495781768	0.00802672672709
k__Bacteria;p__Bacteroidetes;c__Bacteroidia;o__Bacteroidales;f__Porphyromonadaceae;g__Barnesiella;s__Barnesiella_intestinihominis	-0.00706621947247	0.0266306783257	-0.0397522612329	0.00866783147791	0.0723402501219	0.0166381594194	-0.0407756553105	-0.0204239318415	0.00228535430374	0.0148314058745	-0.00704916965607	0.0031662418138	-0.00382706574326	-0.0185893359332	0.0179778529098	0.0060415564045	-0.0489805081768	-0.0417545843546	1.0	0.0345535849581	-0.0524589923041	0.0153308023594	-0.0196357593245	0.0303212205404	-0.0356233666958	0.0337277806506	-0.035097832283	-0.0168222496358	-0.0225333757685	-0.00716479897835	-0.0565217906093	-0.00748476293463	-0.0455632155366	0.00759469389327	-0.0375625073828	-0.0838906562795	0.0456950760573	-0.0608321387524	-0.0252812328978	-0.0192280109146	0.0367136331527	-0.0110225834966	-0.0772167128724	0.0276865390858	0.0383506387369	0.0253703061451	0.00799484240033	0.0469421011012	-0.040577899113	-0.0270595277174	-0.0161445734549	-0.0187786154787	0.060033176834	-0.0241458156159	0.00443088062436	0.0512236292069	0.0263684316074	-0.0173067170471	-0.0152764039484
k__Bacteria;p__Bacteroidetes;c__Bacteroidia;o__Bacteroidales;f__Odoribacteraceae;g__Odoribacter;s__Odoribacter_splanchnicus	-0.0124828024792	-0.0637618416131	0.0598070725041	-0.0350428248195	-0.0473603448085	-0.0576408983098	0.0305507231798	0.0490286221657	-0.0136312223167	-0.0293736571904	0.0228262885615	-0.024249507699	-0.00607019519911	-0.044963957791	-0.00272776846492	-0.0158699752295	0.0265195672473	0.0679053909097	0.0345535849581	1.0	-0.0363267385966	0.0229520357085	0.0323624853053	0.0266583037523	-0.0233361012885	0.0176134903068	0.00343593514929	0.0410924988148	-0.0286059078902	-0.0667601483254	-0.0673469844659	-0.00927163322672	-0.0412303121954	-0.0219438908471	-0.0294868414156	0.00886023938831	-0.0339857398527	0.00114144081639	-0.0283039687963	-0.0389476384673	0.0210394606162	-0.0242648293309	0.0131860888824	-0.053578458332	-0.0133568723403	0.024987906509	-0.0153416697207	-0.0516873931187	0.021958403587	-0.00938838617242	0.000466077114622	-0.0221783572443	-0.00583975836439	-0.0155325730329	-0.0407585126563	0.04814295198	-0.0578963360085	0.0856174162037	0.065024497495
k__Bacteria;p__Bacteroidetes;c__Bacteroidia;o__Bacteroidales;f__Bacteroidaceae;g__Bacteroides;s__Bacteroides_salyersiae	-0.00505749463052	-0.0439339952277	-0.0193489620824	0.00769548965484	-0.0463694002299	-0.0302844769697	0.0390447265303	0.00316406529309	-0.0362299035673	-0.00201536824124	0.0521245634142	-0.0418321428283	-0.0429257883562	0.000205314086582	0.0120880730183	-0.0505724009361	-0.0167824402559	-0.0127975462105	-0.0524589923041	-0.0363267385966	1.0	-0.0215072705185	0.00055141306685	-0.0267362398775	-0.0313597337243	0.0047570656042	-0.066129270621	0.04327232193	0.0220395718401	-0.0590927528325	0.0102095547656	-0.118593508759	-0.0333699615535	-0.0664998835703	0.00529576412356	0.0159081861746	0.0396357598868	-0.0682075971945	-0.0220892309421	0.00760705948696	-0.000188306298062	-0.0248965208979	-0.0255798491692	0.00639713022201	-0.0186034339526	-0.0179053847894	-0.00287670559663	-0.0112864684585	0.0567880308815	-0.0465821408739	0.00372187981466	-0.0661011922245	0.0430778544089	0.0333957154456	-0.00872814452304	0.0252307367385	-0.0135842171623	-0.00669541881624	-0.0461772668102
k__Bacteria;p__Firmicutes;c__Clostridia;o__Clostridiales;f__Ruminococcaceae;g__Ruminiclostridium;s__[Eubacterium]_siraeum	-0.0429371420141	0.0283686517062	-0.0174223357229	-0.0234593257691	0.0444403245807	-0.0472349491239	0.0253168301986	-0.0149735263398	0.00488503690909	0.0334422674255	-0.0789002069479	0.0257548516443	0.0175207134271	-0.00309937602427	-0.0448068031087	-0.0580943527839	-0.0673030953018	0.0192504977656	0.0153308023594	0.0229520357085	-0.0215072705185	1.0	-0.0203564279223	-0.0417420480349	-0.131751752532	0.0484787516782	-0.0191608062036	-0.0168962584194	0.0566342895701	0.0337005449637	0.000627810823287	0.084659818647	0.0659882143503	0.00996512212957	-0.013663029154	-0.0801952751494	-0.0338147721944	-0.0283287622893	-0.0179704954954	-0.0142616329145	-0.0614124985786	0.0103234477192	-0.0085553736814	-0.0163894287639	-0.0237280872684	0.0339749105769	-0.035290505412	0.00305297739784	-0.0368830209055	-0.0264720792111	-0.065822415379	-0.0270540890432	-0.0341878584112	0.0497993987093	-0.0479892644472	0.0699817883357	0.0485751839449	0.0407624561528	-0.000131443967167
k__Bacteria;p__Proteobacteria;c__Betaproteobacteria;o__Burkholderiales;f__Sutterellaceae;g__Parasutterella;s__Parasutterella_excrementihominis	-0.0312518496785	-0.0367696155361	0.101569052473	0.0321338256684	0.0482096273744	-0.00944213827913	-0.0271207364894	-0.00389350352894	-0.037418540566	-0.00501435167668	-0.000785624719643	-0.031551083601	3.38984145752e-05	0.0311514625464	-0.00166609292785	-0.0412461702172	-0.0232552446104	-0.0064303813627	-0.0196357593245	0.0323624853053	0.00055141306685	-0.0203564279223	1.0	-0.110119598644	0.010334103584	-0.0633696983651	-0.00766824166216	-0.0309571414129	-0.0266126273143	-0.0201892972581	-0.00544299908659	0.0192423786275	-0.074464131387	0.0232440548468	-0.0312660959549	-0.00398239720326	-0.0513423302308	-0.0035424366164	-0.040159186395	0.0402476163483	0.0333869445339	-0.0121535907845	0.0362373931738	0.0138930498496	-0.0552160133625	0.0230920336463	-0.0247206372149	-0.00825443815049	-0.0429825415228	0.00476954626345	0.0555436501717	0.00602812043815	-0.0251118043661	-0.0114954506194	-0.0441656888792	-0.0387537888095	0.0506559279499	0.00495221925482	0.0121187573894
k__Bacteria;p__Actinobacteria;c__Actinobacteria;o__Bifidobacteriales;f__Bifidobacteriaceae;g__Bifidobacterium;s__Bifidobacterium_adolescentis	0.00531256039212	-0.0608263243293	-0.0172900773159	-0.0316390771581	0.0867370805066	-0.0924690392907	-0.0130796195553	0.0188249232648	-0.046609939983	-0.0105511370688	-0.0139487016092	0.00538958892477	-0.0175533517089	0.0296762234029	0.0329532714215	0.0548218992379	0.0494196848391	0.0104485083185	0.0303212205404	0.0266583037523	-0.0267362398775	-0.0417420480349	-0.110119598644	1.0	0.110712680226	-0.0501917000879	-0.0405675269396	-0.00433291858845	0.0400234842795	0.0256861056291	0.0150826008762	-0.0592113570124	0.0182051357973	0.018718508571	-0.0242616045894	0.00675399403742	-0.0660256134135	-0.00125407705979	0.00355402938569	0.0302429375386	-0.0685658112001	0.0301700848037	-0.0184171311899	0.0161779301729	0.0130540052415	-0.00953218718171	-0.0865412410657	-0.0668321765351	0.0448546773223	-0.017265062775	0.00890470282384	0.0288391665022	-0.0295289161111	-0.0734629164748	-0.0196750320448	-0.0228222646981	-0.011930721221	-0.0448619251954	-0.0510335628661
k__Bacteria;p__Firmicutes;c__Clostridia;o__Clostridiales;f__Oscillospiraceae;g__Oscillibacter;s__Oscillibacter_sp._KLE_1745	-0.00642092597478	0.0273279151196	-0.0358667748761	-0.00965490375299	0.0397692631324	0.0553425389217	-0.0413854761562	-0.0487501637832	-0.0541422435816	-0.0226889689566	0.0124605986982	-0.0543230747419	0.0188459180763	0.0581523658383	-0.0145964781829	0.00378115892481	-0.0231948189246	0.019646482055	-0.0356233666958	-0.0233361012885	-0.0313597337243	-0.131751752532	0.010334103584	0.110712680226	1.0	-0.0412679499682	-0.103431684465	0.0458517520377	-0.0491758616226	-0.0299145031306	-0.00818884814052	-0.0440361835549	-0.0332430532707	0.00502775510987	0.0200984720013	-0.0506765892282	0.0650151406757	0.0614627378333	-0.011555864461	0.0140392513094	-0.0588310841528	0.00549084003667	-0.0274307897756	-0.0113408302254	0.0255078115302	0.0187398164716	0.0505091919179	0.0148082741129	0.00306677777318	-0.00810291976029	-0.0770509809893	-0.0149695323664	-0.0839791447833	-0.0537347133613	0.0334388589286	-0.0130861562937	0.0443034633635	-0.0173330554855	0.0577177279774
k__Bacteria;p__Bacteroidetes;c__Bacteroidia;o__Bacteroidales;f__Bacteroidaceae;g__Bacteroides;s__Bacteroides_coprophilus	0.00497844835629	-0.0107447941967	0.0275810807769	-0.00541850087668	0.0737988064146	0.0309256070459	0.0137505188972	0.0276361174395	-0.0175433123505	0.0152432749529	-0.0508175608758	-0.051685156752	-0.0304914986941	-0.0114791895892	-0.0362430449183	0.00588349907358	0.0281027681487	-0.0404145116571	0.0337277806506	0.0176134903068	0.0047570656042	0.0484787516782	-0.0633696983651	-0.0501917000879	-0.0412679499682	1.0	-0.0942211477077	-0.0484587752815	-0.00905341820805	-0.0530547656539	-0.0759508954212	-0.00153807576463	0.0280947272762	-0.0125889876086	-0.00623562480371	-0.00516023762559	-0.046891790668	-0.0257932281631	-0.0195635049744	-0.00479306402904	-0.00957363964031	-0.00832713780852	0.007033573465	0.0282893249309	-0.0464786768172	-0.0621979788854	-0.0514268488916	0.000749232456661	-0.0139554626363	0.0380266643225	-0.00718005380819	-0.0695623182871	-0.0172706801594	0.0366550618172	-0.0311729987836	0.010481158621	-0.0342019608537	0.0423237682714	-0.0255999075461
k__Bacteria;p__Firmicutes;c__Clostridia;o__Clostridiales;f__Lachnospiraceae;g__Roseburia;s__Roseburia_intestinalis	-0.0214951784052	0.0013236650318	0.0241436765213	-0.000193336699691	-0.000324958944741	0.0222070915857	-0.0276964169719	-0.0567614308752	-0.00681709878086	-0.0412599979623	0.0637978414569	-0.00055780911385	-0.0187231523247	0.0335913732528	-0.00518957884585	-0.093696975162	-0.00213973541852	-0.0130154921107	-0.035097832283	0.00343593514929	-0.066129270621	-0.0191608062036	-0.00766824166216	-0.0405675269397	-0.103431684465	-0.0942211477077	1.0	-0.0472889441099	0.0522805014268	-0.00583860818477	-0.0529856318122	0.0545336193935	-0.00117305961144	0.0790700467241	0.0468321625342	0.0282974576751	-0.0154509728635	0.0293817047882	0.0285252887678	-0.0136630536654	-0.054748770244	0.0275251327847	-0.056308406259	-0.0342471092272	0.0302300059052	-0.0721986821229	0.0159485549551	-0.0197587961577	-0.00987447088696	-0.0341608221812	-0.0718489556251	0.027334115181	-0.0507552663128	0.00394195006518	0.0310523506542	0.0160160919288	-0.00810156429777	-0.0151594425015	-0.0183867426376
k__Bacteria;p__Firmicutes;c__Clostridia;o__Clostridiales;f__Lachnospiraceae;g__Roseburia;s__Roseburia_hominis	-0.0396106616409	-0.0228594488398	-0.00279515567584	0.0748280129661	-0.0124007615085	0.0137948888467	0.0107472584128	0.0140346806942	-0.0436151768137	-0.041944324484	-0.0105036416618	-0.0269983429182	-0.0672715723888	-0.00419649521079	0.0264952792812	0.0583046542315	-0.00530744299253	0.0662787249533	-0.0168222496358	0.0410924988148	0.04327232193	-0.0168962584194	-0.0309571414129	-0.00433291858845	0.0458517520377	-0.0484587752815	-0.0472889441099	1.0	-0.00334686119987	-0.0202273372453	0.0564459501284	-0.0435407255851	0.0099725387459	0.00890132224595	0.00123832977585	0.00983553080102	0.0387964605029	0.0102038218022	-0.074291223368	0.0393631551558	0.0258811484707	-0.0607553316855	0.0393359509024	0.0133538118078	-0.0182234337714	0.0197803357633	-0.0112398513451	0.018975430453	-0.016075215325	-0.0442500824366	0.0277149012949	-0.0887894524933	-0.013611757065	-0.00989878069697	-0.0429812627168	0.0263652395885	0.015108958516	0.0471780718227	0.0142594053235
k__Bacteria;p__Bacteroidetes;c__Bacteroidia;o__Bacteroidales;f__Porphyromonadaceae;g__Parabacteroides;s__Parabacteroides_johnsonii	0.0215954263825	0.00325928553294	-0.0944204042397	-0.0250168064465	-0.014545040596	0.00428531616814	-0.0435791063593	0.0189714768939	-0.0861537964003	0.0122406281637	-0.0126124647292	-0.0197934565252	-0.0403133301211	-0.0436792985351	-0.00908490284205	0.00802276329364	0.10052266711	0.0862575004539	-0.0225333757685	-0.0286059078902	0.0220395718401	0.0566342895701	-0.0266126273143	0.0400234842795	-0.0491758616226	-0.00905341820805	0.0522805014268	-0.00334686119987	1.0	-0.0461931092726	0.0137311822222	0.0593269728758	-0.0168736330828	0.0319607053421	0.0775647532333	-0.0190726657329	-0.00324109463392	-0.155759341662	0.0341958819222	0.0168900298603	0.0113124836451	0.0225381974565	-0.00257444152014	0.0783190766061	-0.0358921396227	0.071819197651	0.00336694520143	-0.0274342543765	-0.00697737433865	-0.0402445405677	-0.0545455757476	-0.0238883416246	-0.0532955103774	0.00076851491512	-0.0446116912017	-6.21267186789e-05	-0.0272130636457	-0.0248635125498	0.015555607692
k__Bacteria;p__Actinobacteria;c__Actinobacteria;o__Bifidobacteriales;f__Bifidobacteriaceae;g__Bifidobacterium;s__Bifidobacterium_longum	-0.00684679448319	0.0192450724982	0.0432882677348	-0.0526795283668	0.0108098150862	0.00175979598073	0.0347397868701	0.0673755578935	-0.0290858413356	-0.0293281221161	-0.0620056893025	0.00336887216042	0.00920778963461	-0.0078957948209	-0.00604288999592	-0.115173795279	0.0228273538571	0.0422037257435	-0.00716479897835	-0.0667601483254	-0.0590927528325	0.0337005449637	-0.0201892972581	0.0256861056291	-0.0299145031306	-0.0530547656539	-0.00583860818477	-0.0202273372453	-0.0461931092726	1.0	-0.104197401323	-0.0423871780173	0.00911120512588	-0.0280270770743	0.0344391869668	0.00517436225785	0.028069309068	-0.0343761621186	-0.013739397246	-0.0123595586714	0.00511982832038	-0.0850429400001	0.0125752350969	-0.0125725314142	-0.00302671445353	-0.042436458816	-0.0386986534243	-0.00398978768059	-0.0602226079693	-0.00551542101342	0.0111874042747	-0.0305740593147	0.00848816481772	-0.0559158048334	0.0652494774881	-0.05761819237	0.0232085612119	-0.00649341175029	0.0185113783723
