#taxonomy	k__Bacteria;p__Bacteroidetes;c__Bacteroidia;o__Bacteroidales;f__Bacteroidaceae;g__Bacteroides;s__Bacteroides_vulgatus	k__Bacteria;p__Bacteroidetes;c__Bacteroidia;o__Bacteroidales;f__Bacteroidaceae;g__Bacteroides;s__Bacteroides_uniformis	k__Bacteria;p__Bacteroidetes;c__Bacteroidia;o__Bacteroidales;f__Rikenellaceae;g__Alistipes;s__Alistipes_putredinis	k__Bacteria;p__Bacteroidetes;c__Bacteroidia;o__Bacteroidales;f__Prevotellaceae;g__Prevotella;s__Prevotella_copri	k__Bacteria;p__Bacteroidetes;c__Bacteroidia;o__Bacteroidales;f__Bacteroidaceae;g__Bacteroides;s__Bacteroides_stercoris	k__Bacteria;p__Bacteroidetes;c__Bacteroidia;o__Bacteroidales;f__Bacteroidaceae;g__Bacteroides;s__Bacteroides_ovatus	k__Bacteria;p__Bacteroidetes;c__Bacteroidia;o__Bacteroidales;f__Rikenellaceae;g__Alistipes;s__Alistipes_shahii	k__Bacteria;p__Firmicutes;c__Clostridia;o__Clostridiales;f__Ruminococcaceae;g__Faecalibacterium;s__Faecalibacterium_prausnitzii	k__Bacteria;p__Bacteroidetes;c__Bacteroidia;o__Bacteroidales;f__Rikenellaceae;g__Alistipes;s__Alistipes_finegoldii	k__Bacteria;p__Bacteroidetes;c__Bacteroidia;o__Bacteroidales;f__Porphyromonadaceae;g__Parabacteroides;s__Parabacteroides_distasonis	k__Bacteria;p__Bacteroidetes;c__Bacteroidia;o__Bacteroidales;f__Bacteroidaceae;g__Bacteroides;s__Bacteroides_thetaiotaomicron	k__Bacteria;p__Bacteroidetes;c__Bacteroidia;o__Bacteroidales;f__Bacteroidaceae;g__Bacteroides;s__Bacteroides_coprocola	k__Bacteria;p__Bacteroidetes;c__Bacteroidia;o__Bacteroidales;f__Bacteroidaceae;g__Bacteroides;s__Bacteroides_cellulosilyticus	k__Bacteria;p__Bacteroidetes;c__Bacteroidia;o__Bacteroidales;f__Rikenellaceae;g__Alistipes;s__Alistipes_obesi	k__Bacteria;p__Firmicutes;c__Clostridia;o__Clostridiales;f__Lachnospiraceae;g__;s__[Eubacterium]_rectale	k__Bacteria;p__Bacteroidetes;c__Bacteroidia;o__Bacteroidales;f__Bacteroidaceae;g__Bacteroides;s__Bacteroides_plebeius	k__Bacteria;p__Bacteroidetes;c__Bacteroidia;o__Bacteroidales;f__Bacteroidaceae;g__Bacteroides;s__Bacteroides_fragilis	k__Bacteria;p__Proteobacteria;c__Betaproteobacteria;o__Burkholderiales;f__Sutterellaceae;g__Sutterella;s__Sutterella_wadsworthensis	k__Bacteria;p__Bacteroidetes;c__Bacteroidia;o__Bacteroidales;f__Porphyromonadaceae;g__Barnesiella;s__Barnesiella_intestinihominis	k__Bacteria;p__Bacteroidetes;c__Bacteroidia;o__Bacteroidales;f__Odoribacteraceae;g__Odoribacter;s__Odoribacter_splanchnicus	k__Bacteria;p__Bacteroidetes;c__Bacteroidia;o__Bacteroidales;f__Bacteroidaceae;g__Bacteroides;s__Bacteroides_salyersiae	k__Bacteria;p__Firmicutes;c__Clostridia;o__Clostridiales;f__Ruminococcaceae;g__Ruminiclostridium;s__[Eubacterium]_siraeum	k__Bacteria;p__Proteobacteria;c__Betaproteobacteria;o__Burkholderiales;f__Sutterellaceae;g__Parasutterella;s__Parasutterella_excrementihominis	k__Bacteria;p__Actinobacteria;c__Actinobacteria;o__Bifidobacteriales;f__Bifidobacteriaceae;g__Bifidobacterium;s__Bifidobacterium_adolescentis	k__Bacteria;p__Firmicutes;c__Clostridia;o__Clostridiales;f__Oscillospiraceae;g__Oscillibacter;s__Oscillibacter_sp._KLE_1745	k__Bacteria;p__Bacteroidetes;c__Bacteroidia;o__Bacteroidales;f__Bacteroidaceae;g__Bacteroides;s__Bacteroides_coprophilus	k__Bacteria;p__Firmicutes;c__Clostridia;o__Clostridiales;f__Lachnospiraceae;g__Roseburia;s__Roseburia_intestinalis	k__Bacteria;p__Firmicutes;c__Clostridia;o__Clostridiales;f__Lachnospiraceae;g__Roseburia;s__Roseburia_hominis	k__Bacteria;p__Bacteroidetes;c__Bacteroidia;o__Bacteroidales;f__Porphyromonadaceae;g__Parabacteroides;s__Parabacteroides_johnsonii	k__Bacteria;p__Actinobacteria;c__Actinobacteria;o__Bifidobacteriales;f__Bifidobacteriaceae;g__Bifidobacterium;s__Bifidobacterium_longum	k__Bacteria;p__Firmicutes;c__Clostridia;o__Clostridiales;f__;g__Flavonifractor;s__Flavonifractor_plautii	k__Bacteria;p__Firmicutes;c__Clostridia;o__Clostridiales;f__Clostridiaceae;g__Clostridium;s__Clostridium_phoceensis	k__Bacteria;p__Verrucomicrobia;c__Verrucomicrobiae;o__Verrucomicrobiales;f__Akkermansiaceae;g__Akkermansia;s__Akkermansia_muciniphila	k__Bacteria;p__Bacteroidetes;c__Bacteroidia;o__Bacteroidales;f__Prevotellaceae;g__Paraprevotella;s__Paraprevotella_xylaniphila	k__Bacteria;p__Firmicutes;c__Clostridia;o__Clostridiales;f__Ruminococcaceae;g__Ruminococcus;s__Ruminococcus_callidus	k__Bacteria;p__Bacteroidetes;c__Bacteroidia;o__Bacteroidales;f__Rikenellaceae;g__Alistipes;s__Alistipes_senegalensis	k__Bacteria;p__Firmicutes;c__Clostridia;o__Clostridiales;f__Lachnospiraceae;g__Blautia;s__Blautia_sp._KLE_1732	k__Bacteria;p__Bacteroidetes;c__Bacteroidia;o__Bacteroidales;f__Bacteroidaceae;g__Bacteroides;s__Bacteroides_oleiciplenus	k__Bacteria;p__Firmicutes;c__Clostridia;o__Clostridiales;f__Ruminococcaceae;g__Ruminococcus;s__Ruminococcus_bicirculans	k__Bacteria;p__Bacteroidetes;c__Bacteroidia;o__Bacteroidales;f__Bacteroidaceae;g__Bacteroides;s__Bacteroides_fluxus	k__Bacteria;p__Bacteroidetes;c__Bacteroidia;o__Bacteroidales;f__Prevotellaceae;g__Prevotella;s__Prevotella_stercorea	k__Bacteria;p__Firmicutes;c__Clostridia;o__Clostridiales;f__Lachnospiraceae;g__Dorea;s__Dorea_longicatena	k__Bacteria;p__Firmicutes;c__Clostridia;o__Clostridiales;f__Eubacteriaceae;g__Eubacterium;s__[Eubacterium]_eligens	k__Bacteria;p__Firmicutes;c__Clostridia;o__Clostridiales;f__Ruminococcaceae;g__;s__Ruminococcaceae_bacterium_D16	k__Bacteria;p__Firmicutes;c__Clostridia;o__Clostridiales;f__Lachnospiraceae;g__Coprococcus;s__Coprococcus_comes	k__Bacteria;p__Proteobacteria;c__Gammaproteobacteria;o__Enterobacterales;f__Enterobacteriaceae;g__Escherichia;s__Escherichia_coli	k__Bacteria;p__Firmicutes;c__Clostridia;o__Clostridiales;f__Ruminococcaceae;g__Anaerotruncus;s__Anaerotruncus_colihominis	k__Bacteria;p__Firmicutes;c__Clostridia;o__Clostridiales;f__Lachnospiraceae;g__Blautia;s__Blautia_obeum	k__Bacteria;p__Bacteroidetes;c__Bacteroidia;o__Bacteroidales;f__Odoribacteraceae;g__Odoribacter;s__Odoribacter_laneus	k__Bacteria;p__Firmicutes;c__Clostridia;o__Clostridiales;f__Ruminococcaceae;g__Ruminiclostridium;s__[Clostridium]_leptum	k__Bacteria;p__Bacteroidetes;c__Bacteroidia;o__Bacteroidales;f__Porphyromonadaceae;g__Parabacteroides;s__Parabacteroides_goldsteinii	k__Bacteria;p__Firmicutes;c__Clostridia;o__Clostridiales;f__Lachnospiraceae;g__Anaerostipes;s__Anaerostipes_hadrus	k__Bacteria;p__Firmicutes;c__Clostridia;o__Clostridiales;f__Ruminococcaceae;g__Ruminococcus;s__Ruminococcus_lactaris	k__Bacteria;p__Firmicutes;c__Clostridia;o__Clostridiales;f__Clostridiaceae;g__Clostridium;s__Clostridium_sp._L2-50	k__Bacteria;p__Firmicutes;c__Clostridia;o__Clostridiales;f__Clostridiaceae;g__Clostridium;s__Clostridium_sp._M62/1	k__Bacteria;p__Firmicutes;c__Clostridia;o__Clostridiales;f__;g__Intestinimonas;s__Intestinimonas_butyriciproducens	k__Bacteria;p__Actinobacteria;c__Actinobacteria;o__Bifidobacteriales;f__Bifidobacteriaceae;g__Bifidobacterium;s__Bifidobacterium_bifidum	k__Bacteria;p__Firmicutes;c__Negativicutes;o__Veillonellales;f__Veillonellaceae;g__Dialister;s__Dialister_invisus	k__Bacteria;p__Bacteroidetes;c__Bacteroidia;o__Bacteroidales;f__Bacteroidaceae;g__Bacteroides;s__Bacteroides_salanitronis
k__Bacteria;p__Bacteroidetes;c__Bacteroidia;o__Bacteroidales;f__Bacteroidaceae;g__Bacteroides;s__Bacteroides_vulgatus	1.0	-0.00139632428211	-0.0722726505996	-0.0401344262267	-0.0475612254269	0.0578667553218	-0.0540327025993	-0.0594480895334	0.0219919272959	-0.0586389802342	-0.0724560366852	-0.0221148123513	0.00786893214822	-0.0271797367137	0.0136546813411	-0.0536277740394	0.00935909725456	-0.0192326574155	-0.0205312654194	0.00415081620682	-0.0125541485724	-0.00457094970818	0.0117154130304	-0.00238560818476	0.0211885062947	-0.0495913856158	-0.0204122692341	0.00164907120916	0.025718992679	-0.103802095076	-0.000972667940201	-0.0244587917103	-0.0219182057902	-0.0322180709952	-0.00677625459218	-0.0331223449346	-0.000344630900602	-0.0304449701467	-0.0496381275395	0.0107292895422	0.0825154075205	-0.014239425704	0.0749322240787	-0.00449740244775	0.036068619272	-0.0468892491984	0.0522076209304	-0.0184966097601	-0.00770195729374	0.0548116974268	-0.00777581400294	-0.0284085399896	0.0263023935591	-0.0312935674245	-0.0446459209562	0.0754145929444	-0.0218990701023	-0.0555866576942	0.0208762549576
k__Bacteria;p__Bacteroidetes;c__Bacteroidia;o__Bacteroidales;f__Bacteroidaceae;g__Bacteroides;s__Bacteroides_uniformis	-0.00139632428211	1.0	-0.0628333299199	0.00145913282896	-0.0258219841688	-0.0462977453479	0.0523659320233	-0.0396040339745	-0.00215893064648	0.00313728141117	0.0218437177094	-0.0113878142013	-0.021006466874	-0.0329743789275	-0.0401329149542	0.0206294011875	0.0626192747339	-0.00724958555842	0.0224480883166	0.0023756566916	-0.0168977771891	-0.0250061861295	0.0477094269573	0.0312591448103	-0.0446275094358	-0.013456806228	0.0779566646416	-0.0339913237959	-0.0834205092918	-0.0480939065716	0.01156121685	0.0569588523282	-0.073123796797	-0.0103367251135	-0.0328758196742	0.0568244262015	-0.0662863512001	-0.0280596267074	-0.055964447427	0.0154149030983	0.00902761190316	0.0111838779094	0.0117325920632	-0.0622768314069	0.0102938450698	-0.0256477014173	-0.000658555847179	-0.00175447308273	0.0183237581072	-0.0492319277527	0.0318716884472	0.00845160074296	-0.0433940516856	-0.0682009878623	0.0244162703976	-0.0383942227541	0.00414947376776	0.0905504837918	0.0607448810397
k__Bacteria;p__Bacteroidetes;c__Bacteroidia;o__Bacteroidales;f__Rikenellaceae;g__Alistipes;s__Alistipes_putredinis	-0.0722726505996	-0.0628333299199	1.0	0.0382250049917	-0.0114565967189	0.0317626012668	0.0230350860943	0.00524674563096	-0.0773399517268	-0.0160781642116	-0.00921914152236	-0.0924337757131	0.0377344924125	0.00668230016123	-0.0125363605003	0.0187903275462	-0.0597286922927	-0.0344468333414	-0.0135266152237	-0.00691863403493	-0.0685299285268	0.037409821013	-0.00687781390699	-0.0195793033889	0.0243014793161	0.0826965078244	0.0697482890695	-0.0270207984827	0.00193205722653	0.0431127763847	-0.055422324708	0.0580533444267	-0.111820812332	-0.0436913164564	-0.0333194515581	-0.0288869164054	-0.0145544395604	-0.0489352094852	0.0272378580216	-0.000782913149988	-0.0607425051991	-0.0279333494898	-0.0303859090145	-0.0306467301731	-0.0349485773534	-0.00512595734983	0.030723190059	-0.0143164766448	-0.0517935502886	-0.0243509294006	-0.0503477100178	0.0262780210958	-0.0319351329757	-0.0257329553925	0.011815375433	-0.0130852002594	-0.0159295096169	-0.00141962022937	0.00919656790973
k__Bacteria;p__Bacteroidetes;c__Bacteroidia;o__Bacteroidales;f__Prevotellaceae;g__Prevotella;s__Prevotella_copri	-0.0401344262267	0.00145913282896	0.0382250049917	1.0	0.00105994979768	-0.00156936565598	0.0403127241728	-0.048354744772	-0.071833051343	-0.0072540641041	-0.0541388071941	0.0346881857825	-0.00537049882617	0.0374801188946	-0.0472408048777	-0.0321241092758	0.0636700574002	-0.0118702776153	0.0416060888921	0.0253533422045	0.0441768141506	0.0276673616766	-0.0326464414595	-0.0422118162571	-0.0302123171003	0.0556806849804	0.0512475293317	-0.103893145551	0.0103518289221	-0.0607604673107	-0.00919588057771	0.0214252421731	0.00444267104091	-0.0517821237009	0.0336526612657	-0.060130746933	-0.034024052571	0.0351938174812	-0.0218945302875	-0.00222548257273	0.0037299615082	-0.0424521661897	-0.0292632592981	0.0100480883398	0.0402668110608	0.00382206866745	-0.0199216586576	0.0143130951957	-0.00282750478549	-0.00271571999853	-0.0961965495989	0.00593590202757	-0.0880029375538	-0.0426762019737	-0.103110098141	-0.0182274642266	0.00537763530454	0.0344494451548	0.00326020435274
k__Bacteria;p__Bacteroidetes;c__Bacteroidia;o__Bacteroidales;f__Bacteroidaceae;g__Bacteroides;s__Bacteroides_stercoris	-0.0475612254269	-0.0258219841688	-0.0114565967189	0.00105994979768	1.0	0.0102777446833	-0.0551612344923	-0.00218461723592	-0.0459386650125	-0.0186712896539	-0.0615419024592	0.0840241219511	-0.00539164484093	-0.0447597927545	-0.0653917506015	-0.0286424758286	-0.00562519424681	0.0389475639843	-0.0249762242361	-0.0186790622756	0.0103303205741	-0.0074970921019	-0.0316764125128	0.0428267178516	-0.0648219209783	0.00186095147066	-0.0235483649456	-0.00723868396796	0.00594650070745	0.00273559793835	-0.0671823969033	0.0721807916438	-0.0162023755112	-0.0211462368344	-0.0355636402308	-0.0620597726236	0.0152375262905	-0.0171888686698	-0.0303062183376	-0.0220951558709	-0.0436017244677	-0.0601199700936	-0.0231599451839	-0.0516905494791	-0.0913801236967	0.0944944726094	-0.0259967941161	-0.00629082767697	0.0525174825457	0.0396931533462	-0.0213433919821	-0.0542653316481	-0.00536431471	0.0216725912643	-0.00309754729407	0.0172900649798	0.0470162288672	-0.133048685682	0.00639694378293
k__Bacteria;p__Bacteroidetes;c__Bacteroidia;o__Bacteroidales;f__Bacteroidaceae;g__Bacteroides;s__Bacteroides_ovatus	0.0578667553218	-0.0462977453479	0.0317626012668	-0.00156936565598	0.0102777446833	1.0	-0.0526605007763	-0.00691432312897	0.016123574323	-0.042941451453	0.00680579004626	-0.0139654402959	0.00555725727511	0.00865269509824	-0.060351030189	-0.0570477652941	-0.0220534947938	0.0421572953348	-0.043883379901	0.0129418710908	0.000132050528174	0.086026770208	-0.000793369867094	-0.0754976011199	-0.0316819033527	-0.0370521880452	-0.0435082914897	-0.0241628613837	-0.0300325883851	-0.0314562610281	-0.00224564617019	0.021916268979	-0.0368771196341	-0.0263464955991	-0.100537431359	0.032943673414	-0.013293058318	-0.0479425754384	-0.0582870111504	0.00993170687436	-0.000385310013647	-0.0840424222962	-0.0276577795136	-0.0106094046572	0.0181617961586	-0.0173693572254	0.0426450540332	0.117628799321	-0.0259048244741	-0.0238477795374	0.0440432548906	-0.0590534577002	0.010028808242	0.00649676276494	-0.0338912556325	0.031089304638	0.00939359245326	-0.00688074011181	0.0292655350309
k__Bacteria;p__Bacteroidetes;c__Bacteroidia;o__Bacteroidales;f__Rikenellaceae;g__Alistipes;s__Alistipes_shahii	-0.0540327025993	0.0523659320233	0.0230350860943	0.0403127241728	-0.0551612344923	-0.0526605007763	1.0	0.0235405028271	-0.0212405746451	0.0155463369616	0.073292542363	0.00028181037984	-0.0139867753368	-0.0321860792723	0.0795966053754	-0.0233629722152	-0.0369345310752	-0.054396065767	-0.013627391111	0.00514154673729	-0.0501275892507	-0.0501757359838	0.069672879075	0.0225031690497	-0.0214918952142	-0.0523521318852	-0.0266984024	-0.0159969863582	0.0254704481965	-0.0279595193928	-0.00761754354251	-0.0753859090679	0.00309640678045	-0.0541377766368	-0.0164201086559	0.00246339333071	-0.0676552308702	-0.0353185555808	-0.0362762400079	-0.031041378818	-0.0434586250064	0.0221375215427	-0.0306966337301	-0.0320021621754	0.0384769120643	0.0244005625768	-0.0159551243198	-0.0393447108816	-0.0248750145446	-0.0714293124113	-0.0456885354983	-0.0800436033912	0.0432087393774	-0.0283701462586	-0.0157036303213	0.0399653357928	-6.9900060824e-05	0.0160414451566	0.029594943292
k__Bacteria;p__Firmicutes;c__Clostridia;o__Clostridiales;f__Ruminococcaceae;g__Faecalibacterium;s__Faecalibacterium_prausnitzii	-0.0594480895334	-0.0396040339745	0.00524674563096	-0.048354744772	-0.00218461723592	-0.00691432312897	0.0235405028271	1.0	-0.0408884084565	0.10017195191	0.0218520968928	-0.00261946483174	0.0307967604297	0.052271282203	-0.0255915325099	0.00976693097515	-0.0101963367866	0.0103760024523	-0.0229678472991	-0.0668825534263	-0.0117981970062	0.0343229820106	-0.0412188088529	0.0075714061412	0.0339601286433	-0.043244185709	-0.0152760661647	-0.06742063463	-0.0172579326288	-0.115183527511	0.00728913868854	-0.0599002340837	-0.126869383529	0.0542466580309	0.0460376737029	0.0164043362994	0.00625932793899	-0.0142297852458	-0.0132911367706	-0.0210180134839	-0.0771084125888	0.0326156685595	-0.0595381850261	-0.0445415745361	-0.0161824411141	-0.0487265561031	0.00537025612563	0.0355685288182	0.0388229524211	-0.0562859753698	-0.0616880093638	0.0217929483114	0.0174782302351	0.0108274971163	0.043993172231	-0.0374081174248	-0.0160951717083	0.0204801027886	0.12662749064
k__Bacteria;p__Bacteroidetes;c__Bacteroidia;o__Bacteroidales;f__Rikenellaceae;g__Alistipes;s__Alistipes_finegoldii	0.0219919272959	-0.00215893064648	-0.0773399517268	-0.071833051343	-0.0459386650125	0.016123574323	-0.0212405746451	-0.0408884084565	1.0	-0.0352427722918	-0.0137004065294	0.083095023314	0.0260994979814	-0.0424231292281	-0.0161424217389	0.0489155497437	-0.0281929329193	0.00226395100661	-0.0470537641703	0.0162428568573	-0.0357228589484	0.0481759095248	-0.00660741782929	-0.009836681117	-0.0378734881915	-0.00656287285491	-0.0213676293925	-0.00708396918004	-0.0591682575906	-0.0498362484395	-0.029378487854	-0.0349422506969	-0.0268927461061	0.0434065151272	0.0069983996485	-0.114855901093	-0.0227575649321	-0.0327864154116	-0.0317742872588	0.0533157400232	-0.0248711519148	0.0401636133705	-0.0177508734237	0.00635351739639	0.00923926634903	-0.00325711615891	-0.0326343526269	-0.0222697522027	-0.138456220327	-0.00960312819462	0.00810417815557	-0.00781985050753	0.0737528286654	-0.000796384509699	-0.0605986858241	0.0202084310081	0.0501102133735	0.0312194918439	-0.0479222850904
k__Bacteria;p__Bacteroidetes;c__Bacteroidia;o__Bacteroidales;f__Porphyromonadaceae;g__Parabacteroides;s__Parabacteroides_distasonis	-0.0586389802342	0.00313728141117	-0.0160781642116	-0.0072540641041	-0.0186712896539	-0.042941451453	0.0155463369616	0.10017195191	-0.0352427722918	1.0	0.0508267413652	0.0222468430513	-0.0403945384311	-0.00510326015367	-0.0908523654501	-0.0564054448224	-0.0714180771173	0.000261049442035	-0.00317877585333	-0.00363863610662	-0.00205298728171	0.00140225069108	0.0226251002818	-0.0368434826243	0.0315196715301	0.00539067826603	-0.0711098903783	0.0692355652832	-0.0310117318181	-0.0101544802927	-0.0112002142359	0.0158702407344	-0.00134410738851	-0.0431782833778	0.0120430033837	-0.00104100099193	0.00202743655211	-0.0228028302996	-0.00341800756796	-0.0659384565012	0.048249250631	-0.00334155887452	-0.0179999881264	-0.0627289590103	0.00687000081025	-0.0219808214844	-0.0309088367017	-0.0161960636021	-0.0285502124423	0.051126052871	-0.00399248541009	0.0280882500837	-0.0393332566166	-0.00512057613514	-0.0163539155332	-0.00735400780033	0.0128793103792	0.0175625816885	-0.0382887779113
k__Bacteria;p__Bacteroidetes;c__Bacteroidia;o__Bacteroidales;f__Bacteroidaceae;g__Bacteroides;s__Bacteroides_thetaiotaomicron	-0.0724560366852	0.0218437177094	-0.00921914152236	-0.0541388071941	-0.0615419024592	0.00680579004626	0.073292542363	0.0218520968928	-0.0137004065294	0.0508267413652	1.0	0.0534438330326	-0.0298837855982	-0.0929768923318	-0.0450080738365	-0.0219166313077	0.0152855287628	0.023043304191	0.0292658305634	-0.044861110826	0.0222740262273	-0.00714514381312	-0.0220625163388	-0.0137828253871	0.0554735467541	0.0115775300009	-0.0130106211709	-0.0435062561923	0.0164634491001	-0.0104368988857	0.02972351447	0.0399662409301	0.00888872564458	0.00928292361958	-0.0784153034597	0.0440827058363	0.0230762618332	-0.0162003387615	-0.0116558658616	-0.0223883589601	-0.0745575718714	0.0283463853359	-0.0163302086685	-0.0317053456455	0.0539947508453	-0.0344120715124	0.0337362397752	0.0107098945617	0.0170901675926	-0.0610173789903	0.00819354944707	-0.00038220574178	-0.00073693253315	0.0309643127512	-0.0174781699335	-0.0400061309959	-0.00976029437603	0.024143801381	-0.021568016576
k__Bacteria;p__Bacteroidetes;c__Bacteroidia;o__Bacteroidales;f__Bacteroidaceae;g__Bacteroides;s__Bacteroides_coprocola	-0.0221148123513	-0.0113878142013	-0.0924337757131	0.0346881857825	0.0840241219511	-0.0139654402959	0.00028181037984	-0.00261946483174	0.083095023314	0.0222468430513	0.0534438330326	1.0	-0.144696365911	-0.017919886173	0.0562351511518	-0.00794978318225	0.0580909803771	-0.0620761802698	0.0489701112194	0.0226009852788	-0.0707387296577	-0.0648232033571	-0.0588790338143	-0.00482513246192	-0.0186159441064	0.00302347178188	-0.0448629252053	-0.0594114598877	0.0174360392366	-0.0300753398418	-0.0503262986028	-0.00350528650412	-0.010808438227	-0.020516667399	0.0820522829104	-0.00591102679573	-0.0848660088694	0.0676175813907	-0.102150847815	-0.0214885025573	-0.0187234490709	-0.0105138990276	-0.0229202529501	-0.0213946986802	-0.0221344325232	0.0776784430066	0.0205325851667	0.0164221222849	0.0135113464142	-0.014715918117	-0.00619291827679	0.0123546097363	-0.058235894602	-0.052192265824	-0.0704580314283	-0.0246143814943	-0.0613705280553	-0.0734426994435	-0.00811286860852
k__Bacteria;p__Bacteroidetes;c__Bacteroidia;o__Bacteroidales;f__Bacteroidaceae;g__Bacteroides;s__Bacteroides_cellulosilyticus	0.00786893214822	-0.021006466874	0.0377344924125	-0.00537049882617	-0.00539164484093	0.00555725727511	-0.0139867753368	0.0307967604297	0.0260994979814	-0.0403945384311	-0.0298837855982	-0.144696365911	1.0	-0.00857795268191	-0.0178688411031	-0.0403690204261	0.0169283050912	0.0159566982252	0.020937284904	-0.0199782968398	-0.0446296075913	0.0140732072944	0.00958985993275	0.046016122361	0.00692904006711	0.05595657427	0.00970374042291	0.00898507873401	-0.000323963258851	-0.0113960166036	-0.0412531080731	0.0032290547898	-0.0184115648787	-0.000296027087466	-0.0711794948243	-0.0112485055777	0.0188789369376	0.0241051201898	0.0449450206707	-0.0571506059342	-0.0405804889099	0.0121074672815	0.00311590801603	0.0265125720925	-0.0424566518638	-0.00559392580788	0.01307896427	-0.0180979799363	0.00772154450652	-0.0307751720617	-0.00893986874017	0.0314941808791	-0.0404904394549	-0.0217306604792	-0.000333204065965	-0.0192862901801	-0.0401842851234	-0.0253075646927	-0.047278241311
k__Bacteria;p__Bacteroidetes;c__Bacteroidia;o__Bacteroidales;f__Rikenellaceae;g__Alistipes;s__Alistipes_obesi	-0.0271797367137	-0.0329743789275	0.00668230016123	0.0374801188946	-0.0447597927545	0.00865269509824	-0.0321860792723	0.052271282203	-0.0424231292281	-0.00510326015367	-0.0929768923318	-0.017919886173	-0.00857795268191	1.0	-0.0148841649025	0.0498988855931	-0.0209811247265	-0.0210526461934	0.0548951502039	-0.0691443947333	-0.0464381098806	-0.019419263684	-0.0311987260033	0.00962492126086	0.0858014041981	0.000771686940887	0.0371770325666	-0.0402615036519	0.0117984106843	0.045412278222	-0.000843145057157	-0.0759643367223	-0.0272848353977	0.0118637846174	-0.020290995824	-0.0562188326897	-0.0181066352548	-0.0366938996767	-0.053852042369	0.0335509889927	-0.0257835357194	0.0205723847322	0.0274544044162	0.0177159293401	-0.0150405718645	-0.0347438695749	0.0157901152004	-0.0507829825076	9.19935378942e-05	-0.00266743292815	-0.0744083008051	0.0452734946278	0.0144081817258	0.00305782001311	-0.0340914725324	0.033708665951	0.0159072087088	-0.0281330545887	0.0322184698626
k__Bacteria;p__Firmicutes;c__Clostridia;o__Clostridiales;f__Lachnospiraceae;g__;s__[Eubacterium]_rectale	0.0136546813411	-0.0401329149542	-0.0125363605003	-0.0472408048777	-0.0653917506015	-0.060351030189	0.0795966053754	-0.0255915325099	-0.0161424217389	-0.0908523654501	-0.0450080738365	0.0562351511518	-0.0178688411031	-0.0148841649025	1.0	0.0434717322823	-0.0254848313156	-0.0259837893839	-0.0321473675272	0.0170428439427	-0.0377591180104	-0.064775178875	0.0240338486706	0.0702014140051	-0.0704275515499	0.0182970509925	-0.0409263885209	0.0257424790831	-0.0239601917168	0.00124933116686	-0.0376646163997	-0.028097626053	-0.02516559305	-0.031815130123	-0.0132843427871	-0.0252090642875	-0.109397506792	0.0130552242933	0.042287472006	-0.00225911450585	-0.0259825883015	0.0473544375471	-0.0422246967351	-0.0710432843283	0.012836498743	0.0416287042196	0.0468192551551	-0.0131607287275	-0.0505959592539	-0.0337269176089	0.129209199065	-0.0521298752985	-0.0187599808399	0.0160430457978	0.0379551569123	-0.00603106699013	0.023099080544	-0.0693848772672	-0.0748076087849
k__Bacteria;p__Bacteroidetes;c__Bacteroidia;o__Bacteroidales;f__Bacteroidaceae;g__Bacteroides;s__Bacteroides_plebeius	-0.0536277740394	0.0206294011875	0.0187903275462	-0.0321241092758	-0.0286424758286	-0.0570477652941	-0.0233629722152	0.00976693097515	0.0489155497437	-0.0564054448224	-0.0219166313077	-0.00794978318225	-0.0403690204261	0.0498988855931	0.0434717322823	1.0	0.0443410141889	0.0284740942684	-0.0349370821357	-0.0809358932967	-0.00451370423106	0.0114263015627	-0.0821377470557	0.010567800671	-0.048163726956	0.0116901402852	0.0230763527891	-0.00525663765069	-0.0519015150132	0.0388085285674	-0.0489502350285	-0.030527004962	-0.069213062648	0.0360352730417	-0.00221066966837	-0.0279868812243	-0.0101658750817	0.0288994527765	-0.0277882500286	0.0337494502195	-0.0267239117233	-0.0428088172922	0.0443423897653	-0.0109776767346	-0.0346299490042	-0.0552094927366	0.00927062903725	-0.0460122768299	0.00688921331969	0.0321764435944	-0.0280401879512	-0.0426526656177	-0.0132486539942	-0.034266277281	0.0131923485983	-0.0155270939443	0.0155712410837	0.028295718694	-0.0438544250276
k__Bacteria;p__Bacteroidetes;c__Bacteroidia;o__Bacteroidales;f__Bacteroidaceae;g__Bacteroides;s__Bacteroides_fragilis	0.00935909725456	0.0626192747339	-0.0597286922927	0.0636700574002	-0.00562519424681	-0.0220534947938	-0.0369345310752	-0.0101963367866	-0.0281929329193	-0.0714180771173	0.0152855287628	0.0580909803771	0.0169283050912	-0.0209811247265	-0.0254848313156	0.0443410141889	1.0	0.0137095861293	0.0229199234692	-0.0728640958018	0.0145496726035	-0.0287693866651	0.0566363626234	-0.0729674532237	-0.0593685458369	-0.00276047410813	-0.0160083288995	-0.0546373450284	0.0556047859403	0.0107070610559	0.0634852240302	0.00919316126333	0.0156639934542	0.0170155054866	0.00509518054397	-0.0172521357498	0.000427860282472	-0.0357099435071	-0.0239395423478	0.0156793685704	0.0128736238411	0.00254500271982	-0.00999859428638	0.00286425193803	-0.0413776927304	0.0519370536856	-0.050876597989	-0.0182941286281	-0.0423452119643	0.0346068682666	-0.0644332949104	0.00457381336224	0.0515552306499	-0.0540281999639	-0.0690921402683	0.0179776540295	0.0386692974287	-0.0467564886716	-0.0662498112772
k__Bacteria;p__Proteobacteria;c__Betaproteobacteria;o__Burkholderiales;f__Sutterellaceae;g__Sutterella;s__Sutterella_wadsworthensis	-0.0192326574155	-0.00724958555842	-0.0344468333414	-0.0118702776153	0.0389475639843	0.0421572953348	-0.054396065767	0.0103760024523	0.00226395100661	0.000261049442035	0.023043304191	-0.0620761802698	0.0159566982252	-0.0210526461934	-0.0259837893839	0.0284740942684	0.0137095861293	1.0	0.0485745569328	0.0327635100304	0.0437204579386	-0.0358424020543	-0.0150205254186	-0.0398794821973	-0.0404399694053	0.00291669474414	-0.0351647182568	-0.00539814316013	0.000822818470362	-0.0133353557852	-0.0365145237373	-0.0283092469469	-0.0787562660744	0.0180742882761	0.0320482016121	-0.0116019775531	0.0267081894157	-0.0112141857068	-0.0465271239988	-0.0415994836744	0.00843826691889	0.0119076518914	0.0085342694557	-0.0199289745124	-0.0232964825126	-0.0845163704729	0.0430185845877	-0.00941729562089	0.00894396977424	0.103193582845	0.0028855075682	-0.00602734383118	0.00718732082993	-0.0169936615233	0.00425493484835	-0.0302718504768	-0.00947399216289	0.036828648692	0.0291276554171
k__Bacteria;p__Bacteroidetes;c__Bacteroidia;o__Bacteroidales;f__Porphyromonadaceae;g__Barnesiella;s__Barnesiella_intestinihominis	-0.0205312654194	0.0224480883166	-0.0135266152237	0.0416060888921	-0.0249762242361	-0.043883379901	-0.013627391111	-0.0229678472991	-0.0470537641703	-0.00317877585333	0.0292658305634	0.0489701112194	0.020937284904	0.0548951502039	-0.0321473675272	-0.0349370821357	0.0229199234692	0.0485745569328	1.0	0.0057130163449	-0.0389881887707	0.0365562514215	0.00972543645504	0.00234480399211	-0.0328170400117	0.0130655217712	-0.0678155993416	0.0445110376115	-0.0555162027293	-0.0337900239901	-0.0764704651476	0.00659354921797	-0.0225696169165	0.0491492396237	-0.0292058622612	0.015949117459	-0.0532885158964	-0.0558096263678	0.0204899345653	-0.0606096178851	0.00626993914781	-0.0940030672555	0.0518597854589	0.0361588622521	-0.0182553918135	0.0196338159508	0.0303235009857	-0.0449176255112	0.0229521569295	0.0328337295908	-0.0299940379563	-0.0254513914021	-0.0103717811864	0.0267281471347	-0.0927006877873	-0.00295059293195	-0.0122029051992	-0.0873267677292	-0.0177002237341
k__Bacteria;p__Bacteroidetes;c__Bacteroidia;o__Bacteroidales;f__Odoribacteraceae;g__Odoribacter;s__Odoribacter_splanchnicus	0.00415081620682	0.0023756566916	-0.00691863403493	0.0253533422045	-0.0186790622756	0.0129418710908	0.00514154673729	-0.0668825534263	0.0162428568573	-0.00363863610662	-0.044861110826	0.0226009852788	-0.0199782968398	-0.0691443947333	0.0170428439427	-0.0809358932967	-0.0728640958018	0.0327635100304	0.0057130163449	1.0	-0.0277624554656	-0.0268352413294	0.0248017756014	0.0700274317244	0.0288395455726	-0.0539392184907	-0.0183005390392	-0.0227943073348	0.0413684760581	-0.00936460515464	-0.0558990349882	-0.0445920328029	-0.0466397346759	-0.018088228873	-0.0637439522662	-0.0420180621642	0.0546153615139	0.0641518039491	0.0324935867477	-0.00469445423816	-0.0755313485587	0.00313091751954	0.00297479632522	-0.0520354897343	0.00804149016593	0.0297969839187	-0.0475938451592	0.0157047039534	0.01424193503	-0.0215125761097	-0.0328656687821	0.0265867531474	0.0275653362798	-0.026374389678	-0.0266284760671	-0.0321862615414	-0.0252651443018	0.0229813637509	-0.00547073339267
k__Bacteria;p__Bacteroidetes;c__Bacteroidia;o__Bacteroidales;f__Bacteroidaceae;g__Bacteroides;s__Bacteroides_salyersiae	-0.0125541485724	-0.0168977771891	-0.0685299285268	0.0441768141506	0.0103303205741	0.000132050528174	-0.0501275892507	-0.0117981970062	-0.0357228589484	-0.00205298728171	0.0222740262273	-0.0707387296577	-0.0446296075913	-0.0464381098806	-0.0377591180104	-0.00451370423106	0.0145496726035	0.0437204579386	-0.0389881887707	-0.0277624554656	1.0	-0.0398715231092	-0.0505403909261	0.049836578932	-0.00902408019845	-0.0824286828184	0.0388354177406	-0.0331676739829	0.0167559409838	-0.0133519268252	-0.0038429670254	0.0117928162923	-0.00662676318601	0.048676245875	-0.00248245110542	-0.00635606016885	-0.0803895174753	-0.00123459700052	0.0103338758979	0.0100762740332	-0.043651378863	0.0311561276061	-0.0288961206563	0.021756198668	-0.0704969287742	-0.0138089987066	0.00782580639618	0.0289495235369	-0.0155883302486	0.0228967353003	-0.0780667334375	-0.017255042757	0.0497367945749	-0.00381900010875	-0.0145178019981	0.0280744561787	-0.0202848616749	0.0101272571753	0.0177361442036
k__Bacteria;p__Firmicutes;c__Clostridia;o__Clostridiales;f__Ruminococcaceae;g__Ruminiclostridium;s__[Eubacterium]_siraeum	-0.00457094970818	-0.0250061861295	0.037409821013	0.0276673616766	-0.0074970921019	0.086026770208	-0.0501757359838	0.0343229820106	0.0481759095248	0.00140225069108	-0.00714514381312	-0.0648232033571	0.0140732072944	-0.019419263684	-0.064775178875	0.0114263015627	-0.0287693866651	-0.0358424020543	0.0365562514215	-0.0268352413294	-0.0398715231092	1.0	-0.0245471318014	0.0163722924871	0.0199605034372	0.011986356362	-0.0672934028475	-0.0278647843448	-0.0281136935934	0.010001057061	-0.0294168417755	0.023426672494	-0.0581121507323	0.00446685434335	-0.040246497502	-0.104105250766	0.00805698944242	0.00245209801594	-0.0146762683283	0.0167568541706	0.0877865972979	-0.0329253857427	-0.0532030319925	0.0114249702857	0.0205257507012	-0.0402928046585	-0.0250549465011	0.0429877279953	-0.0249057739521	-0.00270526707801	0.080552314901	0.0180274268135	-0.0944226632819	0.0231387200158	-0.016590708093	-0.0408812800704	-0.0435371355245	-0.0110171681073	0.0153001632792
k__Bacteria;p__Proteobacteria;c__Betaproteobacteria;o__Burkholderiales;f__Sutterellaceae;g__Parasutterella;s__Parasutterella_excrementihominis	0.0117154130304	0.0477094269573	-0.00687781390699	-0.0326464414595	-0.0316764125128	-0.000793369867094	0.069672879075	-0.0412188088529	-0.00660741782929	0.0226251002818	-0.0220625163388	-0.0588790338143	0.00958985993275	-0.0311987260033	0.0240338486706	-0.0821377470557	0.0566363626234	-0.0150205254186	0.00972543645504	0.0248017756014	-0.0505403909261	-0.0245471318014	1.0	0.015331138054	0.028705606498	-0.0212749008619	-0.0881976707912	0.00677537748202	-0.023815078781	-0.0164864301538	-0.0555665792606	0.0217503328304	-0.0496643044857	-0.0127054390532	-0.0121240264794	0.0222368023206	0.00366205535702	0.0104437834572	0.0261573652513	-0.0138607888199	-0.00464517811705	-0.125337185336	-0.02114654524	-0.0206599483641	0.0192222236238	-0.0227358451232	0.0588373120989	-0.0349277880974	0.0682692911909	-0.070477635335	0.0190044883961	-0.0409484156234	-0.0249019140779	-0.0121813718456	0.00156749781968	-0.0403079640019	0.0963604764107	0.0378824783069	-0.0275717233071
k__Bacteria;p__Actinobacteria;c__Actinobacteria;o__Bifidobacteriales;f__Bifidobacteriaceae;g__Bifidobacterium;s__Bifidobacterium_adolescentis	-0.00238560818476	0.0312591448103	-0.0195793033889	-0.0422118162571	0.0428267178516	-0.0754976011199	0.0225031690497	0.0075714061412	-0.009836681117	-0.0368434826243	-0.0137828253871	-0.00482513246192	0.046016122361	0.00962492126086	0.0702014140051	0.010567800671	-0.0729674532237	-0.0398794821973	0.00234480399211	0.0700274317244	0.049836578932	0.0163722924871	0.015331138054	1.0	0.034785074278	-0.0479082807312	0.0252904100691	-0.0243135880856	-0.0301045065007	-0.0915095830416	-0.00476435463655	0.038729589939	-0.0338306062185	-0.0346207921354	-0.0227696538544	-0.0556800231958	-0.0208612528001	0.0218994653357	0.0104256232254	0.0917577386956	0.00360750757828	-0.0388883664971	0.0221673458621	0.0496541253431	0.0205710042195	-0.0158987713584	-0.00302026222251	-0.0786619441779	0.0658053752493	-0.075511674571	-0.0800632948024	-0.0242172529351	0.0269029511625	-0.0365337459151	0.0107220413181	-0.0497258846	0.0596489423167	-0.0154282648457	-0.0267049536413
k__Bacteria;p__Firmicutes;c__Clostridia;o__Clostridiales;f__Oscillospiraceae;g__Oscillibacter;s__Oscillibacter_sp._KLE_1745	0.0211885062947	-0.0446275094358	0.0243014793161	-0.0302123171003	-0.0648219209783	-0.0316819033527	-0.0214918952142	0.0339601286433	-0.0378734881915	0.0315196715301	0.0554735467541	-0.0186159441064	0.00692904006711	0.0858014041981	-0.0704275515499	-0.048163726956	-0.0593685458369	-0.0404399694053	-0.0328170400117	0.0288395455726	-0.00902408019845	0.0199605034372	0.028705606498	0.034785074278	1.0	0.0772390115275	0.00373105732511	0.064911643124	-0.0180363593198	-0.0663052068816	0.00485128435622	-0.0389124936249	0.0555504011158	0.000643034820194	-0.00912035453752	0.00993397739398	-0.00590434889417	0.0705237179997	-0.00396125039718	0.0355813124739	-0.0652829243463	-0.0608016632644	-0.00695433428471	0.0451021766775	0.0787288185134	-0.000486121098791	-0.0207216669946	-0.0772353360814	-0.00669381918475	-0.0283916501084	-0.02686539077	-0.00763580605824	-0.0256617417581	0.0279562353223	-0.0516935983775	-0.0169659315158	0.00130174518004	0.000421889762345	0.04424700212
k__Bacteria;p__Bacteroidetes;c__Bacteroidia;o__Bacteroidales;f__Bacteroidaceae;g__Bacteroides;s__Bacteroides_coprophilus	-0.0495913856158	-0.013456806228	0.0826965078244	0.0556806849804	0.00186095147066	-0.0370521880452	-0.0523521318852	-0.043244185709	-0.00656287285491	0.00539067826603	0.0115775300009	0.00302347178188	0.05595657427	0.000771686940888	0.0182970509925	0.0116901402852	-0.00276047410813	0.00291669474414	0.0130655217712	-0.0539392184907	-0.0824286828184	0.011986356362	-0.0212749008619	-0.0479082807312	0.0772390115275	1.0	0.00726971217781	-0.0134165268276	-0.00121925386297	0.029687881816	0.0104378001022	0.00392297879876	0.0072724797615	0.0213527861404	0.0508446195998	-0.00182923358534	-0.0673314870464	-0.043363452381	-0.0356951122412	0.0442905486211	-0.00879809274515	-0.0187795278133	-0.0835050633265	0.0791223370457	0.034223983732	-0.0896487865079	-0.0242704181416	-0.0372486100178	-0.0923145515694	0.0418607582106	0.0982620070363	0.024331161383	-0.0322252110834	-0.0156067772667	0.0225012426183	-0.00362530180139	-0.0239958376014	-0.0630031820047	-0.0357157183198
k__Bacteria;p__Firmicutes;c__Clostridia;o__Clostridiales;f__Lachnospiraceae;g__Roseburia;s__Roseburia_intestinalis	-0.0204122692341	0.0779566646416	0.0697482890695	0.0512475293317	-0.0235483649456	-0.0435082914897	-0.0266984024	-0.0152760661647	-0.0213676293925	-0.0711098903783	-0.0130106211709	-0.0448629252053	0.00970374042291	0.0371770325666	-0.0409263885209	0.0230763527891	-0.0160083288995	-0.0351647182568	-0.0678155993416	-0.0183005390392	0.0388354177406	-0.0672934028475	-0.0881976707912	0.0252904100691	0.00373105732511	0.00726971217781	1.0	-0.00989033820125	0.0792498212679	-0.0344690695649	-0.0434467233286	-0.0014056908376	-0.0178957453393	-0.0877918081861	0.0183526417403	0.0789377226353	-0.0227775512166	-0.0171084376548	-0.0309729240358	-0.0733917693551	-0.0307093308413	-0.0123922064455	0.0450772307554	-0.0282438565444	-0.0163159928066	0.0383948011442	-0.0765861354024	-0.0615179743369	-0.0428728838155	-0.0525491938414	0.0657493215213	0.00388216458785	-0.0359041563162	0.0640324004281	-0.0381710184996	0.0738746655885	0.0293538855675	-0.0310338796236	-0.0231911903625
k__Bacteria;p__Firmicutes;c__Clostridia;o__Clostridiales;f__Lachnospiraceae;g__Roseburia;s__Roseburia_hominis	0.00164907120916	-0.0339913237959	-0.0270207984827	-0.103893145551	-0.00723868396796	-0.0241628613837	-0.0159969863582	-0.06742063463	-0.00708396918004	0.0692355652832	-0.0435062561923	-0.0594114598877	0.00898507873401	-0.0402615036519	0.0257424790831	-0.00525663765069	-0.0546373450284	-0.00539814316013	0.0445110376115	-0.0227943073348	-0.0331676739829	-0.0278647843448	0.00677537748202	-0.0243135880856	0.064911643124	-0.0134165268276	-0.00989033820125	1.0	-0.00806950510548	-0.0205408073303	-0.0491171739551	-0.0687421259086	0.0275755931508	-0.0154772591145	0.0143761987288	-0.0166385484949	0.0104361529288	-0.00601641017835	0.0574114627093	-0.0261935869093	0.033515676959	0.0159863923444	0.0116167620451	-0.0297573671897	-0.0160242152653	-0.0532059523948	-0.0153074545501	-0.0343010516611	-0.018875354708	-0.0868298012423	-0.0335996322606	-0.0314076841326	-0.0776710437292	0.0366689540051	0.0808303047454	-0.0481255773453	-0.0283428519805	0.000915090932969	-0.0902754981049
k__Bacteria;p__Bacteroidetes;c__Bacteroidia;o__Bacteroidales;f__Porphyromonadaceae;g__Parabacteroides;s__Parabacteroides_johnsonii	0.025718992679	-0.0834205092918	0.00193205722653	0.0103518289221	0.00594650070745	-0.0300325883851	0.0254704481965	-0.0172579326288	-0.0591682575906	-0.0310117318181	0.0164634491001	0.0174360392366	-0.000323963258851	0.0117984106843	-0.0239601917168	-0.0519015150132	0.0556047859403	0.000822818470362	-0.0555162027293	0.0413684760581	0.0167559409838	-0.0281136935934	-0.023815078781	-0.0301045065007	-0.0180363593198	-0.00121925386297	0.0792498212679	-0.00806950510548	1.0	-0.0185239137596	-0.047099439703	-0.00616950834615	-0.0163083252557	-0.0213906286326	-0.00809648385539	-0.032285087926	0.0261462398948	0.00387194057884	-0.0155719254503	-0.0304721090343	-0.0366413641627	0.044636878	0.0289574848329	0.0293297959021	-0.0327475382591	0.0829216410854	-0.0253054736588	0.0304150528488	-0.0079650536215	-0.0313640994017	0.0187321869717	0.017700710645	0.0391757468297	-0.0604094368592	-0.0296999943844	0.0545698597802	-0.00315735144183	-0.00940126244717	-0.0232622900048
k__Bacteria;p__Actinobacteria;c__Actinobacteria;o__Bifidobacteriales;f__Bifidobacteriaceae;g__Bifidobacterium;s__Bifidobacterium_longum	-0.103802095076	-0.0480939065716	0.0431127763847	-0.0607604673107	0.00273559793835	-0.0314562610281	-0.0279595193928	-0.115183527511	-0.0498362484395	-0.0101544802927	-0.0104368988857	-0.0300753398418	-0.0113960166036	0.045412278222	0.00124933116686	0.0388085285674	0.0107070610559	-0.0133353557852	-0.0337900239901	-0.00936460515464	-0.0133519268252	0.010001057061	-0.0164864301538	-0.0915095830416	-0.0663052068816	0.029687881816	-0.0344690695649	-0.0205408073303	-0.0185239137596	1.0	0.0666666288922	-0.0119124967662	0.0094282700372	-0.00410332865693	0.049590246974	0.0613736694606	-0.0140518737303	0.0365080811238	-0.00442894454714	-0.0311809590786	-0.0107476119512	-0.0610203001551	-0.0283810259506	0.027923512022	0.0330066780862	-0.0396093331348	0.0184593493314	-0.0220384998507	0.012199972855	0.00767428559534	-0.0343351467296	0.00736791217885	-0.00600097312218	0.0647560016706	0.0542504358923	-0.00805527474915	-0.100244317667	-0.0922326111482	-0.0106808565693
