#taxonomy	k__Bacteria;p__Bacteroidetes;c__Bacteroidia;o__Bacteroidales;f__Bacteroidaceae;g__Bacteroides;s__Bacteroides_vulgatus	k__Bacteria;p__Bacteroidetes;c__Bacteroidia;o__Bacteroidales;f__Bacteroidaceae;g__Bacteroides;s__Bacteroides_uniformis	k__Bacteria;p__Bacteroidetes;c__Bacteroidia;o__Bacteroidales;f__Rikenellaceae;g__Alistipes;s__Alistipes_putredinis	k__Bacteria;p__Bacteroidetes;c__Bacteroidia;o__Bacteroidales;f__Prevotellaceae;g__Prevotella;s__Prevotella_copri	k__Bacteria;p__Bacteroidetes;c__Bacteroidia;o__Bacteroidales;f__Bacteroidaceae;g__Bacteroides;s__Bacteroides_stercoris	k__Bacteria;p__Bacteroidetes;c__Bacteroidia;o__Bacteroidales;f__Bacteroidaceae;g__Bacteroides;s__Bacteroides_ovatus	k__Bacteria;p__Bacteroidetes;c__Bacteroidia;o__Bacteroidales;f__Rikenellaceae;g__Alistipes;s__Alistipes_shahii	k__Bacteria;p__Firmicutes;c__Clostridia;o__Clostridiales;f__Ruminococcaceae;g__Faecalibacterium;s__Faecalibacterium_prausnitzii	k__Bacteria;p__Bacteroidetes;c__Bacteroidia;o__Bacteroidales;f__Rikenellaceae;g__Alistipes;s__Alistipes_finegoldii	k__Bacteria;p__Bacteroidetes;c__Bacteroidia;o__Bacteroidales;f__Porphyromonadaceae;g__Parabacteroides;s__Parabacteroides_distasonis	k__Bacteria;p__Bacteroidetes;c__Bacteroidia;o__Bacteroidales;f__Bacteroidaceae;g__Bacteroides;s__Bacteroides_thetaiotaomicron	k__Bacteria;p__Bacteroidetes;c__Bacteroidia;o__Bacteroidales;f__Bacteroidaceae;g__Bacteroides;s__Bacteroides_coprocola	k__Bacteria;p__Bacteroidetes;c__Bacteroidia;o__Bacteroidales;f__Bacteroidaceae;g__Bacteroides;s__Bacteroides_cellulosilyticus	k__Bacteria;p__Bacteroidetes;c__Bacteroidia;o__Bacteroidales;f__Rikenellaceae;g__Alistipes;s__Alistipes_obesi	k__Bacteria;p__Firmicutes;c__Clostridia;o__Clostridiales;f__Lachnospiraceae;g__;s__[Eubacterium]_rectale	k__Bacteria;p__Bacteroidetes;c__Bacteroidia;o__Bacteroidales;f__Bacteroidaceae;g__Bacteroides;s__Bacteroides_plebeius	k__Bacteria;p__Bacteroidetes;c__Bacteroidia;o__Bacteroidales;f__Bacteroidaceae;g__Bacteroides;s__Bacteroides_fragilis	k__Bacteria;p__Proteobacteria;c__Betaproteobacteria;o__Burkholderiales;f__Sutterellaceae;g__Sutterella;s__Sutterella_wadsworthensis	k__Bacteria;p__Bacteroidetes;c__Bacteroidia;o__Bacteroidales;f__Porphyromonadaceae;g__Barnesiella;s__Barnesiella_intestinihominis	k__Bacteria;p__Bacteroidetes;c__Bacteroidia;o__Bacteroidales;f__Odoribacteraceae;g__Odoribacter;s__Odoribacter_splanchnicus	k__Bacteria;p__Bacteroidetes;c__Bacteroidia;o__Bacteroidales;f__Bacteroidaceae;g__Bacteroides;s__Bacteroides_salyersiae	k__Bacteria;p__Firmicutes;c__Clostridia;o__Clostridiales;f__Ruminococcaceae;g__Ruminiclostridium;s__[Eubacterium]_siraeum	k__Bacteria;p__Proteobacteria;c__Betaproteobacteria;o__Burkholderiales;f__Sutterellaceae;g__Parasutterella;s__Parasutterella_excrementihominis	k__Bacteria;p__Actinobacteria;c__Actinobacteria;o__Bifidobacteriales;f__Bifidobacteriaceae;g__Bifidobacterium;s__Bifidobacterium_adolescentis	k__Bacteria;p__Firmicutes;c__Clostridia;o__Clostridiales;f__Oscillospiraceae;g__Oscillibacter;s__Oscillibacter_sp._KLE_1745	k__Bacteria;p__Bacteroidetes;c__Bacteroidia;o__Bacteroidales;f__Bacteroidaceae;g__Bacteroides;s__Bacteroides_coprophilus	k__Bacteria;p__Firmicutes;c__Clostridia;o__Clostridiales;f__Lachnospiraceae;g__Roseburia;s__Roseburia_intestinalis	k__Bacteria;p__Firmicutes;c__Clostridia;o__Clostridiales;f__Lachnospiraceae;g__Roseburia;s__Roseburia_hominis	k__Bacteria;p__Bacteroidetes;c__Bacteroidia;o__Bacteroidales;f__Porphyromonadaceae;g__Parabacteroides;s__Parabacteroides_johnsonii	k__Bacteria;p__Actinobacteria;c__Actinobacteria;o__Bifidobacteriales;f__Bifidobacteriaceae;g__Bifidobacterium;s__Bifidobacterium_longum	k__Bacteria;p__Firmicutes;c__Clostridia;o__Clostridiales;f__;g__Flavonifractor;s__Flavonifractor_plautii	k__Bacteria;p__Firmicutes;c__Clostridia;o__Clostridiales;f__Clostridiaceae;g__Clostridium;s__Clostridium_phoceensis	k__Bacteria;p__Verrucomicrobia;c__Verrucomicrobiae;o__Verrucomicrobiales;f__Akkermansiaceae;g__Akkermansia;s__Akkermansia_muciniphila	k__Bacteria;p__Bacteroidetes;c__Bacteroidia;o__Bacteroidales;f__Prevotellaceae;g__Paraprevotella;s__Paraprevotella_xylaniphila	k__Bacteria;p__Firmicutes;c__Clostridia;o__Clostridiales;f__Ruminococcaceae;g__Ruminococcus;s__Ruminococcus_callidus	k__Bacteria;p__Bacteroidetes;c__Bacteroidia;o__Bacteroidales;f__Rikenellaceae;g__Alistipes;s__Alistipes_senegalensis	k__Bacteria;p__Firmicutes;c__Clostridia;o__Clostridiales;f__Lachnospiraceae;g__Blautia;s__Blautia_sp._KLE_1732	k__Bacteria;p__Bacteroidetes;c__Bacteroidia;o__Bacteroidales;f__Bacteroidaceae;g__Bacteroides;s__Bacteroides_oleiciplenus	k__Bacteria;p__Firmicutes;c__Clostridia;o__Clostridiales;f__Ruminococcaceae;g__Ruminococcus;s__Ruminococcus_bicirculans	k__Bacteria;p__Bacteroidetes;c__Bacteroidia;o__Bacteroidales;f__Bacteroidaceae;g__Bacteroides;s__Bacteroides_fluxus	k__Bacteria;p__Bacteroidetes;c__Bacteroidia;o__Bacteroidales;f__Prevotellaceae;g__Prevotella;s__Prevotella_stercorea	k__Bacteria;p__Firmicutes;c__Clostridia;o__Clostridiales;f__Lachnospiraceae;g__Dorea;s__Dorea_longicatena	k__Bacteria;p__Firmicutes;c__Clostridia;o__Clostridiales;f__Eubacteriaceae;g__Eubacterium;s__[Eubacterium]_eligens	k__Bacteria;p__Firmicutes;c__Clostridia;o__Clostridiales;f__Ruminococcaceae;g__;s__Ruminococcaceae_bacterium_D16	k__Bacteria;p__Firmicutes;c__Clostridia;o__Clostridiales;f__Lachnospiraceae;g__Coprococcus;s__Coprococcus_comes	k__Bacteria;p__Proteobacteria;c__Gammaproteobacteria;o__Enterobacterales;f__Enterobacteriaceae;g__Escherichia;s__Escherichia_coli	k__Bacteria;p__Firmicutes;c__Clostridia;o__Clostridiales;f__Ruminococcaceae;g__Anaerotruncus;s__Anaerotruncus_colihominis	k__Bacteria;p__Firmicutes;c__Clostridia;o__Clostridiales;f__Lachnospiraceae;g__Blautia;s__Blautia_obeum	k__Bacteria;p__Bacteroidetes;c__Bacteroidia;o__Bacteroidales;f__Odoribacteraceae;g__Odoribacter;s__Odoribacter_laneus	k__Bacteria;p__Firmicutes;c__Clostridia;o__Clostridiales;f__Ruminococcaceae;g__Ruminiclostridium;s__[Clostridium]_leptum	k__Bacteria;p__Bacteroidetes;c__Bacteroidia;o__Bacteroidales;f__Porphyromonadaceae;g__Parabacteroides;s__Parabacteroides_goldsteinii	k__Bacteria;p__Firmicutes;c__Clostridia;o__Clostridiales;f__Lachnospiraceae;g__Anaerostipes;s__Anaerostipes_hadrus	k__Bacteria;p__Firmicutes;c__Clostridia;o__Clostridiales;f__Ruminococcaceae;g__Ruminococcus;s__Ruminococcus_lactaris	k__Bacteria;p__Firmicutes;c__Clostridia;o__Clostridiales;f__Clostridiaceae;g__Clostridium;s__Clostridium_sp._L2-50	k__Bacteria;p__Firmicutes;c__Clostridia;o__Clostridiales;f__Clostridiaceae;g__Clostridium;s__Clostridium_sp._M62/1	k__Bacteria;p__Firmicutes;c__Clostridia;o__Clostridiales;f__;g__Intestinimonas;s__Intestinimonas_butyriciproducens	k__Bacteria;p__Actinobacteria;c__Actinobacteria;o__Bifidobacteriales;f__Bifidobacteriaceae;g__Bifidobacterium;s__Bifidobacterium_bifidum	k__Bacteria;p__Firmicutes;c__Negativicutes;o__Veillonellales;f__Veillonellaceae;g__Dialister;s__Dialister_invisus	k__Bacteria;p__Bacteroidetes;c__Bacteroidia;o__Bacteroidales;f__Bacteroidaceae;g__Bacteroides;s__Bacteroides_salanitronis
k__Bacteria;p__Bacteroidetes;c__Bacteroidia;o__Bacteroidales;f__Bacteroidaceae;g__Bacteroides;s__Bacteroides_vulgatus	1.0	0.0114310697126	-0.0125548908139	-0.00773175211686	-0.0710243728518	0.0729616024974	0.0688862748556	-0.0204682688366	-0.0207847952845	-0.0623121575699	0.0126342978162	0.0319603121386	0.00138096434816	-0.0703649840242	-0.0445780538188	-0.0284940288712	0.0270286715939	0.0389800625152	-0.0220558259165	0.0319193770622	0.00500521659812	-0.0640644704959	0.0107622732113	0.0341324376268	-0.0477091481046	-0.0615139819024	-0.0647471035489	-0.0122381847881	0.0134372102407	-0.0476207952415	-0.075286102386	0.0259790318281	-0.0135298954226	-0.0224743176781	-0.0119297656242	-0.00654333817397	-0.0314606283761	0.0130355252217	-0.00942658915032	0.0247056653745	-0.0534007069572	0.019715440888	-0.0935579785341	0.0202848296952	-0.0586200571018	-0.0513428939836	0.0132692411632	-0.00209723854532	0.00951587017306	-0.0601994577779	0.0931921281529	0.000914575276522	-0.0699615601487	-0.0978121432407	0.0123024204112	-0.0731253128611	0.00651796237603	-0.0591758827705	0.0304917585948
k__Bacteria;p__Bacteroidetes;c__Bacteroidia;o__Bacteroidales;f__Bacteroidaceae;g__Bacteroides;s__Bacteroides_uniformis	0.0114310697126	1.0	0.0364894029588	-0.0333870523761	-0.00399829429756	0.0157620766086	0.00711189816785	0.0449221556062	-0.0489702283866	0.0196718685496	-0.0275644665013	0.0088405858724	-0.00470078930276	-0.168733861883	-0.0503237607256	-0.0181170237855	0.0650388987569	0.0609466101173	-0.0280744256651	0.0997185324351	-0.0335816876096	-0.0501062570649	-0.0424981636798	-0.023407908349	0.0467245330495	-0.0290310335033	-0.0247845197361	-0.0664883612551	-0.0186860879331	0.0360724446475	-0.0623704667845	0.0206373189787	-0.0554222919897	0.0119953009781	0.0296954517133	0.00890375254839	-0.0305695874147	-0.0499147872434	0.00374262914671	0.0205507251083	-0.0636112227111	-0.0272701330062	-0.0171248925113	-0.00150380709966	0.0543576269188	0.0494941915783	0.00574644597849	-0.0183006620847	-0.0739182554866	-0.0211650228849	-0.0454259318426	-0.014011562949	-0.0698873469627	-0.0792075847971	0.00264004320526	0.0430014214602	0.0300842117126	-0.0428421543894	0.00717218026262
k__Bacteria;p__Bacteroidetes;c__Bacteroidia;o__Bacteroidales;f__Rikenellaceae;g__Alistipes;s__Alistipes_putredinis	-0.0125548908139	0.0364894029588	1.0	0.0282316306499	0.0193747835702	-0.00433092644857	-0.0464073240789	-0.0202275538307	-0.0777451159899	-0.0117376569994	-0.123302818949	-0.0347573228592	0.0192889413924	-0.0144670039905	-0.104633411291	-0.01866465673	0.0504759758211	-0.0211174072806	-0.0254759744966	-0.0305727485641	-0.0208840559433	-0.0434996417495	0.0160909371906	-0.0544341229828	-0.0638426707285	-0.0094301108749	-0.0780121941661	-0.0459772789831	-0.010542290941	-0.00822905280485	0.0556767365324	-0.043564738768	-0.0114773578319	0.0383362319316	-0.0304743789409	0.00839085959326	0.00230068850913	0.0249354351767	-0.0366437038078	0.00794654030048	-0.0699473691864	-0.000179006211224	0.0178944737179	-0.0827330679561	-0.00771265509406	-0.0123052500528	-0.0118567980123	0.0558091075035	0.05777408823	-0.0142315173402	-0.0213180227839	-0.00672171480021	0.048214686912	-0.0200877228228	-0.0640569563104	0.0215590581526	-0.0117672347288	0.0527436732805	-0.0367882185517
k__Bacteria;p__Bacteroidetes;c__Bacteroidia;o__Bacteroidales;f__Prevotellaceae;g__Prevotella;s__Prevotella_copri	-0.00773175211686	-0.0333870523761	0.0282316306499	1.0	-0.0844803008218	-0.0190678998813	0.00438258245248	-0.0321977531138	-0.0335915069442	-0.0232634796002	-0.0116456097722	0.0317978392283	-0.0143559804079	-0.0235204018299	-0.0127796490978	0.0193315325767	0.0554988914536	-0.0302475177492	-0.012076395529	-0.0479813344647	0.0025793826338	-0.017206802055	-0.0112485962973	-0.0038367354885	-0.0297702725933	0.0126175755415	0.0785276157703	0.027539866885	0.0610373262839	-0.0560244503192	0.0383718297028	0.0466224820734	-0.00886838677235	0.00870316313049	0.0488333452782	-0.00729272943515	0.0124137258697	0.00571863397162	-0.105326438979	0.0401013874342	0.062009476714	-0.101490429559	-0.042371325928	-0.0356604952764	0.00172450882059	-0.00464174708273	-0.0074108428279	-0.0325497448029	0.00551868613967	-0.0374783161511	-0.0440035656916	-0.0390062440938	-0.0599356300152	-0.0735183212751	-0.024689751769	0.0190333951293	0.0415053587785	-0.0326799658466	0.0267432245545
k__Bacteria;p__Bacteroidetes;c__Bacteroidia;o__Bacteroidales;f__Bacteroidaceae;g__Bacteroides;s__Bacteroides_stercoris	-0.0710243728518	-0.00399829429756	0.0193747835702	-0.0844803008218	1.0	0.00828658371255	-0.00201981904709	-0.00611431167737	-0.017802334316	0.103307965922	0.0748911641796	-0.0299774457145	-0.0300851300656	-0.00175011210584	0.0555165484039	0.0122419971657	-0.048714801613	0.0311292014783	0.0707184202753	0.0589925596857	0.0109340991242	0.0116160044727	-0.063527767244	0.0285243598415	-0.0321412579582	0.0287631589254	-0.0260096935304	-0.0674493149181	-0.00382603403045	-0.0120902618365	-0.0568549114232	0.0105244012074	0.0214032081391	0.000408070957502	-0.0511733774229	-0.00656495047917	0.017287888689	-0.00703812244425	-0.0522545643062	-0.0378291966561	0.0316995776134	-0.0306485392029	-0.0116478622368	-0.00599981044761	0.0233980352274	-0.0284239235997	-0.0308752008242	-0.0274545201627	-0.0233927343516	-0.0487031118357	-0.0404930891146	0.0428976768788	0.021599918093	0.0365625483441	-0.0370879093013	0.0116557817795	0.0322662100382	0.00998938938408	-0.0722557923425
k__Bacteria;p__Bacteroidetes;c__Bacteroidia;o__Bacteroidales;f__Bacteroidaceae;g__Bacteroides;s__Bacteroides_ovatus	0.0729616024974	0.0157620766086	-0.00433092644857	-0.0190678998813	0.00828658371255	1.0	0.0588241472275	0.0905237284947	0.0377272014091	-0.0189223525636	-0.0200698304169	0.0197033822226	-0.0269480842786	0.0360098039118	0.0090180205309	0.0139588241384	-0.035252094579	0.0529819814564	-0.0532392926438	0.00416681850379	-0.0402443422756	0.0181937469532	-0.0262583994571	-0.132032079434	0.0374635323092	-0.0616001366137	0.0127685199706	-0.0185947989209	-0.066756752016	0.0567508322653	0.0444195975659	-0.0566036510665	-0.0282923058271	-0.037858306555	0.055014186677	-0.0215354227206	-0.0546830963093	0.0444301886457	-0.0143238875308	-0.0875789638106	0.0139078248593	0.0118344370893	0.0285477231522	-0.0205655141883	-0.0291033768547	0.0406298661867	0.0386327823646	0.0265847183073	-0.0421057658435	0.00234826742341	0.0443966562182	0.028548838263	0.00544205995232	0.00900644321088	-0.0167887308502	-0.0515278738483	-0.0215784555888	-0.042006465673	-0.0286618387555
k__Bacteria;p__Bacteroidetes;c__Bacteroidia;o__Bacteroidales;f__Rikenellaceae;g__Alistipes;s__Alistipes_shahii	0.0688862748556	0.00711189816785	-0.0464073240789	0.00438258245248	-0.00201981904709	0.0588241472275	1.0	-0.0109805997853	0.00503882701785	0.0101549962565	0.00991622369653	-0.0232984751183	-0.0373292231785	-0.016142977082	-0.021582780159	0.0262757130799	-0.018060674597	-0.0354140592291	-0.0217224433955	0.00412353881648	0.0666107820715	-0.0340887039405	0.00466646171319	-0.0325106334548	-0.0364808891071	-0.0218966476225	-0.0146801046969	0.013538436891	-0.067172705244	0.0690961572451	-0.0191587113734	-0.0145910336369	0.0290953543528	-0.0400582408886	0.0357823011734	0.00820950386288	-0.0736128550551	-0.0666264129515	-0.0190734427053	0.00716098663982	-0.0185740691841	-0.0102554325821	-0.0706388733895	0.12942176138	-0.0475596355954	0.0147376251238	-0.0117831646247	-0.0526984006899	-0.0714734544833	-0.0171902479267	0.0144068930993	0.0225202996128	-0.0106081137876	0.0526701679304	-0.0890289622467	0.0400152709196	-0.0114381452493	-0.0571646625639	0.00246518135783
k__Bacteria;p__Firmicutes;c__Clostridia;o__Clostridiales;f__Ruminococcaceae;g__Faecalibacterium;s__Faecalibacterium_prausnitzii	-0.0204682688366	0.0449221556062	-0.0202275538307	-0.0321977531138	-0.00611431167737	0.0905237284947	-0.0109805997853	1.0	-0.00866854825926	0.0706141287039	-0.0458459444438	0.0493989421184	-0.0583908811815	0.0391668457025	-0.00190154622181	-0.0270865738493	0.00734988752527	-0.0214742103913	-0.0119705988676	-0.0481512017529	0.0558812906422	-0.0406485529958	-0.0984296075292	-0.00160794747668	-0.0371895812312	0.0518230318529	-0.00395276965154	-0.0600037018886	-0.0160948377041	0.00337010590427	-0.103723950995	0.00220122176649	-0.0270513931533	-0.0427592176512	-0.0513008393985	-0.00132912471227	-0.0367193892142	0.015911328863	-0.0144672345504	-0.042310867659	0.0628994829801	0.000117245246421	0.0808750465286	0.0172011681982	-0.0284051350194	-0.0306415587895	0.0257621930878	-0.0530492327372	-0.0308223687602	0.0451396887845	0.0491238597077	0.0176638495643	0.0280301743174	0.0633281078661	0.114677202351	-0.0580070738475	0.00293207477833	0.000914194831013	-0.00119991685507
k__Bacteria;p__Bacteroidetes;c__Bacteroidia;o__Bacteroidales;f__Rikenellaceae;g__Alistipes;s__Alistipes_finegoldii	-0.0207847952845	-0.0489702283866	-0.0777451159899	-0.0335915069442	-0.017802334316	0.0377272014091	0.00503882701785	-0.00866854825926	1.0	0.0303548827278	0.0404621074738	-0.0608448028279	0.0244190763703	-0.0257120538166	0.00572325490145	-0.0284558193959	-0.00505468771924	-0.033836003643	0.0348937388207	-0.0558789025596	0.0173746493601	-0.0121078138733	-0.0179713349958	-0.0429950077075	0.0193143277241	0.0241785781464	-0.0205183980146	-0.00295213407835	-0.0325108175969	-0.0143639628982	-0.0177614633404	-0.108089172664	0.0551397847851	0.012870930495	-0.00178700290972	-0.0225846547875	0.00917690638658	0.00604283619394	0.00762039075622	-0.0103213077046	-0.0754340833815	-0.0240641607918	0.0600451710446	0.083718452934	-0.0439840935484	-0.0584889376332	-0.0145580068253	0.0315115637545	-0.0486128390985	-0.0400678369698	0.0268586120462	-8.73820269868e-05	-0.0155424245281	-0.0845511925728	-0.00708373603179	-0.0366293039131	-0.0319734372657	-0.0410789965398	-0.00154261369845
k__Bacteria;p__Bacteroidetes;c__Bacteroidia;o__Bacteroidales;f__Porphyromonadaceae;g__Parabacteroides;s__Parabacteroides_distasonis	-0.0623121575699	0.0196718685496	-0.0117376569994	-0.0232634796002	0.103307965922	-0.0189223525636	0.0101549962565	0.0706141287039	0.0303548827278	1.0	-0.0236045119944	0.0971837925315	-0.0320376096251	0.013072146654	0.0126298823342	-0.0114083960085	-0.0124892909121	-0.104068563597	-0.048167077948	-0.012796853871	-0.0273169723472	0.0236873026484	-0.0140406678222	-0.0586388413351	-0.0392294891817	-0.0724857959985	0.0107187718616	-0.024845756261	-0.0779043142895	-0.0225103471177	-0.0391844034562	0.00596291424436	0.0678028653918	-0.0762289049717	0.0498149299448	-0.032752825787	0.0648982735446	0.0152805222256	-0.026845670303	-0.0827300662408	0.0195938535335	-0.000321193920571	0.0155393241277	-0.020930285847	-0.00939915817251	0.068141413446	-0.0772092918658	-0.00429885367797	-0.0113805856977	-0.0527122585287	-0.0568761005485	-0.0374319037427	0.0598403639262	0.0367501425577	-0.0546673516385	-0.0405537398378	-0.0162802071005	-0.025744137131	-0.00439146733519
k__Bacteria;p__Bacteroidetes;c__Bacteroidia;o__Bacteroidales;f__Bacteroidaceae;g__Bacteroides;s__Bacteroides_thetaiotaomicron	0.0126342978162	-0.0275644665013	-0.123302818949	-0.0116456097722	0.0748911641796	-0.0200698304169	0.00991622369653	-0.0458459444438	0.0404621074738	-0.0236045119944	1.0	-0.0107183140194	0.0184711455346	-0.0697930364283	0.0307028070298	0.0571850603433	-0.0226219032608	0.00218272951868	0.0307557498676	0.0196401635268	-0.0353483834532	0.0536867995398	-0.0443239206337	0.0128291555228	0.0321853432716	-0.0671377748476	0.0819634640329	0.0223092905094	0.00680287563404	-0.0091804582007	0.00170690250749	-0.050177531174	-0.0549767480684	-0.0116946277285	-0.020842251939	0.0433109144811	-0.0561499638844	-0.0447762207027	0.00988361163972	0.00632640800955	-0.0404484620571	-0.0341834984643	-0.0505129406253	-0.0135308630384	0.0179004784194	-0.00734480545507	-0.0468869974478	-0.0246029114637	-0.0515572136586	0.00639234743678	-0.0418503024215	-0.00416131987014	-0.0316071172429	-0.0519679011595	0.0425587438893	-0.0561079069957	0.0106298390671	-0.050171130084	-0.0174258228329
k__Bacteria;p__Bacteroidetes;c__Bacteroidia;o__Bacteroidales;f__Bacteroidaceae;g__Bacteroides;s__Bacteroides_coprocola	0.0319603121386	0.0088405858724	-0.0347573228592	0.0317978392283	-0.0299774457145	0.0197033822226	-0.0232984751183	0.0493989421184	-0.0608448028279	0.0971837925315	-0.0107183140194	1.0	0.0302116249542	-0.0267177002138	0.0332344157753	0.00445714956171	-0.073462779387	-0.00249780042697	-0.0266756773916	-0.00662062130833	-0.0767557027686	-0.00114508312411	0.0355783565017	-0.00285926282477	0.0090142548924	-0.00338124637794	-0.016036313093	-0.00566406150927	-0.0226691746983	0.0195302383032	-0.00297366138756	0.094430219515	0.0753331149284	-0.0274544414552	-0.0405340156344	0.00558763603329	0.0506901601639	0.0348083771424	-0.0173451877449	-0.0533467026467	-0.02078161805	-0.0249281870432	-0.032610548919	-0.0681405948902	0.0241773128253	0.0663763859776	-0.0510199768788	-0.0615627571125	-0.0427075715119	-0.00610817843868	-0.0461471710686	-0.0442143419849	-0.00267663095723	-0.0736454978992	-0.0342852681631	-0.0150596478635	-0.0169052326814	-0.0358118647816	-0.0845336164964
k__Bacteria;p__Bacteroidetes;c__Bacteroidia;o__Bacteroidales;f__Bacteroidaceae;g__Bacteroides;s__Bacteroides_cellulosilyticus	0.00138096434816	-0.00470078930276	0.0192889413924	-0.0143559804079	-0.0300851300656	-0.0269480842786	-0.0373292231785	-0.0583908811815	0.0244190763703	-0.0320376096251	0.0184711455346	0.0302116249542	1.0	-0.11075801626	-0.0324261589839	0.0203936435521	-0.0124441978649	0.0183286662669	0.0322970282674	-0.0277860678048	-0.0383237195624	0.0542336842724	0.00861858532047	0.0219647874268	-0.089685451904	-0.00614130801938	0.00226141289965	-0.00115564312509	0.0400252245419	-0.058444876374	0.0194942387888	-0.0127926341662	-0.00140961141691	-0.0324154719321	-0.0336749329176	0.0116683836692	-0.0898085616902	-0.0656622110308	-0.045894236975	-0.0173872764818	0.0521738592102	-0.00982459186326	-0.0158466313094	0.0509684214597	-0.0152408457036	0.022957991316	-0.023727456701	0.0594975908261	-0.029854490856	-0.0333238246355	-0.0777402035873	0.0361825527587	0.0267455498409	-0.0441010679322	0.00729529695476	-0.0223136787099	0.0532067196248	0.00534972050942	0.0241475085681
k__Bacteria;p__Bacteroidetes;c__Bacteroidia;o__Bacteroidales;f__Rikenellaceae;g__Alistipes;s__Alistipes_obesi	-0.0703649840242	-0.168733861883	-0.0144670039905	-0.0235204018299	-0.00175011210584	0.0360098039118	-0.016142977082	0.0391668457025	-0.0257120538166	0.013072146654	-0.0697930364283	-0.0267177002138	-0.11075801626	1.0	0.0500366664128	0.0283496719115	0.000740098930663	-0.0696803387641	-0.0005459631525	-0.0204040367782	-0.0747064243895	-0.032584314647	-0.0798130341188	-0.00210076513497	0.0267869326352	0.0468990118724	-0.0109425756845	-0.0118341620132	-0.0012273281961	-0.0249746507826	-0.019739653019	0.0275866482914	0.0183651184617	-0.0306226644236	0.00790384025269	-0.00510284174771	0.0678881151261	-0.0749116137951	0.0632344957691	0.0157569960175	0.0760051820268	-0.0359628798125	0.040297056079	-0.0146716050167	-0.0559540156608	-0.0681805268459	0.0258195230212	-0.0161332658972	0.0112646934009	-0.00963303221926	-0.00224639306891	0.00820196315702	-0.0345034710163	0.000503376898819	-0.0087627514694	0.0452143367622	-0.0645979915772	-0.0184608761352	0.011256603385
k__Bacteria;p__Firmicutes;c__Clostridia;o__Clostridiales;f__Lachnospiraceae;g__;s__[Eubacterium]_rectale	-0.0445780538188	-0.0503237607256	-0.104633411291	-0.0127796490978	0.0555165484039	0.0090180205309	-0.021582780159	-0.00190154622181	0.00572325490145	0.0126298823342	0.0307028070298	0.0332344157753	-0.0324261589839	0.0500366664128	1.0	-0.0234633581079	-0.0327908104004	-0.050423048495	0.0417498768921	0.0107002117599	-0.094692762076	0.0440866374705	0.0158665977869	-0.0387086299651	0.0180998472817	-0.0210770905134	0.0343353028839	0.0270617794209	0.0380738668259	-0.0507532810341	-0.00366972383391	-0.00140080195146	0.0266659931542	-0.0669722938053	-0.00275174918003	0.0116525748956	-0.0393740325936	-0.00516590064901	0.0534389973399	0.0300927178793	-0.00979507107477	0.000441141143433	-0.0482484954094	0.00147034850715	-0.00416900763881	0.000574978670281	0.0589499604797	-0.0306757360969	0.00729002192418	-0.0454314488328	0.0798813362687	0.0313844284748	-0.0351587572445	0.0302345766574	-0.0759703854966	-0.0512304222692	0.00977932693183	0.0282102546104	0.0441031773917
k__Bacteria;p__Bacteroidetes;c__Bacteroidia;o__Bacteroidales;f__Bacteroidaceae;g__Bacteroides;s__Bacteroides_plebeius	-0.0284940288712	-0.0181170237855	-0.01866465673	0.0193315325767	0.0122419971657	0.0139588241384	0.0262757130799	-0.0270865738493	-0.0284558193959	-0.0114083960085	0.0571850603433	0.00445714956171	0.0203936435521	0.0283496719115	-0.0234633581079	1.0	0.0311606084255	-0.0123792169506	0.0475625451315	-0.0143796609995	-0.0182431747115	-0.0352696109084	0.0323884001734	-0.0523755749988	0.00494388883394	-0.026628949515	-0.00656001938346	-0.0625729450553	-0.0192560356756	-0.0500487815664	0.0422470496645	0.0115458388394	0.00764532042244	0.00786150554693	-0.0288243821709	0.0538466166763	0.0553303998685	-0.108015849118	-0.010829272016	0.0284883343411	-0.0565355467445	0.0374140875692	0.0237107595446	-0.0273732639079	-0.0780150232839	-0.065757270762	-0.00139709391984	-0.00196495925923	-0.105040707854	0.0023689215445	0.0146256872959	0.0748315249751	-0.0245905668667	-0.0083664452531	0.0143233597167	0.0215737121891	-0.0361863250869	0.0042916479603	-0.0198996563314
k__Bacteria;p__Bacteroidetes;c__Bacteroidia;o__Bacteroidales;f__Bacteroidaceae;g__Bacteroides;s__Bacteroides_fragilis	0.0270286715939	0.0650388987569	0.0504759758211	0.0554988914536	-0.048714801613	-0.035252094579	-0.018060674597	0.00734988752527	-0.00505468771924	-0.0124892909121	-0.0226219032608	-0.073462779387	-0.0124441978649	0.000740098930663	-0.0327908104004	0.0311606084255	1.0	-0.0136915550075	-0.00967104260728	0.013320636853	-0.0429585127209	-0.0656496521101	0.0137051808029	0.0399329851616	-0.0771378801341	0.0303094891299	0.0197642541707	-0.0145389870202	0.0447402109099	0.0131677855512	-0.0150009799208	-0.0604162773588	-0.0685960995941	0.0293316512981	0.0105014337978	0.012636343081	0.0157471869729	0.00401658062576	0.0220433993409	-0.0257478481957	-0.0338033257126	0.0395855568951	-0.0589351379957	0.0036563148329	0.00771934223939	0.0410769160916	-0.00473675536886	-0.0264945563756	-0.0686014327851	0.000113551760063	-0.0407994935492	-0.108757074467	0.0094119056675	-0.00801077851199	0.0317226051604	0.038429121856	0.0215065687113	-0.0328661744721	-0.0245154200023
k__Bacteria;p__Proteobacteria;c__Betaproteobacteria;o__Burkholderiales;f__Sutterellaceae;g__Sutterella;s__Sutterella_wadsworthensis	0.0389800625152	0.0609466101173	-0.0211174072806	-0.0302475177492	0.0311292014783	0.0529819814564	-0.0354140592291	-0.0214742103913	-0.033836003643	-0.104068563597	0.00218272951868	-0.00249780042697	0.0183286662669	-0.0696803387641	-0.050423048495	-0.0123792169506	-0.0136915550075	1.0	0.006129072157	-0.0337474851739	0.0641086861795	-0.0607174410531	-0.0258752967367	-0.0145292043302	-0.0731656017329	-0.0144809118567	-0.0509317919247	-0.0507777999648	-0.0141277788218	0.0907507437977	-0.0311704145981	-0.0675599056766	-0.0525761326091	-0.058197876466	-0.0367773138644	0.0326825065883	-0.0144665869325	0.0637044826738	0.0290202090652	-0.0177122740249	-0.0232759405421	0.0245134911774	-0.031657521111	-0.047431536339	-0.0308731211534	0.0114766615872	0.0142958340272	-0.100087840919	0.035898424667	-0.0857223770292	-0.0478763622763	0.0137504248553	0.0445209133216	0.00941798967457	-0.00831384333386	0.0734660961626	0.0682493128205	-0.0695116744358	-0.0170448612865
k__Bacteria;p__Bacteroidetes;c__Bacteroidia;o__Bacteroidales;f__Porphyromonadaceae;g__Barnesiella;s__Barnesiella_intestinihominis	-0.0220558259165	-0.0280744256651	-0.0254759744966	-0.012076395529	0.0707184202753	-0.0532392926438	-0.0217224433955	-0.0119705988676	0.0348937388207	-0.048167077948	0.0307557498676	-0.0266756773916	0.0322970282674	-0.0005459631525	0.0417498768921	0.0475625451315	-0.00967104260728	0.006129072157	1.0	-0.00773834078031	0.015687454686	-0.0341162233538	0.0285364032012	-0.085677896305	0.011475851504	0.0053850161028	0.0175579978461	0.0315773197087	0.110110348368	-0.0760267411837	-0.0389067051456	-0.00218472957184	-0.0609593641872	0.0437119064458	-0.0521072651223	0.014144024909	-0.013238871726	0.0397544626411	0.03184464189	0.0460067188052	-0.0408339265648	-0.0299163566136	-0.0321424854221	-0.0295279114185	-0.0246079119329	-0.00378189466067	-0.0222002436164	-0.0137384050383	0.0216965172973	-0.0293883931312	0.00241507354092	0.0269877154971	0.0565167223266	-0.00909686173301	-0.0157080254	0.0281937158733	0.00902274033506	-0.0295490286343	-0.040338318317
k__Bacteria;p__Bacteroidetes;c__Bacteroidia;o__Bacteroidales;f__Odoribacteraceae;g__Odoribacter;s__Odoribacter_splanchnicus	0.0319193770622	0.0997185324351	-0.0305727485641	-0.0479813344647	0.0589925596857	0.00416681850379	0.00412353881648	-0.0481512017529	-0.0558789025596	-0.012796853871	0.0196401635268	-0.00662062130833	-0.0277860678048	-0.0204040367782	0.0107002117599	-0.0143796609995	0.013320636853	-0.0337474851739	-0.00773834078031	1.0	-0.0359650014807	0.0380871457126	0.0245764733269	0.0136294385601	0.00293926892156	0.0153424399165	0.0255477734292	-0.0211608758178	0.0341487380068	-0.0358521950006	0.00902728652697	-0.0534614673075	0.055383447263	-0.0502395100079	-0.0758991345709	-0.0487371762271	-0.0143429609612	-0.0133341082344	-0.0235387245737	0.0775270624147	-0.020352009535	-0.0349161284482	-0.0908763726221	-0.088820723335	-0.00395009576198	-0.0423286076362	-0.0699547855313	0.0630753835988	-0.0189480331568	-0.0184055906971	-0.0777707364958	-0.068363857028	-0.00478579415456	-0.0376697731275	0.0492536820366	-0.00485955512059	0.0624189363811	-0.0466699543274	0.0228031718751
k__Bacteria;p__Bacteroidetes;c__Bacteroidia;o__Bacteroidales;f__Bacteroidaceae;g__Bacteroides;s__Bacteroides_salyersiae	0.00500521659812	-0.0335816876096	-0.0208840559433	0.0025793826338	0.0109340991242	-0.0402443422756	0.0666107820715	0.0558812906422	0.0173746493601	-0.0273169723472	-0.0353483834532	-0.0767557027686	-0.0383237195624	-0.0747064243895	-0.094692762076	-0.0182431747115	-0.0429585127209	0.0641086861795	0.015687454686	-0.0359650014807	1.0	-0.00819211519187	-0.0115659710198	0.0840503104344	-0.00756553900915	0.00419755116235	-0.0430834352621	0.000971697365245	0.01808933946	0.0241421324477	-0.0939737525933	-0.00759551471146	0.00369821436728	0.00460556272196	-0.049775676506	-0.00315672465026	0.0381508542584	-0.0517020177134	-0.0259842116694	-0.0258309615715	0.0232919170862	0.0181904967284	0.070365583079	0.00277485793543	0.010184649609	-0.0244376989595	-0.0114791593181	0.0408293237919	-0.0140914932675	-0.0681506124714	-0.0110675949215	-0.114100823799	0.0440581583448	0.0145114185259	-0.00223659652881	-0.022582157166	-0.0123880855768	-0.0271867938408	-0.0281016238886
k__Bacteria;p__Firmicutes;c__Clostridia;o__Clostridiales;f__Ruminococcaceae;g__Ruminiclostridium;s__[Eubacterium]_siraeum	-0.0640644704959	-0.0501062570649	-0.0434996417495	-0.017206802055	0.0116160044727	0.0181937469532	-0.0340887039405	-0.0406485529958	-0.0121078138733	0.0236873026484	0.0536867995398	-0.00114508312411	0.0542336842724	-0.032584314647	0.0440866374705	-0.0352696109084	-0.0656496521101	-0.0607174410531	-0.0341162233538	0.0380871457126	-0.00819211519187	1.0	-0.0342130048343	-0.0197951501437	-0.0168325600157	-0.0258976253142	-0.00128139701048	0.02105233288	0.046831289302	0.0329731241192	-0.0035099616058	0.000636473757747	-0.00438555032857	-0.0599623416098	0.0184405471436	-0.0517935213755	0.0225446451745	-0.01258645085	0.00467180484834	-0.0133609769846	-0.00644581313078	0.0247891135179	0.0399526450327	0.00324604582451	-0.0500448433492	-0.0954192995427	-0.0163903574252	-0.0871876607503	-0.0473497779494	-0.0120531083367	-0.00620146537133	0.0180251827821	-0.0488558126896	-0.0375070658865	0.016477878894	-0.0192658242719	0.0356816034546	0.0353460482607	-0.0250096032722
k__Bacteria;p__Proteobacteria;c__Betaproteobacteria;o__Burkholderiales;f__Sutterellaceae;g__Parasutterella;s__Parasutterella_excrementihominis	0.0107622732113	-0.0424981636798	0.0160909371906	-0.0112485962973	-0.063527767244	-0.0262583994571	0.00466646171319	-0.0984296075292	-0.0179713349958	-0.0140406678222	-0.0443239206337	0.0355783565017	0.00861858532047	-0.0798130341188	0.0158665977869	0.0323884001734	0.0137051808029	-0.0258752967367	0.0285364032012	0.0245764733269	-0.0115659710198	-0.0342130048343	1.0	-0.0129210824524	-0.0231630439302	0.0149515975404	-0.00652551275347	0.0176147707202	0.00750995764273	-0.0532517454946	0.00656932960288	-0.0239113267657	-0.0511557269126	-0.0420016759988	-0.00983159390622	0.00937443238137	-0.023361835951	-0.000290884784788	-0.0453769760969	0.00799405813931	0.0155407912058	0.0204194462825	-0.0413255866349	-0.011106949524	-0.0872419062616	-0.076972965434	0.00405285168385	0.0438908099857	-0.0649125305449	0.00278950159293	0.0131280552611	0.0139025432283	-0.0369927165075	0.000846748864136	0.0242329972566	-0.0622062993535	-0.0346693056188	0.0443376297607	0.0210883951303
k__Bacteria;p__Actinobacteria;c__Actinobacteria;o__Bifidobacteriales;f__Bifidobacteriaceae;g__Bifidobacterium;s__Bifidobacterium_adolescentis	0.0341324376268	-0.023407908349	-0.0544341229828	-0.0038367354885	0.0285243598415	-0.132032079434	-0.0325106334548	-0.00160794747668	-0.0429950077075	-0.0586388413351	0.0128291555228	-0.00285926282477	0.0219647874268	-0.00210076513497	-0.0387086299651	-0.0523755749988	0.0399329851616	-0.0145292043302	-0.085677896305	0.0136294385601	0.0840503104344	-0.0197951501437	-0.0129210824524	1.0	0.0346025606973	0.0502468963277	-0.0333190672692	-0.0256534870476	-0.0310789997736	-0.0238019735917	-0.0108710593186	0.0480749810972	-0.0557477707502	-0.0440530068541	-0.014392352433	0.0579500623329	0.0402553915186	0.011122675665	-0.00442235467691	-0.0159428748776	0.0308058186798	-0.0907274006985	-0.0129708853901	0.0639041029987	0.023034123071	0.0255245301782	0.0443344099255	-0.00824245624381	-0.0212391849747	-0.014694168091	0.0165116265913	-0.0181006401865	0.0626144619957	-0.0211018634779	0.0111529156373	-0.0368170147162	-0.0198726591896	-0.080577015015	-0.0357891133888
k__Bacteria;p__Firmicutes;c__Clostridia;o__Clostridiales;f__Oscillospiraceae;g__Oscillibacter;s__Oscillibacter_sp._KLE_1745	-0.0477091481046	0.0467245330495	-0.0638426707285	-0.0297702725933	-0.0321412579582	0.0374635323092	-0.0364808891071	-0.0371895812312	0.0193143277241	-0.0392294891817	0.0321853432716	0.0090142548924	-0.089685451904	0.0267869326352	0.0180998472817	0.00494388883394	-0.0771378801341	-0.0731656017329	0.011475851504	0.00293926892156	-0.00756553900915	-0.0168325600157	-0.0231630439302	0.0346025606973	1.0	0.000115178906844	-0.00239426522125	0.0020372513634	-0.0158462044044	-0.0191819497528	-0.0722102347144	-0.00323285199728	0.0599886721142	-0.0095849286446	-0.0189475598401	-0.0159852265109	0.056247011436	-0.00189199837169	-0.0464292527022	0.0307379969364	0.02326979545	0.000893618674208	0.00606956597964	-0.0104699102474	-0.0214843469906	0.0167865951914	-0.0294979151475	0.0545461024317	-0.00885133254593	-0.0227878774384	0.011604321693	-0.00415868587027	-0.025527242729	0.0180629995124	-0.0476681697703	0.0764792325305	-0.0497676282137	-0.00668170913139	-0.00639335215959
k__Bacteria;p__Bacteroidetes;c__Bacteroidia;o__Bacteroidales;f__Bacteroidaceae;g__Bacteroides;s__Bacteroides_coprophilus	-0.0615139819024	-0.0290310335033	-0.0094301108749	0.0126175755415	0.0287631589254	-0.0616001366137	-0.0218966476225	0.0518230318529	0.0241785781464	-0.0724857959985	-0.0671377748476	-0.00338124637794	-0.00614130801938	0.0468990118724	-0.0210770905134	-0.026628949515	0.0303094891299	-0.0144809118567	0.0053850161028	0.0153424399165	0.00419755116235	-0.0258976253142	0.0149515975404	0.0502468963277	0.000115178906844	1.0	0.0352190829149	-0.023306824751	0.0304351125445	0.0404882614225	-0.0253528087482	-0.0585931115583	-0.0470484625587	0.0353561564269	-0.0664098674475	-0.10225341104	-0.0160947071689	0.0336052154603	-0.00889398819815	-0.0317210921649	-0.051664055174	0.00692195973556	0.00174940464316	-0.0201649493282	-0.018942611795	0.012106873295	-0.0173545597588	-0.0825533772942	0.0604570522972	0.0318835513996	-0.0132115479656	0.0186885043884	-0.0226503268651	0.0255410206085	-0.00540458297678	-0.0378906827777	-0.0424940405997	-0.00487365535144	-0.0365542200605
k__Bacteria;p__Firmicutes;c__Clostridia;o__Clostridiales;f__Lachnospiraceae;g__Roseburia;s__Roseburia_intestinalis	-0.0647471035489	-0.0247845197361	-0.0780121941661	0.0785276157703	-0.0260096935304	0.0127685199706	-0.0146801046969	-0.00395276965154	-0.0205183980146	0.0107187718616	0.0819634640329	-0.016036313093	0.00226141289965	-0.0109425756845	0.0343353028839	-0.00656001938346	0.0197642541707	-0.0509317919247	0.0175579978461	0.0255477734292	-0.0430834352621	-0.00128139701048	-0.00652551275347	-0.0333190672692	-0.00239426522125	0.0352190829149	1.0	0.0263244837617	-0.0357725438311	0.0197750912478	0.0498613650584	-0.0127378352408	-0.0300708524662	-0.0482089517234	0.0208224282848	-0.00253750228186	-0.0644377760376	-0.0128006089849	0.0382794728007	-0.10275180518	-0.000389604010797	0.014261275986	-0.0475664682109	-0.0537802067947	0.029744931869	-0.0568884117051	-0.0342240674041	-0.00523282162422	-0.00686497349753	0.0753682005809	-0.0141299024451	-0.0743905072093	0.0200052779322	0.0710478740342	-0.0306527255242	-0.00638400399286	-0.00303114384246	-0.0515820729367	0.0566586330833
k__Bacteria;p__Firmicutes;c__Clostridia;o__Clostridiales;f__Lachnospiraceae;g__Roseburia;s__Roseburia_hominis	-0.0122381847881	-0.0664883612551	-0.0459772789831	0.027539866885	-0.0674493149181	-0.0185947989209	0.013538436891	-0.0600037018886	-0.00295213407835	-0.024845756261	0.0223092905094	-0.00566406150927	-0.00115564312509	-0.0118341620132	0.0270617794209	-0.0625729450553	-0.0145389870202	-0.0507777999648	0.0315773197087	-0.0211608758178	0.000971697365245	0.02105233288	0.0176147707202	-0.0256534870476	0.0020372513634	-0.023306824751	0.0263244837617	1.0	0.0670880921634	-0.0344816251577	0.00969543459962	-0.0232777999988	0.0288378266023	-0.00611974426687	-0.0153668691386	-0.025668245135	-0.00395278754309	2.26780084597e-05	0.0174452470233	-0.0861458840728	-0.000491685210762	-0.0346794924238	-0.0391290801526	0.0368554301774	0.0346549511651	-0.072068314713	0.0308416412739	0.0153851265122	-0.0162678376466	-0.0130704891424	0.00610002048431	-0.0297001158868	-0.033568339873	0.0279207831396	-0.00418300222034	0.0567339007908	0.0126790574395	-0.0365777137053	-0.0491235475776
k__Bacteria;p__Bacteroidetes;c__Bacteroidia;o__Bacteroidales;f__Porphyromonadaceae;g__Parabacteroides;s__Parabacteroides_johnsonii	0.0134372102407	-0.0186860879331	-0.010542290941	0.0610373262839	-0.00382603403045	-0.066756752016	-0.067172705244	-0.0160948377041	-0.0325108175969	-0.0779043142895	0.00680287563404	-0.0226691746983	0.0400252245419	-0.0012273281961	0.0380738668259	-0.0192560356756	0.0447402109099	-0.0141277788218	0.110110348368	0.0341487380068	0.01808933946	0.046831289302	0.00750995764273	-0.0310789997736	-0.0158462044044	0.0304351125445	-0.0357725438311	0.0670880921634	1.0	-0.0533911973624	-0.0432530839205	-0.0206462385549	-0.00797818698294	0.0270475770509	-0.0457191771901	-0.0946296514595	-0.0222893715053	-0.0188563825723	0.0153016892877	-0.00529991184574	0.00690835580509	0.0525950144559	-0.0596896025283	-0.0239539048399	-0.026469210022	-0.0346964380977	0.0691565844011	-0.0380069891072	-0.0306168815077	0.00143582848906	-0.0374467669872	0.0355331691008	0.00068407628534	0.0160150324072	0.0439247281441	0.0364966880128	0.0306225871732	0.0219484168933	0.00104629047728
k__Bacteria;p__Actinobacteria;c__Actinobacteria;o__Bifidobacteriales;f__Bifidobacteriaceae;g__Bifidobacterium;s__Bifidobacterium_longum	-0.0476207952415	0.0360724446475	-0.00822905280485	-0.0560244503192	-0.0120902618365	0.0567508322653	0.0690961572451	0.00337010590427	-0.0143639628982	-0.0225103471177	-0.0091804582007	0.0195302383032	-0.058444876374	-0.0249746507826	-0.0507532810341	-0.0500487815664	0.0131677855512	0.0907507437977	-0.0760267411837	-0.0358521950006	0.0241421324477	0.0329731241192	-0.0532517454946	-0.0238019735917	-0.0191819497528	0.0404882614225	0.0197750912478	-0.0344816251577	-0.0533911973624	1.0	0.0430234268951	0.0468215084489	0.00850706030713	-0.0196808194066	-0.0139402912994	-0.00264315980625	-0.0243787041675	0.0117009057414	-0.0666681838783	-0.0722271432543	0.053379591311	-0.0914805857545	-0.00828414330587	0.0300853612766	-0.0174210010149	0.00757984722592	0.0270104806895	0.00120315887336	-0.0348614460787	0.0121835759091	0.0675770980337	-0.0211439704394	-0.00350485861406	0.0443264118129	0.00983634508016	-0.0324926614826	0.0318087059443	0.0094682633763	0.00787286550627
