#taxonomy	k__Bacteria;p__Bacteroidetes;c__Bacteroidia;o__Bacteroidales;f__Bacteroidaceae;g__Bacteroides;s__Bacteroides_vulgatus	k__Bacteria;p__Bacteroidetes;c__Bacteroidia;o__Bacteroidales;f__Bacteroidaceae;g__Bacteroides;s__Bacteroides_uniformis	k__Bacteria;p__Bacteroidetes;c__Bacteroidia;o__Bacteroidales;f__Rikenellaceae;g__Alistipes;s__Alistipes_putredinis	k__Bacteria;p__Bacteroidetes;c__Bacteroidia;o__Bacteroidales;f__Prevotellaceae;g__Prevotella;s__Prevotella_copri	k__Bacteria;p__Bacteroidetes;c__Bacteroidia;o__Bacteroidales;f__Bacteroidaceae;g__Bacteroides;s__Bacteroides_stercoris	k__Bacteria;p__Bacteroidetes;c__Bacteroidia;o__Bacteroidales;f__Bacteroidaceae;g__Bacteroides;s__Bacteroides_ovatus	k__Bacteria;p__Bacteroidetes;c__Bacteroidia;o__Bacteroidales;f__Rikenellaceae;g__Alistipes;s__Alistipes_shahii	k__Bacteria;p__Firmicutes;c__Clostridia;o__Clostridiales;f__Ruminococcaceae;g__Faecalibacterium;s__Faecalibacterium_prausnitzii	k__Bacteria;p__Bacteroidetes;c__Bacteroidia;o__Bacteroidales;f__Rikenellaceae;g__Alistipes;s__Alistipes_finegoldii	k__Bacteria;p__Bacteroidetes;c__Bacteroidia;o__Bacteroidales;f__Porphyromonadaceae;g__Parabacteroides;s__Parabacteroides_distasonis	k__Bacteria;p__Bacteroidetes;c__Bacteroidia;o__Bacteroidales;f__Bacteroidaceae;g__Bacteroides;s__Bacteroides_thetaiotaomicron	k__Bacteria;p__Bacteroidetes;c__Bacteroidia;o__Bacteroidales;f__Bacteroidaceae;g__Bacteroides;s__Bacteroides_coprocola	k__Bacteria;p__Bacteroidetes;c__Bacteroidia;o__Bacteroidales;f__Bacteroidaceae;g__Bacteroides;s__Bacteroides_cellulosilyticus	k__Bacteria;p__Bacteroidetes;c__Bacteroidia;o__Bacteroidales;f__Rikenellaceae;g__Alistipes;s__Alistipes_obesi	k__Bacteria;p__Firmicutes;c__Clostridia;o__Clostridiales;f__Lachnospiraceae;g__;s__[Eubacterium]_rectale	k__Bacteria;p__Bacteroidetes;c__Bacteroidia;o__Bacteroidales;f__Bacteroidaceae;g__Bacteroides;s__Bacteroides_plebeius	k__Bacteria;p__Bacteroidetes;c__Bacteroidia;o__Bacteroidales;f__Bacteroidaceae;g__Bacteroides;s__Bacteroides_fragilis	k__Bacteria;p__Proteobacteria;c__Betaproteobacteria;o__Burkholderiales;f__Sutterellaceae;g__Sutterella;s__Sutterella_wadsworthensis	k__Bacteria;p__Bacteroidetes;c__Bacteroidia;o__Bacteroidales;f__Porphyromonadaceae;g__Barnesiella;s__Barnesiella_intestinihominis	k__Bacteria;p__Bacteroidetes;c__Bacteroidia;o__Bacteroidales;f__Odoribacteraceae;g__Odoribacter;s__Odoribacter_splanchnicus	k__Bacteria;p__Bacteroidetes;c__Bacteroidia;o__Bacteroidales;f__Bacteroidaceae;g__Bacteroides;s__Bacteroides_salyersiae	k__Bacteria;p__Firmicutes;c__Clostridia;o__Clostridiales;f__Ruminococcaceae;g__Ruminiclostridium;s__[Eubacterium]_siraeum	k__Bacteria;p__Proteobacteria;c__Betaproteobacteria;o__Burkholderiales;f__Sutterellaceae;g__Parasutterella;s__Parasutterella_excrementihominis	k__Bacteria;p__Actinobacteria;c__Actinobacteria;o__Bifidobacteriales;f__Bifidobacteriaceae;g__Bifidobacterium;s__Bifidobacterium_adolescentis	k__Bacteria;p__Firmicutes;c__Clostridia;o__Clostridiales;f__Oscillospiraceae;g__Oscillibacter;s__Oscillibacter_sp._KLE_1745	k__Bacteria;p__Bacteroidetes;c__Bacteroidia;o__Bacteroidales;f__Bacteroidaceae;g__Bacteroides;s__Bacteroides_coprophilus	k__Bacteria;p__Firmicutes;c__Clostridia;o__Clostridiales;f__Lachnospiraceae;g__Roseburia;s__Roseburia_intestinalis	k__Bacteria;p__Firmicutes;c__Clostridia;o__Clostridiales;f__Lachnospiraceae;g__Roseburia;s__Roseburia_hominis	k__Bacteria;p__Bacteroidetes;c__Bacteroidia;o__Bacteroidales;f__Porphyromonadaceae;g__Parabacteroides;s__Parabacteroides_johnsonii	k__Bacteria;p__Actinobacteria;c__Actinobacteria;o__Bifidobacteriales;f__Bifidobacteriaceae;g__Bifidobacterium;s__Bifidobacterium_longum	k__Bacteria;p__Firmicutes;c__Clostridia;o__Clostridiales;f__;g__Flavonifractor;s__Flavonifractor_plautii	k__Bacteria;p__Firmicutes;c__Clostridia;o__Clostridiales;f__Clostridiaceae;g__Clostridium;s__Clostridium_phoceensis	k__Bacteria;p__Verrucomicrobia;c__Verrucomicrobiae;o__Verrucomicrobiales;f__Akkermansiaceae;g__Akkermansia;s__Akkermansia_muciniphila	k__Bacteria;p__Bacteroidetes;c__Bacteroidia;o__Bacteroidales;f__Prevotellaceae;g__Paraprevotella;s__Paraprevotella_xylaniphila	k__Bacteria;p__Firmicutes;c__Clostridia;o__Clostridiales;f__Ruminococcaceae;g__Ruminococcus;s__Ruminococcus_callidus	k__Bacteria;p__Bacteroidetes;c__Bacteroidia;o__Bacteroidales;f__Rikenellaceae;g__Alistipes;s__Alistipes_senegalensis	k__Bacteria;p__Firmicutes;c__Clostridia;o__Clostridiales;f__Lachnospiraceae;g__Blautia;s__Blautia_sp._KLE_1732	k__Bacteria;p__Bacteroidetes;c__Bacteroidia;o__Bacteroidales;f__Bacteroidaceae;g__Bacteroides;s__Bacteroides_oleiciplenus	k__Bacteria;p__Firmicutes;c__Clostridia;o__Clostridiales;f__Ruminococcaceae;g__Ruminococcus;s__Ruminococcus_bicirculans	k__Bacteria;p__Bacteroidetes;c__Bacteroidia;o__Bacteroidales;f__Bacteroidaceae;g__Bacteroides;s__Bacteroides_fluxus	k__Bacteria;p__Bacteroidetes;c__Bacteroidia;o__Bacteroidales;f__Prevotellaceae;g__Prevotella;s__Prevotella_stercorea	k__Bacteria;p__Firmicutes;c__Clostridia;o__Clostridiales;f__Lachnospiraceae;g__Dorea;s__Dorea_longicatena	k__Bacteria;p__Firmicutes;c__Clostridia;o__Clostridiales;f__Eubacteriaceae;g__Eubacterium;s__[Eubacterium]_eligens	k__Bacteria;p__Firmicutes;c__Clostridia;o__Clostridiales;f__Ruminococcaceae;g__;s__Ruminococcaceae_bacterium_D16	k__Bacteria;p__Firmicutes;c__Clostridia;o__Clostridiales;f__Lachnospiraceae;g__Coprococcus;s__Coprococcus_comes	k__Bacteria;p__Proteobacteria;c__Gammaproteobacteria;o__Enterobacterales;f__Enterobacteriaceae;g__Escherichia;s__Escherichia_coli	k__Bacteria;p__Firmicutes;c__Clostridia;o__Clostridiales;f__Ruminococcaceae;g__Anaerotruncus;s__Anaerotruncus_colihominis	k__Bacteria;p__Firmicutes;c__Clostridia;o__Clostridiales;f__Lachnospiraceae;g__Blautia;s__Blautia_obeum	k__Bacteria;p__Bacteroidetes;c__Bacteroidia;o__Bacteroidales;f__Odoribacteraceae;g__Odoribacter;s__Odoribacter_laneus	k__Bacteria;p__Firmicutes;c__Clostridia;o__Clostridiales;f__Ruminococcaceae;g__Ruminiclostridium;s__[Clostridium]_leptum	k__Bacteria;p__Bacteroidetes;c__Bacteroidia;o__Bacteroidales;f__Porphyromonadaceae;g__Parabacteroides;s__Parabacteroides_goldsteinii	k__Bacteria;p__Firmicutes;c__Clostridia;o__Clostridiales;f__Lachnospiraceae;g__Anaerostipes;s__Anaerostipes_hadrus	k__Bacteria;p__Firmicutes;c__Clostridia;o__Clostridiales;f__Ruminococcaceae;g__Ruminococcus;s__Ruminococcus_lactaris	k__Bacteria;p__Firmicutes;c__Clostridia;o__Clostridiales;f__Clostridiaceae;g__Clostridium;s__Clostridium_sp._L2-50	k__Bacteria;p__Firmicutes;c__Clostridia;o__Clostridiales;f__Clostridiaceae;g__Clostridium;s__Clostridium_sp._M62/1	k__Bacteria;p__Firmicutes;c__Clostridia;o__Clostridiales;f__;g__Intestinimonas;s__Intestinimonas_butyriciproducens	k__Bacteria;p__Actinobacteria;c__Actinobacteria;o__Bifidobacteriales;f__Bifidobacteriaceae;g__Bifidobacterium;s__Bifidobacterium_bifidum	k__Bacteria;p__Firmicutes;c__Negativicutes;o__Veillonellales;f__Veillonellaceae;g__Dialister;s__Dialister_invisus	k__Bacteria;p__Bacteroidetes;c__Bacteroidia;o__Bacteroidales;f__Bacteroidaceae;g__Bacteroides;s__Bacteroides_salanitronis
k__Bacteria;p__Bacteroidetes;c__Bacteroidia;o__Bacteroidales;f__Bacteroidaceae;g__Bacteroides;s__Bacteroides_vulgatus	1.0	0.0740141954099	-0.00213746127917	-0.0723148048904	0.00288416625832	-0.0159328051547	0.0371757362452	0.0559326975526	-0.0178946357427	-0.0025487874366	-0.0768104446624	-0.0205582310669	-0.0331011088889	0.0726975195611	0.0384219812969	0.0795876995887	-0.0690840595854	0.00308808601047	0.0413393521657	0.0545473903832	0.0119984666305	-0.00710482094872	0.0338939350924	0.00759459917392	0.0180294675091	-0.00639585148333	0.0197216215128	-0.0844617064668	0.0385597432088	-0.0516237069927	0.00106567289147	-0.000667876291758	-0.112501595446	0.0263698845298	0.0124192420732	0.0456923841373	-0.0976357769857	0.00278072931701	-0.0204272144138	0.0283005417484	-0.0115921226579	-0.0756743252217	0.0671305220502	0.0421462382923	-0.0465015567281	-0.0856878188449	-0.0241789208515	-0.0635485995874	0.0213681933313	-0.0573614815574	-0.0139106124343	0.070711649027	-0.0245751622055	-0.0255359650617	0.0407335466803	-0.0816294562336	0.0651674632228	0.0290958423703	-0.0181038858037
k__Bacteria;p__Bacteroidetes;c__Bacteroidia;o__Bacteroidales;f__Bacteroidaceae;g__Bacteroides;s__Bacteroides_uniformis	0.0740141954099	1.0	0.0897718904686	0.035220565726	0.0350762980486	0.0182294183599	-0.0308283609226	0.0309726083169	0.00233724729327	0.0654176601336	0.0278502064369	-0.0925134988522	0.00387495059074	0.0498536444533	-0.0534450006824	-0.0248369739053	-0.00869032235245	0.049474313879	-0.0185157685541	-0.0792075943889	-0.0521803107459	-0.0358622832477	-0.019919735943	-0.0246840529535	-0.00452475002939	-0.0631276000302	-0.00642522603856	0.00852145148617	0.0510306696348	-0.0206163166341	-0.0458317417297	-0.0383307530554	0.0333969667004	0.0690591067021	-0.0716637578924	0.0256499601967	-0.0200662188997	-0.0255542179231	0.00515697737752	-0.00762380328056	-0.0519537678409	-0.0871364287293	0.0162396994926	0.0431688055549	-0.0373707415704	-0.0205777651778	-0.061178663024	0.00329851208023	-0.0421479510066	0.0256641933603	0.0838843975195	0.0779835110116	-0.113794226346	-0.0495497620692	-0.00727541220792	-0.0425346230634	0.000966141617571	-0.0448238461111	0.0298755349053
k__Bacteria;p__Bacteroidetes;c__Bacteroidia;o__Bacteroidales;f__Rikenellaceae;g__Alistipes;s__Alistipes_putredinis	-0.00213746127917	0.0897718904686	1.0	-0.0157541572514	0.0122418191566	-0.0243812215509	-0.0682870074136	-0.0632553728386	0.0249739960686	-0.0929354891739	-0.0581918227477	-0.0609459903409	-0.0860931517189	-0.0689374750678	-0.03793461497	0.000462627589561	-0.0224080772856	-0.0153577144097	0.0259498842124	0.0354669456103	-0.0826216435024	-0.0773416201072	-0.0489052754254	0.000984898975121	-0.0415964479194	-0.037969674555	-0.0185817342274	-0.0102483231871	-0.00164514620825	-0.0852502000803	0.00793722251042	-0.027914824189	-0.0352804597888	0.0427507722858	-0.0342871576395	-0.0103664569949	-0.0111187996039	-0.0197685125934	-0.00304905219556	0.00103131374563	-0.0354132938749	0.0421637089462	0.113346065323	-0.0643156684172	0.0195514670469	-0.00681843582799	0.00953726160211	-0.0153873637963	-0.0531630666224	-0.0122959822076	0.00905181785661	-0.0277988712665	-0.0408473402826	-0.0200308889353	0.0140139625571	0.00707127103425	-0.00864037567821	-0.000618616598518	-0.0245753928386
k__Bacteria;p__Bacteroidetes;c__Bacteroidia;o__Bacteroidales;f__Prevotellaceae;g__Prevotella;s__Prevotella_copri	-0.0723148048904	0.035220565726	-0.0157541572514	1.0	-0.0263588777848	0.00313950773301	0.018594679788	-0.0276076555736	-0.0724012293157	-0.0322181459326	0.000715434634789	0.0384297350541	0.0287662740557	-0.00734041944301	-0.0302114265019	0.0321753498974	-0.018137765981	0.0360490671851	0.0638209417746	0.0399072812962	-0.0243006260471	0.0308535997322	0.0652121683007	0.00724991848314	-0.0476950125946	-0.0385416926287	0.0439135314707	-0.0767237986884	-0.0733595471269	-0.0518078395569	0.024608066444	0.0119943934593	-0.0201696131362	-0.0803786104707	-0.0445861330176	-0.00917958547943	0.0602200778997	-0.0256028508719	-0.0706961698785	-0.0121368105877	-0.0297711909264	0.0558521172878	0.0464034047164	-0.0556013930571	-0.0747325354793	-0.00436522126643	0.0587069975184	-0.0127960851453	-0.0291715726387	-0.0344236025312	0.0291373324392	-0.00559377036876	0.0398523425762	-0.030081123591	-0.00307586492826	-0.0304947734463	-0.00063500763338	-0.0255131025868	0.00331585522054
k__Bacteria;p__Bacteroidetes;c__Bacteroidia;o__Bacteroidales;f__Bacteroidaceae;g__Bacteroides;s__Bacteroides_stercoris	0.00288416625832	0.0350762980486	0.0122418191566	-0.0263588777848	1.0	0.0132375605903	0.027199633264	-0.00240370956631	0.0248742864619	-0.0315111583177	-0.0247163592452	-0.00106937169493	0.00609245191881	0.000255105078866	-0.0280240772171	-0.0826529402587	9.19157779734e-05	0.105361969268	-0.046314018316	0.0326106491726	-0.0167307842915	-0.0195117527961	-0.0404118914255	0.0061061141874	-0.0220181425271	-0.00764619061398	0.0333656257551	-0.0195919196357	-0.0191918185555	0.00840040828618	-0.0746339096536	0.0297460419675	-0.00976539289225	-0.0707714756493	0.0157553136508	-0.00223487584172	-0.0348551028348	-0.00753095382667	-0.0277383388237	-0.0390543594086	-0.0290411296693	-0.0561657576071	-0.0657092373131	-0.0771495303184	-0.0410154500443	0.0251930791551	0.0117336145842	-0.00977001462002	-0.0238583854628	0.0755450262153	0.0282638138347	-0.00369781266704	0.0301536843271	-0.0288767063687	-0.0375508798268	-0.0251970339415	0.0326891441743	-0.00116307171137	0.0472133173468
k__Bacteria;p__Bacteroidetes;c__Bacteroidia;o__Bacteroidales;f__Bacteroidaceae;g__Bacteroides;s__Bacteroides_ovatus	-0.0159328051547	0.0182294183599	-0.0243812215509	0.00313950773301	0.0132375605903	1.0	-0.0186934074608	-0.0413312075795	-0.0420959181061	-0.0424250683642	-0.0642718787636	-0.0396584629653	0.064550405961	0.0120626227681	-0.00550944929919	0.0288049568432	0.0432832623417	0.0618495719158	0.0276271592393	0.00553660781054	-0.0125779197585	-0.0342950591269	0.018973813434	0.0020513106722	-0.0179613851992	-0.0535226281992	0.0503407121633	-0.0247297193808	0.0061537017152	-0.0124002017795	0.0279260834374	0.0167406149172	0.0345847922401	0.0522575104485	-0.00571581551918	-0.0999968433141	0.0812337276742	-0.0516035448198	-0.0221032058401	0.0123957470537	0.0238956722961	0.0440100478905	0.0448736530615	-0.00580058545189	-0.083000861913	0.042152862946	-0.0379816421491	-0.0507615179902	-0.0496639243183	-0.0317463259234	-0.0098743325913	0.0411742874261	0.0532165066461	0.0303995887532	-0.0219155937201	0.0567173511913	0.0157958995347	-0.0374799920966	0.020053327546
k__Bacteria;p__Bacteroidetes;c__Bacteroidia;o__Bacteroidales;f__Rikenellaceae;g__Alistipes;s__Alistipes_shahii	0.0371757362452	-0.0308283609226	-0.0682870074136	0.018594679788	0.027199633264	-0.0186934074608	1.0	-0.0249159245858	0.046652710007	0.034156608891	-0.0639485954882	-0.0140928072768	-0.101080216822	-0.0233309550762	0.0138603287459	-0.0717836580108	-0.0417797362157	-0.0670933597714	0.00506349183624	0.00997155801658	-0.0255495255587	-0.0142442259021	-0.0287040759269	-0.00016243299656	-0.0354896231107	-0.0651139437441	-0.0723833805032	0.00839468132947	0.0828573814153	-0.0257724050991	0.0324763602404	0.0294880373258	0.0969662539921	-0.0390218435341	-0.000720929971579	0.0393548288582	-0.0325308142245	0.0242553990053	-0.000441475936646	-0.0140829181932	0.0164314243523	-0.0247625655461	-0.0523112604689	-0.0481935981344	0.0127878439044	-0.0429396290561	-0.00821141986866	-0.0435878965907	-0.0105405957919	0.0610156237505	-0.0236223591304	0.0584339513448	0.0602641372021	-0.0135574025549	0.0236240147142	0.0811506087156	-0.1076650702	0.00451530347521	0.0128773185174
k__Bacteria;p__Firmicutes;c__Clostridia;o__Clostridiales;f__Ruminococcaceae;g__Faecalibacterium;s__Faecalibacterium_prausnitzii	0.0559326975526	0.0309726083169	-0.0632553728386	-0.0276076555736	-0.00240370956631	-0.0413312075795	-0.0249159245858	1.0	-0.000638044492361	-0.0574185267303	0.0224986898476	-0.0932525254563	-0.140232497135	-0.0306678471694	0.0213278934734	-0.012193839806	0.0145221859375	0.0332763796432	-0.060541464368	-0.0401666158579	-0.0354234847771	-0.00301806927533	0.0312487181147	-0.0176416365563	0.0406568156403	0.0247798883141	0.0681833675883	0.014050140771	-0.0421655642069	-0.0681971046872	-0.0207418828895	-0.0444826595482	-0.0331046255358	0.0966111961694	0.00782278363541	0.0113178992858	-0.0202535997166	-0.0654169718245	0.0505468947391	-0.0595276697483	-0.0321598160971	-0.0694312575602	-0.0148727094386	0.0206621987095	-0.0448207506437	0.0634744167546	0.00887861598519	0.0133934084495	0.0917142479632	-0.00425026146016	0.00175422958404	-0.0204081236098	0.0136027853756	0.0932282869137	0.0132030237342	-0.0127571033826	-0.0537356022943	0.022826788974	0.0300330262454
k__Bacteria;p__Bacteroidetes;c__Bacteroidia;o__Bacteroidales;f__Rikenellaceae;g__Alistipes;s__Alistipes_finegoldii	-0.0178946357427	0.00233724729327	0.0249739960686	-0.0724012293157	0.0248742864619	-0.0420959181061	0.046652710007	-0.000638044492361	1.0	0.05744651249	-0.0435908470201	-0.0132962157983	0.00390584244883	-0.0241979651874	0.0371580901029	-0.0588260673837	-0.00486254421896	0.0124229900459	-0.00296516761826	-0.00503906868905	0.00518670693371	-0.00572085455779	-0.0138241410824	-0.0133056761171	-0.0467292867819	-0.0856183250222	0.0340826270014	-0.0778979061706	-0.0695067713006	0.0547768981165	0.00561218956728	0.0280467882493	-0.0465979409366	-0.00616461073515	0.0774169607715	0.00275373799863	0.0639601008599	-0.0316952427807	-0.00851702467402	-0.0225356726028	0.0355502834665	-0.0840187475584	-0.0207223267799	0.0302360973019	-0.00874093560618	0.0185803577551	-0.00109839191356	0.0640551771134	-0.069761660116	0.00587485135032	0.035831898335	-0.0130851866272	-0.0553856903995	-0.020958968687	0.00710276878549	0.0474964079787	-0.034374868796	-0.0334909334928	-0.00119161047639
k__Bacteria;p__Bacteroidetes;c__Bacteroidia;o__Bacteroidales;f__Porphyromonadaceae;g__Parabacteroides;s__Parabacteroides_distasonis	-0.0025487874366	0.0654176601336	-0.0929354891739	-0.0322181459326	-0.0315111583177	-0.0424250683642	0.034156608891	-0.0574185267303	0.05744651249	1.0	-0.0317046226317	0.0251963200353	-0.0374251199436	-0.054805669003	-0.116550935316	0.0917474974885	-0.0321863519554	0.0196656488293	0.00131299243032	-0.0164695777182	-0.0814941947816	-0.00858774013724	-0.0238240298037	-0.041268707278	0.017508088541	-0.0664288691847	0.0149037334786	-0.081269930881	0.0235233807245	0.0255540871935	-0.0796473718707	-0.0569025346621	0.00280111791912	-0.00703958778565	-0.0211351598594	-0.0340478559662	0.0134044550496	-0.0406696603629	-0.0199588989579	-0.0191663900776	0.0753954257363	0.0309386501357	-0.00899087921028	-0.0100921572018	-0.0157884593325	-0.0367791737148	-0.0238407835385	-0.00569018548308	-0.0748670624993	0.0282427888544	0.0173754080836	-0.0749376920914	-0.0155962895945	0.0631170823319	0.0579221276373	0.00776288318399	-0.0187470235705	-0.0561979934164	-0.105605686297
k__Bacteria;p__Bacteroidetes;c__Bacteroidia;o__Bacteroidales;f__Bacteroidaceae;g__Bacteroides;s__Bacteroides_thetaiotaomicron	-0.0768104446624	0.0278502064369	-0.0581918227477	0.000715434634789	-0.0247163592452	-0.0642718787636	-0.0639485954882	0.0224986898476	-0.0435908470201	-0.0317046226317	1.0	-0.00261938543398	0.0123430989462	-0.0326351594209	0.00204241432851	0.0257682084644	0.0139053149919	0.0927079548549	0.0420600656989	0.0130133636923	-0.00294325099655	-0.00176620323715	-0.00454698956633	-0.0080739763166	-0.0240444682535	-0.0488399513424	-0.02676355693	0.0229927403077	-0.000281065053099	0.025667929729	-0.0623458060577	-0.00177617911499	0.0308167008373	0.0246684203304	0.0711711621764	0.0419288939037	-0.0285765196904	0.0665478686042	-0.028853463464	-0.0577693115318	0.0231630597751	-0.0273688084231	0.00677379598484	0.0215338123816	-0.0136058802101	-0.0145483385174	-0.00320632709157	0.0061290025355	-0.0372850009873	-0.00867638650641	0.0638750555946	-0.00790697840073	-0.0810776334636	-0.014735076177	-0.0242448248023	-0.0475042351615	-0.00771481259563	-0.0721683790446	-0.0927887067969
k__Bacteria;p__Bacteroidetes;c__Bacteroidia;o__Bacteroidales;f__Bacteroidaceae;g__Bacteroides;s__Bacteroides_coprocola	-0.0205582310669	-0.0925134988522	-0.0609459903409	0.0384297350541	-0.00106937169493	-0.0396584629653	-0.0140928072768	-0.0932525254563	-0.0132962157983	0.0251963200353	-0.00261938543398	1.0	4.11850664548e-05	0.0135851762037	-0.0525782798146	0.0115008981981	0.0370037447873	-0.0649982010906	-0.00958181015969	0.0636960128239	0.0133989809801	0.0596163393346	0.00890083440531	0.00153319756836	-0.0178341252278	-0.0239822752381	-0.0370448709551	0.00222105490658	0.0285321225871	-0.000790375477634	-0.00310776645077	-0.0819180817892	0.0568179528695	-0.0183586404438	0.0452263246804	-0.0518403070687	0.0113949337617	-0.0210699315224	-0.021058113925	-0.0410762119251	0.0364235847266	0.00278422591327	-0.0689413644414	0.0127455777939	0.0658882711387	-0.0342667617621	-0.0668599729747	-0.127966274223	0.0181057499219	0.00625349914056	0.00910194797992	-0.0417321840411	0.0236880786349	-0.00311309691979	-0.0332119346588	-0.0560647592568	-0.0111628410445	-0.0537257404873	-0.0215265188054
k__Bacteria;p__Bacteroidetes;c__Bacteroidia;o__Bacteroidales;f__Bacteroidaceae;g__Bacteroides;s__Bacteroides_cellulosilyticus	-0.0331011088889	0.00387495059074	-0.0860931517189	0.0287662740557	0.00609245191881	0.064550405961	-0.101080216822	-0.140232497135	0.00390584244883	-0.0374251199436	0.0123430989462	4.11850664548e-05	1.0	0.0719682914807	-0.0184909527076	0.0230873399676	-0.0348314451953	0.00198609810795	-0.00466181920286	0.0193891211149	-0.00583955528485	-0.0209877586454	0.000836188498369	-0.0578792327638	-0.0954908813717	0.0204691268496	-0.0169734167566	-0.0254440186827	-0.0638649249063	0.0214727831767	-0.0400255232936	0.0225205155792	-0.00886633239255	-0.059355491717	0.0741602181025	-0.0389499332736	0.0288298629218	0.0123427024311	0.0498031645402	0.00732915463599	0.0105730051962	0.0092673456524	0.00421307929914	-0.0135127863164	0.0269722178212	0.0453282779027	-0.00478200825892	-0.00487223466438	-0.00880949696184	0.0181687289953	0.0359011866893	-0.0431143196529	-0.0537660581678	-0.000287497987348	-0.0291950598232	0.0309050728422	0.0352210306464	-0.0101974653715	0.0207394893434
k__Bacteria;p__Bacteroidetes;c__Bacteroidia;o__Bacteroidales;f__Rikenellaceae;g__Alistipes;s__Alistipes_obesi	0.0726975195611	0.0498536444533	-0.0689374750678	-0.00734041944301	0.000255105078866	0.0120626227681	-0.0233309550762	-0.0306678471694	-0.0241979651874	-0.054805669003	-0.0326351594209	0.0135851762037	0.0719682914807	1.0	0.038152283161	-0.0782212548911	-0.0245681509163	-0.039129476596	-0.0359790079929	-0.0346045047385	-0.00971795514622	-0.0316358494034	-0.108781213986	-0.0108023163421	-0.0550056415068	0.00259928294429	0.0361735982952	0.0392434146124	-0.0353839321764	-0.0606433252129	0.0398341385397	0.012609642222	-0.0468824987404	0.00460998664412	-0.0214719535889	-0.0460735226042	0.0348867374033	-0.112800358636	-0.0295849396641	0.00215455926851	-0.0325770161746	0.0277055107637	0.0485195768599	0.0293145856835	-0.0324982791776	-0.033440569539	-0.0489207532418	0.00967249046894	0.0596231754973	0.0595902113089	0.0114441588508	0.0769855575988	-0.0259587864161	-0.00441693739055	0.0250956742897	0.0409132836882	-0.00741013605405	0.0340993011374	0.00567456723814
k__Bacteria;p__Firmicutes;c__Clostridia;o__Clostridiales;f__Lachnospiraceae;g__;s__[Eubacterium]_rectale	0.0384219812969	-0.0534450006824	-0.03793461497	-0.0302114265019	-0.0280240772171	-0.00550944929919	0.0138603287459	0.0213278934734	0.0371580901029	-0.116550935316	0.00204241432851	-0.0525782798146	-0.0184909527076	0.038152283161	1.0	0.0516575774153	-0.0377527829418	0.0444820116124	0.0161564334617	0.01914689797	-0.0054742374992	-0.0363581151189	0.0147527183986	-0.0481786494066	0.012212949084	0.0486460070355	0.0398240402497	-0.0278429299827	0.00681083707116	-0.00981699530054	-0.00429212243582	-0.0146242217479	-0.0359186388991	-0.0170476975974	-0.00587889169897	0.0348347906424	-0.0511700553652	-0.0255079646048	0.0105447102374	-0.0187484453951	-0.0341676010523	0.0210051067189	-0.0502295960453	-0.0732432085972	-0.0505351263462	0.00830334723926	0.0345976246202	-0.0177954015837	-0.0584388678254	-0.0162329108499	0.0139768886423	-0.0149148697783	0.005385985356	-0.0376184615085	0.0533754625942	-0.0268512646126	-0.039165133514	-0.0363580207137	-0.0762547777658
k__Bacteria;p__Bacteroidetes;c__Bacteroidia;o__Bacteroidales;f__Bacteroidaceae;g__Bacteroides;s__Bacteroides_plebeius	0.0795876995887	-0.0248369739053	0.000462627589561	0.0321753498974	-0.0826529402587	0.0288049568432	-0.0717836580108	-0.012193839806	-0.0588260673837	0.0917474974885	0.0257682084644	0.0115008981981	0.0230873399676	-0.0782212548911	0.0516575774153	1.0	-0.0629479581979	-0.0392002597912	0.00394290583807	-0.0337513099688	0.0529545527382	-0.0149700342782	-0.0406201270905	-0.00552740009829	0.0334825799911	0.000892341036922	0.0237857991085	0.0185801221692	0.0130746497264	0.0334318388253	-0.0377238325212	0.0308255283847	0.0325349528223	0.0381222451222	0.0679117876513	-0.0519299620954	-0.0207349297781	-0.00686364943753	0.0424225081822	-0.00401179712364	-0.0531342614258	-0.00277492100565	-0.0925207662455	-0.0415220685288	0.0141360802539	-0.0484078039242	0.0324836916943	-0.0377324232182	-0.102462370586	-0.0832003344719	-0.00146724786201	0.0309619773074	0.0374580891113	0.0625483061299	0.0135821708364	-0.0544187604378	-0.0306481307718	-0.0436696077631	-0.0227940538036
k__Bacteria;p__Bacteroidetes;c__Bacteroidia;o__Bacteroidales;f__Bacteroidaceae;g__Bacteroides;s__Bacteroides_fragilis	-0.0690840595854	-0.00869032235245	-0.0224080772856	-0.018137765981	9.19157779734e-05	0.0432832623417	-0.0417797362157	0.0145221859375	-0.00486254421896	-0.0321863519554	0.0139053149919	0.0370037447873	-0.0348314451953	-0.0245681509163	-0.0377527829418	-0.0629479581979	1.0	-0.00269276388348	-0.107918675038	-0.041972705882	-0.0709912920152	0.0270695722383	-0.0311539025372	0.0221508251126	0.038826099802	-0.00897162196508	0.00219783113919	-0.0404223293725	0.0476658967288	0.0268827003797	-0.0551096377729	0.0185573953232	-0.0341756841558	0.0531603553849	-0.0452377215698	-0.0451304954182	0.00229684628087	-0.0182723081249	-0.0324890440959	-0.034873224032	-0.00604281093891	0.00738924614339	0.0401820405187	0.0159837323493	-0.00676433703321	-0.0203788463642	0.0643126050009	0.0554348056588	0.0256719363876	0.0207501452043	-0.0818025314079	-0.0150480194794	-0.0495816561665	0.0407749523238	-0.00802655182738	0.0264963986597	-0.027559488022	0.0086960065007	-0.0203137602817
k__Bacteria;p__Proteobacteria;c__Betaproteobacteria;o__Burkholderiales;f__Sutterellaceae;g__Sutterella;s__Sutterella_wadsworthensis	0.00308808601047	0.049474313879	-0.0153577144097	0.0360490671851	0.105361969268	0.0618495719158	-0.0670933597714	0.0332763796432	0.0124229900459	0.0196656488293	0.0927079548549	-0.0649982010906	0.00198609810795	-0.039129476596	0.0444820116124	-0.0392002597912	-0.00269276388348	1.0	-0.0112016500364	-0.0372892961867	0.0768455286692	-0.0101857875316	-0.00132935484351	-0.00757379981809	-0.0275037900532	0.0284728075584	0.0367237050145	-0.0474872598567	0.0136883761244	-0.0364787714235	-0.0829089851714	-0.0150296760983	-0.0295959123983	-0.0314232051019	-0.0377464905923	-0.0268173167917	0.0189215279541	0.0119869485754	0.0244485251842	0.00365838457081	-0.0038176398456	0.010819748194	0.0583880245427	-0.00432029849568	-0.0595398168696	-0.0534711464449	-0.0278116197439	-0.0465624518	-0.0369691961014	-0.0125737448087	-0.0929161931714	-0.0204261706589	-0.085249550706	0.0231678268992	0.0564001104008	-0.0590404792689	0.00604164803156	-0.012412958797	-0.125445628688
k__Bacteria;p__Bacteroidetes;c__Bacteroidia;o__Bacteroidales;f__Porphyromonadaceae;g__Barnesiella;s__Barnesiella_intestinihominis	0.0413393521657	-0.0185157685541	0.0259498842124	0.0638209417746	-0.046314018316	0.0276271592393	0.00506349183624	-0.060541464368	-0.00296516761826	0.00131299243032	0.0420600656989	-0.00958181015969	-0.00466181920286	-0.0359790079929	0.0161564334617	0.00394290583807	-0.107918675038	-0.0112016500364	1.0	-0.0105631491601	0.0205113525412	-0.00923571387652	-0.0564823327781	0.0086430131085	-0.00892739639215	-0.00226282150776	-0.0098100449224	-0.0827331636395	-0.0214962872128	-0.00670062252219	-0.0470320520406	-0.00797284370648	0.0439694900891	-0.0580588713827	-0.0806763146516	-0.0154177118801	-0.0203082491829	-0.0145473585381	-0.00800776961847	-0.0153258278419	-0.0505413024239	-0.0110075473775	-0.0258959947169	0.00660450416885	-0.0257545132059	0.0119801342817	-0.00513308710134	-0.0419527880368	-0.0809824314254	0.0128531857024	0.0380028947216	0.0483492730138	0.00290156935672	-0.0231217698044	0.0601034810145	0.0143194122993	0.0122762416419	-0.00153839350952	-0.0693509542456
k__Bacteria;p__Bacteroidetes;c__Bacteroidia;o__Bacteroidales;f__Odoribacteraceae;g__Odoribacter;s__Odoribacter_splanchnicus	0.0545473903832	-0.0792075943889	0.0354669456103	0.0399072812962	0.0326106491726	0.00553660781054	0.00997155801658	-0.0401666158579	-0.00503906868905	-0.0164695777182	0.0130133636923	0.0636960128239	0.0193891211149	-0.0346045047385	0.01914689797	-0.0337513099688	-0.041972705882	-0.0372892961867	-0.0105631491601	1.0	-0.014644843329	0.0119529348725	-0.061037322445	-0.0511292901993	0.00165657113996	-0.0553498496135	-0.0340675790746	-0.0303331055179	0.00128535245649	0.00386329271639	-0.0395528602497	-0.0328831107607	0.0431270391205	-0.00013318278932	-0.0307190586303	-0.0551467224929	0.0236022235127	-0.0197653801345	-0.0372585383502	-0.0137588584802	-0.00432213537519	-0.0227425549069	0.00567723827479	-0.04612811082	-0.0129305710469	-0.0472718415609	-0.0140463515975	0.00887017654283	-0.047017363831	-0.0216179134533	0.0873714523837	0.00908769760229	0.0401199825175	-0.027718931527	-0.0281103426017	-0.00413585556642	-0.0280164985077	-0.0379829778623	0.02038195445
k__Bacteria;p__Bacteroidetes;c__Bacteroidia;o__Bacteroidales;f__Bacteroidaceae;g__Bacteroides;s__Bacteroides_salyersiae	0.0119984666305	-0.0521803107459	-0.0826216435024	-0.0243006260471	-0.0167307842915	-0.0125779197585	-0.0255495255587	-0.0354234847771	0.00518670693371	-0.0814941947816	-0.00294325099655	0.0133989809801	-0.00583955528485	-0.00971795514622	-0.0054742374992	0.0529545527382	-0.0709912920152	0.0768455286692	0.0205113525412	-0.014644843329	1.0	-0.0589385450194	0.0498687040338	-0.0052627122538	-0.0206001773178	-0.013216542434	0.00313884698582	-0.0110812719218	-0.0144178355508	0.0169462966739	0.00315246182333	0.051869183675	0.00283985440574	0.0530256695777	-0.0613475079282	-0.0459485542693	0.0619482063987	-0.00679918073065	-0.0412356203409	-0.00773354294701	0.015092422424	-0.0666452515523	-0.0306385019488	-0.0120948829446	-0.000425755007073	0.00222780579411	-0.0466175296528	-0.00600030923725	0.0305157554348	0.0303451259315	-0.0121511271389	-0.00887249376587	-0.0159372538954	-0.0455018875467	0.00924692620317	-0.0145527549582	-0.0306936852071	-0.0375792241934	-0.0299691617286
k__Bacteria;p__Firmicutes;c__Clostridia;o__Clostridiales;f__Ruminococcaceae;g__Ruminiclostridium;s__[Eubacterium]_siraeum	-0.00710482094872	-0.0358622832477	-0.0773416201072	0.0308535997322	-0.0195117527961	-0.0342950591269	-0.0142442259021	-0.00301806927533	-0.00572085455779	-0.00858774013724	-0.00176620323715	0.0596163393346	-0.0209877586454	-0.0316358494034	-0.0363581151189	-0.0149700342782	0.0270695722383	-0.0101857875316	-0.00923571387652	0.0119529348725	-0.0589385450194	1.0	-0.0611550927671	-0.0426264663525	0.0111706267843	-0.0205743566146	-0.0516208772957	-0.0493087340306	0.010370584078	-0.00934919990864	-0.0761431992063	-0.0286112812232	0.0555110891872	0.00277176972415	-0.0173493070998	-0.0489130855471	-0.0200645900279	-0.0229020204573	0.040963199306	-0.015959723686	-0.0162505183597	0.0900763463605	0.0159283895934	0.040538473955	0.0432846449202	-0.00206026640441	-0.0993376539964	0.0141199631611	-0.0479093614868	-0.0345183907148	0.0352444128739	-0.0439285968326	0.0296544321873	-0.0058893207608	0.034207414979	-0.00285522564135	-0.00556191749655	-0.0579458103092	-0.0499000355104
k__Bacteria;p__Proteobacteria;c__Betaproteobacteria;o__Burkholderiales;f__Sutterellaceae;g__Parasutterella;s__Parasutterella_excrementihominis	0.0338939350924	-0.019919735943	-0.0489052754254	0.0652121683007	-0.0404118914255	0.018973813434	-0.0287040759269	0.0312487181147	-0.0138241410824	-0.0238240298037	-0.00454698956633	0.00890083440531	0.000836188498369	-0.108781213986	0.0147527183986	-0.0406201270905	-0.0311539025372	-0.00132935484351	-0.0564823327781	-0.061037322445	0.0498687040338	-0.0611550927671	1.0	-0.0742757605606	-0.0291694713462	0.0342805795765	0.00398292087032	-0.0290266568055	-0.0661565208324	-0.0464696969884	-0.0268812161419	0.0765469059402	0.021605877391	0.0425289676899	0.0053815257175	0.0382989980658	-0.0541038160209	0.0783154453255	0.00875326213308	0.0280846880972	-0.00811918465296	-0.052247072928	0.0116213622315	0.056483263134	0.0224497327126	-0.0578842224808	-0.0433194726999	-0.019234958434	0.0273695702327	-0.0550179175223	-0.00542326991378	-0.01729088074	-0.0601342945478	0.0341656988174	-0.0796955580438	-0.0632705021343	0.061020799606	-0.0415602599103	0.0424438511775
k__Bacteria;p__Actinobacteria;c__Actinobacteria;o__Bifidobacteriales;f__Bifidobacteriaceae;g__Bifidobacterium;s__Bifidobacterium_adolescentis	0.00759459917392	-0.0246840529535	0.000984898975121	0.00724991848314	0.0061061141874	0.0020513106722	-0.00016243299656	-0.0176416365563	-0.0133056761171	-0.041268707278	-0.0080739763166	0.00153319756836	-0.0578792327638	-0.0108023163421	-0.0481786494066	-0.00552740009829	0.0221508251126	-0.00757379981809	0.0086430131085	-0.0511292901993	-0.0052627122538	-0.0426264663525	-0.0742757605606	1.0	-0.033489682915	0.0121422402517	-0.0296126470497	0.003442777881	0.012230937664	-0.0422773977248	0.0582336717205	0.0602646888529	-0.0585212997237	-0.0182182356126	-0.0559063578093	-0.0377789144481	-0.00843321207022	0.0391268730008	-0.0685433271336	0.00647595597346	-0.017079614591	0.0265896765911	-0.0291917350874	-0.0494653068291	-0.0543170271546	-0.0255100306709	0.0288810882557	-0.0127776850761	-0.03213779227	0.0149785072355	-0.0566590826776	-0.00339112998812	0.00419604454409	0.0422117628302	-0.0410257622491	-0.0138178735159	-0.0379112878172	-0.0814075879626	-0.061051057678
k__Bacteria;p__Firmicutes;c__Clostridia;o__Clostridiales;f__Oscillospiraceae;g__Oscillibacter;s__Oscillibacter_sp._KLE_1745	0.0180294675091	-0.00452475002939	-0.0415964479194	-0.0476950125946	-0.0220181425271	-0.0179613851992	-0.0354896231107	0.0406568156403	-0.0467292867819	0.017508088541	-0.0240444682535	-0.0178341252278	-0.0954908813717	-0.0550056415068	0.012212949084	0.0334825799911	0.038826099802	-0.0275037900532	-0.00892739639215	0.00165657113996	-0.0206001773178	0.0111706267843	-0.0291694713462	-0.033489682915	1.0	0.029158292824	0.0193571667663	-0.0476932043564	-0.066324706558	0.03327653853	-0.0489298932088	-0.0471287485739	-0.03069476772	-0.0213179268435	0.0146549348169	-0.0132354928391	-0.0493085405586	0.00375141781073	0.0201843968095	0.045746796303	-0.0837195075568	-0.00206021640091	-0.0563288875433	-0.0113768635737	0.0202812735042	-0.0211497017544	-0.0238346928748	0.0112413831282	-0.0208414560586	-0.00768300567218	0.0071075437979	-0.062370364686	-0.0229351881844	-0.0716580306186	0.0220342112488	-0.0135136357941	-0.0992498583788	-0.00233232339464	0.0511457337475
k__Bacteria;p__Bacteroidetes;c__Bacteroidia;o__Bacteroidales;f__Bacteroidaceae;g__Bacteroides;s__Bacteroides_coprophilus	-0.00639585148333	-0.0631276000302	-0.037969674555	-0.0385416926287	-0.00764619061398	-0.0535226281992	-0.0651139437441	0.0247798883141	-0.0856183250222	-0.0664288691847	-0.0488399513424	-0.0239822752381	0.0204691268496	0.00259928294429	0.0486460070355	0.000892341036922	-0.00897162196508	0.0284728075584	-0.00226282150776	-0.0553498496135	-0.013216542434	-0.0205743566146	0.0342805795765	0.0121422402517	0.029158292824	1.0	-0.0309109606987	-0.0371330093117	-0.0144793724446	-0.022062065306	0.0339599438712	0.0130182564944	0.0217398072488	-0.109895060111	-0.00438645672533	-0.0438671223839	-0.0289474316234	0.00613367258185	0.0237555189239	0.0242687068463	-0.0505425130175	0.0259584768665	0.0216868065598	-0.0355887004122	-0.00685242680328	-0.0557975046183	0.0242830167543	0.00884654077328	0.0618578495999	-0.0277858781268	-0.0476836901672	-0.0545820521815	0.0689411536231	0.00692392095849	-0.0311914205302	-0.0202583019653	0.00646080835916	-0.0621763647889	-0.0127554283171
k__Bacteria;p__Firmicutes;c__Clostridia;o__Clostridiales;f__Lachnospiraceae;g__Roseburia;s__Roseburia_intestinalis	0.0197216215128	-0.00642522603856	-0.0185817342274	0.0439135314707	0.0333656257551	0.0503407121633	-0.0723833805032	0.0681833675883	0.0340826270014	0.0149037334786	-0.02676355693	-0.0370448709551	-0.0169734167566	0.0361735982952	0.0398240402497	0.0237857991085	0.00219783113919	0.0367237050145	-0.0098100449224	-0.0340675790746	0.00313884698582	-0.0516208772957	0.00398292087032	-0.0296126470497	0.0193571667663	-0.0309109606987	1.0	-0.0230962922752	0.0166846065311	0.0412631622037	-0.00481659530851	0.0438573422544	-0.025328422793	-0.0439329998842	0.0180240558585	0.0185809230984	0.0106983451904	-0.12402962369	0.0129825936573	0.0512446622191	-0.0176654669589	-0.00304273390629	-0.0172053285946	0.01438307347	-0.0442366868195	0.00697090409197	0.0268082889576	-0.0447086922589	0.0544462828347	-0.0175502409773	-0.0713780348053	-0.0031790074481	-0.0648972649736	-0.0609011978417	-0.00831476974062	-0.0678032342661	-0.0894168900667	-0.00720743591914	-0.0665424026234
k__Bacteria;p__Firmicutes;c__Clostridia;o__Clostridiales;f__Lachnospiraceae;g__Roseburia;s__Roseburia_hominis	-0.0844617064668	0.00852145148617	-0.0102483231871	-0.0767237986884	-0.0195919196357	-0.0247297193808	0.00839468132947	0.014050140771	-0.0778979061706	-0.081269930881	0.0229927403077	0.00222105490658	-0.0254440186827	0.0392434146124	-0.0278429299827	0.0185801221692	-0.0404223293725	-0.0474872598567	-0.0827331636395	-0.0303331055179	-0.0110812719218	-0.0493087340306	-0.0290266568055	0.003442777881	-0.0476932043564	-0.0371330093117	-0.0230962922752	1.0	0.0207865231923	-0.0120953050689	0.0284082222832	0.0656980662319	0.03851742305	-0.00139714748351	0.0383244045466	-0.041352608643	0.00966781658587	-0.0641850873436	-0.0444185325511	-0.0491609127829	-0.0770093575825	0.0139191134302	0.00653962321542	0.0709636593496	-0.0758647711391	0.0368883843547	-0.00407184875916	-0.0397365417343	-0.0116269394203	-0.0251972570189	0.00167331800899	0.053577144421	-0.0203612590303	-0.0203379401349	-0.0394449252158	0.024838856389	-0.0246272493061	-0.0180069350965	-2.33646673426e-05
k__Bacteria;p__Bacteroidetes;c__Bacteroidia;o__Bacteroidales;f__Porphyromonadaceae;g__Parabacteroides;s__Parabacteroides_johnsonii	0.0385597432088	0.0510306696348	-0.00164514620825	-0.0733595471269	-0.0191918185555	0.0061537017152	0.0828573814153	-0.0421655642069	-0.0695067713006	0.0235233807245	-0.000281065053099	0.0285321225871	-0.0638649249063	-0.0353839321764	0.00681083707116	0.0130746497264	0.0476658967288	0.0136883761244	-0.0214962872128	0.00128535245649	-0.0144178355508	0.010370584078	-0.0661565208324	0.012230937664	-0.066324706558	-0.0144793724446	0.0166846065311	0.0207865231923	1.0	0.00419276205138	-0.0614736596029	-0.0505779744093	-0.0753751642221	-0.0334461777465	-0.0496634604957	-0.00956392752032	-0.00662855132922	0.0123692388783	-0.0210929503951	-0.0527738708633	-0.0381751837212	-0.0760110108625	0.0282944399587	0.000111468062231	-0.0301811549433	-0.0981493077747	0.0128156813549	0.0186568782626	-0.0445040300114	0.100251836316	0.051771601139	-0.0718026572179	-0.0326386689528	0.0580666716192	0.02009569065	0.00248691281203	-0.0381605970227	-0.0366505877147	-0.0661965442936
k__Bacteria;p__Actinobacteria;c__Actinobacteria;o__Bifidobacteriales;f__Bifidobacteriaceae;g__Bifidobacterium;s__Bifidobacterium_longum	-0.0516237069927	-0.0206163166341	-0.0852502000803	-0.0518078395569	0.00840040828618	-0.0124002017795	-0.0257724050991	-0.0681971046872	0.0547768981165	0.0255540871935	0.025667929729	-0.000790375477634	0.0214727831767	-0.0606433252129	-0.00981699530054	0.0334318388253	0.0268827003797	-0.0364787714235	-0.00670062252219	0.00386329271639	0.0169462966739	-0.00934919990864	-0.0464696969884	-0.0422773977248	0.03327653853	-0.022062065306	0.0412631622037	-0.0120953050689	0.00419276205138	1.0	-0.0163726209254	0.0341811369531	0.0192722242244	-0.081499560188	0.0222000044626	-0.0136849303152	-0.00170727283265	-0.0793916768935	-0.00181509162349	-0.0116621895668	-0.100060942402	-0.0441058026847	-0.0123208306555	0.0511281858185	-0.00693206233632	0.0174232171861	-0.0844508044572	-0.00500461229763	0.0111589633397	0.00935260599833	0.0263851179402	-0.035888729533	0.00244584668534	0.0219035603816	-0.135718535397	0.00466591462027	-0.000717398003093	0.0150830994569	-0.0137982187246
