#taxonomy	k__Bacteria;p__Bacteroidetes;c__Bacteroidia;o__Bacteroidales;f__Bacteroidaceae;g__Bacteroides;s__Bacteroides_vulgatus	k__Bacteria;p__Bacteroidetes;c__Bacteroidia;o__Bacteroidales;f__Bacteroidaceae;g__Bacteroides;s__Bacteroides_uniformis	k__Bacteria;p__Bacteroidetes;c__Bacteroidia;o__Bacteroidales;f__Rikenellaceae;g__Alistipes;s__Alistipes_putredinis	k__Bacteria;p__Bacteroidetes;c__Bacteroidia;o__Bacteroidales;f__Prevotellaceae;g__Prevotella;s__Prevotella_copri	k__Bacteria;p__Bacteroidetes;c__Bacteroidia;o__Bacteroidales;f__Bacteroidaceae;g__Bacteroides;s__Bacteroides_stercoris	k__Bacteria;p__Bacteroidetes;c__Bacteroidia;o__Bacteroidales;f__Bacteroidaceae;g__Bacteroides;s__Bacteroides_ovatus	k__Bacteria;p__Bacteroidetes;c__Bacteroidia;o__Bacteroidales;f__Rikenellaceae;g__Alistipes;s__Alistipes_shahii	k__Bacteria;p__Firmicutes;c__Clostridia;o__Clostridiales;f__Ruminococcaceae;g__Faecalibacterium;s__Faecalibacterium_prausnitzii	k__Bacteria;p__Bacteroidetes;c__Bacteroidia;o__Bacteroidales;f__Rikenellaceae;g__Alistipes;s__Alistipes_finegoldii	k__Bacteria;p__Bacteroidetes;c__Bacteroidia;o__Bacteroidales;f__Porphyromonadaceae;g__Parabacteroides;s__Parabacteroides_distasonis	k__Bacteria;p__Bacteroidetes;c__Bacteroidia;o__Bacteroidales;f__Bacteroidaceae;g__Bacteroides;s__Bacteroides_thetaiotaomicron	k__Bacteria;p__Bacteroidetes;c__Bacteroidia;o__Bacteroidales;f__Bacteroidaceae;g__Bacteroides;s__Bacteroides_coprocola	k__Bacteria;p__Bacteroidetes;c__Bacteroidia;o__Bacteroidales;f__Bacteroidaceae;g__Bacteroides;s__Bacteroides_cellulosilyticus	k__Bacteria;p__Bacteroidetes;c__Bacteroidia;o__Bacteroidales;f__Rikenellaceae;g__Alistipes;s__Alistipes_obesi	k__Bacteria;p__Firmicutes;c__Clostridia;o__Clostridiales;f__Lachnospiraceae;g__;s__[Eubacterium]_rectale	k__Bacteria;p__Bacteroidetes;c__Bacteroidia;o__Bacteroidales;f__Bacteroidaceae;g__Bacteroides;s__Bacteroides_plebeius	k__Bacteria;p__Bacteroidetes;c__Bacteroidia;o__Bacteroidales;f__Bacteroidaceae;g__Bacteroides;s__Bacteroides_fragilis	k__Bacteria;p__Proteobacteria;c__Betaproteobacteria;o__Burkholderiales;f__Sutterellaceae;g__Sutterella;s__Sutterella_wadsworthensis	k__Bacteria;p__Bacteroidetes;c__Bacteroidia;o__Bacteroidales;f__Porphyromonadaceae;g__Barnesiella;s__Barnesiella_intestinihominis	k__Bacteria;p__Bacteroidetes;c__Bacteroidia;o__Bacteroidales;f__Odoribacteraceae;g__Odoribacter;s__Odoribacter_splanchnicus	k__Bacteria;p__Bacteroidetes;c__Bacteroidia;o__Bacteroidales;f__Bacteroidaceae;g__Bacteroides;s__Bacteroides_salyersiae	k__Bacteria;p__Firmicutes;c__Clostridia;o__Clostridiales;f__Ruminococcaceae;g__Ruminiclostridium;s__[Eubacterium]_siraeum	k__Bacteria;p__Proteobacteria;c__Betaproteobacteria;o__Burkholderiales;f__Sutterellaceae;g__Parasutterella;s__Parasutterella_excrementihominis	k__Bacteria;p__Actinobacteria;c__Actinobacteria;o__Bifidobacteriales;f__Bifidobacteriaceae;g__Bifidobacterium;s__Bifidobacterium_adolescentis	k__Bacteria;p__Firmicutes;c__Clostridia;o__Clostridiales;f__Oscillospiraceae;g__Oscillibacter;s__Oscillibacter_sp._KLE_1745	k__Bacteria;p__Bacteroidetes;c__Bacteroidia;o__Bacteroidales;f__Bacteroidaceae;g__Bacteroides;s__Bacteroides_coprophilus	k__Bacteria;p__Firmicutes;c__Clostridia;o__Clostridiales;f__Lachnospiraceae;g__Roseburia;s__Roseburia_intestinalis	k__Bacteria;p__Firmicutes;c__Clostridia;o__Clostridiales;f__Lachnospiraceae;g__Roseburia;s__Roseburia_hominis	k__Bacteria;p__Bacteroidetes;c__Bacteroidia;o__Bacteroidales;f__Porphyromonadaceae;g__Parabacteroides;s__Parabacteroides_johnsonii	k__Bacteria;p__Actinobacteria;c__Actinobacteria;o__Bifidobacteriales;f__Bifidobacteriaceae;g__Bifidobacterium;s__Bifidobacterium_longum	k__Bacteria;p__Firmicutes;c__Clostridia;o__Clostridiales;f__;g__Flavonifractor;s__Flavonifractor_plautii	k__Bacteria;p__Firmicutes;c__Clostridia;o__Clostridiales;f__Clostridiaceae;g__Clostridium;s__Clostridium_phoceensis	k__Bacteria;p__Verrucomicrobia;c__Verrucomicrobiae;o__Verrucomicrobiales;f__Akkermansiaceae;g__Akkermansia;s__Akkermansia_muciniphila	k__Bacteria;p__Bacteroidetes;c__Bacteroidia;o__Bacteroidales;f__Prevotellaceae;g__Paraprevotella;s__Paraprevotella_xylaniphila	k__Bacteria;p__Firmicutes;c__Clostridia;o__Clostridiales;f__Ruminococcaceae;g__Ruminococcus;s__Ruminococcus_callidus	k__Bacteria;p__Bacteroidetes;c__Bacteroidia;o__Bacteroidales;f__Rikenellaceae;g__Alistipes;s__Alistipes_senegalensis	k__Bacteria;p__Firmicutes;c__Clostridia;o__Clostridiales;f__Lachnospiraceae;g__Blautia;s__Blautia_sp._KLE_1732	k__Bacteria;p__Bacteroidetes;c__Bacteroidia;o__Bacteroidales;f__Bacteroidaceae;g__Bacteroides;s__Bacteroides_oleiciplenus	k__Bacteria;p__Firmicutes;c__Clostridia;o__Clostridiales;f__Ruminococcaceae;g__Ruminococcus;s__Ruminococcus_bicirculans	k__Bacteria;p__Bacteroidetes;c__Bacteroidia;o__Bacteroidales;f__Bacteroidaceae;g__Bacteroides;s__Bacteroides_fluxus	k__Bacteria;p__Bacteroidetes;c__Bacteroidia;o__Bacteroidales;f__Prevotellaceae;g__Prevotella;s__Prevotella_stercorea	k__Bacteria;p__Firmicutes;c__Clostridia;o__Clostridiales;f__Lachnospiraceae;g__Dorea;s__Dorea_longicatena	k__Bacteria;p__Firmicutes;c__Clostridia;o__Clostridiales;f__Eubacteriaceae;g__Eubacterium;s__[Eubacterium]_eligens	k__Bacteria;p__Firmicutes;c__Clostridia;o__Clostridiales;f__Ruminococcaceae;g__;s__Ruminococcaceae_bacterium_D16	k__Bacteria;p__Firmicutes;c__Clostridia;o__Clostridiales;f__Lachnospiraceae;g__Coprococcus;s__Coprococcus_comes	k__Bacteria;p__Proteobacteria;c__Gammaproteobacteria;o__Enterobacterales;f__Enterobacteriaceae;g__Escherichia;s__Escherichia_coli	k__Bacteria;p__Firmicutes;c__Clostridia;o__Clostridiales;f__Ruminococcaceae;g__Anaerotruncus;s__Anaerotruncus_colihominis	k__Bacteria;p__Firmicutes;c__Clostridia;o__Clostridiales;f__Lachnospiraceae;g__Blautia;s__Blautia_obeum	k__Bacteria;p__Bacteroidetes;c__Bacteroidia;o__Bacteroidales;f__Odoribacteraceae;g__Odoribacter;s__Odoribacter_laneus	k__Bacteria;p__Firmicutes;c__Clostridia;o__Clostridiales;f__Ruminococcaceae;g__Ruminiclostridium;s__[Clostridium]_leptum	k__Bacteria;p__Bacteroidetes;c__Bacteroidia;o__Bacteroidales;f__Porphyromonadaceae;g__Parabacteroides;s__Parabacteroides_goldsteinii	k__Bacteria;p__Firmicutes;c__Clostridia;o__Clostridiales;f__Lachnospiraceae;g__Anaerostipes;s__Anaerostipes_hadrus	k__Bacteria;p__Firmicutes;c__Clostridia;o__Clostridiales;f__Ruminococcaceae;g__Ruminococcus;s__Ruminococcus_lactaris	k__Bacteria;p__Firmicutes;c__Clostridia;o__Clostridiales;f__Clostridiaceae;g__Clostridium;s__Clostridium_sp._L2-50	k__Bacteria;p__Firmicutes;c__Clostridia;o__Clostridiales;f__Clostridiaceae;g__Clostridium;s__Clostridium_sp._M62/1	k__Bacteria;p__Firmicutes;c__Clostridia;o__Clostridiales;f__;g__Intestinimonas;s__Intestinimonas_butyriciproducens	k__Bacteria;p__Actinobacteria;c__Actinobacteria;o__Bifidobacteriales;f__Bifidobacteriaceae;g__Bifidobacterium;s__Bifidobacterium_bifidum	k__Bacteria;p__Firmicutes;c__Negativicutes;o__Veillonellales;f__Veillonellaceae;g__Dialister;s__Dialister_invisus	k__Bacteria;p__Bacteroidetes;c__Bacteroidia;o__Bacteroidales;f__Bacteroidaceae;g__Bacteroides;s__Bacteroides_salanitronis
k__Bacteria;p__Bacteroidetes;c__Bacteroidia;o__Bacteroidales;f__Bacteroidaceae;g__Bacteroides;s__Bacteroides_vulgatus	1.0	0.0705485603457	0.0655863326129	0.00827188167516	0.0290586987782	-0.0238236938324	-0.0365289368226	0.0226576659193	-0.0455483784247	-0.038022187815	-0.0308294499795	-0.106056688369	0.0104065531281	-0.0373642580696	0.0315346415979	0.0331541882807	0.00731612753694	-0.00181678914086	-0.0347263726585	-0.0015810380296	-0.0340601930857	0.0530939727627	0.0296599952559	0.012374313562	0.0342361030693	0.0166076723787	-0.0253767945173	-0.0976529968873	0.0674091212385	0.0283077092532	-0.028872742982	-0.0271098176709	-0.0261433647673	0.0336330568291	0.0221712262067	-0.0297636756029	-0.100277977991	-0.000151263760564	-0.0119132940674	0.0182108859732	0.0279511491693	-0.0524319832851	-0.0148991159073	-0.00426534314209	0.0311068792934	0.0159176305498	0.0750339923256	0.0543128604604	-0.0104904365487	-0.00839285841979	-0.0282258582919	-0.0118101220566	0.11975411662	-0.0724835731284	0.0184787806763	0.0892221898151	0.0301320114695	-0.0766841524685	0.0292991698163
k__Bacteria;p__Bacteroidetes;c__Bacteroidia;o__Bacteroidales;f__Bacteroidaceae;g__Bacteroides;s__Bacteroides_uniformis	0.0705485603457	1.0	-0.0104842968123	0.0354997429829	-0.0406478675643	0.0385141052093	-0.0498873821016	-0.0163152215219	-0.0210200172013	-0.0018646015175	0.0149591324567	0.00649543025097	-0.0415730649214	-0.0535758710925	-0.0206966671697	0.0980307269487	-0.0742202078806	0.0049210695504	-0.021269232151	-0.0687368741413	0.0101087168255	0.0516136721876	-0.0181401041371	-0.0974163495487	-0.0428769116808	-0.0358295177784	-0.00441851084335	0.0524082041322	-0.00761412791829	0.0122935149562	0.0117334615545	-0.0277401842108	0.0449664521405	-0.0189637420726	0.00673412561921	0.015682945924	-0.0242792526078	-0.0566212174868	-0.00763151514165	-0.00540841084895	-0.0814461162457	0.00395623095026	0.0488207859137	0.0397712303291	-0.0238853755778	-0.0247338328365	-0.0853848259849	-0.0780750340494	-0.000941029385226	-0.0268851972762	0.00415510687711	0.0628732422003	0.00847154629788	0.0164118664143	0.00993249454751	-0.00456483425999	-0.048950359847	-0.0393699864787	-0.0458511077374
k__Bacteria;p__Bacteroidetes;c__Bacteroidia;o__Bacteroidales;f__Rikenellaceae;g__Alistipes;s__Alistipes_putredinis	0.0655863326129	-0.0104842968123	1.0	-0.0978724796394	0.0500452303413	-0.00276415460902	-0.0561596155716	-0.0303469998614	0.00849691005566	0.0273937996563	-0.0747161894019	-0.0431297737097	0.0222223248592	-0.0363928826841	0.0314725789907	-0.0417983738267	0.0130670724956	-0.0553695324794	0.00495558494216	-0.0312341713187	-0.0818893244484	-0.0357885164458	-0.0236210445098	0.0451566962981	-1.47018529575e-05	-0.0345055528658	0.0132422704963	-0.0790215267007	-0.00600288187257	0.0501079250788	-0.0277045217526	-0.0427293861049	0.00265020831814	-0.041352729129	-0.00970455547183	0.0124256339681	-0.0124113299927	0.0240228711967	-0.0856306975102	-0.0183011902949	-0.0364936541892	-0.0238330534165	-0.00297483668098	0.0390186803733	0.0394414137536	0.0261941231093	-0.0180896283076	0.0564756343491	-0.0282297284455	-0.0302447661112	-0.0154764969763	0.00560446474861	0.03413994954	0.051554601557	0.0316895436125	-0.0475909024233	-0.0703767061116	-0.0272623226115	0.0046712636872
k__Bacteria;p__Bacteroidetes;c__Bacteroidia;o__Bacteroidales;f__Prevotellaceae;g__Prevotella;s__Prevotella_copri	0.00827188167516	0.0354997429829	-0.0978724796394	1.0	-0.0068808002031	-0.056466409482	-0.061422085362	0.118416021821	0.0262884327057	0.00232524802386	0.0519472311731	-0.0160502756428	0.0356863720743	-0.0915036965586	0.0140224556551	0.109370821527	0.0430972121168	-0.0356215871545	-0.127130391798	0.0194664501226	-0.0346413352146	-0.0126377056483	-0.0117725855226	-0.0441301411849	-0.0813418602399	-0.00183623115576	0.0809726113624	-0.0221168661205	0.0114748133919	0.0177642305536	-0.128038564167	-0.0520535554968	0.0262614004052	-0.0271086868936	-0.0266814833885	-0.0114882210893	0.0127555708766	0.0657033680163	0.0129512986181	-0.0429055062646	0.0190170139761	0.0177367252927	-0.0169649629129	0.0356916611592	-0.0378463071781	-0.0244441967219	-0.0649607681319	-0.0375146061712	-0.0129497649616	0.0124963258394	0.0325835790743	0.0628131633902	-0.0488545971229	-0.0952455812282	-0.0122262723506	-0.0410706876777	0.0518213606117	0.0366960320169	-0.0467259052604
k__Bacteria;p__Bacteroidetes;c__Bacteroidia;o__Bacteroidales;f__Bacteroidaceae;g__Bacteroides;s__Bacteroides_stercoris	0.0290586987782	-0.0406478675643	0.0500452303413	-0.0068808002031	1.0	0.00311068777035	-0.01628624311	-0.0329822384871	0.0607840578514	-0.00307700053483	-0.0550578872604	0.0490768721038	0.0547688687571	0.0768046375472	-0.125440533522	0.033037954621	0.0141449080583	-0.0705084680347	-0.0508318775499	0.0426686199623	-0.0407077985108	-0.0358103345306	0.0083917127614	-0.0348364933072	0.0393103720865	0.00465822288441	-0.0664675050894	-0.0443021694191	-0.00777694682745	-0.0520778443091	-0.0329546246179	-0.000467092076463	0.0485396787382	0.0472810995093	0.00657198961674	-0.0304631313645	0.0241991517241	-0.0636210222966	-0.0179467647251	0.0588791040192	-0.0469621197776	-0.050400803945	-0.0548620683891	0.0256839159597	0.0834594645622	-0.0145372638437	-0.0030799063413	-0.0294877724299	-0.00975800460318	0.0207413645749	-0.0334227994789	-0.0245934468432	0.000350980221003	-0.0152891565462	0.016737129968	-0.033073989876	-0.0494022201508	-0.0403005212281	0.0478978179109
k__Bacteria;p__Bacteroidetes;c__Bacteroidia;o__Bacteroidales;f__Bacteroidaceae;g__Bacteroides;s__Bacteroides_ovatus	-0.0238236938324	0.0385141052093	-0.00276415460902	-0.056466409482	0.00311068777035	1.0	0.0695149762397	-0.0172175808902	-0.05472135289	-0.00508128882091	0.0622910905997	0.0635100718093	-0.0461870601312	-0.00966773172732	0.0623467108748	0.0542337509414	0.0130850427665	-0.0815441577851	0.0455996058354	-0.0331603916646	0.0242685573206	-0.0371394452544	-0.00908789715085	-0.0536819201963	-0.0532767057116	-0.027922315408	-0.0674804430481	0.0397503551766	0.0433044990466	-0.000491206029852	-0.0307430317388	-0.0318006793529	-0.0163762995202	0.0250259767779	0.00270427996412	-0.0328143428877	0.0309064495888	-0.0243622236498	0.000582253652535	-0.00708162128921	-0.019047237791	-0.0377623696181	-0.0100365075493	-0.0252075862027	-0.0673290893425	-0.0165311593973	-0.0353963170522	0.00853382883536	0.00164122929979	-0.0181576575786	-0.0732436081914	-0.0708865162221	-0.016987472182	0.00876536285414	0.0509325960288	0.0592150559677	-0.025786033664	0.000552559467715	0.0121250525148
k__Bacteria;p__Bacteroidetes;c__Bacteroidia;o__Bacteroidales;f__Rikenellaceae;g__Alistipes;s__Alistipes_shahii	-0.0365289368226	-0.0498873821016	-0.0561596155716	-0.061422085362	-0.01628624311	0.0695149762397	1.0	0.0413452640683	0.0188920874435	-0.084663632495	-0.0251510232035	-0.0235379873072	-0.0980046285903	-0.0179201174339	-0.0296990241543	0.0139326668414	-0.00350862206874	-0.00732799675232	-0.00476992019773	0.00789981953673	-0.0257832047699	0.0137169170074	-0.0469028329176	0.00649356212538	0.0166375181939	-0.0127542314515	0.0393141402536	-0.030772550677	-0.00544662098233	0.0526053270331	-0.0274210487854	-0.0293114016374	0.00190663430082	0.0100644384715	0.0282957968395	0.00175603768512	0.0130564073992	-0.0325438637194	-0.00752896447771	-0.0320998899279	0.0235158196176	-0.0146354129234	-0.0437483145111	-0.0398538078604	0.00828323289593	-0.0676961969248	0.0228849532251	-0.0531539982056	0.0558766866032	-0.0570931612034	0.0416249051541	0.0199657439406	-0.0662405631187	0.0558938711894	-0.0619391210843	-0.0488061895423	-0.0683574160676	0.0793453780179	0.0524894079396
k__Bacteria;p__Firmicutes;c__Clostridia;o__Clostridiales;f__Ruminococcaceae;g__Faecalibacterium;s__Faecalibacterium_prausnitzii	0.0226576659193	-0.0163152215219	-0.0303469998614	0.118416021821	-0.0329822384871	-0.0172175808902	0.0413452640683	1.0	0.0718998453022	0.0204960376604	-0.0211693643852	0.0295535067422	-0.0561024545955	0.0396711693204	-0.00465487755322	-0.0141775859162	0.0188659453104	0.0341186402253	-0.061001687153	0.0400411369691	0.0163767105836	0.0213746594788	-0.0490150433444	-0.0487368309322	-0.0418107994832	0.0189592222245	-0.011669070852	-0.000221138534169	-0.0646571796553	0.0281492476742	-0.0671387231471	-0.0401064724476	-0.0905500396486	0.0152913128613	-0.0305063362926	0.0162740087736	0.0704196449525	0.00328956528005	0.00786993807228	-0.0204574777623	-0.0443282775477	-0.113793955811	-0.0170112424105	0.07546480802	0.0421198297246	-0.108291059401	-0.0805856596361	0.0490745499651	-0.00082791238747	-0.0026771525719	-0.0780737231463	0.0109380712975	0.0132954379905	0.0301574142003	0.0389043731672	-0.0735705028628	0.0297615067034	0.0724216763726	-0.0206678301147
k__Bacteria;p__Bacteroidetes;c__Bacteroidia;o__Bacteroidales;f__Rikenellaceae;g__Alistipes;s__Alistipes_finegoldii	-0.0455483784247	-0.0210200172013	0.00849691005566	0.0262884327057	0.0607840578514	-0.05472135289	0.0188920874435	0.0718998453022	1.0	0.0585101803083	0.0162648314603	0.00174507962294	-0.0101349074403	-0.020503871567	-0.0404997371774	-0.0626126871395	-0.0330822708555	0.0195465973417	0.00016776975075	0.0134147940325	-0.0801774089871	-0.0217692443177	-0.00520506485751	-0.0485471535597	-0.0158151245952	0.0250174351498	-0.0445628353755	0.0228511991046	-0.0239563054229	0.0831556234071	-0.0206299191305	-0.0344864899512	-0.0121923106211	-0.0284161151633	0.00565397419147	0.00407049853035	0.054863092827	0.00456848521427	-0.00935175245724	0.0757455655384	-0.0408822335764	-0.0149311449675	0.0243842839939	0.0134367846913	-0.0354312743663	-0.0382038787553	0.0306385541058	0.0405385345486	-0.0239708024469	0.0368448594909	-0.0231958909335	-0.00425255895895	-0.0424232771118	0.0133016510021	-0.0348465039666	-0.103506762756	-0.0186857341948	0.0390740613492	-0.00111728142857
k__Bacteria;p__Bacteroidetes;c__Bacteroidia;o__Bacteroidales;f__Porphyromonadaceae;g__Parabacteroides;s__Parabacteroides_distasonis	-0.038022187815	-0.0018646015175	0.0273937996563	0.00232524802386	-0.00307700053483	-0.00508128882091	-0.084663632495	0.0204960376604	0.0585101803083	1.0	-0.0574459086966	0.0153654672461	-0.0638557035559	-0.027029792345	-0.0806673718106	-0.0759700060229	-0.0110093927143	0.0271674789323	-0.0575811698378	-0.107952676378	-0.0116217142536	-0.0310947063659	-0.0302870601217	0.0441567096851	0.0389370746638	-0.0101256739646	-0.0285270276318	0.00440494576811	-0.0111698985928	-0.048709690932	0.00343261396182	0.0303721095593	-0.0197090177391	-0.0403460902927	0.0500891861897	0.0185975061571	-0.00860739193864	-0.019812669327	-0.0528085701048	0.00603927532958	0.0695546227339	-0.0473931114788	0.0704147394954	0.0511140441578	-0.0388047411018	-0.0454748528084	-0.00172528425299	-0.0665664958716	-0.0284486177907	-0.00502642139567	0.000904548536831	-0.0268540787482	0.0106424762112	0.0337360488886	0.0275601115579	-0.0274412925879	0.022061950879	0.0315366013829	0.0189295691061
k__Bacteria;p__Bacteroidetes;c__Bacteroidia;o__Bacteroidales;f__Bacteroidaceae;g__Bacteroides;s__Bacteroides_thetaiotaomicron	-0.0308294499795	0.0149591324567	-0.0747161894019	0.0519472311731	-0.0550578872604	0.0622910905997	-0.0251510232035	-0.0211693643852	0.0162648314603	-0.0574459086966	1.0	-0.0258450314352	0.0397156211152	-0.0764016409166	-0.0295748329993	0.0100451066174	0.0157391476436	-0.0461320878148	-0.0487944233429	0.0189564599118	0.0594772968816	0.00656187860644	-0.0161847635246	0.0169442916667	-0.0250270525962	0.0455547436994	-0.0558303864854	0.00939739753725	-0.026474097808	0.00619357869789	-0.0556925426948	0.0070115198841	-0.0114073220213	-0.00446660111136	-0.0548335759251	-0.0706631452036	0.0536256474925	-0.082877466621	0.0137138852147	-0.000963356995624	-0.0183868652314	-0.0417981863635	0.040116954636	-0.0380898702553	-0.0828404542742	0.0615940235459	-0.0227861842363	-0.0186164518109	0.0248901491884	-0.0238035873222	-0.00393734405068	0.00614361420131	0.02061020734	-0.066650132475	0.00910690341271	0.00469873599773	0.0707421310762	0.0488218455915	-0.023017265539
k__Bacteria;p__Bacteroidetes;c__Bacteroidia;o__Bacteroidales;f__Bacteroidaceae;g__Bacteroides;s__Bacteroides_coprocola	-0.106056688369	0.00649543025097	-0.0431297737097	-0.0160502756428	0.0490768721038	0.0635100718093	-0.0235379873072	0.0295535067422	0.00174507962294	0.0153654672461	-0.0258450314352	1.0	-0.0337410404045	-0.0137003683164	0.0262069834554	-0.00271165267195	-0.0271286743539	-0.047066150772	0.00334990918992	-0.0145980201741	-0.011849905238	-0.0698005725668	-0.0536060361632	-0.0290986820427	0.0343794797991	-0.00772951663973	-0.0106513446027	-0.0640223842066	-0.0259497378442	-0.103677308236	-0.021143400595	0.00133392297991	-0.0975748032902	0.0886198635365	-0.0388309880801	-0.0907450077055	0.0688233211701	0.0182422249415	0.0575520789508	0.0657976757676	-0.0456800157658	-0.0526191564606	-0.0108761831935	-0.00901714484269	-0.01704582327	0.0652806886199	0.0304754864731	-0.0140312786079	0.0110502097576	0.0279270679351	0.019824384612	0.0436183070175	0.0216461689183	0.00981392299967	0.0315993422363	-0.0215555672667	0.00263855566992	-0.0211149574335	0.0222071738029
k__Bacteria;p__Bacteroidetes;c__Bacteroidia;o__Bacteroidales;f__Bacteroidaceae;g__Bacteroides;s__Bacteroides_cellulosilyticus	0.0104065531281	-0.0415730649214	0.0222223248592	0.0356863720743	0.0547688687571	-0.0461870601312	-0.0980046285903	-0.0561024545955	-0.0101349074403	-0.0638557035559	0.0397156211152	-0.0337410404045	1.0	-0.0133620850458	0.0332738521847	-0.0292621785233	0.0213165291205	0.0294575692138	-0.0314634598017	0.00817365410744	0.0266833050627	0.020347853032	-0.0557600668959	0.0193944598488	0.0336866365023	-0.0390841856649	-0.00864994998732	0.0368490622394	-0.0307003611239	-0.0356723316015	-0.0247006842857	0.0429091014016	-0.0571868776459	0.0142086844927	-0.0238969336176	-0.0924835900415	-0.00214550460817	-0.0139932216833	-0.0524320084437	-0.00561498053696	0.053398590646	0.0823133588857	-0.0895450937744	-0.0589663456919	0.000865614861953	-0.0458291562845	0.00919269075975	0.0173941719886	0.0424921224485	-0.0509108532255	-0.0323635691105	0.00852679842841	0.0521401280122	-0.0477349447741	-0.103095289335	0.0149221024597	-0.0279657662086	-0.0867616745407	-0.0368432967998
k__Bacteria;p__Bacteroidetes;c__Bacteroidia;o__Bacteroidales;f__Rikenellaceae;g__Alistipes;s__Alistipes_obesi	-0.0373642580696	-0.0535758710925	-0.0363928826841	-0.0915036965586	0.0768046375472	-0.00966773172732	-0.0179201174339	0.0396711693204	-0.020503871567	-0.027029792345	-0.0764016409166	-0.0137003683164	-0.0133620850458	1.0	0.0197359181197	-0.0165597462201	-0.0216117321921	0.0231747416209	0.0145164235074	0.00104860381167	-0.0125765692071	0.00236393758109	-0.00210145037749	0.0225287951055	-0.0131760013186	0.0152877337594	-0.0376581269481	-0.062541834076	0.0162802751921	0.0323257430188	-0.0578341900552	-0.0230515380998	-0.00884594015047	0.00863918468424	-0.0657621266636	0.0716148879113	-0.000805621195439	0.0136515568792	-0.0330219730292	-0.0783874146512	0.0037742997409	-0.0298190837833	0.0224653075139	-0.048163722328	-0.0735080703481	-0.0541193340674	0.0066212515427	0.025392822697	0.064278809494	-0.0264883737198	-0.0746462885601	-0.0117199998361	0.0254423973761	-0.0919113295261	-0.0371596289924	-0.000524166406326	0.0404369166145	-0.0199205140021	0.00405802340657
k__Bacteria;p__Firmicutes;c__Clostridia;o__Clostridiales;f__Lachnospiraceae;g__;s__[Eubacterium]_rectale	0.0315346415979	-0.0206966671697	0.0314725789907	0.0140224556551	-0.125440533522	0.0623467108748	-0.0296990241543	-0.00465487755322	-0.0404997371774	-0.0806673718106	-0.0295748329993	0.0262069834554	0.0332738521847	0.0197359181197	1.0	0.00251257150771	-0.0384725595923	0.0378475039964	-0.0260893783597	-0.0235375630077	-0.0426278550073	-0.0274327951458	-0.0346618562548	-0.0510726444492	-0.0139929725825	0.0219795501684	-0.0405781457964	0.0279350943075	0.0361177186985	0.0326499490764	-0.0100186832592	0.0750130701447	-0.0015194418553	0.055080398413	-0.119831682846	-0.0941110477147	-0.0179865376633	-0.0196365998707	-0.00334483192669	-0.040166344487	-0.00821290991594	0.0477310056667	-0.0105510162125	-0.0643261639028	-0.0399387688524	-0.0429967690823	0.0322190820452	-0.0571418153946	-0.00743955264848	-0.00746325879583	0.046566299813	-0.0169009515885	0.0302454150246	0.00983301861005	0.014681569105	0.0412631034884	-0.0221248180226	0.00152244100061	-0.0170569591644
k__Bacteria;p__Bacteroidetes;c__Bacteroidia;o__Bacteroidales;f__Bacteroidaceae;g__Bacteroides;s__Bacteroides_plebeius	0.0331541882807	0.0980307269487	-0.0417983738267	0.109370821527	0.033037954621	0.0542337509414	0.0139326668414	-0.0141775859162	-0.0626126871395	-0.0759700060229	0.0100451066174	-0.00271165267195	-0.0292621785233	-0.0165597462201	0.00251257150771	1.0	0.0192022992233	-0.0140115850557	0.0449442252605	-0.11685231125	0.0162828673207	-0.0271564976467	0.026058003877	0.0403936462717	-0.0308681474753	-0.0469085415419	0.00250938325596	0.0163120892134	0.0285885957036	-0.00753287257685	-0.039817050278	0.0195013510594	0.0152234842932	-0.0702384612835	-0.0249515660062	0.00839549299253	0.0575901573521	0.000272616949689	-0.0621924709587	-0.0793588632909	-0.027909013427	0.0409739356745	0.0431537740338	0.0561454530407	-0.00928847619069	-0.0119486045815	-0.0242742589803	0.0232602880861	0.0275766041097	-0.0452999306846	0.0402513591163	-0.0155321588979	-0.0465644553397	-0.0107625616883	-0.01032488073	-0.0240979222165	-0.0713854388263	-0.00145837962862	0.00326261433294
k__Bacteria;p__Bacteroidetes;c__Bacteroidia;o__Bacteroidales;f__Bacteroidaceae;g__Bacteroides;s__Bacteroides_fragilis	0.00731612753694	-0.0742202078806	0.0130670724956	0.0430972121168	0.0141449080583	0.0130850427665	-0.00350862206874	0.0188659453104	-0.0330822708555	-0.0110093927143	0.0157391476436	-0.0271286743539	0.0213165291205	-0.0216117321921	-0.0384725595923	0.0192022992233	1.0	0.0672202405923	0.0511285582395	-0.0396042991556	0.0524613270842	0.032317606373	-0.0150120542781	-0.101012781049	-0.00214833578214	-0.0696350792823	0.0326699496066	0.00636155352217	-0.0231369193645	-0.0372832092379	-0.0048983893209	-0.0367523957928	0.0370777583806	0.0597516495597	0.000109298554113	-0.00485826928897	-0.00170345261877	0.00141344578537	0.0285214273708	0.0218509481703	-0.0170991521215	-0.0885301879206	-0.0308772692882	0.0142104429524	-0.0213883507806	-0.0270965335353	-0.0289555187928	0.0217927901912	0.0080835688816	0.0144149408271	-0.0362278754152	0.0339422234553	0.0117963934733	-0.0129030485378	-0.0162689266805	-0.000218817193093	-0.00586844030374	-0.0301968394925	-0.0244397532252
k__Bacteria;p__Proteobacteria;c__Betaproteobacteria;o__Burkholderiales;f__Sutterellaceae;g__Sutterella;s__Sutterella_wadsworthensis	-0.00181678914086	0.0049210695504	-0.0553695324794	-0.0356215871545	-0.0705084680347	-0.0815441577851	-0.00732799675232	0.0341186402253	0.0195465973417	0.0271674789323	-0.0461320878148	-0.047066150772	0.0294575692138	0.0231747416209	0.0378475039964	-0.0140115850557	0.0672202405923	1.0	-0.0153483032853	0.0139215444909	-0.0260216048101	-0.00702196266722	0.0118928240773	-0.0935997877327	-0.0353903840557	-0.00280755830233	0.00594218578536	0.051227839605	0.031841365467	0.0338982784558	-0.00950253942733	0.0438119557635	0.013197798156	0.0404978623247	-0.0520730736212	0.0173908226185	0.0324263133283	-0.069201772923	-0.058427204729	0.0370078033741	-0.0515781259084	-0.022862976703	0.045891930416	0.0121683941866	-0.0147450437189	-0.0329173973537	-0.0220496730687	-0.0779842566442	-0.0764749526508	0.0356677289292	-0.0665028455353	0.0317091272591	-0.0353942496701	-0.0353278498128	-0.0270885746343	-0.0495281042981	-0.0536885069979	-0.0558455233218	0.0167032864515
k__Bacteria;p__Bacteroidetes;c__Bacteroidia;o__Bacteroidales;f__Porphyromonadaceae;g__Barnesiella;s__Barnesiella_intestinihominis	-0.0347263726585	-0.021269232151	0.00495558494216	-0.127130391798	-0.0508318775499	0.0455996058354	-0.00476992019773	-0.061001687153	0.00016776975075	-0.0575811698378	-0.0487944233429	0.00334990918992	-0.0314634598017	0.0145164235074	-0.0260893783597	0.0449442252605	0.0511285582395	-0.0153483032853	1.0	-0.0944171978722	0.0760239319905	-0.0379872767522	-0.0207807374712	-0.0307380990355	0.0263729884514	-0.0201369555537	-0.0686589080725	-0.0236458481463	-0.0512177517124	-0.0281326110027	0.0260076137977	0.00645068017652	0.0400626298191	-0.0508932959222	-0.0192671858794	0.0342302915807	0.0107169561914	0.00975573092273	-0.0769215991762	0.0362948977206	0.00160646743378	0.0478838089285	-0.034412125306	-0.0253211795387	-0.0675473874277	-0.0151361158916	-0.0790223428227	0.0203672463635	0.00506772833379	-0.0410885082731	0.00574826042372	-0.0142594040023	0.0513199019602	0.0420436068865	0.049965301995	-0.0160250992222	-0.0134447499782	-0.00394939318829	-0.0570019137024
k__Bacteria;p__Bacteroidetes;c__Bacteroidia;o__Bacteroidales;f__Odoribacteraceae;g__Odoribacter;s__Odoribacter_splanchnicus	-0.0015810380296	-0.0687368741413	-0.0312341713187	0.0194664501226	0.0426686199623	-0.0331603916646	0.00789981953673	0.0400411369691	0.0134147940325	-0.107952676378	0.0189564599118	-0.0145980201741	0.00817365410744	0.00104860381167	-0.0235375630077	-0.11685231125	-0.0396042991556	0.0139215444909	-0.0944171978722	1.0	-0.0567361019493	-0.0191068102925	0.0315741089762	0.0201351374466	-0.00133730390458	-0.0512051598727	-0.0462458160707	0.00143484331332	-0.00708812831971	0.0385405724197	-0.0362018865887	0.00594294796515	-0.0515837038819	-0.0288885171109	-0.0595729957422	-0.0323451582819	0.0143307175563	0.038512586541	-0.0085894765932	0.0152661457901	-0.0392280861512	0.0316534047391	-0.0701436524298	0.0330225102277	0.00261515968746	-0.0401591057427	0.0216026296935	-0.040537580201	0.0291066525677	-0.00322531187991	0.00125359149122	-0.00913607683784	-0.0163795440802	0.0618244884379	-0.00531880566658	-0.0105067516474	-0.051317591849	-0.0188426543359	-0.0322831237251
k__Bacteria;p__Bacteroidetes;c__Bacteroidia;o__Bacteroidales;f__Bacteroidaceae;g__Bacteroides;s__Bacteroides_salyersiae	-0.0340601930857	0.0101087168255	-0.0818893244484	-0.0346413352146	-0.0407077985108	0.0242685573206	-0.0257832047699	0.0163767105836	-0.0801774089871	-0.0116217142536	0.0594772968816	-0.011849905238	0.0266833050627	-0.0125765692071	-0.0426278550073	0.0162828673207	0.0524613270842	-0.0260216048101	0.0760239319905	-0.0567361019493	1.0	-0.0119781038818	-0.0207359547686	-0.0222667553932	0.0120175920683	-0.00460145711465	-0.00742519897594	-0.00799585056023	0.0299528876478	0.0138052712467	-0.036135510793	-0.0307058875648	-0.0242755777487	-0.00810575431732	0.0140549598282	-0.00660667699844	0.0139004470008	-0.0115339336169	0.00791552528639	0.00668129056509	-0.00901073504301	-0.0478606864792	-0.021254274577	-0.0354496397498	-0.0376023249634	0.0552443937272	-0.0399454509269	-0.0564151911833	-0.0163997584706	0.00223664783936	-0.0206008580327	-0.0711632346024	-0.0302805737118	0.0242541621522	-0.060090949362	0.0887304004508	0.057119646696	0.00510667168867	-0.0142851007146
k__Bacteria;p__Firmicutes;c__Clostridia;o__Clostridiales;f__Ruminococcaceae;g__Ruminiclostridium;s__[Eubacterium]_siraeum	0.0530939727627	0.0516136721876	-0.0357885164458	-0.0126377056483	-0.0358103345306	-0.0371394452544	0.0137169170074	0.0213746594788	-0.0217692443177	-0.0310947063659	0.00656187860644	-0.0698005725668	0.020347853032	0.00236393758109	-0.0274327951458	-0.0271564976467	0.032317606373	-0.00702196266722	-0.0379872767522	-0.0191068102925	-0.0119781038818	1.0	-0.0321755059469	0.00535859655756	-0.0508245740865	-0.0978803630533	0.0335246338752	0.0977561353804	-0.0611974976937	0.0560585583237	0.0199587124055	-0.0127120039415	0.0421462614986	-0.00304273394737	-0.0219525317305	-0.0428206421893	0.00767582773607	-0.0564507450989	-0.00525002135278	-0.0474724738467	-0.0199080272516	0.00627693066323	-0.0174157566004	0.105040090336	-0.0246336979226	-0.00932464165505	0.0674168636491	0.0214957688896	-0.0135499309775	0.0608533762321	0.0727204492228	-0.016893562235	0.119053309948	0.0424992010357	0.00671070484249	0.0279796551798	0.0321781466918	-0.00609322814242	0.0379850791748
k__Bacteria;p__Proteobacteria;c__Betaproteobacteria;o__Burkholderiales;f__Sutterellaceae;g__Parasutterella;s__Parasutterella_excrementihominis	0.0296599952559	-0.0181401041371	-0.0236210445098	-0.0117725855226	0.0083917127614	-0.00908789715085	-0.0469028329176	-0.0490150433444	-0.00520506485751	-0.0302870601217	-0.0161847635246	-0.0536060361632	-0.0557600668959	-0.00210145037749	-0.0346618562548	0.026058003877	-0.0150120542781	0.0118928240773	-0.0207807374712	0.0315741089762	-0.0207359547686	-0.0321755059469	1.0	0.0136363230581	-0.0923375812851	0.0401235633686	-0.0125426983394	-0.0577554837878	-0.00368185011363	-0.0363427738263	0.0523623575463	-0.0200674818199	-0.0730525279243	-0.00734128102962	0.0658873350332	0.00999722326105	0.0131624746683	-0.0731228580315	0.00441471633414	0.0114248559039	-0.0529989064309	-0.00763691549356	0.00944116452419	0.0139386640982	0.0167245549687	-0.0257014096323	-0.050314550422	-0.0419130765748	-0.0427561072178	-0.00878239092141	-0.0409947323041	-0.00492943840792	-0.0352003554476	0.00679703916738	0.0224558538782	0.0332586935855	-0.0319727096925	-0.012789917222	-0.0121092122324
k__Bacteria;p__Actinobacteria;c__Actinobacteria;o__Bifidobacteriales;f__Bifidobacteriaceae;g__Bifidobacterium;s__Bifidobacterium_adolescentis	0.012374313562	-0.0974163495487	0.0451566962981	-0.0441301411849	-0.0348364933072	-0.0536819201963	0.00649356212538	-0.0487368309322	-0.0485471535597	0.0441567096851	0.0169442916667	-0.0290986820427	0.0193944598488	0.0225287951055	-0.0510726444492	0.0403936462717	-0.101012781049	-0.0935997877327	-0.0307380990355	0.0201351374466	-0.0222667553932	0.00535859655756	0.0136363230581	1.0	-0.0626696792664	0.0715930759662	0.111603646705	-0.0476724993679	-0.0243319744447	0.0363795485569	0.0534132124869	0.00138117300947	-0.00506875900656	0.00981154269068	0.06369968363	0.0268350890967	-0.066910627739	0.0548435935006	0.0321341466117	-0.0348237118546	0.0560282966467	0.00410741033797	0.0220202046214	0.0136227414734	0.0141947320616	0.0128304173622	-0.0124584433443	-0.031229559573	0.0112606317409	-0.0845385305029	-0.00658377686987	-0.0603759953674	-0.0335340916459	0.01996219797	-0.0117751623805	-0.0932086401344	0.0235980000875	-0.0871286329099	-0.00278240214682
k__Bacteria;p__Firmicutes;c__Clostridia;o__Clostridiales;f__Oscillospiraceae;g__Oscillibacter;s__Oscillibacter_sp._KLE_1745	0.0342361030693	-0.0428769116808	-1.47018529575e-05	-0.0813418602399	0.0393103720865	-0.0532767057116	0.0166375181939	-0.0418107994832	-0.0158151245952	0.0389370746638	-0.0250270525962	0.0343794797991	0.0336866365023	-0.0131760013186	-0.0139929725825	-0.0308681474753	-0.00214833578214	-0.0353903840557	0.0263729884514	-0.00133730390458	0.0120175920683	-0.0508245740865	-0.0923375812851	-0.0626696792664	1.0	-0.000100234860457	-0.0437389383834	-0.00657938356556	0.02928167175	0.0252600010555	-0.0711180604204	-0.000830138811319	-0.00475672234153	-0.06153785552	-0.0416723261592	-0.0130820889664	0.00368628749254	-0.0389486460713	0.0745028528961	-0.0273191537035	-0.0161907321262	-0.00613187854623	0.0252617044931	-0.0737779577074	-0.0324518172007	0.0190742655395	-0.0245249597707	-0.0197593004176	0.00623558544242	0.0395686203612	-0.0188872397926	-0.0421195366042	0.0960616827779	-0.0157644390583	0.0152436831098	-0.00223923060307	0.0899999628564	-0.0718068559726	-0.0186752206045
k__Bacteria;p__Bacteroidetes;c__Bacteroidia;o__Bacteroidales;f__Bacteroidaceae;g__Bacteroides;s__Bacteroides_coprophilus	0.0166076723787	-0.0358295177784	-0.0345055528658	-0.00183623115576	0.00465822288441	-0.027922315408	-0.0127542314515	0.0189592222245	0.0250174351498	-0.0101256739646	0.0455547436994	-0.00772951663973	-0.0390841856649	0.0152877337594	0.0219795501684	-0.0469085415419	-0.0696350792823	-0.00280755830233	-0.0201369555537	-0.0512051598727	-0.00460145711465	-0.0978803630533	0.0401235633686	0.0715930759662	-0.000100234860457	1.0	-0.0145037313828	5.59322905161e-05	-0.0684524679845	-0.0586720259788	0.0277982631328	-0.0130378933676	-0.0539003770368	0.0495135518053	0.0621253423047	-0.0126874377679	-0.0383262370316	-0.0432005546902	0.00809063704775	-0.0164644191279	-0.00226066569303	-0.051190065583	0.0406978708956	-0.0763026077052	-0.0769364218236	0.0130967761015	-0.00647959493883	-0.0496383458023	0.0206300383563	0.0366367067831	-0.00471116151539	-0.0411740815233	-0.0244625373116	-0.0642473047109	-0.0447151352077	0.00217310153972	0.0527823184744	0.00380304437689	-0.0118156119571
k__Bacteria;p__Firmicutes;c__Clostridia;o__Clostridiales;f__Lachnospiraceae;g__Roseburia;s__Roseburia_intestinalis	-0.0253767945173	-0.00441851084335	0.0132422704963	0.0809726113624	-0.0664675050894	-0.0674804430481	0.0393141402536	-0.011669070852	-0.0445628353755	-0.0285270276318	-0.0558303864854	-0.0106513446027	-0.00864994998732	-0.0376581269481	-0.0405781457964	0.00250938325596	0.0326699496066	0.00594218578536	-0.0686589080725	-0.0462458160707	-0.00742519897593	0.0335246338752	-0.0125426983394	0.111603646705	-0.0437389383834	-0.0145037313828	1.0	-0.0283609376784	0.0172034368775	0.0410215451396	0.0573064889026	0.0369505127941	-0.063262894291	-0.0347275991292	-0.0282711041499	-0.027838793864	0.0286343801627	-0.0588788425644	-0.0130789475352	-0.0138062904603	0.0473972215887	0.0795380778506	-0.0141748990773	0.120864294028	0.00211115791846	-0.00947012325487	0.0417896880762	0.0121443684438	-0.046207220549	-0.0328994597518	0.0644644458117	0.0107315706973	-0.0304652517003	-0.0240088545651	-0.113321026612	0.0428485009686	-0.0345034657086	-0.0312256680233	0.00271634959008
k__Bacteria;p__Firmicutes;c__Clostridia;o__Clostridiales;f__Lachnospiraceae;g__Roseburia;s__Roseburia_hominis	-0.0976529968873	0.0524082041322	-0.0790215267007	-0.0221168661205	-0.0443021694191	0.0397503551766	-0.030772550677	-0.000221138534169	0.0228511991046	0.00440494576811	0.00939739753725	-0.0640223842066	0.0368490622394	-0.062541834076	0.0279350943075	0.0163120892134	0.00636155352217	0.051227839605	-0.0236458481463	0.00143484331332	-0.00799585056023	0.0977561353804	-0.0577554837878	-0.0476724993679	-0.00657938356556	5.5932290516e-05	-0.0283609376784	1.0	-0.0799743345321	-0.0794161355467	-0.00704070669665	-0.0497932817397	-0.00950660107696	-0.0601175337609	-0.0294440264581	-0.0437131128131	0.00200481814346	-0.019917532838	-0.0226937037157	-0.0221120218151	-0.0299038166022	0.0249598045289	-0.0136108115027	0.0219103863209	0.0526022099751	-0.0430312375	-0.0476372672575	0.0176322884175	0.0193124409962	-0.0250961904626	0.0112982556773	0.0161476974579	-0.0217899643353	0.0140831845955	-0.00817276301232	0.0351379889445	-0.0527713526053	0.0114336642346	0.0314367738811
k__Bacteria;p__Bacteroidetes;c__Bacteroidia;o__Bacteroidales;f__Porphyromonadaceae;g__Parabacteroides;s__Parabacteroides_johnsonii	0.0674091212385	-0.00761412791829	-0.00600288187257	0.0114748133919	-0.00777694682745	0.0433044990466	-0.00544662098233	-0.0646571796553	-0.0239563054229	-0.0111698985928	-0.026474097808	-0.0259497378442	-0.0307003611239	0.0162802751921	0.0361177186985	0.0285885957036	-0.0231369193645	0.031841365467	-0.0512177517124	-0.00708812831971	0.0299528876478	-0.0611974976937	-0.00368185011363	-0.0243319744447	0.02928167175	-0.0684524679845	0.0172034368775	-0.0799743345322	1.0	0.0542675169147	-0.050653741428	-0.000746423119782	-0.00513957045954	-0.00893164315525	-0.0182415243613	-0.0717491729637	-0.0200365581122	-0.022714368826	0.0474053563029	-0.0107168505988	0.0359171428715	0.0375202434524	-0.028989587356	-0.0575339909916	0.000729192283622	-0.0133227383031	0.0292409615303	-0.017352956873	-0.0470426046496	-0.0375858480539	-0.041667332678	0.0468182365109	-0.00130044459768	0.0454275769696	0.00883914004591	0.072011745391	0.0158616628698	-0.0271932488496	0.0737116411652
k__Bacteria;p__Actinobacteria;c__Actinobacteria;o__Bifidobacteriales;f__Bifidobacteriaceae;g__Bifidobacterium;s__Bifidobacterium_longum	0.0283077092532	0.0122935149562	0.0501079250788	0.0177642305536	-0.0520778443091	-0.000491206029852	0.0526053270331	0.0281492476742	0.0831556234071	-0.048709690932	0.00619357869789	-0.103677308236	-0.0356723316015	0.0323257430188	0.0326499490764	-0.00753287257685	-0.0372832092379	0.0338982784558	-0.0281326110027	0.0385405724197	0.0138052712467	0.0560585583237	-0.0363427738263	0.0363795485569	0.0252600010555	-0.0586720259788	0.0410215451396	-0.0794161355467	0.0542675169147	1.0	-0.0421236503699	-0.0220575664805	-0.0227096634069	0.0115481867471	-0.0163123903089	-0.0392538689729	-0.0718270634174	0.022812443921	0.0798160524413	-0.0265025122985	0.042673565069	-0.0423404308884	0.0366189601125	0.0422919404025	-0.0237469483498	-0.011994828708	-0.025471538123	-0.0286340274423	-0.0303799441087	-0.0258739293052	0.00684361106324	0.0147859771859	-0.0377249962894	-0.0723158251695	0.0258489074078	-0.0244055827696	-0.114908934281	-0.0630321008029	-0.0480249368728
