#taxonomy	k__Bacteria;p__Bacteroidetes;c__Bacteroidia;o__Bacteroidales;f__Bacteroidaceae;g__Bacteroides;s__Bacteroides_vulgatus	k__Bacteria;p__Bacteroidetes;c__Bacteroidia;o__Bacteroidales;f__Bacteroidaceae;g__Bacteroides;s__Bacteroides_uniformis	k__Bacteria;p__Bacteroidetes;c__Bacteroidia;o__Bacteroidales;f__Rikenellaceae;g__Alistipes;s__Alistipes_putredinis	k__Bacteria;p__Bacteroidetes;c__Bacteroidia;o__Bacteroidales;f__Prevotellaceae;g__Prevotella;s__Prevotella_copri	k__Bacteria;p__Bacteroidetes;c__Bacteroidia;o__Bacteroidales;f__Bacteroidaceae;g__Bacteroides;s__Bacteroides_stercoris	k__Bacteria;p__Bacteroidetes;c__Bacteroidia;o__Bacteroidales;f__Bacteroidaceae;g__Bacteroides;s__Bacteroides_ovatus	k__Bacteria;p__Bacteroidetes;c__Bacteroidia;o__Bacteroidales;f__Rikenellaceae;g__Alistipes;s__Alistipes_shahii	k__Bacteria;p__Firmicutes;c__Clostridia;o__Clostridiales;f__Ruminococcaceae;g__Faecalibacterium;s__Faecalibacterium_prausnitzii	k__Bacteria;p__Bacteroidetes;c__Bacteroidia;o__Bacteroidales;f__Rikenellaceae;g__Alistipes;s__Alistipes_finegoldii	k__Bacteria;p__Bacteroidetes;c__Bacteroidia;o__Bacteroidales;f__Porphyromonadaceae;g__Parabacteroides;s__Parabacteroides_distasonis	k__Bacteria;p__Bacteroidetes;c__Bacteroidia;o__Bacteroidales;f__Bacteroidaceae;g__Bacteroides;s__Bacteroides_thetaiotaomicron	k__Bacteria;p__Bacteroidetes;c__Bacteroidia;o__Bacteroidales;f__Bacteroidaceae;g__Bacteroides;s__Bacteroides_coprocola	k__Bacteria;p__Bacteroidetes;c__Bacteroidia;o__Bacteroidales;f__Bacteroidaceae;g__Bacteroides;s__Bacteroides_cellulosilyticus	k__Bacteria;p__Bacteroidetes;c__Bacteroidia;o__Bacteroidales;f__Rikenellaceae;g__Alistipes;s__Alistipes_obesi	k__Bacteria;p__Firmicutes;c__Clostridia;o__Clostridiales;f__Lachnospiraceae;g__;s__[Eubacterium]_rectale	k__Bacteria;p__Bacteroidetes;c__Bacteroidia;o__Bacteroidales;f__Bacteroidaceae;g__Bacteroides;s__Bacteroides_plebeius	k__Bacteria;p__Bacteroidetes;c__Bacteroidia;o__Bacteroidales;f__Bacteroidaceae;g__Bacteroides;s__Bacteroides_fragilis	k__Bacteria;p__Proteobacteria;c__Betaproteobacteria;o__Burkholderiales;f__Sutterellaceae;g__Sutterella;s__Sutterella_wadsworthensis	k__Bacteria;p__Bacteroidetes;c__Bacteroidia;o__Bacteroidales;f__Porphyromonadaceae;g__Barnesiella;s__Barnesiella_intestinihominis	k__Bacteria;p__Bacteroidetes;c__Bacteroidia;o__Bacteroidales;f__Odoribacteraceae;g__Odoribacter;s__Odoribacter_splanchnicus	k__Bacteria;p__Bacteroidetes;c__Bacteroidia;o__Bacteroidales;f__Bacteroidaceae;g__Bacteroides;s__Bacteroides_salyersiae	k__Bacteria;p__Firmicutes;c__Clostridia;o__Clostridiales;f__Ruminococcaceae;g__Ruminiclostridium;s__[Eubacterium]_siraeum	k__Bacteria;p__Proteobacteria;c__Betaproteobacteria;o__Burkholderiales;f__Sutterellaceae;g__Parasutterella;s__Parasutterella_excrementihominis	k__Bacteria;p__Actinobacteria;c__Actinobacteria;o__Bifidobacteriales;f__Bifidobacteriaceae;g__Bifidobacterium;s__Bifidobacterium_adolescentis	k__Bacteria;p__Firmicutes;c__Clostridia;o__Clostridiales;f__Oscillospiraceae;g__Oscillibacter;s__Oscillibacter_sp._KLE_1745	k__Bacteria;p__Bacteroidetes;c__Bacteroidia;o__Bacteroidales;f__Bacteroidaceae;g__Bacteroides;s__Bacteroides_coprophilus	k__Bacteria;p__Firmicutes;c__Clostridia;o__Clostridiales;f__Lachnospiraceae;g__Roseburia;s__Roseburia_intestinalis	k__Bacteria;p__Firmicutes;c__Clostridia;o__Clostridiales;f__Lachnospiraceae;g__Roseburia;s__Roseburia_hominis	k__Bacteria;p__Bacteroidetes;c__Bacteroidia;o__Bacteroidales;f__Porphyromonadaceae;g__Parabacteroides;s__Parabacteroides_johnsonii	k__Bacteria;p__Actinobacteria;c__Actinobacteria;o__Bifidobacteriales;f__Bifidobacteriaceae;g__Bifidobacterium;s__Bifidobacterium_longum	k__Bacteria;p__Firmicutes;c__Clostridia;o__Clostridiales;f__;g__Flavonifractor;s__Flavonifractor_plautii	k__Bacteria;p__Firmicutes;c__Clostridia;o__Clostridiales;f__Clostridiaceae;g__Clostridium;s__Clostridium_phoceensis	k__Bacteria;p__Verrucomicrobia;c__Verrucomicrobiae;o__Verrucomicrobiales;f__Akkermansiaceae;g__Akkermansia;s__Akkermansia_muciniphila	k__Bacteria;p__Bacteroidetes;c__Bacteroidia;o__Bacteroidales;f__Prevotellaceae;g__Paraprevotella;s__Paraprevotella_xylaniphila	k__Bacteria;p__Firmicutes;c__Clostridia;o__Clostridiales;f__Ruminococcaceae;g__Ruminococcus;s__Ruminococcus_callidus	k__Bacteria;p__Bacteroidetes;c__Bacteroidia;o__Bacteroidales;f__Rikenellaceae;g__Alistipes;s__Alistipes_senegalensis	k__Bacteria;p__Firmicutes;c__Clostridia;o__Clostridiales;f__Lachnospiraceae;g__Blautia;s__Blautia_sp._KLE_1732	k__Bacteria;p__Bacteroidetes;c__Bacteroidia;o__Bacteroidales;f__Bacteroidaceae;g__Bacteroides;s__Bacteroides_oleiciplenus	k__Bacteria;p__Firmicutes;c__Clostridia;o__Clostridiales;f__Ruminococcaceae;g__Ruminococcus;s__Ruminococcus_bicirculans	k__Bacteria;p__Bacteroidetes;c__Bacteroidia;o__Bacteroidales;f__Bacteroidaceae;g__Bacteroides;s__Bacteroides_fluxus	k__Bacteria;p__Bacteroidetes;c__Bacteroidia;o__Bacteroidales;f__Prevotellaceae;g__Prevotella;s__Prevotella_stercorea	k__Bacteria;p__Firmicutes;c__Clostridia;o__Clostridiales;f__Lachnospiraceae;g__Dorea;s__Dorea_longicatena	k__Bacteria;p__Firmicutes;c__Clostridia;o__Clostridiales;f__Eubacteriaceae;g__Eubacterium;s__[Eubacterium]_eligens	k__Bacteria;p__Firmicutes;c__Clostridia;o__Clostridiales;f__Ruminococcaceae;g__;s__Ruminococcaceae_bacterium_D16	k__Bacteria;p__Firmicutes;c__Clostridia;o__Clostridiales;f__Lachnospiraceae;g__Coprococcus;s__Coprococcus_comes	k__Bacteria;p__Proteobacteria;c__Gammaproteobacteria;o__Enterobacterales;f__Enterobacteriaceae;g__Escherichia;s__Escherichia_coli	k__Bacteria;p__Firmicutes;c__Clostridia;o__Clostridiales;f__Ruminococcaceae;g__Anaerotruncus;s__Anaerotruncus_colihominis	k__Bacteria;p__Firmicutes;c__Clostridia;o__Clostridiales;f__Lachnospiraceae;g__Blautia;s__Blautia_obeum	k__Bacteria;p__Bacteroidetes;c__Bacteroidia;o__Bacteroidales;f__Odoribacteraceae;g__Odoribacter;s__Odoribacter_laneus	k__Bacteria;p__Firmicutes;c__Clostridia;o__Clostridiales;f__Ruminococcaceae;g__Ruminiclostridium;s__[Clostridium]_leptum	k__Bacteria;p__Bacteroidetes;c__Bacteroidia;o__Bacteroidales;f__Porphyromonadaceae;g__Parabacteroides;s__Parabacteroides_goldsteinii	k__Bacteria;p__Firmicutes;c__Clostridia;o__Clostridiales;f__Lachnospiraceae;g__Anaerostipes;s__Anaerostipes_hadrus	k__Bacteria;p__Firmicutes;c__Clostridia;o__Clostridiales;f__Ruminococcaceae;g__Ruminococcus;s__Ruminococcus_lactaris	k__Bacteria;p__Firmicutes;c__Clostridia;o__Clostridiales;f__Clostridiaceae;g__Clostridium;s__Clostridium_sp._L2-50	k__Bacteria;p__Firmicutes;c__Clostridia;o__Clostridiales;f__Clostridiaceae;g__Clostridium;s__Clostridium_sp._M62/1	k__Bacteria;p__Firmicutes;c__Clostridia;o__Clostridiales;f__;g__Intestinimonas;s__Intestinimonas_butyriciproducens	k__Bacteria;p__Actinobacteria;c__Actinobacteria;o__Bifidobacteriales;f__Bifidobacteriaceae;g__Bifidobacterium;s__Bifidobacterium_bifidum	k__Bacteria;p__Firmicutes;c__Negativicutes;o__Veillonellales;f__Veillonellaceae;g__Dialister;s__Dialister_invisus	k__Bacteria;p__Bacteroidetes;c__Bacteroidia;o__Bacteroidales;f__Bacteroidaceae;g__Bacteroides;s__Bacteroides_salanitronis
k__Bacteria;p__Bacteroidetes;c__Bacteroidia;o__Bacteroidales;f__Bacteroidaceae;g__Bacteroides;s__Bacteroides_vulgatus	1.0	-0.0437507529636	0.0145791934758	0.0116317907902	-0.0510710553165	-0.00851375482388	0.00817840120047	-0.0416675937487	0.0760853472412	-0.0473454836591	-0.0238244685908	0.01673965937	-0.0337941540017	-0.00854349775833	-0.0537919691606	-0.0455848439368	0.0130885932454	-0.0202546113697	-0.0127860849209	0.0333632609242	-0.00975991742929	0.0267198378833	-0.0273808580359	0.0190146007992	0.00469558676654	0.0350623069162	-0.0393929966344	0.0104099545104	-0.00285919567188	-0.0681295573698	-0.0101638122013	-0.0279980092994	-0.026718425393	-0.072663481826	0.00235135029474	-0.0331965496719	0.0541858122678	-0.0241486149229	-0.057648899921	-0.0468992773991	0.0173169888271	-0.0184041648628	0.0840577738899	-0.0174661851545	0.0230465762517	-0.00501449812241	0.00712250564684	-0.0449979744515	-0.036538913537	0.00106773605252	-0.0393859715291	-0.0476426706137	-0.0220635306441	0.0598206792926	0.0198649426175	0.00116930912424	0.0138624267357	-0.0248220272699	-0.0337524205739
k__Bacteria;p__Bacteroidetes;c__Bacteroidia;o__Bacteroidales;f__Bacteroidaceae;g__Bacteroides;s__Bacteroides_uniformis	-0.0437507529636	1.0	-0.0317072994021	-0.0540857267158	-0.0951747962746	0.0176542314672	-0.0962524098467	-0.0368793817505	-0.0769642247806	-0.0185600537626	-0.120449365969	0.00691243360513	0.0876619619252	-0.0115659236488	0.0589288159528	0.00279817096747	0.00935030819092	0.044749851054	-0.0208448123345	-0.0774884044822	-0.00751772727839	0.0703322217561	-0.0317695148586	-0.0193747673507	0.00747609157817	-0.0477195268595	-0.00777951044555	0.0206804780923	0.00950242411376	-0.0660966218114	-0.0326734465853	0.0195181342298	-0.0230028200912	-0.00513715408614	-0.0238529855072	0.0765870691183	0.01261858999	-0.0280401454559	-0.0197727182647	0.00344434090273	-0.000739935942449	-0.0267595289032	-0.0110491294528	0.0130920490245	0.0439600470744	0.00293058996706	-0.00429454497587	-0.0882495312557	0.0512827836059	0.0192048928584	-0.00667180915126	0.0160565457382	-0.0301109425726	-0.0462768743653	0.00769971390953	0.0372081671251	0.0479696999867	0.0433601714607	0.0163543093895
k__Bacteria;p__Bacteroidetes;c__Bacteroidia;o__Bacteroidales;f__Rikenellaceae;g__Alistipes;s__Alistipes_putredinis	0.0145791934758	-0.0317072994021	1.0	0.0250517978883	-0.057241021467	-0.00719099544775	0.0166522654559	0.0255983151041	-0.0536244790406	-0.0261955528485	0.00648895636135	0.0443376892179	-0.0435304054924	-0.0437664344328	-0.0140292148745	-0.00986397297737	0.00671157255286	-0.023950252184	-0.000675770150223	0.0706741494508	-0.00203308801979	0.0232229546454	-0.0313876378417	-0.0250239878613	0.0171751611346	0.0626734334943	-0.0189968816191	0.0257621983156	-0.00254371599953	0.00114586619414	0.0254879278269	-0.0482482703256	-0.0305557908043	-0.0330146570512	-0.0708392024614	-0.0702427035842	-0.00381519398971	-0.00994825156016	0.0314328134087	0.0225059896041	0.0179115901384	-0.0367539218509	0.0289482056533	0.00944380823171	-0.0687552961958	0.0605892790346	-0.0513152748396	-0.0310605347589	-0.0409395964057	0.00280558607645	-0.123796021942	-0.0397932718607	0.0385945951975	0.0386254040198	-0.0123124505116	0.0176241141137	0.0185669639296	-0.0501269578193	0.0366463196526
k__Bacteria;p__Bacteroidetes;c__Bacteroidia;o__Bacteroidales;f__Prevotellaceae;g__Prevotella;s__Prevotella_copri	0.0116317907902	-0.0540857267158	0.0250517978883	1.0	0.0534879225026	-0.00309338531891	0.0525152765477	-0.0346942971751	-0.0300540696291	0.0204188328519	0.0310144246617	0.00147630068376	0.0282279210185	-0.0118226094763	-0.0269019050937	0.052307080505	-0.0601489194889	-0.014153777167	-0.0342302090928	-0.000781972046244	0.0400446728772	-0.0342921147822	-0.0265567821421	0.0400969120968	0.0111449462871	0.0353956191262	-0.0359571269963	0.0466360287964	0.0226886674257	-0.0829813458592	0.0243385410333	0.0242238054747	0.00420631675503	-0.00680695723867	-0.0516590306508	-0.029297710103	-0.0486427178679	-0.0238954509844	0.0381202548983	0.0143128928675	-0.0291058093291	-0.0340578693758	-0.012928962817	-0.0284652639167	-0.017826948219	-0.00687232483898	0.0458087198474	-0.0156956188302	-0.0205742209273	0.018219267389	0.0226041802136	0.00825392324782	0.0100046525897	-0.0501738738784	-0.0216242200117	-0.0390424082315	0.00856596879601	0.0169493668787	-0.0924591912806
k__Bacteria;p__Bacteroidetes;c__Bacteroidia;o__Bacteroidales;f__Bacteroidaceae;g__Bacteroides;s__Bacteroides_stercoris	-0.0510710553165	-0.0951747962746	-0.057241021467	0.0534879225026	1.0	-0.015208847046	-0.0766730507389	0.00317077958118	-0.0386138073222	-0.0303168237413	-0.00426057026869	0.00949947595293	-0.0456329856205	-0.0499552039268	-0.0396398140074	0.00297800067645	0.0382237119629	-0.068155225158	0.0256624797307	0.0048978431486	-0.0533854740873	0.092069469142	0.0279240131603	0.0358962839968	0.0216677516622	-0.036345439833	-0.0473593070633	0.0335045926023	0.0189011699243	-0.0601929870406	0.0128357504378	-0.00418783563692	0.0513314850116	0.0531348803105	-0.0135278857985	-0.0209876915531	0.0263504720043	0.0262669299241	-0.105138019893	-0.0137493212429	-0.00657043426654	-0.0174789509038	0.00651682765756	-0.0796502082801	-0.053092929236	0.00200995892637	0.0015494782039	0.0247420571729	-0.0119951833082	-0.0548939190287	-0.00115397942368	0.0427198324765	0.0905184830699	-0.0505655201985	-0.031347468198	-0.042313739795	-0.0281562803356	0.0948812585376	0.00555686827865
k__Bacteria;p__Bacteroidetes;c__Bacteroidia;o__Bacteroidales;f__Bacteroidaceae;g__Bacteroides;s__Bacteroides_ovatus	-0.00851375482388	0.0176542314672	-0.00719099544775	-0.00309338531891	-0.015208847046	1.0	0.00356241384195	-0.114954220584	-0.000240038460655	0.0404370410148	-0.000808552838907	0.00103780004352	-0.00893710953963	-0.0139262540005	-0.0220757612966	0.0408027592584	-0.0630366461093	0.00237555528052	-0.0367373154158	0.00533455136038	-0.0113896019444	-0.0264714653272	0.00908903498887	0.0265832812395	-0.0342924866849	0.0340681289973	-0.0152678402489	-0.0361798708394	0.0123248362527	0.0245704848977	0.0228221133349	-0.0610361747239	0.0293448879517	0.0623933688988	0.0313587545937	-0.0977938962707	0.0279772147219	-0.0184270321347	0.017719434528	-0.0303376101263	0.0244001517369	0.0535406681606	0.010051149078	-0.000368488699273	-0.00725081817138	-0.0251494852212	0.0463419537937	0.00862398053349	0.054183886152	-0.0609344464851	0.0112635912307	0.020324392828	0.00708661734363	-0.090192005782	0.0397647248895	-0.000336097031361	-0.0684404784524	-0.0780750420794	-0.0150602388666
k__Bacteria;p__Bacteroidetes;c__Bacteroidia;o__Bacteroidales;f__Rikenellaceae;g__Alistipes;s__Alistipes_shahii	0.00817840120047	-0.0962524098467	0.0166522654559	0.0525152765477	-0.0766730507389	0.00356241384195	1.0	0.00345990800981	0.0139625161175	-0.00352645688592	0.0216759526687	-0.0662770077501	0.0581290759474	0.0278524738937	0.0165622052366	0.0258712944913	0.0528034835042	-0.0875051625046	-0.0505553483	-0.015046870572	0.0757420003472	-0.0409596792836	-0.0465913128358	-0.0129999451764	-0.0156575948449	-0.00486021699587	-0.0343158511074	-0.0670384215126	-0.0532470966386	0.0166829554385	-0.0554551239732	0.00658384036653	-0.0660120393055	-0.00480017390616	0.0179856307977	-0.0345409143352	0.0285617726821	0.00914608089916	-0.0644477728082	-0.0656669489308	-0.00806579915614	0.0359826107487	0.0545477494693	-0.0231527569485	0.023984089693	-0.00581843092657	-0.00753998826597	0.102439415991	-0.0456485919057	0.00550635811839	-0.003053901079	-0.0518949308876	0.0138596296259	0.00445697224949	-0.0234781111478	0.00137497340601	-0.0431665588251	-0.0255763873746	-0.0427466428663
k__Bacteria;p__Firmicutes;c__Clostridia;o__Clostridiales;f__Ruminococcaceae;g__Faecalibacterium;s__Faecalibacterium_prausnitzii	-0.0416675937487	-0.0368793817505	0.0255983151041	-0.0346942971751	0.00317077958118	-0.114954220584	0.00345990800981	1.0	-0.024912446529	-0.0488218009413	-0.0222000585327	0.00740440298898	-0.0421183152478	0.000915669675002	-2.94975499106e-06	-0.0304187287644	0.0102681481673	0.0318540822245	-0.0677670093437	0.0584363779569	0.0108325516283	0.0523881353568	-0.0124187538658	0.0176613690585	-0.0297042977756	0.0205438298997	-0.0790541676669	-0.00207041821769	-0.00085538708958	-0.00822676026412	0.0171924975165	-0.00916933303597	0.026581772914	-0.0342021105639	0.0145327565654	-0.0391896786976	0.00980558857509	-0.00696871784933	0.020661389656	-0.0039167811638	-0.0417864896588	0.0751098651322	-0.0952978543144	0.0671128704232	-0.0461289426935	-0.0356624948951	-0.0241068872356	-0.0087321910371	-0.154916182199	0.0390764717004	0.0540932921735	0.0289119663261	-0.00347853180334	-0.0145515955285	-0.0212157129154	0.0927569027689	-0.00138478500965	-0.0861065047027	-0.0799122453924
k__Bacteria;p__Bacteroidetes;c__Bacteroidia;o__Bacteroidales;f__Rikenellaceae;g__Alistipes;s__Alistipes_finegoldii	0.0760853472412	-0.0769642247806	-0.0536244790406	-0.0300540696291	-0.0386138073222	-0.000240038460655	0.0139625161175	-0.024912446529	1.0	-0.000865848120312	0.0422839696039	-0.0458743743754	0.01859432511	-0.115668933616	0.0108863304016	-0.033202738837	-0.0298771757865	-0.00907438948224	0.0272467965386	0.0262357826302	-0.0469554091768	-0.0648473927468	-0.0233819559661	0.0309241377668	-4.5430716461e-05	-0.000337231030464	-0.042303671798	0.0314640211987	-0.075287253146	-0.00991959335909	0.0265290100088	0.00338813091597	0.0270285435399	-0.00729506681148	-0.000842097476884	-0.0190211716412	-0.0283721617038	0.00421649423927	0.0168387535434	0.0573975177338	0.0212383565549	0.00371950273005	0.0438426983059	-0.000328354728287	-0.0295714674908	-0.0520199827903	0.0521854571335	0.0181462906594	-0.0521864041252	0.0188671551583	-0.00358043271886	-0.0366289496309	-0.114491865948	0.035926538483	0.0160102716877	-0.0159614244225	-0.00185298992867	-0.0115768928986	-0.0731562340612
k__Bacteria;p__Bacteroidetes;c__Bacteroidia;o__Bacteroidales;f__Porphyromonadaceae;g__Parabacteroides;s__Parabacteroides_distasonis	-0.0473454836591	-0.0185600537626	-0.0261955528485	0.0204188328519	-0.0303168237413	0.0404370410148	-0.00352645688592	-0.0488218009413	-0.000865848120312	1.0	0.0179939165538	-0.0204660310201	-0.0236519151845	-0.0724659060035	0.0461166499864	0.0507938445716	0.0829878354893	0.0211531509056	-0.0845147797056	0.0134995862836	-0.0395332739312	-0.0414615585607	0.0727574518159	-0.00152095241628	-0.0532635567025	-0.0641984151707	-0.0337147797618	0.0356609254916	0.0790158718339	-0.0326245659291	0.0378624189249	-0.0622475754355	-0.0245785836074	-0.00700998746114	-0.0621744354604	0.00839565325151	0.0127410298155	0.0190432704741	0.0765286316479	0.0117713896955	0.0304355249943	-0.0232056209172	-0.0324092373715	-0.0099167776917	-0.0356459047281	-0.0338679329875	-0.0717541392506	-0.0785082707856	-0.0507578877895	0.00516443437867	-0.0311344367721	-0.0171779469826	-0.0832553977287	-0.0270749671503	0.00427386632514	-0.00457693705551	-0.0564936014224	0.0511563118358	-0.0258237277876
k__Bacteria;p__Bacteroidetes;c__Bacteroidia;o__Bacteroidales;f__Bacteroidaceae;g__Bacteroides;s__Bacteroides_thetaiotaomicron	-0.0238244685908	-0.120449365969	0.00648895636135	0.0310144246617	-0.00426057026869	-0.000808552838907	0.0216759526687	-0.0222000585327	0.0422839696039	0.0179939165538	1.0	-0.031699595797	0.0872693668355	-0.0921344613842	0.0525316428689	0.047493310029	-0.0199385757629	-0.0731123363118	-0.0337443292384	-0.0260086191626	-0.05810707454	0.0151592972624	-0.0151037164755	-0.0450307113105	-0.0928945354741	-0.00337788699671	-0.0337702427539	-0.015158009045	0.0160659994182	-0.0135700235268	-0.0207515522683	-0.0886466001653	-0.00741918728825	0.00694175758854	-0.008051511808	-0.0305951462539	-0.0402212959108	-0.00323308843638	-0.0174376395831	0.0061642329692	-0.0569861021327	0.0618391631191	0.0191898844127	-0.0233274257989	-0.0525207604242	-0.0106272539914	-0.0340023798799	0.0134234070609	0.0358866447093	-0.0102969969977	-0.0427364406687	-0.023453767153	0.0675037199867	0.0309389198167	-0.012074175128	0.0106989816251	-0.000437366355323	0.0624175622465	0.0165015496744
k__Bacteria;p__Bacteroidetes;c__Bacteroidia;o__Bacteroidales;f__Bacteroidaceae;g__Bacteroides;s__Bacteroides_coprocola	0.01673965937	0.00691243360513	0.0443376892179	0.00147630068376	0.00949947595293	0.00103780004352	-0.0662770077501	0.00740440298898	-0.0458743743754	-0.0204660310201	-0.031699595797	1.0	0.0121998171297	0.00419491580622	-0.01645771709	0.0206306374926	-0.0284243269521	-0.0724737882048	0.0195782257126	-0.0168081604192	-0.0544737954011	-0.0393257997765	-0.0515596957504	0.02641301438	0.0163300705797	-0.00549475764625	0.0227402454258	0.0754551588847	-0.00749011254704	0.0218395536434	-0.0333514136691	-0.020130858073	-0.0160663470516	-0.042886824174	-0.0322863049268	-0.0295188543775	0.0124978876711	0.0360945423438	-0.0114039536309	-0.00978205200145	-0.0253192320612	-0.011336471832	-0.0111841285949	0.0216052568757	-0.00131199669724	-0.0207798733405	-0.0570410861283	0.00376259186711	-0.0190489457798	0.00406673244763	-0.097798689223	0.0512101831173	-0.019068704053	0.016322044966	0.00468491434216	0.00304644274416	-0.00361188918804	-0.0587819291708	-0.0260949930717
k__Bacteria;p__Bacteroidetes;c__Bacteroidia;o__Bacteroidales;f__Bacteroidaceae;g__Bacteroides;s__Bacteroides_cellulosilyticus	-0.0337941540017	0.0876619619252	-0.0435304054924	0.0282279210185	-0.0456329856205	-0.00893710953963	0.0581290759474	-0.0421183152478	0.01859432511	-0.0236519151845	0.0872693668355	0.0121998171297	1.0	0.0241977748433	-0.0191761415415	0.019975646637	-0.0178144914799	0.0255134782519	-0.0558750800577	-0.0776028608001	-0.0158678185974	-0.089905088544	-0.0374915535162	-0.0133268702693	-0.0152144235339	-0.0234643083798	-0.0732728558511	0.0491760756201	0.000394012130257	-0.0447858817678	-0.0154221887465	-0.0128192752244	0.0295098883352	0.00350277120761	-0.0256887616654	-0.0184583416845	-0.0470309939428	-0.033179748471	0.0394587727224	-0.0871844497253	-0.092971213824	-0.038323300299	-0.0395460601483	-0.0523245587582	0.0145560683552	0.0318502136341	-0.0204923684365	0.0975605829224	0.0326851031565	0.00896981678809	-0.0160153023049	0.0002013208766	0.0147482249705	-0.0162149157128	0.019740971968	-0.0501761634829	-0.032736472727	-0.012268080869	0.0056415383812
k__Bacteria;p__Bacteroidetes;c__Bacteroidia;o__Bacteroidales;f__Rikenellaceae;g__Alistipes;s__Alistipes_obesi	-0.00854349775833	-0.0115659236488	-0.0437664344328	-0.0118226094763	-0.0499552039268	-0.0139262540005	0.0278524738937	0.000915669675002	-0.115668933616	-0.0724659060035	-0.0921344613842	0.00419491580622	0.0241977748433	1.0	-0.0114286099992	-0.0551000206986	0.0133567007445	-0.000993079459893	-0.0280131437687	-0.0463853067244	-0.00928167870863	0.0519057900208	-0.0188825576399	-0.00277497247144	0.00963830439693	0.00544542962652	-0.0399519959343	0.0185391252235	0.00806049078789	-0.0114220031808	-0.0401770093547	0.0223281921127	-0.0260840986752	-0.000915896625249	0.0277921171997	0.0266730653491	0.0388282171012	-0.00171572486592	0.0118571756859	-0.0215215541955	0.0537824299532	-0.0275892017699	-0.0395018759207	0.115380540613	-0.085273258167	-0.0124143496744	0.057513079244	-0.0053212565269	0.00600621085155	-0.0751315478176	-0.0117690869683	-0.0109979912593	0.0204489190356	-0.0619830469648	-0.0527629378406	-0.0314100921462	-0.0437115799178	0.0217137525903	-0.0562005347362
k__Bacteria;p__Firmicutes;c__Clostridia;o__Clostridiales;f__Lachnospiraceae;g__;s__[Eubacterium]_rectale	-0.0537919691606	0.0589288159528	-0.0140292148745	-0.0269019050937	-0.0396398140074	-0.0220757612966	0.0165622052366	-2.94975499106e-06	0.0108863304016	0.0461166499864	0.0525316428689	-0.01645771709	-0.0191761415415	-0.0114286099992	1.0	-0.0351308973885	-0.00424572577841	-0.0368916787984	0.0131395143823	-0.0734261355923	-0.0526145336233	0.0115797059198	-0.022205985773	0.0453640843159	-0.0372025810042	-0.0662599127719	0.0231647197297	-0.1049633896	-0.0211560769179	-0.0141516392839	0.0383126697661	0.020207680555	-0.000431336946352	0.0212707950019	-0.0855712291573	0.0415018285625	-0.00588287175239	0.0124902986037	0.00832889761983	0.0247662055927	-0.0316635192094	0.0454083899466	-0.0170393625186	-0.0412269431407	-0.0137872512398	-0.0396938033107	-0.109252010937	-0.0635544318298	0.0266802830667	-0.0200643388518	-0.0417213020187	-0.0141462675184	-0.0230372854712	0.0757803742131	0.0175630995618	-0.0141448984001	-0.0323440402952	0.0420111067001	0.0457486758039
k__Bacteria;p__Bacteroidetes;c__Bacteroidia;o__Bacteroidales;f__Bacteroidaceae;g__Bacteroides;s__Bacteroides_plebeius	-0.0455848439368	0.00279817096747	-0.00986397297737	0.052307080505	0.00297800067645	0.0408027592584	0.0258712944913	-0.0304187287644	-0.033202738837	0.0507938445716	0.047493310029	0.0206306374926	0.019975646637	-0.0551000206986	-0.0351308973885	1.0	-0.0487778867928	0.00303969370837	0.0488009105176	-0.00744304847759	0.0185068306084	-0.124846201592	-0.0497953629568	-0.00748572122603	-0.00849854453835	0.0275629218492	-0.0327586354781	-0.0251723678678	0.0708662824616	-0.092291254242	0.00640102376877	-0.0292146127027	-0.0282363839274	-0.0354355071992	-0.00753299868642	-0.0205263422632	-0.0574243587922	-0.0220400057316	0.0402133260983	-0.0482568232694	-0.059158320977	0.0030484850361	-0.0228781163855	-0.047856626417	-0.0160797320165	0.0209368318381	-0.0511377815848	0.0172733331372	0.0528546848431	0.0355442316188	0.0174034544512	0.0139155652371	-0.0998263654477	-0.0245629299048	-0.0553921984405	-0.0143460949653	0.0293607738078	-0.0174396286795	-0.0653580639284
k__Bacteria;p__Bacteroidetes;c__Bacteroidia;o__Bacteroidales;f__Bacteroidaceae;g__Bacteroides;s__Bacteroides_fragilis	0.0130885932454	0.00935030819092	0.00671157255286	-0.0601489194889	0.0382237119629	-0.0630366461093	0.0528034835042	0.0102681481673	-0.0298771757865	0.0829878354893	-0.0199385757629	-0.0284243269521	-0.0178144914799	0.0133567007445	-0.00424572577841	-0.0487778867928	1.0	0.00463144378094	-0.0311259744278	-0.0371311381627	-0.0237426442369	-0.0474029744513	-0.0179994974695	-0.0298508137423	-0.0217465799119	-0.00662445575779	-0.0143464664282	-0.0741820581417	-0.0407070881885	0.00221708990574	0.0202514557467	-0.0298692765764	0.00895198696975	0.0264403666071	-0.0224050922596	-0.0182917945769	-0.0212533948901	-0.075533395968	-0.0286198575803	-0.0201505816757	0.0170709866533	-0.0375255493402	-0.0362770978964	0.0350724638348	-0.0615179126072	-0.00437272463122	-0.0215195862399	-0.00279968677252	-0.0155739651937	0.0492572299022	-0.0400187389526	-0.000361338323662	0.00410426717111	-0.0127205755289	0.0258426232102	-0.014712904563	-0.0564149579089	0.00613280346361	0.0387339061465
k__Bacteria;p__Proteobacteria;c__Betaproteobacteria;o__Burkholderiales;f__Sutterellaceae;g__Sutterella;s__Sutterella_wadsworthensis	-0.0202546113697	0.044749851054	-0.023950252184	-0.014153777167	-0.068155225158	0.00237555528052	-0.0875051625046	0.0318540822245	-0.00907438948224	0.0211531509056	-0.0731123363118	-0.0724737882048	0.0255134782519	-0.000993079459893	-0.0368916787984	0.00303969370837	0.00463144378094	1.0	0.0393725515192	-0.0430092861619	-0.0233802945451	-0.00974064746012	0.0127153628441	-0.013681056048	0.0842557775781	-0.0290897937512	-0.00472848799466	0.0279968279639	-0.0507154642042	-0.0707913859677	-0.0639827155741	0.0183824152983	-0.0896849509189	0.0410074929103	-0.0043791201034	0.000208158877578	-0.0706516546892	0.028169909017	0.00262692718923	-0.00038850303238	0.0240494982044	-0.0345400429462	0.027230284953	-0.0462658358809	-0.0196268454076	0.0824118272499	0.0151153249861	-0.0996004068695	0.0295938906637	0.0605327685059	0.00853573621461	0.0323627828487	-0.0308525512825	-0.0420167644817	-0.0177872560544	-0.028707914667	-0.00639765575556	-0.0372074329099	0.00988546952553
k__Bacteria;p__Bacteroidetes;c__Bacteroidia;o__Bacteroidales;f__Porphyromonadaceae;g__Barnesiella;s__Barnesiella_intestinihominis	-0.0127860849209	-0.0208448123345	-0.000675770150223	-0.0342302090928	0.0256624797307	-0.0367373154158	-0.0505553483	-0.0677670093437	0.0272467965386	-0.0845147797056	-0.0337443292384	0.0195782257126	-0.0558750800577	-0.0280131437687	0.0131395143823	0.0488009105176	-0.0311259744278	0.0393725515192	1.0	0.0650788472442	-0.0397171454221	0.0173140668125	-0.0275688033915	-0.0321028949691	0.00176767792058	0.0500552860023	0.0605983006636	-0.0848385241454	-0.0790528496927	0.0587664873659	0.0216049418318	-0.0280570412222	0.015722753438	-0.0513920370078	-0.0185082843497	0.0136679178099	0.0186924577374	0.0161594378177	0.0210197195448	-0.0338986208437	-0.0188383529364	0.00184018543067	-0.0308323618046	-0.00284817802716	-0.00172517165504	-0.0472529017845	-0.0298804206148	-0.0614836310353	-0.0200719648647	0.0145128540578	0.0600656652363	-0.0412374553449	0.109813495368	-0.0420455556098	0.0470304104562	-0.0073165628013	-0.0840159387909	0.0125621960898	0.00270173784524
k__Bacteria;p__Bacteroidetes;c__Bacteroidia;o__Bacteroidales;f__Odoribacteraceae;g__Odoribacter;s__Odoribacter_splanchnicus	0.0333632609242	-0.0774884044822	0.0706741494508	-0.000781972046244	0.0048978431486	0.00533455136038	-0.015046870572	0.0584363779569	0.0262357826302	0.0134995862836	-0.0260086191626	-0.0168081604192	-0.0776028608001	-0.0463853067244	-0.0734261355923	-0.00744304847759	-0.0371311381627	-0.0430092861619	0.0650788472442	1.0	-0.042559811616	0.0355541484125	0.0201259825907	-0.0128071822275	-0.0507151914928	-0.00462852043398	-0.0119481618097	-0.040590625187	-0.0209992506182	-0.0213052339246	0.03615749385	-0.00277659841689	-0.0629520036471	-0.037515446851	-0.0457052860427	0.018600986637	0.000735874603926	-0.00790170186209	0.0283674670398	-0.047267969656	-0.0972997800405	-0.053555037699	0.0893205353435	0.0228550645198	-0.0862856621051	0.0322539369145	-0.00498456956041	-0.0452574894719	0.0108250553238	0.00118389325888	0.0420783970214	0.00239889086367	-0.0279414019419	-0.0729844788214	0.00573940337393	0.00193473014352	-0.0508127875534	0.0289113255901	-0.0808739259312
k__Bacteria;p__Bacteroidetes;c__Bacteroidia;o__Bacteroidales;f__Bacteroidaceae;g__Bacteroides;s__Bacteroides_salyersiae	-0.00975991742929	-0.00751772727839	-0.00203308801979	0.0400446728772	-0.0533854740873	-0.0113896019444	0.0757420003472	0.0108325516283	-0.0469554091768	-0.0395332739312	-0.05810707454	-0.0544737954011	-0.0158678185974	-0.00928167870863	-0.0526145336233	0.0185068306084	-0.0237426442369	-0.0233802945451	-0.0397171454221	-0.042559811616	1.0	-0.00981884824226	-0.00495146957754	-0.00874294631523	0.0133536700131	0.00460314676331	0.0241679523785	-0.0052329349371	-0.00829325687069	-0.0163548849488	0.0166354234396	0.000632893005544	0.0131641527804	-0.0399432708979	-0.00578479511685	-0.00183137214446	-0.0711275989072	-0.0155599021282	-0.0817839027709	-0.0113523700575	-0.0438100761524	0.0102009551642	0.0354178451866	-0.0339742511973	-0.00653308667583	-0.0191295496311	-0.0214246397661	-0.00395422585878	-0.0163832377845	0.014949944048	-0.0542799877633	-0.0664981541266	0.00229920220982	0.0023198604441	-0.0099005046335	0.00704815374845	-0.061885336765	-0.0248920019224	0.0182856305409
k__Bacteria;p__Firmicutes;c__Clostridia;o__Clostridiales;f__Ruminococcaceae;g__Ruminiclostridium;s__[Eubacterium]_siraeum	0.0267198378833	0.0703322217561	0.0232229546454	-0.0342921147822	0.092069469142	-0.0264714653272	-0.0409596792836	0.0523881353568	-0.0648473927468	-0.0414615585607	0.0151592972624	-0.0393257997765	-0.089905088544	0.0519057900208	0.0115797059198	-0.124846201592	-0.0474029744513	-0.00974064746012	0.0173140668125	0.0355541484125	-0.00981884824226	1.0	-0.0381663507874	-0.00585860118731	-0.0469783304886	0.038663188768	0.0654878798611	0.0326862445619	-0.0181062245373	0.00660672731014	-0.00772028437101	-0.0124732956538	0.0175001795396	-0.0413800201348	-0.0979135579226	0.00301909126177	-0.0336966984096	-0.115635682984	-0.00291081708765	-0.024460234255	0.0514948674495	-0.0779830376062	-0.0566954235561	0.00885460164697	-0.0918969618607	-0.0606171950749	0.00190714280825	-0.0397469858562	-0.0151078325989	-0.0313231673328	0.00598780239641	-0.0382314483849	-0.0143754920214	0.0376595426272	0.0804394804574	-0.0358754576075	0.0278865275164	0.0442363308554	-0.0606409824842
k__Bacteria;p__Proteobacteria;c__Betaproteobacteria;o__Burkholderiales;f__Sutterellaceae;g__Parasutterella;s__Parasutterella_excrementihominis	-0.0273808580359	-0.0317695148586	-0.0313876378417	-0.0265567821421	0.0279240131603	0.00908903498887	-0.0465913128358	-0.0124187538658	-0.0233819559661	0.0727574518159	-0.0151037164755	-0.0515596957504	-0.0374915535162	-0.0188825576399	-0.022205985773	-0.0497953629568	-0.0179994974695	0.0127153628441	-0.0275688033915	0.0201259825907	-0.00495146957754	-0.0381663507874	1.0	6.27279192026e-05	-0.00423413317913	-0.0510572302899	0.00846609319684	0.0470370228862	0.0137212034862	0.0300680657602	-0.0866536353108	0.0596147421932	-0.0158126286794	-0.0234254319266	0.00128344242855	0.00494733900173	0.0266826599545	0.022036450424	-0.0940556733409	0.0203897122508	-0.0246087876934	-0.0367420766313	-0.0450703988123	0.0200504351618	-0.0486556880255	-0.0832270100678	-0.00245131979881	0.0232822624567	0.0216261845316	-0.0617383645645	-0.0335046628704	-0.0209882235072	-0.0870428563033	0.0139744899462	-0.0343105848146	0.0379007114754	0.0308573308028	0.0204448198186	-0.012796797866
k__Bacteria;p__Actinobacteria;c__Actinobacteria;o__Bifidobacteriales;f__Bifidobacteriaceae;g__Bifidobacterium;s__Bifidobacterium_adolescentis	0.0190146007992	-0.0193747673507	-0.0250239878613	0.0400969120968	0.0358962839968	0.0265832812395	-0.0129999451764	0.0176613690585	0.0309241377668	-0.00152095241628	-0.0450307113105	0.02641301438	-0.0133268702693	-0.00277497247144	0.0453640843159	-0.00748572122603	-0.0298508137423	-0.013681056048	-0.0321028949691	-0.0128071822275	-0.00874294631523	-0.00585860118731	6.27279192026e-05	1.0	-0.109782309594	-0.0391377945708	-0.00522196519856	-0.0622550149494	-0.0458164707302	-0.0890230453922	-0.0041592136548	-0.0992495917926	-0.0610174972501	-0.0194467992652	-0.0153293178153	-0.017604727491	-0.0258359921512	0.00853621399532	-0.0237837347106	0.0218073513037	0.00610203729369	-0.0520621523257	-0.0237853040108	-0.00713754131698	0.0648477121346	-0.0676390937599	0.0476997715741	0.0184833891474	0.0668582317038	-0.0559737269584	0.00072556887661	0.00703386125491	-0.0257591008672	0.0248449704817	0.0120408376209	-0.0119037023643	-0.0151955757983	0.0274077288105	0.0153566461562
k__Bacteria;p__Firmicutes;c__Clostridia;o__Clostridiales;f__Oscillospiraceae;g__Oscillibacter;s__Oscillibacter_sp._KLE_1745	0.00469558676654	0.00747609157817	0.0171751611346	0.0111449462871	0.0216677516622	-0.0342924866849	-0.0156575948449	-0.0297042977756	-4.5430716461e-05	-0.0532635567025	-0.0928945354741	0.0163300705797	-0.0152144235339	0.00963830439693	-0.0372025810042	-0.00849854453835	-0.0217465799119	0.0842557775781	0.00176767792058	-0.0507151914928	0.0133536700131	-0.0469783304886	-0.00423413317913	-0.109782309594	1.0	0.0140137021972	-0.0571484025883	-0.0825417044178	-0.0010096949183	0.00247276765347	-0.0165566092526	-0.032337782416	-0.0344603047559	-0.0074139053738	0.00386404177012	0.0589786692165	-0.085364563759	-0.0534630801091	0.0357247031078	0.0132457616999	0.080149020656	-0.0589426904044	0.0109019340307	-0.0114486758946	-0.00565211693913	0.0766369535869	0.0975192208895	-0.0176370385614	-0.0673519780556	-0.0121069860367	-0.0068352227799	0.0165575054682	-0.00711920663729	-0.0239782397839	0.0454300265231	0.00789492394516	0.00356203396367	-0.0300611962713	0.016977304986
k__Bacteria;p__Bacteroidetes;c__Bacteroidia;o__Bacteroidales;f__Bacteroidaceae;g__Bacteroides;s__Bacteroides_coprophilus	0.0350623069162	-0.0477195268595	0.0626734334943	0.0353956191262	-0.036345439833	0.0340681289973	-0.00486021699587	0.0205438298997	-0.000337231030464	-0.0641984151707	-0.00337788699671	-0.00549475764625	-0.0234643083798	0.00544542962652	-0.0662599127719	0.0275629218492	-0.00662445575779	-0.0290897937512	0.0500552860023	-0.00462852043398	0.00460314676331	0.038663188768	-0.0510572302899	-0.0391377945708	0.0140137021972	1.0	-0.00363992171351	0.0402409808414	0.0200025861683	0.0375127499003	-0.00576883962971	-0.0117080565185	-0.0466718350394	-0.0341575327824	-0.0581059074931	-0.0410803449893	0.0315186111623	-0.011979655478	-0.000773551725233	-0.0294702837508	-0.0136277238227	-0.0680316836502	-0.00943010547854	-0.024430042842	0.0558557372825	0.0267326568211	-0.0274546540141	-0.00441358828434	0.00151485689835	-0.000909533290538	-0.00654854180166	-0.0732862626745	-0.00639895081715	-0.0293510474406	0.0263040641537	-0.000786410975529	-0.0115303764262	-0.105331845467	0.0197775204506
k__Bacteria;p__Firmicutes;c__Clostridia;o__Clostridiales;f__Lachnospiraceae;g__Roseburia;s__Roseburia_intestinalis	-0.0393929966344	-0.00777951044555	-0.0189968816191	-0.0359571269963	-0.0473593070633	-0.0152678402489	-0.0343158511074	-0.0790541676669	-0.042303671798	-0.0337147797618	-0.0337702427539	0.0227402454258	-0.0732728558511	-0.0399519959343	0.0231647197297	-0.0327586354781	-0.0143464664282	-0.00472848799466	0.0605983006636	-0.0119481618097	0.0241679523785	0.0654878798611	0.00846609319684	-0.00522196519856	-0.0571484025883	-0.00363992171351	1.0	0.0151911273195	-0.0443997395438	-0.0318676568848	-0.0137078589255	-0.0382048216564	0.0171828471195	-0.0177819087664	-0.064863048214	0.053518080666	0.0213674619881	-0.0496914318577	-0.00372266637933	0.0104943760901	-0.0325593195397	-0.0193082563212	-0.0146245264731	-0.0231020687865	0.0195841024761	-0.0247141580829	-0.0248537689201	-0.00956914752764	-0.0310253714879	0.0521116462264	-0.0252383206638	-0.0329664968205	-0.0336139396795	-0.0296566704678	0.0205400966281	-0.097228112697	0.0273243179341	-0.00828130924553	-0.0114964492757
k__Bacteria;p__Firmicutes;c__Clostridia;o__Clostridiales;f__Lachnospiraceae;g__Roseburia;s__Roseburia_hominis	0.0104099545104	0.0206804780923	0.0257621983156	0.0466360287964	0.0335045926023	-0.0361798708394	-0.0670384215126	-0.00207041821769	0.0314640211987	0.0356609254916	-0.015158009045	0.0754551588847	0.0491760756201	0.0185391252235	-0.1049633896	-0.0251723678678	-0.0741820581417	0.0279968279639	-0.0848385241454	-0.040590625187	-0.0052329349371	0.0326862445619	0.0470370228862	-0.0622550149494	-0.0825417044178	0.0402409808414	0.0151911273195	1.0	0.0734972848691	-0.00264015721035	-0.00174459316841	-0.0124363226983	-0.0135495358911	0.0776826286556	-0.0398826352605	-0.0238862487922	-0.0532580135374	0.0254290524211	-0.000918941655398	-0.0319736342482	-0.0350852373171	-0.00949433046992	-0.00571203060897	-0.00153167165557	0.0446401326718	0.00292701262454	0.0136001863065	-0.0139280590678	-0.0205003608394	-0.0287037605982	0.00287342828976	-0.0693983844128	-0.0471745642752	0.0374534804834	-0.0336187508049	-0.0456119271452	-0.00686875947932	-0.0236721700994	-0.00489233394833
k__Bacteria;p__Bacteroidetes;c__Bacteroidia;o__Bacteroidales;f__Porphyromonadaceae;g__Parabacteroides;s__Parabacteroides_johnsonii	-0.00285919567188	0.00950242411376	-0.00254371599953	0.0226886674257	0.0189011699243	0.0123248362527	-0.0532470966386	-0.00085538708958	-0.075287253146	0.0790158718339	0.0160659994182	-0.00749011254704	0.000394012130257	0.00806049078789	-0.0211560769179	0.0708662824616	-0.0407070881885	-0.0507154642042	-0.0790528496927	-0.0209992506182	-0.00829325687069	-0.0181062245373	0.0137212034862	-0.0458164707302	-0.0010096949183	0.0200025861683	-0.0443997395438	0.0734972848691	1.0	0.0300752387531	-0.0656981366896	0.0652101575631	-0.00575731933576	-0.0210579397834	-0.025552416793	-0.00278909951526	0.0315172788843	0.0433731941839	-0.00811705372741	-0.0813116727486	0.0477944166451	-0.0647507022103	-0.00871492925764	-0.0248526289769	-0.0194866271218	0.0190153719482	0.0307454880855	-0.000202749067667	-0.0548377838707	0.0155694115836	-0.0973685541778	0.00455133912943	0.00525551520737	0.0368815035567	-0.0105824752591	-0.07012875473	-0.0387537331965	-0.0166519350272	0.00297070573983
k__Bacteria;p__Actinobacteria;c__Actinobacteria;o__Bifidobacteriales;f__Bifidobacteriaceae;g__Bifidobacterium;s__Bifidobacterium_longum	-0.0681295573698	-0.0660966218114	0.00114586619414	-0.0829813458592	-0.0601929870406	0.0245704848977	0.0166829554385	-0.00822676026412	-0.00991959335909	-0.0326245659291	-0.0135700235268	0.0218395536434	-0.0447858817678	-0.0114220031808	-0.0141516392839	-0.092291254242	0.00221708990574	-0.0707913859677	0.0587664873659	-0.0213052339246	-0.0163548849488	0.00660672731014	0.0300680657602	-0.0890230453922	0.00247276765347	0.0375127499003	-0.0318676568848	-0.00264015721035	0.0300752387531	1.0	-0.00763390863278	-0.080130357528	0.00778531905151	-0.00308237841624	0.0624673096512	-0.0209364614866	0.0506399804041	-0.028465796975	0.03668345729	0.0296577430556	-0.00640095652628	-0.0595651754336	0.0295615428636	-0.00334001970533	-0.0578267138228	0.0312224006796	-0.0516048869315	0.0159082476596	-0.00664146126821	-0.038851925357	0.0830897255987	-0.00429289533092	-0.0725181708362	0.0229423346783	-0.00135555268223	-0.0112006521103	-0.00537829806094	0.00152886664564	0.0243790795949
