#taxonomy	k__Bacteria;p__Bacteroidetes;c__Bacteroidia;o__Bacteroidales;f__Bacteroidaceae;g__Bacteroides;s__Bacteroides_vulgatus	k__Bacteria;p__Bacteroidetes;c__Bacteroidia;o__Bacteroidales;f__Bacteroidaceae;g__Bacteroides;s__Bacteroides_uniformis	k__Bacteria;p__Bacteroidetes;c__Bacteroidia;o__Bacteroidales;f__Rikenellaceae;g__Alistipes;s__Alistipes_putredinis	k__Bacteria;p__Bacteroidetes;c__Bacteroidia;o__Bacteroidales;f__Prevotellaceae;g__Prevotella;s__Prevotella_copri	k__Bacteria;p__Bacteroidetes;c__Bacteroidia;o__Bacteroidales;f__Bacteroidaceae;g__Bacteroides;s__Bacteroides_stercoris	k__Bacteria;p__Bacteroidetes;c__Bacteroidia;o__Bacteroidales;f__Bacteroidaceae;g__Bacteroides;s__Bacteroides_ovatus	k__Bacteria;p__Bacteroidetes;c__Bacteroidia;o__Bacteroidales;f__Rikenellaceae;g__Alistipes;s__Alistipes_shahii	k__Bacteria;p__Firmicutes;c__Clostridia;o__Clostridiales;f__Ruminococcaceae;g__Faecalibacterium;s__Faecalibacterium_prausnitzii	k__Bacteria;p__Bacteroidetes;c__Bacteroidia;o__Bacteroidales;f__Rikenellaceae;g__Alistipes;s__Alistipes_finegoldii	k__Bacteria;p__Bacteroidetes;c__Bacteroidia;o__Bacteroidales;f__Porphyromonadaceae;g__Parabacteroides;s__Parabacteroides_distasonis	k__Bacteria;p__Bacteroidetes;c__Bacteroidia;o__Bacteroidales;f__Bacteroidaceae;g__Bacteroides;s__Bacteroides_thetaiotaomicron	k__Bacteria;p__Bacteroidetes;c__Bacteroidia;o__Bacteroidales;f__Bacteroidaceae;g__Bacteroides;s__Bacteroides_coprocola	k__Bacteria;p__Bacteroidetes;c__Bacteroidia;o__Bacteroidales;f__Bacteroidaceae;g__Bacteroides;s__Bacteroides_cellulosilyticus	k__Bacteria;p__Bacteroidetes;c__Bacteroidia;o__Bacteroidales;f__Rikenellaceae;g__Alistipes;s__Alistipes_obesi	k__Bacteria;p__Firmicutes;c__Clostridia;o__Clostridiales;f__Lachnospiraceae;g__;s__[Eubacterium]_rectale	k__Bacteria;p__Bacteroidetes;c__Bacteroidia;o__Bacteroidales;f__Bacteroidaceae;g__Bacteroides;s__Bacteroides_plebeius	k__Bacteria;p__Bacteroidetes;c__Bacteroidia;o__Bacteroidales;f__Bacteroidaceae;g__Bacteroides;s__Bacteroides_fragilis	k__Bacteria;p__Proteobacteria;c__Betaproteobacteria;o__Burkholderiales;f__Sutterellaceae;g__Sutterella;s__Sutterella_wadsworthensis	k__Bacteria;p__Bacteroidetes;c__Bacteroidia;o__Bacteroidales;f__Porphyromonadaceae;g__Barnesiella;s__Barnesiella_intestinihominis	k__Bacteria;p__Bacteroidetes;c__Bacteroidia;o__Bacteroidales;f__Odoribacteraceae;g__Odoribacter;s__Odoribacter_splanchnicus	k__Bacteria;p__Bacteroidetes;c__Bacteroidia;o__Bacteroidales;f__Bacteroidaceae;g__Bacteroides;s__Bacteroides_salyersiae	k__Bacteria;p__Firmicutes;c__Clostridia;o__Clostridiales;f__Ruminococcaceae;g__Ruminiclostridium;s__[Eubacterium]_siraeum	k__Bacteria;p__Proteobacteria;c__Betaproteobacteria;o__Burkholderiales;f__Sutterellaceae;g__Parasutterella;s__Parasutterella_excrementihominis	k__Bacteria;p__Actinobacteria;c__Actinobacteria;o__Bifidobacteriales;f__Bifidobacteriaceae;g__Bifidobacterium;s__Bifidobacterium_adolescentis	k__Bacteria;p__Firmicutes;c__Clostridia;o__Clostridiales;f__Oscillospiraceae;g__Oscillibacter;s__Oscillibacter_sp._KLE_1745	k__Bacteria;p__Bacteroidetes;c__Bacteroidia;o__Bacteroidales;f__Bacteroidaceae;g__Bacteroides;s__Bacteroides_coprophilus	k__Bacteria;p__Firmicutes;c__Clostridia;o__Clostridiales;f__Lachnospiraceae;g__Roseburia;s__Roseburia_intestinalis	k__Bacteria;p__Firmicutes;c__Clostridia;o__Clostridiales;f__Lachnospiraceae;g__Roseburia;s__Roseburia_hominis	k__Bacteria;p__Bacteroidetes;c__Bacteroidia;o__Bacteroidales;f__Porphyromonadaceae;g__Parabacteroides;s__Parabacteroides_johnsonii	k__Bacteria;p__Actinobacteria;c__Actinobacteria;o__Bifidobacteriales;f__Bifidobacteriaceae;g__Bifidobacterium;s__Bifidobacterium_longum	k__Bacteria;p__Firmicutes;c__Clostridia;o__Clostridiales;f__;g__Flavonifractor;s__Flavonifractor_plautii	k__Bacteria;p__Firmicutes;c__Clostridia;o__Clostridiales;f__Clostridiaceae;g__Clostridium;s__Clostridium_phoceensis	k__Bacteria;p__Verrucomicrobia;c__Verrucomicrobiae;o__Verrucomicrobiales;f__Akkermansiaceae;g__Akkermansia;s__Akkermansia_muciniphila	k__Bacteria;p__Bacteroidetes;c__Bacteroidia;o__Bacteroidales;f__Prevotellaceae;g__Paraprevotella;s__Paraprevotella_xylaniphila	k__Bacteria;p__Firmicutes;c__Clostridia;o__Clostridiales;f__Ruminococcaceae;g__Ruminococcus;s__Ruminococcus_callidus	k__Bacteria;p__Bacteroidetes;c__Bacteroidia;o__Bacteroidales;f__Rikenellaceae;g__Alistipes;s__Alistipes_senegalensis	k__Bacteria;p__Firmicutes;c__Clostridia;o__Clostridiales;f__Lachnospiraceae;g__Blautia;s__Blautia_sp._KLE_1732	k__Bacteria;p__Bacteroidetes;c__Bacteroidia;o__Bacteroidales;f__Bacteroidaceae;g__Bacteroides;s__Bacteroides_oleiciplenus	k__Bacteria;p__Firmicutes;c__Clostridia;o__Clostridiales;f__Ruminococcaceae;g__Ruminococcus;s__Ruminococcus_bicirculans	k__Bacteria;p__Bacteroidetes;c__Bacteroidia;o__Bacteroidales;f__Bacteroidaceae;g__Bacteroides;s__Bacteroides_fluxus	k__Bacteria;p__Bacteroidetes;c__Bacteroidia;o__Bacteroidales;f__Prevotellaceae;g__Prevotella;s__Prevotella_stercorea	k__Bacteria;p__Firmicutes;c__Clostridia;o__Clostridiales;f__Lachnospiraceae;g__Dorea;s__Dorea_longicatena	k__Bacteria;p__Firmicutes;c__Clostridia;o__Clostridiales;f__Eubacteriaceae;g__Eubacterium;s__[Eubacterium]_eligens	k__Bacteria;p__Firmicutes;c__Clostridia;o__Clostridiales;f__Ruminococcaceae;g__;s__Ruminococcaceae_bacterium_D16	k__Bacteria;p__Firmicutes;c__Clostridia;o__Clostridiales;f__Lachnospiraceae;g__Coprococcus;s__Coprococcus_comes	k__Bacteria;p__Proteobacteria;c__Gammaproteobacteria;o__Enterobacterales;f__Enterobacteriaceae;g__Escherichia;s__Escherichia_coli	k__Bacteria;p__Firmicutes;c__Clostridia;o__Clostridiales;f__Ruminococcaceae;g__Anaerotruncus;s__Anaerotruncus_colihominis	k__Bacteria;p__Firmicutes;c__Clostridia;o__Clostridiales;f__Lachnospiraceae;g__Blautia;s__Blautia_obeum	k__Bacteria;p__Bacteroidetes;c__Bacteroidia;o__Bacteroidales;f__Odoribacteraceae;g__Odoribacter;s__Odoribacter_laneus	k__Bacteria;p__Firmicutes;c__Clostridia;o__Clostridiales;f__Ruminococcaceae;g__Ruminiclostridium;s__[Clostridium]_leptum	k__Bacteria;p__Bacteroidetes;c__Bacteroidia;o__Bacteroidales;f__Porphyromonadaceae;g__Parabacteroides;s__Parabacteroides_goldsteinii	k__Bacteria;p__Firmicutes;c__Clostridia;o__Clostridiales;f__Lachnospiraceae;g__Anaerostipes;s__Anaerostipes_hadrus	k__Bacteria;p__Firmicutes;c__Clostridia;o__Clostridiales;f__Ruminococcaceae;g__Ruminococcus;s__Ruminococcus_lactaris	k__Bacteria;p__Firmicutes;c__Clostridia;o__Clostridiales;f__Clostridiaceae;g__Clostridium;s__Clostridium_sp._L2-50	k__Bacteria;p__Firmicutes;c__Clostridia;o__Clostridiales;f__Clostridiaceae;g__Clostridium;s__Clostridium_sp._M62/1	k__Bacteria;p__Firmicutes;c__Clostridia;o__Clostridiales;f__;g__Intestinimonas;s__Intestinimonas_butyriciproducens	k__Bacteria;p__Actinobacteria;c__Actinobacteria;o__Bifidobacteriales;f__Bifidobacteriaceae;g__Bifidobacterium;s__Bifidobacterium_bifidum	k__Bacteria;p__Firmicutes;c__Negativicutes;o__Veillonellales;f__Veillonellaceae;g__Dialister;s__Dialister_invisus	k__Bacteria;p__Bacteroidetes;c__Bacteroidia;o__Bacteroidales;f__Bacteroidaceae;g__Bacteroides;s__Bacteroides_salanitronis
k__Bacteria;p__Bacteroidetes;c__Bacteroidia;o__Bacteroidales;f__Bacteroidaceae;g__Bacteroides;s__Bacteroides_vulgatus	1.0	-0.0240133934246	-0.0343972025753	-0.0594910266798	0.0354552196096	-0.128660276019	-0.00164917180225	-0.0797514634124	0.0350012696327	-0.0186611946372	-0.0268340390013	0.0117629568601	0.0304697162091	-0.0312513669988	-0.08263095649	0.0518222872822	0.037520999191	-0.0735602858178	-0.0112622507038	0.039617634621	-0.04450714562	-0.0717239174446	-0.00962970936838	0.0358481354163	-0.0169709012782	0.0278941884467	-0.0622000002671	0.0178691865707	-0.0385214643753	0.0707230130357	-0.0616296411094	-0.0296271144999	-0.0161397637745	0.0358320971132	-0.0525819172918	-0.00381160026127	-0.0372241130432	0.0445262250671	-0.0626089291575	0.00821007789068	-0.0029674573502	-0.0809389643701	-0.021727256032	-0.0468423507007	-0.0031413083563	0.0100557563919	-0.0648455896558	-0.0334092222018	0.0388371916381	-0.0227251029009	-0.0259236294909	-0.00409754169897	-0.00589396118243	0.058738542186	0.0437418489283	-0.0302021929183	0.0150226031305	0.0359899872805	-0.010442950603
k__Bacteria;p__Bacteroidetes;c__Bacteroidia;o__Bacteroidales;f__Bacteroidaceae;g__Bacteroides;s__Bacteroides_uniformis	-0.0240133934246	1.0	0.0030784116678	0.0518700002393	0.058960553564	-0.045846844989	0.00589769619739	-0.0166111102921	0.00457868028688	-0.00526850035689	0.0327134471793	-0.00296015475579	0.00551085677794	0.00794715126009	-0.121544307627	0.0350469885774	-0.0664885049639	-0.0148880101244	0.0058833779691	0.0296732354583	0.0160224220986	-0.0331881760343	0.0539995403011	-0.00793750068509	0.00500166552728	-0.0364974607574	0.0121124093777	0.0284275080225	-0.00926511464138	-0.0464293946033	0.00137033144014	-0.0255243544319	0.106203338958	-0.00918706024937	0.000241837068796	-0.0431746742205	0.0427301181553	-0.0150319903201	-0.0397142212348	0.0568617913546	-0.0136086910133	-0.0557141389748	-0.0199361925996	0.026990352852	0.00563981741792	0.00114541409319	0.0618804878708	0.0291658683638	-0.030978314503	-0.0626177204668	-0.00204136055194	0.0424174525542	-0.0375644163591	-0.0199257113877	0.0699790982753	-0.0428961278105	0.0246168083339	0.00365350278946	-0.000883054991722
k__Bacteria;p__Bacteroidetes;c__Bacteroidia;o__Bacteroidales;f__Rikenellaceae;g__Alistipes;s__Alistipes_putredinis	-0.0343972025753	0.0030784116678	1.0	-0.000466043314537	0.0478435549387	-0.00974077545788	0.0675679774472	0.0564128775041	-0.00889146822456	-0.109813258112	-0.0194825615658	0.00509620177058	-0.0690049709124	0.0321730670861	0.00742833901563	0.0220814514496	-0.026184232967	-0.0416137311901	0.0528678855717	0.0459322806398	-0.0311033953817	0.0811760313223	-0.0268666805563	0.00241334126541	-0.0200091895635	-0.0154086247149	0.0326342596092	-0.0126769694401	-0.0308633542761	-0.00606936269217	0.025911262619	0.019762285147	-0.0210997558779	-0.0665524869143	-0.0643211992789	0.0222745941808	0.0238974329402	-0.0415047343085	-0.0355101342225	0.0131490295091	-0.0603664446118	-0.0303317780362	-0.0558379686978	-0.0510380294609	-0.00766498265481	-0.0182162578361	0.0377124451995	-0.0477859921726	-0.0103814760121	-0.0151327905035	-0.086660180351	-0.0335602743406	0.0395269294766	-0.0167169480234	-0.00154908974608	-0.063307688129	-0.0318863889051	-0.00439320157118	-0.0755706527779
k__Bacteria;p__Bacteroidetes;c__Bacteroidia;o__Bacteroidales;f__Prevotellaceae;g__Prevotella;s__Prevotella_copri	-0.0594910266798	0.0518700002393	-0.000466043314537	1.0	-0.0201812108469	0.000490921115597	-0.00466656657404	0.0686075940649	0.00642022321478	-0.0168005456992	0.0104919945966	0.0968309125217	0.0139390366622	-0.00583424946503	0.0142096266943	0.0692321008093	0.10308749008	-0.0432479921785	-0.0328407919813	-0.00251889648508	-0.0554275515741	-0.019678197581	0.0476141448665	-0.0498592368256	0.0124629958432	-0.0303790806106	-0.0052298410124	0.0438605576138	-0.00384421130254	-0.0879342779829	-0.0448720621182	0.0148170805329	-0.0668501669255	0.00158104119103	-0.0469040810953	0.00154596781658	-0.0297072837037	0.0128919513116	-0.0896425612136	-0.0296660140572	-0.0265776783627	0.0162963439788	-0.00123340114368	-0.0610378992369	-0.0940424893331	0.0295393681397	-0.043089072589	-0.0530759910577	-0.022978431677	-0.0127990511379	-0.0417967041148	-0.0440583668669	-0.0392899742255	0.000338047945692	-0.0330112946358	-0.0722674355573	-0.0307350855162	0.0503740596251	-0.0254158866579
k__Bacteria;p__Bacteroidetes;c__Bacteroidia;o__Bacteroidales;f__Bacteroidaceae;g__Bacteroides;s__Bacteroides_stercoris	0.0354552196096	0.058960553564	0.0478435549387	-0.0201812108469	1.0	-0.0255062078475	-0.0213963185081	-0.00978588748234	0.0143049799834	-0.0461247321362	0.0541640353582	-0.00703573430933	-0.0510067233992	0.020536568869	-0.005920192945	-0.0742806069936	-0.0570467857259	-0.0737898949077	-0.0315508778802	-0.0351677560993	-0.0245011280537	0.0204231687412	-0.00984219950376	0.00241978014246	0.0648555562242	-0.0238014059609	-0.0560540062164	-0.0370917579238	-0.0220488495657	-0.00220059370534	0.0613499737556	-0.0361217316424	-0.0437889212164	0.0265805653735	0.00703907685644	-0.0271838129949	-0.115622004657	0.0465744202009	-0.00489283047259	-0.0211733940556	0.0872283190144	-0.0268414496055	-0.0510800003687	-0.00383504097606	-0.0332711378489	-0.0759373515762	-0.0413453483464	-0.0613457474055	0.0335931233862	0.108496324246	-0.0100851008515	-0.0677532329748	-0.0250483640626	0.0374910286264	-0.0229665104583	-0.0991290058495	0.00128430423937	0.0371241384071	0.0513532300663
k__Bacteria;p__Bacteroidetes;c__Bacteroidia;o__Bacteroidales;f__Bacteroidaceae;g__Bacteroides;s__Bacteroides_ovatus	-0.128660276019	-0.045846844989	-0.00974077545788	0.000490921115596	-0.0255062078475	1.0	0.0800370026584	-0.0621759232575	0.103782174544	-0.0158767502181	0.00971976670623	0.0621250889676	0.0132696910442	-0.0160853722689	0.0167157754207	-0.0214710821795	-0.053842097644	-0.0371721446651	-0.0396316284659	-0.00162282813364	0.00247266812462	-0.0211748811083	-0.0343238775145	0.0228208710913	-0.0152029870874	-0.0334633895434	0.0426988519341	-0.0161674047894	-0.027694530311	0.00571564131357	0.00376430313346	-0.0164191494116	-0.0148380472713	0.00143047829455	0.00792083641333	-0.02715206596	0.0439074047385	-0.0855266771066	0.0257276108115	-0.000743706500656	0.0390294603506	-0.0226754961641	-0.0445867995862	0.026161862144	-0.01144788684	-0.0360208783644	0.0291070709839	0.0522209746797	0.00840598772353	-0.0682179076515	-0.0205246109044	-0.057957352476	-0.0461779744978	0.0215206899787	0.000704785287523	-0.0238584415508	-0.0573906391578	0.0803850568946	-0.0253840923325
k__Bacteria;p__Bacteroidetes;c__Bacteroidia;o__Bacteroidales;f__Rikenellaceae;g__Alistipes;s__Alistipes_shahii	-0.00164917180225	0.00589769619739	0.0675679774472	-0.00466656657404	-0.0213963185081	0.0800370026584	1.0	-0.0868269710217	-0.00120383608501	0.0296760210262	-0.024579691314	0.0523545843293	0.0106687078994	-0.0110082181941	-0.0498515395057	0.0421450973255	0.0482285391889	-0.0212209022603	-0.0453776548045	-0.0418074339486	-0.0361250661844	-0.00919723181446	0.0321787623344	0.0200479803504	-0.0706275594591	-0.00357532495495	0.00041242961789	-0.044580299785	0.00982160244253	0.0223625514168	-0.00756116769624	0.020550489812	-0.0377145049053	-0.0267717063651	-0.0262895791432	-0.0498537269355	-0.00518086083787	0.00304609636557	0.060562526876	-0.0179567688875	-0.0221457000568	-0.026824831287	-0.0231475003375	0.0188941709878	-0.0254986648366	0.0038784061628	0.0389936868603	-0.0278778407095	-0.0250060524894	0.0268340028507	0.0342568284766	-0.0234299043561	-0.0427927349229	0.000573182015938	0.0505772662696	-0.0755354614411	0.0301353086018	-0.0127132672438	0.0223438755255
k__Bacteria;p__Firmicutes;c__Clostridia;o__Clostridiales;f__Ruminococcaceae;g__Faecalibacterium;s__Faecalibacterium_prausnitzii	-0.0797514634124	-0.0166111102921	0.0564128775041	0.0686075940649	-0.00978588748234	-0.0621759232575	-0.0868269710217	1.0	0.0138313176525	0.0443298731619	-0.0582247247902	0.000665129737934	-0.00793284439521	-0.0850705266719	0.0044830405549	-0.00328775162923	-0.0301741443918	-0.0113568501797	0.0278550150119	-0.0135375802101	0.0353616223519	0.0284969771958	0.0149788144917	-0.0314897148251	0.0222030281176	-0.0166605377333	-0.0220851467811	-0.0265072650416	0.0808351003289	0.0717736467416	0.0994660274178	0.0209804625741	0.0383665921642	-0.00179915785588	0.0196350360453	-0.0407405900844	0.00980038928911	-0.0143560221273	0.000640852902827	-0.049441600085	0.00314410325846	-0.0218782527718	0.00279783493513	-0.0140350852157	-0.0895023276659	-0.00022827214941	-0.0922324724299	-0.09723626219	-0.0265730141512	0.00501715047028	-0.0760192894189	-0.0103000349871	-0.0183347451073	0.0925880268989	-0.0250801381622	0.019493804406	-0.0506610240579	-0.0537242487467	0.0034355934736
k__Bacteria;p__Bacteroidetes;c__Bacteroidia;o__Bacteroidales;f__Rikenellaceae;g__Alistipes;s__Alistipes_finegoldii	0.0350012696327	0.00457868028688	-0.00889146822456	0.00642022321478	0.0143049799834	0.103782174544	-0.00120383608501	0.0138313176525	1.0	-0.0182962310468	-0.0290583105629	0.0288675564076	-0.0363524698584	-0.0334727388123	-0.0189186676821	-0.0519912867825	-0.0513269264485	0.0143643325526	-0.0182214016934	-0.00886271629187	-0.0433250176598	-0.0119711338707	-0.0353979744319	-0.041260349242	-0.0115067345287	0.00551104253188	-0.00960005859089	0.039942525725	-0.00228620714521	-0.014566193583	-0.00413349833282	0.00773889780394	0.0688104840056	-0.0382644900992	-0.100310265428	-0.0302504189329	-0.0031489073807	-0.0367730281225	0.02784239729	-0.00588210539841	0.0268086414968	0.0844964823861	-0.0619424518066	0.0649431160754	-0.0382263562546	-0.0391797948419	0.0026828215702	-0.0383858120824	-0.0111395332162	-0.00850048072791	-0.0428485763263	-0.0255318566491	-0.0316736974973	-0.0116066499687	-0.0341753127704	0.0249324804638	0.030373573478	-0.065793170124	0.0150586692709
k__Bacteria;p__Bacteroidetes;c__Bacteroidia;o__Bacteroidales;f__Porphyromonadaceae;g__Parabacteroides;s__Parabacteroides_distasonis	-0.0186611946372	-0.00526850035689	-0.109813258112	-0.0168005456992	-0.0461247321362	-0.0158767502181	0.0296760210262	0.0443298731619	-0.0182962310468	1.0	0.0181092827226	-0.00799336269173	-0.0948086813654	-0.0487107637538	-0.0538546309591	-0.0371042645378	0.0554446040666	-0.00933403847216	0.0172687610418	-0.0862027393204	0.0362923730515	-0.0239425037585	-0.0169021176855	-0.0408911206122	0.0294423474899	0.0256190880095	0.0475957261428	0.017630348548	-0.0277852202734	0.00724435265134	-0.0168985757016	0.0394858844687	-0.0165320261568	-0.0246865346568	0.103980391411	-0.10564317028	-0.00160706838197	0.0319353671438	0.027458989597	-0.0603986939017	0.0461489384871	0.00546016460634	-0.0349690258703	-0.0217152246259	-0.0367294911249	-0.0639714211761	0.0612617461921	-0.00304302776835	-0.0222391280616	-0.045627963314	-0.0387400814925	-0.0340045145327	-0.0456313179022	0.0139519874689	0.0125226880785	-0.00817119328185	0.0107685199536	0.0168855611508	-0.0945126869727
k__Bacteria;p__Bacteroidetes;c__Bacteroidia;o__Bacteroidales;f__Bacteroidaceae;g__Bacteroides;s__Bacteroides_thetaiotaomicron	-0.0268340390013	0.0327134471793	-0.0194825615658	0.0104919945966	0.0541640353582	0.00971976670623	-0.024579691314	-0.0582247247902	-0.0290583105629	0.0181092827226	1.0	-0.0665156448178	-0.0531918681989	-0.021526616495	-0.100570624053	0.0174428574277	-0.0218590075456	0.0593548346719	0.00945984533779	-0.0334578835548	0.135119524718	0.0230587431274	0.00232904851022	-0.101225310751	0.0297281801074	0.0312877898532	-0.00657146227751	0.00631994641009	0.00266961040935	0.00325869802993	-0.0778489826574	0.0223836362465	-0.0628165752352	-0.0161065909161	0.0106804700469	0.00448951471951	-0.0128654887225	-0.0380711616901	-0.0634667977123	-0.054479581357	0.0228297966208	-0.0864696460684	-0.0213268259401	0.0466581976279	0.030547737726	-0.0495155402904	-0.0207172353375	-0.000481283349862	-0.0509392552778	-0.0625172010538	-0.0273441863822	0.00225106930809	-0.00354626471248	-0.0630265624203	0.0106019922722	0.0310702504012	-0.0557523590843	0.0531129082897	0.0150116087374
k__Bacteria;p__Bacteroidetes;c__Bacteroidia;o__Bacteroidales;f__Bacteroidaceae;g__Bacteroides;s__Bacteroides_coprocola	0.0117629568601	-0.00296015475579	0.00509620177058	0.0968309125217	-0.00703573430933	0.0621250889676	0.0523545843293	0.000665129737934	0.0288675564076	-0.00799336269173	-0.0665156448178	1.0	-0.10465272195	0.0144185753533	0.0231666092081	-0.0110941735127	0.0158805831159	-0.0290351946084	-0.0307541651402	-0.0011107913062	-0.0130891467973	-0.0286448118826	-0.0847965343191	-0.0478422598321	0.00275844331047	0.0205612129633	0.0189864404283	-0.0184291721772	-0.0192169209048	-0.0621765704385	-0.0433522831751	-0.0341408481211	-0.0359370821106	-0.0313652969975	-0.0228373222654	-0.0505469429618	0.0180167633743	-0.0421563164707	0.0644448900021	0.00695645122418	-0.0305753654984	-0.025065065224	-0.0273800207615	0.0293204233583	-0.0315724864885	-0.0265337073432	0.00528607144773	0.0266996430341	-0.0191406564718	-0.0346290664927	0.0535611769172	-0.122502202229	-0.00082985734324	0.00258170492416	-0.0323884146367	-0.0296058066188	-0.0577499366453	0.00321843252259	0.0137148411219
k__Bacteria;p__Bacteroidetes;c__Bacteroidia;o__Bacteroidales;f__Bacteroidaceae;g__Bacteroides;s__Bacteroides_cellulosilyticus	0.0304697162091	0.00551085677794	-0.0690049709124	0.0139390366622	-0.0510067233992	0.0132696910442	0.0106687078994	-0.00793284439521	-0.0363524698584	-0.0948086813654	-0.0531918681989	-0.10465272195	1.0	-0.039475081478	0.00335416344361	-0.0191321394236	-0.00209422024817	0.00209791449239	-0.00639902106245	0.0152947988099	0.00452882456756	-0.00873282496402	0.00360878210661	0.00233077720359	-0.0058495511365	-0.064017559388	-0.00766881506827	-0.0183278141679	-0.0353830399121	0.0532224857597	-0.0648210822702	0.0109807325078	0.0210860940279	-0.0261431623061	0.021348355066	-0.00595286015568	0.00925135953705	0.000270781090747	-0.0924574653626	-0.0839963855972	-0.0476442908103	-0.037537607114	0.107728633472	-0.0096321731904	0.00487600320576	-0.0104235517328	0.0249270723519	-0.106589565194	0.0947309738417	0.026850304123	0.0603098944274	-0.0673894421494	-0.022413834487	-0.0175454595127	-0.0418910263163	0.0908583624491	-0.0172655355664	0.0424663046226	0.110996135225
k__Bacteria;p__Bacteroidetes;c__Bacteroidia;o__Bacteroidales;f__Rikenellaceae;g__Alistipes;s__Alistipes_obesi	-0.0312513669988	0.00794715126009	0.0321730670861	-0.00583424946503	0.020536568869	-0.0160853722689	-0.0110082181941	-0.0850705266719	-0.0334727388123	-0.0487107637538	-0.021526616495	0.0144185753533	-0.039475081478	1.0	0.0228089355914	-0.0576734508572	-0.048185740522	-0.0273551112813	-0.00182345589716	0.0197748339999	-0.0195628532595	0.0155612301455	-0.101574160957	-0.0257717754038	-0.0165199263756	0.0320552116804	-0.00457692268567	-0.0788059921223	-0.0541094587156	0.0127679944057	-0.0652522439987	0.01645857024	0.0644667844399	0.0316311503456	-0.0300004095186	-0.0298650914236	-0.0433569153984	-0.000841125174844	-0.119344184533	-0.0518422062319	0.0131292551062	0.0350667294935	0.000257455589797	-0.0143511630261	0.0623446608672	-0.00277412491045	0.0108510553499	0.0161409986727	0.0163841666351	0.112464237825	-0.0630086074373	-0.0134732970911	-0.0309657672347	-0.00969422144745	-0.0218095039383	-0.00321170840688	0.0278107674809	-0.00140515168155	-0.0198941873956
k__Bacteria;p__Firmicutes;c__Clostridia;o__Clostridiales;f__Lachnospiraceae;g__;s__[Eubacterium]_rectale	-0.08263095649	-0.121544307627	0.00742833901563	0.0142096266943	-0.005920192945	0.0167157754207	-0.0498515395057	0.0044830405549	-0.0189186676821	-0.0538546309591	-0.100570624053	0.0231666092081	0.00335416344361	0.0228089355914	1.0	-0.0605182126105	-0.0404953208611	0.00924847725198	0.00184189602668	-0.0239366954176	0.0106348958199	-0.000503309217107	0.0432899673606	0.0369561577747	-0.0121264362856	-0.0682243981753	0.0108597104547	-0.012953775304	0.0621595623434	0.00643661789098	-0.0440882350978	-0.0254767589969	0.002290183766	0.021979458126	-0.0675554019294	0.0267528234881	-0.00782254976494	0.0186413667909	0.0155275127608	0.0286467106056	-0.0804001388916	-0.0145840601165	-0.0587438713432	0.0330502630089	0.0439289649738	-0.00445376980328	-0.009503853155	0.00647776506592	0.00825487065332	-0.0288259620734	-0.0281687914639	-0.080475286402	0.00583339868464	-0.0645570777927	-0.0334503230003	0.0680523725509	-0.00928313395774	-0.0351235318937	0.0240901685785
k__Bacteria;p__Bacteroidetes;c__Bacteroidia;o__Bacteroidales;f__Bacteroidaceae;g__Bacteroides;s__Bacteroides_plebeius	0.0518222872822	0.0350469885774	0.0220814514496	0.0692321008093	-0.0742806069936	-0.0214710821795	0.0421450973255	-0.00328775162923	-0.0519912867825	-0.0371042645378	0.0174428574277	-0.0110941735127	-0.0191321394236	-0.0576734508572	-0.0605182126105	1.0	0.0331874020959	0.0438768856092	-0.0626050342941	0.0393272996833	0.0221850690181	0.00772428714447	-0.0151962575114	-0.0189112699798	-0.0675698213467	0.0631122321845	0.0188676549893	-0.0369156151047	0.0235104293797	-0.108128099002	0.0271077143029	0.0140485676143	-0.07749742882	0.0130144595944	-0.0787595467728	-0.00264172478352	-0.0630538242684	0.0437272032167	-0.0209680121786	-0.0336909290786	-0.0645626987248	-0.0560255148392	-0.0768808819882	-0.10415884424	-0.108923550269	-0.0249926720641	-0.0514998763571	0.00498745103457	-0.0385036716557	-0.0116914757787	0.00470158315302	0.066799075151	-0.0625179236188	-0.0165352656176	0.050977627633	-0.00866931763612	0.045172148763	-0.00545737529349	-0.0115254102875
k__Bacteria;p__Bacteroidetes;c__Bacteroidia;o__Bacteroidales;f__Bacteroidaceae;g__Bacteroides;s__Bacteroides_fragilis	0.037520999191	-0.0664885049639	-0.026184232967	0.10308749008	-0.0570467857259	-0.053842097644	0.0482285391889	-0.0301741443918	-0.0513269264485	0.0554446040666	-0.0218590075456	0.0158805831159	-0.00209422024817	-0.048185740522	-0.0404953208611	0.0331874020959	1.0	-0.00208989257128	-0.00505938686387	0.0132708654542	-0.00719383686597	-0.0289451805851	-0.0702347870317	-0.0169581954858	-0.0292809955833	-0.00016811050324	-0.00455660986262	0.0581737499064	-0.0755873524605	-0.036727430729	0.039305509744	-0.0567553943663	0.00633731787422	0.0332723505101	-0.0741855479897	-0.0604812370552	-0.00374231936177	0.0140175693984	0.0327066979242	0.0920035684344	9.33187946316e-05	0.0466396600841	-0.0368074663854	-0.036799349245	-0.0102490632011	0.0331914893707	-0.012412798585	-0.0415929497677	-0.0228932228286	-0.0174689051398	0.0156135189487	0.00922780818802	-0.00218085051015	-0.0589467389066	-0.0712772942576	-0.00609211489563	-0.0433804702785	-0.0758575350981	0.00927612141044
k__Bacteria;p__Proteobacteria;c__Betaproteobacteria;o__Burkholderiales;f__Sutterellaceae;g__Sutterella;s__Sutterella_wadsworthensis	-0.0735602858178	-0.0148880101244	-0.0416137311901	-0.0432479921785	-0.0737898949077	-0.0371721446651	-0.0212209022603	-0.0113568501797	0.0143643325526	-0.00933403847216	0.0593548346719	-0.0290351946084	0.00209791449239	-0.0273551112813	0.00924847725198	0.0438768856092	-0.00208989257128	1.0	-0.117000027316	0.0156862964371	0.0022062478945	-0.0526062574144	-0.0445637557868	-0.0327801014297	0.0592624693826	-0.0452836077766	-0.0289604674561	-0.0121994829921	-0.0441434535607	0.0339703092423	-0.0253562197634	0.0124521677453	-0.0450617640125	0.0064744318413	-0.0615380699911	-0.0174589542092	-0.0391060715353	0.0185994904237	-0.0182058313395	0.0432964837172	0.0790865121449	-0.000367581714436	0.00746538985653	-0.0455226842575	-0.0150835506859	0.0179105769542	0.0196343432966	0.00449455296966	0.0361039837782	0.0160157105038	-0.110706958487	0.0161678873236	-0.0135993921925	0.0301113433888	-0.0706538990672	-0.00173528354018	0.0225926288791	-0.016811991364	0.0684952477935
k__Bacteria;p__Bacteroidetes;c__Bacteroidia;o__Bacteroidales;f__Porphyromonadaceae;g__Barnesiella;s__Barnesiella_intestinihominis	-0.0112622507038	0.0058833779691	0.0528678855717	-0.0328407919813	-0.0315508778802	-0.0396316284659	-0.0453776548045	0.0278550150119	-0.0182214016934	0.0172687610418	0.00945984533779	-0.0307541651402	-0.00639902106245	-0.00182345589716	0.00184189602668	-0.0626050342941	-0.00505938686387	-0.117000027316	1.0	-0.0166436019556	0.0203351290731	0.0434849549594	-0.0309740553904	0.0307040705363	-0.0453326746705	-0.0325554090537	0.0320758628856	-0.0266239718223	-0.0260670005161	0.125096092373	-0.0393364842685	-0.00302143780374	-0.00662552840942	-0.00122886065361	0.00246045296286	0.00432546547625	0.0947102028559	0.00299625168377	-0.00163873475122	-0.0176853907481	-0.01680443155	0.0116345389986	-0.0214462990046	0.0070889743476	-0.0389793784342	-0.0345930594712	0.00219840781165	-0.0179571643571	-0.0298966139952	0.0305670022467	-0.00815921505618	0.00694147173919	0.00668563016417	-0.0436873211072	0.00604222844745	-0.0172731672596	-0.0717422438079	-0.0308567030067	0.00431928136577
k__Bacteria;p__Bacteroidetes;c__Bacteroidia;o__Bacteroidales;f__Odoribacteraceae;g__Odoribacter;s__Odoribacter_splanchnicus	0.039617634621	0.0296732354583	0.0459322806398	-0.00251889648508	-0.0351677560993	-0.00162282813364	-0.0418074339486	-0.0135375802101	-0.00886271629187	-0.0862027393204	-0.0334578835548	-0.0011107913062	0.0152947988099	0.0197748339999	-0.0239366954176	0.0393272996833	0.0132708654542	0.0156862964371	-0.0166436019556	1.0	-0.00415395680036	-0.00772079312797	-0.0148733625776	0.0101273601539	-0.0131173929017	-0.0233759487438	-0.0501923214094	0.0127355426325	-0.037388426108	0.0402894197438	0.0195988593981	-0.0554840210067	-0.00694739369663	-0.0270298550112	-0.0371662004738	-0.0390925673555	-0.0288609497521	-0.0315086233067	0.0717441250252	0.0253950109259	-0.0326907701058	-0.040124966552	-0.00319447518748	0.0171399264806	0.0122118319709	0.0257210776819	0.0253816643951	0.0391396912708	0.0195909006799	-0.0536161330465	-0.0346987396736	-0.0672028048734	0.0221578108336	-0.036273864179	0.0131331831483	-0.0269875287423	-0.0111743567959	0.00330106449248	-0.0228288666687
k__Bacteria;p__Bacteroidetes;c__Bacteroidia;o__Bacteroidales;f__Bacteroidaceae;g__Bacteroides;s__Bacteroides_salyersiae	-0.04450714562	0.0160224220986	-0.0311033953817	-0.0554275515741	-0.0245011280537	0.00247266812462	-0.0361250661844	0.0353616223519	-0.0433250176598	0.0362923730515	0.135119524718	-0.0130891467973	0.00452882456756	-0.0195628532595	0.0106348958199	0.0221850690181	-0.00719383686597	0.0022062478945	0.0203351290731	-0.00415395680036	1.0	0.0284401071376	0.0430632754497	0.0620964905923	-0.0280645349803	-0.00532265621868	-0.0444974982265	-0.019707998202	0.0524829208134	-0.0660396151722	0.069603329837	-0.0297699386323	-0.0451617991442	0.00452981427882	-0.0663532299031	0.0397616245188	0.0344468428415	-0.000701409239748	-0.0509117067914	-0.0407921063451	0.0274676647871	-0.011141457518	-0.00596007515191	-0.0589860404701	0.0329823098034	-0.0112905138457	0.0125062845018	0.046874426015	-0.0302963513917	-0.0829050384244	0.0153460541436	0.0509074343006	-0.0803287692276	0.0219481778642	0.0136182656988	-0.0662275020763	-0.00440604437965	0.0271799355073	-0.0452523660925
k__Bacteria;p__Firmicutes;c__Clostridia;o__Clostridiales;f__Ruminococcaceae;g__Ruminiclostridium;s__[Eubacterium]_siraeum	-0.0717239174446	-0.0331881760343	0.0811760313223	-0.019678197581	0.0204231687412	-0.0211748811083	-0.00919723181446	0.0284969771958	-0.0119711338707	-0.0239425037585	0.0230587431274	-0.0286448118826	-0.00873282496402	0.0155612301455	-0.000503309217107	0.00772428714447	-0.0289451805851	-0.0526062574144	0.0434849549594	-0.00772079312797	0.0284401071376	1.0	-0.0097953593475	-0.0237957181393	-0.0103864768264	0.0290947366911	-0.0813414454354	0.0206470272595	0.00200449617681	0.0126196355454	0.00819955158213	-0.0679405548226	0.0135138216178	0.10952963909	0.0323056777455	-0.00907337879057	-0.106788625535	-0.0472011357015	-0.0224909749998	0.0204434946765	-0.0217617775973	0.0108413109493	0.0184089461955	0.0427386742745	-0.014822975079	-0.00305648303672	0.0377179449634	0.0358030936416	-0.031735717141	-0.00654610662999	-0.064536748071	-0.0675318626796	-0.0376858202866	-0.0424172005551	-0.00846155349053	-0.00135127974892	0.0397893096006	-0.0143176707643	-0.105744203064
k__Bacteria;p__Proteobacteria;c__Betaproteobacteria;o__Burkholderiales;f__Sutterellaceae;g__Parasutterella;s__Parasutterella_excrementihominis	-0.00962970936838	0.0539995403011	-0.0268666805563	0.0476141448665	-0.00984219950376	-0.0343238775145	0.0321787623344	0.0149788144917	-0.0353979744319	-0.0169021176855	0.00232904851022	-0.0847965343191	0.00360878210661	-0.101574160957	0.0432899673606	-0.0151962575114	-0.0702347870317	-0.0445637557868	-0.0309740553904	-0.0148733625776	0.0430632754497	-0.00979535934751	1.0	0.00793970643003	-0.0486925868794	-0.0146045786081	-0.00349088957229	-0.0579316038423	0.0224550729758	-0.0573318163753	0.0509234123822	-0.0257951934389	0.040406223282	-0.0192719652779	0.0185577039124	0.00438197009501	0.0298127168057	0.00768719427056	-0.0336325109886	-0.0309067144561	-0.0106402409707	0.00123365762733	-0.0267192605516	-0.00031646172014	0.0244437063058	-0.0415537574863	0.0228467775817	-0.0862169475551	-0.0225670580539	-0.0281868806125	0.0621118875726	0.0412890770661	0.029701674561	-0.0230749228582	-0.0331471857901	-0.0404522901619	0.0289429595721	-0.0172829817065	-0.0149875624441
k__Bacteria;p__Actinobacteria;c__Actinobacteria;o__Bifidobacteriales;f__Bifidobacteriaceae;g__Bifidobacterium;s__Bifidobacterium_adolescentis	0.0358481354163	-0.00793750068509	0.00241334126541	-0.0498592368256	0.00241978014246	0.0228208710913	0.0200479803504	-0.0314897148251	-0.041260349242	-0.0408911206122	-0.101225310751	-0.0478422598321	0.00233077720359	-0.0257717754038	0.0369561577747	-0.0189112699798	-0.0169581954858	-0.0327801014297	0.0307040705363	0.0101273601539	0.0620964905923	-0.0237957181393	0.00793970643003	1.0	-0.0437462724711	0.000726373382438	-0.00356198022302	-0.0213628701899	0.0204171694836	-0.0121047610404	0.0622705301142	-0.0193987246992	-0.0140750878471	0.126455311646	-0.0339223879235	-0.000740586309657	0.00942692698321	-0.0148894597228	-0.00572252422158	-0.0171436162981	0.0237841280848	-0.00896862207164	0.0813371271894	0.0411459760808	-0.00628068388325	-0.028953392753	-0.0538907857715	-0.0605141432477	-0.0480180596848	0.00497031635177	0.0901628961844	0.022569755895	-0.0263813495333	-0.0274549381704	0.0097118509968	-0.0274806797349	0.0401837096934	-0.0293116735665	-0.00808393265856
k__Bacteria;p__Firmicutes;c__Clostridia;o__Clostridiales;f__Oscillospiraceae;g__Oscillibacter;s__Oscillibacter_sp._KLE_1745	-0.0169709012782	0.00500166552728	-0.0200091895635	0.0124629958432	0.0648555562242	-0.0152029870874	-0.0706275594591	0.0222030281176	-0.0115067345287	0.0294423474899	0.0297281801074	0.00275844331047	-0.0058495511365	-0.0165199263756	-0.0121264362856	-0.0675698213467	-0.0292809955833	0.0592624693826	-0.0453326746705	-0.0131173929017	-0.0280645349803	-0.0103864768264	-0.0486925868794	-0.0437462724711	1.0	-0.0581702056918	-0.00815125355672	0.0676931847497	-0.0278495300394	-0.0123153915403	-0.0302462988698	0.0241285457287	-0.0419310582703	-0.0472936309373	0.0951373553787	0.0251084921551	-0.056264754375	-0.00111323779002	0.00377047883976	0.0263780451541	-0.0460933496059	0.0100684608557	-0.0159849418367	-0.104039677044	0.0807617628004	-0.0443321291433	0.0219234003675	-0.0559112352883	-0.0249070511762	0.0348619688127	-0.0563935759304	0.0641149608121	-0.0392461994748	0.000189386000565	-0.0421713420812	0.0264801920517	0.00181699407019	-0.0156749459208	-0.0431240480406
k__Bacteria;p__Bacteroidetes;c__Bacteroidia;o__Bacteroidales;f__Bacteroidaceae;g__Bacteroides;s__Bacteroides_coprophilus	0.0278941884467	-0.0364974607574	-0.0154086247149	-0.0303790806106	-0.0238014059609	-0.0334633895434	-0.00357532495495	-0.0166605377333	0.00551104253188	0.0256190880095	0.0312877898532	0.0205612129633	-0.064017559388	0.0320552116804	-0.0682243981753	0.0631122321845	-0.00016811050324	-0.0452836077766	-0.0325554090537	-0.0233759487438	-0.00532265621868	0.0290947366911	-0.0146045786081	0.000726373382438	-0.0581702056918	1.0	0.0761325126833	-0.0212982717529	0.0275314861625	-0.0411501924553	0.00454199618164	0.0297650747392	-0.047509656971	-0.021565373632	0.00114615000667	-0.00682980857466	0.0988252501777	-0.044428048508	0.0242222866051	-0.00441153672851	-0.00432277542079	-0.00928084505221	-0.0895915929642	-0.0197481731946	0.00428035016588	-0.0605487054117	-0.0904208861268	-0.0374665973214	-0.0393085675527	-0.0649322855361	-0.0516532781359	0.0197024603983	-0.0543022375164	0.0275091432926	-0.0853595227932	0.00313069718865	-0.00603313683614	0.016653296685	-0.00227298755297
k__Bacteria;p__Firmicutes;c__Clostridia;o__Clostridiales;f__Lachnospiraceae;g__Roseburia;s__Roseburia_intestinalis	-0.0622000002671	0.0121124093777	0.0326342596092	-0.0052298410124	-0.0560540062164	0.0426988519341	0.00041242961789	-0.0220851467811	-0.00960005859089	0.0475957261428	-0.00657146227751	0.0189864404283	-0.00766881506827	-0.00457692268567	0.0108597104547	0.0188676549893	-0.00455660986262	-0.0289604674561	0.0320758628856	-0.0501923214094	-0.0444974982265	-0.0813414454354	-0.00349088957229	-0.00356198022302	-0.00815125355672	0.0761325126833	1.0	0.042427171407	0.0396374196932	-0.0814334062418	-0.0348592893987	-0.0327368157625	0.0246657569527	-0.0218466616485	0.0945975478131	-0.059734615655	-0.0241337342743	0.00405312008573	-0.0269915044363	-0.0202859999591	-0.00459826339811	-0.0312839890813	0.00975452161334	-0.0377783135199	-0.0528346301196	-0.0289022352175	0.0421600099547	0.0572099798521	0.0194792597826	-0.000572057129619	-0.033729702984	-0.0510284545758	0.0314030511396	0.0410870615322	0.0229663374868	-0.0666838214168	-0.0349861064205	-0.0107949516484	-0.0174065245191
k__Bacteria;p__Firmicutes;c__Clostridia;o__Clostridiales;f__Lachnospiraceae;g__Roseburia;s__Roseburia_hominis	0.0178691865707	0.0284275080225	-0.0126769694401	0.0438605576138	-0.0370917579238	-0.0161674047894	-0.044580299785	-0.0265072650416	0.039942525725	0.017630348548	0.00631994641008	-0.0184291721772	-0.0183278141679	-0.0788059921223	-0.012953775304	-0.0369156151047	0.0581737499064	-0.0121994829921	-0.0266239718223	0.0127355426325	-0.019707998202	0.0206470272595	-0.0579316038423	-0.0213628701899	0.0676931847497	-0.0212982717529	0.042427171407	1.0	-0.020708443086	-0.0742533615959	0.0115561589461	0.0418259829737	-0.0562638640394	0.028694390089	-0.0390108652541	-0.0235969305567	-0.00686378591482	-0.0513686484173	-0.00719170757736	-0.0651854192232	0.00774957134594	0.0251446116682	0.047266373273	-0.0429621136912	-0.0433440941606	-0.0985136764292	-0.0213388093094	0.0074210516449	-0.0478590808556	-0.00346169621305	-0.015491415878	-0.0202581478726	0.0255251016689	-0.0527878483107	0.00481567629663	-0.0129264413718	-0.0320915777229	0.0283253969931	0.0148903401113
k__Bacteria;p__Bacteroidetes;c__Bacteroidia;o__Bacteroidales;f__Porphyromonadaceae;g__Parabacteroides;s__Parabacteroides_johnsonii	-0.0385214643753	-0.00926511464138	-0.0308633542761	-0.00384421130254	-0.0220488495657	-0.027694530311	0.00982160244253	0.0808351003289	-0.00228620714521	-0.0277852202734	0.00266961040935	-0.0192169209048	-0.0353830399121	-0.0541094587156	0.0621595623434	0.0235104293797	-0.0755873524605	-0.0441434535607	-0.0260670005161	-0.037388426108	0.0524829208134	0.00200449617681	0.0224550729758	0.0204171694836	-0.0278495300394	0.0275314861625	0.0396374196932	-0.020708443086	1.0	-0.034977534533	-0.00602392795973	-0.0384433268623	-0.0182006069377	-0.0825501496559	0.00866890526578	0.0417666800061	-0.0308816435939	0.0140970497055	-0.0448402085237	-0.0177743219332	0.0263815117135	-0.0353951389264	-0.0145579536091	-0.00908009326812	-0.0386531465221	-0.0206690593778	-0.00403831154784	0.0117047427155	-0.00883300644729	0.00831490619963	0.00262419479105	-0.0203635815724	-0.0134596386197	-0.0103862162462	-0.0201410345335	-0.0348929698111	0.0254659764886	0.0068166029823	0.000486164564908
k__Bacteria;p__Actinobacteria;c__Actinobacteria;o__Bifidobacteriales;f__Bifidobacteriaceae;g__Bifidobacterium;s__Bifidobacterium_longum	0.0707230130357	-0.0464293946033	-0.00606936269217	-0.0879342779829	-0.00220059370535	0.00571564131357	0.0223625514168	0.0717736467416	-0.014566193583	0.00724435265134	0.00325869802993	-0.0621765704385	0.0532224857597	0.0127679944057	0.00643661789098	-0.108128099002	-0.036727430729	0.0339703092423	0.125096092373	0.0402894197438	-0.0660396151722	0.0126196355454	-0.0573318163753	-0.0121047610404	-0.0123153915403	-0.0411501924553	-0.0814334062418	-0.0742533615959	-0.034977534533	1.0	0.00598044990588	-0.0696747744083	0.00116970536896	-0.0121222813568	0.00279000801298	-0.0233982182838	-0.0474276032352	0.113324244852	0.00264398923785	-0.0141923153262	-0.0212543625176	-0.0263151986163	0.0187030052012	0.067034038054	-0.0826090090658	0.0215038894294	-0.0450637278144	0.074447405821	-0.00738951277862	-0.0522087480393	0.032241729872	-0.0508666539617	0.0628396986592	0.0132527295676	0.00836132899635	-0.000556842148852	0.0223916847824	-0.00732642713705	0.0113545355437
