#taxonomy	k__Bacteria;p__Bacteroidetes;c__Bacteroidia;o__Bacteroidales;f__Bacteroidaceae;g__Bacteroides;s__Bacteroides_vulgatus	k__Bacteria;p__Bacteroidetes;c__Bacteroidia;o__Bacteroidales;f__Bacteroidaceae;g__Bacteroides;s__Bacteroides_uniformis	k__Bacteria;p__Bacteroidetes;c__Bacteroidia;o__Bacteroidales;f__Rikenellaceae;g__Alistipes;s__Alistipes_putredinis	k__Bacteria;p__Bacteroidetes;c__Bacteroidia;o__Bacteroidales;f__Prevotellaceae;g__Prevotella;s__Prevotella_copri	k__Bacteria;p__Bacteroidetes;c__Bacteroidia;o__Bacteroidales;f__Bacteroidaceae;g__Bacteroides;s__Bacteroides_stercoris	k__Bacteria;p__Bacteroidetes;c__Bacteroidia;o__Bacteroidales;f__Bacteroidaceae;g__Bacteroides;s__Bacteroides_ovatus	k__Bacteria;p__Bacteroidetes;c__Bacteroidia;o__Bacteroidales;f__Rikenellaceae;g__Alistipes;s__Alistipes_shahii	k__Bacteria;p__Firmicutes;c__Clostridia;o__Clostridiales;f__Ruminococcaceae;g__Faecalibacterium;s__Faecalibacterium_prausnitzii	k__Bacteria;p__Bacteroidetes;c__Bacteroidia;o__Bacteroidales;f__Rikenellaceae;g__Alistipes;s__Alistipes_finegoldii	k__Bacteria;p__Bacteroidetes;c__Bacteroidia;o__Bacteroidales;f__Porphyromonadaceae;g__Parabacteroides;s__Parabacteroides_distasonis	k__Bacteria;p__Bacteroidetes;c__Bacteroidia;o__Bacteroidales;f__Bacteroidaceae;g__Bacteroides;s__Bacteroides_thetaiotaomicron	k__Bacteria;p__Bacteroidetes;c__Bacteroidia;o__Bacteroidales;f__Bacteroidaceae;g__Bacteroides;s__Bacteroides_coprocola	k__Bacteria;p__Bacteroidetes;c__Bacteroidia;o__Bacteroidales;f__Bacteroidaceae;g__Bacteroides;s__Bacteroides_cellulosilyticus	k__Bacteria;p__Bacteroidetes;c__Bacteroidia;o__Bacteroidales;f__Rikenellaceae;g__Alistipes;s__Alistipes_obesi	k__Bacteria;p__Firmicutes;c__Clostridia;o__Clostridiales;f__Lachnospiraceae;g__;s__[Eubacterium]_rectale	k__Bacteria;p__Bacteroidetes;c__Bacteroidia;o__Bacteroidales;f__Bacteroidaceae;g__Bacteroides;s__Bacteroides_plebeius	k__Bacteria;p__Bacteroidetes;c__Bacteroidia;o__Bacteroidales;f__Bacteroidaceae;g__Bacteroides;s__Bacteroides_fragilis	k__Bacteria;p__Proteobacteria;c__Betaproteobacteria;o__Burkholderiales;f__Sutterellaceae;g__Sutterella;s__Sutterella_wadsworthensis	k__Bacteria;p__Bacteroidetes;c__Bacteroidia;o__Bacteroidales;f__Porphyromonadaceae;g__Barnesiella;s__Barnesiella_intestinihominis	k__Bacteria;p__Bacteroidetes;c__Bacteroidia;o__Bacteroidales;f__Odoribacteraceae;g__Odoribacter;s__Odoribacter_splanchnicus	k__Bacteria;p__Bacteroidetes;c__Bacteroidia;o__Bacteroidales;f__Bacteroidaceae;g__Bacteroides;s__Bacteroides_salyersiae	k__Bacteria;p__Firmicutes;c__Clostridia;o__Clostridiales;f__Ruminococcaceae;g__Ruminiclostridium;s__[Eubacterium]_siraeum	k__Bacteria;p__Proteobacteria;c__Betaproteobacteria;o__Burkholderiales;f__Sutterellaceae;g__Parasutterella;s__Parasutterella_excrementihominis	k__Bacteria;p__Actinobacteria;c__Actinobacteria;o__Bifidobacteriales;f__Bifidobacteriaceae;g__Bifidobacterium;s__Bifidobacterium_adolescentis	k__Bacteria;p__Firmicutes;c__Clostridia;o__Clostridiales;f__Oscillospiraceae;g__Oscillibacter;s__Oscillibacter_sp._KLE_1745	k__Bacteria;p__Bacteroidetes;c__Bacteroidia;o__Bacteroidales;f__Bacteroidaceae;g__Bacteroides;s__Bacteroides_coprophilus	k__Bacteria;p__Firmicutes;c__Clostridia;o__Clostridiales;f__Lachnospiraceae;g__Roseburia;s__Roseburia_intestinalis	k__Bacteria;p__Firmicutes;c__Clostridia;o__Clostridiales;f__Lachnospiraceae;g__Roseburia;s__Roseburia_hominis	k__Bacteria;p__Bacteroidetes;c__Bacteroidia;o__Bacteroidales;f__Porphyromonadaceae;g__Parabacteroides;s__Parabacteroides_johnsonii	k__Bacteria;p__Actinobacteria;c__Actinobacteria;o__Bifidobacteriales;f__Bifidobacteriaceae;g__Bifidobacterium;s__Bifidobacterium_longum	k__Bacteria;p__Firmicutes;c__Clostridia;o__Clostridiales;f__;g__Flavonifractor;s__Flavonifractor_plautii	k__Bacteria;p__Firmicutes;c__Clostridia;o__Clostridiales;f__Clostridiaceae;g__Clostridium;s__Clostridium_phoceensis	k__Bacteria;p__Verrucomicrobia;c__Verrucomicrobiae;o__Verrucomicrobiales;f__Akkermansiaceae;g__Akkermansia;s__Akkermansia_muciniphila	k__Bacteria;p__Bacteroidetes;c__Bacteroidia;o__Bacteroidales;f__Prevotellaceae;g__Paraprevotella;s__Paraprevotella_xylaniphila	k__Bacteria;p__Firmicutes;c__Clostridia;o__Clostridiales;f__Ruminococcaceae;g__Ruminococcus;s__Ruminococcus_callidus	k__Bacteria;p__Bacteroidetes;c__Bacteroidia;o__Bacteroidales;f__Rikenellaceae;g__Alistipes;s__Alistipes_senegalensis	k__Bacteria;p__Firmicutes;c__Clostridia;o__Clostridiales;f__Lachnospiraceae;g__Blautia;s__Blautia_sp._KLE_1732	k__Bacteria;p__Bacteroidetes;c__Bacteroidia;o__Bacteroidales;f__Bacteroidaceae;g__Bacteroides;s__Bacteroides_oleiciplenus	k__Bacteria;p__Firmicutes;c__Clostridia;o__Clostridiales;f__Ruminococcaceae;g__Ruminococcus;s__Ruminococcus_bicirculans	k__Bacteria;p__Bacteroidetes;c__Bacteroidia;o__Bacteroidales;f__Bacteroidaceae;g__Bacteroides;s__Bacteroides_fluxus	k__Bacteria;p__Bacteroidetes;c__Bacteroidia;o__Bacteroidales;f__Prevotellaceae;g__Prevotella;s__Prevotella_stercorea	k__Bacteria;p__Firmicutes;c__Clostridia;o__Clostridiales;f__Lachnospiraceae;g__Dorea;s__Dorea_longicatena	k__Bacteria;p__Firmicutes;c__Clostridia;o__Clostridiales;f__Eubacteriaceae;g__Eubacterium;s__[Eubacterium]_eligens	k__Bacteria;p__Firmicutes;c__Clostridia;o__Clostridiales;f__Ruminococcaceae;g__;s__Ruminococcaceae_bacterium_D16	k__Bacteria;p__Firmicutes;c__Clostridia;o__Clostridiales;f__Lachnospiraceae;g__Coprococcus;s__Coprococcus_comes	k__Bacteria;p__Proteobacteria;c__Gammaproteobacteria;o__Enterobacterales;f__Enterobacteriaceae;g__Escherichia;s__Escherichia_coli	k__Bacteria;p__Firmicutes;c__Clostridia;o__Clostridiales;f__Ruminococcaceae;g__Anaerotruncus;s__Anaerotruncus_colihominis	k__Bacteria;p__Firmicutes;c__Clostridia;o__Clostridiales;f__Lachnospiraceae;g__Blautia;s__Blautia_obeum	k__Bacteria;p__Bacteroidetes;c__Bacteroidia;o__Bacteroidales;f__Odoribacteraceae;g__Odoribacter;s__Odoribacter_laneus	k__Bacteria;p__Firmicutes;c__Clostridia;o__Clostridiales;f__Ruminococcaceae;g__Ruminiclostridium;s__[Clostridium]_leptum	k__Bacteria;p__Bacteroidetes;c__Bacteroidia;o__Bacteroidales;f__Porphyromonadaceae;g__Parabacteroides;s__Parabacteroides_goldsteinii	k__Bacteria;p__Firmicutes;c__Clostridia;o__Clostridiales;f__Lachnospiraceae;g__Anaerostipes;s__Anaerostipes_hadrus	k__Bacteria;p__Firmicutes;c__Clostridia;o__Clostridiales;f__Ruminococcaceae;g__Ruminococcus;s__Ruminococcus_lactaris	k__Bacteria;p__Firmicutes;c__Clostridia;o__Clostridiales;f__Clostridiaceae;g__Clostridium;s__Clostridium_sp._L2-50	k__Bacteria;p__Firmicutes;c__Clostridia;o__Clostridiales;f__Clostridiaceae;g__Clostridium;s__Clostridium_sp._M62/1	k__Bacteria;p__Firmicutes;c__Clostridia;o__Clostridiales;f__;g__Intestinimonas;s__Intestinimonas_butyriciproducens	k__Bacteria;p__Actinobacteria;c__Actinobacteria;o__Bifidobacteriales;f__Bifidobacteriaceae;g__Bifidobacterium;s__Bifidobacterium_bifidum	k__Bacteria;p__Firmicutes;c__Negativicutes;o__Veillonellales;f__Veillonellaceae;g__Dialister;s__Dialister_invisus	k__Bacteria;p__Bacteroidetes;c__Bacteroidia;o__Bacteroidales;f__Bacteroidaceae;g__Bacteroides;s__Bacteroides_salanitronis
k__Bacteria;p__Bacteroidetes;c__Bacteroidia;o__Bacteroidales;f__Bacteroidaceae;g__Bacteroides;s__Bacteroides_vulgatus	1.0	-0.0480886306639	0.00201450499819	0.00707558809159	0.000588477089695	-0.0136197412805	-0.0375588220347	-0.076453680552	-0.0424572350181	0.0454622715925	0.0307673968888	0.0190733780309	0.060872935846	0.0354895193091	0.000602069944931	0.0272565141522	0.00276276614905	-0.104749914714	-0.0206039707008	-0.0654988820187	0.00501622076967	0.00703985038461	-0.0549368964042	0.00980314877008	-0.00717494638043	0.0484121038461	0.0576902409962	-0.0680005687763	-0.0695059223348	-0.0463905257884	0.0803604188782	-0.000399290327497	-0.0498975792947	-0.0289565157977	-0.0528147545217	-0.000372548943038	-0.0103333099641	-0.0145792997821	-0.00839387747096	-0.0726747588909	-0.00160713115879	0.0301425903061	0.0384182274882	0.0495946383868	0.0258660553562	-0.0811666076579	-0.0130143796825	-0.0556010575731	0.00567308327846	0.0174118722347	-0.079595480703	0.00962696116326	-0.0606259381003	0.0064504132671	-0.0226313113485	-0.0455823712374	-0.00111867304771	0.0132037622055	0.0157189289405
k__Bacteria;p__Bacteroidetes;c__Bacteroidia;o__Bacteroidales;f__Bacteroidaceae;g__Bacteroides;s__Bacteroides_uniformis	-0.0480886306639	1.0	0.0454112172291	-0.00641807574838	0.0830050225447	0.0584690586518	0.00806880208974	-0.0706742075641	0.0418061599657	-0.0733831978789	-0.022756626221	-0.0534227636763	-0.0329131635066	0.0013005037791	-0.0132483537594	-0.00717600857899	-0.0205088901458	-0.0222584684642	-0.0317077859372	-0.0496631077873	-0.028131025326	0.0071120493037	0.0459675118608	0.00858029913687	0.0150602465641	0.0180656064682	-0.0376354297679	-0.0330716800577	-0.0111754182811	-0.0487084338834	0.0521048137707	-0.00704752885023	-0.0566955713078	-0.0335890636686	-0.0310515687809	-0.0145759008155	0.0563636595483	0.0279743947974	0.0257910546525	0.000789730632866	0.0143575260916	0.00571406334523	-0.0212341878791	-0.00296646726663	-0.00340132182794	0.0522735855173	-0.078143810175	-0.0180679112004	-0.0311877056322	-0.0407563532674	-0.0284381267705	0.0448722407544	-0.0402005358506	0.0456821076649	-0.0441500779363	0.0156218871951	0.0267411726585	-0.00410068076038	-0.0218054741155
k__Bacteria;p__Bacteroidetes;c__Bacteroidia;o__Bacteroidales;f__Rikenellaceae;g__Alistipes;s__Alistipes_putredinis	0.00201450499819	0.0454112172291	1.0	-0.0822600793106	-0.00603997906008	-0.0314888248761	0.0435753946446	0.00101554520151	0.0362792906936	0.0128705829058	0.00584479311741	0.00747410847636	-0.0497822739901	-0.0192991341369	-0.0553973042474	-0.0807168854463	-0.0552299386622	-0.0191621816059	0.0309024696973	-0.0450747781135	0.0810079887162	0.0593937355444	-0.048845186023	-0.0521302682975	0.0147123867671	-0.00103891460172	0.0142433131152	-0.0049411566119	-0.0559290803211	0.0617977775785	-0.0342125202079	0.0898998871824	-0.0545948023445	0.00921739501898	0.0306764390046	0.0236409173919	-0.00935560725397	-0.0462556608518	0.00441197644107	0.0396015092529	0.0678200473518	-0.0320316290304	-0.0199701403023	0.0446348987553	-0.0293057415924	0.00886218109945	-0.00785689899921	0.0111062222173	-0.0350726816614	0.00377768336875	-0.00837198914997	0.041352681929	0.0859993941163	0.0159620134795	-0.0438797805579	-0.0109332215718	-0.0584875323653	0.0220608513413	-0.031366021782
k__Bacteria;p__Bacteroidetes;c__Bacteroidia;o__Bacteroidales;f__Prevotellaceae;g__Prevotella;s__Prevotella_copri	0.00707558809159	-0.00641807574838	-0.0822600793106	1.0	0.0055186035082	-0.0160874520431	-0.0618781311044	0.00665166908629	0.0610003901633	-0.0485184155153	0.0517955201021	0.0305889933676	-0.135797056309	-0.0479257241328	-0.0430287075941	0.00634303973324	-0.0408138899703	-0.028931970713	-0.0447155538526	-0.116520230305	-0.0345201363039	0.0264992447978	-0.0692699102885	0.0269026975874	0.054217238274	-0.0322467050214	0.00684236386044	0.0035656675204	-0.0355184576369	-0.0791614519822	-0.00807610582919	0.0678212571992	0.022644308559	-0.0163496474376	-0.0382941327248	0.0325603462226	-0.100382916971	0.0633250185807	-0.00718595419233	0.0189575390824	-0.0666458368113	0.0181565435148	-0.0484480746412	-0.0708240693626	-0.00759364218412	0.00833170826847	-0.0754971520009	0.0669332766461	-0.0376404593013	0.0219114527109	-0.0219550610352	-0.0605099209633	-0.00206906281447	0.00895104755096	0.0667524602856	-0.0111810923258	-0.00332524341172	-0.0165560462865	0.0280450980042
k__Bacteria;p__Bacteroidetes;c__Bacteroidia;o__Bacteroidales;f__Bacteroidaceae;g__Bacteroides;s__Bacteroides_stercoris	0.000588477089695	0.0830050225447	-0.00603997906008	0.0055186035082	1.0	-0.0257327133591	-0.077879288604	-0.0121573719261	-0.0618727857973	-0.0343960981258	-0.0137243982478	-0.0872436093019	-0.031201753403	0.00921820016169	-0.0434970587204	0.0434514427372	-0.0274210295152	-0.0685076972631	-0.0023589914198	0.0138202638887	0.0697160657609	-0.0100055607434	0.0333319400398	0.0212660097699	-0.021062688691	-0.00179852638532	-0.0273715561781	0.0621992231074	-0.0140840975513	-0.0103517154867	-0.0191412151667	-0.0284174879595	-0.0376136443912	-0.0289394593873	-0.04465039526	-0.0509305041574	0.0102974225271	0.0113792034605	-0.0279867731905	0.00277590437047	0.0340275694505	0.0196038936663	-0.102484424076	0.0104021591361	-0.0355139923032	0.0357552956257	0.00578838885897	0.00916035752379	0.0144370219525	-0.0109672014114	0.02537398948	0.023062510143	-0.0961744138175	-0.0523274376024	0.0557888998219	-0.0339661836767	-0.0161749633584	-0.020758485376	0.0211500063842
k__Bacteria;p__Bacteroidetes;c__Bacteroidia;o__Bacteroidales;f__Bacteroidaceae;g__Bacteroides;s__Bacteroides_ovatus	-0.0136197412805	0.0584690586518	-0.0314888248761	-0.0160874520431	-0.0257327133591	1.0	-0.0237797276063	0.0267735807603	0.0310666177226	0.0106278548163	0.058783728562	0.0311818439323	-0.0332515930371	-0.0342079265765	-0.00505500678505	0.0192810714257	-0.0252405815054	-0.00103206419746	-0.0218192332007	-0.106437296655	0.0179380495431	-0.0919199391643	-0.0357878328059	-0.0059088221738	0.00533255309706	0.0253082757664	0.0471214060784	-0.0160627624023	-0.0257664287794	0.0738905484201	-0.0157291625898	0.0229901345198	0.0141138869679	0.0273633913978	-0.00351777537985	-0.106061905936	0.0220804325717	-0.00298155581121	0.0164406587337	0.0170403050905	-0.00779235867922	-0.0049009133285	0.00637796816101	-0.0468714514142	0.0503321412175	-0.0585293274745	-0.0607716663681	-0.0461549979197	-0.0207237194741	-0.0550135110864	-0.0287362154453	0.014428122982	-0.0263902328337	0.0465110759669	-0.0378689632024	-0.058679308744	-0.0139979570415	-0.0060374907642	-0.0329058870629
k__Bacteria;p__Bacteroidetes;c__Bacteroidia;o__Bacteroidales;f__Rikenellaceae;g__Alistipes;s__Alistipes_shahii	-0.0375588220347	0.00806880208974	0.0435753946446	-0.0618781311044	-0.077879288604	-0.0237797276063	1.0	0.063334031886	-0.0234069757304	-0.0425523476089	0.0211083471961	0.0457886689325	0.0333077200743	0.0196052916421	0.108506461234	-0.0135502995723	0.0187554801382	-0.00203200262941	0.0324932953794	-0.0157401048006	-0.0502720325412	0.0172134201977	-0.0550000998161	-0.0731700709745	0.0110349428969	0.0243894117427	0.0194194450333	-0.00248676794679	0.0438305676917	0.0137792631078	-0.02553308694	-0.0688661696138	0.00201125965575	-0.046365996388	-0.0688600054478	-0.0689138405874	0.0444483552067	0.0486908402106	-0.0654134549887	0.028665180775	0.0542584595675	-0.0284457991085	-0.0310195647461	-0.0164012197088	-0.0895489913895	0.0841274246265	-0.0333012526868	-0.00651196292598	-0.0369262466662	-0.021596444873	-0.0758170682802	-0.0322150747218	-0.0358320942515	0.0497202052309	-0.00197609654775	0.000732302476289	0.0336393741626	-0.00196623884249	-0.0186171829111
k__Bacteria;p__Firmicutes;c__Clostridia;o__Clostridiales;f__Ruminococcaceae;g__Faecalibacterium;s__Faecalibacterium_prausnitzii	-0.076453680552	-0.0706742075641	0.00101554520151	0.00665166908629	-0.0121573719261	0.0267735807603	0.063334031886	1.0	0.0178870926343	0.0133949217668	-0.0157412420991	-0.0425108028814	0.006199373087	0.0140947422807	-0.0211169074653	-0.0187991923902	-0.00776029822854	0.0347930067405	0.0362876958694	-0.0452516973025	-0.0908334615719	0.0763481214288	0.0237888307398	0.0348070931671	0.00184953118781	-0.00123083980538	-0.00261197581389	-0.0200946143381	-0.0656739343702	-0.0448342592632	-0.0268662831855	0.0011984830712	0.0128522496621	0.0223976913356	0.00252818642404	-0.0243349320504	-0.00898027555591	-0.0305610836314	0.0293281896152	0.0276116284751	0.0271974893037	0.0237872170166	-0.0443152116933	-0.0506476388132	0.0525020574155	-0.09448908733	0.0807228157966	-0.0260349536125	-0.0978325603869	0.0188396895486	0.00711559521193	-0.068549633342	-0.0507550209703	0.0119121568076	0.0123667678367	0.0580167368467	0.0052789697844	-0.0214949783168	-0.141030312378
k__Bacteria;p__Bacteroidetes;c__Bacteroidia;o__Bacteroidales;f__Rikenellaceae;g__Alistipes;s__Alistipes_finegoldii	-0.0424572350181	0.0418061599657	0.0362792906936	0.0610003901633	-0.0618727857973	0.0310666177226	-0.0234069757304	0.0178870926343	1.0	0.0167288699856	-0.0616191510787	0.0518408704285	0.00947555043547	-0.0256362907032	-0.00216178221297	-0.009505539033	0.0311793331226	-0.0050615178571	0.0157359932179	0.0484468711576	-0.0309010566653	-0.0099605475777	-0.0207214847869	-0.0510610056964	-0.0436813764839	0.0105355268916	-0.0147219698287	-0.084077534937	0.00451551714016	0.0649237995686	0.00699819640207	-0.000489888190754	-0.00893890467611	0.041004377814	-0.00334276972627	0.0550883466233	-0.0189920523306	-0.0519543100909	0.0414623536357	0.0135596001633	-0.0471760876612	-0.0405547044303	-0.00128188115571	-0.0141155235454	-0.0830571998999	0.0648489579328	-0.0281200967934	0.0131415819436	-0.0980887288392	-0.00972964626009	-0.0456396282141	-0.0883972851257	-0.0116365090245	0.106496352829	0.049786993686	0.00268287089529	-0.00228905271612	-0.040926300534	-0.086011934889
k__Bacteria;p__Bacteroidetes;c__Bacteroidia;o__Bacteroidales;f__Porphyromonadaceae;g__Parabacteroides;s__Parabacteroides_distasonis	0.0454622715925	-0.0733831978789	0.0128705829058	-0.0485184155153	-0.0343960981258	0.0106278548163	-0.0425523476089	0.0133949217668	0.0167288699856	1.0	-0.0392401212933	0.0107845347939	0.00974795454436	-0.0131631274461	0.0335131110906	-0.0431537691726	0.00922557042858	0.00608200804242	0.0184846177258	-0.0192829826204	0.0450606115181	-0.00599405967972	-0.0183896050638	-0.00968368049748	-0.00315721977373	0.0542131887921	-0.0119578729012	-0.0686592022314	-0.0250864300563	0.0555551367131	-0.0524978736437	-0.00947823756103	-0.00141152532537	-0.0887745772555	-0.0401029853901	0.0198354007992	0.015582608127	-0.0668334903614	-0.00856626850979	0.0712366894834	-0.0527445198223	-0.0428292557869	-0.0340848907124	0.0495680582107	-0.0359781321018	-0.0388396669167	0.0221414454083	-0.0017250758736	-0.0545929154464	-0.0569468985048	-0.00664199139564	0.0207112144809	-0.0229453875912	0.0435041253832	0.00975911474711	0.00215227829212	-0.0591954457856	0.149931574732	-0.00478996524606
k__Bacteria;p__Bacteroidetes;c__Bacteroidia;o__Bacteroidales;f__Bacteroidaceae;g__Bacteroides;s__Bacteroides_thetaiotaomicron	0.0307673968888	-0.022756626221	0.00584479311741	0.0517955201021	-0.0137243982478	0.058783728562	0.0211083471961	-0.0157412420991	-0.0616191510787	-0.0392401212933	1.0	-0.022262440226	-0.0117701319202	-0.00980647225901	-0.043618342575	0.0559031861411	0.0670851470407	0.026198377745	0.00932548027552	-0.0673181608332	-0.0349215074408	-0.0241746986563	-0.0279462807627	-0.0151820701082	-0.012777915403	-0.129510500519	0.00305133472522	0.0450936411105	0.0432375874939	-0.00585711604837	-0.056479652148	-0.0843905470407	-0.0236851208041	-0.0145016879941	-0.0143004424407	-0.0496646893563	0.0208306275399	0.0177249868386	-0.0296100164018	-0.0705272346333	-0.0509811950595	0.00886422025837	-0.0136845679979	0.0131729076159	0.0130264744904	-0.00429949112824	-0.0518422690644	-0.0175977526381	0.00644332892683	-0.096015954835	0.001798026235	-0.020132562968	-0.0278643552152	0.0251299290687	-0.0230638946127	0.00642762351359	-0.0279271082462	0.00125766952698	-0.0118779737817
k__Bacteria;p__Bacteroidetes;c__Bacteroidia;o__Bacteroidales;f__Bacteroidaceae;g__Bacteroides;s__Bacteroides_coprocola	0.0190733780309	-0.0534227636763	0.00747410847636	0.0305889933676	-0.0872436093019	0.0311818439323	0.0457886689325	-0.0425108028814	0.0518408704285	0.0107845347939	-0.022262440226	1.0	0.0237631220162	0.0147210663297	-0.00301379914749	-0.0128581777295	0.0202629125957	-0.0110903033358	-0.0283814507466	-0.0446857214023	-0.0172637717389	0.0427659759146	-0.015891078156	-0.00276590399834	0.0237126435034	0.0316394064515	0.0192000168568	0.0011198998771	-0.03219808472	0.00554051708168	-0.0701347576147	0.0410513275053	-0.042842122886	-0.00909952741213	-0.0341169553101	0.0336257714363	-0.0767067643628	-0.00521865972788	-0.0383561145324	-0.00709230018341	0.0548288866478	-0.0250507322341	-0.000970810972916	-0.0554264731263	-0.0493202333676	0.0402563764456	0.0388618536537	-0.00918137148809	-0.0165030701673	-0.108339777251	-0.0443450515606	0.00885985065618	-0.0126563925456	0.0230446949293	0.0581210834057	-0.0208894614446	0.0101494867767	0.0477958899665	-0.0509476199453
k__Bacteria;p__Bacteroidetes;c__Bacteroidia;o__Bacteroidales;f__Bacteroidaceae;g__Bacteroides;s__Bacteroides_cellulosilyticus	0.060872935846	-0.0329131635066	-0.0497822739901	-0.135797056309	-0.031201753403	-0.0332515930371	0.0333077200743	0.006199373087	0.00947555043547	0.00974795454436	-0.0117701319202	0.0237631220162	1.0	-0.0414601755154	-0.000981169798542	-0.0293806258649	-0.0661434113503	0.0520474305525	0.0334989014931	-0.0154466870523	-0.0911561757958	0.0300084109851	-0.0103244655938	-0.0260655111785	-0.010593118287	0.0257685432414	-0.0284487255158	0.00819982393815	-0.0090303960954	-0.031582367176	0.0134532973643	-0.0149040175742	0.0392834149293	-0.0692381140319	-0.0247798112157	0.031421573974	0.00512518686817	-0.0299597358791	-0.00533907045565	-0.00468551890714	0.0349697146095	-0.0474169444527	0.0259022461476	0.0227110443275	-0.0158516717661	0.026312467198	0.0291233936576	-0.0240624472564	-0.0749066010984	-0.0605781126787	-0.0526779804669	-0.0519731655582	0.0347059392944	-0.0158303344073	-0.00555229432306	-0.00450527610287	0.0474665091786	-0.010260965963	0.0452259662677
k__Bacteria;p__Bacteroidetes;c__Bacteroidia;o__Bacteroidales;f__Rikenellaceae;g__Alistipes;s__Alistipes_obesi	0.0354895193091	0.0013005037791	-0.0192991341369	-0.0479257241328	0.00921820016169	-0.0342079265765	0.0196052916421	0.0140947422807	-0.0256362907032	-0.0131631274461	-0.00980647225901	0.0147210663297	-0.0414601755154	1.0	-0.0382837641392	-0.0421558297782	-0.0152099240515	-0.00128900032191	-0.0614236295088	0.0277658092079	0.0276758285928	0.0300365097701	0.0286723159433	0.00361688888648	0.00641070284448	-0.0257430034409	0.0824723504343	0.0082381335049	0.0216584621376	-0.0137525596845	-0.039093217717	-0.0311419936721	-0.0184519562045	-0.0342836624779	0.0709378843186	-0.0275581882354	-0.025438913847	0.0225066020824	-0.0310099671307	-0.00219892908285	-0.015563286363	-0.076480074246	-0.0458227325879	0.00661488904401	-0.0713384188324	-0.0837266466903	-0.00491222565471	0.0257079141392	0.0216537275027	-0.0150360170063	-0.0232683064662	0.00548265410278	-0.116567435898	-0.0235705137124	-0.0651891349134	-0.0861739578922	0.0330087886145	-0.0548367773057	-0.0220209531571
k__Bacteria;p__Firmicutes;c__Clostridia;o__Clostridiales;f__Lachnospiraceae;g__;s__[Eubacterium]_rectale	0.000602069944931	-0.0132483537594	-0.0553973042474	-0.0430287075941	-0.0434970587204	-0.00505500678505	0.108506461234	-0.0211169074653	-0.00216178221297	0.0335131110906	-0.043618342575	-0.00301379914749	-0.000981169798542	-0.0382837641392	1.0	-0.00317485646825	0.0013490953723	-0.0111842941652	-0.0329906787741	0.0432990861311	-0.00354250679654	-0.0361770135758	-0.0137834285614	-0.0530188051094	-0.0408154309552	0.022330778501	-0.01774640598	-0.0313086447173	-0.0484499645493	0.0120007313347	-0.0318624228865	0.0121716820239	-0.0159758705309	0.0439521031963	-0.126893090293	0.0182520534582	0.0199177172033	-0.0500983282509	-0.0209069900145	0.00163405015757	-0.0484716826058	-0.00367742076323	0.0754027421281	-0.0244388217036	-0.0125777219588	0.0200257931166	0.0250146359161	0.0271155867528	-0.0458895807259	0.109116442112	-0.00536288111875	-0.0386773197941	0.0272839496427	0.0150628747613	-0.029141900609	-0.0662966451537	-0.0274795311512	-0.0206029877542	-0.0350689594523
k__Bacteria;p__Bacteroidetes;c__Bacteroidia;o__Bacteroidales;f__Bacteroidaceae;g__Bacteroides;s__Bacteroides_plebeius	0.0272565141522	-0.00717600857899	-0.0807168854463	0.00634303973324	0.0434514427372	0.0192810714257	-0.0135502995723	-0.0187991923902	-0.009505539033	-0.0431537691726	0.0559031861411	-0.0128581777295	-0.0293806258649	-0.0421558297782	-0.00317485646825	1.0	-0.00741708165391	-0.0428542980525	0.0118972880751	-0.00145503572374	-0.0615528868472	0.0547173745914	0.0520736159855	-0.0074317880795	-0.0225082281974	-0.0194808296099	-0.0977092376322	-0.0523761015234	0.029885932904	0.00418136500162	-0.00123337606016	-0.00974400684738	-0.0476392972636	-0.0342360865225	0.0546655363239	-0.023356466569	-0.0546861753931	0.031039408523	-0.0431300877094	0.0126329709999	-0.0319504066167	-0.0481865454015	0.0243722934026	-0.000461608005548	-0.0956358128462	-0.0352870897618	0.0630037387043	-0.0333129987607	0.0287389466524	0.00633396237996	-0.0610774958479	-0.0657646963674	0.0225703120023	-0.0856214686464	-0.00531181557901	0.0103672528016	0.030074219528	-0.023293699143	-0.002456096096
k__Bacteria;p__Bacteroidetes;c__Bacteroidia;o__Bacteroidales;f__Bacteroidaceae;g__Bacteroides;s__Bacteroides_fragilis	0.00276276614905	-0.0205088901458	-0.0552299386622	-0.0408138899703	-0.0274210295152	-0.0252405815054	0.0187554801382	-0.00776029822854	0.0311793331226	0.00922557042858	0.0670851470407	0.0202629125957	-0.0661434113503	-0.0152099240515	0.00134909537231	-0.00741708165391	1.0	-0.0398731095116	-0.0200347473602	0.10447717808	-0.0290336155061	-0.0606325164368	0.0308092282465	-0.00266189088495	0.00513482253943	-0.0702842553064	-0.0020214710483	-0.0196014245771	-0.00137977405902	-0.0272093640961	0.0049223855836	0.0111684526636	0.00136966732463	-0.0594734418504	0.0123606853111	-0.0190124405031	-0.00257650239454	0.0901127034031	0.0306240614451	-0.00259725465868	0.0279064519563	-0.0607844155888	-0.0243133785911	-0.0224227691546	-0.0229121732434	-0.0603775288285	-0.0251806534075	0.0329723630628	-0.0628708687189	-0.0516624847054	0.0183207204105	-0.0153982766984	0.0416498219172	0.0044353260313	-0.0241069605616	-0.0245624542215	-0.0361973264778	-0.0239533383804	0.0107579451956
k__Bacteria;p__Proteobacteria;c__Betaproteobacteria;o__Burkholderiales;f__Sutterellaceae;g__Sutterella;s__Sutterella_wadsworthensis	-0.104749914714	-0.0222584684642	-0.0191621816059	-0.028931970713	-0.0685076972631	-0.00103206419746	-0.0020320026294	0.0347930067405	-0.0050615178571	0.00608200804242	0.026198377745	-0.0110903033358	0.0520474305525	-0.00128900032191	-0.0111842941652	-0.0428542980525	-0.0398731095116	1.0	-0.0500309150607	-0.0106864554508	-0.0597104385844	-0.0577714905356	-0.0614399018877	0.0257227579996	-0.000200721326724	0.0362646238752	0.031331125667	-0.017072930859	0.0265041283559	-0.0640552573835	-0.056420628189	0.0755985749058	-0.0330266064548	0.0137138310179	0.0214832920107	-0.0128796063197	-0.0447314038729	0.016859735717	-0.0096345689431	-0.0933900448412	-0.00504003910366	0.019888552248	0.0626362121607	0.0246292364857	0.0165009317507	-0.101216464834	-0.0434990451507	-0.0249362888494	-0.0635439233818	0.0185939015073	0.0282950266608	0.0492395215471	0.00771147129861	0.021720360454	0.0367596651406	0.0465611968007	0.00930077516457	-0.0223652543229	-0.0643685222922
k__Bacteria;p__Bacteroidetes;c__Bacteroidia;o__Bacteroidales;f__Porphyromonadaceae;g__Barnesiella;s__Barnesiella_intestinihominis	-0.0206039707008	-0.0317077859372	0.0309024696973	-0.0447155538526	-0.0023589914198	-0.0218192332007	0.0324932953794	0.0362876958694	0.0157359932179	0.0184846177258	0.00932548027552	-0.0283814507466	0.0334989014931	-0.0614236295088	-0.0329906787741	0.0118972880751	-0.0200347473602	-0.0500309150607	1.0	-0.00419411829668	0.00615180997419	-0.0170522922576	-0.001431159041	0.0428256603804	-0.0351497029682	-0.0676753553444	-0.0215371119068	0.0242363685548	-0.0444769136436	0.00567829755688	0.0121990527914	0.0501544860612	-0.0413433710175	-0.0524795975883	-0.0220691119687	-0.0364817841082	0.0596037864794	-0.0671459779784	0.0226439687237	-0.010215876338	0.0051283790194	0.00185431498529	-0.0826522312233	-0.112630480811	-0.0224096939243	-0.0148399673955	-0.014032586582	0.0310013456688	0.0775775325766	0.0272573980383	-0.0315671550229	0.0304250904711	0.00298899991553	-0.00265992386561	-0.0469526066535	0.0178484995581	-0.0174600757704	-0.0705890823268	-0.0145385551776
k__Bacteria;p__Bacteroidetes;c__Bacteroidia;o__Bacteroidales;f__Odoribacteraceae;g__Odoribacter;s__Odoribacter_splanchnicus	-0.0654988820187	-0.0496631077873	-0.0450747781135	-0.116520230305	0.0138202638887	-0.106437296655	-0.0157401048006	-0.0452516973025	0.0484468711576	-0.0192829826204	-0.0673181608332	-0.0446857214023	-0.0154466870523	0.0277658092079	0.0432990861311	-0.00145503572374	0.10447717808	-0.0106864554508	-0.00419411829668	1.0	0.0042575771988	-0.0312269650373	0.0264849874036	-0.0135911039209	-0.0866926366569	-0.0388107075756	0.0320086641137	0.035577683536	-0.0438706450286	-0.0404073247258	0.034245102822	-0.0344486513203	-0.0236473930505	-0.0524794880602	0.00657601538321	-0.099204616318	0.102062699891	-0.0147401610794	0.0162287617642	0.052707663915	0.0212698279116	-0.0749987600901	0.00586331789964	0.0254736014779	0.0199162469027	0.0363784688595	0.0315572278522	0.00823306461331	0.0217800713997	0.0386135611137	0.0181768642902	-0.0367148144816	-0.0752033256586	-0.0786950426974	-0.0234032198696	-0.0509301625715	-0.0312614009044	0.0362550163926	-0.0124917050601
k__Bacteria;p__Bacteroidetes;c__Bacteroidia;o__Bacteroidales;f__Bacteroidaceae;g__Bacteroides;s__Bacteroides_salyersiae	0.00501622076967	-0.028131025326	0.0810079887162	-0.0345201363039	0.0697160657609	0.0179380495431	-0.0502720325412	-0.0908334615719	-0.0309010566653	0.0450606115181	-0.0349215074408	-0.0172637717389	-0.0911561757958	0.0276758285928	-0.00354250679654	-0.0615528868472	-0.0290336155061	-0.0597104385844	0.00615180997419	0.0042575771988	1.0	0.00017791526555	-0.0640524522951	0.0470232942594	-0.03329891523	0.04813225816	0.0129800254926	-0.0733421377722	-0.0345798555168	-0.0385693513941	0.0397553552764	0.00804522520437	-0.0285790654011	0.00265122259008	0.00810562124916	0.0353359981248	-0.0303119854508	-0.0217271779545	-0.101533219959	0.0609994545527	-0.0525296842287	-0.0196227106503	0.0716343832052	0.0352636017922	0.0209629735933	-0.0271321970182	0.00429961051652	-0.0109960194665	-0.0634833320024	-0.0145356761064	-0.0928936788144	-0.00155714330445	-0.00115068968783	-0.00612947585297	-0.0371093787042	0.0466701551668	-0.0531638738615	-0.00809315754012	0.0551444562049
k__Bacteria;p__Firmicutes;c__Clostridia;o__Clostridiales;f__Ruminococcaceae;g__Ruminiclostridium;s__[Eubacterium]_siraeum	0.00703985038461	0.0071120493037	0.0593937355444	0.0264992447978	-0.0100055607434	-0.0919199391643	0.0172134201977	0.0763481214288	-0.0099605475777	-0.00599405967972	-0.0241746986563	0.0427659759146	0.0300084109851	0.0300365097701	-0.0361770135758	0.0547173745914	-0.0606325164368	-0.0577714905356	-0.0170522922576	-0.0312269650373	0.00017791526555	1.0	-0.0226128297222	-0.0275471408107	-0.018586503128	-0.045103173125	0.0256834549502	-0.0641870560852	-0.0431753541354	-0.0518595120638	-0.0270760428116	-0.0227305235347	0.00327850695926	0.0127115465042	-0.035950802907	0.0228981726778	-0.0781899787136	-0.0509971384581	0.0176964717314	0.00637288830316	-0.0905881483157	-0.0865537451093	-0.0570820793431	0.0207602551524	-0.0347568680484	0.036787385735	-0.000742797276064	-0.0372998852804	0.023453190605	0.00623683416113	-0.0244960506582	-0.00783954188658	-0.0784184395431	-0.0285684777053	-0.0441258926646	-0.0243471352504	0.0294485685824	-0.016369939767	0.000457891951416
k__Bacteria;p__Proteobacteria;c__Betaproteobacteria;o__Burkholderiales;f__Sutterellaceae;g__Parasutterella;s__Parasutterella_excrementihominis	-0.0549368964042	0.0459675118608	-0.048845186023	-0.0692699102885	0.0333319400398	-0.0357878328059	-0.0550000998161	0.0237888307398	-0.0207214847869	-0.0183896050638	-0.0279462807627	-0.015891078156	-0.0103244655938	0.0286723159433	-0.0137834285614	0.0520736159855	0.0308092282465	-0.0614399018877	-0.001431159041	0.0264849874036	-0.0640524522951	-0.0226128297222	1.0	-0.00907514548529	0.0976526674148	-0.0212223382845	-0.0252348754926	-0.0258541706319	0.0171291897915	0.0431296208252	0.0597684619017	0.0101707315097	-0.00697296571303	0.0635288395571	-0.00729143276686	0.0649483611145	-0.0626995049487	0.0633200119252	-0.00809723534635	-0.03100219978	-0.0326220523954	-0.0277786533369	-0.0129790520657	0.0236971873815	-0.00649274372754	-0.106936303028	-0.046173927651	0.0181160188634	-0.00868249064164	-0.0205830416069	0.046652587717	0.0296595067131	-0.0868769619479	-0.0706713659801	-0.00746428259834	0.052143585918	-0.0241021039936	0.0237378078836	0.0191344701267
k__Bacteria;p__Actinobacteria;c__Actinobacteria;o__Bifidobacteriales;f__Bifidobacteriaceae;g__Bifidobacterium;s__Bifidobacterium_adolescentis	0.00980314877008	0.00858029913687	-0.0521302682975	0.0269026975874	0.0212660097699	-0.0059088221738	-0.0731700709745	0.0348070931671	-0.0510610056964	-0.00968368049748	-0.0151820701082	-0.00276590399834	-0.0260655111785	0.00361688888648	-0.0530188051094	-0.0074317880795	-0.00266189088495	0.0257227579996	0.0428256603804	-0.0135911039209	0.0470232942594	-0.0275471408107	-0.00907514548529	1.0	-0.0499585684321	0.0227730270744	0.0518058903319	-0.0656391223797	-0.00763515188687	-0.0612318762246	0.0698618783311	-0.0501506932597	-0.0246334137481	0.038937100082	-0.000863301163631	-0.053929065786	-0.0354826885588	0.00163888808277	-0.00473051651045	-0.0925469801398	-0.0382874873663	0.0390409950801	0.0142126116571	0.0157276825345	-0.0359490760315	-0.0134366279095	-0.071057869332	0.0157638130572	-0.0180901695173	-0.00888754415819	0.0363261921331	-0.0502320918798	-0.0584866204698	-0.0196356518822	-0.0172107575637	0.040089287456	-0.0183641687395	0.0409065973968	-0.0241929422993
k__Bacteria;p__Firmicutes;c__Clostridia;o__Clostridiales;f__Oscillospiraceae;g__Oscillibacter;s__Oscillibacter_sp._KLE_1745	-0.00717494638043	0.0150602465641	0.0147123867671	0.054217238274	-0.021062688691	0.00533255309706	0.0110349428969	0.00184953118781	-0.0436813764839	-0.00315721977373	-0.012777915403	0.0237126435034	-0.010593118287	0.00641070284448	-0.0408154309552	-0.0225082281974	0.00513482253943	-0.000200721326724	-0.0351497029682	-0.0866926366569	-0.03329891523	-0.018586503128	0.0976526674148	-0.0499585684321	1.0	-0.00128743829332	-0.00343346232901	-0.0127442919156	0.00563645479625	0.0660452045811	-0.0134237023425	0.0228095683503	0.0201587073409	0.0233033431529	0.00657757816748	0.00544605803362	-0.0286451613149	-0.00539723710732	0.00568861035156	0.00141153202328	-0.00219273475201	-0.0206400190282	0.0397743213929	-0.0243775102609	-0.109234996713	-0.047386451971	-0.0278701796673	0.000552162892296	-0.0239368668334	-0.0627156255728	-0.0454959362275	-0.0107711312587	0.027923758085	0.061884266749	-0.146914592465	-0.00805092687702	-0.00959137199277	-0.015876183038	0.00230900326048
k__Bacteria;p__Bacteroidetes;c__Bacteroidia;o__Bacteroidales;f__Bacteroidaceae;g__Bacteroides;s__Bacteroides_coprophilus	0.0484121038461	0.0180656064682	-0.00103891460172	-0.0322467050214	-0.00179852638532	0.0253082757664	0.0243894117427	-0.00123083980538	0.0105355268916	0.0542131887921	-0.129510500519	0.0316394064515	0.0257685432414	-0.0257430034409	0.022330778501	-0.0194808296099	-0.0702842553064	0.0362646238752	-0.0676753553444	-0.0388107075756	0.04813225816	-0.045103173125	-0.0212223382845	0.0227730270744	-0.00128743829332	1.0	-0.0746815061669	-0.000528700580074	0.0239164163264	0.0591693138413	-0.040196644156	-0.0412935455564	0.0187168242	0.0439050440566	-0.0202054208466	0.00416960583389	-0.0242406081244	-0.0379263059781	-0.0657744678098	-0.034815519711	-0.0515093617323	-0.00953854757777	0.0343390933145	-0.0314965697927	-0.0110276150137	0.0620546656106	-0.0381723719652	-0.022183052005	0.0325385310868	0.0137673439662	0.0109422832228	-0.0348178662	0.0264459809328	0.0462826229721	-0.0444585387604	-0.0277903826417	0.0082050900367	-0.00806159794331	-0.045216460684
k__Bacteria;p__Firmicutes;c__Clostridia;o__Clostridiales;f__Lachnospiraceae;g__Roseburia;s__Roseburia_intestinalis	0.0576902409962	-0.0376354297679	0.0142433131152	0.00684236386044	-0.0273715561781	0.0471214060784	0.0194194450333	-0.00261197581389	-0.0147219698287	-0.0119578729012	0.00305133472522	0.0192000168568	-0.0284487255158	0.0824723504343	-0.01774640598	-0.0977092376322	-0.0020214710483	0.031331125667	-0.0215371119068	0.0320086641137	0.0129800254926	0.0256834549502	-0.0252348754926	0.0518058903319	-0.00343346232901	-0.0746815061669	1.0	-0.0110662790993	0.0121304693348	-0.0376437865792	-0.0557639833072	-0.0296043395279	-0.033432755538	-0.0111677628381	0.0316612126491	-0.057489863964	-0.0162910381657	0.0329355368054	-0.0128221348227	-0.00926795659837	-0.0299269248966	-0.0136492793929	-0.0588396815707	-0.0491244959883	0.0189272091524	-0.0096078205665	-0.029208969751	-0.0316600071564	-0.0356116691237	-0.0258714931984	-0.00341515911866	0.00459161045135	-0.00257745806018	0.010037672119	0.0437504800214	-0.00247344980526	-0.0318374579006	-0.0619717729495	0.00901441005637
k__Bacteria;p__Firmicutes;c__Clostridia;o__Clostridiales;f__Lachnospiraceae;g__Roseburia;s__Roseburia_hominis	-0.0680005687763	-0.0330716800577	-0.0049411566119	0.0035656675204	0.0621992231074	-0.0160627624023	-0.00248676794679	-0.0200946143381	-0.084077534937	-0.0686592022314	0.0450936411105	0.0011198998771	0.00819982393815	0.0082381335049	-0.0313086447173	-0.0523761015234	-0.0196014245771	-0.017072930859	0.0242363685548	0.035577683536	-0.0733421377722	-0.0641870560852	-0.0258541706319	-0.0656391223797	-0.0127442919156	-0.000528700580074	-0.0110662790993	1.0	-0.109092372521	0.0283966627315	0.00198186541384	-0.0917604013801	-0.0221780084916	0.0311797994915	0.0253053155288	0.0270235772898	0.01375906888	0.007367846325	-0.0289062730295	0.0135453412604	0.0238422136571	0.0518294026213	0.00759629953774	0.0193599111287	-0.0729196882953	-0.00870036147495	-0.00940226155767	0.0258072792872	0.0169668315592	0.0249123069336	-0.0095606874999	-0.00430775369567	-0.041419695332	-0.0347117169224	0.0416750902724	-0.0414929136498	0.0164411981608	0.0192629185076	0.0562501696231
k__Bacteria;p__Bacteroidetes;c__Bacteroidia;o__Bacteroidales;f__Porphyromonadaceae;g__Parabacteroides;s__Parabacteroides_johnsonii	-0.0695059223348	-0.0111754182811	-0.0559290803211	-0.0355184576369	-0.0140840975513	-0.0257664287794	0.0438305676917	-0.0656739343702	0.00451551714016	-0.0250864300563	0.0432375874939	-0.03219808472	-0.0090303960954	0.0216584621376	-0.0484499645493	0.029885932904	-0.00137977405902	0.0265041283559	-0.0444769136436	-0.0438706450286	-0.0345798555168	-0.0431753541354	0.0171291897915	-0.00763515188687	0.00563645479625	0.0239164163264	0.0121304693348	-0.109092372521	1.0	0.000939279046822	0.00837749081754	0.0252354501356	-0.0386128544511	-0.026538863091	0.0169124233093	-0.0343288891319	0.0254110261477	0.0017812831076	0.00876701123048	-0.0527763143672	-0.00762307219818	-0.0579245729479	0.0356536998802	-0.0409225630192	0.0489464550313	0.0322279839034	-0.0457038666712	0.00596892578792	0.0201238724238	0.0614278007926	-0.020010658954	0.00185676721379	0.0299992656309	-0.0817073938695	-0.0332908564278	0.00443165673056	0.0231233868281	0.0164515574426	-0.019668328163
k__Bacteria;p__Actinobacteria;c__Actinobacteria;o__Bifidobacteriales;f__Bifidobacteriaceae;g__Bifidobacterium;s__Bifidobacterium_longum	-0.0463905257884	-0.0487084338834	0.0617977775785	-0.0791614519822	-0.0103517154867	0.0738905484201	0.0137792631078	-0.0448342592632	0.0649237995686	0.0555551367131	-0.00585711604837	0.00554051708168	-0.031582367176	-0.0137525596845	0.0120007313347	0.00418136500162	-0.0272093640961	-0.0640552573835	0.00567829755688	-0.0404073247258	-0.0385693513941	-0.0518595120638	0.0431296208252	-0.0612318762246	0.0660452045811	0.0591693138413	-0.0376437865792	0.0283966627315	0.000939279046822	1.0	-0.0208500309825	-0.0169931743722	0.0122588073403	0.0287618134726	-0.0205550131157	-0.0311029116518	-0.0564869691646	-0.070474162461	0.0643279640785	0.0737511288679	-0.0457304963151	-0.0123052927789	-0.0921143794625	-0.0599553821385	0.00726304930811	0.0288394437935	-0.0467648400067	-0.051838125138	0.0500721261918	-0.0347744842658	-0.0160237662533	-0.0802053093209	0.0801817287834	0.0161611194545	-0.00148744109989	-0.0768986553572	0.0123352380619	-0.00665998277472	0.00985455286726
