#taxonomy	k__Bacteria;p__Bacteroidetes;c__Bacteroidia;o__Bacteroidales;f__Bacteroidaceae;g__Bacteroides;s__Bacteroides_vulgatus	k__Bacteria;p__Bacteroidetes;c__Bacteroidia;o__Bacteroidales;f__Bacteroidaceae;g__Bacteroides;s__Bacteroides_uniformis	k__Bacteria;p__Bacteroidetes;c__Bacteroidia;o__Bacteroidales;f__Rikenellaceae;g__Alistipes;s__Alistipes_putredinis	k__Bacteria;p__Bacteroidetes;c__Bacteroidia;o__Bacteroidales;f__Prevotellaceae;g__Prevotella;s__Prevotella_copri	k__Bacteria;p__Bacteroidetes;c__Bacteroidia;o__Bacteroidales;f__Bacteroidaceae;g__Bacteroides;s__Bacteroides_stercoris	k__Bacteria;p__Bacteroidetes;c__Bacteroidia;o__Bacteroidales;f__Bacteroidaceae;g__Bacteroides;s__Bacteroides_ovatus	k__Bacteria;p__Bacteroidetes;c__Bacteroidia;o__Bacteroidales;f__Rikenellaceae;g__Alistipes;s__Alistipes_shahii	k__Bacteria;p__Firmicutes;c__Clostridia;o__Clostridiales;f__Ruminococcaceae;g__Faecalibacterium;s__Faecalibacterium_prausnitzii	k__Bacteria;p__Bacteroidetes;c__Bacteroidia;o__Bacteroidales;f__Rikenellaceae;g__Alistipes;s__Alistipes_finegoldii	k__Bacteria;p__Bacteroidetes;c__Bacteroidia;o__Bacteroidales;f__Porphyromonadaceae;g__Parabacteroides;s__Parabacteroides_distasonis	k__Bacteria;p__Bacteroidetes;c__Bacteroidia;o__Bacteroidales;f__Bacteroidaceae;g__Bacteroides;s__Bacteroides_thetaiotaomicron	k__Bacteria;p__Bacteroidetes;c__Bacteroidia;o__Bacteroidales;f__Bacteroidaceae;g__Bacteroides;s__Bacteroides_coprocola	k__Bacteria;p__Bacteroidetes;c__Bacteroidia;o__Bacteroidales;f__Bacteroidaceae;g__Bacteroides;s__Bacteroides_cellulosilyticus	k__Bacteria;p__Bacteroidetes;c__Bacteroidia;o__Bacteroidales;f__Rikenellaceae;g__Alistipes;s__Alistipes_obesi	k__Bacteria;p__Firmicutes;c__Clostridia;o__Clostridiales;f__Lachnospiraceae;g__;s__[Eubacterium]_rectale	k__Bacteria;p__Bacteroidetes;c__Bacteroidia;o__Bacteroidales;f__Bacteroidaceae;g__Bacteroides;s__Bacteroides_plebeius	k__Bacteria;p__Bacteroidetes;c__Bacteroidia;o__Bacteroidales;f__Bacteroidaceae;g__Bacteroides;s__Bacteroides_fragilis	k__Bacteria;p__Proteobacteria;c__Betaproteobacteria;o__Burkholderiales;f__Sutterellaceae;g__Sutterella;s__Sutterella_wadsworthensis	k__Bacteria;p__Bacteroidetes;c__Bacteroidia;o__Bacteroidales;f__Porphyromonadaceae;g__Barnesiella;s__Barnesiella_intestinihominis	k__Bacteria;p__Bacteroidetes;c__Bacteroidia;o__Bacteroidales;f__Odoribacteraceae;g__Odoribacter;s__Odoribacter_splanchnicus	k__Bacteria;p__Bacteroidetes;c__Bacteroidia;o__Bacteroidales;f__Bacteroidaceae;g__Bacteroides;s__Bacteroides_salyersiae	k__Bacteria;p__Firmicutes;c__Clostridia;o__Clostridiales;f__Ruminococcaceae;g__Ruminiclostridium;s__[Eubacterium]_siraeum	k__Bacteria;p__Proteobacteria;c__Betaproteobacteria;o__Burkholderiales;f__Sutterellaceae;g__Parasutterella;s__Parasutterella_excrementihominis	k__Bacteria;p__Actinobacteria;c__Actinobacteria;o__Bifidobacteriales;f__Bifidobacteriaceae;g__Bifidobacterium;s__Bifidobacterium_adolescentis	k__Bacteria;p__Firmicutes;c__Clostridia;o__Clostridiales;f__Oscillospiraceae;g__Oscillibacter;s__Oscillibacter_sp._KLE_1745	k__Bacteria;p__Bacteroidetes;c__Bacteroidia;o__Bacteroidales;f__Bacteroidaceae;g__Bacteroides;s__Bacteroides_coprophilus	k__Bacteria;p__Firmicutes;c__Clostridia;o__Clostridiales;f__Lachnospiraceae;g__Roseburia;s__Roseburia_intestinalis	k__Bacteria;p__Firmicutes;c__Clostridia;o__Clostridiales;f__Lachnospiraceae;g__Roseburia;s__Roseburia_hominis	k__Bacteria;p__Bacteroidetes;c__Bacteroidia;o__Bacteroidales;f__Porphyromonadaceae;g__Parabacteroides;s__Parabacteroides_johnsonii	k__Bacteria;p__Actinobacteria;c__Actinobacteria;o__Bifidobacteriales;f__Bifidobacteriaceae;g__Bifidobacterium;s__Bifidobacterium_longum	k__Bacteria;p__Firmicutes;c__Clostridia;o__Clostridiales;f__;g__Flavonifractor;s__Flavonifractor_plautii	k__Bacteria;p__Firmicutes;c__Clostridia;o__Clostridiales;f__Clostridiaceae;g__Clostridium;s__Clostridium_phoceensis	k__Bacteria;p__Verrucomicrobia;c__Verrucomicrobiae;o__Verrucomicrobiales;f__Akkermansiaceae;g__Akkermansia;s__Akkermansia_muciniphila	k__Bacteria;p__Bacteroidetes;c__Bacteroidia;o__Bacteroidales;f__Prevotellaceae;g__Paraprevotella;s__Paraprevotella_xylaniphila	k__Bacteria;p__Firmicutes;c__Clostridia;o__Clostridiales;f__Ruminococcaceae;g__Ruminococcus;s__Ruminococcus_callidus	k__Bacteria;p__Bacteroidetes;c__Bacteroidia;o__Bacteroidales;f__Rikenellaceae;g__Alistipes;s__Alistipes_senegalensis	k__Bacteria;p__Firmicutes;c__Clostridia;o__Clostridiales;f__Lachnospiraceae;g__Blautia;s__Blautia_sp._KLE_1732	k__Bacteria;p__Bacteroidetes;c__Bacteroidia;o__Bacteroidales;f__Bacteroidaceae;g__Bacteroides;s__Bacteroides_oleiciplenus	k__Bacteria;p__Firmicutes;c__Clostridia;o__Clostridiales;f__Ruminococcaceae;g__Ruminococcus;s__Ruminococcus_bicirculans	k__Bacteria;p__Bacteroidetes;c__Bacteroidia;o__Bacteroidales;f__Bacteroidaceae;g__Bacteroides;s__Bacteroides_fluxus	k__Bacteria;p__Bacteroidetes;c__Bacteroidia;o__Bacteroidales;f__Prevotellaceae;g__Prevotella;s__Prevotella_stercorea	k__Bacteria;p__Firmicutes;c__Clostridia;o__Clostridiales;f__Lachnospiraceae;g__Dorea;s__Dorea_longicatena	k__Bacteria;p__Firmicutes;c__Clostridia;o__Clostridiales;f__Eubacteriaceae;g__Eubacterium;s__[Eubacterium]_eligens	k__Bacteria;p__Firmicutes;c__Clostridia;o__Clostridiales;f__Ruminococcaceae;g__;s__Ruminococcaceae_bacterium_D16	k__Bacteria;p__Firmicutes;c__Clostridia;o__Clostridiales;f__Lachnospiraceae;g__Coprococcus;s__Coprococcus_comes	k__Bacteria;p__Proteobacteria;c__Gammaproteobacteria;o__Enterobacterales;f__Enterobacteriaceae;g__Escherichia;s__Escherichia_coli	k__Bacteria;p__Firmicutes;c__Clostridia;o__Clostridiales;f__Ruminococcaceae;g__Anaerotruncus;s__Anaerotruncus_colihominis	k__Bacteria;p__Firmicutes;c__Clostridia;o__Clostridiales;f__Lachnospiraceae;g__Blautia;s__Blautia_obeum	k__Bacteria;p__Bacteroidetes;c__Bacteroidia;o__Bacteroidales;f__Odoribacteraceae;g__Odoribacter;s__Odoribacter_laneus	k__Bacteria;p__Firmicutes;c__Clostridia;o__Clostridiales;f__Ruminococcaceae;g__Ruminiclostridium;s__[Clostridium]_leptum	k__Bacteria;p__Bacteroidetes;c__Bacteroidia;o__Bacteroidales;f__Porphyromonadaceae;g__Parabacteroides;s__Parabacteroides_goldsteinii	k__Bacteria;p__Firmicutes;c__Clostridia;o__Clostridiales;f__Lachnospiraceae;g__Anaerostipes;s__Anaerostipes_hadrus	k__Bacteria;p__Firmicutes;c__Clostridia;o__Clostridiales;f__Ruminococcaceae;g__Ruminococcus;s__Ruminococcus_lactaris	k__Bacteria;p__Firmicutes;c__Clostridia;o__Clostridiales;f__Clostridiaceae;g__Clostridium;s__Clostridium_sp._L2-50	k__Bacteria;p__Firmicutes;c__Clostridia;o__Clostridiales;f__Clostridiaceae;g__Clostridium;s__Clostridium_sp._M62/1	k__Bacteria;p__Firmicutes;c__Clostridia;o__Clostridiales;f__;g__Intestinimonas;s__Intestinimonas_butyriciproducens	k__Bacteria;p__Actinobacteria;c__Actinobacteria;o__Bifidobacteriales;f__Bifidobacteriaceae;g__Bifidobacterium;s__Bifidobacterium_bifidum	k__Bacteria;p__Firmicutes;c__Negativicutes;o__Veillonellales;f__Veillonellaceae;g__Dialister;s__Dialister_invisus	k__Bacteria;p__Bacteroidetes;c__Bacteroidia;o__Bacteroidales;f__Bacteroidaceae;g__Bacteroides;s__Bacteroides_salanitronis
k__Bacteria;p__Bacteroidetes;c__Bacteroidia;o__Bacteroidales;f__Bacteroidaceae;g__Bacteroides;s__Bacteroides_vulgatus	1.0	-0.0471991374169	-0.0497374028806	0.0298307348397	-0.0630190851302	-0.0226121185135	0.00518217584866	0.0275194982917	0.0731480641837	-0.0220287941885	0.0426788661292	-0.0178702275782	-0.0239596484234	-0.0152047918197	-0.018254087569	0.00410490568335	-0.0252400913316	-0.0238877449514	0.086287848681	-0.0444263503753	-0.0486976046144	0.038662903999	-0.0282636084643	0.0351123189725	0.0690132214305	0.00204801139547	-0.0481352893472	-0.0548295622255	-0.0501252534011	-0.0566339979489	0.0464801551477	-0.00309884321681	-0.0781285393131	-0.0104578334385	0.0705838349855	-0.0400912170546	-0.0369466618687	-0.0704192121185	-0.0144120184226	0.017294609737	0.00116958593566	-0.0320348382261	-0.0544019775027	-0.0391146093683	-0.00325939909387	-0.0454604465893	0.0715548126434	0.00898362382888	0.0319115029156	-0.0500091823049	-0.0398288284959	-0.0103605623739	0.011598119701	0.0058661327473	-0.0139072661459	-0.0504323281022	-0.0472050643543	-0.0679783388099	-0.0259767477319
k__Bacteria;p__Bacteroidetes;c__Bacteroidia;o__Bacteroidales;f__Bacteroidaceae;g__Bacteroides;s__Bacteroides_uniformis	-0.0471991374169	1.0	0.0550038958435	0.00298389357697	0.0143827370153	0.00782739758587	-0.0185963055323	-0.0017948317986	0.00305329247576	-0.0672283303987	-0.0621830874452	0.0224531288135	-0.0724579943763	-0.0211565325299	0.019941353043	0.0294812518402	-0.0180230492311	-0.0639412563989	0.0520683216186	-0.047322857264	0.0333208632982	-0.0360598312185	-0.00333551842664	0.0110569272648	-0.0186782380496	-0.0335920568504	-0.115497611999	0.0244784784634	-0.0262288920553	0.0510841959514	0.0557195447895	0.0851419257153	-0.0426239259331	0.00307309286747	0.0304233165858	0.030364481824	-0.0349518887568	0.00648107201808	-0.050844969624	-0.0562502132468	-0.047442086984	-0.0182336250934	-0.125024720989	0.0258175575861	0.00830378878489	0.0125617494396	-0.0112476881034	0.0331059231861	0.0380641913585	-0.0327772751103	0.0359184439923	0.0100519033541	0.000428274741026	0.0210082739621	0.0172137456883	-5.7270788225e-05	0.0373029319307	-0.0396907532359	0.00693499856983
k__Bacteria;p__Bacteroidetes;c__Bacteroidia;o__Bacteroidales;f__Rikenellaceae;g__Alistipes;s__Alistipes_putredinis	-0.0497374028806	0.0550038958435	1.0	-0.000589477210666	0.0245788321388	-0.0209809714677	0.0706300826545	-0.0219528552552	0.0544164571437	-0.0150618639278	0.0183845113272	0.0124139999064	0.0572717318942	-0.0440837304405	0.0236338185199	0.00860935482994	-0.0658474061765	0.0398872681916	-0.0506282120964	0.103094548424	-0.0480351041814	-0.0228897193589	-0.0722087351544	0.0261388678828	-0.0731280604087	-0.0298793151727	0.0641613454528	-0.0172070587882	0.0373182225107	-0.0208496724555	-0.0464350266899	-0.0157506222137	0.00419324522896	0.0419441812986	-0.0717471662539	-0.0293398111655	-0.0183268955796	-0.0275256819306	-0.0455516448201	-0.0231421267954	-0.0121038175548	-0.0240680496552	-0.0840898132081	-0.0347155623743	0.011015304848	-0.0324607243385	0.0505111355258	0.0544314367736	-0.0453117393888	-0.0864506001992	-0.063588962788	-0.0163808042262	-0.0227414651342	-0.0129206748216	-0.0500066715261	-0.0319409299421	-0.035131946969	-0.00737864558104	-0.0242374580352
k__Bacteria;p__Bacteroidetes;c__Bacteroidia;o__Bacteroidales;f__Prevotellaceae;g__Prevotella;s__Prevotella_copri	0.0298307348397	0.00298389357697	-0.000589477210666	1.0	-0.0588417334445	-0.0316323483383	-0.0137852070594	0.038263328127	0.0543736512558	-0.00839527538493	-0.0934837237903	0.0380889882296	-0.0238686491697	-0.0223100649109	-0.0890214096688	-0.00173031692231	-0.0355954081065	0.043773215781	0.0235689767593	-0.0107468320621	-0.0835459392371	-0.0858711803344	0.00437556364968	-0.00751009606314	0.0070311508703	0.0237074476407	0.00690618137178	-0.0786301308666	0.0509109028689	-0.0282933569006	-0.042000032133	-0.0394466365113	-0.0499176018884	-0.0153563071936	-0.00303317295242	0.0285058910333	0.000557672899185	-0.017465992842	-0.02098231823	-0.0294987695117	0.0224646555132	-0.0549036216568	0.0136585962277	-0.0514454045233	0.0168155368584	0.0411006033693	-0.0198930707258	-0.0714344080571	-0.0254767929442	0.0190368667791	0.00930944722812	-0.00109356201675	0.0482555977155	-0.0164596473439	0.0314395523163	0.0174034131365	0.00528952788874	0.00918294760439	-0.00062354989924
k__Bacteria;p__Bacteroidetes;c__Bacteroidia;o__Bacteroidales;f__Bacteroidaceae;g__Bacteroides;s__Bacteroides_stercoris	-0.0630190851302	0.0143827370153	0.0245788321388	-0.0588417334445	1.0	0.0211069931011	0.00907443431468	-0.0274545540106	0.0108762216622	0.00985557658747	-0.000659128832793	0.0814105460994	0.0479948329603	0.022038072844	-0.0170190191858	-0.0362799173509	-0.0580929714154	-0.0134171448156	-0.0619778047453	-0.0357052032499	-0.0461779544892	0.0276542220302	0.0153786329062	-0.050603905049	-0.0233095072978	-0.0104302467008	0.000897209954003	0.0160210316575	-0.00652815691734	-0.0372819525318	0.0308614559734	0.0523576448467	-0.0550664765928	0.00570439370191	0.0274386719541	0.0588141616495	-0.0550273045455	-0.0076574541175	-0.0569846036586	-0.0855688482041	-0.0293838941046	-0.00154892448813	-0.004341157531	-0.0115055952844	-0.0444554750828	-0.0768003109419	-0.0242575893803	-0.0811842673261	0.0127563880579	-0.0412072448331	-0.0630682085942	0.0243992763415	0.0458263311642	-0.0165688803232	0.0397067934589	0.0436063488935	-0.0298076423441	-0.0261712449079	0.00832575216571
k__Bacteria;p__Bacteroidetes;c__Bacteroidia;o__Bacteroidales;f__Bacteroidaceae;g__Bacteroides;s__Bacteroides_ovatus	-0.0226121185135	0.00782739758587	-0.0209809714677	-0.0316323483383	0.0211069931011	1.0	-0.0582403561273	-0.0938586017085	-0.0169120177007	-0.0302558509508	0.0240402009334	0.0531940260224	-0.0897316733038	0.0168886755236	0.00126072765748	0.0151676990686	0.0339358179218	0.0397305338855	-0.0530716061075	-0.0220320313934	0.0297107053699	-0.0284782870445	-0.0708800153091	-0.00117192682402	0.00260945266747	-0.0288757020618	-0.0377652578511	0.00223924545378	-0.00872426230081	-0.0365952393918	-0.0450537611767	-0.00532403662881	-0.0150834269145	-0.0521142043452	-0.0196451899763	0.0542668125261	0.0734719447718	-0.0327687335392	0.0310591742473	-0.0811516377183	-0.0779943511793	-0.0222272853272	-0.0252981055313	0.00865992430931	0.0468477460265	-0.00827630957806	0.0144732061071	-0.0103257233958	-0.0538584595066	0.0145413883117	-0.0222337474121	0.0219231381339	0.0194327543456	-0.0199706332908	0.00521760198103	0.0466881199265	0.037944468078	0.000369199259331	-0.0453406338526
k__Bacteria;p__Bacteroidetes;c__Bacteroidia;o__Bacteroidales;f__Rikenellaceae;g__Alistipes;s__Alistipes_shahii	0.00518217584866	-0.0185963055323	0.0706300826545	-0.0137852070594	0.00907443431468	-0.0582403561273	1.0	-0.0123749717364	0.00297840552475	-0.0545964214544	0.0169572464158	-0.0046610213526	-0.0524894792052	0.0853118913639	0.0331391138974	-0.0814830732069	-0.0505870774008	-0.0182871477538	0.0288199819047	-0.0271338286481	-0.051738386311	-0.0058876975119	-0.0619247612284	-0.00673835617794	-0.0556343497342	-0.0995718150302	-0.011300062188	0.0677949567117	-0.00789868549458	0.0358068034479	-0.0535589789227	0.0288615202586	-0.0677472987123	-0.0126728671937	0.00909200146564	0.0118293068458	-0.0769003894082	0.0529471626673	0.0294349993313	0.00865756546491	-0.0395351550581	0.0114702050225	-0.053099800164	0.0200908463487	0.0213309564937	0.00804587052146	-0.0411982036031	-0.0502895192072	0.0331423325954	0.00327015771292	0.0396484262455	-0.0439399200895	-0.0331348157332	0.0115532530865	0.0461845599526	0.05074733969	-0.0388809385819	0.0535284811607	-0.0833888815149
k__Bacteria;p__Firmicutes;c__Clostridia;o__Clostridiales;f__Ruminococcaceae;g__Faecalibacterium;s__Faecalibacterium_prausnitzii	0.0275194982917	-0.0017948317986	-0.0219528552552	0.038263328127	-0.0274545540106	-0.0938586017085	-0.0123749717364	1.0	0.0213221611044	0.00144600369441	0.0368457238412	0.00634688587119	-0.0215183908254	-0.013522790007	-0.0233636941298	-0.00789805533473	0.0277369165918	0.0400543098738	0.0106399784773	-0.0133663107112	0.0323253877401	-0.00250439503783	-0.0298658641638	0.0179805949288	0.0343141458755	-0.00108361978478	-0.0981896642297	0.0648592687998	-0.0182123473265	-0.0691813920812	-0.0390725698235	-0.00541497560967	-0.00104961381067	0.0558043537475	-0.0223734041579	-0.0344121071637	0.0105711845806	-0.0207654328585	-0.0258941308772	-0.0471925640273	-0.0182640274753	-0.0634242775005	-0.0112506392355	-0.0321065935841	-0.012658213531	-0.00272769005889	0.00656810589231	0.00862442860199	-0.00504491484987	-0.0538876543097	-0.0452267895805	0.072405761543	-0.0385703419479	0.00916271143371	-0.0258014653637	0.0214149714621	0.0276970060643	-0.0511214559242	0.072373465387
k__Bacteria;p__Bacteroidetes;c__Bacteroidia;o__Bacteroidales;f__Rikenellaceae;g__Alistipes;s__Alistipes_finegoldii	0.0731480641837	0.00305329247576	0.0544164571437	0.0543736512558	0.0108762216622	-0.0169120177007	0.00297840552475	0.0213221611044	1.0	-0.0582713307812	-0.0552305218521	-0.00517434631399	-0.031560794639	0.0495496539702	-0.00446195655314	0.0530071738772	-0.0206417267217	0.0455677053943	0.0153478462247	0.01986727801	0.0383460876785	-0.0248916659619	-0.056548174792	0.0140512551834	-0.0525871935178	0.011382202742	0.0271541163828	-0.0533954966464	-0.00583446945476	-0.030372136829	-0.0202966763918	-0.0190918588236	0.062104314047	0.018038082525	0.0317049731127	0.0045267818507	-0.0193135742354	-0.0704825745273	-0.0098864160647	-0.00296921292195	-0.0725982079458	-0.0664361811609	-0.099728362284	-0.0421973489438	-0.0360681685997	-0.0581995589964	-0.0135210105177	0.055308783665	-0.0204161874864	-0.0446848770529	0.0112942352135	0.0154242016853	0.00582412852517	0.0196035344586	-0.0457629606737	0.0180257666254	0.00278078372313	0.0397790848235	-0.0270401428698
k__Bacteria;p__Bacteroidetes;c__Bacteroidia;o__Bacteroidales;f__Porphyromonadaceae;g__Parabacteroides;s__Parabacteroides_distasonis	-0.0220287941885	-0.0672283303987	-0.0150618639278	-0.00839527538493	0.00985557658747	-0.0302558509508	-0.0545964214544	0.00144600369441	-0.0582713307812	1.0	-0.00624371246812	0.0251254480038	0.0396961990452	-0.0284675209638	0.0285502260367	0.0483940284517	0.0354127974422	-0.0660571142822	-0.0281153906254	0.0368375305795	0.0342086152653	-0.0229843630659	-0.0990208228073	0.049173961737	0.0447700412691	-0.0399266682124	-0.0429604652297	-0.0702696802595	-0.0378092832899	-0.0381782334277	-0.0110000468669	-0.0470614434683	-0.0020165329072	0.0433251412159	0.0169341231018	-0.0311166210644	-0.000405859136838	-0.046415142441	-0.0822479912737	0.00838595998023	0.0138003068524	0.0167678400373	0.0564337060122	0.000653585322353	0.0196447523317	0.00540366302651	0.00256082849477	0.00317314507973	-0.0200753483779	0.00155866682664	-0.0198099427167	0.00890356669844	-0.010152644585	0.0269696015114	-0.0550246929497	0.00717347552355	0.0169850875892	-0.00612530302348	-0.00579681640138
k__Bacteria;p__Bacteroidetes;c__Bacteroidia;o__Bacteroidales;f__Bacteroidaceae;g__Bacteroides;s__Bacteroides_thetaiotaomicron	0.0426788661292	-0.0621830874452	0.0183845113272	-0.0934837237903	-0.000659128832793	0.0240402009334	0.0169572464158	0.0368457238412	-0.0552305218521	-0.00624371246812	1.0	0.0562293032909	-0.128087405884	0.0455770299365	-0.0221392439224	0.065196427435	0.0196272642543	-0.062176805293	0.0413127097721	-0.027531603708	-0.0214540422266	-0.000997923874007	-0.00109098298925	-0.0823015184421	-0.0133062298654	0.00700648535333	-0.0288442422864	0.0175736461534	0.02056592703	0.0207417868861	0.039536356666	0.00766964573848	-0.0162865368676	-0.00466047651092	-0.016165769945	-0.0697460597958	0.035981832378	0.0215579535563	0.0221475189631	-0.020967719235	-0.0139073373823	0.0845595199922	-0.0231782246276	0.00174316438421	-0.0288164305046	-0.051932099123	-0.0705182619413	-0.0345652613556	-0.0110635962939	-0.0617075781372	0.0119291763033	0.0076712842282	-0.0323048051673	0.0241019030354	-0.0158142603682	-0.000490653815016	-0.0189108863675	0.0237990295043	-0.064514871981
k__Bacteria;p__Bacteroidetes;c__Bacteroidia;o__Bacteroidales;f__Bacteroidaceae;g__Bacteroides;s__Bacteroides_coprocola	-0.0178702275782	0.0224531288135	0.0124139999064	0.0380889882296	0.0814105460994	0.0531940260224	-0.0046610213526	0.00634688587119	-0.00517434631399	0.0251254480038	0.0562293032909	1.0	0.00624086283202	-0.0496861717623	-0.0386329716599	0.0590836816158	0.0344285037817	0.0738722342702	-0.0472436342641	-0.061490384276	-0.0270200638871	0.0102862924896	-0.0406347719154	0.00387804238711	0.0458163625625	0.0422237146016	-0.0602609349103	0.0260143004258	-0.00201578883831	-0.0915945031572	0.0402679818512	-0.0264465722104	-0.00721736381501	0.02389438651	-0.0407440530864	0.0306457721315	-0.0270311657105	-0.0146086867507	0.0494432300353	0.0284705447603	-0.0249692758282	0.0125648793907	0.00207115515627	-0.023518097447	0.0402319383231	-0.00559423696833	-0.0596431861068	-0.0532691066312	-0.0351588137376	-0.0107187819885	-0.0101904723119	0.0266855295959	0.0459254911602	-0.00097405774272	0.0175174027331	0.00205897055583	0.0251828798074	0.0468332277609	0.0104210225061
k__Bacteria;p__Bacteroidetes;c__Bacteroidia;o__Bacteroidales;f__Bacteroidaceae;g__Bacteroides;s__Bacteroides_cellulosilyticus	-0.0239596484234	-0.0724579943763	0.0572717318942	-0.0238686491697	0.0479948329603	-0.0897316733038	-0.0524894792052	-0.0215183908254	-0.031560794639	0.0396961990452	-0.128087405884	0.00624086283202	1.0	-0.0406473979999	-0.0856273731595	-0.048714751182	-0.0128143891135	-0.0670326829401	-0.0253872885863	-0.0759943937017	0.017471175464	-0.00861199863408	-0.0272788734373	0.0278761885208	-0.0193394083417	0.0686631308974	-0.0158814034174	0.0330024227916	0.0703442910534	0.0631740343851	0.0701133324213	0.0792265665508	-0.0441378089248	-0.0342161812198	-0.036729061024	0.0011557298382	-0.0277613191161	0.0329837834822	0.00200765510353	-0.0292454060408	0.0312060026526	0.0350231226083	0.00450534380913	-0.00854649865516	-0.0650617061203	-0.0698538821292	0.0345769391188	0.024755904766	-0.045755104361	-0.0168091506687	-0.0466810525046	0.012905703857	0.0331169748512	0.00386532754004	-0.00546634620301	0.00126958576625	-0.00817670068683	0.00582644627954	-0.0296720318033
k__Bacteria;p__Bacteroidetes;c__Bacteroidia;o__Bacteroidales;f__Rikenellaceae;g__Alistipes;s__Alistipes_obesi	-0.0152047918197	-0.0211565325299	-0.0440837304405	-0.0223100649109	0.022038072844	0.0168886755236	0.0853118913639	-0.013522790007	0.0495496539702	-0.0284675209638	0.0455770299365	-0.0496861717623	-0.0406473979999	1.0	0.00521480575679	-0.0804246923961	0.0149382741845	0.00889276014973	-0.0472944221709	0.0637430419963	0.0102728746413	-0.0346967767567	0.0399376966582	-0.0506861231689	-0.0225461741694	-0.0110388802917	0.0380750261819	0.0177333917087	0.0223133147158	0.0482307051162	-0.0852319805763	0.025353035759	0.031821936588	-0.0231269572139	0.0140149990516	-0.0213194997176	0.0136239655272	-0.0300229988602	0.0133058424865	-0.0281739804019	0.0160662932898	-0.0439784271603	0.0173856453473	-0.0258114103402	-0.0798127433396	-0.0653280084774	0.0368468913227	0.0244305875331	0.0306519685922	0.0215219870009	-0.00485308751048	0.0277308128995	-0.00614498734117	0.0648706408454	0.0546145434487	-0.115862829998	-8.97962863422e-05	-0.0345540392701	0.0255885258484
k__Bacteria;p__Firmicutes;c__Clostridia;o__Clostridiales;f__Lachnospiraceae;g__;s__[Eubacterium]_rectale	-0.018254087569	0.019941353043	0.0236338185199	-0.0890214096688	-0.0170190191858	0.00126072765748	0.0331391138974	-0.0233636941298	-0.00446195655314	0.0285502260367	-0.0221392439224	-0.0386329716599	-0.0856273731595	0.00521480575679	1.0	0.0325222092759	0.104533650417	-0.0477061118059	0.0105979195903	-0.0324342745523	-0.00451443383613	-0.0965877005206	0.0246498962311	-0.0935121731386	0.0150159177139	-0.103723520392	0.0694313937083	-0.0264296817357	-0.0748428462188	0.0703279674401	0.0235323497042	-0.0250784628789	0.0755611837033	-0.0179280376829	0.0463968325212	-0.0689652602135	-0.0565081334378	-0.0293680342692	0.0497140139035	-0.0184225372688	-0.0201307653463	-0.0694594021099	0.0314059866613	-0.0441262405169	-0.0349996148463	-0.0464200339338	-0.0146212278385	-0.0254857476956	-0.00983048457976	-0.011804673343	-0.0283251762299	-0.05109743334	-0.0222867467853	0.0722291157328	-0.00126628925951	-0.0317134217529	0.0114741629133	0.0349764674267	-0.00172521854679
k__Bacteria;p__Bacteroidetes;c__Bacteroidia;o__Bacteroidales;f__Bacteroidaceae;g__Bacteroides;s__Bacteroides_plebeius	0.00410490568335	0.0294812518402	0.00860935482994	-0.00173031692231	-0.0362799173509	0.0151676990686	-0.0814830732069	-0.00789805533473	0.0530071738772	0.0483940284517	0.065196427435	0.0590836816158	-0.048714751182	-0.0804246923961	0.0325222092759	1.0	0.0692619779784	0.00714583977805	0.0150555387527	-0.0474471813923	0.00128387678454	0.0207670071823	0.00131771477936	-0.0220860694384	-0.0460377971198	0.0448079286189	-0.0257548499883	0.000414570288458	-0.0196656639837	0.0170664100628	-0.070044581058	-0.0680938718632	0.013603391245	0.0107312375932	0.0143607810144	0.00845860701489	-0.0198593205692	-0.0788029395703	0.0273289666585	-0.00684226946315	0.0186012353937	-0.0687677162899	0.0865196641931	0.0207479036027	-0.0224286540121	0.0329778607646	-0.0279695284671	0.031060205409	-0.0119295401836	0.0280661266545	-0.035418769972	0.0628575098207	-0.0661039276647	-0.0133309715908	-0.0627444486023	-0.0578928446694	-0.0102757175017	-0.0302659266553	0.0355929766635
k__Bacteria;p__Bacteroidetes;c__Bacteroidia;o__Bacteroidales;f__Bacteroidaceae;g__Bacteroides;s__Bacteroides_fragilis	-0.0252400913316	-0.0180230492311	-0.0658474061765	-0.0355954081065	-0.0580929714154	0.0339358179218	-0.0505870774008	0.0277369165918	-0.0206417267217	0.0354127974422	0.0196272642543	0.0344285037817	-0.0128143891135	0.0149382741845	0.104533650417	0.0692619779784	1.0	0.0115949654254	-0.0064013082047	-0.0152923584896	-0.037309662034	-0.0161277224546	-0.0154036703958	-0.0835501614455	-0.0239595870732	0.021477410192	-0.0118506488117	-0.0402170067805	-0.0853932684841	0.0516210184467	0.0112605937821	-0.0270672741512	-0.019559969493	-0.0185330243648	0.00800106179449	-0.0339707448346	0.0100466716157	-0.00706508341581	-0.0185291390979	-0.0670423578383	0.0396446717907	-0.00925755752158	0.0467939749966	-0.0617585744071	-0.0381285110634	0.0145951184344	0.0231094813527	-0.0822171015997	-0.0528794434501	-0.0237505240288	0.0214227584441	0.000818817388677	0.0480250275453	-0.0300704907706	-0.0282664503617	-0.0134100829264	-0.0614732624394	0.0174938294213	-0.000899563882521
k__Bacteria;p__Proteobacteria;c__Betaproteobacteria;o__Burkholderiales;f__Sutterellaceae;g__Sutterella;s__Sutterella_wadsworthensis	-0.0238877449514	-0.0639412563989	0.0398872681916	0.043773215781	-0.0134171448156	0.0397305338855	-0.0182871477538	0.0400543098738	0.0455677053943	-0.0660571142822	-0.062176805293	0.0738722342702	-0.0670326829401	0.00889276014973	-0.0477061118059	0.00714583977805	0.0115949654254	1.0	-0.0337804187017	-0.0406024443863	-0.0778529473393	-0.0429524319041	-0.040805089357	0.00991471522179	-0.015155783641	-0.0246468514155	0.0289656291967	0.00539412835013	-0.0347681681967	-0.00359129684599	-0.0692400457854	0.0642309475416	-0.0672376149689	-0.0266785839173	-0.0227493282434	-0.0272460126682	0.0629917318088	-0.0235877950987	-0.0287829304285	-0.0237380380367	0.0012186595478	-0.0276000039036	-0.0048760944383	0.00877822689012	-0.027698681656	-0.052803381305	0.0742502998246	-0.0235928145997	0.0198473713318	0.0108236929379	0.031394429961	-0.0169886720555	0.0106345445325	-0.00638928418755	-0.0673553983168	0.000859046087062	-0.102718135149	-0.00167514376349	0.0590938742222
k__Bacteria;p__Bacteroidetes;c__Bacteroidia;o__Bacteroidales;f__Porphyromonadaceae;g__Barnesiella;s__Barnesiella_intestinihominis	0.086287848681	0.0520683216186	-0.0506282120964	0.0235689767593	-0.0619778047453	-0.0530716061075	0.0288199819047	0.0106399784773	0.0153478462247	-0.0281153906254	0.0413127097721	-0.0472436342641	-0.0253872885863	-0.0472944221709	0.0105979195903	0.0150555387527	-0.0064013082047	-0.0337804187017	1.0	-0.0454599818804	-0.0179709962833	0.026546288992	0.00595754078906	-0.0123379744926	0.025635427362	-0.0581981540655	-0.0182445599895	-0.0102007475138	0.00219650778541	-0.0165395473898	-0.00515850228792	-0.0126673023059	-0.000815433290681	0.000708876555343	0.0127370293537	-0.00944992025848	-0.0292702954725	0.0174600132959	-0.030485822957	-0.0319392651924	-0.0272425312416	-0.0337201997685	-0.0494612498955	-0.0660476432459	-0.0426029580399	0.00993421947716	-0.0444864775174	0.0549832772387	-0.0573960833168	-0.054041432267	-0.026686523362	-0.00796230283767	0.0157297957526	0.00346893690962	0.040502532347	-0.0295493349636	-0.0420145958599	-0.0138785170911	-0.00490590227473
k__Bacteria;p__Bacteroidetes;c__Bacteroidia;o__Bacteroidales;f__Odoribacteraceae;g__Odoribacter;s__Odoribacter_splanchnicus	-0.0444263503753	-0.047322857264	0.103094548424	-0.0107468320621	-0.0357052032499	-0.0220320313934	-0.0271338286481	-0.0133663107112	0.01986727801	0.0368375305795	-0.027531603708	-0.061490384276	-0.0759943937017	0.0637430419963	-0.0324342745523	-0.0474471813923	-0.0152923584896	-0.0406024443863	-0.0454599818804	1.0	0.0739463114215	0.0044988298247	0.0215783366987	0.0741211619291	-0.00748761736484	-0.0596726428703	-0.0205899476411	0.0205654643936	0.062422981556	-0.0427090798507	0.00398102554059	-0.00345227171021	0.0395467233151	-0.062343219338	-0.0537584363306	0.0606231014943	-0.0382835067846	-0.0218253952946	-0.00940739421328	0.0301810822885	-0.015438805007	0.0163120882771	0.0108960493293	-0.00463076177624	0.0322392851708	0.0120740432582	0.0150257806803	0.0602368607871	-0.0580115086166	-0.0386831697263	-0.0590076737397	-0.0262677956746	-0.0791271924854	-0.0317164763624	0.0450994078588	0.0675526824745	-0.0509371258597	-0.0399496975232	-0.0142864388718
k__Bacteria;p__Bacteroidetes;c__Bacteroidia;o__Bacteroidales;f__Bacteroidaceae;g__Bacteroides;s__Bacteroides_salyersiae	-0.0486976046144	0.0333208632982	-0.0480351041814	-0.0835459392371	-0.0461779544892	0.0297107053699	-0.051738386311	0.0323253877401	0.0383460876785	0.0342086152653	-0.0214540422266	-0.0270200638871	0.017471175464	0.0102728746413	-0.00451443383613	0.00128387678454	-0.037309662034	-0.0778529473393	-0.0179709962833	0.0739463114215	1.0	-0.0132952310786	-0.0159909151717	-0.017047821954	0.00109543220438	-0.107138358008	-0.0152522487855	0.0538378619366	0.00016112046859	0.054328049282	-0.023040259371	0.0776754994823	0.0344268606553	-0.0797120179599	0.0487831927594	-0.0276600127396	-0.059309102873	-0.00589991659246	0.0429882938538	-0.00121746878066	0.0308439283456	-0.0569635408308	0.0306351984853	-0.0634615801538	0.0466287882002	-0.0129550089398	-0.0231233777241	0.0446962736995	0.0519033289178	-0.0767961497489	-0.0190747677326	-0.0316935334393	0.00216545400889	-0.0432912935331	-0.00507683970238	-0.0122612895371	-0.0606684527431	0.0368624174472	-0.103100034086
k__Bacteria;p__Firmicutes;c__Clostridia;o__Clostridiales;f__Ruminococcaceae;g__Ruminiclostridium;s__[Eubacterium]_siraeum	0.038662903999	-0.0360598312185	-0.0228897193589	-0.0858711803344	0.0276542220302	-0.0284782870445	-0.0058876975119	-0.00250439503783	-0.0248916659619	-0.0229843630659	-0.000997923874007	0.0102862924896	-0.00861199863407	-0.0346967767567	-0.0965877005206	0.0207670071823	-0.0161277224546	-0.0429524319041	0.026546288992	0.0044988298247	-0.0132952310786	1.0	0.0211762679852	-0.0810970323203	-0.0615308938788	-0.0783121688089	-0.00547330691922	0.0534027680056	-0.0010851180709	0.00691056237117	-0.0293882842946	0.0596215368407	0.0506981615134	0.0173587497754	0.0554524388469	-0.0572782725379	-0.000863923704935	0.0634516760288	0.0198531527597	-0.0753636458542	-0.0877294060385	-0.02103302718	0.0258187026663	0.0305126197809	-0.0148984554759	0.0114954411898	0.0307258895779	-0.0532779117852	0.00475698971384	0.00247794344345	-0.0588633987061	-0.00277589101392	-0.0610440381703	-0.119383786576	-0.0218438206511	0.0174174667169	0.046166487308	-0.00681595051644	-0.0667589300355
k__Bacteria;p__Proteobacteria;c__Betaproteobacteria;o__Burkholderiales;f__Sutterellaceae;g__Parasutterella;s__Parasutterella_excrementihominis	-0.0282636084643	-0.00333551842664	-0.0722087351544	0.00437556364968	0.0153786329062	-0.0708800153091	-0.0619247612284	-0.0298658641638	-0.056548174792	-0.0990208228073	-0.00109098298925	-0.0406347719154	-0.0272788734373	0.0399376966582	0.0246498962311	0.00131771477936	-0.0154036703958	-0.040805089357	0.00595754078906	0.0215783366987	-0.0159909151717	0.0211762679852	1.0	-0.0518971144874	0.0267236285959	-0.0164408290418	-0.0450581490262	-0.0565290033337	0.0255564000064	0.0418225661681	0.0603318381648	0.0922324235378	0.0101395995506	0.0184169589361	-0.0374862409474	0.00580560858805	-0.0144065406449	-0.0153316539826	-0.0224034030038	0.00345419476407	-0.0278234694658	0.0511382691356	0.0410961278904	0.0429563271421	0.0444119556168	0.00235965396742	-0.0663832536737	0.017543161416	-0.0274609872907	-0.0207160440171	-0.0388428690156	-0.0260363521817	0.0601757007418	-0.00210609464339	0.000331013291644	-0.0292083211379	-0.073768553904	0.0226318839897	0.0757438718868
k__Bacteria;p__Actinobacteria;c__Actinobacteria;o__Bifidobacteriales;f__Bifidobacteriaceae;g__Bifidobacterium;s__Bifidobacterium_adolescentis	0.0351123189725	0.0110569272648	0.0261388678828	-0.00751009606314	-0.050603905049	-0.00117192682402	-0.00673835617794	0.0179805949288	0.0140512551834	0.049173961737	-0.0823015184421	0.00387804238711	0.0278761885208	-0.0506861231689	-0.0935121731386	-0.0220860694384	-0.0835501614455	0.00991471522179	-0.0123379744926	0.0741211619291	-0.017047821954	-0.0810970323203	-0.0518971144874	1.0	-0.0380194215497	0.00492257229846	-0.0501935016847	-0.00516774041308	-0.0233823238453	-0.0617712889016	0.0298793461321	-0.00783228040486	-0.0396372995692	0.010033464186	-0.00287894024256	0.0388805817031	-0.0288955820866	0.0479017916993	-0.0241297207455	-0.0141190186207	0.0213228178601	-0.00169566957494	-0.015924310882	-0.0794807443957	-0.0107206263308	0.000199345076848	-0.0305258076435	0.00226909574996	0.0366300731844	-0.0502980134919	-0.0527924882516	0.0141568533063	-0.0156501536311	-0.0690245939273	-0.0406383966992	-0.0397661744189	0.0173522769643	0.00780488519544	0.0155973698915
k__Bacteria;p__Firmicutes;c__Clostridia;o__Clostridiales;f__Oscillospiraceae;g__Oscillibacter;s__Oscillibacter_sp._KLE_1745	0.0690132214305	-0.0186782380496	-0.0731280604087	0.0070311508703	-0.0233095072978	0.00260945266747	-0.0556343497342	0.0343141458755	-0.0525871935178	0.0447700412691	-0.0133062298654	0.0458163625625	-0.0193394083417	-0.0225461741694	0.0150159177139	-0.0460377971198	-0.0239595870732	-0.015155783641	0.025635427362	-0.00748761736484	0.00109543220438	-0.0615308938788	0.0267236285959	-0.0380194215497	1.0	-0.0713233366187	-0.0244472243845	-0.0616720497425	0.0448504795038	-0.0291613090146	-0.0156488631964	-0.0190505042955	-0.00560973137311	0.0157892918582	0.0531028161716	-0.0221170250768	-0.0683531608911	-0.0542269949573	0.151809115137	0.0609745625704	0.00126206490077	-0.00730997994376	-0.0119941458803	0.0307310039734	-0.0211391016664	-0.0358773003584	-0.0235883279364	0.0344463994722	-0.0249143150513	-0.0561618110944	-0.00234093019651	-0.0237014473789	-0.0304789010332	-0.00321357580827	0.0246170383971	0.0346150152297	-0.0542611000827	0.0346129307544	0.0412775130205
k__Bacteria;p__Bacteroidetes;c__Bacteroidia;o__Bacteroidales;f__Bacteroidaceae;g__Bacteroides;s__Bacteroides_coprophilus	0.00204801139547	-0.0335920568504	-0.0298793151727	0.0237074476407	-0.0104302467008	-0.0288757020618	-0.0995718150302	-0.00108361978478	0.011382202742	-0.0399266682124	0.00700648535333	0.0422237146016	0.0686631308974	-0.0110388802917	-0.103723520392	0.0448079286189	0.021477410192	-0.0246468514155	-0.0581981540655	-0.0596726428703	-0.107138358008	-0.0783121688089	-0.0164408290418	0.00492257229846	-0.0713233366187	1.0	-0.033969697522	-0.0313353493269	-0.0343767535873	-0.0136746399344	-0.0262187933202	-0.0363491798645	0.00407177005734	-0.0443110669415	-0.0140080928993	-0.00858229849941	-0.000524587975088	0.0592678245031	0.0322456997609	0.0727563393328	-0.0224222672592	0.0319635560642	0.0153743670971	0.0661730462305	-0.0196596284756	0.0193237623759	-0.00863733201575	-0.0454074152128	-0.0285690656453	0.0171497460075	0.0199711244211	-0.0886117154989	0.0217276210338	-0.0401049273788	0.0113513379882	-0.0135608397459	0.0483591311243	-0.0197123553088	0.0549941248301
k__Bacteria;p__Firmicutes;c__Clostridia;o__Clostridiales;f__Lachnospiraceae;g__Roseburia;s__Roseburia_intestinalis	-0.0481352893472	-0.115497611999	0.0641613454528	0.00690618137178	0.000897209954003	-0.0377652578511	-0.011300062188	-0.0981896642297	0.0271541163828	-0.0429604652297	-0.0288442422864	-0.0602609349103	-0.0158814034174	0.0380750261819	0.0694313937083	-0.0257548499883	-0.0118506488117	0.0289656291967	-0.0182445599895	-0.0205899476411	-0.0152522487855	-0.00547330691922	-0.0450581490262	-0.0501935016847	-0.0244472243845	-0.033969697522	1.0	-0.038009425046	0.0300679836284	-0.00590168061589	0.0640576643648	0.0470729968362	-0.0376891956011	-0.00278593336509	-0.0154047161819	-0.00781749026279	0.00810983703672	0.033874702186	-0.00253237102234	0.0153184794507	-0.0340197516013	-0.00223826790802	-0.0479932122141	-0.0337244229216	-0.00738604986389	-0.0123344139129	-0.0391645638924	-0.0668319164607	-0.0187912623803	-0.0116267861404	0.00717382877924	0.0895916547955	-0.0510304702539	0.00352264661253	-0.0252940813875	0.0144903044537	-0.00774702569116	0.0136617547695	-0.0667053708359
k__Bacteria;p__Firmicutes;c__Clostridia;o__Clostridiales;f__Lachnospiraceae;g__Roseburia;s__Roseburia_hominis	-0.0548295622255	0.0244784784634	-0.0172070587882	-0.0786301308666	0.0160210316575	0.00223924545378	0.0677949567117	0.0648592687998	-0.0533954966464	-0.0702696802595	0.0175736461534	0.0260143004258	0.0330024227916	0.0177333917087	-0.0264296817357	0.000414570288458	-0.0402170067805	0.00539412835013	-0.0102007475138	0.0205654643936	0.0538378619366	0.0534027680056	-0.0565290033337	-0.00516774041308	-0.0616720497425	-0.0313353493269	-0.038009425046	1.0	-0.00106740408345	-0.0334731999479	-0.0258073184723	-0.0478450777344	-0.0247383235509	-0.0551081946734	-0.0286053256522	-0.012862802596	-0.0251947550015	-0.0729225643305	-0.009569414776	-0.0479518300464	-0.0576516534128	0.0533913848209	-0.00960168239747	0.0115363318597	0.0193109520278	-0.0169419431312	-0.0691806514543	0.0208787014765	-0.0220750240107	0.00244182252959	0.0454331921443	-0.0151091560346	0.000190577637218	0.00766256436416	-0.00256165927742	0.00763916083512	0.0526269395116	-0.0418422977344	0.0391071203343
k__Bacteria;p__Bacteroidetes;c__Bacteroidia;o__Bacteroidales;f__Porphyromonadaceae;g__Parabacteroides;s__Parabacteroides_johnsonii	-0.0501252534011	-0.0262288920553	0.0373182225107	0.0509109028689	-0.00652815691734	-0.00872426230081	-0.00789868549458	-0.0182123473265	-0.00583446945476	-0.0378092832899	0.02056592703	-0.00201578883831	0.0703442910534	0.0223133147158	-0.0748428462188	-0.0196656639837	-0.0853932684841	-0.0347681681967	0.00219650778541	0.062422981556	0.00016112046859	-0.0010851180709	0.0255564000064	-0.0233823238453	0.0448504795038	-0.0343767535873	0.0300679836284	-0.00106740408345	1.0	0.00139152338762	-0.0176584708767	-0.00959237475673	-0.0582241337175	0.0494793668073	-0.0456777642853	0.0215727095088	0.0218434580751	-0.0118526310855	-0.031536751888	-0.0802589353965	-0.100168930754	-0.00229718147101	-0.0369237211359	0.0248542186645	-0.00656304073571	-0.000486791387633	-0.0264092718222	-0.0441045240766	-0.0397711298203	-0.0545455243823	0.022238517379	-0.0178596097585	0.000279813413334	0.0664568513048	-0.0386211762586	0.0220440295948	0.00952819598406	-0.0454158071017	-0.0203438856412
k__Bacteria;p__Actinobacteria;c__Actinobacteria;o__Bifidobacteriales;f__Bifidobacteriaceae;g__Bifidobacterium;s__Bifidobacterium_longum	-0.0566339979489	0.0510841959514	-0.0208496724555	-0.0282933569006	-0.0372819525318	-0.0365952393918	0.0358068034479	-0.0691813920812	-0.030372136829	-0.0381782334277	0.0207417868861	-0.0915945031572	0.0631740343851	0.0482307051162	0.0703279674401	0.0170664100628	0.0516210184467	-0.00359129684599	-0.0165395473898	-0.0427090798507	0.054328049282	0.00691056237117	0.0418225661681	-0.0617712889016	-0.0291613090146	-0.0136746399344	-0.00590168061589	-0.0334731999479	0.00139152338762	1.0	0.00350921544939	-0.0225262380737	0.0206055313283	-0.0615331620317	-0.0503933519162	0.0404487789421	-0.0159207766441	0.0592750221798	-0.00444569616289	0.0401073482829	-0.00466851531868	-0.000236910148475	-0.0623953352267	-0.0220991878408	-0.0430179926369	-0.00819038975477	-0.0589002251991	-0.0910961895443	-0.0584166418921	0.00429662677074	0.095793866094	-0.0752433472234	-0.030843218758	-0.0356164576325	-0.0982468206715	0.0528384060755	-0.0757978789764	-0.0232788111388	-0.0584257395993
