#taxonomy	k__Bacteria;p__Bacteroidetes;c__Bacteroidia;o__Bacteroidales;f__Bacteroidaceae;g__Bacteroides;s__Bacteroides_vulgatus	k__Bacteria;p__Bacteroidetes;c__Bacteroidia;o__Bacteroidales;f__Bacteroidaceae;g__Bacteroides;s__Bacteroides_uniformis	k__Bacteria;p__Bacteroidetes;c__Bacteroidia;o__Bacteroidales;f__Rikenellaceae;g__Alistipes;s__Alistipes_putredinis	k__Bacteria;p__Bacteroidetes;c__Bacteroidia;o__Bacteroidales;f__Prevotellaceae;g__Prevotella;s__Prevotella_copri	k__Bacteria;p__Bacteroidetes;c__Bacteroidia;o__Bacteroidales;f__Bacteroidaceae;g__Bacteroides;s__Bacteroides_stercoris	k__Bacteria;p__Bacteroidetes;c__Bacteroidia;o__Bacteroidales;f__Bacteroidaceae;g__Bacteroides;s__Bacteroides_ovatus	k__Bacteria;p__Bacteroidetes;c__Bacteroidia;o__Bacteroidales;f__Rikenellaceae;g__Alistipes;s__Alistipes_shahii	k__Bacteria;p__Firmicutes;c__Clostridia;o__Clostridiales;f__Ruminococcaceae;g__Faecalibacterium;s__Faecalibacterium_prausnitzii	k__Bacteria;p__Bacteroidetes;c__Bacteroidia;o__Bacteroidales;f__Rikenellaceae;g__Alistipes;s__Alistipes_finegoldii	k__Bacteria;p__Bacteroidetes;c__Bacteroidia;o__Bacteroidales;f__Porphyromonadaceae;g__Parabacteroides;s__Parabacteroides_distasonis	k__Bacteria;p__Bacteroidetes;c__Bacteroidia;o__Bacteroidales;f__Bacteroidaceae;g__Bacteroides;s__Bacteroides_thetaiotaomicron	k__Bacteria;p__Bacteroidetes;c__Bacteroidia;o__Bacteroidales;f__Bacteroidaceae;g__Bacteroides;s__Bacteroides_coprocola	k__Bacteria;p__Bacteroidetes;c__Bacteroidia;o__Bacteroidales;f__Bacteroidaceae;g__Bacteroides;s__Bacteroides_cellulosilyticus	k__Bacteria;p__Bacteroidetes;c__Bacteroidia;o__Bacteroidales;f__Rikenellaceae;g__Alistipes;s__Alistipes_obesi	k__Bacteria;p__Firmicutes;c__Clostridia;o__Clostridiales;f__Lachnospiraceae;g__;s__[Eubacterium]_rectale	k__Bacteria;p__Bacteroidetes;c__Bacteroidia;o__Bacteroidales;f__Bacteroidaceae;g__Bacteroides;s__Bacteroides_plebeius	k__Bacteria;p__Bacteroidetes;c__Bacteroidia;o__Bacteroidales;f__Bacteroidaceae;g__Bacteroides;s__Bacteroides_fragilis	k__Bacteria;p__Proteobacteria;c__Betaproteobacteria;o__Burkholderiales;f__Sutterellaceae;g__Sutterella;s__Sutterella_wadsworthensis	k__Bacteria;p__Bacteroidetes;c__Bacteroidia;o__Bacteroidales;f__Porphyromonadaceae;g__Barnesiella;s__Barnesiella_intestinihominis	k__Bacteria;p__Bacteroidetes;c__Bacteroidia;o__Bacteroidales;f__Odoribacteraceae;g__Odoribacter;s__Odoribacter_splanchnicus	k__Bacteria;p__Bacteroidetes;c__Bacteroidia;o__Bacteroidales;f__Bacteroidaceae;g__Bacteroides;s__Bacteroides_salyersiae	k__Bacteria;p__Firmicutes;c__Clostridia;o__Clostridiales;f__Ruminococcaceae;g__Ruminiclostridium;s__[Eubacterium]_siraeum	k__Bacteria;p__Proteobacteria;c__Betaproteobacteria;o__Burkholderiales;f__Sutterellaceae;g__Parasutterella;s__Parasutterella_excrementihominis	k__Bacteria;p__Actinobacteria;c__Actinobacteria;o__Bifidobacteriales;f__Bifidobacteriaceae;g__Bifidobacterium;s__Bifidobacterium_adolescentis	k__Bacteria;p__Firmicutes;c__Clostridia;o__Clostridiales;f__Oscillospiraceae;g__Oscillibacter;s__Oscillibacter_sp._KLE_1745	k__Bacteria;p__Bacteroidetes;c__Bacteroidia;o__Bacteroidales;f__Bacteroidaceae;g__Bacteroides;s__Bacteroides_coprophilus	k__Bacteria;p__Firmicutes;c__Clostridia;o__Clostridiales;f__Lachnospiraceae;g__Roseburia;s__Roseburia_intestinalis	k__Bacteria;p__Firmicutes;c__Clostridia;o__Clostridiales;f__Lachnospiraceae;g__Roseburia;s__Roseburia_hominis	k__Bacteria;p__Bacteroidetes;c__Bacteroidia;o__Bacteroidales;f__Porphyromonadaceae;g__Parabacteroides;s__Parabacteroides_johnsonii	k__Bacteria;p__Actinobacteria;c__Actinobacteria;o__Bifidobacteriales;f__Bifidobacteriaceae;g__Bifidobacterium;s__Bifidobacterium_longum	k__Bacteria;p__Firmicutes;c__Clostridia;o__Clostridiales;f__;g__Flavonifractor;s__Flavonifractor_plautii	k__Bacteria;p__Firmicutes;c__Clostridia;o__Clostridiales;f__Clostridiaceae;g__Clostridium;s__Clostridium_phoceensis	k__Bacteria;p__Verrucomicrobia;c__Verrucomicrobiae;o__Verrucomicrobiales;f__Akkermansiaceae;g__Akkermansia;s__Akkermansia_muciniphila	k__Bacteria;p__Bacteroidetes;c__Bacteroidia;o__Bacteroidales;f__Prevotellaceae;g__Paraprevotella;s__Paraprevotella_xylaniphila	k__Bacteria;p__Firmicutes;c__Clostridia;o__Clostridiales;f__Ruminococcaceae;g__Ruminococcus;s__Ruminococcus_callidus	k__Bacteria;p__Bacteroidetes;c__Bacteroidia;o__Bacteroidales;f__Rikenellaceae;g__Alistipes;s__Alistipes_senegalensis	k__Bacteria;p__Firmicutes;c__Clostridia;o__Clostridiales;f__Lachnospiraceae;g__Blautia;s__Blautia_sp._KLE_1732	k__Bacteria;p__Bacteroidetes;c__Bacteroidia;o__Bacteroidales;f__Bacteroidaceae;g__Bacteroides;s__Bacteroides_oleiciplenus	k__Bacteria;p__Firmicutes;c__Clostridia;o__Clostridiales;f__Ruminococcaceae;g__Ruminococcus;s__Ruminococcus_bicirculans	k__Bacteria;p__Bacteroidetes;c__Bacteroidia;o__Bacteroidales;f__Bacteroidaceae;g__Bacteroides;s__Bacteroides_fluxus	k__Bacteria;p__Bacteroidetes;c__Bacteroidia;o__Bacteroidales;f__Prevotellaceae;g__Prevotella;s__Prevotella_stercorea	k__Bacteria;p__Firmicutes;c__Clostridia;o__Clostridiales;f__Lachnospiraceae;g__Dorea;s__Dorea_longicatena	k__Bacteria;p__Firmicutes;c__Clostridia;o__Clostridiales;f__Eubacteriaceae;g__Eubacterium;s__[Eubacterium]_eligens	k__Bacteria;p__Firmicutes;c__Clostridia;o__Clostridiales;f__Ruminococcaceae;g__;s__Ruminococcaceae_bacterium_D16	k__Bacteria;p__Firmicutes;c__Clostridia;o__Clostridiales;f__Lachnospiraceae;g__Coprococcus;s__Coprococcus_comes	k__Bacteria;p__Proteobacteria;c__Gammaproteobacteria;o__Enterobacterales;f__Enterobacteriaceae;g__Escherichia;s__Escherichia_coli	k__Bacteria;p__Firmicutes;c__Clostridia;o__Clostridiales;f__Ruminococcaceae;g__Anaerotruncus;s__Anaerotruncus_colihominis	k__Bacteria;p__Firmicutes;c__Clostridia;o__Clostridiales;f__Lachnospiraceae;g__Blautia;s__Blautia_obeum	k__Bacteria;p__Bacteroidetes;c__Bacteroidia;o__Bacteroidales;f__Odoribacteraceae;g__Odoribacter;s__Odoribacter_laneus	k__Bacteria;p__Firmicutes;c__Clostridia;o__Clostridiales;f__Ruminococcaceae;g__Ruminiclostridium;s__[Clostridium]_leptum	k__Bacteria;p__Bacteroidetes;c__Bacteroidia;o__Bacteroidales;f__Porphyromonadaceae;g__Parabacteroides;s__Parabacteroides_goldsteinii	k__Bacteria;p__Firmicutes;c__Clostridia;o__Clostridiales;f__Lachnospiraceae;g__Anaerostipes;s__Anaerostipes_hadrus	k__Bacteria;p__Firmicutes;c__Clostridia;o__Clostridiales;f__Ruminococcaceae;g__Ruminococcus;s__Ruminococcus_lactaris	k__Bacteria;p__Firmicutes;c__Clostridia;o__Clostridiales;f__Clostridiaceae;g__Clostridium;s__Clostridium_sp._L2-50	k__Bacteria;p__Firmicutes;c__Clostridia;o__Clostridiales;f__Clostridiaceae;g__Clostridium;s__Clostridium_sp._M62/1	k__Bacteria;p__Firmicutes;c__Clostridia;o__Clostridiales;f__;g__Intestinimonas;s__Intestinimonas_butyriciproducens	k__Bacteria;p__Actinobacteria;c__Actinobacteria;o__Bifidobacteriales;f__Bifidobacteriaceae;g__Bifidobacterium;s__Bifidobacterium_bifidum	k__Bacteria;p__Firmicutes;c__Negativicutes;o__Veillonellales;f__Veillonellaceae;g__Dialister;s__Dialister_invisus	k__Bacteria;p__Bacteroidetes;c__Bacteroidia;o__Bacteroidales;f__Bacteroidaceae;g__Bacteroides;s__Bacteroides_salanitronis
k__Bacteria;p__Bacteroidetes;c__Bacteroidia;o__Bacteroidales;f__Bacteroidaceae;g__Bacteroides;s__Bacteroides_vulgatus	1.0	-0.0556883579585	0.0147294470641	-0.0485927077568	0.0261761531262	-0.0325140693669	0.0616208081185	-0.000901489348967	-0.030467748175	0.0416153261122	-0.0518891882884	-0.0158612006773	-0.0144379476258	-0.0149563646951	0.00905803376396	-0.00384945077743	-0.0237046974779	-0.0742589234485	-0.0460630591025	0.0178715143012	-0.018662306016	-0.0607050396339	-0.0040902468562	0.0715931089521	-0.0399549344103	-0.0235976866412	-0.0248882046136	-0.0435982467338	-0.0092910596112	-0.0052069027615	0.00867849359866	-0.00351811806506	-0.0366505442709	0.0428383720417	-0.0611280513154	0.0521978641238	-0.158684705023	0.040685150734	0.0866535377852	0.0611669671086	-0.014481716024	0.0172382778298	-0.0262932847749	-0.0208703405259	-0.0488589462052	0.072356830356	0.00570354109568	-0.0526079636209	-0.0113258430568	-0.0190904201847	0.0623128388842	-0.0538621156693	-0.0015482079082	-0.0425383352315	0.0406460068116	0.0352139333677	0.011373254974	-0.100713656553	0.00990132744487
k__Bacteria;p__Bacteroidetes;c__Bacteroidia;o__Bacteroidales;f__Bacteroidaceae;g__Bacteroides;s__Bacteroides_uniformis	-0.0556883579585	1.0	-0.0226843887555	0.0304331737191	-0.0539904244442	-0.0170276992597	-0.041989937616	-0.0114489082357	-0.0400098424789	-0.0674119551368	0.00016493297963	-0.00949496445495	0.0252122344202	0.00361963884965	-0.0283797979816	-0.0179825876853	-0.0320277366607	-0.0229230993057	0.0209677525921	0.011288601007	-0.0380750725875	0.034596905159	0.0378821428851	-0.0326456416636	-0.0902296423012	-0.0129985055543	-0.0129151980348	0.0281006777703	-0.0156377420412	-0.0953704768081	-0.0300619378716	0.00757250504301	-0.026888407049	-0.0500703678174	-0.0435734293187	-0.0170228622333	0.0430230890291	-0.0129181780878	-0.056028635649	-0.0217867411659	-0.0116713042863	0.0100704750723	0.0973750279708	0.00844412960705	-0.0911201982746	0.0593482864914	-0.0615778836539	0.0286483958946	0.0227112430935	0.0468821029712	0.0778110319417	-0.0598158216818	0.0162929883508	0.00134150534572	0.0267649725464	-0.0190830929631	0.0407301047206	-0.00289699662077	-0.0625207875043
k__Bacteria;p__Bacteroidetes;c__Bacteroidia;o__Bacteroidales;f__Rikenellaceae;g__Alistipes;s__Alistipes_putredinis	0.0147294470641	-0.0226843887555	1.0	-0.0316941959247	0.0324662964158	-0.0131144369005	-0.0160132513437	0.0363167692549	-0.0495457899189	0.0220549279468	0.0263541224158	-0.0866275640986	-0.0299419200138	0.0128910814823	0.0145689634045	0.0608087952163	-0.0622046567575	-0.0160239156327	0.0154156732121	-0.00413449020125	-0.0552059316302	0.00179418343509	0.0094154369993	-0.00312817485466	-0.0178520542637	0.039886365444	0.0304560737775	0.00916207891185	-0.0425048802362	0.0603983873893	-0.0294333683756	0.0280887672955	-0.00680835809229	0.00620761162056	-0.0250513758071	0.0274158369972	0.0337189100914	-0.0085822413197	-0.0195947377316	0.037551544838	-0.0727320749126	0.00814849829018	-0.036809119981	0.00957135786678	-0.0361370568591	-0.0719633103617	-0.0589240963373	0.00847157088016	0.0204925685656	0.00272927590665	-0.0037598460631	-0.0384600165155	0.0049282742026	-0.03901842009	-0.0680631253659	-0.0495781082571	0.0383145770166	-0.00823819346675	0.0448919865604
k__Bacteria;p__Bacteroidetes;c__Bacteroidia;o__Bacteroidales;f__Prevotellaceae;g__Prevotella;s__Prevotella_copri	-0.0485927077568	0.0304331737191	-0.0316941959247	1.0	0.0914779106596	0.00877564990874	-0.00936344969573	-0.0580704089425	0.0600691528231	-0.0362896152751	-0.0227828051551	-0.0585193185129	-0.0446177191264	0.00810507671351	-0.0414693622891	0.0070573705107	-0.0875548257476	-0.0330615977291	0.0295095041147	-0.0663402324169	-0.056945686242	0.0141909973733	-0.0419502358471	0.0352288222161	0.0103936492533	0.00374000490953	-0.102783520943	0.0451124104384	0.00122162307581	0.00458748889397	-0.0105729035793	-0.0333806563141	-0.0233230179	-0.00945797603074	-0.0351489759899	0.0552742357982	0.0358244444642	-0.0729996425532	0.0248715527113	-0.0569563251946	0.00923136479494	-0.074712600133	-0.037336862956	0.0457413475349	0.0338894180183	0.000310249609504	0.00923612289477	-0.0225369188975	-0.0421645624808	0.0396655264273	0.0412158900535	0.0885106054307	0.0679595369558	-0.0708663350561	-0.0479389745804	-0.0314097286384	0.00676900361349	0.0108123804647	-0.00767869389231
k__Bacteria;p__Bacteroidetes;c__Bacteroidia;o__Bacteroidales;f__Bacteroidaceae;g__Bacteroides;s__Bacteroides_stercoris	0.0261761531262	-0.0539904244442	0.0324662964158	0.0914779106596	1.0	0.021765582919	0.0112833943478	-0.0134317177459	0.0513101592896	-0.0686728293796	-0.0201713699774	-0.0207265636779	-0.00679774739249	-0.00994812682198	0.0139017996387	-0.0292759497577	-0.0182189726047	-0.0382852763203	-0.0211087715781	-0.0383175243127	0.0503472167903	-0.0715117768154	0.0391478900991	-0.0502981292563	0.0157645524142	-0.0406208999607	0.0838252292581	0.00722340997586	0.020012408723	0.0141986690715	-0.0428654824904	0.0578445267921	-0.0501325267469	-0.0168875567603	-0.058239356308	-0.0248290981493	-0.0500280262464	-0.0612715596737	-0.059988133039	-0.00572058206237	0.012771074384	-0.0267568382501	-0.0455401737994	-0.00876277702972	0.0466678677465	-0.00609071966241	0.0620884729142	-0.0635057013353	0.0136532831893	0.0145525643391	-0.0103898386444	0.015184071045	0.00180096084861	-0.0178553932141	0.0684823605549	-0.00805630806065	-0.0620825634989	-0.0115501754528	-0.0382819391424
k__Bacteria;p__Bacteroidetes;c__Bacteroidia;o__Bacteroidales;f__Bacteroidaceae;g__Bacteroides;s__Bacteroides_ovatus	-0.0325140693669	-0.0170276992597	-0.0131144369005	0.00877564990874	0.021765582919	1.0	0.0187566154551	-0.0175130657737	-0.0148544508929	0.00214999997594	0.00262538944005	-0.039508011657	0.0348511516168	-0.00289279512773	-0.0429387407919	-0.0317430073472	0.000465403388924	-0.00452306002589	0.00165007847007	0.0209769239639	-0.0110267207037	-0.00353435544269	0.0463942373717	-0.00152037307682	0.0634861393681	0.0177760925519	0.0215116839729	0.0129954441634	-0.0283444661451	-0.0288513746178	0.00795292392478	-0.024719888285	-0.0288482733974	-0.0290155364849	-0.0760568584097	0.0470611328985	-0.0302893230172	-0.0439722041181	-0.0638664660524	-0.0199635385652	0.0163555930301	-0.007611083255	-0.0532978054641	0.00140331768454	0.000366164326625	-0.00619734219865	0.0602487770324	-0.0593215441997	0.0352711552602	-0.0570255804105	0.0294233034738	0.00735250079535	-0.00408997244368	-0.0554819230484	-0.0504978873862	0.0109248711524	0.0137403987598	-0.0519497515809	-0.0312697390865
k__Bacteria;p__Bacteroidetes;c__Bacteroidia;o__Bacteroidales;f__Rikenellaceae;g__Alistipes;s__Alistipes_shahii	0.0616208081185	-0.041989937616	-0.0160132513437	-0.00936344969573	0.0112833943478	0.0187566154551	1.0	0.0565150645035	0.0639456941126	-0.00606123988546	-0.0150926013667	-0.00551366937256	0.0316123771555	0.0268285665338	0.00990941089543	-0.0463925140503	0.0147909829006	-0.014571962538	-0.0679316999194	-0.0481340471058	-0.0391212829107	-0.062941957037	0.0368801566408	-0.00901130267122	-0.0257269919933	-0.0396056685475	-0.0264530327068	-0.0727331082507	-0.00368735680502	-0.029682339392	0.0359487143595	0.0367649653989	-0.0238036772728	-0.0488052029286	-0.0192716448679	-0.0239174840394	-0.0347694291685	-0.0223214768326	0.0375068524663	0.0529985601647	-0.00610357299131	0.0254613595607	0.0452751485742	-0.068293829737	-0.0542466254952	-0.00984084922385	-0.0188307698899	0.0697941875334	0.00215407863184	-0.0567346452339	0.0696615225405	-0.0419375063716	-0.00540272712852	0.00933537171207	-0.0300002939611	-0.0280870676344	-0.0307147864502	0.0246323089829	-0.130189223041
k__Bacteria;p__Firmicutes;c__Clostridia;o__Clostridiales;f__Ruminococcaceae;g__Faecalibacterium;s__Faecalibacterium_prausnitzii	-0.000901489348967	-0.0114489082357	0.0363167692549	-0.0580704089425	-0.0134317177459	-0.0175130657737	0.0565150645035	1.0	0.0367870428144	-0.0246950741124	-0.0523708266153	0.019201025689	0.00738109286369	0.0901463896554	-0.00287145216432	0.00882066068284	-0.0428721276294	0.0838562825181	-0.0343087034484	0.00366271092235	-0.036943318273	-0.0898628188077	0.00619980101475	-0.030117657154	0.0523483626024	-0.0409183440649	-0.00480484220493	-0.0198928441463	-0.0288287109857	2.01005793209e-05	-0.0525375541978	-0.020218889342	0.0849024553829	-0.0543402338695	-0.0292116369339	-0.00184329308359	-0.0199128837099	-0.0392511283645	-0.0134340436662	-0.0295858791361	-0.020317906877	-0.0797286944872	0.00270345339396	-0.00289093529072	-0.0122484244991	0.087619051774	-0.0515961938712	0.00979704101678	-0.0524900415368	-0.0299969860299	0.0389066508611	-0.0188209781956	0.00949566738975	0.0289647166693	-0.00860573297853	-0.0225255186031	0.0491810748269	-0.0142389366292	-0.0341341794216
k__Bacteria;p__Bacteroidetes;c__Bacteroidia;o__Bacteroidales;f__Rikenellaceae;g__Alistipes;s__Alistipes_finegoldii	-0.030467748175	-0.0400098424789	-0.0495457899189	0.0600691528231	0.0513101592896	-0.0148544508929	0.0639456941126	0.0367870428144	1.0	0.0706376375855	0.0149612698859	0.0300860378085	0.00509818271849	0.0268094110508	-0.0619000002037	-0.015147556222	-0.035835376457	-0.00596781872294	0.00728234792106	0.0390458576184	-0.0214292408335	-0.0237383752171	-0.0108145308659	-0.00596660305358	0.0122575216695	0.000459287584754	-0.0549720079777	-0.0154683813038	0.025480789769	-0.0194821813632	-0.0233318292846	0.0782245795712	0.0224078280244	-0.0540973932291	-0.0521151704148	0.0250157739924	0.00407000851426	-0.00773219564429	0.0234875743565	-0.00764174287227	0.022364549237	0.0384671093638	-0.0335898566444	0.0225378892072	-0.0636397127164	0.000500555045875	0.0149089690811	-0.0428854577461	-0.105372242113	0.0219156427802	-0.0153675496974	0.0135968701512	-0.0134042375106	-0.0330403985139	-0.0436610065731	0.00355712101017	-0.0173950856688	0.0642824632256	-0.120434017754
k__Bacteria;p__Bacteroidetes;c__Bacteroidia;o__Bacteroidales;f__Porphyromonadaceae;g__Parabacteroides;s__Parabacteroides_distasonis	0.0416153261122	-0.0674119551368	0.0220549279468	-0.0362896152751	-0.0686728293796	0.00214999997594	-0.00606123988546	-0.0246950741124	0.0706376375855	1.0	-0.0259307951351	0.0515356627656	-0.0681780920177	-0.000327385268219	-0.0696666669441	0.0406408803612	0.0105125801923	0.0686180430985	0.00355863903025	0.0296188037519	0.0150384470523	0.00452854122525	0.00351108920237	0.00992709629637	-0.0466783451551	0.00156712870847	-0.00937858203409	0.0536028164973	-0.0592805869297	-0.0629281420657	-0.0759053598873	-0.00818875782174	0.0577244554032	0.0212206251212	0.021053833618	-0.0156658718614	-0.0381948227667	0.00695520778779	-0.00683607701819	-0.0757257318944	-0.0359132552702	-0.0695228195865	-0.0054549333916	-0.0277193395734	0.000213655534612	-0.0579044265394	-0.00651904524445	0.00871803948	-0.00436370641304	-0.00190903660113	0.0096808590854	-0.00906570708262	0.0456596772763	-0.0378337510219	-0.0229686266105	-0.133616728761	-0.0308563923166	0.00290819893904	-0.0050971262499
k__Bacteria;p__Bacteroidetes;c__Bacteroidia;o__Bacteroidales;f__Bacteroidaceae;g__Bacteroides;s__Bacteroides_thetaiotaomicron	-0.0518891882884	0.00016493297963	0.0263541224158	-0.0227828051551	-0.0201713699774	0.00262538944005	-0.0150926013667	-0.0523708266153	0.0149612698859	-0.0259307951351	1.0	-0.0253022708615	-0.0674006578224	-0.00396727730453	-0.0136721706741	0.0328979954651	-0.0158910907386	0.00333930539528	0.00661871491819	0.0136282812265	-0.070052755049	0.0212032668207	0.0114826477594	-0.0233413445899	0.0543537889133	0.0191157154077	-0.0140010652869	0.041939344359	0.00238295956543	-0.0242835521073	-0.0309947271144	0.0112587463577	-0.0206392825903	0.0600196807269	-0.00312523257256	-0.00984237643324	0.0530543441812	0.0620876492988	-0.000499476605694	-0.0379193985979	-0.0429874680707	-0.0144899780586	-0.0502441441632	-0.00613056204582	-2.98968327015e-05	0.0115367748572	-0.0356862040445	-0.0238087212612	0.00371506682687	-0.0470653667373	-0.0604128702525	-0.0104888473398	0.0155886938398	-0.0168916228393	0.0288780449039	-0.0922519803323	0.0599591780165	0.00234900535556	-0.00636990901067
k__Bacteria;p__Bacteroidetes;c__Bacteroidia;o__Bacteroidales;f__Bacteroidaceae;g__Bacteroides;s__Bacteroides_coprocola	-0.0158612006773	-0.00949496445495	-0.0866275640986	-0.0585193185129	-0.0207265636779	-0.039508011657	-0.00551366937256	0.019201025689	0.0300860378085	0.0515356627656	-0.0253022708615	1.0	-0.0872137208743	0.0400979518909	0.023101394776	-0.043186186978	-0.000896635995647	0.0115586901039	-0.0554255839638	-0.0929020617248	0.119221885863	0.0284073312484	-0.0743816650764	-0.0586548018495	-0.0247163457434	-0.0449140255838	-0.015345315296	0.0175784457977	-0.00124642265606	0.0214268239777	0.0414325202159	-0.0175945486236	-0.0242290038026	-0.0832289901807	-0.0499870596304	0.0174274196219	-0.0411736287021	-0.0544479497352	0.00643739216374	-0.0207827283194	0.0145808593164	-0.0111895757594	0.032653252863	-0.074468485737	0.0098000042437	-0.0245115619668	-0.0237742079428	-0.0997839039734	-0.0227175910885	0.00784775758764	0.00709970212107	0.0620679604435	0.0280863957654	0.0322184217336	-0.0194095684998	-0.00793852046921	0.0093033655455	0.0309281679236	0.00616365390781
k__Bacteria;p__Bacteroidetes;c__Bacteroidia;o__Bacteroidales;f__Bacteroidaceae;g__Bacteroides;s__Bacteroides_cellulosilyticus	-0.0144379476258	0.0252122344202	-0.0299419200138	-0.0446177191264	-0.00679774739249	0.0348511516168	0.0316123771555	0.00738109286369	0.00509818271849	-0.0681780920177	-0.0674006578224	-0.0872137208743	1.0	0.0101274900299	-0.0653210428231	0.0160242229652	0.00475578028523	0.0201050993643	-0.0210024271087	-0.042383029807	0.016469310037	-0.00395797849532	-0.0378684949914	-0.0108809526464	-0.010919220703	-0.00921221341108	0.00388044476058	0.00285447545936	-0.0361610009401	0.0382538272429	0.0240565709384	0.000600443259982	-0.0112237381268	-0.0641882298711	-0.00244597416604	-0.0551935862552	0.0717308291036	-0.00454740456699	-0.0378722998537	-0.0326196579663	0.0182029542082	0.0182445215319	-0.0116407999059	-0.0384397478368	-0.0395778899381	0.0370758750158	0.0198536603052	0.120824520063	-0.0108952518098	-0.069722364521	0.0119747545524	0.0205079233685	0.00478456176807	0.0422955964781	0.0438313386332	0.0141980838974	0.00957640277431	-0.0102526716277	-0.0146831465979
k__Bacteria;p__Bacteroidetes;c__Bacteroidia;o__Bacteroidales;f__Rikenellaceae;g__Alistipes;s__Alistipes_obesi	-0.0149563646951	0.00361963884965	0.0128910814823	0.00810507671351	-0.00994812682198	-0.00289279512773	0.0268285665338	0.0901463896554	0.0268094110508	-0.000327385268219	-0.00396727730453	0.0400979518909	0.0101274900299	1.0	0.0112259226028	-0.0596688817602	-0.00228371834548	-0.0701378093896	0.0412989685978	-0.0220014216183	0.0366504933912	0.0412233911359	-0.0373616059131	0.0798297683914	-0.00625846264937	-0.0512093843201	0.0490347985025	-0.0129754498193	-0.0180635707638	-0.0404842537321	0.0649953996578	-0.0177776225863	-0.0807119205581	-0.0496221325893	0.0181346463634	-0.0441537939454	-0.0686630902609	-0.0570928459623	0.00904708680752	0.00405281908908	0.0638422857312	-0.00648735037593	-0.0337880008233	-0.0188372858411	0.00619127932765	-0.0418299661908	0.0224733769657	-0.0104490335675	0.000649435151695	-0.0412373125228	0.0152303812723	-0.0888539596703	0.00133479323543	-0.0673689609972	-0.0692915045329	0.0151569244699	-0.00124688578679	-0.0613435335292	0.00169988848913
k__Bacteria;p__Firmicutes;c__Clostridia;o__Clostridiales;f__Lachnospiraceae;g__;s__[Eubacterium]_rectale	0.00905803376396	-0.0283797979816	0.0145689634045	-0.0414693622891	0.0139017996387	-0.0429387407919	0.00990941089543	-0.00287145216432	-0.0619000002037	-0.0696666669441	-0.0136721706741	0.023101394776	-0.0653210428231	0.0112259226028	1.0	-0.0206919321627	-0.0151614723439	-0.00595202453704	0.0104452749378	-0.045393186954	-0.0168354228246	0.057846929505	0.0140920358658	0.0485059026115	-0.0328923212514	-0.0401696777496	0.0548095326361	-0.0146190156423	0.0275699682387	0.0504104690386	-0.0151478738972	-0.034843405659	-0.0522630387042	-0.0110034760616	-0.0765556158141	0.0637741316301	0.037725371587	-0.0162307309295	-0.0220459608792	-0.0163129682249	-0.0141681900327	-0.0263470457949	-0.0514149465253	0.00669578118959	-0.0415060259527	-0.0474353680275	-0.0121820312157	0.00247610552436	0.000329521339988	0.0365660805273	0.0161406871253	-0.027723772434	-0.0314425325077	-0.0216413380418	-0.0432456165024	-0.0412367033533	-0.0972156079008	0.0606614244956	0.0363305987514
k__Bacteria;p__Bacteroidetes;c__Bacteroidia;o__Bacteroidales;f__Bacteroidaceae;g__Bacteroides;s__Bacteroides_plebeius	-0.00384945077743	-0.0179825876853	0.0608087952163	0.0070573705107	-0.0292759497577	-0.0317430073472	-0.0463925140503	0.00882066068284	-0.015147556222	0.0406408803612	0.0328979954651	-0.043186186978	0.0160242229652	-0.0596688817602	-0.0206919321627	1.0	0.0208021564942	-0.0193011657431	-0.0293899760749	0.0179046248304	-0.0586007456259	0.114954304533	0.0148841231887	0.030699581967	0.0539910659221	0.00873983041509	-0.0202306737166	-0.0736742027938	0.0109795291092	-0.0497636240674	-0.00873591527427	0.0328559945802	-0.0369414280928	-0.0241418164813	0.0414472061982	-0.0342236396089	0.0390238035163	0.009697269264	-0.0105393146398	0.0299446594902	-0.00993148250107	-0.0566172096804	0.0281170678573	-0.0944889538499	-0.0351500887442	-0.0136082951038	-0.0904466761111	-0.0707033059176	-0.00257418176483	-0.067866244012	-0.0165146134112	-0.0353518334293	0.0409202823694	0.0347439016355	-0.0223706781552	-0.0276317271426	-0.014590970039	0.00839575193576	-0.0663762408549
k__Bacteria;p__Bacteroidetes;c__Bacteroidia;o__Bacteroidales;f__Bacteroidaceae;g__Bacteroides;s__Bacteroides_fragilis	-0.0237046974779	-0.0320277366607	-0.0622046567575	-0.0875548257476	-0.0182189726047	0.000465403388924	0.0147909829006	-0.0428721276294	-0.035835376457	0.0105125801923	-0.0158910907386	-0.000896635995647	0.00475578028523	-0.00228371834548	-0.0151614723439	0.0208021564942	1.0	0.0899697113482	-0.0710468758683	0.0179696047729	-0.0093811062737	-0.0456436578819	-0.022378627212	0.0121367828274	-0.102942172365	-0.017215670161	0.00169753004097	-0.043051341708	0.0141503451008	-0.0652928460559	0.0469654537635	-0.0292589297424	0.0170074273338	0.083110191342	0.0107948011336	0.0234591028526	-0.0788292637281	0.0131272360355	-0.049986471866	0.00299542906535	0.0717907008481	-0.0338228360671	-0.020673809862	0.0251139626114	0.0496609683772	0.00778831201096	-0.0133051165629	0.0305352029924	0.0192865959504	-0.0559790419112	-0.0845875641973	0.00879268637062	-0.0675677084789	-0.0144379335443	0.0595176154799	0.0365801314281	-0.0169890074588	0.00467431730983	0.0130976654626
k__Bacteria;p__Proteobacteria;c__Betaproteobacteria;o__Burkholderiales;f__Sutterellaceae;g__Sutterella;s__Sutterella_wadsworthensis	-0.0742589234485	-0.0229230993057	-0.0160239156327	-0.0330615977291	-0.0382852763203	-0.00452306002589	-0.014571962538	0.0838562825181	-0.00596781872294	0.0686180430985	0.00333930539528	0.0115586901039	0.0201050993643	-0.0701378093896	-0.00595202453704	-0.0193011657431	0.0899697113482	1.0	-0.0758675008963	0.017580783217	-0.0428467664807	0.0380648931649	-0.014807911769	-0.0673331726888	0.00529107281119	-0.029376091192	-0.0125573001723	0.0351629838268	-0.0221265771243	0.04589062887	-0.00187943310837	0.0483326764945	-0.0324894370072	-0.0682412013394	-0.0413711840954	-0.0780702172625	-0.0468594935892	0.0355745318234	0.0393395518641	-0.0788060749754	-0.102604635403	0.0574101082826	-0.0463502429049	-0.0131620014518	-0.0458735563317	0.0803942785045	0.0700825719949	0.00678996193424	0.0756951493601	0.0272475997329	-0.0488600056022	-0.0547792319136	-0.0369683695583	-0.0426592142166	0.0117254122679	0.00100786031014	0.0136922190109	0.0120315475869	0.0175348928915
k__Bacteria;p__Bacteroidetes;c__Bacteroidia;o__Bacteroidales;f__Porphyromonadaceae;g__Barnesiella;s__Barnesiella_intestinihominis	-0.0460630591025	0.0209677525921	0.0154156732121	0.0295095041147	-0.0211087715781	0.00165007847007	-0.0679316999194	-0.0343087034484	0.00728234792106	0.00355863903025	0.00661871491819	-0.0554255839638	-0.0210024271087	0.0412989685978	0.0104452749378	-0.0293899760749	-0.0710468758683	-0.0758675008963	1.0	-0.021304637902	0.0595854502905	-0.0557582170344	0.0214554716383	-0.0163670086134	0.040404527444	-0.0307119110717	-0.0693002457147	0.000720645765323	-0.00856612022926	-0.021754403724	-0.0632487327588	-0.00542651450037	0.0722133457803	-0.028023753721	0.0574616670137	0.0338917031034	0.0107791230404	0.0670025910852	-0.012831363048	-0.00574885659294	0.0260947529676	0.00677639712966	-0.0245698954128	-0.00918741131969	0.0330017540296	0.0186624875665	-0.0431012131799	0.00881947449375	-0.00476839253949	-0.0633218140845	0.000789958988051	0.0126689272502	-0.0357608717304	-0.0347846505698	-0.020175949387	0.0213899239322	-0.0219168177567	0.0263846273283	0.0240947221751
k__Bacteria;p__Bacteroidetes;c__Bacteroidia;o__Bacteroidales;f__Odoribacteraceae;g__Odoribacter;s__Odoribacter_splanchnicus	0.0178715143012	0.011288601007	-0.00413449020125	-0.0663402324169	-0.0383175243127	0.0209769239639	-0.0481340471058	0.00366271092235	0.0390458576184	0.0296188037519	0.0136282812265	-0.0929020617248	-0.042383029807	-0.0220014216183	-0.045393186954	0.0179046248304	0.0179696047729	0.017580783217	-0.021304637902	1.0	0.00507918147494	-0.0338441489435	-0.0486590255484	-0.0328439647145	-0.00757589886664	0.0304545173846	0.00836029775047	-0.0554820539094	-0.0410884812473	-0.00966252281032	0.0124438323003	0.0293599261702	0.0205301043643	0.0204558581729	-0.0037546139424	-0.0220063720208	0.0356448048211	0.0353098975695	-0.082075074058	0.0759832875035	0.00485060502673	-0.0450073819873	0.014559921098	0.0192708431796	-0.0278086519988	0.0697087111445	-0.000768136052861	0.0124307167649	-0.0574180888471	0.021628774148	-0.012680130748	-0.0356273125641	0.0421722844134	0.00593017056372	-0.0572628606101	-0.0467609583333	-0.0237775222195	0.0374362129256	0.0385736948698
k__Bacteria;p__Bacteroidetes;c__Bacteroidia;o__Bacteroidales;f__Bacteroidaceae;g__Bacteroides;s__Bacteroides_salyersiae	-0.018662306016	-0.0380750725875	-0.0552059316302	-0.056945686242	0.0503472167903	-0.0110267207037	-0.0391212829107	-0.036943318273	-0.0214292408335	0.0150384470523	-0.070052755049	0.119221885863	0.016469310037	0.0366504933912	-0.0168354228246	-0.0586007456259	-0.0093811062737	-0.0428467664807	0.0595854502905	0.00507918147494	1.0	-0.0311773623112	-0.0241056710768	-0.013178648653	-0.00503238564647	0.0063098190773	-0.0182500961532	-0.0589445984158	-0.00357959897146	0.00253872529055	0.00650514195265	-0.0241849647294	-0.00906826903447	-0.0130037134878	-0.0329822466791	-0.000597050192478	0.00838169341936	0.0250053351606	-0.00444897438658	-0.084513093021	0.0103202323423	-0.0392695245655	-0.0325061768786	-0.00140385421196	-0.00568582676687	0.00627643792697	-0.038935150067	-0.087726023267	0.0757205797644	-0.00681482577407	0.0839648216648	-0.0498076207324	-0.00932616181941	-0.0192054437439	-0.00294094155127	0.057326149597	-0.0275891952019	-0.0352377652417	-0.0264810807185
k__Bacteria;p__Firmicutes;c__Clostridia;o__Clostridiales;f__Ruminococcaceae;g__Ruminiclostridium;s__[Eubacterium]_siraeum	-0.0607050396339	0.034596905159	0.00179418343509	0.0141909973733	-0.0715117768154	-0.00353435544269	-0.062941957037	-0.0898628188077	-0.0237383752171	0.00452854122525	0.0212032668207	0.0284073312484	-0.00395797849532	0.0412233911359	0.057846929505	0.114954304533	-0.0456436578819	0.0380648931649	-0.0557582170344	-0.0338441489435	-0.0311773623112	1.0	-0.0321562960607	0.0431369578898	0.0245284555351	-0.00876389927525	0.00183275773013	0.00918248860643	-0.0119671327118	-0.00998820242622	0.0288874272313	-0.0264851791068	0.0401776310824	0.0202827766611	-0.00362749040138	-0.0470882084713	0.00189229930978	0.00183065514239	0.0667308483387	0.00819087349726	0.0187127313726	-0.0192942031428	0.0167415376124	-0.0645723390592	-0.0343126931499	0.0121180044827	0.0299541974268	0.00137043619291	-0.0177603337152	0.00169534698389	-0.0156368639788	-0.0533193112636	-0.0657257609627	-0.019892063121	-0.0289545842443	0.0479634562016	-0.0413681117128	-0.0545513853595	0.0405774224925
k__Bacteria;p__Proteobacteria;c__Betaproteobacteria;o__Burkholderiales;f__Sutterellaceae;g__Parasutterella;s__Parasutterella_excrementihominis	-0.0040902468562	0.0378821428851	0.0094154369993	-0.0419502358471	0.0391478900991	0.0463942373717	0.0368801566408	0.00619980101475	-0.0108145308659	0.00351108920237	0.0114826477594	-0.0743816650764	-0.0378684949914	-0.0373616059131	0.0140920358658	0.0148841231887	-0.022378627212	-0.014807911769	0.0214554716383	-0.0486590255484	-0.0241056710768	-0.0321562960607	1.0	-0.0290645203208	0.0316278231208	0.0464923657287	0.0236047083647	0.0239841877441	0.0094600875075	-0.00411172288667	0.014550293064	0.0268238580997	-0.00961916556503	-0.072655422655	0.0287771038721	-0.0345934161484	0.0221773336678	0.000104784737167	0.0119012110645	0.0295720158529	0.0208737797471	-0.0546236663225	0.0352986741927	-0.0286911971916	-0.0056521116766	-0.00290834203539	-0.0174551841661	-0.0503164990004	0.00145074767749	-0.025960133082	-0.0485885520608	0.080206796006	0.0104356720691	-0.0469947201909	-0.0552335443957	0.00286713497248	-0.0143351362692	-0.0638892911589	-0.0543174790246
k__Bacteria;p__Actinobacteria;c__Actinobacteria;o__Bifidobacteriales;f__Bifidobacteriaceae;g__Bifidobacterium;s__Bifidobacterium_adolescentis	0.0715931089521	-0.0326456416636	-0.00312817485466	0.0352288222161	-0.0502981292563	-0.00152037307682	-0.00901130267122	-0.030117657154	-0.00596660305358	0.00992709629637	-0.0233413445899	-0.0586548018495	-0.0108809526464	0.0798297683914	0.0485059026115	0.030699581967	0.0121367828274	-0.0673331726888	-0.0163670086134	-0.0328439647145	-0.013178648653	0.0431369578898	-0.0290645203208	1.0	-0.00304700476647	-0.0133933982267	0.00995445373738	-0.0479931683438	-0.0233086007758	0.0184977812403	0.00374224947098	-0.0493951883551	0.0561560639911	0.0164349371538	-0.0100997708676	-0.01702819364	-0.0351149842446	-0.010133289526	-0.0408346354715	0.0307359748236	-0.0146042012484	0.00479381054206	0.0381003417548	0.0117607641976	0.0296301770777	-0.0652675202918	-0.0021256523245	-0.00715218710505	0.0718327496232	-0.0510797289286	0.00248042398276	-0.0738220236763	-0.0461460834791	-0.0368533013391	0.0171636237242	-0.0627172121187	-0.0964369089525	-0.0341395073649	-0.0279920952311
k__Bacteria;p__Firmicutes;c__Clostridia;o__Clostridiales;f__Oscillospiraceae;g__Oscillibacter;s__Oscillibacter_sp._KLE_1745	-0.0399549344103	-0.0902296423012	-0.0178520542637	0.0103936492533	0.0157645524142	0.0634861393681	-0.0257269919933	0.0523483626024	0.0122575216695	-0.0466783451551	0.0543537889133	-0.0247163457434	-0.010919220703	-0.00625846264937	-0.0328923212514	0.0539910659221	-0.102942172365	0.00529107281119	0.040404527444	-0.00757589886664	-0.00503238564647	0.0245284555351	0.0316278231208	-0.00304700476647	1.0	-0.0631426029538	0.000213075821694	-0.0707629324132	-0.000964614749875	-0.0279901420378	-0.0145210491795	-0.00458980519305	-0.0177214605087	0.00631630597475	-0.0447446853709	-0.072760024456	0.105466459991	0.00228927175945	-0.0154439677853	-0.0559651989976	-0.0807323197368	0.0321517090979	0.0300956469862	-0.0550739015488	0.0237380063784	0.0121222235192	-0.0369114734129	-0.00411354833626	0.0588934098272	-0.0260335530247	0.0244165397262	0.028722268651	0.0316671917082	-0.0130017184692	-0.0394344553087	-0.0748042373312	0.0105654340933	-0.0539888964405	-0.0315863805352
k__Bacteria;p__Bacteroidetes;c__Bacteroidia;o__Bacteroidales;f__Bacteroidaceae;g__Bacteroides;s__Bacteroides_coprophilus	-0.0235976866412	-0.0129985055543	0.039886365444	0.00374000490953	-0.0406208999607	0.0177760925519	-0.0396056685475	-0.0409183440649	0.000459287584754	0.00156712870847	0.0191157154077	-0.0449140255838	-0.00921221341108	-0.0512093843201	-0.0401696777496	0.00873983041509	-0.017215670161	-0.029376091192	-0.0307119110717	0.0304545173846	0.0063098190773	-0.00876389927525	0.0464923657287	-0.0133933982267	-0.0631426029538	1.0	0.0118811589286	0.0500546071289	-0.0139492246348	0.0525197157587	-0.0453043095125	-0.0369463435124	0.0110028897738	0.043696850771	-0.0697808219284	0.0358085088416	-0.0883033505216	0.0247907627112	0.022707701085	-0.031442265794	-0.0765092463133	0.0472591644625	-0.0670860826023	0.0428518865326	-0.0401870121311	-0.0423978035381	0.0187442102064	0.0525985647068	0.0663088788263	-0.0101001188377	0.0309052003886	0.0358293560088	-0.0109720193893	-0.0281752770061	0.0533980455774	-0.0291120746277	-0.0226345870152	0.00918938628603	-0.0251581487212
k__Bacteria;p__Firmicutes;c__Clostridia;o__Clostridiales;f__Lachnospiraceae;g__Roseburia;s__Roseburia_intestinalis	-0.0248882046136	-0.0129151980348	0.0304560737775	-0.102783520943	0.0838252292581	0.0215116839729	-0.0264530327068	-0.00480484220493	-0.0549720079777	-0.00937858203409	-0.0140010652869	-0.015345315296	0.00388044476058	0.0490347985025	0.0548095326361	-0.0202306737166	0.00169753004097	-0.0125573001723	-0.0693002457147	0.00836029775047	-0.0182500961532	0.00183275773013	0.0236047083647	0.00995445373738	0.000213075821694	0.0118811589286	1.0	-0.00867992678652	0.0049857221418	-0.0193724077322	-0.00118348000665	-0.0176013292977	0.00193531258908	0.0194356912195	0.0130019926867	-0.0521243491225	-0.0429651381806	-0.0144443424539	-0.00523381940169	-0.0144697946548	-0.0263605085186	-0.100202379939	-0.011271370741	0.0122921650817	-0.021096949764	-0.0531161800396	-0.031900538027	0.00657274451939	-0.00826722162939	-0.0183029968995	-0.0387917351238	-0.00621131961481	-0.106326113079	0.0278065667287	-0.0352289260695	0.0702086292424	-0.00476199847657	-0.0159863234339	-0.0887417948253
k__Bacteria;p__Firmicutes;c__Clostridia;o__Clostridiales;f__Lachnospiraceae;g__Roseburia;s__Roseburia_hominis	-0.0435982467338	0.0281006777703	0.00916207891185	0.0451124104384	0.00722340997586	0.0129954441634	-0.0727331082507	-0.0198928441463	-0.0154683813038	0.0536028164973	0.041939344359	0.0175784457977	0.00285447545936	-0.0129754498193	-0.0146190156423	-0.0736742027938	-0.043051341708	0.0351629838268	0.000720645765323	-0.0554820539094	-0.0589445984158	0.00918248860643	0.0239841877441	-0.0479931683438	-0.0707629324132	0.0500546071289	-0.00867992678652	1.0	0.076938131328	0.0234684810848	-0.0291542573628	0.0281433454723	-0.0654902069733	0.00624420845893	-0.0692349857314	0.044952428892	-0.00937324089197	-0.0251369445606	0.0176455567657	-0.0344867521437	-0.0582801150918	-0.0572342483572	-0.0535886260103	-0.00612852010377	0.0262159538116	-0.0176870610672	0.0168287622821	0.00762203573817	-0.0155437969438	-0.00510403309258	-0.0633624119465	0.048237072905	-0.0568078202341	0.0539604888342	-0.106533694368	0.0162709562519	-0.0428655828324	0.0317394848037	0.00453098846094
k__Bacteria;p__Bacteroidetes;c__Bacteroidia;o__Bacteroidales;f__Porphyromonadaceae;g__Parabacteroides;s__Parabacteroides_johnsonii	-0.0092910596112	-0.0156377420412	-0.0425048802362	0.0012216230758	0.020012408723	-0.0283444661451	-0.00368735680502	-0.0288287109857	0.025480789769	-0.0592805869297	0.00238295956543	-0.00124642265606	-0.0361610009401	-0.0180635707638	0.0275699682387	0.0109795291092	0.0141503451008	-0.0221265771243	-0.00856612022926	-0.0410884812473	-0.00357959897146	-0.0119671327118	0.0094600875075	-0.0233086007758	-0.000964614749874	-0.0139492246348	0.0049857221418	0.076938131328	1.0	-0.0186023240834	-0.0334029822721	-0.0352096188119	-0.0833255482438	0.00874656019605	0.0193712040215	0.0818776777117	-0.000877081362577	0.0167956819821	0.0679784806165	-0.0346200400666	0.0131475558564	-0.0697724653739	-0.0545453078351	-0.0309227553462	-0.00575063588535	-0.0163482838818	-0.0666930994564	0.0261383737683	-0.0523839832844	0.0599186344517	-0.00774329414349	-0.0430961564411	-0.0109596455309	0.0565615338221	-0.0222446594671	-0.0188031402792	-0.0368074660151	0.0128044981062	0.0117794123427
k__Bacteria;p__Actinobacteria;c__Actinobacteria;o__Bifidobacteriales;f__Bifidobacteriaceae;g__Bifidobacterium;s__Bifidobacterium_longum	-0.0052069027615	-0.0953704768081	0.0603983873893	0.00458748889397	0.0141986690715	-0.0288513746178	-0.029682339392	2.01005793209e-05	-0.0194821813632	-0.0629281420657	-0.0242835521073	0.0214268239777	0.0382538272429	-0.0404842537321	0.0504104690386	-0.0497636240674	-0.0652928460559	0.04589062887	-0.021754403724	-0.00966252281032	0.00253872529055	-0.00998820242622	-0.00411172288667	0.0184977812403	-0.0279901420378	0.0525197157587	-0.0193724077322	0.0234684810848	-0.0186023240834	1.0	-0.0593712042788	-0.0583035232013	0.00501068673912	-0.00882405413673	0.00978585622573	-0.0228296753664	-0.0304795806735	-0.00959037704213	-0.0961710340738	-0.0480330216134	-0.00303143997038	-0.04857666563	-0.0232150353556	0.014393444956	0.00894073372663	0.0364883042853	0.0372008393652	0.0309952355059	-0.0406033552226	-0.0446658949982	-0.0324034853582	0.0427474038414	-0.0344313062925	0.00650690583873	-0.0126489508087	-0.0436140047839	-0.0689416475664	-0.0136769150365	-0.0328507475603
