#taxonomy	k__Bacteria;p__Bacteroidetes;c__Bacteroidia;o__Bacteroidales;f__Bacteroidaceae;g__Bacteroides;s__Bacteroides_vulgatus	k__Bacteria;p__Bacteroidetes;c__Bacteroidia;o__Bacteroidales;f__Bacteroidaceae;g__Bacteroides;s__Bacteroides_uniformis	k__Bacteria;p__Bacteroidetes;c__Bacteroidia;o__Bacteroidales;f__Rikenellaceae;g__Alistipes;s__Alistipes_putredinis	k__Bacteria;p__Bacteroidetes;c__Bacteroidia;o__Bacteroidales;f__Prevotellaceae;g__Prevotella;s__Prevotella_copri	k__Bacteria;p__Bacteroidetes;c__Bacteroidia;o__Bacteroidales;f__Bacteroidaceae;g__Bacteroides;s__Bacteroides_stercoris	k__Bacteria;p__Bacteroidetes;c__Bacteroidia;o__Bacteroidales;f__Bacteroidaceae;g__Bacteroides;s__Bacteroides_ovatus	k__Bacteria;p__Bacteroidetes;c__Bacteroidia;o__Bacteroidales;f__Rikenellaceae;g__Alistipes;s__Alistipes_shahii	k__Bacteria;p__Firmicutes;c__Clostridia;o__Clostridiales;f__Ruminococcaceae;g__Faecalibacterium;s__Faecalibacterium_prausnitzii	k__Bacteria;p__Bacteroidetes;c__Bacteroidia;o__Bacteroidales;f__Rikenellaceae;g__Alistipes;s__Alistipes_finegoldii	k__Bacteria;p__Bacteroidetes;c__Bacteroidia;o__Bacteroidales;f__Porphyromonadaceae;g__Parabacteroides;s__Parabacteroides_distasonis	k__Bacteria;p__Bacteroidetes;c__Bacteroidia;o__Bacteroidales;f__Bacteroidaceae;g__Bacteroides;s__Bacteroides_thetaiotaomicron	k__Bacteria;p__Bacteroidetes;c__Bacteroidia;o__Bacteroidales;f__Bacteroidaceae;g__Bacteroides;s__Bacteroides_coprocola	k__Bacteria;p__Bacteroidetes;c__Bacteroidia;o__Bacteroidales;f__Bacteroidaceae;g__Bacteroides;s__Bacteroides_cellulosilyticus	k__Bacteria;p__Bacteroidetes;c__Bacteroidia;o__Bacteroidales;f__Rikenellaceae;g__Alistipes;s__Alistipes_obesi	k__Bacteria;p__Firmicutes;c__Clostridia;o__Clostridiales;f__Lachnospiraceae;g__;s__[Eubacterium]_rectale	k__Bacteria;p__Bacteroidetes;c__Bacteroidia;o__Bacteroidales;f__Bacteroidaceae;g__Bacteroides;s__Bacteroides_plebeius	k__Bacteria;p__Bacteroidetes;c__Bacteroidia;o__Bacteroidales;f__Bacteroidaceae;g__Bacteroides;s__Bacteroides_fragilis	k__Bacteria;p__Proteobacteria;c__Betaproteobacteria;o__Burkholderiales;f__Sutterellaceae;g__Sutterella;s__Sutterella_wadsworthensis	k__Bacteria;p__Bacteroidetes;c__Bacteroidia;o__Bacteroidales;f__Porphyromonadaceae;g__Barnesiella;s__Barnesiella_intestinihominis	k__Bacteria;p__Bacteroidetes;c__Bacteroidia;o__Bacteroidales;f__Odoribacteraceae;g__Odoribacter;s__Odoribacter_splanchnicus	k__Bacteria;p__Bacteroidetes;c__Bacteroidia;o__Bacteroidales;f__Bacteroidaceae;g__Bacteroides;s__Bacteroides_salyersiae	k__Bacteria;p__Firmicutes;c__Clostridia;o__Clostridiales;f__Ruminococcaceae;g__Ruminiclostridium;s__[Eubacterium]_siraeum	k__Bacteria;p__Proteobacteria;c__Betaproteobacteria;o__Burkholderiales;f__Sutterellaceae;g__Parasutterella;s__Parasutterella_excrementihominis	k__Bacteria;p__Actinobacteria;c__Actinobacteria;o__Bifidobacteriales;f__Bifidobacteriaceae;g__Bifidobacterium;s__Bifidobacterium_adolescentis	k__Bacteria;p__Firmicutes;c__Clostridia;o__Clostridiales;f__Oscillospiraceae;g__Oscillibacter;s__Oscillibacter_sp._KLE_1745	k__Bacteria;p__Bacteroidetes;c__Bacteroidia;o__Bacteroidales;f__Bacteroidaceae;g__Bacteroides;s__Bacteroides_coprophilus	k__Bacteria;p__Firmicutes;c__Clostridia;o__Clostridiales;f__Lachnospiraceae;g__Roseburia;s__Roseburia_intestinalis	k__Bacteria;p__Firmicutes;c__Clostridia;o__Clostridiales;f__Lachnospiraceae;g__Roseburia;s__Roseburia_hominis	k__Bacteria;p__Bacteroidetes;c__Bacteroidia;o__Bacteroidales;f__Porphyromonadaceae;g__Parabacteroides;s__Parabacteroides_johnsonii	k__Bacteria;p__Actinobacteria;c__Actinobacteria;o__Bifidobacteriales;f__Bifidobacteriaceae;g__Bifidobacterium;s__Bifidobacterium_longum	k__Bacteria;p__Firmicutes;c__Clostridia;o__Clostridiales;f__;g__Flavonifractor;s__Flavonifractor_plautii	k__Bacteria;p__Firmicutes;c__Clostridia;o__Clostridiales;f__Clostridiaceae;g__Clostridium;s__Clostridium_phoceensis	k__Bacteria;p__Verrucomicrobia;c__Verrucomicrobiae;o__Verrucomicrobiales;f__Akkermansiaceae;g__Akkermansia;s__Akkermansia_muciniphila	k__Bacteria;p__Bacteroidetes;c__Bacteroidia;o__Bacteroidales;f__Prevotellaceae;g__Paraprevotella;s__Paraprevotella_xylaniphila	k__Bacteria;p__Firmicutes;c__Clostridia;o__Clostridiales;f__Ruminococcaceae;g__Ruminococcus;s__Ruminococcus_callidus	k__Bacteria;p__Bacteroidetes;c__Bacteroidia;o__Bacteroidales;f__Rikenellaceae;g__Alistipes;s__Alistipes_senegalensis	k__Bacteria;p__Firmicutes;c__Clostridia;o__Clostridiales;f__Lachnospiraceae;g__Blautia;s__Blautia_sp._KLE_1732	k__Bacteria;p__Bacteroidetes;c__Bacteroidia;o__Bacteroidales;f__Bacteroidaceae;g__Bacteroides;s__Bacteroides_oleiciplenus	k__Bacteria;p__Firmicutes;c__Clostridia;o__Clostridiales;f__Ruminococcaceae;g__Ruminococcus;s__Ruminococcus_bicirculans	k__Bacteria;p__Bacteroidetes;c__Bacteroidia;o__Bacteroidales;f__Bacteroidaceae;g__Bacteroides;s__Bacteroides_fluxus	k__Bacteria;p__Bacteroidetes;c__Bacteroidia;o__Bacteroidales;f__Prevotellaceae;g__Prevotella;s__Prevotella_stercorea	k__Bacteria;p__Firmicutes;c__Clostridia;o__Clostridiales;f__Lachnospiraceae;g__Dorea;s__Dorea_longicatena	k__Bacteria;p__Firmicutes;c__Clostridia;o__Clostridiales;f__Eubacteriaceae;g__Eubacterium;s__[Eubacterium]_eligens	k__Bacteria;p__Firmicutes;c__Clostridia;o__Clostridiales;f__Ruminococcaceae;g__;s__Ruminococcaceae_bacterium_D16	k__Bacteria;p__Firmicutes;c__Clostridia;o__Clostridiales;f__Lachnospiraceae;g__Coprococcus;s__Coprococcus_comes	k__Bacteria;p__Proteobacteria;c__Gammaproteobacteria;o__Enterobacterales;f__Enterobacteriaceae;g__Escherichia;s__Escherichia_coli	k__Bacteria;p__Firmicutes;c__Clostridia;o__Clostridiales;f__Ruminococcaceae;g__Anaerotruncus;s__Anaerotruncus_colihominis	k__Bacteria;p__Firmicutes;c__Clostridia;o__Clostridiales;f__Lachnospiraceae;g__Blautia;s__Blautia_obeum	k__Bacteria;p__Bacteroidetes;c__Bacteroidia;o__Bacteroidales;f__Odoribacteraceae;g__Odoribacter;s__Odoribacter_laneus	k__Bacteria;p__Firmicutes;c__Clostridia;o__Clostridiales;f__Ruminococcaceae;g__Ruminiclostridium;s__[Clostridium]_leptum	k__Bacteria;p__Bacteroidetes;c__Bacteroidia;o__Bacteroidales;f__Porphyromonadaceae;g__Parabacteroides;s__Parabacteroides_goldsteinii	k__Bacteria;p__Firmicutes;c__Clostridia;o__Clostridiales;f__Lachnospiraceae;g__Anaerostipes;s__Anaerostipes_hadrus	k__Bacteria;p__Firmicutes;c__Clostridia;o__Clostridiales;f__Ruminococcaceae;g__Ruminococcus;s__Ruminococcus_lactaris	k__Bacteria;p__Firmicutes;c__Clostridia;o__Clostridiales;f__Clostridiaceae;g__Clostridium;s__Clostridium_sp._L2-50	k__Bacteria;p__Firmicutes;c__Clostridia;o__Clostridiales;f__Clostridiaceae;g__Clostridium;s__Clostridium_sp._M62/1	k__Bacteria;p__Firmicutes;c__Clostridia;o__Clostridiales;f__;g__Intestinimonas;s__Intestinimonas_butyriciproducens	k__Bacteria;p__Actinobacteria;c__Actinobacteria;o__Bifidobacteriales;f__Bifidobacteriaceae;g__Bifidobacterium;s__Bifidobacterium_bifidum	k__Bacteria;p__Firmicutes;c__Negativicutes;o__Veillonellales;f__Veillonellaceae;g__Dialister;s__Dialister_invisus	k__Bacteria;p__Bacteroidetes;c__Bacteroidia;o__Bacteroidales;f__Bacteroidaceae;g__Bacteroides;s__Bacteroides_salanitronis
k__Bacteria;p__Bacteroidetes;c__Bacteroidia;o__Bacteroidales;f__Bacteroidaceae;g__Bacteroides;s__Bacteroides_vulgatus	1.0	-0.0369354678453	-0.0629857290674	0.00188506689814	0.0176662901695	-0.0586016741993	0.00822344360659	-0.014497993444	0.0168482969957	0.0280624880022	-0.0546952644978	-0.0221184184916	-0.0510138434293	-0.0362143299282	0.0290981582063	-0.053189214725	-0.0540041911008	-0.0367373720206	0.00978461631423	0.0585001881708	-0.0458196388852	-0.0226451044152	-0.00856530576065	7.15761036166e-05	-0.00669498407108	0.00328474078544	-0.056319623659	-0.0117628995408	0.0299331726345	-0.00217241474548	-0.0247208835042	0.00449249545038	0.0596805354991	-0.0123101962414	0.01682150865	-0.00925498796089	0.0806726303099	0.024860540439	0.000708898680488	0.0298386350555	-0.0454716052074	-0.0603328530305	-0.0258231141873	-0.0402976479904	0.0659050162684	-0.0659134848994	0.00660247197227	-0.0479099313814	-0.00747259556707	0.0672450234129	-0.0423676306552	-0.0346306409839	0.0561041338463	0.0169465118643	-0.010573514133	-0.0285653478436	0.074232425564	-0.058466810626	-0.0129214948298
k__Bacteria;p__Bacteroidetes;c__Bacteroidia;o__Bacteroidales;f__Bacteroidaceae;g__Bacteroides;s__Bacteroides_uniformis	-0.0369354678453	1.0	-0.0321627717912	-0.0213292803179	-0.0685189635876	0.0178112032769	-0.0315253469042	0.0441953679753	0.0061354264951	-0.00978136121235	-0.00803001014791	0.0513948874493	0.00710173980481	-0.031204623934	-0.0316320145131	0.0369596356784	0.0594297533438	0.0139544050909	-0.0356404064064	-0.0414847826761	-0.0190828032896	0.0474674268591	-0.025889138842	-0.0114278821874	-0.0195282954959	0.00110643399867	-0.0240882444056	-0.157550544625	0.0395713783844	-0.0155891620254	-0.00815733125382	-0.0138393032474	0.0305329905669	0.0491234436844	-0.010906254917	-0.00351292588445	-0.014396976884	0.0610664235605	-0.0219731184975	-0.0909160260621	0.0452413262567	-0.029938833348	-0.0442407281137	-0.00634571002787	-0.0261500804097	-0.0282765315912	-0.0242392035085	0.0014930006838	0.00921766951961	0.0160460499835	-0.000546664945031	-0.0949162821236	-0.0448801258262	-0.0854982334585	-0.0748492449448	-0.0245921328356	-0.0210788002915	-0.0253527589634	0.0363962145486
k__Bacteria;p__Bacteroidetes;c__Bacteroidia;o__Bacteroidales;f__Rikenellaceae;g__Alistipes;s__Alistipes_putredinis	-0.0629857290674	-0.0321627717912	1.0	-0.0303411930293	-0.0295757679226	0.0190364466638	-0.00220761058485	-0.101803014036	-0.0453312535927	0.0686844200937	0.0596254742762	0.0194775540535	-0.00640555890077	-0.0381414599923	-0.005872493867	0.0665247922909	0.0571648133855	0.0391417973324	-0.0451947409489	0.0411384060909	0.0135702109974	0.00672394546061	-0.0590213941965	-0.0401223690909	0.000166924344332	-0.0516673342449	-0.0236266975136	-0.0357368559197	-0.0288930506096	-0.0733150643287	0.0268068884023	0.0190684550391	0.0205984440245	0.0454436610414	0.0162903576259	0.0188376611028	-0.019382853745	0.120675444251	0.00897256898708	-0.0620707834494	-0.0875407444156	-0.0294853442443	0.0384520372105	0.0168640261816	0.014957178467	-0.0215000265679	0.0310626613732	0.0321051470745	-0.0796464977532	0.00144062492178	0.00757499708322	0.00516942350247	-0.0516910340197	-0.0274567612976	-0.0545828656369	-0.0518245362825	0.0250963941909	-0.0208648795419	0.0150915636554
k__Bacteria;p__Bacteroidetes;c__Bacteroidia;o__Bacteroidales;f__Prevotellaceae;g__Prevotella;s__Prevotella_copri	0.00188506689814	-0.0213292803179	-0.0303411930293	1.0	-0.0362814593229	-0.0333375391357	0.00308707294975	-0.0278963378223	-0.00742699486197	-0.025948675367	-0.0404405879479	-0.0264565891188	0.0158587178762	-0.055763005792	0.00809420127709	-0.109529997787	-0.0458491735567	0.0402444542689	0.0558424021458	0.0538340498976	0.0142912623176	-0.0339699901367	-0.0295263071157	-0.0573149939362	0.00943601082014	-0.00336873412532	-0.0443902760639	-0.00415388368261	-0.0428275350664	-0.0602908079915	0.00537392184588	-0.0029859822959	0.0078180662082	-0.0529705149249	0.0114608940044	-0.00239811447913	-0.0102289672039	0.00595118878577	-0.0676793548954	0.017389865301	-0.0542019328766	0.0280305325963	0.0326961452049	-0.0260484988272	-0.00405644712989	-0.0685908934942	-0.0164661156357	-0.0119445958145	-0.0354229454328	-0.010166461769	0.0401019376993	-0.0113119540661	-0.0398010010754	-0.0160971340151	-0.02205400162	0.012943111616	-0.0154217242087	-0.00915604421503	-0.0108035795304
k__Bacteria;p__Bacteroidetes;c__Bacteroidia;o__Bacteroidales;f__Bacteroidaceae;g__Bacteroides;s__Bacteroides_stercoris	0.0176662901695	-0.0685189635876	-0.0295757679226	-0.0362814593229	1.0	-0.0201475603697	-0.000107945423841	-0.0267030222452	-0.0222151455595	-0.0133541359814	0.0254951898953	0.0155541610047	0.059446188573	-0.00848277470147	0.0172796076289	0.00158010679837	-0.0691305080877	0.0593642606566	-0.000758032008073	-0.0511198140967	-0.0234241050126	0.0158876790931	-0.0131440593136	0.0421083814323	-0.0866284949607	-0.0613692258086	0.0224587968704	0.00432230304037	-0.014410210062	0.0147420799896	-0.0322848509355	0.0305726603756	-0.00566786252072	-0.0450894455603	-0.01019857403	0.017051932718	-0.00661489022438	-0.0832094404389	-0.0702734704606	-0.110312642576	-0.0366368464537	0.0485883830733	0.0181989333332	0.0342029274605	-0.0118771228696	-0.12919754272	-0.0638719405498	0.0145711222504	0.0360101277547	-0.0165325597493	-0.0144431040223	-0.0298029814648	-0.0160164866186	0.0189590790568	-0.00177570024609	0.0272676367912	0.0163455269315	0.00382629033855	-0.0164695167779
k__Bacteria;p__Bacteroidetes;c__Bacteroidia;o__Bacteroidales;f__Bacteroidaceae;g__Bacteroides;s__Bacteroides_ovatus	-0.0586016741993	0.0178112032769	0.0190364466638	-0.0333375391357	-0.0201475603697	1.0	0.046069461974	-0.0333026078611	-0.00943996267022	-0.0080441846647	0.0634189782639	-0.000701594434482	-0.0260811973723	0.0286727635904	-0.0578083214022	-0.0663203870727	0.032033493716	0.0239220650908	-0.0254083889199	0.0593090294859	0.00561217939735	0.0304575978789	-0.0764636793905	-0.00797790222204	-0.00608295564185	-0.0640127442914	0.00431024590989	-0.0140664425737	-0.00638355005724	-0.0322829020735	-0.00600407847377	-0.0911720227547	0.00485975574756	0.0720181613847	-0.0305509285073	-0.076501003818	0.0436934165845	-0.0135472773206	-0.0518204685786	-0.00814579492264	-0.0249118445492	-0.0584345197192	0.0495854388201	-0.0505932465759	-0.0364759520409	-0.0492601499709	-0.00266917782378	-0.0474796926706	-0.0315406200156	-0.0211870447863	0.0272455785486	-0.0509421993276	-0.0302036444662	-0.0488369516668	-0.0706207637167	0.0195318147098	0.0301877338625	0.00237730442974	-0.0186611830704
k__Bacteria;p__Bacteroidetes;c__Bacteroidia;o__Bacteroidales;f__Rikenellaceae;g__Alistipes;s__Alistipes_shahii	0.00822344360659	-0.0315253469042	-0.00220761058485	0.00308707294975	-0.000107945423841	0.046069461974	1.0	-0.0133578383478	0.0485388020295	-0.00655462625659	-0.0416854978602	0.0209123322679	0.0283496389571	0.0158545374539	0.0577740084274	-0.0282174649018	0.0663708664939	0.0208527764262	-0.0928175461994	-0.105474825527	0.0656349728155	-0.0889946261911	-0.0683557239339	0.00747974793587	-0.0300817295822	0.0102877270543	-0.0272343360111	-0.0745163968007	-0.0461320527331	-0.000990179116798	-0.0388828642916	0.00927648379016	0.0254013042674	0.011481847035	-0.0326943249589	0.0202632772352	0.0246724670644	0.098637233526	-0.045168738465	-0.0415456612258	-0.00278541509461	-0.0225031397874	0.0200559932382	-0.0262282888762	-0.028927712493	-0.0225133395256	-0.00553265252208	0.0780401286922	0.0215528640852	-0.0338424184587	-0.0858263571766	-0.00538816930564	0.0114599488727	-0.0902278160002	-0.00438358692187	0.00268844827284	0.0414196588718	0.0127347437249	-0.0394699249407
k__Bacteria;p__Firmicutes;c__Clostridia;o__Clostridiales;f__Ruminococcaceae;g__Faecalibacterium;s__Faecalibacterium_prausnitzii	-0.014497993444	0.0441953679753	-0.101803014036	-0.0278963378223	-0.0267030222452	-0.0333026078611	-0.0133578383478	1.0	-0.058355366442	-0.0127421073458	0.00219028909987	-0.0331434640977	-0.00640350913489	-0.0463598099349	0.0388478509626	-0.036038948011	0.0195990618249	0.0283819081163	0.0297670440173	0.00173996936055	-0.0754248600438	0.0104438756637	0.00721258810125	-0.0632798014647	0.0495480945012	0.0318454787617	-0.0425617604484	0.0624077216146	0.115102306747	0.0371224362852	-0.0202230223516	0.0400403657998	-0.0203921859065	-0.0110742245937	-0.00759778708354	-0.0843371287174	-0.0883342779097	-0.0455849698946	-0.051387062487	0.0606812907728	-0.018830030653	0.0187826098599	-0.0376827947279	0.00706187363428	-0.0130368112663	-0.000641536060091	-0.0559196130668	-0.0976593465313	-0.0839460554224	-0.0457555339254	-0.0434837328634	0.0514702648768	0.0168322286682	0.0893266556276	-0.0936179407844	0.0721285184523	-0.0274619390089	0.0314818747517	0.011839906178
k__Bacteria;p__Bacteroidetes;c__Bacteroidia;o__Bacteroidales;f__Rikenellaceae;g__Alistipes;s__Alistipes_finegoldii	0.0168482969957	0.0061354264951	-0.0453312535927	-0.00742699486197	-0.0222151455595	-0.00943996267022	0.0485388020295	-0.058355366442	1.0	0.042471815306	0.0197610405487	-0.0109829682488	0.0160751111672	-0.0232690627065	-0.00407099592404	0.0113226522312	0.00225125440743	0.0426580173264	-0.0324508845159	-0.0163846599638	-0.00694749452145	0.0193653425158	-0.0495521003007	-0.0402771621588	-0.0037266523154	-0.0109890984582	-0.032819218423	0.0274146969984	0.00790586632116	0.0448858928179	-0.0522636707655	0.0516700835387	-0.00208096852069	-0.0403153722859	-0.0309802253558	-0.0649611003819	0.00819977504909	-0.0123755781505	0.0159578947263	0.0416884257931	-0.0410316736892	0.0289198826476	-0.0149375539342	-0.0239174643581	-0.0302693821297	0.0190789100787	0.00762897877537	-0.0544255890258	-0.0250683859624	-0.0133430365471	-0.0373985493557	-0.0500192715701	-0.112399310295	0.00682793320761	-0.0144231981827	-0.0078344903736	-0.0269609942401	-0.012979872748	-0.0410347434486
k__Bacteria;p__Bacteroidetes;c__Bacteroidia;o__Bacteroidales;f__Porphyromonadaceae;g__Parabacteroides;s__Parabacteroides_distasonis	0.0280624880022	-0.00978136121235	0.0686844200937	-0.025948675367	-0.0133541359814	-0.0080441846647	-0.00655462625659	-0.0127421073458	0.042471815306	1.0	0.0400981589052	-0.00565639821542	-0.050551010572	-0.0384852620116	-0.0550528368731	0.00707184452218	-0.0251577210109	0.0437946530814	-0.03039656186	-0.015777357901	-0.037840027668	0.00866616888278	-0.0572971590176	0.0306710891008	-0.0174348341213	-0.0433336890875	-0.00778161509652	-0.0783011375268	-0.0863203184499	-0.00266015266233	-7.55672520458e-05	-0.0493418554225	0.0158973298574	-0.0397581365993	0.00988668120876	0.0355419847954	-0.0233933731138	0.0161776501255	0.0458667423456	-0.0308955276881	-0.019036551791	0.0211949863813	-0.0255597174244	0.0507756302548	-0.0375901440946	0.0672551662818	-0.0685899049521	0.100158166379	0.0540740279247	-0.0414542795887	-0.040404737777	0.0186802994836	-0.0620374200413	0.0720850594415	-0.00621107132607	-0.0239224930538	0.0896077956651	-0.0523270756441	-0.0374748381765
k__Bacteria;p__Bacteroidetes;c__Bacteroidia;o__Bacteroidales;f__Bacteroidaceae;g__Bacteroides;s__Bacteroides_thetaiotaomicron	-0.0546952644978	-0.00803001014791	0.0596254742762	-0.0404405879479	0.0254951898953	0.0634189782639	-0.0416854978602	0.00219028909987	0.0197610405487	0.0400981589052	1.0	-0.02606253729	-0.0162439724091	0.000254798493933	0.0193573774616	0.0392306206166	0.0583070243472	0.0517930957823	-0.0139107614134	0.0550696806403	0.0317818730934	0.0236266942457	-0.0160783147719	-0.0965897280087	0.0911257205051	0.0444115989069	-0.0273153566199	0.0362960249546	-0.00884903464844	0.0453879467198	-0.00720577044314	-0.0564586978746	-0.0174723193876	0.0074369719717	0.0258272306785	-0.11082306534	0.066922221042	0.0576033297436	-0.0444603981905	0.0569053343185	0.0405857590633	-0.0412186905741	-0.0183355791175	-0.000131647649784	0.01388869282	-0.0477943246592	-0.0830189569914	-0.0189541423258	-0.00710372583274	-0.0286153788253	0.0120008707187	-0.084745599587	-0.0674048388201	-0.0246746337351	-0.0276224025305	-0.0475412948761	0.0202291910156	0.00529996622818	0.0167273205964
k__Bacteria;p__Bacteroidetes;c__Bacteroidia;o__Bacteroidales;f__Bacteroidaceae;g__Bacteroides;s__Bacteroides_coprocola	-0.0221184184916	0.0513948874493	0.0194775540535	-0.0264565891188	0.0155541610047	-0.000701594434482	0.0209123322679	-0.0331434640977	-0.0109829682488	-0.00565639821542	-0.02606253729	1.0	0.0131774979468	-0.0760225348889	-0.0916709316963	0.0153497638645	-0.0196752001299	0.0279339563995	0.00196790973623	0.00749740501831	0.0101143893435	-0.0350311395549	0.00781227168286	-0.0198753727882	-0.019855052412	-0.0621254415393	-0.0835748116421	-0.0434383140057	0.0154524823984	-0.0983619463403	-0.0247814305852	-0.086644689703	0.0353297537	-0.072258681474	-0.0377616968149	0.0376873430142	0.0303722972249	-0.0193135048255	0.0173614624973	-0.0461337347839	-0.037318589278	-0.0142171796556	-0.0134258477904	0.0316598371797	0.0252315984758	-0.00958600519174	-0.0137193563593	-0.0284207230504	0.0278102604163	-0.0702485005475	0.00987946535099	0.000330328809747	0.00439588485175	-0.00157874681348	-0.0024223539573	-0.0116439836168	0.00227735636665	0.0474965154365	-0.015134968144
k__Bacteria;p__Bacteroidetes;c__Bacteroidia;o__Bacteroidales;f__Bacteroidaceae;g__Bacteroides;s__Bacteroides_cellulosilyticus	-0.0510138434293	0.00710173980481	-0.00640555890077	0.0158587178762	0.059446188573	-0.0260811973723	0.0283496389571	-0.00640350913489	0.0160751111672	-0.050551010572	-0.0162439724091	0.0131774979468	1.0	-0.000629062276096	-0.035296121254	-0.0348630931796	0.0439549525975	0.0567674293827	-0.00067066854221	-0.00365199453725	-0.00781927668718	-0.0340922229503	-0.0885953155085	0.0252871367214	-0.0628484149729	-0.0566837776063	0.0750798147434	0.0177599821622	0.0311143357539	0.013140528515	-0.0943032537422	-0.00182584166016	0.0136543825856	0.000985783077903	-0.00709346145877	-0.0118459423042	0.0792070770158	0.0149957858816	-0.0392359656867	-0.0341525956009	-0.00176077080517	-0.0904468863121	-0.0477835081366	-0.0307673592699	-0.00729164447927	0.0287480397016	-0.0137603032803	-0.00824610386776	-0.044529575205	0.0409883126356	0.0496349155914	-0.0166494057248	-0.0475143893559	-0.0175137989932	-0.0761616393315	0.0117586617271	0.0558156565829	0.0180995141434	0.0139479420244
k__Bacteria;p__Bacteroidetes;c__Bacteroidia;o__Bacteroidales;f__Rikenellaceae;g__Alistipes;s__Alistipes_obesi	-0.0362143299282	-0.031204623934	-0.0381414599923	-0.055763005792	-0.00848277470147	0.0286727635904	0.0158545374539	-0.0463598099349	-0.0232690627065	-0.0384852620116	0.000254798493933	-0.0760225348889	-0.000629062276096	1.0	0.0871702426595	-0.0188772927448	-0.00506730949479	0.015130791058	0.0153327681821	-0.0484131394633	0.0314552015978	-0.0579182258168	0.0149774740317	0.0445549001661	0.00450849591515	0.0753043329761	0.0386770365422	-0.0824798928576	-0.0438924326726	0.0418674128621	0.00589958479305	-0.00944979132992	-0.0322219138301	-0.0298454162515	-0.0145059604428	-0.00316333812778	0.00616653010608	0.0559937391748	-0.050271332354	-0.00157988296087	0.00412577833593	0.0301733200105	-0.0215279338052	-0.0110567631246	0.0533718910623	-0.00954885702391	-0.0423133646611	-0.0182389175197	0.00536561554318	0.00909680636518	0.00590650029495	-0.0218990703301	-0.0281722260574	0.0195974080133	0.0336135352093	-0.030117403469	0.00690295858734	-0.0920162018516	-0.0508614348751
k__Bacteria;p__Firmicutes;c__Clostridia;o__Clostridiales;f__Lachnospiraceae;g__;s__[Eubacterium]_rectale	0.0290981582063	-0.0316320145131	-0.005872493867	0.00809420127709	0.0172796076289	-0.0578083214022	0.0577740084274	0.0388478509626	-0.00407099592404	-0.0550528368731	0.0193573774616	-0.0916709316963	-0.035296121254	0.0871702426595	1.0	-0.0713923432201	0.0111231173998	0.0230462638475	-0.0503073218655	-0.116429593487	-0.0615274917744	0.0795420589252	0.00646115115391	-0.0472015971968	-0.0137022415774	-0.0134183260016	-0.0213771656888	-0.046904467657	0.0365654353675	0.0553174636208	0.0102612682854	0.00325220450952	-0.0676749609503	0.0523364179835	-0.0681443922865	-0.00654493916495	-0.0535098429451	-0.0103668985502	0.0035829264074	-0.00155926457597	-0.00305368800111	-0.0670254215468	0.0244464618216	-0.0356664080073	-0.0101792163589	0.0306135361291	0.0449626731692	0.000222662996133	-0.0660637695977	0.0267786591065	0.0349924479473	0.00516355196892	0.0119860666215	0.0494210266775	-0.00457033702088	-0.0483150393507	-0.0384434999523	-0.0410549595445	-0.0420223851082
k__Bacteria;p__Bacteroidetes;c__Bacteroidia;o__Bacteroidales;f__Bacteroidaceae;g__Bacteroides;s__Bacteroides_plebeius	-0.053189214725	0.0369596356784	0.0665247922909	-0.109529997787	0.00158010679837	-0.0663203870727	-0.0282174649018	-0.036038948011	0.0113226522312	0.00707184452218	0.0392306206166	0.0153497638645	-0.0348630931796	-0.0188772927448	-0.0713923432201	1.0	-0.0471587121454	-0.0288825910719	-0.0629706148416	-0.0214371967622	-0.0167168845241	-0.00827363860941	-0.0185281205489	0.00939393902072	0.0281324522163	-0.0407748728894	-0.0496003435595	-0.00268871049782	0.00020491934308	-0.0365974156673	-0.00209578768246	0.0203790609932	-0.00370474789458	0.00816435181188	-0.00254621236014	0.0225664774868	-0.0843180023541	0.0477954159601	-0.00804569516447	-0.0363316918867	0.0453342079216	-0.00331640927375	-0.0209288329342	0.00862533938469	0.0281662331985	0.0312754764086	0.0393678927392	-0.0298536240406	0.021298733734	0.0221731213531	-0.0180127037671	0.0201277930158	0.0124949636308	0.0103805137802	0.049101525884	0.0309389553207	-0.079818651924	-0.0743865377587	-0.0203353352223
k__Bacteria;p__Bacteroidetes;c__Bacteroidia;o__Bacteroidales;f__Bacteroidaceae;g__Bacteroides;s__Bacteroides_fragilis	-0.0540041911008	0.0594297533438	0.0571648133855	-0.0458491735567	-0.0691305080877	0.032033493716	0.0663708664939	0.0195990618249	0.00225125440743	-0.0251577210109	0.0583070243472	-0.0196752001299	0.0439549525975	-0.00506730949479	0.0111231173998	-0.0471587121454	1.0	-0.0289543163557	-0.0146707655578	0.0225481767998	0.0534028931521	-0.0438052445119	-0.00424767112861	-0.031914709233	-0.0341744738892	-0.0491874292081	-0.0631085712265	0.0374378209478	-0.018808388332	0.00823195987901	-0.0180469816227	0.00695668050362	-0.0396077034242	0.0170126392811	-0.0146033399533	-0.00469890353079	-0.0451044494154	-0.0361478464769	0.0230011251728	0.0683582774856	-0.0271764705587	-0.00455814017233	0.00801332860299	0.0191337695873	-0.0677447829759	-0.000550687950506	0.0409589536639	0.0130419973389	-0.0378941082238	-0.0354857944972	0.0675515962307	-0.112779438144	-0.00234041897904	0.00601150655273	-0.0206353629635	-0.0191736033658	-0.0422192587383	-0.0780160949648	-0.0539246884435
k__Bacteria;p__Proteobacteria;c__Betaproteobacteria;o__Burkholderiales;f__Sutterellaceae;g__Sutterella;s__Sutterella_wadsworthensis	-0.0367373720206	0.0139544050909	0.0391417973324	0.0402444542689	0.0593642606566	0.0239220650908	0.0208527764262	0.0283819081163	0.0426580173264	0.0437946530814	0.0517930957823	0.0279339563995	0.0567674293827	0.015130791058	0.0230462638475	-0.0288825910719	-0.0289543163557	1.0	-0.0343611847497	-0.0454745246795	-0.0441748881023	0.0206729486111	0.0237260679617	-0.0937661065782	-0.0205396287011	-0.141045584664	0.00545444259601	-0.0753513640511	-0.0804508466708	-0.0248233865371	-0.0330135900322	-0.0314466255477	0.0347660436125	-0.078837288248	0.0668017045591	-0.0389821520629	0.019779954369	0.0671426961456	0.0430273761868	0.102402389993	-0.0428506057273	0.0238996560376	-0.0486382425925	0.0234845619983	-0.0599821569943	0.0200737447178	-0.0141525056948	0.000536093287639	-0.0614557795728	0.0385247770398	-0.0540875224931	0.0190981748626	0.00570935240817	-0.0486012867029	-0.0515270635951	-0.00783299610693	-0.030853807627	0.023588840007	-0.0540594079905
k__Bacteria;p__Bacteroidetes;c__Bacteroidia;o__Bacteroidales;f__Porphyromonadaceae;g__Barnesiella;s__Barnesiella_intestinihominis	0.00978461631423	-0.0356404064064	-0.0451947409489	0.0558424021458	-0.000758032008073	-0.0254083889199	-0.0928175461994	0.0297670440173	-0.0324508845159	-0.03039656186	-0.0139107614134	0.00196790973623	-0.00067066854221	0.0153327681821	-0.0503073218655	-0.0629706148416	-0.0146707655578	-0.0343611847497	1.0	0.0410040430468	-0.0558210172284	0.00115610514161	-0.0110290805786	0.0162935262762	-0.0150681798947	-0.0129622749542	-0.022918847732	0.0391425629752	-0.00148460791151	0.00683947221819	-0.0379146350636	0.012983732634	-0.0131473849625	-0.0141915427808	-0.0442554221117	0.0155344548378	0.0143892225492	-0.0263663130847	0.00771824723534	-0.0512081797985	0.00127795401522	-0.0386370998049	0.046652722765	-0.000134626849515	-0.0579950651479	-0.0634050630728	-0.035884888239	0.0166700202334	-0.0247910140655	-0.0659408130609	-0.0261477768645	0.00899580470357	-0.00146025780894	0.0262444741959	0.0148179840048	0.00617501700288	-0.0117221669759	0.0227782990816	0.0332560527164
k__Bacteria;p__Bacteroidetes;c__Bacteroidia;o__Bacteroidales;f__Odoribacteraceae;g__Odoribacter;s__Odoribacter_splanchnicus	0.0585001881708	-0.0414847826761	0.0411384060909	0.0538340498976	-0.0511198140967	0.0593090294859	-0.105474825527	0.00173996936055	-0.0163846599638	-0.015777357901	0.0550696806403	0.00749740501831	-0.00365199453725	-0.0484131394633	-0.116429593487	-0.0214371967622	0.0225481767998	-0.0454745246795	0.0410040430468	1.0	0.00554847149675	-0.0324455554979	0.0409480668456	-0.0372101335743	0.0439831839513	-0.0193690750259	0.0207890480708	4.81975050917e-05	0.0310189110537	0.0430811644273	-0.0437371652996	0.0787774991058	0.00169390737081	-0.0480153083446	-0.00920766375705	-0.0431941457699	0.00214763985295	-0.0445929398122	0.0309224817875	0.00331845868135	-0.060782596404	-0.0371204910539	0.00444098262454	-0.0265557823256	-0.0525024130056	-0.0228287237452	-0.0140260552205	-0.0591292004641	-0.0452155924666	-0.00404198246609	0.00496816544336	0.00435613018205	-0.028203713189	0.0552829715589	0.0622396861235	-0.0124482299077	0.00710446553298	-0.0147886988235	-0.0198529424351
k__Bacteria;p__Bacteroidetes;c__Bacteroidia;o__Bacteroidales;f__Bacteroidaceae;g__Bacteroides;s__Bacteroides_salyersiae	-0.0458196388852	-0.0190828032896	0.0135702109974	0.0142912623176	-0.0234241050126	0.00561217939735	0.0656349728155	-0.0754248600438	-0.00694749452145	-0.037840027668	0.0317818730934	0.0101143893435	-0.00781927668718	0.0314552015978	-0.0615274917744	-0.0167168845241	0.0534028931521	-0.0441748881023	-0.0558210172284	0.00554847149675	1.0	-0.1037772218	-0.0783552073599	0.0820129624206	-0.00265746617478	0.0676853706578	0.00427794086646	-0.0613502062218	0.0579697543698	0.0413604700053	0.0381234250132	-0.00249609334124	0.0230116991557	-0.0685904440001	0.0110183610258	0.0482944810012	0.0252896294251	-0.0166372794693	-0.0548762545702	0.00419498407086	0.0169793943077	-0.0412149722231	-0.0815766159217	-0.0492573363542	0.00279027027538	0.00102638450364	0.0242155526783	-0.0719391965074	-0.0300165862631	0.00482595885686	0.019232144596	0.0215406980474	-0.0715438996932	0.00829932452271	-0.0453205068591	0.00497390902654	-0.0920703863934	-0.0463730337427	0.102712420318
k__Bacteria;p__Firmicutes;c__Clostridia;o__Clostridiales;f__Ruminococcaceae;g__Ruminiclostridium;s__[Eubacterium]_siraeum	-0.0226451044152	0.0474674268591	0.00672394546061	-0.0339699901367	0.0158876790931	0.0304575978789	-0.0889946261911	0.0104438756637	0.0193653425158	0.00866616888278	0.0236266942457	-0.0350311395549	-0.0340922229503	-0.0579182258168	0.0795420589252	-0.00827363860941	-0.0438052445119	0.0206729486111	0.00115610514161	-0.0324455554979	-0.1037772218	1.0	-0.00846443261691	-0.0249311395289	0.00451687118283	-0.0316245518969	-0.0398041729501	0.00884000712275	0.0263622854287	-0.0358952533902	-0.00106920007056	0.00507925396051	-0.0321898389172	-0.0123769928729	-0.0473031984424	-0.0387276092169	0.0329886108614	0.0468142178039	-0.00587580635875	0.0636020780394	0.0621346872392	0.0135692051413	0.022996789726	-0.0454168728658	-0.112625409484	-0.0389466738307	-0.0664278007726	-0.0218833916129	0.037570202518	0.0679534256633	-0.0177826527305	0.0322887041296	-0.0501335977578	-0.0495523736563	0.0286199251501	0.0334944152358	0.0278195678907	-0.000742986260442	-0.0219941183983
k__Bacteria;p__Proteobacteria;c__Betaproteobacteria;o__Burkholderiales;f__Sutterellaceae;g__Parasutterella;s__Parasutterella_excrementihominis	-0.00856530576065	-0.025889138842	-0.0590213941965	-0.0295263071157	-0.0131440593136	-0.0764636793905	-0.0683557239339	0.00721258810125	-0.0495521003007	-0.0572971590176	-0.0160783147719	0.00781227168286	-0.0885953155085	0.0149774740317	0.00646115115391	-0.0185281205489	-0.00424767112861	0.0237260679617	-0.0110290805786	0.0409480668456	-0.0783552073599	-0.00846443261691	1.0	-0.0988939612634	-0.0120519663932	-0.0274860060043	0.00990277866446	-0.00928722848333	-0.0424510452294	0.0712723011906	-0.0175582939063	-0.0666837135475	-0.00304885912438	-0.0383183966056	0.0217201489699	0.00986196967115	-0.0174668071657	-0.0535367725094	0.0100569029435	-0.051473637791	0.0662471851931	-0.0126464235791	0.0032329448474	-8.3861293256e-05	0.0406334795994	0.00707004145199	0.0201106270903	-0.0225906638524	0.0177093676802	0.0642611077872	-0.0114644287353	0.0205076018275	-0.0190021425766	0.00581685026431	0.0505597969239	-0.0212991896648	-0.0215516873081	0.0628640151641	-0.0111515510625
k__Bacteria;p__Actinobacteria;c__Actinobacteria;o__Bifidobacteriales;f__Bifidobacteriaceae;g__Bifidobacterium;s__Bifidobacterium_adolescentis	7.15761036166e-05	-0.0114278821874	-0.0401223690909	-0.0573149939362	0.0421083814323	-0.00797790222204	0.00747974793587	-0.0632798014647	-0.0402771621588	0.0306710891008	-0.0965897280087	-0.0198753727882	0.0252871367214	0.0445549001661	-0.0472015971968	0.00939393902072	-0.031914709233	-0.0937661065782	0.0162935262762	-0.0372101335743	0.0820129624206	-0.0249311395289	-0.0988939612634	1.0	0.0268181759295	0.0249517994371	0.018245034284	0.00983071488015	-0.0446724002443	0.00800853679656	-0.00154605848797	0.0315191896978	0.0448079257661	0.00503487801639	0.0476846624391	-0.0619465218401	-0.0576426144201	-0.0311988475338	-0.0213863840591	0.0051581181701	-0.0501371037653	-0.0525030337834	-0.00847095734852	0.047250755506	0.0430920391127	-0.00522078217164	-0.0347082106003	0.00405587141539	-0.00371852860217	0.00946559540154	-0.0549450317289	-0.0159301301865	0.0412231647509	0.0147983399019	-0.0582379985903	0.0152767403022	-0.0454067449521	-0.0226580431492	-0.0303317763501
k__Bacteria;p__Firmicutes;c__Clostridia;o__Clostridiales;f__Oscillospiraceae;g__Oscillibacter;s__Oscillibacter_sp._KLE_1745	-0.00669498407108	-0.0195282954959	0.000166924344332	0.00943601082014	-0.0866284949607	-0.00608295564185	-0.0300817295822	0.0495480945012	-0.0037266523154	-0.0174348341213	0.0911257205051	-0.019855052412	-0.0628484149729	0.00450849591515	-0.0137022415774	0.0281324522163	-0.0341744738892	-0.0205396287011	-0.0150681798947	0.0439831839513	-0.00265746617478	0.00451687118283	-0.0120519663932	0.0268181759295	1.0	-0.0043359272044	0.0408065080591	-0.0551158603039	-0.0412502070755	4.47062424065e-05	0.0461410575009	0.0077696544801	-0.058021043867	-0.01250632207	0.0333108198105	0.00356657131117	-0.00482993659753	-0.00792678271038	0.0372661752554	0.00917011975893	0.0278263855364	0.0475317793922	-0.000792253236838	-0.0424563383593	-0.0118162285065	-0.0036118194268	-0.0404402320796	-0.113246824115	-0.0262000192055	-0.0345241542739	-0.021416339713	-0.034338794081	0.0231682453361	0.0638596080068	0.0302875247924	-0.0288250052556	0.0221394178779	0.0311898465878	-0.0150750611831
k__Bacteria;p__Bacteroidetes;c__Bacteroidia;o__Bacteroidales;f__Bacteroidaceae;g__Bacteroides;s__Bacteroides_coprophilus	0.00328474078544	0.00110643399867	-0.0516673342449	-0.00336873412532	-0.0613692258086	-0.0640127442914	0.0102877270543	0.0318454787617	-0.0109890984582	-0.0433336890875	0.0444115989069	-0.0621254415393	-0.0566837776063	0.0753043329761	-0.0134183260016	-0.0407748728894	-0.0491874292081	-0.141045584664	-0.0129622749542	-0.0193690750259	0.0676853706578	-0.0316245518969	-0.0274860060043	0.0249517994371	-0.0043359272044	1.0	-0.0125337243613	-0.00487414530155	0.0103402709074	-0.109453793436	0.0491013240768	0.00117682978836	-0.0251549283969	-0.0240651787274	-0.0839635616815	-0.0296525952837	-0.0352392492255	0.0178072046168	0.00650189710905	0.0387256864352	-0.0155301489475	-0.0661751529654	-0.0125648552086	0.00371256179996	0.028228528208	-0.107036276445	0.0537197698297	-0.0685028712634	0.0185532535233	0.0381695967192	0.0354534162022	-0.0225270842805	-0.0423061622812	-0.032132231843	-0.00609914678381	0.111651961743	-0.014933262927	0.0148588854514	-0.00980661399143
k__Bacteria;p__Firmicutes;c__Clostridia;o__Clostridiales;f__Lachnospiraceae;g__Roseburia;s__Roseburia_intestinalis	-0.056319623659	-0.0240882444056	-0.0236266975136	-0.0443902760639	0.0224587968704	0.00431024590989	-0.0272343360111	-0.0425617604484	-0.032819218423	-0.00778161509652	-0.0273153566199	-0.0835748116421	0.0750798147434	0.0386770365422	-0.0213771656888	-0.0496003435595	-0.0631085712265	0.00545444259601	-0.022918847732	0.0207890480708	0.00427794086646	-0.0398041729501	0.00990277866446	0.018245034284	0.0408065080591	-0.0125337243613	1.0	0.00407081557012	-0.0493961405993	0.0087680930905	-0.00175141963655	-0.0778081188336	-0.0411472646521	0.00911371055277	0.0931903718671	0.0196612015164	-0.0413763672568	-0.0413885372155	-0.0226628392697	-0.0266748003208	0.0501487419819	-0.0695789945468	0.00553064539166	-0.0203798921954	0.00295622204144	-0.0253584303281	-0.0218788692318	-0.0200613348035	-0.0192891008129	0.0371067199357	-0.0573509329663	0.0459792851934	0.0561906840566	0.0222732679711	0.00862089983418	0.0449069333969	0.0277475497296	-0.0580362401741	0.062612858008
k__Bacteria;p__Firmicutes;c__Clostridia;o__Clostridiales;f__Lachnospiraceae;g__Roseburia;s__Roseburia_hominis	-0.0117628995408	-0.157550544625	-0.0357368559197	-0.00415388368261	0.00432230304037	-0.0140664425737	-0.0745163968007	0.0624077216146	0.0274146969984	-0.0783011375268	0.0362960249546	-0.0434383140057	0.0177599821622	-0.0824798928576	-0.046904467657	-0.00268871049782	0.0374378209478	-0.0753513640511	0.0391425629752	4.81975050918e-05	-0.0613502062218	0.00884000712275	-0.00928722848333	0.00983071488015	-0.0551158603039	-0.00487414530155	0.00407081557012	1.0	-0.0109332647234	-0.0221508475908	-0.0614702433776	-0.0240844592108	0.038278233718	0.0405187430223	0.0286607607293	-0.0704106030393	-0.0383278446493	-0.0496421673903	0.0560417904757	0.0347134256986	-0.0238813506363	0.0596583177778	0.0101535420941	-0.0304727919323	0.0420914876162	-0.0287108534062	0.00899026174683	-0.0444432936473	-0.0480754362548	0.0383922255147	-0.0126319626473	-0.0458202830933	-0.0314701119724	0.0668941335014	0.088840400209	-0.120226000451	-0.00504252118093	-0.0696444677856	-0.0215583487536
k__Bacteria;p__Bacteroidetes;c__Bacteroidia;o__Bacteroidales;f__Porphyromonadaceae;g__Parabacteroides;s__Parabacteroides_johnsonii	0.0299331726345	0.0395713783844	-0.0288930506096	-0.0428275350664	-0.014410210062	-0.00638355005724	-0.0461320527331	0.115102306747	0.00790586632116	-0.0863203184499	-0.00884903464844	0.0154524823984	0.0311143357539	-0.0438924326726	0.0365654353675	0.00020491934308	-0.018808388332	-0.0804508466708	-0.00148460791151	0.0310189110537	0.0579697543698	0.0263622854287	-0.0424510452294	-0.0446724002443	-0.0412502070755	0.0103402709074	-0.0493961405993	-0.0109332647234	1.0	0.00585360665129	0.00902288279264	-0.0153637255188	-0.0551339448011	0.0014047853373	0.0134072323366	-0.0231010627971	-0.0807852656475	-0.036522544593	-0.0449875250503	0.0455074384824	-0.0723273194737	0.106624844373	-0.0175382054858	-0.0125052238469	-0.0107968903278	0.0305694827834	0.0181237596605	-0.0519642737414	-0.0617379372289	-0.0639287096326	0.0549069218679	-0.0727736052789	-0.0268714720072	0.0226384110116	-0.0269129716532	-0.00200371635343	0.00197889207298	0.01182269368	-0.0143991333077
k__Bacteria;p__Actinobacteria;c__Actinobacteria;o__Bifidobacteriales;f__Bifidobacteriaceae;g__Bifidobacterium;s__Bifidobacterium_longum	-0.00217241474548	-0.0155891620254	-0.0733150643287	-0.0602908079915	0.0147420799896	-0.0322829020735	-0.000990179116798	0.0371224362852	0.0448858928179	-0.00266015266233	0.0453879467198	-0.0983619463403	0.013140528515	0.0418674128621	0.0553174636208	-0.0365974156673	0.00823195987901	-0.0248233865371	0.00683947221819	0.0430811644273	0.0413604700053	-0.0358952533902	0.0712723011906	0.00800853679656	4.47062424064e-05	-0.109453793436	0.0087680930905	-0.0221508475908	0.00585360665129	1.0	0.0352384643209	-0.0176335983026	0.0186780955326	0.00335688456922	0.0267573436104	-0.0720879751885	-0.105991370868	-0.0645809055011	0.0197292112799	0.00715947886409	0.0103201747725	-0.0638941305463	0.00489509528134	0.0194600397297	0.0472305571872	0.0717149464602	0.00509222351743	-0.0187711370287	0.0440770046898	0.0409418781527	-0.0672306129935	-0.0161798760266	-0.0362251011469	0.0433051312404	0.0233694501413	-0.0717144174702	0.00133473640122	-0.0306961339723	0.00579356570187
