#taxonomy	k__Bacteria;p__Bacteroidetes;c__Bacteroidia;o__Bacteroidales;f__Bacteroidaceae;g__Bacteroides;s__Bacteroides_vulgatus	k__Bacteria;p__Bacteroidetes;c__Bacteroidia;o__Bacteroidales;f__Bacteroidaceae;g__Bacteroides;s__Bacteroides_uniformis	k__Bacteria;p__Bacteroidetes;c__Bacteroidia;o__Bacteroidales;f__Rikenellaceae;g__Alistipes;s__Alistipes_putredinis	k__Bacteria;p__Bacteroidetes;c__Bacteroidia;o__Bacteroidales;f__Prevotellaceae;g__Prevotella;s__Prevotella_copri	k__Bacteria;p__Bacteroidetes;c__Bacteroidia;o__Bacteroidales;f__Bacteroidaceae;g__Bacteroides;s__Bacteroides_stercoris	k__Bacteria;p__Bacteroidetes;c__Bacteroidia;o__Bacteroidales;f__Bacteroidaceae;g__Bacteroides;s__Bacteroides_ovatus	k__Bacteria;p__Bacteroidetes;c__Bacteroidia;o__Bacteroidales;f__Rikenellaceae;g__Alistipes;s__Alistipes_shahii	k__Bacteria;p__Firmicutes;c__Clostridia;o__Clostridiales;f__Ruminococcaceae;g__Faecalibacterium;s__Faecalibacterium_prausnitzii	k__Bacteria;p__Bacteroidetes;c__Bacteroidia;o__Bacteroidales;f__Rikenellaceae;g__Alistipes;s__Alistipes_finegoldii	k__Bacteria;p__Bacteroidetes;c__Bacteroidia;o__Bacteroidales;f__Porphyromonadaceae;g__Parabacteroides;s__Parabacteroides_distasonis	k__Bacteria;p__Bacteroidetes;c__Bacteroidia;o__Bacteroidales;f__Bacteroidaceae;g__Bacteroides;s__Bacteroides_thetaiotaomicron	k__Bacteria;p__Bacteroidetes;c__Bacteroidia;o__Bacteroidales;f__Bacteroidaceae;g__Bacteroides;s__Bacteroides_coprocola	k__Bacteria;p__Bacteroidetes;c__Bacteroidia;o__Bacteroidales;f__Bacteroidaceae;g__Bacteroides;s__Bacteroides_cellulosilyticus	k__Bacteria;p__Bacteroidetes;c__Bacteroidia;o__Bacteroidales;f__Rikenellaceae;g__Alistipes;s__Alistipes_obesi	k__Bacteria;p__Firmicutes;c__Clostridia;o__Clostridiales;f__Lachnospiraceae;g__;s__[Eubacterium]_rectale	k__Bacteria;p__Bacteroidetes;c__Bacteroidia;o__Bacteroidales;f__Bacteroidaceae;g__Bacteroides;s__Bacteroides_plebeius	k__Bacteria;p__Bacteroidetes;c__Bacteroidia;o__Bacteroidales;f__Bacteroidaceae;g__Bacteroides;s__Bacteroides_fragilis	k__Bacteria;p__Proteobacteria;c__Betaproteobacteria;o__Burkholderiales;f__Sutterellaceae;g__Sutterella;s__Sutterella_wadsworthensis	k__Bacteria;p__Bacteroidetes;c__Bacteroidia;o__Bacteroidales;f__Porphyromonadaceae;g__Barnesiella;s__Barnesiella_intestinihominis	k__Bacteria;p__Bacteroidetes;c__Bacteroidia;o__Bacteroidales;f__Odoribacteraceae;g__Odoribacter;s__Odoribacter_splanchnicus	k__Bacteria;p__Bacteroidetes;c__Bacteroidia;o__Bacteroidales;f__Bacteroidaceae;g__Bacteroides;s__Bacteroides_salyersiae	k__Bacteria;p__Firmicutes;c__Clostridia;o__Clostridiales;f__Ruminococcaceae;g__Ruminiclostridium;s__[Eubacterium]_siraeum	k__Bacteria;p__Proteobacteria;c__Betaproteobacteria;o__Burkholderiales;f__Sutterellaceae;g__Parasutterella;s__Parasutterella_excrementihominis	k__Bacteria;p__Actinobacteria;c__Actinobacteria;o__Bifidobacteriales;f__Bifidobacteriaceae;g__Bifidobacterium;s__Bifidobacterium_adolescentis	k__Bacteria;p__Firmicutes;c__Clostridia;o__Clostridiales;f__Oscillospiraceae;g__Oscillibacter;s__Oscillibacter_sp._KLE_1745	k__Bacteria;p__Bacteroidetes;c__Bacteroidia;o__Bacteroidales;f__Bacteroidaceae;g__Bacteroides;s__Bacteroides_coprophilus	k__Bacteria;p__Firmicutes;c__Clostridia;o__Clostridiales;f__Lachnospiraceae;g__Roseburia;s__Roseburia_intestinalis	k__Bacteria;p__Firmicutes;c__Clostridia;o__Clostridiales;f__Lachnospiraceae;g__Roseburia;s__Roseburia_hominis	k__Bacteria;p__Bacteroidetes;c__Bacteroidia;o__Bacteroidales;f__Porphyromonadaceae;g__Parabacteroides;s__Parabacteroides_johnsonii	k__Bacteria;p__Actinobacteria;c__Actinobacteria;o__Bifidobacteriales;f__Bifidobacteriaceae;g__Bifidobacterium;s__Bifidobacterium_longum	k__Bacteria;p__Firmicutes;c__Clostridia;o__Clostridiales;f__;g__Flavonifractor;s__Flavonifractor_plautii	k__Bacteria;p__Firmicutes;c__Clostridia;o__Clostridiales;f__Clostridiaceae;g__Clostridium;s__Clostridium_phoceensis	k__Bacteria;p__Verrucomicrobia;c__Verrucomicrobiae;o__Verrucomicrobiales;f__Akkermansiaceae;g__Akkermansia;s__Akkermansia_muciniphila	k__Bacteria;p__Bacteroidetes;c__Bacteroidia;o__Bacteroidales;f__Prevotellaceae;g__Paraprevotella;s__Paraprevotella_xylaniphila	k__Bacteria;p__Firmicutes;c__Clostridia;o__Clostridiales;f__Ruminococcaceae;g__Ruminococcus;s__Ruminococcus_callidus	k__Bacteria;p__Bacteroidetes;c__Bacteroidia;o__Bacteroidales;f__Rikenellaceae;g__Alistipes;s__Alistipes_senegalensis	k__Bacteria;p__Firmicutes;c__Clostridia;o__Clostridiales;f__Lachnospiraceae;g__Blautia;s__Blautia_sp._KLE_1732	k__Bacteria;p__Bacteroidetes;c__Bacteroidia;o__Bacteroidales;f__Bacteroidaceae;g__Bacteroides;s__Bacteroides_oleiciplenus	k__Bacteria;p__Firmicutes;c__Clostridia;o__Clostridiales;f__Ruminococcaceae;g__Ruminococcus;s__Ruminococcus_bicirculans	k__Bacteria;p__Bacteroidetes;c__Bacteroidia;o__Bacteroidales;f__Bacteroidaceae;g__Bacteroides;s__Bacteroides_fluxus	k__Bacteria;p__Bacteroidetes;c__Bacteroidia;o__Bacteroidales;f__Prevotellaceae;g__Prevotella;s__Prevotella_stercorea	k__Bacteria;p__Firmicutes;c__Clostridia;o__Clostridiales;f__Lachnospiraceae;g__Dorea;s__Dorea_longicatena	k__Bacteria;p__Firmicutes;c__Clostridia;o__Clostridiales;f__Eubacteriaceae;g__Eubacterium;s__[Eubacterium]_eligens	k__Bacteria;p__Firmicutes;c__Clostridia;o__Clostridiales;f__Ruminococcaceae;g__;s__Ruminococcaceae_bacterium_D16	k__Bacteria;p__Firmicutes;c__Clostridia;o__Clostridiales;f__Lachnospiraceae;g__Coprococcus;s__Coprococcus_comes	k__Bacteria;p__Proteobacteria;c__Gammaproteobacteria;o__Enterobacterales;f__Enterobacteriaceae;g__Escherichia;s__Escherichia_coli	k__Bacteria;p__Firmicutes;c__Clostridia;o__Clostridiales;f__Ruminococcaceae;g__Anaerotruncus;s__Anaerotruncus_colihominis	k__Bacteria;p__Firmicutes;c__Clostridia;o__Clostridiales;f__Lachnospiraceae;g__Blautia;s__Blautia_obeum	k__Bacteria;p__Bacteroidetes;c__Bacteroidia;o__Bacteroidales;f__Odoribacteraceae;g__Odoribacter;s__Odoribacter_laneus	k__Bacteria;p__Firmicutes;c__Clostridia;o__Clostridiales;f__Ruminococcaceae;g__Ruminiclostridium;s__[Clostridium]_leptum	k__Bacteria;p__Bacteroidetes;c__Bacteroidia;o__Bacteroidales;f__Porphyromonadaceae;g__Parabacteroides;s__Parabacteroides_goldsteinii	k__Bacteria;p__Firmicutes;c__Clostridia;o__Clostridiales;f__Lachnospiraceae;g__Anaerostipes;s__Anaerostipes_hadrus	k__Bacteria;p__Firmicutes;c__Clostridia;o__Clostridiales;f__Ruminococcaceae;g__Ruminococcus;s__Ruminococcus_lactaris	k__Bacteria;p__Firmicutes;c__Clostridia;o__Clostridiales;f__Clostridiaceae;g__Clostridium;s__Clostridium_sp._L2-50	k__Bacteria;p__Firmicutes;c__Clostridia;o__Clostridiales;f__Clostridiaceae;g__Clostridium;s__Clostridium_sp._M62/1	k__Bacteria;p__Firmicutes;c__Clostridia;o__Clostridiales;f__;g__Intestinimonas;s__Intestinimonas_butyriciproducens	k__Bacteria;p__Actinobacteria;c__Actinobacteria;o__Bifidobacteriales;f__Bifidobacteriaceae;g__Bifidobacterium;s__Bifidobacterium_bifidum	k__Bacteria;p__Firmicutes;c__Negativicutes;o__Veillonellales;f__Veillonellaceae;g__Dialister;s__Dialister_invisus	k__Bacteria;p__Bacteroidetes;c__Bacteroidia;o__Bacteroidales;f__Bacteroidaceae;g__Bacteroides;s__Bacteroides_salanitronis
k__Bacteria;p__Bacteroidetes;c__Bacteroidia;o__Bacteroidales;f__Bacteroidaceae;g__Bacteroides;s__Bacteroides_vulgatus	1.0	0.0342193138875	-0.0618042286069	0.0670259223263	-0.00215576313209	0.0056264716311	-0.0415472394751	-0.0393969908228	-0.0287549235503	-0.0173395978011	0.0518789469939	0.042340152015	0.0480581549308	-0.0438553863201	-0.000864386188375	-0.00532988715562	0.0610640619708	-0.0497268725678	-0.0488273856098	-0.0264881000959	0.0153503611179	0.000238685214039	-0.0579723297261	-0.030126125624	-0.0104802754371	-0.0498530126866	-0.0268014913566	-0.0649506438799	0.0350239850081	-0.038303773354	-0.0373769959388	0.00917363092576	0.0137876790482	0.0252907201257	-0.0204757149096	0.0776130618402	-0.0623108893728	0.0199697289243	0.0685254003249	-0.0632694982168	0.00698802174178	0.0196503800813	0.0170757892958	0.0257855805895	-0.0171829899583	-0.0389284772131	0.0583350211544	-0.0527911940245	-0.0472619064135	0.0660153970649	-0.0236599527822	-0.0476635039057	-0.0265883937039	0.0261495997168	-0.0390901261292	0.0215034920414	0.0382808533437	0.0127873086118	-0.0606938220705
k__Bacteria;p__Bacteroidetes;c__Bacteroidia;o__Bacteroidales;f__Bacteroidaceae;g__Bacteroides;s__Bacteroides_uniformis	0.0342193138875	1.0	-0.109981795663	0.0288381461611	0.00817540188061	-0.0300713832108	-0.0464886978814	0.0203293632252	-0.0149350288931	0.0858808524225	-0.0419498636488	-0.0293424505733	-0.0464552300732	0.0460302990512	-0.0412542792473	-0.0337969353584	-0.0634858840257	-0.0175333640793	0.000237273731016	0.0557575556649	0.0205410897742	-0.0342233359696	-0.00497488921904	-0.0574710034197	0.0083614887136	-0.00989009402233	-0.00610626439988	0.0143381792096	-0.0362713765846	0.0262864729942	-0.0365029813645	-0.059564458234	0.0257804056731	-0.0324366437713	-0.0277664808954	-0.0265339950026	-0.0503865822144	0.0242055058514	0.00601162105274	-0.0230670714363	-0.005764932029	-0.0767246489393	-0.0208211490361	-0.0366421290516	-0.0206788230265	0.0260581724723	0.00604214831218	0.00226617871016	-0.0268810754073	-0.0150787437266	-0.0449791273398	-0.0171807764147	0.0156196762675	0.00656882273163	-0.0284841540126	0.054955423693	0.0529992466549	-0.00361258793083	-0.0412538531006
k__Bacteria;p__Bacteroidetes;c__Bacteroidia;o__Bacteroidales;f__Rikenellaceae;g__Alistipes;s__Alistipes_putredinis	-0.0618042286069	-0.109981795663	1.0	-0.0252225635586	-0.019870628046	-0.0229770686322	0.0420559015382	-0.0295168551386	-0.0728079563143	-0.00206939052698	-0.0888092210116	-0.00228030335638	0.0211413851563	-0.088638201053	-0.0141482163814	0.0363029784433	-0.0926076721112	0.0334936031433	0.0146714621255	0.0708804231748	-0.0856703058069	-0.012063204761	-0.00151758329243	0.0430668865353	-0.0163939276473	-0.0390128849374	-0.0569544477256	-0.00722285641042	0.063907055945	-0.0421316966717	0.00775221021145	0.00371206911993	0.0127886152261	-0.0354309140849	-0.00183924658061	0.00192701159153	0.0133301040644	-0.0333563982615	0.0312094609027	-0.0134721719323	0.0149696492642	0.0583762566854	0.0287085815726	0.00560387454627	-0.0563164120383	0.0331853872282	0.0229703770338	0.0158536841099	-0.0303531022623	-0.00777166848564	-0.0266336118385	-0.0255366120437	-0.0185979739459	-0.0287355078195	-0.0336740153709	-0.0462260178307	-0.0291018000829	-0.0333755672353	0.0526808303733
k__Bacteria;p__Bacteroidetes;c__Bacteroidia;o__Bacteroidales;f__Prevotellaceae;g__Prevotella;s__Prevotella_copri	0.0670259223263	0.0288381461611	-0.0252225635586	1.0	0.0557097204963	-0.0485569210028	0.00885762282924	-0.0708803881702	-0.00464230952881	-0.00704181315896	0.0862224413404	0.0220924529349	-0.0163273833921	0.034548725901	0.0637429119751	-0.0232560581803	-0.000275942218798	0.0216277026842	-0.0327895148575	0.0320500477918	-0.00943700881135	0.0209635893935	-0.00919111870742	-0.021690048916	-0.0469461167937	0.0403326040073	-0.0515241535735	0.0325734594151	-0.011276267894	-0.076546591373	0.00150341920186	-0.0305781806917	-0.060525221927	0.000390785432423	-0.0588913127831	0.00720516180715	0.0218483700852	-0.0257591584823	0.0209259496614	0.0255641769762	0.0140742466027	-3.48047975097e-05	-0.00996840619824	-0.0573838690247	-0.0595451647527	0.0497075582299	-0.00252266612063	-0.0311509130463	-0.0235428714138	0.0302521352212	-0.0560945887739	-0.086354979427	-0.0120219208121	-0.0558666410634	-0.00311341141431	0.00846949000367	-0.00174669297349	-0.0414837379954	-0.0804048223552
k__Bacteria;p__Bacteroidetes;c__Bacteroidia;o__Bacteroidales;f__Bacteroidaceae;g__Bacteroides;s__Bacteroides_stercoris	-0.00215576313209	0.00817540188061	-0.019870628046	0.0557097204963	1.0	-0.0430469529338	-0.0550407614526	-0.0205883266584	-0.064119990849	-0.0822111374955	-0.0076162612238	-0.0134582473038	-0.0277648652497	-0.0297216919387	-0.0108567250058	-0.0130697893687	-0.0598917162374	-0.0294963584368	0.0204930568825	-0.0351506479278	0.0028523807897	-0.0050942633769	-0.0489355246111	0.0179849168964	-0.0187359495769	-0.0037983671925	-0.0394731715118	0.011233711815	0.0374602813068	-0.031089829537	0.00564435154396	0.0317888129531	0.0458171870534	-0.0165943574862	-0.00787158741109	-0.0451118341611	0.0551071250049	-0.0663912546257	-0.0498075487856	-0.00275264273214	0.0488445660345	0.0262716301386	0.0213843558949	0.0654841507824	-0.00548992140051	0.0147214595012	-0.0327353493881	-0.010822680498	-0.00537793221256	0.0212227119274	0.00641339988812	0.00777470930475	-0.00865741630517	-0.0294982943467	0.0248891321092	-0.00266729285762	-0.0138989401053	-0.0493332975023	-0.00576906692755
k__Bacteria;p__Bacteroidetes;c__Bacteroidia;o__Bacteroidales;f__Bacteroidaceae;g__Bacteroides;s__Bacteroides_ovatus	0.0056264716311	-0.0300713832108	-0.0229770686322	-0.0485569210028	-0.0430469529338	1.0	-0.0170666747439	0.0406423537276	0.00205454289034	-0.0432226047343	-0.0321493753597	0.060983741499	-0.0943969057893	0.0109679406127	-0.0273931891472	-0.0142313032392	-0.0743179059201	-0.0164413389276	0.0318545139186	-0.00266798052572	0.00979021267346	0.0442095686872	-0.0579690096732	-0.040262737718	0.0114140837043	-0.0638277953252	0.0311683098696	-0.022537428274	-0.048932751461	-0.0333743574591	-0.0607855825018	0.0431150488048	-0.0769951840438	0.000968357220538	0.0336074621544	-0.0436839321915	0.000634077010687	0.0523722657196	-0.025013216335	-0.0477175045496	-0.0378713582331	0.0359889139422	-0.013720652474	0.0274590955938	-0.010129204306	-0.0108147405436	0.0450499510458	0.00747479741192	-0.0388285902408	0.023767177392	0.0122265329191	0.00251129514147	0.0767402806998	-0.0364780454068	0.0123399248736	0.0452301476147	0.00662814402291	0.0441715677517	-0.0386464331136
k__Bacteria;p__Bacteroidetes;c__Bacteroidia;o__Bacteroidales;f__Rikenellaceae;g__Alistipes;s__Alistipes_shahii	-0.0415472394751	-0.0464886978814	0.0420559015382	0.00885762282924	-0.0550407614526	-0.0170666747439	1.0	0.0107718428678	0.00575420371341	-0.0405916510372	-0.0351257979669	-0.0432020179808	0.0253509072262	-0.0140701828873	-0.00688364857795	-0.0144743061841	-0.0414074692601	-0.032103183847	-0.0130240827424	0.0181667866658	-0.130603614702	0.00566005092633	-0.042755812219	-0.0214462114117	-1.81883842647e-05	0.0697843224732	-0.0305476981429	0.0520958826124	-0.107909751887	0.0587332307189	-0.0259698830694	-0.082127759172	0.0352609564988	0.000987372145777	-0.0123077471033	-0.0510908653757	0.0206290220119	0.0275946459891	0.00137306124064	0.0309902963707	-0.0386984720812	-0.0210344322923	-0.0484176452895	0.0269231024795	0.0287657016637	0.0250296679091	-0.0101041435169	0.0208497252995	-0.000607204563415	-0.00690962046913	-0.0201231677146	-0.0203971331407	0.0403132276771	0.0141723890878	-0.0663867793335	-0.0279832758205	0.028700219384	-0.0388036502849	0.012934060164
k__Bacteria;p__Firmicutes;c__Clostridia;o__Clostridiales;f__Ruminococcaceae;g__Faecalibacterium;s__Faecalibacterium_prausnitzii	-0.0393969908228	0.0203293632252	-0.0295168551386	-0.0708803881702	-0.0205883266584	0.0406423537276	0.0107718428678	1.0	0.0170491325319	-0.0132738006712	-0.00490174943788	0.0256847826946	-0.00028544286761	-0.0334985340814	-0.0123421372981	0.0134426106561	-0.0369922478247	0.0323881447661	-0.0502198444814	-0.0763695272363	0.0170361579372	0.0250724401234	0.0166102994858	-0.0544191239084	-0.0216780799164	0.0160175650953	-0.0368059202421	0.0803781221535	-0.0135894979917	-0.00267907550334	0.0130868610575	-0.0453738965257	0.0343421651652	-0.0557524054753	-0.0368825602297	-0.0381458094667	-0.00139738240813	0.0463606640709	-0.00432961243961	0.0404831449863	-0.0244594627996	0.0331061123917	-0.00524113013722	-0.00888055740389	-0.0207318035933	0.0324797979868	-0.0476615555935	-0.0783272871632	-0.0119506718945	-0.0187669587595	-0.0384178063869	-0.0703254537164	-0.0185565148818	0.00662456351692	-0.089026340751	-0.0397058751247	-0.0112649320398	0.00587507719081	-0.0434290644107
k__Bacteria;p__Bacteroidetes;c__Bacteroidia;o__Bacteroidales;f__Rikenellaceae;g__Alistipes;s__Alistipes_finegoldii	-0.0287549235503	-0.0149350288931	-0.0728079563143	-0.00464230952881	-0.064119990849	0.00205454289034	0.00575420371341	0.0170491325319	1.0	-0.0637588159166	-0.034433766869	-0.0187061142611	-0.0429965575848	0.04622632067	-0.0314143579935	0.0219570879844	-0.0446333862241	-0.0276834870557	0.0232118044963	0.00592442054287	0.0838823301519	0.0149235812193	0.052921403706	-0.0590671669009	-0.0469034507437	0.00858340662424	0.0280821739137	0.0398090774163	0.0860138103714	0.0112349749911	-0.0345598743754	-0.0330698716541	-0.077717892127	-0.00434797846925	0.0410164023174	-0.0120233603768	0.0173110530787	0.118307608425	-0.0355007533051	0.0190706245237	-0.064545826445	0.0263678950895	-0.0891652089609	0.0227583105684	-0.0309987655799	-0.0256816310705	-0.0422095063527	-0.0306051700096	-0.0179658883461	-0.0339495981689	0.00992076356061	-0.0111699004744	0.0744692088425	0.00564940000493	-0.01711801675	-0.0346832690661	-0.0845004831518	-0.00345125922386	0.0314550862994
k__Bacteria;p__Bacteroidetes;c__Bacteroidia;o__Bacteroidales;f__Porphyromonadaceae;g__Parabacteroides;s__Parabacteroides_distasonis	-0.0173395978011	0.0858808524225	-0.00206939052698	-0.00704181315896	-0.0822111374955	-0.0432226047343	-0.0405916510372	-0.0132738006712	-0.0637588159166	1.0	0.0119967041625	0.00301384432497	-0.00234571204094	0.0531847241016	-0.0316730136864	-0.0499089235687	0.00725975571449	-0.00275054548488	-0.0783095228554	-0.0449865989911	-0.0278441424845	-0.017143856628	-0.00631064169805	0.0811675925678	-0.0550420058431	-0.0943836656293	-0.0125890508509	-0.00868124952072	0.0253559870094	0.0170504976076	-0.0290987833228	-0.029674455738	-0.0301092073719	-0.0579423408348	0.0370652633704	0.033154231291	-0.0706558976132	-0.00498191452352	-0.0266485353829	0.0187805977766	0.0321210303014	0.0169957179871	-0.00824177359728	-0.00613715803299	-0.0509192321143	-0.0461598163405	0.0261994386482	0.0328926765891	0.0413162606355	-0.0535435951929	0.0185031826695	-0.0744135984685	-0.0112521468129	-0.0411280161727	0.00637925666673	-0.0631820935094	0.00376353036374	-0.071476292794	0.0039137898164
k__Bacteria;p__Bacteroidetes;c__Bacteroidia;o__Bacteroidales;f__Bacteroidaceae;g__Bacteroides;s__Bacteroides_thetaiotaomicron	0.0518789469939	-0.0419498636488	-0.0888092210116	0.0862224413404	-0.0076162612238	-0.0321493753597	-0.0351257979669	-0.00490174943788	-0.034433766869	0.0119967041625	1.0	0.0364361293879	-0.0454712129037	-0.00213257869255	-0.0238098103211	-0.0246090034158	0.0489313398354	-0.00980792279886	0.0118727035592	-0.0150547818388	-0.107051502114	-0.0480412460386	0.00977299030359	-0.00166676197226	0.0243357495777	0.0517013293967	0.0304750063691	-0.0228285983987	0.0117340184941	-0.0180466613198	0.0251081436654	0.0474858699742	-0.0143315818834	0.00725173179877	-0.0446237853503	-0.00181789416847	-0.168256016275	0.0134375442373	0.0382856956759	-0.106486844364	-0.00609561676744	-0.0830419478778	-0.0229714692025	-0.0106250401123	0.0414545716527	-0.0423907562956	0.0240269182872	0.0257753383402	-0.0222099587907	-0.0164838420591	0.00394490118317	-0.0193378442586	0.0382052436269	-0.00727612026124	0.0536239262075	0.0100963797931	-0.0365571452582	-0.030390204176	-0.0391802207404
k__Bacteria;p__Bacteroidetes;c__Bacteroidia;o__Bacteroidales;f__Bacteroidaceae;g__Bacteroides;s__Bacteroides_coprocola	0.042340152015	-0.0293424505733	-0.00228030335638	0.0220924529349	-0.0134582473038	0.060983741499	-0.0432020179808	0.0256847826946	-0.0187061142611	0.00301384432497	0.0364361293879	1.0	-0.0783718798725	-0.0553089621431	0.0811948919616	-0.0121798632908	-0.0670143588425	-0.060341895789	0.05078491636	-0.0536366373844	0.00132852655829	-0.0304289894051	-0.0134970503802	-0.0187879772736	0.0043008725947	-0.0247221872139	-0.0482818479201	-0.025828554147	-0.0102659075679	0.0483142007808	-0.00248124159955	-0.0291316638147	-0.0128246629469	0.00264696782288	0.00377717228435	-0.00710473294935	-0.00362858835059	0.0549562898053	-0.00427080742043	0.0133812514559	-0.0475501264028	0.0178106317055	-0.0291122355455	-0.0512038746783	-0.0710787680546	0.00104359347494	0.05181016905	0.0112342122133	-0.0149136311836	-0.0377842888579	-0.002406464866	0.0185631832257	0.00117041816271	-0.0528952890122	-0.00124924627383	-0.0305398954874	-0.01887470627	-0.0493649482139	-0.00717194766789
k__Bacteria;p__Bacteroidetes;c__Bacteroidia;o__Bacteroidales;f__Bacteroidaceae;g__Bacteroides;s__Bacteroides_cellulosilyticus	0.0480581549308	-0.0464552300732	0.0211413851563	-0.0163273833921	-0.0277648652497	-0.0943969057893	0.0253509072262	-0.00028544286761	-0.0429965575848	-0.00234571204094	-0.0454712129037	-0.0783718798725	1.0	-0.0165717987102	-0.00500939291097	0.0252381471301	0.0304555704692	0.0468795195171	-0.0965614207835	0.0035070375278	-0.0414544374832	-0.0138646393132	-0.0588603309477	0.0296233777083	-0.0117267025958	-0.00296594499806	0.0100568131144	-0.0162322295892	-0.0171139429086	-0.0105066586865	-0.0225223365231	-0.0308331554118	-0.109918246401	-0.0245696249569	-0.0249740361431	0.0751935785647	0.041803080957	-0.0362628923306	-0.0183844321261	0.00705943830284	-0.0652986941553	0.0725927543583	-0.0221327330191	0.0610626598341	-0.0118934717488	-0.113626623288	0.0448941929582	0.0159710409802	0.0231357713883	0.00892942254294	-0.0170110713939	0.00371202176027	-0.0237589606825	-0.014699870546	-0.0198508814856	-0.0302966806568	-0.00824703487947	0.0229295167609	-0.0230381452475
k__Bacteria;p__Bacteroidetes;c__Bacteroidia;o__Bacteroidales;f__Rikenellaceae;g__Alistipes;s__Alistipes_obesi	-0.0438553863201	0.0460302990512	-0.088638201053	0.034548725901	-0.0297216919387	0.0109679406127	-0.0140701828873	-0.0334985340814	0.04622632067	0.0531847241016	-0.00213257869255	-0.0553089621431	-0.0165717987102	1.0	-0.0666092081718	-0.0822478055593	-0.0220711080303	0.0239456477258	-0.0274505381736	-0.0421877225815	0.00798977602853	-0.0449311309188	-0.0828333035198	0.00770734947055	-0.0138825843027	0.00694452096613	-0.0844945467745	-0.0450797238418	-0.0113883341037	-0.0331684862545	-0.0402725761529	-0.04916077323	0.00214718828808	-0.0381350796772	0.0161979849119	-0.033933766989	-0.00693672122346	-0.0585091555207	0.0213965543454	-0.00902313603001	0.0750320552655	0.0572133347686	-0.0324821769652	0.0481071994254	0.0725503916433	0.0771290017377	0.00355235609057	0.0431382167496	-0.00904608173769	0.00632240575719	0.000177197960696	-0.037527983509	0.0695805648725	-0.0168503444253	-0.0605104615347	0.00242279094702	-0.0547522879691	0.0468651457576	0.00162201243658
k__Bacteria;p__Firmicutes;c__Clostridia;o__Clostridiales;f__Lachnospiraceae;g__;s__[Eubacterium]_rectale	-0.000864386188375	-0.0412542792473	-0.0141482163814	0.0637429119751	-0.0108567250058	-0.0273931891472	-0.00688364857795	-0.0123421372981	-0.0314143579935	-0.0316730136864	-0.0238098103211	0.0811948919616	-0.00500939291097	-0.0666092081718	1.0	-0.0339916085038	0.0332266664081	0.0499717802803	-0.053848425815	-0.0874267646149	0.00044327182879	0.00145332860004	-0.0607944693238	-0.0121813962759	-0.0416009803572	-0.0154505489689	-0.0339239396016	-0.0355870495449	-0.0197884636889	-0.0646302727583	-0.00754365297737	0.0165352782134	-0.00651978972998	-0.0241681706855	-0.0224234087536	-0.046121540804	-0.0548222235818	0.0488086742736	0.0305295593307	-0.0243746653391	-0.0267682315477	-0.0184826448133	-0.0303812813213	-0.0301971836182	0.057441154725	-0.0431330875327	0.0577016271156	-0.0518090511811	-0.0199933706246	0.048010889266	0.0195280046832	0.0212458070828	0.0307836484759	-0.00735592981352	-0.0280719145919	-0.00857267165848	-0.0322394737094	-0.0746754631867	-0.000629174753374
k__Bacteria;p__Bacteroidetes;c__Bacteroidia;o__Bacteroidales;f__Bacteroidaceae;g__Bacteroides;s__Bacteroides_plebeius	-0.00532988715562	-0.0337969353584	0.0363029784433	-0.0232560581803	-0.0130697893687	-0.0142313032392	-0.0144743061841	0.0134426106561	0.0219570879844	-0.0499089235687	-0.0246090034158	-0.0121798632908	0.0252381471301	-0.0822478055593	-0.0339916085038	1.0	0.0269177313358	-0.00125418035123	-0.053588427448	-0.0296134395665	-0.0260656531495	-0.0271341738408	0.0192698060867	-0.0632912763154	-0.043744094229	-0.0145463439085	0.0193525402878	0.0425749293069	0.00793208315214	0.00444698689884	-0.0873405841576	-0.0449405463196	-0.0396024809932	-0.00368982235912	-0.0460604437203	-0.0162712544886	-0.0375690401464	-0.0348959312528	0.0101443391175	0.0154117480884	-0.060425199209	-0.0296796129152	-0.00405695598201	-0.00120468128196	-0.00428974793319	-0.0464782343336	0.0607661901873	0.0130992575464	0.00524617252581	-0.0221734989196	0.0165275465881	-0.0656474163582	-0.0512928940575	-0.0124628551286	0.0161922828562	-0.0501367560043	-0.014963667195	0.0292194530657	-0.0492729840405
k__Bacteria;p__Bacteroidetes;c__Bacteroidia;o__Bacteroidales;f__Bacteroidaceae;g__Bacteroides;s__Bacteroides_fragilis	0.0610640619708	-0.0634858840257	-0.0926076721112	-0.000275942218797	-0.0598917162374	-0.0743179059201	-0.0414074692601	-0.0369922478247	-0.0446333862241	0.00725975571449	0.0489313398354	-0.0670143588425	0.0304555704692	-0.0220711080303	0.0332266664081	0.0269177313358	1.0	-0.0618804783082	0.0502751791139	0.0398159186207	-0.0599527679421	-0.0148315022418	0.0140018677214	-0.0495881498138	-0.0148334248854	-0.0157430707692	0.00253580569952	0.00135655096604	0.00918337470402	0.0097953389461	0.0271426541057	-0.0851205488157	-0.0327299090051	-0.0804201226592	-0.0178626795697	0.0818684652429	-0.0526437218338	0.0561090966539	0.0447945677377	-0.0211976015193	0.0853120478709	-0.117763878378	-0.00519714666064	0.0110114667601	-0.0110664290188	0.0144477580597	0.0183396059748	-0.0668041220083	0.0695291110021	-0.0718973675078	-0.0770624554225	0.0597830542768	-0.033489784074	-0.00496107809191	-0.015401386225	-0.0449031914639	0.0234375220173	-0.0124934478349	0.0103049997251
k__Bacteria;p__Proteobacteria;c__Betaproteobacteria;o__Burkholderiales;f__Sutterellaceae;g__Sutterella;s__Sutterella_wadsworthensis	-0.0497268725678	-0.0175333640793	0.0334936031433	0.0216277026842	-0.0294963584368	-0.0164413389276	-0.032103183847	0.0323881447661	-0.0276834870557	-0.00275054548488	-0.00980792279886	-0.060341895789	0.0468795195171	0.0239456477258	0.0499717802803	-0.00125418035123	-0.0618804783082	1.0	-0.0295120935663	0.0400739347531	-0.00348410408053	-0.00109343641268	0.0257832369828	0.00496506464789	-0.0132986040743	-0.0354924650876	-0.0103453191755	-0.00464958054402	0.0141566897333	0.03207468235	-0.0733504795321	-0.0524309744223	-0.00691369541767	-0.00461486639066	0.0136277312739	0.00108061194665	0.0132617744468	-0.0026307478942	0.0193240743493	-0.116139878124	-0.00236880972376	-0.0376688851132	0.0374384297377	0.0148128796591	-0.0206692517564	-0.0400045552775	-0.0665044439049	-0.0562393683497	-0.000738810527445	0.0354213960248	0.0183141543323	0.00373266000154	-0.00795606561844	0.0119485144141	-0.00571692720688	0.0593220711478	-0.0227621185965	-0.0497615831262	0.0196879306566
k__Bacteria;p__Bacteroidetes;c__Bacteroidia;o__Bacteroidales;f__Porphyromonadaceae;g__Barnesiella;s__Barnesiella_intestinihominis	-0.0488273856098	0.000237273731016	0.0146714621255	-0.0327895148575	0.0204930568825	0.0318545139186	-0.0130240827424	-0.0502198444814	0.0232118044963	-0.0783095228554	0.0118727035592	0.05078491636	-0.0965614207835	-0.0274505381736	-0.053848425815	-0.053588427448	0.0502751791139	-0.0295120935663	1.0	0.00302379114629	0.0391017820159	-0.0591766611758	-0.00120225648003	-0.0312724953229	0.0258571739415	0.00251272638247	0.0211359880364	-0.025356308912	0.0487541994069	0.00171378748002	-0.0129432460049	-0.0265075367876	0.00472142269804	0.0205170310334	-0.0627540893029	-0.0507864842283	0.0102127859601	0.0390307208879	-0.0568142729044	-0.0858005328125	0.0598447872247	0.0585579704144	-0.0608256963192	-0.0471028398832	-0.0136009744586	0.0210854305705	0.0172294498727	-0.00602375305049	-0.0161627623055	-0.0537767843126	-0.0034521433043	0.0260337975209	-0.0288238987676	-0.00634240026023	0.0145398113339	-0.0208431016926	-0.0408518916005	0.00177464928425	0.0316649294838
k__Bacteria;p__Bacteroidetes;c__Bacteroidia;o__Bacteroidales;f__Odoribacteraceae;g__Odoribacter;s__Odoribacter_splanchnicus	-0.0264881000959	0.0557575556649	0.0708804231748	0.0320500477918	-0.0351506479278	-0.00266798052572	0.0181667866658	-0.0763695272363	0.00592442054287	-0.0449865989911	-0.0150547818388	-0.0536366373844	0.0035070375278	-0.0421877225815	-0.0874267646149	-0.0296134395665	0.0398159186207	0.0400739347531	0.00302379114629	1.0	0.0152952324	-0.00983845786026	0.000113321121683	-0.0230185596195	0.0014829978488	-0.0372050846244	0.0271159590336	-0.0744544080426	-0.0956640596615	0.0166455232873	-0.0156921628624	-0.0339664937808	-0.104123561358	-0.0373590663549	-0.00562544610295	0.0212343021021	0.0450811795493	-0.0243072461119	0.0384498879179	-0.0203771621705	0.0537531250667	0.0173905928223	-0.0442606481697	-0.0173558503586	0.0420672551193	0.0240893518183	-0.0593425735875	-0.0423689779221	0.0113955758552	0.0696985979202	0.00774095711004	-0.0254777081578	0.0600762956439	0.0374559390522	-0.069186997024	-0.0306832826583	0.0218320618358	-0.0428866323831	0.0321179460201
k__Bacteria;p__Bacteroidetes;c__Bacteroidia;o__Bacteroidales;f__Bacteroidaceae;g__Bacteroides;s__Bacteroides_salyersiae	0.0153503611179	0.0205410897742	-0.0856703058069	-0.00943700881135	0.0028523807897	0.00979021267346	-0.130603614702	0.0170361579372	0.0838823301519	-0.0278441424845	-0.107051502114	0.00132852655829	-0.0414544374832	0.00798977602853	0.00044327182879	-0.0260656531495	-0.0599527679421	-0.00348410408053	0.0391017820159	0.0152952324	1.0	-0.0454693253657	-0.0026194451687	-0.032331531094	0.00984383234829	0.0283142544171	0.0201352170879	-0.0133293343771	-0.00663199163732	0.0672737957034	-0.0213931796514	0.0565389458136	-0.00951552016324	0.0463756135774	-0.0526718759176	-0.0158388165167	-0.0327205420013	-0.0965917017388	-0.0126260181389	0.0386524339522	0.027532361291	-0.0105265269974	-0.0393666906233	-0.0300551226105	-0.0468219786386	-0.0107733038896	0.0367633892768	0.00193869782861	-0.0542256287484	0.0160013213652	0.0103361148487	0.0533671101573	-0.0992210856224	-0.0380947447261	0.0248732060546	0.0110196120007	-0.0255741861219	0.0395029948173	-0.0791892823402
k__Bacteria;p__Firmicutes;c__Clostridia;o__Clostridiales;f__Ruminococcaceae;g__Ruminiclostridium;s__[Eubacterium]_siraeum	0.000238685214039	-0.0342233359696	-0.012063204761	0.0209635893935	-0.0050942633769	0.0442095686872	0.00566005092633	0.0250724401234	0.0149235812193	-0.017143856628	-0.0480412460386	-0.0304289894051	-0.0138646393132	-0.0449311309188	0.00145332860004	-0.0271341738408	-0.0148315022418	-0.00109343641268	-0.0591766611758	-0.00983845786026	-0.0454693253657	1.0	-0.0819821012087	-0.00909572505648	0.0364001536836	0.0473240391476	0.0375981171577	-0.040861431934	-0.0247804319827	-0.0711442282444	0.0309683303502	0.0335831400551	0.00539039554674	0.0665440802871	0.00705208665339	-0.00740725648569	0.0559306958588	-0.0697653477776	0.0556606828402	-0.0828496932933	0.0413235318388	-0.0226546588129	0.0172765128202	-0.0239776345739	0.013272828981	-0.0207797156483	-0.061337881755	0.036349208676	0.00921109803976	-0.00702544103606	0.000749841761573	0.0684235417907	0.000729101395768	-0.0761502174063	-0.0517265700781	-0.0205485973415	-0.0707772942682	-0.0327272032078	-0.0325697698343
k__Bacteria;p__Proteobacteria;c__Betaproteobacteria;o__Burkholderiales;f__Sutterellaceae;g__Parasutterella;s__Parasutterella_excrementihominis	-0.0579723297261	-0.00497488921904	-0.00151758329243	-0.00919111870742	-0.0489355246111	-0.0579690096732	-0.042755812219	0.0166102994858	0.052921403706	-0.00631064169805	0.00977299030359	-0.0134970503802	-0.0588603309477	-0.0828333035198	-0.0607944693238	0.0192698060867	0.0140018677214	0.0257832369828	-0.00120225648003	0.000113321121683	-0.0026194451687	-0.0819821012087	1.0	0.0327808946396	-0.0182654015106	-0.0120298869165	0.0315445802664	0.0523525375267	-0.0142605676115	-0.00371919722028	7.24316000912e-05	-0.0292202071628	-0.0129305846868	0.0506071640331	-0.045361765843	0.0535237764694	-0.0276807679909	-0.0124591671672	-0.0223361107539	-0.0495507688917	-0.0214878376546	0.0162551193544	0.0216421702613	0.0462572883705	-0.000912064300524	0.0173592373762	0.0641536970224	-0.0108794490406	0.0139361320195	-0.0174880538604	0.0248136935807	-0.0328546449544	-0.00479933761874	-0.0545663162479	-0.00374987987505	-0.0291090324117	0.00593459388075	-0.0945150974481	0.00178636514817
k__Bacteria;p__Actinobacteria;c__Actinobacteria;o__Bifidobacteriales;f__Bifidobacteriaceae;g__Bifidobacterium;s__Bifidobacterium_adolescentis	-0.030126125624	-0.0574710034197	0.0430668865353	-0.021690048916	0.0179849168964	-0.040262737718	-0.0214462114117	-0.0544191239084	-0.0590671669009	0.0811675925678	-0.00166676197226	-0.0187879772736	0.0296233777083	0.00770734947055	-0.0121813962759	-0.0632912763154	-0.0495881498138	0.00496506464789	-0.0312724953229	-0.0230185596195	-0.032331531094	-0.00909572505648	0.0327808946396	1.0	-0.00575422363101	-0.00345792208696	-0.0419422832427	-0.0340603605562	-0.0789470944294	0.0769162998333	-0.0549147303215	0.00636407681396	0.00879769273723	-0.0234706598614	-0.00966650823974	0.00210549189713	-0.00221101905958	-0.0884299004073	0.0126215925796	-0.0407016008598	-0.0579008109414	0.0517181858976	-0.0294928325817	-0.0220578418797	-0.00254434910881	0.0429448051348	-0.0428006600119	0.0122226027819	-0.000736265475531	-0.0370360099833	-0.0200537560124	-0.0814093006367	0.0166980433464	0.0716187812788	-0.0262304580259	0.01010321456	0.0179220087537	-0.00574553734181	-0.0104103268935
k__Bacteria;p__Firmicutes;c__Clostridia;o__Clostridiales;f__Oscillospiraceae;g__Oscillibacter;s__Oscillibacter_sp._KLE_1745	-0.0104802754371	0.0083614887136	-0.0163939276473	-0.0469461167937	-0.0187359495769	0.0114140837043	-1.81883842647e-05	-0.0216780799164	-0.0469034507437	-0.0550420058431	0.0243357495777	0.0043008725947	-0.0117267025958	-0.0138825843027	-0.0416009803572	-0.043744094229	-0.0148334248854	-0.0132986040743	0.0258571739415	0.0014829978488	0.00984383234829	0.0364001536836	-0.0182654015106	-0.00575422363101	1.0	0.0366154545913	0.0529966542203	0.0385154830154	0.00599182329043	0.110610829018	-0.00206769631833	-0.071240786994	0.023292967169	-0.0355223558975	-0.0151473567026	-0.00653882065698	0.0165687229224	-0.0625172451776	-0.0523947934056	-0.0445833765	0.00194491242746	-0.00275772057729	-0.0416553635976	-0.00106101924868	-0.0122898386195	-0.0596225854629	0.014136628986	-0.0304652725386	-0.0450274891379	-0.00359975831559	-0.0269388250494	-0.0466580827118	-0.003779562973	-0.0436121880224	0.0451414397731	-0.00328794272809	-0.0908498647485	0.0781369078868	-0.0119122500627
k__Bacteria;p__Bacteroidetes;c__Bacteroidia;o__Bacteroidales;f__Bacteroidaceae;g__Bacteroides;s__Bacteroides_coprophilus	-0.0498530126866	-0.00989009402233	-0.0390128849374	0.0403326040073	-0.0037983671925	-0.0638277953252	0.0697843224732	0.0160175650953	0.00858340662424	-0.0943836656293	0.0517013293967	-0.0247221872139	-0.00296594499806	0.00694452096613	-0.0154505489689	-0.0145463439085	-0.0157430707692	-0.0354924650876	0.00251272638247	-0.0372050846244	0.0283142544171	0.0473240391476	-0.0120298869165	-0.00345792208696	0.0366154545913	1.0	0.00520186879877	0.00298416251351	-0.0366285299484	-0.0366766895383	0.0325456784246	0.0295234005433	-0.0159877176334	-0.0171783376523	0.0294015232633	-0.0495444925227	-0.0243347827796	-0.0442716740368	-0.0675257404058	-0.0534289757794	-0.0322358283439	0.00883731224096	-0.035921638207	-0.0376194663986	0.0214357063163	-0.0107981986661	0.0464441995953	-0.0634975587029	0.0236976211152	-0.00495755217662	-0.00949627031314	0.0180463969538	0.0136894653285	-0.0219467361626	0.00386027442549	-0.00937651407478	0.00333648058865	0.0323604754395	0.0443753475403
k__Bacteria;p__Firmicutes;c__Clostridia;o__Clostridiales;f__Lachnospiraceae;g__Roseburia;s__Roseburia_intestinalis	-0.0268014913566	-0.00610626439988	-0.0569544477256	-0.0515241535735	-0.0394731715118	0.0311683098696	-0.0305476981429	-0.0368059202421	0.0280821739137	-0.0125890508509	0.0304750063691	-0.0482818479201	0.0100568131144	-0.0844945467745	-0.0339239396016	0.0193525402878	0.00253580569952	-0.0103453191755	0.0211359880364	0.0271159590336	0.0201352170879	0.0375981171577	0.0315445802664	-0.0419422832427	0.0529966542203	0.00520186879877	1.0	-0.02029178924	-0.032617155941	0.0238150315844	-0.0136923380129	-0.0210540672192	-0.0203826717449	0.0587857140105	-0.0518636692551	-0.0434876008648	0.0123919673724	-0.0335160760078	-0.0801976420072	-0.0460593195551	-0.0616146168205	0.0271567198698	-0.00426898644741	-0.0176591551738	0.0315324394367	0.0383414380577	0.0546397821681	0.0580173096976	0.0280186593845	-0.0563742654139	-0.0417849746233	0.0423546406979	0.019625668798	-0.128956735976	-0.0312990104349	0.0297955892587	-0.00562149035362	-0.0630717718396	-0.0150460617428
k__Bacteria;p__Firmicutes;c__Clostridia;o__Clostridiales;f__Lachnospiraceae;g__Roseburia;s__Roseburia_hominis	-0.0649506438799	0.0143381792096	-0.00722285641042	0.0325734594151	0.011233711815	-0.022537428274	0.0520958826124	0.0803781221535	0.0398090774163	-0.00868124952072	-0.0228285983987	-0.025828554147	-0.0162322295892	-0.0450797238418	-0.0355870495449	0.0425749293069	0.00135655096604	-0.00464958054402	-0.025356308912	-0.0744544080426	-0.0133293343771	-0.040861431934	0.0523525375267	-0.0340603605562	0.0385154830154	0.00298416251351	-0.02029178924	1.0	0.000811746284638	-0.0460695266136	-0.0596735357788	0.0139283913673	0.0430163006071	-0.0301699145359	0.0560161962683	-0.0232377017239	0.00968858994216	0.00504746002026	0.0132489505344	0.00947533363954	-0.00176472756951	-0.0657193605206	0.0302047612969	0.0499958306698	0.00446296253037	-0.0356084645625	-0.014426059116	-0.000165501816744	-0.109287936467	-0.0651780015949	0.0441409434816	0.021104024467	0.00543398908084	0.0296424541238	-0.0457186307979	-0.0384348989096	-0.00810610338203	-0.00310506162861	-0.117305201997
k__Bacteria;p__Bacteroidetes;c__Bacteroidia;o__Bacteroidales;f__Porphyromonadaceae;g__Parabacteroides;s__Parabacteroides_johnsonii	0.0350239850081	-0.0362713765846	0.063907055945	-0.011276267894	0.0374602813068	-0.048932751461	-0.107909751887	-0.0135894979917	0.0860138103714	0.0253559870094	0.0117340184941	-0.0102659075679	-0.0171139429086	-0.0113883341037	-0.0197884636889	0.00793208315214	0.00918337470402	0.0141566897333	0.0487541994069	-0.0956640596615	-0.00663199163732	-0.0247804319827	-0.0142605676115	-0.0789470944294	0.00599182329043	-0.0366285299484	-0.032617155941	0.000811746284638	1.0	-0.060694812579	0.0190094874517	0.0359846628607	0.0297684356535	-0.0752172362401	-0.0500645532119	-0.0303827149185	0.03542386367	0.0014336544907	-0.0257734135707	-0.0386187483353	-0.0550225399069	0.0479565262026	0.0610353041101	-0.00846198089257	-0.0353531990726	0.00744137027823	-0.0435965560926	0.0124714313053	-0.0699429971651	-0.0248905608867	0.00725837992251	-0.071756495759	-0.117220021224	-0.0555379121108	0.00773923123104	0.0229671263807	-0.012739362194	0.0675673553876	-0.0535241477986
k__Bacteria;p__Actinobacteria;c__Actinobacteria;o__Bifidobacteriales;f__Bifidobacteriaceae;g__Bifidobacterium;s__Bifidobacterium_longum	-0.038303773354	0.0262864729942	-0.0421316966717	-0.076546591373	-0.031089829537	-0.0333743574591	0.0587332307189	-0.00267907550334	0.0112349749911	0.0170504976076	-0.0180466613198	0.0483142007808	-0.0105066586865	-0.0331684862545	-0.0646302727583	0.00444698689884	0.0097953389461	0.03207468235	0.00171378748002	0.0166455232873	0.0672737957034	-0.0711442282444	-0.00371919722028	0.0769162998333	0.110610829018	-0.0366766895383	0.0238150315844	-0.0460695266136	-0.060694812579	1.0	-0.00145248121914	-0.101917885794	-0.0319404780196	-0.00206853978909	0.0375022534066	-0.114754558698	-0.0631587570403	0.0074735733581	0.0266087095981	0.042147957254	-0.0694847309745	9.1797311688e-05	-0.0227939921152	0.0479895018004	-0.0074427025185	-0.0587014706859	-0.0221686338219	-0.00312043517543	-0.0559170104149	0.0254703242427	-0.027293151545	0.00349851686992	-0.0122805320172	-0.0380635363112	0.0685862886355	0.029750414578	0.0166379206584	0.0209795701935	-0.0601594543347
