#taxonomy	k__Bacteria;p__Bacteroidetes;c__Bacteroidia;o__Bacteroidales;f__Bacteroidaceae;g__Bacteroides;s__Bacteroides_vulgatus	k__Bacteria;p__Bacteroidetes;c__Bacteroidia;o__Bacteroidales;f__Bacteroidaceae;g__Bacteroides;s__Bacteroides_uniformis	k__Bacteria;p__Bacteroidetes;c__Bacteroidia;o__Bacteroidales;f__Rikenellaceae;g__Alistipes;s__Alistipes_putredinis	k__Bacteria;p__Bacteroidetes;c__Bacteroidia;o__Bacteroidales;f__Prevotellaceae;g__Prevotella;s__Prevotella_copri	k__Bacteria;p__Bacteroidetes;c__Bacteroidia;o__Bacteroidales;f__Bacteroidaceae;g__Bacteroides;s__Bacteroides_stercoris	k__Bacteria;p__Bacteroidetes;c__Bacteroidia;o__Bacteroidales;f__Bacteroidaceae;g__Bacteroides;s__Bacteroides_ovatus	k__Bacteria;p__Bacteroidetes;c__Bacteroidia;o__Bacteroidales;f__Rikenellaceae;g__Alistipes;s__Alistipes_shahii	k__Bacteria;p__Firmicutes;c__Clostridia;o__Clostridiales;f__Ruminococcaceae;g__Faecalibacterium;s__Faecalibacterium_prausnitzii	k__Bacteria;p__Bacteroidetes;c__Bacteroidia;o__Bacteroidales;f__Rikenellaceae;g__Alistipes;s__Alistipes_finegoldii	k__Bacteria;p__Bacteroidetes;c__Bacteroidia;o__Bacteroidales;f__Porphyromonadaceae;g__Parabacteroides;s__Parabacteroides_distasonis	k__Bacteria;p__Bacteroidetes;c__Bacteroidia;o__Bacteroidales;f__Bacteroidaceae;g__Bacteroides;s__Bacteroides_thetaiotaomicron	k__Bacteria;p__Bacteroidetes;c__Bacteroidia;o__Bacteroidales;f__Bacteroidaceae;g__Bacteroides;s__Bacteroides_coprocola	k__Bacteria;p__Bacteroidetes;c__Bacteroidia;o__Bacteroidales;f__Bacteroidaceae;g__Bacteroides;s__Bacteroides_cellulosilyticus	k__Bacteria;p__Bacteroidetes;c__Bacteroidia;o__Bacteroidales;f__Rikenellaceae;g__Alistipes;s__Alistipes_obesi	k__Bacteria;p__Firmicutes;c__Clostridia;o__Clostridiales;f__Lachnospiraceae;g__;s__[Eubacterium]_rectale	k__Bacteria;p__Bacteroidetes;c__Bacteroidia;o__Bacteroidales;f__Bacteroidaceae;g__Bacteroides;s__Bacteroides_plebeius	k__Bacteria;p__Bacteroidetes;c__Bacteroidia;o__Bacteroidales;f__Bacteroidaceae;g__Bacteroides;s__Bacteroides_fragilis	k__Bacteria;p__Proteobacteria;c__Betaproteobacteria;o__Burkholderiales;f__Sutterellaceae;g__Sutterella;s__Sutterella_wadsworthensis	k__Bacteria;p__Bacteroidetes;c__Bacteroidia;o__Bacteroidales;f__Porphyromonadaceae;g__Barnesiella;s__Barnesiella_intestinihominis	k__Bacteria;p__Bacteroidetes;c__Bacteroidia;o__Bacteroidales;f__Odoribacteraceae;g__Odoribacter;s__Odoribacter_splanchnicus	k__Bacteria;p__Bacteroidetes;c__Bacteroidia;o__Bacteroidales;f__Bacteroidaceae;g__Bacteroides;s__Bacteroides_salyersiae	k__Bacteria;p__Firmicutes;c__Clostridia;o__Clostridiales;f__Ruminococcaceae;g__Ruminiclostridium;s__[Eubacterium]_siraeum	k__Bacteria;p__Proteobacteria;c__Betaproteobacteria;o__Burkholderiales;f__Sutterellaceae;g__Parasutterella;s__Parasutterella_excrementihominis	k__Bacteria;p__Actinobacteria;c__Actinobacteria;o__Bifidobacteriales;f__Bifidobacteriaceae;g__Bifidobacterium;s__Bifidobacterium_adolescentis	k__Bacteria;p__Firmicutes;c__Clostridia;o__Clostridiales;f__Oscillospiraceae;g__Oscillibacter;s__Oscillibacter_sp._KLE_1745	k__Bacteria;p__Bacteroidetes;c__Bacteroidia;o__Bacteroidales;f__Bacteroidaceae;g__Bacteroides;s__Bacteroides_coprophilus	k__Bacteria;p__Firmicutes;c__Clostridia;o__Clostridiales;f__Lachnospiraceae;g__Roseburia;s__Roseburia_intestinalis	k__Bacteria;p__Firmicutes;c__Clostridia;o__Clostridiales;f__Lachnospiraceae;g__Roseburia;s__Roseburia_hominis	k__Bacteria;p__Bacteroidetes;c__Bacteroidia;o__Bacteroidales;f__Porphyromonadaceae;g__Parabacteroides;s__Parabacteroides_johnsonii	k__Bacteria;p__Actinobacteria;c__Actinobacteria;o__Bifidobacteriales;f__Bifidobacteriaceae;g__Bifidobacterium;s__Bifidobacterium_longum	k__Bacteria;p__Firmicutes;c__Clostridia;o__Clostridiales;f__;g__Flavonifractor;s__Flavonifractor_plautii	k__Bacteria;p__Firmicutes;c__Clostridia;o__Clostridiales;f__Clostridiaceae;g__Clostridium;s__Clostridium_phoceensis	k__Bacteria;p__Verrucomicrobia;c__Verrucomicrobiae;o__Verrucomicrobiales;f__Akkermansiaceae;g__Akkermansia;s__Akkermansia_muciniphila	k__Bacteria;p__Bacteroidetes;c__Bacteroidia;o__Bacteroidales;f__Prevotellaceae;g__Paraprevotella;s__Paraprevotella_xylaniphila	k__Bacteria;p__Firmicutes;c__Clostridia;o__Clostridiales;f__Ruminococcaceae;g__Ruminococcus;s__Ruminococcus_callidus	k__Bacteria;p__Bacteroidetes;c__Bacteroidia;o__Bacteroidales;f__Rikenellaceae;g__Alistipes;s__Alistipes_senegalensis	k__Bacteria;p__Firmicutes;c__Clostridia;o__Clostridiales;f__Lachnospiraceae;g__Blautia;s__Blautia_sp._KLE_1732	k__Bacteria;p__Bacteroidetes;c__Bacteroidia;o__Bacteroidales;f__Bacteroidaceae;g__Bacteroides;s__Bacteroides_oleiciplenus	k__Bacteria;p__Firmicutes;c__Clostridia;o__Clostridiales;f__Ruminococcaceae;g__Ruminococcus;s__Ruminococcus_bicirculans	k__Bacteria;p__Bacteroidetes;c__Bacteroidia;o__Bacteroidales;f__Bacteroidaceae;g__Bacteroides;s__Bacteroides_fluxus	k__Bacteria;p__Bacteroidetes;c__Bacteroidia;o__Bacteroidales;f__Prevotellaceae;g__Prevotella;s__Prevotella_stercorea	k__Bacteria;p__Firmicutes;c__Clostridia;o__Clostridiales;f__Lachnospiraceae;g__Dorea;s__Dorea_longicatena	k__Bacteria;p__Firmicutes;c__Clostridia;o__Clostridiales;f__Eubacteriaceae;g__Eubacterium;s__[Eubacterium]_eligens	k__Bacteria;p__Firmicutes;c__Clostridia;o__Clostridiales;f__Ruminococcaceae;g__;s__Ruminococcaceae_bacterium_D16	k__Bacteria;p__Firmicutes;c__Clostridia;o__Clostridiales;f__Lachnospiraceae;g__Coprococcus;s__Coprococcus_comes	k__Bacteria;p__Proteobacteria;c__Gammaproteobacteria;o__Enterobacterales;f__Enterobacteriaceae;g__Escherichia;s__Escherichia_coli	k__Bacteria;p__Firmicutes;c__Clostridia;o__Clostridiales;f__Ruminococcaceae;g__Anaerotruncus;s__Anaerotruncus_colihominis	k__Bacteria;p__Firmicutes;c__Clostridia;o__Clostridiales;f__Lachnospiraceae;g__Blautia;s__Blautia_obeum	k__Bacteria;p__Bacteroidetes;c__Bacteroidia;o__Bacteroidales;f__Odoribacteraceae;g__Odoribacter;s__Odoribacter_laneus	k__Bacteria;p__Firmicutes;c__Clostridia;o__Clostridiales;f__Ruminococcaceae;g__Ruminiclostridium;s__[Clostridium]_leptum	k__Bacteria;p__Bacteroidetes;c__Bacteroidia;o__Bacteroidales;f__Porphyromonadaceae;g__Parabacteroides;s__Parabacteroides_goldsteinii	k__Bacteria;p__Firmicutes;c__Clostridia;o__Clostridiales;f__Lachnospiraceae;g__Anaerostipes;s__Anaerostipes_hadrus	k__Bacteria;p__Firmicutes;c__Clostridia;o__Clostridiales;f__Ruminococcaceae;g__Ruminococcus;s__Ruminococcus_lactaris	k__Bacteria;p__Firmicutes;c__Clostridia;o__Clostridiales;f__Clostridiaceae;g__Clostridium;s__Clostridium_sp._L2-50	k__Bacteria;p__Firmicutes;c__Clostridia;o__Clostridiales;f__Clostridiaceae;g__Clostridium;s__Clostridium_sp._M62/1	k__Bacteria;p__Firmicutes;c__Clostridia;o__Clostridiales;f__;g__Intestinimonas;s__Intestinimonas_butyriciproducens	k__Bacteria;p__Actinobacteria;c__Actinobacteria;o__Bifidobacteriales;f__Bifidobacteriaceae;g__Bifidobacterium;s__Bifidobacterium_bifidum	k__Bacteria;p__Firmicutes;c__Negativicutes;o__Veillonellales;f__Veillonellaceae;g__Dialister;s__Dialister_invisus	k__Bacteria;p__Bacteroidetes;c__Bacteroidia;o__Bacteroidales;f__Bacteroidaceae;g__Bacteroides;s__Bacteroides_salanitronis
k__Bacteria;p__Bacteroidetes;c__Bacteroidia;o__Bacteroidales;f__Bacteroidaceae;g__Bacteroides;s__Bacteroides_vulgatus	1.0	0.0106926174417	-0.0176192199027	-0.0175044037553	-0.0160371936357	0.000181752416394	0.0890237109143	0.01024631336	0.00166729168524	-0.0396661871555	-0.0285358114408	-0.0237060521176	-0.0205886327923	-0.111484719135	-0.0315473434838	-0.0449239345859	0.0351982808057	0.0410799459396	-0.0901470337082	0.0140718998396	0.0554348324478	0.0756643375728	0.0217973109761	0.00358200618304	-0.0111047042411	-0.0117747516567	0.0690647796131	0.0114885870526	-0.0163810397718	-0.0189324799325	-0.0304478487879	0.0152869462704	-0.0205969372356	0.0389716187054	-0.029117530066	-0.0205032153667	-0.0575875803336	-0.0757735756447	-0.0300860746565	-0.0334418229218	0.00106852767338	0.0749261732799	-0.0101675475423	-0.0212859099771	-0.00806480572041	-0.0611050205882	-0.00104594306151	-0.00570247269553	-0.0397448105264	-0.00564515224589	-0.013117125273	0.00433171713511	0.0462245557725	-0.0147704394538	-0.0416405994626	0.108743597592	-0.015472243957	0.00220471227841	-0.0916559179754
k__Bacteria;p__Bacteroidetes;c__Bacteroidia;o__Bacteroidales;f__Bacteroidaceae;g__Bacteroides;s__Bacteroides_uniformis	0.0106926174417	1.0	-0.0526133000353	-0.0112750072494	0.011972898585	-0.0193922521166	-0.0114449662557	0.0145435848015	-0.0539962203944	-0.0551027708024	0.0259212099082	-0.0271996566801	-0.0254349704624	0.0410866375491	0.0758717573264	0.00764567222605	0.0379728360571	-0.0129812711992	0.00560851489556	-0.0531903164468	-0.03551442636	-0.031113975534	0.00874490782603	-0.0375910914277	0.0330814890319	0.0294380966606	-0.0754605955866	-0.00623675118033	0.00434311928108	-0.117025411847	0.0103172788088	0.0714353763423	0.0160153006983	0.0159587708602	-0.041702434441	-0.0164319209163	0.0224564785285	-0.0560042785323	0.0159588238446	0.0443319297569	0.0242777940394	-0.0890081789064	-0.0409809876469	0.0087372469941	0.0148178335798	-0.0441181149292	0.0155409297105	0.0349565938774	0.0255662198579	-0.00967387688176	-0.00820088874152	-0.00954278965739	-0.00263550727091	0.0166903675525	-0.1168064948	-0.036827611007	0.0743396241176	-0.00947179733446	0.00120038174843
k__Bacteria;p__Bacteroidetes;c__Bacteroidia;o__Bacteroidales;f__Rikenellaceae;g__Alistipes;s__Alistipes_putredinis	-0.0176192199027	-0.0526133000353	1.0	-0.0902636105576	0.0173220378234	-0.0228338481833	0.0173369502649	-0.0143639791103	-0.120770182513	0.042673670475	0.00324697604929	0.0718294328535	0.0255052489907	-0.002300326594	-0.0100542980781	0.0989786603772	-0.0120138017969	0.0548573901233	0.0120680689759	0.0202412610453	-0.0474416388187	-0.00466303902472	0.0413374388289	0.00584733334	0.00875574088189	0.0595496758818	-0.0187458616968	-0.0117352946952	0.0334852866238	-0.0118236540139	-0.0318845814715	0.0210246858185	-0.0451583802811	-0.0768872259323	-0.104103564473	-0.0270329354961	-0.0141813881053	-0.0306342045216	0.00923749983863	-0.0844382140781	0.0379862473638	-0.0335402636091	0.0145101353633	-0.0481523012611	-0.0153536158217	-0.0696197882232	-0.0488782675357	0.00529056736467	0.0357465792435	-0.0607040984912	-0.050577516585	0.00385521654148	0.0189889598323	-0.0415172969318	0.0935502063734	0.00648960104328	0.00579884064472	0.00758068052544	0.0171527542903
k__Bacteria;p__Bacteroidetes;c__Bacteroidia;o__Bacteroidales;f__Prevotellaceae;g__Prevotella;s__Prevotella_copri	-0.0175044037553	-0.0112750072494	-0.0902636105576	1.0	-0.00930584039436	-0.0460373999962	0.0191951639035	-0.078935851764	0.0589697318976	0.00626437227398	-0.0734057615639	-0.0231465802832	-0.0210526034516	0.0185091211769	-0.0455124106899	-0.0153820742202	0.0430690071006	0.0238409898734	-0.00509225746418	0.0250742305307	0.0658389024322	0.0404305399013	-0.0264110970735	-0.0992433086953	-0.0337724842787	-0.0255580977945	-0.0538596004704	-0.00194896434476	0.0569497758013	0.0681633278531	0.00845699930789	-0.0764871900012	-0.00494776109402	-0.0161961065782	-0.118507525422	0.0631399755652	-0.0062208825505	-0.0466514369584	0.0558801940783	0.0474768707142	-0.036700560903	0.0870994858282	-0.0532009158067	-0.0663103381138	-0.0102284637516	-0.0050275647953	-0.0313556495013	-0.0206912228514	-0.0586863731398	-0.00771529350879	0.0510937100637	-0.0587576696313	0.0193921045435	-0.0286991996004	-0.0640064714074	-0.0247388682556	-0.031052885941	-0.0134559475784	-0.00824274576852
k__Bacteria;p__Bacteroidetes;c__Bacteroidia;o__Bacteroidales;f__Bacteroidaceae;g__Bacteroides;s__Bacteroides_stercoris	-0.0160371936357	0.011972898585	0.0173220378234	-0.00930584039436	1.0	-0.0104192650471	0.0179162523217	0.0296223404589	0.00810585766633	-0.0618633456362	-0.0143630641502	0.0235692138072	0.0230430464698	-0.0156832973798	-0.0387766414608	0.0442710333129	0.0149319708445	-0.0405426989229	0.00035882810231	-0.0124148501205	-0.0136881364454	-0.0360734368339	-0.0580829449095	-0.0153331722989	-0.0387053389067	-0.0114038534844	-0.0321129274843	0.00263801932004	-0.000695325181873	0.023662823062	-0.115404253732	-0.00929574780853	-0.00505244904564	-0.0198349881037	-0.00829818562532	0.0172525259152	0.107812486737	-0.0308312503061	-0.0146747185951	0.046441950432	-0.0066687452852	-0.0324974705033	-0.0351803854031	0.00752436280428	-0.0189840015461	-0.119606326225	-0.130126118316	-0.0249656340161	-0.00857653997233	0.0146187924066	0.0146474687108	0.0288535312056	-0.010994025214	0.0396945242887	-0.0406261361929	-0.0433002279547	0.0154258671494	-0.0162838392733	-0.0149632068616
k__Bacteria;p__Bacteroidetes;c__Bacteroidia;o__Bacteroidales;f__Bacteroidaceae;g__Bacteroides;s__Bacteroides_ovatus	0.000181752416393	-0.0193922521166	-0.0228338481833	-0.0460373999962	-0.0104192650471	1.0	-0.0165255318235	-0.00148592845914	-0.109911125906	-0.0117149448691	0.0287930672343	-0.0117196336487	-0.00718044422594	-0.0324550859372	-0.00972429721806	0.0085146643968	-0.0698837325319	-0.0415193382625	-0.0126004570169	0.0350887173517	-0.0358045433732	-0.0166185987459	0.0338792588419	0.0121700024939	-0.0314524142803	-0.0179051165863	0.0232342425887	-0.0220768108695	0.00399840265531	0.0140607712213	0.000497837374679	0.0628592199441	-0.0611163269948	0.00939319509628	0.0136951579753	0.0019152725336	0.0242224298004	0.0446572564757	-0.0226268299914	-0.0362200542231	-0.015279216303	-0.0140794301198	-0.0395945653411	-0.0722015369608	-0.0629295060025	0.03838730453	0.00550260711461	-0.0641098540209	-0.0273509145974	0.033106783132	0.0105941796052	0.131447021393	-0.0412607506228	-0.00102761454546	0.0542677064746	-0.0410179718145	-0.0146337697423	-0.0432512159915	0.094210477123
k__Bacteria;p__Bacteroidetes;c__Bacteroidia;o__Bacteroidales;f__Rikenellaceae;g__Alistipes;s__Alistipes_shahii	0.0890237109143	-0.0114449662557	0.0173369502649	0.0191951639035	0.0179162523217	-0.0165255318235	1.0	-0.0643261419577	0.0206922501461	-0.0361098533922	-0.0449763233442	0.0435891176261	0.0739312436742	-0.0167902420337	0.0343417352634	-0.145359388429	-0.102539672045	-0.0639151774179	-0.0357296103004	-0.0271348737123	-0.0164538323335	0.0638005594577	-0.022530759257	0.0542914133893	0.0894300585982	0.00570348636773	0.0854807567591	0.0290951511167	-0.0236715107677	0.00571601137506	-0.01023744957	0.0195698015582	-0.0187071571159	0.00812083924573	0.0867055621223	-0.0267411508683	0.0219306154336	-0.114370065736	-0.00388907089903	0.0142801953269	-0.0590714401691	-0.0454627598909	-0.00814761555046	0.017503419243	-0.0299119654046	0.00113313216114	-0.0597160971959	-0.0260343685572	-0.0590281395964	-0.0333952839796	-0.0586376006127	-0.0334946553099	0.0465170498934	-0.0218630548136	0.0540792559842	0.0441905604587	0.0362291525114	0.0220182051714	-0.0282248495366
k__Bacteria;p__Firmicutes;c__Clostridia;o__Clostridiales;f__Ruminococcaceae;g__Faecalibacterium;s__Faecalibacterium_prausnitzii	0.01024631336	0.0145435848015	-0.0143639791103	-0.078935851764	0.0296223404589	-0.00148592845914	-0.0643261419577	1.0	0.0564979759462	-0.0127096171379	0.0587838311855	0.111473537205	-0.00975159336517	0.00425036242468	-0.0134613747757	0.00904459513356	0.0870010921394	-0.0485501908377	0.00798151477294	0.0196135357952	-0.0500380519545	0.0115159846872	-0.00940360983586	-0.0542259205622	-0.00824373074899	-0.00824860957352	-0.0312833000982	-0.0430892167239	0.0332113313879	-0.00653412096206	-0.0386167061662	0.0385724505515	-0.0188514949248	0.0282271524015	-0.0479385814681	-0.0499048719166	0.056038931203	-0.021851258288	0.0160025180797	0.00658271747426	-0.0634156801077	-0.031150785467	0.0845874265881	0.00941279691662	-0.0187882723251	-0.0649628791207	-0.0161258111836	0.0312572245447	0.0122069041393	0.0415644465991	0.00725595485478	0.0246687305951	-0.109716013393	-0.0496118139001	-0.0428881151338	0.000348008026095	0.00927219989816	-0.0140146771308	0.00360390388009
k__Bacteria;p__Bacteroidetes;c__Bacteroidia;o__Bacteroidales;f__Rikenellaceae;g__Alistipes;s__Alistipes_finegoldii	0.00166729168524	-0.0539962203944	-0.120770182513	0.0589697318976	0.00810585766633	-0.109911125906	0.0206922501461	0.0564979759462	1.0	-0.0338377192109	0.0324326528148	0.0538060931998	0.0100259699055	0.021155782303	-0.0492028788762	-0.056983133248	-0.019164538079	-0.0611511632005	-0.0385273109221	0.00194227420953	0.0528853083645	0.0350534450739	-0.0724767058319	-0.115036273491	0.0128611962458	-0.00648924577213	0.00398648261843	-0.00448036792391	0.014462587424	-0.103873803771	-0.0072060840125	-0.0515741392986	0.00150624948857	0.0149482394721	-0.00814630271807	-0.00137209392196	-0.0235658250885	-0.0572864891761	0.00154006722696	-0.022340578704	-0.019086846628	0.0771403806921	0.0202046033166	-0.0170770265402	0.00904935673376	0.0445622591614	0.0104169796958	-0.0926604265106	-0.042714486328	-0.0370636149595	0.0030425667866	-0.042384601245	-0.00191521551115	-0.0423594353135	0.00675877638715	-0.0376434301619	0.012354421987	-0.0403143995989	-0.028798745158
k__Bacteria;p__Bacteroidetes;c__Bacteroidia;o__Bacteroidales;f__Porphyromonadaceae;g__Parabacteroides;s__Parabacteroides_distasonis	-0.0396661871555	-0.0551027708024	0.042673670475	0.00626437227398	-0.0618633456362	-0.0117149448691	-0.0361098533922	-0.0127096171379	-0.0338377192109	1.0	0.111952149576	0.0738198090846	0.0376265137385	0.0759483080935	-0.0616529738797	0.0439577985385	-0.0187522568303	0.000737440160699	0.0116394320053	-0.0160584203295	0.0708329457772	0.0378335353068	0.0348366538042	-0.0086646418611	-0.0327725192875	-0.0791941133493	0.0351039897168	0.0238367185917	0.00743138479494	-0.0613853300614	-0.0774762111875	-0.054245872237	-0.0392155977435	-0.00240754830982	-0.0428199999018	-0.100120995576	-0.000386220724219	0.0291284615307	0.0093525100189	-0.0127447882275	0.0174468711507	0.0245651577918	-0.0462745769154	0.0264119273802	-0.0621501109511	0.0100076691818	-0.0310120902313	-0.0770089935505	-0.0618556504649	0.0110532018493	0.0232299440102	0.0553042729201	-0.0260955435574	-0.00196719116312	-0.0671663521966	-0.0469989471518	0.0239048316836	-0.00574455563126	0.0473426105287
k__Bacteria;p__Bacteroidetes;c__Bacteroidia;o__Bacteroidales;f__Bacteroidaceae;g__Bacteroides;s__Bacteroides_thetaiotaomicron	-0.0285358114408	0.0259212099082	0.00324697604929	-0.0734057615639	-0.0143630641502	0.0287930672343	-0.0449763233442	0.0587838311855	0.0324326528148	0.111952149576	1.0	-0.0481684782121	-0.0443726652016	0.0310297348052	0.0149983265881	0.00612516649887	-0.0191282783377	-0.0846718510635	-0.00399428457437	-0.0304263900516	-0.0242983378971	0.0038585080876	-0.0182173957322	-0.0841221580315	-0.0406844571975	-0.0110271140197	-0.0662978478043	-0.0449740846695	0.0228620957763	-0.0449277173051	-0.0414708805525	-0.106033791252	-0.0226620873002	0.039850739762	0.0796264035616	-0.0166842631494	-0.010866885634	-0.00932825416185	0.0146658330989	0.00462051855045	0.0514274304648	0.0203062070054	-0.00986488456802	-0.00752358256546	0.0189633889355	-0.0240043144368	-0.040987153296	0.00800086167697	-0.0372253639992	-0.0349015648332	-0.00310301683179	0.0270955543504	-0.0415699247437	0.0446414327702	0.0352312396828	0.012915268276	-0.0148080864357	-0.0127116090174	-0.0142931373774
k__Bacteria;p__Bacteroidetes;c__Bacteroidia;o__Bacteroidales;f__Bacteroidaceae;g__Bacteroides;s__Bacteroides_coprocola	-0.0237060521176	-0.0271996566801	0.0718294328535	-0.0231465802832	0.0235692138072	-0.0117196336487	0.0435891176261	0.111473537205	0.0538060931998	0.0738198090846	-0.0481684782121	1.0	-0.055577013869	-0.0366072007837	-0.0205619364527	-0.0169800920773	-0.00933367876178	-0.0469119222685	0.00248445525459	-0.0886204927882	-0.0221632466977	-0.083521446933	-0.0951161562373	-0.0370066426561	-0.081127358703	-0.0817126250393	-0.0520649790569	-0.0229701266856	0.0203646723568	0.00779114943177	-0.0330521878823	0.0292138846673	0.0298575393291	-0.114302940675	0.00591974501392	0.00907438764529	-0.00680350823485	0.0446609416497	-0.0125605541049	-0.0188425109134	0.0324637471637	0.0030525323019	0.00476352339049	-0.024777923575	-0.0266224633923	0.00308431710906	-0.0120538894786	-0.0890918824121	-0.0693004349243	-0.0773658568261	-0.0862546918147	0.0380615184401	-0.0265894253537	-0.00525823334346	-0.00598431472026	0.0170314148151	-0.0116291211301	-0.0149036848191	-0.0644678675307
k__Bacteria;p__Bacteroidetes;c__Bacteroidia;o__Bacteroidales;f__Bacteroidaceae;g__Bacteroides;s__Bacteroides_cellulosilyticus	-0.0205886327923	-0.0254349704624	0.0255052489907	-0.0210526034516	0.0230430464698	-0.00718044422594	0.0739312436742	-0.00975159336517	0.0100259699055	0.0376265137385	-0.0443726652016	-0.055577013869	1.0	-0.0593927150747	-0.0557872460213	-0.0398297802808	-0.0233708879128	0.0260668155388	-0.0453743288418	-0.0512210421007	0.0415161447358	-0.0797238697326	-0.0373721321066	-0.0694210128883	0.0218490349978	0.0680215856724	0.0329279783605	-0.0195337994132	-0.0186762237713	0.053483696452	-0.0142936500212	0.0326515246576	0.0614793323881	0.0636359806768	-0.035606914936	0.0303203055218	-0.00540495307188	-0.0818641744697	-0.0963751191252	-0.0136799701605	-0.00701610617559	-0.10156667878	-0.0090910967022	-0.0270220456769	-0.0190482908131	-0.00327039155241	0.0357960374035	-0.0194220606534	-0.0310887092419	0.00350125697044	0.0245367505081	-0.00942249331311	-0.00492210138692	-0.0260796764791	-0.0655518040398	-0.000492292860559	-0.00202247229412	0.0299875414427	-0.0687520169887
k__Bacteria;p__Bacteroidetes;c__Bacteroidia;o__Bacteroidales;f__Rikenellaceae;g__Alistipes;s__Alistipes_obesi	-0.111484719135	0.0410866375491	-0.002300326594	0.0185091211769	-0.0156832973798	-0.0324550859372	-0.0167902420337	0.00425036242468	0.021155782303	0.0759483080935	0.0310297348052	-0.0366072007837	-0.0593927150747	1.0	0.0163575382375	-0.00386004036719	-0.0152378179869	-0.0444121118025	0.053275340183	0.0113102355163	-0.0170476290804	-0.0386216122824	-0.0247202847126	-0.0542592298029	-0.0615653189754	-0.0106471607694	0.0197823683915	-0.113444007203	-0.00243362990454	-0.00194236166427	0.047921773437	0.00352056537411	0.0235144311731	-0.0194965854418	-0.0674141732809	0.055938137991	-0.0327923778553	0.0204409362624	0.0514940365616	0.027059766042	-0.0193112214171	-0.0579882525459	0.0422522902642	0.0288776317544	0.0106384765573	-0.0141762141533	0.0152549668992	0.010352835386	0.0211363412405	-0.0366456032353	-0.0328038221153	0.0247634913813	-0.0332629208894	0.0476551919996	-0.0376699912625	-0.0199459395246	0.0570780055088	-0.0616884261346	0.0257416178666
k__Bacteria;p__Firmicutes;c__Clostridia;o__Clostridiales;f__Lachnospiraceae;g__;s__[Eubacterium]_rectale	-0.0315473434838	0.0758717573264	-0.0100542980781	-0.0455124106899	-0.0387766414608	-0.00972429721806	0.0343417352634	-0.0134613747757	-0.0492028788762	-0.0616529738797	0.0149983265881	-0.0205619364527	-0.0557872460213	0.0163575382375	1.0	-0.00119516018042	-0.0264657351707	-0.052714035726	0.0182032182839	-0.0808407093022	0.0258501753307	-0.0118079745777	-0.058491676906	-0.0829337081523	-0.0246922617691	-0.0543054937712	0.0338483615284	-0.0240083779696	0.0338347911227	0.00314047392595	-0.0434735287759	-0.0336243559812	-0.0217331384321	-0.0116192272809	0.0114500827711	-0.0111595900635	-0.0203532099113	-0.012133937557	-0.0496013306431	-0.00260305687088	0.0312730843863	-0.0355377622897	-0.0483342707272	-0.053478113497	0.01025931327	0.0155755148501	0.0461125163915	0.0316966824414	0.0655402345633	-0.00249022783996	-0.0694077388592	-0.0460330043578	0.0130377032627	0.0230485247545	0.00497845328428	0.0657535860989	0.0168906250811	-0.0607002992444	0.00600149371966
k__Bacteria;p__Bacteroidetes;c__Bacteroidia;o__Bacteroidales;f__Bacteroidaceae;g__Bacteroides;s__Bacteroides_plebeius	-0.0449239345859	0.00764567222605	0.0989786603772	-0.0153820742202	0.0442710333129	0.0085146643968	-0.145359388429	0.00904459513356	-0.056983133248	0.0439577985385	0.00612516649887	-0.0169800920773	-0.0398297802808	-0.00386004036719	-0.00119516018042	1.0	0.0173994574685	-0.00694966414766	-0.0153745280592	0.0038701121014	-0.0586940063232	-0.0137181887743	0.0481694600838	-0.0822803258713	-0.0129100444636	0.0183263702108	-0.041373297498	-0.0147181061516	-0.0237302659387	-0.00424309488979	0.000389025899442	-0.0318102002849	0.0431626804091	-0.0377827794243	-0.051488608281	-0.0327040681143	-0.111349185876	-0.00575831472502	-0.0687561428212	-0.0873728292257	0.0191655222366	-0.00708006086053	0.00828353500097	-0.0419470116025	-5.32868949235e-05	-0.0249833176185	-0.000770188285736	0.030868324296	0.0551003854601	0.0923322384414	0.0222949790797	-0.0380484865905	-0.046289561173	-0.0204038937234	-0.0511815043644	-0.0282148953043	-0.00887242825491	0.0611070302477	-0.0691436069286
k__Bacteria;p__Bacteroidetes;c__Bacteroidia;o__Bacteroidales;f__Bacteroidaceae;g__Bacteroides;s__Bacteroides_fragilis	0.0351982808057	0.0379728360571	-0.0120138017969	0.0430690071006	0.0149319708445	-0.0698837325319	-0.102539672045	0.0870010921394	-0.019164538079	-0.0187522568303	-0.0191282783377	-0.00933367876178	-0.0233708879128	-0.0152378179869	-0.0264657351707	0.0173994574685	1.0	-0.0249949973608	-0.03715084437	0.0545503661487	0.00303136236593	0.0282864672388	0.0152976852338	-0.0159537095361	-0.0886039109212	-0.00713071424153	-0.0587945972653	-0.0367374127526	-0.0260846125301	0.0485358199759	-0.038203632005	0.00709424184464	-0.0406257992045	-0.00631193557157	0.0138837119072	0.00085988842082	-0.0577593456944	-0.0554417915928	-0.027096618239	-0.0339532286172	-0.0292046877358	-0.00664370357801	-0.0230109438248	-0.0414179402997	-0.0140662147492	-0.0617783417538	-0.0592994024024	-0.056741405715	0.0187959592154	-0.103752165269	-0.0564738537308	0.0261653638151	0.0848394237548	0.0155145671066	-0.0372022899637	-0.0506669863782	0.0560930092128	-0.0234600948528	-0.0503260957894
k__Bacteria;p__Proteobacteria;c__Betaproteobacteria;o__Burkholderiales;f__Sutterellaceae;g__Sutterella;s__Sutterella_wadsworthensis	0.0410799459396	-0.0129812711992	0.0548573901233	0.0238409898734	-0.0405426989229	-0.0415193382625	-0.0639151774179	-0.0485501908377	-0.0611511632005	0.000737440160699	-0.0846718510635	-0.0469119222685	0.0260668155388	-0.0444121118025	-0.052714035726	-0.00694966414766	-0.0249949973608	1.0	0.0157852790982	0.0246091438341	-0.00729475729761	0.0581817042457	-0.0235774027921	0.0591421198079	0.00154793412917	0.0168986651805	-0.0220633207961	-0.0418467342238	-0.00296641277238	0.00577717744937	0.0636254289386	-0.0102239181314	-0.0801567210731	0.0274109808192	0.0539952600846	-0.0289906728611	-0.0138770203478	-0.0144296027335	-0.0145431000177	0.0077862845229	0.0286864940078	-0.00836722146156	0.0234085724666	-0.056206304486	0.0214037146439	-0.0631027576547	-0.0237756094459	0.0198494524924	-0.0137112308074	-0.00746247283708	-0.0287396211869	-0.042869390287	-0.0366827472369	-0.0330173281272	-0.0550570331202	0.032899042503	-0.0797059165646	-0.00538915986512	0.00539063029138
k__Bacteria;p__Bacteroidetes;c__Bacteroidia;o__Bacteroidales;f__Porphyromonadaceae;g__Barnesiella;s__Barnesiella_intestinihominis	-0.0901470337082	0.00560851489556	0.0120680689759	-0.00509225746418	0.00035882810231	-0.0126004570169	-0.0357296103004	0.00798151477294	-0.0385273109221	0.0116394320053	-0.00399428457437	0.00248445525459	-0.0453743288418	0.053275340183	0.0182032182839	-0.0153745280592	-0.03715084437	0.0157852790982	1.0	-0.0401465197866	-0.0561464416809	0.0222705855042	-0.00994160753682	-0.0462740707901	-0.0126480901742	0.0138134045535	-0.0322619506009	0.0272877151392	-0.00962281806855	-0.0429131121477	-0.0386856220818	0.0415649359623	0.077074285516	-0.0284540591639	0.0182889120653	0.0265122505659	-0.0673291932297	-0.00903030196152	0.04184875702	0.00152202699012	-0.0563770342087	-0.000772854498816	-0.0620804318049	0.0325355735465	-0.0261884556486	0.0645239325439	0.023653971749	0.00774764067857	-0.0598497062744	-0.0490433433066	-0.0258860090329	0.0125669749572	0.0291966945426	0.00627246421332	-0.093197717692	-0.0498468207193	-0.0366071988631	0.0180910146097	-0.0106391913278
k__Bacteria;p__Bacteroidetes;c__Bacteroidia;o__Bacteroidales;f__Odoribacteraceae;g__Odoribacter;s__Odoribacter_splanchnicus	0.0140718998396	-0.0531903164468	0.0202412610453	0.0250742305307	-0.0124148501205	0.0350887173517	-0.0271348737123	0.0196135357952	0.00194227420953	-0.0160584203295	-0.0304263900516	-0.0886204927882	-0.0512210421007	0.0113102355163	-0.0808407093022	0.0038701121014	0.0545503661487	0.0246091438341	-0.0401465197866	1.0	-0.00271356288779	-0.0481276953825	-0.0579962317676	0.085850015559	-0.0284754763745	-0.0265573804427	0.0140783706903	-0.0285709297165	-0.00478055107084	0.0356486627124	0.0285001293258	0.0259809450581	-0.0937843397911	0.0280570117735	-0.00208966784624	0.00627545579092	0.0124910945929	-0.0215816295104	0.0509860944334	-0.0274898292172	-0.0294605954765	-0.0594043292763	0.0298319799226	-0.0644411505333	0.0306795069571	0.0111691169022	0.00203950193297	-0.0525859628071	-0.0287142398731	-0.00459002975492	0.0228454591349	-0.0272870581126	0.0181985484209	-0.0370769213487	0.0228691458539	-0.0225647081281	0.0211362813625	-0.0399095946752	-0.0475895308536
k__Bacteria;p__Bacteroidetes;c__Bacteroidia;o__Bacteroidales;f__Bacteroidaceae;g__Bacteroides;s__Bacteroides_salyersiae	0.0554348324478	-0.03551442636	-0.0474416388187	0.0658389024322	-0.0136881364454	-0.0358045433732	-0.0164538323335	-0.0500380519545	0.0528853083645	0.0708329457772	-0.0242983378971	-0.0221632466977	0.0415161447358	-0.0170476290804	0.0258501753307	-0.0586940063232	0.00303136236593	-0.00729475729761	-0.0561464416809	-0.00271356288779	1.0	-0.0391618913707	0.0240836120551	-0.0596657368366	-0.0317986297188	-0.00366095849137	-0.0656721229017	-0.0450048652759	-0.0593490258311	0.0148354087216	-0.0610804149953	-0.00881446150078	0.0196146194577	0.0132167430681	-0.019818224086	-0.0237359714438	-0.0341885820788	-0.0556548381996	-0.0253607703068	-0.132366061864	0.0346091764504	-0.0194703364335	0.0028659722607	0.015557243787	0.030171629411	0.0210109767413	0.00387362842671	0.0570957382828	-0.0423445517096	0.00250814190505	0.0578948887856	0.0346357292699	0.0376761207269	-0.00419904626644	-0.0374772854788	0.0791791790331	-0.0463654958876	0.00659486314273	-0.0345671421256
k__Bacteria;p__Firmicutes;c__Clostridia;o__Clostridiales;f__Ruminococcaceae;g__Ruminiclostridium;s__[Eubacterium]_siraeum	0.0756643375728	-0.031113975534	-0.00466303902472	0.0404305399013	-0.0360734368339	-0.0166185987459	0.0638005594577	0.0115159846872	0.0350534450739	0.0378335353068	0.0038585080876	-0.083521446933	-0.0797238697326	-0.0386216122824	-0.0118079745777	-0.0137181887743	0.0282864672388	0.0581817042457	0.0222705855042	-0.0481276953825	-0.0391618913707	1.0	-0.00668918568475	-0.0141931102871	-0.0288738719845	-0.0506772487127	-0.0455566280279	0.0136168574487	0.00245590918777	-0.00604284504546	-0.0949723562102	-0.00282670809699	-0.0791583768482	-0.0765136011789	0.00573546128073	-0.0129864706973	0.00941573600625	-0.0330875530232	0.0121335909005	-0.0290036071307	-0.0300261980012	-0.0463370487051	-0.0135154145079	-0.0277980545967	-0.0636813369717	0.00191891076884	-0.0612940936821	-0.0569493548093	0.0149164004749	-0.0115831162988	-0.043411799939	0.00563351836959	-0.0272035705106	0.0739908132482	-0.00889220242961	0.00732807627415	-0.0632169622917	-0.0251591575619	-0.0475125234359
k__Bacteria;p__Proteobacteria;c__Betaproteobacteria;o__Burkholderiales;f__Sutterellaceae;g__Parasutterella;s__Parasutterella_excrementihominis	0.0217973109761	0.00874490782603	0.0413374388289	-0.0264110970735	-0.0580829449095	0.0338792588419	-0.022530759257	-0.00940360983586	-0.0724767058319	0.0348366538042	-0.0182173957322	-0.0951161562373	-0.0373721321066	-0.0247202847126	-0.058491676906	0.0481694600838	0.0152976852338	-0.0235774027921	-0.00994160753682	-0.0579962317676	0.0240836120551	-0.00668918568475	1.0	-0.00358719719758	-0.0463173064567	-0.044794421818	0.0254133834061	0.036616548459	-0.0432241819899	-0.0170906767357	0.0175293675562	0.0344180495562	0.0626671159643	0.0176947982761	0.0093863205473	0.0276499277541	-0.0061075817882	-0.0439980744214	-0.0612116877058	0.0232709865663	-0.0170017183799	-0.0146304232143	0.023642785118	-0.0173096006652	0.00142145212874	0.0156972110173	-0.0328914238413	-0.0382053598169	-0.0546339306182	0.00956816785336	0.0264618239102	-0.0045273015401	0.0246755892771	0.00340327789239	0.0160328094203	-0.0304341685037	0.0144303336211	-0.00712455301114	0.0645878115067
k__Bacteria;p__Actinobacteria;c__Actinobacteria;o__Bifidobacteriales;f__Bifidobacteriaceae;g__Bifidobacterium;s__Bifidobacterium_adolescentis	0.00358200618304	-0.0375910914277	0.00584733334	-0.0992433086953	-0.0153331722989	0.0121700024939	0.0542914133893	-0.0542259205622	-0.115036273491	-0.0086646418611	-0.0841221580315	-0.0370066426561	-0.0694210128883	-0.0542592298029	-0.0829337081523	-0.0822803258713	-0.0159537095361	0.0591421198079	-0.0462740707901	0.085850015559	-0.0596657368366	-0.0141931102871	-0.00358719719758	1.0	0.000357387097948	-0.0326629516668	-0.029452747963	0.0651444202778	0.0792424859251	-0.0836432847009	-0.0129981389324	-0.0363461397717	-0.0139317955157	0.0243604519514	0.0108634657077	0.000902143750416	-0.00818546926766	0.00832796809765	-0.020143349969	0.0573871792758	-0.0172513513283	-0.0225197456212	0.114541372374	-0.00316032769347	0.0128700985604	-0.0766439792918	-0.101658830219	0.0291589170125	-0.0421937192609	-0.0511952089473	-0.0220928645918	0.0728147777371	0.00594518479395	-0.0863874082247	0.0624639244439	-0.020431788485	-0.0124146756674	-0.00455810405725	0.0339235164529
k__Bacteria;p__Firmicutes;c__Clostridia;o__Clostridiales;f__Oscillospiraceae;g__Oscillibacter;s__Oscillibacter_sp._KLE_1745	-0.0111047042411	0.0330814890319	0.00875574088189	-0.0337724842787	-0.0387053389067	-0.0314524142803	0.0894300585982	-0.00824373074899	0.0128611962458	-0.0327725192875	-0.0406844571975	-0.081127358703	0.0218490349978	-0.0615653189754	-0.0246922617691	-0.0129100444636	-0.0886039109212	0.00154793412917	-0.0126480901742	-0.0284754763745	-0.0317986297188	-0.0288738719845	-0.0463173064567	0.000357387097948	1.0	-0.021581956278	0.00675033516382	-0.0665188621678	-0.0819401036222	0.0183269987638	0.0258193059312	0.0205742012991	-0.0742000651866	0.000939860781583	0.0829906679645	0.000377076878774	-0.0600627493454	0.0686325244359	0.00343541461664	-0.0437399908936	-0.0147021096645	0.071033281241	0.00139973631325	0.034120668861	0.0170442279976	-0.0020143852303	-0.0159806731341	-0.0133304744255	-0.0368939894335	0.0423970038858	0.000202984391161	0.0457439473366	-0.0206506176272	-0.0422561817018	-0.015378590802	-0.0297815906703	0.0271650716771	-0.0275641192675	0.00592420677814
k__Bacteria;p__Bacteroidetes;c__Bacteroidia;o__Bacteroidales;f__Bacteroidaceae;g__Bacteroides;s__Bacteroides_coprophilus	-0.0117747516567	0.0294380966606	0.0595496758818	-0.0255580977945	-0.0114038534844	-0.0179051165863	0.00570348636773	-0.00824860957352	-0.00648924577213	-0.0791941133493	-0.0110271140197	-0.0817126250393	0.0680215856724	-0.0106471607694	-0.0543054937712	0.0183263702108	-0.00713071424153	0.0168986651805	0.0138134045535	-0.0265573804427	-0.00366095849137	-0.0506772487127	-0.044794421818	-0.0326629516668	-0.021581956278	1.0	-0.00387072442778	-0.0353763407672	-0.0820067041571	-0.0531205611139	-0.0676371789839	-0.0890560785051	-0.0329828930045	0.0146977775662	0.0188929166119	0.0142277571012	0.0221683232679	0.0300556693758	-0.0295537224564	-0.0443592527655	-0.00854109287717	-0.0340878349757	0.0860624656332	-0.00963422069005	-0.0636490511761	0.0315160872006	-0.0321968600465	0.0904737546239	-0.0168218385753	-0.0400188483834	-0.0117793686106	-0.0288668753112	0.0466008316472	-0.0357822546966	0.0210661389632	-0.0421963025364	-0.0101160823558	0.023898694017	-0.061218805565
k__Bacteria;p__Firmicutes;c__Clostridia;o__Clostridiales;f__Lachnospiraceae;g__Roseburia;s__Roseburia_intestinalis	0.0690647796131	-0.0754605955866	-0.0187458616968	-0.0538596004704	-0.0321129274843	0.0232342425887	0.0854807567591	-0.0312833000982	0.00398648261843	0.0351039897168	-0.0662978478043	-0.0520649790569	0.0329279783605	0.0197823683915	0.0338483615284	-0.041373297498	-0.0587945972653	-0.0220633207961	-0.0322619506009	0.0140783706903	-0.0656721229017	-0.0455566280279	0.0254133834061	-0.029452747963	0.00675033516382	-0.00387072442778	1.0	-0.0239447421788	-0.0978328405373	0.0190445823229	0.0112446900661	-0.0733983014711	0.0307774135938	-0.0166633869098	-0.0572579095351	0.0426411455236	-0.00939935114035	-0.000644272050175	0.0311290282816	-0.016003085663	0.0488465305504	-0.0251159487946	-0.0813931056603	-0.0169199519544	0.0458850285098	0.0681276234927	0.102104402673	0.0845068324847	-0.0501826440167	-0.034101153013	-0.0267134149426	-0.0185997691798	0.0194785407957	-0.0558313711746	-0.0239611786242	-0.0404658059527	-0.123409563857	-0.0260857756721	-0.0101362006166
k__Bacteria;p__Firmicutes;c__Clostridia;o__Clostridiales;f__Lachnospiraceae;g__Roseburia;s__Roseburia_hominis	0.0114885870526	-0.00623675118033	-0.0117352946952	-0.00194896434476	0.00263801932004	-0.0220768108695	0.0290951511167	-0.0430892167239	-0.00448036792391	0.0238367185917	-0.0449740846695	-0.0229701266856	-0.0195337994132	-0.113444007203	-0.0240083779696	-0.0147181061516	-0.0367374127526	-0.0418467342238	0.0272877151392	-0.0285709297165	-0.0450048652759	0.0136168574487	0.036616548459	0.0651444202778	-0.0665188621678	-0.0353763407672	-0.0239447421788	1.0	0.0134579531287	0.0175517595722	0.0304558782467	0.01812852352	-0.0261410044463	-0.0337846709669	0.0464680671894	0.00151455669074	-0.0222504099105	-0.0511336678193	-0.00689615627945	-0.0299697220959	-0.0535627006361	-0.0383036087838	-0.0465227845671	0.0332857592559	0.0383462333227	-0.0529405348721	-0.0504915678962	-0.0418573034869	0.0291089613747	0.0379096430194	-0.0110987207585	0.00852478668016	-0.0116820225587	-0.0276015277072	0.0859974328097	-0.0578467121133	-0.0620178994168	0.0198128047493	-0.0121481571656
k__Bacteria;p__Bacteroidetes;c__Bacteroidia;o__Bacteroidales;f__Porphyromonadaceae;g__Parabacteroides;s__Parabacteroides_johnsonii	-0.0163810397718	0.00434311928108	0.0334852866238	0.0569497758013	-0.000695325181873	0.00399840265531	-0.0236715107677	0.0332113313879	0.014462587424	0.00743138479494	0.0228620957763	0.0203646723568	-0.0186762237713	-0.00243362990454	0.0338347911227	-0.0237302659387	-0.0260846125301	-0.00296641277238	-0.00962281806855	-0.00478055107084	-0.0593490258311	0.00245590918777	-0.0432241819899	0.0792424859251	-0.0819401036222	-0.0820067041571	-0.0978328405373	0.0134579531287	1.0	-0.053925297073	-0.0336075298153	-0.0395298319884	0.0244280304975	-0.0029651977389	-0.00794490797623	0.00976233995706	-0.0151403614882	-0.0236397412924	-0.0267119708541	0.00338432557059	0.0110893637981	-0.0860385564385	0.0622864852129	-0.059774727734	-0.0262892367373	-0.030014626155	-0.0197626483506	-0.0892568087843	0.0239610390294	0.0153359269703	0.0377800759381	0.0298785723965	-0.0111307908135	-0.0231038170984	-0.0625075498239	-0.0577418473743	-0.0256871713294	-8.20415403441e-05	-0.047753976213
k__Bacteria;p__Actinobacteria;c__Actinobacteria;o__Bifidobacteriales;f__Bifidobacteriaceae;g__Bifidobacterium;s__Bifidobacterium_longum	-0.0189324799325	-0.117025411847	-0.0118236540139	0.0681633278531	0.023662823062	0.0140607712213	0.00571601137506	-0.00653412096206	-0.103873803771	-0.0613853300614	-0.0449277173051	0.00779114943177	0.053483696452	-0.00194236166427	0.00314047392595	-0.00424309488979	0.0485358199759	0.00577717744937	-0.0429131121477	0.0356486627124	0.0148354087216	-0.00604284504546	-0.0170906767357	-0.0836432847009	0.0183269987638	-0.0531205611139	0.0190445823229	0.0175517595722	-0.053925297073	1.0	0.0640489867015	-0.0563242362809	0.00751204302338	-0.00824945746433	-0.116792538603	-0.0132259374445	-0.0343140306286	-0.0424100206273	0.0440584852588	-0.0179921081935	0.0325212810702	0.00148070013146	-0.0108308625516	-0.0340943220447	0.011787166683	-0.0308667970094	-0.0037216443724	-0.016840204081	-0.0531818118699	0.0197677150606	0.0121524172752	-0.0617358378063	0.00512942098166	0.0322047497505	-0.0220082546131	0.0396565925308	-0.0371992072502	-0.0395024700602	0.0593357906312
