#taxonomy	k__Bacteria;p__Bacteroidetes;c__Bacteroidia;o__Bacteroidales;f__Bacteroidaceae;g__Bacteroides;s__Bacteroides_vulgatus	k__Bacteria;p__Bacteroidetes;c__Bacteroidia;o__Bacteroidales;f__Bacteroidaceae;g__Bacteroides;s__Bacteroides_uniformis	k__Bacteria;p__Bacteroidetes;c__Bacteroidia;o__Bacteroidales;f__Rikenellaceae;g__Alistipes;s__Alistipes_putredinis	k__Bacteria;p__Bacteroidetes;c__Bacteroidia;o__Bacteroidales;f__Prevotellaceae;g__Prevotella;s__Prevotella_copri	k__Bacteria;p__Bacteroidetes;c__Bacteroidia;o__Bacteroidales;f__Bacteroidaceae;g__Bacteroides;s__Bacteroides_stercoris	k__Bacteria;p__Bacteroidetes;c__Bacteroidia;o__Bacteroidales;f__Bacteroidaceae;g__Bacteroides;s__Bacteroides_ovatus	k__Bacteria;p__Bacteroidetes;c__Bacteroidia;o__Bacteroidales;f__Rikenellaceae;g__Alistipes;s__Alistipes_shahii	k__Bacteria;p__Firmicutes;c__Clostridia;o__Clostridiales;f__Ruminococcaceae;g__Faecalibacterium;s__Faecalibacterium_prausnitzii	k__Bacteria;p__Bacteroidetes;c__Bacteroidia;o__Bacteroidales;f__Rikenellaceae;g__Alistipes;s__Alistipes_finegoldii	k__Bacteria;p__Bacteroidetes;c__Bacteroidia;o__Bacteroidales;f__Porphyromonadaceae;g__Parabacteroides;s__Parabacteroides_distasonis	k__Bacteria;p__Bacteroidetes;c__Bacteroidia;o__Bacteroidales;f__Bacteroidaceae;g__Bacteroides;s__Bacteroides_thetaiotaomicron	k__Bacteria;p__Bacteroidetes;c__Bacteroidia;o__Bacteroidales;f__Bacteroidaceae;g__Bacteroides;s__Bacteroides_coprocola	k__Bacteria;p__Bacteroidetes;c__Bacteroidia;o__Bacteroidales;f__Bacteroidaceae;g__Bacteroides;s__Bacteroides_cellulosilyticus	k__Bacteria;p__Bacteroidetes;c__Bacteroidia;o__Bacteroidales;f__Rikenellaceae;g__Alistipes;s__Alistipes_obesi	k__Bacteria;p__Firmicutes;c__Clostridia;o__Clostridiales;f__Lachnospiraceae;g__;s__[Eubacterium]_rectale	k__Bacteria;p__Bacteroidetes;c__Bacteroidia;o__Bacteroidales;f__Bacteroidaceae;g__Bacteroides;s__Bacteroides_plebeius	k__Bacteria;p__Bacteroidetes;c__Bacteroidia;o__Bacteroidales;f__Bacteroidaceae;g__Bacteroides;s__Bacteroides_fragilis	k__Bacteria;p__Proteobacteria;c__Betaproteobacteria;o__Burkholderiales;f__Sutterellaceae;g__Sutterella;s__Sutterella_wadsworthensis	k__Bacteria;p__Bacteroidetes;c__Bacteroidia;o__Bacteroidales;f__Porphyromonadaceae;g__Barnesiella;s__Barnesiella_intestinihominis	k__Bacteria;p__Bacteroidetes;c__Bacteroidia;o__Bacteroidales;f__Odoribacteraceae;g__Odoribacter;s__Odoribacter_splanchnicus	k__Bacteria;p__Bacteroidetes;c__Bacteroidia;o__Bacteroidales;f__Bacteroidaceae;g__Bacteroides;s__Bacteroides_salyersiae	k__Bacteria;p__Firmicutes;c__Clostridia;o__Clostridiales;f__Ruminococcaceae;g__Ruminiclostridium;s__[Eubacterium]_siraeum	k__Bacteria;p__Proteobacteria;c__Betaproteobacteria;o__Burkholderiales;f__Sutterellaceae;g__Parasutterella;s__Parasutterella_excrementihominis	k__Bacteria;p__Actinobacteria;c__Actinobacteria;o__Bifidobacteriales;f__Bifidobacteriaceae;g__Bifidobacterium;s__Bifidobacterium_adolescentis	k__Bacteria;p__Firmicutes;c__Clostridia;o__Clostridiales;f__Oscillospiraceae;g__Oscillibacter;s__Oscillibacter_sp._KLE_1745	k__Bacteria;p__Bacteroidetes;c__Bacteroidia;o__Bacteroidales;f__Bacteroidaceae;g__Bacteroides;s__Bacteroides_coprophilus	k__Bacteria;p__Firmicutes;c__Clostridia;o__Clostridiales;f__Lachnospiraceae;g__Roseburia;s__Roseburia_intestinalis	k__Bacteria;p__Firmicutes;c__Clostridia;o__Clostridiales;f__Lachnospiraceae;g__Roseburia;s__Roseburia_hominis	k__Bacteria;p__Bacteroidetes;c__Bacteroidia;o__Bacteroidales;f__Porphyromonadaceae;g__Parabacteroides;s__Parabacteroides_johnsonii	k__Bacteria;p__Actinobacteria;c__Actinobacteria;o__Bifidobacteriales;f__Bifidobacteriaceae;g__Bifidobacterium;s__Bifidobacterium_longum	k__Bacteria;p__Firmicutes;c__Clostridia;o__Clostridiales;f__;g__Flavonifractor;s__Flavonifractor_plautii	k__Bacteria;p__Firmicutes;c__Clostridia;o__Clostridiales;f__Clostridiaceae;g__Clostridium;s__Clostridium_phoceensis	k__Bacteria;p__Verrucomicrobia;c__Verrucomicrobiae;o__Verrucomicrobiales;f__Akkermansiaceae;g__Akkermansia;s__Akkermansia_muciniphila	k__Bacteria;p__Bacteroidetes;c__Bacteroidia;o__Bacteroidales;f__Prevotellaceae;g__Paraprevotella;s__Paraprevotella_xylaniphila	k__Bacteria;p__Firmicutes;c__Clostridia;o__Clostridiales;f__Ruminococcaceae;g__Ruminococcus;s__Ruminococcus_callidus	k__Bacteria;p__Bacteroidetes;c__Bacteroidia;o__Bacteroidales;f__Rikenellaceae;g__Alistipes;s__Alistipes_senegalensis	k__Bacteria;p__Firmicutes;c__Clostridia;o__Clostridiales;f__Lachnospiraceae;g__Blautia;s__Blautia_sp._KLE_1732	k__Bacteria;p__Bacteroidetes;c__Bacteroidia;o__Bacteroidales;f__Bacteroidaceae;g__Bacteroides;s__Bacteroides_oleiciplenus	k__Bacteria;p__Firmicutes;c__Clostridia;o__Clostridiales;f__Ruminococcaceae;g__Ruminococcus;s__Ruminococcus_bicirculans	k__Bacteria;p__Bacteroidetes;c__Bacteroidia;o__Bacteroidales;f__Bacteroidaceae;g__Bacteroides;s__Bacteroides_fluxus	k__Bacteria;p__Bacteroidetes;c__Bacteroidia;o__Bacteroidales;f__Prevotellaceae;g__Prevotella;s__Prevotella_stercorea	k__Bacteria;p__Firmicutes;c__Clostridia;o__Clostridiales;f__Lachnospiraceae;g__Dorea;s__Dorea_longicatena	k__Bacteria;p__Firmicutes;c__Clostridia;o__Clostridiales;f__Eubacteriaceae;g__Eubacterium;s__[Eubacterium]_eligens	k__Bacteria;p__Firmicutes;c__Clostridia;o__Clostridiales;f__Ruminococcaceae;g__;s__Ruminococcaceae_bacterium_D16	k__Bacteria;p__Firmicutes;c__Clostridia;o__Clostridiales;f__Lachnospiraceae;g__Coprococcus;s__Coprococcus_comes	k__Bacteria;p__Proteobacteria;c__Gammaproteobacteria;o__Enterobacterales;f__Enterobacteriaceae;g__Escherichia;s__Escherichia_coli	k__Bacteria;p__Firmicutes;c__Clostridia;o__Clostridiales;f__Ruminococcaceae;g__Anaerotruncus;s__Anaerotruncus_colihominis	k__Bacteria;p__Firmicutes;c__Clostridia;o__Clostridiales;f__Lachnospiraceae;g__Blautia;s__Blautia_obeum	k__Bacteria;p__Bacteroidetes;c__Bacteroidia;o__Bacteroidales;f__Odoribacteraceae;g__Odoribacter;s__Odoribacter_laneus	k__Bacteria;p__Firmicutes;c__Clostridia;o__Clostridiales;f__Ruminococcaceae;g__Ruminiclostridium;s__[Clostridium]_leptum	k__Bacteria;p__Bacteroidetes;c__Bacteroidia;o__Bacteroidales;f__Porphyromonadaceae;g__Parabacteroides;s__Parabacteroides_goldsteinii	k__Bacteria;p__Firmicutes;c__Clostridia;o__Clostridiales;f__Lachnospiraceae;g__Anaerostipes;s__Anaerostipes_hadrus	k__Bacteria;p__Firmicutes;c__Clostridia;o__Clostridiales;f__Ruminococcaceae;g__Ruminococcus;s__Ruminococcus_lactaris	k__Bacteria;p__Firmicutes;c__Clostridia;o__Clostridiales;f__Clostridiaceae;g__Clostridium;s__Clostridium_sp._L2-50	k__Bacteria;p__Firmicutes;c__Clostridia;o__Clostridiales;f__Clostridiaceae;g__Clostridium;s__Clostridium_sp._M62/1	k__Bacteria;p__Firmicutes;c__Clostridia;o__Clostridiales;f__;g__Intestinimonas;s__Intestinimonas_butyriciproducens	k__Bacteria;p__Actinobacteria;c__Actinobacteria;o__Bifidobacteriales;f__Bifidobacteriaceae;g__Bifidobacterium;s__Bifidobacterium_bifidum	k__Bacteria;p__Firmicutes;c__Negativicutes;o__Veillonellales;f__Veillonellaceae;g__Dialister;s__Dialister_invisus	k__Bacteria;p__Bacteroidetes;c__Bacteroidia;o__Bacteroidales;f__Bacteroidaceae;g__Bacteroides;s__Bacteroides_salanitronis
k__Bacteria;p__Bacteroidetes;c__Bacteroidia;o__Bacteroidales;f__Bacteroidaceae;g__Bacteroides;s__Bacteroides_vulgatus	1.0	-0.0308143842975	-0.0306667076578	-0.0792691965824	-0.0930700549869	-0.0733870630608	0.0304311030578	-0.040487909862	-0.0303991270665	-0.0197269644117	0.00294267648181	0.0089234351891	-0.0228448911975	0.0303350968959	-0.0787912625438	-0.011869280521	-0.0123375509466	-0.0443445389627	-0.0267036176784	-0.0120645509672	0.0168729759968	-0.0219336421554	0.0123863144424	-0.026322079391	0.0247578234879	0.0540323711775	-0.015963068573	-0.0104842253775	-0.027686396062	-0.00933448939591	-0.0562054874578	0.0459079457711	0.0502335823946	-0.0483108987141	0.0169500939483	0.033249846337	0.00887363923787	0.026445892631	-0.0370696479928	0.0553138565987	-0.0621341918384	-0.0432218692179	-0.00443794703117	-0.00133291038869	-0.00730396134154	-0.0505397651716	-0.0294437126869	-0.0231997287413	-0.0253475110838	0.0217008159707	-0.022008924703	0.00621562344734	-0.0787264231067	0.0357115604013	0.0409320851857	0.024230836121	0.0456379890054	0.0106540480674	0.00544394625451
k__Bacteria;p__Bacteroidetes;c__Bacteroidia;o__Bacteroidales;f__Bacteroidaceae;g__Bacteroides;s__Bacteroides_uniformis	-0.0308143842975	1.0	0.00797142882122	0.0202578152874	-0.00915021179205	-0.0135093290725	0.00021163526143	-0.016925559957	-0.0411100719275	-0.0265143922713	0.0069707607053	-0.0612805274334	0.0137078026772	-0.0115999510328	-0.00811626360236	0.00136471406407	0.0107599364428	-0.0295263478329	-0.00663757393841	-0.00315926322792	-0.0204771693807	0.0442689615974	0.0265312551163	0.0482570393572	-0.0350735112502	0.0487532639122	0.00303192539376	-0.0316675550093	0.0120336760182	0.061673117553	-0.0345321784098	-0.080981696131	0.0125074874558	-0.00076671372845	0.0122265844369	-0.00356195398809	-0.0316183019312	0.0493492656398	-0.034501354529	-0.0578946785561	0.0280467483763	-0.0265843690066	-0.00584328226226	-0.0147241968148	-0.0585981263615	-0.00997084521728	0.000383968572671	0.0229861231164	-0.0752623521476	-0.0209833625715	-0.0412722695582	-0.0613220597528	-0.0344440952992	0.0331693521133	-0.0509126583467	-0.0411227215128	0.00142022669563	-0.054874051362	-0.0613026124354
k__Bacteria;p__Bacteroidetes;c__Bacteroidia;o__Bacteroidales;f__Rikenellaceae;g__Alistipes;s__Alistipes_putredinis	-0.0306667076578	0.00797142882122	1.0	-0.0411046578512	0.0140334007101	0.0140235493623	0.0564442550514	-0.0616759364613	-0.0104373601822	-0.0126794488559	-0.0577123014328	0.0545706601801	0.0405533841031	0.00774555933644	-0.0215557196714	-0.0297390681798	-0.0211835449377	-0.0358459840522	0.00289813572305	-0.0472080223283	0.0255813519249	-0.0520289684687	0.00111929541895	0.0632114940463	-0.0356619451938	0.0120703086748	-0.0339980300437	0.019696953261	0.0230199209976	-0.0761518888329	-0.0015966542158	-0.0573850187813	-0.00501010558378	-0.0280204949491	-0.0439796330033	-0.0752760922355	-0.0239134646811	0.00913706721179	-0.0225540365871	-0.037465345725	0.0108148479896	-0.0492435802707	-0.0298571036994	-0.0102491954217	0.0376010472016	0.0750526545733	-0.0466992744509	-0.0403705254479	-0.023919845914	-0.0843259558891	-0.00956918824463	0.00264742133903	-0.0929747410048	-0.0276675719275	0.0954061045942	0.0227144368251	0.012512228664	-0.00315457436356	-0.0107058790082
k__Bacteria;p__Bacteroidetes;c__Bacteroidia;o__Bacteroidales;f__Prevotellaceae;g__Prevotella;s__Prevotella_copri	-0.0792691965824	0.0202578152874	-0.0411046578512	1.0	0.0315046790424	-0.0171842096029	0.0518098704207	0.042130537346	-0.0773123210495	0.0238989363554	0.0937794401794	0.00517578266043	-0.0138447560047	0.0369109668081	-0.071223084012	0.0219037640727	-0.0348806773448	0.0103389618303	-0.000797529038165	-0.0700410093457	0.0167174401216	-0.0138559270859	-0.0238599521785	0.0728014926819	-0.00918400240247	0.0128079559366	-0.0128046023406	-0.0596806177288	-0.00479815375853	-0.0121072718933	0.00752814521664	0.0257897054242	-0.0211769482181	0.041666853109	-0.0200530397622	-0.0296998874929	0.0456723812406	-0.00814672503536	0.0218575460384	0.0272894249038	-0.0231445756657	0.0928496618555	-0.0242802647399	0.0109628082497	0.0175810222565	-0.069429214727	-0.0388195811615	0.014942110844	-0.0286233318151	-0.0664085310556	-0.0527116937907	-0.000265040962067	0.000824241149098	0.0245256986401	-0.0467725854177	-0.019650457204	-0.0383321697635	0.0474321063049	-0.0552913286967
k__Bacteria;p__Bacteroidetes;c__Bacteroidia;o__Bacteroidales;f__Bacteroidaceae;g__Bacteroides;s__Bacteroides_stercoris	-0.0930700549869	-0.00915021179205	0.0140334007101	0.0315046790424	1.0	0.0226940539774	0.0260645535427	-0.0752423053109	-0.0381526808106	0.0144204734438	0.0278229686092	0.00487379585421	0.0285115760114	-0.0314528168208	0.0675401987533	-0.0525050108884	0.0308629764255	-0.0177663490516	0.0108499948717	0.0137957277358	-0.0849332990909	-0.0197632407643	-0.0183988339487	0.0117236221822	0.0353066768887	-0.0256336650119	0.0561884526651	0.02206743682	0.00262416433621	-0.0221493688111	0.0245985682741	-0.0586002665593	-0.0416995780452	0.00992230364678	0.0234475526578	0.0165408245109	-0.0604897302763	0.0179496802816	0.0693933845833	-0.00983414493049	0.0130374487283	0.00714317207938	-0.079484156362	-0.00420357447434	0.0603894224276	-0.0454416495546	0.0334798346983	-0.0816067471698	-0.0227622193744	-0.0137015469861	0.0451887365945	-0.0517245536605	-0.00567674302249	-0.032922914731	-0.0635675380374	0.00160574287321	-0.0148304623388	0.0468269734674	0.00327162875206
k__Bacteria;p__Bacteroidetes;c__Bacteroidia;o__Bacteroidales;f__Bacteroidaceae;g__Bacteroides;s__Bacteroides_ovatus	-0.0733870630608	-0.0135093290725	0.0140235493623	-0.0171842096029	0.0226940539774	1.0	0.0985898882243	0.0240924450845	-0.000445172944279	0.0270951519588	-0.0727652637486	-0.0425618160262	-0.0257129877212	-0.0586175116256	0.0206389667177	-0.0014094801129	-0.0696465189181	0.0545716180477	-0.0459665052374	-0.0127461647566	-0.00193050199005	-0.0546969998277	0.0420091888329	-0.088434966649	-0.0298002683208	-0.0702131025983	0.0292505245874	-0.0324247562631	-0.0480435445647	-0.0321330039331	-0.0213888831052	-0.0167521250715	-0.00465281660795	-0.0612002941234	-0.017965878803	0.0035169341867	-0.0665840342118	-0.0261786940947	-0.00234809384933	0.0915267164343	0.0340381997301	-0.0363360204323	-0.0114174506124	-0.0116069962516	0.00765540786844	0.058483501473	0.0105663546378	-0.0293751891435	-0.0123460204627	-0.00382801199154	-0.0165275858047	-0.0665683644309	0.00709069676666	-0.069814678622	-0.0187139482772	-0.0693403311595	0.056568319425	-0.0395326565481	-0.0517537251526
k__Bacteria;p__Bacteroidetes;c__Bacteroidia;o__Bacteroidales;f__Rikenellaceae;g__Alistipes;s__Alistipes_shahii	0.0304311030578	0.00021163526143	0.0564442550514	0.0518098704207	0.0260645535427	0.0985898882243	1.0	-0.039663242825	0.0429204706237	0.0190847135475	0.000815476730352	0.00631775144972	-0.0141787915104	-0.00901494669906	-0.00858736550068	-0.0339192927608	0.00275488253866	-0.0346207394811	0.0781654411115	-0.053117912601	-0.0342682839395	0.0354474095078	-0.0282944623417	-0.0494927992417	-0.0496398801244	-0.0560126504663	-0.0122943065502	0.000355633147425	-0.0314040644786	-0.0165234924953	0.0809096010602	-0.0031627918369	0.035748763519	0.056667996265	-0.0343038955849	-0.0142178940238	-0.0616129215073	-0.0185506531064	-0.00644235293755	-0.00474996327446	-0.0019772757563	-0.073924402145	-0.0626189919197	-0.0216357967549	-0.00818629247426	-0.0464277476719	-0.0150458591622	0.0213180012891	-0.0638699735253	-0.0817060593239	0.00599836823107	-0.043837881768	-0.0719794706636	0.0177822386113	-0.0164995847396	0.0449683936828	0.0299127107113	0.00730073483143	0.0202287149372
k__Bacteria;p__Firmicutes;c__Clostridia;o__Clostridiales;f__Ruminococcaceae;g__Faecalibacterium;s__Faecalibacterium_prausnitzii	-0.040487909862	-0.016925559957	-0.0616759364613	0.042130537346	-0.0752423053109	0.0240924450845	-0.039663242825	1.0	-0.0562156874388	0.00022269997107	-0.0652474434955	-0.0275481284325	-0.018654669805	-0.0325503972846	0.00295070168853	0.0412313148284	0.0617360786479	0.0835407175619	0.0311133746446	0.0149610877821	-0.00410203428035	-0.0394178110968	0.0337269360874	0.0372072560174	-0.0724724545334	0.00845900372547	0.0184620841912	-0.0764815790668	-0.0195463436128	0.018198086819	0.0496647619624	-0.0377656997787	0.0314413425093	-0.109646173367	0.0244203582547	-0.00537162098527	0.0255951301498	0.0756689623008	-0.00482520907349	-0.0424326056609	-0.0386796839247	0.0764686858169	-0.0100638304598	-0.0568337962147	-0.0236145336454	-0.0530991701392	0.00203717036	0.034514489659	0.031774017322	-0.0924783008086	0.0241754736853	0.0184853916712	0.0307522124622	0.0342683773454	-0.0906192098326	-0.0536472395063	0.0367542934478	0.0392486326467	-0.0511945171118
k__Bacteria;p__Bacteroidetes;c__Bacteroidia;o__Bacteroidales;f__Rikenellaceae;g__Alistipes;s__Alistipes_finegoldii	-0.0303991270665	-0.0411100719275	-0.0104373601822	-0.0773123210495	-0.0381526808106	-0.000445172944279	0.0429204706237	-0.0562156874388	1.0	-0.00758598211644	-0.0213788219941	0.00440986552609	-0.0301477324165	0.0338805011851	0.0432650543834	0.051052581182	0.00493843266851	-0.0208634310939	0.00874378339432	-0.00902919644228	0.00831725645235	-0.0540249106414	0.0523780622209	-0.0560520557092	-0.00978493768683	-0.012862880151	-0.0104847654861	0.0423509308737	0.00862637885062	0.0192843518327	0.0263104364732	-0.0610063501866	-0.0773137438363	0.0562367196324	-0.0252743079999	0.00381748695119	-0.0245489801956	0.00611713911839	-0.102597854795	0.00492148392733	0.00666249136042	0.0348778713249	0.0503296111423	-0.0060694381339	-0.000427320613292	0.0143740981894	-0.0857013298691	-0.0297037763584	-0.0739574797913	-0.0096561603862	0.0679234611308	-0.0469161753881	-0.00661899598281	-0.0312018705144	-0.0258646414826	-0.0382058434234	-0.0224366810669	0.0155201872508	-0.020481840525
k__Bacteria;p__Bacteroidetes;c__Bacteroidia;o__Bacteroidales;f__Porphyromonadaceae;g__Parabacteroides;s__Parabacteroides_distasonis	-0.0197269644117	-0.0265143922713	-0.0126794488559	0.0238989363554	0.0144204734438	0.0270951519588	0.0190847135475	0.00022269997107	-0.00758598211644	1.0	0.0148351428256	0.0493883278222	0.0314362556125	-0.026218432566	-0.0936068038381	-0.00455932730034	-0.0135948162955	-0.0564219480128	0.0263944708045	0.0252580746505	0.0622466179087	0.0128345472475	0.0607789505618	0.0139190865183	0.0273147570753	-0.017918388093	-0.000102888022165	0.0138348021882	-0.0773107267667	0.00270164489563	-0.0766339135088	-0.00275826463224	0.0488800282738	0.00662636152762	0.0783629618937	-0.0485963271247	-0.108798677588	-0.0125039939547	0.0208028565122	-0.0315846936087	0.0509447215168	-0.0296874849491	-0.00575858202818	-0.068802944192	-0.00561507616163	-0.0334796837957	-0.05888014693	0.0263075370855	-0.029718620128	0.0131890589743	-0.0149637962821	0.0268130398947	0.0254616334403	-0.0289661668585	-0.0309168149143	0.0594200021804	-0.011290786364	0.0101688482753	-0.0481352413836
k__Bacteria;p__Bacteroidetes;c__Bacteroidia;o__Bacteroidales;f__Bacteroidaceae;g__Bacteroides;s__Bacteroides_thetaiotaomicron	0.00294267648181	0.0069707607053	-0.0577123014328	0.0937794401794	0.0278229686092	-0.0727652637486	0.000815476730352	-0.0652474434955	-0.0213788219941	0.0148351428256	1.0	0.03469759452	-0.0389928611054	0.014713655357	-0.0118410972839	-0.0328380456041	0.0161066640015	-0.00731492496969	-0.013807182984	-0.0142412121325	-0.0480569999644	-0.0563809702097	-0.0463653459024	0.07453314508	0.0545363808884	-0.0464571864151	0.0316968227047	0.06662216999	-0.0176146495717	-0.0275740518631	-0.0451015837281	0.00312773842568	0.00781240540214	-0.0442011773705	0.0277319164085	-0.0526371140005	-0.0711964667638	0.00624238425259	-0.00962899745914	-0.0413372281486	-0.0213578602759	0.0430361508781	0.0480563363373	-0.0243483741712	0.0164313209743	0.0121566146364	0.00314320834973	0.0344550035827	-0.0352206056228	0.00537042713039	0.0245419923188	-0.0460691097727	-0.0132179980427	-0.0378496992717	0.000825846370552	0.0158948208878	0.0365132466962	0.0454041144052	-0.0514521916854
k__Bacteria;p__Bacteroidetes;c__Bacteroidia;o__Bacteroidales;f__Bacteroidaceae;g__Bacteroides;s__Bacteroides_coprocola	0.0089234351891	-0.0612805274334	0.0545706601801	0.00517578266043	0.00487379585421	-0.0425618160262	0.00631775144972	-0.0275481284325	0.00440986552609	0.0493883278222	0.03469759452	1.0	0.0271019145341	0.027423856855	-0.0495768195637	-0.0195260385559	0.00680284545315	0.0404882866849	0.027534644095	0.0153528806304	0.00829885883232	-0.00794567585766	0.106742583519	-0.0092261492871	0.0010335193929	-0.035060669889	-0.0363104892655	-0.0347116397838	-0.0338408126334	-0.0301272771777	0.0239839772923	0.0412964831795	0.068872962258	-0.0448873958749	-0.0704609285046	0.0284948755628	-0.0490707499198	0.0561325393984	-0.0645063496955	-0.0387626888983	0.00840838038692	-0.0758794134172	0.0147701873773	-0.0304672919491	-0.00147667182054	0.0375959782623	-0.108695647205	-0.0663745002616	-0.0112233271014	0.0250337794916	-0.0514908123562	-0.0737874430174	0.016977687129	0.0571826264626	0.0611240093631	-0.0155478250295	-0.0292111585687	0.00137514098745	-0.0181973547486
k__Bacteria;p__Bacteroidetes;c__Bacteroidia;o__Bacteroidales;f__Bacteroidaceae;g__Bacteroides;s__Bacteroides_cellulosilyticus	-0.0228448911975	0.0137078026772	0.0405533841031	-0.0138447560047	0.0285115760114	-0.0257129877212	-0.0141787915104	-0.018654669805	-0.0301477324165	0.0314362556125	-0.0389928611054	0.0271019145341	1.0	0.0448931044623	0.0193757872695	-0.0470828946223	0.03359047907	-0.00340845126741	0.0285313052107	-0.0969657387377	-0.0647118239266	0.0239352197076	-0.0262715332714	-0.0683137561214	-0.0505359667875	-0.0380942539159	0.00761050981813	0.0231052418036	-0.0370197193756	-0.00610908494425	-0.0740837088311	-0.0121567877286	-0.0425563088927	-0.0662156995334	-0.0289712726228	-0.00476758062134	0.0132154723496	-0.05248001338	-0.0146798310067	-0.0289120629172	0.00617768869733	0.0405192576512	-0.0120237012417	-0.0491494865337	-0.0361303300573	0.0326781565192	0.00185618212195	0.0391118461113	-0.00229838916838	0.0279572991904	-0.0607788257572	0.0437724536655	0.0143791039201	0.0782357071423	-0.0210983480436	0.0545399222865	0.0282729190486	0.00730889427427	0.00732944467179
k__Bacteria;p__Bacteroidetes;c__Bacteroidia;o__Bacteroidales;f__Rikenellaceae;g__Alistipes;s__Alistipes_obesi	0.0303350968959	-0.0115999510328	0.00774555933644	0.0369109668081	-0.0314528168208	-0.0586175116256	-0.00901494669906	-0.0325503972846	0.0338805011851	-0.026218432566	0.014713655357	0.027423856855	0.0448931044623	1.0	-0.0110089557232	0.0156407815964	0.00318045945907	0.0239101032763	0.0159365289904	0.0188415661513	0.00964016683346	-0.00725584882119	0.0441616799427	0.0181595792227	-0.0336828475715	0.0332059692745	-0.00644381075628	-0.0116618175709	-0.0229313124696	0.00783007181921	0.0288134226954	-0.0248572354074	-0.0520204661564	-0.0502018350295	-0.0639978117033	0.0509204993098	0.00584829526575	-0.033963251429	0.0602441819973	0.0165697779678	-0.0686315551594	-0.0244228986468	-0.0332478448942	0.032510380352	-0.0447865534366	-0.0952385553106	0.00630412020125	-0.087314803501	0.0330623546918	-0.0130499013836	-0.0549289134622	0.00879050394832	0.0235159313265	0.00579526229142	-0.0998218443724	0.0494368663448	-0.0979766541229	0.0198062653832	0.0303134974525
k__Bacteria;p__Firmicutes;c__Clostridia;o__Clostridiales;f__Lachnospiraceae;g__;s__[Eubacterium]_rectale	-0.0787912625438	-0.00811626360236	-0.0215557196714	-0.071223084012	0.0675401987533	0.0206389667177	-0.00858736550068	0.00295070168853	0.0432650543834	-0.0936068038381	-0.0118410972839	-0.0495768195637	0.0193757872695	-0.0110089557232	1.0	0.0165909033876	-0.0968433169106	-0.0414480747988	-0.0434104308454	-0.00524359377912	0.0194076587933	0.0552677404145	-0.0139545899161	-0.0486547364409	-0.0342091076862	0.0110487900831	0.00402724634942	0.0225133384703	0.00929810796473	-0.0157717560983	0.00751018370431	-0.0345662634546	-0.0529179935507	-0.0429329160645	0.0232462904241	0.0073697505416	-0.00779336669786	-0.0193468764874	0.0367734802895	0.0212827388561	-0.0594674625324	-0.0514852969575	0.034745097395	0.0199638308442	-0.039928351888	0.0362276003535	0.0438545042636	0.030535002859	0.0216238574009	-0.0100750824687	-0.0934561340477	-0.00435880966699	0.0513142713623	-0.0264888290916	0.0163854645677	-0.00180906327146	-0.0618309377953	-0.0344071730278	0.0156082658768
k__Bacteria;p__Bacteroidetes;c__Bacteroidia;o__Bacteroidales;f__Bacteroidaceae;g__Bacteroides;s__Bacteroides_plebeius	-0.011869280521	0.00136471406407	-0.0297390681798	0.0219037640727	-0.0525050108884	-0.0014094801129	-0.0339192927608	0.0412313148284	0.051052581182	-0.00455932730034	-0.0328380456041	-0.0195260385559	-0.0470828946223	0.0156407815964	0.0165909033876	1.0	-0.0584098335193	-0.026897970325	-0.0335652604908	0.00544133446142	0.0123126983303	0.0221105861305	-0.000994732929274	0.0576476880138	0.0171615735544	-0.00546931916824	0.0754420374981	-0.0831054994871	-0.0273620562258	0.0257042056752	-0.0258025382946	-0.029194219208	0.0562943465942	-0.0209979019247	-0.0249772133393	0.0324825675385	0.0374145437644	-0.0147925071127	-0.0193793520126	0.0215216250603	-0.0526941336118	-0.00376635433915	-0.0305716870504	-0.0926812934034	-0.052618061204	0.035336298548	0.0259904693768	0.0371004588232	0.0115403482156	-0.0544648607163	-0.0266644314279	0.0044772699704	0.0264942087302	-0.0516286553781	0.00154476537394	0.00641185887521	-0.0374032304563	0.0133463306015	-0.00297484812794
k__Bacteria;p__Bacteroidetes;c__Bacteroidia;o__Bacteroidales;f__Bacteroidaceae;g__Bacteroides;s__Bacteroides_fragilis	-0.0123375509466	0.0107599364428	-0.0211835449377	-0.0348806773448	0.0308629764255	-0.0696465189181	0.00275488253866	0.0617360786479	0.00493843266851	-0.0135948162955	0.0161066640015	0.00680284545315	0.03359047907	0.00318045945907	-0.0968433169106	-0.0584098335193	1.0	0.0482115309626	0.0268655004637	-0.0349088965582	0.0853162090727	-0.0112606757018	-0.0495650585717	-0.0458397133239	-0.0386837639567	0.00170384814034	0.0713289429669	-0.0265958012895	0.0420694698871	0.023719262114	0.0115902409002	0.0246483860789	-0.0121849660241	-0.0616470997758	-0.0231476117847	-0.00486318768291	-0.08282022231	-0.00696876576038	-0.00827441337552	-0.00963187943465	0.00398958358516	0.0227057861672	-0.0504035309465	0.00827019247093	-0.00770460707953	-0.0208268060314	0.0484649916912	-0.014955020884	-0.00065741548559	0.0186496909954	0.0573051230425	0.0361975546697	-0.0504244271436	0.0700766983078	-0.0790348533455	-0.0293751592799	-0.00790071722939	-0.0232443360515	0.0189336567721
k__Bacteria;p__Proteobacteria;c__Betaproteobacteria;o__Burkholderiales;f__Sutterellaceae;g__Sutterella;s__Sutterella_wadsworthensis	-0.0443445389627	-0.0295263478329	-0.0358459840522	0.0103389618303	-0.0177663490516	0.0545716180477	-0.0346207394811	0.0835407175619	-0.0208634310939	-0.0564219480128	-0.00731492496969	0.0404882866849	-0.00340845126741	0.0239101032763	-0.0414480747988	-0.026897970325	0.0482115309626	1.0	-0.00748116716497	-0.044135207266	0.0188069527472	0.00676183420849	-0.0401033899821	0.00821960193383	-0.0147786253005	0.01477626749	0.0235105208399	-0.0146844641941	0.0287475054088	0.034798235468	-0.083088935835	-0.0062829729036	-0.0407791832625	0.0915378920579	-0.040748625939	-0.0668127271271	-0.0216922853248	-0.0204468832813	-0.0518937553933	-0.101326856108	-0.0101993541546	-0.0205089451145	-0.0363203573958	-0.0439224034414	0.0109157108841	-0.0288128392024	-0.0189098927881	0.014895289845	0.00871818196364	0.00225795461948	0.0634854386624	0.0244440293004	0.0529057764341	-0.00372330967608	-0.0626348019428	0.0176466651472	0.0409543975656	-0.015753534605	0.0148767134949
k__Bacteria;p__Bacteroidetes;c__Bacteroidia;o__Bacteroidales;f__Porphyromonadaceae;g__Barnesiella;s__Barnesiella_intestinihominis	-0.0267036176784	-0.00663757393841	0.00289813572305	-0.000797529038164	0.0108499948717	-0.0459665052374	0.0781654411115	0.0311133746446	0.00874378339432	0.0263944708045	-0.013807182984	0.027534644095	0.0285313052107	0.0159365289904	-0.0434104308454	-0.0335652604908	0.0268655004637	-0.00748116716497	1.0	-0.0375935095081	0.0229488706038	0.071356745467	-0.0108604886731	-0.0228692183015	-0.00137362328403	0.00473909785769	-0.0325947818053	-0.00893380544174	0.0811886330762	0.0326052490818	0.0186529586936	0.00412695116624	-0.0258711843269	-0.0136367406502	0.0782828874944	-0.0599956569594	0.0597832522131	-0.0227947808235	0.0434522387556	-0.0453062388434	-0.0327497034502	-0.0178008446591	-0.0137624060162	-0.0172767963037	-0.00975109439608	-0.0443951860209	-0.0414113440367	-0.0658109668881	-0.0485671747332	-0.0192289940349	0.0307673183054	0.000638536676689	-0.000474951867774	-0.0265184397359	-0.0590438491831	-0.037925556995	-0.0344040471844	0.0405214068038	-0.0440692999936
k__Bacteria;p__Bacteroidetes;c__Bacteroidia;o__Bacteroidales;f__Odoribacteraceae;g__Odoribacter;s__Odoribacter_splanchnicus	-0.0120645509672	-0.00315926322792	-0.0472080223283	-0.0700410093457	0.0137957277358	-0.0127461647566	-0.053117912601	0.0149610877821	-0.00902919644228	0.0252580746505	-0.0142412121325	0.0153528806304	-0.0969657387377	0.0188415661513	-0.00524359377912	0.00544133446142	-0.0349088965582	-0.044135207266	-0.0375935095081	1.0	-0.053555436946	-0.00724575873214	-0.0263197891197	0.0737897851029	-0.0557661734341	-0.0680881948482	-0.0468331673425	-0.0329924346479	-0.044818177015	-0.0385041096424	0.0560625875241	-0.021625647443	-0.000954264780027	-0.0160414338335	0.0236898870565	0.000716953860167	-0.00854790090759	-0.0717135868101	0.00705379753521	0.00510561378914	-0.0565628446371	-0.05797093631	-0.00794229213417	-0.0483997737405	0.0755973166732	-0.0628775803652	0.0138838514025	0.0123756615109	0.00753986725499	0.00918050468603	-0.0337487917337	-0.00731053772716	0.0734785216168	-0.00736298768992	0.0839184097302	-0.0348965330759	-0.0509574404097	-0.0924545805981	0.0223901759563
k__Bacteria;p__Bacteroidetes;c__Bacteroidia;o__Bacteroidales;f__Bacteroidaceae;g__Bacteroides;s__Bacteroides_salyersiae	0.0168729759968	-0.0204771693807	0.0255813519249	0.0167174401216	-0.0849332990909	-0.00193050199005	-0.0342682839395	-0.00410203428035	0.00831725645235	0.0622466179087	-0.0480569999644	0.00829885883232	-0.0647118239266	0.00964016683346	0.0194076587933	0.0123126983303	0.0853162090727	0.0188069527472	0.0229488706038	-0.053555436946	1.0	-0.0780993889935	-0.0578746708056	-0.0239508375861	-0.0805053015107	-0.0046553298307	0.0504490595386	-0.0345443676236	-0.0647470287155	-0.0187515167965	-0.00127487636811	-0.0463745122898	0.0361123800576	0.0291395482987	0.0232389068626	0.010686836986	0.056747034553	0.0240982814108	0.0277585291718	0.014278014949	-0.037984265979	0.0593244344686	-0.0466615535763	0.0697247199002	-0.0270909057532	0.00226363861716	0.00738232923422	-0.0298939160131	0.0197890742731	-0.0173049306601	-0.0588758522457	-0.0202959777426	0.112090547731	-0.00230008596769	-0.0213703863269	-0.0119711552577	0.0251259790537	-0.0321216249246	-0.0326105806227
k__Bacteria;p__Firmicutes;c__Clostridia;o__Clostridiales;f__Ruminococcaceae;g__Ruminiclostridium;s__[Eubacterium]_siraeum	-0.0219336421554	0.0442689615974	-0.0520289684687	-0.0138559270859	-0.0197632407643	-0.0546969998277	0.0354474095078	-0.0394178110968	-0.0540249106414	0.0128345472475	-0.0563809702097	-0.00794567585766	0.0239352197076	-0.00725584882119	0.0552677404145	0.0221105861305	-0.0112606757018	0.00676183420849	0.071356745467	-0.00724575873214	-0.0780993889935	1.0	-0.0411175254187	-0.00734306729283	-0.0311644475885	0.0203021898245	-0.0333306738865	0.0255119797277	-0.00948530274988	0.0998534387826	0.0135026022123	-0.0311770319757	-0.0604945849701	-0.0147271020776	0.0296982867836	-0.0133235461136	-0.0650778211391	-0.0115744487682	-0.0185555881252	-0.0630758644546	-0.03391207939	-0.044806634226	0.0129254284315	-0.0265683538541	-0.00757599563828	-0.00927406151418	-0.0210230857833	-0.0161740187316	0.0209112034035	0.0158322998149	-0.0113475992019	0.000778021373535	-0.0360695783655	-0.00615745636224	-0.000163104038719	-0.0553737750685	-0.0127633424359	0.017901873568	0.0370575577772
k__Bacteria;p__Proteobacteria;c__Betaproteobacteria;o__Burkholderiales;f__Sutterellaceae;g__Parasutterella;s__Parasutterella_excrementihominis	0.0123863144424	0.0265312551163	0.00111929541895	-0.0238599521785	-0.0183988339487	0.0420091888329	-0.0282944623417	0.0337269360874	0.0523780622209	0.0607789505618	-0.0463653459024	0.106742583519	-0.0262715332714	0.0441616799427	-0.0139545899161	-0.000994732929274	-0.0495650585717	-0.0401033899821	-0.0108604886731	-0.0263197891197	-0.0578746708056	-0.0411175254187	1.0	0.0126475836001	0.0201143940058	0.076769023802	0.0475232647534	0.0320556838647	0.030808799988	0.0100592261814	-0.0148667636312	0.0585174900576	-0.0580068430182	0.0110327348807	-2.18416102829e-05	0.00124888913934	0.0258263900634	-0.0201272027882	-0.0466069210276	-0.014606251244	-0.0322818523467	-0.027933530588	-0.0806822223418	-0.0523733336319	0.0203872033258	0.0619481891198	-0.0461499728936	0.038463450819	-0.0402132944565	-0.0730511249365	-0.00109449971508	-0.00685577506737	-0.0491105097349	-0.0566976371107	0.0485984750342	-0.040007701222	-0.112949104319	0.0116778629445	-0.00822371839652
k__Bacteria;p__Actinobacteria;c__Actinobacteria;o__Bifidobacteriales;f__Bifidobacteriaceae;g__Bifidobacterium;s__Bifidobacterium_adolescentis	-0.026322079391	0.0482570393572	0.0632114940463	0.0728014926819	0.0117236221822	-0.088434966649	-0.0494927992417	0.0372072560174	-0.0560520557092	0.0139190865183	0.07453314508	-0.0092261492871	-0.0683137561214	0.0181595792227	-0.0486547364409	0.0576476880138	-0.0458397133239	0.00821960193383	-0.0228692183015	0.0737897851029	-0.0239508375861	-0.00734306729283	0.0126475836001	1.0	-0.0142455546272	0.0448804744331	-0.0389089229225	-0.0419040958454	-0.0265687875968	-0.0330171831366	-0.0701388214957	0.0105022458441	-0.023938993512	0.0277459199471	0.0137720636686	-0.00528753191934	0.0754058107674	0.0327009037386	-0.0129564265476	-0.0109045131143	-0.00425851373674	0.0120773796874	-0.0574366240553	-0.0448326685664	-0.0511871370511	-0.05114964926	0.011476725129	-0.0192530032909	-0.0211989762837	0.0123653935435	0.0381441891287	-0.0838464855709	-0.0813698890844	0.0212869308254	-0.0171583450788	0.0377456446052	-0.00409361181093	-0.00158747912075	0.00492196180252
k__Bacteria;p__Firmicutes;c__Clostridia;o__Clostridiales;f__Oscillospiraceae;g__Oscillibacter;s__Oscillibacter_sp._KLE_1745	0.0247578234879	-0.0350735112502	-0.0356619451938	-0.00918400240247	0.0353066768887	-0.0298002683208	-0.0496398801244	-0.0724724545334	-0.00978493768683	0.0273147570753	0.0545363808884	0.0010335193929	-0.0505359667875	-0.0336828475715	-0.0342091076862	0.0171615735544	-0.0386837639567	-0.0147786253005	-0.00137362328403	-0.0557661734341	-0.0805053015107	-0.0311644475885	0.0201143940058	-0.0142455546272	1.0	0.0369605082103	0.0744021609034	-0.0140605354372	-0.0537236816974	0.00709329525565	0.0124024129914	-0.0976944343723	0.11855382118	-0.0207368555128	-0.0472935266164	-0.0333255916913	-0.0140917686163	0.0195025574251	0.0366133428203	0.0238773317146	0.00808566393285	0.0120899282232	0.0160037317306	-0.0258494927874	-0.034479995752	-0.0627128621415	-0.0513647597297	0.023843103905	-0.0451208646491	-0.0400834425545	0.00741518185292	0.0795171428525	-0.067402723669	-0.0725323649535	-0.0110861198589	0.0148934998193	0.074695505902	0.0486607529364	0.024253586923
k__Bacteria;p__Bacteroidetes;c__Bacteroidia;o__Bacteroidales;f__Bacteroidaceae;g__Bacteroides;s__Bacteroides_coprophilus	0.0540323711775	0.0487532639122	0.0120703086748	0.0128079559366	-0.0256336650119	-0.0702131025983	-0.0560126504663	0.00845900372547	-0.012862880151	-0.017918388093	-0.0464571864151	-0.035060669889	-0.0380942539159	0.0332059692745	0.0110487900831	-0.00546931916824	0.00170384814034	0.01477626749	0.00473909785769	-0.0680881948482	-0.0046553298307	0.0203021898245	0.076769023802	0.0448804744331	0.0369605082103	1.0	0.00437339892542	-0.0370162512065	-0.0341858351703	0.0126025425031	-0.0152041911757	0.0167728508117	0.0182680903246	0.00445602913193	0.0352253529559	-0.00240152104436	0.0310295236203	-0.00518074141093	0.0958000312494	-0.045462681361	-0.0298369415743	-0.0848070316501	0.00361209850141	0.100457700611	-0.039787260921	-0.0494878934103	-0.0250688499553	-0.0299130715115	-0.0759172724059	-0.0439588045347	-0.0117876499426	-0.0405309156417	-0.059479594429	0.0377677639104	-0.0774254620526	-0.0596861231743	0.0362998515276	-0.049364577942	0.0109888203647
k__Bacteria;p__Firmicutes;c__Clostridia;o__Clostridiales;f__Lachnospiraceae;g__Roseburia;s__Roseburia_intestinalis	-0.015963068573	0.00303192539376	-0.0339980300437	-0.0128046023406	0.0561884526651	0.0292505245874	-0.0122943065502	0.0184620841912	-0.0104847654861	-0.000102888022165	0.0316968227047	-0.0363104892655	0.00761050981813	-0.00644381075628	0.00402724634942	0.0754420374981	0.0713289429669	0.0235105208399	-0.0325947818053	-0.0468331673425	0.0504490595386	-0.0333306738865	0.0475232647534	-0.0389089229225	0.0744021609034	0.00437339892542	1.0	-0.0221786603929	-0.054913226696	0.0238869612188	-0.0259139598939	-0.0194923498432	-0.0389315761154	-0.0291233401145	-0.0151531196529	-0.0859323778391	-0.0251249054901	-0.0662000410307	-0.0301555167819	-0.0212966210968	0.0470827140907	0.0327066328452	-0.00377958776297	-0.0364589288248	-0.00324859207307	0.0151440388372	-0.010992184238	0.0153850096172	-0.0259822669347	-0.0373710159713	-0.0166307342633	-0.0582036355466	0.016392507212	-0.0178998427452	-0.00630761911144	0.0209503062304	0.0692375738273	-0.0987177875148	-0.000331654381869
k__Bacteria;p__Firmicutes;c__Clostridia;o__Clostridiales;f__Lachnospiraceae;g__Roseburia;s__Roseburia_hominis	-0.0104842253775	-0.0316675550093	0.019696953261	-0.0596806177288	0.02206743682	-0.0324247562631	0.000355633147425	-0.0764815790668	0.0423509308737	0.0138348021882	0.06662216999	-0.0347116397838	0.0231052418036	-0.0116618175709	0.0225133384703	-0.0831054994871	-0.0265958012895	-0.0146844641941	-0.00893380544174	-0.0329924346479	-0.0345443676236	0.0255119797277	0.0320556838647	-0.0419040958454	-0.0140605354372	-0.0370162512065	-0.0221786603929	1.0	-0.0202295886784	-0.0116052092749	-0.0639585685553	-0.0808544150661	-0.0368924754492	-0.0160810856047	-0.0417030513313	-0.0571646497054	0.020399866807	0.0294137277666	0.055277364097	0.0109289549698	-0.0435941914059	0.0539906282313	0.0115893064906	-0.0436887659163	0.0155162307971	0.0134385496299	-0.101066841506	0.00360783248359	-0.0661275728534	-0.0110705363317	-0.0261877391799	0.00480112320117	0.0152060644764	0.0643718272635	0.0103165634812	-0.0346899862473	0.00486370307225	-0.0416147368062	-0.0605183112021
k__Bacteria;p__Bacteroidetes;c__Bacteroidia;o__Bacteroidales;f__Porphyromonadaceae;g__Parabacteroides;s__Parabacteroides_johnsonii	-0.027686396062	0.0120336760182	0.0230199209976	-0.00479815375853	0.00262416433621	-0.0480435445647	-0.0314040644786	-0.0195463436128	0.00862637885062	-0.0773107267667	-0.0176146495717	-0.0338408126334	-0.0370197193756	-0.0229313124696	0.00929810796473	-0.0273620562258	0.0420694698871	0.0287475054088	0.0811886330762	-0.044818177015	-0.0647470287155	-0.00948530274988	0.030808799988	-0.0265687875968	-0.0537236816974	-0.0341858351703	-0.054913226696	-0.0202295886784	1.0	-0.050176285793	0.0192419305126	-0.00873499415368	0.022508247644	-0.0307627693972	-0.0370573273893	0.0243474434621	0.0449606242697	-0.0473658079472	-0.00616141930912	-0.125397153534	-0.0329200680973	-0.0577994634692	0.0136049984332	0.050597505878	0.0749189432425	0.00802116806786	-0.00537845143526	0.0340056841592	0.0273520219879	0.00174148555037	-0.00591712813015	0.0760011533762	0.00187901433737	-0.00228753594219	-0.0790529253967	-0.00945268495542	-0.021044884573	-0.0288839634613	0.00334270197676
k__Bacteria;p__Actinobacteria;c__Actinobacteria;o__Bifidobacteriales;f__Bifidobacteriaceae;g__Bifidobacterium;s__Bifidobacterium_longum	-0.00933448939591	0.061673117553	-0.0761518888329	-0.0121072718933	-0.0221493688111	-0.0321330039331	-0.0165234924953	0.018198086819	0.0192843518327	0.00270164489563	-0.0275740518631	-0.0301272771777	-0.00610908494425	0.00783007181921	-0.0157717560983	0.0257042056752	0.023719262114	0.034798235468	0.0326052490818	-0.0385041096424	-0.0187515167965	0.0998534387826	0.0100592261814	-0.0330171831366	0.00709329525565	0.0126025425031	0.0238869612188	-0.0116052092749	-0.050176285793	1.0	0.0340305708859	-0.00276627821783	-0.0377871130011	0.0556485038619	-0.0176588275239	-0.0252681313015	-0.0489715366346	0.00133328881968	-0.00907819871616	0.016703498979	0.0204878549637	-0.0317368922304	-0.0428538844373	-0.0074319524453	0.0311568418236	0.00979319604023	-0.0187581049497	-0.103261520638	-0.03361895497	-0.0441012973462	-0.0306669602256	-0.0110813276849	-0.0479016581448	-0.0408734392779	-0.048884822767	-0.0366843385631	-0.0347260913092	-0.0274793424417	0.0669703662679
