#taxonomy	k__Bacteria;p__Bacteroidetes;c__Bacteroidia;o__Bacteroidales;f__Bacteroidaceae;g__Bacteroides;s__Bacteroides_vulgatus	k__Bacteria;p__Bacteroidetes;c__Bacteroidia;o__Bacteroidales;f__Bacteroidaceae;g__Bacteroides;s__Bacteroides_uniformis	k__Bacteria;p__Bacteroidetes;c__Bacteroidia;o__Bacteroidales;f__Rikenellaceae;g__Alistipes;s__Alistipes_putredinis	k__Bacteria;p__Bacteroidetes;c__Bacteroidia;o__Bacteroidales;f__Prevotellaceae;g__Prevotella;s__Prevotella_copri	k__Bacteria;p__Bacteroidetes;c__Bacteroidia;o__Bacteroidales;f__Bacteroidaceae;g__Bacteroides;s__Bacteroides_stercoris	k__Bacteria;p__Bacteroidetes;c__Bacteroidia;o__Bacteroidales;f__Bacteroidaceae;g__Bacteroides;s__Bacteroides_ovatus	k__Bacteria;p__Bacteroidetes;c__Bacteroidia;o__Bacteroidales;f__Rikenellaceae;g__Alistipes;s__Alistipes_shahii	k__Bacteria;p__Firmicutes;c__Clostridia;o__Clostridiales;f__Ruminococcaceae;g__Faecalibacterium;s__Faecalibacterium_prausnitzii	k__Bacteria;p__Bacteroidetes;c__Bacteroidia;o__Bacteroidales;f__Rikenellaceae;g__Alistipes;s__Alistipes_finegoldii	k__Bacteria;p__Bacteroidetes;c__Bacteroidia;o__Bacteroidales;f__Porphyromonadaceae;g__Parabacteroides;s__Parabacteroides_distasonis	k__Bacteria;p__Bacteroidetes;c__Bacteroidia;o__Bacteroidales;f__Bacteroidaceae;g__Bacteroides;s__Bacteroides_thetaiotaomicron	k__Bacteria;p__Bacteroidetes;c__Bacteroidia;o__Bacteroidales;f__Bacteroidaceae;g__Bacteroides;s__Bacteroides_coprocola	k__Bacteria;p__Bacteroidetes;c__Bacteroidia;o__Bacteroidales;f__Bacteroidaceae;g__Bacteroides;s__Bacteroides_cellulosilyticus	k__Bacteria;p__Bacteroidetes;c__Bacteroidia;o__Bacteroidales;f__Rikenellaceae;g__Alistipes;s__Alistipes_obesi	k__Bacteria;p__Firmicutes;c__Clostridia;o__Clostridiales;f__Lachnospiraceae;g__;s__[Eubacterium]_rectale	k__Bacteria;p__Bacteroidetes;c__Bacteroidia;o__Bacteroidales;f__Bacteroidaceae;g__Bacteroides;s__Bacteroides_plebeius	k__Bacteria;p__Bacteroidetes;c__Bacteroidia;o__Bacteroidales;f__Bacteroidaceae;g__Bacteroides;s__Bacteroides_fragilis	k__Bacteria;p__Proteobacteria;c__Betaproteobacteria;o__Burkholderiales;f__Sutterellaceae;g__Sutterella;s__Sutterella_wadsworthensis	k__Bacteria;p__Bacteroidetes;c__Bacteroidia;o__Bacteroidales;f__Porphyromonadaceae;g__Barnesiella;s__Barnesiella_intestinihominis	k__Bacteria;p__Bacteroidetes;c__Bacteroidia;o__Bacteroidales;f__Odoribacteraceae;g__Odoribacter;s__Odoribacter_splanchnicus	k__Bacteria;p__Bacteroidetes;c__Bacteroidia;o__Bacteroidales;f__Bacteroidaceae;g__Bacteroides;s__Bacteroides_salyersiae	k__Bacteria;p__Firmicutes;c__Clostridia;o__Clostridiales;f__Ruminococcaceae;g__Ruminiclostridium;s__[Eubacterium]_siraeum	k__Bacteria;p__Proteobacteria;c__Betaproteobacteria;o__Burkholderiales;f__Sutterellaceae;g__Parasutterella;s__Parasutterella_excrementihominis	k__Bacteria;p__Actinobacteria;c__Actinobacteria;o__Bifidobacteriales;f__Bifidobacteriaceae;g__Bifidobacterium;s__Bifidobacterium_adolescentis	k__Bacteria;p__Firmicutes;c__Clostridia;o__Clostridiales;f__Oscillospiraceae;g__Oscillibacter;s__Oscillibacter_sp._KLE_1745	k__Bacteria;p__Bacteroidetes;c__Bacteroidia;o__Bacteroidales;f__Bacteroidaceae;g__Bacteroides;s__Bacteroides_coprophilus	k__Bacteria;p__Firmicutes;c__Clostridia;o__Clostridiales;f__Lachnospiraceae;g__Roseburia;s__Roseburia_intestinalis	k__Bacteria;p__Firmicutes;c__Clostridia;o__Clostridiales;f__Lachnospiraceae;g__Roseburia;s__Roseburia_hominis	k__Bacteria;p__Bacteroidetes;c__Bacteroidia;o__Bacteroidales;f__Porphyromonadaceae;g__Parabacteroides;s__Parabacteroides_johnsonii	k__Bacteria;p__Actinobacteria;c__Actinobacteria;o__Bifidobacteriales;f__Bifidobacteriaceae;g__Bifidobacterium;s__Bifidobacterium_longum	k__Bacteria;p__Firmicutes;c__Clostridia;o__Clostridiales;f__;g__Flavonifractor;s__Flavonifractor_plautii	k__Bacteria;p__Firmicutes;c__Clostridia;o__Clostridiales;f__Clostridiaceae;g__Clostridium;s__Clostridium_phoceensis	k__Bacteria;p__Verrucomicrobia;c__Verrucomicrobiae;o__Verrucomicrobiales;f__Akkermansiaceae;g__Akkermansia;s__Akkermansia_muciniphila	k__Bacteria;p__Bacteroidetes;c__Bacteroidia;o__Bacteroidales;f__Prevotellaceae;g__Paraprevotella;s__Paraprevotella_xylaniphila	k__Bacteria;p__Firmicutes;c__Clostridia;o__Clostridiales;f__Ruminococcaceae;g__Ruminococcus;s__Ruminococcus_callidus	k__Bacteria;p__Bacteroidetes;c__Bacteroidia;o__Bacteroidales;f__Rikenellaceae;g__Alistipes;s__Alistipes_senegalensis	k__Bacteria;p__Firmicutes;c__Clostridia;o__Clostridiales;f__Lachnospiraceae;g__Blautia;s__Blautia_sp._KLE_1732	k__Bacteria;p__Bacteroidetes;c__Bacteroidia;o__Bacteroidales;f__Bacteroidaceae;g__Bacteroides;s__Bacteroides_oleiciplenus	k__Bacteria;p__Firmicutes;c__Clostridia;o__Clostridiales;f__Ruminococcaceae;g__Ruminococcus;s__Ruminococcus_bicirculans	k__Bacteria;p__Bacteroidetes;c__Bacteroidia;o__Bacteroidales;f__Bacteroidaceae;g__Bacteroides;s__Bacteroides_fluxus	k__Bacteria;p__Bacteroidetes;c__Bacteroidia;o__Bacteroidales;f__Prevotellaceae;g__Prevotella;s__Prevotella_stercorea	k__Bacteria;p__Firmicutes;c__Clostridia;o__Clostridiales;f__Lachnospiraceae;g__Dorea;s__Dorea_longicatena	k__Bacteria;p__Firmicutes;c__Clostridia;o__Clostridiales;f__Eubacteriaceae;g__Eubacterium;s__[Eubacterium]_eligens	k__Bacteria;p__Firmicutes;c__Clostridia;o__Clostridiales;f__Ruminococcaceae;g__;s__Ruminococcaceae_bacterium_D16	k__Bacteria;p__Firmicutes;c__Clostridia;o__Clostridiales;f__Lachnospiraceae;g__Coprococcus;s__Coprococcus_comes	k__Bacteria;p__Proteobacteria;c__Gammaproteobacteria;o__Enterobacterales;f__Enterobacteriaceae;g__Escherichia;s__Escherichia_coli	k__Bacteria;p__Firmicutes;c__Clostridia;o__Clostridiales;f__Ruminococcaceae;g__Anaerotruncus;s__Anaerotruncus_colihominis	k__Bacteria;p__Firmicutes;c__Clostridia;o__Clostridiales;f__Lachnospiraceae;g__Blautia;s__Blautia_obeum	k__Bacteria;p__Bacteroidetes;c__Bacteroidia;o__Bacteroidales;f__Odoribacteraceae;g__Odoribacter;s__Odoribacter_laneus	k__Bacteria;p__Firmicutes;c__Clostridia;o__Clostridiales;f__Ruminococcaceae;g__Ruminiclostridium;s__[Clostridium]_leptum	k__Bacteria;p__Bacteroidetes;c__Bacteroidia;o__Bacteroidales;f__Porphyromonadaceae;g__Parabacteroides;s__Parabacteroides_goldsteinii	k__Bacteria;p__Firmicutes;c__Clostridia;o__Clostridiales;f__Lachnospiraceae;g__Anaerostipes;s__Anaerostipes_hadrus	k__Bacteria;p__Firmicutes;c__Clostridia;o__Clostridiales;f__Ruminococcaceae;g__Ruminococcus;s__Ruminococcus_lactaris	k__Bacteria;p__Firmicutes;c__Clostridia;o__Clostridiales;f__Clostridiaceae;g__Clostridium;s__Clostridium_sp._L2-50	k__Bacteria;p__Firmicutes;c__Clostridia;o__Clostridiales;f__Clostridiaceae;g__Clostridium;s__Clostridium_sp._M62/1	k__Bacteria;p__Firmicutes;c__Clostridia;o__Clostridiales;f__;g__Intestinimonas;s__Intestinimonas_butyriciproducens	k__Bacteria;p__Actinobacteria;c__Actinobacteria;o__Bifidobacteriales;f__Bifidobacteriaceae;g__Bifidobacterium;s__Bifidobacterium_bifidum	k__Bacteria;p__Firmicutes;c__Negativicutes;o__Veillonellales;f__Veillonellaceae;g__Dialister;s__Dialister_invisus	k__Bacteria;p__Bacteroidetes;c__Bacteroidia;o__Bacteroidales;f__Bacteroidaceae;g__Bacteroides;s__Bacteroides_salanitronis
k__Bacteria;p__Bacteroidetes;c__Bacteroidia;o__Bacteroidales;f__Bacteroidaceae;g__Bacteroides;s__Bacteroides_vulgatus	1.0	-0.0490790881112	0.00568879873524	-0.0721277770957	0.0423249537645	0.0114151484448	-0.0260524091826	0.0216115672054	0.0125032160182	0.0249507506871	0.0405792182919	-0.0250582908663	0.0245814712551	-0.0444905062841	0.015226799818	-0.0269211144115	-0.0159272769698	-0.0143251656539	-0.100729719766	0.056178299222	-0.00235722195216	-0.0540844778639	0.0320450386958	0.0215050793123	-0.00634473110302	0.0490117174704	-0.0105899295982	-0.0335224414268	-0.0842134472457	0.0421976447629	-0.0126841620367	-0.00268616911821	-0.0385196570179	0.00928031496406	0.00798601262414	-0.0426774307943	-0.0385330139921	-0.0533427069532	-0.00255654748653	-0.043195219304	0.0156812398892	0.0211589547731	-0.0349899014498	-0.0346891681958	-0.00538444187042	0.010116321507	-0.000988922075684	-0.071336336392	0.0552697036858	-0.0351743566382	0.0236219703321	0.0564751407158	-0.0144543535281	-0.0805526934148	-0.0248070330797	-0.0181102819085	-0.0189630709395	0.0265826655011	-0.0153299414224
k__Bacteria;p__Bacteroidetes;c__Bacteroidia;o__Bacteroidales;f__Bacteroidaceae;g__Bacteroides;s__Bacteroides_uniformis	-0.0490790881112	1.0	0.0332549736684	-0.0264961138252	-0.0225701275448	-0.018918679714	-0.00949837531078	-0.00879068447578	-0.0355589938848	-0.0231532279725	0.0122332297372	0.0388821237862	0.0351412041446	0.0236164046268	-0.00766952364477	0.0249985305561	-0.0218565128693	-0.00642289364258	-0.0170237354044	0.041308335905	-0.0211090743273	-0.0325428800033	-0.036779834832	-0.0356843523708	-0.00220237595058	-0.0324681623397	-0.0112808716089	-0.0182323227179	-0.0400790555072	-0.0331860899257	0.049336814681	0.0463590839182	-0.0287438039746	0.00557603843754	0.00195194963786	0.0551002199833	-0.00863788146057	-0.0494532374817	-0.0671189277548	0.0412041946337	0.0119132277216	-0.0046796492399	-0.00691384852825	-0.00813925202665	-0.0297326757293	0.0285345636023	-0.0356323443593	0.016017820036	0.0332540627918	0.0072263920509	0.0435419032956	-0.00643275807124	-0.0226238526844	0.0108504286754	0.018803478386	0.00997355560699	0.00541574543392	0.0442360843016	0.00119614840266
k__Bacteria;p__Bacteroidetes;c__Bacteroidia;o__Bacteroidales;f__Rikenellaceae;g__Alistipes;s__Alistipes_putredinis	0.00568879873524	0.0332549736684	1.0	0.00541688517527	-0.0273876536732	-0.0217255783174	-0.0251536302107	0.000808493398239	0.00462047153603	0.0113680030397	0.0100884080574	-0.0474505720844	-0.0447203899308	0.0358854750261	-0.0151755903044	0.0151834082075	0.00696643295472	0.0535235890869	-0.0126956725536	0.0765819609302	-0.0372668200724	-0.0359756309184	-0.0478268826131	-0.0656665804537	-0.0775557429109	-0.0307120714916	-0.0191402927689	0.0855458537089	0.0309861438901	0.035205921574	-0.00183894228714	-0.00311796365344	-0.0414561076864	-0.0539751025211	-0.0184613077537	-0.0235511148416	-0.0194428006196	-0.04074956137	0.0164374704327	-0.0756167707833	0.0606453944258	0.0474121797847	0.0198127287999	-0.0249735117985	0.0501203581786	-0.00961801348613	-0.0156465974643	-0.0240084171819	-0.0115747884607	0.00191686282634	-0.0182032844043	0.0343314313383	-0.073904151696	0.0417916373078	-0.0189864071445	-0.0253057996976	0.0100899420153	-0.0290953583965	-0.0223664513366
k__Bacteria;p__Bacteroidetes;c__Bacteroidia;o__Bacteroidales;f__Prevotellaceae;g__Prevotella;s__Prevotella_copri	-0.0721277770957	-0.0264961138252	0.00541688517527	1.0	0.0274268151737	-0.0190810192171	0.0266020212817	0.104064399539	-0.0368612995499	0.0226672491816	0.0288765565084	0.0398717922316	-0.0366960859032	0.0585236277031	-0.020019375894	-0.000898725323064	-0.0896420539563	0.0468048058823	-0.00789822473425	-0.0147708175373	-0.000631734262073	-0.0549856215382	0.000451246501788	-0.0502201869387	0.0184111574599	-0.0646416589583	-0.091397208058	-0.0156561487776	-0.059981976383	-0.0211960140425	-0.0373306200592	-0.0149351546652	0.0188603687741	-0.0187337237342	1.28887964473e-06	0.0167627599198	0.0099818462394	-0.0060619083663	0.0307734050259	-0.0424465033593	-0.00232640792202	0.00992513809194	-0.0163017524319	0.00338572117549	-0.0218731653723	-0.0249698540444	0.031674105486	0.0280612558418	0.00132991494725	-0.00348972343438	-0.00949480397574	-0.0643885520391	0.0065999945158	0.0270951956624	0.0079118622794	-0.0264268045614	-0.0310397277838	0.049312063082	-0.00947334941598
k__Bacteria;p__Bacteroidetes;c__Bacteroidia;o__Bacteroidales;f__Bacteroidaceae;g__Bacteroides;s__Bacteroides_stercoris	0.0423249537645	-0.0225701275448	-0.0273876536732	0.0274268151737	1.0	-0.0318294173147	-0.00906504961181	0.0340986213283	-0.0122962110494	0.0251357731713	0.0350806707788	-0.0482789271811	-0.00446550815384	0.00148426581854	-0.0230767688185	-0.00299898179132	0.0134952142149	0.0832978081405	-0.0519963464105	-0.00534196777387	-0.0382250647043	-0.0211268807307	-0.0208773676178	-0.0331028503503	-0.00520178655123	-0.0865364873813	-0.00299889157808	0.00928109135198	0.0558517352472	-0.0456040848311	-0.0176043378047	-0.0237508049553	0.0157500225098	0.0217690320741	-0.0636675683475	-0.00880712599822	0.00845579898764	0.0373542790404	0.0124049755397	0.0299161195285	0.0709127975188	-0.0675526587051	-0.0124660481202	-0.0294323377606	-0.0251840614629	0.0252232058128	-0.0116201933276	-0.0340859394346	0.0593481154507	0.0306365609139	0.00850868387504	0.0222154186702	-0.103630863814	-0.00955525222968	-0.0268693620739	-0.0231904543927	-0.0459974914517	0.00247053179865	0.0170830352751
k__Bacteria;p__Bacteroidetes;c__Bacteroidia;o__Bacteroidales;f__Bacteroidaceae;g__Bacteroides;s__Bacteroides_ovatus	0.0114151484448	-0.018918679714	-0.0217255783174	-0.0190810192171	-0.0318294173147	1.0	0.0364817021474	0.0117180840212	0.00820916174052	0.00817635113065	0.0174022749691	-0.00250783732448	-0.0453405283798	-0.00208333715395	-0.0695937405538	-0.043442237533	-0.0192269076996	-0.0562703342545	0.024610896957	0.00455050633714	0.0618354588029	0.0137123404825	-0.0301383971459	0.0163635914647	-0.0234957547904	-0.0304708605242	0.00973256546127	-0.014885418058	0.0118135863491	-0.0116678866842	-0.00359899788031	0.013064814479	0.01230920149	-0.0419955957475	-0.00110610510625	-0.0202478615672	-0.00947150560017	-0.0508519163357	0.00102469288804	-0.00383091157476	-0.00151982060818	-0.080016762968	0.0331645649474	-0.0891227334245	0.0178301113519	0.00510530629498	-0.0253776143398	-0.0302263207479	0.0338413165	0.000485869937769	-0.0561432961668	-0.0213390571622	-0.0626879273477	-0.0377885306177	0.0298014637472	-0.00956041639593	-0.00716113582562	-0.00675289242659	-0.014499106112
k__Bacteria;p__Bacteroidetes;c__Bacteroidia;o__Bacteroidales;f__Rikenellaceae;g__Alistipes;s__Alistipes_shahii	-0.0260524091826	-0.00949837531078	-0.0251536302107	0.0266020212817	-0.00906504961181	0.0364817021474	1.0	-0.0255399001351	-0.0510596421225	0.0252987407581	-0.0137735778076	-0.0511039483699	0.0117392312334	0.0196863261352	0.00592924653052	-0.0517026661979	-0.0187990149964	-0.000764004675656	0.0179119006968	-0.0155190535667	0.0177363569099	-0.00804925727259	-0.0249422693773	-0.0466612363741	-0.00887683667375	-0.039826402031	-0.00866208885009	-0.0283986430678	0.0188356616112	0.032709639583	0.0165826843725	-0.0394388442812	0.0384737428393	-0.0169352767465	0.0109809370715	0.0253084933129	-0.000317517281599	-0.010107391513	0.0404980635129	0.00828834283715	-0.0494513351098	-0.0721994186536	0.0169144109558	-0.0255742107705	0.0227642609531	0.0322058443136	-0.0292763533799	-0.0585798737173	-0.0353996754898	0.0192506429306	-0.0449965005775	-0.0189162305045	-0.0100558917078	0.0418297713815	-0.0184316037021	0.0168525213074	-0.00749532681965	0.0373466521833	0.00755842196211
k__Bacteria;p__Firmicutes;c__Clostridia;o__Clostridiales;f__Ruminococcaceae;g__Faecalibacterium;s__Faecalibacterium_prausnitzii	0.0216115672054	-0.00879068447578	0.000808493398239	0.104064399539	0.0340986213283	0.0117180840212	-0.0255399001351	1.0	-0.0134292584227	-0.00769174388343	0.0130716915973	-9.64627468178e-05	-0.0246317805235	0.00136991854862	-0.0516918529036	0.0032072803147	-0.0237849697233	0.0529755065306	0.0387979541355	0.011516127702	0.0356312091513	0.0266885589009	-0.0574092710941	-0.031016815559	-0.0153261595778	0.0105769547447	-0.060859350586	-0.00635116958406	-0.0265501629246	-0.0462976834833	-0.0390799031484	-0.00879043738284	0.0112997752718	-0.0156180866692	0.043261825871	0.0722056806722	-0.0200527441837	0.0342568789345	-0.0146753676705	-0.00132575477044	-0.0328734556208	0.0782585829658	-0.0495735835531	-0.00638842590877	0.00436624027415	0.0323354734571	-0.0338970023209	-0.0124485400795	-0.0714874910907	0.000373237147555	-0.0321761510396	-0.0370427514514	-0.0566661533922	-0.0114842390235	-0.0144927554327	-0.00378035305838	-0.0339931032159	-0.060889603869	-0.0138283496953
k__Bacteria;p__Bacteroidetes;c__Bacteroidia;o__Bacteroidales;f__Rikenellaceae;g__Alistipes;s__Alistipes_finegoldii	0.0125032160182	-0.0355589938848	0.00462047153603	-0.0368612995499	-0.0122962110494	0.00820916174052	-0.0510596421225	-0.0134292584227	1.0	-0.0444206870048	0.0154162645569	0.0494942799116	-0.0413365891292	-0.00620769230937	0.0273588500562	-0.0321140840885	0.0402948438937	-0.0654913195417	0.00693713034787	0.036854648224	0.0455330509713	-0.0191678055316	0.020337210647	0.0382137326222	-0.0669003673581	0.00385178020074	-0.0495077797624	-0.0665281517522	-0.0175634590673	0.0461652929624	-0.0220474314826	0.0540199821958	-0.0393638483972	0.012460451118	0.0354162912287	-0.0323851072391	0.0418363485408	0.00670038306111	0.0240716405946	-0.0486791287528	0.0330689354713	-0.0201145044308	0.0108291045753	0.0137536368003	-0.00184402033859	-0.00716050236393	0.0218008295545	-0.00813623794097	-0.0114217573487	-0.0359147583013	-0.0626832615872	0.0344973574606	0.0132446025089	-0.0394095924007	-0.00569582041943	-0.0118748298572	0.0372937006784	0.0224492986739	-0.0562919999811
k__Bacteria;p__Bacteroidetes;c__Bacteroidia;o__Bacteroidales;f__Porphyromonadaceae;g__Parabacteroides;s__Parabacteroides_distasonis	0.0249507506871	-0.0231532279725	0.0113680030397	0.0226672491816	0.0251357731713	0.00817635113065	0.0252987407581	-0.00769174388343	-0.0444206870048	1.0	-0.068873304506	-0.0150479956916	-0.0342587928468	-0.0295724298288	0.0270106919446	0.00887996492532	-0.0137436631453	0.049418641091	-0.00586572150911	0.00679129861689	-0.0372799507482	0.0351273095639	0.0423992569981	-0.0387820737131	-0.0169721765284	-0.0242821278586	0.00120935741629	0.00799227232949	-0.0586440706479	-0.00876789338915	-0.00318927144986	-0.00545929668902	0.0186002503219	-0.0148705154218	0.0266655709537	-0.0395951871441	-0.0151643041008	0.0577965121568	0.00184180017519	-0.0319736080194	-0.0112709871967	-0.0188789116672	-0.106286617526	-0.0815746100037	-0.0396077275532	0.00470976283041	-0.0312174344396	-0.0162594852118	0.01564895849	-0.0120051437009	-0.0376055651307	-0.0303411350801	0.0076869820035	-0.00943893098431	-0.0231791009261	-0.0447225794977	-0.0165725142565	-0.0278899109304	-0.0115025759322
k__Bacteria;p__Bacteroidetes;c__Bacteroidia;o__Bacteroidales;f__Bacteroidaceae;g__Bacteroides;s__Bacteroides_thetaiotaomicron	0.0405792182919	0.0122332297372	0.0100884080574	0.0288765565084	0.0350806707788	0.0174022749691	-0.0137735778076	0.0130716915973	0.0154162645569	-0.068873304506	1.0	-0.0754879561151	0.0216865759801	-0.0247194249138	-0.0735932974197	-0.0307431266622	-0.0134010064813	-0.00620554114313	-0.0471594101091	-0.0932552254005	-0.0532529216221	0.0237936015952	0.00939993528587	-0.0320049772416	0.0180845737871	0.00171462959693	-0.0232709637266	0.0531089258499	0.00465400610934	0.00258370256607	-0.0211064598593	-0.0397541263968	-0.0169834376459	-0.0230698737424	-0.0259542576558	-0.0392584377248	0.00892332433509	0.0461554954887	-0.00560090312713	-0.0558627039195	0.014907309319	-0.057679169577	-0.0264408221093	0.00390376613741	-0.0297486646838	0.0122593890196	0.0707884001436	-0.0148458411654	0.00503115585692	-0.0281709999742	-0.039599029487	-0.0213975608033	-0.0117672818577	0.0681771663289	-0.0052419833397	0.0188485886667	-0.0531523350349	-0.0231543771773	0.0151225562887
k__Bacteria;p__Bacteroidetes;c__Bacteroidia;o__Bacteroidales;f__Bacteroidaceae;g__Bacteroides;s__Bacteroides_coprocola	-0.0250582908663	0.0388821237862	-0.0474505720844	0.0398717922316	-0.0482789271811	-0.00250783732448	-0.0511039483699	-9.64627468179e-05	0.0494942799116	-0.0150479956916	-0.0754879561151	1.0	0.0117426221799	-0.0486685810233	0.0107679388854	-0.0357815474403	0.0150760686746	-0.0306725869003	-0.0240833986774	0.0731426990787	-0.00483381439599	0.0579605963832	0.0216557225926	-0.0319731060029	-0.0396221446149	-0.0326253874587	0.0240718789122	-0.00429408756655	0.00272729196505	-0.0345930628037	0.0112708061735	0.0325013083576	-0.0381416132566	0.0154038887716	-0.00862338665583	0.04763027502	-0.00450661535795	-0.0496242504853	-0.0226722446165	-0.0181483301299	0.0252833509531	-0.00652867982023	-0.00690745756931	0.04815305877	0.0272971134974	-0.0118675290268	0.00557559822711	-0.00485039538626	-0.0596933818874	-0.0567728089742	0.00278595618728	0.0106534011769	-0.0114528780623	-0.0397202965602	0.0240709071375	0.0130844320403	0.0231450449182	0.0262936665996	0.0491386375725
k__Bacteria;p__Bacteroidetes;c__Bacteroidia;o__Bacteroidales;f__Bacteroidaceae;g__Bacteroides;s__Bacteroides_cellulosilyticus	0.0245814712551	0.0351412041446	-0.0447203899308	-0.0366960859032	-0.00446550815384	-0.0453405283798	0.0117392312334	-0.0246317805235	-0.0413365891292	-0.0342587928468	0.0216865759801	0.0117426221799	1.0	-0.0297626406924	0.00560275612695	-0.0661451048254	0.0150822801942	-0.0139069864726	-0.025668746145	0.0234830524687	-0.00990359112266	-0.0419120236322	-0.0487945942252	-0.00337198413384	-0.0170206971437	0.0308575881573	0.0276792462662	0.0528725112562	-0.0425039077208	0.0121126132081	-0.00856304481218	-0.0409345039729	0.0051744297143	0.0121093430752	0.0303234330201	-0.0799539958785	-0.0327054124099	-0.0246880342475	-0.0358810289876	-0.0646151859897	-0.0411987541486	0.0214494530675	0.0179403268896	-0.0261256629807	-0.00211949126012	0.00562534798402	-0.00817068915553	-0.0135485828134	0.00671756688733	0.0340940283983	0.0124350928684	0.00346548412607	-0.01360916559	-0.0170445078608	-0.00768272521937	-0.116864476925	0.0296432479645	-0.0175044632594	0.00651669305771
k__Bacteria;p__Bacteroidetes;c__Bacteroidia;o__Bacteroidales;f__Rikenellaceae;g__Alistipes;s__Alistipes_obesi	-0.0444905062841	0.0236164046268	0.0358854750261	0.0585236277031	0.00148426581854	-0.00208333715395	0.0196863261352	0.00136991854862	-0.00620769230937	-0.0295724298288	-0.0247194249138	-0.0486685810233	-0.0297626406924	1.0	0.0309643373811	0.0297000221446	-0.0634885123215	-0.0226990719128	-0.0708264745657	-0.00731525799858	-0.02425944404	-0.00118135181682	0.0145351143361	-0.0124827432374	0.00207025730304	-0.00988489745368	-0.0180487284143	0.0108061792261	-0.0311019973306	0.00468655992846	-0.000768154844371	-0.00212031042142	0.00157341322037	-0.0021496673752	-0.0048835799385	0.0407273331333	-0.0519107069424	-0.0217863015127	0.0184954654521	-0.000232591241153	0.0407743486838	-0.0728421068059	0.0128627283128	0.00990176689583	0.0188603095952	-0.0157328635612	-0.013434569448	0.0814981527539	-0.00118540487329	-0.0847206069796	-0.0346248210125	-0.0444960033341	0.0243466956326	0.0401702646056	-0.0291674133519	0.0384452356911	0.0526473415118	0.0330034245349	0.00470130393145
k__Bacteria;p__Firmicutes;c__Clostridia;o__Clostridiales;f__Lachnospiraceae;g__;s__[Eubacterium]_rectale	0.015226799818	-0.00766952364477	-0.0151755903044	-0.020019375894	-0.0230767688185	-0.0695937405538	0.00592924653052	-0.0516918529036	0.0273588500562	0.0270106919446	-0.0735932974197	0.0107679388854	0.00560275612695	0.0309643373811	1.0	0.0129911244946	0.00938627959321	-0.033893039273	-0.0301459394766	0.00124884608418	0.000266913758346	-0.0494924554658	0.0451982601969	0.0146357515656	0.0021481887139	0.001806431068	0.0325681179756	-0.0325917883121	0.00904720680085	0.00851661012065	0.0168326875538	0.0414612193268	0.0110134381638	-0.0194183656543	-0.019158607081	-0.0382486535128	0.0023321241773	-0.0463564282238	-0.0215622372713	0.00967846224592	0.0324091180318	-0.0129850804141	-0.00106527278069	-0.00541369634057	0.0312009006877	-0.0144934848534	0.0064311653671	-0.0345606309247	0.0353513179733	0.0619253676823	-0.0212195882962	0.00679980260766	-0.0136969880196	0.00381127673092	0.023514443093	0.0412782924076	-0.109756920981	0.0154693012562	0.0504181395537
k__Bacteria;p__Bacteroidetes;c__Bacteroidia;o__Bacteroidales;f__Bacteroidaceae;g__Bacteroides;s__Bacteroides_plebeius	-0.0269211144115	0.0249985305561	0.0151834082075	-0.000898725323064	-0.00299898179132	-0.043442237533	-0.0517026661979	0.0032072803147	-0.0321140840885	0.00887996492532	-0.0307431266622	-0.0357815474403	-0.0661451048254	0.0297000221446	0.0129911244946	1.0	0.0528963666828	-0.00349248629495	0.0293726912444	-0.0355258808989	-0.0650862006032	0.0398967495849	0.0287695353233	-0.0112100502137	0.00847329788803	-0.00350631908548	0.00666227289632	-0.0809693621939	0.0274137457811	0.00478013967702	0.0107179395205	0.00778586981502	0.00216376596265	0.0233721132552	-0.00736045089903	0.0225951909274	-0.0100170706123	-0.0142776983101	-0.0974496640861	0.000341541133824	-0.0397940160737	-0.0281278255668	0.00277217432585	0.0114546284755	-0.0413714039486	-0.0800331966067	0.0636006506993	0.0144458597003	-0.0299482583688	-0.00263734762119	0.0466219328499	0.0213943280962	-0.00490155275772	0.00365997861825	-0.0333206772848	0.0148808722132	-0.0114641815027	0.0376209510647	-0.0340803861518
k__Bacteria;p__Bacteroidetes;c__Bacteroidia;o__Bacteroidales;f__Bacteroidaceae;g__Bacteroides;s__Bacteroides_fragilis	-0.0159272769698	-0.0218565128693	0.00696643295472	-0.0896420539563	0.0134952142149	-0.0192269076996	-0.0187990149964	-0.0237849697233	0.0402948438937	-0.0137436631453	-0.0134010064813	0.0150760686746	0.0150822801942	-0.0634885123215	0.00938627959321	0.0528963666828	1.0	-0.0452663448567	-0.0196187626937	-0.000525666254513	-0.0470806064672	0.00407597016139	0.0427701854893	0.00432533250069	-0.0137702221899	-0.0398451059226	0.00578940531088	-0.0267848303896	-0.00321932150213	0.0340183545534	-0.0240244523228	0.0503963580007	0.00345517925858	-0.0521774333268	-0.0124559301713	0.0189049677695	0.0180693850075	-0.0302605952552	-0.0423359688157	-0.0486004275003	0.0154799081381	-0.0204229251789	0.0358065968505	0.0066028239888	-0.0544312419497	-0.0759804686321	0.0236067581973	-0.015492743649	-0.023091705306	-0.00221767788625	0.0277642125412	0.0261850582151	-0.0172640933444	-0.0780311928282	0.00682727220549	-0.0212253192827	-0.0145654125488	0.0170291447379	0.00275404811932
k__Bacteria;p__Proteobacteria;c__Betaproteobacteria;o__Burkholderiales;f__Sutterellaceae;g__Sutterella;s__Sutterella_wadsworthensis	-0.0143251656539	-0.00642289364258	0.0535235890869	0.0468048058823	0.0832978081405	-0.0562703342545	-0.000764004675656	0.0529755065306	-0.0654913195417	0.049418641091	-0.00620554114313	-0.0306725869003	-0.0139069864726	-0.0226990719128	-0.033893039273	-0.00349248629495	-0.0452663448567	1.0	0.032155343319	0.0619779805805	0.022486642698	-0.0390677388716	-0.0274173419228	-0.0156224329384	0.0356218714822	-0.00862516362931	-0.0579762032334	-0.0444867301692	-0.00871756585892	-0.0177666143824	-0.0117848806644	0.0541218853227	-0.00200638349815	0.00476556245724	-0.0378606139279	0.120204725774	-0.0203264863345	0.0331406618895	-0.0094915223728	-0.0152032049608	-0.0113924745257	-0.0155256268972	-0.0135488051254	0.00692040442559	-0.00484940134406	0.0288743723596	0.0224089177772	0.0403713894927	-0.0376467167588	-1.10351729867e-05	-0.0240282645123	-0.0295512550228	-0.0383637268445	-0.0061669338045	0.0688310397074	-0.0664289063527	0.0138833517717	0.0438451690948	0.00768382699852
k__Bacteria;p__Bacteroidetes;c__Bacteroidia;o__Bacteroidales;f__Porphyromonadaceae;g__Barnesiella;s__Barnesiella_intestinihominis	-0.100729719766	-0.0170237354044	-0.0126956725536	-0.00789822473425	-0.0519963464105	0.024610896957	0.0179119006968	0.0387979541355	0.00693713034787	-0.00586572150911	-0.0471594101091	-0.0240833986774	-0.025668746145	-0.0708264745657	-0.0301459394766	0.0293726912444	-0.0196187626937	0.032155343319	1.0	-0.0510086417113	0.0529718110934	0.00826856785425	0.00181813387168	-0.0224247657354	-0.0327752156788	-0.0555995087153	-0.00198689774576	0.000804350867064	0.00487458581477	-0.0554912546657	0.0172140691032	-0.00339895736971	-0.0522155574817	-0.0401445166904	0.00254541704588	-0.00140717653471	-0.0294052459888	-0.0892149717029	-0.0035129606308	0.0389838628085	-0.0166457185573	0.00601969145794	0.0136906895138	-0.00929215679352	0.0170116117177	-0.0560890134249	-0.000999848941173	-0.0465990910137	0.0266346989382	0.0237981666792	0.044624597535	0.0142141785228	0.0392131806489	0.0558468194161	-0.0264525453595	-0.0254131269508	-0.0146818911515	0.0543989754773	0.00257279146716
k__Bacteria;p__Bacteroidetes;c__Bacteroidia;o__Bacteroidales;f__Odoribacteraceae;g__Odoribacter;s__Odoribacter_splanchnicus	0.056178299222	0.041308335905	0.0765819609302	-0.0147708175373	-0.00534196777387	0.00455050633714	-0.0155190535667	0.011516127702	0.036854648224	0.00679129861689	-0.0932552254005	0.0731426990787	0.0234830524687	-0.00731525799858	0.00124884608418	-0.0355258808989	-0.000525666254513	0.0619779805805	-0.0510086417113	1.0	0.0312578261369	0.0500165660133	0.0461072571248	-0.0476255169296	-0.0111514206197	-0.0540232446704	-0.0247769106293	-0.0800577050205	0.00568157916671	-0.0312762098116	-0.029962012808	-0.0222540057016	-0.0283474182987	0.0193029829535	0.00365563598564	0.0596596303184	-0.00490387923739	-0.0239250829528	-0.00923288965396	-0.0579343187025	0.0281406157855	0.0279399774161	-0.0185167527564	0.0211402218568	-0.0414723668037	0.00792330341447	0.010610960347	-0.0542073655283	0.00337395621463	-0.00581454133228	0.00586900986895	-0.0442842214827	-0.0450700773502	-0.0319417280424	0.0262676937078	-0.00226048959915	-0.0448693528528	-0.0294493107918	0.0670326097932
k__Bacteria;p__Bacteroidetes;c__Bacteroidia;o__Bacteroidales;f__Bacteroidaceae;g__Bacteroides;s__Bacteroides_salyersiae	-0.00235722195216	-0.0211090743273	-0.0372668200724	-0.000631734262073	-0.0382250647043	0.0618354588029	0.0177363569099	0.0356312091513	0.0455330509713	-0.0372799507482	-0.0532529216221	-0.00483381439599	-0.00990359112266	-0.02425944404	0.000266913758346	-0.0650862006032	-0.0470806064672	0.022486642698	0.0529718110934	0.0312578261369	1.0	0.00204912889349	0.00333822075761	0.00411955651321	0.0269202876703	-0.0166009624762	-0.0266673726217	0.022004462548	-0.0486502292705	-0.0197363411624	0.0552313655875	-0.0591222067536	0.0138669233935	0.00970619370331	-0.027704837162	-0.0432657765911	-0.0439187661743	-0.0387329928302	-0.0369334142968	0.0624618003517	-0.0717855602955	-0.0304253114168	-0.00768355123667	-0.00708848129618	0.0361539224	0.0651138939879	-0.00391053615844	0.000538631477234	-0.0208461764123	-0.0667905796526	-0.0142313442515	-0.00252832902198	0.00562107514562	0.0302707890123	0.0134280659494	-0.00307331468395	-0.0108261452893	0.000862249955577	-0.0179119881369
k__Bacteria;p__Firmicutes;c__Clostridia;o__Clostridiales;f__Ruminococcaceae;g__Ruminiclostridium;s__[Eubacterium]_siraeum	-0.0540844778639	-0.0325428800033	-0.0359756309184	-0.0549856215382	-0.0211268807307	0.0137123404825	-0.00804925727259	0.0266885589009	-0.0191678055316	0.0351273095639	0.0237936015952	0.0579605963832	-0.0419120236322	-0.00118135181682	-0.0494924554658	0.0398967495849	0.00407597016139	-0.0390677388716	0.00826856785425	0.0500165660133	0.00204912889349	1.0	0.0207839549564	-0.0304863057645	-0.00430430261861	-0.0196629726767	-0.0165315208161	0.0167982881793	0.0666977959332	-0.0306536739973	-0.000665719667166	-0.0961373391708	0.0439966844011	0.0735434608973	0.0182214541223	-0.0489210645817	-0.00645932816057	-0.0263900312761	-0.00509313090263	-0.0331267071068	-0.0161172697214	-0.0190827740426	-0.0393353315205	-0.0261276119155	-0.0117973426077	0.0235150184871	0.00692489546699	-0.0450407698977	-0.0296590476845	0.0385392539423	-0.00337504912243	0.0776078803527	-0.0193859141652	-0.0390235172943	-0.0349689341987	-0.0291572946082	0.054086462512	0.0146848715477	-0.00312091934217
k__Bacteria;p__Proteobacteria;c__Betaproteobacteria;o__Burkholderiales;f__Sutterellaceae;g__Parasutterella;s__Parasutterella_excrementihominis	0.0320450386958	-0.036779834832	-0.0478268826131	0.000451246501788	-0.0208773676178	-0.0301383971459	-0.0249422693773	-0.0574092710941	0.020337210647	0.0423992569981	0.00939993528587	0.0216557225926	-0.0487945942252	0.0145351143361	0.0451982601969	0.0287695353233	0.0427701854893	-0.0274173419228	0.00181813387168	0.0461072571248	0.00333822075761	0.0207839549564	1.0	0.00836266126091	-0.00435172545121	0.00932470455531	0.00464519616161	-0.0332044232374	0.00136566901384	0.067491426007	-0.0411044157707	-0.0474736689683	-0.0116674554942	0.000979752102661	-0.0587065127438	0.034022905567	-0.0397443650947	-0.0234345986547	-0.0131232794295	0.0248138163128	-0.0052230298534	0.0307414315583	-0.0156961652904	0.0370029676826	0.0136212672943	0.000644308934059	-0.0317356752616	-0.0183532348671	-0.00886586336571	0.011241073033	-0.0496057653102	-0.012430526025	-0.0303706930505	-0.0272203537119	-0.0383373847129	-0.020634815745	-0.0666701062825	-0.0272502441365	-0.0344991081218
k__Bacteria;p__Actinobacteria;c__Actinobacteria;o__Bifidobacteriales;f__Bifidobacteriaceae;g__Bifidobacterium;s__Bifidobacterium_adolescentis	0.0215050793123	-0.0356843523708	-0.0656665804537	-0.0502201869387	-0.0331028503503	0.0163635914647	-0.0466612363741	-0.031016815559	0.0382137326222	-0.0387820737131	-0.0320049772416	-0.0319731060029	-0.00337198413384	-0.0124827432374	0.0146357515656	-0.0112100502137	0.00432533250069	-0.0156224329384	-0.0224247657354	-0.0476255169296	0.00411955651321	-0.0304863057645	0.00836266126091	1.0	0.00165286847776	0.00970608375978	0.0165690245715	-0.00117497918603	-0.0523256307623	-0.0509115375518	-0.020214393548	-0.0274237688028	-0.0127907056383	-0.0380202821945	0.0233997738324	0.0770486351682	0.0232399639974	-0.0131054154832	-0.0585582057154	0.0159321287307	0.00727732540047	-0.0402583905907	-0.0210964883452	-0.00952284610586	0.00779050957412	-0.0227727390524	-0.0174865406646	0.0201694016368	-0.0250585295177	-0.0129861993087	0.0305220879611	0.0337618582916	0.0681550772968	-0.00700318848354	0.00591311735371	0.110815575374	0.00494270175577	-0.0359565996973	-0.0229737103408
k__Bacteria;p__Firmicutes;c__Clostridia;o__Clostridiales;f__Oscillospiraceae;g__Oscillibacter;s__Oscillibacter_sp._KLE_1745	-0.00634473110302	-0.00220237595058	-0.0775557429109	0.0184111574599	-0.00520178655123	-0.0234957547904	-0.00887683667375	-0.0153261595778	-0.0669003673581	-0.0169721765284	0.0180845737871	-0.0396221446149	-0.0170206971437	0.00207025730304	0.0021481887139	0.00847329788803	-0.0137702221899	0.0356218714822	-0.0327752156788	-0.0111514206197	0.0269202876703	-0.00430430261861	-0.00435172545121	0.00165286847776	1.0	-0.0120531687868	-0.00947766268124	0.0186684666371	0.0211589889377	0.0123788607794	0.011650614274	-0.0396118422656	0.036617552509	-0.0376337461255	-0.000672212748948	-0.0298893140628	-0.0394813765678	-0.0254648596609	0.0175373475921	-0.0398911351033	0.0166707625121	0.023206264743	-0.0127274294786	0.0277243569967	0.0427433922469	-0.0457581320233	-0.0250669228002	0.0375336664015	0.00347062781305	-0.0553794166715	0.00365792581194	-0.028246652222	-0.0158327521233	0.0131585887255	-0.0017519831968	-0.0335038675304	0.098450899501	0.0103407988713	0.0622145781856
k__Bacteria;p__Bacteroidetes;c__Bacteroidia;o__Bacteroidales;f__Bacteroidaceae;g__Bacteroides;s__Bacteroides_coprophilus	0.0490117174704	-0.0324681623397	-0.0307120714916	-0.0646416589583	-0.0865364873813	-0.0304708605242	-0.039826402031	0.0105769547447	0.00385178020074	-0.0242821278586	0.00171462959693	-0.0326253874587	0.0308575881573	-0.00988489745368	0.001806431068	-0.00350631908548	-0.0398451059226	-0.00862516362931	-0.0555995087153	-0.0540232446704	-0.0166009624762	-0.0196629726767	0.00932470455531	0.00970608375978	-0.0120531687868	1.0	0.0194909306972	-0.0671892384628	-0.0259953767339	0.0278976656479	-0.00399855911739	0.013030768008	0.0191081395969	-0.021995357725	-0.0065495416408	-0.0157724229499	0.0439231529528	-0.0486784999791	0.0381148960097	0.0766448390798	-0.0317402584149	0.0650304199363	0.0477816206815	-0.0123892419651	0.027263947804	0.0168235231538	0.00181858226296	-0.00835219947289	-0.0429781638207	0.0139936828902	-0.00933774936862	-0.00734198911816	-0.0190759435089	-0.0202311290943	-0.0149149869644	-0.0434976929663	-0.0208694667391	0.0092154548381	0.0221094451144
k__Bacteria;p__Firmicutes;c__Clostridia;o__Clostridiales;f__Lachnospiraceae;g__Roseburia;s__Roseburia_intestinalis	-0.0105899295982	-0.0112808716089	-0.0191402927689	-0.091397208058	-0.00299889157808	0.00973256546127	-0.00866208885009	-0.060859350586	-0.0495077797624	0.00120935741629	-0.0232709637266	0.0240718789122	0.0276792462662	-0.0180487284143	0.0325681179756	0.00666227289632	0.00578940531088	-0.0579762032334	-0.00198689774576	-0.0247769106293	-0.0266673726217	-0.0165315208161	0.00464519616161	0.0165690245715	-0.00947766268124	0.0194909306972	1.0	0.0502740732541	0.00576250871544	-0.00118028059933	-0.0346176664699	-0.00967448108531	-0.0746864270584	-0.0208580958066	-0.0455784424662	-0.0396689635219	-0.0573068292523	0.00953382543093	-0.0264652526484	-0.0431128751564	-0.000927407464969	-0.0227274616534	0.0525218133588	-0.00321481116142	0.037473976087	0.0199888004437	-0.0733062589951	-0.0271590885124	0.0743583375833	-0.0206568423161	0.0139517574423	-0.00460072552345	0.0318695855851	0.0554176820695	0.029965102619	-0.0135480066388	-0.016955881166	-0.0533936042722	-0.0284542835771
k__Bacteria;p__Firmicutes;c__Clostridia;o__Clostridiales;f__Lachnospiraceae;g__Roseburia;s__Roseburia_hominis	-0.0335224414268	-0.0182323227179	0.0855458537089	-0.0156561487776	0.00928109135198	-0.014885418058	-0.0283986430678	-0.00635116958406	-0.0665281517522	0.00799227232949	0.0531089258499	-0.00429408756655	0.0528725112562	0.0108061792261	-0.0325917883121	-0.0809693621939	-0.0267848303896	-0.0444867301692	0.000804350867064	-0.0800577050205	0.022004462548	0.0167982881793	-0.0332044232374	-0.00117497918603	0.0186684666371	-0.0671892384628	0.0502740732541	1.0	-0.00727261655016	-0.0404794659317	-0.0526319297878	0.0119697178659	0.0305294418246	0.0513924946591	-0.0335586019811	-0.0234376341549	0.0313504822132	0.0262180458886	0.028836871851	-0.0744759007484	-0.00752795766615	-0.00456994224906	-0.0129758476067	-0.0408608828804	0.0456263261555	-0.0474458786589	0.0300638666657	-0.0586855255075	0.0183116735129	-0.0398219168612	0.0187017059412	-0.0532817354294	0.00371325026766	0.0295433858707	-0.0186493616988	0.0168028604723	0.033484125446	-0.0437355628495	0.00961005827914
k__Bacteria;p__Bacteroidetes;c__Bacteroidia;o__Bacteroidales;f__Porphyromonadaceae;g__Parabacteroides;s__Parabacteroides_johnsonii	-0.0842134472457	-0.0400790555072	0.0309861438901	-0.059981976383	0.0558517352472	0.0118135863491	0.0188356616112	-0.0265501629246	-0.0175634590673	-0.0586440706479	0.00465400610934	0.00272729196505	-0.0425039077208	-0.0311019973306	0.00904720680085	0.0274137457811	-0.00321932150213	-0.00871756585892	0.00487458581477	0.00568157916671	-0.0486502292705	0.0666977959332	0.00136566901384	-0.0523256307623	0.0211589889377	-0.0259953767339	0.00576250871544	-0.00727261655016	1.0	0.0138329599936	-0.0465479678295	0.0540127728259	-0.0456691638889	0.0222104728201	-0.0258312755016	-0.070096009726	-0.0141936240383	-0.0623941103102	-0.0174625066846	-0.034168102849	-0.0892484941374	-0.0593769821489	-0.000891056197365	0.0233515842037	-0.00553726417964	-0.0263381808064	0.0172696345516	-0.0224972349985	-0.0187790264635	0.0331310892993	0.0064714542908	-0.0145756745713	-0.00896711080447	0.0480303228697	0.00950236450503	0.0329054975045	-0.0365646328852	0.074815060039	0.0427779627351
k__Bacteria;p__Actinobacteria;c__Actinobacteria;o__Bifidobacteriales;f__Bifidobacteriaceae;g__Bifidobacterium;s__Bifidobacterium_longum	0.0421976447629	-0.0331860899257	0.035205921574	-0.0211960140425	-0.0456040848311	-0.0116678866842	0.032709639583	-0.0462976834833	0.0461652929624	-0.00876789338915	0.00258370256607	-0.0345930628037	0.0121126132081	0.00468655992846	0.00851661012065	0.00478013967702	0.0340183545534	-0.0177666143824	-0.0554912546657	-0.0312762098116	-0.0197363411624	-0.0306536739973	0.067491426007	-0.0509115375518	0.0123788607794	0.0278976656479	-0.00118028059933	-0.0404794659317	0.0138329599936	1.0	-0.00420783100942	-0.0200353545542	-0.037309147442	-0.026170161631	-0.0117247505484	0.0249783241204	-0.0261210106183	-0.0136278603989	0.0852411318387	-0.0712431004003	-0.01511371913	-0.0294313549139	-0.0248841461238	-0.0232828920241	-0.0280402829893	0.0163302010598	0.0037049863767	-0.0152375071652	0.0227888960328	0.0396849620461	-0.00624079355709	-0.0392010540637	0.0335404212812	-0.00568947813867	-0.058805373697	-0.054186826124	-0.0124450984194	0.0475959319827	-0.032192374963
