#taxonomy	k__Bacteria;p__Bacteroidetes;c__Bacteroidia;o__Bacteroidales;f__Bacteroidaceae;g__Bacteroides;s__Bacteroides_vulgatus	k__Bacteria;p__Bacteroidetes;c__Bacteroidia;o__Bacteroidales;f__Bacteroidaceae;g__Bacteroides;s__Bacteroides_uniformis	k__Bacteria;p__Bacteroidetes;c__Bacteroidia;o__Bacteroidales;f__Rikenellaceae;g__Alistipes;s__Alistipes_putredinis	k__Bacteria;p__Bacteroidetes;c__Bacteroidia;o__Bacteroidales;f__Prevotellaceae;g__Prevotella;s__Prevotella_copri	k__Bacteria;p__Bacteroidetes;c__Bacteroidia;o__Bacteroidales;f__Bacteroidaceae;g__Bacteroides;s__Bacteroides_stercoris	k__Bacteria;p__Bacteroidetes;c__Bacteroidia;o__Bacteroidales;f__Bacteroidaceae;g__Bacteroides;s__Bacteroides_ovatus	k__Bacteria;p__Bacteroidetes;c__Bacteroidia;o__Bacteroidales;f__Rikenellaceae;g__Alistipes;s__Alistipes_shahii	k__Bacteria;p__Firmicutes;c__Clostridia;o__Clostridiales;f__Ruminococcaceae;g__Faecalibacterium;s__Faecalibacterium_prausnitzii	k__Bacteria;p__Bacteroidetes;c__Bacteroidia;o__Bacteroidales;f__Rikenellaceae;g__Alistipes;s__Alistipes_finegoldii	k__Bacteria;p__Bacteroidetes;c__Bacteroidia;o__Bacteroidales;f__Porphyromonadaceae;g__Parabacteroides;s__Parabacteroides_distasonis	k__Bacteria;p__Bacteroidetes;c__Bacteroidia;o__Bacteroidales;f__Bacteroidaceae;g__Bacteroides;s__Bacteroides_thetaiotaomicron	k__Bacteria;p__Bacteroidetes;c__Bacteroidia;o__Bacteroidales;f__Bacteroidaceae;g__Bacteroides;s__Bacteroides_coprocola	k__Bacteria;p__Bacteroidetes;c__Bacteroidia;o__Bacteroidales;f__Bacteroidaceae;g__Bacteroides;s__Bacteroides_cellulosilyticus	k__Bacteria;p__Bacteroidetes;c__Bacteroidia;o__Bacteroidales;f__Rikenellaceae;g__Alistipes;s__Alistipes_obesi	k__Bacteria;p__Firmicutes;c__Clostridia;o__Clostridiales;f__Lachnospiraceae;g__;s__[Eubacterium]_rectale	k__Bacteria;p__Bacteroidetes;c__Bacteroidia;o__Bacteroidales;f__Bacteroidaceae;g__Bacteroides;s__Bacteroides_plebeius	k__Bacteria;p__Bacteroidetes;c__Bacteroidia;o__Bacteroidales;f__Bacteroidaceae;g__Bacteroides;s__Bacteroides_fragilis	k__Bacteria;p__Proteobacteria;c__Betaproteobacteria;o__Burkholderiales;f__Sutterellaceae;g__Sutterella;s__Sutterella_wadsworthensis	k__Bacteria;p__Bacteroidetes;c__Bacteroidia;o__Bacteroidales;f__Porphyromonadaceae;g__Barnesiella;s__Barnesiella_intestinihominis	k__Bacteria;p__Bacteroidetes;c__Bacteroidia;o__Bacteroidales;f__Odoribacteraceae;g__Odoribacter;s__Odoribacter_splanchnicus	k__Bacteria;p__Bacteroidetes;c__Bacteroidia;o__Bacteroidales;f__Bacteroidaceae;g__Bacteroides;s__Bacteroides_salyersiae	k__Bacteria;p__Firmicutes;c__Clostridia;o__Clostridiales;f__Ruminococcaceae;g__Ruminiclostridium;s__[Eubacterium]_siraeum	k__Bacteria;p__Proteobacteria;c__Betaproteobacteria;o__Burkholderiales;f__Sutterellaceae;g__Parasutterella;s__Parasutterella_excrementihominis	k__Bacteria;p__Actinobacteria;c__Actinobacteria;o__Bifidobacteriales;f__Bifidobacteriaceae;g__Bifidobacterium;s__Bifidobacterium_adolescentis	k__Bacteria;p__Firmicutes;c__Clostridia;o__Clostridiales;f__Oscillospiraceae;g__Oscillibacter;s__Oscillibacter_sp._KLE_1745	k__Bacteria;p__Bacteroidetes;c__Bacteroidia;o__Bacteroidales;f__Bacteroidaceae;g__Bacteroides;s__Bacteroides_coprophilus	k__Bacteria;p__Firmicutes;c__Clostridia;o__Clostridiales;f__Lachnospiraceae;g__Roseburia;s__Roseburia_intestinalis	k__Bacteria;p__Firmicutes;c__Clostridia;o__Clostridiales;f__Lachnospiraceae;g__Roseburia;s__Roseburia_hominis	k__Bacteria;p__Bacteroidetes;c__Bacteroidia;o__Bacteroidales;f__Porphyromonadaceae;g__Parabacteroides;s__Parabacteroides_johnsonii	k__Bacteria;p__Actinobacteria;c__Actinobacteria;o__Bifidobacteriales;f__Bifidobacteriaceae;g__Bifidobacterium;s__Bifidobacterium_longum	k__Bacteria;p__Firmicutes;c__Clostridia;o__Clostridiales;f__;g__Flavonifractor;s__Flavonifractor_plautii	k__Bacteria;p__Firmicutes;c__Clostridia;o__Clostridiales;f__Clostridiaceae;g__Clostridium;s__Clostridium_phoceensis	k__Bacteria;p__Verrucomicrobia;c__Verrucomicrobiae;o__Verrucomicrobiales;f__Akkermansiaceae;g__Akkermansia;s__Akkermansia_muciniphila	k__Bacteria;p__Bacteroidetes;c__Bacteroidia;o__Bacteroidales;f__Prevotellaceae;g__Paraprevotella;s__Paraprevotella_xylaniphila	k__Bacteria;p__Firmicutes;c__Clostridia;o__Clostridiales;f__Ruminococcaceae;g__Ruminococcus;s__Ruminococcus_callidus	k__Bacteria;p__Bacteroidetes;c__Bacteroidia;o__Bacteroidales;f__Rikenellaceae;g__Alistipes;s__Alistipes_senegalensis	k__Bacteria;p__Firmicutes;c__Clostridia;o__Clostridiales;f__Lachnospiraceae;g__Blautia;s__Blautia_sp._KLE_1732	k__Bacteria;p__Bacteroidetes;c__Bacteroidia;o__Bacteroidales;f__Bacteroidaceae;g__Bacteroides;s__Bacteroides_oleiciplenus	k__Bacteria;p__Firmicutes;c__Clostridia;o__Clostridiales;f__Ruminococcaceae;g__Ruminococcus;s__Ruminococcus_bicirculans	k__Bacteria;p__Bacteroidetes;c__Bacteroidia;o__Bacteroidales;f__Bacteroidaceae;g__Bacteroides;s__Bacteroides_fluxus	k__Bacteria;p__Bacteroidetes;c__Bacteroidia;o__Bacteroidales;f__Prevotellaceae;g__Prevotella;s__Prevotella_stercorea	k__Bacteria;p__Firmicutes;c__Clostridia;o__Clostridiales;f__Lachnospiraceae;g__Dorea;s__Dorea_longicatena	k__Bacteria;p__Firmicutes;c__Clostridia;o__Clostridiales;f__Eubacteriaceae;g__Eubacterium;s__[Eubacterium]_eligens	k__Bacteria;p__Firmicutes;c__Clostridia;o__Clostridiales;f__Ruminococcaceae;g__;s__Ruminococcaceae_bacterium_D16	k__Bacteria;p__Firmicutes;c__Clostridia;o__Clostridiales;f__Lachnospiraceae;g__Coprococcus;s__Coprococcus_comes	k__Bacteria;p__Proteobacteria;c__Gammaproteobacteria;o__Enterobacterales;f__Enterobacteriaceae;g__Escherichia;s__Escherichia_coli	k__Bacteria;p__Firmicutes;c__Clostridia;o__Clostridiales;f__Ruminococcaceae;g__Anaerotruncus;s__Anaerotruncus_colihominis	k__Bacteria;p__Firmicutes;c__Clostridia;o__Clostridiales;f__Lachnospiraceae;g__Blautia;s__Blautia_obeum	k__Bacteria;p__Bacteroidetes;c__Bacteroidia;o__Bacteroidales;f__Odoribacteraceae;g__Odoribacter;s__Odoribacter_laneus	k__Bacteria;p__Firmicutes;c__Clostridia;o__Clostridiales;f__Ruminococcaceae;g__Ruminiclostridium;s__[Clostridium]_leptum	k__Bacteria;p__Bacteroidetes;c__Bacteroidia;o__Bacteroidales;f__Porphyromonadaceae;g__Parabacteroides;s__Parabacteroides_goldsteinii	k__Bacteria;p__Firmicutes;c__Clostridia;o__Clostridiales;f__Lachnospiraceae;g__Anaerostipes;s__Anaerostipes_hadrus	k__Bacteria;p__Firmicutes;c__Clostridia;o__Clostridiales;f__Ruminococcaceae;g__Ruminococcus;s__Ruminococcus_lactaris	k__Bacteria;p__Firmicutes;c__Clostridia;o__Clostridiales;f__Clostridiaceae;g__Clostridium;s__Clostridium_sp._L2-50	k__Bacteria;p__Firmicutes;c__Clostridia;o__Clostridiales;f__Clostridiaceae;g__Clostridium;s__Clostridium_sp._M62/1	k__Bacteria;p__Firmicutes;c__Clostridia;o__Clostridiales;f__;g__Intestinimonas;s__Intestinimonas_butyriciproducens	k__Bacteria;p__Actinobacteria;c__Actinobacteria;o__Bifidobacteriales;f__Bifidobacteriaceae;g__Bifidobacterium;s__Bifidobacterium_bifidum	k__Bacteria;p__Firmicutes;c__Negativicutes;o__Veillonellales;f__Veillonellaceae;g__Dialister;s__Dialister_invisus	k__Bacteria;p__Bacteroidetes;c__Bacteroidia;o__Bacteroidales;f__Bacteroidaceae;g__Bacteroides;s__Bacteroides_salanitronis
k__Bacteria;p__Bacteroidetes;c__Bacteroidia;o__Bacteroidales;f__Bacteroidaceae;g__Bacteroides;s__Bacteroides_vulgatus	1.0	-0.0257013385642	-0.0149089497967	-0.0414326282781	-0.0113299782931	-0.00771717823978	-0.0226088166682	0.00737149440361	0.0410165215114	0.00878634443783	-0.0152967125501	-0.0220009224014	0.0154673976995	-0.0589729005818	-0.0176038914594	-0.00741129563609	-0.00365668653436	-0.0130494386235	-0.0389562989753	0.0393127736516	-0.035517175186	-0.000867262364727	0.0197731781372	-0.00924543364446	-0.0440342444215	-0.00862992486324	0.0316435771126	-0.0403635004776	-0.0653994009736	0.0308071121527	0.0125620065115	-0.000201973047851	-0.00473806504434	0.0276526719254	-0.0245141799215	0.00394578368905	0.00441915356461	0.0176410472256	0.013922515991	0.00857773360881	-0.0174201541912	-0.0159613781463	0.0207972185149	-0.0178312315401	-0.0134288247548	0.0104997028122	-0.0173121506496	-0.062236183951	-0.0270510845226	-0.0214390353754	0.00669788554084	-0.0401949093583	-0.0224047497189	-0.00489192096542	-0.0397011018823	-0.000947290402779	0.000475315306234	-0.0651022416279	-0.00546824596212
k__Bacteria;p__Bacteroidetes;c__Bacteroidia;o__Bacteroidales;f__Bacteroidaceae;g__Bacteroides;s__Bacteroides_uniformis	-0.0257013385642	1.0	0.0195687063948	0.0271736494419	-0.0102980236771	0.00466367110153	0.00726715526238	-0.00425599070847	-0.0801850178554	-0.0396245204492	-0.0557402995217	0.0471972011079	-0.0170394576442	-0.0274049640097	-0.0797611035925	-0.0525888927153	-0.0687438595519	0.0518401964911	-0.044997232957	-0.00895847060934	0.000816086239574	-0.0306060590719	-0.00465412139136	-0.015234247042	-0.0442635823182	0.0315047928258	-0.0117481468932	0.00659161943022	-0.0216906131854	0.0442248843367	0.0217771787754	-0.00805003104369	0.0679728030073	0.00689436327968	-0.00520708615777	-0.0472576227263	0.0298847037001	0.00435545789528	-0.0189720658536	-0.0111329480157	0.0396206225405	-0.0098193195175	0.0146979621316	-0.00186377162325	-0.0250819928524	-0.0496475738696	0.0178257362497	0.00760151337306	0.00804096602095	-0.0336920202096	0.0430429242388	-0.00974180856822	-0.0581844207558	-0.0530564264066	0.00860079248923	-0.0103176214211	-0.0245559281872	0.0272086188375	0.0556153967519
k__Bacteria;p__Bacteroidetes;c__Bacteroidia;o__Bacteroidales;f__Rikenellaceae;g__Alistipes;s__Alistipes_putredinis	-0.0149089497967	0.0195687063948	1.0	-0.0548972590322	-0.0108773844258	0.0252398431069	0.0285188641873	-0.0292648412892	-0.0384305349946	-0.0436365563497	-0.00451469668023	0.0020970782936	-0.0309729625433	-0.0371823400615	-0.0428665338926	-0.0236603487023	0.018476411042	-0.00741823553047	-0.0397272250108	0.0262420736405	0.0209250961305	0.0115016428567	0.0141677299202	-0.0262701507443	0.0183000005767	0.00459221682543	-0.00595131524492	-0.0317159507628	-0.0511916020489	-0.00648831972573	0.0210825350969	-0.019643392055	-0.0308706285375	-0.0435132985182	0.00340851498897	-0.0024932817805	0.0273831294497	-0.0354875786013	-0.0194448398013	-0.0118753609635	0.00201727779563	0.0123550992674	0.0291827042115	0.0292928135508	-0.0126858871941	-0.0695914306696	-0.0231741867391	0.0292182970597	-0.000587846272532	-0.0448448194236	0.045965620655	-0.0461358305925	-0.0141982780661	0.0201011103905	-0.00879929615885	-0.0146736877898	-0.026693543922	0.00595610313338	0.0414147225455
k__Bacteria;p__Bacteroidetes;c__Bacteroidia;o__Bacteroidales;f__Prevotellaceae;g__Prevotella;s__Prevotella_copri	-0.0414326282781	0.0271736494419	-0.0548972590322	1.0	0.0263571806808	-0.0116910026187	-0.0078548562702	-0.0150673604686	-0.0857295944722	-0.0329893712967	-0.0483619021583	0.0184356320219	0.0373173556695	-0.018971821827	-0.019534848787	0.0262149068611	-0.0151765052882	-0.0798649064216	-0.00479470271996	-0.0253096209662	-0.047278224137	0.0793971096466	-0.0302146621913	-0.0101344335385	0.0671159880879	-0.0235136380978	0.0259171018638	0.00973347730679	-0.039417051741	-0.00416210458859	-0.0367362069011	-0.0331482815247	-0.00782004187262	-0.0562852109229	0.0106203650222	0.0163877761194	-0.00739347343536	-0.0703072114764	0.00107153502712	0.0119705764158	0.0384247003778	0.00169971892885	0.00725751265188	-0.0122145118755	-0.0166338892024	-0.00371991927968	0.00447660346115	0.0105368564434	-0.0598170318577	-0.00328040016844	-0.0359897523604	0.0567529977922	-0.0378090643783	-0.105972738326	0.00601742557994	0.019496472463	0.039329905678	-0.0159348463095	-0.0344027991489
k__Bacteria;p__Bacteroidetes;c__Bacteroidia;o__Bacteroidales;f__Bacteroidaceae;g__Bacteroides;s__Bacteroides_stercoris	-0.0113299782931	-0.0102980236771	-0.0108773844258	0.0263571806808	1.0	-0.0172129436597	-0.055392225381	-0.0268469359102	-0.0234013289563	-0.0140692277144	-0.0264818174019	-0.0247171317501	-0.000149381887018	0.0174770085692	-0.00835766021956	-0.00511321040007	-0.0565170101133	0.00956340942384	-0.0199672648816	-0.0368289183497	-0.000406606992492	-0.031590461517	0.0599525172416	-0.0503754816727	-0.00612026732324	-0.0368052255935	-0.0242915281802	0.0493050884975	-0.0174328211321	0.0138203780409	0.0134880035323	0.0180874136948	-0.0317138116261	-0.0204834721588	-0.0252694147405	-0.0052245988483	0.0359172396947	-0.010526972635	0.00177836096664	0.00177887531715	-0.00792964368594	0.0468282705987	0.0133148200194	0.00422708146714	0.031280191093	-0.00935073547863	-0.0329807705863	0.0617773442799	0.0271454709233	-0.0284380810664	-0.020717185682	-0.0317117430008	-0.0571094097817	-0.0666758358511	0.0577881458791	0.0767372509687	-0.098003755912	-0.0398265518645	0.0133285572397
k__Bacteria;p__Bacteroidetes;c__Bacteroidia;o__Bacteroidales;f__Bacteroidaceae;g__Bacteroides;s__Bacteroides_ovatus	-0.00771717823978	0.00466367110153	0.0252398431069	-0.0116910026187	-0.0172129436597	1.0	0.0171887474158	0.0159570657803	0.0118630145145	-0.0323134307889	-0.0387672977382	-0.0161639836035	0.0223470021267	0.0565182960183	-0.0500232112846	0.028825096243	-0.0491080620055	-0.0403890814604	-0.0217797954723	0.00220820180739	-0.0142477705244	-0.0185409988189	-0.0470911025298	0.0275664374827	-0.0529951159824	-0.0866250509098	-0.0137299400147	-0.0244031542155	-0.0302732046157	-0.00163893716176	0.00979839603827	-0.00219416391739	0.00429727755241	-0.0458650368078	0.0334854684015	-0.0181271500806	0.0147614800024	-0.0107492735652	-0.0783745497406	0.0235582705549	0.003698147381	0.0296160090643	-0.00510335648574	-0.0449536410075	-0.0103672395205	0.024555961583	0.0026795825778	0.0477079043317	0.0086087642216	-0.0490034710378	-0.0157396656307	0.00725975527611	-0.0454298438269	0.0470829447605	-0.0219795274641	-0.055395712823	0.0273883884111	-0.0387327560638	-0.0135888061934
k__Bacteria;p__Bacteroidetes;c__Bacteroidia;o__Bacteroidales;f__Rikenellaceae;g__Alistipes;s__Alistipes_shahii	-0.0226088166682	0.00726715526238	0.0285188641873	-0.0078548562702	-0.055392225381	0.0171887474158	1.0	0.0290495370592	0.0061661186933	-0.0129357298139	-0.0783859227696	-0.0332773846104	0.023481188567	0.0318452203135	-0.0335327365749	0.0502578428249	0.00210660109159	-0.0154720673431	0.00461679876705	0.00646860735868	0.0113354345317	-0.00794595562204	0.0412127818348	0.07795530738	0.0156670732073	-0.0418874445036	-0.0242362282886	-0.0568692039269	-0.0433813907625	-0.0238522265777	-0.0137544689209	-0.000877544237743	-0.00641631108052	-0.0147076576703	0.00217430103733	-2.01468087614e-05	-0.0400013858438	-0.0533220558312	-0.000708015411257	0.00464942261673	-0.0619031139455	-0.0644060839775	-0.015036546194	-0.0474473382919	-0.0553403544631	0.00432851243742	0.0238541470864	-0.0232560439488	0.0269726114114	-0.0476101350109	0.0659136165127	-0.0588247762493	-0.00775733717606	0.00691586651469	-0.0102292143082	0.0150861031566	-0.00716630072605	-0.0372900437103	-0.00269287404955
k__Bacteria;p__Firmicutes;c__Clostridia;o__Clostridiales;f__Ruminococcaceae;g__Faecalibacterium;s__Faecalibacterium_prausnitzii	0.00737149440361	-0.00425599070847	-0.0292648412892	-0.0150673604686	-0.0268469359102	0.0159570657803	0.0290495370592	1.0	-0.0649812753218	-0.00905551976466	0.0476583837223	-0.0130732594338	-0.0596135633263	-0.00408694797824	-0.0238828786293	-0.0819606035095	0.0339694882696	0.0407177410706	-0.00378837444683	-0.0166976158635	-0.00194469983039	-0.0233447689807	0.0669121785905	-0.0344048274554	-0.0231414276946	-0.0157451927962	-0.0109882785896	-0.024558966895	0.0138596118341	-0.050069140091	0.032079809658	-0.00333063599025	-0.0300083968715	-0.0376833797257	-0.0247693270914	-0.0204637752333	-0.029215665222	-0.0400595739769	-0.0153984446037	0.0173743348978	-0.00119384100165	-0.021290386387	0.0265764462781	0.0158466099588	0.0168768589004	0.0236444294217	0.0105858855287	-0.016366813385	-0.0234328521341	-0.0136676399101	0.0246967107779	-0.0504729764226	0.0359980760844	0.0499922402483	-0.00981499566721	-0.0815505824577	-0.0207966051604	-0.0125355963281	-0.0230927480223
k__Bacteria;p__Bacteroidetes;c__Bacteroidia;o__Bacteroidales;f__Rikenellaceae;g__Alistipes;s__Alistipes_finegoldii	0.0410165215114	-0.0801850178554	-0.0384305349946	-0.0857295944722	-0.0234013289563	0.0118630145145	0.0061661186933	-0.0649812753218	1.0	-0.0393719850358	-0.00150696453802	-0.0140106766046	-0.0037576878616	-0.00552197030874	0.00424918806709	-0.0554087847116	-0.0267934629553	0.0354598591206	-0.0418237164872	0.0528122555032	0.0255364419373	-0.0165401611338	-0.0136550189196	0.0148107298398	-0.0562525937499	0.0668213528506	-0.0230530705382	-0.0243519026094	0.0289079570487	0.0255679610069	-0.0156765053962	-0.0266281301316	0.0309323368513	-0.00259823052035	0.0148467686882	-0.0600793358483	0.00208743134657	-0.0282672176485	-0.0194501417459	0.0445975243082	-0.00763085461861	-0.0286955909722	0.00284962526485	-0.0316990460909	-0.0726219605418	-0.0449587745626	-0.0116501714436	-0.0101794019821	0.0360297449217	0.0456553873643	0.00517372802942	0.0708295673587	-0.011492818429	-0.0256114238457	-0.0430557184464	-0.038409863909	0.0158526245847	-0.0120400537726	-0.00514969117368
k__Bacteria;p__Bacteroidetes;c__Bacteroidia;o__Bacteroidales;f__Porphyromonadaceae;g__Parabacteroides;s__Parabacteroides_distasonis	0.00878634443783	-0.0396245204492	-0.0436365563497	-0.0329893712967	-0.0140692277144	-0.0323134307889	-0.0129357298139	-0.00905551976466	-0.0393719850358	1.0	0.0330365252149	-0.0104319162639	-0.0781581279125	0.0182854243878	-0.00835053013707	-0.0251498967953	0.00821105997088	-0.0127090117212	-0.0406557431418	0.0367668667524	-0.0752432721092	-0.0551070795311	-0.0370305683545	-0.048990459631	-0.00841481819842	0.0571831208617	-0.0184670783624	-0.0403881735204	-0.00468021524101	0.0151606456409	-0.057812018639	0.0525814448128	-0.0384395000325	0.0203135285545	0.00109444899629	0.00871710813185	-0.0173770375962	-0.00438452639026	0.00323853618603	0.00603054927438	0.00919231139686	0.0292371212148	0.00279625740852	-0.0353699703263	-0.0239739271535	-0.0238694723272	0.0414656839305	0.0140949465619	0.00846999872005	-0.0367165155802	0.0207748731449	0.00549798183141	-0.0224843100933	0.0215188540793	0.0103487791295	-0.0381562162771	0.0206492707115	0.012161787918	0.0157637482084
k__Bacteria;p__Bacteroidetes;c__Bacteroidia;o__Bacteroidales;f__Bacteroidaceae;g__Bacteroides;s__Bacteroides_thetaiotaomicron	-0.0152967125501	-0.0557402995217	-0.00451469668023	-0.0483619021583	-0.0264818174019	-0.0387672977382	-0.0783859227696	0.0476583837223	-0.00150696453802	0.0330365252149	1.0	0.00709523182735	-0.0689139123534	-0.0405421887996	-0.0126114805141	0.0789676526938	-0.0564045439609	-0.0119311776206	-0.0261642666612	0.0602651596193	0.008667133641	-0.0492964719575	0.0147823863475	0.0056198597886	0.0225927479637	-0.0142080283493	-0.0354659647601	-0.0291477996786	0.0189848182512	-0.0382802568804	-0.0247773045882	-0.00401264042301	-0.0324632188144	0.00100445658531	-0.0145899841962	0.0212981211446	-0.0390046678878	0.0035328079129	0.047435923935	0.0233351202713	-0.00806910965781	0.0338546898901	-0.0251762861188	0.0294659061006	0.0161242540942	0.0212193023698	0.0423145359238	0.0416765956076	0.0310788390464	0.0145469197942	-0.0550406300351	-0.00103663710961	-0.0248618617409	0.00549232896447	-0.0277499295492	0.00635929020217	-0.019338099845	0.0539984047049	0.0369727689437
k__Bacteria;p__Bacteroidetes;c__Bacteroidia;o__Bacteroidales;f__Bacteroidaceae;g__Bacteroides;s__Bacteroides_coprocola	-0.0220009224014	0.0471972011079	0.0020970782936	0.0184356320219	-0.0247171317501	-0.0161639836035	-0.0332773846104	-0.0130732594338	-0.0140106766046	-0.0104319162639	0.00709523182735	1.0	0.014678942359	-0.0330084512872	0.00596115885905	0.0269829348653	-0.00902093948783	0.000213615977205	-0.0444566572674	-0.0259579441215	-0.00753599256084	-0.0161150254253	0.0428077890769	0.0286480499513	-0.0440452942986	0.0140710273319	-0.0710630300162	0.0280476953522	-0.0477691224959	-0.00856594563881	0.0200764459266	-0.00111632513895	0.00619477334032	0.0408718226774	0.00612892535656	-0.0101976528656	-0.0192737529212	0.0032965301034	-0.0505590601771	0.00642046507976	0.0239676473095	-0.0299730867915	0.00960281813751	-0.040479191448	0.00990962623121	-0.0375768057105	5.08561755041e-05	-0.0405026147151	-0.0216305450022	-0.0140704715728	-0.0122141808857	0.0215636946534	-0.0163832357352	-0.0679096555792	0.0798321292567	0.0246122318699	0.0325887606357	0.0262795702448	-0.0556003270063
k__Bacteria;p__Bacteroidetes;c__Bacteroidia;o__Bacteroidales;f__Bacteroidaceae;g__Bacteroides;s__Bacteroides_cellulosilyticus	0.0154673976995	-0.0170394576442	-0.0309729625433	0.0373173556695	-0.000149381887018	0.0223470021267	0.023481188567	-0.0596135633263	-0.0037576878616	-0.0781581279125	-0.0689139123534	0.014678942359	1.0	0.0164935449906	-0.0658984452706	-0.0832646317796	-0.0618870437024	-0.0114227631671	-0.00610473463811	-0.0178322023943	-0.0445781715105	0.0413961492063	0.0238211897483	-0.0186205110911	0.0463581198698	0.0365288541354	0.00688380096979	0.0214348876072	-0.00718816845408	-0.026944399098	0.0175570487617	0.0404233100625	0.0405695382308	-0.0201704565433	0.0182670363538	-0.0326499913256	-0.018688658639	-0.0409544256285	-0.0398924233164	0.0021796464932	0.0266301486622	0.0525504582283	0.0485608834513	-0.00363522924318	0.00316365119726	0.0422188996935	-0.0363729382255	-0.00507752276114	-0.0284086787172	0.00883394086817	0.0390366926802	0.00163228621485	0.0509626623249	-0.0296649774828	-0.0383629461923	-0.0284906189493	-0.0143726692467	0.0824345829733	-0.00619744960269
k__Bacteria;p__Bacteroidetes;c__Bacteroidia;o__Bacteroidales;f__Rikenellaceae;g__Alistipes;s__Alistipes_obesi	-0.0589729005818	-0.0274049640097	-0.0371823400615	-0.018971821827	0.0174770085692	0.0565182960183	0.0318452203135	-0.00408694797824	-0.00552197030874	0.0182854243878	-0.0405421887996	-0.0330084512872	0.0164935449906	1.0	0.0127875537141	-0.031946688518	-0.0335035808238	-0.0338477855176	-0.0242636500671	0.00723575803811	-0.0295142198602	0.0200348029728	0.0361464543709	-0.0141558400739	-0.0412598677385	-0.0035715959597	0.0170885800842	-0.0192340296219	-0.055283131966	0.0394730703113	-0.00921788201547	0.0498068128913	0.00254740631411	-0.0181572053023	0.0369940568534	0.0324951898202	-0.017525219736	0.0494145198899	-0.00020307852872	-0.00901729100614	0.0104727581281	0.0190497103229	0.053419646549	0.0296131206405	-0.0638413402322	0.0498905584086	0.0133627679929	-0.0168685829133	-0.00340490058324	-0.044605057378	-0.0411797177476	-0.0489622086558	-0.0389468830121	0.00300653891232	-0.0124820912512	-0.048948165899	-0.02865390092	-0.0125794157037	-0.0255323705149
k__Bacteria;p__Firmicutes;c__Clostridia;o__Clostridiales;f__Lachnospiraceae;g__;s__[Eubacterium]_rectale	-0.0176038914594	-0.0797611035925	-0.0428665338926	-0.019534848787	-0.00835766021956	-0.0500232112846	-0.0335327365749	-0.0238828786293	0.00424918806709	-0.00835053013707	-0.0126114805141	0.00596115885905	-0.0658984452706	0.0127875537141	1.0	-0.00212277505388	0.0404972618735	-0.0105762490737	-0.0285927438235	-0.0319662500832	0.0294641495747	-0.0142959675458	-0.0549693058523	0.0145488032675	-0.0188782209381	-0.0115512770477	0.0222575534561	-0.0568657072018	-0.000580689733321	-0.0411399715693	-0.0389790920653	0.0195445065212	-0.0284469252183	0.0411403520622	0.0110447525391	-0.00990049317905	-0.000365654332858	0.00258783793955	-0.0433632803202	-0.0529678401635	0.039238768418	-0.0160150942891	0.0187342330137	-0.0151137951525	-0.0303627968776	0.00930889243507	-0.086765378609	0.00799728603612	-0.00667533156354	-0.0215425472375	-0.0543667410132	0.0153031569271	-0.000350513639261	0.000230536147141	0.0245205322015	-0.00703602723571	-0.0247218869577	0.0123597903927	-0.00387977013677
k__Bacteria;p__Bacteroidetes;c__Bacteroidia;o__Bacteroidales;f__Bacteroidaceae;g__Bacteroides;s__Bacteroides_plebeius	-0.00741129563609	-0.0525888927153	-0.0236603487023	0.0262149068611	-0.00511321040007	0.028825096243	0.0502578428249	-0.0819606035095	-0.0554087847116	-0.0251498967953	0.0789676526938	0.0269829348653	-0.0832646317796	-0.031946688518	-0.00212277505388	1.0	-0.0488948106704	-0.00283744607005	0.000337023552706	-0.00772272514029	-0.00942091774066	0.00770433048978	-0.036191349401	0.0328717737619	-0.0249560334176	0.00195238422335	-0.0203233497979	0.0049853039622	0.0245628835872	-0.013920634777	-0.00643669657413	-0.0247348959419	-0.0713164532574	-0.0150518495704	0.0129113676814	-0.0066606278286	0.0250387287842	-0.0380217499321	0.00329627764012	-0.0227895844679	-0.00293301693219	-0.073541810796	-0.00434211162038	0.0116049659559	-0.00443726013131	0.0227318185692	-0.0840224971395	-0.00385045740889	-0.0195522277704	-0.00596116537077	-0.0405220795125	-0.0510424750545	-0.00218858754007	-0.0467836540868	-0.0101078228774	0.00108358630454	0.00667583220172	0.0129266123061	-0.0177000216706
k__Bacteria;p__Bacteroidetes;c__Bacteroidia;o__Bacteroidales;f__Bacteroidaceae;g__Bacteroides;s__Bacteroides_fragilis	-0.00365668653436	-0.0687438595519	0.018476411042	-0.0151765052882	-0.0565170101133	-0.0491080620055	0.00210660109159	0.0339694882696	-0.0267934629553	0.00821105997088	-0.0564045439609	-0.00902093948783	-0.0618870437024	-0.0335035808238	0.0404972618735	-0.0488948106704	1.0	-0.00935958516392	-0.0745519773196	0.0083604332912	0.0129163512134	-0.0297070197925	-0.0167536010453	-0.0404340025395	-0.00251309199567	0.0514617603297	0.0141726964288	-0.0614494229403	-0.0167191849873	-0.0379545091821	-7.06091234368e-05	0.0465321819546	0.0134463549323	0.0206703500653	-0.0126500243715	-0.0495581724335	0.0364015967677	0.00746685073806	-0.0179246512085	-0.000938758305306	-0.00883820660749	-0.0887339041184	-0.0245702055841	0.0384863453805	-0.0165668703203	0.0188704990972	0.0761934833183	-0.000830342864985	-0.0858984313934	0.0291636637279	0.0157449924042	0.0493558386927	-0.0285074807802	0.0167681483265	-0.0171557521149	0.0151252716283	-0.0406199674598	0.0332352125055	0.0102619112362
k__Bacteria;p__Proteobacteria;c__Betaproteobacteria;o__Burkholderiales;f__Sutterellaceae;g__Sutterella;s__Sutterella_wadsworthensis	-0.0130494386235	0.0518401964911	-0.00741823553047	-0.0798649064216	0.00956340942384	-0.0403890814604	-0.0154720673431	0.0407177410706	0.0354598591206	-0.0127090117212	-0.0119311776206	0.000213615977205	-0.0114227631671	-0.0338477855176	-0.0105762490737	-0.00283744607005	-0.00935958516392	1.0	0.00523181035383	-0.0343092046515	-0.00227900027703	-0.0186546821643	-0.0403608138354	-0.0120021425989	-0.0198743353187	0.019887971947	-0.00736053766114	0.0325985558789	0.0208202414068	0.0349045653967	-0.0104879954248	-0.0616417974553	-0.0465470152677	-0.00720334401131	-0.00539430791029	-0.0645932460792	-0.027975322942	0.017299641387	-0.00336157936538	0.0515339149108	-0.0140958404579	0.0189619749033	-0.0282498417678	-0.019306464839	-0.0340735520932	-0.039797281091	-0.0847698862478	-0.0330793464903	0.0179718541044	0.0207776214961	0.000621768148097	0.00382852975214	-0.0177344533247	0.0264316235741	0.00243464748384	-0.012056936231	-0.016282510718	-0.0218334659243	0.00841997495545
k__Bacteria;p__Bacteroidetes;c__Bacteroidia;o__Bacteroidales;f__Porphyromonadaceae;g__Barnesiella;s__Barnesiella_intestinihominis	-0.0389562989753	-0.044997232957	-0.0397272250108	-0.00479470271996	-0.0199672648816	-0.0217797954723	0.00461679876705	-0.00378837444683	-0.0418237164872	-0.0406557431418	-0.0261642666612	-0.0444566572674	-0.00610473463811	-0.0242636500671	-0.0285927438235	0.000337023552706	-0.0745519773196	0.00523181035383	1.0	-0.0422580027644	0.0308764837248	0.0329308491261	0.00716749945907	-0.0212593315002	0.0266702983551	-0.0592750105508	0.00306444974738	0.00933687375056	0.0224657450885	-0.0302937160026	0.0126202839348	-0.0767063792335	-0.0274427885566	0.0429192330272	-0.00575208417173	0.00150442363619	-0.00209808294848	0.034585033341	-0.00389504174153	-0.0620516489537	-4.59290986021e-06	0.0110879398253	-0.00509857410421	0.0154476248265	-0.0674981913419	0.0145260783445	0.0296947989691	0.0119310838272	0.0112916517579	0.0461743389658	-0.0386591350774	0.009005283352	0.00394849644144	-0.0444540384272	-0.0275713422004	-0.0378551724953	-0.0225458288424	0.0104869803384	-0.0105428091104
k__Bacteria;p__Bacteroidetes;c__Bacteroidia;o__Bacteroidales;f__Odoribacteraceae;g__Odoribacter;s__Odoribacter_splanchnicus	0.0393127736516	-0.00895847060934	0.0262420736405	-0.0253096209662	-0.0368289183497	0.00220820180739	0.00646860735868	-0.0166976158635	0.0528122555032	0.0367668667524	0.0602651596193	-0.0259579441215	-0.0178322023943	0.00723575803811	-0.0319662500832	-0.00772272514029	0.0083604332912	-0.0343092046515	-0.0422580027644	1.0	-0.0140723089389	-0.0804058509434	-0.00945051139092	-0.050771030973	-0.0413774984023	0.0558853770877	-0.0766608434978	0.0190426529586	-0.0113529280407	-0.00871398906464	0.0194665592937	-0.0139880463983	0.0132795521707	-0.0537664953132	0.0278666294114	0.00993609237116	-0.00840960569997	-0.00611199022955	-0.0527014081239	-0.0338356352908	-0.0227591642626	-0.0152793334821	0.0339523673354	-0.0589744108345	0.00230506621737	-0.0205472240474	0.0520972427778	0.0135476251776	-0.0353136537356	-0.0268216092246	-0.0482576244241	-0.0348746009934	-0.0335171595345	-0.0081850511247	-0.0277658820145	0.0182117645553	-0.023212777259	-0.0653893638622	-0.0237840271809
k__Bacteria;p__Bacteroidetes;c__Bacteroidia;o__Bacteroidales;f__Bacteroidaceae;g__Bacteroides;s__Bacteroides_salyersiae	-0.035517175186	0.000816086239574	0.0209250961305	-0.047278224137	-0.000406606992492	-0.0142477705244	0.0113354345317	-0.00194469983038	0.0255364419373	-0.0752432721092	0.008667133641	-0.00753599256084	-0.0445781715105	-0.0295142198602	0.0294641495747	-0.00942091774066	0.0129163512134	-0.00227900027703	0.0308764837248	-0.0140723089389	1.0	-0.0511801707672	-0.0256656444234	0.0596281860026	-0.0263190447895	-0.0685166927711	-0.0250456820782	0.0306500024509	0.00909823757645	0.0335503455976	-0.0357304569811	0.0181541831369	0.0419589428493	0.037850512209	-0.0605411118497	-0.00617725539915	-0.0131907809656	-0.0167211284588	0.0106423105093	-0.0664335714327	-0.0369609501565	0.0263802989966	-0.0764906026266	0.0355198168313	-0.00972247230271	-0.078418765348	-0.0357380890129	-0.0310851256496	0.0186992731358	-0.0294699134297	0.0141641965785	0.0492649340625	0.00940215431399	-0.0435566193753	0.0190791282195	0.00386336598459	-0.0100997689178	-0.0114966121353	-0.0248688079471
k__Bacteria;p__Firmicutes;c__Clostridia;o__Clostridiales;f__Ruminococcaceae;g__Ruminiclostridium;s__[Eubacterium]_siraeum	-0.000867262364727	-0.0306060590719	0.0115016428567	0.0793971096466	-0.031590461517	-0.0185409988189	-0.00794595562204	-0.0233447689807	-0.0165401611338	-0.0551070795311	-0.0492964719575	-0.0161150254253	0.0413961492063	0.0200348029728	-0.0142959675458	0.00770433048978	-0.0297070197925	-0.0186546821643	0.0329308491261	-0.0804058509434	-0.0511801707672	1.0	-0.0094457145561	-0.0178314464297	-0.014481264685	-0.00248161895829	0.0219453458351	-0.0118371618466	0.0318584879999	-0.00318964736096	0.040073421545	0.00999839590021	-0.000938717512997	-0.00858013376782	-0.0173371849177	0.0381255082204	-0.00451743993707	-0.0191126345463	-0.0497256036015	-0.00160642880592	-0.0362681314576	0.000343869375915	-0.0449047473661	0.0286241514111	-0.0152365821345	0.0246172898521	-0.0179935911773	0.0107221498594	-0.0564543809687	-0.0785219513656	0.0122122556442	0.0527371756469	0.0198797084318	0.027176269925	0.0153198650562	-0.0450775635119	0.0224502846176	0.012496917146	0.0565240518308
k__Bacteria;p__Proteobacteria;c__Betaproteobacteria;o__Burkholderiales;f__Sutterellaceae;g__Parasutterella;s__Parasutterella_excrementihominis	0.0197731781372	-0.00465412139136	0.0141677299202	-0.0302146621913	0.0599525172416	-0.0470911025298	0.0412127818348	0.0669121785905	-0.0136550189196	-0.0370305683545	0.0147823863475	0.0428077890769	0.0238211897483	0.0361464543709	-0.0549693058523	-0.036191349401	-0.0167536010453	-0.0403608138354	0.00716749945907	-0.00945051139092	-0.0256656444234	-0.0094457145561	1.0	-0.0256080316238	0.0160107456004	0.0487678860723	-0.000141161852917	0.0354322967334	0.0116555019281	-0.0529109312347	-0.0108797001476	0.0345497418336	-0.0611001480519	0.0389149818943	-0.0182797676077	-0.0119605033768	-0.0530325595353	0.0178290946915	-0.0121416299665	-0.0258483246592	-0.0146374163361	-0.00586704413119	-0.0214848402602	0.0137795992269	-0.0185284249352	0.0183056033005	-0.0131258081979	-0.0250395226368	-0.0294438617363	0.028815527558	-0.0709566148837	-0.0183246848186	-0.0171664560605	-0.0158513397862	0.0116879052402	-0.0693920535646	-0.0378959499076	-0.0139848641184	0.0386996154966
k__Bacteria;p__Actinobacteria;c__Actinobacteria;o__Bifidobacteriales;f__Bifidobacteriaceae;g__Bifidobacterium;s__Bifidobacterium_adolescentis	-0.00924543364446	-0.015234247042	-0.0262701507443	-0.0101344335385	-0.0503754816727	0.0275664374827	0.07795530738	-0.0344048274554	0.0148107298398	-0.048990459631	0.0056198597886	0.0286480499513	-0.0186205110911	-0.0141558400739	0.0145488032675	0.0328717737619	-0.0404340025395	-0.0120021425989	-0.0212593315002	-0.050771030973	0.0596281860026	-0.0178314464297	-0.0256080316238	1.0	-0.0143740721265	-0.0999914614684	-0.00712197909234	-0.0533246838877	0.00113872095413	0.0108839626711	-0.0537510392548	0.0451946194096	-0.00776198724647	-0.00630198304073	-0.0120254004461	-0.0376986048258	0.0253473898842	-0.0754448993846	-0.0125088217952	0.0123685128637	-0.0598586175999	0.0393615168848	0.0133489929383	-0.00278836190779	-0.0840752573024	0.0117158203257	0.00121762644292	0.0047783401178	-0.00881935464615	0.0246711003725	-0.019742127433	-0.0330600731495	0.0598804730066	-0.0320605956073	-0.0780126074489	0.0182453135523	0.00587316184062	0.0242325016867	-0.00781042044639
k__Bacteria;p__Firmicutes;c__Clostridia;o__Clostridiales;f__Oscillospiraceae;g__Oscillibacter;s__Oscillibacter_sp._KLE_1745	-0.0440342444215	-0.0442635823182	0.0183000005767	0.0671159880879	-0.00612026732324	-0.0529951159824	0.0156670732073	-0.0231414276946	-0.0562525937499	-0.00841481819842	0.0225927479637	-0.0440452942986	0.0463581198698	-0.0412598677385	-0.0188782209381	-0.0249560334176	-0.00251309199567	-0.0198743353187	0.0266702983551	-0.0413774984023	-0.0263190447895	-0.014481264685	0.0160107456004	-0.0143740721265	1.0	-0.0629746275135	-0.0015284272602	0.00633804480091	0.0635135940847	0.0189497373467	-0.0460395953865	-0.010657742644	0.00420496604103	-0.0223968525373	0.010337153196	0.0081232437858	-0.00184083468324	-0.0031188578762	0.0324064218958	0.0206556901004	0.0262901134388	0.000805467188921	-0.0548652147291	-0.0239773824893	0.0511282437391	0.0485205557259	0.00940311513482	-0.0308483976121	0.0366117583633	-0.0425246894266	0.024140986851	-0.0536977793855	0.00460862737715	-0.0429875093017	0.00563484263979	0.00285755206349	0.0149569793515	-0.0183527950772	0.0281039935304
k__Bacteria;p__Bacteroidetes;c__Bacteroidia;o__Bacteroidales;f__Bacteroidaceae;g__Bacteroides;s__Bacteroides_coprophilus	-0.00862992486324	0.0315047928258	0.00459221682543	-0.0235136380978	-0.0368052255935	-0.0866250509098	-0.0418874445036	-0.0157451927962	0.0668213528506	0.0571831208617	-0.0142080283493	0.0140710273319	0.0365288541354	-0.0035715959597	-0.0115512770477	0.00195238422335	0.0514617603297	0.019887971947	-0.0592750105508	0.0558853770877	-0.0685166927711	-0.00248161895829	0.0487678860723	-0.0999914614684	-0.0629746275135	1.0	-0.0537280893171	-0.000817509521506	-0.0375792200788	-0.0219535554596	-0.0194293897849	-0.00107073409329	0.0437778619704	0.0494632667168	-0.0483247108557	-0.0340387821031	0.0477740347948	-0.0241924464698	-0.0586830319416	-0.0712763303896	-0.00505240115159	0.00910821852539	-0.0184792538927	0.0167505567203	0.0198583377447	0.0260746169201	-0.0158044356342	-0.0562845546806	-0.0364250178341	-0.0440735174077	0.0149238844347	0.0121341943255	-0.0342364510572	-0.0323429757216	0.0169330319559	0.0351701515434	-0.0230314723915	-0.00956297823394	0.00314030912916
k__Bacteria;p__Firmicutes;c__Clostridia;o__Clostridiales;f__Lachnospiraceae;g__Roseburia;s__Roseburia_intestinalis	0.0316435771126	-0.0117481468932	-0.00595131524492	0.0259171018638	-0.0242915281802	-0.0137299400147	-0.0242362282886	-0.0109882785896	-0.0230530705382	-0.0184670783624	-0.0354659647601	-0.0710630300162	0.00688380096979	0.0170885800842	0.0222575534561	-0.0203233497979	0.0141726964288	-0.00736053766114	0.00306444974738	-0.0766608434978	-0.0250456820782	0.0219453458351	-0.000141161852917	-0.00712197909234	-0.0015284272602	-0.0537280893171	1.0	0.00343464946611	-0.0403441840207	-0.00728207991838	-0.00888284616776	0.0164212433309	0.00827356933093	0.0614839754548	0.0305741236833	-0.00385520441455	-0.020149649929	-0.0189001468967	0.00601767291561	-0.0133155879348	0.00197130908127	-0.0047809763715	0.0126071110927	0.0312311442735	-0.0132997235227	-0.0277751857811	-0.0210044314815	0.0164196808225	-0.0363514147411	-0.00566295671701	-0.00150931237409	-0.0750931563251	-0.00934500223473	0.0133371199946	0.00327561398934	-0.0369927331804	-0.0021752112908	0.00227813493604	-0.0439654754214
k__Bacteria;p__Firmicutes;c__Clostridia;o__Clostridiales;f__Lachnospiraceae;g__Roseburia;s__Roseburia_hominis	-0.0403635004776	0.00659161943022	-0.0317159507628	0.00973347730679	0.0493050884975	-0.0244031542155	-0.0568692039269	-0.024558966895	-0.0243519026094	-0.0403881735204	-0.0291477996786	0.0280476953522	0.0214348876072	-0.0192340296219	-0.0568657072018	0.0049853039622	-0.0614494229403	0.0325985558789	0.00933687375056	0.0190426529586	0.0306500024509	-0.0118371618466	0.0354322967334	-0.0533246838877	0.00633804480091	-0.000817509521506	0.00343464946611	1.0	0.0116683834732	0.0189823353549	-0.00402778939193	-0.000378803086132	-0.0161316144003	0.054901876382	-0.0420571578495	0.0181001060401	0.0151469741119	0.0444471972978	0.00348059257947	-0.0574140717525	-0.0682551187216	0.0455673415055	0.014264442831	0.0184976178849	0.106920947238	-0.0184225214266	-0.120370399771	0.0186926298264	-0.0195775124904	-0.0419966368188	0.0110531993839	-0.0311038089752	-0.0124475047292	-0.00343277703933	-0.0363412897751	-0.0409454589333	0.0620970208957	0.0242386003639	-0.035175829786
k__Bacteria;p__Bacteroidetes;c__Bacteroidia;o__Bacteroidales;f__Porphyromonadaceae;g__Parabacteroides;s__Parabacteroides_johnsonii	-0.0653994009736	-0.0216906131854	-0.0511916020489	-0.039417051741	-0.0174328211321	-0.0302732046157	-0.0433813907625	0.0138596118341	0.0289079570487	-0.00468021524101	0.0189848182512	-0.0477691224959	-0.00718816845408	-0.055283131966	-0.000580689733321	0.0245628835872	-0.0167191849873	0.0208202414068	0.0224657450885	-0.0113529280407	0.00909823757645	0.0318584879999	0.0116555019281	0.00113872095413	0.0635135940847	-0.0375792200788	-0.0403441840207	0.0116683834732	1.0	0.00654032230575	0.0284034170171	-0.0703208509568	-0.00876590623238	0.0206924832485	-0.0656360086943	0.0446387036376	-0.0753636318653	-0.00923206912735	9.61233724555e-05	-0.065939067528	0.0228347561329	-0.085174904136	0.0223557434377	0.0446941972171	-0.0142388549986	-0.00182033112684	-0.0669545077976	0.0526000606113	-0.0189697641633	-0.0312567717028	-0.023107105114	-0.0175073904633	-0.000866450546269	0.053322364826	0.0271866680834	0.0331289594194	-0.00629436168075	-0.0787061828176	0.028421007498
