#taxonomy	k__Bacteria;p__Bacteroidetes;c__Bacteroidia;o__Bacteroidales;f__Bacteroidaceae;g__Bacteroides;s__Bacteroides_vulgatus	k__Bacteria;p__Bacteroidetes;c__Bacteroidia;o__Bacteroidales;f__Bacteroidaceae;g__Bacteroides;s__Bacteroides_uniformis	k__Bacteria;p__Bacteroidetes;c__Bacteroidia;o__Bacteroidales;f__Rikenellaceae;g__Alistipes;s__Alistipes_putredinis	k__Bacteria;p__Bacteroidetes;c__Bacteroidia;o__Bacteroidales;f__Prevotellaceae;g__Prevotella;s__Prevotella_copri	k__Bacteria;p__Bacteroidetes;c__Bacteroidia;o__Bacteroidales;f__Bacteroidaceae;g__Bacteroides;s__Bacteroides_stercoris	k__Bacteria;p__Bacteroidetes;c__Bacteroidia;o__Bacteroidales;f__Bacteroidaceae;g__Bacteroides;s__Bacteroides_ovatus	k__Bacteria;p__Bacteroidetes;c__Bacteroidia;o__Bacteroidales;f__Rikenellaceae;g__Alistipes;s__Alistipes_shahii	k__Bacteria;p__Firmicutes;c__Clostridia;o__Clostridiales;f__Ruminococcaceae;g__Faecalibacterium;s__Faecalibacterium_prausnitzii	k__Bacteria;p__Bacteroidetes;c__Bacteroidia;o__Bacteroidales;f__Rikenellaceae;g__Alistipes;s__Alistipes_finegoldii	k__Bacteria;p__Bacteroidetes;c__Bacteroidia;o__Bacteroidales;f__Porphyromonadaceae;g__Parabacteroides;s__Parabacteroides_distasonis	k__Bacteria;p__Bacteroidetes;c__Bacteroidia;o__Bacteroidales;f__Bacteroidaceae;g__Bacteroides;s__Bacteroides_thetaiotaomicron	k__Bacteria;p__Bacteroidetes;c__Bacteroidia;o__Bacteroidales;f__Bacteroidaceae;g__Bacteroides;s__Bacteroides_coprocola	k__Bacteria;p__Bacteroidetes;c__Bacteroidia;o__Bacteroidales;f__Bacteroidaceae;g__Bacteroides;s__Bacteroides_cellulosilyticus	k__Bacteria;p__Bacteroidetes;c__Bacteroidia;o__Bacteroidales;f__Rikenellaceae;g__Alistipes;s__Alistipes_obesi	k__Bacteria;p__Firmicutes;c__Clostridia;o__Clostridiales;f__Lachnospiraceae;g__;s__[Eubacterium]_rectale	k__Bacteria;p__Bacteroidetes;c__Bacteroidia;o__Bacteroidales;f__Bacteroidaceae;g__Bacteroides;s__Bacteroides_plebeius	k__Bacteria;p__Bacteroidetes;c__Bacteroidia;o__Bacteroidales;f__Bacteroidaceae;g__Bacteroides;s__Bacteroides_fragilis	k__Bacteria;p__Proteobacteria;c__Betaproteobacteria;o__Burkholderiales;f__Sutterellaceae;g__Sutterella;s__Sutterella_wadsworthensis	k__Bacteria;p__Bacteroidetes;c__Bacteroidia;o__Bacteroidales;f__Porphyromonadaceae;g__Barnesiella;s__Barnesiella_intestinihominis	k__Bacteria;p__Bacteroidetes;c__Bacteroidia;o__Bacteroidales;f__Odoribacteraceae;g__Odoribacter;s__Odoribacter_splanchnicus	k__Bacteria;p__Bacteroidetes;c__Bacteroidia;o__Bacteroidales;f__Bacteroidaceae;g__Bacteroides;s__Bacteroides_salyersiae	k__Bacteria;p__Firmicutes;c__Clostridia;o__Clostridiales;f__Ruminococcaceae;g__Ruminiclostridium;s__[Eubacterium]_siraeum	k__Bacteria;p__Proteobacteria;c__Betaproteobacteria;o__Burkholderiales;f__Sutterellaceae;g__Parasutterella;s__Parasutterella_excrementihominis	k__Bacteria;p__Actinobacteria;c__Actinobacteria;o__Bifidobacteriales;f__Bifidobacteriaceae;g__Bifidobacterium;s__Bifidobacterium_adolescentis	k__Bacteria;p__Firmicutes;c__Clostridia;o__Clostridiales;f__Oscillospiraceae;g__Oscillibacter;s__Oscillibacter_sp._KLE_1745	k__Bacteria;p__Bacteroidetes;c__Bacteroidia;o__Bacteroidales;f__Bacteroidaceae;g__Bacteroides;s__Bacteroides_coprophilus	k__Bacteria;p__Firmicutes;c__Clostridia;o__Clostridiales;f__Lachnospiraceae;g__Roseburia;s__Roseburia_intestinalis	k__Bacteria;p__Firmicutes;c__Clostridia;o__Clostridiales;f__Lachnospiraceae;g__Roseburia;s__Roseburia_hominis	k__Bacteria;p__Bacteroidetes;c__Bacteroidia;o__Bacteroidales;f__Porphyromonadaceae;g__Parabacteroides;s__Parabacteroides_johnsonii	k__Bacteria;p__Actinobacteria;c__Actinobacteria;o__Bifidobacteriales;f__Bifidobacteriaceae;g__Bifidobacterium;s__Bifidobacterium_longum	k__Bacteria;p__Firmicutes;c__Clostridia;o__Clostridiales;f__;g__Flavonifractor;s__Flavonifractor_plautii	k__Bacteria;p__Firmicutes;c__Clostridia;o__Clostridiales;f__Clostridiaceae;g__Clostridium;s__Clostridium_phoceensis	k__Bacteria;p__Verrucomicrobia;c__Verrucomicrobiae;o__Verrucomicrobiales;f__Akkermansiaceae;g__Akkermansia;s__Akkermansia_muciniphila	k__Bacteria;p__Bacteroidetes;c__Bacteroidia;o__Bacteroidales;f__Prevotellaceae;g__Paraprevotella;s__Paraprevotella_xylaniphila	k__Bacteria;p__Firmicutes;c__Clostridia;o__Clostridiales;f__Ruminococcaceae;g__Ruminococcus;s__Ruminococcus_callidus	k__Bacteria;p__Bacteroidetes;c__Bacteroidia;o__Bacteroidales;f__Rikenellaceae;g__Alistipes;s__Alistipes_senegalensis	k__Bacteria;p__Firmicutes;c__Clostridia;o__Clostridiales;f__Lachnospiraceae;g__Blautia;s__Blautia_sp._KLE_1732	k__Bacteria;p__Bacteroidetes;c__Bacteroidia;o__Bacteroidales;f__Bacteroidaceae;g__Bacteroides;s__Bacteroides_oleiciplenus	k__Bacteria;p__Firmicutes;c__Clostridia;o__Clostridiales;f__Ruminococcaceae;g__Ruminococcus;s__Ruminococcus_bicirculans	k__Bacteria;p__Bacteroidetes;c__Bacteroidia;o__Bacteroidales;f__Bacteroidaceae;g__Bacteroides;s__Bacteroides_fluxus	k__Bacteria;p__Bacteroidetes;c__Bacteroidia;o__Bacteroidales;f__Prevotellaceae;g__Prevotella;s__Prevotella_stercorea	k__Bacteria;p__Firmicutes;c__Clostridia;o__Clostridiales;f__Lachnospiraceae;g__Dorea;s__Dorea_longicatena	k__Bacteria;p__Firmicutes;c__Clostridia;o__Clostridiales;f__Eubacteriaceae;g__Eubacterium;s__[Eubacterium]_eligens	k__Bacteria;p__Firmicutes;c__Clostridia;o__Clostridiales;f__Ruminococcaceae;g__;s__Ruminococcaceae_bacterium_D16	k__Bacteria;p__Firmicutes;c__Clostridia;o__Clostridiales;f__Lachnospiraceae;g__Coprococcus;s__Coprococcus_comes	k__Bacteria;p__Proteobacteria;c__Gammaproteobacteria;o__Enterobacterales;f__Enterobacteriaceae;g__Escherichia;s__Escherichia_coli	k__Bacteria;p__Firmicutes;c__Clostridia;o__Clostridiales;f__Ruminococcaceae;g__Anaerotruncus;s__Anaerotruncus_colihominis	k__Bacteria;p__Firmicutes;c__Clostridia;o__Clostridiales;f__Lachnospiraceae;g__Blautia;s__Blautia_obeum	k__Bacteria;p__Bacteroidetes;c__Bacteroidia;o__Bacteroidales;f__Odoribacteraceae;g__Odoribacter;s__Odoribacter_laneus	k__Bacteria;p__Firmicutes;c__Clostridia;o__Clostridiales;f__Ruminococcaceae;g__Ruminiclostridium;s__[Clostridium]_leptum	k__Bacteria;p__Bacteroidetes;c__Bacteroidia;o__Bacteroidales;f__Porphyromonadaceae;g__Parabacteroides;s__Parabacteroides_goldsteinii	k__Bacteria;p__Firmicutes;c__Clostridia;o__Clostridiales;f__Lachnospiraceae;g__Anaerostipes;s__Anaerostipes_hadrus	k__Bacteria;p__Firmicutes;c__Clostridia;o__Clostridiales;f__Ruminococcaceae;g__Ruminococcus;s__Ruminococcus_lactaris	k__Bacteria;p__Firmicutes;c__Clostridia;o__Clostridiales;f__Clostridiaceae;g__Clostridium;s__Clostridium_sp._L2-50	k__Bacteria;p__Firmicutes;c__Clostridia;o__Clostridiales;f__Clostridiaceae;g__Clostridium;s__Clostridium_sp._M62/1	k__Bacteria;p__Firmicutes;c__Clostridia;o__Clostridiales;f__;g__Intestinimonas;s__Intestinimonas_butyriciproducens	k__Bacteria;p__Actinobacteria;c__Actinobacteria;o__Bifidobacteriales;f__Bifidobacteriaceae;g__Bifidobacterium;s__Bifidobacterium_bifidum	k__Bacteria;p__Firmicutes;c__Negativicutes;o__Veillonellales;f__Veillonellaceae;g__Dialister;s__Dialister_invisus	k__Bacteria;p__Bacteroidetes;c__Bacteroidia;o__Bacteroidales;f__Bacteroidaceae;g__Bacteroides;s__Bacteroides_salanitronis
k__Bacteria;p__Bacteroidetes;c__Bacteroidia;o__Bacteroidales;f__Bacteroidaceae;g__Bacteroides;s__Bacteroides_vulgatus	1.0	-0.042652103545	0.0382120314319	-0.0328360198102	-0.033588009793	0.06866179408	0.0173314853063	-0.0770962070455	-0.0413613024403	-0.0335292079112	0.0261068245579	-0.0490762309206	-0.00529993550994	0.00277517287842	0.0164130262171	0.044111858026	-0.00283788673202	0.0245369046872	-0.0517353195188	0.0293413245478	0.0357655269006	0.0244408751541	-0.0171057265093	-0.0690881131017	-0.0505950013565	-0.0557971537005	0.0144507219848	0.0418601317537	-0.0194350270356	0.0521341897114	-0.00182119635005	0.00206725790169	0.0065075032747	-0.0108474431672	0.0307819010161	0.0310786014298	0.0139640862699	-0.0483866649485	-0.0548671429526	-0.0476903936062	-0.00702274595858	0.00458866144557	0.0527890755999	-0.00238062446005	0.00502892607242	-0.0613392109322	-0.0237389827064	0.0202402593857	-0.049898622666	-0.0572363427661	0.0136559817905	-0.0536124796706	0.0305142335394	-0.0118639036305	-0.0561164282302	0.00108102947755	-0.00542625693514	-0.0350984410818	0.0545552709359
k__Bacteria;p__Bacteroidetes;c__Bacteroidia;o__Bacteroidales;f__Bacteroidaceae;g__Bacteroides;s__Bacteroides_uniformis	-0.042652103545	1.0	-0.0738616131098	0.0031644105305	0.0197727887266	0.0121620368897	0.0177310687276	-0.00188908658887	0.014694598365	0.0618494368662	0.0202427984683	0.0216377488511	-0.0304576742022	0.0218126165804	0.046440254318	0.000471899814834	0.0330303311509	-0.0279724154392	-0.0273907812601	0.0279490788942	0.018650239702	-0.0249247482471	-0.014267518199	-0.00607319161302	-0.0830273875849	-0.00561014566905	-0.00217280278118	-0.0483616737211	-0.0461211220118	0.0247848061147	0.0101568099982	0.0104151009059	-0.0434891225877	-0.0465750987359	0.0957269848782	-0.0346556956441	0.00425292632338	-0.0464629121692	-0.00669941852602	0.0262108539658	-0.0513668210555	-0.0236797834892	-0.0258990462545	-0.0615516723658	-0.00214925836314	0.0408308265193	-0.00540741236682	-0.0219995551786	-0.00405321687807	0.0171370872779	-0.00610136285896	-0.0470138285669	-0.060318673591	0.0225242048629	0.00535768075675	-0.038674463602	-0.0191026681764	-0.0833010970328	0.0341707749023
k__Bacteria;p__Bacteroidetes;c__Bacteroidia;o__Bacteroidales;f__Rikenellaceae;g__Alistipes;s__Alistipes_putredinis	0.0382120314319	-0.0738616131098	1.0	0.0120786679022	0.0330470246951	0.0312304977033	0.0250988729838	0.0276908557559	-0.0359048739133	0.0211165655352	-0.0147875161846	0.0307054644415	0.0225181609147	-0.00590247143057	-0.0479940466598	-0.0182229185647	-0.00571231640773	-0.0167721399655	-0.0260777373743	0.0171408822665	-0.0564668245661	-0.023279997555	0.0248598233949	-0.0336789628769	-0.0324886859536	-0.010763016016	-0.0358651872314	-0.0102370759672	-0.012638736895	0.0345148388419	0.0115050762611	0.0101266005634	-0.031936392598	0.0133371816406	-0.0228565426213	-0.0724736853974	-0.0485453737066	-0.00217679743304	-0.0290113598469	0.00204016646242	0.0329176631059	0.0253085267785	-0.0447514708433	-0.0359802543231	0.00380981912224	0.0255123516919	0.0254028656979	-0.0295239195081	0.0192406202135	-0.0131670928707	0.0245398974064	0.0570553349142	0.00141856433462	-0.0132071716405	-0.0086334014667	0.0025310157523	0.0338629591211	0.0106075077769	-0.0625067151204
k__Bacteria;p__Bacteroidetes;c__Bacteroidia;o__Bacteroidales;f__Prevotellaceae;g__Prevotella;s__Prevotella_copri	-0.0328360198102	0.0031644105305	0.0120786679022	1.0	-0.0221915918014	-0.00525711727102	-0.00279167162799	0.0136390060913	0.0171441800797	0.00201559608281	-0.0445874762666	0.00463616975538	-0.00381356460151	-0.0225475315969	-0.0243983606746	0.10806325537	0.0116977156143	-0.00236684471367	-0.0235968255644	-0.0309940857282	-0.0236030770052	0.0215041930573	-0.0645872401503	-0.0499460287903	-0.0547174448268	-0.00266189601951	0.0257061385291	0.0639581541346	0.0310625931073	0.0217098309486	0.00475429662236	-0.00748793430359	0.0529706791841	-0.0160902802043	-0.00548507487616	0.00072135596987	0.00563229243157	-0.0504078990543	0.0272275167191	-0.0163412457595	-0.021270032888	-0.109587069046	-0.023431997874	-0.0117052077072	0.0057845367042	-0.0119571181608	-0.0108730853994	-0.039668611194	-0.017331524241	-0.0248693399391	0.0397519963944	-0.0502018574898	-0.0328087316133	-0.0107172430658	0.0223216895962	-0.0367792972657	-0.010360955138	0.0503377391315	-0.0421789917666
k__Bacteria;p__Bacteroidetes;c__Bacteroidia;o__Bacteroidales;f__Bacteroidaceae;g__Bacteroides;s__Bacteroides_stercoris	-0.033588009793	0.0197727887266	0.0330470246951	-0.0221915918014	1.0	-0.0381176265017	-0.0332345537171	0.00161646595194	-0.00279014155916	-0.0131168100536	-0.0460530119978	-0.0149107065687	0.0567626746737	0.00714973303803	-0.0341076589684	0.0316222398045	-0.0329637625532	-0.0411090045194	-0.0587891619652	-0.0266714310146	-0.0343643962964	0.00889157268512	-0.00735851331066	-0.00918375760298	0.00741049427915	0.0205515856262	0.00112531923036	-0.0473359716615	-0.0402189531109	-0.0171815825754	-0.0346988212877	-0.0284210017539	0.0251654096764	-0.0718045519574	-0.0608970526264	-0.0523587919351	0.0321436082167	0.0452330070611	-0.0138070172315	0.0031328358594	-0.068844259935	-0.00156680097805	-0.0677464192713	-0.0245756906085	0.0176741530834	-0.0537745715052	0.00616888660978	-0.0449892748217	-0.00327315135482	-0.086140851531	-0.00271933425008	0.00443280341797	-0.00451644284154	0.0504452536145	-0.0127547987193	0.0285946019925	-0.0545733449279	0.0170286193959	0.0332270100868
k__Bacteria;p__Bacteroidetes;c__Bacteroidia;o__Bacteroidales;f__Bacteroidaceae;g__Bacteroides;s__Bacteroides_ovatus	0.06866179408	0.0121620368897	0.0312304977033	-0.00525711727102	-0.0381176265017	1.0	0.0132989603926	0.0194955958452	-0.0370406556942	-0.014698844748	-0.0359453830533	-0.013182533106	0.0132658146791	0.0395640126567	-0.0237014667319	-0.0145641452481	-0.0262362731377	0.0187990899447	-0.0149300067559	-0.0514120523253	-0.0108607448899	-0.0352236727307	0.0304404365901	0.0656662142348	-0.0203084203077	-0.027606285354	-0.0496777705656	-0.059369557825	-0.0202873861704	-0.0353041181935	0.039531255849	0.0070097330657	-0.00949234217709	-0.0113467334682	0.00208839308124	0.0182756303422	-0.0264745969127	0.00546066200702	-0.0444531851836	-0.0305576412464	0.0263288338247	0.00135819810853	-0.0639717670957	-0.0319233592615	0.0143657522407	-0.0471245066909	0.0125651988754	0.0142465916535	0.0184931449749	-0.00884632583455	0.0144563269561	0.0164892960806	-0.0109584433449	-0.0099056475312	0.0123244642024	0.0196333282496	0.00249330413999	-0.00449997897514	-0.00794150588069
k__Bacteria;p__Bacteroidetes;c__Bacteroidia;o__Bacteroidales;f__Rikenellaceae;g__Alistipes;s__Alistipes_shahii	0.0173314853063	0.0177310687276	0.0250988729838	-0.00279167162799	-0.0332345537171	0.0132989603926	1.0	-0.0319217424673	-0.00853923354813	-0.00410900002061	-0.0149491914191	-0.0363437231993	0.00516422110398	-0.052474204102	-0.0224194348213	0.0293198949116	0.0311445188179	-0.0113679294256	-0.038641727657	-0.0389749200133	0.0103590063578	-0.0913019766108	-0.0028181343148	0.0117784979649	-0.0212678454926	0.0207920571745	-0.0150311109335	0.0159202927435	0.0471135487107	-0.0247146726965	-0.00694634530871	-0.0370365570981	-0.0491600603294	-0.053815126703	0.0643999829072	-0.0218941045394	-0.00583119741888	-0.00648630861272	-0.053304247261	0.0322262929906	0.0559634707637	0.0417137330704	-0.00459235686284	-0.0437285664136	-0.00983916640118	-0.0340257280283	-0.0440162179077	-0.00191823384893	-0.0234814889423	-0.0237232306556	0.0253696458686	-0.0124631666109	0.0313121808499	-0.0444648869154	-0.0576764588537	0.00882895420298	-0.0482487986162	-0.0499796473046	-0.0143645458998
k__Bacteria;p__Firmicutes;c__Clostridia;o__Clostridiales;f__Ruminococcaceae;g__Faecalibacterium;s__Faecalibacterium_prausnitzii	-0.0770962070455	-0.00188908658887	0.0276908557559	0.0136390060913	0.00161646595194	0.0194955958452	-0.0319217424673	1.0	-0.0196849775387	0.0308065488755	-0.0325498087264	0.00152234192113	-0.0528053431512	-0.0316024821167	-0.0422408459716	0.0228963469873	-0.00427373371674	-0.0592014188965	0.0101896259667	0.00399959748208	-0.0139183626105	0.0184430091606	-0.00989005317434	0.0527252680782	-0.0328463349971	0.0390437886448	0.0382653716343	0.0107735093807	-0.0179674684323	0.015848288655	-0.0210943019812	-0.0027672606041	-0.0673536035768	-0.0157424726032	0.0127192170936	-0.0483227197849	-0.00432656067543	0.00260187876414	0.0282609602837	-0.0581524583972	0.0166014309367	0.0558819545249	-0.0215911758027	0.0152045791984	0.0033634476315	-0.0336016829583	0.0103750945342	0.022214979972	0.00434429898028	-0.0040376600754	-0.0838754533693	0.00822830266932	-0.070086338594	-0.0411790810522	-0.0578400201957	-0.0149451641023	-0.0392197876969	0.0265143787003	0.00156675243475
k__Bacteria;p__Bacteroidetes;c__Bacteroidia;o__Bacteroidales;f__Rikenellaceae;g__Alistipes;s__Alistipes_finegoldii	-0.0413613024403	0.014694598365	-0.0359048739133	0.0171441800797	-0.00279014155916	-0.0370406556942	-0.00853923354813	-0.0196849775387	1.0	-0.0281473938159	0.00872383420461	0.00629964008547	0.035428762228	-0.0310143514292	-0.0913161227407	0.0170413220741	0.00462965482208	0.0127002022528	0.0196344495721	0.0405374510867	-0.000621552179011	0.0399909750864	0.0105949465666	-0.0487926750689	-0.0176933100885	0.0537718771859	0.0108834413148	0.00514700439466	-0.0272797100834	-0.0287212013823	-0.0596498506793	0.0139095120516	0.00213947569872	0.0386402035762	-0.0375539732031	0.0150548462519	0.00716675931301	-0.0385731207445	-0.0295089094416	-0.0251368764982	-0.0300466590332	-0.0237870746011	-0.0729394712202	0.00531941965865	-0.0646450449794	-0.00304588650684	-0.00461476534743	0.0448355082347	0.0103479851211	-0.0529421006769	-0.0350821459082	0.04531496245	0.0635882760887	-0.0261804793717	-0.0150614860302	0.0229540887496	-0.0111408916351	-0.0179792374832	0.0139251744659
k__Bacteria;p__Bacteroidetes;c__Bacteroidia;o__Bacteroidales;f__Porphyromonadaceae;g__Parabacteroides;s__Parabacteroides_distasonis	-0.0335292079112	0.0618494368662	0.0211165655352	0.00201559608281	-0.0131168100536	-0.014698844748	-0.00410900002061	0.0308065488755	-0.0281473938159	1.0	0.038854159503	0.0185687186511	-0.0794527826811	-0.0270346314427	0.0627449592952	0.00612923024069	-0.00392360173139	-0.0516620581028	0.0460758433358	-0.0438942897171	0.0014932331811	-0.00805527366272	-0.0409433324591	0.0210358050724	0.00802769288683	0.026945138569	-0.0180566143393	-0.0608206811466	0.0731935795487	-0.0123329715246	0.00459828093586	0.0149304182066	-0.0422655805425	-0.004547194881	-0.038633605632	-0.0221013577229	0.0217832332304	-0.00772227392929	0.0263077891689	-0.0100337789963	-0.00478987274255	-0.015098769805	-0.0155277673522	-0.017669788397	0.0140408591376	0.00831067098356	0.0257447613512	-0.0123042135019	-0.000403406591683	-0.0205463456105	0.016437244062	-0.00310761663826	0.0208087704807	-0.0255846644105	0.00501446081025	-0.0147496781675	0.0238278032901	-0.0250704333339	0.0256348163153
k__Bacteria;p__Bacteroidetes;c__Bacteroidia;o__Bacteroidales;f__Bacteroidaceae;g__Bacteroides;s__Bacteroides_thetaiotaomicron	0.0261068245579	0.0202427984683	-0.0147875161846	-0.0445874762666	-0.0460530119978	-0.0359453830533	-0.0149491914191	-0.0325498087264	0.00872383420461	0.038854159503	1.0	-0.0268269731299	0.00609277097972	-0.0315281856923	0.0193002509345	0.00733408748784	-0.0277684768091	0.000257685324038	-0.0614766684619	-0.039558355779	-0.0602299060915	-0.0213853960978	-0.0406514612304	-0.0270814347595	-0.0443047691137	0.0229431770592	0.00292709651168	-0.00574454886037	-0.00225547989087	-0.0738660819142	0.0562993591724	-0.00980207246388	0.0200545723218	0.0204178620123	-0.0113143689472	-0.00519064431392	0.0417198830214	0.0761348683149	-0.0160356871118	0.0500150130827	-0.0257538218649	-0.0150684439782	0.0164374244199	-0.00204398720731	-0.000572224433044	-0.0333507613229	-0.0754775019036	-0.00841095216877	-0.0460908823051	0.0527955576031	0.0481610335227	-0.00517480955246	0.0119315440287	-0.0136464432091	-0.0454792064078	-0.0149066118684	0.00776121967009	-0.0673917300332	0.0266991423858
k__Bacteria;p__Bacteroidetes;c__Bacteroidia;o__Bacteroidales;f__Bacteroidaceae;g__Bacteroides;s__Bacteroides_coprocola	-0.0490762309206	0.0216377488511	0.0307054644415	0.00463616975538	-0.0149107065687	-0.013182533106	-0.0363437231993	0.00152234192113	0.00629964008547	0.0185687186511	-0.0268269731299	1.0	0.0285984031892	-0.0172220101914	-0.00596099058707	-0.0326296641754	-0.0502294301257	0.00888637325638	-0.0570193390055	0.0168895999265	0.020626349944	0.000184686796448	-0.0401885850973	-0.00125273212154	-0.0137704150009	0.0164508330681	0.0912200124921	0.0290369995159	0.0214834922811	0.0727393117495	-0.0419747359777	-0.0469441400971	-0.0201136887858	-0.0303864445458	-0.0385066816216	0.0075437367781	-0.0475432022325	0.0160030789132	-0.00979577641956	0.00113539984532	-0.00375102863454	-0.0189941863667	0.0184078368414	-0.00187380389949	0.00573166739677	0.0477567236315	-0.0169359108482	-0.0810175493696	-0.0394987350747	0.00192485994565	-0.0377454314571	0.0291957267677	-0.00626510794459	-0.0378580686657	-0.0332303957754	-0.0722897999228	-0.0108221219174	0.0203373666549	-0.0263688736942
k__Bacteria;p__Bacteroidetes;c__Bacteroidia;o__Bacteroidales;f__Bacteroidaceae;g__Bacteroides;s__Bacteroides_cellulosilyticus	-0.00529993550994	-0.0304576742022	0.0225181609147	-0.00381356460151	0.0567626746737	0.0132658146791	0.00516422110398	-0.0528053431512	0.035428762228	-0.0794527826811	0.00609277097972	0.0285984031892	1.0	-0.0201115439327	0.00255108588286	-0.0320732215548	-0.00299214116167	-0.0282048514648	-0.0192547149046	-0.00249873915149	0.0149928909613	-0.0157402784107	-0.0150173415344	-0.0329299688029	-0.0648511526528	-0.0345270938452	0.00703351306814	0.00370664682575	-0.045441383757	0.0136270676977	-0.0248377699133	-0.0665836572835	-0.019485097234	-0.0284841562338	0.0304628750958	-0.0310295352917	0.0241652613074	0.0310559347664	0.0285866504525	-0.00772659635663	-0.030782069915	0.015660143363	-0.06595331362	0.00360590242695	-0.00403227556319	0.0475174504056	-0.0160541199109	0.0476720744816	0.0234485739005	-0.112419404748	-0.0739846851742	-0.0110660406999	-0.00379286801463	-0.0749650314908	0.00900315630078	0.0170722088712	0.0791079452208	0.000759931636994	-0.0151512649246
k__Bacteria;p__Bacteroidetes;c__Bacteroidia;o__Bacteroidales;f__Rikenellaceae;g__Alistipes;s__Alistipes_obesi	0.00277517287842	0.0218126165804	-0.00590247143057	-0.0225475315969	0.00714973303803	0.0395640126567	-0.052474204102	-0.0316024821167	-0.0310143514292	-0.0270346314427	-0.0315281856923	-0.0172220101914	-0.0201115439327	1.0	0.000855442620233	-0.00191773454573	0.0102069385037	-0.0182626239808	0.00406551865622	0.0180646469547	-0.0315854480546	-0.032357409292	0.0110659413063	-0.0265316797115	0.0158113048139	0.00645016065287	0.0768038525422	-0.0261749543311	0.0325489756934	-0.0477825939804	-0.00920666234654	-0.0375792119889	0.0337639881201	-0.0480227731731	-0.0598512286978	-0.0184107926315	-0.00779750352458	-0.0310858200215	-0.0275501844361	-0.07143854621	-0.0480479531925	-0.0478105310374	0.045143529494	-0.00392998335727	0.00680227290104	0.011101515925	0.0428772762673	0.0287521362263	-0.00883544220267	-0.0347118889494	0.0510859087605	0.0135965641481	-0.0262522437324	0.000171677263198	-0.0241198404903	-0.0437576160917	-0.052058988863	-0.0905274176186	-0.00414700115016
k__Bacteria;p__Firmicutes;c__Clostridia;o__Clostridiales;f__Lachnospiraceae;g__;s__[Eubacterium]_rectale	0.0164130262171	0.046440254318	-0.0479940466598	-0.0243983606746	-0.0341076589684	-0.0237014667319	-0.0224194348213	-0.0422408459716	-0.0913161227407	0.0627449592952	0.0193002509345	-0.00596099058707	0.00255108588286	0.000855442620233	1.0	-0.01710809088	-0.00109588959866	-0.0100411711803	-0.0183203033263	0.0395195129895	0.0353685571604	-0.0847253339057	-0.033762578618	0.00764744290622	-0.0217000003785	-0.00263154120465	0.000772731974067	-0.0391398530706	0.00259786987524	0.0549612992626	-0.0386758818411	0.0542553323392	-0.0755296551323	-0.0328188571351	-0.0158053322704	0.0103678298225	0.0186616710191	-0.019285756366	0.0285865498576	0.0128145325982	0.0296051877838	0.021503377204	0.0345796926809	0.00111494707875	-0.0291923793787	-0.0162938946288	-0.0532632410426	-0.0359842184339	0.0153016538979	0.0301493830935	0.0478272586957	0.0053395934756	-0.012763143428	0.00220946347108	-0.013506309735	-0.0315808749504	-0.0278851515203	-0.00445972206347	0.0351102742796
k__Bacteria;p__Bacteroidetes;c__Bacteroidia;o__Bacteroidales;f__Bacteroidaceae;g__Bacteroides;s__Bacteroides_plebeius	0.044111858026	0.000471899814834	-0.0182229185647	0.10806325537	0.0316222398045	-0.0145641452481	0.0293198949116	0.0228963469873	0.0170413220741	0.00612923024069	0.00733408748784	-0.0326296641754	-0.0320732215548	-0.00191773454573	-0.01710809088	1.0	0.00820686117425	-0.0102690746769	0.0181468404539	-0.0566070108067	0.0643294615481	-0.00321389484045	-0.0311122780204	0.00739657796993	0.00625053635931	-0.0307214058076	-0.0344595955181	0.0228449198123	0.0267546099554	-0.0247202514783	-0.0501634744911	0.0260344710985	-0.0118578114396	0.00844962166312	0.0203161637723	-0.0402622423714	-0.0179345741121	-0.0104932791793	-0.0530357183037	0.00308177696449	-0.0261535405664	-0.0436374385562	-0.0077874322145	0.0249935003768	0.00420840381088	-0.0436004387866	0.030492777426	0.00404961977038	-0.0782776421605	-0.0204337049922	0.000132501544955	0.0159837195231	-0.030244028325	0.0108661290835	-0.0418232960194	-0.0443461432456	-0.0532995746486	-0.00195304827076	0.0389129638854
k__Bacteria;p__Bacteroidetes;c__Bacteroidia;o__Bacteroidales;f__Bacteroidaceae;g__Bacteroides;s__Bacteroides_fragilis	-0.00283788673202	0.0330303311509	-0.00571231640773	0.0116977156143	-0.0329637625532	-0.0262362731377	0.0311445188179	-0.00427373371674	0.00462965482208	-0.00392360173138	-0.0277684768091	-0.0502294301257	-0.00299214116167	0.0102069385037	-0.00109588959866	0.00820686117425	1.0	0.0491694452634	-0.0422007570739	-0.0466250665081	-0.000110828641842	-0.0299730500187	-0.00802201648078	0.00938388672032	-0.00565493606045	-0.00941499656203	-0.0173628192856	0.0150340640822	0.000970608976261	-0.0313934383066	0.00872730562946	0.0188327737028	-0.052439409395	0.0177398968156	0.0462855067023	0.0622452266656	0.0728338805885	-0.0105020276728	0.00358717817364	0.00211155361381	0.0405585420674	-0.00756099787046	0.0241165230555	-0.00378021125085	-0.0265241386884	-0.00820197696441	-0.0236708340649	-0.0136394096737	-3.95241653963e-05	-0.0243955863077	-0.0487303697936	-0.0157788507121	0.0106373230084	0.010830759568	-0.0496536046899	-0.017912111767	-0.0537080547579	-0.0547371775615	-0.0326217664363
k__Bacteria;p__Proteobacteria;c__Betaproteobacteria;o__Burkholderiales;f__Sutterellaceae;g__Sutterella;s__Sutterella_wadsworthensis	0.0245369046872	-0.0279724154392	-0.0167721399655	-0.00236684471367	-0.0411090045194	0.0187990899447	-0.0113679294256	-0.0592014188965	0.0127002022528	-0.0516620581028	0.000257685324038	0.00888637325638	-0.0282048514648	-0.0182626239808	-0.0100411711803	-0.0102690746769	0.0491694452634	1.0	0.0506689386785	0.0495867531095	-0.0271911567653	0.000500279411484	-0.0327323337163	-0.0098288299021	0.0527960441742	0.00637577298407	-0.000394781143428	-0.028362984216	-0.0530953880785	-0.0793032104625	-0.00275133888829	0.0169547113414	0.0135026206592	0.0106879866061	0.0155670374885	-0.00107460244278	-0.0220539657173	-0.0256059055893	-0.0312295041704	0.00513172729121	0.000537199401518	-0.0362924448541	0.0534824217519	0.00284020172162	0.00430443619366	-0.0681641797016	-0.0166636490247	-0.0244361990806	0.0291659453458	-0.0229711996002	-0.021119159994	-0.00489002074874	0.00786770519485	-0.00499448457473	0.0170828634784	-0.0425458508479	0.00322517061747	-0.0112433982446	-0.0644297629745
k__Bacteria;p__Bacteroidetes;c__Bacteroidia;o__Bacteroidales;f__Porphyromonadaceae;g__Barnesiella;s__Barnesiella_intestinihominis	-0.0517353195188	-0.0273907812601	-0.0260777373743	-0.0235968255644	-0.0587891619652	-0.0149300067559	-0.038641727657	0.0101896259667	0.0196344495721	0.0460758433358	-0.0614766684619	-0.0570193390055	-0.0192547149046	0.00406551865622	-0.0183203033263	0.0181468404539	-0.0422007570739	0.0506689386785	1.0	0.0250753852195	-0.01556304519	0.0118233317003	0.0471515306591	0.00673107396945	0.0726659552271	-0.00116827061587	-0.0302070455217	-0.071339164091	0.0222406659985	-0.029703327744	-0.0500593526273	0.0389754725183	0.00478329178299	-0.00780872668374	0.00540201455393	-0.0284674443896	0.0254917062111	0.0164787220144	-0.0760106816768	-0.0077828970957	0.0260518741171	0.00363958043564	0.0058368022988	-0.0173366117967	0.0421801979079	-0.0304035268039	-0.0140898032892	0.0172725288661	0.0227727417712	-0.0165014740158	0.0106118257356	0.0445605070538	-0.0585913679628	-0.0294478637285	-0.00393904276182	-0.0245923077501	0.0272983937092	-0.0282561041382	0.0392110173283
k__Bacteria;p__Bacteroidetes;c__Bacteroidia;o__Bacteroidales;f__Odoribacteraceae;g__Odoribacter;s__Odoribacter_splanchnicus	0.0293413245478	0.0279490788942	0.0171408822665	-0.0309940857282	-0.0266714310146	-0.0514120523253	-0.0389749200133	0.00399959748208	0.0405374510867	-0.0438942897171	-0.039558355779	0.0168895999265	-0.00249873915149	0.0180646469547	0.0395195129895	-0.0566070108067	-0.0466250665081	0.0495867531095	0.0250753852195	1.0	-0.0130741077019	0.0333018353753	0.0424978256053	0.012162372674	0.0194066474975	0.0455515530071	0.02356317272	-0.0014412956596	0.00443346285545	-0.0728591751642	-0.0252097978968	-0.0168355188032	-0.0480664832845	0.0088058695612	-0.0190281100877	0.00177345187679	-0.0340029717962	-0.00398182916328	-0.0142604003479	-0.060365472838	0.0602301787411	-0.003282955426	0.0377673932989	0.0437714695503	-0.0399197307985	0.00768724404203	-0.00391648729271	-0.0468085088525	-0.0456593484614	-0.00554086427834	-0.0157211684316	-0.036971922572	-3.23178748537e-05	-0.00385111676626	-0.0335855130092	-0.0286059266982	-0.0407655992052	-0.0163838906996	-0.00334427263643
k__Bacteria;p__Bacteroidetes;c__Bacteroidia;o__Bacteroidales;f__Bacteroidaceae;g__Bacteroides;s__Bacteroides_salyersiae	0.0357655269006	0.018650239702	-0.0564668245661	-0.0236030770052	-0.0343643962964	-0.0108607448899	0.0103590063578	-0.0139183626105	-0.000621552179011	0.0014932331811	-0.0602299060915	0.020626349944	0.0149928909613	-0.0315854480546	0.0353685571604	0.0643294615481	-0.000110828641842	-0.0271911567653	-0.01556304519	-0.0130741077019	1.0	0.0157834277345	-0.0221947935329	0.0471837764515	-0.0294092252074	-0.0126699271178	0.0116917493309	0.0502287450874	0.017889069144	0.0615540017555	-0.0245499838126	-0.0186030807069	0.0146051089897	0.0524655465949	-0.0134036362753	-0.0607579103356	-0.0283817084436	-0.0538297317095	-0.0557917055934	0.0120279874191	0.0281846853421	-0.00840553301477	-0.0127125484757	-0.010683308405	-0.0160936859629	-0.0226058057814	0.0119219874483	0.0138410469604	-0.0293107582745	0.0212546196232	-0.0433352086451	-0.028313694937	-0.0578057067646	0.024726796008	0.0463537754869	-0.00246101235596	-0.00521075503859	0.00449649544286	0.0734957728096
k__Bacteria;p__Firmicutes;c__Clostridia;o__Clostridiales;f__Ruminococcaceae;g__Ruminiclostridium;s__[Eubacterium]_siraeum	0.0244408751541	-0.0249247482471	-0.023279997555	0.0215041930573	0.00889157268512	-0.0352236727307	-0.0913019766108	0.0184430091606	0.0399909750864	-0.00805527366272	-0.0213853960978	0.000184686796448	-0.0157402784107	-0.032357409292	-0.0847253339057	-0.00321389484045	-0.0299730500187	0.000500279411484	0.0118233317003	0.0333018353753	0.0157834277345	1.0	-0.0345533178492	-0.0293730651255	-0.0320408043912	-0.017258756598	-0.0356730987127	-0.036468367971	-0.0278261274938	0.00397762754089	0.0111672646981	0.00964675572264	-0.0194234747592	-0.0478108857577	0.0459987428468	0.0312682175839	0.0217040827508	0.0129803816342	0.0348067630685	-0.0346815975689	-0.0048897964416	0.0258701118028	-0.0198316694798	0.0137410240739	-0.0233067263829	-0.00781287143559	0.0170213724783	-0.0133006011337	-0.0643296288794	0.0421086148201	0.0038541635039	-0.0336206092446	-0.0393661568196	-0.00815669606656	0.0269818861209	0.0293819822795	-0.00345282037899	-0.0805816030742	0.0275738566696
k__Bacteria;p__Proteobacteria;c__Betaproteobacteria;o__Burkholderiales;f__Sutterellaceae;g__Parasutterella;s__Parasutterella_excrementihominis	-0.0171057265093	-0.014267518199	0.0248598233949	-0.0645872401503	-0.00735851331066	0.0304404365901	-0.0028181343148	-0.00989005317434	0.0105949465666	-0.0409433324591	-0.0406514612304	-0.0401885850973	-0.0150173415344	0.0110659413063	-0.033762578618	-0.0311122780204	-0.00802201648078	-0.0327323337163	0.0471515306591	0.0424978256053	-0.0221947935329	-0.0345533178492	1.0	0.0493850210359	0.0289468124933	-0.0391662966438	0.0635131394649	-0.0137523371417	0.00387193804441	-0.0507074566791	0.00855658102323	-0.0370336422327	-0.00552312400544	-0.0353861061144	-0.0224956915618	-0.010550303132	-0.0402700485868	-0.0169858958629	0.0272373396093	0.00912435098366	0.048197781864	-0.0663811844342	0.017176323135	-0.0248404045996	0.0229666691327	0.036793791026	0.0189710710253	-0.0181913894814	-0.0119067045554	-0.00707047380786	-0.00445195553614	0.0467490495277	0.0328102661155	-0.0181197172262	-0.0385458110612	-0.0254033214198	-0.0211283783653	-0.00832581355139	-0.00755491606239
k__Bacteria;p__Actinobacteria;c__Actinobacteria;o__Bifidobacteriales;f__Bifidobacteriaceae;g__Bifidobacterium;s__Bifidobacterium_adolescentis	-0.0690881131017	-0.00607319161302	-0.0336789628769	-0.0499460287903	-0.00918375760298	0.0656662142348	0.0117784979649	0.0527252680782	-0.0487926750689	0.0210358050724	-0.0270814347595	-0.00125273212154	-0.0329299688029	-0.0265316797115	0.00764744290622	0.00739657796993	0.00938388672032	-0.0098288299021	0.00673107396945	0.012162372674	0.0471837764515	-0.0293730651255	0.0493850210359	1.0	-0.020462223483	-0.0119569000951	-0.0131835124375	-0.00935817605683	-0.0683125721985	-0.0520067449925	-0.0447185011413	0.0541092881376	0.0139433400779	-0.0321894164177	0.0254898954093	0.00700409476717	0.0205814542786	-0.0378506834085	-0.0253719826882	-0.0478403237162	0.0158099512432	0.00463050490429	-0.00368615757798	0.0328232900474	0.00541749083491	-0.0233443720341	-0.0124418313057	0.0208300548742	-0.0493225061625	0.00192083364408	-0.0240628088097	-0.0479381194108	-0.0701902602459	0.0204446217923	-0.00318618534293	0.0841614274208	-0.00463012878675	-0.0133075761464	0.0660207551151
k__Bacteria;p__Firmicutes;c__Clostridia;o__Clostridiales;f__Oscillospiraceae;g__Oscillibacter;s__Oscillibacter_sp._KLE_1745	-0.0505950013565	-0.0830273875849	-0.0324886859536	-0.0547174448268	0.00741049427915	-0.0203084203077	-0.0212678454926	-0.0328463349971	-0.0176933100885	0.00802769288683	-0.0443047691137	-0.0137704150009	-0.0648511526528	0.0158113048139	-0.0217000003785	0.00625053635931	-0.00565493606045	0.0527960441742	0.0726659552271	0.0194066474975	-0.0294092252074	-0.0320408043912	0.0289468124933	-0.020462223483	1.0	-0.0618783403586	0.0265329167853	-0.0158350619322	0.0566121752551	-0.022513461512	-0.00566489436298	0.0154336291752	0.00469086471774	-0.0415640880433	0.0278042094905	0.0184946720817	-0.0606297882072	0.00089878767359	0.00283940020722	0.0612491704486	-0.0121614052973	-0.0245177198043	-0.0191201615097	-0.00589201214411	0.0211025400465	-0.0394672475348	-0.0409373223074	-0.021917360455	0.00564683657112	-0.021915777877	-0.00642296493807	0.0227441019719	-0.00706324597646	-0.00687490382475	-0.00301351059997	-0.0136882733578	-0.00327745994752	-0.0372542248997	-0.0166686394577
k__Bacteria;p__Bacteroidetes;c__Bacteroidia;o__Bacteroidales;f__Bacteroidaceae;g__Bacteroides;s__Bacteroides_coprophilus	-0.0557971537005	-0.00561014566905	-0.010763016016	-0.00266189601951	0.0205515856262	-0.027606285354	0.0207920571745	0.0390437886448	0.0537718771859	0.026945138569	0.0229431770592	0.0164508330681	-0.0345270938452	0.00645016065287	-0.00263154120465	-0.0307214058076	-0.00941499656203	0.00637577298407	-0.00116827061587	0.0455515530071	-0.0126699271178	-0.017258756598	-0.0391662966438	-0.0119569000951	-0.0618783403586	1.0	-0.0303421225401	-0.0133488827552	-0.0112084124808	0.0252040321037	0.071113208877	-0.0172798221571	-0.0332848095042	-0.0467870250102	0.0150115997793	-0.00559406095573	-0.0219273008513	-0.0504497585084	0.000965304553261	-0.0426824884032	0.017336029911	0.0205343836567	-0.0420593556955	-0.000902957434836	0.0571710667908	-0.0369583648911	0.00671908648691	-0.0256818675399	0.00538149036654	-0.0128306651859	-0.00435212616146	0.0119553597559	-0.0379914580473	-0.00516750384287	0.0434959320063	0.0178924603537	-0.0111699647336	0.0294627471918	-0.0092248171168
k__Bacteria;p__Firmicutes;c__Clostridia;o__Clostridiales;f__Lachnospiraceae;g__Roseburia;s__Roseburia_intestinalis	0.0144507219848	-0.00217280278118	-0.0358651872314	0.0257061385291	0.00112531923036	-0.0496777705656	-0.0150311109335	0.0382653716343	0.0108834413148	-0.0180566143393	0.00292709651168	0.0912200124921	0.00703351306814	0.0768038525422	0.000772731974067	-0.0344595955181	-0.0173628192856	-0.000394781143428	-0.0302070455217	0.02356317272	0.0116917493309	-0.0356730987127	0.0635131394649	-0.0131835124375	0.0265329167853	-0.0303421225401	1.0	-0.0194305203188	0.0125431358467	0.0327721203617	-0.0496481662969	-0.0535345341938	-0.0327722215922	0.0185025867609	-0.0491974468324	-0.0182271149489	0.0230578195217	-0.0670961575835	0.00974538616188	0.0345449266471	-0.05409297651	-0.0366389853445	-0.00536434769393	-0.0481114205721	0.0225174433129	-0.0230427560246	-0.0161592913763	-0.0341553264441	-0.0360810604752	0.0218839254853	-0.040498877856	0.0349223307002	-0.000789025572014	-0.0625950841346	-0.0127350884381	-0.00251738575666	-0.0512029854633	-0.0221468222155	-0.0042879731897
k__Bacteria;p__Firmicutes;c__Clostridia;o__Clostridiales;f__Lachnospiraceae;g__Roseburia;s__Roseburia_hominis	0.0418601317537	-0.0483616737211	-0.0102370759672	0.0639581541346	-0.0473359716615	-0.059369557825	0.0159202927435	0.0107735093807	0.00514700439466	-0.0608206811466	-0.00574454886037	0.0290369995159	0.00370664682575	-0.0261749543311	-0.0391398530706	0.0228449198123	0.0150340640822	-0.028362984216	-0.071339164091	-0.0014412956596	0.0502287450874	-0.036468367971	-0.0137523371417	-0.00935817605683	-0.0158350619322	-0.0133488827552	-0.0194305203188	1.0	-0.0351314452063	-0.00467739324472	0.0430770973005	-0.0170769415798	0.0235857690902	0.00846910191702	-0.0358632736102	-0.0131399755535	0.0171150683966	-0.0701219550923	0.0306189085604	-0.0621703968596	0.0271204424352	0.042646351144	-0.00350056769927	0.0221877097066	-0.0385910883587	0.00556355157027	-0.0278725078209	-0.00959101779948	-0.0943912428753	0.00966896601536	0.0303113776881	0.00157445210596	0.00104293048277	0.0270266003961	-0.0364865267951	-0.0226922727837	-0.0118291126068	0.0397677047143	-0.0033373222798
k__Bacteria;p__Bacteroidetes;c__Bacteroidia;o__Bacteroidales;f__Porphyromonadaceae;g__Parabacteroides;s__Parabacteroides_johnsonii	-0.0194350270356	-0.0461211220118	-0.012638736895	0.0310625931073	-0.0402189531109	-0.0202873861704	0.0471135487107	-0.0179674684323	-0.0272797100834	0.0731935795487	-0.00225547989087	0.0214834922811	-0.045441383757	0.0325489756934	0.00259786987524	0.0267546099554	0.000970608976261	-0.0530953880785	0.0222406659985	0.00443346285545	0.0178890691439	-0.0278261274938	0.00387193804441	-0.0683125721985	0.0566121752551	-0.0112084124808	0.0125431358467	-0.0351314452063	1.0	-0.0828418095658	-0.0103670940275	0.0234043680391	-0.0168309479632	-0.0566175159013	-0.00374453105352	-0.0204082446964	-0.0751060388359	-0.0628765113663	0.0338990891805	-0.00688880706773	0.00967733783055	0.009465969585	-0.0607356325525	0.0707661583704	-0.034210194599	-0.00513682922698	-0.00281841058703	-0.0168446301616	-0.00608491094932	0.0566046888933	0.0506520283998	-0.00912554188476	0.00153455032006	0.00301089358139	-0.0499301123031	0.00703977810232	0.029765011796	0.0317145916581	0.0496821435693
k__Bacteria;p__Actinobacteria;c__Actinobacteria;o__Bifidobacteriales;f__Bifidobacteriaceae;g__Bifidobacterium;s__Bifidobacterium_longum	0.0521341897114	0.0247848061147	0.0345148388419	0.0217098309486	-0.0171815825754	-0.0353041181935	-0.0247146726965	0.015848288655	-0.0287212013823	-0.0123329715246	-0.0738660819142	0.0727393117495	0.0136270676977	-0.0477825939804	0.0549612992626	-0.0247202514783	-0.0313934383066	-0.0793032104625	-0.029703327744	-0.0728591751642	0.0615540017555	0.00397762754089	-0.0507074566791	-0.0520067449925	-0.022513461512	0.0252040321037	0.0327721203617	-0.00467739324472	-0.0828418095658	1.0	0.0571837349106	0.00806557454637	0.0405938804771	-0.0417365719693	-0.0312518236813	-0.0103424725061	0.00559021432796	-0.0260765958403	0.0010152379992	-0.0150938344277	0.00155141626218	-0.0180733748941	0.0465987943319	0.00800995869099	-0.0430333187841	-0.028932592635	0.0167666395183	0.0187174530612	0.00239628638697	-0.00897339939117	0.0120485426999	0.02121244168	0.0546486675941	0.00656622127537	0.0281355637179	0.0313621005133	-0.0324719756031	-0.0382637348777	-0.00554381654522
