#taxonomy	k__Bacteria;p__Bacteroidetes;c__Bacteroidia;o__Bacteroidales;f__Bacteroidaceae;g__Bacteroides;s__Bacteroides_vulgatus	k__Bacteria;p__Bacteroidetes;c__Bacteroidia;o__Bacteroidales;f__Bacteroidaceae;g__Bacteroides;s__Bacteroides_uniformis	k__Bacteria;p__Bacteroidetes;c__Bacteroidia;o__Bacteroidales;f__Rikenellaceae;g__Alistipes;s__Alistipes_putredinis	k__Bacteria;p__Bacteroidetes;c__Bacteroidia;o__Bacteroidales;f__Prevotellaceae;g__Prevotella;s__Prevotella_copri	k__Bacteria;p__Bacteroidetes;c__Bacteroidia;o__Bacteroidales;f__Bacteroidaceae;g__Bacteroides;s__Bacteroides_stercoris	k__Bacteria;p__Bacteroidetes;c__Bacteroidia;o__Bacteroidales;f__Bacteroidaceae;g__Bacteroides;s__Bacteroides_ovatus	k__Bacteria;p__Bacteroidetes;c__Bacteroidia;o__Bacteroidales;f__Rikenellaceae;g__Alistipes;s__Alistipes_shahii	k__Bacteria;p__Firmicutes;c__Clostridia;o__Clostridiales;f__Ruminococcaceae;g__Faecalibacterium;s__Faecalibacterium_prausnitzii	k__Bacteria;p__Bacteroidetes;c__Bacteroidia;o__Bacteroidales;f__Rikenellaceae;g__Alistipes;s__Alistipes_finegoldii	k__Bacteria;p__Bacteroidetes;c__Bacteroidia;o__Bacteroidales;f__Porphyromonadaceae;g__Parabacteroides;s__Parabacteroides_distasonis	k__Bacteria;p__Bacteroidetes;c__Bacteroidia;o__Bacteroidales;f__Bacteroidaceae;g__Bacteroides;s__Bacteroides_thetaiotaomicron	k__Bacteria;p__Bacteroidetes;c__Bacteroidia;o__Bacteroidales;f__Bacteroidaceae;g__Bacteroides;s__Bacteroides_coprocola	k__Bacteria;p__Bacteroidetes;c__Bacteroidia;o__Bacteroidales;f__Bacteroidaceae;g__Bacteroides;s__Bacteroides_cellulosilyticus	k__Bacteria;p__Bacteroidetes;c__Bacteroidia;o__Bacteroidales;f__Rikenellaceae;g__Alistipes;s__Alistipes_obesi	k__Bacteria;p__Firmicutes;c__Clostridia;o__Clostridiales;f__Lachnospiraceae;g__;s__[Eubacterium]_rectale	k__Bacteria;p__Bacteroidetes;c__Bacteroidia;o__Bacteroidales;f__Bacteroidaceae;g__Bacteroides;s__Bacteroides_plebeius	k__Bacteria;p__Bacteroidetes;c__Bacteroidia;o__Bacteroidales;f__Bacteroidaceae;g__Bacteroides;s__Bacteroides_fragilis	k__Bacteria;p__Proteobacteria;c__Betaproteobacteria;o__Burkholderiales;f__Sutterellaceae;g__Sutterella;s__Sutterella_wadsworthensis	k__Bacteria;p__Bacteroidetes;c__Bacteroidia;o__Bacteroidales;f__Porphyromonadaceae;g__Barnesiella;s__Barnesiella_intestinihominis	k__Bacteria;p__Bacteroidetes;c__Bacteroidia;o__Bacteroidales;f__Odoribacteraceae;g__Odoribacter;s__Odoribacter_splanchnicus	k__Bacteria;p__Bacteroidetes;c__Bacteroidia;o__Bacteroidales;f__Bacteroidaceae;g__Bacteroides;s__Bacteroides_salyersiae	k__Bacteria;p__Firmicutes;c__Clostridia;o__Clostridiales;f__Ruminococcaceae;g__Ruminiclostridium;s__[Eubacterium]_siraeum	k__Bacteria;p__Proteobacteria;c__Betaproteobacteria;o__Burkholderiales;f__Sutterellaceae;g__Parasutterella;s__Parasutterella_excrementihominis	k__Bacteria;p__Actinobacteria;c__Actinobacteria;o__Bifidobacteriales;f__Bifidobacteriaceae;g__Bifidobacterium;s__Bifidobacterium_adolescentis	k__Bacteria;p__Firmicutes;c__Clostridia;o__Clostridiales;f__Oscillospiraceae;g__Oscillibacter;s__Oscillibacter_sp._KLE_1745	k__Bacteria;p__Bacteroidetes;c__Bacteroidia;o__Bacteroidales;f__Bacteroidaceae;g__Bacteroides;s__Bacteroides_coprophilus	k__Bacteria;p__Firmicutes;c__Clostridia;o__Clostridiales;f__Lachnospiraceae;g__Roseburia;s__Roseburia_intestinalis	k__Bacteria;p__Firmicutes;c__Clostridia;o__Clostridiales;f__Lachnospiraceae;g__Roseburia;s__Roseburia_hominis	k__Bacteria;p__Bacteroidetes;c__Bacteroidia;o__Bacteroidales;f__Porphyromonadaceae;g__Parabacteroides;s__Parabacteroides_johnsonii	k__Bacteria;p__Actinobacteria;c__Actinobacteria;o__Bifidobacteriales;f__Bifidobacteriaceae;g__Bifidobacterium;s__Bifidobacterium_longum	k__Bacteria;p__Firmicutes;c__Clostridia;o__Clostridiales;f__;g__Flavonifractor;s__Flavonifractor_plautii	k__Bacteria;p__Firmicutes;c__Clostridia;o__Clostridiales;f__Clostridiaceae;g__Clostridium;s__Clostridium_phoceensis	k__Bacteria;p__Verrucomicrobia;c__Verrucomicrobiae;o__Verrucomicrobiales;f__Akkermansiaceae;g__Akkermansia;s__Akkermansia_muciniphila	k__Bacteria;p__Bacteroidetes;c__Bacteroidia;o__Bacteroidales;f__Prevotellaceae;g__Paraprevotella;s__Paraprevotella_xylaniphila	k__Bacteria;p__Firmicutes;c__Clostridia;o__Clostridiales;f__Ruminococcaceae;g__Ruminococcus;s__Ruminococcus_callidus	k__Bacteria;p__Bacteroidetes;c__Bacteroidia;o__Bacteroidales;f__Rikenellaceae;g__Alistipes;s__Alistipes_senegalensis	k__Bacteria;p__Firmicutes;c__Clostridia;o__Clostridiales;f__Lachnospiraceae;g__Blautia;s__Blautia_sp._KLE_1732	k__Bacteria;p__Bacteroidetes;c__Bacteroidia;o__Bacteroidales;f__Bacteroidaceae;g__Bacteroides;s__Bacteroides_oleiciplenus	k__Bacteria;p__Firmicutes;c__Clostridia;o__Clostridiales;f__Ruminococcaceae;g__Ruminococcus;s__Ruminococcus_bicirculans	k__Bacteria;p__Bacteroidetes;c__Bacteroidia;o__Bacteroidales;f__Bacteroidaceae;g__Bacteroides;s__Bacteroides_fluxus	k__Bacteria;p__Bacteroidetes;c__Bacteroidia;o__Bacteroidales;f__Prevotellaceae;g__Prevotella;s__Prevotella_stercorea	k__Bacteria;p__Firmicutes;c__Clostridia;o__Clostridiales;f__Lachnospiraceae;g__Dorea;s__Dorea_longicatena	k__Bacteria;p__Firmicutes;c__Clostridia;o__Clostridiales;f__Eubacteriaceae;g__Eubacterium;s__[Eubacterium]_eligens	k__Bacteria;p__Firmicutes;c__Clostridia;o__Clostridiales;f__Ruminococcaceae;g__;s__Ruminococcaceae_bacterium_D16	k__Bacteria;p__Firmicutes;c__Clostridia;o__Clostridiales;f__Lachnospiraceae;g__Coprococcus;s__Coprococcus_comes	k__Bacteria;p__Proteobacteria;c__Gammaproteobacteria;o__Enterobacterales;f__Enterobacteriaceae;g__Escherichia;s__Escherichia_coli	k__Bacteria;p__Firmicutes;c__Clostridia;o__Clostridiales;f__Ruminococcaceae;g__Anaerotruncus;s__Anaerotruncus_colihominis	k__Bacteria;p__Firmicutes;c__Clostridia;o__Clostridiales;f__Lachnospiraceae;g__Blautia;s__Blautia_obeum	k__Bacteria;p__Bacteroidetes;c__Bacteroidia;o__Bacteroidales;f__Odoribacteraceae;g__Odoribacter;s__Odoribacter_laneus	k__Bacteria;p__Firmicutes;c__Clostridia;o__Clostridiales;f__Ruminococcaceae;g__Ruminiclostridium;s__[Clostridium]_leptum	k__Bacteria;p__Bacteroidetes;c__Bacteroidia;o__Bacteroidales;f__Porphyromonadaceae;g__Parabacteroides;s__Parabacteroides_goldsteinii	k__Bacteria;p__Firmicutes;c__Clostridia;o__Clostridiales;f__Lachnospiraceae;g__Anaerostipes;s__Anaerostipes_hadrus	k__Bacteria;p__Firmicutes;c__Clostridia;o__Clostridiales;f__Ruminococcaceae;g__Ruminococcus;s__Ruminococcus_lactaris	k__Bacteria;p__Firmicutes;c__Clostridia;o__Clostridiales;f__Clostridiaceae;g__Clostridium;s__Clostridium_sp._L2-50	k__Bacteria;p__Firmicutes;c__Clostridia;o__Clostridiales;f__Clostridiaceae;g__Clostridium;s__Clostridium_sp._M62/1	k__Bacteria;p__Firmicutes;c__Clostridia;o__Clostridiales;f__;g__Intestinimonas;s__Intestinimonas_butyriciproducens	k__Bacteria;p__Actinobacteria;c__Actinobacteria;o__Bifidobacteriales;f__Bifidobacteriaceae;g__Bifidobacterium;s__Bifidobacterium_bifidum	k__Bacteria;p__Firmicutes;c__Negativicutes;o__Veillonellales;f__Veillonellaceae;g__Dialister;s__Dialister_invisus	k__Bacteria;p__Bacteroidetes;c__Bacteroidia;o__Bacteroidales;f__Bacteroidaceae;g__Bacteroides;s__Bacteroides_salanitronis
k__Bacteria;p__Bacteroidetes;c__Bacteroidia;o__Bacteroidales;f__Bacteroidaceae;g__Bacteroides;s__Bacteroides_vulgatus	1.0	0.00978997428109	-0.0486298840525	-0.0326168139552	-0.0351663378426	-0.0606021151799	-0.0125471561433	0.027469628011	-0.0583115204148	0.0999236484847	0.0389503576307	-0.00819490895976	0.0381818025737	0.0293965355898	0.00763021159497	-0.0525026030682	-0.0526393956235	-0.00665517436171	0.0551796565145	0.0199748679558	-0.0363770239734	-0.038619527034	0.00936678981325	-0.037401650193	-0.0243303424795	-0.040252113892	-0.0419085671221	0.000981916075804	0.00881016269993	0.0318802743436	0.0321432915138	-0.0330374937224	0.0353275900743	0.0262691933294	0.0471073394304	0.0755106264678	-0.0429820570625	-0.0389301361039	0.00592502319913	-0.0549870409406	-0.020141433478	-0.0599216483572	-0.0273357955322	0.00789639115897	8.92775578921e-05	-0.0440531764601	0.0402994448973	0.0312829505888	0.0416938459581	0.0249465470372	-0.00895590878055	-0.0597054468753	0.0440854024187	-0.0261510782871	-0.0127930806692	0.0102253557772	0.0502477753059	0.00154181738941	-0.00453955201673
k__Bacteria;p__Bacteroidetes;c__Bacteroidia;o__Bacteroidales;f__Bacteroidaceae;g__Bacteroides;s__Bacteroides_uniformis	0.00978997428109	1.0	-0.000997954408428	0.0125977196711	-0.0476784346389	0.00779596792899	0.026928000737	-0.0106042765753	-0.0197911284589	-0.0367416035558	-0.0293568289068	0.0869603103215	0.00786600541754	0.0242836803675	-0.0493597732303	0.015894029877	-0.0295667987793	0.000877269567462	-0.0385601166392	-0.049400642077	0.0358549589852	-0.00347124507788	-0.0552580647872	-0.0768555025644	-0.00307734054173	-0.0175844192346	0.015276337933	0.0430344732795	0.0210763608366	-0.0121998167478	-0.0343413696645	-0.00507018305849	0.000715722754055	-0.0241788643506	-0.0128029626617	0.0116070038172	0.0264543122754	-0.0186578427398	-0.0215894191279	0.0370089975205	0.003547310168	-0.00229015428704	0.00385618834845	-0.0393592438669	-0.000619589881397	-0.02230713809	-0.019451753489	-0.0231617427716	-0.0157416403603	-0.0174526878893	0.00345442052178	-0.0471455307398	0.0249227421939	0.00180560307845	0.0251087109301	0.0351007983517	-0.0511976056345	-0.0277438115298	-0.0533835765157
k__Bacteria;p__Bacteroidetes;c__Bacteroidia;o__Bacteroidales;f__Rikenellaceae;g__Alistipes;s__Alistipes_putredinis	-0.0486298840525	-0.000997954408428	1.0	0.0105142127272	-0.0323030261739	-0.0275066216773	-0.0330293714378	-0.0339957233199	-0.0590231824672	0.00665732080674	-0.0114573406773	-0.0156007333109	0.0307324180598	-0.0139637663431	0.0277625856553	-0.020144355869	-0.00248710816493	-0.00520629528174	0.0169564455124	0.00245069550221	-0.011270863273	0.0418508676198	-0.00531520851765	0.0583427069472	0.0298164363458	0.00315059580477	-0.00945023255056	-0.0320044450316	-0.0562021306062	0.0558824752512	-0.0876390830952	-0.0291190880639	-0.0557991582824	-0.0674435196644	-0.0188600373136	-0.0174933170803	-0.0388802501086	-0.055457918669	-0.0210607225391	0.034952447302	0.0388938204208	0.0215886519458	0.0310663846292	0.0266264161518	-0.0289943322531	-0.0295350878995	0.0310925895317	0.000231469678949	-0.0544605454411	-0.0195505471493	-0.0747818886656	0.000138360261625	-0.0308485795976	0.000279838129399	0.0124731355738	-0.0633663840757	0.0082604189901	-0.00454839489933	-0.0186843575975
k__Bacteria;p__Bacteroidetes;c__Bacteroidia;o__Bacteroidales;f__Prevotellaceae;g__Prevotella;s__Prevotella_copri	-0.0326168139552	0.0125977196711	0.0105142127272	1.0	-0.0632219384734	0.0111934508761	0.018676658766	0.00580630666969	-0.0109624882254	-0.00272047446974	-0.0681533159409	-0.0411215658432	-0.0205463954044	0.0546805806135	-0.0716109510619	-0.0477769393814	-0.00573185713405	0.00687490823185	-0.00801924116722	-0.0279774071124	0.0109858019626	-0.0762953095711	-0.0123141076038	0.00317206499956	-0.0577213162729	0.0272652132982	-0.0315842263294	-0.0158738636176	-0.0160359935252	-0.0487514794351	-0.0146034226524	-0.00785930502042	-0.0234274707525	-0.00533956401559	-0.0129769682126	-0.0108337380862	0.0136923044179	-0.0201354951589	0.0283949722261	0.0754298925233	0.0481301496225	0.127646721397	-0.00582213139971	-0.0245901425315	0.0483364179778	-0.00130655136561	0.0614356835664	-0.042032058951	0.0709702764705	-0.0171521926433	-0.0107464313891	-0.0308656292511	0.0111001693188	-0.0354855132762	0.00472254837807	-0.0504496250525	0.0849170141077	-0.0323936951214	-0.00757719957853
k__Bacteria;p__Bacteroidetes;c__Bacteroidia;o__Bacteroidales;f__Bacteroidaceae;g__Bacteroides;s__Bacteroides_stercoris	-0.0351663378426	-0.0476784346389	-0.0323030261739	-0.0632219384734	1.0	0.00246375472093	-0.0038835732448	0.0285135217719	-0.000391082745829	-0.0514356750611	0.0295434354983	0.0170270242118	-0.061309955821	-0.0351030525285	0.024978314735	0.0147854132735	-0.0171136076567	0.0334102297077	-0.00112213023051	0.00462284973287	-0.0781457010204	0.0578544317629	-0.020296323008	-0.0349148602554	-0.00419088139553	-0.00274716138354	0.0119512097683	0.0189953077357	-0.00120418203919	-0.0195736781185	0.0466103000959	-0.0387512718832	0.0062872377832	-0.0652827056174	-0.0413800494402	-0.00132957092458	0.00918373574682	-0.0160367662233	-0.0405502928556	0.0174581207308	0.0205390151166	0.0319595020704	-0.0166509414633	0.0508124324703	-0.0113430306429	-0.0103576491973	-0.0296209504225	0.0115922782753	-0.00864323114253	-0.00180994509806	-0.00969203575741	0.0519579581102	0.0241893158226	-0.0261032476604	0.0202485983875	-0.0533752530725	0.00808534432774	0.0271674639752	-0.0395158386299
k__Bacteria;p__Bacteroidetes;c__Bacteroidia;o__Bacteroidales;f__Bacteroidaceae;g__Bacteroides;s__Bacteroides_ovatus	-0.0606021151799	0.00779596792899	-0.0275066216773	0.0111934508761	0.00246375472093	1.0	0.0103131025953	-0.0106337408714	-0.00648331306888	-0.042280698648	0.0305279331774	-0.0265452693824	-0.014131908348	0.0367853322738	-0.0453158950601	-0.0383377202826	0.00538726984301	-0.00333666183592	-0.00545402508406	0.00098095357235	-0.0336428332604	0.0206752684298	0.00782138783713	-0.0461642820681	-0.00110532374754	-0.0301203446507	-0.0342846495892	0.0375669049587	0.0183442512753	-0.0205756116727	0.0214917744806	-0.0686494654651	-0.0476091284324	-0.0306618869577	-0.000309289730231	-0.0161890711227	0.0190576624222	-0.0208026354524	-0.0191894242146	-0.00859831789911	-0.0191957496054	0.0320178355311	-0.0363400924896	-0.0302275287544	-0.0391235427217	0.00839783286345	-0.0284682423664	-0.0268462578525	0.0522135459131	-0.0736544809919	-0.05309084261	0.000787980034425	0.0360600785142	-0.0379114060658	0.00281080237808	-0.014357276504	0.0301685147028	-0.042284200388	-0.0347979214764
k__Bacteria;p__Bacteroidetes;c__Bacteroidia;o__Bacteroidales;f__Rikenellaceae;g__Alistipes;s__Alistipes_shahii	-0.0125471561433	0.026928000737	-0.0330293714378	0.018676658766	-0.0038835732448	0.0103131025953	1.0	0.0298345851215	-0.00334372694071	-0.00879195577275	0.00597927067541	-0.000654141575376	0.00669824420218	0.0152399503523	0.00952523144514	-0.0159438646461	-0.0213918863893	-0.0149356244927	-0.00542468377783	0.0023804507232	-0.0195674071459	0.0799335808476	0.0252272826308	0.000163287802049	0.0271674783889	0.000626452459254	-0.010911306634	-0.0543612249923	-0.0411159299093	0.035775647367	0.0253464084597	0.000779469893151	0.00885011914506	-0.0118558848008	-0.0309983512085	-0.0257624624314	-0.0201073599253	-0.00928346610959	0.00854715934313	0.00623997243741	-0.0221319848602	0.0287810530104	-0.066434260528	-0.0156923558991	0.0202998330007	-0.00296292030836	-0.0148656930773	-0.00212283791567	-0.045295024723	-0.071191975084	-0.0410759781183	-0.0151755479921	-0.0520918173945	0.0347873890298	-0.00865931834966	-0.0271818780002	0.0417652489692	-0.0594472277807	0.00114892544834
k__Bacteria;p__Firmicutes;c__Clostridia;o__Clostridiales;f__Ruminococcaceae;g__Faecalibacterium;s__Faecalibacterium_prausnitzii	0.027469628011	-0.0106042765753	-0.0339957233199	0.00580630666969	0.0285135217719	-0.0106337408714	0.0298345851215	1.0	0.0520782509228	-0.00454037325148	-0.0757847640101	-0.0308951149842	-0.0105112145855	0.016986242746	0.00909746528807	-0.0147816501183	0.0114581284201	-0.0254572415488	-0.0151131378957	-0.0376778062266	-0.0541250459305	-0.0190788676992	-0.0433222532737	-0.0280924770722	0.0416794995355	-0.029714637732	-0.00460694950307	-0.000239489829506	0.0244382667233	-0.00666586437349	-0.0288296978895	0.0061507571897	0.00748930022246	-0.0556616975386	-0.0402661593706	-0.0489211611601	0.0137495136388	-0.0718751886142	0.0401358828341	-0.000958033057118	0.0437058666316	-0.0296000326482	0.0252658702136	0.0115176975776	0.0632022592585	-0.0249163916181	-0.0221392606705	0.0138079809524	-0.0149544644799	-0.0318811981211	0.0471500254686	0.00481102706645	0.0785689457008	-0.00663530507949	0.00146980798071	-0.00269096834136	-0.0058192063759	-0.00125974620766	-0.0632923102782
k__Bacteria;p__Bacteroidetes;c__Bacteroidia;o__Bacteroidales;f__Rikenellaceae;g__Alistipes;s__Alistipes_finegoldii	-0.0583115204148	-0.0197911284589	-0.0590231824672	-0.0109624882254	-0.000391082745829	-0.00648331306888	-0.00334372694071	0.0520782509228	1.0	-0.0232073421257	-0.0393635993021	-0.0407021581364	-0.0457688384434	0.0110030691665	-0.0132483363241	-0.0289868648393	-0.0579426753414	-0.0013857452441	-0.0109798234149	-0.03722252	0.00911444422205	0.0198114353088	0.0332708474133	0.0117440945548	-0.0143545887489	0.0402884558955	-0.0398966120542	-0.0291777060934	0.0175639653159	-0.00822810579614	-0.0307937049354	0.0423026218512	0.00307981275957	-0.0256555629837	0.0475457897639	0.0232078805161	0.00513996953832	0.0162277807484	0.000563192291232	0.019719253782	0.017909745096	-0.0212222675798	0.0273022739547	-0.0566308399719	-0.0690975857786	0.0128368380585	-0.0141350573865	0.0266795571294	0.0167073074526	0.00252548059592	0.0409506362272	0.0105223389948	-0.0351478486014	-0.0498841303967	-0.0172860891084	-0.0555003355666	-0.0159504213234	-0.011934650447	0.0386578986751
k__Bacteria;p__Bacteroidetes;c__Bacteroidia;o__Bacteroidales;f__Porphyromonadaceae;g__Parabacteroides;s__Parabacteroides_distasonis	0.0999236484847	-0.0367416035558	0.00665732080674	-0.00272047446974	-0.0514356750611	-0.042280698648	-0.00879195577275	-0.00454037325148	-0.0232073421257	1.0	0.00976956226968	-0.0178792780268	0.0128329917154	0.0599207787298	0.0391458565661	0.01585640864	0.0249670189667	-0.0281570290052	0.012237163196	0.0524738150896	0.0432539856623	0.0303835468397	-0.0540455998718	0.0820952020734	0.0238964860198	-0.0183831571081	-0.0161733156147	-0.0277610657652	-0.0149479416321	0.033309314401	0.000584055135577	-0.0320741122687	0.00183951330741	0.00714594078002	-0.0106791652048	-0.0583812458686	-0.0191478996653	-0.0789801569537	0.0123917890126	0.0367098505715	-0.0421198383029	0.0114092398933	-0.00556512152402	0.0311890211688	0.0269955079273	-0.0173208763132	-0.0274687060053	0.0232042275529	-0.0291941441617	-0.00915390953321	0.00651248995968	-0.0203486336786	-0.00542441933951	-0.0351720064949	-0.0245204189566	-0.0130808540827	0.00767975649795	-0.00546811697864	0.0409775281655
k__Bacteria;p__Bacteroidetes;c__Bacteroidia;o__Bacteroidales;f__Bacteroidaceae;g__Bacteroides;s__Bacteroides_thetaiotaomicron	0.0389503576307	-0.0293568289068	-0.0114573406773	-0.0681533159409	0.0295434354983	0.0305279331774	0.00597927067541	-0.0757847640101	-0.0393635993021	0.00976956226968	1.0	0.0203935438963	-0.02576447745	-0.0170264007549	-0.044007725877	-0.00926664857382	0.0243286808963	0.0504064961502	0.021222175991	-0.00412267350139	0.0032474692375	-0.0328477952255	0.00677374362361	0.0146805125618	0.0544109770027	-0.0101084024719	-0.0839678928521	0.00874079731736	0.00185414722676	-0.0177867350958	-0.0495824384435	0.00817581222884	0.062685224913	-0.00194232550712	0.00855403623483	0.0459961837726	-0.0355504292091	-0.0571245842745	-0.0285891836396	0.0759787526868	-0.0203562860932	-0.0137120995421	0.0311105416312	-0.0425281949432	-0.0370477000454	0.0391562593612	-0.0327872250133	-0.0138320453762	-0.00867440756405	0.00333821615924	-0.104177552287	0.00993812745936	-0.0451454393808	0.03488880125	-0.102550712757	0.0405523788147	0.0254075161804	0.055091896524	0.010767338828
k__Bacteria;p__Bacteroidetes;c__Bacteroidia;o__Bacteroidales;f__Bacteroidaceae;g__Bacteroides;s__Bacteroides_coprocola	-0.00819490895976	0.0869603103215	-0.0156007333109	-0.0411215658432	0.0170270242118	-0.0265452693824	-0.000654141575376	-0.0308951149842	-0.0407021581364	-0.0178792780268	0.0203935438963	1.0	0.00461263827837	-0.0336053161335	-0.0258053039244	0.0365607455924	0.0135433733271	-0.0102179181129	0.0250351207767	-0.0734473454414	0.0395342837526	0.0132664181428	-0.0229188846511	-0.0754332100805	0.0146063371051	0.0425509378709	-0.0356461132428	0.0134994847942	0.0333982781542	0.00620657948539	-0.00799057176602	0.0085585468564	-0.0281575755483	0.020681520207	-0.0342054982301	-0.00864568981005	-0.0702013961495	0.0585722499284	0.0128590072118	0.010173430465	0.0461563793151	0.00320913123688	0.0199895918284	-0.0226162427174	0.0118532953064	-0.0270083119586	0.0595212416645	-0.00134100119941	0.0205142579595	-0.0440399455678	-0.0469045142162	-0.0393461277807	-0.0164923294436	0.0419883545595	0.00949936717102	0.0198384042526	0.00929823538984	-0.0538933057354	0.0148986842032
k__Bacteria;p__Bacteroidetes;c__Bacteroidia;o__Bacteroidales;f__Bacteroidaceae;g__Bacteroides;s__Bacteroides_cellulosilyticus	0.0381818025737	0.00786600541754	0.0307324180598	-0.0205463954044	-0.061309955821	-0.014131908348	0.00669824420218	-0.0105112145855	-0.0457688384434	0.0128329917154	-0.02576447745	0.00461263827837	1.0	0.0787295130486	-0.0205754015389	-0.0180543529865	-0.0730290649754	-0.0771970656068	0.00633997296849	-0.0177314655009	-0.0573943692018	-0.0210542675268	-0.000781922167775	-0.0611444200754	0.0407466154052	-0.00385929808233	-0.0290605419294	0.020301393008	-0.000512822584072	-0.0495234837543	0.0414450055941	-0.0103770429303	-0.027058537244	0.0281035745101	-0.00807949518863	-0.0152896061127	-0.0717947235142	-0.00405127121302	0.00881867564614	-0.075343220578	0.022353437804	0.0734404985593	0.0108065111502	0.0322807101219	-0.00439389082506	-0.0404589341575	0.0510864791739	-0.00860478338182	-0.0471987725269	0.00452852892061	-0.0372709859644	0.0659137733094	0.0189272555546	0.0514773854011	0.023055179645	-0.0529899592926	0.0130887459966	-0.0807652675892	-0.0328589553133
k__Bacteria;p__Bacteroidetes;c__Bacteroidia;o__Bacteroidales;f__Rikenellaceae;g__Alistipes;s__Alistipes_obesi	0.0293965355898	0.0242836803675	-0.0139637663431	0.0546805806135	-0.0351030525285	0.0367853322738	0.0152399503523	0.016986242746	0.0110030691665	0.0599207787298	-0.0170264007549	-0.0336053161335	0.0787295130486	1.0	-0.0410383882811	0.0139065308831	0.0446204774629	-0.0252094655479	0.0191831921088	-0.0130745374826	0.0115555268622	-0.0213491240814	0.0429127063918	-0.0971989130016	0.0350857899916	-0.0497444713646	-0.000568693656407	0.00949153522357	-0.0468728794196	-0.0556964943327	0.0468047530312	-0.0123045560379	0.0428355545199	0.014874129667	-0.0631273086994	0.0261534239707	0.0221497500345	-0.0401982916911	3.12848925154e-05	-0.0503492719261	0.0319509777422	0.0345357778541	0.0162987749707	-0.00351293414813	-0.0458660401867	-0.000543142668605	-0.0407765924053	-0.0186797194772	-0.0269276882136	-0.0173762539696	-0.0173478037933	-0.0175132003578	-0.0261663010091	0.0373310601129	-0.102933328445	0.00336276856033	-0.0209439705989	0.00701208032124	0.022930899508
k__Bacteria;p__Firmicutes;c__Clostridia;o__Clostridiales;f__Lachnospiraceae;g__;s__[Eubacterium]_rectale	0.00763021159497	-0.0493597732303	0.0277625856553	-0.0716109510619	0.024978314735	-0.0453158950601	0.00952523144514	0.00909746528807	-0.0132483363241	0.0391458565661	-0.044007725877	-0.0258053039244	-0.0205754015389	-0.0410383882811	1.0	-0.000384989659111	0.0565041671267	0.0224218032249	0.0512845069186	0.071753498693	-0.0309326207817	-0.0882811918746	0.0256055872177	-0.00626803838157	0.0160888130675	0.0117313435676	0.0171828349166	-0.0102938423601	0.0178220893568	-0.011329052083	-0.0382867629398	0.0712466888303	-0.034673859479	0.0111755024026	-0.0330831326134	-0.012983811903	0.000131667798994	0.0244764809296	0.0652048736118	-0.0132540802433	-0.00880602901328	-0.0262296237757	0.0152151864489	0.00578631283928	0.0458069318419	-0.0282008077011	0.0153541278386	0.000987150915619	-0.0425583782045	0.00681137763251	-0.0256672711323	-0.0529054542115	-0.0107265423406	-0.0199945485459	-0.0312886403446	-0.0512019688268	0.0112604031452	0.0363559187239	-0.0442478799589
k__Bacteria;p__Bacteroidetes;c__Bacteroidia;o__Bacteroidales;f__Bacteroidaceae;g__Bacteroides;s__Bacteroides_plebeius	-0.0525026030682	0.015894029877	-0.020144355869	-0.0477769393814	0.0147854132735	-0.0383377202826	-0.0159438646461	-0.0147816501183	-0.0289868648393	0.01585640864	-0.00926664857382	0.0365607455924	-0.0180543529865	0.0139065308831	-0.000384989659111	1.0	0.0148607463862	0.0245375082736	0.059413567569	-0.0312479158116	-0.00270128112247	0.00173001999245	-0.00719182197038	-0.0528836795601	-0.0164997384568	-0.0212257492487	-0.00329424464075	-0.00971148143349	-0.00871719039065	-0.0417209797087	-0.00366713595256	-0.00455401473333	0.0276582972513	-0.0197550732481	0.0046765680777	0.0223364631466	0.0357950776545	0.0168637149563	-0.00572857926978	0.0265140723671	-0.0474372670016	-0.00974499431177	0.000255666275689	-0.0330298429422	-0.027757465373	0.0298884239691	0.0222763580328	0.0433073874124	-0.0399566830922	0.00154315893129	-0.0118399393135	-0.0184879736891	-0.00747261231929	-0.0223080680314	-0.0410512905378	0.0358403173605	0.024335258844	-0.0677518461908	-0.0350801411904
k__Bacteria;p__Bacteroidetes;c__Bacteroidia;o__Bacteroidales;f__Bacteroidaceae;g__Bacteroides;s__Bacteroides_fragilis	-0.0526393956235	-0.0295667987793	-0.00248710816493	-0.00573185713405	-0.0171136076567	0.00538726984301	-0.0213918863893	0.0114581284201	-0.0579426753414	0.0249670189667	0.0243286808963	0.0135433733271	-0.0730290649754	0.0446204774629	0.0565041671267	0.0148607463862	1.0	-0.0760731830443	-0.0291356748334	-0.0115586223585	0.0033203697645	-0.00906954602424	-0.0164741249426	0.0905546365081	-0.0223657566387	0.0105246617784	-0.00366639177673	0.0262986916798	-0.0123388734396	0.00979268835152	-0.0325391263085	-0.0102136844663	0.0277031674625	0.0050440289132	0.0129838541015	-0.00907681959298	-0.0291383111922	0.03879855131	-0.00668526092768	-0.088264255879	0.0120027143306	0.0258664128512	0.00260542371228	-0.0492916046519	0.0420689837053	-0.0101405200874	-0.00560385080665	-0.0655594029901	-0.016288214698	0.0162824203003	0.000398072275268	-0.0249189728667	0.0813801917293	-0.0241311282057	-0.0126244886879	-0.00844888748389	-0.0255655847193	0.0390204519897	-0.0245207479214
k__Bacteria;p__Proteobacteria;c__Betaproteobacteria;o__Burkholderiales;f__Sutterellaceae;g__Sutterella;s__Sutterella_wadsworthensis	-0.00665517436171	0.000877269567462	-0.00520629528174	0.00687490823185	0.0334102297077	-0.00333666183592	-0.0149356244927	-0.0254572415488	-0.0013857452441	-0.0281570290052	0.0504064961502	-0.0102179181129	-0.0771970656068	-0.0252094655479	0.0224218032249	0.0245375082736	-0.0760731830443	1.0	0.052302488671	0.00199957610327	0.0131473162035	-0.0233538143574	-0.0662524298654	-0.0369523439783	0.016806259546	-0.0064470058177	0.0408072960141	-0.0261797225827	-0.0609361243897	0.0386207329368	-0.00750327341853	0.0270108457508	-0.0163077094867	-0.0110156505357	0.0171724676756	0.0456245435273	0.0212354950084	-0.032578986265	-0.00130133992143	-0.0203571932742	-0.0834940700875	-0.00834173639396	-0.0114184924388	0.0239271225927	-0.0426010571749	-0.0397075699831	-0.0344054757669	-0.0247438451994	0.0932055022732	0.0128171526064	-0.00132239580733	-0.00967382236659	0.0163393479696	-0.0119276466076	-0.0580794444092	0.0183626334323	0.0343525347681	-0.00587275108158	-0.0306636586059
k__Bacteria;p__Bacteroidetes;c__Bacteroidia;o__Bacteroidales;f__Porphyromonadaceae;g__Barnesiella;s__Barnesiella_intestinihominis	0.0551796565145	-0.0385601166392	0.0169564455124	-0.00801924116722	-0.00112213023051	-0.00545402508406	-0.00542468377783	-0.0151131378957	-0.0109798234149	0.012237163196	0.021222175991	0.0250351207767	0.00633997296849	0.0191831921088	0.0512845069186	0.059413567569	-0.0291356748334	0.052302488671	1.0	-0.0542626674881	-0.0193180162557	-0.0558396484909	0.0330335415025	-0.0454425780635	-0.00287689729515	-0.0544833546478	-0.029771447749	-0.000525022713466	-0.0218343127248	-0.00336657477895	-0.0467819418439	0.0495422503033	-0.0281874577712	0.0465044085213	-0.0378630166483	-0.0534937424214	-0.019133595923	0.0623035429989	0.0347396846217	0.0341715032704	-0.0218175707873	-0.0093588096811	-0.0375322158459	-0.00711679407548	0.0153663238911	0.0120761843651	-0.0778111103463	-0.0581595448562	-0.0117673559516	-0.0278589115914	0.0117820704346	0.00415202126619	-0.0146448714904	-0.0106589579402	0.0151756829376	-0.0433213366925	-0.0167779767518	-0.020662678798	-0.0436279695105
k__Bacteria;p__Bacteroidetes;c__Bacteroidia;o__Bacteroidales;f__Odoribacteraceae;g__Odoribacter;s__Odoribacter_splanchnicus	0.0199748679558	-0.049400642077	0.00245069550221	-0.0279774071124	0.00462284973287	0.00098095357235	0.0023804507232	-0.0376778062266	-0.03722252	0.0524738150896	-0.00412267350139	-0.0734473454414	-0.0177314655009	-0.0130745374826	0.071753498693	-0.0312479158116	-0.0115586223585	0.00199957610327	-0.0542626674881	1.0	0.0155899043889	0.0157511609693	-0.0383657957532	0.0254703349389	-0.0495717921935	-0.0392641594219	0.0652991490366	0.0342970222357	-0.0600888092041	0.00549817385309	-0.0427280392581	-0.0250944642349	0.0343282562649	0.0523548966798	0.0396377616296	-0.0350273619001	-0.0710801023205	0.0211349691137	0.0370834387335	-0.040177625789	0.0601187992807	0.0210147248449	0.0114634267638	0.0274840626956	-0.0328198615833	-0.024869844035	-0.0379221152695	-0.0302139245236	-0.0549573399061	-0.0705306257104	0.00619336012465	0.0262693807285	-0.00324987856002	-0.0153508403129	0.0165819818307	0.0292024825277	-0.00819886037423	0.0039061743855	0.0115435477694
k__Bacteria;p__Bacteroidetes;c__Bacteroidia;o__Bacteroidales;f__Bacteroidaceae;g__Bacteroides;s__Bacteroides_salyersiae	-0.0363770239734	0.0358549589852	-0.011270863273	0.0109858019626	-0.0781457010204	-0.0336428332604	-0.0195674071459	-0.0541250459305	0.00911444422205	0.0432539856623	0.0032474692375	0.0395342837526	-0.0573943692018	0.0115555268622	-0.0309326207817	-0.00270128112247	0.0033203697645	0.0131473162035	-0.0193180162557	0.0155899043889	1.0	0.0178727767099	-0.0238045368802	-0.0423171168796	-0.0224485147221	0.0245568585453	-0.0258832285232	-0.0219757021701	-0.012827024234	-0.00406568477236	-0.0322316101334	-0.0293058611262	0.0350097282145	-0.0291412334732	0.0500222703868	-0.0170755104552	0.0254359309641	0.0177143935786	-0.0902018520389	-0.0200473960948	0.0256309737989	-0.0177315355849	-0.0153296874519	-0.0368794711898	-0.0387438069679	-0.0515926263206	-0.0123584310234	-0.00649110972153	-0.0259588073202	-0.0265788241081	-0.0173249774348	0.0662082160029	0.00854230432707	0.0225481322714	-0.0418052652828	-0.0145939353599	0.0106375897269	-0.0289452962977	-0.00725128891538
k__Bacteria;p__Firmicutes;c__Clostridia;o__Clostridiales;f__Ruminococcaceae;g__Ruminiclostridium;s__[Eubacterium]_siraeum	-0.038619527034	-0.00347124507788	0.0418508676198	-0.0762953095711	0.0578544317629	0.0206752684298	0.0799335808476	-0.0190788676992	0.0198114353088	0.0303835468397	-0.0328477952255	0.0132664181428	-0.0210542675268	-0.0213491240814	-0.0882811918746	0.00173001999245	-0.00906954602424	-0.0233538143574	-0.0558396484909	0.0157511609693	0.0178727767099	1.0	-0.0306070945305	0.0416587352363	0.0234922968804	0.0756378724798	0.0838958029008	-0.026849497386	-0.0140963737434	-0.0439939039313	-0.0243124974491	-0.0516048140057	0.00755237273679	-0.000385799083437	-0.0273936161858	-0.0288130861653	-0.0148197813071	-0.0551630311578	0.0173300729477	0.00205306795255	0.0495001544955	0.00516794623193	0.00655722661232	0.0164946048855	-0.033714814055	0.0397434883952	-0.0689483199502	0.00260330458713	0.0445357104885	-0.0578584460011	-0.0314287939714	-0.0139626386261	-0.0210292700886	-0.0226599204455	0.0097524288086	0.0572922713084	-0.0902081010689	-0.0650128332317	-0.021084515376
k__Bacteria;p__Proteobacteria;c__Betaproteobacteria;o__Burkholderiales;f__Sutterellaceae;g__Parasutterella;s__Parasutterella_excrementihominis	0.00936678981325	-0.0552580647872	-0.00531520851765	-0.0123141076038	-0.020296323008	0.00782138783713	0.0252272826308	-0.0433222532737	0.0332708474133	-0.0540455998718	0.00677374362361	-0.0229188846511	-0.000781922167775	0.0429127063918	0.0256055872177	-0.00719182197038	-0.0164741249426	-0.0662524298654	0.0330335415025	-0.0383657957532	-0.0238045368802	-0.0306070945305	1.0	0.0411874261034	0.0544893991682	-0.00406546780725	-0.0173870913246	0.0117346570573	0.0280932837276	-0.0430302950404	-0.0058747255054	0.0340407192325	-0.0552976658244	0.00293205564379	-0.0435831972412	-0.00834641560395	-0.0120599429967	-0.0282482960646	-0.0480757713727	-0.0144764500557	-0.0273824612536	-0.0310450251591	-0.05106995478	0.0251449007158	-0.0485367531341	-0.0462514985593	0.028115226136	0.00784269943039	-0.0648789254804	0.00509275304671	-0.0399482422042	0.0315315003627	-0.01458039073	-0.0158387324933	-0.0258377011691	-0.0432803327951	0.00681571576597	0.044149626464	0.0491482217194
k__Bacteria;p__Actinobacteria;c__Actinobacteria;o__Bifidobacteriales;f__Bifidobacteriaceae;g__Bifidobacterium;s__Bifidobacterium_adolescentis	-0.037401650193	-0.0768555025644	0.0583427069472	0.00317206499956	-0.0349148602554	-0.0461642820681	0.000163287802049	-0.0280924770722	0.0117440945548	0.0820952020734	0.0146805125618	-0.0754332100805	-0.0611444200754	-0.0971989130016	-0.00626803838156	-0.0528836795601	0.0905546365081	-0.0369523439783	-0.0454425780635	0.0254703349389	-0.0423171168796	0.0416587352363	0.0411874261034	1.0	-0.00615743872908	-0.0426229069342	-0.00214161838573	0.0292064131591	-0.0277530589546	0.05711263731	-0.0252900764195	-0.00448803873323	0.0205320539761	0.0359525631611	0.0471921854568	0.0192843409092	-0.053711654262	0.0327532634513	-0.00498908473945	0.0284613359909	-0.0568883402308	-0.0331356872104	0.00866705132073	0.0129228733665	0.0316287135231	-0.066127952063	-0.0475532723941	0.0211034044127	0.0193528010814	0.0362026338512	-0.0112142995848	0.0116725270214	0.00552673682149	-0.0249589778523	-0.0342284086486	-0.00560413171083	-0.0379462870722	-0.00336523140896	-0.0521089508577
k__Bacteria;p__Firmicutes;c__Clostridia;o__Clostridiales;f__Oscillospiraceae;g__Oscillibacter;s__Oscillibacter_sp._KLE_1745	-0.0243303424795	-0.00307734054173	0.0298164363458	-0.0577213162729	-0.00419088139553	-0.00110532374754	0.0271674783889	0.0416794995355	-0.0143545887489	0.0238964860198	0.0544109770027	0.0146063371051	0.0407466154052	0.0350857899916	0.0160888130675	-0.0164997384568	-0.0223657566387	0.016806259546	-0.00287689729515	-0.0495717921935	-0.0224485147221	0.0234922968804	0.0544893991682	-0.00615743872908	1.0	-0.00844296512507	-0.0223601445677	-0.0201974690302	-0.0384005842508	0.0207878945873	-0.0437369297147	0.00831469550352	-0.00289684045792	0.0221403064943	-0.0467411299133	-0.0148287333964	-0.0250958896641	-0.0708501267809	-0.0225018400353	-0.0186908860441	0.0960137698731	-0.0240282264922	0.019072656872	-0.00334214830563	0.0307174513939	0.0206703769423	-0.0352585568575	0.053214455559	0.044660109362	-0.0346899140026	-0.0286937676435	0.00785734308369	-0.0582639128799	-0.0113133086704	0.033988217622	-0.104897508761	-0.0376499860566	-0.0355630457639	0.0423387391395
k__Bacteria;p__Bacteroidetes;c__Bacteroidia;o__Bacteroidales;f__Bacteroidaceae;g__Bacteroides;s__Bacteroides_coprophilus	-0.040252113892	-0.0175844192346	0.00315059580477	0.0272652132982	-0.00274716138354	-0.0301203446507	0.000626452459254	-0.029714637732	0.0402884558955	-0.0183831571081	-0.0101084024719	0.0425509378709	-0.00385929808233	-0.0497444713646	0.0117313435676	-0.0212257492487	0.0105246617784	-0.0064470058177	-0.0544833546478	-0.0392641594219	0.0245568585453	0.0756378724798	-0.00406546780725	-0.0426229069342	-0.00844296512507	1.0	0.03247467144	-0.0202106752789	-0.000939126732468	-0.0534479228114	0.0263332862407	-0.0121781510575	-0.00230048511419	0.0261747903512	0.0552545057426	0.0088034981248	0.00379898935533	-0.0433547150845	-0.0250480565878	0.00184398496485	0.0214453720821	-0.019896982884	-0.0096281538375	0.0060558168717	-0.00972012997014	-0.0131834346308	0.0079190453244	0.0692110138095	0.0290497157779	-0.0216730372231	0.0192573695388	-0.00177606027503	-0.013922296933	-0.00287872968874	-0.0135043191496	0.0271242826731	0.0149829119247	-0.0771066777682	-0.0543707671386
k__Bacteria;p__Firmicutes;c__Clostridia;o__Clostridiales;f__Lachnospiraceae;g__Roseburia;s__Roseburia_intestinalis	-0.0419085671221	0.015276337933	-0.00945023255056	-0.0315842263294	0.0119512097683	-0.0342846495892	-0.010911306634	-0.00460694950307	-0.0398966120542	-0.0161733156147	-0.0839678928521	-0.0356461132428	-0.0290605419294	-0.000568693656407	0.0171828349166	-0.00329424464075	-0.00366639177673	0.0408072960141	-0.029771447749	0.0652991490366	-0.0258832285232	0.0838958029008	-0.0173870913246	-0.00214161838573	-0.0223601445677	0.03247467144	1.0	-0.0322130432547	0.017472076668	0.0370102988481	-0.0172273257435	0.0090199603025	0.0178091856595	0.0029172768504	-0.0301162931309	-0.0122177140791	0.0552931321712	0.00789591434047	-0.0409139077791	-0.0990115364891	-0.00732894693706	-0.0198296322074	-0.00687710040993	0.0173793392678	-0.0476073474948	0.0171365556145	-0.0100397249145	0.0271298490613	-0.0785397367221	-0.0236103637343	-0.000200631786664	-0.00488745270161	0.020491786023	-0.0135313487357	-0.0210136145492	-0.0335850806052	-0.0298446506913	-0.00551122407822	-0.0655469848296
k__Bacteria;p__Firmicutes;c__Clostridia;o__Clostridiales;f__Lachnospiraceae;g__Roseburia;s__Roseburia_hominis	0.000981916075804	0.0430344732795	-0.0320044450316	-0.0158738636176	0.0189953077357	0.0375669049587	-0.0543612249923	-0.000239489829506	-0.0291777060934	-0.0277610657652	0.00874079731736	0.0134994847942	0.020301393008	0.00949153522357	-0.0102938423601	-0.00971148143349	0.0262986916798	-0.0261797225827	-0.000525022713466	0.0342970222357	-0.0219757021701	-0.026849497386	0.0117346570573	0.0292064131591	-0.0201974690302	-0.0202106752789	-0.0322130432547	1.0	-0.022290605917	0.0826910085395	-0.01157236511	0.0196452943323	-0.0134748887184	-0.00450855953346	0.0248328128275	-0.0214617790328	0.0030710771148	-0.0100140993691	-0.0560745186786	0.0344315059686	-0.0338847157524	0.0219041807666	-0.0407633486017	-0.0580107661152	-0.0206254840926	0.0592808098795	0.0300891399108	-0.0318515229663	-0.000316462889415	0.00761521487454	0.0490755320994	0.0111448626183	0.0488475067138	0.0222358489121	-0.0126446195471	-0.0427707327683	0.0397704286539	-0.0283130259223	0.0543248519055
k__Bacteria;p__Bacteroidetes;c__Bacteroidia;o__Bacteroidales;f__Porphyromonadaceae;g__Parabacteroides;s__Parabacteroides_johnsonii	0.00881016269993	0.0210763608366	-0.0562021306062	-0.0160359935252	-0.00120418203919	0.0183442512753	-0.0411159299093	0.0244382667233	0.0175639653159	-0.0149479416321	0.00185414722676	0.0333982781542	-0.000512822584072	-0.0468728794196	0.0178220893568	-0.00871719039065	-0.0123388734396	-0.0609361243897	-0.0218343127248	-0.0600888092041	-0.012827024234	-0.0140963737434	0.0280932837276	-0.0277530589546	-0.0384005842508	-0.000939126732468	0.017472076668	-0.022290605917	1.0	-0.0546717216488	0.0250731744492	0.0268974361075	0.0272452106064	-0.0330199122594	-0.0690867726605	0.000824304980172	5.30205863501e-05	0.0399280315455	-0.0722425982354	-0.0166679674221	-0.0114464131021	-0.00109109028662	-0.00676858052709	-0.0100881590363	-0.0249845328325	-0.0497683861968	-0.0486478747394	0.0333105349948	0.00999217270634	-0.0253748535448	-0.0694498928695	-0.0282159194942	-0.0101907805573	0.0292138424684	0.0268250299876	0.0125170632857	-0.0100045194654	0.0615086657131	-0.0429295518967
k__Bacteria;p__Actinobacteria;c__Actinobacteria;o__Bifidobacteriales;f__Bifidobacteriaceae;g__Bifidobacterium;s__Bifidobacterium_longum	0.0318802743436	-0.0121998167478	0.0558824752512	-0.0487514794351	-0.0195736781185	-0.0205756116727	0.035775647367	-0.00666586437349	-0.00822810579614	0.033309314401	-0.0177867350958	0.00620657948539	-0.0495234837543	-0.0556964943327	-0.011329052083	-0.0417209797087	0.00979268835152	0.0386207329368	-0.00336657477895	0.00549817385309	-0.00406568477236	-0.0439939039313	-0.0430302950404	0.05711263731	0.0207878945873	-0.0534479228114	0.0370102988481	0.0826910085395	-0.0546717216488	1.0	-0.00861942438788	-0.00303790139968	-0.0261807270368	-0.0363488117652	0.0162379659309	-0.0470773218461	0.009707892698	-0.0204149194831	0.0192687041279	-0.0373384087966	-0.0903161281353	0.0498715925524	0.0286330384062	-0.00553177790959	-0.00490430404544	-0.0496453320008	-0.0207046188327	-0.0686726750892	0.00560796406016	0.00271021765328	-0.00307786693901	0.0338101317758	-0.0268740744576	0.0149276309523	0.00919596709834	0.0369702277213	-0.0371042419764	-0.0380464206398	-0.0116815220508
